dep;jour;n_dose1;n_complet;n_cum_dose1;n_cum_complet;couv_dose1;couv_complet
01;2020-12-27;1;0;1;0;0.0;0.0
01;2020-12-28;0;0;1;0;0.0;0.0
01;2020-12-29;0;0;1;0;0.0;0.0
01;2020-12-30;0;0;1;0;0.0;0.0
01;2020-12-31;0;0;1;0;0.0;0.0
01;2021-01-01;2;0;3;0;0.0;0.0
01;2021-01-02;0;0;3;0;0.0;0.0
01;2021-01-03;0;0;3;0;0.0;0.0
01;2021-01-04;2;0;5;0;0.0;0.0
01;2021-01-05;2;0;7;0;0.0;0.0
01;2021-01-06;1;0;8;0;0.0;0.0
01;2021-01-07;67;0;75;0;0.0;0.0
01;2021-01-08;159;0;234;0;0.0;0.0
01;2021-01-09;2;1;236;1;0.0;0.0
01;2021-01-10;0;0;236;1;0.0;0.0
01;2021-01-11;148;0;384;1;0.1;0.0
01;2021-01-12;317;2;701;3;0.1;0.0
01;2021-01-13;444;1;1145;4;0.2;0.0
01;2021-01-14;529;3;1674;7;0.3;0.0
01;2021-01-15;397;3;2071;10;0.3;0.0
01;2021-01-16;202;0;2273;10;0.3;0.0
01;2021-01-17;128;0;2401;10;0.4;0.0
01;2021-01-18;378;1;2779;11;0.4;0.0
01;2021-01-19;1041;1;3820;12;0.6;0.0
01;2021-01-20;1262;2;5082;14;0.8;0.0
01;2021-01-21;1098;4;6180;18;0.9;0.0
01;2021-01-22;645;0;6825;18;1.0;0.0
01;2021-01-23;222;0;7047;18;1.1;0.0
01;2021-01-24;71;1;7118;19;1.1;0.0
01;2021-01-25;485;1;7603;20;1.2;0.0
01;2021-01-26;740;3;8343;23;1.3;0.0
01;2021-01-27;517;3;8860;26;1.3;0.0
01;2021-01-28;682;52;9542;78;1.5;0.0
01;2021-01-29;637;100;10179;178;1.5;0.0
01;2021-01-30;236;15;10415;193;1.6;0.0
01;2021-01-31;62;0;10477;193;1.6;0.0
01;2021-02-01;458;71;10935;264;1.7;0.0
01;2021-02-02;516;175;11451;439;1.7;0.1
01;2021-02-03;374;253;11825;692;1.8;0.1
01;2021-02-04;478;387;12303;1079;1.9;0.2
01;2021-02-05;441;259;12744;1338;1.9;0.2
01;2021-02-06;261;123;13005;1461;2.0;0.2
01;2021-02-07;2;97;13007;1558;2.0;0.2
01;2021-02-08;505;364;13512;1922;2.1;0.3
01;2021-02-09;775;803;14287;2725;2.2;0.4
01;2021-02-10;952;678;15239;3403;2.3;0.5
01;2021-02-11;791;726;16030;4129;2.4;0.6
01;2021-02-12;638;511;16668;4640;2.5;0.7
01;2021-02-13;161;114;16829;4754;2.6;0.7
01;2021-02-14;0;9;16829;4763;2.6;0.7
01;2021-02-15;437;400;17266;5163;2.6;0.8
01;2021-02-16;659;362;17925;5525;2.7;0.8
01;2021-02-17;520;237;18445;5762;2.8;0.9
01;2021-02-18;589;528;19034;6290;2.9;1.0
01;2021-02-19;580;215;19614;6505;3.0;1.0
01;2021-02-20;201;139;19815;6644;3.0;1.0
01;2021-02-21;0;1;19815;6645;3.0;1.0
01;2021-02-22;427;492;20242;7137;3.1;1.1
01;2021-02-23;482;465;20724;7602;3.2;1.2
01;2021-02-24;433;420;21157;8022;3.2;1.2
01;2021-02-25;827;571;21984;8593;3.3;1.3
01;2021-02-26;874;480;22858;9073;3.5;1.4
01;2021-02-27;480;106;23338;9179;3.6;1.4
01;2021-02-28;20;3;23358;9182;3.6;1.4
01;2021-03-01;630;427;23988;9609;3.7;1.5
01;2021-03-02;963;512;24951;10121;3.8;1.5
01;2021-03-03;939;641;25890;10762;3.9;1.6
01;2021-03-04;1199;612;27089;11374;4.1;1.7
01;2021-03-05;1354;465;28443;11839;4.3;1.8
01;2021-03-06;781;99;29224;11938;4.4;1.8
01;2021-03-07;43;1;29267;11939;4.5;1.8
01;2021-03-08;669;616;29936;12555;4.6;1.9
01;2021-03-09;1339;605;31275;13160;4.8;2.0
01;2021-03-10;1160;554;32435;13714;4.9;2.1
01;2021-03-11;1685;641;34120;14355;5.2;2.2
01;2021-03-12;2004;638;36124;14993;5.5;2.3
01;2021-03-13;1501;97;37625;15090;5.7;2.3
01;2021-03-14;132;59;37757;15149;5.7;2.3
01;2021-03-15;1157;398;38914;15547;5.9;2.4
01;2021-03-16;1012;564;39926;16111;6.1;2.5
01;2021-03-17;839;343;40765;16454;6.2;2.5
01;2021-03-18;1294;466;42059;16920;6.4;2.6
01;2021-03-19;1746;535;43805;17455;6.7;2.7
01;2021-03-20;1445;133;45250;17588;6.9;2.7
01;2021-03-21;97;11;45347;17599;6.9;2.7
01;2021-03-22;1575;489;46922;18088;7.1;2.8
01;2021-03-23;2197;646;49119;18734;7.5;2.9
01;2021-03-24;1615;412;50734;19146;7.7;2.9
01;2021-03-25;2910;633;53644;19779;8.2;3.0
01;2021-03-26;2872;614;56516;20393;8.6;3.1
01;2021-03-27;1311;161;57827;20554;8.8;3.1
01;2021-03-28;22;1;57849;20555;8.8;3.1
01;2021-03-29;1930;542;59779;21097;9.1;3.2
01;2021-03-30;2515;764;62294;21861;9.5;3.3
01;2021-03-31;1868;627;64162;22488;9.8;3.4
01;2021-04-01;2571;856;66733;23344;10.2;3.6
01;2021-04-02;2816;724;69549;24068;10.6;3.7
01;2021-04-03;1256;134;70805;24202;10.8;3.7
01;2021-04-04;2;0;70807;24202;10.8;3.7
01;2021-04-05;1261;65;72068;24267;11.0;3.7
01;2021-04-06;2822;793;74890;25060;11.4;3.8
01;2021-04-07;2740;707;77630;25767;11.8;3.9
01;2021-04-08;3242;995;80872;26762;12.3;4.1
01;2021-04-09;3988;1334;84860;28096;12.9;4.3
01;2021-04-10;1824;304;86684;28400;13.2;4.3
01;2021-04-11;44;22;86728;28422;13.2;4.3
01;2021-04-12;2717;1222;89445;29644;13.6;4.5
01;2021-04-13;2941;1322;92386;30966;14.1;4.7
01;2021-04-14;3127;1083;95513;32049;14.5;4.9
01;2021-04-15;3073;1476;98586;33525;15.0;5.1
01;2021-04-16;2861;1579;101447;35104;15.4;5.3
01;2021-04-17;1654;682;103101;35786;15.7;5.4
01;2021-04-18;13;0;103114;35786;15.7;5.4
01;2021-04-19;2040;1520;105154;37306;16.0;5.7
01;2021-04-20;2663;1572;107817;38878;16.4;5.9
01;2021-04-21;2686;1349;110503;40227;16.8;6.1
01;2021-04-22;2835;1532;113338;41759;17.3;6.4
01;2021-04-23;2764;1530;116102;43289;17.7;6.6
01;2021-04-24;1447;653;117549;43942;17.9;6.7
01;2021-04-25;9;0;117558;43942;17.9;6.7
01;2021-04-26;1970;1730;119528;45672;18.2;7.0
01;2021-04-27;2574;1556;122102;47228;18.6;7.2
01;2021-04-28;2500;1569;124602;48797;19.0;7.4
01;2021-04-29;2715;1772;127317;50569;19.4;7.7
01;2021-04-30;2983;2245;130300;52814;19.8;8.0
01;2021-05-01;1473;855;131773;53669;20.1;8.2
01;2021-05-02;546;76;132319;53745;20.1;8.2
01;2021-05-03;2294;2477;134613;56222;20.5;8.6
01;2021-05-04;2540;2635;137153;58857;20.9;9.0
01;2021-05-05;2528;2500;139681;61357;21.3;9.3
01;2021-05-06;2996;2529;142677;63886;21.7;9.7
01;2021-05-07;3218;2779;145895;66665;22.2;10.1
01;2021-05-08;1646;923;147541;67588;22.5;10.3
01;2021-05-09;1023;162;148564;67750;22.6;10.3
01;2021-05-10;2501;3066;151065;70816;23.0;10.8
01;2021-05-11;3581;3063;154646;73879;23.5;11.2
01;2021-05-12;3651;3003;158297;76882;24.1;11.7
01;2021-05-13;4087;1501;162384;78383;24.7;11.9
01;2021-05-14;4270;2344;166654;80727;25.4;12.3
01;2021-05-15;3157;1435;169811;82162;25.8;12.5
01;2021-05-16;1413;150;171224;82312;26.1;12.5
01;2021-05-17;3446;2469;174670;84781;26.6;12.9
01;2021-05-18;4074;1959;178744;86740;27.2;13.2
01;2021-05-19;3974;1904;182718;88644;27.8;13.5
01;2021-05-20;4530;2018;187248;90662;28.5;13.8
01;2021-05-21;4621;2194;191869;92856;29.2;14.1
01;2021-05-22;3368;954;195237;93810;29.7;14.3
01;2021-05-23;834;83;196071;93893;29.8;14.3
01;2021-05-24;2765;500;198836;94393;30.3;14.4
01;2021-05-25;3558;2428;202394;96821;30.8;14.7
01;2021-05-26;3571;2247;205965;99068;31.4;15.1
01;2021-05-27;3854;2099;209819;101167;31.9;15.4
01;2021-05-28;3665;2636;213484;103803;32.5;15.8
01;2021-05-29;3060;1302;216544;105105;33.0;16.0
01;2021-05-30;613;88;217157;105193;33.1;16.0
01;2021-05-31;2405;2514;219562;107707;33.4;16.4
01;2021-06-01;2769;2587;222331;110294;33.8;16.8
01;2021-06-02;2882;2202;225213;112496;34.3;17.1
01;2021-06-03;3365;2437;228578;114933;34.8;17.5
01;2021-06-04;4500;3373;233078;118306;35.5;18.0
01;2021-06-05;3253;1732;236331;120038;36.0;18.3
01;2021-06-06;670;78;237001;120116;36.1;18.3
01;2021-06-07;3389;2874;240390;122990;36.6;18.7
01;2021-06-08;3650;2719;244040;125709;37.1;19.1
01;2021-06-09;2949;2638;246989;128347;37.6;19.5
01;2021-06-10;2767;2044;249756;130391;38.0;19.8
01;2021-06-11;3071;3365;252827;133756;38.5;20.4
01;2021-06-12;2404;2200;255231;135956;38.9;20.7
01;2021-06-13;200;479;255431;136435;38.9;20.8
01;2021-06-14;2122;3166;257553;139601;39.2;21.2
01;2021-06-15;2004;3369;259557;142970;39.5;21.8
01;2021-06-16;2180;3291;261737;146261;39.8;22.3
01;2021-06-17;1958;3175;263695;149436;40.1;22.7
01;2021-06-18;2645;4165;266340;153601;40.5;23.4
01;2021-06-19;1728;2559;268068;156160;40.8;23.8
01;2021-06-20;159;498;268227;156658;40.8;23.8
01;2021-06-21;1800;3704;270027;160362;41.1;24.4
01;2021-06-22;1550;4001;271577;164363;41.3;25.0
01;2021-06-23;1584;3756;273161;168119;41.6;25.6
01;2021-06-24;1471;3567;274632;171686;41.8;26.1
01;2021-06-25;1889;4563;276521;176249;42.1;26.8
01;2021-06-26;1210;2946;277731;179195;42.3;27.3
01;2021-06-27;170;339;277901;179534;42.3;27.3
01;2021-06-28;1385;4025;279286;183559;42.5;27.9
01;2021-06-29;1412;3850;280698;187409;42.7;28.5
01;2021-06-30;1378;4159;282076;191568;42.9;29.2
01;2021-07-01;1432;4091;283508;195659;43.2;29.8
01;2021-07-02;1589;4987;285097;200646;43.4;30.5
01;2021-07-03;858;3378;285955;204024;43.5;31.1
01;2021-07-04;105;499;286060;204523;43.5;31.1
01;2021-07-05;1488;4084;287548;208607;43.8;31.8
01;2021-07-06;1105;4277;288653;212884;43.9;32.4
01;2021-07-07;1755;3698;290408;216582;44.2;33.0
01;2021-07-08;1473;3677;291881;220259;44.4;33.5
01;2021-07-09;1885;4362;293766;224621;44.7;34.2
01;2021-07-10;1120;3439;294886;228060;44.9;34.7
01;2021-07-11;105;418;294991;228478;44.9;34.8
01;2021-07-12;1422;3841;296413;232319;45.1;35.4
01;2021-07-13;2058;4117;298471;236436;45.4;36.0
01;2021-07-14;148;179;298619;236615;45.5;36.0
01;2021-07-15;3090;4191;301709;240806;45.9;36.7
01;2021-07-16;3746;4839;305455;245645;46.5;37.4
01;2021-07-17;2204;3049;307659;248694;46.8;37.9
01;2021-07-18;289;551;307948;249245;46.9;37.9
01;2021-07-19;2915;3870;310863;253115;47.3;38.5
01;2021-07-20;3299;3691;314162;256806;47.8;39.1
01;2021-07-21;3936;3562;318098;260368;48.4;39.6
01;2021-07-22;4219;3493;322317;263861;49.1;40.2
01;2021-07-23;3940;4218;326257;268079;49.7;40.8
01;2021-07-24;2732;2714;328989;270793;50.1;41.2
01;2021-07-25;61;59;329050;270852;50.1;41.2
01;2021-07-26;3349;3241;332399;274093;50.6;41.7
01;2021-07-27;4103;2791;336502;276884;51.2;42.1
01;2021-07-28;3987;2651;340489;279535;51.8;42.6
01;2021-07-29;4697;2438;345186;281973;52.5;42.9
01;2021-07-30;4453;3430;349639;285403;53.2;43.4
01;2021-07-31;3642;1778;353281;287181;53.8;43.7
01;2021-08-01;397;74;353678;287255;53.8;43.7
01;2021-08-02;3066;2454;356744;289709;54.3;44.1
01;2021-08-03;3069;2451;359813;292160;54.8;44.5
01;2021-08-04;2542;1735;362355;293895;55.2;44.7
01;2021-08-05;2242;2361;364597;296256;55.5;45.1
01;2021-08-06;2748;3112;367345;299368;55.9;45.6
01;2021-08-07;2069;1837;369414;301205;56.2;45.8
01;2021-08-08;245;261;369659;301466;56.3;45.9
01;2021-08-09;1133;2633;370792;304099;56.4;46.3
01;2021-08-10;1448;2417;372240;306516;56.7;46.7
01;2021-08-11;1467;2593;373707;309109;56.9;47.1
01;2021-08-12;1619;2825;375326;311934;57.1;47.5
01;2021-08-13;1809;2724;377135;314658;57.4;47.9
01;2021-08-14;1393;2234;378528;316892;57.6;48.2
01;2021-08-15;11;21;378539;316913;57.6;48.2
01;2021-08-16;978;3012;379517;319925;57.8;48.7
01;2021-08-17;1347;2759;380864;322684;58.0;49.1
01;2021-08-18;1250;2904;382114;325588;58.2;49.6
01;2021-08-19;1296;2422;383410;328010;58.4;49.9
01;2021-08-20;1449;3952;384859;331962;58.6;50.5
01;2021-08-21;880;2846;385739;334808;58.7;51.0
01;2021-08-22;19;20;385758;334828;58.7;51.0
01;2021-08-23;1113;3021;386871;337849;58.9;51.4
01;2021-08-24;1222;3147;388093;340996;59.1;51.9
01;2021-08-25;1121;2986;389214;343982;59.2;52.4
01;2021-08-26;1639;2733;390853;346715;59.5;52.8
01;2021-08-27;1635;3645;392488;350360;59.7;53.3
01;2021-08-28;1040;2589;393528;352949;59.9;53.7
01;2021-08-29;16;31;393544;352980;59.9;53.7
01;2021-08-30;1178;2729;394722;355709;60.1;54.1
01;2021-08-31;1088;1942;395810;357651;60.2;54.4
01;2021-09-01;908;1866;396718;359517;60.4;54.7
01;2021-09-02;797;1755;397515;361272;60.5;55.0
01;2021-09-03;1128;2394;398643;363666;60.7;55.4
01;2021-09-04;791;1999;399434;365665;60.8;55.7
01;2021-09-05;88;80;399522;365745;60.8;55.7
01;2021-09-06;647;1397;400169;367142;60.9;55.9
01;2021-09-07;565;1196;400734;368338;61.0;56.1
02;2020-12-27;0;0;0;0;0.0;0.0
02;2020-12-28;0;0;0;0;0.0;0.0
02;2020-12-29;0;0;0;0;0.0;0.0
02;2020-12-30;0;0;0;0;0.0;0.0
02;2020-12-31;0;0;0;0;0.0;0.0
02;2021-01-01;0;0;0;0;0.0;0.0
02;2021-01-02;0;0;0;0;0.0;0.0
02;2021-01-03;0;0;0;0;0.0;0.0
02;2021-01-04;0;0;0;0;0.0;0.0
02;2021-01-05;0;0;0;0;0.0;0.0
02;2021-01-06;22;0;22;0;0.0;0.0
02;2021-01-07;261;2;283;2;0.1;0.0
02;2021-01-08;489;3;772;5;0.1;0.0
02;2021-01-09;74;0;846;5;0.2;0.0
02;2021-01-10;49;0;895;5;0.2;0.0
02;2021-01-11;267;0;1162;5;0.2;0.0
02;2021-01-12;355;1;1517;6;0.3;0.0
02;2021-01-13;468;4;1985;10;0.4;0.0
02;2021-01-14;651;11;2636;21;0.5;0.0
02;2021-01-15;631;6;3267;27;0.6;0.0
02;2021-01-16;333;4;3600;31;0.7;0.0
02;2021-01-17;62;0;3662;31;0.7;0.0
02;2021-01-18;811;8;4473;39;0.9;0.0
02;2021-01-19;942;5;5415;44;1.0;0.0
02;2021-01-20;1430;5;6845;49;1.3;0.0
02;2021-01-21;2602;5;9447;54;1.8;0.0
02;2021-01-22;1421;5;10868;59;2.1;0.0
02;2021-01-23;291;1;11159;60;2.1;0.0
02;2021-01-24;67;0;11226;60;2.1;0.0
02;2021-01-25;432;8;11658;68;2.2;0.0
02;2021-01-26;704;14;12362;82;2.3;0.0
02;2021-01-27;161;2;12523;84;2.4;0.0
02;2021-01-28;69;233;12592;317;2.4;0.1
02;2021-01-29;119;404;12711;721;2.4;0.1
02;2021-01-30;4;13;12715;734;2.4;0.1
02;2021-01-31;0;10;12715;744;2.4;0.1
02;2021-02-01;11;203;12726;947;2.4;0.2
02;2021-02-02;45;317;12771;1264;2.4;0.2
02;2021-02-03;124;318;12895;1582;2.5;0.3
02;2021-02-04;227;335;13122;1917;2.5;0.4
02;2021-02-05;178;384;13300;2301;2.5;0.4
02;2021-02-06;66;164;13366;2465;2.5;0.5
02;2021-02-07;9;0;13375;2465;2.5;0.5
02;2021-02-08;305;407;13680;2872;2.6;0.5
02;2021-02-09;322;637;14002;3509;2.7;0.7
02;2021-02-10;485;994;14487;4503;2.8;0.9
02;2021-02-11;937;1820;15424;6323;2.9;1.2
02;2021-02-12;885;1058;16309;7381;3.1;1.4
02;2021-02-13;290;123;16599;7504;3.2;1.4
02;2021-02-14;1;5;16600;7509;3.2;1.4
02;2021-02-15;344;595;16944;8104;3.2;1.5
02;2021-02-16;413;492;17357;8596;3.3;1.6
02;2021-02-17;498;562;17855;9158;3.4;1.7
02;2021-02-18;507;395;18362;9553;3.5;1.8
02;2021-02-19;444;522;18806;10075;3.6;1.9
02;2021-02-20;372;213;19178;10288;3.6;2.0
02;2021-02-21;39;17;19217;10305;3.7;2.0
02;2021-02-22;377;287;19594;10592;3.7;2.0
02;2021-02-23;432;332;20026;10924;3.8;2.1
02;2021-02-24;600;137;20626;11061;3.9;2.1
02;2021-02-25;870;130;21496;11191;4.1;2.1
02;2021-02-26;808;72;22304;11263;4.2;2.1
02;2021-02-27;445;14;22749;11277;4.3;2.1
02;2021-02-28;55;2;22804;11279;4.3;2.1
02;2021-03-01;638;24;23442;11303;4.5;2.1
02;2021-03-02;1032;128;24474;11431;4.7;2.2
02;2021-03-03;754;205;25228;11636;4.8;2.2
02;2021-03-04;1162;633;26390;12269;5.0;2.3
02;2021-03-05;1049;506;27439;12775;5.2;2.4
02;2021-03-06;2139;95;29578;12870;5.6;2.4
02;2021-03-07;1505;49;31083;12919;5.9;2.5
02;2021-03-08;574;361;31657;13280;6.0;2.5
02;2021-03-09;998;399;32655;13679;6.2;2.6
02;2021-03-10;895;462;33550;14141;6.4;2.7
02;2021-03-11;1294;386;34844;14527;6.6;2.8
02;2021-03-12;1705;412;36549;14939;6.9;2.8
02;2021-03-13;2592;238;39141;15177;7.4;2.9
02;2021-03-14;1457;43;40598;15220;7.7;2.9
02;2021-03-15;612;452;41210;15672;7.8;3.0
02;2021-03-16;863;403;42073;16075;8.0;3.1
02;2021-03-17;759;443;42832;16518;8.1;3.1
02;2021-03-18;608;611;43440;17129;8.3;3.3
02;2021-03-19;1172;299;44612;17428;8.5;3.3
02;2021-03-20;2430;158;47042;17586;8.9;3.3
02;2021-03-21;1488;82;48530;17668;9.2;3.4
02;2021-03-22;762;493;49292;18161;9.4;3.5
02;2021-03-23;1194;544;50486;18705;9.6;3.6
02;2021-03-24;1582;501;52068;19206;9.9;3.7
02;2021-03-25;1694;594;53762;19800;10.2;3.8
02;2021-03-26;2412;493;56174;20293;10.7;3.9
02;2021-03-27;2495;135;58669;20428;11.2;3.9
02;2021-03-28;638;14;59307;20442;11.3;3.9
02;2021-03-29;1038;858;60345;21300;11.5;4.0
02;2021-03-30;1554;843;61899;22143;11.8;4.2
02;2021-03-31;1299;713;63198;22856;12.0;4.3
02;2021-04-01;1290;860;64488;23716;12.3;4.5
02;2021-04-02;1184;1229;65672;24945;12.5;4.7
02;2021-04-03;2647;851;68319;25796;13.0;4.9
02;2021-04-04;727;240;69046;26036;13.1;4.9
02;2021-04-05;1509;133;70555;26169;13.4;5.0
02;2021-04-06;1540;853;72095;27022;13.7;5.1
02;2021-04-07;1871;780;73966;27802;14.1;5.3
02;2021-04-08;1919;1107;75885;28909;14.4;5.5
02;2021-04-09;2433;1093;78318;30002;14.9;5.7
02;2021-04-10;2430;1211;80748;31213;15.3;5.9
02;2021-04-11;476;416;81224;31629;15.4;6.0
02;2021-04-12;1824;625;83048;32254;15.8;6.1
02;2021-04-13;1601;925;84649;33179;16.1;6.3
02;2021-04-14;2584;974;87233;34153;16.6;6.5
02;2021-04-15;2496;777;89729;34930;17.1;6.6
02;2021-04-16;2439;1130;92168;36060;17.5;6.9
02;2021-04-17;1890;2142;94058;38202;17.9;7.3
02;2021-04-18;270;812;94328;39014;17.9;7.4
02;2021-04-19;1158;633;95486;39647;18.2;7.5
02;2021-04-20;1676;765;97162;40412;18.5;7.7
02;2021-04-21;1550;993;98712;41405;18.8;7.9
02;2021-04-22;1748;704;100460;42109;19.1;8.0
02;2021-04-23;1930;1410;102390;43519;19.5;8.3
02;2021-04-24;1714;1642;104104;45161;19.8;8.6
02;2021-04-25;462;235;104566;45396;19.9;8.6
02;2021-04-26;1339;561;105905;45957;20.1;8.7
02;2021-04-27;1627;1094;107532;47051;20.4;8.9
02;2021-04-28;1592;1431;109124;48482;20.7;9.2
02;2021-04-29;1885;1171;111009;49653;21.1;9.4
02;2021-04-30;2716;1652;113725;51305;21.6;9.8
02;2021-05-01;1991;1231;115716;52536;22.0;10.0
02;2021-05-02;1982;420;117698;52956;22.4;10.1
02;2021-05-03;2225;984;119923;53940;22.8;10.3
02;2021-05-04;1523;1311;121446;55251;23.1;10.5
02;2021-05-05;2330;1842;123776;57093;23.5;10.9
02;2021-05-06;2123;1738;125899;58831;23.9;11.2
02;2021-05-07;2357;2173;128256;61004;24.4;11.6
02;2021-05-08;2920;950;131176;61954;24.9;11.8
02;2021-05-09;1822;422;132998;62376;25.3;11.9
02;2021-05-10;2375;1480;135373;63856;25.7;12.1
02;2021-05-11;2878;1576;138251;65432;26.3;12.4
02;2021-05-12;2675;1620;140926;67052;26.8;12.7
02;2021-05-13;2991;1038;143917;68090;27.4;12.9
02;2021-05-14;3382;1205;147299;69295;28.0;13.2
02;2021-05-15;4374;1087;151673;70382;28.8;13.4
02;2021-05-16;2797;213;154470;70595;29.4;13.4
02;2021-05-17;2147;664;156617;71259;29.8;13.5
02;2021-05-18;2635;973;159252;72232;30.3;13.7
02;2021-05-19;2852;999;162104;73231;30.8;13.9
02;2021-05-20;3554;1232;165658;74463;31.5;14.2
02;2021-05-21;3819;1071;169477;75534;32.2;14.4
02;2021-05-22;5847;968;175324;76502;33.3;14.5
02;2021-05-23;2659;239;177983;76741;33.8;14.6
02;2021-05-24;3542;541;181525;77282;34.5;14.7
02;2021-05-25;2260;1163;183785;78445;34.9;14.9
02;2021-05-26;3080;1498;186865;79943;35.5;15.2
02;2021-05-27;3651;1488;190516;81431;36.2;15.5
02;2021-05-28;3514;1579;194030;83010;36.9;15.8
02;2021-05-29;4081;1566;198111;84576;37.7;16.1
02;2021-05-30;1449;187;199560;84763;37.9;16.1
02;2021-05-31;2575;1192;202135;85955;38.4;16.3
02;2021-06-01;2870;1870;205005;87825;39.0;16.7
02;2021-06-02;3160;1651;208165;89476;39.6;17.0
02;2021-06-03;2857;1834;211022;91310;40.1;17.4
02;2021-06-04;3142;2060;214164;93370;40.7;17.7
02;2021-06-05;3441;1735;217605;95105;41.4;18.1
02;2021-06-06;1738;259;219343;95364;41.7;18.1
02;2021-06-07;1613;1500;220956;96864;42.0;18.4
02;2021-06-08;2063;1842;223019;98706;42.4;18.8
02;2021-06-09;2057;1647;225076;100353;42.8;19.1
02;2021-06-10;2013;1837;227089;102190;43.2;19.4
02;2021-06-11;2195;3070;229284;105260;43.6;20.0
02;2021-06-12;2312;2595;231596;107855;44.0;20.5
02;2021-06-13;684;1387;232280;109242;44.2;20.8
02;2021-06-14;1049;2393;233329;111635;44.4;21.2
02;2021-06-15;1519;2462;234848;114097;44.6;21.7
02;2021-06-16;1534;2750;236382;116847;44.9;22.2
02;2021-06-17;1782;2858;238164;119705;45.3;22.8
02;2021-06-18;2312;3573;240476;123278;45.7;23.4
02;2021-06-19;1841;3821;242317;127099;46.1;24.2
02;2021-06-20;644;1522;242961;128621;46.2;24.5
02;2021-06-21;807;3193;243768;131814;46.3;25.1
02;2021-06-22;1155;3668;244923;135482;46.6;25.8
02;2021-06-23;1227;3588;246150;139070;46.8;26.4
02;2021-06-24;1327;3149;247477;142219;47.0;27.0
02;2021-06-25;1400;4544;248877;146763;47.3;27.9
02;2021-06-26;1346;4228;250223;150991;47.6;28.7
02;2021-06-27;600;2334;250823;153325;47.7;29.1
02;2021-06-28;877;3021;251700;156346;47.8;29.7
02;2021-06-29;919;2929;252619;159275;48.0;30.3
02;2021-06-30;1510;3162;254129;162437;48.3;30.9
02;2021-07-01;1196;3592;255325;166029;48.5;31.6
02;2021-07-02;1360;5135;256685;171164;48.8;32.5
02;2021-07-03;998;5989;257683;177153;49.0;33.7
02;2021-07-04;509;2370;258192;179523;49.1;34.1
02;2021-07-05;661;3937;258853;183460;49.2;34.9
02;2021-07-06;674;3047;259527;186507;49.3;35.5
02;2021-07-07;1322;3724;260849;190231;49.6;36.2
02;2021-07-08;1394;3871;262243;194102;49.9;36.9
02;2021-07-09;1281;4216;263524;198318;50.1;37.7
02;2021-07-10;1332;4608;264856;202926;50.3;38.6
02;2021-07-11;481;1968;265337;204894;50.4;38.9
02;2021-07-12;1416;3729;266753;208623;50.7;39.7
02;2021-07-13;2067;3662;268820;212285;51.1;40.4
02;2021-07-14;1755;1600;270575;213885;51.4;40.7
02;2021-07-15;2725;3559;273300;217444;52.0;41.3
02;2021-07-16;3166;4220;276466;221664;52.6;42.1
02;2021-07-17;3562;4229;280028;225893;53.2;42.9
02;2021-07-18;2038;1614;282066;227507;53.6;43.2
02;2021-07-19;3440;3037;285506;230544;54.3;43.8
02;2021-07-20;3500;3300;289006;233844;54.9;44.5
02;2021-07-21;3910;2953;292916;236797;55.7;45.0
02;2021-07-22;3322;2805;296238;239602;56.3;45.5
02;2021-07-23;3207;3560;299445;243162;56.9;46.2
02;2021-07-24;4448;3722;303893;246884;57.8;46.9
02;2021-07-25;2192;1090;306085;247974;58.2;47.1
02;2021-07-26;3878;2250;309963;250224;58.9;47.6
02;2021-07-27;3662;2148;313625;252372;59.6;48.0
02;2021-07-28;3282;2096;316907;254468;60.2;48.4
02;2021-07-29;2583;2222;319490;256690;60.7;48.8
02;2021-07-30;3315;2307;322805;258997;61.4;49.2
02;2021-07-31;4185;2277;326990;261274;62.2;49.7
02;2021-08-01;1474;692;328464;261966;62.4;49.8
02;2021-08-02;2037;1600;330501;263566;62.8;50.1
02;2021-08-03;2534;1900;333035;265466;63.3;50.5
02;2021-08-04;2566;1707;335601;267173;63.8;50.8
02;2021-08-05;1849;2268;337450;269441;64.1;51.2
02;2021-08-06;2096;2743;339546;272184;64.5;51.7
02;2021-08-07;2520;2787;342066;274971;65.0;52.3
02;2021-08-08;1027;1571;343093;276542;65.2;52.6
02;2021-08-09;1898;2748;344991;279290;65.6;53.1
02;2021-08-10;1766;2460;346757;281750;65.9;53.6
02;2021-08-11;1481;2109;348238;283859;66.2;54.0
02;2021-08-12;1208;2334;349446;286193;66.4;54.4
02;2021-08-13;1610;2913;351056;289106;66.7;55.0
02;2021-08-14;1661;3695;352717;292801;67.1;55.7
02;2021-08-15;160;572;352877;293373;67.1;55.8
02;2021-08-16;1268;3759;354145;297132;67.3;56.5
02;2021-08-17;1416;2838;355561;299970;67.6;57.0
02;2021-08-18;1574;3182;357135;303152;67.9;57.6
02;2021-08-19;1134;3218;358269;306370;68.1;58.2
02;2021-08-20;1190;2947;359459;309317;68.3;58.8
02;2021-08-21;1442;4081;360901;313398;68.6;59.6
02;2021-08-22;406;1655;361307;315053;68.7;59.9
02;2021-08-23;1151;3075;362458;318128;68.9;60.5
02;2021-08-24;902;2184;363360;320312;69.1;60.9
02;2021-08-25;1019;2592;364379;322904;69.3;61.4
02;2021-08-26;910;2333;365289;325237;69.4;61.8
02;2021-08-27;964;2615;366253;327852;69.6;62.3
02;2021-08-28;1299;3423;367552;331275;69.9;63.0
02;2021-08-29;328;1170;367880;332445;69.9;63.2
02;2021-08-30;993;2468;368873;334913;70.1;63.7
02;2021-08-31;858;2254;369731;337167;70.3;64.1
02;2021-09-01;699;1545;370430;338712;70.4;64.4
02;2021-09-02;647;1760;371077;340472;70.5;64.7
02;2021-09-03;688;1954;371765;342426;70.7;65.1
02;2021-09-04;846;2835;372611;345261;70.8;65.6
02;2021-09-05;226;531;372837;345792;70.9;65.7
02;2021-09-06;401;1032;373238;346824;71.0;65.9
02;2021-09-07;447;1397;373685;348221;71.0;66.2
03;2020-12-27;0;0;0;0;0.0;0.0
03;2020-12-28;1;0;1;0;0.0;0.0
03;2020-12-29;0;0;1;0;0.0;0.0
03;2020-12-30;1;0;2;0;0.0;0.0
03;2020-12-31;0;0;2;0;0.0;0.0
03;2021-01-01;0;0;2;0;0.0;0.0
03;2021-01-02;0;0;2;0;0.0;0.0
03;2021-01-03;0;0;2;0;0.0;0.0
03;2021-01-04;0;0;2;0;0.0;0.0
03;2021-01-05;0;0;2;0;0.0;0.0
03;2021-01-06;10;0;12;0;0.0;0.0
03;2021-01-07;61;0;73;0;0.0;0.0
03;2021-01-08;146;1;219;1;0.1;0.0
03;2021-01-09;122;0;341;1;0.1;0.0
03;2021-01-10;6;0;347;1;0.1;0.0
03;2021-01-11;412;1;759;2;0.2;0.0
03;2021-01-12;631;0;1390;2;0.4;0.0
03;2021-01-13;669;2;2059;4;0.6;0.0
03;2021-01-14;861;4;2920;8;0.9;0.0
03;2021-01-15;387;3;3307;11;1.0;0.0
03;2021-01-16;278;0;3585;11;1.1;0.0
03;2021-01-17;42;0;3627;11;1.1;0.0
03;2021-01-18;878;0;4505;11;1.4;0.0
03;2021-01-19;1150;2;5655;13;1.7;0.0
03;2021-01-20;1290;3;6945;16;2.1;0.0
03;2021-01-21;1200;5;8145;21;2.5;0.0
03;2021-01-22;1117;4;9262;25;2.8;0.0
03;2021-01-23;466;0;9728;25;2.9;0.0
03;2021-01-24;0;0;9728;25;2.9;0.0
03;2021-01-25;187;0;9915;25;3.0;0.0
03;2021-01-26;679;14;10594;39;3.2;0.0
03;2021-01-27;695;10;11289;49;3.4;0.0
03;2021-01-28;1020;44;12309;93;3.7;0.0
03;2021-01-29;856;78;13165;171;4.0;0.1
03;2021-01-30;600;2;13765;173;4.2;0.1
03;2021-01-31;0;0;13765;173;4.2;0.1
03;2021-02-01;160;74;13925;247;4.2;0.1
03;2021-02-02;767;249;14692;496;4.4;0.1
03;2021-02-03;1056;447;15748;943;4.8;0.3
03;2021-02-04;1550;617;17298;1560;5.2;0.5
03;2021-02-05;948;307;18246;1867;5.5;0.6
03;2021-02-06;152;13;18398;1880;5.6;0.6
03;2021-02-07;5;0;18403;1880;5.6;0.6
03;2021-02-08;128;51;18531;1931;5.6;0.6
03;2021-02-09;612;442;19143;2373;5.8;0.7
03;2021-02-10;485;338;19628;2711;5.9;0.8
03;2021-02-11;1026;568;20654;3279;6.2;1.0
03;2021-02-12;1078;530;21732;3809;6.6;1.1
03;2021-02-13;126;161;21858;3970;6.6;1.2
03;2021-02-14;0;1;21858;3971;6.6;1.2
03;2021-02-15;309;739;22167;4710;6.7;1.4
03;2021-02-16;548;1058;22715;5768;6.9;1.7
03;2021-02-17;453;1188;23168;6956;7.0;2.1
03;2021-02-18;368;1137;23536;8093;7.1;2.4
03;2021-02-19;496;729;24032;8822;7.3;2.7
03;2021-02-20;128;165;24160;8987;7.3;2.7
03;2021-02-21;2;1;24162;8988;7.3;2.7
03;2021-02-22;158;190;24320;9178;7.3;2.8
03;2021-02-23;720;882;25040;10060;7.6;3.0
03;2021-02-24;609;937;25649;10997;7.7;3.3
03;2021-02-25;1090;1703;26739;12700;8.1;3.8
03;2021-02-26;821;1292;27560;13992;8.3;4.2
03;2021-02-27;96;235;27656;14227;8.3;4.3
03;2021-02-28;0;14;27656;14241;8.3;4.3
03;2021-03-01;178;234;27834;14475;8.4;4.4
03;2021-03-02;818;634;28652;15109;8.6;4.6
03;2021-03-03;902;430;29554;15539;8.9;4.7
03;2021-03-04;1540;570;31094;16109;9.4;4.9
03;2021-03-05;1121;704;32215;16813;9.7;5.1
03;2021-03-06;915;113;33130;16926;10.0;5.1
03;2021-03-07;2;0;33132;16926;10.0;5.1
03;2021-03-08;239;241;33371;17167;10.1;5.2
03;2021-03-09;1016;432;34387;17599;10.4;5.3
03;2021-03-10;941;542;35328;18141;10.7;5.5
03;2021-03-11;1676;650;37004;18791;11.2;5.7
03;2021-03-12;1302;862;38306;19653;11.6;5.9
03;2021-03-13;863;113;39169;19766;11.8;6.0
03;2021-03-14;2;5;39171;19771;11.8;6.0
03;2021-03-15;250;199;39421;19970;11.9;6.0
03;2021-03-16;650;404;40071;20374;12.1;6.1
03;2021-03-17;1303;440;41374;20814;12.5;6.3
03;2021-03-18;1720;393;43094;21207;13.0;6.4
03;2021-03-19;1728;364;44822;21571;13.5;6.5
03;2021-03-20;301;26;45123;21597;13.6;6.5
03;2021-03-21;1;0;45124;21597;13.6;6.5
03;2021-03-22;222;394;45346;21991;13.7;6.6
03;2021-03-23;1355;355;46701;22346;14.1;6.7
03;2021-03-24;1824;349;48525;22695;14.6;6.8
03;2021-03-25;2368;568;50893;23263;15.4;7.0
03;2021-03-26;2239;446;53132;23709;16.0;7.2
03;2021-03-27;816;21;53948;23730;16.3;7.2
03;2021-03-28;1;39;53949;23769;16.3;7.2
03;2021-03-29;659;176;54608;23945;16.5;7.2
03;2021-03-30;1908;449;56516;24394;17.1;7.4
03;2021-03-31;1014;984;57530;25378;17.4;7.7
03;2021-04-01;1375;1094;58905;26472;17.8;8.0
03;2021-04-02;1706;614;60611;27086;18.3;8.2
03;2021-04-03;366;97;60977;27183;18.4;8.2
03;2021-04-04;3;0;60980;27183;18.4;8.2
03;2021-04-05;18;14;60998;27197;18.4;8.2
03;2021-04-06;1073;411;62071;27608;18.7;8.3
03;2021-04-07;1562;522;63633;28130;19.2;8.5
03;2021-04-08;2120;481;65753;28611;19.8;8.6
03;2021-04-09;2057;1162;67810;29773;20.5;9.0
03;2021-04-10;1013;73;68823;29846;20.8;9.0
03;2021-04-11;478;9;69301;29855;20.9;9.0
03;2021-04-12;985;226;70286;30081;21.2;9.1
03;2021-04-13;1873;986;72159;31067;21.8;9.4
03;2021-04-14;2337;1222;74496;32289;22.5;9.7
03;2021-04-15;2621;1401;77117;33690;23.3;10.2
03;2021-04-16;2835;1179;79952;34869;24.1;10.5
03;2021-04-17;1082;442;81034;35311;24.5;10.7
03;2021-04-18;0;0;81034;35311;24.5;10.7
03;2021-04-19;1191;586;82225;35897;24.8;10.8
03;2021-04-20;1748;1275;83973;37172;25.3;11.2
03;2021-04-21;1122;1294;85095;38466;25.7;11.6
03;2021-04-22;1675;997;86770;39463;26.2;11.9
03;2021-04-23;2479;1272;89249;40735;26.9;12.3
03;2021-04-24;1301;921;90550;41656;27.3;12.6
03;2021-04-25;350;16;90900;41672;27.4;12.6
03;2021-04-26;1331;463;92231;42135;27.8;12.7
03;2021-04-27;1767;1525;93998;43660;28.4;13.2
03;2021-04-28;1930;1123;95928;44783;29.0;13.5
03;2021-04-29;2371;1241;98299;46024;29.7;13.9
03;2021-04-30;1931;807;100230;46831;30.3;14.1
03;2021-05-01;437;491;100667;47322;30.4;14.3
03;2021-05-02;2;1;100669;47323;30.4;14.3
03;2021-05-03;1912;774;102581;48097;31.0;14.5
03;2021-05-04;2845;1633;105426;49730;31.8;15.0
03;2021-05-05;2603;1325;108029;51055;32.6;15.4
03;2021-05-06;3097;2009;111126;53064;33.5;16.0
03;2021-05-07;4729;1792;115855;54856;35.0;16.6
03;2021-05-08;661;381;116516;55237;35.2;16.7
03;2021-05-09;49;511;116565;55748;35.2;16.8
03;2021-05-10;1892;1481;118457;57229;35.8;17.3
03;2021-05-11;3900;1840;122357;59069;36.9;17.8
03;2021-05-12;2971;1522;125328;60591;37.8;18.3
03;2021-05-13;4382;408;129710;60999;39.2;18.4
03;2021-05-14;3655;1697;133365;62696;40.3;18.9
03;2021-05-15;1942;491;135307;63187;40.8;19.1
03;2021-05-16;517;57;135824;63244;41.0;19.1
03;2021-05-17;1277;863;137101;64107;41.4;19.3
03;2021-05-18;3070;1505;140171;65612;42.3;19.8
03;2021-05-19;2623;967;142794;66579;43.1;20.1
03;2021-05-20;3336;1144;146130;67723;44.1;20.4
03;2021-05-21;4195;1281;150325;69004;45.4;20.8
03;2021-05-22;2012;359;152337;69363;46.0;20.9
03;2021-05-23;641;73;152978;69436;46.2;21.0
03;2021-05-24;2655;216;155633;69652;47.0;21.0
03;2021-05-25;3070;1691;158703;71343;47.9;21.5
03;2021-05-26;2338;1045;161041;72388;48.6;21.8
03;2021-05-27;2947;1127;163988;73515;49.5;22.2
03;2021-05-28;3849;2287;167837;75802;50.7;22.9
03;2021-05-29;1748;603;169585;76405;51.2;23.1
03;2021-05-30;242;23;169827;76428;51.3;23.1
03;2021-05-31;697;570;170524;76998;51.5;23.2
03;2021-06-01;2303;2346;172827;79344;52.2;23.9
03;2021-06-02;1535;1749;174362;81093;52.6;24.5
03;2021-06-03;2060;2754;176422;83847;53.2;25.3
03;2021-06-04;1699;2506;178121;86353;53.8;26.1
03;2021-06-05;1076;1143;179197;87496;54.1;26.4
03;2021-06-06;59;7;179256;87503;54.1;26.4
03;2021-06-07;785;1815;180041;89318;54.3;27.0
03;2021-06-08;1457;2556;181498;91874;54.8;27.7
03;2021-06-09;1267;1875;182765;93749;55.2;28.3
03;2021-06-10;1381;2124;184146;95873;55.6;28.9
03;2021-06-11;1503;3450;185649;99323;56.0;30.0
03;2021-06-12;831;823;186480;100146;56.3;30.2
03;2021-06-13;20;10;186500;100156;56.3;30.2
03;2021-06-14;381;2175;186881;102331;56.4;30.9
03;2021-06-15;1316;3834;188197;106165;56.8;32.0
03;2021-06-16;788;2888;188985;109053;57.0;32.9
03;2021-06-17;1083;3334;190068;112387;57.4;33.9
03;2021-06-18;1109;3980;191177;116367;57.7;35.1
03;2021-06-19;641;1618;191818;117985;57.9;35.6
03;2021-06-20;20;8;191838;117993;57.9;35.6
03;2021-06-21;462;2636;192300;120629;58.0;36.4
03;2021-06-22;1026;4004;193326;124633;58.4;37.6
03;2021-06-23;716;3285;194042;127918;58.6;38.6
03;2021-06-24;984;3864;195026;131782;58.9;39.8
03;2021-06-25;1019;3894;196045;135676;59.2;41.0
03;2021-06-26;513;2040;196558;137716;59.3;41.6
03;2021-06-27;65;486;196623;138202;59.3;41.7
03;2021-06-28;640;2100;197263;140302;59.5;42.3
03;2021-06-29;1029;3331;198292;143633;59.8;43.4
03;2021-06-30;831;3119;199123;146752;60.1;44.3
03;2021-07-01;986;2937;200109;149689;60.4;45.2
03;2021-07-02;920;4095;201029;153784;60.7;46.4
03;2021-07-03;487;1884;201516;155668;60.8;47.0
03;2021-07-04;20;332;201536;156000;60.8;47.1
03;2021-07-05;817;2381;202353;158381;61.1;47.8
03;2021-07-06;1171;3462;203524;161843;61.4;48.8
03;2021-07-07;805;2619;204329;164462;61.7;49.6
03;2021-07-08;1060;3042;205389;167504;62.0;50.6
03;2021-07-09;1471;3627;206860;171131;62.4;51.7
03;2021-07-10;509;1926;207369;173057;62.6;52.2
03;2021-07-11;61;492;207430;173549;62.6;52.4
03;2021-07-12;939;1149;208369;174698;62.9;52.7
03;2021-07-13;2613;3150;210982;177848;63.7;53.7
03;2021-07-14;195;25;211177;177873;63.7;53.7
03;2021-07-15;2613;2456;213790;180329;64.5;54.4
03;2021-07-16;2736;2277;216526;182606;65.4;55.1
03;2021-07-17;1033;1626;217559;184232;65.7;55.6
03;2021-07-18;31;6;217590;184238;65.7;55.6
03;2021-07-19;2392;1276;219982;185514;66.4;56.0
03;2021-07-20;3076;3032;223058;188546;67.3;56.9
03;2021-07-21;3213;1437;226271;189983;68.3;57.3
03;2021-07-22;2853;1887;229124;191870;69.2;57.9
03;2021-07-23;3205;1306;232329;193176;70.1;58.3
03;2021-07-24;588;581;232917;193757;70.3;58.5
03;2021-07-25;18;5;232935;193762;70.3;58.5
03;2021-07-26;2044;1578;234979;195340;70.9;59.0
03;2021-07-27;3324;2233;238303;197573;71.9;59.6
03;2021-07-28;2715;1116;241018;198689;72.7;60.0
03;2021-07-29;2548;1662;243566;200351;73.5;60.5
03;2021-07-30;2134;1454;245700;201805;74.2;60.9
03;2021-07-31;964;894;246664;202699;74.4;61.2
03;2021-08-01;13;20;246677;202719;74.5;61.2
03;2021-08-02;1679;1605;248356;204324;75.0;61.7
03;2021-08-03;2224;2774;250580;207098;75.6;62.5
03;2021-08-04;2195;889;252775;207987;76.3;62.8
03;2021-08-05;1265;1940;254040;209927;76.7;63.4
03;2021-08-06;1281;1023;255321;210950;77.1;63.7
03;2021-08-07;606;494;255927;211444;77.2;63.8
03;2021-08-08;66;29;255993;211473;77.3;63.8
03;2021-08-09;598;1305;256591;212778;77.4;64.2
03;2021-08-10;1663;3468;258254;216246;77.9;65.3
03;2021-08-11;1335;2529;259589;218775;78.4;66.0
03;2021-08-12;1136;3512;260725;222287;78.7;67.1
03;2021-08-13;768;1051;261493;223338;78.9;67.4
03;2021-08-14;379;567;261872;223905;79.0;67.6
03;2021-08-15;9;61;261881;223966;79.0;67.6
03;2021-08-16;721;2693;262602;226659;79.3;68.4
03;2021-08-17;1075;3220;263677;229879;79.6;69.4
03;2021-08-18;1157;2155;264834;232034;79.9;70.0
03;2021-08-19;1004;3049;265838;235083;80.2;71.0
03;2021-08-20;718;1139;266556;236222;80.5;71.3
03;2021-08-21;419;722;266975;236944;80.6;71.5
03;2021-08-22;8;6;266983;236950;80.6;71.5
03;2021-08-23;775;2286;267758;239236;80.8;72.2
03;2021-08-24;891;2408;268649;241644;81.1;72.9
03;2021-08-25;927;2025;269576;243669;81.4;73.5
03;2021-08-26;570;1435;270146;245104;81.5;74.0
03;2021-08-27;456;1580;270602;246684;81.7;74.5
03;2021-08-28;218;674;270820;247358;81.7;74.7
03;2021-08-29;4;0;270824;247358;81.7;74.7
03;2021-08-30;766;1468;271590;248826;82.0;75.1
03;2021-08-31;685;2050;272275;250876;82.2;75.7
03;2021-09-01;598;1511;272873;252387;82.4;76.2
03;2021-09-02;477;1232;273350;253619;82.5;76.5
03;2021-09-03;488;1185;273838;254804;82.7;76.9
03;2021-09-04;250;628;274088;255432;82.7;77.1
03;2021-09-05;5;11;274093;255443;82.7;77.1
03;2021-09-06;320;1098;274413;256541;82.8;77.4
03;2021-09-07;564;1589;274977;258130;83.0;77.9
04;2020-12-27;0;0;0;0;0.0;0.0
04;2020-12-28;1;0;1;0;0.0;0.0
04;2020-12-29;0;0;1;0;0.0;0.0
04;2020-12-30;0;0;1;0;0.0;0.0
04;2020-12-31;0;0;1;0;0.0;0.0
04;2021-01-01;0;0;1;0;0.0;0.0
04;2021-01-02;0;0;1;0;0.0;0.0
04;2021-01-03;0;0;1;0;0.0;0.0
04;2021-01-04;0;0;1;0;0.0;0.0
04;2021-01-05;4;0;5;0;0.0;0.0
04;2021-01-06;0;0;5;0;0.0;0.0
04;2021-01-07;61;0;66;0;0.0;0.0
04;2021-01-08;88;0;154;0;0.1;0.0
04;2021-01-09;57;0;211;0;0.1;0.0
04;2021-01-10;0;0;211;0;0.1;0.0
04;2021-01-11;77;0;288;0;0.2;0.0
04;2021-01-12;421;0;709;0;0.4;0.0
04;2021-01-13;245;2;954;2;0.6;0.0
04;2021-01-14;90;2;1044;4;0.6;0.0
04;2021-01-15;164;4;1208;8;0.7;0.0
04;2021-01-16;106;2;1314;10;0.8;0.0
04;2021-01-17;14;0;1328;10;0.8;0.0
04;2021-01-18;236;9;1564;19;0.9;0.0
04;2021-01-19;468;4;2032;23;1.2;0.0
04;2021-01-20;574;9;2606;32;1.6;0.0
04;2021-01-21;614;5;3220;37;1.9;0.0
04;2021-01-22;638;1;3858;38;2.3;0.0
04;2021-01-23;111;0;3969;38;2.4;0.0
04;2021-01-24;0;0;3969;38;2.4;0.0
04;2021-01-25;240;0;4209;38;2.5;0.0
04;2021-01-26;656;1;4865;39;2.9;0.0
04;2021-01-27;480;0;5345;39;3.2;0.0
04;2021-01-28;665;20;6010;59;3.6;0.0
04;2021-01-29;368;41;6378;100;3.9;0.1
04;2021-01-30;65;41;6443;141;3.9;0.1
04;2021-01-31;1;5;6444;146;3.9;0.1
04;2021-02-01;269;147;6713;293;4.1;0.2
04;2021-02-02;560;221;7273;514;4.4;0.3
04;2021-02-03;367;159;7640;673;4.6;0.4
04;2021-02-04;356;53;7996;726;4.8;0.4
04;2021-02-05;379;218;8375;944;5.1;0.6
04;2021-02-06;50;89;8425;1033;5.1;0.6
04;2021-02-07;2;22;8427;1055;5.1;0.6
04;2021-02-08;163;69;8590;1124;5.2;0.7
04;2021-02-09;194;130;8784;1254;5.3;0.8
04;2021-02-10;252;162;9036;1416;5.5;0.9
04;2021-02-11;364;272;9400;1688;5.7;1.0
04;2021-02-12;293;309;9693;1997;5.9;1.2
04;2021-02-13;26;94;9719;2091;5.9;1.3
04;2021-02-14;0;0;9719;2091;5.9;1.3
04;2021-02-15;31;155;9750;2246;5.9;1.4
04;2021-02-16;81;479;9831;2725;6.0;1.6
04;2021-02-17;67;407;9898;3132;6.0;1.9
04;2021-02-18;45;580;9943;3712;6.0;2.2
04;2021-02-19;52;357;9995;4069;6.1;2.5
04;2021-02-20;5;70;10000;4139;6.1;2.5
04;2021-02-21;0;0;10000;4139;6.1;2.5
04;2021-02-22;7;278;10007;4417;6.1;2.7
04;2021-02-23;19;562;10026;4979;6.1;3.0
04;2021-02-24;38;404;10064;5383;6.1;3.3
04;2021-02-25;72;357;10136;5740;6.1;3.5
04;2021-02-26;216;309;10352;6049;6.3;3.7
04;2021-02-27;179;72;10531;6121;6.4;3.7
04;2021-02-28;1;0;10532;6121;6.4;3.7
04;2021-03-01;18;69;10550;6190;6.4;3.7
04;2021-03-02;135;40;10685;6230;6.5;3.8
04;2021-03-03;375;621;11060;6851;6.7;4.1
04;2021-03-04;208;476;11268;7327;6.8;4.4
04;2021-03-05;236;351;11504;7678;7.0;4.6
04;2021-03-06;912;75;12416;7753;7.5;4.7
04;2021-03-07;498;25;12914;7778;7.8;4.7
04;2021-03-08;45;83;12959;7861;7.8;4.8
04;2021-03-09;215;254;13174;8115;8.0;4.9
04;2021-03-10;400;369;13574;8484;8.2;5.1
04;2021-03-11;495;338;14069;8822;8.5;5.3
04;2021-03-12;699;207;14768;9029;8.9;5.5
04;2021-03-13;1088;63;15856;9092;9.6;5.5
04;2021-03-14;460;3;16316;9095;9.9;5.5
04;2021-03-15;93;14;16409;9109;9.9;5.5
04;2021-03-16;74;9;16483;9118;10.0;5.5
04;2021-03-17;534;81;17017;9199;10.3;5.6
04;2021-03-18;815;25;17832;9224;10.8;5.6
04;2021-03-19;724;33;18556;9257;11.2;5.6
04;2021-03-20;159;3;18715;9260;11.3;5.6
04;2021-03-21;0;0;18715;9260;11.3;5.6
04;2021-03-22;105;13;18820;9273;11.4;5.6
04;2021-03-23;244;7;19064;9280;11.5;5.6
04;2021-03-24;1024;52;20088;9332;12.2;5.6
04;2021-03-25;1325;46;21413;9378;13.0;5.7
04;2021-03-26;1449;66;22862;9444;13.8;5.7
04;2021-03-27;266;20;23128;9464;14.0;5.7
04;2021-03-28;2;0;23130;9464;14.0;5.7
04;2021-03-29;681;13;23811;9477;14.4;5.7
04;2021-03-30;1086;148;24897;9625;15.1;5.8
04;2021-03-31;1327;107;26224;9732;15.9;5.9
04;2021-04-01;1133;132;27357;9864;16.6;6.0
04;2021-04-02;1185;111;28542;9975;17.3;6.0
04;2021-04-03;250;20;28792;9995;17.4;6.1
04;2021-04-04;1;0;28793;9995;17.4;6.1
04;2021-04-05;36;1;28829;9996;17.5;6.1
04;2021-04-06;928;148;29757;10144;18.0;6.1
04;2021-04-07;881;436;30638;10580;18.5;6.4
04;2021-04-08;926;698;31564;11278;19.1;6.8
04;2021-04-09;678;420;32242;11698;19.5;7.1
04;2021-04-10;231;191;32473;11889;19.7;7.2
04;2021-04-11;153;65;32626;11954;19.7;7.2
04;2021-04-12;593;101;33219;12055;20.1;7.3
04;2021-04-13;1190;240;34409;12295;20.8;7.4
04;2021-04-14;995;499;35404;12794;21.4;7.7
04;2021-04-15;921;673;36325;13467;22.0;8.2
04;2021-04-16;819;456;37144;13923;22.5;8.4
04;2021-04-17;211;69;37355;13992;22.6;8.5
04;2021-04-18;0;13;37355;14005;22.6;8.5
04;2021-04-19;338;288;37693;14293;22.8;8.7
04;2021-04-20;1005;444;38698;14737;23.4;8.9
04;2021-04-21;656;745;39354;15482;23.8;9.4
04;2021-04-22;759;853;40113;16335;24.3;9.9
04;2021-04-23;695;537;40808;16872;24.7;10.2
04;2021-04-24;165;65;40973;16937;24.8;10.3
04;2021-04-25;0;0;40973;16937;24.8;10.3
04;2021-04-26;172;611;41145;17548;24.9;10.6
04;2021-04-27;395;967;41540;18515;25.1;11.2
04;2021-04-28;432;1088;41972;19603;25.4;11.9
04;2021-04-29;687;1129;42659;20732;25.8;12.5
04;2021-04-30;436;848;43095;21580;26.1;13.1
04;2021-05-01;104;22;43199;21602;26.1;13.1
04;2021-05-02;8;131;43207;21733;26.2;13.2
04;2021-05-03;151;551;43358;22284;26.2;13.5
04;2021-05-04;564;838;43922;23122;26.6;14.0
04;2021-05-05;514;926;44436;24048;26.9;14.6
04;2021-05-06;1162;592;45598;24640;27.6;14.9
04;2021-05-07;657;758;46255;25398;28.0;15.4
04;2021-05-08;48;98;46303;25496;28.0;15.4
04;2021-05-09;0;0;46303;25496;28.0;15.4
04;2021-05-10;466;295;46769;25791;28.3;15.6
04;2021-05-11;1200;907;47969;26698;29.0;16.2
04;2021-05-12;1389;741;49358;27439;29.9;16.6
04;2021-05-13;378;131;49736;27570;30.1;16.7
04;2021-05-14;440;295;50176;27865;30.4;16.9
04;2021-05-15;99;163;50275;28028;30.4;17.0
04;2021-05-16;4;6;50279;28034;30.4;17.0
04;2021-05-17;155;298;50434;28332;30.5;17.2
04;2021-05-18;392;976;50826;29308;30.8;17.7
04;2021-05-19;774;688;51600;29996;31.2;18.2
04;2021-05-20;1258;551;52858;30547;32.0;18.5
04;2021-05-21;853;788;53711;31335;32.5;19.0
04;2021-05-22;105;146;53816;31481;32.6;19.1
04;2021-05-23;1;1;53817;31482;32.6;19.1
04;2021-05-24;2;36;53819;31518;32.6;19.1
04;2021-05-25;868;593;54687;32111;33.1;19.4
04;2021-05-26;1048;789;55735;32900;33.7;19.9
04;2021-05-27;1357;633;57092;33533;34.6;20.3
04;2021-05-28;1119;658;58211;34191;35.2;20.7
04;2021-05-29;90;398;58301;34589;35.3;20.9
04;2021-05-30;3;1;58304;34590;35.3;20.9
04;2021-05-31;421;417;58725;35007;35.5;21.2
04;2021-06-01;643;640;59368;35647;35.9;21.6
04;2021-06-02;871;1063;60239;36710;36.5;22.2
04;2021-06-03;1196;853;61435;37563;37.2;22.7
04;2021-06-04;977;780;62412;38343;37.8;23.2
04;2021-06-05;142;201;62554;38544;37.9;23.3
04;2021-06-06;7;13;62561;38557;37.9;23.3
04;2021-06-07;563;316;63124;38873;38.2;23.5
04;2021-06-08;843;595;63967;39468;38.7;23.9
04;2021-06-09;1148;688;65115;40156;39.4;24.3
04;2021-06-10;1147;586;66262;40742;40.1;24.7
04;2021-06-11;945;614;67207;41356;40.7;25.0
04;2021-06-12;212;148;67419;41504;40.8;25.1
04;2021-06-13;1;1;67420;41505;40.8;25.1
04;2021-06-14;478;303;67898;41808;41.1;25.3
04;2021-06-15;645;1003;68543;42811;41.5;25.9
04;2021-06-16;1022;786;69565;43597;42.1;26.4
04;2021-06-17;1001;960;70566;44557;42.7;27.0
04;2021-06-18;765;886;71331;45443;43.2;27.5
04;2021-06-19;40;85;71371;45528;43.2;27.6
04;2021-06-20;7;9;71378;45537;43.2;27.6
04;2021-06-21;306;615;71684;46152;43.4;27.9
04;2021-06-22;361;1309;72045;47461;43.6;28.7
04;2021-06-23;476;1313;72521;48774;43.9;29.5
04;2021-06-24;852;820;73373;49594;44.4;30.0
04;2021-06-25;462;639;73835;50233;44.7;30.4
04;2021-06-26;56;129;73891;50362;44.7;30.5
04;2021-06-27;4;4;73895;50366;44.7;30.5
04;2021-06-28;158;341;74053;50707;44.8;30.7
04;2021-06-29;371;838;74424;51545;45.1;31.2
04;2021-06-30;541;1121;74965;52666;45.4;31.9
04;2021-07-01;579;1219;75544;53885;45.7;32.6
04;2021-07-02;557;1089;76101;54974;46.1;33.3
04;2021-07-03;65;162;76166;55136;46.1;33.4
04;2021-07-04;6;6;76172;55142;46.1;33.4
04;2021-07-05;106;297;76278;55439;46.2;33.6
04;2021-07-06;505;1382;76783;56821;46.5;34.4
04;2021-07-07;495;1342;77278;58163;46.8;35.2
04;2021-07-08;726;1363;78004;59526;47.2;36.0
04;2021-07-09;581;1062;78585;60588;47.6;36.7
04;2021-07-10;92;177;78677;60765;47.6;36.8
04;2021-07-11;0;21;78677;60786;47.6;36.8
04;2021-07-12;128;653;78805;61439;47.7;37.2
04;2021-07-13;882;1541;79687;62980;48.2;38.1
04;2021-07-14;26;43;79713;63023;48.3;38.2
04;2021-07-15;1220;1736;80933;64759;49.0;39.2
04;2021-07-16;1082;1119;82015;65878;49.6;39.9
04;2021-07-17;446;234;82461;66112;49.9;40.0
04;2021-07-18;114;18;82575;66130;50.0;40.0
04;2021-07-19;484;655;83059;66785;50.3;40.4
04;2021-07-20;1314;1467;84373;68252;51.1;41.3
04;2021-07-21;1127;1165;85500;69417;51.8;42.0
04;2021-07-22;1500;1372;87000;70789;52.7;42.9
04;2021-07-23;1151;1143;88151;71932;53.4;43.5
04;2021-07-24;685;213;88836;72145;53.8;43.7
04;2021-07-25;42;20;88878;72165;53.8;43.7
04;2021-07-26;445;639;89323;72804;54.1;44.1
04;2021-07-27;1371;1045;90694;73849;54.9;44.7
04;2021-07-28;1074;1038;91768;74887;55.6;45.3
04;2021-07-29;1560;1300;93328;76187;56.5;46.1
04;2021-07-30;1246;925;94574;77112;57.2;46.7
04;2021-07-31;252;176;94826;77288;57.4;46.8
04;2021-08-01;48;19;94874;77307;57.4;46.8
04;2021-08-02;139;110;95013;77417;57.5;46.9
04;2021-08-03;1346;1115;96359;78532;58.3;47.5
04;2021-08-04;1177;862;97536;79394;59.0;48.1
04;2021-08-05;1191;737;98727;80131;59.8;48.5
04;2021-08-06;519;397;99246;80528;60.1;48.7
04;2021-08-07;161;162;99407;80690;60.2;48.8
04;2021-08-08;25;12;99432;80702;60.2;48.9
04;2021-08-09;104;120;99536;80822;60.3;48.9
04;2021-08-10;656;980;100192;81802;60.7;49.5
04;2021-08-11;1147;1028;101339;82830;61.3;50.1
04;2021-08-12;1124;1299;102463;84129;62.0;50.9
04;2021-08-13;442;384;102905;84513;62.3;51.2
04;2021-08-14;99;72;103004;84585;62.4;51.2
04;2021-08-15;0;0;103004;84585;62.4;51.2
04;2021-08-16;103;138;103107;84723;62.4;51.3
04;2021-08-17;496;1014;103603;85737;62.7;51.9
04;2021-08-18;717;1320;104320;87057;63.1;52.7
04;2021-08-19;738;1408;105058;88465;63.6;53.6
04;2021-08-20;746;1364;105804;89829;64.0;54.4
04;2021-08-21;65;111;105869;89940;64.1;54.4
04;2021-08-22;15;45;105884;89985;64.1;54.5
04;2021-08-23;54;109;105938;90094;64.1;54.5
04;2021-08-24;680;1492;106618;91586;64.5;55.4
04;2021-08-25;656;1183;107274;92769;64.9;56.2
04;2021-08-26;487;1210;107761;93979;65.2;56.9
04;2021-08-27;448;929;108209;94908;65.5;57.5
04;2021-08-28;123;244;108332;95152;65.6;57.6
04;2021-08-29;27;23;108359;95175;65.6;57.6
04;2021-08-30;121;242;108480;95417;65.7;57.8
04;2021-08-31;511;1006;108991;96423;66.0;58.4
04;2021-09-01;507;1251;109498;97674;66.3;59.1
04;2021-09-02;333;924;109831;98598;66.5;59.7
04;2021-09-03;287;819;110118;99417;66.7;60.2
04;2021-09-04;138;235;110256;99652;66.7;60.3
04;2021-09-05;14;9;110270;99661;66.8;60.3
04;2021-09-06;57;104;110327;99765;66.8;60.4
04;2021-09-07;370;990;110697;100755;67.0;61.0
05;2020-12-27;0;0;0;0;0.0;0.0
05;2020-12-28;1;0;1;0;0.0;0.0
05;2020-12-29;1;0;2;0;0.0;0.0
05;2020-12-30;2;0;4;0;0.0;0.0
05;2020-12-31;0;0;4;0;0.0;0.0
05;2021-01-01;2;0;6;0;0.0;0.0
05;2021-01-02;2;0;8;0;0.0;0.0
05;2021-01-03;1;0;9;0;0.0;0.0
05;2021-01-04;2;0;11;0;0.0;0.0
05;2021-01-05;0;0;11;0;0.0;0.0
05;2021-01-06;21;0;32;0;0.0;0.0
05;2021-01-07;128;0;160;0;0.1;0.0
05;2021-01-08;146;0;306;0;0.2;0.0
05;2021-01-09;11;0;317;0;0.2;0.0
05;2021-01-10;0;0;317;0;0.2;0.0
05;2021-01-11;44;0;361;0;0.3;0.0
05;2021-01-12;105;0;466;0;0.3;0.0
05;2021-01-13;140;0;606;0;0.4;0.0
05;2021-01-14;167;0;773;0;0.5;0.0
05;2021-01-15;128;1;901;1;0.6;0.0
05;2021-01-16;14;0;915;1;0.6;0.0
05;2021-01-17;0;0;915;1;0.6;0.0
05;2021-01-18;226;1;1141;2;0.8;0.0
05;2021-01-19;228;0;1369;2;1.0;0.0
05;2021-01-20;213;0;1582;2;1.1;0.0
05;2021-01-21;255;0;1837;2;1.3;0.0
05;2021-01-22;195;1;2032;3;1.4;0.0
05;2021-01-23;112;0;2144;3;1.5;0.0
05;2021-01-24;0;0;2144;3;1.5;0.0
05;2021-01-25;317;0;2461;3;1.7;0.0
05;2021-01-26;486;0;2947;3;2.1;0.0
05;2021-01-27;389;3;3336;6;2.4;0.0
05;2021-01-28;363;48;3699;54;2.6;0.0
05;2021-01-29;364;110;4063;164;2.9;0.1
05;2021-01-30;97;9;4160;173;2.9;0.1
05;2021-01-31;4;0;4164;173;2.9;0.1
05;2021-02-01;177;20;4341;193;3.1;0.1
05;2021-02-02;187;114;4528;307;3.2;0.2
05;2021-02-03;207;61;4735;368;3.3;0.3
05;2021-02-04;197;123;4932;491;3.5;0.3
05;2021-02-05;183;111;5115;602;3.6;0.4
05;2021-02-06;76;24;5191;626;3.7;0.4
05;2021-02-07;0;5;5191;631;3.7;0.4
05;2021-02-08;84;101;5275;732;3.7;0.5
05;2021-02-09;97;103;5372;835;3.8;0.6
05;2021-02-10;81;162;5453;997;3.8;0.7
05;2021-02-11;87;118;5540;1115;3.9;0.8
05;2021-02-12;84;128;5624;1243;4.0;0.9
05;2021-02-13;75;32;5699;1275;4.0;0.9
05;2021-02-14;0;0;5699;1275;4.0;0.9
05;2021-02-15;97;163;5796;1438;4.1;1.0
05;2021-02-16;110;241;5906;1679;4.2;1.2
05;2021-02-17;136;211;6042;1890;4.3;1.3
05;2021-02-18;154;277;6196;2167;4.4;1.5
05;2021-02-19;158;302;6354;2469;4.5;1.7
05;2021-02-20;31;79;6385;2548;4.5;1.8
05;2021-02-21;0;0;6385;2548;4.5;1.8
05;2021-02-22;70;227;6455;2775;4.6;2.0
05;2021-02-23;18;204;6473;2979;4.6;2.1
05;2021-02-24;20;158;6493;3137;4.6;2.2
05;2021-02-25;56;137;6549;3274;4.6;2.3
05;2021-02-26;145;189;6694;3463;4.7;2.4
05;2021-02-27;65;158;6759;3621;4.8;2.6
05;2021-02-28;11;0;6770;3621;4.8;2.6
05;2021-03-01;92;153;6862;3774;4.8;2.7
05;2021-03-02;92;175;6954;3949;4.9;2.8
05;2021-03-03;112;210;7066;4159;5.0;2.9
05;2021-03-04;242;147;7308;4306;5.2;3.0
05;2021-03-05;578;180;7886;4486;5.6;3.2
05;2021-03-06;668;54;8554;4540;6.0;3.2
05;2021-03-07;516;19;9070;4559;6.4;3.2
05;2021-03-08;556;132;9626;4691;6.8;3.3
05;2021-03-09;520;161;10146;4852;7.2;3.4
05;2021-03-10;498;140;10644;4992;7.5;3.5
05;2021-03-11;376;138;11020;5130;7.8;3.6
05;2021-03-12;435;90;11455;5220;8.1;3.7
05;2021-03-13;796;95;12251;5315;8.6;3.7
05;2021-03-14;670;11;12921;5326;9.1;3.8
05;2021-03-15;354;126;13275;5452;9.4;3.8
05;2021-03-16;148;141;13423;5593;9.5;3.9
05;2021-03-17;262;120;13685;5713;9.7;4.0
05;2021-03-18;364;35;14049;5748;9.9;4.1
05;2021-03-19;450;59;14499;5807;10.2;4.1
05;2021-03-20;167;32;14666;5839;10.3;4.1
05;2021-03-21;1;0;14667;5839;10.3;4.1
05;2021-03-22;717;36;15384;5875;10.9;4.1
05;2021-03-23;805;15;16189;5890;11.4;4.2
05;2021-03-24;790;79;16979;5969;12.0;4.2
05;2021-03-25;901;59;17880;6028;12.6;4.3
05;2021-03-26;1023;49;18903;6077;13.3;4.3
05;2021-03-27;467;33;19370;6110;13.7;4.3
05;2021-03-28;10;0;19380;6110;13.7;4.3
05;2021-03-29;905;63;20285;6173;14.3;4.4
05;2021-03-30;1142;79;21427;6252;15.1;4.4
05;2021-03-31;823;253;22250;6505;15.7;4.6
05;2021-04-01;900;243;23150;6748;16.3;4.8
05;2021-04-02;665;378;23815;7126;16.8;5.0
05;2021-04-03;550;184;24365;7310;17.2;5.2
05;2021-04-04;350;63;24715;7373;17.4;5.2
05;2021-04-05;158;12;24873;7385;17.5;5.2
05;2021-04-06;646;274;25519;7659;18.0;5.4
05;2021-04-07;773;323;26292;7982;18.5;5.6
05;2021-04-08;734;335;27026;8317;19.1;5.9
05;2021-04-09;882;411;27908;8728;19.7;6.2
05;2021-04-10;714;387;28622;9115;20.2;6.4
05;2021-04-11;191;174;28813;9289;20.3;6.6
05;2021-04-12;732;263;29545;9552;20.8;6.7
05;2021-04-13;921;248;30466;9800;21.5;6.9
05;2021-04-14;668;326;31134;10126;22.0;7.1
05;2021-04-15;768;398;31902;10524;22.5;7.4
05;2021-04-16;731;411;32633;10935;23.0;7.7
05;2021-04-17;671;240;33304;11175;23.5;7.9
05;2021-04-18;305;23;33609;11198;23.7;7.9
05;2021-04-19;363;536;33972;11734;24.0;8.3
05;2021-04-20;482;629;34454;12363;24.3;8.7
05;2021-04-21;494;629;34948;12992;24.7;9.2
05;2021-04-22;385;548;35333;13540;24.9;9.6
05;2021-04-23;523;656;35856;14196;25.3;10.0
05;2021-04-24;347;384;36203;14580;25.5;10.3
05;2021-04-25;288;23;36491;14603;25.7;10.3
05;2021-04-26;367;704;36858;15307;26.0;10.8
05;2021-04-27;657;749;37515;16056;26.5;11.3
05;2021-04-28;468;720;37983;16776;26.8;11.8
05;2021-04-29;703;748;38686;17524;27.3;12.4
05;2021-04-30;509;755;39195;18279;27.6;12.9
05;2021-05-01;138;110;39333;18389;27.7;13.0
05;2021-05-02;267;115;39600;18504;27.9;13.1
05;2021-05-03;457;494;40057;18998;28.3;13.4
05;2021-05-04;384;503;40441;19501;28.5;13.8
05;2021-05-05;462;671;40903;20172;28.9;14.2
05;2021-05-06;646;725;41549;20897;29.3;14.7
05;2021-05-07;596;800;42145;21697;29.7;15.3
05;2021-05-08;481;177;42626;21874;30.1;15.4
05;2021-05-09;208;57;42834;21931;30.2;15.5
05;2021-05-10;500;697;43334;22628;30.6;16.0
05;2021-05-11;669;912;44003;23540;31.0;16.6
05;2021-05-12;647;733;44650;24273;31.5;17.1
05;2021-05-13;960;116;45610;24389;32.2;17.2
05;2021-05-14;826;495;46436;24884;32.8;17.6
05;2021-05-15;1043;354;47479;25238;33.5;17.8
05;2021-05-16;235;52;47714;25290;33.7;17.8
05;2021-05-17;484;430;48198;25720;34.0;18.1
05;2021-05-18;519;419;48717;26139;34.4;18.4
05;2021-05-19;728;460;49445;26599;34.9;18.8
05;2021-05-20;747;434;50192;27033;35.4;19.1
05;2021-05-21;705;511;50897;27544;35.9;19.4
05;2021-05-22;607;239;51504;27783;36.3;19.6
05;2021-05-23;277;59;51781;27842;36.5;19.6
05;2021-05-24;509;157;52290;27999;36.9;19.8
05;2021-05-25;515;483;52805;28482;37.3;20.1
05;2021-05-26;696;363;53501;28845;37.7;20.3
05;2021-05-27;799;572;54300;29417;38.3;20.8
05;2021-05-28;666;648;54966;30065;38.8;21.2
05;2021-05-29;566;544;55532;30609;39.2;21.6
05;2021-05-30;212;82;55744;30691;39.3;21.7
05;2021-05-31;575;496;56319;31187;39.7;22.0
05;2021-06-01;589;585;56908;31772;40.1;22.4
05;2021-06-02;685;703;57593;32475;40.6;22.9
05;2021-06-03;716;651;58309;33126;41.1;23.4
05;2021-06-04;1018;819;59327;33945;41.9;23.9
05;2021-06-05;807;508;60134;34453;42.4;24.3
05;2021-06-06;202;89;60336;34542;42.6;24.4
05;2021-06-07;605;833;60941;35375;43.0;25.0
05;2021-06-08;702;659;61643;36034;43.5;25.4
05;2021-06-09;648;783;62291;36817;43.9;26.0
05;2021-06-10;544;718;62835;37535;44.3;26.5
05;2021-06-11;766;723;63601;38258;44.9;27.0
05;2021-06-12;593;484;64194;38742;45.3;27.3
05;2021-06-13;112;91;64306;38833;45.4;27.4
05;2021-06-14;403;668;64709;39501;45.6;27.9
05;2021-06-15;543;910;65252;40411;46.0;28.5
05;2021-06-16;433;671;65685;41082;46.3;29.0
05;2021-06-17;361;805;66046;41887;46.6;29.5
05;2021-06-18;398;724;66444;42611;46.9;30.1
05;2021-06-19;421;570;66865;43181;47.2;30.5
05;2021-06-20;64;77;66929;43258;47.2;30.5
05;2021-06-21;319;641;67248;43899;47.4;31.0
05;2021-06-22;356;829;67604;44728;47.7;31.6
05;2021-06-23;354;764;67958;45492;47.9;32.1
05;2021-06-24;388;1023;68346;46515;48.2;32.8
05;2021-06-25;229;893;68575;47408;48.4;33.4
05;2021-06-26;292;1074;68867;48482;48.6;34.2
05;2021-06-27;128;170;68995;48652;48.7;34.3
05;2021-06-28;254;793;69249;49445;48.9;34.9
05;2021-06-29;250;785;69499;50230;49.0;35.4
05;2021-06-30;329;789;69828;51019;49.3;36.0
05;2021-07-01;383;789;70211;51808;49.5;36.5
05;2021-07-02;370;871;70581;52679;49.8;37.2
05;2021-07-03;305;741;70886;53420;50.0;37.7
05;2021-07-04;179;177;71065;53597;50.1;37.8
05;2021-07-05;264;781;71329;54378;50.3;38.4
05;2021-07-06;336;858;71665;55236;50.6;39.0
05;2021-07-07;401;782;72066;56018;50.8;39.5
05;2021-07-08;431;848;72497;56866;51.1;40.1
05;2021-07-09;422;994;72919;57860;51.4;40.8
05;2021-07-10;314;729;73233;58589;51.7;41.3
05;2021-07-11;176;119;73409;58708;51.8;41.4
05;2021-07-12;416;1014;73825;59722;52.1;42.1
05;2021-07-13;483;870;74308;60592;52.4;42.7
05;2021-07-14;838;299;75146;60891;53.0;43.0
05;2021-07-15;709;993;75855;61884;53.5;43.7
05;2021-07-16;1027;1457;76882;63341;54.2;44.7
05;2021-07-17;674;1306;77556;64647;54.7;45.6
05;2021-07-18;285;131;77841;64778;54.9;45.7
05;2021-07-19;572;791;78413;65569;55.3;46.3
05;2021-07-20;763;801;79176;66370;55.9;46.8
05;2021-07-21;883;841;80059;67211;56.5;47.4
05;2021-07-22;814;870;80873;68081;57.1;48.0
05;2021-07-23;1447;1238;82320;69319;58.1;48.9
05;2021-07-24;864;836;83184;70155;58.7;49.5
05;2021-07-25;305;160;83489;70315;58.9;49.6
05;2021-07-26;779;561;84268;70876;59.4;50.0
05;2021-07-27;1261;756;85529;71632;60.3;50.5
05;2021-07-28;1523;720;87052;72352;61.4;51.0
05;2021-07-29;1346;723;88398;73075;62.4;51.5
05;2021-07-30;961;593;89359;73668;63.0;52.0
05;2021-07-31;782;524;90141;74192;63.6;52.3
05;2021-08-01;192;178;90333;74370;63.7;52.5
05;2021-08-02;835;548;91168;74918;64.3;52.8
05;2021-08-03;827;608;91995;75526;64.9;53.3
05;2021-08-04;990;757;92985;76283;65.6;53.8
05;2021-08-05;981;722;93966;77005;66.3;54.3
05;2021-08-06;875;793;94841;77798;66.9;54.9
05;2021-08-07;631;642;95472;78440;67.3;55.3
05;2021-08-08;196;270;95668;78710;67.5;55.5
05;2021-08-09;773;847;96441;79557;68.0;56.1
05;2021-08-10;651;697;97092;80254;68.5;56.6
05;2021-08-11;742;856;97834;81110;69.0;57.2
05;2021-08-12;793;784;98627;81894;69.6;57.8
05;2021-08-13;625;893;99252;82787;70.0;58.4
05;2021-08-14;408;783;99660;83570;70.3;59.0
05;2021-08-15;188;224;99848;83794;70.4;59.1
05;2021-08-16;488;1084;100336;84878;70.8;59.9
05;2021-08-17;433;882;100769;85760;71.1;60.5
05;2021-08-18;435;971;101204;86731;71.4;61.2
05;2021-08-19;500;963;101704;87694;71.7;61.9
05;2021-08-20;477;1113;102181;88807;72.1;62.6
05;2021-08-21;356;850;102537;89657;72.3;63.2
05;2021-08-22;117;254;102654;89911;72.4;63.4
05;2021-08-23;321;828;102975;90739;72.6;64.0
05;2021-08-24;401;779;103376;91518;72.9;64.6
05;2021-08-25;407;923;103783;92441;73.2;65.2
05;2021-08-26;304;813;104087;93254;73.4;65.8
05;2021-08-27;334;920;104421;94174;73.7;66.4
05;2021-08-28;244;655;104665;94829;73.8;66.9
05;2021-08-29;66;255;104731;95084;73.9;67.1
05;2021-08-30;268;803;104999;95887;74.1;67.6
05;2021-08-31;252;713;105251;96600;74.2;68.1
05;2021-09-01;268;655;105519;97255;74.4;68.6
05;2021-09-02;250;705;105769;97960;74.6;69.1
05;2021-09-03;248;613;106017;98573;74.8;69.5
05;2021-09-04;202;667;106219;99240;74.9;70.0
05;2021-09-05;55;177;106274;99417;75.0;70.1
05;2021-09-06;160;421;106434;99838;75.1;70.4
05;2021-09-07;205;605;106639;100443;75.2;70.9
06;2020-12-27;13;0;13;0;0.0;0.0
06;2020-12-28;23;0;36;0;0.0;0.0
06;2020-12-29;11;0;47;0;0.0;0.0
06;2020-12-30;9;0;56;0;0.0;0.0
06;2020-12-31;29;0;85;0;0.0;0.0
06;2021-01-01;22;0;107;0;0.0;0.0
06;2021-01-02;7;0;114;0;0.0;0.0
06;2021-01-03;7;0;121;0;0.0;0.0
06;2021-01-04;154;1;275;1;0.0;0.0
06;2021-01-05;190;2;465;3;0.0;0.0
06;2021-01-06;239;1;704;4;0.1;0.0
06;2021-01-07;521;2;1225;6;0.1;0.0
06;2021-01-08;688;2;1913;8;0.2;0.0
06;2021-01-09;393;3;2306;11;0.2;0.0
06;2021-01-10;82;0;2388;11;0.2;0.0
06;2021-01-11;1152;0;3540;11;0.3;0.0
06;2021-01-12;2244;5;5784;16;0.5;0.0
06;2021-01-13;1742;5;7526;21;0.7;0.0
06;2021-01-14;2159;18;9685;39;0.9;0.0
06;2021-01-15;1890;5;11575;44;1.1;0.0
06;2021-01-16;992;4;12567;48;1.2;0.0
06;2021-01-17;243;0;12810;48;1.2;0.0
06;2021-01-18;2497;7;15307;55;1.4;0.0
06;2021-01-19;2776;12;18083;67;1.7;0.0
06;2021-01-20;3370;12;21453;79;2.0;0.0
06;2021-01-21;3041;23;24494;102;2.3;0.0
06;2021-01-22;2983;18;27477;120;2.5;0.0
06;2021-01-23;1305;3;28782;123;2.7;0.0
06;2021-01-24;32;0;28814;123;2.7;0.0
06;2021-01-25;2079;13;30893;136;2.9;0.0
06;2021-01-26;3405;45;34298;181;3.2;0.0
06;2021-01-27;2570;98;36868;279;3.4;0.0
06;2021-01-28;2821;192;39689;471;3.7;0.0
06;2021-01-29;2520;299;42209;770;3.9;0.1
06;2021-01-30;671;43;42880;813;4.0;0.1
06;2021-01-31;4;1;42884;814;4.0;0.1
06;2021-02-01;1029;441;43913;1255;4.1;0.1
06;2021-02-02;1506;387;45419;1642;4.2;0.2
06;2021-02-03;335;131;45754;1773;4.2;0.2
06;2021-02-04;721;839;46475;2612;4.3;0.2
06;2021-02-05;1014;1034;47489;3646;4.4;0.3
06;2021-02-06;166;410;47655;4056;4.4;0.4
06;2021-02-07;14;49;47669;4105;4.4;0.4
06;2021-02-08;541;988;48210;5093;4.5;0.5
06;2021-02-09;323;704;48533;5797;4.5;0.5
06;2021-02-10;380;593;48913;6390;4.5;0.6
06;2021-02-11;481;952;49394;7342;4.6;0.7
06;2021-02-12;658;1176;50052;8518;4.6;0.8
06;2021-02-13;206;310;50258;8828;4.7;0.8
06;2021-02-14;16;1;50274;8829;4.7;0.8
06;2021-02-15;471;1085;50745;9914;4.7;0.9
06;2021-02-16;872;1876;51617;11790;4.8;1.1
06;2021-02-17;838;1940;52455;13730;4.9;1.3
06;2021-02-18;1817;2490;54272;16220;5.0;1.5
06;2021-02-19;1768;2003;56040;18223;5.2;1.7
06;2021-02-20;287;474;56327;18697;5.2;1.7
06;2021-02-21;24;55;56351;18752;5.2;1.7
06;2021-02-22;1087;1430;57438;20182;5.3;1.9
06;2021-02-23;1757;1329;59195;21511;5.5;2.0
06;2021-02-24;2122;1111;61317;22622;5.7;2.1
06;2021-02-25;3860;1477;65177;24099;6.0;2.2
06;2021-02-26;3406;1420;68583;25519;6.4;2.4
06;2021-02-27;1441;316;70024;25835;6.5;2.4
06;2021-02-28;97;24;70121;25859;6.5;2.4
06;2021-03-01;2422;716;72543;26575;6.7;2.5
06;2021-03-02;2465;851;75008;27426;6.9;2.5
06;2021-03-03;2867;498;77875;27924;7.2;2.6
06;2021-03-04;4633;535;82508;28459;7.6;2.6
06;2021-03-05;3916;987;86424;29446;8.0;2.7
06;2021-03-06;11966;347;98390;29793;9.1;2.8
06;2021-03-07;10215;315;108605;30108;10.1;2.8
06;2021-03-08;4175;1082;112780;31190;10.4;2.9
06;2021-03-09;5007;880;117787;32070;10.9;3.0
06;2021-03-10;4727;792;122514;32862;11.4;3.0
06;2021-03-11;6737;889;129251;33751;12.0;3.1
06;2021-03-12;6884;1000;136135;34751;12.6;3.2
06;2021-03-13;11261;355;147396;35106;13.7;3.3
06;2021-03-14;514;47;147910;35153;13.7;3.3
06;2021-03-15;4843;749;152753;35902;14.2;3.3
06;2021-03-16;3778;1048;156531;36950;14.5;3.4
06;2021-03-17;6209;1835;162740;38785;15.1;3.6
06;2021-03-18;5134;1807;167874;40592;15.6;3.8
06;2021-03-19;6831;1996;174705;42588;16.2;3.9
06;2021-03-20;2375;552;177080;43140;16.4;4.0
06;2021-03-21;411;23;177491;43163;16.4;4.0
06;2021-03-22;3989;704;181480;43867;16.8;4.1
06;2021-03-23;5992;1213;187472;45080;17.4;4.2
06;2021-03-24;4228;3268;191700;48348;17.8;4.5
06;2021-03-25;5878;3176;197578;51524;18.3;4.8
06;2021-03-26;6368;1992;203946;53516;18.9;5.0
06;2021-03-27;2041;366;205987;53882;19.1;5.0
06;2021-03-28;214;5;206201;53887;19.1;5.0
06;2021-03-29;3207;2086;209408;55973;19.4;5.2
06;2021-03-30;5196;2514;214604;58487;19.9;5.4
06;2021-03-31;8061;1659;222665;60146;20.6;5.6
06;2021-04-01;7667;2463;230332;62609;21.3;5.8
06;2021-04-02;7252;2706;237584;65315;22.0;6.1
06;2021-04-03;2725;1374;240309;66689;22.3;6.2
06;2021-04-04;301;548;240610;67237;22.3;6.2
06;2021-04-05;1413;696;242023;67933;22.4;6.3
06;2021-04-06;6673;3307;248696;71240;23.0;6.6
06;2021-04-07;6230;3891;254926;75131;23.6;7.0
06;2021-04-08;5753;5652;260679;80783;24.2;7.5
06;2021-04-09;9392;5859;270071;86642;25.0;8.0
06;2021-04-10;2396;2780;272467;89422;25.2;8.3
06;2021-04-11;189;58;272656;89480;25.3;8.3
06;2021-04-12;4390;3513;277046;92993;25.7;8.6
06;2021-04-13;6385;5075;283431;98068;26.3;9.1
06;2021-04-14;5473;4468;288904;102536;26.8;9.5
06;2021-04-15;5556;4387;294460;106923;27.3;9.9
06;2021-04-16;7089;5196;301549;112119;27.9;10.4
06;2021-04-17;2787;3054;304336;115173;28.2;10.7
06;2021-04-18;267;224;304603;115397;28.2;10.7
06;2021-04-19;5500;4042;310103;119439;28.7;11.1
06;2021-04-20;5669;4875;315772;124314;29.3;11.5
06;2021-04-21;8330;4172;324102;128486;30.0;11.9
06;2021-04-22;8577;4198;332679;132684;30.8;12.3
06;2021-04-23;8833;4274;341512;136958;31.6;12.7
06;2021-04-24;2356;1499;343868;138457;31.9;12.8
06;2021-04-25;122;29;343990;138486;31.9;12.8
06;2021-04-26;4157;2317;348147;140803;32.3;13.0
06;2021-04-27;4588;4042;352735;144845;32.7;13.4
06;2021-04-28;4155;4579;356890;149424;33.1;13.8
06;2021-04-29;6093;5460;362983;154884;33.6;14.3
06;2021-04-30;6779;5170;369762;160054;34.3;14.8
06;2021-05-01;4168;835;373930;160889;34.6;14.9
06;2021-05-02;494;157;374424;161046;34.7;14.9
06;2021-05-03;6921;3556;381345;164602;35.3;15.2
06;2021-05-04;5757;5386;387102;169988;35.9;15.7
06;2021-05-05;4550;3916;391652;173904;36.3;16.1
06;2021-05-06;5233;4737;396885;178641;36.8;16.6
06;2021-05-07;5663;5677;402548;184318;37.3;17.1
06;2021-05-08;4874;1328;407422;185646;37.7;17.2
06;2021-05-09;206;308;407628;185954;37.8;17.2
06;2021-05-10;4831;5046;412459;191000;38.2;17.7
06;2021-05-11;4947;5572;417406;196572;38.7;18.2
06;2021-05-12;9111;4899;426517;201471;39.5;18.7
06;2021-05-13;9280;2142;435797;203613;40.4;18.9
06;2021-05-14;10853;3362;446650;206975;41.4;19.2
06;2021-05-15;9301;2217;455951;209192;42.2;19.4
06;2021-05-16;1504;287;457455;209479;42.4;19.4
06;2021-05-17;7517;3754;464972;213233;43.1;19.8
06;2021-05-18;9744;3223;474716;216456;44.0;20.1
06;2021-05-19;7711;2984;482427;219440;44.7;20.3
06;2021-05-20;7956;3672;490383;223112;45.4;20.7
06;2021-05-21;8811;3945;499194;227057;46.2;21.0
06;2021-05-22;3035;1326;502229;228383;46.5;21.2
06;2021-05-23;132;627;502361;229010;46.5;21.2
06;2021-05-24;3199;997;505560;230007;46.8;21.3
06;2021-05-25;4767;4932;510327;234939;47.3;21.8
06;2021-05-26;5692;6630;516019;241569;47.8;22.4
06;2021-05-27;5589;6278;521608;247847;48.3;23.0
06;2021-05-28;4991;7291;526599;255138;48.8;23.6
06;2021-05-29;1644;2931;528243;258069;48.9;23.9
06;2021-05-30;258;1123;528501;259192;49.0;24.0
06;2021-05-31;4420;5121;532921;264313;49.4;24.5
06;2021-06-01;5751;7428;538672;271741;49.9;25.2
06;2021-06-02;3322;8549;541994;280290;50.2;26.0
06;2021-06-03;4550;8305;546544;288595;50.6;26.7
06;2021-06-04;5498;7738;552042;296333;51.1;27.5
06;2021-06-05;2466;3348;554508;299681;51.4;27.8
06;2021-06-06;181;234;554689;299915;51.4;27.8
06;2021-06-07;4151;5587;558840;305502;51.8;28.3
06;2021-06-08;4481;5213;563321;310715;52.2;28.8
06;2021-06-09;4125;7366;567446;318081;52.6;29.5
06;2021-06-10;4798;6869;572244;324950;53.0;30.1
06;2021-06-11;3921;8363;576165;333313;53.4;30.9
06;2021-06-12;1747;3751;577912;337064;53.5;31.2
06;2021-06-13;150;439;578062;337503;53.6;31.3
06;2021-06-14;2741;8603;580803;346106;53.8;32.1
06;2021-06-15;3291;9494;584094;355600;54.1;32.9
06;2021-06-16;3518;7014;587612;362614;54.4;33.6
06;2021-06-17;3690;7194;591302;369808;54.8;34.3
06;2021-06-18;2641;5929;593943;375737;55.0;34.8
06;2021-06-19;1317;1686;595260;377423;55.1;35.0
06;2021-06-20;210;348;595470;377771;55.2;35.0
06;2021-06-21;1731;6305;597201;384076;55.3;35.6
06;2021-06-22;2365;7364;599566;391440;55.5;36.3
06;2021-06-23;2095;6548;601661;397988;55.7;36.9
06;2021-06-24;3488;8978;605149;406966;56.1;37.7
06;2021-06-25;2307;9611;607456;416577;56.3;38.6
06;2021-06-26;895;2289;608351;418866;56.4;38.8
06;2021-06-27;379;1189;608730;420055;56.4;38.9
06;2021-06-28;2498;8128;611228;428183;56.6;39.7
06;2021-06-29;2393;7724;613621;435907;56.8;40.4
06;2021-06-30;1526;7695;615147;443602;57.0;41.1
06;2021-07-01;3491;7485;618638;451087;57.3;41.8
06;2021-07-02;4470;8275;623108;459362;57.7;42.6
06;2021-07-03;1243;4308;624351;463670;57.8;43.0
06;2021-07-04;318;303;624669;463973;57.9;43.0
06;2021-07-05;4072;5146;628741;469119;58.2;43.5
06;2021-07-06;2135;5820;630876;474939;58.4;44.0
06;2021-07-07;4194;5980;635070;480919;58.8;44.6
06;2021-07-08;3716;6330;638786;487249;59.2;45.1
06;2021-07-09;4862;6241;643648;493490;59.6;45.7
06;2021-07-10;1773;2333;645421;495823;59.8;45.9
06;2021-07-11;331;322;645752;496145;59.8;46.0
06;2021-07-12;4202;7157;649954;503302;60.2;46.6
06;2021-07-13;6134;9025;656088;512327;60.8;47.5
06;2021-07-14;1237;441;657325;512768;60.9;47.5
06;2021-07-15;6825;8050;664150;520818;61.5;48.3
06;2021-07-16;8521;9023;672671;529841;62.3;49.1
06;2021-07-17;3172;5473;675843;535314;62.6;49.6
06;2021-07-18;1077;5333;676920;540647;62.7;50.1
06;2021-07-19;6168;8035;683088;548682;63.3;50.8
06;2021-07-20;7599;10257;690687;558939;64.0;51.8
06;2021-07-21;8474;8711;699161;567650;64.8;52.6
06;2021-07-22;10441;7882;709602;575532;65.7;53.3
06;2021-07-23;9564;6940;719166;582472;66.6;54.0
06;2021-07-24;3303;3123;722469;585595;66.9;54.3
06;2021-07-25;1001;478;723470;586073;67.0;54.3
06;2021-07-26;7660;6893;731130;592966;67.7;54.9
06;2021-07-27;9260;5596;740390;598562;68.6;55.5
06;2021-07-28;7474;5413;747864;603975;69.3;56.0
06;2021-07-29;8866;5781;756730;609756;70.1;56.5
06;2021-07-30;8535;5550;765265;615306;70.9;57.0
06;2021-07-31;3820;3083;769085;618389;71.3;57.3
06;2021-08-01;893;435;769978;618824;71.3;57.3
06;2021-08-02;7038;4619;777016;623443;72.0;57.8
06;2021-08-03;6813;5484;783829;628927;72.6;58.3
06;2021-08-04;5803;3512;789632;632439;73.2;58.6
06;2021-08-05;6717;4464;796349;636903;73.8;59.0
06;2021-08-06;6065;6128;802414;643031;74.3;59.6
06;2021-08-07;2308;2471;804722;645502;74.6;59.8
06;2021-08-08;604;633;805326;646135;74.6;59.9
06;2021-08-09;4794;6020;810120;652155;75.1;60.4
06;2021-08-10;5468;6905;815588;659060;75.6;61.1
06;2021-08-11;4404;6209;819992;665269;76.0;61.6
06;2021-08-12;4649;6741;824641;672010;76.4;62.3
06;2021-08-13;3802;6446;828443;678456;76.8;62.9
06;2021-08-14;1558;2279;830001;680735;76.9;63.1
06;2021-08-15;403;637;830404;681372;76.9;63.1
06;2021-08-16;3179;6887;833583;688259;77.2;63.8
06;2021-08-17;3783;7769;837366;696028;77.6;64.5
06;2021-08-18;2899;6401;840265;702429;77.8;65.1
06;2021-08-19;3912;8111;844177;710540;78.2;65.8
06;2021-08-20;3154;6508;847331;717048;78.5;66.4
06;2021-08-21;1790;3591;849121;720639;78.7;66.8
06;2021-08-22;365;707;849486;721346;78.7;66.8
06;2021-08-23;2369;6526;851855;727872;78.9;67.4
06;2021-08-24;2799;6464;854654;734336;79.2;68.0
06;2021-08-25;2547;5658;857201;739994;79.4;68.6
06;2021-08-26;2635;6863;859836;746857;79.7;69.2
06;2021-08-27;2445;7069;862281;753926;79.9;69.8
06;2021-08-28;1280;3331;863561;757257;80.0;70.2
06;2021-08-29;282;818;863843;758075;80.0;70.2
06;2021-08-30;2358;6359;866201;764434;80.2;70.8
06;2021-08-31;2693;7121;868894;771555;80.5;71.5
06;2021-09-01;2230;5801;871124;777356;80.7;72.0
06;2021-09-02;2370;6404;873494;783760;80.9;72.6
06;2021-09-03;2072;6856;875566;790616;81.1;73.2
06;2021-09-04;1302;3639;876868;794255;81.2;73.6
06;2021-09-05;263;521;877131;794776;81.3;73.6
06;2021-09-06;1349;4877;878480;799653;81.4;74.1
06;2021-09-07;1509;5237;879989;804890;81.5;74.6
07;2020-12-27;0;0;0;0;0.0;0.0
07;2020-12-28;0;0;0;0;0.0;0.0
07;2020-12-29;0;0;0;0;0.0;0.0
07;2020-12-30;0;0;0;0;0.0;0.0
07;2020-12-31;0;0;0;0;0.0;0.0
07;2021-01-01;7;0;7;0;0.0;0.0
07;2021-01-02;0;0;7;0;0.0;0.0
07;2021-01-03;0;0;7;0;0.0;0.0
07;2021-01-04;0;0;7;0;0.0;0.0
07;2021-01-05;0;0;7;0;0.0;0.0
07;2021-01-06;31;0;38;0;0.0;0.0
07;2021-01-07;130;1;168;1;0.1;0.0
07;2021-01-08;45;1;213;2;0.1;0.0
07;2021-01-09;17;0;230;2;0.1;0.0
07;2021-01-10;0;0;230;2;0.1;0.0
07;2021-01-11;157;1;387;3;0.1;0.0
07;2021-01-12;310;0;697;3;0.2;0.0
07;2021-01-13;309;1;1006;4;0.3;0.0
07;2021-01-14;477;0;1483;4;0.5;0.0
07;2021-01-15;188;0;1671;4;0.5;0.0
07;2021-01-16;17;0;1688;4;0.5;0.0
07;2021-01-17;2;0;1690;4;0.5;0.0
07;2021-01-18;363;4;2053;8;0.6;0.0
07;2021-01-19;831;2;2884;10;0.9;0.0
07;2021-01-20;605;2;3489;12;1.1;0.0
07;2021-01-21;452;3;3941;15;1.2;0.0
07;2021-01-22;291;0;4232;15;1.3;0.0
07;2021-01-23;107;0;4339;15;1.3;0.0
07;2021-01-24;0;0;4339;15;1.3;0.0
07;2021-01-25;164;0;4503;15;1.4;0.0
07;2021-01-26;491;4;4994;19;1.5;0.0
07;2021-01-27;556;7;5550;26;1.7;0.0
07;2021-01-28;1206;101;6756;127;2.1;0.0
07;2021-01-29;707;18;7463;145;2.3;0.0
07;2021-01-30;213;4;7676;149;2.3;0.0
07;2021-01-31;7;0;7683;149;2.4;0.0
07;2021-02-01;267;17;7950;166;2.4;0.1
07;2021-02-02;664;238;8614;404;2.6;0.1
07;2021-02-03;1046;217;9660;621;3.0;0.2
07;2021-02-04;722;254;10382;875;3.2;0.3
07;2021-02-05;484;250;10866;1125;3.3;0.3
07;2021-02-06;98;3;10964;1128;3.4;0.3
07;2021-02-07;12;1;10976;1129;3.4;0.3
07;2021-02-08;239;153;11215;1282;3.4;0.4
07;2021-02-09;488;316;11703;1598;3.6;0.5
07;2021-02-10;538;373;12241;1971;3.7;0.6
07;2021-02-11;400;258;12641;2229;3.9;0.7
07;2021-02-12;267;151;12908;2380;3.9;0.7
07;2021-02-13;69;17;12977;2397;4.0;0.7
07;2021-02-14;0;0;12977;2397;4.0;0.7
07;2021-02-15;270;112;13247;2509;4.1;0.8
07;2021-02-16;348;330;13595;2839;4.2;0.9
07;2021-02-17;466;313;14061;3152;4.3;1.0
07;2021-02-18;562;746;14623;3898;4.5;1.2
07;2021-02-19;457;488;15080;4386;4.6;1.3
07;2021-02-20;109;58;15189;4444;4.6;1.4
07;2021-02-21;15;0;15204;4444;4.7;1.4
07;2021-02-22;425;202;15629;4646;4.8;1.4
07;2021-02-23;646;600;16275;5246;5.0;1.6
07;2021-02-24;928;678;17203;5924;5.3;1.8
07;2021-02-25;710;503;17913;6427;5.5;2.0
07;2021-02-26;845;260;18758;6687;5.7;2.0
07;2021-02-27;190;140;18948;6827;5.8;2.1
07;2021-02-28;1;0;18949;6827;5.8;2.1
07;2021-03-01;438;197;19387;7024;5.9;2.1
07;2021-03-02;655;554;20042;7578;6.1;2.3
07;2021-03-03;693;511;20735;8089;6.3;2.5
07;2021-03-04;1100;338;21835;8427;6.7;2.6
07;2021-03-05;1084;359;22919;8786;7.0;2.7
07;2021-03-06;1125;99;24044;8885;7.4;2.7
07;2021-03-07;717;20;24761;8905;7.6;2.7
07;2021-03-08;352;315;25113;9220;7.7;2.8
07;2021-03-09;1088;425;26201;9645;8.0;3.0
07;2021-03-10;867;514;27068;10159;8.3;3.1
07;2021-03-11;1373;464;28441;10623;8.7;3.2
07;2021-03-12;1618;562;30059;11185;9.2;3.4
07;2021-03-13;680;99;30739;11284;9.4;3.5
07;2021-03-14;4;0;30743;11284;9.4;3.5
07;2021-03-15;527;287;31270;11571;9.6;3.5
07;2021-03-16;1209;482;32479;12053;9.9;3.7
07;2021-03-17;1188;772;33667;12825;10.3;3.9
07;2021-03-18;1219;413;34886;13238;10.7;4.0
07;2021-03-19;1268;422;36154;13660;11.1;4.2
07;2021-03-20;467;108;36621;13768;11.2;4.2
07;2021-03-21;3;1;36624;13769;11.2;4.2
07;2021-03-22;790;533;37414;14302;11.4;4.4
07;2021-03-23;1518;717;38932;15019;11.9;4.6
07;2021-03-24;1277;659;40209;15678;12.3;4.8
07;2021-03-25;1852;516;42061;16194;12.9;5.0
07;2021-03-26;1834;443;43895;16637;13.4;5.1
07;2021-03-27;385;100;44280;16737;13.5;5.1
07;2021-03-28;6;1;44286;16738;13.5;5.1
07;2021-03-29;789;357;45075;17095;13.8;5.2
07;2021-03-30;1526;508;46601;17603;14.3;5.4
07;2021-03-31;1660;507;48261;18110;14.8;5.5
07;2021-04-01;1588;660;49849;18770;15.3;5.7
07;2021-04-02;1523;439;51372;19209;15.7;5.9
07;2021-04-03;230;106;51602;19315;15.8;5.9
07;2021-04-04;3;1;51605;19316;15.8;5.9
07;2021-04-05;0;66;51605;19382;15.8;5.9
07;2021-04-06;1160;760;52765;20142;16.1;6.2
07;2021-04-07;1317;899;54082;21041;16.5;6.4
07;2021-04-08;1969;1178;56051;22219;17.1;6.8
07;2021-04-09;2425;567;58476;22786;17.9;7.0
07;2021-04-10;808;162;59284;22948;18.1;7.0
07;2021-04-11;339;12;59623;22960;18.2;7.0
07;2021-04-12;1287;601;60910;23561;18.6;7.2
07;2021-04-13;1768;1337;62678;24898;19.2;7.6
07;2021-04-14;1678;1010;64356;25908;19.7;7.9
07;2021-04-15;1442;843;65798;26751;20.1;8.2
07;2021-04-16;1505;906;67303;27657;20.6;8.5
07;2021-04-17;870;216;68173;27873;20.9;8.5
07;2021-04-18;701;38;68874;27911;21.1;8.5
07;2021-04-19;1161;573;70035;28484;21.4;8.7
07;2021-04-20;1441;1319;71476;29803;21.9;9.1
07;2021-04-21;1719;918;73195;30721;22.4;9.4
07;2021-04-22;1817;968;75012;31689;22.9;9.7
07;2021-04-23;1411;970;76423;32659;23.4;10.0
07;2021-04-24;962;252;77385;32911;23.7;10.1
07;2021-04-25;717;69;78102;32980;23.9;10.1
07;2021-04-26;1138;678;79240;33658;24.2;10.3
07;2021-04-27;1395;1565;80635;35223;24.7;10.8
07;2021-04-28;1636;1758;82271;36981;25.2;11.3
07;2021-04-29;1938;1533;84209;38514;25.8;11.8
07;2021-04-30;1661;1482;85870;39996;26.3;12.2
07;2021-05-01;960;118;86830;40114;26.6;12.3
07;2021-05-02;844;155;87674;40269;26.8;12.3
07;2021-05-03;1280;435;88954;40704;27.2;12.5
07;2021-05-04;2171;1566;91125;42270;27.9;12.9
07;2021-05-05;1745;1386;92870;43656;28.4;13.4
07;2021-05-06;2105;1587;94975;45243;29.1;13.8
07;2021-05-07;1597;1556;96572;46799;29.5;14.3
07;2021-05-08;1228;405;97800;47204;29.9;14.4
07;2021-05-09;1030;327;98830;47531;30.2;14.5
07;2021-05-10;1406;1177;100236;48708;30.7;14.9
07;2021-05-11;2472;1696;102708;50404;31.4;15.4
07;2021-05-12;2164;1277;104872;51681;32.1;15.8
07;2021-05-13;1712;273;106584;51954;32.6;15.9
07;2021-05-14;1735;998;108319;52952;33.1;16.2
07;2021-05-15;1627;500;109946;53452;33.6;16.4
07;2021-05-16;1444;212;111390;53664;34.1;16.4
07;2021-05-17;1772;859;113162;54523;34.6;16.7
07;2021-05-18;2296;1303;115458;55826;35.3;17.1
07;2021-05-19;2375;999;117833;56825;36.0;17.4
07;2021-05-20;2165;1310;119998;58135;36.7;17.8
07;2021-05-21;1758;1312;121756;59447;37.2;18.2
07;2021-05-22;935;544;122691;59991;37.5;18.4
07;2021-05-23;857;157;123548;60148;37.8;18.4
07;2021-05-24;1650;339;125198;60487;38.3;18.5
07;2021-05-25;2185;1479;127383;61966;39.0;19.0
07;2021-05-26;1529;1381;128912;63347;39.4;19.4
07;2021-05-27;2018;1410;130930;64757;40.1;19.8
07;2021-05-28;1770;2080;132700;66837;40.6;20.4
07;2021-05-29;943;684;133643;67521;40.9;20.7
07;2021-05-30;622;570;134265;68091;41.1;20.8
07;2021-05-31;1133;1281;135398;69372;41.4;21.2
07;2021-06-01;2153;2001;137551;71373;42.1;21.8
07;2021-06-02;1530;1654;139081;73027;42.5;22.3
07;2021-06-03;1712;1254;140793;74281;43.1;22.7
07;2021-06-04;1676;1593;142469;75874;43.6;23.2
07;2021-06-05;987;955;143456;76829;43.9;23.5
07;2021-06-06;598;622;144054;77451;44.1;23.7
07;2021-06-07;962;1193;145016;78644;44.4;24.1
07;2021-06-08;1549;1771;146565;80415;44.8;24.6
07;2021-06-09;1030;1420;147595;81835;45.2;25.0
07;2021-06-10;788;1389;148383;83224;45.4;25.5
07;2021-06-11;1154;2034;149537;85258;45.7;26.1
07;2021-06-12;643;1217;150180;86475;45.9;26.5
07;2021-06-13;395;444;150575;86919;46.1;26.6
07;2021-06-14;566;1961;151141;88880;46.2;27.2
07;2021-06-15;936;2552;152077;91432;46.5;28.0
07;2021-06-16;1024;1852;153101;93284;46.8;28.5
07;2021-06-17;885;1950;153986;95234;47.1;29.1
07;2021-06-18;872;2283;154858;97517;47.4;29.8
07;2021-06-19;604;1453;155462;98970;47.6;30.3
07;2021-06-20;369;727;155831;99697;47.7;30.5
07;2021-06-21;517;2144;156348;101841;47.8;31.2
07;2021-06-22;655;2661;157003;104502;48.0;32.0
07;2021-06-23;680;1961;157683;106463;48.2;32.6
07;2021-06-24;646;1852;158329;108315;48.4;33.1
07;2021-06-25;701;2177;159030;110492;48.7;33.8
07;2021-06-26;362;1431;159392;111923;48.8;34.2
07;2021-06-27;285;1073;159677;112996;48.8;34.6
07;2021-06-28;506;2242;160183;115238;49.0;35.3
07;2021-06-29;540;2988;160723;118226;49.2;36.2
07;2021-06-30;822;2282;161545;120508;49.4;36.9
07;2021-07-01;776;1965;162321;122473;49.7;37.5
07;2021-07-02;882;2297;163203;124770;49.9;38.2
07;2021-07-03;421;1139;163624;125909;50.1;38.5
07;2021-07-04;211;852;163835;126761;50.1;38.8
07;2021-07-05;670;1686;164505;128447;50.3;39.3
07;2021-07-06;880;2632;165385;131079;50.6;40.1
07;2021-07-07;970;1947;166355;133026;50.9;40.7
07;2021-07-08;928;1966;167283;134992;51.2;41.3
07;2021-07-09;996;2262;168279;137254;51.5;42.0
07;2021-07-10;598;1101;168877;138355;51.7;42.3
07;2021-07-11;239;614;169116;138969;51.7;42.5
07;2021-07-12;809;1769;169925;140738;52.0;43.1
07;2021-07-13;1771;3177;171696;143915;52.5;44.0
07;2021-07-14;167;133;171863;144048;52.6;44.1
07;2021-07-15;1961;2464;173824;146512;53.2;44.8
07;2021-07-16;2055;1986;175879;148498;53.8;45.4
07;2021-07-17;1484;1251;177363;149749;54.3;45.8
07;2021-07-18;771;482;178134;150231;54.5;46.0
07;2021-07-19;1514;1688;179648;151919;55.0;46.5
07;2021-07-20;2522;2683;182170;154602;55.7;47.3
07;2021-07-21;1855;1916;184025;156518;56.3;47.9
07;2021-07-22;1918;1373;185943;157891;56.9;48.3
07;2021-07-23;2267;1687;188210;159578;57.6;48.8
07;2021-07-24;1640;1111;189850;160689;58.1;49.2
07;2021-07-25;34;22;189884;160711;58.1;49.2
07;2021-07-26;2197;1538;192081;162249;58.8;49.6
07;2021-07-27;3010;1910;195091;164159;59.7;50.2
07;2021-07-28;1644;1306;196735;165465;60.2;50.6
07;2021-07-29;2540;1274;199275;166739;61.0;51.0
07;2021-07-30;1354;1417;200629;168156;61.4;51.4
07;2021-07-31;1506;924;202135;169080;61.8;51.7
07;2021-08-01;74;26;202209;169106;61.9;51.7
07;2021-08-02;1514;1135;203723;170241;62.3;52.1
07;2021-08-03;2416;1913;206139;172154;63.1;52.7
07;2021-08-04;1946;1031;208085;173185;63.7;53.0
07;2021-08-05;1888;1293;209973;174478;64.2;53.4
07;2021-08-06;2030;1709;212003;176187;64.9;53.9
07;2021-08-07;997;554;213000;176741;65.2;54.1
07;2021-08-08;11;23;213011;176764;65.2;54.1
07;2021-08-09;1256;1382;214267;178146;65.6;54.5
07;2021-08-10;1600;2259;215867;180405;66.0;55.2
07;2021-08-11;1400;1600;217267;182005;66.5;55.7
07;2021-08-12;1100;1483;218367;183488;66.8;56.1
07;2021-08-13;1179;1786;219546;185274;67.2;56.7
07;2021-08-14;510;765;220056;186039;67.3;56.9
07;2021-08-15;9;28;220065;186067;67.3;56.9
07;2021-08-16;753;1327;220818;187394;67.6;57.3
07;2021-08-17;1329;2276;222147;189670;68.0;58.0
07;2021-08-18;871;1514;223018;191184;68.2;58.5
07;2021-08-19;1144;1695;224162;192879;68.6;59.0
07;2021-08-20;893;2086;225055;194965;68.9;59.6
07;2021-08-21;361;547;225416;195512;69.0;59.8
07;2021-08-22;7;23;225423;195535;69.0;59.8
07;2021-08-23;466;1308;225889;196843;69.1;60.2
07;2021-08-24;1121;2308;227010;199151;69.4;60.9
07;2021-08-25;683;1833;227693;200984;69.7;61.5
07;2021-08-26;683;2017;228376;203001;69.9;62.1
07;2021-08-27;779;1821;229155;204822;70.1;62.7
07;2021-08-28;335;606;229490;205428;70.2;62.8
07;2021-08-29;1;33;229491;205461;70.2;62.9
07;2021-08-30;426;1325;229917;206786;70.3;63.3
07;2021-08-31;1091;2279;231008;209065;70.7;64.0
07;2021-09-01;531;1395;231539;210460;70.8;64.4
07;2021-09-02;601;1538;232140;211998;71.0;64.9
07;2021-09-03;734;1887;232874;213885;71.2;65.4
07;2021-09-04;308;715;233182;214600;71.3;65.7
07;2021-09-05;26;22;233208;214622;71.3;65.7
07;2021-09-06;399;1028;233607;215650;71.5;66.0
07;2021-09-07;496;1455;234103;217105;71.6;66.4
08;2020-12-27;1;0;1;0;0.0;0.0
08;2020-12-28;0;0;1;0;0.0;0.0
08;2020-12-29;0;0;1;0;0.0;0.0
08;2020-12-30;0;0;1;0;0.0;0.0
08;2020-12-31;0;0;1;0;0.0;0.0
08;2021-01-01;0;0;1;0;0.0;0.0
08;2021-01-02;0;0;1;0;0.0;0.0
08;2021-01-03;2;0;3;0;0.0;0.0
08;2021-01-04;24;0;27;0;0.0;0.0
08;2021-01-05;1;0;28;0;0.0;0.0
08;2021-01-06;0;0;28;0;0.0;0.0
08;2021-01-07;188;0;216;0;0.1;0.0
08;2021-01-08;314;0;530;0;0.2;0.0
08;2021-01-09;113;0;643;0;0.2;0.0
08;2021-01-10;1;0;644;0;0.2;0.0
08;2021-01-11;67;0;711;0;0.3;0.0
08;2021-01-12;157;0;868;0;0.3;0.0
08;2021-01-13;480;1;1348;1;0.5;0.0
08;2021-01-14;537;9;1885;10;0.7;0.0
08;2021-01-15;287;2;2172;12;0.8;0.0
08;2021-01-16;106;0;2278;12;0.9;0.0
08;2021-01-17;2;0;2280;12;0.9;0.0
08;2021-01-18;371;2;2651;14;1.0;0.0
08;2021-01-19;873;1;3524;15;1.3;0.0
08;2021-01-20;910;4;4434;19;1.7;0.0
08;2021-01-21;743;1;5177;20;1.9;0.0
08;2021-01-22;677;1;5854;21;2.2;0.0
08;2021-01-23;237;0;6091;21;2.3;0.0
08;2021-01-24;0;0;6091;21;2.3;0.0
08;2021-01-25;207;0;6298;21;2.4;0.0
08;2021-01-26;303;1;6601;22;2.5;0.0
08;2021-01-27;410;1;7011;23;2.6;0.0
08;2021-01-28;565;181;7576;204;2.9;0.1
08;2021-01-29;587;179;8163;383;3.1;0.1
08;2021-01-30;222;63;8385;446;3.2;0.2
08;2021-01-31;0;0;8385;446;3.2;0.2
08;2021-02-01;80;45;8465;491;3.2;0.2
08;2021-02-02;192;169;8657;660;3.3;0.2
08;2021-02-03;141;164;8798;824;3.3;0.3
08;2021-02-04;309;280;9107;1104;3.4;0.4
08;2021-02-05;499;347;9606;1451;3.6;0.5
08;2021-02-06;149;69;9755;1520;3.7;0.6
08;2021-02-07;8;0;9763;1520;3.7;0.6
08;2021-02-08;40;160;9803;1680;3.7;0.6
08;2021-02-09;220;623;10023;2303;3.8;0.9
08;2021-02-10;334;615;10357;2918;3.9;1.1
08;2021-02-11;465;344;10822;3262;4.1;1.2
08;2021-02-12;676;363;11498;3625;4.3;1.4
08;2021-02-13;140;99;11638;3724;4.4;1.4
08;2021-02-14;3;60;11641;3784;4.4;1.4
08;2021-02-15;227;181;11868;3965;4.5;1.5
08;2021-02-16;130;340;11998;4305;4.5;1.6
08;2021-02-17;112;366;12110;4671;4.6;1.8
08;2021-02-18;215;468;12325;5139;4.6;1.9
08;2021-02-19;305;379;12630;5518;4.8;2.1
08;2021-02-20;7;191;12637;5709;4.8;2.2
08;2021-02-21;0;0;12637;5709;4.8;2.2
08;2021-02-22;132;162;12769;5871;4.8;2.2
08;2021-02-23;150;285;12919;6156;4.9;2.3
08;2021-02-24;163;362;13082;6518;4.9;2.5
08;2021-02-25;500;486;13582;7004;5.1;2.6
08;2021-02-26;603;592;14185;7596;5.3;2.9
08;2021-02-27;318;184;14503;7780;5.5;2.9
08;2021-02-28;19;1;14522;7781;5.5;2.9
08;2021-03-01;200;100;14722;7881;5.5;3.0
08;2021-03-02;654;268;15376;8149;5.8;3.1
08;2021-03-03;897;197;16273;8346;6.1;3.1
08;2021-03-04;734;319;17007;8665;6.4;3.3
08;2021-03-05;1022;519;18029;9184;6.8;3.5
08;2021-03-06;695;139;18724;9323;7.1;3.5
08;2021-03-07;75;2;18799;9325;7.1;3.5
08;2021-03-08;217;125;19016;9450;7.2;3.6
08;2021-03-09;687;151;19703;9601;7.4;3.6
08;2021-03-10;1038;114;20741;9715;7.8;3.7
08;2021-03-11;982;250;21723;9965;8.2;3.8
08;2021-03-12;1631;515;23354;10480;8.8;3.9
08;2021-03-13;797;123;24151;10603;9.1;4.0
08;2021-03-14;22;0;24173;10603;9.1;4.0
08;2021-03-15;291;73;24464;10676;9.2;4.0
08;2021-03-16;563;40;25027;10716;9.4;4.0
08;2021-03-17;804;64;25831;10780;9.7;4.1
08;2021-03-18;816;157;26647;10937;10.0;4.1
08;2021-03-19;1135;283;27782;11220;10.5;4.2
08;2021-03-20;510;18;28292;11238;10.7;4.2
08;2021-03-21;13;1;28305;11239;10.7;4.2
08;2021-03-22;367;45;28672;11284;10.8;4.2
08;2021-03-23;733;63;29405;11347;11.1;4.3
08;2021-03-24;1327;69;30732;11416;11.6;4.3
08;2021-03-25;1905;97;32637;11513;12.3;4.3
08;2021-03-26;2570;172;35207;11685;13.3;4.4
08;2021-03-27;898;124;36105;11809;13.6;4.4
08;2021-03-28;228;6;36333;11815;13.7;4.4
08;2021-03-29;261;183;36594;11998;13.8;4.5
08;2021-03-30;832;486;37426;12484;14.1;4.7
08;2021-03-31;852;532;38278;13016;14.4;4.9
08;2021-04-01;1685;447;39963;13463;15.1;5.1
08;2021-04-02;1499;517;41462;13980;15.6;5.3
08;2021-04-03;1329;202;42791;14182;16.1;5.3
08;2021-04-04;134;4;42925;14186;16.2;5.3
08;2021-04-05;17;0;42942;14186;16.2;5.3
08;2021-04-06;703;482;43645;14668;16.4;5.5
08;2021-04-07;910;702;44555;15370;16.8;5.8
08;2021-04-08;1743;523;46298;15893;17.4;6.0
08;2021-04-09;2348;726;48646;16619;18.3;6.3
08;2021-04-10;1449;226;50095;16845;18.9;6.3
08;2021-04-11;10;6;50105;16851;18.9;6.3
08;2021-04-12;671;211;50776;17062;19.1;6.4
08;2021-04-13;1310;610;52086;17672;19.6;6.7
08;2021-04-14;1280;867;53366;18539;20.1;7.0
08;2021-04-15;1606;806;54972;19345;20.7;7.3
08;2021-04-16;1873;880;56845;20225;21.4;7.6
08;2021-04-17;1112;401;57957;20626;21.8;7.8
08;2021-04-18;23;14;57980;20640;21.8;7.8
08;2021-04-19;1151;298;59131;20938;22.3;7.9
08;2021-04-20;1120;542;60251;21480;22.7;8.1
08;2021-04-21;1139;744;61390;22224;23.1;8.4
08;2021-04-22;1327;880;62717;23104;23.6;8.7
08;2021-04-23;1676;1173;64393;24277;24.3;9.1
08;2021-04-24;1325;647;65718;24924;24.7;9.4
08;2021-04-25;26;198;65744;25122;24.8;9.5
08;2021-04-26;1040;156;66784;25278;25.2;9.5
08;2021-04-27;1338;593;68122;25871;25.7;9.7
08;2021-04-28;1453;673;69575;26544;26.2;10.0
08;2021-04-29;1173;1313;70748;27857;26.6;10.5
08;2021-04-30;1769;1611;72517;29468;27.3;11.1
08;2021-05-01;1049;493;73566;29961;27.7;11.3
08;2021-05-02;627;183;74193;30144;27.9;11.4
08;2021-05-03;1169;372;75362;30516;28.4;11.5
08;2021-05-04;1328;877;76690;31393;28.9;11.8
08;2021-05-05;1567;1336;78257;32729;29.5;12.3
08;2021-05-06;1971;1658;80228;34387;30.2;13.0
08;2021-05-07;1861;2099;82089;36486;30.9;13.7
08;2021-05-08;923;767;83012;37253;31.3;14.0
08;2021-05-09;443;71;83455;37324;31.4;14.1
08;2021-05-10;1192;658;84647;37982;31.9;14.3
08;2021-05-11;1910;940;86557;38922;32.6;14.7
08;2021-05-12;1810;1240;88367;40162;33.3;15.1
08;2021-05-13;1306;619;89673;40781;33.8;15.4
08;2021-05-14;2535;1036;92208;41817;34.7;15.7
08;2021-05-15;1821;711;94029;42528;35.4;16.0
08;2021-05-16;820;102;94849;42630;35.7;16.1
08;2021-05-17;700;905;95549;43535;36.0;16.4
08;2021-05-18;1251;840;96800;44375;36.5;16.7
08;2021-05-19;1610;960;98410;45335;37.1;17.1
08;2021-05-20;2147;956;100557;46291;37.9;17.4
08;2021-05-21;2338;1273;102895;47564;38.8;17.9
08;2021-05-22;1817;762;104712;48326;39.4;18.2
08;2021-05-23;864;90;105576;48416;39.8;18.2
08;2021-05-24;715;105;106291;48521;40.0;18.3
08;2021-05-25;1456;671;107747;49192;40.6;18.5
08;2021-05-26;1527;1011;109274;50203;41.2;18.9
08;2021-05-27;2005;1144;111279;51347;41.9;19.3
08;2021-05-28;1973;1819;113252;53166;42.7;20.0
08;2021-05-29;1768;966;115020;54132;43.3;20.4
08;2021-05-30;836;102;115856;54234;43.6;20.4
08;2021-05-31;755;569;116611;54803;43.9;20.6
08;2021-06-01;1351;877;117962;55680;44.4;21.0
08;2021-06-02;1295;1196;119257;56876;44.9;21.4
08;2021-06-03;1386;1521;120643;58397;45.4;22.0
08;2021-06-04;1777;2420;122420;60817;46.1;22.9
08;2021-06-05;1177;1379;123597;62196;46.5;23.4
08;2021-06-06;907;107;124504;62303;46.9;23.5
08;2021-06-07;661;1174;125165;63477;47.1;23.9
08;2021-06-08;931;1496;126096;64973;47.5;24.5
08;2021-06-09;841;1386;126937;66359;47.8;25.0
08;2021-06-10;1718;1559;128655;67918;48.5;25.6
08;2021-06-11;1721;2207;130376;70125;49.1;26.4
08;2021-06-12;1418;1527;131794;71652;49.6;27.0
08;2021-06-13;386;598;132180;72250;49.8;27.2
08;2021-06-14;380;1304;132560;73554;49.9;27.7
08;2021-06-15;741;1550;133301;75104;50.2;28.3
08;2021-06-16;808;2057;134109;77161;50.5;29.1
08;2021-06-17;1285;1851;135394;79012;51.0;29.8
08;2021-06-18;1609;2592;137003;81604;51.6;30.7
08;2021-06-19;1325;1407;138328;83011;52.1;31.3
08;2021-06-20;117;422;138445;83433;52.1;31.4
08;2021-06-21;494;1397;138939;84830;52.3;31.9
08;2021-06-22;809;2023;139748;86853;52.6;32.7
08;2021-06-23;860;1673;140608;88526;53.0;33.3
08;2021-06-24;1038;1923;141646;90449;53.3;34.1
08;2021-06-25;1084;2729;142730;93178;53.8;35.1
08;2021-06-26;1011;1784;143741;94962;54.1;35.8
08;2021-06-27;351;642;144092;95604;54.3;36.0
08;2021-06-28;397;1324;144489;96928;54.4;36.5
08;2021-06-29;628;1472;145117;98400;54.7;37.1
08;2021-06-30;856;1690;145973;100090;55.0;37.7
08;2021-07-01;887;2194;146860;102284;55.3;38.5
08;2021-07-02;939;2642;147799;104926;55.7;39.5
08;2021-07-03;784;2145;148583;107071;56.0;40.3
08;2021-07-04;128;861;148711;107932;56.0;40.6
08;2021-07-05;104;1195;148815;109127;56.0;41.1
08;2021-07-06;425;1835;149240;110962;56.2;41.8
08;2021-07-07;364;1781;149604;112743;56.3;42.5
08;2021-07-08;717;2016;150321;114759;56.6;43.2
08;2021-07-09;734;2434;151055;117193;56.9;44.1
08;2021-07-10;653;1997;151708;119190;57.1;44.9
08;2021-07-11;238;726;151946;119916;57.2;45.2
08;2021-07-12;312;1192;152258;121108;57.3;45.6
08;2021-07-13;946;1788;153204;122896;57.7;46.3
08;2021-07-14;178;329;153382;123225;57.8;46.4
08;2021-07-15;760;2448;154142;125673;58.1;47.3
08;2021-07-16;1084;2404;155226;128077;58.5;48.2
08;2021-07-17;993;2107;156219;130184;58.8;49.0
08;2021-07-18;346;741;156565;130925;59.0;49.3
08;2021-07-19;457;920;157022;131845;59.1;49.7
08;2021-07-20;878;1435;157900;133280;59.5;50.2
08;2021-07-21;1235;1717;159135;134997;59.9;50.8
08;2021-07-22;1151;2168;160286;137165;60.4;51.7
08;2021-07-23;1586;2442;161872;139607;61.0;52.6
08;2021-07-24;1310;1923;163182;141530;61.5;53.3
08;2021-07-25;774;444;163956;141974;61.7;53.5
08;2021-07-26;1323;844;165279;142818;62.2;53.8
08;2021-07-27;2188;1406;167467;144224;63.1;54.3
08;2021-07-28;2414;1452;169881;145676;64.0;54.9
08;2021-07-29;2605;1346;172486;147022;65.0;55.4
08;2021-07-30;2601;1589;175087;148611;65.9;56.0
08;2021-07-31;1974;1075;177061;149686;66.7;56.4
08;2021-08-01;935;300;177996;149986;67.0;56.5
08;2021-08-02;1255;682;179251;150668;67.5;56.7
08;2021-08-03;1632;823;180883;151491;68.1;57.1
08;2021-08-04;1491;664;182374;152155;68.7;57.3
08;2021-08-05;1905;976;184279;153131;69.4;57.7
08;2021-08-06;2588;1099;186867;154230;70.4;58.1
08;2021-08-07;1673;1162;188540;155392;71.0;58.5
08;2021-08-08;585;374;189125;155766;71.2;58.7
08;2021-08-09;672;535;189797;156301;71.5;58.9
08;2021-08-10;878;749;190675;157050;71.8;59.1
08;2021-08-11;524;791;191199;157841;72.0;59.4
08;2021-08-12;1160;1079;192359;158920;72.4;59.8
08;2021-08-13;1155;1015;193514;159935;72.9;60.2
08;2021-08-14;587;913;194101;160848;73.1;60.6
08;2021-08-15;137;274;194238;161122;73.2;60.7
08;2021-08-16;219;1180;194457;162302;73.2;61.1
08;2021-08-17;514;1209;194971;163511;73.4;61.6
08;2021-08-18;278;1264;195249;164775;73.5;62.1
08;2021-08-19;605;1889;195854;166664;73.8;62.8
08;2021-08-20;681;2177;196535;168841;74.0;63.6
08;2021-08-21;273;1339;196808;170180;74.1;64.1
08;2021-08-22;105;899;196913;171079;74.2;64.4
08;2021-08-23;160;1448;197073;172527;74.2;65.0
08;2021-08-24;361;1753;197434;174280;74.4;65.6
08;2021-08-25;320;1247;197754;175527;74.5;66.1
08;2021-08-26;500;2063;198254;177590;74.7;66.9
08;2021-08-27;449;2324;198703;179914;74.8;67.8
08;2021-08-28;260;1285;198963;181199;74.9;68.2
08;2021-08-29;167;561;199130;181760;75.0;68.5
08;2021-08-30;302;1166;199432;182926;75.1;68.9
08;2021-08-31;360;1283;199792;184209;75.2;69.4
08;2021-09-01;413;1351;200205;185560;75.4;69.9
08;2021-09-02;462;1286;200667;186846;75.6;70.4
08;2021-09-03;461;1691;201128;188537;75.7;71.0
08;2021-09-04;348;1462;201476;189999;75.9;71.6
08;2021-09-05;106;205;201582;190204;75.9;71.6
08;2021-09-06;195;513;201777;190717;76.0;71.8
08;2021-09-07;203;611;201980;191328;76.1;72.1
09;2020-12-27;0;0;0;0;0.0;0.0
09;2020-12-28;1;0;1;0;0.0;0.0
09;2020-12-29;0;0;1;0;0.0;0.0
09;2020-12-30;0;0;1;0;0.0;0.0
09;2020-12-31;0;0;1;0;0.0;0.0
09;2021-01-01;0;0;1;0;0.0;0.0
09;2021-01-02;0;0;1;0;0.0;0.0
09;2021-01-03;0;0;1;0;0.0;0.0
09;2021-01-04;2;1;3;1;0.0;0.0
09;2021-01-05;0;0;3;1;0.0;0.0
09;2021-01-06;3;0;6;1;0.0;0.0
09;2021-01-07;257;2;263;3;0.2;0.0
09;2021-01-08;228;0;491;3;0.3;0.0
09;2021-01-09;103;0;594;3;0.4;0.0
09;2021-01-10;59;0;653;3;0.4;0.0
09;2021-01-11;175;0;828;3;0.5;0.0
09;2021-01-12;303;0;1131;3;0.7;0.0
09;2021-01-13;196;0;1327;3;0.9;0.0
09;2021-01-14;432;8;1759;11;1.2;0.0
09;2021-01-15;223;1;1982;12;1.3;0.0
09;2021-01-16;194;2;2176;14;1.4;0.0
09;2021-01-17;123;0;2299;14;1.5;0.0
09;2021-01-18;267;1;2566;15;1.7;0.0
09;2021-01-19;258;1;2824;16;1.9;0.0
09;2021-01-20;346;1;3170;17;2.1;0.0
09;2021-01-21;333;1;3503;18;2.3;0.0
09;2021-01-22;331;1;3834;19;2.5;0.0
09;2021-01-23;237;0;4071;19;2.7;0.0
09;2021-01-24;85;1;4156;20;2.7;0.0
09;2021-01-25;206;11;4362;31;2.9;0.0
09;2021-01-26;634;25;4996;56;3.3;0.0
09;2021-01-27;472;47;5468;103;3.6;0.1
09;2021-01-28;285;142;5753;245;3.8;0.2
09;2021-01-29;251;121;6004;366;3.9;0.2
09;2021-01-30;143;53;6147;419;4.0;0.3
09;2021-01-31;56;10;6203;429;4.1;0.3
09;2021-02-01;82;130;6285;559;4.1;0.4
09;2021-02-02;57;288;6342;847;4.2;0.6
09;2021-02-03;87;194;6429;1041;4.2;0.7
09;2021-02-04;49;268;6478;1309;4.3;0.9
09;2021-02-05;89;125;6567;1434;4.3;0.9
09;2021-02-06;68;36;6635;1470;4.4;1.0
09;2021-02-07;6;53;6641;1523;4.4;1.0
09;2021-02-08;22;158;6663;1681;4.4;1.1
09;2021-02-09;55;246;6718;1927;4.4;1.3
09;2021-02-10;15;152;6733;2079;4.4;1.4
09;2021-02-11;6;180;6739;2259;4.4;1.5
09;2021-02-12;148;124;6887;2383;4.5;1.6
09;2021-02-13;7;126;6894;2509;4.5;1.6
09;2021-02-14;0;45;6894;2554;4.5;1.7
09;2021-02-15;75;115;6969;2669;4.6;1.8
09;2021-02-16;227;474;7196;3143;4.7;2.1
09;2021-02-17;83;346;7279;3489;4.8;2.3
09;2021-02-18;87;391;7366;3880;4.8;2.5
09;2021-02-19;63;230;7429;4110;4.9;2.7
09;2021-02-20;59;167;7488;4277;4.9;2.8
09;2021-02-21;0;40;7488;4317;4.9;2.8
09;2021-02-22;127;189;7615;4506;5.0;3.0
09;2021-02-23;161;119;7776;4625;5.1;3.0
09;2021-02-24;74;160;7850;4785;5.2;3.1
09;2021-02-25;211;152;8061;4937;5.3;3.2
09;2021-02-26;162;155;8223;5092;5.4;3.3
09;2021-02-27;65;59;8288;5151;5.4;3.4
09;2021-02-28;44;15;8332;5166;5.5;3.4
09;2021-03-01;247;87;8579;5253;5.6;3.4
09;2021-03-02;284;69;8863;5322;5.8;3.5
09;2021-03-03;252;126;9115;5448;6.0;3.6
09;2021-03-04;413;29;9528;5477;6.3;3.6
09;2021-03-05;331;57;9859;5534;6.5;3.6
09;2021-03-06;397;42;10256;5576;6.7;3.7
09;2021-03-07;124;4;10380;5580;6.8;3.7
09;2021-03-08;380;64;10760;5644;7.1;3.7
09;2021-03-09;437;137;11197;5781;7.3;3.8
09;2021-03-10;561;71;11758;5852;7.7;3.8
09;2021-03-11;695;78;12453;5930;8.2;3.9
09;2021-03-12;660;33;13113;5963;8.6;3.9
09;2021-03-13;385;3;13498;5966;8.9;3.9
09;2021-03-14;120;3;13618;5969;8.9;3.9
09;2021-03-15;467;51;14085;6020;9.2;4.0
09;2021-03-16;370;79;14455;6099;9.5;4.0
09;2021-03-17;399;72;14854;6171;9.7;4.0
09;2021-03-18;454;43;15308;6214;10.0;4.1
09;2021-03-19;525;56;15833;6270;10.4;4.1
09;2021-03-20;314;39;16147;6309;10.6;4.1
09;2021-03-21;105;0;16252;6309;10.7;4.1
09;2021-03-22;424;117;16676;6426;10.9;4.2
09;2021-03-23;566;171;17242;6597;11.3;4.3
09;2021-03-24;711;43;17953;6640;11.8;4.4
09;2021-03-25;869;134;18822;6774;12.4;4.4
09;2021-03-26;751;47;19573;6821;12.8;4.5
09;2021-03-27;622;70;20195;6891;13.3;4.5
09;2021-03-28;132;24;20327;6915;13.3;4.5
09;2021-03-29;498;276;20825;7191;13.7;4.7
09;2021-03-30;729;154;21554;7345;14.1;4.8
09;2021-03-31;803;182;22357;7527;14.7;4.9
09;2021-04-01;734;253;23091;7780;15.2;5.1
09;2021-04-02;694;267;23785;8047;15.6;5.3
09;2021-04-03;771;116;24556;8163;16.1;5.4
09;2021-04-04;122;57;24678;8220;16.2;5.4
09;2021-04-05;237;61;24915;8281;16.3;5.4
09;2021-04-06;1057;394;25972;8675;17.0;5.7
09;2021-04-07;1209;360;27181;9035;17.8;5.9
09;2021-04-08;1470;406;28651;9441;18.8;6.2
09;2021-04-09;1138;414;29789;9855;19.5;6.5
09;2021-04-10;1349;195;31138;10050;20.4;6.6
09;2021-04-11;173;102;31311;10152;20.5;6.7
09;2021-04-12;737;346;32048;10498;21.0;6.9
09;2021-04-13;1047;414;33095;10912;21.7;7.2
09;2021-04-14;1332;511;34427;11423;22.6;7.5
09;2021-04-15;1147;505;35574;11928;23.3;7.8
09;2021-04-16;1032;410;36606;12338;24.0;8.1
09;2021-04-17;1193;356;37799;12694;24.8;8.3
09;2021-04-18;102;96;37901;12790;24.9;8.4
09;2021-04-19;697;407;38598;13197;25.3;8.7
09;2021-04-20;766;531;39364;13728;25.8;9.0
09;2021-04-21;939;590;40303;14318;26.4;9.4
09;2021-04-22;666;606;40969;14924;26.9;9.8
09;2021-04-23;774;430;41743;15354;27.4;10.1
09;2021-04-24;741;671;42484;16025;27.9;10.5
09;2021-04-25;75;112;42559;16137;27.9;10.6
09;2021-04-26;382;533;42941;16670;28.2;10.9
09;2021-04-27;443;721;43384;17391;28.5;11.4
09;2021-04-28;806;794;44190;18185;29.0;11.9
09;2021-04-29;550;776;44740;18961;29.4;12.4
09;2021-04-30;621;723;45361;19684;29.8;12.9
09;2021-05-01;478;455;45839;20139;30.1;13.2
09;2021-05-02;51;100;45890;20239;30.1;13.3
09;2021-05-03;521;663;46411;20902;30.5;13.7
09;2021-05-04;555;1348;46966;22250;30.8;14.6
09;2021-05-05;822;1348;47788;23598;31.4;15.5
09;2021-05-06;849;1033;48637;24631;31.9;16.2
09;2021-05-07;977;822;49614;25453;32.6;16.7
09;2021-05-08;395;461;50009;25914;32.8;17.0
09;2021-05-09;264;84;50273;25998;33.0;17.1
09;2021-05-10;504;966;50777;26964;33.3;17.7
09;2021-05-11;741;1050;51518;28014;33.8;18.4
09;2021-05-12;1535;1402;53053;29416;34.8;19.3
09;2021-05-13;1383;425;54436;29841;35.7;19.6
09;2021-05-14;986;654;55422;30495;36.4;20.0
09;2021-05-15;1236;790;56658;31285;37.2;20.5
09;2021-05-16;296;48;56954;31333;37.4;20.6
09;2021-05-17;873;413;57827;31746;37.9;20.8
09;2021-05-18;1291;396;59118;32142;38.8;21.1
09;2021-05-19;1496;370;60614;32512;39.8;21.3
09;2021-05-20;1380;404;61994;32916;40.7;21.6
09;2021-05-21;1164;496;63158;33412;41.4;21.9
09;2021-05-22;1546;365;64704;33777;42.5;22.2
09;2021-05-23;273;25;64977;33802;42.6;22.2
09;2021-05-24;177;100;65154;33902;42.8;22.2
09;2021-05-25;998;500;66152;34402;43.4;22.6
09;2021-05-26;1285;447;67437;34849;44.3;22.9
09;2021-05-27;966;403;68403;35252;44.9;23.1
09;2021-05-28;958;511;69361;35763;45.5;23.5
09;2021-05-29;1796;600;71157;36363;46.7;23.9
09;2021-05-30;541;197;71698;36560;47.0;24.0
09;2021-05-31;717;592;72415;37152;47.5;24.4
09;2021-06-01;970;638;73385;37790;48.2;24.8
09;2021-06-02;1009;896;74394;38686;48.8;25.4
09;2021-06-03;810;682;75204;39368;49.3;25.8
09;2021-06-04;877;799;76081;40167;49.9;26.4
09;2021-06-05;1320;874;77401;41041;50.8;26.9
09;2021-06-06;304;108;77705;41149;51.0;27.0
09;2021-06-07;623;518;78328;41667;51.4;27.3
09;2021-06-08;823;488;79151;42155;51.9;27.7
09;2021-06-09;806;835;79957;42990;52.5;28.2
09;2021-06-10;642;534;80599;43524;52.9;28.6
09;2021-06-11;831;762;81430;44286;53.4;29.1
09;2021-06-12;636;809;82066;45095;53.8;29.6
09;2021-06-13;94;130;82160;45225;53.9;29.7
09;2021-06-14;630;708;82790;45933;54.3;30.1
09;2021-06-15;824;889;83614;46822;54.9;30.7
09;2021-06-16;627;1079;84241;47901;55.3;31.4
09;2021-06-17;780;853;85021;48754;55.8;32.0
09;2021-06-18;635;1150;85656;49904;56.2;32.7
09;2021-06-19;517;1580;86173;51484;56.5;33.8
09;2021-06-20;8;279;86181;51763;56.5;34.0
09;2021-06-21;473;698;86654;52461;56.9;34.4
09;2021-06-22;463;1066;87117;53527;57.2;35.1
09;2021-06-23;435;1224;87552;54751;57.4;35.9
09;2021-06-24;581;772;88133;55523;57.8;36.4
09;2021-06-25;411;1063;88544;56586;58.1;37.1
09;2021-06-26;443;1087;88987;57673;58.4;37.8
09;2021-06-27;2;275;88989;57948;58.4;38.0
09;2021-06-28;239;1046;89228;58994;58.5;38.7
09;2021-06-29;314;1228;89542;60222;58.8;39.5
09;2021-06-30;457;1492;89999;61714;59.1;40.5
09;2021-07-01;384;1430;90383;63144;59.3;41.4
09;2021-07-02;308;1162;90691;64306;59.5;42.2
09;2021-07-03;210;1619;90901;65925;59.6;43.3
09;2021-07-04;4;254;90905;66179;59.6;43.4
09;2021-07-05;189;713;91094;66892;59.8;43.9
09;2021-07-06;293;1221;91387;68113;60.0;44.7
09;2021-07-07;419;1399;91806;69512;60.2;45.6
09;2021-07-08;325;1058;92131;70570;60.5;46.3
09;2021-07-09;293;1154;92424;71724;60.6;47.1
09;2021-07-10;345;1727;92769;73451;60.9;48.2
09;2021-07-11;147;392;92916;73843;61.0;48.5
09;2021-07-12;187;1074;93103;74917;61.1;49.2
09;2021-07-13;642;1308;93745;76225;61.5;50.0
09;2021-07-14;489;220;94234;76445;61.8;50.2
09;2021-07-15;819;1165;95053;77610;62.4;50.9
09;2021-07-16;610;1190;95663;78800;62.8;51.7
09;2021-07-17;1016;1444;96679;80244;63.4;52.7
09;2021-07-18;301;221;96980;80465;63.6;52.8
09;2021-07-19;483;973;97463;81438;64.0;53.4
09;2021-07-20;830;1260;98293;82698;64.5;54.3
09;2021-07-21;1017;1167;99310;83865;65.2;55.0
09;2021-07-22;847;908;100157;84773;65.7;55.6
09;2021-07-23;724;910;100881;85683;66.2;56.2
09;2021-07-24;928;463;101809;86146;66.8;56.5
09;2021-07-25;559;134;102368;86280;67.2;56.6
09;2021-07-26;647;767;103015;87047;67.6;57.1
09;2021-07-27;1179;947;104194;87994;68.4;57.7
09;2021-07-28;1196;987;105390;88981;69.2;58.4
09;2021-07-29;1042;736;106432;89717;69.8;58.9
09;2021-07-30;779;625;107211;90342;70.3;59.3
09;2021-07-31;1378;416;108589;90758;71.3;59.6
09;2021-08-01;141;125;108730;90883;71.3;59.6
09;2021-08-02;614;479;109344;91362;71.7;59.9
09;2021-08-03;1254;767;110598;92129;72.6;60.5
09;2021-08-04;1398;654;111996;92783;73.5;60.9
09;2021-08-05;998;676;112994;93459;74.1;61.3
09;2021-08-06;1015;637;114009;94096;74.8;61.7
09;2021-08-07;827;428;114836;94524;75.4;62.0
09;2021-08-08;129;131;114965;94655;75.4;62.1
09;2021-08-09;690;648;115655;95303;75.9;62.5
09;2021-08-10;941;694;116596;95997;76.5;63.0
09;2021-08-11;894;868;117490;96865;77.1;63.6
09;2021-08-12;631;730;118121;97595;77.5;64.0
09;2021-08-13;465;646;118586;98241;77.8;64.5
09;2021-08-14;311;828;118897;99069;78.0;65.0
09;2021-08-15;67;138;118964;99207;78.1;65.1
09;2021-08-16;546;619;119510;99826;78.4;65.5
09;2021-08-17;673;777;120183;100603;78.9;66.0
09;2021-08-18;619;930;120802;101533;79.3;66.6
09;2021-08-19;431;722;121233;102255;79.6;67.1
09;2021-08-20;363;749;121596;103004;79.8;67.6
09;2021-08-21;343;1382;121939;104386;80.0;68.5
09;2021-08-22;67;168;122006;104554;80.1;68.6
09;2021-08-23;336;759;122342;105313;80.3;69.1
09;2021-08-24;402;955;122744;106268;80.5;69.7
09;2021-08-25;283;1004;123027;107272;80.7;70.4
09;2021-08-26;315;927;123342;108199;80.9;71.0
09;2021-08-27;223;740;123565;108939;81.1;71.5
09;2021-08-28;256;969;123821;109908;81.2;72.1
09;2021-08-29;15;144;123836;110052;81.3;72.2
09;2021-08-30;275;748;124111;110800;81.4;72.7
09;2021-08-31;315;1147;124426;111947;81.6;73.5
09;2021-09-01;360;977;124786;112924;81.9;74.1
09;2021-09-02;159;601;124945;113525;82.0;74.5
09;2021-09-03;223;879;125168;114404;82.1;75.1
09;2021-09-04;160;536;125328;114940;82.2;75.4
09;2021-09-05;25;104;125353;115044;82.3;75.5
09;2021-09-06;183;652;125536;115696;82.4;75.9
09;2021-09-07;154;694;125690;116390;82.5;76.4
10;2020-12-27;0;0;0;0;0.0;0.0
10;2020-12-28;0;0;0;0;0.0;0.0
10;2020-12-29;0;0;0;0;0.0;0.0
10;2020-12-30;0;0;0;0;0.0;0.0
10;2020-12-31;0;0;0;0;0.0;0.0
10;2021-01-01;0;0;0;0;0.0;0.0
10;2021-01-02;1;0;1;0;0.0;0.0
10;2021-01-03;0;0;1;0;0.0;0.0
10;2021-01-04;0;0;1;0;0.0;0.0
10;2021-01-05;1;0;2;0;0.0;0.0
10;2021-01-06;0;0;2;0;0.0;0.0
10;2021-01-07;84;0;86;0;0.0;0.0
10;2021-01-08;255;0;341;0;0.1;0.0
10;2021-01-09;0;0;341;0;0.1;0.0
10;2021-01-10;0;0;341;0;0.1;0.0
10;2021-01-11;117;0;458;0;0.1;0.0
10;2021-01-12;191;0;649;0;0.2;0.0
10;2021-01-13;313;0;962;0;0.3;0.0
10;2021-01-14;391;7;1353;7;0.4;0.0
10;2021-01-15;359;3;1712;10;0.6;0.0
10;2021-01-16;56;0;1768;10;0.6;0.0
10;2021-01-17;0;0;1768;10;0.6;0.0
10;2021-01-18;702;0;2470;10;0.8;0.0
10;2021-01-19;1389;2;3859;12;1.2;0.0
10;2021-01-20;1079;9;4938;21;1.6;0.0
10;2021-01-21;1152;2;6090;23;2.0;0.0
10;2021-01-22;819;2;6909;25;2.2;0.0
10;2021-01-23;309;0;7218;25;2.3;0.0
10;2021-01-24;0;0;7218;25;2.3;0.0
10;2021-01-25;445;8;7663;33;2.5;0.0
10;2021-01-26;487;17;8150;50;2.6;0.0
10;2021-01-27;459;14;8609;64;2.8;0.0
10;2021-01-28;358;45;8967;109;2.9;0.0
10;2021-01-29;430;181;9397;290;3.0;0.1
10;2021-01-30;30;0;9427;290;3.0;0.1
10;2021-01-31;0;0;9427;290;3.0;0.1
10;2021-02-01;405;133;9832;423;3.2;0.1
10;2021-02-02;182;145;10014;568;3.2;0.2
10;2021-02-03;361;214;10375;782;3.3;0.3
10;2021-02-04;342;258;10717;1040;3.5;0.3
10;2021-02-05;327;307;11044;1347;3.6;0.4
10;2021-02-06;3;35;11047;1382;3.6;0.4
10;2021-02-07;0;0;11047;1382;3.6;0.4
10;2021-02-08;190;358;11237;1740;3.6;0.6
10;2021-02-09;486;554;11723;2294;3.8;0.7
10;2021-02-10;667;473;12390;2767;4.0;0.9
10;2021-02-11;781;586;13171;3353;4.2;1.1
10;2021-02-12;580;543;13751;3896;4.4;1.3
10;2021-02-13;37;100;13788;3996;4.4;1.3
10;2021-02-14;0;0;13788;3996;4.4;1.3
10;2021-02-15;142;357;13930;4353;4.5;1.4
10;2021-02-16;116;463;14046;4816;4.5;1.6
10;2021-02-17;129;522;14175;5338;4.6;1.7
10;2021-02-18;216;484;14391;5822;4.6;1.9
10;2021-02-19;188;432;14579;6254;4.7;2.0
10;2021-02-20;24;165;14603;6419;4.7;2.1
10;2021-02-21;0;0;14603;6419;4.7;2.1
10;2021-02-22;77;380;14680;6799;4.7;2.2
10;2021-02-23;76;516;14756;7315;4.8;2.4
10;2021-02-24;113;339;14869;7654;4.8;2.5
10;2021-02-25;324;343;15193;7997;4.9;2.6
10;2021-02-26;351;268;15544;8265;5.0;2.7
10;2021-02-27;275;118;15819;8383;5.1;2.7
10;2021-02-28;0;0;15819;8383;5.1;2.7
10;2021-03-01;257;308;16076;8691;5.2;2.8
10;2021-03-02;435;361;16511;9052;5.3;2.9
10;2021-03-03;454;558;16965;9610;5.5;3.1
10;2021-03-04;636;482;17601;10092;5.7;3.3
10;2021-03-05;677;246;18278;10338;5.9;3.3
10;2021-03-06;950;43;19228;10381;6.2;3.3
10;2021-03-07;769;6;19997;10387;6.5;3.4
10;2021-03-08;502;437;20499;10824;6.6;3.5
10;2021-03-09;673;433;21172;11257;6.8;3.6
10;2021-03-10;660;357;21832;11614;7.0;3.7
10;2021-03-11;1174;237;23006;11851;7.4;3.8
10;2021-03-12;1338;243;24344;12094;7.9;3.9
10;2021-03-13;891;38;25235;12132;8.1;3.9
10;2021-03-14;1381;16;26616;12148;8.6;3.9
10;2021-03-15;821;79;27437;12227;8.9;3.9
10;2021-03-16;688;64;28125;12291;9.1;4.0
10;2021-03-17;831;67;28956;12358;9.3;4.0
10;2021-03-18;885;81;29841;12439;9.6;4.0
10;2021-03-19;951;70;30792;12509;9.9;4.0
10;2021-03-20;552;18;31344;12527;10.1;4.0
10;2021-03-21;1849;43;33193;12570;10.7;4.1
10;2021-03-22;879;72;34072;12642;11.0;4.1
10;2021-03-23;1244;92;35316;12734;11.4;4.1
10;2021-03-24;1311;59;36627;12793;11.8;4.1
10;2021-03-25;1676;228;38303;13021;12.4;4.2
10;2021-03-26;1431;116;39734;13137;12.8;4.2
10;2021-03-27;762;79;40496;13216;13.1;4.3
10;2021-03-28;1221;29;41717;13245;13.5;4.3
10;2021-03-29;648;303;42365;13548;13.7;4.4
10;2021-03-30;927;375;43292;13923;14.0;4.5
10;2021-03-31;617;359;43909;14282;14.2;4.6
10;2021-04-01;884;685;44793;14967;14.5;4.8
10;2021-04-02;1069;586;45862;15553;14.8;5.0
10;2021-04-03;540;604;46402;16157;15.0;5.2
10;2021-04-04;1826;260;48228;16417;15.6;5.3
10;2021-04-05;1843;43;50071;16460;16.2;5.3
10;2021-04-06;514;650;50585;17110;16.3;5.5
10;2021-04-07;590;540;51175;17650;16.5;5.7
10;2021-04-08;1057;607;52232;18257;16.9;5.9
10;2021-04-09;1130;612;53362;18869;17.2;6.1
10;2021-04-10;1770;348;55132;19217;17.8;6.2
10;2021-04-11;55;1221;55187;20438;17.8;6.6
10;2021-04-12;1003;807;56190;21245;18.1;6.9
10;2021-04-13;1506;894;57696;22139;18.6;7.1
10;2021-04-14;820;601;58516;22740;18.9;7.3
10;2021-04-15;1454;893;59970;23633;19.4;7.6
10;2021-04-16;1109;697;61079;24330;19.7;7.9
10;2021-04-17;2391;361;63470;24691;20.5;8.0
10;2021-04-18;1422;1785;64892;26476;20.9;8.5
10;2021-04-19;838;833;65730;27309;21.2;8.8
10;2021-04-20;546;1034;66276;28343;21.4;9.1
10;2021-04-21;636;974;66912;29317;21.6;9.5
10;2021-04-22;932;963;67844;30280;21.9;9.8
10;2021-04-23;2173;778;70017;31058;22.6;10.0
10;2021-04-24;2296;374;72313;31432;23.3;10.1
10;2021-04-25;1990;1215;74303;32647;24.0;10.5
10;2021-04-26;773;621;75076;33268;24.2;10.7
10;2021-04-27;895;537;75971;33805;24.5;10.9
10;2021-04-28;873;405;76844;34210;24.8;11.0
10;2021-04-29;1433;673;78277;34883;25.3;11.3
10;2021-04-30;2173;768;80450;35651;26.0;11.5
10;2021-05-01;1988;2168;82438;37819;26.6;12.2
10;2021-05-02;1948;1894;84386;39713;27.2;12.8
10;2021-05-03;622;447;85008;40160;27.4;13.0
10;2021-05-04;1144;1247;86152;41407;27.8;13.4
10;2021-05-05;1755;1021;87907;42428;28.4;13.7
10;2021-05-06;2257;948;90164;43376;29.1;14.0
10;2021-05-07;2218;1138;92382;44514;29.8;14.4
10;2021-05-08;2272;860;94654;45374;30.5;14.6
10;2021-05-09;2005;100;96659;45474;31.2;14.7
10;2021-05-10;530;1092;97189;46566;31.4;15.0
10;2021-05-11;1052;1030;98241;47596;31.7;15.4
10;2021-05-12;2062;884;100303;48480;32.4;15.6
10;2021-05-13;2180;434;102483;48914;33.1;15.8
10;2021-05-14;2729;673;105212;49587;33.9;16.0
10;2021-05-15;2426;2050;107638;51637;34.7;16.7
10;2021-05-16;2081;1448;109719;53085;35.4;17.1
10;2021-05-17;1451;443;111170;53528;35.9;17.3
10;2021-05-18;2510;639;113680;54167;36.7;17.5
10;2021-05-19;1553;638;115233;54805;37.2;17.7
10;2021-05-20;1892;846;117125;55651;37.8;18.0
10;2021-05-21;2318;618;119443;56269;38.5;18.2
10;2021-05-22;2180;422;121623;56691;39.2;18.3
10;2021-05-23;1817;139;123440;56830;39.8;18.3
10;2021-05-24;1968;177;125408;57007;40.5;18.4
10;2021-05-25;2195;491;127603;57498;41.2;18.6
10;2021-05-26;1677;421;129280;57919;41.7;18.7
10;2021-05-27;1660;755;130940;58674;42.3;18.9
10;2021-05-28;1719;1184;132659;59858;42.8;19.3
10;2021-05-29;2170;643;134829;60501;43.5;19.5
10;2021-05-30;1029;135;135858;60636;43.8;19.6
10;2021-05-31;1040;750;136898;61386;44.2;19.8
10;2021-06-01;1134;884;138032;62270;44.5;20.1
10;2021-06-02;1033;719;139065;62989;44.9;20.3
10;2021-06-03;1473;1071;140538;64060;45.3;20.7
10;2021-06-04;1768;2599;142306;66659;45.9;21.5
10;2021-06-05;1519;2450;143825;69109;46.4;22.3
10;2021-06-06;1005;1876;144830;70985;46.7;22.9
10;2021-06-07;698;1112;145528;72097;47.0;23.3
10;2021-06-08;896;1171;146424;73268;47.2;23.6
10;2021-06-09;877;913;147301;74181;47.5;23.9
10;2021-06-10;678;1072;147979;75253;47.7;24.3
10;2021-06-11;1199;2205;149178;77458;48.1;25.0
10;2021-06-12;855;2388;150033;79846;48.4;25.8
10;2021-06-13;401;1834;150434;81680;48.5;26.4
10;2021-06-14;535;743;150969;82423;48.7;26.6
10;2021-06-15;740;2133;151709;84556;49.0;27.3
10;2021-06-16;741;1860;152450;86416;49.2;27.9
10;2021-06-17;850;2458;153300;88874;49.5;28.7
10;2021-06-18;1031;2473;154331;91347;49.8;29.5
10;2021-06-19;981;2595;155312;93942;50.1;30.3
10;2021-06-20;549;1598;155861;95540;50.3;30.8
10;2021-06-21;682;1045;156543;96585;50.5;31.2
10;2021-06-22;744;1525;157287;98110;50.8;31.7
10;2021-06-23;652;2408;157939;100518;51.0;32.4
10;2021-06-24;784;2618;158723;103136;51.2;33.3
10;2021-06-25;730;3046;159453;106182;51.5;34.3
10;2021-06-26;513;2747;159966;108929;51.6;35.1
10;2021-06-27;403;1939;160369;110868;51.7;35.8
10;2021-06-28;685;1787;161054;112655;52.0;36.4
10;2021-06-29;617;2695;161671;115350;52.2;37.2
10;2021-06-30;534;1524;162205;116874;52.3;37.7
10;2021-07-01;553;2172;162758;119046;52.5;38.4
10;2021-07-02;668;2727;163426;121773;52.7;39.3
10;2021-07-03;529;2600;163955;124373;52.9;40.1
10;2021-07-04;411;1727;164366;126100;53.0;40.7
10;2021-07-05;668;2222;165034;128322;53.3;41.4
10;2021-07-06;652;2190;165686;130512;53.5;42.1
10;2021-07-07;636;1703;166322;132215;53.7;42.7
10;2021-07-08;749;1458;167071;133673;53.9;43.1
10;2021-07-09;815;1947;167886;135620;54.2;43.8
10;2021-07-10;633;2096;168519;137716;54.4;44.4
10;2021-07-11;500;1383;169019;139099;54.5;44.9
10;2021-07-12;780;1623;169799;140722;54.8;45.4
10;2021-07-13;1125;1873;170924;142595;55.2;46.0
10;2021-07-14;1170;1056;172094;143651;55.5;46.4
10;2021-07-15;1474;1979;173568;145630;56.0;47.0
10;2021-07-16;1240;2274;174808;147904;56.4;47.7
10;2021-07-17;1288;1739;176096;149643;56.8;48.3
10;2021-07-18;942;1225;177038;150868;57.1;48.7
10;2021-07-19;1360;1620;178398;152488;57.6;49.2
10;2021-07-20;1687;1432;180085;153920;58.1;49.7
10;2021-07-21;1395;1487;181480;155407;58.6;50.1
10;2021-07-22;1936;1599;183416;157006;59.2;50.7
10;2021-07-23;1596;1544;185012;158550;59.7;51.2
10;2021-07-24;1390;1228;186402;159778;60.1;51.6
10;2021-07-25;1251;789;187653;160567;60.6;51.8
10;2021-07-26;1913;1315;189566;161882;61.2;52.2
10;2021-07-27;2138;1090;191704;162972;61.9;52.6
10;2021-07-28;2095;1016;193799;163988;62.5;52.9
10;2021-07-29;2438;1204;196237;165192;63.3;53.3
10;2021-07-30;2162;1310;198399;166502;64.0;53.7
10;2021-07-31;1677;937;200076;167439;64.6;54.0
10;2021-08-01;1235;570;201311;168009;65.0;54.2
10;2021-08-02;1337;1336;202648;169345;65.4;54.6
10;2021-08-03;1567;896;204215;170241;65.9;54.9
10;2021-08-04;1317;1067;205532;171308;66.3;55.3
10;2021-08-05;1628;1346;207160;172654;66.8;55.7
10;2021-08-06;1803;1333;208963;173987;67.4;56.1
10;2021-08-07;1151;1133;210114;175120;67.8;56.5
10;2021-08-08;660;752;210774;175872;68.0;56.7
10;2021-08-09;1305;1543;212079;177415;68.4;57.2
10;2021-08-10;1632;1350;213711;178765;69.0;57.7
10;2021-08-11;836;1106;214547;179871;69.2;58.0
10;2021-08-12;1023;1226;215570;181097;69.6;58.4
10;2021-08-13;729;1075;216299;182172;69.8;58.8
10;2021-08-14;571;1238;216870;183410;70.0;59.2
10;2021-08-15;303;780;217173;184190;70.1;59.4
10;2021-08-16;701;1618;217874;185808;70.3;60.0
10;2021-08-17;860;1776;218734;187584;70.6;60.5
10;2021-08-18;693;1618;219427;189202;70.8;61.1
10;2021-08-19;538;1568;219965;190770;71.0;61.6
10;2021-08-20;602;1737;220567;192507;71.2;62.1
10;2021-08-21;419;1435;220986;193942;71.3;62.6
10;2021-08-22;187;1061;221173;195003;71.4;62.9
10;2021-08-23;478;1558;221651;196561;71.5;63.4
10;2021-08-24;663;1770;222314;198331;71.7;64.0
10;2021-08-25;453;1376;222767;199707;71.9;64.4
10;2021-08-26;427;1485;223194;201192;72.0;64.9
10;2021-08-27;619;1586;223813;202778;72.2;65.4
10;2021-08-28;386;1332;224199;204110;72.3;65.9
10;2021-08-29;225;946;224424;205056;72.4;66.2
10;2021-08-30;432;1395;224856;206451;72.6;66.6
10;2021-08-31;466;1450;225322;207901;72.7;67.1
10;2021-09-01;295;1200;225617;209101;72.8;67.5
10;2021-09-02;259;1144;225876;210245;72.9;67.8
10;2021-09-03;397;1217;226273;211462;73.0;68.2
10;2021-09-04;334;1093;226607;212555;73.1;68.6
10;2021-09-05;171;466;226778;213021;73.2;68.7
10;2021-09-06;266;750;227044;213771;73.3;69.0
10;2021-09-07;300;727;227344;214498;73.4;69.2
11;2020-12-27;0;0;0;0;0.0;0.0
11;2020-12-28;1;0;1;0;0.0;0.0
11;2020-12-29;1;0;2;0;0.0;0.0
11;2020-12-30;0;0;2;0;0.0;0.0
11;2020-12-31;0;0;2;0;0.0;0.0
11;2021-01-01;0;0;2;0;0.0;0.0
11;2021-01-02;5;0;7;0;0.0;0.0
11;2021-01-03;0;0;7;0;0.0;0.0
11;2021-01-04;1;0;8;0;0.0;0.0
11;2021-01-05;95;0;103;0;0.0;0.0
11;2021-01-06;25;0;128;0;0.0;0.0
11;2021-01-07;119;0;247;0;0.1;0.0
11;2021-01-08;91;1;338;1;0.1;0.0
11;2021-01-09;86;0;424;1;0.1;0.0
11;2021-01-10;67;0;491;1;0.1;0.0
11;2021-01-11;136;0;627;1;0.2;0.0
11;2021-01-12;545;3;1172;4;0.3;0.0
11;2021-01-13;410;1;1582;5;0.4;0.0
11;2021-01-14;646;8;2228;13;0.6;0.0
11;2021-01-15;342;4;2570;17;0.7;0.0
11;2021-01-16;77;1;2647;18;0.7;0.0
11;2021-01-17;47;1;2694;19;0.7;0.0
11;2021-01-18;388;0;3082;19;0.8;0.0
11;2021-01-19;531;4;3613;23;1.0;0.0
11;2021-01-20;693;6;4306;29;1.2;0.0
11;2021-01-21;648;4;4954;33;1.3;0.0
11;2021-01-22;524;2;5478;35;1.5;0.0
11;2021-01-23;160;0;5638;35;1.5;0.0
11;2021-01-24;139;0;5777;35;1.6;0.0
11;2021-01-25;375;19;6152;54;1.7;0.0
11;2021-01-26;847;85;6999;139;1.9;0.0
11;2021-01-27;799;24;7798;163;2.1;0.0
11;2021-01-28;649;61;8447;224;2.3;0.1
11;2021-01-29;441;122;8888;346;2.4;0.1
11;2021-01-30;135;0;9023;346;2.4;0.1
11;2021-01-31;82;0;9105;346;2.4;0.1
11;2021-02-01;344;190;9449;536;2.5;0.1
11;2021-02-02;412;397;9861;933;2.6;0.3
11;2021-02-03;391;348;10252;1281;2.8;0.3
11;2021-02-04;376;492;10628;1773;2.9;0.5
11;2021-02-05;317;327;10945;2100;2.9;0.6
11;2021-02-06;209;59;11154;2159;3.0;0.6
11;2021-02-07;108;12;11262;2171;3.0;0.6
11;2021-02-08;316;140;11578;2311;3.1;0.6
11;2021-02-09;299;254;11877;2565;3.2;0.7
11;2021-02-10;342;409;12219;2974;3.3;0.8
11;2021-02-11;610;612;12829;3586;3.4;1.0
11;2021-02-12;404;362;13233;3948;3.6;1.1
11;2021-02-13;194;105;13427;4053;3.6;1.1
11;2021-02-14;72;22;13499;4075;3.6;1.1
11;2021-02-15;241;189;13740;4264;3.7;1.1
11;2021-02-16;265;487;14005;4751;3.8;1.3
11;2021-02-17;453;601;14458;5352;3.9;1.4
11;2021-02-18;456;543;14914;5895;4.0;1.6
11;2021-02-19;300;470;15214;6365;4.1;1.7
11;2021-02-20;147;66;15361;6431;4.1;1.7
11;2021-02-21;59;35;15420;6466;4.1;1.7
11;2021-02-22;124;291;15544;6757;4.2;1.8
11;2021-02-23;283;284;15827;7041;4.2;1.9
11;2021-02-24;251;338;16078;7379;4.3;2.0
11;2021-02-25;563;298;16641;7677;4.5;2.1
11;2021-02-26;523;290;17164;7967;4.6;2.1
11;2021-02-27;319;95;17483;8062;4.7;2.2
11;2021-02-28;95;22;17578;8084;4.7;2.2
11;2021-03-01;339;286;17917;8370;4.8;2.2
11;2021-03-02;562;367;18479;8737;5.0;2.3
11;2021-03-03;600;403;19079;9140;5.1;2.5
11;2021-03-04;1077;388;20156;9528;5.4;2.6
11;2021-03-05;1003;392;21159;9920;5.7;2.7
11;2021-03-06;1094;195;22253;10115;6.0;2.7
11;2021-03-07;658;32;22911;10147;6.1;2.7
11;2021-03-08;370;347;23281;10494;6.2;2.8
11;2021-03-09;997;393;24278;10887;6.5;2.9
11;2021-03-10;1174;534;25452;11421;6.8;3.1
11;2021-03-11;1572;437;27024;11858;7.3;3.2
11;2021-03-12;1456;433;28480;12291;7.6;3.3
11;2021-03-13;1160;234;29640;12525;8.0;3.4
11;2021-03-14;523;52;30163;12577;8.1;3.4
11;2021-03-15;651;234;30814;12811;8.3;3.4
11;2021-03-16;853;198;31667;13009;8.5;3.5
11;2021-03-17;906;212;32573;13221;8.7;3.5
11;2021-03-18;1172;284;33745;13505;9.1;3.6
11;2021-03-19;1372;243;35117;13748;9.4;3.7
11;2021-03-20;790;173;35907;13921;9.6;3.7
11;2021-03-21;225;67;36132;13988;9.7;3.8
11;2021-03-22;808;219;36940;14207;9.9;3.8
11;2021-03-23;1806;391;38746;14598;10.4;3.9
11;2021-03-24;1846;316;40592;14914;10.9;4.0
11;2021-03-25;2190;373;42782;15287;11.5;4.1
11;2021-03-26;2125;444;44907;15731;12.0;4.2
11;2021-03-27;1178;145;46085;15876;12.4;4.3
11;2021-03-28;265;43;46350;15919;12.4;4.3
11;2021-03-29;1182;223;47532;16142;12.8;4.3
11;2021-03-30;1993;325;49525;16467;13.3;4.4
11;2021-03-31;1614;386;51139;16853;13.7;4.5
11;2021-04-01;2146;424;53285;17277;14.3;4.6
11;2021-04-02;1643;429;54928;17706;14.7;4.8
11;2021-04-03;720;146;55648;17852;14.9;4.8
11;2021-04-04;198;75;55846;17927;15.0;4.8
11;2021-04-05;257;4;56103;17931;15.1;4.8
11;2021-04-06;1574;551;57677;18482;15.5;5.0
11;2021-04-07;1777;573;59454;19055;16.0;5.1
11;2021-04-08;1785;684;61239;19739;16.4;5.3
11;2021-04-09;2263;602;63502;20341;17.0;5.5
11;2021-04-10;1169;179;64671;20520;17.4;5.5
11;2021-04-11;549;106;65220;20626;17.5;5.5
11;2021-04-12;1616;539;66836;21165;17.9;5.7
11;2021-04-13;2261;886;69097;22051;18.5;5.9
11;2021-04-14;1661;1020;70758;23071;19.0;6.2
11;2021-04-15;1844;1130;72602;24201;19.5;6.5
11;2021-04-16;1836;849;74438;25050;20.0;6.7
11;2021-04-17;1773;562;76211;25612;20.4;6.9
11;2021-04-18;114;155;76325;25767;20.5;6.9
11;2021-04-19;1384;736;77709;26503;20.9;7.1
11;2021-04-20;1729;1281;79438;27784;21.3;7.5
11;2021-04-21;1779;1323;81217;29107;21.8;7.8
11;2021-04-22;1751;1323;82968;30430;22.3;8.2
11;2021-04-23;2012;1234;84980;31664;22.8;8.5
11;2021-04-24;1735;468;86715;32132;23.3;8.6
11;2021-04-25;659;179;87374;32311;23.4;8.7
11;2021-04-26;1380;839;88754;33150;23.8;8.9
11;2021-04-27;1840;1551;90594;34701;24.3;9.3
11;2021-04-28;2009;1467;92603;36168;24.8;9.7
11;2021-04-29;2248;1637;94851;37805;25.4;10.1
11;2021-04-30;2158;1427;97009;39232;26.0;10.5
11;2021-05-01;1338;341;98347;39573;26.4;10.6
11;2021-05-02;588;336;98935;39909;26.5;10.7
11;2021-05-03;1487;736;100422;40645;26.9;10.9
11;2021-05-04;1879;1429;102301;42074;27.4;11.3
11;2021-05-05;1895;1439;104196;43513;28.0;11.7
11;2021-05-06;2192;1477;106388;44990;28.5;12.1
11;2021-05-07;2106;1560;108494;46550;29.1;12.5
11;2021-05-08;898;728;109392;47278;29.4;12.7
11;2021-05-09;628;543;110020;47821;29.5;12.8
11;2021-05-10;1328;1652;111348;49473;29.9;13.3
11;2021-05-11;2041;1870;113389;51343;30.4;13.8
11;2021-05-12;1848;1653;115237;52996;30.9;14.2
11;2021-05-13;1406;414;116643;53410;31.3;14.3
11;2021-05-14;1714;1185;118357;54595;31.8;14.6
11;2021-05-15;1157;897;119514;55492;32.1;14.9
11;2021-05-16;808;164;120322;55656;32.3;14.9
11;2021-05-17;1471;1048;121793;56704;32.7;15.2
11;2021-05-18;1898;1195;123691;57899;33.2;15.5
11;2021-05-19;1847;1124;125538;59023;33.7;15.8
11;2021-05-20;1969;1091;127507;60114;34.2;16.1
11;2021-05-21;2275;1091;129782;61205;34.8;16.4
11;2021-05-22;1485;727;131267;61932;35.2;16.6
11;2021-05-23;768;71;132035;62003;35.4;16.6
11;2021-05-24;1411;226;133446;62229;35.8;16.7
11;2021-05-25;1811;1355;135257;63584;36.3;17.1
11;2021-05-26;1934;1301;137191;64885;36.8;17.4
11;2021-05-27;1985;1722;139176;66607;37.3;17.9
11;2021-05-28;1758;1899;140934;68506;37.8;18.4
11;2021-05-29;1427;1601;142361;70107;38.2;18.8
11;2021-05-30;486;395;142847;70502;38.3;18.9
11;2021-05-31;1261;1617;144108;72119;38.7;19.4
11;2021-06-01;1857;1903;145965;74022;39.2;19.9
11;2021-06-02;1761;2069;147726;76091;39.6;20.4
11;2021-06-03;2599;2412;150325;78503;40.3;21.1
11;2021-06-04;2146;2669;152471;81172;40.9;21.8
11;2021-06-05;1590;1904;154061;83076;41.3;22.3
11;2021-06-06;877;860;154938;83936;41.6;22.5
11;2021-06-07;1527;1712;156465;85648;42.0;23.0
11;2021-06-08;2038;1993;158503;87641;42.5;23.5
11;2021-06-09;1789;2184;160292;89825;43.0;24.1
11;2021-06-10;1806;2426;162098;92251;43.5;24.8
11;2021-06-11;1864;2494;163962;94745;44.0;25.4
11;2021-06-12;1457;1625;165419;96370;44.4;25.9
11;2021-06-13;713;723;166132;97093;44.6;26.1
11;2021-06-14;1033;1969;167165;99062;44.9;26.6
11;2021-06-15;1395;2687;168560;101749;45.2;27.3
11;2021-06-16;1337;2529;169897;104278;45.6;28.0
11;2021-06-17;1474;2539;171371;106817;46.0;28.7
11;2021-06-18;1520;2488;172891;109305;46.4;29.3
11;2021-06-19;1237;1411;174128;110716;46.7;29.7
11;2021-06-20;299;599;174427;111315;46.8;29.9
11;2021-06-21;838;2123;175265;113438;47.0;30.4
11;2021-06-22;1016;2606;176281;116044;47.3;31.1
11;2021-06-23;1097;2089;177378;118133;47.6;31.7
11;2021-06-24;907;2246;178285;120379;47.8;32.3
11;2021-06-25;992;2546;179277;122925;48.1;33.0
11;2021-06-26;776;1656;180053;124581;48.3;33.4
11;2021-06-27;210;688;180263;125269;48.4;33.6
11;2021-06-28;697;2298;180960;127567;48.6;34.2
11;2021-06-29;964;2599;181924;130166;48.8;34.9
11;2021-06-30;905;2521;182829;132687;49.1;35.6
11;2021-07-01;1004;1888;183833;134575;49.3;36.1
11;2021-07-02;968;2544;184801;137119;49.6;36.8
11;2021-07-03;728;1806;185529;138925;49.8;37.3
11;2021-07-04;340;1109;185869;140034;49.9;37.6
11;2021-07-05;696;2133;186565;142167;50.1;38.1
11;2021-07-06;973;2518;187538;144685;50.3;38.8
11;2021-07-07;946;2511;188484;147196;50.6;39.5
11;2021-07-08;1191;1912;189675;149108;50.9;40.0
11;2021-07-09;823;1794;190498;150902;51.1;40.5
11;2021-07-10;369;1301;190867;152203;51.2;40.8
11;2021-07-11;313;564;191180;152767;51.3;41.0
11;2021-07-12;505;2670;191685;155437;51.4;41.7
11;2021-07-13;1305;3066;192990;158503;51.8;42.5
11;2021-07-14;211;233;193201;158736;51.8;42.6
11;2021-07-15;1450;2969;194651;161705;52.2;43.4
11;2021-07-16;1875;2733;196526;164438;52.7;44.1
11;2021-07-17;1075;2165;197601;166603;53.0;44.7
11;2021-07-18;653;946;198254;167549;53.2;45.0
11;2021-07-19;1355;2095;199609;169644;53.6;45.5
11;2021-07-20;1998;2407;201607;172051;54.1;46.2
11;2021-07-21;2016;2441;203623;174492;54.6;46.8
11;2021-07-22;2415;1887;206038;176379;55.3;47.3
11;2021-07-23;2230;2281;208268;178660;55.9;47.9
11;2021-07-24;1274;1628;209542;180288;56.2;48.4
11;2021-07-25;750;691;210292;180979;56.4;48.6
11;2021-07-26;1667;1428;211959;182407;56.9;48.9
11;2021-07-27;2341;2002;214300;184409;57.5;49.5
11;2021-07-28;2482;1988;216782;186397;58.2;50.0
11;2021-07-29;2772;1794;219554;188191;58.9;50.5
11;2021-07-30;2575;1803;222129;189994;59.6;51.0
11;2021-07-31;2008;1138;224137;191132;60.1;51.3
11;2021-08-01;1012;482;225149;191614;60.4;51.4
11;2021-08-02;1927;1152;227076;192766;60.9;51.7
11;2021-08-03;2439;1598;229515;194364;61.6;52.1
11;2021-08-04;2557;1266;232072;195630;62.3;52.5
11;2021-08-05;2382;1336;234454;196966;62.9;52.8
11;2021-08-06;2253;1664;236707;198630;63.5;53.3
11;2021-08-07;1665;1169;238372;199799;64.0;53.6
11;2021-08-08;599;210;238971;200009;64.1;53.7
11;2021-08-09;1032;1434;240003;201443;64.4;54.0
11;2021-08-10;1742;1989;241745;203432;64.9;54.6
11;2021-08-11;1716;1688;243461;205120;65.3;55.0
11;2021-08-12;1701;1855;245162;206975;65.8;55.5
11;2021-08-13;1347;1658;246509;208633;66.1;56.0
11;2021-08-14;981;1593;247490;210226;66.4;56.4
11;2021-08-15;138;126;247628;210352;66.4;56.4
11;2021-08-16;721;1914;248349;212266;66.6;57.0
11;2021-08-17;1046;2393;249395;214659;66.9;57.6
11;2021-08-18;1105;2030;250500;216689;67.2;58.1
11;2021-08-19;995;2291;251495;218980;67.5;58.8
11;2021-08-20;965;2290;252460;221270;67.7;59.4
11;2021-08-21;574;1838;253034;223108;67.9;59.9
11;2021-08-22;190;512;253224;223620;67.9;60.0
11;2021-08-23;522;1816;253746;225436;68.1;60.5
11;2021-08-24;794;2254;254540;227690;68.3;61.1
11;2021-08-25;788;2151;255328;229841;68.5;61.7
11;2021-08-26;746;2002;256074;231843;68.7;62.2
11;2021-08-27;702;2223;256776;234066;68.9;62.8
11;2021-08-28;435;1743;257211;235809;69.0;63.3
11;2021-08-29;143;514;257354;236323;69.1;63.4
11;2021-08-30;448;1344;257802;237667;69.2;63.8
11;2021-08-31;569;1945;258371;239612;69.3;64.3
11;2021-09-01;598;1810;258969;241422;69.5;64.8
11;2021-09-02;549;1700;259518;243122;69.6;65.2
11;2021-09-03;532;1711;260050;244833;69.8;65.7
11;2021-09-04;487;1546;260537;246379;69.9;66.1
11;2021-09-05;153;271;260690;246650;69.9;66.2
11;2021-09-06;298;856;260988;247506;70.0;66.4
11;2021-09-07;351;1118;261339;248624;70.1;66.7
12;2020-12-27;0;0;0;0;0.0;0.0
12;2020-12-28;0;0;0;0;0.0;0.0
12;2020-12-29;0;0;0;0;0.0;0.0
12;2020-12-30;0;0;0;0;0.0;0.0
12;2020-12-31;0;0;0;0;0.0;0.0
12;2021-01-01;0;0;0;0;0.0;0.0
12;2021-01-02;0;0;0;0;0.0;0.0
12;2021-01-03;2;0;2;0;0.0;0.0
12;2021-01-04;1;0;3;0;0.0;0.0
12;2021-01-05;1;0;4;0;0.0;0.0
12;2021-01-06;12;0;16;0;0.0;0.0
12;2021-01-07;202;0;218;0;0.1;0.0
12;2021-01-08;65;0;283;0;0.1;0.0
12;2021-01-09;0;0;283;0;0.1;0.0
12;2021-01-10;1;0;284;0;0.1;0.0
12;2021-01-11;100;0;384;0;0.1;0.0
12;2021-01-12;361;1;745;1;0.3;0.0
12;2021-01-13;285;0;1030;1;0.4;0.0
12;2021-01-14;600;12;1630;13;0.6;0.0
12;2021-01-15;367;8;1997;21;0.7;0.0
12;2021-01-16;138;1;2135;22;0.8;0.0
12;2021-01-17;0;0;2135;22;0.8;0.0
12;2021-01-18;453;0;2588;22;0.9;0.0
12;2021-01-19;606;3;3194;25;1.1;0.0
12;2021-01-20;879;2;4073;27;1.5;0.0
12;2021-01-21;736;0;4809;27;1.7;0.0
12;2021-01-22;798;1;5607;28;2.0;0.0
12;2021-01-23;382;0;5989;28;2.2;0.0
12;2021-01-24;0;0;5989;28;2.2;0.0
12;2021-01-25;453;0;6442;28;2.3;0.0
12;2021-01-26;650;0;7092;28;2.5;0.0
12;2021-01-27;1886;24;8978;52;3.2;0.0
12;2021-01-28;1886;218;10864;270;3.9;0.1
12;2021-01-29;1332;45;12196;315;4.4;0.1
12;2021-01-30;359;2;12555;317;4.5;0.1
12;2021-01-31;0;0;12555;317;4.5;0.1
12;2021-02-01;333;86;12888;403;4.6;0.1
12;2021-02-02;457;235;13345;638;4.8;0.2
12;2021-02-03;457;165;13802;803;5.0;0.3
12;2021-02-04;459;515;14261;1318;5.1;0.5
12;2021-02-05;449;174;14710;1492;5.3;0.5
12;2021-02-06;220;54;14930;1546;5.4;0.6
12;2021-02-07;8;0;14938;1546;5.4;0.6
12;2021-02-08;104;293;15042;1839;5.4;0.7
12;2021-02-09;208;308;15250;2147;5.5;0.8
12;2021-02-10;464;434;15714;2581;5.6;0.9
12;2021-02-11;539;306;16253;2887;5.8;1.0
12;2021-02-12;570;316;16823;3203;6.0;1.2
12;2021-02-13;175;121;16998;3324;6.1;1.2
12;2021-02-14;1;0;16999;3324;6.1;1.2
12;2021-02-15;175;326;17174;3650;6.2;1.3
12;2021-02-16;171;459;17345;4109;6.2;1.5
12;2021-02-17;366;1376;17711;5485;6.4;2.0
12;2021-02-18;676;1591;18387;7076;6.6;2.5
12;2021-02-19;594;939;18981;8015;6.8;2.9
12;2021-02-20;103;369;19084;8384;6.9;3.0
12;2021-02-21;0;0;19084;8384;6.9;3.0
12;2021-02-22;150;354;19234;8738;6.9;3.1
12;2021-02-23;157;508;19391;9246;7.0;3.3
12;2021-02-24;156;615;19547;9861;7.0;3.5
12;2021-02-25;201;706;19748;10567;7.1;3.8
12;2021-02-26;320;602;20068;11169;7.2;4.0
12;2021-02-27;190;328;20258;11497;7.3;4.1
12;2021-02-28;13;0;20271;11497;7.3;4.1
12;2021-03-01;51;334;20322;11831;7.3;4.3
12;2021-03-02;190;483;20512;12314;7.4;4.4
12;2021-03-03;244;369;20756;12683;7.5;4.6
12;2021-03-04;278;350;21034;13033;7.6;4.7
12;2021-03-05;421;352;21455;13385;7.7;4.8
12;2021-03-06;793;128;22248;13513;8.0;4.9
12;2021-03-07;140;32;22388;13545;8.0;4.9
12;2021-03-08;234;202;22622;13747;8.1;4.9
12;2021-03-09;716;227;23338;13974;8.4;5.0
12;2021-03-10;784;732;24122;14706;8.7;5.3
12;2021-03-11;919;660;25041;15366;9.0;5.5
12;2021-03-12;1260;525;26301;15891;9.4;5.7
12;2021-03-13;896;140;27197;16031;9.8;5.8
12;2021-03-14;45;2;27242;16033;9.8;5.8
12;2021-03-15;559;154;27801;16187;10.0;5.8
12;2021-03-16;818;162;28619;16349;10.3;5.9
12;2021-03-17;1504;167;30123;16516;10.8;5.9
12;2021-03-18;996;251;31119;16767;11.2;6.0
12;2021-03-19;1383;281;32502;17048;11.7;6.1
12;2021-03-20;725;79;33227;17127;11.9;6.2
12;2021-03-21;264;10;33491;17137;12.0;6.2
12;2021-03-22;606;175;34097;17312;12.2;6.2
12;2021-03-23;1214;176;35311;17488;12.7;6.3
12;2021-03-24;1422;204;36733;17692;13.2;6.4
12;2021-03-25;1846;206;38579;17898;13.9;6.4
12;2021-03-26;1978;227;40557;18125;14.6;6.5
12;2021-03-27;981;67;41538;18192;14.9;6.5
12;2021-03-28;60;1;41598;18193;14.9;6.5
12;2021-03-29;963;84;42561;18277;15.3;6.6
12;2021-03-30;1737;123;44298;18400;15.9;6.6
12;2021-03-31;1461;107;45759;18507;16.4;6.6
12;2021-04-01;1958;163;47717;18670;17.1;6.7
12;2021-04-02;1615;343;49332;19013;17.7;6.8
12;2021-04-03;882;95;50214;19108;18.0;6.9
12;2021-04-04;1;0;50215;19108;18.0;6.9
12;2021-04-05;645;14;50860;19122;18.3;6.9
12;2021-04-06;1154;537;52014;19659;18.7;7.1
12;2021-04-07;1651;639;53665;20298;19.3;7.3
12;2021-04-08;2098;567;55763;20865;20.0;7.5
12;2021-04-09;2112;650;57875;21515;20.8;7.7
12;2021-04-10;1427;219;59302;21734;21.3;7.8
12;2021-04-11;120;1;59422;21735;21.3;7.8
12;2021-04-12;1837;504;61259;22239;22.0;8.0
12;2021-04-13;1907;777;63166;23016;22.7;8.3
12;2021-04-14;1831;1319;64997;24335;23.3;8.7
12;2021-04-15;1938;897;66935;25232;24.0;9.1
12;2021-04-16;1676;1205;68611;26437;24.6;9.5
12;2021-04-17;1554;567;70165;27004;25.2;9.7
12;2021-04-18;0;0;70165;27004;25.2;9.7
12;2021-04-19;1688;549;71853;27553;25.8;9.9
12;2021-04-20;1546;983;73399;28536;26.4;10.3
12;2021-04-21;1693;1183;75092;29719;27.0;10.7
12;2021-04-22;1691;1096;76783;30815;27.6;11.1
12;2021-04-23;1383;1335;78166;32150;28.1;11.5
12;2021-04-24;1451;720;79617;32870;28.6;11.8
12;2021-04-25;60;0;79677;32870;28.6;11.8
12;2021-04-26;1459;897;81136;33767;29.1;12.1
12;2021-04-27;1320;1279;82456;35046;29.6;12.6
12;2021-04-28;1113;1870;83569;36916;30.0;13.3
12;2021-04-29;1571;1910;85140;38826;30.6;13.9
12;2021-04-30;1812;1837;86952;40663;31.2;14.6
12;2021-05-01;1616;260;88568;40923;31.8;14.7
12;2021-05-02;8;0;88576;40923;31.8;14.7
12;2021-05-03;1713;1251;90289;42174;32.4;15.2
12;2021-05-04;1483;1392;91772;43566;33.0;15.7
12;2021-05-05;1296;1673;93068;45239;33.4;16.3
12;2021-05-06;1753;1377;94821;46616;34.1;16.7
12;2021-05-07;1485;1777;96306;48393;34.6;17.4
12;2021-05-08;1330;461;97636;48854;35.1;17.6
12;2021-05-09;13;34;97649;48888;35.1;17.6
12;2021-05-10;828;2215;98477;51103;35.4;18.4
12;2021-05-11;930;1848;99407;52951;35.7;19.0
12;2021-05-12;949;1820;100356;54771;36.1;19.7
12;2021-05-13;1588;810;101944;55581;36.6;20.0
12;2021-05-14;1235;1533;103179;57114;37.1;20.5
12;2021-05-15;1068;1115;104247;58229;37.5;20.9
12;2021-05-16;2;19;104249;58248;37.5;20.9
12;2021-05-17;1082;1810;105331;60058;37.8;21.6
12;2021-05-18;1427;1533;106758;61591;38.4;22.1
12;2021-05-19;1915;1331;108673;62922;39.0;22.6
12;2021-05-20;2119;876;110792;63798;39.8;22.9
12;2021-05-21;1821;1253;112613;65051;40.5;23.4
12;2021-05-22;1206;1015;113819;66066;40.9;23.7
12;2021-05-23;7;12;113826;66078;40.9;23.7
12;2021-05-24;1956;537;115782;66615;41.6;23.9
12;2021-05-25;1744;1159;117526;67774;42.2;24.3
12;2021-05-26;1998;779;119524;68553;42.9;24.6
12;2021-05-27;2164;744;121688;69297;43.7;24.9
12;2021-05-28;1928;1030;123616;70327;44.4;25.3
12;2021-05-29;1637;805;125253;71132;45.0;25.6
12;2021-05-30;9;43;125262;71175;45.0;25.6
12;2021-05-31;1699;815;126961;71990;45.6;25.9
12;2021-06-01;1889;1026;128850;73016;46.3;26.2
12;2021-06-02;1979;1053;130829;74069;47.0;26.6
12;2021-06-03;2121;830;132950;74899;47.8;26.9
12;2021-06-04;1967;1418;134917;76317;48.5;27.4
12;2021-06-05;1739;985;136656;77302;49.1;27.8
12;2021-06-06;6;6;136662;77308;49.1;27.8
12;2021-06-07;1091;1809;137753;79117;49.5;28.4
12;2021-06-08;1333;1201;139086;80318;50.0;28.9
12;2021-06-09;896;1291;139982;81609;50.3;29.3
12;2021-06-10;1022;921;141004;82530;50.7;29.6
12;2021-06-11;1204;2081;142208;84611;51.1;30.4
12;2021-06-12;1033;1321;143241;85932;51.5;30.9
12;2021-06-13;6;47;143247;85979;51.5;30.9
12;2021-06-14;662;1830;143909;87809;51.7;31.5
12;2021-06-15;744;1876;144653;89685;52.0;32.2
12;2021-06-16;821;1818;145474;91503;52.3;32.9
12;2021-06-17;678;995;146152;92498;52.5;33.2
12;2021-06-18;1134;1840;147286;94338;52.9;33.9
12;2021-06-19;914;1406;148200;95744;53.2;34.4
12;2021-06-20;4;10;148204;95754;53.2;34.4
12;2021-06-21;512;1738;148716;97492;53.4;35.0
12;2021-06-22;503;1475;149219;98967;53.6;35.6
12;2021-06-23;578;1307;149797;100274;53.8;36.0
12;2021-06-24;249;545;150046;100819;53.9;36.2
12;2021-06-25;876;1840;150922;102659;54.2;36.9
12;2021-06-26;674;1527;151596;104186;54.5;37.4
12;2021-06-27;1;9;151597;104195;54.5;37.4
12;2021-06-28;468;2453;152065;106648;54.6;38.3
12;2021-06-29;565;1956;152630;108604;54.8;39.0
12;2021-06-30;829;2133;153459;110737;55.1;39.8
12;2021-07-01;343;1087;153802;111824;55.3;40.2
12;2021-07-02;796;2627;154598;114451;55.5;41.1
12;2021-07-03;565;1873;155163;116324;55.7;41.8
12;2021-07-04;1;0;155164;116324;55.7;41.8
12;2021-07-05;440;2407;155604;118731;55.9;42.7
12;2021-07-06;640;2496;156244;121227;56.1;43.6
12;2021-07-07;688;2117;156932;123344;56.4;44.3
12;2021-07-08;294;912;157226;124256;56.5;44.6
12;2021-07-09;724;2588;157950;126844;56.7;45.6
12;2021-07-10;445;2077;158395;128921;56.9;46.3
12;2021-07-11;0;0;158395;128921;56.9;46.3
12;2021-07-12;586;2437;158981;131358;57.1;47.2
12;2021-07-13;842;2591;159823;133949;57.4;48.1
12;2021-07-14;44;25;159867;133974;57.4;48.1
12;2021-07-15;792;2107;160659;136081;57.7;48.9
12;2021-07-16;1248;2556;161907;138637;58.2;49.8
12;2021-07-17;790;2007;162697;140644;58.4;50.5
12;2021-07-18;25;11;162722;140655;58.5;50.5
12;2021-07-19;1319;2004;164041;142659;58.9;51.2
12;2021-07-20;1421;1474;165462;144133;59.4;51.8
12;2021-07-21;1022;941;166484;145074;59.8;52.1
12;2021-07-22;2235;1308;168719;146382;60.6;52.6
12;2021-07-23;1866;2063;170585;148445;61.3;53.3
12;2021-07-24;1604;1564;172189;150009;61.9;53.9
12;2021-07-25;98;28;172287;150037;61.9;53.9
12;2021-07-26;1931;1436;174218;151473;62.6;54.4
12;2021-07-27;2237;1007;176455;152480;63.4;54.8
12;2021-07-28;1716;676;178171;153156;64.0;55.0
12;2021-07-29;1192;807;179363;153963;64.4;55.3
12;2021-07-30;2508;1281;181871;155244;65.3;55.8
12;2021-07-31;1965;1003;183836;156247;66.0;56.1
12;2021-08-01;225;38;184061;156285;66.1;56.1
12;2021-08-02;1814;831;185875;157116;66.8;56.4
12;2021-08-03;1959;773;187834;157889;67.5;56.7
12;2021-08-04;1691;832;189525;158721;68.1;57.0
12;2021-08-05;1636;684;191161;159405;68.7;57.3
12;2021-08-06;1706;1314;192867;160719;69.3;57.7
12;2021-08-07;1447;744;194314;161463;69.8;58.0
12;2021-08-08;0;3;194314;161466;69.8;58.0
12;2021-08-09;1351;1416;195665;162882;70.3;58.5
12;2021-08-10;1341;1255;197006;164137;70.8;59.0
12;2021-08-11;818;1194;197824;165331;71.1;59.4
12;2021-08-12;730;1070;198554;166401;71.3;59.8
12;2021-08-13;1053;1336;199607;167737;71.7;60.3
12;2021-08-14;736;1353;200343;169090;72.0;60.7
12;2021-08-15;254;75;200597;169165;72.1;60.8
12;2021-08-16;669;1818;201266;170983;72.3;61.4
12;2021-08-17;904;1992;202170;172975;72.6;62.1
12;2021-08-18;449;1520;202619;174495;72.8;62.7
12;2021-08-19;636;1116;203255;175611;73.0;63.1
12;2021-08-20;792;1888;204047;177499;73.3;63.8
12;2021-08-21;472;1525;204519;179024;73.5;64.3
12;2021-08-22;93;27;204612;179051;73.5;64.3
12;2021-08-23;452;1920;205064;180971;73.7;65.0
12;2021-08-24;485;1916;205549;182887;73.8;65.7
12;2021-08-25;329;1580;205878;184467;74.0;66.3
12;2021-08-26;481;1608;206359;186075;74.1;66.8
12;2021-08-27;600;1696;206959;187771;74.3;67.5
12;2021-08-28;332;1550;207291;189321;74.5;68.0
12;2021-08-29;175;140;207466;189461;74.5;68.1
12;2021-08-30;560;1909;208026;191370;74.7;68.7
12;2021-08-31;414;1392;208440;192762;74.9;69.2
12;2021-09-01;424;1016;208864;193778;75.0;69.6
12;2021-09-02;261;816;209125;194594;75.1;69.9
12;2021-09-03;485;1373;209610;195967;75.3;70.4
12;2021-09-04;428;1207;210038;197174;75.5;70.8
12;2021-09-05;52;205;210090;197379;75.5;70.9
12;2021-09-06;215;804;210305;198183;75.6;71.2
12;2021-09-07;267;669;210572;198852;75.6;71.4
13;2020-12-27;4;0;4;0;0.0;0.0
13;2020-12-28;3;0;7;0;0.0;0.0
13;2020-12-29;0;0;7;0;0.0;0.0
13;2020-12-30;2;0;9;0;0.0;0.0
13;2020-12-31;6;0;15;0;0.0;0.0
13;2021-01-01;4;0;19;0;0.0;0.0
13;2021-01-02;4;0;23;0;0.0;0.0
13;2021-01-03;11;0;34;0;0.0;0.0
13;2021-01-04;0;0;34;0;0.0;0.0
13;2021-01-05;78;1;112;1;0.0;0.0
13;2021-01-06;122;0;234;1;0.0;0.0
13;2021-01-07;174;1;408;2;0.0;0.0
13;2021-01-08;188;0;596;2;0.0;0.0
13;2021-01-09;13;0;609;2;0.0;0.0
13;2021-01-10;3;0;612;2;0.0;0.0
13;2021-01-11;480;1;1092;3;0.1;0.0
13;2021-01-12;814;1;1906;4;0.1;0.0
13;2021-01-13;1085;1;2991;5;0.1;0.0
13;2021-01-14;1574;17;4565;22;0.2;0.0
13;2021-01-15;1535;7;6100;29;0.3;0.0
13;2021-01-16;407;2;6507;31;0.3;0.0
13;2021-01-17;44;0;6551;31;0.3;0.0
13;2021-01-18;2383;9;8934;40;0.4;0.0
13;2021-01-19;7409;38;16343;78;0.8;0.0
13;2021-01-20;5562;16;21905;94;1.1;0.0
13;2021-01-21;5365;28;27270;122;1.3;0.0
13;2021-01-22;4000;22;31270;144;1.5;0.0
13;2021-01-23;1349;6;32619;150;1.6;0.0
13;2021-01-24;490;5;33109;155;1.6;0.0
13;2021-01-25;2339;29;35448;184;1.7;0.0
13;2021-01-26;2953;86;38401;270;1.9;0.0
13;2021-01-27;3119;122;41520;392;2.0;0.0
13;2021-01-28;3246;186;44766;578;2.2;0.0
13;2021-01-29;2511;127;47277;705;2.3;0.0
13;2021-01-30;1025;10;48302;715;2.4;0.0
13;2021-01-31;249;0;48551;715;2.4;0.0
13;2021-02-01;1862;277;50413;992;2.5;0.0
13;2021-02-02;2255;581;52668;1573;2.6;0.1
13;2021-02-03;1864;559;54532;2132;2.7;0.1
13;2021-02-04;1906;909;56438;3041;2.8;0.1
13;2021-02-05;2626;1518;59064;4559;2.9;0.2
13;2021-02-06;853;299;59917;4858;2.9;0.2
13;2021-02-07;277;6;60194;4864;3.0;0.2
13;2021-02-08;1903;1485;62097;6349;3.1;0.3
13;2021-02-09;3315;4318;65412;10667;3.2;0.5
13;2021-02-10;3234;3301;68646;13968;3.4;0.7
13;2021-02-11;3581;3446;72227;17414;3.6;0.9
13;2021-02-12;2838;2966;75065;20380;3.7;1.0
13;2021-02-13;733;562;75798;20942;3.7;1.0
13;2021-02-14;72;355;75870;21297;3.7;1.0
13;2021-02-15;969;1899;76839;23196;3.8;1.1
13;2021-02-16;1392;2480;78231;25676;3.8;1.3
13;2021-02-17;1345;2810;79576;28486;3.9;1.4
13;2021-02-18;1903;2524;81479;31010;4.0;1.5
13;2021-02-19;1515;2052;82994;33062;4.1;1.6
13;2021-02-20;458;727;83452;33789;4.1;1.7
13;2021-02-21;33;256;83485;34045;4.1;1.7
13;2021-02-22;1023;2126;84508;36171;4.2;1.8
13;2021-02-23;1283;2484;85791;38655;4.2;1.9
13;2021-02-24;1518;2475;87309;41130;4.3;2.0
13;2021-02-25;2383;2007;89692;43137;4.4;2.1
13;2021-02-26;2457;2021;92149;45158;4.5;2.2
13;2021-02-27;982;707;93131;45865;4.6;2.3
13;2021-02-28;193;191;93324;46056;4.6;2.3
13;2021-03-01;1924;1464;95248;47520;4.7;2.3
13;2021-03-02;3011;2534;98259;50054;4.8;2.5
13;2021-03-03;3486;2497;101745;52551;5.0;2.6
13;2021-03-04;4206;3032;105951;55583;5.2;2.7
13;2021-03-05;4046;2716;109997;58299;5.4;2.9
13;2021-03-06;5302;803;115299;59102;5.7;2.9
13;2021-03-07;4292;377;119591;59479;5.9;2.9
13;2021-03-08;3928;1955;123519;61434;6.1;3.0
13;2021-03-09;5074;2246;128593;63680;6.3;3.1
13;2021-03-10;5180;1969;133773;65649;6.6;3.2
13;2021-03-11;7307;2128;141080;67777;6.9;3.3
13;2021-03-12;8329;2096;149409;69873;7.3;3.4
13;2021-03-13;6377;729;155786;70602;7.7;3.5
13;2021-03-14;2312;167;158098;70769;7.8;3.5
13;2021-03-15;6358;1313;164456;72082;8.1;3.5
13;2021-03-16;5079;1531;169535;73613;8.3;3.6
13;2021-03-17;5176;1416;174711;75029;8.6;3.7
13;2021-03-18;5818;1873;180529;76902;8.9;3.8
13;2021-03-19;6810;1607;187339;78509;9.2;3.9
13;2021-03-20;4043;700;191382;79209;9.4;3.9
13;2021-03-21;724;84;192106;79293;9.4;3.9
13;2021-03-22;7299;1553;199405;80846;9.8;4.0
13;2021-03-23;9128;1746;208533;82592;10.2;4.1
13;2021-03-24;8864;2189;217397;84781;10.7;4.2
13;2021-03-25;10914;2114;228311;86895;11.2;4.3
13;2021-03-26;10716;1914;239027;88809;11.7;4.4
13;2021-03-27;4867;830;243894;89639;12.0;4.4
13;2021-03-28;1119;81;245013;89720;12.0;4.4
13;2021-03-29;7579;2001;252592;91721;12.4;4.5
13;2021-03-30;12620;2526;265212;94247;13.0;4.6
13;2021-03-31;10818;3160;276030;97407;13.6;4.8
13;2021-04-01;12271;3051;288301;100458;14.2;4.9
13;2021-04-02;9792;3900;298093;104358;14.7;5.1
13;2021-04-03;4010;2805;302103;107163;14.8;5.3
13;2021-04-04;630;305;302733;107468;14.9;5.3
13;2021-04-05;3533;729;306266;108197;15.1;5.3
13;2021-04-06;8519;4249;314785;112446;15.5;5.5
13;2021-04-07;10082;4692;324867;117138;16.0;5.8
13;2021-04-08;10119;5466;334986;122604;16.5;6.0
13;2021-04-09;11275;5113;346261;127717;17.0;6.3
13;2021-04-10;7301;2096;353562;129813;17.4;6.4
13;2021-04-11;1379;533;354941;130346;17.4;6.4
13;2021-04-12;7982;4787;362923;135133;17.8;6.6
13;2021-04-13;9146;5498;372069;140631;18.3;6.9
13;2021-04-14;9536;5820;381605;146451;18.8;7.2
13;2021-04-15;9879;5957;391484;152408;19.2;7.5
13;2021-04-16;9968;5567;401452;157975;19.7;7.8
13;2021-04-17;4081;2020;405533;159995;19.9;7.9
13;2021-04-18;2523;1423;408056;161418;20.1;7.9
13;2021-04-19;6453;6409;414509;167827;20.4;8.2
13;2021-04-20;7406;7599;421915;175426;20.7;8.6
13;2021-04-21;7774;7380;429689;182806;21.1;9.0
13;2021-04-22;8469;7924;438158;190730;21.5;9.4
13;2021-04-23;8390;6814;446548;197544;21.9;9.7
13;2021-04-24;4625;3819;451173;201363;22.2;9.9
13;2021-04-25;876;520;452049;201883;22.2;9.9
13;2021-04-26;6171;7117;458220;209000;22.5;10.3
13;2021-04-27;7263;8030;465483;217030;22.9;10.7
13;2021-04-28;9453;7713;474936;224743;23.3;11.0
13;2021-04-29;11406;7604;486342;232347;23.9;11.4
13;2021-04-30;10923;7379;497265;239726;24.4;11.8
13;2021-05-01;5366;3794;502631;243520;24.7;12.0
13;2021-05-02;2099;748;504730;244268;24.8;12.0
13;2021-05-03;7301;7866;512031;252134;25.2;12.4
13;2021-05-04;8456;8515;520487;260649;25.6;12.8
13;2021-05-05;8230;8968;528717;269617;26.0;13.3
13;2021-05-06;10144;8585;538861;278202;26.5;13.7
13;2021-05-07;8856;10040;547717;288242;26.9;14.2
13;2021-05-08;4572;3935;552289;292177;27.1;14.4
13;2021-05-09;938;686;553227;292863;27.2;14.4
13;2021-05-10;7714;8763;560941;301626;27.6;14.8
13;2021-05-11;10981;9573;571922;311199;28.1;15.3
13;2021-05-12;12844;8731;584766;319930;28.7;15.7
13;2021-05-13;9511;3639;594277;323569;29.2;15.9
13;2021-05-14;13659;6450;607936;330019;29.9;16.2
13;2021-05-15;10200;4538;618136;334557;30.4;16.4
13;2021-05-16;3125;789;621261;335346;30.5;16.5
13;2021-05-17;10849;6814;632110;342160;31.1;16.8
13;2021-05-18;11920;6485;644030;348645;31.7;17.1
13;2021-05-19;12159;6357;656189;355002;32.3;17.4
13;2021-05-20;13450;6466;669639;361468;32.9;17.8
13;2021-05-21;13002;6780;682641;368248;33.6;18.1
13;2021-05-22;7522;3635;690163;371883;33.9;18.3
13;2021-05-23;862;638;691025;372521;34.0;18.3
13;2021-05-24;6769;2473;697794;374994;34.3;18.4
13;2021-05-25;9272;7600;707066;382594;34.8;18.8
13;2021-05-26;10144;7843;717210;390437;35.3;19.2
13;2021-05-27;10351;8424;727561;398861;35.8;19.6
13;2021-05-28;9009;9174;736570;408035;36.2;20.1
13;2021-05-29;7178;4625;743748;412660;36.6;20.3
13;2021-05-30;891;527;744639;413187;36.6;20.3
13;2021-05-31;8196;8028;752835;421215;37.0;20.7
13;2021-06-01;9591;9301;762426;430516;37.5;21.2
13;2021-06-02;10092;8791;772518;439307;38.0;21.6
13;2021-06-03;12299;9492;784817;448799;38.6;22.1
13;2021-06-04;12038;10043;796855;458842;39.2;22.6
13;2021-06-05;7832;5589;804687;464431;39.6;22.8
13;2021-06-06;1671;886;806358;465317;39.6;22.9
13;2021-06-07;6689;9883;813047;475200;40.0;23.4
13;2021-06-08;8318;9993;821365;485193;40.4;23.8
13;2021-06-09;8402;9739;829767;494932;40.8;24.3
13;2021-06-10;8947;9782;838714;504714;41.2;24.8
13;2021-06-11;8237;12712;846951;517426;41.6;25.4
13;2021-06-12;5788;6708;852739;524134;41.9;25.8
13;2021-06-13;953;1215;853692;525349;42.0;25.8
13;2021-06-14;6008;11145;859700;536494;42.3;26.4
13;2021-06-15;7294;11405;866994;547899;42.6;26.9
13;2021-06-16;7348;9880;874342;557779;43.0;27.4
13;2021-06-17;7444;10715;881786;568494;43.3;27.9
13;2021-06-18;7549;11077;889335;579571;43.7;28.5
13;2021-06-19;4618;7498;893953;587069;43.9;28.9
13;2021-06-20;968;1045;894921;588114;44.0;28.9
13;2021-06-21;4470;12268;899391;600382;44.2;29.5
13;2021-06-22;4942;13875;904333;614257;44.5;30.2
13;2021-06-23;5153;13576;909486;627833;44.7;30.9
13;2021-06-24;5340;12856;914826;640689;45.0;31.5
13;2021-06-25;5267;14688;920093;655377;45.2;32.2
13;2021-06-26;3022;9683;923115;665060;45.4;32.7
13;2021-06-27;535;931;923650;665991;45.4;32.7
13;2021-06-28;3737;12563;927387;678554;45.6;33.4
13;2021-06-29;4503;12908;931890;691462;45.8;34.0
13;2021-06-30;4903;12694;936793;704156;46.0;34.6
13;2021-07-01;5595;11499;942388;715655;46.3;35.2
13;2021-07-02;5584;12402;947972;728057;46.6;35.8
13;2021-07-03;3512;9165;951484;737222;46.8;36.2
13;2021-07-04;475;867;951959;738089;46.8;36.3
13;2021-07-05;3873;11780;955832;749869;47.0;36.9
13;2021-07-06;5467;11685;961299;761554;47.3;37.4
13;2021-07-07;5826;10707;967125;772261;47.5;38.0
13;2021-07-08;6231;10328;973356;782589;47.8;38.5
13;2021-07-09;5936;11928;979292;794517;48.1;39.1
13;2021-07-10;3169;8638;982461;803155;48.3;39.5
13;2021-07-11;437;1014;982898;804169;48.3;39.5
13;2021-07-12;4493;10954;987391;815123;48.5;40.1
13;2021-07-13;8978;13179;996369;828302;49.0;40.7
13;2021-07-14;5615;4866;1001984;833168;49.3;41.0
13;2021-07-15;11453;12951;1013437;846119;49.8;41.6
13;2021-07-16;12204;12917;1025641;859036;50.4;42.2
13;2021-07-17;6588;8495;1032229;867531;50.7;42.6
13;2021-07-18;726;1059;1032955;868590;50.8;42.7
13;2021-07-19;9809;11149;1042764;879739;51.3;43.2
13;2021-07-20;12277;11658;1055041;891397;51.9;43.8
13;2021-07-21;12696;10346;1067737;901743;52.5;44.3
13;2021-07-22;14563;10454;1082300;912197;53.2;44.8
13;2021-07-23;14480;10960;1096780;923157;53.9;45.4
13;2021-07-24;8344;7992;1105124;931149;54.3;45.8
13;2021-07-25;1017;785;1106141;931934;54.4;45.8
13;2021-07-26;11666;9113;1117807;941047;54.9;46.3
13;2021-07-27;13616;9414;1131423;950461;55.6;46.7
13;2021-07-28;12346;8179;1143769;958640;56.2;47.1
13;2021-07-29;13849;8164;1157618;966804;56.9;47.5
13;2021-07-30;13737;8665;1171355;975469;57.6;47.9
13;2021-07-31;8706;5854;1180061;981323;58.0;48.2
13;2021-08-01;1105;728;1181166;982051;58.1;48.3
13;2021-08-02;10045;6721;1191211;988772;58.6;48.6
13;2021-08-03;11082;7304;1202293;996076;59.1;49.0
13;2021-08-04;9432;6557;1211725;1002633;59.6;49.3
13;2021-08-05;9439;7559;1221164;1010192;60.0;49.7
13;2021-08-06;9149;9013;1230313;1019205;60.5;50.1
13;2021-08-07;5432;5571;1235745;1024776;60.7;50.4
13;2021-08-08;904;803;1236649;1025579;60.8;50.4
13;2021-08-09;8292;9065;1244941;1034644;61.2;50.9
13;2021-08-10;9025;8891;1253966;1043535;61.6;51.3
13;2021-08-11;7785;8525;1261751;1052060;62.0;51.7
13;2021-08-12;7620;9646;1269371;1061706;62.4;52.2
13;2021-08-13;6907;9180;1276278;1070886;62.7;52.6
13;2021-08-14;3682;6448;1279960;1077334;62.9;53.0
13;2021-08-15;476;731;1280436;1078065;62.9;53.0
13;2021-08-16;6420;11069;1286856;1089134;63.3;53.5
13;2021-08-17;6625;10603;1293481;1099737;63.6;54.1
13;2021-08-18;6283;10161;1299764;1109898;63.9;54.6
13;2021-08-19;6637;10575;1306401;1120473;64.2;55.1
13;2021-08-20;5763;11225;1312164;1131698;64.5;55.6
13;2021-08-21;2592;7557;1314756;1139255;64.6;56.0
13;2021-08-22;368;1090;1315124;1140345;64.6;56.1
13;2021-08-23;4907;11201;1320031;1151546;64.9;56.6
13;2021-08-24;5401;10894;1325432;1162440;65.1;57.1
13;2021-08-25;5153;10072;1330585;1172512;65.4;57.6
13;2021-08-26;5082;9750;1335667;1182262;65.7;58.1
13;2021-08-27;4975;10605;1340642;1192867;65.9;58.6
13;2021-08-28;2327;6448;1342969;1199315;66.0;58.9
13;2021-08-29;334;1136;1343303;1200451;66.0;59.0
13;2021-08-30;4188;9838;1347491;1210289;66.2;59.5
13;2021-08-31;4465;10086;1351956;1220375;66.5;60.0
13;2021-09-01;4156;8551;1356112;1228926;66.7;60.4
13;2021-09-02;4167;8439;1360279;1237365;66.9;60.8
13;2021-09-03;4199;9257;1364478;1246622;67.1;61.3
13;2021-09-04;2128;5527;1366606;1252149;67.2;61.5
13;2021-09-05;182;389;1366788;1252538;67.2;61.6
13;2021-09-06;3042;6656;1369830;1259194;67.3;61.9
13;2021-09-07;3099;7229;1372929;1266423;67.5;62.2
14;2020-12-27;0;0;0;0;0.0;0.0
14;2020-12-28;1;1;1;1;0.0;0.0
14;2020-12-29;0;0;1;1;0.0;0.0
14;2020-12-30;0;0;1;1;0.0;0.0
14;2020-12-31;3;0;4;1;0.0;0.0
14;2021-01-01;1;0;5;1;0.0;0.0
14;2021-01-02;1;0;6;1;0.0;0.0
14;2021-01-03;0;0;6;1;0.0;0.0
14;2021-01-04;10;0;16;1;0.0;0.0
14;2021-01-05;24;0;40;1;0.0;0.0
14;2021-01-06;349;0;389;1;0.1;0.0
14;2021-01-07;402;2;791;3;0.1;0.0
14;2021-01-08;631;2;1422;5;0.2;0.0
14;2021-01-09;127;0;1549;5;0.2;0.0
14;2021-01-10;41;0;1590;5;0.2;0.0
14;2021-01-11;673;1;2263;6;0.3;0.0
14;2021-01-12;953;2;3216;8;0.5;0.0
14;2021-01-13;850;1;4066;9;0.6;0.0
14;2021-01-14;2838;17;6904;26;1.0;0.0
14;2021-01-15;1896;18;8800;44;1.3;0.0
14;2021-01-16;271;2;9071;46;1.3;0.0
14;2021-01-17;145;7;9216;53;1.3;0.0
14;2021-01-18;1084;5;10300;58;1.5;0.0
14;2021-01-19;1154;2;11454;60;1.7;0.0
14;2021-01-20;1988;4;13442;64;1.9;0.0
14;2021-01-21;1815;6;15257;70;2.2;0.0
14;2021-01-22;1494;5;16751;75;2.4;0.0
14;2021-01-23;297;1;17048;76;2.5;0.0
14;2021-01-24;72;0;17120;76;2.5;0.0
14;2021-01-25;911;10;18031;86;2.6;0.0
14;2021-01-26;848;35;18879;121;2.7;0.0
14;2021-01-27;884;157;19763;278;2.9;0.0
14;2021-01-28;782;145;20545;423;3.0;0.1
14;2021-01-29;786;225;21331;648;3.1;0.1
14;2021-01-30;270;11;21601;659;3.1;0.1
14;2021-01-31;58;1;21659;660;3.1;0.1
14;2021-02-01;727;221;22386;881;3.2;0.1
14;2021-02-02;828;416;23214;1297;3.4;0.2
14;2021-02-03;761;376;23975;1673;3.5;0.2
14;2021-02-04;1170;2036;25145;3709;3.6;0.5
14;2021-02-05;1294;1293;26439;5002;3.8;0.7
14;2021-02-06;396;218;26835;5220;3.9;0.8
14;2021-02-07;179;67;27014;5287;3.9;0.8
14;2021-02-08;774;734;27788;6021;4.0;0.9
14;2021-02-09;722;946;28510;6967;4.1;1.0
14;2021-02-10;825;1485;29335;8452;4.2;1.2
14;2021-02-11;1351;1392;30686;9844;4.4;1.4
14;2021-02-12;1382;1005;32068;10849;4.6;1.6
14;2021-02-13;308;170;32376;11019;4.7;1.6
14;2021-02-14;84;52;32460;11071;4.7;1.6
14;2021-02-15;441;933;32901;12004;4.8;1.7
14;2021-02-16;679;833;33580;12837;4.9;1.9
14;2021-02-17;406;851;33986;13688;4.9;2.0
14;2021-02-18;706;788;34692;14476;5.0;2.1
14;2021-02-19;733;707;35425;15183;5.1;2.2
14;2021-02-20;88;245;35513;15428;5.1;2.2
14;2021-02-21;6;82;35519;15510;5.1;2.2
14;2021-02-22;431;912;35950;16422;5.2;2.4
14;2021-02-23;486;800;36436;17222;5.3;2.5
14;2021-02-24;438;806;36874;18028;5.3;2.6
14;2021-02-25;1224;1094;38098;19122;5.5;2.8
14;2021-02-26;1576;1102;39674;20224;5.7;2.9
14;2021-02-27;507;246;40181;20470;5.8;3.0
14;2021-02-28;27;35;40208;20505;5.8;3.0
14;2021-03-01;522;833;40730;21338;5.9;3.1
14;2021-03-02;966;736;41696;22074;6.0;3.2
14;2021-03-03;1080;791;42776;22865;6.2;3.3
14;2021-03-04;1949;771;44725;23636;6.5;3.4
14;2021-03-05;2433;841;47158;24477;6.8;3.5
14;2021-03-06;3076;196;50234;24673;7.3;3.6
14;2021-03-07;1196;62;51430;24735;7.4;3.6
14;2021-03-08;1249;792;52679;25527;7.6;3.7
14;2021-03-09;1741;684;54420;26211;7.9;3.8
14;2021-03-10;1835;580;56255;26791;8.1;3.9
14;2021-03-11;2757;463;59012;27254;8.5;3.9
14;2021-03-12;4045;572;63057;27826;9.1;4.0
14;2021-03-13;1853;175;64910;28001;9.4;4.0
14;2021-03-14;31;39;64941;28040;9.4;4.1
14;2021-03-15;2005;143;66946;28183;9.7;4.1
14;2021-03-16;1401;269;68347;28452;9.9;4.1
14;2021-03-17;1155;193;69502;28645;10.1;4.1
14;2021-03-18;1481;299;70983;28944;10.3;4.2
14;2021-03-19;2608;268;73591;29212;10.6;4.2
14;2021-03-20;2659;41;76250;29253;11.0;4.2
14;2021-03-21;454;8;76704;29261;11.1;4.2
14;2021-03-22;1872;363;78576;29624;11.4;4.3
14;2021-03-23;2177;320;80753;29944;11.7;4.3
14;2021-03-24;2432;194;83185;30138;12.0;4.4
14;2021-03-25;3292;321;86477;30459;12.5;4.4
14;2021-03-26;4607;477;91084;30936;13.2;4.5
14;2021-03-27;2231;228;93315;31164;13.5;4.5
14;2021-03-28;36;1;93351;31165;13.5;4.5
14;2021-03-29;1614;480;94965;31645;13.7;4.6
14;2021-03-30;2722;517;97687;32162;14.1;4.7
14;2021-03-31;2326;925;100013;33087;14.5;4.8
14;2021-04-01;4174;1683;104187;34770;15.1;5.0
14;2021-04-02;3867;1270;108054;36040;15.6;5.2
14;2021-04-03;1128;1202;109182;37242;15.8;5.4
14;2021-04-04;25;482;109207;37724;15.8;5.5
14;2021-04-05;1219;324;110426;38048;16.0;5.5
14;2021-04-06;2383;999;112809;39047;16.3;5.6
14;2021-04-07;2729;1034;115538;40081;16.7;5.8
14;2021-04-08;4301;1118;119839;41199;17.3;6.0
14;2021-04-09;6030;1186;125869;42385;18.2;6.1
14;2021-04-10;2895;439;128764;42824;18.6;6.2
14;2021-04-11;628;121;129392;42945;18.7;6.2
14;2021-04-12;2915;1584;132307;44529;19.1;6.4
14;2021-04-13;3471;1444;135778;45973;19.6;6.6
14;2021-04-14;3121;1166;138899;47139;20.1;6.8
14;2021-04-15;4400;1502;143299;48641;20.7;7.0
14;2021-04-16;4600;1563;147899;50204;21.4;7.3
14;2021-04-17;2312;1667;150211;51871;21.7;7.5
14;2021-04-18;539;327;150750;52198;21.8;7.5
14;2021-04-19;2759;1687;153509;53885;22.2;7.8
14;2021-04-20;3390;1818;156899;55703;22.7;8.1
14;2021-04-21;3015;1471;159914;57174;23.1;8.3
14;2021-04-22;4228;2089;164142;59263;23.7;8.6
14;2021-04-23;4650;2303;168792;61566;24.4;8.9
14;2021-04-24;1852;1753;170644;63319;24.7;9.2
14;2021-04-25;456;28;171100;63347;24.7;9.2
14;2021-04-26;3378;1572;174478;64919;25.2;9.4
14;2021-04-27;3504;2572;177982;67491;25.7;9.8
14;2021-04-28;3245;1899;181227;69390;26.2;10.0
14;2021-04-29;4545;2310;185772;71700;26.9;10.4
14;2021-04-30;5125;2637;190897;74337;27.6;10.8
14;2021-05-01;3554;200;194451;74537;28.1;10.8
14;2021-05-02;1237;55;195688;74592;28.3;10.8
14;2021-05-03;2483;2768;198171;77360;28.7;11.2
14;2021-05-04;3128;2900;201299;80260;29.1;11.6
14;2021-05-05;3688;2748;204987;83008;29.6;12.0
14;2021-05-06;4930;3481;209917;86489;30.4;12.5
14;2021-05-07;4868;3841;214785;90330;31.1;13.1
14;2021-05-08;2728;1263;217513;91593;31.5;13.2
14;2021-05-09;1915;670;219428;92263;31.7;13.3
14;2021-05-10;3635;3149;223063;95412;32.3;13.8
14;2021-05-11;4346;3606;227409;99018;32.9;14.3
14;2021-05-12;4051;3217;231460;102235;33.5;14.8
14;2021-05-13;4690;1131;236150;103366;34.2;14.9
14;2021-05-14;6675;2627;242825;105993;35.1;15.3
14;2021-05-15;5150;778;247975;106771;35.9;15.4
14;2021-05-16;2319;120;250294;106891;36.2;15.5
14;2021-05-17;2820;2260;253114;109151;36.6;15.8
14;2021-05-18;4089;2237;257203;111388;37.2;16.1
14;2021-05-19;3752;2021;260955;113409;37.7;16.4
14;2021-05-20;4482;2768;265437;116177;38.4;16.8
14;2021-05-21;4277;3522;269714;119699;39.0;17.3
14;2021-05-22;1670;864;271384;120563;39.2;17.4
14;2021-05-23;649;71;272033;120634;39.3;17.4
14;2021-05-24;2845;750;274878;121384;39.8;17.6
14;2021-05-25;3636;3384;278514;124768;40.3;18.0
14;2021-05-26;3438;2408;281952;127176;40.8;18.4
14;2021-05-27;4771;3239;286723;130415;41.5;18.9
14;2021-05-28;5093;3884;291816;134299;42.2;19.4
14;2021-05-29;2341;2456;294157;136755;42.5;19.8
14;2021-05-30;760;237;294917;136992;42.7;19.8
14;2021-05-31;4092;2965;299009;139957;43.2;20.2
14;2021-06-01;5741;3215;304750;143172;44.1;20.7
14;2021-06-02;5028;2859;309778;146031;44.8;21.1
14;2021-06-03;6661;4016;316439;150047;45.8;21.7
14;2021-06-04;6446;5135;322885;155182;46.7;22.4
14;2021-06-05;4360;1861;327245;157043;47.3;22.7
14;2021-06-06;2045;83;329290;157126;47.6;22.7
14;2021-06-07;4251;3450;333541;160576;48.2;23.2
14;2021-06-08;5238;3134;338779;163710;49.0;23.7
14;2021-06-09;4272;2966;343051;166676;49.6;24.1
14;2021-06-10;5083;2971;348134;169647;50.3;24.5
14;2021-06-11;4843;4879;352977;174526;51.0;25.2
14;2021-06-12;3680;4519;356657;179045;51.6;25.9
14;2021-06-13;849;1089;357506;180134;51.7;26.1
14;2021-06-14;2186;3792;359692;183926;52.0;26.6
14;2021-06-15;3316;3972;363008;187898;52.5;27.2
14;2021-06-16;3449;4554;366457;192452;53.0;27.8
14;2021-06-17;4234;5269;370691;197721;53.6;28.6
14;2021-06-18;3734;6119;374425;203840;54.2;29.5
14;2021-06-19;2591;2952;377016;206792;54.5;29.9
14;2021-06-20;580;1556;377596;208348;54.6;30.1
14;2021-06-21;2123;4360;379719;212708;54.9;30.8
14;2021-06-22;2583;5177;382302;217885;55.3;31.5
14;2021-06-23;2502;4348;384804;222233;55.7;32.1
14;2021-06-24;3450;5810;388254;228043;56.2;33.0
14;2021-06-25;2751;7276;391005;235319;56.5;34.0
14;2021-06-26;2176;4540;393181;239859;56.9;34.7
14;2021-06-27;440;1828;393621;241687;56.9;35.0
14;2021-06-28;1311;3965;394932;245652;57.1;35.5
14;2021-06-29;1791;5365;396723;251017;57.4;36.3
14;2021-06-30;2024;4619;398747;255636;57.7;37.0
14;2021-07-01;2932;5065;401679;260701;58.1;37.7
14;2021-07-02;2601;6669;404280;267370;58.5;38.7
14;2021-07-03;1430;2646;405710;270016;58.7;39.1
14;2021-07-04;422;713;406132;270729;58.7;39.2
14;2021-07-05;1191;4780;407323;275509;58.9;39.8
14;2021-07-06;2092;6002;409415;281511;59.2;40.7
14;2021-07-07;2259;4576;411674;286087;59.5;41.4
14;2021-07-08;2911;5525;414585;291612;60.0;42.2
14;2021-07-09;2770;6433;417355;298045;60.4;43.1
14;2021-07-10;2041;3203;419396;301248;60.7;43.6
14;2021-07-11;900;872;420296;302120;60.8;43.7
14;2021-07-12;1635;5903;421931;308023;61.0;44.5
14;2021-07-13;3085;7343;425016;315366;61.5;45.6
14;2021-07-14;2259;3061;427275;318427;61.8;46.1
14;2021-07-15;4174;7654;431449;326081;62.4;47.2
14;2021-07-16;4710;7692;436159;333773;63.1;48.3
14;2021-07-17;2116;4209;438275;337982;63.4;48.9
14;2021-07-18;822;1870;439097;339852;63.5;49.2
14;2021-07-19;2600;6125;441697;345977;63.9;50.0
14;2021-07-20;3248;7256;444945;353233;64.3;51.1
14;2021-07-21;4106;5842;449051;359075;64.9;51.9
14;2021-07-22;4855;6604;453906;365679;65.6;52.9
14;2021-07-23;5383;6767;459289;372446;66.4;53.9
14;2021-07-24;3085;3795;462374;376241;66.9;54.4
14;2021-07-25;1506;1248;463880;377489;67.1;54.6
14;2021-07-26;4684;4187;468564;381676;67.8;55.2
14;2021-07-27;5404;4366;473968;386042;68.5;55.8
14;2021-07-28;5116;3970;479084;390012;69.3;56.4
14;2021-07-29;6444;4883;485528;394895;70.2;57.1
14;2021-07-30;5841;5168;491369;400063;71.1;57.9
14;2021-07-31;2773;2512;494142;402575;71.5;58.2
14;2021-08-01;1895;933;496037;403508;71.7;58.4
14;2021-08-02;3948;4292;499985;407800;72.3;59.0
14;2021-08-03;4479;4170;504464;411970;73.0;59.6
14;2021-08-04;4646;3536;509110;415506;73.6;60.1
14;2021-08-05;4655;4033;513765;419539;74.3;60.7
14;2021-08-06;4427;4804;518192;424343;74.9;61.4
14;2021-08-07;2131;2297;520323;426640;75.3;61.7
14;2021-08-08;638;853;520961;427493;75.3;61.8
14;2021-08-09;2128;2878;523089;430371;75.7;62.2
14;2021-08-10;3657;4173;526746;434544;76.2;62.8
14;2021-08-11;3070;3463;529816;438007;76.6;63.3
14;2021-08-12;3482;4348;533298;442355;77.1;64.0
14;2021-08-13;2634;4139;535932;446494;77.5;64.6
14;2021-08-14;1419;2007;537351;448501;77.7;64.9
14;2021-08-15;391;1484;537742;449985;77.8;65.1
14;2021-08-16;1825;2782;539567;452767;78.0;65.5
14;2021-08-17;2261;4566;541828;457333;78.4;66.1
14;2021-08-18;2059;4525;543887;461858;78.7;66.8
14;2021-08-19;2325;5084;546212;466942;79.0;67.5
14;2021-08-20;2182;5406;548394;472348;79.3;68.3
14;2021-08-21;1012;2836;549406;475184;79.5;68.7
14;2021-08-22;170;1564;549576;476748;79.5;68.9
14;2021-08-23;1260;4168;550836;480916;79.7;69.6
14;2021-08-24;1325;4304;552161;485220;79.9;70.2
14;2021-08-25;1391;4399;553552;489619;80.1;70.8
14;2021-08-26;1421;5078;554973;494697;80.3;71.5
14;2021-08-27;1465;5288;556438;499985;80.5;72.3
14;2021-08-28;729;3000;557167;502985;80.6;72.7
14;2021-08-29;184;1013;557351;503998;80.6;72.9
14;2021-08-30;1011;3629;558362;507627;80.8;73.4
14;2021-08-31;1321;4801;559683;512428;80.9;74.1
14;2021-09-01;1058;3972;560741;516400;81.1;74.7
14;2021-09-02;857;3346;561598;519746;81.2;75.2
14;2021-09-03;1172;4355;562770;524101;81.4;75.8
14;2021-09-04;661;2369;563431;526470;81.5;76.1
14;2021-09-05;126;413;563557;526883;81.5;76.2
14;2021-09-06;462;2218;564019;529101;81.6;76.5
14;2021-09-07;491;2199;564510;531300;81.6;76.8
15;2020-12-27;2;0;2;0;0.0;0.0
15;2020-12-28;0;0;2;0;0.0;0.0
15;2020-12-29;0;0;2;0;0.0;0.0
15;2020-12-30;0;0;2;0;0.0;0.0
15;2020-12-31;0;0;2;0;0.0;0.0
15;2021-01-01;1;0;3;0;0.0;0.0
15;2021-01-02;0;0;3;0;0.0;0.0
15;2021-01-03;0;0;3;0;0.0;0.0
15;2021-01-04;0;0;3;0;0.0;0.0
15;2021-01-05;0;0;3;0;0.0;0.0
15;2021-01-06;0;0;3;0;0.0;0.0
15;2021-01-07;72;0;75;0;0.1;0.0
15;2021-01-08;110;0;185;0;0.1;0.0
15;2021-01-09;0;0;185;0;0.1;0.0
15;2021-01-10;2;0;187;0;0.1;0.0
15;2021-01-11;99;0;286;0;0.2;0.0
15;2021-01-12;94;0;380;0;0.3;0.0
15;2021-01-13;230;0;610;0;0.4;0.0
15;2021-01-14;313;1;923;1;0.6;0.0
15;2021-01-15;138;0;1061;1;0.7;0.0
15;2021-01-16;90;0;1151;1;0.8;0.0
15;2021-01-17;0;0;1151;1;0.8;0.0
15;2021-01-18;404;2;1555;3;1.1;0.0
15;2021-01-19;550;0;2105;3;1.5;0.0
15;2021-01-20;629;1;2734;4;1.9;0.0
15;2021-01-21;577;4;3311;8;2.3;0.0
15;2021-01-22;503;1;3814;9;2.7;0.0
15;2021-01-23;432;1;4246;10;3.0;0.0
15;2021-01-24;6;0;4252;10;3.0;0.0
15;2021-01-25;401;0;4653;10;3.3;0.0
15;2021-01-26;437;0;5090;10;3.6;0.0
15;2021-01-27;735;7;5825;17;4.1;0.0
15;2021-01-28;624;51;6449;68;4.5;0.0
15;2021-01-29;336;81;6785;149;4.8;0.1
15;2021-01-30;218;3;7003;152;4.9;0.1
15;2021-01-31;1;1;7004;153;4.9;0.1
15;2021-02-01;239;85;7243;238;5.1;0.2
15;2021-02-02;188;88;7431;326;5.2;0.2
15;2021-02-03;267;152;7698;478;5.4;0.3
15;2021-02-04;663;203;8361;681;5.9;0.5
15;2021-02-05;296;240;8657;921;6.1;0.6
15;2021-02-06;98;65;8755;986;6.1;0.7
15;2021-02-07;0;0;8755;986;6.1;0.7
15;2021-02-08;233;93;8988;1079;6.3;0.8
15;2021-02-09;205;108;9193;1187;6.4;0.8
15;2021-02-10;338;294;9531;1481;6.7;1.0
15;2021-02-11;117;234;9648;1715;6.8;1.2
15;2021-02-12;136;146;9784;1861;6.9;1.3
15;2021-02-13;92;78;9876;1939;6.9;1.4
15;2021-02-14;0;0;9876;1939;6.9;1.4
15;2021-02-15;63;186;9939;2125;7.0;1.5
15;2021-02-16;52;269;9991;2394;7.0;1.7
15;2021-02-17;134;442;10125;2836;7.1;2.0
15;2021-02-18;87;729;10212;3565;7.2;2.5
15;2021-02-19;90;399;10302;3964;7.2;2.8
15;2021-02-20;20;232;10322;4196;7.2;2.9
15;2021-02-21;0;0;10322;4196;7.2;2.9
15;2021-02-22;23;447;10345;4643;7.2;3.3
15;2021-02-23;180;424;10525;5067;7.4;3.5
15;2021-02-24;31;433;10556;5500;7.4;3.9
15;2021-02-25;228;968;10784;6468;7.6;4.5
15;2021-02-26;186;454;10970;6922;7.7;4.8
15;2021-02-27;145;81;11115;7003;7.8;4.9
15;2021-02-28;1;0;11116;7003;7.8;4.9
15;2021-03-01;121;214;11237;7217;7.9;5.1
15;2021-03-02;250;295;11487;7512;8.0;5.3
15;2021-03-03;207;29;11694;7541;8.2;5.3
15;2021-03-04;246;236;11940;7777;8.4;5.4
15;2021-03-05;348;171;12288;7948;8.6;5.6
15;2021-03-06;680;11;12968;7959;9.1;5.6
15;2021-03-07;81;2;13049;7961;9.1;5.6
15;2021-03-08;93;102;13142;8063;9.2;5.6
15;2021-03-09;281;286;13423;8349;9.4;5.8
15;2021-03-10;417;179;13840;8528;9.7;6.0
15;2021-03-11;434;296;14274;8824;10.0;6.2
15;2021-03-12;525;94;14799;8918;10.4;6.2
15;2021-03-13;355;7;15154;8925;10.6;6.2
15;2021-03-14;18;0;15172;8925;10.6;6.2
15;2021-03-15;542;64;15714;8989;11.0;6.3
15;2021-03-16;328;21;16042;9010;11.2;6.3
15;2021-03-17;130;53;16172;9063;11.3;6.3
15;2021-03-18;250;94;16422;9157;11.5;6.4
15;2021-03-19;669;32;17091;9189;12.0;6.4
15;2021-03-20;148;36;17239;9225;12.1;6.5
15;2021-03-21;6;0;17245;9225;12.1;6.5
15;2021-03-22;575;79;17820;9304;12.5;6.5
15;2021-03-23;776;98;18596;9402;13.0;6.6
15;2021-03-24;937;35;19533;9437;13.7;6.6
15;2021-03-25;1282;33;20815;9470;14.6;6.6
15;2021-03-26;1009;61;21824;9531;15.3;6.7
15;2021-03-27;301;7;22125;9538;15.5;6.7
15;2021-03-28;20;0;22145;9538;15.5;6.7
15;2021-03-29;782;18;22927;9556;16.1;6.7
15;2021-03-30;1136;202;24063;9758;16.8;6.8
15;2021-03-31;941;23;25004;9781;17.5;6.8
15;2021-04-01;1233;60;26237;9841;18.4;6.9
15;2021-04-02;1142;61;27379;9902;19.2;6.9
15;2021-04-03;120;18;27499;9920;19.3;6.9
15;2021-04-04;0;0;27499;9920;19.3;6.9
15;2021-04-05;33;3;27532;9923;19.3;6.9
15;2021-04-06;834;87;28366;10010;19.9;7.0
15;2021-04-07;663;107;29029;10117;20.3;7.1
15;2021-04-08;1247;150;30276;10267;21.2;7.2
15;2021-04-09;1277;104;31553;10371;22.1;7.3
15;2021-04-10;364;20;31917;10391;22.3;7.3
15;2021-04-11;14;0;31931;10391;22.4;7.3
15;2021-04-12;644;459;32575;10850;22.8;7.6
15;2021-04-13;1124;323;33699;11173;23.6;7.8
15;2021-04-14;1039;199;34738;11372;24.3;8.0
15;2021-04-15;1183;310;35921;11682;25.2;8.2
15;2021-04-16;1038;554;36959;12236;25.9;8.6
15;2021-04-17;445;14;37404;12250;26.2;8.6
15;2021-04-18;0;10;37404;12260;26.2;8.6
15;2021-04-19;539;514;37943;12774;26.6;8.9
15;2021-04-20;847;615;38790;13389;27.2;9.4
15;2021-04-21;594;651;39384;14040;27.6;9.8
15;2021-04-22;728;776;40112;14816;28.1;10.4
15;2021-04-23;731;681;40843;15497;28.6;10.9
15;2021-04-24;363;123;41206;15620;28.9;10.9
15;2021-04-25;1;3;41207;15623;28.9;10.9
15;2021-04-26;325;632;41532;16255;29.1;11.4
15;2021-04-27;469;940;42001;17195;29.4;12.0
15;2021-04-28;383;788;42384;17983;29.7;12.6
15;2021-04-29;587;1010;42971;18993;30.1;13.3
15;2021-04-30;547;1075;43518;20068;30.5;14.1
15;2021-05-01;283;30;43801;20098;30.7;14.1
15;2021-05-02;0;0;43801;20098;30.7;14.1
15;2021-05-03;881;331;44682;20429;31.3;14.3
15;2021-05-04;802;855;45484;21284;31.8;14.9
15;2021-05-05;676;680;46160;21964;32.3;15.4
15;2021-05-06;827;967;46987;22931;32.9;16.1
15;2021-05-07;1154;904;48141;23835;33.7;16.7
15;2021-05-08;491;55;48632;23890;34.1;16.7
15;2021-05-09;24;9;48656;23899;34.1;16.7
15;2021-05-10;705;913;49361;24812;34.6;17.4
15;2021-05-11;1186;1185;50547;25997;35.4;18.2
15;2021-05-12;1147;836;51694;26833;36.2;18.8
15;2021-05-13;1165;440;52859;27273;37.0;19.1
15;2021-05-14;1504;583;54363;27856;38.1;19.5
15;2021-05-15;1410;418;55773;28274;39.1;19.8
15;2021-05-16;1;10;55774;28284;39.1;19.8
15;2021-05-17;999;606;56773;28890;39.8;20.2
15;2021-05-18;1222;971;57995;29861;40.6;20.9
15;2021-05-19;1020;459;59015;30320;41.3;21.2
15;2021-05-20;1240;782;60255;31102;42.2;21.8
15;2021-05-21;1349;748;61604;31850;43.1;22.3
15;2021-05-22;527;188;62131;32038;43.5;22.4
15;2021-05-23;2;11;62133;32049;43.5;22.4
15;2021-05-24;693;257;62826;32306;44.0;22.6
15;2021-05-25;1151;620;63977;32926;44.8;23.1
15;2021-05-26;1095;459;65072;33385;45.6;23.4
15;2021-05-27;1270;660;66342;34045;46.5;23.8
15;2021-05-28;1509;886;67851;34931;47.5;24.5
15;2021-05-29;984;361;68835;35292;48.2;24.7
15;2021-05-30;14;25;68849;35317;48.2;24.7
15;2021-05-31;1201;480;70050;35797;49.1;25.1
15;2021-06-01;1400;570;71450;36367;50.0;25.5
15;2021-06-02;865;418;72315;36785;50.6;25.8
15;2021-06-03;932;708;73247;37493;51.3;26.3
15;2021-06-04;1076;718;74323;38211;52.0;26.8
15;2021-06-05;651;263;74974;38474;52.5;26.9
15;2021-06-06;16;20;74990;38494;52.5;27.0
15;2021-06-07;797;349;75787;38843;53.1;27.2
15;2021-06-08;477;394;76264;39237;53.4;27.5
15;2021-06-09;377;377;76641;39614;53.7;27.7
15;2021-06-10;275;423;76916;40037;53.9;28.0
15;2021-06-11;661;1100;77577;41137;54.3;28.8
15;2021-06-12;377;467;77954;41604;54.6;29.1
15;2021-06-13;11;6;77965;41610;54.6;29.1
15;2021-06-14;542;977;78507;42587;55.0;29.8
15;2021-06-15;450;1164;78957;43751;55.3;30.6
15;2021-06-16;543;899;79500;44650;55.7;31.3
15;2021-06-17;290;934;79790;45584;55.9;31.9
15;2021-06-18;741;1205;80531;46789;56.4;32.8
15;2021-06-19;543;705;81074;47494;56.8;33.3
15;2021-06-20;11;1;81085;47495;56.8;33.3
15;2021-06-21;280;1042;81365;48537;57.0;34.0
15;2021-06-22;232;1479;81597;50016;57.1;35.0
15;2021-06-23;346;1445;81943;51461;57.4;36.0
15;2021-06-24;292;1094;82235;52555;57.6;36.8
15;2021-06-25;379;1642;82614;54197;57.8;38.0
15;2021-06-26;165;908;82779;55105;58.0;38.6
15;2021-06-27;0;0;82779;55105;58.0;38.6
15;2021-06-28;176;1227;82955;56332;58.1;39.4
15;2021-06-29;303;1264;83258;57596;58.3;40.3
15;2021-06-30;268;982;83526;58578;58.5;41.0
15;2021-07-01;381;1220;83907;59798;58.8;41.9
15;2021-07-02;410;1348;84317;61146;59.0;42.8
15;2021-07-03;251;708;84568;61854;59.2;43.3
15;2021-07-04;1;1;84569;61855;59.2;43.3
15;2021-07-05;248;1257;84817;63112;59.4;44.2
15;2021-07-06;274;1467;85091;64579;59.6;45.2
15;2021-07-07;256;1345;85347;65924;59.8;46.2
15;2021-07-08;489;1353;85836;67277;60.1;47.1
15;2021-07-09;488;1784;86324;69061;60.4;48.4
15;2021-07-10;215;863;86539;69924;60.6;49.0
15;2021-07-11;9;5;86548;69929;60.6;49.0
15;2021-07-12;277;1484;86825;71413;60.8;50.0
15;2021-07-13;587;1769;87412;73182;61.2;51.2
15;2021-07-14;16;130;87428;73312;61.2;51.3
15;2021-07-15;1132;729;88560;74041;62.0;51.8
15;2021-07-16;1140;1337;89700;75378;62.8;52.8
15;2021-07-17;820;953;90520;76331;63.4;53.4
15;2021-07-18;0;3;90520;76334;63.4;53.5
15;2021-07-19;1075;1270;91595;77604;64.1;54.3
15;2021-07-20;1614;569;93209;78173;65.3;54.7
15;2021-07-21;1189;603;94398;78776;66.1;55.2
15;2021-07-22;894;513;95292;79289;66.7;55.5
15;2021-07-23;1341;1065;96633;80354;67.7;56.3
15;2021-07-24;628;769;97261;81123;68.1;56.8
15;2021-07-25;1;24;97262;81147;68.1;56.8
15;2021-07-26;1248;596;98510;81743;69.0;57.2
15;2021-07-27;1692;573;100202;82316;70.2;57.6
15;2021-07-28;1239;584;101441;82900;71.0;58.0
15;2021-07-29;837;401;102278;83301;71.6;58.3
15;2021-07-30;1008;1132;103286;84433;72.3;59.1
15;2021-07-31;604;637;103890;85070;72.7;59.6
15;2021-08-01;21;12;103911;85082;72.8;59.6
15;2021-08-02;1143;542;105054;85624;73.6;60.0
15;2021-08-03;1165;382;106219;86006;74.4;60.2
15;2021-08-04;789;409;107008;86415;74.9;60.5
15;2021-08-05;383;284;107391;86699;75.2;60.7
15;2021-08-06;790;1240;108181;87939;75.8;61.6
15;2021-08-07;264;1162;108445;89101;75.9;62.4
15;2021-08-08;3;6;108448;89107;75.9;62.4
15;2021-08-09;512;1165;108960;90272;76.3;63.2
15;2021-08-10;434;725;109394;90997;76.6;63.7
15;2021-08-11;411;1006;109805;92003;76.9;64.4
15;2021-08-12;523;1184;110328;93187;77.3;65.3
15;2021-08-13;679;1139;111007;94326;77.7;66.0
15;2021-08-14;179;552;111186;94878;77.9;66.4
15;2021-08-15;17;9;111203;94887;77.9;66.4
15;2021-08-16;387;1134;111590;96021;78.1;67.2
15;2021-08-17;398;1141;111988;97162;78.4;68.0
15;2021-08-18;368;802;112356;97964;78.7;68.6
15;2021-08-19;298;879;112654;98843;78.9;69.2
15;2021-08-20;601;1215;113255;100058;79.3;70.1
15;2021-08-21;217;866;113472;100924;79.5;70.7
15;2021-08-22;12;26;113484;100950;79.5;70.7
15;2021-08-23;227;611;113711;101561;79.6;71.1
15;2021-08-24;245;589;113956;102150;79.8;71.5
15;2021-08-25;150;492;114106;102642;79.9;71.9
15;2021-08-26;136;363;114242;103005;80.0;72.1
15;2021-08-27;365;1337;114607;104342;80.3;73.1
15;2021-08-28;213;857;114820;105199;80.4;73.7
15;2021-08-29;7;13;114827;105212;80.4;73.7
15;2021-08-30;223;1062;115050;106274;80.6;74.4
15;2021-08-31;402;664;115452;106938;80.8;74.9
15;2021-09-01;181;445;115633;107383;81.0;75.2
15;2021-09-02;91;275;115724;107658;81.0;75.4
15;2021-09-03;201;1006;115925;108664;81.2;76.1
15;2021-09-04;150;422;116075;109086;81.3;76.4
15;2021-09-05;0;2;116075;109088;81.3;76.4
15;2021-09-06;98;491;116173;109579;81.3;76.7
15;2021-09-07;89;269;116262;109848;81.4;76.9
16;2020-12-27;0;0;0;0;0.0;0.0
16;2020-12-28;2;0;2;0;0.0;0.0
16;2020-12-29;0;0;2;0;0.0;0.0
16;2020-12-30;1;0;3;0;0.0;0.0
16;2020-12-31;0;0;3;0;0.0;0.0
16;2021-01-01;0;0;3;0;0.0;0.0
16;2021-01-02;0;0;3;0;0.0;0.0
16;2021-01-03;0;0;3;0;0.0;0.0
16;2021-01-04;1;0;4;0;0.0;0.0
16;2021-01-05;1;0;5;0;0.0;0.0
16;2021-01-06;88;0;93;0;0.0;0.0
16;2021-01-07;240;0;333;0;0.1;0.0
16;2021-01-08;465;2;798;2;0.2;0.0
16;2021-01-09;1;0;799;2;0.2;0.0
16;2021-01-10;1;0;800;2;0.2;0.0
16;2021-01-11;304;0;1104;2;0.3;0.0
16;2021-01-12;437;1;1541;3;0.4;0.0
16;2021-01-13;480;0;2021;3;0.6;0.0
16;2021-01-14;600;7;2621;10;0.8;0.0
16;2021-01-15;504;3;3125;13;0.9;0.0
16;2021-01-16;0;0;3125;13;0.9;0.0
16;2021-01-17;0;0;3125;13;0.9;0.0
16;2021-01-18;431;4;3556;17;1.0;0.0
16;2021-01-19;833;2;4389;19;1.3;0.0
16;2021-01-20;1185;2;5574;21;1.6;0.0
16;2021-01-21;1370;3;6944;24;2.0;0.0
16;2021-01-22;1114;0;8058;24;2.3;0.0
16;2021-01-23;183;0;8241;24;2.4;0.0
16;2021-01-24;0;0;8241;24;2.4;0.0
16;2021-01-25;641;2;8882;26;2.6;0.0
16;2021-01-26;1026;1;9908;27;2.8;0.0
16;2021-01-27;1406;105;11314;132;3.2;0.0
16;2021-01-28;1261;55;12575;187;3.6;0.1
16;2021-01-29;742;136;13317;323;3.8;0.1
16;2021-01-30;36;0;13353;323;3.8;0.1
16;2021-01-31;0;0;13353;323;3.8;0.1
16;2021-02-01;394;200;13747;523;3.9;0.2
16;2021-02-02;576;172;14323;695;4.1;0.2
16;2021-02-03;621;345;14944;1040;4.3;0.3
16;2021-02-04;464;261;15408;1301;4.4;0.4
16;2021-02-05;505;266;15913;1567;4.6;0.5
16;2021-02-06;3;80;15916;1647;4.6;0.5
16;2021-02-07;41;3;15957;1650;4.6;0.5
16;2021-02-08;356;190;16313;1840;4.7;0.5
16;2021-02-09;649;273;16962;2113;4.9;0.6
16;2021-02-10;693;668;17655;2781;5.1;0.8
16;2021-02-11;800;576;18455;3357;5.3;1.0
16;2021-02-12;623;809;19078;4166;5.5;1.2
16;2021-02-13;43;78;19121;4244;5.5;1.2
16;2021-02-14;2;7;19123;4251;5.5;1.2
16;2021-02-15;216;604;19339;4855;5.6;1.4
16;2021-02-16;374;853;19713;5708;5.7;1.6
16;2021-02-17;347;1230;20060;6938;5.8;2.0
16;2021-02-18;511;1138;20571;8076;5.9;2.3
16;2021-02-19;389;693;20960;8769;6.0;2.5
16;2021-02-20;2;8;20962;8777;6.0;2.5
16;2021-02-21;2;0;20964;8777;6.0;2.5
16;2021-02-22;136;457;21100;9234;6.1;2.7
16;2021-02-23;205;772;21305;10006;6.1;2.9
16;2021-02-24;274;828;21579;10834;6.2;3.1
16;2021-02-25;395;617;21974;11451;6.3;3.3
16;2021-02-26;479;455;22453;11906;6.4;3.4
16;2021-02-27;249;1;22702;11907;6.5;3.4
16;2021-02-28;5;5;22707;11912;6.5;3.4
16;2021-03-01;152;280;22859;12192;6.6;3.5
16;2021-03-02;272;584;23131;12776;6.6;3.7
16;2021-03-03;391;673;23522;13449;6.8;3.9
16;2021-03-04;804;543;24326;13992;7.0;4.0
16;2021-03-05;1142;514;25468;14506;7.3;4.2
16;2021-03-06;751;13;26219;14519;7.5;4.2
16;2021-03-07;94;18;26313;14537;7.6;4.2
16;2021-03-08;438;308;26751;14845;7.7;4.3
16;2021-03-09;774;662;27525;15507;7.9;4.5
16;2021-03-10;606;653;28131;16160;8.1;4.6
16;2021-03-11;1447;532;29578;16692;8.5;4.8
16;2021-03-12;1164;456;30742;17148;8.8;4.9
16;2021-03-13;765;14;31507;17162;9.0;4.9
16;2021-03-14;1;0;31508;17162;9.0;4.9
16;2021-03-15;462;180;31970;17342;9.2;5.0
16;2021-03-16;860;412;32830;17754;9.4;5.1
16;2021-03-17;590;280;33420;18034;9.6;5.2
16;2021-03-18;1033;276;34453;18310;9.9;5.3
16;2021-03-19;1101;247;35554;18557;10.2;5.3
16;2021-03-20;396;5;35950;18562;10.3;5.3
16;2021-03-21;9;0;35959;18562;10.3;5.3
16;2021-03-22;728;100;36687;18662;10.5;5.4
16;2021-03-23;1464;102;38151;18764;11.0;5.4
16;2021-03-24;1119;185;39270;18949;11.3;5.4
16;2021-03-25;2047;89;41317;19038;11.9;5.5
16;2021-03-26;1916;98;43233;19136;12.4;5.5
16;2021-03-27;433;21;43666;19157;12.5;5.5
16;2021-03-28;0;0;43666;19157;12.5;5.5
16;2021-03-29;925;60;44591;19217;12.8;5.5
16;2021-03-30;1883;180;46474;19397;13.3;5.6
16;2021-03-31;1514;134;47988;19531;13.8;5.6
16;2021-04-01;2009;400;49997;19931;14.4;5.7
16;2021-04-02;1442;378;51439;20309;14.8;5.8
16;2021-04-03;288;5;51727;20314;14.9;5.8
16;2021-04-04;1;0;51728;20314;14.9;5.8
16;2021-04-05;2;0;51730;20314;14.9;5.8
16;2021-04-06;2013;545;53743;20859;15.4;6.0
16;2021-04-07;1954;405;55697;21264;16.0;6.1
16;2021-04-08;2823;586;58520;21850;16.8;6.3
16;2021-04-09;2695;554;61215;22404;17.6;6.4
16;2021-04-10;1291;37;62506;22441;18.0;6.4
16;2021-04-11;2;0;62508;22441;18.0;6.4
16;2021-04-12;1431;316;63939;22757;18.4;6.5
16;2021-04-13;2124;838;66063;23595;19.0;6.8
16;2021-04-14;1951;631;68014;24226;19.5;7.0
16;2021-04-15;2103;984;70117;25210;20.1;7.2
16;2021-04-16;2045;788;72162;25998;20.7;7.5
16;2021-04-17;1507;92;73669;26090;21.2;7.5
16;2021-04-18;197;3;73866;26093;21.2;7.5
16;2021-04-19;1440;524;75306;26617;21.6;7.6
16;2021-04-20;2055;1231;77361;27848;22.2;8.0
16;2021-04-21;1777;750;79138;28598;22.7;8.2
16;2021-04-22;2291;1005;81429;29603;23.4;8.5
16;2021-04-23;2363;1171;83792;30774;24.1;8.8
16;2021-04-24;829;38;84621;30812;24.3;8.8
16;2021-04-25;117;5;84738;30817;24.3;8.9
16;2021-04-26;1400;808;86138;31625;24.7;9.1
16;2021-04-27;2057;1417;88195;33042;25.3;9.5
16;2021-04-28;1591;1127;89786;34169;25.8;9.8
16;2021-04-29;2250;1488;92036;35657;26.4;10.2
16;2021-04-30;2856;1339;94892;36996;27.3;10.6
16;2021-05-01;353;60;95245;37056;27.4;10.6
16;2021-05-02;155;13;95400;37069;27.4;10.6
16;2021-05-03;2610;534;98010;37603;28.1;10.8
16;2021-05-04;2061;2046;100071;39649;28.7;11.4
16;2021-05-05;1688;1829;101759;41478;29.2;11.9
16;2021-05-06;1888;2239;103647;43717;29.8;12.6
16;2021-05-07;3071;2117;106718;45834;30.7;13.2
16;2021-05-08;1197;468;107915;46302;31.0;13.3
16;2021-05-09;530;27;108445;46329;31.1;13.3
16;2021-05-10;1930;1625;110375;47954;31.7;13.8
16;2021-05-11;2354;1963;112729;49917;32.4;14.3
16;2021-05-12;1734;1799;114463;51716;32.9;14.9
16;2021-05-13;1461;355;115924;52071;33.3;15.0
16;2021-05-14;1989;1554;117913;53625;33.9;15.4
16;2021-05-15;596;896;118509;54521;34.0;15.7
16;2021-05-16;132;6;118641;54527;34.1;15.7
16;2021-05-17;1609;1286;120250;55813;34.5;16.0
16;2021-05-18;2759;1424;123009;57237;35.3;16.4
16;2021-05-19;2006;1240;125015;58477;35.9;16.8
16;2021-05-20;2833;1389;127848;59866;36.7;17.2
16;2021-05-21;2945;1398;130793;61264;37.6;17.6
16;2021-05-22;412;711;131205;61975;37.7;17.8
16;2021-05-23;210;11;131415;61986;37.7;17.8
16;2021-05-24;1263;234;132678;62220;38.1;17.9
16;2021-05-25;2759;1462;135437;63682;38.9;18.3
16;2021-05-26;1835;1187;137272;64869;39.4;18.6
16;2021-05-27;2418;1581;139690;66450;40.1;19.1
16;2021-05-28;2899;1564;142589;68014;41.0;19.5
16;2021-05-29;814;883;143403;68897;41.2;19.8
16;2021-05-30;1;4;143404;68901;41.2;19.8
16;2021-05-31;1984;1104;145388;70005;41.8;20.1
16;2021-06-01;2344;1715;147732;71720;42.4;20.6
16;2021-06-02;1822;1503;149554;73223;43.0;21.0
16;2021-06-03;2623;1758;152177;74981;43.7;21.5
16;2021-06-04;2834;2028;155011;77009;44.5;22.1
16;2021-06-05;1006;549;156017;77558;44.8;22.3
16;2021-06-06;161;29;156178;77587;44.9;22.3
16;2021-06-07;1991;1281;158169;78868;45.4;22.7
16;2021-06-08;2395;1995;160564;80863;46.1;23.2
16;2021-06-09;2529;1616;163093;82479;46.8;23.7
16;2021-06-10;2571;2001;165664;84480;47.6;24.3
16;2021-06-11;2152;2734;167816;87214;48.2;25.0
16;2021-06-12;1614;517;169430;87731;48.7;25.2
16;2021-06-13;261;72;169691;87803;48.7;25.2
16;2021-06-14;796;2794;170487;90597;49.0;26.0
16;2021-06-15;1866;2623;172353;93220;49.5;26.8
16;2021-06-16;1576;2086;173929;95306;50.0;27.4
16;2021-06-17;2041;2500;175970;97806;50.5;28.1
16;2021-06-18;2061;3218;178031;101024;51.1;29.0
16;2021-06-19;1352;1311;179383;102335;51.5;29.4
16;2021-06-20;243;28;179626;102363;51.6;29.4
16;2021-06-21;1411;2170;181037;104533;52.0;30.0
16;2021-06-22;1675;2943;182712;107476;52.5;30.9
16;2021-06-23;1565;2019;184277;109495;52.9;31.4
16;2021-06-24;1927;2167;186204;111662;53.5;32.1
16;2021-06-25;1983;2725;188187;114387;54.0;32.9
16;2021-06-26;1061;725;189248;115112;54.4;33.1
16;2021-06-27;132;25;189380;115137;54.4;33.1
16;2021-06-28;1164;1965;190544;117102;54.7;33.6
16;2021-06-29;1282;3358;191826;120460;55.1;34.6
16;2021-06-30;1337;2713;193163;123173;55.5;35.4
16;2021-07-01;1863;3157;195026;126330;56.0;36.3
16;2021-07-02;1424;3581;196450;129911;56.4;37.3
16;2021-07-03;694;1111;197144;131022;56.6;37.6
16;2021-07-04;3;15;197147;131037;56.6;37.6
16;2021-07-05;815;2298;197962;133335;56.9;38.3
16;2021-07-06;1278;3366;199240;136701;57.2;39.3
16;2021-07-07;871;2274;200111;138975;57.5;39.9
16;2021-07-08;1234;2732;201345;141707;57.8;40.7
16;2021-07-09;1111;3708;202456;145415;58.1;41.8
16;2021-07-10;338;1338;202794;146753;58.2;42.1
16;2021-07-11;2;13;202796;146766;58.2;42.2
16;2021-07-12;634;2436;203430;149202;58.4;42.9
16;2021-07-13;1392;3530;204822;152732;58.8;43.9
16;2021-07-14;799;877;205621;153609;59.1;44.1
16;2021-07-15;1250;3407;206871;157016;59.4;45.1
16;2021-07-16;1498;3384;208369;160400;59.8;46.1
16;2021-07-17;538;1188;208907;161588;60.0;46.4
16;2021-07-18;14;6;208921;161594;60.0;46.4
16;2021-07-19;618;2856;209539;164450;60.2;47.2
16;2021-07-20;1125;3287;210664;167737;60.5;48.2
16;2021-07-21;1118;2618;211782;170355;60.8;48.9
16;2021-07-22;1871;2859;213653;173214;61.4;49.7
16;2021-07-23;1553;3545;215206;176759;61.8;50.8
16;2021-07-24;638;1207;215844;177966;62.0;51.1
16;2021-07-25;11;11;215855;177977;62.0;51.1
16;2021-07-26;1530;2128;217385;180105;62.4;51.7
16;2021-07-27;1868;2817;219253;182922;63.0;52.5
16;2021-07-28;1862;2319;221115;185241;63.5;53.2
16;2021-07-29;2244;2474;223359;187715;64.2;53.9
16;2021-07-30;2357;3105;225716;190820;64.8;54.8
16;2021-07-31;960;1354;226676;192174;65.1;55.2
16;2021-08-01;192;22;226868;192196;65.2;55.2
16;2021-08-02;2120;1828;228988;194024;65.8;55.7
16;2021-08-03;2123;2327;231111;196351;66.4;56.4
16;2021-08-04;2120;1886;233231;198237;67.0;56.9
16;2021-08-05;2768;1655;235999;199892;67.8;57.4
16;2021-08-06;2508;2367;238507;202259;68.5;58.1
16;2021-08-07;831;562;239338;202821;68.7;58.3
16;2021-08-08;35;34;239373;202855;68.7;58.3
16;2021-08-09;2180;1061;241553;203916;69.4;58.6
16;2021-08-10;2887;1586;244440;205502;70.2;59.0
16;2021-08-11;2604;1234;247044;206736;71.0;59.4
16;2021-08-12;1998;1740;249042;208476;71.5;59.9
16;2021-08-13;2686;1467;251728;209943;72.3;60.3
16;2021-08-14;757;453;252485;210396;72.5;60.4
16;2021-08-15;27;4;252512;210400;72.5;60.4
16;2021-08-16;1338;1581;253850;211981;72.9;60.9
16;2021-08-17;1824;1626;255674;213607;73.4;61.3
16;2021-08-18;1585;1471;257259;215078;73.9;61.8
16;2021-08-19;1512;1775;258771;216853;74.3;62.3
16;2021-08-20;1600;1902;260371;218755;74.8;62.8
16;2021-08-21;558;827;260929;219582;74.9;63.1
16;2021-08-22;4;5;260933;219587;74.9;63.1
16;2021-08-23;989;2065;261922;221652;75.2;63.7
16;2021-08-24;1038;2375;262960;224027;75.5;64.3
16;2021-08-25;882;1780;263842;225807;75.8;64.9
16;2021-08-26;871;2528;264713;228335;76.0;65.6
16;2021-08-27;851;2406;265564;230741;76.3;66.3
16;2021-08-28;260;770;265824;231511;76.3;66.5
16;2021-08-29;2;16;265826;231527;76.3;66.5
16;2021-08-30;640;2396;266466;233923;76.5;67.2
16;2021-08-31;667;2632;267133;236555;76.7;67.9
16;2021-09-01;467;2540;267600;239095;76.9;68.7
16;2021-09-02;540;2365;268140;241460;77.0;69.3
16;2021-09-03;539;2810;268679;244270;77.2;70.2
16;2021-09-04;361;963;269040;245233;77.3;70.4
16;2021-09-05;5;29;269045;245262;77.3;70.4
16;2021-09-06;315;1759;269360;247021;77.4;70.9
16;2021-09-07;349;1988;269709;249009;77.5;71.5
17;2020-12-27;0;0;0;0;0.0;0.0
17;2020-12-28;0;0;0;0;0.0;0.0
17;2020-12-29;0;0;0;0;0.0;0.0
17;2020-12-30;1;0;1;0;0.0;0.0
17;2020-12-31;0;0;1;0;0.0;0.0
17;2021-01-01;1;0;2;0;0.0;0.0
17;2021-01-02;1;0;3;0;0.0;0.0
17;2021-01-03;0;0;3;0;0.0;0.0
17;2021-01-04;56;0;59;0;0.0;0.0
17;2021-01-05;98;0;157;0;0.0;0.0
17;2021-01-06;132;0;289;0;0.0;0.0
17;2021-01-07;485;1;774;1;0.1;0.0
17;2021-01-08;418;0;1192;1;0.2;0.0
17;2021-01-09;0;0;1192;1;0.2;0.0
17;2021-01-10;1;0;1193;1;0.2;0.0
17;2021-01-11;381;1;1574;2;0.2;0.0
17;2021-01-12;749;1;2323;3;0.4;0.0
17;2021-01-13;654;2;2977;5;0.5;0.0
17;2021-01-14;617;9;3594;14;0.6;0.0
17;2021-01-15;681;1;4275;15;0.7;0.0
17;2021-01-16;129;2;4404;17;0.7;0.0
17;2021-01-17;19;0;4423;17;0.7;0.0
17;2021-01-18;886;2;5309;19;0.8;0.0
17;2021-01-19;1910;3;7219;22;1.1;0.0
17;2021-01-20;2394;2;9613;24;1.5;0.0
17;2021-01-21;2499;3;12112;27;1.9;0.0
17;2021-01-22;1892;6;14004;33;2.2;0.0
17;2021-01-23;738;1;14742;34;2.3;0.0
17;2021-01-24;48;0;14790;34;2.3;0.0
17;2021-01-25;1383;5;16173;39;2.5;0.0
17;2021-01-26;2110;3;18283;42;2.8;0.0
17;2021-01-27;1675;32;19958;74;3.1;0.0
17;2021-01-28;2474;228;22432;302;3.5;0.0
17;2021-01-29;1739;221;24171;523;3.7;0.1
17;2021-01-30;528;5;24699;528;3.8;0.1
17;2021-01-31;37;2;24736;530;3.8;0.1
17;2021-02-01;740;193;25476;723;3.9;0.1
17;2021-02-02;1202;339;26678;1062;4.1;0.2
17;2021-02-03;1296;393;27974;1455;4.3;0.2
17;2021-02-04;1162;479;29136;1934;4.5;0.3
17;2021-02-05;603;739;29739;2673;4.6;0.4
17;2021-02-06;23;41;29762;2714;4.6;0.4
17;2021-02-07;31;13;29793;2727;4.6;0.4
17;2021-02-08;706;374;30499;3101;4.7;0.5
17;2021-02-09;1101;1281;31600;4382;4.9;0.7
17;2021-02-10;865;1253;32465;5635;5.0;0.9
17;2021-02-11;1241;1339;33706;6974;5.2;1.1
17;2021-02-12;771;914;34477;7888;5.3;1.2
17;2021-02-13;43;98;34520;7986;5.3;1.2
17;2021-02-14;1;10;34521;7996;5.3;1.2
17;2021-02-15;621;1058;35142;9054;5.4;1.4
17;2021-02-16;749;1659;35891;10713;5.5;1.7
17;2021-02-17;795;1169;36686;11882;5.7;1.8
17;2021-02-18;965;2030;37651;13912;5.8;2.1
17;2021-02-19;1067;1419;38718;15331;6.0;2.4
17;2021-02-20;105;279;38823;15610;6.0;2.4
17;2021-02-21;9;2;38832;15612;6.0;2.4
17;2021-02-22;647;1496;39479;17108;6.1;2.6
17;2021-02-23;781;1399;40260;18507;6.2;2.9
17;2021-02-24;1080;1464;41340;19971;6.4;3.1
17;2021-02-25;1087;1590;42427;21561;6.6;3.3
17;2021-02-26;1307;1186;43734;22747;6.8;3.5
17;2021-02-27;527;234;44261;22981;6.8;3.6
17;2021-02-28;19;9;44280;22990;6.8;3.6
17;2021-03-01;634;988;44914;23978;6.9;3.7
17;2021-03-02;1094;815;46008;24793;7.1;3.8
17;2021-03-03;1618;756;47626;25549;7.4;3.9
17;2021-03-04;2426;1086;50052;26635;7.7;4.1
17;2021-03-05;2663;635;52715;27270;8.1;4.2
17;2021-03-06;1029;29;53744;27299;8.3;4.2
17;2021-03-07;183;47;53927;27346;8.3;4.2
17;2021-03-08;1017;823;54944;28169;8.5;4.4
17;2021-03-09;1746;600;56690;28769;8.8;4.4
17;2021-03-10;2047;636;58737;29405;9.1;4.5
17;2021-03-11;3226;990;61963;30395;9.6;4.7
17;2021-03-12;3356;622;65319;31017;10.1;4.8
17;2021-03-13;1202;11;66521;31028;10.3;4.8
17;2021-03-14;32;0;66553;31028;10.3;4.8
17;2021-03-15;1241;985;67794;32013;10.5;4.9
17;2021-03-16;893;532;68687;32545;10.6;5.0
17;2021-03-17;1460;703;70147;33248;10.8;5.1
17;2021-03-18;1683;763;71830;34011;11.1;5.3
17;2021-03-19;2096;543;73926;34554;11.4;5.3
17;2021-03-20;1084;57;75010;34611;11.6;5.3
17;2021-03-21;37;43;75047;34654;11.6;5.4
17;2021-03-22;1578;687;76625;35341;11.8;5.5
17;2021-03-23;2491;580;79116;35921;12.2;5.6
17;2021-03-24;3545;851;82661;36772;12.8;5.7
17;2021-03-25;4712;643;87373;37415;13.5;5.8
17;2021-03-26;4944;473;92317;37888;14.3;5.9
17;2021-03-27;1737;68;94054;37956;14.5;5.9
17;2021-03-28;369;45;94423;38001;14.6;5.9
17;2021-03-29;2361;565;96784;38566;15.0;6.0
17;2021-03-30;2655;984;99439;39550;15.4;6.1
17;2021-03-31;3843;902;103282;40452;16.0;6.3
17;2021-04-01;4014;1165;107296;41617;16.6;6.4
17;2021-04-02;3709;835;111005;42452;17.2;6.6
17;2021-04-03;1152;187;112157;42639;17.3;6.6
17;2021-04-04;501;6;112658;42645;17.4;6.6
17;2021-04-05;445;128;113103;42773;17.5;6.6
17;2021-04-06;3481;1028;116584;43801;18.0;6.8
17;2021-04-07;4130;1155;120714;44956;18.7;6.9
17;2021-04-08;4570;1478;125284;46434;19.4;7.2
17;2021-04-09;6497;843;131781;47277;20.4;7.3
17;2021-04-10;2583;68;134364;47345;20.8;7.3
17;2021-04-11;788;16;135152;47361;20.9;7.3
17;2021-04-12;2889;1616;138041;48977;21.3;7.6
17;2021-04-13;4151;1287;142192;50264;22.0;7.8
17;2021-04-14;4419;1203;146611;51467;22.7;8.0
17;2021-04-15;4600;1136;151211;52603;23.4;8.1
17;2021-04-16;4298;1154;155509;53757;24.0;8.3
17;2021-04-17;1682;382;157191;54139;24.3;8.4
17;2021-04-18;472;81;157663;54220;24.4;8.4
17;2021-04-19;2339;2057;160002;56277;24.7;8.7
17;2021-04-20;2928;2551;162930;58828;25.2;9.1
17;2021-04-21;2973;1941;165903;60769;25.6;9.4
17;2021-04-22;3122;2361;169025;63130;26.1;9.8
17;2021-04-23;2447;2728;171472;65858;26.5;10.2
17;2021-04-24;1669;926;173141;66784;26.8;10.3
17;2021-04-25;665;246;173806;67030;26.9;10.4
17;2021-04-26;2578;2625;176384;69655;27.3;10.8
17;2021-04-27;3151;2672;179535;72327;27.7;11.2
17;2021-04-28;3103;2932;182638;75259;28.2;11.6
17;2021-04-29;4149;2859;186787;78118;28.9;12.1
17;2021-04-30;4356;2632;191143;80750;29.5;12.5
17;2021-05-01;849;541;191992;81291;29.7;12.6
17;2021-05-02;553;839;192545;82130;29.8;12.7
17;2021-05-03;2542;2958;195087;85088;30.1;13.1
17;2021-05-04;2317;3722;197404;88810;30.5;13.7
17;2021-05-05;2909;3702;200313;92512;31.0;14.3
17;2021-05-06;4121;3401;204434;95913;31.6;14.8
17;2021-05-07;4357;3622;208791;99535;32.3;15.4
17;2021-05-08;1306;752;210097;100287;32.5;15.5
17;2021-05-09;1310;705;211407;100992;32.7;15.6
17;2021-05-10;2726;3690;214133;104682;33.1;16.2
17;2021-05-11;3500;3990;217633;108672;33.6;16.8
17;2021-05-12;3532;3803;221165;112475;34.2;17.4
17;2021-05-13;2545;693;223710;113168;34.6;17.5
17;2021-05-14;3032;2396;226742;115564;35.0;17.9
17;2021-05-15;2128;659;228870;116223;35.4;18.0
17;2021-05-16;1734;318;230604;116541;35.6;18.0
17;2021-05-17;4288;1999;234892;118540;36.3;18.3
17;2021-05-18;4746;1637;239638;120177;37.0;18.6
17;2021-05-19;5070;1281;244708;121458;37.8;18.8
17;2021-05-20;4943;1946;249651;123404;38.6;19.1
17;2021-05-21;4998;1953;254649;125357;39.4;19.4
17;2021-05-22;2392;532;257041;125889;39.7;19.5
17;2021-05-23;1899;128;258940;126017;40.0;19.5
17;2021-05-24;1426;210;260366;126227;40.2;19.5
17;2021-05-25;4030;1771;264396;127998;40.9;19.8
17;2021-05-26;4366;2036;268762;130034;41.5;20.1
17;2021-05-27;5216;2136;273978;132170;42.3;20.4
17;2021-05-28;4468;3429;278446;135599;43.0;21.0
17;2021-05-29;1561;1703;280007;137302;43.3;21.2
17;2021-05-30;857;411;280864;137713;43.4;21.3
17;2021-05-31;2946;3012;283810;140725;43.9;21.7
17;2021-06-01;4296;2923;288106;143648;44.5;22.2
17;2021-06-02;4202;3171;292308;146819;45.2;22.7
17;2021-06-03;5055;3156;297363;149975;46.0;23.2
17;2021-06-04;4516;3853;301879;153828;46.7;23.8
17;2021-06-05;1991;1597;303870;155425;47.0;24.0
17;2021-06-06;851;734;304721;156159;47.1;24.1
17;2021-06-07;3139;4343;307860;160502;47.6;24.8
17;2021-06-08;3790;4496;311650;164998;48.2;25.5
17;2021-06-09;4346;3053;315996;168051;48.8;26.0
17;2021-06-10;4929;2791;320925;170842;49.6;26.4
17;2021-06-11;4794;3685;325719;174527;50.3;27.0
17;2021-06-12;1812;1394;327531;175921;50.6;27.2
17;2021-06-13;612;415;328143;176336;50.7;27.3
17;2021-06-14;2834;4537;330977;180873;51.1;28.0
17;2021-06-15;3623;4377;334600;185250;51.7;28.6
17;2021-06-16;4132;3691;338732;188941;52.3;29.2
17;2021-06-17;4368;4114;343100;193055;53.0;29.8
17;2021-06-18;4054;4439;347154;197494;53.6;30.5
17;2021-06-19;1450;1989;348604;199483;53.9;30.8
17;2021-06-20;595;1035;349199;200518;54.0;31.0
17;2021-06-21;2562;4373;351761;204891;54.4;31.7
17;2021-06-22;3530;4451;355291;209342;54.9;32.4
17;2021-06-23;3796;3993;359087;213335;55.5;33.0
17;2021-06-24;3600;3954;362687;217289;56.0;33.6
17;2021-06-25;2719;4987;365406;222276;56.5;34.4
17;2021-06-26;906;2335;366312;224611;56.6;34.7
17;2021-06-27;396;1902;366708;226513;56.7;35.0
17;2021-06-28;1523;5415;368231;231928;56.9;35.8
17;2021-06-29;1684;5894;369915;237822;57.2;36.8
17;2021-06-30;2029;5547;371944;243369;57.5;37.6
17;2021-07-01;2265;5559;374209;248928;57.8;38.5
17;2021-07-02;2487;5983;376696;254911;58.2;39.4
17;2021-07-03;627;2546;377323;257457;58.3;39.8
17;2021-07-04;155;1250;377478;258707;58.3;40.0
17;2021-07-05;1891;5179;379369;263886;58.6;40.8
17;2021-07-06;2133;5600;381502;269486;59.0;41.6
17;2021-07-07;2408;5497;383910;274983;59.3;42.5
17;2021-07-08;2915;5443;386825;280426;59.8;43.3
17;2021-07-09;2526;6072;389351;286498;60.2;44.3
17;2021-07-10;828;2473;390179;288971;60.3;44.7
17;2021-07-11;380;907;390559;289878;60.4;44.8
17;2021-07-12;2007;5619;392566;295497;60.7;45.7
17;2021-07-13;2373;6719;394939;302216;61.0;46.7
17;2021-07-14;71;71;395010;302287;61.0;46.7
17;2021-07-15;2191;6861;397201;309148;61.4;47.8
17;2021-07-16;2779;6968;399980;316116;61.8;48.9
17;2021-07-17;1051;2275;401031;318391;62.0;49.2
17;2021-07-18;313;1037;401344;319428;62.0;49.4
17;2021-07-19;2635;5909;403979;325337;62.4;50.3
17;2021-07-20;3320;6313;407299;331650;62.9;51.3
17;2021-07-21;3803;6026;411102;337676;63.5;52.2
17;2021-07-22;4251;6274;415353;343950;64.2;53.2
17;2021-07-23;3899;6568;419252;350518;64.8;54.2
17;2021-07-24;2068;1400;421320;351918;65.1;54.4
17;2021-07-25;1043;416;422363;352334;65.3;54.4
17;2021-07-26;3740;5424;426103;357758;65.9;55.3
17;2021-07-27;4730;5437;430833;363195;66.6;56.1
17;2021-07-28;5217;5173;436050;368368;67.4;56.9
17;2021-07-29;5167;5343;441217;373711;68.2;57.8
17;2021-07-30;5508;5567;446725;379278;69.0;58.6
17;2021-07-31;2119;1214;448844;380492;69.4;58.8
17;2021-08-01;1094;359;449938;380851;69.5;58.9
17;2021-08-02;4621;4392;454559;385243;70.2;59.5
17;2021-08-03;5764;4162;460323;389405;71.1;60.2
17;2021-08-04;6195;3376;466518;392781;72.1;60.7
17;2021-08-05;6384;3149;472902;395930;73.1;61.2
17;2021-08-06;5890;3602;478792;399532;74.0;61.7
17;2021-08-07;1986;868;480778;400400;74.3;61.9
17;2021-08-08;977;219;481755;400619;74.5;61.9
17;2021-08-09;3921;3696;485676;404315;75.1;62.5
17;2021-08-10;5078;3492;490754;407807;75.8;63.0
17;2021-08-11;4903;3811;495657;411618;76.6;63.6
17;2021-08-12;4884;3958;500541;415576;77.4;64.2
17;2021-08-13;4512;4145;505053;419721;78.1;64.9
17;2021-08-14;1236;1385;506289;421106;78.2;65.1
17;2021-08-15;406;377;506695;421483;78.3;65.1
17;2021-08-16;2836;4065;509531;425548;78.7;65.8
17;2021-08-17;3042;4289;512573;429837;79.2;66.4
17;2021-08-18;2615;4549;515188;434386;79.6;67.1
17;2021-08-19;2718;4376;517906;438762;80.0;67.8
17;2021-08-20;2478;5027;520384;443789;80.4;68.6
17;2021-08-21;683;1354;521067;445143;80.5;68.8
17;2021-08-22;215;457;521282;445600;80.6;68.9
17;2021-08-23;1976;4954;523258;450554;80.9;69.6
17;2021-08-24;1936;5095;525194;455649;81.2;70.4
17;2021-08-25;1656;5504;526850;461153;81.4;71.3
17;2021-08-26;1599;5761;528449;466914;81.7;72.2
17;2021-08-27;1543;5950;529992;472864;81.9;73.1
17;2021-08-28;517;1454;530509;474318;82.0;73.3
17;2021-08-29;87;575;530596;474893;82.0;73.4
17;2021-08-30;1424;5109;532020;480002;82.2;74.2
17;2021-08-31;1325;5348;533345;485350;82.4;75.0
17;2021-09-01;1193;5113;534538;490463;82.6;75.8
17;2021-09-02;1134;4549;535672;495012;82.8;76.5
17;2021-09-03;1157;5333;536829;500345;83.0;77.3
17;2021-09-04;281;971;537110;501316;83.0;77.5
17;2021-09-05;53;138;537163;501454;83.0;77.5
17;2021-09-06;719;3727;537882;505181;83.1;78.1
17;2021-09-07;701;3252;538583;508433;83.2;78.6
18;2020-12-27;0;0;0;0;0.0;0.0
18;2020-12-28;0;0;0;0;0.0;0.0
18;2020-12-29;0;0;0;0;0.0;0.0
18;2020-12-30;1;0;1;0;0.0;0.0
18;2020-12-31;0;0;1;0;0.0;0.0
18;2021-01-01;0;0;1;0;0.0;0.0
18;2021-01-02;0;0;1;0;0.0;0.0
18;2021-01-03;0;0;1;0;0.0;0.0
18;2021-01-04;3;0;4;0;0.0;0.0
18;2021-01-05;0;0;4;0;0.0;0.0
18;2021-01-06;1;0;5;0;0.0;0.0
18;2021-01-07;30;1;35;1;0.0;0.0
18;2021-01-08;65;0;100;1;0.0;0.0
18;2021-01-09;225;0;325;1;0.1;0.0
18;2021-01-10;146;0;471;1;0.2;0.0
18;2021-01-11;170;1;641;2;0.2;0.0
18;2021-01-12;372;0;1013;2;0.3;0.0
18;2021-01-13;270;1;1283;3;0.4;0.0
18;2021-01-14;269;2;1552;5;0.5;0.0
18;2021-01-15;332;2;1884;7;0.6;0.0
18;2021-01-16;288;3;2172;10;0.7;0.0
18;2021-01-17;1;0;2173;10;0.7;0.0
18;2021-01-18;291;0;2464;10;0.8;0.0
18;2021-01-19;1374;2;3838;12;1.3;0.0
18;2021-01-20;1239;2;5077;14;1.7;0.0
18;2021-01-21;965;0;6042;14;2.0;0.0
18;2021-01-22;780;2;6822;16;2.3;0.0
18;2021-01-23;249;2;7071;18;2.4;0.0
18;2021-01-24;0;0;7071;18;2.4;0.0
18;2021-01-25;509;0;7580;18;2.6;0.0
18;2021-01-26;395;1;7975;19;2.7;0.0
18;2021-01-27;390;2;8365;21;2.8;0.0
18;2021-01-28;566;8;8931;29;3.0;0.0
18;2021-01-29;491;72;9422;101;3.2;0.0
18;2021-01-30;432;142;9854;243;3.3;0.1
18;2021-01-31;82;103;9936;346;3.4;0.1
18;2021-02-01;328;125;10264;471;3.5;0.2
18;2021-02-02;507;233;10771;704;3.6;0.2
18;2021-02-03;398;203;11169;907;3.8;0.3
18;2021-02-04;630;226;11799;1133;4.0;0.4
18;2021-02-05;448;185;12247;1318;4.1;0.4
18;2021-02-06;283;93;12530;1411;4.2;0.5
18;2021-02-07;108;1;12638;1412;4.3;0.5
18;2021-02-08;268;201;12906;1613;4.4;0.5
18;2021-02-09;583;770;13489;2383;4.6;0.8
18;2021-02-10;741;675;14230;3058;4.8;1.0
18;2021-02-11;655;434;14885;3492;5.0;1.2
18;2021-02-12;502;312;15387;3804;5.2;1.3
18;2021-02-13;286;110;15673;3914;5.3;1.3
18;2021-02-14;364;97;16037;4011;5.4;1.4
18;2021-02-15;378;332;16415;4343;5.5;1.5
18;2021-02-16;399;360;16814;4703;5.7;1.6
18;2021-02-17;403;411;17217;5114;5.8;1.7
18;2021-02-18;344;488;17561;5602;5.9;1.9
18;2021-02-19;472;263;18033;5865;6.1;2.0
18;2021-02-20;721;209;18754;6074;6.3;2.0
18;2021-02-21;316;4;19070;6078;6.4;2.1
18;2021-02-22;217;323;19287;6401;6.5;2.2
18;2021-02-23;204;298;19491;6699;6.6;2.3
18;2021-02-24;241;227;19732;6926;6.7;2.3
18;2021-02-25;293;476;20025;7402;6.8;2.5
18;2021-02-26;582;211;20607;7613;7.0;2.6
18;2021-02-27;510;362;21117;7975;7.1;2.7
18;2021-02-28;7;68;21124;8043;7.1;2.7
18;2021-03-01;236;369;21360;8412;7.2;2.8
18;2021-03-02;284;495;21644;8907;7.3;3.0
18;2021-03-03;346;560;21990;9467;7.4;3.2
18;2021-03-04;475;550;22465;10017;7.6;3.4
18;2021-03-05;524;349;22989;10366;7.8;3.5
18;2021-03-06;1071;330;24060;10696;8.1;3.6
18;2021-03-07;7;139;24067;10835;8.1;3.7
18;2021-03-08;335;349;24402;11184;8.2;3.8
18;2021-03-09;410;355;24812;11539;8.4;3.9
18;2021-03-10;422;448;25234;11987;8.5;4.0
18;2021-03-11;518;410;25752;12397;8.7;4.2
18;2021-03-12;704;300;26456;12697;8.9;4.3
18;2021-03-13;1164;246;27620;12943;9.3;4.4
18;2021-03-14;301;214;27921;13157;9.4;4.4
18;2021-03-15;491;372;28412;13529;9.6;4.6
18;2021-03-16;392;310;28804;13839;9.7;4.7
18;2021-03-17;383;411;29187;14250;9.8;4.8
18;2021-03-18;512;223;29699;14473;10.0;4.9
18;2021-03-19;755;225;30454;14698;10.3;5.0
18;2021-03-20;986;618;31440;15316;10.6;5.2
18;2021-03-21;308;305;31748;15621;10.7;5.3
18;2021-03-22;603;294;32351;15915;10.9;5.4
18;2021-03-23;706;290;33057;16205;11.2;5.5
18;2021-03-24;1051;298;34108;16503;11.5;5.6
18;2021-03-25;1049;300;35157;16803;11.9;5.7
18;2021-03-26;1210;349;36367;17152;12.3;5.8
18;2021-03-27;1489;321;37856;17473;12.8;5.9
18;2021-03-28;215;0;38071;17473;12.8;5.9
18;2021-03-29;1102;198;39173;17671;13.2;6.0
18;2021-03-30;1084;302;40257;17973;13.6;6.1
18;2021-03-31;1305;251;41562;18224;14.0;6.1
18;2021-04-01;1377;347;42939;18571;14.5;6.3
18;2021-04-02;1229;311;44168;18882;14.9;6.4
18;2021-04-03;581;181;44749;19063;15.1;6.4
18;2021-04-04;71;5;44820;19068;15.1;6.4
18;2021-04-05;199;0;45019;19068;15.2;6.4
18;2021-04-06;1027;352;46046;19420;15.5;6.6
18;2021-04-07;1322;363;47368;19783;16.0;6.7
18;2021-04-08;1692;347;49060;20130;16.6;6.8
18;2021-04-09;1833;281;50893;20411;17.2;6.9
18;2021-04-10;2633;652;53526;21063;18.1;7.1
18;2021-04-11;1986;316;55512;21379;18.7;7.2
18;2021-04-12;1402;404;56914;21783;19.2;7.3
18;2021-04-13;1784;469;58698;22252;19.8;7.5
18;2021-04-14;1378;517;60076;22769;20.3;7.7
18;2021-04-15;1532;529;61608;23298;20.8;7.9
18;2021-04-16;1614;593;63222;23891;21.3;8.1
18;2021-04-17;1599;519;64821;24410;21.9;8.2
18;2021-04-18;377;232;65198;24642;22.0;8.3
18;2021-04-19;1317;594;66515;25236;22.4;8.5
18;2021-04-20;1446;712;67961;25948;22.9;8.8
18;2021-04-21;1271;909;69232;26857;23.4;9.1
18;2021-04-22;1402;704;70634;27561;23.8;9.3
18;2021-04-23;1387;734;72021;28295;24.3;9.5
18;2021-04-24;1355;1274;73376;29569;24.8;10.0
18;2021-04-25;288;217;73664;29786;24.9;10.0
18;2021-04-26;1204;954;74868;30740;25.3;10.4
18;2021-04-27;1545;764;76413;31504;25.8;10.6
18;2021-04-28;1358;876;77771;32380;26.2;10.9
18;2021-04-29;1850;734;79621;33114;26.9;11.2
18;2021-04-30;1570;996;81191;34110;27.4;11.5
18;2021-05-01;788;211;81979;34321;27.7;11.6
18;2021-05-02;806;60;82785;34381;27.9;11.6
18;2021-05-03;1627;1012;84412;35393;28.5;11.9
18;2021-05-04;1730;1282;86142;36675;29.1;12.4
18;2021-05-05;1735;1216;87877;37891;29.6;12.8
18;2021-05-06;2163;1366;90040;39257;30.4;13.2
18;2021-05-07;1234;1402;91274;40659;30.8;13.7
18;2021-05-08;994;1469;92268;42128;31.1;14.2
18;2021-05-09;500;2260;92768;44388;31.3;15.0
18;2021-05-10;1157;1508;93925;45896;31.7;15.5
18;2021-05-11;1696;1748;95621;47644;32.3;16.1
18;2021-05-12;1808;1496;97429;49140;32.9;16.6
18;2021-05-13;1061;370;98490;49510;33.2;16.7
18;2021-05-14;1346;944;99836;50454;33.7;17.0
18;2021-05-15;1809;1163;101645;51617;34.3;17.4
18;2021-05-16;538;581;102183;52198;34.5;17.6
18;2021-05-17;1245;1091;103428;53289;34.9;18.0
18;2021-05-18;2147;934;105575;54223;35.6;18.3
18;2021-05-19;2162;919;107737;55142;36.3;18.6
18;2021-05-20;2277;984;110014;56126;37.1;18.9
18;2021-05-21;1497;765;111511;56891;37.6;19.2
18;2021-05-22;1724;1074;113235;57965;38.2;19.6
18;2021-05-23;485;335;113720;58300;38.4;19.7
18;2021-05-24;462;292;114182;58592;38.5;19.8
18;2021-05-25;1842;1061;116024;59653;39.1;20.1
18;2021-05-26;2154;844;118178;60497;39.9;20.4
18;2021-05-27;2208;1232;120386;61729;40.6;20.8
18;2021-05-28;1713;1306;122099;63035;41.2;21.3
18;2021-05-29;2620;1660;124719;64695;42.1;21.8
18;2021-05-30;1484;504;126203;65199;42.6;22.0
18;2021-05-31;1786;692;127989;65891;43.2;22.2
18;2021-06-01;2040;949;130029;66840;43.9;22.6
18;2021-06-02;2010;1016;132039;67856;44.5;22.9
18;2021-06-03;2283;1201;134322;69057;45.3;23.3
18;2021-06-04;1909;1122;136231;70179;46.0;23.7
18;2021-06-05;2802;1449;139033;71628;46.9;24.2
18;2021-06-06;365;381;139398;72009;47.0;24.3
18;2021-06-07;1296;1233;140694;73242;47.5;24.7
18;2021-06-08;1491;1395;142185;74637;48.0;25.2
18;2021-06-09;1328;1067;143513;75704;48.4;25.5
18;2021-06-10;1631;1407;145144;77111;49.0;26.0
18;2021-06-11;1496;1404;146640;78515;49.5;26.5
18;2021-06-12;1245;2511;147885;81026;49.9;27.3
18;2021-06-13;126;262;148011;81288;49.9;27.4
18;2021-06-14;656;1828;148667;83116;50.2;28.0
18;2021-06-15;1093;1822;149760;84938;50.5;28.7
18;2021-06-16;1258;1441;151018;86379;51.0;29.1
18;2021-06-17;1205;1671;152223;88050;51.4;29.7
18;2021-06-18;1292;1665;153515;89715;51.8;30.3
18;2021-06-19;1564;1251;155079;90966;52.3;30.7
18;2021-06-20;246;159;155325;91125;52.4;30.7
18;2021-06-21;665;1602;155990;92727;52.6;31.3
18;2021-06-22;1068;1644;157058;94371;53.0;31.8
18;2021-06-23;944;1642;158002;96013;53.3;32.4
18;2021-06-24;1033;1062;159035;97075;53.7;32.8
18;2021-06-25;893;1745;159928;98820;54.0;33.3
18;2021-06-26;1098;1473;161026;100293;54.3;33.8
18;2021-06-27;31;372;161057;100665;54.3;34.0
18;2021-06-28;423;1923;161480;102588;54.5;34.6
18;2021-06-29;595;2377;162075;104965;54.7;35.4
18;2021-06-30;600;2544;162675;107509;54.9;36.3
18;2021-07-01;961;2155;163636;109664;55.2;37.0
18;2021-07-02;615;1686;164251;111350;55.4;37.6
18;2021-07-03;755;2576;165006;113926;55.7;38.4
18;2021-07-04;164;1033;165170;114959;55.7;38.8
18;2021-07-05;765;1877;165935;116836;56.0;39.4
18;2021-07-06;560;2302;166495;119138;56.2;40.2
18;2021-07-07;767;2115;167262;121253;56.4;40.9
18;2021-07-08;1031;1984;168293;123237;56.8;41.6
18;2021-07-09;704;2309;168997;125546;57.0;42.4
18;2021-07-10;782;3174;169779;128720;57.3;43.4
18;2021-07-11;82;665;169861;129385;57.3;43.7
18;2021-07-12;223;2253;170084;131638;57.4;44.4
18;2021-07-13;619;2905;170703;134543;57.6;45.4
18;2021-07-14;194;936;170897;135479;57.7;45.7
18;2021-07-15;1396;2816;172293;138295;58.1;46.7
18;2021-07-16;1185;2122;173478;140417;58.5;47.4
18;2021-07-17;1130;2472;174608;142889;58.9;48.2
18;2021-07-18;229;332;174837;143221;59.0;48.3
18;2021-07-19;1056;1658;175893;144879;59.3;48.9
18;2021-07-20;1625;2268;177518;147147;59.9;49.6
18;2021-07-21;1902;2063;179420;149210;60.5;50.3
18;2021-07-22;2214;1899;181634;151109;61.3;51.0
18;2021-07-23;1399;1612;183033;152721;61.8;51.5
18;2021-07-24;891;1533;183924;154254;62.1;52.0
18;2021-07-25;192;396;184116;154650;62.1;52.2
18;2021-07-26;1400;1504;185516;156154;62.6;52.7
18;2021-07-27;1825;1537;187341;157691;63.2;53.2
18;2021-07-28;2199;1794;189540;159485;63.9;53.8
18;2021-07-29;2142;1817;191682;161302;64.7;54.4
18;2021-07-30;1586;1343;193268;162645;65.2;54.9
18;2021-07-31;1236;1282;194504;163927;65.6;55.3
18;2021-08-01;90;34;194594;163961;65.7;55.3
18;2021-08-02;1410;766;196004;164727;66.1;55.6
18;2021-08-03;1718;1627;197722;166354;66.7;56.1
18;2021-08-04;2423;1099;200145;167453;67.5;56.5
18;2021-08-05;1528;1246;201673;168699;68.0;56.9
18;2021-08-06;1582;1142;203255;169841;68.6;57.3
18;2021-08-07;609;763;203864;170604;68.8;57.6
18;2021-08-08;49;60;203913;170664;68.8;57.6
18;2021-08-09;1105;875;205018;171539;69.2;57.9
18;2021-08-10;1206;1512;206224;173051;69.6;58.4
18;2021-08-11;1608;1505;207832;174556;70.1;58.9
18;2021-08-12;1553;1595;209385;176151;70.6;59.4
18;2021-08-13;1087;1172;210472;177323;71.0;59.8
18;2021-08-14;759;604;211231;177927;71.3;60.0
18;2021-08-15;35;17;211266;177944;71.3;60.0
18;2021-08-16;830;1202;212096;179146;71.6;60.4
18;2021-08-17;979;1996;213075;181142;71.9;61.1
18;2021-08-18;1153;1958;214228;183100;72.3;61.8
18;2021-08-19;1089;1611;215317;184711;72.6;62.3
18;2021-08-20;910;1756;216227;186467;73.0;62.9
18;2021-08-21;419;705;216646;187172;73.1;63.1
18;2021-08-22;21;73;216667;187245;73.1;63.2
18;2021-08-23;484;1681;217151;188926;73.3;63.7
18;2021-08-24;900;1493;218051;190419;73.6;64.2
18;2021-08-25;838;1864;218889;192283;73.8;64.9
18;2021-08-26;769;1530;219658;193813;74.1;65.4
18;2021-08-27;572;1995;220230;195808;74.3;66.1
18;2021-08-28;501;870;220731;196678;74.5;66.4
18;2021-08-29;91;176;220822;196854;74.5;66.4
18;2021-08-30;526;1441;221348;198295;74.7;66.9
18;2021-08-31;503;1441;221851;199736;74.8;67.4
18;2021-09-01;577;1643;222428;201379;75.0;67.9
18;2021-09-02;397;1267;222825;202646;75.2;68.4
18;2021-09-03;452;1304;223277;203950;75.3;68.8
18;2021-09-04;355;806;223632;204756;75.4;69.1
18;2021-09-05;29;80;223661;204836;75.5;69.1
18;2021-09-06;269;1086;223930;205922;75.5;69.5
18;2021-09-07;272;985;224202;206907;75.6;69.8
19;2020-12-27;0;0;0;0;0.0;0.0
19;2020-12-28;0;0;0;0;0.0;0.0
19;2020-12-29;1;0;1;0;0.0;0.0
19;2020-12-30;0;0;1;0;0.0;0.0
19;2020-12-31;0;0;1;0;0.0;0.0
19;2021-01-01;0;0;1;0;0.0;0.0
19;2021-01-02;0;0;1;0;0.0;0.0
19;2021-01-03;0;0;1;0;0.0;0.0
19;2021-01-04;0;0;1;0;0.0;0.0
19;2021-01-05;0;0;1;0;0.0;0.0
19;2021-01-06;0;0;1;0;0.0;0.0
19;2021-01-07;344;1;345;1;0.1;0.0
19;2021-01-08;247;1;592;2;0.2;0.0
19;2021-01-09;1;0;593;2;0.2;0.0
19;2021-01-10;1;0;594;2;0.2;0.0
19;2021-01-11;38;0;632;2;0.3;0.0
19;2021-01-12;415;1;1047;3;0.4;0.0
19;2021-01-13;425;3;1472;6;0.6;0.0
19;2021-01-14;475;1;1947;7;0.8;0.0
19;2021-01-15;226;0;2173;7;0.9;0.0
19;2021-01-16;0;0;2173;7;0.9;0.0
19;2021-01-17;1;0;2174;7;0.9;0.0
19;2021-01-18;251;2;2425;9;1.0;0.0
19;2021-01-19;519;0;2944;9;1.2;0.0
19;2021-01-20;922;4;3866;13;1.6;0.0
19;2021-01-21;507;4;4373;17;1.8;0.0
19;2021-01-22;1315;4;5688;21;2.4;0.0
19;2021-01-23;281;0;5969;21;2.5;0.0
19;2021-01-24;37;0;6006;21;2.5;0.0
19;2021-01-25;233;0;6239;21;2.6;0.0
19;2021-01-26;607;3;6846;24;2.8;0.0
19;2021-01-27;334;3;7180;27;3.0;0.0
19;2021-01-28;297;156;7477;183;3.1;0.1
19;2021-01-29;348;55;7825;238;3.3;0.1
19;2021-01-30;130;24;7955;262;3.3;0.1
19;2021-01-31;42;0;7997;262;3.3;0.1
19;2021-02-01;158;95;8155;357;3.4;0.1
19;2021-02-02;303;426;8458;783;3.5;0.3
19;2021-02-03;285;238;8743;1021;3.6;0.4
19;2021-02-04;255;369;8998;1390;3.7;0.6
19;2021-02-05;311;75;9309;1465;3.9;0.6
19;2021-02-06;213;2;9522;1467;4.0;0.6
19;2021-02-07;48;2;9570;1469;4.0;0.6
19;2021-02-08;177;144;9747;1613;4.1;0.7
19;2021-02-09;333;265;10080;1878;4.2;0.8
19;2021-02-10;517;283;10597;2161;4.4;0.9
19;2021-02-11;412;310;11009;2471;4.6;1.0
19;2021-02-12;798;1154;11807;3625;4.9;1.5
19;2021-02-13;352;184;12159;3809;5.1;1.6
19;2021-02-14;98;9;12257;3818;5.1;1.6
19;2021-02-15;200;225;12457;4043;5.2;1.7
19;2021-02-16;386;162;12843;4205;5.3;1.7
19;2021-02-17;306;438;13149;4643;5.5;1.9
19;2021-02-18;174;464;13323;5107;5.5;2.1
19;2021-02-19;469;282;13792;5389;5.7;2.2
19;2021-02-20;133;188;13925;5577;5.8;2.3
19;2021-02-21;20;39;13945;5616;5.8;2.3
19;2021-02-22;221;198;14166;5814;5.9;2.4
19;2021-02-23;268;328;14434;6142;6.0;2.6
19;2021-02-24;361;193;14795;6335;6.2;2.6
19;2021-02-25;519;359;15314;6694;6.4;2.8
19;2021-02-26;395;293;15709;6987;6.5;2.9
19;2021-02-27;348;145;16057;7132;6.7;3.0
19;2021-02-28;68;35;16125;7167;6.7;3.0
19;2021-03-01;266;214;16391;7381;6.8;3.1
19;2021-03-02;428;245;16819;7626;7.0;3.2
19;2021-03-03;692;325;17511;7951;7.3;3.3
19;2021-03-04;826;335;18337;8286;7.6;3.4
19;2021-03-05;891;721;19228;9007;8.0;3.7
19;2021-03-06;1073;196;20301;9203;8.4;3.8
19;2021-03-07;463;37;20764;9240;8.6;3.8
19;2021-03-08;638;156;21402;9396;8.9;3.9
19;2021-03-09;836;244;22238;9640;9.3;4.0
19;2021-03-10;1155;314;23393;9954;9.7;4.1
19;2021-03-11;1274;307;24667;10261;10.3;4.3
19;2021-03-12;1136;403;25803;10664;10.7;4.4
19;2021-03-13;1111;164;26914;10828;11.2;4.5
19;2021-03-14;160;84;27074;10912;11.3;4.5
19;2021-03-15;699;135;27773;11047;11.6;4.6
19;2021-03-16;688;300;28461;11347;11.8;4.7
19;2021-03-17;839;279;29300;11626;12.2;4.8
19;2021-03-18;767;282;30067;11908;12.5;5.0
19;2021-03-19;1014;483;31081;12391;12.9;5.2
19;2021-03-20;783;131;31864;12522;13.3;5.2
19;2021-03-21;128;4;31992;12526;13.3;5.2
19;2021-03-22;548;176;32540;12702;13.5;5.3
19;2021-03-23;1045;231;33585;12933;14.0;5.4
19;2021-03-24;1171;373;34756;13306;14.5;5.5
19;2021-03-25;1189;413;35945;13719;15.0;5.7
19;2021-03-26;1323;276;37268;13995;15.5;5.8
19;2021-03-27;854;187;38122;14182;15.9;5.9
19;2021-03-28;63;60;38185;14242;15.9;5.9
19;2021-03-29;612;177;38797;14419;16.1;6.0
19;2021-03-30;971;345;39768;14764;16.5;6.1
19;2021-03-31;1157;495;40925;15259;17.0;6.3
19;2021-04-01;1491;426;42416;15685;17.6;6.5
19;2021-04-02;1007;524;43423;16209;18.1;6.7
19;2021-04-03;597;283;44020;16492;18.3;6.9
19;2021-04-04;130;3;44150;16495;18.4;6.9
19;2021-04-05;40;75;44190;16570;18.4;6.9
19;2021-04-06;735;604;44925;17174;18.7;7.1
19;2021-04-07;978;732;45903;17906;19.1;7.5
19;2021-04-08;1116;1016;47019;18922;19.6;7.9
19;2021-04-09;1642;615;48661;19537;20.2;8.1
19;2021-04-10;946;558;49607;20095;20.6;8.4
19;2021-04-11;558;74;50165;20169;20.9;8.4
19;2021-04-12;681;521;50846;20690;21.2;8.6
19;2021-04-13;915;575;51761;21265;21.5;8.8
19;2021-04-14;1333;849;53094;22114;22.1;9.2
19;2021-04-15;1229;873;54323;22987;22.6;9.6
19;2021-04-16;1505;820;55828;23807;23.2;9.9
19;2021-04-17;762;478;56590;24285;23.5;10.1
19;2021-04-18;661;69;57251;24354;23.8;10.1
19;2021-04-19;730;440;57981;24794;24.1;10.3
19;2021-04-20;979;748;58960;25542;24.5;10.6
19;2021-04-21;1271;700;60231;26242;25.1;10.9
19;2021-04-22;1189;899;61420;27141;25.6;11.3
19;2021-04-23;1129;1020;62549;28161;26.0;11.7
19;2021-04-24;679;676;63228;28837;26.3;12.0
19;2021-04-25;675;69;63903;28906;26.6;12.0
19;2021-04-26;1056;331;64959;29237;27.0;12.2
19;2021-04-27;1028;568;65987;29805;27.5;12.4
19;2021-04-28;1553;555;67540;30360;28.1;12.6
19;2021-04-29;1453;1183;68993;31543;28.7;13.1
19;2021-04-30;1876;1060;70869;32603;29.5;13.6
19;2021-05-01;671;170;71540;32773;29.8;13.6
19;2021-05-02;550;152;72090;32925;30.0;13.7
19;2021-05-03;854;547;72944;33472;30.4;13.9
19;2021-05-04;1025;707;73969;34179;30.8;14.2
19;2021-05-05;1255;741;75224;34920;31.3;14.5
19;2021-05-06;1127;1199;76351;36119;31.8;15.0
19;2021-05-07;1664;1189;78015;37308;32.5;15.5
19;2021-05-08;712;206;78727;37514;32.8;15.6
19;2021-05-09;487;546;79214;38060;33.0;15.8
19;2021-05-10;1164;668;80378;38728;33.4;16.1
19;2021-05-11;1640;857;82018;39585;34.1;16.5
19;2021-05-12;1945;1317;83963;40902;34.9;17.0
19;2021-05-13;571;242;84534;41144;35.2;17.1
19;2021-05-14;1646;988;86180;42132;35.9;17.5
19;2021-05-15;1443;592;87623;42724;36.5;17.8
19;2021-05-16;350;82;87973;42806;36.6;17.8
19;2021-05-17;1498;560;89471;43366;37.2;18.0
19;2021-05-18;1670;497;91141;43863;37.9;18.3
19;2021-05-19;2009;831;93150;44694;38.8;18.6
19;2021-05-20;1722;890;94872;45584;39.5;19.0
19;2021-05-21;1965;814;96837;46398;40.3;19.3
19;2021-05-22;1272;652;98109;47050;40.8;19.6
19;2021-05-23;324;131;98433;47181;41.0;19.6
19;2021-05-24;139;46;98572;47227;41.0;19.7
19;2021-05-25;1502;492;100074;47719;41.6;19.9
19;2021-05-26;1926;666;102000;48385;42.4;20.1
19;2021-05-27;1786;835;103786;49220;43.2;20.5
19;2021-05-28;1937;991;105723;50211;44.0;20.9
19;2021-05-29;1375;705;107098;50916;44.6;21.2
19;2021-05-30;191;497;107289;51413;44.6;21.4
19;2021-05-31;1199;537;108488;51950;45.1;21.6
19;2021-06-01;1285;886;109773;52836;45.7;22.0
19;2021-06-02;1817;954;111590;53790;46.4;22.4
19;2021-06-03;1447;1250;113037;55040;47.0;22.9
19;2021-06-04;1848;1354;114885;56394;47.8;23.5
19;2021-06-05;1210;815;116095;57209;48.3;23.8
19;2021-06-06;87;648;116182;57857;48.3;24.1
19;2021-06-07;922;934;117104;58791;48.7;24.5
19;2021-06-08;1104;907;118208;59698;49.2;24.8
19;2021-06-09;1330;1463;119538;61161;49.7;25.4
19;2021-06-10;1284;1581;120822;62742;50.3;26.1
19;2021-06-11;1315;1917;122137;64659;50.8;26.9
19;2021-06-12;1357;1317;123494;65976;51.4;27.5
19;2021-06-13;543;424;124037;66400;51.6;27.6
19;2021-06-14;736;1016;124773;67416;51.9;28.1
19;2021-06-15;979;1143;125752;68559;52.3;28.5
19;2021-06-16;1222;1364;126974;69923;52.8;29.1
19;2021-06-17;869;1792;127843;71715;53.2;29.8
19;2021-06-18;1057;2137;128900;73852;53.6;30.7
19;2021-06-19;919;1302;129819;75154;54.0;31.3
19;2021-06-20;395;327;130214;75481;54.2;31.4
19;2021-06-21;500;1075;130714;76556;54.4;31.9
19;2021-06-22;698;1490;131412;78046;54.7;32.5
19;2021-06-23;745;1988;132157;80034;55.0;33.3
19;2021-06-24;687;1663;132844;81697;55.3;34.0
19;2021-06-25;562;2216;133406;83913;55.5;34.9
19;2021-06-26;472;1741;133878;85654;55.7;35.6
19;2021-06-27;289;445;134167;86099;55.8;35.8
19;2021-06-28;315;1499;134482;87598;56.0;36.4
19;2021-06-29;354;1894;134836;89492;56.1;37.2
19;2021-06-30;795;2153;135631;91645;56.4;38.1
19;2021-07-01;361;2321;135992;93966;56.6;39.1
19;2021-07-02;781;2317;136773;96283;56.9;40.1
19;2021-07-03;513;1744;137286;98027;57.1;40.8
19;2021-07-04;1;73;137287;98100;57.1;40.8
19;2021-07-05;600;1015;137887;99115;57.4;41.2
19;2021-07-06;505;1540;138392;100655;57.6;41.9
19;2021-07-07;706;2046;139098;102701;57.9;42.7
19;2021-07-08;770;2149;139868;104850;58.2;43.6
19;2021-07-09;716;2659;140584;107509;58.5;44.7
19;2021-07-10;587;1709;141171;109218;58.7;45.4
19;2021-07-11;45;212;141216;109430;58.8;45.5
19;2021-07-12;447;1489;141663;110919;58.9;46.2
19;2021-07-13;685;1829;142348;112748;59.2;46.9
19;2021-07-14;202;273;142550;113021;59.3;47.0
19;2021-07-15;871;2051;143421;115072;59.7;47.9
19;2021-07-16;1230;2445;144651;117517;60.2;48.9
19;2021-07-17;703;1718;145354;119235;60.5;49.6
19;2021-07-18;365;673;145719;119908;60.6;49.9
19;2021-07-19;969;1404;146688;121312;61.0;50.5
19;2021-07-20;967;1674;147655;122986;61.4;51.2
19;2021-07-21;1084;1714;148739;124700;61.9;51.9
19;2021-07-22;1393;1858;150132;126558;62.5;52.7
19;2021-07-23;1784;1994;151916;128552;63.2;53.5
19;2021-07-24;908;1754;152824;130306;63.6;54.2
19;2021-07-25;165;513;152989;130819;63.7;54.4
19;2021-07-26;911;911;153900;131730;64.0;54.8
19;2021-07-27;1424;1116;155324;132846;64.6;55.3
19;2021-07-28;2047;1224;157371;134070;65.5;55.8
19;2021-07-29;1623;1202;158994;135272;66.2;56.3
19;2021-07-30;1909;1025;160903;136297;66.9;56.7
19;2021-07-31;1129;1016;162032;137313;67.4;57.1
19;2021-08-01;347;372;162379;137685;67.6;57.3
19;2021-08-02;1147;809;163526;138494;68.0;57.6
19;2021-08-03;1450;1053;164976;139547;68.6;58.1
19;2021-08-04;1985;762;166961;140309;69.5;58.4
19;2021-08-05;1628;953;168589;141262;70.1;58.8
19;2021-08-06;1960;1216;170549;142478;71.0;59.3
19;2021-08-07;1333;998;171882;143476;71.5;59.7
19;2021-08-08;186;233;172068;143709;71.6;59.8
19;2021-08-09;1005;785;173073;144494;72.0;60.1
19;2021-08-10;1280;1012;174353;145506;72.5;60.5
19;2021-08-11;1352;1007;175705;146513;73.1;61.0
19;2021-08-12;1016;1278;176721;147791;73.5;61.5
19;2021-08-13;1176;1276;177897;149067;74.0;62.0
19;2021-08-14;980;1163;178877;150230;74.4;62.5
19;2021-08-15;30;54;178907;150284;74.4;62.5
19;2021-08-16;591;1029;179498;151313;74.7;63.0
19;2021-08-17;629;1167;180127;152480;74.9;63.4
19;2021-08-18;650;981;180777;153461;75.2;63.9
19;2021-08-19;436;1260;181213;154721;75.4;64.4
19;2021-08-20;861;1927;182074;156648;75.8;65.2
19;2021-08-21;489;1374;182563;158022;76.0;65.8
19;2021-08-22;52;93;182615;158115;76.0;65.8
19;2021-08-23;222;1157;182837;159272;76.1;66.3
19;2021-08-24;535;1318;183372;160590;76.3;66.8
19;2021-08-25;638;1557;184010;162147;76.6;67.5
19;2021-08-26;475;1461;184485;163608;76.8;68.1
19;2021-08-27;500;1689;184985;165297;77.0;68.8
19;2021-08-28;361;1277;185346;166574;77.1;69.3
19;2021-08-29;60;182;185406;166756;77.1;69.4
19;2021-08-30;226;1094;185632;167850;77.2;69.8
19;2021-08-31;322;1451;185954;169301;77.4;70.4
19;2021-09-01;352;1480;186306;170781;77.5;71.1
19;2021-09-02;345;1317;186651;172098;77.7;71.6
19;2021-09-03;407;1521;187058;173619;77.8;72.2
19;2021-09-04;300;1391;187358;175010;78.0;72.8
19;2021-09-05;32;245;187390;175255;78.0;72.9
19;2021-09-06;196;697;187586;175952;78.1;73.2
19;2021-09-07;226;817;187812;176769;78.1;73.6
21;2020-12-27;4;0;4;0;0.0;0.0
21;2020-12-28;2;0;6;0;0.0;0.0
21;2020-12-29;19;0;25;0;0.0;0.0
21;2020-12-30;22;0;47;0;0.0;0.0
21;2020-12-31;0;0;47;0;0.0;0.0
21;2021-01-01;0;0;47;0;0.0;0.0
21;2021-01-02;1;0;48;0;0.0;0.0
21;2021-01-03;1;0;49;0;0.0;0.0
21;2021-01-04;22;0;71;0;0.0;0.0
21;2021-01-05;250;2;321;2;0.1;0.0
21;2021-01-06;300;0;621;2;0.1;0.0
21;2021-01-07;387;0;1008;2;0.2;0.0
21;2021-01-08;455;2;1463;4;0.3;0.0
21;2021-01-09;252;0;1715;4;0.3;0.0
21;2021-01-10;2;0;1717;4;0.3;0.0
21;2021-01-11;624;1;2341;5;0.4;0.0
21;2021-01-12;655;0;2996;5;0.6;0.0
21;2021-01-13;703;2;3699;7;0.7;0.0
21;2021-01-14;1191;6;4890;13;0.9;0.0
21;2021-01-15;717;5;5607;18;1.1;0.0
21;2021-01-16;162;0;5769;18;1.1;0.0
21;2021-01-17;5;0;5774;18;1.1;0.0
21;2021-01-18;1319;5;7093;23;1.3;0.0
21;2021-01-19;1371;2;8464;25;1.6;0.0
21;2021-01-20;1297;45;9761;70;1.8;0.0
21;2021-01-21;1541;3;11302;73;2.1;0.0
21;2021-01-22;1245;5;12547;78;2.4;0.0
21;2021-01-23;487;0;13034;78;2.4;0.0
21;2021-01-24;124;0;13158;78;2.5;0.0
21;2021-01-25;927;18;14085;96;2.6;0.0
21;2021-01-26;1542;140;15627;236;2.9;0.0
21;2021-01-27;2056;150;17683;386;3.3;0.1
21;2021-01-28;1461;220;19144;606;3.6;0.1
21;2021-01-29;1023;209;20167;815;3.8;0.2
21;2021-01-30;470;29;20637;844;3.9;0.2
21;2021-01-31;97;3;20734;847;3.9;0.2
21;2021-02-01;453;282;21187;1129;4.0;0.2
21;2021-02-02;456;431;21643;1560;4.1;0.3
21;2021-02-03;443;276;22086;1836;4.1;0.3
21;2021-02-04;417;531;22503;2367;4.2;0.4
21;2021-02-05;490;515;22993;2882;4.3;0.5
21;2021-02-06;158;218;23151;3100;4.3;0.6
21;2021-02-07;2;2;23153;3102;4.3;0.6
21;2021-02-08;433;380;23586;3482;4.4;0.7
21;2021-02-09;514;490;24100;3972;4.5;0.7
21;2021-02-10;461;554;24561;4526;4.6;0.8
21;2021-02-11;485;733;25046;5259;4.7;1.0
21;2021-02-12;356;870;25402;6129;4.8;1.2
21;2021-02-13;361;279;25763;6408;4.8;1.2
21;2021-02-14;239;140;26002;6548;4.9;1.2
21;2021-02-15;120;1228;26122;7776;4.9;1.5
21;2021-02-16;206;1417;26328;9193;4.9;1.7
21;2021-02-17;401;1876;26729;11069;5.0;2.1
21;2021-02-18;604;1280;27333;12349;5.1;2.3
21;2021-02-19;217;1072;27550;13421;5.2;2.5
21;2021-02-20;122;385;27672;13806;5.2;2.6
21;2021-02-21;1;83;27673;13889;5.2;2.6
21;2021-02-22;83;717;27756;14606;5.2;2.7
21;2021-02-23;169;953;27925;15559;5.2;2.9
21;2021-02-24;225;673;28150;16232;5.3;3.0
21;2021-02-25;647;777;28797;17009;5.4;3.2
21;2021-02-26;926;669;29723;17678;5.6;3.3
21;2021-02-27;533;268;30256;17946;5.7;3.4
21;2021-02-28;24;126;30280;18072;5.7;3.4
21;2021-03-01;679;604;30959;18676;5.8;3.5
21;2021-03-02;1054;526;32013;19202;6.0;3.6
21;2021-03-03;1168;423;33181;19625;6.2;3.7
21;2021-03-04;1685;507;34866;20132;6.5;3.8
21;2021-03-05;2196;648;37062;20780;7.0;3.9
21;2021-03-06;1593;194;38655;20974;7.3;3.9
21;2021-03-07;4;16;38659;20990;7.3;3.9
21;2021-03-08;772;443;39431;21433;7.4;4.0
21;2021-03-09;1571;561;41002;21994;7.7;4.1
21;2021-03-10;1627;558;42629;22552;8.0;4.2
21;2021-03-11;2196;689;44825;23241;8.4;4.4
21;2021-03-12;2905;436;47730;23677;9.0;4.4
21;2021-03-13;1932;171;49662;23848;9.3;4.5
21;2021-03-14;38;45;49700;23893;9.3;4.5
21;2021-03-15;1414;86;51114;23979;9.6;4.5
21;2021-03-16;1885;150;52999;24129;9.9;4.5
21;2021-03-17;1809;114;54808;24243;10.3;4.5
21;2021-03-18;2128;265;56936;24508;10.7;4.6
21;2021-03-19;1963;149;58899;24657;11.1;4.6
21;2021-03-20;1228;38;60127;24695;11.3;4.6
21;2021-03-21;2;0;60129;24695;11.3;4.6
21;2021-03-22;1556;92;61685;24787;11.6;4.7
21;2021-03-23;2695;106;64380;24893;12.1;4.7
21;2021-03-24;2892;163;67272;25056;12.6;4.7
21;2021-03-25;3731;246;71003;25302;13.3;4.7
21;2021-03-26;3655;199;74658;25501;14.0;4.8
21;2021-03-27;1732;59;76390;25560;14.3;4.8
21;2021-03-28;200;37;76590;25597;14.4;4.8
21;2021-03-29;1789;516;78379;26113;14.7;4.9
21;2021-03-30;2348;800;80727;26913;15.1;5.1
21;2021-03-31;2717;651;83444;27564;15.7;5.2
21;2021-04-01;2693;720;86137;28284;16.2;5.3
21;2021-04-02;2247;740;88384;29024;16.6;5.4
21;2021-04-03;1018;281;89402;29305;16.8;5.5
21;2021-04-04;2;12;89404;29317;16.8;5.5
21;2021-04-05;9;0;89413;29317;16.8;5.5
21;2021-04-06;1360;1136;90773;30453;17.0;5.7
21;2021-04-07;1751;968;92524;31421;17.4;5.9
21;2021-04-08;3217;1140;95741;32561;18.0;6.1
21;2021-04-09;3481;1185;99222;33746;18.6;6.3
21;2021-04-10;1376;736;100598;34482;18.9;6.5
21;2021-04-11;145;3;100743;34485;18.9;6.5
21;2021-04-12;1117;1347;101860;35832;19.1;6.7
21;2021-04-13;1656;1783;103516;37615;19.4;7.1
21;2021-04-14;1483;1470;104999;39085;19.7;7.3
21;2021-04-15;1902;1592;106901;40677;20.1;7.6
21;2021-04-16;2322;1311;109223;41988;20.5;7.9
21;2021-04-17;1019;972;110242;42960;20.7;8.1
21;2021-04-18;15;4;110257;42964;20.7;8.1
21;2021-04-19;1110;1321;111367;44285;20.9;8.3
21;2021-04-20;1241;1834;112608;46119;21.1;8.7
21;2021-04-21;1095;1722;113703;47841;21.3;9.0
21;2021-04-22;1274;2212;114977;50053;21.6;9.4
21;2021-04-23;1983;1728;116960;51781;21.9;9.7
21;2021-04-24;1001;872;117961;52653;22.1;9.9
21;2021-04-25;9;168;117970;52821;22.1;9.9
21;2021-04-26;1013;1592;118983;54413;22.3;10.2
21;2021-04-27;1841;1934;120824;56347;22.7;10.6
21;2021-04-28;2231;2226;123055;58573;23.1;11.0
21;2021-04-29;3135;2262;126190;60835;23.7;11.4
21;2021-04-30;3561;1849;129751;62684;24.3;11.8
21;2021-05-01;962;227;130713;62911;24.5;11.8
21;2021-05-02;2;5;130715;62916;24.5;11.8
21;2021-05-03;2081;1350;132796;64266;24.9;12.1
21;2021-05-04;2576;1644;135372;65910;25.4;12.4
21;2021-05-05;2248;1691;137620;67601;25.8;12.7
21;2021-05-06;3015;2247;140635;69848;26.4;13.1
21;2021-05-07;2804;2175;143439;72023;26.9;13.5
21;2021-05-08;1068;271;144507;72294;27.1;13.6
21;2021-05-09;26;177;144533;72471;27.1;13.6
21;2021-05-10;3170;1731;147703;74202;27.7;13.9
21;2021-05-11;4923;2004;152626;76206;28.6;14.3
21;2021-05-12;4805;1747;157431;77953;29.5;14.6
21;2021-05-13;3846;369;161277;78322;30.3;14.7
21;2021-05-14;5202;1471;166479;79793;31.2;15.0
21;2021-05-15;3428;647;169907;80440;31.9;15.1
21;2021-05-16;49;4;169956;80444;31.9;15.1
21;2021-05-17;4128;1256;174084;81700;32.7;15.3
21;2021-05-18;4359;1503;178443;83203;33.5;15.6
21;2021-05-19;3470;1126;181913;84329;34.1;15.8
21;2021-05-20;3900;1358;185813;85687;34.9;16.1
21;2021-05-21;3626;2159;189439;87846;35.5;16.5
21;2021-05-22;1669;770;191108;88616;35.9;16.6
21;2021-05-23;4;17;191112;88633;35.9;16.6
21;2021-05-24;1816;266;192928;88899;36.2;16.7
21;2021-05-25;2649;1968;195577;90867;36.7;17.1
21;2021-05-26;2604;1997;198181;92864;37.2;17.4
21;2021-05-27;4014;2104;202195;94968;37.9;17.8
21;2021-05-28;3572;2825;205767;97793;38.6;18.4
21;2021-05-29;1932;1469;207699;99262;39.0;18.6
21;2021-05-30;98;13;207797;99275;39.0;18.6
21;2021-05-31;2503;1781;210300;101056;39.5;19.0
21;2021-06-01;3454;2254;213754;103310;40.1;19.4
21;2021-06-02;2618;1761;216372;105071;40.6;19.7
21;2021-06-03;3146;2076;219518;107147;41.2;20.1
21;2021-06-04;3284;2587;222802;109734;41.8;20.6
21;2021-06-05;2925;1654;225727;111388;42.4;20.9
21;2021-06-06;51;85;225778;111473;42.4;20.9
21;2021-06-07;4317;1346;230095;112819;43.2;21.2
21;2021-06-08;4941;2142;235036;114961;44.1;21.6
21;2021-06-09;4503;1628;239539;116589;45.0;21.9
21;2021-06-10;3935;2597;243474;119186;45.7;22.4
21;2021-06-11;4169;3101;247643;122287;46.5;22.9
21;2021-06-12;2198;1608;249841;123895;46.9;23.2
21;2021-06-13;29;11;249870;123906;46.9;23.3
21;2021-06-14;2199;2565;252069;126471;47.3;23.7
21;2021-06-15;2960;3091;255029;129562;47.9;24.3
21;2021-06-16;2854;2611;257883;132173;48.4;24.8
21;2021-06-17;3422;3044;261305;135217;49.0;25.4
21;2021-06-18;2427;3798;263732;139015;49.5;26.1
21;2021-06-19;2045;1864;265777;140879;49.9;26.4
21;2021-06-20;26;13;265803;140892;49.9;26.4
21;2021-06-21;1844;3408;267647;144300;50.2;27.1
21;2021-06-22;1884;5830;269531;150130;50.6;28.2
21;2021-06-23;2029;5013;271560;155143;51.0;29.1
21;2021-06-24;2367;4667;273927;159810;51.4;30.0
21;2021-06-25;1531;5898;275458;165708;51.7;31.1
21;2021-06-26;1441;3900;276899;169608;52.0;31.8
21;2021-06-27;18;125;276917;169733;52.0;31.9
21;2021-06-28;1397;4017;278314;173750;52.2;32.6
21;2021-06-29;1636;4180;279950;177930;52.5;33.4
21;2021-06-30;1569;3376;281519;181306;52.8;34.0
21;2021-07-01;1666;4151;283185;185457;53.1;34.8
21;2021-07-02;2179;4232;285364;189689;53.6;35.6
21;2021-07-03;1095;2101;286459;191790;53.8;36.0
21;2021-07-04;37;55;286496;191845;53.8;36.0
21;2021-07-05;1609;3627;288105;195472;54.1;36.7
21;2021-07-06;1348;3585;289453;199057;54.3;37.4
21;2021-07-07;1455;3241;290908;202298;54.6;38.0
21;2021-07-08;1881;4157;292789;206455;54.9;38.7
21;2021-07-09;2084;4350;294873;210805;55.3;39.6
21;2021-07-10;1089;2546;295962;213351;55.5;40.0
21;2021-07-11;21;74;295983;213425;55.5;40.1
21;2021-07-12;1658;3729;297641;217154;55.9;40.8
21;2021-07-13;2346;4894;299987;222048;56.3;41.7
21;2021-07-14;2873;2017;302860;224065;56.8;42.0
21;2021-07-15;3816;4553;306676;228618;57.6;42.9
21;2021-07-16;3889;5258;310565;233876;58.3;43.9
21;2021-07-17;2774;4170;313339;238046;58.8;44.7
21;2021-07-18;157;82;313496;238128;58.8;44.7
21;2021-07-19;2377;4626;315873;242754;59.3;45.6
21;2021-07-20;2759;5487;318632;248241;59.8;46.6
21;2021-07-21;2910;4790;321542;253031;60.3;47.5
21;2021-07-22;3025;4723;324567;257754;60.9;48.4
21;2021-07-23;4354;4893;328921;262647;61.7;49.3
21;2021-07-24;3037;3019;331958;265666;62.3;49.9
21;2021-07-25;68;40;332026;265706;62.3;49.9
21;2021-07-26;2664;3589;334690;269295;62.8;50.5
21;2021-07-27;3412;3775;338102;273070;63.4;51.2
21;2021-07-28;3575;3348;341677;276418;64.1;51.9
21;2021-07-29;4133;3367;345810;279785;64.9;52.5
21;2021-07-30;4616;3344;350426;283129;65.8;53.1
21;2021-07-31;3426;2375;353852;285504;66.4;53.6
21;2021-08-01;330;57;354182;285561;66.5;53.6
21;2021-08-02;2535;3164;356717;288725;66.9;54.2
21;2021-08-03;2619;2762;359336;291487;67.4;54.7
21;2021-08-04;2367;2486;361703;293973;67.9;55.2
21;2021-08-05;2215;3078;363918;297051;68.3;55.7
21;2021-08-06;2581;3307;366499;300358;68.8;56.4
21;2021-08-07;1901;2657;368400;303015;69.1;56.9
21;2021-08-08;74;69;368474;303084;69.1;56.9
21;2021-08-09;1646;2931;370120;306015;69.5;57.4
21;2021-08-10;1409;2715;371529;308730;69.7;57.9
21;2021-08-11;1663;2445;373192;311175;70.0;58.4
21;2021-08-12;1150;2418;374342;313593;70.2;58.8
21;2021-08-13;1504;2744;375846;316337;70.5;59.4
21;2021-08-14;843;2434;376689;318771;70.7;59.8
21;2021-08-15;51;64;376740;318835;70.7;59.8
21;2021-08-16;1389;2819;378129;321654;71.0;60.4
21;2021-08-17;1196;2776;379325;324430;71.2;60.9
21;2021-08-18;1017;2873;380342;327303;71.4;61.4
21;2021-08-19;951;3067;381293;330370;71.6;62.0
21;2021-08-20;1050;4189;382343;334559;71.7;62.8
21;2021-08-21;834;3140;383177;337699;71.9;63.4
21;2021-08-22;32;116;383209;337815;71.9;63.4
21;2021-08-23;908;3213;384117;341028;72.1;64.0
21;2021-08-24;963;2873;385080;343901;72.3;64.5
21;2021-08-25;860;2548;385940;346449;72.4;65.0
21;2021-08-26;711;2419;386651;348868;72.6;65.5
21;2021-08-27;1025;3384;387676;352252;72.8;66.1
21;2021-08-28;704;2753;388380;355005;72.9;66.6
21;2021-08-29;43;215;388423;355220;72.9;66.7
21;2021-08-30;772;2257;389195;357477;73.0;67.1
21;2021-08-31;935;2099;390130;359576;73.2;67.5
21;2021-09-01;612;1769;390742;361345;73.3;67.8
21;2021-09-02;520;1444;391262;362789;73.4;68.1
21;2021-09-03;765;2021;392027;364810;73.6;68.5
21;2021-09-04;749;1669;392776;366479;73.7;68.8
21;2021-09-05;69;107;392845;366586;73.7;68.8
21;2021-09-06;400;1468;393245;368054;73.8;69.1
21;2021-09-07;376;1296;393621;369350;73.9;69.3
22;2020-12-27;0;0;0;0;0.0;0.0
22;2020-12-28;0;0;0;0;0.0;0.0
22;2020-12-29;0;0;0;0;0.0;0.0
22;2020-12-30;0;0;0;0;0.0;0.0
22;2020-12-31;0;0;0;0;0.0;0.0
22;2021-01-01;0;0;0;0;0.0;0.0
22;2021-01-02;2;0;2;0;0.0;0.0
22;2021-01-03;0;0;2;0;0.0;0.0
22;2021-01-04;5;0;7;0;0.0;0.0
22;2021-01-05;61;0;68;0;0.0;0.0
22;2021-01-06;114;1;182;1;0.0;0.0
22;2021-01-07;67;0;249;1;0.0;0.0
22;2021-01-08;174;0;423;1;0.1;0.0
22;2021-01-09;1;0;424;1;0.1;0.0
22;2021-01-10;0;0;424;1;0.1;0.0
22;2021-01-11;234;3;658;4;0.1;0.0
22;2021-01-12;627;0;1285;4;0.2;0.0
22;2021-01-13;676;1;1961;5;0.3;0.0
22;2021-01-14;716;8;2677;13;0.4;0.0
22;2021-01-15;529;2;3206;15;0.5;0.0
22;2021-01-16;96;0;3302;15;0.6;0.0
22;2021-01-17;1;0;3303;15;0.6;0.0
22;2021-01-18;311;1;3614;16;0.6;0.0
22;2021-01-19;687;1;4301;17;0.7;0.0
22;2021-01-20;598;1;4899;18;0.8;0.0
22;2021-01-21;947;1;5846;19;1.0;0.0
22;2021-01-22;839;2;6685;21;1.1;0.0
22;2021-01-23;219;0;6904;21;1.2;0.0
22;2021-01-24;1;0;6905;21;1.2;0.0
22;2021-01-25;750;9;7655;30;1.3;0.0
22;2021-01-26;1017;59;8672;89;1.5;0.0
22;2021-01-27;3859;110;12531;199;2.1;0.0
22;2021-01-28;4511;84;17042;283;2.9;0.0
22;2021-01-29;1898;121;18940;404;3.2;0.1
22;2021-01-30;287;0;19227;404;3.2;0.1
22;2021-01-31;3;0;19230;404;3.2;0.1
22;2021-02-01;641;76;19871;480;3.3;0.1
22;2021-02-02;903;433;20774;913;3.5;0.2
22;2021-02-03;690;492;21464;1405;3.6;0.2
22;2021-02-04;965;620;22429;2025;3.8;0.3
22;2021-02-05;721;553;23150;2578;3.9;0.4
22;2021-02-06;253;0;23403;2578;3.9;0.4
22;2021-02-07;0;0;23403;2578;3.9;0.4
22;2021-02-08;531;120;23934;2698;4.0;0.5
22;2021-02-09;614;319;24548;3017;4.1;0.5
22;2021-02-10;425;190;24973;3207;4.2;0.5
22;2021-02-11;1086;311;26059;3518;4.4;0.6
22;2021-02-12;594;309;26653;3827;4.5;0.6
22;2021-02-13;319;72;26972;3899;4.5;0.7
22;2021-02-14;0;4;26972;3903;4.5;0.7
22;2021-02-15;672;387;27644;4290;4.6;0.7
22;2021-02-16;1042;645;28686;4935;4.8;0.8
22;2021-02-17;1202;2417;29888;7352;5.0;1.2
22;2021-02-18;2142;2934;32030;10286;5.4;1.7
22;2021-02-19;1637;1876;33667;12162;5.6;2.0
22;2021-02-20;480;189;34147;12351;5.7;2.1
22;2021-02-21;6;49;34153;12400;5.7;2.1
22;2021-02-22;403;643;34556;13043;5.8;2.2
22;2021-02-23;665;860;35221;13903;5.9;2.3
22;2021-02-24;695;853;35916;14756;6.0;2.5
22;2021-02-25;1200;1104;37116;15860;6.2;2.7
22;2021-02-26;1067;650;38183;16510;6.4;2.8
22;2021-02-27;564;255;38747;16765;6.5;2.8
22;2021-02-28;16;8;38763;16773;6.5;2.8
22;2021-03-01;958;490;39721;17263;6.7;2.9
22;2021-03-02;1206;822;40927;18085;6.9;3.0
22;2021-03-03;1325;812;42252;18897;7.1;3.2
22;2021-03-04;1600;878;43852;19775;7.4;3.3
22;2021-03-05;2108;759;45960;20534;7.7;3.4
22;2021-03-06;1114;277;47074;20811;7.9;3.5
22;2021-03-07;219;1;47293;20812;7.9;3.5
22;2021-03-08;1291;646;48584;21458;8.1;3.6
22;2021-03-09;1824;745;50408;22203;8.5;3.7
22;2021-03-10;1987;994;52395;23197;8.8;3.9
22;2021-03-11;2377;1642;54772;24839;9.2;4.2
22;2021-03-12;3102;956;57874;25795;9.7;4.3
22;2021-03-13;1720;288;59594;26083;10.0;4.4
22;2021-03-14;245;23;59839;26106;10.0;4.4
22;2021-03-15;1620;561;61459;26667;10.3;4.5
22;2021-03-16;1602;851;63061;27518;10.6;4.6
22;2021-03-17;2650;698;65711;28216;11.0;4.7
22;2021-03-18;2552;1105;68263;29321;11.4;4.9
22;2021-03-19;3282;796;71545;30117;12.0;5.1
22;2021-03-20;2208;284;73753;30401;12.4;5.1
22;2021-03-21;16;0;73769;30401;12.4;5.1
22;2021-03-22;2364;362;76133;30763;12.8;5.2
22;2021-03-23;3142;785;79275;31548;13.3;5.3
22;2021-03-24;3485;684;82760;32232;13.9;5.4
22;2021-03-25;3962;608;86722;32840;14.5;5.5
22;2021-03-26;4002;484;90724;33324;15.2;5.6
22;2021-03-27;2088;180;92812;33504;15.6;5.6
22;2021-03-28;67;1;92879;33505;15.6;5.6
22;2021-03-29;2766;910;95645;34415;16.0;5.8
22;2021-03-30;3568;1155;99213;35570;16.6;6.0
22;2021-03-31;3676;1083;102889;36653;17.3;6.1
22;2021-04-01;4944;1129;107833;37782;18.1;6.3
22;2021-04-02;4391;1034;112224;38816;18.8;6.5
22;2021-04-03;1997;403;114221;39219;19.2;6.6
22;2021-04-04;37;0;114258;39219;19.2;6.6
22;2021-04-05;15;0;114273;39219;19.2;6.6
22;2021-04-06;3291;1137;117564;40356;19.7;6.8
22;2021-04-07;3431;1366;120995;41722;20.3;7.0
22;2021-04-08;4448;1322;125443;43044;21.0;7.2
22;2021-04-09;5184;1359;130627;44403;21.9;7.4
22;2021-04-10;2446;365;133073;44768;22.3;7.5
22;2021-04-11;485;10;133558;44778;22.4;7.5
22;2021-04-12;2987;1006;136545;45784;22.9;7.7
22;2021-04-13;3321;1519;139866;47303;23.5;7.9
22;2021-04-14;3169;2483;143035;49786;24.0;8.4
22;2021-04-15;3600;2432;146635;52218;24.6;8.8
22;2021-04-16;3632;2485;150267;54703;25.2;9.2
22;2021-04-17;1919;1792;152186;56495;25.5;9.5
22;2021-04-18;17;0;152203;56495;25.5;9.5
22;2021-04-19;3022;2148;155225;58643;26.0;9.8
22;2021-04-20;3312;2796;158537;61439;26.6;10.3
22;2021-04-21;3223;2732;161760;64171;27.1;10.8
22;2021-04-22;3593;3133;165353;67304;27.7;11.3
22;2021-04-23;3730;3173;169083;70477;28.4;11.8
22;2021-04-24;2006;1962;171089;72439;28.7;12.2
22;2021-04-25;17;0;171106;72439;28.7;12.2
22;2021-04-26;3213;2854;174319;75293;29.2;12.6
22;2021-04-27;3373;3139;177692;78432;29.8;13.2
22;2021-04-28;3489;3154;181181;81586;30.4;13.7
22;2021-04-29;4081;3266;185262;84852;31.1;14.2
22;2021-04-30;3905;3223;189167;88075;31.7;14.8
22;2021-05-01;60;69;189227;88144;31.7;14.8
22;2021-05-02;1237;60;190464;88204;31.9;14.8
22;2021-05-03;2030;2711;192494;90915;32.3;15.2
22;2021-05-04;2154;2899;194648;93814;32.6;15.7
22;2021-05-05;2050;3005;196698;96819;33.0;16.2
22;2021-05-06;2509;3495;199207;100314;33.4;16.8
22;2021-05-07;2831;3406;202038;103720;33.9;17.4
22;2021-05-08;45;120;202083;103840;33.9;17.4
22;2021-05-09;602;438;202685;104278;34.0;17.5
22;2021-05-10;4474;2730;207159;107008;34.7;17.9
22;2021-05-11;5107;2900;212266;109908;35.6;18.4
22;2021-05-12;6600;1021;218866;110929;36.7;18.6
22;2021-05-13;528;35;219394;110964;36.8;18.6
22;2021-05-14;6408;1084;225802;112048;37.9;18.8
22;2021-05-15;3988;424;229790;112472;38.5;18.9
22;2021-05-16;419;37;230209;112509;38.6;18.9
22;2021-05-17;5669;520;235878;113029;39.6;19.0
22;2021-05-18;6010;947;241888;113976;40.6;19.1
22;2021-05-19;6130;708;248018;114684;41.6;19.2
22;2021-05-20;6586;1374;254604;116058;42.7;19.5
22;2021-05-21;5897;1454;260501;117512;43.7;19.7
22;2021-05-22;4092;773;264593;118285;44.4;19.8
22;2021-05-23;407;17;265000;118302;44.4;19.8
22;2021-05-24;5313;225;270313;118527;45.3;19.9
22;2021-05-25;5637;1177;275950;119704;46.3;20.1
22;2021-05-26;4222;2807;280172;122511;47.0;20.5
22;2021-05-27;4506;3836;284678;126347;47.7;21.2
22;2021-05-28;4384;4435;289062;130782;48.5;21.9
22;2021-05-29;3046;1770;292108;132552;49.0;22.2
22;2021-05-30;19;7;292127;132559;49.0;22.2
22;2021-05-31;3654;3152;295781;135711;49.6;22.8
22;2021-06-01;3523;3686;299304;139397;50.2;23.4
22;2021-06-02;3086;3382;302390;142779;50.7;23.9
22;2021-06-03;3197;4097;305587;146876;51.3;24.6
22;2021-06-04;3373;4546;308960;151422;51.8;25.4
22;2021-06-05;3543;2026;312503;153448;52.4;25.7
22;2021-06-06;214;30;312717;153478;52.5;25.7
22;2021-06-07;3046;3255;315763;156733;53.0;26.3
22;2021-06-08;2800;3531;318563;160264;53.4;26.9
22;2021-06-09;2543;3507;321106;163771;53.9;27.5
22;2021-06-10;2517;4251;323623;168022;54.3;28.2
22;2021-06-11;2552;4228;326175;172250;54.7;28.9
22;2021-06-12;2414;1455;328589;173705;55.1;29.1
22;2021-06-13;133;1093;328722;174798;55.1;29.3
22;2021-06-14;2644;2468;331366;177266;55.6;29.7
22;2021-06-15;3096;2996;334462;180262;56.1;30.2
22;2021-06-16;3008;2806;337470;183068;56.6;30.7
22;2021-06-17;2563;3177;340033;186245;57.0;31.2
22;2021-06-18;3099;4113;343132;190358;57.6;31.9
22;2021-06-19;2986;1456;346118;191814;58.1;32.2
22;2021-06-20;155;8;346273;191822;58.1;32.2
22;2021-06-21;1782;5021;348055;196843;58.4;33.0
22;2021-06-22;2403;5554;350458;202397;58.8;33.9
22;2021-06-23;1284;6204;351742;208601;59.0;35.0
22;2021-06-24;2577;3912;354319;212513;59.4;35.6
22;2021-06-25;1568;6814;355887;219327;59.7;36.8
22;2021-06-26;783;3855;356670;223182;59.8;37.4
22;2021-06-27;4;511;356674;223693;59.8;37.5
22;2021-06-28;1051;5585;357725;229278;60.0;38.5
22;2021-06-29;1375;5952;359100;235230;60.2;39.5
22;2021-06-30;1131;5738;360231;240968;60.4;40.4
22;2021-07-01;1383;6036;361614;247004;60.7;41.4
22;2021-07-02;1713;6094;363327;253098;60.9;42.5
22;2021-07-03;1008;3819;364335;256917;61.1;43.1
22;2021-07-04;149;365;364484;257282;61.1;43.2
22;2021-07-05;1595;5803;366079;263085;61.4;44.1
22;2021-07-06;2315;5994;368394;269079;61.8;45.1
22;2021-07-07;2294;4933;370688;274012;62.2;46.0
22;2021-07-08;2503;5096;373191;279108;62.6;46.8
22;2021-07-09;2498;5385;375689;284493;63.0;47.7
22;2021-07-10;1808;3357;377497;287850;63.3;48.3
22;2021-07-11;484;74;377981;287924;63.4;48.3
22;2021-07-12;2333;4733;380314;292657;63.8;49.1
22;2021-07-13;3783;5055;384097;297712;64.4;49.9
22;2021-07-14;700;2495;384797;300207;64.5;50.4
22;2021-07-15;3868;4621;388665;304828;65.2;51.1
22;2021-07-16;3835;5289;392500;310117;65.8;52.0
22;2021-07-17;2555;3411;395055;313528;66.3;52.6
22;2021-07-18;569;87;395624;313615;66.4;52.6
22;2021-07-19;2771;4106;398395;317721;66.8;53.3
22;2021-07-20;3922;4132;402317;321853;67.5;54.0
22;2021-07-21;3996;3412;406313;325265;68.2;54.6
22;2021-07-22;4858;3706;411171;328971;69.0;55.2
22;2021-07-23;4451;4218;415622;333189;69.7;55.9
22;2021-07-24;2260;2616;417882;335805;70.1;56.3
22;2021-07-25;118;149;418000;335954;70.1;56.4
22;2021-07-26;3023;3920;421023;339874;70.6;57.0
22;2021-07-27;3720;4913;424743;344787;71.2;57.8
22;2021-07-28;3703;3657;428446;348444;71.9;58.4
22;2021-07-29;4287;3779;432733;352223;72.6;59.1
22;2021-07-30;4033;3975;436766;356198;73.3;59.7
22;2021-07-31;2401;2803;439167;359001;73.7;60.2
22;2021-08-01;117;151;439284;359152;73.7;60.2
22;2021-08-02;4661;2549;443945;361701;74.5;60.7
22;2021-08-03;4780;3428;448725;365129;75.3;61.2
22;2021-08-04;5755;2497;454480;367626;76.2;61.7
22;2021-08-05;4114;3806;458594;371432;76.9;62.3
22;2021-08-06;3644;3813;462238;375245;77.5;62.9
22;2021-08-07;2345;2264;464583;377509;77.9;63.3
22;2021-08-08;421;71;465004;377580;78.0;63.3
22;2021-08-09;2712;2703;467716;380283;78.5;63.8
22;2021-08-10;2706;3509;470422;383792;78.9;64.4
22;2021-08-11;2398;3116;472820;386908;79.3;64.9
22;2021-08-12;2180;3480;475000;390388;79.7;65.5
22;2021-08-13;1890;2973;476890;393361;80.0;66.0
22;2021-08-14;1322;1913;478212;395274;80.2;66.3
22;2021-08-15;85;198;478297;395472;80.2;66.3
22;2021-08-16;1460;3179;479757;398651;80.5;66.9
22;2021-08-17;1737;3459;481494;402110;80.8;67.4
22;2021-08-18;1395;3306;482889;405416;81.0;68.0
22;2021-08-19;1299;3608;484188;409024;81.2;68.6
22;2021-08-20;1443;3599;485631;412623;81.5;69.2
22;2021-08-21;802;2258;486433;414881;81.6;69.6
22;2021-08-22;151;308;486584;415189;81.6;69.6
22;2021-08-23;1951;3611;488535;418800;81.9;70.2
22;2021-08-24;1420;3247;489955;422047;82.2;70.8
22;2021-08-25;838;2508;490793;424555;82.3;71.2
22;2021-08-26;1051;4292;491844;428847;82.5;71.9
22;2021-08-27;1309;4599;493153;433446;82.7;72.7
22;2021-08-28;727;2518;493880;435964;82.8;73.1
22;2021-08-29;35;26;493915;435990;82.8;73.1
22;2021-08-30;919;2963;494834;438953;83.0;73.6
22;2021-08-31;963;3792;495797;442745;83.2;74.3
22;2021-09-01;953;3407;496750;446152;83.3;74.8
22;2021-09-02;828;3036;497578;449188;83.5;75.3
22;2021-09-03;925;3047;498503;452235;83.6;75.9
22;2021-09-04;778;2719;499281;454954;83.7;76.3
22;2021-09-05;95;47;499376;455001;83.8;76.3
22;2021-09-06;488;2154;499864;457155;83.8;76.7
22;2021-09-07;503;2270;500367;459425;83.9;77.1
23;2020-12-27;0;0;0;0;0.0;0.0
23;2020-12-28;1;0;1;0;0.0;0.0
23;2020-12-29;0;0;1;0;0.0;0.0
23;2020-12-30;0;0;1;0;0.0;0.0
23;2020-12-31;0;0;1;0;0.0;0.0
23;2021-01-01;0;0;1;0;0.0;0.0
23;2021-01-02;1;0;2;0;0.0;0.0
23;2021-01-03;0;0;2;0;0.0;0.0
23;2021-01-04;1;0;3;0;0.0;0.0
23;2021-01-05;3;0;6;0;0.0;0.0
23;2021-01-06;10;0;16;0;0.0;0.0
23;2021-01-07;116;1;132;1;0.1;0.0
23;2021-01-08;117;0;249;1;0.2;0.0
23;2021-01-09;36;0;285;1;0.2;0.0
23;2021-01-10;1;0;286;1;0.2;0.0
23;2021-01-11;176;1;462;2;0.4;0.0
23;2021-01-12;238;3;700;5;0.6;0.0
23;2021-01-13;308;0;1008;5;0.9;0.0
23;2021-01-14;293;4;1301;9;1.1;0.0
23;2021-01-15;334;5;1635;14;1.4;0.0
23;2021-01-16;163;1;1798;15;1.5;0.0
23;2021-01-17;0;0;1798;15;1.5;0.0
23;2021-01-18;342;3;2140;18;1.8;0.0
23;2021-01-19;498;2;2638;20;2.3;0.0
23;2021-01-20;362;1;3000;21;2.6;0.0
23;2021-01-21;698;1;3698;22;3.2;0.0
23;2021-01-22;479;0;4177;22;3.6;0.0
23;2021-01-23;368;1;4545;23;3.9;0.0
23;2021-01-24;0;0;4545;23;3.9;0.0
23;2021-01-25;382;17;4927;40;4.2;0.0
23;2021-01-26;301;5;5228;45;4.5;0.0
23;2021-01-27;228;3;5456;48;4.7;0.0
23;2021-01-28;232;38;5688;86;4.9;0.1
23;2021-01-29;303;101;5991;187;5.2;0.2
23;2021-01-30;100;25;6091;212;5.2;0.2
23;2021-01-31;2;33;6093;245;5.2;0.2
23;2021-02-01;148;85;6241;330;5.4;0.3
23;2021-02-02;157;114;6398;444;5.5;0.4
23;2021-02-03;105;185;6503;629;5.6;0.5
23;2021-02-04;78;258;6581;887;5.7;0.8
23;2021-02-05;117;291;6698;1178;5.8;1.0
23;2021-02-06;14;147;6712;1325;5.8;1.1
23;2021-02-07;1;0;6713;1325;5.8;1.1
23;2021-02-08;124;190;6837;1515;5.9;1.3
23;2021-02-09;89;276;6926;1791;6.0;1.5
23;2021-02-10;92;259;7018;2050;6.0;1.8
23;2021-02-11;245;578;7263;2628;6.2;2.3
23;2021-02-12;174;275;7437;2903;6.4;2.5
23;2021-02-13;8;189;7445;3092;6.4;2.7
23;2021-02-14;8;0;7453;3092;6.4;2.7
23;2021-02-15;157;338;7610;3430;6.5;3.0
23;2021-02-16;103;400;7713;3830;6.6;3.3
23;2021-02-17;65;444;7778;4274;6.7;3.7
23;2021-02-18;142;335;7920;4609;6.8;4.0
23;2021-02-19;109;232;8029;4841;6.9;4.2
23;2021-02-20;2;87;8031;4928;6.9;4.2
23;2021-02-21;0;0;8031;4928;6.9;4.2
23;2021-02-22;104;195;8135;5123;7.0;4.4
23;2021-02-23;109;194;8244;5317;7.1;4.6
23;2021-02-24;176;154;8420;5471;7.2;4.7
23;2021-02-25;184;98;8604;5569;7.4;4.8
23;2021-02-26;287;164;8891;5733;7.6;4.9
23;2021-02-27;112;11;9003;5744;7.7;4.9
23;2021-02-28;1;31;9004;5775;7.7;5.0
23;2021-03-01;88;193;9092;5968;7.8;5.1
23;2021-03-02;229;122;9321;6090;8.0;5.2
23;2021-03-03;133;85;9454;6175;8.1;5.3
23;2021-03-04;307;138;9761;6313;8.4;5.4
23;2021-03-05;517;109;10278;6422;8.8;5.5
23;2021-03-06;494;7;10772;6429;9.3;5.5
23;2021-03-07;313;3;11085;6432;9.5;5.5
23;2021-03-08;197;72;11282;6504;9.7;5.6
23;2021-03-09;421;102;11703;6606;10.1;5.7
23;2021-03-10;348;38;12051;6644;10.4;5.7
23;2021-03-11;324;47;12375;6691;10.6;5.8
23;2021-03-12;618;34;12993;6725;11.2;5.8
23;2021-03-13;287;12;13280;6737;11.4;5.8
23;2021-03-14;47;34;13327;6771;11.5;5.8
23;2021-03-15;220;125;13547;6896;11.7;5.9
23;2021-03-16;192;86;13739;6982;11.8;6.0
23;2021-03-17;131;101;13870;7083;11.9;6.1
23;2021-03-18;193;95;14063;7178;12.1;6.2
23;2021-03-19;205;120;14268;7298;12.3;6.3
23;2021-03-20;631;37;14899;7335;12.8;6.3
23;2021-03-21;128;0;15027;7335;12.9;6.3
23;2021-03-22;274;157;15301;7492;13.2;6.4
23;2021-03-23;504;104;15805;7596;13.6;6.5
23;2021-03-24;423;124;16228;7720;14.0;6.6
23;2021-03-25;819;188;17047;7908;14.7;6.8
23;2021-03-26;735;194;17782;8102;15.3;7.0
23;2021-03-27;505;50;18287;8152;15.7;7.0
23;2021-03-28;3;9;18290;8161;15.7;7.0
23;2021-03-29;358;110;18648;8271;16.0;7.1
23;2021-03-30;537;178;19185;8449;16.5;7.3
23;2021-03-31;411;175;19596;8624;16.9;7.4
23;2021-04-01;600;172;20196;8796;17.4;7.6
23;2021-04-02;498;298;20694;9094;17.8;7.8
23;2021-04-03;715;44;21409;9138;18.4;7.9
23;2021-04-04;4;0;21413;9138;18.4;7.9
23;2021-04-05;2;3;21415;9141;18.4;7.9
23;2021-04-06;382;293;21797;9434;18.7;8.1
23;2021-04-07;707;309;22504;9743;19.4;8.4
23;2021-04-08;805;236;23309;9979;20.0;8.6
23;2021-04-09;940;368;24249;10347;20.9;8.9
23;2021-04-10;1097;111;25346;10458;21.8;9.0
23;2021-04-11;21;2;25367;10460;21.8;9.0
23;2021-04-12;692;236;26059;10696;22.4;9.2
23;2021-04-13;669;302;26728;10998;23.0;9.5
23;2021-04-14;586;178;27314;11176;23.5;9.6
23;2021-04-15;930;185;28244;11361;24.3;9.8
23;2021-04-16;902;212;29146;11573;25.1;10.0
23;2021-04-17;996;553;30142;12126;25.9;10.4
23;2021-04-18;3;136;30145;12262;25.9;10.5
23;2021-04-19;613;297;30758;12559;26.5;10.8
23;2021-04-20;721;292;31479;12851;27.1;11.1
23;2021-04-21;733;397;32212;13248;27.7;11.4
23;2021-04-22;657;472;32869;13720;28.3;11.8
23;2021-04-23;596;345;33465;14065;28.8;12.1
23;2021-04-24;855;448;34320;14513;29.5;12.5
23;2021-04-25;0;0;34320;14513;29.5;12.5
23;2021-04-26;615;252;34935;14765;30.0;12.7
23;2021-04-27;675;425;35610;15190;30.6;13.1
23;2021-04-28;628;277;36238;15467;31.2;13.3
23;2021-04-29;883;379;37121;15846;31.9;13.6
23;2021-04-30;719;786;37840;16632;32.5;14.3
23;2021-05-01;1229;42;39069;16674;33.6;14.3
23;2021-05-02;14;0;39083;16674;33.6;14.3
23;2021-05-03;434;520;39517;17194;34.0;14.8
23;2021-05-04;617;513;40134;17707;34.5;15.2
23;2021-05-05;540;713;40674;18420;35.0;15.8
23;2021-05-06;728;700;41402;19120;35.6;16.4
23;2021-05-07;685;643;42087;19763;36.2;17.0
23;2021-05-08;1411;588;43498;20351;37.4;17.5
23;2021-05-09;4;0;43502;20351;37.4;17.5
23;2021-05-10;555;656;44057;21007;37.9;18.1
23;2021-05-11;560;764;44617;21771;38.4;18.7
23;2021-05-12;720;662;45337;22433;39.0;19.3
23;2021-05-13;537;56;45874;22489;39.5;19.3
23;2021-05-14;788;459;46662;22948;40.1;19.7
23;2021-05-15;995;235;47657;23183;41.0;19.9
23;2021-05-16;0;0;47657;23183;41.0;19.9
23;2021-05-17;568;448;48225;23631;41.5;20.3
23;2021-05-18;777;292;49002;23923;42.1;20.6
23;2021-05-19;1051;259;50053;24182;43.0;20.8
23;2021-05-20;837;315;50890;24497;43.8;21.1
23;2021-05-21;1108;311;51998;24808;44.7;21.3
23;2021-05-22;740;125;52738;24933;45.4;21.4
23;2021-05-23;3;20;52741;24953;45.4;21.5
23;2021-05-24;363;166;53104;25119;45.7;21.6
23;2021-05-25;908;336;54012;25455;46.5;21.9
23;2021-05-26;1078;227;55090;25682;47.4;22.1
23;2021-05-27;932;438;56022;26120;48.2;22.5
23;2021-05-28;781;743;56803;26863;48.9;23.1
23;2021-05-29;638;1100;57441;27963;49.4;24.1
23;2021-05-30;6;63;57447;28026;49.4;24.1
23;2021-05-31;433;539;57880;28565;49.8;24.6
23;2021-06-01;583;828;58463;29393;50.3;25.3
23;2021-06-02;625;520;59088;29913;50.8;25.7
23;2021-06-03;709;552;59797;30465;51.4;26.2
23;2021-06-04;779;614;60576;31079;52.1;26.7
23;2021-06-05;545;777;61121;31856;52.6;27.4
23;2021-06-06;0;0;61121;31856;52.6;27.4
23;2021-06-07;393;697;61514;32553;52.9;28.0
23;2021-06-08;323;777;61837;33330;53.2;28.7
23;2021-06-09;287;649;62124;33979;53.4;29.2
23;2021-06-10;374;689;62498;34668;53.8;29.8
23;2021-06-11;384;808;62882;35476;54.1;30.5
23;2021-06-12;377;1267;63259;36743;54.4;31.6
23;2021-06-13;13;5;63272;36748;54.4;31.6
23;2021-06-14;235;590;63507;37338;54.6;32.1
23;2021-06-15;231;861;63738;38199;54.8;32.9
23;2021-06-16;362;580;64100;38779;55.1;33.4
23;2021-06-17;339;810;64439;39589;55.4;34.0
23;2021-06-18;356;767;64795;40356;55.7;34.7
23;2021-06-19;492;1523;65287;41879;56.2;36.0
23;2021-06-20;2;11;65289;41890;56.2;36.0
23;2021-06-21;205;620;65494;42510;56.3;36.6
23;2021-06-22;216;687;65710;43197;56.5;37.2
23;2021-06-23;221;750;65931;43947;56.7;37.8
23;2021-06-24;200;606;66131;44553;56.9;38.3
23;2021-06-25;302;816;66433;45369;57.1;39.0
23;2021-06-26;221;999;66654;46368;57.3;39.9
23;2021-06-27;3;0;66657;46368;57.3;39.9
23;2021-06-28;115;693;66772;47061;57.4;40.5
23;2021-06-29;189;823;66961;47884;57.6;41.2
23;2021-06-30;169;944;67130;48828;57.7;42.0
23;2021-07-01;168;870;67298;49698;57.9;42.7
23;2021-07-02;192;1069;67490;50767;58.0;43.7
23;2021-07-03;250;979;67740;51746;58.3;44.5
23;2021-07-04;1;0;67741;51746;58.3;44.5
23;2021-07-05;160;805;67901;52551;58.4;45.2
23;2021-07-06;214;1043;68115;53594;58.6;46.1
23;2021-07-07;210;851;68325;54445;58.8;46.8
23;2021-07-08;254;739;68579;55184;59.0;47.5
23;2021-07-09;275;1012;68854;56196;59.2;48.3
23;2021-07-10;234;644;69088;56840;59.4;48.9
23;2021-07-11;0;0;69088;56840;59.4;48.9
23;2021-07-12;232;702;69320;57542;59.6;49.5
23;2021-07-13;471;917;69791;58459;60.0;50.3
23;2021-07-14;212;320;70003;58779;60.2;50.6
23;2021-07-15;480;810;70483;59589;60.6;51.3
23;2021-07-16;765;568;71248;60157;61.3;51.7
23;2021-07-17;220;478;71468;60635;61.5;52.2
23;2021-07-18;0;1;71468;60636;61.5;52.2
23;2021-07-19;704;630;72172;61266;62.1;52.7
23;2021-07-20;633;568;72805;61834;62.6;53.2
23;2021-07-21;702;635;73507;62469;63.2;53.7
23;2021-07-22;944;437;74451;62906;64.0;54.1
23;2021-07-23;842;508;75293;63414;64.8;54.5
23;2021-07-24;1013;439;76306;63853;65.6;54.9
23;2021-07-25;13;16;76319;63869;65.6;54.9
23;2021-07-26;787;566;77106;64435;66.3;55.4
23;2021-07-27;929;436;78035;64871;67.1;55.8
23;2021-07-28;878;412;78913;65283;67.9;56.1
23;2021-07-29;1050;400;79963;65683;68.8;56.5
23;2021-07-30;947;522;80910;66205;69.6;56.9
23;2021-07-31;1166;306;82076;66511;70.6;57.2
23;2021-08-01;18;8;82094;66519;70.6;57.2
23;2021-08-02;673;506;82767;67025;71.2;57.6
23;2021-08-03;766;459;83533;67484;71.8;58.0
23;2021-08-04;613;297;84146;67781;72.4;58.3
23;2021-08-05;692;364;84838;68145;73.0;58.6
23;2021-08-06;422;483;85260;68628;73.3;59.0
23;2021-08-07;299;189;85559;68817;73.6;59.2
23;2021-08-08;146;38;85705;68855;73.7;59.2
23;2021-08-09;493;492;86198;69347;74.1;59.6
23;2021-08-10;467;608;86665;69955;74.5;60.2
23;2021-08-11;426;488;87091;70443;74.9;60.6
23;2021-08-12;513;568;87604;71011;75.3;61.1
23;2021-08-13;418;578;88022;71589;75.7;61.6
23;2021-08-14;286;390;88308;71979;76.0;61.9
23;2021-08-15;27;9;88335;71988;76.0;61.9
23;2021-08-16;278;712;88613;72700;76.2;62.5
23;2021-08-17;278;730;88891;73430;76.5;63.2
23;2021-08-18;178;635;89069;74065;76.6;63.7
23;2021-08-19;257;727;89326;74792;76.8;64.3
23;2021-08-20;213;682;89539;75474;77.0;64.9
23;2021-08-21;140;499;89679;75973;77.1;65.3
23;2021-08-22;54;48;89733;76021;77.2;65.4
23;2021-08-23;149;818;89882;76839;77.3;66.1
23;2021-08-24;262;911;90144;77750;77.5;66.9
23;2021-08-25;185;791;90329;78541;77.7;67.6
23;2021-08-26;215;744;90544;79285;77.9;68.2
23;2021-08-27;213;641;90757;79926;78.1;68.7
23;2021-08-28;218;453;90975;80379;78.2;69.1
23;2021-08-29;15;88;90990;80467;78.3;69.2
23;2021-08-30;187;665;91177;81132;78.4;69.8
23;2021-08-31;228;671;91405;81803;78.6;70.4
23;2021-09-01;160;427;91565;82230;78.8;70.7
23;2021-09-02;117;346;91682;82576;78.9;71.0
23;2021-09-03;207;583;91889;83159;79.0;71.5
23;2021-09-04;179;846;92068;84005;79.2;72.2
23;2021-09-05;5;7;92073;84012;79.2;72.3
23;2021-09-06;131;485;92204;84497;79.3;72.7
23;2021-09-07;96;522;92300;85019;79.4;73.1
24;2020-12-27;0;0;0;0;0.0;0.0
24;2020-12-28;1;0;1;0;0.0;0.0
24;2020-12-29;2;0;3;0;0.0;0.0
24;2020-12-30;1;0;4;0;0.0;0.0
24;2020-12-31;1;0;5;0;0.0;0.0
24;2021-01-01;1;0;6;0;0.0;0.0
24;2021-01-02;0;0;6;0;0.0;0.0
24;2021-01-03;0;0;6;0;0.0;0.0
24;2021-01-04;1;0;7;0;0.0;0.0
24;2021-01-05;1;0;8;0;0.0;0.0
24;2021-01-06;2;0;10;0;0.0;0.0
24;2021-01-07;190;0;200;0;0.0;0.0
24;2021-01-08;282;0;482;0;0.1;0.0
24;2021-01-09;185;13;667;13;0.2;0.0
24;2021-01-10;35;0;702;13;0.2;0.0
24;2021-01-11;269;0;971;13;0.2;0.0
24;2021-01-12;280;0;1251;13;0.3;0.0
24;2021-01-13;233;0;1484;13;0.4;0.0
24;2021-01-14;1015;23;2499;36;0.6;0.0
24;2021-01-15;605;5;3104;41;0.8;0.0
24;2021-01-16;87;0;3191;41;0.8;0.0
24;2021-01-17;2;1;3193;42;0.8;0.0
24;2021-01-18;300;0;3493;42;0.9;0.0
24;2021-01-19;468;1;3961;43;1.0;0.0
24;2021-01-20;555;0;4516;43;1.1;0.0
24;2021-01-21;645;6;5161;49;1.3;0.0
24;2021-01-22;514;1;5675;50;1.4;0.0
24;2021-01-23;152;1;5827;51;1.4;0.0
24;2021-01-24;3;0;5830;51;1.4;0.0
24;2021-01-25;442;0;6272;51;1.5;0.0
24;2021-01-26;638;66;6910;117;1.7;0.0
24;2021-01-27;1267;12;8177;129;2.0;0.0
24;2021-01-28;983;127;9160;256;2.2;0.1
24;2021-01-29;932;138;10092;394;2.5;0.1
24;2021-01-30;282;1;10374;395;2.5;0.1
24;2021-01-31;0;0;10374;395;2.5;0.1
24;2021-02-01;377;164;10751;559;2.6;0.1
24;2021-02-02;616;292;11367;851;2.8;0.2
24;2021-02-03;653;480;12020;1331;2.9;0.3
24;2021-02-04;978;389;12998;1720;3.2;0.4
24;2021-02-05;690;406;13688;2126;3.4;0.5
24;2021-02-06;141;35;13829;2161;3.4;0.5
24;2021-02-07;33;1;13862;2162;3.4;0.5
24;2021-02-08;309;228;14171;2390;3.5;0.6
24;2021-02-09;454;230;14625;2620;3.6;0.6
24;2021-02-10;378;104;15003;2724;3.7;0.7
24;2021-02-11;561;492;15564;3216;3.8;0.8
24;2021-02-12;495;381;16059;3597;3.9;0.9
24;2021-02-13;202;43;16261;3640;4.0;0.9
24;2021-02-14;89;0;16350;3640;4.0;0.9
24;2021-02-15;187;218;16537;3858;4.0;0.9
24;2021-02-16;336;488;16873;4346;4.1;1.1
24;2021-02-17;584;808;17457;5154;4.3;1.3
24;2021-02-18;443;681;17900;5835;4.4;1.4
24;2021-02-19;462;659;18362;6494;4.5;1.6
24;2021-02-20;163;120;18525;6614;4.5;1.6
24;2021-02-21;109;0;18634;6614;4.6;1.6
24;2021-02-22;426;484;19060;7098;4.7;1.7
24;2021-02-23;562;633;19622;7731;4.8;1.9
24;2021-02-24;538;779;20160;8510;4.9;2.1
24;2021-02-25;728;812;20888;9322;5.1;2.3
24;2021-02-26;977;911;21865;10233;5.4;2.5
24;2021-02-27;363;252;22228;10485;5.4;2.6
24;2021-02-28;25;4;22253;10489;5.4;2.6
24;2021-03-01;292;338;22545;10827;5.5;2.7
24;2021-03-02;539;394;23084;11221;5.7;2.7
24;2021-03-03;681;316;23765;11537;5.8;2.8
24;2021-03-04;914;492;24679;12029;6.0;2.9
24;2021-03-05;1067;543;25746;12572;6.3;3.1
24;2021-03-06;1127;140;26873;12712;6.6;3.1
24;2021-03-07;232;63;27105;12775;6.6;3.1
24;2021-03-08;531;250;27636;13025;6.8;3.2
24;2021-03-09;1173;434;28809;13459;7.1;3.3
24;2021-03-10;1142;442;29951;13901;7.3;3.4
24;2021-03-11;1604;462;31555;14363;7.7;3.5
24;2021-03-12;2052;443;33607;14806;8.2;3.6
24;2021-03-13;1348;194;34955;15000;8.6;3.7
24;2021-03-14;141;93;35096;15093;8.6;3.7
24;2021-03-15;954;169;36050;15262;8.8;3.7
24;2021-03-16;1144;229;37194;15491;9.1;3.8
24;2021-03-17;1218;283;38412;15774;9.4;3.9
24;2021-03-18;1055;557;39467;16331;9.7;4.0
24;2021-03-19;1252;534;40719;16865;10.0;4.1
24;2021-03-20;1055;147;41774;17012;10.2;4.2
24;2021-03-21;25;11;41799;17023;10.2;4.2
24;2021-03-22;1224;423;43023;17446;10.5;4.3
24;2021-03-23;1881;398;44904;17844;11.0;4.4
24;2021-03-24;1891;382;46795;18226;11.5;4.5
24;2021-03-25;1991;472;48786;18698;11.9;4.6
24;2021-03-26;2374;285;51160;18983;12.5;4.6
24;2021-03-27;1350;42;52510;19025;12.9;4.7
24;2021-03-28;63;9;52573;19034;12.9;4.7
24;2021-03-29;1673;328;54246;19362;13.3;4.7
24;2021-03-30;2410;390;56656;19752;13.9;4.8
24;2021-03-31;2183;309;58839;20061;14.4;4.9
24;2021-04-01;2197;308;61036;20369;14.9;5.0
24;2021-04-02;2071;395;63107;20764;15.5;5.1
24;2021-04-03;1376;122;64483;20886;15.8;5.1
24;2021-04-04;74;1;64557;20887;15.8;5.1
24;2021-04-05;947;59;65504;20946;16.0;5.1
24;2021-04-06;2353;701;67857;21647;16.6;5.3
24;2021-04-07;2717;693;70574;22340;17.3;5.5
24;2021-04-08;3007;962;73581;23302;18.0;5.7
24;2021-04-09;3488;1008;77069;24310;18.9;6.0
24;2021-04-10;2595;314;79664;24624;19.5;6.0
24;2021-04-11;1103;20;80767;24644;19.8;6.0
24;2021-04-12;2498;815;83265;25459;20.4;6.2
24;2021-04-13;2903;1201;86168;26660;21.1;6.5
24;2021-04-14;2939;1196;89107;27856;21.8;6.8
24;2021-04-15;2792;1102;91899;28958;22.5;7.1
24;2021-04-16;3266;974;95165;29932;23.3;7.3
24;2021-04-17;2273;501;97438;30433;23.9;7.5
24;2021-04-18;424;6;97862;30439;24.0;7.5
24;2021-04-19;1599;1013;99461;31452;24.4;7.7
24;2021-04-20;2269;1432;101730;32884;24.9;8.1
24;2021-04-21;2146;1443;103876;34327;25.4;8.4
24;2021-04-22;2060;1257;105936;35584;25.9;8.7
24;2021-04-23;1958;1335;107894;36919;26.4;9.0
24;2021-04-24;863;724;108757;37643;26.6;9.2
24;2021-04-25;54;4;108811;37647;26.6;9.2
24;2021-04-26;1296;1477;110107;39124;27.0;9.6
24;2021-04-27;1852;1880;111959;41004;27.4;10.0
24;2021-04-28;1506;1954;113465;42958;27.8;10.5
24;2021-04-29;1730;1891;115195;44849;28.2;11.0
24;2021-04-30;2272;1774;117467;46623;28.8;11.4
24;2021-05-01;2059;1066;119526;47689;29.3;11.7
24;2021-05-02;1924;215;121450;47904;29.7;11.7
24;2021-05-03;1474;1833;122924;49737;30.1;12.2
24;2021-05-04;2227;2301;125151;52038;30.6;12.7
24;2021-05-05;1890;2721;127041;54759;31.1;13.4
24;2021-05-06;1889;2797;128930;57556;31.6;14.1
24;2021-05-07;2267;2789;131197;60345;32.1;14.8
24;2021-05-08;1285;1152;132482;61497;32.4;15.1
24;2021-05-09;1169;903;133651;62400;32.7;15.3
24;2021-05-10;1098;2629;134749;65029;33.0;15.9
24;2021-05-11;2039;2794;136788;67823;33.5;16.6
24;2021-05-12;1924;2256;138712;70079;34.0;17.2
24;2021-05-13;1465;1216;140177;71295;34.3;17.5
24;2021-05-14;2378;1332;142555;72627;34.9;17.8
24;2021-05-15;2047;817;144602;73444;35.4;18.0
24;2021-05-16;1171;347;145773;73791;35.7;18.1
24;2021-05-17;2242;1253;148015;75044;36.2;18.4
24;2021-05-18;2484;1819;150499;76863;36.9;18.8
24;2021-05-19;2284;1377;152783;78240;37.4;19.2
24;2021-05-20;2375;1576;155158;79816;38.0;19.5
24;2021-05-21;2433;1415;157591;81231;38.6;19.9
24;2021-05-22;1719;411;159310;81642;39.0;20.0
24;2021-05-23;952;72;160262;81714;39.2;20.0
24;2021-05-24;1516;334;161778;82048;39.6;20.1
24;2021-05-25;2298;1385;164076;83433;40.2;20.4
24;2021-05-26;2149;1320;166225;84753;40.7;20.8
24;2021-05-27;1748;2194;167973;86947;41.1;21.3
24;2021-05-28;2145;2005;170118;88952;41.7;21.8
24;2021-05-29;1154;2087;171272;91039;41.9;22.3
24;2021-05-30;1418;171;172690;91210;42.3;22.3
24;2021-05-31;1744;1365;174434;92575;42.7;22.7
24;2021-06-01;2583;1979;177017;94554;43.3;23.2
24;2021-06-02;2654;1786;179671;96340;44.0;23.6
24;2021-06-03;2290;1463;181961;97803;44.6;23.9
24;2021-06-04;2381;1900;184342;99703;45.1;24.4
24;2021-06-05;2007;1418;186349;101121;45.6;24.8
24;2021-06-06;767;223;187116;101344;45.8;24.8
24;2021-06-07;1432;1497;188548;102841;46.2;25.2
24;2021-06-08;1678;1905;190226;104746;46.6;25.6
24;2021-06-09;1323;1597;191549;106343;46.9;26.0
24;2021-06-10;1576;1911;193125;108254;47.3;26.5
24;2021-06-11;1335;2079;194460;110333;47.6;27.0
24;2021-06-12;1120;2545;195580;112878;47.9;27.6
24;2021-06-13;1238;921;196818;113799;48.2;27.9
24;2021-06-14;1165;1858;197983;115657;48.5;28.3
24;2021-06-15;1486;2991;199469;118648;48.8;29.1
24;2021-06-16;1670;2733;201139;121381;49.3;29.7
24;2021-06-17;1544;2177;202683;123558;49.6;30.3
24;2021-06-18;1400;2860;204083;126418;50.0;31.0
24;2021-06-19;1274;1522;205357;127940;50.3;31.3
24;2021-06-20;514;501;205871;128441;50.4;31.5
24;2021-06-21;932;1836;206803;130277;50.6;31.9
24;2021-06-22;1452;2592;208255;132869;51.0;32.5
24;2021-06-23;1427;2421;209682;135290;51.3;33.1
24;2021-06-24;1138;1916;210820;137206;51.6;33.6
24;2021-06-25;968;2818;211788;140024;51.9;34.3
24;2021-06-26;866;2106;212654;142130;52.1;34.8
24;2021-06-27;402;979;213056;143109;52.2;35.0
24;2021-06-28;818;2482;213874;145591;52.4;35.6
24;2021-06-29;939;2868;214813;148459;52.6;36.4
24;2021-06-30;1113;2459;215926;150918;52.9;37.0
24;2021-07-01;1132;2303;217058;153221;53.1;37.5
24;2021-07-02;1099;2743;218157;155964;53.4;38.2
24;2021-07-03;811;1904;218968;157868;53.6;38.7
24;2021-07-04;410;1014;219378;158882;53.7;38.9
24;2021-07-05;795;2316;220173;161198;53.9;39.5
24;2021-07-06;880;3354;221053;164552;54.1;40.3
24;2021-07-07;1084;3043;222137;167595;54.4;41.0
24;2021-07-08;1342;2122;223479;169717;54.7;41.6
24;2021-07-09;1178;3218;224657;172935;55.0;42.3
24;2021-07-10;480;1963;225137;174898;55.1;42.8
24;2021-07-11;587;1189;225724;176087;55.3;43.1
24;2021-07-12;907;2519;226631;178606;55.5;43.7
24;2021-07-13;1324;3215;227955;181821;55.8;44.5
24;2021-07-14;618;1188;228573;183009;56.0;44.8
24;2021-07-15;1697;2778;230270;185787;56.4;45.5
24;2021-07-16;2149;2598;232419;188385;56.9;46.1
24;2021-07-17;1529;2236;233948;190621;57.3;46.7
24;2021-07-18;709;887;234657;191508;57.5;46.9
24;2021-07-19;1578;2188;236235;193696;57.8;47.4
24;2021-07-20;2020;2441;238255;196137;58.3;48.0
24;2021-07-21;1875;2330;240130;198467;58.8;48.6
24;2021-07-22;2351;2441;242481;200908;59.4;49.2
24;2021-07-23;2304;2622;244785;203530;59.9;49.8
24;2021-07-24;1808;1546;246593;205076;60.4;50.2
24;2021-07-25;816;874;247409;205950;60.6;50.4
24;2021-07-26;1573;2015;248982;207965;61.0;50.9
24;2021-07-27;2853;2291;251835;210256;61.7;51.5
24;2021-07-28;2764;1936;254599;212192;62.3;52.0
24;2021-07-29;3067;2237;257666;214429;63.1;52.5
24;2021-07-30;2466;1920;260132;216349;63.7;53.0
24;2021-07-31;1651;1564;261783;217913;64.1;53.4
24;2021-08-01;1118;654;262901;218567;64.4;53.5
24;2021-08-02;1943;1618;264844;220185;64.9;53.9
24;2021-08-03;2889;1907;267733;222092;65.6;54.4
24;2021-08-04;3079;1627;270812;223719;66.3;54.8
24;2021-08-05;3048;1436;273860;225155;67.1;55.1
24;2021-08-06;2536;1536;276396;226691;67.7;55.5
24;2021-08-07;1789;1117;278185;227808;68.1;55.8
24;2021-08-08;1105;684;279290;228492;68.4;55.9
24;2021-08-09;1740;1386;281030;229878;68.8;56.3
24;2021-08-10;2266;1781;283296;231659;69.4;56.7
24;2021-08-11;2273;1693;285569;233352;69.9;57.1
24;2021-08-12;1911;1960;287480;235312;70.4;57.6
24;2021-08-13;1529;1625;289009;236937;70.8;58.0
24;2021-08-14;1164;1242;290173;238179;71.1;58.3
24;2021-08-15;740;582;290913;238761;71.2;58.5
24;2021-08-16;1117;1705;292030;240466;71.5;58.9
24;2021-08-17;1628;2106;293658;242572;71.9;59.4
24;2021-08-18;1558;1920;295216;244492;72.3;59.9
24;2021-08-19;1117;2634;296333;247126;72.6;60.5
24;2021-08-20;1095;2427;297428;249553;72.8;61.1
24;2021-08-21;873;1629;298301;251182;73.0;61.5
24;2021-08-22;349;1101;298650;252283;73.1;61.8
24;2021-08-23;664;2036;299314;254319;73.3;62.3
24;2021-08-24;811;2393;300125;256712;73.5;62.9
24;2021-08-25;808;2318;300933;259030;73.7;63.4
24;2021-08-26;741;2838;301674;261868;73.9;64.1
24;2021-08-27;799;2760;302473;264628;74.1;64.8
24;2021-08-28;516;1911;302989;266539;74.2;65.3
24;2021-08-29;170;1029;303159;267568;74.2;65.5
24;2021-08-30;368;1966;303527;269534;74.3;66.0
24;2021-08-31;587;2488;304114;272022;74.5;66.6
24;2021-09-01;617;2475;304731;274497;74.6;67.2
24;2021-09-02;463;1899;305194;276396;74.7;67.7
24;2021-09-03;537;2231;305731;278627;74.9;68.2
24;2021-09-04;348;1995;306079;280622;74.9;68.7
24;2021-09-05;239;969;306318;281591;75.0;69.0
24;2021-09-06;344;1622;306662;283213;75.1;69.3
24;2021-09-07;468;1889;307130;285102;75.2;69.8
25;2020-12-27;0;0;0;0;0.0;0.0
25;2020-12-28;1;0;1;0;0.0;0.0
25;2020-12-29;0;0;1;0;0.0;0.0
25;2020-12-30;0;0;1;0;0.0;0.0
25;2020-12-31;3;0;4;0;0.0;0.0
25;2021-01-01;0;0;4;0;0.0;0.0
25;2021-01-02;1;0;5;0;0.0;0.0
25;2021-01-03;0;0;5;0;0.0;0.0
25;2021-01-04;1;0;6;0;0.0;0.0
25;2021-01-05;1;0;7;0;0.0;0.0
25;2021-01-06;75;1;82;1;0.0;0.0
25;2021-01-07;236;1;318;2;0.1;0.0
25;2021-01-08;345;1;663;3;0.1;0.0
25;2021-01-09;102;0;765;3;0.1;0.0
25;2021-01-10;0;0;765;3;0.1;0.0
25;2021-01-11;502;5;1267;8;0.2;0.0
25;2021-01-12;683;2;1950;10;0.4;0.0
25;2021-01-13;627;9;2577;19;0.5;0.0
25;2021-01-14;898;16;3475;35;0.6;0.0
25;2021-01-15;786;9;4261;44;0.8;0.0
25;2021-01-16;206;1;4467;45;0.8;0.0
25;2021-01-17;112;0;4579;45;0.8;0.0
25;2021-01-18;1297;6;5876;51;1.1;0.0
25;2021-01-19;1412;5;7288;56;1.4;0.0
25;2021-01-20;1422;4;8710;60;1.6;0.0
25;2021-01-21;1841;3;10551;63;2.0;0.0
25;2021-01-22;1507;4;12058;67;2.2;0.0
25;2021-01-23;499;0;12557;67;2.3;0.0
25;2021-01-24;119;0;12676;67;2.3;0.0
25;2021-01-25;991;0;13667;67;2.5;0.0
25;2021-01-26;1487;41;15154;108;2.8;0.0
25;2021-01-27;1248;69;16402;177;3.0;0.0
25;2021-01-28;1090;74;17492;251;3.2;0.0
25;2021-01-29;906;228;18398;479;3.4;0.1
25;2021-01-30;293;83;18691;562;3.5;0.1
25;2021-01-31;2;0;18693;562;3.5;0.1
25;2021-02-01;612;205;19305;767;3.6;0.1
25;2021-02-02;674;394;19979;1161;3.7;0.2
25;2021-02-03;758;236;20737;1397;3.8;0.3
25;2021-02-04;715;426;21452;1823;4.0;0.3
25;2021-02-05;519;441;21971;2264;4.1;0.4
25;2021-02-06;197;145;22168;2409;4.1;0.4
25;2021-02-07;2;34;22170;2443;4.1;0.5
25;2021-02-08;612;485;22782;2928;4.2;0.5
25;2021-02-09;615;461;23397;3389;4.3;0.6
25;2021-02-10;817;430;24214;3819;4.5;0.7
25;2021-02-11;588;793;24802;4612;4.6;0.9
25;2021-02-12;413;492;25215;5104;4.7;0.9
25;2021-02-13;97;124;25312;5228;4.7;1.0
25;2021-02-14;0;0;25312;5228;4.7;1.0
25;2021-02-15;186;905;25498;6133;4.7;1.1
25;2021-02-16;214;1286;25712;7419;4.8;1.4
25;2021-02-17;108;1171;25820;8590;4.8;1.6
25;2021-02-18;147;1311;25967;9901;4.8;1.8
25;2021-02-19;102;1109;26069;11010;4.8;2.0
25;2021-02-20;27;427;26096;11437;4.8;2.1
25;2021-02-21;1;122;26097;11559;4.8;2.1
25;2021-02-22;83;964;26180;12523;4.9;2.3
25;2021-02-23;195;975;26375;13498;4.9;2.5
25;2021-02-24;104;879;26479;14377;4.9;2.7
25;2021-02-25;522;907;27001;15284;5.0;2.8
25;2021-02-26;607;890;27608;16174;5.1;3.0
25;2021-02-27;228;340;27836;16514;5.2;3.1
25;2021-02-28;5;1;27841;16515;5.2;3.1
25;2021-03-01;443;582;28284;17097;5.2;3.2
25;2021-03-02;654;794;28938;17891;5.4;3.3
25;2021-03-03;542;694;29480;18585;5.5;3.4
25;2021-03-04;1157;642;30637;19227;5.7;3.6
25;2021-03-05;1855;371;32492;19598;6.0;3.6
25;2021-03-06;1170;219;33662;19817;6.2;3.7
25;2021-03-07;9;7;33671;19824;6.2;3.7
25;2021-03-08;548;685;34219;20509;6.3;3.8
25;2021-03-09;1040;763;35259;21272;6.5;3.9
25;2021-03-10;1151;642;36410;21914;6.7;4.1
25;2021-03-11;1659;580;38069;22494;7.1;4.2
25;2021-03-12;1996;459;40065;22953;7.4;4.3
25;2021-03-13;1120;99;41185;23052;7.6;4.3
25;2021-03-14;35;0;41220;23052;7.6;4.3
25;2021-03-15;1126;140;42346;23192;7.8;4.3
25;2021-03-16;1286;121;43632;23313;8.1;4.3
25;2021-03-17;1414;137;45046;23450;8.4;4.3
25;2021-03-18;1529;85;46575;23535;8.6;4.4
25;2021-03-19;1595;127;48170;23662;8.9;4.4
25;2021-03-20;822;41;48992;23703;9.1;4.4
25;2021-03-21;24;0;49016;23703;9.1;4.4
25;2021-03-22;1485;87;50501;23790;9.4;4.4
25;2021-03-23;2162;143;52663;23933;9.8;4.4
25;2021-03-24;2419;95;55082;24028;10.2;4.5
25;2021-03-25;2838;195;57920;24223;10.7;4.5
25;2021-03-26;3160;180;61080;24403;11.3;4.5
25;2021-03-27;1111;89;62191;24492;11.5;4.5
25;2021-03-28;121;64;62312;24556;11.6;4.6
25;2021-03-29;1790;279;64102;24835;11.9;4.6
25;2021-03-30;2214;393;66316;25228;12.3;4.7
25;2021-03-31;2221;357;68537;25585;12.7;4.7
25;2021-04-01;2450;522;70987;26107;13.2;4.8
25;2021-04-02;2027;601;73014;26708;13.5;5.0
25;2021-04-03;447;110;73461;26818;13.6;5.0
25;2021-04-04;39;19;73500;26837;13.6;5.0
25;2021-04-05;145;4;73645;26841;13.7;5.0
25;2021-04-06;1937;686;75582;27527;14.0;5.1
25;2021-04-07;1878;850;77460;28377;14.4;5.3
25;2021-04-08;2435;825;79895;29202;14.8;5.4
25;2021-04-09;2597;998;82492;30200;15.3;5.6
25;2021-04-10;977;288;83469;30488;15.5;5.7
25;2021-04-11;105;28;83574;30516;15.5;5.7
25;2021-04-12;1558;967;85132;31483;15.8;5.8
25;2021-04-13;1989;1322;87121;32805;16.1;6.1
25;2021-04-14;1750;1218;88871;34023;16.5;6.3
25;2021-04-15;1998;1330;90869;35353;16.8;6.6
25;2021-04-16;2084;1004;92953;36357;17.2;6.7
25;2021-04-17;1105;415;94058;36772;17.4;6.8
25;2021-04-18;118;18;94176;36790;17.5;6.8
25;2021-04-19;1327;1242;95503;38032;17.7;7.1
25;2021-04-20;1615;1461;97118;39493;18.0;7.3
25;2021-04-21;1717;1630;98835;41123;18.3;7.6
25;2021-04-22;1858;1709;100693;42832;18.7;7.9
25;2021-04-23;1903;1768;102596;44600;19.0;8.3
25;2021-04-24;1280;702;103876;45302;19.3;8.4
25;2021-04-25;140;114;104016;45416;19.3;8.4
25;2021-04-26;1722;1685;105738;47101;19.6;8.7
25;2021-04-27;2804;1522;108542;48623;20.1;9.0
25;2021-04-28;2426;1555;110968;50178;20.6;9.3
25;2021-04-29;2649;1833;113617;52011;21.1;9.6
25;2021-04-30;3109;1572;116726;53583;21.6;9.9
25;2021-05-01;1789;334;118515;53917;22.0;10.0
25;2021-05-02;442;22;118957;53939;22.1;10.0
25;2021-05-03;2902;842;121859;54781;22.6;10.2
25;2021-05-04;2640;1885;124499;56666;23.1;10.5
25;2021-05-05;2598;1669;127097;58335;23.6;10.8
25;2021-05-06;2927;2166;130024;60501;24.1;11.2
25;2021-05-07;3063;2122;133087;62623;24.7;11.6
25;2021-05-08;1334;228;134421;62851;24.9;11.7
25;2021-05-09;244;87;134665;62938;25.0;11.7
25;2021-05-10;3130;1636;137795;64574;25.5;12.0
25;2021-05-11;3748;2040;141543;66614;26.2;12.3
25;2021-05-12;3688;1789;145231;68403;26.9;12.7
25;2021-05-13;3523;599;148754;69002;27.6;12.8
25;2021-05-14;4484;1307;153238;70309;28.4;13.0
25;2021-05-15;3282;711;156520;71020;29.0;13.2
25;2021-05-16;723;93;157243;71113;29.1;13.2
25;2021-05-17;4090;1095;161333;72208;29.9;13.4
25;2021-05-18;5205;1192;166538;73400;30.9;13.6
25;2021-05-19;5246;1132;171784;74532;31.8;13.8
25;2021-05-20;5134;1452;176918;75984;32.8;14.1
25;2021-05-21;5764;1981;182682;77965;33.9;14.5
25;2021-05-22;3177;722;185859;78687;34.5;14.6
25;2021-05-23;781;156;186640;78843;34.6;14.6
25;2021-05-24;1528;152;188168;78995;34.9;14.6
25;2021-05-25;3514;1646;191682;80641;35.5;14.9
25;2021-05-26;3976;1554;195658;82195;36.3;15.2
25;2021-05-27;4518;1901;200176;84096;37.1;15.6
25;2021-05-28;3994;2653;204170;86749;37.8;16.1
25;2021-05-29;2016;1021;206186;87770;38.2;16.3
25;2021-05-30;175;96;206361;87866;38.3;16.3
25;2021-05-31;2673;1709;209034;89575;38.7;16.6
25;2021-06-01;2729;2158;211763;91733;39.3;17.0
25;2021-06-02;2609;2251;214372;93984;39.7;17.4
25;2021-06-03;3274;2045;217646;96029;40.3;17.8
25;2021-06-04;3210;2408;220856;98437;40.9;18.2
25;2021-06-05;1492;1402;222348;99839;41.2;18.5
25;2021-06-06;987;259;223335;100098;41.4;18.6
25;2021-06-07;2782;2573;226117;102671;41.9;19.0
25;2021-06-08;2605;2760;228722;105431;42.4;19.5
25;2021-06-09;2382;2764;231104;108195;42.8;20.1
25;2021-06-10;2323;2655;233427;110850;43.3;20.5
25;2021-06-11;2709;3303;236136;114153;43.8;21.2
25;2021-06-12;1572;1861;237708;116014;44.1;21.5
25;2021-06-13;496;257;238204;116271;44.2;21.6
25;2021-06-14;1422;3755;239626;120026;44.4;22.2
25;2021-06-15;1643;3567;241269;123593;44.7;22.9
25;2021-06-16;1954;3273;243223;126866;45.1;23.5
25;2021-06-17;1474;3324;244697;130190;45.4;24.1
25;2021-06-18;2289;4296;246986;134486;45.8;24.9
25;2021-06-19;1351;1976;248337;136462;46.0;25.3
25;2021-06-20;59;239;248396;136701;46.0;25.3
25;2021-06-21;1139;4139;249535;140840;46.3;26.1
25;2021-06-22;1150;4675;250685;145515;46.5;27.0
25;2021-06-23;1405;4073;252090;149588;46.7;27.7
25;2021-06-24;1194;4085;253284;153673;47.0;28.5
25;2021-06-25;1641;5606;254925;159279;47.3;29.5
25;2021-06-26;626;3384;255551;162663;47.4;30.2
25;2021-06-27;451;878;256002;163541;47.5;30.3
25;2021-06-28;907;4475;256909;168016;47.6;31.1
25;2021-06-29;1132;5471;258041;173487;47.8;32.2
25;2021-06-30;1311;5369;259352;178856;48.1;33.2
25;2021-07-01;1709;5230;261061;184086;48.4;34.1
25;2021-07-02;1751;5061;262812;189147;48.7;35.1
25;2021-07-03;1041;2694;263853;191841;48.9;35.6
25;2021-07-04;409;722;264262;192563;49.0;35.7
25;2021-07-05;1300;2579;265562;195142;49.2;36.2
25;2021-07-06;1571;4747;267133;199889;49.5;37.1
25;2021-07-07;1600;4504;268733;204393;49.8;37.9
25;2021-07-08;1554;3933;270287;208326;50.1;38.6
25;2021-07-09;1799;4587;272086;212913;50.4;39.5
25;2021-07-10;781;2372;272867;215285;50.6;39.9
25;2021-07-11;127;307;272994;215592;50.6;40.0
25;2021-07-12;1405;3860;274399;219452;50.9;40.7
25;2021-07-13;2473;4770;276872;224222;51.3;41.6
25;2021-07-14;379;561;277251;224783;51.4;41.7
25;2021-07-15;2403;3654;279654;228437;51.8;42.3
25;2021-07-16;3486;3833;283140;232270;52.5;43.1
25;2021-07-17;2208;2037;285348;234307;52.9;43.4
25;2021-07-18;807;1300;286155;235607;53.0;43.7
25;2021-07-19;2545;4209;288700;239816;53.5;44.5
25;2021-07-20;3383;3712;292083;243528;54.1;45.1
25;2021-07-21;3301;3371;295384;246899;54.8;45.8
25;2021-07-22;3350;2987;298734;249886;55.4;46.3
25;2021-07-23;3567;3354;302301;253240;56.0;46.9
25;2021-07-24;1414;2271;303715;255511;56.3;47.4
25;2021-07-25;679;708;304394;256219;56.4;47.5
25;2021-07-26;3057;3013;307451;259232;57.0;48.1
25;2021-07-27;3835;2127;311286;261359;57.7;48.4
25;2021-07-28;3694;2118;314980;263477;58.4;48.8
25;2021-07-29;4320;2091;319300;265568;59.2;49.2
25;2021-07-30;4285;2487;323585;268055;60.0;49.7
25;2021-07-31;1820;1468;325405;269523;60.3;50.0
25;2021-08-01;1352;199;326757;269722;60.6;50.0
25;2021-08-02;2734;2212;329491;271934;61.1;50.4
25;2021-08-03;2836;2204;332327;274138;61.6;50.8
25;2021-08-04;2939;1429;335266;275567;62.1;51.1
25;2021-08-05;2198;1730;337464;277297;62.6;51.4
25;2021-08-06;2280;2348;339744;279645;63.0;51.8
25;2021-08-07;1292;1205;341036;280850;63.2;52.1
25;2021-08-08;326;477;341362;281327;63.3;52.2
25;2021-08-09;2025;2229;343387;283556;63.7;52.6
25;2021-08-10;1965;2518;345352;286074;64.0;53.0
25;2021-08-11;1831;2034;347183;288108;64.4;53.4
25;2021-08-12;2143;2498;349326;290606;64.8;53.9
25;2021-08-13;1701;2023;351027;292629;65.1;54.2
25;2021-08-14;964;1786;351991;294415;65.3;54.6
25;2021-08-15;9;45;352000;294460;65.3;54.6
25;2021-08-16;1254;3259;353254;297719;65.5;55.2
25;2021-08-17;1451;3286;354705;301005;65.8;55.8
25;2021-08-18;1229;2805;355934;303810;66.0;56.3
25;2021-08-19;985;2868;356919;306678;66.2;56.9
25;2021-08-20;1415;3693;358334;310371;66.4;57.5
25;2021-08-21;565;1781;358899;312152;66.5;57.9
25;2021-08-22;212;1271;359111;313423;66.6;58.1
25;2021-08-23;1100;3333;360211;316756;66.8;58.7
25;2021-08-24;1065;3230;361276;319986;67.0;59.3
25;2021-08-25;1016;3058;362292;323044;67.2;59.9
25;2021-08-26;1136;3002;363428;326046;67.4;60.4
25;2021-08-27;1197;3060;364625;329106;67.6;61.0
25;2021-08-28;590;1785;365215;330891;67.7;61.3
25;2021-08-29;158;510;365373;331401;67.7;61.4
25;2021-08-30;935;2821;366308;334222;67.9;62.0
25;2021-08-31;962;2416;367270;336638;68.1;62.4
25;2021-09-01;837;2571;368107;339209;68.2;62.9
25;2021-09-02;766;1943;368873;341152;68.4;63.2
25;2021-09-03;789;2213;369662;343365;68.5;63.7
25;2021-09-04;684;1547;370346;344912;68.7;63.9
25;2021-09-05;127;234;370473;345146;68.7;64.0
25;2021-09-06;618;1840;371091;346986;68.8;64.3
25;2021-09-07;484;1409;371575;348395;68.9;64.6
26;2020-12-27;0;0;0;0;0.0;0.0
26;2020-12-28;0;0;0;0;0.0;0.0
26;2020-12-29;0;0;0;0;0.0;0.0
26;2020-12-30;0;0;0;0;0.0;0.0
26;2020-12-31;0;0;0;0;0.0;0.0
26;2021-01-01;0;0;0;0;0.0;0.0
26;2021-01-02;0;0;0;0;0.0;0.0
26;2021-01-03;0;0;0;0;0.0;0.0
26;2021-01-04;0;0;0;0;0.0;0.0
26;2021-01-05;0;0;0;0;0.0;0.0
26;2021-01-06;0;0;0;0;0.0;0.0
26;2021-01-07;168;0;168;0;0.0;0.0
26;2021-01-08;125;0;293;0;0.1;0.0
26;2021-01-09;2;0;295;0;0.1;0.0
26;2021-01-10;0;0;295;0;0.1;0.0
26;2021-01-11;266;1;561;1;0.1;0.0
26;2021-01-12;176;1;737;2;0.1;0.0
26;2021-01-13;417;1;1154;3;0.2;0.0
26;2021-01-14;488;0;1642;3;0.3;0.0
26;2021-01-15;563;1;2205;4;0.4;0.0
26;2021-01-16;250;1;2455;5;0.5;0.0
26;2021-01-17;0;0;2455;5;0.5;0.0
26;2021-01-18;637;1;3092;6;0.6;0.0
26;2021-01-19;785;3;3877;9;0.7;0.0
26;2021-01-20;742;0;4619;9;0.9;0.0
26;2021-01-21;807;3;5426;12;1.0;0.0
26;2021-01-22;787;4;6213;16;1.2;0.0
26;2021-01-23;563;3;6776;19;1.3;0.0
26;2021-01-24;24;0;6800;19;1.3;0.0
26;2021-01-25;697;3;7497;22;1.4;0.0
26;2021-01-26;801;4;8298;26;1.6;0.0
26;2021-01-27;822;6;9120;32;1.8;0.0
26;2021-01-28;1329;150;10449;182;2.0;0.0
26;2021-01-29;970;64;11419;246;2.2;0.0
26;2021-01-30;606;5;12025;251;2.3;0.0
26;2021-01-31;24;0;12049;251;2.3;0.0
26;2021-02-01;709;181;12758;432;2.5;0.1
26;2021-02-02;1274;204;14032;636;2.7;0.1
26;2021-02-03;1252;250;15284;886;2.9;0.2
26;2021-02-04;986;418;16270;1304;3.1;0.3
26;2021-02-05;673;310;16943;1614;3.3;0.3
26;2021-02-06;407;196;17350;1810;3.3;0.3
26;2021-02-07;57;2;17407;1812;3.3;0.3
26;2021-02-08;545;386;17952;2198;3.4;0.4
26;2021-02-09;616;442;18568;2640;3.6;0.5
26;2021-02-10;665;312;19233;2952;3.7;0.6
26;2021-02-11;753;275;19986;3227;3.8;0.6
26;2021-02-12;590;411;20576;3638;4.0;0.7
26;2021-02-13;388;267;20964;3905;4.0;0.8
26;2021-02-14;36;0;21000;3905;4.0;0.8
26;2021-02-15;414;453;21414;4358;4.1;0.8
26;2021-02-16;294;490;21708;4848;4.2;0.9
26;2021-02-17;196;666;21904;5514;4.2;1.1
26;2021-02-18;337;823;22241;6337;4.3;1.2
26;2021-02-19;341;761;22582;7098;4.3;1.4
26;2021-02-20;95;426;22677;7524;4.4;1.4
26;2021-02-21;3;18;22680;7542;4.4;1.4
26;2021-02-22;144;618;22824;8160;4.4;1.6
26;2021-02-23;398;935;23222;9095;4.5;1.7
26;2021-02-24;344;1153;23566;10248;4.5;2.0
26;2021-02-25;740;991;24306;11239;4.7;2.2
26;2021-02-26;926;589;25232;11828;4.8;2.3
26;2021-02-27;278;470;25510;12298;4.9;2.4
26;2021-02-28;3;30;25513;12328;4.9;2.4
26;2021-03-01;458;614;25971;12942;5.0;2.5
26;2021-03-02;742;591;26713;13533;5.1;2.6
26;2021-03-03;730;649;27443;14182;5.3;2.7
26;2021-03-04;1045;553;28488;14735;5.5;2.8
26;2021-03-05;1710;506;30198;15241;5.8;2.9
26;2021-03-06;2773;469;32971;15710;6.3;3.0
26;2021-03-07;2989;219;35960;15929;6.9;3.1
26;2021-03-08;910;645;36870;16574;7.1;3.2
26;2021-03-09;1325;547;38195;17121;7.3;3.3
26;2021-03-10;1219;505;39414;17626;7.6;3.4
26;2021-03-11;1609;649;41023;18275;7.9;3.5
26;2021-03-12;2215;476;43238;18751;8.3;3.6
26;2021-03-13;1886;342;45124;19093;8.7;3.7
26;2021-03-14;69;39;45193;19132;8.7;3.7
26;2021-03-15;1652;249;46845;19381;9.0;3.7
26;2021-03-16;1232;516;48077;19897;9.2;3.8
26;2021-03-17;1369;303;49446;20200;9.5;3.9
26;2021-03-18;1587;279;51033;20479;9.8;3.9
26;2021-03-19;2444;348;53477;20827;10.3;4.0
26;2021-03-20;1289;150;54766;20977;10.5;4.0
26;2021-03-21;61;21;54827;20998;10.5;4.0
26;2021-03-22;1846;195;56673;21193;10.9;4.1
26;2021-03-23;2475;277;59148;21470;11.4;4.1
26;2021-03-24;2551;245;61699;21715;11.9;4.2
26;2021-03-25;3043;339;64742;22054;12.4;4.2
26;2021-03-26;3050;353;67792;22407;13.0;4.3
26;2021-03-27;1245;160;69037;22567;13.3;4.3
26;2021-03-28;94;7;69131;22574;13.3;4.3
26;2021-03-29;1908;407;71039;22981;13.6;4.4
26;2021-03-30;2383;550;73422;23531;14.1;4.5
26;2021-03-31;2229;582;75651;24113;14.5;4.6
26;2021-04-01;2278;781;77929;24894;15.0;4.8
26;2021-04-02;2214;988;80143;25882;15.4;5.0
26;2021-04-03;552;1200;80695;27082;15.5;5.2
26;2021-04-04;215;886;80910;27968;15.5;5.4
26;2021-04-05;556;53;81466;28021;15.6;5.4
26;2021-04-06;1486;832;82952;28853;15.9;5.5
26;2021-04-07;1792;896;84744;29749;16.3;5.7
26;2021-04-08;3007;934;87751;30683;16.9;5.9
26;2021-04-09;3416;1008;91167;31691;17.5;6.1
26;2021-04-10;1356;925;92523;32616;17.8;6.3
26;2021-04-11;88;35;92611;32651;17.8;6.3
26;2021-04-12;1714;1125;94325;33776;18.1;6.5
26;2021-04-13;2797;1453;97122;35229;18.7;6.8
26;2021-04-14;2207;1484;99329;36713;19.1;7.1
26;2021-04-15;2281;1588;101610;38301;19.5;7.4
26;2021-04-16;2271;1593;103881;39894;20.0;7.7
26;2021-04-17;1096;840;104977;40734;20.2;7.8
26;2021-04-18;35;52;105012;40786;20.2;7.8
26;2021-04-19;1548;1571;106560;42357;20.5;8.1
26;2021-04-20;1799;1727;108359;44084;20.8;8.5
26;2021-04-21;2012;1509;110371;45593;21.2;8.8
26;2021-04-22;2291;1600;112662;47193;21.6;9.1
26;2021-04-23;2011;1636;114673;48829;22.0;9.4
26;2021-04-24;1655;845;116328;49674;22.3;9.5
26;2021-04-25;629;95;116957;49769;22.5;9.6
26;2021-04-26;1377;1595;118334;51364;22.7;9.9
26;2021-04-27;1986;1685;120320;53049;23.1;10.2
26;2021-04-28;1867;1545;122187;54594;23.5;10.5
26;2021-04-29;2866;1895;125053;56489;24.0;10.9
26;2021-04-30;2627;1765;127680;58254;24.5;11.2
26;2021-05-01;1538;378;129218;58632;24.8;11.3
26;2021-05-02;1086;118;130304;58750;25.0;11.3
26;2021-05-03;2201;1788;132505;60538;25.5;11.6
26;2021-05-04;2614;2359;135119;62897;26.0;12.1
26;2021-05-05;2772;2200;137891;65097;26.5;12.5
26;2021-05-06;3321;2221;141212;67318;27.1;12.9
26;2021-05-07;2860;2255;144072;69573;27.7;13.4
26;2021-05-08;1960;621;146032;70194;28.1;13.5
26;2021-05-09;713;123;146745;70317;28.2;13.5
26;2021-05-10;3022;1827;149767;72144;28.8;13.9
26;2021-05-11;4445;2183;154212;74327;29.6;14.3
26;2021-05-12;4828;1695;159040;76022;30.6;14.6
26;2021-05-13;4363;616;163403;76638;31.4;14.7
26;2021-05-14;4642;1550;168045;78188;32.3;15.0
26;2021-05-15;4469;625;172514;78813;33.1;15.1
26;2021-05-16;3631;344;176145;79157;33.8;15.2
26;2021-05-17;3657;1486;179802;80643;34.5;15.5
26;2021-05-18;4476;1742;184278;82385;35.4;15.8
26;2021-05-19;4486;1453;188764;83838;36.3;16.1
26;2021-05-20;4685;1767;193449;85605;37.2;16.4
26;2021-05-21;4731;1802;198180;87407;38.1;16.8
26;2021-05-22;3189;690;201369;88097;38.7;16.9
26;2021-05-23;1598;183;202967;88280;39.0;17.0
26;2021-05-24;3791;743;206758;89023;39.7;17.1
26;2021-05-25;3593;2347;210351;91370;40.4;17.6
26;2021-05-26;4179;2272;214530;93642;41.2;18.0
26;2021-05-27;4215;2460;218745;96102;42.0;18.5
26;2021-05-28;3777;2767;222522;98869;42.7;19.0
26;2021-05-29;3088;1653;225610;100522;43.3;19.3
26;2021-05-30;322;71;225932;100593;43.4;19.3
26;2021-05-31;3081;1855;229013;102448;44.0;19.7
26;2021-06-01;3112;2307;232125;104755;44.6;20.1
26;2021-06-02;2871;2218;234996;106973;45.1;20.5
26;2021-06-03;2851;2493;237847;109466;45.7;21.0
26;2021-06-04;2660;2908;240507;112374;46.2;21.6
26;2021-06-05;1805;1694;242312;114068;46.5;21.9
26;2021-06-06;9;0;242321;114068;46.6;21.9
26;2021-06-07;2348;2429;244669;116497;47.0;22.4
26;2021-06-08;2453;2293;247122;118790;47.5;22.8
26;2021-06-09;2095;2389;249217;121179;47.9;23.3
26;2021-06-10;1981;2763;251198;123942;48.3;23.8
26;2021-06-11;1896;3274;253094;127216;48.6;24.4
26;2021-06-12;1219;1790;254313;129006;48.9;24.8
26;2021-06-13;97;214;254410;129220;48.9;24.8
26;2021-06-14;1416;3497;255826;132717;49.1;25.5
26;2021-06-15;1585;3964;257411;136681;49.4;26.3
26;2021-06-16;1785;3469;259196;140150;49.8;26.9
26;2021-06-17;1510;3167;260706;143317;50.1;27.5
26;2021-06-18;1796;4370;262502;147687;50.4;28.4
26;2021-06-19;933;3181;263435;150868;50.6;29.0
26;2021-06-20;264;876;263699;151744;50.7;29.2
26;2021-06-21;1005;4557;264704;156301;50.8;30.0
26;2021-06-22;1061;5120;265765;161421;51.1;31.0
26;2021-06-23;1167;5072;266932;166493;51.3;32.0
26;2021-06-24;1260;4544;268192;171037;51.5;32.9
26;2021-06-25;1014;5541;269206;176578;51.7;33.9
26;2021-06-26;662;3825;269868;180403;51.8;34.7
26;2021-06-27;300;1273;270168;181676;51.9;34.9
26;2021-06-28;778;4757;270946;186433;52.0;35.8
26;2021-06-29;1099;4962;272045;191395;52.3;36.8
26;2021-06-30;1412;4892;273457;196287;52.5;37.7
26;2021-07-01;1651;4392;275108;200679;52.8;38.6
26;2021-07-02;1334;5164;276442;205843;53.1;39.5
26;2021-07-03;771;3323;277213;209166;53.3;40.2
26;2021-07-04;332;633;277545;209799;53.3;40.3
26;2021-07-05;889;4677;278434;214476;53.5;41.2
26;2021-07-06;1266;4201;279700;218677;53.7;42.0
26;2021-07-07;1442;3797;281142;222474;54.0;42.7
26;2021-07-08;2388;3332;283530;225806;54.5;43.4
26;2021-07-09;1559;4790;285089;230596;54.8;44.3
26;2021-07-10;910;2914;285999;233510;54.9;44.9
26;2021-07-11;333;348;286332;233858;55.0;44.9
26;2021-07-12;1113;4219;287445;238077;55.2;45.7
26;2021-07-13;2303;4342;289748;242419;55.7;46.6
26;2021-07-14;1060;813;290808;243232;55.9;46.7
26;2021-07-15;3169;3655;293977;246887;56.5;47.4
26;2021-07-16;3004;3690;296981;250577;57.1;48.1
26;2021-07-17;1877;1814;298858;252391;57.4;48.5
26;2021-07-18;20;24;298878;252415;57.4;48.5
26;2021-07-19;2727;3266;301605;255681;57.9;49.1
26;2021-07-20;3706;3370;305311;259051;58.7;49.8
26;2021-07-21;3589;3085;308900;262136;59.3;50.4
26;2021-07-22;4122;2969;313022;265105;60.1;50.9
26;2021-07-23;3861;3401;316883;268506;60.9;51.6
26;2021-07-24;2344;1363;319227;269869;61.3;51.8
26;2021-07-25;608;96;319835;269965;61.4;51.9
26;2021-07-26;3428;2581;323263;272546;62.1;52.4
26;2021-07-27;4843;2620;328106;275166;63.0;52.9
26;2021-07-28;4537;2390;332643;277556;63.9;53.3
26;2021-07-29;3904;2895;336547;280451;64.7;53.9
26;2021-07-30;3487;2672;340034;283123;65.3;54.4
26;2021-07-31;1144;1009;341178;284132;65.5;54.6
26;2021-08-01;417;108;341595;284240;65.6;54.6
26;2021-08-02;2943;2363;344538;286603;66.2;55.1
26;2021-08-03;3297;2294;347835;288897;66.8;55.5
26;2021-08-04;3993;2015;351828;290912;67.6;55.9
26;2021-08-05;3145;2201;354973;293113;68.2;56.3
26;2021-08-06;3137;2638;358110;295751;68.8;56.8
26;2021-08-07;640;844;358750;296595;68.9;57.0
26;2021-08-08;28;13;358778;296608;68.9;57.0
26;2021-08-09;2190;3061;360968;299669;69.3;57.6
26;2021-08-10;2339;3045;363307;302714;69.8;58.2
26;2021-08-11;2077;2719;365384;305433;70.2;58.7
26;2021-08-12;1772;2587;367156;308020;70.5;59.2
26;2021-08-13;1728;2424;368884;310444;70.9;59.6
26;2021-08-14;272;872;369156;311316;70.9;59.8
26;2021-08-15;6;8;369162;311324;70.9;59.8
26;2021-08-16;1181;3290;370343;314614;71.1;60.4
26;2021-08-17;1512;3152;371855;317766;71.4;61.0
26;2021-08-18;1624;3378;373479;321144;71.7;61.7
26;2021-08-19;1553;3070;375032;324214;72.0;62.3
26;2021-08-20;1422;2978;376454;327192;72.3;62.9
26;2021-08-21;592;1089;377046;328281;72.4;63.1
26;2021-08-22;59;379;377105;328660;72.4;63.1
26;2021-08-23;1590;3617;378695;332277;72.7;63.8
26;2021-08-24;1727;3589;380422;335866;73.1;64.5
26;2021-08-25;1603;3660;382025;339526;73.4;65.2
26;2021-08-26;1484;3154;383509;342680;73.7;65.8
26;2021-08-27;1557;3606;385066;346286;74.0;66.5
26;2021-08-28;395;1101;385461;347387;74.0;66.7
26;2021-08-29;10;25;385471;347412;74.0;66.7
26;2021-08-30;1460;3438;386931;350850;74.3;67.4
26;2021-08-31;1280;3426;388211;354276;74.6;68.1
26;2021-09-01;1365;2812;389576;357088;74.8;68.6
26;2021-09-02;1111;2147;390687;359235;75.1;69.0
26;2021-09-03;1103;2752;391790;361987;75.3;69.5
26;2021-09-04;427;738;392217;362725;75.3;69.7
26;2021-09-05;24;24;392241;362749;75.3;69.7
26;2021-09-06;720;1771;392961;364520;75.5;70.0
26;2021-09-07;750;1689;393711;366209;75.6;70.3
27;2020-12-27;1;0;1;0;0.0;0.0
27;2020-12-28;1;0;2;0;0.0;0.0
27;2020-12-29;2;0;4;0;0.0;0.0
27;2020-12-30;0;0;4;0;0.0;0.0
27;2020-12-31;0;0;4;0;0.0;0.0
27;2021-01-01;0;0;4;0;0.0;0.0
27;2021-01-02;0;0;4;0;0.0;0.0
27;2021-01-03;2;0;6;0;0.0;0.0
27;2021-01-04;0;0;6;0;0.0;0.0
27;2021-01-05;15;0;21;0;0.0;0.0
27;2021-01-06;161;0;182;0;0.0;0.0
27;2021-01-07;372;1;554;1;0.1;0.0
27;2021-01-08;443;0;997;1;0.2;0.0
27;2021-01-09;72;1;1069;2;0.2;0.0
27;2021-01-10;100;0;1169;2;0.2;0.0
27;2021-01-11;383;0;1552;2;0.3;0.0
27;2021-01-12;409;2;1961;4;0.3;0.0
27;2021-01-13;840;1;2801;5;0.5;0.0
27;2021-01-14;1630;26;4431;31;0.7;0.0
27;2021-01-15;1222;4;5653;35;0.9;0.0
27;2021-01-16;333;1;5986;36;1.0;0.0
27;2021-01-17;205;0;6191;36;1.0;0.0
27;2021-01-18;799;2;6990;38;1.2;0.0
27;2021-01-19;773;3;7763;41;1.3;0.0
27;2021-01-20;871;1;8634;42;1.4;0.0
27;2021-01-21;655;4;9289;46;1.5;0.0
27;2021-01-22;779;4;10068;50;1.7;0.0
27;2021-01-23;350;0;10418;50;1.7;0.0
27;2021-01-24;169;4;10587;54;1.8;0.0
27;2021-01-25;635;14;11222;68;1.9;0.0
27;2021-01-26;462;16;11684;84;1.9;0.0
27;2021-01-27;506;100;12190;184;2.0;0.0
27;2021-01-28;517;274;12707;458;2.1;0.1
27;2021-01-29;509;102;13216;560;2.2;0.1
27;2021-01-30;242;24;13458;584;2.2;0.1
27;2021-01-31;27;20;13485;604;2.2;0.1
27;2021-02-01;348;184;13833;788;2.3;0.1
27;2021-02-02;307;273;14140;1061;2.4;0.2
27;2021-02-03;487;385;14627;1446;2.4;0.2
27;2021-02-04;716;864;15343;2310;2.6;0.4
27;2021-02-05;663;1110;16006;3420;2.7;0.6
27;2021-02-06;126;207;16132;3627;2.7;0.6
27;2021-02-07;25;37;16157;3664;2.7;0.6
27;2021-02-08;312;335;16469;3999;2.7;0.7
27;2021-02-09;341;511;16810;4510;2.8;0.8
27;2021-02-10;303;475;17113;4985;2.8;0.8
27;2021-02-11;318;394;17431;5379;2.9;0.9
27;2021-02-12;230;475;17661;5854;2.9;1.0
27;2021-02-13;151;116;17812;5970;3.0;1.0
27;2021-02-14;6;72;17818;6042;3.0;1.0
27;2021-02-15;390;506;18208;6548;3.0;1.1
27;2021-02-16;295;613;18503;7161;3.1;1.2
27;2021-02-17;247;536;18750;7697;3.1;1.3
27;2021-02-18;363;573;19113;8270;3.2;1.4
27;2021-02-19;218;587;19331;8857;3.2;1.5
27;2021-02-20;129;225;19460;9082;3.2;1.5
27;2021-02-21;12;112;19472;9194;3.2;1.5
27;2021-02-22;482;507;19954;9701;3.3;1.6
27;2021-02-23;495;568;20449;10269;3.4;1.7
27;2021-02-24;543;591;20992;10860;3.5;1.8
27;2021-02-25;847;694;21839;11554;3.6;1.9
27;2021-02-26;953;635;22792;12189;3.8;2.0
27;2021-02-27;408;143;23200;12332;3.9;2.1
27;2021-02-28;173;26;23373;12358;3.9;2.1
27;2021-03-01;487;408;23860;12766;4.0;2.1
27;2021-03-02;765;332;24625;13098;4.1;2.2
27;2021-03-03;852;328;25477;13426;4.2;2.2
27;2021-03-04;887;223;26364;13649;4.4;2.3
27;2021-03-05;1304;223;27668;13872;4.6;2.3
27;2021-03-06;1637;104;29305;13976;4.9;2.3
27;2021-03-07;620;16;29925;13992;5.0;2.3
27;2021-03-08;1204;299;31129;14291;5.2;2.4
27;2021-03-09;1827;258;32956;14549;5.5;2.4
27;2021-03-10;2116;332;35072;14881;5.8;2.5
27;2021-03-11;2156;217;37228;15098;6.2;2.5
27;2021-03-12;2818;198;40046;15296;6.7;2.5
27;2021-03-13;1919;124;41965;15420;7.0;2.6
27;2021-03-14;655;15;42620;15435;7.1;2.6
27;2021-03-15;1556;215;44176;15650;7.4;2.6
27;2021-03-16;1489;239;45665;15889;7.6;2.6
27;2021-03-17;1854;342;47519;16231;7.9;2.7
27;2021-03-18;1688;346;49207;16577;8.2;2.8
27;2021-03-19;1833;170;51040;16747;8.5;2.8
27;2021-03-20;904;41;51944;16788;8.6;2.8
27;2021-03-21;258;3;52202;16791;8.7;2.8
27;2021-03-22;1233;540;53435;17331;8.9;2.9
27;2021-03-23;1627;456;55062;17787;9.2;3.0
27;2021-03-24;1523;470;56585;18257;9.4;3.0
27;2021-03-25;2162;510;58747;18767;9.8;3.1
27;2021-03-26;2531;435;61278;19202;10.2;3.2
27;2021-03-27;1568;200;62846;19402;10.5;3.2
27;2021-03-28;1149;49;63995;19451;10.7;3.2
27;2021-03-29;1376;824;65371;20275;10.9;3.4
27;2021-03-30;1391;843;66762;21118;11.1;3.5
27;2021-03-31;1487;876;68249;21994;11.4;3.7
27;2021-04-01;1956;811;70205;22805;11.7;3.8
27;2021-04-02;2000;1182;72205;23987;12.0;4.0
27;2021-04-03;1563;731;73768;24718;12.3;4.1
27;2021-04-04;978;175;74746;24893;12.4;4.1
27;2021-04-05;283;6;75029;24899;12.5;4.1
27;2021-04-06;1416;1802;76445;26701;12.7;4.4
27;2021-04-07;1323;1743;77768;28444;12.9;4.7
27;2021-04-08;1683;1680;79451;30124;13.2;5.0
27;2021-04-09;2948;1561;82399;31685;13.7;5.3
27;2021-04-10;2033;986;84432;32671;14.1;5.4
27;2021-04-11;946;211;85378;32882;14.2;5.5
27;2021-04-12;2435;1508;87813;34390;14.6;5.7
27;2021-04-13;2393;1548;90206;35938;15.0;6.0
27;2021-04-14;2085;1627;92291;37565;15.4;6.3
27;2021-04-15;1874;1660;94165;39225;15.7;6.5
27;2021-04-16;2753;1111;96918;40336;16.1;6.7
27;2021-04-17;2170;498;99088;40834;16.5;6.8
27;2021-04-18;453;16;99541;40850;16.6;6.8
27;2021-04-19;1713;1175;101254;42025;16.9;7.0
27;2021-04-20;2386;1304;103640;43329;17.3;7.2
27;2021-04-21;2210;1082;105850;44411;17.6;7.4
27;2021-04-22;2179;1419;108029;45830;18.0;7.6
27;2021-04-23;2447;1181;110476;47011;18.4;7.8
27;2021-04-24;3258;1145;113734;48156;18.9;8.0
27;2021-04-25;1130;1052;114864;49208;19.1;8.2
27;2021-04-26;1924;1147;116788;50355;19.4;8.4
27;2021-04-27;2529;1088;119317;51443;19.9;8.6
27;2021-04-28;2394;1314;121711;52757;20.3;8.8
27;2021-04-29;2491;1471;124202;54228;20.7;9.0
27;2021-04-30;2371;1613;126573;55841;21.1;9.3
27;2021-05-01;2638;889;129211;56730;21.5;9.4
27;2021-05-02;1953;898;131164;57628;21.8;9.6
27;2021-05-03;3064;874;134228;58502;22.3;9.7
27;2021-05-04;2781;1648;137009;60150;22.8;10.0
27;2021-05-05;2817;1648;139826;61798;23.3;10.3
27;2021-05-06;3184;1290;143010;63088;23.8;10.5
27;2021-05-07;3322;1994;146332;65082;24.4;10.8
27;2021-05-08;2804;1329;149136;66411;24.8;11.1
27;2021-05-09;1697;296;150833;66707;25.1;11.1
27;2021-05-10;2950;2272;153783;68979;25.6;11.5
27;2021-05-11;3358;1756;157141;70735;26.2;11.8
27;2021-05-12;3463;1728;160604;72463;26.7;12.1
27;2021-05-13;1892;254;162496;72717;27.1;12.1
27;2021-05-14;3884;1789;166380;74506;27.7;12.4
27;2021-05-15;6602;953;172982;75459;28.8;12.6
27;2021-05-16;3668;436;176650;75895;29.4;12.6
27;2021-05-17;2776;1161;179426;77056;29.9;12.8
27;2021-05-18;3845;1294;183271;78350;30.5;13.0
27;2021-05-19;3967;1154;187238;79504;31.2;13.2
27;2021-05-20;3874;1169;191112;80673;31.8;13.4
27;2021-05-21;3968;1793;195080;82466;32.5;13.7
27;2021-05-22;4369;802;199449;83268;33.2;13.9
27;2021-05-23;799;173;200248;83441;33.3;13.9
27;2021-05-24;1490;342;201738;83783;33.6;13.9
27;2021-05-25;3512;1607;205250;85390;34.2;14.2
27;2021-05-26;3857;1741;209107;87131;34.8;14.5
27;2021-05-27;3789;1485;212896;88616;35.4;14.8
27;2021-05-28;3399;2622;216295;91238;36.0;15.2
27;2021-05-29;4823;2301;221118;93539;36.8;15.6
27;2021-05-30;1118;248;222236;93787;37.0;15.6
27;2021-05-31;3467;2273;225703;96060;37.6;16.0
27;2021-06-01;3816;2244;229519;98304;38.2;16.4
27;2021-06-02;3341;2184;232860;100488;38.8;16.7
27;2021-06-03;4430;2120;237290;102608;39.5;17.1
27;2021-06-04;3603;2968;240893;105576;40.1;17.6
27;2021-06-05;3208;3351;244101;108927;40.6;18.1
27;2021-06-06;2005;1007;246106;109934;41.0;18.3
27;2021-06-07;2570;2358;248676;112292;41.4;18.7
27;2021-06-08;3127;2378;251803;114670;41.9;19.1
27;2021-06-09;2304;2471;254107;117141;42.3;19.5
27;2021-06-10;2431;2039;256538;119180;42.7;19.8
27;2021-06-11;2890;3771;259428;122951;43.2;20.5
27;2021-06-12;1982;4192;261410;127143;43.5;21.2
27;2021-06-13;1084;2686;262494;129829;43.7;21.6
27;2021-06-14;1995;3109;264489;132938;44.0;22.1
27;2021-06-15;2688;3020;267177;135958;44.5;22.6
27;2021-06-16;2502;3258;269679;139216;44.9;23.2
27;2021-06-17;2296;3288;271975;142504;45.3;23.7
27;2021-06-18;2746;4418;274721;146922;45.7;24.5
27;2021-06-19;1863;3393;276584;150315;46.0;25.0
27;2021-06-20;607;711;277191;151026;46.1;25.1
27;2021-06-21;1703;3493;278894;154519;46.4;25.7
27;2021-06-22;2385;3717;281279;158236;46.8;26.3
27;2021-06-23;2075;3570;283354;161806;47.2;26.9
27;2021-06-24;2256;3412;285610;165218;47.5;27.5
27;2021-06-25;1936;4457;287546;169675;47.9;28.2
27;2021-06-26;884;5353;288430;175028;48.0;29.1
27;2021-06-27;377;1428;288807;176456;48.1;29.4
27;2021-06-28;1128;3403;289935;179859;48.3;29.9
27;2021-06-29;1702;4367;291637;184226;48.6;30.7
27;2021-06-30;2117;4095;293754;188321;48.9;31.4
27;2021-07-01;2225;3909;295979;192230;49.3;32.0
27;2021-07-02;1590;4618;297569;196848;49.5;32.8
27;2021-07-03;1308;4774;298877;201622;49.8;33.6
27;2021-07-04;504;1405;299381;203027;49.8;33.8
27;2021-07-05;1419;3529;300800;206556;50.1;34.4
27;2021-07-06;1369;4181;302169;210737;50.3;35.1
27;2021-07-07;1759;4902;303928;215639;50.6;35.9
27;2021-07-08;2089;4349;306017;219988;50.9;36.6
27;2021-07-09;1985;5289;308002;225277;51.3;37.5
27;2021-07-10;1167;4178;309169;229455;51.5;38.2
27;2021-07-11;426;1139;309595;230594;51.5;38.4
27;2021-07-12;1254;4374;310849;234968;51.7;39.1
27;2021-07-13;2760;5353;313609;240321;52.2;40.0
27;2021-07-14;1519;1752;315128;242073;52.5;40.3
27;2021-07-15;3035;5468;318163;247541;53.0;41.2
27;2021-07-16;3821;5285;321984;252826;53.6;42.1
27;2021-07-17;2734;3878;324718;256704;54.1;42.7
27;2021-07-18;552;1265;325270;257969;54.1;42.9
27;2021-07-19;3688;3787;328958;261756;54.8;43.6
27;2021-07-20;3460;3589;332418;265345;55.3;44.2
27;2021-07-21;4254;3901;336672;269246;56.0;44.8
27;2021-07-22;4752;3710;341424;272956;56.8;45.4
27;2021-07-23;3592;3395;345016;276351;57.4;46.0
27;2021-07-24;3115;2325;348131;278676;58.0;46.4
27;2021-07-25;493;545;348624;279221;58.0;46.5
27;2021-07-26;3071;3177;351695;282398;58.5;47.0
27;2021-07-27;3598;3102;355293;285500;59.1;47.5
27;2021-07-28;3592;3243;358885;288743;59.7;48.1
27;2021-07-29;4589;3510;363474;292253;60.5;48.7
27;2021-07-30;3815;3141;367289;295394;61.1;49.2
27;2021-07-31;3066;2580;370355;297974;61.7;49.6
27;2021-08-01;538;498;370893;298472;61.7;49.7
27;2021-08-02;3319;2583;374212;301055;62.3;50.1
27;2021-08-03;3430;2771;377642;303826;62.9;50.6
27;2021-08-04;3038;2332;380680;306158;63.4;51.0
27;2021-08-05;2679;2357;383359;308515;63.8;51.4
27;2021-08-06;3269;3246;386628;311761;64.4;51.9
27;2021-08-07;1800;2556;388428;314317;64.7;52.3
27;2021-08-08;219;197;388647;314514;64.7;52.4
27;2021-08-09;2209;2810;390856;317324;65.1;52.8
27;2021-08-10;2812;3508;393668;320832;65.5;53.4
27;2021-08-11;2629;3101;396297;323933;66.0;53.9
27;2021-08-12;2352;3908;398649;327841;66.4;54.6
27;2021-08-13;1740;2568;400389;330409;66.7;55.0
27;2021-08-14;1161;2892;401550;333301;66.8;55.5
27;2021-08-15;17;22;401567;333323;66.9;55.5
27;2021-08-16;1809;3811;403376;337134;67.2;56.1
27;2021-08-17;2039;3438;405415;340572;67.5;56.7
27;2021-08-18;1451;2982;406866;343554;67.7;57.2
27;2021-08-19;1705;3357;408571;346911;68.0;57.8
27;2021-08-20;1628;3440;410199;350351;68.3;58.3
27;2021-08-21;981;2846;411180;353197;68.5;58.8
27;2021-08-22;184;157;411364;353354;68.5;58.8
27;2021-08-23;1076;4006;412440;357360;68.7;59.5
27;2021-08-24;1433;3969;413873;361329;68.9;60.2
27;2021-08-25;1715;3412;415588;364741;69.2;60.7
27;2021-08-26;1146;2922;416734;367663;69.4;61.2
27;2021-08-27;1263;3217;417997;370880;69.6;61.7
27;2021-08-28;907;2865;418904;373745;69.7;62.2
27;2021-08-29;86;136;418990;373881;69.8;62.2
27;2021-08-30;906;3312;419896;377193;69.9;62.8
27;2021-08-31;1218;3204;421114;380397;70.1;63.3
27;2021-09-01;993;3162;422107;383559;70.3;63.9
27;2021-09-02;871;2489;422978;386048;70.4;64.3
27;2021-09-03;848;2448;423826;388496;70.6;64.7
27;2021-09-04;720;2086;424546;390582;70.7;65.0
27;2021-09-05;36;162;424582;390744;70.7;65.0
27;2021-09-06;533;1803;425115;392547;70.8;65.3
27;2021-09-07;688;2357;425803;394904;70.9;65.7
28;2020-12-27;0;0;0;0;0.0;0.0
28;2020-12-28;0;0;0;0;0.0;0.0
28;2020-12-29;0;0;0;0;0.0;0.0
28;2020-12-30;0;0;0;0;0.0;0.0
28;2020-12-31;0;0;0;0;0.0;0.0
28;2021-01-01;1;0;1;0;0.0;0.0
28;2021-01-02;0;0;1;0;0.0;0.0
28;2021-01-03;0;0;1;0;0.0;0.0
28;2021-01-04;0;0;1;0;0.0;0.0
28;2021-01-05;5;0;6;0;0.0;0.0
28;2021-01-06;84;0;90;0;0.0;0.0
28;2021-01-07;102;0;192;0;0.0;0.0
28;2021-01-08;134;2;326;2;0.1;0.0
28;2021-01-09;78;0;404;2;0.1;0.0
28;2021-01-10;1;0;405;2;0.1;0.0
28;2021-01-11;205;0;610;2;0.1;0.0
28;2021-01-12;265;1;875;3;0.2;0.0
28;2021-01-13;397;3;1272;6;0.3;0.0
28;2021-01-14;449;5;1721;11;0.4;0.0
28;2021-01-15;374;3;2095;14;0.5;0.0
28;2021-01-16;206;2;2301;16;0.5;0.0
28;2021-01-17;21;0;2322;16;0.5;0.0
28;2021-01-18;372;2;2694;18;0.6;0.0
28;2021-01-19;503;4;3197;22;0.7;0.0
28;2021-01-20;637;1;3834;23;0.9;0.0
28;2021-01-21;797;3;4631;26;1.1;0.0
28;2021-01-22;478;1;5109;27;1.2;0.0
28;2021-01-23;354;0;5463;27;1.3;0.0
28;2021-01-24;1;0;5464;27;1.3;0.0
28;2021-01-25;456;4;5920;31;1.4;0.0
28;2021-01-26;719;4;6639;35;1.5;0.0
28;2021-01-27;1213;50;7852;85;1.8;0.0
28;2021-01-28;1587;93;9439;178;2.2;0.0
28;2021-01-29;896;90;10335;268;2.4;0.1
28;2021-01-30;248;50;10583;318;2.5;0.1
28;2021-01-31;2;22;10585;340;2.5;0.1
28;2021-02-01;325;116;10910;456;2.5;0.1
28;2021-02-02;370;232;11280;688;2.6;0.2
28;2021-02-03;473;249;11753;937;2.7;0.2
28;2021-02-04;525;267;12278;1204;2.9;0.3
28;2021-02-05;436;213;12714;1417;3.0;0.3
28;2021-02-06;200;128;12914;1545;3.0;0.4
28;2021-02-07;0;0;12914;1545;3.0;0.4
28;2021-02-08;331;219;13245;1764;3.1;0.4
28;2021-02-09;281;292;13526;2056;3.1;0.5
28;2021-02-10;443;355;13969;2411;3.3;0.6
28;2021-02-11;562;449;14531;2860;3.4;0.7
28;2021-02-12;453;368;14984;3228;3.5;0.8
28;2021-02-13;181;165;15165;3393;3.5;0.8
28;2021-02-14;0;2;15165;3395;3.5;0.8
28;2021-02-15;280;404;15445;3799;3.6;0.9
28;2021-02-16;394;660;15839;4459;3.7;1.0
28;2021-02-17;585;1090;16424;5549;3.8;1.3
28;2021-02-18;666;1351;17090;6900;4.0;1.6
28;2021-02-19;548;724;17638;7624;4.1;1.8
28;2021-02-20;114;129;17752;7753;4.1;1.8
28;2021-02-21;7;32;17759;7785;4.1;1.8
28;2021-02-22;223;466;17982;8251;4.2;1.9
28;2021-02-23;203;343;18185;8594;4.2;2.0
28;2021-02-24;244;418;18429;9012;4.3;2.1
28;2021-02-25;574;393;19003;9405;4.4;2.2
28;2021-02-26;764;348;19767;9753;4.6;2.3
28;2021-02-27;265;77;20032;9830;4.7;2.3
28;2021-02-28;23;17;20055;9847;4.7;2.3
28;2021-03-01;292;200;20347;10047;4.7;2.3
28;2021-03-02;397;262;20744;10309;4.8;2.4
28;2021-03-03;369;378;21113;10687;4.9;2.5
28;2021-03-04;720;458;21833;11145;5.1;2.6
28;2021-03-05;1319;392;23152;11537;5.4;2.7
28;2021-03-06;1998;85;25150;11622;5.9;2.7
28;2021-03-07;974;30;26124;11652;6.1;2.7
28;2021-03-08;398;290;26522;11942;6.2;2.8
28;2021-03-09;981;359;27503;12301;6.4;2.9
28;2021-03-10;1357;534;28860;12835;6.7;3.0
28;2021-03-11;1536;691;30396;13526;7.1;3.1
28;2021-03-12;2258;632;32654;14158;7.6;3.3
28;2021-03-13;1235;133;33889;14291;7.9;3.3
28;2021-03-14;518;17;34407;14308;8.0;3.3
28;2021-03-15;755;232;35162;14540;8.2;3.4
28;2021-03-16;716;222;35878;14762;8.4;3.4
28;2021-03-17;746;288;36624;15050;8.5;3.5
28;2021-03-18;1203;275;37827;15325;8.8;3.6
28;2021-03-19;1556;329;39383;15654;9.2;3.6
28;2021-03-20;639;21;40022;15675;9.3;3.7
28;2021-03-21;29;8;40051;15683;9.3;3.7
28;2021-03-22;767;319;40818;16002;9.5;3.7
28;2021-03-23;1027;191;41845;16193;9.7;3.8
28;2021-03-24;1312;276;43157;16469;10.0;3.8
28;2021-03-25;1797;286;44954;16755;10.5;3.9
28;2021-03-26;2084;345;47038;17100;11.0;4.0
28;2021-03-27;402;38;47440;17138;11.0;4.0
28;2021-03-28;12;0;47452;17138;11.1;4.0
28;2021-03-29;1140;357;48592;17495;11.3;4.1
28;2021-03-30;1711;251;50303;17746;11.7;4.1
28;2021-03-31;2018;481;52321;18227;12.2;4.2
28;2021-04-01;1796;588;54117;18815;12.6;4.4
28;2021-04-02;1585;1317;55702;20132;13.0;4.7
28;2021-04-03;607;1071;56309;21203;13.1;4.9
28;2021-04-04;33;300;56342;21503;13.1;5.0
28;2021-04-05;40;3;56382;21506;13.1;5.0
28;2021-04-06;1225;461;57607;21967;13.4;5.1
28;2021-04-07;1890;1005;59497;22972;13.9;5.3
28;2021-04-08;2086;1071;61583;24043;14.3;5.6
28;2021-04-09;3235;919;64818;24962;15.1;5.8
28;2021-04-10;1581;199;66399;25161;15.5;5.9
28;2021-04-11;141;451;66540;25612;15.5;6.0
28;2021-04-12;1674;560;68214;26172;15.9;6.1
28;2021-04-13;1875;673;70089;26845;16.3;6.3
28;2021-04-14;2771;902;72860;27747;17.0;6.5
28;2021-04-15;2556;1147;75416;28894;17.6;6.7
28;2021-04-16;2553;805;77969;29699;18.2;6.9
28;2021-04-17;2309;133;80278;29832;18.7;6.9
28;2021-04-18;45;8;80323;29840;18.7;6.9
28;2021-04-19;1577;650;81900;30490;19.1;7.1
28;2021-04-20;1841;598;83741;31088;19.5;7.2
28;2021-04-21;2679;963;86420;32051;20.1;7.5
28;2021-04-22;1783;1216;88203;33267;20.5;7.7
28;2021-04-23;2325;1103;90528;34370;21.1;8.0
28;2021-04-24;3657;140;94185;34510;21.9;8.0
28;2021-04-25;1012;38;95197;34548;22.2;8.0
28;2021-04-26;1331;927;96528;35475;22.5;8.3
28;2021-04-27;1436;1276;97964;36751;22.8;8.6
28;2021-04-28;2374;1832;100338;38583;23.4;9.0
28;2021-04-29;2130;1506;102468;40089;23.9;9.3
28;2021-04-30;2974;1226;105442;41315;24.6;9.6
28;2021-05-01;127;118;105569;41433;24.6;9.6
28;2021-05-02;2;65;105571;41498;24.6;9.7
28;2021-05-03;1047;1019;106618;42517;24.8;9.9
28;2021-05-04;1360;1670;107978;44187;25.1;10.3
28;2021-05-05;2830;1652;110808;45839;25.8;10.7
28;2021-05-06;2457;1473;113265;47312;26.4;11.0
28;2021-05-07;2310;1926;115575;49238;26.9;11.5
28;2021-05-08;1078;112;116653;49350;27.2;11.5
28;2021-05-09;105;610;116758;49960;27.2;11.6
28;2021-05-10;1308;1893;118066;51853;27.5;12.1
28;2021-05-11;2028;2336;120094;54189;28.0;12.6
28;2021-05-12;2619;3229;122713;57418;28.6;13.4
28;2021-05-13;290;451;123003;57869;28.6;13.5
28;2021-05-14;1899;1615;124902;59484;29.1;13.9
28;2021-05-15;1436;1674;126338;61158;29.4;14.2
28;2021-05-16;1987;131;128325;61289;29.9;14.3
28;2021-05-17;2876;1492;131201;62781;30.6;14.6
28;2021-05-18;3382;1379;134583;64160;31.3;14.9
28;2021-05-19;5092;1281;139675;65441;32.5;15.2
28;2021-05-20;4150;1231;143825;66672;33.5;15.5
28;2021-05-21;3465;1579;147290;68251;34.3;15.9
28;2021-05-22;728;1161;148018;69412;34.5;16.2
28;2021-05-23;1957;138;149975;69550;34.9;16.2
28;2021-05-24;1429;395;151404;69945;35.3;16.3
28;2021-05-25;1877;1406;153281;71351;35.7;16.6
28;2021-05-26;2767;1341;156048;72692;36.3;16.9
28;2021-05-27;2756;1234;158804;73926;37.0;17.2
28;2021-05-28;3081;1731;161885;75657;37.7;17.6
28;2021-05-29;1869;874;163754;76531;38.1;17.8
28;2021-05-30;16;47;163770;76578;38.1;17.8
28;2021-05-31;2014;936;165784;77514;38.6;18.1
28;2021-06-01;2133;1661;167917;79175;39.1;18.4
28;2021-06-02;2077;2458;169994;81633;39.6;19.0
28;2021-06-03;2498;1561;172492;83194;40.2;19.4
28;2021-06-04;2608;2357;175100;85551;40.8;19.9
28;2021-06-05;1909;2527;177009;88078;41.2;20.5
28;2021-06-06;1059;1046;178068;89124;41.5;20.8
28;2021-06-07;3577;1575;181645;90699;42.3;21.1
28;2021-06-08;3197;1517;184842;92216;43.0;21.5
28;2021-06-09;3676;2125;188518;94341;43.9;22.0
28;2021-06-10;3142;1262;191660;95603;44.6;22.3
28;2021-06-11;3792;2131;195452;97734;45.5;22.8
28;2021-06-12;1305;560;196757;98294;45.8;22.9
28;2021-06-13;385;108;197142;98402;45.9;22.9
28;2021-06-14;2208;1999;199350;100401;46.4;23.4
28;2021-06-15;2092;2225;201442;102626;46.9;23.9
28;2021-06-16;2510;3977;203952;106603;47.5;24.8
28;2021-06-17;1932;3135;205884;109738;47.9;25.6
28;2021-06-18;2474;3785;208358;113523;48.5;26.4
28;2021-06-19;776;1612;209134;115135;48.7;26.8
28;2021-06-20;23;24;209157;115159;48.7;26.8
28;2021-06-21;1685;1990;210842;117149;49.1;27.3
28;2021-06-22;1372;2106;212214;119255;49.4;27.8
28;2021-06-23;1782;3164;213996;122419;49.8;28.5
28;2021-06-24;733;929;214729;123348;50.0;28.7
28;2021-06-25;1890;3028;216619;126376;50.4;29.4
28;2021-06-26;310;2112;216929;128488;50.5;29.9
28;2021-06-27;588;1284;217517;129772;50.7;30.2
28;2021-06-28;1226;3655;218743;133427;50.9;31.1
28;2021-06-29;1342;3794;220085;137221;51.3;32.0
28;2021-06-30;1495;4259;221580;141480;51.6;32.9
28;2021-07-01;1277;3500;222857;144980;51.9;33.8
28;2021-07-02;1313;4653;224170;149633;52.2;34.8
28;2021-07-03;1132;2370;225302;152003;52.5;35.4
28;2021-07-04;146;1326;225448;153329;52.5;35.7
28;2021-07-05;1362;2513;226810;155842;52.8;36.3
28;2021-07-06;1510;2870;228320;158712;53.2;37.0
28;2021-07-07;1636;4144;229956;162856;53.5;37.9
28;2021-07-08;1470;3238;231426;166094;53.9;38.7
28;2021-07-09;1394;4519;232820;170613;54.2;39.7
28;2021-07-10;528;2207;233348;172820;54.3;40.2
28;2021-07-11;2;1;233350;172821;54.3;40.2
28;2021-07-12;1527;3930;234877;176751;54.7;41.2
28;2021-07-13;2264;4141;237141;180892;55.2;42.1
28;2021-07-14;1329;1396;238470;182288;55.5;42.4
28;2021-07-15;2986;3976;241456;186264;56.2;43.4
28;2021-07-16;2444;4751;243900;191015;56.8;44.5
28;2021-07-17;1265;2431;245165;193446;57.1;45.0
28;2021-07-18;369;944;245534;194390;57.2;45.3
28;2021-07-19;1809;4338;247343;198728;57.6;46.3
28;2021-07-20;2477;4089;249820;202817;58.2;47.2
28;2021-07-21;2965;4287;252785;207104;58.9;48.2
28;2021-07-22;3668;3428;256453;210532;59.7;49.0
28;2021-07-23;2962;3999;259415;214531;60.4;50.0
28;2021-07-24;1709;1481;261124;216012;60.8;50.3
28;2021-07-25;67;60;261191;216072;60.8;50.3
28;2021-07-26;2932;3386;264123;219458;61.5;51.1
28;2021-07-27;3885;2621;268008;222079;62.4;51.7
28;2021-07-28;3949;2742;271957;224821;63.3;52.4
28;2021-07-29;4467;2090;276424;226911;64.4;52.8
28;2021-07-30;3820;2842;280244;229753;65.3;53.5
28;2021-07-31;763;825;281007;230578;65.4;53.7
28;2021-08-01;378;65;281385;230643;65.5;53.7
28;2021-08-02;1793;1519;283178;232162;65.9;54.1
28;2021-08-03;2685;2163;285863;234325;66.6;54.6
28;2021-08-04;1933;2299;287796;236624;67.0;55.1
28;2021-08-05;1663;1731;289459;238355;67.4;55.5
28;2021-08-06;1614;1970;291073;240325;67.8;56.0
28;2021-08-07;800;1001;291873;241326;68.0;56.2
28;2021-08-08;22;33;291895;241359;68.0;56.2
28;2021-08-09;1385;1099;293280;242458;68.3;56.5
28;2021-08-10;1710;2027;294990;244485;68.7;56.9
28;2021-08-11;1273;1572;296263;246057;69.0;57.3
28;2021-08-12;1164;1884;297427;247941;69.3;57.7
28;2021-08-13;1311;1649;298738;249590;69.6;58.1
28;2021-08-14;656;843;299394;250433;69.7;58.3
28;2021-08-15;265;60;299659;250493;69.8;58.3
28;2021-08-16;858;2142;300517;252635;70.0;58.8
28;2021-08-17;1123;2798;301640;255433;70.2;59.5
28;2021-08-18;887;2413;302527;257846;70.4;60.0
28;2021-08-19;882;2617;303409;260463;70.7;60.7
28;2021-08-20;935;2751;304344;263214;70.9;61.3
28;2021-08-21;378;1001;304722;264215;71.0;61.5
28;2021-08-22;8;31;304730;264246;71.0;61.5
28;2021-08-23;1040;2146;305770;266392;71.2;62.0
28;2021-08-24;861;2583;306631;268975;71.4;62.6
28;2021-08-25;1068;2207;307699;271182;71.7;63.2
28;2021-08-26;693;1812;308392;272994;71.8;63.6
28;2021-08-27;749;2363;309141;275357;72.0;64.1
28;2021-08-28;523;1094;309664;276451;72.1;64.4
28;2021-08-29;7;23;309671;276474;72.1;64.4
28;2021-08-30;993;2183;310664;278657;72.3;64.9
28;2021-08-31;797;2247;311461;280904;72.5;65.4
28;2021-09-01;744;2604;312205;283508;72.7;66.0
28;2021-09-02;541;2111;312746;285619;72.8;66.5
28;2021-09-03;659;2558;313405;288177;73.0;67.1
28;2021-09-04;577;2601;313982;290778;73.1;67.7
28;2021-09-05;210;246;314192;291024;73.2;67.8
28;2021-09-06;403;1616;314595;292640;73.3;68.1
28;2021-09-07;335;1442;314930;294082;73.3;68.5
29;2020-12-27;0;0;0;0;0.0;0.0
29;2020-12-28;1;0;1;0;0.0;0.0
29;2020-12-29;0;0;1;0;0.0;0.0
29;2020-12-30;0;0;1;0;0.0;0.0
29;2020-12-31;0;0;1;0;0.0;0.0
29;2021-01-01;2;0;3;0;0.0;0.0
29;2021-01-02;0;0;3;0;0.0;0.0
29;2021-01-03;1;0;4;0;0.0;0.0
29;2021-01-04;32;0;36;0;0.0;0.0
29;2021-01-05;31;0;67;0;0.0;0.0
29;2021-01-06;43;0;110;0;0.0;0.0
29;2021-01-07;137;0;247;0;0.0;0.0
29;2021-01-08;408;0;655;0;0.1;0.0
29;2021-01-09;2;0;657;0;0.1;0.0
29;2021-01-10;2;0;659;0;0.1;0.0
29;2021-01-11;667;0;1326;0;0.1;0.0
29;2021-01-12;1120;0;2446;0;0.3;0.0
29;2021-01-13;1101;1;3547;1;0.4;0.0
29;2021-01-14;894;4;4441;5;0.5;0.0
29;2021-01-15;1221;7;5662;12;0.6;0.0
29;2021-01-16;168;1;5830;13;0.6;0.0
29;2021-01-17;112;1;5942;14;0.7;0.0
29;2021-01-18;841;3;6783;17;0.7;0.0
29;2021-01-19;1313;1;8096;18;0.9;0.0
29;2021-01-20;2396;2;10492;20;1.2;0.0
29;2021-01-21;5658;6;16150;26;1.8;0.0
29;2021-01-22;3775;5;19925;31;2.2;0.0
29;2021-01-23;538;0;20463;31;2.3;0.0
29;2021-01-24;200;1;20663;32;2.3;0.0
29;2021-01-25;575;7;21238;39;2.3;0.0
29;2021-01-26;951;34;22189;73;2.4;0.0
29;2021-01-27;1286;52;23475;125;2.6;0.0
29;2021-01-28;803;136;24278;261;2.7;0.0
29;2021-01-29;780;200;25058;461;2.8;0.1
29;2021-01-30;281;4;25339;465;2.8;0.1
29;2021-01-31;80;5;25419;470;2.8;0.1
29;2021-02-01;429;437;25848;907;2.9;0.1
29;2021-02-02;878;747;26726;1654;2.9;0.2
29;2021-02-03;812;888;27538;2542;3.0;0.3
29;2021-02-04;867;631;28405;3173;3.1;0.4
29;2021-02-05;675;581;29080;3754;3.2;0.4
29;2021-02-06;247;93;29327;3847;3.2;0.4
29;2021-02-07;78;97;29405;3944;3.2;0.4
29;2021-02-08;383;430;29788;4374;3.3;0.5
29;2021-02-09;863;843;30651;5217;3.4;0.6
29;2021-02-10;1150;1002;31801;6219;3.5;0.7
29;2021-02-11;1796;4141;33597;10360;3.7;1.1
29;2021-02-12;2326;2487;35923;12847;4.0;1.4
29;2021-02-13;638;404;36561;13251;4.0;1.5
29;2021-02-14;12;215;36573;13466;4.0;1.5
29;2021-02-15;266;866;36839;14332;4.1;1.6
29;2021-02-16;887;958;37726;15290;4.2;1.7
29;2021-02-17;801;725;38527;16015;4.2;1.8
29;2021-02-18;1530;757;40057;16772;4.4;1.9
29;2021-02-19;1416;882;41473;17654;4.6;1.9
29;2021-02-20;204;314;41677;17968;4.6;2.0
29;2021-02-21;162;158;41839;18126;4.6;2.0
29;2021-02-22;773;500;42612;18626;4.7;2.1
29;2021-02-23;1271;804;43883;19430;4.8;2.1
29;2021-02-24;1471;710;45354;20140;5.0;2.2
29;2021-02-25;2510;793;47864;20933;5.3;2.3
29;2021-02-26;2676;628;50540;21561;5.6;2.4
29;2021-02-27;1284;241;51824;21802;5.7;2.4
29;2021-02-28;200;69;52024;21871;5.7;2.4
29;2021-03-01;945;434;52969;22305;5.8;2.5
29;2021-03-02;1817;736;54786;23041;6.0;2.5
29;2021-03-03;2095;946;56881;23987;6.3;2.6
29;2021-03-04;2844;1486;59725;25473;6.6;2.8
29;2021-03-05;3540;1629;63265;27102;7.0;3.0
29;2021-03-06;2000;425;65265;27527;7.2;3.0
29;2021-03-07;412;81;65677;27608;7.2;3.0
29;2021-03-08;1274;577;66951;28185;7.4;3.1
29;2021-03-09;2605;960;69556;29145;7.7;3.2
29;2021-03-10;2427;856;71983;30001;7.9;3.3
29;2021-03-11;4519;985;76502;30986;8.4;3.4
29;2021-03-12;5270;957;81772;31943;9.0;3.5
29;2021-03-13;2826;403;84598;32346;9.3;3.6
29;2021-03-14;365;3;84963;32349;9.4;3.6
29;2021-03-15;2050;268;87013;32617;9.6;3.6
29;2021-03-16;1823;737;88836;33354;9.8;3.7
29;2021-03-17;1861;706;90697;34060;10.0;3.8
29;2021-03-18;1865;1037;92562;35097;10.2;3.9
29;2021-03-19;3270;878;95832;35975;10.6;4.0
29;2021-03-20;1914;222;97746;36197;10.8;4.0
29;2021-03-21;132;11;97878;36208;10.8;4.0
29;2021-03-22;1647;556;99525;36764;11.0;4.1
29;2021-03-23;3442;1031;102967;37795;11.4;4.2
29;2021-03-24;3781;1020;106748;38815;11.8;4.3
29;2021-03-25;4820;1067;111568;39882;12.3;4.4
29;2021-03-26;5423;1163;116991;41045;12.9;4.5
29;2021-03-27;2429;332;119420;41377;13.2;4.6
29;2021-03-28;198;50;119618;41427;13.2;4.6
29;2021-03-29;2041;819;121659;42246;13.4;4.7
29;2021-03-30;3977;1329;125636;43575;13.9;4.8
29;2021-03-31;3936;1153;129572;44728;14.3;4.9
29;2021-04-01;5028;1142;134600;45870;14.8;5.1
29;2021-04-02;4766;1166;139366;47036;15.4;5.2
29;2021-04-03;2500;536;141866;47572;15.6;5.2
29;2021-04-04;146;33;142012;47605;15.7;5.3
29;2021-04-05;972;330;142984;47935;15.8;5.3
29;2021-04-06;3199;1234;146183;49169;16.1;5.4
29;2021-04-07;3654;942;149837;50111;16.5;5.5
29;2021-04-08;5287;2056;155124;52167;17.1;5.8
29;2021-04-09;6750;1563;161874;53730;17.9;5.9
29;2021-04-10;3500;708;165374;54438;18.2;6.0
29;2021-04-11;120;80;165494;54518;18.3;6.0
29;2021-04-12;3854;1480;169348;55998;18.7;6.2
29;2021-04-13;5863;1759;175211;57757;19.3;6.4
29;2021-04-14;4762;1745;179973;59502;19.9;6.6
29;2021-04-15;7176;1730;187149;61232;20.6;6.8
29;2021-04-16;6704;1353;193853;62585;21.4;6.9
29;2021-04-17;3829;970;197682;63555;21.8;7.0
29;2021-04-18;489;40;198171;63595;21.9;7.0
29;2021-04-19;3881;1464;202052;65059;22.3;7.2
29;2021-04-20;4397;2134;206449;67193;22.8;7.4
29;2021-04-21;4375;2199;210824;69392;23.3;7.7
29;2021-04-22;6643;2852;217467;72244;24.0;8.0
29;2021-04-23;6049;2194;223516;74438;24.7;8.2
29;2021-04-24;4008;1314;227524;75752;25.1;8.4
29;2021-04-25;434;169;227958;75921;25.1;8.4
29;2021-04-26;5261;1873;233219;77794;25.7;8.6
29;2021-04-27;5335;3188;238554;80982;26.3;8.9
29;2021-04-28;5362;2903;243916;83885;26.9;9.3
29;2021-04-29;6595;3326;250511;87211;27.6;9.6
29;2021-04-30;6268;3887;256779;91098;28.3;10.0
29;2021-05-01;1987;977;258766;92075;28.5;10.2
29;2021-05-02;1249;195;260015;92270;28.7;10.2
29;2021-05-03;4541;2286;264556;94556;29.2;10.4
29;2021-05-04;4111;3742;268667;98298;29.6;10.8
29;2021-05-05;4518;3406;273185;101704;30.1;11.2
29;2021-05-06;6237;3713;279422;105417;30.8;11.6
29;2021-05-07;5985;4601;285407;110018;31.5;12.1
29;2021-05-08;2096;561;287503;110579;31.7;12.2
29;2021-05-09;1727;136;289230;110715;31.9;12.2
29;2021-05-10;4760;3757;293990;114472;32.4;12.6
29;2021-05-11;4711;4983;298701;119455;32.9;13.2
29;2021-05-12;5025;4377;303726;123832;33.5;13.7
29;2021-05-13;3441;1500;307167;125332;33.9;13.8
29;2021-05-14;5650;3999;312817;129331;34.5;14.3
29;2021-05-15;4048;2304;316865;131635;35.0;14.5
29;2021-05-16;1588;294;318453;131929;35.1;14.6
29;2021-05-17;5563;3130;324016;135059;35.7;14.9
29;2021-05-18;5732;3092;329748;138151;36.4;15.2
29;2021-05-19;6213;2964;335961;141115;37.1;15.6
29;2021-05-20;7176;4559;343137;145674;37.9;16.1
29;2021-05-21;7216;3811;350353;149485;38.6;16.5
29;2021-05-22;5343;2127;355696;151612;39.2;16.7
29;2021-05-23;1631;65;357327;151677;39.4;16.7
29;2021-05-24;3485;533;360812;152210;39.8;16.8
29;2021-05-25;5836;3044;366648;155254;40.4;17.1
29;2021-05-26;5894;2992;372542;158246;41.1;17.5
29;2021-05-27;6827;3975;379369;162221;41.8;17.9
29;2021-05-28;6547;4435;385916;166656;42.6;18.4
29;2021-05-29;4382;2806;390298;169462;43.1;18.7
29;2021-05-30;1115;360;391413;169822;43.2;18.7
29;2021-05-31;6384;3445;397797;173267;43.9;19.1
29;2021-06-01;6605;4341;404402;177608;44.6;19.6
29;2021-06-02;6166;4132;410568;181740;45.3;20.0
29;2021-06-03;7696;4513;418264;186253;46.1;20.5
29;2021-06-04;6814;6156;425078;192409;46.9;21.2
29;2021-06-05;5351;3034;430429;195443;47.5;21.6
29;2021-06-06;1285;538;431714;195981;47.6;21.6
29;2021-06-07;4660;5563;436374;201544;48.1;22.2
29;2021-06-08;7174;5202;443548;206746;48.9;22.8
29;2021-06-09;6408;4752;449956;211498;49.6;23.3
29;2021-06-10;7776;5062;457732;216560;50.5;23.9
29;2021-06-11;8479;5875;466211;222435;51.4;24.5
29;2021-06-12;6568;2812;472779;225247;52.2;24.8
29;2021-06-13;2352;1372;475131;226619;52.4;25.0
29;2021-06-14;4035;6317;479166;232936;52.9;25.7
29;2021-06-15;5479;6188;484645;239124;53.5;26.4
29;2021-06-16;5571;5623;490216;244747;54.1;27.0
29;2021-06-17;6368;6307;496584;251054;54.8;27.7
29;2021-06-18;6116;7488;502700;258542;55.5;28.5
29;2021-06-19;4623;3528;507323;262070;56.0;28.9
29;2021-06-20;891;1452;508214;263522;56.1;29.1
29;2021-06-21;3761;6496;511975;270018;56.5;29.8
29;2021-06-22;4490;6425;516465;276443;57.0;30.5
29;2021-06-23;4675;6130;521140;282573;57.5;31.2
29;2021-06-24;4809;6747;525949;289320;58.0;31.9
29;2021-06-25;3598;7532;529547;296852;58.4;32.7
29;2021-06-26;2131;4093;531678;300945;58.6;33.2
29;2021-06-27;968;1632;532646;302577;58.8;33.4
29;2021-06-28;2843;6863;535489;309440;59.1;34.1
29;2021-06-29;2816;7730;538305;317170;59.4;35.0
29;2021-06-30;3048;7511;541353;324681;59.7;35.8
29;2021-07-01;3788;8417;545141;333098;60.1;36.7
29;2021-07-02;3607;9661;548748;342759;60.5;37.8
29;2021-07-03;2328;6053;551076;348812;60.8;38.5
29;2021-07-04;816;1771;551892;350583;60.9;38.7
29;2021-07-05;1916;7158;553808;357741;61.1;39.5
29;2021-07-06;1540;8010;555348;365751;61.3;40.3
29;2021-07-07;1707;7038;557055;372789;61.4;41.1
29;2021-07-08;2453;8203;559508;380992;61.7;42.0
29;2021-07-09;2632;9072;562140;390064;62.0;43.0
29;2021-07-10;1919;6104;564059;396168;62.2;43.7
29;2021-07-11;449;1064;564508;397232;62.3;43.8
29;2021-07-12;1983;8378;566491;405610;62.5;44.7
29;2021-07-13;2755;8663;569246;414273;62.8;45.7
29;2021-07-14;2087;3373;571333;417646;63.0;46.1
29;2021-07-15;3861;9728;575194;427374;63.4;47.1
29;2021-07-16;4619;9195;579813;436569;64.0;48.2
29;2021-07-17;3223;6113;583036;442682;64.3;48.8
29;2021-07-18;669;1079;583705;443761;64.4;49.0
29;2021-07-19;3158;7546;586863;451307;64.7;49.8
29;2021-07-20;3559;9434;590422;460741;65.1;50.8
29;2021-07-21;3661;7727;594083;468468;65.5;51.7
29;2021-07-22;3424;8534;597507;477002;65.9;52.6
29;2021-07-23;4064;10707;601571;487709;66.4;53.8
29;2021-07-24;2536;5959;604107;493668;66.6;54.5
29;2021-07-25;655;2360;604762;496028;66.7;54.7
29;2021-07-26;3398;7278;608160;503306;67.1;55.5
29;2021-07-27;3726;7110;611886;510416;67.5;56.3
29;2021-07-28;4209;6031;616095;516447;68.0;57.0
29;2021-07-29;5696;6360;621791;522807;68.6;57.7
29;2021-07-30;5465;6535;627256;529342;69.2;58.4
29;2021-07-31;2938;4932;630194;534274;69.5;58.9
29;2021-08-01;658;921;630852;535195;69.6;59.0
29;2021-08-02;4289;5219;635141;540414;70.1;59.6
29;2021-08-03;5487;4406;640628;544820;70.7;60.1
29;2021-08-04;5739;3607;646367;548427;71.3;60.5
29;2021-08-05;6648;4110;653015;552537;72.0;60.9
29;2021-08-06;6200;4334;659215;556871;72.7;61.4
29;2021-08-07;4286;2956;663501;559827;73.2;61.8
29;2021-08-08;844;753;664345;560580;73.3;61.8
29;2021-08-09;3082;4741;667427;565321;73.6;62.4
29;2021-08-10;4490;3866;671917;569187;74.1;62.8
29;2021-08-11;3952;3189;675869;572376;74.6;63.1
29;2021-08-12;4639;4499;680508;576875;75.1;63.6
29;2021-08-13;4171;3723;684679;580598;75.5;64.0
29;2021-08-14;2959;2845;687638;583443;75.9;64.4
29;2021-08-15;337;404;687975;583847;75.9;64.4
29;2021-08-16;3275;4382;691250;588229;76.3;64.9
29;2021-08-17;4402;3418;695652;591647;76.7;65.3
29;2021-08-18;3665;3616;699317;595263;77.1;65.7
29;2021-08-19;3899;4717;703216;599980;77.6;66.2
29;2021-08-20;3500;4602;706716;604582;78.0;66.7
29;2021-08-21;2265;3167;708981;607749;78.2;67.0
29;2021-08-22;214;416;709195;608165;78.2;67.1
29;2021-08-23;2494;4627;711689;612792;78.5;67.6
29;2021-08-24;2439;4952;714128;617744;78.8;68.1
29;2021-08-25;2150;4228;716278;621972;79.0;68.6
29;2021-08-26;2339;5338;718617;627310;79.3;69.2
29;2021-08-27;2043;5916;720660;633226;79.5;69.8
29;2021-08-28;1468;3996;722128;637222;79.7;70.3
29;2021-08-29;449;1318;722577;638540;79.7;70.4
29;2021-08-30;1453;4230;724030;642770;79.9;70.9
29;2021-08-31;1593;4532;725623;647302;80.0;71.4
29;2021-09-01;1342;4002;726965;651304;80.2;71.8
29;2021-09-02;1172;4409;728137;655713;80.3;72.3
29;2021-09-03;1415;5236;729552;660949;80.5;72.9
29;2021-09-04;1414;4062;730966;665011;80.6;73.4
29;2021-09-05;226;740;731192;665751;80.7;73.4
29;2021-09-06;735;3748;731927;669499;80.7;73.9
29;2021-09-07;918;3966;732845;673465;80.8;74.3
2A;2020-12-27;0;0;0;0;0.0;0.0
2A;2020-12-28;0;0;0;0;0.0;0.0
2A;2020-12-29;0;0;0;0;0.0;0.0
2A;2020-12-30;0;0;0;0;0.0;0.0
2A;2020-12-31;0;0;0;0;0.0;0.0
2A;2021-01-01;0;0;0;0;0.0;0.0
2A;2021-01-02;1;0;1;0;0.0;0.0
2A;2021-01-03;0;0;1;0;0.0;0.0
2A;2021-01-04;0;0;1;0;0.0;0.0
2A;2021-01-05;0;0;1;0;0.0;0.0
2A;2021-01-06;6;0;7;0;0.0;0.0
2A;2021-01-07;122;1;129;1;0.1;0.0
2A;2021-01-08;113;0;242;1;0.1;0.0
2A;2021-01-09;39;0;281;1;0.2;0.0
2A;2021-01-10;33;0;314;1;0.2;0.0
2A;2021-01-11;76;0;390;1;0.2;0.0
2A;2021-01-12;85;0;475;1;0.3;0.0
2A;2021-01-13;112;0;587;1;0.4;0.0
2A;2021-01-14;191;1;778;2;0.5;0.0
2A;2021-01-15;149;0;927;2;0.6;0.0
2A;2021-01-16;160;1;1087;3;0.7;0.0
2A;2021-01-17;85;1;1172;4;0.7;0.0
2A;2021-01-18;201;2;1373;6;0.8;0.0
2A;2021-01-19;488;0;1861;6;1.1;0.0
2A;2021-01-20;356;0;2217;6;1.4;0.0
2A;2021-01-21;453;1;2670;7;1.6;0.0
2A;2021-01-22;367;0;3037;7;1.9;0.0
2A;2021-01-23;183;0;3220;7;2.0;0.0
2A;2021-01-24;118;1;3338;8;2.1;0.0
2A;2021-01-25;215;0;3553;8;2.2;0.0
2A;2021-01-26;402;7;3955;15;2.4;0.0
2A;2021-01-27;324;5;4279;20;2.6;0.0
2A;2021-01-28;335;77;4614;97;2.8;0.1
2A;2021-01-29;341;61;4955;158;3.1;0.1
2A;2021-01-30;127;34;5082;192;3.1;0.1
2A;2021-01-31;92;12;5174;204;3.2;0.1
2A;2021-02-01;231;47;5405;251;3.3;0.2
2A;2021-02-02;288;113;5693;364;3.5;0.2
2A;2021-02-03;265;73;5958;437;3.7;0.3
2A;2021-02-04;256;119;6214;556;3.8;0.3
2A;2021-02-05;267;101;6481;657;4.0;0.4
2A;2021-02-06;121;54;6602;711;4.1;0.4
2A;2021-02-07;68;44;6670;755;4.1;0.5
2A;2021-02-08;91;186;6761;941;4.2;0.6
2A;2021-02-09;128;283;6889;1224;4.2;0.8
2A;2021-02-10;163;224;7052;1448;4.3;0.9
2A;2021-02-11;296;340;7348;1788;4.5;1.1
2A;2021-02-12;345;275;7693;2063;4.7;1.3
2A;2021-02-13;225;53;7918;2116;4.9;1.3
2A;2021-02-14;135;71;8053;2187;5.0;1.3
2A;2021-02-15;198;168;8251;2355;5.1;1.4
2A;2021-02-16;384;298;8635;2653;5.3;1.6
2A;2021-02-17;289;155;8924;2808;5.5;1.7
2A;2021-02-18;340;185;9264;2993;5.7;1.8
2A;2021-02-19;145;278;9409;3271;5.8;2.0
2A;2021-02-20;243;124;9652;3395;5.9;2.1
2A;2021-02-21;58;47;9710;3442;6.0;2.1
2A;2021-02-22;77;204;9787;3646;6.0;2.2
2A;2021-02-23;122;266;9909;3912;6.1;2.4
2A;2021-02-24;82;269;9991;4181;6.2;2.6
2A;2021-02-25;105;246;10096;4427;6.2;2.7
2A;2021-02-26;123;251;10219;4678;6.3;2.9
2A;2021-02-27;308;64;10527;4742;6.5;2.9
2A;2021-02-28;69;63;10596;4805;6.5;3.0
2A;2021-03-01;116;139;10712;4944;6.6;3.0
2A;2021-03-02;199;253;10911;5197;6.7;3.2
2A;2021-03-03;244;249;11155;5446;6.9;3.4
2A;2021-03-04;508;225;11663;5671;7.2;3.5
2A;2021-03-05;973;283;12636;5954;7.8;3.7
2A;2021-03-06;1166;75;13802;6029;8.5;3.7
2A;2021-03-07;1020;44;14822;6073;9.1;3.7
2A;2021-03-08;933;88;15755;6161;9.7;3.8
2A;2021-03-09;937;151;16692;6312;10.3;3.9
2A;2021-03-10;632;139;17324;6451;10.7;4.0
2A;2021-03-11;723;280;18047;6731;11.1;4.1
2A;2021-03-12;561;318;18608;7049;11.5;4.3
2A;2021-03-13;613;197;19221;7246;11.8;4.5
2A;2021-03-14;312;126;19533;7372;12.0;4.5
2A;2021-03-15;377;203;19910;7575;12.3;4.7
2A;2021-03-16;498;368;20408;7943;12.6;4.9
2A;2021-03-17;702;275;21110;8218;13.0;5.1
2A;2021-03-18;447;303;21557;8521;13.3;5.2
2A;2021-03-19;489;157;22046;8678;13.6;5.3
2A;2021-03-20;1079;261;23125;8939;14.2;5.5
2A;2021-03-21;695;54;23820;8993;14.7;5.5
2A;2021-03-22;347;67;24167;9060;14.9;5.6
2A;2021-03-23;518;58;24685;9118;15.2;5.6
2A;2021-03-24;864;92;25549;9210;15.7;5.7
2A;2021-03-25;930;142;26479;9352;16.3;5.8
2A;2021-03-26;1081;164;27560;9516;17.0;5.9
2A;2021-03-27;1189;201;28749;9717;17.7;6.0
2A;2021-03-28;241;97;28990;9814;17.8;6.0
2A;2021-03-29;283;138;29273;9952;18.0;6.1
2A;2021-03-30;383;236;29656;10188;18.3;6.3
2A;2021-03-31;446;226;30102;10414;18.5;6.4
2A;2021-04-01;638;452;30740;10866;18.9;6.7
2A;2021-04-02;904;784;31644;11650;19.5;7.2
2A;2021-04-03;646;982;32290;12632;19.9;7.8
2A;2021-04-04;579;785;32869;13417;20.2;8.3
2A;2021-04-05;525;695;33394;14112;20.6;8.7
2A;2021-04-06;550;558;33944;14670;20.9;9.0
2A;2021-04-07;791;428;34735;15098;21.4;9.3
2A;2021-04-08;1049;358;35784;15456;22.0;9.5
2A;2021-04-09;935;396;36719;15852;22.6;9.8
2A;2021-04-10;1059;382;37778;16234;23.3;10.0
2A;2021-04-11;362;256;38140;16490;23.5;10.2
2A;2021-04-12;669;340;38809;16830;23.9;10.4
2A;2021-04-13;329;380;39138;17210;24.1;10.6
2A;2021-04-14;1046;589;40184;17799;24.7;11.0
2A;2021-04-15;1044;526;41228;18325;25.4;11.3
2A;2021-04-16;872;392;42100;18717;25.9;11.5
2A;2021-04-17;1369;938;43469;19655;26.8;12.1
2A;2021-04-18;982;948;44451;20603;27.4;12.7
2A;2021-04-19;270;343;44721;20946;27.5;12.9
2A;2021-04-20;354;344;45075;21290;27.8;13.1
2A;2021-04-21;729;734;45804;22024;28.2;13.6
2A;2021-04-22;896;648;46700;22672;28.8;14.0
2A;2021-04-23;986;777;47686;23449;29.4;14.4
2A;2021-04-24;1750;984;49436;24433;30.4;15.0
2A;2021-04-25;975;305;50411;24738;31.0;15.2
2A;2021-04-26;308;226;50719;24964;31.2;15.4
2A;2021-04-27;344;347;51063;25311;31.4;15.6
2A;2021-04-28;1676;424;52739;25735;32.5;15.8
2A;2021-04-29;1054;361;53793;26096;33.1;16.1
2A;2021-04-30;1131;1062;54924;27158;33.8;16.7
2A;2021-05-01;971;575;55895;27733;34.4;17.1
2A;2021-05-02;675;708;56570;28441;34.8;17.5
2A;2021-05-03;583;576;57153;29017;35.2;17.9
2A;2021-05-04;752;536;57905;29553;35.7;18.2
2A;2021-05-05;1009;984;58914;30537;36.3;18.8
2A;2021-05-06;905;912;59819;31449;36.8;19.4
2A;2021-05-07;1156;835;60975;32284;37.5;19.9
2A;2021-05-08;422;500;61397;32784;37.8;20.2
2A;2021-05-09;783;638;62180;33422;38.3;20.6
2A;2021-05-10;454;741;62634;34163;38.6;21.0
2A;2021-05-11;652;415;63286;34578;39.0;21.3
2A;2021-05-12;924;490;64210;35068;39.5;21.6
2A;2021-05-13;920;138;65130;35206;40.1;21.7
2A;2021-05-14;797;679;65927;35885;40.6;22.1
2A;2021-05-15;780;649;66707;36534;41.1;22.5
2A;2021-05-16;739;500;67446;37034;41.5;22.8
2A;2021-05-17;583;559;68029;37593;41.9;23.1
2A;2021-05-18;614;475;68643;38068;42.3;23.4
2A;2021-05-19;787;481;69430;38549;42.7;23.7
2A;2021-05-20;692;540;70122;39089;43.2;24.1
2A;2021-05-21;536;483;70658;39572;43.5;24.4
2A;2021-05-22;441;309;71099;39881;43.8;24.6
2A;2021-05-23;533;284;71632;40165;44.1;24.7
2A;2021-05-24;125;33;71757;40198;44.2;24.7
2A;2021-05-25;420;503;72177;40701;44.4;25.1
2A;2021-05-26;425;1166;72602;41867;44.7;25.8
2A;2021-05-27;435;1111;73037;42978;45.0;26.5
2A;2021-05-28;298;916;73335;43894;45.2;27.0
2A;2021-05-29;334;900;73669;44794;45.4;27.6
2A;2021-05-30;182;507;73851;45301;45.5;27.9
2A;2021-05-31;191;414;74042;45715;45.6;28.1
2A;2021-06-01;342;727;74384;46442;45.8;28.6
2A;2021-06-02;285;940;74669;47382;46.0;29.2
2A;2021-06-03;307;852;74976;48234;46.2;29.7
2A;2021-06-04;271;1092;75247;49326;46.3;30.4
2A;2021-06-05;319;1442;75566;50768;46.5;31.3
2A;2021-06-06;173;907;75739;51675;46.6;31.8
2A;2021-06-07;170;661;75909;52336;46.7;32.2
2A;2021-06-08;324;707;76233;53043;46.9;32.7
2A;2021-06-09;300;1316;76533;54359;47.1;33.5
2A;2021-06-10;329;856;76862;55215;47.3;34.0
2A;2021-06-11;277;1021;77139;56236;47.5;34.6
2A;2021-06-12;232;658;77371;56894;47.6;35.0
2A;2021-06-13;189;797;77560;57691;47.8;35.5
2A;2021-06-14;251;922;77811;58613;47.9;36.1
2A;2021-06-15;217;507;78028;59120;48.0;36.4
2A;2021-06-16;213;776;78241;59896;48.2;36.9
2A;2021-06-17;235;591;78476;60487;48.3;37.2
2A;2021-06-18;246;914;78722;61401;48.5;37.8
2A;2021-06-19;208;690;78930;62091;48.6;38.2
2A;2021-06-20;150;692;79080;62783;48.7;38.7
2A;2021-06-21;181;791;79261;63574;48.8;39.1
2A;2021-06-22;236;841;79497;64415;48.9;39.7
2A;2021-06-23;217;569;79714;64984;49.1;40.0
2A;2021-06-24;149;369;79863;65353;49.2;40.2
2A;2021-06-25;167;471;80030;65824;49.3;40.5
2A;2021-06-26;203;873;80233;66697;49.4;41.1
2A;2021-06-27;175;794;80408;67491;49.5;41.6
2A;2021-06-28;194;704;80602;68195;49.6;42.0
2A;2021-06-29;215;689;80817;68884;49.8;42.4
2A;2021-06-30;242;493;81059;69377;49.9;42.7
2A;2021-07-01;212;485;81271;69862;50.0;43.0
2A;2021-07-02;295;370;81566;70232;50.2;43.2
2A;2021-07-03;211;617;81777;70849;50.3;43.6
2A;2021-07-04;178;664;81955;71513;50.5;44.0
2A;2021-07-05;163;235;82118;71748;50.6;44.2
2A;2021-07-06;252;389;82370;72137;50.7;44.4
2A;2021-07-07;432;610;82802;72747;51.0;44.8
2A;2021-07-08;593;707;83395;73454;51.3;45.2
2A;2021-07-09;383;421;83778;73875;51.6;45.5
2A;2021-07-10;281;346;84059;74221;51.8;45.7
2A;2021-07-11;92;161;84151;74382;51.8;45.8
2A;2021-07-12;315;349;84466;74731;52.0;46.0
2A;2021-07-13;1179;533;85645;75264;52.7;46.3
2A;2021-07-14;1624;341;87269;75605;53.7;46.5
2A;2021-07-15;1437;837;88706;76442;54.6;47.1
2A;2021-07-16;1167;467;89873;76909;55.3;47.4
2A;2021-07-17;1096;344;90969;77253;56.0;47.6
2A;2021-07-18;635;134;91604;77387;56.4;47.6
2A;2021-07-19;918;431;92522;77818;57.0;47.9
2A;2021-07-20;1284;475;93806;78293;57.8;48.2
2A;2021-07-21;1428;727;95234;79020;58.6;48.7
2A;2021-07-22;1398;766;96632;79786;59.5;49.1
2A;2021-07-23;1440;465;98072;80251;60.4;49.4
2A;2021-07-24;895;289;98967;80540;60.9;49.6
2A;2021-07-25;450;80;99417;80620;61.2;49.6
2A;2021-07-26;1199;507;100616;81127;61.9;49.9
2A;2021-07-27;1300;518;101916;81645;62.7;50.3
2A;2021-07-28;1200;591;103116;82236;63.5;50.6
2A;2021-07-29;1228;655;104344;82891;64.2;51.0
2A;2021-07-30;959;611;105303;83502;64.8;51.4
2A;2021-07-31;543;340;105846;83842;65.2;51.6
2A;2021-08-01;570;122;106416;83964;65.5;51.7
2A;2021-08-02;450;492;106866;84456;65.8;52.0
2A;2021-08-03;814;880;107680;85336;66.3;52.5
2A;2021-08-04;725;1161;108405;86497;66.7;53.3
2A;2021-08-05;957;1347;109362;87844;67.3;54.1
2A;2021-08-06;388;815;109750;88659;67.6;54.6
2A;2021-08-07;352;888;110102;89547;67.8;55.1
2A;2021-08-08;78;185;110180;89732;67.8;55.2
2A;2021-08-09;662;1140;110842;90872;68.2;55.9
2A;2021-08-10;639;1208;111481;92080;68.6;56.7
2A;2021-08-11;591;1058;112072;93138;69.0;57.3
2A;2021-08-12;736;1489;112808;94627;69.5;58.3
2A;2021-08-13;477;1066;113285;95693;69.7;58.9
2A;2021-08-14;411;765;113696;96458;70.0;59.4
2A;2021-08-15;21;26;113717;96484;70.0;59.4
2A;2021-08-16;482;1292;114199;97776;70.3;60.2
2A;2021-08-17;933;1557;115132;99333;70.9;61.2
2A;2021-08-18;523;1124;115655;100457;71.2;61.8
2A;2021-08-19;427;1009;116082;101466;71.5;62.5
2A;2021-08-20;326;574;116408;102040;71.7;62.8
2A;2021-08-21;228;536;116636;102576;71.8;63.2
2A;2021-08-22;193;618;116829;103194;71.9;63.5
2A;2021-08-23;323;745;117152;103939;72.1;64.0
2A;2021-08-24;323;857;117475;104796;72.3;64.5
2A;2021-08-25;393;880;117868;105676;72.6;65.1
2A;2021-08-26;337;769;118205;106445;72.8;65.5
2A;2021-08-27;239;709;118444;107154;72.9;66.0
2A;2021-08-28;254;352;118698;107506;73.1;66.2
2A;2021-08-29;97;115;118795;107621;73.1;66.3
2A;2021-08-30;243;653;119038;108274;73.3;66.7
2A;2021-08-31;170;520;119208;108794;73.4;67.0
2A;2021-09-01;337;822;119545;109616;73.6;67.5
2A;2021-09-02;292;698;119837;110314;73.8;67.9
2A;2021-09-03;239;611;120076;110925;73.9;68.3
2A;2021-09-04;147;449;120223;111374;74.0;68.6
2A;2021-09-05;24;23;120247;111397;74.0;68.6
2A;2021-09-06;111;400;120358;111797;74.1;68.8
2A;2021-09-07;188;742;120546;112539;74.2;69.3
2B;2020-12-27;0;0;0;0;0.0;0.0
2B;2020-12-28;0;0;0;0;0.0;0.0
2B;2020-12-29;0;0;0;0;0.0;0.0
2B;2020-12-30;0;0;0;0;0.0;0.0
2B;2020-12-31;0;0;0;0;0.0;0.0
2B;2021-01-01;0;0;0;0;0.0;0.0
2B;2021-01-02;0;0;0;0;0.0;0.0
2B;2021-01-03;0;0;0;0;0.0;0.0
2B;2021-01-04;2;0;2;0;0.0;0.0
2B;2021-01-05;0;0;2;0;0.0;0.0
2B;2021-01-06;48;1;50;1;0.0;0.0
2B;2021-01-07;210;0;260;1;0.1;0.0
2B;2021-01-08;197;2;457;3;0.3;0.0
2B;2021-01-09;39;0;496;3;0.3;0.0
2B;2021-01-10;1;0;497;3;0.3;0.0
2B;2021-01-11;74;0;571;3;0.3;0.0
2B;2021-01-12;128;1;699;4;0.4;0.0
2B;2021-01-13;93;0;792;4;0.4;0.0
2B;2021-01-14;72;0;864;4;0.5;0.0
2B;2021-01-15;259;0;1123;4;0.6;0.0
2B;2021-01-16;43;0;1166;4;0.6;0.0
2B;2021-01-17;8;0;1174;4;0.6;0.0
2B;2021-01-18;271;0;1445;4;0.8;0.0
2B;2021-01-19;502;0;1947;4;1.1;0.0
2B;2021-01-20;462;2;2409;6;1.3;0.0
2B;2021-01-21;358;0;2767;6;1.5;0.0
2B;2021-01-22;379;0;3146;6;1.7;0.0
2B;2021-01-23;61;0;3207;6;1.8;0.0
2B;2021-01-24;29;0;3236;6;1.8;0.0
2B;2021-01-25;210;2;3446;8;1.9;0.0
2B;2021-01-26;391;1;3837;9;2.1;0.0
2B;2021-01-27;342;46;4179;55;2.3;0.0
2B;2021-01-28;365;144;4544;199;2.5;0.1
2B;2021-01-29;293;157;4837;356;2.7;0.2
2B;2021-01-30;80;33;4917;389;2.7;0.2
2B;2021-01-31;60;0;4977;389;2.7;0.2
2B;2021-02-01;231;87;5208;476;2.9;0.3
2B;2021-02-02;357;75;5565;551;3.1;0.3
2B;2021-02-03;520;88;6085;639;3.3;0.4
2B;2021-02-04;458;122;6543;761;3.6;0.4
2B;2021-02-05;394;91;6937;852;3.8;0.5
2B;2021-02-06;87;11;7024;863;3.9;0.5
2B;2021-02-07;60;0;7084;863;3.9;0.5
2B;2021-02-08;231;135;7315;998;4.0;0.5
2B;2021-02-09;586;304;7901;1302;4.3;0.7
2B;2021-02-10;485;182;8386;1484;4.6;0.8
2B;2021-02-11;382;114;8768;1598;4.8;0.9
2B;2021-02-12;298;114;9066;1712;5.0;0.9
2B;2021-02-13;77;11;9143;1723;5.0;0.9
2B;2021-02-14;62;1;9205;1724;5.1;0.9
2B;2021-02-15;190;114;9395;1838;5.2;1.0
2B;2021-02-16;253;248;9648;2086;5.3;1.1
2B;2021-02-17;312;274;9960;2360;5.5;1.3
2B;2021-02-18;215;309;10175;2669;5.6;1.5
2B;2021-02-19;163;294;10338;2963;5.7;1.6
2B;2021-02-20;32;55;10370;3018;5.7;1.7
2B;2021-02-21;28;26;10398;3044;5.7;1.7
2B;2021-02-22;133;174;10531;3218;5.8;1.8
2B;2021-02-23;231;335;10762;3553;5.9;1.9
2B;2021-02-24;229;294;10991;3847;6.0;2.1
2B;2021-02-25;245;313;11236;4160;6.2;2.3
2B;2021-02-26;300;263;11536;4423;6.3;2.4
2B;2021-02-27;60;74;11596;4497;6.4;2.5
2B;2021-02-28;1;51;11597;4548;6.4;2.5
2B;2021-03-01;246;254;11843;4802;6.5;2.6
2B;2021-03-02;352;374;12195;5176;6.7;2.8
2B;2021-03-03;299;417;12494;5593;6.9;3.1
2B;2021-03-04;447;391;12941;5984;7.1;3.3
2B;2021-03-05;619;367;13560;6351;7.4;3.5
2B;2021-03-06;682;96;14242;6447;7.8;3.5
2B;2021-03-07;361;59;14603;6506;8.0;3.6
2B;2021-03-08;301;239;14904;6745;8.2;3.7
2B;2021-03-09;383;495;15287;7240;8.4;4.0
2B;2021-03-10;631;439;15918;7679;8.7;4.2
2B;2021-03-11;584;352;16502;8031;9.1;4.4
2B;2021-03-12;966;222;17468;8253;9.6;4.5
2B;2021-03-13;511;110;17979;8363;9.9;4.6
2B;2021-03-14;226;63;18205;8426;10.0;4.6
2B;2021-03-15;515;202;18720;8628;10.3;4.7
2B;2021-03-16;571;275;19291;8903;10.6;4.9
2B;2021-03-17;530;260;19821;9163;10.9;5.0
2B;2021-03-18;551;226;20372;9389;11.2;5.2
2B;2021-03-19;804;195;21176;9584;11.6;5.3
2B;2021-03-20;656;37;21832;9621;12.0;5.3
2B;2021-03-21;428;36;22260;9657;12.2;5.3
2B;2021-03-22;546;126;22806;9783;12.5;5.4
2B;2021-03-23;789;257;23595;10040;12.9;5.5
2B;2021-03-24;831;215;24426;10255;13.4;5.6
2B;2021-03-25;824;163;25250;10418;13.9;5.7
2B;2021-03-26;958;190;26208;10608;14.4;5.8
2B;2021-03-27;1090;36;27298;10644;15.0;5.8
2B;2021-03-28;830;122;28128;10766;15.4;5.9
2B;2021-03-29;745;180;28873;10946;15.8;6.0
2B;2021-03-30;972;330;29845;11276;16.4;6.2
2B;2021-03-31;981;266;30826;11542;16.9;6.3
2B;2021-04-01;1003;226;31829;11768;17.5;6.5
2B;2021-04-02;966;413;32795;12181;18.0;6.7
2B;2021-04-03;1247;153;34042;12334;18.7;6.8
2B;2021-04-04;197;60;34239;12394;18.8;6.8
2B;2021-04-05;109;113;34348;12507;18.8;6.9
2B;2021-04-06;1033;360;35381;12867;19.4;7.1
2B;2021-04-07;1230;428;36611;13295;20.1;7.3
2B;2021-04-08;1129;408;37740;13703;20.7;7.5
2B;2021-04-09;1168;567;38908;14270;21.3;7.8
2B;2021-04-10;1353;267;40261;14537;22.1;8.0
2B;2021-04-11;815;65;41076;14602;22.5;8.0
2B;2021-04-12;853;559;41929;15161;23.0;8.3
2B;2021-04-13;1063;630;42992;15791;23.6;8.7
2B;2021-04-14;1046;494;44038;16285;24.2;8.9
2B;2021-04-15;886;518;44924;16803;24.6;9.2
2B;2021-04-16;910;648;45834;17451;25.1;9.6
2B;2021-04-17;386;447;46220;17898;25.4;9.8
2B;2021-04-18;253;342;46473;18240;25.5;10.0
2B;2021-04-19;822;437;47295;18677;25.9;10.2
2B;2021-04-20;898;844;48193;19521;26.4;10.7
2B;2021-04-21;1056;608;49249;20129;27.0;11.0
2B;2021-04-22;938;732;50187;20861;27.5;11.4
2B;2021-04-23;662;629;50849;21490;27.9;11.8
2B;2021-04-24;287;772;51136;22262;28.1;12.2
2B;2021-04-25;285;477;51421;22739;28.2;12.5
2B;2021-04-26;708;919;52129;23658;28.6;13.0
2B;2021-04-27;965;875;53094;24533;29.1;13.5
2B;2021-04-28;919;862;54013;25395;29.6;13.9
2B;2021-04-29;924;866;54937;26261;30.1;14.4
2B;2021-04-30;1133;832;56070;27093;30.8;14.9
2B;2021-05-01;460;1116;56530;28209;31.0;15.5
2B;2021-05-02;335;245;56865;28454;31.2;15.6
2B;2021-05-03;1017;495;57882;28949;31.8;15.9
2B;2021-05-04;811;1152;58693;30101;32.2;16.5
2B;2021-05-05;801;1377;59494;31478;32.6;17.3
2B;2021-05-06;1287;905;60781;32383;33.3;17.8
2B;2021-05-07;1062;988;61843;33371;33.9;18.3
2B;2021-05-08;459;854;62302;34225;34.2;18.8
2B;2021-05-09;394;683;62696;34908;34.4;19.2
2B;2021-05-10;926;799;63622;35707;34.9;19.6
2B;2021-05-11;933;1162;64555;36869;35.4;20.2
2B;2021-05-12;861;893;65416;37762;35.9;20.7
2B;2021-05-13;1028;376;66444;38138;36.5;20.9
2B;2021-05-14;719;578;67163;38716;36.9;21.2
2B;2021-05-15;702;353;67865;39069;37.2;21.4
2B;2021-05-16;300;180;68165;39249;37.4;21.5
2B;2021-05-17;1003;405;69168;39654;38.0;21.8
2B;2021-05-18;991;383;70159;40037;38.5;22.0
2B;2021-05-19;771;416;70930;40453;38.9;22.2
2B;2021-05-20;673;359;71603;40812;39.3;22.4
2B;2021-05-21;706;502;72309;41314;39.7;22.7
2B;2021-05-22;574;392;72883;41706;40.0;22.9
2B;2021-05-23;170;46;73053;41752;40.1;22.9
2B;2021-05-24;40;115;73093;41867;40.1;23.0
2B;2021-05-25;549;351;73642;42218;40.4;23.2
2B;2021-05-26;544;787;74186;43005;40.7;23.6
2B;2021-05-27;407;1131;74593;44136;40.9;24.2
2B;2021-05-28;553;906;75146;45042;41.2;24.7
2B;2021-05-29;311;353;75457;45395;41.4;24.9
2B;2021-05-30;46;45;75503;45440;41.4;24.9
2B;2021-05-31;376;831;75879;46271;41.6;25.4
2B;2021-06-01;414;1038;76293;47309;41.9;26.0
2B;2021-06-02;364;990;76657;48299;42.1;26.5
2B;2021-06-03;499;807;77156;49106;42.3;26.9
2B;2021-06-04;344;1254;77500;50360;42.5;27.6
2B;2021-06-05;257;491;77757;50851;42.7;27.9
2B;2021-06-06;51;129;77808;50980;42.7;28.0
2B;2021-06-07;283;947;78091;51927;42.8;28.5
2B;2021-06-08;399;1170;78490;53097;43.1;29.1
2B;2021-06-09;519;1177;79009;54274;43.4;29.8
2B;2021-06-10;368;939;79377;55213;43.6;30.3
2B;2021-06-11;432;1273;79809;56486;43.8;31.0
2B;2021-06-12;151;544;79960;57030;43.9;31.3
2B;2021-06-13;27;59;79987;57089;43.9;31.3
2B;2021-06-14;195;1115;80182;58204;44.0;31.9
2B;2021-06-15;345;1219;80527;59423;44.2;32.6
2B;2021-06-16;383;937;80910;60360;44.4;33.1
2B;2021-06-17;403;1046;81313;61406;44.6;33.7
2B;2021-06-18;348;960;81661;62366;44.8;34.2
2B;2021-06-19;144;330;81805;62696;44.9;34.4
2B;2021-06-20;44;194;81849;62890;44.9;34.5
2B;2021-06-21;265;962;82114;63852;45.1;35.0
2B;2021-06-22;317;1115;82431;64967;45.2;35.6
2B;2021-06-23;209;872;82640;65839;45.3;36.1
2B;2021-06-24;337;757;82977;66596;45.5;36.5
2B;2021-06-25;212;1074;83189;67670;45.6;37.1
2B;2021-06-26;105;550;83294;68220;45.7;37.4
2B;2021-06-27;32;215;83326;68435;45.7;37.5
2B;2021-06-28;329;954;83655;69389;45.9;38.1
2B;2021-06-29;270;988;83925;70377;46.0;38.6
2B;2021-06-30;381;950;84306;71327;46.3;39.1
2B;2021-07-01;226;509;84532;71836;46.4;39.4
2B;2021-07-02;219;557;84751;72393;46.5;39.7
2B;2021-07-03;91;397;84842;72790;46.6;39.9
2B;2021-07-04;2;0;84844;72790;46.6;39.9
2B;2021-07-05;264;666;85108;73456;46.7;40.3
2B;2021-07-06;450;707;85558;74163;46.9;40.7
2B;2021-07-07;376;908;85934;75071;47.1;41.2
2B;2021-07-08;183;348;86117;75419;47.3;41.4
2B;2021-07-09;250;375;86367;75794;47.4;41.6
2B;2021-07-10;197;199;86564;75993;47.5;41.7
2B;2021-07-11;13;14;86577;76007;47.5;41.7
2B;2021-07-12;497;747;87074;76754;47.8;42.1
2B;2021-07-13;822;1017;87896;77771;48.2;42.7
2B;2021-07-14;344;100;88240;77871;48.4;42.7
2B;2021-07-15;1272;588;89512;78459;49.1;43.0
2B;2021-07-16;1121;563;90633;79022;49.7;43.4
2B;2021-07-17;711;318;91344;79340;50.1;43.5
2B;2021-07-18;179;49;91523;79389;50.2;43.6
2B;2021-07-19;858;709;92381;80098;50.7;43.9
2B;2021-07-20;1212;683;93593;80781;51.4;44.3
2B;2021-07-21;1396;724;94989;81505;52.1;44.7
2B;2021-07-22;1328;604;96317;82109;52.8;45.1
2B;2021-07-23;1323;501;97640;82610;53.6;45.3
2B;2021-07-24;536;316;98176;82926;53.9;45.5
2B;2021-07-25;203;71;98379;82997;54.0;45.5
2B;2021-07-26;913;632;99292;83629;54.5;45.9
2B;2021-07-27;1579;705;100871;84334;55.3;46.3
2B;2021-07-28;1174;634;102045;84968;56.0;46.6
2B;2021-07-29;1145;449;103190;85417;56.6;46.9
2B;2021-07-30;767;349;103957;85766;57.0;47.1
2B;2021-07-31;538;233;104495;85999;57.3;47.2
2B;2021-08-01;230;57;104725;86056;57.5;47.2
2B;2021-08-02;802;471;105527;86527;57.9;47.5
2B;2021-08-03;1137;785;106664;87312;58.5;47.9
2B;2021-08-04;809;452;107473;87764;59.0;48.2
2B;2021-08-05;1023;558;108496;88322;59.5;48.5
2B;2021-08-06;701;524;109197;88846;59.9;48.7
2B;2021-08-07;306;406;109503;89252;60.1;49.0
2B;2021-08-08;93;142;109596;89394;60.1;49.0
2B;2021-08-09;536;747;110132;90141;60.4;49.5
2B;2021-08-10;737;1133;110869;91274;60.8;50.1
2B;2021-08-11;749;899;111618;92173;61.2;50.6
2B;2021-08-12;691;1046;112309;93219;61.6;51.1
2B;2021-08-13;488;950;112797;94169;61.9;51.7
2B;2021-08-14;199;439;112996;94608;62.0;51.9
2B;2021-08-15;117;173;113113;94781;62.1;52.0
2B;2021-08-16;508;1065;113621;95846;62.3;52.6
2B;2021-08-17;583;1306;114204;97152;62.7;53.3
2B;2021-08-18;508;1194;114712;98346;62.9;54.0
2B;2021-08-19;421;897;115133;99243;63.2;54.5
2B;2021-08-20;362;808;115495;100051;63.4;54.9
2B;2021-08-21;158;475;115653;100526;63.5;55.2
2B;2021-08-22;79;208;115732;100734;63.5;55.3
2B;2021-08-23;371;943;116103;101677;63.7;55.8
2B;2021-08-24;494;1211;116597;102888;64.0;56.5
2B;2021-08-25;342;967;116939;103855;64.2;57.0
2B;2021-08-26;396;816;117335;104671;64.4;57.4
2B;2021-08-27;258;572;117593;105243;64.5;57.7
2B;2021-08-28;166;439;117759;105682;64.6;58.0
2B;2021-08-29;52;126;117811;105808;64.6;58.1
2B;2021-08-30;362;851;118173;106659;64.8;58.5
2B;2021-08-31;378;919;118551;107578;65.0;59.0
2B;2021-09-01;365;983;118916;108561;65.2;59.6
2B;2021-09-02;301;734;119217;109295;65.4;60.0
2B;2021-09-03;214;500;119431;109795;65.5;60.2
2B;2021-09-04;120;342;119551;110137;65.6;60.4
2B;2021-09-05;17;137;119568;110274;65.6;60.5
2B;2021-09-06;159;654;119727;110928;65.7;60.9
2B;2021-09-07;254;963;119981;111891;65.8;61.4
30;2020-12-27;1;0;1;0;0.0;0.0
30;2020-12-28;1;0;2;0;0.0;0.0
30;2020-12-29;0;0;2;0;0.0;0.0
30;2020-12-30;0;0;2;0;0.0;0.0
30;2020-12-31;0;0;2;0;0.0;0.0
30;2021-01-01;0;0;2;0;0.0;0.0
30;2021-01-02;0;0;2;0;0.0;0.0
30;2021-01-03;0;0;2;0;0.0;0.0
30;2021-01-04;1;0;3;0;0.0;0.0
30;2021-01-05;3;0;6;0;0.0;0.0
30;2021-01-06;128;0;134;0;0.0;0.0
30;2021-01-07;313;0;447;0;0.1;0.0
30;2021-01-08;532;0;979;0;0.1;0.0
30;2021-01-09;270;0;1249;0;0.2;0.0
30;2021-01-10;0;0;1249;0;0.2;0.0
30;2021-01-11;537;0;1786;0;0.2;0.0
30;2021-01-12;800;3;2586;3;0.3;0.0
30;2021-01-13;640;0;3226;3;0.4;0.0
30;2021-01-14;652;5;3878;8;0.5;0.0
30;2021-01-15;756;2;4634;10;0.6;0.0
30;2021-01-16;313;0;4947;10;0.7;0.0
30;2021-01-17;3;0;4950;10;0.7;0.0
30;2021-01-18;941;5;5891;15;0.8;0.0
30;2021-01-19;1735;6;7626;21;1.0;0.0
30;2021-01-20;1304;2;8930;23;1.2;0.0
30;2021-01-21;1229;2;10159;25;1.4;0.0
30;2021-01-22;1076;6;11235;31;1.5;0.0
30;2021-01-23;634;2;11869;33;1.6;0.0
30;2021-01-24;0;0;11869;33;1.6;0.0
30;2021-01-25;831;4;12700;37;1.7;0.0
30;2021-01-26;1057;15;13757;52;1.8;0.0
30;2021-01-27;982;107;14739;159;2.0;0.0
30;2021-01-28;712;258;15451;417;2.1;0.1
30;2021-01-29;669;428;16120;845;2.2;0.1
30;2021-01-30;472;269;16592;1114;2.2;0.1
30;2021-01-31;3;7;16595;1121;2.2;0.1
30;2021-02-01;814;415;17409;1536;2.3;0.2
30;2021-02-02;1875;669;19284;2205;2.6;0.3
30;2021-02-03;1185;473;20469;2678;2.7;0.4
30;2021-02-04;968;624;21437;3302;2.9;0.4
30;2021-02-05;599;725;22036;4027;2.9;0.5
30;2021-02-06;294;229;22330;4256;3.0;0.6
30;2021-02-07;2;8;22332;4264;3.0;0.6
30;2021-02-08;574;655;22906;4919;3.1;0.7
30;2021-02-09;984;964;23890;5883;3.2;0.8
30;2021-02-10;986;1034;24876;6917;3.3;0.9
30;2021-02-11;929;986;25805;7903;3.4;1.1
30;2021-02-12;619;928;26424;8831;3.5;1.2
30;2021-02-13;436;334;26860;9165;3.6;1.2
30;2021-02-14;1;21;26861;9186;3.6;1.2
30;2021-02-15;450;540;27311;9726;3.6;1.3
30;2021-02-16;460;769;27771;10495;3.7;1.4
30;2021-02-17;682;556;28453;11051;3.8;1.5
30;2021-02-18;796;466;29249;11517;3.9;1.5
30;2021-02-19;574;616;29823;12133;4.0;1.6
30;2021-02-20;223;195;30046;12328;4.0;1.6
30;2021-02-21;5;3;30051;12331;4.0;1.6
30;2021-02-22;501;713;30552;13044;4.1;1.7
30;2021-02-23;974;1411;31526;14455;4.2;1.9
30;2021-02-24;929;1116;32455;15571;4.3;2.1
30;2021-02-25;1208;823;33663;16394;4.5;2.2
30;2021-02-26;1337;539;35000;16933;4.7;2.3
30;2021-02-27;564;508;35564;17441;4.8;2.3
30;2021-02-28;3;7;35567;17448;4.8;2.3
30;2021-03-01;1340;788;36907;18236;4.9;2.4
30;2021-03-02;1712;866;38619;19102;5.2;2.6
30;2021-03-03;2310;732;40929;19834;5.5;2.6
30;2021-03-04;2638;838;43567;20672;5.8;2.8
30;2021-03-05;2765;596;46332;21268;6.2;2.8
30;2021-03-06;2997;346;49329;21614;6.6;2.9
30;2021-03-07;1862;47;51191;21661;6.8;2.9
30;2021-03-08;1554;759;52745;22420;7.0;3.0
30;2021-03-09;2276;845;55021;23265;7.4;3.1
30;2021-03-10;2359;641;57380;23906;7.7;3.2
30;2021-03-11;3056;697;60436;24603;8.1;3.3
30;2021-03-12;3112;385;63548;24988;8.5;3.3
30;2021-03-13;2227;293;65775;25281;8.8;3.4
30;2021-03-14;83;3;65858;25284;8.8;3.4
30;2021-03-15;1579;558;67437;25842;9.0;3.5
30;2021-03-16;1299;1063;68736;26905;9.2;3.6
30;2021-03-17;1456;637;70192;27542;9.4;3.7
30;2021-03-18;1649;712;71841;28254;9.6;3.8
30;2021-03-19;2250;546;74091;28800;9.9;3.8
30;2021-03-20;1401;142;75492;28942;10.1;3.9
30;2021-03-21;58;8;75550;28950;10.1;3.9
30;2021-03-22;2397;717;77947;29667;10.4;4.0
30;2021-03-23;3512;805;81459;30472;10.9;4.1
30;2021-03-24;3638;822;85097;31294;11.4;4.2
30;2021-03-25;4405;843;89502;32137;12.0;4.3
30;2021-03-26;4363;643;93865;32780;12.5;4.4
30;2021-03-27;1971;379;95836;33159;12.8;4.4
30;2021-03-28;35;29;95871;33188;12.8;4.4
30;2021-03-29;2816;1648;98687;34836;13.2;4.7
30;2021-03-30;3778;1882;102465;36718;13.7;4.9
30;2021-03-31;3507;1646;105972;38364;14.2;5.1
30;2021-04-01;4016;1468;109988;39832;14.7;5.3
30;2021-04-02;3604;1226;113592;41058;15.2;5.5
30;2021-04-03;1062;1227;114654;42285;15.3;5.6
30;2021-04-04;30;188;114684;42473;15.3;5.7
30;2021-04-05;766;289;115450;42762;15.4;5.7
30;2021-04-06;3044;1580;118494;44342;15.8;5.9
30;2021-04-07;2720;1631;121214;45973;16.2;6.1
30;2021-04-08;3922;1489;125136;47462;16.7;6.3
30;2021-04-09;4889;1520;130025;48982;17.4;6.5
30;2021-04-10;2427;1178;132452;50160;17.7;6.7
30;2021-04-11;950;59;133402;50219;17.8;6.7
30;2021-04-12;3146;1490;136548;51709;18.2;6.9
30;2021-04-13;4019;1934;140567;53643;18.8;7.2
30;2021-04-14;3386;1542;143953;55185;19.2;7.4
30;2021-04-15;3830;1466;147783;56651;19.7;7.6
30;2021-04-16;3703;1545;151486;58196;20.2;7.8
30;2021-04-17;1493;953;152979;59149;20.4;7.9
30;2021-04-18;961;67;153940;59216;20.6;7.9
30;2021-04-19;2450;2297;156390;61513;20.9;8.2
30;2021-04-20;2815;2831;159205;64344;21.3;8.6
30;2021-04-21;2603;2568;161808;66912;21.6;8.9
30;2021-04-22;3525;2315;165333;69227;22.1;9.2
30;2021-04-23;3581;2303;168914;71530;22.6;9.6
30;2021-04-24;1347;1228;170261;72758;22.7;9.7
30;2021-04-25;748;90;171009;72848;22.8;9.7
30;2021-04-26;2017;2388;173026;75236;23.1;10.1
30;2021-04-27;2952;2598;175978;77834;23.5;10.4
30;2021-04-28;2837;2489;178815;80323;23.9;10.7
30;2021-04-29;3620;2322;182435;82645;24.4;11.0
30;2021-04-30;3408;2021;185843;84666;24.8;11.3
30;2021-05-01;1749;604;187592;85270;25.1;11.4
30;2021-05-02;665;246;188257;85516;25.2;11.4
30;2021-05-03;3759;2503;192016;88019;25.7;11.8
30;2021-05-04;3985;3537;196001;91556;26.2;12.2
30;2021-05-05;3946;3125;199947;94681;26.7;12.6
30;2021-05-06;4205;3365;204152;98046;27.3;13.1
30;2021-05-07;4079;3065;208231;101111;27.8;13.5
30;2021-05-08;1605;720;209836;101831;28.0;13.6
30;2021-05-09;372;613;210208;102444;28.1;13.7
30;2021-05-10;2921;3116;213129;105560;28.5;14.1
30;2021-05-11;5388;3648;218517;109208;29.2;14.6
30;2021-05-12;5303;3219;223820;112427;29.9;15.0
30;2021-05-13;3232;1027;227052;113454;30.3;15.2
30;2021-05-14;4892;2460;231944;115914;31.0;15.5
30;2021-05-15;3408;1206;235352;117120;31.4;15.6
30;2021-05-16;397;338;235749;117458;31.5;15.7
30;2021-05-17;3798;3033;239547;120491;32.0;16.1
30;2021-05-18;4828;3034;244375;123525;32.7;16.5
30;2021-05-19;4775;2547;249150;126072;33.3;16.8
30;2021-05-20;5015;2577;254165;128649;34.0;17.2
30;2021-05-21;4888;2472;259053;131121;34.6;17.5
30;2021-05-22;3158;1290;262211;132411;35.0;17.7
30;2021-05-23;288;344;262499;132755;35.1;17.7
30;2021-05-24;786;767;263285;133522;35.2;17.8
30;2021-05-25;2657;3159;265942;136681;35.5;18.3
30;2021-05-26;2889;2569;268831;139250;35.9;18.6
30;2021-05-27;3761;2715;272592;141965;36.4;19.0
30;2021-05-28;3326;3267;275918;145232;36.9;19.4
30;2021-05-29;1687;1797;277605;147029;37.1;19.6
30;2021-05-30;360;584;277965;147613;37.1;19.7
30;2021-05-31;2830;2295;280795;149908;37.5;20.0
30;2021-06-01;3659;2797;284454;152705;38.0;20.4
30;2021-06-02;3319;2453;287773;155158;38.4;20.7
30;2021-06-03;4133;3355;291906;158513;39.0;21.2
30;2021-06-04;3904;3402;295810;161915;39.5;21.6
30;2021-06-05;1907;1315;297717;163230;39.8;21.8
30;2021-06-06;684;264;298401;163494;39.9;21.8
30;2021-06-07;4725;2527;303126;166021;40.5;22.2
30;2021-06-08;4832;3326;307958;169347;41.1;22.6
30;2021-06-09;4155;2992;312113;172339;41.7;23.0
30;2021-06-10;4612;3357;316725;175696;42.3;23.5
30;2021-06-11;4587;3812;321312;179508;42.9;24.0
30;2021-06-12;2485;1710;323797;181218;43.3;24.2
30;2021-06-13;494;344;324291;181562;43.3;24.3
30;2021-06-14;2470;4710;326761;186272;43.7;24.9
30;2021-06-15;3200;5311;329961;191583;44.1;25.6
30;2021-06-16;3108;4648;333069;196231;44.5;26.2
30;2021-06-17;3924;4372;336993;200603;45.0;26.8
30;2021-06-18;3714;4700;340707;205303;45.5;27.4
30;2021-06-19;1441;2005;342148;207308;45.7;27.7
30;2021-06-20;357;490;342505;207798;45.8;27.8
30;2021-06-21;2379;4909;344884;212707;46.1;28.4
30;2021-06-22;2365;5742;347249;218449;46.4;29.2
30;2021-06-23;2529;5346;349778;223795;46.7;29.9
30;2021-06-24;2339;4709;352117;228504;47.0;30.5
30;2021-06-25;2611;5603;354728;234107;47.4;31.3
30;2021-06-26;910;2940;355638;237047;47.5;31.7
30;2021-06-27;222;527;355860;237574;47.5;31.7
30;2021-06-28;1670;6030;357530;243604;47.8;32.5
30;2021-06-29;1837;6024;359367;249628;48.0;33.4
30;2021-06-30;2003;5256;361370;254884;48.3;34.1
30;2021-07-01;2988;4724;364358;259608;48.7;34.7
30;2021-07-02;2836;4628;367194;264236;49.1;35.3
30;2021-07-03;1155;3047;368349;267283;49.2;35.7
30;2021-07-04;116;393;368465;267676;49.2;35.8
30;2021-07-05;2027;4030;370492;271706;49.5;36.3
30;2021-07-06;2666;4972;373158;276678;49.9;37.0
30;2021-07-07;2539;4222;375697;280900;50.2;37.5
30;2021-07-08;2016;3420;377713;284320;50.5;38.0
30;2021-07-09;2410;5315;380123;289635;50.8;38.7
30;2021-07-10;1503;2157;381626;291792;51.0;39.0
30;2021-07-11;48;415;381674;292207;51.0;39.0
30;2021-07-12;2527;5150;384201;297357;51.3;39.7
30;2021-07-13;3301;6035;387502;303392;51.8;40.5
30;2021-07-14;500;550;388002;303942;51.8;40.6
30;2021-07-15;4137;5479;392139;309421;52.4;41.3
30;2021-07-16;4986;5726;397125;315147;53.1;42.1
30;2021-07-17;1705;2468;398830;317615;53.3;42.4
30;2021-07-18;146;601;398976;318216;53.3;42.5
30;2021-07-19;3374;6307;402350;324523;53.8;43.4
30;2021-07-20;4642;6522;406992;331045;54.4;44.2
30;2021-07-21;4063;5417;411055;336462;54.9;45.0
30;2021-07-22;4899;5739;415954;342201;55.6;45.7
30;2021-07-23;5000;5864;420954;348065;56.2;46.5
30;2021-07-24;2241;3261;423195;351326;56.5;46.9
30;2021-07-25;137;309;423332;351635;56.6;47.0
30;2021-07-26;4417;4131;427749;355766;57.1;47.5
30;2021-07-27;4858;4650;432607;360416;57.8;48.2
30;2021-07-28;4876;4019;437483;364435;58.5;48.7
30;2021-07-29;5924;4134;443407;368569;59.2;49.2
30;2021-07-30;5346;4390;448753;372959;60.0;49.8
30;2021-07-31;2653;1962;451406;374921;60.3;50.1
30;2021-08-01;734;311;452140;375232;60.4;50.1
30;2021-08-02;3681;4013;455821;379245;60.9;50.7
30;2021-08-03;4887;3948;460708;383193;61.6;51.2
30;2021-08-04;5279;3056;465987;386249;62.3;51.6
30;2021-08-05;4615;3783;470602;390032;62.9;52.1
30;2021-08-06;4288;4053;474890;394085;63.4;52.7
30;2021-08-07;1841;1951;476731;396036;63.7;52.9
30;2021-08-08;618;280;477349;396316;63.8;53.0
30;2021-08-09;3340;3758;480689;400074;64.2;53.5
30;2021-08-10;3925;4403;484614;404477;64.7;54.0
30;2021-08-11;3395;3481;488009;407958;65.2;54.5
30;2021-08-12;3756;4214;491765;412172;65.7;55.1
30;2021-08-13;3302;3338;495067;415510;66.1;55.5
30;2021-08-14;1124;2049;496191;417559;66.3;55.8
30;2021-08-15;270;175;496461;417734;66.3;55.8
30;2021-08-16;2157;4865;498618;422599;66.6;56.5
30;2021-08-17;2725;4194;501343;426793;67.0;57.0
30;2021-08-18;2793;3833;504136;430626;67.4;57.5
30;2021-08-19;2844;4328;506980;434954;67.7;58.1
30;2021-08-20;2586;4462;509566;439416;68.1;58.7
30;2021-08-21;1011;2884;510577;442300;68.2;59.1
30;2021-08-22;226;516;510803;442816;68.2;59.2
30;2021-08-23;1681;4474;512484;447290;68.5;59.8
30;2021-08-24;1943;4518;514427;451808;68.7;60.4
30;2021-08-25;1685;4344;516112;456152;69.0;60.9
30;2021-08-26;1843;4253;517955;460405;69.2;61.5
30;2021-08-27;1761;4353;519716;464758;69.4;62.1
30;2021-08-28;679;2472;520395;467230;69.5;62.4
30;2021-08-29;181;613;520576;467843;69.6;62.5
30;2021-08-30;1406;4302;521982;472145;69.7;63.1
30;2021-08-31;1324;4184;523306;476329;69.9;63.6
30;2021-09-01;1235;3622;524541;479951;70.1;64.1
30;2021-09-02;1339;3580;525880;483531;70.3;64.6
30;2021-09-03;1498;4144;527378;487675;70.5;65.2
30;2021-09-04;677;1924;528055;489599;70.6;65.4
30;2021-09-05;134;494;528189;490093;70.6;65.5
30;2021-09-06;717;2678;528906;492771;70.7;65.8
30;2021-09-07;686;2592;529592;495363;70.8;66.2
31;2020-12-27;0;0;0;0;0.0;0.0
31;2020-12-28;1;0;1;0;0.0;0.0
31;2020-12-29;0;0;1;0;0.0;0.0
31;2020-12-30;0;0;1;0;0.0;0.0
31;2020-12-31;1;0;2;0;0.0;0.0
31;2021-01-01;4;0;6;0;0.0;0.0
31;2021-01-02;0;0;6;0;0.0;0.0
31;2021-01-03;2;0;8;0;0.0;0.0
31;2021-01-04;3;0;11;0;0.0;0.0
31;2021-01-05;50;0;61;0;0.0;0.0
31;2021-01-06;211;1;272;1;0.0;0.0
31;2021-01-07;284;1;556;2;0.0;0.0
31;2021-01-08;546;1;1102;3;0.1;0.0
31;2021-01-09;275;0;1377;3;0.1;0.0
31;2021-01-10;286;0;1663;3;0.1;0.0
31;2021-01-11;982;3;2645;6;0.2;0.0
31;2021-01-12;1192;1;3837;7;0.3;0.0
31;2021-01-13;1158;3;4995;10;0.4;0.0
31;2021-01-14;1179;18;6174;28;0.4;0.0
31;2021-01-15;1047;3;7221;31;0.5;0.0
31;2021-01-16;243;1;7464;32;0.5;0.0
31;2021-01-17;176;0;7640;32;0.5;0.0
31;2021-01-18;1615;5;9255;37;0.7;0.0
31;2021-01-19;2935;10;12190;47;0.9;0.0
31;2021-01-20;3669;12;15859;59;1.1;0.0
31;2021-01-21;2993;7;18852;66;1.3;0.0
31;2021-01-22;2272;5;21124;71;1.5;0.0
31;2021-01-23;728;2;21852;73;1.6;0.0
31;2021-01-24;212;1;22064;74;1.6;0.0
31;2021-01-25;1744;9;23808;83;1.7;0.0
31;2021-01-26;1838;58;25646;141;1.8;0.0
31;2021-01-27;1575;145;27221;286;1.9;0.0
31;2021-01-28;1385;291;28606;577;2.0;0.0
31;2021-01-29;1359;332;29965;909;2.1;0.1
31;2021-01-30;446;173;30411;1082;2.2;0.1
31;2021-01-31;61;194;30472;1276;2.2;0.1
31;2021-02-01;1160;705;31632;1981;2.3;0.1
31;2021-02-02;3041;783;34673;2764;2.5;0.2
31;2021-02-03;1918;754;36591;3518;2.6;0.3
31;2021-02-04;1809;829;38400;4347;2.7;0.3
31;2021-02-05;1340;562;39740;4909;2.8;0.4
31;2021-02-06;383;53;40123;4962;2.9;0.4
31;2021-02-07;37;40;40160;5002;2.9;0.4
31;2021-02-08;1115;636;41275;5638;2.9;0.4
31;2021-02-09;1678;1545;42953;7183;3.1;0.5
31;2021-02-10;1960;2392;44913;9575;3.2;0.7
31;2021-02-11;1815;1794;46728;11369;3.3;0.8
31;2021-02-12;1539;772;48267;12141;3.4;0.9
31;2021-02-13;504;218;48771;12359;3.5;0.9
31;2021-02-14;56;204;48827;12563;3.5;0.9
31;2021-02-15;443;1194;49270;13757;3.5;1.0
31;2021-02-16;464;1380;49734;15137;3.6;1.1
31;2021-02-17;471;1445;50205;16582;3.6;1.2
31;2021-02-18;476;1538;50681;18120;3.6;1.3
31;2021-02-19;393;1395;51074;19515;3.6;1.4
31;2021-02-20;69;454;51143;19969;3.7;1.4
31;2021-02-21;77;153;51220;20122;3.7;1.4
31;2021-02-22;433;1573;51653;21695;3.7;1.5
31;2021-02-23;865;2870;52518;24565;3.7;1.8
31;2021-02-24;652;2031;53170;26596;3.8;1.9
31;2021-02-25;1432;1733;54602;28329;3.9;2.0
31;2021-02-26;1711;1099;56313;29428;4.0;2.1
31;2021-02-27;638;345;56951;29773;4.1;2.1
31;2021-02-28;78;54;57029;29827;4.1;2.1
31;2021-03-01;874;1037;57903;30864;4.1;2.2
31;2021-03-02;1239;1543;59142;32407;4.2;2.3
31;2021-03-03;1354;1694;60496;34101;4.3;2.4
31;2021-03-04;2424;1412;62920;35513;4.5;2.5
31;2021-03-05;3054;1523;65974;37036;4.7;2.6
31;2021-03-06;2835;375;68809;37411;4.9;2.7
31;2021-03-07;5368;109;74177;37520;5.3;2.7
31;2021-03-08;1599;1061;75776;38581;5.4;2.8
31;2021-03-09;2792;1166;78568;39747;5.6;2.8
31;2021-03-10;2574;1070;81142;40817;5.8;2.9
31;2021-03-11;4380;1153;85522;41970;6.1;3.0
31;2021-03-12;5315;1187;90837;43157;6.5;3.1
31;2021-03-13;2837;505;93674;43662;6.7;3.1
31;2021-03-14;235;49;93909;43711;6.7;3.1
31;2021-03-15;2583;425;96492;44136;6.9;3.2
31;2021-03-16;1745;804;98237;44940;7.0;3.2
31;2021-03-17;1657;554;99894;45494;7.1;3.2
31;2021-03-18;1988;706;101882;46200;7.3;3.3
31;2021-03-19;3187;519;105069;46719;7.5;3.3
31;2021-03-20;1797;137;106866;46856;7.6;3.3
31;2021-03-21;210;35;107076;46891;7.6;3.3
31;2021-03-22;2580;369;109656;47260;7.8;3.4
31;2021-03-23;4055;321;113711;47581;8.1;3.4
31;2021-03-24;4357;291;118068;47872;8.4;3.4
31;2021-03-25;6041;526;124109;48398;8.9;3.5
31;2021-03-26;5466;514;129575;48912;9.2;3.5
31;2021-03-27;4350;211;133925;49123;9.6;3.5
31;2021-03-28;2291;48;136216;49171;9.7;3.5
31;2021-03-29;4207;431;140423;49602;10.0;3.5
31;2021-03-30;6596;555;147019;50157;10.5;3.6
31;2021-03-31;5650;383;152669;50540;10.9;3.6
31;2021-04-01;6966;558;159635;51098;11.4;3.6
31;2021-04-02;6102;585;165737;51683;11.8;3.7
31;2021-04-03;3929;152;169666;51835;12.1;3.7
31;2021-04-04;2060;115;171726;51950;12.3;3.7
31;2021-04-05;481;70;172207;52020;12.3;3.7
31;2021-04-06;4166;1152;176373;53172;12.6;3.8
31;2021-04-07;5987;982;182360;54154;13.0;3.9
31;2021-04-08;7568;1038;189928;55192;13.6;3.9
31;2021-04-09;8387;1260;198315;56452;14.2;4.0
31;2021-04-10;4717;544;203032;56996;14.5;4.1
31;2021-04-11;2068;137;205100;57133;14.6;4.1
31;2021-04-12;6000;1839;211100;58972;15.1;4.2
31;2021-04-13;8033;2021;219133;60993;15.6;4.4
31;2021-04-14;6652;1917;225785;62910;16.1;4.5
31;2021-04-15;7773;2239;233558;65149;16.7;4.7
31;2021-04-16;7182;2098;240740;67247;17.2;4.8
31;2021-04-17;4413;909;245153;68156;17.5;4.9
31;2021-04-18;2513;354;247666;68510;17.7;4.9
31;2021-04-19;5220;2027;252886;70537;18.1;5.0
31;2021-04-20;6073;2846;258959;73383;18.5;5.2
31;2021-04-21;5974;2794;264933;76177;18.9;5.4
31;2021-04-22;6381;3246;271314;79423;19.4;5.7
31;2021-04-23;6281;2554;277595;81977;19.8;5.9
31;2021-04-24;1615;3140;279210;85117;19.9;6.1
31;2021-04-25;687;2094;279897;87211;20.0;6.2
31;2021-04-26;3793;3224;283690;90435;20.3;6.5
31;2021-04-27;4517;3894;288207;94329;20.6;6.7
31;2021-04-28;4545;3567;292752;97896;20.9;7.0
31;2021-04-29;5183;4066;297935;101962;21.3;7.3
31;2021-04-30;5037;4130;302972;106092;21.6;7.6
31;2021-05-01;1487;3119;304459;109211;21.7;7.8
31;2021-05-02;1414;1980;305873;111191;21.8;7.9
31;2021-05-03;5657;2420;311530;113611;22.2;8.1
31;2021-05-04;4779;4740;316309;118351;22.6;8.4
31;2021-05-05;2996;5719;319305;124070;22.8;8.9
31;2021-05-06;3636;7377;322941;131447;23.1;9.4
31;2021-05-07;5257;7158;328198;138605;23.4;9.9
31;2021-05-08;3634;3104;331832;141709;23.7;10.1
31;2021-05-09;3760;2309;335592;144018;24.0;10.3
31;2021-05-10;5685;5477;341277;149495;24.4;10.7
31;2021-05-11;6653;6700;347930;156195;24.8;11.1
31;2021-05-12;6173;5935;354103;162130;25.3;11.6
31;2021-05-13;4643;2064;358746;164194;25.6;11.7
31;2021-05-14;6912;3979;365658;168173;26.1;12.0
31;2021-05-15;5144;1755;370802;169928;26.5;12.1
31;2021-05-16;3301;633;374103;170561;26.7;12.2
31;2021-05-17;5143;4150;379246;174711;27.1;12.5
31;2021-05-18;5589;4273;384835;178984;27.5;12.8
31;2021-05-19;5783;3762;390618;182746;27.9;13.0
31;2021-05-20;6475;4797;397093;187543;28.3;13.4
31;2021-05-21;5985;4607;403078;192150;28.8;13.7
31;2021-05-22;4085;1630;407163;193780;29.1;13.8
31;2021-05-23;3585;342;410748;194122;29.3;13.9
31;2021-05-24;3880;707;414628;194829;29.6;13.9
31;2021-05-25;6191;3607;420819;198436;30.0;14.2
31;2021-05-26;5610;4643;426429;203079;30.4;14.5
31;2021-05-27;4788;6190;431217;209269;30.8;14.9
31;2021-05-28;4118;6353;435335;215622;31.1;15.4
31;2021-05-29;1918;4029;437253;219651;31.2;15.7
31;2021-05-30;751;2361;438004;222012;31.3;15.8
31;2021-05-31;4399;5081;442403;227093;31.6;16.2
31;2021-06-01;5955;6562;448358;233655;32.0;16.7
31;2021-06-02;5801;6307;454159;239962;32.4;17.1
31;2021-06-03;7309;8141;461468;248103;32.9;17.7
31;2021-06-04;7545;7160;469013;255263;33.5;18.2
31;2021-06-05;9079;2771;478092;258034;34.1;18.4
31;2021-06-06;8114;1582;486206;259616;34.7;18.5
31;2021-06-07;7989;5472;494195;265088;35.3;18.9
31;2021-06-08;9108;6050;503303;271138;35.9;19.4
31;2021-06-09;8920;5556;512223;276694;36.6;19.8
31;2021-06-10;9784;6360;522007;283054;37.3;20.2
31;2021-06-11;10051;6636;532058;289690;38.0;20.7
31;2021-06-12;8792;3021;540850;292711;38.6;20.9
31;2021-06-13;8376;2018;549226;294729;39.2;21.0
31;2021-06-14;8432;6731;557658;301460;39.8;21.5
31;2021-06-15;9780;7447;567438;308907;40.5;22.1
31;2021-06-16;8739;5257;576177;314164;41.1;22.4
31;2021-06-17;8279;6603;584456;320767;41.7;22.9
31;2021-06-18;8555;7752;593011;328519;42.3;23.4
31;2021-06-19;7367;5437;600378;333956;42.9;23.8
31;2021-06-20;5574;3725;605952;337681;43.3;24.1
31;2021-06-21;5377;6917;611329;344598;43.6;24.6
31;2021-06-22;4989;8229;616318;352827;44.0;25.2
31;2021-06-23;5111;7282;621429;360109;44.4;25.7
31;2021-06-24;4635;8327;626064;368436;44.7;26.3
31;2021-06-25;5018;9312;631082;377748;45.0;27.0
31;2021-06-26;4283;6399;635365;384147;45.4;27.4
31;2021-06-27;3597;4107;638962;388254;45.6;27.7
31;2021-06-28;4101;6649;643063;394903;45.9;28.2
31;2021-06-29;3799;7563;646862;402466;46.2;28.7
31;2021-06-30;4280;7812;651142;410278;46.5;29.3
31;2021-07-01;4093;8466;655235;418744;46.8;29.9
31;2021-07-02;4109;9328;659344;428072;47.1;30.6
31;2021-07-03;4101;6110;663445;434182;47.4;31.0
31;2021-07-04;3206;4811;666651;438993;47.6;31.3
31;2021-07-05;4055;7098;670706;446091;47.9;31.8
31;2021-07-06;3889;8364;674595;454455;48.2;32.4
31;2021-07-07;3961;7965;678556;462420;48.4;33.0
31;2021-07-08;4055;8540;682611;470960;48.7;33.6
31;2021-07-09;4464;8802;687075;479762;49.0;34.2
31;2021-07-10;3919;5496;690994;485258;49.3;34.6
31;2021-07-11;3138;4138;694132;489396;49.5;34.9
31;2021-07-12;3826;8632;697958;498028;49.8;35.5
31;2021-07-13;6922;9441;704880;507469;50.3;36.2
31;2021-07-14;6167;3933;711047;511402;50.8;36.5
31;2021-07-15;8522;9445;719569;520847;51.4;37.2
31;2021-07-16;7778;9916;727347;530763;51.9;37.9
31;2021-07-17;8366;10550;735713;541313;52.5;38.6
31;2021-07-18;6629;9470;742342;550783;53.0;39.3
31;2021-07-19;4792;10772;747134;561555;53.3;40.1
31;2021-07-20;7164;11480;754298;573035;53.8;40.9
31;2021-07-21;7044;11530;761342;584565;54.3;41.7
31;2021-07-22;8165;11761;769507;596326;54.9;42.6
31;2021-07-23;7472;11811;776979;608137;55.5;43.4
31;2021-07-24;10317;10565;787296;618702;56.2;44.2
31;2021-07-25;7567;8802;794863;627504;56.7;44.8
31;2021-07-26;5520;9543;800383;637047;57.1;45.5
31;2021-07-27;7965;9199;808348;646246;57.7;46.1
31;2021-07-28;8682;8280;817030;654526;58.3;46.7
31;2021-07-29;8851;8050;825881;662576;59.0;47.3
31;2021-07-30;7668;7987;833549;670563;59.5;47.9
31;2021-07-31;6017;7392;839566;677955;59.9;48.4
31;2021-08-01;4433;4303;843999;682258;60.2;48.7
31;2021-08-02;5485;5417;849484;687675;60.6;49.1
31;2021-08-03;5857;5187;855341;692862;61.1;49.5
31;2021-08-04;5923;4801;861264;697663;61.5;49.8
31;2021-08-05;5579;7229;866843;704892;61.9;50.3
31;2021-08-06;5297;7342;872140;712234;62.3;50.8
31;2021-08-07;4597;6643;876737;718877;62.6;51.3
31;2021-08-08;3382;5576;880119;724453;62.8;51.7
31;2021-08-09;4386;7008;884505;731461;63.1;52.2
31;2021-08-10;4663;6281;889168;737742;63.5;52.7
31;2021-08-11;4517;5860;893685;743602;63.8;53.1
31;2021-08-12;4517;6755;898202;750357;64.1;53.6
31;2021-08-13;4149;6194;902351;756551;64.4;54.0
31;2021-08-14;3032;6461;905383;763012;64.6;54.5
31;2021-08-15;1294;4095;906677;767107;64.7;54.8
31;2021-08-16;3208;8127;909885;775234;64.9;55.3
31;2021-08-17;3420;7097;913305;782331;65.2;55.8
31;2021-08-18;3298;7001;916603;789332;65.4;56.3
31;2021-08-19;2955;6987;919558;796319;65.6;56.8
31;2021-08-20;2957;7386;922515;803705;65.8;57.4
31;2021-08-21;1967;6792;924482;810497;66.0;57.9
31;2021-08-22;1483;5634;925965;816131;66.1;58.3
31;2021-08-23;2321;7722;928286;823853;66.3;58.8
31;2021-08-24;2542;6168;930828;830021;66.4;59.2
31;2021-08-25;2356;5725;933184;835746;66.6;59.7
31;2021-08-26;2261;5794;935445;841540;66.8;60.1
31;2021-08-27;2347;6660;937792;848200;66.9;60.5
31;2021-08-28;1826;6786;939618;854986;67.1;61.0
31;2021-08-29;1270;5064;940888;860050;67.2;61.4
31;2021-08-30;2113;6628;943001;866678;67.3;61.9
31;2021-08-31;2246;5563;945247;872241;67.5;62.3
31;2021-09-01;1677;5054;946924;877295;67.6;62.6
31;2021-09-02;1741;4523;948665;881818;67.7;62.9
31;2021-09-03;1762;5203;950427;887021;67.8;63.3
31;2021-09-04;1990;5928;952417;892949;68.0;63.7
31;2021-09-05;1124;2401;953541;895350;68.1;63.9
31;2021-09-06;1251;3591;954792;898941;68.2;64.2
31;2021-09-07;1227;3342;956019;902283;68.2;64.4
32;2020-12-27;0;0;0;0;0.0;0.0
32;2020-12-28;0;0;0;0;0.0;0.0
32;2020-12-29;0;0;0;0;0.0;0.0
32;2020-12-30;0;0;0;0;0.0;0.0
32;2020-12-31;0;0;0;0;0.0;0.0
32;2021-01-01;0;0;0;0;0.0;0.0
32;2021-01-02;0;0;0;0;0.0;0.0
32;2021-01-03;1;0;1;0;0.0;0.0
32;2021-01-04;3;0;4;0;0.0;0.0
32;2021-01-05;1;0;5;0;0.0;0.0
32;2021-01-06;2;0;7;0;0.0;0.0
32;2021-01-07;155;0;162;0;0.1;0.0
32;2021-01-08;70;0;232;0;0.1;0.0
32;2021-01-09;5;0;237;0;0.1;0.0
32;2021-01-10;1;0;238;0;0.1;0.0
32;2021-01-11;11;0;249;0;0.1;0.0
32;2021-01-12;96;0;345;0;0.2;0.0
32;2021-01-13;325;1;670;1;0.4;0.0
32;2021-01-14;378;3;1048;4;0.6;0.0
32;2021-01-15;448;2;1496;6;0.8;0.0
32;2021-01-16;16;2;1512;8;0.8;0.0
32;2021-01-17;1;0;1513;8;0.8;0.0
32;2021-01-18;345;1;1858;9;1.0;0.0
32;2021-01-19;418;0;2276;9;1.2;0.0
32;2021-01-20;358;0;2634;9;1.4;0.0
32;2021-01-21;582;0;3216;9;1.7;0.0
32;2021-01-22;372;0;3588;9;1.9;0.0
32;2021-01-23;180;0;3768;9;2.0;0.0
32;2021-01-24;5;0;3773;9;2.0;0.0
32;2021-01-25;468;1;4241;10;2.2;0.0
32;2021-01-26;608;0;4849;10;2.6;0.0
32;2021-01-27;702;4;5551;14;2.9;0.0
32;2021-01-28;687;14;6238;28;3.3;0.0
32;2021-01-29;460;50;6698;78;3.5;0.0
32;2021-01-30;260;0;6958;78;3.7;0.0
32;2021-01-31;4;5;6962;83;3.7;0.0
32;2021-02-01;288;57;7250;140;3.8;0.1
32;2021-02-02;638;139;7888;279;4.2;0.1
32;2021-02-03;338;198;8226;477;4.3;0.3
32;2021-02-04;426;276;8652;753;4.6;0.4
32;2021-02-05;348;355;9000;1108;4.7;0.6
32;2021-02-06;147;0;9147;1108;4.8;0.6
32;2021-02-07;0;36;9147;1144;4.8;0.6
32;2021-02-08;278;115;9425;1259;5.0;0.7
32;2021-02-09;310;227;9735;1486;5.1;0.8
32;2021-02-10;271;251;10006;1737;5.3;0.9
32;2021-02-11;382;314;10388;2051;5.5;1.1
32;2021-02-12;297;275;10685;2326;5.6;1.2
32;2021-02-13;249;1;10934;2327;5.8;1.2
32;2021-02-14;0;28;10934;2355;5.8;1.2
32;2021-02-15;25;191;10959;2546;5.8;1.3
32;2021-02-16;393;347;11352;2893;6.0;1.5
32;2021-02-17;191;459;11543;3352;6.1;1.8
32;2021-02-18;331;481;11874;3833;6.2;2.0
32;2021-02-19;184;275;12058;4108;6.3;2.2
32;2021-02-20;1;100;12059;4208;6.3;2.2
32;2021-02-21;0;0;12059;4208;6.3;2.2
32;2021-02-22;158;352;12217;4560;6.4;2.4
32;2021-02-23;431;547;12648;5107;6.7;2.7
32;2021-02-24;277;356;12925;5463;6.8;2.9
32;2021-02-25;481;494;13406;5957;7.1;3.1
32;2021-02-26;444;373;13850;6330;7.3;3.3
32;2021-02-27;157;236;14007;6566;7.4;3.5
32;2021-02-28;4;0;14011;6566;7.4;3.5
32;2021-03-01;51;292;14062;6858;7.4;3.6
32;2021-03-02;415;420;14477;7278;7.6;3.8
32;2021-03-03;276;285;14753;7563;7.8;4.0
32;2021-03-04;540;336;15293;7899;8.0;4.2
32;2021-03-05;437;243;15730;8142;8.3;4.3
32;2021-03-06;522;163;16252;8305;8.6;4.4
32;2021-03-07;25;5;16277;8310;8.6;4.4
32;2021-03-08;234;290;16511;8600;8.7;4.5
32;2021-03-09;644;328;17155;8928;9.0;4.7
32;2021-03-10;482;325;17637;9253;9.3;4.9
32;2021-03-11;854;289;18491;9542;9.7;5.0
32;2021-03-12;882;339;19373;9881;10.2;5.2
32;2021-03-13;492;246;19865;10127;10.5;5.3
32;2021-03-14;1;0;19866;10127;10.5;5.3
32;2021-03-15;267;25;20133;10152;10.6;5.3
32;2021-03-16;314;306;20447;10458;10.8;5.5
32;2021-03-17;151;154;20598;10612;10.8;5.6
32;2021-03-18;375;307;20973;10919;11.0;5.7
32;2021-03-19;404;179;21377;11098;11.2;5.8
32;2021-03-20;136;33;21513;11131;11.3;5.9
32;2021-03-21;0;0;21513;11131;11.3;5.9
32;2021-03-22;340;170;21853;11301;11.5;5.9
32;2021-03-23;560;399;22413;11700;11.8;6.2
32;2021-03-24;643;269;23056;11969;12.1;6.3
32;2021-03-25;899;416;23955;12385;12.6;6.5
32;2021-03-26;657;294;24612;12679;13.0;6.7
32;2021-03-27;165;3;24777;12682;13.0;6.7
32;2021-03-28;1;1;24778;12683;13.0;6.7
32;2021-03-29;371;48;25149;12731;13.2;6.7
32;2021-03-30;766;290;25915;13021;13.6;6.9
32;2021-03-31;654;171;26569;13192;14.0;6.9
32;2021-04-01;1238;320;27807;13512;14.6;7.1
32;2021-04-02;575;167;28382;13679;14.9;7.2
32;2021-04-03;114;0;28496;13679;15.0;7.2
32;2021-04-04;0;0;28496;13679;15.0;7.2
32;2021-04-05;0;0;28496;13679;15.0;7.2
32;2021-04-06;2648;308;31144;13987;16.4;7.4
32;2021-04-07;1178;202;32322;14189;17.0;7.5
32;2021-04-08;1736;405;34058;14594;17.9;7.7
32;2021-04-09;883;218;34941;14812;18.4;7.8
32;2021-04-10;809;29;35750;14841;18.8;7.8
32;2021-04-11;14;0;35764;14841;18.8;7.8
32;2021-04-12;477;23;36241;14864;19.1;7.8
32;2021-04-13;2469;388;38710;15252;20.4;8.0
32;2021-04-14;1227;263;39937;15515;21.0;8.2
32;2021-04-15;1704;392;41641;15907;21.9;8.4
32;2021-04-16;638;282;42279;16189;22.2;8.5
32;2021-04-17;783;38;43062;16227;22.7;8.5
32;2021-04-18;13;1;43075;16228;22.7;8.5
32;2021-04-19;502;45;43577;16273;22.9;8.6
32;2021-04-20;2472;392;46049;16665;24.2;8.8
32;2021-04-21;1010;303;47059;16968;24.8;8.9
32;2021-04-22;1662;320;48721;17288;25.6;9.1
32;2021-04-23;549;159;49270;17447;25.9;9.2
32;2021-04-24;1392;55;50662;17502;26.7;9.2
32;2021-04-25;0;11;50662;17513;26.7;9.2
32;2021-04-26;387;359;51049;17872;26.9;9.4
32;2021-04-27;2552;555;53601;18427;28.2;9.7
32;2021-04-28;972;355;54573;18782;28.7;9.9
32;2021-04-29;1009;884;55582;19666;29.2;10.3
32;2021-04-30;453;362;56035;20028;29.5;10.5
32;2021-05-01;2607;97;58642;20125;30.9;10.6
32;2021-05-02;0;0;58642;20125;30.9;10.6
32;2021-05-03;171;321;58813;20446;30.9;10.8
32;2021-05-04;789;2496;59602;22942;31.4;12.1
32;2021-05-05;2361;1098;61963;24040;32.6;12.6
32;2021-05-06;516;1658;62479;25698;32.9;13.5
32;2021-05-07;2286;539;64765;26237;34.1;13.8
32;2021-05-08;71;516;64836;26753;34.1;14.1
32;2021-05-09;21;179;64857;26932;34.1;14.2
32;2021-05-10;1994;547;66851;27479;35.2;14.5
32;2021-05-11;651;2275;67502;29754;35.5;15.7
32;2021-05-12;2313;1138;69815;30892;36.7;16.3
32;2021-05-13;281;1417;70096;32309;36.9;17.0
32;2021-05-14;2222;327;72318;32636;38.1;17.2
32;2021-05-15;134;712;72452;33348;38.1;17.5
32;2021-05-16;2;0;72454;33348;38.1;17.5
32;2021-05-17;353;169;72807;33517;38.3;17.6
32;2021-05-18;1642;297;74449;33814;39.2;17.8
32;2021-05-19;2475;272;76924;34086;40.5;17.9
32;2021-05-20;2887;471;79811;34557;42.0;18.2
32;2021-05-21;2535;500;82346;35057;43.3;18.4
32;2021-05-22;334;111;82680;35168;43.5;18.5
32;2021-05-23;2;13;82682;35181;43.5;18.5
32;2021-05-24;3;0;82685;35181;43.5;18.5
32;2021-05-25;1983;373;84668;35554;44.6;18.7
32;2021-05-26;2548;555;87216;36109;45.9;19.0
32;2021-05-27;2877;627;90093;36736;47.4;19.3
32;2021-05-28;2311;766;92404;37502;48.6;19.7
32;2021-05-29;372;311;92776;37813;48.8;19.9
32;2021-05-30;4;6;92780;37819;48.8;19.9
32;2021-05-31;1414;625;94194;38444;49.6;20.2
32;2021-06-01;566;2888;94760;41332;49.9;21.7
32;2021-06-02;1580;1352;96340;42684;50.7;22.5
32;2021-06-03;395;2087;96735;44771;50.9;23.6
32;2021-06-04;1837;830;98572;45601;51.9;24.0
32;2021-06-05;206;1661;98778;47262;52.0;24.9
32;2021-06-06;8;14;98786;47276;52.0;24.9
32;2021-06-07;103;418;98889;47694;52.0;25.1
32;2021-06-08;664;2541;99553;50235;52.4;26.4
32;2021-06-09;1191;1055;100744;51290;53.0;27.0
32;2021-06-10;686;1225;101430;52515;53.4;27.6
32;2021-06-11;926;662;102356;53177;53.9;28.0
32;2021-06-12;150;2679;102506;55856;53.9;29.4
32;2021-06-13;1;1;102507;55857;53.9;29.4
32;2021-06-14;529;210;103036;56067;54.2;29.5
32;2021-06-15;1735;1027;104771;57094;55.1;30.0
32;2021-06-16;850;2777;105621;59871;55.6;31.5
32;2021-06-17;860;829;106481;60700;56.0;31.9
32;2021-06-18;315;2724;106796;63424;56.2;33.4
32;2021-06-19;914;436;107710;63860;56.7;33.6
32;2021-06-20;5;13;107715;63873;56.7;33.6
32;2021-06-21;67;1994;107782;65867;56.7;34.7
32;2021-06-22;1043;970;108825;66837;57.3;35.2
32;2021-06-23;516;2184;109341;69021;57.5;36.3
32;2021-06-24;528;519;109869;69540;57.8;36.6
32;2021-06-25;501;2359;110370;71899;58.1;37.8
32;2021-06-26;108;171;110478;72070;58.1;37.9
32;2021-06-27;2;5;110480;72075;58.1;37.9
32;2021-06-28;630;603;111110;72678;58.5;38.2
32;2021-06-29;800;1985;111910;74663;58.9;39.3
32;2021-06-30;757;2727;112667;77390;59.3;40.7
32;2021-07-01;540;2641;113207;80031;59.6;42.1
32;2021-07-02;641;2335;113848;82366;59.9;43.3
32;2021-07-03;482;506;114330;82872;60.2;43.6
32;2021-07-04;1;12;114331;82884;60.2;43.6
32;2021-07-05;76;391;114407;83275;60.2;43.8
32;2021-07-06;880;2083;115287;85358;60.7;44.9
32;2021-07-07;781;2757;116068;88115;61.1;46.4
32;2021-07-08;478;2268;116546;90383;61.3;47.6
32;2021-07-09;615;2226;117161;92609;61.7;48.7
32;2021-07-10;537;521;117698;93130;61.9;49.0
32;2021-07-11;0;5;117698;93135;61.9;49.0
32;2021-07-12;525;1243;118223;94378;62.2;49.7
32;2021-07-13;1697;1816;119920;96194;63.1;50.6
32;2021-07-14;491;35;120411;96229;63.4;50.6
32;2021-07-15;2095;891;122506;97120;64.5;51.1
32;2021-07-16;1170;1913;123676;99033;65.1;52.1
32;2021-07-17;78;129;123754;99162;65.1;52.2
32;2021-07-18;2;5;123756;99167;65.1;52.2
32;2021-07-19;1996;147;125752;99314;66.2;52.3
32;2021-07-20;2039;1271;127791;100585;67.2;52.9
32;2021-07-21;1615;1691;129406;102276;68.1;53.8
32;2021-07-22;1948;515;131354;102791;69.1;54.1
32;2021-07-23;1407;1731;132761;104522;69.9;55.0
32;2021-07-24;139;118;132900;104640;69.9;55.1
32;2021-07-25;34;10;132934;104650;70.0;55.1
32;2021-07-26;1071;1071;134005;105721;70.5;55.6
32;2021-07-27;1731;2097;135736;107818;71.4;56.7
32;2021-07-28;694;974;136430;108792;71.8;57.2
32;2021-07-29;1694;1609;138124;110401;72.7;58.1
32;2021-07-30;363;349;138487;110750;72.9;58.3
32;2021-07-31;187;351;138674;111101;73.0;58.5
32;2021-08-01;18;4;138692;111105;73.0;58.5
32;2021-08-02;82;76;138774;111181;73.0;58.5
32;2021-08-03;1176;1791;139950;112972;73.6;59.4
32;2021-08-04;632;654;140582;113626;74.0;59.8
32;2021-08-05;1109;1941;141691;115567;74.6;60.8
32;2021-08-06;561;495;142252;116062;74.9;61.1
32;2021-08-07;148;93;142400;116155;74.9;61.1
32;2021-08-08;0;0;142400;116155;74.9;61.1
32;2021-08-09;261;1826;142661;117981;75.1;62.1
32;2021-08-10;716;2078;143377;120059;75.4;63.2
32;2021-08-11;579;447;143956;120506;75.8;63.4
32;2021-08-12;932;2101;144888;122607;76.2;64.5
32;2021-08-13;177;251;145065;122858;76.3;64.6
32;2021-08-14;112;119;145177;122977;76.4;64.7
32;2021-08-15;12;21;145189;122998;76.4;64.7
32;2021-08-16;41;39;145230;123037;76.4;64.7
32;2021-08-17;573;2301;145803;125338;76.7;66.0
32;2021-08-18;310;559;146113;125897;76.9;66.2
32;2021-08-19;952;1411;147065;127308;77.4;67.0
32;2021-08-20;154;165;147219;127473;77.5;67.1
32;2021-08-21;149;191;147368;127664;77.5;67.2
32;2021-08-22;8;3;147376;127667;77.5;67.2
32;2021-08-23;42;101;147418;127768;77.6;67.2
32;2021-08-24;582;1450;148000;129218;77.9;68.0
32;2021-08-25;92;191;148092;129409;77.9;68.1
32;2021-08-26;321;2260;148413;131669;78.1;69.3
32;2021-08-27;271;552;148684;132221;78.2;69.6
32;2021-08-28;70;109;148754;132330;78.3;69.6
32;2021-08-29;1;8;148755;132338;78.3;69.6
32;2021-08-30;19;50;148774;132388;78.3;69.7
32;2021-08-31;195;1536;148969;133924;78.4;70.5
32;2021-09-01;651;827;149620;134751;78.7;70.9
32;2021-09-02;315;1733;149935;136484;78.9;71.8
32;2021-09-03;186;313;150121;136797;79.0;72.0
32;2021-09-04;49;104;150170;136901;79.0;72.0
32;2021-09-05;11;15;150181;136916;79.0;72.0
32;2021-09-06;38;103;150219;137019;79.0;72.1
32;2021-09-07;436;946;150655;137965;79.3;72.6
33;2020-12-27;2;0;2;0;0.0;0.0
33;2020-12-28;3;0;5;0;0.0;0.0
33;2020-12-29;0;0;5;0;0.0;0.0
33;2020-12-30;0;0;5;0;0.0;0.0
33;2020-12-31;0;0;5;0;0.0;0.0
33;2021-01-01;0;0;5;0;0.0;0.0
33;2021-01-02;1;0;6;0;0.0;0.0
33;2021-01-03;1;0;7;0;0.0;0.0
33;2021-01-04;2;0;9;0;0.0;0.0
33;2021-01-05;2;0;11;0;0.0;0.0
33;2021-01-06;134;0;145;0;0.0;0.0
33;2021-01-07;1309;1;1454;1;0.1;0.0
33;2021-01-08;1200;2;2654;3;0.2;0.0
33;2021-01-09;298;0;2952;3;0.2;0.0
33;2021-01-10;229;0;3181;3;0.2;0.0
33;2021-01-11;627;0;3808;3;0.2;0.0
33;2021-01-12;1417;2;5225;5;0.3;0.0
33;2021-01-13;1313;9;6538;14;0.4;0.0
33;2021-01-14;1289;13;7827;27;0.5;0.0
33;2021-01-15;1607;11;9434;38;0.6;0.0
33;2021-01-16;566;8;10000;46;0.6;0.0
33;2021-01-17;406;3;10406;49;0.6;0.0
33;2021-01-18;1223;9;11629;58;0.7;0.0
33;2021-01-19;2925;4;14554;62;0.9;0.0
33;2021-01-20;3404;9;17958;71;1.1;0.0
33;2021-01-21;2862;5;20820;76;1.3;0.0
33;2021-01-22;2326;8;23146;84;1.4;0.0
33;2021-01-23;852;2;23998;86;1.5;0.0
33;2021-01-24;529;2;24527;88;1.5;0.0
33;2021-01-25;2172;57;26699;145;1.6;0.0
33;2021-01-26;2244;146;28943;291;1.8;0.0
33;2021-01-27;2259;194;31202;485;1.9;0.0
33;2021-01-28;2157;423;33359;908;2.0;0.1
33;2021-01-29;1820;654;35179;1562;2.2;0.1
33;2021-01-30;704;165;35883;1727;2.2;0.1
33;2021-01-31;390;143;36273;1870;2.2;0.1
33;2021-02-01;1456;625;37729;2495;2.3;0.2
33;2021-02-02;2645;1080;40374;3575;2.5;0.2
33;2021-02-03;2923;845;43297;4420;2.7;0.3
33;2021-02-04;4030;1329;47327;5749;2.9;0.4
33;2021-02-05;2191;1127;49518;6876;3.0;0.4
33;2021-02-06;644;181;50162;7057;3.1;0.4
33;2021-02-07;218;204;50380;7261;3.1;0.4
33;2021-02-08;1262;715;51642;7976;3.2;0.5
33;2021-02-09;1324;1622;52966;9598;3.2;0.6
33;2021-02-10;1263;1694;54229;11292;3.3;0.7
33;2021-02-11;1301;1367;55530;12659;3.4;0.8
33;2021-02-12;1115;1172;56645;13831;3.5;0.8
33;2021-02-13;203;255;56848;14086;3.5;0.9
33;2021-02-14;47;221;56895;14307;3.5;0.9
33;2021-02-15;684;1512;57579;15819;3.5;1.0
33;2021-02-16;812;1869;58391;17688;3.6;1.1
33;2021-02-17;668;1860;59059;19548;3.6;1.2
33;2021-02-18;899;2041;59958;21589;3.7;1.3
33;2021-02-19;916;1861;60874;23450;3.7;1.4
33;2021-02-20;77;558;60951;24008;3.7;1.5
33;2021-02-21;38;409;60989;24417;3.7;1.5
33;2021-02-22;706;1691;61695;26108;3.8;1.6
33;2021-02-23;1234;2522;62929;28630;3.9;1.8
33;2021-02-24;1399;2340;64328;30970;3.9;1.9
33;2021-02-25;2830;3562;67158;34532;4.1;2.1
33;2021-02-26;4056;2168;71214;36700;4.4;2.2
33;2021-02-27;1360;651;72574;37351;4.4;2.3
33;2021-02-28;126;482;72700;37833;4.5;2.3
33;2021-03-01;1534;1746;74234;39579;4.5;2.4
33;2021-03-02;2323;1624;76557;41203;4.7;2.5
33;2021-03-03;2310;1603;78867;42806;4.8;2.6
33;2021-03-04;3934;1567;82801;44373;5.1;2.7
33;2021-03-05;5761;1655;88562;46028;5.4;2.8
33;2021-03-06;3414;546;91976;46574;5.6;2.9
33;2021-03-07;741;149;92717;46723;5.7;2.9
33;2021-03-08;2715;1124;95432;47847;5.8;2.9
33;2021-03-09;4402;1315;99834;49162;6.1;3.0
33;2021-03-10;5121;1216;104955;50378;6.4;3.1
33;2021-03-11;7543;1212;112498;51590;6.9;3.2
33;2021-03-12;10121;1153;122619;52743;7.5;3.2
33;2021-03-13;5156;212;127775;52955;7.8;3.2
33;2021-03-14;715;28;128490;52983;7.9;3.2
33;2021-03-15;4442;672;132932;53655;8.1;3.3
33;2021-03-16;3579;867;136511;54522;8.4;3.3
33;2021-03-17;3638;946;140149;55468;8.6;3.4
33;2021-03-18;4038;1407;144187;56875;8.8;3.5
33;2021-03-19;6270;1029;150457;57904;9.2;3.5
33;2021-03-20;3368;104;153825;58008;9.4;3.6
33;2021-03-21;462;29;154287;58037;9.4;3.6
33;2021-03-22;4901;450;159188;58487;9.7;3.6
33;2021-03-23;6322;605;165510;59092;10.1;3.6
33;2021-03-24;7077;527;172587;59619;10.6;3.6
33;2021-03-25;8841;656;181428;60275;11.1;3.7
33;2021-03-26;10038;850;191466;61125;11.7;3.7
33;2021-03-27;3619;83;195085;61208;11.9;3.7
33;2021-03-28;577;33;195662;61241;12.0;3.7
33;2021-03-29;6769;701;202431;61942;12.4;3.8
33;2021-03-30;8101;1038;210532;62980;12.9;3.9
33;2021-03-31;7579;1068;218111;64048;13.4;3.9
33;2021-04-01;8822;1192;226933;65240;13.9;4.0
33;2021-04-02;8405;1552;235338;66792;14.4;4.1
33;2021-04-03;2832;523;238170;67315;14.6;4.1
33;2021-04-04;218;160;238388;67475;14.6;4.1
33;2021-04-05;693;123;239081;67598;14.6;4.1
33;2021-04-06;6050;2700;245131;70298;15.0;4.3
33;2021-04-07;7425;2569;252556;72867;15.5;4.5
33;2021-04-08;10325;2779;262881;75646;16.1;4.6
33;2021-04-09;12688;3089;275569;78735;16.9;4.8
33;2021-04-10;5357;1393;280926;80128;17.2;4.9
33;2021-04-11;1002;352;281928;80480;17.3;4.9
33;2021-04-12;7423;3277;289351;83757;17.7;5.1
33;2021-04-13;9318;3476;298669;87233;18.3;5.3
33;2021-04-14;9043;3654;307712;90887;18.8;5.6
33;2021-04-15;10111;3878;317823;94765;19.5;5.8
33;2021-04-16;9720;4226;327543;98991;20.1;6.1
33;2021-04-17;4652;1659;332195;100650;20.3;6.2
33;2021-04-18;929;413;333124;101063;20.4;6.2
33;2021-04-19;5617;3837;338741;104900;20.7;6.4
33;2021-04-20;7293;4264;346034;109164;21.2;6.7
33;2021-04-21;6595;4348;352629;113512;21.6;6.9
33;2021-04-22;7349;4476;359978;117988;22.0;7.2
33;2021-04-23;7707;4822;367685;122810;22.5;7.5
33;2021-04-24;4502;1799;372187;124609;22.8;7.6
33;2021-04-25;1651;418;373838;125027;22.9;7.7
33;2021-04-26;5267;5078;379105;130105;23.2;8.0
33;2021-04-27;6579;5607;385684;135712;23.6;8.3
33;2021-04-28;6782;5558;392466;141270;24.0;8.6
33;2021-04-29;8425;6228;400891;147498;24.5;9.0
33;2021-04-30;8739;6118;409630;153616;25.1;9.4
33;2021-05-01;2901;513;412531;154129;25.3;9.4
33;2021-05-02;1835;346;414366;154475;25.4;9.5
33;2021-05-03;7017;5215;421383;159690;25.8;9.8
33;2021-05-04;6826;6664;428209;166354;26.2;10.2
33;2021-05-05;7143;7569;435352;173923;26.7;10.6
33;2021-05-06;8705;8235;444057;182158;27.2;11.2
33;2021-05-07;8607;8898;452664;191056;27.7;11.7
33;2021-05-08;3542;1599;456206;192655;27.9;11.8
33;2021-05-09;1118;969;457324;193624;28.0;11.9
33;2021-05-10;6878;7297;464202;200921;28.4;12.3
33;2021-05-11;8637;7827;472839;208748;28.9;12.8
33;2021-05-12;9176;6688;482015;215436;29.5;13.2
33;2021-05-13;5209;2114;487224;217550;29.8;13.3
33;2021-05-14;8130;5357;495354;222907;30.3;13.6
33;2021-05-15;5184;2874;500538;225781;30.6;13.8
33;2021-05-16;1842;804;502380;226585;30.8;13.9
33;2021-05-17;8859;5108;511239;231693;31.3;14.2
33;2021-05-18;10625;4879;521864;236572;31.9;14.5
33;2021-05-19;10903;4787;532767;241359;32.6;14.8
33;2021-05-20;10912;5587;543679;246946;33.3;15.1
33;2021-05-21;10919;6243;554598;253189;34.0;15.5
33;2021-05-22;5122;2752;559720;255941;34.3;15.7
33;2021-05-23;1747;384;561467;256325;34.4;15.7
33;2021-05-24;5413;1000;566880;257325;34.7;15.8
33;2021-05-25;9391;5770;576271;263095;35.3;16.1
33;2021-05-26;9678;6035;585949;269130;35.9;16.5
33;2021-05-27;10908;7731;596857;276861;36.5;16.9
33;2021-05-28;10066;9507;606923;286368;37.2;17.5
33;2021-05-29;5043;4116;611966;290484;37.5;17.8
33;2021-05-30;1703;667;613669;291151;37.6;17.8
33;2021-05-31;8556;6423;622225;297574;38.1;18.2
33;2021-06-01;11807;8717;634032;306291;38.8;18.8
33;2021-06-02;11713;8210;645745;314501;39.5;19.3
33;2021-06-03;12716;9195;658461;323696;40.3;19.8
33;2021-06-04;12940;10954;671401;334650;41.1;20.5
33;2021-06-05;5277;5061;676678;339711;41.4;20.8
33;2021-06-06;2526;1193;679204;340904;41.6;20.9
33;2021-06-07;9761;8499;688965;349403;42.2;21.4
33;2021-06-08;11938;9454;700903;358857;42.9;22.0
33;2021-06-09;11777;8525;712680;367382;43.6;22.5
33;2021-06-10;12953;8388;725633;375770;44.4;23.0
33;2021-06-11;12521;11161;738154;386931;45.2;23.7
33;2021-06-12;6189;4478;744343;391409;45.6;24.0
33;2021-06-13;2614;1283;746957;392692;45.7;24.0
33;2021-06-14;8583;10151;755540;402843;46.3;24.7
33;2021-06-15;12060;10269;767600;413112;47.0;25.3
33;2021-06-16;12056;8862;779656;421974;47.7;25.8
33;2021-06-17;13117;9612;792773;431586;48.5;26.4
33;2021-06-18;11800;11436;804573;443022;49.3;27.1
33;2021-06-19;5612;4815;810185;447837;49.6;27.4
33;2021-06-20;2947;1475;813132;449312;49.8;27.5
33;2021-06-21;7876;10166;821008;459478;50.3;28.1
33;2021-06-22;9064;11083;830072;470561;50.8;28.8
33;2021-06-23;8666;10845;838738;481406;51.3;29.5
33;2021-06-24;9747;9986;848485;491392;51.9;30.1
33;2021-06-25;8050;13712;856535;505104;52.4;30.9
33;2021-06-26;4343;5919;860878;511023;52.7;31.3
33;2021-06-27;2468;1961;863346;512984;52.9;31.4
33;2021-06-28;4875;12765;868221;525749;53.2;32.2
33;2021-06-29;6444;13654;874665;539403;53.5;33.0
33;2021-06-30;6682;13393;881347;552796;54.0;33.8
33;2021-07-01;8053;11818;889400;564614;54.4;34.6
33;2021-07-02;6849;15112;896249;579726;54.9;35.5
33;2021-07-03;3228;6784;899477;586510;55.1;35.9
33;2021-07-04;2068;2379;901545;588889;55.2;36.1
33;2021-07-05;4401;12906;905946;601795;55.5;36.8
33;2021-07-06;6150;14593;912096;616388;55.8;37.7
33;2021-07-07;6896;13051;918992;629439;56.3;38.5
33;2021-07-08;7973;12752;926965;642191;56.7;39.3
33;2021-07-09;6473;15111;933438;657302;57.1;40.2
33;2021-07-10;3114;7161;936552;664463;57.3;40.7
33;2021-07-11;1844;2300;938396;666763;57.4;40.8
33;2021-07-12;3949;14703;942345;681466;57.7;41.7
33;2021-07-13;7165;16104;949510;697570;58.1;42.7
33;2021-07-14;3687;5320;953197;702890;58.4;43.0
33;2021-07-15;7625;15974;960822;718864;58.8;44.0
33;2021-07-16;8590;15147;969412;734011;59.3;44.9
33;2021-07-17;3157;6429;972569;740440;59.5;45.3
33;2021-07-18;1703;3206;974272;743646;59.6;45.5
33;2021-07-19;5870;15094;980142;758740;60.0;46.5
33;2021-07-20;7428;16123;987570;774863;60.5;47.4
33;2021-07-21;8375;14542;995945;789405;61.0;48.3
33;2021-07-22;9366;15099;1005311;804504;61.5;49.3
33;2021-07-23;9668;16352;1014979;820856;62.1;50.3
33;2021-07-24;3837;7553;1018816;828409;62.4;50.7
33;2021-07-25;2093;2666;1020909;831075;62.5;50.9
33;2021-07-26;6965;13416;1027874;844491;62.9;51.7
33;2021-07-27;10091;13393;1037965;857884;63.5;52.5
33;2021-07-28;10935;11968;1048900;869852;64.2;53.3
33;2021-07-29;11676;11912;1060576;881764;64.9;54.0
33;2021-07-30;11396;12219;1071972;893983;65.6;54.7
33;2021-07-31;4761;5649;1076733;899632;65.9;55.1
33;2021-08-01;2485;1951;1079218;901583;66.1;55.2
33;2021-08-02;8407;9888;1087625;911471;66.6;55.8
33;2021-08-03;11519;9017;1099144;920488;67.3;56.4
33;2021-08-04;11902;7354;1111046;927842;68.0;56.8
33;2021-08-05;11906;8034;1122952;935876;68.7;57.3
33;2021-08-06;11190;9052;1134142;944928;69.4;57.8
33;2021-08-07;5928;4517;1140070;949445;69.8;58.1
33;2021-08-08;3200;1820;1143270;951265;70.0;58.2
33;2021-08-09;8638;8721;1151908;959986;70.5;58.8
33;2021-08-10;9333;8445;1161241;968431;71.1;59.3
33;2021-08-11;8089;7578;1169330;976009;71.6;59.8
33;2021-08-12;7959;8022;1177289;984031;72.1;60.2
33;2021-08-13;7818;7691;1185107;991722;72.6;60.7
33;2021-08-14;3507;4331;1188614;996053;72.8;61.0
33;2021-08-15;1205;1878;1189819;997931;72.8;61.1
33;2021-08-16;6411;8633;1196230;1006564;73.2;61.6
33;2021-08-17;6599;9062;1202829;1015626;73.6;62.2
33;2021-08-18;5578;8772;1208407;1024398;74.0;62.7
33;2021-08-19;5467;9114;1213874;1033512;74.3;63.3
33;2021-08-20;4895;9832;1218769;1043344;74.6;63.9
33;2021-08-21;2179;5032;1220948;1048376;74.7;64.2
33;2021-08-22;562;2368;1221510;1050744;74.8;64.3
33;2021-08-23;3885;10291;1225395;1061035;75.0;65.0
33;2021-08-24;4104;11093;1229499;1072128;75.3;65.6
33;2021-08-25;3696;10480;1233195;1082608;75.5;66.3
33;2021-08-26;3607;11043;1236802;1093651;75.7;67.0
33;2021-08-27;3764;12584;1240566;1106235;75.9;67.7
33;2021-08-28;1558;6629;1242124;1112864;76.0;68.1
33;2021-08-29;453;2429;1242577;1115293;76.1;68.3
33;2021-08-30;2319;10532;1244896;1125825;76.2;68.9
33;2021-08-31;3216;11068;1248112;1136893;76.4;69.6
33;2021-09-01;2791;8812;1250903;1145705;76.6;70.1
33;2021-09-02;2668;8384;1253571;1154089;76.7;70.7
33;2021-09-03;3073;10125;1256644;1164214;76.9;71.3
33;2021-09-04;1624;6075;1258268;1170289;77.0;71.6
33;2021-09-05;410;1515;1258678;1171804;77.1;71.7
33;2021-09-06;1573;7170;1260251;1178974;77.2;72.2
33;2021-09-07;2036;6570;1262287;1185544;77.3;72.6
34;2020-12-27;1;0;1;0;0.0;0.0
34;2020-12-28;1;0;2;0;0.0;0.0
34;2020-12-29;0;0;2;0;0.0;0.0
34;2020-12-30;0;0;2;0;0.0;0.0
34;2020-12-31;0;0;2;0;0.0;0.0
34;2021-01-01;1;0;3;0;0.0;0.0
34;2021-01-02;2;0;5;0;0.0;0.0
34;2021-01-03;0;0;5;0;0.0;0.0
34;2021-01-04;22;0;27;0;0.0;0.0
34;2021-01-05;106;2;133;2;0.0;0.0
34;2021-01-06;198;1;331;3;0.0;0.0
34;2021-01-07;364;0;695;3;0.1;0.0
34;2021-01-08;606;0;1301;3;0.1;0.0
34;2021-01-09;244;0;1545;3;0.1;0.0
34;2021-01-10;95;1;1640;4;0.1;0.0
34;2021-01-11;567;2;2207;6;0.2;0.0
34;2021-01-12;1007;1;3214;7;0.3;0.0
34;2021-01-13;1098;5;4312;12;0.4;0.0
34;2021-01-14;1958;12;6270;24;0.5;0.0
34;2021-01-15;1470;5;7740;29;0.7;0.0
34;2021-01-16;331;7;8071;36;0.7;0.0
34;2021-01-17;233;1;8304;37;0.7;0.0
34;2021-01-18;1126;4;9430;41;0.8;0.0
34;2021-01-19;1610;8;11040;49;0.9;0.0
34;2021-01-20;2087;8;13127;57;1.1;0.0
34;2021-01-21;4234;10;17361;67;1.5;0.0
34;2021-01-22;2554;8;19915;75;1.7;0.0
34;2021-01-23;599;2;20514;77;1.7;0.0
34;2021-01-24;2;0;20516;77;1.7;0.0
34;2021-01-25;1243;5;21759;82;1.9;0.0
34;2021-01-26;1459;19;23218;101;2.0;0.0
34;2021-01-27;1469;23;24687;124;2.1;0.0
34;2021-01-28;1392;124;26079;248;2.2;0.0
34;2021-01-29;1260;131;27339;379;2.3;0.0
34;2021-01-30;479;15;27818;394;2.4;0.0
34;2021-01-31;4;0;27822;394;2.4;0.0
34;2021-02-01;1028;231;28850;625;2.5;0.1
34;2021-02-02;1459;413;30309;1038;2.6;0.1
34;2021-02-03;2656;498;32965;1536;2.8;0.1
34;2021-02-04;2313;863;35278;2399;3.0;0.2
34;2021-02-05;1888;1149;37166;3548;3.2;0.3
34;2021-02-06;497;220;37663;3768;3.2;0.3
34;2021-02-07;32;98;37695;3866;3.2;0.3
34;2021-02-08;860;1003;38555;4869;3.3;0.4
34;2021-02-09;1033;1240;39588;6109;3.4;0.5
34;2021-02-10;1295;1443;40883;7552;3.5;0.6
34;2021-02-11;1791;2602;42674;10154;3.6;0.9
34;2021-02-12;1923;1553;44597;11707;3.8;1.0
34;2021-02-13;357;466;44954;12173;3.8;1.0
34;2021-02-14;22;280;44976;12453;3.8;1.1
34;2021-02-15;673;992;45649;13445;3.9;1.1
34;2021-02-16;665;1284;46314;14729;3.9;1.3
34;2021-02-17;714;1306;47028;16035;4.0;1.4
34;2021-02-18;836;1285;47864;17320;4.1;1.5
34;2021-02-19;815;1025;48679;18345;4.1;1.6
34;2021-02-20;301;386;48980;18731;4.2;1.6
34;2021-02-21;64;18;49044;18749;4.2;1.6
34;2021-02-22;630;1118;49674;19867;4.2;1.7
34;2021-02-23;562;1264;50236;21131;4.3;1.8
34;2021-02-24;938;2124;51174;23255;4.4;2.0
34;2021-02-25;1607;2061;52781;25316;4.5;2.2
34;2021-02-26;1849;1458;54630;26774;4.6;2.3
34;2021-02-27;701;359;55331;27133;4.7;2.3
34;2021-02-28;86;64;55417;27197;4.7;2.3
34;2021-03-01;929;1060;56346;28257;4.8;2.4
34;2021-03-02;1591;1147;57937;29404;4.9;2.5
34;2021-03-03;1834;1252;59771;30656;5.1;2.6
34;2021-03-04;2866;1533;62637;32189;5.3;2.7
34;2021-03-05;3686;1459;66323;33648;5.6;2.9
34;2021-03-06;2644;192;68967;33840;5.9;2.9
34;2021-03-07;1243;74;70210;33914;6.0;2.9
34;2021-03-08;2781;958;72991;34872;6.2;3.0
34;2021-03-09;4019;1396;77010;36268;6.5;3.1
34;2021-03-10;3992;1301;81002;37569;6.9;3.2
34;2021-03-11;5437;1283;86439;38852;7.3;3.3
34;2021-03-12;6495;921;92934;39773;7.9;3.4
34;2021-03-13;3136;173;96070;39946;8.2;3.4
34;2021-03-14;1003;54;97073;40000;8.3;3.4
34;2021-03-15;3306;556;100379;40556;8.5;3.4
34;2021-03-16;2913;657;103292;41213;8.8;3.5
34;2021-03-17;3305;738;106597;41951;9.1;3.6
34;2021-03-18;3449;915;110046;42866;9.4;3.6
34;2021-03-19;4694;794;114740;43660;9.8;3.7
34;2021-03-20;3148;65;117888;43725;10.0;3.7
34;2021-03-21;1997;60;119885;43785;10.2;3.7
34;2021-03-22;3682;462;123567;44247;10.5;3.8
34;2021-03-23;4962;536;128529;44783;10.9;3.8
34;2021-03-24;5219;643;133748;45426;11.4;3.9
34;2021-03-25;7198;716;140946;46142;12.0;3.9
34;2021-03-26;7169;573;148115;46715;12.6;4.0
34;2021-03-27;2373;82;150488;46797;12.8;4.0
34;2021-03-28;699;21;151187;46818;12.9;4.0
34;2021-03-29;4186;759;155373;47577;13.2;4.0
34;2021-03-30;5222;966;160595;48543;13.7;4.1
34;2021-03-31;5068;1210;165663;49753;14.1;4.2
34;2021-04-01;7034;1037;172697;50790;14.7;4.3
34;2021-04-02;5823;1188;178520;51978;15.2;4.4
34;2021-04-03;1138;87;179658;52065;15.3;4.4
34;2021-04-04;166;5;179824;52070;15.3;4.4
34;2021-04-05;432;26;180256;52096;15.3;4.4
34;2021-04-06;3136;2451;183392;54547;15.6;4.6
34;2021-04-07;3385;2637;186777;57184;15.9;4.9
34;2021-04-08;5252;2810;192029;59994;16.3;5.1
34;2021-04-09;8074;2495;200103;62489;17.0;5.3
34;2021-04-10;3166;1373;203269;63862;17.3;5.4
34;2021-04-11;1715;806;204984;64668;17.4;5.5
34;2021-04-12;4496;2522;209480;67190;17.8;5.7
34;2021-04-13;5239;3053;214719;70243;18.3;6.0
34;2021-04-14;5619;3240;220338;73483;18.7;6.2
34;2021-04-15;6998;3171;227336;76654;19.3;6.5
34;2021-04-16;6576;3161;233912;79815;19.9;6.8
34;2021-04-17;2377;2069;236289;81884;20.1;7.0
34;2021-04-18;989;1720;237278;83604;20.2;7.1
34;2021-04-19;3421;3120;240699;86724;20.5;7.4
34;2021-04-20;3767;3662;244466;90386;20.8;7.7
34;2021-04-21;4243;3721;248709;94107;21.1;8.0
34;2021-04-22;4489;4617;253198;98724;21.5;8.4
34;2021-04-23;5377;3519;258575;102243;22.0;8.7
34;2021-04-24;3164;1582;261739;103825;22.3;8.8
34;2021-04-25;1919;646;263658;104471;22.4;8.9
34;2021-04-26;4224;3475;267882;107946;22.8;9.2
34;2021-04-27;5128;4012;273010;111958;23.2;9.5
34;2021-04-28;5769;3544;278779;115502;23.7;9.8
34;2021-04-29;6421;3937;285200;119439;24.2;10.2
34;2021-04-30;7874;3287;293074;122726;24.9;10.4
34;2021-05-01;2405;501;295479;123227;25.1;10.5
34;2021-05-02;3261;323;298740;123550;25.4;10.5
34;2021-05-03;6577;2902;305317;126452;26.0;10.8
34;2021-05-04;7111;3801;312428;130253;26.6;11.1
34;2021-05-05;6498;4528;318926;134781;27.1;11.5
34;2021-05-06;6946;5201;325872;139982;27.7;11.9
34;2021-05-07;6927;5680;332799;145662;28.3;12.4
34;2021-05-08;3609;1174;336408;146836;28.6;12.5
34;2021-05-09;2178;1288;338586;148124;28.8;12.6
34;2021-05-10;5855;4807;344441;152931;29.3;13.0
34;2021-05-11;7415;5315;351856;158246;29.9;13.5
34;2021-05-12;7755;4459;359611;162705;30.6;13.8
34;2021-05-13;6127;781;365738;163486;31.1;13.9
34;2021-05-14;7492;3742;373230;167228;31.7;14.2
34;2021-05-15;4865;1688;378095;168916;32.1;14.4
34;2021-05-16;4952;460;383047;169376;32.6;14.4
34;2021-05-17;8694;1985;391741;171361;33.3;14.6
34;2021-05-18;9143;1979;400884;173340;34.1;14.7
34;2021-05-19;8627;1810;409511;175150;34.8;14.9
34;2021-05-20;8869;2514;418380;177664;35.6;15.1
34;2021-05-21;8785;3233;427165;180897;36.3;15.4
34;2021-05-22;5788;1154;432953;182051;36.8;15.5
34;2021-05-23;3884;549;436837;182600;37.1;15.5
34;2021-05-24;1898;854;438735;183454;37.3;15.6
34;2021-05-25;7142;3815;445877;187269;37.9;15.9
34;2021-05-26;8325;3035;454202;190304;38.6;16.2
34;2021-05-27;8320;4307;462522;194611;39.3;16.5
34;2021-05-28;8053;5451;470575;200062;40.0;17.0
34;2021-05-29;4008;3106;474583;203168;40.4;17.3
34;2021-05-30;1988;1389;476571;204557;40.5;17.4
34;2021-05-31;5876;5254;482447;209811;41.0;17.8
34;2021-06-01;6954;6106;489401;215917;41.6;18.4
34;2021-06-02;6135;5808;495536;221725;42.1;18.9
34;2021-06-03;7715;6489;503251;228214;42.8;19.4
34;2021-06-04;7660;7584;510911;235798;43.4;20.0
34;2021-06-05;4142;3678;515053;239476;43.8;20.4
34;2021-06-06;3270;1865;518323;241341;44.1;20.5
34;2021-06-07;4422;6764;522745;248105;44.4;21.1
34;2021-06-08;5858;6830;528603;254935;44.9;21.7
34;2021-06-09;5830;6843;534433;261778;45.4;22.3
34;2021-06-10;6323;6870;540756;268648;46.0;22.8
34;2021-06-11;5401;9276;546157;277924;46.4;23.6
34;2021-06-12;3167;4727;549324;282651;46.7;24.0
34;2021-06-13;1081;1907;550405;284558;46.8;24.2
34;2021-06-14;3448;7815;553853;292373;47.1;24.9
34;2021-06-15;3955;8793;557808;301166;47.4;25.6
34;2021-06-16;4618;7854;562426;309020;47.8;26.3
34;2021-06-17;4225;7951;566651;316971;48.2;26.9
34;2021-06-18;4348;9331;570999;326302;48.5;27.7
34;2021-06-19;2734;4404;573733;330706;48.8;28.1
34;2021-06-20;891;2873;574624;333579;48.9;28.4
34;2021-06-21;2179;8557;576803;342136;49.0;29.1
34;2021-06-22;2977;9409;579780;351545;49.3;29.9
34;2021-06-23;3527;8970;583307;360515;49.6;30.7
34;2021-06-24;3561;8679;586868;369194;49.9;31.4
34;2021-06-25;3376;10437;590244;379631;50.2;32.3
34;2021-06-26;1643;6189;591887;385820;50.3;32.8
34;2021-06-27;308;4270;592195;390090;50.4;33.2
34;2021-06-28;2267;9433;594462;399523;50.5;34.0
34;2021-06-29;2687;10300;597149;409823;50.8;34.8
34;2021-06-30;3357;9552;600506;419375;51.1;35.7
34;2021-07-01;3527;9444;604033;428819;51.4;36.5
34;2021-07-02;3433;9741;607466;438560;51.6;37.3
34;2021-07-03;1683;6158;609149;444718;51.8;37.8
34;2021-07-04;312;2763;609461;447481;51.8;38.0
34;2021-07-05;3232;7998;612693;455479;52.1;38.7
34;2021-07-06;3538;9178;616231;464657;52.4;39.5
34;2021-07-07;3276;8648;619507;473305;52.7;40.2
34;2021-07-08;4302;8866;623809;482171;53.0;41.0
34;2021-07-09;4008;9345;627817;491516;53.4;41.8
34;2021-07-10;2142;5718;629959;497234;53.6;42.3
34;2021-07-11;924;2578;630883;499812;53.6;42.5
34;2021-07-12;2930;8966;633813;508778;53.9;43.3
34;2021-07-13;4657;10046;638470;518824;54.3;44.1
34;2021-07-14;782;357;639252;519181;54.4;44.1
34;2021-07-15;5911;10394;645163;529575;54.9;45.0
34;2021-07-16;5861;10730;651024;540305;55.4;45.9
34;2021-07-17;4497;4410;655521;544715;55.7;46.3
34;2021-07-18;233;199;655754;544914;55.8;46.3
34;2021-07-19;5120;8330;660874;553244;56.2;47.0
34;2021-07-20;6903;8384;667777;561628;56.8;47.8
34;2021-07-21;7657;7822;675434;569450;57.4;48.4
34;2021-07-22;7441;8173;682875;577623;58.1;49.1
34;2021-07-23;7839;8161;690714;585784;58.7;49.8
34;2021-07-24;6153;3058;696867;588842;59.3;50.1
34;2021-07-25;3214;543;700081;589385;59.5;50.1
34;2021-07-26;6243;6433;706324;595818;60.1;50.7
34;2021-07-27;8751;6051;715075;601869;60.8;51.2
34;2021-07-28;9704;5916;724779;607785;61.6;51.7
34;2021-07-29;11326;6049;736105;613834;62.6;52.2
34;2021-07-30;9845;6530;745950;620364;63.4;52.7
34;2021-07-31;6444;2186;752394;622550;64.0;52.9
34;2021-08-01;3318;616;755712;623166;64.3;53.0
34;2021-08-02;7348;5062;763060;628228;64.9;53.4
34;2021-08-03;8132;5389;771192;633617;65.6;53.9
34;2021-08-04;8372;4560;779564;638177;66.3;54.3
34;2021-08-05;7107;5015;786671;643192;66.9;54.7
34;2021-08-06;5879;5220;792550;648412;67.4;55.1
34;2021-08-07;3096;2429;795646;650841;67.6;55.3
34;2021-08-08;199;205;795845;651046;67.7;55.4
34;2021-08-09;4773;6168;800618;657214;68.1;55.9
34;2021-08-10;5389;6483;806007;663697;68.5;56.4
34;2021-08-11;4829;6538;810836;670235;68.9;57.0
34;2021-08-12;4551;6195;815387;676430;69.3;57.5
34;2021-08-13;4095;5732;819482;682162;69.7;58.0
34;2021-08-14;1795;2881;821277;685043;69.8;58.2
34;2021-08-15;202;190;821479;685233;69.8;58.3
34;2021-08-16;2852;7544;824331;692777;70.1;58.9
34;2021-08-17;3556;8279;827887;701056;70.4;59.6
34;2021-08-18;3180;7547;831067;708603;70.7;60.2
34;2021-08-19;3246;7772;834313;716375;70.9;60.9
34;2021-08-20;2706;7711;837019;724086;71.2;61.6
34;2021-08-21;1379;3559;838398;727645;71.3;61.9
34;2021-08-22;160;310;838558;727955;71.3;61.9
34;2021-08-23;2321;8651;840879;736606;71.5;62.6
34;2021-08-24;2715;8958;843594;745564;71.7;63.4
34;2021-08-25;2328;8538;845922;754102;71.9;64.1
34;2021-08-26;2577;7883;848499;761985;72.1;64.8
34;2021-08-27;2184;7562;850683;769547;72.3;65.4
34;2021-08-28;1106;3557;851789;773104;72.4;65.7
34;2021-08-29;356;1356;852145;774460;72.5;65.8
34;2021-08-30;2040;6876;854185;781336;72.6;66.4
34;2021-08-31;2107;6820;856292;788156;72.8;67.0
34;2021-09-01;2019;6389;858311;794545;73.0;67.6
34;2021-09-02;1642;4852;859953;799397;73.1;68.0
34;2021-09-03;1749;5555;861702;804952;73.3;68.4
34;2021-09-04;1349;3372;863051;808324;73.4;68.7
34;2021-09-05;115;215;863166;808539;73.4;68.7
34;2021-09-06;1136;4046;864302;812585;73.5;69.1
34;2021-09-07;1331;4115;865633;816700;73.6;69.4
35;2020-12-27;0;0;0;0;0.0;0.0
35;2020-12-28;0;0;0;0;0.0;0.0
35;2020-12-29;2;0;2;0;0.0;0.0
35;2020-12-30;0;0;2;0;0.0;0.0
35;2020-12-31;1;0;3;0;0.0;0.0
35;2021-01-01;3;0;6;0;0.0;0.0
35;2021-01-02;1;0;7;0;0.0;0.0
35;2021-01-03;0;0;7;0;0.0;0.0
35;2021-01-04;10;0;17;0;0.0;0.0
35;2021-01-05;110;0;127;0;0.0;0.0
35;2021-01-06;175;0;302;0;0.0;0.0
35;2021-01-07;440;1;742;1;0.1;0.0
35;2021-01-08;513;1;1255;2;0.1;0.0
35;2021-01-09;31;0;1286;2;0.1;0.0
35;2021-01-10;2;0;1288;2;0.1;0.0
35;2021-01-11;538;0;1826;2;0.2;0.0
35;2021-01-12;886;2;2712;4;0.3;0.0
35;2021-01-13;969;1;3681;5;0.3;0.0
35;2021-01-14;1261;19;4942;24;0.5;0.0
35;2021-01-15;729;2;5671;26;0.5;0.0
35;2021-01-16;189;2;5860;28;0.5;0.0
35;2021-01-17;43;0;5903;28;0.5;0.0
35;2021-01-18;1222;2;7125;30;0.7;0.0
35;2021-01-19;5407;14;12532;44;1.2;0.0
35;2021-01-20;3236;8;15768;52;1.5;0.0
35;2021-01-21;3638;5;19406;57;1.8;0.0
35;2021-01-22;2089;10;21495;67;2.0;0.0
35;2021-01-23;421;1;21916;68;2.0;0.0
35;2021-01-24;50;0;21966;68;2.0;0.0
35;2021-01-25;917;16;22883;84;2.1;0.0
35;2021-01-26;1130;130;24013;214;2.2;0.0
35;2021-01-27;1031;115;25044;329;2.3;0.0
35;2021-01-28;915;281;25959;610;2.4;0.1
35;2021-01-29;724;270;26683;880;2.5;0.1
35;2021-01-30;139;18;26822;898;2.5;0.1
35;2021-01-31;0;0;26822;898;2.5;0.1
35;2021-02-01;670;290;27492;1188;2.5;0.1
35;2021-02-02;726;419;28218;1607;2.6;0.1
35;2021-02-03;661;485;28879;2092;2.7;0.2
35;2021-02-04;591;608;29470;2700;2.7;0.2
35;2021-02-05;624;533;30094;3233;2.8;0.3
35;2021-02-06;175;5;30269;3238;2.8;0.3
35;2021-02-07;1;0;30270;3238;2.8;0.3
35;2021-02-08;446;587;30716;3825;2.8;0.4
35;2021-02-09;1715;3503;32431;7328;3.0;0.7
35;2021-02-10;1368;2678;33799;10006;3.1;0.9
35;2021-02-11;1946;3137;35745;13143;3.3;1.2
35;2021-02-12;1662;1629;37407;14772;3.5;1.4
35;2021-02-13;58;242;37465;15014;3.5;1.4
35;2021-02-14;8;68;37473;15082;3.5;1.4
35;2021-02-15;771;917;38244;15999;3.5;1.5
35;2021-02-16;920;922;39164;16921;3.6;1.6
35;2021-02-17;892;989;40056;17910;3.7;1.7
35;2021-02-18;1015;900;41071;18810;3.8;1.7
35;2021-02-19;1011;858;42082;19668;3.9;1.8
35;2021-02-20;143;44;42225;19712;3.9;1.8
35;2021-02-21;5;0;42230;19712;3.9;1.8
35;2021-02-22;777;731;43007;20443;4.0;1.9
35;2021-02-23;1288;775;44295;21218;4.1;2.0
35;2021-02-24;1404;746;45699;21964;4.2;2.0
35;2021-02-25;2247;726;47946;22690;4.4;2.1
35;2021-02-26;2601;675;50547;23365;4.7;2.2
35;2021-02-27;869;97;51416;23462;4.8;2.2
35;2021-02-28;9;0;51425;23462;4.8;2.2
35;2021-03-01;961;647;52386;24109;4.8;2.2
35;2021-03-02;1634;1920;54020;26029;5.0;2.4
35;2021-03-03;1913;927;55933;26956;5.2;2.5
35;2021-03-04;2918;1369;58851;28325;5.4;2.6
35;2021-03-05;3716;1316;62567;29641;5.8;2.7
35;2021-03-06;1339;88;63906;29729;5.9;2.7
35;2021-03-07;1;40;63907;29769;5.9;2.8
35;2021-03-08;1473;577;65380;30346;6.0;2.8
35;2021-03-09;3234;596;68614;30942;6.3;2.9
35;2021-03-10;2905;554;71519;31496;6.6;2.9
35;2021-03-11;4199;704;75718;32200;7.0;3.0
35;2021-03-12;6048;593;81766;32793;7.6;3.0
35;2021-03-13;2426;135;84192;32928;7.8;3.0
35;2021-03-14;18;25;84210;32953;7.8;3.0
35;2021-03-15;1966;670;86176;33623;8.0;3.1
35;2021-03-16;2505;722;88681;34345;8.2;3.2
35;2021-03-17;2398;599;91079;34944;8.4;3.2
35;2021-03-18;2335;591;93414;35535;8.6;3.3
35;2021-03-19;3546;508;96960;36043;9.0;3.3
35;2021-03-20;1542;109;98502;36152;9.1;3.3
35;2021-03-21;38;1;98540;36153;9.1;3.3
35;2021-03-22;1750;838;100290;36991;9.3;3.4
35;2021-03-23;3626;1175;103916;38166;9.6;3.5
35;2021-03-24;3732;986;107648;39152;9.9;3.6
35;2021-03-25;5330;990;112978;40142;10.4;3.7
35;2021-03-26;5848;807;118826;40949;11.0;3.8
35;2021-03-27;1416;208;120242;41157;11.1;3.8
35;2021-03-28;4;0;120246;41157;11.1;3.8
35;2021-03-29;2780;908;123026;42065;11.4;3.9
35;2021-03-30;4291;1331;127317;43396;11.8;4.0
35;2021-03-31;3471;1338;130788;44734;12.1;4.1
35;2021-04-01;4252;1240;135040;45974;12.5;4.2
35;2021-04-02;4864;1207;139904;47181;12.9;4.4
35;2021-04-03;764;213;140668;47394;13.0;4.4
35;2021-04-04;6;0;140674;47394;13.0;4.4
35;2021-04-05;22;1;140696;47395;13.0;4.4
35;2021-04-06;3281;2029;143977;49424;13.3;4.6
35;2021-04-07;3966;1844;147943;51268;13.7;4.7
35;2021-04-08;5803;1593;153746;52861;14.2;4.9
35;2021-04-09;7427;1414;161173;54275;14.9;5.0
35;2021-04-10;1861;252;163034;54527;15.1;5.0
35;2021-04-11;35;23;163069;54550;15.1;5.0
35;2021-04-12;5137;1596;168206;56146;15.5;5.2
35;2021-04-13;7625;2785;175831;58931;16.2;5.4
35;2021-04-14;6312;2300;182143;61231;16.8;5.7
35;2021-04-15;7567;2178;189710;63409;17.5;5.9
35;2021-04-16;8081;1761;197791;65170;18.3;6.0
35;2021-04-17;1571;223;199362;65393;18.4;6.0
35;2021-04-18;10;4;199372;65397;18.4;6.0
35;2021-04-19;4820;1670;204192;67067;18.9;6.2
35;2021-04-20;5162;2638;209354;69705;19.3;6.4
35;2021-04-21;5134;2210;214488;71915;19.8;6.6
35;2021-04-22;6430;2324;220918;74239;20.4;6.9
35;2021-04-23;6822;2363;227740;76602;21.0;7.1
35;2021-04-24;1131;262;228871;76864;21.2;7.1
35;2021-04-25;8;16;228879;76880;21.2;7.1
35;2021-04-26;5101;2155;233980;79035;21.6;7.3
35;2021-04-27;6090;3203;240070;82238;22.2;7.6
35;2021-04-28;6173;2558;246243;84796;22.8;7.8
35;2021-04-29;7116;2747;253359;87543;23.4;8.1
35;2021-04-30;7562;2537;260921;90080;24.1;8.3
35;2021-05-01;618;239;261539;90319;24.2;8.3
35;2021-05-02;15;21;261554;90340;24.2;8.3
35;2021-05-03;5308;2327;266862;92667;24.7;8.6
35;2021-05-04;5072;5324;271934;97991;25.1;9.1
35;2021-05-05;4883;4445;276817;102436;25.6;9.5
35;2021-05-06;6176;5265;282993;107701;26.2;10.0
35;2021-05-07;5619;5245;288612;112946;26.7;10.4
35;2021-05-08;1720;135;290332;113081;26.8;10.5
35;2021-05-09;698;75;291030;113156;26.9;10.5
35;2021-05-10;3724;4954;294754;118110;27.2;10.9
35;2021-05-11;4777;5802;299531;123912;27.7;11.5
35;2021-05-12;5289;5494;304820;129406;28.2;12.0
35;2021-05-13;2702;1428;307522;130834;28.4;12.1
35;2021-05-14;5458;4280;312980;135114;28.9;12.5
35;2021-05-15;2930;718;315910;135832;29.2;12.6
35;2021-05-16;999;61;316909;135893;29.3;12.6
35;2021-05-17;4475;3884;321384;139777;29.7;12.9
35;2021-05-18;5838;4324;327222;144101;30.2;13.3
35;2021-05-19;5867;3634;333089;147735;30.8;13.7
35;2021-05-20;6447;4009;339536;151744;31.4;14.0
35;2021-05-21;6141;4766;345677;156510;31.9;14.5
35;2021-05-22;2118;735;347795;157245;32.1;14.5
35;2021-05-23;688;46;348483;157291;32.2;14.5
35;2021-05-24;3207;1297;351690;158588;32.5;14.7
35;2021-05-25;5544;4272;357234;162860;33.0;15.1
35;2021-05-26;5726;4160;362960;167020;33.5;15.4
35;2021-05-27;6528;4771;369488;171791;34.1;15.9
35;2021-05-28;6332;5565;375820;177356;34.7;16.4
35;2021-05-29;2875;1146;378695;178502;35.0;16.5
35;2021-05-30;877;39;379572;178541;35.1;16.5
35;2021-05-31;6312;4386;385884;182927;35.7;16.9
35;2021-06-01;7366;5113;393250;188040;36.3;17.4
35;2021-06-02;7222;3797;400472;191837;37.0;17.7
35;2021-06-03;8154;4996;408626;196833;37.8;18.2
35;2021-06-04;7274;7455;415900;204288;38.4;18.9
35;2021-06-05;4139;1581;420039;205869;38.8;19.0
35;2021-06-06;3055;146;423094;206015;39.1;19.0
35;2021-06-07;5782;5775;428876;211790;39.6;19.6
35;2021-06-08;7601;5953;436477;217743;40.3;20.1
35;2021-06-09;8464;4810;444941;222553;41.1;20.6
35;2021-06-10;9347;4751;454288;227304;42.0;21.0
35;2021-06-11;8636;7473;462924;234777;42.8;21.7
35;2021-06-12;4688;1209;467612;235986;43.2;21.8
35;2021-06-13;3386;226;470998;236212;43.5;21.8
35;2021-06-14;6233;6519;477231;242731;44.1;22.4
35;2021-06-15;7506;6963;484737;249694;44.8;23.1
35;2021-06-16;8323;5625;493060;255319;45.6;23.6
35;2021-06-17;8895;5904;501955;261223;46.4;24.1
35;2021-06-18;8718;8100;510673;269323;47.2;24.9
35;2021-06-19;1504;2510;512177;271833;47.3;25.1
35;2021-06-20;2955;883;515132;272716;47.6;25.2
35;2021-06-21;5932;6377;521064;279093;48.2;25.8
35;2021-06-22;6843;7498;527907;286591;48.8;26.5
35;2021-06-23;7253;6147;535160;292738;49.5;27.1
35;2021-06-24;8371;5925;543531;298663;50.2;27.6
35;2021-06-25;6631;8479;550162;307142;50.8;28.4
35;2021-06-26;1107;3077;551269;310219;50.9;28.7
35;2021-06-27;2637;1031;553906;311250;51.2;28.8
35;2021-06-28;4296;7759;558202;319009;51.6;29.5
35;2021-06-29;5091;7971;563293;326980;52.1;30.2
35;2021-06-30;5604;7890;568897;334870;52.6;30.9
35;2021-07-01;6586;7546;575483;342416;53.2;31.6
35;2021-07-02;5334;9859;580817;352275;53.7;32.6
35;2021-07-03;1084;2838;581901;355113;53.8;32.8
35;2021-07-04;2149;1555;584050;356668;54.0;33.0
35;2021-07-05;3735;8205;587785;364873;54.3;33.7
35;2021-07-06;4790;9476;592575;374349;54.8;34.6
35;2021-07-07;5059;8322;597634;382671;55.2;35.4
35;2021-07-08;5387;8489;603021;391160;55.7;36.1
35;2021-07-09;3908;11546;606929;402706;56.1;37.2
35;2021-07-10;892;3149;607821;405855;56.2;37.5
35;2021-07-11;1301;2355;609122;408210;56.3;37.7
35;2021-07-12;3120;9145;612242;417355;56.6;38.6
35;2021-07-13;3981;10748;616223;428103;56.9;39.6
35;2021-07-14;2151;4449;618374;432552;57.1;40.0
35;2021-07-15;4293;10182;622667;442734;57.5;40.9
35;2021-07-16;4799;11009;627466;453743;58.0;41.9
35;2021-07-17;1985;4065;629451;457808;58.2;42.3
35;2021-07-18;844;2570;630295;460378;58.2;42.5
35;2021-07-19;3253;8973;633548;469351;58.5;43.4
35;2021-07-20;4243;10591;637791;479942;58.9;44.4
35;2021-07-21;4366;9388;642157;489330;59.3;45.2
35;2021-07-22;4848;9660;647005;498990;59.8;46.1
35;2021-07-23;4563;11015;651568;510005;60.2;47.1
35;2021-07-24;1587;4268;653155;514273;60.4;47.5
35;2021-07-25;816;2845;653971;517118;60.4;47.8
35;2021-07-26;3892;8736;657863;525854;60.8;48.6
35;2021-07-27;5280;9651;663143;535505;61.3;49.5
35;2021-07-28;5316;8672;668459;544177;61.8;50.3
35;2021-07-29;6110;8340;674569;552517;62.3;51.1
35;2021-07-30;5899;9087;680468;561604;62.9;51.9
35;2021-07-31;2316;3655;682784;565259;63.1;52.2
35;2021-08-01;1524;2411;684308;567670;63.2;52.5
35;2021-08-02;4753;6949;689061;574619;63.7;53.1
35;2021-08-03;6710;7580;695771;582199;64.3;53.8
35;2021-08-04;6705;6591;702476;588790;64.9;54.4
35;2021-08-05;6679;6981;709155;595771;65.5;55.1
35;2021-08-06;6052;7322;715207;603093;66.1;55.7
35;2021-08-07;2107;3149;717314;606242;66.3;56.0
35;2021-08-08;1525;2255;718839;608497;66.4;56.2
35;2021-08-09;4614;5536;723453;614033;66.9;56.7
35;2021-08-10;6556;6377;730009;620410;67.5;57.3
35;2021-08-11;6462;5865;736471;626275;68.1;57.9
35;2021-08-12;6984;5581;743455;631856;68.7;58.4
35;2021-08-13;6645;5063;750100;636919;69.3;58.9
35;2021-08-14;3047;1982;753147;638901;69.6;59.0
35;2021-08-15;2470;1255;755617;640156;69.8;59.2
35;2021-08-16;4842;5292;760459;645448;70.3;59.6
35;2021-08-17;6356;6075;766815;651523;70.9;60.2
35;2021-08-18;6442;5623;773257;657146;71.5;60.7
35;2021-08-19;6253;5755;779510;662901;72.0;61.3
35;2021-08-20;5101;6344;784611;669245;72.5;61.8
35;2021-08-21;2377;2631;786988;671876;72.7;62.1
35;2021-08-22;1760;1791;788748;673667;72.9;62.3
35;2021-08-23;3082;6008;791830;679675;73.2;62.8
35;2021-08-24;3461;7220;795291;686895;73.5;63.5
35;2021-08-25;3287;6613;798578;693508;73.8;64.1
35;2021-08-26;2616;6888;801194;700396;74.0;64.7
35;2021-08-27;2750;7258;803944;707654;74.3;65.4
35;2021-08-28;1172;2952;805116;710606;74.4;65.7
35;2021-08-29;520;1758;805636;712364;74.5;65.8
35;2021-08-30;1954;5476;807590;717840;74.6;66.3
35;2021-08-31;2334;6500;809924;724340;74.8;66.9
35;2021-09-01;1913;6085;811837;730425;75.0;67.5
35;2021-09-02;1828;6168;813665;736593;75.2;68.1
35;2021-09-03;2010;7042;815675;743635;75.4;68.7
35;2021-09-04;1118;4096;816793;747731;75.5;69.1
35;2021-09-05;517;2074;817310;749805;75.5;69.3
35;2021-09-06;1123;5000;818433;754805;75.6;69.8
35;2021-09-07;1288;5399;819721;760204;75.8;70.3
36;2020-12-27;0;0;0;0;0.0;0.0
36;2020-12-28;0;0;0;0;0.0;0.0
36;2020-12-29;0;0;0;0;0.0;0.0
36;2020-12-30;0;0;0;0;0.0;0.0
36;2020-12-31;0;0;0;0;0.0;0.0
36;2021-01-01;0;0;0;0;0.0;0.0
36;2021-01-02;0;0;0;0;0.0;0.0
36;2021-01-03;0;0;0;0;0.0;0.0
36;2021-01-04;2;0;2;0;0.0;0.0
36;2021-01-05;0;0;2;0;0.0;0.0
36;2021-01-06;24;0;26;0;0.0;0.0
36;2021-01-07;51;0;77;0;0.0;0.0
36;2021-01-08;111;0;188;0;0.1;0.0
36;2021-01-09;84;0;272;0;0.1;0.0
36;2021-01-10;142;0;414;0;0.2;0.0
36;2021-01-11;239;1;653;1;0.3;0.0
36;2021-01-12;282;0;935;1;0.4;0.0
36;2021-01-13;198;1;1133;2;0.5;0.0
36;2021-01-14;505;3;1638;5;0.8;0.0
36;2021-01-15;179;1;1817;6;0.8;0.0
36;2021-01-16;24;1;1841;7;0.8;0.0
36;2021-01-17;19;1;1860;8;0.9;0.0
36;2021-01-18;613;3;2473;11;1.1;0.0
36;2021-01-19;1174;2;3647;13;1.7;0.0
36;2021-01-20;1102;2;4749;15;2.2;0.0
36;2021-01-21;721;0;5470;15;2.5;0.0
36;2021-01-22;857;2;6327;17;2.9;0.0
36;2021-01-23;295;0;6622;17;3.0;0.0
36;2021-01-24;185;0;6807;17;3.1;0.0
36;2021-01-25;640;4;7447;21;3.4;0.0
36;2021-01-26;610;1;8057;22;3.7;0.0
36;2021-01-27;851;19;8908;41;4.1;0.0
36;2021-01-28;478;35;9386;76;4.3;0.0
36;2021-01-29;573;92;9959;168;4.6;0.1
36;2021-01-30;288;66;10247;234;4.7;0.1
36;2021-01-31;115;118;10362;352;4.8;0.2
36;2021-02-01;378;99;10740;451;4.9;0.2
36;2021-02-02;410;170;11150;621;5.1;0.3
36;2021-02-03;473;258;11623;879;5.4;0.4
36;2021-02-04;275;254;11898;1133;5.5;0.5
36;2021-02-05;302;159;12200;1292;5.6;0.6
36;2021-02-06;1;0;12201;1292;5.6;0.6
36;2021-02-07;1;0;12202;1292;5.6;0.6
36;2021-02-08;280;229;12482;1521;5.7;0.7
36;2021-02-09;328;593;12810;2114;5.9;1.0
36;2021-02-10;490;631;13300;2745;6.1;1.3
36;2021-02-11;384;579;13684;3324;6.3;1.5
36;2021-02-12;303;431;13987;3755;6.4;1.7
36;2021-02-13;126;59;14113;3814;6.5;1.8
36;2021-02-14;22;24;14135;3838;6.5;1.8
36;2021-02-15;42;494;14177;4332;6.5;2.0
36;2021-02-16;107;363;14284;4695;6.6;2.2
36;2021-02-17;117;544;14401;5239;6.6;2.4
36;2021-02-18;161;568;14562;5807;6.7;2.7
36;2021-02-19;181;463;14743;6270;6.8;2.9
36;2021-02-20;86;210;14829;6480;6.8;3.0
36;2021-02-21;87;143;14916;6623;6.9;3.1
36;2021-02-22;162;449;15078;7072;6.9;3.3
36;2021-02-23;62;538;15140;7610;7.0;3.5
36;2021-02-24;109;619;15249;8229;7.0;3.8
36;2021-02-25;251;253;15500;8482;7.1;3.9
36;2021-02-26;339;437;15839;8919;7.3;4.1
36;2021-02-27;73;248;15912;9167;7.3;4.2
36;2021-02-28;13;87;15925;9254;7.3;4.3
36;2021-03-01;218;320;16143;9574;7.4;4.4
36;2021-03-02;352;343;16495;9917;7.6;4.6
36;2021-03-03;394;509;16889;10426;7.8;4.8
36;2021-03-04;663;339;17552;10765;8.1;5.0
36;2021-03-05;799;286;18351;11051;8.5;5.1
36;2021-03-06;410;17;18761;11068;8.6;5.1
36;2021-03-07;339;7;19100;11075;8.8;5.1
36;2021-03-08;251;308;19351;11383;8.9;5.2
36;2021-03-09;449;263;19800;11646;9.1;5.4
36;2021-03-10;724;406;20524;12052;9.5;5.6
36;2021-03-11;839;244;21363;12296;9.8;5.7
36;2021-03-12;1446;297;22809;12593;10.5;5.8
36;2021-03-13;575;128;23384;12721;10.8;5.9
36;2021-03-14;113;1;23497;12722;10.8;5.9
36;2021-03-15;648;157;24145;12879;11.1;5.9
36;2021-03-16;447;67;24592;12946;11.3;6.0
36;2021-03-17;765;91;25357;13037;11.7;6.0
36;2021-03-18;414;72;25771;13109;11.9;6.0
36;2021-03-19;738;40;26509;13149;12.2;6.1
36;2021-03-20;451;26;26960;13175;12.4;6.1
36;2021-03-21;0;0;26960;13175;12.4;6.1
36;2021-03-22;497;59;27457;13234;12.6;6.1
36;2021-03-23;777;58;28234;13292;13.0;6.1
36;2021-03-24;1090;77;29324;13369;13.5;6.2
36;2021-03-25;1337;89;30661;13458;14.1;6.2
36;2021-03-26;1419;158;32080;13616;14.8;6.3
36;2021-03-27;475;43;32555;13659;15.0;6.3
36;2021-03-28;68;57;32623;13716;15.0;6.3
36;2021-03-29;462;185;33085;13901;15.2;6.4
36;2021-03-30;584;263;33669;14164;15.5;6.5
36;2021-03-31;1263;172;34932;14336;16.1;6.6
36;2021-04-01;1086;430;36018;14766;16.6;6.8
36;2021-04-02;966;143;36984;14909;17.0;6.9
36;2021-04-03;282;194;37266;15103;17.2;7.0
36;2021-04-04;42;2;37308;15105;17.2;7.0
36;2021-04-05;15;46;37323;15151;17.2;7.0
36;2021-04-06;821;362;38144;15513;17.6;7.1
36;2021-04-07;1073;541;39217;16054;18.1;7.4
36;2021-04-08;1347;480;40564;16534;18.7;7.6
36;2021-04-09;1939;403;42503;16937;19.6;7.8
36;2021-04-10;592;243;43095;17180;19.8;7.9
36;2021-04-11;256;90;43351;17270;20.0;8.0
36;2021-04-12;848;561;44199;17831;20.4;8.2
36;2021-04-13;1140;518;45339;18349;20.9;8.5
36;2021-04-14;1582;864;46921;19213;21.6;8.8
36;2021-04-15;1654;473;48575;19686;22.4;9.1
36;2021-04-16;1488;466;50063;20152;23.1;9.3
36;2021-04-17;893;250;50956;20402;23.5;9.4
36;2021-04-18;383;7;51339;20409;23.6;9.4
36;2021-04-19;874;443;52213;20852;24.0;9.6
36;2021-04-20;1145;522;53358;21374;24.6;9.8
36;2021-04-21;1240;878;54598;22252;25.1;10.2
36;2021-04-22;1593;872;56191;23124;25.9;10.6
36;2021-04-23;1327;616;57518;23740;26.5;10.9
36;2021-04-24;678;381;58196;24121;26.8;11.1
36;2021-04-25;413;94;58609;24215;27.0;11.2
36;2021-04-26;1134;448;59743;24663;27.5;11.4
36;2021-04-27;1278;552;61021;25215;28.1;11.6
36;2021-04-28;1488;1064;62509;26279;28.8;12.1
36;2021-04-29;2016;705;64525;26984;29.7;12.4
36;2021-04-30;1553;457;66078;27441;30.4;12.6
36;2021-05-01;724;64;66802;27505;30.8;12.7
36;2021-05-02;498;64;67300;27569;31.0;12.7
36;2021-05-03;1292;316;68592;27885;31.6;12.8
36;2021-05-04;780;806;69372;28691;31.9;13.2
36;2021-05-05;1283;1306;70655;29997;32.5;13.8
36;2021-05-06;2138;796;72793;30793;33.5;14.2
36;2021-05-07;1469;769;74262;31562;34.2;14.5
36;2021-05-08;306;105;74568;31667;34.3;14.6
36;2021-05-09;174;343;74742;32010;34.4;14.7
36;2021-05-10;1216;817;75958;32827;35.0;15.1
36;2021-05-11;1725;1248;77683;34075;35.8;15.7
36;2021-05-12;1827;1484;79510;35559;36.6;16.4
36;2021-05-13;548;306;80058;35865;36.9;16.5
36;2021-05-14;701;1039;80759;36904;37.2;17.0
36;2021-05-15;635;591;81394;37495;37.5;17.3
36;2021-05-16;337;377;81731;37872;37.6;17.4
36;2021-05-17;615;943;82346;38815;37.9;17.9
36;2021-05-18;874;937;83220;39752;38.3;18.3
36;2021-05-19;1333;846;84553;40598;38.9;18.7
36;2021-05-20;1611;1209;86164;41807;39.7;19.3
36;2021-05-21;1107;1068;87271;42875;40.2;19.7
36;2021-05-22;678;342;87949;43217;40.5;19.9
36;2021-05-23;429;297;88378;43514;40.7;20.0
36;2021-05-24;505;469;88883;43983;40.9;20.3
36;2021-05-25;1046;684;89929;44667;41.4;20.6
36;2021-05-26;1473;1163;91402;45830;42.1;21.1
36;2021-05-27;1397;977;92799;46807;42.7;21.6
36;2021-05-28;921;1482;93720;48289;43.2;22.2
36;2021-05-29;700;507;94420;48796;43.5;22.5
36;2021-05-30;111;573;94531;49369;43.5;22.7
36;2021-05-31;1137;763;95668;50132;44.1;23.1
36;2021-06-01;1412;829;97080;50961;44.7;23.5
36;2021-06-02;2062;614;99142;51575;45.7;23.8
36;2021-06-03;1902;1202;101044;52777;46.5;24.3
36;2021-06-04;1774;1039;102818;53816;47.4;24.8
36;2021-06-05;692;657;103510;54473;47.7;25.1
36;2021-06-06;336;272;103846;54745;47.8;25.2
36;2021-06-07;983;808;104829;55553;48.3;25.6
36;2021-06-08;958;981;105787;56534;48.7;26.0
36;2021-06-09;1675;1068;107462;57602;49.5;26.5
36;2021-06-10;1530;1382;108992;58984;50.2;27.2
36;2021-06-11;1289;1497;110281;60481;50.8;27.9
36;2021-06-12;920;779;111201;61260;51.2;28.2
36;2021-06-13;343;269;111544;61529;51.4;28.3
36;2021-06-14;606;1269;112150;62798;51.6;28.9
36;2021-06-15;734;1215;112884;64013;52.0;29.5
36;2021-06-16;903;1519;113787;65532;52.4;30.2
36;2021-06-17;750;1902;114537;67434;52.7;31.1
36;2021-06-18;706;1881;115243;69315;53.1;31.9
36;2021-06-19;295;395;115538;69710;53.2;32.1
36;2021-06-20;235;327;115773;70037;53.3;32.3
36;2021-06-21;686;1449;116459;71486;53.6;32.9
36;2021-06-22;841;1552;117300;73038;54.0;33.6
36;2021-06-23;773;1790;118073;74828;54.4;34.5
36;2021-06-24;855;1524;118928;76352;54.8;35.2
36;2021-06-25;942;1220;119870;77572;55.2;35.7
36;2021-06-26;325;602;120195;78174;55.4;36.0
36;2021-06-27;105;267;120300;78441;55.4;36.1
36;2021-06-28;697;925;120997;79366;55.7;36.6
36;2021-06-29;688;1459;121685;80825;56.0;37.2
36;2021-06-30;837;2149;122522;82974;56.4;38.2
36;2021-07-01;351;1081;122873;84055;56.6;38.7
36;2021-07-02;747;1845;123620;85900;56.9;39.6
36;2021-07-03;466;885;124086;86785;57.1;40.0
36;2021-07-04;185;325;124271;87110;57.2;40.1
36;2021-07-05;494;1335;124765;88445;57.5;40.7
36;2021-07-06;491;1221;125256;89666;57.7;41.3
36;2021-07-07;586;1792;125842;91458;58.0;42.1
36;2021-07-08;550;1706;126392;93164;58.2;42.9
36;2021-07-09;786;1654;127178;94818;58.6;43.7
36;2021-07-10;470;1119;127648;95937;58.8;44.2
36;2021-07-11;257;154;127905;96091;58.9;44.3
36;2021-07-12;332;1627;128237;97718;59.1;45.0
36;2021-07-13;312;1936;128549;99654;59.2;45.9
36;2021-07-14;376;763;128925;100417;59.4;46.2
36;2021-07-15;915;2166;129840;102583;59.8;47.2
36;2021-07-16;628;1873;130468;104456;60.1;48.1
36;2021-07-17;400;859;130868;105315;60.3;48.5
36;2021-07-18;199;408;131067;105723;60.4;48.7
36;2021-07-19;552;1456;131619;107179;60.6;49.4
36;2021-07-20;776;1406;132395;108585;61.0;50.0
36;2021-07-21;712;1983;133107;110568;61.3;50.9
36;2021-07-22;1139;1687;134246;112255;61.8;51.7
36;2021-07-23;969;1745;135215;114000;62.3;52.5
36;2021-07-24;606;801;135821;114801;62.6;52.9
36;2021-07-25;148;403;135969;115204;62.6;53.1
36;2021-07-26;949;1085;136918;116289;63.1;53.6
36;2021-07-27;816;1354;137734;117643;63.4;54.2
36;2021-07-28;1385;1400;139119;119043;64.1;54.8
36;2021-07-29;1707;1308;140826;120351;64.9;55.4
36;2021-07-30;1448;1324;142274;121675;65.5;56.0
36;2021-07-31;932;535;143206;122210;66.0;56.3
36;2021-08-01;209;239;143415;122449;66.0;56.4
36;2021-08-02;1116;894;144531;123343;66.6;56.8
36;2021-08-03;1272;995;145803;124338;67.1;57.3
36;2021-08-04;1692;938;147495;125276;67.9;57.7
36;2021-08-05;1822;910;149317;126186;68.8;58.1
36;2021-08-06;1419;878;150736;127064;69.4;58.5
36;2021-08-07;541;527;151277;127591;69.7;58.8
36;2021-08-08;292;154;151569;127745;69.8;58.8
36;2021-08-09;818;846;152387;128591;70.2;59.2
36;2021-08-10;1067;1013;153454;129604;70.7;59.7
36;2021-08-11;1353;856;154807;130460;71.3;60.1
36;2021-08-12;1159;856;155966;131316;71.8;60.5
36;2021-08-13;1185;779;157151;132095;72.4;60.8
36;2021-08-14;425;837;157576;132932;72.6;61.2
36;2021-08-15;363;113;157939;133045;72.7;61.3
36;2021-08-16;605;957;158544;134002;73.0;61.7
36;2021-08-17;766;1002;159310;135004;73.4;62.2
36;2021-08-18;1035;1163;160345;136167;73.8;62.7
36;2021-08-19;835;1182;161180;137349;74.2;63.3
36;2021-08-20;483;1479;161663;138828;74.5;63.9
36;2021-08-21;309;466;161972;139294;74.6;64.1
36;2021-08-22;27;65;161999;139359;74.6;64.2
36;2021-08-23;549;1178;162548;140537;74.9;64.7
36;2021-08-24;588;1205;163136;141742;75.1;65.3
36;2021-08-25;461;1092;163597;142834;75.3;65.8
36;2021-08-26;665;1479;164262;144313;75.6;66.5
36;2021-08-27;528;1409;164790;145722;75.9;67.1
36;2021-08-28;368;580;165158;146302;76.1;67.4
36;2021-08-29;220;239;165378;146541;76.2;67.5
36;2021-08-30;246;748;165624;147289;76.3;67.8
36;2021-08-31;387;933;166011;148222;76.5;68.3
36;2021-09-01;385;1217;166396;149439;76.6;68.8
36;2021-09-02;318;1056;166714;150495;76.8;69.3
36;2021-09-03;296;1493;167010;151988;76.9;70.0
36;2021-09-04;247;866;167257;152854;77.0;70.4
36;2021-09-05;119;381;167376;153235;77.1;70.6
36;2021-09-06;148;1037;167524;154272;77.2;71.0
36;2021-09-07;185;849;167709;155121;77.2;71.4
37;2020-12-27;0;0;0;0;0.0;0.0
37;2020-12-28;17;0;17;0;0.0;0.0
37;2020-12-29;10;0;27;0;0.0;0.0
37;2020-12-30;0;0;27;0;0.0;0.0
37;2020-12-31;0;0;27;0;0.0;0.0
37;2021-01-01;0;0;27;0;0.0;0.0
37;2021-01-02;0;0;27;0;0.0;0.0
37;2021-01-03;0;0;27;0;0.0;0.0
37;2021-01-04;21;0;48;0;0.0;0.0
37;2021-01-05;47;0;95;0;0.0;0.0
37;2021-01-06;79;0;174;0;0.0;0.0
37;2021-01-07;116;0;290;0;0.0;0.0
37;2021-01-08;442;1;732;1;0.1;0.0
37;2021-01-09;80;1;812;2;0.1;0.0
37;2021-01-10;83;0;895;2;0.1;0.0
37;2021-01-11;280;0;1175;2;0.2;0.0
37;2021-01-12;658;4;1833;6;0.3;0.0
37;2021-01-13;560;1;2393;7;0.4;0.0
37;2021-01-14;522;3;2915;10;0.5;0.0
37;2021-01-15;628;1;3543;11;0.6;0.0
37;2021-01-16;304;2;3847;13;0.6;0.0
37;2021-01-17;262;1;4109;14;0.7;0.0
37;2021-01-18;734;10;4843;24;0.8;0.0
37;2021-01-19;1243;10;6086;34;1.0;0.0
37;2021-01-20;1038;3;7124;37;1.2;0.0
37;2021-01-21;856;1;7980;38;1.3;0.0
37;2021-01-22;767;2;8747;40;1.4;0.0
37;2021-01-23;173;0;8920;40;1.5;0.0
37;2021-01-24;0;0;8920;40;1.5;0.0
37;2021-01-25;540;15;9460;55;1.6;0.0
37;2021-01-26;1814;66;11274;121;1.9;0.0
37;2021-01-27;1524;68;12798;189;2.1;0.0
37;2021-01-28;1530;88;14328;277;2.4;0.0
37;2021-01-29;633;306;14961;583;2.5;0.1
37;2021-01-30;202;56;15163;639;2.5;0.1
37;2021-01-31;15;56;15178;695;2.5;0.1
37;2021-02-01;332;186;15510;881;2.6;0.1
37;2021-02-02;523;507;16033;1388;2.6;0.2
37;2021-02-03;659;334;16692;1722;2.8;0.3
37;2021-02-04;548;394;17240;2116;2.8;0.3
37;2021-02-05;466;420;17706;2536;2.9;0.4
37;2021-02-06;189;2;17895;2538;3.0;0.4
37;2021-02-07;20;1;17915;2539;3.0;0.4
37;2021-02-08;331;293;18246;2832;3.0;0.5
37;2021-02-09;625;675;18871;3507;3.1;0.6
37;2021-02-10;662;492;19533;3999;3.2;0.7
37;2021-02-11;612;533;20145;4532;3.3;0.7
37;2021-02-12;489;531;20634;5063;3.4;0.8
37;2021-02-13;155;174;20789;5237;3.4;0.9
37;2021-02-14;2;70;20791;5307;3.4;0.9
37;2021-02-15;425;414;21216;5721;3.5;0.9
37;2021-02-16;841;1356;22057;7077;3.6;1.2
37;2021-02-17;635;1284;22692;8361;3.7;1.4
37;2021-02-18;912;1358;23604;9719;3.9;1.6
37;2021-02-19;795;796;24399;10515;4.0;1.7
37;2021-02-20;245;174;24644;10689;4.1;1.8
37;2021-02-21;5;1;24649;10690;4.1;1.8
37;2021-02-22;334;526;24983;11216;4.1;1.9
37;2021-02-23;606;547;25589;11763;4.2;1.9
37;2021-02-24;572;533;26161;12296;4.3;2.0
37;2021-02-25;875;535;27036;12831;4.5;2.1
37;2021-02-26;1116;517;28152;13348;4.7;2.2
37;2021-02-27;585;159;28737;13507;4.7;2.2
37;2021-02-28;23;0;28760;13507;4.8;2.2
37;2021-03-01;603;332;29363;13839;4.9;2.3
37;2021-03-02;1090;493;30453;14332;5.0;2.4
37;2021-03-03;973;492;31426;14824;5.2;2.4
37;2021-03-04;1607;447;33033;15271;5.5;2.5
37;2021-03-05;2129;517;35162;15788;5.8;2.6
37;2021-03-06;1165;196;36327;15984;6.0;2.6
37;2021-03-07;472;67;36799;16051;6.1;2.7
37;2021-03-08;666;395;37465;16446;6.2;2.7
37;2021-03-09;1652;687;39117;17133;6.5;2.8
37;2021-03-10;1606;738;40723;17871;6.7;3.0
37;2021-03-11;2048;683;42771;18554;7.1;3.1
37;2021-03-12;3209;472;45980;19026;7.6;3.1
37;2021-03-13;1947;191;47927;19217;7.9;3.2
37;2021-03-14;206;4;48133;19221;8.0;3.2
37;2021-03-15;1069;248;49202;19469;8.1;3.2
37;2021-03-16;1048;529;50250;19998;8.3;3.3
37;2021-03-17;934;278;51184;20276;8.5;3.3
37;2021-03-18;1035;522;52219;20798;8.6;3.4
37;2021-03-19;2218;340;54437;21138;9.0;3.5
37;2021-03-20;1334;141;55771;21279;9.2;3.5
37;2021-03-21;204;4;55975;21283;9.2;3.5
37;2021-03-22;1287;240;57262;21523;9.5;3.6
37;2021-03-23;2256;566;59518;22089;9.8;3.6
37;2021-03-24;2246;464;61764;22553;10.2;3.7
37;2021-03-25;2984;442;64748;22995;10.7;3.8
37;2021-03-26;3524;402;68272;23397;11.3;3.9
37;2021-03-27;1175;126;69447;23523;11.5;3.9
37;2021-03-28;139;1;69586;23524;11.5;3.9
37;2021-03-29;1604;346;71190;23870;11.8;3.9
37;2021-03-30;2524;622;73714;24492;12.2;4.0
37;2021-03-31;2048;483;75762;24975;12.5;4.1
37;2021-04-01;2601;965;78363;25940;12.9;4.3
37;2021-04-02;2812;668;81175;26608;13.4;4.4
37;2021-04-03;817;224;81992;26832;13.5;4.4
37;2021-04-04;104;1;82096;26833;13.6;4.4
37;2021-04-05;4;0;82100;26833;13.6;4.4
37;2021-04-06;2241;781;84341;27614;13.9;4.6
37;2021-04-07;3172;874;87513;28488;14.5;4.7
37;2021-04-08;4045;966;91558;29454;15.1;4.9
37;2021-04-09;4546;949;96104;30403;15.9;5.0
37;2021-04-10;1328;430;97432;30833;16.1;5.1
37;2021-04-11;104;1;97536;30834;16.1;5.1
37;2021-04-12;2644;674;100180;31508;16.5;5.2
37;2021-04-13;4115;1163;104295;32671;17.2;5.4
37;2021-04-14;3044;896;107339;33567;17.7;5.5
37;2021-04-15;3759;1018;111098;34585;18.4;5.7
37;2021-04-16;4359;1228;115457;35813;19.1;5.9
37;2021-04-17;1147;222;116604;36035;19.3;6.0
37;2021-04-18;97;3;116701;36038;19.3;6.0
37;2021-04-19;2482;850;119183;36888;19.7;6.1
37;2021-04-20;3232;1338;122415;38226;20.2;6.3
37;2021-04-21;2930;1156;125345;39382;20.7;6.5
37;2021-04-22;3455;1400;128800;40782;21.3;6.7
37;2021-04-23;3691;1812;132491;42594;21.9;7.0
37;2021-04-24;1007;387;133498;42981;22.1;7.1
37;2021-04-25;46;2;133544;42983;22.1;7.1
37;2021-04-26;2971;1342;136515;44325;22.6;7.3
37;2021-04-27;4185;1808;140700;46133;23.2;7.6
37;2021-04-28;3462;1951;144162;48084;23.8;7.9
37;2021-04-29;4585;2010;148747;50094;24.6;8.3
37;2021-04-30;5056;1976;153803;52070;25.4;8.6
37;2021-05-01;637;209;154440;52279;25.5;8.6
37;2021-05-02;104;15;154544;52294;25.5;8.6
37;2021-05-03;2672;1957;157216;54251;26.0;9.0
37;2021-05-04;3731;2711;160947;56962;26.6;9.4
37;2021-05-05;3498;2087;164445;59049;27.2;9.8
37;2021-05-06;4994;1944;169439;60993;28.0;10.1
37;2021-05-07;4684;2880;174123;63873;28.8;10.6
37;2021-05-08;538;312;174661;64185;28.9;10.6
37;2021-05-09;63;41;174724;64226;28.9;10.6
37;2021-05-10;2159;3484;176883;67710;29.2;11.2
37;2021-05-11;3868;3878;180751;71588;29.9;11.8
37;2021-05-12;4041;2541;184792;74129;30.5;12.2
37;2021-05-13;1138;516;185930;74645;30.7;12.3
37;2021-05-14;4045;2681;189975;77326;31.4;12.8
37;2021-05-15;2323;743;192298;78069;31.8;12.9
37;2021-05-16;22;71;192320;78140;31.8;12.9
37;2021-05-17;2765;2050;195085;80190;32.2;13.2
37;2021-05-18;3875;2359;198960;82549;32.9;13.6
37;2021-05-19;3495;1808;202455;84357;33.4;13.9
37;2021-05-20;4752;1776;207207;86133;34.2;14.2
37;2021-05-21;4525;2572;211732;88705;35.0;14.7
37;2021-05-22;1078;752;212810;89457;35.2;14.8
37;2021-05-23;73;89;212883;89546;35.2;14.8
37;2021-05-24;513;106;213396;89652;35.2;14.8
37;2021-05-25;5124;2177;218520;91829;36.1;15.2
37;2021-05-26;4929;2099;223449;93928;36.9;15.5
37;2021-05-27;5987;2362;229436;96290;37.9;15.9
37;2021-05-28;6023;3254;235459;99544;38.9;16.4
37;2021-05-29;1520;1166;236979;100710;39.1;16.6
37;2021-05-30;55;160;237034;100870;39.2;16.7
37;2021-05-31;3648;2523;240682;103393;39.8;17.1
37;2021-06-01;5846;3619;246528;107012;40.7;17.7
37;2021-06-02;5077;2456;251605;109468;41.6;18.1
37;2021-06-03;6087;2881;257692;112349;42.6;18.6
37;2021-06-04;5511;4204;263203;116553;43.5;19.3
37;2021-06-05;1855;1304;265058;117857;43.8;19.5
37;2021-06-06;49;197;265107;118054;43.8;19.5
37;2021-06-07;3022;4168;268129;122222;44.3;20.2
37;2021-06-08;4202;4652;272331;126874;45.0;21.0
37;2021-06-09;3883;3570;276214;130444;45.6;21.5
37;2021-06-10;5270;3622;281484;134066;46.5;22.1
37;2021-06-11;4977;4835;286461;138901;47.3;22.9
37;2021-06-12;3553;1349;290014;140250;47.9;23.2
37;2021-06-13;15;164;290029;140414;47.9;23.2
37;2021-06-14;2667;4034;292696;144448;48.3;23.9
37;2021-06-15;3900;4782;296596;149230;49.0;24.7
37;2021-06-16;3259;3603;299855;152833;49.5;25.2
37;2021-06-17;4012;4496;303867;157329;50.2;26.0
37;2021-06-18;4705;5074;308572;162403;51.0;26.8
37;2021-06-19;2520;1102;311092;163505;51.4;27.0
37;2021-06-20;9;183;311101;163688;51.4;27.0
37;2021-06-21;2419;3827;313520;167515;51.8;27.7
37;2021-06-22;2970;5008;316490;172523;52.3;28.5
37;2021-06-23;2626;3643;319116;176166;52.7;29.1
37;2021-06-24;2874;3542;321990;179708;53.2;29.7
37;2021-06-25;3309;4877;325299;184585;53.7;30.5
37;2021-06-26;1240;3085;326539;187670;53.9;31.0
37;2021-06-27;23;142;326562;187812;53.9;31.0
37;2021-06-28;1703;4510;328265;192322;54.2;31.8
37;2021-06-29;1904;6221;330169;198543;54.5;32.8
37;2021-06-30;1871;4441;332040;202984;54.8;33.5
37;2021-07-01;2125;4794;334165;207778;55.2;34.3
37;2021-07-02;2680;5589;336845;213367;55.6;35.2
37;2021-07-03;945;2138;337790;215505;55.8;35.6
37;2021-07-04;5;105;337795;215610;55.8;35.6
37;2021-07-05;1709;5139;339504;220749;56.1;36.5
37;2021-07-06;2005;6762;341509;227511;56.4;37.6
37;2021-07-07;1945;5462;343454;232973;56.7;38.5
37;2021-07-08;2464;6664;345918;239637;57.1;39.6
37;2021-07-09;1988;7644;347906;247281;57.5;40.8
37;2021-07-10;1013;2616;348919;249897;57.6;41.3
37;2021-07-11;26;96;348945;249993;57.6;41.3
37;2021-07-12;1132;5985;350077;255978;57.8;42.3
37;2021-07-13;1616;7820;351693;263798;58.1;43.6
37;2021-07-14;524;407;352217;264205;58.2;43.6
37;2021-07-15;2625;7499;354842;271704;58.6;44.9
37;2021-07-16;2759;7800;357601;279504;59.1;46.2
37;2021-07-17;1202;2444;358803;281948;59.3;46.6
37;2021-07-18;50;53;358853;282001;59.3;46.6
37;2021-07-19;1652;6128;360505;288129;59.6;47.6
37;2021-07-20;2909;7069;363414;295198;60.0;48.8
37;2021-07-21;2984;5784;366398;300982;60.5;49.7
37;2021-07-22;4060;6532;370458;307514;61.2;50.8
37;2021-07-23;3810;7103;374268;314617;61.8;52.0
37;2021-07-24;1778;3308;376046;317925;62.1;52.5
37;2021-07-25;66;77;376112;318002;62.1;52.5
37;2021-07-26;3241;4323;379353;322325;62.7;53.2
37;2021-07-27;4433;4961;383786;327286;63.4;54.1
37;2021-07-28;4141;3657;387927;330943;64.1;54.7
37;2021-07-29;5087;4194;393014;335137;64.9;55.4
37;2021-07-30;5244;4931;398258;340068;65.8;56.2
37;2021-07-31;1923;1846;400181;341914;66.1;56.5
37;2021-08-01;31;52;400212;341966;66.1;56.5
37;2021-08-02;3295;3295;403507;345261;66.7;57.0
37;2021-08-03;5263;3142;408770;348403;67.5;57.6
37;2021-08-04;4557;1927;413327;350330;68.3;57.9
37;2021-08-05;4782;2600;418109;352930;69.1;58.3
37;2021-08-06;4852;3307;422961;356237;69.9;58.8
37;2021-08-07;1623;1121;424584;357358;70.1;59.0
37;2021-08-08;34;176;424618;357534;70.1;59.1
37;2021-08-09;2434;2260;427052;359794;70.5;59.4
37;2021-08-10;3026;2639;430078;362433;71.0;59.9
37;2021-08-11;2099;2108;432177;364541;71.4;60.2
37;2021-08-12;2613;2687;434790;367228;71.8;60.7
37;2021-08-13;2483;2771;437273;369999;72.2;61.1
37;2021-08-14;755;813;438028;370812;72.4;61.3
37;2021-08-15;12;57;438040;370869;72.4;61.3
37;2021-08-16;1463;3160;439503;374029;72.6;61.8
37;2021-08-17;1791;3974;441294;378003;72.9;62.4
37;2021-08-18;1390;3141;442684;381144;73.1;63.0
37;2021-08-19;1589;3842;444273;384986;73.4;63.6
37;2021-08-20;1589;4545;445862;389531;73.6;64.3
37;2021-08-21;610;1202;446472;390733;73.8;64.5
37;2021-08-22;4;31;446476;390764;73.8;64.5
37;2021-08-23;1283;3984;447759;394748;74.0;65.2
37;2021-08-24;1538;4847;449297;399595;74.2;66.0
37;2021-08-25;1053;4221;450350;403816;74.4;66.7
37;2021-08-26;1275;4513;451625;408329;74.6;67.5
37;2021-08-27;1434;5660;453059;413989;74.8;68.4
37;2021-08-28;404;1462;453463;415451;74.9;68.6
37;2021-08-29;1;18;453464;415469;74.9;68.6
37;2021-08-30;1070;3943;454534;419412;75.1;69.3
37;2021-08-31;1271;3825;455805;423237;75.3;69.9
37;2021-09-01;976;2685;456781;425922;75.5;70.4
37;2021-09-02;883;2804;457664;428726;75.6;70.8
37;2021-09-03;1035;3954;458699;432680;75.8;71.5
37;2021-09-04;664;1463;459363;434143;75.9;71.7
37;2021-09-05;1;30;459364;434173;75.9;71.7
37;2021-09-06;374;1312;459738;435485;75.9;71.9
37;2021-09-07;525;1505;460263;436990;76.0;72.2
38;2020-12-27;1;0;1;0;0.0;0.0
38;2020-12-28;1;0;2;0;0.0;0.0
38;2020-12-29;0;0;2;0;0.0;0.0
38;2020-12-30;2;0;4;0;0.0;0.0
38;2020-12-31;5;0;9;0;0.0;0.0
38;2021-01-01;2;0;11;0;0.0;0.0
38;2021-01-02;1;0;12;0;0.0;0.0
38;2021-01-03;3;0;15;0;0.0;0.0
38;2021-01-04;162;0;177;0;0.0;0.0
38;2021-01-05;258;1;435;1;0.0;0.0
38;2021-01-06;364;0;799;1;0.1;0.0
38;2021-01-07;636;1;1435;2;0.1;0.0
38;2021-01-08;695;0;2130;2;0.2;0.0
38;2021-01-09;30;0;2160;2;0.2;0.0
38;2021-01-10;2;0;2162;2;0.2;0.0
38;2021-01-11;801;2;2963;4;0.2;0.0
38;2021-01-12;1470;4;4433;8;0.4;0.0
38;2021-01-13;1083;5;5516;13;0.4;0.0
38;2021-01-14;1682;14;7198;27;0.6;0.0
38;2021-01-15;1676;7;8874;34;0.7;0.0
38;2021-01-16;307;1;9181;35;0.7;0.0
38;2021-01-17;3;0;9184;35;0.7;0.0
38;2021-01-18;1178;3;10362;38;0.8;0.0
38;2021-01-19;2241;6;12603;44;1.0;0.0
38;2021-01-20;1883;4;14486;48;1.1;0.0
38;2021-01-21;1643;7;16129;55;1.3;0.0
38;2021-01-22;1400;8;17529;63;1.4;0.0
38;2021-01-23;379;3;17908;66;1.4;0.0
38;2021-01-24;1;0;17909;66;1.4;0.0
38;2021-01-25;791;91;18700;157;1.5;0.0
38;2021-01-26;855;171;19555;328;1.5;0.0
38;2021-01-27;1093;258;20648;586;1.6;0.0
38;2021-01-28;1173;446;21821;1032;1.7;0.1
38;2021-01-29;952;356;22773;1388;1.8;0.1
38;2021-01-30;304;0;23077;1388;1.8;0.1
38;2021-01-31;0;0;23077;1388;1.8;0.1
38;2021-02-01;702;572;23779;1960;1.9;0.2
38;2021-02-02;966;923;24745;2883;2.0;0.2
38;2021-02-03;1230;677;25975;3560;2.1;0.3
38;2021-02-04;1278;926;27253;4486;2.2;0.4
38;2021-02-05;1399;826;28652;5312;2.3;0.4
38;2021-02-06;187;89;28839;5401;2.3;0.4
38;2021-02-07;3;47;28842;5448;2.3;0.4
38;2021-02-08;862;704;29704;6152;2.3;0.5
38;2021-02-09;1537;1227;31241;7379;2.5;0.6
38;2021-02-10;1581;1217;32822;8596;2.6;0.7
38;2021-02-11;1871;1075;34693;9671;2.7;0.8
38;2021-02-12;1509;1042;36202;10713;2.9;0.8
38;2021-02-13;466;178;36668;10891;2.9;0.9
38;2021-02-14;1;3;36669;10894;2.9;0.9
38;2021-02-15;977;822;37646;11716;3.0;0.9
38;2021-02-16;1378;891;39024;12607;3.1;1.0
38;2021-02-17;1376;943;40400;13550;3.2;1.1
38;2021-02-18;1791;981;42191;14531;3.3;1.1
38;2021-02-19;1256;783;43447;15314;3.4;1.2
38;2021-02-20;471;280;43918;15594;3.5;1.2
38;2021-02-21;0;0;43918;15594;3.5;1.2
38;2021-02-22;1075;813;44993;16407;3.6;1.3
38;2021-02-23;1540;872;46533;17279;3.7;1.4
38;2021-02-24;1735;1065;48268;18344;3.8;1.5
38;2021-02-25;2501;991;50769;19335;4.0;1.5
38;2021-02-26;3311;905;54080;20240;4.3;1.6
38;2021-02-27;1511;403;55591;20643;4.4;1.6
38;2021-02-28;33;2;55624;20645;4.4;1.6
38;2021-03-01;2509;749;58133;21394;4.6;1.7
38;2021-03-02;4048;1024;62181;22418;4.9;1.8
38;2021-03-03;3368;1207;65549;23625;5.2;1.9
38;2021-03-04;4486;1351;70035;24976;5.5;2.0
38;2021-03-05;5233;1150;75268;26126;6.0;2.1
38;2021-03-06;3042;267;78310;26393;6.2;2.1
38;2021-03-07;115;2;78425;26395;6.2;2.1
38;2021-03-08;2442;887;80867;27282;6.4;2.2
38;2021-03-09;4025;1299;84892;28581;6.7;2.3
38;2021-03-10;3508;1075;88400;29656;7.0;2.3
38;2021-03-11;5141;1516;93541;31172;7.4;2.5
38;2021-03-12;7093;1172;100634;32344;8.0;2.6
38;2021-03-13;3772;224;104406;32568;8.3;2.6
38;2021-03-14;544;15;104950;32583;8.3;2.6
38;2021-03-15;2701;999;107651;33582;8.5;2.7
38;2021-03-16;2081;1352;109732;34934;8.7;2.8
38;2021-03-17;2025;1202;111757;36136;8.8;2.9
38;2021-03-18;2641;1361;114398;37497;9.0;3.0
38;2021-03-19;4010;1057;118408;38554;9.4;3.0
38;2021-03-20;1824;246;120232;38800;9.5;3.1
38;2021-03-21;130;8;120362;38808;9.5;3.1
38;2021-03-22;2867;998;123229;39806;9.7;3.1
38;2021-03-23;4782;1488;128011;41294;10.1;3.3
38;2021-03-24;3709;1571;131720;42865;10.4;3.4
38;2021-03-25;5792;1543;137512;44408;10.9;3.5
38;2021-03-26;6600;1739;144112;46147;11.4;3.6
38;2021-03-27;2512;759;146624;46906;11.6;3.7
38;2021-03-28;926;48;147550;46954;11.7;3.7
38;2021-03-29;2678;1842;150228;48796;11.9;3.9
38;2021-03-30;4564;2534;154792;51330;12.2;4.1
38;2021-03-31;3665;2225;158457;53555;12.5;4.2
38;2021-04-01;5133;2525;163590;56080;12.9;4.4
38;2021-04-02;3874;2523;167464;58603;13.2;4.6
38;2021-04-03;1418;939;168882;59542;13.4;4.7
38;2021-04-04;430;45;169312;59587;13.4;4.7
38;2021-04-05;2177;349;171489;59936;13.6;4.7
38;2021-04-06;4346;2398;175835;62334;13.9;4.9
38;2021-04-07;4414;2735;180249;65069;14.2;5.1
38;2021-04-08;5650;2670;185899;67739;14.7;5.4
38;2021-04-09;8563;2731;194462;70470;15.4;5.6
38;2021-04-10;3600;1477;198062;71947;15.7;5.7
38;2021-04-11;1048;100;199110;72047;15.7;5.7
38;2021-04-12;4199;2253;203309;74300;16.1;5.9
38;2021-04-13;6125;2473;209434;76773;16.6;6.1
38;2021-04-14;5120;2462;214554;79235;17.0;6.3
38;2021-04-15;6363;2771;220917;82006;17.5;6.5
38;2021-04-16;6216;2726;227133;84732;18.0;6.7
38;2021-04-17;2588;995;229721;85727;18.2;6.8
38;2021-04-18;1333;72;231054;85799;18.3;6.8
38;2021-04-19;3946;2838;235000;88637;18.6;7.0
38;2021-04-20;5425;2857;240425;91494;19.0;7.2
38;2021-04-21;4979;2708;245404;94202;19.4;7.4
38;2021-04-22;5786;2836;251190;97038;19.9;7.7
38;2021-04-23;6038;2820;257228;99858;20.3;7.9
38;2021-04-24;2665;1349;259893;101207;20.5;8.0
38;2021-04-25;805;590;260698;101797;20.6;8.0
38;2021-04-26;4488;2475;265186;104272;21.0;8.2
38;2021-04-27;6044;2725;271230;106997;21.4;8.5
38;2021-04-28;6199;2509;277429;109506;21.9;8.7
38;2021-04-29;8331;3065;285760;112571;22.6;8.9
38;2021-04-30;7673;4052;293433;116623;23.2;9.2
38;2021-05-01;1546;198;294979;116821;23.3;9.2
38;2021-05-02;846;73;295825;116894;23.4;9.2
38;2021-05-03;5299;3588;301124;120482;23.8;9.5
38;2021-05-04;6201;5083;307325;125565;24.3;9.9
38;2021-05-05;6068;4608;313393;130173;24.8;10.3
38;2021-05-06;6715;5330;320108;135503;25.3;10.7
38;2021-05-07;7285;6445;327393;141948;25.9;11.2
38;2021-05-08;3776;719;331169;142667;26.2;11.3
38;2021-05-09;2852;1930;334021;144597;26.4;11.4
38;2021-05-10;6157;5310;340178;149907;26.9;11.9
38;2021-05-11;8225;6025;348403;155932;27.5;12.3
38;2021-05-12;9049;4706;357452;160638;28.3;12.7
38;2021-05-13;6635;1416;364087;162054;28.8;12.8
38;2021-05-14;9565;3424;373652;165478;29.5;13.1
38;2021-05-15;6865;1452;380517;166930;30.1;13.2
38;2021-05-16;5474;650;385991;167580;30.5;13.2
38;2021-05-17;7672;3002;393663;170582;31.1;13.5
38;2021-05-18;8624;4034;402287;174616;31.8;13.8
38;2021-05-19;8159;3350;410446;177966;32.4;14.1
38;2021-05-20;8978;4492;419424;182458;33.2;14.4
38;2021-05-21;9960;4588;429384;187046;33.9;14.8
38;2021-05-22;7457;1905;436841;188951;34.5;14.9
38;2021-05-23;5589;579;442430;189530;35.0;15.0
38;2021-05-24;7502;1626;449932;191156;35.6;15.1
38;2021-05-25;9542;4853;459474;196009;36.3;15.5
38;2021-05-26;8125;4727;467599;200736;37.0;15.9
38;2021-05-27;9135;5653;476734;206389;37.7;16.3
38;2021-05-28;8788;6495;485522;212884;38.4;16.8
38;2021-05-29;5822;3257;491344;216141;38.8;17.1
38;2021-05-30;2695;1594;494039;217735;39.1;17.2
38;2021-05-31;8273;5135;502312;222870;39.7;17.6
38;2021-06-01;7964;6434;510276;229304;40.3;18.1
38;2021-06-02;7143;5622;517419;234926;40.9;18.6
38;2021-06-03;7397;6828;524816;241754;41.5;19.1
38;2021-06-04;8129;7615;532945;249369;42.1;19.7
38;2021-06-05;5798;3946;538743;253315;42.6;20.0
38;2021-06-06;2508;1463;541251;254778;42.8;20.1
38;2021-06-07;5554;6867;546805;261645;43.2;20.7
38;2021-06-08;5877;7531;552682;269176;43.7;21.3
38;2021-06-09;5052;6472;557734;275648;44.1;21.8
38;2021-06-10;5428;6790;563162;282438;44.5;22.3
38;2021-06-11;5889;7790;569051;290228;45.0;22.9
38;2021-06-12;3945;3259;572996;293487;45.3;23.2
38;2021-06-13;1257;1297;574253;294784;45.4;23.3
38;2021-06-14;3870;7666;578123;302450;45.7;23.9
38;2021-06-15;5236;8148;583359;310598;46.1;24.6
38;2021-06-16;5125;7407;588484;318005;46.5;25.1
38;2021-06-17;4524;7061;593008;325066;46.9;25.7
38;2021-06-18;6166;9231;599174;334297;47.4;26.4
38;2021-06-19;3595;4968;602769;339265;47.7;26.8
38;2021-06-20;1038;2900;603807;342165;47.7;27.0
38;2021-06-21;3750;8709;607557;350874;48.0;27.7
38;2021-06-22;3793;10104;611350;360978;48.3;28.5
38;2021-06-23;3155;9548;614505;370526;48.6;29.3
38;2021-06-24;3381;8590;617886;379116;48.8;30.0
38;2021-06-25;3786;11490;621672;390606;49.1;30.9
38;2021-06-26;2230;7853;623902;398459;49.3;31.5
38;2021-06-27;1099;4355;625001;402814;49.4;31.8
38;2021-06-28;2952;10304;627953;413118;49.6;32.7
38;2021-06-29;3785;10448;631738;423566;49.9;33.5
38;2021-06-30;4061;9938;635799;433504;50.3;34.3
38;2021-07-01;3548;9012;639347;442516;50.5;35.0
38;2021-07-02;3728;11612;643075;454128;50.8;35.9
38;2021-07-03;1740;8788;644815;462916;51.0;36.6
38;2021-07-04;1243;3209;646058;466125;51.1;36.8
38;2021-07-05;3062;10546;649120;476671;51.3;37.7
38;2021-07-06;3462;10240;652582;486911;51.6;38.5
38;2021-07-07;3569;9402;656151;496313;51.9;39.2
38;2021-07-08;3501;8221;659652;504534;52.1;39.9
38;2021-07-09;3894;10740;663546;515274;52.5;40.7
38;2021-07-10;2404;7806;665950;523080;52.6;41.4
38;2021-07-11;778;2028;666728;525108;52.7;41.5
38;2021-07-12;3481;10676;670209;535784;53.0;42.4
38;2021-07-13;6597;10933;676806;546717;53.5;43.2
38;2021-07-14;4674;3337;681480;550054;53.9;43.5
38;2021-07-15;8736;9675;690216;559729;54.6;44.2
38;2021-07-16;8760;10700;698976;570429;55.3;45.1
38;2021-07-17;4742;7482;703718;577911;55.6;45.7
38;2021-07-18;2573;2490;706291;580401;55.8;45.9
38;2021-07-19;5827;9225;712118;589626;56.3;46.6
38;2021-07-20;6290;8306;718408;597932;56.8;47.3
38;2021-07-21;7864;8031;726272;605963;57.4;47.9
38;2021-07-22;7600;6999;733872;612962;58.0;48.5
38;2021-07-23;8947;9040;742819;622002;58.7;49.2
38;2021-07-24;5575;5534;748394;627536;59.2;49.6
38;2021-07-25;2872;1652;751266;629188;59.4;49.7
38;2021-07-26;7874;7502;759140;636690;60.0;50.3
38;2021-07-27;7628;6272;766768;642962;60.6;50.8
38;2021-07-28;8627;5714;775395;648676;61.3;51.3
38;2021-07-29;7681;4681;783076;653357;61.9;51.6
38;2021-07-30;7764;6656;790840;660013;62.5;52.2
38;2021-07-31;4354;3601;795194;663614;62.9;52.5
38;2021-08-01;1300;1085;796494;664699;63.0;52.5
38;2021-08-02;3923;4448;800417;669147;63.3;52.9
38;2021-08-03;4584;4557;805001;673704;63.6;53.3
38;2021-08-04;4635;4356;809636;678060;64.0;53.6
38;2021-08-05;3721;4643;813357;682703;64.3;54.0
38;2021-08-06;4147;5945;817504;688648;64.6;54.4
38;2021-08-07;2308;3532;819812;692180;64.8;54.7
38;2021-08-08;792;2017;820604;694197;64.9;54.9
38;2021-08-09;3606;5577;824210;699774;65.2;55.3
38;2021-08-10;4880;6251;829090;706025;65.5;55.8
38;2021-08-11;3952;4661;833042;710686;65.9;56.2
38;2021-08-12;3384;4609;836426;715295;66.1;56.5
38;2021-08-13;4181;6032;840607;721327;66.5;57.0
38;2021-08-14;1774;4019;842381;725346;66.6;57.3
38;2021-08-15;532;1919;842913;727265;66.6;57.5
38;2021-08-16;2970;7924;845883;735189;66.9;58.1
38;2021-08-17;3421;5959;849304;741148;67.1;58.6
38;2021-08-18;2956;7149;852260;748297;67.4;59.2
38;2021-08-19;2559;4824;854819;753121;67.6;59.5
38;2021-08-20;2847;8421;857666;761542;67.8;60.2
38;2021-08-21;1182;5014;858848;766556;67.9;60.6
38;2021-08-22;495;1510;859343;768066;67.9;60.7
38;2021-08-23;2569;7622;861912;775688;68.1;61.3
38;2021-08-24;2550;5331;864462;781019;68.3;61.7
38;2021-08-25;2545;5867;867007;786886;68.5;62.2
38;2021-08-26;2241;4240;869248;791126;68.7;62.5
38;2021-08-27;2494;5922;871742;797048;68.9;63.0
38;2021-08-28;1410;3684;873152;800732;69.0;63.3
38;2021-08-29;374;1083;873526;801815;69.1;63.4
38;2021-08-30;2311;5779;875837;807594;69.2;63.8
38;2021-08-31;2196;4712;878033;812306;69.4;64.2
38;2021-09-01;2163;4348;880196;816654;69.6;64.6
38;2021-09-02;1653;3357;881849;820011;69.7;64.8
38;2021-09-03;1994;5034;883843;825045;69.9;65.2
38;2021-09-04;1134;2805;884977;827850;70.0;65.4
38;2021-09-05;384;723;885361;828573;70.0;65.5
38;2021-09-06;1177;3386;886538;831959;70.1;65.8
38;2021-09-07;1276;3315;887814;835274;70.2;66.0
39;2020-12-27;0;0;0;0;0.0;0.0
39;2020-12-28;0;0;0;0;0.0;0.0
39;2020-12-29;0;0;0;0;0.0;0.0
39;2020-12-30;0;0;0;0;0.0;0.0
39;2020-12-31;0;0;0;0;0.0;0.0
39;2021-01-01;0;0;0;0;0.0;0.0
39;2021-01-02;0;0;0;0;0.0;0.0
39;2021-01-03;0;0;0;0;0.0;0.0
39;2021-01-04;3;0;3;0;0.0;0.0
39;2021-01-05;3;0;6;0;0.0;0.0
39;2021-01-06;57;3;63;3;0.0;0.0
39;2021-01-07;333;2;396;5;0.2;0.0
39;2021-01-08;657;2;1053;7;0.4;0.0
39;2021-01-09;169;0;1222;7;0.5;0.0
39;2021-01-10;1;0;1223;7;0.5;0.0
39;2021-01-11;476;1;1699;8;0.7;0.0
39;2021-01-12;431;1;2130;9;0.8;0.0
39;2021-01-13;408;2;2538;11;1.0;0.0
39;2021-01-14;574;3;3112;14;1.2;0.0
39;2021-01-15;471;1;3583;15;1.4;0.0
39;2021-01-16;141;1;3724;16;1.4;0.0
39;2021-01-17;0;1;3724;17;1.4;0.0
39;2021-01-18;924;7;4648;24;1.8;0.0
39;2021-01-19;1181;6;5829;30;2.3;0.0
39;2021-01-20;906;4;6735;34;2.6;0.0
39;2021-01-21;1178;2;7913;36;3.1;0.0
39;2021-01-22;985;1;8898;37;3.5;0.0
39;2021-01-23;383;1;9281;38;3.6;0.0
39;2021-01-24;0;0;9281;38;3.6;0.0
39;2021-01-25;642;2;9923;40;3.8;0.0
39;2021-01-26;1121;12;11044;52;4.3;0.0
39;2021-01-27;925;17;11969;69;4.6;0.0
39;2021-01-28;740;238;12709;307;4.9;0.1
39;2021-01-29;582;410;13291;717;5.2;0.3
39;2021-01-30;265;105;13556;822;5.3;0.3
39;2021-01-31;1;0;13557;822;5.3;0.3
39;2021-02-01;562;250;14119;1072;5.5;0.4
39;2021-02-02;754;318;14873;1390;5.8;0.5
39;2021-02-03;531;510;15404;1900;6.0;0.7
39;2021-02-04;554;451;15958;2351;6.2;0.9
39;2021-02-05;439;418;16397;2769;6.4;1.1
39;2021-02-06;265;110;16662;2879;6.5;1.1
39;2021-02-07;0;1;16662;2880;6.5;1.1
39;2021-02-08;321;324;16983;3204;6.6;1.2
39;2021-02-09;383;468;17366;3672;6.7;1.4
39;2021-02-10;253;317;17619;3989;6.8;1.5
39;2021-02-11;587;503;18206;4492;7.1;1.7
39;2021-02-12;386;409;18592;4901;7.2;1.9
39;2021-02-13;99;61;18691;4962;7.2;1.9
39;2021-02-14;0;0;18691;4962;7.2;1.9
39;2021-02-15;99;687;18790;5649;7.3;2.2
39;2021-02-16;99;873;18889;6522;7.3;2.5
39;2021-02-17;58;651;18947;7173;7.3;2.8
39;2021-02-18;109;816;19056;7989;7.4;3.1
39;2021-02-19;100;462;19156;8451;7.4;3.3
39;2021-02-20;18;357;19174;8808;7.4;3.4
39;2021-02-21;0;0;19174;8808;7.4;3.4
39;2021-02-22;100;691;19274;9499;7.5;3.7
39;2021-02-23;4;736;19278;10235;7.5;4.0
39;2021-02-24;125;836;19403;11071;7.5;4.3
39;2021-02-25;214;724;19617;11795;7.6;4.6
39;2021-02-26;218;458;19835;12253;7.7;4.8
39;2021-02-27;169;284;20004;12537;7.8;4.9
39;2021-02-28;1;0;20005;12537;7.8;4.9
39;2021-03-01;218;632;20223;13169;7.8;5.1
39;2021-03-02;329;821;20552;13990;8.0;5.4
39;2021-03-03;602;524;21154;14514;8.2;5.6
39;2021-03-04;658;469;21812;14983;8.5;5.8
39;2021-03-05;670;326;22482;15309;8.7;5.9
39;2021-03-06;777;238;23259;15547;9.0;6.0
39;2021-03-07;242;84;23501;15631;9.1;6.1
39;2021-03-08;286;445;23787;16076;9.2;6.2
39;2021-03-09;843;462;24630;16538;9.6;6.4
39;2021-03-10;984;338;25614;16876;9.9;6.5
39;2021-03-11;829;464;26443;17340;10.3;6.7
39;2021-03-12;805;290;27248;17630;10.6;6.8
39;2021-03-13;788;104;28036;17734;10.9;6.9
39;2021-03-14;35;10;28071;17744;10.9;6.9
39;2021-03-15;513;107;28584;17851;11.1;6.9
39;2021-03-16;555;68;29139;17919;11.3;6.9
39;2021-03-17;612;57;29751;17976;11.5;7.0
39;2021-03-18;597;71;30348;18047;11.8;7.0
39;2021-03-19;393;72;30741;18119;11.9;7.0
39;2021-03-20;312;12;31053;18131;12.0;7.0
39;2021-03-21;3;0;31056;18131;12.0;7.0
39;2021-03-22;754;117;31810;18248;12.3;7.1
39;2021-03-23;1130;44;32940;18292;12.8;7.1
39;2021-03-24;1179;97;34119;18389;13.2;7.1
39;2021-03-25;2042;130;36161;18519;14.0;7.2
39;2021-03-26;797;116;36958;18635;14.3;7.2
39;2021-03-27;345;7;37303;18642;14.5;7.2
39;2021-03-28;36;4;37339;18646;14.5;7.2
39;2021-03-29;1037;194;38376;18840;14.9;7.3
39;2021-03-30;1400;269;39776;19109;15.4;7.4
39;2021-03-31;657;526;40433;19635;15.7;7.6
39;2021-04-01;1310;316;41743;19951;16.2;7.7
39;2021-04-02;626;130;42369;20081;16.4;7.8
39;2021-04-03;180;8;42549;20089;16.5;7.8
39;2021-04-04;4;1;42553;20090;16.5;7.8
39;2021-04-05;1;0;42554;20090;16.5;7.8
39;2021-04-06;824;633;43378;20723;16.8;8.0
39;2021-04-07;1133;679;44511;21402;17.3;8.3
39;2021-04-08;1790;582;46301;21984;18.0;8.5
39;2021-04-09;1676;293;47977;22277;18.6;8.6
39;2021-04-10;346;187;48323;22464;18.7;8.7
39;2021-04-11;2;0;48325;22464;18.7;8.7
39;2021-04-12;680;398;49005;22862;19.0;8.9
39;2021-04-13;1200;579;50205;23441;19.5;9.1
39;2021-04-14;845;640;51050;24081;19.8;9.3
39;2021-04-15;1481;719;52531;24800;20.4;9.6
39;2021-04-16;1090;176;53621;24976;20.8;9.7
39;2021-04-17;197;61;53818;25037;20.9;9.7
39;2021-04-18;0;0;53818;25037;20.9;9.7
39;2021-04-19;524;697;54342;25734;21.1;10.0
39;2021-04-20;766;545;55108;26279;21.4;10.2
39;2021-04-21;1142;722;56250;27001;21.8;10.5
39;2021-04-22;1012;1132;57262;28133;22.2;10.9
39;2021-04-23;457;363;57719;28496;22.4;11.1
39;2021-04-24;276;149;57995;28645;22.5;11.1
39;2021-04-25;12;3;58007;28648;22.5;11.1
39;2021-04-26;568;1039;58575;29687;22.7;11.5
39;2021-04-27;788;982;59363;30669;23.0;11.9
39;2021-04-28;1720;417;61083;31086;23.7;12.1
39;2021-04-29;2571;973;63654;32059;24.7;12.4
39;2021-04-30;2475;392;66129;32451;25.6;12.6
39;2021-05-01;41;53;66170;32504;25.7;12.6
39;2021-05-02;0;0;66170;32504;25.7;12.6
39;2021-05-03;917;807;67087;33311;26.0;12.9
39;2021-05-04;949;1127;68036;34438;26.4;13.4
39;2021-05-05;1954;888;69990;35326;27.1;13.7
39;2021-05-06;2424;1346;72414;36672;28.1;14.2
39;2021-05-07;1286;575;73700;37247;28.6;14.4
39;2021-05-08;179;55;73879;37302;28.7;14.5
39;2021-05-09;10;8;73889;37310;28.7;14.5
39;2021-05-10;1761;849;75650;38159;29.3;14.8
39;2021-05-11;1775;1515;77425;39674;30.0;15.4
39;2021-05-12;1809;1498;79234;41172;30.7;16.0
39;2021-05-13;246;23;79480;41195;30.8;16.0
39;2021-05-14;2392;337;81872;41532;31.8;16.1
39;2021-05-15;1849;256;83721;41788;32.5;16.2
39;2021-05-16;0;0;83721;41788;32.5;16.2
39;2021-05-17;1988;727;85709;42515;33.2;16.5
39;2021-05-18;1692;1183;87401;43698;33.9;16.9
39;2021-05-19;2496;556;89897;44254;34.9;17.2
39;2021-05-20;2465;756;92362;45010;35.8;17.5
39;2021-05-21;1800;562;94162;45572;36.5;17.7
39;2021-05-22;322;218;94484;45790;36.6;17.8
39;2021-05-23;7;36;94491;45826;36.6;17.8
39;2021-05-24;8;28;94499;45854;36.6;17.8
39;2021-05-25;1725;1196;96224;47050;37.3;18.2
39;2021-05-26;1643;1379;97867;48429;38.0;18.8
39;2021-05-27;1486;1625;99353;50054;38.5;19.4
39;2021-05-28;856;1220;100209;51274;38.9;19.9
39;2021-05-29;261;276;100470;51550;39.0;20.0
39;2021-05-30;2;40;100472;51590;39.0;20.0
39;2021-05-31;1626;1247;102098;52837;39.6;20.5
39;2021-06-01;1894;1321;103992;54158;40.3;21.0
39;2021-06-02;1707;1171;105699;55329;41.0;21.5
39;2021-06-03;1326;1159;107025;56488;41.5;21.9
39;2021-06-04;942;1072;107967;57560;41.9;22.3
39;2021-06-05;766;516;108733;58076;42.2;22.5
39;2021-06-06;1;36;108734;58112;42.2;22.5
39;2021-06-07;2104;916;110838;59028;43.0;22.9
39;2021-06-08;2211;1155;113049;60183;43.8;23.3
39;2021-06-09;1733;1244;114782;61427;44.5;23.8
39;2021-06-10;1617;2082;116399;63509;45.1;24.6
39;2021-06-11;1569;1271;117968;64780;45.8;25.1
39;2021-06-12;1263;348;119231;65128;46.2;25.3
39;2021-06-13;11;18;119242;65146;46.2;25.3
39;2021-06-14;1337;1895;120579;67041;46.8;26.0
39;2021-06-15;1388;1258;121967;68299;47.3;26.5
39;2021-06-16;1171;1538;123138;69837;47.8;27.1
39;2021-06-17;1043;1715;124181;71552;48.2;27.7
39;2021-06-18;1638;1180;125819;72732;48.8;28.2
39;2021-06-19;249;411;126068;73143;48.9;28.4
39;2021-06-20;2;18;126070;73161;48.9;28.4
39;2021-06-21;351;2495;126421;75656;49.0;29.3
39;2021-06-22;814;2294;127235;77950;49.3;30.2
39;2021-06-23;1201;1302;128436;79252;49.8;30.7
39;2021-06-24;736;1044;129172;80296;50.1;31.1
39;2021-06-25;680;2963;129852;83259;50.4;32.3
39;2021-06-26;207;1564;130059;84823;50.4;32.9
39;2021-06-27;0;0;130059;84823;50.4;32.9
39;2021-06-28;305;2744;130364;87567;50.6;34.0
39;2021-06-29;498;2697;130862;90264;50.8;35.0
39;2021-06-30;898;2425;131760;92689;51.1;35.9
39;2021-07-01;645;1938;132405;94627;51.3;36.7
39;2021-07-02;1112;1406;133517;96033;51.8;37.2
39;2021-07-03;554;524;134071;96557;52.0;37.4
39;2021-07-04;2;1;134073;96558;52.0;37.4
39;2021-07-05;602;2589;134675;99147;52.2;38.5
39;2021-07-06;836;1888;135511;101035;52.6;39.2
39;2021-07-07;591;1389;136102;102424;52.8;39.7
39;2021-07-08;699;906;136801;103330;53.1;40.1
39;2021-07-09;1080;1585;137881;104915;53.5;40.7
39;2021-07-10;739;476;138620;105391;53.8;40.9
39;2021-07-11;28;8;138648;105399;53.8;40.9
39;2021-07-12;577;2596;139225;107995;54.0;41.9
39;2021-07-13;1636;2658;140861;110653;54.6;42.9
39;2021-07-14;17;21;140878;110674;54.6;42.9
39;2021-07-15;1905;1837;142783;112511;55.4;43.6
39;2021-07-16;3226;2049;146009;114560;56.6;44.4
39;2021-07-17;2226;1162;148235;115722;57.5;44.9
39;2021-07-18;164;52;148399;115774;57.6;44.9
39;2021-07-19;1402;2958;149801;118732;58.1;46.0
39;2021-07-20;1842;2810;151643;121542;58.8;47.1
39;2021-07-21;2588;2584;154231;124126;59.8;48.1
39;2021-07-22;1935;1841;156166;125967;60.6;48.9
39;2021-07-23;1815;1931;157981;127898;61.3;49.6
39;2021-07-24;1400;1428;159381;129326;61.8;50.2
39;2021-07-25;0;1;159381;129327;61.8;50.2
39;2021-07-26;1320;2000;160701;131327;62.3;50.9
39;2021-07-27;2344;1902;163045;133229;63.2;51.7
39;2021-07-28;2687;1475;165732;134704;64.3;52.2
39;2021-07-29;2200;1742;167932;136446;65.1;52.9
39;2021-07-30;2046;1467;169978;137913;65.9;53.5
39;2021-07-31;1367;656;171345;138569;66.5;53.7
39;2021-08-01;10;18;171355;138587;66.5;53.7
39;2021-08-02;1203;1399;172558;139986;66.9;54.3
39;2021-08-03;1920;1486;174478;141472;67.7;54.9
39;2021-08-04;1046;661;175524;142133;68.1;55.1
39;2021-08-05;1236;736;176760;142869;68.6;55.4
39;2021-08-06;1377;2292;178137;145161;69.1;56.3
39;2021-08-07;1067;1213;179204;146374;69.5;56.8
39;2021-08-08;26;10;179230;146384;69.5;56.8
39;2021-08-09;436;302;179666;146686;69.7;56.9
39;2021-08-10;1228;932;180894;147618;70.2;57.2
39;2021-08-11;895;1531;181789;149149;70.5;57.8
39;2021-08-12;1594;2168;183383;151317;71.1;58.7
39;2021-08-13;1330;2119;184713;153436;71.6;59.5
39;2021-08-14;359;1105;185072;154541;71.8;59.9
39;2021-08-15;0;1;185072;154542;71.8;59.9
39;2021-08-16;486;735;185558;155277;72.0;60.2
39;2021-08-17;570;1439;186128;156716;72.2;60.8
39;2021-08-18;859;1728;186987;158444;72.5;61.4
39;2021-08-19;905;1594;187892;160038;72.9;62.1
39;2021-08-20;637;2501;188529;162539;73.1;63.0
39;2021-08-21;468;1291;188997;163830;73.3;63.5
39;2021-08-22;6;11;189003;163841;73.3;63.5
39;2021-08-23;263;972;189266;164813;73.4;63.9
39;2021-08-24;452;1609;189718;166422;73.6;64.5
39;2021-08-25;624;1603;190342;168025;73.8;65.2
39;2021-08-26;708;1859;191050;169884;74.1;65.9
39;2021-08-27;405;2062;191455;171946;74.3;66.7
39;2021-08-28;323;1362;191778;173308;74.4;67.2
39;2021-08-29;0;1;191778;173309;74.4;67.2
39;2021-08-30;345;1015;192123;174324;74.5;67.6
39;2021-08-31;395;1034;192518;175358;74.7;68.0
39;2021-09-01;507;1575;193025;176933;74.9;68.6
39;2021-09-02;331;1476;193356;178409;75.0;69.2
39;2021-09-03;467;2385;193823;180794;75.2;70.1
39;2021-09-04;147;212;193970;181006;75.2;70.2
39;2021-09-05;0;1;193970;181007;75.2;70.2
39;2021-09-06;234;547;194204;181554;75.3;70.4
39;2021-09-07;197;300;194401;181854;75.4;70.5
40;2020-12-27;0;0;0;0;0.0;0.0
40;2020-12-28;0;0;0;0;0.0;0.0
40;2020-12-29;0;0;0;0;0.0;0.0
40;2020-12-30;0;0;0;0;0.0;0.0
40;2020-12-31;1;0;1;0;0.0;0.0
40;2021-01-01;0;0;1;0;0.0;0.0
40;2021-01-02;0;0;1;0;0.0;0.0
40;2021-01-03;0;0;1;0;0.0;0.0
40;2021-01-04;0;0;1;0;0.0;0.0
40;2021-01-05;0;0;1;0;0.0;0.0
40;2021-01-06;1;0;2;0;0.0;0.0
40;2021-01-07;212;0;214;0;0.1;0.0
40;2021-01-08;391;2;605;2;0.1;0.0
40;2021-01-09;0;0;605;2;0.1;0.0
40;2021-01-10;1;0;606;2;0.1;0.0
40;2021-01-11;111;0;717;2;0.2;0.0
40;2021-01-12;0;0;717;2;0.2;0.0
40;2021-01-13;681;5;1398;7;0.3;0.0
40;2021-01-14;901;7;2299;14;0.6;0.0
40;2021-01-15;811;3;3110;17;0.8;0.0
40;2021-01-16;157;0;3267;17;0.8;0.0
40;2021-01-17;1;1;3268;18;0.8;0.0
40;2021-01-18;402;0;3670;18;0.9;0.0
40;2021-01-19;1204;3;4874;21;1.2;0.0
40;2021-01-20;879;2;5753;23;1.4;0.0
40;2021-01-21;1266;5;7019;28;1.7;0.0
40;2021-01-22;809;2;7828;30;1.9;0.0
40;2021-01-23;288;0;8116;30;2.0;0.0
40;2021-01-24;2;0;8118;30;2.0;0.0
40;2021-01-25;393;2;8511;32;2.1;0.0
40;2021-01-26;803;5;9314;37;2.3;0.0
40;2021-01-27;1118;11;10432;48;2.5;0.0
40;2021-01-28;708;110;11140;158;2.7;0.0
40;2021-01-29;600;227;11740;385;2.8;0.1
40;2021-01-30;237;3;11977;388;2.9;0.1
40;2021-01-31;1;0;11978;388;2.9;0.1
40;2021-02-01;358;129;12336;517;3.0;0.1
40;2021-02-02;923;51;13259;568;3.2;0.1
40;2021-02-03;894;297;14153;865;3.4;0.2
40;2021-02-04;1059;596;15212;1461;3.7;0.4
40;2021-02-05;794;412;16006;1873;3.9;0.5
40;2021-02-06;380;83;16386;1956;4.0;0.5
40;2021-02-07;10;0;16396;1956;4.0;0.5
40;2021-02-08;372;111;16768;2067;4.1;0.5
40;2021-02-09;809;536;17577;2603;4.3;0.6
40;2021-02-10;749;432;18326;3035;4.4;0.7
40;2021-02-11;739;657;19065;3692;4.6;0.9
40;2021-02-12;628;624;19693;4316;4.8;1.0
40;2021-02-13;400;90;20093;4406;4.9;1.1
40;2021-02-14;0;0;20093;4406;4.9;1.1
40;2021-02-15;48;350;20141;4756;4.9;1.2
40;2021-02-16;285;523;20426;5279;5.0;1.3
40;2021-02-17;360;841;20786;6120;5.0;1.5
40;2021-02-18;382;652;21168;6772;5.1;1.6
40;2021-02-19;143;608;21311;7380;5.2;1.8
40;2021-02-20;39;89;21350;7469;5.2;1.8
40;2021-02-21;1;63;21351;7532;5.2;1.8
40;2021-02-22;53;524;21404;8056;5.2;2.0
40;2021-02-23;179;764;21583;8820;5.2;2.1
40;2021-02-24;283;642;21866;9462;5.3;2.3
40;2021-02-25;727;931;22593;10393;5.5;2.5
40;2021-02-26;656;589;23249;10982;5.6;2.7
40;2021-02-27;384;97;23633;11079;5.7;2.7
40;2021-02-28;2;0;23635;11079;5.7;2.7
40;2021-03-01;418;470;24053;11549;5.8;2.8
40;2021-03-02;734;980;24787;12529;6.0;3.0
40;2021-03-03;934;859;25721;13388;6.2;3.2
40;2021-03-04;1320;780;27041;14168;6.6;3.4
40;2021-03-05;1231;716;28272;14884;6.9;3.6
40;2021-03-06;866;369;29138;15253;7.1;3.7
40;2021-03-07;92;9;29230;15262;7.1;3.7
40;2021-03-08;838;492;30068;15754;7.3;3.8
40;2021-03-09;1505;627;31573;16381;7.7;4.0
40;2021-03-10;1753;710;33326;17091;8.1;4.1
40;2021-03-11;1985;674;35311;17765;8.6;4.3
40;2021-03-12;2049;543;37360;18308;9.1;4.4
40;2021-03-13;972;253;38332;18561;9.3;4.5
40;2021-03-14;98;0;38430;18561;9.3;4.5
40;2021-03-15;924;88;39354;18649;9.6;4.5
40;2021-03-16;987;269;40341;18918;9.8;4.6
40;2021-03-17;1576;341;41917;19259;10.2;4.7
40;2021-03-18;1560;338;43477;19597;10.6;4.8
40;2021-03-19;1808;144;45285;19741;11.0;4.8
40;2021-03-20;706;14;45991;19755;11.2;4.8
40;2021-03-21;52;1;46043;19756;11.2;4.8
40;2021-03-22;1174;35;47217;19791;11.5;4.8
40;2021-03-23;2325;166;49542;19957;12.0;4.8
40;2021-03-24;2326;231;51868;20188;12.6;4.9
40;2021-03-25;2768;382;54636;20570;13.3;5.0
40;2021-03-26;3122;210;57758;20780;14.0;5.0
40;2021-03-27;923;48;58681;20828;14.2;5.1
40;2021-03-28;178;47;58859;20875;14.3;5.1
40;2021-03-29;1153;379;60012;21254;14.6;5.2
40;2021-03-30;2298;389;62310;21643;15.1;5.3
40;2021-03-31;1995;301;64305;21944;15.6;5.3
40;2021-04-01;2413;330;66718;22274;16.2;5.4
40;2021-04-02;2362;219;69080;22493;16.8;5.5
40;2021-04-03;743;121;69823;22614;16.9;5.5
40;2021-04-04;362;8;70185;22622;17.0;5.5
40;2021-04-05;523;40;70708;22662;17.2;5.5
40;2021-04-06;2096;806;72804;23468;17.7;5.7
40;2021-04-07;2666;870;75470;24338;18.3;5.9
40;2021-04-08;3061;897;78531;25235;19.1;6.1
40;2021-04-09;3826;606;82357;25841;20.0;6.3
40;2021-04-10;1599;341;83956;26182;20.4;6.4
40;2021-04-11;51;6;84007;26188;20.4;6.4
40;2021-04-12;2178;732;86185;26920;20.9;6.5
40;2021-04-13;2567;1089;88752;28009;21.5;6.8
40;2021-04-14;2571;1374;91323;29383;22.2;7.1
40;2021-04-15;2987;1504;94310;30887;22.9;7.5
40;2021-04-16;2878;1182;97188;32069;23.6;7.8
40;2021-04-17;1464;348;98652;32417;23.9;7.9
40;2021-04-18;57;24;98709;32441;24.0;7.9
40;2021-04-19;1058;1019;99767;33460;24.2;8.1
40;2021-04-20;1622;1745;101389;35205;24.6;8.5
40;2021-04-21;1777;1734;103166;36939;25.0;9.0
40;2021-04-22;2112;1774;105278;38713;25.6;9.4
40;2021-04-23;2163;1396;107441;40109;26.1;9.7
40;2021-04-24;1328;623;108769;40732;26.4;9.9
40;2021-04-25;37;57;108806;40789;26.4;9.9
40;2021-04-26;1251;1135;110057;41924;26.7;10.2
40;2021-04-27;1487;2033;111544;43957;27.1;10.7
40;2021-04-28;2052;1370;113596;45327;27.6;11.0
40;2021-04-29;2608;1896;116204;47223;28.2;11.5
40;2021-04-30;2702;1616;118906;48839;28.9;11.9
40;2021-05-01;1229;783;120135;49622;29.2;12.0
40;2021-05-02;143;322;120278;49944;29.2;12.1
40;2021-05-03;1857;1500;122135;51444;29.6;12.5
40;2021-05-04;1882;2466;124017;53910;30.1;13.1
40;2021-05-05;2188;2669;126205;56579;30.6;13.7
40;2021-05-06;2237;2865;128442;59444;31.2;14.4
40;2021-05-07;1904;3003;130346;62447;31.6;15.2
40;2021-05-08;674;469;131020;62916;31.8;15.3
40;2021-05-09;316;21;131336;62937;31.9;15.3
40;2021-05-10;1400;2051;132736;64988;32.2;15.8
40;2021-05-11;2197;2511;134933;67499;32.8;16.4
40;2021-05-12;2730;1944;137663;69443;33.4;16.9
40;2021-05-13;1984;512;139647;69955;33.9;17.0
40;2021-05-14;2325;1658;141972;71613;34.5;17.4
40;2021-05-15;1340;963;143312;72576;34.8;17.6
40;2021-05-16;434;24;143746;72600;34.9;17.6
40;2021-05-17;2120;1310;145866;73910;35.4;17.9
40;2021-05-18;2509;1415;148375;75325;36.0;18.3
40;2021-05-19;2956;1106;151331;76431;36.7;18.6
40;2021-05-20;3586;1158;154917;77589;37.6;18.8
40;2021-05-21;2926;1322;157843;78911;38.3;19.2
40;2021-05-22;1146;794;158989;79705;38.6;19.3
40;2021-05-23;631;29;159620;79734;38.7;19.4
40;2021-05-24;1212;332;160832;80066;39.0;19.4
40;2021-05-25;2168;1310;163000;81376;39.6;19.8
40;2021-05-26;2615;1561;165615;82937;40.2;20.1
40;2021-05-27;2733;2012;168348;84949;40.9;20.6
40;2021-05-28;2569;2271;170917;87220;41.5;21.2
40;2021-05-29;1558;1253;172475;88473;41.9;21.5
40;2021-05-30;4;52;172479;88525;41.9;21.5
40;2021-05-31;2566;1208;175045;89733;42.5;21.8
40;2021-06-01;3011;1767;178056;91500;43.2;22.2
40;2021-06-02;3173;1991;181229;93491;44.0;22.7
40;2021-06-03;3592;2334;184821;95825;44.9;23.3
40;2021-06-04;3015;2801;187836;98626;45.6;23.9
40;2021-06-05;1780;1395;189616;100021;46.0;24.3
40;2021-06-06;459;79;190075;100100;46.1;24.3
40;2021-06-07;2186;2025;192261;102125;46.7;24.8
40;2021-06-08;2955;2098;195216;104223;47.4;25.3
40;2021-06-09;3216;2267;198432;106490;48.2;25.8
40;2021-06-10;2996;2097;201428;108587;48.9;26.4
40;2021-06-11;3139;2797;204567;111384;49.7;27.0
40;2021-06-12;1964;1636;206531;113020;50.1;27.4
40;2021-06-13;645;162;207176;113182;50.3;27.5
40;2021-06-14;1458;2497;208634;115679;50.6;28.1
40;2021-06-15;2236;2820;210870;118499;51.2;28.8
40;2021-06-16;2608;2458;213478;120957;51.8;29.4
40;2021-06-17;2432;2438;215910;123395;52.4;30.0
40;2021-06-18;2326;2903;218236;126298;53.0;30.7
40;2021-06-19;1798;1228;220034;127526;53.4;31.0
40;2021-06-20;345;276;220379;127802;53.5;31.0
40;2021-06-21;1395;2318;221774;130120;53.8;31.6
40;2021-06-22;1688;2996;223462;133116;54.2;32.3
40;2021-06-23;1606;3346;225068;136462;54.6;33.1
40;2021-06-24;1735;2384;226803;138846;55.1;33.7
40;2021-06-25;1760;3264;228563;142110;55.5;34.5
40;2021-06-26;1328;1713;229891;143823;55.8;34.9
40;2021-06-27;263;354;230154;144177;55.9;35.0
40;2021-06-28;1334;2820;231488;146997;56.2;35.7
40;2021-06-29;1711;3391;233199;150388;56.6;36.5
40;2021-06-30;1777;3644;234976;154032;57.0;37.4
40;2021-07-01;1714;3953;236690;157985;57.5;38.3
40;2021-07-02;1562;3810;238252;161795;57.8;39.3
40;2021-07-03;678;1918;238930;163713;58.0;39.7
40;2021-07-04;219;483;239149;164196;58.0;39.9
40;2021-07-05;1476;3020;240625;167216;58.4;40.6
40;2021-07-06;1769;3613;242394;170829;58.8;41.5
40;2021-07-07;1975;3845;244369;174674;59.3;42.4
40;2021-07-08;2102;3409;246471;178083;59.8;43.2
40;2021-07-09;2111;3948;248582;182031;60.3;44.2
40;2021-07-10;1005;2157;249587;184188;60.6;44.7
40;2021-07-11;207;294;249794;184482;60.6;44.8
40;2021-07-12;1313;4045;251107;188527;61.0;45.8
40;2021-07-13;2428;4697;253535;193224;61.5;46.9
40;2021-07-14;2199;2059;255734;195283;62.1;47.4
40;2021-07-15;2845;4858;258579;200141;62.8;48.6
40;2021-07-16;3315;3947;261894;204088;63.6;49.5
40;2021-07-17;2111;2594;264005;206682;64.1;50.2
40;2021-07-18;472;542;264477;207224;64.2;50.3
40;2021-07-19;2568;3702;267045;210926;64.8;51.2
40;2021-07-20;3063;4053;270108;214979;65.6;52.2
40;2021-07-21;3207;3887;273315;218866;66.3;53.1
40;2021-07-22;3856;3931;277171;222797;67.3;54.1
40;2021-07-23;4092;4112;281263;226909;68.3;55.1
40;2021-07-24;2796;2113;284059;229022;68.9;55.6
40;2021-07-25;955;489;285014;229511;69.2;55.7
40;2021-07-26;2941;3083;287955;232594;69.9;56.5
40;2021-07-27;3526;3602;291481;236196;70.8;57.3
40;2021-07-28;3380;3399;294861;239595;71.6;58.2
40;2021-07-29;3544;3432;298405;243027;72.4;59.0
40;2021-07-30;3132;3405;301537;246432;73.2;59.8
40;2021-07-31;1782;1908;303319;248340;73.6;60.3
40;2021-08-01;343;287;303662;248627;73.7;60.3
40;2021-08-02;2002;2379;305664;251006;74.2;60.9
40;2021-08-03;2333;2692;307997;253698;74.8;61.6
40;2021-08-04;2091;2321;310088;256019;75.3;62.1
40;2021-08-05;1969;2670;312057;258689;75.7;62.8
40;2021-08-06;1883;3067;313940;261756;76.2;63.5
40;2021-08-07;1218;1746;315158;263502;76.5;64.0
40;2021-08-08;84;154;315242;263656;76.5;64.0
40;2021-08-09;1599;3124;316841;266780;76.9;64.8
40;2021-08-10;1430;3164;318271;269944;77.3;65.5
40;2021-08-11;1421;2847;319692;272791;77.6;66.2
40;2021-08-12;1275;3100;320967;275891;77.9;67.0
40;2021-08-13;1136;2979;322103;278870;78.2;67.7
40;2021-08-14;617;2037;322720;280907;78.3;68.2
40;2021-08-15;5;172;322725;281079;78.3;68.2
40;2021-08-16;1106;3385;323831;284464;78.6;69.0
40;2021-08-17;1157;3421;324988;287885;78.9;69.9
40;2021-08-18;982;3261;325970;291146;79.1;70.7
40;2021-08-19;849;2971;326819;294117;79.3;71.4
40;2021-08-20;803;3033;327622;297150;79.5;72.1
40;2021-08-21;521;1899;328143;299049;79.7;72.6
40;2021-08-22;71;463;328214;299512;79.7;72.7
40;2021-08-23;727;2818;328941;302330;79.8;73.4
40;2021-08-24;692;2541;329633;304871;80.0;74.0
40;2021-08-25;672;2003;330305;306874;80.2;74.5
40;2021-08-26;488;1675;330793;308549;80.3;74.9
40;2021-08-27;636;2469;331429;311018;80.4;75.5
40;2021-08-28;324;1218;331753;312236;80.5;75.8
40;2021-08-29;1;9;331754;312245;80.5;75.8
40;2021-08-30;599;2160;332353;314405;80.7;76.3
40;2021-08-31;470;1466;332823;315871;80.8;76.7
40;2021-09-01;450;1544;333273;317415;80.9;77.0
40;2021-09-02;402;1493;333675;318908;81.0;77.4
40;2021-09-03;434;1620;334109;320528;81.1;77.8
40;2021-09-04;370;1182;334479;321710;81.2;78.1
40;2021-09-05;2;26;334481;321736;81.2;78.1
40;2021-09-06;238;848;334719;322584;81.2;78.3
40;2021-09-07;288;961;335007;323545;81.3;78.5
41;2020-12-27;0;0;0;0;0.0;0.0
41;2020-12-28;0;0;0;0;0.0;0.0
41;2020-12-29;0;0;0;0;0.0;0.0
41;2020-12-30;0;0;0;0;0.0;0.0
41;2020-12-31;0;0;0;0;0.0;0.0
41;2021-01-01;0;0;0;0;0.0;0.0
41;2021-01-02;2;0;2;0;0.0;0.0
41;2021-01-03;0;0;2;0;0.0;0.0
41;2021-01-04;0;0;2;0;0.0;0.0
41;2021-01-05;35;0;37;0;0.0;0.0
41;2021-01-06;72;0;109;0;0.0;0.0
41;2021-01-07;21;0;130;0;0.0;0.0
41;2021-01-08;1;0;131;0;0.0;0.0
41;2021-01-09;0;0;131;0;0.0;0.0
41;2021-01-10;0;0;131;0;0.0;0.0
41;2021-01-11;133;0;264;0;0.1;0.0
41;2021-01-12;321;1;585;1;0.2;0.0
41;2021-01-13;271;0;856;1;0.3;0.0
41;2021-01-14;283;1;1139;2;0.3;0.0
41;2021-01-15;215;1;1354;3;0.4;0.0
41;2021-01-16;0;0;1354;3;0.4;0.0
41;2021-01-17;0;0;1354;3;0.4;0.0
41;2021-01-18;397;2;1751;5;0.5;0.0
41;2021-01-19;857;2;2608;7;0.8;0.0
41;2021-01-20;1058;3;3666;10;1.1;0.0
41;2021-01-21;1568;6;5234;16;1.6;0.0
41;2021-01-22;836;1;6070;17;1.9;0.0
41;2021-01-23;92;0;6162;17;1.9;0.0
41;2021-01-24;0;0;6162;17;1.9;0.0
41;2021-01-25;421;1;6583;18;2.0;0.0
41;2021-01-26;473;2;7056;20;2.2;0.0
41;2021-01-27;441;2;7497;22;2.3;0.0
41;2021-01-28;604;57;8101;79;2.5;0.0
41;2021-01-29;260;30;8361;109;2.6;0.0
41;2021-01-30;0;0;8361;109;2.6;0.0
41;2021-01-31;0;0;8361;109;2.6;0.0
41;2021-02-01;349;147;8710;256;2.7;0.1
41;2021-02-02;471;227;9181;483;2.8;0.1
41;2021-02-03;341;199;9522;682;2.9;0.2
41;2021-02-04;559;145;10081;827;3.1;0.3
41;2021-02-05;329;174;10410;1001;3.2;0.3
41;2021-02-06;4;0;10414;1001;3.2;0.3
41;2021-02-07;2;0;10416;1001;3.2;0.3
41;2021-02-08;306;301;10722;1302;3.3;0.4
41;2021-02-09;599;446;11321;1748;3.5;0.5
41;2021-02-10;486;681;11807;2429;3.6;0.7
41;2021-02-11;1066;1155;12873;3584;3.9;1.1
41;2021-02-12;687;355;13560;3939;4.1;1.2
41;2021-02-13;9;5;13569;3944;4.1;1.2
41;2021-02-14;3;27;13572;3971;4.1;1.2
41;2021-02-15;314;274;13886;4245;4.2;1.3
41;2021-02-16;354;513;14240;4758;4.3;1.5
41;2021-02-17;317;428;14557;5186;4.4;1.6
41;2021-02-18;617;296;15174;5482;4.6;1.7
41;2021-02-19;456;299;15630;5781;4.8;1.8
41;2021-02-20;68;48;15698;5829;4.8;1.8
41;2021-02-21;0;0;15698;5829;4.8;1.8
41;2021-02-22;310;368;16008;6197;4.9;1.9
41;2021-02-23;454;301;16462;6498;5.0;2.0
41;2021-02-24;281;410;16743;6908;5.1;2.1
41;2021-02-25;676;415;17419;7323;5.3;2.2
41;2021-02-26;630;232;18049;7555;5.5;2.3
41;2021-02-27;161;4;18210;7559;5.6;2.3
41;2021-02-28;4;31;18214;7590;5.6;2.3
41;2021-03-01;311;289;18525;7879;5.7;2.4
41;2021-03-02;649;382;19174;8261;5.8;2.5
41;2021-03-03;497;395;19671;8656;6.0;2.6
41;2021-03-04;786;809;20457;9465;6.2;2.9
41;2021-03-05;840;665;21297;10130;6.5;3.1
41;2021-03-06;715;22;22012;10152;6.7;3.1
41;2021-03-07;498;20;22510;10172;6.9;3.1
41;2021-03-08;301;363;22811;10535;7.0;3.2
41;2021-03-09;1042;445;23853;10980;7.3;3.3
41;2021-03-10;721;455;24574;11435;7.5;3.5
41;2021-03-11;1182;668;25756;12103;7.9;3.7
41;2021-03-12;1116;410;26872;12513;8.2;3.8
41;2021-03-13;1224;18;28096;12531;8.6;3.8
41;2021-03-14;392;6;28488;12537;8.7;3.8
41;2021-03-15;797;351;29285;12888;8.9;3.9
41;2021-03-16;1061;408;30346;13296;9.3;4.1
41;2021-03-17;587;239;30933;13535;9.4;4.1
41;2021-03-18;926;400;31859;13935;9.7;4.3
41;2021-03-19;911;334;32770;14269;10.0;4.4
41;2021-03-20;541;17;33311;14286;10.2;4.4
41;2021-03-21;1;0;33312;14286;10.2;4.4
41;2021-03-22;810;273;34122;14559;10.4;4.4
41;2021-03-23;1309;489;35431;15048;10.8;4.6
41;2021-03-24;1231;366;36662;15414;11.2;4.7
41;2021-03-25;2026;437;38688;15851;11.8;4.8
41;2021-03-26;1655;325;40343;16176;12.3;4.9
41;2021-03-27;452;58;40795;16234;12.4;5.0
41;2021-03-28;1;0;40796;16234;12.4;5.0
41;2021-03-29;938;306;41734;16540;12.7;5.0
41;2021-03-30;1496;592;43230;17132;13.2;5.2
41;2021-03-31;1148;492;44378;17624;13.5;5.4
41;2021-04-01;2253;564;46631;18188;14.2;5.5
41;2021-04-02;1242;475;47873;18663;14.6;5.7
41;2021-04-03;321;5;48194;18668;14.7;5.7
41;2021-04-04;39;0;48233;18668;14.7;5.7
41;2021-04-05;140;2;48373;18670;14.8;5.7
41;2021-04-06;1302;626;49675;19296;15.2;5.9
41;2021-04-07;1852;703;51527;19999;15.7;6.1
41;2021-04-08;2294;919;53821;20918;16.4;6.4
41;2021-04-09;2570;611;56391;21529;17.2;6.6
41;2021-04-10;954;497;57345;22026;17.5;6.7
41;2021-04-11;279;376;57624;22402;17.6;6.8
41;2021-04-12;1689;653;59313;23055;18.1;7.0
41;2021-04-13;2262;985;61575;24040;18.8;7.3
41;2021-04-14;1794;548;63369;24588;19.3;7.5
41;2021-04-15;2385;975;65754;25563;20.1;7.8
41;2021-04-16;1931;626;67685;26189;20.6;8.0
41;2021-04-17;647;138;68332;26327;20.8;8.0
41;2021-04-18;5;0;68337;26327;20.8;8.0
41;2021-04-19;1262;744;69599;27071;21.2;8.3
41;2021-04-20;2004;1200;71603;28271;21.8;8.6
41;2021-04-21;1503;918;73106;29189;22.3;8.9
41;2021-04-22;2236;1599;75342;30788;23.0;9.4
41;2021-04-23;1736;1080;77078;31868;23.5;9.7
41;2021-04-24;1544;283;78622;32151;24.0;9.8
41;2021-04-25;1007;20;79629;32171;24.3;9.8
41;2021-04-26;1356;625;80985;32796;24.7;10.0
41;2021-04-27;2094;1039;83079;33835;25.3;10.3
41;2021-04-28;1562;860;84641;34695;25.8;10.6
41;2021-04-29;2211;1377;86852;36072;26.5;11.0
41;2021-04-30;1963;866;88815;36938;27.1;11.3
41;2021-05-01;189;12;89004;36950;27.1;11.3
41;2021-05-02;107;17;89111;36967;27.2;11.3
41;2021-05-03;1866;895;90977;37862;27.8;11.5
41;2021-05-04;2094;1545;93071;39407;28.4;12.0
41;2021-05-05;1881;1190;94952;40597;29.0;12.4
41;2021-05-06;2448;1694;97400;42291;29.7;12.9
41;2021-05-07;2017;1801;99417;44092;30.3;13.4
41;2021-05-08;203;155;99620;44247;30.4;13.5
41;2021-05-09;11;354;99631;44601;30.4;13.6
41;2021-05-10;1590;1556;101221;46157;30.9;14.1
41;2021-05-11;2087;2102;103308;48259;31.5;14.7
41;2021-05-12;1951;1678;105259;49937;32.1;15.2
41;2021-05-13;1486;947;106745;50884;32.6;15.5
41;2021-05-14;1576;1305;108321;52189;33.0;15.9
41;2021-05-15;206;294;108527;52483;33.1;16.0
41;2021-05-16;4;0;108531;52483;33.1;16.0
41;2021-05-17;2483;564;111014;53047;33.9;16.2
41;2021-05-18;3137;1030;114151;54077;34.8;16.5
41;2021-05-19;2553;674;116704;54751;35.6;16.7
41;2021-05-20;3349;1149;120053;55900;36.6;17.1
41;2021-05-21;2727;967;122780;56867;37.5;17.3
41;2021-05-22;397;237;123177;57104;37.6;17.4
41;2021-05-23;6;2;123183;57106;37.6;17.4
41;2021-05-24;2605;149;125788;57255;38.4;17.5
41;2021-05-25;2992;577;128780;57832;39.3;17.6
41;2021-05-26;3038;651;131818;58483;40.2;17.8
41;2021-05-27;3296;1110;135114;59593;41.2;18.2
41;2021-05-28;3144;975;138258;60568;42.2;18.5
41;2021-05-29;2074;429;140332;60997;42.8;18.6
41;2021-05-30;344;22;140676;61019;42.9;18.6
41;2021-05-31;1711;1501;142387;62520;43.4;19.1
41;2021-06-01;2262;2012;144649;64532;44.1;19.7
41;2021-06-02;1832;1289;146481;65821;44.7;20.1
41;2021-06-03;2597;1943;149078;67764;45.5;20.7
41;2021-06-04;2304;1959;151382;69723;46.2;21.3
41;2021-06-05;611;1583;151993;71306;46.4;21.8
41;2021-06-06;109;927;152102;72233;46.4;22.0
41;2021-06-07;1516;1530;153618;73763;46.9;22.5
41;2021-06-08;1713;2410;155331;76173;47.4;23.2
41;2021-06-09;1615;1639;156946;77812;47.9;23.7
41;2021-06-10;1917;1813;158863;79625;48.5;24.3
41;2021-06-11;1572;1793;160435;81418;48.9;24.8
41;2021-06-12;663;649;161098;82067;49.1;25.0
41;2021-06-13;13;77;161111;82144;49.1;25.1
41;2021-06-14;1269;1963;162380;84107;49.5;25.7
41;2021-06-15;1835;2758;164215;86865;50.1;26.5
41;2021-06-16;1725;2309;165940;89174;50.6;27.2
41;2021-06-17;1811;2574;167751;91748;51.2;28.0
41;2021-06-18;1665;2400;169416;94148;51.7;28.7
41;2021-06-19;412;530;169828;94678;51.8;28.9
41;2021-06-20;11;32;169839;94710;51.8;28.9
41;2021-06-21;1325;1779;171164;96489;52.2;29.4
41;2021-06-22;1619;2564;172783;99053;52.7;30.2
41;2021-06-23;1375;2045;174158;101098;53.1;30.8
41;2021-06-24;1483;2307;175641;103405;53.6;31.5
41;2021-06-25;1293;2617;176934;106022;54.0;32.3
41;2021-06-26;435;614;177369;106636;54.1;32.5
41;2021-06-27;1;4;177370;106640;54.1;32.5
41;2021-06-28;404;2696;177774;109336;54.2;33.4
41;2021-06-29;666;3441;178440;112777;54.4;34.4
41;2021-06-30;552;3069;178992;115846;54.6;35.3
41;2021-07-01;767;3103;179759;118949;54.8;36.3
41;2021-07-02;590;3499;180349;122448;55.0;37.4
41;2021-07-03;158;646;180507;123094;55.1;37.5
41;2021-07-04;2;2;180509;123096;55.1;37.5
41;2021-07-05;287;2818;180796;125914;55.1;38.4
41;2021-07-06;666;3634;181462;129548;55.4;39.5
41;2021-07-07;479;3140;181941;132688;55.5;40.5
41;2021-07-08;941;3368;182882;136056;55.8;41.5
41;2021-07-09;540;3641;183422;139697;55.9;42.6
41;2021-07-10;247;2088;183669;141785;56.0;43.2
41;2021-07-11;5;280;183674;142065;56.0;43.3
41;2021-07-12;862;2292;184536;144357;56.3;44.0
41;2021-07-13;1198;3286;185734;147643;56.7;45.0
41;2021-07-14;140;1080;185874;148723;56.7;45.4
41;2021-07-15;1334;3321;187208;152044;57.1;46.4
41;2021-07-16;1091;3391;188299;155435;57.4;47.4
41;2021-07-17;344;807;188643;156242;57.5;47.7
41;2021-07-18;24;32;188667;156274;57.5;47.7
41;2021-07-19;1190;2319;189857;158593;57.9;48.4
41;2021-07-20;1641;2744;191498;161337;58.4;49.2
41;2021-07-21;1708;2084;193206;163421;58.9;49.8
41;2021-07-22;2262;2292;195468;165713;59.6;50.5
41;2021-07-23;2103;2469;197571;168182;60.3;51.3
41;2021-07-24;329;840;197900;169022;60.4;51.6
41;2021-07-25;19;23;197919;169045;60.4;51.6
41;2021-07-26;1903;1679;199822;170724;61.0;52.1
41;2021-07-27;2536;2342;202358;173066;61.7;52.8
41;2021-07-28;2161;1830;204519;174896;62.4;53.3
41;2021-07-29;2345;2025;206864;176921;63.1;54.0
41;2021-07-30;2152;2085;209016;179006;63.8;54.6
41;2021-07-31;378;580;209394;179586;63.9;54.8
41;2021-08-01;21;7;209415;179593;63.9;54.8
41;2021-08-02;1549;1605;210964;181198;64.4;55.3
41;2021-08-03;2515;1855;213479;183053;65.1;55.8
41;2021-08-04;2301;1199;215780;184252;65.8;56.2
41;2021-08-05;3046;1262;218826;185514;66.7;56.6
41;2021-08-06;2212;1303;221038;186817;67.4;57.0
41;2021-08-07;511;347;221549;187164;67.6;57.1
41;2021-08-08;13;20;221562;187184;67.6;57.1
41;2021-08-09;1689;1356;223251;188540;68.1;57.5
41;2021-08-10;2563;1419;225814;189959;68.9;57.9
41;2021-08-11;1594;1440;227408;191399;69.4;58.4
41;2021-08-12;1943;1338;229351;192737;70.0;58.8
41;2021-08-13;1470;1697;230821;194434;70.4;59.3
41;2021-08-14;364;205;231185;194639;70.5;59.4
41;2021-08-15;0;16;231185;194655;70.5;59.4
41;2021-08-16;866;2070;232051;196725;70.8;60.0
41;2021-08-17;1498;1637;233549;198362;71.2;60.5
41;2021-08-18;1133;1968;234682;200330;71.6;61.1
41;2021-08-19;1307;1555;235989;201885;72.0;61.6
41;2021-08-20;915;2308;236904;204193;72.3;62.3
41;2021-08-21;120;227;237024;204420;72.3;62.4
41;2021-08-22;1;32;237025;204452;72.3;62.4
41;2021-08-23;691;2295;237716;206747;72.5;63.1
41;2021-08-24;1409;2305;239125;209052;72.9;63.8
41;2021-08-25;618;2201;239743;211253;73.1;64.4
41;2021-08-26;842;2820;240585;214073;73.4;65.3
41;2021-08-27;617;2760;241202;216833;73.6;66.1
41;2021-08-28;98;622;241300;217455;73.6;66.3
41;2021-08-29;46;23;241346;217478;73.6;66.3
41;2021-08-30;667;2116;242013;219594;73.8;67.0
41;2021-08-31;765;2596;242778;222190;74.1;67.8
41;2021-09-01;497;1828;243275;224018;74.2;68.3
41;2021-09-02;625;2145;243900;226163;74.4;69.0
41;2021-09-03;653;2226;244553;228389;74.6;69.7
41;2021-09-04;193;591;244746;228980;74.7;69.8
41;2021-09-05;3;1;244749;228981;74.7;69.8
41;2021-09-06;291;1094;245040;230075;74.7;70.2
41;2021-09-07;414;1339;245454;231414;74.9;70.6
42;2020-12-27;2;0;2;0;0.0;0.0
42;2020-12-28;0;0;2;0;0.0;0.0
42;2020-12-29;0;0;2;0;0.0;0.0
42;2020-12-30;0;0;2;0;0.0;0.0
42;2020-12-31;0;0;2;0;0.0;0.0
42;2021-01-01;0;0;2;0;0.0;0.0
42;2021-01-02;0;0;2;0;0.0;0.0
42;2021-01-03;0;0;2;0;0.0;0.0
42;2021-01-04;1;0;3;0;0.0;0.0
42;2021-01-05;1;0;4;0;0.0;0.0
42;2021-01-06;178;1;182;1;0.0;0.0
42;2021-01-07;256;0;438;1;0.1;0.0
42;2021-01-08;264;1;702;2;0.1;0.0
42;2021-01-09;136;0;838;2;0.1;0.0
42;2021-01-10;0;0;838;2;0.1;0.0
42;2021-01-11;293;2;1131;4;0.1;0.0
42;2021-01-12;412;1;1543;5;0.2;0.0
42;2021-01-13;527;2;2070;7;0.3;0.0
42;2021-01-14;773;2;2843;9;0.4;0.0
42;2021-01-15;705;4;3548;13;0.5;0.0
42;2021-01-16;298;2;3846;15;0.5;0.0
42;2021-01-17;219;0;4065;15;0.5;0.0
42;2021-01-18;968;1;5033;16;0.7;0.0
42;2021-01-19;1329;10;6362;26;0.8;0.0
42;2021-01-20;956;4;7318;30;1.0;0.0
42;2021-01-21;1020;6;8338;36;1.1;0.0
42;2021-01-22;992;6;9330;42;1.2;0.0
42;2021-01-23;401;0;9731;42;1.3;0.0
42;2021-01-24;358;0;10089;42;1.3;0.0
42;2021-01-25;1099;12;11188;54;1.5;0.0
42;2021-01-26;1746;17;12934;71;1.7;0.0
42;2021-01-27;1458;123;14392;194;1.9;0.0
42;2021-01-28;1667;136;16059;330;2.1;0.0
42;2021-01-29;946;115;17005;445;2.2;0.1
42;2021-01-30;257;100;17262;545;2.3;0.1
42;2021-01-31;258;2;17520;547;2.3;0.1
42;2021-02-01;736;60;18256;607;2.4;0.1
42;2021-02-02;1824;276;20080;883;2.6;0.1
42;2021-02-03;1517;467;21597;1350;2.8;0.2
42;2021-02-04;1282;588;22879;1938;3.0;0.3
42;2021-02-05;685;501;23564;2439;3.1;0.3
42;2021-02-06;304;136;23868;2575;3.1;0.3
42;2021-02-07;276;140;24144;2715;3.2;0.4
42;2021-02-08;508;549;24652;3264;3.2;0.4
42;2021-02-09;703;731;25355;3995;3.3;0.5
42;2021-02-10;742;623;26097;4618;3.4;0.6
42;2021-02-11;772;612;26869;5230;3.5;0.7
42;2021-02-12;675;679;27544;5909;3.6;0.8
42;2021-02-13;428;267;27972;6176;3.7;0.8
42;2021-02-14;186;185;28158;6361;3.7;0.8
42;2021-02-15;521;702;28679;7063;3.8;0.9
42;2021-02-16;490;1125;29169;8188;3.8;1.1
42;2021-02-17;519;1435;29688;9623;3.9;1.3
42;2021-02-18;756;1261;30444;10884;4.0;1.4
42;2021-02-19;768;930;31212;11814;4.1;1.5
42;2021-02-20;248;370;31460;12184;4.1;1.6
42;2021-02-21;63;288;31523;12472;4.1;1.6
42;2021-02-22;575;892;32098;13364;4.2;1.7
42;2021-02-23;1210;1371;33308;14735;4.4;1.9
42;2021-02-24;1245;1181;34553;15916;4.5;2.1
42;2021-02-25;1666;1379;36219;17295;4.7;2.3
42;2021-02-26;1648;892;37867;18187;5.0;2.4
42;2021-02-27;580;272;38447;18459;5.0;2.4
42;2021-02-28;166;110;38613;18569;5.0;2.4
42;2021-03-01;807;804;39420;19373;5.2;2.5
42;2021-03-02;1276;777;40696;20150;5.3;2.6
42;2021-03-03;1368;771;42064;20921;5.5;2.7
42;2021-03-04;1705;694;43769;21615;5.7;2.8
42;2021-03-05;2625;640;46394;22255;6.1;2.9
42;2021-03-06;1932;258;48326;22513;6.3;2.9
42;2021-03-07;1491;95;49817;22608;6.5;3.0
42;2021-03-08;1405;509;51222;23117;6.7;3.0
42;2021-03-09;1984;452;53206;23569;7.0;3.1
42;2021-03-10;2053;505;55259;24074;7.2;3.1
42;2021-03-11;3047;622;58306;24696;7.6;3.2
42;2021-03-12;3008;833;61314;25529;8.0;3.3
42;2021-03-13;1479;364;62793;25893;8.2;3.4
42;2021-03-14;472;167;63265;26060;8.3;3.4
42;2021-03-15;1571;600;64836;26660;8.5;3.5
42;2021-03-16;1472;774;66308;27434;8.7;3.6
42;2021-03-17;1724;1080;68032;28514;8.9;3.7
42;2021-03-18;1804;1029;69836;29543;9.1;3.9
42;2021-03-19;2567;682;72403;30225;9.5;4.0
42;2021-03-20;1672;233;74075;30458;9.7;4.0
42;2021-03-21;526;99;74601;30557;9.8;4.0
42;2021-03-22;1427;733;76028;31290;9.9;4.1
42;2021-03-23;2507;859;78535;32149;10.3;4.2
42;2021-03-24;2783;784;81318;32933;10.6;4.3
42;2021-03-25;3720;935;85038;33868;11.1;4.4
42;2021-03-26;3760;789;88798;34657;11.6;4.5
42;2021-03-27;1806;452;90604;35109;11.8;4.6
42;2021-03-28;1040;216;91644;35325;12.0;4.6
42;2021-03-29;2062;926;93706;36251;12.3;4.7
42;2021-03-30;3145;865;96851;37116;12.7;4.9
42;2021-03-31;2443;1071;99294;38187;13.0;5.0
42;2021-04-01;3392;1051;102686;39238;13.4;5.1
42;2021-04-02;2850;1228;105536;40466;13.8;5.3
42;2021-04-03;1418;610;106954;41076;14.0;5.4
42;2021-04-04;1404;395;108358;41471;14.2;5.4
42;2021-04-05;1901;297;110259;41768;14.4;5.5
42;2021-04-06;2292;1411;112551;43179;14.7;5.6
42;2021-04-07;2761;1832;115312;45011;15.1;5.9
42;2021-04-08;4025;1597;119337;46608;15.6;6.1
42;2021-04-09;5135;1558;124472;48166;16.3;6.3
42;2021-04-10;2591;767;127063;48933;16.6;6.4
42;2021-04-11;1956;431;129019;49364;16.9;6.5
42;2021-04-12;3699;1551;132718;50915;17.4;6.7
42;2021-04-13;4658;1810;137376;52725;18.0;6.9
42;2021-04-14;4311;1905;141687;54630;18.5;7.1
42;2021-04-15;4810;1838;146497;56468;19.2;7.4
42;2021-04-16;4620;1891;151117;58359;19.8;7.6
42;2021-04-17;2983;1074;154100;59433;20.2;7.8
42;2021-04-18;1884;414;155984;59847;20.4;7.8
42;2021-04-19;3090;1537;159074;61384;20.8;8.0
42;2021-04-20;3468;1954;162542;63338;21.3;8.3
42;2021-04-21;3479;1747;166021;65085;21.7;8.5
42;2021-04-22;3769;1952;169790;67037;22.2;8.8
42;2021-04-23;3840;2017;173630;69054;22.7;9.0
42;2021-04-24;2363;1518;175993;70572;23.0;9.2
42;2021-04-25;1658;942;177651;71514;23.2;9.4
42;2021-04-26;3280;1734;180931;73248;23.7;9.6
42;2021-04-27;3257;2206;184188;75454;24.1;9.9
42;2021-04-28;3464;2624;187652;78078;24.5;10.2
42;2021-04-29;3770;2803;191422;80881;25.0;10.6
42;2021-04-30;3361;3031;194783;83912;25.5;11.0
42;2021-05-01;2969;1051;197752;84963;25.9;11.1
42;2021-05-02;1935;1261;199687;86224;26.1;11.3
42;2021-05-03;2868;2767;202555;88991;26.5;11.6
42;2021-05-04;3417;3129;205972;92120;26.9;12.0
42;2021-05-05;3327;3401;209299;95521;27.4;12.5
42;2021-05-06;3888;3770;213187;99291;27.9;13.0
42;2021-05-07;3730;4035;216917;103326;28.4;13.5
42;2021-05-08;3165;1070;220082;104396;28.8;13.7
42;2021-05-09;1505;2213;221587;106609;29.0;13.9
42;2021-05-10;3250;3828;224837;110437;29.4;14.4
42;2021-05-11;5575;3907;230412;114344;30.1;15.0
42;2021-05-12;5341;3569;235753;117913;30.8;15.4
42;2021-05-13;5454;1148;241207;119061;31.5;15.6
42;2021-05-14;5240;2927;246447;121988;32.2;16.0
42;2021-05-15;4881;2125;251328;124113;32.9;16.2
42;2021-05-16;2873;1037;254201;125150;33.2;16.4
42;2021-05-17;5887;2839;260088;127989;34.0;16.7
42;2021-05-18;6252;2981;266340;130970;34.8;17.1
42;2021-05-19;6524;2750;272864;133720;35.7;17.5
42;2021-05-20;7103;2895;279967;136615;36.6;17.9
42;2021-05-21;6351;3273;286318;139888;37.4;18.3
42;2021-05-22;5836;2132;292154;142020;38.2;18.6
42;2021-05-23;2835;874;294989;142894;38.6;18.7
42;2021-05-24;5251;1432;300240;144326;39.3;18.9
42;2021-05-25;5155;3941;305395;148267;39.9;19.4
42;2021-05-26;5161;3458;310556;151725;40.6;19.8
42;2021-05-27;5369;3637;315925;155362;41.3;20.3
42;2021-05-28;5043;4200;320968;159562;42.0;20.9
42;2021-05-29;4344;2987;325312;162549;42.5;21.3
42;2021-05-30;1981;1210;327293;163759;42.8;21.4
42;2021-05-31;4243;3424;331536;167183;43.4;21.9
42;2021-06-01;4592;3565;336128;170748;44.0;22.3
42;2021-06-02;4478;3013;340606;173761;44.5;22.7
42;2021-06-03;4930;3842;345536;177603;45.2;23.2
42;2021-06-04;4767;4219;350303;181822;45.8;23.8
42;2021-06-05;3689;2427;353992;184249;46.3;24.1
42;2021-06-06;1446;1295;355438;185544;46.5;24.3
42;2021-06-07;3991;3378;359429;188922;47.0;24.7
42;2021-06-08;3466;3248;362895;192170;47.5;25.1
42;2021-06-09;2964;3206;365859;195376;47.8;25.5
42;2021-06-10;3243;2937;369102;198313;48.3;25.9
42;2021-06-11;3589;4117;372691;202430;48.7;26.5
42;2021-06-12;2863;2880;375554;205310;49.1;26.8
42;2021-06-13;944;1277;376498;206587;49.2;27.0
42;2021-06-14;2313;4062;378811;210649;49.5;27.5
42;2021-06-15;2831;4071;381642;214720;49.9;28.1
42;2021-06-16;2923;3550;384565;218270;50.3;28.5
42;2021-06-17;2639;3739;387204;222009;50.6;29.0
42;2021-06-18;3093;5147;390297;227156;51.0;29.7
42;2021-06-19;2849;4244;393146;231400;51.4;30.3
42;2021-06-20;857;1845;394003;233245;51.5;30.5
42;2021-06-21;1908;6277;395911;239522;51.8;31.3
42;2021-06-22;1877;5893;397788;245415;52.0;32.1
42;2021-06-23;1845;5323;399633;250738;52.3;32.8
42;2021-06-24;1787;4685;401420;255423;52.5;33.4
42;2021-06-25;2039;6951;403459;262374;52.8;34.3
42;2021-06-26;1409;5822;404868;268196;52.9;35.1
42;2021-06-27;756;2857;405624;271053;53.0;35.4
42;2021-06-28;1744;7060;407368;278113;53.3;36.4
42;2021-06-29;1527;6566;408895;284679;53.5;37.2
42;2021-06-30;1968;5764;410863;290443;53.7;38.0
42;2021-07-01;1779;5121;412642;295564;54.0;38.6
42;2021-07-02;2049;6743;414691;302307;54.2;39.5
42;2021-07-03;1760;5979;416451;308286;54.5;40.3
42;2021-07-04;854;2513;417305;310799;54.6;40.6
42;2021-07-05;1716;6284;419021;317083;54.8;41.5
42;2021-07-06;2106;5577;421127;322660;55.1;42.2
42;2021-07-07;2337;4661;423464;327321;55.4;42.8
42;2021-07-08;2273;3958;425737;331279;55.7;43.3
42;2021-07-09;2415;6097;428152;337376;56.0;44.1
42;2021-07-10;1694;5582;429846;342958;56.2;44.8
42;2021-07-11;921;2304;430767;345262;56.3;45.1
42;2021-07-12;1777;6289;432544;351551;56.6;46.0
42;2021-07-13;3613;6290;436157;357841;57.0;46.8
42;2021-07-14;4479;2053;440636;359894;57.6;47.1
42;2021-07-15;4560;5628;445196;365522;58.2;47.8
42;2021-07-16;4445;6193;449641;371715;58.8;48.6
42;2021-07-17;3221;4706;452862;376421;59.2;49.2
42;2021-07-18;1839;1743;454701;378164;59.5;49.5
42;2021-07-19;3806;5079;458507;383243;60.0;50.1
42;2021-07-20;4719;4863;463226;388106;60.6;50.8
42;2021-07-21;5175;4717;468401;392823;61.2;51.4
42;2021-07-22;5499;3936;473900;396759;62.0;51.9
42;2021-07-23;5500;5114;479400;401873;62.7;52.6
42;2021-07-24;4036;3833;483436;405706;63.2;53.1
42;2021-07-25;1656;1387;485092;407093;63.4;53.2
42;2021-07-26;4733;4327;489825;411420;64.1;53.8
42;2021-07-27;5330;3964;495155;415384;64.7;54.3
42;2021-07-28;5784;3676;500939;419060;65.5;54.8
42;2021-07-29;5679;3430;506618;422490;66.2;55.2
42;2021-07-30;5138;3773;511756;426263;66.9;55.7
42;2021-07-31;4759;3055;516515;429318;67.5;56.1
42;2021-08-01;2499;1313;519014;430631;67.9;56.3
42;2021-08-02;4361;3114;523375;433745;68.4;56.7
42;2021-08-03;3818;3281;527193;437026;68.9;57.1
42;2021-08-04;3473;3221;530666;440247;69.4;57.6
42;2021-08-05;3403;3314;534069;443561;69.8;58.0
42;2021-08-06;3632;3994;537701;447555;70.3;58.5
42;2021-08-07;3022;3066;540723;450621;70.7;58.9
42;2021-08-08;1198;1714;541921;452335;70.9;59.1
42;2021-08-09;2807;3858;544728;456193;71.2;59.7
42;2021-08-10;3274;3905;548002;460098;71.7;60.2
42;2021-08-11;2591;3521;550593;463619;72.0;60.6
42;2021-08-12;2512;3567;553105;467186;72.3;61.1
42;2021-08-13;2325;3905;555430;471091;72.6;61.6
42;2021-08-14;1647;3266;557077;474357;72.8;62.0
42;2021-08-15;599;1026;557676;475383;72.9;62.2
42;2021-08-16;2065;4568;559741;479951;73.2;62.8
42;2021-08-17;2240;4171;561981;484122;73.5;63.3
42;2021-08-18;2030;4146;564011;488268;73.8;63.8
42;2021-08-19;1920;3369;565931;491637;74.0;64.3
42;2021-08-20;2263;4600;568194;496237;74.3;64.9
42;2021-08-21;1078;3861;569272;500098;74.4;65.4
42;2021-08-22;494;2020;569766;502118;74.5;65.7
42;2021-08-23;1618;4664;571384;506782;74.7;66.3
42;2021-08-24;1729;4038;573113;510820;74.9;66.8
42;2021-08-25;1738;3888;574851;514708;75.2;67.3
42;2021-08-26;1437;3041;576288;517749;75.4;67.7
42;2021-08-27;1772;4560;578060;522309;75.6;68.3
42;2021-08-28;1300;3705;579360;526014;75.8;68.8
42;2021-08-29;377;1427;579737;527441;75.8;69.0
42;2021-08-30;1276;3416;581013;530857;76.0;69.4
42;2021-08-31;1234;2841;582247;533698;76.1;69.8
42;2021-09-01;1243;2985;583490;536683;76.3;70.2
42;2021-09-02;1309;2912;584799;539595;76.5;70.6
42;2021-09-03;1559;3267;586358;542862;76.7;71.0
42;2021-09-04;1039;2984;587397;545846;76.8;71.4
42;2021-09-05;378;872;587775;546718;76.9;71.5
42;2021-09-06;757;2137;588532;548855;77.0;71.8
42;2021-09-07;810;1909;589342;550764;77.1;72.0
43;2020-12-27;0;0;0;0;0.0;0.0
43;2020-12-28;0;0;0;0;0.0;0.0
43;2020-12-29;0;0;0;0;0.0;0.0
43;2020-12-30;0;0;0;0;0.0;0.0
43;2020-12-31;0;0;0;0;0.0;0.0
43;2021-01-01;0;0;0;0;0.0;0.0
43;2021-01-02;0;0;0;0;0.0;0.0
43;2021-01-03;0;0;0;0;0.0;0.0
43;2021-01-04;2;0;2;0;0.0;0.0
43;2021-01-05;0;0;2;0;0.0;0.0
43;2021-01-06;0;0;2;0;0.0;0.0
43;2021-01-07;167;0;169;0;0.1;0.0
43;2021-01-08;151;1;320;1;0.1;0.0
43;2021-01-09;0;0;320;1;0.1;0.0
43;2021-01-10;0;0;320;1;0.1;0.0
43;2021-01-11;137;0;457;1;0.2;0.0
43;2021-01-12;244;0;701;1;0.3;0.0
43;2021-01-13;244;2;945;3;0.4;0.0
43;2021-01-14;294;2;1239;5;0.5;0.0
43;2021-01-15;303;2;1542;7;0.7;0.0
43;2021-01-16;32;0;1574;7;0.7;0.0
43;2021-01-17;0;0;1574;7;0.7;0.0
43;2021-01-18;761;5;2335;12;1.0;0.0
43;2021-01-19;776;7;3111;19;1.4;0.0
43;2021-01-20;519;2;3630;21;1.6;0.0
43;2021-01-21;446;2;4076;23;1.8;0.0
43;2021-01-22;465;6;4541;29;2.0;0.0
43;2021-01-23;1;0;4542;29;2.0;0.0
43;2021-01-24;2;0;4544;29;2.0;0.0
43;2021-01-25;539;0;5083;29;2.2;0.0
43;2021-01-26;615;5;5698;34;2.5;0.0
43;2021-01-27;740;0;6438;34;2.8;0.0
43;2021-01-28;747;30;7185;64;3.2;0.0
43;2021-01-29;721;83;7906;147;3.5;0.1
43;2021-01-30;109;0;8015;147;3.5;0.1
43;2021-01-31;0;0;8015;147;3.5;0.1
43;2021-02-01;404;100;8419;247;3.7;0.1
43;2021-02-02;716;146;9135;393;4.0;0.2
43;2021-02-03;690;42;9825;435;4.3;0.2
43;2021-02-04;524;157;10349;592;4.6;0.3
43;2021-02-05;544;169;10893;761;4.8;0.3
43;2021-02-06;165;16;11058;777;4.9;0.3
43;2021-02-07;0;0;11058;777;4.9;0.3
43;2021-02-08;411;291;11469;1068;5.1;0.5
43;2021-02-09;369;421;11838;1489;5.2;0.7
43;2021-02-10;400;351;12238;1840;5.4;0.8
43;2021-02-11;388;390;12626;2230;5.6;1.0
43;2021-02-12;425;198;13051;2428;5.8;1.1
43;2021-02-13;570;41;13621;2469;6.0;1.1
43;2021-02-14;0;0;13621;2469;6.0;1.1
43;2021-02-15;68;428;13689;2897;6.0;1.3
43;2021-02-16;41;339;13730;3236;6.1;1.4
43;2021-02-17;87;460;13817;3696;6.1;1.6
43;2021-02-18;147;356;13964;4052;6.2;1.8
43;2021-02-19;278;492;14242;4544;6.3;2.0
43;2021-02-20;22;4;14264;4548;6.3;2.0
43;2021-02-21;0;0;14264;4548;6.3;2.0
43;2021-02-22;16;467;14280;5015;6.3;2.2
43;2021-02-23;202;764;14482;5779;6.4;2.5
43;2021-02-24;147;712;14629;6491;6.4;2.9
43;2021-02-25;227;664;14856;7155;6.5;3.2
43;2021-02-26;222;626;15078;7781;6.6;3.4
43;2021-02-27;138;71;15216;7852;6.7;3.5
43;2021-02-28;1;0;15217;7852;6.7;3.5
43;2021-03-01;210;460;15427;8312;6.8;3.7
43;2021-03-02;342;558;15769;8870;6.9;3.9
43;2021-03-03;338;568;16107;9438;7.1;4.2
43;2021-03-04;551;453;16658;9891;7.3;4.4
43;2021-03-05;566;445;17224;10336;7.6;4.6
43;2021-03-06;489;177;17713;10513;7.8;4.6
43;2021-03-07;12;0;17725;10513;7.8;4.6
43;2021-03-08;446;438;18171;10951;8.0;4.8
43;2021-03-09;621;358;18792;11309;8.3;5.0
43;2021-03-10;674;500;19466;11809;8.6;5.2
43;2021-03-11;953;439;20419;12248;9.0;5.4
43;2021-03-12;945;427;21364;12675;9.4;5.6
43;2021-03-13;792;117;22156;12792;9.8;5.6
43;2021-03-14;2;0;22158;12792;9.8;5.6
43;2021-03-15;706;142;22864;12934;10.1;5.7
43;2021-03-16;848;286;23712;13220;10.5;5.8
43;2021-03-17;638;137;24350;13357;10.7;5.9
43;2021-03-18;676;138;25026;13495;11.0;5.9
43;2021-03-19;839;108;25865;13603;11.4;6.0
43;2021-03-20;450;60;26315;13663;11.6;6.0
43;2021-03-21;0;0;26315;13663;11.6;6.0
43;2021-03-22;744;39;27059;13702;11.9;6.0
43;2021-03-23;872;49;27931;13751;12.3;6.1
43;2021-03-24;1174;95;29105;13846;12.8;6.1
43;2021-03-25;1594;155;30699;14001;13.5;6.2
43;2021-03-26;1609;191;32308;14192;14.2;6.3
43;2021-03-27;1449;78;33757;14270;14.9;6.3
43;2021-03-28;420;20;34177;14290;15.1;6.3
43;2021-03-29;1096;171;35273;14461;15.5;6.4
43;2021-03-30;1313;240;36586;14701;16.1;6.5
43;2021-03-31;1305;264;37891;14965;16.7;6.6
43;2021-04-01;1347;341;39238;15306;17.3;6.7
43;2021-04-02;1052;355;40290;15661;17.8;6.9
43;2021-04-03;340;198;40630;15859;17.9;7.0
43;2021-04-04;0;0;40630;15859;17.9;7.0
43;2021-04-05;3;0;40633;15859;17.9;7.0
43;2021-04-06;688;607;41321;16466;18.2;7.3
43;2021-04-07;868;574;42189;17040;18.6;7.5
43;2021-04-08;1087;463;43276;17503;19.1;7.7
43;2021-04-09;1148;662;44424;18165;19.6;8.0
43;2021-04-10;626;264;45050;18429;19.9;8.1
43;2021-04-11;0;0;45050;18429;19.9;8.1
43;2021-04-12;682;651;45732;19080;20.2;8.4
43;2021-04-13;917;725;46649;19805;20.6;8.7
43;2021-04-14;725;668;47374;20473;20.9;9.0
43;2021-04-15;959;700;48333;21173;21.3;9.3
43;2021-04-16;1009;694;49342;21867;21.7;9.6
43;2021-04-17;423;302;49765;22169;21.9;9.8
43;2021-04-18;3;5;49768;22174;21.9;9.8
43;2021-04-19;629;568;50397;22742;22.2;10.0
43;2021-04-20;840;677;51237;23419;22.6;10.3
43;2021-04-21;320;986;51557;24405;22.7;10.8
43;2021-04-22;680;1016;52237;25421;23.0;11.2
43;2021-04-23;401;1102;52638;26523;23.2;11.7
43;2021-04-24;347;1039;52985;27562;23.4;12.1
43;2021-04-25;23;403;53008;27965;23.4;12.3
43;2021-04-26;385;964;53393;28929;23.5;12.7
43;2021-04-27;825;987;54218;29916;23.9;13.2
43;2021-04-28;794;1108;55012;31024;24.2;13.7
43;2021-04-29;1238;1139;56250;32163;24.8;14.2
43;2021-04-30;1199;1068;57449;33231;25.3;14.6
43;2021-05-01;400;27;57849;33258;25.5;14.7
43;2021-05-02;1;0;57850;33258;25.5;14.7
43;2021-05-03;1218;408;59068;33666;26.0;14.8
43;2021-05-04;1237;954;60305;34620;26.6;15.3
43;2021-05-05;1143;848;61448;35468;27.1;15.6
43;2021-05-06;1405;938;62853;36406;27.7;16.0
43;2021-05-07;1089;1173;63942;37579;28.2;16.6
43;2021-05-08;521;136;64463;37715;28.4;16.6
43;2021-05-09;0;2;64463;37717;28.4;16.6
43;2021-05-10;1084;724;65547;38441;28.9;16.9
43;2021-05-11;1554;1010;67101;39451;29.6;17.4
43;2021-05-12;1481;807;68582;40258;30.2;17.7
43;2021-05-13;936;379;69518;40637;30.6;17.9
43;2021-05-14;2204;1109;71722;41746;31.6;18.4
43;2021-05-15;1271;315;72993;42061;32.2;18.5
43;2021-05-16;272;47;73265;42108;32.3;18.6
43;2021-05-17;1625;631;74890;42739;33.0;18.8
43;2021-05-18;1966;676;76856;43415;33.9;19.1
43;2021-05-19;2065;576;78921;43991;34.8;19.4
43;2021-05-20;2338;805;81259;44796;35.8;19.7
43;2021-05-21;2385;709;83644;45505;36.9;20.1
43;2021-05-22;1209;341;84853;45846;37.4;20.2
43;2021-05-23;1;0;84854;45846;37.4;20.2
43;2021-05-24;382;99;85236;45945;37.6;20.2
43;2021-05-25;1408;653;86644;46598;38.2;20.5
43;2021-05-26;1349;560;87993;47158;38.8;20.8
43;2021-05-27;1390;714;89383;47872;39.4;21.1
43;2021-05-28;1348;733;90731;48605;40.0;21.4
43;2021-05-29;1135;604;91866;49209;40.5;21.7
43;2021-05-30;149;17;92015;49226;40.6;21.7
43;2021-05-31;1208;442;93223;49668;41.1;21.9
43;2021-06-01;1280;985;94503;50653;41.6;22.3
43;2021-06-02;1086;700;95589;51353;42.1;22.6
43;2021-06-03;1193;858;96782;52211;42.7;23.0
43;2021-06-04;1351;859;98133;53070;43.2;23.4
43;2021-06-05;824;452;98957;53522;43.6;23.6
43;2021-06-06;10;5;98967;53527;43.6;23.6
43;2021-06-07;748;518;99715;54045;43.9;23.8
43;2021-06-08;664;705;100379;54750;44.2;24.1
43;2021-06-09;539;761;100918;55511;44.5;24.5
43;2021-06-10;808;1120;101726;56631;44.8;25.0
43;2021-06-11;760;1348;102486;57979;45.2;25.6
43;2021-06-12;914;514;103400;58493;45.6;25.8
43;2021-06-13;3;27;103403;58520;45.6;25.8
43;2021-06-14;446;1088;103849;59608;45.8;26.3
43;2021-06-15;630;1195;104479;60803;46.0;26.8
43;2021-06-16;549;974;105028;61777;46.3;27.2
43;2021-06-17;602;1502;105630;63279;46.6;27.9
43;2021-06-18;899;1464;106529;64743;46.9;28.5
43;2021-06-19;447;782;106976;65525;47.1;28.9
43;2021-06-20;0;12;106976;65537;47.1;28.9
43;2021-06-21;424;1307;107400;66844;47.3;29.5
43;2021-06-22;533;1959;107933;68803;47.6;30.3
43;2021-06-23;343;1743;108276;70546;47.7;31.1
43;2021-06-24;512;1494;108788;72040;47.9;31.7
43;2021-06-25;597;2345;109385;74385;48.2;32.8
43;2021-06-26;505;1245;109890;75630;48.4;33.3
43;2021-06-27;10;20;109900;75650;48.4;33.3
43;2021-06-28;341;1785;110241;77435;48.6;34.1
43;2021-06-29;524;2381;110765;79816;48.8;35.2
43;2021-06-30;460;2275;111225;82091;49.0;36.2
43;2021-07-01;473;1910;111698;84001;49.2;37.0
43;2021-07-02;499;1964;112197;85965;49.4;37.9
43;2021-07-03;258;1108;112455;87073;49.6;38.4
43;2021-07-04;1;0;112456;87073;49.6;38.4
43;2021-07-05;526;1202;112982;88275;49.8;38.9
43;2021-07-06;633;1680;113615;89955;50.1;39.6
43;2021-07-07;525;1423;114140;91378;50.3;40.3
43;2021-07-08;837;1418;114977;92796;50.7;40.9
43;2021-07-09;550;1500;115527;94296;50.9;41.6
43;2021-07-10;401;1337;115928;95633;51.1;42.1
43;2021-07-11;23;99;115951;95732;51.1;42.2
43;2021-07-12;603;1684;116554;97416;51.4;42.9
43;2021-07-13;1186;1849;117740;99265;51.9;43.7
43;2021-07-14;848;159;118588;99424;52.3;43.8
43;2021-07-15;1932;1841;120520;101265;53.1;44.6
43;2021-07-16;1752;1618;122272;102883;53.9;45.3
43;2021-07-17;1545;1201;123817;104084;54.6;45.9
43;2021-07-18;4;19;123821;104103;54.6;45.9
43;2021-07-19;1439;1257;125260;105360;55.2;46.4
43;2021-07-20;1894;1451;127154;106811;56.0;47.1
43;2021-07-21;1850;1111;129004;107922;56.9;47.6
43;2021-07-22;2109;1333;131113;109255;57.8;48.2
43;2021-07-23;1618;1325;132731;110580;58.5;48.7
43;2021-07-24;577;1000;133308;111580;58.8;49.2
43;2021-07-25;0;1;133308;111581;58.8;49.2
43;2021-07-26;1642;1072;134950;112653;59.5;49.6
43;2021-07-27;2283;1225;137233;113878;60.5;50.2
43;2021-07-28;1953;1092;139186;114970;61.3;50.7
43;2021-07-29;1987;1017;141173;115987;62.2;51.1
43;2021-07-30;1870;1336;143043;117323;63.0;51.7
43;2021-07-31;706;609;143749;117932;63.4;52.0
43;2021-08-01;13;21;143762;117953;63.4;52.0
43;2021-08-02;1540;969;145302;118922;64.0;52.4
43;2021-08-03;1403;1166;146705;120088;64.7;52.9
43;2021-08-04;1261;1108;147966;121196;65.2;53.4
43;2021-08-05;1255;1283;149221;122479;65.8;54.0
43;2021-08-06;1129;1466;150350;123945;66.3;54.6
43;2021-08-07;495;751;150845;124696;66.5;55.0
43;2021-08-08;5;0;150850;124696;66.5;55.0
43;2021-08-09;820;1635;151670;126331;66.8;55.7
43;2021-08-10;1024;1584;152694;127915;67.3;56.4
43;2021-08-11;681;1344;153375;129259;67.6;57.0
43;2021-08-12;873;1604;154248;130863;68.0;57.7
43;2021-08-13;675;1178;154923;132041;68.3;58.2
43;2021-08-14;350;552;155273;132593;68.4;58.4
43;2021-08-15;3;9;155276;132602;68.4;58.4
43;2021-08-16;684;1675;155960;134277;68.7;59.2
43;2021-08-17;710;1509;156670;135786;69.0;59.8
43;2021-08-18;556;1513;157226;137299;69.3;60.5
43;2021-08-19;642;1611;157868;138910;69.6;61.2
43;2021-08-20;516;1595;158384;140505;69.8;61.9
43;2021-08-21;238;556;158622;141061;69.9;62.2
43;2021-08-22;7;7;158629;141068;69.9;62.2
43;2021-08-23;499;1587;159128;142655;70.1;62.9
43;2021-08-24;513;1394;159641;144049;70.4;63.5
43;2021-08-25;511;1296;160152;145345;70.6;64.1
43;2021-08-26;473;1138;160625;146483;70.8;64.6
43;2021-08-27;528;1358;161153;147841;71.0;65.2
43;2021-08-28;176;499;161329;148340;71.1;65.4
43;2021-08-29;0;1;161329;148341;71.1;65.4
43;2021-08-30;484;1060;161813;149401;71.3;65.8
43;2021-08-31;380;887;162193;150288;71.5;66.2
43;2021-09-01;305;960;162498;151248;71.6;66.7
43;2021-09-02;308;965;162806;152213;71.8;67.1
43;2021-09-03;502;1017;163308;153230;72.0;67.5
43;2021-09-04;317;569;163625;153799;72.1;67.8
43;2021-09-05;39;23;163664;153822;72.1;67.8
43;2021-09-06;246;760;163910;154582;72.2;68.1
43;2021-09-07;232;709;164142;155291;72.3;68.4
44;2020-12-27;1;0;1;0;0.0;0.0
44;2020-12-28;1;0;2;0;0.0;0.0
44;2020-12-29;1;0;3;0;0.0;0.0
44;2020-12-30;1;0;4;0;0.0;0.0
44;2020-12-31;1;0;5;0;0.0;0.0
44;2021-01-01;1;0;6;0;0.0;0.0
44;2021-01-02;0;0;6;0;0.0;0.0
44;2021-01-03;3;0;9;0;0.0;0.0
44;2021-01-04;0;0;9;0;0.0;0.0
44;2021-01-05;1;0;10;0;0.0;0.0
44;2021-01-06;20;1;30;1;0.0;0.0
44;2021-01-07;187;0;217;1;0.0;0.0
44;2021-01-08;528;0;745;1;0.1;0.0
44;2021-01-09;473;0;1218;1;0.1;0.0
44;2021-01-10;455;1;1673;2;0.1;0.0
44;2021-01-11;801;1;2474;3;0.2;0.0
44;2021-01-12;906;1;3380;4;0.2;0.0
44;2021-01-13;1086;1;4466;5;0.3;0.0
44;2021-01-14;1115;6;5581;11;0.4;0.0
44;2021-01-15;988;1;6569;12;0.5;0.0
44;2021-01-16;336;2;6905;14;0.5;0.0
44;2021-01-17;328;1;7233;15;0.5;0.0
44;2021-01-18;856;3;8089;18;0.6;0.0
44;2021-01-19;2622;5;10711;23;0.7;0.0
44;2021-01-20;2741;3;13452;26;0.9;0.0
44;2021-01-21;4533;8;17985;34;1.3;0.0
44;2021-01-22;2416;7;20401;41;1.4;0.0
44;2021-01-23;767;1;21168;42;1.5;0.0
44;2021-01-24;119;0;21287;42;1.5;0.0
44;2021-01-25;833;0;22120;42;1.5;0.0
44;2021-01-26;2563;16;24683;58;1.7;0.0
44;2021-01-27;2097;57;26780;115;1.9;0.0
44;2021-01-28;3733;190;30513;305;2.1;0.0
44;2021-01-29;2370;459;32883;764;2.3;0.1
44;2021-01-30;627;200;33510;964;2.3;0.1
44;2021-01-31;14;183;33524;1147;2.3;0.1
44;2021-02-01;593;518;34117;1665;2.4;0.1
44;2021-02-02;879;718;34996;2383;2.4;0.2
44;2021-02-03;890;837;35886;3220;2.5;0.2
44;2021-02-04;938;689;36824;3909;2.6;0.3
44;2021-02-05;896;596;37720;4505;2.6;0.3
44;2021-02-06;470;244;38190;4749;2.7;0.3
44;2021-02-07;72;187;38262;4936;2.7;0.3
44;2021-02-08;521;417;38783;5353;2.7;0.4
44;2021-02-09;992;1197;39775;6550;2.8;0.5
44;2021-02-10;1141;1254;40916;7804;2.8;0.5
44;2021-02-11;2289;3010;43205;10814;3.0;0.8
44;2021-02-12;1663;1697;44868;12511;3.1;0.9
44;2021-02-13;433;451;45301;12962;3.2;0.9
44;2021-02-14;10;168;45311;13130;3.2;0.9
44;2021-02-15;505;949;45816;14079;3.2;1.0
44;2021-02-16;1440;2378;47256;16457;3.3;1.1
44;2021-02-17;1104;1995;48360;18452;3.4;1.3
44;2021-02-18;1959;3545;50319;21997;3.5;1.5
44;2021-02-19;1579;2420;51898;24417;3.6;1.7
44;2021-02-20;409;557;52307;24974;3.6;1.7
44;2021-02-21;6;175;52313;25149;3.6;1.7
44;2021-02-22;717;741;53030;25890;3.7;1.8
44;2021-02-23;1246;989;54276;26879;3.8;1.9
44;2021-02-24;1238;984;55514;27863;3.9;1.9
44;2021-02-25;2444;938;57958;28801;4.0;2.0
44;2021-02-26;2292;853;60250;29654;4.2;2.1
44;2021-02-27;976;393;61226;30047;4.3;2.1
44;2021-02-28;7;32;61233;30079;4.3;2.1
44;2021-03-01;989;506;62222;30585;4.3;2.1
44;2021-03-02;1807;979;64029;31564;4.5;2.2
44;2021-03-03;1861;1067;65890;32631;4.6;2.3
44;2021-03-04;2881;1517;68771;34148;4.8;2.4
44;2021-03-05;3482;1295;72253;35443;5.0;2.5
44;2021-03-06;2508;462;74761;35905;5.2;2.5
44;2021-03-07;988;89;75749;35994;5.3;2.5
44;2021-03-08;1785;600;77534;36594;5.4;2.5
44;2021-03-09;3353;1121;80887;37715;5.6;2.6
44;2021-03-10;3079;1096;83966;38811;5.8;2.7
44;2021-03-11;4439;1774;88405;40585;6.2;2.8
44;2021-03-12;5893;1306;94298;41891;6.6;2.9
44;2021-03-13;3632;294;97930;42185;6.8;2.9
44;2021-03-14;431;63;98361;42248;6.8;2.9
44;2021-03-15;2688;370;101049;42618;7.0;3.0
44;2021-03-16;2149;625;103198;43243;7.2;3.0
44;2021-03-17;1966;666;105164;43909;7.3;3.1
44;2021-03-18;2169;641;107333;44550;7.5;3.1
44;2021-03-19;3787;367;111120;44917;7.7;3.1
44;2021-03-20;3212;297;114332;45214;8.0;3.1
44;2021-03-21;914;19;115246;45233;8.0;3.1
44;2021-03-22;2462;441;117708;45674;8.2;3.2
44;2021-03-23;3960;704;121668;46378;8.5;3.2
44;2021-03-24;4303;633;125971;47011;8.8;3.3
44;2021-03-25;5625;928;131596;47939;9.2;3.3
44;2021-03-26;6507;757;138103;48696;9.6;3.4
44;2021-03-27;3216;429;141319;49125;9.8;3.4
44;2021-03-28;1244;40;142563;49165;9.9;3.4
44;2021-03-29;3122;786;145685;49951;10.1;3.5
44;2021-03-30;5138;1110;150823;51061;10.5;3.6
44;2021-03-31;4613;1308;155436;52369;10.8;3.6
44;2021-04-01;6139;1007;161575;53376;11.2;3.7
44;2021-04-02;5796;951;167371;54327;11.6;3.8
44;2021-04-03;2435;649;169806;54976;11.8;3.8
44;2021-04-04;665;21;170471;54997;11.9;3.8
44;2021-04-05;692;287;171163;55284;11.9;3.8
44;2021-04-06;4212;1373;175375;56657;12.2;3.9
44;2021-04-07;5077;1653;180452;58310;12.6;4.1
44;2021-04-08;7179;1666;187631;59976;13.1;4.2
44;2021-04-09;10066;1817;197697;61793;13.8;4.3
44;2021-04-10;4563;1455;202260;63248;14.1;4.4
44;2021-04-11;2149;429;204409;63677;14.2;4.4
44;2021-04-12;5466;1587;209875;65264;14.6;4.5
44;2021-04-13;6729;2258;216604;67522;15.1;4.7
44;2021-04-14;5911;2234;222515;69756;15.5;4.9
44;2021-04-15;6702;2204;229217;71960;15.9;5.0
44;2021-04-16;7784;2046;237001;74006;16.5;5.1
44;2021-04-17;4301;1381;241302;75387;16.8;5.2
44;2021-04-18;2254;819;243556;76206;16.9;5.3
44;2021-04-19;5046;1905;248602;78111;17.3;5.4
44;2021-04-20;6282;2645;254884;80756;17.7;5.6
44;2021-04-21;6007;2787;260891;83543;18.2;5.8
44;2021-04-22;6961;2510;267852;86053;18.6;6.0
44;2021-04-23;7335;3178;275187;89231;19.1;6.2
44;2021-04-24;3971;2048;279158;91279;19.4;6.4
44;2021-04-25;2076;1056;281234;92335;19.6;6.4
44;2021-04-26;5653;2757;286887;95092;20.0;6.6
44;2021-04-27;7420;4089;294307;99181;20.5;6.9
44;2021-04-28;7608;3779;301915;102960;21.0;7.2
44;2021-04-29;8966;4275;310881;107235;21.6;7.5
44;2021-04-30;9568;4695;320449;111930;22.3;7.8
44;2021-05-01;2849;923;323298;112853;22.5;7.9
44;2021-05-02;1901;619;325199;113472;22.6;7.9
44;2021-05-03;5548;4073;330747;117545;23.0;8.2
44;2021-05-04;6330;5126;337077;122671;23.5;8.5
44;2021-05-05;6073;4616;343150;127287;23.9;8.9
44;2021-05-06;7256;4878;350406;132165;24.4;9.2
44;2021-05-07;7452;5702;357858;137867;24.9;9.6
44;2021-05-08;2583;1265;360441;139132;25.1;9.7
44;2021-05-09;1801;1814;362242;140946;25.2;9.8
44;2021-05-10;6574;5771;368816;146717;25.7;10.2
44;2021-05-11;7788;6264;376604;152981;26.2;10.6
44;2021-05-12;8196;5716;384800;158697;26.8;11.0
44;2021-05-13;5305;1191;390105;159888;27.1;11.1
44;2021-05-14;7587;3974;397692;163862;27.7;11.4
44;2021-05-15;5008;2234;402700;166096;28.0;11.6
44;2021-05-16;2795;741;405495;166837;28.2;11.6
44;2021-05-17;6744;5147;412239;171984;28.7;12.0
44;2021-05-18;7966;5229;420205;177213;29.2;12.3
44;2021-05-19;8168;4283;428373;181496;29.8;12.6
44;2021-05-20;8365;4649;436738;186145;30.4;13.0
44;2021-05-21;8837;5207;445575;191352;31.0;13.3
44;2021-05-22;5099;2231;450674;193583;31.4;13.5
44;2021-05-23;1759;824;452433;194407;31.5;13.5
44;2021-05-24;4887;1616;457320;196023;31.8;13.6
44;2021-05-25;7741;5551;465061;201574;32.4;14.0
44;2021-05-26;8182;5044;473243;206618;32.9;14.4
44;2021-05-27;9660;5353;482903;211971;33.6;14.7
44;2021-05-28;9187;6905;492090;218876;34.2;15.2
44;2021-05-29;5886;3326;497976;222202;34.7;15.5
44;2021-05-30;1775;705;499751;222907;34.8;15.5
44;2021-05-31;8063;6184;507814;229091;35.3;15.9
44;2021-06-01;9907;6554;517721;235645;36.0;16.4
44;2021-06-02;9527;5691;527248;241336;36.7;16.8
44;2021-06-03;10864;5887;538112;247223;37.4;17.2
44;2021-06-04;9961;8072;548073;255295;38.1;17.8
44;2021-06-05;5781;4339;553854;259634;38.5;18.1
44;2021-06-06;2363;1130;556217;260764;38.7;18.1
44;2021-06-07;9554;6936;565771;267700;39.4;18.6
44;2021-06-08;10913;7505;576684;275205;40.1;19.1
44;2021-06-09;10558;6322;587242;281527;40.9;19.6
44;2021-06-10;11428;6041;598670;287568;41.7;20.0
44;2021-06-11;11958;8643;610628;296211;42.5;20.6
44;2021-06-12;7767;4092;618395;300303;43.0;20.9
44;2021-06-13;2793;1007;621188;301310;43.2;21.0
44;2021-06-14;8768;8414;629956;309724;43.8;21.6
44;2021-06-15;11709;8259;641665;317983;44.6;22.1
44;2021-06-16;10978;7657;652643;325640;45.4;22.7
44;2021-06-17;11733;8687;664376;334327;46.2;23.3
44;2021-06-18;10902;10115;675278;344442;47.0;24.0
44;2021-06-19;5884;4323;681162;348765;47.4;24.3
44;2021-06-20;2535;1340;683697;350105;47.6;24.4
44;2021-06-21;7353;10016;691050;360121;48.1;25.1
44;2021-06-22;8469;10629;699519;370750;48.7;25.8
44;2021-06-23;8554;9141;708073;379891;49.3;26.4
44;2021-06-24;9126;8569;717199;388460;49.9;27.0
44;2021-06-25;7648;10820;724847;399280;50.4;27.8
44;2021-06-26;2960;6471;727807;405751;50.6;28.2
44;2021-06-27;817;2406;728624;408157;50.7;28.4
44;2021-06-28;5229;10058;733853;418215;51.1;29.1
44;2021-06-29;6181;12085;740034;430300;51.5;29.9
44;2021-06-30;6184;10449;746218;440749;51.9;30.7
44;2021-07-01;6932;10486;753150;451235;52.4;31.4
44;2021-07-02;6695;12558;759845;463793;52.9;32.3
44;2021-07-03;2583;7001;762428;470794;53.1;32.8
44;2021-07-04;995;2236;763423;473030;53.1;32.9
44;2021-07-05;5321;11874;768744;484904;53.5;33.7
44;2021-07-06;6060;12600;774804;497504;53.9;34.6
44;2021-07-07;6499;11097;781303;508601;54.4;35.4
44;2021-07-08;7392;11959;788695;520560;54.9;36.2
44;2021-07-09;6262;14255;794957;534815;55.3;37.2
44;2021-07-10;2446;7008;797403;541823;55.5;37.7
44;2021-07-11;730;2262;798133;544085;55.5;37.9
44;2021-07-12;4400;14055;802533;558140;55.8;38.8
44;2021-07-13;5758;14850;808291;572990;56.2;39.9
44;2021-07-14;3672;5809;811963;578799;56.5;40.3
44;2021-07-15;7227;14288;819190;593087;57.0;41.3
44;2021-07-16;8236;14996;827426;608083;57.6;42.3
44;2021-07-17;3372;7576;830798;615659;57.8;42.8
44;2021-07-18;1434;2548;832232;618207;57.9;43.0
44;2021-07-19;4867;14696;837099;632903;58.2;44.0
44;2021-07-20;6036;15674;843135;648577;58.7;45.1
44;2021-07-21;5847;13987;848982;662564;59.1;46.1
44;2021-07-22;6723;13745;855705;676309;59.5;47.1
44;2021-07-23;6160;15631;861865;691940;60.0;48.1
44;2021-07-24;2848;8717;864713;700657;60.2;48.8
44;2021-07-25;945;3089;865658;703746;60.2;49.0
44;2021-07-26;6079;12687;871737;716433;60.7;49.9
44;2021-07-27;9704;12185;881441;728618;61.3;50.7
44;2021-07-28;9248;10848;890689;739466;62.0;51.5
44;2021-07-29;10282;10840;900971;750306;62.7;52.2
44;2021-07-30;9168;10927;910139;761233;63.3;53.0
44;2021-07-31;4783;5647;914922;766880;63.7;53.4
44;2021-08-01;2572;1409;917494;768289;63.8;53.5
44;2021-08-02;6494;9479;923988;777768;64.3;54.1
44;2021-08-03;8404;8537;932392;786305;64.9;54.7
44;2021-08-04;9074;6983;941466;793288;65.5;55.2
44;2021-08-05;11523;7520;952989;800808;66.3;55.7
44;2021-08-06;9647;8201;962636;809009;67.0;56.3
44;2021-08-07;4562;3702;967198;812711;67.3;56.6
44;2021-08-08;2538;1728;969736;814439;67.5;56.7
44;2021-08-09;8877;7976;978613;822415;68.1;57.2
44;2021-08-10;10242;7619;988855;830034;68.8;57.8
44;2021-08-11;10377;6784;999232;836818;69.5;58.2
44;2021-08-12;10343;7346;1009575;844164;70.2;58.7
44;2021-08-13;8387;6156;1017962;850320;70.8;59.2
44;2021-08-14;3218;3224;1021180;853544;71.1;59.4
44;2021-08-15;714;930;1021894;854474;71.1;59.5
44;2021-08-16;5838;8301;1027732;862775;71.5;60.0
44;2021-08-17;5584;8179;1033316;870954;71.9;60.6
44;2021-08-18;4799;7615;1038115;878569;72.2;61.1
44;2021-08-19;4935;8347;1043050;886916;72.6;61.7
44;2021-08-20;4476;8922;1047526;895838;72.9;62.3
44;2021-08-21;1943;4613;1049469;900451;73.0;62.7
44;2021-08-22;697;2440;1050166;902891;73.1;62.8
44;2021-08-23;3641;9427;1053807;912318;73.3;63.5
44;2021-08-24;3620;8699;1057427;921017;73.6;64.1
44;2021-08-25;3130;8585;1060557;929602;73.8;64.7
44;2021-08-26;2929;10338;1063486;939940;74.0;65.4
44;2021-08-27;3061;10454;1066547;950394;74.2;66.1
44;2021-08-28;1367;5853;1067914;956247;74.3;66.5
44;2021-08-29;561;2706;1068475;958953;74.3;66.7
44;2021-08-30;2651;10963;1071126;969916;74.5;67.5
44;2021-08-31;2804;11217;1073930;981133;74.7;68.3
44;2021-09-01;2663;9927;1076593;991060;74.9;69.0
44;2021-09-02;2247;8745;1078840;999805;75.1;69.6
44;2021-09-03;2117;10197;1080957;1010002;75.2;70.3
44;2021-09-04;1446;6020;1082403;1016022;75.3;70.7
44;2021-09-05;436;1435;1082839;1017457;75.3;70.8
44;2021-09-06;1613;6615;1084452;1024072;75.5;71.3
44;2021-09-07;1465;5770;1085917;1029842;75.6;71.7
45;2020-12-27;0;0;0;0;0.0;0.0
45;2020-12-28;1;0;1;0;0.0;0.0
45;2020-12-29;0;0;1;0;0.0;0.0
45;2020-12-30;0;0;1;0;0.0;0.0
45;2020-12-31;1;0;2;0;0.0;0.0
45;2021-01-01;0;0;2;0;0.0;0.0
45;2021-01-02;0;0;2;0;0.0;0.0
45;2021-01-03;0;0;2;0;0.0;0.0
45;2021-01-04;0;0;2;0;0.0;0.0
45;2021-01-05;76;0;78;0;0.0;0.0
45;2021-01-06;68;0;146;0;0.0;0.0
45;2021-01-07;207;0;353;0;0.1;0.0
45;2021-01-08;199;1;552;1;0.1;0.0
45;2021-01-09;42;0;594;1;0.1;0.0
45;2021-01-10;23;0;617;1;0.1;0.0
45;2021-01-11;254;0;871;1;0.1;0.0
45;2021-01-12;680;3;1551;4;0.2;0.0
45;2021-01-13;496;1;2047;5;0.3;0.0
45;2021-01-14;491;39;2538;44;0.4;0.0
45;2021-01-15;391;3;2929;47;0.4;0.0
45;2021-01-16;39;0;2968;47;0.4;0.0
45;2021-01-17;24;0;2992;47;0.4;0.0
45;2021-01-18;815;1;3807;48;0.6;0.0
45;2021-01-19;1197;5;5004;53;0.7;0.0
45;2021-01-20;2118;12;7122;65;1.0;0.0
45;2021-01-21;2523;6;9645;71;1.4;0.0
45;2021-01-22;1409;4;11054;75;1.6;0.0
45;2021-01-23;124;0;11178;75;1.6;0.0
45;2021-01-24;39;0;11217;75;1.6;0.0
45;2021-01-25;557;3;11774;78;1.7;0.0
45;2021-01-26;870;18;12644;96;1.9;0.0
45;2021-01-27;650;44;13294;140;1.9;0.0
45;2021-01-28;881;206;14175;346;2.1;0.1
45;2021-01-29;578;114;14753;460;2.2;0.1
45;2021-01-30;40;41;14793;501;2.2;0.1
45;2021-01-31;37;22;14830;523;2.2;0.1
45;2021-02-01;462;199;15292;722;2.2;0.1
45;2021-02-02;759;449;16051;1171;2.4;0.2
45;2021-02-03;773;459;16824;1630;2.5;0.2
45;2021-02-04;709;263;17533;1893;2.6;0.3
45;2021-02-05;418;149;17951;2042;2.6;0.3
45;2021-02-06;36;28;17987;2070;2.6;0.3
45;2021-02-07;7;29;17994;2099;2.6;0.3
45;2021-02-08;455;191;18449;2290;2.7;0.3
45;2021-02-09;1006;402;19455;2692;2.8;0.4
45;2021-02-10;1280;795;20735;3487;3.0;0.5
45;2021-02-11;1385;1514;22120;5001;3.2;0.7
45;2021-02-12;1052;1106;23172;6107;3.4;0.9
45;2021-02-13;85;155;23257;6262;3.4;0.9
45;2021-02-14;39;11;23296;6273;3.4;0.9
45;2021-02-15;523;515;23819;6788;3.5;1.0
45;2021-02-16;757;830;24576;7618;3.6;1.1
45;2021-02-17;642;910;25218;8528;3.7;1.2
45;2021-02-18;841;719;26059;9247;3.8;1.4
45;2021-02-19;827;702;26886;9949;3.9;1.5
45;2021-02-20;59;91;26945;10040;3.9;1.5
45;2021-02-21;17;42;26962;10082;3.9;1.5
45;2021-02-22;409;548;27371;10630;4.0;1.6
45;2021-02-23;816;655;28187;11285;4.1;1.7
45;2021-02-24;651;797;28838;12082;4.2;1.8
45;2021-02-25;962;670;29800;12752;4.4;1.9
45;2021-02-26;1044;593;30844;13345;4.5;2.0
45;2021-02-27;290;49;31134;13394;4.6;2.0
45;2021-02-28;28;5;31162;13399;4.6;2.0
45;2021-03-01;534;282;31696;13681;4.6;2.0
45;2021-03-02;671;643;32367;14324;4.7;2.1
45;2021-03-03;982;829;33349;15153;4.9;2.2
45;2021-03-04;1108;957;34457;16110;5.0;2.4
45;2021-03-05;1445;826;35902;16936;5.3;2.5
45;2021-03-06;2021;134;37923;17070;5.6;2.5
45;2021-03-07;143;56;38066;17126;5.6;2.5
45;2021-03-08;753;830;38819;17956;5.7;2.6
45;2021-03-09;1256;678;40075;18634;5.9;2.7
45;2021-03-10;1592;888;41667;19522;6.1;2.9
45;2021-03-11;1721;738;43388;20260;6.4;3.0
45;2021-03-12;2073;601;45461;20861;6.7;3.1
45;2021-03-13;988;47;46449;20908;6.8;3.1
45;2021-03-14;24;43;46473;20951;6.8;3.1
45;2021-03-15;810;588;47283;21539;6.9;3.2
45;2021-03-16;942;824;48225;22363;7.1;3.3
45;2021-03-17;1053;685;49278;23048;7.2;3.4
45;2021-03-18;998;582;50276;23630;7.4;3.5
45;2021-03-19;1619;429;51895;24059;7.6;3.5
45;2021-03-20;498;80;52393;24139;7.7;3.5
45;2021-03-21;20;35;52413;24174;7.7;3.5
45;2021-03-22;914;523;53327;24697;7.8;3.6
45;2021-03-23;1985;719;55312;25416;8.1;3.7
45;2021-03-24;1897;551;57209;25967;8.4;3.8
45;2021-03-25;2983;454;60192;26421;8.8;3.9
45;2021-03-26;3390;486;63582;26907;9.3;3.9
45;2021-03-27;1796;126;65378;27033;9.6;4.0
45;2021-03-28;89;40;65467;27073;9.6;4.0
45;2021-03-29;1531;539;66998;27612;9.8;4.0
45;2021-03-30;2785;781;69783;28393;10.2;4.2
45;2021-03-31;2134;580;71917;28973;10.5;4.2
45;2021-04-01;2973;566;74890;29539;11.0;4.3
45;2021-04-02;2827;511;77717;30050;11.4;4.4
45;2021-04-03;810;72;78527;30122;11.5;4.4
45;2021-04-04;113;33;78640;30155;11.5;4.4
45;2021-04-05;14;2;78654;30157;11.5;4.4
45;2021-04-06;1735;793;80389;30950;11.8;4.5
45;2021-04-07;1775;1115;82164;32065;12.0;4.7
45;2021-04-08;2772;1021;84936;33086;12.4;4.8
45;2021-04-09;3675;647;88611;33733;13.0;4.9
45;2021-04-10;2323;115;90934;33848;13.3;5.0
45;2021-04-11;153;24;91087;33872;13.3;5.0
45;2021-04-12;2608;669;93695;34541;13.7;5.1
45;2021-04-13;3849;1093;97544;35634;14.3;5.2
45;2021-04-14;2930;1222;100474;36856;14.7;5.4
45;2021-04-15;3519;1035;103993;37891;15.2;5.5
45;2021-04-16;3775;687;107768;38578;15.8;5.6
45;2021-04-17;1614;113;109382;38691;16.0;5.7
45;2021-04-18;200;41;109582;38732;16.0;5.7
45;2021-04-19;1938;947;111520;39679;16.3;5.8
45;2021-04-20;3075;1695;114595;41374;16.8;6.1
45;2021-04-21;2723;1305;117318;42679;17.2;6.2
45;2021-04-22;3422;1843;120740;44522;17.7;6.5
45;2021-04-23;3279;1786;124019;46308;18.2;6.8
45;2021-04-24;2023;869;126042;47177;18.5;6.9
45;2021-04-25;291;86;126333;47263;18.5;6.9
45;2021-04-26;2230;1162;128563;48425;18.8;7.1
45;2021-04-27;3353;2352;131916;50777;19.3;7.4
45;2021-04-28;2803;1945;134719;52722;19.7;7.7
45;2021-04-29;3854;2333;138573;55055;20.3;8.1
45;2021-04-30;4391;1801;142964;56856;20.9;8.3
45;2021-05-01;451;61;143415;56917;21.0;8.3
45;2021-05-02;627;122;144042;57039;21.1;8.4
45;2021-05-03;2821;991;146863;58030;21.5;8.5
45;2021-05-04;3160;2349;150023;60379;22.0;8.8
45;2021-05-05;2716;2163;152739;62542;22.4;9.2
45;2021-05-06;3330;2540;156069;65082;22.9;9.5
45;2021-05-07;2873;3185;158942;68267;23.3;10.0
45;2021-05-08;612;250;159554;68517;23.4;10.0
45;2021-05-09;1498;128;161052;68645;23.6;10.1
45;2021-05-10;4142;2974;165194;71619;24.2;10.5
45;2021-05-11;5030;2967;170224;74586;24.9;10.9
45;2021-05-12;6078;2778;176302;77364;25.8;11.3
45;2021-05-13;2450;598;178752;77962;26.2;11.4
45;2021-05-14;4968;1631;183720;79593;26.9;11.7
45;2021-05-15;4066;617;187786;80210;27.5;11.7
45;2021-05-16;289;33;188075;80243;27.5;11.8
45;2021-05-17;3360;1534;191435;81777;28.0;12.0
45;2021-05-18;5117;1681;196552;83458;28.8;12.2
45;2021-05-19;4495;2062;201047;85520;29.4;12.5
45;2021-05-20;5268;2139;206315;87659;30.2;12.8
45;2021-05-21;5143;2226;211458;89885;31.0;13.2
45;2021-05-22;3042;632;214500;90517;31.4;13.3
45;2021-05-23;15;94;214515;90611;31.4;13.3
45;2021-05-24;2827;213;217342;90824;31.8;13.3
45;2021-05-25;4961;3030;222303;93854;32.6;13.7
45;2021-05-26;5113;2338;227416;96192;33.3;14.1
45;2021-05-27;5310;3234;232726;99426;34.1;14.6
45;2021-05-28;5663;3594;238389;103020;34.9;15.1
45;2021-05-29;3671;1289;242060;104309;35.4;15.3
45;2021-05-30;33;182;242093;104491;35.5;15.3
45;2021-05-31;4330;2517;246423;107008;36.1;15.7
45;2021-06-01;6092;3003;252515;110011;37.0;16.1
45;2021-06-02;4945;3107;257460;113118;37.7;16.6
45;2021-06-03;5621;3203;263081;116321;38.5;17.0
45;2021-06-04;5896;3184;268977;119505;39.4;17.5
45;2021-06-05;2034;1337;271011;120842;39.7;17.7
45;2021-06-06;88;198;271099;121040;39.7;17.7
45;2021-06-07;4080;2722;275179;123762;40.3;18.1
45;2021-06-08;4643;4076;279822;127838;41.0;18.7
45;2021-06-09;4359;3342;284181;131180;41.6;19.2
45;2021-06-10;4649;2686;288830;133866;42.3;19.6
45;2021-06-11;4120;3668;292950;137534;42.9;20.1
45;2021-06-12;2440;1507;295390;139041;43.3;20.4
45;2021-06-13;21;424;295411;139465;43.3;20.4
45;2021-06-14;3140;4153;298551;143618;43.7;21.0
45;2021-06-15;3389;4326;301940;147944;44.2;21.7
45;2021-06-16;3904;3454;305844;151398;44.8;22.2
45;2021-06-17;3525;3537;309369;154935;45.3;22.7
45;2021-06-18;3800;5030;313169;159965;45.9;23.4
45;2021-06-19;2395;1761;315564;161726;46.2;23.7
45;2021-06-20;48;142;315612;161868;46.2;23.7
45;2021-06-21;2163;5850;317775;167718;46.5;24.6
45;2021-06-22;2419;6530;320194;174248;46.9;25.5
45;2021-06-23;2283;5600;322477;179848;47.2;26.3
45;2021-06-24;2136;3532;324613;183380;47.5;26.9
45;2021-06-25;2444;6450;327057;189830;47.9;27.8
45;2021-06-26;1947;3093;329004;192923;48.2;28.3
45;2021-06-27;53;138;329057;193061;48.2;28.3
45;2021-06-28;2078;4834;331135;197895;48.5;29.0
45;2021-06-29;2847;6816;333982;204711;48.9;30.0
45;2021-06-30;2887;5852;336869;210563;49.3;30.8
45;2021-07-01;2401;5039;339270;215602;49.7;31.6
45;2021-07-02;2369;6284;341639;221886;50.0;32.5
45;2021-07-03;755;2542;342394;224428;50.1;32.9
45;2021-07-04;6;12;342400;224440;50.1;32.9
45;2021-07-05;2140;4989;344540;229429;50.5;33.6
45;2021-07-06;2805;6780;347345;236209;50.9;34.6
45;2021-07-07;2449;6062;349794;242271;51.2;35.5
45;2021-07-08;2828;5382;352622;247653;51.6;36.3
45;2021-07-09;2148;6986;354770;254639;52.0;37.3
45;2021-07-10;1547;3863;356317;258502;52.2;37.9
45;2021-07-11;24;31;356341;258533;52.2;37.9
45;2021-07-12;1591;5998;357932;264531;52.4;38.7
45;2021-07-13;3026;8238;360958;272769;52.9;39.9
45;2021-07-14;1474;1519;362432;274288;53.1;40.2
45;2021-07-15;3733;7290;366165;281578;53.6;41.2
45;2021-07-16;3258;7442;369423;289020;54.1;42.3
45;2021-07-17;1285;2333;370708;291353;54.3;42.7
45;2021-07-18;15;19;370723;291372;54.3;42.7
45;2021-07-19;1868;5938;372591;297310;54.6;43.5
45;2021-07-20;4760;6905;377351;304215;55.3;44.5
45;2021-07-21;5177;5479;382528;309694;56.0;45.4
45;2021-07-22;6182;4905;388710;314599;56.9;46.1
45;2021-07-23;4259;5480;392969;320079;57.5;46.9
45;2021-07-24;1862;2823;394831;322902;57.8;47.3
45;2021-07-25;5;14;394836;322916;57.8;47.3
45;2021-07-26;2918;4980;397754;327896;58.2;48.0
45;2021-07-27;5467;5080;403221;332976;59.0;48.8
45;2021-07-28;4990;4174;408211;337150;59.8;49.4
45;2021-07-29;5281;3250;413492;340400;60.6;49.8
45;2021-07-30;4761;4710;418253;345110;61.2;50.5
45;2021-07-31;849;1949;419102;347059;61.4;50.8
45;2021-08-01;2;4;419104;347063;61.4;50.8
45;2021-08-02;3613;3246;422717;350309;61.9;51.3
45;2021-08-03;4874;3010;427591;353319;62.6;51.7
45;2021-08-04;3740;2232;431331;355551;63.2;52.1
45;2021-08-05;3311;2637;434642;358188;63.6;52.5
45;2021-08-06;3750;3263;438392;361451;64.2;52.9
45;2021-08-07;1682;1048;440074;362499;64.4;53.1
45;2021-08-08;7;18;440081;362517;64.4;53.1
45;2021-08-09;2595;3014;442676;365531;64.8;53.5
45;2021-08-10;3506;3803;446182;369334;65.3;54.1
45;2021-08-11;2701;3722;448883;373056;65.7;54.6
45;2021-08-12;2094;3437;450977;376493;66.0;55.1
45;2021-08-13;1742;4224;452719;380717;66.3;55.8
45;2021-08-14;680;956;453399;381673;66.4;55.9
45;2021-08-15;58;31;453457;381704;66.4;55.9
45;2021-08-16;1154;2315;454611;384019;66.6;56.2
45;2021-08-17;1855;3449;456466;387468;66.8;56.7
45;2021-08-18;1774;4052;458240;391520;67.1;57.3
45;2021-08-19;1434;4274;459674;395794;67.3;58.0
45;2021-08-20;1417;3682;461091;399476;67.5;58.5
45;2021-08-21;900;1151;461991;400627;67.7;58.7
45;2021-08-22;4;8;461995;400635;67.7;58.7
45;2021-08-23;1324;4240;463319;404875;67.8;59.3
45;2021-08-24;1730;4516;465049;409391;68.1;59.9
45;2021-08-25;1577;3723;466626;413114;68.3;60.5
45;2021-08-26;1003;3448;467629;416562;68.5;61.0
45;2021-08-27;1384;4978;469013;421540;68.7;61.7
45;2021-08-28;877;2026;469890;423566;68.8;62.0
45;2021-08-29;100;38;469990;423604;68.8;62.0
45;2021-08-30;1214;4111;471204;427715;69.0;62.6
45;2021-08-31;1075;4507;472279;432222;69.2;63.3
45;2021-09-01;1090;3546;473369;435768;69.3;63.8
45;2021-09-02;919;3353;474288;439121;69.5;64.3
45;2021-09-03;1084;3841;475372;442962;69.6;64.9
45;2021-09-04;491;1306;475863;444268;69.7;65.1
45;2021-09-05;1;17;475864;444285;69.7;65.1
45;2021-09-06;873;2820;476737;447105;69.8;65.5
45;2021-09-07;699;2223;477436;449328;69.9;65.8
46;2020-12-27;4;0;4;0;0.0;0.0
46;2020-12-28;0;0;4;0;0.0;0.0
46;2020-12-29;0;0;4;0;0.0;0.0
46;2020-12-30;0;0;4;0;0.0;0.0
46;2020-12-31;0;0;4;0;0.0;0.0
46;2021-01-01;0;0;4;0;0.0;0.0
46;2021-01-02;0;0;4;0;0.0;0.0
46;2021-01-03;1;0;5;0;0.0;0.0
46;2021-01-04;0;0;5;0;0.0;0.0
46;2021-01-05;0;0;5;0;0.0;0.0
46;2021-01-06;3;0;8;0;0.0;0.0
46;2021-01-07;136;0;144;0;0.1;0.0
46;2021-01-08;181;0;325;0;0.2;0.0
46;2021-01-09;1;0;326;0;0.2;0.0
46;2021-01-10;2;0;328;0;0.2;0.0
46;2021-01-11;118;0;446;0;0.3;0.0
46;2021-01-12;140;0;586;0;0.3;0.0
46;2021-01-13;235;0;821;0;0.5;0.0
46;2021-01-14;241;2;1062;2;0.6;0.0
46;2021-01-15;306;2;1368;4;0.8;0.0
46;2021-01-16;18;0;1386;4;0.8;0.0
46;2021-01-17;0;0;1386;4;0.8;0.0
46;2021-01-18;275;2;1661;6;1.0;0.0
46;2021-01-19;390;0;2051;6;1.2;0.0
46;2021-01-20;937;2;2988;8;1.7;0.0
46;2021-01-21;997;0;3985;8;2.3;0.0
46;2021-01-22;390;2;4375;10;2.5;0.0
46;2021-01-23;0;0;4375;10;2.5;0.0
46;2021-01-24;0;0;4375;10;2.5;0.0
46;2021-01-25;204;1;4579;11;2.6;0.0
46;2021-01-26;264;1;4843;12;2.8;0.0
46;2021-01-27;277;0;5120;12;3.0;0.0
46;2021-01-28;278;43;5398;55;3.1;0.0
46;2021-01-29;233;91;5631;146;3.3;0.1
46;2021-01-30;1;0;5632;146;3.3;0.1
46;2021-01-31;1;0;5633;146;3.3;0.1
46;2021-02-01;234;167;5867;313;3.4;0.2
46;2021-02-02;210;228;6077;541;3.5;0.3
46;2021-02-03;227;93;6304;634;3.6;0.4
46;2021-02-04;372;76;6676;710;3.9;0.4
46;2021-02-05;226;168;6902;878;4.0;0.5
46;2021-02-06;9;0;6911;878;4.0;0.5
46;2021-02-07;43;0;6954;878;4.0;0.5
46;2021-02-08;197;141;7151;1019;4.1;0.6
46;2021-02-09;271;215;7422;1234;4.3;0.7
46;2021-02-10;280;526;7702;1760;4.4;1.0
46;2021-02-11;655;551;8357;2311;4.8;1.3
46;2021-02-12;322;333;8679;2644;5.0;1.5
46;2021-02-13;2;0;8681;2644;5.0;1.5
46;2021-02-14;0;62;8681;2706;5.0;1.6
46;2021-02-15;195;268;8876;2974;5.1;1.7
46;2021-02-16;218;257;9094;3231;5.3;1.9
46;2021-02-17;200;310;9294;3541;5.4;2.0
46;2021-02-18;336;256;9630;3797;5.6;2.2
46;2021-02-19;277;226;9907;4023;5.7;2.3
46;2021-02-20;0;0;9907;4023;5.7;2.3
46;2021-02-21;1;0;9908;4023;5.7;2.3
46;2021-02-22;131;172;10039;4195;5.8;2.4
46;2021-02-23;225;146;10264;4341;5.9;2.5
46;2021-02-24;179;298;10443;4639;6.0;2.7
46;2021-02-25;248;320;10691;4959;6.2;2.9
46;2021-02-26;401;331;11092;5290;6.4;3.1
46;2021-02-27;120;1;11212;5291;6.5;3.1
46;2021-02-28;0;3;11212;5294;6.5;3.1
46;2021-03-01;169;169;11381;5463;6.6;3.2
46;2021-03-02;406;217;11787;5680;6.8;3.3
46;2021-03-03;458;325;12245;6005;7.1;3.5
46;2021-03-04;607;436;12852;6441;7.4;3.7
46;2021-03-05;809;356;13661;6797;7.9;3.9
46;2021-03-06;476;17;14137;6814;8.2;3.9
46;2021-03-07;101;19;14238;6833;8.2;3.9
46;2021-03-08;349;239;14587;7072;8.4;4.1
46;2021-03-09;746;269;15333;7341;8.9;4.2
46;2021-03-10;685;247;16018;7588;9.3;4.4
46;2021-03-11;851;255;16869;7843;9.7;4.5
46;2021-03-12;927;222;17796;8065;10.3;4.7
46;2021-03-13;512;3;18308;8068;10.6;4.7
46;2021-03-14;0;0;18308;8068;10.6;4.7
46;2021-03-15;505;162;18813;8230;10.9;4.8
46;2021-03-16;752;175;19565;8405;11.3;4.9
46;2021-03-17;673;200;20238;8605;11.7;5.0
46;2021-03-18;758;211;20996;8816;12.1;5.1
46;2021-03-19;810;149;21806;8965;12.6;5.2
46;2021-03-20;292;3;22098;8968;12.8;5.2
46;2021-03-21;2;0;22100;8968;12.8;5.2
46;2021-03-22;555;240;22655;9208;13.1;5.3
46;2021-03-23;702;211;23357;9419;13.5;5.4
46;2021-03-24;674;237;24031;9656;13.9;5.6
46;2021-03-25;1135;180;25166;9836;14.5;5.7
46;2021-03-26;1025;340;26191;10176;15.1;5.9
46;2021-03-27;420;72;26611;10248;15.4;5.9
46;2021-03-28;127;1;26738;10249;15.4;5.9
46;2021-03-29;733;251;27471;10500;15.9;6.1
46;2021-03-30;767;364;28238;10864;16.3;6.3
46;2021-03-31;865;419;29103;11283;16.8;6.5
46;2021-04-01;1172;346;30275;11629;17.5;6.7
46;2021-04-02;924;396;31199;12025;18.0;6.9
46;2021-04-03;167;165;31366;12190;18.1;7.0
46;2021-04-04;0;71;31366;12261;18.1;7.1
46;2021-04-05;3;0;31369;12261;18.1;7.1
46;2021-04-06;545;518;31914;12779;18.4;7.4
46;2021-04-07;785;645;32699;13424;18.9;7.8
46;2021-04-08;962;541;33661;13965;19.4;8.1
46;2021-04-09;1018;506;34679;14471;20.0;8.4
46;2021-04-10;506;208;35185;14679;20.3;8.5
46;2021-04-11;232;1;35417;14680;20.5;8.5
46;2021-04-12;845;547;36262;15227;20.9;8.8
46;2021-04-13;1187;719;37449;15946;21.6;9.2
46;2021-04-14;1533;614;38982;16560;22.5;9.6
46;2021-04-15;1502;663;40484;17223;23.4;9.9
46;2021-04-16;1585;567;42069;17790;24.3;10.3
46;2021-04-17;994;135;43063;17925;24.9;10.4
46;2021-04-18;517;9;43580;17934;25.2;10.4
46;2021-04-19;1070;572;44650;18506;25.8;10.7
46;2021-04-20;1229;728;45879;19234;26.5;11.1
46;2021-04-21;1230;713;47109;19947;27.2;11.5
46;2021-04-22;1391;729;48500;20676;28.0;11.9
46;2021-04-23;1132;731;49632;21407;28.7;12.4
46;2021-04-24;472;19;50104;21426;28.9;12.4
46;2021-04-25;351;11;50455;21437;29.1;12.4
46;2021-04-26;852;730;51307;22167;29.6;12.8
46;2021-04-27;1221;664;52528;22831;30.3;13.2
46;2021-04-28;1289;668;53817;23499;31.1;13.6
46;2021-04-29;1416;523;55233;24022;31.9;13.9
46;2021-04-30;1438;563;56671;24585;32.7;14.2
46;2021-05-01;697;72;57368;24657;33.1;14.2
46;2021-05-02;346;4;57714;24661;33.3;14.2
46;2021-05-03;853;569;58567;25230;33.8;14.6
46;2021-05-04;1037;1063;59604;26293;34.4;15.2
46;2021-05-05;1374;789;60978;27082;35.2;15.6
46;2021-05-06;1376;742;62354;27824;36.0;16.1
46;2021-05-07;1398;792;63752;28616;36.8;16.5
46;2021-05-08;280;409;64032;29025;37.0;16.8
46;2021-05-09;23;225;64055;29250;37.0;16.9
46;2021-05-10;517;1137;64572;30387;37.3;17.5
46;2021-05-11;1034;1255;65606;31642;37.9;18.3
46;2021-05-12;993;1559;66599;33201;38.5;19.2
46;2021-05-13;600;144;67199;33345;38.8;19.3
46;2021-05-14;959;1097;68158;34442;39.4;19.9
46;2021-05-15;254;654;68412;35096;39.5;20.3
46;2021-05-16;77;297;68489;35393;39.6;20.4
46;2021-05-17;653;961;69142;36354;39.9;21.0
46;2021-05-18;1404;1024;70546;37378;40.7;21.6
46;2021-05-19;1306;904;71852;38282;41.5;22.1
46;2021-05-20;1453;810;73305;39092;42.3;22.6
46;2021-05-21;997;1158;74302;40250;42.9;23.2
46;2021-05-22;147;369;74449;40619;43.0;23.5
46;2021-05-23;451;25;74900;40644;43.3;23.5
46;2021-05-24;411;113;75311;40757;43.5;23.5
46;2021-05-25;961;1332;76272;42089;44.0;24.3
46;2021-05-26;1238;1149;77510;43238;44.8;25.0
46;2021-05-27;1432;1193;78942;44431;45.6;25.7
46;2021-05-28;1428;1211;80370;45642;46.4;26.4
46;2021-05-29;1052;399;81422;46041;47.0;26.6
46;2021-05-30;409;40;81831;46081;47.3;26.6
46;2021-05-31;970;976;82801;47057;47.8;27.2
46;2021-06-01;1277;998;84078;48055;48.6;27.8
46;2021-06-02;1321;1117;85399;49172;49.3;28.4
46;2021-06-03;1418;1011;86817;50183;50.1;29.0
46;2021-06-04;1332;978;88149;51161;50.9;29.5
46;2021-06-05;381;414;88530;51575;51.1;29.8
46;2021-06-06;209;96;88739;51671;51.2;29.8
46;2021-06-07;814;617;89553;52288;51.7;30.2
46;2021-06-08;1020;896;90573;53184;52.3;30.7
46;2021-06-09;1504;974;92077;54158;53.2;31.3
46;2021-06-10;982;852;93059;55010;53.7;31.8
46;2021-06-11;970;1322;94029;56332;54.3;32.5
46;2021-06-12;459;547;94488;56879;54.6;32.8
46;2021-06-13;27;86;94515;56965;54.6;32.9
46;2021-06-14;593;1137;95108;58102;54.9;33.6
46;2021-06-15;751;1247;95859;59349;55.4;34.3
46;2021-06-16;1001;1112;96860;60461;55.9;34.9
46;2021-06-17;527;895;97387;61356;56.2;35.4
46;2021-06-18;658;1255;98045;62611;56.6;36.2
46;2021-06-19;457;313;98502;62924;56.9;36.3
46;2021-06-20;39;161;98541;63085;56.9;36.4
46;2021-06-21;429;946;98970;64031;57.2;37.0
46;2021-06-22;350;1178;99320;65209;57.4;37.7
46;2021-06-23;520;1075;99840;66284;57.7;38.3
46;2021-06-24;251;821;100091;67105;57.8;38.8
46;2021-06-25;491;1118;100582;68223;58.1;39.4
46;2021-06-26;397;553;100979;68776;58.3;39.7
46;2021-06-27;3;4;100982;68780;58.3;39.7
46;2021-06-28;315;1338;101297;70118;58.5;40.5
46;2021-06-29;376;1682;101673;71800;58.7;41.5
46;2021-06-30;512;1578;102185;73378;59.0;42.4
46;2021-07-01;486;1153;102671;74531;59.3;43.0
46;2021-07-02;469;1086;103140;75617;59.6;43.7
46;2021-07-03;124;455;103264;76072;59.6;43.9
46;2021-07-04;57;127;103321;76199;59.7;44.0
46;2021-07-05;347;1188;103668;77387;59.9;44.7
46;2021-07-06;448;1458;104116;78845;60.1;45.5
46;2021-07-07;583;1727;104699;80572;60.5;46.5
46;2021-07-08;339;1165;105038;81737;60.7;47.2
46;2021-07-09;395;1707;105433;83444;60.9;48.2
46;2021-07-10;285;1040;105718;84484;61.1;48.8
46;2021-07-11;15;375;105733;84859;61.1;49.0
46;2021-07-12;248;1261;105981;86120;61.2;49.7
46;2021-07-13;626;1671;106607;87791;61.6;50.7
46;2021-07-14;73;144;106680;87935;61.6;50.8
46;2021-07-15;917;1466;107597;89401;62.1;51.6
46;2021-07-16;766;1395;108363;90796;62.6;52.4
46;2021-07-17;363;539;108726;91335;62.8;52.7
46;2021-07-18;2;0;108728;91335;62.8;52.7
46;2021-07-19;730;1189;109458;92524;63.2;53.4
46;2021-07-20;983;1436;110441;93960;63.8;54.3
46;2021-07-21;1002;1379;111443;95339;64.4;55.1
46;2021-07-22;1404;1117;112847;96456;65.2;55.7
46;2021-07-23;768;1322;113615;97778;65.6;56.5
46;2021-07-24;957;661;114572;98439;66.2;56.8
46;2021-07-25;136;17;114708;98456;66.2;56.9
46;2021-07-26;881;879;115589;99335;66.8;57.4
46;2021-07-27;1220;978;116809;100313;67.5;57.9
46;2021-07-28;1284;1113;118093;101426;68.2;58.6
46;2021-07-29;1580;849;119673;102275;69.1;59.1
46;2021-07-30;1931;957;121604;103232;70.2;59.6
46;2021-07-31;954;659;122558;103891;70.8;60.0
46;2021-08-01;12;3;122570;103894;70.8;60.0
46;2021-08-02;974;591;123544;104485;71.3;60.3
46;2021-08-03;1362;678;124906;105163;72.1;60.7
46;2021-08-04;1738;608;126644;105771;73.1;61.1
46;2021-08-05;1383;847;128027;106618;73.9;61.6
46;2021-08-06;1421;846;129448;107464;74.8;62.1
46;2021-08-07;707;542;130155;108006;75.2;62.4
46;2021-08-08;142;66;130297;108072;75.2;62.4
46;2021-08-09;1016;695;131313;108767;75.8;62.8
46;2021-08-10;1201;893;132514;109660;76.5;63.3
46;2021-08-11;1260;1068;133774;110728;77.3;63.9
46;2021-08-12;989;799;134763;111527;77.8;64.4
46;2021-08-13;950;1003;135713;112530;78.4;65.0
46;2021-08-14;584;776;136297;113306;78.7;65.4
46;2021-08-15;8;27;136305;113333;78.7;65.4
46;2021-08-16;794;807;137099;114140;79.2;65.9
46;2021-08-17;884;1288;137983;115428;79.7;66.7
46;2021-08-18;769;1050;138752;116478;80.1;67.3
46;2021-08-19;668;1361;139420;117839;80.5;68.0
46;2021-08-20;520;1553;139940;119392;80.8;68.9
46;2021-08-21;375;649;140315;120041;81.0;69.3
46;2021-08-22;2;31;140317;120072;81.0;69.3
46;2021-08-23;418;1205;140735;121277;81.3;70.0
46;2021-08-24;550;1337;141285;122614;81.6;70.8
46;2021-08-25;525;1398;141810;124012;81.9;71.6
46;2021-08-26;381;1096;142191;125108;82.1;72.2
46;2021-08-27;433;1912;142624;127020;82.4;73.4
46;2021-08-28;270;650;142894;127670;82.5;73.7
46;2021-08-29;5;11;142899;127681;82.5;73.7
46;2021-08-30;284;1133;143183;128814;82.7;74.4
46;2021-08-31;332;1278;143515;130092;82.9;75.1
46;2021-09-01;394;1146;143909;131238;83.1;75.8
46;2021-09-02;267;1018;144176;132256;83.3;76.4
46;2021-09-03;322;1293;144498;133549;83.4;77.1
46;2021-09-04;188;663;144686;134212;83.6;77.5
46;2021-09-05;8;16;144694;134228;83.6;77.5
46;2021-09-06;216;756;144910;134984;83.7;78.0
46;2021-09-07;251;815;145161;135799;83.8;78.4
47;2020-12-27;0;0;0;0;0.0;0.0
47;2020-12-28;0;0;0;0;0.0;0.0
47;2020-12-29;0;0;0;0;0.0;0.0
47;2020-12-30;0;0;0;0;0.0;0.0
47;2020-12-31;0;0;0;0;0.0;0.0
47;2021-01-01;4;0;4;0;0.0;0.0
47;2021-01-02;0;0;4;0;0.0;0.0
47;2021-01-03;0;0;4;0;0.0;0.0
47;2021-01-04;0;0;4;0;0.0;0.0
47;2021-01-05;0;0;4;0;0.0;0.0
47;2021-01-06;0;0;4;0;0.0;0.0
47;2021-01-07;71;0;75;0;0.0;0.0
47;2021-01-08;314;0;389;0;0.1;0.0
47;2021-01-09;113;0;502;0;0.2;0.0
47;2021-01-10;0;0;502;0;0.2;0.0
47;2021-01-11;249;1;751;1;0.2;0.0
47;2021-01-12;327;0;1078;1;0.3;0.0
47;2021-01-13;349;0;1427;1;0.4;0.0
47;2021-01-14;364;4;1791;5;0.5;0.0
47;2021-01-15;287;1;2078;6;0.6;0.0
47;2021-01-16;176;3;2254;9;0.7;0.0
47;2021-01-17;0;0;2254;9;0.7;0.0
47;2021-01-18;486;1;2740;10;0.8;0.0
47;2021-01-19;469;2;3209;12;1.0;0.0
47;2021-01-20;515;0;3724;12;1.1;0.0
47;2021-01-21;585;0;4309;12;1.3;0.0
47;2021-01-22;470;0;4779;12;1.4;0.0
47;2021-01-23;390;0;5169;12;1.6;0.0
47;2021-01-24;0;0;5169;12;1.6;0.0
47;2021-01-25;426;0;5595;12;1.7;0.0
47;2021-01-26;791;4;6386;16;1.9;0.0
47;2021-01-27;732;0;7118;16;2.2;0.0
47;2021-01-28;575;62;7693;78;2.3;0.0
47;2021-01-29;461;168;8154;246;2.5;0.1
47;2021-01-30;302;37;8456;283;2.6;0.1
47;2021-01-31;0;0;8456;283;2.6;0.1
47;2021-02-01;373;115;8829;398;2.7;0.1
47;2021-02-02;759;310;9588;708;2.9;0.2
47;2021-02-03;425;154;10013;862;3.0;0.3
47;2021-02-04;370;312;10383;1174;3.1;0.4
47;2021-02-05;300;304;10683;1478;3.2;0.4
47;2021-02-06;297;90;10980;1568;3.3;0.5
47;2021-02-07;0;0;10980;1568;3.3;0.5
47;2021-02-08;183;248;11163;1816;3.4;0.5
47;2021-02-09;231;229;11394;2045;3.4;0.6
47;2021-02-10;254;230;11648;2275;3.5;0.7
47;2021-02-11;356;356;12004;2631;3.6;0.8
47;2021-02-12;243;386;12247;3017;3.7;0.9
47;2021-02-13;226;103;12473;3120;3.8;0.9
47;2021-02-14;0;0;12473;3120;3.8;0.9
47;2021-02-15;194;342;12667;3462;3.8;1.0
47;2021-02-16;303;563;12970;4025;3.9;1.2
47;2021-02-17;326;427;13296;4452;4.0;1.3
47;2021-02-18;200;549;13496;5001;4.1;1.5
47;2021-02-19;193;343;13689;5344;4.1;1.6
47;2021-02-20;117;248;13806;5592;4.2;1.7
47;2021-02-21;0;0;13806;5592;4.2;1.7
47;2021-02-22;75;368;13881;5960;4.2;1.8
47;2021-02-23;149;624;14030;6584;4.2;2.0
47;2021-02-24;261;543;14291;7127;4.3;2.2
47;2021-02-25;304;391;14595;7518;4.4;2.3
47;2021-02-26;468;305;15063;7823;4.6;2.4
47;2021-02-27;324;195;15387;8018;4.7;2.4
47;2021-02-28;0;0;15387;8018;4.7;2.4
47;2021-03-01;124;386;15511;8404;4.7;2.5
47;2021-03-02;200;348;15711;8752;4.8;2.6
47;2021-03-03;244;327;15955;9079;4.8;2.7
47;2021-03-04;593;325;16548;9404;5.0;2.8
47;2021-03-05;844;276;17392;9680;5.3;2.9
47;2021-03-06;507;180;17899;9860;5.4;3.0
47;2021-03-07;331;6;18230;9866;5.5;3.0
47;2021-03-08;458;221;18688;10087;5.7;3.1
47;2021-03-09;508;488;19196;10575;5.8;3.2
47;2021-03-10;666;298;19862;10873;6.0;3.3
47;2021-03-11;938;377;20800;11250;6.3;3.4
47;2021-03-12;1374;298;22174;11548;6.7;3.5
47;2021-03-13;950;110;23124;11658;7.0;3.5
47;2021-03-14;51;0;23175;11658;7.0;3.5
47;2021-03-15;592;163;23767;11821;7.2;3.6
47;2021-03-16;750;177;24517;11998;7.4;3.6
47;2021-03-17;860;210;25377;12208;7.7;3.7
47;2021-03-18;917;178;26294;12386;8.0;3.7
47;2021-03-19;1272;129;27566;12515;8.3;3.8
47;2021-03-20;1088;59;28654;12574;8.7;3.8
47;2021-03-21;344;1;28998;12575;8.8;3.8
47;2021-03-22;1012;95;30010;12670;9.1;3.8
47;2021-03-23;1146;146;31156;12816;9.4;3.9
47;2021-03-24;1212;130;32368;12946;9.8;3.9
47;2021-03-25;1566;151;33934;13097;10.3;4.0
47;2021-03-26;1882;199;35816;13296;10.8;4.0
47;2021-03-27;980;130;36796;13426;11.1;4.1
47;2021-03-28;700;5;37496;13431;11.4;4.1
47;2021-03-29;1512;80;39008;13511;11.8;4.1
47;2021-03-30;1644;127;40652;13638;12.3;4.1
47;2021-03-31;1605;153;42257;13791;12.8;4.2
47;2021-04-01;1682;269;43939;14060;13.3;4.3
47;2021-04-02;1934;455;45873;14515;13.9;4.4
47;2021-04-03;1202;183;47075;14698;14.3;4.4
47;2021-04-04;475;13;47550;14711;14.4;4.5
47;2021-04-05;1296;58;48846;14769;14.8;4.5
47;2021-04-06;1386;389;50232;15158;15.2;4.6
47;2021-04-07;1697;592;51929;15750;15.7;4.8
47;2021-04-08;1834;478;53763;16228;16.3;4.9
47;2021-04-09;2084;544;55847;16772;16.9;5.1
47;2021-04-10;1564;326;57411;17098;17.4;5.2
47;2021-04-11;530;9;57941;17107;17.5;5.2
47;2021-04-12;1438;613;59379;17720;18.0;5.4
47;2021-04-13;1816;763;61195;18483;18.5;5.6
47;2021-04-14;1749;720;62944;19203;19.1;5.8
47;2021-04-15;2012;844;64956;20047;19.7;6.1
47;2021-04-16;1767;891;66723;20938;20.2;6.3
47;2021-04-17;1472;969;68195;21907;20.6;6.6
47;2021-04-18;23;0;68218;21907;20.7;6.6
47;2021-04-19;1331;933;69549;22840;21.1;6.9
47;2021-04-20;1626;909;71175;23749;21.5;7.2
47;2021-04-21;1626;774;72801;24523;22.0;7.4
47;2021-04-22;1872;1058;74673;25581;22.6;7.7
47;2021-04-23;1726;1071;76399;26652;23.1;8.1
47;2021-04-24;1549;802;77948;27454;23.6;8.3
47;2021-04-25;242;345;78190;27799;23.7;8.4
47;2021-04-26;1488;1360;79678;29159;24.1;8.8
47;2021-04-27;1922;1468;81600;30627;24.7;9.3
47;2021-04-28;2090;1590;83690;32217;25.3;9.8
47;2021-04-29;2533;1506;86223;33723;26.1;10.2
47;2021-04-30;2044;1781;88267;35504;26.7;10.7
47;2021-05-01;2263;985;90530;36489;27.4;11.0
47;2021-05-02;21;357;90551;36846;27.4;11.2
47;2021-05-03;1596;1419;92147;38265;27.9;11.6
47;2021-05-04;1647;1731;93794;39996;28.4;12.1
47;2021-05-05;1927;1641;95721;41637;29.0;12.6
47;2021-05-06;2106;1508;97827;43145;29.6;13.1
47;2021-05-07;2001;1623;99828;44768;30.2;13.6
47;2021-05-08;2098;464;101926;45232;30.9;13.7
47;2021-05-09;24;359;101950;45591;30.9;13.8
47;2021-05-10;1202;1670;103152;47261;31.2;14.3
47;2021-05-11;2173;1986;105325;49247;31.9;14.9
47;2021-05-12;2626;1447;107951;50694;32.7;15.3
47;2021-05-13;2381;657;110332;51351;33.4;15.5
47;2021-05-14;2062;859;112394;52210;34.0;15.8
47;2021-05-15;1935;863;114329;53073;34.6;16.1
47;2021-05-16;367;9;114696;53082;34.7;16.1
47;2021-05-17;1885;1123;116581;54205;35.3;16.4
47;2021-05-18;2358;1140;118939;55345;36.0;16.8
47;2021-05-19;2345;760;121284;56105;36.7;17.0
47;2021-05-20;2589;967;123873;57072;37.5;17.3
47;2021-05-21;1538;1135;125411;58207;38.0;17.6
47;2021-05-22;2369;838;127780;59045;38.7;17.9
47;2021-05-23;25;186;127805;59231;38.7;17.9
47;2021-05-24;1549;237;129354;59468;39.2;18.0
47;2021-05-25;1485;1320;130839;60788;39.6;18.4
47;2021-05-26;1599;1090;132438;61878;40.1;18.7
47;2021-05-27;1942;1270;134380;63148;40.7;19.1
47;2021-05-28;1458;1536;135838;64684;41.1;19.6
47;2021-05-29;1153;1126;136991;65810;41.5;19.9
47;2021-05-30;12;45;137003;65855;41.5;19.9
47;2021-05-31;1868;1417;138871;67272;42.0;20.4
47;2021-06-01;1922;1340;140793;68612;42.6;20.8
47;2021-06-02;2101;1333;142894;69945;43.3;21.2
47;2021-06-03;2486;1612;145380;71557;44.0;21.7
47;2021-06-04;1967;2116;147347;73673;44.6;22.3
47;2021-06-05;1640;1475;148987;75148;45.1;22.7
47;2021-06-06;212;70;149199;75218;45.2;22.8
47;2021-06-07;1661;2242;150860;77460;45.7;23.4
47;2021-06-08;1631;1903;152491;79363;46.2;24.0
47;2021-06-09;1824;2123;154315;81486;46.7;24.7
47;2021-06-10;2377;1621;156692;83107;47.4;25.2
47;2021-06-11;1827;2101;158519;85208;48.0;25.8
47;2021-06-12;1351;2102;159870;87310;48.4;26.4
47;2021-06-13;4;10;159874;87320;48.4;26.4
47;2021-06-14;1281;2442;161155;89762;48.8;27.2
47;2021-06-15;1465;2033;162620;91795;49.2;27.8
47;2021-06-16;1206;2183;163826;93978;49.6;28.4
47;2021-06-17;1656;1522;165482;95500;50.1;28.9
47;2021-06-18;1440;2497;166922;97997;50.5;29.7
47;2021-06-19;1540;2456;168462;100453;51.0;30.4
47;2021-06-20;5;33;168467;100486;51.0;30.4
47;2021-06-21;1136;2513;169603;102999;51.3;31.2
47;2021-06-22;760;2504;170363;105503;51.6;31.9
47;2021-06-23;999;2016;171362;107519;51.9;32.5
47;2021-06-24;1212;1936;172574;109455;52.2;33.1
47;2021-06-25;1006;2608;173580;112063;52.5;33.9
47;2021-06-26;988;2789;174568;114852;52.8;34.8
47;2021-06-27;16;349;174584;115201;52.9;34.9
47;2021-06-28;875;2407;175459;117608;53.1;35.6
47;2021-06-29;798;2316;176257;119924;53.4;36.3
47;2021-06-30;730;2305;176987;122229;53.6;37.0
47;2021-07-01;920;2108;177907;124337;53.9;37.6
47;2021-07-02;885;2275;178792;126612;54.1;38.3
47;2021-07-03;727;3044;179519;129656;54.3;39.2
47;2021-07-04;34;12;179553;129668;54.4;39.3
47;2021-07-05;980;2149;180533;131817;54.7;39.9
47;2021-07-06;1007;1957;181540;133774;55.0;40.5
47;2021-07-07;1301;2065;182841;135839;55.4;41.1
47;2021-07-08;1144;2194;183985;138033;55.7;41.8
47;2021-07-09;1049;2406;185034;140439;56.0;42.5
47;2021-07-10;952;2131;185986;142570;56.3;43.2
47;2021-07-11;1;6;185987;142576;56.3;43.2
47;2021-07-12;557;2582;186544;145158;56.5;43.9
47;2021-07-13;1094;2588;187638;147746;56.8;44.7
47;2021-07-14;1166;1577;188804;149323;57.2;45.2
47;2021-07-15;1717;3136;190521;152459;57.7;46.2
47;2021-07-16;1723;2680;192244;155139;58.2;47.0
47;2021-07-17;1202;2459;193446;157598;58.6;47.7
47;2021-07-18;36;188;193482;157786;58.6;47.8
47;2021-07-19;1115;2558;194597;160344;58.9;48.5
47;2021-07-20;1639;2342;196236;162686;59.4;49.2
47;2021-07-21;2191;2239;198427;164925;60.1;49.9
47;2021-07-22;2159;2299;200586;167224;60.7;50.6
47;2021-07-23;2124;2249;202710;169473;61.4;51.3
47;2021-07-24;1114;1912;203824;171385;61.7;51.9
47;2021-07-25;20;1;203844;171386;61.7;51.9
47;2021-07-26;1235;1945;205079;173331;62.1;52.5
47;2021-07-27;2121;1634;207200;174965;62.7;53.0
47;2021-07-28;1881;1607;209081;176572;63.3;53.5
47;2021-07-29;2325;1598;211406;178170;64.0;53.9
47;2021-07-30;1865;1626;213271;179796;64.6;54.4
47;2021-07-31;1484;1667;214755;181463;65.0;54.9
47;2021-08-01;18;8;214773;181471;65.0;54.9
47;2021-08-02;2057;1217;216830;182688;65.6;55.3
47;2021-08-03;2158;1104;218988;183792;66.3;55.6
47;2021-08-04;2192;1528;221180;185320;67.0;56.1
47;2021-08-05;2405;1447;223585;186767;67.7;56.5
47;2021-08-06;2002;1840;225587;188607;68.3;57.1
47;2021-08-07;1628;1418;227215;190025;68.8;57.5
47;2021-08-08;24;22;227239;190047;68.8;57.5
47;2021-08-09;1884;1208;229123;191255;69.4;57.9
47;2021-08-10;1921;1297;231044;192552;69.9;58.3
47;2021-08-11;1803;1402;232847;193954;70.5;58.7
47;2021-08-12;2053;1335;234900;195289;71.1;59.1
47;2021-08-13;1417;1668;236317;196957;71.5;59.6
47;2021-08-14;1350;1442;237667;198399;71.9;60.1
47;2021-08-15;11;18;237678;198417;72.0;60.1
47;2021-08-16;1435;1448;239113;199865;72.4;60.5
47;2021-08-17;1120;1696;240233;201561;72.7;61.0
47;2021-08-18;1167;1711;241400;203272;73.1;61.5
47;2021-08-19;1033;1812;242433;205084;73.4;62.1
47;2021-08-20;960;1707;243393;206791;73.7;62.6
47;2021-08-21;820;1273;244213;208064;73.9;63.0
47;2021-08-22;19;31;244232;208095;73.9;63.0
47;2021-08-23;607;1826;244839;209921;74.1;63.5
47;2021-08-24;811;1617;245650;211538;74.4;64.0
47;2021-08-25;804;1787;246454;213325;74.6;64.6
47;2021-08-26;730;2080;247184;215405;74.8;65.2
47;2021-08-27;698;1977;247882;217382;75.0;65.8
47;2021-08-28;549;1667;248431;219049;75.2;66.3
47;2021-08-29;2;16;248433;219065;75.2;66.3
47;2021-08-30;458;1925;248891;220990;75.3;66.9
47;2021-08-31;580;1817;249471;222807;75.5;67.4
47;2021-09-01;415;2020;249886;224827;75.6;68.1
47;2021-09-02;435;2017;250321;226844;75.8;68.7
47;2021-09-03;497;1952;250818;228796;75.9;69.3
47;2021-09-04;469;1819;251287;230615;76.1;69.8
47;2021-09-05;7;36;251294;230651;76.1;69.8
47;2021-09-06;338;1407;251632;232058;76.2;70.2
47;2021-09-07;470;1267;252102;233325;76.3;70.6
48;2020-12-27;0;0;0;0;0.0;0.0
48;2020-12-28;0;0;0;0;0.0;0.0
48;2020-12-29;0;0;0;0;0.0;0.0
48;2020-12-30;0;0;0;0;0.0;0.0
48;2020-12-31;0;0;0;0;0.0;0.0
48;2021-01-01;0;0;0;0;0.0;0.0
48;2021-01-02;0;0;0;0;0.0;0.0
48;2021-01-03;0;0;0;0;0.0;0.0
48;2021-01-04;0;0;0;0;0.0;0.0
48;2021-01-05;0;0;0;0;0.0;0.0
48;2021-01-06;0;0;0;0;0.0;0.0
48;2021-01-07;56;0;56;0;0.1;0.0
48;2021-01-08;88;0;144;0;0.2;0.0
48;2021-01-09;1;0;145;0;0.2;0.0
48;2021-01-10;0;0;145;0;0.2;0.0
48;2021-01-11;13;0;158;0;0.2;0.0
48;2021-01-12;19;1;177;1;0.2;0.0
48;2021-01-13;104;0;281;1;0.4;0.0
48;2021-01-14;90;1;371;2;0.5;0.0
48;2021-01-15;63;0;434;2;0.6;0.0
48;2021-01-16;0;0;434;2;0.6;0.0
48;2021-01-17;0;0;434;2;0.6;0.0
48;2021-01-18;117;0;551;2;0.7;0.0
48;2021-01-19;345;2;896;4;1.2;0.0
48;2021-01-20;364;0;1260;4;1.7;0.0
48;2021-01-21;465;1;1725;5;2.3;0.0
48;2021-01-22;269;0;1994;5;2.6;0.0
48;2021-01-23;36;0;2030;5;2.7;0.0
48;2021-01-24;0;0;2030;5;2.7;0.0
48;2021-01-25;109;2;2139;7;2.8;0.0
48;2021-01-26;261;0;2400;7;3.1;0.0
48;2021-01-27;257;1;2657;8;3.5;0.0
48;2021-01-28;271;10;2928;18;3.8;0.0
48;2021-01-29;175;60;3103;78;4.1;0.1
48;2021-01-30;1;7;3104;85;4.1;0.1
48;2021-01-31;0;6;3104;91;4.1;0.1
48;2021-02-01;98;45;3202;136;4.2;0.2
48;2021-02-02;191;34;3393;170;4.4;0.2
48;2021-02-03;177;82;3570;252;4.7;0.3
48;2021-02-04;234;13;3804;265;5.0;0.3
48;2021-02-05;144;34;3948;299;5.2;0.4
48;2021-02-06;34;1;3982;300;5.2;0.4
48;2021-02-07;0;0;3982;300;5.2;0.4
48;2021-02-08;50;59;4032;359;5.3;0.5
48;2021-02-09;66;166;4098;525;5.4;0.7
48;2021-02-10;65;299;4163;824;5.5;1.1
48;2021-02-11;165;407;4328;1231;5.7;1.6
48;2021-02-12;120;151;4448;1382;5.8;1.8
48;2021-02-13;8;55;4456;1437;5.8;1.9
48;2021-02-14;0;0;4456;1437;5.8;1.9
48;2021-02-15;51;97;4507;1534;5.9;2.0
48;2021-02-16;43;156;4550;1690;6.0;2.2
48;2021-02-17;35;279;4585;1969;6.0;2.6
48;2021-02-18;252;105;4837;2074;6.3;2.7
48;2021-02-19;60;176;4897;2250;6.4;2.9
48;2021-02-20;0;1;4897;2251;6.4;3.0
48;2021-02-21;0;14;4897;2265;6.4;3.0
48;2021-02-22;24;111;4921;2376;6.5;3.1
48;2021-02-23;74;215;4995;2591;6.5;3.4
48;2021-02-24;68;255;5063;2846;6.6;3.7
48;2021-02-25;148;258;5211;3104;6.8;4.1
48;2021-02-26;51;215;5262;3319;6.9;4.4
48;2021-02-27;28;1;5290;3320;6.9;4.4
48;2021-02-28;3;14;5293;3334;6.9;4.4
48;2021-03-01;102;93;5395;3427;7.1;4.5
48;2021-03-02;199;82;5594;3509;7.3;4.6
48;2021-03-03;155;101;5749;3610;7.5;4.7
48;2021-03-04;194;179;5943;3789;7.8;5.0
48;2021-03-05;136;139;6079;3928;8.0;5.1
48;2021-03-06;180;53;6259;3981;8.2;5.2
48;2021-03-07;75;2;6334;3983;8.3;5.2
48;2021-03-08;352;122;6686;4105;8.8;5.4
48;2021-03-09;377;97;7063;4202;9.3;5.5
48;2021-03-10;263;61;7326;4263;9.6;5.6
48;2021-03-11;334;90;7660;4353;10.0;5.7
48;2021-03-12;255;152;7915;4505;10.4;5.9
48;2021-03-13;301;5;8216;4510;10.8;5.9
48;2021-03-14;8;0;8224;4510;10.8;5.9
48;2021-03-15;174;64;8398;4574;11.0;6.0
48;2021-03-16;167;66;8565;4640;11.2;6.1
48;2021-03-17;156;110;8721;4750;11.4;6.2
48;2021-03-18;190;104;8911;4854;11.7;6.4
48;2021-03-19;116;96;9027;4950;11.8;6.5
48;2021-03-20;101;0;9128;4950;12.0;6.5
48;2021-03-21;0;0;9128;4950;12.0;6.5
48;2021-03-22;160;19;9288;4969;12.2;6.5
48;2021-03-23;329;103;9617;5072;12.6;6.6
48;2021-03-24;284;99;9901;5171;13.0;6.8
48;2021-03-25;757;120;10658;5291;14.0;6.9
48;2021-03-26;269;61;10927;5352;14.3;7.0
48;2021-03-27;104;1;11031;5353;14.5;7.0
48;2021-03-28;80;20;11111;5373;14.6;7.0
48;2021-03-29;305;79;11416;5452;15.0;7.1
48;2021-03-30;364;131;11780;5583;15.4;7.3
48;2021-03-31;448;86;12228;5669;16.0;7.4
48;2021-04-01;729;72;12957;5741;17.0;7.5
48;2021-04-02;487;132;13444;5873;17.6;7.7
48;2021-04-03;140;83;13584;5956;17.8;7.8
48;2021-04-04;0;0;13584;5956;17.8;7.8
48;2021-04-05;43;1;13627;5957;17.9;7.8
48;2021-04-06;465;160;14092;6117;18.5;8.0
48;2021-04-07;465;141;14557;6258;19.1;8.2
48;2021-04-08;620;188;15177;6446;19.9;8.4
48;2021-04-09;446;121;15623;6567;20.5;8.6
48;2021-04-10;95;60;15718;6627;20.6;8.7
48;2021-04-11;2;0;15720;6627;20.6;8.7
48;2021-04-12;364;71;16084;6698;21.1;8.8
48;2021-04-13;361;92;16445;6790;21.6;8.9
48;2021-04-14;624;187;17069;6977;22.4;9.1
48;2021-04-15;702;360;17771;7337;23.3;9.6
48;2021-04-16;538;226;18309;7563;24.0;9.9
48;2021-04-17;89;72;18398;7635;24.1;10.0
48;2021-04-18;0;0;18398;7635;24.1;10.0
48;2021-04-19;197;106;18595;7741;24.4;10.1
48;2021-04-20;216;181;18811;7922;24.7;10.4
48;2021-04-21;284;208;19095;8130;25.0;10.7
48;2021-04-22;307;482;19402;8612;25.4;11.3
48;2021-04-23;255;242;19657;8854;25.8;11.6
48;2021-04-24;97;94;19754;8948;25.9;11.7
48;2021-04-25;1;9;19755;8957;25.9;11.7
48;2021-04-26;87;211;19842;9168;26.0;12.0
48;2021-04-27;172;292;20014;9460;26.2;12.4
48;2021-04-28;149;415;20163;9875;26.4;12.9
48;2021-04-29;204;488;20367;10363;26.7;13.6
48;2021-04-30;172;224;20539;10587;26.9;13.9
48;2021-05-01;0;0;20539;10587;26.9;13.9
48;2021-05-02;0;0;20539;10587;26.9;13.9
48;2021-05-03;106;386;20645;10973;27.1;14.4
48;2021-05-04;227;421;20872;11394;27.4;14.9
48;2021-05-05;84;486;20956;11880;27.5;15.6
48;2021-05-06;774;640;21730;12520;28.5;16.4
48;2021-05-07;96;503;21826;13023;28.6;17.1
48;2021-05-08;309;43;22135;13066;29.0;17.1
48;2021-05-09;285;9;22420;13075;29.4;17.1
48;2021-05-10;55;325;22475;13400;29.5;17.6
48;2021-05-11;221;289;22696;13689;29.8;17.9
48;2021-05-12;249;313;22945;14002;30.1;18.4
48;2021-05-13;472;158;23417;14160;30.7;18.6
48;2021-05-14;244;222;23661;14382;31.0;18.9
48;2021-05-15;84;46;23745;14428;31.1;18.9
48;2021-05-16;1;8;23746;14436;31.1;18.9
48;2021-05-17;474;266;24220;14702;31.7;19.3
48;2021-05-18;263;229;24483;14931;32.1;19.6
48;2021-05-19;207;278;24690;15209;32.4;19.9
48;2021-05-20;318;256;25008;15465;32.8;20.3
48;2021-05-21;174;267;25182;15732;33.0;20.6
48;2021-05-22;25;50;25207;15782;33.0;20.7
48;2021-05-23;0;6;25207;15788;33.0;20.7
48;2021-05-24;0;14;25207;15802;33.0;20.7
48;2021-05-25;180;264;25387;16066;33.3;21.1
48;2021-05-26;416;298;25803;16364;33.8;21.5
48;2021-05-27;1179;379;26982;16743;35.4;21.9
48;2021-05-28;316;349;27298;17092;35.8;22.4
48;2021-05-29;79;50;27377;17142;35.9;22.5
48;2021-05-30;0;1;27377;17143;35.9;22.5
48;2021-05-31;625;263;28002;17406;36.7;22.8
48;2021-06-01;272;305;28274;17711;37.1;23.2
48;2021-06-02;407;425;28681;18136;37.6;23.8
48;2021-06-03;629;432;29310;18568;38.4;24.3
48;2021-06-04;291;282;29601;18850;38.8;24.7
48;2021-06-05;121;77;29722;18927;39.0;24.8
48;2021-06-06;1;1;29723;18928;39.0;24.8
48;2021-06-07;440;161;30163;19089;39.5;25.0
48;2021-06-08;615;309;30778;19398;40.3;25.4
48;2021-06-09;379;190;31157;19588;40.8;25.7
48;2021-06-10;1002;241;32159;19829;42.2;26.0
48;2021-06-11;372;161;32531;19990;42.6;26.2
48;2021-06-12;74;57;32605;20047;42.7;26.3
48;2021-06-13;0;2;32605;20049;42.7;26.3
48;2021-06-14;124;115;32729;20164;42.9;26.4
48;2021-06-15;407;386;33136;20550;43.4;26.9
48;2021-06-16;260;144;33396;20694;43.8;27.1
48;2021-06-17;486;575;33882;21269;44.4;27.9
48;2021-06-18;254;315;34136;21584;44.7;28.3
48;2021-06-19;35;291;34171;21875;44.8;28.7
48;2021-06-20;123;224;34294;22099;45.0;29.0
48;2021-06-21;125;132;34419;22231;45.1;29.1
48;2021-06-22;258;334;34677;22565;45.5;29.6
48;2021-06-23;111;546;34788;23111;45.6;30.3
48;2021-06-24;364;610;35152;23721;46.1;31.1
48;2021-06-25;154;276;35306;23997;46.3;31.5
48;2021-06-26;15;45;35321;24042;46.3;31.5
48;2021-06-27;1;1;35322;24043;46.3;31.5
48;2021-06-28;81;177;35403;24220;46.4;31.7
48;2021-06-29;297;413;35700;24633;46.8;32.3
48;2021-06-30;97;465;35797;25098;46.9;32.9
48;2021-07-01;194;669;35991;25767;47.2;33.8
48;2021-07-02;148;369;36139;26136;47.4;34.3
48;2021-07-03;42;89;36181;26225;47.4;34.4
48;2021-07-04;7;0;36188;26225;47.4;34.4
48;2021-07-05;40;116;36228;26341;47.5;34.5
48;2021-07-06;277;597;36505;26938;47.9;35.3
48;2021-07-07;201;488;36706;27426;48.1;36.0
48;2021-07-08;224;1191;36930;28617;48.4;37.5
48;2021-07-09;158;552;37088;29169;48.6;38.2
48;2021-07-10;95;147;37183;29316;48.7;38.4
48;2021-07-11;0;4;37183;29320;48.7;38.4
48;2021-07-12;140;674;37323;29994;48.9;39.3
48;2021-07-13;212;431;37535;30425;49.2;39.9
48;2021-07-14;179;145;37714;30570;49.4;40.1
48;2021-07-15;187;459;37901;31029;49.7;40.7
48;2021-07-16;234;315;38135;31344;50.0;41.1
48;2021-07-17;129;118;38264;31462;50.2;41.2
48;2021-07-18;4;5;38268;31467;50.2;41.2
48;2021-07-19;105;306;38373;31773;50.3;41.6
48;2021-07-20;677;992;39050;32765;51.2;43.0
48;2021-07-21;69;371;39119;33136;51.3;43.4
48;2021-07-22;779;1124;39898;34260;52.3;44.9
48;2021-07-23;367;437;40265;34697;52.8;45.5
48;2021-07-24;509;170;40774;34867;53.4;45.7
48;2021-07-25;138;46;40912;34913;53.6;45.8
48;2021-07-26;101;198;41013;35111;53.8;46.0
48;2021-07-27;1194;644;42207;35755;55.3;46.9
48;2021-07-28;178;317;42385;36072;55.6;47.3
48;2021-07-29;714;644;43099;36716;56.5;48.1
48;2021-07-30;200;292;43299;37008;56.8;48.5
48;2021-07-31;337;180;43636;37188;57.2;48.7
48;2021-08-01;18;55;43654;37243;57.2;48.8
48;2021-08-02;228;163;43882;37406;57.5;49.0
48;2021-08-03;924;570;44806;37976;58.7;49.8
48;2021-08-04;328;220;45134;38196;59.2;50.1
48;2021-08-05;675;474;45809;38670;60.0;50.7
48;2021-08-06;442;275;46251;38945;60.6;51.1
48;2021-08-07;249;125;46500;39070;61.0;51.2
48;2021-08-08;2;5;46502;39075;61.0;51.2
48;2021-08-09;170;140;46672;39215;61.2;51.4
48;2021-08-10;725;554;47397;39769;62.1;52.1
48;2021-08-11;296;237;47693;40006;62.5;52.4
48;2021-08-12;418;414;48111;40420;63.1;53.0
48;2021-08-13;227;212;48338;40632;63.4;53.3
48;2021-08-14;138;165;48476;40797;63.5;53.5
48;2021-08-15;131;81;48607;40878;63.7;53.6
48;2021-08-16;121;191;48728;41069;63.9;53.8
48;2021-08-17;365;1188;49093;42257;64.4;55.4
48;2021-08-18;209;203;49302;42460;64.6;55.7
48;2021-08-19;240;325;49542;42785;64.9;56.1
48;2021-08-20;213;285;49755;43070;65.2;56.5
48;2021-08-21;85;233;49840;43303;65.3;56.8
48;2021-08-22;0;0;49840;43303;65.3;56.8
48;2021-08-23;65;153;49905;43456;65.4;57.0
48;2021-08-24;308;951;50213;44407;65.8;58.2
48;2021-08-25;156;349;50369;44756;66.0;58.7
48;2021-08-26;180;500;50549;45256;66.3;59.3
48;2021-08-27;152;337;50701;45593;66.5;59.8
48;2021-08-28;126;301;50827;45894;66.6;60.2
48;2021-08-29;0;1;50827;45895;66.6;60.2
48;2021-08-30;54;146;50881;46041;66.7;60.4
48;2021-08-31;258;1070;51139;47111;67.0;61.8
48;2021-09-01;123;346;51262;47457;67.2;62.2
48;2021-09-02;131;404;51393;47861;67.4;62.7
48;2021-09-03;123;327;51516;48188;67.5;63.2
48;2021-09-04;121;242;51637;48430;67.7;63.5
48;2021-09-05;3;26;51640;48456;67.7;63.5
48;2021-09-06;33;189;51673;48645;67.7;63.8
48;2021-09-07;154;387;51827;49032;67.9;64.3
49;2020-12-27;0;0;0;0;0.0;0.0
49;2020-12-28;2;0;2;0;0.0;0.0
49;2020-12-29;0;0;2;0;0.0;0.0
49;2020-12-30;0;0;2;0;0.0;0.0
49;2020-12-31;0;0;2;0;0.0;0.0
49;2021-01-01;2;0;4;0;0.0;0.0
49;2021-01-02;1;1;5;1;0.0;0.0
49;2021-01-03;0;0;5;1;0.0;0.0
49;2021-01-04;10;0;15;1;0.0;0.0
49;2021-01-05;92;0;107;1;0.0;0.0
49;2021-01-06;232;0;339;1;0.0;0.0
49;2021-01-07;366;0;705;1;0.1;0.0
49;2021-01-08;329;1;1034;2;0.1;0.0
49;2021-01-09;118;0;1152;2;0.1;0.0
49;2021-01-10;114;0;1266;2;0.2;0.0
49;2021-01-11;287;0;1553;2;0.2;0.0
49;2021-01-12;623;0;2176;2;0.3;0.0
49;2021-01-13;602;2;2778;4;0.3;0.0
49;2021-01-14;590;6;3368;10;0.4;0.0
49;2021-01-15;775;1;4143;11;0.5;0.0
49;2021-01-16;147;0;4290;11;0.5;0.0
49;2021-01-17;111;2;4401;13;0.5;0.0
49;2021-01-18;691;0;5092;13;0.6;0.0
49;2021-01-19;1204;1;6296;14;0.8;0.0
49;2021-01-20;1511;3;7807;17;1.0;0.0
49;2021-01-21;1942;4;9749;21;1.2;0.0
49;2021-01-22;1319;4;11068;25;1.4;0.0
49;2021-01-23;263;1;11331;26;1.4;0.0
49;2021-01-24;1;0;11332;26;1.4;0.0
49;2021-01-25;552;3;11884;29;1.5;0.0
49;2021-01-26;987;74;12871;103;1.6;0.0
49;2021-01-27;1860;36;14731;139;1.8;0.0
49;2021-01-28;2878;85;17609;224;2.2;0.0
49;2021-01-29;1589;84;19198;308;2.4;0.0
49;2021-01-30;300;43;19498;351;2.4;0.0
49;2021-01-31;62;48;19560;399;2.4;0.0
49;2021-02-01;662;154;20222;553;2.5;0.1
49;2021-02-02;743;373;20965;926;2.6;0.1
49;2021-02-03;675;374;21640;1300;2.7;0.2
49;2021-02-04;758;435;22398;1735;2.7;0.2
49;2021-02-05;708;590;23106;2325;2.8;0.3
49;2021-02-06;229;104;23335;2429;2.9;0.3
49;2021-02-07;59;76;23394;2505;2.9;0.3
49;2021-02-08;549;443;23943;2948;2.9;0.4
49;2021-02-09;714;588;24657;3536;3.0;0.4
49;2021-02-10;806;884;25463;4420;3.1;0.5
49;2021-02-11;1029;1362;26492;5782;3.2;0.7
49;2021-02-12;870;933;27362;6715;3.4;0.8
49;2021-02-13;266;112;27628;6827;3.4;0.8
49;2021-02-14;9;98;27637;6925;3.4;0.8
49;2021-02-15;731;629;28368;7554;3.5;0.9
49;2021-02-16;1106;1085;29474;8639;3.6;1.1
49;2021-02-17;1159;1822;30633;10461;3.8;1.3
49;2021-02-18;1811;2385;32444;12846;4.0;1.6
49;2021-02-19;1395;1070;33839;13916;4.1;1.7
49;2021-02-20;233;352;34072;14268;4.2;1.7
49;2021-02-21;0;64;34072;14332;4.2;1.8
49;2021-02-22;646;523;34718;14855;4.3;1.8
49;2021-02-23;734;814;35452;15669;4.3;1.9
49;2021-02-24;822;573;36274;16242;4.4;2.0
49;2021-02-25;1208;741;37482;16983;4.6;2.1
49;2021-02-26;1678;783;39160;17766;4.8;2.2
49;2021-02-27;435;250;39595;18016;4.9;2.2
49;2021-02-28;49;36;39644;18052;4.9;2.2
49;2021-03-01;767;535;40411;18587;5.0;2.3
49;2021-03-02;1082;657;41493;19244;5.1;2.4
49;2021-03-03;1559;637;43052;19881;5.3;2.4
49;2021-03-04;1768;898;44820;20779;5.5;2.5
49;2021-03-05;2214;673;47034;21452;5.8;2.6
49;2021-03-06;717;178;47751;21630;5.9;2.7
49;2021-03-07;627;12;48378;21642;5.9;2.7
49;2021-03-08;1397;700;49775;22342;6.1;2.7
49;2021-03-09;2051;727;51826;23069;6.4;2.8
49;2021-03-10;2528;869;54354;23938;6.7;2.9
49;2021-03-11;3195;1463;57549;25401;7.1;3.1
49;2021-03-12;3766;1009;61315;26410;7.5;3.2
49;2021-03-13;1501;214;62816;26624;7.7;3.3
49;2021-03-14;6;0;62822;26624;7.7;3.3
49;2021-03-15;2084;529;64906;27153;8.0;3.3
49;2021-03-16;1733;959;66639;28112;8.2;3.4
49;2021-03-17;1811;674;68450;28786;8.4;3.5
49;2021-03-18;2204;725;70654;29511;8.7;3.6
49;2021-03-19;3334;564;73988;30075;9.1;3.7
49;2021-03-20;1743;203;75731;30278;9.3;3.7
49;2021-03-21;499;22;76230;30300;9.3;3.7
49;2021-03-22;2247;548;78477;30848;9.6;3.8
49;2021-03-23;3406;676;81883;31524;10.0;3.9
49;2021-03-24;3602;500;85485;32024;10.5;3.9
49;2021-03-25;4226;654;89711;32678;11.0;4.0
49;2021-03-26;4885;501;94596;33179;11.6;4.1
49;2021-03-27;1674;99;96270;33278;11.8;4.1
49;2021-03-28;400;27;96670;33305;11.8;4.1
49;2021-03-29;2371;609;99041;33914;12.1;4.2
49;2021-03-30;3267;939;102308;34853;12.5;4.3
49;2021-03-31;2980;749;105288;35602;12.9;4.4
49;2021-04-01;4122;867;109410;36469;13.4;4.5
49;2021-04-02;4296;953;113706;37422;13.9;4.6
49;2021-04-03;971;193;114677;37615;14.1;4.6
49;2021-04-04;315;3;114992;37618;14.1;4.6
49;2021-04-05;944;22;115936;37640;14.2;4.6
49;2021-04-06;2331;1320;118267;38960;14.5;4.8
49;2021-04-07;3308;1363;121575;40323;14.9;4.9
49;2021-04-08;5184;1427;126759;41750;15.5;5.1
49;2021-04-09;6207;1436;132966;43186;16.3;5.3
49;2021-04-10;2067;499;135033;43685;16.6;5.4
49;2021-04-11;390;8;135423;43693;16.6;5.4
49;2021-04-12;4075;1572;139498;45265;17.1;5.5
49;2021-04-13;5381;1913;144879;47178;17.8;5.8
49;2021-04-14;4542;1877;149421;49055;18.3;6.0
49;2021-04-15;5379;1884;154800;50939;19.0;6.2
49;2021-04-16;5762;2141;160562;53080;19.7;6.5
49;2021-04-17;3336;853;163898;53933;20.1;6.6
49;2021-04-18;381;476;164279;54409;20.1;6.7
49;2021-04-19;3710;2056;167989;56465;20.6;6.9
49;2021-04-20;4375;2110;172364;58575;21.1;7.2
49;2021-04-21;3954;2204;176318;60779;21.6;7.4
49;2021-04-22;4836;2108;181154;62887;22.2;7.7
49;2021-04-23;4813;2332;185967;65219;22.8;8.0
49;2021-04-24;2939;1155;188906;66374;23.2;8.1
49;2021-04-25;40;282;188946;66656;23.2;8.2
49;2021-04-26;3743;2112;192689;68768;23.6;8.4
49;2021-04-27;4473;2505;197162;71273;24.2;8.7
49;2021-04-28;4617;2496;201779;73769;24.7;9.0
49;2021-04-29;5206;3025;206985;76794;25.4;9.4
49;2021-04-30;5556;3205;212541;79999;26.1;9.8
49;2021-05-01;2364;666;214905;80665;26.3;9.9
49;2021-05-02;5;40;214910;80705;26.3;9.9
49;2021-05-03;5012;2410;219922;83115;27.0;10.2
49;2021-05-04;4972;3040;224894;86155;27.6;10.6
49;2021-05-05;4788;3007;229682;89162;28.2;10.9
49;2021-05-06;5330;3094;235012;92256;28.8;11.3
49;2021-05-07;4281;5028;239293;97284;29.3;11.9
49;2021-05-08;3577;437;242870;97721;29.8;12.0
49;2021-05-09;10;41;242880;97762;29.8;12.0
49;2021-05-10;4830;4277;247710;102039;30.4;12.5
49;2021-05-11;5397;5088;253107;107127;31.0;13.1
49;2021-05-12;4800;4594;257907;111721;31.6;13.7
49;2021-05-13;4779;690;262686;112411;32.2;13.8
49;2021-05-14;5172;3269;267858;115680;32.8;14.2
49;2021-05-15;4157;1806;272015;117486;33.3;14.4
49;2021-05-16;2788;119;274803;117605;33.7;14.4
49;2021-05-17;4834;3684;279637;121289;34.3;14.9
49;2021-05-18;5474;3770;285111;125059;34.9;15.3
49;2021-05-19;5918;3231;291029;128290;35.7;15.7
49;2021-05-20;6809;2965;297838;131255;36.5;16.1
49;2021-05-21;6452;3745;304290;135000;37.3;16.5
49;2021-05-22;5186;1190;309476;136190;37.9;16.7
49;2021-05-23;1;12;309477;136202;37.9;16.7
49;2021-05-24;4215;448;313692;136650;38.4;16.7
49;2021-05-25;6330;3308;320022;139958;39.2;17.2
49;2021-05-26;6274;2666;326296;142624;40.0;17.5
49;2021-05-27;7111;2723;333407;145347;40.9;17.8
49;2021-05-28;6877;4015;340284;149362;41.7;18.3
49;2021-05-29;5024;1894;345308;151256;42.3;18.5
49;2021-05-30;21;14;345329;151270;42.3;18.5
49;2021-05-31;6039;3220;351368;154490;43.1;18.9
49;2021-06-01;6591;3987;357959;158477;43.9;19.4
49;2021-06-02;5794;3743;363753;162220;44.6;19.9
49;2021-06-03;6605;3423;370358;165643;45.4;20.3
49;2021-06-04;6471;4864;376829;170507;46.2;20.9
49;2021-06-05;4387;2695;381216;173202;46.7;21.2
49;2021-06-06;37;52;381253;173254;46.7;21.2
49;2021-06-07;4634;4761;385887;178015;47.3;21.8
49;2021-06-08;5188;5103;391075;183118;47.9;22.4
49;2021-06-09;5324;4502;396399;187620;48.6;23.0
49;2021-06-10;6005;3782;402404;191402;49.3;23.5
49;2021-06-11;4872;6037;407276;197439;49.9;24.2
49;2021-06-12;4098;3203;411374;200642;50.4;24.6
49;2021-06-13;20;989;411394;201631;50.4;24.7
49;2021-06-14;3412;6016;414806;207647;50.8;25.5
49;2021-06-15;4243;6397;419049;214044;51.4;26.2
49;2021-06-16;4153;5682;423202;219726;51.9;26.9
49;2021-06-17;5068;5077;428270;224803;52.5;27.6
49;2021-06-18;4134;6889;432404;231692;53.0;28.4
49;2021-06-19;3525;3973;435929;235665;53.4;28.9
49;2021-06-20;33;25;435962;235690;53.4;28.9
49;2021-06-21;2829;6511;438791;242201;53.8;29.7
49;2021-06-22;3208;7006;441999;249207;54.2;30.5
49;2021-06-23;3254;6315;445253;255522;54.6;31.3
49;2021-06-24;4318;4979;449571;260501;55.1;31.9
49;2021-06-25;3326;7450;452897;267951;55.5;32.8
49;2021-06-26;2570;4626;455467;272577;55.8;33.4
49;2021-06-27;15;1544;455482;274121;55.8;33.6
49;2021-06-28;2234;7185;457716;281306;56.1;34.5
49;2021-06-29;3029;7271;460745;288577;56.5;35.4
49;2021-06-30;2826;6804;463571;295381;56.8;36.2
49;2021-07-01;3392;6274;466963;301655;57.2;37.0
49;2021-07-02;3069;8071;470032;309726;57.6;38.0
49;2021-07-03;2008;5486;472040;315212;57.9;38.6
49;2021-07-04;7;53;472047;315265;57.9;38.6
49;2021-07-05;1742;7082;473789;322347;58.1;39.5
49;2021-07-06;1895;7552;475684;329899;58.3;40.4
49;2021-07-07;2102;6626;477786;336525;58.6;41.2
49;2021-07-08;2691;6358;480477;342883;58.9;42.0
49;2021-07-09;2362;8248;482839;351131;59.2;43.0
49;2021-07-10;1804;5343;484643;356474;59.4;43.7
49;2021-07-11;11;35;484654;356509;59.4;43.7
49;2021-07-12;1948;7713;486602;364222;59.6;44.6
49;2021-07-13;2573;8306;489175;372528;60.0;45.7
49;2021-07-14;2893;3374;492068;375902;60.3;46.1
49;2021-07-15;3168;7555;495236;383457;60.7;47.0
49;2021-07-16;3398;8300;498634;391757;61.1;48.0
49;2021-07-17;2103;5481;500737;397238;61.4;48.7
49;2021-07-18;3750;582;504487;397820;61.8;48.8
49;2021-07-19;2668;7452;507155;405272;62.2;49.7
49;2021-07-20;3588;7480;510743;412752;62.6;50.6
49;2021-07-21;4229;6464;514972;419216;63.1;51.4
49;2021-07-22;4813;5865;519785;425081;63.7;52.1
49;2021-07-23;5116;6626;524901;431707;64.3;52.9
49;2021-07-24;3688;5001;528589;436708;64.8;53.5
49;2021-07-25;67;33;528656;436741;64.8;53.5
49;2021-07-26;4515;5902;533171;442643;65.3;54.3
49;2021-07-27;5754;5445;538925;448088;66.1;54.9
49;2021-07-28;6016;4364;544941;452452;66.8;55.5
49;2021-07-29;6702;4155;551643;456607;67.6;56.0
49;2021-07-30;6149;4790;557792;461397;68.4;56.6
49;2021-07-31;3958;3422;561750;464819;68.9;57.0
49;2021-08-01;21;22;561771;464841;68.9;57.0
49;2021-08-02;4271;4654;566042;469495;69.4;57.5
49;2021-08-03;5433;3804;571475;473299;70.0;58.0
49;2021-08-04;5261;3717;576736;477016;70.7;58.5
49;2021-08-05;5298;3289;582034;480305;71.3;58.9
49;2021-08-06;5715;4282;587749;484587;72.0;59.4
49;2021-08-07;3914;3044;591663;487631;72.5;59.8
49;2021-08-08;24;36;591687;487667;72.5;59.8
49;2021-08-09;3497;4680;595184;492347;72.9;60.3
49;2021-08-10;4221;3901;599405;496248;73.5;60.8
49;2021-08-11;3982;3649;603387;499897;74.0;61.3
49;2021-08-12;2637;3055;606024;502952;74.3;61.6
49;2021-08-13;3859;4266;609883;507218;74.8;62.2
49;2021-08-14;2271;3149;612154;510367;75.0;62.6
49;2021-08-15;28;26;612182;510393;75.0;62.6
49;2021-08-16;2720;5061;614902;515454;75.4;63.2
49;2021-08-17;3269;4913;618171;520367;75.8;63.8
49;2021-08-18;2965;4116;621136;524483;76.1;64.3
49;2021-08-19;1536;3660;622672;528143;76.3;64.7
49;2021-08-20;2725;5775;625397;533918;76.7;65.4
49;2021-08-21;1377;4149;626774;538067;76.8;65.9
49;2021-08-22;6;41;626780;538108;76.8;66.0
49;2021-08-23;2247;5625;629027;543733;77.1;66.6
49;2021-08-24;2733;5783;631760;549516;77.4;67.4
49;2021-08-25;2325;5431;634085;554947;77.7;68.0
49;2021-08-26;1704;4827;635789;559774;77.9;68.6
49;2021-08-27;2440;6809;638229;566583;78.2;69.4
49;2021-08-28;902;4304;639131;570887;78.3;70.0
49;2021-08-29;4;94;639135;570981;78.3;70.0
49;2021-08-30;1150;4293;640285;575274;78.5;70.5
49;2021-08-31;2232;6001;642517;581275;78.8;71.2
49;2021-09-01;1678;4423;644195;585698;79.0;71.8
49;2021-09-02;1047;2803;645242;588501;79.1;72.1
49;2021-09-03;1453;4181;646695;592682;79.3;72.6
49;2021-09-04;1206;3566;647901;596248;79.4;73.1
49;2021-09-05;4;9;647905;596257;79.4;73.1
49;2021-09-06;1092;2915;648997;599172;79.5;73.4
49;2021-09-07;1165;2863;650162;602035;79.7;73.8
50;2020-12-27;0;0;0;0;0.0;0.0
50;2020-12-28;0;0;0;0;0.0;0.0
50;2020-12-29;1;0;1;0;0.0;0.0
50;2020-12-30;0;0;1;0;0.0;0.0
50;2020-12-31;0;0;1;0;0.0;0.0
50;2021-01-01;0;0;1;0;0.0;0.0
50;2021-01-02;0;0;1;0;0.0;0.0
50;2021-01-03;0;0;1;0;0.0;0.0
50;2021-01-04;1;0;2;0;0.0;0.0
50;2021-01-05;0;0;2;0;0.0;0.0
50;2021-01-06;126;0;128;0;0.0;0.0
50;2021-01-07;323;0;451;0;0.1;0.0
50;2021-01-08;436;2;887;2;0.2;0.0
50;2021-01-09;236;0;1123;2;0.2;0.0
50;2021-01-10;23;0;1146;2;0.2;0.0
50;2021-01-11;391;1;1537;3;0.3;0.0
50;2021-01-12;600;0;2137;3;0.4;0.0
50;2021-01-13;694;4;2831;7;0.6;0.0
50;2021-01-14;1046;5;3877;12;0.8;0.0
50;2021-01-15;710;2;4587;14;0.9;0.0
50;2021-01-16;215;3;4802;17;1.0;0.0
50;2021-01-17;1;0;4803;17;1.0;0.0
50;2021-01-18;620;1;5423;18;1.1;0.0
50;2021-01-19;900;3;6323;21;1.3;0.0
50;2021-01-20;965;0;7288;21;1.5;0.0
50;2021-01-21;917;4;8205;25;1.7;0.0
50;2021-01-22;713;2;8918;27;1.8;0.0
50;2021-01-23;667;4;9585;31;2.0;0.0
50;2021-01-24;880;3;10465;34;2.1;0.0
50;2021-01-25;2711;9;13176;43;2.7;0.0
50;2021-01-26;1336;14;14512;57;3.0;0.0
50;2021-01-27;766;56;15278;113;3.1;0.0
50;2021-01-28;718;164;15996;277;3.3;0.1
50;2021-01-29;581;295;16577;572;3.4;0.1
50;2021-01-30;381;161;16958;733;3.5;0.1
50;2021-01-31;0;0;16958;733;3.5;0.1
50;2021-02-01;449;214;17407;947;3.5;0.2
50;2021-02-02;417;227;17824;1174;3.6;0.2
50;2021-02-03;391;369;18215;1543;3.7;0.3
50;2021-02-04;485;436;18700;1979;3.8;0.4
50;2021-02-05;424;438;19124;2417;3.9;0.5
50;2021-02-06;179;107;19303;2524;3.9;0.5
50;2021-02-07;0;0;19303;2524;3.9;0.5
50;2021-02-08;254;467;19557;2991;4.0;0.6
50;2021-02-09;246;579;19803;3570;4.0;0.7
50;2021-02-10;570;504;20373;4074;4.2;0.8
50;2021-02-11;437;875;20810;4949;4.2;1.0
50;2021-02-12;329;619;21139;5568;4.3;1.1
50;2021-02-13;306;460;21445;6028;4.4;1.2
50;2021-02-14;185;819;21630;6847;4.4;1.4
50;2021-02-15;663;1943;22293;8790;4.5;1.8
50;2021-02-16;746;1543;23039;10333;4.7;2.1
50;2021-02-17;632;734;23671;11067;4.8;2.3
50;2021-02-18;569;739;24240;11806;4.9;2.4
50;2021-02-19;631;447;24871;12253;5.1;2.5
50;2021-02-20;423;159;25294;12412;5.2;2.5
50;2021-02-21;85;22;25379;12434;5.2;2.5
50;2021-02-22;291;643;25670;13077;5.2;2.7
50;2021-02-23;502;493;26172;13570;5.3;2.8
50;2021-02-24;624;528;26796;14098;5.5;2.9
50;2021-02-25;779;527;27575;14625;5.6;3.0
50;2021-02-26;999;353;28574;14978;5.8;3.1
50;2021-02-27;887;109;29461;15087;6.0;3.1
50;2021-02-28;111;0;29572;15087;6.0;3.1
50;2021-03-01;488;499;30060;15586;6.1;3.2
50;2021-03-02;651;488;30711;16074;6.3;3.3
50;2021-03-03;797;419;31508;16493;6.4;3.4
50;2021-03-04;1248;313;32756;16806;6.7;3.4
50;2021-03-05;1553;329;34309;17135;7.0;3.5
50;2021-03-06;1319;153;35628;17288;7.3;3.5
50;2021-03-07;550;42;36178;17330;7.4;3.5
50;2021-03-08;1025;618;37203;17948;7.6;3.7
50;2021-03-09;1559;576;38762;18524;7.9;3.8
50;2021-03-10;1609;319;40371;18843;8.2;3.8
50;2021-03-11;2352;352;42723;19195;8.7;3.9
50;2021-03-12;2866;250;45589;19445;9.3;4.0
50;2021-03-13;1994;136;47583;19581;9.7;4.0
50;2021-03-14;280;41;47863;19622;9.8;4.0
50;2021-03-15;1378;296;49241;19918;10.0;4.1
50;2021-03-16;1341;283;50582;20201;10.3;4.1
50;2021-03-17;1296;409;51878;20610;10.6;4.2
50;2021-03-18;1162;429;53040;21039;10.8;4.3
50;2021-03-19;1733;582;54773;21621;11.2;4.4
50;2021-03-20;1688;230;56461;21851;11.5;4.5
50;2021-03-21;794;12;57255;21863;11.7;4.5
50;2021-03-22;1509;334;58764;22197;12.0;4.5
50;2021-03-23;2077;398;60841;22595;12.4;4.6
50;2021-03-24;2281;553;63122;23148;12.9;4.7
50;2021-03-25;2812;472;65934;23620;13.4;4.8
50;2021-03-26;3206;472;69140;24092;14.1;4.9
50;2021-03-27;1823;375;70963;24467;14.5;5.0
50;2021-03-28;403;20;71366;24487;14.5;5.0
50;2021-03-29;2139;721;73505;25208;15.0;5.1
50;2021-03-30;2283;647;75788;25855;15.4;5.3
50;2021-03-31;2478;571;78266;26426;16.0;5.4
50;2021-04-01;3106;866;81372;27292;16.6;5.6
50;2021-04-02;2963;931;84335;28223;17.2;5.8
50;2021-04-03;1245;682;85580;28905;17.4;5.9
50;2021-04-04;321;136;85901;29041;17.5;5.9
50;2021-04-05;400;27;86301;29068;17.6;5.9
50;2021-04-06;2129;1223;88430;30291;18.0;6.2
50;2021-04-07;2559;1176;90989;31467;18.5;6.4
50;2021-04-08;3597;1210;94586;32677;19.3;6.7
50;2021-04-09;3936;1299;98522;33976;20.1;6.9
50;2021-04-10;2533;875;101055;34851;20.6;7.1
50;2021-04-11;411;144;101466;34995;20.7;7.1
50;2021-04-12;2438;1376;103904;36371;21.2;7.4
50;2021-04-13;2677;1518;106581;37889;21.7;7.7
50;2021-04-14;2608;1353;109189;39242;22.3;8.0
50;2021-04-15;3162;1117;112351;40359;22.9;8.2
50;2021-04-16;3365;1102;115716;41461;23.6;8.4
50;2021-04-17;2398;1186;118114;42647;24.1;8.7
50;2021-04-18;425;664;118539;43311;24.2;8.8
50;2021-04-19;1997;1472;120536;44783;24.6;9.1
50;2021-04-20;2275;1588;122811;46371;25.0;9.5
50;2021-04-21;2552;1760;125363;48131;25.5;9.8
50;2021-04-22;3078;1827;128441;49958;26.2;10.2
50;2021-04-23;2757;1918;131198;51876;26.7;10.6
50;2021-04-24;1900;1430;133098;53306;27.1;10.9
50;2021-04-25;470;273;133568;53579;27.2;10.9
50;2021-04-26;2120;1885;135688;55464;27.7;11.3
50;2021-04-27;2413;2004;138101;57468;28.1;11.7
50;2021-04-28;2708;1974;140809;59442;28.7;12.1
50;2021-04-29;3286;2044;144095;61486;29.4;12.5
50;2021-04-30;3000;1931;147095;63417;30.0;12.9
50;2021-05-01;1015;596;148110;64013;30.2;13.0
50;2021-05-02;523;448;148633;64461;30.3;13.1
50;2021-05-03;1771;1804;150404;66265;30.7;13.5
50;2021-05-04;1771;2330;152175;68595;31.0;14.0
50;2021-05-05;1661;2951;153836;71546;31.4;14.6
50;2021-05-06;2531;2580;156367;74126;31.9;15.1
50;2021-05-07;2150;2859;158517;76985;32.3;15.7
50;2021-05-08;1171;791;159688;77776;32.5;15.9
50;2021-05-09;624;362;160312;78138;32.7;15.9
50;2021-05-10;1705;2604;162017;80742;33.0;16.5
50;2021-05-11;2543;2843;164560;83585;33.5;17.0
50;2021-05-12;3180;2437;167740;86022;34.2;17.5
50;2021-05-13;3382;611;171122;86633;34.9;17.7
50;2021-05-14;3571;2275;174693;88908;35.6;18.1
50;2021-05-15;4000;1873;178693;90781;36.4;18.5
50;2021-05-16;947;267;179640;91048;36.6;18.6
50;2021-05-17;2140;1876;181780;92924;37.0;18.9
50;2021-05-18;2523;1619;184303;94543;37.6;19.3
50;2021-05-19;2503;1446;186806;95989;38.1;19.6
50;2021-05-20;3261;1624;190067;97613;38.7;19.9
50;2021-05-21;3159;1909;193226;99522;39.4;20.3
50;2021-05-22;2651;1324;195877;100846;39.9;20.6
50;2021-05-23;603;284;196480;101130;40.0;20.6
50;2021-05-24;1527;490;198007;101620;40.4;20.7
50;2021-05-25;2450;1672;200457;103292;40.9;21.1
50;2021-05-26;3000;1458;203457;104750;41.5;21.3
50;2021-05-27;3034;1975;206491;106725;42.1;21.8
50;2021-05-28;2946;2120;209437;108845;42.7;22.2
50;2021-05-29;2760;1403;212197;110248;43.2;22.5
50;2021-05-30;812;328;213009;110576;43.4;22.5
50;2021-05-31;2652;1817;215661;112393;44.0;22.9
50;2021-06-01;3332;2068;218993;114461;44.6;23.3
50;2021-06-02;3260;1791;222253;116252;45.3;23.7
50;2021-06-03;3914;2064;226167;118316;46.1;24.1
50;2021-06-04;3824;2880;229991;121196;46.9;24.7
50;2021-06-05;2961;1840;232952;123036;47.5;25.1
50;2021-06-06;813;443;233765;123479;47.6;25.2
50;2021-06-07;3513;2083;237278;125562;48.4;25.6
50;2021-06-08;4072;2228;241350;127790;49.2;26.0
50;2021-06-09;4254;1990;245604;129780;50.1;26.4
50;2021-06-10;4198;2120;249802;131900;50.9;26.9
50;2021-06-11;4226;2714;254028;134614;51.8;27.4
50;2021-06-12;3738;1614;257766;136228;52.5;27.8
50;2021-06-13;1143;451;258909;136679;52.8;27.9
50;2021-06-14;2694;2966;261603;139645;53.3;28.5
50;2021-06-15;3020;2600;264623;142245;53.9;29.0
50;2021-06-16;3096;1974;267719;144219;54.6;29.4
50;2021-06-17;2798;2487;270517;146706;55.1;29.9
50;2021-06-18;3240;3053;273757;149759;55.8;30.5
50;2021-06-19;3178;1925;276935;151684;56.4;30.9
50;2021-06-20;731;710;277666;152394;56.6;31.1
50;2021-06-21;1820;3130;279486;155524;57.0;31.7
50;2021-06-22;2064;3393;281550;158917;57.4;32.4
50;2021-06-23;1873;3875;283423;162792;57.8;33.2
50;2021-06-24;1713;4008;285136;166800;58.1;34.0
50;2021-06-25;2135;4010;287271;170810;58.5;34.8
50;2021-06-26;2146;3693;289417;174503;59.0;35.6
50;2021-06-27;616;895;290033;175398;59.1;35.7
50;2021-06-28;1926;3349;291959;178747;59.5;36.4
50;2021-06-29;1882;3407;293841;182154;59.9;37.1
50;2021-06-30;2183;3407;296024;185561;60.3;37.8
50;2021-07-01;1947;3286;297971;188847;60.7;38.5
50;2021-07-02;1899;3931;299870;192778;61.1;39.3
50;2021-07-03;1447;3445;301317;196223;61.4;40.0
50;2021-07-04;445;1066;301762;197289;61.5;40.2
50;2021-07-05;1262;3412;303024;200701;61.8;40.9
50;2021-07-06;1576;3894;304600;204595;62.1;41.7
50;2021-07-07;1803;3618;306403;208213;62.4;42.4
50;2021-07-08;1377;4106;307780;212319;62.7;43.3
50;2021-07-09;1395;4572;309175;216891;63.0;44.2
50;2021-07-10;1025;3599;310200;220490;63.2;44.9
50;2021-07-11;372;1018;310572;221508;63.3;45.1
50;2021-07-12;1318;4625;311890;226133;63.6;46.1
50;2021-07-13;1626;4858;313516;230991;63.9;47.1
50;2021-07-14;1476;2359;314992;233350;64.2;47.6
50;2021-07-15;1687;5055;316679;238405;64.5;48.6
50;2021-07-16;2993;5243;319672;243648;65.2;49.7
50;2021-07-17;2149;3731;321821;247379;65.6;50.4
50;2021-07-18;402;1089;322223;248468;65.7;50.6
50;2021-07-19;1574;5184;323797;253652;66.0;51.7
50;2021-07-20;1929;5412;325726;259064;66.4;52.8
50;2021-07-21;1803;5257;327529;264321;66.8;53.9
50;2021-07-22;1949;5006;329478;269327;67.1;54.9
50;2021-07-23;2072;5372;331550;274699;67.6;56.0
50;2021-07-24;1310;3835;332860;278534;67.8;56.8
50;2021-07-25;274;1037;333134;279571;67.9;57.0
50;2021-07-26;2289;3486;335423;283057;68.4;57.7
50;2021-07-27;2897;3345;338320;286402;69.0;58.4
50;2021-07-28;2994;3690;341314;290092;69.6;59.1
50;2021-07-29;3579;3230;344893;293322;70.3;59.8
50;2021-07-30;3073;3004;347966;296326;70.9;60.4
50;2021-07-31;2406;2672;350372;298998;71.4;60.9
50;2021-08-01;483;685;350855;299683;71.5;61.1
50;2021-08-02;2469;2739;353324;302422;72.0;61.6
50;2021-08-03;3396;2469;356720;304891;72.7;62.1
50;2021-08-04;3596;2321;360316;307212;73.4;62.6
50;2021-08-05;3174;2160;363490;309372;74.1;63.1
50;2021-08-06;3639;2799;367129;312171;74.8;63.6
50;2021-08-07;2457;2156;369586;314327;75.3;64.1
50;2021-08-08;510;713;370096;315040;75.4;64.2
50;2021-08-09;2482;2133;372578;317173;75.9;64.6
50;2021-08-10;2954;1986;375532;319159;76.5;65.0
50;2021-08-11;2822;2017;378354;321176;77.1;65.5
50;2021-08-12;2566;2440;380920;323616;77.6;66.0
50;2021-08-13;2461;1985;383381;325601;78.1;66.4
50;2021-08-14;1806;1746;385187;327347;78.5;66.7
50;2021-08-15;399;334;385586;327681;78.6;66.8
50;2021-08-16;1692;2228;387278;329909;78.9;67.2
50;2021-08-17;1949;2703;389227;332612;79.3;67.8
50;2021-08-18;1808;2388;391035;335000;79.7;68.3
50;2021-08-19;1687;2573;392722;337573;80.0;68.8
50;2021-08-20;1596;2744;394318;340317;80.4;69.4
50;2021-08-21;1004;2727;395322;343044;80.6;69.9
50;2021-08-22;384;519;395706;343563;80.6;70.0
50;2021-08-23;1134;2900;396840;346463;80.9;70.6
50;2021-08-24;1235;3221;398075;349684;81.1;71.3
50;2021-08-25;1080;2650;399155;352334;81.3;71.8
50;2021-08-26;856;3155;400011;355489;81.5;72.4
50;2021-08-27;929;3180;400940;358669;81.7;73.1
50;2021-08-28;789;2888;401729;361557;81.9;73.7
50;2021-08-29;282;574;402011;362131;81.9;73.8
50;2021-08-30;767;2944;402778;365075;82.1;74.4
50;2021-08-31;816;3032;403594;368107;82.3;75.0
50;2021-09-01;627;2884;404221;370991;82.4;75.6
50;2021-09-02;498;2535;404719;373526;82.5;76.1
50;2021-09-03;652;2836;405371;376362;82.6;76.7
50;2021-09-04;619;2980;405990;379342;82.7;77.3
50;2021-09-05;194;741;406184;380083;82.8;77.5
50;2021-09-06;372;2163;406556;382246;82.9;77.9
50;2021-09-07;292;1700;406848;383946;82.9;78.2
51;2020-12-27;0;0;0;0;0.0;0.0
51;2020-12-28;0;0;0;0;0.0;0.0
51;2020-12-29;0;0;0;0;0.0;0.0
51;2020-12-30;0;0;0;0;0.0;0.0
51;2020-12-31;1;0;1;0;0.0;0.0
51;2021-01-01;0;0;1;0;0.0;0.0
51;2021-01-02;0;0;1;0;0.0;0.0
51;2021-01-03;0;0;1;0;0.0;0.0
51;2021-01-04;1;0;2;0;0.0;0.0
51;2021-01-05;1;0;3;0;0.0;0.0
51;2021-01-06;6;0;9;0;0.0;0.0
51;2021-01-07;262;1;271;1;0.0;0.0
51;2021-01-08;507;1;778;2;0.1;0.0
51;2021-01-09;91;0;869;2;0.2;0.0
51;2021-01-10;0;0;869;2;0.2;0.0
51;2021-01-11;545;2;1414;4;0.3;0.0
51;2021-01-12;1539;4;2953;8;0.5;0.0
51;2021-01-13;1291;5;4244;13;0.8;0.0
51;2021-01-14;1475;6;5719;19;1.0;0.0
51;2021-01-15;607;3;6326;22;1.1;0.0
51;2021-01-16;177;1;6503;23;1.2;0.0
51;2021-01-17;102;0;6605;23;1.2;0.0
51;2021-01-18;846;3;7451;26;1.3;0.0
51;2021-01-19;999;2;8450;28;1.5;0.0
51;2021-01-20;943;8;9393;36;1.7;0.0
51;2021-01-21;790;2;10183;38;1.8;0.0
51;2021-01-22;392;2;10575;40;1.9;0.0
51;2021-01-23;294;0;10869;40;1.9;0.0
51;2021-01-24;130;1;10999;41;2.0;0.0
51;2021-01-25;712;3;11711;44;2.1;0.0
51;2021-01-26;780;5;12491;49;2.2;0.0
51;2021-01-27;656;2;13147;51;2.3;0.0
51;2021-01-28;646;57;13793;108;2.4;0.0
51;2021-01-29;474;142;14267;250;2.5;0.0
51;2021-01-30;126;5;14393;255;2.6;0.0
51;2021-01-31;83;0;14476;255;2.6;0.0
51;2021-02-01;275;58;14751;313;2.6;0.1
51;2021-02-02;738;716;15489;1029;2.7;0.2
51;2021-02-03;642;455;16131;1484;2.9;0.3
51;2021-02-04;968;789;17099;2273;3.0;0.4
51;2021-02-05;973;508;18072;2781;3.2;0.5
51;2021-02-06;30;142;18102;2923;3.2;0.5
51;2021-02-07;0;18;18102;2941;3.2;0.5
51;2021-02-08;115;400;18217;3341;3.2;0.6
51;2021-02-09;222;459;18439;3800;3.3;0.7
51;2021-02-10;219;618;18658;4418;3.3;0.8
51;2021-02-11;299;508;18957;4926;3.4;0.9
51;2021-02-12;341;517;19298;5443;3.4;1.0
51;2021-02-13;8;102;19306;5545;3.4;1.0
51;2021-02-14;8;141;19314;5686;3.4;1.0
51;2021-02-15;265;703;19579;6389;3.5;1.1
51;2021-02-16;401;842;19980;7231;3.5;1.3
51;2021-02-17;367;764;20347;7995;3.6;1.4
51;2021-02-18;437;530;20784;8525;3.7;1.5
51;2021-02-19;529;402;21313;8927;3.8;1.6
51;2021-02-20;205;283;21518;9210;3.8;1.6
51;2021-02-21;10;93;21528;9303;3.8;1.6
51;2021-02-22;195;609;21723;9912;3.9;1.8
51;2021-02-23;262;1011;21985;10923;3.9;1.9
51;2021-02-24;414;614;22399;11537;4.0;2.0
51;2021-02-25;1050;824;23449;12361;4.2;2.2
51;2021-02-26;1227;634;24676;12995;4.4;2.3
51;2021-02-27;590;104;25266;13099;4.5;2.3
51;2021-02-28;7;59;25273;13158;4.5;2.3
51;2021-03-01;767;290;26040;13448;4.6;2.4
51;2021-03-02;1128;428;27168;13876;4.8;2.5
51;2021-03-03;1193;443;28361;14319;5.0;2.5
51;2021-03-04;1061;673;29422;14992;5.2;2.7
51;2021-03-05;1560;626;30982;15618;5.5;2.8
51;2021-03-06;1433;58;32415;15676;5.7;2.8
51;2021-03-07;250;6;32665;15682;5.8;2.8
51;2021-03-08;992;100;33657;15782;6.0;2.8
51;2021-03-09;1664;190;35321;15972;6.3;2.8
51;2021-03-10;1994;102;37315;16074;6.6;2.9
51;2021-03-11;2372;169;39687;16243;7.0;2.9
51;2021-03-12;3253;155;42940;16398;7.6;2.9
51;2021-03-13;2550;51;45490;16449;8.1;2.9
51;2021-03-14;190;5;45680;16454;8.1;2.9
51;2021-03-15;1580;150;47260;16604;8.4;2.9
51;2021-03-16;1479;184;48739;16788;8.6;3.0
51;2021-03-17;1497;206;50236;16994;8.9;3.0
51;2021-03-18;1615;287;51851;17281;9.2;3.1
51;2021-03-19;2311;300;54162;17581;9.6;3.1
51;2021-03-20;1662;216;55824;17797;9.9;3.2
51;2021-03-21;133;4;55957;17801;9.9;3.2
51;2021-03-22;1417;122;57374;17923;10.2;3.2
51;2021-03-23;2468;165;59842;18088;10.6;3.2
51;2021-03-24;2844;131;62686;18219;11.1;3.2
51;2021-03-25;3254;335;65940;18554;11.7;3.3
51;2021-03-26;3413;503;69353;19057;12.3;3.4
51;2021-03-27;1842;252;71195;19309;12.6;3.4
51;2021-03-28;213;3;71408;19312;12.7;3.4
51;2021-03-29;991;636;72399;19948;12.8;3.5
51;2021-03-30;1748;853;74147;20801;13.2;3.7
51;2021-03-31;1738;757;75885;21558;13.5;3.8
51;2021-04-01;2283;448;78168;22006;13.9;3.9
51;2021-04-02;2425;641;80593;22647;14.3;4.0
51;2021-04-03;1304;412;81897;23059;14.5;4.1
51;2021-04-04;106;2;82003;23061;14.5;4.1
51;2021-04-05;72;141;82075;23202;14.6;4.1
51;2021-04-06;763;1234;82838;24436;14.7;4.3
51;2021-04-07;1313;1409;84151;25845;14.9;4.6
51;2021-04-08;2206;1771;86357;27616;15.3;4.9
51;2021-04-09;2862;1731;89219;29347;15.8;5.2
51;2021-04-10;2219;497;91438;29844;16.2;5.3
51;2021-04-11;105;85;91543;29929;16.2;5.3
51;2021-04-12;1450;1341;92993;31270;16.5;5.5
51;2021-04-13;1936;1681;94929;32951;16.8;5.8
51;2021-04-14;2460;1556;97389;34507;17.3;6.1
51;2021-04-15;2855;1671;100244;36178;17.8;6.4
51;2021-04-16;3215;1595;103459;37773;18.3;6.7
51;2021-04-17;1966;775;105425;38548;18.7;6.8
51;2021-04-18;296;114;105721;38662;18.8;6.9
51;2021-04-19;1561;1160;107282;39822;19.0;7.1
51;2021-04-20;1794;1662;109076;41484;19.3;7.4
51;2021-04-21;2005;1740;111081;43224;19.7;7.7
51;2021-04-22;2407;1660;113488;44884;20.1;8.0
51;2021-04-23;2982;1828;116470;46712;20.7;8.3
51;2021-04-24;1750;951;118220;47663;21.0;8.5
51;2021-04-25;123;161;118343;47824;21.0;8.5
51;2021-04-26;1851;761;120194;48585;21.3;8.6
51;2021-04-27;2442;1233;122636;49818;21.8;8.8
51;2021-04-28;2552;1303;125188;51121;22.2;9.1
51;2021-04-29;2674;1463;127862;52584;22.7;9.3
51;2021-04-30;2976;1674;130838;54258;23.2;9.6
51;2021-05-01;1454;413;132292;54671;23.5;9.7
51;2021-05-02;107;99;132399;54770;23.5;9.7
51;2021-05-03;2484;764;134883;55534;23.9;9.8
51;2021-05-04;2788;1354;137671;56888;24.4;10.1
51;2021-05-05;2860;1638;140531;58526;24.9;10.4
51;2021-05-06;5344;1952;145875;60478;25.9;10.7
51;2021-05-07;3704;1928;149579;62406;26.5;11.1
51;2021-05-08;2861;819;152440;63225;27.0;11.2
51;2021-05-09;211;92;152651;63317;27.1;11.2
51;2021-05-10;3215;1867;155866;65184;27.6;11.6
51;2021-05-11;3641;2038;159507;67222;28.3;11.9
51;2021-05-12;4183;2235;163690;69457;29.0;12.3
51;2021-05-13;1778;505;165468;69962;29.3;12.4
51;2021-05-14;5402;1746;170870;71708;30.3;12.7
51;2021-05-15;4229;1355;175099;73063;31.1;13.0
51;2021-05-16;284;46;175383;73109;31.1;13.0
51;2021-05-17;3133;1528;178516;74637;31.7;13.2
51;2021-05-18;3918;1769;182434;76406;32.4;13.6
51;2021-05-19;4031;1724;186465;78130;33.1;13.9
51;2021-05-20;4650;1967;191115;80097;33.9;14.2
51;2021-05-21;3597;2476;194712;82573;34.5;14.6
51;2021-05-22;2076;1548;196788;84121;34.9;14.9
51;2021-05-23;308;210;197096;84331;35.0;15.0
51;2021-05-24;2019;718;199115;85049;35.3;15.1
51;2021-05-25;3130;1830;202245;86879;35.9;15.4
51;2021-05-26;3298;1716;205543;88595;36.5;15.7
51;2021-05-27;3267;2063;208810;90658;37.0;16.1
51;2021-05-28;3606;2814;212416;93472;37.7;16.6
51;2021-05-29;2402;1992;214818;95464;38.1;16.9
51;2021-05-30;401;133;215219;95597;38.2;17.0
51;2021-05-31;3350;1781;218569;97378;38.8;17.3
51;2021-06-01;3855;2332;222424;99710;39.4;17.7
51;2021-06-02;6098;2326;228522;102036;40.5;18.1
51;2021-06-03;3582;2426;232104;104462;41.2;18.5
51;2021-06-04;6345;2941;238449;107403;42.3;19.0
51;2021-06-05;2599;1817;241048;109220;42.8;19.4
51;2021-06-06;172;157;241220;109377;42.8;19.4
51;2021-06-07;4303;2163;245523;111540;43.5;19.8
51;2021-06-08;3925;2531;249448;114071;44.2;20.2
51;2021-06-09;4018;2747;253466;116818;45.0;20.7
51;2021-06-10;3208;2488;256674;119306;45.5;21.2
51;2021-06-11;3358;3427;260032;122733;46.1;21.8
51;2021-06-12;2166;2171;262198;124904;46.5;22.2
51;2021-06-13;191;149;262389;125053;46.5;22.2
51;2021-06-14;1627;3332;264016;128385;46.8;22.8
51;2021-06-15;3191;3577;267207;131962;47.4;23.4
51;2021-06-16;2208;3683;269415;135645;47.8;24.1
51;2021-06-17;2609;5402;272024;141047;48.2;25.0
51;2021-06-18;2357;5211;274381;146258;48.7;25.9
51;2021-06-19;1683;4425;276064;150683;49.0;26.7
51;2021-06-20;184;228;276248;150911;49.0;26.8
51;2021-06-21;1231;4439;277479;155350;49.2;27.6
51;2021-06-22;1558;4044;279037;159394;49.5;28.3
51;2021-06-23;3670;4239;282707;163633;50.1;29.0
51;2021-06-24;2247;3227;284954;166860;50.5;29.6
51;2021-06-25;1907;6525;286861;173385;50.9;30.8
51;2021-06-26;1203;5068;288064;178453;51.1;31.7
51;2021-06-27;103;336;288167;178789;51.1;31.7
51;2021-06-28;1401;4413;289568;183202;51.4;32.5
51;2021-06-29;1175;4463;290743;187665;51.6;33.3
51;2021-06-30;1687;6044;292430;193709;51.9;34.4
51;2021-07-01;1978;3767;294408;197476;52.2;35.0
51;2021-07-02;1836;6891;296244;204367;52.5;36.2
51;2021-07-03;1004;3198;297248;207565;52.7;36.8
51;2021-07-04;171;254;297419;207819;52.8;36.9
51;2021-07-05;768;5529;298187;213348;52.9;37.8
51;2021-07-06;1248;4779;299435;218127;53.1;38.7
51;2021-07-07;1615;4938;301050;223065;53.4;39.6
51;2021-07-08;2068;3431;303118;226496;53.8;40.2
51;2021-07-09;1855;5055;304973;231551;54.1;41.1
51;2021-07-10;1236;3205;306209;234756;54.3;41.6
51;2021-07-11;191;281;306400;235037;54.3;41.7
51;2021-07-12;995;4378;307395;239415;54.5;42.5
51;2021-07-13;1480;4773;308875;244188;54.8;43.3
51;2021-07-14;1071;1690;309946;245878;55.0;43.6
51;2021-07-15;2937;4911;312883;250789;55.5;44.5
51;2021-07-16;2364;5274;315247;256063;55.9;45.4
51;2021-07-17;1821;3483;317068;259546;56.2;46.0
51;2021-07-18;163;330;317231;259876;56.3;46.1
51;2021-07-19;1892;3979;319123;263855;56.6;46.8
51;2021-07-20;2585;5140;321708;268995;57.1;47.7
51;2021-07-21;3614;4066;325322;273061;57.7;48.4
51;2021-07-22;4413;3758;329735;276819;58.5;49.1
51;2021-07-23;3643;4379;333378;281198;59.1;49.9
51;2021-07-24;2086;2722;335464;283920;59.5;50.4
51;2021-07-25;356;258;335820;284178;59.6;50.4
51;2021-07-26;3115;2811;338935;286989;60.1;50.9
51;2021-07-27;5858;3272;344793;290261;61.2;51.5
51;2021-07-28;4137;4320;348930;294581;61.9;52.2
51;2021-07-29;4699;2721;353629;297302;62.7;52.7
51;2021-07-30;3624;3158;357253;300460;63.4;53.3
51;2021-07-31;2528;2131;359781;302591;63.8;53.7
51;2021-08-01;375;236;360156;302827;63.9;53.7
51;2021-08-02;3284;2310;363440;305137;64.5;54.1
51;2021-08-03;3774;1911;367214;307048;65.1;54.5
51;2021-08-04;4456;2123;371670;309171;65.9;54.8
51;2021-08-05;2656;1538;374326;310709;66.4;55.1
51;2021-08-06;3044;2550;377370;313259;66.9;55.6
51;2021-08-07;2162;1695;379532;314954;67.3;55.9
51;2021-08-08;366;209;379898;315163;67.4;55.9
51;2021-08-09;2601;1851;382499;317014;67.8;56.2
51;2021-08-10;2371;1981;384870;318995;68.3;56.6
51;2021-08-11;2914;2340;387784;321335;68.8;57.0
51;2021-08-12;1751;1947;389535;323282;69.1;57.3
51;2021-08-13;2058;2674;391593;325956;69.5;57.8
51;2021-08-14;1580;2040;393173;327996;69.7;58.2
51;2021-08-15;149;148;393322;328144;69.8;58.2
51;2021-08-16;1352;3017;394674;331161;70.0;58.7
51;2021-08-17;1548;3281;396222;334442;70.3;59.3
51;2021-08-18;1893;3689;398115;338131;70.6;60.0
51;2021-08-19;1399;2546;399514;340677;70.9;60.4
51;2021-08-20;1695;3969;401209;344646;71.2;61.1
51;2021-08-21;983;2496;402192;347142;71.3;61.6
51;2021-08-22;101;342;402293;347484;71.4;61.6
51;2021-08-23;1105;3605;403398;351089;71.5;62.3
51;2021-08-24;1167;3640;404565;354729;71.8;62.9
51;2021-08-25;1308;4486;405873;359215;72.0;63.7
51;2021-08-26;1051;2544;406924;361759;72.2;64.2
51;2021-08-27;1210;4178;408134;365937;72.4;64.9
51;2021-08-28;649;2628;408783;368565;72.5;65.4
51;2021-08-29;83;360;408866;368925;72.5;65.4
51;2021-08-30;1330;4825;410196;373750;72.8;66.3
51;2021-08-31;777;3011;410973;376761;72.9;66.8
51;2021-09-01;739;3369;411712;380130;73.0;67.4
51;2021-09-02;794;2214;412506;382344;73.2;67.8
51;2021-09-03;901;2905;413407;385249;73.3;68.3
51;2021-09-04;611;2803;414018;388052;73.4;68.8
51;2021-09-05;122;225;414140;388277;73.5;68.9
51;2021-09-06;432;1785;414572;390062;73.5;69.2
51;2021-09-07;511;1572;415083;391634;73.6;69.5
52;2020-12-27;0;0;0;0;0.0;0.0
52;2020-12-28;1;0;1;0;0.0;0.0
52;2020-12-29;0;0;1;0;0.0;0.0
52;2020-12-30;0;0;1;0;0.0;0.0
52;2020-12-31;0;0;1;0;0.0;0.0
52;2021-01-01;0;0;1;0;0.0;0.0
52;2021-01-02;1;0;2;0;0.0;0.0
52;2021-01-03;0;0;2;0;0.0;0.0
52;2021-01-04;0;0;2;0;0.0;0.0
52;2021-01-05;0;0;2;0;0.0;0.0
52;2021-01-06;2;0;4;0;0.0;0.0
52;2021-01-07;0;0;4;0;0.0;0.0
52;2021-01-08;201;1;205;1;0.1;0.0
52;2021-01-09;93;0;298;1;0.2;0.0
52;2021-01-10;0;0;298;1;0.2;0.0
52;2021-01-11;207;0;505;1;0.3;0.0
52;2021-01-12;171;0;676;1;0.4;0.0
52;2021-01-13;562;2;1238;3;0.7;0.0
52;2021-01-14;677;10;1915;13;1.1;0.0
52;2021-01-15;411;1;2326;14;1.4;0.0
52;2021-01-16;16;1;2342;15;1.4;0.0
52;2021-01-17;0;0;2342;15;1.4;0.0
52;2021-01-18;427;0;2769;15;1.6;0.0
52;2021-01-19;440;0;3209;15;1.9;0.0
52;2021-01-20;420;0;3629;15;2.1;0.0
52;2021-01-21;424;1;4053;16;2.4;0.0
52;2021-01-22;321;2;4374;18;2.6;0.0
52;2021-01-23;73;1;4447;19;2.6;0.0
52;2021-01-24;0;0;4447;19;2.6;0.0
52;2021-01-25;235;0;4682;19;2.8;0.0
52;2021-01-26;307;0;4989;19;2.9;0.0
52;2021-01-27;238;1;5227;20;3.1;0.0
52;2021-01-28;174;4;5401;24;3.2;0.0
52;2021-01-29;74;120;5475;144;3.2;0.1
52;2021-01-30;91;94;5566;238;3.3;0.1
52;2021-01-31;0;0;5566;238;3.3;0.1
52;2021-02-01;117;183;5683;421;3.4;0.2
52;2021-02-02;61;171;5744;592;3.4;0.3
52;2021-02-03;90;400;5834;992;3.4;0.6
52;2021-02-04;231;579;6065;1571;3.6;0.9
52;2021-02-05;113;470;6178;2041;3.7;1.2
52;2021-02-06;22;0;6200;2041;3.7;1.2
52;2021-02-07;0;1;6200;2042;3.7;1.2
52;2021-02-08;34;195;6234;2237;3.7;1.3
52;2021-02-09;47;192;6281;2429;3.7;1.4
52;2021-02-10;88;172;6369;2601;3.8;1.5
52;2021-02-11;129;140;6498;2741;3.8;1.6
52;2021-02-12;187;117;6685;2858;3.9;1.7
52;2021-02-13;5;1;6690;2859;4.0;1.7
52;2021-02-14;0;16;6690;2875;4.0;1.7
52;2021-02-15;79;250;6769;3125;4.0;1.8
52;2021-02-16;50;319;6819;3444;4.0;2.0
52;2021-02-17;38;290;6857;3734;4.1;2.2
52;2021-02-18;82;259;6939;3993;4.1;2.4
52;2021-02-19;51;174;6990;4167;4.1;2.5
52;2021-02-20;14;97;7004;4264;4.1;2.5
52;2021-02-21;0;0;7004;4264;4.1;2.5
52;2021-02-22;42;357;7046;4621;4.2;2.7
52;2021-02-23;57;259;7103;4880;4.2;2.9
52;2021-02-24;81;231;7184;5111;4.2;3.0
52;2021-02-25;161;233;7345;5344;4.3;3.2
52;2021-02-26;296;181;7641;5525;4.5;3.3
52;2021-02-27;149;49;7790;5574;4.6;3.3
52;2021-02-28;0;0;7790;5574;4.6;3.3
52;2021-03-01;163;13;7953;5587;4.7;3.3
52;2021-03-02;199;47;8152;5634;4.8;3.3
52;2021-03-03;356;36;8508;5670;5.0;3.4
52;2021-03-04;379;58;8887;5728;5.3;3.4
52;2021-03-05;531;53;9418;5781;5.6;3.4
52;2021-03-06;409;36;9827;5817;5.8;3.4
52;2021-03-07;0;0;9827;5817;5.8;3.4
52;2021-03-08;397;111;10224;5928;6.0;3.5
52;2021-03-09;549;109;10773;6037;6.4;3.6
52;2021-03-10;308;108;11081;6145;6.5;3.6
52;2021-03-11;587;34;11668;6179;6.9;3.7
52;2021-03-12;584;67;12252;6246;7.2;3.7
52;2021-03-13;492;10;12744;6256;7.5;3.7
52;2021-03-14;15;3;12759;6259;7.5;3.7
52;2021-03-15;318;27;13077;6286;7.7;3.7
52;2021-03-16;203;15;13280;6301;7.8;3.7
52;2021-03-17;367;13;13647;6314;8.1;3.7
52;2021-03-18;442;10;14089;6324;8.3;3.7
52;2021-03-19;452;53;14541;6377;8.6;3.8
52;2021-03-20;259;12;14800;6389;8.7;3.8
52;2021-03-21;15;1;14815;6390;8.8;3.8
52;2021-03-22;375;49;15190;6439;9.0;3.8
52;2021-03-23;686;89;15876;6528;9.4;3.9
52;2021-03-24;771;71;16647;6599;9.8;3.9
52;2021-03-25;1141;88;17788;6687;10.5;4.0
52;2021-03-26;1037;136;18825;6823;11.1;4.0
52;2021-03-27;477;76;19302;6899;11.4;4.1
52;2021-03-28;53;0;19355;6899;11.4;4.1
52;2021-03-29;507;183;19862;7082;11.7;4.2
52;2021-03-30;870;296;20732;7378;12.2;4.4
52;2021-03-31;956;292;21688;7670;12.8;4.5
52;2021-04-01;1145;184;22833;7854;13.5;4.6
52;2021-04-02;958;109;23791;7963;14.1;4.7
52;2021-04-03;461;3;24252;7966;14.3;4.7
52;2021-04-04;1;1;24253;7967;14.3;4.7
52;2021-04-05;1;0;24254;7967;14.3;4.7
52;2021-04-06;433;295;24687;8262;14.6;4.9
52;2021-04-07;506;450;25193;8712;14.9;5.1
52;2021-04-08;860;209;26053;8921;15.4;5.3
52;2021-04-09;1059;130;27112;9051;16.0;5.3
52;2021-04-10;852;102;27964;9153;16.5;5.4
52;2021-04-11;96;1;28060;9154;16.6;5.4
52;2021-04-12;932;277;28992;9431;17.1;5.6
52;2021-04-13;1251;378;30243;9809;17.9;5.8
52;2021-04-14;1346;456;31589;10265;18.7;6.1
52;2021-04-15;1506;440;33095;10705;19.6;6.3
52;2021-04-16;1574;357;34669;11062;20.5;6.5
52;2021-04-17;1311;134;35980;11196;21.3;6.6
52;2021-04-18;510;29;36490;11225;21.6;6.6
52;2021-04-19;697;611;37187;11836;22.0;7.0
52;2021-04-20;1080;678;38267;12514;22.6;7.4
52;2021-04-21;1060;675;39327;13189;23.2;7.8
52;2021-04-22;1468;733;40795;13922;24.1;8.2
52;2021-04-23;1251;667;42046;14589;24.8;8.6
52;2021-04-24;477;293;42523;14882;25.1;8.8
52;2021-04-25;3;77;42526;14959;25.1;8.8
52;2021-04-26;632;560;43158;15519;25.5;9.2
52;2021-04-27;933;671;44091;16190;26.1;9.6
52;2021-04-28;1442;567;45533;16757;26.9;9.9
52;2021-04-29;1452;583;46985;17340;27.8;10.2
52;2021-04-30;1316;610;48301;17950;28.5;10.6
52;2021-05-01;8;232;48309;18182;28.5;10.7
52;2021-05-02;0;1;48309;18183;28.5;10.7
52;2021-05-03;1159;628;49468;18811;29.2;11.1
52;2021-05-04;1445;720;50913;19531;30.1;11.5
52;2021-05-05;1768;647;52681;20178;31.1;11.9
52;2021-05-06;1963;537;54644;20715;32.3;12.2
52;2021-05-07;1442;1169;56086;21884;33.1;12.9
52;2021-05-08;589;318;56675;22202;33.5;13.1
52;2021-05-09;1;47;56676;22249;33.5;13.1
52;2021-05-10;793;1101;57469;23350;34.0;13.8
52;2021-05-11;868;1391;58337;24741;34.5;14.6
52;2021-05-12;1206;1382;59543;26123;35.2;15.4
52;2021-05-13;67;184;59610;26307;35.2;15.5
52;2021-05-14;1185;1366;60795;27673;35.9;16.4
52;2021-05-15;491;929;61286;28602;36.2;16.9
52;2021-05-16;8;43;61294;28645;36.2;16.9
52;2021-05-17;1144;705;62438;29350;36.9;17.3
52;2021-05-18;1218;677;63656;30027;37.6;17.7
52;2021-05-19;1542;415;65198;30442;38.5;18.0
52;2021-05-20;1546;421;66744;30863;39.4;18.2
52;2021-05-21;1625;614;68369;31477;40.4;18.6
52;2021-05-22;1089;210;69458;31687;41.0;18.7
52;2021-05-23;1;0;69459;31687;41.0;18.7
52;2021-05-24;405;33;69864;31720;41.3;18.7
52;2021-05-25;1351;385;71215;32105;42.1;19.0
52;2021-05-26;1479;672;72694;32777;43.0;19.4
52;2021-05-27;1565;788;74259;33565;43.9;19.8
52;2021-05-28;1493;671;75752;34236;44.8;20.2
52;2021-05-29;696;834;76448;35070;45.2;20.7
52;2021-05-30;16;550;76464;35620;45.2;21.0
52;2021-05-31;824;830;77288;36450;45.7;21.5
52;2021-06-01;956;816;78244;37266;46.2;22.0
52;2021-06-02;896;754;79140;38020;46.8;22.5
52;2021-06-03;825;825;79965;38845;47.2;23.0
52;2021-06-04;883;1340;80848;40185;47.8;23.7
52;2021-06-05;581;637;81429;40822;48.1;24.1
52;2021-06-06;27;55;81456;40877;48.1;24.2
52;2021-06-07;359;931;81815;41808;48.3;24.7
52;2021-06-08;556;1469;82371;43277;48.7;25.6
52;2021-06-09;612;1474;82983;44751;49.0;26.4
52;2021-06-10;794;1157;83777;45908;49.5;27.1
52;2021-06-11;830;1349;84607;47257;50.0;27.9
52;2021-06-12;422;586;85029;47843;50.2;28.3
52;2021-06-13;2;6;85031;47849;50.2;28.3
52;2021-06-14;171;1413;85202;49262;50.3;29.1
52;2021-06-15;221;1808;85423;51070;50.5;30.2
52;2021-06-16;351;1996;85774;53066;50.7;31.4
52;2021-06-17;265;1155;86039;54221;50.8;32.0
52;2021-06-18;308;1553;86347;55774;51.0;33.0
52;2021-06-19;502;686;86849;56460;51.3;33.4
52;2021-06-20;1;17;86850;56477;51.3;33.4
52;2021-06-21;522;896;87372;57373;51.6;33.9
52;2021-06-22;503;1048;87875;58421;51.9;34.5
52;2021-06-23;563;1043;88438;59464;52.3;35.1
52;2021-06-24;610;715;89048;60179;52.6;35.6
52;2021-06-25;661;1313;89709;61492;53.0;36.3
52;2021-06-26;264;722;89973;62214;53.2;36.8
52;2021-06-27;1;8;89974;62222;53.2;36.8
52;2021-06-28;185;1443;90159;63665;53.3;37.6
52;2021-06-29;163;1414;90322;65079;53.4;38.5
52;2021-06-30;219;1468;90541;66547;53.5;39.3
52;2021-07-01;320;1022;90861;67569;53.7;39.9
52;2021-07-02;430;1455;91291;69024;53.9;40.8
52;2021-07-03;302;1148;91593;70172;54.1;41.5
52;2021-07-04;0;11;91593;70183;54.1;41.5
52;2021-07-05;173;1448;91766;71631;54.2;42.3
52;2021-07-06;284;1449;92050;73080;54.4;43.2
52;2021-07-07;309;1165;92359;74245;54.6;43.9
52;2021-07-08;473;1165;92832;75410;54.8;44.6
52;2021-07-09;288;1620;93120;77030;55.0;45.5
52;2021-07-10;155;822;93275;77852;55.1;46.0
52;2021-07-11;13;12;93288;77864;55.1;46.0
52;2021-07-12;300;1466;93588;79330;55.3;46.9
52;2021-07-13;590;1368;94178;80698;55.6;47.7
52;2021-07-14;437;153;94615;80851;55.9;47.8
52;2021-07-15;614;1429;95229;82280;56.3;48.6
52;2021-07-16;900;1336;96129;83616;56.8;49.4
52;2021-07-17;530;343;96659;83959;57.1;49.6
52;2021-07-18;3;12;96662;83971;57.1;49.6
52;2021-07-19;690;986;97352;84957;57.5;50.2
52;2021-07-20;1110;832;98462;85789;58.2;50.7
52;2021-07-21;1161;738;99623;86527;58.9;51.1
52;2021-07-22;1447;863;101070;87390;59.7;51.6
52;2021-07-23;1400;956;102470;88346;60.5;52.2
52;2021-07-24;874;486;103344;88832;61.1;52.5
52;2021-07-25;22;21;103366;88853;61.1;52.5
52;2021-07-26;1010;613;104376;89466;61.7;52.9
52;2021-07-27;1343;656;105719;90122;62.5;53.2
52;2021-07-28;1380;642;107099;90764;63.3;53.6
52;2021-07-29;1263;622;108362;91386;64.0;54.0
52;2021-07-30;1365;709;109727;92095;64.8;54.4
52;2021-07-31;873;549;110600;92644;65.3;54.7
52;2021-08-01;1;14;110601;92658;65.3;54.7
52;2021-08-02;1181;562;111782;93220;66.0;55.1
52;2021-08-03;1360;539;113142;93759;66.8;55.4
52;2021-08-04;1150;581;114292;94340;67.5;55.7
52;2021-08-05;1025;575;115317;94915;68.1;56.1
52;2021-08-06;1054;699;116371;95614;68.8;56.5
52;2021-08-07;517;420;116888;96034;69.1;56.7
52;2021-08-08;0;6;116888;96040;69.1;56.7
52;2021-08-09;468;870;117356;96910;69.3;57.3
52;2021-08-10;717;748;118073;97658;69.8;57.7
52;2021-08-11;533;836;118606;98494;70.1;58.2
52;2021-08-12;621;750;119227;99244;70.4;58.6
52;2021-08-13;414;1026;119641;100270;70.7;59.2
52;2021-08-14;419;360;120060;100630;70.9;59.5
52;2021-08-15;13;13;120073;100643;70.9;59.5
52;2021-08-16;326;934;120399;101577;71.1;60.0
52;2021-08-17;409;909;120808;102486;71.4;60.6
52;2021-08-18;474;944;121282;103430;71.7;61.1
52;2021-08-19;456;835;121738;104265;71.9;61.6
52;2021-08-20;383;1210;122121;105475;72.2;62.3
52;2021-08-21;394;604;122515;106079;72.4;62.7
52;2021-08-22;4;11;122519;106090;72.4;62.7
52;2021-08-23;426;1056;122945;107146;72.6;63.3
52;2021-08-24;297;1078;123242;108224;72.8;63.9
52;2021-08-25;250;1061;123492;109285;73.0;64.6
52;2021-08-26;296;913;123788;110198;73.1;65.1
52;2021-08-27;426;1276;124214;111474;73.4;65.9
52;2021-08-28;243;495;124457;111969;73.5;66.2
52;2021-08-29;3;25;124460;111994;73.5;66.2
52;2021-08-30;203;998;124663;112992;73.7;66.8
52;2021-08-31;205;1055;124868;114047;73.8;67.4
52;2021-09-01;180;1067;125048;115114;73.9;68.0
52;2021-09-02;194;762;125242;115876;74.0;68.5
52;2021-09-03;241;936;125483;116812;74.1;69.0
52;2021-09-04;189;556;125672;117368;74.3;69.3
52;2021-09-05;2;14;125674;117382;74.3;69.4
52;2021-09-06;121;541;125795;117923;74.3;69.7
52;2021-09-07;152;514;125947;118437;74.4;70.0
53;2020-12-27;0;0;0;0;0.0;0.0
53;2020-12-28;0;0;0;0;0.0;0.0
53;2020-12-29;0;0;0;0;0.0;0.0
53;2020-12-30;0;0;0;0;0.0;0.0
53;2020-12-31;0;0;0;0;0.0;0.0
53;2021-01-01;0;0;0;0;0.0;0.0
53;2021-01-02;0;0;0;0;0.0;0.0
53;2021-01-03;0;0;0;0;0.0;0.0
53;2021-01-04;1;0;1;0;0.0;0.0
53;2021-01-05;0;0;1;0;0.0;0.0
53;2021-01-06;0;0;1;0;0.0;0.0
53;2021-01-07;102;0;103;0;0.0;0.0
53;2021-01-08;284;1;387;1;0.1;0.0
53;2021-01-09;134;1;521;2;0.2;0.0
53;2021-01-10;15;0;536;2;0.2;0.0
53;2021-01-11;176;0;712;2;0.2;0.0
53;2021-01-12;454;0;1166;2;0.4;0.0
53;2021-01-13;253;0;1419;2;0.5;0.0
53;2021-01-14;290;7;1709;9;0.6;0.0
53;2021-01-15;343;4;2052;13;0.7;0.0
53;2021-01-16;61;0;2113;13;0.7;0.0
53;2021-01-17;24;0;2137;13;0.7;0.0
53;2021-01-18;364;0;2501;13;0.8;0.0
53;2021-01-19;594;0;3095;13;1.0;0.0
53;2021-01-20;742;0;3837;13;1.3;0.0
53;2021-01-21;769;2;4606;15;1.5;0.0
53;2021-01-22;705;5;5311;20;1.7;0.0
53;2021-01-23;160;0;5471;20;1.8;0.0
53;2021-01-24;6;0;5477;20;1.8;0.0
53;2021-01-25;550;0;6027;20;2.0;0.0
53;2021-01-26;1198;6;7225;26;2.4;0.0
53;2021-01-27;696;5;7921;31;2.6;0.0
53;2021-01-28;738;94;8659;125;2.8;0.0
53;2021-01-29;422;179;9081;304;3.0;0.1
53;2021-01-30;129;0;9210;304;3.0;0.1
53;2021-01-31;0;0;9210;304;3.0;0.1
53;2021-02-01;298;147;9508;451;3.1;0.1
53;2021-02-02;309;226;9817;677;3.2;0.2
53;2021-02-03;227;372;10044;1049;3.3;0.3
53;2021-02-04;184;322;10228;1371;3.3;0.4
53;2021-02-05;234;297;10462;1668;3.4;0.5
53;2021-02-06;153;23;10615;1691;3.5;0.6
53;2021-02-07;0;0;10615;1691;3.5;0.6
53;2021-02-08;168;95;10783;1786;3.5;0.6
53;2021-02-09;369;213;11152;1999;3.7;0.7
53;2021-02-10;266;414;11418;2413;3.7;0.8
53;2021-02-11;432;476;11850;2889;3.9;0.9
53;2021-02-12;318;540;12168;3429;4.0;1.1
53;2021-02-13;96;58;12264;3487;4.0;1.1
53;2021-02-14;0;99;12264;3586;4.0;1.2
53;2021-02-15;239;372;12503;3958;4.1;1.3
53;2021-02-16;528;778;13031;4736;4.3;1.6
53;2021-02-17;391;568;13422;5304;4.4;1.7
53;2021-02-18;547;536;13969;5840;4.6;1.9
53;2021-02-19;895;384;14864;6224;4.9;2.0
53;2021-02-20;139;93;15003;6317;4.9;2.1
53;2021-02-21;1;20;15004;6337;4.9;2.1
53;2021-02-22;161;500;15165;6837;5.0;2.2
53;2021-02-23;59;581;15224;7418;5.0;2.4
53;2021-02-24;137;464;15361;7882;5.0;2.6
53;2021-02-25;457;332;15818;8214;5.2;2.7
53;2021-02-26;438;238;16256;8452;5.3;2.8
53;2021-02-27;86;97;16342;8549;5.4;2.8
53;2021-02-28;0;0;16342;8549;5.4;2.8
53;2021-03-01;231;250;16573;8799;5.4;2.9
53;2021-03-02;246;232;16819;9031;5.5;3.0
53;2021-03-03;321;383;17140;9414;5.6;3.1
53;2021-03-04;860;341;18000;9755;5.9;3.2
53;2021-03-05;659;275;18659;10030;6.1;3.3
53;2021-03-06;447;202;19106;10232;6.3;3.4
53;2021-03-07;276;5;19382;10237;6.3;3.4
53;2021-03-08;375;171;19757;10408;6.5;3.4
53;2021-03-09;878;245;20635;10653;6.8;3.5
53;2021-03-10;807;109;21442;10762;7.0;3.5
53;2021-03-11;1247;228;22689;10990;7.4;3.6
53;2021-03-12;1603;147;24292;11137;8.0;3.6
53;2021-03-13;824;13;25116;11150;8.2;3.7
53;2021-03-14;1;0;25117;11150;8.2;3.7
53;2021-03-15;1002;298;26119;11448;8.6;3.7
53;2021-03-16;1035;332;27154;11780;8.9;3.9
53;2021-03-17;685;259;27839;12039;9.1;3.9
53;2021-03-18;972;345;28811;12384;9.4;4.1
53;2021-03-19;1344;599;30155;12983;9.9;4.3
53;2021-03-20;592;17;30747;13000;10.1;4.3
53;2021-03-21;3;0;30750;13000;10.1;4.3
53;2021-03-22;1213;157;31963;13157;10.5;4.3
53;2021-03-23;1699;71;33662;13228;11.0;4.3
53;2021-03-24;1323;118;34985;13346;11.5;4.4
53;2021-03-25;2323;238;37308;13584;12.2;4.4
53;2021-03-26;1884;151;39192;13735;12.8;4.5
53;2021-03-27;339;3;39531;13738;12.9;4.5
53;2021-03-28;2;0;39533;13738;12.9;4.5
53;2021-03-29;1474;213;41007;13951;13.4;4.6
53;2021-03-30;1944;201;42951;14152;14.1;4.6
53;2021-03-31;1792;223;44743;14375;14.7;4.7
53;2021-04-01;1948;671;46691;15046;15.3;4.9
53;2021-04-02;2075;227;48766;15273;16.0;5.0
53;2021-04-03;414;1;49180;15274;16.1;5.0
53;2021-04-04;10;0;49190;15274;16.1;5.0
53;2021-04-05;9;15;49199;15289;16.1;5.0
53;2021-04-06;1304;503;50503;15792;16.5;5.2
53;2021-04-07;1176;925;51679;16717;16.9;5.5
53;2021-04-08;1663;1006;53342;17723;17.5;5.8
53;2021-04-09;1958;407;55300;18130;18.1;5.9
53;2021-04-10;543;13;55843;18143;18.3;5.9
53;2021-04-11;12;0;55855;18143;18.3;5.9
53;2021-04-12;694;1067;56549;19210;18.5;6.3
53;2021-04-13;1470;1108;58019;20318;19.0;6.7
53;2021-04-14;1024;737;59043;21055;19.3;6.9
53;2021-04-15;1158;1106;60201;22161;19.7;7.3
53;2021-04-16;1271;816;61472;22977;20.1;7.5
53;2021-04-17;281;274;61753;23251;20.2;7.6
53;2021-04-18;0;0;61753;23251;20.2;7.6
53;2021-04-19;681;1068;62434;24319;20.4;8.0
53;2021-04-20;936;1452;63370;25771;20.8;8.4
53;2021-04-21;851;1011;64221;26782;21.0;8.8
53;2021-04-22;1046;1613;65267;28395;21.4;9.3
53;2021-04-23;1328;1053;66595;29448;21.8;9.6
53;2021-04-24;68;7;66663;29455;21.8;9.6
53;2021-04-25;6;39;66669;29494;21.8;9.7
53;2021-04-26;368;1233;67037;30727;22.0;10.1
53;2021-04-27;723;1972;67760;32699;22.2;10.7
53;2021-04-28;978;1394;68738;34093;22.5;11.2
53;2021-04-29;1051;1711;69789;35804;22.9;11.7
53;2021-04-30;1367;1315;71156;37119;23.3;12.2
53;2021-05-01;36;50;71192;37169;23.3;12.2
53;2021-05-02;0;0;71192;37169;23.3;12.2
53;2021-05-03;1570;708;72762;37877;23.8;12.4
53;2021-05-04;1304;1442;74066;39319;24.3;12.9
53;2021-05-05;1611;827;75677;40146;24.8;13.1
53;2021-05-06;1391;1400;77068;41546;25.2;13.6
53;2021-05-07;1538;1302;78606;42848;25.7;14.0
53;2021-05-08;939;36;79545;42884;26.0;14.0
53;2021-05-09;11;2;79556;42886;26.1;14.0
53;2021-05-10;2416;815;81972;43701;26.8;14.3
53;2021-05-11;3097;1282;85069;44983;27.9;14.7
53;2021-05-12;2751;1092;87820;46075;28.8;15.1
53;2021-05-13;350;27;88170;46102;28.9;15.1
53;2021-05-14;2021;678;90191;46780;29.5;15.3
53;2021-05-15;1058;64;91249;46844;29.9;15.3
53;2021-05-16;3;0;91252;46844;29.9;15.3
53;2021-05-17;1701;1196;92953;48040;30.4;15.7
53;2021-05-18;1881;1551;94834;49591;31.1;16.2
53;2021-05-19;2303;746;97137;50337;31.8;16.5
53;2021-05-20;3217;868;100354;51205;32.9;16.8
53;2021-05-21;2798;829;103152;52034;33.8;17.0
53;2021-05-22;21;59;103173;52093;33.8;17.1
53;2021-05-23;0;0;103173;52093;33.8;17.1
53;2021-05-24;8;6;103181;52099;33.8;17.1
53;2021-05-25;1819;802;105000;52901;34.4;17.3
53;2021-05-26;1852;904;106852;53805;35.0;17.6
53;2021-05-27;3073;1079;109925;54884;36.0;18.0
53;2021-05-28;2562;874;112487;55758;36.8;18.3
53;2021-05-29;846;240;113333;55998;37.1;18.3
53;2021-05-30;18;6;113351;56004;37.1;18.3
53;2021-05-31;2565;803;115916;56807;38.0;18.6
53;2021-06-01;3490;1258;119406;58065;39.1;19.0
53;2021-06-02;3184;521;122590;58586;40.1;19.2
53;2021-06-03;4198;785;126788;59371;41.5;19.4
53;2021-06-04;3180;1266;129968;60637;42.6;19.9
53;2021-06-05;137;245;130105;60882;42.6;19.9
53;2021-06-06;1;4;130106;60886;42.6;19.9
53;2021-06-07;2629;924;132735;61810;43.5;20.2
53;2021-06-08;3589;1129;136324;62939;44.6;20.6
53;2021-06-09;2454;944;138778;63883;45.4;20.9
53;2021-06-10;3521;848;142299;64731;46.6;21.2
53;2021-06-11;2966;1214;145265;65945;47.6;21.6
53;2021-06-12;108;138;145373;66083;47.6;21.6
53;2021-06-13;10;2;145383;66085;47.6;21.6
53;2021-06-14;1600;1789;146983;67874;48.1;22.2
53;2021-06-15;1899;2264;148882;70138;48.8;23.0
53;2021-06-16;1826;1733;150708;71871;49.4;23.5
53;2021-06-17;3013;1651;153721;73522;50.3;24.1
53;2021-06-18;2704;1808;156425;75330;51.2;24.7
53;2021-06-19;762;1166;157187;76496;51.5;25.1
53;2021-06-20;3;479;157190;76975;51.5;25.2
53;2021-06-21;918;2526;158108;79501;51.8;26.0
53;2021-06-22;1299;3452;159407;82953;52.2;27.2
53;2021-06-23;1362;2891;160769;85844;52.6;28.1
53;2021-06-24;1802;2033;162571;87877;53.2;28.8
53;2021-06-25;1785;2044;164356;89921;53.8;29.4
53;2021-06-26;977;350;165333;90271;54.1;29.6
53;2021-06-27;8;8;165341;90279;54.1;29.6
53;2021-06-28;662;2900;166003;93179;54.4;30.5
53;2021-06-29;858;3646;166861;96825;54.6;31.7
53;2021-06-30;748;1518;167609;98343;54.9;32.2
53;2021-07-01;1507;2631;169116;100974;55.4;33.1
53;2021-07-02;1528;2025;170644;102999;55.9;33.7
53;2021-07-03;857;574;171501;103573;56.2;33.9
53;2021-07-04;0;4;171501;103577;56.2;33.9
53;2021-07-05;542;2060;172043;105637;56.3;34.6
53;2021-07-06;861;3616;172904;109253;56.6;35.8
53;2021-07-07;1024;2652;173928;111905;57.0;36.6
53;2021-07-08;1313;3116;175241;115021;57.4;37.7
53;2021-07-09;1131;3397;176372;118418;57.8;38.8
53;2021-07-10;422;1000;176794;119418;57.9;39.1
53;2021-07-11;12;20;176806;119438;57.9;39.1
53;2021-07-12;503;3706;177309;123144;58.1;40.3
53;2021-07-13;895;4763;178204;127907;58.4;41.9
53;2021-07-14;104;284;178308;128191;58.4;42.0
53;2021-07-15;1112;4345;179420;132536;58.8;43.4
53;2021-07-16;1248;3847;180668;136383;59.2;44.7
53;2021-07-17;1317;299;181985;136682;59.6;44.8
53;2021-07-18;27;20;182012;136702;59.6;44.8
53;2021-07-19;734;3429;182746;140131;59.8;45.9
53;2021-07-20;985;4123;183731;144254;60.2;47.2
53;2021-07-21;686;3275;184417;147529;60.4;48.3
53;2021-07-22;1513;3523;185930;151052;60.9;49.5
53;2021-07-23;1604;3761;187534;154813;61.4;50.7
53;2021-07-24;956;280;188490;155093;61.7;50.8
53;2021-07-25;60;24;188550;155117;61.7;50.8
53;2021-07-26;1727;1941;190277;157058;62.3;51.4
53;2021-07-27;2357;2822;192634;159880;63.1;52.4
53;2021-07-28;2145;2813;194779;162693;63.8;53.3
53;2021-07-29;2493;2545;197272;165238;64.6;54.1
53;2021-07-30;1828;2647;199100;167885;65.2;55.0
53;2021-07-31;626;230;199726;168115;65.4;55.1
53;2021-08-01;37;25;199763;168140;65.4;55.1
53;2021-08-02;2084;1729;201847;169869;66.1;55.6
53;2021-08-03;2414;1905;204261;171774;66.9;56.3
53;2021-08-04;2478;1862;206739;173636;67.7;56.9
53;2021-08-05;2869;1538;209608;175174;68.6;57.4
53;2021-08-06;2517;1717;212125;176891;69.5;57.9
53;2021-08-07;481;270;212606;177161;69.6;58.0
53;2021-08-08;6;19;212612;177180;69.6;58.0
53;2021-08-09;1839;1650;214451;178830;70.2;58.6
53;2021-08-10;2320;1748;216771;180578;71.0;59.1
53;2021-08-11;1681;864;218452;181442;71.5;59.4
53;2021-08-12;2004;984;220456;182426;72.2;59.7
53;2021-08-13;2039;1308;222495;183734;72.9;60.2
53;2021-08-14;66;63;222561;183797;72.9;60.2
53;2021-08-15;1;2;222562;183799;72.9;60.2
53;2021-08-16;1332;1595;223894;185394;73.3;60.7
53;2021-08-17;1547;1655;225441;187049;73.8;61.3
53;2021-08-18;1515;1602;226956;188651;74.3;61.8
53;2021-08-19;1372;1972;228328;190623;74.8;62.4
53;2021-08-20;1093;2082;229421;192705;75.1;63.1
53;2021-08-21;189;342;229610;193047;75.2;63.2
53;2021-08-22;0;0;229610;193047;75.2;63.2
53;2021-08-23;842;1912;230452;194959;75.5;63.8
53;2021-08-24;901;2114;231353;197073;75.8;64.5
53;2021-08-25;908;2272;232261;199345;76.1;65.3
53;2021-08-26;666;2611;232927;201956;76.3;66.1
53;2021-08-27;753;2642;233680;204598;76.5;67.0
53;2021-08-28;48;133;233728;204731;76.5;67.0
53;2021-08-29;11;31;233739;204762;76.5;67.1
53;2021-08-30;618;2106;234357;206868;76.7;67.7
53;2021-08-31;759;2918;235116;209786;77.0;68.7
53;2021-09-01;339;1636;235455;211422;77.1;69.2
53;2021-09-02;440;1821;235895;213243;77.3;69.8
53;2021-09-03;443;2494;236338;215737;77.4;70.6
53;2021-09-04;115;211;236453;215948;77.4;70.7
53;2021-09-05;1;12;236454;215960;77.4;70.7
53;2021-09-06;300;1662;236754;217622;77.5;71.3
53;2021-09-07;283;1941;237037;219563;77.6;71.9
54;2020-12-27;0;0;0;0;0.0;0.0
54;2020-12-28;1;0;1;0;0.0;0.0
54;2020-12-29;0;0;1;0;0.0;0.0
54;2020-12-30;0;0;1;0;0.0;0.0
54;2020-12-31;10;0;11;0;0.0;0.0
54;2021-01-01;0;0;11;0;0.0;0.0
54;2021-01-02;0;0;11;0;0.0;0.0
54;2021-01-03;1;0;12;0;0.0;0.0
54;2021-01-04;163;0;175;0;0.0;0.0
54;2021-01-05;395;0;570;0;0.1;0.0
54;2021-01-06;650;1;1220;1;0.2;0.0
54;2021-01-07;817;2;2037;3;0.3;0.0
54;2021-01-08;706;3;2743;6;0.4;0.0
54;2021-01-09;81;0;2824;6;0.4;0.0
54;2021-01-10;78;0;2902;6;0.4;0.0
54;2021-01-11;974;3;3876;9;0.5;0.0
54;2021-01-12;1181;1;5057;10;0.7;0.0
54;2021-01-13;2425;8;7482;18;1.0;0.0
54;2021-01-14;3401;27;10883;45;1.5;0.0
54;2021-01-15;2720;13;13603;58;1.9;0.0
54;2021-01-16;815;3;14418;61;2.0;0.0
54;2021-01-17;209;0;14627;61;2.0;0.0
54;2021-01-18;1557;6;16184;67;2.2;0.0
54;2021-01-19;1705;0;17889;67;2.4;0.0
54;2021-01-20;1525;4;19414;71;2.7;0.0
54;2021-01-21;1372;4;20786;75;2.8;0.0
54;2021-01-22;1092;8;21878;83;3.0;0.0
54;2021-01-23;478;1;22356;84;3.1;0.0
54;2021-01-24;66;0;22422;84;3.1;0.0
54;2021-01-25;946;29;23368;113;3.2;0.0
54;2021-01-26;142;5;23510;118;3.2;0.0
54;2021-01-27;12;153;23522;271;3.2;0.0
54;2021-01-28;32;216;23554;487;3.2;0.1
54;2021-01-29;18;258;23572;745;3.2;0.1
54;2021-01-30;7;0;23579;745;3.2;0.1
54;2021-01-31;1;0;23580;745;3.2;0.1
54;2021-02-01;13;755;23593;1500;3.2;0.2
54;2021-02-02;22;934;23615;2434;3.2;0.3
54;2021-02-03;363;1458;23978;3892;3.3;0.5
54;2021-02-04;740;2320;24718;6212;3.4;0.9
54;2021-02-05;797;1824;25515;8036;3.5;1.1
54;2021-02-06;204;299;25719;8335;3.5;1.1
54;2021-02-07;4;113;25723;8448;3.5;1.2
54;2021-02-08;117;925;25840;9373;3.5;1.3
54;2021-02-09;305;1010;26145;10383;3.6;1.4
54;2021-02-10;385;728;26530;11111;3.6;1.5
54;2021-02-11;294;769;26824;11880;3.7;1.6
54;2021-02-12;446;1204;27270;13084;3.7;1.8
54;2021-02-13;148;232;27418;13316;3.8;1.8
54;2021-02-14;9;11;27427;13327;3.8;1.8
54;2021-02-15;428;1056;27855;14383;3.8;2.0
54;2021-02-16;401;1135;28256;15518;3.9;2.1
54;2021-02-17;518;892;28774;16410;3.9;2.2
54;2021-02-18;595;733;29369;17143;4.0;2.3
54;2021-02-19;520;699;29889;17842;4.1;2.4
54;2021-02-20;33;267;29922;18109;4.1;2.5
54;2021-02-21;3;23;29925;18132;4.1;2.5
54;2021-02-22;484;570;30409;18702;4.2;2.6
54;2021-02-23;679;534;31088;19236;4.3;2.6
54;2021-02-24;728;349;31816;19585;4.4;2.7
54;2021-02-25;1475;703;33291;20288;4.6;2.8
54;2021-02-26;1775;775;35066;21063;4.8;2.9
54;2021-02-27;698;110;35764;21173;4.9;2.9
54;2021-02-28;11;28;35775;21201;4.9;2.9
54;2021-03-01;651;213;36426;21414;5.0;2.9
54;2021-03-02;1505;144;37931;21558;5.2;3.0
54;2021-03-03;1764;62;39695;21620;5.4;3.0
54;2021-03-04;2028;99;41723;21719;5.7;3.0
54;2021-03-05;2797;143;44520;21862;6.1;3.0
54;2021-03-06;4045;112;48565;21974;6.6;3.0
54;2021-03-07;2626;70;51191;22044;7.0;3.0
54;2021-03-08;1337;65;52528;22109;7.2;3.0
54;2021-03-09;2646;105;55174;22214;7.6;3.0
54;2021-03-10;3195;109;58369;22323;8.0;3.1
54;2021-03-11;3391;99;61760;22422;8.5;3.1
54;2021-03-12;4981;181;66741;22603;9.1;3.1
54;2021-03-13;4206;117;70947;22720;9.7;3.1
54;2021-03-14;543;40;71490;22760;9.8;3.1
54;2021-03-15;1719;104;73209;22864;10.0;3.1
54;2021-03-16;1735;173;74944;23037;10.3;3.2
54;2021-03-17;2082;151;77026;23188;10.5;3.2
54;2021-03-18;2060;171;79086;23359;10.8;3.2
54;2021-03-19;3320;274;82406;23633;11.3;3.2
54;2021-03-20;2312;75;84718;23708;11.6;3.2
54;2021-03-21;295;15;85013;23723;11.6;3.2
54;2021-03-22;1034;330;86047;24053;11.8;3.3
54;2021-03-23;1936;523;87983;24576;12.0;3.4
54;2021-03-24;2195;710;90178;25286;12.3;3.5
54;2021-03-25;3177;727;93355;26013;12.8;3.6
54;2021-03-26;3516;818;96871;26831;13.3;3.7
54;2021-03-27;2419;289;99290;27120;13.6;3.7
54;2021-03-28;278;6;99568;27126;13.6;3.7
54;2021-03-29;1669;386;101237;27512;13.9;3.8
54;2021-03-30;2559;976;103796;28488;14.2;3.9
54;2021-03-31;2598;1148;106394;29636;14.6;4.1
54;2021-04-01;3238;1284;109632;30920;15.0;4.2
54;2021-04-02;2963;1681;112595;32601;15.4;4.5
54;2021-04-03;1263;1307;113858;33908;15.6;4.6
54;2021-04-04;137;420;113995;34328;15.6;4.7
54;2021-04-05;145;573;114140;34901;15.6;4.8
54;2021-04-06;1269;1663;115409;36564;15.8;5.0
54;2021-04-07;926;2257;116335;38821;15.9;5.3
54;2021-04-08;2326;2442;118661;41263;16.2;5.6
54;2021-04-09;4123;3149;122784;44412;16.8;6.1
54;2021-04-10;3208;1679;125992;46091;17.2;6.3
54;2021-04-11;206;1000;126198;47091;17.3;6.4
54;2021-04-12;2199;1531;128397;48622;17.6;6.7
54;2021-04-13;3002;1977;131399;50599;18.0;6.9
54;2021-04-14;3262;1866;134661;52465;18.4;7.2
54;2021-04-15;2876;2298;137537;54763;18.8;7.5
54;2021-04-16;3143;2603;140680;57366;19.3;7.9
54;2021-04-17;3475;1490;144155;58856;19.7;8.1
54;2021-04-18;64;245;144219;59101;19.7;8.1
54;2021-04-19;2462;1082;146681;60183;20.1;8.2
54;2021-04-20;3011;1247;149692;61430;20.5;8.4
54;2021-04-21;4403;1634;154095;63064;21.1;8.6
54;2021-04-22;3721;2387;157816;65451;21.6;9.0
54;2021-04-23;3866;2079;161682;67530;22.1;9.2
54;2021-04-24;2346;1040;164028;68570;22.5;9.4
54;2021-04-25;283;276;164311;68846;22.5;9.4
54;2021-04-26;2306;1272;166617;70118;22.8;9.6
54;2021-04-27;3288;1440;169905;71558;23.3;9.8
54;2021-04-28;2974;1947;172879;73505;23.7;10.1
54;2021-04-29;3795;2078;176674;75583;24.2;10.3
54;2021-04-30;4491;1965;181165;77548;24.8;10.6
54;2021-05-01;2264;802;183429;78350;25.1;10.7
54;2021-05-02;229;68;183658;78418;25.1;10.7
54;2021-05-03;3097;942;186755;79360;25.6;10.9
54;2021-05-04;3517;1452;190272;80812;26.1;11.1
54;2021-05-05;4896;1416;195168;82228;26.7;11.3
54;2021-05-06;4437;2802;199605;85030;27.3;11.6
54;2021-05-07;4825;3402;204430;88432;28.0;12.1
54;2021-05-08;2030;645;206460;89077;28.3;12.2
54;2021-05-09;375;136;206835;89213;28.3;12.2
54;2021-05-10;3208;2242;210043;91455;28.8;12.5
54;2021-05-11;5491;2933;215534;94388;29.5;12.9
54;2021-05-12;4146;3390;219680;97778;30.1;13.4
54;2021-05-13;2648;493;222328;98271;30.4;13.5
54;2021-05-14;6886;1998;229214;100269;31.4;13.7
54;2021-05-15;5484;1319;234698;101588;32.1;13.9
54;2021-05-16;946;111;235644;101699;32.3;13.9
54;2021-05-17;3798;827;239442;102526;32.8;14.0
54;2021-05-18;3289;1104;242731;103630;33.2;14.2
54;2021-05-19;3465;1514;246196;105144;33.7;14.4
54;2021-05-20;4538;1620;250734;106764;34.3;14.6
54;2021-05-21;6755;2507;257489;109271;35.3;15.0
54;2021-05-22;5660;1373;263149;110644;36.0;15.1
54;2021-05-23;504;54;263653;110698;36.1;15.2
54;2021-05-24;1444;343;265097;111041;36.3;15.2
54;2021-05-25;4199;1534;269296;112575;36.9;15.4
54;2021-05-26;3535;2213;272831;114788;37.4;15.7
54;2021-05-27;4182;2431;277013;117219;37.9;16.0
54;2021-05-28;4982;3560;281995;120779;38.6;16.5
54;2021-05-29;3847;3991;285842;124770;39.1;17.1
54;2021-05-30;127;83;285969;124853;39.2;17.1
54;2021-05-31;2939;3065;288908;127918;39.6;17.5
54;2021-06-01;2621;4201;291529;132119;39.9;18.1
54;2021-06-02;2165;4098;293694;136217;40.2;18.6
54;2021-06-03;3145;5656;296839;141873;40.6;19.4
54;2021-06-04;5100;5472;301939;147345;41.3;20.2
54;2021-06-05;2342;3282;304281;150627;41.7;20.6
54;2021-06-06;71;236;304352;150863;41.7;20.7
54;2021-06-07;3706;2935;308058;153798;42.2;21.1
54;2021-06-08;4545;4267;312603;158065;42.8;21.6
54;2021-06-09;6004;3315;318607;161380;43.6;22.1
54;2021-06-10;5299;4453;323906;165833;44.3;22.7
54;2021-06-11;5021;4914;328927;170747;45.0;23.4
54;2021-06-12;4244;3229;333171;173976;45.6;23.8
54;2021-06-13;54;210;333225;174186;45.6;23.8
54;2021-06-14;2331;3593;335556;177779;45.9;24.3
54;2021-06-15;2831;4732;338387;182511;46.3;25.0
54;2021-06-16;3489;5656;341876;188167;46.8;25.8
54;2021-06-17;3138;5219;345014;193386;47.2;26.5
54;2021-06-18;4155;6240;349169;199626;47.8;27.3
54;2021-06-19;2647;3128;351816;202754;48.2;27.8
54;2021-06-20;101;339;351917;203093;48.2;27.8
54;2021-06-21;2558;4768;354475;207861;48.5;28.5
54;2021-06-22;2044;6225;356519;214086;48.8;29.3
54;2021-06-23;2245;5592;358764;219678;49.1;30.1
54;2021-06-24;2093;3456;360857;223134;49.4;30.5
54;2021-06-25;2202;7055;363059;230189;49.7;31.5
54;2021-06-26;2383;5670;365442;235859;50.0;32.3
54;2021-06-27;134;607;365576;236466;50.1;32.4
54;2021-06-28;1962;4349;367538;240815;50.3;33.0
54;2021-06-29;1941;5204;369479;246019;50.6;33.7
54;2021-06-30;1982;5120;371461;251139;50.9;34.4
54;2021-07-01;2140;5984;373601;257123;51.2;35.2
54;2021-07-02;2817;7565;376418;264688;51.5;36.2
54;2021-07-03;2837;4096;379255;268784;51.9;36.8
54;2021-07-04;195;498;379450;269282;52.0;36.9
54;2021-07-05;1670;4255;381120;273537;52.2;37.5
54;2021-07-06;2001;5076;383121;278613;52.5;38.1
54;2021-07-07;1906;4843;385027;283456;52.7;38.8
54;2021-07-08;1679;4112;386706;287568;52.9;39.4
54;2021-07-09;3205;6025;389911;293593;53.4;40.2
54;2021-07-10;2543;4375;392454;297968;53.7;40.8
54;2021-07-11;9;103;392463;298071;53.7;40.8
54;2021-07-12;2100;4690;394563;302761;54.0;41.5
54;2021-07-13;2621;4974;397184;307735;54.4;42.1
54;2021-07-14;1536;1506;398720;309241;54.6;42.3
54;2021-07-15;3174;4837;401894;314078;55.0;43.0
54;2021-07-16;4664;6223;406558;320301;55.7;43.9
54;2021-07-17;4006;4768;410564;325069;56.2;44.5
54;2021-07-18;1804;1682;412368;326751;56.5;44.7
54;2021-07-19;2591;4047;414959;330798;56.8;45.3
54;2021-07-20;2907;4815;417866;335613;57.2;45.9
54;2021-07-21;3132;6337;420998;341950;57.6;46.8
54;2021-07-22;3278;5734;424276;347684;58.1;47.6
54;2021-07-23;3983;6979;428259;354663;58.6;48.6
54;2021-07-24;2947;5323;431206;359986;59.0;49.3
54;2021-07-25;71;50;431277;360036;59.0;49.3
54;2021-07-26;2983;4172;434260;364208;59.5;49.9
54;2021-07-27;3717;4008;437977;368216;60.0;50.4
54;2021-07-28;5205;3868;443182;372084;60.7;50.9
54;2021-07-29;5156;3203;448338;375287;61.4;51.4
54;2021-07-30;5138;5000;453476;380287;62.1;52.1
54;2021-07-31;4532;3227;458008;383514;62.7;52.5
54;2021-08-01;257;73;458265;383587;62.7;52.5
54;2021-08-02;3094;3704;461359;387291;63.2;53.0
54;2021-08-03;4102;2917;465461;390208;63.7;53.4
54;2021-08-04;4416;2696;469877;392904;64.3;53.8
54;2021-08-05;4616;2430;474493;395334;65.0;54.1
54;2021-08-06;5441;3996;479934;399330;65.7;54.7
54;2021-08-07;3665;2832;483599;402162;66.2;55.1
54;2021-08-08;247;114;483846;402276;66.2;55.1
54;2021-08-09;2975;2695;486821;404971;66.7;55.4
54;2021-08-10;2554;3768;489375;408739;67.0;56.0
54;2021-08-11;2327;2568;491702;411307;67.3;56.3
54;2021-08-12;2171;3010;493873;414317;67.6;56.7
54;2021-08-13;2610;4448;496483;418765;68.0;57.3
54;2021-08-14;1425;2077;497908;420842;68.2;57.6
54;2021-08-15;30;43;497938;420885;68.2;57.6
54;2021-08-16;1829;3428;499767;424313;68.4;58.1
54;2021-08-17;1935;3314;501702;427627;68.7;58.5
54;2021-08-18;1484;4101;503186;431728;68.9;59.1
54;2021-08-19;1242;2791;504428;434519;69.1;59.5
54;2021-08-20;1841;4933;506269;439452;69.3;60.2
54;2021-08-21;1452;4016;507721;443468;69.5;60.7
54;2021-08-22;58;27;507779;443495;69.5;60.7
54;2021-08-23;1198;3851;508977;447346;69.7;61.2
54;2021-08-24;1115;3154;510092;450500;69.8;61.7
54;2021-08-25;1401;4378;511493;454878;70.0;62.3
54;2021-08-26;993;3109;512486;457987;70.2;62.7
54;2021-08-27;1495;5322;513981;463309;70.4;63.4
54;2021-08-28;1121;4267;515102;467576;70.5;64.0
54;2021-08-29;15;50;515117;467626;70.5;64.0
54;2021-08-30;1174;4188;516291;471814;70.7;64.6
54;2021-08-31;1044;4694;517335;476508;70.8;65.2
54;2021-09-01;1091;3749;518426;480257;71.0;65.8
54;2021-09-02;716;2164;519142;482421;71.1;66.0
54;2021-09-03;967;3206;520109;485627;71.2;66.5
54;2021-09-04;1140;3420;521249;489047;71.4;67.0
54;2021-09-05;24;31;521273;489078;71.4;67.0
54;2021-09-06;482;1459;521755;490537;71.4;67.2
54;2021-09-07;502;1586;522257;492123;71.5;67.4
55;2020-12-27;0;0;0;0;0.0;0.0
55;2020-12-28;0;0;0;0;0.0;0.0
55;2020-12-29;0;0;0;0;0.0;0.0
55;2020-12-30;0;0;0;0;0.0;0.0
55;2020-12-31;0;0;0;0;0.0;0.0
55;2021-01-01;0;0;0;0;0.0;0.0
55;2021-01-02;0;0;0;0;0.0;0.0
55;2021-01-03;0;0;0;0;0.0;0.0
55;2021-01-04;1;0;1;0;0.0;0.0
55;2021-01-05;0;0;1;0;0.0;0.0
55;2021-01-06;0;0;1;0;0.0;0.0
55;2021-01-07;122;0;123;0;0.1;0.0
55;2021-01-08;127;0;250;0;0.1;0.0
55;2021-01-09;52;0;302;0;0.2;0.0
55;2021-01-10;0;0;302;0;0.2;0.0
55;2021-01-11;128;1;430;1;0.2;0.0
55;2021-01-12;119;0;549;1;0.3;0.0
55;2021-01-13;135;0;684;1;0.4;0.0
55;2021-01-14;644;7;1328;8;0.7;0.0
55;2021-01-15;237;0;1565;8;0.9;0.0
55;2021-01-16;62;0;1627;8;0.9;0.0
55;2021-01-17;1;0;1628;8;0.9;0.0
55;2021-01-18;413;1;2041;9;1.1;0.0
55;2021-01-19;352;3;2393;12;1.3;0.0
55;2021-01-20;455;2;2848;14;1.6;0.0
55;2021-01-21;430;0;3278;14;1.8;0.0
55;2021-01-22;391;0;3669;14;2.0;0.0
55;2021-01-23;49;0;3718;14;2.0;0.0
55;2021-01-24;0;0;3718;14;2.0;0.0
55;2021-01-25;436;0;4154;14;2.3;0.0
55;2021-01-26;431;0;4585;14;2.5;0.0
55;2021-01-27;424;0;5009;14;2.8;0.0
55;2021-01-28;485;97;5494;111;3.0;0.1
55;2021-01-29;159;54;5653;165;3.1;0.1
55;2021-01-30;92;27;5745;192;3.2;0.1
55;2021-01-31;0;0;5745;192;3.2;0.1
55;2021-02-01;153;169;5898;361;3.2;0.2
55;2021-02-02;159;144;6057;505;3.3;0.3
55;2021-02-03;53;153;6110;658;3.4;0.4
55;2021-02-04;234;392;6344;1050;3.5;0.6
55;2021-02-05;174;139;6518;1189;3.6;0.7
55;2021-02-06;62;56;6580;1245;3.6;0.7
55;2021-02-07;2;53;6582;1298;3.6;0.7
55;2021-02-08;0;18;6582;1316;3.6;0.7
55;2021-02-09;92;116;6674;1432;3.7;0.8
55;2021-02-10;65;23;6739;1455;3.7;0.8
55;2021-02-11;175;95;6914;1550;3.8;0.9
55;2021-02-12;94;28;7008;1578;3.9;0.9
55;2021-02-13;0;0;7008;1578;3.9;0.9
55;2021-02-14;0;0;7008;1578;3.9;0.9
55;2021-02-15;15;338;7023;1916;3.9;1.1
55;2021-02-16;143;320;7166;2236;3.9;1.2
55;2021-02-17;26;429;7192;2665;4.0;1.5
55;2021-02-18;20;293;7212;2958;4.0;1.6
55;2021-02-19;125;259;7337;3217;4.0;1.8
55;2021-02-20;11;0;7348;3217;4.0;1.8
55;2021-02-21;0;0;7348;3217;4.0;1.8
55;2021-02-22;55;403;7403;3620;4.1;2.0
55;2021-02-23;85;399;7488;4019;4.1;2.2
55;2021-02-24;72;374;7560;4393;4.2;2.4
55;2021-02-25;270;647;7830;5040;4.3;2.8
55;2021-02-26;324;218;8154;5258;4.5;2.9
55;2021-02-27;125;85;8279;5343;4.6;2.9
55;2021-02-28;2;8;8281;5351;4.6;2.9
55;2021-03-01;77;126;8358;5477;4.6;3.0
55;2021-03-02;124;151;8482;5628;4.7;3.1
55;2021-03-03;198;3;8680;5631;4.8;3.1
55;2021-03-04;238;41;8918;5672;4.9;3.1
55;2021-03-05;362;47;9280;5719;5.1;3.1
55;2021-03-06;224;6;9504;5725;5.2;3.2
55;2021-03-07;74;1;9578;5726;5.3;3.2
55;2021-03-08;329;48;9907;5774;5.5;3.2
55;2021-03-09;635;50;10542;5824;5.8;3.2
55;2021-03-10;397;25;10939;5849;6.0;3.2
55;2021-03-11;597;145;11536;5994;6.4;3.3
55;2021-03-12;816;91;12352;6085;6.8;3.4
55;2021-03-13;523;12;12875;6097;7.1;3.4
55;2021-03-14;14;0;12889;6097;7.1;3.4
55;2021-03-15;393;24;13282;6121;7.3;3.4
55;2021-03-16;568;104;13850;6225;7.6;3.4
55;2021-03-17;683;21;14533;6246;8.0;3.4
55;2021-03-18;323;23;14856;6269;8.2;3.5
55;2021-03-19;471;59;15327;6328;8.4;3.5
55;2021-03-20;254;15;15581;6343;8.6;3.5
55;2021-03-21;1;1;15582;6344;8.6;3.5
55;2021-03-22;474;21;16056;6365;8.8;3.5
55;2021-03-23;972;65;17028;6430;9.4;3.5
55;2021-03-24;802;43;17830;6473;9.8;3.6
55;2021-03-25;1098;81;18928;6554;10.4;3.6
55;2021-03-26;602;36;19530;6590;10.8;3.6
55;2021-03-27;256;23;19786;6613;10.9;3.6
55;2021-03-28;0;0;19786;6613;10.9;3.6
55;2021-03-29;944;39;20730;6652;11.4;3.7
55;2021-03-30;1425;72;22155;6724;12.2;3.7
55;2021-03-31;1484;70;23639;6794;13.0;3.7
55;2021-04-01;1207;127;24846;6921;13.7;3.8
55;2021-04-02;902;74;25748;6995;14.2;3.9
55;2021-04-03;93;12;25841;7007;14.2;3.9
55;2021-04-04;2;0;25843;7007;14.2;3.9
55;2021-04-05;6;12;25849;7019;14.2;3.9
55;2021-04-06;933;277;26782;7296;14.7;4.0
55;2021-04-07;993;237;27775;7533;15.3;4.1
55;2021-04-08;1649;420;29424;7953;16.2;4.4
55;2021-04-09;1430;262;30854;8215;17.0;4.5
55;2021-04-10;242;174;31096;8389;17.1;4.6
55;2021-04-11;452;21;31548;8410;17.4;4.6
55;2021-04-12;855;328;32403;8738;17.8;4.8
55;2021-04-13;1355;529;33758;9267;18.6;5.1
55;2021-04-14;1372;728;35130;9995;19.3;5.5
55;2021-04-15;1636;458;36766;10453;20.2;5.8
55;2021-04-16;705;379;37471;10832;20.6;6.0
55;2021-04-17;677;31;38148;10863;21.0;6.0
55;2021-04-18;38;18;38186;10881;21.0;6.0
55;2021-04-19;961;348;39147;11229;21.6;6.2
55;2021-04-20;1173;772;40320;12001;22.2;6.6
55;2021-04-21;991;640;41311;12641;22.7;7.0
55;2021-04-22;1099;677;42410;13318;23.3;7.3
55;2021-04-23;1424;596;43834;13914;24.1;7.7
55;2021-04-24;313;124;44147;14038;24.3;7.7
55;2021-04-25;384;51;44531;14089;24.5;7.8
55;2021-04-26;478;816;45009;14905;24.8;8.2
55;2021-04-27;570;995;45579;15900;25.1;8.8
55;2021-04-28;931;816;46510;16716;25.6;9.2
55;2021-04-29;1118;858;47628;17574;26.2;9.7
55;2021-04-30;1280;622;48908;18196;26.9;10.0
55;2021-05-01;153;132;49061;18328;27.0;10.1
55;2021-05-02;2;3;49063;18331;27.0;10.1
55;2021-05-03;1208;630;50271;18961;27.7;10.4
55;2021-05-04;683;1177;50954;20138;28.1;11.1
55;2021-05-05;658;1074;51612;21212;28.4;11.7
55;2021-05-06;1348;1159;52960;22371;29.2;12.3
55;2021-05-07;1433;554;54393;22925;29.9;12.6
55;2021-05-08;156;77;54549;23002;30.0;12.7
55;2021-05-09;62;522;54611;23524;30.1;13.0
55;2021-05-10;860;1030;55471;24554;30.5;13.5
55;2021-05-11;1070;1375;56541;25929;31.1;14.3
55;2021-05-12;1031;1766;57572;27695;31.7;15.2
55;2021-05-13;99;75;57671;27770;31.7;15.3
55;2021-05-14;352;558;58023;28328;31.9;15.6
55;2021-05-15;292;492;58315;28820;32.1;15.9
55;2021-05-16;3;10;58318;28830;32.1;15.9
55;2021-05-17;1028;841;59346;29671;32.7;16.3
55;2021-05-18;1567;890;60913;30561;33.5;16.8
55;2021-05-19;1809;781;62722;31342;34.5;17.3
55;2021-05-20;2215;730;64937;32072;35.8;17.7
55;2021-05-21;2011;801;66948;32873;36.9;18.1
55;2021-05-22;198;166;67146;33039;37.0;18.2
55;2021-05-23;23;120;67169;33159;37.0;18.3
55;2021-05-24;0;0;67169;33159;37.0;18.3
55;2021-05-25;1347;653;68516;33812;37.7;18.6
55;2021-05-26;1674;1017;70190;34829;38.6;19.2
55;2021-05-27;1321;982;71511;35811;39.4;19.7
55;2021-05-28;1521;929;73032;36740;40.2;20.2
55;2021-05-29;1403;697;74435;37437;41.0;20.6
55;2021-05-30;15;206;74450;37643;41.0;20.7
55;2021-05-31;1049;1130;75499;38773;41.6;21.3
55;2021-06-01;918;957;76417;39730;42.1;21.9
55;2021-06-02;1163;986;77580;40716;42.7;22.4
55;2021-06-03;703;545;78283;41261;43.1;22.7
55;2021-06-04;1389;1101;79672;42362;43.9;23.3
55;2021-06-05;1366;277;81038;42639;44.6;23.5
55;2021-06-06;0;2;81038;42641;44.6;23.5
55;2021-06-07;790;714;81828;43355;45.0;23.9
55;2021-06-08;699;1075;82527;44430;45.4;24.5
55;2021-06-09;852;869;83379;45299;45.9;24.9
55;2021-06-10;379;275;83758;45574;46.1;25.1
55;2021-06-11;528;1287;84286;46861;46.4;25.8
55;2021-06-12;761;519;85047;47380;46.8;26.1
55;2021-06-13;265;33;85312;47413;47.0;26.1
55;2021-06-14;391;1363;85703;48776;47.2;26.9
55;2021-06-15;574;1212;86277;49988;47.5;27.5
55;2021-06-16;735;832;87012;50820;47.9;28.0
55;2021-06-17;425;858;87437;51678;48.1;28.5
55;2021-06-18;668;1475;88105;53153;48.5;29.3
55;2021-06-19;593;456;88698;53609;48.8;29.5
55;2021-06-20;0;0;88698;53609;48.8;29.5
55;2021-06-21;439;1023;89137;54632;49.1;30.1
55;2021-06-22;335;1013;89472;55645;49.3;30.6
55;2021-06-23;626;1210;90098;56855;49.6;31.3
55;2021-06-24;163;433;90261;57288;49.7;31.5
55;2021-06-25;642;1227;90903;58515;50.0;32.2
55;2021-06-26;418;341;91321;58856;50.3;32.4
55;2021-06-27;1;2;91322;58858;50.3;32.4
55;2021-06-28;149;1380;91471;60238;50.4;33.2
55;2021-06-29;202;1288;91673;61526;50.5;33.9
55;2021-06-30;272;1932;91945;63458;50.6;34.9
55;2021-07-01;388;1978;92333;65436;50.8;36.0
55;2021-07-02;391;1719;92724;67155;51.0;37.0
55;2021-07-03;108;262;92832;67417;51.1;37.1
55;2021-07-04;12;19;92844;67436;51.1;37.1
55;2021-07-05;222;1508;93066;68944;51.2;38.0
55;2021-07-06;327;900;93393;69844;51.4;38.5
55;2021-07-07;388;1801;93781;71645;51.6;39.4
55;2021-07-08;534;1594;94315;73239;51.9;40.3
55;2021-07-09;456;1479;94771;74718;52.2;41.1
55;2021-07-10;356;1112;95127;75830;52.4;41.7
55;2021-07-11;0;9;95127;75839;52.4;41.8
55;2021-07-12;608;1166;95735;77005;52.7;42.4
55;2021-07-13;599;1488;96334;78493;53.0;43.2
55;2021-07-14;1;13;96335;78506;53.0;43.2
55;2021-07-15;782;1645;97117;80151;53.5;44.1
55;2021-07-16;1255;1808;98372;81959;54.2;45.1
55;2021-07-17;1283;821;99655;82780;54.9;45.6
55;2021-07-18;1;2;99656;82782;54.9;45.6
55;2021-07-19;597;785;100253;83567;55.2;46.0
55;2021-07-20;1001;1019;101254;84586;55.7;46.6
55;2021-07-21;1484;1369;102738;85955;56.6;47.3
55;2021-07-22;1175;565;103913;86520;57.2;47.6
55;2021-07-23;1113;1356;105026;87876;57.8;48.4
55;2021-07-24;819;762;105845;88638;58.3;48.8
55;2021-07-25;120;229;105965;88867;58.3;48.9
55;2021-07-26;669;444;106634;89311;58.7;49.2
55;2021-07-27;1168;479;107802;89790;59.3;49.4
55;2021-07-28;1039;1064;108841;90854;59.9;50.0
55;2021-07-29;669;446;109510;91300;60.3;50.3
55;2021-07-30;1271;967;110781;92267;61.0;50.8
55;2021-07-31;713;613;111494;92880;61.4;51.1
55;2021-08-01;9;5;111503;92885;61.4;51.1
55;2021-08-02;628;443;112131;93328;61.7;51.4
55;2021-08-03;642;419;112773;93747;62.1;51.6
55;2021-08-04;1248;953;114021;94700;62.8;52.1
55;2021-08-05;1001;323;115022;95023;63.3;52.3
55;2021-08-06;816;1096;115838;96119;63.8;52.9
55;2021-08-07;596;336;116434;96455;64.1;53.1
55;2021-08-08;0;0;116434;96455;64.1;53.1
55;2021-08-09;402;306;116836;96761;64.3;53.3
55;2021-08-10;435;775;117271;97536;64.6;53.7
55;2021-08-11;592;644;117863;98180;64.9;54.1
55;2021-08-12;325;488;118188;98668;65.1;54.3
55;2021-08-13;427;1110;118615;99778;65.3;54.9
55;2021-08-14;136;192;118751;99970;65.4;55.0
55;2021-08-15;11;5;118762;99975;65.4;55.0
55;2021-08-16;245;739;119007;100714;65.5;55.4
55;2021-08-17;255;291;119262;101005;65.7;55.6
55;2021-08-18;540;1241;119802;102246;66.0;56.3
55;2021-08-19;450;960;120252;103206;66.2;56.8
55;2021-08-20;562;1012;120814;104218;66.5;57.4
55;2021-08-21;292;771;121106;104989;66.7;57.8
55;2021-08-22;8;6;121114;104995;66.7;57.8
55;2021-08-23;353;611;121467;105606;66.9;58.1
55;2021-08-24;303;833;121770;106439;67.0;58.6
55;2021-08-25;665;1172;122435;107611;67.4;59.2
55;2021-08-26;448;1252;122883;108863;67.7;59.9
55;2021-08-27;314;1246;123197;110109;67.8;60.6
55;2021-08-28;382;579;123579;110688;68.0;60.9
55;2021-08-29;215;56;123794;110744;68.2;61.0
55;2021-08-30;129;677;123923;111421;68.2;61.3
55;2021-08-31;282;823;124205;112244;68.4;61.8
55;2021-09-01;542;1269;124747;113513;68.7;62.5
55;2021-09-02;201;893;124948;114406;68.8;63.0
55;2021-09-03;403;1271;125351;115677;69.0;63.7
55;2021-09-04;287;598;125638;116275;69.2;64.0
55;2021-09-05;14;87;125652;116362;69.2;64.1
55;2021-09-06;59;127;125711;116489;69.2;64.1
55;2021-09-07;265;593;125976;117082;69.4;64.5
56;2020-12-27;0;0;0;0;0.0;0.0
56;2020-12-28;1;0;1;0;0.0;0.0
56;2020-12-29;0;0;1;0;0.0;0.0
56;2020-12-30;0;0;1;0;0.0;0.0
56;2020-12-31;0;0;1;0;0.0;0.0
56;2021-01-01;0;0;1;0;0.0;0.0
56;2021-01-02;1;0;2;0;0.0;0.0
56;2021-01-03;2;0;4;0;0.0;0.0
56;2021-01-04;2;0;6;0;0.0;0.0
56;2021-01-05;1;0;7;0;0.0;0.0
56;2021-01-06;2;0;9;0;0.0;0.0
56;2021-01-07;198;0;207;0;0.0;0.0
56;2021-01-08;119;0;326;0;0.0;0.0
56;2021-01-09;1;0;327;0;0.0;0.0
56;2021-01-10;1;0;328;0;0.0;0.0
56;2021-01-11;242;0;570;0;0.1;0.0
56;2021-01-12;754;0;1324;0;0.2;0.0
56;2021-01-13;638;1;1962;1;0.3;0.0
56;2021-01-14;970;2;2932;3;0.4;0.0
56;2021-01-15;843;5;3775;8;0.5;0.0
56;2021-01-16;234;3;4009;11;0.5;0.0
56;2021-01-17;27;0;4036;11;0.5;0.0
56;2021-01-18;1005;1;5041;12;0.7;0.0
56;2021-01-19;866;1;5907;13;0.8;0.0
56;2021-01-20;884;1;6791;14;0.9;0.0
56;2021-01-21;1450;2;8241;16;1.1;0.0
56;2021-01-22;1182;3;9423;19;1.2;0.0
56;2021-01-23;319;2;9742;21;1.3;0.0
56;2021-01-24;6;0;9748;21;1.3;0.0
56;2021-01-25;830;0;10578;21;1.4;0.0
56;2021-01-26;1034;4;11612;25;1.5;0.0
56;2021-01-27;1082;59;12694;84;1.7;0.0
56;2021-01-28;975;120;13669;204;1.8;0.0
56;2021-01-29;873;103;14542;307;1.9;0.0
56;2021-01-30;139;18;14681;325;1.9;0.0
56;2021-01-31;0;0;14681;325;1.9;0.0
56;2021-02-01;479;154;15160;479;2.0;0.1
56;2021-02-02;941;256;16101;735;2.1;0.1
56;2021-02-03;1023;267;17124;1002;2.3;0.1
56;2021-02-04;4701;345;21825;1347;2.9;0.2
56;2021-02-05;3591;425;25416;1772;3.4;0.2
56;2021-02-06;550;167;25966;1939;3.4;0.3
56;2021-02-07;136;26;26102;1965;3.5;0.3
56;2021-02-08;297;272;26399;2237;3.5;0.3
56;2021-02-09;794;475;27193;2712;3.6;0.4
56;2021-02-10;866;681;28059;3393;3.7;0.4
56;2021-02-11;973;1041;29032;4434;3.8;0.6
56;2021-02-12;1151;601;30183;5035;4.0;0.7
56;2021-02-13;220;88;30403;5123;4.0;0.7
56;2021-02-14;6;45;30409;5168;4.0;0.7
56;2021-02-15;622;925;31031;6093;4.1;0.8
56;2021-02-16;1220;651;32251;6744;4.3;0.9
56;2021-02-17;1189;858;33440;7602;4.4;1.0
56;2021-02-18;1352;770;34792;8372;4.6;1.1
56;2021-02-19;1322;787;36114;9159;4.8;1.2
56;2021-02-20;365;214;36479;9373;4.8;1.2
56;2021-02-21;1;0;36480;9373;4.8;1.2
56;2021-02-22;376;628;36856;10001;4.9;1.3
56;2021-02-23;741;828;37597;10829;5.0;1.4
56;2021-02-24;916;1046;38513;11875;5.1;1.6
56;2021-02-25;2031;4141;40544;16016;5.4;2.1
56;2021-02-26;2356;2178;42900;18194;5.7;2.4
56;2021-02-27;745;430;43645;18624;5.8;2.5
56;2021-02-28;15;113;43660;18737;5.8;2.5
56;2021-03-01;648;494;44308;19231;5.9;2.5
56;2021-03-02;979;717;45287;19948;6.0;2.6
56;2021-03-03;1150;835;46437;20783;6.1;2.8
56;2021-03-04;1967;982;48404;21765;6.4;2.9
56;2021-03-05;2582;1391;50986;23156;6.7;3.1
56;2021-03-06;1207;208;52193;23364;6.9;3.1
56;2021-03-07;282;24;52475;23388;6.9;3.1
56;2021-03-08;1141;383;53616;23771;7.1;3.1
56;2021-03-09;2042;620;55658;24391;7.4;3.2
56;2021-03-10;2000;919;57658;25310;7.6;3.3
56;2021-03-11;3252;729;60910;26039;8.1;3.4
56;2021-03-12;4208;812;65118;26851;8.6;3.6
56;2021-03-13;1883;147;67001;26998;8.9;3.6
56;2021-03-14;195;4;67196;27002;8.9;3.6
56;2021-03-15;1285;529;68481;27531;9.1;3.6
56;2021-03-16;1089;1019;69570;28550;9.2;3.8
56;2021-03-17;1371;765;70941;29315;9.4;3.9
56;2021-03-18;2000;1855;72941;31170;9.7;4.1
56;2021-03-19;2943;1377;75884;32547;10.0;4.3
56;2021-03-20;1493;207;77377;32754;10.2;4.3
56;2021-03-21;208;22;77585;32776;10.3;4.3
56;2021-03-22;1611;403;79196;33179;10.5;4.4
56;2021-03-23;2807;682;82003;33861;10.9;4.5
56;2021-03-24;3450;521;85453;34382;11.3;4.6
56;2021-03-25;4239;719;89692;35101;11.9;4.6
56;2021-03-26;5092;763;94784;35864;12.5;4.7
56;2021-03-27;1501;291;96285;36155;12.7;4.8
56;2021-03-28;264;11;96549;36166;12.8;4.8
56;2021-03-29;2236;504;98785;36670;13.1;4.9
56;2021-03-30;3519;784;102304;37454;13.5;5.0
56;2021-03-31;3116;717;105420;38171;14.0;5.1
56;2021-04-01;4078;819;109498;38990;14.5;5.2
56;2021-04-02;3928;943;113426;39933;15.0;5.3
56;2021-04-03;1186;270;114612;40203;15.2;5.3
56;2021-04-04;232;4;114844;40207;15.2;5.3
56;2021-04-05;244;8;115088;40215;15.2;5.3
56;2021-04-06;2826;1233;117914;41448;15.6;5.5
56;2021-04-07;4025;1190;121939;42638;16.1;5.6
56;2021-04-08;5298;1165;127237;43803;16.8;5.8
56;2021-04-09;7391;1282;134628;45085;17.8;6.0
56;2021-04-10;2578;427;137206;45512;18.2;6.0
56;2021-04-11;194;101;137400;45613;18.2;6.0
56;2021-04-12;3933;836;141333;46449;18.7;6.1
56;2021-04-13;5966;1261;147299;47710;19.5;6.3
56;2021-04-14;5167;1431;152466;49141;20.2;6.5
56;2021-04-15;7154;1773;159620;50914;21.1;6.7
56;2021-04-16;7843;2011;167463;52925;22.2;7.0
56;2021-04-17;3132;646;170595;53571;22.6;7.1
56;2021-04-18;528;110;171123;53681;22.6;7.1
56;2021-04-19;3719;1264;174842;54945;23.1;7.3
56;2021-04-20;4107;1979;178949;56924;23.7;7.5
56;2021-04-21;4060;2325;183009;59249;24.2;7.8
56;2021-04-22;5175;1921;188184;61170;24.9;8.1
56;2021-04-23;5171;2417;193355;63587;25.6;8.4
56;2021-04-24;2901;643;196256;64230;26.0;8.5
56;2021-04-25;465;150;196721;64380;26.0;8.5
56;2021-04-26;4709;1666;201430;66046;26.7;8.7
56;2021-04-27;5098;2549;206528;68595;27.3;9.1
56;2021-04-28;4969;2242;211497;70837;28.0;9.4
56;2021-04-29;5842;2938;217339;73775;28.8;9.8
56;2021-04-30;6246;2796;223585;76571;29.6;10.1
56;2021-05-01;2489;362;226074;76933;29.9;10.2
56;2021-05-02;307;254;226381;77187;30.0;10.2
56;2021-05-03;3865;2069;230246;79256;30.5;10.5
56;2021-05-04;4381;3905;234627;83161;31.1;11.0
56;2021-05-05;3523;3873;238150;87034;31.5;11.5
56;2021-05-06;4376;5435;242526;92469;32.1;12.2
56;2021-05-07;4268;4997;246794;97466;32.7;12.9
56;2021-05-08;1644;320;248438;97786;32.9;12.9
56;2021-05-09;495;227;248933;98013;32.9;13.0
56;2021-05-10;3751;3808;252684;101821;33.4;13.5
56;2021-05-11;4170;5048;256854;106869;34.0;14.1
56;2021-05-12;4342;4773;261196;111642;34.6;14.8
56;2021-05-13;2397;1015;263593;112657;34.9;14.9
56;2021-05-14;4228;4357;267821;117014;35.4;15.5
56;2021-05-15;2487;1895;270308;118909;35.8;15.7
56;2021-05-16;237;488;270545;119397;35.8;15.8
56;2021-05-17;2513;3667;273058;123064;36.1;16.3
56;2021-05-18;3520;4099;276578;127163;36.6;16.8
56;2021-05-19;3528;3400;280106;130563;37.1;17.3
56;2021-05-20;3804;4815;283910;135378;37.6;17.9
56;2021-05-21;3746;5225;287656;140603;38.1;18.6
56;2021-05-22;1698;2207;289354;142810;38.3;18.9
56;2021-05-23;284;197;289638;143007;38.3;18.9
56;2021-05-24;2058;498;291696;143505;38.6;19.0
56;2021-05-25;3140;4470;294836;147975;39.0;19.6
56;2021-05-26;3735;3935;298571;151910;39.5;20.1
56;2021-05-27;4362;4868;302933;156778;40.1;20.7
56;2021-05-28;4637;5953;307570;162731;40.7;21.5
56;2021-05-29;1886;1635;309456;164366;41.0;21.8
56;2021-05-30;318;67;309774;164433;41.0;21.8
56;2021-05-31;4502;3220;314276;167653;41.6;22.2
56;2021-06-01;5664;3383;319940;171036;42.3;22.6
56;2021-06-02;5638;2949;325578;173985;43.1;23.0
56;2021-06-03;6188;3299;331766;177284;43.9;23.5
56;2021-06-04;5814;4408;337580;181692;44.7;24.0
56;2021-06-05;4346;2381;341926;184073;45.3;24.4
56;2021-06-06;496;616;342422;184689;45.3;24.4
56;2021-06-07;5104;3172;347526;187861;46.0;24.9
56;2021-06-08;6071;3373;353597;191234;46.8;25.3
56;2021-06-09;6433;2812;360030;194046;47.7;25.7
56;2021-06-10;7479;2873;367509;196919;48.6;26.1
56;2021-06-11;6765;3869;374274;200788;49.5;26.6
56;2021-06-12;5102;2065;379376;202853;50.2;26.8
56;2021-06-13;1980;439;381356;203292;50.5;26.9
56;2021-06-14;3311;4593;384667;207885;50.9;27.5
56;2021-06-15;4202;4891;388869;212776;51.5;28.2
56;2021-06-16;4496;4504;393365;217280;52.1;28.8
56;2021-06-17;4258;4748;397623;222028;52.6;29.4
56;2021-06-18;4517;5975;402140;228003;53.2;30.2
56;2021-06-19;3837;2143;405977;230146;53.7;30.5
56;2021-06-20;1504;340;407481;230486;53.9;30.5
56;2021-06-21;3308;4462;410789;234948;54.4;31.1
56;2021-06-22;3485;5439;414274;240387;54.8;31.8
56;2021-06-23;3765;5062;418039;245449;55.3;32.5
56;2021-06-24;3477;5318;421516;250767;55.8;33.2
56;2021-06-25;3884;6281;425400;257048;56.3;34.0
56;2021-06-26;3204;2916;428604;259964;56.7;34.4
56;2021-06-27;305;163;428909;260127;56.8;34.4
56;2021-06-28;1575;3982;430484;264109;57.0;35.0
56;2021-06-29;2436;5763;432920;269872;57.3;35.7
56;2021-06-30;2498;5560;435418;275432;57.6;36.5
56;2021-07-01;2734;4955;438152;280387;58.0;37.1
56;2021-07-02;2657;6205;440809;286592;58.3;37.9
56;2021-07-03;2205;2683;443014;289275;58.6;38.3
56;2021-07-04;779;811;443793;290086;58.7;38.4
56;2021-07-05;1872;5442;445665;295528;59.0;39.1
56;2021-07-06;2190;5933;447855;301461;59.3;39.9
56;2021-07-07;2845;5645;450700;307106;59.7;40.6
56;2021-07-08;3086;6037;453786;313143;60.1;41.4
56;2021-07-09;2218;7098;456004;320241;60.4;42.4
56;2021-07-10;1127;3004;457131;323245;60.5;42.8
56;2021-07-11;256;344;457387;323589;60.5;42.8
56;2021-07-12;2183;6607;459570;330196;60.8;43.7
56;2021-07-13;3261;7467;462831;337663;61.3;44.7
56;2021-07-14;1784;2591;464615;340254;61.5;45.0
56;2021-07-15;3821;7067;468436;347321;62.0;46.0
56;2021-07-16;4078;8090;472514;355411;62.5;47.0
56;2021-07-17;2319;3521;474833;358932;62.8;47.5
56;2021-07-18;256;478;475089;359410;62.9;47.6
56;2021-07-19;2865;6356;477954;365766;63.3;48.4
56;2021-07-20;3725;7916;481679;373682;63.8;49.5
56;2021-07-21;3095;7520;484774;381202;64.2;50.5
56;2021-07-22;4394;8033;489168;389235;64.7;51.5
56;2021-07-23;4392;8407;493560;397642;65.3;52.6
56;2021-07-24;1688;4601;495248;402243;65.5;53.2
56;2021-07-25;552;1918;495800;404161;65.6;53.5
56;2021-07-26;3678;5462;499478;409623;66.1;54.2
56;2021-07-27;5373;6199;504851;415822;66.8;55.0
56;2021-07-28;4689;5463;509540;421285;67.4;55.8
56;2021-07-29;5381;5628;514921;426913;68.2;56.5
56;2021-07-30;5385;5859;520306;432772;68.9;57.3
56;2021-07-31;2157;2691;522463;435463;69.1;57.6
56;2021-08-01;1246;977;523709;436440;69.3;57.8
56;2021-08-02;4510;4602;528219;441042;69.9;58.4
56;2021-08-03;6380;4958;534599;446000;70.8;59.0
56;2021-08-04;5952;4360;540551;450360;71.5;59.6
56;2021-08-05;6099;4603;546650;454963;72.3;60.2
56;2021-08-06;5847;4917;552497;459880;73.1;60.9
56;2021-08-07;2851;2225;555348;462105;73.5;61.2
56;2021-08-08;1826;562;557174;462667;73.7;61.2
56;2021-08-09;3923;4267;561097;466934;74.3;61.8
56;2021-08-10;4927;4607;566024;471541;74.9;62.4
56;2021-08-11;4558;4143;570582;475684;75.5;63.0
56;2021-08-12;4477;4542;575059;480226;76.1;63.6
56;2021-08-13;4208;4807;579267;485033;76.7;64.2
56;2021-08-14;1779;2139;581046;487172;76.9;64.5
56;2021-08-15;349;485;581395;487657;76.9;64.5
56;2021-08-16;3054;4518;584449;492175;77.4;65.1
56;2021-08-17;3752;5052;588201;497227;77.8;65.8
56;2021-08-18;3725;4607;591926;501834;78.3;66.4
56;2021-08-19;3052;4988;594978;506822;78.7;67.1
56;2021-08-20;2890;5261;597868;512083;79.1;67.8
56;2021-08-21;1151;2398;599019;514481;79.3;68.1
56;2021-08-22;129;503;599148;514984;79.3;68.2
56;2021-08-23;1918;4968;601066;519952;79.6;68.8
56;2021-08-24;1919;5515;602985;525467;79.8;69.5
56;2021-08-25;1700;5057;604685;530524;80.0;70.2
56;2021-08-26;1396;5322;606081;535846;80.2;70.9
56;2021-08-27;1735;5873;607816;541719;80.4;71.7
56;2021-08-28;592;2801;608408;544520;80.5;72.1
56;2021-08-29;79;477;608487;544997;80.5;72.1
56;2021-08-30;1374;4743;609861;549740;80.7;72.8
56;2021-08-31;1472;4791;611333;554531;80.9;73.4
56;2021-09-01;1315;4196;612648;558727;81.1;73.9
56;2021-09-02;1076;4037;613724;562764;81.2;74.5
56;2021-09-03;1086;4595;614810;567359;81.4;75.1
56;2021-09-04;747;2442;615557;569801;81.5;75.4
56;2021-09-05;121;371;615678;570172;81.5;75.5
56;2021-09-06;874;3621;616552;573793;81.6;75.9
56;2021-09-07;810;3465;617362;577258;81.7;76.4
57;2020-12-27;2;0;2;0;0.0;0.0
57;2020-12-28;0;0;2;0;0.0;0.0
57;2020-12-29;1;0;3;0;0.0;0.0
57;2020-12-30;1;0;4;0;0.0;0.0
57;2020-12-31;0;0;4;0;0.0;0.0
57;2021-01-01;1;0;5;0;0.0;0.0
57;2021-01-02;3;0;8;0;0.0;0.0
57;2021-01-03;0;0;8;0;0.0;0.0
57;2021-01-04;17;0;25;0;0.0;0.0
57;2021-01-05;199;0;224;0;0.0;0.0
57;2021-01-06;226;1;450;1;0.0;0.0
57;2021-01-07;585;2;1035;3;0.1;0.0
57;2021-01-08;509;2;1544;5;0.1;0.0
57;2021-01-09;202;0;1746;5;0.2;0.0
57;2021-01-10;108;1;1854;6;0.2;0.0
57;2021-01-11;470;1;2324;7;0.2;0.0
57;2021-01-12;613;6;2937;13;0.3;0.0
57;2021-01-13;695;2;3632;15;0.4;0.0
57;2021-01-14;707;6;4339;21;0.4;0.0
57;2021-01-15;636;5;4975;26;0.5;0.0
57;2021-01-16;452;1;5427;27;0.5;0.0
57;2021-01-17;493;1;5920;28;0.6;0.0
57;2021-01-18;2715;20;8635;48;0.8;0.0
57;2021-01-19;2567;20;11202;68;1.1;0.0
57;2021-01-20;2763;22;13965;90;1.3;0.0
57;2021-01-21;1797;5;15762;95;1.5;0.0
57;2021-01-22;1325;7;17087;102;1.6;0.0
57;2021-01-23;543;15;17630;117;1.7;0.0
57;2021-01-24;1;0;17631;117;1.7;0.0
57;2021-01-25;869;177;18500;294;1.8;0.0
57;2021-01-26;1112;203;19612;497;1.9;0.0
57;2021-01-27;1070;172;20682;669;2.0;0.1
57;2021-01-28;1040;281;21722;950;2.1;0.1
57;2021-01-29;982;377;22704;1327;2.2;0.1
57;2021-01-30;440;85;23144;1412;2.2;0.1
57;2021-01-31;11;21;23155;1433;2.2;0.1
57;2021-02-01;827;332;23982;1765;2.3;0.2
57;2021-02-02;989;349;24971;2114;2.4;0.2
57;2021-02-03;986;305;25957;2419;2.5;0.2
57;2021-02-04;1138;784;27095;3203;2.6;0.3
57;2021-02-05;930;334;28025;3537;2.7;0.3
57;2021-02-06;481;329;28506;3866;2.8;0.4
57;2021-02-07;103;333;28609;4199;2.8;0.4
57;2021-02-08;1258;1529;29867;5728;2.9;0.6
57;2021-02-09;1764;1632;31631;7360;3.1;0.7
57;2021-02-10;1712;2010;33343;9370;3.2;0.9
57;2021-02-11;1486;1275;34829;10645;3.4;1.0
57;2021-02-12;1227;648;36056;11293;3.5;1.1
57;2021-02-13;1152;147;37208;11440;3.6;1.1
57;2021-02-14;1210;28;38418;11468;3.7;1.1
57;2021-02-15;766;787;39184;12255;3.8;1.2
57;2021-02-16;1074;724;40258;12979;3.9;1.3
57;2021-02-17;1009;876;41267;13855;4.0;1.3
57;2021-02-18;974;1054;42241;14909;4.1;1.4
57;2021-02-19;956;822;43197;15731;4.2;1.5
57;2021-02-20;1173;540;44370;16271;4.3;1.6
57;2021-02-21;323;13;44693;16284;4.3;1.6
57;2021-02-22;1230;808;45923;17092;4.4;1.7
57;2021-02-23;2235;997;48158;18089;4.6;1.7
57;2021-02-24;2287;922;50445;19011;4.9;1.8
57;2021-02-25;3299;1015;53744;20026;5.2;1.9
57;2021-02-26;3590;894;57334;20920;5.5;2.0
57;2021-02-27;3697;508;61031;21428;5.9;2.1
57;2021-02-28;1896;59;62927;21487;6.1;2.1
57;2021-03-01;2053;1286;64980;22773;6.3;2.2
57;2021-03-02;2858;1531;67838;24304;6.5;2.3
57;2021-03-03;2806;1554;70644;25858;6.8;2.5
57;2021-03-04;3274;1263;73918;27121;7.1;2.6
57;2021-03-05;4457;1208;78375;28329;7.6;2.7
57;2021-03-06;7245;750;85620;29079;8.3;2.8
57;2021-03-07;6071;273;91691;29352;8.9;2.8
57;2021-03-08;2298;985;93989;30337;9.1;2.9
57;2021-03-09;3386;1283;97375;31620;9.4;3.1
57;2021-03-10;3582;961;100957;32581;9.7;3.1
57;2021-03-11;4038;1237;104995;33818;10.1;3.3
57;2021-03-12;5109;1194;110104;35012;10.6;3.4
57;2021-03-13;6284;977;116388;35989;11.2;3.5
57;2021-03-14;2425;427;118813;36416;11.5;3.5
57;2021-03-15;2962;873;121775;37289;11.8;3.6
57;2021-03-16;3061;1270;124836;38559;12.1;3.7
57;2021-03-17;3050;1142;127886;39701;12.3;3.8
57;2021-03-18;3401;1067;131287;40768;12.7;3.9
57;2021-03-19;4627;1038;135914;41806;13.1;4.0
57;2021-03-20;4702;1032;140616;42838;13.6;4.1
57;2021-03-21;1895;255;142511;43093;13.8;4.2
57;2021-03-22;2480;1466;144991;44559;14.0;4.3
57;2021-03-23;3442;2332;148433;46891;14.3;4.5
57;2021-03-24;3896;2142;152329;49033;14.7;4.7
57;2021-03-25;4741;2591;157070;51624;15.2;5.0
57;2021-03-26;4842;2254;161912;53878;15.6;5.2
57;2021-03-27;3710;3146;165622;57024;16.0;5.5
57;2021-03-28;1401;1843;167023;58867;16.1;5.7
57;2021-03-29;1934;2162;168957;61029;16.3;5.9
57;2021-03-30;3300;2472;172257;63501;16.6;6.1
57;2021-03-31;2824;2293;175081;65794;16.9;6.4
57;2021-04-01;3222;3165;178303;68959;17.2;6.7
57;2021-04-02;2392;2573;180695;71532;17.4;6.9
57;2021-04-03;2566;2658;183261;74190;17.7;7.2
57;2021-04-04;593;968;183854;75158;17.7;7.3
57;2021-04-05;1922;673;185776;75831;17.9;7.3
57;2021-04-06;2452;2827;188228;78658;18.2;7.6
57;2021-04-07;3812;3096;192040;81754;18.5;7.9
57;2021-04-08;5613;2906;197653;84660;19.1;8.2
57;2021-04-09;5014;2730;202667;87390;19.6;8.4
57;2021-04-10;2353;3642;205020;91032;19.8;8.8
57;2021-04-11;1099;1891;206119;92923;19.9;9.0
57;2021-04-12;1795;2748;207914;95671;20.1;9.2
57;2021-04-13;1976;3032;209890;98703;20.3;9.5
57;2021-04-14;1919;2988;211809;101691;20.4;9.8
57;2021-04-15;2367;3427;214176;105118;20.7;10.1
57;2021-04-16;2701;3290;216877;108408;20.9;10.5
57;2021-04-17;2473;3180;219350;111588;21.2;10.8
57;2021-04-18;1244;1773;220594;113361;21.3;10.9
57;2021-04-19;2141;2258;222735;115619;21.5;11.2
57;2021-04-20;2514;2782;225249;118401;21.7;11.4
57;2021-04-21;2570;2379;227819;120780;22.0;11.7
57;2021-04-22;3207;2251;231026;123031;22.3;11.9
57;2021-04-23;4055;2572;235081;125603;22.7;12.1
57;2021-04-24;3395;2562;238476;128165;23.0;12.4
57;2021-04-25;757;1126;239233;129291;23.1;12.5
57;2021-04-26;2971;1993;242204;131284;23.4;12.7
57;2021-04-27;3899;2374;246103;133658;23.8;12.9
57;2021-04-28;4212;2589;250315;136247;24.2;13.2
57;2021-04-29;5260;3451;255575;139698;24.7;13.5
57;2021-04-30;4730;3546;260305;143244;25.1;13.8
57;2021-05-01;2353;1686;262658;144930;25.4;14.0
57;2021-05-02;790;912;263448;145842;25.4;14.1
57;2021-05-03;3565;2993;267013;148835;25.8;14.4
57;2021-05-04;4871;3158;271884;151993;26.2;14.7
57;2021-05-05;6122;3167;278006;155160;26.8;15.0
57;2021-05-06;5992;3280;283998;158440;27.4;15.3
57;2021-05-07;6853;3440;290851;161880;28.1;15.6
57;2021-05-08;4053;1604;294904;163484;28.5;15.8
57;2021-05-09;2049;1114;296953;164598;28.7;15.9
57;2021-05-10;5129;3069;302082;167667;29.2;16.2
57;2021-05-11;7450;2849;309532;170516;29.9;16.5
57;2021-05-12;7847;3245;317379;173761;30.6;16.8
57;2021-05-13;4511;915;321890;174676;31.1;16.9
57;2021-05-14;7838;2629;329728;177305;31.8;17.1
57;2021-05-15;5967;2045;335695;179350;32.4;17.3
57;2021-05-16;3308;577;339003;179927;32.7;17.4
57;2021-05-17;3866;2068;342869;181995;33.1;17.6
57;2021-05-18;6292;2105;349161;184100;33.7;17.8
57;2021-05-19;7023;2329;356184;186429;34.4;18.0
57;2021-05-20;6052;2180;362236;188609;35.0;18.2
57;2021-05-21;7565;2922;369801;191531;35.7;18.5
57;2021-05-22;4894;2171;374695;193702;36.2;18.7
57;2021-05-23;1964;431;376659;194133;36.4;18.7
57;2021-05-24;3032;1057;379691;195190;36.7;18.8
57;2021-05-25;5577;2805;385268;197995;37.2;19.1
57;2021-05-26;6377;3181;391645;201176;37.8;19.4
57;2021-05-27;5795;3121;397440;204297;38.4;19.7
57;2021-05-28;7026;4741;404466;209038;39.0;20.2
57;2021-05-29;5224;4248;409690;213286;39.6;20.6
57;2021-05-30;1967;1743;411657;215029;39.7;20.8
57;2021-05-31;4319;3338;415976;218367;40.2;21.1
57;2021-06-01;5936;3713;421912;222080;40.7;21.4
57;2021-06-02;6342;3901;428254;225981;41.3;21.8
57;2021-06-03;6215;3702;434469;229683;41.9;22.2
57;2021-06-04;7570;4990;442039;234673;42.7;22.7
57;2021-06-05;4768;4031;446807;238704;43.1;23.0
57;2021-06-06;1993;890;448800;239594;43.3;23.1
57;2021-06-07;4325;4036;453125;243630;43.7;23.5
57;2021-06-08;6720;4318;459845;247948;44.4;23.9
57;2021-06-09;6884;4157;466729;252105;45.1;24.3
57;2021-06-10;6221;4598;472950;256703;45.7;24.8
57;2021-06-11;5368;5367;478318;262070;46.2;25.3
57;2021-06-12;5743;4452;484061;266522;46.7;25.7
57;2021-06-13;1500;1142;485561;267664;46.9;25.8
57;2021-06-14;3384;4703;488945;272367;47.2;26.3
57;2021-06-15;3818;6023;492763;278390;47.6;26.9
57;2021-06-16;4402;6597;497165;284987;48.0;27.5
57;2021-06-17;4200;6072;501365;291059;48.4;28.1
57;2021-06-18;4275;7308;505640;298367;48.8;28.8
57;2021-06-19;4157;6291;509797;304658;49.2;29.4
57;2021-06-20;987;1667;510784;306325;49.3;29.6
57;2021-06-21;2069;5970;512853;312295;49.5;30.1
57;2021-06-22;2644;7988;515497;320283;49.8;30.9
57;2021-06-23;3076;8386;518573;328669;50.1;31.7
57;2021-06-24;2457;5289;521030;333958;50.3;32.2
57;2021-06-25;2857;7826;523887;341784;50.6;33.0
57;2021-06-26;2871;7259;526758;349043;50.9;33.7
57;2021-06-27;754;2987;527512;352030;50.9;34.0
57;2021-06-28;1591;5078;529103;357108;51.1;34.5
57;2021-06-29;2086;6831;531189;363939;51.3;35.1
57;2021-06-30;3066;7326;534255;371265;51.6;35.8
57;2021-07-01;2698;5960;536953;377225;51.8;36.4
57;2021-07-02;2700;8081;539653;385306;52.1;37.2
57;2021-07-03;3240;6529;542893;391835;52.4;37.8
57;2021-07-04;946;2467;543839;394302;52.5;38.1
57;2021-07-05;1711;4606;545550;398908;52.7;38.5
57;2021-07-06;2427;6480;547977;405388;52.9;39.1
57;2021-07-07;2731;7091;550708;412479;53.2;39.8
57;2021-07-08;2495;5877;553203;418356;53.4;40.4
57;2021-07-09;3430;8415;556633;426771;53.7;41.2
57;2021-07-10;3097;6939;559730;433710;54.0;41.9
57;2021-07-11;855;2232;560585;435942;54.1;42.1
57;2021-07-12;2441;6435;563026;442377;54.4;42.7
57;2021-07-13;4415;7505;567441;449882;54.8;43.4
57;2021-07-14;2825;3842;570266;453724;55.1;43.8
57;2021-07-15;3956;7788;574222;461512;55.4;44.6
57;2021-07-16;5642;9830;579864;471342;56.0;45.5
57;2021-07-17;5827;7288;585691;478630;56.5;46.2
57;2021-07-18;1493;2661;587184;481291;56.7;46.5
57;2021-07-19;2372;6205;589556;487496;56.9;47.1
57;2021-07-20;4324;6912;593880;494408;57.3;47.7
57;2021-07-21;5301;6904;599181;501312;57.8;48.4
57;2021-07-22;5955;5960;605136;507272;58.4;49.0
57;2021-07-23;7021;6406;612157;513678;59.1;49.6
57;2021-07-24;4534;7038;616691;520716;59.5;50.3
57;2021-07-25;1335;1769;618026;522485;59.7;50.4
57;2021-07-26;3725;4492;621751;526977;60.0;50.9
57;2021-07-27;6869;4947;628620;531924;60.7;51.4
57;2021-07-28;7484;4563;636104;536487;61.4;51.8
57;2021-07-29;7626;4591;643730;541078;62.1;52.2
57;2021-07-30;6875;4897;650605;545975;62.8;52.7
57;2021-07-31;5708;5018;656313;550993;63.4;53.2
57;2021-08-01;2025;1115;658338;552108;63.6;53.3
57;2021-08-02;3523;3180;661861;555288;63.9;53.6
57;2021-08-03;5497;4281;667358;559569;64.4;54.0
57;2021-08-04;5225;3457;672583;563026;64.9;54.4
57;2021-08-05;5376;3776;677959;566802;65.4;54.7
57;2021-08-06;5623;4852;683582;571654;66.0;55.2
57;2021-08-07;4574;5156;688156;576810;66.4;55.7
57;2021-08-08;1476;1506;689632;578316;66.6;55.8
57;2021-08-09;2618;3169;692250;581485;66.8;56.1
57;2021-08-10;3517;3789;695767;585274;67.2;56.5
57;2021-08-11;3712;4023;699479;589297;67.5;56.9
57;2021-08-12;3150;5218;702629;594515;67.8;57.4
57;2021-08-13;3480;4728;706109;599243;68.2;57.8
57;2021-08-14;2159;5183;708268;604426;68.4;58.3
57;2021-08-15;529;1092;708797;605518;68.4;58.5
57;2021-08-16;1781;3564;710578;609082;68.6;58.8
57;2021-08-17;2362;5358;712940;614440;68.8;59.3
57;2021-08-18;2437;5373;715377;619813;69.1;59.8
57;2021-08-19;2201;5483;717578;625296;69.3;60.4
57;2021-08-20;2045;6018;719623;631314;69.5;60.9
57;2021-08-21;1860;5384;721483;636698;69.7;61.5
57;2021-08-22;455;1528;721938;638226;69.7;61.6
57;2021-08-23;1143;3716;723081;641942;69.8;62.0
57;2021-08-24;1803;5612;724884;647554;70.0;62.5
57;2021-08-25;1600;5314;726484;652868;70.1;63.0
57;2021-08-26;1578;4665;728062;657533;70.3;63.5
57;2021-08-27;1761;5889;729823;663422;70.5;64.0
57;2021-08-28;2001;5377;731824;668799;70.6;64.6
57;2021-08-29;340;1088;732164;669887;70.7;64.7
57;2021-08-30;1028;3259;733192;673146;70.8;65.0
57;2021-08-31;1528;4415;734720;677561;70.9;65.4
57;2021-09-01;1424;4138;736144;681699;71.1;65.8
57;2021-09-02;1156;3393;737300;685092;71.2;66.1
57;2021-09-03;1547;4332;738847;689424;71.3;66.6
57;2021-09-04;1662;3984;740509;693408;71.5;66.9
57;2021-09-05;379;923;740888;694331;71.5;67.0
57;2021-09-06;747;2125;741635;696456;71.6;67.2
57;2021-09-07;666;2215;742301;698671;71.7;67.4
58;2020-12-27;0;0;0;0;0.0;0.0
58;2020-12-28;0;0;0;0;0.0;0.0
58;2020-12-29;1;0;1;0;0.0;0.0
58;2020-12-30;0;0;1;0;0.0;0.0
58;2020-12-31;0;0;1;0;0.0;0.0
58;2021-01-01;0;0;1;0;0.0;0.0
58;2021-01-02;0;0;1;0;0.0;0.0
58;2021-01-03;1;0;2;0;0.0;0.0
58;2021-01-04;0;0;2;0;0.0;0.0
58;2021-01-05;2;0;4;0;0.0;0.0
58;2021-01-06;145;0;149;0;0.1;0.0
58;2021-01-07;241;0;390;0;0.2;0.0
58;2021-01-08;63;0;453;0;0.2;0.0
58;2021-01-09;1;0;454;0;0.2;0.0
58;2021-01-10;0;0;454;0;0.2;0.0
58;2021-01-11;54;0;508;0;0.3;0.0
58;2021-01-12;258;0;766;0;0.4;0.0
58;2021-01-13;406;0;1172;0;0.6;0.0
58;2021-01-14;291;1;1463;1;0.7;0.0
58;2021-01-15;141;0;1604;1;0.8;0.0
58;2021-01-16;10;1;1614;2;0.8;0.0
58;2021-01-17;0;0;1614;2;0.8;0.0
58;2021-01-18;413;1;2027;3;1.0;0.0
58;2021-01-19;987;2;3014;5;1.5;0.0
58;2021-01-20;1206;2;4220;7;2.1;0.0
58;2021-01-21;962;4;5182;11;2.6;0.0
58;2021-01-22;779;3;5961;14;3.0;0.0
58;2021-01-23;251;0;6212;14;3.1;0.0
58;2021-01-24;2;0;6214;14;3.1;0.0
58;2021-01-25;439;0;6653;14;3.3;0.0
58;2021-01-26;650;3;7303;17;3.7;0.0
58;2021-01-27;604;44;7907;61;4.0;0.0
58;2021-01-28;756;66;8663;127;4.3;0.1
58;2021-01-29;837;5;9500;132;4.8;0.1
58;2021-01-30;281;0;9781;132;4.9;0.1
58;2021-01-31;10;0;9791;132;4.9;0.1
58;2021-02-01;200;71;9991;203;5.0;0.1
58;2021-02-02;566;81;10557;284;5.3;0.1
58;2021-02-03;279;141;10836;425;5.4;0.2
58;2021-02-04;285;91;11121;516;5.6;0.3
58;2021-02-05;184;89;11305;605;5.7;0.3
58;2021-02-06;89;0;11394;605;5.7;0.3
58;2021-02-07;0;0;11394;605;5.7;0.3
58;2021-02-08;306;63;11700;668;5.9;0.3
58;2021-02-09;503;308;12203;976;6.1;0.5
58;2021-02-10;350;369;12553;1345;6.3;0.7
58;2021-02-11;287;373;12840;1718;6.4;0.9
58;2021-02-12;243;200;13083;1918;6.6;1.0
58;2021-02-13;83;29;13166;1947;6.6;1.0
58;2021-02-14;0;3;13166;1950;6.6;1.0
58;2021-02-15;114;444;13280;2394;6.7;1.2
58;2021-02-16;208;816;13488;3210;6.8;1.6
58;2021-02-17;221;681;13709;3891;6.9;1.9
58;2021-02-18;187;693;13896;4584;7.0;2.3
58;2021-02-19;241;650;14137;5234;7.1;2.6
58;2021-02-20;62;200;14199;5434;7.1;2.7
58;2021-02-21;0;30;14199;5464;7.1;2.7
58;2021-02-22;78;357;14277;5821;7.2;2.9
58;2021-02-23;49;563;14326;6384;7.2;3.2
58;2021-02-24;39;558;14365;6942;7.2;3.5
58;2021-02-25;252;650;14617;7592;7.3;3.8
58;2021-02-26;246;568;14863;8160;7.4;4.1
58;2021-02-27;104;174;14967;8334;7.5;4.2
58;2021-02-28;11;8;14978;8342;7.5;4.2
58;2021-03-01;145;221;15123;8563;7.6;4.3
58;2021-03-02;416;603;15539;9166;7.8;4.6
58;2021-03-03;524;287;16063;9453;8.0;4.7
58;2021-03-04;725;269;16788;9722;8.4;4.9
58;2021-03-05;867;202;17655;9924;8.8;5.0
58;2021-03-06;574;87;18229;10011;9.1;5.0
58;2021-03-07;63;10;18292;10021;9.2;5.0
58;2021-03-08;156;296;18448;10317;9.2;5.2
58;2021-03-09;544;541;18992;10858;9.5;5.4
58;2021-03-10;838;239;19830;11097;9.9;5.6
58;2021-03-11;857;271;20687;11368;10.4;5.7
58;2021-03-12;862;198;21549;11566;10.8;5.8
58;2021-03-13;506;66;22055;11632;11.0;5.8
58;2021-03-14;34;1;22089;11633;11.1;5.8
58;2021-03-15;528;108;22617;11741;11.3;5.9
58;2021-03-16;726;223;23343;11964;11.7;6.0
58;2021-03-17;756;193;24099;12157;12.1;6.1
58;2021-03-18;584;174;24683;12331;12.4;6.2
58;2021-03-19;538;101;25221;12432;12.6;6.2
58;2021-03-20;322;64;25543;12496;12.8;6.3
58;2021-03-21;17;0;25560;12496;12.8;6.3
58;2021-03-22;795;25;26355;12521;13.2;6.3
58;2021-03-23;1636;43;27991;12564;14.0;6.3
58;2021-03-24;1369;74;29360;12638;14.7;6.3
58;2021-03-25;1840;45;31200;12683;15.6;6.4
58;2021-03-26;1414;55;32614;12738;16.3;6.4
58;2021-03-27;358;7;32972;12745;16.5;6.4
58;2021-03-28;20;0;32992;12745;16.5;6.4
58;2021-03-29;638;152;33630;12897;16.8;6.5
58;2021-03-30;1186;255;34816;13152;17.4;6.6
58;2021-03-31;1116;394;35932;13546;18.0;6.8
58;2021-04-01;1548;403;37480;13949;18.8;7.0
58;2021-04-02;1464;365;38944;14314;19.5;7.2
58;2021-04-03;568;149;39512;14463;19.8;7.2
58;2021-04-04;1;1;39513;14464;19.8;7.2
58;2021-04-05;47;0;39560;14464;19.8;7.2
58;2021-04-06;823;344;40383;14808;20.2;7.4
58;2021-04-07;695;550;41078;15358;20.6;7.7
58;2021-04-08;1493;427;42571;15785;21.3;7.9
58;2021-04-09;1774;486;44345;16271;22.2;8.2
58;2021-04-10;652;201;44997;16472;22.5;8.3
58;2021-04-11;17;3;45014;16475;22.6;8.3
58;2021-04-12;1117;504;46131;16979;23.1;8.5
58;2021-04-13;1436;630;47567;17609;23.8;8.8
58;2021-04-14;1339;677;48906;18286;24.5;9.2
58;2021-04-15;1433;601;50339;18887;25.2;9.5
58;2021-04-16;1734;512;52073;19399;26.1;9.7
58;2021-04-17;721;232;52794;19631;26.5;9.8
58;2021-04-18;20;7;52814;19638;26.5;9.8
58;2021-04-19;531;603;53345;20241;26.7;10.1
58;2021-04-20;486;1120;53831;21361;27.0;10.7
58;2021-04-21;629;969;54460;22330;27.3;11.2
58;2021-04-22;767;1523;55227;23853;27.7;12.0
58;2021-04-23;919;784;56146;24637;28.1;12.3
58;2021-04-24;211;206;56357;24843;28.2;12.4
58;2021-04-25;109;9;56466;24852;28.3;12.5
58;2021-04-26;762;247;57228;25099;28.7;12.6
58;2021-04-27;1499;1109;58727;26208;29.4;13.1
58;2021-04-28;1536;1048;60263;27256;30.2;13.7
58;2021-04-29;1442;1045;61705;28301;30.9;14.2
58;2021-04-30;1257;940;62962;29241;31.5;14.7
58;2021-05-01;6;17;62968;29258;31.5;14.7
58;2021-05-02;4;2;62972;29260;31.5;14.7
58;2021-05-03;1042;407;64014;29667;32.1;14.9
58;2021-05-04;1075;1348;65089;31015;32.6;15.5
58;2021-05-05;952;1092;66041;32107;33.1;16.1
58;2021-05-06;1363;1058;67404;33165;33.8;16.6
58;2021-05-07;1111;1091;68515;34256;34.3;17.2
58;2021-05-08;59;60;68574;34316;34.4;17.2
58;2021-05-09;7;21;68581;34337;34.4;17.2
58;2021-05-10;875;993;69456;35330;34.8;17.7
58;2021-05-11;1185;1984;70641;37314;35.4;18.7
58;2021-05-12;1661;1557;72302;38871;36.2;19.5
58;2021-05-13;49;183;72351;39054;36.2;19.6
58;2021-05-14;2311;909;74662;39963;37.4;20.0
58;2021-05-15;1725;456;76387;40419;38.3;20.3
58;2021-05-16;118;33;76505;40452;38.3;20.3
58;2021-05-17;793;609;77298;41061;38.7;20.6
58;2021-05-18;1332;1181;78630;42242;39.4;21.2
58;2021-05-19;1737;548;80367;42790;40.3;21.4
58;2021-05-20;1701;672;82068;43462;41.1;21.8
58;2021-05-21;854;724;82922;44186;41.5;22.1
58;2021-05-22;304;240;83226;44426;41.7;22.3
58;2021-05-23;2;21;83228;44447;41.7;22.3
58;2021-05-24;21;42;83249;44489;41.7;22.3
58;2021-05-25;1386;1156;84635;45645;42.4;22.9
58;2021-05-26;845;838;85480;46483;42.8;23.3
58;2021-05-27;753;936;86233;47419;43.2;23.8
58;2021-05-28;429;910;86662;48329;43.4;24.2
58;2021-05-29;151;209;86813;48538;43.5;24.3
58;2021-05-30;21;19;86834;48557;43.5;24.3
58;2021-05-31;757;396;87591;48953;43.9;24.5
58;2021-06-01;1373;1652;88964;50605;44.6;25.4
58;2021-06-02;1468;1048;90432;51653;45.3;25.9
58;2021-06-03;1026;960;91458;52613;45.8;26.4
58;2021-06-04;843;907;92301;53520;46.2;26.8
58;2021-06-05;272;263;92573;53783;46.4;26.9
58;2021-06-06;24;49;92597;53832;46.4;27.0
58;2021-06-07;712;792;93309;54624;46.7;27.4
58;2021-06-08;1324;1758;94633;56382;47.4;28.2
58;2021-06-09;1419;1007;96052;57389;48.1;28.8
58;2021-06-10;1109;976;97161;58365;48.7;29.2
58;2021-06-11;1030;907;98191;59272;49.2;29.7
58;2021-06-12;1056;415;99247;59687;49.7;29.9
58;2021-06-13;36;33;99283;59720;49.7;29.9
58;2021-06-14;516;1016;99799;60736;50.0;30.4
58;2021-06-15;1595;1757;101394;62493;50.8;31.3
58;2021-06-16;1806;993;103200;63486;51.7;31.8
58;2021-06-17;2024;1111;105224;64597;52.7;32.4
58;2021-06-18;987;1063;106211;65660;53.2;32.9
58;2021-06-19;581;319;106792;65979;53.5;33.1
58;2021-06-20;9;2;106801;65981;53.5;33.1
58;2021-06-21;472;553;107273;66534;53.7;33.3
58;2021-06-22;1028;1966;108301;68500;54.3;34.3
58;2021-06-23;1478;1511;109779;70011;55.0;35.1
58;2021-06-24;728;1025;110507;71036;55.4;35.6
58;2021-06-25;826;1719;111333;72755;55.8;36.5
58;2021-06-26;554;1229;111887;73984;56.1;37.1
58;2021-06-27;18;26;111905;74010;56.1;37.1
58;2021-06-28;463;987;112368;74997;56.3;37.6
58;2021-06-29;623;2161;112991;77158;56.6;38.7
58;2021-06-30;998;1625;113989;78783;57.1;39.5
58;2021-07-01;761;1673;114750;80456;57.5;40.3
58;2021-07-02;444;850;115194;81306;57.7;40.7
58;2021-07-03;249;512;115443;81818;57.8;41.0
58;2021-07-04;12;30;115455;81848;57.8;41.0
58;2021-07-05;511;770;115966;82618;58.1;41.4
58;2021-07-06;695;2121;116661;84739;58.4;42.5
58;2021-07-07;389;952;117050;85691;58.6;42.9
58;2021-07-08;399;1019;117449;86710;58.8;43.4
58;2021-07-09;709;1420;118158;88130;59.2;44.2
58;2021-07-10;260;412;118418;88542;59.3;44.4
58;2021-07-11;175;53;118593;88595;59.4;44.4
58;2021-07-12;197;965;118790;89560;59.5;44.9
58;2021-07-13;932;2502;119722;92062;60.0;46.1
58;2021-07-14;27;60;119749;92122;60.0;46.2
58;2021-07-15;1135;1937;120884;94059;60.6;47.1
58;2021-07-16;1412;1448;122296;95507;61.3;47.9
58;2021-07-17;463;288;122759;95795;61.5;48.0
58;2021-07-18;102;21;122861;95816;61.6;48.0
58;2021-07-19;1654;987;124515;96803;62.4;48.5
58;2021-07-20;1407;2454;125922;99257;63.1;49.7
58;2021-07-21;1177;2008;127099;101265;63.7;50.7
58;2021-07-22;1144;1670;128243;102935;64.3;51.6
58;2021-07-23;1265;1446;129508;104381;64.9;52.3
58;2021-07-24;1001;1271;130509;105652;65.4;52.9
58;2021-07-25;89;39;130598;105691;65.4;53.0
58;2021-07-26;981;862;131579;106553;65.9;53.4
58;2021-07-27;1568;2576;133147;109129;66.7;54.7
58;2021-07-28;1574;1973;134721;111102;67.5;55.7
58;2021-07-29;1581;1620;136302;112722;68.3;56.5
58;2021-07-30;1465;1427;137767;114149;69.0;57.2
58;2021-07-31;569;525;138336;114674;69.3;57.5
58;2021-08-01;35;13;138371;114687;69.3;57.5
58;2021-08-02;1588;863;139959;115550;70.1;57.9
58;2021-08-03;2050;1780;142009;117330;71.1;58.8
58;2021-08-04;1309;1183;143318;118513;71.8;59.4
58;2021-08-05;1621;1175;144939;119688;72.6;60.0
58;2021-08-06;1359;1032;146298;120720;73.3;60.5
58;2021-08-07;318;400;146616;121120;73.5;60.7
58;2021-08-08;30;58;146646;121178;73.5;60.7
58;2021-08-09;1084;1386;147730;122564;74.0;61.4
58;2021-08-10;1779;1388;149509;123952;74.9;62.1
58;2021-08-11;1128;781;150637;124733;75.5;62.5
58;2021-08-12;1067;1111;151704;125844;76.0;63.0
58;2021-08-13;931;957;152635;126801;76.5;63.5
58;2021-08-14;233;317;152868;127118;76.6;63.7
58;2021-08-15;13;27;152881;127145;76.6;63.7
58;2021-08-16;309;1404;153190;128549;76.8;64.4
58;2021-08-17;802;1337;153992;129886;77.2;65.1
58;2021-08-18;764;1173;154756;131059;77.5;65.7
58;2021-08-19;721;1342;155477;132401;77.9;66.3
58;2021-08-20;705;1295;156182;133696;78.2;67.0
58;2021-08-21;248;476;156430;134172;78.4;67.2
58;2021-08-22;9;86;156439;134258;78.4;67.3
58;2021-08-23;416;814;156855;135072;78.6;67.7
58;2021-08-24;511;1480;157366;136552;78.8;68.4
58;2021-08-25;435;1543;157801;138095;79.1;69.2
58;2021-08-26;551;1732;158352;139827;79.3;70.1
58;2021-08-27;491;1564;158843;141391;79.6;70.8
58;2021-08-28;241;637;159084;142028;79.7;71.2
58;2021-08-29;9;42;159093;142070;79.7;71.2
58;2021-08-30;357;808;159450;142878;79.9;71.6
58;2021-08-31;482;1607;159932;144485;80.1;72.4
58;2021-09-01;419;1674;160351;146159;80.3;73.2
58;2021-09-02;288;1362;160639;147521;80.5;73.9
58;2021-09-03;363;1563;161002;149084;80.7;74.7
58;2021-09-04;206;700;161208;149784;80.8;75.0
58;2021-09-05;3;27;161211;149811;80.8;75.1
58;2021-09-06;116;560;161327;150371;80.8;75.3
58;2021-09-07;313;986;161640;151357;81.0;75.8
59;2020-12-27;1;0;1;0;0.0;0.0
59;2020-12-28;27;0;28;0;0.0;0.0
59;2020-12-29;0;0;28;0;0.0;0.0
59;2020-12-30;0;0;28;0;0.0;0.0
59;2020-12-31;1;0;29;0;0.0;0.0
59;2021-01-01;3;0;32;0;0.0;0.0
59;2021-01-02;3;0;35;0;0.0;0.0
59;2021-01-03;4;0;39;0;0.0;0.0
59;2021-01-04;79;0;118;0;0.0;0.0
59;2021-01-05;217;0;335;0;0.0;0.0
59;2021-01-06;429;1;764;1;0.0;0.0
59;2021-01-07;1314;0;2078;1;0.1;0.0
59;2021-01-08;1262;5;3340;6;0.1;0.0
59;2021-01-09;609;3;3949;9;0.2;0.0
59;2021-01-10;428;0;4377;9;0.2;0.0
59;2021-01-11;1847;5;6224;14;0.2;0.0
59;2021-01-12;2471;2;8695;16;0.3;0.0
59;2021-01-13;2367;3;11062;19;0.4;0.0
59;2021-01-14;2758;22;13820;41;0.5;0.0
59;2021-01-15;2275;15;16095;56;0.6;0.0
59;2021-01-16;771;1;16866;57;0.7;0.0
59;2021-01-17;560;1;17426;58;0.7;0.0
59;2021-01-18;3510;13;20936;71;0.8;0.0
59;2021-01-19;4755;7;25691;78;1.0;0.0
59;2021-01-20;4135;12;29826;90;1.2;0.0
59;2021-01-21;4729;39;34555;129;1.3;0.0
59;2021-01-22;4024;10;38579;139;1.5;0.0
59;2021-01-23;1215;3;39794;142;1.5;0.0
59;2021-01-24;168;0;39962;142;1.5;0.0
59;2021-01-25;2729;54;42691;196;1.6;0.0
59;2021-01-26;2811;133;45502;329;1.8;0.0
59;2021-01-27;1736;294;47238;623;1.8;0.0
59;2021-01-28;3399;739;50637;1362;2.0;0.1
59;2021-01-29;2541;762;53178;2124;2.1;0.1
59;2021-01-30;288;163;53466;2287;2.1;0.1
59;2021-01-31;24;0;53490;2287;2.1;0.1
59;2021-02-01;78;830;53568;3117;2.1;0.1
59;2021-02-02;686;1385;54254;4502;2.1;0.2
59;2021-02-03;3749;1393;58003;5895;2.2;0.2
59;2021-02-04;2965;1661;60968;7556;2.4;0.3
59;2021-02-05;1053;1337;62021;8893;2.4;0.3
59;2021-02-06;206;320;62227;9213;2.4;0.4
59;2021-02-07;268;49;62495;9262;2.4;0.4
59;2021-02-08;683;1441;63178;10703;2.4;0.4
59;2021-02-09;1014;1662;64192;12365;2.5;0.5
59;2021-02-10;976;1484;65168;13849;2.5;0.5
59;2021-02-11;1347;1696;66515;15545;2.6;0.6
59;2021-02-12;1414;1505;67929;17050;2.6;0.7
59;2021-02-13;207;648;68136;17698;2.6;0.7
59;2021-02-14;13;42;68149;17740;2.6;0.7
59;2021-02-15;1394;2488;69543;20228;2.7;0.8
59;2021-02-16;1436;3081;70979;23309;2.7;0.9
59;2021-02-17;1621;3188;72600;26497;2.8;1.0
59;2021-02-18;3106;4642;75706;31139;2.9;1.2
59;2021-02-19;3211;3304;78917;34443;3.0;1.3
59;2021-02-20;1414;1402;80331;35845;3.1;1.4
59;2021-02-21;242;246;80573;36091;3.1;1.4
59;2021-02-22;1429;2239;82002;38330;3.2;1.5
59;2021-02-23;2659;2592;84661;40922;3.3;1.6
59;2021-02-24;4108;3914;88769;44836;3.4;1.7
59;2021-02-25;6916;3606;95685;48442;3.7;1.9
59;2021-02-26;6496;1786;102181;50228;3.9;1.9
59;2021-02-27;3096;187;105277;50415;4.1;1.9
59;2021-02-28;208;60;105485;50475;4.1;1.9
59;2021-03-01;3693;616;109178;51091;4.2;2.0
59;2021-03-02;4794;543;113972;51634;4.4;2.0
59;2021-03-03;5748;966;119720;52600;4.6;2.0
59;2021-03-04;7084;916;126804;53516;4.9;2.1
59;2021-03-05;7833;934;134637;54450;5.2;2.1
59;2021-03-06;11559;499;146196;54949;5.6;2.1
59;2021-03-07;7586;334;153782;55283;5.9;2.1
59;2021-03-08;4496;1071;158278;56354;6.1;2.2
59;2021-03-09;6581;1394;164859;57748;6.4;2.2
59;2021-03-10;7027;1176;171886;58924;6.6;2.3
59;2021-03-11;9476;1876;181362;60800;7.0;2.3
59;2021-03-12;12158;1553;193520;62353;7.5;2.4
59;2021-03-13;16554;1082;210074;63435;8.1;2.5
59;2021-03-14;6965;327;217039;63762;8.4;2.5
59;2021-03-15;5616;1476;222655;65238;8.6;2.5
59;2021-03-16;3738;1320;226393;66558;8.7;2.6
59;2021-03-17;3856;2080;230249;68638;8.9;2.7
59;2021-03-18;3958;2466;234207;71104;9.0;2.7
59;2021-03-19;7742;1812;241949;72916;9.3;2.8
59;2021-03-20;16025;1274;257974;74190;10.0;2.9
59;2021-03-21;6315;446;264289;74636;10.2;2.9
59;2021-03-22;5448;1757;269737;76393;10.4;3.0
59;2021-03-23;7773;2801;277510;79194;10.7;3.1
59;2021-03-24;6860;2954;284370;82148;11.0;3.2
59;2021-03-25;10532;2550;294902;84698;11.4;3.3
59;2021-03-26;12251;2830;307153;87528;11.9;3.4
59;2021-03-27;15277;1143;322430;88671;12.5;3.4
59;2021-03-28;7984;358;330414;89029;12.8;3.4
59;2021-03-29;5495;3185;335909;92214;13.0;3.6
59;2021-03-30;7540;3746;343449;95960;13.3;3.7
59;2021-03-31;6156;4091;349605;100051;13.5;3.9
59;2021-04-01;7489;4911;357094;104962;13.8;4.1
59;2021-04-02;7647;5510;364741;110472;14.1;4.3
59;2021-04-03;13019;4300;377760;114772;14.6;4.4
59;2021-04-04;5349;2177;383109;116949;14.8;4.5
59;2021-04-05;6015;1534;389124;118483;15.0;4.6
59;2021-04-06;5406;4486;394530;122969;15.2;4.7
59;2021-04-07;7626;5426;402156;128395;15.5;5.0
59;2021-04-08;10395;5755;412551;134150;15.9;5.2
59;2021-04-09;13419;5925;425970;140075;16.5;5.4
59;2021-04-10;11479;6136;437449;146211;16.9;5.6
59;2021-04-11;4636;3561;442085;149772;17.1;5.8
59;2021-04-12;6305;4347;448390;154119;17.3;6.0
59;2021-04-13;8934;4790;457324;158909;17.7;6.1
59;2021-04-14;8789;4343;466113;163252;18.0;6.3
59;2021-04-15;10310;4848;476423;168100;18.4;6.5
59;2021-04-16;10880;5502;487303;173602;18.8;6.7
59;2021-04-17;7299;9076;494602;182678;19.1;7.1
59;2021-04-18;3230;4164;497832;186842;19.2;7.2
59;2021-04-19;5043;4293;502875;191135;19.4;7.4
59;2021-04-20;6897;4211;509772;195346;19.7;7.5
59;2021-04-21;6274;4423;516046;199769;19.9;7.7
59;2021-04-22;8613;5517;524659;205286;20.3;7.9
59;2021-04-23;8459;5689;533118;210975;20.6;8.1
59;2021-04-24;5538;8052;538656;219027;20.8;8.5
59;2021-04-25;3244;6076;541900;225103;20.9;8.7
59;2021-04-26;6492;3792;548392;228895;21.2;8.8
59;2021-04-27;8366;5182;556758;234077;21.5;9.0
59;2021-04-28;8770;6558;565528;240635;21.8;9.3
59;2021-04-29;9417;8545;574945;249180;22.2;9.6
59;2021-04-30;10606;8528;585551;257708;22.6;10.0
59;2021-05-01;11999;7592;597550;265300;23.1;10.2
59;2021-05-02;8646;5990;606196;271290;23.4;10.5
59;2021-05-03;9556;5064;615752;276354;23.8;10.7
59;2021-05-04;11424;5984;627176;282338;24.2;10.9
59;2021-05-05;10297;6209;637473;288547;24.6;11.1
59;2021-05-06;11197;8449;648670;296996;25.1;11.5
59;2021-05-07;13299;9601;661969;306597;25.6;11.8
59;2021-05-08;14746;4169;676715;310766;26.1;12.0
59;2021-05-09;11492;3331;688207;314097;26.6;12.1
59;2021-05-10;12747;6640;700954;320737;27.1;12.4
59;2021-05-11;15112;8332;716066;329069;27.7;12.7
59;2021-05-12;16630;8643;732696;337712;28.3;13.0
59;2021-05-13;18443;3460;751139;341172;29.0;13.2
59;2021-05-14;15781;6968;766920;348140;29.6;13.4
59;2021-05-15;23450;5290;790370;353430;30.5;13.7
59;2021-05-16;21184;2413;811554;355843;31.3;13.7
59;2021-05-17;15073;5274;826627;361117;31.9;13.9
59;2021-05-18;16928;5672;843555;366789;32.6;14.2
59;2021-05-19;18325;5110;861880;371899;33.3;14.4
59;2021-05-20;17933;6994;879813;378893;34.0;14.6
59;2021-05-21;18371;8288;898184;387181;34.7;15.0
59;2021-05-22;23816;5680;922000;392861;35.6;15.2
59;2021-05-23;17922;2271;939922;395132;36.3;15.3
59;2021-05-24;16690;2136;956612;397268;36.9;15.3
59;2021-05-25;14991;6663;971603;403931;37.5;15.6
59;2021-05-26;15895;7042;987498;410973;38.1;15.9
59;2021-05-27;16152;9171;1003650;420144;38.8;16.2
59;2021-05-28;15888;11454;1019538;431598;39.4;16.7
59;2021-05-29;14376;8712;1033914;440310;39.9;17.0
59;2021-05-30;8407;1841;1042321;442151;40.3;17.1
59;2021-05-31;14211;7966;1056532;450117;40.8;17.4
59;2021-06-01;15096;10386;1071628;460503;41.4;17.8
59;2021-06-02;14769;9929;1086397;470432;42.0;18.2
59;2021-06-03;15633;12123;1102030;482555;42.6;18.6
59;2021-06-04;15613;13473;1117643;496028;43.2;19.2
59;2021-06-05;14983;9341;1132626;505369;43.7;19.5
59;2021-06-06;8832;3205;1141458;508574;44.1;19.6
59;2021-06-07;10529;9428;1151987;518002;44.5;20.0
59;2021-06-08;11764;11086;1163751;529088;45.0;20.4
59;2021-06-09;10764;11899;1174515;540987;45.4;20.9
59;2021-06-10;11503;12333;1186018;553320;45.8;21.4
59;2021-06-11;10979;16001;1196997;569321;46.2;22.0
59;2021-06-12;11075;13679;1208072;583000;46.7;22.5
59;2021-06-13;6345;7032;1214417;590032;46.9;22.8
59;2021-06-14;6510;12693;1220927;602725;47.2;23.3
59;2021-06-15;8237;15951;1229164;618676;47.5;23.9
59;2021-06-16;9205;13549;1238369;632225;47.8;24.4
59;2021-06-17;9191;15655;1247560;647880;48.2;25.0
59;2021-06-18;9088;20065;1256648;667945;48.5;25.8
59;2021-06-19;8957;17494;1265605;685439;48.9;26.5
59;2021-06-20;4900;10190;1270505;695629;49.1;26.9
59;2021-06-21;5280;15970;1275785;711599;49.3;27.5
59;2021-06-22;6334;18678;1282119;730277;49.5;28.2
59;2021-06-23;6168;19085;1288287;749362;49.8;28.9
59;2021-06-24;7339;20535;1295626;769897;50.0;29.7
59;2021-06-25;6509;21203;1302135;791100;50.3;30.6
59;2021-06-26;6488;23749;1308623;814849;50.5;31.5
59;2021-06-27;4755;17077;1313378;831926;50.7;32.1
59;2021-06-28;5006;19823;1318384;851749;50.9;32.9
59;2021-06-29;5553;20378;1323937;872127;51.1;33.7
59;2021-06-30;6134;20099;1330071;892226;51.4;34.5
59;2021-07-01;6795;20841;1336866;913067;51.6;35.3
59;2021-07-02;6841;23248;1343707;936315;51.9;36.2
59;2021-07-03;5564;24620;1349271;960935;52.1;37.1
59;2021-07-04;4416;15978;1353687;976913;52.3;37.7
59;2021-07-05;5673;17488;1359360;994401;52.5;38.4
59;2021-07-06;6607;18803;1365967;1013204;52.8;39.1
59;2021-07-07;6946;17454;1372913;1030658;53.0;39.8
59;2021-07-08;8027;17694;1380940;1048352;53.3;40.5
59;2021-07-09;7706;20305;1388646;1068657;53.6;41.3
59;2021-07-10;7449;18543;1396095;1087200;53.9;42.0
59;2021-07-11;4451;10232;1400546;1097432;54.1;42.4
59;2021-07-12;5913;18044;1406459;1115476;54.3;43.1
59;2021-07-13;9912;20765;1416371;1136241;54.7;43.9
59;2021-07-14;9784;8457;1426155;1144698;55.1;44.2
59;2021-07-15;11636;20401;1437791;1165099;55.5;45.0
59;2021-07-16;13223;20503;1451014;1185602;56.0;45.8
59;2021-07-17;12396;17467;1463410;1203069;56.5;46.5
59;2021-07-18;7965;8682;1471375;1211751;56.8;46.8
59;2021-07-19;10404;16457;1481779;1228208;57.2;47.4
59;2021-07-20;13417;17125;1495196;1245333;57.8;48.1
59;2021-07-21;14529;15598;1509725;1260931;58.3;48.7
59;2021-07-22;17070;15210;1526795;1276141;59.0;49.3
59;2021-07-23;15732;15841;1542527;1291982;59.6;49.9
59;2021-07-24;16355;12297;1558882;1304279;60.2;50.4
59;2021-07-25;11920;7332;1570802;1311611;60.7;50.7
59;2021-07-26;13046;12613;1583848;1324224;61.2;51.1
59;2021-07-27;16245;11974;1600093;1336198;61.8;51.6
59;2021-07-28;17452;11660;1617545;1347858;62.5;52.1
59;2021-07-29;17419;11668;1634964;1359526;63.2;52.5
59;2021-07-30;15918;11613;1650882;1371139;63.8;53.0
59;2021-07-31;14018;9201;1664900;1380340;64.3;53.3
59;2021-08-01;9959;4567;1674859;1384907;64.7;53.5
59;2021-08-02;12188;10022;1687047;1394929;65.2;53.9
59;2021-08-03;13441;10045;1700488;1404974;65.7;54.3
59;2021-08-04;11224;8281;1711712;1413255;66.1;54.6
59;2021-08-05;12709;9785;1724421;1423040;66.6;55.0
59;2021-08-06;12552;11033;1736973;1434073;67.1;55.4
59;2021-08-07;9736;9295;1746709;1443368;67.5;55.8
59;2021-08-08;6955;5256;1753664;1448624;67.7;56.0
59;2021-08-09;8397;10821;1762061;1459445;68.1;56.4
59;2021-08-10;10389;10774;1772450;1470219;68.5;56.8
59;2021-08-11;8650;9318;1781100;1479537;68.8;57.1
59;2021-08-12;8986;12072;1790086;1491609;69.1;57.6
59;2021-08-13;8587;11750;1798673;1503359;69.5;58.1
59;2021-08-14;5943;10389;1804616;1513748;69.7;58.5
59;2021-08-15;3371;4662;1807987;1518410;69.8;58.6
59;2021-08-16;5849;13866;1813836;1532276;70.1;59.2
59;2021-08-17;6926;12762;1820762;1545038;70.3;59.7
59;2021-08-18;5879;11467;1826641;1556505;70.6;60.1
59;2021-08-19;6300;13859;1832941;1570364;70.8;60.7
59;2021-08-20;5800;14569;1838741;1584933;71.0;61.2
59;2021-08-21;4159;10279;1842900;1595212;71.2;61.6
59;2021-08-22;2831;7645;1845731;1602857;71.3;61.9
59;2021-08-23;4756;15716;1850487;1618573;71.5;62.5
59;2021-08-24;5273;15178;1855760;1633751;71.7;63.1
59;2021-08-25;4644;13073;1860404;1646824;71.9;63.6
59;2021-08-26;5179;14329;1865583;1661153;72.1;64.2
59;2021-08-27;4958;15403;1870541;1676556;72.2;64.8
59;2021-08-28;3789;12357;1874330;1688913;72.4;65.2
59;2021-08-29;1931;8423;1876261;1697336;72.5;65.6
59;2021-08-30;3829;12919;1880090;1710255;72.6;66.1
59;2021-08-31;3789;12926;1883879;1723181;72.8;66.6
59;2021-09-01;3261;10693;1887140;1733874;72.9;67.0
59;2021-09-02;3167;10929;1890307;1744803;73.0;67.4
59;2021-09-03;3763;12096;1894070;1756899;73.2;67.9
59;2021-09-04;3369;9945;1897439;1766844;73.3;68.2
59;2021-09-05;1202;3634;1898641;1770478;73.3;68.4
59;2021-09-06;2126;7315;1900767;1777793;73.4;68.7
59;2021-09-07;2194;6992;1902961;1784785;73.5;68.9
60;2020-12-27;0;0;0;0;0.0;0.0
60;2020-12-28;0;0;0;0;0.0;0.0
60;2020-12-29;1;0;1;0;0.0;0.0
60;2020-12-30;0;0;1;0;0.0;0.0
60;2020-12-31;0;0;1;0;0.0;0.0
60;2021-01-01;0;0;1;0;0.0;0.0
60;2021-01-02;5;0;6;0;0.0;0.0
60;2021-01-03;1;0;7;0;0.0;0.0
60;2021-01-04;1;0;8;0;0.0;0.0
60;2021-01-05;37;0;45;0;0.0;0.0
60;2021-01-06;188;3;233;3;0.0;0.0
60;2021-01-07;236;4;469;7;0.1;0.0
60;2021-01-08;380;3;849;10;0.1;0.0
60;2021-01-09;3;0;852;10;0.1;0.0
60;2021-01-10;60;0;912;10;0.1;0.0
60;2021-01-11;345;2;1257;12;0.2;0.0
60;2021-01-12;535;2;1792;14;0.2;0.0
60;2021-01-13;476;5;2268;19;0.3;0.0
60;2021-01-14;507;6;2775;25;0.3;0.0
60;2021-01-15;702;7;3477;32;0.4;0.0
60;2021-01-16;124;1;3601;33;0.4;0.0
60;2021-01-17;32;0;3633;33;0.4;0.0
60;2021-01-18;859;7;4492;40;0.5;0.0
60;2021-01-19;1202;11;5694;51;0.7;0.0
60;2021-01-20;1716;11;7410;62;0.9;0.0
60;2021-01-21;2263;9;9673;71;1.2;0.0
60;2021-01-22;1543;15;11216;86;1.4;0.0
60;2021-01-23;499;4;11715;90;1.4;0.0
60;2021-01-24;61;1;11776;91;1.4;0.0
60;2021-01-25;897;14;12673;105;1.5;0.0
60;2021-01-26;950;14;13623;119;1.7;0.0
60;2021-01-27;646;6;14269;125;1.7;0.0
60;2021-01-28;395;165;14664;290;1.8;0.0
60;2021-01-29;77;103;14741;393;1.8;0.0
60;2021-01-30;0;1;14741;394;1.8;0.0
60;2021-01-31;22;60;14763;454;1.8;0.1
60;2021-02-01;39;104;14802;558;1.8;0.1
60;2021-02-02;26;152;14828;710;1.8;0.1
60;2021-02-03;165;234;14993;944;1.8;0.1
60;2021-02-04;170;334;15163;1278;1.8;0.2
60;2021-02-05;315;472;15478;1750;1.9;0.2
60;2021-02-06;65;78;15543;1828;1.9;0.2
60;2021-02-07;31;31;15574;1859;1.9;0.2
60;2021-02-08;329;499;15903;2358;1.9;0.3
60;2021-02-09;319;457;16222;2815;2.0;0.3
60;2021-02-10;555;977;16777;3792;2.0;0.5
60;2021-02-11;938;1118;17715;4910;2.1;0.6
60;2021-02-12;914;843;18629;5753;2.3;0.7
60;2021-02-13;91;299;18720;6052;2.3;0.7
60;2021-02-14;24;85;18744;6137;2.3;0.7
60;2021-02-15;612;710;19356;6847;2.3;0.8
60;2021-02-16;580;859;19936;7706;2.4;0.9
60;2021-02-17;634;856;20570;8562;2.5;1.0
60;2021-02-18;684;761;21254;9323;2.6;1.1
60;2021-02-19;641;703;21895;10026;2.7;1.2
60;2021-02-20;104;177;21999;10203;2.7;1.2
60;2021-02-21;23;107;22022;10310;2.7;1.2
60;2021-02-22;461;805;22483;11115;2.7;1.3
60;2021-02-23;535;731;23018;11846;2.8;1.4
60;2021-02-24;794;513;23812;12359;2.9;1.5
60;2021-02-25;1095;282;24907;12641;3.0;1.5
60;2021-02-26;1300;181;26207;12822;3.2;1.6
60;2021-02-27;666;35;26873;12857;3.3;1.6
60;2021-02-28;7;10;26880;12867;3.3;1.6
60;2021-03-01;894;48;27774;12915;3.4;1.6
60;2021-03-02;1013;168;28787;13083;3.5;1.6
60;2021-03-03;1322;446;30109;13529;3.6;1.6
60;2021-03-04;1725;511;31834;14040;3.9;1.7
60;2021-03-05;1822;289;33656;14329;4.1;1.7
60;2021-03-06;1920;140;35576;14469;4.3;1.8
60;2021-03-07;885;31;36461;14500;4.4;1.8
60;2021-03-08;978;305;37439;14805;4.5;1.8
60;2021-03-09;1642;353;39081;15158;4.7;1.8
60;2021-03-10;1938;429;41019;15587;5.0;1.9
60;2021-03-11;2325;382;43344;15969;5.3;1.9
60;2021-03-12;2595;541;45939;16510;5.6;2.0
60;2021-03-13;3839;214;49778;16724;6.0;2.0
60;2021-03-14;1782;59;51560;16783;6.2;2.0
60;2021-03-15;2090;495;53650;17278;6.5;2.1
60;2021-03-16;1583;623;55233;17901;6.7;2.2
60;2021-03-17;1658;613;56891;18514;6.9;2.2
60;2021-03-18;1759;737;58650;19251;7.1;2.3
60;2021-03-19;2591;528;61241;19779;7.4;2.4
60;2021-03-20;3241;194;64482;19973;7.8;2.4
60;2021-03-21;2125;97;66607;20070;8.1;2.4
60;2021-03-22;2133;709;68740;20779;8.3;2.5
60;2021-03-23;3308;719;72048;21498;8.7;2.6
60;2021-03-24;3070;870;75118;22368;9.1;2.7
60;2021-03-25;3849;847;78967;23215;9.6;2.8
60;2021-03-26;4217;874;83184;24089;10.1;2.9
60;2021-03-27;4142;322;87326;24411;10.6;3.0
60;2021-03-28;2450;84;89776;24495;10.9;3.0
60;2021-03-29;2610;1086;92386;25581;11.2;3.1
60;2021-03-30;3285;1076;95671;26657;11.6;3.2
60;2021-03-31;2668;1144;98339;27801;11.9;3.4
60;2021-04-01;2562;1103;100901;28904;12.2;3.5
60;2021-04-02;3308;1111;104209;30015;12.6;3.6
60;2021-04-03;3172;1011;107381;31026;13.0;3.8
60;2021-04-04;876;487;108257;31513;13.1;3.8
60;2021-04-05;459;84;108716;31597;13.2;3.8
60;2021-04-06;1966;1623;110682;33220;13.4;4.0
60;2021-04-07;1984;1748;112666;34968;13.7;4.2
60;2021-04-08;2612;1498;115278;36466;14.0;4.4
60;2021-04-09;2998;1523;118276;37989;14.3;4.6
60;2021-04-10;2928;1585;121204;39574;14.7;4.8
60;2021-04-11;1046;1000;122250;40574;14.8;4.9
60;2021-04-12;2045;1721;124295;42295;15.1;5.1
60;2021-04-13;2749;1786;127044;44081;15.4;5.3
60;2021-04-14;3144;1822;130188;45903;15.8;5.6
60;2021-04-15;3560;1893;133748;47796;16.2;5.8
60;2021-04-16;3291;1951;137039;49747;16.6;6.0
60;2021-04-17;2849;2172;139888;51919;17.0;6.3
60;2021-04-18;573;1833;140461;53752;17.0;6.5
60;2021-04-19;1742;2213;142203;55965;17.2;6.8
60;2021-04-20;2129;2679;144332;58644;17.5;7.1
60;2021-04-21;2653;2208;146985;60852;17.8;7.4
60;2021-04-22;2631;2509;149616;63361;18.1;7.7
60;2021-04-23;2650;2501;152266;65862;18.5;8.0
60;2021-04-24;2471;3457;154737;69319;18.8;8.4
60;2021-04-25;1162;1962;155899;71281;18.9;8.6
60;2021-04-26;1890;2530;157789;73811;19.1;8.9
60;2021-04-27;2310;2846;160099;76657;19.4;9.3
60;2021-04-28;3061;2398;163160;79055;19.8;9.6
60;2021-04-29;3154;2624;166314;81679;20.2;9.9
60;2021-04-30;3459;2961;169773;84640;20.6;10.3
60;2021-05-01;2355;1123;172128;85763;20.9;10.4
60;2021-05-02;2148;845;174276;86608;21.1;10.5
60;2021-05-03;2955;1854;177231;88462;21.5;10.7
60;2021-05-04;3018;2359;180249;90821;21.8;11.0
60;2021-05-05;3260;2811;183509;93632;22.2;11.3
60;2021-05-06;3648;2482;187157;96114;22.7;11.6
60;2021-05-07;3985;2518;191142;98632;23.2;12.0
60;2021-05-08;3583;972;194725;99604;23.6;12.1
60;2021-05-09;3459;956;198184;100560;24.0;12.2
60;2021-05-10;2391;2293;200575;102853;24.3;12.5
60;2021-05-11;3670;2469;204245;105322;24.8;12.8
60;2021-05-12;4718;2551;208963;107873;25.3;13.1
60;2021-05-13;5292;1129;214255;109002;26.0;13.2
60;2021-05-14;5603;1807;219858;110809;26.6;13.4
60;2021-05-15;6173;1718;226031;112527;27.4;13.6
60;2021-05-16;4861;691;230892;113218;28.0;13.7
60;2021-05-17;3716;1677;234608;114895;28.4;13.9
60;2021-05-18;4048;2081;238656;116976;28.9;14.2
60;2021-05-19;5097;1856;243753;118832;29.5;14.4
60;2021-05-20;5459;1795;249212;120627;30.2;14.6
60;2021-05-21;5974;1977;255186;122604;30.9;14.9
60;2021-05-22;5356;1980;260542;124584;31.6;15.1
60;2021-05-23;4267;659;264809;125243;32.1;15.2
60;2021-05-24;2951;535;267760;125778;32.5;15.2
60;2021-05-25;4139;2004;271899;127782;33.0;15.5
60;2021-05-26;4467;1835;276366;129617;33.5;15.7
60;2021-05-27;4613;1996;280979;131613;34.1;16.0
60;2021-05-28;4628;2504;285607;134117;34.6;16.3
60;2021-05-29;4612;2270;290219;136387;35.2;16.5
60;2021-05-30;1086;347;291305;136734;35.3;16.6
60;2021-05-31;3831;2083;295136;138817;35.8;16.8
60;2021-06-01;4445;2849;299581;141666;36.3;17.2
60;2021-06-02;3915;2447;303496;144113;36.8;17.5
60;2021-06-03;3905;2376;307401;146489;37.3;17.8
60;2021-06-04;4652;2903;312053;149392;37.8;18.1
60;2021-06-05;4302;3422;316355;152814;38.3;18.5
60;2021-06-06;2159;794;318514;153608;38.6;18.6
60;2021-06-07;2777;2761;321291;156369;38.9;19.0
60;2021-06-08;3802;3008;325093;159377;39.4;19.3
60;2021-06-09;3246;3401;328339;162778;39.8;19.7
60;2021-06-10;3456;3371;331795;166149;40.2;20.1
60;2021-06-11;3882;4193;335677;170342;40.7;20.6
60;2021-06-12;3782;4280;339459;174622;41.1;21.2
60;2021-06-13;1156;2225;340615;176847;41.3;21.4
60;2021-06-14;1910;3305;342525;180152;41.5;21.8
60;2021-06-15;3016;4163;345541;184315;41.9;22.3
60;2021-06-16;3252;4488;348793;188803;42.3;22.9
60;2021-06-17;2978;4785;351771;193588;42.6;23.5
60;2021-06-18;2984;4604;354755;198192;43.0;24.0
60;2021-06-19;3145;4724;357900;202916;43.4;24.6
60;2021-06-20;1430;1935;359330;204851;43.6;24.8
60;2021-06-21;1408;4041;360738;208892;43.7;25.3
60;2021-06-22;1759;5292;362497;214184;43.9;26.0
60;2021-06-23;1862;5239;364359;219423;44.2;26.6
60;2021-06-24;1804;5604;366163;225027;44.4;27.3
60;2021-06-25;1903;5730;368066;230757;44.6;28.0
60;2021-06-26;1863;6978;369929;237735;44.8;28.8
60;2021-06-27;715;2594;370644;240329;44.9;29.1
60;2021-06-28;1782;4142;372426;244471;45.1;29.6
60;2021-06-29;2014;5465;374440;249936;45.4;30.3
60;2021-06-30;2298;5359;376738;255295;45.7;30.9
60;2021-07-01;1891;4917;378629;260212;45.9;31.5
60;2021-07-02;2370;5883;380999;266095;46.2;32.3
60;2021-07-03;2403;6163;383402;272258;46.5;33.0
60;2021-07-04;792;2725;384194;274983;46.6;33.3
60;2021-07-05;1658;4403;385852;279386;46.8;33.9
60;2021-07-06;2146;4501;387998;283887;47.0;34.4
60;2021-07-07;2173;5118;390171;289005;47.3;35.0
60;2021-07-08;2672;4689;392843;293694;47.6;35.6
60;2021-07-09;2642;5563;395485;299257;47.9;36.3
60;2021-07-10;2581;5875;398066;305132;48.2;37.0
60;2021-07-11;1215;1942;399281;307074;48.4;37.2
60;2021-07-12;1445;4738;400726;311812;48.6;37.8
60;2021-07-13;2912;5024;403638;316836;48.9;38.4
60;2021-07-14;2583;1406;406221;318242;49.2;38.6
60;2021-07-15;3433;4876;409654;323118;49.7;39.2
60;2021-07-16;3699;5242;413353;328360;50.1;39.8
60;2021-07-17;4080;5133;417433;333493;50.6;40.4
60;2021-07-18;2186;2129;419619;335622;50.9;40.7
60;2021-07-19;2542;3890;422161;339512;51.2;41.1
60;2021-07-20;4198;4904;426359;344416;51.7;41.7
60;2021-07-21;4354;4282;430713;348698;52.2;42.3
60;2021-07-22;4628;4332;435341;353030;52.8;42.8
60;2021-07-23;4984;4905;440325;357935;53.4;43.4
60;2021-07-24;4317;4673;444642;362608;53.9;43.9
60;2021-07-25;2603;1828;447245;364436;54.2;44.2
60;2021-07-26;3379;3761;450624;368197;54.6;44.6
60;2021-07-27;4438;4627;455062;372824;55.2;45.2
60;2021-07-28;4547;3771;459609;376595;55.7;45.6
60;2021-07-29;4898;3705;464507;380300;56.3;46.1
60;2021-07-30;5028;4254;469535;384554;56.9;46.6
60;2021-07-31;4063;3973;473598;388527;57.4;47.1
60;2021-08-01;1685;863;475283;389390;57.6;47.2
60;2021-08-02;3174;2754;478457;392144;58.0;47.5
60;2021-08-03;3584;2893;482041;395037;58.4;47.9
60;2021-08-04;3309;2797;485350;397834;58.8;48.2
60;2021-08-05;3028;2255;488378;400089;59.2;48.5
60;2021-08-06;3826;3061;492204;403150;59.7;48.9
60;2021-08-07;3370;3074;495574;406224;60.1;49.2
60;2021-08-08;1534;910;497108;407134;60.2;49.3
60;2021-08-09;2200;2868;499308;410002;60.5;49.7
60;2021-08-10;3274;3309;502582;413311;60.9;50.1
60;2021-08-11;2785;3236;505367;416547;61.3;50.5
60;2021-08-12;2356;2662;507723;419209;61.5;50.8
60;2021-08-13;2745;2997;510468;422206;61.9;51.2
60;2021-08-14;2539;2731;513007;424937;62.2;51.5
60;2021-08-15;1361;551;514368;425488;62.3;51.6
60;2021-08-16;2036;3778;516404;429266;62.6;52.0
60;2021-08-17;2337;3825;518741;433091;62.9;52.5
60;2021-08-18;1935;3294;520676;436385;63.1;52.9
60;2021-08-19;1639;3090;522315;439475;63.3;53.3
60;2021-08-20;1852;3997;524167;443472;63.5;53.7
60;2021-08-21;1598;3489;525765;446961;63.7;54.2
60;2021-08-22;571;1337;526336;448298;63.8;54.3
60;2021-08-23;1098;3237;527434;451535;63.9;54.7
60;2021-08-24;1367;4490;528801;456025;64.1;55.3
60;2021-08-25;1431;3579;530232;459604;64.3;55.7
60;2021-08-26;1424;3456;531656;463060;64.4;56.1
60;2021-08-27;1432;4168;533088;467228;64.6;56.6
60;2021-08-28;1373;4474;534461;471702;64.8;57.2
60;2021-08-29;547;2032;535008;473734;64.8;57.4
60;2021-08-30;1226;2996;536234;476730;65.0;57.8
60;2021-08-31;1632;3846;537866;480576;65.2;58.2
60;2021-09-01;1222;2785;539088;483361;65.3;58.6
60;2021-09-02;1052;2708;540140;486069;65.5;58.9
60;2021-09-03;1019;3145;541159;489214;65.6;59.3
60;2021-09-04;1504;3704;542663;492918;65.8;59.7
60;2021-09-05;364;1350;543027;494268;65.8;59.9
60;2021-09-06;791;2524;543818;496792;65.9;60.2
60;2021-09-07;807;2958;544625;499750;66.0;60.6
61;2020-12-27;0;0;0;0;0.0;0.0
61;2020-12-28;0;0;0;0;0.0;0.0
61;2020-12-29;0;0;0;0;0.0;0.0
61;2020-12-30;0;0;0;0;0.0;0.0
61;2020-12-31;0;0;0;0;0.0;0.0
61;2021-01-01;1;0;1;0;0.0;0.0
61;2021-01-02;1;0;2;0;0.0;0.0
61;2021-01-03;0;0;2;0;0.0;0.0
61;2021-01-04;1;0;3;0;0.0;0.0
61;2021-01-05;3;0;6;0;0.0;0.0
61;2021-01-06;77;0;83;0;0.0;0.0
61;2021-01-07;175;2;258;2;0.1;0.0
61;2021-01-08;406;1;664;3;0.2;0.0
61;2021-01-09;165;1;829;4;0.3;0.0
61;2021-01-10;49;0;878;4;0.3;0.0
61;2021-01-11;396;1;1274;5;0.5;0.0
61;2021-01-12;681;2;1955;7;0.7;0.0
61;2021-01-13;740;1;2695;8;1.0;0.0
61;2021-01-14;530;8;3225;16;1.2;0.0
61;2021-01-15;537;4;3762;20;1.4;0.0
61;2021-01-16;289;1;4051;21;1.5;0.0
61;2021-01-17;856;7;4907;28;1.8;0.0
61;2021-01-18;1913;2;6820;30;2.5;0.0
61;2021-01-19;1323;3;8143;33;2.9;0.0
61;2021-01-20;683;0;8826;33;3.2;0.0
61;2021-01-21;848;1;9674;34;3.5;0.0
61;2021-01-22;764;1;10438;35;3.8;0.0
61;2021-01-23;257;2;10695;37;3.9;0.0
61;2021-01-24;228;0;10923;37;3.9;0.0
61;2021-01-25;578;1;11501;38;4.2;0.0
61;2021-01-26;561;0;12062;38;4.4;0.0
61;2021-01-27;569;13;12631;51;4.6;0.0
61;2021-01-28;464;51;13095;102;4.7;0.0
61;2021-01-29;479;197;13574;299;4.9;0.1
61;2021-01-30;212;3;13786;302;5.0;0.1
61;2021-01-31;109;0;13895;302;5.0;0.1
61;2021-02-01;430;183;14325;485;5.2;0.2
61;2021-02-02;387;424;14712;909;5.3;0.3
61;2021-02-03;412;488;15124;1397;5.5;0.5
61;2021-02-04;390;315;15514;1712;5.6;0.6
61;2021-02-05;538;348;16052;2060;5.8;0.7
61;2021-02-06;201;85;16253;2145;5.9;0.8
61;2021-02-07;45;199;16298;2344;5.9;0.8
61;2021-02-08;541;1349;16839;3693;6.1;1.3
61;2021-02-09;405;773;17244;4466;6.2;1.6
61;2021-02-10;277;524;17521;4990;6.3;1.8
61;2021-02-11;432;492;17953;5482;6.5;2.0
61;2021-02-12;402;676;18355;6158;6.6;2.2
61;2021-02-13;133;362;18488;6520;6.7;2.4
61;2021-02-14;2;274;18490;6794;6.7;2.5
61;2021-02-15;172;712;18662;7506;6.7;2.7
61;2021-02-16;203;588;18865;8094;6.8;2.9
61;2021-02-17;44;546;18909;8640;6.8;3.1
61;2021-02-18;161;445;19070;9085;6.9;3.3
61;2021-02-19;101;338;19171;9423;6.9;3.4
61;2021-02-20;40;220;19211;9643;6.9;3.5
61;2021-02-21;2;143;19213;9786;6.9;3.5
61;2021-02-22;88;504;19301;10290;7.0;3.7
61;2021-02-23;109;439;19410;10729;7.0;3.9
61;2021-02-24;173;498;19583;11227;7.1;4.1
61;2021-02-25;265;386;19848;11613;7.2;4.2
61;2021-02-26;266;411;20114;12024;7.3;4.3
61;2021-02-27;109;199;20223;12223;7.3;4.4
61;2021-02-28;4;118;20227;12341;7.3;4.5
61;2021-03-01;217;567;20444;12908;7.4;4.7
61;2021-03-02;148;663;20592;13571;7.4;4.9
61;2021-03-03;142;417;20734;13988;7.5;5.1
61;2021-03-04;431;419;21165;14407;7.6;5.2
61;2021-03-05;701;287;21866;14694;7.9;5.3
61;2021-03-06;437;221;22303;14915;8.1;5.4
61;2021-03-07;155;2;22458;14917;8.1;5.4
61;2021-03-08;298;311;22756;15228;8.2;5.5
61;2021-03-09;622;176;23378;15404;8.4;5.6
61;2021-03-10;672;184;24050;15588;8.7;5.6
61;2021-03-11;1120;129;25170;15717;9.1;5.7
61;2021-03-12;1467;99;26637;15816;9.6;5.7
61;2021-03-13;775;54;27412;15870;9.9;5.7
61;2021-03-14;226;6;27638;15876;10.0;5.7
61;2021-03-15;814;35;28452;15911;10.3;5.7
61;2021-03-16;720;21;29172;15932;10.5;5.8
61;2021-03-17;761;13;29933;15945;10.8;5.8
61;2021-03-18;858;28;30791;15973;11.1;5.8
61;2021-03-19;1027;50;31818;16023;11.5;5.8
61;2021-03-20;471;14;32289;16037;11.7;5.8
61;2021-03-21;71;2;32360;16039;11.7;5.8
61;2021-03-22;796;90;33156;16129;12.0;5.8
61;2021-03-23;920;39;34076;16168;12.3;5.8
61;2021-03-24;1372;70;35448;16238;12.8;5.9
61;2021-03-25;1876;68;37324;16306;13.5;5.9
61;2021-03-26;1799;46;39123;16352;14.1;5.9
61;2021-03-27;1083;18;40206;16370;14.5;5.9
61;2021-03-28;359;9;40565;16379;14.6;5.9
61;2021-03-29;1271;182;41836;16561;15.1;6.0
61;2021-03-30;1471;96;43307;16657;15.6;6.0
61;2021-03-31;1686;51;44993;16708;16.2;6.0
61;2021-04-01;2051;230;47044;16938;17.0;6.1
61;2021-04-02;1520;434;48564;17372;17.5;6.3
61;2021-04-03;640;287;49204;17659;17.8;6.4
61;2021-04-04;193;1;49397;17660;17.8;6.4
61;2021-04-05;532;8;49929;17668;18.0;6.4
61;2021-04-06;1354;618;51283;18286;18.5;6.6
61;2021-04-07;1699;659;52982;18945;19.1;6.8
61;2021-04-08;2268;832;55250;19777;20.0;7.1
61;2021-04-09;2138;837;57388;20614;20.7;7.4
61;2021-04-10;1534;487;58922;21101;21.3;7.6
61;2021-04-11;238;199;59160;21300;21.4;7.7
61;2021-04-12;1289;736;60449;22036;21.8;8.0
61;2021-04-13;1740;706;62189;22742;22.5;8.2
61;2021-04-14;1735;785;63924;23527;23.1;8.5
61;2021-04-15;2268;782;66192;24309;23.9;8.8
61;2021-04-16;2223;688;68415;24997;24.7;9.0
61;2021-04-17;1487;324;69902;25321;25.2;9.1
61;2021-04-18;538;99;70440;25420;25.4;9.2
61;2021-04-19;938;749;71378;26169;25.8;9.5
61;2021-04-20;1523;786;72901;26955;26.3;9.7
61;2021-04-21;1352;1040;74253;27995;26.8;10.1
61;2021-04-22;1293;1219;75546;29214;27.3;10.6
61;2021-04-23;1216;1147;76762;30361;27.7;11.0
61;2021-04-24;1437;818;78199;31179;28.2;11.3
61;2021-04-25;361;331;78560;31510;28.4;11.4
61;2021-04-26;670;1144;79230;32654;28.6;11.8
61;2021-04-27;1465;1143;80695;33797;29.1;12.2
61;2021-04-28;1386;1390;82081;35187;29.6;12.7
61;2021-04-29;1247;1860;83328;37047;30.1;13.4
61;2021-04-30;1721;1172;85049;38219;30.7;13.8
61;2021-05-01;788;321;85837;38540;31.0;13.9
61;2021-05-02;439;225;86276;38765;31.2;14.0
61;2021-05-03;844;1249;87120;40014;31.5;14.5
61;2021-05-04;1326;1752;88446;41766;31.9;15.1
61;2021-05-05;1009;2030;89455;43796;32.3;15.8
61;2021-05-06;1772;2213;91227;46009;32.9;16.6
61;2021-05-07;1376;1971;92603;47980;33.4;17.3
61;2021-05-08;930;473;93533;48453;33.8;17.5
61;2021-05-09;394;293;93927;48746;33.9;17.6
61;2021-05-10;988;1749;94915;50495;34.3;18.2
61;2021-05-11;1376;1516;96291;52011;34.8;18.8
61;2021-05-12;1870;1593;98161;53604;35.4;19.4
61;2021-05-13;889;491;99050;54095;35.8;19.5
61;2021-05-14;1852;1190;100902;55285;36.4;20.0
61;2021-05-15;2104;1119;103006;56404;37.2;20.4
61;2021-05-16;984;300;103990;56704;37.6;20.5
61;2021-05-17;1312;914;105302;57618;38.0;20.8
61;2021-05-18;2424;893;107726;58511;38.9;21.1
61;2021-05-19;2401;804;110127;59315;39.8;21.4
61;2021-05-20;2213;816;112340;60131;40.6;21.7
61;2021-05-21;2150;861;114490;60992;41.3;22.0
61;2021-05-22;1781;718;116271;61710;42.0;22.3
61;2021-05-23;714;54;116985;61764;42.2;22.3
61;2021-05-24;913;110;117898;61874;42.6;22.3
61;2021-05-25;1991;920;119889;62794;43.3;22.7
61;2021-05-26;2043;931;121932;63725;44.0;23.0
61;2021-05-27;2040;1093;123972;64818;44.8;23.4
61;2021-05-28;2052;1380;126024;66198;45.5;23.9
61;2021-05-29;1464;556;127488;66754;46.0;24.1
61;2021-05-30;450;44;127938;66798;46.2;24.1
61;2021-05-31;1561;938;129499;67736;46.8;24.5
61;2021-06-01;1876;1389;131375;69125;47.4;25.0
61;2021-06-02;1675;1137;133050;70262;48.0;25.4
61;2021-06-03;2250;1111;135300;71373;48.9;25.8
61;2021-06-04;1894;1345;137194;72718;49.5;26.3
61;2021-06-05;1669;1240;138863;73958;50.1;26.7
61;2021-06-06;318;230;139181;74188;50.3;26.8
61;2021-06-07;2189;867;141370;75055;51.1;27.1
61;2021-06-08;1847;1568;143217;76623;51.7;27.7
61;2021-06-09;1975;1185;145192;77808;52.4;28.1
61;2021-06-10;1974;1191;147166;78999;53.1;28.5
61;2021-06-11;1822;1581;148988;80580;53.8;29.1
61;2021-06-12;1424;999;150412;81579;54.3;29.5
61;2021-06-13;340;377;150752;81956;54.4;29.6
61;2021-06-14;1107;1189;151859;83145;54.8;30.0
61;2021-06-15;1213;1693;153072;84838;55.3;30.6
61;2021-06-16;1112;1363;154184;86201;55.7;31.1
61;2021-06-17;1020;1730;155204;87931;56.0;31.8
61;2021-06-18;1522;1670;156726;89601;56.6;32.4
61;2021-06-19;1245;1303;157971;90904;57.0;32.8
61;2021-06-20;289;345;158260;91249;57.2;33.0
61;2021-06-21;807;1629;159067;92878;57.4;33.5
61;2021-06-22;1024;1682;160091;94560;57.8;34.1
61;2021-06-23;967;2436;161058;96996;58.2;35.0
61;2021-06-24;650;1359;161708;98355;58.4;35.5
61;2021-06-25;840;2167;162548;100522;58.7;36.3
61;2021-06-26;624;1953;163172;102475;58.9;37.0
61;2021-06-27;139;799;163311;103274;59.0;37.3
61;2021-06-28;478;2248;163789;105522;59.2;38.1
61;2021-06-29;699;2859;164488;108381;59.4;39.1
61;2021-06-30;771;2463;165259;110844;59.7;40.0
61;2021-07-01;633;1696;165892;112540;59.9;40.6
61;2021-07-02;842;2499;166734;115039;60.2;41.5
61;2021-07-03;417;1912;167151;116951;60.4;42.2
61;2021-07-04;75;638;167226;117589;60.4;42.5
61;2021-07-05;684;1773;167910;119362;60.6;43.1
61;2021-07-06;990;2793;168900;122155;61.0;44.1
61;2021-07-07;734;2361;169634;124516;61.3;45.0
61;2021-07-08;842;1945;170476;126461;61.6;45.7
61;2021-07-09;723;2375;171199;128836;61.8;46.5
61;2021-07-10;464;1768;171663;130604;62.0;47.2
61;2021-07-11;244;489;171907;131093;62.1;47.3
61;2021-07-12;438;2290;172345;133383;62.2;48.2
61;2021-07-13;646;2486;172991;135869;62.5;49.1
61;2021-07-14;149;334;173140;136203;62.5;49.2
61;2021-07-15;815;2813;173955;139016;62.8;50.2
61;2021-07-16;968;2572;174923;141588;63.2;51.1
61;2021-07-17;707;2232;175630;143820;63.4;51.9
61;2021-07-18;339;368;175969;144188;63.5;52.1
61;2021-07-19;935;2405;176904;146593;63.9;52.9
61;2021-07-20;1327;2356;178231;148949;64.4;53.8
61;2021-07-21;1503;2182;179734;151131;64.9;54.6
61;2021-07-22;1751;2189;181485;153320;65.5;55.4
61;2021-07-23;1793;2305;183278;155625;66.2;56.2
61;2021-07-24;1456;2006;184734;157631;66.7;56.9
61;2021-07-25;324;393;185058;158024;66.8;57.1
61;2021-07-26;1251;1930;186309;159954;67.3;57.8
61;2021-07-27;2420;1585;188729;161539;68.2;58.3
61;2021-07-28;2458;1354;191187;162893;69.0;58.8
61;2021-07-29;2563;1574;193750;164467;70.0;59.4
61;2021-07-30;2398;1387;196148;165854;70.8;59.9
61;2021-07-31;1282;1300;197430;167154;71.3;60.4
61;2021-08-01;503;259;197933;167413;71.5;60.5
61;2021-08-02;1912;1120;199845;168533;72.2;60.9
61;2021-08-03;2451;913;202296;169446;73.1;61.2
61;2021-08-04;2345;781;204641;170227;73.9;61.5
61;2021-08-05;1899;992;206540;171219;74.6;61.8
61;2021-08-06;2164;1162;208704;172381;75.4;62.3
61;2021-08-07;1422;799;210126;173180;75.9;62.5
61;2021-08-08;447;263;210573;173443;76.0;62.6
61;2021-08-09;1306;1112;211879;174555;76.5;63.0
61;2021-08-10;1315;1107;213194;175662;77.0;63.4
61;2021-08-11;1116;1258;214310;176920;77.4;63.9
61;2021-08-12;1033;1320;215343;178240;77.8;64.4
61;2021-08-13;875;1607;216218;179847;78.1;64.9
61;2021-08-14;716;861;216934;180708;78.3;65.3
61;2021-08-15;93;184;217027;180892;78.4;65.3
61;2021-08-16;911;1541;217938;182433;78.7;65.9
61;2021-08-17;1144;1697;219082;184130;79.1;66.5
61;2021-08-18;807;1480;219889;185610;79.4;67.0
61;2021-08-19;734;1571;220623;187181;79.7;67.6
61;2021-08-20;801;2132;221424;189313;80.0;68.4
61;2021-08-21;490;1341;221914;190654;80.1;68.9
61;2021-08-22;137;446;222051;191100;80.2;69.0
61;2021-08-23;413;1703;222464;192803;80.3;69.6
61;2021-08-24;522;1897;222986;194700;80.5;70.3
61;2021-08-25;411;1734;223397;196434;80.7;70.9
61;2021-08-26;425;1598;223822;198032;80.8;71.5
61;2021-08-27;514;1886;224336;199918;81.0;72.2
61;2021-08-28;284;1367;224620;201285;81.1;72.7
61;2021-08-29;50;417;224670;201702;81.1;72.8
61;2021-08-30;383;1624;225053;203326;81.3;73.4
61;2021-08-31;505;1713;225558;205039;81.5;74.0
61;2021-09-01;451;1501;226009;206540;81.6;74.6
61;2021-09-02;419;1341;226428;207881;81.8;75.1
61;2021-09-03;474;1578;226902;209459;81.9;75.6
61;2021-09-04;343;1336;227245;210795;82.1;76.1
61;2021-09-05;76;225;227321;211020;82.1;76.2
61;2021-09-06;279;1230;227600;212250;82.2;76.7
61;2021-09-07;332;1563;227932;213813;82.3;77.2
62;2020-12-27;2;0;2;0;0.0;0.0
62;2020-12-28;2;0;4;0;0.0;0.0
62;2020-12-29;0;0;4;0;0.0;0.0
62;2020-12-30;0;0;4;0;0.0;0.0
62;2020-12-31;0;0;4;0;0.0;0.0
62;2021-01-01;0;0;4;0;0.0;0.0
62;2021-01-02;2;0;6;0;0.0;0.0
62;2021-01-03;0;0;6;0;0.0;0.0
62;2021-01-04;2;0;8;0;0.0;0.0
62;2021-01-05;47;0;55;0;0.0;0.0
62;2021-01-06;123;0;178;0;0.0;0.0
62;2021-01-07;351;0;529;0;0.0;0.0
62;2021-01-08;713;6;1242;6;0.1;0.0
62;2021-01-09;164;1;1406;7;0.1;0.0
62;2021-01-10;84;0;1490;7;0.1;0.0
62;2021-01-11;555;1;2045;8;0.1;0.0
62;2021-01-12;1260;3;3305;11;0.2;0.0
62;2021-01-13;1139;6;4444;17;0.3;0.0
62;2021-01-14;1387;8;5831;25;0.4;0.0
62;2021-01-15;1299;8;7130;33;0.5;0.0
62;2021-01-16;308;2;7438;35;0.5;0.0
62;2021-01-17;107;0;7545;35;0.5;0.0
62;2021-01-18;1666;9;9211;44;0.6;0.0
62;2021-01-19;2103;4;11314;48;0.8;0.0
62;2021-01-20;2055;5;13369;53;0.9;0.0
62;2021-01-21;2243;5;15612;58;1.1;0.0
62;2021-01-22;1835;7;17447;65;1.2;0.0
62;2021-01-23;512;1;17959;66;1.2;0.0
62;2021-01-24;0;0;17959;66;1.2;0.0
62;2021-01-25;1284;6;19243;72;1.3;0.0
62;2021-01-26;1544;13;20787;85;1.4;0.0
62;2021-01-27;1502;165;22289;250;1.5;0.0
62;2021-01-28;4168;379;26457;629;1.8;0.0
62;2021-01-29;2035;320;28492;949;2.0;0.1
62;2021-01-30;159;140;28651;1089;2.0;0.1
62;2021-01-31;22;3;28673;1092;2.0;0.1
62;2021-02-01;46;326;28719;1418;2.0;0.1
62;2021-02-02;59;759;28778;2177;2.0;0.1
62;2021-02-03;44;605;28822;2782;2.0;0.2
62;2021-02-04;81;779;28903;3561;2.0;0.2
62;2021-02-05;80;714;28983;4275;2.0;0.3
62;2021-02-06;29;182;29012;4457;2.0;0.3
62;2021-02-07;237;30;29249;4487;2.0;0.3
62;2021-02-08;132;769;29381;5256;2.0;0.4
62;2021-02-09;227;1003;29608;6259;2.0;0.4
62;2021-02-10;385;1079;29993;7338;2.1;0.5
62;2021-02-11;725;908;30718;8246;2.1;0.6
62;2021-02-12;966;713;31684;8959;2.2;0.6
62;2021-02-13;159;240;31843;9199;2.2;0.6
62;2021-02-14;0;0;31843;9199;2.2;0.6
62;2021-02-15;665;1062;32508;10261;2.2;0.7
62;2021-02-16;923;1534;33431;11795;2.3;0.8
62;2021-02-17;1074;1843;34505;13638;2.4;0.9
62;2021-02-18;2227;3614;36732;17252;2.5;1.2
62;2021-02-19;2311;2432;39043;19684;2.7;1.4
62;2021-02-20;616;437;39659;20121;2.7;1.4
62;2021-02-21;87;50;39746;20171;2.7;1.4
62;2021-02-22;848;840;40594;21011;2.8;1.4
62;2021-02-23;1420;1087;42014;22098;2.9;1.5
62;2021-02-24;1547;575;43561;22673;3.0;1.6
62;2021-02-25;3169;392;46730;23065;3.2;1.6
62;2021-02-26;2910;312;49640;23377;3.4;1.6
62;2021-02-27;1830;92;51470;23469;3.5;1.6
62;2021-02-28;52;42;51522;23511;3.5;1.6
62;2021-03-01;1322;113;52844;23624;3.6;1.6
62;2021-03-02;3157;167;56001;23791;3.9;1.6
62;2021-03-03;3270;133;59271;23924;4.1;1.6
62;2021-03-04;3811;221;63082;24145;4.3;1.7
62;2021-03-05;4646;229;67728;24374;4.7;1.7
62;2021-03-06;9621;272;77349;24646;5.3;1.7
62;2021-03-07;8075;228;85424;24874;5.9;1.7
62;2021-03-08;2196;261;87620;25135;6.0;1.7
62;2021-03-09;3808;381;91428;25516;6.3;1.8
62;2021-03-10;4233;609;95661;26125;6.6;1.8
62;2021-03-11;5994;1531;101655;27656;7.0;1.9
62;2021-03-12;6636;1427;108291;29083;7.5;2.0
62;2021-03-13;14722;805;123013;29888;8.5;2.1
62;2021-03-14;9586;416;132599;30304;9.1;2.1
62;2021-03-15;3763;1015;136362;31319;9.4;2.2
62;2021-03-16;2737;848;139099;32167;9.6;2.2
62;2021-03-17;2805;730;141904;32897;9.8;2.3
62;2021-03-18;2724;941;144628;33838;10.0;2.3
62;2021-03-19;4783;928;149411;34766;10.3;2.4
62;2021-03-20;11067;621;160478;35387;11.0;2.4
62;2021-03-21;9449;378;169927;35765;11.7;2.5
62;2021-03-22;2943;1107;172870;36872;11.9;2.5
62;2021-03-23;4996;1484;177866;38356;12.2;2.6
62;2021-03-24;4695;1368;182561;39724;12.6;2.7
62;2021-03-25;6555;1472;189116;41196;13.0;2.8
62;2021-03-26;7051;1499;196167;42695;13.5;2.9
62;2021-03-27;12591;750;208758;43445;14.4;3.0
62;2021-03-28;6941;288;215699;43733;14.8;3.0
62;2021-03-29;3472;1209;219171;44942;15.1;3.1
62;2021-03-30;4549;2208;223720;47150;15.4;3.2
62;2021-03-31;4224;2471;227944;49621;15.7;3.4
62;2021-04-01;4975;2762;232919;52383;16.0;3.6
62;2021-04-02;5067;3238;237986;55621;16.4;3.8
62;2021-04-03;8210;3357;246196;58978;16.9;4.1
62;2021-04-04;4582;1928;250778;60906;17.3;4.2
62;2021-04-05;944;465;251722;61371;17.3;4.2
62;2021-04-06;4125;3009;255847;64380;17.6;4.4
62;2021-04-07;5060;3504;260907;67884;18.0;4.7
62;2021-04-08;6489;3999;267396;71883;18.4;4.9
62;2021-04-09;7629;3481;275025;75364;18.9;5.2
62;2021-04-10;6634;8076;281659;83440;19.4;5.7
62;2021-04-11;2808;6886;284467;90326;19.6;6.2
62;2021-04-12;3423;2381;287890;92707;19.8;6.4
62;2021-04-13;6172;3165;294062;95872;20.2;6.6
62;2021-04-14;5306;3063;299368;98935;20.6;6.8
62;2021-04-15;5734;2985;305102;101920;21.0;7.0
62;2021-04-16;5420;3203;310522;105123;21.4;7.2
62;2021-04-17;4359;7363;314881;112486;21.7;7.7
62;2021-04-18;1956;6849;316837;119335;21.8;8.2
62;2021-04-19;2779;1930;319616;121265;22.0;8.3
62;2021-04-20;4150;3884;323766;125149;22.3;8.6
62;2021-04-21;3747;3984;327513;129133;22.5;8.9
62;2021-04-22;3949;5196;331462;134329;22.8;9.2
62;2021-04-23;4062;5320;335524;139649;23.1;9.6
62;2021-04-24;4404;6733;339928;146382;23.4;10.1
62;2021-04-25;1910;3500;341838;149882;23.5;10.3
62;2021-04-26;2224;2429;344062;152311;23.7;10.5
62;2021-04-27;4409;3707;348471;156018;24.0;10.7
62;2021-04-28;4588;4408;353059;160426;24.3;11.0
62;2021-04-29;4790;5899;357849;166325;24.6;11.4
62;2021-04-30;5214;5717;363063;172042;25.0;11.8
62;2021-05-01;5726;3473;368789;175515;25.4;12.1
62;2021-05-02;7828;3152;376617;178667;25.9;12.3
62;2021-05-03;4508;2348;381125;181015;26.2;12.5
62;2021-05-04;5396;4979;386521;185994;26.6;12.8
62;2021-05-05;4735;4838;391256;190832;26.9;13.1
62;2021-05-06;5620;4946;396876;195778;27.3;13.5
62;2021-05-07;7689;4668;404565;200446;27.8;13.8
62;2021-05-08;10655;2327;415220;202773;28.6;14.0
62;2021-05-09;8626;1638;423846;204411;29.2;14.1
62;2021-05-10;4866;4025;428712;208436;29.5;14.3
62;2021-05-11;6415;5053;435127;213489;30.0;14.7
62;2021-05-12;8623;4598;443750;218087;30.5;15.0
62;2021-05-13;9999;1492;453749;219579;31.2;15.1
62;2021-05-14;11881;3406;465630;222985;32.1;15.3
62;2021-05-15;19784;3298;485414;226283;33.4;15.6
62;2021-05-16;16396;1414;501810;227697;34.5;15.7
62;2021-05-17;8182;2663;509992;230360;35.1;15.9
62;2021-05-18;9325;3134;519317;233494;35.7;16.1
62;2021-05-19;8614;2932;527931;236426;36.3;16.3
62;2021-05-20;8342;3846;536273;240272;36.9;16.5
62;2021-05-21;9398;4218;545671;244490;37.6;16.8
62;2021-05-22;17876;3531;563547;248021;38.8;17.1
62;2021-05-23;12377;1161;575924;249182;39.6;17.2
62;2021-05-24;3910;588;579834;249770;39.9;17.2
62;2021-05-25;7222;4096;587056;253866;40.4;17.5
62;2021-05-26;6782;4914;593838;258780;40.9;17.8
62;2021-05-27;6383;5696;600221;264476;41.3;18.2
62;2021-05-28;6519;6761;606740;271237;41.8;18.7
62;2021-05-29;10852;5541;617592;276778;42.5;19.1
62;2021-05-30;4037;981;621629;277759;42.8;19.1
62;2021-05-31;4796;3964;626425;281723;43.1;19.4
62;2021-06-01;6520;6532;632945;288255;43.6;19.8
62;2021-06-02;7442;5816;640387;294071;44.1;20.2
62;2021-06-03;7859;5891;648246;299962;44.6;20.6
62;2021-06-04;7905;6254;656151;306216;45.2;21.1
62;2021-06-05;8275;6234;664426;312450;45.7;21.5
62;2021-06-06;3129;1291;667555;313741;46.0;21.6
62;2021-06-07;4621;3765;672176;317506;46.3;21.9
62;2021-06-08;6208;5907;678384;323413;46.7;22.3
62;2021-06-09;5497;4771;683881;328184;47.1;22.6
62;2021-06-10;5207;5885;689088;334069;47.4;23.0
62;2021-06-11;6212;8870;695300;342939;47.9;23.6
62;2021-06-12;5935;8644;701235;351583;48.3;24.2
62;2021-06-13;3228;3797;704463;355380;48.5;24.5
62;2021-06-14;2609;6782;707072;362162;48.7;24.9
62;2021-06-15;4676;8540;711748;370702;49.0;25.5
62;2021-06-16;5083;7431;716831;378133;49.3;26.0
62;2021-06-17;5234;8043;722065;386176;49.7;26.6
62;2021-06-18;4825;10490;726890;396666;50.0;27.3
62;2021-06-19;5798;13441;732688;410107;50.4;28.2
62;2021-06-20;2100;4369;734788;414476;50.6;28.5
62;2021-06-21;2974;8927;737762;423403;50.8;29.1
62;2021-06-22;3430;10173;741192;433576;51.0;29.8
62;2021-06-23;3388;10319;744580;443895;51.3;30.6
62;2021-06-24;3345;11783;747925;455678;51.5;31.4
62;2021-06-25;3726;15769;751651;471447;51.7;32.5
62;2021-06-26;3550;18427;755201;489874;52.0;33.7
62;2021-06-27;1121;9813;756322;499687;52.1;34.4
62;2021-06-28;1926;8868;758248;508555;52.2;35.0
62;2021-06-29;2974;11464;761222;520019;52.4;35.8
62;2021-06-30;4144;10819;765366;530838;52.7;36.5
62;2021-07-01;4483;10486;769849;541324;53.0;37.3
62;2021-07-02;4168;11986;774017;553310;53.3;38.1
62;2021-07-03;2996;18056;777013;571366;53.5;39.3
62;2021-07-04;1450;9196;778463;580562;53.6;40.0
62;2021-07-05;2416;6916;780879;587478;53.8;40.4
62;2021-07-06;3823;10018;784702;597496;54.0;41.1
62;2021-07-07;3915;8910;788617;606406;54.3;41.7
62;2021-07-08;5243;9089;793860;615495;54.6;42.4
62;2021-07-09;4470;10849;798330;626344;55.0;43.1
62;2021-07-10;4978;11893;803308;638237;55.3;43.9
62;2021-07-11;1337;2092;804645;640329;55.4;44.1
62;2021-07-12;2327;7134;806972;647463;55.5;44.6
62;2021-07-13;5177;12160;812149;659623;55.9;45.4
62;2021-07-14;3636;3163;815785;662786;56.2;45.6
62;2021-07-15;7586;11497;823371;674283;56.7;46.4
62;2021-07-16;7626;11043;830997;685326;57.2;47.2
62;2021-07-17;9729;10332;840726;695658;57.9;47.9
62;2021-07-18;2715;3460;843441;699118;58.1;48.1
62;2021-07-19;6014;7018;849455;706136;58.5;48.6
62;2021-07-20;7939;10723;857394;716859;59.0;49.3
62;2021-07-21;9777;9407;867171;726266;59.7;50.0
62;2021-07-22;9801;9022;876972;735288;60.4;50.6
62;2021-07-23;10633;8413;887605;743701;61.1;51.2
62;2021-07-24;9665;10314;897270;754015;61.8;51.9
62;2021-07-25;5549;1872;902819;755887;62.1;52.0
62;2021-07-26;6240;5391;909059;761278;62.6;52.4
62;2021-07-27;9848;8125;918907;769403;63.3;53.0
62;2021-07-28;10396;7492;929303;776895;64.0;53.5
62;2021-07-29;11997;7656;941300;784551;64.8;54.0
62;2021-07-30;9088;6292;950388;790843;65.4;54.4
62;2021-07-31;6634;4022;957022;794865;65.9;54.7
62;2021-08-01;2342;1103;959364;795968;66.0;54.8
62;2021-08-02;6859;4758;966223;800726;66.5;55.1
62;2021-08-03;8621;7479;974844;808205;67.1;55.6
62;2021-08-04;9486;5481;984330;813686;67.8;56.0
62;2021-08-05;8359;5622;992689;819308;68.3;56.4
62;2021-08-06;7318;5931;1000007;825239;68.8;56.8
62;2021-08-07;5492;4959;1005499;830198;69.2;57.1
62;2021-08-08;1874;1301;1007373;831499;69.3;57.2
62;2021-08-09;5254;5033;1012627;836532;69.7;57.6
62;2021-08-10;6216;7358;1018843;843890;70.1;58.1
62;2021-08-11;5409;7397;1024252;851287;70.5;58.6
62;2021-08-12;5995;7012;1030247;858299;70.9;59.1
62;2021-08-13;4490;6062;1034737;864361;71.2;59.5
62;2021-08-14;3824;6867;1038561;871228;71.5;60.0
62;2021-08-15;1138;1212;1039699;872440;71.6;60.1
62;2021-08-16;3176;5876;1042875;878316;71.8;60.5
62;2021-08-17;4161;7349;1047036;885665;72.1;61.0
62;2021-08-18;4330;7247;1051366;892912;72.4;61.5
62;2021-08-19;4337;8615;1055703;901527;72.7;62.1
62;2021-08-20;3360;8474;1059063;910001;72.9;62.6
62;2021-08-21;2447;9764;1061510;919765;73.1;63.3
62;2021-08-22;389;2816;1061899;922581;73.1;63.5
62;2021-08-23;2717;7832;1064616;930413;73.3;64.0
62;2021-08-24;3821;10409;1068437;940822;73.5;64.8
62;2021-08-25;3496;9196;1071933;950018;73.8;65.4
62;2021-08-26;3176;9770;1075109;959788;74.0;66.1
62;2021-08-27;2567;8815;1077676;968603;74.2;66.7
62;2021-08-28;2020;7993;1079696;976596;74.3;67.2
62;2021-08-29;861;2249;1080557;978845;74.4;67.4
62;2021-08-30;2029;7375;1082586;986220;74.5;67.9
62;2021-08-31;2123;8009;1084709;994229;74.7;68.4
62;2021-09-01;1807;6162;1086516;1000391;74.8;68.9
62;2021-09-02;1833;6841;1088349;1007232;74.9;69.3
62;2021-09-03;2043;7349;1090392;1014581;75.1;69.8
62;2021-09-04;2109;6664;1092501;1021245;75.2;70.3
62;2021-09-05;311;1263;1092812;1022508;75.2;70.4
62;2021-09-06;1000;3789;1093812;1026297;75.3;70.6
62;2021-09-07;1192;4335;1095004;1030632;75.4;70.9
63;2020-12-27;0;0;0;0;0.0;0.0
63;2020-12-28;1;0;1;0;0.0;0.0
63;2020-12-29;0;0;1;0;0.0;0.0
63;2020-12-30;0;0;1;0;0.0;0.0
63;2020-12-31;0;0;1;0;0.0;0.0
63;2021-01-01;1;0;2;0;0.0;0.0
63;2021-01-02;0;0;2;0;0.0;0.0
63;2021-01-03;1;0;3;0;0.0;0.0
63;2021-01-04;0;0;3;0;0.0;0.0
63;2021-01-05;1;0;4;0;0.0;0.0
63;2021-01-06;4;1;8;1;0.0;0.0
63;2021-01-07;310;0;318;1;0.0;0.0
63;2021-01-08;214;0;532;1;0.1;0.0
63;2021-01-09;91;0;623;1;0.1;0.0
63;2021-01-10;82;0;705;1;0.1;0.0
63;2021-01-11;430;2;1135;3;0.2;0.0
63;2021-01-12;661;1;1796;4;0.3;0.0
63;2021-01-13;873;2;2669;6;0.4;0.0
63;2021-01-14;544;8;3213;14;0.5;0.0
63;2021-01-15;431;3;3644;17;0.6;0.0
63;2021-01-16;157;0;3801;17;0.6;0.0
63;2021-01-17;133;0;3934;17;0.6;0.0
63;2021-01-18;632;2;4566;19;0.7;0.0
63;2021-01-19;866;1;5432;20;0.8;0.0
63;2021-01-20;1068;2;6500;22;1.0;0.0
63;2021-01-21;1013;3;7513;25;1.1;0.0
63;2021-01-22;968;3;8481;28;1.3;0.0
63;2021-01-23;192;0;8673;28;1.3;0.0
63;2021-01-24;164;1;8837;29;1.3;0.0
63;2021-01-25;829;1;9666;30;1.5;0.0
63;2021-01-26;972;2;10638;32;1.6;0.0
63;2021-01-27;1003;5;11641;37;1.8;0.0
63;2021-01-28;1320;67;12961;104;2.0;0.0
63;2021-01-29;1067;65;14028;169;2.1;0.0
63;2021-01-30;68;0;14096;169;2.1;0.0
63;2021-01-31;6;0;14102;169;2.1;0.0
63;2021-02-01;575;168;14677;337;2.2;0.1
63;2021-02-02;885;221;15562;558;2.4;0.1
63;2021-02-03;1473;274;17035;832;2.6;0.1
63;2021-02-04;2118;500;19153;1332;2.9;0.2
63;2021-02-05;1145;261;20298;1593;3.1;0.2
63;2021-02-06;117;0;20415;1593;3.1;0.2
63;2021-02-07;9;1;20424;1594;3.1;0.2
63;2021-02-08;538;369;20962;1963;3.2;0.3
63;2021-02-09;671;383;21633;2346;3.3;0.4
63;2021-02-10;608;559;22241;2905;3.4;0.4
63;2021-02-11;751;438;22992;3343;3.5;0.5
63;2021-02-12;820;766;23812;4109;3.6;0.6
63;2021-02-13;82;1;23894;4110;3.6;0.6
63;2021-02-14;0;65;23894;4175;3.6;0.6
63;2021-02-15;202;693;24096;4868;3.6;0.7
63;2021-02-16;411;1029;24507;5897;3.7;0.9
63;2021-02-17;348;756;24855;6653;3.8;1.0
63;2021-02-18;607;728;25462;7381;3.9;1.1
63;2021-02-19;449;875;25911;8256;3.9;1.3
63;2021-02-20;35;32;25946;8288;3.9;1.3
63;2021-02-21;2;17;25948;8305;3.9;1.3
63;2021-02-22;291;795;26239;9100;4.0;1.4
63;2021-02-23;580;1003;26819;10103;4.1;1.5
63;2021-02-24;696;1323;27515;11426;4.2;1.7
63;2021-02-25;1603;1568;29118;12994;4.4;2.0
63;2021-02-26;1625;1278;30743;14272;4.7;2.2
63;2021-02-27;642;71;31385;14343;4.8;2.2
63;2021-02-28;4;178;31389;14521;4.8;2.2
63;2021-03-01;586;460;31975;14981;4.8;2.3
63;2021-03-02;906;741;32881;15722;5.0;2.4
63;2021-03-03;1036;667;33917;16389;5.1;2.5
63;2021-03-04;1753;466;35670;16855;5.4;2.6
63;2021-03-05;2612;665;38282;17520;5.8;2.7
63;2021-03-06;1551;53;39833;17573;6.0;2.7
63;2021-03-07;511;19;40344;17592;6.1;2.7
63;2021-03-08;967;634;41311;18226;6.3;2.8
63;2021-03-09;1538;1018;42849;19244;6.5;2.9
63;2021-03-10;1653;595;44502;19839;6.7;3.0
63;2021-03-11;3052;884;47554;20723;7.2;3.1
63;2021-03-12;3514;388;51068;21111;7.7;3.2
63;2021-03-13;2049;84;53117;21195;8.0;3.2
63;2021-03-14;61;22;53178;21217;8.1;3.2
63;2021-03-15;1766;367;54944;21584;8.3;3.3
63;2021-03-16;1746;411;56690;21995;8.6;3.3
63;2021-03-17;1641;677;58331;22672;8.8;3.4
63;2021-03-18;1941;739;60272;23411;9.1;3.5
63;2021-03-19;2742;493;63014;23904;9.5;3.6
63;2021-03-20;1121;70;64135;23974;9.7;3.6
63;2021-03-21;50;45;64185;24019;9.7;3.6
63;2021-03-22;1984;259;66169;24278;10.0;3.7
63;2021-03-23;2886;346;69055;24624;10.5;3.7
63;2021-03-24;3221;343;72276;24967;10.9;3.8
63;2021-03-25;4597;389;76873;25356;11.6;3.8
63;2021-03-26;4691;567;81564;25923;12.4;3.9
63;2021-03-27;2455;232;84019;26155;12.7;4.0
63;2021-03-28;1047;83;85066;26238;12.9;4.0
63;2021-03-29;2480;520;87546;26758;13.3;4.1
63;2021-03-30;3284;628;90830;27386;13.8;4.1
63;2021-03-31;2967;753;93797;28139;14.2;4.3
63;2021-04-01;3841;523;97638;28662;14.8;4.3
63;2021-04-02;3483;710;101121;29372;15.3;4.4
63;2021-04-03;1174;181;102295;29553;15.5;4.5
63;2021-04-04;877;27;103172;29580;15.6;4.5
63;2021-04-05;803;85;103975;29665;15.7;4.5
63;2021-04-06;2477;940;106452;30605;16.1;4.6
63;2021-04-07;3208;872;109660;31477;16.6;4.8
63;2021-04-08;4722;1222;114382;32699;17.3;5.0
63;2021-04-09;5314;1004;119696;33703;18.1;5.1
63;2021-04-10;2221;481;121917;34184;18.5;5.2
63;2021-04-11;834;39;122751;34223;18.6;5.2
63;2021-04-12;1597;1312;124348;35535;18.8;5.4
63;2021-04-13;1986;1962;126334;37497;19.1;5.7
63;2021-04-14;2630;1438;128964;38935;19.5;5.9
63;2021-04-15;3809;1542;132773;40477;20.1;6.1
63;2021-04-16;2841;2158;135614;42635;20.5;6.5
63;2021-04-17;1233;673;136847;43308;20.7;6.6
63;2021-04-18;803;61;137650;43369;20.8;6.6
63;2021-04-19;1656;2103;139306;45472;21.1;6.9
63;2021-04-20;1702;2298;141008;47770;21.4;7.2
63;2021-04-21;1518;2405;142526;50175;21.6;7.6
63;2021-04-22;1915;2261;144441;52436;21.9;7.9
63;2021-04-23;2018;3112;146459;55548;22.2;8.4
63;2021-04-24;1192;1127;147651;56675;22.4;8.6
63;2021-04-25;554;412;148205;57087;22.4;8.6
63;2021-04-26;1438;2241;149643;59328;22.7;9.0
63;2021-04-27;2327;2607;151970;61935;23.0;9.4
63;2021-04-28;2347;3165;154317;65100;23.4;9.9
63;2021-04-29;2882;2821;157199;67921;23.8;10.3
63;2021-04-30;2862;2813;160061;70734;24.2;10.7
63;2021-05-01;1128;1051;161189;71785;24.4;10.9
63;2021-05-02;897;640;162086;72425;24.5;11.0
63;2021-05-03;2685;2238;164771;74663;25.0;11.3
63;2021-05-04;2879;2697;167650;77360;25.4;11.7
63;2021-05-05;2935;3119;170585;80479;25.8;12.2
63;2021-05-06;3671;3052;174256;83531;26.4;12.7
63;2021-05-07;4033;3536;178289;87067;27.0;13.2
63;2021-05-08;2000;653;180289;87720;27.3;13.3
63;2021-05-09;1802;606;182091;88326;27.6;13.4
63;2021-05-10;4196;2762;186287;91088;28.2;13.8
63;2021-05-11;5338;2765;191625;93853;29.0;14.2
63;2021-05-12;5270;2907;196895;96760;29.8;14.7
63;2021-05-13;4132;699;201027;97459;30.4;14.8
63;2021-05-14;4772;1512;205799;98971;31.2;15.0
63;2021-05-15;3724;986;209523;99957;31.7;15.1
63;2021-05-16;3521;447;213044;100404;32.3;15.2
63;2021-05-17;3899;1990;216943;102394;32.9;15.5
63;2021-05-18;5120;1614;222063;104008;33.6;15.8
63;2021-05-19;5222;1626;227285;105634;34.4;16.0
63;2021-05-20;6801;2090;234086;107724;35.5;16.3
63;2021-05-21;6254;2332;240340;110056;36.4;16.7
63;2021-05-22;3353;849;243693;110905;36.9;16.8
63;2021-05-23;2385;244;246078;111149;37.3;16.8
63;2021-05-24;2639;580;248717;111729;37.7;16.9
63;2021-05-25;4269;2644;252986;114373;38.3;17.3
63;2021-05-26;5451;2417;258437;116790;39.1;17.7
63;2021-05-27;6503;2801;264940;119591;40.1;18.1
63;2021-05-28;5420;3885;270360;123476;40.9;18.7
63;2021-05-29;3360;1503;273720;124979;41.5;18.9
63;2021-05-30;1579;217;275299;125196;41.7;19.0
63;2021-05-31;4154;2282;279453;127478;42.3;19.3
63;2021-06-01;3806;2961;283259;130439;42.9;19.8
63;2021-06-02;3888;2525;287147;132964;43.5;20.1
63;2021-06-03;4903;3143;292050;136107;44.2;20.6
63;2021-06-04;5099;3622;297149;139729;45.0;21.2
63;2021-06-05;2814;1745;299963;141474;45.4;21.4
63;2021-06-06;1308;697;301271;142171;45.6;21.5
63;2021-06-07;3165;2515;304436;144686;46.1;21.9
63;2021-06-08;2879;2754;307315;147440;46.5;22.3
63;2021-06-09;3024;2276;310339;149716;47.0;22.7
63;2021-06-10;3223;2687;313562;152403;47.5;23.1
63;2021-06-11;3100;4048;316662;156451;48.0;23.7
63;2021-06-12;1637;1969;318299;158420;48.2;24.0
63;2021-06-13;482;1098;318781;159518;48.3;24.2
63;2021-06-14;1825;3473;320606;162991;48.6;24.7
63;2021-06-15;2210;3480;322816;166471;48.9;25.2
63;2021-06-16;2574;3312;325390;169783;49.3;25.7
63;2021-06-17;2400;4315;327790;174098;49.6;26.4
63;2021-06-18;2478;5828;330268;179926;50.0;27.3
63;2021-06-19;1640;2834;331908;182760;50.3;27.7
63;2021-06-20;677;2441;332585;185201;50.4;28.1
63;2021-06-21;1272;5387;333857;190588;50.6;28.9
63;2021-06-22;1233;5537;335090;196125;50.8;29.7
63;2021-06-23;1529;4764;336619;200889;51.0;30.4
63;2021-06-24;1926;5383;338545;206272;51.3;31.2
63;2021-06-25;1752;5898;340297;212170;51.5;32.1
63;2021-06-26;1073;3352;341370;215522;51.7;32.6
63;2021-06-27;713;3487;342083;219009;51.8;33.2
63;2021-06-28;1136;5662;343219;224671;52.0;34.0
63;2021-06-29;1225;5159;344444;229830;52.2;34.8
63;2021-06-30;1603;5292;346047;235122;52.4;35.6
63;2021-07-01;1915;8066;347962;243188;52.7;36.8
63;2021-07-02;2060;6543;350022;249731;53.0;37.8
63;2021-07-03;963;2928;350985;252659;53.2;38.3
63;2021-07-04;1064;1885;352049;254544;53.3;38.6
63;2021-07-05;1538;6280;353587;260824;53.6;39.5
63;2021-07-06;1602;4804;355189;265628;53.8;40.2
63;2021-07-07;1973;4085;357162;269713;54.1;40.9
63;2021-07-08;2207;4582;359369;274295;54.4;41.5
63;2021-07-09;1925;5721;361294;280016;54.7;42.4
63;2021-07-10;1534;3415;362828;283431;55.0;42.9
63;2021-07-11;910;1537;363738;284968;55.1;43.2
63;2021-07-12;1595;8705;365333;293673;55.3;44.5
63;2021-07-13;3601;6137;368934;299810;55.9;45.4
63;2021-07-14;3618;1790;372552;301600;56.4;45.7
63;2021-07-15;4413;5033;376965;306633;57.1;46.4
63;2021-07-16;4692;5785;381657;312418;57.8;47.3
63;2021-07-17;3013;2473;384670;314891;58.3;47.7
63;2021-07-18;2826;1089;387496;315980;58.7;47.9
63;2021-07-19;4002;4846;391498;320826;59.3;48.6
63;2021-07-20;4739;5456;396237;326282;60.0;49.4
63;2021-07-21;4791;3977;401028;330259;60.7;50.0
63;2021-07-22;5509;4401;406537;334660;61.6;50.7
63;2021-07-23;5158;4650;411695;339310;62.4;51.4
63;2021-07-24;3675;1951;415370;341261;62.9;51.7
63;2021-07-25;3065;1438;418435;342699;63.4;51.9
63;2021-07-26;4040;3227;422475;345926;64.0;52.4
63;2021-07-27;3934;3159;426409;349085;64.6;52.9
63;2021-07-28;3853;2716;430262;351801;65.2;53.3
63;2021-07-29;4453;3160;434715;354961;65.8;53.8
63;2021-07-30;3817;3574;438532;358535;66.4;54.3
63;2021-07-31;2161;1721;440693;360256;66.7;54.6
63;2021-08-01;1197;836;441890;361092;66.9;54.7
63;2021-08-02;2231;3067;444121;364159;67.3;55.2
63;2021-08-03;2739;3266;446860;367425;67.7;55.7
63;2021-08-04;2817;3243;449677;370668;68.1;56.1
63;2021-08-05;2443;3473;452120;374141;68.5;56.7
63;2021-08-06;2355;4153;454475;378294;68.8;57.3
63;2021-08-07;1307;2804;455782;381098;69.0;57.7
63;2021-08-08;324;1205;456106;382303;69.1;57.9
63;2021-08-09;1849;4223;457955;386526;69.4;58.5
63;2021-08-10;2219;3996;460174;390522;69.7;59.1
63;2021-08-11;2104;3630;462278;394152;70.0;59.7
63;2021-08-12;1948;4623;464226;398775;70.3;60.4
63;2021-08-13;1680;4009;465906;402784;70.6;61.0
63;2021-08-14;841;3237;466747;406021;70.7;61.5
63;2021-08-15;183;1450;466930;407471;70.7;61.7
63;2021-08-16;1229;4394;468159;411865;70.9;62.4
63;2021-08-17;1624;4052;469783;415917;71.2;63.0
63;2021-08-18;1441;3305;471224;419222;71.4;63.5
63;2021-08-19;1323;3446;472547;422668;71.6;64.0
63;2021-08-20;1371;3711;473918;426379;71.8;64.6
63;2021-08-21;674;2166;474592;428545;71.9;64.9
63;2021-08-22;212;1092;474804;429637;71.9;65.1
63;2021-08-23;1054;3589;475858;433226;72.1;65.6
63;2021-08-24;1082;2985;476940;436211;72.2;66.1
63;2021-08-25;1001;2790;477941;439001;72.4;66.5
63;2021-08-26;1126;2705;479067;441706;72.6;66.9
63;2021-08-27;1143;3159;480210;444865;72.7;67.4
63;2021-08-28;695;1707;480905;446572;72.8;67.6
63;2021-08-29;107;577;481012;447149;72.9;67.7
63;2021-08-30;786;2442;481798;449591;73.0;68.1
63;2021-08-31;984;2564;482782;452155;73.1;68.5
63;2021-09-01;913;2134;483695;454289;73.3;68.8
63;2021-09-02;812;2196;484507;456485;73.4;69.1
63;2021-09-03;902;2658;485409;459143;73.5;69.5
63;2021-09-04;707;1536;486116;460679;73.6;69.8
63;2021-09-05;80;273;486196;460952;73.6;69.8
63;2021-09-06;552;1603;486748;462555;73.7;70.1
63;2021-09-07;648;1739;487396;464294;73.8;70.3
64;2020-12-27;1;0;1;0;0.0;0.0
64;2020-12-28;2;0;3;0;0.0;0.0
64;2020-12-29;0;0;3;0;0.0;0.0
64;2020-12-30;0;0;3;0;0.0;0.0
64;2020-12-31;0;0;3;0;0.0;0.0
64;2021-01-01;0;0;3;0;0.0;0.0
64;2021-01-02;0;0;3;0;0.0;0.0
64;2021-01-03;0;0;3;0;0.0;0.0
64;2021-01-04;29;0;32;0;0.0;0.0
64;2021-01-05;25;0;57;0;0.0;0.0
64;2021-01-06;188;0;245;0;0.0;0.0
64;2021-01-07;842;1;1087;1;0.2;0.0
64;2021-01-08;880;2;1967;3;0.3;0.0
64;2021-01-09;54;0;2021;3;0.3;0.0
64;2021-01-10;2;0;2023;3;0.3;0.0
64;2021-01-11;543;0;2566;3;0.4;0.0
64;2021-01-12;760;3;3326;6;0.5;0.0
64;2021-01-13;865;2;4191;8;0.6;0.0
64;2021-01-14;1045;3;5236;11;0.8;0.0
64;2021-01-15;929;3;6165;14;0.9;0.0
64;2021-01-16;70;0;6235;14;0.9;0.0
64;2021-01-17;5;0;6240;14;0.9;0.0
64;2021-01-18;942;6;7182;20;1.1;0.0
64;2021-01-19;1448;3;8630;23;1.3;0.0
64;2021-01-20;1617;3;10247;26;1.5;0.0
64;2021-01-21;2604;1;12851;27;1.9;0.0
64;2021-01-22;1651;3;14502;30;2.1;0.0
64;2021-01-23;524;1;15026;31;2.2;0.0
64;2021-01-24;89;0;15115;31;2.2;0.0
64;2021-01-25;974;7;16089;38;2.4;0.0
64;2021-01-26;1358;21;17447;59;2.6;0.0
64;2021-01-27;1243;116;18690;175;2.7;0.0
64;2021-01-28;1649;618;20339;793;3.0;0.1
64;2021-01-29;973;636;21312;1429;3.1;0.2
64;2021-01-30;468;57;21780;1486;3.2;0.2
64;2021-01-31;92;0;21872;1486;3.2;0.2
64;2021-02-01;674;298;22546;1784;3.3;0.3
64;2021-02-02;1134;538;23680;2322;3.5;0.3
64;2021-02-03;1042;624;24722;2946;3.6;0.4
64;2021-02-04;1027;523;25749;3469;3.8;0.5
64;2021-02-05;867;451;26616;3920;3.9;0.6
64;2021-02-06;501;32;27117;3952;4.0;0.6
64;2021-02-07;131;4;27248;3956;4.0;0.6
64;2021-02-08;769;285;28017;4241;4.1;0.6
64;2021-02-09;946;690;28963;4931;4.2;0.7
64;2021-02-10;916;768;29879;5699;4.4;0.8
64;2021-02-11;1200;1464;31079;7163;4.5;1.0
64;2021-02-12;1076;1014;32155;8177;4.7;1.2
64;2021-02-13;225;251;32380;8428;4.7;1.2
64;2021-02-14;37;35;32417;8463;4.7;1.2
64;2021-02-15;221;974;32638;9437;4.8;1.4
64;2021-02-16;260;1272;32898;10709;4.8;1.6
64;2021-02-17;290;1100;33188;11809;4.9;1.7
64;2021-02-18;508;1555;33696;13364;4.9;2.0
64;2021-02-19;415;1121;34111;14485;5.0;2.1
64;2021-02-20;119;362;34230;14847;5.0;2.2
64;2021-02-21;20;76;34250;14923;5.0;2.2
64;2021-02-22;477;846;34727;15769;5.1;2.3
64;2021-02-23;720;1012;35447;16781;5.2;2.5
64;2021-02-24;731;920;36178;17701;5.3;2.6
64;2021-02-25;1094;854;37272;18555;5.5;2.7
64;2021-02-26;1216;816;38488;19371;5.6;2.8
64;2021-02-27;864;350;39352;19721;5.8;2.9
64;2021-02-28;42;71;39394;19792;5.8;2.9
64;2021-03-01;766;717;40160;20509;5.9;3.0
64;2021-03-02;1079;846;41239;21355;6.0;3.1
64;2021-03-03;1251;934;42490;22289;6.2;3.3
64;2021-03-04;1879;1146;44369;23435;6.5;3.4
64;2021-03-05;2197;1023;46566;24458;6.8;3.6
64;2021-03-06;1543;492;48109;24950;7.0;3.7
64;2021-03-07;596;102;48705;25052;7.1;3.7
64;2021-03-08;1535;734;50240;25786;7.4;3.8
64;2021-03-09;2069;822;52309;26608;7.7;3.9
64;2021-03-10;2082;749;54391;27357;8.0;4.0
64;2021-03-11;2972;1046;57363;28403;8.4;4.2
64;2021-03-12;3486;591;60849;28994;8.9;4.2
64;2021-03-13;2257;165;63106;29159;9.2;4.3
64;2021-03-14;233;15;63339;29174;9.3;4.3
64;2021-03-15;2334;221;65673;29395;9.6;4.3
64;2021-03-16;1993;263;67666;29658;9.9;4.3
64;2021-03-17;2072;237;69738;29895;10.2;4.4
64;2021-03-18;2464;207;72202;30102;10.6;4.4
64;2021-03-19;3014;285;75216;30387;11.0;4.4
64;2021-03-20;2468;91;77684;30478;11.4;4.5
64;2021-03-21;1280;27;78964;30505;11.6;4.5
64;2021-03-22;2589;545;81553;31050;11.9;4.5
64;2021-03-23;3198;645;84751;31695;12.4;4.6
64;2021-03-24;3564;697;88315;32392;12.9;4.7
64;2021-03-25;4351;802;92666;33194;13.6;4.9
64;2021-03-26;4429;699;97095;33893;14.2;5.0
64;2021-03-27;2973;432;100068;34325;14.6;5.0
64;2021-03-28;521;56;100589;34381;14.7;5.0
64;2021-03-29;3028;881;103617;35262;15.2;5.2
64;2021-03-30;4137;869;107754;36131;15.8;5.3
64;2021-03-31;3593;787;111347;36918;16.3;5.4
64;2021-04-01;4783;937;116130;37855;17.0;5.5
64;2021-04-02;4446;744;120576;38599;17.6;5.6
64;2021-04-03;2060;585;122636;39184;18.0;5.7
64;2021-04-04;309;49;122945;39233;18.0;5.7
64;2021-04-05;1689;142;124634;39375;18.2;5.8
64;2021-04-06;3654;1388;128288;40763;18.8;6.0
64;2021-04-07;3949;1510;132237;42273;19.4;6.2
64;2021-04-08;5195;1595;137432;43868;20.1;6.4
64;2021-04-09;5900;1639;143332;45507;21.0;6.7
64;2021-04-10;3222;1049;146554;46556;21.5;6.8
64;2021-04-11;447;251;147001;46807;21.5;6.9
64;2021-04-12;4047;1864;151048;48671;22.1;7.1
64;2021-04-13;4464;2165;155512;50836;22.8;7.4
64;2021-04-14;4089;2135;159601;52971;23.4;7.8
64;2021-04-15;4395;2294;163996;55265;24.0;8.1
64;2021-04-16;4298;2256;168294;57521;24.6;8.4
64;2021-04-17;2480;1496;170774;59017;25.0;8.6
64;2021-04-18;1096;1181;171870;60198;25.2;8.8
64;2021-04-19;2733;2441;174603;62639;25.6;9.2
64;2021-04-20;3209;2427;177812;65066;26.0;9.5
64;2021-04-21;3225;2562;181037;67628;26.5;9.9
64;2021-04-22;3389;2782;184426;70410;27.0;10.3
64;2021-04-23;3433;2612;187859;73022;27.5;10.7
64;2021-04-24;2067;1588;189926;74610;27.8;10.9
64;2021-04-25;290;237;190216;74847;27.8;11.0
64;2021-04-26;2659;2645;192875;77492;28.2;11.3
64;2021-04-27;3061;3130;195936;80622;28.7;11.8
64;2021-04-28;3605;3058;199541;83680;29.2;12.2
64;2021-04-29;4653;3459;204194;87139;29.9;12.8
64;2021-04-30;4085;3608;208279;90747;30.5;13.3
64;2021-05-01;1485;1030;209764;91777;30.7;13.4
64;2021-05-02;446;325;210210;92102;30.8;13.5
64;2021-05-03;2909;3522;213119;95624;31.2;14.0
64;2021-05-04;3645;3985;216764;99609;31.7;14.6
64;2021-05-05;3360;4012;220124;103621;32.2;15.2
64;2021-05-06;4109;3990;224233;107611;32.8;15.8
64;2021-05-07;3922;4189;228155;111800;33.4;16.4
64;2021-05-08;2621;1237;230776;113037;33.8;16.5
64;2021-05-09;720;305;231496;113342;33.9;16.6
64;2021-05-10;2862;4236;234358;117578;34.3;17.2
64;2021-05-11;4186;4143;238544;121721;34.9;17.8
64;2021-05-12;4485;3942;243029;125663;35.6;18.4
64;2021-05-13;3198;886;246227;126549;36.0;18.5
64;2021-05-14;5153;3150;251380;129699;36.8;19.0
64;2021-05-15;3526;1866;254906;131565;37.3;19.3
64;2021-05-16;498;225;255404;131790;37.4;19.3
64;2021-05-17;4193;2386;259597;134176;38.0;19.6
64;2021-05-18;5166;2305;264763;136481;38.8;20.0
64;2021-05-19;4978;2164;269741;138645;39.5;20.3
64;2021-05-20;5571;2158;275312;140803;40.3;20.6
64;2021-05-21;5273;2247;280585;143050;41.1;20.9
64;2021-05-22;3582;1509;284167;144559;41.6;21.2
64;2021-05-23;431;206;284598;144765;41.7;21.2
64;2021-05-24;2997;1231;287595;145996;42.1;21.4
64;2021-05-25;4334;2851;291929;148847;42.7;21.8
64;2021-05-26;4356;2714;296285;151561;43.4;22.2
64;2021-05-27;5285;3157;301570;154718;44.1;22.6
64;2021-05-28;4620;3433;306190;158151;44.8;23.1
64;2021-05-29;2811;2113;309001;160264;45.2;23.5
64;2021-05-30;439;203;309440;160467;45.3;23.5
64;2021-05-31;3891;3671;313331;164138;45.9;24.0
64;2021-06-01;5339;3571;318670;167709;46.6;24.5
64;2021-06-02;4934;3177;323604;170886;47.4;25.0
64;2021-06-03;6367;3263;329971;174149;48.3;25.5
64;2021-06-04;5151;4557;335122;178706;49.1;26.2
64;2021-06-05;3485;2525;338607;181231;49.6;26.5
64;2021-06-06;2014;328;340621;181559;49.9;26.6
64;2021-06-07;4130;4332;344751;185891;50.5;27.2
64;2021-06-08;5155;4120;349906;190011;51.2;27.8
64;2021-06-09;5153;3659;355059;193670;52.0;28.3
64;2021-06-10;6181;3144;361240;196814;52.9;28.8
64;2021-06-11;5590;4875;366830;201689;53.7;29.5
64;2021-06-12;3951;2329;370781;204018;54.3;29.9
64;2021-06-13;1556;392;372337;204410;54.5;29.9
64;2021-06-14;3671;4793;376008;209203;55.0;30.6
64;2021-06-15;4576;4708;380584;213911;55.7;31.3
64;2021-06-16;4471;4667;385055;218578;56.4;32.0
64;2021-06-17;3643;4305;388698;222883;56.9;32.6
64;2021-06-18;4424;5172;393122;228055;57.5;33.4
64;2021-06-19;2985;3284;396107;231339;58.0;33.9
64;2021-06-20;881;539;396988;231878;58.1;33.9
64;2021-06-21;2315;5124;399303;237002;58.4;34.7
64;2021-06-22;2559;5729;401862;242731;58.8;35.5
64;2021-06-23;3105;5484;404967;248215;59.3;36.3
64;2021-06-24;2720;3809;407687;252024;59.7;36.9
64;2021-06-25;2902;6436;410589;258460;60.1;37.8
64;2021-06-26;1799;3838;412388;262298;60.4;38.4
64;2021-06-27;492;713;412880;263011;60.4;38.5
64;2021-06-28;1934;6069;414814;269080;60.7;39.4
64;2021-06-29;1965;6268;416779;275348;61.0;40.3
64;2021-06-30;2255;6002;419034;281350;61.3;41.2
64;2021-07-01;2413;5344;421447;286694;61.7;42.0
64;2021-07-02;2305;6409;423752;293103;62.0;42.9
64;2021-07-03;1263;3784;425015;296887;62.2;43.5
64;2021-07-04;411;847;425426;297734;62.3;43.6
64;2021-07-05;1379;5411;426805;303145;62.5;44.4
64;2021-07-06;1997;6150;428802;309295;62.8;45.3
64;2021-07-07;2065;5752;430867;315047;63.1;46.1
64;2021-07-08;1802;4399;432669;319446;63.3;46.8
64;2021-07-09;1824;6540;434493;325986;63.6;47.7
64;2021-07-10;1171;3882;435664;329868;63.8;48.3
64;2021-07-11;253;860;435917;330728;63.8;48.4
64;2021-07-12;1502;6088;437419;336816;64.0;49.3
64;2021-07-13;2365;7251;439784;344067;64.4;50.4
64;2021-07-14;2372;3406;442156;347473;64.7;50.9
64;2021-07-15;2104;5482;444260;352955;65.0;51.7
64;2021-07-16;2848;6774;447108;359729;65.4;52.7
64;2021-07-17;2338;4586;449446;364315;65.8;53.3
64;2021-07-18;716;2050;450162;366365;65.9;53.6
64;2021-07-19;2350;6120;452512;372485;66.2;54.5
64;2021-07-20;3127;6553;455639;379038;66.7;55.5
64;2021-07-21;3346;6048;458985;385086;67.2;56.4
64;2021-07-22;3815;5719;462800;390805;67.7;57.2
64;2021-07-23;3726;5621;466526;396426;68.3;58.0
64;2021-07-24;2546;4430;469072;400856;68.7;58.7
64;2021-07-25;753;1062;469825;401918;68.8;58.8
64;2021-07-26;3089;5134;472914;407052;69.2;59.6
64;2021-07-27;4265;5144;477179;412196;69.8;60.3
64;2021-07-28;4315;4596;481494;416792;70.5;61.0
64;2021-07-29;5519;3902;487013;420694;71.3;61.6
64;2021-07-30;5149;4224;492162;424918;72.0;62.2
64;2021-07-31;3172;3347;495334;428265;72.5;62.7
64;2021-08-01;1145;586;496479;428851;72.7;62.8
64;2021-08-02;4356;2650;500835;431501;73.3;63.2
64;2021-08-03;4549;3174;505384;434675;74.0;63.6
64;2021-08-04;4130;2997;509514;437672;74.6;64.1
64;2021-08-05;4018;2614;513532;440286;75.2;64.4
64;2021-08-06;3841;3341;517373;443627;75.7;64.9
64;2021-08-07;2481;2701;519854;446328;76.1;65.3
64;2021-08-08;488;609;520342;446937;76.2;65.4
64;2021-08-09;2736;3197;523078;450134;76.6;65.9
64;2021-08-10;3348;3434;526426;453568;77.1;66.4
64;2021-08-11;3063;3265;529489;456833;77.5;66.9
64;2021-08-12;3181;3304;532670;460137;78.0;67.4
64;2021-08-13;2558;3657;535228;463794;78.3;67.9
64;2021-08-14;1628;2682;536856;466476;78.6;68.3
64;2021-08-15;203;691;537059;467167;78.6;68.4
64;2021-08-16;2099;3233;539158;470400;78.9;68.9
64;2021-08-17;2279;3702;541437;474102;79.3;69.4
64;2021-08-18;2024;3520;543461;477622;79.6;69.9
64;2021-08-19;1928;3527;545389;481149;79.8;70.4
64;2021-08-20;1575;3975;546964;485124;80.1;71.0
64;2021-08-21;969;2882;547933;488006;80.2;71.4
64;2021-08-22;160;893;548093;488899;80.2;71.6
64;2021-08-23;1255;3238;549348;492137;80.4;72.0
64;2021-08-24;1370;4593;550718;496730;80.6;72.7
64;2021-08-25;1253;3744;551971;500474;80.8;73.3
64;2021-08-26;1100;3532;553071;504006;81.0;73.8
64;2021-08-27;1188;4226;554259;508232;81.1;74.4
64;2021-08-28;731;2496;554990;510728;81.2;74.8
64;2021-08-29;90;532;555080;511260;81.3;74.8
64;2021-08-30;984;3607;556064;514867;81.4;75.4
64;2021-08-31;989;3972;557053;518839;81.5;75.9
64;2021-09-01;912;3192;557965;522031;81.7;76.4
64;2021-09-02;892;3261;558857;525292;81.8;76.9
64;2021-09-03;865;3200;559722;528492;81.9;77.4
64;2021-09-04;694;2241;560416;530733;82.0;77.7
64;2021-09-05;74;267;560490;531000;82.0;77.7
64;2021-09-06;527;2582;561017;533582;82.1;78.1
64;2021-09-07;699;2333;561716;535915;82.2;78.4
65;2020-12-27;0;0;0;0;0.0;0.0
65;2020-12-28;1;0;1;0;0.0;0.0
65;2020-12-29;0;0;1;0;0.0;0.0
65;2020-12-30;0;0;1;0;0.0;0.0
65;2020-12-31;0;0;1;0;0.0;0.0
65;2021-01-01;1;0;2;0;0.0;0.0
65;2021-01-02;0;0;2;0;0.0;0.0
65;2021-01-03;0;0;2;0;0.0;0.0
65;2021-01-04;0;0;2;0;0.0;0.0
65;2021-01-05;1;0;3;0;0.0;0.0
65;2021-01-06;3;0;6;0;0.0;0.0
65;2021-01-07;167;0;173;0;0.1;0.0
65;2021-01-08;253;1;426;1;0.2;0.0
65;2021-01-09;177;1;603;2;0.3;0.0
65;2021-01-10;1;0;604;2;0.3;0.0
65;2021-01-11;275;3;879;5;0.4;0.0
65;2021-01-12;272;1;1151;6;0.5;0.0
65;2021-01-13;587;1;1738;7;0.8;0.0
65;2021-01-14;579;5;2317;12;1.0;0.0
65;2021-01-15;527;2;2844;14;1.3;0.0
65;2021-01-16;221;2;3065;16;1.4;0.0
65;2021-01-17;1;0;3066;16;1.4;0.0
65;2021-01-18;553;4;3619;20;1.6;0.0
65;2021-01-19;570;2;4189;22;1.8;0.0
65;2021-01-20;585;5;4774;27;2.1;0.0
65;2021-01-21;584;0;5358;27;2.4;0.0
65;2021-01-22;597;0;5955;27;2.6;0.0
65;2021-01-23;174;1;6129;28;2.7;0.0
65;2021-01-24;3;1;6132;29;2.7;0.0
65;2021-01-25;551;4;6683;33;2.9;0.0
65;2021-01-26;882;2;7565;35;3.3;0.0
65;2021-01-27;588;11;8153;46;3.6;0.0
65;2021-01-28;508;71;8661;117;3.8;0.1
65;2021-01-29;426;135;9087;252;4.0;0.1
65;2021-01-30;183;73;9270;325;4.1;0.1
65;2021-01-31;15;0;9285;325;4.1;0.1
65;2021-02-01;324;79;9609;404;4.2;0.2
65;2021-02-02;418;164;10027;568;4.4;0.3
65;2021-02-03;463;233;10490;801;4.6;0.4
65;2021-02-04;307;289;10797;1090;4.8;0.5
65;2021-02-05;284;340;11081;1430;4.9;0.6
65;2021-02-06;99;77;11180;1507;4.9;0.7
65;2021-02-07;10;0;11190;1507;4.9;0.7
65;2021-02-08;426;202;11616;1709;5.1;0.8
65;2021-02-09;272;335;11888;2044;5.2;0.9
65;2021-02-10;298;234;12186;2278;5.4;1.0
65;2021-02-11;320;245;12506;2523;5.5;1.1
65;2021-02-12;277;199;12783;2722;5.6;1.2
65;2021-02-13;125;85;12908;2807;5.7;1.2
65;2021-02-14;3;16;12911;2823;5.7;1.2
65;2021-02-15;202;351;13113;3174;5.8;1.4
65;2021-02-16;489;509;13602;3683;6.0;1.6
65;2021-02-17;231;435;13833;4118;6.1;1.8
65;2021-02-18;285;525;14118;4643;6.2;2.0
65;2021-02-19;156;414;14274;5057;6.3;2.2
65;2021-02-20;53;148;14327;5205;6.3;2.3
65;2021-02-21;3;48;14330;5253;6.3;2.3
65;2021-02-22;166;475;14496;5728;6.4;2.5
65;2021-02-23;249;479;14745;6207;6.5;2.7
65;2021-02-24;232;578;14977;6785;6.6;3.0
65;2021-02-25;212;168;15189;6953;6.7;3.1
65;2021-02-26;350;709;15539;7662;6.9;3.4
65;2021-02-27;109;186;15648;7848;6.9;3.5
65;2021-02-28;1;0;15649;7848;6.9;3.5
65;2021-03-01;378;354;16027;8202;7.1;3.6
65;2021-03-02;454;331;16481;8533;7.3;3.8
65;2021-03-03;381;371;16862;8904;7.4;3.9
65;2021-03-04;695;306;17557;9210;7.7;4.1
65;2021-03-05;678;273;18235;9483;8.0;4.2
65;2021-03-06;1187;81;19422;9564;8.6;4.2
65;2021-03-07;258;12;19680;9576;8.7;4.2
65;2021-03-08;412;334;20092;9910;8.9;4.4
65;2021-03-09;669;329;20761;10239;9.2;4.5
65;2021-03-10;625;361;21386;10600;9.4;4.7
65;2021-03-11;778;354;22164;10954;9.8;4.8
65;2021-03-12;1058;190;23222;11144;10.2;4.9
65;2021-03-13;354;91;23576;11235;10.4;5.0
65;2021-03-14;3;30;23579;11265;10.4;5.0
65;2021-03-15;816;184;24395;11449;10.8;5.0
65;2021-03-16;692;217;25087;11666;11.1;5.1
65;2021-03-17;711;205;25798;11871;11.4;5.2
65;2021-03-18;536;233;26334;12104;11.6;5.3
65;2021-03-19;878;163;27212;12267;12.0;5.4
65;2021-03-20;245;43;27457;12310;12.1;5.4
65;2021-03-21;12;2;27469;12312;12.1;5.4
65;2021-03-22;735;150;28204;12462;12.4;5.5
65;2021-03-23;837;362;29041;12824;12.8;5.7
65;2021-03-24;867;251;29908;13075;13.2;5.8
65;2021-03-25;1253;189;31161;13264;13.7;5.8
65;2021-03-26;1225;140;32386;13404;14.3;5.9
65;2021-03-27;1357;93;33743;13497;14.9;6.0
65;2021-03-28;1;1;33744;13498;14.9;6.0
65;2021-03-29;1492;358;35236;13856;15.5;6.1
65;2021-03-30;1357;407;36593;14263;16.1;6.3
65;2021-03-31;1208;369;37801;14632;16.7;6.5
65;2021-04-01;1510;394;39311;15026;17.3;6.6
65;2021-04-02;1684;287;40995;15313;18.1;6.8
65;2021-04-03;247;45;41242;15358;18.2;6.8
65;2021-04-04;4;2;41246;15360;18.2;6.8
65;2021-04-05;158;44;41404;15404;18.3;6.8
65;2021-04-06;1295;492;42699;15896;18.8;7.0
65;2021-04-07;1959;459;44658;16355;19.7;7.2
65;2021-04-08;1642;414;46300;16769;20.4;7.4
65;2021-04-09;1644;471;47944;17240;21.1;7.6
65;2021-04-10;1591;149;49535;17389;21.8;7.7
65;2021-04-11;3;0;49538;17389;21.8;7.7
65;2021-04-12;1350;737;50888;18126;22.4;8.0
65;2021-04-13;1575;590;52463;18716;23.1;8.3
65;2021-04-14;1904;744;54367;19460;24.0;8.6
65;2021-04-15;1700;671;56067;20131;24.7;8.9
65;2021-04-16;1824;528;57891;20659;25.5;9.1
65;2021-04-17;2156;132;60047;20791;26.5;9.2
65;2021-04-18;7;27;60054;20818;26.5;9.2
65;2021-04-19;1337;767;61391;21585;27.1;9.5
65;2021-04-20;1530;709;62921;22294;27.7;9.8
65;2021-04-21;1054;1045;63975;23339;28.2;10.3
65;2021-04-22;1646;724;65621;24063;28.9;10.6
65;2021-04-23;1160;1146;66781;25209;29.4;11.1
65;2021-04-24;1264;610;68045;25819;30.0;11.4
65;2021-04-25;31;15;68076;25834;30.0;11.4
65;2021-04-26;1609;1295;69685;27129;30.7;12.0
65;2021-04-27;1423;1337;71108;28466;31.3;12.5
65;2021-04-28;1731;1023;72839;29489;32.1;13.0
65;2021-04-29;1959;1035;74798;30524;33.0;13.5
65;2021-04-30;1782;923;76580;31447;33.8;13.9
65;2021-05-01;1574;229;78154;31676;34.5;14.0
65;2021-05-02;671;24;78825;31700;34.7;14.0
65;2021-05-03;1280;1619;80105;33319;35.3;14.7
65;2021-05-04;1535;1243;81640;34562;36.0;15.2
65;2021-05-05;1373;1645;83013;36207;36.6;16.0
65;2021-05-06;1558;1177;84571;37384;37.3;16.5
65;2021-05-07;1274;1570;85845;38954;37.8;17.2
65;2021-05-08;1647;443;87492;39397;38.6;17.4
65;2021-05-09;0;89;87492;39486;38.6;17.4
65;2021-05-10;954;1883;88446;41369;39.0;18.2
65;2021-05-11;1059;1809;89505;43178;39.5;19.0
65;2021-05-12;1236;1635;90741;44813;40.0;19.8
65;2021-05-13;1345;170;92086;44983;40.6;19.8
65;2021-05-14;1575;1095;93661;46078;41.3;20.3
65;2021-05-15;1401;509;95062;46587;41.9;20.5
65;2021-05-16;1444;70;96506;46657;42.5;20.6
65;2021-05-17;1036;1616;97542;48273;43.0;21.3
65;2021-05-18;1613;1207;99155;49480;43.7;21.8
65;2021-05-19;1685;1009;100840;50489;44.5;22.3
65;2021-05-20;1845;1054;102685;51543;45.3;22.7
65;2021-05-21;1791;1231;104476;52774;46.1;23.3
65;2021-05-22;1287;638;105763;53412;46.6;23.5
65;2021-05-23;689;32;106452;53444;46.9;23.6
65;2021-05-24;703;77;107155;53521;47.2;23.6
65;2021-05-25;1358;1548;108513;55069;47.8;24.3
65;2021-05-26;1472;1355;109985;56424;48.5;24.9
65;2021-05-27;1622;1464;111607;57888;49.2;25.5
65;2021-05-28;1600;1671;113207;59559;49.9;26.3
65;2021-05-29;1188;1515;114395;61074;50.4;26.9
65;2021-05-30;7;10;114402;61084;50.4;26.9
65;2021-05-31;1325;1299;115727;62383;51.0;27.5
65;2021-06-01;1833;936;117560;63319;51.8;27.9
65;2021-06-02;1575;951;119135;64270;52.5;28.3
65;2021-06-03;1341;1104;120476;65374;53.1;28.8
65;2021-06-04;1791;1560;122267;66934;53.9;29.5
65;2021-06-05;433;1240;122700;68174;54.1;30.1
65;2021-06-06;3;13;122703;68187;54.1;30.1
65;2021-06-07;674;1984;123377;70171;54.4;30.9
65;2021-06-08;956;1536;124333;71707;54.8;31.6
65;2021-06-09;827;1548;125160;73255;55.2;32.3
65;2021-06-10;740;1155;125900;74410;55.5;32.8
65;2021-06-11;911;1804;126811;76214;55.9;33.6
65;2021-06-12;150;640;126961;76854;56.0;33.9
65;2021-06-13;5;7;126966;76861;56.0;33.9
65;2021-06-14;502;2423;127468;79284;56.2;35.0
65;2021-06-15;941;1803;128409;81087;56.6;35.7
65;2021-06-16;1065;1365;129474;82452;57.1;36.3
65;2021-06-17;814;1048;130288;83500;57.4;36.8
65;2021-06-18;1017;1632;131305;85132;57.9;37.5
65;2021-06-19;691;1689;131996;86821;58.2;38.3
65;2021-06-20;2;2;131998;86823;58.2;38.3
65;2021-06-21;735;1940;132733;88763;58.5;39.1
65;2021-06-22;1046;1479;133779;90242;59.0;39.8
65;2021-06-23;1064;1233;134843;91475;59.4;40.3
65;2021-06-24;959;1144;135802;92619;59.9;40.8
65;2021-06-25;831;1967;136633;94586;60.2;41.7
65;2021-06-26;168;1658;136801;96244;60.3;42.4
65;2021-06-27;15;1100;136816;97344;60.3;42.9
65;2021-06-28;444;2301;137260;99645;60.5;43.9
65;2021-06-29;685;1920;137945;101565;60.8;44.8
65;2021-06-30;933;1679;138878;103244;61.2;45.5
65;2021-07-01;606;752;139484;103996;61.5;45.8
65;2021-07-02;1167;1734;140651;105730;62.0;46.6
65;2021-07-03;197;1916;140848;107646;62.1;47.5
65;2021-07-04;416;186;141264;107832;62.3;47.5
65;2021-07-05;640;1993;141904;109825;62.6;48.4
65;2021-07-06;897;2126;142801;111951;63.0;49.4
65;2021-07-07;975;1516;143776;113467;63.4;50.0
65;2021-07-08;326;663;144102;114130;63.5;50.3
65;2021-07-09;550;1594;144652;115724;63.8;51.0
65;2021-07-10;302;956;144954;116680;63.9;51.4
65;2021-07-11;0;0;144954;116680;63.9;51.4
65;2021-07-12;480;2221;145434;118901;64.1;52.4
65;2021-07-13;699;2148;146133;121049;64.4;53.4
65;2021-07-14;214;52;146347;121101;64.5;53.4
65;2021-07-15;1048;1662;147395;122763;65.0;54.1
65;2021-07-16;1186;1883;148581;124646;65.5;54.9
65;2021-07-17;431;543;149012;125189;65.7;55.2
65;2021-07-18;22;11;149034;125200;65.7;55.2
65;2021-07-19;633;1496;149667;126696;66.0;55.9
65;2021-07-20;1447;1705;151114;128401;66.6;56.6
65;2021-07-21;1419;1661;152533;130062;67.2;57.3
65;2021-07-22;2197;1292;154730;131354;68.2;57.9
65;2021-07-23;1623;1791;156353;133145;68.9;58.7
65;2021-07-24;1043;649;157396;133794;69.4;59.0
65;2021-07-25;24;21;157420;133815;69.4;59.0
65;2021-07-26;1143;1245;158563;135060;69.9;59.5
65;2021-07-27;1793;1955;160356;137015;70.7;60.4
65;2021-07-28;1602;1324;161958;138339;71.4;61.0
65;2021-07-29;2894;1137;164852;139476;72.7;61.5
65;2021-07-30;2450;1397;167302;140873;73.8;62.1
65;2021-07-31;2303;355;169605;141228;74.8;62.3
65;2021-08-01;14;16;169619;141244;74.8;62.3
65;2021-08-02;990;834;170609;142078;75.2;62.6
65;2021-08-03;2101;1069;172710;143147;76.1;63.1
65;2021-08-04;1802;640;174512;143787;76.9;63.4
65;2021-08-05;1819;833;176331;144620;77.7;63.8
65;2021-08-06;1666;970;177997;145590;78.5;64.2
65;2021-08-07;728;485;178725;146075;78.8;64.4
65;2021-08-08;2;9;178727;146084;78.8;64.4
65;2021-08-09;698;943;179425;147027;79.1;64.8
65;2021-08-10;1190;1544;180615;148571;79.6;65.5
65;2021-08-11;729;1265;181344;149836;79.9;66.1
65;2021-08-12;778;1083;182122;150919;80.3;66.5
65;2021-08-13;421;1009;182543;151928;80.5;67.0
65;2021-08-14;597;566;183140;152494;80.7;67.2
65;2021-08-15;7;19;183147;152513;80.7;67.2
65;2021-08-16;399;1535;183546;154048;80.9;67.9
65;2021-08-17;726;2177;184272;156225;81.2;68.9
65;2021-08-18;589;1544;184861;157769;81.5;69.6
65;2021-08-19;722;1314;185583;159083;81.8;70.1
65;2021-08-20;446;1337;186029;160420;82.0;70.7
65;2021-08-21;39;105;186068;160525;82.0;70.8
65;2021-08-22;11;13;186079;160538;82.0;70.8
65;2021-08-23;262;1682;186341;162220;82.1;71.5
65;2021-08-24;544;2443;186885;164663;82.4;72.6
65;2021-08-25;413;1959;187298;166622;82.6;73.5
65;2021-08-26;453;2306;187751;168928;82.8;74.5
65;2021-08-27;434;1945;188185;170873;83.0;75.3
65;2021-08-28;160;194;188345;171067;83.0;75.4
65;2021-08-29;9;18;188354;171085;83.0;75.4
65;2021-08-30;257;1055;188611;172140;83.1;75.9
65;2021-08-31;461;1586;189072;173726;83.4;76.6
65;2021-09-01;452;1163;189524;174889;83.6;77.1
65;2021-09-02;354;1008;189878;175897;83.7;77.5
65;2021-09-03;441;1246;190319;177143;83.9;78.1
65;2021-09-04;163;909;190482;178052;84.0;78.5
65;2021-09-05;12;35;190494;178087;84.0;78.5
65;2021-09-06;273;759;190767;178846;84.1;78.8
65;2021-09-07;307;1184;191074;180030;84.2;79.4
66;2020-12-27;0;0;0;0;0.0;0.0
66;2020-12-28;2;0;2;0;0.0;0.0
66;2020-12-29;0;0;2;0;0.0;0.0
66;2020-12-30;0;0;2;0;0.0;0.0
66;2020-12-31;1;0;3;0;0.0;0.0
66;2021-01-01;1;0;4;0;0.0;0.0
66;2021-01-02;0;0;4;0;0.0;0.0
66;2021-01-03;0;0;4;0;0.0;0.0
66;2021-01-04;30;0;34;0;0.0;0.0
66;2021-01-05;135;0;169;0;0.0;0.0
66;2021-01-06;195;0;364;0;0.1;0.0
66;2021-01-07;182;0;546;0;0.1;0.0
66;2021-01-08;212;0;758;0;0.2;0.0
66;2021-01-09;232;0;990;0;0.2;0.0
66;2021-01-10;11;0;1001;0;0.2;0.0
66;2021-01-11;404;3;1405;3;0.3;0.0
66;2021-01-12;587;2;1992;5;0.4;0.0
66;2021-01-13;877;7;2869;12;0.6;0.0
66;2021-01-14;892;12;3761;24;0.8;0.0
66;2021-01-15;588;1;4349;25;0.9;0.0
66;2021-01-16;106;2;4455;27;0.9;0.0
66;2021-01-17;46;1;4501;28;0.9;0.0
66;2021-01-18;655;3;5156;31;1.1;0.0
66;2021-01-19;717;3;5873;34;1.2;0.0
66;2021-01-20;1169;3;7042;37;1.5;0.0
66;2021-01-21;2402;4;9444;41;2.0;0.0
66;2021-01-22;1439;7;10883;48;2.3;0.0
66;2021-01-23;399;3;11282;51;2.4;0.0
66;2021-01-24;226;9;11508;60;2.4;0.0
66;2021-01-25;739;31;12247;91;2.6;0.0
66;2021-01-26;787;61;13034;152;2.7;0.0
66;2021-01-27;867;103;13901;255;2.9;0.1
66;2021-01-28;877;121;14778;376;3.1;0.1
66;2021-01-29;819;117;15597;493;3.3;0.1
66;2021-01-30;480;51;16077;544;3.4;0.1
66;2021-01-31;202;25;16279;569;3.4;0.1
66;2021-02-01;562;172;16841;741;3.5;0.2
66;2021-02-02;621;273;17462;1014;3.6;0.2
66;2021-02-03;736;573;18198;1587;3.8;0.3
66;2021-02-04;688;552;18886;2139;3.9;0.4
66;2021-02-05;778;390;19664;2529;4.1;0.5
66;2021-02-06;420;139;20084;2668;4.2;0.6
66;2021-02-07;169;137;20253;2805;4.2;0.6
66;2021-02-08;501;335;20754;3140;4.3;0.7
66;2021-02-09;533;339;21287;3479;4.4;0.7
66;2021-02-10;618;696;21905;4175;4.6;0.9
66;2021-02-11;1104;1530;23009;5705;4.8;1.2
66;2021-02-12;1121;1164;24130;6869;5.0;1.4
66;2021-02-13;366;268;24496;7137;5.1;1.5
66;2021-02-14;111;180;24607;7317;5.1;1.5
66;2021-02-15;425;604;25032;7921;5.2;1.7
66;2021-02-16;304;705;25336;8626;5.3;1.8
66;2021-02-17;379;632;25715;9258;5.4;1.9
66;2021-02-18;366;691;26081;9949;5.4;2.1
66;2021-02-19;400;632;26481;10581;5.5;2.2
66;2021-02-20;184;369;26665;10950;5.6;2.3
66;2021-02-21;41;146;26706;11096;5.6;2.3
66;2021-02-22;416;551;27122;11647;5.7;2.4
66;2021-02-23;508;589;27630;12236;5.8;2.6
66;2021-02-24;342;670;27972;12906;5.8;2.7
66;2021-02-25;717;614;28689;13520;6.0;2.8
66;2021-02-26;954;679;29643;14199;6.2;3.0
66;2021-02-27;363;369;30006;14568;6.3;3.0
66;2021-02-28;59;147;30065;14715;6.3;3.1
66;2021-03-01;378;591;30443;15306;6.4;3.2
66;2021-03-02;335;599;30778;15905;6.4;3.3
66;2021-03-03;529;597;31307;16502;6.5;3.4
66;2021-03-04;991;1013;32298;17515;6.7;3.7
66;2021-03-05;1527;756;33825;18271;7.1;3.8
66;2021-03-06;1146;332;34971;18603;7.3;3.9
66;2021-03-07;1097;89;36068;18692;7.5;3.9
66;2021-03-08;696;526;36764;19218;7.7;4.0
66;2021-03-09;1225;582;37989;19800;7.9;4.1
66;2021-03-10;1301;494;39290;20294;8.2;4.2
66;2021-03-11;1474;586;40764;20880;8.5;4.4
66;2021-03-12;2395;573;43159;21453;9.0;4.5
66;2021-03-13;1081;300;44240;21753;9.2;4.5
66;2021-03-14;192;84;44432;21837;9.3;4.6
66;2021-03-15;1109;393;45541;22230;9.5;4.6
66;2021-03-16;952;258;46493;22488;9.7;4.7
66;2021-03-17;866;395;47359;22883;9.9;4.8
66;2021-03-18;969;344;48328;23227;10.1;4.8
66;2021-03-19;1293;317;49621;23544;10.4;4.9
66;2021-03-20;837;122;50458;23666;10.5;4.9
66;2021-03-21;186;44;50644;23710;10.6;4.9
66;2021-03-22;1114;386;51758;24096;10.8;5.0
66;2021-03-23;1757;388;53515;24484;11.2;5.1
66;2021-03-24;1796;517;55311;25001;11.5;5.2
66;2021-03-25;2537;467;57848;25468;12.1;5.3
66;2021-03-26;2577;364;60425;25832;12.6;5.4
66;2021-03-27;1211;295;61636;26127;12.9;5.5
66;2021-03-28;321;3;61957;26130;12.9;5.5
66;2021-03-29;1831;254;63788;26384;13.3;5.5
66;2021-03-30;2241;172;66029;26556;13.8;5.5
66;2021-03-31;1987;250;68016;26806;14.2;5.6
66;2021-04-01;2673;302;70689;27108;14.8;5.7
66;2021-04-02;2422;256;73111;27364;15.3;5.7
66;2021-04-03;1148;334;74259;27698;15.5;5.8
66;2021-04-04;107;125;74366;27823;15.5;5.8
66;2021-04-05;195;141;74561;27964;15.6;5.8
66;2021-04-06;1334;650;75895;28614;15.8;6.0
66;2021-04-07;1397;598;77292;29212;16.1;6.1
66;2021-04-08;2072;548;79364;29760;16.6;6.2
66;2021-04-09;3484;663;82848;30423;17.3;6.4
66;2021-04-10;2307;525;85155;30948;17.8;6.5
66;2021-04-11;1200;168;86355;31116;18.0;6.5
66;2021-04-12;2702;1021;89057;32137;18.6;6.7
66;2021-04-13;3609;1061;92666;33198;19.3;6.9
66;2021-04-14;3292;924;95958;34122;20.0;7.1
66;2021-04-15;3557;1049;99515;35171;20.8;7.3
66;2021-04-16;3592;1035;103107;36206;21.5;7.6
66;2021-04-17;2263;592;105370;36798;22.0;7.7
66;2021-04-18;1445;132;106815;36930;22.3;7.7
66;2021-04-19;2256;1120;109071;38050;22.8;7.9
66;2021-04-20;2374;1078;111445;39128;23.3;8.2
66;2021-04-21;2870;1178;114315;40306;23.9;8.4
66;2021-04-22;2662;1232;116977;41538;24.4;8.7
66;2021-04-23;2380;1234;119357;42772;24.9;8.9
66;2021-04-24;2744;882;122101;43654;25.5;9.1
66;2021-04-25;1207;266;123308;43920;25.7;9.2
66;2021-04-26;1998;1255;125306;45175;26.2;9.4
66;2021-04-27;2748;1301;128054;46476;26.7;9.7
66;2021-04-28;2421;1655;130475;48131;27.2;10.0
66;2021-04-29;2704;2130;133179;50261;27.8;10.5
66;2021-04-30;3054;1556;136233;51817;28.4;10.8
66;2021-05-01;2001;470;138234;52287;28.9;10.9
66;2021-05-02;1529;264;139763;52551;29.2;11.0
66;2021-05-03;2939;1109;142702;53660;29.8;11.2
66;2021-05-04;3169;1343;145871;55003;30.5;11.5
66;2021-05-05;3054;1545;148925;56548;31.1;11.8
66;2021-05-06;3753;2083;152678;58631;31.9;12.2
66;2021-05-07;2968;3077;155646;61708;32.5;12.9
66;2021-05-08;1731;1171;157377;62879;32.9;13.1
66;2021-05-09;887;1369;158264;64248;33.0;13.4
66;2021-05-10;1805;2969;160069;67217;33.4;14.0
66;2021-05-11;2741;3128;162810;70345;34.0;14.7
66;2021-05-12;2432;2569;165242;72914;34.5;15.2
66;2021-05-13;2260;1386;167502;74300;35.0;15.5
66;2021-05-14;2772;2118;170274;76418;35.5;16.0
66;2021-05-15;2329;1575;172603;77993;36.0;16.3
66;2021-05-16;2286;1249;174889;79242;36.5;16.5
66;2021-05-17;2051;1826;176940;81068;36.9;16.9
66;2021-05-18;3237;1808;180177;82876;37.6;17.3
66;2021-05-19;2878;1343;183055;84219;38.2;17.6
66;2021-05-20;4375;1447;187430;85666;39.1;17.9
66;2021-05-21;3268;1460;190698;87126;39.8;18.2
66;2021-05-22;3066;780;193764;87906;40.5;18.4
66;2021-05-23;1510;236;195274;88142;40.8;18.4
66;2021-05-24;1954;427;197228;88569;41.2;18.5
66;2021-05-25;2797;1690;200025;90259;41.8;18.8
66;2021-05-26;2780;1492;202805;91751;42.3;19.2
66;2021-05-27;3386;2257;206191;94008;43.0;19.6
66;2021-05-28;2686;3043;208877;97051;43.6;20.3
66;2021-05-29;2147;1516;211024;98567;44.1;20.6
66;2021-05-30;786;989;211810;99556;44.2;20.8
66;2021-05-31;2122;1775;213932;101331;44.7;21.2
66;2021-06-01;2637;2002;216569;103333;45.2;21.6
66;2021-06-02;2810;2337;219379;105670;45.8;22.1
66;2021-06-03;2485;2963;221864;108633;46.3;22.7
66;2021-06-04;1954;3354;223818;111987;46.7;23.4
66;2021-06-05;1411;2600;225229;114587;47.0;23.9
66;2021-06-06;294;1228;225523;115815;47.1;24.2
66;2021-06-07;1343;2958;226866;118773;47.4;24.8
66;2021-06-08;1739;3022;228605;121795;47.7;25.4
66;2021-06-09;2068;2788;230673;124583;48.2;26.0
66;2021-06-10;2081;2962;232754;127545;48.6;26.6
66;2021-06-11;2103;3861;234857;131406;49.0;27.4
66;2021-06-12;872;2411;235729;133817;49.2;27.9
66;2021-06-13;517;1334;236246;135151;49.3;28.2
66;2021-06-14;1359;3496;237605;138647;49.6;28.9
66;2021-06-15;2131;3574;239736;142221;50.0;29.7
66;2021-06-16;1790;3568;241526;145789;50.4;30.4
66;2021-06-17;2436;3607;243962;149396;50.9;31.2
66;2021-06-18;2228;3824;246190;153220;51.4;32.0
66;2021-06-19;1542;2321;247732;155541;51.7;32.5
66;2021-06-20;998;1266;248730;156807;51.9;32.7
66;2021-06-21;1164;2879;249894;159686;52.2;33.3
66;2021-06-22;1510;3763;251404;163449;52.5;34.1
66;2021-06-23;1326;3027;252730;166476;52.8;34.8
66;2021-06-24;1516;3230;254246;169706;53.1;35.4
66;2021-06-25;1402;3537;255648;173243;53.4;36.2
66;2021-06-26;963;2680;256611;175923;53.6;36.7
66;2021-06-27;679;1557;257290;177480;53.7;37.1
66;2021-06-28;979;2975;258269;180455;53.9;37.7
66;2021-06-29;1149;3797;259418;184252;54.2;38.5
66;2021-06-30;1277;3307;260695;187559;54.4;39.2
66;2021-07-01;1473;4047;262168;191606;54.7;40.0
66;2021-07-02;1494;3603;263662;195209;55.0;40.8
66;2021-07-03;1153;3903;264815;199112;55.3;41.6
66;2021-07-04;717;1790;265532;200902;55.4;41.9
66;2021-07-05;1291;3006;266823;203908;55.7;42.6
66;2021-07-06;1454;3787;268277;207695;56.0;43.4
66;2021-07-07;1432;3248;269709;210943;56.3;44.0
66;2021-07-08;1376;3385;271085;214328;56.6;44.7
66;2021-07-09;1499;3466;272584;217794;56.9;45.5
66;2021-07-10;1004;2403;273588;220197;57.1;46.0
66;2021-07-11;540;1540;274128;221737;57.2;46.3
66;2021-07-12;1023;3642;275151;225379;57.4;47.1
66;2021-07-13;2356;4268;277507;229647;57.9;47.9
66;2021-07-14;1950;1240;279457;230887;58.3;48.2
66;2021-07-15;2835;3113;282292;234000;58.9;48.9
66;2021-07-16;3372;3209;285664;237209;59.6;49.5
66;2021-07-17;2126;2036;287790;239245;60.1;49.9
66;2021-07-18;1198;1062;288988;240307;60.3;50.2
66;2021-07-19;2794;3087;291782;243394;60.9;50.8
66;2021-07-20;3657;2884;295439;246278;61.7;51.4
66;2021-07-21;4100;2953;299539;249231;62.5;52.0
66;2021-07-22;3912;2818;303451;252049;63.4;52.6
66;2021-07-23;3896;3036;307347;255085;64.2;53.3
66;2021-07-24;2584;1922;309931;257007;64.7;53.7
66;2021-07-25;2022;1241;311953;258248;65.1;53.9
66;2021-07-26;2866;2628;314819;260876;65.7;54.5
66;2021-07-27;3231;2887;318050;263763;66.4;55.1
66;2021-07-28;3355;2574;321405;266337;67.1;55.6
66;2021-07-29;3856;2538;325261;268875;67.9;56.1
66;2021-07-30;4236;2472;329497;271347;68.8;56.6
66;2021-07-31;2233;1716;331730;273063;69.3;57.0
66;2021-08-01;1820;899;333550;273962;69.6;57.2
66;2021-08-02;2341;1923;335891;275885;70.1;57.6
66;2021-08-03;2619;2070;338510;277955;70.7;58.0
66;2021-08-04;2628;1998;341138;279953;71.2;58.4
66;2021-08-05;2437;2506;343575;282459;71.7;59.0
66;2021-08-06;2318;2646;345893;285105;72.2;59.5
66;2021-08-07;1504;2096;347397;287201;72.5;60.0
66;2021-08-08;614;1458;348011;288659;72.7;60.3
66;2021-08-09;1357;2801;349368;291460;72.9;60.8
66;2021-08-10;1644;3078;351012;294538;73.3;61.5
66;2021-08-11;1681;3016;352693;297554;73.6;62.1
66;2021-08-12;1669;2995;354362;300549;74.0;62.7
66;2021-08-13;1395;2978;355757;303527;74.3;63.4
66;2021-08-14;656;2509;356413;306036;74.4;63.9
66;2021-08-15;136;1629;356549;307665;74.4;64.2
66;2021-08-16;1274;2595;357823;310260;74.7;64.8
66;2021-08-17;1488;2979;359311;313239;75.0;65.4
66;2021-08-18;1332;3069;360643;316308;75.3;66.0
66;2021-08-19;1101;2919;361744;319227;75.5;66.6
66;2021-08-20;979;3317;362723;322544;75.7;67.3
66;2021-08-21;561;2012;363284;324556;75.8;67.8
66;2021-08-22;232;1352;363516;325908;75.9;68.0
66;2021-08-23;1143;2762;364659;328670;76.1;68.6
66;2021-08-24;1048;2947;365707;331617;76.3;69.2
66;2021-08-25;902;2307;366609;333924;76.5;69.7
66;2021-08-26;957;2183;367566;336107;76.7;70.2
66;2021-08-27;919;2370;368485;338477;76.9;70.7
66;2021-08-28;515;1138;369000;339615;77.0;70.9
66;2021-08-29;243;333;369243;339948;77.1;71.0
66;2021-08-30;832;2596;370075;342544;77.3;71.5
66;2021-08-31;825;2724;370900;345268;77.4;72.1
66;2021-09-01;728;2160;371628;347428;77.6;72.5
66;2021-09-02;665;1904;372293;349332;77.7;72.9
66;2021-09-03;703;2186;372996;351518;77.9;73.4
66;2021-09-04;699;1784;373695;353302;78.0;73.8
66;2021-09-05;203;311;373898;353613;78.1;73.8
66;2021-09-06;422;2118;374320;355731;78.1;74.3
66;2021-09-07;374;1686;374694;357417;78.2;74.6
67;2020-12-27;7;0;7;0;0.0;0.0
67;2020-12-28;4;0;11;0;0.0;0.0
67;2020-12-29;2;0;13;0;0.0;0.0
67;2020-12-30;0;0;13;0;0.0;0.0
67;2020-12-31;0;0;13;0;0.0;0.0
67;2021-01-01;4;0;17;0;0.0;0.0
67;2021-01-02;1;0;18;0;0.0;0.0
67;2021-01-03;1;0;19;0;0.0;0.0
67;2021-01-04;41;0;60;0;0.0;0.0
67;2021-01-05;167;0;227;0;0.0;0.0
67;2021-01-06;121;0;348;0;0.0;0.0
67;2021-01-07;235;1;583;1;0.1;0.0
67;2021-01-08;233;1;816;2;0.1;0.0
67;2021-01-09;113;1;929;3;0.1;0.0
67;2021-01-10;67;0;996;3;0.1;0.0
67;2021-01-11;182;1;1178;4;0.1;0.0
67;2021-01-12;511;1;1689;5;0.1;0.0
67;2021-01-13;655;2;2344;7;0.2;0.0
67;2021-01-14;1083;7;3427;14;0.3;0.0
67;2021-01-15;938;7;4365;21;0.4;0.0
67;2021-01-16;196;3;4561;24;0.4;0.0
67;2021-01-17;101;0;4662;24;0.4;0.0
67;2021-01-18;899;3;5561;27;0.5;0.0
67;2021-01-19;1424;5;6985;32;0.6;0.0
67;2021-01-20;1854;12;8839;44;0.8;0.0
67;2021-01-21;2209;9;11048;53;1.0;0.0
67;2021-01-22;1990;7;13038;60;1.2;0.0
67;2021-01-23;813;5;13851;65;1.2;0.0
67;2021-01-24;380;1;14231;66;1.3;0.0
67;2021-01-25;526;30;14757;96;1.3;0.0
67;2021-01-26;159;104;14916;200;1.3;0.0
67;2021-01-27;1397;86;16313;286;1.4;0.0
67;2021-01-28;3054;215;19367;501;1.7;0.0
67;2021-01-29;2029;153;21396;654;1.9;0.1
67;2021-01-30;1096;73;22492;727;2.0;0.1
67;2021-01-31;1163;26;23655;753;2.1;0.1
67;2021-02-01;3392;245;27047;998;2.4;0.1
67;2021-02-02;2692;409;29739;1407;2.6;0.1
67;2021-02-03;1573;388;31312;1795;2.8;0.2
67;2021-02-04;1193;733;32505;2528;2.9;0.2
67;2021-02-05;1193;619;33698;3147;3.0;0.3
67;2021-02-06;792;133;34490;3280;3.0;0.3
67;2021-02-07;291;37;34781;3317;3.1;0.3
67;2021-02-08;839;407;35620;3724;3.1;0.3
67;2021-02-09;958;684;36578;4408;3.2;0.4
67;2021-02-10;931;727;37509;5135;3.3;0.5
67;2021-02-11;1151;1085;38660;6220;3.4;0.5
67;2021-02-12;1245;716;39905;6936;3.5;0.6
67;2021-02-13;765;259;40670;7195;3.6;0.6
67;2021-02-14;244;92;40914;7287;3.6;0.6
67;2021-02-15;780;722;41694;8009;3.7;0.7
67;2021-02-16;930;970;42624;8979;3.8;0.8
67;2021-02-17;783;1046;43407;10025;3.8;0.9
67;2021-02-18;1401;2409;44808;12434;4.0;1.1
67;2021-02-19;1374;1911;46182;14345;4.1;1.3
67;2021-02-20;632;793;46814;15138;4.1;1.3
67;2021-02-21;209;1119;47023;16257;4.2;1.4
67;2021-02-22;1404;2104;48427;18361;4.3;1.6
67;2021-02-23;1462;1474;49889;19835;4.4;1.8
67;2021-02-24;1437;965;51326;20800;4.5;1.8
67;2021-02-25;1616;1345;52942;22145;4.7;2.0
67;2021-02-26;2227;1287;55169;23432;4.9;2.1
67;2021-02-27;1257;687;56426;24119;5.0;2.1
67;2021-02-28;147;294;56573;24413;5.0;2.2
67;2021-03-01;640;921;57213;25334;5.1;2.2
67;2021-03-02;896;1112;58109;26446;5.1;2.3
67;2021-03-03;1409;1212;59518;27658;5.3;2.4
67;2021-03-04;1961;1004;61479;28662;5.4;2.5
67;2021-03-05;3258;1060;64737;29722;5.7;2.6
67;2021-03-06;2334;740;67071;30462;5.9;2.7
67;2021-03-07;466;270;67537;30732;6.0;2.7
67;2021-03-08;1188;770;68725;31502;6.1;2.8
67;2021-03-09;2224;879;70949;32381;6.3;2.9
67;2021-03-10;2448;1167;73397;33548;6.5;3.0
67;2021-03-11;3207;1349;76604;34897;6.8;3.1
67;2021-03-12;5259;1354;81863;36251;7.2;3.2
67;2021-03-13;3997;875;85860;37126;7.6;3.3
67;2021-03-14;483;380;86343;37506;7.6;3.3
67;2021-03-15;2188;1149;88531;38655;7.8;3.4
67;2021-03-16;1552;1224;90083;39879;8.0;3.5
67;2021-03-17;2069;911;92152;40790;8.1;3.6
67;2021-03-18;2389;731;94541;41521;8.3;3.7
67;2021-03-19;3671;746;98212;42267;8.7;3.7
67;2021-03-20;3062;508;101274;42775;8.9;3.8
67;2021-03-21;335;17;101609;42792;9.0;3.8
67;2021-03-22;2331;770;103940;43562;9.2;3.8
67;2021-03-23;3400;773;107340;44335;9.5;3.9
67;2021-03-24;3909;807;111249;45142;9.8;4.0
67;2021-03-25;5314;536;116563;45678;10.3;4.0
67;2021-03-26;6868;476;123431;46154;10.9;4.1
67;2021-03-27;3925;343;127356;46497;11.2;4.1
67;2021-03-28;580;100;127936;46597;11.3;4.1
67;2021-03-29;3820;426;131756;47023;11.6;4.2
67;2021-03-30;4845;665;136601;47688;12.1;4.2
67;2021-03-31;4848;696;141449;48384;12.5;4.3
67;2021-04-01;5147;927;146596;49311;12.9;4.4
67;2021-04-02;1007;174;147603;49485;13.0;4.4
67;2021-04-03;1689;284;149292;49769;13.2;4.4
67;2021-04-04;327;5;149619;49774;13.2;4.4
67;2021-04-05;371;4;149990;49778;13.2;4.4
67;2021-04-06;3482;1178;153472;50956;13.6;4.5
67;2021-04-07;4531;1282;158003;52238;14.0;4.6
67;2021-04-08;5660;1406;163663;53644;14.5;4.7
67;2021-04-09;7110;1351;170773;54995;15.1;4.9
67;2021-04-10;4333;889;175106;55884;15.5;4.9
67;2021-04-11;855;426;175961;56310;15.5;5.0
67;2021-04-12;3887;1403;179848;57713;15.9;5.1
67;2021-04-13;4892;1575;184740;59288;16.3;5.2
67;2021-04-14;5289;1898;190029;61186;16.8;5.4
67;2021-04-15;6080;2106;196109;63292;17.3;5.6
67;2021-04-16;7837;2418;203946;65710;18.0;5.8
67;2021-04-17;4008;1576;207954;67286;18.4;5.9
67;2021-04-18;1112;646;209066;67932;18.5;6.0
67;2021-04-19;3631;2140;212697;70072;18.8;6.2
67;2021-04-20;4258;1917;216955;71989;19.2;6.4
67;2021-04-21;4069;2512;221024;74501;19.5;6.6
67;2021-04-22;4479;2915;225503;77416;19.9;6.8
67;2021-04-23;5246;3003;230749;80419;20.4;7.1
67;2021-04-24;3100;2023;233849;82442;20.6;7.3
67;2021-04-25;1028;451;234877;82893;20.7;7.3
67;2021-04-26;3191;2617;238068;85510;21.0;7.5
67;2021-04-27;4024;2912;242092;88422;21.4;7.8
67;2021-04-28;4253;3424;246345;91846;21.8;8.1
67;2021-04-29;5125;3498;251470;95344;22.2;8.4
67;2021-04-30;7180;2476;258650;97820;22.8;8.6
67;2021-05-01;2685;784;261335;98604;23.1;8.7
67;2021-05-02;2182;676;263517;99280;23.3;8.8
67;2021-05-03;5562;2613;269079;101893;23.8;9.0
67;2021-05-04;5854;3603;274933;105496;24.3;9.3
67;2021-05-05;5219;4196;280152;109692;24.7;9.7
67;2021-05-06;6714;4923;286866;114615;25.3;10.1
67;2021-05-07;6436;6907;293302;121522;25.9;10.7
67;2021-05-08;3575;1022;296877;122544;26.2;10.8
67;2021-05-09;3371;592;300248;123136;26.5;10.9
67;2021-05-10;4697;4531;304945;127667;26.9;11.3
67;2021-05-11;5649;4920;310594;132587;27.4;11.7
67;2021-05-12;6599;4847;317193;137434;28.0;12.1
67;2021-05-13;7313;1676;324506;139110;28.7;12.3
67;2021-05-14;8879;5356;333385;144466;29.4;12.8
67;2021-05-15;8196;3657;341581;148123;30.2;13.1
67;2021-05-16;6178;969;347759;149092;30.7;13.2
67;2021-05-17;5695;3887;353454;152979;31.2;13.5
67;2021-05-18;6900;3985;360354;156964;31.8;13.9
67;2021-05-19;7377;4171;367731;161135;32.5;14.2
67;2021-05-20;8694;4236;376425;165371;33.2;14.6
67;2021-05-21;8165;5861;384590;171232;34.0;15.1
67;2021-05-22;5937;3418;390527;174650;34.5;15.4
67;2021-05-23;2660;593;393187;175243;34.7;15.5
67;2021-05-24;4418;865;397605;176108;35.1;15.5
67;2021-05-25;5415;4772;403020;180880;35.6;16.0
67;2021-05-26;6065;4877;409085;185757;36.1;16.4
67;2021-05-27;7315;4896;416400;190653;36.8;16.8
67;2021-05-28;7967;6499;424367;197152;37.5;17.4
67;2021-05-29;6652;3874;431019;201026;38.1;17.7
67;2021-05-30;1147;809;432166;201835;38.2;17.8
67;2021-05-31;6408;4058;438574;205893;38.7;18.2
67;2021-06-01;7329;4403;445903;210296;39.4;18.6
67;2021-06-02;8066;4179;453969;214475;40.1;18.9
67;2021-06-03;8843;4862;462812;219337;40.9;19.4
67;2021-06-04;8596;6132;471408;225469;41.6;19.9
67;2021-06-05;6554;3980;477962;229449;42.2;20.3
67;2021-06-06;3478;874;481440;230323;42.5;20.3
67;2021-06-07;7415;4256;488855;234579;43.2;20.7
67;2021-06-08;8630;4926;497485;239505;43.9;21.1
67;2021-06-09;9264;4800;506749;244305;44.7;21.6
67;2021-06-10;9774;5010;516523;249315;45.6;22.0
67;2021-06-11;8070;8321;524593;257636;46.3;22.7
67;2021-06-12;6791;5202;531384;262838;46.9;23.2
67;2021-06-13;3108;1044;534492;263882;47.2;23.3
67;2021-06-14;5511;6459;540003;270341;47.7;23.9
67;2021-06-15;6688;6751;546691;277092;48.3;24.5
67;2021-06-16;6953;6705;553644;283797;48.9;25.1
67;2021-06-17;7275;9057;560919;292854;49.5;25.9
67;2021-06-18;7606;8510;568525;301364;50.2;26.6
67;2021-06-19;6388;5964;574913;307328;50.8;27.1
67;2021-06-20;1451;1413;576364;308741;50.9;27.3
67;2021-06-21;4267;6774;580631;315515;51.3;27.9
67;2021-06-22;4243;9097;584874;324612;51.6;28.7
67;2021-06-23;5294;8190;590168;332802;52.1;29.4
67;2021-06-24;4521;9101;594689;341903;52.5;30.2
67;2021-06-25;5341;9954;600030;351857;53.0;31.1
67;2021-06-26;3466;9103;603496;360960;53.3;31.9
67;2021-06-27;1024;3524;604520;364484;53.4;32.2
67;2021-06-28;2848;8731;607368;373215;53.6;33.0
67;2021-06-29;2899;8613;610267;381828;53.9;33.7
67;2021-06-30;3383;8744;613650;390572;54.2;34.5
67;2021-07-01;3615;8423;617265;398995;54.5;35.2
67;2021-07-02;3737;10938;621002;409933;54.8;36.2
67;2021-07-03;2978;7747;623980;417680;55.1;36.9
67;2021-07-04;764;1871;624744;419551;55.2;37.0
67;2021-07-05;2624;8253;627368;427804;55.4;37.8
67;2021-07-06;3103;8440;630471;436244;55.7;38.5
67;2021-07-07;3926;8741;634397;444985;56.0;39.3
67;2021-07-08;4195;7788;638592;452773;56.4;40.0
67;2021-07-09;3768;11373;642360;464146;56.7;41.0
67;2021-07-10;2861;8209;645221;472355;57.0;41.7
67;2021-07-11;944;1995;646165;474350;57.1;41.9
67;2021-07-12;2479;9725;648644;484075;57.3;42.7
67;2021-07-13;4120;9890;652764;493965;57.6;43.6
67;2021-07-14;3490;4410;656254;498375;57.9;44.0
67;2021-07-15;5141;12230;661395;510605;58.4;45.1
67;2021-07-16;4869;12295;666264;522900;58.8;46.2
67;2021-07-17;3737;8826;670001;531726;59.2;46.9
67;2021-07-18;1464;2550;671465;534276;59.3;47.2
67;2021-07-19;4647;9744;676112;544020;59.7;48.0
67;2021-07-20;5777;9824;681889;553844;60.2;48.9
67;2021-07-21;5869;10652;687758;564496;60.7;49.8
67;2021-07-22;6440;10228;694198;574724;61.3;50.7
67;2021-07-23;7401;11188;701599;585912;61.9;51.7
67;2021-07-24;5424;7579;707023;593491;62.4;52.4
67;2021-07-25;2317;1969;709340;595460;62.6;52.6
67;2021-07-26;5010;7247;714350;602707;63.1;53.2
67;2021-07-27;6630;7321;720980;610028;63.7;53.9
67;2021-07-28;7545;7210;728525;617238;64.3;54.5
67;2021-07-29;8399;6433;736924;623671;65.1;55.1
67;2021-07-30;8668;7309;745592;630980;65.8;55.7
67;2021-07-31;5109;4877;750701;635857;66.3;56.1
67;2021-08-01;2481;1431;753182;637288;66.5;56.3
67;2021-08-02;6358;5091;759540;642379;67.1;56.7
67;2021-08-03;7298;4711;766838;647090;67.7;57.1
67;2021-08-04;6889;4600;773727;651690;68.3;57.5
67;2021-08-05;5746;4227;779473;655917;68.8;57.9
67;2021-08-06;6327;5423;785800;661340;69.4;58.4
67;2021-08-07;4680;4276;790480;665616;69.8;58.8
67;2021-08-08;1307;1436;791787;667052;69.9;58.9
67;2021-08-09;3124;4482;794911;671534;70.2;59.3
67;2021-08-10;3216;4788;798127;676322;70.5;59.7
67;2021-08-11;3416;4677;801543;680999;70.8;60.1
67;2021-08-12;3127;4887;804670;685886;71.0;60.6
67;2021-08-13;3191;5388;807861;691274;71.3;61.0
67;2021-08-14;2196;5081;810057;696355;71.5;61.5
67;2021-08-15;713;1601;810770;697956;71.6;61.6
67;2021-08-16;2066;5235;812836;703191;71.8;62.1
67;2021-08-17;2071;5270;814907;708461;71.9;62.6
67;2021-08-18;2350;6344;817257;714805;72.2;63.1
67;2021-08-19;1878;6151;819135;720956;72.3;63.7
67;2021-08-20;2300;7450;821435;728406;72.5;64.3
67;2021-08-21;1516;5566;822951;733972;72.7;64.8
67;2021-08-22;377;2049;823328;736021;72.7;65.0
67;2021-08-23;1906;6843;825234;742864;72.9;65.6
67;2021-08-24;1978;6615;827212;749479;73.0;66.2
67;2021-08-25;2087;7212;829299;756691;73.2;66.8
67;2021-08-26;1832;5542;831131;762233;73.4;67.3
67;2021-08-27;2188;7044;833319;769277;73.6;67.9
67;2021-08-28;1695;6095;835014;775372;73.7;68.5
67;2021-08-29;438;1599;835452;776971;73.8;68.6
67;2021-08-30;1397;4429;836849;781400;73.9;69.0
67;2021-08-31;1417;4205;838266;785605;74.0;69.4
67;2021-09-01;1771;4535;840037;790140;74.2;69.8
67;2021-09-02;1048;3133;841085;793273;74.3;70.0
67;2021-09-03;1536;4427;842621;797700;74.4;70.4
67;2021-09-04;1462;4087;844083;801787;74.5;70.8
67;2021-09-05;258;935;844341;802722;74.5;70.9
67;2021-09-06;947;2327;845288;805049;74.6;71.1
67;2021-09-07;861;2224;846149;807273;74.7;71.3
68;2020-12-27;0;0;0;0;0.0;0.0
68;2020-12-28;0;0;0;0;0.0;0.0
68;2020-12-29;0;0;0;0;0.0;0.0
68;2020-12-30;2;0;2;0;0.0;0.0
68;2020-12-31;0;0;2;0;0.0;0.0
68;2021-01-01;0;0;2;0;0.0;0.0
68;2021-01-02;0;0;2;0;0.0;0.0
68;2021-01-03;1;0;3;0;0.0;0.0
68;2021-01-04;1;0;4;0;0.0;0.0
68;2021-01-05;11;0;15;0;0.0;0.0
68;2021-01-06;245;1;260;1;0.0;0.0
68;2021-01-07;75;0;335;1;0.0;0.0
68;2021-01-08;118;1;453;2;0.1;0.0
68;2021-01-09;20;0;473;2;0.1;0.0
68;2021-01-10;1;0;474;2;0.1;0.0
68;2021-01-11;82;0;556;2;0.1;0.0
68;2021-01-12;386;1;942;3;0.1;0.0
68;2021-01-13;703;2;1645;5;0.2;0.0
68;2021-01-14;372;2;2017;7;0.3;0.0
68;2021-01-15;204;1;2221;8;0.3;0.0
68;2021-01-16;1;0;2222;8;0.3;0.0
68;2021-01-17;0;0;2222;8;0.3;0.0
68;2021-01-18;379;5;2601;13;0.3;0.0
68;2021-01-19;559;5;3160;18;0.4;0.0
68;2021-01-20;707;10;3867;28;0.5;0.0
68;2021-01-21;1394;13;5261;41;0.7;0.0
68;2021-01-22;1499;12;6760;53;0.9;0.0
68;2021-01-23;215;3;6975;56;0.9;0.0
68;2021-01-24;698;1;7673;57;1.0;0.0
68;2021-01-25;1390;41;9063;98;1.2;0.0
68;2021-01-26;1555;79;10618;177;1.4;0.0
68;2021-01-27;2768;150;13386;327;1.8;0.0
68;2021-01-28;2355;59;15741;386;2.1;0.1
68;2021-01-29;1509;115;17250;501;2.3;0.1
68;2021-01-30;165;3;17415;504;2.3;0.1
68;2021-01-31;0;0;17415;504;2.3;0.1
68;2021-02-01;737;107;18152;611;2.4;0.1
68;2021-02-02;869;299;19021;910;2.5;0.1
68;2021-02-03;1000;606;20021;1516;2.6;0.2
68;2021-02-04;1001;314;21022;1830;2.8;0.2
68;2021-02-05;948;222;21970;2052;2.9;0.3
68;2021-02-06;140;2;22110;2054;2.9;0.3
68;2021-02-07;1;16;22111;2070;2.9;0.3
68;2021-02-08;893;23;23004;2093;3.0;0.3
68;2021-02-09;1359;44;24363;2137;3.2;0.3
68;2021-02-10;1453;63;25816;2200;3.4;0.3
68;2021-02-11;1486;465;27302;2665;3.6;0.3
68;2021-02-12;1550;444;28852;3109;3.8;0.4
68;2021-02-13;132;1;28984;3110;3.8;0.4
68;2021-02-14;58;232;29042;3342;3.8;0.4
68;2021-02-15;663;1042;29705;4384;3.9;0.6
68;2021-02-16;863;1303;30568;5687;4.0;0.7
68;2021-02-17;1284;2066;31852;7753;4.2;1.0
68;2021-02-18;1658;1993;33510;9746;4.4;1.3
68;2021-02-19;987;1292;34497;11038;4.5;1.4
68;2021-02-20;93;123;34590;11161;4.5;1.5
68;2021-02-21;1;40;34591;11201;4.5;1.5
68;2021-02-22;446;733;35037;11934;4.6;1.6
68;2021-02-23;639;1008;35676;12942;4.7;1.7
68;2021-02-24;854;1086;36530;14028;4.8;1.8
68;2021-02-25;1209;1199;37739;15227;4.9;2.0
68;2021-02-26;1200;909;38939;16136;5.1;2.1
68;2021-02-27;549;165;39488;16301;5.2;2.1
68;2021-02-28;12;1;39500;16302;5.2;2.1
68;2021-03-01;942;728;40442;17030;5.3;2.2
68;2021-03-02;1216;884;41658;17914;5.5;2.3
68;2021-03-03;1593;935;43251;18849;5.7;2.5
68;2021-03-04;1992;990;45243;19839;5.9;2.6
68;2021-03-05;2356;996;47599;20835;6.2;2.7
68;2021-03-06;2287;241;49886;21076;6.5;2.8
68;2021-03-07;839;106;50725;21182;6.6;2.8
68;2021-03-08;1474;948;52199;22130;6.8;2.9
68;2021-03-09;1698;1300;53897;23430;7.1;3.1
68;2021-03-10;1964;1791;55861;25221;7.3;3.3
68;2021-03-11;2639;1890;58500;27111;7.7;3.6
68;2021-03-12;2629;1396;61129;28507;8.0;3.7
68;2021-03-13;3342;259;64471;28766;8.4;3.8
68;2021-03-14;1543;66;66014;28832;8.6;3.8
68;2021-03-15;1794;614;67808;29446;8.9;3.9
68;2021-03-16;2001;599;69809;30045;9.1;3.9
68;2021-03-17;1957;724;71766;30769;9.4;4.0
68;2021-03-18;2220;940;73986;31709;9.7;4.2
68;2021-03-19;3085;726;77071;32435;10.1;4.2
68;2021-03-20;973;122;78044;32557;10.2;4.3
68;2021-03-21;68;2;78112;32559;10.2;4.3
68;2021-03-22;1965;590;80077;33149;10.5;4.3
68;2021-03-23;2860;618;82937;33767;10.9;4.4
68;2021-03-24;3178;812;86115;34579;11.3;4.5
68;2021-03-25;3502;788;89617;35367;11.7;4.6
68;2021-03-26;3893;727;93510;36094;12.3;4.7
68;2021-03-27;1102;167;94612;36261;12.4;4.8
68;2021-03-28;56;3;94668;36264;12.4;4.8
68;2021-03-29;2262;1363;96930;37627;12.7;4.9
68;2021-03-30;2934;1296;99864;38923;13.1;5.1
68;2021-03-31;2642;1352;102506;40275;13.4;5.3
68;2021-04-01;2748;1546;105254;41821;13.8;5.5
68;2021-04-02;244;88;105498;41909;13.8;5.5
68;2021-04-03;240;124;105738;42033;13.9;5.5
68;2021-04-04;5;0;105743;42033;13.9;5.5
68;2021-04-05;49;3;105792;42036;13.9;5.5
68;2021-04-06;1792;1321;107584;43357;14.1;5.7
68;2021-04-07;2585;1537;110169;44894;14.4;5.9
68;2021-04-08;3234;1501;113403;46395;14.9;6.1
68;2021-04-09;4201;1525;117604;47920;15.4;6.3
68;2021-04-10;1204;1970;118808;49890;15.6;6.5
68;2021-04-11;126;1318;118934;51208;15.6;6.7
68;2021-04-12;2667;1633;121601;52841;15.9;6.9
68;2021-04-13;2760;2109;124361;54950;16.3;7.2
68;2021-04-14;3607;2266;127968;57216;16.8;7.5
68;2021-04-15;4051;2159;132019;59375;17.3;7.8
68;2021-04-16;3943;2080;135962;61455;17.8;8.1
68;2021-04-17;1075;441;137037;61896;18.0;8.1
68;2021-04-18;85;9;137122;61905;18.0;8.1
68;2021-04-19;2358;1832;139480;63737;18.3;8.4
68;2021-04-20;2442;2326;141922;66063;18.6;8.7
68;2021-04-21;2831;2474;144753;68537;19.0;9.0
68;2021-04-22;3287;1975;148040;70512;19.4;9.2
68;2021-04-23;3414;2074;151454;72586;19.8;9.5
68;2021-04-24;842;488;152296;73074;20.0;9.6
68;2021-04-25;214;20;152510;73094;20.0;9.6
68;2021-04-26;2329;2105;154839;75199;20.3;9.9
68;2021-04-27;2600;2214;157439;77413;20.6;10.1
68;2021-04-28;3573;1762;161012;79175;21.1;10.4
68;2021-04-29;4166;1746;165178;80921;21.6;10.6
68;2021-04-30;4833;1368;170011;82289;22.3;10.8
68;2021-05-01;947;120;170958;82409;22.4;10.8
68;2021-05-02;732;70;171690;82479;22.5;10.8
68;2021-05-03;3623;1818;175313;84297;23.0;11.0
68;2021-05-04;3936;2361;179249;86658;23.5;11.4
68;2021-05-05;3632;3240;182881;89898;24.0;11.8
68;2021-05-06;4809;2860;187690;92758;24.6;12.2
68;2021-05-07;4522;2908;192212;95666;25.2;12.5
68;2021-05-08;1671;210;193883;95876;25.4;12.6
68;2021-05-09;1077;107;194960;95983;25.5;12.6
68;2021-05-10;3159;3720;198119;99703;26.0;13.1
68;2021-05-11;4718;3615;202837;103318;26.6;13.5
68;2021-05-12;5790;3293;208627;106611;27.3;14.0
68;2021-05-13;4764;839;213391;107450;28.0;14.1
68;2021-05-14;5962;2134;219353;109584;28.7;14.4
68;2021-05-15;3560;911;222913;110495;29.2;14.5
68;2021-05-16;669;120;223582;110615;29.3;14.5
68;2021-05-17;4449;2501;228031;113116;29.9;14.8
68;2021-05-18;6141;2307;234172;115423;30.7;15.1
68;2021-05-19;5871;2886;240043;118309;31.5;15.5
68;2021-05-20;5930;2414;245973;120723;32.2;15.8
68;2021-05-21;5778;2868;251751;123591;33.0;16.2
68;2021-05-22;2578;926;254329;124517;33.3;16.3
68;2021-05-23;15;17;254344;124534;33.3;16.3
68;2021-05-24;2307;970;256651;125504;33.6;16.4
68;2021-05-25;4347;3438;260998;128942;34.2;16.9
68;2021-05-26;4882;3382;265880;132324;34.8;17.3
68;2021-05-27;5408;3406;271288;135730;35.5;17.8
68;2021-05-28;5621;3725;276909;139455;36.3;18.3
68;2021-05-29;1541;1186;278450;140641;36.5;18.4
68;2021-05-30;41;46;278491;140687;36.5;18.4
68;2021-05-31;5160;2363;283651;143050;37.2;18.7
68;2021-06-01;5989;2792;289640;145842;38.0;19.1
68;2021-06-02;4886;3009;294526;148851;38.6;19.5
68;2021-06-03;5942;3100;300468;151951;39.4;19.9
68;2021-06-04;4897;3302;305365;155253;40.0;20.3
68;2021-06-05;780;1168;306145;156421;40.1;20.5
68;2021-06-06;69;115;306214;156536;40.1;20.5
68;2021-06-07;4758;3035;310972;159571;40.7;20.9
68;2021-06-08;4941;3554;315913;163125;41.4;21.4
68;2021-06-09;4995;3447;320908;166572;42.0;21.8
68;2021-06-10;5202;3147;326110;169719;42.7;22.2
68;2021-06-11;5059;4152;331169;173871;43.4;22.8
68;2021-06-12;3035;1769;334204;175640;43.8;23.0
68;2021-06-13;515;682;334719;176322;43.9;23.1
68;2021-06-14;2517;4391;337236;180713;44.2;23.7
68;2021-06-15;3112;4718;340348;185431;44.6;24.3
68;2021-06-16;3390;4443;343738;189874;45.0;24.9
68;2021-06-17;2361;4456;346099;194330;45.3;25.5
68;2021-06-18;3359;5177;349458;199507;45.8;26.1
68;2021-06-19;2256;2170;351714;201677;46.1;26.4
68;2021-06-20;259;893;351973;202570;46.1;26.5
68;2021-06-21;2061;5154;354034;207724;46.4;27.2
68;2021-06-22;1901;5177;355935;212901;46.6;27.9
68;2021-06-23;2317;5743;358252;218644;46.9;28.6
68;2021-06-24;2157;4898;360409;223542;47.2;29.3
68;2021-06-25;2287;6660;362696;230202;47.5;30.2
68;2021-06-26;1304;2610;364000;232812;47.7;30.5
68;2021-06-27;151;880;364151;233692;47.7;30.6
68;2021-06-28;1601;6445;365752;240137;47.9;31.5
68;2021-06-29;1540;6634;367292;246771;48.1;32.3
68;2021-06-30;1799;6555;369091;253326;48.4;33.2
68;2021-07-01;2110;5353;371201;258679;48.6;33.9
68;2021-07-02;2101;6483;373302;265162;48.9;34.7
68;2021-07-03;988;1935;374290;267097;49.0;35.0
68;2021-07-04;242;200;374532;267297;49.1;35.0
68;2021-07-05;1458;5516;375990;272813;49.3;35.7
68;2021-07-06;2002;5883;377992;278696;49.5;36.5
68;2021-07-07;2457;4974;380449;283670;49.8;37.2
68;2021-07-08;2436;4751;382885;288421;50.2;37.8
68;2021-07-09;2092;7367;384977;295788;50.4;38.8
68;2021-07-10;1026;2004;386003;297792;50.6;39.0
68;2021-07-11;147;156;386150;297948;50.6;39.0
68;2021-07-12;1646;6773;387796;304721;50.8;39.9
68;2021-07-13;2910;6551;390706;311272;51.2;40.8
68;2021-07-14;1841;983;392547;312255;51.4;40.9
68;2021-07-15;3189;6655;395736;318910;51.9;41.8
68;2021-07-16;3818;6766;399554;325676;52.4;42.7
68;2021-07-17;3363;2300;402917;327976;52.8;43.0
68;2021-07-18;1054;230;403971;328206;52.9;43.0
68;2021-07-19;3052;6084;407023;334290;53.3;43.8
68;2021-07-20;4003;5670;411026;339960;53.9;44.5
68;2021-07-21;4339;5826;415365;345786;54.4;45.3
68;2021-07-22;4192;4845;419557;350631;55.0;45.9
68;2021-07-23;5042;5759;424599;356390;55.6;46.7
68;2021-07-24;3350;2127;427949;358517;56.1;47.0
68;2021-07-25;826;537;428775;359054;56.2;47.0
68;2021-07-26;4837;4448;433612;363502;56.8;47.6
68;2021-07-27;6376;3755;439988;367257;57.7;48.1
68;2021-07-28;6853;3879;446841;371136;58.5;48.6
68;2021-07-29;6398;3421;453239;374557;59.4;49.1
68;2021-07-30;6346;4378;459585;378935;60.2;49.7
68;2021-07-31;3918;1426;463503;380361;60.7;49.8
68;2021-08-01;1652;493;465155;380854;60.9;49.9
68;2021-08-02;4600;3148;469755;384002;61.6;50.3
68;2021-08-03;3538;2443;473293;386445;62.0;50.6
68;2021-08-04;3140;2688;476433;389133;62.4;51.0
68;2021-08-05;2748;2640;479181;391773;62.8;51.3
68;2021-08-06;3997;4326;483178;396099;63.3;51.9
68;2021-08-07;1226;1304;484404;397403;63.5;52.1
68;2021-08-08;362;813;484766;398216;63.5;52.2
68;2021-08-09;2574;3684;487340;401900;63.9;52.7
68;2021-08-10;2215;2781;489555;404681;64.1;53.0
68;2021-08-11;1898;2731;491453;407412;64.4;53.4
68;2021-08-12;1747;2664;493200;410076;64.6;53.7
68;2021-08-13;2712;4759;495912;414835;65.0;54.4
68;2021-08-14;707;1438;496619;416273;65.1;54.5
68;2021-08-15;45;445;496664;416718;65.1;54.6
68;2021-08-16;2000;5063;498664;421781;65.3;55.3
68;2021-08-17;1792;4845;500456;426626;65.6;55.9
68;2021-08-18;1172;3688;501628;430314;65.7;56.4
68;2021-08-19;1356;3741;502984;434055;65.9;56.9
68;2021-08-20;2217;6061;505201;440116;66.2;57.7
68;2021-08-21;491;1379;505692;441495;66.3;57.8
68;2021-08-22;116;458;505808;441953;66.3;57.9
68;2021-08-23;1185;5422;506993;447375;66.4;58.6
68;2021-08-24;1400;5945;508393;453320;66.6;59.4
68;2021-08-25;1655;3750;510048;457070;66.8;59.9
68;2021-08-26;1984;4498;512032;461568;67.1;60.5
68;2021-08-27;1837;6277;513869;467845;67.3;61.3
68;2021-08-28;422;1070;514291;468915;67.4;61.4
68;2021-08-29;36;418;514327;469333;67.4;61.5
68;2021-08-30;1341;4552;515668;473885;67.6;62.1
68;2021-08-31;1289;4235;516957;478120;67.7;62.6
68;2021-09-01;878;2275;517835;480395;67.9;62.9
68;2021-09-02;874;1979;518709;482374;68.0;63.2
68;2021-09-03;1300;4607;520009;486981;68.1;63.8
68;2021-09-04;481;952;520490;487933;68.2;63.9
68;2021-09-05;209;174;520699;488107;68.2;64.0
68;2021-09-06;683;2383;521382;490490;68.3;64.3
68;2021-09-07;603;1447;521985;491937;68.4;64.5
69;2020-12-27;5;0;5;0;0.0;0.0
69;2020-12-28;10;0;15;0;0.0;0.0
69;2020-12-29;5;0;20;0;0.0;0.0
69;2020-12-30;6;0;26;0;0.0;0.0
69;2020-12-31;12;0;38;0;0.0;0.0
69;2021-01-01;2;0;40;0;0.0;0.0
69;2021-01-02;1;0;41;0;0.0;0.0
69;2021-01-03;3;0;44;0;0.0;0.0
69;2021-01-04;13;0;57;0;0.0;0.0
69;2021-01-05;217;0;274;0;0.0;0.0
69;2021-01-06;519;0;793;0;0.0;0.0
69;2021-01-07;812;0;1605;0;0.1;0.0
69;2021-01-08;828;0;2433;0;0.1;0.0
69;2021-01-09;41;1;2474;1;0.1;0.0
69;2021-01-10;3;1;2477;2;0.1;0.0
69;2021-01-11;1135;2;3612;4;0.2;0.0
69;2021-01-12;1396;7;5008;11;0.3;0.0
69;2021-01-13;1394;3;6402;14;0.3;0.0
69;2021-01-14;2282;19;8684;33;0.5;0.0
69;2021-01-15;1826;8;10510;41;0.6;0.0
69;2021-01-16;930;3;11440;44;0.6;0.0
69;2021-01-17;260;2;11700;46;0.6;0.0
69;2021-01-18;1694;18;13394;64;0.7;0.0
69;2021-01-19;3511;35;16905;99;0.9;0.0
69;2021-01-20;4455;29;21360;128;1.1;0.0
69;2021-01-21;4078;28;25438;156;1.4;0.0
69;2021-01-22;3170;19;28608;175;1.5;0.0
69;2021-01-23;1285;5;29893;180;1.6;0.0
69;2021-01-24;101;1;29994;181;1.6;0.0
69;2021-01-25;2243;39;32237;220;1.7;0.0
69;2021-01-26;2562;87;34799;307;1.9;0.0
69;2021-01-27;2355;170;37154;477;2.0;0.0
69;2021-01-28;2236;362;39390;839;2.1;0.0
69;2021-01-29;2112;278;41502;1117;2.2;0.1
69;2021-01-30;889;3;42391;1120;2.3;0.1
69;2021-01-31;65;0;42456;1120;2.3;0.1
69;2021-02-01;1112;388;43568;1508;2.3;0.1
69;2021-02-02;1558;393;45126;1901;2.4;0.1
69;2021-02-03;1442;527;46568;2428;2.5;0.1
69;2021-02-04;1794;936;48362;3364;2.6;0.2
69;2021-02-05;820;813;49182;4177;2.6;0.2
69;2021-02-06;369;46;49551;4223;2.6;0.2
69;2021-02-07;0;0;49551;4223;2.6;0.2
69;2021-02-08;1133;1002;50684;5225;2.7;0.3
69;2021-02-09;2051;2048;52735;7273;2.8;0.4
69;2021-02-10;1855;2587;54590;9860;2.9;0.5
69;2021-02-11;1862;3130;56452;12990;3.0;0.7
69;2021-02-12;1903;1955;58355;14945;3.1;0.8
69;2021-02-13;458;656;58813;15601;3.1;0.8
69;2021-02-14;89;33;58902;15634;3.1;0.8
69;2021-02-15;1014;1587;59916;17221;3.2;0.9
69;2021-02-16;984;2146;60900;19367;3.2;1.0
69;2021-02-17;1027;2120;61927;21487;3.3;1.1
69;2021-02-18;967;2055;62894;23542;3.4;1.3
69;2021-02-19;891;1652;63785;25194;3.4;1.3
69;2021-02-20;321;784;64106;25978;3.4;1.4
69;2021-02-21;53;60;64159;26038;3.4;1.4
69;2021-02-22;610;1902;64769;27940;3.5;1.5
69;2021-02-23;740;2035;65509;29975;3.5;1.6
69;2021-02-24;972;2082;66481;32057;3.5;1.7
69;2021-02-25;2215;2488;68696;34545;3.7;1.8
69;2021-02-26;2775;1797;71471;36342;3.8;1.9
69;2021-02-27;925;537;72396;36879;3.9;2.0
69;2021-02-28;148;100;72544;36979;3.9;2.0
69;2021-03-01;2165;835;74709;37814;4.0;2.0
69;2021-03-02;3297;1338;78006;39152;4.2;2.1
69;2021-03-03;3670;1203;81676;40355;4.4;2.2
69;2021-03-04;4885;1267;86561;41622;4.6;2.2
69;2021-03-05;5875;1225;92436;42847;4.9;2.3
69;2021-03-06;3417;402;95853;43249;5.1;2.3
69;2021-03-07;641;43;96494;43292;5.1;2.3
69;2021-03-08;2960;1087;99454;44379;5.3;2.4
69;2021-03-09;4609;1236;104063;45615;5.5;2.4
69;2021-03-10;5069;1034;109132;46649;5.8;2.5
69;2021-03-11;6601;1026;115733;47675;6.2;2.5
69;2021-03-12;8859;1173;124592;48848;6.6;2.6
69;2021-03-13;4927;247;129519;49095;6.9;2.6
69;2021-03-14;2741;151;132260;49246;7.0;2.6
69;2021-03-15;4807;697;137067;49943;7.3;2.7
69;2021-03-16;3820;662;140887;50605;7.5;2.7
69;2021-03-17;3952;883;144839;51488;7.7;2.7
69;2021-03-18;4967;1567;149806;53055;8.0;2.8
69;2021-03-19;6687;1006;156493;54061;8.3;2.9
69;2021-03-20;3594;275;160087;54336;8.5;2.9
69;2021-03-21;1977;101;162064;54437;8.6;2.9
69;2021-03-22;4549;784;166613;55221;8.9;2.9
69;2021-03-23;7366;823;173979;56044;9.3;3.0
69;2021-03-24;6456;1005;180435;57049;9.6;3.0
69;2021-03-25;8590;1124;189025;58173;10.1;3.1
69;2021-03-26;8814;1251;197839;59424;10.5;3.2
69;2021-03-27;3157;793;200996;60217;10.7;3.2
69;2021-03-28;2219;190;203215;60407;10.8;3.2
69;2021-03-29;4098;2181;207313;62588;11.1;3.3
69;2021-03-30;7642;2545;214955;65133;11.5;3.5
69;2021-03-31;6356;3139;221311;68272;11.8;3.6
69;2021-04-01;8460;2728;229771;71000;12.2;3.8
69;2021-04-02;8312;3119;238083;74119;12.7;4.0
69;2021-04-03;5425;2141;243508;76260;13.0;4.1
69;2021-04-04;6611;547;250119;76807;13.3;4.1
69;2021-04-05;6194;817;256313;77624;13.7;4.1
69;2021-04-06;5115;3479;261428;81103;13.9;4.3
69;2021-04-07;5169;3885;266597;84988;14.2;4.5
69;2021-04-08;6427;4024;273024;89012;14.6;4.7
69;2021-04-09;9166;3767;282190;92779;15.0;4.9
69;2021-04-10;3053;2500;285243;95279;15.2;5.1
69;2021-04-11;2039;1902;287282;97181;15.3;5.2
69;2021-04-12;5472;3570;292754;100751;15.6;5.4
69;2021-04-13;7069;4121;299823;104872;16.0;5.6
69;2021-04-14;6718;4156;306541;109028;16.3;5.8
69;2021-04-15;7944;4602;314485;113630;16.8;6.1
69;2021-04-16;7864;4502;322349;118132;17.2;6.3
69;2021-04-17;5038;2315;327387;120447;17.5;6.4
69;2021-04-18;1716;1791;329103;122238;17.5;6.5
69;2021-04-19;7019;3778;336122;126016;17.9;6.7
69;2021-04-20;6487;4765;342609;130781;18.3;7.0
69;2021-04-21;5688;4415;348297;135196;18.6;7.2
69;2021-04-22;6428;5440;354725;140636;18.9;7.5
69;2021-04-23;6738;4900;361463;145536;19.3;7.8
69;2021-04-24;3157;2029;364620;147565;19.4;7.9
69;2021-04-25;2119;1545;366739;149110;19.5;7.9
69;2021-04-26;4497;3875;371236;152985;19.8;8.2
69;2021-04-27;6516;5318;377752;158303;20.1;8.4
69;2021-04-28;6274;4865;384026;163168;20.5;8.7
69;2021-04-29;6702;5384;390728;168552;20.8;9.0
69;2021-04-30;6931;6166;397659;174718;21.2;9.3
69;2021-05-01;3303;644;400962;175362;21.4;9.3
69;2021-05-02;1628;5883;402590;181245;21.5;9.7
69;2021-05-03;5858;8246;408448;189491;21.8;10.1
69;2021-05-04;7608;8154;416056;197645;22.2;10.5
69;2021-05-05;11213;5663;427269;203308;22.8;10.8
69;2021-05-06;12475;6305;439744;209613;23.4;11.2
69;2021-05-07;11689;7147;451433;216760;24.1;11.6
69;2021-05-08;4306;1657;455739;218417;24.3;11.6
69;2021-05-09;6635;2682;462374;221099;24.6;11.8
69;2021-05-10;6939;6070;469313;227169;25.0;12.1
69;2021-05-11;9830;7037;479143;234206;25.5;12.5
69;2021-05-12;12462;6809;491605;241015;26.2;12.8
69;2021-05-13;10844;2561;502449;243576;26.8;13.0
69;2021-05-14;12595;5215;515044;248791;27.5;13.3
69;2021-05-15;9141;2594;524185;251385;27.9;13.4
69;2021-05-16;8408;1876;532593;253261;28.4;13.5
69;2021-05-17;11306;5651;543899;258912;29.0;13.8
69;2021-05-18;13229;6408;557128;265320;29.7;14.1
69;2021-05-19;13700;5897;570828;271217;30.4;14.5
69;2021-05-20;11390;6083;582218;277300;31.0;14.8
69;2021-05-21;11043;6561;593261;283861;31.6;15.1
69;2021-05-22;5579;2578;598840;286439;31.9;15.3
69;2021-05-23;4571;1544;603411;287983;32.2;15.4
69;2021-05-24;8430;1864;611841;289847;32.6;15.4
69;2021-05-25;9748;6176;621589;296023;33.1;15.8
69;2021-05-26;10287;6116;631876;302139;33.7;16.1
69;2021-05-27;10439;6791;642315;308930;34.2;16.5
69;2021-05-28;11622;8745;653937;317675;34.9;16.9
69;2021-05-29;7394;6045;661331;323720;35.3;17.3
69;2021-05-30;7385;3169;668716;326889;35.6;17.4
69;2021-05-31;10966;6378;679682;333267;36.2;17.8
69;2021-06-01;12853;7516;692535;340783;36.9;18.2
69;2021-06-02;14898;6721;707433;347504;37.7;18.5
69;2021-06-03;16649;7428;724082;354932;38.6;18.9
69;2021-06-04;16212;8560;740294;363492;39.5;19.4
69;2021-06-05;10110;3420;750404;366912;40.0;19.6
69;2021-06-06;7490;1719;757894;368631;40.4;19.6
69;2021-06-07;12828;7034;770722;375665;41.1;20.0
69;2021-06-08;16379;8283;787101;383948;42.0;20.5
69;2021-06-09;15223;7360;802324;391308;42.8;20.9
69;2021-06-10;16297;7336;818621;398644;43.6;21.2
69;2021-06-11;16653;9686;835274;408330;44.5;21.8
69;2021-06-12;8542;4189;843816;412519;45.0;22.0
69;2021-06-13;5624;2148;849440;414667;45.3;22.1
69;2021-06-14;8588;9087;858028;423754;45.7;22.6
69;2021-06-15;10948;11024;868976;434778;46.3;23.2
69;2021-06-16;11352;12327;880328;447105;46.9;23.8
69;2021-06-17;11477;13256;891805;460361;47.5;24.5
69;2021-06-18;12078;14781;903883;475142;48.2;25.3
69;2021-06-19;6834;8358;910717;483500;48.5;25.8
69;2021-06-20;5276;4766;915993;488266;48.8;26.0
69;2021-06-21;6557;12126;922550;500392;49.2;26.7
69;2021-06-22;7221;13836;929771;514228;49.6;27.4
69;2021-06-23;8360;13033;938131;527261;50.0;28.1
69;2021-06-24;9309;13744;947440;541005;50.5;28.8
69;2021-06-25;7077;16315;954517;557320;50.9;29.7
69;2021-06-26;3955;9080;958472;566400;51.1;30.2
69;2021-06-27;3293;7422;961765;573822;51.3;30.6
69;2021-06-28;4550;14892;966315;588714;51.5;31.4
69;2021-06-29;5373;15664;971688;604378;51.8;32.2
69;2021-06-30;6396;14456;978084;618834;52.1;33.0
69;2021-07-01;8812;11979;986896;630813;52.6;33.6
69;2021-07-02;10653;14131;997549;644944;53.2;34.4
69;2021-07-03;6000;7772;1003549;652716;53.5;34.8
69;2021-07-04;4153;5552;1007702;658268;53.7;35.1
69;2021-07-05;6231;13023;1013933;671291;54.0;35.8
69;2021-07-06;5890;14284;1019823;685575;54.4;36.5
69;2021-07-07;7320;13563;1027143;699138;54.8;37.3
69;2021-07-08;7564;13418;1034707;712556;55.2;38.0
69;2021-07-09;7590;16478;1042297;729034;55.6;38.9
69;2021-07-10;3124;10319;1045421;739353;55.7;39.4
69;2021-07-11;4332;5833;1049753;745186;56.0;39.7
69;2021-07-12;4213;16975;1053966;762161;56.2;40.6
69;2021-07-13;6229;20730;1060195;782891;56.5;41.7
69;2021-07-14;5060;8490;1065255;791381;56.8;42.2
69;2021-07-15;7497;22602;1072752;813983;57.2;43.4
69;2021-07-16;9846;20136;1082598;834119;57.7;44.5
69;2021-07-17;4884;12244;1087482;846363;58.0;45.1
69;2021-07-18;3414;8902;1090896;855265;58.1;45.6
69;2021-07-19;7083;16467;1097979;871732;58.5;46.5
69;2021-07-20;9581;19322;1107560;891054;59.0;47.5
69;2021-07-21;9388;17416;1116948;908470;59.5;48.4
69;2021-07-22;11465;16466;1128413;924936;60.1;49.3
69;2021-07-23;11130;17693;1139543;942629;60.7;50.2
69;2021-07-24;5697;11060;1145240;953689;61.0;50.8
69;2021-07-25;4706;6635;1149946;960324;61.3;51.2
69;2021-07-26;8929;12960;1158875;973284;61.8;51.9
69;2021-07-27;12946;12158;1171821;985442;62.5;52.5
69;2021-07-28;12094;12166;1183915;997608;63.1;53.2
69;2021-07-29;14766;12333;1198681;1009941;63.9;53.8
69;2021-07-30;13942;12260;1212623;1022201;64.6;54.5
69;2021-07-31;8257;7248;1220880;1029449;65.1;54.9
69;2021-08-01;5095;5872;1225975;1035321;65.3;55.2
69;2021-08-02;12046;9615;1238021;1044936;66.0;55.7
69;2021-08-03;13161;8994;1251182;1053930;66.7;56.2
69;2021-08-04;13383;8169;1264565;1062099;67.4;56.6
69;2021-08-05;11350;7528;1275915;1069627;68.0;57.0
69;2021-08-06;10068;7790;1285983;1077417;68.5;57.4
69;2021-08-07;4944;4819;1290927;1082236;68.8;57.7
69;2021-08-08;4325;3562;1295252;1085798;69.0;57.9
69;2021-08-09;7364;9221;1302616;1095019;69.4;58.4
69;2021-08-10;7862;7021;1310478;1102040;69.9;58.7
69;2021-08-11;7771;8114;1318249;1110154;70.3;59.2
69;2021-08-12;7161;7337;1325410;1117491;70.6;59.6
69;2021-08-13;6518;8363;1331928;1125854;71.0;60.0
69;2021-08-14;4365;5367;1336293;1131221;71.2;60.3
69;2021-08-15;2419;2521;1338712;1133742;71.4;60.4
69;2021-08-16;5146;8886;1343858;1142628;71.6;60.9
69;2021-08-17;6286;8276;1350144;1150904;72.0;61.3
69;2021-08-18;5992;9459;1356136;1160363;72.3;61.9
69;2021-08-19;6024;9322;1362160;1169685;72.6;62.3
69;2021-08-20;5751;8828;1367911;1178513;72.9;62.8
69;2021-08-21;2692;3952;1370603;1182465;73.1;63.0
69;2021-08-22;1849;2417;1372452;1184882;73.2;63.2
69;2021-08-23;3517;12376;1375969;1197258;73.3;63.8
69;2021-08-24;4999;13620;1380968;1210878;73.6;64.5
69;2021-08-25;4309;12889;1385277;1223767;73.8;65.2
69;2021-08-26;4415;11723;1389692;1235490;74.1;65.9
69;2021-08-27;4233;14462;1393925;1249952;74.3;66.6
69;2021-08-28;1844;8626;1395769;1258578;74.4;67.1
69;2021-08-29;1289;6522;1397058;1265100;74.5;67.4
69;2021-08-30;3137;11806;1400195;1276906;74.6;68.1
69;2021-08-31;4098;10182;1404293;1287088;74.9;68.6
69;2021-09-01;3496;9749;1407789;1296837;75.0;69.1
69;2021-09-02;4098;9186;1411887;1306023;75.3;69.6
69;2021-09-03;3839;11213;1415726;1317236;75.5;70.2
69;2021-09-04;2168;8691;1417894;1325927;75.6;70.7
69;2021-09-05;1410;3839;1419304;1329766;75.7;70.9
69;2021-09-06;2161;6867;1421465;1336633;75.8;71.2
69;2021-09-07;2249;6939;1423714;1343572;75.9;71.6
70;2020-12-27;0;0;0;0;0.0;0.0
70;2020-12-28;0;0;0;0;0.0;0.0
70;2020-12-29;0;0;0;0;0.0;0.0
70;2020-12-30;0;0;0;0;0.0;0.0
70;2020-12-31;0;0;0;0;0.0;0.0
70;2021-01-01;0;0;0;0;0.0;0.0
70;2021-01-02;0;0;0;0;0.0;0.0
70;2021-01-03;0;0;0;0;0.0;0.0
70;2021-01-04;0;0;0;0;0.0;0.0
70;2021-01-05;0;0;0;0;0.0;0.0
70;2021-01-06;24;0;24;0;0.0;0.0
70;2021-01-07;121;0;145;0;0.1;0.0
70;2021-01-08;22;0;167;0;0.1;0.0
70;2021-01-09;0;0;167;0;0.1;0.0
70;2021-01-10;0;0;167;0;0.1;0.0
70;2021-01-11;148;1;315;1;0.1;0.0
70;2021-01-12;201;1;516;2;0.2;0.0
70;2021-01-13;172;2;688;4;0.3;0.0
70;2021-01-14;149;5;837;9;0.4;0.0
70;2021-01-15;153;1;990;10;0.4;0.0
70;2021-01-16;65;0;1055;10;0.5;0.0
70;2021-01-17;0;0;1055;10;0.5;0.0
70;2021-01-18;396;0;1451;10;0.6;0.0
70;2021-01-19;503;2;1954;12;0.8;0.0
70;2021-01-20;494;2;2448;14;1.0;0.0
70;2021-01-21;674;2;3122;16;1.3;0.0
70;2021-01-22;458;3;3580;19;1.5;0.0
70;2021-01-23;261;2;3841;21;1.6;0.0
70;2021-01-24;4;0;3845;21;1.6;0.0
70;2021-01-25;371;1;4216;22;1.8;0.0
70;2021-01-26;335;1;4551;23;2.0;0.0
70;2021-01-27;331;10;4882;33;2.1;0.0
70;2021-01-28;365;35;5247;68;2.3;0.0
70;2021-01-29;329;52;5576;120;2.4;0.1
70;2021-01-30;228;0;5804;120;2.5;0.1
70;2021-01-31;0;0;5804;120;2.5;0.1
70;2021-02-01;261;42;6065;162;2.6;0.1
70;2021-02-02;272;96;6337;258;2.7;0.1
70;2021-02-03;251;58;6588;316;2.8;0.1
70;2021-02-04;264;122;6852;438;2.9;0.2
70;2021-02-05;254;74;7106;512;3.0;0.2
70;2021-02-06;209;38;7315;550;3.1;0.2
70;2021-02-07;0;0;7315;550;3.1;0.2
70;2021-02-08;179;169;7494;719;3.2;0.3
70;2021-02-09;204;170;7698;889;3.3;0.4
70;2021-02-10;196;240;7894;1129;3.4;0.5
70;2021-02-11;351;289;8245;1418;3.5;0.6
70;2021-02-12;239;430;8484;1848;3.6;0.8
70;2021-02-13;75;170;8559;2018;3.7;0.9
70;2021-02-14;0;29;8559;2047;3.7;0.9
70;2021-02-15;70;293;8629;2340;3.7;1.0
70;2021-02-16;113;304;8742;2644;3.7;1.1
70;2021-02-17;165;289;8907;2933;3.8;1.3
70;2021-02-18;205;233;9112;3166;3.9;1.4
70;2021-02-19;197;192;9309;3358;4.0;1.4
70;2021-02-20;192;60;9501;3418;4.1;1.5
70;2021-02-21;1;0;9502;3418;4.1;1.5
70;2021-02-22;106;197;9608;3615;4.1;1.6
70;2021-02-23;125;229;9733;3844;4.2;1.6
70;2021-02-24;132;199;9865;4043;4.2;1.7
70;2021-02-25;315;220;10180;4263;4.4;1.8
70;2021-02-26;395;132;10575;4395;4.5;1.9
70;2021-02-27;147;166;10722;4561;4.6;2.0
70;2021-02-28;0;0;10722;4561;4.6;2.0
70;2021-03-01;249;220;10971;4781;4.7;2.1
70;2021-03-02;487;247;11458;5028;4.9;2.2
70;2021-03-03;467;245;11925;5273;5.1;2.3
70;2021-03-04;693;260;12618;5533;5.4;2.4
70;2021-03-05;767;241;13385;5774;5.7;2.5
70;2021-03-06;540;110;13925;5884;6.0;2.5
70;2021-03-07;216;23;14141;5907;6.1;2.5
70;2021-03-08;554;210;14695;6117;6.3;2.6
70;2021-03-09;866;173;15561;6290;6.7;2.7
70;2021-03-10;659;178;16220;6468;7.0;2.8
70;2021-03-11;698;255;16918;6723;7.3;2.9
70;2021-03-12;985;180;17903;6903;7.7;3.0
70;2021-03-13;582;122;18485;7025;7.9;3.0
70;2021-03-14;20;1;18505;7026;7.9;3.0
70;2021-03-15;774;111;19279;7137;8.3;3.1
70;2021-03-16;655;98;19934;7235;8.5;3.1
70;2021-03-17;595;182;20529;7417;8.8;3.2
70;2021-03-18;633;140;21162;7557;9.1;3.2
70;2021-03-19;1019;143;22181;7700;9.5;3.3
70;2021-03-20;641;186;22822;7886;9.8;3.4
70;2021-03-21;9;0;22831;7886;9.8;3.4
70;2021-03-22;757;97;23588;7983;10.1;3.4
70;2021-03-23;1310;154;24898;8137;10.7;3.5
70;2021-03-24;1270;107;26168;8244;11.2;3.5
70;2021-03-25;1246;198;27414;8442;11.8;3.6
70;2021-03-26;1487;300;28901;8742;12.4;3.7
70;2021-03-27;957;129;29858;8871;12.8;3.8
70;2021-03-28;0;10;29858;8881;12.8;3.8
70;2021-03-29;721;416;30579;9297;13.1;4.0
70;2021-03-30;1093;316;31672;9613;13.6;4.1
70;2021-03-31;878;317;32550;9930;14.0;4.3
70;2021-04-01;1154;428;33704;10358;14.5;4.4
70;2021-04-02;1310;346;35014;10704;15.0;4.6
70;2021-04-03;639;321;35653;11025;15.3;4.7
70;2021-04-04;11;0;35664;11025;15.3;4.7
70;2021-04-05;4;2;35668;11027;15.3;4.7
70;2021-04-06;832;555;36500;11582;15.7;5.0
70;2021-04-07;858;590;37358;12172;16.0;5.2
70;2021-04-08;1320;564;38678;12736;16.6;5.5
70;2021-04-09;1404;537;40082;13273;17.2;5.7
70;2021-04-10;859;346;40941;13619;17.6;5.8
70;2021-04-11;23;1;40964;13620;17.6;5.8
70;2021-04-12;696;660;41660;14280;17.9;6.1
70;2021-04-13;921;769;42581;15049;18.3;6.5
70;2021-04-14;816;575;43397;15624;18.6;6.7
70;2021-04-15;1079;607;44476;16231;19.1;7.0
70;2021-04-16;1243;553;45719;16784;19.6;7.2
70;2021-04-17;689;468;46408;17252;19.9;7.4
70;2021-04-18;62;4;46470;17256;19.9;7.4
70;2021-04-19;540;807;47010;18063;20.2;7.7
70;2021-04-20;664;852;47674;18915;20.4;8.1
70;2021-04-21;483;928;48157;19843;20.7;8.5
70;2021-04-22;775;800;48932;20643;21.0;8.9
70;2021-04-23;875;742;49807;21385;21.4;9.2
70;2021-04-24;432;642;50239;22027;21.5;9.4
70;2021-04-25;11;0;50250;22027;21.5;9.4
70;2021-04-26;924;604;51174;22631;21.9;9.7
70;2021-04-27;1209;754;52383;23385;22.5;10.0
70;2021-04-28;889;811;53272;24196;22.8;10.4
70;2021-04-29;1343;929;54615;25125;23.4;10.8
70;2021-04-30;1533;873;56148;25998;24.1;11.1
70;2021-05-01;1694;120;57842;26118;24.8;11.2
70;2021-05-02;2;0;57844;26118;24.8;11.2
70;2021-05-03;1189;580;59033;26698;25.3;11.4
70;2021-05-04;1354;757;60387;27455;25.9;11.8
70;2021-05-05;1190;879;61577;28334;26.4;12.2
70;2021-05-06;1846;1270;63423;29604;27.2;12.7
70;2021-05-07;2127;1242;65550;30846;28.1;13.2
70;2021-05-08;1341;192;66891;31038;28.7;13.3
70;2021-05-09;9;58;66900;31096;28.7;13.3
70;2021-05-10;961;946;67861;32042;29.1;13.7
70;2021-05-11;1240;1076;69101;33118;29.6;14.2
70;2021-05-12;1176;865;70277;33983;30.1;14.6
70;2021-05-13;1544;147;71821;34130;30.8;14.6
70;2021-05-14;2062;756;73883;34886;31.7;15.0
70;2021-05-15;2657;532;76540;35418;32.8;15.2
70;2021-05-16;999;72;77539;35490;33.3;15.2
70;2021-05-17;1238;386;78777;35876;33.8;15.4
70;2021-05-18;1296;591;80073;36467;34.3;15.6
70;2021-05-19;1476;480;81549;36947;35.0;15.8
70;2021-05-20;1780;633;83329;37580;35.7;16.1
70;2021-05-21;1693;818;85022;38398;36.5;16.5
70;2021-05-22;1221;665;86243;39063;37.0;16.8
70;2021-05-23;8;14;86251;39077;37.0;16.8
70;2021-05-24;227;27;86478;39104;37.1;16.8
70;2021-05-25;837;926;87315;40030;37.4;17.2
70;2021-05-26;1048;946;88363;40976;37.9;17.6
70;2021-05-27;1263;994;89626;41970;38.4;18.0
70;2021-05-28;1546;1161;91172;43131;39.1;18.5
70;2021-05-29;1371;588;92543;43719;39.7;18.7
70;2021-05-30;1;8;92544;43727;39.7;18.8
70;2021-05-31;969;679;93513;44406;40.1;19.0
70;2021-06-01;1213;848;94726;45254;40.6;19.4
70;2021-06-02;1265;680;95991;45934;41.2;19.7
70;2021-06-03;1430;838;97421;46772;41.8;20.1
70;2021-06-04;1335;1111;98756;47883;42.3;20.5
70;2021-06-05;1024;663;99780;48546;42.8;20.8
70;2021-06-06;599;79;100379;48625;43.0;20.9
70;2021-06-07;941;849;101320;49474;43.4;21.2
70;2021-06-08;1216;1186;102536;50660;44.0;21.7
70;2021-06-09;1156;988;103692;51648;44.5;22.1
70;2021-06-10;1569;831;105261;52479;45.1;22.5
70;2021-06-11;1587;1956;106848;54435;45.8;23.3
70;2021-06-12;829;1972;107677;56407;46.2;24.2
70;2021-06-13;143;15;107820;56422;46.2;24.2
70;2021-06-14;559;1244;108379;57666;46.5;24.7
70;2021-06-15;451;1506;108830;59172;46.7;25.4
70;2021-06-16;800;1393;109630;60565;47.0;26.0
70;2021-06-17;1150;2097;110780;62662;47.5;26.9
70;2021-06-18;997;2255;111777;64917;47.9;27.8
70;2021-06-19;1091;1639;112868;66556;48.4;28.5
70;2021-06-20;1;3;112869;66559;48.4;28.5
70;2021-06-21;692;1452;113561;68011;48.7;29.2
70;2021-06-22;654;1512;114215;69523;49.0;29.8
70;2021-06-23;662;1570;114877;71093;49.3;30.5
70;2021-06-24;877;2050;115754;73143;49.6;31.4
70;2021-06-25;682;2647;116436;75790;49.9;32.5
70;2021-06-26;943;2135;117379;77925;50.3;33.4
70;2021-06-27;141;762;117520;78687;50.4;33.7
70;2021-06-28;336;1351;117856;80038;50.5;34.3
70;2021-06-29;411;1611;118267;81649;50.7;35.0
70;2021-06-30;391;1635;118658;83284;50.9;35.7
70;2021-07-01;642;1752;119300;85036;51.2;36.5
70;2021-07-02;815;1578;120115;86614;51.5;37.1
70;2021-07-03;841;1085;120956;87699;51.9;37.6
70;2021-07-04;29;70;120985;87769;51.9;37.6
70;2021-07-05;610;1037;121595;88806;52.1;38.1
70;2021-07-06;681;1275;122276;90081;52.4;38.6
70;2021-07-07;509;1425;122785;91506;52.7;39.2
70;2021-07-08;816;1573;123601;93079;53.0;39.9
70;2021-07-09;871;1662;124472;94741;53.4;40.6
70;2021-07-10;831;1032;125303;95773;53.7;41.1
70;2021-07-11;7;20;125310;95793;53.7;41.1
70;2021-07-12;431;1391;125741;97184;53.9;41.7
70;2021-07-13;907;1868;126648;99052;54.3;42.5
70;2021-07-14;33;6;126681;99058;54.3;42.5
70;2021-07-15;1383;1691;128064;100749;54.9;43.2
70;2021-07-16;1627;2062;129691;102811;55.6;44.1
70;2021-07-17;1501;1454;131192;104265;56.3;44.7
70;2021-07-18;1145;641;132337;104906;56.7;45.0
70;2021-07-19;883;974;133220;105880;57.1;45.4
70;2021-07-20;1350;1351;134570;107231;57.7;46.0
70;2021-07-21;1288;1402;135858;108633;58.3;46.6
70;2021-07-22;1869;1825;137727;110458;59.1;47.4
70;2021-07-23;1830;2493;139557;112951;59.8;48.4
70;2021-07-24;1364;1806;140921;114757;60.4;49.2
70;2021-07-25;27;3;140948;114760;60.4;49.2
70;2021-07-26;1056;975;142004;115735;60.9;49.6
70;2021-07-27;1405;975;143409;116710;61.5;50.0
70;2021-07-28;1405;1161;144814;117871;62.1;50.5
70;2021-07-29;1874;1388;146688;119259;62.9;51.1
70;2021-07-30;1972;1347;148660;120606;63.7;51.7
70;2021-07-31;1752;1163;150412;121769;64.5;52.2
70;2021-08-01;2;4;150414;121773;64.5;52.2
70;2021-08-02;776;737;151190;122510;64.8;52.5
70;2021-08-03;1296;1039;152486;123549;65.4;53.0
70;2021-08-04;1211;921;153697;124470;65.9;53.4
70;2021-08-05;1658;1189;155355;125659;66.6;53.9
70;2021-08-06;1796;1331;157151;126990;67.4;54.5
70;2021-08-07;1193;1028;158344;128018;67.9;54.9
70;2021-08-08;35;28;158379;128046;67.9;54.9
70;2021-08-09;531;705;158910;128751;68.1;55.2
70;2021-08-10;897;1133;159807;129884;68.5;55.7
70;2021-08-11;805;724;160612;130608;68.9;56.0
70;2021-08-12;906;1272;161518;131880;69.3;56.6
70;2021-08-13;1040;1624;162558;133504;69.7;57.3
70;2021-08-14;771;975;163329;134479;70.0;57.7
70;2021-08-15;36;28;163365;134507;70.1;57.7
70;2021-08-16;544;907;163909;135414;70.3;58.1
70;2021-08-17;677;1195;164586;136609;70.6;58.6
70;2021-08-18;536;939;165122;137548;70.8;59.0
70;2021-08-19;565;1386;165687;138934;71.1;59.6
70;2021-08-20;511;1902;166198;140836;71.3;60.4
70;2021-08-21;446;1160;166644;141996;71.5;60.9
70;2021-08-22;2;6;166646;142002;71.5;60.9
70;2021-08-23;281;879;166927;142881;71.6;61.3
70;2021-08-24;386;1374;167313;144255;71.7;61.9
70;2021-08-25;354;1341;167667;145596;71.9;62.4
70;2021-08-26;434;1560;168101;147156;72.1;63.1
70;2021-08-27;384;2126;168485;149282;72.3;64.0
70;2021-08-28;363;1705;168848;150987;72.4;64.7
70;2021-08-29;11;6;168859;150993;72.4;64.7
70;2021-08-30;296;835;169155;151828;72.5;65.1
70;2021-08-31;357;1125;169512;152953;72.7;65.6
70;2021-09-01;313;1194;169825;154147;72.8;66.1
70;2021-09-02;303;1296;170128;155443;73.0;66.7
70;2021-09-03;268;1239;170396;156682;73.1;67.2
70;2021-09-04;453;1258;170849;157940;73.3;67.7
70;2021-09-05;20;31;170869;157971;73.3;67.7
70;2021-09-06;167;699;171036;158670;73.3;68.0
70;2021-09-07;185;877;171221;159547;73.4;68.4
71;2020-12-27;0;0;0;0;0.0;0.0
71;2020-12-28;0;0;0;0;0.0;0.0
71;2020-12-29;0;0;0;0;0.0;0.0
71;2020-12-30;0;0;0;0;0.0;0.0
71;2020-12-31;0;0;0;0;0.0;0.0
71;2021-01-01;1;0;1;0;0.0;0.0
71;2021-01-02;0;0;1;0;0.0;0.0
71;2021-01-03;1;0;2;0;0.0;0.0
71;2021-01-04;1;0;3;0;0.0;0.0
71;2021-01-05;12;0;15;0;0.0;0.0
71;2021-01-06;72;0;87;0;0.0;0.0
71;2021-01-07;67;0;154;0;0.0;0.0
71;2021-01-08;146;0;300;0;0.1;0.0
71;2021-01-09;117;0;417;0;0.1;0.0
71;2021-01-10;1;0;418;0;0.1;0.0
71;2021-01-11;245;1;663;1;0.1;0.0
71;2021-01-12;846;1;1509;2;0.3;0.0
71;2021-01-13;563;2;2072;4;0.4;0.0
71;2021-01-14;581;10;2653;14;0.5;0.0
71;2021-01-15;667;2;3320;16;0.6;0.0
71;2021-01-16;9;0;3329;16;0.6;0.0
71;2021-01-17;0;0;3329;16;0.6;0.0
71;2021-01-18;1094;7;4423;23;0.8;0.0
71;2021-01-19;1696;7;6119;30;1.1;0.0
71;2021-01-20;1517;6;7636;36;1.4;0.0
71;2021-01-21;2059;17;9695;53;1.8;0.0
71;2021-01-22;1413;6;11108;59;2.0;0.0
71;2021-01-23;815;6;11923;65;2.2;0.0
71;2021-01-24;0;0;11923;65;2.2;0.0
71;2021-01-25;1065;6;12988;71;2.4;0.0
71;2021-01-26;1505;24;14493;95;2.6;0.0
71;2021-01-27;1248;34;15741;129;2.9;0.0
71;2021-01-28;1083;87;16824;216;3.1;0.0
71;2021-01-29;1015;137;17839;353;3.3;0.1
71;2021-01-30;605;1;18444;354;3.4;0.1
71;2021-01-31;1;15;18445;369;3.4;0.1
71;2021-02-01;751;233;19196;602;3.5;0.1
71;2021-02-02;753;350;19949;952;3.6;0.2
71;2021-02-03;817;411;20766;1363;3.8;0.2
71;2021-02-04;780;552;21546;1915;3.9;0.3
71;2021-02-05;705;509;22251;2424;4.1;0.4
71;2021-02-06;535;9;22786;2433;4.2;0.4
71;2021-02-07;4;50;22790;2483;4.2;0.5
71;2021-02-08;603;584;23393;3067;4.3;0.6
71;2021-02-09;368;890;23761;3957;4.3;0.7
71;2021-02-10;412;892;24173;4849;4.4;0.9
71;2021-02-11;472;1088;24645;5937;4.5;1.1
71;2021-02-12;535;961;25180;6898;4.6;1.3
71;2021-02-13;124;415;25304;7313;4.6;1.3
71;2021-02-14;2;7;25306;7320;4.6;1.3
71;2021-02-15;323;819;25629;8139;4.7;1.5
71;2021-02-16;442;1231;26071;9370;4.8;1.7
71;2021-02-17;427;1048;26498;10418;4.8;1.9
71;2021-02-18;548;863;27046;11281;4.9;2.1
71;2021-02-19;573;775;27619;12056;5.0;2.2
71;2021-02-20;224;327;27843;12383;5.1;2.3
71;2021-02-21;4;13;27847;12396;5.1;2.3
71;2021-02-22;237;797;28084;13193;5.1;2.4
71;2021-02-23;452;864;28536;14057;5.2;2.6
71;2021-02-24;445;663;28981;14720;5.3;2.7
71;2021-02-25;533;670;29514;15390;5.4;2.8
71;2021-02-26;830;507;30344;15897;5.5;2.9
71;2021-02-27;457;304;30801;16201;5.6;3.0
71;2021-02-28;54;14;30855;16215;5.6;3.0
71;2021-03-01;1187;630;32042;16845;5.8;3.1
71;2021-03-02;1574;610;33616;17455;6.1;3.2
71;2021-03-03;1819;749;35435;18204;6.5;3.3
71;2021-03-04;2003;790;37438;18994;6.8;3.5
71;2021-03-05;2290;676;39728;19670;7.3;3.6
71;2021-03-06;754;63;40482;19733;7.4;3.6
71;2021-03-07;40;21;40522;19754;7.4;3.6
71;2021-03-08;1452;775;41974;20529;7.7;3.7
71;2021-03-09;2160;523;44134;21052;8.1;3.8
71;2021-03-10;2173;470;46307;21522;8.5;3.9
71;2021-03-11;2629;661;48936;22183;8.9;4.0
71;2021-03-12;2606;624;51542;22807;9.4;4.2
71;2021-03-13;995;100;52537;22907;9.6;4.2
71;2021-03-14;36;0;52573;22907;9.6;4.2
71;2021-03-15;1798;498;54371;23405;9.9;4.3
71;2021-03-16;1822;200;56193;23605;10.3;4.3
71;2021-03-17;2134;251;58327;23856;10.6;4.4
71;2021-03-18;1953;435;60280;24291;11.0;4.4
71;2021-03-19;2370;335;62650;24626;11.4;4.5
71;2021-03-20;1084;40;63734;24666;11.6;4.5
71;2021-03-21;17;5;63751;24671;11.6;4.5
71;2021-03-22;2576;383;66327;25054;12.1;4.6
71;2021-03-23;3346;507;69673;25561;12.7;4.7
71;2021-03-24;3350;468;73023;26029;13.3;4.8
71;2021-03-25;4028;592;77051;26621;14.1;4.9
71;2021-03-26;4058;339;81109;26960;14.8;4.9
71;2021-03-27;997;106;82106;27066;15.0;4.9
71;2021-03-28;57;8;82163;27074;15.0;4.9
71;2021-03-29;2409;1166;84572;28240;15.4;5.2
71;2021-03-30;2952;1360;87524;29600;16.0;5.4
71;2021-03-31;2549;1526;90073;31126;16.4;5.7
71;2021-04-01;2717;1299;92790;32425;16.9;5.9
71;2021-04-02;2503;1420;95293;33845;17.4;6.2
71;2021-04-03;268;34;95561;33879;17.4;6.2
71;2021-04-04;6;0;95567;33879;17.4;6.2
71;2021-04-05;61;2;95628;33881;17.5;6.2
71;2021-04-06;2259;1876;97887;35757;17.9;6.5
71;2021-04-07;2390;1788;100277;37545;18.3;6.9
71;2021-04-08;3284;1803;103561;39348;18.9;7.2
71;2021-04-09;4043;1668;107604;41016;19.6;7.5
71;2021-04-10;769;47;108373;41063;19.8;7.5
71;2021-04-11;100;4;108473;41067;19.8;7.5
71;2021-04-12;2356;1698;110829;42765;20.2;7.8
71;2021-04-13;2585;1887;113414;44652;20.7;8.2
71;2021-04-14;2374;1923;115788;46575;21.1;8.5
71;2021-04-15;2780;1691;118568;48266;21.6;8.8
71;2021-04-16;2628;1648;121196;49914;22.1;9.1
71;2021-04-17;952;344;122148;50258;22.3;9.2
71;2021-04-18;106;6;122254;50264;22.3;9.2
71;2021-04-19;1761;2572;124015;52836;22.6;9.6
71;2021-04-20;2222;2600;126237;55436;23.0;10.1
71;2021-04-21;2124;2592;128361;58028;23.4;10.6
71;2021-04-22;2511;2442;130872;60470;23.9;11.0
71;2021-04-23;2923;2266;133795;62736;24.4;11.5
71;2021-04-24;517;53;134312;62789;24.5;11.5
71;2021-04-25;26;0;134338;62789;24.5;11.5
71;2021-04-26;2567;2139;136905;64928;25.0;11.9
71;2021-04-27;2990;2267;139895;67195;25.5;12.3
71;2021-04-28;3074;2127;142969;69322;26.1;12.7
71;2021-04-29;3781;2224;146750;71546;26.8;13.1
71;2021-04-30;3929;1720;150679;73266;27.5;13.4
71;2021-05-01;39;53;150718;73319;27.5;13.4
71;2021-05-02;23;18;150741;73337;27.5;13.4
71;2021-05-03;4289;1386;155030;74723;28.3;13.6
71;2021-05-04;2956;2361;157986;77084;28.8;14.1
71;2021-05-05;3427;2085;161413;79169;29.5;14.5
71;2021-05-06;3467;2367;164880;81536;30.1;14.9
71;2021-05-07;3678;2804;168558;84340;30.8;15.4
71;2021-05-08;180;183;168738;84523;30.8;15.4
71;2021-05-09;44;47;168782;84570;30.8;15.4
71;2021-05-10;3698;2288;172480;86858;31.5;15.9
71;2021-05-11;4664;2361;177144;89219;32.3;16.3
71;2021-05-12;3978;2599;181122;91818;33.1;16.8
71;2021-05-13;1576;155;182698;91973;33.3;16.8
71;2021-05-14;3766;2196;186464;94169;34.0;17.2
71;2021-05-15;242;331;186706;94500;34.1;17.3
71;2021-05-16;2;0;186708;94500;34.1;17.3
71;2021-05-17;3864;1888;190572;96388;34.8;17.6
71;2021-05-18;3497;2425;194069;98813;35.4;18.0
71;2021-05-19;3719;2279;197788;101092;36.1;18.5
71;2021-05-20;4183;2301;201971;103393;36.9;18.9
71;2021-05-21;3724;2571;205695;105964;37.5;19.3
71;2021-05-22;169;305;205864;106269;37.6;19.4
71;2021-05-23;14;55;205878;106324;37.6;19.4
71;2021-05-24;19;96;205897;106420;37.6;19.4
71;2021-05-25;2690;3007;208587;109427;38.1;20.0
71;2021-05-26;2973;2434;211560;111861;38.6;20.4
71;2021-05-27;3387;2588;214947;114449;39.2;20.9
71;2021-05-28;2920;3159;217867;117608;39.8;21.5
71;2021-05-29;482;660;218349;118268;39.9;21.6
71;2021-05-30;75;57;218424;118325;39.9;21.6
71;2021-05-31;2776;3455;221200;121780;40.4;22.2
71;2021-06-01;3675;3544;224875;125324;41.0;22.9
71;2021-06-02;3998;2634;228873;127958;41.8;23.4
71;2021-06-03;4436;2525;233309;130483;42.6;23.8
71;2021-06-04;3717;3711;237026;134194;43.3;24.5
71;2021-06-05;683;646;237709;134840;43.4;24.6
71;2021-06-06;57;91;237766;134931;43.4;24.6
71;2021-06-07;3282;4154;241048;139085;44.0;25.4
71;2021-06-08;3898;4012;244946;143097;44.7;26.1
71;2021-06-09;4694;2753;249640;145850;45.6;26.6
71;2021-06-10;5268;2746;254908;148596;46.5;27.1
71;2021-06-11;4435;3723;259343;152319;47.3;27.8
71;2021-06-12;716;596;260059;152915;47.5;27.9
71;2021-06-13;104;187;260163;153102;47.5;27.9
71;2021-06-14;3513;3786;263676;156888;48.1;28.6
71;2021-06-15;4207;3556;267883;160444;48.9;29.3
71;2021-06-16;4596;2730;272479;163174;49.7;29.8
71;2021-06-17;4268;2999;276747;166173;50.5;30.3
71;2021-06-18;4325;3773;281072;169946;51.3;31.0
71;2021-06-19;1269;655;282341;170601;51.5;31.1
71;2021-06-20;37;27;282378;170628;51.5;31.1
71;2021-06-21;2270;4281;284648;174909;52.0;31.9
71;2021-06-22;2687;4354;287335;179263;52.5;32.7
71;2021-06-23;3060;3422;290395;182685;53.0;33.3
71;2021-06-24;3329;3024;293724;185709;53.6;33.9
71;2021-06-25;2654;4473;296378;190182;54.1;34.7
71;2021-06-26;372;551;296750;190733;54.2;34.8
71;2021-06-27;29;68;296779;190801;54.2;34.8
71;2021-06-28;1535;4625;298314;195426;54.5;35.7
71;2021-06-29;1992;4826;300306;200252;54.8;36.6
71;2021-06-30;2505;3935;302811;204187;55.3;37.3
71;2021-07-01;2826;3904;305637;208091;55.8;38.0
71;2021-07-02;3031;3985;308668;212076;56.3;38.7
71;2021-07-03;318;711;308986;212787;56.4;38.8
71;2021-07-04;28;132;309014;212919;56.4;38.9
71;2021-07-05;2476;4321;311490;217240;56.9;39.7
71;2021-07-06;2462;4565;313952;221805;57.3;40.5
71;2021-07-07;2984;3725;316936;225530;57.9;41.2
71;2021-07-08;2768;4111;319704;229641;58.4;41.9
71;2021-07-09;2382;5022;322086;234663;58.8;42.8
71;2021-07-10;212;656;322298;235319;58.8;43.0
71;2021-07-11;15;65;322313;235384;58.8;43.0
71;2021-07-12;1913;5307;324226;240691;59.2;43.9
71;2021-07-13;2541;5865;326767;246556;59.6;45.0
71;2021-07-14;950;400;327717;246956;59.8;45.1
71;2021-07-15;3025;5736;330742;252692;60.4;46.1
71;2021-07-16;3296;6010;334038;258702;61.0;47.2
71;2021-07-17;505;781;334543;259483;61.1;47.4
71;2021-07-18;89;93;334632;259576;61.1;47.4
71;2021-07-19;2864;5556;337496;265132;61.6;48.4
71;2021-07-20;3371;5915;340867;271047;62.2;49.5
71;2021-07-21;3411;5469;344278;276516;62.8;50.5
71;2021-07-22;3945;5332;348223;281848;63.6;51.4
71;2021-07-23;3235;6004;351458;287852;64.2;52.5
71;2021-07-24;714;595;352172;288447;64.3;52.7
71;2021-07-25;148;82;352320;288529;64.3;52.7
71;2021-07-26;3594;4893;355914;293422;65.0;53.6
71;2021-07-27;4091;5126;360005;298548;65.7;54.5
71;2021-07-28;4250;4813;364255;303361;66.5;55.4
71;2021-07-29;4212;4644;368467;308005;67.3;56.2
71;2021-07-30;4241;4923;372708;312928;68.0;57.1
71;2021-07-31;722;724;373430;313652;68.2;57.3
71;2021-08-01;106;35;373536;313687;68.2;57.3
71;2021-08-02;3969;3760;377505;317447;68.9;57.9
71;2021-08-03;4406;3821;381911;321268;69.7;58.6
71;2021-08-04;4390;2984;386301;324252;70.5;59.2
71;2021-08-05;4189;3269;390490;327521;71.3;59.8
71;2021-08-06;3698;4008;394188;331529;72.0;60.5
71;2021-08-07;495;329;394683;331858;72.0;60.6
71;2021-08-08;50;65;394733;331923;72.1;60.6
71;2021-08-09;3046;3418;397779;335341;72.6;61.2
71;2021-08-10;3073;3387;400852;338728;73.2;61.8
71;2021-08-11;3184;3081;404036;341809;73.8;62.4
71;2021-08-12;3014;3109;407050;344918;74.3;63.0
71;2021-08-13;2676;3334;409726;348252;74.8;63.6
71;2021-08-14;282;521;410008;348773;74.8;63.7
71;2021-08-15;49;110;410057;348883;74.9;63.7
71;2021-08-16;1707;3528;411764;352411;75.2;64.3
71;2021-08-17;1736;3435;413500;355846;75.5;65.0
71;2021-08-18;1448;3168;414948;359014;75.7;65.5
71;2021-08-19;1267;3116;416215;362130;76.0;66.1
71;2021-08-20;1284;3699;417499;365829;76.2;66.8
71;2021-08-21;145;413;417644;366242;76.2;66.9
71;2021-08-22;40;99;417684;366341;76.2;66.9
71;2021-08-23;1419;4541;419103;370882;76.5;67.7
71;2021-08-24;1324;3797;420427;374679;76.7;68.4
71;2021-08-25;948;3772;421375;378451;76.9;69.1
71;2021-08-26;954;3392;422329;381843;77.1;69.7
71;2021-08-27;1147;4461;423476;386304;77.3;70.5
71;2021-08-28;195;413;423671;386717;77.3;70.6
71;2021-08-29;28;106;423699;386823;77.3;70.6
71;2021-08-30;1251;3939;424950;390762;77.6;71.3
71;2021-08-31;1014;3619;425964;394381;77.8;72.0
71;2021-09-01;928;3538;426892;397919;77.9;72.6
71;2021-09-02;599;3103;427491;401022;78.0;73.2
71;2021-09-03;826;4006;428317;405028;78.2;73.9
71;2021-09-04;255;584;428572;405612;78.2;74.0
71;2021-09-05;23;56;428595;405668;78.2;74.1
71;2021-09-06;632;2724;429227;408392;78.4;74.5
71;2021-09-07;508;2191;429735;410583;78.4;74.9
72;2020-12-27;0;0;0;0;0.0;0.0
72;2020-12-28;0;0;0;0;0.0;0.0
72;2020-12-29;0;0;0;0;0.0;0.0
72;2020-12-30;0;0;0;0;0.0;0.0
72;2020-12-31;0;0;0;0;0.0;0.0
72;2021-01-01;2;0;2;0;0.0;0.0
72;2021-01-02;0;0;2;0;0.0;0.0
72;2021-01-03;0;0;2;0;0.0;0.0
72;2021-01-04;0;0;2;0;0.0;0.0
72;2021-01-05;14;0;16;0;0.0;0.0
72;2021-01-06;27;0;43;0;0.0;0.0
72;2021-01-07;110;0;153;0;0.0;0.0
72;2021-01-08;232;0;385;0;0.1;0.0
72;2021-01-09;36;0;421;0;0.1;0.0
72;2021-01-10;0;0;421;0;0.1;0.0
72;2021-01-11;485;1;906;1;0.2;0.0
72;2021-01-12;615;1;1521;2;0.3;0.0
72;2021-01-13;500;1;2021;3;0.4;0.0
72;2021-01-14;644;3;2665;6;0.5;0.0
72;2021-01-15;478;1;3143;7;0.6;0.0
72;2021-01-16;94;0;3237;7;0.6;0.0
72;2021-01-17;0;0;3237;7;0.6;0.0
72;2021-01-18;293;0;3530;7;0.6;0.0
72;2021-01-19;777;3;4307;10;0.8;0.0
72;2021-01-20;1538;6;5845;16;1.0;0.0
72;2021-01-21;1776;5;7621;21;1.4;0.0
72;2021-01-22;1149;5;8770;26;1.6;0.0
72;2021-01-23;32;0;8802;26;1.6;0.0
72;2021-01-24;0;0;8802;26;1.6;0.0
72;2021-01-25;503;7;9305;33;1.7;0.0
72;2021-01-26;1164;21;10469;54;1.9;0.0
72;2021-01-27;884;19;11353;73;2.0;0.0
72;2021-01-28;777;68;12130;141;2.2;0.0
72;2021-01-29;712;64;12842;205;2.3;0.0
72;2021-01-30;58;0;12900;205;2.3;0.0
72;2021-01-31;1;0;12901;205;2.3;0.0
72;2021-02-01;499;222;13400;427;2.4;0.1
72;2021-02-02;507;290;13907;717;2.5;0.1
72;2021-02-03;487;218;14394;935;2.6;0.2
72;2021-02-04;476;338;14870;1273;2.7;0.2
72;2021-02-05;514;334;15384;1607;2.7;0.3
72;2021-02-06;83;8;15467;1615;2.8;0.3
72;2021-02-07;19;3;15486;1618;2.8;0.3
72;2021-02-08;310;366;15796;1984;2.8;0.4
72;2021-02-09;489;509;16285;2493;2.9;0.4
72;2021-02-10;567;910;16852;3403;3.0;0.6
72;2021-02-11;861;1322;17713;4725;3.2;0.8
72;2021-02-12;851;581;18564;5306;3.3;0.9
72;2021-02-13;109;38;18673;5344;3.3;1.0
72;2021-02-14;1;22;18674;5366;3.3;1.0
72;2021-02-15;220;430;18894;5796;3.4;1.0
72;2021-02-16;502;970;19396;6766;3.5;1.2
72;2021-02-17;463;654;19859;7420;3.5;1.3
72;2021-02-18;594;583;20453;8003;3.7;1.4
72;2021-02-19;521;543;20974;8546;3.7;1.5
72;2021-02-20;79;50;21053;8596;3.8;1.5
72;2021-02-21;0;0;21053;8596;3.8;1.5
72;2021-02-22;328;516;21381;9112;3.8;1.6
72;2021-02-23;569;421;21950;9533;3.9;1.7
72;2021-02-24;435;436;22385;9969;4.0;1.8
72;2021-02-25;922;510;23307;10479;4.2;1.9
72;2021-02-26;600;451;23907;10930;4.3;2.0
72;2021-02-27;322;40;24229;10970;4.3;2.0
72;2021-02-28;15;17;24244;10987;4.3;2.0
72;2021-03-01;378;425;24622;11412;4.4;2.0
72;2021-03-02;503;550;25125;11962;4.5;2.1
72;2021-03-03;733;595;25858;12557;4.6;2.2
72;2021-03-04;741;741;26599;13298;4.7;2.4
72;2021-03-05;935;738;27534;14036;4.9;2.5
72;2021-03-06;761;124;28295;14160;5.1;2.5
72;2021-03-07;448;26;28743;14186;5.1;2.5
72;2021-03-08;560;435;29303;14621;5.2;2.6
72;2021-03-09;1045;630;30348;15251;5.4;2.7
72;2021-03-10;1137;655;31485;15906;5.6;2.8
72;2021-03-11;1611;485;33096;16391;5.9;2.9
72;2021-03-12;1364;518;34460;16909;6.2;3.0
72;2021-03-13;983;120;35443;17029;6.3;3.0
72;2021-03-14;14;10;35457;17039;6.3;3.0
72;2021-03-15;1159;222;36616;17261;6.5;3.1
72;2021-03-16;1052;186;37668;17447;6.7;3.1
72;2021-03-17;1035;260;38703;17707;6.9;3.2
72;2021-03-18;1088;367;39791;18074;7.1;3.2
72;2021-03-19;1275;290;41066;18364;7.3;3.3
72;2021-03-20;487;89;41553;18453;7.4;3.3
72;2021-03-21;19;0;41572;18453;7.4;3.3
72;2021-03-22;1347;341;42919;18794;7.7;3.4
72;2021-03-23;1725;481;44644;19275;8.0;3.4
72;2021-03-24;1840;300;46484;19575;8.3;3.5
72;2021-03-25;2446;462;48930;20037;8.7;3.6
72;2021-03-26;2336;368;51266;20405;9.2;3.6
72;2021-03-27;614;31;51880;20436;9.3;3.6
72;2021-03-28;22;0;51902;20436;9.3;3.6
72;2021-03-29;1616;382;53518;20818;9.6;3.7
72;2021-03-30;2496;386;56014;21204;10.0;3.8
72;2021-03-31;2145;365;58159;21569;10.4;3.9
72;2021-04-01;2851;351;61010;21920;10.9;3.9
72;2021-04-02;2249;400;63259;22320;11.3;4.0
72;2021-04-03;292;39;63551;22359;11.3;4.0
72;2021-04-04;15;3;63566;22362;11.3;4.0
72;2021-04-05;51;49;63617;22411;11.4;4.0
72;2021-04-06;1759;469;65376;22880;11.7;4.1
72;2021-04-07;2575;599;67951;23479;12.1;4.2
72;2021-04-08;2724;781;70675;24260;12.6;4.3
72;2021-04-09;3863;583;74538;24843;13.3;4.4
72;2021-04-10;1112;52;75650;24895;13.5;4.4
72;2021-04-11;8;1;75658;24896;13.5;4.4
72;2021-04-12;1850;902;77508;25798;13.8;4.6
72;2021-04-13;2373;1076;79881;26874;14.3;4.8
72;2021-04-14;2250;1096;82131;27970;14.7;5.0
72;2021-04-15;2422;1117;84553;29087;15.1;5.2
72;2021-04-16;2563;962;87116;30049;15.6;5.4
72;2021-04-17;707;144;87823;30193;15.7;5.4
72;2021-04-18;57;2;87880;30195;15.7;5.4
72;2021-04-19;1396;1090;89276;31285;15.9;5.6
72;2021-04-20;2997;1303;92273;32588;16.5;5.8
72;2021-04-21;2517;1562;94790;34150;16.9;6.1
72;2021-04-22;2815;1794;97605;35944;17.4;6.4
72;2021-04-23;3213;1455;100818;37399;18.0;6.7
72;2021-04-24;1400;269;102218;37668;18.2;6.7
72;2021-04-25;881;18;103099;37686;18.4;6.7
72;2021-04-26;3514;1476;106613;39162;19.0;7.0
72;2021-04-27;4092;1855;110705;41017;19.8;7.3
72;2021-04-28;3834;1872;114539;42889;20.4;7.7
72;2021-04-29;4160;1805;118699;44694;21.2;8.0
72;2021-04-30;3615;1709;122314;46403;21.8;8.3
72;2021-05-01;1642;225;123956;46628;22.1;8.3
72;2021-05-02;1533;161;125489;46789;22.4;8.4
72;2021-05-03;3456;1154;128945;47943;23.0;8.6
72;2021-05-04;4012;1799;132957;49742;23.7;8.9
72;2021-05-05;3868;2178;136825;51920;24.4;9.3
72;2021-05-06;3597;1935;140422;53855;25.1;9.6
72;2021-05-07;3543;2147;143965;56002;25.7;10.0
72;2021-05-08;1899;152;145864;56154;26.0;10.0
72;2021-05-09;2082;213;147946;56367;26.4;10.1
72;2021-05-10;3770;1524;151716;57891;27.1;10.3
72;2021-05-11;4598;1993;156314;59884;27.9;10.7
72;2021-05-12;4081;1819;160395;61703;28.6;11.0
72;2021-05-13;3031;272;163426;61975;29.2;11.1
72;2021-05-14;3663;1395;167089;63370;29.8;11.3
72;2021-05-15;3121;366;170210;63736;30.4;11.4
72;2021-05-16;2502;153;172712;63889;30.8;11.4
72;2021-05-17;3725;1285;176437;65174;31.5;11.6
72;2021-05-18;4331;1688;180768;66862;32.3;11.9
72;2021-05-19;3977;1510;184745;68372;33.0;12.2
72;2021-05-20;4262;1453;189007;69825;33.7;12.5
72;2021-05-21;3789;1387;192796;71212;34.4;12.7
72;2021-05-22;2561;506;195357;71718;34.9;12.8
72;2021-05-23;1391;164;196748;71882;35.1;12.8
72;2021-05-24;2353;295;199101;72177;35.5;12.9
72;2021-05-25;4075;1412;203176;73589;36.3;13.1
72;2021-05-26;4096;1414;207272;75003;37.0;13.4
72;2021-05-27;4346;2049;211618;77052;37.8;13.8
72;2021-05-28;4106;2009;215724;79061;38.5;14.1
72;2021-05-29;2668;806;218392;79867;39.0;14.3
72;2021-05-30;1142;870;219534;80737;39.2;14.4
72;2021-05-31;3121;2330;222655;83067;39.7;14.8
72;2021-06-01;3568;2669;226223;85736;40.4;15.3
72;2021-06-02;3613;2782;229836;88518;41.0;15.8
72;2021-06-03;4242;2997;234078;91515;41.8;16.3
72;2021-06-04;3890;2750;237968;94265;42.5;16.8
72;2021-06-05;1440;2568;239408;96833;42.7;17.3
72;2021-06-06;908;1541;240316;98374;42.9;17.6
72;2021-06-07;1746;3424;242062;101798;43.2;18.2
72;2021-06-08;2931;3832;244993;105630;43.7;18.9
72;2021-06-09;2648;3370;247641;109000;44.2;19.5
72;2021-06-10;2825;3316;250466;112316;44.7;20.0
72;2021-06-11;2840;3774;253306;116090;45.2;20.7
72;2021-06-12;1242;2601;254548;118691;45.4;21.2
72;2021-06-13;388;1860;254936;120551;45.5;21.5
72;2021-06-14;1336;4128;256272;124679;45.7;22.3
72;2021-06-15;2755;3513;259027;128192;46.2;22.9
72;2021-06-16;2428;3579;261455;131771;46.7;23.5
72;2021-06-17;2320;3874;263775;135645;47.1;24.2
72;2021-06-18;2309;4314;266084;139959;47.5;25.0
72;2021-06-19;1128;2764;267212;142723;47.7;25.5
72;2021-06-20;339;2057;267551;144780;47.8;25.8
72;2021-06-21;1563;4029;269114;148809;48.0;26.6
72;2021-06-22;1712;4992;270826;153801;48.3;27.5
72;2021-06-23;2006;4221;272832;158022;48.7;28.2
72;2021-06-24;2233;4012;275065;162034;49.1;28.9
72;2021-06-25;1774;4839;276839;166873;49.4;29.8
72;2021-06-26;1190;2877;278029;169750;49.6;30.3
72;2021-06-27;392;2111;278421;171861;49.7;30.7
72;2021-06-28;1440;4294;279861;176155;50.0;31.4
72;2021-06-29;1770;4742;281631;180897;50.3;32.3
72;2021-06-30;1980;4169;283611;185066;50.6;33.0
72;2021-07-01;1951;4415;285562;189481;51.0;33.8
72;2021-07-02;1853;4716;287415;194197;51.3;34.7
72;2021-07-03;1294;3123;288709;197320;51.5;35.2
72;2021-07-04;584;1949;289293;199269;51.6;35.6
72;2021-07-05;1195;4165;290488;203434;51.9;36.3
72;2021-07-06;1462;5156;291950;208590;52.1;37.2
72;2021-07-07;1582;4611;293532;213201;52.4;38.1
72;2021-07-08;1648;4326;295180;217527;52.7;38.8
72;2021-07-09;2107;4604;297287;222131;53.1;39.7
72;2021-07-10;1595;2690;298882;224821;53.4;40.1
72;2021-07-11;948;1587;299830;226408;53.5;40.4
72;2021-07-12;1592;3753;301422;230161;53.8;41.1
72;2021-07-13;2089;4774;303511;234935;54.2;41.9
72;2021-07-14;1327;2365;304838;237300;54.4;42.4
72;2021-07-15;3488;3424;308326;240724;55.0;43.0
72;2021-07-16;3175;4125;311501;244849;55.6;43.7
72;2021-07-17;2646;1759;314147;246608;56.1;44.0
72;2021-07-18;1710;823;315857;247431;56.4;44.2
72;2021-07-19;2919;3507;318776;250938;56.9;44.8
72;2021-07-20;3038;4281;321814;255219;57.4;45.6
72;2021-07-21;2883;3586;324697;258805;58.0;46.2
72;2021-07-22;3772;2917;328469;261722;58.6;46.7
72;2021-07-23;3478;3789;331947;265511;59.3;47.4
72;2021-07-24;2820;1461;334767;266972;59.8;47.7
72;2021-07-25;1456;1080;336223;268052;60.0;47.8
72;2021-07-26;2725;2917;338948;270969;60.5;48.4
72;2021-07-27;3859;3816;342807;274785;61.2;49.0
72;2021-07-28;3571;3120;346378;277905;61.8;49.6
72;2021-07-29;3568;2711;349946;280616;62.5;50.1
72;2021-07-30;3785;3382;353731;283998;63.1;50.7
72;2021-07-31;2549;1747;356280;285745;63.6;51.0
72;2021-08-01;1836;432;358116;286177;63.9;51.1
72;2021-08-02;3213;2285;361329;288462;64.5;51.5
72;2021-08-03;3237;3298;364566;291760;65.1;52.1
72;2021-08-04;3767;2551;368333;294311;65.7;52.5
72;2021-08-05;3767;2459;372100;296770;66.4;53.0
72;2021-08-06;3337;2693;375437;299463;67.0;53.5
72;2021-08-07;2347;1611;377784;301074;67.4;53.7
72;2021-08-08;1620;696;379404;301770;67.7;53.9
72;2021-08-09;2696;2666;382100;304436;68.2;54.3
72;2021-08-10;2914;2749;385014;307185;68.7;54.8
72;2021-08-11;2365;2203;387379;309388;69.1;55.2
72;2021-08-12;2376;2598;389755;311986;69.6;55.7
72;2021-08-13;2153;2294;391908;314280;70.0;56.1
72;2021-08-14;1164;1548;393072;315828;70.2;56.4
72;2021-08-15;622;613;393694;316441;70.3;56.5
72;2021-08-16;1653;2376;395347;318817;70.6;56.9
72;2021-08-17;1711;2891;397058;321708;70.9;57.4
72;2021-08-18;1705;2874;398763;324582;71.2;57.9
72;2021-08-19;1246;2916;400009;327498;71.4;58.5
72;2021-08-20;1650;3170;401659;330668;71.7;59.0
72;2021-08-21;697;2030;402356;332698;71.8;59.4
72;2021-08-22;256;1150;402612;333848;71.9;59.6
72;2021-08-23;1733;3421;404345;337269;72.2;60.2
72;2021-08-24;1523;4126;405868;341395;72.4;60.9
72;2021-08-25;1593;3447;407461;344842;72.7;61.6
72;2021-08-26;1265;4443;408726;349285;73.0;62.3
72;2021-08-27;1185;4108;409911;353393;73.2;63.1
72;2021-08-28;877;2654;410788;356047;73.3;63.6
72;2021-08-29;356;1683;411144;357730;73.4;63.9
72;2021-08-30;1131;3465;412275;361195;73.6;64.5
72;2021-08-31;1216;4010;413491;365205;73.8;65.2
72;2021-09-01;1066;3307;414557;368512;74.0;65.8
72;2021-09-02;900;3457;415457;371969;74.2;66.4
72;2021-09-03;925;3298;416382;375267;74.3;67.0
72;2021-09-04;701;2658;417083;377925;74.4;67.5
72;2021-09-05;256;1553;417339;379478;74.5;67.7
72;2021-09-06;585;2811;417924;382289;74.6;68.2
72;2021-09-07;493;2910;418417;385199;74.7;68.8
73;2020-12-27;0;0;0;0;0.0;0.0
73;2020-12-28;1;0;1;0;0.0;0.0
73;2020-12-29;0;0;1;0;0.0;0.0
73;2020-12-30;0;0;1;0;0.0;0.0
73;2020-12-31;0;0;1;0;0.0;0.0
73;2021-01-01;0;0;1;0;0.0;0.0
73;2021-01-02;0;0;1;0;0.0;0.0
73;2021-01-03;0;0;1;0;0.0;0.0
73;2021-01-04;1;0;2;0;0.0;0.0
73;2021-01-05;0;0;2;0;0.0;0.0
73;2021-01-06;1;0;3;0;0.0;0.0
73;2021-01-07;30;0;33;0;0.0;0.0
73;2021-01-08;81;0;114;0;0.0;0.0
73;2021-01-09;0;0;114;0;0.0;0.0
73;2021-01-10;0;0;114;0;0.0;0.0
73;2021-01-11;100;0;214;0;0.0;0.0
73;2021-01-12;303;1;517;1;0.1;0.0
73;2021-01-13;360;1;877;2;0.2;0.0
73;2021-01-14;515;2;1392;4;0.3;0.0
73;2021-01-15;617;1;2009;5;0.5;0.0
73;2021-01-16;128;0;2137;5;0.5;0.0
73;2021-01-17;0;0;2137;5;0.5;0.0
73;2021-01-18;624;0;2761;5;0.6;0.0
73;2021-01-19;1241;2;4002;7;0.9;0.0
73;2021-01-20;951;2;4953;9;1.1;0.0
73;2021-01-21;984;4;5937;13;1.4;0.0
73;2021-01-22;947;0;6884;13;1.6;0.0
73;2021-01-23;387;0;7271;13;1.7;0.0
73;2021-01-24;0;0;7271;13;1.7;0.0
73;2021-01-25;656;6;7927;19;1.8;0.0
73;2021-01-26;761;2;8688;21;2.0;0.0
73;2021-01-27;1106;5;9794;26;2.3;0.0
73;2021-01-28;961;5;10755;31;2.5;0.0
73;2021-01-29;683;5;11438;36;2.6;0.0
73;2021-01-30;345;3;11783;39;2.7;0.0
73;2021-01-31;0;0;11783;39;2.7;0.0
73;2021-02-01;607;38;12390;77;2.9;0.0
73;2021-02-02;753;331;13143;408;3.0;0.1
73;2021-02-03;650;345;13793;753;3.2;0.2
73;2021-02-04;626;230;14419;983;3.3;0.2
73;2021-02-05;680;403;15099;1386;3.5;0.3
73;2021-02-06;262;38;15361;1424;3.6;0.3
73;2021-02-07;1;0;15362;1424;3.6;0.3
73;2021-02-08;523;248;15885;1672;3.7;0.4
73;2021-02-09;793;423;16678;2095;3.9;0.5
73;2021-02-10;900;383;17578;2478;4.1;0.6
73;2021-02-11;962;693;18540;3171;4.3;0.7
73;2021-02-12;810;484;19350;3655;4.5;0.8
73;2021-02-13;263;53;19613;3708;4.5;0.9
73;2021-02-14;1;0;19614;3708;4.5;0.9
73;2021-02-15;347;448;19961;4156;4.6;1.0
73;2021-02-16;454;675;20415;4831;4.7;1.1
73;2021-02-17;451;893;20866;5724;4.8;1.3
73;2021-02-18;468;489;21334;6213;4.9;1.4
73;2021-02-19;445;575;21779;6788;5.0;1.6
73;2021-02-20;69;215;21848;7003;5.1;1.6
73;2021-02-21;0;0;21848;7003;5.1;1.6
73;2021-02-22;240;401;22088;7404;5.1;1.7
73;2021-02-23;327;477;22415;7881;5.2;1.8
73;2021-02-24;487;666;22902;8547;5.3;2.0
73;2021-02-25;503;475;23405;9022;5.4;2.1
73;2021-02-26;730;535;24135;9557;5.6;2.2
73;2021-02-27;330;218;24465;9775;5.7;2.3
73;2021-02-28;1;1;24466;9776;5.7;2.3
73;2021-03-01;557;478;25023;10254;5.8;2.4
73;2021-03-02;667;840;25690;11094;5.9;2.6
73;2021-03-03;642;1121;26332;12215;6.1;2.8
73;2021-03-04;1039;862;27371;13077;6.3;3.0
73;2021-03-05;1240;583;28611;13660;6.6;3.2
73;2021-03-06;1091;322;29702;13982;6.9;3.2
73;2021-03-07;455;90;30157;14072;7.0;3.3
73;2021-03-08;606;422;30763;14494;7.1;3.4
73;2021-03-09;983;519;31746;15013;7.3;3.5
73;2021-03-10;1035;835;32781;15848;7.6;3.7
73;2021-03-11;1557;643;34338;16491;7.9;3.8
73;2021-03-12;2018;531;36356;17022;8.4;3.9
73;2021-03-13;1179;204;37535;17226;8.7;4.0
73;2021-03-14;66;3;37601;17229;8.7;4.0
73;2021-03-15;1185;395;38786;17624;9.0;4.1
73;2021-03-16;796;397;39582;18021;9.2;4.2
73;2021-03-17;877;476;40459;18497;9.4;4.3
73;2021-03-18;1351;257;41810;18754;9.7;4.3
73;2021-03-19;1765;393;43575;19147;10.1;4.4
73;2021-03-20;886;127;44461;19274;10.3;4.5
73;2021-03-21;123;2;44584;19276;10.3;4.5
73;2021-03-22;1183;397;45767;19673;10.6;4.5
73;2021-03-23;1447;238;47214;19911;10.9;4.6
73;2021-03-24;1593;344;48807;20255;11.3;4.7
73;2021-03-25;2063;386;50870;20641;11.8;4.8
73;2021-03-26;2472;365;53342;21006;12.3;4.9
73;2021-03-27;885;146;54227;21152;12.5;4.9
73;2021-03-28;312;14;54539;21166;12.6;4.9
73;2021-03-29;1508;238;56047;21404;13.0;4.9
73;2021-03-30;2088;485;58135;21889;13.4;5.1
73;2021-03-31;2089;401;60224;22290;13.9;5.2
73;2021-04-01;2086;334;62310;22624;14.4;5.2
73;2021-04-02;2363;226;64673;22850;15.0;5.3
73;2021-04-03;848;147;65521;22997;15.1;5.3
73;2021-04-04;188;17;65709;23014;15.2;5.3
73;2021-04-05;212;26;65921;23040;15.2;5.3
73;2021-04-06;1508;508;67429;23548;15.6;5.4
73;2021-04-07;1946;651;69375;24199;16.0;5.6
73;2021-04-08;2491;820;71866;25019;16.6;5.8
73;2021-04-09;3062;522;74928;25541;17.3;5.9
73;2021-04-10;1135;320;76063;25861;17.6;6.0
73;2021-04-11;163;10;76226;25871;17.6;6.0
73;2021-04-12;1694;981;77920;26852;18.0;6.2
73;2021-04-13;1892;1129;79812;27981;18.5;6.5
73;2021-04-14;2018;1092;81830;29073;18.9;6.7
73;2021-04-15;2416;1188;84246;30261;19.5;7.0
73;2021-04-16;1894;933;86140;31194;19.9;7.2
73;2021-04-17;1176;561;87316;31755;20.2;7.3
73;2021-04-18;155;76;87471;31831;20.2;7.4
73;2021-04-19;1382;1060;88853;32891;20.5;7.6
73;2021-04-20;1790;1321;90643;34212;21.0;7.9
73;2021-04-21;1576;1301;92219;35513;21.3;8.2
73;2021-04-22;1813;1226;94032;36739;21.7;8.5
73;2021-04-23;1896;1253;95928;37992;22.2;8.8
73;2021-04-24;980;673;96908;38665;22.4;8.9
73;2021-04-25;79;96;96987;38761;22.4;9.0
73;2021-04-26;1164;1319;98151;40080;22.7;9.3
73;2021-04-27;1441;1470;99592;41550;23.0;9.6
73;2021-04-28;1732;1460;101324;43010;23.4;9.9
73;2021-04-29;2413;1564;103737;44574;24.0;10.3
73;2021-04-30;2397;1441;106134;46015;24.5;10.6
73;2021-05-01;1068;309;107202;46324;24.8;10.7
73;2021-05-02;34;165;107236;46489;24.8;10.7
73;2021-05-03;1392;1594;108628;48083;25.1;11.1
73;2021-05-04;1712;1827;110340;49910;25.5;11.5
73;2021-05-05;1976;1687;112316;51597;26.0;11.9
73;2021-05-06;2431;1697;114747;53294;26.5;12.3
73;2021-05-07;2261;1843;117008;55137;27.1;12.7
73;2021-05-08;1836;377;118844;55514;27.5;12.8
73;2021-05-09;127;125;118971;55639;27.5;12.9
73;2021-05-10;1608;1891;120579;57530;27.9;13.3
73;2021-05-11;2379;2368;122958;59898;28.4;13.8
73;2021-05-12;3555;2094;126513;61992;29.2;14.3
73;2021-05-13;1554;276;128067;62268;29.6;14.4
73;2021-05-14;1588;1494;129655;63762;30.0;14.7
73;2021-05-15;1448;943;131103;64705;30.3;15.0
73;2021-05-16;131;62;131234;64767;30.3;15.0
73;2021-05-17;1711;1952;132945;66719;30.7;15.4
73;2021-05-18;2495;1735;135440;68454;31.3;15.8
73;2021-05-19;2539;1624;137979;70078;31.9;16.2
73;2021-05-20;3161;1502;141140;71580;32.6;16.5
73;2021-05-21;2473;1849;143613;73429;33.2;17.0
73;2021-05-22;1989;922;145602;74351;33.7;17.2
73;2021-05-23;212;15;145814;74366;33.7;17.2
73;2021-05-24;2565;326;148379;74692;34.3;17.3
73;2021-05-25;2139;1742;150518;76434;34.8;17.7
73;2021-05-26;2343;2000;152861;78434;35.3;18.1
73;2021-05-27;3082;1714;155943;80148;36.1;18.5
73;2021-05-28;2919;2372;158862;82520;36.7;19.1
73;2021-05-29;2316;1321;161178;83841;37.3;19.4
73;2021-05-30;187;14;161365;83855;37.3;19.4
73;2021-05-31;2410;1630;163775;85485;37.9;19.8
73;2021-06-01;3178;1790;166953;87275;38.6;20.2
73;2021-06-02;3106;1453;170059;88728;39.3;20.5
73;2021-06-03;4424;1741;174483;90469;40.3;20.9
73;2021-06-04;4277;2183;178760;92652;41.3;21.4
73;2021-06-05;3159;1280;181919;93932;42.1;21.7
73;2021-06-06;1881;298;183800;94230;42.5;21.8
73;2021-06-07;2760;2147;186560;96377;43.1;22.3
73;2021-06-08;2685;1873;189245;98250;43.8;22.7
73;2021-06-09;2366;1790;191611;100040;44.3;23.1
73;2021-06-10;2006;1643;193617;101683;44.8;23.5
73;2021-06-11;2191;2441;195808;104124;45.3;24.1
73;2021-06-12;2246;1333;198054;105457;45.8;24.4
73;2021-06-13;44;82;198098;105539;45.8;24.4
73;2021-06-14;1347;2930;199445;108469;46.1;25.1
73;2021-06-15;1592;2755;201037;111224;46.5;25.7
73;2021-06-16;1467;2565;202504;113789;46.8;26.3
73;2021-06-17;946;1728;203450;115517;47.0;26.7
73;2021-06-18;1884;2932;205334;118449;47.5;27.4
73;2021-06-19;1422;1986;206756;120435;47.8;27.8
73;2021-06-20;448;306;207204;120741;47.9;27.9
73;2021-06-21;1110;2938;208314;123679;48.2;28.6
73;2021-06-22;1093;2871;209407;126550;48.4;29.3
73;2021-06-23;1085;3136;210492;129686;48.7;30.0
73;2021-06-24;883;1795;211375;131481;48.9;30.4
73;2021-06-25;1325;2798;212700;134279;49.2;31.0
73;2021-06-26;967;2396;213667;136675;49.4;31.6
73;2021-06-27;328;549;213995;137224;49.5;31.7
73;2021-06-28;971;3556;214966;140780;49.7;32.5
73;2021-06-29;1075;3341;216041;144121;49.9;33.3
73;2021-06-30;1240;3118;217281;147239;50.2;34.0
73;2021-07-01;1137;2362;218418;149601;50.5;34.6
73;2021-07-02;1206;3618;219624;153219;50.8;35.4
73;2021-07-03;961;2794;220585;156013;51.0;36.1
73;2021-07-04;301;619;220886;156632;51.1;36.2
73;2021-07-05;1156;3683;222042;160315;51.3;37.1
73;2021-07-06;1251;2950;223293;163265;51.6;37.7
73;2021-07-07;1444;2949;224737;166214;52.0;38.4
73;2021-07-08;1370;2299;226107;168513;52.3;39.0
73;2021-07-09;1430;4026;227537;172539;52.6;39.9
73;2021-07-10;890;3012;228427;175551;52.8;40.6
73;2021-07-11;561;1469;228988;177020;52.9;40.9
73;2021-07-12;1060;4196;230048;181216;53.2;41.9
73;2021-07-13;1729;4226;231777;185442;53.6;42.9
73;2021-07-14;1844;1919;233621;187361;54.0;43.3
73;2021-07-15;2747;3794;236368;191155;54.6;44.2
73;2021-07-16;2416;4016;238784;195171;55.2;45.1
73;2021-07-17;1515;2606;240299;197777;55.6;45.7
73;2021-07-18;1176;1217;241475;198994;55.8;46.0
73;2021-07-19;2451;3249;243926;202243;56.4;46.8
73;2021-07-20;3368;2856;247294;205099;57.2;47.4
73;2021-07-21;3382;2790;250676;207889;58.0;48.1
73;2021-07-22;2733;2212;253409;210101;58.6;48.6
73;2021-07-23;3416;2902;256825;213003;59.4;49.2
73;2021-07-24;2059;2280;258884;215283;59.9;49.8
73;2021-07-25;624;796;259508;216079;60.0;50.0
73;2021-07-26;2634;2494;262142;218573;60.6;50.5
73;2021-07-27;3815;2274;265957;220847;61.5;51.1
73;2021-07-28;3535;2094;269492;222941;62.3;51.5
73;2021-07-29;3981;2153;273473;225094;63.2;52.0
73;2021-07-30;3564;2474;277037;227568;64.0;52.6
73;2021-07-31;2477;1591;279514;229159;64.6;53.0
73;2021-08-01;833;620;280347;229779;64.8;53.1
73;2021-08-02;3089;2102;283436;231881;65.5;53.6
73;2021-08-03;3490;2000;286926;233881;66.3;54.1
73;2021-08-04;3298;2023;290224;235904;67.1;54.5
73;2021-08-05;2870;2231;293094;238135;67.8;55.1
73;2021-08-06;2508;2381;295602;240516;68.3;55.6
73;2021-08-07;1402;1480;297004;241996;68.7;55.9
73;2021-08-08;429;619;297433;242615;68.8;56.1
73;2021-08-09;1778;2391;299211;245006;69.2;56.6
73;2021-08-10;1875;2493;301086;247499;69.6;57.2
73;2021-08-11;1800;2535;302886;250034;70.0;57.8
73;2021-08-12;1672;2501;304558;252535;70.4;58.4
73;2021-08-13;1454;2841;306012;255376;70.7;59.0
73;2021-08-14;984;1534;306996;256910;71.0;59.4
73;2021-08-15;92;160;307088;257070;71.0;59.4
73;2021-08-16;943;1393;308031;258463;71.2;59.8
73;2021-08-17;956;1961;308987;260424;71.4;60.2
73;2021-08-18;937;2838;309924;263262;71.7;60.9
73;2021-08-19;954;3051;310878;266313;71.9;61.6
73;2021-08-20;785;3143;311663;269456;72.1;62.3
73;2021-08-21;412;1835;312075;271291;72.1;62.7
73;2021-08-22;268;935;312343;272226;72.2;62.9
73;2021-08-23;650;2967;312993;275193;72.4;63.6
73;2021-08-24;891;3157;313884;278350;72.6;64.4
73;2021-08-25;709;2904;314593;281254;72.7;65.0
73;2021-08-26;683;2423;315276;283677;72.9;65.6
73;2021-08-27;787;2748;316063;286425;73.1;66.2
73;2021-08-28;456;1745;316519;288170;73.2;66.6
73;2021-08-29;300;1013;316819;289183;73.2;66.9
73;2021-08-30;816;2585;317635;291768;73.4;67.5
73;2021-08-31;809;2387;318444;294155;73.6;68.0
73;2021-09-01;737;2246;319181;296401;73.8;68.5
73;2021-09-02;615;2008;319796;298409;73.9;69.0
73;2021-09-03;691;2205;320487;300614;74.1;69.5
73;2021-09-04;527;1461;321014;302075;74.2;69.8
73;2021-09-05;226;751;321240;302826;74.3;70.0
73;2021-09-06;345;1287;321585;304113;74.3;70.3
73;2021-09-07;408;1086;321993;305199;74.4;70.6
74;2020-12-27;8;0;8;0;0.0;0.0
74;2020-12-28;3;0;11;0;0.0;0.0
74;2020-12-29;0;0;11;0;0.0;0.0
74;2020-12-30;2;0;13;0;0.0;0.0
74;2020-12-31;0;0;13;0;0.0;0.0
74;2021-01-01;0;0;13;0;0.0;0.0
74;2021-01-02;1;1;14;1;0.0;0.0
74;2021-01-03;0;0;14;1;0.0;0.0
74;2021-01-04;2;0;16;1;0.0;0.0
74;2021-01-05;2;0;18;1;0.0;0.0
74;2021-01-06;44;0;62;1;0.0;0.0
74;2021-01-07;219;1;281;2;0.0;0.0
74;2021-01-08;292;2;573;4;0.1;0.0
74;2021-01-09;78;0;651;4;0.1;0.0
74;2021-01-10;74;0;725;4;0.1;0.0
74;2021-01-11;375;0;1100;4;0.1;0.0
74;2021-01-12;405;3;1505;7;0.2;0.0
74;2021-01-13;396;0;1901;7;0.2;0.0
74;2021-01-14;478;1;2379;8;0.3;0.0
74;2021-01-15;645;4;3024;12;0.4;0.0
74;2021-01-16;252;1;3276;13;0.4;0.0
74;2021-01-17;132;1;3408;14;0.4;0.0
74;2021-01-18;524;0;3932;14;0.5;0.0
74;2021-01-19;808;2;4740;16;0.6;0.0
74;2021-01-20;1277;4;6017;20;0.7;0.0
74;2021-01-21;1567;2;7584;22;0.9;0.0
74;2021-01-22;1243;6;8827;28;1.1;0.0
74;2021-01-23;344;1;9171;29;1.1;0.0
74;2021-01-24;91;0;9262;29;1.1;0.0
74;2021-01-25;801;2;10063;31;1.2;0.0
74;2021-01-26;1364;14;11427;45;1.4;0.0
74;2021-01-27;1081;11;12508;56;1.5;0.0
74;2021-01-28;998;29;13506;85;1.6;0.0
74;2021-01-29;878;38;14384;123;1.7;0.0
74;2021-01-30;305;1;14689;124;1.8;0.0
74;2021-01-31;84;1;14773;125;1.8;0.0
74;2021-02-01;631;44;15404;169;1.9;0.0
74;2021-02-02;645;152;16049;321;1.9;0.0
74;2021-02-03;604;116;16653;437;2.0;0.1
74;2021-02-04;613;128;17266;565;2.1;0.1
74;2021-02-05;549;200;17815;765;2.2;0.1
74;2021-02-06;273;122;18088;887;2.2;0.1
74;2021-02-07;94;108;18182;995;2.2;0.1
74;2021-02-08;619;323;18801;1318;2.3;0.2
74;2021-02-09;537;477;19338;1795;2.3;0.2
74;2021-02-10;688;493;20026;2288;2.4;0.3
74;2021-02-11;1070;977;21096;3265;2.5;0.4
74;2021-02-12;911;586;22007;3851;2.7;0.5
74;2021-02-13;405;223;22412;4074;2.7;0.5
74;2021-02-14;317;107;22729;4181;2.7;0.5
74;2021-02-15;278;728;23007;4909;2.8;0.6
74;2021-02-16;488;955;23495;5864;2.8;0.7
74;2021-02-17;531;1006;24026;6870;2.9;0.8
74;2021-02-18;470;915;24496;7785;3.0;0.9
74;2021-02-19;617;613;25113;8398;3.0;1.0
74;2021-02-20;114;163;25227;8561;3.0;1.0
74;2021-02-21;47;55;25274;8616;3.1;1.0
74;2021-02-22;319;676;25593;9292;3.1;1.1
74;2021-02-23;305;746;25898;10038;3.1;1.2
74;2021-02-24;241;611;26139;10649;3.2;1.3
74;2021-02-25;523;681;26662;11330;3.2;1.4
74;2021-02-26;973;632;27635;11962;3.3;1.4
74;2021-02-27;254;161;27889;12123;3.4;1.5
74;2021-02-28;125;67;28014;12190;3.4;1.5
74;2021-03-01;721;588;28735;12778;3.5;1.5
74;2021-03-02;1092;642;29827;13420;3.6;1.6
74;2021-03-03;1019;598;30846;14018;3.7;1.7
74;2021-03-04;1611;968;32457;14986;3.9;1.8
74;2021-03-05;2089;862;34546;15848;4.2;1.9
74;2021-03-06;1760;316;36306;16164;4.4;2.0
74;2021-03-07;1387;105;37693;16269;4.6;2.0
74;2021-03-08;1197;941;38890;17210;4.7;2.1
74;2021-03-09;1953;662;40843;17872;4.9;2.2
74;2021-03-10;1747;869;42590;18741;5.1;2.3
74;2021-03-11;2446;720;45036;19461;5.4;2.3
74;2021-03-12;3243;1019;48279;20480;5.8;2.5
74;2021-03-13;2000;278;50279;20758;6.1;2.5
74;2021-03-14;608;101;50887;20859;6.1;2.5
74;2021-03-15;2129;555;53016;21414;6.4;2.6
74;2021-03-16;1959;407;54975;21821;6.6;2.6
74;2021-03-17;1973;318;56948;22139;6.9;2.7
74;2021-03-18;2136;284;59084;22423;7.1;2.7
74;2021-03-19;2634;296;61718;22719;7.5;2.7
74;2021-03-20;1374;103;63092;22822;7.6;2.8
74;2021-03-21;290;33;63382;22855;7.7;2.8
74;2021-03-22;2054;324;65436;23179;7.9;2.8
74;2021-03-23;2722;337;68158;23516;8.2;2.8
74;2021-03-24;2945;306;71103;23822;8.6;2.9
74;2021-03-25;3873;306;74976;24128;9.1;2.9
74;2021-03-26;4096;386;79072;24514;9.5;3.0
74;2021-03-27;1941;263;81013;24777;9.8;3.0
74;2021-03-28;437;78;81450;24855;9.8;3.0
74;2021-03-29;3034;712;84484;25567;10.2;3.1
74;2021-03-30;3543;773;88027;26340;10.6;3.2
74;2021-03-31;3144;736;91171;27076;11.0;3.3
74;2021-04-01;4236;898;95407;27974;11.5;3.4
74;2021-04-02;3708;792;99115;28766;12.0;3.5
74;2021-04-03;1699;542;100814;29308;12.2;3.5
74;2021-04-04;236;122;101050;29430;12.2;3.6
74;2021-04-05;432;16;101482;29446;12.3;3.6
74;2021-04-06;2625;1212;104107;30658;12.6;3.7
74;2021-04-07;3194;1253;107301;31911;13.0;3.9
74;2021-04-08;3865;1189;111166;33100;13.4;4.0
74;2021-04-09;4110;1179;115276;34279;13.9;4.1
74;2021-04-10;1945;1036;117221;35315;14.2;4.3
74;2021-04-11;254;184;117475;35499;14.2;4.3
74;2021-04-12;2723;1779;120198;37278;14.5;4.5
74;2021-04-13;3126;2102;123324;39380;14.9;4.8
74;2021-04-14;2903;1977;126227;41357;15.2;5.0
74;2021-04-15;3458;1914;129685;43271;15.7;5.2
74;2021-04-16;3386;1787;133071;45058;16.1;5.4
74;2021-04-17;1935;1038;135006;46096;16.3;5.6
74;2021-04-18;218;211;135224;46307;16.3;5.6
74;2021-04-19;2100;2101;137324;48408;16.6;5.8
74;2021-04-20;3071;2424;140395;50832;16.9;6.1
74;2021-04-21;2463;2378;142858;53210;17.2;6.4
74;2021-04-22;2629;2335;145487;55545;17.6;6.7
74;2021-04-23;2570;2253;148057;57798;17.9;7.0
74;2021-04-24;1484;1542;149541;59340;18.1;7.2
74;2021-04-25;227;149;149768;59489;18.1;7.2
74;2021-04-26;2397;2464;152165;61953;18.4;7.5
74;2021-04-27;3274;2913;155439;64866;18.8;7.8
74;2021-04-28;3463;2638;158902;67504;19.2;8.1
74;2021-04-29;3910;2699;162812;70203;19.7;8.5
74;2021-04-30;4076;2225;166888;72428;20.1;8.7
74;2021-05-01;2122;392;169010;72820;20.4;8.8
74;2021-05-02;205;236;169215;73056;20.4;8.8
74;2021-05-03;2593;3019;171808;76075;20.7;9.2
74;2021-05-04;3218;3114;175026;79189;21.1;9.6
74;2021-05-05;3392;3018;178418;82207;21.5;9.9
74;2021-05-06;3858;2633;182276;84840;22.0;10.2
74;2021-05-07;3595;3551;185871;88391;22.4;10.7
74;2021-05-08;1147;826;187018;89217;22.6;10.8
74;2021-05-09;194;248;187212;89465;22.6;10.8
74;2021-05-10;3468;3147;190680;92612;23.0;11.2
74;2021-05-11;4318;3426;194998;96038;23.5;11.6
74;2021-05-12;5305;2966;200303;99004;24.2;12.0
74;2021-05-13;2362;950;202665;99954;24.5;12.1
74;2021-05-14;5954;2405;208619;102359;25.2;12.4
74;2021-05-15;4517;1853;213136;104212;25.7;12.6
74;2021-05-16;3011;336;216147;104548;26.1;12.6
74;2021-05-17;5398;2891;221545;107439;26.7;13.0
74;2021-05-18;6789;2813;228334;110252;27.6;13.3
74;2021-05-19;6234;2300;234568;112552;28.3;13.6
74;2021-05-20;6646;2558;241214;115110;29.1;13.9
74;2021-05-21;6526;2994;247740;118104;29.9;14.3
74;2021-05-22;5294;1570;253034;119674;30.5;14.4
74;2021-05-23;2052;282;255086;119956;30.8;14.5
74;2021-05-24;2363;661;257449;120617;31.1;14.6
74;2021-05-25;5071;3333;262520;123950;31.7;15.0
74;2021-05-26;5256;2566;267776;126516;32.3;15.3
74;2021-05-27;6004;2981;273780;129497;33.0;15.6
74;2021-05-28;5657;3586;279437;133083;33.7;16.1
74;2021-05-29;3798;2156;283235;135239;34.2;16.3
74;2021-05-30;488;309;283723;135548;34.2;16.4
74;2021-05-31;5071;3551;288794;139099;34.9;16.8
74;2021-06-01;4937;3729;293731;142828;35.5;17.2
74;2021-06-02;5271;3209;299002;146037;36.1;17.6
74;2021-06-03;6897;3251;305899;149288;36.9;18.0
74;2021-06-04;6912;4434;312811;153722;37.8;18.6
74;2021-06-05;4611;2707;317422;156429;38.3;18.9
74;2021-06-06;124;112;317546;156541;38.3;18.9
74;2021-06-07;5031;4146;322577;160687;38.9;19.4
74;2021-06-08;5027;3946;327604;164633;39.5;19.9
74;2021-06-09;5082;3483;332686;168116;40.2;20.3
74;2021-06-10;5125;2876;337811;170992;40.8;20.6
74;2021-06-11;5214;3812;343025;174804;41.4;21.1
74;2021-06-12;3573;2385;346598;177189;41.8;21.4
74;2021-06-13;120;89;346718;177278;41.9;21.4
74;2021-06-14;3599;4482;350317;181760;42.3;21.9
74;2021-06-15;3671;3894;353988;185654;42.7;22.4
74;2021-06-16;4829;3124;358817;188778;43.3;22.8
74;2021-06-17;3821;2954;362638;191732;43.8;23.1
74;2021-06-18;4116;4666;366754;196398;44.3;23.7
74;2021-06-19;2997;3101;369751;199499;44.6;24.1
74;2021-06-20;125;97;369876;199596;44.6;24.1
74;2021-06-21;2387;5423;372263;205019;44.9;24.7
74;2021-06-22;2493;5315;374756;210334;45.2;25.4
74;2021-06-23;2978;4620;377734;214954;45.6;25.9
74;2021-06-24;2866;4626;380600;219580;45.9;26.5
74;2021-06-25;2931;6769;383531;226349;46.3;27.3
74;2021-06-26;1709;5401;385240;231750;46.5;28.0
74;2021-06-27;66;1664;385306;233414;46.5;28.2
74;2021-06-28;1917;7222;387223;240636;46.7;29.0
74;2021-06-29;2302;7428;389525;248064;47.0;29.9
74;2021-06-30;2747;6545;392272;254609;47.4;30.7
74;2021-07-01;3442;5424;395714;260033;47.8;31.4
74;2021-07-02;3121;6640;398835;266673;48.1;32.2
74;2021-07-03;1699;5085;400534;271758;48.4;32.8
74;2021-07-04;82;1022;400616;272780;48.4;32.9
74;2021-07-05;2079;6836;402695;279616;48.6;33.8
74;2021-07-06;2804;6493;405499;286109;48.9;34.5
74;2021-07-07;3097;5449;408596;291558;49.3;35.2
74;2021-07-08;3860;4919;412456;296477;49.8;35.8
74;2021-07-09;2674;6980;415130;303457;50.1;36.6
74;2021-07-10;1626;5131;416756;308588;50.3;37.3
74;2021-07-11;76;142;416832;308730;50.3;37.3
74;2021-07-12;2095;7898;418927;316628;50.6;38.2
74;2021-07-13;3967;7589;422894;324217;51.0;39.1
74;2021-07-14;1968;2239;424862;326456;51.3;39.4
74;2021-07-15;3591;6869;428453;333325;51.7;40.2
74;2021-07-16;4244;7742;432697;341067;52.2;41.2
74;2021-07-17;3005;5329;435702;346396;52.6;41.8
74;2021-07-18;155;155;435857;346551;52.6;41.8
74;2021-07-19;4293;7354;440150;353905;53.1;42.7
74;2021-07-20;5872;6468;446022;360373;53.8;43.5
74;2021-07-21;5630;6672;451652;367045;54.5;44.3
74;2021-07-22;4778;5325;456430;372370;55.1;45.0
74;2021-07-23;6224;6993;462654;379363;55.8;45.8
74;2021-07-24;3156;4313;465810;383676;56.2;46.3
74;2021-07-25;181;171;465991;383847;56.3;46.3
74;2021-07-26;5622;6133;471613;389980;56.9;47.1
74;2021-07-27;6858;5175;478471;395155;57.8;47.7
74;2021-07-28;6666;5104;485137;400259;58.6;48.3
74;2021-07-29;5274;3929;490411;404188;59.2;48.8
74;2021-07-30;6702;5500;497113;409688;60.0;49.5
74;2021-07-31;4378;3123;501491;412811;60.5;49.8
74;2021-08-01;182;148;501673;412959;60.6;49.8
74;2021-08-02;6079;4411;507752;417370;61.3;50.4
74;2021-08-03;5964;3857;513716;421227;62.0;50.8
74;2021-08-04;6307;3505;520023;424732;62.8;51.3
74;2021-08-05;4918;3265;524941;427997;63.4;51.7
74;2021-08-06;5045;4180;529986;432177;64.0;52.2
74;2021-08-07;3204;2899;533190;435076;64.4;52.5
74;2021-08-08;154;134;533344;435210;64.4;52.5
74;2021-08-09;4922;4823;538266;440033;65.0;53.1
74;2021-08-10;4928;4680;543194;444713;65.6;53.7
74;2021-08-11;4373;4891;547567;449604;66.1;54.3
74;2021-08-12;3567;3607;551134;453211;66.5;54.7
74;2021-08-13;3745;4619;554879;457830;67.0;55.3
74;2021-08-14;2173;3343;557052;461173;67.2;55.7
74;2021-08-15;59;101;557111;461274;67.3;55.7
74;2021-08-16;3173;5866;560284;467140;67.6;56.4
74;2021-08-17;3011;5487;563295;472627;68.0;57.1
74;2021-08-18;2943;5451;566238;478078;68.4;57.7
74;2021-08-19;2317;3897;568555;481975;68.6;58.2
74;2021-08-20;2505;5688;571060;487663;68.9;58.9
74;2021-08-21;1194;4267;572254;491930;69.1;59.4
74;2021-08-22;56;136;572310;492066;69.1;59.4
74;2021-08-23;1913;6691;574223;498757;69.3;60.2
74;2021-08-24;2078;5937;576301;504694;69.6;60.9
74;2021-08-25;1883;6292;578184;510986;69.8;61.7
74;2021-08-26;1516;3783;579700;514769;70.0;62.1
74;2021-08-27;1809;5503;581509;520272;70.2;62.8
74;2021-08-28;903;4034;582412;524306;70.3;63.3
74;2021-08-29;54;185;582466;524491;70.3;63.3
74;2021-08-30;1698;5484;584164;529975;70.5;64.0
74;2021-08-31;1619;5114;585783;535089;70.7;64.6
74;2021-09-01;1608;4131;587391;539220;70.9;65.1
74;2021-09-02;1196;3022;588587;542242;71.1;65.5
74;2021-09-03;1448;4171;590035;546413;71.2;66.0
74;2021-09-04;1125;2824;591160;549237;71.4;66.3
74;2021-09-05;48;94;591208;549331;71.4;66.3
74;2021-09-06;1193;3363;592401;552694;71.5;66.7
74;2021-09-07;1006;3042;593407;555736;71.6;67.1
75;2020-12-27;61;1;61;1;0.0;0.0
75;2020-12-28;56;0;117;1;0.0;0.0
75;2020-12-29;26;0;143;1;0.0;0.0
75;2020-12-30;80;0;223;1;0.0;0.0
75;2020-12-31;38;0;261;1;0.0;0.0
75;2021-01-01;56;3;317;4;0.0;0.0
75;2021-01-02;63;1;380;5;0.0;0.0
75;2021-01-03;103;1;483;6;0.0;0.0
75;2021-01-04;308;1;791;7;0.0;0.0
75;2021-01-05;876;12;1667;19;0.1;0.0
75;2021-01-06;1367;16;3034;35;0.1;0.0
75;2021-01-07;2064;19;5098;54;0.2;0.0
75;2021-01-08;2875;30;7973;84;0.4;0.0
75;2021-01-09;1098;2;9071;86;0.4;0.0
75;2021-01-10;1098;4;10169;90;0.5;0.0
75;2021-01-11;3102;47;13271;137;0.6;0.0
75;2021-01-12;3486;52;16757;189;0.8;0.0
75;2021-01-13;3563;42;20320;231;0.9;0.0
75;2021-01-14;3756;60;24076;291;1.1;0.0
75;2021-01-15;3325;46;27401;337;1.3;0.0
75;2021-01-16;1141;15;28542;352;1.3;0.0
75;2021-01-17;558;14;29100;366;1.4;0.0
75;2021-01-18;3281;73;32381;439;1.5;0.0
75;2021-01-19;3865;48;36246;487;1.7;0.0
75;2021-01-20;4420;60;40666;547;1.9;0.0
75;2021-01-21;4929;74;45595;621;2.1;0.0
75;2021-01-22;4596;76;50191;697;2.3;0.0
75;2021-01-23;1760;13;51951;710;2.4;0.0
75;2021-01-24;750;7;52701;717;2.5;0.0
75;2021-01-25;1732;26;54433;743;2.5;0.0
75;2021-01-26;2559;85;56992;828;2.7;0.0
75;2021-01-27;3160;161;60152;989;2.8;0.0
75;2021-01-28;4774;251;64926;1240;3.0;0.1
75;2021-01-29;4054;251;68980;1491;3.2;0.1
75;2021-01-30;1355;25;70335;1516;3.3;0.1
75;2021-01-31;222;3;70557;1519;3.3;0.1
75;2021-02-01;1620;353;72177;1872;3.4;0.1
75;2021-02-02;2141;618;74318;2490;3.5;0.1
75;2021-02-03;1883;652;76201;3142;3.5;0.1
75;2021-02-04;2145;1075;78346;4217;3.6;0.2
75;2021-02-05;2220;796;80566;5013;3.8;0.2
75;2021-02-06;1120;76;81686;5089;3.8;0.2
75;2021-02-07;176;6;81862;5095;3.8;0.2
75;2021-02-08;1259;1346;83121;6441;3.9;0.3
75;2021-02-09;1790;2302;84911;8743;4.0;0.4
75;2021-02-10;2423;2301;87334;11044;4.1;0.5
75;2021-02-11;2940;5427;90274;16471;4.2;0.8
75;2021-02-12;3125;2306;93399;18777;4.3;0.9
75;2021-02-13;850;889;94249;19666;4.4;0.9
75;2021-02-14;207;39;94456;19705;4.4;0.9
75;2021-02-15;1005;2095;95461;21800;4.4;1.0
75;2021-02-16;1457;5659;96918;27459;4.5;1.3
75;2021-02-17;1330;2722;98248;30181;4.6;1.4
75;2021-02-18;1762;5076;100010;35257;4.7;1.6
75;2021-02-19;2219;3588;102229;38845;4.8;1.8
75;2021-02-20;477;1423;102706;40268;4.8;1.9
75;2021-02-21;198;137;102904;40405;4.8;1.9
75;2021-02-22;1224;1638;104128;42043;4.8;2.0
75;2021-02-23;1453;2274;105581;44317;4.9;2.1
75;2021-02-24;1689;1981;107270;46298;5.0;2.2
75;2021-02-25;2778;4695;110048;50993;5.1;2.4
75;2021-02-26;3375;2310;113423;53303;5.3;2.5
75;2021-02-27;1404;796;114827;54099;5.3;2.5
75;2021-02-28;324;113;115151;54212;5.4;2.5
75;2021-03-01;2594;1478;117745;55690;5.5;2.6
75;2021-03-02;4179;1920;121924;57610;5.7;2.7
75;2021-03-03;5430;2097;127354;59707;5.9;2.8
75;2021-03-04;8046;2355;135400;62062;6.3;2.9
75;2021-03-05;10564;2516;145964;64578;6.8;3.0
75;2021-03-06;11079;1042;157043;65620;7.3;3.1
75;2021-03-07;9510;1468;166553;67088;7.8;3.1
75;2021-03-08;5903;1522;172456;68610;8.0;3.2
75;2021-03-09;7519;2084;179975;70694;8.4;3.3
75;2021-03-10;7502;2110;187477;72804;8.7;3.4
75;2021-03-11;10340;2510;197817;75314;9.2;3.5
75;2021-03-12;12062;2548;209879;77862;9.8;3.6
75;2021-03-13;8544;780;218423;78642;10.2;3.7
75;2021-03-14;4166;256;222589;78898;10.4;3.7
75;2021-03-15;7459;981;230048;79879;10.7;3.7
75;2021-03-16;5149;695;235197;80574;10.9;3.8
75;2021-03-17;5427;837;240624;81411;11.2;3.8
75;2021-03-18;6620;871;247244;82282;11.5;3.8
75;2021-03-19;9752;995;256996;83277;12.0;3.9
75;2021-03-20;5941;607;262937;83884;12.2;3.9
75;2021-03-21;1589;432;264526;84316;12.3;3.9
75;2021-03-22;8648;1019;273174;85335;12.7;4.0
75;2021-03-23;10954;1262;284128;86597;13.2;4.0
75;2021-03-24;10998;1337;295126;87934;13.7;4.1
75;2021-03-25;14207;1542;309333;89476;14.4;4.2
75;2021-03-26;13975;1707;323308;91183;15.0;4.2
75;2021-03-27;7285;773;330593;91956;15.4;4.3
75;2021-03-28;1782;149;332375;92105;15.5;4.3
75;2021-03-29;7972;2197;340347;94302;15.8;4.4
75;2021-03-30;10940;3234;351287;97536;16.4;4.5
75;2021-03-31;9747;3600;361034;101136;16.8;4.7
75;2021-04-01;10693;5192;371727;106328;17.3;4.9
75;2021-04-02;9056;5557;380783;111885;17.7;5.2
75;2021-04-03;4118;4875;384901;116760;17.9;5.4
75;2021-04-04;1418;1466;386319;118226;18.0;5.5
75;2021-04-05;2245;1359;388564;119585;18.1;5.6
75;2021-04-06;6908;4276;395472;123861;18.4;5.8
75;2021-04-07;8085;4394;403557;128255;18.8;6.0
75;2021-04-08;11081;4179;414638;132434;19.3;6.2
75;2021-04-09;12208;4625;426846;137059;19.9;6.4
75;2021-04-10;5843;4252;432689;141311;20.1;6.6
75;2021-04-11;1941;1790;434630;143101;20.2;6.7
75;2021-04-12;7479;3792;442109;146893;20.6;6.8
75;2021-04-13;8570;6808;450679;153701;21.0;7.2
75;2021-04-14;8290;5219;458969;158920;21.4;7.4
75;2021-04-15;8903;6132;467872;165052;21.8;7.7
75;2021-04-16;9384;6111;477256;171163;22.2;8.0
75;2021-04-17;4820;3643;482076;174806;22.4;8.1
75;2021-04-18;1667;877;483743;175683;22.5;8.2
75;2021-04-19;5581;4942;489324;180625;22.8;8.4
75;2021-04-20;6470;5958;495794;186583;23.1;8.7
75;2021-04-21;6872;5571;502666;192154;23.4;8.9
75;2021-04-22;7544;5909;510210;198063;23.7;9.2
75;2021-04-23;8626;6402;518836;204465;24.2;9.5
75;2021-04-24;6175;3350;525011;207815;24.4;9.7
75;2021-04-25;2966;760;527977;208575;24.6;9.7
75;2021-04-26;7032;4717;535009;213292;24.9;9.9
75;2021-04-27;10595;6410;545604;219702;25.4;10.2
75;2021-04-28;12200;6012;557804;225714;26.0;10.5
75;2021-04-29;13762;6328;571566;232042;26.6;10.8
75;2021-04-30;13664;6171;585230;238213;27.2;11.1
75;2021-05-01;5078;1326;590308;239539;27.5;11.2
75;2021-05-02;2384;793;592692;240332;27.6;11.2
75;2021-05-03;10292;13470;602984;253802;28.1;11.8
75;2021-05-04;11188;8073;614172;261875;28.6;12.2
75;2021-05-05;13567;6704;627739;268579;29.2;12.5
75;2021-05-06;14002;8183;641741;276762;29.9;12.9
75;2021-05-07;13973;8577;655714;285339;30.5;13.3
75;2021-05-08;10085;5511;665799;290850;31.0;13.5
75;2021-05-09;3819;3185;669618;294035;31.2;13.7
75;2021-05-10;14296;6720;683914;300755;31.8;14.0
75;2021-05-11;16848;8408;700762;309163;32.6;14.4
75;2021-05-12;17959;8151;718721;317314;33.5;14.8
75;2021-05-13;13635;2497;732356;319811;34.1;14.9
75;2021-05-14;18391;5130;750747;324941;34.9;15.1
75;2021-05-15;12316;2652;763063;327593;35.5;15.2
75;2021-05-16;3854;759;766917;328352;35.7;15.3
75;2021-05-17;16004;4646;782921;332998;36.4;15.5
75;2021-05-18;19159;5323;802080;338321;37.3;15.7
75;2021-05-19;20728;10717;822808;349038;38.3;16.2
75;2021-05-20;21586;8667;844394;357705;39.3;16.7
75;2021-05-21;21035;6556;865429;364261;40.3;17.0
75;2021-05-22;15921;3306;881350;367567;41.0;17.1
75;2021-05-23;5635;1336;886985;368903;41.3;17.2
75;2021-05-24;15640;2560;902625;371463;42.0;17.3
75;2021-05-25;18035;9577;920660;381040;42.9;17.7
75;2021-05-26;18886;8200;939546;389240;43.7;18.1
75;2021-05-27;20149;9808;959695;399048;44.7;18.6
75;2021-05-28;19345;10844;979040;409892;45.6;19.1
75;2021-05-29;16122;5843;995162;415735;46.3;19.4
75;2021-05-30;7040;2161;1002202;417896;46.7;19.5
75;2021-05-31;18102;9448;1020304;427344;47.5;19.9
75;2021-06-01;18707;12974;1039011;440318;48.4;20.5
75;2021-06-02;18123;10302;1057134;450620;49.2;21.0
75;2021-06-03;20280;11972;1077414;462592;50.2;21.5
75;2021-06-04;18135;12851;1095549;475443;51.0;22.1
75;2021-06-05;11997;9616;1107546;485059;51.6;22.6
75;2021-06-06;6730;3157;1114276;488216;51.9;22.7
75;2021-06-07;13910;11834;1128186;500050;52.5;23.3
75;2021-06-08;14808;13974;1142994;514024;53.2;23.9
75;2021-06-09;16520;15245;1159514;529269;54.0;24.6
75;2021-06-10;18379;26312;1177893;555581;54.8;25.9
75;2021-06-11;15330;16471;1193223;572052;55.5;26.6
75;2021-06-12;13293;10001;1206516;582053;56.2;27.1
75;2021-06-13;6278;3795;1212794;585848;56.5;27.3
75;2021-06-14;11839;15407;1224633;601255;57.0;28.0
75;2021-06-15;12743;19560;1237376;620815;57.6;28.9
75;2021-06-16;12215;17245;1249591;638060;58.2;29.7
75;2021-06-17;12664;17682;1262255;655742;58.8;30.5
75;2021-06-18;11288;22615;1273543;678357;59.3;31.6
75;2021-06-19;7541;11826;1281084;690183;59.6;32.1
75;2021-06-20;2823;5482;1283907;695665;59.8;32.4
75;2021-06-21;8517;16339;1292424;712004;60.2;33.1
75;2021-06-22;8812;21802;1301236;733806;60.6;34.2
75;2021-06-23;10318;21439;1311554;755245;61.1;35.2
75;2021-06-24;11315;20643;1322869;775888;61.6;36.1
75;2021-06-25;9878;24698;1332747;800586;62.0;37.3
75;2021-06-26;7949;15426;1340696;816012;62.4;38.0
75;2021-06-27;2702;6329;1343398;822341;62.5;38.3
75;2021-06-28;8477;20149;1351875;842490;62.9;39.2
75;2021-06-29;9349;23836;1361224;866326;63.4;40.3
75;2021-06-30;10207;23629;1371431;889955;63.8;41.4
75;2021-07-01;11459;23523;1382890;913478;64.4;42.5
75;2021-07-02;10898;24786;1393788;938264;64.9;43.7
75;2021-07-03;7829;19814;1401617;958078;65.2;44.6
75;2021-07-04;3914;9556;1405531;967634;65.4;45.0
75;2021-07-05;9337;21587;1414868;989221;65.9;46.0
75;2021-07-06;10163;24014;1425031;1013235;66.3;47.2
75;2021-07-07;10147;25093;1435178;1038328;66.8;48.3
75;2021-07-08;10660;25016;1445838;1063344;67.3;49.5
75;2021-07-09;10773;24039;1456611;1087383;67.8;50.6
75;2021-07-10;7936;18513;1464547;1105896;68.2;51.5
75;2021-07-11;4352;8535;1468899;1114431;68.4;51.9
75;2021-07-12;9815;23089;1478714;1137520;68.8;53.0
75;2021-07-13;14327;24818;1493041;1162338;69.5;54.1
75;2021-07-14;8279;9726;1501320;1172064;69.9;54.6
75;2021-07-15;15243;25671;1516563;1197735;70.6;55.8
75;2021-07-16;15752;22159;1532315;1219894;71.3;56.8
75;2021-07-17;11974;16907;1544289;1236801;71.9;57.6
75;2021-07-18;6281;6841;1550570;1243642;72.2;57.9
75;2021-07-19;14385;21316;1564955;1264958;72.8;58.9
75;2021-07-20;16068;21897;1581023;1286855;73.6;59.9
75;2021-07-21;15687;20722;1596710;1307577;74.3;60.9
75;2021-07-22;17138;20092;1613848;1327669;75.1;61.8
75;2021-07-23;17089;19113;1630937;1346782;75.9;62.7
75;2021-07-24;11202;14076;1642139;1360858;76.4;63.3
75;2021-07-25;5011;5077;1647150;1365935;76.7;63.6
75;2021-07-26;15178;16888;1662328;1382823;77.4;64.4
75;2021-07-27;18123;16661;1680451;1399484;78.2;65.1
75;2021-07-28;17125;15489;1697576;1414973;79.0;65.9
75;2021-07-29;16749;15092;1714325;1430065;79.8;66.6
75;2021-07-30;16301;14336;1730626;1444401;80.6;67.2
75;2021-07-31;9342;9864;1739968;1454265;81.0;67.7
75;2021-08-01;3664;3303;1743632;1457568;81.2;67.8
75;2021-08-02;10692;12000;1754324;1469568;81.7;68.4
75;2021-08-03;11047;10828;1765371;1480396;82.2;68.9
75;2021-08-04;9537;9501;1774908;1489897;82.6;69.4
75;2021-08-05;8644;9543;1783552;1499440;83.0;69.8
75;2021-08-06;8139;9981;1791691;1509421;83.4;70.3
75;2021-08-07;5681;7147;1797372;1516568;83.7;70.6
75;2021-08-08;1936;3277;1799308;1519845;83.8;70.7
75;2021-08-09;8472;11465;1807780;1531310;84.2;71.3
75;2021-08-10;9028;11575;1816808;1542885;84.6;71.8
75;2021-08-11;7672;10131;1824480;1553016;84.9;72.3
75;2021-08-12;6818;10631;1831298;1563647;85.2;72.8
75;2021-08-13;6114;8915;1837412;1572562;85.5;73.2
75;2021-08-14;4070;7198;1841482;1579760;85.7;73.5
75;2021-08-15;936;1933;1842418;1581693;85.8;73.6
75;2021-08-16;6034;14029;1848452;1595722;86.0;74.3
75;2021-08-17;5739;13598;1854191;1609320;86.3;74.9
75;2021-08-18;4923;11995;1859114;1621315;86.5;75.5
75;2021-08-19;4679;12680;1863793;1633995;86.8;76.1
75;2021-08-20;4450;11773;1868243;1645768;87.0;76.6
75;2021-08-21;3141;8802;1871384;1654570;87.1;77.0
75;2021-08-22;985;3160;1872369;1657730;87.2;77.2
75;2021-08-23;4836;15304;1877205;1673034;87.4;77.9
75;2021-08-24;4742;14527;1881947;1687561;87.6;78.6
75;2021-08-25;4423;12309;1886370;1699870;87.8;79.1
75;2021-08-26;3993;10265;1890363;1710135;88.0;79.6
75;2021-08-27;4387;11654;1894750;1721789;88.2;80.1
75;2021-08-28;3008;8283;1897758;1730072;88.3;80.5
75;2021-08-29;747;2010;1898505;1732082;88.4;80.6
75;2021-08-30;4461;14649;1902966;1746731;88.6;81.3
75;2021-08-31;4318;13762;1907284;1760493;88.8;81.9
75;2021-09-01;3839;11360;1911123;1771853;89.0;82.5
75;2021-09-02;3162;9593;1914285;1781446;89.1;82.9
75;2021-09-03;3617;10380;1917902;1791826;89.3;83.4
75;2021-09-04;3500;8880;1921402;1800706;89.4;83.8
75;2021-09-05;682;1702;1922084;1802408;89.5;83.9
75;2021-09-06;2504;8049;1924588;1810457;89.6;84.3
75;2021-09-07;2233;7311;1926821;1817768;89.7;84.6
76;2020-12-27;0;0;0;0;0.0;0.0
76;2020-12-28;0;0;0;0;0.0;0.0
76;2020-12-29;0;0;0;0;0.0;0.0
76;2020-12-30;0;0;0;0;0.0;0.0
76;2020-12-31;0;0;0;0;0.0;0.0
76;2021-01-01;0;0;0;0;0.0;0.0
76;2021-01-02;0;0;0;0;0.0;0.0
76;2021-01-03;0;0;0;0;0.0;0.0
76;2021-01-04;17;0;17;0;0.0;0.0
76;2021-01-05;138;0;155;0;0.0;0.0
76;2021-01-06;682;2;837;2;0.1;0.0
76;2021-01-07;1355;7;2192;9;0.2;0.0
76;2021-01-08;1536;2;3728;11;0.3;0.0
76;2021-01-09;736;2;4464;13;0.4;0.0
76;2021-01-10;492;1;4956;14;0.4;0.0
76;2021-01-11;1358;2;6314;16;0.5;0.0
76;2021-01-12;1359;2;7673;18;0.6;0.0
76;2021-01-13;1187;4;8860;22;0.7;0.0
76;2021-01-14;2176;24;11036;46;0.9;0.0
76;2021-01-15;1911;9;12947;55;1.0;0.0
76;2021-01-16;990;7;13937;62;1.1;0.0
76;2021-01-17;2898;20;16835;82;1.4;0.0
76;2021-01-18;4397;16;21232;98;1.7;0.0
76;2021-01-19;3016;8;24248;106;1.9;0.0
76;2021-01-20;2071;7;26319;113;2.1;0.0
76;2021-01-21;1773;4;28092;117;2.3;0.0
76;2021-01-22;1706;4;29798;121;2.4;0.0
76;2021-01-23;450;2;30248;123;2.4;0.0
76;2021-01-24;99;0;30347;123;2.4;0.0
76;2021-01-25;1474;137;31821;260;2.6;0.0
76;2021-01-26;1392;328;33213;588;2.7;0.0
76;2021-01-27;1342;419;34555;1007;2.8;0.1
76;2021-01-28;1285;375;35840;1382;2.9;0.1
76;2021-01-29;1154;444;36994;1826;3.0;0.1
76;2021-01-30;283;285;37277;2111;3.0;0.2
76;2021-01-31;4;95;37281;2206;3.0;0.2
76;2021-02-01;841;778;38122;2984;3.1;0.2
76;2021-02-02;1056;980;39178;3964;3.1;0.3
76;2021-02-03;920;956;40098;4920;3.2;0.4
76;2021-02-04;976;1401;41074;6321;3.3;0.5
76;2021-02-05;975;1070;42049;7391;3.4;0.6
76;2021-02-06;262;848;42311;8239;3.4;0.7
76;2021-02-07;468;1626;42779;9865;3.4;0.8
76;2021-02-08;1923;3596;44702;13461;3.6;1.1
76;2021-02-09;1756;2832;46458;16293;3.7;1.3
76;2021-02-10;1489;1708;47947;18001;3.9;1.4
76;2021-02-11;1677;1433;49624;19434;4.0;1.6
76;2021-02-12;1704;1468;51328;20902;4.1;1.7
76;2021-02-13;230;306;51558;21208;4.1;1.7
76;2021-02-14;9;82;51567;21290;4.1;1.7
76;2021-02-15;554;1528;52121;22818;4.2;1.8
76;2021-02-16;741;1494;52862;24312;4.3;2.0
76;2021-02-17;625;1279;53487;25591;4.3;2.1
76;2021-02-18;780;1243;54267;26834;4.4;2.2
76;2021-02-19;869;1179;55136;28013;4.4;2.3
76;2021-02-20;270;262;55406;28275;4.5;2.3
76;2021-02-21;0;0;55406;28275;4.5;2.3
76;2021-02-22;371;1127;55777;29402;4.5;2.4
76;2021-02-23;575;1080;56352;30482;4.5;2.5
76;2021-02-24;599;1060;56951;31542;4.6;2.5
76;2021-02-25;1664;1121;58615;32663;4.7;2.6
76;2021-02-26;2171;938;60786;33601;4.9;2.7
76;2021-02-27;1108;260;61894;33861;5.0;2.7
76;2021-02-28;27;186;61921;34047;5.0;2.7
76;2021-03-01;828;1944;62749;35991;5.0;2.9
76;2021-03-02;1381;1600;64130;37591;5.2;3.0
76;2021-03-03;1942;1290;66072;38881;5.3;3.1
76;2021-03-04;2819;1047;68891;39928;5.5;3.2
76;2021-03-05;4183;787;73074;40715;5.9;3.3
76;2021-03-06;3365;159;76439;40874;6.1;3.3
76;2021-03-07;1257;35;77696;40909;6.2;3.3
76;2021-03-08;2102;1237;79798;42146;6.4;3.4
76;2021-03-09;3575;1146;83373;43292;6.7;3.5
76;2021-03-10;3593;1059;86966;44351;7.0;3.6
76;2021-03-11;5633;932;92599;45283;7.4;3.6
76;2021-03-12;6829;600;99428;45883;8.0;3.7
76;2021-03-13;4647;151;104075;46034;8.4;3.7
76;2021-03-14;1068;28;105143;46062;8.5;3.7
76;2021-03-15;2918;234;108061;46296;8.7;3.7
76;2021-03-16;2557;398;110618;46694;8.9;3.8
76;2021-03-17;2697;312;113315;47006;9.1;3.8
76;2021-03-18;3003;308;116318;47314;9.4;3.8
76;2021-03-19;4397;432;120715;47746;9.7;3.8
76;2021-03-20;3974;293;124689;48039;10.0;3.9
76;2021-03-21;838;16;125527;48055;10.1;3.9
76;2021-03-22;3992;347;129519;48402;10.4;3.9
76;2021-03-23;5712;356;135231;48758;10.9;3.9
76;2021-03-24;5701;396;140932;49154;11.3;4.0
76;2021-03-25;7508;575;148440;49729;11.9;4.0
76;2021-03-26;8722;591;157162;50320;12.6;4.0
76;2021-03-27;4810;387;161972;50707;13.0;4.1
76;2021-03-28;1021;32;162993;50739;13.1;4.1
76;2021-03-29;5390;822;168383;51561;13.5;4.1
76;2021-03-30;6586;1059;174969;52620;14.1;4.2
76;2021-03-31;6448;1258;181417;53878;14.6;4.3
76;2021-04-01;6787;2036;188204;55914;15.1;4.5
76;2021-04-02;6487;2679;194691;58593;15.7;4.7
76;2021-04-03;2442;1080;197133;59673;15.8;4.8
76;2021-04-04;264;10;197397;59683;15.9;4.8
76;2021-04-05;868;379;198265;60062;15.9;4.8
76;2021-04-06;3558;2787;201823;62849;16.2;5.1
76;2021-04-07;4417;2398;206240;65247;16.6;5.2
76;2021-04-08;5841;2786;212081;68033;17.1;5.5
76;2021-04-09;8806;3069;220887;71102;17.8;5.7
76;2021-04-10;4877;1422;225764;72524;18.2;5.8
76;2021-04-11;814;533;226578;73057;18.2;5.9
76;2021-04-12;4726;2847;231304;75904;18.6;6.1
76;2021-04-13;5929;2861;237233;78765;19.1;6.3
76;2021-04-14;4803;3127;242036;81892;19.5;6.6
76;2021-04-15;5564;3357;247600;85249;19.9;6.9
76;2021-04-16;7352;3442;254952;88691;20.5;7.1
76;2021-04-17;4388;1431;259340;90122;20.9;7.2
76;2021-04-18;339;140;259679;90262;20.9;7.3
76;2021-04-19;3478;3772;263157;94034;21.2;7.6
76;2021-04-20;4343;4276;267500;98310;21.5;7.9
76;2021-04-21;4193;4692;271693;103002;21.8;8.3
76;2021-04-22;4562;5437;276255;108439;22.2;8.7
76;2021-04-23;5440;5965;281695;114404;22.6;9.2
76;2021-04-24;4165;2196;285860;116600;23.0;9.4
76;2021-04-25;894;268;286754;116868;23.1;9.4
76;2021-04-26;4484;4475;291238;121343;23.4;9.8
76;2021-04-27;4998;4993;296236;126336;23.8;10.2
76;2021-04-28;5348;4162;301584;130498;24.2;10.5
76;2021-04-29;6926;4157;308510;134655;24.8;10.8
76;2021-04-30;8219;4630;316729;139285;25.5;11.2
76;2021-05-01;4828;1012;321557;140297;25.9;11.3
76;2021-05-02;1843;264;323400;140561;26.0;11.3
76;2021-05-03;4703;3307;328103;143868;26.4;11.6
76;2021-05-04;4823;4545;332926;148413;26.8;11.9
76;2021-05-05;4784;5175;337710;153588;27.2;12.3
76;2021-05-06;5923;5579;343633;159167;27.6;12.8
76;2021-05-07;6137;6758;349770;165925;28.1;13.3
76;2021-05-08;5056;907;354826;166832;28.5;13.4
76;2021-05-09;2539;235;357365;167067;28.7;13.4
76;2021-05-10;4947;5066;362312;172133;29.1;13.8
76;2021-05-11;6519;5682;368831;177815;29.7;14.3
76;2021-05-12;6264;5084;375095;182899;30.2;14.7
76;2021-05-13;8846;1284;383941;184183;30.9;14.8
76;2021-05-14;10418;4662;394359;188845;31.7;15.2
76;2021-05-15;9120;2455;403479;191300;32.4;15.4
76;2021-05-16;6234;479;409713;191779;32.9;15.4
76;2021-05-17;7227;3277;416940;195056;33.5;15.7
76;2021-05-18;8304;2817;425244;197873;34.2;15.9
76;2021-05-19;8403;3202;433647;201075;34.9;16.2
76;2021-05-20;9650;3428;443297;204503;35.6;16.4
76;2021-05-21;8369;4094;451666;208597;36.3;16.8
76;2021-05-22;7167;2360;458833;210957;36.9;17.0
76;2021-05-23;6390;416;465223;211373;37.4;17.0
76;2021-05-24;6866;1531;472089;212904;38.0;17.1
76;2021-05-25;8026;4089;480115;216993;38.6;17.4
76;2021-05-26;7574;3608;487689;220601;39.2;17.7
76;2021-05-27;8345;4706;496034;225307;39.9;18.1
76;2021-05-28;8233;6558;504267;231865;40.5;18.6
76;2021-05-29;6225;3514;510492;235379;41.0;18.9
76;2021-05-30;3148;431;513640;235810;41.3;19.0
76;2021-05-31;8169;3964;521809;239774;42.0;19.3
76;2021-06-01;9213;5027;531022;244801;42.7;19.7
76;2021-06-02;7933;4444;538955;249245;43.3;20.0
76;2021-06-03;9540;5407;548495;254652;44.1;20.5
76;2021-06-04;9245;6686;557740;261338;44.8;21.0
76;2021-06-05;6289;3812;564029;265150;45.3;21.3
76;2021-06-06;2555;649;566584;265799;45.6;21.4
76;2021-06-07;6982;5451;573566;271250;46.1;21.8
76;2021-06-08;8659;6285;582225;277535;46.8;22.3
76;2021-06-09;7212;6082;589437;283617;47.4;22.8
76;2021-06-10;7995;6563;597432;290180;48.0;23.3
76;2021-06-11;7581;8234;605013;298414;48.6;24.0
76;2021-06-12;7167;5878;612180;304292;49.2;24.5
76;2021-06-13;2963;1296;615143;305588;49.5;24.6
76;2021-06-14;6490;6729;621633;312317;50.0;25.1
76;2021-06-15;6298;7473;627931;319790;50.5;25.7
76;2021-06-16;6655;7484;634586;327274;51.0;26.3
76;2021-06-17;7012;7761;641598;335035;51.6;26.9
76;2021-06-18;7689;9238;649287;344273;52.2;27.7
76;2021-06-19;5986;6262;655273;350535;52.7;28.2
76;2021-06-20;2811;1817;658084;352352;52.9;28.3
76;2021-06-21;5591;8174;663675;360526;53.4;29.0
76;2021-06-22;4926;9882;668601;370408;53.8;29.8
76;2021-06-23;4731;9435;673332;379843;54.1;30.5
76;2021-06-24;4798;9922;678130;389765;54.5;31.3
76;2021-06-25;5225;11579;683355;401344;54.9;32.3
76;2021-06-26;3454;7877;686809;409221;55.2;32.9
76;2021-06-27;1367;5164;688176;414385;55.3;33.3
76;2021-06-28;3614;9946;691790;424331;55.6;34.1
76;2021-06-29;3875;10230;695665;434561;55.9;34.9
76;2021-06-30;4271;9844;699936;444405;56.3;35.7
76;2021-07-01;4598;9913;704534;454318;56.6;36.5
76;2021-07-02;4370;12006;708904;466324;57.0;37.5
76;2021-07-03;3586;8450;712490;474774;57.3;38.2
76;2021-07-04;1487;5306;713977;480080;57.4;38.6
76;2021-07-05;3956;9332;717933;489412;57.7;39.3
76;2021-07-06;4056;10075;721989;499487;58.0;40.2
76;2021-07-07;4014;9329;726003;508816;58.4;40.9
76;2021-07-08;4466;9454;730469;518270;58.7;41.7
76;2021-07-09;4367;12410;734836;530680;59.1;42.7
76;2021-07-10;3138;8548;737974;539228;59.3;43.4
76;2021-07-11;1777;2821;739751;542049;59.5;43.6
76;2021-07-12;3157;11151;742908;553200;59.7;44.5
76;2021-07-13;4935;12257;747843;565457;60.1;45.5
76;2021-07-14;4805;5545;752648;571002;60.5;45.9
76;2021-07-15;5914;11790;758562;582792;61.0;46.9
76;2021-07-16;6721;12013;765283;594805;61.5;47.8
76;2021-07-17;5280;8706;770563;603511;62.0;48.5
76;2021-07-18;2258;3358;772821;606869;62.1;48.8
76;2021-07-19;5162;11151;777983;618020;62.5;49.7
76;2021-07-20;6278;11624;784261;629644;63.1;50.6
76;2021-07-21;6341;10567;790602;640211;63.6;51.5
76;2021-07-22;8241;9653;798843;649864;64.2;52.2
76;2021-07-23;7645;11997;806488;661861;64.8;53.2
76;2021-07-24;4993;7720;811481;669581;65.2;53.8
76;2021-07-25;2873;3142;814354;672723;65.5;54.1
76;2021-07-26;5441;10150;819795;682873;65.9;54.9
76;2021-07-27;8338;9558;828133;692431;66.6;55.7
76;2021-07-28;8267;7824;836400;700255;67.2;56.3
76;2021-07-29;9582;6984;845982;707239;68.0;56.9
76;2021-07-30;8014;7842;853996;715081;68.7;57.5
76;2021-07-31;6616;5331;860612;720412;69.2;57.9
76;2021-08-01;3863;2084;864475;722496;69.5;58.1
76;2021-08-02;6560;7092;871035;729588;70.0;58.7
76;2021-08-03;7974;6355;879009;735943;70.7;59.2
76;2021-08-04;7251;5841;886260;741784;71.3;59.6
76;2021-08-05;8086;5725;894346;747509;71.9;60.1
76;2021-08-06;6808;6871;901154;754380;72.5;60.7
76;2021-08-07;4789;4381;905943;758761;72.8;61.0
76;2021-08-08;2408;2157;908351;760918;73.0;61.2
76;2021-08-09;5639;6741;913990;767659;73.5;61.7
76;2021-08-10;6345;6552;920335;774211;74.0;62.2
76;2021-08-11;6452;5495;926787;779706;74.5;62.7
76;2021-08-12;6033;6061;932820;785767;75.0;63.2
76;2021-08-13;5049;6206;937869;791973;75.4;63.7
76;2021-08-14;3834;4596;941703;796569;75.7;64.0
76;2021-08-15;1575;2353;943278;798922;75.8;64.2
76;2021-08-16;3616;6721;946894;805643;76.1;64.8
76;2021-08-17;3900;6943;950794;812586;76.4;65.3
76;2021-08-18;3729;6741;954523;819327;76.7;65.9
76;2021-08-19;3360;7170;957883;826497;77.0;66.4
76;2021-08-20;3418;7829;961301;834326;77.3;67.1
76;2021-08-21;1814;4216;963115;838542;77.4;67.4
76;2021-08-22;865;3293;963980;841835;77.5;67.7
76;2021-08-23;2614;7756;966594;849591;77.7;68.3
76;2021-08-24;2813;7581;969407;857172;77.9;68.9
76;2021-08-25;2617;7075;972024;864247;78.2;69.5
76;2021-08-26;2066;5795;974090;870042;78.3;70.0
76;2021-08-27;2684;7945;976774;877987;78.5;70.6
76;2021-08-28;2130;6061;978904;884048;78.7;71.1
76;2021-08-29;693;3007;979597;887055;78.8;71.3
76;2021-08-30;2161;7438;981758;894493;78.9;71.9
76;2021-08-31;1938;7327;983696;901820;79.1;72.5
76;2021-09-01;1712;6883;985408;908703;79.2;73.1
76;2021-09-02;1301;4928;986709;913631;79.3;73.5
76;2021-09-03;1586;7149;988295;920780;79.5;74.0
76;2021-09-04;1603;6314;989898;927094;79.6;74.5
76;2021-09-05;631;1929;990529;929023;79.6;74.7
76;2021-09-06;1258;5010;991787;934033;79.7;75.1
76;2021-09-07;1138;4331;992925;938364;79.8;75.4
77;2020-12-27;1;0;1;0;0.0;0.0
77;2020-12-28;1;0;2;0;0.0;0.0
77;2020-12-29;0;0;2;0;0.0;0.0
77;2020-12-30;0;0;2;0;0.0;0.0
77;2020-12-31;0;0;2;0;0.0;0.0
77;2021-01-01;4;0;6;0;0.0;0.0
77;2021-01-02;2;0;8;0;0.0;0.0
77;2021-01-03;0;0;8;0;0.0;0.0
77;2021-01-04;7;0;15;0;0.0;0.0
77;2021-01-05;199;0;214;0;0.0;0.0
77;2021-01-06;235;2;449;2;0.0;0.0
77;2021-01-07;521;4;970;6;0.1;0.0
77;2021-01-08;621;0;1591;6;0.1;0.0
77;2021-01-09;273;1;1864;7;0.1;0.0
77;2021-01-10;235;2;2099;9;0.1;0.0
77;2021-01-11;783;3;2882;12;0.2;0.0
77;2021-01-12;884;1;3766;13;0.3;0.0
77;2021-01-13;941;2;4707;15;0.3;0.0
77;2021-01-14;850;7;5557;22;0.4;0.0
77;2021-01-15;859;10;6416;32;0.5;0.0
77;2021-01-16;168;1;6584;33;0.5;0.0
77;2021-01-17;132;2;6716;35;0.5;0.0
77;2021-01-18;1194;4;7910;39;0.6;0.0
77;2021-01-19;1722;21;9632;60;0.7;0.0
77;2021-01-20;2541;7;12173;67;0.9;0.0
77;2021-01-21;2057;26;14230;93;1.0;0.0
77;2021-01-22;1148;8;15378;101;1.1;0.0
77;2021-01-23;350;0;15728;101;1.1;0.0
77;2021-01-24;44;0;15772;101;1.1;0.0
77;2021-01-25;941;23;16713;124;1.2;0.0
77;2021-01-26;1713;23;18426;147;1.3;0.0
77;2021-01-27;1363;27;19789;174;1.4;0.0
77;2021-01-28;1698;92;21487;266;1.5;0.0
77;2021-01-29;1289;142;22776;408;1.6;0.0
77;2021-01-30;211;2;22987;410;1.6;0.0
77;2021-01-31;1;0;22988;410;1.6;0.0
77;2021-02-01;569;199;23557;609;1.7;0.0
77;2021-02-02;871;255;24428;864;1.7;0.1
77;2021-02-03;795;505;25223;1369;1.8;0.1
77;2021-02-04;789;789;26012;2158;1.8;0.2
77;2021-02-05;857;799;26869;2957;1.9;0.2
77;2021-02-06;165;98;27034;3055;1.9;0.2
77;2021-02-07;17;89;27051;3144;1.9;0.2
77;2021-02-08;496;866;27547;4010;1.9;0.3
77;2021-02-09;590;1394;28137;5404;2.0;0.4
77;2021-02-10;1029;1763;29166;7167;2.0;0.5
77;2021-02-11;1059;1583;30225;8750;2.1;0.6
77;2021-02-12;1098;1116;31323;9866;2.2;0.7
77;2021-02-13;187;172;31510;10038;2.2;0.7
77;2021-02-14;12;56;31522;10094;2.2;0.7
77;2021-02-15;555;851;32077;10945;2.3;0.8
77;2021-02-16;599;1356;32676;12301;2.3;0.9
77;2021-02-17;514;1032;33190;13333;2.3;0.9
77;2021-02-18;839;1456;34029;14789;2.4;1.0
77;2021-02-19;777;1032;34806;15821;2.4;1.1
77;2021-02-20;54;140;34860;15961;2.4;1.1
77;2021-02-21;7;31;34867;15992;2.4;1.1
77;2021-02-22;303;660;35170;16652;2.5;1.2
77;2021-02-23;360;957;35530;17609;2.5;1.2
77;2021-02-24;513;773;36043;18382;2.5;1.3
77;2021-02-25;794;871;36837;19253;2.6;1.4
77;2021-02-26;841;747;37678;20000;2.6;1.4
77;2021-02-27;459;152;38137;20152;2.7;1.4
77;2021-02-28;33;5;38170;20157;2.7;1.4
77;2021-03-01;677;632;38847;20789;2.7;1.5
77;2021-03-02;1093;955;39940;21744;2.8;1.5
77;2021-03-03;1957;1115;41897;22859;2.9;1.6
77;2021-03-04;2798;1087;44695;23946;3.1;1.7
77;2021-03-05;3380;1011;48075;24957;3.4;1.8
77;2021-03-06;4824;260;52899;25217;3.7;1.8
77;2021-03-07;3193;113;56092;25330;3.9;1.8
77;2021-03-08;1230;502;57322;25832;4.0;1.8
77;2021-03-09;2505;627;59827;26459;4.2;1.9
77;2021-03-10;2399;573;62226;27032;4.4;1.9
77;2021-03-11;3500;783;65726;27815;4.6;2.0
77;2021-03-12;3891;683;69617;28498;4.9;2.0
77;2021-03-13;4481;202;74098;28700;5.2;2.0
77;2021-03-14;2153;120;76251;28820;5.4;2.0
77;2021-03-15;2511;274;78762;29094;5.5;2.0
77;2021-03-16;2444;371;81206;29465;5.7;2.1
77;2021-03-17;2554;425;83760;29890;5.9;2.1
77;2021-03-18;3010;399;86770;30289;6.1;2.1
77;2021-03-19;3358;439;90128;30728;6.3;2.2
77;2021-03-20;1967;77;92095;30805;6.5;2.2
77;2021-03-21;243;14;92338;30819;6.5;2.2
77;2021-03-22;3021;404;95359;31223;6.7;2.2
77;2021-03-23;4520;529;99879;31752;7.0;2.2
77;2021-03-24;4154;616;104033;32368;7.3;2.3
77;2021-03-25;5908;402;109941;32770;7.7;2.3
77;2021-03-26;6269;450;116210;33220;8.2;2.3
77;2021-03-27;3321;123;119531;33343;8.4;2.3
77;2021-03-28;1730;47;121261;33390;8.5;2.3
77;2021-03-29;2655;687;123916;34077;8.7;2.4
77;2021-03-30;3995;1189;127911;35266;9.0;2.5
77;2021-03-31;3753;1221;131664;36487;9.2;2.6
77;2021-04-01;4144;1816;135808;38303;9.5;2.7
77;2021-04-02;3994;2013;139802;40316;9.8;2.8
77;2021-04-03;1747;2278;141549;42594;9.9;3.0
77;2021-04-04;423;1426;141972;44020;10.0;3.1
77;2021-04-05;162;164;142134;44184;10.0;3.1
77;2021-04-06;2720;1926;144854;46110;10.2;3.2
77;2021-04-07;3319;2086;148173;48196;10.4;3.4
77;2021-04-08;4534;2361;152707;50557;10.7;3.6
77;2021-04-09;4852;2091;157559;52648;11.1;3.7
77;2021-04-10;3074;2751;160633;55399;11.3;3.9
77;2021-04-11;586;717;161219;56116;11.3;3.9
77;2021-04-12;2230;1824;163449;57940;11.5;4.1
77;2021-04-13;3358;2634;166807;60574;11.7;4.3
77;2021-04-14;2521;2650;169328;63224;11.9;4.4
77;2021-04-15;3323;3115;172651;66339;12.1;4.7
77;2021-04-16;3575;2720;176226;69059;12.4;4.9
77;2021-04-17;1386;476;177612;69535;12.5;4.9
77;2021-04-18;150;11;177762;69546;12.5;4.9
77;2021-04-19;2085;2509;179847;72055;12.6;5.1
77;2021-04-20;2573;3381;182420;75436;12.8;5.3
77;2021-04-21;2195;3474;184615;78910;13.0;5.5
77;2021-04-22;3003;3857;187618;82767;13.2;5.8
77;2021-04-23;3532;3639;191150;86406;13.4;6.1
77;2021-04-24;4901;2508;196051;88914;13.8;6.2
77;2021-04-25;4079;1238;200130;90152;14.1;6.3
77;2021-04-26;3226;2044;203356;92196;14.3;6.5
77;2021-04-27;3996;2508;207352;94704;14.6;6.7
77;2021-04-28;4069;2613;211421;97317;14.9;6.8
77;2021-04-29;4482;3077;215903;100394;15.2;7.1
77;2021-04-30;4910;3333;220813;103727;15.5;7.3
77;2021-05-01;2465;593;223278;104320;15.7;7.3
77;2021-05-02;3142;276;226420;104596;15.9;7.3
77;2021-05-03;5990;2069;232410;106665;16.3;7.5
77;2021-05-04;6440;2989;238850;109654;16.8;7.7
77;2021-05-05;6020;3025;244870;112679;17.2;7.9
77;2021-05-06;6888;3594;251758;116273;17.7;8.2
77;2021-05-07;8206;3261;259964;119534;18.3;8.4
77;2021-05-08;5715;810;265679;120344;18.7;8.5
77;2021-05-09;4908;483;270587;120827;19.0;8.5
77;2021-05-10;8090;2328;278677;123155;19.6;8.7
77;2021-05-11;9581;2916;288258;126071;20.2;8.9
77;2021-05-12;8980;2281;297238;128352;20.9;9.0
77;2021-05-13;9306;884;306544;129236;21.5;9.1
77;2021-05-14;10437;1670;316981;130906;22.3;9.2
77;2021-05-15;8993;1248;325974;132154;22.9;9.3
77;2021-05-16;5153;470;331127;132624;23.3;9.3
77;2021-05-17;10375;1477;341502;134101;24.0;9.4
77;2021-05-18;11784;1804;353286;135905;24.8;9.5
77;2021-05-19;10916;1603;364202;137508;25.6;9.7
77;2021-05-20;12214;2158;376416;139666;26.4;9.8
77;2021-05-21;11656;2701;388072;142367;27.3;10.0
77;2021-05-22;9821;1738;397893;144105;27.9;10.1
77;2021-05-23;6987;811;404880;144916;28.4;10.2
77;2021-05-24;6764;778;411644;145694;28.9;10.2
77;2021-05-25;8317;2817;419961;148511;29.5;10.4
77;2021-05-26;7564;2983;427525;151494;30.0;10.6
77;2021-05-27;7552;3966;435077;155460;30.6;10.9
77;2021-05-28;7637;4007;442714;159467;31.1;11.2
77;2021-05-29;7356;2329;450070;161796;31.6;11.4
77;2021-05-30;4359;892;454429;162688;31.9;11.4
77;2021-05-31;8383;3835;462812;166523;32.5;11.7
77;2021-06-01;9646;4381;472458;170904;33.2;12.0
77;2021-06-02;9005;3926;481463;174830;33.8;12.3
77;2021-06-03;9004;5267;490467;180097;34.5;12.7
77;2021-06-04;9119;5487;499586;185584;35.1;13.0
77;2021-06-05;6662;4989;506248;190573;35.6;13.4
77;2021-06-06;4910;3210;511158;193783;35.9;13.6
77;2021-06-07;6420;4541;517578;198324;36.4;13.9
77;2021-06-08;5727;5225;523305;203549;36.8;14.3
77;2021-06-09;5057;4954;528362;208503;37.1;14.6
77;2021-06-10;5015;5466;533377;213969;37.5;15.0
77;2021-06-11;5757;6034;539134;220003;37.9;15.5
77;2021-06-12;6545;4752;545679;224755;38.3;15.8
77;2021-06-13;3508;3053;549187;227808;38.6;16.0
77;2021-06-14;3219;7931;552406;235739;38.8;16.6
77;2021-06-15;4125;8480;556531;244219;39.1;17.2
77;2021-06-16;4809;8379;561340;252598;39.4;17.7
77;2021-06-17;4474;9029;565814;261627;39.7;18.4
77;2021-06-18;4365;9789;570179;271416;40.1;19.1
77;2021-06-19;5308;6930;575487;278346;40.4;19.6
77;2021-06-20;2096;3799;577583;282145;40.6;19.8
77;2021-06-21;3228;9580;580811;291725;40.8;20.5
77;2021-06-22;3669;11370;584480;303095;41.1;21.3
77;2021-06-23;3441;10054;587921;313149;41.3;22.0
77;2021-06-24;3362;10917;591283;324066;41.5;22.8
77;2021-06-25;3625;10806;594908;334872;41.8;23.5
77;2021-06-26;4089;10069;598997;344941;42.1;24.2
77;2021-06-27;2124;6427;601121;351368;42.2;24.7
77;2021-06-28;2799;10831;603920;362199;42.4;25.4
77;2021-06-29;3418;12527;607338;374726;42.7;26.3
77;2021-06-30;3293;11450;610631;386176;42.9;27.1
77;2021-07-01;3291;11655;613922;397831;43.1;27.9
77;2021-07-02;3466;12256;617388;410087;43.4;28.8
77;2021-07-03;3185;10800;620573;420887;43.6;29.6
77;2021-07-04;1997;6493;622570;427380;43.7;30.0
77;2021-07-05;3590;9548;626160;436928;44.0;30.7
77;2021-07-06;3741;9532;629901;446460;44.2;31.4
77;2021-07-07;4060;8962;633961;455422;44.5;32.0
77;2021-07-08;3931;8761;637892;464183;44.8;32.6
77;2021-07-09;4706;10340;642598;474523;45.1;33.3
77;2021-07-10;4047;9842;646645;484365;45.4;34.0
77;2021-07-11;3091;5093;649736;489458;45.6;34.4
77;2021-07-12;3285;10867;653021;500325;45.9;35.1
77;2021-07-13;6121;12032;659142;512357;46.3;36.0
77;2021-07-14;3553;6442;662695;518799;46.6;36.4
77;2021-07-15;7173;11967;669868;530766;47.1;37.3
77;2021-07-16;7831;9898;677699;540664;47.6;38.0
77;2021-07-17;5796;9467;683495;550131;48.0;38.6
77;2021-07-18;4140;5328;687635;555459;48.3;39.0
77;2021-07-19;7518;8946;695153;564405;48.8;39.6
77;2021-07-20;9627;8040;704780;572445;49.5;40.2
77;2021-07-21;9520;7481;714300;579926;50.2;40.7
77;2021-07-22;10562;7554;724862;587480;50.9;41.3
77;2021-07-23;9869;8199;734731;595679;51.6;41.8
77;2021-07-24;7217;7872;741948;603551;52.1;42.4
77;2021-07-25;5897;4031;747845;607582;52.5;42.7
77;2021-07-26;9218;5974;757063;613556;53.2;43.1
77;2021-07-27;10962;6043;768025;619599;53.9;43.5
77;2021-07-28;9478;6422;777503;626021;54.6;44.0
77;2021-07-29;9538;5509;787041;631530;55.3;44.4
77;2021-07-30;9733;6360;796774;637890;56.0;44.8
77;2021-07-31;7267;6629;804041;644519;56.5;45.3
77;2021-08-01;2955;1214;806996;645733;56.7;45.4
77;2021-08-02;7122;5732;814118;651465;57.2;45.8
77;2021-08-03;5834;4520;819952;655985;57.6;46.1
77;2021-08-04;4722;4388;824674;660373;57.9;46.4
77;2021-08-05;3248;2972;827922;663345;58.2;46.6
77;2021-08-06;5888;5260;833810;668605;58.6;47.0
77;2021-08-07;5290;6795;839100;675400;58.9;47.4
77;2021-08-08;1978;1863;841078;677263;59.1;47.6
77;2021-08-09;5060;6582;846138;683845;59.4;48.0
77;2021-08-10;2675;3577;848813;687422;59.6;48.3
77;2021-08-11;3114;6190;851927;693612;59.8;48.7
77;2021-08-12;2254;3572;854181;697184;60.0;49.0
77;2021-08-13;2715;4895;856896;702079;60.2;49.3
77;2021-08-14;2951;7330;859847;709409;60.4;49.8
77;2021-08-15;787;774;860634;710183;60.5;49.9
77;2021-08-16;2365;6982;862999;717165;60.6;50.4
77;2021-08-17;2876;7205;865875;724370;60.8;50.9
77;2021-08-18;2663;6555;868538;730925;61.0;51.3
77;2021-08-19;2621;5106;871159;736031;61.2;51.7
77;2021-08-20;2659;5690;873818;741721;61.4;52.1
77;2021-08-21;2708;7324;876526;749045;61.6;52.6
77;2021-08-22;1729;5337;878255;754382;61.7;53.0
77;2021-08-23;2424;9615;880679;763997;61.9;53.7
77;2021-08-24;3043;9237;883722;773234;62.1;54.3
77;2021-08-25;2532;6526;886254;779760;62.3;54.8
77;2021-08-26;2544;6251;888798;786011;62.4;55.2
77;2021-08-27;2710;6989;891508;793000;62.6;55.7
77;2021-08-28;1956;7246;893464;800246;62.8;56.2
77;2021-08-29;1480;5148;894944;805394;62.9;56.6
77;2021-08-30;2509;8145;897453;813539;63.0;57.1
77;2021-08-31;2822;5731;900275;819270;63.2;57.5
77;2021-09-01;2207;3834;902482;823104;63.4;57.8
77;2021-09-02;1593;3138;904075;826242;63.5;58.0
77;2021-09-03;2070;4548;906145;830790;63.7;58.4
77;2021-09-04;2394;5766;908539;836556;63.8;58.8
77;2021-09-05;893;1553;909432;838109;63.9;58.9
77;2021-09-06;1037;2304;910469;840413;64.0;59.0
77;2021-09-07;817;2278;911286;842691;64.0;59.2
78;2020-12-27;2;0;2;0;0.0;0.0
78;2020-12-28;0;0;2;0;0.0;0.0
78;2020-12-29;0;0;2;0;0.0;0.0
78;2020-12-30;0;0;2;0;0.0;0.0
78;2020-12-31;15;0;17;0;0.0;0.0
78;2021-01-01;1;0;18;0;0.0;0.0
78;2021-01-02;1;0;19;0;0.0;0.0
78;2021-01-03;3;0;22;0;0.0;0.0
78;2021-01-04;145;3;167;3;0.0;0.0
78;2021-01-05;175;1;342;4;0.0;0.0
78;2021-01-06;208;4;550;8;0.0;0.0
78;2021-01-07;469;2;1019;10;0.1;0.0
78;2021-01-08;651;3;1670;13;0.1;0.0
78;2021-01-09;22;0;1692;13;0.1;0.0
78;2021-01-10;2;0;1694;13;0.1;0.0
78;2021-01-11;792;3;2486;16;0.2;0.0
78;2021-01-12;945;5;3431;21;0.2;0.0
78;2021-01-13;740;8;4171;29;0.3;0.0
78;2021-01-14;811;9;4982;38;0.3;0.0
78;2021-01-15;847;10;5829;48;0.4;0.0
78;2021-01-16;32;0;5861;48;0.4;0.0
78;2021-01-17;0;0;5861;48;0.4;0.0
78;2021-01-18;1382;21;7243;69;0.5;0.0
78;2021-01-19;1841;27;9084;96;0.6;0.0
78;2021-01-20;1658;15;10742;111;0.7;0.0
78;2021-01-21;3254;16;13996;127;1.0;0.0
78;2021-01-22;2217;16;16213;143;1.1;0.0
78;2021-01-23;279;0;16492;143;1.1;0.0
78;2021-01-24;5;0;16497;143;1.1;0.0
78;2021-01-25;959;29;17456;172;1.2;0.0
78;2021-01-26;1560;19;19016;191;1.3;0.0
78;2021-01-27;2061;45;21077;236;1.5;0.0
78;2021-01-28;2436;104;23513;340;1.6;0.0
78;2021-01-29;1490;58;25003;398;1.7;0.0
78;2021-01-30;210;3;25213;401;1.7;0.0
78;2021-01-31;3;0;25216;401;1.7;0.0
78;2021-02-01;786;216;26002;617;1.8;0.0
78;2021-02-02;968;327;26970;944;1.9;0.1
78;2021-02-03;975;230;27945;1174;1.9;0.1
78;2021-02-04;1117;421;29062;1595;2.0;0.1
78;2021-02-05;1190;469;30252;2064;2.1;0.1
78;2021-02-06;198;44;30450;2108;2.1;0.1
78;2021-02-07;139;13;30589;2121;2.1;0.1
78;2021-02-08;760;566;31349;2687;2.2;0.2
78;2021-02-09;1122;911;32471;3598;2.2;0.2
78;2021-02-10;1248;1143;33719;4741;2.3;0.3
78;2021-02-11;1820;1840;35539;6581;2.5;0.5
78;2021-02-12;1820;1327;37359;7908;2.6;0.5
78;2021-02-13;173;66;37532;7974;2.6;0.6
78;2021-02-14;26;25;37558;7999;2.6;0.6
78;2021-02-15;447;1258;38005;9257;2.6;0.6
78;2021-02-16;629;1403;38634;10660;2.7;0.7
78;2021-02-17;587;2071;39221;12731;2.7;0.9
78;2021-02-18;997;2117;40218;14848;2.8;1.0
78;2021-02-19;820;1594;41038;16442;2.8;1.1
78;2021-02-20;148;111;41186;16553;2.8;1.1
78;2021-02-21;0;12;41186;16565;2.8;1.1
78;2021-02-22;502;922;41688;17487;2.9;1.2
78;2021-02-23;540;1012;42228;18499;2.9;1.3
78;2021-02-24;619;1134;42847;19633;3.0;1.4
78;2021-02-25;866;1047;43713;20680;3.0;1.4
78;2021-02-26;1132;1130;44845;21810;3.1;1.5
78;2021-02-27;740;132;45585;21942;3.1;1.5
78;2021-02-28;68;18;45653;21960;3.2;1.5
78;2021-03-01;965;812;46618;22772;3.2;1.6
78;2021-03-02;1727;984;48345;23756;3.3;1.6
78;2021-03-03;1965;1128;50310;24884;3.5;1.7
78;2021-03-04;2949;1525;53259;26409;3.7;1.8
78;2021-03-05;3255;1595;56514;28004;3.9;1.9
78;2021-03-06;6246;294;62760;28298;4.3;2.0
78;2021-03-07;3444;104;66204;28402;4.6;2.0
78;2021-03-08;1458;741;67662;29143;4.7;2.0
78;2021-03-09;2942;896;70604;30039;4.9;2.1
78;2021-03-10;3078;1103;73682;31142;5.1;2.1
78;2021-03-11;4176;1304;77858;32446;5.4;2.2
78;2021-03-12;5372;1338;83230;33784;5.7;2.3
78;2021-03-13;4657;198;87887;33982;6.1;2.3
78;2021-03-14;1036;41;88923;34023;6.1;2.3
78;2021-03-15;3621;267;92544;34290;6.4;2.4
78;2021-03-16;2566;566;95110;34856;6.6;2.4
78;2021-03-17;2968;437;98078;35293;6.8;2.4
78;2021-03-18;3780;450;101858;35743;7.0;2.5
78;2021-03-19;5319;486;107177;36229;7.4;2.5
78;2021-03-20;2258;127;109435;36356;7.6;2.5
78;2021-03-21;165;7;109600;36363;7.6;2.5
78;2021-03-22;3532;378;113132;36741;7.8;2.5
78;2021-03-23;5231;543;118363;37284;8.2;2.6
78;2021-03-24;4892;552;123255;37836;8.5;2.6
78;2021-03-25;6941;567;130196;38403;9.0;2.7
78;2021-03-26;6941;713;137137;39116;9.5;2.7
78;2021-03-27;3746;196;140883;39312;9.7;2.7
78;2021-03-28;1919;54;142802;39366;9.9;2.7
78;2021-03-29;3865;763;146667;40129;10.1;2.8
78;2021-03-30;5526;1058;152193;41187;10.5;2.8
78;2021-03-31;5333;1289;157526;42476;10.9;2.9
78;2021-04-01;5594;2352;163120;44828;11.3;3.1
78;2021-04-02;5194;2627;168314;47455;11.6;3.3
78;2021-04-03;2198;2563;170512;50018;11.8;3.5
78;2021-04-04;173;14;170685;50032;11.8;3.5
78;2021-04-05;199;19;170884;50051;11.8;3.5
78;2021-04-06;3618;2306;174502;52357;12.0;3.6
78;2021-04-07;4357;2587;178859;54944;12.3;3.8
78;2021-04-08;5525;2674;184384;57618;12.7;4.0
78;2021-04-09;6909;2449;191293;60067;13.2;4.1
78;2021-04-10;3994;1900;195287;61967;13.5;4.3
78;2021-04-11;374;607;195661;62574;13.5;4.3
78;2021-04-12;3532;2363;199193;64937;13.8;4.5
78;2021-04-13;5460;2497;204653;67434;14.1;4.7
78;2021-04-14;4956;3386;209609;70820;14.5;4.9
78;2021-04-15;4616;3849;214225;74669;14.8;5.2
78;2021-04-16;5625;4018;219850;78687;15.2;5.4
78;2021-04-17;3615;716;223465;79403;15.4;5.5
78;2021-04-18;272;42;223737;79445;15.4;5.5
78;2021-04-19;3244;2813;226981;82258;15.7;5.7
78;2021-04-20;4710;3685;231691;85943;16.0;5.9
78;2021-04-21;4534;3510;236225;89453;16.3;6.2
78;2021-04-22;4565;4693;240790;94146;16.6;6.5
78;2021-04-23;5060;4431;245850;98577;17.0;6.8
78;2021-04-24;4866;2621;250716;101198;17.3;7.0
78;2021-04-25;3047;1732;253763;102930;17.5;7.1
78;2021-04-26;4770;3319;258533;106249;17.8;7.3
78;2021-04-27;5472;4306;264005;110555;18.2;7.6
78;2021-04-28;5651;4781;269656;115336;18.6;8.0
78;2021-04-29;6262;4066;275918;119402;19.0;8.2
78;2021-04-30;7208;4456;283126;123858;19.5;8.6
78;2021-05-01;612;254;283738;124112;19.6;8.6
78;2021-05-02;2008;166;285746;124278;19.7;8.6
78;2021-05-03;7461;1276;293207;125554;20.2;8.7
78;2021-05-04;6078;3979;299285;129533;20.7;8.9
78;2021-05-05;7300;4554;306585;134087;21.2;9.3
78;2021-05-06;6481;5176;313066;139263;21.6;9.6
78;2021-05-07;8313;5136;321379;144399;22.2;10.0
78;2021-05-08;2917;1450;324296;145849;22.4;10.1
78;2021-05-09;2819;352;327115;146201;22.6;10.1
78;2021-05-10;7343;4451;334458;150652;23.1;10.4
78;2021-05-11;8142;5415;342600;156067;23.7;10.8
78;2021-05-12;8734;3920;351334;159987;24.3;11.0
78;2021-05-13;6630;600;357964;160587;24.7;11.1
78;2021-05-14;10218;2215;368182;162802;25.4;11.2
78;2021-05-15;4936;2364;373118;165166;25.8;11.4
78;2021-05-16;3697;792;376815;165958;26.0;11.5
78;2021-05-17;8743;1351;385558;167309;26.6;11.5
78;2021-05-18;9887;1887;395445;169196;27.3;11.7
78;2021-05-19;11653;1710;407098;170906;28.1;11.8
78;2021-05-20;11599;2263;418697;173169;28.9;12.0
78;2021-05-21;12131;2634;430828;175803;29.7;12.1
78;2021-05-22;6547;1364;437375;177167;30.2;12.2
78;2021-05-23;3127;390;440502;177557;30.4;12.3
78;2021-05-24;3523;418;444025;177975;30.7;12.3
78;2021-05-25;9988;2505;454013;180480;31.3;12.5
78;2021-05-26;10166;3778;464179;184258;32.0;12.7
78;2021-05-27;10959;4643;475138;188901;32.8;13.0
78;2021-05-28;11413;6028;486551;194929;33.6;13.5
78;2021-05-29;4228;3385;490779;198314;33.9;13.7
78;2021-05-30;136;346;490915;198660;33.9;13.7
78;2021-05-31;7971;5362;498886;204022;34.4;14.1
78;2021-06-01;10029;6520;508915;210542;35.1;14.5
78;2021-06-02;8586;6202;517501;216744;35.7;15.0
78;2021-06-03;9897;6477;527398;223221;36.4;15.4
78;2021-06-04;9794;8146;537192;231367;37.1;16.0
78;2021-06-05;5520;6134;542712;237501;37.5;16.4
78;2021-06-06;2150;2009;544862;239510;37.6;16.5
78;2021-06-07;8124;6522;552986;246032;38.2;17.0
78;2021-06-08;8064;7322;561050;253354;38.7;17.5
78;2021-06-09;7325;6732;568375;260086;39.2;18.0
78;2021-06-10;7113;7104;575488;267190;39.7;18.4
78;2021-06-11;7585;8183;583073;275373;40.3;19.0
78;2021-06-12;6374;2919;589447;278292;40.7;19.2
78;2021-06-13;946;2458;590393;280750;40.8;19.4
78;2021-06-14;3415;9811;593808;290561;41.0;20.1
78;2021-06-15;5803;8289;599611;298850;41.4;20.6
78;2021-06-16;5433;8629;605044;307479;41.8;21.2
78;2021-06-17;5486;8537;610530;316016;42.1;21.8
78;2021-06-18;6168;9797;616698;325813;42.6;22.5
78;2021-06-19;5222;4816;621920;330629;42.9;22.8
78;2021-06-20;624;2838;622544;333467;43.0;23.0
78;2021-06-21;4099;9471;626643;342938;43.3;23.7
78;2021-06-22;3350;10318;629993;353256;43.5;24.4
78;2021-06-23;3840;10393;633833;363649;43.8;25.1
78;2021-06-24;3799;9980;637632;373629;44.0;25.8
78;2021-06-25;4002;13150;641634;386779;44.3;26.7
78;2021-06-26;4211;7955;645845;394734;44.6;27.2
78;2021-06-27;1040;2541;646885;397275;44.7;27.4
78;2021-06-28;3294;10903;650179;408178;44.9;28.2
78;2021-06-29;3539;11253;653718;419431;45.1;29.0
78;2021-06-30;4112;13224;657830;432655;45.4;29.9
78;2021-07-01;4106;12698;661936;445353;45.7;30.7
78;2021-07-02;4260;13938;666196;459291;46.0;31.7
78;2021-07-03;3161;8624;669357;467915;46.2;32.3
78;2021-07-04;777;1742;670134;469657;46.3;32.4
78;2021-07-05;3387;9693;673521;479350;46.5;33.1
78;2021-07-06;3528;12043;677049;491393;46.7;33.9
78;2021-07-07;3766;11606;680815;502999;47.0;34.7
78;2021-07-08;3871;11678;684686;514677;47.3;35.5
78;2021-07-09;4810;12741;689496;527418;47.6;36.4
78;2021-07-10;2627;6614;692123;534032;47.8;36.9
78;2021-07-11;748;2047;692871;536079;47.8;37.0
78;2021-07-12;3036;11745;695907;547824;48.0;37.8
78;2021-07-13;5354;11977;701261;559801;48.4;38.6
78;2021-07-14;2533;4993;703794;564794;48.6;39.0
78;2021-07-15;5669;11956;709463;576750;49.0;39.8
78;2021-07-16;7290;10783;716753;587533;49.5;40.6
78;2021-07-17;4727;4893;721480;592426;49.8;40.9
78;2021-07-18;1124;469;722604;592895;49.9;40.9
78;2021-07-19;3841;10349;726445;603244;50.1;41.6
78;2021-07-20;5615;9922;732060;613166;50.5;42.3
78;2021-07-21;5906;9860;737966;623026;50.9;43.0
78;2021-07-22;5951;9291;743917;632317;51.4;43.6
78;2021-07-23;6240;9228;750157;641545;51.8;44.3
78;2021-07-24;2938;4967;753095;646512;52.0;44.6
78;2021-07-25;987;375;754082;646887;52.1;44.7
78;2021-07-26;4863;6987;758945;653874;52.4;45.1
78;2021-07-27;7597;6915;766542;660789;52.9;45.6
78;2021-07-28;6946;5928;773488;666717;53.4;46.0
78;2021-07-29;7905;5997;781393;672714;53.9;46.4
78;2021-07-30;7741;7043;789134;679757;54.5;46.9
78;2021-07-31;2649;2731;791783;682488;54.7;47.1
78;2021-08-01;108;72;791891;682560;54.7;47.1
78;2021-08-02;2386;2124;794277;684684;54.8;47.3
78;2021-08-03;4255;4249;798532;688933;55.1;47.6
78;2021-08-04;4369;2806;802901;691739;55.4;47.8
78;2021-08-05;3867;3169;806768;694908;55.7;48.0
78;2021-08-06;3909;3718;810677;698626;56.0;48.2
78;2021-08-07;2815;3439;813492;702065;56.2;48.5
78;2021-08-08;479;343;813971;702408;56.2;48.5
78;2021-08-09;1866;1659;815837;704067;56.3;48.6
78;2021-08-10;3388;3976;819225;708043;56.6;48.9
78;2021-08-11;2965;3383;822190;711426;56.8;49.1
78;2021-08-12;2727;3543;824917;714969;56.9;49.4
78;2021-08-13;2851;3182;827768;718151;57.1;49.6
78;2021-08-14;2294;3084;830062;721235;57.3;49.8
78;2021-08-15;276;378;830338;721613;57.3;49.8
78;2021-08-16;905;2337;831243;723950;57.4;50.0
78;2021-08-17;2783;4422;834026;728372;57.6;50.3
78;2021-08-18;2452;3815;836478;732187;57.7;50.5
78;2021-08-19;2225;3580;838703;735767;57.9;50.8
78;2021-08-20;2085;4000;840788;739767;58.0;51.1
78;2021-08-21;1884;3577;842672;743344;58.2;51.3
78;2021-08-22;85;147;842757;743491;58.2;51.3
78;2021-08-23;2141;4242;844898;747733;58.3;51.6
78;2021-08-24;3619;6968;848517;754701;58.6;52.1
78;2021-08-25;3274;6582;851791;761283;58.8;52.6
78;2021-08-26;2968;7226;854759;768509;59.0;53.1
78;2021-08-27;2839;7358;857598;775867;59.2;53.6
78;2021-08-28;2421;5267;860019;781134;59.4;53.9
78;2021-08-29;369;350;860388;781484;59.4;53.9
78;2021-08-30;2857;5065;863245;786549;59.6;54.3
78;2021-08-31;3441;5802;866686;792351;59.8;54.7
78;2021-09-01;2705;5262;869391;797613;60.0;55.1
78;2021-09-02;2080;4395;871471;802008;60.2;55.4
78;2021-09-03;2240;4709;873711;806717;60.3;55.7
78;2021-09-04;2444;4224;876155;810941;60.5;56.0
78;2021-09-05;287;378;876442;811319;60.5;56.0
78;2021-09-06;1274;2985;877716;814304;60.6;56.2
78;2021-09-07;1326;3489;879042;817793;60.7;56.5
79;2020-12-27;0;0;0;0;0.0;0.0
79;2020-12-28;3;0;3;0;0.0;0.0
79;2020-12-29;0;0;3;0;0.0;0.0
79;2020-12-30;0;0;3;0;0.0;0.0
79;2020-12-31;0;0;3;0;0.0;0.0
79;2021-01-01;0;0;3;0;0.0;0.0
79;2021-01-02;0;0;3;0;0.0;0.0
79;2021-01-03;0;0;3;0;0.0;0.0
79;2021-01-04;1;0;4;0;0.0;0.0
79;2021-01-05;0;0;4;0;0.0;0.0
79;2021-01-06;0;0;4;0;0.0;0.0
79;2021-01-07;158;0;162;0;0.0;0.0
79;2021-01-08;165;0;327;0;0.1;0.0
79;2021-01-09;99;0;426;0;0.1;0.0
79;2021-01-10;3;0;429;0;0.1;0.0
79;2021-01-11;184;1;613;1;0.2;0.0
79;2021-01-12;245;1;858;2;0.2;0.0
79;2021-01-13;258;0;1116;2;0.3;0.0
79;2021-01-14;505;8;1621;10;0.4;0.0
79;2021-01-15;616;5;2237;15;0.6;0.0
79;2021-01-16;66;0;2303;15;0.6;0.0
79;2021-01-17;0;0;2303;15;0.6;0.0
79;2021-01-18;477;2;2780;17;0.7;0.0
79;2021-01-19;1361;1;4141;18;1.1;0.0
79;2021-01-20;1677;1;5818;19;1.6;0.0
79;2021-01-21;1998;7;7816;26;2.1;0.0
79;2021-01-22;874;4;8690;30;2.3;0.0
79;2021-01-23;65;0;8755;30;2.3;0.0
79;2021-01-24;0;0;8755;30;2.3;0.0
79;2021-01-25;645;7;9400;37;2.5;0.0
79;2021-01-26;592;13;9992;50;2.7;0.0
79;2021-01-27;740;83;10732;133;2.9;0.0
79;2021-01-28;733;150;11465;283;3.1;0.1
79;2021-01-29;492;86;11957;369;3.2;0.1
79;2021-01-30;0;0;11957;369;3.2;0.1
79;2021-01-31;0;0;11957;369;3.2;0.1
79;2021-02-01;207;108;12164;477;3.3;0.1
79;2021-02-02;334;73;12498;550;3.4;0.1
79;2021-02-03;390;58;12888;608;3.5;0.2
79;2021-02-04;324;107;13212;715;3.5;0.2
79;2021-02-05;360;275;13572;990;3.6;0.3
79;2021-02-06;4;0;13576;990;3.6;0.3
79;2021-02-07;22;0;13598;990;3.6;0.3
79;2021-02-08;283;167;13881;1157;3.7;0.3
79;2021-02-09;457;770;14338;1927;3.8;0.5
79;2021-02-10;619;1176;14957;3103;4.0;0.8
79;2021-02-11;777;1215;15734;4318;4.2;1.2
79;2021-02-12;467;741;16201;5059;4.3;1.4
79;2021-02-13;53;70;16254;5129;4.4;1.4
79;2021-02-14;0;0;16254;5129;4.4;1.4
79;2021-02-15;186;467;16440;5596;4.4;1.5
79;2021-02-16;333;702;16773;6298;4.5;1.7
79;2021-02-17;249;836;17022;7134;4.6;1.9
79;2021-02-18;353;905;17375;8039;4.7;2.2
79;2021-02-19;267;536;17642;8575;4.7;2.3
79;2021-02-20;4;22;17646;8597;4.7;2.3
79;2021-02-21;1;0;17647;8597;4.7;2.3
79;2021-02-22;136;432;17783;9029;4.8;2.4
79;2021-02-23;248;527;18031;9556;4.8;2.6
79;2021-02-24;245;504;18276;10060;4.9;2.7
79;2021-02-25;519;446;18795;10506;5.0;2.8
79;2021-02-26;599;379;19394;10885;5.2;2.9
79;2021-02-27;407;5;19801;10890;5.3;2.9
79;2021-02-28;35;0;19836;10890;5.3;2.9
79;2021-03-01;89;340;19925;11230;5.3;3.0
79;2021-03-02;302;491;20227;11721;5.4;3.1
79;2021-03-03;662;522;20889;12243;5.6;3.3
79;2021-03-04;904;557;21793;12800;5.8;3.4
79;2021-03-05;1217;438;23010;13238;6.2;3.6
79;2021-03-06;611;5;23621;13243;6.3;3.6
79;2021-03-07;77;1;23698;13244;6.4;3.6
79;2021-03-08;344;304;24042;13548;6.5;3.6
79;2021-03-09;841;340;24883;13888;6.7;3.7
79;2021-03-10;1146;402;26029;14290;7.0;3.8
79;2021-03-11;1640;323;27669;14613;7.4;3.9
79;2021-03-12;1721;118;29390;14731;7.9;4.0
79;2021-03-13;1136;13;30526;14744;8.2;4.0
79;2021-03-14;50;0;30576;14744;8.2;4.0
79;2021-03-15;497;158;31073;14902;8.3;4.0
79;2021-03-16;735;146;31808;15048;8.5;4.0
79;2021-03-17;578;108;32386;15156;8.7;4.1
79;2021-03-18;553;202;32939;15358;8.8;4.1
79;2021-03-19;662;258;33601;15616;9.0;4.2
79;2021-03-20;1007;14;34608;15630;9.3;4.2
79;2021-03-21;3;0;34611;15630;9.3;4.2
79;2021-03-22;957;206;35568;15836;9.5;4.2
79;2021-03-23;1595;170;37163;16006;10.0;4.3
79;2021-03-24;1832;163;38995;16169;10.5;4.3
79;2021-03-25;2499;190;41494;16359;11.1;4.4
79;2021-03-26;2406;137;43900;16496;11.8;4.4
79;2021-03-27;769;18;44669;16514;12.0;4.4
79;2021-03-28;1;0;44670;16514;12.0;4.4
79;2021-03-29;2148;115;46818;16629;12.6;4.5
79;2021-03-30;2816;64;49634;16693;13.3;4.5
79;2021-03-31;2777;381;52411;17074;14.1;4.6
79;2021-04-01;2697;381;55108;17455;14.8;4.7
79;2021-04-02;2823;393;57931;17848;15.5;4.8
79;2021-04-03;634;53;58565;17901;15.7;4.8
79;2021-04-04;3;0;58568;17901;15.7;4.8
79;2021-04-05;381;4;58949;17905;15.8;4.8
79;2021-04-06;1794;584;60743;18489;16.3;5.0
79;2021-04-07;3117;733;63860;19222;17.1;5.2
79;2021-04-08;2631;696;66491;19918;17.8;5.3
79;2021-04-09;3738;546;70229;20464;18.8;5.5
79;2021-04-10;1466;385;71695;20849;19.2;5.6
79;2021-04-11;4;0;71699;20849;19.2;5.6
79;2021-04-12;1753;354;73452;21203;19.7;5.7
79;2021-04-13;2174;750;75626;21953;20.3;5.9
79;2021-04-14;2480;677;78106;22630;21.0;6.1
79;2021-04-15;2215;667;80321;23297;21.6;6.3
79;2021-04-16;1414;441;81735;23738;21.9;6.4
79;2021-04-17;581;352;82316;24090;22.1;6.5
79;2021-04-18;1;14;82317;24104;22.1;6.5
79;2021-04-19;1088;841;83405;24945;22.4;6.7
79;2021-04-20;1507;1229;84912;26174;22.8;7.0
79;2021-04-21;1419;1439;86331;27613;23.2;7.4
79;2021-04-22;1572;1085;87903;28698;23.6;7.7
79;2021-04-23;1316;1187;89219;29885;23.9;8.0
79;2021-04-24;653;462;89872;30347;24.1;8.1
79;2021-04-25;1;0;89873;30347;24.1;8.1
79;2021-04-26;1343;1813;91216;32160;24.5;8.6
79;2021-04-27;1898;2350;93114;34510;25.0;9.3
79;2021-04-28;1457;2867;94571;37377;25.4;10.0
79;2021-04-29;2105;2256;96676;39633;25.9;10.6
79;2021-04-30;2114;2456;98790;42089;26.5;11.3
79;2021-05-01;521;379;99311;42468;26.7;11.4
79;2021-05-02;1;11;99312;42479;26.7;11.4
79;2021-05-03;1182;1292;100494;43771;27.0;11.7
79;2021-05-04;1733;2332;102227;46103;27.4;12.4
79;2021-05-05;1695;2482;103922;48585;27.9;13.0
79;2021-05-06;2328;2223;106250;50808;28.5;13.6
79;2021-05-07;2088;2802;108338;53610;29.1;14.4
79;2021-05-08;199;506;108537;54116;29.1;14.5
79;2021-05-09;0;0;108537;54116;29.1;14.5
79;2021-05-10;1584;1787;110121;55903;29.6;15.0
79;2021-05-11;2310;1649;112431;57552;30.2;15.4
79;2021-05-12;2001;2679;114432;60231;30.7;16.2
79;2021-05-13;640;290;115072;60521;30.9;16.2
79;2021-05-14;2100;673;117172;61194;31.4;16.4
79;2021-05-15;1399;498;118571;61692;31.8;16.6
79;2021-05-16;1;22;118572;61714;31.8;16.6
79;2021-05-17;1876;1087;120448;62801;32.3;16.9
79;2021-05-18;2971;1272;123419;64073;33.1;17.2
79;2021-05-19;2897;967;126316;65040;33.9;17.5
79;2021-05-20;3106;1247;129422;66287;34.7;17.8
79;2021-05-21;2768;1067;132190;67354;35.5;18.1
79;2021-05-22;1084;261;133274;67615;35.8;18.1
79;2021-05-23;1;0;133275;67615;35.8;18.1
79;2021-05-24;161;20;133436;67635;35.8;18.2
79;2021-05-25;3199;990;136635;68625;36.7;18.4
79;2021-05-26;3313;852;139948;69477;37.6;18.6
79;2021-05-27;3590;1718;143538;71195;38.5;19.1
79;2021-05-28;3330;1824;146868;73019;39.4;19.6
79;2021-05-29;1073;451;147941;73470;39.7;19.7
79;2021-05-30;3;1;147944;73471;39.7;19.7
79;2021-05-31;2382;734;150326;74205;40.3;19.9
79;2021-06-01;3021;1574;153347;75779;41.2;20.3
79;2021-06-02;4066;1167;157413;76946;42.2;20.6
79;2021-06-03;4090;1755;161503;78701;43.3;21.1
79;2021-06-04;4144;2034;165647;80735;44.5;21.7
79;2021-06-05;2802;758;168449;81493;45.2;21.9
79;2021-06-06;696;39;169145;81532;45.4;21.9
79;2021-06-07;2809;1413;171954;82945;46.1;22.3
79;2021-06-08;2982;2068;174936;85013;46.9;22.8
79;2021-06-09;3631;1934;178567;86947;47.9;23.3
79;2021-06-10;3020;1966;181587;88913;48.7;23.9
79;2021-06-11;3767;2315;185354;91228;49.7;24.5
79;2021-06-12;1707;612;187061;91840;50.2;24.6
79;2021-06-13;214;24;187275;91864;50.3;24.7
79;2021-06-14;1247;1692;188522;93556;50.6;25.1
79;2021-06-15;1881;2362;190403;95918;51.1;25.7
79;2021-06-16;2206;2247;192609;98165;51.7;26.3
79;2021-06-17;2238;2616;194847;100781;52.3;27.0
79;2021-06-18;2413;2323;197260;103104;52.9;27.7
79;2021-06-19;1246;580;198506;103684;53.3;27.8
79;2021-06-20;3;2;198509;103686;53.3;27.8
79;2021-06-21;1233;2282;199742;105968;53.6;28.4
79;2021-06-22;1548;2876;201290;108844;54.0;29.2
79;2021-06-23;1771;2549;203061;111393;54.5;29.9
79;2021-06-24;2107;2002;205168;113395;55.1;30.4
79;2021-06-25;1488;2841;206656;116236;55.5;31.2
79;2021-06-26;870;808;207526;117044;55.7;31.4
79;2021-06-27;13;6;207539;117050;55.7;31.4
79;2021-06-28;1056;2622;208595;119672;56.0;32.1
79;2021-06-29;1474;3551;210069;123223;56.4;33.1
79;2021-06-30;1355;3448;211424;126671;56.7;34.0
79;2021-07-01;1203;3785;212627;130456;57.1;35.0
79;2021-07-02;1489;3347;214116;133803;57.5;35.9
79;2021-07-03;399;1504;214515;135307;57.6;36.3
79;2021-07-04;2;9;214517;135316;57.6;36.3
79;2021-07-05;753;2119;215270;137435;57.8;36.9
79;2021-07-06;947;3665;216217;141100;58.0;37.9
79;2021-07-07;1333;4308;217550;145408;58.4;39.0
79;2021-07-08;1104;4044;218654;149452;58.7;40.1
79;2021-07-09;837;3719;219491;153171;58.9;41.1
79;2021-07-10;515;1316;220006;154487;59.0;41.5
79;2021-07-11;2;12;220008;154499;59.0;41.5
79;2021-07-12;545;3694;220553;158193;59.2;42.5
79;2021-07-13;999;5188;221552;163381;59.5;43.8
79;2021-07-14;134;874;221686;164255;59.5;44.1
79;2021-07-15;1235;4681;222921;168936;59.8;45.3
79;2021-07-16;1333;4364;224254;173300;60.2;46.5
79;2021-07-17;577;2427;224831;175727;60.3;47.2
79;2021-07-18;45;498;224876;176225;60.3;47.3
79;2021-07-19;736;3315;225612;179540;60.5;48.2
79;2021-07-20;1232;3947;226844;183487;60.9;49.2
79;2021-07-21;1179;4197;228023;187684;61.2;50.4
79;2021-07-22;1354;3975;229377;191659;61.6;51.4
79;2021-07-23;1350;4555;230727;196214;61.9;52.7
79;2021-07-24;865;1499;231592;197713;62.2;53.1
79;2021-07-25;55;326;231647;198039;62.2;53.1
79;2021-07-26;1374;2598;233021;200637;62.5;53.8
79;2021-07-27;2084;2997;235105;203634;63.1;54.6
79;2021-07-28;2497;2494;237602;206128;63.8;55.3
79;2021-07-29;3009;2863;240611;208991;64.6;56.1
79;2021-07-30;2138;2818;242749;211809;65.1;56.8
79;2021-07-31;888;1157;243637;212966;65.4;57.2
79;2021-08-01;5;3;243642;212969;65.4;57.2
79;2021-08-02;1796;1544;245438;214513;65.9;57.6
79;2021-08-03;2821;2050;248259;216563;66.6;58.1
79;2021-08-04;2987;1744;251246;218307;67.4;58.6
79;2021-08-05;2901;2213;254147;220520;68.2;59.2
79;2021-08-06;2529;1637;256676;222157;68.9;59.6
79;2021-08-07;872;812;257548;222969;69.1;59.8
79;2021-08-08;4;3;257552;222972;69.1;59.8
79;2021-08-09;2490;1085;260042;224057;69.8;60.1
79;2021-08-10;2975;1545;263017;225602;70.6;60.5
79;2021-08-11;2578;1662;265595;227264;71.3;61.0
79;2021-08-12;2766;1425;268361;228689;72.0;61.4
79;2021-08-13;2865;1061;271226;229750;72.8;61.7
79;2021-08-14;518;391;271744;230141;72.9;61.8
79;2021-08-15;7;5;271751;230146;72.9;61.8
79;2021-08-16;1762;1197;273513;231343;73.4;62.1
79;2021-08-17;2101;1590;275614;232933;74.0;62.5
79;2021-08-18;1919;1915;277533;234848;74.5;63.0
79;2021-08-19;1612;1709;279145;236557;74.9;63.5
79;2021-08-20;1508;2159;280653;238716;75.3;64.1
79;2021-08-21;236;542;280889;239258;75.4;64.2
79;2021-08-22;1;21;280890;239279;75.4;64.2
79;2021-08-23;858;2175;281748;241454;75.6;64.8
79;2021-08-24;1065;2483;282813;243937;75.9;65.5
79;2021-08-25;1044;2758;283857;246695;76.2;66.2
79;2021-08-26;1015;2329;284872;249024;76.4;66.8
79;2021-08-27;609;2057;285481;251081;76.6;67.4
79;2021-08-28;295;839;285776;251920;76.7;67.6
79;2021-08-29;7;5;285783;251925;76.7;67.6
79;2021-08-30;553;2366;286336;254291;76.8;68.2
79;2021-08-31;633;2537;286969;256828;77.0;68.9
79;2021-09-01;647;2691;287616;259519;77.2;69.6
79;2021-09-02;755;2509;288371;262028;77.4;70.3
79;2021-09-03;631;2790;289002;264818;77.6;71.1
79;2021-09-04;265;722;289267;265540;77.6;71.3
79;2021-09-05;12;24;289279;265564;77.6;71.3
79;2021-09-06;329;1898;289608;267462;77.7;71.8
79;2021-09-07;330;2138;289938;269600;77.8;72.4
80;2020-12-27;0;0;0;0;0.0;0.0
80;2020-12-28;0;0;0;0;0.0;0.0
80;2020-12-29;11;0;11;0;0.0;0.0
80;2020-12-30;0;0;11;0;0.0;0.0
80;2020-12-31;0;0;11;0;0.0;0.0
80;2021-01-01;0;0;11;0;0.0;0.0
80;2021-01-02;0;0;11;0;0.0;0.0
80;2021-01-03;1;0;12;0;0.0;0.0
80;2021-01-04;0;0;12;0;0.0;0.0
80;2021-01-05;0;0;12;0;0.0;0.0
80;2021-01-06;30;0;42;0;0.0;0.0
80;2021-01-07;276;2;318;2;0.1;0.0
80;2021-01-08;330;0;648;2;0.1;0.0
80;2021-01-09;108;0;756;2;0.1;0.0
80;2021-01-10;21;0;777;2;0.1;0.0
80;2021-01-11;276;0;1053;2;0.2;0.0
80;2021-01-12;428;1;1481;3;0.3;0.0
80;2021-01-13;514;4;1995;7;0.4;0.0
80;2021-01-14;453;4;2448;11;0.4;0.0
80;2021-01-15;331;1;2779;12;0.5;0.0
80;2021-01-16;103;1;2882;13;0.5;0.0
80;2021-01-17;102;1;2984;14;0.5;0.0
80;2021-01-18;412;2;3396;16;0.6;0.0
80;2021-01-19;962;16;4358;32;0.8;0.0
80;2021-01-20;1086;10;5444;42;1.0;0.0
80;2021-01-21;1010;9;6454;51;1.1;0.0
80;2021-01-22;1113;4;7567;55;1.3;0.0
80;2021-01-23;908;3;8475;58;1.5;0.0
80;2021-01-24;824;5;9299;63;1.6;0.0
80;2021-01-25;1542;9;10841;72;1.9;0.0
80;2021-01-26;1480;11;12321;83;2.2;0.0
80;2021-01-27;822;22;13143;105;2.3;0.0
80;2021-01-28;623;160;13766;265;2.4;0.0
80;2021-01-29;637;194;14403;459;2.5;0.1
80;2021-01-30;85;55;14488;514;2.5;0.1
80;2021-01-31;0;0;14488;514;2.5;0.1
80;2021-02-01;26;245;14514;759;2.5;0.1
80;2021-02-02;21;435;14535;1194;2.6;0.2
80;2021-02-03;29;520;14564;1714;2.6;0.3
80;2021-02-04;278;333;14842;2047;2.6;0.4
80;2021-02-05;347;204;15189;2251;2.7;0.4
80;2021-02-06;168;64;15357;2315;2.7;0.4
80;2021-02-07;1;0;15358;2315;2.7;0.4
80;2021-02-08;426;219;15784;2534;2.8;0.4
80;2021-02-09;686;239;16470;2773;2.9;0.5
80;2021-02-10;606;480;17076;3253;3.0;0.6
80;2021-02-11;862;334;17938;3587;3.1;0.6
80;2021-02-12;946;300;18884;3887;3.3;0.7
80;2021-02-13;196;407;19080;4294;3.3;0.8
80;2021-02-14;78;554;19158;4848;3.4;0.9
80;2021-02-15;606;987;19764;5835;3.5;1.0
80;2021-02-16;688;1060;20452;6895;3.6;1.2
80;2021-02-17;485;1084;20937;7979;3.7;1.4
80;2021-02-18;569;1009;21506;8988;3.8;1.6
80;2021-02-19;503;736;22009;9724;3.9;1.7
80;2021-02-20;22;418;22031;10142;3.9;1.8
80;2021-02-21;47;42;22078;10184;3.9;1.8
80;2021-02-22;148;520;22226;10704;3.9;1.9
80;2021-02-23;471;631;22697;11335;4.0;2.0
80;2021-02-24;431;598;23128;11933;4.1;2.1
80;2021-02-25;815;470;23943;12403;4.2;2.2
80;2021-02-26;1063;459;25006;12862;4.4;2.3
80;2021-02-27;475;63;25481;12925;4.5;2.3
80;2021-02-28;49;22;25530;12947;4.5;2.3
80;2021-03-01;729;66;26259;13013;4.6;2.3
80;2021-03-02;1013;90;27272;13103;4.8;2.3
80;2021-03-03;982;54;28254;13157;5.0;2.3
80;2021-03-04;1391;222;29645;13379;5.2;2.3
80;2021-03-05;1874;327;31519;13706;5.5;2.4
80;2021-03-06;2918;333;34437;14039;6.0;2.5
80;2021-03-07;1843;78;36280;14117;6.4;2.5
80;2021-03-08;715;593;36995;14710;6.5;2.6
80;2021-03-09;1310;887;38305;15597;6.7;2.7
80;2021-03-10;1724;743;40029;16340;7.0;2.9
80;2021-03-11;1910;806;41939;17146;7.4;3.0
80;2021-03-12;3138;738;45077;17884;7.9;3.1
80;2021-03-13;4008;205;49085;18089;8.6;3.2
80;2021-03-14;350;13;49435;18102;8.7;3.2
80;2021-03-15;1014;243;50449;18345;8.9;3.2
80;2021-03-16;882;338;51331;18683;9.0;3.3
80;2021-03-17;665;275;51996;18958;9.1;3.3
80;2021-03-18;1002;295;52998;19253;9.3;3.4
80;2021-03-19;1739;379;54737;19632;9.6;3.4
80;2021-03-20;3822;117;58559;19749;10.3;3.5
80;2021-03-21;486;31;59045;19780;10.4;3.5
80;2021-03-22;903;287;59948;20067;10.5;3.5
80;2021-03-23;1713;417;61661;20484;10.8;3.6
80;2021-03-24;1755;465;63416;20949;11.1;3.7
80;2021-03-25;2715;447;66131;21396;11.6;3.8
80;2021-03-26;3105;420;69236;21816;12.2;3.8
80;2021-03-27;2237;227;71473;22043;12.5;3.9
80;2021-03-28;676;94;72149;22137;12.7;3.9
80;2021-03-29;1979;746;74128;22883;13.0;4.0
80;2021-03-30;1969;864;76097;23747;13.4;4.2
80;2021-03-31;1495;982;77592;24729;13.6;4.3
80;2021-04-01;1951;1486;79543;26215;14.0;4.6
80;2021-04-02;2811;1565;82354;27780;14.5;4.9
80;2021-04-03;3046;853;85400;28633;15.0;5.0
80;2021-04-04;134;8;85534;28641;15.0;5.0
80;2021-04-05;684;197;86218;28838;15.1;5.1
80;2021-04-06;1280;963;87498;29801;15.4;5.2
80;2021-04-07;1624;1197;89122;30998;15.6;5.4
80;2021-04-08;2154;841;91276;31839;16.0;5.6
80;2021-04-09;3529;1351;94805;33190;16.6;5.8
80;2021-04-10;2737;1946;97542;35136;17.1;6.2
80;2021-04-11;189;176;97731;35312;17.2;6.2
80;2021-04-12;1815;483;99546;35795;17.5;6.3
80;2021-04-13;2385;1034;101931;36829;17.9;6.5
80;2021-04-14;2770;1149;104701;37978;18.4;6.7
80;2021-04-15;3731;876;108432;38854;19.0;6.8
80;2021-04-16;3337;872;111769;39726;19.6;7.0
80;2021-04-17;1653;2296;113422;42022;19.9;7.4
80;2021-04-18;372;390;113794;42412;20.0;7.4
80;2021-04-19;951;773;114745;43185;20.1;7.6
80;2021-04-20;1612;819;116357;44004;20.4;7.7
80;2021-04-21;1612;996;117969;45000;20.7;7.9
80;2021-04-22;2167;1253;120136;46253;21.1;8.1
80;2021-04-23;2639;1245;122775;47498;21.5;8.3
80;2021-04-24;1356;1190;124131;48688;21.8;8.5
80;2021-04-25;209;531;124340;49219;21.8;8.6
80;2021-04-26;1295;1439;125635;50658;22.1;8.9
80;2021-04-27;2024;1398;127659;52056;22.4;9.1
80;2021-04-28;2199;1386;129858;53442;22.8;9.4
80;2021-04-29;3219;1875;133077;55317;23.4;9.7
80;2021-04-30;3081;2849;136158;58166;23.9;10.2
80;2021-05-01;987;658;137145;58824;24.1;10.3
80;2021-05-02;371;53;137516;58877;24.1;10.3
80;2021-05-03;2722;1186;140238;60063;24.6;10.5
80;2021-05-04;2495;1702;142733;61765;25.1;10.8
80;2021-05-05;3365;1896;146098;63661;25.6;11.2
80;2021-05-06;3172;2553;149270;66214;26.2;11.6
80;2021-05-07;3455;2696;152725;68910;26.8;12.1
80;2021-05-08;2782;926;155507;69836;27.3;12.3
80;2021-05-09;1408;268;156915;70104;27.5;12.3
80;2021-05-10;1880;1832;158795;71936;27.9;12.6
80;2021-05-11;3276;1804;162071;73740;28.4;12.9
80;2021-05-12;4702;1576;166773;75316;29.3;13.2
80;2021-05-13;3836;367;170609;75683;29.9;13.3
80;2021-05-14;5189;1395;175798;77078;30.9;13.5
80;2021-05-15;5918;1053;181716;78131;31.9;13.7
80;2021-05-16;2678;307;184394;78438;32.4;13.8
80;2021-05-17;2372;818;186766;79256;32.8;13.9
80;2021-05-18;3949;856;190715;80112;33.5;14.1
80;2021-05-19;4020;945;194735;81057;34.2;14.2
80;2021-05-20;4569;1221;199304;82278;35.0;14.4
80;2021-05-21;4892;1668;204196;83946;35.8;14.7
80;2021-05-22;5031;1159;209227;85105;36.7;14.9
80;2021-05-23;1783;238;211010;85343;37.0;15.0
80;2021-05-24;1469;159;212479;85502;37.3;15.0
80;2021-05-25;2622;1135;215101;86637;37.8;15.2
80;2021-05-26;4251;1702;219352;88339;38.5;15.5
80;2021-05-27;3977;2467;223329;90806;39.2;15.9
80;2021-05-28;3866;2977;227195;93783;39.9;16.5
80;2021-05-29;3699;1631;230894;95414;40.5;16.7
80;2021-05-30;1182;198;232076;95612;40.7;16.8
80;2021-05-31;2605;1373;234681;96985;41.2;17.0
80;2021-06-01;4032;2434;238713;99419;41.9;17.4
80;2021-06-02;3335;2006;242048;101425;42.5;17.8
80;2021-06-03;4268;2928;246316;104353;43.2;18.3
80;2021-06-04;4795;3085;251111;107438;44.1;18.9
80;2021-06-05;3561;2070;254672;109508;44.7;19.2
80;2021-06-06;802;211;255474;109719;44.8;19.3
80;2021-06-07;1753;1946;257227;111665;45.1;19.6
80;2021-06-08;2747;2554;259974;114219;45.6;20.0
80;2021-06-09;3010;2733;262984;116952;46.2;20.5
80;2021-06-10;3168;3170;266152;120122;46.7;21.1
80;2021-06-11;3223;3897;269375;124019;47.3;21.8
80;2021-06-12;3042;2324;272417;126343;47.8;22.2
80;2021-06-13;473;404;272890;126747;47.9;22.2
80;2021-06-14;1265;2851;274155;129598;48.1;22.7
80;2021-06-15;2315;3422;276470;133020;48.5;23.3
80;2021-06-16;1563;4213;278033;137233;48.8;24.1
80;2021-06-17;2362;3626;280395;140859;49.2;24.7
80;2021-06-18;2554;3900;282949;144759;49.7;25.4
80;2021-06-19;2989;4341;285938;149100;50.2;26.2
80;2021-06-20;203;1077;286141;150177;50.2;26.4
80;2021-06-21;1017;2620;287158;152797;50.4;26.8
80;2021-06-22;1152;3934;288310;156731;50.6;27.5
80;2021-06-23;1855;5291;290165;162022;50.9;28.4
80;2021-06-24;1701;4684;291866;166706;51.2;29.3
80;2021-06-25;1375;6123;293241;172829;51.5;30.3
80;2021-06-26;1936;6182;295177;179011;51.8;31.4
80;2021-06-27;332;2031;295509;181042;51.9;31.8
80;2021-06-28;909;3169;296418;184211;52.0;32.3
80;2021-06-29;1923;4619;298341;188830;52.4;33.1
80;2021-06-30;1251;4784;299592;193614;52.6;34.0
80;2021-07-01;1629;5000;301221;198614;52.9;34.9
80;2021-07-02;1880;5987;303101;204601;53.2;35.9
80;2021-07-03;1331;5267;304432;209868;53.4;36.8
80;2021-07-04;692;1470;305124;211338;53.6;37.1
80;2021-07-05;908;2963;306032;214301;53.7;37.6
80;2021-07-06;1873;3988;307905;218289;54.0;38.3
80;2021-07-07;1577;4507;309482;222796;54.3;39.1
80;2021-07-08;2097;5003;311579;227799;54.7;40.0
80;2021-07-09;2619;5471;314198;233270;55.1;40.9
80;2021-07-10;1634;4019;315832;237289;55.4;41.6
80;2021-07-11;406;804;316238;238093;55.5;41.8
80;2021-07-12;882;3379;317120;241472;55.7;42.4
80;2021-07-13;2102;5087;319222;246559;56.0;43.3
80;2021-07-14;2803;1748;322025;248307;56.5;43.6
80;2021-07-15;2808;5297;324833;253604;57.0;44.5
80;2021-07-16;3898;5890;328731;259494;57.7;45.5
80;2021-07-17;3384;4462;332115;263956;58.3;46.3
80;2021-07-18;875;896;332990;264852;58.4;46.5
80;2021-07-19;2163;2884;335153;267736;58.8;47.0
80;2021-07-20;3330;4903;338483;272639;59.4;47.9
80;2021-07-21;3509;4495;341992;277134;60.0;48.6
80;2021-07-22;4373;4574;346365;281708;60.8;49.4
80;2021-07-23;5407;4828;351772;286536;61.7;50.3
80;2021-07-24;4377;4344;356149;290880;62.5;51.1
80;2021-07-25;1186;649;357335;291529;62.7;51.2
80;2021-07-26;2682;2338;360017;293867;63.2;51.6
80;2021-07-27;4372;3708;364389;297575;64.0;52.2
80;2021-07-28;5102;2800;369491;300375;64.8;52.7
80;2021-07-29;4993;3228;374484;303603;65.7;53.3
80;2021-07-30;5028;3642;379512;307245;66.6;53.9
80;2021-07-31;4156;2929;383668;310174;67.3;54.4
80;2021-08-01;1288;362;384956;310536;67.6;54.5
80;2021-08-02;2058;1759;387014;312295;67.9;54.8
80;2021-08-03;3717;2363;390731;314658;68.6;55.2
80;2021-08-04;3367;2492;394098;317150;69.2;55.7
80;2021-08-05;3133;2573;397231;319723;69.7;56.1
80;2021-08-06;3247;2901;400478;322624;70.3;56.6
80;2021-08-07;2421;2664;402899;325288;70.7;57.1
80;2021-08-08;618;723;403517;326011;70.8;57.2
80;2021-08-09;1382;2121;404899;328132;71.1;57.6
80;2021-08-10;2342;2848;407241;330980;71.5;58.1
80;2021-08-11;1939;2482;409180;333462;71.8;58.5
80;2021-08-12;2236;2681;411416;336143;72.2;59.0
80;2021-08-13;1882;3156;413298;339299;72.5;59.6
80;2021-08-14;1411;2143;414709;341442;72.8;59.9
80;2021-08-15;318;673;415027;342115;72.8;60.0
80;2021-08-16;895;2517;415922;344632;73.0;60.5
80;2021-08-17;1706;3551;417628;348183;73.3;61.1
80;2021-08-18;1233;3712;418861;351895;73.5;61.8
80;2021-08-19;1559;3821;420420;355716;73.8;62.4
80;2021-08-20;1258;4430;421678;360146;74.0;63.2
80;2021-08-21;1069;2683;422747;362829;74.2;63.7
80;2021-08-22;145;679;422892;363508;74.2;63.8
80;2021-08-23;581;2997;423473;366505;74.3;64.3
80;2021-08-24;1091;4367;424564;370872;74.5;65.1
80;2021-08-25;970;3672;425534;374544;74.7;65.7
80;2021-08-26;956;3817;426490;378361;74.9;66.4
80;2021-08-27;1014;4454;427504;382815;75.0;67.2
80;2021-08-28;716;3348;428220;386163;75.2;67.8
80;2021-08-29;197;554;428417;386717;75.2;67.9
80;2021-08-30;499;2304;428916;389021;75.3;68.3
80;2021-08-31;749;3182;429665;392203;75.4;68.8
80;2021-09-01;674;2480;430339;394683;75.5;69.3
80;2021-09-02;525;2275;430864;396958;75.6;69.7
80;2021-09-03;756;3071;431620;400029;75.8;70.2
80;2021-09-04;951;2749;432571;402778;75.9;70.7
80;2021-09-05;165;372;432736;403150;75.9;70.8
80;2021-09-06;420;1555;433156;404705;76.0;71.0
80;2021-09-07;482;1828;433638;406533;76.1;71.4
81;2020-12-27;0;0;0;0;0.0;0.0
81;2020-12-28;0;0;0;0;0.0;0.0
81;2020-12-29;0;0;0;0;0.0;0.0
81;2020-12-30;0;0;0;0;0.0;0.0
81;2020-12-31;0;0;0;0;0.0;0.0
81;2021-01-01;0;0;0;0;0.0;0.0
81;2021-01-02;0;0;0;0;0.0;0.0
81;2021-01-03;0;0;0;0;0.0;0.0
81;2021-01-04;1;0;1;0;0.0;0.0
81;2021-01-05;0;0;1;0;0.0;0.0
81;2021-01-06;5;0;6;0;0.0;0.0
81;2021-01-07;266;0;272;0;0.1;0.0
81;2021-01-08;312;1;584;1;0.2;0.0
81;2021-01-09;74;1;658;2;0.2;0.0
81;2021-01-10;1;0;659;2;0.2;0.0
81;2021-01-11;133;0;792;2;0.2;0.0
81;2021-01-12;167;0;959;2;0.2;0.0
81;2021-01-13;233;1;1192;3;0.3;0.0
81;2021-01-14;963;7;2155;10;0.6;0.0
81;2021-01-15;524;3;2679;13;0.7;0.0
81;2021-01-16;72;0;2751;13;0.7;0.0
81;2021-01-17;0;0;2751;13;0.7;0.0
81;2021-01-18;581;2;3332;15;0.9;0.0
81;2021-01-19;662;4;3994;19;1.0;0.0
81;2021-01-20;752;2;4746;21;1.2;0.0
81;2021-01-21;1186;4;5932;25;1.5;0.0
81;2021-01-22;856;2;6788;27;1.7;0.0
81;2021-01-23;221;2;7009;29;1.8;0.0
81;2021-01-24;102;0;7111;29;1.8;0.0
81;2021-01-25;568;3;7679;32;2.0;0.0
81;2021-01-26;634;4;8313;36;2.1;0.0
81;2021-01-27;551;2;8864;38;2.3;0.0
81;2021-01-28;700;205;9564;243;2.5;0.1
81;2021-01-29;302;173;9866;416;2.5;0.1
81;2021-01-30;204;37;10070;453;2.6;0.1
81;2021-01-31;104;1;10174;454;2.6;0.1
81;2021-02-01;320;122;10494;576;2.7;0.1
81;2021-02-02;445;132;10939;708;2.8;0.2
81;2021-02-03;476;214;11415;922;2.9;0.2
81;2021-02-04;1446;683;12861;1605;3.3;0.4
81;2021-02-05;870;310;13731;1915;3.5;0.5
81;2021-02-06;274;18;14005;1933;3.6;0.5
81;2021-02-07;103;0;14108;1933;3.6;0.5
81;2021-02-08;275;203;14383;2136;3.7;0.6
81;2021-02-09;419;200;14802;2336;3.8;0.6
81;2021-02-10;371;274;15173;2610;3.9;0.7
81;2021-02-11;651;374;15824;2984;4.1;0.8
81;2021-02-12;579;526;16403;3510;4.2;0.9
81;2021-02-13;188;120;16591;3630;4.3;0.9
81;2021-02-14;100;1;16691;3631;4.3;0.9
81;2021-02-15;234;388;16925;4019;4.4;1.0
81;2021-02-16;281;524;17206;4543;4.4;1.2
81;2021-02-17;242;449;17448;4992;4.5;1.3
81;2021-02-18;482;606;17930;5598;4.6;1.4
81;2021-02-19;569;356;18499;5954;4.8;1.5
81;2021-02-20;322;246;18821;6200;4.9;1.6
81;2021-02-21;23;74;18844;6274;4.9;1.6
81;2021-02-22;232;474;19076;6748;4.9;1.7
81;2021-02-23;168;547;19244;7295;5.0;1.9
81;2021-02-24;291;554;19535;7849;5.0;2.0
81;2021-02-25;716;994;20251;8843;5.2;2.3
81;2021-02-26;909;927;21160;9770;5.5;2.5
81;2021-02-27;275;231;21435;10001;5.5;2.6
81;2021-02-28;21;74;21456;10075;5.5;2.6
81;2021-03-01;208;386;21664;10461;5.6;2.7
81;2021-03-02;364;513;22028;10974;5.7;2.8
81;2021-03-03;462;399;22490;11373;5.8;2.9
81;2021-03-04;1061;444;23551;11817;6.1;3.0
81;2021-03-05;1407;376;24958;12193;6.4;3.1
81;2021-03-06;982;161;25940;12354;6.7;3.2
81;2021-03-07;154;96;26094;12450;6.7;3.2
81;2021-03-08;466;353;26560;12803;6.8;3.3
81;2021-03-09;814;358;27374;13161;7.1;3.4
81;2021-03-10;899;385;28273;13546;7.3;3.5
81;2021-03-11;1352;358;29625;13904;7.6;3.6
81;2021-03-12;1690;301;31315;14205;8.1;3.7
81;2021-03-13;1030;185;32345;14390;8.3;3.7
81;2021-03-14;66;82;32411;14472;8.4;3.7
81;2021-03-15;1093;224;33504;14696;8.6;3.8
81;2021-03-16;724;225;34228;14921;8.8;3.8
81;2021-03-17;893;280;35121;15201;9.1;3.9
81;2021-03-18;970;575;36091;15776;9.3;4.1
81;2021-03-19;1271;456;37362;16232;9.6;4.2
81;2021-03-20;677;285;38039;16517;9.8;4.3
81;2021-03-21;139;22;38178;16539;9.8;4.3
81;2021-03-22;933;278;39111;16817;10.1;4.3
81;2021-03-23;1421;222;40532;17039;10.4;4.4
81;2021-03-24;1606;264;42138;17303;10.9;4.5
81;2021-03-25;2028;324;44166;17627;11.4;4.5
81;2021-03-26;2102;285;46268;17912;11.9;4.6
81;2021-03-27;1092;37;47360;17949;12.2;4.6
81;2021-03-28;734;38;48094;17987;12.4;4.6
81;2021-03-29;2867;190;50961;18177;13.1;4.7
81;2021-03-30;3055;211;54016;18388;13.9;4.7
81;2021-03-31;2691;300;56707;18688;14.6;4.8
81;2021-04-01;3314;563;60021;19251;15.5;5.0
81;2021-04-02;2615;369;62636;19620;16.1;5.1
81;2021-04-03;1147;305;63783;19925;16.4;5.1
81;2021-04-04;1403;24;65186;19949;16.8;5.1
81;2021-04-05;718;19;65904;19968;17.0;5.1
81;2021-04-06;1599;512;67503;20480;17.4;5.3
81;2021-04-07;1815;583;69318;21063;17.9;5.4
81;2021-04-08;2619;820;71937;21883;18.5;5.6
81;2021-04-09;3052;476;74989;22359;19.3;5.8
81;2021-04-10;1476;515;76465;22874;19.7;5.9
81;2021-04-11;1298;70;77763;22944;20.0;5.9
81;2021-04-12;1220;685;78983;23629;20.4;6.1
81;2021-04-13;2529;791;81512;24420;21.0;6.3
81;2021-04-14;2507;835;84019;25255;21.7;6.5
81;2021-04-15;3098;1201;87117;26456;22.5;6.8
81;2021-04-16;2822;1090;89939;27546;23.2;7.1
81;2021-04-17;1145;296;91084;27842;23.5;7.2
81;2021-04-18;519;145;91603;27987;23.6;7.2
81;2021-04-19;913;819;92516;28806;23.9;7.4
81;2021-04-20;2270;1168;94786;29974;24.4;7.7
81;2021-04-21;2224;1006;97010;30980;25.0;8.0
81;2021-04-22;2817;1061;99827;32041;25.7;8.3
81;2021-04-23;2886;969;102713;33010;26.5;8.5
81;2021-04-24;1327;742;104040;33752;26.8;8.7
81;2021-04-25;454;715;104494;34467;26.9;8.9
81;2021-04-26;1061;2421;105555;36888;27.2;9.5
81;2021-04-27;1597;2351;107152;39239;27.6;10.1
81;2021-04-28;1427;2395;108579;41634;28.0;10.7
81;2021-04-29;1818;2740;110397;44374;28.5;11.4
81;2021-04-30;2014;2349;112411;46723;29.0;12.0
81;2021-05-01;362;685;112773;47408;29.1;12.2
81;2021-05-02;291;1377;113064;48785;29.1;12.6
81;2021-05-03;1116;1170;114180;49955;29.4;12.9
81;2021-05-04;2619;1909;116799;51864;30.1;13.4
81;2021-05-05;2016;1932;118815;53796;30.6;13.9
81;2021-05-06;2748;3454;121563;57250;31.3;14.8
81;2021-05-07;2128;2881;123691;60131;31.9;15.5
81;2021-05-08;963;878;124654;61009;32.1;15.7
81;2021-05-09;534;1351;125188;62360;32.3;16.1
81;2021-05-10;825;1600;126013;63960;32.5;16.5
81;2021-05-11;1661;2575;127674;66535;32.9;17.2
81;2021-05-12;1640;2465;129314;69000;33.3;17.8
81;2021-05-13;1216;564;130530;69564;33.7;17.9
81;2021-05-14;1890;1724;132420;71288;34.1;18.4
81;2021-05-15;1511;618;133931;71906;34.5;18.5
81;2021-05-16;1368;417;135299;72323;34.9;18.6
81;2021-05-17;1167;864;136466;73187;35.2;18.9
81;2021-05-18;1702;1428;138168;74615;35.6;19.2
81;2021-05-19;2643;1244;140811;75859;36.3;19.6
81;2021-05-20;2968;1351;143779;77210;37.1;19.9
81;2021-05-21;2739;1116;146518;78326;37.8;20.2
81;2021-05-22;2815;520;149333;78846;38.5;20.3
81;2021-05-23;1178;74;150511;78920;38.8;20.3
81;2021-05-24;837;81;151348;79001;39.0;20.4
81;2021-05-25;2493;1105;153841;80106;39.7;20.7
81;2021-05-26;1892;799;155733;80905;40.1;20.9
81;2021-05-27;2556;1545;158289;82450;40.8;21.3
81;2021-05-28;2566;1663;160855;84113;41.5;21.7
81;2021-05-29;1400;542;162255;84655;41.8;21.8
81;2021-05-30;935;219;163190;84874;42.1;21.9
81;2021-05-31;1183;1336;164373;86210;42.4;22.2
81;2021-06-01;1781;2696;166154;88906;42.8;22.9
81;2021-06-02;2006;2448;168160;91354;43.4;23.6
81;2021-06-03;2004;2534;170164;93888;43.9;24.2
81;2021-06-04;1845;2947;172009;96835;44.3;25.0
81;2021-06-05;1758;1307;173767;98142;44.8;25.3
81;2021-06-06;370;366;174137;98508;44.9;25.4
81;2021-06-07;1209;1540;175346;100048;45.2;25.8
81;2021-06-08;2371;2385;177717;102433;45.8;26.4
81;2021-06-09;2440;1868;180157;104301;46.4;26.9
81;2021-06-10;1279;1563;181436;105864;46.8;27.3
81;2021-06-11;2658;2200;184094;108064;47.5;27.9
81;2021-06-12;1659;1037;185753;109101;47.9;28.1
81;2021-06-13;444;475;186197;109576;48.0;28.2
81;2021-06-14;774;1419;186971;110995;48.2;28.6
81;2021-06-15;1678;3499;188649;114494;48.6;29.5
81;2021-06-16;1269;3013;189918;117507;49.0;30.3
81;2021-06-17;1344;2525;191262;120032;49.3;30.9
81;2021-06-18;1837;2771;193099;122803;49.8;31.7
81;2021-06-19;825;950;193924;123753;50.0;31.9
81;2021-06-20;405;536;194329;124289;50.1;32.0
81;2021-06-21;426;1038;194755;125327;50.2;32.3
81;2021-06-22;1061;2568;195816;127895;50.5;33.0
81;2021-06-23;1142;2158;196958;130053;50.8;33.5
81;2021-06-24;1115;1939;198073;131992;51.1;34.0
81;2021-06-25;1241;2868;199314;134860;51.4;34.8
81;2021-06-26;722;1712;200036;136572;51.6;35.2
81;2021-06-27;526;1646;200562;138218;51.7;35.6
81;2021-06-28;476;1540;201038;139758;51.8;36.0
81;2021-06-29;1083;2637;202121;142395;52.1;36.7
81;2021-06-30;1042;3153;203163;145548;52.4;37.5
81;2021-07-01;951;2628;204114;148176;52.6;38.2
81;2021-07-02;1070;2860;205184;151036;52.9;38.9
81;2021-07-03;732;2829;205916;153865;53.1;39.7
81;2021-07-04;268;1010;206184;154875;53.2;39.9
81;2021-07-05;703;1624;206887;156499;53.3;40.3
81;2021-07-06;975;3177;207862;159676;53.6;41.2
81;2021-07-07;1059;2436;208921;162112;53.9;41.8
81;2021-07-08;1030;2232;209951;164344;54.1;42.4
81;2021-07-09;1147;2704;211098;167048;54.4;43.1
81;2021-07-10;807;1523;211905;168571;54.6;43.5
81;2021-07-11;436;1012;212341;169583;54.7;43.7
81;2021-07-12;737;1726;213078;171309;54.9;44.2
81;2021-07-13;2066;3143;215144;174452;55.5;45.0
81;2021-07-14;1443;1572;216587;176024;55.8;45.4
81;2021-07-15;2546;2761;219133;178785;56.5;46.1
81;2021-07-16;2035;3030;221168;181815;57.0;46.9
81;2021-07-17;1219;2452;222387;184267;57.3;47.5
81;2021-07-18;672;1130;223059;185397;57.5;47.8
81;2021-07-19;1255;1734;224314;187131;57.8;48.2
81;2021-07-20;3066;2807;227380;189938;58.6;49.0
81;2021-07-21;3492;2345;230872;192283;59.5;49.6
81;2021-07-22;3561;2099;234433;194382;60.4;50.1
81;2021-07-23;3173;3248;237606;197630;61.3;50.9
81;2021-07-24;2519;1722;240125;199352;61.9;51.4
81;2021-07-25;1685;710;241810;200062;62.3;51.6
81;2021-07-26;2015;1546;243825;201608;62.9;52.0
81;2021-07-27;3619;2543;247444;204151;63.8;52.6
81;2021-07-28;3052;2205;250496;206356;64.6;53.2
81;2021-07-29;3355;1779;253851;208135;65.4;53.7
81;2021-07-30;2829;2259;256680;210394;66.2;54.2
81;2021-07-31;1948;1015;258628;211409;66.7;54.5
81;2021-08-01;836;637;259464;212046;66.9;54.7
81;2021-08-02;1076;989;260540;213035;67.2;54.9
81;2021-08-03;2361;2115;262901;215150;67.8;55.5
81;2021-08-04;2030;1536;264931;216686;68.3;55.9
81;2021-08-05;1539;1873;266470;218559;68.7;56.3
81;2021-08-06;1729;1972;268199;220531;69.1;56.9
81;2021-08-07;983;1042;269182;221573;69.4;57.1
81;2021-08-08;437;708;269619;222281;69.5;57.3
81;2021-08-09;804;659;270423;222940;69.7;57.5
81;2021-08-10;1606;2755;272029;225695;70.1;58.2
81;2021-08-11;1109;2408;273138;228103;70.4;58.8
81;2021-08-12;1060;2249;274198;230352;70.7;59.4
81;2021-08-13;871;2470;275069;232822;70.9;60.0
81;2021-08-14;496;1874;275565;234696;71.0;60.5
81;2021-08-15;141;1100;275706;235796;71.1;60.8
81;2021-08-16;628;1820;276334;237616;71.2;61.3
81;2021-08-17;1344;3101;277678;240717;71.6;62.1
81;2021-08-18;1057;2360;278735;243077;71.9;62.7
81;2021-08-19;936;2266;279671;245343;72.1;63.2
81;2021-08-20;915;2353;280586;247696;72.3;63.9
81;2021-08-21;466;1535;281052;249231;72.5;64.3
81;2021-08-22;184;930;281236;250161;72.5;64.5
81;2021-08-23;482;1263;281718;251424;72.6;64.8
81;2021-08-24;838;2538;282556;253962;72.8;65.5
81;2021-08-25;699;2052;283255;256014;73.0;66.0
81;2021-08-26;851;2107;284106;258121;73.2;66.5
81;2021-08-27;845;2181;284951;260302;73.5;67.1
81;2021-08-28;472;1414;285423;261716;73.6;67.5
81;2021-08-29;163;829;285586;262545;73.6;67.7
81;2021-08-30;416;1210;286002;263755;73.7;68.0
81;2021-08-31;825;2114;286827;265869;73.9;68.5
81;2021-09-01;645;1409;287472;267278;74.1;68.9
81;2021-09-02;567;1305;288039;268583;74.3;69.2
81;2021-09-03;578;1461;288617;270044;74.4;69.6
81;2021-09-04;496;931;289113;270975;74.5;69.9
81;2021-09-05;98;245;289211;271220;74.6;69.9
81;2021-09-06;271;677;289482;271897;74.6;70.1
81;2021-09-07;375;1371;289857;273268;74.7;70.4
82;2020-12-27;0;0;0;0;0.0;0.0
82;2020-12-28;2;0;2;0;0.0;0.0
82;2020-12-29;0;0;2;0;0.0;0.0
82;2020-12-30;0;0;2;0;0.0;0.0
82;2020-12-31;0;0;2;0;0.0;0.0
82;2021-01-01;0;0;2;0;0.0;0.0
82;2021-01-02;0;0;2;0;0.0;0.0
82;2021-01-03;0;0;2;0;0.0;0.0
82;2021-01-04;0;0;2;0;0.0;0.0
82;2021-01-05;86;0;88;0;0.0;0.0
82;2021-01-06;1;0;89;0;0.0;0.0
82;2021-01-07;75;0;164;0;0.1;0.0
82;2021-01-08;46;0;210;0;0.1;0.0
82;2021-01-09;77;0;287;0;0.1;0.0
82;2021-01-10;0;0;287;0;0.1;0.0
82;2021-01-11;94;0;381;0;0.1;0.0
82;2021-01-12;284;0;665;0;0.3;0.0
82;2021-01-13;336;1;1001;1;0.4;0.0
82;2021-01-14;444;3;1445;4;0.6;0.0
82;2021-01-15;612;2;2057;6;0.8;0.0
82;2021-01-16;230;3;2287;9;0.9;0.0
82;2021-01-17;89;0;2376;9;0.9;0.0
82;2021-01-18;432;0;2808;9;1.1;0.0
82;2021-01-19;482;1;3290;10;1.3;0.0
82;2021-01-20;663;2;3953;12;1.5;0.0
82;2021-01-21;447;1;4400;13;1.7;0.0
82;2021-01-22;483;2;4883;15;1.9;0.0
82;2021-01-23;151;0;5034;15;1.9;0.0
82;2021-01-24;0;0;5034;15;1.9;0.0
82;2021-01-25;376;0;5410;15;2.1;0.0
82;2021-01-26;468;0;5878;15;2.2;0.0
82;2021-01-27;519;0;6397;15;2.4;0.0
82;2021-01-28;586;34;6983;49;2.7;0.0
82;2021-01-29;405;108;7388;157;2.8;0.1
82;2021-01-30;44;20;7432;177;2.8;0.1
82;2021-01-31;0;0;7432;177;2.8;0.1
82;2021-02-01;294;54;7726;231;2.9;0.1
82;2021-02-02;344;97;8070;328;3.1;0.1
82;2021-02-03;462;66;8532;394;3.2;0.2
82;2021-02-04;765;216;9297;610;3.5;0.2
82;2021-02-05;480;142;9777;752;3.7;0.3
82;2021-02-06;93;36;9870;788;3.8;0.3
82;2021-02-07;29;79;9899;867;3.8;0.3
82;2021-02-08;149;207;10048;1074;3.8;0.4
82;2021-02-09;238;373;10286;1447;3.9;0.6
82;2021-02-10;271;569;10557;2016;4.0;0.8
82;2021-02-11;225;375;10782;2391;4.1;0.9
82;2021-02-12;190;575;10972;2966;4.2;1.1
82;2021-02-13;60;111;11032;3077;4.2;1.2
82;2021-02-14;5;66;11037;3143;4.2;1.2
82;2021-02-15;217;282;11254;3425;4.3;1.3
82;2021-02-16;280;362;11534;3787;4.4;1.4
82;2021-02-17;359;498;11893;4285;4.5;1.6
82;2021-02-18;507;490;12400;4775;4.7;1.8
82;2021-02-19;490;525;12890;5300;4.9;2.0
82;2021-02-20;78;129;12968;5429;4.9;2.1
82;2021-02-21;0;0;12968;5429;4.9;2.1
82;2021-02-22;200;379;13168;5808;5.0;2.2
82;2021-02-23;277;442;13445;6250;5.1;2.4
82;2021-02-24;283;428;13728;6678;5.2;2.5
82;2021-02-25;639;491;14367;7169;5.5;2.7
82;2021-02-26;648;387;15015;7556;5.7;2.9
82;2021-02-27;214;67;15229;7623;5.8;2.9
82;2021-02-28;30;7;15259;7630;5.8;2.9
82;2021-03-01;291;213;15550;7843;5.9;3.0
82;2021-03-02;495;381;16045;8224;6.1;3.1
82;2021-03-03;440;369;16485;8593;6.3;3.3
82;2021-03-04;600;295;17085;8888;6.5;3.4
82;2021-03-05;680;373;17765;9261;6.8;3.5
82;2021-03-06;693;42;18458;9303;7.0;3.5
82;2021-03-07;302;3;18760;9306;7.1;3.5
82;2021-03-08;603;151;19363;9457;7.4;3.6
82;2021-03-09;582;253;19945;9710;7.6;3.7
82;2021-03-10;779;243;20724;9953;7.9;3.8
82;2021-03-11;976;283;21700;10236;8.3;3.9
82;2021-03-12;992;101;22692;10337;8.6;3.9
82;2021-03-13;564;54;23256;10391;8.9;4.0
82;2021-03-14;61;5;23317;10396;8.9;4.0
82;2021-03-15;485;320;23802;10716;9.1;4.1
82;2021-03-16;197;329;23999;11045;9.1;4.2
82;2021-03-17;191;291;24190;11336;9.2;4.3
82;2021-03-18;279;347;24469;11683;9.3;4.4
82;2021-03-19;533;310;25002;11993;9.5;4.6
82;2021-03-20;251;58;25253;12051;9.6;4.6
82;2021-03-21;23;0;25276;12051;9.6;4.6
82;2021-03-22;406;320;25682;12371;9.8;4.7
82;2021-03-23;601;312;26283;12683;10.0;4.8
82;2021-03-24;620;328;26903;13011;10.2;5.0
82;2021-03-25;928;245;27831;13256;10.6;5.0
82;2021-03-26;1216;270;29047;13526;11.1;5.2
82;2021-03-27;479;78;29526;13604;11.2;5.2
82;2021-03-28;136;2;29662;13606;11.3;5.2
82;2021-03-29;925;377;30587;13983;11.6;5.3
82;2021-03-30;1188;280;31775;14263;12.1;5.4
82;2021-03-31;1019;262;32794;14525;12.5;5.5
82;2021-04-01;1072;195;33866;14720;12.9;5.6
82;2021-04-02;1212;286;35078;15006;13.4;5.7
82;2021-04-03;715;131;35793;15137;13.6;5.8
82;2021-04-04;276;14;36069;15151;13.7;5.8
82;2021-04-05;388;20;36457;15171;13.9;5.8
82;2021-04-06;953;512;37410;15683;14.2;6.0
82;2021-04-07;1017;497;38427;16180;14.6;6.2
82;2021-04-08;1454;419;39881;16599;15.2;6.3
82;2021-04-09;1656;472;41537;17071;15.8;6.5
82;2021-04-10;1716;102;43253;17173;16.5;6.5
82;2021-04-11;559;19;43812;17192;16.7;6.5
82;2021-04-12;1348;293;45160;17485;17.2;6.7
82;2021-04-13;1626;272;46786;17757;17.8;6.8
82;2021-04-14;1411;296;48197;18053;18.4;6.9
82;2021-04-15;1782;324;49979;18377;19.0;7.0
82;2021-04-16;1541;335;51520;18712;19.6;7.1
82;2021-04-17;1243;70;52763;18782;20.1;7.2
82;2021-04-18;561;15;53324;18797;20.3;7.2
82;2021-04-19;958;357;54282;19154;20.7;7.3
82;2021-04-20;1268;401;55550;19555;21.2;7.4
82;2021-04-21;1219;373;56769;19928;21.6;7.6
82;2021-04-22;1452;294;58221;20222;22.2;7.7
82;2021-04-23;1076;682;59297;20904;22.6;8.0
82;2021-04-24;1188;264;60485;21168;23.0;8.1
82;2021-04-25;736;48;61221;21216;23.3;8.1
82;2021-04-26;748;809;61969;22025;23.6;8.4
82;2021-04-27;905;924;62874;22949;23.9;8.7
82;2021-04-28;921;899;63795;23848;24.3;9.1
82;2021-04-29;1107;912;64902;24760;24.7;9.4
82;2021-04-30;1042;885;65944;25645;25.1;9.8
82;2021-05-01;1143;258;67087;25903;25.5;9.9
82;2021-05-02;697;145;67784;26048;25.8;9.9
82;2021-05-03;410;1215;68194;27263;26.0;10.4
82;2021-05-04;864;1170;69058;28433;26.3;10.8
82;2021-05-05;568;1173;69626;29606;26.5;11.3
82;2021-05-06;848;1415;70474;31021;26.8;11.8
82;2021-05-07;734;1455;71208;32476;27.1;12.4
82;2021-05-08;935;520;72143;32996;27.5;12.6
82;2021-05-09;753;578;72896;33574;27.8;12.8
82;2021-05-10;850;1363;73746;34937;28.1;13.3
82;2021-05-11;1157;1348;74903;36285;28.5;13.8
82;2021-05-12;1016;1346;75919;37631;28.9;14.3
82;2021-05-13;1454;432;77373;38063;29.5;14.5
82;2021-05-14;1691;1240;79064;39303;30.1;15.0
82;2021-05-15;1935;697;80999;40000;30.8;15.2
82;2021-05-16;558;115;81557;40115;31.1;15.3
82;2021-05-17;1090;1172;82647;41287;31.5;15.7
82;2021-05-18;1466;1189;84113;42476;32.0;16.2
82;2021-05-19;1272;975;85385;43451;32.5;16.5
82;2021-05-20;1408;1161;86793;44612;33.0;17.0
82;2021-05-21;1411;1218;88204;45830;33.6;17.5
82;2021-05-22;2069;625;90273;46455;34.4;17.7
82;2021-05-23;705;117;90978;46572;34.6;17.7
82;2021-05-24;1441;265;92419;46837;35.2;17.8
82;2021-05-25;1445;964;93864;47801;35.7;18.2
82;2021-05-26;1413;921;95277;48722;36.3;18.6
82;2021-05-27;1460;1025;96737;49747;36.8;18.9
82;2021-05-28;1540;1140;98277;50887;37.4;19.4
82;2021-05-29;1496;544;99773;51431;38.0;19.6
82;2021-05-30;402;101;100175;51532;38.1;19.6
82;2021-05-31;1491;991;101666;52523;38.7;20.0
82;2021-06-01;1751;1050;103417;53573;39.4;20.4
82;2021-06-02;1476;1008;104893;54581;39.9;20.8
82;2021-06-03;1490;1183;106383;55764;40.5;21.2
82;2021-06-04;2250;1304;108633;57068;41.4;21.7
82;2021-06-05;2271;984;110904;58052;42.2;22.1
82;2021-06-06;329;133;111233;58185;42.4;22.2
82;2021-06-07;958;1275;112191;59460;42.7;22.6
82;2021-06-08;1445;1141;113636;60601;43.3;23.1
82;2021-06-09;1709;1143;115345;61744;43.9;23.5
82;2021-06-10;1441;1208;116786;62952;44.5;24.0
82;2021-06-11;1922;1125;118708;64077;45.2;24.4
82;2021-06-12;2392;1396;121100;65473;46.1;24.9
82;2021-06-13;379;113;121479;65586;46.3;25.0
82;2021-06-14;1213;1081;122692;66667;46.7;25.4
82;2021-06-15;1462;1245;124154;67912;47.3;25.9
82;2021-06-16;1751;1168;125905;69080;47.9;26.3
82;2021-06-17;1219;1471;127124;70551;48.4;26.9
82;2021-06-18;1469;1439;128593;71990;49.0;27.4
82;2021-06-19;2271;982;130864;72972;49.8;27.8
82;2021-06-20;268;173;131132;73145;49.9;27.9
82;2021-06-21;483;1360;131615;74505;50.1;28.4
82;2021-06-22;892;1709;132507;76214;50.5;29.0
82;2021-06-23;1238;1587;133745;77801;50.9;29.6
82;2021-06-24;757;1905;134502;79706;51.2;30.4
82;2021-06-25;741;1938;135243;81644;51.5;31.1
82;2021-06-26;1240;2144;136483;83788;52.0;31.9
82;2021-06-27;195;438;136678;84226;52.0;32.1
82;2021-06-28;329;1412;137007;85638;52.2;32.6
82;2021-06-29;518;1842;137525;87480;52.4;33.3
82;2021-06-30;948;1912;138473;89392;52.7;34.0
82;2021-07-01;659;1633;139132;91025;53.0;34.7
82;2021-07-02;931;2294;140063;93319;53.3;35.5
82;2021-07-03;859;2340;140922;95659;53.7;36.4
82;2021-07-04;120;439;141042;96098;53.7;36.6
82;2021-07-05;444;1561;141486;97659;53.9;37.2
82;2021-07-06;513;1866;141999;99525;54.1;37.9
82;2021-07-07;792;1773;142791;101298;54.4;38.6
82;2021-07-08;504;1504;143295;102802;54.6;39.1
82;2021-07-09;781;2154;144076;104956;54.9;40.0
82;2021-07-10;706;2216;144782;107172;55.1;40.8
82;2021-07-11;39;380;144821;107552;55.1;41.0
82;2021-07-12;578;1884;145399;109436;55.4;41.7
82;2021-07-13;715;2003;146114;111439;55.6;42.4
82;2021-07-14;617;741;146731;112180;55.9;42.7
82;2021-07-15;858;1751;147589;113931;56.2;43.4
82;2021-07-16;1438;2638;149027;116569;56.7;44.4
82;2021-07-17;561;2185;149588;118754;57.0;45.2
82;2021-07-18;14;41;149602;118795;57.0;45.2
82;2021-07-19;737;2071;150339;120866;57.2;46.0
82;2021-07-20;920;1884;151259;122750;57.6;46.7
82;2021-07-21;1289;1761;152548;124511;58.1;47.4
82;2021-07-22;1083;1767;153631;126278;58.5;48.1
82;2021-07-23;1054;2986;154685;129264;58.9;49.2
82;2021-07-24;1103;1490;155788;130754;59.3;49.8
82;2021-07-25;303;73;156091;130827;59.4;49.8
82;2021-07-26;952;1897;157043;132724;59.8;50.5
82;2021-07-27;1341;1639;158384;134363;60.3;51.2
82;2021-07-28;1468;1499;159852;135862;60.9;51.7
82;2021-07-29;1329;1534;161181;137396;61.4;52.3
82;2021-07-30;1539;2476;162720;139872;62.0;53.3
82;2021-07-31;459;295;163179;140167;62.1;53.4
82;2021-08-01;273;50;163452;140217;62.2;53.4
82;2021-08-02;1271;875;164723;141092;62.7;53.7
82;2021-08-03;1433;832;166156;141924;63.3;54.0
82;2021-08-04;1364;1031;167520;142955;63.8;54.4
82;2021-08-05;1490;600;169010;143555;64.4;54.7
82;2021-08-06;994;647;170004;144202;64.7;54.9
82;2021-08-07;923;1194;170927;145396;65.1;55.4
82;2021-08-08;155;65;171082;145461;65.1;55.4
82;2021-08-09;1072;895;172154;146356;65.6;55.7
82;2021-08-10;1289;915;173443;147271;66.0;56.1
82;2021-08-11;1262;1124;174705;148395;66.5;56.5
82;2021-08-12;1471;947;176176;149342;67.1;56.9
82;2021-08-13;1412;999;177588;150341;67.6;57.2
82;2021-08-14;312;483;177900;150824;67.7;57.4
82;2021-08-15;61;38;177961;150862;67.8;57.4
82;2021-08-16;781;1462;178742;152324;68.1;58.0
82;2021-08-17;1061;1236;179803;153560;68.5;58.5
82;2021-08-18;613;849;180416;154409;68.7;58.8
82;2021-08-19;1005;1146;181421;155555;69.1;59.2
82;2021-08-20;1032;1903;182453;157458;69.5;60.0
82;2021-08-21;495;989;182948;158447;69.7;60.3
82;2021-08-22;21;55;182969;158502;69.7;60.4
82;2021-08-23;742;1294;183711;159796;70.0;60.8
82;2021-08-24;858;1116;184569;160912;70.3;61.3
82;2021-08-25;847;1535;185416;162447;70.6;61.9
82;2021-08-26;594;1096;186010;163543;70.8;62.3
82;2021-08-27;897;1682;186907;165225;71.2;62.9
82;2021-08-28;211;616;187118;165841;71.3;63.1
82;2021-08-29;37;49;187155;165890;71.3;63.2
82;2021-08-30;429;1024;187584;166914;71.4;63.6
82;2021-08-31;338;1022;187922;167936;71.6;63.9
82;2021-09-01;719;1404;188641;169340;71.8;64.5
82;2021-09-02;400;1295;189041;170635;72.0;65.0
82;2021-09-03;498;1880;189539;172515;72.2;65.7
82;2021-09-04;422;734;189961;173249;72.3;66.0
82;2021-09-05;6;23;189967;173272;72.3;66.0
82;2021-09-06;372;1286;190339;174558;72.5;66.5
82;2021-09-07;207;959;190546;175517;72.6;66.8
83;2020-12-27;1;0;1;0;0.0;0.0
83;2020-12-28;0;0;1;0;0.0;0.0
83;2020-12-29;2;0;3;0;0.0;0.0
83;2020-12-30;1;0;4;0;0.0;0.0
83;2020-12-31;0;0;4;0;0.0;0.0
83;2021-01-01;1;0;5;0;0.0;0.0
83;2021-01-02;0;0;5;0;0.0;0.0
83;2021-01-03;1;0;6;0;0.0;0.0
83;2021-01-04;1;0;7;0;0.0;0.0
83;2021-01-05;4;0;11;0;0.0;0.0
83;2021-01-06;69;0;80;0;0.0;0.0
83;2021-01-07;324;0;404;0;0.0;0.0
83;2021-01-08;422;0;826;0;0.1;0.0
83;2021-01-09;48;0;874;0;0.1;0.0
83;2021-01-10;1;0;875;0;0.1;0.0
83;2021-01-11;475;0;1350;0;0.1;0.0
83;2021-01-12;1002;4;2352;4;0.2;0.0
83;2021-01-13;962;7;3314;11;0.3;0.0
83;2021-01-14;844;5;4158;16;0.4;0.0
83;2021-01-15;702;1;4860;17;0.5;0.0
83;2021-01-16;41;1;4901;18;0.5;0.0
83;2021-01-17;1;0;4902;18;0.5;0.0
83;2021-01-18;1223;4;6125;22;0.6;0.0
83;2021-01-19;2018;7;8143;29;0.8;0.0
83;2021-01-20;1659;10;9802;39;0.9;0.0
83;2021-01-21;2101;8;11903;47;1.1;0.0
83;2021-01-22;1658;6;13561;53;1.3;0.0
83;2021-01-23;245;0;13806;53;1.3;0.0
83;2021-01-24;21;1;13827;54;1.3;0.0
83;2021-01-25;1554;7;15381;61;1.4;0.0
83;2021-01-26;1758;14;17139;75;1.6;0.0
83;2021-01-27;2153;80;19292;155;1.8;0.0
83;2021-01-28;5089;357;24381;512;2.3;0.0
83;2021-01-29;2948;344;27329;856;2.5;0.1
83;2021-01-30;235;42;27564;898;2.6;0.1
83;2021-01-31;46;0;27610;898;2.6;0.1
83;2021-02-01;1281;394;28891;1292;2.7;0.1
83;2021-02-02;1438;705;30329;1997;2.8;0.2
83;2021-02-03;1527;604;31856;2601;3.0;0.2
83;2021-02-04;1483;721;33339;3322;3.1;0.3
83;2021-02-05;1224;649;34563;3971;3.2;0.4
83;2021-02-06;23;14;34586;3985;3.2;0.4
83;2021-02-07;1;0;34587;3985;3.2;0.4
83;2021-02-08;1089;579;35676;4564;3.3;0.4
83;2021-02-09;1324;881;37000;5445;3.4;0.5
83;2021-02-10;1533;770;38533;6215;3.6;0.6
83;2021-02-11;1606;993;40139;7208;3.7;0.7
83;2021-02-12;1347;793;41486;8001;3.9;0.7
83;2021-02-13;54;23;41540;8024;3.9;0.7
83;2021-02-14;0;0;41540;8024;3.9;0.7
83;2021-02-15;671;877;42211;8901;3.9;0.8
83;2021-02-16;542;1218;42753;10119;4.0;0.9
83;2021-02-17;804;1651;43557;11770;4.1;1.1
83;2021-02-18;1626;3650;45183;15420;4.2;1.4
83;2021-02-19;1478;2152;46661;17572;4.3;1.6
83;2021-02-20;63;165;46724;17737;4.4;1.7
83;2021-02-21;25;34;46749;17771;4.4;1.7
83;2021-02-22;504;1563;47253;19334;4.4;1.8
83;2021-02-23;671;1267;47924;20601;4.5;1.9
83;2021-02-24;723;1310;48647;21911;4.5;2.0
83;2021-02-25;1250;1235;49897;23146;4.6;2.2
83;2021-02-26;1299;1100;51196;24246;4.8;2.3
83;2021-02-27;552;54;51748;24300;4.8;2.3
83;2021-02-28;10;13;51758;24313;4.8;2.3
83;2021-03-01;810;1110;52568;25423;4.9;2.4
83;2021-03-02;988;1186;53556;26609;5.0;2.5
83;2021-03-03;1439;1409;54995;28018;5.1;2.6
83;2021-03-04;1890;1276;56885;29294;5.3;2.7
83;2021-03-05;2218;1164;59103;30458;5.5;2.8
83;2021-03-06;3010;113;62113;30571;5.8;2.8
83;2021-03-07;2227;44;64340;30615;6.0;2.9
83;2021-03-08;850;1268;65190;31883;6.1;3.0
83;2021-03-09;1932;1182;67122;33065;6.3;3.1
83;2021-03-10;2379;1337;69501;34402;6.5;3.2
83;2021-03-11;3675;2167;73176;36569;6.8;3.4
83;2021-03-12;3643;1486;76819;38055;7.2;3.5
83;2021-03-13;4608;177;81427;38232;7.6;3.6
83;2021-03-14;2340;53;83767;38285;7.8;3.6
83;2021-03-15;3337;661;87104;38946;8.1;3.6
83;2021-03-16;2600;690;89704;39636;8.4;3.7
83;2021-03-17;2847;778;92551;40414;8.6;3.8
83;2021-03-18;3549;791;96100;41205;8.9;3.8
83;2021-03-19;4176;584;100276;41789;9.3;3.9
83;2021-03-20;3476;73;103752;41862;9.7;3.9
83;2021-03-21;2011;30;105763;41892;9.8;3.9
83;2021-03-22;3967;890;109730;42782;10.2;4.0
83;2021-03-23;4754;589;114484;43371;10.7;4.0
83;2021-03-24;5051;717;119535;44088;11.1;4.1
83;2021-03-25;6533;850;126068;44938;11.7;4.2
83;2021-03-26;7177;752;133245;45690;12.4;4.3
83;2021-03-27;3969;386;137214;46076;12.8;4.3
83;2021-03-28;2183;33;139397;46109;13.0;4.3
83;2021-03-29;4556;765;143953;46874;13.4;4.4
83;2021-03-30;5966;949;149919;47823;14.0;4.5
83;2021-03-31;5552;1072;155471;48895;14.5;4.6
83;2021-04-01;5979;1256;161450;50151;15.0;4.7
83;2021-04-02;5762;1070;167212;51221;15.6;4.8
83;2021-04-03;1801;631;169013;51852;15.7;4.8
83;2021-04-04;855;345;169868;52197;15.8;4.9
83;2021-04-05;191;64;170059;52261;15.8;4.9
83;2021-04-06;4731;1400;174790;53661;16.3;5.0
83;2021-04-07;5832;1659;180622;55320;16.8;5.2
83;2021-04-08;7885;1997;188507;57317;17.6;5.3
83;2021-04-09;7598;2204;196105;59521;18.3;5.5
83;2021-04-10;2948;2646;199053;62167;18.5;5.8
83;2021-04-11;1716;2133;200769;64300;18.7;6.0
83;2021-04-12;4952;2874;205721;67174;19.2;6.3
83;2021-04-13;5409;3000;211130;70174;19.7;6.5
83;2021-04-14;5896;2930;217026;73104;20.2;6.8
83;2021-04-15;6776;3039;223802;76143;20.8;7.1
83;2021-04-16;6125;3518;229927;79661;21.4;7.4
83;2021-04-17;3511;2188;233438;81849;21.7;7.6
83;2021-04-18;2177;1295;235615;83144;21.9;7.7
83;2021-04-19;4106;3901;239721;87045;22.3;8.1
83;2021-04-20;4358;3869;244079;90914;22.7;8.5
83;2021-04-21;4303;4147;248382;95061;23.1;8.9
83;2021-04-22;5010;4299;253392;99360;23.6;9.3
83;2021-04-23;4528;4563;257920;103923;24.0;9.7
83;2021-04-24;2630;2711;260550;106634;24.3;9.9
83;2021-04-25;1925;1571;262475;108205;24.4;10.1
83;2021-04-26;3569;3847;266044;112052;24.8;10.4
83;2021-04-27;4139;4545;270183;116597;25.2;10.9
83;2021-04-28;4315;4365;274498;120962;25.6;11.3
83;2021-04-29;5819;5116;280317;126078;26.1;11.7
83;2021-04-30;5788;4298;286105;130376;26.6;12.1
83;2021-05-01;1691;428;287796;130804;26.8;12.2
83;2021-05-02;1237;757;289033;131561;26.9;12.3
83;2021-05-03;3750;4281;292783;135842;27.3;12.7
83;2021-05-04;3345;5096;296128;140938;27.6;13.1
83;2021-05-05;3642;4970;299770;145908;27.9;13.6
83;2021-05-06;4674;4952;304444;150860;28.4;14.0
83;2021-05-07;4167;5312;308611;156172;28.7;14.5
83;2021-05-08;2763;1011;311374;157183;29.0;14.6
83;2021-05-09;2153;1237;313527;158420;29.2;14.8
83;2021-05-10;3204;5424;316731;163844;29.5;15.3
83;2021-05-11;5129;5681;321860;169525;30.0;15.8
83;2021-05-12;6292;4846;328152;174371;30.6;16.2
83;2021-05-13;6582;1345;334734;175716;31.2;16.4
83;2021-05-14;7422;4118;342156;179834;31.9;16.7
83;2021-05-15;7754;2202;349910;182036;32.6;17.0
83;2021-05-16;6628;1251;356538;183287;33.2;17.1
83;2021-05-17;4894;4214;361432;187501;33.7;17.5
83;2021-05-18;5537;3866;366969;191367;34.2;17.8
83;2021-05-19;6209;3411;373178;194778;34.8;18.1
83;2021-05-20;6758;3800;379936;198578;35.4;18.5
83;2021-05-21;7908;3866;387844;202444;36.1;18.9
83;2021-05-22;6091;1720;393935;204164;36.7;19.0
83;2021-05-23;4685;712;398620;204876;37.1;19.1
83;2021-05-24;5810;972;404430;205848;37.7;19.2
83;2021-05-25;5515;4754;409945;210602;38.2;19.6
83;2021-05-26;4858;4447;414803;215049;38.6;20.0
83;2021-05-27;5070;5257;419873;220306;39.1;20.5
83;2021-05-28;4506;5767;424379;226073;39.5;21.1
83;2021-05-29;2707;4272;427086;230345;39.8;21.5
83;2021-05-30;1257;1374;428343;231719;39.9;21.6
83;2021-05-31;5488;4768;433831;236487;40.4;22.0
83;2021-06-01;5730;5300;439561;241787;40.9;22.5
83;2021-06-02;5262;4587;444823;246374;41.4;22.9
83;2021-06-03;5744;5130;450567;251504;42.0;23.4
83;2021-06-04;5446;6048;456013;257552;42.5;24.0
83;2021-06-05;3926;3200;459939;260752;42.8;24.3
83;2021-06-06;1936;1383;461875;262135;43.0;24.4
83;2021-06-07;3918;5090;465793;267225;43.4;24.9
83;2021-06-08;4178;4823;469971;272048;43.8;25.3
83;2021-06-09;4008;4700;473979;276748;44.1;25.8
83;2021-06-10;3997;4260;477976;281008;44.5;26.2
83;2021-06-11;3658;5447;481634;286455;44.9;26.7
83;2021-06-12;2913;2982;484547;289437;45.1;27.0
83;2021-06-13;995;1391;485542;290828;45.2;27.1
83;2021-06-14;2856;5654;488398;296482;45.5;27.6
83;2021-06-15;3169;4862;491567;301344;45.8;28.1
83;2021-06-16;2964;4509;494531;305853;46.1;28.5
83;2021-06-17;2779;5283;497310;311136;46.3;29.0
83;2021-06-18;3159;5962;500469;317098;46.6;29.5
83;2021-06-19;2322;4100;502791;321198;46.8;29.9
83;2021-06-20;676;1889;503467;323087;46.9;30.1
83;2021-06-21;2111;7587;505578;330674;47.1;30.8
83;2021-06-22;2103;7161;507681;337835;47.3;31.5
83;2021-06-23;1936;6926;509617;344761;47.5;32.1
83;2021-06-24;1964;7370;511581;352131;47.6;32.8
83;2021-06-25;2113;8398;513694;360529;47.8;33.6
83;2021-06-26;1464;6808;515158;367337;48.0;34.2
83;2021-06-27;692;3186;515850;370523;48.0;34.5
83;2021-06-28;1571;7886;517421;378409;48.2;35.2
83;2021-06-29;1911;7812;519332;386221;48.4;36.0
83;2021-06-30;2241;7275;521573;393496;48.6;36.6
83;2021-07-01;2558;6566;524131;400062;48.8;37.3
83;2021-07-02;2266;7799;526397;407861;49.0;38.0
83;2021-07-03;1510;5686;527907;413547;49.2;38.5
83;2021-07-04;573;2752;528480;416299;49.2;38.8
83;2021-07-05;1925;7535;530405;423834;49.4;39.5
83;2021-07-06;2573;5940;532978;429774;49.6;40.0
83;2021-07-07;2686;4673;535664;434447;49.9;40.5
83;2021-07-08;3247;4472;538911;438919;50.2;40.9
83;2021-07-09;3048;6963;541959;445882;50.5;41.5
83;2021-07-10;1577;4930;543536;450812;50.6;42.0
83;2021-07-11;1009;1766;544545;452578;50.7;42.1
83;2021-07-12;2140;7686;546685;460264;50.9;42.9
83;2021-07-13;4039;7092;550724;467356;51.3;43.5
83;2021-07-14;2096;1323;552820;468679;51.5;43.6
83;2021-07-15;4586;6844;557406;475523;51.9;44.3
83;2021-07-16;5275;7121;562681;482644;52.4;44.9
83;2021-07-17;3654;5000;566335;487644;52.7;45.4
83;2021-07-18;1605;1312;567940;488956;52.9;45.5
83;2021-07-19;3955;6315;571895;495271;53.3;46.1
83;2021-07-20;5988;6185;577883;501456;53.8;46.7
83;2021-07-21;6029;5207;583912;506663;54.4;47.2
83;2021-07-22;7119;5537;591031;512200;55.0;47.7
83;2021-07-23;7103;5911;598134;518111;55.7;48.2
83;2021-07-24;4647;4563;602781;522674;56.1;48.7
83;2021-07-25;1329;735;604110;523409;56.3;48.7
83;2021-07-26;5550;4936;609660;528345;56.8;49.2
83;2021-07-27;6837;4901;616497;533246;57.4;49.7
83;2021-07-28;6598;4419;623095;537665;58.0;50.1
83;2021-07-29;7499;4853;630594;542518;58.7;50.5
83;2021-07-30;6965;4759;637559;547277;59.4;51.0
83;2021-07-31;4669;3214;642228;550491;59.8;51.3
83;2021-08-01;1065;849;643293;551340;59.9;51.3
83;2021-08-02;5766;3699;649059;555039;60.4;51.7
83;2021-08-03;6382;3991;655441;559030;61.0;52.1
83;2021-08-04;5904;3708;661345;562738;61.6;52.4
83;2021-08-05;6174;4083;667519;566821;62.2;52.8
83;2021-08-06;6158;4912;673677;571733;62.7;53.2
83;2021-08-07;3753;3551;677430;575284;63.1;53.6
83;2021-08-08;1065;820;678495;576104;63.2;53.6
83;2021-08-09;4708;4638;683203;580742;63.6;54.1
83;2021-08-10;5235;5147;688438;585889;64.1;54.6
83;2021-08-11;4581;5068;693019;590957;64.5;55.0
83;2021-08-12;4916;5563;697935;596520;65.0;55.6
83;2021-08-13;4929;5743;702864;602263;65.5;56.1
83;2021-08-14;3216;3888;706080;606151;65.8;56.4
83;2021-08-15;205;391;706285;606542;65.8;56.5
83;2021-08-16;3630;5474;709915;612016;66.1;57.0
83;2021-08-17;3562;5270;713477;617286;66.4;57.5
83;2021-08-18;3575;4996;717052;622282;66.8;57.9
83;2021-08-19;4158;6252;721210;628534;67.2;58.5
83;2021-08-20;3607;6503;724817;635037;67.5;59.1
83;2021-08-21;2339;4486;727156;639523;67.7;59.6
83;2021-08-22;629;1027;727785;640550;67.8;59.7
83;2021-08-23;2495;5779;730280;646329;68.0;60.2
83;2021-08-24;2885;5910;733165;652239;68.3;60.7
83;2021-08-25;2564;5283;735729;657522;68.5;61.2
83;2021-08-26;2779;5830;738508;663352;68.8;61.8
83;2021-08-27;2898;5913;741406;669265;69.0;62.3
83;2021-08-28;1927;4529;743333;673794;69.2;62.7
83;2021-08-29;474;1162;743807;674956;69.3;62.9
83;2021-08-30;2360;4963;746167;679919;69.5;63.3
83;2021-08-31;2499;5469;748666;685388;69.7;63.8
83;2021-09-01;2515;5061;751181;690449;70.0;64.3
83;2021-09-02;2470;4949;753651;695398;70.2;64.8
83;2021-09-03;2302;5214;755953;700612;70.4;65.2
83;2021-09-04;1895;4618;757848;705230;70.6;65.7
83;2021-09-05;565;538;758413;705768;70.6;65.7
83;2021-09-06;1625;4084;760038;709852;70.8;66.1
83;2021-09-07;1619;3851;761657;713703;70.9;66.5
84;2020-12-27;0;0;0;0;0.0;0.0
84;2020-12-28;1;0;1;0;0.0;0.0
84;2020-12-29;1;0;2;0;0.0;0.0
84;2020-12-30;1;0;3;0;0.0;0.0
84;2020-12-31;0;0;3;0;0.0;0.0
84;2021-01-01;0;0;3;0;0.0;0.0
84;2021-01-02;0;0;3;0;0.0;0.0
84;2021-01-03;0;0;3;0;0.0;0.0
84;2021-01-04;0;0;3;0;0.0;0.0
84;2021-01-05;0;0;3;0;0.0;0.0
84;2021-01-06;0;0;3;0;0.0;0.0
84;2021-01-07;69;0;72;0;0.0;0.0
84;2021-01-08;81;0;153;0;0.0;0.0
84;2021-01-09;30;0;183;0;0.0;0.0
84;2021-01-10;0;0;183;0;0.0;0.0
84;2021-01-11;219;0;402;0;0.1;0.0
84;2021-01-12;624;2;1026;2;0.2;0.0
84;2021-01-13;359;0;1385;2;0.2;0.0
84;2021-01-14;949;12;2334;14;0.4;0.0
84;2021-01-15;618;10;2952;24;0.5;0.0
84;2021-01-16;166;0;3118;24;0.6;0.0
84;2021-01-17;29;1;3147;25;0.6;0.0
84;2021-01-18;696;2;3843;27;0.7;0.0
84;2021-01-19;879;2;4722;29;0.8;0.0
84;2021-01-20;1018;3;5740;32;1.0;0.0
84;2021-01-21;1049;5;6789;37;1.2;0.0
84;2021-01-22;1135;1;7924;38;1.4;0.0
84;2021-01-23;250;0;8174;38;1.5;0.0
84;2021-01-24;3;0;8177;38;1.5;0.0
84;2021-01-25;806;0;8983;38;1.6;0.0
84;2021-01-26;939;5;9922;43;1.8;0.0
84;2021-01-27;1072;2;10994;45;2.0;0.0
84;2021-01-28;1621;18;12615;63;2.2;0.0
84;2021-01-29;1201;62;13816;125;2.5;0.0
84;2021-01-30;171;17;13987;142;2.5;0.0
84;2021-01-31;7;0;13994;142;2.5;0.0
84;2021-02-01;657;138;14651;280;2.6;0.0
84;2021-02-02;787;254;15438;534;2.8;0.1
84;2021-02-03;759;234;16197;768;2.9;0.1
84;2021-02-04;913;381;17110;1149;3.0;0.2
84;2021-02-05;727;404;17837;1553;3.2;0.3
84;2021-02-06;127;42;17964;1595;3.2;0.3
84;2021-02-07;0;0;17964;1595;3.2;0.3
84;2021-02-08;568;248;18532;1843;3.3;0.3
84;2021-02-09;692;665;19224;2508;3.4;0.4
84;2021-02-10;557;538;19781;3046;3.5;0.5
84;2021-02-11;550;552;20331;3598;3.6;0.6
84;2021-02-12;562;634;20893;4232;3.7;0.8
84;2021-02-13;46;156;20939;4388;3.7;0.8
84;2021-02-14;3;0;20942;4388;3.7;0.8
84;2021-02-15;209;811;21151;5199;3.8;0.9
84;2021-02-16;222;741;21373;5940;3.8;1.1
84;2021-02-17;447;720;21820;6660;3.9;1.2
84;2021-02-18;557;1037;22377;7697;4.0;1.4
84;2021-02-19;737;1101;23114;8798;4.1;1.6
84;2021-02-20;66;130;23180;8928;4.1;1.6
84;2021-02-21;6;36;23186;8964;4.1;1.6
84;2021-02-22;369;674;23555;9638;4.2;1.7
84;2021-02-23;271;669;23826;10307;4.2;1.8
84;2021-02-24;393;670;24219;10977;4.3;2.0
84;2021-02-25;713;797;24932;11774;4.4;2.1
84;2021-02-26;824;643;25756;12417;4.6;2.2
84;2021-02-27;133;113;25889;12530;4.6;2.2
84;2021-02-28;17;0;25906;12530;4.6;2.2
84;2021-03-01;456;623;26362;13153;4.7;2.3
84;2021-03-02;631;763;26993;13916;4.8;2.5
84;2021-03-03;820;891;27813;14807;5.0;2.6
84;2021-03-04;1098;665;28911;15472;5.2;2.8
84;2021-03-05;1314;501;30225;15973;5.4;2.8
84;2021-03-06;1460;64;31685;16037;5.6;2.9
84;2021-03-07;481;17;32166;16054;5.7;2.9
84;2021-03-08;812;590;32978;16644;5.9;3.0
84;2021-03-09;1387;753;34365;17397;6.1;3.1
84;2021-03-10;1474;660;35839;18057;6.4;3.2
84;2021-03-11;1984;638;37823;18695;6.7;3.3
84;2021-03-12;2080;632;39903;19327;7.1;3.4
84;2021-03-13;747;36;40650;19363;7.2;3.5
84;2021-03-14;247;53;40897;19416;7.3;3.5
84;2021-03-15;1069;307;41966;19723;7.5;3.5
84;2021-03-16;1180;317;43146;20040;7.7;3.6
84;2021-03-17;1146;435;44292;20475;7.9;3.6
84;2021-03-18;1458;393;45750;20868;8.2;3.7
84;2021-03-19;2175;455;47925;21323;8.5;3.8
84;2021-03-20;839;25;48764;21348;8.7;3.8
84;2021-03-21;150;11;48914;21359;8.7;3.8
84;2021-03-22;1159;460;50073;21819;8.9;3.9
84;2021-03-23;1915;442;51988;22261;9.3;4.0
84;2021-03-24;2178;400;54166;22661;9.7;4.0
84;2021-03-25;3655;395;57821;23056;10.3;4.1
84;2021-03-26;3319;488;61140;23544;10.9;4.2
84;2021-03-27;914;58;62054;23602;11.1;4.2
84;2021-03-28;73;2;62127;23604;11.1;4.2
84;2021-03-29;1717;529;63844;24133;11.4;4.3
84;2021-03-30;2669;685;66513;24818;11.9;4.4
84;2021-03-31;2405;645;68918;25463;12.3;4.5
84;2021-04-01;3024;576;71942;26039;12.8;4.6
84;2021-04-02;2451;529;74393;26568;13.3;4.7
84;2021-04-03;510;28;74903;26596;13.4;4.7
84;2021-04-04;13;0;74916;26596;13.4;4.7
84;2021-04-05;813;102;75729;26698;13.5;4.8
84;2021-04-06;2146;843;77875;27541;13.9;4.9
84;2021-04-07;2404;864;80279;28405;14.3;5.1
84;2021-04-08;3653;1042;83932;29447;15.0;5.2
84;2021-04-09;4118;951;88050;30398;15.7;5.4
84;2021-04-10;1308;133;89358;30531;15.9;5.4
84;2021-04-11;37;12;89395;30543;15.9;5.4
84;2021-04-12;2092;805;91487;31348;16.3;5.6
84;2021-04-13;2942;1366;94429;32714;16.8;5.8
84;2021-04-14;2811;1356;97240;34070;17.3;6.1
84;2021-04-15;3274;1423;100514;35493;17.9;6.3
84;2021-04-16;3431;1549;103945;37042;18.5;6.6
84;2021-04-17;1666;200;105611;37242;18.8;6.6
84;2021-04-18;38;1;105649;37243;18.8;6.6
84;2021-04-19;2507;919;108156;38162;19.3;6.8
84;2021-04-20;2626;1532;110782;39694;19.7;7.1
84;2021-04-21;2651;1486;113433;41180;20.2;7.3
84;2021-04-22;3011;1738;116444;42918;20.8;7.7
84;2021-04-23;3038;1903;119482;44821;21.3;8.0
84;2021-04-24;1531;288;121013;45109;21.6;8.0
84;2021-04-25;27;2;121040;45111;21.6;8.0
84;2021-04-26;2197;1364;123237;46475;22.0;8.3
84;2021-04-27;2553;1985;125790;48460;22.4;8.6
84;2021-04-28;2819;1848;128609;50308;22.9;9.0
84;2021-04-29;3420;2043;132029;52351;23.5;9.3
84;2021-04-30;3134;2423;135163;54774;24.1;9.8
84;2021-05-01;457;259;135620;55033;24.2;9.8
84;2021-05-02;2;0;135622;55033;24.2;9.8
84;2021-05-03;2164;1632;137786;56665;24.6;10.1
84;2021-05-04;2490;2534;140276;59199;25.0;10.6
84;2021-05-05;2352;2225;142628;61424;25.4;10.9
84;2021-05-06;3223;2262;145851;63686;26.0;11.4
84;2021-05-07;2766;2558;148617;66244;26.5;11.8
84;2021-05-08;1158;527;149775;66771;26.7;11.9
84;2021-05-09;7;52;149782;66823;26.7;11.9
84;2021-05-10;2158;2466;151940;69289;27.1;12.4
84;2021-05-11;2907;3159;154847;72448;27.6;12.9
84;2021-05-12;2848;2925;157695;75373;28.1;13.4
84;2021-05-13;2159;848;159854;76221;28.5;13.6
84;2021-05-14;2728;2038;162582;78259;29.0;13.9
84;2021-05-15;2001;986;164583;79245;29.3;14.1
84;2021-05-16;1341;186;165924;79431;29.6;14.2
84;2021-05-17;2223;2156;168147;81587;30.0;14.5
84;2021-05-18;2904;2116;171051;83703;30.5;14.9
84;2021-05-19;3231;1666;174282;85369;31.1;15.2
84;2021-05-20;3701;2207;177983;87576;31.7;15.6
84;2021-05-21;3472;2334;181455;89910;32.3;16.0
84;2021-05-22;1583;680;183038;90590;32.6;16.1
84;2021-05-23;6;9;183044;90599;32.6;16.1
84;2021-05-24;1840;425;184884;91024;33.0;16.2
84;2021-05-25;2984;2189;187868;93213;33.5;16.6
84;2021-05-26;3076;2096;190944;95309;34.0;17.0
84;2021-05-27;3859;2315;194803;97624;34.7;17.4
84;2021-05-28;3182;3308;197985;100932;35.3;18.0
84;2021-05-29;1093;1653;199078;102585;35.5;18.3
84;2021-05-30;8;85;199086;102670;35.5;18.3
84;2021-05-31;2190;2641;201276;105311;35.9;18.8
84;2021-06-01;3144;3162;204420;108473;36.4;19.3
84;2021-06-02;3173;2631;207593;111104;37.0;19.8
84;2021-06-03;4116;2989;211709;114093;37.7;20.3
84;2021-06-04;3616;3034;215325;117127;38.4;20.9
84;2021-06-05;1783;1501;217108;118628;38.7;21.1
84;2021-06-06;989;208;218097;118836;38.9;21.2
84;2021-06-07;2453;2760;220550;121596;39.3;21.7
84;2021-06-08;3319;3055;223869;124651;39.9;22.2
84;2021-06-09;3032;2686;226901;127337;40.4;22.7
84;2021-06-10;3514;2792;230415;130129;41.1;23.2
84;2021-06-11;3030;3070;233445;133199;41.6;23.7
84;2021-06-12;1965;1312;235410;134511;42.0;24.0
84;2021-06-13;414;213;235824;134724;42.0;24.0
84;2021-06-14;1929;3156;237753;137880;42.4;24.6
84;2021-06-15;2575;3455;240328;141335;42.8;25.2
84;2021-06-16;2527;2960;242855;144295;43.3;25.7
84;2021-06-17;2998;3482;245853;147777;43.8;26.3
84;2021-06-18;2425;3553;248278;151330;44.3;27.0
84;2021-06-19;1288;1551;249566;152881;44.5;27.3
84;2021-06-20;549;354;250115;153235;44.6;27.3
84;2021-06-21;1571;3134;251686;156369;44.9;27.9
84;2021-06-22;2164;4013;253850;160382;45.2;28.6
84;2021-06-23;2118;3308;255968;163690;45.6;29.2
84;2021-06-24;2202;3484;258170;167174;46.0;29.8
84;2021-06-25;1836;3887;260006;171061;46.3;30.5
84;2021-06-26;1132;1815;261138;172876;46.5;30.8
84;2021-06-27;297;345;261435;173221;46.6;30.9
84;2021-06-28;1209;3224;262644;176445;46.8;31.5
84;2021-06-29;1482;4051;264126;180496;47.1;32.2
84;2021-06-30;1716;3965;265842;184461;47.4;32.9
84;2021-07-01;1818;3955;267660;188416;47.7;33.6
84;2021-07-02;1752;3898;269412;192314;48.0;34.3
84;2021-07-03;1103;2030;270515;194344;48.2;34.6
84;2021-07-04;395;416;270910;194760;48.3;34.7
84;2021-07-05;1546;3541;272456;198301;48.6;35.3
84;2021-07-06;1639;4166;274095;202467;48.9;36.1
84;2021-07-07;1676;3102;275771;205569;49.2;36.6
84;2021-07-08;2159;3747;277930;209316;49.5;37.3
84;2021-07-09;1875;3971;279805;213287;49.9;38.0
84;2021-07-10;1256;2160;281061;215447;50.1;38.4
84;2021-07-11;357;303;281418;215750;50.2;38.5
84;2021-07-12;1411;3840;282829;219590;50.4;39.1
84;2021-07-13;2336;5014;285165;224604;50.8;40.0
84;2021-07-14;1886;1248;287051;225852;51.2;40.3
84;2021-07-15;2705;4553;289756;230405;51.7;41.1
84;2021-07-16;2781;4604;292537;235009;52.1;41.9
84;2021-07-17;1588;2449;294125;237458;52.4;42.3
84;2021-07-18;1018;551;295143;238009;52.6;42.4
84;2021-07-19;2417;3744;297560;241753;53.0;43.1
84;2021-07-20;2956;4168;300516;245921;53.6;43.8
84;2021-07-21;3187;3657;303703;249578;54.1;44.5
84;2021-07-22;3780;3791;307483;253369;54.8;45.2
84;2021-07-23;3523;3682;311006;257051;55.4;45.8
84;2021-07-24;1471;2248;312477;259299;55.7;46.2
84;2021-07-25;1034;512;313511;259811;55.9;46.3
84;2021-07-26;2724;3036;316235;262847;56.4;46.9
84;2021-07-27;3447;3569;319682;266416;57.0;47.5
84;2021-07-28;3868;3308;323550;269724;57.7;48.1
84;2021-07-29;4227;3155;327777;272879;58.4;48.6
84;2021-07-30;4027;3326;331804;276205;59.1;49.2
84;2021-07-31;2000;1688;333804;277893;59.5;49.5
84;2021-08-01;819;430;334623;278323;59.6;49.6
84;2021-08-02;2976;2692;337599;281015;60.2;50.1
84;2021-08-03;4110;2793;341709;283808;60.9;50.6
84;2021-08-04;3917;2607;345626;286415;61.6;51.1
84;2021-08-05;3883;2581;349509;288996;62.3;51.5
84;2021-08-06;3695;2869;353204;291865;63.0;52.0
84;2021-08-07;2079;1738;355283;293603;63.3;52.3
84;2021-08-08;386;735;355669;294338;63.4;52.5
84;2021-08-09;2915;2596;358584;296934;63.9;52.9
84;2021-08-10;3738;2951;362322;299885;64.6;53.5
84;2021-08-11;3267;2669;365589;302554;65.2;53.9
84;2021-08-12;3169;2980;368758;305534;65.7;54.5
84;2021-08-13;2916;2693;371674;308227;66.3;54.9
84;2021-08-14;1699;1745;373373;309972;66.6;55.3
84;2021-08-15;288;228;373661;310200;66.6;55.3
84;2021-08-16;2354;3077;376015;313277;67.0;55.8
84;2021-08-17;2698;3258;378713;316535;67.5;56.4
84;2021-08-18;2397;2796;381110;319331;67.9;56.9
84;2021-08-19;2262;3117;383372;322448;68.3;57.5
84;2021-08-20;2160;3301;385532;325749;68.7;58.1
84;2021-08-21;1222;1879;386754;327628;68.9;58.4
84;2021-08-22;166;739;386920;328367;69.0;58.5
84;2021-08-23;1735;3293;388655;331660;69.3;59.1
84;2021-08-24;1899;3461;390554;335121;69.6;59.7
84;2021-08-25;1835;3348;392389;338469;69.9;60.3
84;2021-08-26;1629;3625;394018;342094;70.2;61.0
84;2021-08-27;1595;3812;395613;345906;70.5;61.7
84;2021-08-28;912;2179;396525;348085;70.7;62.0
84;2021-08-29;174;607;396699;348692;70.7;62.2
84;2021-08-30;1372;3276;398071;351968;71.0;62.7
84;2021-08-31;1354;4150;399425;356118;71.2;63.5
84;2021-09-01;1232;3586;400657;359704;71.4;64.1
84;2021-09-02;1188;3199;401845;362903;71.6;64.7
84;2021-09-03;1260;3542;403105;366445;71.9;65.3
84;2021-09-04;744;2170;403849;368615;72.0;65.7
84;2021-09-05;124;473;403973;369088;72.0;65.8
84;2021-09-06;785;2476;404758;371564;72.1;66.2
84;2021-09-07;1005;2733;405763;374297;72.3;66.7
85;2020-12-27;1;0;1;0;0.0;0.0
85;2020-12-28;0;0;1;0;0.0;0.0
85;2020-12-29;0;0;1;0;0.0;0.0
85;2020-12-30;0;0;1;0;0.0;0.0
85;2020-12-31;0;0;1;0;0.0;0.0
85;2021-01-01;0;0;1;0;0.0;0.0
85;2021-01-02;0;0;1;0;0.0;0.0
85;2021-01-03;1;0;2;0;0.0;0.0
85;2021-01-04;26;0;28;0;0.0;0.0
85;2021-01-05;62;0;90;0;0.0;0.0
85;2021-01-06;107;1;197;1;0.0;0.0
85;2021-01-07;203;0;400;1;0.1;0.0
85;2021-01-08;293;2;693;3;0.1;0.0
85;2021-01-09;288;1;981;4;0.1;0.0
85;2021-01-10;59;0;1040;4;0.2;0.0
85;2021-01-11;453;0;1493;4;0.2;0.0
85;2021-01-12;586;1;2079;5;0.3;0.0
85;2021-01-13;544;2;2623;7;0.4;0.0
85;2021-01-14;683;4;3306;11;0.5;0.0
85;2021-01-15;439;3;3745;14;0.5;0.0
85;2021-01-16;264;3;4009;17;0.6;0.0
85;2021-01-17;37;0;4046;17;0.6;0.0
85;2021-01-18;999;1;5045;18;0.7;0.0
85;2021-01-19;1428;14;6473;32;0.9;0.0
85;2021-01-20;1874;2;8347;34;1.2;0.0
85;2021-01-21;3222;11;11569;45;1.7;0.0
85;2021-01-22;1699;18;13268;63;1.9;0.0
85;2021-01-23;466;1;13734;64;2.0;0.0
85;2021-01-24;50;0;13784;64;2.0;0.0
85;2021-01-25;577;0;14361;64;2.1;0.0
85;2021-01-26;877;34;15238;98;2.2;0.0
85;2021-01-27;1810;32;17048;130;2.5;0.0
85;2021-01-28;1637;38;18685;168;2.7;0.0
85;2021-01-29;875;63;19560;231;2.9;0.0
85;2021-01-30;149;5;19709;236;2.9;0.0
85;2021-01-31;2;44;19711;280;2.9;0.0
85;2021-02-01;483;102;20194;382;3.0;0.1
85;2021-02-02;537;175;20731;557;3.0;0.1
85;2021-02-03;415;255;21146;812;3.1;0.1
85;2021-02-04;621;261;21767;1073;3.2;0.2
85;2021-02-05;624;255;22391;1328;3.3;0.2
85;2021-02-06;158;231;22549;1559;3.3;0.2
85;2021-02-07;1;0;22550;1559;3.3;0.2
85;2021-02-08;388;585;22938;2144;3.4;0.3
85;2021-02-09;663;1016;23601;3160;3.5;0.5
85;2021-02-10;583;1099;24184;4259;3.5;0.6
85;2021-02-11;1542;2985;25726;7244;3.8;1.1
85;2021-02-12;1013;1216;26739;8460;3.9;1.2
85;2021-02-13;251;461;26990;8921;4.0;1.3
85;2021-02-14;2;96;26992;9017;4.0;1.3
85;2021-02-15;337;725;27329;9742;4.0;1.4
85;2021-02-16;569;1081;27898;10823;4.1;1.6
85;2021-02-17;786;1501;28684;12324;4.2;1.8
85;2021-02-18;1277;1863;29961;14187;4.4;2.1
85;2021-02-19;956;1142;30917;15329;4.5;2.2
85;2021-02-20;174;216;31091;15545;4.6;2.3
85;2021-02-21;1;11;31092;15556;4.6;2.3
85;2021-02-22;814;825;31906;16381;4.7;2.4
85;2021-02-23;828;435;32734;16816;4.8;2.5
85;2021-02-24;757;276;33491;17092;4.9;2.5
85;2021-02-25;1336;344;34827;17436;5.1;2.6
85;2021-02-26;1228;287;36055;17723;5.3;2.6
85;2021-02-27;401;87;36456;17810;5.3;2.6
85;2021-02-28;7;1;36463;17811;5.3;2.6
85;2021-03-01;765;408;37228;18219;5.4;2.7
85;2021-03-02;1100;737;38328;18956;5.6;2.8
85;2021-03-03;844;482;39172;19438;5.7;2.8
85;2021-03-04;1577;1142;40749;20580;6.0;3.0
85;2021-03-05;1741;807;42490;21387;6.2;3.1
85;2021-03-06;1227;129;43717;21516;6.4;3.1
85;2021-03-07;333;35;44050;21551;6.4;3.2
85;2021-03-08;1741;456;45791;22007;6.7;3.2
85;2021-03-09;2239;572;48030;22579;7.0;3.3
85;2021-03-10;1863;649;49893;23228;7.3;3.4
85;2021-03-11;3119;1091;53012;24319;7.8;3.6
85;2021-03-12;2728;864;55740;25183;8.2;3.7
85;2021-03-13;1372;160;57112;25343;8.4;3.7
85;2021-03-14;182;3;57294;25346;8.4;3.7
85;2021-03-15;1919;514;59213;25860;8.7;3.8
85;2021-03-16;1630;513;60843;26373;8.9;3.9
85;2021-03-17;980;524;61823;26897;9.0;3.9
85;2021-03-18;1904;454;63727;27351;9.3;4.0
85;2021-03-19;2200;370;65927;27721;9.6;4.1
85;2021-03-20;1069;179;66996;27900;9.8;4.1
85;2021-03-21;272;5;67268;27905;9.8;4.1
85;2021-03-22;1764;557;69032;28462;10.1;4.2
85;2021-03-23;2421;734;71453;29196;10.5;4.3
85;2021-03-24;2207;531;73660;29727;10.8;4.4
85;2021-03-25;3649;596;77309;30323;11.3;4.4
85;2021-03-26;3358;650;80667;30973;11.8;4.5
85;2021-03-27;1729;123;82396;31096;12.1;4.6
85;2021-03-28;539;4;82935;31100;12.1;4.6
85;2021-03-29;2413;758;85348;31858;12.5;4.7
85;2021-03-30;2863;1024;88211;32882;12.9;4.8
85;2021-03-31;2200;676;90411;33558;13.2;4.9
85;2021-04-01;3879;912;94290;34470;13.8;5.0
85;2021-04-02;2708;1102;96998;35572;14.2;5.2
85;2021-04-03;1413;323;98411;35895;14.4;5.3
85;2021-04-04;324;29;98735;35924;14.5;5.3
85;2021-04-05;104;175;98839;36099;14.5;5.3
85;2021-04-06;2200;1594;101039;37693;14.8;5.5
85;2021-04-07;3093;1188;104132;38881;15.2;5.7
85;2021-04-08;4544;1602;108676;40483;15.9;5.9
85;2021-04-09;4603;1225;113279;41708;16.6;6.1
85;2021-04-10;1867;400;115146;42108;16.9;6.2
85;2021-04-11;27;10;115173;42118;16.9;6.2
85;2021-04-12;4286;1491;119459;43609;17.5;6.4
85;2021-04-13;4835;1875;124294;45484;18.2;6.7
85;2021-04-14;3962;1010;128256;46494;18.8;6.8
85;2021-04-15;5518;1741;133774;48235;19.6;7.1
85;2021-04-16;5241;1544;139015;49779;20.3;7.3
85;2021-04-17;1382;436;140397;50215;20.6;7.4
85;2021-04-18;351;12;140748;50227;20.6;7.4
85;2021-04-19;3368;1703;144116;51930;21.1;7.6
85;2021-04-20;3694;1928;147810;53858;21.6;7.9
85;2021-04-21;2693;1692;150503;55550;22.0;8.1
85;2021-04-22;3806;2232;154309;57782;22.6;8.5
85;2021-04-23;3902;2091;158211;59873;23.2;8.8
85;2021-04-24;1662;1533;159873;61406;23.4;9.0
85;2021-04-25;981;564;160854;61970;23.5;9.1
85;2021-04-26;3590;2350;164444;64320;24.1;9.4
85;2021-04-27;4395;2158;168839;66478;24.7;9.7
85;2021-04-28;5747;1258;174586;67736;25.6;9.9
85;2021-04-29;5635;2003;180221;69739;26.4;10.2
85;2021-04-30;5576;1677;185797;71416;27.2;10.5
85;2021-05-01;1736;638;187533;72054;27.4;10.5
85;2021-05-02;873;471;188406;72525;27.6;10.6
85;2021-05-03;3494;2385;191900;74910;28.1;11.0
85;2021-05-04;3487;3084;195387;77994;28.6;11.4
85;2021-05-05;4532;2167;199919;80161;29.3;11.7
85;2021-05-06;4920;2599;204839;82760;30.0;12.1
85;2021-05-07;3933;3858;208772;86618;30.6;12.7
85;2021-05-08;2246;232;211018;86850;30.9;12.7
85;2021-05-09;1509;183;212527;87033;31.1;12.7
85;2021-05-10;3212;4920;215739;91953;31.6;13.5
85;2021-05-11;4027;4978;219766;96931;32.2;14.2
85;2021-05-12;5020;3937;224786;100868;32.9;14.8
85;2021-05-13;5146;613;229932;101481;33.7;14.9
85;2021-05-14;4358;3166;234290;104647;34.3;15.3
85;2021-05-15;2327;776;236617;105423;34.6;15.4
85;2021-05-16;2213;162;238830;105585;35.0;15.5
85;2021-05-17;4145;3374;242975;108959;35.6;15.9
85;2021-05-18;5215;2853;248190;111812;36.3;16.4
85;2021-05-19;6493;1771;254683;113583;37.3;16.6
85;2021-05-20;6775;2177;261458;115760;38.3;16.9
85;2021-05-21;5499;2743;266957;118503;39.1;17.3
85;2021-05-22;2584;749;269541;119252;39.5;17.5
85;2021-05-23;1329;161;270870;119413;39.6;17.5
85;2021-05-24;4573;437;275443;119850;40.3;17.5
85;2021-05-25;4517;3568;279960;123418;41.0;18.1
85;2021-05-26;4946;2679;284906;126097;41.7;18.5
85;2021-05-27;4960;3695;289866;129792;42.4;19.0
85;2021-05-28;5253;4060;295119;133852;43.2;19.6
85;2021-05-29;3962;1530;299081;135382;43.8;19.8
85;2021-05-30;1292;125;300373;135507;44.0;19.8
85;2021-05-31;4689;3378;305062;138885;44.7;20.3
85;2021-06-01;5406;3396;310468;142281;45.4;20.8
85;2021-06-02;5557;2516;316025;144797;46.3;21.2
85;2021-06-03;5917;3232;321942;148029;47.1;21.7
85;2021-06-04;5841;3817;327783;151846;48.0;22.2
85;2021-06-05;2848;1942;330631;153788;48.4;22.5
85;2021-06-06;1511;803;332142;154591;48.6;22.6
85;2021-06-07;3237;4861;335379;159452;49.1;23.3
85;2021-06-08;4091;4527;339470;163979;49.7;24.0
85;2021-06-09;4848;3511;344318;167490;50.4;24.5
85;2021-06-10;5200;3702;349518;171192;51.2;25.1
85;2021-06-11;4507;4663;354025;175855;51.8;25.7
85;2021-06-12;1492;1799;355517;177654;52.0;26.0
85;2021-06-13;1220;673;356737;178327;52.2;26.1
85;2021-06-14;2682;5095;359419;183422;52.6;26.8
85;2021-06-15;3715;4932;363134;188354;53.2;27.6
85;2021-06-16;4083;3908;367217;192262;53.8;28.1
85;2021-06-17;3940;3898;371157;196160;54.3;28.7
85;2021-06-18;3626;5683;374783;201843;54.9;29.5
85;2021-06-19;1213;2029;375996;203872;55.0;29.8
85;2021-06-20;140;521;376136;204393;55.1;29.9
85;2021-06-21;2376;5813;378512;210206;55.4;30.8
85;2021-06-22;2849;5734;381361;215940;55.8;31.6
85;2021-06-23;3391;4500;384752;220440;56.3;32.3
85;2021-06-24;3642;4562;388394;225002;56.9;32.9
85;2021-06-25;2289;6179;390683;231181;57.2;33.8
85;2021-06-26;791;3759;391474;234940;57.3;34.4
85;2021-06-27;125;1370;391599;236310;57.3;34.6
85;2021-06-28;1186;6713;392785;243023;57.5;35.6
85;2021-06-29;1757;6875;394542;249898;57.8;36.6
85;2021-06-30;2213;6207;396755;256105;58.1;37.5
85;2021-07-01;2844;6059;399599;262164;58.5;38.4
85;2021-07-02;2332;7018;401931;269182;58.8;39.4
85;2021-07-03;618;3165;402549;272347;58.9;39.9
85;2021-07-04;145;1086;402694;273433;58.9;40.0
85;2021-07-05;1084;6653;403778;280086;59.1;41.0
85;2021-07-06;1582;6457;405360;286543;59.3;41.9
85;2021-07-07;1650;5865;407010;292408;59.6;42.8
85;2021-07-08;2166;5441;409176;297849;59.9;43.6
85;2021-07-09;1648;7098;410824;304947;60.1;44.6
85;2021-07-10;565;2836;411389;307783;60.2;45.1
85;2021-07-11;529;1288;411918;309071;60.3;45.2
85;2021-07-12;1409;7049;413327;316120;60.5;46.3
85;2021-07-13;2061;7391;415388;323511;60.8;47.4
85;2021-07-14;1453;2047;416841;325558;61.0;47.7
85;2021-07-15;2681;6941;419522;332499;61.4;48.7
85;2021-07-16;3431;6834;422953;339333;61.9;49.7
85;2021-07-17;1565;2152;424518;341485;62.1;50.0
85;2021-07-18;1150;1154;425668;342639;62.3;50.2
85;2021-07-19;3557;6232;429225;348871;62.8;51.1
85;2021-07-20;4301;6214;433526;355085;63.5;52.0
85;2021-07-21;3998;6199;437524;361284;64.0;52.9
85;2021-07-22;3907;6186;441431;367470;64.6;53.8
85;2021-07-23;4531;6708;445962;374178;65.3;54.8
85;2021-07-24;1047;2294;447009;376472;65.4;55.1
85;2021-07-25;491;304;447500;376776;65.5;55.1
85;2021-07-26;4514;5361;452014;382137;66.2;55.9
85;2021-07-27;5321;5397;457335;387534;66.9;56.7
85;2021-07-28;4964;4969;462299;392503;67.7;57.5
85;2021-07-29;5879;4733;468178;397236;68.5;58.1
85;2021-07-30;6029;4950;474207;402186;69.4;58.9
85;2021-07-31;1233;1575;475440;403761;69.6;59.1
85;2021-08-01;471;195;475911;403956;69.7;59.1
85;2021-08-02;4948;3955;480859;407911;70.4;59.7
85;2021-08-03;6525;3353;487384;411264;71.3;60.2
85;2021-08-04;6628;3424;494012;414688;72.3;60.7
85;2021-08-05;6191;3604;500203;418292;73.2;61.2
85;2021-08-06;5808;4516;506011;422808;74.1;61.9
85;2021-08-07;1505;1180;507516;423988;74.3;62.1
85;2021-08-08;331;231;507847;424219;74.3;62.1
85;2021-08-09;4145;3275;511992;427494;74.9;62.6
85;2021-08-10;4825;3419;516817;430913;75.6;63.1
85;2021-08-11;4662;4215;521479;435128;76.3;63.7
85;2021-08-12;4459;4299;525938;439427;77.0;64.3
85;2021-08-13;3847;3650;529785;443077;77.5;64.9
85;2021-08-14;1021;1090;530806;444167;77.7;65.0
85;2021-08-15;160;239;530966;444406;77.7;65.0
85;2021-08-16;2838;4773;533804;449179;78.1;65.7
85;2021-08-17;2964;4354;536768;453533;78.6;66.4
85;2021-08-18;3140;4102;539908;457635;79.0;67.0
85;2021-08-19;2725;4274;542633;461909;79.4;67.6
85;2021-08-20;2473;5227;545106;467136;79.8;68.4
85;2021-08-21;690;1394;545796;468530;79.9;68.6
85;2021-08-22;343;1018;546139;469548;79.9;68.7
85;2021-08-23;1870;5372;548009;474920;80.2;69.5
85;2021-08-24;1822;4866;549831;479786;80.5;70.2
85;2021-08-25;1643;4831;551474;484617;80.7;70.9
85;2021-08-26;1538;4762;553012;489379;80.9;71.6
85;2021-08-27;1689;5517;554701;494896;81.2;72.4
85;2021-08-28;569;1345;555270;496241;81.3;72.6
85;2021-08-29;127;988;555397;497229;81.3;72.8
85;2021-08-30;1120;4974;556517;502203;81.5;73.5
85;2021-08-31;1126;5448;557643;507651;81.6;74.3
85;2021-09-01;1135;5222;558778;512873;81.8;75.1
85;2021-09-02;988;4372;559766;517245;81.9;75.7
85;2021-09-03;1237;4536;561003;521781;82.1;76.4
85;2021-09-04;360;1385;561363;523166;82.2;76.6
85;2021-09-05;41;195;561404;523361;82.2;76.6
85;2021-09-06;846;3823;562250;527184;82.3;77.2
85;2021-09-07;829;3301;563079;530485;82.4;77.6
86;2020-12-27;0;0;0;0;0.0;0.0
86;2020-12-28;1;0;1;0;0.0;0.0
86;2020-12-29;1;0;2;0;0.0;0.0
86;2020-12-30;0;0;2;0;0.0;0.0
86;2020-12-31;0;0;2;0;0.0;0.0
86;2021-01-01;0;0;2;0;0.0;0.0
86;2021-01-02;0;0;2;0;0.0;0.0
86;2021-01-03;2;0;4;0;0.0;0.0
86;2021-01-04;0;0;4;0;0.0;0.0
86;2021-01-05;1;0;5;0;0.0;0.0
86;2021-01-06;178;0;183;0;0.0;0.0
86;2021-01-07;673;0;856;0;0.2;0.0
86;2021-01-08;610;3;1466;3;0.3;0.0
86;2021-01-09;0;0;1466;3;0.3;0.0
86;2021-01-10;173;0;1639;3;0.4;0.0
86;2021-01-11;305;0;1944;3;0.4;0.0
86;2021-01-12;460;0;2404;3;0.5;0.0
86;2021-01-13;336;0;2740;3;0.6;0.0
86;2021-01-14;551;1;3291;4;0.8;0.0
86;2021-01-15;543;1;3834;5;0.9;0.0
86;2021-01-16;2;0;3836;5;0.9;0.0
86;2021-01-17;0;0;3836;5;0.9;0.0
86;2021-01-18;563;0;4399;5;1.0;0.0
86;2021-01-19;1915;1;6314;6;1.4;0.0
86;2021-01-20;1462;20;7776;26;1.8;0.0
86;2021-01-21;1292;0;9068;26;2.1;0.0
86;2021-01-22;833;0;9901;26;2.3;0.0
86;2021-01-23;313;0;10214;26;2.3;0.0
86;2021-01-24;0;0;10214;26;2.3;0.0
86;2021-01-25;584;105;10798;131;2.5;0.0
86;2021-01-26;750;114;11548;245;2.6;0.1
86;2021-01-27;764;145;12312;390;2.8;0.1
86;2021-01-28;1048;418;13360;808;3.1;0.2
86;2021-01-29;880;207;14240;1015;3.3;0.2
86;2021-01-30;275;97;14515;1112;3.3;0.3
86;2021-01-31;57;157;14572;1269;3.3;0.3
86;2021-02-01;433;198;15005;1467;3.4;0.3
86;2021-02-02;574;378;15579;1845;3.6;0.4
86;2021-02-03;525;216;16104;2061;3.7;0.5
86;2021-02-04;478;357;16582;2418;3.8;0.6
86;2021-02-05;437;699;17019;3117;3.9;0.7
86;2021-02-06;148;185;17167;3302;3.9;0.8
86;2021-02-07;120;8;17287;3310;4.0;0.8
86;2021-02-08;361;272;17648;3582;4.0;0.8
86;2021-02-09;753;1090;18401;4672;4.2;1.1
86;2021-02-10;975;911;19376;5583;4.4;1.3
86;2021-02-11;1009;951;20385;6534;4.7;1.5
86;2021-02-12;747;341;21132;6875;4.8;1.6
86;2021-02-13;192;82;21324;6957;4.9;1.6
86;2021-02-14;1;34;21325;6991;4.9;1.6
86;2021-02-15;243;447;21568;7438;4.9;1.7
86;2021-02-16;384;794;21952;8232;5.0;1.9
86;2021-02-17;453;846;22405;9078;5.1;2.1
86;2021-02-18;422;821;22827;9899;5.2;2.3
86;2021-02-19;601;619;23428;10518;5.4;2.4
86;2021-02-20;115;154;23543;10672;5.4;2.4
86;2021-02-21;1;0;23544;10672;5.4;2.4
86;2021-02-22;240;387;23784;11059;5.4;2.5
86;2021-02-23;370;554;24154;11613;5.5;2.7
86;2021-02-24;409;551;24563;12164;5.6;2.8
86;2021-02-25;902;626;25465;12790;5.8;2.9
86;2021-02-26;1030;497;26495;13287;6.1;3.0
86;2021-02-27;460;141;26955;13428;6.2;3.1
86;2021-02-28;3;2;26958;13430;6.2;3.1
86;2021-03-01;232;493;27190;13923;6.2;3.2
86;2021-03-02;1142;811;28332;14734;6.5;3.4
86;2021-03-03;793;596;29125;15330;6.7;3.5
86;2021-03-04;1495;612;30620;15942;7.0;3.6
86;2021-03-05;1578;306;32198;16248;7.4;3.7
86;2021-03-06;995;164;33193;16412;7.6;3.8
86;2021-03-07;371;32;33564;16444;7.7;3.8
86;2021-03-08;472;529;34036;16973;7.8;3.9
86;2021-03-09;1368;521;35404;17494;8.1;4.0
86;2021-03-10;948;608;36352;18102;8.3;4.1
86;2021-03-11;1799;475;38151;18577;8.7;4.2
86;2021-03-12;2208;436;40359;19013;9.2;4.3
86;2021-03-13;1444;100;41803;19113;9.6;4.4
86;2021-03-14;133;16;41936;19129;9.6;4.4
86;2021-03-15;784;158;42720;19287;9.8;4.4
86;2021-03-16;848;203;43568;19490;10.0;4.5
86;2021-03-17;786;204;44354;19694;10.1;4.5
86;2021-03-18;1005;102;45359;19796;10.4;4.5
86;2021-03-19;2145;323;47504;20119;10.9;4.6
86;2021-03-20;592;131;48096;20250;11.0;4.6
86;2021-03-21;10;0;48106;20250;11.0;4.6
86;2021-03-22;852;275;48958;20525;11.2;4.7
86;2021-03-23;2015;326;50973;20851;11.7;4.8
86;2021-03-24;1557;291;52530;21142;12.0;4.8
86;2021-03-25;2488;350;55018;21492;12.6;4.9
86;2021-03-26;3043;359;58061;21851;13.3;5.0
86;2021-03-27;733;143;58794;21994;13.4;5.0
86;2021-03-28;5;127;58799;22121;13.4;5.1
86;2021-03-29;1259;391;60058;22512;13.7;5.1
86;2021-03-30;2403;823;62461;23335;14.3;5.3
86;2021-03-31;1511;626;63972;23961;14.6;5.5
86;2021-04-01;2245;943;66217;24904;15.1;5.7
86;2021-04-02;1902;552;68119;25456;15.6;5.8
86;2021-04-03;825;322;68944;25778;15.8;5.9
86;2021-04-04;83;109;69027;25887;15.8;5.9
86;2021-04-05;314;5;69341;25892;15.9;5.9
86;2021-04-06;1534;959;70875;26851;16.2;6.1
86;2021-04-07;1634;629;72509;27480;16.6;6.3
86;2021-04-08;2567;759;75076;28239;17.2;6.5
86;2021-04-09;3251;651;78327;28890;17.9;6.6
86;2021-04-10;1663;191;79990;29081;18.3;6.6
86;2021-04-11;442;10;80432;29091;18.4;6.7
86;2021-04-12;821;765;81253;29856;18.6;6.8
86;2021-04-13;2452;939;83705;30795;19.1;7.0
86;2021-04-14;1871;877;85576;31672;19.6;7.2
86;2021-04-15;2276;727;87852;32399;20.1;7.4
86;2021-04-16;2472;1228;90324;33627;20.7;7.7
86;2021-04-17;1039;264;91363;33891;20.9;7.7
86;2021-04-18;119;4;91482;33895;20.9;7.7
86;2021-04-19;745;796;92227;34691;21.1;7.9
86;2021-04-20;2302;1502;94529;36193;21.6;8.3
86;2021-04-21;2107;1125;96636;37318;22.1;8.5
86;2021-04-22;2331;1442;98967;38760;22.6;8.9
86;2021-04-23;2392;1577;101359;40337;23.2;9.2
86;2021-04-24;1300;512;102659;40849;23.5;9.3
86;2021-04-25;825;27;103484;40876;23.7;9.3
86;2021-04-26;2080;892;105564;41768;24.1;9.5
86;2021-04-27;3156;1670;108720;43438;24.9;9.9
86;2021-04-28;3004;1521;111724;44959;25.5;10.3
86;2021-04-29;3557;1830;115281;46789;26.4;10.7
86;2021-04-30;2970;1485;118251;48274;27.0;11.0
86;2021-05-01;1580;199;119831;48473;27.4;11.1
86;2021-05-02;1280;45;121111;48518;27.7;11.1
86;2021-05-03;2563;1005;123674;49523;28.3;11.3
86;2021-05-04;3509;1898;127183;51421;29.1;11.8
86;2021-05-05;3989;1485;131172;52906;30.0;12.1
86;2021-05-06;4291;1653;135463;54559;31.0;12.5
86;2021-05-07;4047;1826;139510;56385;31.9;12.9
86;2021-05-08;1976;397;141486;56782;32.3;13.0
86;2021-05-09;1641;203;143127;56985;32.7;13.0
86;2021-05-10;1958;1177;145085;58162;33.2;13.3
86;2021-05-11;3604;2687;148689;60849;34.0;13.9
86;2021-05-12;2252;1649;150941;62498;34.5;14.3
86;2021-05-13;1687;299;152628;62797;34.9;14.4
86;2021-05-14;2097;788;154725;63585;35.4;14.5
86;2021-05-15;1467;499;156192;64084;35.7;14.7
86;2021-05-16;778;164;156970;64248;35.9;14.7
86;2021-05-17;3220;1060;160190;65308;36.6;14.9
86;2021-05-18;4307;1665;164497;66973;37.6;15.3
86;2021-05-19;3592;1437;168089;68410;38.4;15.6
86;2021-05-20;4376;1622;172465;70032;39.4;16.0
86;2021-05-21;3438;1773;175903;71805;40.2;16.4
86;2021-05-22;2076;664;177979;72469;40.7;16.6
86;2021-05-23;1439;183;179418;72652;41.0;16.6
86;2021-05-24;1848;203;181266;72855;41.4;16.7
86;2021-05-25;2850;1639;184116;74494;42.1;17.0
86;2021-05-26;2727;1527;186843;76021;42.7;17.4
86;2021-05-27;3546;1851;190389;77872;43.5;17.8
86;2021-05-28;2164;2538;192553;80410;44.0;18.4
86;2021-05-29;1527;1286;194080;81696;44.4;18.7
86;2021-05-30;934;132;195014;81828;44.6;18.7
86;2021-05-31;1922;1822;196936;83650;45.0;19.1
86;2021-06-01;2664;2586;199600;86236;45.6;19.7
86;2021-06-02;2305;2665;201905;88901;46.2;20.3
86;2021-06-03;3337;2415;205242;91316;46.9;20.9
86;2021-06-04;2239;2862;207481;94178;47.4;21.5
86;2021-06-05;1502;1582;208983;95760;47.8;21.9
86;2021-06-06;819;900;209802;96660;48.0;22.1
86;2021-06-07;1118;2465;210920;99125;48.2;22.7
86;2021-06-08;1990;3697;212910;102822;48.7;23.5
86;2021-06-09;1902;3321;214812;106143;49.1;24.3
86;2021-06-10;2352;3241;217164;109384;49.6;25.0
86;2021-06-11;1517;2792;218681;112176;50.0;25.6
86;2021-06-12;746;2244;219427;114420;50.2;26.2
86;2021-06-13;214;1477;219641;115897;50.2;26.5
86;2021-06-14;1159;2903;220800;118800;50.5;27.2
86;2021-06-15;1688;4259;222488;123059;50.9;28.1
86;2021-06-16;1809;3135;224297;126194;51.3;28.9
86;2021-06-17;1777;4446;226074;130640;51.7;29.9
86;2021-06-18;1884;4590;227958;135230;52.1;30.9
86;2021-06-19;636;2101;228594;137331;52.3;31.4
86;2021-06-20;173;1319;228767;138650;52.3;31.7
86;2021-06-21;1106;2237;229873;140887;52.6;32.2
86;2021-06-22;1298;3459;231171;144346;52.9;33.0
86;2021-06-23;1364;2402;232535;146748;53.2;33.6
86;2021-06-24;1590;2725;234125;149473;53.5;34.2
86;2021-06-25;1193;3548;235318;153021;53.8;35.0
86;2021-06-26;391;2652;235709;155673;53.9;35.6
86;2021-06-27;138;1633;235847;157306;53.9;36.0
86;2021-06-28;271;3340;236118;160646;54.0;36.7
86;2021-06-29;858;4606;236976;165252;54.2;37.8
86;2021-06-30;1051;2974;238027;168226;54.4;38.5
86;2021-07-01;1541;3005;239568;171231;54.8;39.1
86;2021-07-02;1108;3644;240676;174875;55.0;40.0
86;2021-07-03;517;2394;241193;177269;55.1;40.5
86;2021-07-04;116;1347;241309;178616;55.2;40.8
86;2021-07-05;469;2832;241778;181448;55.3;41.5
86;2021-07-06;989;4107;242767;185555;55.5;42.4
86;2021-07-07;1261;2628;244028;188183;55.8;43.0
86;2021-07-08;1619;3149;245647;191332;56.2;43.7
86;2021-07-09;1747;3082;247394;194414;56.6;44.4
86;2021-07-10;1304;1954;248698;196368;56.9;44.9
86;2021-07-11;482;839;249180;197207;57.0;45.1
86;2021-07-12;850;2403;250030;199610;57.2;45.6
86;2021-07-13;1781;3366;251811;202976;57.6;46.4
86;2021-07-14;785;1232;252596;204208;57.7;46.7
86;2021-07-15;1886;3291;254482;207499;58.2;47.4
86;2021-07-16;1672;2663;256154;210162;58.6;48.0
86;2021-07-17;1351;1600;257505;211762;58.9;48.4
86;2021-07-18;381;906;257886;212668;59.0;48.6
86;2021-07-19;1377;1888;259263;214556;59.3;49.1
86;2021-07-20;2352;2733;261615;217289;59.8;49.7
86;2021-07-21;2305;2164;263920;219453;60.3;50.2
86;2021-07-22;2904;2797;266824;222250;61.0;50.8
86;2021-07-23;2468;2165;269292;224415;61.6;51.3
86;2021-07-24;1547;1226;270839;225641;61.9;51.6
86;2021-07-25;718;322;271557;225963;62.1;51.7
86;2021-07-26;1589;2105;273146;228068;62.4;52.1
86;2021-07-27;3558;2758;276704;230826;63.3;52.8
86;2021-07-28;3284;2140;279988;232966;64.0;53.3
86;2021-07-29;3262;2546;283250;235512;64.8;53.8
86;2021-07-30;2247;2380;285497;237892;65.3;54.4
86;2021-07-31;1426;1058;286923;238950;65.6;54.6
86;2021-08-01;649;338;287572;239288;65.7;54.7
86;2021-08-02;1940;1680;289512;240968;66.2;55.1
86;2021-08-03;3289;1991;292801;242959;66.9;55.5
86;2021-08-04;2738;1786;295539;244745;67.6;56.0
86;2021-08-05;3568;2057;299107;246802;68.4;56.4
86;2021-08-06;2396;1761;301503;248563;68.9;56.8
86;2021-08-07;1575;997;303078;249560;69.3;57.1
86;2021-08-08;953;552;304031;250112;69.5;57.2
86;2021-08-09;1883;1303;305914;251415;69.9;57.5
86;2021-08-10;2681;1783;308595;253198;70.6;57.9
86;2021-08-11;2358;1438;310953;254636;71.1;58.2
86;2021-08-12;2484;1831;313437;256467;71.7;58.6
86;2021-08-13;1836;1490;315273;257957;72.1;59.0
86;2021-08-14;1331;1153;316604;259110;72.4;59.2
86;2021-08-15;562;622;317166;259732;72.5;59.4
86;2021-08-16;1145;1789;318311;261521;72.8;59.8
86;2021-08-17;1555;2219;319866;263740;73.1;60.3
86;2021-08-18;1250;1858;321116;265598;73.4;60.7
86;2021-08-19;1498;2632;322614;268230;73.8;61.3
86;2021-08-20;1254;2608;323868;270838;74.0;61.9
86;2021-08-21;884;2007;324752;272845;74.2;62.4
86;2021-08-22;350;722;325102;273567;74.3;62.5
86;2021-08-23;722;1821;325824;275388;74.5;63.0
86;2021-08-24;1076;2752;326900;278140;74.7;63.6
86;2021-08-25;931;2067;327831;280207;75.0;64.1
86;2021-08-26;912;2813;328743;283020;75.2;64.7
86;2021-08-27;863;2172;329606;285192;75.4;65.2
86;2021-08-28;548;1773;330154;286965;75.5;65.6
86;2021-08-29;112;827;330266;287792;75.5;65.8
86;2021-08-30;684;2121;330950;289913;75.7;66.3
86;2021-08-31;957;3204;331907;293117;75.9;67.0
86;2021-09-01;569;2749;332476;295866;76.0;67.6
86;2021-09-02;745;2820;333221;298686;76.2;68.3
86;2021-09-03;751;2399;333972;301085;76.4;68.8
86;2021-09-04;365;2215;334337;303300;76.4;69.3
86;2021-09-05;27;918;334364;304218;76.4;69.6
86;2021-09-06;356;1753;334720;305971;76.5;70.0
86;2021-09-07;508;2199;335228;308170;76.6;70.5
87;2020-12-27;0;0;0;0;0.0;0.0
87;2020-12-28;1;0;1;0;0.0;0.0
87;2020-12-29;0;0;1;0;0.0;0.0
87;2020-12-30;0;0;1;0;0.0;0.0
87;2020-12-31;0;0;1;0;0.0;0.0
87;2021-01-01;0;0;1;0;0.0;0.0
87;2021-01-02;0;0;1;0;0.0;0.0
87;2021-01-03;0;0;1;0;0.0;0.0
87;2021-01-04;1;0;2;0;0.0;0.0
87;2021-01-05;1;0;3;0;0.0;0.0
87;2021-01-06;10;0;13;0;0.0;0.0
87;2021-01-07;301;0;314;0;0.1;0.0
87;2021-01-08;407;0;721;0;0.2;0.0
87;2021-01-09;64;0;785;0;0.2;0.0
87;2021-01-10;35;0;820;0;0.2;0.0
87;2021-01-11;424;0;1244;0;0.3;0.0
87;2021-01-12;652;0;1896;0;0.5;0.0
87;2021-01-13;660;3;2556;3;0.7;0.0
87;2021-01-14;517;10;3073;13;0.8;0.0
87;2021-01-15;533;3;3606;16;1.0;0.0
87;2021-01-16;204;1;3810;17;1.0;0.0
87;2021-01-17;1;0;3811;17;1.0;0.0
87;2021-01-18;646;5;4457;22;1.2;0.0
87;2021-01-19;656;1;5113;23;1.4;0.0
87;2021-01-20;674;3;5787;26;1.6;0.0
87;2021-01-21;717;0;6504;26;1.8;0.0
87;2021-01-22;758;4;7262;30;2.0;0.0
87;2021-01-23;286;0;7548;30;2.0;0.0
87;2021-01-24;0;0;7548;30;2.0;0.0
87;2021-01-25;620;10;8168;40;2.2;0.0
87;2021-01-26;570;49;8738;89;2.4;0.0
87;2021-01-27;572;38;9310;127;2.5;0.0
87;2021-01-28;857;106;10167;233;2.7;0.1
87;2021-01-29;740;261;10907;494;2.9;0.1
87;2021-01-30;327;69;11234;563;3.0;0.2
87;2021-01-31;34;71;11268;634;3.0;0.2
87;2021-02-01;413;291;11681;925;3.2;0.2
87;2021-02-02;453;463;12134;1388;3.3;0.4
87;2021-02-03;540;413;12674;1801;3.4;0.5
87;2021-02-04;613;590;13287;2391;3.6;0.6
87;2021-02-05;342;362;13629;2753;3.7;0.7
87;2021-02-06;55;144;13684;2897;3.7;0.8
87;2021-02-07;20;0;13704;2897;3.7;0.8
87;2021-02-08;245;407;13949;3304;3.8;0.9
87;2021-02-09;219;486;14168;3790;3.8;1.0
87;2021-02-10;262;561;14430;4351;3.9;1.2
87;2021-02-11;286;472;14716;4823;4.0;1.3
87;2021-02-12;287;449;15003;5272;4.0;1.4
87;2021-02-13;25;152;15028;5424;4.1;1.5
87;2021-02-14;0;3;15028;5427;4.1;1.5
87;2021-02-15;237;346;15265;5773;4.1;1.6
87;2021-02-16;330;271;15595;6044;4.2;1.6
87;2021-02-17;330;335;15925;6379;4.3;1.7
87;2021-02-18;478;587;16403;6966;4.4;1.9
87;2021-02-19;404;456;16807;7422;4.5;2.0
87;2021-02-20;123;163;16930;7585;4.6;2.0
87;2021-02-21;2;9;16932;7594;4.6;2.0
87;2021-02-22;440;505;17372;8099;4.7;2.2
87;2021-02-23;557;582;17929;8681;4.8;2.3
87;2021-02-24;451;544;18380;9225;5.0;2.5
87;2021-02-25;790;639;19170;9864;5.2;2.7
87;2021-02-26;841;437;20011;10301;5.4;2.8
87;2021-02-27;405;176;20416;10477;5.5;2.8
87;2021-02-28;3;0;20419;10477;5.5;2.8
87;2021-03-01;518;338;20937;10815;5.6;2.9
87;2021-03-02;1031;352;21968;11167;5.9;3.0
87;2021-03-03;1174;323;23142;11490;6.2;3.1
87;2021-03-04;1406;327;24548;11817;6.6;3.2
87;2021-03-05;1770;266;26318;12083;7.1;3.3
87;2021-03-06;1048;39;27366;12122;7.4;3.3
87;2021-03-07;257;6;27623;12128;7.5;3.3
87;2021-03-08;864;241;28487;12369;7.7;3.3
87;2021-03-09;1288;227;29775;12596;8.0;3.4
87;2021-03-10;1299;231;31074;12827;8.4;3.5
87;2021-03-11;1754;250;32828;13077;8.9;3.5
87;2021-03-12;2129;286;34957;13363;9.4;3.6
87;2021-03-13;1308;22;36265;13385;9.8;3.6
87;2021-03-14;80;1;36345;13386;9.8;3.6
87;2021-03-15;989;355;37334;13741;10.1;3.7
87;2021-03-16;1061;243;38395;13984;10.4;3.8
87;2021-03-17;1070;218;39465;14202;10.6;3.8
87;2021-03-18;1185;342;40650;14544;11.0;3.9
87;2021-03-19;1683;279;42333;14823;11.4;4.0
87;2021-03-20;925;85;43258;14908;11.7;4.0
87;2021-03-21;32;0;43290;14908;11.7;4.0
87;2021-03-22;1049;378;44339;15286;12.0;4.1
87;2021-03-23;1386;430;45725;15716;12.3;4.2
87;2021-03-24;1508;368;47233;16084;12.7;4.3
87;2021-03-25;2500;395;49733;16479;13.4;4.4
87;2021-03-26;2532;455;52265;16934;14.1;4.6
87;2021-03-27;890;123;53155;17057;14.3;4.6
87;2021-03-28;269;18;53424;17075;14.4;4.6
87;2021-03-29;1118;415;54542;17490;14.7;4.7
87;2021-03-30;1908;661;56450;18151;15.2;4.9
87;2021-03-31;1660;693;58110;18844;15.7;5.1
87;2021-04-01;2240;572;60350;19416;16.3;5.2
87;2021-04-02;1843;632;62193;20048;16.8;5.4
87;2021-04-03;455;266;62648;20314;16.9;5.5
87;2021-04-04;2;0;62650;20314;16.9;5.5
87;2021-04-05;82;1;62732;20315;16.9;5.5
87;2021-04-06;1000;903;63732;21218;17.2;5.7
87;2021-04-07;1486;925;65218;22143;17.6;6.0
87;2021-04-08;1785;1034;67003;23177;18.1;6.3
87;2021-04-09;2647;741;69650;23918;18.8;6.5
87;2021-04-10;1190;305;70840;24223;19.1;6.5
87;2021-04-11;69;0;70909;24223;19.1;6.5
87;2021-04-12;1619;826;72528;25049;19.6;6.8
87;2021-04-13;2289;1062;74817;26111;20.2;7.0
87;2021-04-14;2530;1186;77347;27297;20.9;7.4
87;2021-04-15;2224;1076;79571;28373;21.5;7.7
87;2021-04-16;2736;1072;82307;29445;22.2;7.9
87;2021-04-17;731;389;83038;29834;22.4;8.0
87;2021-04-18;111;141;83149;29975;22.4;8.1
87;2021-04-19;1659;838;84808;30813;22.9;8.3
87;2021-04-20;2085;882;86893;31695;23.4;8.5
87;2021-04-21;2296;992;89189;32687;24.1;8.8
87;2021-04-22;2564;1162;91753;33849;24.7;9.1
87;2021-04-23;1997;1183;93750;35032;25.3;9.4
87;2021-04-24;825;621;94575;35653;25.5;9.6
87;2021-04-25;64;103;94639;35756;25.5;9.6
87;2021-04-26;1356;911;95995;36667;25.9;9.9
87;2021-04-27;2399;1202;98394;37869;26.5;10.2
87;2021-04-28;3867;1434;102261;39303;27.6;10.6
87;2021-04-29;3077;1835;105338;41138;28.4;11.1
87;2021-04-30;3174;1358;108512;42496;29.3;11.5
87;2021-05-01;614;59;109126;42555;29.4;11.5
87;2021-05-02;361;5;109487;42560;29.5;11.5
87;2021-05-03;2322;940;111809;43500;30.2;11.7
87;2021-05-04;2906;1069;114715;44569;30.9;12.0
87;2021-05-05;2989;1506;117704;46075;31.7;12.4
87;2021-05-06;2531;1713;120235;47788;32.4;12.9
87;2021-05-07;2945;1714;123180;49502;33.2;13.4
87;2021-05-08;772;295;123952;49797;33.4;13.4
87;2021-05-09;18;133;123970;49930;33.4;13.5
87;2021-05-10;1938;1591;125908;51521;34.0;13.9
87;2021-05-11;2467;1906;128375;53427;34.6;14.4
87;2021-05-12;2623;2066;130998;55493;35.3;15.0
87;2021-05-13;1085;292;132083;55785;35.6;15.0
87;2021-05-14;2244;1773;134327;57558;36.2;15.5
87;2021-05-15;950;409;135277;57967;36.5;15.6
87;2021-05-16;141;74;135418;58041;36.5;15.7
87;2021-05-17;1628;1763;137046;59804;37.0;16.1
87;2021-05-18;2634;1816;139680;61620;37.7;16.6
87;2021-05-19;2822;1553;142502;63173;38.4;17.0
87;2021-05-20;3303;1724;145805;64897;39.3;17.5
87;2021-05-21;2765;1841;148570;66738;40.1;18.0
87;2021-05-22;1458;628;150028;67366;40.5;18.2
87;2021-05-23;211;92;150239;67458;40.5;18.2
87;2021-05-24;1055;141;151294;67599;40.8;18.2
87;2021-05-25;2117;1810;153411;69409;41.4;18.7
87;2021-05-26;3221;2477;156632;71886;42.2;19.4
87;2021-05-27;3022;2356;159654;74242;43.1;20.0
87;2021-05-28;2674;2521;162328;76763;43.8;20.7
87;2021-05-29;1061;1312;163389;78075;44.1;21.1
87;2021-05-30;258;60;163647;78135;44.1;21.1
87;2021-05-31;2287;1356;165934;79491;44.8;21.4
87;2021-06-01;2548;1860;168482;81351;45.4;21.9
87;2021-06-02;2525;1853;171007;83204;46.1;22.4
87;2021-06-03;3212;2528;174219;85732;47.0;23.1
87;2021-06-04;2839;2061;177058;87793;47.8;23.7
87;2021-06-05;1311;575;178369;88368;48.1;23.8
87;2021-06-06;262;95;178631;88463;48.2;23.9
87;2021-06-07;2101;1900;180732;90363;48.7;24.4
87;2021-06-08;2961;2600;183693;92963;49.5;25.1
87;2021-06-09;2305;2812;185998;95775;50.2;25.8
87;2021-06-10;2974;2554;188972;98329;51.0;26.5
87;2021-06-11;2364;3068;191336;101397;51.6;27.3
87;2021-06-12;1220;1103;192556;102500;51.9;27.6
87;2021-06-13;293;484;192849;102984;52.0;27.8
87;2021-06-14;980;2729;193829;105713;52.3;28.5
87;2021-06-15;1361;3319;195190;109032;52.6;29.4
87;2021-06-16;1650;3424;196840;112456;53.1;30.3
87;2021-06-17;2439;2316;199279;114772;53.7;31.0
87;2021-06-18;1790;3015;201069;117787;54.2;31.8
87;2021-06-19;1047;1177;202116;118964;54.5;32.1
87;2021-06-20;205;206;202321;119170;54.6;32.1
87;2021-06-21;1041;2643;203362;121813;54.8;32.9
87;2021-06-22;1029;2882;204391;124695;55.1;33.6
87;2021-06-23;1257;3081;205648;127776;55.5;34.5
87;2021-06-24;1620;2559;207268;130335;55.9;35.2
87;2021-06-25;1450;2709;208718;133044;56.3;35.9
87;2021-06-26;529;1201;209247;134245;56.4;36.2
87;2021-06-27;26;212;209273;134457;56.4;36.3
87;2021-06-28;717;2574;209990;137031;56.6;37.0
87;2021-06-29;1156;3414;211146;140445;56.9;37.9
87;2021-06-30;1125;2651;212271;143096;57.3;38.6
87;2021-07-01;1482;2549;213753;145645;57.7;39.3
87;2021-07-02;1200;3462;214953;149107;58.0;40.2
87;2021-07-03;413;1512;215366;150619;58.1;40.6
87;2021-07-04;24;384;215390;151003;58.1;40.7
87;2021-07-05;686;2392;216076;153395;58.3;41.4
87;2021-07-06;583;3221;216659;156616;58.4;42.2
87;2021-07-07;864;3344;217523;159960;58.7;43.1
87;2021-07-08;1120;3672;218643;163632;59.0;44.1
87;2021-07-09;1111;3701;219754;167333;59.3;45.1
87;2021-07-10;290;1361;220044;168694;59.3;45.5
87;2021-07-11;49;284;220093;168978;59.4;45.6
87;2021-07-12;559;3191;220652;172169;59.5;46.4
87;2021-07-13;833;3515;221485;175684;59.7;47.4
87;2021-07-14;518;538;222003;176222;59.9;47.5
87;2021-07-15;1361;3459;223364;179681;60.2;48.5
87;2021-07-16;1732;3600;225096;183281;60.7;49.4
87;2021-07-17;655;1373;225751;184654;60.9;49.8
87;2021-07-18;81;285;225832;184939;60.9;49.9
87;2021-07-19;1434;3401;227266;188340;61.3;50.8
87;2021-07-20;1806;3593;229072;191933;61.8;51.8
87;2021-07-21;1452;3149;230524;195082;62.2;52.6
87;2021-07-22;1878;3251;232402;198333;62.7;53.5
87;2021-07-23;1875;3171;234277;201504;63.2;54.3
87;2021-07-24;817;1284;235094;202788;63.4;54.7
87;2021-07-25;106;241;235200;203029;63.4;54.8
87;2021-07-26;1542;2328;236742;205357;63.9;55.4
87;2021-07-27;2556;2061;239298;207418;64.5;55.9
87;2021-07-28;2390;2007;241688;209425;65.2;56.5
87;2021-07-29;3010;1998;244698;211423;66.0;57.0
87;2021-07-30;2544;2076;247242;213499;66.7;57.6
87;2021-07-31;1105;837;248347;214336;67.0;57.8
87;2021-08-01;284;151;248631;214487;67.1;57.8
87;2021-08-02;2117;1516;250748;216003;67.6;58.3
87;2021-08-03;2494;1332;253242;217335;68.3;58.6
87;2021-08-04;2315;1062;255557;218397;68.9;58.9
87;2021-08-05;2528;1409;258085;219806;69.6;59.3
87;2021-08-06;2140;1659;260225;221465;70.2;59.7
87;2021-08-07;1109;782;261334;222247;70.5;59.9
87;2021-08-08;208;123;261542;222370;70.5;60.0
87;2021-08-09;1819;1528;263361;223898;71.0;60.4
87;2021-08-10;2199;1534;265560;225432;71.6;60.8
87;2021-08-11;1911;1272;267471;226704;72.1;61.1
87;2021-08-12;2098;1482;269569;228186;72.7;61.5
87;2021-08-13;1723;1633;271292;229819;73.2;62.0
87;2021-08-14;672;733;271964;230552;73.4;62.2
87;2021-08-15;72;104;272036;230656;73.4;62.2
87;2021-08-16;1502;1746;273538;232402;73.8;62.7
87;2021-08-17;1347;1666;274885;234068;74.1;63.1
87;2021-08-18;1242;1996;276127;236064;74.5;63.7
87;2021-08-19;1219;1798;277346;237862;74.8;64.2
87;2021-08-20;913;2203;278259;240065;75.0;64.7
87;2021-08-21;317;965;278576;241030;75.1;65.0
87;2021-08-22;92;235;278668;241265;75.2;65.1
87;2021-08-23;742;2390;279410;243655;75.4;65.7
87;2021-08-24;762;2134;280172;245789;75.6;66.3
87;2021-08-25;707;2062;280879;247851;75.8;66.8
87;2021-08-26;855;2155;281734;250006;76.0;67.4
87;2021-08-27;780;2664;282514;252670;76.2;68.1
87;2021-08-28;323;1295;282837;253965;76.3;68.5
87;2021-08-29;65;244;282902;254209;76.3;68.6
87;2021-08-30;471;2212;283373;256421;76.4;69.2
87;2021-08-31;606;1932;283979;258353;76.6;69.7
87;2021-09-01;743;2468;284722;260821;76.8;70.3
87;2021-09-02;551;2340;285273;263161;76.9;71.0
87;2021-09-03;644;2482;285917;265643;77.1;71.6
87;2021-09-04;273;1128;286190;266771;77.2;71.9
87;2021-09-05;2;7;286192;266778;77.2;72.0
87;2021-09-06;395;1985;286587;268763;77.3;72.5
87;2021-09-07;381;1502;286968;270265;77.4;72.9
88;2020-12-27;0;0;0;0;0.0;0.0
88;2020-12-28;0;0;0;0;0.0;0.0
88;2020-12-29;0;0;0;0;0.0;0.0
88;2020-12-30;0;0;0;0;0.0;0.0
88;2020-12-31;0;0;0;0;0.0;0.0
88;2021-01-01;2;0;2;0;0.0;0.0
88;2021-01-02;0;0;2;0;0.0;0.0
88;2021-01-03;0;0;2;0;0.0;0.0
88;2021-01-04;0;0;2;0;0.0;0.0
88;2021-01-05;1;0;3;0;0.0;0.0
88;2021-01-06;3;0;6;0;0.0;0.0
88;2021-01-07;71;1;77;1;0.0;0.0
88;2021-01-08;189;2;266;3;0.1;0.0
88;2021-01-09;190;2;456;5;0.1;0.0
88;2021-01-10;0;0;456;5;0.1;0.0
88;2021-01-11;227;0;683;5;0.2;0.0
88;2021-01-12;422;0;1105;5;0.3;0.0
88;2021-01-13;491;2;1596;7;0.4;0.0
88;2021-01-14;347;2;1943;9;0.5;0.0
88;2021-01-15;380;2;2323;11;0.6;0.0
88;2021-01-16;62;0;2385;11;0.7;0.0
88;2021-01-17;1;0;2386;11;0.7;0.0
88;2021-01-18;461;0;2847;11;0.8;0.0
88;2021-01-19;451;0;3298;11;0.9;0.0
88;2021-01-20;460;1;3758;12;1.0;0.0
88;2021-01-21;1545;5;5303;17;1.5;0.0
88;2021-01-22;1181;2;6484;19;1.8;0.0
88;2021-01-23;284;0;6768;19;1.9;0.0
88;2021-01-24;298;2;7066;21;2.0;0.0
88;2021-01-25;938;4;8004;25;2.2;0.0
88;2021-01-26;388;5;8392;30;2.3;0.0
88;2021-01-27;4;0;8396;30;2.3;0.0
88;2021-01-28;162;37;8558;67;2.4;0.0
88;2021-01-29;526;155;9084;222;2.5;0.1
88;2021-01-30;288;124;9372;346;2.6;0.1
88;2021-01-31;0;0;9372;346;2.6;0.1
88;2021-02-01;406;271;9778;617;2.7;0.2
88;2021-02-02;333;358;10111;975;2.8;0.3
88;2021-02-03;437;230;10548;1205;2.9;0.3
88;2021-02-04;315;221;10863;1426;3.0;0.4
88;2021-02-05;457;241;11320;1667;3.1;0.5
88;2021-02-06;110;50;11430;1717;3.2;0.5
88;2021-02-07;0;0;11430;1717;3.2;0.5
88;2021-02-08;360;170;11790;1887;3.3;0.5
88;2021-02-09;291;260;12081;2147;3.4;0.6
88;2021-02-10;416;313;12497;2460;3.5;0.7
88;2021-02-11;851;1065;13348;3525;3.7;1.0
88;2021-02-12;937;684;14285;4209;4.0;1.2
88;2021-02-13;162;205;14447;4414;4.0;1.2
88;2021-02-14;81;216;14528;4630;4.0;1.3
88;2021-02-15;641;1026;15169;5656;4.2;1.6
88;2021-02-16;472;683;15641;6339;4.4;1.8
88;2021-02-17;456;383;16097;6722;4.5;1.9
88;2021-02-18;516;350;16613;7072;4.6;2.0
88;2021-02-19;536;427;17149;7499;4.8;2.1
88;2021-02-20;156;95;17305;7594;4.8;2.1
88;2021-02-21;1;25;17306;7619;4.8;2.1
88;2021-02-22;425;312;17731;7931;4.9;2.2
88;2021-02-23;403;196;18134;8127;5.0;2.3
88;2021-02-24;506;196;18640;8323;5.2;2.3
88;2021-02-25;675;259;19315;8582;5.4;2.4
88;2021-02-26;863;252;20178;8834;5.6;2.5
88;2021-02-27;269;32;20447;8866;5.7;2.5
88;2021-02-28;30;1;20477;8867;5.7;2.5
88;2021-03-01;359;424;20836;9291;5.8;2.6
88;2021-03-02;431;436;21267;9727;5.9;2.7
88;2021-03-03;650;434;21917;10161;6.1;2.8
88;2021-03-04;1039;723;22956;10884;6.4;3.0
88;2021-03-05;934;682;23890;11566;6.6;3.2
88;2021-03-06;1874;117;25764;11683;7.2;3.2
88;2021-03-07;1060;79;26824;11762;7.5;3.3
88;2021-03-08;727;679;27551;12441;7.7;3.5
88;2021-03-09;1094;531;28645;12972;8.0;3.6
88;2021-03-10;1084;492;29729;13464;8.3;3.7
88;2021-03-11;1441;399;31170;13863;8.7;3.9
88;2021-03-12;1309;484;32479;14347;9.0;4.0
88;2021-03-13;1210;128;33689;14475;9.4;4.0
88;2021-03-14;166;5;33855;14480;9.4;4.0
88;2021-03-15;929;443;34784;14923;9.7;4.2
88;2021-03-16;1024;344;35808;15267;10.0;4.2
88;2021-03-17;905;422;36713;15689;10.2;4.4
88;2021-03-18;1302;399;38015;16088;10.6;4.5
88;2021-03-19;1465;505;39480;16593;11.0;4.6
88;2021-03-20;1319;55;40799;16648;11.3;4.6
88;2021-03-21;37;0;40836;16648;11.4;4.6
88;2021-03-22;1232;543;42068;17191;11.7;4.8
88;2021-03-23;1780;442;43848;17633;12.2;4.9
88;2021-03-24;1876;471;45724;18104;12.7;5.0
88;2021-03-25;2499;494;48223;18598;13.4;5.2
88;2021-03-26;2480;456;50703;19054;14.1;5.3
88;2021-03-27;883;298;51586;19352;14.3;5.4
88;2021-03-28;61;3;51647;19355;14.4;5.4
88;2021-03-29;1305;446;52952;19801;14.7;5.5
88;2021-03-30;2062;393;55014;20194;15.3;5.6
88;2021-03-31;1619;576;56633;20770;15.8;5.8
88;2021-04-01;2118;717;58751;21487;16.3;6.0
88;2021-04-02;2816;648;61567;22135;17.1;6.2
88;2021-04-03;745;215;62312;22350;17.3;6.2
88;2021-04-04;16;1;62328;22351;17.3;6.2
88;2021-04-05;23;2;62351;22353;17.3;6.2
88;2021-04-06;1140;679;63491;23032;17.7;6.4
88;2021-04-07;1600;715;65091;23747;18.1;6.6
88;2021-04-08;1859;788;66950;24535;18.6;6.8
88;2021-04-09;3080;742;70030;25277;19.5;7.0
88;2021-04-10;724;650;70754;25927;19.7;7.2
88;2021-04-11;33;1;70787;25928;19.7;7.2
88;2021-04-12;1538;986;72325;26914;20.1;7.5
88;2021-04-13;2037;1092;74362;28006;20.7;7.8
88;2021-04-14;1911;950;76273;28956;21.2;8.1
88;2021-04-15;1967;1244;78240;30200;21.8;8.4
88;2021-04-16;2109;1049;80349;31249;22.3;8.7
88;2021-04-17;1429;765;81778;32014;22.7;8.9
88;2021-04-18;268;23;82046;32037;22.8;8.9
88;2021-04-19;1173;1237;83219;33274;23.1;9.3
88;2021-04-20;1190;1398;84409;34672;23.5;9.6
88;2021-04-21;1503;1295;85912;35967;23.9;10.0
88;2021-04-22;1899;1634;87811;37601;24.4;10.5
88;2021-04-23;1825;2047;89636;39648;24.9;11.0
88;2021-04-24;1185;783;90821;40431;25.3;11.2
88;2021-04-25;34;2;90855;40433;25.3;11.2
88;2021-04-26;1180;1173;92035;41606;25.6;11.6
88;2021-04-27;1278;1730;93313;43336;26.0;12.1
88;2021-04-28;1634;1495;94947;44831;26.4;12.5
88;2021-04-29;2082;1465;97029;46296;27.0;12.9
88;2021-04-30;2451;1630;99480;47926;27.7;13.3
88;2021-05-01;2008;287;101488;48213;28.2;13.4
88;2021-05-02;1301;120;102789;48333;28.6;13.4
88;2021-05-03;1558;1218;104347;49551;29.0;13.8
88;2021-05-04;1444;1467;105791;51018;29.4;14.2
88;2021-05-05;2427;1599;108218;52617;30.1;14.6
88;2021-05-06;3210;1211;111428;53828;31.0;15.0
88;2021-05-07;2938;1350;114366;55178;31.8;15.3
88;2021-05-08;1533;469;115899;55647;32.2;15.5
88;2021-05-09;1734;159;117633;55806;32.7;15.5
88;2021-05-10;1764;1571;119397;57377;33.2;16.0
88;2021-05-11;2657;1911;122054;59288;33.9;16.5
88;2021-05-12;2531;1853;124585;61141;34.7;17.0
88;2021-05-13;3258;681;127843;61822;35.6;17.2
88;2021-05-14;2501;1543;130344;63365;36.3;17.6
88;2021-05-15;1625;743;131969;64108;36.7;17.8
88;2021-05-16;1333;103;133302;64211;37.1;17.9
88;2021-05-17;1988;946;135290;65157;37.6;18.1
88;2021-05-18;2256;1115;137546;66272;38.3;18.4
88;2021-05-19;2723;1150;140269;67422;39.0;18.8
88;2021-05-20;3347;1239;143616;68661;39.9;19.1
88;2021-05-21;2875;1149;146491;69810;40.7;19.4
88;2021-05-22;1432;713;147923;70523;41.1;19.6
88;2021-05-23;558;74;148481;70597;41.3;19.6
88;2021-05-24;1675;434;150156;71031;41.8;19.8
88;2021-05-25;1648;1174;151804;72205;42.2;20.1
88;2021-05-26;2368;1140;154172;73345;42.9;20.4
88;2021-05-27;2201;1364;156373;74709;43.5;20.8
88;2021-05-28;1891;1981;158264;76690;44.0;21.3
88;2021-05-29;1230;1754;159494;78444;44.4;21.8
88;2021-05-30;587;418;160081;78862;44.5;21.9
88;2021-05-31;1327;1851;161408;80713;44.9;22.5
88;2021-06-01;1720;1986;163128;82699;45.4;23.0
88;2021-06-02;2076;1872;165204;84571;46.0;23.5
88;2021-06-03;2739;1618;167943;86189;46.7;24.0
88;2021-06-04;2043;1935;169986;88124;47.3;24.5
88;2021-06-05;1531;1139;171517;89263;47.7;24.8
88;2021-06-06;693;156;172210;89419;47.9;24.9
88;2021-06-07;1292;1710;173502;91129;48.3;25.3
88;2021-06-08;1666;1935;175168;93064;48.7;25.9
88;2021-06-09;1618;1910;176786;94974;49.2;26.4
88;2021-06-10;1781;2046;178567;97020;49.7;27.0
88;2021-06-11;1549;2215;180116;99235;50.1;27.6
88;2021-06-12;669;1657;180785;100892;50.3;28.1
88;2021-06-13;464;377;181249;101269;50.4;28.2
88;2021-06-14;1030;2249;182279;103518;50.7;28.8
88;2021-06-15;1929;2460;184208;105978;51.2;29.5
88;2021-06-16;1486;2872;185694;108850;51.7;30.3
88;2021-06-17;1599;2732;187293;111582;52.1;31.0
88;2021-06-18;1356;2461;188649;114043;52.5;31.7
88;2021-06-19;701;1090;189350;115133;52.7;32.0
88;2021-06-20;78;79;189428;115212;52.7;32.0
88;2021-06-21;672;2581;190100;117793;52.9;32.8
88;2021-06-22;869;3433;190969;121226;53.1;33.7
88;2021-06-23;1144;2877;192113;124103;53.4;34.5
88;2021-06-24;703;2604;192816;126707;53.6;35.2
88;2021-06-25;1436;3180;194252;129887;54.0;36.1
88;2021-06-26;903;2072;195155;131959;54.3;36.7
88;2021-06-27;543;635;195698;132594;54.4;36.9
88;2021-06-28;760;2516;196458;135110;54.6;37.6
88;2021-06-29;961;3355;197419;138465;54.9;38.5
88;2021-06-30;1136;3116;198555;141581;55.2;39.4
88;2021-07-01;1056;2686;199611;144267;55.5;40.1
88;2021-07-02;992;3150;200603;147417;55.8;41.0
88;2021-07-03;694;1699;201297;149116;56.0;41.5
88;2021-07-04;258;815;201555;149931;56.1;41.7
88;2021-07-05;993;2021;202548;151952;56.3;42.3
88;2021-07-06;1020;2416;203568;154368;56.6;42.9
88;2021-07-07;1179;2588;204747;156956;57.0;43.7
88;2021-07-08;1085;2064;205832;159020;57.3;44.2
88;2021-07-09;1583;2705;207415;161725;57.7;45.0
88;2021-07-10;723;1819;208138;163544;57.9;45.5
88;2021-07-11;468;696;208606;164240;58.0;45.7
88;2021-07-12;1055;2521;209661;166761;58.3;46.4
88;2021-07-13;1313;2654;210974;169415;58.7;47.1
88;2021-07-14;1206;801;212180;170216;59.0;47.3
88;2021-07-15;1744;3315;213924;173531;59.5;48.3
88;2021-07-16;1470;2964;215394;176495;59.9;49.1
88;2021-07-17;802;1588;216196;178083;60.1;49.5
88;2021-07-18;180;679;216376;178762;60.2;49.7
88;2021-07-19;1563;2231;217939;180993;60.6;50.3
88;2021-07-20;2143;2388;220082;183381;61.2;51.0
88;2021-07-21;1938;2218;222020;185599;61.8;51.6
88;2021-07-22;1699;2110;223719;187709;62.2;52.2
88;2021-07-23;2509;2784;226228;190493;62.9;53.0
88;2021-07-24;1059;1186;227287;191679;63.2;53.3
88;2021-07-25;432;608;227719;192287;63.3;53.5
88;2021-07-26;1715;2074;229434;194361;63.8;54.1
88;2021-07-27;2349;2060;231783;196421;64.5;54.6
88;2021-07-28;2212;2249;233995;198670;65.1;55.3
88;2021-07-29;3032;1634;237027;200304;65.9;55.7
88;2021-07-30;2273;2295;239300;202599;66.6;56.4
88;2021-07-31;1106;1037;240406;203636;66.9;56.6
88;2021-08-01;448;461;240854;204097;67.0;56.8
88;2021-08-02;2376;1768;243230;205865;67.7;57.3
88;2021-08-03;2875;1591;246105;207456;68.5;57.7
88;2021-08-04;2517;1528;248622;208984;69.2;58.1
88;2021-08-05;1995;1378;250617;210362;69.7;58.5
88;2021-08-06;2927;2012;253544;212374;70.5;59.1
88;2021-08-07;1173;912;254717;213286;70.8;59.3
88;2021-08-08;750;320;255467;213606;71.1;59.4
88;2021-08-09;1548;1649;257015;215255;71.5;59.9
88;2021-08-10;1938;2055;258953;217310;72.0;60.4
88;2021-08-11;1865;1749;260818;219059;72.5;60.9
88;2021-08-12;1661;1347;262479;220406;73.0;61.3
88;2021-08-13;1942;2128;264421;222534;73.5;61.9
88;2021-08-14;578;911;264999;223445;73.7;62.2
88;2021-08-15;336;521;265335;223966;73.8;62.3
88;2021-08-16;1147;1987;266482;225953;74.1;62.8
88;2021-08-17;1267;2055;267749;228008;74.5;63.4
88;2021-08-18;1204;1923;268953;229931;74.8;64.0
88;2021-08-19;1037;1582;269990;231513;75.1;64.4
88;2021-08-20;1014;2330;271004;233843;75.4;65.0
88;2021-08-21;402;1142;271406;234985;75.5;65.4
88;2021-08-22;100;479;271506;235464;75.5;65.5
88;2021-08-23;730;1641;272236;237105;75.7;66.0
88;2021-08-24;914;1973;273150;239078;76.0;66.5
88;2021-08-25;889;2458;274039;241536;76.2;67.2
88;2021-08-26;863;2047;274902;243583;76.5;67.8
88;2021-08-27;844;2708;275746;246291;76.7;68.5
88;2021-08-28;485;1351;276231;247642;76.8;68.9
88;2021-08-29;130;694;276361;248336;76.9;69.1
88;2021-08-30;697;2383;277058;250719;77.1;69.7
88;2021-08-31;779;2374;277837;253093;77.3;70.4
88;2021-09-01;680;2072;278517;255165;77.5;71.0
88;2021-09-02;659;1742;279176;256907;77.7;71.5
88;2021-09-03;728;2256;279904;259163;77.9;72.1
88;2021-09-04;415;1155;280319;260318;78.0;72.4
88;2021-09-05;187;424;280506;260742;78.0;72.5
88;2021-09-06;506;1358;281012;262100;78.2;72.9
88;2021-09-07;564;1403;281576;263503;78.3;73.3
89;2020-12-27;0;0;0;0;0.0;0.0
89;2020-12-28;1;0;1;0;0.0;0.0
89;2020-12-29;0;0;1;0;0.0;0.0
89;2020-12-30;0;0;1;0;0.0;0.0
89;2020-12-31;0;0;1;0;0.0;0.0
89;2021-01-01;0;0;1;0;0.0;0.0
89;2021-01-02;0;0;1;0;0.0;0.0
89;2021-01-03;0;0;1;0;0.0;0.0
89;2021-01-04;0;0;1;0;0.0;0.0
89;2021-01-05;0;0;1;0;0.0;0.0
89;2021-01-06;48;0;49;0;0.0;0.0
89;2021-01-07;201;0;250;0;0.1;0.0
89;2021-01-08;48;0;298;0;0.1;0.0
89;2021-01-09;1;0;299;0;0.1;0.0
89;2021-01-10;0;0;299;0;0.1;0.0
89;2021-01-11;221;0;520;0;0.2;0.0
89;2021-01-12;349;0;869;0;0.3;0.0
89;2021-01-13;533;3;1402;3;0.4;0.0
89;2021-01-14;711;7;2113;10;0.6;0.0
89;2021-01-15;275;2;2388;12;0.7;0.0
89;2021-01-16;90;3;2478;15;0.7;0.0
89;2021-01-17;0;0;2478;15;0.7;0.0
89;2021-01-18;503;1;2981;16;0.9;0.0
89;2021-01-19;841;3;3822;19;1.2;0.0
89;2021-01-20;760;0;4582;19;1.4;0.0
89;2021-01-21;939;4;5521;23;1.7;0.0
89;2021-01-22;1021;1;6542;24;2.0;0.0
89;2021-01-23;200;0;6742;24;2.0;0.0
89;2021-01-24;107;0;6849;24;2.1;0.0
89;2021-01-25;482;3;7331;27;2.2;0.0
89;2021-01-26;582;13;7913;40;2.4;0.0
89;2021-01-27;473;37;8386;77;2.5;0.0
89;2021-01-28;550;124;8936;201;2.7;0.1
89;2021-01-29;958;42;9894;243;3.0;0.1
89;2021-01-30;184;14;10078;257;3.0;0.1
89;2021-01-31;24;1;10102;258;3.0;0.1
89;2021-02-01;255;142;10357;400;3.1;0.1
89;2021-02-02;282;321;10639;721;3.2;0.2
89;2021-02-03;292;339;10931;1060;3.3;0.3
89;2021-02-04;432;589;11363;1649;3.4;0.5
89;2021-02-05;387;197;11750;1846;3.5;0.6
89;2021-02-06;77;66;11827;1912;3.6;0.6
89;2021-02-07;0;0;11827;1912;3.6;0.6
89;2021-02-08;288;173;12115;2085;3.6;0.6
89;2021-02-09;285;415;12400;2500;3.7;0.8
89;2021-02-10;396;300;12796;2800;3.9;0.8
89;2021-02-11;332;537;13128;3337;4.0;1.0
89;2021-02-12;433;581;13561;3918;4.1;1.2
89;2021-02-13;52;128;13613;4046;4.1;1.2
89;2021-02-14;21;116;13634;4162;4.1;1.3
89;2021-02-15;218;353;13852;4515;4.2;1.4
89;2021-02-16;134;467;13986;4982;4.2;1.5
89;2021-02-17;263;370;14249;5352;4.3;1.6
89;2021-02-18;225;470;14474;5822;4.4;1.8
89;2021-02-19;244;614;14718;6436;4.4;1.9
89;2021-02-20;33;129;14751;6565;4.4;2.0
89;2021-02-21;0;10;14751;6575;4.4;2.0
89;2021-02-22;233;394;14984;6969;4.5;2.1
89;2021-02-23;171;424;15155;7393;4.6;2.2
89;2021-02-24;343;332;15498;7725;4.7;2.3
89;2021-02-25;370;409;15868;8134;4.8;2.4
89;2021-02-26;385;303;16253;8437;4.9;2.5
89;2021-02-27;138;63;16391;8500;4.9;2.6
89;2021-02-28;6;13;16397;8513;4.9;2.6
89;2021-03-01;541;215;16938;8728;5.1;2.6
89;2021-03-02;754;335;17692;9063;5.3;2.7
89;2021-03-03;647;252;18339;9315;5.5;2.8
89;2021-03-04;633;362;18972;9677;5.7;2.9
89;2021-03-05;728;487;19700;10164;5.9;3.1
89;2021-03-06;549;124;20249;10288;6.1;3.1
89;2021-03-07;288;40;20537;10328;6.2;3.1
89;2021-03-08;559;324;21096;10652;6.4;3.2
89;2021-03-09;1001;269;22097;10921;6.7;3.3
89;2021-03-10;984;254;23081;11175;7.0;3.4
89;2021-03-11;1075;295;24156;11470;7.3;3.5
89;2021-03-12;1281;333;25437;11803;7.7;3.6
89;2021-03-13;637;44;26074;11847;7.9;3.6
89;2021-03-14;1;0;26075;11847;7.9;3.6
89;2021-03-15;816;311;26891;12158;8.1;3.7
89;2021-03-16;948;222;27839;12380;8.4;3.7
89;2021-03-17;920;267;28759;12647;8.7;3.8
89;2021-03-18;885;255;29644;12902;8.9;3.9
89;2021-03-19;1149;196;30793;13098;9.3;3.9
89;2021-03-20;844;28;31637;13126;9.5;4.0
89;2021-03-21;173;6;31810;13132;9.6;4.0
89;2021-03-22;1044;223;32854;13355;9.9;4.0
89;2021-03-23;1742;256;34596;13611;10.4;4.1
89;2021-03-24;1967;324;36563;13935;11.0;4.2
89;2021-03-25;1821;170;38384;14105;11.6;4.2
89;2021-03-26;2627;184;41011;14289;12.3;4.3
89;2021-03-27;1774;48;42785;14337;12.9;4.3
89;2021-03-28;32;3;42817;14340;12.9;4.3
89;2021-03-29;965;574;43782;14914;13.2;4.5
89;2021-03-30;1154;565;44936;15479;13.5;4.7
89;2021-03-31;2005;474;46941;15953;14.1;4.8
89;2021-04-01;2120;461;49061;16414;14.8;4.9
89;2021-04-02;2139;445;51200;16859;15.4;5.1
89;2021-04-03;1004;243;52204;17102;15.7;5.1
89;2021-04-04;16;1;52220;17103;15.7;5.2
89;2021-04-05;92;2;52312;17105;15.8;5.2
89;2021-04-06;1034;757;53346;17862;16.1;5.4
89;2021-04-07;1029;803;54375;18665;16.4;5.6
89;2021-04-08;1729;726;56104;19391;16.9;5.8
89;2021-04-09;2165;767;58269;20158;17.5;6.1
89;2021-04-10;892;181;59161;20339;17.8;6.1
89;2021-04-11;38;51;59199;20390;17.8;6.1
89;2021-04-12;1012;792;60211;21182;18.1;6.4
89;2021-04-13;1357;1082;61568;22264;18.5;6.7
89;2021-04-14;1213;1037;62781;23301;18.9;7.0
89;2021-04-15;1415;945;64196;24246;19.3;7.3
89;2021-04-16;1329;940;65525;25186;19.7;7.6
89;2021-04-17;1068;455;66593;25641;20.1;7.7
89;2021-04-18;27;154;66620;25795;20.1;7.8
89;2021-04-19;749;1039;67369;26834;20.3;8.1
89;2021-04-20;1017;1534;68386;28368;20.6;8.5
89;2021-04-21;814;1105;69200;29473;20.8;8.9
89;2021-04-22;1108;1166;70308;30639;21.2;9.2
89;2021-04-23;1823;1965;72131;32604;21.7;9.8
89;2021-04-24;1174;1174;73305;33778;22.1;10.2
89;2021-04-25;139;6;73444;33784;22.1;10.2
89;2021-04-26;1503;776;74947;34560;22.6;10.4
89;2021-04-27;1733;1054;76680;35614;23.1;10.7
89;2021-04-28;1596;1854;78276;37468;23.6;11.3
89;2021-04-29;1970;1924;80246;39392;24.2;11.9
89;2021-04-30;1804;1768;82050;41160;24.7;12.4
89;2021-05-01;846;721;82896;41881;25.0;12.6
89;2021-05-02;134;31;83030;41912;25.0;12.6
89;2021-05-03;1606;765;84636;42677;25.5;12.9
89;2021-05-04;1620;1127;86256;43804;26.0;13.2
89;2021-05-05;2319;1267;88575;45071;26.7;13.6
89;2021-05-06;2412;1381;90987;46452;27.4;14.0
89;2021-05-07;2719;1316;93706;47768;28.2;14.4
89;2021-05-08;1787;534;95493;48302;28.8;14.5
89;2021-05-09;196;18;95689;48320;28.8;14.6
89;2021-05-10;1201;962;96890;49282;29.2;14.8
89;2021-05-11;2489;1462;99379;50744;29.9;15.3
89;2021-05-12;2059;1217;101438;51961;30.5;15.6
89;2021-05-13;414;332;101852;52293;30.7;15.7
89;2021-05-14;1880;1095;103732;53388;31.2;16.1
89;2021-05-15;2248;394;105980;53782;31.9;16.2
89;2021-05-16;10;35;105990;53817;31.9;16.2
89;2021-05-17;2092;638;108082;54455;32.5;16.4
89;2021-05-18;2323;831;110405;55286;33.2;16.6
89;2021-05-19;2861;881;113266;56167;34.1;16.9
89;2021-05-20;2927;888;116193;57055;35.0;17.2
89;2021-05-21;2481;877;118674;57932;35.7;17.4
89;2021-05-22;1430;562;120104;58494;36.2;17.6
89;2021-05-23;108;10;120212;58504;36.2;17.6
89;2021-05-24;286;224;120498;58728;36.3;17.7
89;2021-05-25;1559;984;122057;59712;36.8;18.0
89;2021-05-26;1817;1023;123874;60735;37.3;18.3
89;2021-05-27;2118;1358;125992;62093;37.9;18.7
89;2021-05-28;2143;1421;128135;63514;38.6;19.1
89;2021-05-29;541;659;128676;64173;38.7;19.3
89;2021-05-30;25;22;128701;64195;38.8;19.3
89;2021-05-31;1248;970;129949;65165;39.1;19.6
89;2021-06-01;1506;981;131455;66146;39.6;19.9
89;2021-06-02;1945;1279;133400;67425;40.2;20.3
89;2021-06-03;2428;1523;135828;68948;40.9;20.8
89;2021-06-04;2140;1887;137968;70835;41.5;21.3
89;2021-06-05;1186;1224;139154;72059;41.9;21.7
89;2021-06-06;23;37;139177;72096;41.9;21.7
89;2021-06-07;2108;1451;141285;73547;42.5;22.1
89;2021-06-08;2195;1455;143480;75002;43.2;22.6
89;2021-06-09;2321;1511;145801;76513;43.9;23.0
89;2021-06-10;2791;1601;148592;78114;44.7;23.5
89;2021-06-11;1950;1749;150542;79863;45.3;24.0
89;2021-06-12;1103;759;151645;80622;45.7;24.3
89;2021-06-13;156;422;151801;81044;45.7;24.4
89;2021-06-14;1311;1825;153112;82869;46.1;25.0
89;2021-06-15;1401;2013;154513;84882;46.5;25.6
89;2021-06-16;1129;2583;155642;87465;46.9;26.3
89;2021-06-17;1431;2337;157073;89802;47.3;27.0
89;2021-06-18;1623;2879;158696;92681;47.8;27.9
89;2021-06-19;687;1661;159383;94342;48.0;28.4
89;2021-06-20;55;127;159438;94469;48.0;28.4
89;2021-06-21;759;1528;160197;95997;48.2;28.9
89;2021-06-22;1048;2679;161245;98676;48.6;29.7
89;2021-06-23;1156;1796;162401;100472;48.9;30.3
89;2021-06-24;1077;1497;163478;101969;49.2;30.7
89;2021-06-25;1008;2426;164486;104395;49.5;31.4
89;2021-06-26;560;2482;165046;106877;49.7;32.2
89;2021-06-27;14;28;165060;106905;49.7;32.2
89;2021-06-28;1033;2494;166093;109399;50.0;32.9
89;2021-06-29;692;2403;166785;111802;50.2;33.7
89;2021-06-30;1084;3182;167869;114984;50.5;34.6
89;2021-07-01;1022;2987;168891;117971;50.9;35.5
89;2021-07-02;1106;2749;169997;120720;51.2;36.4
89;2021-07-03;554;1574;170551;122294;51.4;36.8
89;2021-07-04;11;36;170562;122330;51.4;36.8
89;2021-07-05;1296;1840;171858;124170;51.7;37.4
89;2021-07-06;1050;2311;172908;126481;52.1;38.1
89;2021-07-07;669;1789;173577;128270;52.3;38.6
89;2021-07-08;793;1871;174370;130141;52.5;39.2
89;2021-07-09;1141;2605;175511;132746;52.8;40.0
89;2021-07-10;719;816;176230;133562;53.1;40.2
89;2021-07-11;26;39;176256;133601;53.1;40.2
89;2021-07-12;1423;1900;177679;135501;53.5;40.8
89;2021-07-13;2137;2742;179816;138243;54.1;41.6
89;2021-07-14;314;326;180130;138569;54.2;41.7
89;2021-07-15;2244;3157;182374;141726;54.9;42.7
89;2021-07-16;2391;2863;184765;144589;55.6;43.5
89;2021-07-17;1234;1227;185999;145816;56.0;43.9
89;2021-07-18;276;97;186275;145913;56.1;43.9
89;2021-07-19;1566;2811;187841;148724;56.6;44.8
89;2021-07-20;1929;3282;189770;152006;57.1;45.8
89;2021-07-21;2080;2725;191850;154731;57.8;46.6
89;2021-07-22;2475;2993;194325;157724;58.5;47.5
89;2021-07-23;2478;3105;196803;160829;59.3;48.4
89;2021-07-24;1241;1247;198044;162076;59.6;48.8
89;2021-07-25;69;185;198113;162261;59.7;48.9
89;2021-07-26;1720;2320;199833;164581;60.2;49.6
89;2021-07-27;2345;1911;202178;166492;60.9;50.1
89;2021-07-28;2537;1339;204715;167831;61.6;50.5
89;2021-07-29;2526;1621;207241;169452;62.4;51.0
89;2021-07-30;2678;1621;209919;171073;63.2;51.5
89;2021-07-31;1122;1072;211041;172145;63.5;51.8
89;2021-08-01;69;33;211110;172178;63.6;51.8
89;2021-08-02;1784;1284;212894;173462;64.1;52.2
89;2021-08-03;2467;1256;215361;174718;64.8;52.6
89;2021-08-04;1527;1641;216888;176359;65.3;53.1
89;2021-08-05;1530;1692;218418;178051;65.8;53.6
89;2021-08-06;2162;1649;220580;179700;66.4;54.1
89;2021-08-07;928;1093;221508;180793;66.7;54.4
89;2021-08-08;56;48;221564;180841;66.7;54.5
89;2021-08-09;1088;1174;222652;182015;67.0;54.8
89;2021-08-10;1776;1814;224428;183829;67.6;55.4
89;2021-08-11;1519;1581;225947;185410;68.0;55.8
89;2021-08-12;1350;1390;227297;186800;68.4;56.2
89;2021-08-13;1255;1951;228552;188751;68.8;56.8
89;2021-08-14;518;1021;229070;189772;69.0;57.1
89;2021-08-15;19;43;229089;189815;69.0;57.2
89;2021-08-16;986;1965;230075;191780;69.3;57.7
89;2021-08-17;830;1571;230905;193351;69.5;58.2
89;2021-08-18;609;1897;231514;195248;69.7;58.8
89;2021-08-19;654;1390;232168;196638;69.9;59.2
89;2021-08-20;1003;2261;233171;198899;70.2;59.9
89;2021-08-21;296;1003;233467;199902;70.3;60.2
89;2021-08-22;32;34;233499;199936;70.3;60.2
89;2021-08-23;752;2247;234251;202183;70.5;60.9
89;2021-08-24;833;2365;235084;204548;70.8;61.6
89;2021-08-25;559;1429;235643;205977;71.0;62.0
89;2021-08-26;577;2052;236220;208029;71.1;62.6
89;2021-08-27;777;2260;236997;210289;71.4;63.3
89;2021-08-28;353;1303;237350;211592;71.5;63.7
89;2021-08-29;30;70;237380;211662;71.5;63.7
89;2021-08-30;627;2230;238007;213892;71.7;64.4
89;2021-08-31;597;1624;238604;215516;71.8;64.9
89;2021-09-01;506;1370;239110;216886;72.0;65.3
89;2021-09-02;426;1457;239536;218343;72.1;65.7
89;2021-09-03;571;2086;240107;220429;72.3;66.4
89;2021-09-04;493;996;240600;221425;72.4;66.7
89;2021-09-05;14;17;240614;221442;72.5;66.7
89;2021-09-06;415;1827;241029;223269;72.6;67.2
89;2021-09-07;344;1144;241373;224413;72.7;67.6
90;2020-12-27;0;0;0;0;0.0;0.0
90;2020-12-28;0;0;0;0;0.0;0.0
90;2020-12-29;0;0;0;0;0.0;0.0
90;2020-12-30;1;0;1;0;0.0;0.0
90;2020-12-31;0;0;1;0;0.0;0.0
90;2021-01-01;0;0;1;0;0.0;0.0
90;2021-01-02;1;0;2;0;0.0;0.0
90;2021-01-03;0;0;2;0;0.0;0.0
90;2021-01-04;2;0;4;0;0.0;0.0
90;2021-01-05;0;0;4;0;0.0;0.0
90;2021-01-06;0;0;4;0;0.0;0.0
90;2021-01-07;1;0;5;0;0.0;0.0
90;2021-01-08;170;0;175;0;0.1;0.0
90;2021-01-09;46;0;221;0;0.2;0.0
90;2021-01-10;0;0;221;0;0.2;0.0
90;2021-01-11;200;0;421;0;0.3;0.0
90;2021-01-12;430;1;851;1;0.6;0.0
90;2021-01-13;468;2;1319;3;0.9;0.0
90;2021-01-14;414;2;1733;5;1.2;0.0
90;2021-01-15;404;8;2137;13;1.5;0.0
90;2021-01-16;111;2;2248;15;1.6;0.0
90;2021-01-17;1;0;2249;15;1.6;0.0
90;2021-01-18;365;2;2614;17;1.9;0.0
90;2021-01-19;462;4;3076;21;2.2;0.0
90;2021-01-20;392;2;3468;23;2.5;0.0
90;2021-01-21;351;1;3819;24;2.7;0.0
90;2021-01-22;346;2;4165;26;3.0;0.0
90;2021-01-23;98;0;4263;26;3.0;0.0
90;2021-01-24;0;0;4263;26;3.0;0.0
90;2021-01-25;322;3;4585;29;3.3;0.0
90;2021-01-26;224;0;4809;29;3.4;0.0
90;2021-01-27;255;0;5064;29;3.6;0.0
90;2021-01-28;328;29;5392;58;3.8;0.0
90;2021-01-29;291;161;5683;219;4.1;0.2
90;2021-01-30;176;44;5859;263;4.2;0.2
90;2021-01-31;118;0;5977;263;4.3;0.2
90;2021-02-01;275;104;6252;367;4.5;0.3
90;2021-02-02;290;155;6542;522;4.7;0.4
90;2021-02-03;256;274;6798;796;4.9;0.6
90;2021-02-04;257;302;7055;1098;5.0;0.8
90;2021-02-05;266;267;7321;1365;5.2;1.0
90;2021-02-06;89;64;7410;1429;5.3;1.0
90;2021-02-07;0;0;7410;1429;5.3;1.0
90;2021-02-08;170;214;7580;1643;5.4;1.2
90;2021-02-09;139;159;7719;1802;5.5;1.3
90;2021-02-10;182;29;7901;1831;5.6;1.3
90;2021-02-11;229;98;8130;1929;5.8;1.4
90;2021-02-12;126;238;8256;2167;5.9;1.5
90;2021-02-13;96;42;8352;2209;6.0;1.6
90;2021-02-14;0;0;8352;2209;6.0;1.6
90;2021-02-15;113;264;8465;2473;6.0;1.8
90;2021-02-16;92;262;8557;2735;6.1;2.0
90;2021-02-17;178;194;8735;2929;6.2;2.1
90;2021-02-18;128;221;8863;3150;6.3;2.2
90;2021-02-19;64;252;8927;3402;6.4;2.4
90;2021-02-20;40;70;8967;3472;6.4;2.5
90;2021-02-21;0;0;8967;3472;6.4;2.5
90;2021-02-22;77;297;9044;3769;6.5;2.7
90;2021-02-23;40;237;9084;4006;6.5;2.9
90;2021-02-24;109;270;9193;4276;6.6;3.1
90;2021-02-25;89;288;9282;4564;6.6;3.3
90;2021-02-26;89;371;9371;4935;6.7;3.5
90;2021-02-27;140;160;9511;5095;6.8;3.6
90;2021-02-28;8;103;9519;5198;6.8;3.7
90;2021-03-01;211;220;9730;5418;6.9;3.9
90;2021-03-02;178;270;9908;5688;7.1;4.1
90;2021-03-03;239;340;10147;6028;7.2;4.3
90;2021-03-04;260;275;10407;6303;7.4;4.5
90;2021-03-05;359;267;10766;6570;7.7;4.7
90;2021-03-06;291;102;11057;6672;7.9;4.8
90;2021-03-07;18;1;11075;6673;7.9;4.8
90;2021-03-08;246;245;11321;6918;8.1;4.9
90;2021-03-09;430;162;11751;7080;8.4;5.1
90;2021-03-10;348;195;12099;7275;8.6;5.2
90;2021-03-11;348;120;12447;7395;8.9;5.3
90;2021-03-12;519;130;12966;7525;9.3;5.4
90;2021-03-13;539;48;13505;7573;9.6;5.4
90;2021-03-14;21;0;13526;7573;9.7;5.4
90;2021-03-15;388;118;13914;7691;9.9;5.5
90;2021-03-16;402;100;14316;7791;10.2;5.6
90;2021-03-17;323;76;14639;7867;10.4;5.6
90;2021-03-18;348;79;14987;7946;10.7;5.7
90;2021-03-19;468;79;15455;8025;11.0;5.7
90;2021-03-20;427;48;15882;8073;11.3;5.8
90;2021-03-21;7;1;15889;8074;11.3;5.8
90;2021-03-22;399;30;16288;8104;11.6;5.8
90;2021-03-23;739;76;17027;8180;12.1;5.8
90;2021-03-24;817;45;17844;8225;12.7;5.9
90;2021-03-25;949;75;18793;8300;13.4;5.9
90;2021-03-26;1227;61;20020;8361;14.3;6.0
90;2021-03-27;439;34;20459;8395;14.6;6.0
90;2021-03-28;34;0;20493;8395;14.6;6.0
90;2021-03-29;712;144;21205;8539;15.1;6.1
90;2021-03-30;675;155;21880;8694;15.6;6.2
90;2021-03-31;728;84;22608;8778;16.1;6.3
90;2021-04-01;602;123;23210;8901;16.6;6.4
90;2021-04-02;657;98;23867;8999;17.0;6.4
90;2021-04-03;370;40;24237;9039;17.3;6.4
90;2021-04-04;1;0;24238;9039;17.3;6.4
90;2021-04-05;0;0;24238;9039;17.3;6.4
90;2021-04-06;528;251;24766;9290;17.7;6.6
90;2021-04-07;485;265;25251;9555;18.0;6.8
90;2021-04-08;510;245;25761;9800;18.4;7.0
90;2021-04-09;752;267;26513;10067;18.9;7.2
90;2021-04-10;224;8;26737;10075;19.1;7.2
90;2021-04-11;7;0;26744;10075;19.1;7.2
90;2021-04-12;557;481;27301;10556;19.5;7.5
90;2021-04-13;632;531;27933;11087;19.9;7.9
90;2021-04-14;526;352;28459;11439;20.3;8.2
90;2021-04-15;905;291;29364;11730;21.0;8.4
90;2021-04-16;370;404;29734;12134;21.2;8.7
90;2021-04-17;189;128;29923;12262;21.4;8.7
90;2021-04-18;21;0;29944;12262;21.4;8.7
90;2021-04-19;435;570;30379;12832;21.7;9.2
90;2021-04-20;494;616;30873;13448;22.0;9.6
90;2021-04-21;353;497;31226;13945;22.3;10.0
90;2021-04-22;569;602;31795;14547;22.7;10.4
90;2021-04-23;504;742;32299;15289;23.0;10.9
90;2021-04-24;305;202;32604;15491;23.3;11.1
90;2021-04-25;1;0;32605;15491;23.3;11.1
90;2021-04-26;509;750;33114;16241;23.6;11.6
90;2021-04-27;641;679;33755;16920;24.1;12.1
90;2021-04-28;765;445;34520;17365;24.6;12.4
90;2021-04-29;1003;448;35523;17813;25.3;12.7
90;2021-04-30;1120;459;36643;18272;26.1;13.0
90;2021-05-01;60;42;36703;18314;26.2;13.1
90;2021-05-02;4;0;36707;18314;26.2;13.1
90;2021-05-03;904;286;37611;18600;26.8;13.3
90;2021-05-04;784;637;38395;19237;27.4;13.7
90;2021-05-05;892;504;39287;19741;28.0;14.1
90;2021-05-06;852;626;40139;20367;28.6;14.5
90;2021-05-07;440;508;40579;20875;29.0;14.9
90;2021-05-08;26;27;40605;20902;29.0;14.9
90;2021-05-09;5;33;40610;20935;29.0;14.9
90;2021-05-10;506;582;41116;21517;29.3;15.4
90;2021-05-11;778;638;41894;22155;29.9;15.8
90;2021-05-12;532;598;42426;22753;30.3;16.2
90;2021-05-13;1113;264;43539;23017;31.1;16.4
90;2021-05-14;865;403;44404;23420;31.7;16.7
90;2021-05-15;14;125;44418;23545;31.7;16.8
90;2021-05-16;2;7;44420;23552;31.7;16.8
90;2021-05-17;793;290;45213;23842;32.3;17.0
90;2021-05-18;1024;472;46237;24314;33.0;17.3
90;2021-05-19;1265;384;47502;24698;33.9;17.6
90;2021-05-20;1201;270;48703;24968;34.8;17.8
90;2021-05-21;1265;432;49968;25400;35.7;18.1
90;2021-05-22;9;131;49977;25531;35.7;18.2
90;2021-05-23;4;0;49981;25531;35.7;18.2
90;2021-05-24;368;266;50349;25797;35.9;18.4
90;2021-05-25;636;792;50985;26589;36.4;19.0
90;2021-05-26;630;568;51615;27157;36.8;19.4
90;2021-05-27;963;383;52578;27540;37.5;19.7
90;2021-05-28;668;827;53246;28367;38.0;20.2
90;2021-05-29;93;296;53339;28663;38.1;20.5
90;2021-05-30;4;1;53343;28664;38.1;20.5
90;2021-05-31;809;713;54152;29377;38.6;21.0
90;2021-06-01;969;740;55121;30117;39.3;21.5
90;2021-06-02;760;676;55881;30793;39.9;22.0
90;2021-06-03;758;743;56639;31536;40.4;22.5
90;2021-06-04;833;972;57472;32508;41.0;23.2
90;2021-06-05;54;427;57526;32935;41.0;23.5
90;2021-06-06;1;16;57527;32951;41.0;23.5
90;2021-06-07;1265;1081;58792;34032;42.0;24.3
90;2021-06-08;1481;936;60273;34968;43.0;25.0
90;2021-06-09;965;659;61238;35627;43.7;25.4
90;2021-06-10;626;498;61864;36125;44.1;25.8
90;2021-06-11;787;1127;62651;37252;44.7;26.6
90;2021-06-12;806;297;63457;37549;45.3;26.8
90;2021-06-13;10;12;63467;37561;45.3;26.8
90;2021-06-14;265;974;63732;38535;45.5;27.5
90;2021-06-15;567;882;64299;39417;45.9;28.1
90;2021-06-16;510;548;64809;39965;46.2;28.5
90;2021-06-17;444;638;65253;40603;46.6;29.0
90;2021-06-18;624;997;65877;41600;47.0;29.7
90;2021-06-19;450;170;66327;41770;47.3;29.8
90;2021-06-20;0;28;66327;41798;47.3;29.8
90;2021-06-21;257;1178;66584;42976;47.5;30.7
90;2021-06-22;384;950;66968;43926;47.8;31.3
90;2021-06-23;415;633;67383;44559;48.1;31.8
90;2021-06-24;318;603;67701;45162;48.3;32.2
90;2021-06-25;431;1273;68132;46435;48.6;33.1
90;2021-06-26;420;561;68552;46996;48.9;33.5
90;2021-06-27;2;6;68554;47002;48.9;33.5
90;2021-06-28;378;1299;68932;48301;49.2;34.5
90;2021-06-29;305;1307;69237;49608;49.4;35.4
90;2021-06-30;485;1228;69722;50836;49.7;36.3
90;2021-07-01;355;919;70077;51755;50.0;36.9
90;2021-07-02;507;1206;70584;52961;50.4;37.8
90;2021-07-03;52;129;70636;53090;50.4;37.9
90;2021-07-04;0;21;70636;53111;50.4;37.9
90;2021-07-05;401;1014;71037;54125;50.7;38.6
90;2021-07-06;514;972;71551;55097;51.1;39.3
90;2021-07-07;381;995;71932;56092;51.3;40.0
90;2021-07-08;304;607;72236;56699;51.5;40.5
90;2021-07-09;440;949;72676;57648;51.9;41.1
90;2021-07-10;32;91;72708;57739;51.9;41.2
90;2021-07-11;7;17;72715;57756;51.9;41.2
90;2021-07-12;244;1076;72959;58832;52.1;42.0
90;2021-07-13;474;1162;73433;59994;52.4;42.8
90;2021-07-14;4;9;73437;60003;52.4;42.8
90;2021-07-15;791;1454;74228;61457;53.0;43.9
90;2021-07-16;827;1681;75055;63138;53.6;45.1
90;2021-07-17;485;955;75540;64093;53.9;45.7
90;2021-07-18;4;2;75544;64095;53.9;45.7
90;2021-07-19;1187;1461;76731;65556;54.8;46.8
90;2021-07-20;1339;1135;78070;66691;55.7;47.6
90;2021-07-21;1398;983;79468;67674;56.7;48.3
90;2021-07-22;1126;697;80594;68371;57.5;48.8
90;2021-07-23;970;1022;81564;69393;58.2;49.5
90;2021-07-24;120;65;81684;69458;58.3;49.6
90;2021-07-25;2;1;81686;69459;58.3;49.6
90;2021-07-26;1072;804;82758;70263;59.1;50.1
90;2021-07-27;1085;746;83843;71009;59.8;50.7
90;2021-07-28;823;711;84666;71720;60.4;51.2
90;2021-07-29;839;441;85505;72161;61.0;51.5
90;2021-07-30;783;503;86288;72664;61.6;51.8
90;2021-07-31;486;312;86774;72976;61.9;52.1
90;2021-08-01;0;3;86774;72979;61.9;52.1
90;2021-08-02;836;510;87610;73489;62.5;52.4
90;2021-08-03;914;492;88524;73981;63.2;52.8
90;2021-08-04;1067;459;89591;74440;63.9;53.1
90;2021-08-05;520;221;90111;74661;64.3;53.3
90;2021-08-06;639;390;90750;75051;64.8;53.6
90;2021-08-07;36;63;90786;75114;64.8;53.6
90;2021-08-08;18;3;90804;75117;64.8;53.6
90;2021-08-09;722;946;91526;76063;65.3;54.3
90;2021-08-10;535;1151;92061;77214;65.7;55.1
90;2021-08-11;537;947;92598;78161;66.1;55.8
90;2021-08-12;445;818;93043;78979;66.4;56.4
90;2021-08-13;527;896;93570;79875;66.8;57.0
90;2021-08-14;30;99;93600;79974;66.8;57.1
90;2021-08-15;2;8;93602;79982;66.8;57.1
90;2021-08-16;445;633;94047;80615;67.1;57.5
90;2021-08-17;343;1167;94390;81782;67.4;58.4
90;2021-08-18;268;879;94658;82661;67.5;59.0
90;2021-08-19;239;627;94897;83288;67.7;59.4
90;2021-08-20;353;771;95250;84059;68.0;60.0
90;2021-08-21;32;70;95282;84129;68.0;60.0
90;2021-08-22;0;7;95282;84136;68.0;60.0
90;2021-08-23;301;489;95583;84625;68.2;60.4
90;2021-08-24;332;957;95915;85582;68.4;61.1
90;2021-08-25;249;915;96164;86497;68.6;61.7
90;2021-08-26;241;673;96405;87170;68.8;62.2
90;2021-08-27;270;737;96675;87907;69.0;62.7
90;2021-08-28;20;64;96695;87971;69.0;62.8
90;2021-08-29;2;6;96697;87977;69.0;62.8
90;2021-08-30;319;639;97016;88616;69.2;63.2
90;2021-08-31;274;1024;97290;89640;69.4;64.0
90;2021-09-01;264;784;97554;90424;69.6;64.5
90;2021-09-02;156;407;97710;90831;69.7;64.8
90;2021-09-03;222;530;97932;91361;69.9;65.2
90;2021-09-04;55;156;97987;91517;69.9;65.3
90;2021-09-05;9;25;97996;91542;69.9;65.3
90;2021-09-06;132;740;98128;92282;70.0;65.8
90;2021-09-07;219;666;98347;92948;70.2;66.3
91;2020-12-27;0;0;0;0;0.0;0.0
91;2020-12-28;0;0;0;0;0.0;0.0
91;2020-12-29;1;0;1;0;0.0;0.0
91;2020-12-30;1;0;2;0;0.0;0.0
91;2020-12-31;0;0;2;0;0.0;0.0
91;2021-01-01;5;0;7;0;0.0;0.0
91;2021-01-02;0;0;7;0;0.0;0.0
91;2021-01-03;0;0;7;0;0.0;0.0
91;2021-01-04;1;0;8;0;0.0;0.0
91;2021-01-05;71;0;79;0;0.0;0.0
91;2021-01-06;188;2;267;2;0.0;0.0
91;2021-01-07;523;6;790;8;0.1;0.0
91;2021-01-08;394;1;1184;9;0.1;0.0
91;2021-01-09;89;2;1273;11;0.1;0.0
91;2021-01-10;1;0;1274;11;0.1;0.0
91;2021-01-11;595;2;1869;13;0.1;0.0
91;2021-01-12;899;8;2768;21;0.2;0.0
91;2021-01-13;702;8;3470;29;0.3;0.0
91;2021-01-14;721;10;4191;39;0.3;0.0
91;2021-01-15;569;4;4760;43;0.4;0.0
91;2021-01-16;316;7;5076;50;0.4;0.0
91;2021-01-17;117;1;5193;51;0.4;0.0
91;2021-01-18;992;3;6185;54;0.5;0.0
91;2021-01-19;1870;14;8055;68;0.6;0.0
91;2021-01-20;2378;17;10433;85;0.8;0.0
91;2021-01-21;2098;15;12531;100;0.9;0.0
91;2021-01-22;1861;10;14392;110;1.1;0.0
91;2021-01-23;413;1;14805;111;1.1;0.0
91;2021-01-24;53;0;14858;111;1.1;0.0
91;2021-01-25;1049;3;15907;114;1.2;0.0
91;2021-01-26;1578;37;17485;151;1.3;0.0
91;2021-01-27;2422;95;19907;246;1.5;0.0
91;2021-01-28;1983;225;21890;471;1.7;0.0
91;2021-01-29;1749;63;23639;534;1.8;0.0
91;2021-01-30;422;6;24061;540;1.8;0.0
91;2021-01-31;54;0;24115;540;1.8;0.0
91;2021-02-01;965;217;25080;757;1.9;0.1
91;2021-02-02;857;357;25937;1114;2.0;0.1
91;2021-02-03;938;555;26875;1669;2.0;0.1
91;2021-02-04;884;278;27759;1947;2.1;0.1
91;2021-02-05;1036;348;28795;2295;2.2;0.2
91;2021-02-06;338;86;29133;2381;2.2;0.2
91;2021-02-07;13;0;29146;2381;2.2;0.2
91;2021-02-08;905;561;30051;2942;2.3;0.2
91;2021-02-09;963;829;31014;3771;2.4;0.3
91;2021-02-10;1065;972;32079;4743;2.4;0.4
91;2021-02-11;1123;988;33202;5731;2.5;0.4
91;2021-02-12;1063;813;34265;6544;2.6;0.5
91;2021-02-13;330;332;34595;6876;2.6;0.5
91;2021-02-14;18;104;34613;6980;2.6;0.5
91;2021-02-15;368;1053;34981;8033;2.7;0.6
91;2021-02-16;554;1590;35535;9623;2.7;0.7
91;2021-02-17;813;2475;36348;12098;2.8;0.9
91;2021-02-18;941;1873;37289;13971;2.8;1.1
91;2021-02-19;869;1267;38158;15238;2.9;1.2
91;2021-02-20;167;297;38325;15535;2.9;1.2
91;2021-02-21;13;46;38338;15581;2.9;1.2
91;2021-02-22;334;1044;38672;16625;2.9;1.3
91;2021-02-23;397;963;39069;17588;3.0;1.3
91;2021-02-24;473;941;39542;18529;3.0;1.4
91;2021-02-25;735;910;40277;19439;3.1;1.5
91;2021-02-26;1096;966;41373;20405;3.1;1.5
91;2021-02-27;611;288;41984;20693;3.2;1.6
91;2021-02-28;65;62;42049;20755;3.2;1.6
91;2021-03-01;931;973;42980;21728;3.3;1.6
91;2021-03-02;1261;1036;44241;22764;3.4;1.7
91;2021-03-03;1468;1197;45709;23961;3.5;1.8
91;2021-03-04;2432;1087;48141;25048;3.6;1.9
91;2021-03-05;3353;1110;51494;26158;3.9;2.0
91;2021-03-06;4912;444;56406;26602;4.3;2.0
91;2021-03-07;3208;119;59614;26721;4.5;2.0
91;2021-03-08;1473;1031;61087;27752;4.6;2.1
91;2021-03-09;2625;977;63712;28729;4.8;2.2
91;2021-03-10;2623;1024;66335;29753;5.0;2.3
91;2021-03-11;3786;1120;70121;30873;5.3;2.3
91;2021-03-12;4789;1041;74910;31914;5.7;2.4
91;2021-03-13;5259;343;80169;32257;6.1;2.4
91;2021-03-14;304;28;80473;32285;6.1;2.4
91;2021-03-15;2985;435;83458;32720;6.3;2.5
91;2021-03-16;2617;380;86075;33100;6.5;2.5
91;2021-03-17;2230;348;88305;33448;6.7;2.5
91;2021-03-18;2393;409;90698;33857;6.9;2.6
91;2021-03-19;4094;384;94792;34241;7.2;2.6
91;2021-03-20;3609;184;98401;34425;7.5;2.6
91;2021-03-21;138;30;98539;34455;7.5;2.6
91;2021-03-22;3149;601;101688;35056;7.7;2.7
91;2021-03-23;4140;696;105828;35752;8.0;2.7
91;2021-03-24;3936;500;109764;36252;8.3;2.7
91;2021-03-25;5062;527;114826;36779;8.7;2.8
91;2021-03-26;5551;554;120377;37333;9.1;2.8
91;2021-03-27;4983;346;125360;37679;9.5;2.9
91;2021-03-28;282;57;125642;37736;9.5;2.9
91;2021-03-29;3304;1035;128946;38771;9.8;2.9
91;2021-03-30;4426;1226;133372;39997;10.1;3.0
91;2021-03-31;3368;1333;136740;41330;10.4;3.1
91;2021-04-01;3740;1685;140480;43015;10.6;3.3
91;2021-04-02;3890;2313;144370;45328;10.9;3.4
91;2021-04-03;1873;2868;146243;48196;11.1;3.7
91;2021-04-04;648;1319;146891;49515;11.1;3.8
91;2021-04-05;562;130;147453;49645;11.2;3.8
91;2021-04-06;3401;1783;150854;51428;11.4;3.9
91;2021-04-07;3421;1933;154275;53361;11.7;4.0
91;2021-04-08;4664;2165;158939;55526;12.0;4.2
91;2021-04-09;5348;2156;164287;57682;12.5;4.4
91;2021-04-10;2732;2814;167019;60496;12.7;4.6
91;2021-04-11;191;141;167210;60637;12.7;4.6
91;2021-04-12;2854;2279;170064;62916;12.9;4.8
91;2021-04-13;3757;2645;173821;65561;13.2;5.0
91;2021-04-14;3708;2326;177529;67887;13.5;5.1
91;2021-04-15;4477;2515;182006;70402;13.8;5.3
91;2021-04-16;4550;2807;186556;73209;14.1;5.5
91;2021-04-17;2983;2079;189539;75288;14.4;5.7
91;2021-04-18;269;72;189808;75360;14.4;5.7
91;2021-04-19;2306;2735;192114;78095;14.6;5.9
91;2021-04-20;3179;2984;195293;81079;14.8;6.1
91;2021-04-21;2989;2894;198282;83973;15.0;6.4
91;2021-04-22;3169;3368;201451;87341;15.3;6.6
91;2021-04-23;3717;3355;205168;90696;15.6;6.9
91;2021-04-24;3482;3731;208650;94427;15.8;7.2
91;2021-04-25;2618;642;211268;95069;16.0;7.2
91;2021-04-26;3486;2797;214754;97866;16.3;7.4
91;2021-04-27;4488;2921;219242;100787;16.6;7.6
91;2021-04-28;4568;2704;223810;103491;17.0;7.8
91;2021-04-29;5746;3064;229556;106555;17.4;8.1
91;2021-04-30;5387;2852;234943;109407;17.8;8.3
91;2021-05-01;3517;522;238460;109929;18.1;8.3
91;2021-05-02;628;132;239088;110061;18.1;8.3
91;2021-05-03;5203;2291;244291;112352;18.5;8.5
91;2021-05-04;5590;3175;249881;115527;18.9;8.8
91;2021-05-05;4854;2871;254735;118398;19.3;9.0
91;2021-05-06;5250;3375;259985;121773;19.7;9.2
91;2021-05-07;6120;3744;266105;125517;20.2;9.5
91;2021-05-08;6520;965;272625;126482;20.7;9.6
91;2021-05-09;4804;563;277429;127045;21.0;9.6
91;2021-05-10;5904;3007;283333;130052;21.5;9.9
91;2021-05-11;6830;3838;290163;133890;22.0;10.1
91;2021-05-12;5898;3440;296061;137330;22.4;10.4
91;2021-05-13;4826;1082;300887;138412;22.8;10.5
91;2021-05-14;6548;2396;307435;140808;23.3;10.7
91;2021-05-15;7796;1927;315231;142735;23.9;10.8
91;2021-05-16;4584;371;319815;143106;24.2;10.8
91;2021-05-17;6952;1708;326767;144814;24.8;11.0
91;2021-05-18;8121;1741;334888;146555;25.4;11.1
91;2021-05-19;7097;1699;341985;148254;25.9;11.2
91;2021-05-20;8204;2141;350189;150395;26.5;11.4
91;2021-05-21;8145;2580;358334;152975;27.2;11.6
91;2021-05-22;7664;1540;365998;154515;27.7;11.7
91;2021-05-23;4799;533;370797;155048;28.1;11.8
91;2021-05-24;5018;600;375815;155648;28.5;11.8
91;2021-05-25;7627;2650;383442;158298;29.1;12.0
91;2021-05-26;6874;2940;390316;161238;29.6;12.2
91;2021-05-27;7974;3439;398290;164677;30.2;12.5
91;2021-05-28;7537;4321;405827;168998;30.8;12.8
91;2021-05-29;9302;3509;415129;172507;31.5;13.1
91;2021-05-30;5953;961;421082;173468;31.9;13.1
91;2021-05-31;6742;3700;427824;177168;32.4;13.4
91;2021-06-01;7787;4775;435611;181943;33.0;13.8
91;2021-06-02;7452;3958;443063;185901;33.6;14.1
91;2021-06-03;7861;4783;450924;190684;34.2;14.5
91;2021-06-04;7190;5719;458114;196403;34.7;14.9
91;2021-06-05;6388;5819;464502;202222;35.2;15.3
91;2021-06-06;4088;2513;468590;204735;35.5;15.5
91;2021-06-07;5882;5482;474472;210217;36.0;15.9
91;2021-06-08;7044;5794;481516;216011;36.5;16.4
91;2021-06-09;6472;5147;487988;221158;37.0;16.8
91;2021-06-10;7180;5778;495168;226936;37.5;17.2
91;2021-06-11;6545;7109;501713;234045;38.0;17.7
91;2021-06-12;6223;7366;507936;241411;38.5;18.3
91;2021-06-13;2852;2317;510788;243728;38.7;18.5
91;2021-06-14;4225;7199;515013;250927;39.0;19.0
91;2021-06-15;5576;7258;520589;258185;39.5;19.6
91;2021-06-16;5305;6446;525894;264631;39.9;20.1
91;2021-06-17;6249;7135;532143;271766;40.3;20.6
91;2021-06-18;4634;8737;536777;280503;40.7;21.3
91;2021-06-19;4191;7155;540968;287658;41.0;21.8
91;2021-06-20;1009;4212;541977;291870;41.1;22.1
91;2021-06-21;3231;7237;545208;299107;41.3;22.7
91;2021-06-22;4161;9231;549369;308338;41.6;23.4
91;2021-06-23;4318;7962;553687;316300;42.0;24.0
91;2021-06-24;4911;8482;558598;324782;42.3;24.6
91;2021-06-25;3476;9172;562074;333954;42.6;25.3
91;2021-06-26;2988;8033;565062;341987;42.8;25.9
91;2021-06-27;549;2996;565611;344983;42.9;26.1
91;2021-06-28;3129;8238;568740;353221;43.1;26.8
91;2021-06-29;3587;9635;572327;362856;43.4;27.5
91;2021-06-30;3956;8699;576283;371555;43.7;28.2
91;2021-07-01;4098;8875;580381;380430;44.0;28.8
91;2021-07-02;3777;9317;584158;389747;44.3;29.5
91;2021-07-03;2881;9791;587039;399538;44.5;30.3
91;2021-07-04;851;4725;587890;404263;44.6;30.6
91;2021-07-05;2663;7260;590553;411523;44.8;31.2
91;2021-07-06;3758;9430;594311;420953;45.0;31.9
91;2021-07-07;3811;8594;598122;429547;45.3;32.6
91;2021-07-08;4362;8996;602484;438543;45.7;33.2
91;2021-07-09;3967;9952;606451;448495;46.0;34.0
91;2021-07-10;3400;10235;609851;458730;46.2;34.8
91;2021-07-11;985;4803;610836;463533;46.3;35.1
91;2021-07-12;2803;8890;613639;472423;46.5;35.8
91;2021-07-13;4465;10390;618104;482813;46.8;36.6
91;2021-07-14;2302;3582;620406;486395;47.0;36.9
91;2021-07-15;4542;9825;624948;496220;47.4;37.6
91;2021-07-16;6290;9761;631238;505981;47.8;38.3
91;2021-07-17;5751;9065;636989;515046;48.3;39.0
91;2021-07-18;3399;3683;640388;518729;48.5;39.3
91;2021-07-19;3775;7532;644163;526261;48.8;39.9
91;2021-07-20;6073;9306;650236;535567;49.3;40.6
91;2021-07-21;6253;7726;656489;543293;49.8;41.2
91;2021-07-22;6501;8400;662990;551693;50.2;41.8
91;2021-07-23;6921;8278;669911;559971;50.8;42.4
91;2021-07-24;5022;6479;674933;566450;51.2;42.9
91;2021-07-25;3266;1402;678199;567852;51.4;43.0
91;2021-07-26;4936;6593;683135;574445;51.8;43.5
91;2021-07-27;7566;7079;690701;581524;52.3;44.1
91;2021-07-28;7337;5915;698038;587439;52.9;44.5
91;2021-07-29;7394;5910;705432;593349;53.5;45.0
91;2021-07-30;6907;5774;712339;599123;54.0;45.4
91;2021-07-31;4907;4783;717246;603906;54.4;45.8
91;2021-08-01;2656;1337;719902;605243;54.6;45.9
91;2021-08-02;4734;4230;724636;609473;54.9;46.2
91;2021-08-03;5796;4690;730432;614163;55.4;46.5
91;2021-08-04;5693;4136;736125;618299;55.8;46.9
91;2021-08-05;5595;4269;741720;622568;56.2;47.2
91;2021-08-06;5704;5629;747424;628197;56.6;47.6
91;2021-08-07;3072;2417;750496;630614;56.9;47.8
91;2021-08-08;599;1102;751095;631716;56.9;47.9
91;2021-08-09;3787;3972;754882;635688;57.2;48.2
91;2021-08-10;4576;4546;759458;640234;57.6;48.5
91;2021-08-11;4119;4480;763577;644714;57.9;48.9
91;2021-08-12;4031;4773;767608;649487;58.2;49.2
91;2021-08-13;4291;4852;771899;654339;58.5;49.6
91;2021-08-14;2234;2398;774133;656737;58.7;49.8
91;2021-08-15;93;170;774226;656907;58.7;49.8
91;2021-08-16;2923;4653;777149;661560;58.9;50.1
91;2021-08-17;3603;5810;780752;667370;59.2;50.6
91;2021-08-18;2996;5788;783748;673158;59.4;51.0
91;2021-08-19;3447;5769;787195;678927;59.7;51.5
91;2021-08-20;3176;6953;790371;685880;59.9;52.0
91;2021-08-21;2438;3342;792809;689222;60.1;52.2
91;2021-08-22;732;1302;793541;690524;60.1;52.3
91;2021-08-23;2383;5302;795924;695826;60.3;52.7
91;2021-08-24;2957;6954;798881;702780;60.5;53.3
91;2021-08-25;3392;6705;802273;709485;60.8;53.8
91;2021-08-26;2723;5941;804996;715426;61.0;54.2
91;2021-08-27;2817;7499;807813;722925;61.2;54.8
91;2021-08-28;2367;4818;810180;727743;61.4;55.2
91;2021-08-29;1756;2767;811936;730510;61.5;55.4
91;2021-08-30;1762;5607;813698;736117;61.7;55.8
91;2021-08-31;2229;6091;815927;742208;61.8;56.3
91;2021-09-01;2409;4592;818336;746800;62.0;56.6
91;2021-09-02;1887;3892;820223;750692;62.2;56.9
91;2021-09-03;2131;4959;822354;755651;62.3;57.3
91;2021-09-04;2051;4216;824405;759867;62.5;57.6
91;2021-09-05;730;932;825135;760799;62.5;57.7
91;2021-09-06;1654;3492;826789;764291;62.7;57.9
91;2021-09-07;1512;3260;828301;767551;62.8;58.2
92;2020-12-27;28;0;28;0;0.0;0.0
92;2020-12-28;20;0;48;0;0.0;0.0
92;2020-12-29;60;0;108;0;0.0;0.0
92;2020-12-30;43;0;151;0;0.0;0.0
92;2020-12-31;6;0;157;0;0.0;0.0
92;2021-01-01;25;0;182;0;0.0;0.0
92;2021-01-02;6;0;188;0;0.0;0.0
92;2021-01-03;9;0;197;0;0.0;0.0
92;2021-01-04;67;1;264;1;0.0;0.0
92;2021-01-05;232;1;496;2;0.0;0.0
92;2021-01-06;416;3;912;5;0.1;0.0
92;2021-01-07;667;4;1579;9;0.1;0.0
92;2021-01-08;843;4;2422;13;0.2;0.0
92;2021-01-09;126;1;2548;14;0.2;0.0
92;2021-01-10;47;0;2595;14;0.2;0.0
92;2021-01-11;849;5;3444;19;0.2;0.0
92;2021-01-12;1301;9;4745;28;0.3;0.0
92;2021-01-13;1244;13;5989;41;0.4;0.0
92;2021-01-14;1218;17;7207;58;0.4;0.0
92;2021-01-15;981;7;8188;65;0.5;0.0
92;2021-01-16;183;1;8371;66;0.5;0.0
92;2021-01-17;25;0;8396;66;0.5;0.0
92;2021-01-18;1547;20;9943;86;0.6;0.0
92;2021-01-19;1558;20;11501;106;0.7;0.0
92;2021-01-20;1810;13;13311;119;0.8;0.0
92;2021-01-21;3443;22;16754;141;1.0;0.0
92;2021-01-22;2613;41;19367;182;1.2;0.0
92;2021-01-23;140;0;19507;182;1.2;0.0
92;2021-01-24;26;0;19533;182;1.2;0.0
92;2021-01-25;850;13;20383;195;1.3;0.0
92;2021-01-26;1216;10;21599;205;1.3;0.0
92;2021-01-27;2219;89;23818;294;1.5;0.0
92;2021-01-28;4191;177;28009;471;1.7;0.0
92;2021-01-29;2719;237;30728;708;1.9;0.0
92;2021-01-30;325;12;31053;720;1.9;0.0
92;2021-01-31;25;2;31078;722;1.9;0.0
92;2021-02-01;866;303;31944;1025;2.0;0.1
92;2021-02-02;1053;329;32997;1354;2.0;0.1
92;2021-02-03;1001;434;33998;1788;2.1;0.1
92;2021-02-04;1045;510;35043;2298;2.2;0.1
92;2021-02-05;1332;472;36375;2770;2.3;0.2
92;2021-02-06;116;17;36491;2787;2.3;0.2
92;2021-02-07;17;13;36508;2800;2.3;0.2
92;2021-02-08;576;659;37084;3459;2.3;0.2
92;2021-02-09;1068;1236;38152;4695;2.4;0.3
92;2021-02-10;1075;1256;39227;5951;2.4;0.4
92;2021-02-11;1506;1849;40733;7800;2.5;0.5
92;2021-02-12;1417;1427;42150;9227;2.6;0.6
92;2021-02-13;75;59;42225;9286;2.6;0.6
92;2021-02-14;25;0;42250;9286;2.6;0.6
92;2021-02-15;573;1390;42823;10676;2.7;0.7
92;2021-02-16;787;1774;43610;12450;2.7;0.8
92;2021-02-17;622;1577;44232;14027;2.7;0.9
92;2021-02-18;1573;3381;45805;17408;2.8;1.1
92;2021-02-19;1731;2476;47536;19884;2.9;1.2
92;2021-02-20;145;363;47681;20247;3.0;1.3
92;2021-02-21;35;51;47716;20298;3.0;1.3
92;2021-02-22;496;1048;48212;21346;3.0;1.3
92;2021-02-23;732;1186;48944;22532;3.0;1.4
92;2021-02-24;610;1135;49554;23667;3.1;1.5
92;2021-02-25;923;1566;50477;25233;3.1;1.6
92;2021-02-26;1456;1233;51933;26466;3.2;1.6
92;2021-02-27;503;179;52436;26645;3.2;1.7
92;2021-02-28;67;56;52503;26701;3.3;1.7
92;2021-03-01;1102;886;53605;27587;3.3;1.7
92;2021-03-02;1975;1203;55580;28790;3.4;1.8
92;2021-03-03;2797;998;58377;29788;3.6;1.8
92;2021-03-04;3595;1397;61972;31185;3.8;1.9
92;2021-03-05;4978;1590;66950;32775;4.1;2.0
92;2021-03-06;5719;324;72669;33099;4.5;2.1
92;2021-03-07;2901;229;75570;33328;4.7;2.1
92;2021-03-08;2420;783;77990;34111;4.8;2.1
92;2021-03-09;3440;993;81430;35104;5.0;2.2
92;2021-03-10;3946;935;85376;36039;5.3;2.2
92;2021-03-11;5018;1378;90394;37417;5.6;2.3
92;2021-03-12;6769;1530;97163;38947;6.0;2.4
92;2021-03-13;5159;240;102322;39187;6.3;2.4
92;2021-03-14;1741;76;104063;39263;6.4;2.4
92;2021-03-15;3806;591;107869;39854;6.7;2.5
92;2021-03-16;3698;587;111567;40441;6.9;2.5
92;2021-03-17;3876;416;115443;40857;7.2;2.5
92;2021-03-18;4128;747;119571;41604;7.4;2.6
92;2021-03-19;5923;722;125494;42326;7.8;2.6
92;2021-03-20;2536;76;128030;42402;7.9;2.6
92;2021-03-21;152;29;128182;42431;7.9;2.6
92;2021-03-22;4115;481;132297;42912;8.2;2.7
92;2021-03-23;6102;874;138399;43786;8.6;2.7
92;2021-03-24;6379;651;144778;44437;9.0;2.8
92;2021-03-25;8439;650;153217;45087;9.5;2.8
92;2021-03-26;8353;896;161570;45983;10.0;2.8
92;2021-03-27;2836;277;164406;46260;10.2;2.9
92;2021-03-28;543;38;164949;46298;10.2;2.9
92;2021-03-29;4661;1059;169610;47357;10.5;2.9
92;2021-03-30;6394;1552;176004;48909;10.9;3.0
92;2021-03-31;5546;2256;181550;51165;11.3;3.2
92;2021-04-01;6268;3672;187818;54837;11.6;3.4
92;2021-04-02;5635;3419;193453;58256;12.0;3.6
92;2021-04-03;875;1415;194328;59671;12.0;3.7
92;2021-04-04;489;1058;194817;60729;12.1;3.8
92;2021-04-05;812;160;195629;60889;12.1;3.8
92;2021-04-06;3664;1953;199293;62842;12.3;3.9
92;2021-04-07;4996;2889;204289;65731;12.7;4.1
92;2021-04-08;5982;3187;210271;68918;13.0;4.3
92;2021-04-09;8037;3054;218308;71972;13.5;4.5
92;2021-04-10;2634;1290;220942;73262;13.7;4.5
92;2021-04-11;159;807;221101;74069;13.7;4.6
92;2021-04-12;3687;2518;224788;76587;13.9;4.7
92;2021-04-13;4382;4421;229170;81008;14.2;5.0
92;2021-04-14;4867;4045;234037;85053;14.5;5.3
92;2021-04-15;5301;3953;239338;89006;14.8;5.5
92;2021-04-16;5076;3859;244414;92865;15.1;5.8
92;2021-04-17;1805;1189;246219;94054;15.3;5.8
92;2021-04-18;348;94;246567;94148;15.3;5.8
92;2021-04-19;2814;2841;249381;96989;15.5;6.0
92;2021-04-20;4193;3755;253574;100744;15.7;6.2
92;2021-04-21;4616;4520;258190;105264;16.0;6.5
92;2021-04-22;4661;5124;262851;110388;16.3;6.8
92;2021-04-23;5244;4706;268095;115094;16.6;7.1
92;2021-04-24;4941;1907;273036;117001;16.9;7.3
92;2021-04-25;1790;149;274826;117150;17.0;7.3
92;2021-04-26;4001;3621;278827;120771;17.3;7.5
92;2021-04-27;6046;5262;284873;126033;17.7;7.8
92;2021-04-28;7382;4496;292255;130529;18.1;8.1
92;2021-04-29;7988;4786;300243;135315;18.6;8.4
92;2021-04-30;8845;4847;309088;140162;19.2;8.7
92;2021-05-01;1201;405;310289;140567;19.2;8.7
92;2021-05-02;664;139;310953;140706;19.3;8.7
92;2021-05-03;6779;3886;317732;144592;19.7;9.0
92;2021-05-04;10428;4363;328160;148955;20.3;9.2
92;2021-05-05;10074;5254;338234;154209;21.0;9.6
92;2021-05-06;11424;4897;349658;159106;21.7;9.9
92;2021-05-07;9869;5294;359527;164400;22.3;10.2
92;2021-05-08;7217;1924;366744;166324;22.7;10.3
92;2021-05-09;3788;599;370532;166923;23.0;10.3
92;2021-05-10;9540;4000;380072;170923;23.6;10.6
92;2021-05-11;13982;5691;394054;176614;24.4;10.9
92;2021-05-12;14288;4580;408342;181194;25.3;11.2
92;2021-05-13;9167;910;417509;182104;25.9;11.3
92;2021-05-14;12032;2311;429541;184415;26.6;11.4
92;2021-05-15;8392;1226;437933;185641;27.1;11.5
92;2021-05-16;4139;452;442072;186093;27.4;11.5
92;2021-05-17;10649;2219;452721;188312;28.1;11.7
92;2021-05-18;16415;3126;469136;191438;29.1;11.9
92;2021-05-19;16037;3716;485173;195154;30.1;12.1
92;2021-05-20;16840;3979;502013;199133;31.1;12.3
92;2021-05-21;14079;3625;516092;202758;32.0;12.6
92;2021-05-22;8318;1514;524410;204272;32.5;12.7
92;2021-05-23;4085;454;528495;204726;32.7;12.7
92;2021-05-24;6124;855;534619;205581;33.1;12.7
92;2021-05-25;13113;4562;547732;210143;33.9;13.0
92;2021-05-26;11932;5039;559664;215182;34.7;13.3
92;2021-05-27;12739;6326;572403;221508;35.5;13.7
92;2021-05-28;11233;6277;583636;227785;36.2;14.1
92;2021-05-29;5454;2305;589090;230090;36.5;14.3
92;2021-05-30;2250;389;591340;230479;36.6;14.3
92;2021-05-31;12057;5304;603397;235783;37.4;14.6
92;2021-06-01;12629;7640;616026;243423;38.2;15.1
92;2021-06-02;14384;7209;630410;250632;39.1;15.5
92;2021-06-03;14598;8027;645008;258659;40.0;16.0
92;2021-06-04;12231;8224;657239;266883;40.7;16.5
92;2021-06-05;7385;6238;664624;273121;41.2;16.9
92;2021-06-06;3595;1674;668219;274795;41.4;17.0
92;2021-06-07;11442;7634;679661;282429;42.1;17.5
92;2021-06-08;12764;9602;692425;292031;42.9;18.1
92;2021-06-09;11667;9480;704092;301511;43.6;18.7
92;2021-06-10;11974;10566;716066;312077;44.4;19.3
92;2021-06-11;8148;11038;724214;323115;44.9;20.0
92;2021-06-12;6367;5098;730581;328213;45.3;20.3
92;2021-06-13;3967;2721;734548;330934;45.5;20.5
92;2021-06-14;5219;11170;739767;342104;45.8;21.2
92;2021-06-15;6536;13124;746303;355228;46.2;22.0
92;2021-06-16;6959;12993;753262;368221;46.7;22.8
92;2021-06-17;7428;14008;760690;382229;47.1;23.7
92;2021-06-18;6902;14390;767592;396619;47.6;24.6
92;2021-06-19;3963;9109;771555;405728;47.8;25.1
92;2021-06-20;1966;5610;773521;411338;47.9;25.5
92;2021-06-21;4840;12278;778361;423616;48.2;26.3
92;2021-06-22;5884;17548;784245;441164;48.6;27.3
92;2021-06-23;5488;15995;789733;457159;48.9;28.3
92;2021-06-24;6206;15125;795939;472284;49.3;29.3
92;2021-06-25;5120;16101;801059;488385;49.6;30.3
92;2021-06-26;4072;10458;805131;498843;49.9;30.9
92;2021-06-27;1861;6051;806992;504894;50.0;31.3
92;2021-06-28;3677;12051;810669;516945;50.2;32.0
92;2021-06-29;4690;18159;815359;535104;50.5;33.2
92;2021-06-30;4460;16232;819819;551336;50.8;34.2
92;2021-07-01;5554;16311;825373;567647;51.1;35.2
92;2021-07-02;4950;15282;830323;582929;51.5;36.1
92;2021-07-03;3306;10185;833629;593114;51.7;36.8
92;2021-07-04;1123;4207;834752;597321;51.7;37.0
92;2021-07-05;4826;12333;839578;609654;52.0;37.8
92;2021-07-06;5289;15816;844867;625470;52.4;38.8
92;2021-07-07;4263;11452;849130;636922;52.6;39.5
92;2021-07-08;5412;14639;854542;651561;53.0;40.4
92;2021-07-09;5884;14212;860426;665773;53.3;41.3
92;2021-07-10;4378;8457;864804;674230;53.6;41.8
92;2021-07-11;1486;2617;866290;676847;53.7;41.9
92;2021-07-12;4417;14634;870707;691481;54.0;42.8
92;2021-07-13;7882;17458;878589;708939;54.4;43.9
92;2021-07-14;5113;5743;883702;714682;54.8;44.3
92;2021-07-15;9582;16255;893284;730937;55.4;45.3
92;2021-07-16;9064;14181;902348;745118;55.9;46.2
92;2021-07-17;6581;7609;908929;752727;56.3;46.6
92;2021-07-18;1839;2481;910768;755208;56.4;46.8
92;2021-07-19;6476;13202;917244;768410;56.8;47.6
92;2021-07-20;10092;14106;927336;782516;57.5;48.5
92;2021-07-21;10471;12121;937807;794637;58.1;49.2
92;2021-07-22;12057;12989;949864;807626;58.9;50.0
92;2021-07-23;11600;11361;961464;818987;59.6;50.8
92;2021-07-24;6731;6259;968195;825246;60.0;51.1
92;2021-07-25;2780;2326;970975;827572;60.2;51.3
92;2021-07-26;9497;9179;980472;836751;60.8;51.9
92;2021-07-27;11501;9605;991973;846356;61.5;52.4
92;2021-07-28;12953;8198;1004926;854554;62.3;53.0
92;2021-07-29;10445;8628;1015371;863182;62.9;53.5
92;2021-07-30;9130;8351;1024501;871533;63.5;54.0
92;2021-07-31;5703;4809;1030204;876342;63.8;54.3
92;2021-08-01;2202;1298;1032406;877640;64.0;54.4
92;2021-08-02;4669;4939;1037075;882579;64.3;54.7
92;2021-08-03;5132;6145;1042207;888724;64.6;55.1
92;2021-08-04;4764;4865;1046971;893589;64.9;55.4
92;2021-08-05;4494;5679;1051465;899268;65.2;55.7
92;2021-08-06;4543;5970;1056008;905238;65.4;56.1
92;2021-08-07;2822;4225;1058830;909463;65.6;56.4
92;2021-08-08;960;1080;1059790;910543;65.7;56.4
92;2021-08-09;3208;4253;1062998;914796;65.9;56.7
92;2021-08-10;3822;5611;1066820;920407;66.1;57.0
92;2021-08-11;3199;4433;1070019;924840;66.3;57.3
92;2021-08-12;3378;5593;1073397;930433;66.5;57.7
92;2021-08-13;2966;5137;1076363;935570;66.7;58.0
92;2021-08-14;1884;3933;1078247;939503;66.8;58.2
92;2021-08-15;578;842;1078825;940345;66.9;58.3
92;2021-08-16;2365;5319;1081190;945664;67.0;58.6
92;2021-08-17;2619;6985;1083809;952649;67.2;59.0
92;2021-08-18;2391;5255;1086200;957904;67.3;59.4
92;2021-08-19;2498;5743;1088698;963647;67.5;59.7
92;2021-08-20;2249;5185;1090947;968832;67.6;60.0
92;2021-08-21;1378;4220;1092325;973052;67.7;60.3
92;2021-08-22;421;1597;1092746;974649;67.7;60.4
92;2021-08-23;2426;6594;1095172;981243;67.9;60.8
92;2021-08-24;3128;8342;1098300;989585;68.1;61.3
92;2021-08-25;2835;7571;1101135;997156;68.2;61.8
92;2021-08-26;2949;7569;1104084;1004725;68.4;62.3
92;2021-08-27;3059;7013;1107143;1011738;68.6;62.7
92;2021-08-28;1612;4515;1108755;1016253;68.7;63.0
92;2021-08-29;344;789;1109099;1017042;68.7;63.0
92;2021-08-30;2208;4888;1111307;1021930;68.9;63.3
92;2021-08-31;3077;7023;1114384;1028953;69.1;63.8
92;2021-09-01;3256;7582;1117640;1036535;69.3;64.2
92;2021-09-02;2610;6813;1120250;1043348;69.4;64.7
92;2021-09-03;2626;6578;1122876;1049926;69.6;65.1
92;2021-09-04;2189;5040;1125065;1054966;69.7;65.4
92;2021-09-05;441;1048;1125506;1056014;69.7;65.4
92;2021-09-06;1292;3694;1126798;1059708;69.8;65.7
92;2021-09-07;1642;4164;1128440;1063872;69.9;65.9
93;2020-12-27;11;3;11;3;0.0;0.0
93;2020-12-28;5;0;16;3;0.0;0.0
93;2020-12-29;0;0;16;3;0.0;0.0
93;2020-12-30;44;1;60;4;0.0;0.0
93;2020-12-31;10;0;70;4;0.0;0.0
93;2021-01-01;5;0;75;4;0.0;0.0
93;2021-01-02;0;0;75;4;0.0;0.0
93;2021-01-03;3;0;78;4;0.0;0.0
93;2021-01-04;2;0;80;4;0.0;0.0
93;2021-01-05;64;1;144;5;0.0;0.0
93;2021-01-06;179;0;323;5;0.0;0.0
93;2021-01-07;381;3;704;8;0.0;0.0
93;2021-01-08;632;1;1336;9;0.1;0.0
93;2021-01-09;21;0;1357;9;0.1;0.0
93;2021-01-10;2;0;1359;9;0.1;0.0
93;2021-01-11;504;4;1863;13;0.1;0.0
93;2021-01-12;753;7;2616;20;0.2;0.0
93;2021-01-13;751;6;3367;26;0.2;0.0
93;2021-01-14;688;18;4055;44;0.2;0.0
93;2021-01-15;516;3;4571;47;0.3;0.0
93;2021-01-16;139;3;4710;50;0.3;0.0
93;2021-01-17;6;1;4716;51;0.3;0.0
93;2021-01-18;1199;9;5915;60;0.4;0.0
93;2021-01-19;1614;17;7529;77;0.5;0.0
93;2021-01-20;1557;19;9086;96;0.5;0.0
93;2021-01-21;1919;35;11005;131;0.7;0.0
93;2021-01-22;1388;15;12393;146;0.7;0.0
93;2021-01-23;712;4;13105;150;0.8;0.0
93;2021-01-24;0;0;13105;150;0.8;0.0
93;2021-01-25;1210;14;14315;164;0.9;0.0
93;2021-01-26;1291;28;15606;192;0.9;0.0
93;2021-01-27;2158;66;17764;258;1.1;0.0
93;2021-01-28;2265;175;20029;433;1.2;0.0
93;2021-01-29;1623;212;21652;645;1.3;0.0
93;2021-01-30;927;42;22579;687;1.4;0.0
93;2021-01-31;9;5;22588;692;1.4;0.0
93;2021-02-01;1184;154;23772;846;1.4;0.1
93;2021-02-02;1170;291;24942;1137;1.5;0.1
93;2021-02-03;1231;391;26173;1528;1.6;0.1
93;2021-02-04;924;548;27097;2076;1.6;0.1
93;2021-02-05;798;411;27895;2487;1.7;0.1
93;2021-02-06;694;65;28589;2552;1.7;0.2
93;2021-02-07;6;0;28595;2552;1.7;0.2
93;2021-02-08;912;601;29507;3153;1.8;0.2
93;2021-02-09;851;586;30358;3739;1.8;0.2
93;2021-02-10;882;634;31240;4373;1.9;0.3
93;2021-02-11;1244;808;32484;5181;1.9;0.3
93;2021-02-12;1042;592;33526;5773;2.0;0.3
93;2021-02-13;395;229;33921;6002;2.0;0.4
93;2021-02-14;13;59;33934;6061;2.0;0.4
93;2021-02-15;414;1037;34348;7098;2.1;0.4
93;2021-02-16;549;1093;34897;8191;2.1;0.5
93;2021-02-17;541;1577;35438;9768;2.1;0.6
93;2021-02-18;1133;1745;36571;11513;2.2;0.7
93;2021-02-19;992;1443;37563;12956;2.2;0.8
93;2021-02-20;304;599;37867;13555;2.3;0.8
93;2021-02-21;9;23;37876;13578;2.3;0.8
93;2021-02-22;602;1095;38478;14673;2.3;0.9
93;2021-02-23;564;994;39042;15667;2.3;0.9
93;2021-02-24;643;1075;39685;16742;2.4;1.0
93;2021-02-25;902;946;40587;17688;2.4;1.1
93;2021-02-26;1121;895;41708;18583;2.5;1.1
93;2021-02-27;543;571;42251;19154;2.5;1.1
93;2021-02-28;87;57;42338;19211;2.5;1.2
93;2021-03-01;1083;951;43421;20162;2.6;1.2
93;2021-03-02;1443;1041;44864;21203;2.7;1.3
93;2021-03-03;1742;1115;46606;22318;2.8;1.3
93;2021-03-04;2717;1078;49323;23396;3.0;1.4
93;2021-03-05;3821;869;53144;24265;3.2;1.5
93;2021-03-06;5049;554;58193;24819;3.5;1.5
93;2021-03-07;4302;233;62495;25052;3.7;1.5
93;2021-03-08;2035;1209;64530;26261;3.9;1.6
93;2021-03-09;2917;946;67447;27207;4.0;1.6
93;2021-03-10;2860;1098;70307;28305;4.2;1.7
93;2021-03-11;3568;1244;73875;29549;4.4;1.8
93;2021-03-12;4125;1293;78000;30842;4.7;1.8
93;2021-03-13;4290;632;82290;31474;4.9;1.9
93;2021-03-14;883;75;83173;31549;5.0;1.9
93;2021-03-15;3554;681;86727;32230;5.2;1.9
93;2021-03-16;3160;615;89887;32845;5.4;2.0
93;2021-03-17;2657;599;92544;33444;5.5;2.0
93;2021-03-18;3315;717;95859;34161;5.7;2.0
93;2021-03-19;3767;642;99626;34803;6.0;2.1
93;2021-03-20;3462;305;103088;35108;6.2;2.1
93;2021-03-21;813;269;103901;35377;6.2;2.1
93;2021-03-22;3849;623;107750;36000;6.5;2.2
93;2021-03-23;4765;813;112515;36813;6.7;2.2
93;2021-03-24;4114;688;116629;37501;7.0;2.2
93;2021-03-25;5584;871;122213;38372;7.3;2.3
93;2021-03-26;5550;894;127763;39266;7.6;2.4
93;2021-03-27;4282;319;132045;39585;7.9;2.4
93;2021-03-28;613;42;132658;39627;7.9;2.4
93;2021-03-29;3853;968;136511;40595;8.2;2.4
93;2021-03-30;4726;1270;141237;41865;8.5;2.5
93;2021-03-31;3913;1250;145150;43115;8.7;2.6
93;2021-04-01;4058;3145;149208;46260;8.9;2.8
93;2021-04-02;3225;3556;152433;49816;9.1;3.0
93;2021-04-03;2520;2262;154953;52078;9.3;3.1
93;2021-04-04;764;160;155717;52238;9.3;3.1
93;2021-04-05;708;87;156425;52325;9.4;3.1
93;2021-04-06;4564;2351;160989;54676;9.6;3.3
93;2021-04-07;4905;2099;165894;56775;9.9;3.4
93;2021-04-08;5814;2683;171708;59458;10.3;3.6
93;2021-04-09;6094;3186;177802;62644;10.6;3.8
93;2021-04-10;4199;2493;182001;65137;10.9;3.9
93;2021-04-11;575;433;182576;65570;10.9;3.9
93;2021-04-12;4099;2920;186675;68490;11.2;4.1
93;2021-04-13;4601;3661;191276;72151;11.5;4.3
93;2021-04-14;4364;2478;195640;74629;11.7;4.5
93;2021-04-15;4559;3035;200199;77664;12.0;4.7
93;2021-04-16;4442;2995;204641;80659;12.3;4.8
93;2021-04-17;3518;2501;208159;83160;12.5;5.0
93;2021-04-18;292;434;208451;83594;12.5;5.0
93;2021-04-19;3778;2862;212229;86456;12.7;5.2
93;2021-04-20;4308;3265;216537;89721;13.0;5.4
93;2021-04-21;4145;2771;220682;92492;13.2;5.5
93;2021-04-22;4511;4018;225193;96510;13.5;5.8
93;2021-04-23;5625;3244;230818;99754;13.8;6.0
93;2021-04-24;5923;3328;236741;103082;14.2;6.2
93;2021-04-25;1732;598;238473;103680;14.3;6.2
93;2021-04-26;4860;3082;243333;106762;14.6;6.4
93;2021-04-27;6458;3625;249791;110387;15.0;6.6
93;2021-04-28;6077;3431;255868;113818;15.3;6.8
93;2021-04-29;7303;3251;263171;117069;15.8;7.0
93;2021-04-30;8263;3116;271434;120185;16.3;7.2
93;2021-05-01;4950;1193;276384;121378;16.5;7.3
93;2021-05-02;419;646;276803;122024;16.6;7.3
93;2021-05-03;8173;5118;284976;127142;17.1;7.6
93;2021-05-04;7824;5404;292800;132546;17.5;7.9
93;2021-05-05;7577;4808;300377;137354;18.0;8.2
93;2021-05-06;8253;4782;308630;142136;18.5;8.5
93;2021-05-07;7013;5429;315643;147565;18.9;8.8
93;2021-05-08;8361;2389;324004;149954;19.4;9.0
93;2021-05-09;6124;1367;330128;151321;19.8;9.1
93;2021-05-10;8257;4078;338385;155399;20.3;9.3
93;2021-05-11;9313;4809;347698;160208;20.8;9.6
93;2021-05-12;9190;3655;356888;163863;21.4;9.8
93;2021-05-13;8298;1652;365186;165515;21.9;9.9
93;2021-05-14;10425;3530;375611;169045;22.5;10.1
93;2021-05-15;11126;3010;386737;172055;23.2;10.3
93;2021-05-16;5559;730;392296;172785;23.5;10.3
93;2021-05-17;11900;2268;404196;175053;24.2;10.5
93;2021-05-18;14105;2396;418301;177449;25.0;10.6
93;2021-05-19;11435;2949;429736;180398;25.7;10.8
93;2021-05-20;12621;3483;442357;183881;26.5;11.0
93;2021-05-21;13019;2887;455376;186768;27.3;11.2
93;2021-05-22;12385;2200;467761;188968;28.0;11.3
93;2021-05-23;8480;1107;476241;190075;28.5;11.4
93;2021-05-24;11202;1941;487443;192016;29.2;11.5
93;2021-05-25;12297;4315;499740;196331;29.9;11.8
93;2021-05-26;11078;3757;510818;200088;30.6;12.0
93;2021-05-27;12711;3895;523529;203983;31.3;12.2
93;2021-05-28;12655;5264;536184;209247;32.1;12.5
93;2021-05-29;11396;4271;547580;213518;32.8;12.8
93;2021-05-30;8216;1379;555796;214897;33.3;12.9
93;2021-05-31;9182;5176;564978;220073;33.8;13.2
93;2021-06-01;11395;6280;576373;226353;34.5;13.6
93;2021-06-02;10717;5197;587090;231550;35.2;13.9
93;2021-06-03;10819;5520;597909;237070;35.8;14.2
93;2021-06-04;10611;7800;608520;244870;36.4;14.7
93;2021-06-05;9021;7356;617541;252226;37.0;15.1
93;2021-06-06;8408;1749;625949;253975;37.5;15.2
93;2021-06-07;10071;7525;636020;261500;38.1;15.7
93;2021-06-08;10383;7378;646403;268878;38.7;16.1
93;2021-06-09;10241;7293;656644;276171;39.3;16.5
93;2021-06-10;9010;8196;665654;284367;39.9;17.0
93;2021-06-11;8844;8817;674498;293184;40.4;17.6
93;2021-06-12;9869;6657;684367;299841;41.0;18.0
93;2021-06-13;7172;2130;691539;301971;41.4;18.1
93;2021-06-14;5399;9735;696938;311706;41.7;18.7
93;2021-06-15;6240;9659;703178;321365;42.1;19.2
93;2021-06-16;6645;9056;709823;330421;42.5;19.8
93;2021-06-17;5752;8471;715575;338892;42.8;20.3
93;2021-06-18;7225;11125;722800;350017;43.3;21.0
93;2021-06-19;7079;11098;729879;361115;43.7;21.6
93;2021-06-20;4954;6879;734833;367994;44.0;22.0
93;2021-06-21;4075;10731;738908;378725;44.2;22.7
93;2021-06-22;4694;11315;743602;390040;44.5;23.4
93;2021-06-23;4545;10599;748147;400639;44.8;24.0
93;2021-06-24;4209;10303;752356;410942;45.0;24.6
93;2021-06-25;5186;13058;757542;424000;45.4;25.4
93;2021-06-26;5300;13927;762842;437927;45.7;26.2
93;2021-06-27;3291;7106;766133;445033;45.9;26.6
93;2021-06-28;3703;12510;769836;457543;46.1;27.4
93;2021-06-29;4020;12353;773856;469896;46.3;28.1
93;2021-06-30;4140;11305;777996;481201;46.6;28.8
93;2021-07-01;6059;11163;784055;492364;46.9;29.5
93;2021-07-02;5764;12379;789819;504743;47.3;30.2
93;2021-07-03;5375;13454;795194;518197;47.6;31.0
93;2021-07-04;3085;7888;798279;526085;47.8;31.5
93;2021-07-05;4576;10851;802855;536936;48.1;32.1
93;2021-07-06;4841;11761;807696;548697;48.4;32.9
93;2021-07-07;5080;11414;812776;560111;48.7;33.5
93;2021-07-08;5040;10264;817816;570375;49.0;34.2
93;2021-07-09;5920;13032;823736;583407;49.3;34.9
93;2021-07-10;5905;14292;829641;597699;49.7;35.8
93;2021-07-11;3694;9090;833335;606789;49.9;36.3
93;2021-07-12;5580;12078;838915;618867;50.2;37.1
93;2021-07-13;11130;13300;850045;632167;50.9;37.9
93;2021-07-14;10657;6798;860702;638965;51.5;38.3
93;2021-07-15;12537;14137;873239;653102;52.3;39.1
93;2021-07-16;13210;13701;886449;666803;53.1;39.9
93;2021-07-17;11381;13916;897830;680719;53.8;40.8
93;2021-07-18;7407;8961;905237;689680;54.2;41.3
93;2021-07-19;9633;10929;914870;700609;54.8;41.9
93;2021-07-20;12643;10689;927513;711298;55.5;42.6
93;2021-07-21;14250;10956;941763;722254;56.4;43.2
93;2021-07-22;14161;9477;955924;731731;57.2;43.8
93;2021-07-23;14589;10660;970513;742391;58.1;44.5
93;2021-07-24;13922;10642;984435;753033;58.9;45.1
93;2021-07-25;9049;6360;993484;759393;59.5;45.5
93;2021-07-26;12723;7789;1006207;767182;60.2;45.9
93;2021-07-27;15103;7449;1021310;774631;61.2;46.4
93;2021-07-28;14913;8292;1036223;782923;62.0;46.9
93;2021-07-29;13539;7061;1049762;789984;62.9;47.3
93;2021-07-30;13909;7858;1063671;797842;63.7;47.8
93;2021-07-31;12253;7715;1075924;805557;64.4;48.2
93;2021-08-01;7432;4604;1083356;810161;64.9;48.5
93;2021-08-02;8376;5696;1091732;815857;65.4;48.8
93;2021-08-03;7373;6860;1099105;822717;65.8;49.3
93;2021-08-04;7719;7995;1106824;830712;66.3;49.7
93;2021-08-05;5932;6855;1112756;837567;66.6;50.1
93;2021-08-06;7006;8331;1119762;845898;67.0;50.6
93;2021-08-07;7359;9046;1127121;854944;67.5;51.2
93;2021-08-08;4442;5563;1131563;860507;67.8;51.5
93;2021-08-09;6879;8078;1138442;868585;68.2;52.0
93;2021-08-10;7331;8843;1145773;877428;68.6;52.5
93;2021-08-11;7435;9691;1153208;887119;69.0;53.1
93;2021-08-12;6324;9027;1159532;896146;69.4;53.7
93;2021-08-13;6402;9014;1165934;905160;69.8;54.2
93;2021-08-14;5892;10483;1171826;915643;70.2;54.8
93;2021-08-15;2700;3617;1174526;919260;70.3;55.0
93;2021-08-16;5478;11212;1180004;930472;70.7;55.7
93;2021-08-17;5824;10917;1185828;941389;71.0;56.4
93;2021-08-18;5389;11184;1191217;952573;71.3;57.0
93;2021-08-19;4479;9660;1195696;962233;71.6;57.6
93;2021-08-20;4783;11217;1200479;973450;71.9;58.3
93;2021-08-21;4257;11937;1204736;985387;72.1;59.0
93;2021-08-22;2202;7050;1206938;992437;72.3;59.4
93;2021-08-23;4342;9316;1211280;1001753;72.5;60.0
93;2021-08-24;4325;8415;1215605;1010168;72.8;60.5
93;2021-08-25;4158;8590;1219763;1018758;73.0;61.0
93;2021-08-26;3650;7080;1223413;1025838;73.3;61.4
93;2021-08-27;3920;8531;1227333;1034369;73.5;61.9
93;2021-08-28;3799;9549;1231132;1043918;73.7;62.5
93;2021-08-29;1764;4805;1232896;1048723;73.8;62.8
93;2021-08-30;2952;7594;1235848;1056317;74.0;63.2
93;2021-08-31;3014;7769;1238862;1064086;74.2;63.7
93;2021-09-01;3202;7660;1242064;1071746;74.4;64.2
93;2021-09-02;2658;6000;1244722;1077746;74.5;64.5
93;2021-09-03;2808;7270;1247530;1085016;74.7;65.0
93;2021-09-04;3292;8917;1250822;1093933;74.9;65.5
93;2021-09-05;1259;3703;1252081;1097636;75.0;65.7
93;2021-09-06;1808;5307;1253889;1102943;75.1;66.0
93;2021-09-07;1740;4787;1255629;1107730;75.2;66.3
94;2020-12-27;6;0;6;0;0.0;0.0
94;2020-12-28;11;0;17;0;0.0;0.0
94;2020-12-29;0;0;17;0;0.0;0.0
94;2020-12-30;1;0;18;0;0.0;0.0
94;2020-12-31;7;0;25;0;0.0;0.0
94;2021-01-01;4;0;29;0;0.0;0.0
94;2021-01-02;0;0;29;0;0.0;0.0
94;2021-01-03;3;0;32;0;0.0;0.0
94;2021-01-04;39;2;71;2;0.0;0.0
94;2021-01-05;233;2;304;4;0.0;0.0
94;2021-01-06;332;4;636;8;0.0;0.0
94;2021-01-07;691;11;1327;19;0.1;0.0
94;2021-01-08;922;10;2249;29;0.2;0.0
94;2021-01-09;47;0;2296;29;0.2;0.0
94;2021-01-10;18;0;2314;29;0.2;0.0
94;2021-01-11;1014;10;3328;39;0.2;0.0
94;2021-01-12;1345;25;4673;64;0.3;0.0
94;2021-01-13;1408;26;6081;90;0.4;0.0
94;2021-01-14;1545;28;7626;118;0.5;0.0
94;2021-01-15;1221;23;8847;141;0.6;0.0
94;2021-01-16;197;1;9044;142;0.6;0.0
94;2021-01-17;98;0;9142;142;0.7;0.0
94;2021-01-18;1498;26;10640;168;0.8;0.0
94;2021-01-19;1951;29;12591;197;0.9;0.0
94;2021-01-20;2183;23;14774;220;1.1;0.0
94;2021-01-21;3006;17;17780;237;1.3;0.0
94;2021-01-22;2189;26;19969;263;1.4;0.0
94;2021-01-23;733;3;20702;266;1.5;0.0
94;2021-01-24;284;0;20986;266;1.5;0.0
94;2021-01-25;1470;22;22456;288;1.6;0.0
94;2021-01-26;1575;19;24031;307;1.7;0.0
94;2021-01-27;1839;32;25870;339;1.8;0.0
94;2021-01-28;1537;127;27407;466;1.9;0.0
94;2021-01-29;1381;141;28788;607;2.0;0.0
94;2021-01-30;580;4;29368;611;2.1;0.0
94;2021-01-31;122;8;29490;619;2.1;0.0
94;2021-02-01;929;144;30419;763;2.2;0.1
94;2021-02-02;853;234;31272;997;2.2;0.1
94;2021-02-03;762;352;32034;1349;2.3;0.1
94;2021-02-04;901;403;32935;1752;2.3;0.1
94;2021-02-05;873;551;33808;2303;2.4;0.2
94;2021-02-06;406;65;34214;2368;2.4;0.2
94;2021-02-07;122;0;34336;2368;2.4;0.2
94;2021-02-08;635;490;34971;2858;2.5;0.2
94;2021-02-09;1036;958;36007;3816;2.6;0.3
94;2021-02-10;1101;1317;37108;5133;2.6;0.4
94;2021-02-11;1429;1521;38537;6654;2.7;0.5
94;2021-02-12;1390;1594;39927;8248;2.8;0.6
94;2021-02-13;300;219;40227;8467;2.9;0.6
94;2021-02-14;30;70;40257;8537;2.9;0.6
94;2021-02-15;752;1608;41009;10145;2.9;0.7
94;2021-02-16;702;2487;41711;12632;3.0;0.9
94;2021-02-17;716;1438;42427;14070;3.0;1.0
94;2021-02-18;788;1536;43215;15606;3.1;1.1
94;2021-02-19;966;1327;44181;16933;3.1;1.2
94;2021-02-20;133;804;44314;17737;3.2;1.3
94;2021-02-21;21;165;44335;17902;3.2;1.3
94;2021-02-22;522;1155;44857;19057;3.2;1.4
94;2021-02-23;624;1102;45481;20159;3.2;1.4
94;2021-02-24;695;772;46176;20931;3.3;1.5
94;2021-02-25;1071;1403;47247;22334;3.4;1.6
94;2021-02-26;1324;926;48571;23260;3.5;1.7
94;2021-02-27;518;493;49089;23753;3.5;1.7
94;2021-02-28;91;77;49180;23830;3.5;1.7
94;2021-03-01;883;856;50063;24686;3.6;1.8
94;2021-03-02;1566;900;51629;25586;3.7;1.8
94;2021-03-03;1948;950;53577;26536;3.8;1.9
94;2021-03-04;2862;1115;56439;27651;4.0;2.0
94;2021-03-05;3835;1299;60274;28950;4.3;2.1
94;2021-03-06;4820;569;65094;29519;4.6;2.1
94;2021-03-07;3689;552;68783;30071;4.9;2.1
94;2021-03-08;1918;790;70701;30861;5.0;2.2
94;2021-03-09;2556;908;73257;31769;5.2;2.3
94;2021-03-10;3200;1035;76457;32804;5.4;2.3
94;2021-03-11;3839;941;80296;33745;5.7;2.4
94;2021-03-12;4582;829;84878;34574;6.0;2.5
94;2021-03-13;4131;402;89009;34976;6.3;2.5
94;2021-03-14;2115;157;91124;35133;6.5;2.5
94;2021-03-15;3171;790;94295;35923;6.7;2.6
94;2021-03-16;2775;441;97070;36364;6.9;2.6
94;2021-03-17;2860;465;99930;36829;7.1;2.6
94;2021-03-18;3264;448;103194;37277;7.3;2.7
94;2021-03-19;4273;711;107467;37988;7.6;2.7
94;2021-03-20;3692;302;111159;38290;7.9;2.7
94;2021-03-21;1464;386;112623;38676;8.0;2.8
94;2021-03-22;3221;666;115844;39342;8.2;2.8
94;2021-03-23;4513;734;120357;40076;8.6;2.9
94;2021-03-24;4628;630;124985;40706;8.9;2.9
94;2021-03-25;6322;680;131307;41386;9.3;2.9
94;2021-03-26;6091;826;137398;42212;9.8;3.0
94;2021-03-27;4472;281;141870;42493;10.1;3.0
94;2021-03-28;1890;110;143760;42603;10.2;3.0
94;2021-03-29;4126;1231;147886;43834;10.5;3.1
94;2021-03-30;5300;1357;153186;45191;10.9;3.2
94;2021-03-31;4911;1804;158097;46995;11.2;3.3
94;2021-04-01;5829;2318;163926;49313;11.7;3.5
94;2021-04-02;5247;2326;169173;51639;12.0;3.7
94;2021-04-03;3088;2508;172261;54147;12.3;3.9
94;2021-04-04;1052;773;173313;54920;12.3;3.9
94;2021-04-05;837;153;174150;55073;12.4;3.9
94;2021-04-06;3580;2563;177730;57636;12.6;4.1
94;2021-04-07;3867;2268;181597;59904;12.9;4.3
94;2021-04-08;4629;2069;186226;61973;13.2;4.4
94;2021-04-09;5362;2479;191588;64452;13.6;4.6
94;2021-04-10;2958;3004;194546;67456;13.8;4.8
94;2021-04-11;1268;1768;195814;69224;13.9;4.9
94;2021-04-12;3440;2290;199254;71514;14.2;5.1
94;2021-04-13;4313;3416;203567;74930;14.5;5.3
94;2021-04-14;3906;2698;207473;77628;14.8;5.5
94;2021-04-15;4446;2998;211919;80626;15.1;5.7
94;2021-04-16;4708;2849;216627;83475;15.4;5.9
94;2021-04-17;2462;2771;219089;86246;15.6;6.1
94;2021-04-18;921;1244;220010;87490;15.6;6.2
94;2021-04-19;2975;2447;222985;89937;15.9;6.4
94;2021-04-20;3274;2714;226259;92651;16.1;6.6
94;2021-04-21;3220;3166;229479;95817;16.3;6.8
94;2021-04-22;3913;3658;233392;99475;16.6;7.1
94;2021-04-23;4117;3996;237509;103471;16.9;7.4
94;2021-04-24;4266;3407;241775;106878;17.2;7.6
94;2021-04-25;2408;1509;244183;108387;17.4;7.7
94;2021-04-26;4013;3285;248196;111672;17.7;7.9
94;2021-04-27;5098;3374;253294;115046;18.0;8.2
94;2021-04-28;4833;3643;258127;118689;18.4;8.4
94;2021-04-29;6420;3812;264547;122501;18.8;8.7
94;2021-04-30;6486;3940;271033;126441;19.3;9.0
94;2021-05-01;4057;1063;275090;127504;19.6;9.1
94;2021-05-02;3053;1475;278143;128979;19.8;9.2
94;2021-05-03;5737;5334;283880;134313;20.2;9.6
94;2021-05-04;6100;3572;289980;137885;20.6;9.8
94;2021-05-05;6183;3428;296163;141313;21.1;10.1
94;2021-05-06;7159;3535;303322;144848;21.6;10.3
94;2021-05-07;6676;4125;309998;148973;22.0;10.6
94;2021-05-08;4904;2557;314902;151530;22.4;10.8
94;2021-05-09;4226;2255;319128;153785;22.7;10.9
94;2021-05-10;7717;3132;326845;156917;23.2;11.2
94;2021-05-11;8979;3937;335824;160854;23.9;11.4
94;2021-05-12;9580;3600;345404;164454;24.6;11.7
94;2021-05-13;8679;1370;354083;165824;25.2;11.8
94;2021-05-14;9875;3314;363958;169138;25.9;12.0
94;2021-05-15;8944;2166;372902;171304;26.5;12.2
94;2021-05-16;5070;912;377972;172216;26.9;12.2
94;2021-05-17;10839;2252;388811;174468;27.7;12.4
94;2021-05-18;11297;2453;400108;176921;28.5;12.6
94;2021-05-19;11675;3605;411783;180526;29.3;12.8
94;2021-05-20;12153;4360;423936;184886;30.2;13.1
94;2021-05-21;11880;3164;435816;188050;31.0;13.4
94;2021-05-22;10291;1974;446107;190024;31.7;13.5
94;2021-05-23;5003;711;451110;190735;32.1;13.6
94;2021-05-24;9669;1351;460779;192086;32.8;13.7
94;2021-05-25;10004;4270;470783;196356;33.5;14.0
94;2021-05-26;10289;3315;481072;199671;34.2;14.2
94;2021-05-27;10870;4589;491942;204260;35.0;14.5
94;2021-05-28;10452;4954;502394;209214;35.7;14.9
94;2021-05-29;9873;3457;512267;212671;36.4;15.1
94;2021-05-30;4788;931;517055;213602;36.8;15.2
94;2021-05-31;9989;4239;527044;217841;37.5;15.5
94;2021-06-01;10325;5109;537369;222950;38.2;15.9
94;2021-06-02;9369;4594;546738;227544;38.9;16.2
94;2021-06-03;9569;5604;556307;233148;39.6;16.6
94;2021-06-04;10416;6541;566723;239689;40.3;17.0
94;2021-06-05;9199;6263;575922;245952;41.0;17.5
94;2021-06-06;3984;1848;579906;247800;41.2;17.6
94;2021-06-07;8679;5986;588585;253786;41.9;18.0
94;2021-06-08;9015;7531;597600;261317;42.5;18.6
94;2021-06-09;8955;8166;606555;269483;43.1;19.2
94;2021-06-10;8810;10978;615365;280461;43.8;19.9
94;2021-06-11;7856;8398;623221;288859;44.3;20.5
94;2021-06-12;10266;6853;633487;295712;45.1;21.0
94;2021-06-13;3470;3262;636957;298974;45.3;21.3
94;2021-06-14;6967;8213;643924;307187;45.8;21.8
94;2021-06-15;7739;8821;651663;316008;46.3;22.5
94;2021-06-16;7246;8272;658909;324280;46.9;23.1
94;2021-06-17;6708;9071;665617;333351;47.3;23.7
94;2021-06-18;6580;11960;672197;345311;47.8;24.6
94;2021-06-19;6013;9596;678210;354907;48.2;25.2
94;2021-06-20;1889;4011;680099;358918;48.4;25.5
94;2021-06-21;4534;11188;684633;370106;48.7;26.3
94;2021-06-22;4843;10812;689476;380918;49.0;27.1
94;2021-06-23;4179;11164;693655;392082;49.3;27.9
94;2021-06-24;4973;10338;698628;402420;49.7;28.6
94;2021-06-25;4294;13740;702922;416160;50.0;29.6
94;2021-06-26;3140;12003;706062;428163;50.2;30.5
94;2021-06-27;1059;4998;707121;433161;50.3;30.8
94;2021-06-28;3503;12083;710624;445244;50.5;31.7
94;2021-06-29;4048;12181;714672;457425;50.8;32.5
94;2021-06-30;4457;11648;719129;469073;51.1;33.4
94;2021-07-01;5627;11121;724756;480194;51.5;34.2
94;2021-07-02;5694;12200;730450;492394;52.0;35.0
94;2021-07-03;3719;11805;734169;504199;52.2;35.9
94;2021-07-04;1516;5088;735685;509287;52.3;36.2
94;2021-07-05;4542;11436;740227;520723;52.6;37.0
94;2021-07-06;4627;10901;744854;531624;53.0;37.8
94;2021-07-07;5035;11087;749889;542711;53.3;38.6
94;2021-07-08;5139;10031;755028;552742;53.7;39.3
94;2021-07-09;6085;11875;761113;564617;54.1;40.2
94;2021-07-10;4117;11366;765230;575983;54.4;41.0
94;2021-07-11;1555;4719;766785;580702;54.5;41.3
94;2021-07-12;4328;11971;771113;592673;54.8;42.2
94;2021-07-13;6427;12049;777540;604722;55.3;43.0
94;2021-07-14;4196;5293;781736;610015;55.6;43.4
94;2021-07-15;7259;12372;788995;622387;56.1;44.3
94;2021-07-16;7733;11315;796728;633702;56.7;45.1
94;2021-07-17;6100;11326;802828;645028;57.1;45.9
94;2021-07-18;2630;4024;805458;649052;57.3;46.2
94;2021-07-19;6945;10447;812403;659499;57.8;46.9
94;2021-07-20;8524;10392;820927;669891;58.4;47.6
94;2021-07-21;8758;9581;829685;679472;59.0;48.3
94;2021-07-22;9770;9423;839455;688895;59.7;49.0
94;2021-07-23;9291;9418;848746;698313;60.4;49.7
94;2021-07-24;7215;8886;855961;707199;60.9;50.3
94;2021-07-25;2192;2741;858153;709940;61.0;50.5
94;2021-07-26;8025;8098;866178;718038;61.6;51.1
94;2021-07-27;8771;7137;874949;725175;62.2;51.6
94;2021-07-28;9068;6570;884017;731745;62.9;52.0
94;2021-07-29;9041;6369;893058;738114;63.5;52.5
94;2021-07-30;7941;6592;900999;744706;64.1;53.0
94;2021-07-31;7215;6306;908214;751012;64.6;53.4
94;2021-08-01;3205;1785;911419;752797;64.8;53.5
94;2021-08-02;6440;5487;917859;758284;65.3;53.9
94;2021-08-03;6289;5211;924148;763495;65.7;54.3
94;2021-08-04;6239;5129;930387;768624;66.2;54.7
94;2021-08-05;5794;5463;936181;774087;66.6;55.1
94;2021-08-06;5601;5838;941782;779925;67.0;55.5
94;2021-08-07;4237;4471;946019;784396;67.3;55.8
94;2021-08-08;1365;1716;947384;786112;67.4;55.9
94;2021-08-09;4864;6810;952248;792922;67.7;56.4
94;2021-08-10;5349;6534;957597;799456;68.1;56.9
94;2021-08-11;4223;5915;961820;805371;68.4;57.3
94;2021-08-12;4348;6505;966168;811876;68.7;57.7
94;2021-08-13;3702;5793;969870;817669;69.0;58.2
94;2021-08-14;2875;5740;972745;823409;69.2;58.6
94;2021-08-15;453;735;973198;824144;69.2;58.6
94;2021-08-16;3469;8288;976667;832432;69.5;59.2
94;2021-08-17;3344;8140;980011;840572;69.7;59.8
94;2021-08-18;3230;8612;983241;849184;69.9;60.4
94;2021-08-19;3294;6899;986535;856083;70.2;60.9
94;2021-08-20;2957;7753;989492;863836;70.4;61.4
94;2021-08-21;2515;7158;992007;870994;70.6;61.9
94;2021-08-22;889;2734;992896;873728;70.6;62.1
94;2021-08-23;2806;8454;995702;882182;70.8;62.7
94;2021-08-24;3106;7507;998808;889689;71.0;63.3
94;2021-08-25;2727;6732;1001535;896421;71.2;63.8
94;2021-08-26;2557;6132;1004092;902553;71.4;64.2
94;2021-08-27;2627;6555;1006719;909108;71.6;64.7
94;2021-08-28;2544;6489;1009263;915597;71.8;65.1
94;2021-08-29;863;2341;1010126;917938;71.8;65.3
94;2021-08-30;2746;7866;1012872;925804;72.0;65.8
94;2021-08-31;2582;7433;1015454;933237;72.2;66.4
94;2021-09-01;2260;6174;1017714;939411;72.4;66.8
94;2021-09-02;1924;5187;1019638;944598;72.5;67.2
94;2021-09-03;2051;5797;1021689;950395;72.7;67.6
94;2021-09-04;2349;5398;1024038;955793;72.8;68.0
94;2021-09-05;694;1275;1024732;957068;72.9;68.1
94;2021-09-06;1514;4056;1026246;961124;73.0;68.4
94;2021-09-07;1404;3683;1027650;964807;73.1;68.6
95;2020-12-27;3;0;3;0;0.0;0.0
95;2020-12-28;4;0;7;0;0.0;0.0
95;2020-12-29;0;0;7;0;0.0;0.0
95;2020-12-30;0;0;7;0;0.0;0.0
95;2020-12-31;2;0;9;0;0.0;0.0
95;2021-01-01;0;0;9;0;0.0;0.0
95;2021-01-02;13;0;22;0;0.0;0.0
95;2021-01-03;1;0;23;0;0.0;0.0
95;2021-01-04;49;0;72;0;0.0;0.0
95;2021-01-05;316;0;388;0;0.0;0.0
95;2021-01-06;192;0;580;0;0.0;0.0
95;2021-01-07;130;1;710;1;0.1;0.0
95;2021-01-08;278;2;988;3;0.1;0.0
95;2021-01-09;251;0;1239;3;0.1;0.0
95;2021-01-10;384;1;1623;4;0.1;0.0
95;2021-01-11;492;1;2115;5;0.2;0.0
95;2021-01-12;862;1;2977;6;0.2;0.0
95;2021-01-13;782;11;3759;17;0.3;0.0
95;2021-01-14;887;12;4646;29;0.4;0.0
95;2021-01-15;758;5;5404;34;0.4;0.0
95;2021-01-16;298;2;5702;36;0.5;0.0
95;2021-01-17;223;1;5925;37;0.5;0.0
95;2021-01-18;1338;6;7263;43;0.6;0.0
95;2021-01-19;1574;6;8837;49;0.7;0.0
95;2021-01-20;2040;4;10877;53;0.9;0.0
95;2021-01-21;1853;5;12730;58;1.0;0.0
95;2021-01-22;1325;6;14055;64;1.1;0.0
95;2021-01-23;648;0;14703;64;1.2;0.0
95;2021-01-24;181;0;14884;64;1.2;0.0
95;2021-01-25;796;32;15680;96;1.3;0.0
95;2021-01-26;987;160;16667;256;1.3;0.0
95;2021-01-27;1251;170;17918;426;1.4;0.0
95;2021-01-28;1720;20;19638;446;1.6;0.0
95;2021-01-29;1248;182;20886;628;1.7;0.1
95;2021-01-30;477;5;21363;633;1.7;0.1
95;2021-01-31;212;1;21575;634;1.7;0.1
95;2021-02-01;566;259;22141;893;1.8;0.1
95;2021-02-02;528;268;22669;1161;1.8;0.1
95;2021-02-03;614;506;23283;1667;1.9;0.1
95;2021-02-04;1065;358;24348;2025;2.0;0.2
95;2021-02-05;732;284;25080;2309;2.0;0.2
95;2021-02-06;337;227;25417;2536;2.0;0.2
95;2021-02-07;141;371;25558;2907;2.0;0.2
95;2021-02-08;765;323;26323;3230;2.1;0.3
95;2021-02-09;1131;1061;27454;4291;2.2;0.3
95;2021-02-10;1262;1389;28716;5680;2.3;0.5
95;2021-02-11;1387;1122;30103;6802;2.4;0.5
95;2021-02-12;1032;936;31135;7738;2.5;0.6
95;2021-02-13;329;275;31464;8013;2.5;0.6
95;2021-02-14;42;160;31506;8173;2.5;0.7
95;2021-02-15;427;878;31933;9051;2.6;0.7
95;2021-02-16;493;759;32426;9810;2.6;0.8
95;2021-02-17;654;1008;33080;10818;2.6;0.9
95;2021-02-18;725;1497;33805;12315;2.7;1.0
95;2021-02-19;783;1170;34588;13485;2.8;1.1
95;2021-02-20;306;437;34894;13922;2.8;1.1
95;2021-02-21;165;276;35059;14198;2.8;1.1
95;2021-02-22;327;883;35386;15081;2.8;1.2
95;2021-02-23;368;644;35754;15725;2.9;1.3
95;2021-02-24;310;782;36064;16507;2.9;1.3
95;2021-02-25;729;990;36793;17497;2.9;1.4
95;2021-02-26;989;768;37782;18265;3.0;1.5
95;2021-02-27;365;396;38147;18661;3.1;1.5
95;2021-02-28;61;209;38208;18870;3.1;1.5
95;2021-03-01;771;520;38979;19390;3.1;1.6
95;2021-03-02;1321;814;40300;20204;3.2;1.6
95;2021-03-03;1598;927;41898;21131;3.4;1.7
95;2021-03-04;3195;1135;45093;22266;3.6;1.8
95;2021-03-05;3651;1057;48744;23323;3.9;1.9
95;2021-03-06;4006;496;52750;23819;4.2;1.9
95;2021-03-07;4223;316;56973;24135;4.6;1.9
95;2021-03-08;1541;850;58514;24985;4.7;2.0
95;2021-03-09;2621;497;61135;25482;4.9;2.0
95;2021-03-10;2344;836;63479;26318;5.1;2.1
95;2021-03-11;3138;1143;66617;27461;5.3;2.2
95;2021-03-12;3521;805;70138;28266;5.6;2.3
95;2021-03-13;3519;421;73657;28687;5.9;2.3
95;2021-03-14;1983;300;75640;28987;6.1;2.3
95;2021-03-15;2373;316;78013;29303;6.2;2.3
95;2021-03-16;1575;417;79588;29720;6.4;2.4
95;2021-03-17;2104;416;81692;30136;6.5;2.4
95;2021-03-18;2798;376;84490;30512;6.8;2.4
95;2021-03-19;3476;366;87966;30878;7.0;2.5
95;2021-03-20;2592;203;90558;31081;7.3;2.5
95;2021-03-21;1203;246;91761;31327;7.4;2.5
95;2021-03-22;2938;367;94699;31694;7.6;2.5
95;2021-03-23;3437;462;98136;32156;7.9;2.6
95;2021-03-24;3945;520;102081;32676;8.2;2.6
95;2021-03-25;5859;659;107940;33335;8.6;2.7
95;2021-03-26;5430;687;113370;34022;9.1;2.7
95;2021-03-27;3749;223;117119;34245;9.4;2.7
95;2021-03-28;1535;123;118654;34368;9.5;2.8
95;2021-03-29;2894;575;121548;34943;9.7;2.8
95;2021-03-30;3886;1243;125434;36186;10.0;2.9
95;2021-03-31;3659;1672;129093;37858;10.3;3.0
95;2021-04-01;5484;2275;134577;40133;10.8;3.2
95;2021-04-02;3560;2761;138137;42894;11.1;3.4
95;2021-04-03;2095;2486;140232;45380;11.2;3.6
95;2021-04-04;1247;1202;141479;46582;11.3;3.7
95;2021-04-05;596;64;142075;46646;11.4;3.7
95;2021-04-06;1858;1539;143933;48185;11.5;3.9
95;2021-04-07;4953;2198;148886;50383;11.9;4.0
95;2021-04-08;4898;2468;153784;52851;12.3;4.2
95;2021-04-09;5435;2337;159219;55188;12.8;4.4
95;2021-04-10;3710;1434;162929;56622;13.1;4.5
95;2021-04-11;1567;1038;164496;57660;13.2;4.6
95;2021-04-12;3253;1613;167749;59273;13.4;4.7
95;2021-04-13;3141;1690;170890;60963;13.7;4.9
95;2021-04-14;2752;1993;173642;62956;13.9;5.0
95;2021-04-15;3904;3348;177546;66304;14.2;5.3
95;2021-04-16;4064;3037;181610;69341;14.5;5.6
95;2021-04-17;2375;1758;183985;71099;14.7;5.7
95;2021-04-18;1511;1017;185496;72116;14.9;5.8
95;2021-04-19;2569;2372;188065;74488;15.1;6.0
95;2021-04-20;2121;2458;190186;76946;15.2;6.2
95;2021-04-21;3931;2632;194117;79578;15.5;6.4
95;2021-04-22;3412;4635;197529;84213;15.8;6.7
95;2021-04-23;2767;3560;200296;87773;16.0;7.0
95;2021-04-24;3573;2588;203869;90361;16.3;7.2
95;2021-04-25;1960;1550;205829;91911;16.5;7.4
95;2021-04-26;2752;2702;208581;94613;16.7;7.6
95;2021-04-27;3851;2180;212432;96793;17.0;7.8
95;2021-04-28;3890;2672;216322;99465;17.3;8.0
95;2021-04-29;6142;4555;222464;104020;17.8;8.3
95;2021-04-30;6904;2935;229368;106955;18.4;8.6
95;2021-05-01;2369;920;231737;107875;18.6;8.6
95;2021-05-02;2448;1502;234185;109377;18.8;8.8
95;2021-05-03;5127;1929;239312;111306;19.2;8.9
95;2021-05-04;6353;2723;245665;114029;19.7;9.1
95;2021-05-05;5145;3808;250810;117837;20.1;9.4
95;2021-05-06;8206;4929;259016;122766;20.7;9.8
95;2021-05-07;5777;4758;264793;127524;21.2;10.2
95;2021-05-08;5743;1531;270536;129055;21.7;10.3
95;2021-05-09;2829;1587;273365;130642;21.9;10.5
95;2021-05-10;9972;3186;283337;133828;22.7;10.7
95;2021-05-11;8448;3458;291785;137286;23.4;11.0
95;2021-05-12;9466;3224;301251;140510;24.1;11.3
95;2021-05-13;7956;1204;309207;141714;24.8;11.4
95;2021-05-14;7016;1911;316223;143625;25.3;11.5
95;2021-05-15;4515;1070;320738;144695;25.7;11.6
95;2021-05-16;4826;843;325564;145538;26.1;11.7
95;2021-05-17;7743;1352;333307;146890;26.7;11.8
95;2021-05-18;9469;1859;342776;148749;27.5;11.9
95;2021-05-19;9245;2501;352021;151250;28.2;12.1
95;2021-05-20;12585;2447;364606;153697;29.2;12.3
95;2021-05-21;10176;2538;374782;156235;30.0;12.5
95;2021-05-22;9396;1574;384178;157809;30.8;12.6
95;2021-05-23;4145;963;388323;158772;31.1;12.7
95;2021-05-24;2398;535;390721;159307;31.3;12.8
95;2021-05-25;7210;2082;397931;161389;31.9;12.9
95;2021-05-26;8852;3117;406783;164506;32.6;13.2
95;2021-05-27;10366;4436;417149;168942;33.4;13.5
95;2021-05-28;7686;4424;424835;173366;34.0;13.9
95;2021-05-29;5267;2761;430102;176127;34.5;14.1
95;2021-05-30;3732;1705;433834;177832;34.8;14.2
95;2021-05-31;6430;3331;440264;181163;35.3;14.5
95;2021-06-01;8785;3810;449049;184973;36.0;14.8
95;2021-06-02;8802;4745;457851;189718;36.7;15.2
95;2021-06-03;8530;6565;466381;196283;37.4;15.7
95;2021-06-04;8890;4406;475271;200689;38.1;16.1
95;2021-06-05;8343;3743;483614;204432;38.7;16.4
95;2021-06-06;4838;1617;488452;206049;39.1;16.5
95;2021-06-07;6060;4546;494512;210595;39.6;16.9
95;2021-06-08;6556;5515;501068;216110;40.1;17.3
95;2021-06-09;6268;6474;507336;222584;40.6;17.8
95;2021-06-10;6435;6819;513771;229403;41.2;18.4
95;2021-06-11;7236;6443;521007;235846;41.7;18.9
95;2021-06-12;6005;4373;527012;240219;42.2;19.2
95;2021-06-13;2084;3288;529096;243507;42.4;19.5
95;2021-06-14;5373;5987;534469;249494;42.8;20.0
95;2021-06-15;5744;8073;540213;257567;43.3;20.6
95;2021-06-16;5494;7537;545707;265104;43.7;21.2
95;2021-06-17;6608;8168;552315;273272;44.2;21.9
95;2021-06-18;5835;7860;558150;281132;44.7;22.5
95;2021-06-19;4968;8928;563118;290060;45.1;23.2
95;2021-06-20;1426;3316;564544;293376;45.2;23.5
95;2021-06-21;3543;7715;568087;301091;45.5;24.1
95;2021-06-22;5071;9051;573158;310142;45.9;24.8
95;2021-06-23;4782;10877;577940;321019;46.3;25.7
95;2021-06-24;4941;10725;582881;331744;46.7;26.6
95;2021-06-25;4888;10359;587769;342103;47.1;27.4
95;2021-06-26;4326;8486;592095;350589;47.4;28.1
95;2021-06-27;1035;3997;593130;354586;47.5;28.4
95;2021-06-28;2743;9490;595873;364076;47.7;29.2
95;2021-06-29;2538;8788;598411;372864;47.9;29.9
95;2021-06-30;3957;9997;602368;382861;48.3;30.7
95;2021-07-01;4857;11164;607225;394025;48.6;31.6
95;2021-07-02;4287;10548;611512;404573;49.0;32.4
95;2021-07-03;3539;9159;615051;413732;49.3;33.1
95;2021-07-04;1278;3399;616329;417131;49.4;33.4
95;2021-07-05;2356;4375;618685;421506;49.6;33.8
95;2021-07-06;2777;7751;621462;429257;49.8;34.4
95;2021-07-07;3963;9625;625425;438882;50.1;35.2
95;2021-07-08;5318;9822;630743;448704;50.5;35.9
95;2021-07-09;4555;10075;635298;458779;50.9;36.8
95;2021-07-10;3398;7393;638696;466172;51.2;37.3
95;2021-07-11;1528;3603;640224;469775;51.3;37.6
95;2021-07-12;2989;9689;643213;479464;51.5;38.4
95;2021-07-13;5061;10073;648274;489537;51.9;39.2
95;2021-07-14;4429;5737;652703;495274;52.3;39.7
95;2021-07-15;7403;12360;660106;507634;52.9;40.7
95;2021-07-16;7986;12002;668092;519636;53.5;41.6
95;2021-07-17;5057;7821;673149;527457;53.9;42.3
95;2021-07-18;3489;2912;676638;530369;54.2;42.5
95;2021-07-19;4838;6867;681476;537236;54.6;43.0
95;2021-07-20;6960;8378;688436;545614;55.1;43.7
95;2021-07-21;9263;9449;697699;555063;55.9;44.5
95;2021-07-22;10151;9719;707850;564782;56.7;45.2
95;2021-07-23;10919;10204;718769;574986;57.6;46.1
95;2021-07-24;5262;6237;724031;581223;58.0;46.6
95;2021-07-25;2252;2283;726283;583506;58.2;46.7
95;2021-07-26;4521;4024;730804;587530;58.5;47.1
95;2021-07-27;8508;7039;739312;594569;59.2;47.6
95;2021-07-28;9721;7562;749033;602131;60.0;48.2
95;2021-07-29;8435;5468;757468;607599;60.7;48.7
95;2021-07-30;8514;7769;765982;615368;61.4;49.3
95;2021-07-31;4240;4117;770222;619485;61.7;49.6
95;2021-08-01;2328;1374;772550;620859;61.9;49.7
95;2021-08-02;4146;3914;776696;624773;62.2;50.0
95;2021-08-03;6150;5540;782846;630313;62.7;50.5
95;2021-08-04;6503;6079;789349;636392;63.2;51.0
95;2021-08-05;6864;5729;796213;642121;63.8;51.4
95;2021-08-06;6504;7084;802717;649205;64.3;52.0
95;2021-08-07;2842;3196;805559;652401;64.5;52.3
95;2021-08-08;1376;1890;806935;654291;64.6;52.4
95;2021-08-09;3908;5036;810843;659327;65.0;52.8
95;2021-08-10;5220;5848;816063;665175;65.4;53.3
95;2021-08-11;5348;6558;821411;671733;65.8;53.8
95;2021-08-12;5219;6363;826630;678096;66.2;54.3
95;2021-08-13;3877;5471;830507;683567;66.5;54.8
95;2021-08-14;3561;3321;834068;686888;66.8;55.0
95;2021-08-15;271;352;834339;687240;66.8;55.1
95;2021-08-16;2828;6048;837167;693288;67.1;55.5
95;2021-08-17;3565;7259;840732;700547;67.3;56.1
95;2021-08-18;4226;8074;844958;708621;67.7;56.8
95;2021-08-19;3708;6581;848666;715202;68.0;57.3
95;2021-08-20;3752;7923;852418;723125;68.3;57.9
95;2021-08-21;2703;4302;855121;727427;68.5;58.3
95;2021-08-22;828;2394;855949;729821;68.6;58.5
95;2021-08-23;2452;5645;858401;735466;68.8;58.9
95;2021-08-24;2911;6450;861312;741916;69.0;59.4
95;2021-08-25;3740;8275;865052;750191;69.3;60.1
95;2021-08-26;3123;7533;868175;757724;69.5;60.7
95;2021-08-27;3429;8719;871604;766443;69.8;61.4
95;2021-08-28;2788;5484;874392;771927;70.0;61.8
95;2021-08-29;624;1706;875016;773633;70.1;62.0
95;2021-08-30;2736;6185;877752;779818;70.3;62.5
95;2021-08-31;2767;6496;880519;786314;70.5;63.0
95;2021-09-01;2665;6464;883184;792778;70.7;63.5
95;2021-09-02;1648;4618;884832;797396;70.9;63.9
95;2021-09-03;2178;5825;887010;803221;71.1;64.3
95;2021-09-04;2506;5842;889516;809063;71.3;64.8
95;2021-09-05;402;633;889918;809696;71.3;64.9
95;2021-09-06;1182;3533;891100;813229;71.4;65.1
95;2021-09-07;1347;3433;892447;816662;71.5;65.4
971;2020-12-27;0;0;0;0;0.0;0.0
971;2020-12-28;0;0;0;0;0.0;0.0
971;2020-12-29;0;0;0;0;0.0;0.0
971;2020-12-30;0;0;0;0;0.0;0.0
971;2020-12-31;0;0;0;0;0.0;0.0
971;2021-01-01;1;0;1;0;0.0;0.0
971;2021-01-02;0;0;1;0;0.0;0.0
971;2021-01-03;0;0;1;0;0.0;0.0
971;2021-01-04;1;0;2;0;0.0;0.0
971;2021-01-05;0;0;2;0;0.0;0.0
971;2021-01-06;1;0;3;0;0.0;0.0
971;2021-01-07;0;0;3;0;0.0;0.0
971;2021-01-08;57;1;60;1;0.0;0.0
971;2021-01-09;20;0;80;1;0.0;0.0
971;2021-01-10;0;0;80;1;0.0;0.0
971;2021-01-11;60;0;140;1;0.0;0.0
971;2021-01-12;45;0;185;1;0.0;0.0
971;2021-01-13;47;1;232;2;0.1;0.0
971;2021-01-14;63;0;295;2;0.1;0.0
971;2021-01-15;77;0;372;2;0.1;0.0
971;2021-01-16;0;0;372;2;0.1;0.0
971;2021-01-17;0;0;372;2;0.1;0.0
971;2021-01-18;81;1;453;3;0.1;0.0
971;2021-01-19;145;0;598;3;0.2;0.0
971;2021-01-20;135;0;733;3;0.2;0.0
971;2021-01-21;154;1;887;4;0.2;0.0
971;2021-01-22;135;0;1022;4;0.3;0.0
971;2021-01-23;1;0;1023;4;0.3;0.0
971;2021-01-24;0;0;1023;4;0.3;0.0
971;2021-01-25;203;1;1226;5;0.3;0.0
971;2021-01-26;217;1;1443;6;0.4;0.0
971;2021-01-27;236;0;1679;6;0.4;0.0
971;2021-01-28;242;3;1921;9;0.5;0.0
971;2021-01-29;197;2;2118;11;0.6;0.0
971;2021-01-30;25;0;2143;11;0.6;0.0
971;2021-01-31;1;0;2144;11;0.6;0.0
971;2021-02-01;229;4;2373;15;0.6;0.0
971;2021-02-02;246;14;2619;29;0.7;0.0
971;2021-02-03;225;3;2844;32;0.8;0.0
971;2021-02-04;304;23;3148;55;0.8;0.0
971;2021-02-05;280;28;3428;83;0.9;0.0
971;2021-02-06;49;1;3477;84;0.9;0.0
971;2021-02-07;0;0;3477;84;0.9;0.0
971;2021-02-08;257;21;3734;105;1.0;0.0
971;2021-02-09;316;25;4050;130;1.1;0.0
971;2021-02-10;249;22;4299;152;1.1;0.0
971;2021-02-11;297;104;4596;256;1.2;0.1
971;2021-02-12;290;26;4886;282;1.3;0.1
971;2021-02-13;50;7;4936;289;1.3;0.1
971;2021-02-14;19;36;4955;325;1.3;0.1
971;2021-02-15;85;46;5040;371;1.3;0.1
971;2021-02-16;16;1;5056;372;1.3;0.1
971;2021-02-17;17;1;5073;373;1.3;0.1
971;2021-02-18;251;13;5324;386;1.4;0.1
971;2021-02-19;249;17;5573;403;1.5;0.1
971;2021-02-20;49;0;5622;403;1.5;0.1
971;2021-02-21;1;0;5623;403;1.5;0.1
971;2021-02-22;192;53;5815;456;1.5;0.1
971;2021-02-23;204;62;6019;518;1.6;0.1
971;2021-02-24;343;119;6362;637;1.7;0.2
971;2021-02-25;386;72;6748;709;1.8;0.2
971;2021-02-26;232;76;6980;785;1.9;0.2
971;2021-02-27;65;0;7045;785;1.9;0.2
971;2021-02-28;1;0;7046;785;1.9;0.2
971;2021-03-01;179;80;7225;865;1.9;0.2
971;2021-03-02;278;122;7503;987;2.0;0.3
971;2021-03-03;244;106;7747;1093;2.1;0.3
971;2021-03-04;335;78;8082;1171;2.1;0.3
971;2021-03-05;375;141;8457;1312;2.2;0.3
971;2021-03-06;599;10;9056;1322;2.4;0.4
971;2021-03-07;1;0;9057;1322;2.4;0.4
971;2021-03-08;324;138;9381;1460;2.5;0.4
971;2021-03-09;388;149;9769;1609;2.6;0.4
971;2021-03-10;425;158;10194;1767;2.7;0.5
971;2021-03-11;123;45;10317;1812;2.7;0.5
971;2021-03-12;504;223;10821;2035;2.9;0.5
971;2021-03-13;137;3;10958;2038;2.9;0.5
971;2021-03-14;14;23;10972;2061;2.9;0.5
971;2021-03-15;424;46;11396;2107;3.0;0.6
971;2021-03-16;485;82;11881;2189;3.2;0.6
971;2021-03-17;470;72;12351;2261;3.3;0.6
971;2021-03-18;585;84;12936;2345;3.4;0.6
971;2021-03-19;584;90;13520;2435;3.6;0.6
971;2021-03-20;177;15;13697;2450;3.6;0.7
971;2021-03-21;8;0;13705;2450;3.6;0.7
971;2021-03-22;359;89;14064;2539;3.7;0.7
971;2021-03-23;540;157;14604;2696;3.9;0.7
971;2021-03-24;473;107;15077;2803;4.0;0.7
971;2021-03-25;760;183;15837;2986;4.2;0.8
971;2021-03-26;644;122;16481;3108;4.4;0.8
971;2021-03-27;292;34;16773;3142;4.5;0.8
971;2021-03-28;24;2;16797;3144;4.5;0.8
971;2021-03-29;383;84;17180;3228;4.6;0.9
971;2021-03-30;625;164;17805;3392;4.7;0.9
971;2021-03-31;545;133;18350;3525;4.9;0.9
971;2021-04-01;661;196;19011;3721;5.0;1.0
971;2021-04-02;39;35;19050;3756;5.1;1.0
971;2021-04-03;59;2;19109;3758;5.1;1.0
971;2021-04-04;4;18;19113;3776;5.1;1.0
971;2021-04-05;13;0;19126;3776;5.1;1.0
971;2021-04-06;484;193;19610;3969;5.2;1.1
971;2021-04-07;580;118;20190;4087;5.4;1.1
971;2021-04-08;519;157;20709;4244;5.5;1.1
971;2021-04-09;491;210;21200;4454;5.6;1.2
971;2021-04-10;101;5;21301;4459;5.7;1.2
971;2021-04-11;8;9;21309;4468;5.7;1.2
971;2021-04-12;304;262;21613;4730;5.7;1.3
971;2021-04-13;555;325;22168;5055;5.9;1.3
971;2021-04-14;443;229;22611;5284;6.0;1.4
971;2021-04-15;553;311;23164;5595;6.1;1.5
971;2021-04-16;564;275;23728;5870;6.3;1.6
971;2021-04-17;216;4;23944;5874;6.4;1.6
971;2021-04-18;6;13;23950;5887;6.4;1.6
971;2021-04-19;405;242;24355;6129;6.5;1.6
971;2021-04-20;724;345;25079;6474;6.7;1.7
971;2021-04-21;625;316;25704;6790;6.8;1.8
971;2021-04-22;818;326;26522;7116;7.0;1.9
971;2021-04-23;845;249;27367;7365;7.3;2.0
971;2021-04-24;391;70;27758;7435;7.4;2.0
971;2021-04-25;602;63;28360;7498;7.5;2.0
971;2021-04-26;974;220;29334;7718;7.8;2.0
971;2021-04-27;709;235;30043;7953;8.0;2.1
971;2021-04-28;865;267;30908;8220;8.2;2.2
971;2021-04-29;1203;203;32111;8423;8.5;2.2
971;2021-04-30;1270;188;33381;8611;8.9;2.3
971;2021-05-01;606;42;33987;8653;9.0;2.3
971;2021-05-02;354;18;34341;8671;9.1;2.3
971;2021-05-03;922;188;35263;8859;9.4;2.4
971;2021-05-04;962;207;36225;9066;9.6;2.4
971;2021-05-05;1026;251;37251;9317;9.9;2.5
971;2021-05-06;1147;176;38398;9493;10.2;2.5
971;2021-05-07;1264;273;39662;9766;10.5;2.6
971;2021-05-08;323;37;39985;9803;10.6;2.6
971;2021-05-09;183;11;40168;9814;10.7;2.6
971;2021-05-10;840;217;41008;10031;10.9;2.7
971;2021-05-11;964;314;41972;10345;11.1;2.7
971;2021-05-12;907;325;42879;10670;11.4;2.8
971;2021-05-13;212;78;43091;10748;11.4;2.9
971;2021-05-14;862;274;43953;11022;11.7;2.9
971;2021-05-15;487;15;44440;11037;11.8;2.9
971;2021-05-16;182;36;44622;11073;11.8;2.9
971;2021-05-17;721;275;45343;11348;12.0;3.0
971;2021-05-18;742;391;46085;11739;12.2;3.1
971;2021-05-19;702;530;46787;12269;12.4;3.3
971;2021-05-20;810;377;47597;12646;12.6;3.4
971;2021-05-21;825;405;48422;13051;12.8;3.5
971;2021-05-22;506;215;48928;13266;13.0;3.5
971;2021-05-23;201;114;49129;13380;13.0;3.6
971;2021-05-24;201;173;49330;13553;13.1;3.6
971;2021-05-25;548;661;49878;14214;13.2;3.8
971;2021-05-26;595;492;50473;14706;13.4;3.9
971;2021-05-27;133;182;50606;14888;13.4;4.0
971;2021-05-28;518;527;51124;15415;13.6;4.1
971;2021-05-29;238;141;51362;15556;13.6;4.1
971;2021-05-30;75;112;51437;15668;13.6;4.2
971;2021-05-31;449;535;51886;16203;13.8;4.3
971;2021-06-01;592;710;52478;16913;13.9;4.5
971;2021-06-02;577;706;53055;17619;14.1;4.7
971;2021-06-03;508;561;53563;18180;14.2;4.8
971;2021-06-04;836;803;54399;18983;14.4;5.0
971;2021-06-05;317;644;54716;19627;14.5;5.2
971;2021-06-06;139;529;54855;20156;14.6;5.3
971;2021-06-07;420;782;55275;20938;14.7;5.6
971;2021-06-08;494;884;55769;21822;14.8;5.8
971;2021-06-09;503;857;56272;22679;14.9;6.0
971;2021-06-10;538;850;56810;23529;15.1;6.2
971;2021-06-11;468;1235;57278;24764;15.2;6.6
971;2021-06-12;301;659;57579;25423;15.3;6.7
971;2021-06-13;128;313;57707;25736;15.3;6.8
971;2021-06-14;372;3746;58079;29482;15.4;7.8
971;2021-06-15;483;1994;58562;31476;15.5;8.4
971;2021-06-16;478;1461;59040;32937;15.7;8.7
971;2021-06-17;433;1010;59473;33947;15.8;9.0
971;2021-06-18;481;1018;59954;34965;15.9;9.3
971;2021-06-19;316;509;60270;35474;16.0;9.4
971;2021-06-20;111;231;60381;35705;16.0;9.5
971;2021-06-21;336;677;60717;36382;16.1;9.7
971;2021-06-22;333;873;61050;37255;16.2;9.9
971;2021-06-23;370;890;61420;38145;16.3;10.1
971;2021-06-24;417;734;61837;38879;16.4;10.3
971;2021-06-25;455;759;62292;39638;16.5;10.5
971;2021-06-26;301;515;62593;40153;16.6;10.7
971;2021-06-27;116;148;62709;40301;16.6;10.7
971;2021-06-28;303;686;63012;40987;16.7;10.9
971;2021-06-29;389;784;63401;41771;16.8;11.1
971;2021-06-30;441;924;63842;42695;16.9;11.3
971;2021-07-01;364;648;64206;43343;17.0;11.5
971;2021-07-02;429;693;64635;44036;17.2;11.7
971;2021-07-03;275;465;64910;44501;17.2;11.8
971;2021-07-04;112;239;65022;44740;17.3;11.9
971;2021-07-05;329;507;65351;45247;17.3;12.0
971;2021-07-06;384;769;65735;46016;17.4;12.2
971;2021-07-07;377;842;66112;46858;17.5;12.4
971;2021-07-08;413;790;66525;47648;17.7;12.6
971;2021-07-09;433;795;66958;48443;17.8;12.9
971;2021-07-10;245;294;67203;48737;17.8;12.9
971;2021-07-11;170;137;67373;48874;17.9;13.0
971;2021-07-12;477;607;67850;49481;18.0;13.1
971;2021-07-13;871;1006;68721;50487;18.2;13.4
971;2021-07-14;475;283;69196;50770;18.4;13.5
971;2021-07-15;878;843;70074;51613;18.6;13.7
971;2021-07-16;1094;1041;71168;52654;18.9;14.0
971;2021-07-17;648;444;71816;53098;19.1;14.1
971;2021-07-18;400;218;72216;53316;19.2;14.1
971;2021-07-19;575;581;72791;53897;19.3;14.3
971;2021-07-20;835;734;73626;54631;19.5;14.5
971;2021-07-21;767;496;74393;55127;19.7;14.6
971;2021-07-22;988;873;75381;56000;20.0;14.9
971;2021-07-23;1027;752;76408;56752;20.3;15.1
971;2021-07-24;424;384;76832;57136;20.4;15.2
971;2021-07-25;248;261;77080;57397;20.5;15.2
971;2021-07-26;636;560;77716;57957;20.6;15.4
971;2021-07-27;872;581;78588;58538;20.9;15.5
971;2021-07-28;796;654;79384;59192;21.1;15.7
971;2021-07-29;958;666;80342;59858;21.3;15.9
971;2021-07-30;1309;752;81651;60610;21.7;16.1
971;2021-07-31;558;409;82209;61019;21.8;16.2
971;2021-08-01;315;249;82524;61268;21.9;16.3
971;2021-08-02;757;416;83281;61684;22.1;16.4
971;2021-08-03;757;675;84038;62359;22.3;16.5
971;2021-08-04;682;674;84720;63033;22.5;16.7
971;2021-08-05;683;592;85403;63625;22.7;16.9
971;2021-08-06;928;638;86331;64263;22.9;17.1
971;2021-08-07;453;392;86784;64655;23.0;17.2
971;2021-08-08;277;313;87061;64968;23.1;17.2
971;2021-08-09;589;585;87650;65553;23.3;17.4
971;2021-08-10;751;799;88401;66352;23.5;17.6
971;2021-08-11;925;794;89326;67146;23.7;17.8
971;2021-08-12;960;794;90286;67940;24.0;18.0
971;2021-08-13;951;441;91237;68381;24.2;18.1
971;2021-08-14;629;702;91866;69083;24.4;18.3
971;2021-08-15;435;412;92301;69495;24.5;18.4
971;2021-08-16;763;739;93064;70234;24.7;18.6
971;2021-08-17;872;871;93936;71105;24.9;18.9
971;2021-08-18;1253;965;95189;72070;25.3;19.1
971;2021-08-19;1271;925;96460;72995;25.6;19.4
971;2021-08-20;1483;1042;97943;74037;26.0;19.6
971;2021-08-21;704;514;98647;74551;26.2;19.8
971;2021-08-22;350;271;98997;74822;26.3;19.9
971;2021-08-23;856;628;99853;75450;26.5;20.0
971;2021-08-24;1215;792;101068;76242;26.8;20.2
971;2021-08-25;1362;799;102430;77041;27.2;20.4
971;2021-08-26;1355;769;103785;77810;27.5;20.6
971;2021-08-27;1429;1099;105214;78909;27.9;20.9
971;2021-08-28;900;576;106114;79485;28.2;21.1
971;2021-08-29;211;238;106325;79723;28.2;21.2
971;2021-08-30;905;747;107230;80470;28.5;21.4
971;2021-08-31;1205;896;108435;81366;28.8;21.6
971;2021-09-01;1103;913;109538;82279;29.1;21.8
971;2021-09-02;1016;878;110554;83157;29.3;22.1
971;2021-09-03;930;1128;111484;84285;29.6;22.4
971;2021-09-04;518;619;112002;84904;29.7;22.5
971;2021-09-05;125;240;112127;85144;29.8;22.6
971;2021-09-06;595;703;112722;85847;29.9;22.8
971;2021-09-07;579;742;113301;86589;30.1;23.0
972;2020-12-27;0;0;0;0;0.0;0.0
972;2020-12-28;0;0;0;0;0.0;0.0
972;2020-12-29;0;0;0;0;0.0;0.0
972;2020-12-30;0;0;0;0;0.0;0.0
972;2020-12-31;0;0;0;0;0.0;0.0
972;2021-01-01;0;0;0;0;0.0;0.0
972;2021-01-02;0;0;0;0;0.0;0.0
972;2021-01-03;0;0;0;0;0.0;0.0
972;2021-01-04;0;0;0;0;0.0;0.0
972;2021-01-05;0;0;0;0;0.0;0.0
972;2021-01-06;5;0;5;0;0.0;0.0
972;2021-01-07;31;0;36;0;0.0;0.0
972;2021-01-08;90;1;126;1;0.0;0.0
972;2021-01-09;20;0;146;1;0.0;0.0
972;2021-01-10;0;0;146;1;0.0;0.0
972;2021-01-11;122;0;268;1;0.1;0.0
972;2021-01-12;79;0;347;1;0.1;0.0
972;2021-01-13;65;0;412;1;0.1;0.0
972;2021-01-14;88;1;500;2;0.1;0.0
972;2021-01-15;164;0;664;2;0.2;0.0
972;2021-01-16;51;0;715;2;0.2;0.0
972;2021-01-17;0;0;715;2;0.2;0.0
972;2021-01-18;158;0;873;2;0.2;0.0
972;2021-01-19;168;1;1041;3;0.3;0.0
972;2021-01-20;170;0;1211;3;0.3;0.0
972;2021-01-21;181;2;1392;5;0.4;0.0
972;2021-01-22;173;0;1565;5;0.4;0.0
972;2021-01-23;58;0;1623;5;0.5;0.0
972;2021-01-24;0;0;1623;5;0.5;0.0
972;2021-01-25;161;0;1784;5;0.5;0.0
972;2021-01-26;138;1;1922;6;0.5;0.0
972;2021-01-27;163;5;2085;11;0.6;0.0
972;2021-01-28;152;12;2237;23;0.6;0.0
972;2021-01-29;143;41;2380;64;0.7;0.0
972;2021-01-30;96;16;2476;80;0.7;0.0
972;2021-01-31;0;0;2476;80;0.7;0.0
972;2021-02-01;119;66;2595;146;0.7;0.0
972;2021-02-02;184;90;2779;236;0.8;0.1
972;2021-02-03;132;67;2911;303;0.8;0.1
972;2021-02-04;160;67;3071;370;0.9;0.1
972;2021-02-05;123;80;3194;450;0.9;0.1
972;2021-02-06;62;21;3256;471;0.9;0.1
972;2021-02-07;1;0;3257;471;0.9;0.1
972;2021-02-08;137;67;3394;538;0.9;0.1
972;2021-02-09;177;65;3571;603;1.0;0.2
972;2021-02-10;153;81;3724;684;1.0;0.2
972;2021-02-11;150;85;3874;769;1.1;0.2
972;2021-02-12;152;113;4026;882;1.1;0.2
972;2021-02-13;47;31;4073;913;1.1;0.3
972;2021-02-14;0;0;4073;913;1.1;0.3
972;2021-02-15;51;66;4124;979;1.1;0.3
972;2021-02-16;0;0;4124;979;1.1;0.3
972;2021-02-17;1;3;4125;982;1.1;0.3
972;2021-02-18;69;108;4194;1090;1.2;0.3
972;2021-02-19;69;120;4263;1210;1.2;0.3
972;2021-02-20;48;57;4311;1267;1.2;0.4
972;2021-02-21;0;0;4311;1267;1.2;0.4
972;2021-02-22;102;57;4413;1324;1.2;0.4
972;2021-02-23;113;226;4526;1550;1.3;0.4
972;2021-02-24;106;213;4632;1763;1.3;0.5
972;2021-02-25;93;144;4725;1907;1.3;0.5
972;2021-02-26;132;159;4857;2066;1.4;0.6
972;2021-02-27;69;48;4926;2114;1.4;0.6
972;2021-02-28;0;0;4926;2114;1.4;0.6
972;2021-03-01;137;138;5063;2252;1.4;0.6
972;2021-03-02;158;74;5221;2326;1.5;0.6
972;2021-03-03;179;137;5400;2463;1.5;0.7
972;2021-03-04;152;132;5552;2595;1.5;0.7
972;2021-03-05;237;115;5789;2710;1.6;0.8
972;2021-03-06;119;55;5908;2765;1.6;0.8
972;2021-03-07;100;3;6008;2768;1.7;0.8
972;2021-03-08;196;131;6204;2899;1.7;0.8
972;2021-03-09;283;97;6487;2996;1.8;0.8
972;2021-03-10;322;130;6809;3126;1.9;0.9
972;2021-03-11;336;76;7145;3202;2.0;0.9
972;2021-03-12;413;53;7558;3255;2.1;0.9
972;2021-03-13;155;21;7713;3276;2.1;0.9
972;2021-03-14;4;1;7717;3277;2.2;0.9
972;2021-03-15;277;89;7994;3366;2.2;0.9
972;2021-03-16;305;56;8299;3422;2.3;1.0
972;2021-03-17;388;46;8687;3468;2.4;1.0
972;2021-03-18;435;44;9122;3512;2.5;1.0
972;2021-03-19;401;61;9523;3573;2.7;1.0
972;2021-03-20;149;47;9672;3620;2.7;1.0
972;2021-03-21;25;1;9697;3621;2.7;1.0
972;2021-03-22;362;117;10059;3738;2.8;1.0
972;2021-03-23;403;122;10462;3860;2.9;1.1
972;2021-03-24;429;108;10891;3968;3.0;1.1
972;2021-03-25;485;97;11376;4065;3.2;1.1
972;2021-03-26;634;103;12010;4168;3.3;1.2
972;2021-03-27;154;70;12164;4238;3.4;1.2
972;2021-03-28;81;0;12245;4238;3.4;1.2
972;2021-03-29;423;164;12668;4402;3.5;1.2
972;2021-03-30;469;242;13137;4644;3.7;1.3
972;2021-03-31;1150;190;14287;4834;4.0;1.3
972;2021-04-01;955;169;15242;5003;4.2;1.4
972;2021-04-02;896;15;16138;5018;4.5;1.4
972;2021-04-03;789;56;16927;5074;4.7;1.4
972;2021-04-04;751;13;17678;5087;4.9;1.4
972;2021-04-05;829;44;18507;5131;5.2;1.4
972;2021-04-06;885;136;19392;5267;5.4;1.5
972;2021-04-07;1436;326;20828;5593;5.8;1.6
972;2021-04-08;1308;272;22136;5865;6.2;1.6
972;2021-04-09;1240;316;23376;6181;6.5;1.7
972;2021-04-10;838;164;24214;6345;6.7;1.8
972;2021-04-11;621;14;24835;6359;6.9;1.8
972;2021-04-12;868;317;25703;6676;7.2;1.9
972;2021-04-13;881;328;26584;7004;7.4;2.0
972;2021-04-14;960;321;27544;7325;7.7;2.0
972;2021-04-15;959;299;28503;7624;7.9;2.1
972;2021-04-16;996;300;29499;7924;8.2;2.2
972;2021-04-17;529;161;30028;8085;8.4;2.3
972;2021-04-18;339;56;30367;8141;8.5;2.3
972;2021-04-19;668;342;31035;8483;8.7;2.4
972;2021-04-20;868;308;31903;8791;8.9;2.5
972;2021-04-21;1002;354;32905;9145;9.2;2.5
972;2021-04-22;605;310;33510;9455;9.3;2.6
972;2021-04-23;614;465;34124;9920;9.5;2.8
972;2021-04-24;363;197;34487;10117;9.6;2.8
972;2021-04-25;168;199;34655;10316;9.7;2.9
972;2021-04-26;516;540;35171;10856;9.8;3.0
972;2021-04-27;568;607;35739;11463;10.0;3.2
972;2021-04-28;448;690;36187;12153;10.1;3.4
972;2021-04-29;653;642;36840;12795;10.3;3.6
972;2021-04-30;771;684;37611;13479;10.5;3.8
972;2021-05-01;244;246;37855;13725;10.6;3.8
972;2021-05-02;227;513;38082;14238;10.6;4.0
972;2021-05-03;569;770;38651;15008;10.8;4.2
972;2021-05-04;525;678;39176;15686;10.9;4.4
972;2021-05-05;548;896;39724;16582;11.1;4.6
972;2021-05-06;546;785;40270;17367;11.2;4.8
972;2021-05-07;629;1014;40899;18381;11.4;5.1
972;2021-05-08;226;526;41125;18907;11.5;5.3
972;2021-05-09;172;506;41297;19413;11.5;5.4
972;2021-05-10;519;856;41816;20269;11.7;5.6
972;2021-05-11;476;870;42292;21139;11.8;5.9
972;2021-05-12;560;910;42852;22049;11.9;6.1
972;2021-05-13;274;533;43126;22582;12.0;6.3
972;2021-05-14;388;750;43514;23332;12.1;6.5
972;2021-05-15;234;578;43748;23910;12.2;6.7
972;2021-05-16;155;442;43903;24352;12.2;6.8
972;2021-05-17;474;753;44377;25105;12.4;7.0
972;2021-05-18;446;679;44823;25784;12.5;7.2
972;2021-05-19;453;743;45276;26527;12.6;7.4
972;2021-05-20;595;500;45871;27027;12.8;7.5
972;2021-05-21;545;700;46416;27727;12.9;7.7
972;2021-05-22;186;362;46602;28089;13.0;7.8
972;2021-05-23;111;182;46713;28271;13.0;7.9
972;2021-05-24;136;241;46849;28512;13.1;7.9
972;2021-05-25;351;697;47200;29209;13.2;8.1
972;2021-05-26;382;713;47582;29922;13.3;8.3
972;2021-05-27;271;647;47853;30569;13.3;8.5
972;2021-05-28;279;815;48132;31384;13.4;8.7
972;2021-05-29;154;513;48286;31897;13.5;8.9
972;2021-05-30;17;33;48303;31930;13.5;8.9
972;2021-05-31;347;678;48650;32608;13.6;9.1
972;2021-06-01;300;547;48950;33155;13.6;9.2
972;2021-06-02;325;575;49275;33730;13.7;9.4
972;2021-06-03;247;425;49522;34155;13.8;9.5
972;2021-06-04;350;643;49872;34798;13.9;9.7
972;2021-06-05;260;373;50132;35171;14.0;9.8
972;2021-06-06;25;32;50157;35203;14.0;9.8
972;2021-06-07;260;736;50417;35939;14.1;10.0
972;2021-06-08;256;587;50673;36526;14.1;10.2
972;2021-06-09;303;698;50976;37224;14.2;10.4
972;2021-06-10;308;451;51284;37675;14.3;10.5
972;2021-06-11;361;534;51645;38209;14.4;10.7
972;2021-06-12;246;321;51891;38530;14.5;10.7
972;2021-06-13;32;29;51923;38559;14.5;10.7
972;2021-06-14;367;550;52290;39109;14.6;10.9
972;2021-06-15;410;488;52700;39597;14.7;11.0
972;2021-06-16;436;436;53136;40033;14.8;11.2
972;2021-06-17;355;576;53491;40609;14.9;11.3
972;2021-06-18;458;538;53949;41147;15.0;11.5
972;2021-06-19;225;196;54174;41343;15.1;11.5
972;2021-06-20;25;17;54199;41360;15.1;11.5
972;2021-06-21;332;579;54531;41939;15.2;11.7
972;2021-06-22;297;462;54828;42401;15.3;11.8
972;2021-06-23;425;562;55253;42963;15.4;12.0
972;2021-06-24;328;437;55581;43400;15.5;12.1
972;2021-06-25;313;387;55894;43787;15.6;12.2
972;2021-06-26;222;201;56116;43988;15.6;12.3
972;2021-06-27;16;23;56132;44011;15.6;12.3
972;2021-06-28;337;425;56469;44436;15.7;12.4
972;2021-06-29;329;431;56798;44867;15.8;12.5
972;2021-06-30;441;421;57239;45288;16.0;12.6
972;2021-07-01;350;393;57589;45681;16.1;12.7
972;2021-07-02;124;201;57713;45882;16.1;12.8
972;2021-07-03;100;118;57813;46000;16.1;12.8
972;2021-07-04;24;36;57837;46036;16.1;12.8
972;2021-07-05;494;580;58331;46616;16.3;13.0
972;2021-07-06;488;428;58819;47044;16.4;13.1
972;2021-07-07;612;492;59431;47536;16.6;13.3
972;2021-07-08;494;422;59925;47958;16.7;13.4
972;2021-07-09;628;582;60553;48540;16.9;13.5
972;2021-07-10;405;309;60958;48849;17.0;13.6
972;2021-07-11;52;38;61010;48887;17.0;13.6
972;2021-07-12;847;696;61857;49583;17.2;13.8
972;2021-07-13;1473;706;63330;50289;17.7;14.0
972;2021-07-14;133;65;63463;50354;17.7;14.0
972;2021-07-15;1604;679;65067;51033;18.1;14.2
972;2021-07-16;1639;661;66706;51694;18.6;14.4
972;2021-07-17;1096;368;67802;52062;18.9;14.5
972;2021-07-18;56;39;67858;52101;18.9;14.5
972;2021-07-19;1146;653;69004;52754;19.2;14.7
972;2021-07-20;1131;576;70135;53330;19.5;14.9
972;2021-07-21;1093;598;71228;53928;19.9;15.0
972;2021-07-22;905;522;72133;54450;20.1;15.2
972;2021-07-23;967;484;73100;54934;20.4;15.3
972;2021-07-24;505;223;73605;55157;20.5;15.4
972;2021-07-25;51;63;73656;55220;20.5;15.4
972;2021-07-26;685;522;74341;55742;20.7;15.5
972;2021-07-27;1028;515;75369;56257;21.0;15.7
972;2021-07-28;645;561;76014;56818;21.2;15.8
972;2021-07-29;840;548;76854;57366;21.4;16.0
972;2021-07-30;901;615;77755;57981;21.7;16.2
972;2021-07-31;559;274;78314;58255;21.8;16.2
972;2021-08-01;83;33;78397;58288;21.9;16.2
972;2021-08-02;812;813;79209;59101;22.1;16.5
972;2021-08-03;731;739;79940;59840;22.3;16.7
972;2021-08-04;784;569;80724;60409;22.5;16.8
972;2021-08-05;915;589;81639;60998;22.8;17.0
972;2021-08-06;1194;893;82833;61891;23.1;17.3
972;2021-08-07;669;570;83502;62461;23.3;17.4
972;2021-08-08;85;83;83587;62544;23.3;17.4
972;2021-08-09;1126;1065;84713;63609;23.6;17.7
972;2021-08-10;1193;1038;85906;64647;23.9;18.0
972;2021-08-11;1231;919;87137;65566;24.3;18.3
972;2021-08-12;1451;932;88588;66498;24.7;18.5
972;2021-08-13;1303;642;89891;67140;25.1;18.7
972;2021-08-14;821;318;90712;67458;25.3;18.8
972;2021-08-15;70;55;90782;67513;25.3;18.8
972;2021-08-16;1276;1044;92058;68557;25.7;19.1
972;2021-08-17;1174;1187;93232;69744;26.0;19.4
972;2021-08-18;1230;1175;94462;70919;26.3;19.8
972;2021-08-19;1278;889;95740;71808;26.7;20.0
972;2021-08-20;1324;894;97064;72702;27.1;20.3
972;2021-08-21;756;623;97820;73325;27.3;20.4
972;2021-08-22;47;82;97867;73407;27.3;20.5
972;2021-08-23;1174;856;99041;74263;27.6;20.7
972;2021-08-24;1364;878;100405;75141;28.0;20.9
972;2021-08-25;1065;767;101470;75908;28.3;21.2
972;2021-08-26;1276;799;102746;76707;28.6;21.4
972;2021-08-27;1277;1075;104023;77782;29.0;21.7
972;2021-08-28;767;748;104790;78530;29.2;21.9
972;2021-08-29;98;63;104888;78593;29.2;21.9
972;2021-08-30;1136;1122;106024;79715;29.6;22.2
972;2021-08-31;899;1103;106923;80818;29.8;22.5
972;2021-09-01;789;1126;107712;81944;30.0;22.8
972;2021-09-02;868;1209;108580;83153;30.3;23.2
972;2021-09-03;747;1302;109327;84455;30.5;23.5
972;2021-09-04;611;906;109938;85361;30.6;23.8
972;2021-09-05;144;133;110082;85494;30.7;23.8
972;2021-09-06;577;1058;110659;86552;30.8;24.1
972;2021-09-07;575;967;111234;87519;31.0;24.4
973;2020-12-27;0;0;0;0;0.0;0.0
973;2020-12-28;0;0;0;0;0.0;0.0
973;2020-12-29;0;0;0;0;0.0;0.0
973;2020-12-30;0;0;0;0;0.0;0.0
973;2020-12-31;0;0;0;0;0.0;0.0
973;2021-01-01;0;0;0;0;0.0;0.0
973;2021-01-02;1;1;1;1;0.0;0.0
973;2021-01-03;0;0;1;1;0.0;0.0
973;2021-01-04;0;0;1;1;0.0;0.0
973;2021-01-05;0;0;1;1;0.0;0.0
973;2021-01-06;0;0;1;1;0.0;0.0
973;2021-01-07;0;0;1;1;0.0;0.0
973;2021-01-08;0;0;1;1;0.0;0.0
973;2021-01-09;0;0;1;1;0.0;0.0
973;2021-01-10;0;0;1;1;0.0;0.0
973;2021-01-11;0;0;1;1;0.0;0.0
973;2021-01-12;0;0;1;1;0.0;0.0
973;2021-01-13;30;0;31;1;0.0;0.0
973;2021-01-14;46;0;77;1;0.0;0.0
973;2021-01-15;35;0;112;1;0.0;0.0
973;2021-01-16;18;1;130;2;0.0;0.0
973;2021-01-17;0;0;130;2;0.0;0.0
973;2021-01-18;63;0;193;2;0.1;0.0
973;2021-01-19;150;1;343;3;0.1;0.0
973;2021-01-20;134;0;477;3;0.2;0.0
973;2021-01-21;118;0;595;3;0.2;0.0
973;2021-01-22;76;0;671;3;0.2;0.0
973;2021-01-23;0;0;671;3;0.2;0.0
973;2021-01-24;0;0;671;3;0.2;0.0
973;2021-01-25;56;0;727;3;0.3;0.0
973;2021-01-26;100;2;827;5;0.3;0.0
973;2021-01-27;109;1;936;6;0.3;0.0
973;2021-01-28;96;3;1032;9;0.4;0.0
973;2021-01-29;104;3;1136;12;0.4;0.0
973;2021-01-30;0;0;1136;12;0.4;0.0
973;2021-01-31;0;0;1136;12;0.4;0.0
973;2021-02-01;54;0;1190;12;0.4;0.0
973;2021-02-02;122;5;1312;17;0.5;0.0
973;2021-02-03;119;7;1431;24;0.5;0.0
973;2021-02-04;79;25;1510;49;0.5;0.0
973;2021-02-05;66;8;1576;57;0.5;0.0
973;2021-02-06;0;0;1576;57;0.5;0.0
973;2021-02-07;0;0;1576;57;0.5;0.0
973;2021-02-08;52;12;1628;69;0.6;0.0
973;2021-02-09;92;38;1720;107;0.6;0.0
973;2021-02-10;101;40;1821;147;0.6;0.1
973;2021-02-11;105;92;1926;239;0.7;0.1
973;2021-02-12;89;61;2015;300;0.7;0.1
973;2021-02-13;0;0;2015;300;0.7;0.1
973;2021-02-14;0;0;2015;300;0.7;0.1
973;2021-02-15;27;60;2042;360;0.7;0.1
973;2021-02-16;123;50;2165;410;0.7;0.1
973;2021-02-17;145;116;2310;526;0.8;0.2
973;2021-02-18;103;129;2413;655;0.8;0.2
973;2021-02-19;122;71;2535;726;0.9;0.2
973;2021-02-20;0;0;2535;726;0.9;0.2
973;2021-02-21;0;0;2535;726;0.9;0.2
973;2021-02-22;78;46;2613;772;0.9;0.3
973;2021-02-23;158;102;2771;874;1.0;0.3
973;2021-02-24;190;122;2961;996;1.0;0.3
973;2021-02-25;259;90;3220;1086;1.1;0.4
973;2021-02-26;264;65;3484;1151;1.2;0.4
973;2021-02-27;120;1;3604;1152;1.2;0.4
973;2021-02-28;0;0;3604;1152;1.2;0.4
973;2021-03-01;182;84;3786;1236;1.3;0.4
973;2021-03-02;256;105;4042;1341;1.4;0.5
973;2021-03-03;255;129;4297;1470;1.5;0.5
973;2021-03-04;281;84;4578;1554;1.6;0.5
973;2021-03-05;274;48;4852;1602;1.7;0.6
973;2021-03-06;118;2;4970;1604;1.7;0.6
973;2021-03-07;0;0;4970;1604;1.7;0.6
973;2021-03-08;188;39;5158;1643;1.8;0.6
973;2021-03-09;351;90;5509;1733;1.9;0.6
973;2021-03-10;359;105;5868;1838;2.0;0.6
973;2021-03-11;271;111;6139;1949;2.1;0.7
973;2021-03-12;288;94;6427;2043;2.2;0.7
973;2021-03-13;112;4;6539;2047;2.2;0.7
973;2021-03-14;0;0;6539;2047;2.2;0.7
973;2021-03-15;181;27;6720;2074;2.3;0.7
973;2021-03-16;243;139;6963;2213;2.4;0.8
973;2021-03-17;274;128;7237;2341;2.5;0.8
973;2021-03-18;249;155;7486;2496;2.6;0.9
973;2021-03-19;283;129;7769;2625;2.7;0.9
973;2021-03-20;259;18;8028;2643;2.8;0.9
973;2021-03-21;120;2;8148;2645;2.8;0.9
973;2021-03-22;219;109;8367;2754;2.9;0.9
973;2021-03-23;275;194;8642;2948;3.0;1.0
973;2021-03-24;235;215;8877;3163;3.1;1.1
973;2021-03-25;168;180;9045;3343;3.1;1.2
973;2021-03-26;190;305;9235;3648;3.2;1.3
973;2021-03-27;58;94;9293;3742;3.2;1.3
973;2021-03-28;0;0;9293;3742;3.2;1.3
973;2021-03-29;175;248;9468;3990;3.3;1.4
973;2021-03-30;446;237;9914;4227;3.4;1.5
973;2021-03-31;319;293;10233;4520;3.5;1.6
973;2021-04-01;446;260;10679;4780;3.7;1.6
973;2021-04-02;310;278;10989;5058;3.8;1.7
973;2021-04-03;159;121;11148;5179;3.8;1.8
973;2021-04-04;1;0;11149;5179;3.8;1.8
973;2021-04-05;118;14;11267;5193;3.9;1.8
973;2021-04-06;439;335;11706;5528;4.0;1.9
973;2021-04-07;503;345;12209;5873;4.2;2.0
973;2021-04-08;514;269;12723;6142;4.4;2.1
973;2021-04-09;498;226;13221;6368;4.5;2.2
973;2021-04-10;147;91;13368;6459;4.6;2.2
973;2021-04-11;2;0;13370;6459;4.6;2.2
973;2021-04-12;551;267;13921;6726;4.8;2.3
973;2021-04-13;673;244;14594;6970;5.0;2.4
973;2021-04-14;721;314;15315;7284;5.3;2.5
973;2021-04-15;777;247;16092;7531;5.5;2.6
973;2021-04-16;760;302;16852;7833;5.8;2.7
973;2021-04-17;499;137;17351;7970;6.0;2.7
973;2021-04-18;499;46;17850;8016;6.1;2.8
973;2021-04-19;715;252;18565;8268;6.4;2.8
973;2021-04-20;607;280;19172;8548;6.6;2.9
973;2021-04-21;873;251;20045;8799;6.9;3.0
973;2021-04-22;727;231;20772;9030;7.1;3.1
973;2021-04-23;705;232;21477;9262;7.4;3.2
973;2021-04-24;524;97;22001;9359;7.6;3.2
973;2021-04-25;611;50;22612;9409;7.8;3.2
973;2021-04-26;779;233;23391;9642;8.0;3.3
973;2021-04-27;819;343;24210;9985;8.3;3.4
973;2021-04-28;746;331;24956;10316;8.6;3.5
973;2021-04-29;665;285;25621;10601;8.8;3.6
973;2021-04-30;710;260;26331;10861;9.1;3.7
973;2021-05-01;211;27;26542;10888;9.1;3.7
973;2021-05-02;602;85;27144;10973;9.3;3.8
973;2021-05-03;557;391;27701;11364;9.5;3.9
973;2021-05-04;665;326;28366;11690;9.8;4.0
973;2021-05-05;701;453;29067;12143;10.0;4.2
973;2021-05-06;694;477;29761;12620;10.2;4.3
973;2021-05-07;595;473;30356;13093;10.4;4.5
973;2021-05-08;343;59;30699;13152;10.6;4.5
973;2021-05-09;263;72;30962;13224;10.7;4.5
973;2021-05-10;439;611;31401;13835;10.8;4.8
973;2021-05-11;398;497;31799;14332;10.9;4.9
973;2021-05-12;513;647;32312;14979;11.1;5.2
973;2021-05-13;334;99;32646;15078;11.2;5.2
973;2021-05-14;486;555;33132;15633;11.4;5.4
973;2021-05-15;258;348;33390;15981;11.5;5.5
973;2021-05-16;207;210;33597;16191;11.6;5.6
973;2021-05-17;447;599;34044;16790;11.7;5.8
973;2021-05-18;564;568;34608;17358;11.9;6.0
973;2021-05-19;534;553;35142;17911;12.1;6.2
973;2021-05-20;644;452;35786;18363;12.3;6.3
973;2021-05-21;503;608;36289;18971;12.5;6.5
973;2021-05-22;167;500;36456;19471;12.5;6.7
973;2021-05-23;271;475;36727;19946;12.6;6.9
973;2021-05-24;562;248;37289;20194;12.8;6.9
973;2021-05-25;500;745;37789;20939;13.0;7.2
973;2021-05-26;452;683;38241;21622;13.2;7.4
973;2021-05-27;708;527;38949;22149;13.4;7.6
973;2021-05-28;580;553;39529;22702;13.6;7.8
973;2021-05-29;258;360;39787;23062;13.7;7.9
973;2021-05-30;151;399;39938;23461;13.7;8.1
973;2021-05-31;356;574;40294;24035;13.9;8.3
973;2021-06-01;422;468;40716;24503;14.0;8.4
973;2021-06-02;564;555;41280;25058;14.2;8.6
973;2021-06-03;526;470;41806;25528;14.4;8.8
973;2021-06-04;604;495;42410;26023;14.6;9.0
973;2021-06-05;273;292;42683;26315;14.7;9.1
973;2021-06-06;211;301;42894;26616;14.8;9.2
973;2021-06-07;489;452;43383;27068;14.9;9.3
973;2021-06-08;547;314;43930;27382;15.1;9.4
973;2021-06-09;530;390;44460;27772;15.3;9.6
973;2021-06-10;358;291;44818;28063;15.4;9.7
973;2021-06-11;438;467;45256;28530;15.6;9.8
973;2021-06-12;170;283;45426;28813;15.6;9.9
973;2021-06-13;214;268;45640;29081;15.7;10.0
973;2021-06-14;385;549;46025;29630;15.8;10.2
973;2021-06-15;376;445;46401;30075;16.0;10.3
973;2021-06-16;486;459;46887;30534;16.1;10.5
973;2021-06-17;437;579;47324;31113;16.3;10.7
973;2021-06-18;396;563;47720;31676;16.4;10.9
973;2021-06-19;235;260;47955;31936;16.5;11.0
973;2021-06-20;127;270;48082;32206;16.5;11.1
973;2021-06-21;335;603;48417;32809;16.7;11.3
973;2021-06-22;376;463;48793;33272;16.8;11.4
973;2021-06-23;344;539;49137;33811;16.9;11.6
973;2021-06-24;443;500;49580;34311;17.1;11.8
973;2021-06-25;445;557;50025;34868;17.2;12.0
973;2021-06-26;172;320;50197;35188;17.3;12.1
973;2021-06-27;121;170;50318;35358;17.3;12.2
973;2021-06-28;317;593;50635;35951;17.4;12.4
973;2021-06-29;379;507;51014;36458;17.5;12.5
973;2021-06-30;411;680;51425;37138;17.7;12.8
973;2021-07-01;432;399;51857;37537;17.8;12.9
973;2021-07-02;503;524;52360;38061;18.0;13.1
973;2021-07-03;210;274;52570;38335;18.1;13.2
973;2021-07-04;86;243;52656;38578;18.1;13.3
973;2021-07-05;362;547;53018;39125;18.2;13.5
973;2021-07-06;349;473;53367;39598;18.4;13.6
973;2021-07-07;363;415;53730;40013;18.5;13.8
973;2021-07-08;300;329;54030;40342;18.6;13.9
973;2021-07-09;389;435;54419;40777;18.7;14.0
973;2021-07-10;167;278;54586;41055;18.8;14.1
973;2021-07-11;102;163;54688;41218;18.8;14.2
973;2021-07-12;401;497;55089;41715;19.0;14.4
973;2021-07-13;671;560;55760;42275;19.2;14.5
973;2021-07-14;390;161;56150;42436;19.3;14.6
973;2021-07-15;648;528;56798;42964;19.5;14.8
973;2021-07-16;592;486;57390;43450;19.7;14.9
973;2021-07-17;346;284;57736;43734;19.9;15.0
973;2021-07-18;252;124;57988;43858;19.9;15.1
973;2021-07-19;518;457;58506;44315;20.1;15.2
973;2021-07-20;558;494;59064;44809;20.3;15.4
973;2021-07-21;696;398;59760;45207;20.6;15.6
973;2021-07-22;654;453;60414;45660;20.8;15.7
973;2021-07-23;603;369;61017;46029;21.0;15.8
973;2021-07-24;327;241;61344;46270;21.1;15.9
973;2021-07-25;165;111;61509;46381;21.2;16.0
973;2021-07-26;442;346;61951;46727;21.3;16.1
973;2021-07-27;542;357;62493;47084;21.5;16.2
973;2021-07-28;448;371;62941;47455;21.7;16.3
973;2021-07-29;535;431;63476;47886;21.8;16.5
973;2021-07-30;539;407;64015;48293;22.0;16.6
973;2021-07-31;204;163;64219;48456;22.1;16.7
973;2021-08-01;139;132;64358;48588;22.1;16.7
973;2021-08-02;396;431;64754;49019;22.3;16.9
973;2021-08-03;432;402;65186;49421;22.4;17.0
973;2021-08-04;307;372;65493;49793;22.5;17.1
973;2021-08-05;342;361;65835;50154;22.6;17.3
973;2021-08-06;365;527;66200;50681;22.8;17.4
973;2021-08-07;163;266;66363;50947;22.8;17.5
973;2021-08-08;117;177;66480;51124;22.9;17.6
973;2021-08-09;331;472;66811;51596;23.0;17.7
973;2021-08-10;361;515;67172;52111;23.1;17.9
973;2021-08-11;579;517;67751;52628;23.3;18.1
973;2021-08-12;543;579;68294;53207;23.5;18.3
973;2021-08-13;353;234;68647;53441;23.6;18.4
973;2021-08-14;255;402;68902;53843;23.7;18.5
973;2021-08-15;121;139;69023;53982;23.7;18.6
973;2021-08-16;303;472;69326;54454;23.8;18.7
973;2021-08-17;354;396;69680;54850;24.0;18.9
973;2021-08-18;295;440;69975;55290;24.1;19.0
973;2021-08-19;318;480;70293;55770;24.2;19.2
973;2021-08-20;307;400;70600;56170;24.3;19.3
973;2021-08-21;159;256;70759;56426;24.3;19.4
973;2021-08-22;114;183;70873;56609;24.4;19.5
973;2021-08-23;279;380;71152;56989;24.5;19.6
973;2021-08-24;307;465;71459;57454;24.6;19.8
973;2021-08-25;274;343;71733;57797;24.7;19.9
973;2021-08-26;309;404;72042;58201;24.8;20.0
973;2021-08-27;348;426;72390;58627;24.9;20.2
973;2021-08-28;141;266;72531;58893;25.0;20.3
973;2021-08-29;83;184;72614;59077;25.0;20.3
973;2021-08-30;218;349;72832;59426;25.1;20.4
973;2021-08-31;293;371;73125;59797;25.2;20.6
973;2021-09-01;252;398;73377;60195;25.2;20.7
973;2021-09-02;296;411;73673;60606;25.3;20.8
973;2021-09-03;273;352;73946;60958;25.4;21.0
973;2021-09-04;147;200;74093;61158;25.5;21.0
973;2021-09-05;70;93;74163;61251;25.5;21.1
973;2021-09-06;159;237;74322;61488;25.6;21.2
973;2021-09-07;181;258;74503;61746;25.6;21.2
974;2020-12-27;0;0;0;0;0.0;0.0
974;2020-12-28;0;0;0;0;0.0;0.0
974;2020-12-29;0;0;0;0;0.0;0.0
974;2020-12-30;0;0;0;0;0.0;0.0
974;2020-12-31;0;0;0;0;0.0;0.0
974;2021-01-01;1;0;1;0;0.0;0.0
974;2021-01-02;0;0;1;0;0.0;0.0
974;2021-01-03;0;0;1;0;0.0;0.0
974;2021-01-04;0;0;1;0;0.0;0.0
974;2021-01-05;2;0;3;0;0.0;0.0
974;2021-01-06;0;0;3;0;0.0;0.0
974;2021-01-07;0;0;3;0;0.0;0.0
974;2021-01-08;0;0;3;0;0.0;0.0
974;2021-01-09;1;0;4;0;0.0;0.0
974;2021-01-10;0;0;4;0;0.0;0.0
974;2021-01-11;0;0;4;0;0.0;0.0
974;2021-01-12;0;0;4;0;0.0;0.0
974;2021-01-13;0;0;4;0;0.0;0.0
974;2021-01-14;0;0;4;0;0.0;0.0
974;2021-01-15;333;0;337;0;0.0;0.0
974;2021-01-16;27;0;364;0;0.0;0.0
974;2021-01-17;0;0;364;0;0.0;0.0
974;2021-01-18;49;1;413;1;0.0;0.0
974;2021-01-19;394;0;807;1;0.1;0.0
974;2021-01-20;482;1;1289;2;0.1;0.0
974;2021-01-21;614;2;1903;4;0.2;0.0
974;2021-01-22;414;1;2317;5;0.3;0.0
974;2021-01-23;75;0;2392;5;0.3;0.0
974;2021-01-24;0;0;2392;5;0.3;0.0
974;2021-01-25;273;2;2665;7;0.3;0.0
974;2021-01-26;429;0;3094;7;0.4;0.0
974;2021-01-27;316;0;3410;7;0.4;0.0
974;2021-01-28;409;0;3819;7;0.4;0.0
974;2021-01-29;422;3;4241;10;0.5;0.0
974;2021-01-30;421;1;4662;11;0.5;0.0
974;2021-01-31;0;0;4662;11;0.5;0.0
974;2021-02-01;373;4;5035;15;0.6;0.0
974;2021-02-02;501;3;5536;18;0.6;0.0
974;2021-02-03;602;10;6138;28;0.7;0.0
974;2021-02-04;629;18;6767;46;0.8;0.0
974;2021-02-05;564;97;7331;143;0.9;0.0
974;2021-02-06;501;5;7832;148;0.9;0.0
974;2021-02-07;0;8;7832;156;0.9;0.0
974;2021-02-08;470;33;8302;189;1.0;0.0
974;2021-02-09;787;93;9089;282;1.1;0.0
974;2021-02-10;820;87;9909;369;1.2;0.0
974;2021-02-11;796;88;10705;457;1.2;0.1
974;2021-02-12;638;92;11343;549;1.3;0.1
974;2021-02-13;654;75;11997;624;1.4;0.1
974;2021-02-14;1;0;11998;624;1.4;0.1
974;2021-02-15;526;125;12524;749;1.5;0.1
974;2021-02-16;651;527;13175;1276;1.5;0.1
974;2021-02-17;593;319;13768;1595;1.6;0.2
974;2021-02-18;495;394;14263;1989;1.7;0.2
974;2021-02-19;497;308;14760;2297;1.7;0.3
974;2021-02-20;577;112;15337;2409;1.8;0.3
974;2021-02-21;0;0;15337;2409;1.8;0.3
974;2021-02-22;403;226;15740;2635;1.8;0.3
974;2021-02-23;608;218;16348;2853;1.9;0.3
974;2021-02-24;584;238;16932;3091;2.0;0.4
974;2021-02-25;649;269;17581;3360;2.0;0.4
974;2021-02-26;485;434;18066;3794;2.1;0.4
974;2021-02-27;384;424;18450;4218;2.1;0.5
974;2021-02-28;0;0;18450;4218;2.1;0.5
974;2021-03-01;293;353;18743;4571;2.2;0.5
974;2021-03-02;486;469;19229;5040;2.2;0.6
974;2021-03-03;757;519;19986;5559;2.3;0.6
974;2021-03-04;777;477;20763;6036;2.4;0.7
974;2021-03-05;729;502;21492;6538;2.5;0.8
974;2021-03-06;813;516;22305;7054;2.6;0.8
974;2021-03-07;0;0;22305;7054;2.6;0.8
974;2021-03-08;436;538;22741;7592;2.6;0.9
974;2021-03-09;671;763;23412;8355;2.7;1.0
974;2021-03-10;644;828;24056;9183;2.8;1.1
974;2021-03-11;701;623;24757;9806;2.9;1.1
974;2021-03-12;731;648;25488;10454;3.0;1.2
974;2021-03-13;669;597;26157;11051;3.0;1.3
974;2021-03-14;2;0;26159;11051;3.0;1.3
974;2021-03-15;509;490;26668;11541;3.1;1.3
974;2021-03-16;681;687;27349;12228;3.2;1.4
974;2021-03-17;848;519;28197;12747;3.3;1.5
974;2021-03-18;1021;502;29218;13249;3.4;1.5
974;2021-03-19;786;528;30004;13777;3.5;1.6
974;2021-03-20;578;589;30582;14366;3.6;1.7
974;2021-03-21;0;0;30582;14366;3.6;1.7
974;2021-03-22;566;466;31148;14832;3.6;1.7
974;2021-03-23;780;636;31928;15468;3.7;1.8
974;2021-03-24;792;643;32720;16111;3.8;1.9
974;2021-03-25;934;532;33654;16643;3.9;1.9
974;2021-03-26;923;449;34577;17092;4.0;2.0
974;2021-03-27;782;336;35359;17428;4.1;2.0
974;2021-03-28;1;0;35360;17428;4.1;2.0
974;2021-03-29;961;270;36321;17698;4.2;2.1
974;2021-03-30;884;494;37205;18192;4.3;2.1
974;2021-03-31;739;655;37944;18847;4.4;2.2
974;2021-04-01;718;705;38662;19552;4.5;2.3
974;2021-04-02;688;756;39350;20308;4.6;2.4
974;2021-04-03;699;698;40049;21006;4.7;2.4
974;2021-04-04;0;0;40049;21006;4.7;2.4
974;2021-04-05;0;0;40049;21006;4.7;2.4
974;2021-04-06;796;635;40845;21641;4.7;2.5
974;2021-04-07;1367;781;42212;22422;4.9;2.6
974;2021-04-08;1792;769;44004;23191;5.1;2.7
974;2021-04-09;1509;775;45513;23966;5.3;2.8
974;2021-04-10;1137;646;46650;24612;5.4;2.9
974;2021-04-11;2;0;46652;24612;5.4;2.9
974;2021-04-12;1238;547;47890;25159;5.6;2.9
974;2021-04-13;1439;750;49329;25909;5.7;3.0
974;2021-04-14;2070;767;51399;26676;6.0;3.1
974;2021-04-15;2506;954;53905;27630;6.3;3.2
974;2021-04-16;1935;783;55840;28413;6.5;3.3
974;2021-04-17;1290;603;57130;29016;6.6;3.4
974;2021-04-18;0;0;57130;29016;6.6;3.4
974;2021-04-19;1374;563;58504;29579;6.8;3.4
974;2021-04-20;1651;804;60155;30383;7.0;3.5
974;2021-04-21;2126;626;62281;31009;7.2;3.6
974;2021-04-22;2953;820;65234;31829;7.6;3.7
974;2021-04-23;2312;818;67546;32647;7.9;3.8
974;2021-04-24;1111;804;68657;33451;8.0;3.9
974;2021-04-25;3;0;68660;33451;8.0;3.9
974;2021-04-26;1173;913;69833;34364;8.1;4.0
974;2021-04-27;1686;1027;71519;35391;8.3;4.1
974;2021-04-28;2901;751;74420;36142;8.7;4.2
974;2021-04-29;3949;813;78369;36955;9.1;4.3
974;2021-04-30;3451;905;81820;37860;9.5;4.4
974;2021-05-01;2106;226;83926;38086;9.8;4.4
974;2021-05-02;1;0;83927;38086;9.8;4.4
974;2021-05-03;1865;575;85792;38661;10.0;4.5
974;2021-05-04;2127;1093;87919;39754;10.2;4.6
974;2021-05-05;3121;1643;91040;41397;10.6;4.8
974;2021-05-06;4004;1587;95044;42984;11.1;5.0
974;2021-05-07;3229;1525;98273;44509;11.4;5.2
974;2021-05-08;1576;504;99849;45013;11.6;5.2
974;2021-05-09;2;1;99851;45014;11.6;5.2
974;2021-05-10;2414;1001;102265;46015;11.9;5.4
974;2021-05-11;3652;1640;105917;47655;12.3;5.5
974;2021-05-12;4723;2405;110640;50060;12.9;5.8
974;2021-05-13;3557;598;114197;50658;13.3;5.9
974;2021-05-14;5277;2517;119474;53175;13.9;6.2
974;2021-05-15;3158;1537;122632;54712;14.3;6.4
974;2021-05-16;16;19;122648;54731;14.3;6.4
974;2021-05-17;2998;1497;125646;56228;14.6;6.5
974;2021-05-18;3765;1803;129411;58031;15.0;6.7
974;2021-05-19;4692;2436;134103;60467;15.6;7.0
974;2021-05-20;5139;2854;139242;63321;16.2;7.4
974;2021-05-21;4997;2632;144239;65953;16.8;7.7
974;2021-05-22;3371;1256;147610;67209;17.2;7.8
974;2021-05-23;6;3;147616;67212;17.2;7.8
974;2021-05-24;3644;1078;151260;68290;17.6;7.9
974;2021-05-25;4248;1915;155508;70205;18.1;8.2
974;2021-05-26;4992;2992;160500;73197;18.7;8.5
974;2021-05-27;4619;4100;165119;77297;19.2;9.0
974;2021-05-28;4386;3837;169505;81134;19.7;9.4
974;2021-05-29;2555;2456;172060;83590;20.0;9.7
974;2021-05-30;8;14;172068;83604;20.0;9.7
974;2021-05-31;2349;2251;174417;85855;20.3;10.0
974;2021-06-01;3302;2761;177719;88616;20.7;10.3
974;2021-06-02;3971;3365;181690;91981;21.1;10.7
974;2021-06-03;4044;3651;185734;95632;21.6;11.1
974;2021-06-04;3849;3758;189583;99390;22.0;11.6
974;2021-06-05;2215;1929;191798;101319;22.3;11.8
974;2021-06-06;1073;135;192871;101454;22.4;11.8
974;2021-06-07;2013;2524;194884;103978;22.7;12.1
974;2021-06-08;2558;3339;197442;107317;23.0;12.5
974;2021-06-09;2985;4839;200427;112156;23.3;13.0
974;2021-06-10;3412;4465;203839;116621;23.7;13.6
974;2021-06-11;2841;4620;206680;121241;24.0;14.1
974;2021-06-12;1727;3376;208407;124617;24.2;14.5
974;2021-06-13;1324;246;209731;124863;24.4;14.5
974;2021-06-14;1490;3183;211221;128046;24.6;14.9
974;2021-06-15;2060;3615;213281;131661;24.8;15.3
974;2021-06-16;2751;4657;216032;136318;25.1;15.9
974;2021-06-17;2522;4895;218554;141213;25.4;16.4
974;2021-06-18;2598;4891;221152;146104;25.7;17.0
974;2021-06-19;1303;3517;222455;149621;25.9;17.4
974;2021-06-20;632;289;223087;149910;25.9;17.4
974;2021-06-21;1266;3235;224353;153145;26.1;17.8
974;2021-06-22;1621;3762;225974;156907;26.3;18.2
974;2021-06-23;2258;4995;228232;161902;26.5;18.8
974;2021-06-24;2283;4069;230515;165971;26.8;19.3
974;2021-06-25;2188;4106;232703;170077;27.1;19.8
974;2021-06-26;1401;2711;234104;172788;27.2;20.1
974;2021-06-27;665;268;234769;173056;27.3;20.1
974;2021-06-28;1306;2478;236075;175534;27.5;20.4
974;2021-06-29;1758;2847;237833;178381;27.7;20.7
974;2021-06-30;2564;3846;240397;182227;28.0;21.2
974;2021-07-01;2700;3825;243097;186052;28.3;21.6
974;2021-07-02;2513;3714;245610;189766;28.6;22.1
974;2021-07-03;1614;2458;247224;192224;28.7;22.4
974;2021-07-04;882;1038;248106;193262;28.9;22.5
974;2021-07-05;1696;2222;249802;195484;29.0;22.7
974;2021-07-06;2575;2545;252377;198029;29.3;23.0
974;2021-07-07;2663;3134;255040;201163;29.7;23.4
974;2021-07-08;2418;3172;257458;204335;29.9;23.8
974;2021-07-09;2763;3428;260221;207763;30.3;24.2
974;2021-07-10;1619;2192;261840;209955;30.4;24.4
974;2021-07-11;729;1017;262569;210972;30.5;24.5
974;2021-07-12;1747;2602;264316;213574;30.7;24.8
974;2021-07-13;4430;3340;268746;216914;31.3;25.2
974;2021-07-14;3297;605;272043;217519;31.6;25.3
974;2021-07-15;5557;4019;277600;221538;32.3;25.8
974;2021-07-16;6239;3298;283839;224836;33.0;26.1
974;2021-07-17;4374;1913;288213;226749;33.5;26.4
974;2021-07-18;2673;765;290886;227514;33.8;26.5
974;2021-07-19;4650;2030;295536;229544;34.4;26.7
974;2021-07-20;6234;2426;301770;231970;35.1;27.0
974;2021-07-21;6745;2853;308515;234823;35.9;27.3
974;2021-07-22;7143;2819;315658;237642;36.7;27.6
974;2021-07-23;6639;2978;322297;240620;37.5;28.0
974;2021-07-24;3802;2065;326099;242685;37.9;28.2
974;2021-07-25;2522;755;328621;243440;38.2;28.3
974;2021-07-26;4373;2092;332994;245532;38.7;28.6
974;2021-07-27;5441;2563;338435;248095;39.4;28.8
974;2021-07-28;5395;2904;343830;250999;40.0;29.2
974;2021-07-29;5746;2806;349576;253805;40.7;29.5
974;2021-07-30;5874;2577;355450;256382;41.3;29.8
974;2021-07-31;3937;1646;359387;258028;41.8;30.0
974;2021-08-01;1905;713;361292;258741;42.0;30.1
974;2021-08-02;3409;1865;364701;260606;42.4;30.3
974;2021-08-03;4303;4070;369004;264676;42.9;30.8
974;2021-08-04;4873;4229;373877;268905;43.5;31.3
974;2021-08-05;4438;4666;378315;273571;44.0;31.8
974;2021-08-06;4082;5097;382397;278668;44.5;32.4
974;2021-08-07;2747;4041;385144;282709;44.8;32.9
974;2021-08-08;1479;2264;386623;284973;45.0;33.1
974;2021-08-09;2570;4523;389193;289496;45.3;33.7
974;2021-08-10;3787;4963;392980;294459;45.7;34.2
974;2021-08-11;4610;5437;397590;299896;46.2;34.9
974;2021-08-12;4706;5918;402296;305814;46.8;35.6
974;2021-08-13;4454;5832;406750;311646;47.3;36.2
974;2021-08-14;2592;4327;409342;315973;47.6;36.7
974;2021-08-15;1571;2176;410913;318149;47.8;37.0
974;2021-08-16;2337;4175;413250;322324;48.1;37.5
974;2021-08-17;3162;4532;416412;326856;48.4;38.0
974;2021-08-18;3316;5897;419728;332753;48.8;38.7
974;2021-08-19;3282;4901;423010;337654;49.2;39.3
974;2021-08-20;3413;5270;426423;342924;49.6;39.9
974;2021-08-21;1803;4617;428226;347541;49.8;40.4
974;2021-08-22;1016;1942;429242;349483;49.9;40.6
974;2021-08-23;1791;3328;431033;352811;50.1;41.0
974;2021-08-24;2431;3775;433464;356586;50.4;41.5
974;2021-08-25;2880;5208;436344;361794;50.7;42.1
974;2021-08-26;2650;3861;438994;365655;51.0;42.5
974;2021-08-27;2761;4000;441755;369655;51.4;43.0
974;2021-08-28;1828;3870;443583;373525;51.6;43.4
974;2021-08-29;740;1573;444323;375098;51.7;43.6
974;2021-08-30;1558;2531;445881;377629;51.8;43.9
974;2021-08-31;1841;3348;447722;380977;52.1;44.3
974;2021-09-01;2371;4892;450093;385869;52.3;44.9
974;2021-09-02;2233;4313;452326;390182;52.6;45.4
974;2021-09-03;2316;4529;454642;394711;52.9;45.9
974;2021-09-04;1569;3913;456211;398624;53.1;46.4
974;2021-09-05;602;1337;456813;399961;53.1;46.5
974;2021-09-06;1208;2548;458021;402509;53.3;46.8
974;2021-09-07;1303;3198;459324;405707;53.4;47.2
976;2020-12-27;0;0;0;0;0.0;0.0
976;2020-12-28;0;0;0;0;0.0;0.0
976;2020-12-29;0;0;0;0;0.0;0.0
976;2020-12-30;0;0;0;0;0.0;0.0
976;2020-12-31;0;0;0;0;0.0;0.0
976;2021-01-01;0;0;0;0;0.0;0.0
976;2021-01-02;0;0;0;0;0.0;0.0
976;2021-01-03;0;0;0;0;0.0;0.0
976;2021-01-04;0;0;0;0;0.0;0.0
976;2021-01-05;0;0;0;0;0.0;0.0
976;2021-01-06;0;0;0;0;0.0;0.0
976;2021-01-07;0;0;0;0;0.0;0.0
976;2021-01-08;0;0;0;0;0.0;0.0
976;2021-01-09;0;0;0;0;0.0;0.0
976;2021-01-10;0;0;0;0;0.0;0.0
976;2021-01-11;9;0;9;0;0.0;0.0
976;2021-01-12;0;0;9;0;0.0;0.0
976;2021-01-13;0;0;9;0;0.0;0.0
976;2021-01-14;0;0;9;0;0.0;0.0
976;2021-01-15;1;0;10;0;0.0;0.0
976;2021-01-16;1;0;11;0;0.0;0.0
976;2021-01-17;0;0;11;0;0.0;0.0
976;2021-01-18;1;0;12;0;0.0;0.0
976;2021-01-19;0;0;12;0;0.0;0.0
976;2021-01-20;0;0;12;0;0.0;0.0
976;2021-01-21;1;1;13;1;0.0;0.0
976;2021-01-22;0;0;13;1;0.0;0.0
976;2021-01-23;1;0;14;1;0.0;0.0
976;2021-01-24;0;0;14;1;0.0;0.0
976;2021-01-25;143;3;157;4;0.1;0.0
976;2021-01-26;167;3;324;7;0.1;0.0
976;2021-01-27;250;3;574;10;0.2;0.0
976;2021-01-28;102;7;676;17;0.2;0.0
976;2021-01-29;231;3;907;20;0.3;0.0
976;2021-01-30;285;11;1192;31;0.4;0.0
976;2021-01-31;1;0;1193;31;0.4;0.0
976;2021-02-01;161;1;1354;32;0.5;0.0
976;2021-02-02;330;9;1684;41;0.6;0.0
976;2021-02-03;228;3;1912;44;0.7;0.0
976;2021-02-04;216;9;2128;53;0.8;0.0
976;2021-02-05;213;0;2341;53;0.8;0.0
976;2021-02-06;83;10;2424;63;0.9;0.0
976;2021-02-07;0;0;2424;63;0.9;0.0
976;2021-02-08;82;4;2506;67;0.9;0.0
976;2021-02-09;194;1;2700;68;1.0;0.0
976;2021-02-10;187;5;2887;73;1.0;0.0
976;2021-02-11;236;4;3123;77;1.1;0.0
976;2021-02-12;289;4;3412;81;1.2;0.0
976;2021-02-13;56;0;3468;81;1.2;0.0
976;2021-02-14;1;0;3469;81;1.2;0.0
976;2021-02-15;359;7;3828;88;1.4;0.0
976;2021-02-16;266;9;4094;97;1.5;0.0
976;2021-02-17;167;9;4261;106;1.5;0.0
976;2021-02-18;218;14;4479;120;1.6;0.0
976;2021-02-19;237;24;4716;144;1.7;0.1
976;2021-02-20;139;9;4855;153;1.7;0.1
976;2021-02-21;0;0;4855;153;1.7;0.1
976;2021-02-22;130;119;4985;272;1.8;0.1
976;2021-02-23;185;154;5170;426;1.8;0.2
976;2021-02-24;176;145;5346;571;1.9;0.2
976;2021-02-25;227;274;5573;845;2.0;0.3
976;2021-02-26;242;244;5815;1089;2.1;0.4
976;2021-02-27;0;0;5815;1089;2.1;0.4
976;2021-02-28;0;0;5815;1089;2.1;0.4
976;2021-03-01;146;259;5961;1348;2.1;0.5
976;2021-03-02;229;259;6190;1607;2.2;0.6
976;2021-03-03;202;189;6392;1796;2.3;0.6
976;2021-03-04;205;144;6597;1940;2.4;0.7
976;2021-03-05;224;116;6821;2056;2.4;0.7
976;2021-03-06;1;0;6822;2056;2.4;0.7
976;2021-03-07;1;0;6823;2056;2.4;0.7
976;2021-03-08;189;111;7012;2167;2.5;0.8
976;2021-03-09;391;162;7403;2329;2.6;0.8
976;2021-03-10;180;178;7583;2507;2.7;0.9
976;2021-03-11;167;207;7750;2714;2.8;1.0
976;2021-03-12;237;294;7987;3008;2.9;1.1
976;2021-03-13;3;0;7990;3008;2.9;1.1
976;2021-03-14;0;0;7990;3008;2.9;1.1
976;2021-03-15;157;294;8147;3302;2.9;1.2
976;2021-03-16;238;226;8385;3528;3.0;1.3
976;2021-03-17;264;145;8649;3673;3.1;1.3
976;2021-03-18;174;236;8823;3909;3.2;1.4
976;2021-03-19;173;297;8996;4206;3.2;1.5
976;2021-03-20;0;0;8996;4206;3.2;1.5
976;2021-03-21;0;0;8996;4206;3.2;1.5
976;2021-03-22;97;136;9093;4342;3.3;1.6
976;2021-03-23;136;239;9229;4581;3.3;1.6
976;2021-03-24;160;146;9389;4727;3.4;1.7
976;2021-03-25;185;206;9574;4933;3.4;1.8
976;2021-03-26;160;212;9734;5145;3.5;1.8
976;2021-03-27;18;0;9752;5145;3.5;1.8
976;2021-03-28;1;0;9753;5145;3.5;1.8
976;2021-03-29;0;2;9753;5147;3.5;1.8
976;2021-03-30;273;336;10026;5483;3.6;2.0
976;2021-03-31;225;125;10251;5608;3.7;2.0
976;2021-04-01;246;104;10497;5712;3.8;2.0
976;2021-04-02;289;262;10786;5974;3.9;2.1
976;2021-04-03;905;310;11691;6284;4.2;2.2
976;2021-04-04;2;0;11693;6284;4.2;2.2
976;2021-04-05;1;0;11694;6284;4.2;2.2
976;2021-04-06;162;277;11856;6561;4.2;2.3
976;2021-04-07;237;266;12093;6827;4.3;2.4
976;2021-04-08;284;139;12377;6966;4.4;2.5
976;2021-04-09;249;171;12626;7137;4.5;2.6
976;2021-04-10;181;114;12807;7251;4.6;2.6
976;2021-04-11;7;0;12814;7251;4.6;2.6
976;2021-04-12;0;19;12814;7270;4.6;2.6
976;2021-04-13;394;345;13208;7615;4.7;2.7
976;2021-04-14;239;205;13447;7820;4.8;2.8
976;2021-04-15;209;117;13656;7937;4.9;2.8
976;2021-04-16;214;127;13870;8064;5.0;2.9
976;2021-04-17;226;131;14096;8195;5.0;2.9
976;2021-04-18;1;0;14097;8195;5.0;2.9
976;2021-04-19;7;1;14104;8196;5.0;2.9
976;2021-04-20;369;222;14473;8418;5.2;3.0
976;2021-04-21;412;149;14885;8567;5.3;3.1
976;2021-04-22;410;150;15295;8717;5.5;3.1
976;2021-04-23;367;166;15662;8883;5.6;3.2
976;2021-04-24;413;128;16075;9011;5.8;3.2
976;2021-04-25;2;0;16077;9011;5.8;3.2
976;2021-04-26;55;8;16132;9019;5.8;3.2
976;2021-04-27;351;293;16483;9312;5.9;3.3
976;2021-04-28;357;513;16840;9825;6.0;3.5
976;2021-04-29;559;344;17399;10169;6.2;3.6
976;2021-04-30;408;238;17807;10407;6.4;3.7
976;2021-05-01;673;286;18480;10693;6.6;3.8
976;2021-05-02;0;0;18480;10693;6.6;3.8
976;2021-05-03;141;6;18621;10699;6.7;3.8
976;2021-05-04;353;426;18974;11125;6.8;4.0
976;2021-05-05;448;318;19422;11443;6.9;4.1
976;2021-05-06;320;202;19742;11645;7.1;4.2
976;2021-05-07;341;133;20083;11778;7.2;4.2
976;2021-05-08;307;141;20390;11919;7.3;4.3
976;2021-05-09;0;0;20390;11919;7.3;4.3
976;2021-05-10;9;9;20399;11928;7.3;4.3
976;2021-05-11;363;491;20762;12419;7.4;4.4
976;2021-05-12;334;310;21096;12729;7.5;4.6
976;2021-05-13;126;96;21222;12825;7.6;4.6
976;2021-05-14;0;0;21222;12825;7.6;4.6
976;2021-05-15;486;282;21708;13107;7.8;4.7
976;2021-05-16;1;0;21709;13107;7.8;4.7
976;2021-05-17;124;51;21833;13158;7.8;4.7
976;2021-05-18;517;430;22350;13588;8.0;4.9
976;2021-05-19;653;663;23003;14251;8.2;5.1
976;2021-05-20;1059;498;24062;14749;8.6;5.3
976;2021-05-21;1046;313;25108;15062;9.0;5.4
976;2021-05-22;1243;299;26351;15361;9.4;5.5
976;2021-05-23;0;0;26351;15361;9.4;5.5
976;2021-05-24;1;0;26352;15361;9.4;5.5
976;2021-05-25;890;623;27242;15984;9.7;5.7
976;2021-05-26;1036;842;28278;16826;10.1;6.0
976;2021-05-27;1326;514;29604;17340;10.6;6.2
976;2021-05-28;957;375;30561;17715;10.9;6.3
976;2021-05-29;1131;392;31692;18107;11.3;6.5
976;2021-05-30;1;1;31693;18108;11.3;6.5
976;2021-05-31;105;6;31798;18114;11.4;6.5
976;2021-06-01;1154;652;32952;18766;11.8;6.7
976;2021-06-02;1242;530;34194;19296;12.2;6.9
976;2021-06-03;815;354;35009;19650;12.5;7.0
976;2021-06-04;1003;324;36012;19974;12.9;7.1
976;2021-06-05;679;299;36691;20273;13.1;7.3
976;2021-06-06;1;0;36692;20273;13.1;7.3
976;2021-06-07;91;12;36783;20285;13.2;7.3
976;2021-06-08;962;444;37745;20729;13.5;7.4
976;2021-06-09;972;550;38717;21279;13.9;7.6
976;2021-06-10;703;232;39420;21511;14.1;7.7
976;2021-06-11;851;365;40271;21876;14.4;7.8
976;2021-06-12;586;276;40857;22152;14.6;7.9
976;2021-06-13;2;0;40859;22152;14.6;7.9
976;2021-06-14;187;112;41046;22264;14.7;8.0
976;2021-06-15;415;839;41461;23103;14.8;8.3
976;2021-06-16;892;1441;42353;24544;15.2;8.8
976;2021-06-17;802;660;43155;25204;15.4;9.0
976;2021-06-18;710;621;43865;25825;15.7;9.2
976;2021-06-19;538;643;44403;26468;15.9;9.5
976;2021-06-20;1;0;44404;26468;15.9;9.5
976;2021-06-21;128;132;44532;26600;15.9;9.5
976;2021-06-22;431;1150;44963;27750;16.1;9.9
976;2021-06-23;685;1187;45648;28937;16.3;10.4
976;2021-06-24;481;546;46129;29483;16.5;10.5
976;2021-06-25;547;479;46676;29962;16.7;10.7
976;2021-06-26;391;693;47067;30655;16.8;11.0
976;2021-06-27;1;0;47068;30655;16.8;11.0
976;2021-06-28;108;191;47176;30846;16.9;11.0
976;2021-06-29;743;974;47919;31820;17.1;11.4
976;2021-06-30;708;947;48627;32767;17.4;11.7
976;2021-07-01;582;546;49209;33313;17.6;11.9
976;2021-07-02;454;430;49663;33743;17.8;12.1
976;2021-07-03;445;423;50108;34166;17.9;12.2
976;2021-07-04;2;0;50110;34166;17.9;12.2
976;2021-07-05;121;224;50231;34390;18.0;12.3
976;2021-07-06;503;865;50734;35255;18.2;12.6
976;2021-07-07;771;1016;51505;36271;18.4;13.0
976;2021-07-08;826;637;52331;36908;18.7;13.2
976;2021-07-09;791;519;53122;37427;19.0;13.4
976;2021-07-10;441;320;53563;37747;19.2;13.5
976;2021-07-11;0;0;53563;37747;19.2;13.5
976;2021-07-12;165;172;53728;37919;19.2;13.6
976;2021-07-13;857;1000;54585;38919;19.5;13.9
976;2021-07-14;0;5;54585;38924;19.5;13.9
976;2021-07-15;1229;816;55814;39740;20.0;14.2
976;2021-07-16;1310;660;57124;40400;20.4;14.5
976;2021-07-17;1049;377;58173;40777;20.8;14.6
976;2021-07-18;0;0;58173;40777;20.8;14.6
976;2021-07-19;205;134;58378;40911;20.9;14.6
976;2021-07-20;1160;878;59538;41789;21.3;15.0
976;2021-07-21;35;29;59573;41818;21.3;15.0
976;2021-07-22;1127;664;60700;42482;21.7;15.2
976;2021-07-23;1209;546;61909;43028;22.2;15.4
976;2021-07-24;863;439;62772;43467;22.5;15.6
976;2021-07-25;2;0;62774;43467;22.5;15.6
976;2021-07-26;181;36;62955;43503;22.5;15.6
976;2021-07-27;1146;823;64101;44326;22.9;15.9
976;2021-07-28;1042;636;65143;44962;23.3;16.1
976;2021-07-29;1243;568;66386;45530;23.8;16.3
976;2021-07-30;1216;411;67602;45941;24.2;16.4
976;2021-07-31;768;277;68370;46218;24.5;16.5
976;2021-08-01;5;3;68375;46221;24.5;16.5
976;2021-08-02;322;176;68697;46397;24.6;16.6
976;2021-08-03;1512;938;70209;47335;25.1;16.9
976;2021-08-04;1838;809;72047;48144;25.8;17.2
976;2021-08-05;1473;502;73520;48646;26.3;17.4
976;2021-08-06;1692;507;75212;49153;26.9;17.6
976;2021-08-07;922;356;76134;49509;27.2;17.7
976;2021-08-08;6;1;76140;49510;27.2;17.7
976;2021-08-09;522;235;76662;49745;27.4;17.8
976;2021-08-10;1632;1380;78294;51125;28.0;18.3
976;2021-08-11;2030;1241;80324;52366;28.7;18.7
976;2021-08-12;1694;614;82018;52980;29.3;19.0
976;2021-08-13;1536;530;83554;53510;29.9;19.1
976;2021-08-14;832;454;84386;53964;30.2;19.3
976;2021-08-15;0;0;84386;53964;30.2;19.3
976;2021-08-16;538;290;84924;54254;30.4;19.4
976;2021-08-17;1797;1302;86721;55556;31.0;19.9
976;2021-08-18;2193;1220;88914;56776;31.8;20.3
976;2021-08-19;1944;545;90858;57321;32.5;20.5
976;2021-08-20;1726;541;92584;57862;33.1;20.7
976;2021-08-21;1026;518;93610;58380;33.5;20.9
976;2021-08-22;7;0;93617;58380;33.5;20.9
976;2021-08-23;510;270;94127;58650;33.7;21.0
976;2021-08-24;1029;1007;95156;59657;34.0;21.3
976;2021-08-25;1058;1289;96214;60946;34.4;21.8
976;2021-08-26;885;570;97099;61516;34.7;22.0
976;2021-08-27;725;561;97824;62077;35.0;22.2
976;2021-08-28;466;854;98290;62931;35.2;22.5
976;2021-08-29;0;12;98290;62943;35.2;22.5
976;2021-08-30;142;256;98432;63199;35.2;22.6
976;2021-08-31;638;1161;99070;64360;35.4;23.0
976;2021-09-01;752;1392;99822;65752;35.7;23.5
976;2021-09-02;835;900;100657;66652;36.0;23.8
976;2021-09-03;893;1288;101550;67940;36.3;24.3
976;2021-09-04;427;993;101977;68933;36.5;24.7
976;2021-09-05;0;1;101977;68934;36.5;24.7
976;2021-09-06;388;399;102365;69333;36.6;24.8
976;2021-09-07;614;696;102979;70029;36.8;25.1
977;2020-12-27;0;0;0;0;0.0;0.0
977;2020-12-28;0;0;0;0;0.0;0.0
977;2020-12-29;0;0;0;0;0.0;0.0
977;2020-12-30;0;0;0;0;0.0;0.0
977;2020-12-31;0;0;0;0;0.0;0.0
977;2021-01-01;0;0;0;0;0.0;0.0
977;2021-01-02;0;0;0;0;0.0;0.0
977;2021-01-03;0;0;0;0;0.0;0.0
977;2021-01-04;0;0;0;0;0.0;0.0
977;2021-01-05;0;0;0;0;0.0;0.0
977;2021-01-06;0;0;0;0;0.0;0.0
977;2021-01-07;0;0;0;0;0.0;0.0
977;2021-01-08;0;0;0;0;0.0;0.0
977;2021-01-09;0;0;0;0;0.0;0.0
977;2021-01-10;0;0;0;0;0.0;0.0
977;2021-01-11;0;0;0;0;0.0;0.0
977;2021-01-12;0;0;0;0;0.0;0.0
977;2021-01-13;0;0;0;0;0.0;0.0
977;2021-01-14;0;0;0;0;0.0;0.0
977;2021-01-15;0;0;0;0;0.0;0.0
977;2021-01-16;0;0;0;0;0.0;0.0
977;2021-01-17;0;0;0;0;0.0;0.0
977;2021-01-18;1;0;1;0;0.0;0.0
977;2021-01-19;0;0;1;0;0.0;0.0
977;2021-01-20;0;0;1;0;0.0;0.0
977;2021-01-21;12;0;13;0;0.1;0.0
977;2021-01-22;12;0;25;0;0.3;0.0
977;2021-01-23;0;0;25;0;0.3;0.0
977;2021-01-24;0;0;25;0;0.3;0.0
977;2021-01-25;0;0;25;0;0.3;0.0
977;2021-01-26;0;0;25;0;0.3;0.0
977;2021-01-27;12;0;37;0;0.4;0.0
977;2021-01-28;1;0;38;0;0.4;0.0
977;2021-01-29;6;0;44;0;0.4;0.0
977;2021-01-30;0;0;44;0;0.4;0.0
977;2021-01-31;0;0;44;0;0.4;0.0
977;2021-02-01;0;0;44;0;0.4;0.0
977;2021-02-02;0;0;44;0;0.4;0.0
977;2021-02-03;11;0;55;0;0.6;0.0
977;2021-02-04;12;0;67;0;0.7;0.0
977;2021-02-05;11;0;78;0;0.8;0.0
977;2021-02-06;0;0;78;0;0.8;0.0
977;2021-02-07;0;0;78;0;0.8;0.0
977;2021-02-08;0;0;78;0;0.8;0.0
977;2021-02-09;14;0;92;0;0.9;0.0
977;2021-02-10;0;0;92;0;0.9;0.0
977;2021-02-11;17;0;109;0;1.1;0.0
977;2021-02-12;45;0;154;0;1.5;0.0
977;2021-02-13;0;0;154;0;1.5;0.0
977;2021-02-14;0;0;154;0;1.5;0.0
977;2021-02-15;0;0;154;0;1.5;0.0
977;2021-02-16;0;0;154;0;1.5;0.0
977;2021-02-17;0;0;154;0;1.5;0.0
977;2021-02-18;18;0;172;0;1.7;0.0
977;2021-02-19;35;0;207;0;2.1;0.0
977;2021-02-20;0;0;207;0;2.1;0.0
977;2021-02-21;0;0;207;0;2.1;0.0
977;2021-02-22;0;0;207;0;2.1;0.0
977;2021-02-23;0;20;207;20;2.1;0.2
977;2021-02-24;0;0;207;20;2.1;0.2
977;2021-02-25;15;5;222;25;2.2;0.3
977;2021-02-26;33;18;255;43;2.6;0.4
977;2021-02-27;0;0;255;43;2.6;0.4
977;2021-02-28;0;0;255;43;2.6;0.4
977;2021-03-01;0;0;255;43;2.6;0.4
977;2021-03-02;19;11;274;54;2.8;0.5
977;2021-03-03;0;0;274;54;2.8;0.5
977;2021-03-04;16;10;290;64;2.9;0.6
977;2021-03-05;35;16;325;80;3.3;0.8
977;2021-03-06;0;0;325;80;3.3;0.8
977;2021-03-07;0;0;325;80;3.3;0.8
977;2021-03-08;0;0;325;80;3.3;0.8
977;2021-03-09;1;0;326;80;3.3;0.8
977;2021-03-10;0;0;326;80;3.3;0.8
977;2021-03-11;20;30;346;110;3.5;1.1
977;2021-03-12;62;41;408;151;4.1;1.5
977;2021-03-13;0;0;408;151;4.1;1.5
977;2021-03-14;0;0;408;151;4.1;1.5
977;2021-03-15;0;0;408;151;4.1;1.5
977;2021-03-16;30;10;438;161;4.4;1.6
977;2021-03-17;0;0;438;161;4.4;1.6
977;2021-03-18;30;16;468;177;4.7;1.8
977;2021-03-19;57;27;525;204;5.3;2.0
977;2021-03-20;0;0;525;204;5.3;2.0
977;2021-03-21;0;0;525;204;5.3;2.0
977;2021-03-22;0;0;525;204;5.3;2.0
977;2021-03-23;0;0;525;204;5.3;2.0
977;2021-03-24;0;0;525;204;5.3;2.0
977;2021-03-25;65;17;590;221;5.9;2.2
977;2021-03-26;73;26;663;247;6.7;2.5
977;2021-03-27;0;0;663;247;6.7;2.5
977;2021-03-28;0;0;663;247;6.7;2.5
977;2021-03-29;0;0;663;247;6.7;2.5
977;2021-03-30;40;18;703;265;7.1;2.7
977;2021-03-31;26;15;729;280;7.3;2.8
977;2021-04-01;25;32;754;312;7.6;3.1
977;2021-04-02;0;0;754;312;7.6;3.1
977;2021-04-03;0;0;754;312;7.6;3.1
977;2021-04-04;0;0;754;312;7.6;3.1
977;2021-04-05;9;0;763;312;7.7;3.1
977;2021-04-06;0;0;763;312;7.7;3.1
977;2021-04-07;0;0;763;312;7.7;3.1
977;2021-04-08;57;46;820;358;8.2;3.6
977;2021-04-09;58;31;878;389;8.8;3.9
977;2021-04-10;0;0;878;389;8.8;3.9
977;2021-04-11;0;0;878;389;8.8;3.9
977;2021-04-12;0;0;878;389;8.8;3.9
977;2021-04-13;0;0;878;389;8.8;3.9
977;2021-04-14;5;5;883;394;8.9;4.0
977;2021-04-15;57;70;940;464;9.4;4.7
977;2021-04-16;90;35;1030;499;10.3;5.0
977;2021-04-17;0;1;1030;500;10.3;5.0
977;2021-04-18;0;0;1030;500;10.3;5.0
977;2021-04-19;1;0;1031;500;10.4;5.0
977;2021-04-20;335;62;1366;562;13.7;5.6
977;2021-04-21;337;30;1703;592;17.1;5.9
977;2021-04-22;284;47;1987;639;19.9;6.4
977;2021-04-23;260;42;2247;681;22.6;6.8
977;2021-04-24;231;1;2478;682;24.9;6.8
977;2021-04-25;0;0;2478;682;24.9;6.8
977;2021-04-26;283;19;2761;701;27.7;7.0
977;2021-04-27;224;67;2985;768;30.0;7.7
977;2021-04-28;192;26;3177;794;31.9;8.0
977;2021-04-29;170;23;3347;817;33.6;8.2
977;2021-04-30;172;17;3519;834;35.3;8.4
977;2021-05-01;203;11;3722;845;37.4;8.5
977;2021-05-02;0;0;3722;845;37.4;8.5
977;2021-05-03;135;9;3857;854;38.7;8.6
977;2021-05-04;161;54;4018;908;40.3;9.1
977;2021-05-05;221;28;4239;936;42.6;9.4
977;2021-05-06;175;33;4414;969;44.3;9.7
977;2021-05-07;149;32;4563;1001;45.8;10.0
977;2021-05-08;1;0;4564;1001;45.8;10.0
977;2021-05-09;0;0;4564;1001;45.8;10.0
977;2021-05-10;0;0;4564;1001;45.8;10.0
977;2021-05-11;3;41;4567;1042;45.8;10.5
977;2021-05-12;6;36;4573;1078;45.9;10.8
977;2021-05-13;0;0;4573;1078;45.9;10.8
977;2021-05-14;28;98;4601;1176;46.2;11.8
977;2021-05-15;0;0;4601;1176;46.2;11.8
977;2021-05-16;1;0;4602;1176;46.2;11.8
977;2021-05-17;1;14;4603;1190;46.2;11.9
977;2021-05-18;17;32;4620;1222;46.4;12.3
977;2021-05-19;0;1;4620;1223;46.4;12.3
977;2021-05-20;0;8;4620;1231;46.4;12.4
977;2021-05-21;12;31;4632;1262;46.5;12.7
977;2021-05-22;0;0;4632;1262;46.5;12.7
977;2021-05-23;0;0;4632;1262;46.5;12.7
977;2021-05-24;0;0;4632;1262;46.5;12.7
977;2021-05-25;50;331;4682;1593;47.0;16.0
977;2021-05-26;54;360;4736;1953;47.5;19.6
977;2021-05-27;34;317;4770;2270;47.9;22.8
977;2021-05-28;27;256;4797;2526;48.2;25.4
977;2021-05-29;35;375;4832;2901;48.5;29.1
977;2021-05-30;1;0;4833;2901;48.5;29.1
977;2021-05-31;45;216;4878;3117;49.0;31.3
977;2021-06-01;48;227;4926;3344;49.5;33.6
977;2021-06-02;69;273;4995;3617;50.1;36.3
977;2021-06-03;42;252;5037;3869;50.6;38.8
977;2021-06-04;81;270;5118;4139;51.4;41.6
977;2021-06-05;1;0;5119;4139;51.4;41.6
977;2021-06-06;0;0;5119;4139;51.4;41.6
977;2021-06-07;1;1;5120;4140;51.4;41.6
977;2021-06-08;8;2;5128;4142;51.5;41.6
977;2021-06-09;0;3;5128;4145;51.5;41.6
977;2021-06-10;8;4;5136;4149;51.6;41.7
977;2021-06-11;4;8;5140;4157;51.6;41.7
977;2021-06-12;16;59;5156;4216;51.8;42.3
977;2021-06-13;0;0;5156;4216;51.8;42.3
977;2021-06-14;0;0;5156;4216;51.8;42.3
977;2021-06-15;0;1;5156;4217;51.8;42.3
977;2021-06-16;0;0;5156;4217;51.8;42.3
977;2021-06-17;2;6;5158;4223;51.8;42.4
977;2021-06-18;0;2;5158;4225;51.8;42.4
977;2021-06-19;25;49;5183;4274;52.0;42.9
977;2021-06-20;0;0;5183;4274;52.0;42.9
977;2021-06-21;1;2;5184;4276;52.0;42.9
977;2021-06-22;9;0;5193;4276;52.1;42.9
977;2021-06-23;15;9;5208;4285;52.3;43.0
977;2021-06-24;10;5;5218;4290;52.4;43.1
977;2021-06-25;0;0;5218;4290;52.4;43.1
977;2021-06-26;25;45;5243;4335;52.6;43.5
977;2021-06-27;0;0;5243;4335;52.6;43.5
977;2021-06-28;0;0;5243;4335;52.6;43.5
977;2021-06-29;0;0;5243;4335;52.6;43.5
977;2021-06-30;0;0;5243;4335;52.6;43.5
977;2021-07-01;28;36;5271;4371;52.9;43.9
977;2021-07-02;26;31;5297;4402;53.2;44.2
977;2021-07-03;29;215;5326;4617;53.5;46.4
977;2021-07-04;0;0;5326;4617;53.5;46.4
977;2021-07-05;4;8;5330;4625;53.5;46.4
977;2021-07-06;0;0;5330;4625;53.5;46.4
977;2021-07-07;8;0;5338;4625;53.6;46.4
977;2021-07-08;33;23;5371;4648;53.9;46.7
977;2021-07-09;23;31;5394;4679;54.2;47.0
977;2021-07-10;33;45;5427;4724;54.5;47.4
977;2021-07-11;0;0;5427;4724;54.5;47.4
977;2021-07-12;0;1;5427;4725;54.5;47.4
977;2021-07-13;10;10;5437;4735;54.6;47.5
977;2021-07-14;0;0;5437;4735;54.6;47.5
977;2021-07-15;1;11;5438;4746;54.6;47.6
977;2021-07-16;44;51;5482;4797;55.0;48.2
977;2021-07-17;34;39;5516;4836;55.4;48.5
977;2021-07-18;1;0;5517;4836;55.4;48.5
977;2021-07-19;3;2;5520;4838;55.4;48.6
977;2021-07-20;3;1;5523;4839;55.4;48.6
977;2021-07-21;33;16;5556;4855;55.8;48.7
977;2021-07-22;36;33;5592;4888;56.1;49.1
977;2021-07-23;32;29;5624;4917;56.5;49.4
977;2021-07-24;43;26;5667;4943;56.9;49.6
977;2021-07-25;0;0;5667;4943;56.9;49.6
977;2021-07-26;13;9;5680;4952;57.0;49.7
977;2021-07-27;0;10;5680;4962;57.0;49.8
977;2021-07-28;31;14;5711;4976;57.3;50.0
977;2021-07-29;33;32;5744;5008;57.7;50.3
977;2021-07-30;31;28;5775;5036;58.0;50.6
977;2021-07-31;53;24;5828;5060;58.5;50.8
977;2021-08-01;0;0;5828;5060;58.5;50.8
977;2021-08-02;11;1;5839;5061;58.6;50.8
977;2021-08-03;0;0;5839;5061;58.6;50.8
977;2021-08-04;41;14;5880;5075;59.0;50.9
977;2021-08-05;28;30;5908;5105;59.3;51.2
977;2021-08-06;35;35;5943;5140;59.7;51.6
977;2021-08-07;56;25;5999;5165;60.2;51.9
977;2021-08-08;0;0;5999;5165;60.2;51.9
977;2021-08-09;7;5;6006;5170;60.3;51.9
977;2021-08-10;15;9;6021;5179;60.4;52.0
977;2021-08-11;36;18;6057;5197;60.8;52.2
977;2021-08-12;24;30;6081;5227;61.0;52.5
977;2021-08-13;32;14;6113;5241;61.4;52.6
977;2021-08-14;20;27;6133;5268;61.6;52.9
977;2021-08-15;0;0;6133;5268;61.6;52.9
977;2021-08-16;14;29;6147;5297;61.7;53.2
977;2021-08-17;15;8;6162;5305;61.9;53.3
977;2021-08-18;25;28;6187;5333;62.1;53.5
977;2021-08-19;31;35;6218;5368;62.4;53.9
977;2021-08-20;27;41;6245;5409;62.7;54.3
977;2021-08-21;34;40;6279;5449;63.0;54.7
977;2021-08-22;6;0;6285;5449;63.1;54.7
977;2021-08-23;3;11;6288;5460;63.1;54.8
977;2021-08-24;8;3;6296;5463;63.2;54.8
977;2021-08-25;20;37;6316;5500;63.4;55.2
977;2021-08-26;27;40;6343;5540;63.7;55.6
977;2021-08-27;27;34;6370;5574;63.9;56.0
977;2021-08-28;27;56;6397;5630;64.2;56.5
977;2021-08-29;0;0;6397;5630;64.2;56.5
977;2021-08-30;1;4;6398;5634;64.2;56.6
977;2021-08-31;1;2;6399;5636;64.2;56.6
977;2021-09-01;9;28;6408;5664;64.3;56.9
977;2021-09-02;22;35;6430;5699;64.6;57.2
977;2021-09-03;26;25;6456;5724;64.8;57.5
977;2021-09-04;37;47;6493;5771;65.2;57.9
977;2021-09-05;0;0;6493;5771;65.2;57.9
977;2021-09-06;4;16;6497;5787;65.2;58.1
977;2021-09-07;1;4;6498;5791;65.2;58.1
978;2020-12-27;0;0;0;0;0.0;0.0
978;2020-12-28;0;0;0;0;0.0;0.0
978;2020-12-29;0;0;0;0;0.0;0.0
978;2020-12-30;0;0;0;0;0.0;0.0
978;2020-12-31;0;0;0;0;0.0;0.0
978;2021-01-01;0;0;0;0;0.0;0.0
978;2021-01-02;0;0;0;0;0.0;0.0
978;2021-01-03;0;0;0;0;0.0;0.0
978;2021-01-04;0;0;0;0;0.0;0.0
978;2021-01-05;0;0;0;0;0.0;0.0
978;2021-01-06;0;0;0;0;0.0;0.0
978;2021-01-07;0;0;0;0;0.0;0.0
978;2021-01-08;0;0;0;0;0.0;0.0
978;2021-01-09;0;0;0;0;0.0;0.0
978;2021-01-10;0;0;0;0;0.0;0.0
978;2021-01-11;0;0;0;0;0.0;0.0
978;2021-01-12;0;0;0;0;0.0;0.0
978;2021-01-13;10;0;10;0;0.0;0.0
978;2021-01-14;12;0;22;0;0.1;0.0
978;2021-01-15;9;0;31;0;0.1;0.0
978;2021-01-16;0;0;31;0;0.1;0.0
978;2021-01-17;0;0;31;0;0.1;0.0
978;2021-01-18;0;0;31;0;0.1;0.0
978;2021-01-19;12;0;43;0;0.1;0.0
978;2021-01-20;13;0;56;0;0.2;0.0
978;2021-01-21;6;0;62;0;0.2;0.0
978;2021-01-22;0;0;62;0;0.2;0.0
978;2021-01-23;0;0;62;0;0.2;0.0
978;2021-01-24;0;0;62;0;0.2;0.0
978;2021-01-25;0;0;62;0;0.2;0.0
978;2021-01-26;9;0;71;0;0.2;0.0
978;2021-01-27;10;0;81;0;0.2;0.0
978;2021-01-28;6;1;87;1;0.2;0.0
978;2021-01-29;0;0;87;1;0.2;0.0
978;2021-01-30;0;0;87;1;0.2;0.0
978;2021-01-31;0;0;87;1;0.2;0.0
978;2021-02-01;1;0;88;1;0.2;0.0
978;2021-02-02;39;0;127;1;0.4;0.0
978;2021-02-03;11;0;138;1;0.4;0.0
978;2021-02-04;31;0;169;1;0.5;0.0
978;2021-02-05;6;0;175;1;0.5;0.0
978;2021-02-06;0;0;175;1;0.5;0.0
978;2021-02-07;0;0;175;1;0.5;0.0
978;2021-02-08;0;0;175;1;0.5;0.0
978;2021-02-09;38;0;213;1;0.6;0.0
978;2021-02-10;27;1;240;2;0.7;0.0
978;2021-02-11;0;0;240;2;0.7;0.0
978;2021-02-12;36;0;276;2;0.8;0.0
978;2021-02-13;0;0;276;2;0.8;0.0
978;2021-02-14;0;0;276;2;0.8;0.0
978;2021-02-15;50;1;326;3;0.9;0.0
978;2021-02-16;0;0;326;3;0.9;0.0
978;2021-02-17;0;0;326;3;0.9;0.0
978;2021-02-18;28;0;354;3;1.0;0.0
978;2021-02-19;44;0;398;3;1.1;0.0
978;2021-02-20;0;0;398;3;1.1;0.0
978;2021-02-21;0;0;398;3;1.1;0.0
978;2021-02-22;45;4;443;7;1.3;0.0
978;2021-02-23;41;28;484;35;1.4;0.1
978;2021-02-24;35;1;519;36;1.5;0.1
978;2021-02-25;55;34;574;70;1.6;0.2
978;2021-02-26;39;5;613;75;1.7;0.2
978;2021-02-27;0;0;613;75;1.7;0.2
978;2021-02-28;0;0;613;75;1.7;0.2
978;2021-03-01;49;4;662;79;1.9;0.2
978;2021-03-02;7;22;669;101;1.9;0.3
978;2021-03-03;53;24;722;125;2.0;0.4
978;2021-03-04;31;24;753;149;2.1;0.4
978;2021-03-05;46;10;799;159;2.3;0.4
978;2021-03-06;0;0;799;159;2.3;0.4
978;2021-03-07;0;0;799;159;2.3;0.4
978;2021-03-08;32;7;831;166;2.4;0.5
978;2021-03-09;21;27;852;193;2.4;0.5
978;2021-03-10;35;28;887;221;2.5;0.6
978;2021-03-11;2;0;889;221;2.5;0.6
978;2021-03-12;52;21;941;242;2.7;0.7
978;2021-03-13;13;0;954;242;2.7;0.7
978;2021-03-14;0;0;954;242;2.7;0.7
978;2021-03-15;31;41;985;283;2.8;0.8
978;2021-03-16;73;6;1058;289;3.0;0.8
978;2021-03-17;67;13;1125;302;3.2;0.9
978;2021-03-18;82;39;1207;341;3.4;1.0
978;2021-03-19;32;50;1239;391;3.5;1.1
978;2021-03-20;0;0;1239;391;3.5;1.1
978;2021-03-21;0;0;1239;391;3.5;1.1
978;2021-03-22;35;45;1274;436;3.6;1.2
978;2021-03-23;30;43;1304;479;3.7;1.4
978;2021-03-24;38;42;1342;521;3.8;1.5
978;2021-03-25;97;34;1439;555;4.1;1.6
978;2021-03-26;45;33;1484;588;4.2;1.7
978;2021-03-27;94;3;1578;591;4.5;1.7
978;2021-03-28;0;0;1578;591;4.5;1.7
978;2021-03-29;69;48;1647;639;4.7;1.8
978;2021-03-30;99;24;1746;663;4.9;1.9
978;2021-03-31;90;49;1836;712;5.2;2.0
978;2021-04-01;57;48;1893;760;5.4;2.2
978;2021-04-02;0;0;1893;760;5.4;2.2
978;2021-04-03;1;0;1894;760;5.4;2.2
978;2021-04-04;0;0;1894;760;5.4;2.2
978;2021-04-05;2;0;1896;760;5.4;2.2
978;2021-04-06;49;63;1945;823;5.5;2.3
978;2021-04-07;93;33;2038;856;5.8;2.4
978;2021-04-08;121;7;2159;863;6.1;2.4
978;2021-04-09;90;39;2249;902;6.4;2.6
978;2021-04-10;170;13;2419;915;6.8;2.6
978;2021-04-11;0;0;2419;915;6.8;2.6
978;2021-04-12;42;74;2461;989;7.0;2.8
978;2021-04-13;49;71;2510;1060;7.1;3.0
978;2021-04-14;82;45;2592;1105;7.3;3.1
978;2021-04-15;92;22;2684;1127;7.6;3.2
978;2021-04-16;77;42;2761;1169;7.8;3.3
978;2021-04-17;165;4;2926;1173;8.3;3.3
978;2021-04-18;0;0;2926;1173;8.3;3.3
978;2021-04-19;52;67;2978;1240;8.4;3.5
978;2021-04-20;83;27;3061;1267;8.7;3.6
978;2021-04-21;91;29;3152;1296;8.9;3.7
978;2021-04-22;101;20;3253;1316;9.2;3.7
978;2021-04-23;45;66;3298;1382;9.3;3.9
978;2021-04-24;99;78;3397;1460;9.6;4.1
978;2021-04-25;0;0;3397;1460;9.6;4.1
978;2021-04-26;29;91;3426;1551;9.7;4.4
978;2021-04-27;59;63;3485;1614;9.9;4.6
978;2021-04-28;93;39;3578;1653;10.1;4.7
978;2021-04-29;89;31;3667;1684;10.4;4.8
978;2021-04-30;103;14;3770;1698;10.7;4.8
978;2021-05-01;0;8;3770;1706;10.7;4.8
978;2021-05-02;0;0;3770;1706;10.7;4.8
978;2021-05-03;25;99;3795;1805;10.7;5.1
978;2021-05-04;159;102;3954;1907;11.2;5.4
978;2021-05-05;142;59;4096;1966;11.6;5.6
978;2021-05-06;199;49;4295;2015;12.2;5.7
978;2021-05-07;127;71;4422;2086;12.5;5.9
978;2021-05-08;69;122;4491;2208;12.7;6.2
978;2021-05-09;0;0;4491;2208;12.7;6.2
978;2021-05-10;124;99;4615;2307;13.1;6.5
978;2021-05-11;132;72;4747;2379;13.4;6.7
978;2021-05-12;156;78;4903;2457;13.9;7.0
978;2021-05-13;83;6;4986;2463;14.1;7.0
978;2021-05-14;130;62;5116;2525;14.5;7.1
978;2021-05-15;87;4;5203;2529;14.7;7.2
978;2021-05-16;0;0;5203;2529;14.7;7.2
978;2021-05-17;146;115;5349;2644;15.1;7.5
978;2021-05-18;151;94;5500;2738;15.6;7.7
978;2021-05-19;84;69;5584;2807;15.8;7.9
978;2021-05-20;104;26;5688;2833;16.1;8.0
978;2021-05-21;98;52;5786;2885;16.4;8.2
978;2021-05-22;100;11;5886;2896;16.7;8.2
978;2021-05-23;0;0;5886;2896;16.7;8.2
978;2021-05-24;33;7;5919;2903;16.8;8.2
978;2021-05-25;119;78;6038;2981;17.1;8.4
978;2021-05-26;109;49;6147;3030;17.4;8.6
978;2021-05-27;112;42;6259;3072;17.7;8.7
978;2021-05-28;33;1;6292;3073;17.8;8.7
978;2021-05-29;60;213;6352;3286;18.0;9.3
978;2021-05-30;0;0;6352;3286;18.0;9.3
978;2021-05-31;112;63;6464;3349;18.3;9.5
978;2021-06-01;116;62;6580;3411;18.6;9.7
978;2021-06-02;131;33;6711;3444;19.0;9.7
978;2021-06-03;102;38;6813;3482;19.3;9.9
978;2021-06-04;128;70;6941;3552;19.6;10.1
978;2021-06-05;83;21;7024;3573;19.9;10.1
978;2021-06-06;0;0;7024;3573;19.9;10.1
978;2021-06-07;96;96;7120;3669;20.2;10.4
978;2021-06-08;82;89;7202;3758;20.4;10.6
978;2021-06-09;99;73;7301;3831;20.7;10.8
978;2021-06-10;112;63;7413;3894;21.0;11.0
978;2021-06-11;116;106;7529;4000;21.3;11.3
978;2021-06-12;57;30;7586;4030;21.5;11.4
978;2021-06-13;0;0;7586;4030;21.5;11.4
978;2021-06-14;106;127;7692;4157;21.8;11.8
978;2021-06-15;88;120;7780;4277;22.0;12.1
978;2021-06-16;105;148;7885;4425;22.3;12.5
978;2021-06-17;85;72;7970;4497;22.6;12.7
978;2021-06-18;67;99;8037;4596;22.7;13.0
978;2021-06-19;65;79;8102;4675;22.9;13.2
978;2021-06-20;0;0;8102;4675;22.9;13.2
978;2021-06-21;78;150;8180;4825;23.2;13.7
978;2021-06-22;71;103;8251;4928;23.4;13.9
978;2021-06-23;68;115;8319;5043;23.5;14.3
978;2021-06-24;44;75;8363;5118;23.7;14.5
978;2021-06-25;64;100;8427;5218;23.8;14.8
978;2021-06-26;35;61;8462;5279;23.9;14.9
978;2021-06-27;0;0;8462;5279;23.9;14.9
978;2021-06-28;74;131;8536;5410;24.2;15.3
978;2021-06-29;62;104;8598;5514;24.3;15.6
978;2021-06-30;56;110;8654;5624;24.5;15.9
978;2021-07-01;42;87;8696;5711;24.6;16.2
978;2021-07-02;52;90;8748;5801;24.8;16.4
978;2021-07-03;40;90;8788;5891;24.9;16.7
978;2021-07-04;0;1;8788;5892;24.9;16.7
978;2021-07-05;67;93;8855;5985;25.1;16.9
978;2021-07-06;55;75;8910;6060;25.2;17.2
978;2021-07-07;55;123;8965;6183;25.4;17.5
978;2021-07-08;54;107;9019;6290;25.5;17.8
978;2021-07-09;46;92;9065;6382;25.7;18.1
978;2021-07-10;38;85;9103;6467;25.8;18.3
978;2021-07-11;0;4;9103;6471;25.8;18.3
978;2021-07-12;71;130;9174;6601;26.0;18.7
978;2021-07-13;146;162;9320;6763;26.4;19.1
978;2021-07-14;3;0;9323;6763;26.4;19.1
978;2021-07-15;162;195;9485;6958;26.8;19.7
978;2021-07-16;113;113;9598;7071;27.2;20.0
978;2021-07-17;52;100;9650;7171;27.3;20.3
978;2021-07-18;0;0;9650;7171;27.3;20.3
978;2021-07-19;99;133;9749;7304;27.6;20.7
978;2021-07-20;80;74;9829;7378;27.8;20.9
978;2021-07-21;63;50;9892;7428;28.0;21.0
978;2021-07-22;99;115;9991;7543;28.3;21.3
978;2021-07-23;67;98;10058;7641;28.5;21.6
978;2021-07-24;20;35;10078;7676;28.5;21.7
978;2021-07-25;0;0;10078;7676;28.5;21.7
978;2021-07-26;99;116;10177;7792;28.8;22.1
978;2021-07-27;72;144;10249;7936;29.0;22.5
978;2021-07-28;72;126;10321;8062;29.2;22.8
978;2021-07-29;80;98;10401;8160;29.4;23.1
978;2021-07-30;82;116;10483;8276;29.7;23.4
978;2021-07-31;49;67;10532;8343;29.8;23.6
978;2021-08-01;0;0;10532;8343;29.8;23.6
978;2021-08-02;65;95;10597;8438;30.0;23.9
978;2021-08-03;60;94;10657;8532;30.2;24.1
978;2021-08-04;64;55;10721;8587;30.3;24.3
978;2021-08-05;48;70;10769;8657;30.5;24.5
978;2021-08-06;74;127;10843;8784;30.7;24.9
978;2021-08-07;44;46;10887;8830;30.8;25.0
978;2021-08-08;0;0;10887;8830;30.8;25.0
978;2021-08-09;139;150;11026;8980;31.2;25.4
978;2021-08-10;82;93;11108;9073;31.4;25.7
978;2021-08-11;106;99;11214;9172;31.7;26.0
978;2021-08-12;99;99;11313;9271;32.0;26.2
978;2021-08-13;131;75;11444;9346;32.4;26.5
978;2021-08-14;74;100;11518;9446;32.6;26.7
978;2021-08-15;0;0;11518;9446;32.6;26.7
978;2021-08-16;45;70;11563;9516;32.7;26.9
978;2021-08-17;32;33;11595;9549;32.8;27.0
978;2021-08-18;35;55;11630;9604;32.9;27.2
978;2021-08-19;34;26;11664;9630;33.0;27.3
978;2021-08-20;46;60;11710;9690;33.1;27.4
978;2021-08-21;0;0;11710;9690;33.1;27.4
978;2021-08-22;0;0;11710;9690;33.1;27.4
978;2021-08-23;51;86;11761;9776;33.3;27.7
978;2021-08-24;31;51;11792;9827;33.4;27.8
978;2021-08-25;26;51;11818;9878;33.4;28.0
978;2021-08-26;30;26;11848;9904;33.5;28.0
978;2021-08-27;46;87;11894;9991;33.7;28.3
978;2021-08-28;0;0;11894;9991;33.7;28.3
978;2021-08-29;0;0;11894;9991;33.7;28.3
978;2021-08-30;39;113;11933;10104;33.8;28.6
978;2021-08-31;45;81;11978;10185;33.9;28.8
978;2021-09-01;30;85;12008;10270;34.0;29.1
978;2021-09-02;37;70;12045;10340;34.1;29.3
978;2021-09-03;15;96;12060;10436;34.1;29.5
978;2021-09-04;0;0;12060;10436;34.1;29.5
978;2021-09-05;0;0;12060;10436;34.1;29.5
978;2021-09-06;32;80;12092;10516;34.2;29.8
978;2021-09-07;35;51;12127;10567;34.3;29.9
