dep;jour;n_dose1;n_complet;n_cum_dose1;n_cum_complet;couv_dose1;couv_complet
01;2020-12-27;1;0;1;0;0.0;0.0
01;2020-12-28;0;0;1;0;0.0;0.0
01;2020-12-29;0;0;1;0;0.0;0.0
01;2020-12-30;0;0;1;0;0.0;0.0
01;2020-12-31;0;0;1;0;0.0;0.0
01;2021-01-01;2;0;3;0;0.0;0.0
01;2021-01-02;0;0;3;0;0.0;0.0
01;2021-01-03;0;0;3;0;0.0;0.0
01;2021-01-04;2;0;5;0;0.0;0.0
01;2021-01-05;2;0;7;0;0.0;0.0
01;2021-01-06;1;0;8;0;0.0;0.0
01;2021-01-07;67;0;75;0;0.0;0.0
01;2021-01-08;159;0;234;0;0.0;0.0
01;2021-01-09;2;1;236;1;0.0;0.0
01;2021-01-10;1;0;237;1;0.0;0.0
01;2021-01-11;148;0;385;1;0.1;0.0
01;2021-01-12;318;2;703;3;0.1;0.0
01;2021-01-13;445;1;1148;4;0.2;0.0
01;2021-01-14;530;3;1678;7;0.3;0.0
01;2021-01-15;398;3;2076;10;0.3;0.0
01;2021-01-16;202;0;2278;10;0.3;0.0
01;2021-01-17;128;0;2406;10;0.4;0.0
01;2021-01-18;379;1;2785;11;0.4;0.0
01;2021-01-19;1041;1;3826;12;0.6;0.0
01;2021-01-20;1262;2;5088;14;0.8;0.0
01;2021-01-21;1101;4;6189;18;0.9;0.0
01;2021-01-22;650;0;6839;18;1.0;0.0
01;2021-01-23;223;0;7062;18;1.1;0.0
01;2021-01-24;70;1;7132;19;1.1;0.0
01;2021-01-25;485;1;7617;20;1.2;0.0
01;2021-01-26;743;3;8360;23;1.3;0.0
01;2021-01-27;516;3;8876;26;1.4;0.0
01;2021-01-28;681;51;9557;77;1.5;0.0
01;2021-01-29;640;98;10197;175;1.6;0.0
01;2021-01-30;237;15;10434;190;1.6;0.0
01;2021-01-31;62;0;10496;190;1.6;0.0
01;2021-02-01;459;70;10955;260;1.7;0.0
01;2021-02-02;519;171;11474;431;1.7;0.1
01;2021-02-03;376;232;11850;663;1.8;0.1
01;2021-02-04;480;372;12330;1035;1.9;0.2
01;2021-02-05;441;237;12771;1272;1.9;0.2
01;2021-02-06;264;105;13035;1377;2.0;0.2
01;2021-02-07;2;93;13037;1470;2.0;0.2
01;2021-02-08;506;325;13543;1795;2.1;0.3
01;2021-02-09;776;733;14319;2528;2.2;0.4
01;2021-02-10;957;622;15276;3150;2.3;0.5
01;2021-02-11;795;685;16071;3835;2.4;0.6
01;2021-02-12;640;481;16711;4316;2.5;0.7
01;2021-02-13;161;99;16872;4415;2.6;0.7
01;2021-02-14;2;9;16874;4424;2.6;0.7
01;2021-02-15;437;377;17311;4801;2.6;0.7
01;2021-02-16;658;340;17969;5141;2.7;0.8
01;2021-02-17;524;228;18493;5369;2.8;0.8
01;2021-02-18;592;498;19085;5867;2.9;0.9
01;2021-02-19;580;203;19665;6070;3.0;0.9
01;2021-02-20;201;124;19866;6194;3.0;0.9
01;2021-02-21;1;1;19867;6195;3.0;0.9
01;2021-02-22;429;448;20296;6643;3.1;1.0
01;2021-02-23;483;421;20779;7064;3.2;1.1
01;2021-02-24;435;367;21214;7431;3.2;1.1
01;2021-02-25;827;514;22041;7945;3.4;1.2
01;2021-02-26;873;435;22914;8380;3.5;1.3
01;2021-02-27;480;102;23394;8482;3.6;1.3
01;2021-02-28;20;3;23414;8485;3.6;1.3
01;2021-03-01;635;382;24049;8867;3.7;1.3
01;2021-03-02;964;479;25013;9346;3.8;1.4
01;2021-03-03;944;596;25957;9942;4.0;1.5
01;2021-03-04;1198;554;27155;10496;4.1;1.6
01;2021-03-05;1356;436;28511;10932;4.3;1.7
01;2021-03-06;781;91;29292;11023;4.5;1.7
01;2021-03-07;44;1;29336;11024;4.5;1.7
01;2021-03-08;668;571;30004;11595;4.6;1.8
01;2021-03-09;1340;537;31344;12132;4.8;1.8
01;2021-03-10;1163;537;32507;12669;4.9;1.9
01;2021-03-11;1686;603;34193;13272;5.2;2.0
01;2021-03-12;2006;605;36199;13877;5.5;2.1
01;2021-03-13;1502;95;37701;13972;5.7;2.1
01;2021-03-14;134;59;37835;14031;5.8;2.1
01;2021-03-15;1154;393;38989;14424;5.9;2.2
01;2021-03-16;1014;549;40003;14973;6.1;2.3
01;2021-03-17;839;337;40842;15310;6.2;2.3
01;2021-03-18;1295;463;42137;15773;6.4;2.4
01;2021-03-19;1750;529;43887;16302;6.7;2.5
01;2021-03-20;1447;133;45334;16435;6.9;2.5
01;2021-03-21;97;11;45431;16446;6.9;2.5
01;2021-03-22;1576;486;47007;16932;7.2;2.6
01;2021-03-23;2197;643;49204;17575;7.5;2.7
01;2021-03-24;1616;418;50820;17993;7.7;2.7
01;2021-03-25;2910;634;53730;18627;8.2;2.8
01;2021-03-26;2871;613;56601;19240;8.6;2.9
01;2021-03-27;1311;158;57912;19398;8.8;3.0
01;2021-03-28;22;1;57934;19399;8.8;3.0
01;2021-03-29;1930;537;59864;19936;9.1;3.0
01;2021-03-30;2514;771;62378;20707;9.5;3.2
01;2021-03-31;1869;623;64247;21330;9.8;3.2
01;2021-04-01;2569;851;66816;22181;10.2;3.4
01;2021-04-02;2818;724;69634;22905;10.6;3.5
01;2021-04-03;1256;135;70890;23040;10.8;3.5
01;2021-04-04;3;0;70893;23040;10.8;3.5
01;2021-04-05;1261;65;72154;23105;11.0;3.5
01;2021-04-06;2824;794;74978;23899;11.4;3.6
01;2021-04-07;2741;707;77719;24606;11.8;3.7
01;2021-04-08;3245;997;80964;25603;12.3;3.9
01;2021-04-09;3983;1333;84947;26936;12.9;4.1
01;2021-04-10;1823;301;86770;27237;13.2;4.1
01;2021-04-11;44;22;86814;27259;13.2;4.1
01;2021-04-12;2716;1223;89530;28482;13.6;4.3
01;2021-04-13;2944;1325;92474;29807;14.1;4.5
01;2021-04-14;3126;1082;95600;30889;14.6;4.7
01;2021-04-15;3075;1475;98675;32364;15.0;4.9
01;2021-04-16;2861;1579;101536;33943;15.5;5.2
01;2021-04-17;1654;681;103190;34624;15.7;5.3
01;2021-04-18;13;0;103203;34624;15.7;5.3
01;2021-04-19;2039;1521;105242;36145;16.0;5.5
01;2021-04-20;2667;1571;107909;37716;16.4;5.7
01;2021-04-21;2689;1349;110598;39065;16.8;5.9
01;2021-04-22;2835;1530;113433;40595;17.3;6.2
01;2021-04-23;2764;1533;116197;42128;17.7;6.4
01;2021-04-24;1448;653;117645;42781;17.9;6.5
01;2021-04-25;9;0;117654;42781;17.9;6.5
01;2021-04-26;1970;1730;119624;44511;18.2;6.8
01;2021-04-27;2572;1553;122196;46064;18.6;7.0
01;2021-04-28;2500;1568;124696;47632;19.0;7.3
01;2021-04-29;2716;1758;127412;49390;19.4;7.5
01;2021-04-30;2982;2242;130394;51632;19.8;7.9
01;2021-05-01;1473;856;131867;52488;20.1;8.0
01;2021-05-02;545;76;132412;52564;20.2;8.0
01;2021-05-03;2296;2477;134708;55041;20.5;8.4
01;2021-05-04;2539;2635;137247;57676;20.9;8.8
01;2021-05-05;2527;2496;139774;60172;21.3;9.2
01;2021-05-06;2995;2525;142769;62697;21.7;9.5
01;2021-05-07;3216;2774;145985;65471;22.2;10.0
01;2021-05-08;1645;922;147630;66393;22.5;10.1
01;2021-05-09;1022;162;148652;66555;22.6;10.1
01;2021-05-10;2499;3067;151151;69622;23.0;10.6
01;2021-05-11;3581;3055;154732;72677;23.6;11.1
01;2021-05-12;3652;3002;158384;75679;24.1;11.5
01;2021-05-13;4088;1503;162472;77182;24.7;11.7
01;2021-05-14;4272;2345;166744;79527;25.4;12.1
01;2021-05-15;3159;1435;169903;80962;25.9;12.3
01;2021-05-16;1413;150;171316;81112;26.1;12.3
01;2021-05-17;3445;2469;174761;83581;26.6;12.7
01;2021-05-18;4075;1959;178836;85540;27.2;13.0
01;2021-05-19;3974;1900;182810;87440;27.8;13.3
01;2021-05-20;4526;2010;187336;89450;28.5;13.6
01;2021-05-21;4621;2194;191957;91644;29.2;13.9
01;2021-05-22;3368;953;195325;92597;29.7;14.1
01;2021-05-23;834;83;196159;92680;29.9;14.1
01;2021-05-24;2765;500;198924;93180;30.3;14.2
01;2021-05-25;3559;2428;202483;95608;30.8;14.6
01;2021-05-26;3570;2249;206053;97857;31.4;14.9
01;2021-05-27;3853;2093;209906;99950;32.0;15.2
01;2021-05-28;3664;2631;213570;102581;32.5;15.6
01;2021-05-29;3055;1297;216625;103878;33.0;15.8
01;2021-05-30;613;88;217238;103966;33.1;15.8
01;2021-05-31;2406;2516;219644;106482;33.4;16.2
01;2021-06-01;2771;2583;222415;109065;33.9;16.6
01;2021-06-02;2883;2200;225298;111265;34.3;16.9
01;2021-06-03;3366;2441;228664;113706;34.8;17.3
01;2021-06-04;4500;3368;233164;117074;35.5;17.8
01;2021-06-05;3252;1732;236416;118806;36.0;18.1
01;2021-06-06;670;78;237086;118884;36.1;18.1
01;2021-06-07;3388;2875;240474;121759;36.6;18.5
01;2021-06-08;3649;2718;244123;124477;37.2;18.9
01;2021-06-09;2948;2635;247071;127112;37.6;19.3
01;2021-06-10;2767;2037;249838;129149;38.0;19.7
01;2021-06-11;3072;3365;252910;132514;38.5;20.2
01;2021-06-12;2401;2195;255311;134709;38.9;20.5
01;2021-06-13;201;479;255512;135188;38.9;20.6
01;2021-06-14;2119;3162;257631;138350;39.2;21.1
01;2021-06-15;2005;3367;259636;141717;39.5;21.6
01;2021-06-16;2176;3287;261812;145004;39.9;22.1
01;2021-06-17;1959;3171;263771;148175;40.2;22.6
01;2021-06-18;2634;4159;266405;152334;40.6;23.2
01;2021-06-19;1727;2555;268132;154889;40.8;23.6
01;2021-06-20;159;498;268291;155387;40.8;23.7
01;2021-06-21;1798;3703;270089;159090;41.1;24.2
01;2021-06-22;1551;4001;271640;163091;41.3;24.8
01;2021-06-23;1583;3754;273223;166845;41.6;25.4
01;2021-06-24;1471;3564;274694;170409;41.8;25.9
01;2021-06-25;1889;4564;276583;174973;42.1;26.6
01;2021-06-26;1209;2946;277792;177919;42.3;27.1
01;2021-06-27;171;339;277963;178258;42.3;27.1
01;2021-06-28;1382;4024;279345;182282;42.5;27.7
01;2021-06-29;1409;3849;280754;186131;42.7;28.3
01;2021-06-30;1381;4157;282135;190288;42.9;29.0
01;2021-07-01;1430;4086;283565;194374;43.2;29.6
01;2021-07-02;1587;4985;285152;199359;43.4;30.3
01;2021-07-03;858;3373;286010;202732;43.5;30.9
01;2021-07-04;105;499;286115;203231;43.6;30.9
01;2021-07-05;1486;4082;287601;207313;43.8;31.6
01;2021-07-06;1105;4275;288706;211588;43.9;32.2
01;2021-07-07;1757;3696;290463;215284;44.2;32.8
01;2021-07-08;1474;3676;291937;218960;44.4;33.3
01;2021-07-09;1885;4364;293822;223324;44.7;34.0
01;2021-07-10;1119;3438;294941;226762;44.9;34.5
01;2021-07-11;105;418;295046;227180;44.9;34.6
01;2021-07-12;1422;3844;296468;231024;45.1;35.2
01;2021-07-13;2058;4116;298526;235140;45.4;35.8
01;2021-07-14;148;179;298674;235319;45.5;35.8
01;2021-07-15;3104;4190;301778;239509;45.9;36.5
01;2021-07-16;3745;4838;305523;244347;46.5;37.2
01;2021-07-17;2203;3044;307726;247391;46.8;37.7
01;2021-07-18;290;551;308016;247942;46.9;37.7
01;2021-07-19;2915;3869;310931;251811;47.3;38.3
01;2021-07-20;3297;3691;314228;255502;47.8;38.9
01;2021-07-21;3935;3566;318163;259068;48.4;39.4
01;2021-07-22;4219;3494;322382;262562;49.1;40.0
01;2021-07-23;3941;4221;326323;266783;49.7;40.6
01;2021-07-24;2731;2712;329054;269495;50.1;41.0
01;2021-07-25;61;60;329115;269555;50.1;41.0
01;2021-07-26;3346;3240;332461;272795;50.6;41.5
01;2021-07-27;4104;2787;336565;275582;51.2;41.9
01;2021-07-28;3989;2651;340554;278233;51.8;42.4
01;2021-07-29;4696;2437;345250;280670;52.6;42.7
01;2021-07-30;4457;3429;349707;284099;53.2;43.2
01;2021-07-31;3641;1773;353348;285872;53.8;43.5
01;2021-08-01;397;75;353745;285947;53.8;43.5
01;2021-08-02;3078;2455;356823;288402;54.3;43.9
01;2021-08-03;3069;2454;359892;290856;54.8;44.3
01;2021-08-04;2542;1736;362434;292592;55.2;44.5
01;2021-08-05;2246;2363;364680;294955;55.5;44.9
01;2021-08-06;2748;3113;367428;298068;55.9;45.4
01;2021-08-07;2071;1837;369499;299905;56.2;45.7
01;2021-08-08;248;258;369747;300163;56.3;45.7
01;2021-08-09;1136;2633;370883;302796;56.5;46.1
01;2021-08-10;1445;2412;372328;305208;56.7;46.5
01;2021-08-11;1472;2596;373800;307804;56.9;46.9
01;2021-08-12;1626;2828;375426;310632;57.1;47.3
01;2021-08-13;1814;2728;377240;313360;57.4;47.7
01;2021-08-14;1392;2233;378632;315593;57.6;48.0
01;2021-08-15;18;21;378650;315614;57.6;48.0
01;2021-08-16;983;3012;379633;318626;57.8;48.5
01;2021-08-17;1355;2761;380988;321387;58.0;48.9
01;2021-08-18;1257;2907;382245;324294;58.2;49.4
01;2021-08-19;1300;2425;383545;326719;58.4;49.7
01;2021-08-20;1458;3951;385003;330670;58.6;50.3
01;2021-08-21;883;2848;385886;333518;58.7;50.8
01;2021-08-22;19;20;385905;333538;58.7;50.8
01;2021-08-23;1115;3018;387020;336556;58.9;51.2
01;2021-08-24;1228;3153;388248;339709;59.1;51.7
01;2021-08-25;1124;2992;389372;342701;59.3;52.2
01;2021-08-26;1646;2737;391018;345438;59.5;52.6
01;2021-08-27;1641;3652;392659;349090;59.8;53.1
01;2021-08-28;1044;2591;393703;351681;59.9;53.5
01;2021-08-29;16;31;393719;351712;59.9;53.5
01;2021-08-30;1187;2737;394906;354449;60.1;54.0
01;2021-08-31;1090;1946;395996;356395;60.3;54.2
01;2021-09-01;917;1872;396913;358267;60.4;54.5
01;2021-09-02;804;1763;397717;360030;60.5;54.8
01;2021-09-03;1130;2404;398847;362434;60.7;55.2
01;2021-09-04;796;2004;399643;364438;60.8;55.5
01;2021-09-05;97;82;399740;364520;60.8;55.5
01;2021-09-06;651;1399;400391;365919;60.9;55.7
01;2021-09-07;577;1205;400968;367124;61.0;55.9
01;2021-09-08;815;1584;401783;368708;61.2;56.1
01;2021-09-09;765;1284;402548;369992;61.3;56.3
01;2021-09-10;1044;1821;403592;371813;61.4;56.6
01;2021-09-11;736;1496;404328;373309;61.5;56.8
01;2021-09-12;23;41;404351;373350;61.5;56.8
01;2021-09-13;574;1343;404925;374693;61.6;57.0
01;2021-09-14;618;1410;405543;376103;61.7;57.2
01;2021-09-15;719;1444;406262;377547;61.8;57.5
01;2021-09-16;489;921;406751;378468;61.9;57.6
01;2021-09-17;755;1389;407506;379857;62.0;57.8
01;2021-09-18;376;1205;407882;381062;62.1;58.0
01;2021-09-19;7;10;407889;381072;62.1;58.0
01;2021-09-20;372;634;408261;381706;62.1;58.1
01;2021-09-21;384;701;408645;382407;62.2;58.2
01;2021-09-22;347;899;408992;383306;62.3;58.3
01;2021-09-23;295;658;409287;383964;62.3;58.4
01;2021-09-24;402;943;409689;384907;62.4;58.6
01;2021-09-25;307;955;409996;385862;62.4;58.7
01;2021-09-26;2;24;409998;385886;62.4;58.7
01;2021-09-27;174;556;410172;386442;62.4;58.8
01;2021-09-28;310;1194;410482;387636;62.5;59.0
01;2021-09-29;464;1281;410946;388917;62.6;59.2
01;2021-09-30;342;828;411288;389745;62.6;59.3
01;2021-10-01;463;1074;411751;390819;62.7;59.5
01;2021-10-02;397;1305;412148;392124;62.7;59.7
01;2021-10-03;0;0;412148;392124;62.7;59.7
01;2021-10-04;192;512;412340;392636;62.8;59.8
01;2021-10-05;204;531;412544;393167;62.8;59.8
02;2020-12-27;0;0;0;0;0.0;0.0
02;2020-12-28;0;0;0;0;0.0;0.0
02;2020-12-29;0;0;0;0;0.0;0.0
02;2020-12-30;0;0;0;0;0.0;0.0
02;2020-12-31;0;0;0;0;0.0;0.0
02;2021-01-01;0;0;0;0;0.0;0.0
02;2021-01-02;0;0;0;0;0.0;0.0
02;2021-01-03;0;0;0;0;0.0;0.0
02;2021-01-04;0;0;0;0;0.0;0.0
02;2021-01-05;0;0;0;0;0.0;0.0
02;2021-01-06;22;0;22;0;0.0;0.0
02;2021-01-07;261;1;283;1;0.1;0.0
02;2021-01-08;489;3;772;4;0.1;0.0
02;2021-01-09;74;0;846;4;0.2;0.0
02;2021-01-10;49;0;895;4;0.2;0.0
02;2021-01-11;267;0;1162;4;0.2;0.0
02;2021-01-12;354;1;1516;5;0.3;0.0
02;2021-01-13;469;4;1985;9;0.4;0.0
02;2021-01-14;652;11;2637;20;0.5;0.0
02;2021-01-15;630;6;3267;26;0.6;0.0
02;2021-01-16;333;4;3600;30;0.7;0.0
02;2021-01-17;62;0;3662;30;0.7;0.0
02;2021-01-18;811;8;4473;38;0.9;0.0
02;2021-01-19;941;6;5414;44;1.0;0.0
02;2021-01-20;1431;5;6845;49;1.3;0.0
02;2021-01-21;2604;5;9449;54;1.8;0.0
02;2021-01-22;1420;5;10869;59;2.1;0.0
02;2021-01-23;290;1;11159;60;2.1;0.0
02;2021-01-24;67;0;11226;60;2.1;0.0
02;2021-01-25;432;8;11658;68;2.2;0.0
02;2021-01-26;704;15;12362;83;2.3;0.0
02;2021-01-27;162;2;12524;85;2.4;0.0
02;2021-01-28;69;226;12593;311;2.4;0.1
02;2021-01-29;119;376;12712;687;2.4;0.1
02;2021-01-30;4;13;12716;700;2.4;0.1
02;2021-01-31;0;10;12716;710;2.4;0.1
02;2021-02-01;11;202;12727;912;2.4;0.2
02;2021-02-02;45;314;12772;1226;2.4;0.2
02;2021-02-03;124;307;12896;1533;2.5;0.3
02;2021-02-04;226;325;13122;1858;2.5;0.4
02;2021-02-05;179;371;13301;2229;2.5;0.4
02;2021-02-06;69;149;13370;2378;2.5;0.5
02;2021-02-07;9;0;13379;2378;2.5;0.5
02;2021-02-08;306;398;13685;2776;2.6;0.5
02;2021-02-09;322;607;14007;3383;2.7;0.6
02;2021-02-10;485;939;14492;4322;2.8;0.8
02;2021-02-11;937;1727;15429;6049;2.9;1.1
02;2021-02-12;885;1017;16314;7066;3.1;1.3
02;2021-02-13;290;111;16604;7177;3.2;1.4
02;2021-02-14;1;5;16605;7182;3.2;1.4
02;2021-02-15;344;518;16949;7700;3.2;1.5
02;2021-02-16;414;425;17363;8125;3.3;1.5
02;2021-02-17;499;490;17862;8615;3.4;1.6
02;2021-02-18;507;356;18369;8971;3.5;1.7
02;2021-02-19;444;465;18813;9436;3.6;1.8
02;2021-02-20;372;194;19185;9630;3.6;1.8
02;2021-02-21;39;17;19224;9647;3.7;1.8
02;2021-02-22;377;255;19601;9902;3.7;1.9
02;2021-02-23;432;296;20033;10198;3.8;1.9
02;2021-02-24;600;126;20633;10324;3.9;2.0
02;2021-02-25;870;122;21503;10446;4.1;2.0
02;2021-02-26;808;72;22311;10518;4.2;2.0
02;2021-02-27;444;14;22755;10532;4.3;2.0
02;2021-02-28;55;2;22810;10534;4.3;2.0
02;2021-03-01;638;23;23448;10557;4.5;2.0
02;2021-03-02;1031;122;24479;10679;4.7;2.0
02;2021-03-03;754;198;25233;10877;4.8;2.1
02;2021-03-04;1161;608;26394;11485;5.0;2.2
02;2021-03-05;1048;494;27442;11979;5.2;2.3
02;2021-03-06;2141;96;29583;12075;5.6;2.3
02;2021-03-07;1505;51;31088;12126;5.9;2.3
02;2021-03-08;574;337;31662;12463;6.0;2.4
02;2021-03-09;997;375;32659;12838;6.2;2.4
02;2021-03-10;895;434;33554;13272;6.4;2.5
02;2021-03-11;1294;380;34848;13652;6.6;2.6
02;2021-03-12;1706;388;36554;14040;6.9;2.7
02;2021-03-13;2592;243;39146;14283;7.4;2.7
02;2021-03-14;1458;44;40604;14327;7.7;2.7
02;2021-03-15;612;442;41216;14769;7.8;2.8
02;2021-03-16;862;399;42078;15168;8.0;2.9
02;2021-03-17;759;436;42837;15604;8.1;3.0
02;2021-03-18;610;610;43447;16214;8.3;3.1
02;2021-03-19;1171;294;44618;16508;8.5;3.1
02;2021-03-20;2429;157;47047;16665;8.9;3.2
02;2021-03-21;1488;84;48535;16749;9.2;3.2
02;2021-03-22;762;486;49297;17235;9.4;3.3
02;2021-03-23;1195;541;50492;17776;9.6;3.4
02;2021-03-24;1582;499;52074;18275;9.9;3.5
02;2021-03-25;1693;591;53767;18866;10.2;3.6
02;2021-03-26;2412;491;56179;19357;10.7;3.7
02;2021-03-27;2494;141;58673;19498;11.2;3.7
02;2021-03-28;638;14;59311;19512;11.3;3.7
02;2021-03-29;1038;850;60349;20362;11.5;3.9
02;2021-03-30;1553;839;61902;21201;11.8;4.0
02;2021-03-31;1298;712;63200;21913;12.0;4.2
02;2021-04-01;1290;861;64490;22774;12.3;4.3
02;2021-04-02;1183;1222;65673;23996;12.5;4.6
02;2021-04-03;2644;848;68317;24844;13.0;4.7
02;2021-04-04;727;240;69044;25084;13.1;4.8
02;2021-04-05;1509;134;70553;25218;13.4;4.8
02;2021-04-06;1539;853;72092;26071;13.7;5.0
02;2021-04-07;1872;777;73964;26848;14.1;5.1
02;2021-04-08;1919;1105;75883;27953;14.4;5.3
02;2021-04-09;2432;1093;78315;29046;14.9;5.5
02;2021-04-10;2430;1211;80745;30257;15.3;5.8
02;2021-04-11;476;416;81221;30673;15.4;5.8
02;2021-04-12;1823;619;83044;31292;15.8;5.9
02;2021-04-13;1601;923;84645;32215;16.1;6.1
02;2021-04-14;2583;977;87228;33192;16.6;6.3
02;2021-04-15;2494;777;89722;33969;17.1;6.5
02;2021-04-16;2439;1131;92161;35100;17.5;6.7
02;2021-04-17;1890;2141;94051;37241;17.9;7.1
02;2021-04-18;270;811;94321;38052;17.9;7.2
02;2021-04-19;1158;633;95479;38685;18.2;7.4
02;2021-04-20;1674;765;97153;39450;18.5;7.5
02;2021-04-21;1550;994;98703;40444;18.8;7.7
02;2021-04-22;1748;705;100451;41149;19.1;7.8
02;2021-04-23;1930;1409;102381;42558;19.5;8.1
02;2021-04-24;1714;1638;104095;44196;19.8;8.4
02;2021-04-25;462;235;104557;44431;19.9;8.4
02;2021-04-26;1339;562;105896;44993;20.1;8.6
02;2021-04-27;1627;1092;107523;46085;20.4;8.8
02;2021-04-28;1592;1429;109115;47514;20.7;9.0
02;2021-04-29;1889;1170;111004;48684;21.1;9.3
02;2021-04-30;2716;1651;113720;50335;21.6;9.6
02;2021-05-01;1991;1228;115711;51563;22.0;9.8
02;2021-05-02;1982;422;117693;51985;22.4;9.9
02;2021-05-03;2224;981;119917;52966;22.8;10.1
02;2021-05-04;1522;1306;121439;54272;23.1;10.3
02;2021-05-05;2327;1842;123766;56114;23.5;10.7
02;2021-05-06;2122;1737;125888;57851;23.9;11.0
02;2021-05-07;2358;2171;128246;60022;24.4;11.4
02;2021-05-08;2917;950;131163;60972;24.9;11.6
02;2021-05-09;1823;423;132986;61395;25.3;11.7
02;2021-05-10;2375;1481;135361;62876;25.7;12.0
02;2021-05-11;2877;1569;138238;64445;26.3;12.3
02;2021-05-12;2675;1607;140913;66052;26.8;12.6
02;2021-05-13;2990;1039;143903;67091;27.4;12.8
02;2021-05-14;3381;1198;147284;68289;28.0;13.0
02;2021-05-15;4374;1082;151658;69371;28.8;13.2
02;2021-05-16;2795;212;154453;69583;29.4;13.2
02;2021-05-17;2147;664;156600;70247;29.8;13.4
02;2021-05-18;2634;971;159234;71218;30.3;13.5
02;2021-05-19;2852;999;162086;72217;30.8;13.7
02;2021-05-20;3553;1230;165639;73447;31.5;14.0
02;2021-05-21;3818;1067;169457;74514;32.2;14.2
02;2021-05-22;5845;969;175302;75483;33.3;14.3
02;2021-05-23;2658;240;177960;75723;33.8;14.4
02;2021-05-24;3541;544;181501;76267;34.5;14.5
02;2021-05-25;2257;1164;183758;77431;34.9;14.7
02;2021-05-26;3079;1498;186837;78929;35.5;15.0
02;2021-05-27;3649;1487;190486;80416;36.2;15.3
02;2021-05-28;3515;1577;194001;81993;36.9;15.6
02;2021-05-29;4079;1561;198080;83554;37.7;15.9
02;2021-05-30;1449;177;199529;83731;37.9;15.9
02;2021-05-31;2575;1187;202104;84918;38.4;16.1
02;2021-06-01;2870;1867;204974;86785;39.0;16.5
02;2021-06-02;3159;1652;208133;88437;39.6;16.8
02;2021-06-03;2854;1835;210987;90272;40.1;17.2
02;2021-06-04;3142;2054;214129;92326;40.7;17.6
02;2021-06-05;3441;1733;217570;94059;41.4;17.9
02;2021-06-06;1736;259;219306;94318;41.7;17.9
02;2021-06-07;1613;1500;220919;95818;42.0;18.2
02;2021-06-08;2061;1839;222980;97657;42.4;18.6
02;2021-06-09;2057;1646;225037;99303;42.8;18.9
02;2021-06-10;2011;1842;227048;101145;43.2;19.2
02;2021-06-11;2193;3073;229241;104218;43.6;19.8
02;2021-06-12;2311;2592;231552;106810;44.0;20.3
02;2021-06-13;683;1387;232235;108197;44.1;20.6
02;2021-06-14;1049;2391;233284;110588;44.3;21.0
02;2021-06-15;1518;2458;234802;113046;44.6;21.5
02;2021-06-16;1534;2749;236336;115795;44.9;22.0
02;2021-06-17;1782;2854;238118;118649;45.3;22.6
02;2021-06-18;2312;3570;240430;122219;45.7;23.2
02;2021-06-19;1841;3820;242271;126039;46.1;24.0
02;2021-06-20;644;1522;242915;127561;46.2;24.2
02;2021-06-21;806;3190;243721;130751;46.3;24.9
02;2021-06-22;1155;3667;244876;134418;46.5;25.6
02;2021-06-23;1226;3587;246102;138005;46.8;26.2
02;2021-06-24;1327;3149;247429;141154;47.0;26.8
02;2021-06-25;1399;4545;248828;145699;47.3;27.7
02;2021-06-26;1345;4228;250173;149927;47.6;28.5
02;2021-06-27;600;2333;250773;152260;47.7;28.9
02;2021-06-28;877;3021;251650;155281;47.8;29.5
02;2021-06-29;919;2929;252569;158210;48.0;30.1
02;2021-06-30;1509;3161;254078;161371;48.3;30.7
02;2021-07-01;1193;3591;255271;164962;48.5;31.4
02;2021-07-02;1358;5132;256629;170094;48.8;32.3
02;2021-07-03;999;5989;257628;176083;49.0;33.5
02;2021-07-04;509;2370;258137;178453;49.1;33.9
02;2021-07-05;661;3935;258798;182388;49.2;34.7
02;2021-07-06;675;3045;259473;185433;49.3;35.3
02;2021-07-07;1322;3727;260795;189160;49.6;36.0
02;2021-07-08;1393;3869;262188;193029;49.8;36.7
02;2021-07-09;1283;4216;263471;197245;50.1;37.5
02;2021-07-10;1332;4604;264803;201849;50.3;38.4
02;2021-07-11;480;1967;265283;203816;50.4;38.7
02;2021-07-12;1415;3726;266698;207542;50.7;39.5
02;2021-07-13;2065;3662;268763;211204;51.1;40.1
02;2021-07-14;1753;1599;270516;212803;51.4;40.5
02;2021-07-15;2727;3560;273243;216363;51.9;41.1
02;2021-07-16;3164;4217;276407;220580;52.5;41.9
02;2021-07-17;3561;4230;279968;224810;53.2;42.7
02;2021-07-18;2037;1616;282005;226426;53.6;43.0
02;2021-07-19;3440;3033;285445;229459;54.3;43.6
02;2021-07-20;3501;3303;288946;232762;54.9;44.2
02;2021-07-21;3910;2952;292856;235714;55.7;44.8
02;2021-07-22;3324;2801;296180;238515;56.3;45.3
02;2021-07-23;3205;3554;299385;242069;56.9;46.0
02;2021-07-24;4447;3724;303832;245793;57.8;46.7
02;2021-07-25;2191;1089;306023;246882;58.2;46.9
02;2021-07-26;3874;2252;309897;249134;58.9;47.4
02;2021-07-27;3660;2147;313557;251281;59.6;47.8
02;2021-07-28;3279;2096;316836;253377;60.2;48.2
02;2021-07-29;2583;2225;319419;255602;60.7;48.6
02;2021-07-30;3313;2308;322732;257910;61.4;49.0
02;2021-07-31;4183;2280;326915;260190;62.1;49.5
02;2021-08-01;1475;692;328390;260882;62.4;49.6
02;2021-08-02;2042;1601;330432;262483;62.8;49.9
02;2021-08-03;2530;1897;332962;264380;63.3;50.3
02;2021-08-04;2576;1711;335538;266091;63.8;50.6
02;2021-08-05;1849;2265;337387;268356;64.1;51.0
02;2021-08-06;2101;2741;339488;271097;64.5;51.5
02;2021-08-07;2522;2785;342010;273882;65.0;52.1
02;2021-08-08;1026;1572;343036;275454;65.2;52.4
02;2021-08-09;1909;2749;344945;278203;65.6;52.9
02;2021-08-10;1766;2462;346711;280665;65.9;53.4
02;2021-08-11;1481;2109;348192;282774;66.2;53.8
02;2021-08-12;1205;2332;349397;285106;66.4;54.2
02;2021-08-13;1611;2908;351008;288014;66.7;54.8
02;2021-08-14;1666;3696;352674;291710;67.0;55.5
02;2021-08-15;161;572;352835;292282;67.1;55.6
02;2021-08-16;1282;3755;354117;296037;67.3;56.3
02;2021-08-17;1421;2840;355538;298877;67.6;56.8
02;2021-08-18;1578;3183;357116;302060;67.9;57.4
02;2021-08-19;1134;3218;358250;305278;68.1;58.0
02;2021-08-20;1205;2951;359455;308229;68.3;58.6
02;2021-08-21;1449;4082;360904;312311;68.6;59.4
02;2021-08-22;407;1657;361311;313968;68.7;59.7
02;2021-08-23;1157;3080;362468;317048;68.9;60.3
02;2021-08-24;907;2184;363375;319232;69.1;60.7
02;2021-08-25;1021;2596;364396;321828;69.3;61.2
02;2021-08-26;913;2333;365309;324161;69.4;61.6
02;2021-08-27;965;2615;366274;326776;69.6;62.1
02;2021-08-28;1301;3429;367575;330205;69.9;62.8
02;2021-08-29;328;1170;367903;331375;69.9;63.0
02;2021-08-30;996;2473;368899;333848;70.1;63.5
02;2021-08-31;865;2259;369764;336107;70.3;63.9
02;2021-09-01;707;1551;370471;337658;70.4;64.2
02;2021-09-02;651;1726;371122;339384;70.5;64.5
02;2021-09-03;695;1947;371817;341331;70.7;64.9
02;2021-09-04;856;2836;372673;344167;70.8;65.4
02;2021-09-05;226;520;372899;344687;70.9;65.5
02;2021-09-06;405;1038;373304;345725;71.0;65.7
02;2021-09-07;453;1404;373757;347129;71.0;66.0
02;2021-09-08;516;1872;374273;349001;71.1;66.3
02;2021-09-09;441;1327;374714;350328;71.2;66.6
02;2021-09-10;563;1550;375277;351878;71.3;66.9
02;2021-09-11;723;2275;376000;354153;71.5;67.3
02;2021-09-12;91;287;376091;354440;71.5;67.4
02;2021-09-13;422;1209;376513;355649;71.6;67.6
02;2021-09-14;413;1169;376926;356818;71.7;67.8
02;2021-09-15;446;1306;377372;358124;71.7;68.1
02;2021-09-16;454;833;377826;358957;71.8;68.2
02;2021-09-17;581;932;378407;359889;71.9;68.4
02;2021-09-18;564;2029;378971;361918;72.0;68.8
02;2021-09-19;78;259;379049;362177;72.1;68.8
02;2021-09-20;296;651;379345;362828;72.1;69.0
02;2021-09-21;277;625;379622;363453;72.2;69.1
02;2021-09-22;361;906;379983;364359;72.2;69.3
02;2021-09-23;260;563;380243;364922;72.3;69.4
02;2021-09-24;296;762;380539;365684;72.3;69.5
02;2021-09-25;318;1209;380857;366893;72.4;69.7
02;2021-09-26;33;158;380890;367051;72.4;69.8
02;2021-09-27;138;367;381028;367418;72.4;69.8
02;2021-09-28;156;392;381184;367810;72.5;69.9
02;2021-09-29;228;418;381412;368228;72.5;70.0
02;2021-09-30;238;479;381650;368707;72.6;70.1
02;2021-10-01;349;656;381999;369363;72.6;70.2
02;2021-10-02;388;851;382387;370214;72.7;70.4
02;2021-10-03;35;59;382422;370273;72.7;70.4
02;2021-10-04;156;362;382578;370635;72.7;70.5
02;2021-10-05;171;318;382749;370953;72.8;70.5
03;2020-12-27;0;0;0;0;0.0;0.0
03;2020-12-28;1;0;1;0;0.0;0.0
03;2020-12-29;0;0;1;0;0.0;0.0
03;2020-12-30;1;0;2;0;0.0;0.0
03;2020-12-31;0;0;2;0;0.0;0.0
03;2021-01-01;0;0;2;0;0.0;0.0
03;2021-01-02;0;0;2;0;0.0;0.0
03;2021-01-03;0;0;2;0;0.0;0.0
03;2021-01-04;0;0;2;0;0.0;0.0
03;2021-01-05;0;0;2;0;0.0;0.0
03;2021-01-06;10;0;12;0;0.0;0.0
03;2021-01-07;61;0;73;0;0.0;0.0
03;2021-01-08;146;1;219;1;0.1;0.0
03;2021-01-09;122;0;341;1;0.1;0.0
03;2021-01-10;6;0;347;1;0.1;0.0
03;2021-01-11;412;1;759;2;0.2;0.0
03;2021-01-12;631;0;1390;2;0.4;0.0
03;2021-01-13;669;2;2059;4;0.6;0.0
03;2021-01-14;861;4;2920;8;0.9;0.0
03;2021-01-15;387;2;3307;10;1.0;0.0
03;2021-01-16;278;0;3585;10;1.1;0.0
03;2021-01-17;42;0;3627;10;1.1;0.0
03;2021-01-18;878;0;4505;10;1.4;0.0
03;2021-01-19;1151;2;5656;12;1.7;0.0
03;2021-01-20;1292;3;6948;15;2.1;0.0
03;2021-01-21;1200;5;8148;20;2.5;0.0
03;2021-01-22;1117;4;9265;24;2.8;0.0
03;2021-01-23;465;0;9730;24;2.9;0.0
03;2021-01-24;0;0;9730;24;2.9;0.0
03;2021-01-25;187;0;9917;24;3.0;0.0
03;2021-01-26;680;7;10597;31;3.2;0.0
03;2021-01-27;696;10;11293;41;3.4;0.0
03;2021-01-28;1020;40;12313;81;3.7;0.0
03;2021-01-29;856;77;13169;158;4.0;0.0
03;2021-01-30;600;1;13769;159;4.2;0.0
03;2021-01-31;0;0;13769;159;4.2;0.0
03;2021-02-01;160;67;13929;226;4.2;0.1
03;2021-02-02;767;226;14696;452;4.4;0.1
03;2021-02-03;1056;422;15752;874;4.8;0.3
03;2021-02-04;1558;596;17310;1470;5.2;0.4
03;2021-02-05;948;297;18258;1767;5.5;0.5
03;2021-02-06;152;13;18410;1780;5.6;0.5
03;2021-02-07;5;0;18415;1780;5.6;0.5
03;2021-02-08;128;51;18543;1831;5.6;0.6
03;2021-02-09;612;420;19155;2251;5.8;0.7
03;2021-02-10;485;331;19640;2582;5.9;0.8
03;2021-02-11;1027;555;20667;3137;6.2;0.9
03;2021-02-12;1078;511;21745;3648;6.6;1.1
03;2021-02-13;126;151;21871;3799;6.6;1.1
03;2021-02-14;0;1;21871;3800;6.6;1.1
03;2021-02-15;309;606;22180;4406;6.7;1.3
03;2021-02-16;548;914;22728;5320;6.9;1.6
03;2021-02-17;452;1057;23180;6377;7.0;1.9
03;2021-02-18;368;1003;23548;7380;7.1;2.2
03;2021-02-19;497;658;24045;8038;7.3;2.4
03;2021-02-20;128;143;24173;8181;7.3;2.5
03;2021-02-21;2;1;24175;8182;7.3;2.5
03;2021-02-22;158;160;24333;8342;7.3;2.5
03;2021-02-23;720;767;25053;9109;7.6;2.7
03;2021-02-24;610;867;25663;9976;7.7;3.0
03;2021-02-25;1093;1560;26756;11536;8.1;3.5
03;2021-02-26;822;1215;27578;12751;8.3;3.8
03;2021-02-27;96;212;27674;12963;8.4;3.9
03;2021-02-28;0;14;27674;12977;8.4;3.9
03;2021-03-01;178;217;27852;13194;8.4;4.0
03;2021-03-02;818;586;28670;13780;8.7;4.2
03;2021-03-03;904;396;29574;14176;8.9;4.3
03;2021-03-04;1541;533;31115;14709;9.4;4.4
03;2021-03-05;1121;656;32236;15365;9.7;4.6
03;2021-03-06;915;107;33151;15472;10.0;4.7
03;2021-03-07;2;0;33153;15472;10.0;4.7
03;2021-03-08;240;232;33393;15704;10.1;4.7
03;2021-03-09;1016;419;34409;16123;10.4;4.9
03;2021-03-10;941;506;35350;16629;10.7;5.0
03;2021-03-11;1675;619;37025;17248;11.2;5.2
03;2021-03-12;1303;797;38328;18045;11.6;5.4
03;2021-03-13;864;113;39192;18158;11.8;5.5
03;2021-03-14;2;5;39194;18163;11.8;5.5
03;2021-03-15;250;194;39444;18357;11.9;5.5
03;2021-03-16;650;396;40094;18753;12.1;5.7
03;2021-03-17;1304;429;41398;19182;12.5;5.8
03;2021-03-18;1720;393;43118;19575;13.0;5.9
03;2021-03-19;1728;361;44846;19936;13.5;6.0
03;2021-03-20;301;27;45147;19963;13.6;6.0
03;2021-03-21;1;0;45148;19963;13.6;6.0
03;2021-03-22;223;387;45371;20350;13.7;6.1
03;2021-03-23;1355;351;46726;20701;14.1;6.2
03;2021-03-24;1824;349;48550;21050;14.7;6.4
03;2021-03-25;2367;567;50917;21617;15.4;6.5
03;2021-03-26;2240;444;53157;22061;16.0;6.7
03;2021-03-27;817;22;53974;22083;16.3;6.7
03;2021-03-28;1;39;53975;22122;16.3;6.7
03;2021-03-29;659;175;54634;22297;16.5;6.7
03;2021-03-30;1908;450;56542;22747;17.1;6.9
03;2021-03-31;1014;982;57556;23729;17.4;7.2
03;2021-04-01;1375;1093;58931;24822;17.8;7.5
03;2021-04-02;1705;614;60636;25436;18.3;7.7
03;2021-04-03;365;99;61001;25535;18.4;7.7
03;2021-04-04;3;0;61004;25535;18.4;7.7
03;2021-04-05;18;14;61022;25549;18.4;7.7
03;2021-04-06;1073;410;62095;25959;18.7;7.8
03;2021-04-07;1562;523;63657;26482;19.2;8.0
03;2021-04-08;2121;486;65778;26968;19.9;8.1
03;2021-04-09;2056;1160;67834;28128;20.5;8.5
03;2021-04-10;1013;73;68847;28201;20.8;8.5
03;2021-04-11;478;9;69325;28210;20.9;8.5
03;2021-04-12;986;228;70311;28438;21.2;8.6
03;2021-04-13;1873;986;72184;29424;21.8;8.9
03;2021-04-14;2334;1222;74518;30646;22.5;9.2
03;2021-04-15;2621;1400;77139;32046;23.3;9.7
03;2021-04-16;2835;1184;79974;33230;24.1;10.0
03;2021-04-17;1083;441;81057;33671;24.5;10.2
03;2021-04-18;0;0;81057;33671;24.5;10.2
03;2021-04-19;1191;586;82248;34257;24.8;10.3
03;2021-04-20;1747;1274;83995;35531;25.4;10.7
03;2021-04-21;1122;1293;85117;36824;25.7;11.1
03;2021-04-22;1675;1000;86792;37824;26.2;11.4
03;2021-04-23;2478;1274;89270;39098;26.9;11.8
03;2021-04-24;1301;923;90571;40021;27.3;12.1
03;2021-04-25;350;16;90921;40037;27.4;12.1
03;2021-04-26;1332;466;92253;40503;27.8;12.2
03;2021-04-27;1766;1522;94019;42025;28.4;12.7
03;2021-04-28;1930;1119;95949;43144;29.0;13.0
03;2021-04-29;2370;1238;98319;44382;29.7;13.4
03;2021-04-30;1931;807;100250;45189;30.3;13.6
03;2021-05-01;438;493;100688;45682;30.4;13.8
03;2021-05-02;2;1;100690;45683;30.4;13.8
03;2021-05-03;1912;773;102602;46456;31.0;14.0
03;2021-05-04;2845;1634;105447;48090;31.8;14.5
03;2021-05-05;2604;1332;108051;49422;32.6;14.9
03;2021-05-06;3095;2007;111146;51429;33.5;15.5
03;2021-05-07;4729;1791;115875;53220;35.0;16.1
03;2021-05-08;661;381;116536;53601;35.2;16.2
03;2021-05-09;49;511;116585;54112;35.2;16.3
03;2021-05-10;1892;1480;118477;55592;35.8;16.8
03;2021-05-11;3900;1838;122377;57430;36.9;17.3
03;2021-05-12;2972;1521;125349;58951;37.8;17.8
03;2021-05-13;4384;410;129733;59361;39.2;17.9
03;2021-05-14;3655;1698;133388;61059;40.3;18.4
03;2021-05-15;1943;490;135331;61549;40.8;18.6
03;2021-05-16;522;57;135853;61606;41.0;18.6
03;2021-05-17;1277;862;137130;62468;41.4;18.9
03;2021-05-18;3068;1505;140198;63973;42.3;19.3
03;2021-05-19;2623;967;142821;64940;43.1;19.6
03;2021-05-20;3334;1143;146155;66083;44.1;19.9
03;2021-05-21;4194;1281;150349;67364;45.4;20.3
03;2021-05-22;2012;359;152361;67723;46.0;20.4
03;2021-05-23;641;73;153002;67796;46.2;20.5
03;2021-05-24;2654;216;155656;68012;47.0;20.5
03;2021-05-25;3067;1689;158723;69701;47.9;21.0
03;2021-05-26;2336;1041;161059;70742;48.6;21.4
03;2021-05-27;2945;1126;164004;71868;49.5;21.7
03;2021-05-28;3848;2280;167852;74148;50.7;22.4
03;2021-05-29;1748;603;169600;74751;51.2;22.6
03;2021-05-30;242;23;169842;74774;51.3;22.6
03;2021-05-31;697;570;170539;75344;51.5;22.7
03;2021-06-01;2302;2346;172841;77690;52.2;23.4
03;2021-06-02;1534;1748;174375;79438;52.6;24.0
03;2021-06-03;2060;2753;176435;82191;53.3;24.8
03;2021-06-04;1698;2508;178133;84699;53.8;25.6
03;2021-06-05;1076;1143;179209;85842;54.1;25.9
03;2021-06-06;59;7;179268;85849;54.1;25.9
03;2021-06-07;785;1815;180053;87664;54.3;26.5
03;2021-06-08;1458;2557;181511;90221;54.8;27.2
03;2021-06-09;1267;1877;182778;92098;55.2;27.8
03;2021-06-10;1381;2124;184159;94222;55.6;28.4
03;2021-06-11;1503;3450;185662;97672;56.0;29.5
03;2021-06-12;831;823;186493;98495;56.3;29.7
03;2021-06-13;20;10;186513;98505;56.3;29.7
03;2021-06-14;381;2175;186894;100680;56.4;30.4
03;2021-06-15;1317;3835;188211;104515;56.8;31.5
03;2021-06-16;788;2890;188999;107405;57.0;32.4
03;2021-06-17;1083;3333;190082;110738;57.4;33.4
03;2021-06-18;1107;3979;191189;114717;57.7;34.6
03;2021-06-19;641;1618;191830;116335;57.9;35.1
03;2021-06-20;20;8;191850;116343;57.9;35.1
03;2021-06-21;461;2636;192311;118979;58.0;35.9
03;2021-06-22;1027;4003;193338;122982;58.4;37.1
03;2021-06-23;716;3285;194054;126267;58.6;38.1
03;2021-06-24;982;3862;195036;130129;58.9;39.3
03;2021-06-25;1016;3892;196052;134021;59.2;40.5
03;2021-06-26;513;2040;196565;136061;59.3;41.1
03;2021-06-27;65;486;196630;136547;59.3;41.2
03;2021-06-28;642;2097;197272;138644;59.5;41.8
03;2021-06-29;1028;3330;198300;141974;59.9;42.9
03;2021-06-30;831;3120;199131;145094;60.1;43.8
03;2021-07-01;987;2936;200118;148030;60.4;44.7
03;2021-07-02;920;4094;201038;152124;60.7;45.9
03;2021-07-03;487;1884;201525;154008;60.8;46.5
03;2021-07-04;20;332;201545;154340;60.8;46.6
03;2021-07-05;817;2381;202362;156721;61.1;47.3
03;2021-07-06;1171;3462;203533;160183;61.4;48.3
03;2021-07-07;804;2617;204337;162800;61.7;49.1
03;2021-07-08;1060;3042;205397;165842;62.0;50.1
03;2021-07-09;1470;3626;206867;169468;62.4;51.2
03;2021-07-10;508;1925;207375;171393;62.6;51.7
03;2021-07-11;61;492;207436;171885;62.6;51.9
03;2021-07-12;939;1148;208375;173033;62.9;52.2
03;2021-07-13;2612;3152;210987;176185;63.7;53.2
03;2021-07-14;195;25;211182;176210;63.7;53.2
03;2021-07-15;2613;2454;213795;178664;64.5;53.9
03;2021-07-16;2737;2274;216532;180938;65.4;54.6
03;2021-07-17;1032;1626;217564;182564;65.7;55.1
03;2021-07-18;33;6;217597;182570;65.7;55.1
03;2021-07-19;2392;1276;219989;183846;66.4;55.5
03;2021-07-20;3074;3033;223063;186879;67.3;56.4
03;2021-07-21;3213;1439;226276;188318;68.3;56.8
03;2021-07-22;2851;1886;229127;190204;69.2;57.4
03;2021-07-23;3205;1306;232332;191510;70.1;57.8
03;2021-07-24;590;581;232922;192091;70.3;58.0
03;2021-07-25;18;5;232940;192096;70.3;58.0
03;2021-07-26;2044;1576;234984;193672;70.9;58.5
03;2021-07-27;3321;2230;238305;195902;71.9;59.1
03;2021-07-28;2718;1118;241023;197020;72.7;59.5
03;2021-07-29;2549;1662;243572;198682;73.5;60.0
03;2021-07-30;2136;1454;245708;200136;74.2;60.4
03;2021-07-31;964;893;246672;201029;74.5;60.7
03;2021-08-01;13;20;246685;201049;74.5;60.7
03;2021-08-02;1679;1605;248364;202654;75.0;61.2
03;2021-08-03;2223;2775;250587;205429;75.6;62.0
03;2021-08-04;2195;893;252782;206322;76.3;62.3
03;2021-08-05;1266;1939;254048;208261;76.7;62.9
03;2021-08-06;1281;1024;255329;209285;77.1;63.2
03;2021-08-07;614;496;255943;209781;77.3;63.3
03;2021-08-08;66;29;256009;209810;77.3;63.3
03;2021-08-09;597;1304;256606;211114;77.5;63.7
03;2021-08-10;1676;3471;258282;214585;78.0;64.8
03;2021-08-11;1334;2529;259616;217114;78.4;65.5
03;2021-08-12;1137;3514;260753;220628;78.7;66.6
03;2021-08-13;776;1052;261529;221680;78.9;66.9
03;2021-08-14;380;566;261909;222246;79.1;67.1
03;2021-08-15;9;61;261918;222307;79.1;67.1
03;2021-08-16;725;2693;262643;225000;79.3;67.9
03;2021-08-17;1076;3218;263719;228218;79.6;68.9
03;2021-08-18;1164;2156;264883;230374;79.9;69.5
03;2021-08-19;1010;3049;265893;233423;80.3;70.5
03;2021-08-20;718;1138;266611;234561;80.5;70.8
03;2021-08-21;418;727;267029;235288;80.6;71.0
03;2021-08-22;8;6;267037;235294;80.6;71.0
03;2021-08-23;784;2289;267821;237583;80.8;71.7
03;2021-08-24;893;2406;268714;239989;81.1;72.4
03;2021-08-25;934;2029;269648;242018;81.4;73.0
03;2021-08-26;574;1436;270222;243454;81.6;73.5
03;2021-08-27;457;1581;270679;245035;81.7;74.0
03;2021-08-28;219;674;270898;245709;81.8;74.2
03;2021-08-29;4;0;270902;245709;81.8;74.2
03;2021-08-30;768;1469;271670;247178;82.0;74.6
03;2021-08-31;706;2055;272376;249233;82.2;75.2
03;2021-09-01;605;1513;272981;250746;82.4;75.7
03;2021-09-02;479;1238;273460;251984;82.5;76.1
03;2021-09-03;492;1186;273952;253170;82.7;76.4
03;2021-09-04;251;630;274203;253800;82.8;76.6
03;2021-09-05;7;14;274210;253814;82.8;76.6
03;2021-09-06;320;1097;274530;254911;82.9;76.9
03;2021-09-07;578;1597;275108;256508;83.0;77.4
03;2021-09-08;424;1545;275532;258053;83.2;77.9
03;2021-09-09;275;948;275807;259001;83.2;78.2
03;2021-09-10;413;1246;276220;260247;83.4;78.5
03;2021-09-11;209;688;276429;260935;83.4;78.8
03;2021-09-12;2;20;276431;260955;83.4;78.8
03;2021-09-13;285;943;276716;261898;83.5;79.0
03;2021-09-14;444;1421;277160;263319;83.7;79.5
03;2021-09-15;356;996;277516;264315;83.8;79.8
03;2021-09-16;219;556;277735;264871;83.8;79.9
03;2021-09-17;159;356;277894;265227;83.9;80.1
03;2021-09-18;132;311;278026;265538;83.9;80.1
03;2021-09-19;0;11;278026;265549;83.9;80.2
03;2021-09-20;187;424;278213;265973;84.0;80.3
03;2021-09-21;249;722;278462;266695;84.0;80.5
03;2021-09-22;267;684;278729;267379;84.1;80.7
03;2021-09-23;178;460;278907;267839;84.2;80.8
03;2021-09-24;148;321;279055;268160;84.2;80.9
03;2021-09-25;51;257;279106;268417;84.2;81.0
03;2021-09-26;3;0;279109;268417;84.2;81.0
03;2021-09-27;116;326;279225;268743;84.3;81.1
03;2021-09-28;192;615;279417;269358;84.3;81.3
03;2021-09-29;213;506;279630;269864;84.4;81.5
03;2021-09-30;120;251;279750;270115;84.4;81.5
03;2021-10-01;154;489;279904;270604;84.5;81.7
03;2021-10-02;79;176;279983;270780;84.5;81.7
03;2021-10-03;0;0;279983;270780;84.5;81.7
03;2021-10-04;42;101;280025;270881;84.5;81.8
03;2021-10-05;167;386;280192;271267;84.6;81.9
04;2020-12-27;0;0;0;0;0.0;0.0
04;2020-12-28;1;0;1;0;0.0;0.0
04;2020-12-29;0;0;1;0;0.0;0.0
04;2020-12-30;0;0;1;0;0.0;0.0
04;2020-12-31;0;0;1;0;0.0;0.0
04;2021-01-01;0;0;1;0;0.0;0.0
04;2021-01-02;0;0;1;0;0.0;0.0
04;2021-01-03;0;0;1;0;0.0;0.0
04;2021-01-04;0;0;1;0;0.0;0.0
04;2021-01-05;4;0;5;0;0.0;0.0
04;2021-01-06;0;0;5;0;0.0;0.0
04;2021-01-07;61;0;66;0;0.0;0.0
04;2021-01-08;88;0;154;0;0.1;0.0
04;2021-01-09;57;0;211;0;0.1;0.0
04;2021-01-10;0;0;211;0;0.1;0.0
04;2021-01-11;77;0;288;0;0.2;0.0
04;2021-01-12;421;0;709;0;0.4;0.0
04;2021-01-13;244;2;953;2;0.6;0.0
04;2021-01-14;90;2;1043;4;0.6;0.0
04;2021-01-15;165;4;1208;8;0.7;0.0
04;2021-01-16;106;2;1314;10;0.8;0.0
04;2021-01-17;14;0;1328;10;0.8;0.0
04;2021-01-18;236;9;1564;19;0.9;0.0
04;2021-01-19;469;3;2033;22;1.2;0.0
04;2021-01-20;574;9;2607;31;1.6;0.0
04;2021-01-21;614;3;3221;34;1.9;0.0
04;2021-01-22;639;0;3860;34;2.3;0.0
04;2021-01-23;111;0;3971;34;2.4;0.0
04;2021-01-24;0;0;3971;34;2.4;0.0
04;2021-01-25;240;0;4211;34;2.5;0.0
04;2021-01-26;656;1;4867;35;2.9;0.0
04;2021-01-27;480;0;5347;35;3.2;0.0
04;2021-01-28;665;20;6012;55;3.6;0.0
04;2021-01-29;368;41;6380;96;3.9;0.1
04;2021-01-30;65;41;6445;137;3.9;0.1
04;2021-01-31;1;5;6446;142;3.9;0.1
04;2021-02-01;268;136;6714;278;4.1;0.2
04;2021-02-02;562;173;7276;451;4.4;0.3
04;2021-02-03;367;159;7643;610;4.6;0.4
04;2021-02-04;359;52;8002;662;4.8;0.4
04;2021-02-05;379;201;8381;863;5.1;0.5
04;2021-02-06;50;85;8431;948;5.1;0.6
04;2021-02-07;2;22;8433;970;5.1;0.6
04;2021-02-08;163;61;8596;1031;5.2;0.6
04;2021-02-09;196;112;8792;1143;5.3;0.7
04;2021-02-10;253;153;9045;1296;5.5;0.8
04;2021-02-11;363;244;9408;1540;5.7;0.9
04;2021-02-12;293;283;9701;1823;5.9;1.1
04;2021-02-13;27;86;9728;1909;5.9;1.2
04;2021-02-14;0;0;9728;1909;5.9;1.2
04;2021-02-15;31;135;9759;2044;5.9;1.2
04;2021-02-16;81;412;9840;2456;6.0;1.5
04;2021-02-17;67;365;9907;2821;6.0;1.7
04;2021-02-18;45;522;9952;3343;6.0;2.0
04;2021-02-19;53;306;10005;3649;6.1;2.2
04;2021-02-20;5;65;10010;3714;6.1;2.2
04;2021-02-21;0;0;10010;3714;6.1;2.2
04;2021-02-22;7;247;10017;3961;6.1;2.4
04;2021-02-23;19;500;10036;4461;6.1;2.7
04;2021-02-24;38;366;10074;4827;6.1;2.9
04;2021-02-25;73;323;10147;5150;6.1;3.1
04;2021-02-26;216;274;10363;5424;6.3;3.3
04;2021-02-27;179;66;10542;5490;6.4;3.3
04;2021-02-28;1;0;10543;5490;6.4;3.3
04;2021-03-01;18;64;10561;5554;6.4;3.4
04;2021-03-02;135;37;10696;5591;6.5;3.4
04;2021-03-03;375;557;11071;6148;6.7;3.7
04;2021-03-04;208;417;11279;6565;6.8;4.0
04;2021-03-05;236;318;11515;6883;7.0;4.2
04;2021-03-06;912;71;12427;6954;7.5;4.2
04;2021-03-07;498;25;12925;6979;7.8;4.2
04;2021-03-08;45;69;12970;7048;7.9;4.3
04;2021-03-09;215;229;13185;7277;8.0;4.4
04;2021-03-10;401;338;13586;7615;8.2;4.6
04;2021-03-11;495;314;14081;7929;8.5;4.8
04;2021-03-12;697;190;14778;8119;8.9;4.9
04;2021-03-13;1088;63;15866;8182;9.6;5.0
04;2021-03-14;460;3;16326;8185;9.9;5.0
04;2021-03-15;93;14;16419;8199;9.9;5.0
04;2021-03-16;74;8;16493;8207;10.0;5.0
04;2021-03-17;534;81;17027;8288;10.3;5.0
04;2021-03-18;815;24;17842;8312;10.8;5.0
04;2021-03-19;723;33;18565;8345;11.2;5.1
04;2021-03-20;159;3;18724;8348;11.3;5.1
04;2021-03-21;0;0;18724;8348;11.3;5.1
04;2021-03-22;105;13;18829;8361;11.4;5.1
04;2021-03-23;245;7;19074;8368;11.5;5.1
04;2021-03-24;1024;51;20098;8419;12.2;5.1
04;2021-03-25;1326;45;21424;8464;13.0;5.1
04;2021-03-26;1448;66;22872;8530;13.8;5.2
04;2021-03-27;266;19;23138;8549;14.0;5.2
04;2021-03-28;2;0;23140;8549;14.0;5.2
04;2021-03-29;680;13;23820;8562;14.4;5.2
04;2021-03-30;1086;142;24906;8704;15.1;5.3
04;2021-03-31;1327;107;26233;8811;15.9;5.3
04;2021-04-01;1133;133;27366;8944;16.6;5.4
04;2021-04-02;1185;113;28551;9057;17.3;5.5
04;2021-04-03;250;20;28801;9077;17.4;5.5
04;2021-04-04;1;0;28802;9077;17.4;5.5
04;2021-04-05;36;1;28838;9078;17.5;5.5
04;2021-04-06;929;150;29767;9228;18.0;5.6
04;2021-04-07;881;435;30648;9663;18.6;5.8
04;2021-04-08;926;696;31574;10359;19.1;6.3
04;2021-04-09;678;421;32252;10780;19.5;6.5
04;2021-04-10;231;191;32483;10971;19.7;6.6
04;2021-04-11;153;65;32636;11036;19.8;6.7
04;2021-04-12;593;101;33229;11137;20.1;6.7
04;2021-04-13;1189;240;34418;11377;20.8;6.9
04;2021-04-14;994;496;35412;11873;21.4;7.2
04;2021-04-15;921;672;36333;12545;22.0;7.6
04;2021-04-16;819;456;37152;13001;22.5;7.9
04;2021-04-17;209;69;37361;13070;22.6;7.9
04;2021-04-18;0;13;37361;13083;22.6;7.9
04;2021-04-19;338;287;37699;13370;22.8;8.1
04;2021-04-20;1003;446;38702;13816;23.4;8.4
04;2021-04-21;656;743;39358;14559;23.8;8.8
04;2021-04-22;758;853;40116;15412;24.3;9.3
04;2021-04-23;696;538;40812;15950;24.7;9.7
04;2021-04-24;165;65;40977;16015;24.8;9.7
04;2021-04-25;0;0;40977;16015;24.8;9.7
04;2021-04-26;172;611;41149;16626;24.9;10.1
04;2021-04-27;395;966;41544;17592;25.1;10.6
04;2021-04-28;431;1085;41975;18677;25.4;11.3
04;2021-04-29;688;1127;42663;19804;25.8;12.0
04;2021-04-30;436;847;43099;20651;26.1;12.5
04;2021-05-01;104;22;43203;20673;26.2;12.5
04;2021-05-02;8;131;43211;20804;26.2;12.6
04;2021-05-03;151;550;43362;21354;26.2;12.9
04;2021-05-04;564;835;43926;22189;26.6;13.4
04;2021-05-05;514;924;44440;23113;26.9;14.0
04;2021-05-06;1161;591;45601;23704;27.6;14.3
04;2021-05-07;656;753;46257;24457;28.0;14.8
04;2021-05-08;48;99;46305;24556;28.0;14.9
04;2021-05-09;0;0;46305;24556;28.0;14.9
04;2021-05-10;467;293;46772;24849;28.3;15.0
04;2021-05-11;1198;905;47970;25754;29.0;15.6
04;2021-05-12;1387;741;49357;26495;29.9;16.0
04;2021-05-13;378;131;49735;26626;30.1;16.1
04;2021-05-14;441;295;50176;26921;30.4;16.3
04;2021-05-15;99;161;50275;27082;30.4;16.4
04;2021-05-16;4;6;50279;27088;30.4;16.4
04;2021-05-17;155;297;50434;27385;30.5;16.6
04;2021-05-18;392;974;50826;28359;30.8;17.2
04;2021-05-19;773;688;51599;29047;31.2;17.6
04;2021-05-20;1256;548;52855;29595;32.0;17.9
04;2021-05-21;853;787;53708;30382;32.5;18.4
04;2021-05-22;105;146;53813;30528;32.6;18.5
04;2021-05-23;1;1;53814;30529;32.6;18.5
04;2021-05-24;2;36;53816;30565;32.6;18.5
04;2021-05-25;867;594;54683;31159;33.1;18.9
04;2021-05-26;1048;788;55731;31947;33.7;19.3
04;2021-05-27;1356;632;57087;32579;34.6;19.7
04;2021-05-28;1119;652;58206;33231;35.2;20.1
04;2021-05-29;90;398;58296;33629;35.3;20.4
04;2021-05-30;3;1;58299;33630;35.3;20.4
04;2021-05-31;420;416;58719;34046;35.5;20.6
04;2021-06-01;639;641;59358;34687;35.9;21.0
04;2021-06-02;871;1063;60229;35750;36.5;21.6
04;2021-06-03;1196;850;61425;36600;37.2;22.2
04;2021-06-04;978;777;62403;37377;37.8;22.6
04;2021-06-05;142;200;62545;37577;37.9;22.7
04;2021-06-06;7;13;62552;37590;37.9;22.8
04;2021-06-07;563;316;63115;37906;38.2;22.9
04;2021-06-08;839;594;63954;38500;38.7;23.3
04;2021-06-09;1146;685;65100;39185;39.4;23.7
04;2021-06-10;1142;585;66242;39770;40.1;24.1
04;2021-06-11;944;615;67186;40385;40.7;24.4
04;2021-06-12;212;144;67398;40529;40.8;24.5
04;2021-06-13;1;1;67399;40530;40.8;24.5
04;2021-06-14;478;303;67877;40833;41.1;24.7
04;2021-06-15;644;1003;68521;41836;41.5;25.3
04;2021-06-16;1022;786;69543;42622;42.1;25.8
04;2021-06-17;1001;959;70544;43581;42.7;26.4
04;2021-06-18;760;886;71304;44467;43.2;26.9
04;2021-06-19;40;85;71344;44552;43.2;27.0
04;2021-06-20;7;9;71351;44561;43.2;27.0
04;2021-06-21;305;614;71656;45175;43.4;27.3
04;2021-06-22;361;1308;72017;46483;43.6;28.1
04;2021-06-23;474;1311;72491;47794;43.9;28.9
04;2021-06-24;852;815;73343;48609;44.4;29.4
04;2021-06-25;461;639;73804;49248;44.7;29.8
04;2021-06-26;57;130;73861;49378;44.7;29.9
04;2021-06-27;4;4;73865;49382;44.7;29.9
04;2021-06-28;158;341;74023;49723;44.8;30.1
04;2021-06-29;370;839;74393;50562;45.0;30.6
04;2021-06-30;541;1121;74934;51683;45.4;31.3
04;2021-07-01;578;1219;75512;52902;45.7;32.0
04;2021-07-02;557;1090;76069;53992;46.0;32.7
04;2021-07-03;65;162;76134;54154;46.1;32.8
04;2021-07-04;6;6;76140;54160;46.1;32.8
04;2021-07-05;106;297;76246;54457;46.2;33.0
04;2021-07-06;503;1383;76749;55840;46.5;33.8
04;2021-07-07;494;1341;77243;57181;46.8;34.6
04;2021-07-08;725;1361;77968;58542;47.2;35.4
04;2021-07-09;580;1061;78548;59603;47.5;36.1
04;2021-07-10;92;177;78640;59780;47.6;36.2
04;2021-07-11;0;21;78640;59801;47.6;36.2
04;2021-07-12;128;652;78768;60453;47.7;36.6
04;2021-07-13;881;1540;79649;61993;48.2;37.5
04;2021-07-14;26;43;79675;62036;48.2;37.6
04;2021-07-15;1219;1736;80894;63772;49.0;38.6
04;2021-07-16;1082;1113;81976;64885;49.6;39.3
04;2021-07-17;446;235;82422;65120;49.9;39.4
04;2021-07-18;114;18;82536;65138;50.0;39.4
04;2021-07-19;484;655;83020;65793;50.3;39.8
04;2021-07-20;1313;1467;84333;67260;51.0;40.7
04;2021-07-21;1126;1165;85459;68425;51.7;41.4
04;2021-07-22;1500;1372;86959;69797;52.6;42.3
04;2021-07-23;1150;1140;88109;70937;53.3;42.9
04;2021-07-24;685;214;88794;71151;53.8;43.1
04;2021-07-25;42;16;88836;71167;53.8;43.1
04;2021-07-26;445;639;89281;71806;54.0;43.5
04;2021-07-27;1370;1045;90651;72851;54.9;44.1
04;2021-07-28;1073;1037;91724;73888;55.5;44.7
04;2021-07-29;1561;1302;93285;75190;56.5;45.5
04;2021-07-30;1245;924;94530;76114;57.2;46.1
04;2021-07-31;251;176;94781;76290;57.4;46.2
04;2021-08-01;48;19;94829;76309;57.4;46.2
04;2021-08-02;196;108;95025;76417;57.5;46.3
04;2021-08-03;1348;1116;96373;77533;58.3;46.9
04;2021-08-04;1178;864;97551;78397;59.1;47.5
04;2021-08-05;1194;738;98745;79135;59.8;47.9
04;2021-08-06;516;396;99261;79531;60.1;48.1
04;2021-08-07;162;162;99423;79693;60.2;48.2
04;2021-08-08;25;12;99448;79705;60.2;48.2
04;2021-08-09;102;116;99550;79821;60.3;48.3
04;2021-08-10;654;981;100204;80802;60.7;48.9
04;2021-08-11;1147;1020;101351;81822;61.4;49.5
04;2021-08-12;1124;1308;102475;83130;62.0;50.3
04;2021-08-13;443;386;102918;83516;62.3;50.6
04;2021-08-14;100;73;103018;83589;62.4;50.6
04;2021-08-15;1;0;103019;83589;62.4;50.6
04;2021-08-16;103;138;103122;83727;62.4;50.7
04;2021-08-17;496;1015;103618;84742;62.7;51.3
04;2021-08-18;719;1318;104337;86060;63.2;52.1
04;2021-08-19;740;1413;105077;87473;63.6;53.0
04;2021-08-20;748;1363;105825;88836;64.1;53.8
04;2021-08-21;66;111;105891;88947;64.1;53.8
04;2021-08-22;15;45;105906;88992;64.1;53.9
04;2021-08-23;55;110;105961;89102;64.1;53.9
04;2021-08-24;684;1493;106645;90595;64.6;54.8
04;2021-08-25;657;1182;107302;91777;65.0;55.6
04;2021-08-26;488;1216;107790;92993;65.2;56.3
04;2021-08-27;452;929;108242;93922;65.5;56.9
04;2021-08-28;132;244;108374;94166;65.6;57.0
04;2021-08-29;27;23;108401;94189;65.6;57.0
04;2021-08-30;122;244;108523;94433;65.7;57.2
04;2021-08-31;511;1008;109034;95441;66.0;57.8
04;2021-09-01;510;1253;109544;96694;66.3;58.5
04;2021-09-02;336;932;109880;97626;66.5;59.1
04;2021-09-03;288;819;110168;98445;66.7;59.6
04;2021-09-04;148;240;110316;98685;66.8;59.7
04;2021-09-05;14;9;110330;98694;66.8;59.7
04;2021-09-06;57;106;110387;98800;66.8;59.8
04;2021-09-07;370;1039;110757;99839;67.0;60.4
04;2021-09-08;328;894;111085;100733;67.2;61.0
04;2021-09-09;341;959;111426;101692;67.5;61.6
04;2021-09-10;277;812;111703;102504;67.6;62.0
04;2021-09-11;93;153;111796;102657;67.7;62.1
04;2021-09-12;18;30;111814;102687;67.7;62.2
04;2021-09-13;95;98;111909;102785;67.7;62.2
04;2021-09-14;332;965;112241;103750;67.9;62.8
04;2021-09-15;306;702;112547;104452;68.1;63.2
04;2021-09-16;310;522;112857;104974;68.3;63.5
04;2021-09-17;184;565;113041;105539;68.4;63.9
04;2021-09-18;48;123;113089;105662;68.5;64.0
04;2021-09-19;0;5;113089;105667;68.5;64.0
04;2021-09-20;79;51;113168;105718;68.5;64.0
04;2021-09-21;188;570;113356;106288;68.6;64.3
04;2021-09-22;162;677;113518;106965;68.7;64.7
04;2021-09-23;205;377;113723;107342;68.8;65.0
04;2021-09-24;143;436;113866;107778;68.9;65.2
04;2021-09-25;42;99;113908;107877;69.0;65.3
04;2021-09-26;6;26;113914;107903;69.0;65.3
04;2021-09-27;19;66;113933;107969;69.0;65.4
04;2021-09-28;139;277;114072;108246;69.1;65.5
04;2021-09-29;136;383;114208;108629;69.1;65.8
04;2021-09-30;116;270;114324;108899;69.2;65.9
04;2021-10-01;121;181;114445;109080;69.3;66.0
04;2021-10-02;60;135;114505;109215;69.3;66.1
04;2021-10-03;3;5;114508;109220;69.3;66.1
04;2021-10-04;35;45;114543;109265;69.3;66.1
04;2021-10-05;168;339;114711;109604;69.4;66.3
05;2020-12-27;0;0;0;0;0.0;0.0
05;2020-12-28;1;0;1;0;0.0;0.0
05;2020-12-29;1;0;2;0;0.0;0.0
05;2020-12-30;2;0;4;0;0.0;0.0
05;2020-12-31;0;0;4;0;0.0;0.0
05;2021-01-01;2;0;6;0;0.0;0.0
05;2021-01-02;2;0;8;0;0.0;0.0
05;2021-01-03;1;0;9;0;0.0;0.0
05;2021-01-04;2;0;11;0;0.0;0.0
05;2021-01-05;0;0;11;0;0.0;0.0
05;2021-01-06;22;0;33;0;0.0;0.0
05;2021-01-07;128;0;161;0;0.1;0.0
05;2021-01-08;146;0;307;0;0.2;0.0
05;2021-01-09;11;0;318;0;0.2;0.0
05;2021-01-10;0;0;318;0;0.2;0.0
05;2021-01-11;44;0;362;0;0.3;0.0
05;2021-01-12;105;0;467;0;0.3;0.0
05;2021-01-13;139;0;606;0;0.4;0.0
05;2021-01-14;167;0;773;0;0.5;0.0
05;2021-01-15;127;1;900;1;0.6;0.0
05;2021-01-16;15;0;915;1;0.6;0.0
05;2021-01-17;0;0;915;1;0.6;0.0
05;2021-01-18;226;1;1141;2;0.8;0.0
05;2021-01-19;227;0;1368;2;1.0;0.0
05;2021-01-20;213;0;1581;2;1.1;0.0
05;2021-01-21;255;0;1836;2;1.3;0.0
05;2021-01-22;196;1;2032;3;1.4;0.0
05;2021-01-23;113;0;2145;3;1.5;0.0
05;2021-01-24;0;0;2145;3;1.5;0.0
05;2021-01-25;316;0;2461;3;1.7;0.0
05;2021-01-26;486;0;2947;3;2.1;0.0
05;2021-01-27;389;3;3336;6;2.4;0.0
05;2021-01-28;363;42;3699;48;2.6;0.0
05;2021-01-29;364;109;4063;157;2.9;0.1
05;2021-01-30;97;9;4160;166;2.9;0.1
05;2021-01-31;4;0;4164;166;2.9;0.1
05;2021-02-01;177;20;4341;186;3.1;0.1
05;2021-02-02;187;68;4528;254;3.2;0.2
05;2021-02-03;208;58;4736;312;3.3;0.2
05;2021-02-04;197;113;4933;425;3.5;0.3
05;2021-02-05;183;107;5116;532;3.6;0.4
05;2021-02-06;76;24;5192;556;3.7;0.4
05;2021-02-07;0;5;5192;561;3.7;0.4
05;2021-02-08;84;95;5276;656;3.7;0.5
05;2021-02-09;97;90;5373;746;3.8;0.5
05;2021-02-10;81;147;5454;893;3.8;0.6
05;2021-02-11;87;111;5541;1004;3.9;0.7
05;2021-02-12;85;121;5626;1125;4.0;0.8
05;2021-02-13;75;29;5701;1154;4.0;0.8
05;2021-02-14;0;0;5701;1154;4.0;0.8
05;2021-02-15;98;148;5799;1302;4.1;0.9
05;2021-02-16;111;233;5910;1535;4.2;1.1
05;2021-02-17;136;198;6046;1733;4.3;1.2
05;2021-02-18;154;265;6200;1998;4.4;1.4
05;2021-02-19;158;288;6358;2286;4.5;1.6
05;2021-02-20;31;73;6389;2359;4.5;1.7
05;2021-02-21;0;0;6389;2359;4.5;1.7
05;2021-02-22;70;204;6459;2563;4.6;1.8
05;2021-02-23;18;167;6477;2730;4.6;1.9
05;2021-02-24;20;142;6497;2872;4.6;2.0
05;2021-02-25;56;116;6553;2988;4.6;2.1
05;2021-02-26;145;170;6698;3158;4.7;2.2
05;2021-02-27;65;149;6763;3307;4.8;2.3
05;2021-02-28;11;0;6774;3307;4.8;2.3
05;2021-03-01;92;143;6866;3450;4.8;2.4
05;2021-03-02;92;157;6958;3607;4.9;2.5
05;2021-03-03;112;192;7070;3799;5.0;2.7
05;2021-03-04;242;138;7312;3937;5.2;2.8
05;2021-03-05;578;165;7890;4102;5.6;2.9
05;2021-03-06;668;49;8558;4151;6.0;2.9
05;2021-03-07;516;20;9074;4171;6.4;2.9
05;2021-03-08;556;127;9630;4298;6.8;3.0
05;2021-03-09;520;148;10150;4446;7.2;3.1
05;2021-03-10;498;125;10648;4571;7.5;3.2
05;2021-03-11;377;136;11025;4707;7.8;3.3
05;2021-03-12;435;87;11460;4794;8.1;3.4
05;2021-03-13;797;96;12257;4890;8.6;3.4
05;2021-03-14;670;11;12927;4901;9.1;3.5
05;2021-03-15;354;121;13281;5022;9.4;3.5
05;2021-03-16;149;135;13430;5157;9.5;3.6
05;2021-03-17;262;119;13692;5276;9.7;3.7
05;2021-03-18;364;35;14056;5311;9.9;3.7
05;2021-03-19;450;59;14506;5370;10.2;3.8
05;2021-03-20;167;28;14673;5398;10.4;3.8
05;2021-03-21;1;0;14674;5398;10.4;3.8
05;2021-03-22;718;37;15392;5435;10.9;3.8
05;2021-03-23;805;15;16197;5450;11.4;3.8
05;2021-03-24;788;76;16985;5526;12.0;3.9
05;2021-03-25;901;59;17886;5585;12.6;3.9
05;2021-03-26;1023;49;18909;5634;13.3;4.0
05;2021-03-27;467;33;19376;5667;13.7;4.0
05;2021-03-28;10;0;19386;5667;13.7;4.0
05;2021-03-29;905;63;20291;5730;14.3;4.0
05;2021-03-30;1142;78;21433;5808;15.1;4.1
05;2021-03-31;824;253;22257;6061;15.7;4.3
05;2021-04-01;901;239;23158;6300;16.3;4.4
05;2021-04-02;664;380;23822;6680;16.8;4.7
05;2021-04-03;551;183;24373;6863;17.2;4.8
05;2021-04-04;350;63;24723;6926;17.4;4.9
05;2021-04-05;158;12;24881;6938;17.6;4.9
05;2021-04-06;646;274;25527;7212;18.0;5.1
05;2021-04-07;773;324;26300;7536;18.6;5.3
05;2021-04-08;733;337;27033;7873;19.1;5.6
05;2021-04-09;883;407;27916;8280;19.7;5.8
05;2021-04-10;714;387;28630;8667;20.2;6.1
05;2021-04-11;191;172;28821;8839;20.3;6.2
05;2021-04-12;732;264;29553;9103;20.8;6.4
05;2021-04-13;921;248;30474;9351;21.5;6.6
05;2021-04-14;666;325;31140;9676;22.0;6.8
05;2021-04-15;768;399;31908;10075;22.5;7.1
05;2021-04-16;730;397;32638;10472;23.0;7.4
05;2021-04-17;671;239;33309;10711;23.5;7.6
05;2021-04-18;305;23;33614;10734;23.7;7.6
05;2021-04-19;363;536;33977;11270;24.0;8.0
05;2021-04-20;482;628;34459;11898;24.3;8.4
05;2021-04-21;494;626;34953;12524;24.7;8.8
05;2021-04-22;385;546;35338;13070;24.9;9.2
05;2021-04-23;523;655;35861;13725;25.3;9.7
05;2021-04-24;347;384;36208;14109;25.5;10.0
05;2021-04-25;288;23;36496;14132;25.7;10.0
05;2021-04-26;367;704;36863;14836;26.0;10.5
05;2021-04-27;657;750;37520;15586;26.5;11.0
05;2021-04-28;468;721;37988;16307;26.8;11.5
05;2021-04-29;702;749;38690;17056;27.3;12.0
05;2021-04-30;509;753;39199;17809;27.7;12.6
05;2021-05-01;138;110;39337;17919;27.7;12.6
05;2021-05-02;267;115;39604;18034;27.9;12.7
05;2021-05-03;458;492;40062;18526;28.3;13.1
05;2021-05-04;384;503;40446;19029;28.5;13.4
05;2021-05-05;461;670;40907;19699;28.9;13.9
05;2021-05-06;644;725;41551;20424;29.3;14.4
05;2021-05-07;595;799;42146;21223;29.7;15.0
05;2021-05-08;481;177;42627;21400;30.1;15.1
05;2021-05-09;208;57;42835;21457;30.2;15.1
05;2021-05-10;500;696;43335;22153;30.6;15.6
05;2021-05-11;669;905;44004;23058;31.0;16.3
05;2021-05-12;647;733;44651;23791;31.5;16.8
05;2021-05-13;960;116;45611;23907;32.2;16.9
05;2021-05-14;826;495;46437;24402;32.8;17.2
05;2021-05-15;1044;353;47481;24755;33.5;17.5
05;2021-05-16;235;52;47716;24807;33.7;17.5
05;2021-05-17;484;430;48200;25237;34.0;17.8
05;2021-05-18;519;419;48719;25656;34.4;18.1
05;2021-05-19;727;459;49446;26115;34.9;18.4
05;2021-05-20;747;434;50193;26549;35.4;18.7
05;2021-05-21;706;512;50899;27061;35.9;19.1
05;2021-05-22;607;239;51506;27300;36.3;19.3
05;2021-05-23;277;59;51783;27359;36.5;19.3
05;2021-05-24;510;157;52293;27516;36.9;19.4
05;2021-05-25;515;483;52808;27999;37.3;19.8
05;2021-05-26;695;362;53503;28361;37.7;20.0
05;2021-05-27;799;572;54302;28933;38.3;20.4
05;2021-05-28;666;648;54968;29581;38.8;20.9
05;2021-05-29;566;544;55534;30125;39.2;21.3
05;2021-05-30;212;82;55746;30207;39.3;21.3
05;2021-05-31;576;495;56322;30702;39.7;21.7
05;2021-06-01;590;586;56912;31288;40.1;22.1
05;2021-06-02;684;703;57596;31991;40.6;22.6
05;2021-06-03;716;649;58312;32640;41.1;23.0
05;2021-06-04;1017;815;59329;33455;41.9;23.6
05;2021-06-05;807;507;60136;33962;42.4;24.0
05;2021-06-06;202;89;60338;34051;42.6;24.0
05;2021-06-07;605;833;60943;34884;43.0;24.6
05;2021-06-08;702;661;61645;35545;43.5;25.1
05;2021-06-09;648;782;62293;36327;43.9;25.6
05;2021-06-10;545;718;62838;37045;44.3;26.1
05;2021-06-11;765;723;63603;37768;44.9;26.6
05;2021-06-12;593;485;64196;38253;45.3;27.0
05;2021-06-13;113;91;64309;38344;45.4;27.0
05;2021-06-14;403;669;64712;39013;45.7;27.5
05;2021-06-15;543;911;65255;39924;46.0;28.2
05;2021-06-16;433;671;65688;40595;46.3;28.6
05;2021-06-17;360;805;66048;41400;46.6;29.2
05;2021-06-18;400;724;66448;42124;46.9;29.7
05;2021-06-19;421;570;66869;42694;47.2;30.1
05;2021-06-20;64;77;66933;42771;47.2;30.2
05;2021-06-21;319;641;67252;43412;47.4;30.6
05;2021-06-22;356;829;67608;44241;47.7;31.2
05;2021-06-23;354;763;67962;45004;47.9;31.7
05;2021-06-24;388;1021;68350;46025;48.2;32.5
05;2021-06-25;229;892;68579;46917;48.4;33.1
05;2021-06-26;292;1074;68871;47991;48.6;33.9
05;2021-06-27;128;170;68999;48161;48.7;34.0
05;2021-06-28;254;792;69253;48953;48.9;34.5
05;2021-06-29;250;785;69503;49738;49.0;35.1
05;2021-06-30;329;788;69832;50526;49.3;35.6
05;2021-07-01;385;792;70217;51318;49.5;36.2
05;2021-07-02;369;871;70586;52189;49.8;36.8
05;2021-07-03;305;741;70891;52930;50.0;37.3
05;2021-07-04;179;175;71070;53105;50.1;37.5
05;2021-07-05;264;780;71334;53885;50.3;38.0
05;2021-07-06;336;858;71670;54743;50.6;38.6
05;2021-07-07;400;781;72070;55524;50.8;39.2
05;2021-07-08;431;848;72501;56372;51.1;39.8
05;2021-07-09;422;994;72923;57366;51.4;40.5
05;2021-07-10;314;729;73237;58095;51.7;41.0
05;2021-07-11;176;120;73413;58215;51.8;41.1
05;2021-07-12;416;1014;73829;59229;52.1;41.8
05;2021-07-13;482;869;74311;60098;52.4;42.4
05;2021-07-14;837;300;75148;60398;53.0;42.6
05;2021-07-15;709;992;75857;61390;53.5;43.3
05;2021-07-16;1027;1456;76884;62846;54.2;44.3
05;2021-07-17;672;1306;77556;64152;54.7;45.3
05;2021-07-18;286;132;77842;64284;54.9;45.3
05;2021-07-19;572;792;78414;65076;55.3;45.9
05;2021-07-20;763;801;79177;65877;55.9;46.5
05;2021-07-21;882;840;80059;66717;56.5;47.1
05;2021-07-22;812;870;80871;67587;57.0;47.7
05;2021-07-23;1446;1239;82317;68826;58.1;48.6
05;2021-07-24;864;836;83181;69662;58.7;49.1
05;2021-07-25;305;160;83486;69822;58.9;49.3
05;2021-07-26;778;561;84264;70383;59.4;49.7
05;2021-07-27;1259;755;85523;71138;60.3;50.2
05;2021-07-28;1523;720;87046;71858;61.4;50.7
05;2021-07-29;1346;724;88392;72582;62.4;51.2
05;2021-07-30;960;595;89352;73177;63.0;51.6
05;2021-07-31;782;526;90134;73703;63.6;52.0
05;2021-08-01;192;178;90326;73881;63.7;52.1
05;2021-08-02;835;549;91161;74430;64.3;52.5
05;2021-08-03;828;610;91989;75040;64.9;52.9
05;2021-08-04;991;758;92980;75798;65.6;53.5
05;2021-08-05;981;727;93961;76525;66.3;54.0
05;2021-08-06;873;793;94834;77318;66.9;54.5
05;2021-08-07;631;642;95465;77960;67.3;55.0
05;2021-08-08;196;270;95661;78230;67.5;55.2
05;2021-08-09;775;847;96436;79077;68.0;55.8
05;2021-08-10;651;700;97087;79777;68.5;56.3
05;2021-08-11;743;857;97830;80634;69.0;56.9
05;2021-08-12;794;785;98624;81419;69.6;57.4
05;2021-08-13;626;893;99250;82312;70.0;58.1
05;2021-08-14;410;781;99660;83093;70.3;58.6
05;2021-08-15;188;224;99848;83317;70.4;58.8
05;2021-08-16;488;1086;100336;84403;70.8;59.5
05;2021-08-17;433;880;100769;85283;71.1;60.2
05;2021-08-18;438;974;101207;86257;71.4;60.8
05;2021-08-19;500;964;101707;87221;71.7;61.5
05;2021-08-20;478;1115;102185;88336;72.1;62.3
05;2021-08-21;359;851;102544;89187;72.3;62.9
05;2021-08-22;117;254;102661;89441;72.4;63.1
05;2021-08-23;320;828;102981;90269;72.6;63.7
05;2021-08-24;404;781;103385;91050;72.9;64.2
05;2021-08-25;408;926;103793;91976;73.2;64.9
05;2021-08-26;307;816;104100;92792;73.4;65.5
05;2021-08-27;334;921;104434;93713;73.7;66.1
05;2021-08-28;246;655;104680;94368;73.8;66.6
05;2021-08-29;66;255;104746;94623;73.9;66.8
05;2021-08-30;268;804;105014;95427;74.1;67.3
05;2021-08-31;253;713;105267;96140;74.3;67.8
05;2021-09-01;271;655;105538;96795;74.5;68.3
05;2021-09-02;255;708;105793;97503;74.6;68.8
05;2021-09-03;253;617;106046;98120;74.8;69.2
05;2021-09-04;203;669;106249;98789;75.0;69.7
05;2021-09-05;55;178;106304;98967;75.0;69.8
05;2021-09-06;164;422;106468;99389;75.1;70.1
05;2021-09-07;218;618;106686;100007;75.3;70.5
05;2021-09-08;177;594;106863;100601;75.4;71.0
05;2021-09-09;194;524;107057;101125;75.5;71.3
05;2021-09-10;183;450;107240;101575;75.7;71.7
05;2021-09-11;148;462;107388;102037;75.8;72.0
05;2021-09-12;24;106;107412;102143;75.8;72.1
05;2021-09-13;170;418;107582;102561;75.9;72.4
05;2021-09-14;222;366;107804;102927;76.0;72.6
05;2021-09-15;176;376;107980;103303;76.2;72.9
05;2021-09-16;174;254;108154;103557;76.3;73.1
05;2021-09-17;147;319;108301;103876;76.4;73.3
05;2021-09-18;120;359;108421;104235;76.5;73.5
05;2021-09-19;16;38;108437;104273;76.5;73.6
05;2021-09-20;59;166;108496;104439;76.5;73.7
05;2021-09-21;81;246;108577;104685;76.6;73.8
05;2021-09-22;109;291;108686;104976;76.7;74.1
05;2021-09-23;99;237;108785;105213;76.7;74.2
05;2021-09-24;85;281;108870;105494;76.8;74.4
05;2021-09-25;85;225;108955;105719;76.9;74.6
05;2021-09-26;17;31;108972;105750;76.9;74.6
05;2021-09-27;63;144;109035;105894;76.9;74.7
05;2021-09-28;68;159;109103;106053;77.0;74.8
05;2021-09-29;85;199;109188;106252;77.0;75.0
05;2021-09-30;59;102;109247;106354;77.1;75.0
05;2021-10-01;115;240;109362;106594;77.1;75.2
05;2021-10-02;93;194;109455;106788;77.2;75.3
05;2021-10-03;14;31;109469;106819;77.2;75.4
05;2021-10-04;64;160;109533;106979;77.3;75.5
05;2021-10-05;63;180;109596;107159;77.3;75.6
06;2020-12-27;16;0;16;0;0.0;0.0
06;2020-12-28;26;0;42;0;0.0;0.0
06;2020-12-29;12;0;54;0;0.0;0.0
06;2020-12-30;10;0;64;0;0.0;0.0
06;2020-12-31;30;0;94;0;0.0;0.0
06;2021-01-01;26;0;120;0;0.0;0.0
06;2021-01-02;9;0;129;0;0.0;0.0
06;2021-01-03;11;0;140;0;0.0;0.0
06;2021-01-04;159;1;299;1;0.0;0.0
06;2021-01-05;193;2;492;3;0.0;0.0
06;2021-01-06;253;2;745;5;0.1;0.0
06;2021-01-07;527;2;1272;7;0.1;0.0
06;2021-01-08;693;3;1965;10;0.2;0.0
06;2021-01-09;391;3;2356;13;0.2;0.0
06;2021-01-10;83;0;2439;13;0.2;0.0
06;2021-01-11;1166;1;3605;14;0.3;0.0
06;2021-01-12;2253;4;5858;18;0.5;0.0
06;2021-01-13;1757;7;7615;25;0.7;0.0
06;2021-01-14;2185;17;9800;42;0.9;0.0
06;2021-01-15;1893;5;11693;47;1.1;0.0
06;2021-01-16;994;5;12687;52;1.2;0.0
06;2021-01-17;248;0;12935;52;1.2;0.0
06;2021-01-18;2512;9;15447;61;1.4;0.0
06;2021-01-19;2781;13;18228;74;1.7;0.0
06;2021-01-20;3392;12;21620;86;2.0;0.0
06;2021-01-21;3063;22;24683;108;2.3;0.0
06;2021-01-22;3033;16;27716;124;2.6;0.0
06;2021-01-23;1310;3;29026;127;2.7;0.0
06;2021-01-24;34;0;29060;127;2.7;0.0
06;2021-01-25;2093;12;31153;139;2.9;0.0
06;2021-01-26;3417;44;34570;183;3.2;0.0
06;2021-01-27;2577;93;37147;276;3.4;0.0
06;2021-01-28;2832;183;39979;459;3.7;0.0
06;2021-01-29;2532;281;42511;740;3.9;0.1
06;2021-01-30;674;38;43185;778;4.0;0.1
06;2021-01-31;4;1;43189;779;4.0;0.1
06;2021-02-01;1030;412;44219;1191;4.1;0.1
06;2021-02-02;1517;364;45736;1555;4.2;0.1
06;2021-02-03;339;126;46075;1681;4.3;0.2
06;2021-02-04;727;773;46802;2454;4.3;0.2
06;2021-02-05;1016;947;47818;3401;4.4;0.3
06;2021-02-06;172;357;47990;3758;4.4;0.3
06;2021-02-07;14;49;48004;3807;4.4;0.4
06;2021-02-08;545;871;48549;4678;4.5;0.4
06;2021-02-09;327;682;48876;5360;4.5;0.5
06;2021-02-10;387;563;49263;5923;4.6;0.5
06;2021-02-11;486;897;49749;6820;4.6;0.6
06;2021-02-12;662;1077;50411;7897;4.7;0.7
06;2021-02-13;207;237;50618;8134;4.7;0.8
06;2021-02-14;19;2;50637;8136;4.7;0.8
06;2021-02-15;469;976;51106;9112;4.7;0.8
06;2021-02-16;877;1748;51983;10860;4.8;1.0
06;2021-02-17;846;1737;52829;12597;4.9;1.2
06;2021-02-18;1827;2200;54656;14797;5.1;1.4
06;2021-02-19;1776;1769;56432;16566;5.2;1.5
06;2021-02-20;291;415;56723;16981;5.3;1.6
06;2021-02-21;25;52;56748;17033;5.3;1.6
06;2021-02-22;1094;1220;57842;18253;5.4;1.7
06;2021-02-23;1776;1174;59618;19427;5.5;1.8
06;2021-02-24;2129;996;61747;20423;5.7;1.9
06;2021-02-25;3872;1367;65619;21790;6.1;2.0
06;2021-02-26;3416;1346;69035;23136;6.4;2.1
06;2021-02-27;1443;292;70478;23428;6.5;2.2
06;2021-02-28;103;23;70581;23451;6.5;2.2
06;2021-03-01;2438;669;73019;24120;6.8;2.2
06;2021-03-02;2474;808;75493;24928;7.0;2.3
06;2021-03-03;2879;461;78372;25389;7.3;2.4
06;2021-03-04;4644;502;83016;25891;7.7;2.4
06;2021-03-05;3928;900;86944;26791;8.1;2.5
06;2021-03-06;11979;343;98923;27134;9.2;2.5
06;2021-03-07;10223;311;109146;27445;10.1;2.5
06;2021-03-08;4188;981;113334;28426;10.5;2.6
06;2021-03-09;5020;791;118354;29217;11.0;2.7
06;2021-03-10;4740;655;123094;29872;11.4;2.8
06;2021-03-11;6746;825;129840;30697;12.0;2.8
06;2021-03-12;6898;976;136738;31673;12.7;2.9
06;2021-03-13;11278;347;148016;32020;13.7;3.0
06;2021-03-14;516;47;148532;32067;13.8;3.0
06;2021-03-15;4851;719;153383;32786;14.2;3.0
06;2021-03-16;3784;992;157167;33778;14.6;3.1
06;2021-03-17;6214;1729;163381;35507;15.1;3.3
06;2021-03-18;5137;1755;168518;37262;15.6;3.5
06;2021-03-19;6843;1960;175361;39222;16.2;3.6
06;2021-03-20;2380;511;177741;39733;16.5;3.7
06;2021-03-21;416;23;178157;39756;16.5;3.7
06;2021-03-22;3999;683;182156;40439;16.9;3.7
06;2021-03-23;5999;1185;188155;41624;17.4;3.9
06;2021-03-24;4234;3040;192389;44664;17.8;4.1
06;2021-03-25;5890;3086;198279;47750;18.4;4.4
06;2021-03-26;6374;1972;204653;49722;19.0;4.6
06;2021-03-27;2043;358;206696;50080;19.1;4.6
06;2021-03-28;218;5;206914;50085;19.2;4.6
06;2021-03-29;3212;2073;210126;52158;19.5;4.8
06;2021-03-30;5200;2483;215326;54641;19.9;5.1
06;2021-03-31;8063;1653;223389;56294;20.7;5.2
06;2021-04-01;7678;2457;231067;58751;21.4;5.4
06;2021-04-02;7253;2703;238320;61454;22.1;5.7
06;2021-04-03;2723;1374;241043;62828;22.3;5.8
06;2021-04-04;304;547;241347;63375;22.4;5.9
06;2021-04-05;1417;695;242764;64070;22.5;5.9
06;2021-04-06;6682;3312;249446;67382;23.1;6.2
06;2021-04-07;6240;3888;255686;71270;23.7;6.6
06;2021-04-08;5757;5647;261443;76917;24.2;7.1
06;2021-04-09;9399;5858;270842;82775;25.1;7.7
06;2021-04-10;2396;2778;273238;85553;25.3;7.9
06;2021-04-11;189;58;273427;85611;25.3;7.9
06;2021-04-12;4392;3503;277819;89114;25.7;8.3
06;2021-04-13;6395;5001;284214;94115;26.3;8.7
06;2021-04-14;5479;4431;289693;98546;26.8;9.1
06;2021-04-15;5560;4385;295253;102931;27.4;9.5
06;2021-04-16;7093;5190;302346;108121;28.0;10.0
06;2021-04-17;2789;3053;305135;111174;28.3;10.3
06;2021-04-18;272;223;305407;111397;28.3;10.3
06;2021-04-19;5505;4038;310912;115435;28.8;10.7
06;2021-04-20;5670;4872;316582;120307;29.3;11.1
06;2021-04-21;8339;4183;324921;124490;30.1;11.5
06;2021-04-22;8584;4202;333505;128692;30.9;11.9
06;2021-04-23;8854;4282;342359;132974;31.7;12.3
06;2021-04-24;2358;1495;344717;134469;31.9;12.5
06;2021-04-25;122;14;344839;134483;31.9;12.5
06;2021-04-26;4163;2318;349002;136801;32.3;12.7
06;2021-04-27;4595;4041;353597;140842;32.8;13.0
06;2021-04-28;4166;4574;357763;145416;33.1;13.5
06;2021-04-29;6095;5452;363858;150868;33.7;14.0
06;2021-04-30;6786;5168;370644;156036;34.3;14.5
06;2021-05-01;4168;838;374812;156874;34.7;14.5
06;2021-05-02;494;155;375306;157029;34.8;14.5
06;2021-05-03;6930;3562;382236;160591;35.4;14.9
06;2021-05-04;5757;5391;387993;165982;35.9;15.4
06;2021-05-05;4551;3909;392544;169891;36.4;15.7
06;2021-05-06;5235;4742;397779;174633;36.9;16.2
06;2021-05-07;5664;5673;403443;180306;37.4;16.7
06;2021-05-08;4875;1333;408318;181639;37.8;16.8
06;2021-05-09;206;308;408524;181947;37.8;16.9
06;2021-05-10;4834;5048;413358;186995;38.3;17.3
06;2021-05-11;4949;5558;418307;192553;38.8;17.8
06;2021-05-12;9112;4899;427419;197452;39.6;18.3
06;2021-05-13;9279;2146;436698;199598;40.5;18.5
06;2021-05-14;10863;3366;447561;202964;41.5;18.8
06;2021-05-15;9314;2225;456875;205189;42.3;19.0
06;2021-05-16;1506;288;458381;205477;42.5;19.0
06;2021-05-17;7525;3754;465906;209231;43.2;19.4
06;2021-05-18;9751;3233;475657;212464;44.1;19.7
06;2021-05-19;7716;2988;483373;215452;44.8;20.0
06;2021-05-20;7984;3681;491357;219133;45.5;20.3
06;2021-05-21;8833;3953;500190;223086;46.3;20.7
06;2021-05-22;3033;1326;503223;224412;46.6;20.8
06;2021-05-23;134;630;503357;225042;46.6;20.8
06;2021-05-24;3207;1002;506564;226044;46.9;20.9
06;2021-05-25;4765;4933;511329;230977;47.4;21.4
06;2021-05-26;5696;6631;517025;237608;47.9;22.0
06;2021-05-27;5594;6284;522619;243892;48.4;22.6
06;2021-05-28;4985;7291;527604;251183;48.9;23.3
06;2021-05-29;1638;2925;529242;254108;49.0;23.5
06;2021-05-30;258;1122;529500;255230;49.1;23.6
06;2021-05-31;4419;5121;533919;260351;49.5;24.1
06;2021-06-01;5756;7427;539675;267778;50.0;24.8
06;2021-06-02;3326;8549;543001;276327;50.3;25.6
06;2021-06-03;4551;8306;547552;284633;50.7;26.4
06;2021-06-04;5491;7726;553043;292359;51.2;27.1
06;2021-06-05;2468;3348;555511;295707;51.5;27.4
06;2021-06-06;183;235;555694;295942;51.5;27.4
06;2021-06-07;4148;5582;559842;301524;51.9;27.9
06;2021-06-08;4488;5219;564330;306743;52.3;28.4
06;2021-06-09;4125;7361;568455;314104;52.7;29.1
06;2021-06-10;4795;6871;573250;320975;53.1;29.7
06;2021-06-11;3929;8355;577179;329330;53.5;30.5
06;2021-06-12;1748;3751;578927;333081;53.6;30.9
06;2021-06-13;151;439;579078;333520;53.6;30.9
06;2021-06-14;2744;8606;581822;342126;53.9;31.7
06;2021-06-15;3296;9490;585118;351616;54.2;32.6
06;2021-06-16;3517;7023;588635;358639;54.5;33.2
06;2021-06-17;3684;7189;592319;365828;54.9;33.9
06;2021-06-18;2646;5929;594965;371757;55.1;34.4
06;2021-06-19;1320;1689;596285;373446;55.2;34.6
06;2021-06-20;211;349;596496;373795;55.3;34.6
06;2021-06-21;1737;6296;598233;380091;55.4;35.2
06;2021-06-22;2376;7362;600609;387453;55.6;35.9
06;2021-06-23;2097;6543;602706;393996;55.8;36.5
06;2021-06-24;3497;8967;606203;402963;56.2;37.3
06;2021-06-25;2309;9603;608512;412566;56.4;38.2
06;2021-06-26;893;2288;609405;414854;56.5;38.4
06;2021-06-27;379;1190;609784;416044;56.5;38.5
06;2021-06-28;2503;8123;612287;424167;56.7;39.3
06;2021-06-29;2396;7731;614683;431898;56.9;40.0
06;2021-06-30;1522;7693;616205;439591;57.1;40.7
06;2021-07-01;3573;7482;619778;447073;57.4;41.4
06;2021-07-02;4477;8280;624255;455353;57.8;42.2
06;2021-07-03;1240;4306;625495;459659;57.9;42.6
06;2021-07-04;318;303;625813;459962;58.0;42.6
06;2021-07-05;4079;5142;629892;465104;58.4;43.1
06;2021-07-06;2151;5813;632043;470917;58.6;43.6
06;2021-07-07;4188;5981;636231;476898;58.9;44.2
06;2021-07-08;3733;6334;639964;483232;59.3;44.8
06;2021-07-09;4868;6239;644832;489471;59.7;45.3
06;2021-07-10;1777;2330;646609;491801;59.9;45.6
06;2021-07-11;332;322;646941;492123;59.9;45.6
06;2021-07-12;4210;7150;651151;499273;60.3;46.3
06;2021-07-13;6126;9025;657277;508298;60.9;47.1
06;2021-07-14;1251;442;658528;508740;61.0;47.1
06;2021-07-15;6853;8039;665381;516779;61.6;47.9
06;2021-07-16;8542;9038;673923;525817;62.4;48.7
06;2021-07-17;3170;5477;677093;531294;62.7;49.2
06;2021-07-18;1079;5332;678172;536626;62.8;49.7
06;2021-07-19;6169;8031;684341;544657;63.4;50.5
06;2021-07-20;7602;10261;691943;554918;64.1;51.4
06;2021-07-21;8478;8717;700421;563635;64.9;52.2
06;2021-07-22;10456;7885;710877;571520;65.9;52.9
06;2021-07-23;9568;6930;720445;578450;66.7;53.6
06;2021-07-24;3305;3107;723750;581557;67.1;53.9
06;2021-07-25;1004;480;724754;582037;67.1;53.9
06;2021-07-26;7664;6892;732418;588929;67.9;54.6
06;2021-07-27;9276;5595;741694;594524;68.7;55.1
06;2021-07-28;7491;5406;749185;599930;69.4;55.6
06;2021-07-29;8892;5789;758077;605719;70.2;56.1
06;2021-07-30;8560;5560;766637;611279;71.0;56.6
06;2021-07-31;3830;3082;770467;614361;71.4;56.9
06;2021-08-01;902;436;771369;614797;71.5;57.0
06;2021-08-02;7145;4627;778514;619424;72.1;57.4
06;2021-08-03;6864;5504;785378;624928;72.8;57.9
06;2021-08-04;5836;3518;791214;628446;73.3;58.2
06;2021-08-05;6787;4474;798001;632920;73.9;58.6
06;2021-08-06;6119;6119;804120;639039;74.5;59.2
06;2021-08-07;2326;2474;806446;641513;74.7;59.4
06;2021-08-08;617;632;807063;642145;74.8;59.5
06;2021-08-09;4881;6040;811944;648185;75.2;60.1
06;2021-08-10;5520;6914;817464;655099;75.7;60.7
06;2021-08-11;4456;6215;821920;661314;76.1;61.3
06;2021-08-12;4742;6743;826662;668057;76.6;61.9
06;2021-08-13;3881;6455;830543;674512;76.9;62.5
06;2021-08-14;1599;2275;832142;676787;77.1;62.7
06;2021-08-15;419;639;832561;677426;77.1;62.8
06;2021-08-16;3299;6910;835860;684336;77.4;63.4
06;2021-08-17;3843;7781;839703;692117;77.8;64.1
06;2021-08-18;2998;6410;842701;698527;78.1;64.7
06;2021-08-19;4021;8127;846722;706654;78.4;65.5
06;2021-08-20;3309;6532;850031;713186;78.8;66.1
06;2021-08-21;1843;3594;851874;716780;78.9;66.4
06;2021-08-22;388;712;852262;717492;79.0;66.5
06;2021-08-23;2547;6531;854809;724023;79.2;67.1
06;2021-08-24;2892;6474;857701;730497;79.5;67.7
06;2021-08-25;2625;5682;860326;736179;79.7;68.2
06;2021-08-26;2739;6890;863065;743069;80.0;68.8
06;2021-08-27;2654;7078;865719;750147;80.2;69.5
06;2021-08-28;1296;3335;867015;753482;80.3;69.8
06;2021-08-29;295;826;867310;754308;80.4;69.9
06;2021-08-30;2465;6385;869775;760693;80.6;70.5
06;2021-08-31;2774;7146;872549;767839;80.8;71.1
06;2021-09-01;2741;5816;875290;773655;81.1;71.7
06;2021-09-02;2470;6438;877760;780093;81.3;72.3
06;2021-09-03;2171;6880;879931;786973;81.5;72.9
06;2021-09-04;1381;3662;881312;790635;81.6;73.2
06;2021-09-05;278;530;881590;791165;81.7;73.3
06;2021-09-06;1541;4916;883131;796081;81.8;73.8
06;2021-09-07;1629;5271;884760;801352;82.0;74.2
06;2021-09-08;1568;4473;886328;805825;82.1;74.7
06;2021-09-09;1446;4193;887774;810018;82.2;75.0
06;2021-09-10;1872;4277;889646;814295;82.4;75.4
06;2021-09-11;1084;2465;890730;816760;82.5;75.7
06;2021-09-12;143;337;890873;817097;82.5;75.7
06;2021-09-13;1305;3539;892178;820636;82.7;76.0
06;2021-09-14;1528;3148;893706;823784;82.8;76.3
06;2021-09-15;1469;2757;895175;826541;82.9;76.6
06;2021-09-16;1348;2423;896523;828964;83.1;76.8
06;2021-09-17;1472;2870;897995;831834;83.2;77.1
06;2021-09-18;686;1962;898681;833796;83.3;77.2
06;2021-09-19;108;289;898789;834085;83.3;77.3
06;2021-09-20;717;2134;899506;836219;83.3;77.5
06;2021-09-21;986;2478;900492;838697;83.4;77.7
06;2021-09-22;1046;2512;901538;841209;83.5;77.9
06;2021-09-23;815;2197;902353;843406;83.6;78.1
06;2021-09-24;919;2353;903272;845759;83.7;78.4
06;2021-09-25;489;1779;903761;847538;83.7;78.5
06;2021-09-26;96;218;903857;847756;83.7;78.5
06;2021-09-27;664;1614;904521;849370;83.8;78.7
06;2021-09-28;569;1598;905090;850968;83.9;78.8
06;2021-09-29;816;1787;905906;852755;83.9;79.0
06;2021-09-30;755;1706;906661;854461;84.0;79.2
06;2021-10-01;936;2080;907597;856541;84.1;79.4
06;2021-10-02;498;1346;908095;857887;84.1;79.5
06;2021-10-03;103;170;908198;858057;84.1;79.5
06;2021-10-04;412;1174;908610;859231;84.2;79.6
06;2021-10-05;594;1628;909204;860859;84.2;79.8
07;2020-12-27;0;0;0;0;0.0;0.0
07;2020-12-28;0;0;0;0;0.0;0.0
07;2020-12-29;0;0;0;0;0.0;0.0
07;2020-12-30;0;0;0;0;0.0;0.0
07;2020-12-31;0;0;0;0;0.0;0.0
07;2021-01-01;7;0;7;0;0.0;0.0
07;2021-01-02;0;0;7;0;0.0;0.0
07;2021-01-03;0;0;7;0;0.0;0.0
07;2021-01-04;0;0;7;0;0.0;0.0
07;2021-01-05;0;0;7;0;0.0;0.0
07;2021-01-06;31;0;38;0;0.0;0.0
07;2021-01-07;130;1;168;1;0.1;0.0
07;2021-01-08;45;1;213;2;0.1;0.0
07;2021-01-09;17;0;230;2;0.1;0.0
07;2021-01-10;0;0;230;2;0.1;0.0
07;2021-01-11;157;1;387;3;0.1;0.0
07;2021-01-12;310;0;697;3;0.2;0.0
07;2021-01-13;308;1;1005;4;0.3;0.0
07;2021-01-14;475;0;1480;4;0.5;0.0
07;2021-01-15;188;0;1668;4;0.5;0.0
07;2021-01-16;17;0;1685;4;0.5;0.0
07;2021-01-17;2;0;1687;4;0.5;0.0
07;2021-01-18;364;4;2051;8;0.6;0.0
07;2021-01-19;830;2;2881;10;0.9;0.0
07;2021-01-20;605;1;3486;11;1.1;0.0
07;2021-01-21;453;3;3939;14;1.2;0.0
07;2021-01-22;292;0;4231;14;1.3;0.0
07;2021-01-23;107;0;4338;14;1.3;0.0
07;2021-01-24;0;0;4338;14;1.3;0.0
07;2021-01-25;164;0;4502;14;1.4;0.0
07;2021-01-26;491;4;4993;18;1.5;0.0
07;2021-01-27;558;8;5551;26;1.7;0.0
07;2021-01-28;1207;102;6758;128;2.1;0.0
07;2021-01-29;714;17;7472;145;2.3;0.0
07;2021-01-30;212;4;7684;149;2.4;0.0
07;2021-01-31;7;0;7691;149;2.4;0.0
07;2021-02-01;267;17;7958;166;2.4;0.1
07;2021-02-02;664;194;8622;360;2.6;0.1
07;2021-02-03;1046;176;9668;536;3.0;0.2
07;2021-02-04;722;247;10390;783;3.2;0.2
07;2021-02-05;484;240;10874;1023;3.3;0.3
07;2021-02-06;98;2;10972;1025;3.4;0.3
07;2021-02-07;12;1;10984;1026;3.4;0.3
07;2021-02-08;239;143;11223;1169;3.4;0.4
07;2021-02-09;490;304;11713;1473;3.6;0.5
07;2021-02-10;538;366;12251;1839;3.7;0.6
07;2021-02-11;400;243;12651;2082;3.9;0.6
07;2021-02-12;266;146;12917;2228;4.0;0.7
07;2021-02-13;69;16;12986;2244;4.0;0.7
07;2021-02-14;1;0;12987;2244;4.0;0.7
07;2021-02-15;270;103;13257;2347;4.1;0.7
07;2021-02-16;352;310;13609;2657;4.2;0.8
07;2021-02-17;466;284;14075;2941;4.3;0.9
07;2021-02-18;564;719;14639;3660;4.5;1.1
07;2021-02-19;458;474;15097;4134;4.6;1.3
07;2021-02-20;109;58;15206;4192;4.7;1.3
07;2021-02-21;15;0;15221;4192;4.7;1.3
07;2021-02-22;425;178;15646;4370;4.8;1.3
07;2021-02-23;648;580;16294;4950;5.0;1.5
07;2021-02-24;927;655;17221;5605;5.3;1.7
07;2021-02-25;709;467;17930;6072;5.5;1.9
07;2021-02-26;844;243;18774;6315;5.7;1.9
07;2021-02-27;190;138;18964;6453;5.8;2.0
07;2021-02-28;1;0;18965;6453;5.8;2.0
07;2021-03-01;438;179;19403;6632;5.9;2.0
07;2021-03-02;657;523;20060;7155;6.1;2.2
07;2021-03-03;695;478;20755;7633;6.3;2.3
07;2021-03-04;1100;311;21855;7944;6.7;2.4
07;2021-03-05;1084;340;22939;8284;7.0;2.5
07;2021-03-06;1125;96;24064;8380;7.4;2.6
07;2021-03-07;717;20;24781;8400;7.6;2.6
07;2021-03-08;352;278;25133;8678;7.7;2.7
07;2021-03-09;1089;393;26222;9071;8.0;2.8
07;2021-03-10;869;502;27091;9573;8.3;2.9
07;2021-03-11;1373;444;28464;10017;8.7;3.1
07;2021-03-12;1618;542;30082;10559;9.2;3.2
07;2021-03-13;683;89;30765;10648;9.4;3.3
07;2021-03-14;4;0;30769;10648;9.4;3.3
07;2021-03-15;525;273;31294;10921;9.6;3.3
07;2021-03-16;1209;475;32503;11396;9.9;3.5
07;2021-03-17;1189;769;33692;12165;10.3;3.7
07;2021-03-18;1217;405;34909;12570;10.7;3.8
07;2021-03-19;1269;423;36178;12993;11.1;4.0
07;2021-03-20;467;106;36645;13099;11.2;4.0
07;2021-03-21;3;1;36648;13100;11.2;4.0
07;2021-03-22;790;530;37438;13630;11.5;4.2
07;2021-03-23;1519;710;38957;14340;11.9;4.4
07;2021-03-24;1280;660;40237;15000;12.3;4.6
07;2021-03-25;1852;508;42089;15508;12.9;4.7
07;2021-03-26;1834;436;43923;15944;13.4;4.9
07;2021-03-27;384;96;44307;16040;13.6;4.9
07;2021-03-28;6;1;44313;16041;13.6;4.9
07;2021-03-29;789;354;45102;16395;13.8;5.0
07;2021-03-30;1526;509;46628;16904;14.3;5.2
07;2021-03-31;1662;507;48290;17411;14.8;5.3
07;2021-04-01;1590;662;49880;18073;15.3;5.5
07;2021-04-02;1522;439;51402;18512;15.7;5.7
07;2021-04-03;230;106;51632;18618;15.8;5.7
07;2021-04-04;3;1;51635;18619;15.8;5.7
07;2021-04-05;0;66;51635;18685;15.8;5.7
07;2021-04-06;1159;760;52794;19445;16.2;5.9
07;2021-04-07;1316;900;54110;20345;16.6;6.2
07;2021-04-08;1969;1176;56079;21521;17.2;6.6
07;2021-04-09;2423;568;58502;22089;17.9;6.8
07;2021-04-10;807;163;59309;22252;18.1;6.8
07;2021-04-11;340;12;59649;22264;18.2;6.8
07;2021-04-12;1287;596;60936;22860;18.6;7.0
07;2021-04-13;1767;1338;62703;24198;19.2;7.4
07;2021-04-14;1687;1016;64390;25214;19.7;7.7
07;2021-04-15;1443;842;65833;26056;20.1;8.0
07;2021-04-16;1506;911;67339;26967;20.6;8.2
07;2021-04-17;870;216;68209;27183;20.9;8.3
07;2021-04-18;699;38;68908;27221;21.1;8.3
07;2021-04-19;1161;574;70069;27795;21.4;8.5
07;2021-04-20;1440;1318;71509;29113;21.9;8.9
07;2021-04-21;1719;917;73228;30030;22.4;9.2
07;2021-04-22;1816;967;75044;30997;23.0;9.5
07;2021-04-23;1411;969;76455;31966;23.4;9.8
07;2021-04-24;962;251;77417;32217;23.7;9.9
07;2021-04-25;717;69;78134;32286;23.9;9.9
07;2021-04-26;1137;678;79271;32964;24.3;10.1
07;2021-04-27;1394;1565;80665;34529;24.7;10.6
07;2021-04-28;1635;1755;82300;36284;25.2;11.1
07;2021-04-29;1937;1530;84237;37814;25.8;11.6
07;2021-04-30;1661;1479;85898;39293;26.3;12.0
07;2021-05-01;960;119;86858;39412;26.6;12.1
07;2021-05-02;844;155;87702;39567;26.8;12.1
07;2021-05-03;1280;434;88982;40001;27.2;12.2
07;2021-05-04;2170;1566;91152;41567;27.9;12.7
07;2021-05-05;1744;1386;92896;42953;28.4;13.1
07;2021-05-06;2101;1587;94997;44540;29.1;13.6
07;2021-05-07;1597;1553;96594;46093;29.6;14.1
07;2021-05-08;1230;403;97824;46496;29.9;14.2
07;2021-05-09;1030;326;98854;46822;30.2;14.3
07;2021-05-10;1406;1176;100260;47998;30.7;14.7
07;2021-05-11;2470;1693;102730;49691;31.4;15.2
07;2021-05-12;2164;1277;104894;50968;32.1;15.6
07;2021-05-13;1712;273;106606;51241;32.6;15.7
07;2021-05-14;1734;996;108340;52237;33.1;16.0
07;2021-05-15;1626;500;109966;52737;33.6;16.1
07;2021-05-16;1442;214;111408;52951;34.1;16.2
07;2021-05-17;1771;857;113179;53808;34.6;16.5
07;2021-05-18;2295;1302;115474;55110;35.3;16.9
07;2021-05-19;2375;1000;117849;56110;36.1;17.2
07;2021-05-20;2165;1308;120014;57418;36.7;17.6
07;2021-05-21;1757;1312;121771;58730;37.3;18.0
07;2021-05-22;935;542;122706;59272;37.5;18.1
07;2021-05-23;856;157;123562;59429;37.8;18.2
07;2021-05-24;1648;339;125210;59768;38.3;18.3
07;2021-05-25;2184;1477;127394;61245;39.0;18.7
07;2021-05-26;1526;1379;128920;62624;39.4;19.2
07;2021-05-27;2015;1412;130935;64036;40.1;19.6
07;2021-05-28;1770;2078;132705;66114;40.6;20.2
07;2021-05-29;942;683;133647;66797;40.9;20.4
07;2021-05-30;622;570;134269;67367;41.1;20.6
07;2021-05-31;1133;1281;135402;68648;41.4;21.0
07;2021-06-01;2153;2001;137555;70649;42.1;21.6
07;2021-06-02;1532;1653;139087;72302;42.6;22.1
07;2021-06-03;1712;1254;140799;73556;43.1;22.5
07;2021-06-04;1676;1593;142475;75149;43.6;23.0
07;2021-06-05;987;955;143462;76104;43.9;23.3
07;2021-06-06;598;624;144060;76728;44.1;23.5
07;2021-06-07;961;1193;145021;77921;44.4;23.8
07;2021-06-08;1547;1771;146568;79692;44.8;24.4
07;2021-06-09;1030;1419;147598;81111;45.2;24.8
07;2021-06-10;789;1388;148387;82499;45.4;25.2
07;2021-06-11;1154;2032;149541;84531;45.7;25.9
07;2021-06-12;643;1217;150184;85748;45.9;26.2
07;2021-06-13;395;444;150579;86192;46.1;26.4
07;2021-06-14;566;1958;151145;88150;46.2;27.0
07;2021-06-15;936;2550;152081;90700;46.5;27.7
07;2021-06-16;1023;1854;153104;92554;46.8;28.3
07;2021-06-17;885;1949;153989;94503;47.1;28.9
07;2021-06-18;868;2281;154857;96784;47.4;29.6
07;2021-06-19;603;1452;155460;98236;47.6;30.1
07;2021-06-20;369;729;155829;98965;47.7;30.3
07;2021-06-21;516;2143;156345;101108;47.8;30.9
07;2021-06-22;655;2661;157000;103769;48.0;31.7
07;2021-06-23;680;1960;157680;105729;48.2;32.3
07;2021-06-24;646;1849;158326;107578;48.4;32.9
07;2021-06-25;701;2175;159027;109753;48.7;33.6
07;2021-06-26;362;1430;159389;111183;48.8;34.0
07;2021-06-27;285;1073;159674;112256;48.8;34.3
07;2021-06-28;506;2241;160180;114497;49.0;35.0
07;2021-06-29;540;2986;160720;117483;49.2;35.9
07;2021-06-30;822;2278;161542;119761;49.4;36.6
07;2021-07-01;776;1951;162318;121712;49.7;37.2
07;2021-07-02;880;2294;163198;124006;49.9;37.9
07;2021-07-03;421;1137;163619;125143;50.1;38.3
07;2021-07-04;211;852;163830;125995;50.1;38.5
07;2021-07-05;670;1685;164500;127680;50.3;39.1
07;2021-07-06;880;2630;165380;130310;50.6;39.9
07;2021-07-07;969;1951;166349;132261;50.9;40.5
07;2021-07-08;928;1959;167277;134220;51.2;41.1
07;2021-07-09;994;2262;168271;136482;51.5;41.8
07;2021-07-10;598;1100;168869;137582;51.7;42.1
07;2021-07-11;239;614;169108;138196;51.7;42.3
07;2021-07-12;807;1769;169915;139965;52.0;42.8
07;2021-07-13;1770;3171;171685;143136;52.5;43.8
07;2021-07-14;167;133;171852;143269;52.6;43.8
07;2021-07-15;1960;2466;173812;145735;53.2;44.6
07;2021-07-16;2056;1987;175868;147722;53.8;45.2
07;2021-07-17;1484;1249;177352;148971;54.3;45.6
07;2021-07-18;771;480;178123;149451;54.5;45.7
07;2021-07-19;1515;1687;179638;151138;55.0;46.2
07;2021-07-20;2519;2678;182157;153816;55.7;47.1
07;2021-07-21;1856;1915;184013;155731;56.3;47.6
07;2021-07-22;1918;1375;185931;157106;56.9;48.1
07;2021-07-23;2264;1688;188195;158794;57.6;48.6
07;2021-07-24;1642;1112;189837;159906;58.1;48.9
07;2021-07-25;34;22;189871;159928;58.1;48.9
07;2021-07-26;2198;1541;192069;161469;58.8;49.4
07;2021-07-27;3016;1915;195085;163384;59.7;50.0
07;2021-07-28;1642;1308;196727;164692;60.2;50.4
07;2021-07-29;2541;1274;199268;165966;61.0;50.8
07;2021-07-30;1356;1415;200624;167381;61.4;51.2
07;2021-07-31;1506;922;202130;168303;61.8;51.5
07;2021-08-01;74;26;202204;168329;61.9;51.5
07;2021-08-02;1516;1133;203720;169462;62.3;51.8
07;2021-08-03;2417;1911;206137;171373;63.1;52.4
07;2021-08-04;1947;1032;208084;172405;63.7;52.7
07;2021-08-05;1893;1296;209977;173701;64.2;53.1
07;2021-08-06;2033;1709;212010;175410;64.9;53.7
07;2021-08-07;998;556;213008;175966;65.2;53.8
07;2021-08-08;12;23;213020;175989;65.2;53.8
07;2021-08-09;1258;1382;214278;177371;65.6;54.3
07;2021-08-10;1599;2259;215877;179630;66.0;55.0
07;2021-08-11;1399;1600;217276;181230;66.5;55.4
07;2021-08-12;1105;1485;218381;182715;66.8;55.9
07;2021-08-13;1182;1790;219563;184505;67.2;56.4
07;2021-08-14;512;766;220075;185271;67.3;56.7
07;2021-08-15;9;28;220084;185299;67.3;56.7
07;2021-08-16;754;1328;220838;186627;67.6;57.1
07;2021-08-17;1339;2278;222177;188905;68.0;57.8
07;2021-08-18;879;1517;223056;190422;68.2;58.3
07;2021-08-19;1148;1697;224204;192119;68.6;58.8
07;2021-08-20;899;2086;225103;194205;68.9;59.4
07;2021-08-21;364;549;225467;194754;69.0;59.6
07;2021-08-22;7;23;225474;194777;69.0;59.6
07;2021-08-23;467;1307;225941;196084;69.1;60.0
07;2021-08-24;1124;2312;227065;198396;69.5;60.7
07;2021-08-25;691;1837;227756;200233;69.7;61.3
07;2021-08-26;690;2021;228446;202254;69.9;61.9
07;2021-08-27;784;1830;229230;204084;70.1;62.4
07;2021-08-28;338;608;229568;204692;70.2;62.6
07;2021-08-29;1;33;229569;204725;70.2;62.6
07;2021-08-30;429;1326;229998;206051;70.4;63.0
07;2021-08-31;1093;2284;231091;208335;70.7;63.7
07;2021-09-01;543;1396;231634;209731;70.9;64.2
07;2021-09-02;603;1543;232237;211274;71.0;64.6
07;2021-09-03;740;1891;232977;213165;71.3;65.2
07;2021-09-04;308;716;233285;213881;71.4;65.4
07;2021-09-05;26;28;233311;213909;71.4;65.4
07;2021-09-06;403;1029;233714;214938;71.5;65.8
07;2021-09-07;523;1462;234237;216400;71.7;66.2
07;2021-09-08;442;1159;234679;217559;71.8;66.6
07;2021-09-09;476;1051;235155;218610;71.9;66.9
07;2021-09-10;518;1420;235673;220030;72.1;67.3
07;2021-09-11;167;660;235840;220690;72.1;67.5
07;2021-09-12;0;9;235840;220699;72.1;67.5
07;2021-09-13;351;617;236191;221316;72.3;67.7
07;2021-09-14;532;1125;236723;222441;72.4;68.1
07;2021-09-15;303;743;237026;223184;72.5;68.3
07;2021-09-16;426;566;237452;223750;72.6;68.5
07;2021-09-17;319;800;237771;224550;72.7;68.7
07;2021-09-18;100;454;237871;225004;72.8;68.8
07;2021-09-19;3;32;237874;225036;72.8;68.8
07;2021-09-20;238;365;238112;225401;72.8;69.0
07;2021-09-21;286;696;238398;226097;72.9;69.2
07;2021-09-22;173;725;238571;226822;73.0;69.4
07;2021-09-23;189;531;238760;227353;73.0;69.6
07;2021-09-24;277;838;239037;228191;73.1;69.8
07;2021-09-25;47;206;239084;228397;73.1;69.9
07;2021-09-26;6;17;239090;228414;73.1;69.9
07;2021-09-27;145;458;239235;228872;73.2;70.0
07;2021-09-28;178;522;239413;229394;73.2;70.2
07;2021-09-29;127;513;239540;229907;73.3;70.3
07;2021-09-30;174;451;239714;230358;73.3;70.5
07;2021-10-01;220;593;239934;230951;73.4;70.7
07;2021-10-02;76;137;240010;231088;73.4;70.7
07;2021-10-03;10;15;240020;231103;73.4;70.7
07;2021-10-04;160;366;240180;231469;73.5;70.8
07;2021-10-05;202;444;240382;231913;73.5;70.9
08;2020-12-27;1;0;1;0;0.0;0.0
08;2020-12-28;0;0;1;0;0.0;0.0
08;2020-12-29;0;0;1;0;0.0;0.0
08;2020-12-30;0;0;1;0;0.0;0.0
08;2020-12-31;0;0;1;0;0.0;0.0
08;2021-01-01;0;0;1;0;0.0;0.0
08;2021-01-02;0;0;1;0;0.0;0.0
08;2021-01-03;2;0;3;0;0.0;0.0
08;2021-01-04;24;0;27;0;0.0;0.0
08;2021-01-05;1;0;28;0;0.0;0.0
08;2021-01-06;0;0;28;0;0.0;0.0
08;2021-01-07;188;0;216;0;0.1;0.0
08;2021-01-08;315;0;531;0;0.2;0.0
08;2021-01-09;115;0;646;0;0.2;0.0
08;2021-01-10;1;0;647;0;0.2;0.0
08;2021-01-11;66;0;713;0;0.3;0.0
08;2021-01-12;157;0;870;0;0.3;0.0
08;2021-01-13;480;1;1350;1;0.5;0.0
08;2021-01-14;538;9;1888;10;0.7;0.0
08;2021-01-15;288;2;2176;12;0.8;0.0
08;2021-01-16;107;0;2283;12;0.9;0.0
08;2021-01-17;2;0;2285;12;0.9;0.0
08;2021-01-18;371;2;2656;14;1.0;0.0
08;2021-01-19;873;1;3529;15;1.3;0.0
08;2021-01-20;909;4;4438;19;1.7;0.0
08;2021-01-21;743;1;5181;20;2.0;0.0
08;2021-01-22;678;1;5859;21;2.2;0.0
08;2021-01-23;237;0;6096;21;2.3;0.0
08;2021-01-24;0;0;6096;21;2.3;0.0
08;2021-01-25;209;0;6305;21;2.4;0.0
08;2021-01-26;303;1;6608;22;2.5;0.0
08;2021-01-27;410;1;7018;23;2.6;0.0
08;2021-01-28;565;176;7583;199;2.9;0.1
08;2021-01-29;588;172;8171;371;3.1;0.1
08;2021-01-30;222;59;8393;430;3.2;0.2
08;2021-01-31;0;0;8393;430;3.2;0.2
08;2021-02-01;80;43;8473;473;3.2;0.2
08;2021-02-02;192;160;8665;633;3.3;0.2
08;2021-02-03;140;162;8805;795;3.3;0.3
08;2021-02-04;309;274;9114;1069;3.4;0.4
08;2021-02-05;499;341;9613;1410;3.6;0.5
08;2021-02-06;149;66;9762;1476;3.7;0.6
08;2021-02-07;8;0;9770;1476;3.7;0.6
08;2021-02-08;40;155;9810;1631;3.7;0.6
08;2021-02-09;221;605;10031;2236;3.8;0.8
08;2021-02-10;334;585;10365;2821;3.9;1.1
08;2021-02-11;466;320;10831;3141;4.1;1.2
08;2021-02-12;676;334;11507;3475;4.3;1.3
08;2021-02-13;140;91;11647;3566;4.4;1.3
08;2021-02-14;3;60;11650;3626;4.4;1.4
08;2021-02-15;227;166;11877;3792;4.5;1.4
08;2021-02-16;130;303;12007;4095;4.5;1.5
08;2021-02-17;112;314;12119;4409;4.6;1.7
08;2021-02-18;215;415;12334;4824;4.6;1.8
08;2021-02-19;305;336;12639;5160;4.8;1.9
08;2021-02-20;7;185;12646;5345;4.8;2.0
08;2021-02-21;0;0;12646;5345;4.8;2.0
08;2021-02-22;131;148;12777;5493;4.8;2.1
08;2021-02-23;150;260;12927;5753;4.9;2.2
08;2021-02-24;163;331;13090;6084;4.9;2.3
08;2021-02-25;500;439;13590;6523;5.1;2.5
08;2021-02-26;603;535;14193;7058;5.3;2.7
08;2021-02-27;318;174;14511;7232;5.5;2.7
08;2021-02-28;19;1;14530;7233;5.5;2.7
08;2021-03-01;200;90;14730;7323;5.5;2.8
08;2021-03-02;654;256;15384;7579;5.8;2.9
08;2021-03-03;899;183;16283;7762;6.1;2.9
08;2021-03-04;735;279;17018;8041;6.4;3.0
08;2021-03-05;1021;475;18039;8516;6.8;3.2
08;2021-03-06;695;137;18734;8653;7.1;3.3
08;2021-03-07;75;2;18809;8655;7.1;3.3
08;2021-03-08;217;122;19026;8777;7.2;3.3
08;2021-03-09;688;148;19714;8925;7.4;3.4
08;2021-03-10;1038;115;20752;9040;7.8;3.4
08;2021-03-11;982;233;21734;9273;8.2;3.5
08;2021-03-12;1631;504;23365;9777;8.8;3.7
08;2021-03-13;798;122;24163;9899;9.1;3.7
08;2021-03-14;22;0;24185;9899;9.1;3.7
08;2021-03-15;291;72;24476;9971;9.2;3.8
08;2021-03-16;563;38;25039;10009;9.4;3.8
08;2021-03-17;804;64;25843;10073;9.7;3.8
08;2021-03-18;816;158;26659;10231;10.0;3.9
08;2021-03-19;1134;278;27793;10509;10.5;4.0
08;2021-03-20;511;16;28304;10525;10.7;4.0
08;2021-03-21;13;1;28317;10526;10.7;4.0
08;2021-03-22;367;45;28684;10571;10.8;4.0
08;2021-03-23;733;63;29417;10634;11.1;4.0
08;2021-03-24;1327;70;30744;10704;11.6;4.0
08;2021-03-25;1906;97;32650;10801;12.3;4.1
08;2021-03-26;2571;171;35221;10972;13.3;4.1
08;2021-03-27;898;123;36119;11095;13.6;4.2
08;2021-03-28;228;7;36347;11102;13.7;4.2
08;2021-03-29;261;183;36608;11285;13.8;4.2
08;2021-03-30;832;482;37440;11767;14.1;4.4
08;2021-03-31;852;529;38292;12296;14.4;4.6
08;2021-04-01;1687;447;39979;12743;15.1;4.8
08;2021-04-02;1497;513;41476;13256;15.6;5.0
08;2021-04-03;1329;203;42805;13459;16.1;5.1
08;2021-04-04;134;4;42939;13463;16.2;5.1
08;2021-04-05;17;0;42956;13463;16.2;5.1
08;2021-04-06;702;481;43658;13944;16.4;5.3
08;2021-04-07;909;701;44567;14645;16.8;5.5
08;2021-04-08;1745;521;46312;15166;17.4;5.7
08;2021-04-09;2348;729;48660;15895;18.3;6.0
08;2021-04-10;1445;226;50105;16121;18.9;6.1
08;2021-04-11;10;6;50115;16127;18.9;6.1
08;2021-04-12;671;212;50786;16339;19.1;6.2
08;2021-04-13;1309;610;52095;16949;19.6;6.4
08;2021-04-14;1280;867;53375;17816;20.1;6.7
08;2021-04-15;1606;806;54981;18622;20.7;7.0
08;2021-04-16;1873;882;56854;19504;21.4;7.3
08;2021-04-17;1112;402;57966;19906;21.8;7.5
08;2021-04-18;23;14;57989;19920;21.8;7.5
08;2021-04-19;1151;298;59140;20218;22.3;7.6
08;2021-04-20;1120;543;60260;20761;22.7;7.8
08;2021-04-21;1139;745;61399;21506;23.1;8.1
08;2021-04-22;1326;879;62725;22385;23.6;8.4
08;2021-04-23;1675;1171;64400;23556;24.3;8.9
08;2021-04-24;1325;646;65725;24202;24.8;9.1
08;2021-04-25;26;198;65751;24400;24.8;9.2
08;2021-04-26;1040;156;66791;24556;25.2;9.2
08;2021-04-27;1338;592;68129;25148;25.7;9.5
08;2021-04-28;1453;665;69582;25813;26.2;9.7
08;2021-04-29;1174;1305;70756;27118;26.6;10.2
08;2021-04-30;1768;1606;72524;28724;27.3;10.8
08;2021-05-01;1049;494;73573;29218;27.7;11.0
08;2021-05-02;627;183;74200;29401;27.9;11.1
08;2021-05-03;1172;372;75372;29773;28.4;11.2
08;2021-05-04;1328;872;76700;30645;28.9;11.5
08;2021-05-05;1567;1335;78267;31980;29.5;12.0
08;2021-05-06;1971;1653;80238;33633;30.2;12.7
08;2021-05-07;1860;2097;82098;35730;30.9;13.5
08;2021-05-08;922;767;83020;36497;31.3;13.7
08;2021-05-09;443;71;83463;36568;31.4;13.8
08;2021-05-10;1192;657;84655;37225;31.9;14.0
08;2021-05-11;1907;942;86562;38167;32.6;14.4
08;2021-05-12;1809;1238;88371;39405;33.3;14.8
08;2021-05-13;1306;616;89677;40021;33.8;15.1
08;2021-05-14;2535;1037;92212;41058;34.7;15.5
08;2021-05-15;1820;711;94032;41769;35.4;15.7
08;2021-05-16;820;102;94852;41871;35.7;15.8
08;2021-05-17;700;906;95552;42777;36.0;16.1
08;2021-05-18;1250;838;96802;43615;36.5;16.4
08;2021-05-19;1611;960;98413;44575;37.1;16.8
08;2021-05-20;2147;956;100560;45531;37.9;17.1
08;2021-05-21;2339;1274;102899;46805;38.8;17.6
08;2021-05-22;1817;762;104716;47567;39.4;17.9
08;2021-05-23;864;90;105580;47657;39.8;17.9
08;2021-05-24;716;106;106296;47763;40.0;18.0
08;2021-05-25;1456;669;107752;48432;40.6;18.2
08;2021-05-26;1528;1008;109280;49440;41.2;18.6
08;2021-05-27;2005;1143;111285;50583;41.9;19.0
08;2021-05-28;1973;1812;113258;52395;42.7;19.7
08;2021-05-29;1767;960;115025;53355;43.3;20.1
08;2021-05-30;836;102;115861;53457;43.6;20.1
08;2021-05-31;755;570;116616;54027;43.9;20.3
08;2021-06-01;1350;876;117966;54903;44.4;20.7
08;2021-06-02;1295;1192;119261;56095;44.9;21.1
08;2021-06-03;1386;1521;120647;57616;45.4;21.7
08;2021-06-04;1777;2418;122424;60034;46.1;22.6
08;2021-06-05;1176;1380;123600;61414;46.5;23.1
08;2021-06-06;907;106;124507;61520;46.9;23.2
08;2021-06-07;661;1174;125168;62694;47.1;23.6
08;2021-06-08;931;1496;126099;64190;47.5;24.2
08;2021-06-09;840;1386;126939;65576;47.8;24.7
08;2021-06-10;1718;1562;128657;67138;48.5;25.3
08;2021-06-11;1721;2206;130378;69344;49.1;26.1
08;2021-06-12;1417;1526;131795;70870;49.6;26.7
08;2021-06-13;385;598;132180;71468;49.8;26.9
08;2021-06-14;380;1304;132560;72772;49.9;27.4
08;2021-06-15;742;1548;133302;74320;50.2;28.0
08;2021-06-16;808;2052;134110;76372;50.5;28.8
08;2021-06-17;1285;1850;135395;78222;51.0;29.5
08;2021-06-18;1610;2591;137005;80813;51.6;30.4
08;2021-06-19;1324;1405;138329;82218;52.1;31.0
08;2021-06-20;117;422;138446;82640;52.1;31.1
08;2021-06-21;494;1395;138940;84035;52.3;31.6
08;2021-06-22;812;2022;139752;86057;52.6;32.4
08;2021-06-23;859;1672;140611;87729;53.0;33.0
08;2021-06-24;1038;1923;141649;89652;53.3;33.8
08;2021-06-25;1084;2729;142733;92381;53.8;34.8
08;2021-06-26;1010;1784;143743;94165;54.1;35.5
08;2021-06-27;351;642;144094;94807;54.3;35.7
08;2021-06-28;397;1323;144491;96130;54.4;36.2
08;2021-06-29;627;1472;145118;97602;54.7;36.8
08;2021-06-30;857;1688;145975;99290;55.0;37.4
08;2021-07-01;887;2194;146862;101484;55.3;38.2
08;2021-07-02;939;2645;147801;104129;55.7;39.2
08;2021-07-03;784;2145;148585;106274;56.0;40.0
08;2021-07-04;128;861;148713;107135;56.0;40.3
08;2021-07-05;104;1195;148817;108330;56.0;40.8
08;2021-07-06;425;1835;149242;110165;56.2;41.5
08;2021-07-07;364;1781;149606;111946;56.3;42.2
08;2021-07-08;716;2016;150322;113962;56.6;42.9
08;2021-07-09;732;2432;151054;116394;56.9;43.8
08;2021-07-10;652;1999;151706;118393;57.1;44.6
08;2021-07-11;238;726;151944;119119;57.2;44.9
08;2021-07-12;312;1192;152256;120311;57.3;45.3
08;2021-07-13;947;1787;153203;122098;57.7;46.0
08;2021-07-14;179;329;153382;122427;57.8;46.1
08;2021-07-15;759;2448;154141;124875;58.1;47.0
08;2021-07-16;1084;2404;155225;127279;58.5;47.9
08;2021-07-17;993;2105;156218;129384;58.8;48.7
08;2021-07-18;346;741;156564;130125;59.0;49.0
08;2021-07-19;458;918;157022;131043;59.1;49.4
08;2021-07-20;878;1435;157900;132478;59.5;49.9
08;2021-07-21;1237;1716;159137;134194;59.9;50.5
08;2021-07-22;1150;2167;160287;136361;60.4;51.4
08;2021-07-23;1584;2442;161871;138803;61.0;52.3
08;2021-07-24;1309;1922;163180;140725;61.5;53.0
08;2021-07-25;774;445;163954;141170;61.7;53.2
08;2021-07-26;1323;844;165277;142014;62.2;53.5
08;2021-07-27;2186;1405;167463;143419;63.1;54.0
08;2021-07-28;2413;1453;169876;144872;64.0;54.6
08;2021-07-29;2601;1346;172477;146218;65.0;55.1
08;2021-07-30;2601;1587;175078;147805;65.9;55.7
08;2021-07-31;1972;1075;177050;148880;66.7;56.1
08;2021-08-01;935;301;177985;149181;67.0;56.2
08;2021-08-02;1255;682;179240;149863;67.5;56.4
08;2021-08-03;1634;822;180874;150685;68.1;56.7
08;2021-08-04;1493;665;182367;151350;68.7;57.0
08;2021-08-05;1905;977;184272;152327;69.4;57.4
08;2021-08-06;2589;1099;186861;153426;70.4;57.8
08;2021-08-07;1673;1161;188534;154587;71.0;58.2
08;2021-08-08;585;373;189119;154960;71.2;58.4
08;2021-08-09;672;534;189791;155494;71.5;58.6
08;2021-08-10;879;750;190670;156244;71.8;58.8
08;2021-08-11;524;791;191194;157035;72.0;59.1
08;2021-08-12;1161;1080;192355;158115;72.4;59.5
08;2021-08-13;1157;1013;193512;159128;72.9;59.9
08;2021-08-14;587;913;194099;160041;73.1;60.3
08;2021-08-15;137;273;194236;160314;73.2;60.4
08;2021-08-16;218;1177;194454;161491;73.2;60.8
08;2021-08-17;514;1210;194968;162701;73.4;61.3
08;2021-08-18;281;1263;195249;163964;73.5;61.7
08;2021-08-19;606;1888;195855;165852;73.8;62.5
08;2021-08-20;685;2178;196540;168030;74.0;63.3
08;2021-08-21;272;1340;196812;169370;74.1;63.8
08;2021-08-22;104;900;196916;170270;74.2;64.1
08;2021-08-23;160;1448;197076;171718;74.2;64.7
08;2021-08-24;364;1752;197440;173470;74.4;65.3
08;2021-08-25;322;1248;197762;174718;74.5;65.8
08;2021-08-26;502;2064;198264;176782;74.7;66.6
08;2021-08-27;450;2324;198714;179106;74.8;67.5
08;2021-08-28;262;1289;198976;180395;74.9;67.9
08;2021-08-29;169;563;199145;180958;75.0;68.1
08;2021-08-30;302;1170;199447;182128;75.1;68.6
08;2021-08-31;360;1285;199807;183413;75.2;69.1
08;2021-09-01;416;1353;200223;184766;75.4;69.6
08;2021-09-02;465;1298;200688;186064;75.6;70.1
08;2021-09-03;464;1695;201152;187759;75.8;70.7
08;2021-09-04;349;1468;201501;189227;75.9;71.3
08;2021-09-05;106;207;201607;189434;75.9;71.3
08;2021-09-06;196;516;201803;189950;76.0;71.5
08;2021-09-07;205;612;202008;190562;76.1;71.8
08;2021-09-08;280;598;202288;191160;76.2;72.0
08;2021-09-09;344;745;202632;191905;76.3;72.3
08;2021-09-10;494;1030;203126;192935;76.5;72.7
08;2021-09-11;383;853;203509;193788;76.6;73.0
08;2021-09-12;52;91;203561;193879;76.7;73.0
08;2021-09-13;385;260;203946;194139;76.8;73.1
08;2021-09-14;247;401;204193;194540;76.9;73.3
08;2021-09-15;219;316;204412;194856;77.0;73.4
08;2021-09-16;230;422;204642;195278;77.1;73.5
08;2021-09-17;320;500;204962;195778;77.2;73.7
08;2021-09-18;173;430;205135;196208;77.3;73.9
08;2021-09-19;29;90;205164;196298;77.3;73.9
08;2021-09-20;54;235;205218;196533;77.3;74.0
08;2021-09-21;123;277;205341;196810;77.3;74.1
08;2021-09-22;130;368;205471;197178;77.4;74.3
08;2021-09-23;174;412;205645;197590;77.4;74.4
08;2021-09-24;162;516;205807;198106;77.5;74.6
08;2021-09-25;121;414;205928;198520;77.6;74.8
08;2021-09-26;23;105;205951;198625;77.6;74.8
08;2021-09-27;48;211;205999;198836;77.6;74.9
08;2021-09-28;80;226;206079;199062;77.6;75.0
08;2021-09-29;116;339;206195;199401;77.7;75.1
08;2021-09-30;146;376;206341;199777;77.7;75.2
08;2021-10-01;163;465;206504;200242;77.8;75.4
08;2021-10-02;141;287;206645;200529;77.8;75.5
08;2021-10-03;24;67;206669;200596;77.8;75.5
08;2021-10-04;58;347;206727;200943;77.9;75.7
08;2021-10-05;79;172;206806;201115;77.9;75.7
09;2020-12-27;0;0;0;0;0.0;0.0
09;2020-12-28;1;0;1;0;0.0;0.0
09;2020-12-29;0;0;1;0;0.0;0.0
09;2020-12-30;0;0;1;0;0.0;0.0
09;2020-12-31;0;0;1;0;0.0;0.0
09;2021-01-01;0;0;1;0;0.0;0.0
09;2021-01-02;0;0;1;0;0.0;0.0
09;2021-01-03;0;0;1;0;0.0;0.0
09;2021-01-04;2;1;3;1;0.0;0.0
09;2021-01-05;0;0;3;1;0.0;0.0
09;2021-01-06;3;0;6;1;0.0;0.0
09;2021-01-07;257;2;263;3;0.2;0.0
09;2021-01-08;228;0;491;3;0.3;0.0
09;2021-01-09;103;0;594;3;0.4;0.0
09;2021-01-10;59;0;653;3;0.4;0.0
09;2021-01-11;176;0;829;3;0.5;0.0
09;2021-01-12;303;0;1132;3;0.7;0.0
09;2021-01-13;196;0;1328;3;0.9;0.0
09;2021-01-14;432;7;1760;10;1.2;0.0
09;2021-01-15;223;1;1983;11;1.3;0.0
09;2021-01-16;192;2;2175;13;1.4;0.0
09;2021-01-17;123;0;2298;13;1.5;0.0
09;2021-01-18;263;2;2561;15;1.7;0.0
09;2021-01-19;255;1;2816;16;1.8;0.0
09;2021-01-20;346;1;3162;17;2.1;0.0
09;2021-01-21;330;1;3492;18;2.3;0.0
09;2021-01-22;328;1;3820;19;2.5;0.0
09;2021-01-23;237;0;4057;19;2.7;0.0
09;2021-01-24;85;1;4142;20;2.7;0.0
09;2021-01-25;207;10;4349;30;2.9;0.0
09;2021-01-26;629;25;4978;55;3.3;0.0
09;2021-01-27;472;45;5450;100;3.6;0.1
09;2021-01-28;286;140;5736;240;3.8;0.2
09;2021-01-29;251;121;5987;361;3.9;0.2
09;2021-01-30;143;50;6130;411;4.0;0.3
09;2021-01-31;56;10;6186;421;4.1;0.3
09;2021-02-01;81;128;6267;549;4.1;0.4
09;2021-02-02;58;276;6325;825;4.2;0.5
09;2021-02-03;87;187;6412;1012;4.2;0.7
09;2021-02-04;49;260;6461;1272;4.2;0.8
09;2021-02-05;90;117;6551;1389;4.3;0.9
09;2021-02-06;68;31;6619;1420;4.3;0.9
09;2021-02-07;6;48;6625;1468;4.3;1.0
09;2021-02-08;23;139;6648;1607;4.4;1.1
09;2021-02-09;55;215;6703;1822;4.4;1.2
09;2021-02-10;14;121;6717;1943;4.4;1.3
09;2021-02-11;6;156;6723;2099;4.4;1.4
09;2021-02-12;147;100;6870;2199;4.5;1.4
09;2021-02-13;8;117;6878;2316;4.5;1.5
09;2021-02-14;0;35;6878;2351;4.5;1.5
09;2021-02-15;76;105;6954;2456;4.6;1.6
09;2021-02-16;227;424;7181;2880;4.7;1.9
09;2021-02-17;83;317;7264;3197;4.8;2.1
09;2021-02-18;87;350;7351;3547;4.8;2.3
09;2021-02-19;63;188;7414;3735;4.9;2.5
09;2021-02-20;58;143;7472;3878;4.9;2.5
09;2021-02-21;0;37;7472;3915;4.9;2.6
09;2021-02-22;127;165;7599;4080;5.0;2.7
09;2021-02-23;161;102;7760;4182;5.1;2.7
09;2021-02-24;74;141;7834;4323;5.1;2.8
09;2021-02-25;211;143;8045;4466;5.3;2.9
09;2021-02-26;162;140;8207;4606;5.4;3.0
09;2021-02-27;65;45;8272;4651;5.4;3.1
09;2021-02-28;44;13;8316;4664;5.5;3.1
09;2021-03-01;248;83;8564;4747;5.6;3.1
09;2021-03-02;282;63;8846;4810;5.8;3.2
09;2021-03-03;252;120;9098;4930;6.0;3.2
09;2021-03-04;414;29;9512;4959;6.2;3.3
09;2021-03-05;331;48;9843;5007;6.5;3.3
09;2021-03-06;397;41;10240;5048;6.7;3.3
09;2021-03-07;124;4;10364;5052;6.8;3.3
09;2021-03-08;379;60;10743;5112;7.0;3.4
09;2021-03-09;437;130;11180;5242;7.3;3.4
09;2021-03-10;562;71;11742;5313;7.7;3.5
09;2021-03-11;695;77;12437;5390;8.2;3.5
09;2021-03-12;661;31;13098;5421;8.6;3.6
09;2021-03-13;384;3;13482;5424;8.8;3.6
09;2021-03-14;120;4;13602;5428;8.9;3.6
09;2021-03-15;465;50;14067;5478;9.2;3.6
09;2021-03-16;370;77;14437;5555;9.5;3.6
09;2021-03-17;399;71;14836;5626;9.7;3.7
09;2021-03-18;454;42;15290;5668;10.0;3.7
09;2021-03-19;526;55;15816;5723;10.4;3.8
09;2021-03-20;314;39;16130;5762;10.6;3.8
09;2021-03-21;105;0;16235;5762;10.7;3.8
09;2021-03-22;424;117;16659;5879;10.9;3.9
09;2021-03-23;566;164;17225;6043;11.3;4.0
09;2021-03-24;710;43;17935;6086;11.8;4.0
09;2021-03-25;869;134;18804;6220;12.3;4.1
09;2021-03-26;751;47;19555;6267;12.8;4.1
09;2021-03-27;620;70;20175;6337;13.2;4.2
09;2021-03-28;132;24;20307;6361;13.3;4.2
09;2021-03-29;498;273;20805;6634;13.7;4.4
09;2021-03-30;729;153;21534;6787;14.1;4.5
09;2021-03-31;803;182;22337;6969;14.7;4.6
09;2021-04-01;734;253;23071;7222;15.1;4.7
09;2021-04-02;693;264;23764;7486;15.6;4.9
09;2021-04-03;772;116;24536;7602;16.1;5.0
09;2021-04-04;122;57;24658;7659;16.2;5.0
09;2021-04-05;237;61;24895;7720;16.3;5.1
09;2021-04-06;1059;390;25954;8110;17.0;5.3
09;2021-04-07;1207;361;27161;8471;17.8;5.6
09;2021-04-08;1470;409;28631;8880;18.8;5.8
09;2021-04-09;1137;417;29768;9297;19.5;6.1
09;2021-04-10;1349;196;31117;9493;20.4;6.2
09;2021-04-11;173;101;31290;9594;20.5;6.3
09;2021-04-12;737;345;32027;9939;21.0;6.5
09;2021-04-13;1047;413;33074;10352;21.7;6.8
09;2021-04-14;1332;510;34406;10862;22.6;7.1
09;2021-04-15;1148;502;35554;11364;23.3;7.5
09;2021-04-16;1032;405;36586;11769;24.0;7.7
09;2021-04-17;1192;356;37778;12125;24.8;8.0
09;2021-04-18;102;96;37880;12221;24.9;8.0
09;2021-04-19;697;407;38577;12628;25.3;8.3
09;2021-04-20;766;528;39343;13156;25.8;8.6
09;2021-04-21;938;587;40281;13743;26.4;9.0
09;2021-04-22;666;605;40947;14348;26.9;9.4
09;2021-04-23;773;431;41720;14779;27.4;9.7
09;2021-04-24;741;669;42461;15448;27.9;10.1
09;2021-04-25;75;112;42536;15560;27.9;10.2
09;2021-04-26;382;529;42918;16089;28.2;10.6
09;2021-04-27;444;719;43362;16808;28.5;11.0
09;2021-04-28;806;794;44168;17602;29.0;11.6
09;2021-04-29;550;776;44718;18378;29.3;12.1
09;2021-04-30;622;722;45340;19100;29.8;12.5
09;2021-05-01;478;455;45818;19555;30.1;12.8
09;2021-05-02;51;100;45869;19655;30.1;12.9
09;2021-05-03;521;662;46390;20317;30.4;13.3
09;2021-05-04;554;1347;46944;21664;30.8;14.2
09;2021-05-05;822;1348;47766;23012;31.3;15.1
09;2021-05-06;848;1031;48614;24043;31.9;15.8
09;2021-05-07;977;822;49591;24865;32.5;16.3
09;2021-05-08;395;461;49986;25326;32.8;16.6
09;2021-05-09;265;85;50251;25411;33.0;16.7
09;2021-05-10;504;966;50755;26377;33.3;17.3
09;2021-05-11;741;1052;51496;27429;33.8;18.0
09;2021-05-12;1535;1401;53031;28830;34.8;18.9
09;2021-05-13;1383;425;54414;29255;35.7;19.2
09;2021-05-14;987;653;55401;29908;36.4;19.6
09;2021-05-15;1236;789;56637;30697;37.2;20.1
09;2021-05-16;296;48;56933;30745;37.4;20.2
09;2021-05-17;873;412;57806;31157;37.9;20.4
09;2021-05-18;1290;395;59096;31552;38.8;20.7
09;2021-05-19;1495;371;60591;31923;39.8;20.9
09;2021-05-20;1379;404;61970;32327;40.7;21.2
09;2021-05-21;1162;495;63132;32822;41.4;21.5
09;2021-05-22;1544;364;64676;33186;42.4;21.8
09;2021-05-23;272;24;64948;33210;42.6;21.8
09;2021-05-24;177;100;65125;33310;42.7;21.9
09;2021-05-25;998;500;66123;33810;43.4;22.2
09;2021-05-26;1285;448;67408;34258;44.2;22.5
09;2021-05-27;965;403;68373;34661;44.9;22.7
09;2021-05-28;958;511;69331;35172;45.5;23.1
09;2021-05-29;1794;601;71125;35773;46.7;23.5
09;2021-05-30;541;197;71666;35970;47.0;23.6
09;2021-05-31;716;592;72382;36562;47.5;24.0
09;2021-06-01;970;639;73352;37201;48.1;24.4
09;2021-06-02;1009;897;74361;38098;48.8;25.0
09;2021-06-03;809;681;75170;38779;49.3;25.4
09;2021-06-04;877;797;76047;39576;49.9;26.0
09;2021-06-05;1320;875;77367;40451;50.8;26.5
09;2021-06-06;304;108;77671;40559;51.0;26.6
09;2021-06-07;623;517;78294;41076;51.4;27.0
09;2021-06-08;821;488;79115;41564;51.9;27.3
09;2021-06-09;805;834;79920;42398;52.4;27.8
09;2021-06-10;642;534;80562;42932;52.9;28.2
09;2021-06-11;831;762;81393;43694;53.4;28.7
09;2021-06-12;635;808;82028;44502;53.8;29.2
09;2021-06-13;94;130;82122;44632;53.9;29.3
09;2021-06-14;628;708;82750;45340;54.3;29.8
09;2021-06-15;824;889;83574;46229;54.8;30.3
09;2021-06-16;627;1079;84201;47308;55.3;31.0
09;2021-06-17;779;852;84980;48160;55.8;31.6
09;2021-06-18;636;1145;85616;49305;56.2;32.4
09;2021-06-19;516;1580;86132;50885;56.5;33.4
09;2021-06-20;8;279;86140;51164;56.5;33.6
09;2021-06-21;473;698;86613;51862;56.8;34.0
09;2021-06-22;463;1066;87076;52928;57.1;34.7
09;2021-06-23;435;1224;87511;54152;57.4;35.5
09;2021-06-24;581;769;88092;54921;57.8;36.0
09;2021-06-25;410;1064;88502;55985;58.1;36.7
09;2021-06-26;443;1087;88945;57072;58.4;37.4
09;2021-06-27;2;275;88947;57347;58.4;37.6
09;2021-06-28;239;1046;89186;58393;58.5;38.3
09;2021-06-29;314;1228;89500;59621;58.7;39.1
09;2021-06-30;455;1491;89955;61112;59.0;40.1
09;2021-07-01;384;1428;90339;62540;59.3;41.0
09;2021-07-02;308;1162;90647;63702;59.5;41.8
09;2021-07-03;210;1617;90857;65319;59.6;42.9
09;2021-07-04;4;253;90861;65572;59.6;43.0
09;2021-07-05;188;712;91049;66284;59.7;43.5
09;2021-07-06;293;1221;91342;67505;59.9;44.3
09;2021-07-07;419;1399;91761;68904;60.2;45.2
09;2021-07-08;325;1057;92086;69961;60.4;45.9
09;2021-07-09;292;1153;92378;71114;60.6;46.7
09;2021-07-10;345;1725;92723;72839;60.8;47.8
09;2021-07-11;147;392;92870;73231;60.9;48.1
09;2021-07-12;187;1074;93057;74305;61.1;48.8
09;2021-07-13;641;1308;93698;75613;61.5;49.6
09;2021-07-14;490;220;94188;75833;61.8;49.8
09;2021-07-15;818;1166;95006;76999;62.3;50.5
09;2021-07-16;610;1189;95616;78188;62.7;51.3
09;2021-07-17;1015;1444;96631;79632;63.4;52.3
09;2021-07-18;302;221;96933;79853;63.6;52.4
09;2021-07-19;483;973;97416;80826;63.9;53.0
09;2021-07-20;830;1256;98246;82082;64.5;53.9
09;2021-07-21;1016;1165;99262;83247;65.1;54.6
09;2021-07-22;846;910;100108;84157;65.7;55.2
09;2021-07-23;724;910;100832;85067;66.2;55.8
09;2021-07-24;927;463;101759;85530;66.8;56.1
09;2021-07-25;560;134;102319;85664;67.1;56.2
09;2021-07-26;647;765;102966;86429;67.6;56.7
09;2021-07-27;1177;948;104143;87377;68.3;57.3
09;2021-07-28;1197;988;105340;88365;69.1;58.0
09;2021-07-29;1042;739;106382;89104;69.8;58.5
09;2021-07-30;779;623;107161;89727;70.3;58.9
09;2021-07-31;1378;419;108539;90146;71.2;59.2
09;2021-08-01;141;125;108680;90271;71.3;59.2
09;2021-08-02;614;478;109294;90749;71.7;59.5
09;2021-08-03;1254;767;110548;91516;72.5;60.1
09;2021-08-04;1400;654;111948;92170;73.5;60.5
09;2021-08-05;997;677;112945;92847;74.1;60.9
09;2021-08-06;1017;641;113962;93488;74.8;61.3
09;2021-08-07;825;430;114787;93918;75.3;61.6
09;2021-08-08;129;131;114916;94049;75.4;61.7
09;2021-08-09;690;648;115606;94697;75.9;62.1
09;2021-08-10;940;694;116546;95391;76.5;62.6
09;2021-08-11;896;866;117442;96257;77.1;63.2
09;2021-08-12;631;730;118073;96987;77.5;63.6
09;2021-08-13;465;645;118538;97632;77.8;64.1
09;2021-08-14;311;828;118849;98460;78.0;64.6
09;2021-08-15;67;138;118916;98598;78.0;64.7
09;2021-08-16;547;620;119463;99218;78.4;65.1
09;2021-08-17;674;777;120137;99995;78.8;65.6
09;2021-08-18;620;931;120757;100926;79.2;66.2
09;2021-08-19;432;722;121189;101648;79.5;66.7
09;2021-08-20;363;749;121552;102397;79.8;67.2
09;2021-08-21;343;1384;121895;103781;80.0;68.1
09;2021-08-22;67;168;121962;103949;80.0;68.2
09;2021-08-23;341;758;122303;104707;80.3;68.7
09;2021-08-24;407;955;122710;105662;80.5;69.3
09;2021-08-25;283;1003;122993;106665;80.7;70.0
09;2021-08-26;316;928;123309;107593;80.9;70.6
09;2021-08-27;226;740;123535;108333;81.1;71.1
09;2021-08-28;257;970;123792;109303;81.2;71.7
09;2021-08-29;15;144;123807;109447;81.2;71.8
09;2021-08-30;275;749;124082;110196;81.4;72.3
09;2021-08-31;314;1150;124396;111346;81.6;73.1
09;2021-09-01;360;977;124756;112323;81.9;73.7
09;2021-09-02;159;605;124915;112928;82.0;74.1
09;2021-09-03;221;879;125136;113807;82.1;74.7
09;2021-09-04;166;539;125302;114346;82.2;75.0
09;2021-09-05;25;104;125327;114450;82.2;75.1
09;2021-09-06;182;651;125509;115101;82.4;75.5
09;2021-09-07;157;696;125666;115797;82.5;76.0
09;2021-09-08;203;920;125869;116717;82.6;76.6
09;2021-09-09;160;557;126029;117274;82.7;77.0
09;2021-09-10;130;475;126159;117749;82.8;77.3
09;2021-09-11;175;506;126334;118255;82.9;77.6
09;2021-09-12;27;80;126361;118335;82.9;77.6
09;2021-09-13;129;524;126490;118859;83.0;78.0
09;2021-09-14;143;689;126633;119548;83.1;78.4
09;2021-09-15;188;602;126821;120150;83.2;78.8
09;2021-09-16;130;324;126951;120474;83.3;79.1
09;2021-09-17;146;404;127097;120878;83.4;79.3
09;2021-09-18;158;345;127255;121223;83.5;79.5
09;2021-09-19;2;0;127257;121223;83.5;79.5
09;2021-09-20;71;290;127328;121513;83.5;79.7
09;2021-09-21;101;205;127429;121718;83.6;79.9
09;2021-09-22;141;471;127570;122189;83.7;80.2
09;2021-09-23;71;164;127641;122353;83.8;80.3
09;2021-09-24;117;289;127758;122642;83.8;80.5
09;2021-09-25;60;193;127818;122835;83.9;80.6
09;2021-09-26;0;17;127818;122852;83.9;80.6
09;2021-09-27;82;326;127900;123178;83.9;80.8
09;2021-09-28;74;175;127974;123353;84.0;80.9
09;2021-09-29;97;235;128071;123588;84.0;81.1
09;2021-09-30;43;118;128114;123706;84.1;81.2
09;2021-10-01;82;125;128196;123831;84.1;81.3
09;2021-10-02;83;230;128279;124061;84.2;81.4
09;2021-10-03;2;8;128281;124069;84.2;81.4
09;2021-10-04;53;114;128334;124183;84.2;81.5
09;2021-10-05;68;125;128402;124308;84.3;81.6
10;2020-12-27;0;0;0;0;0.0;0.0
10;2020-12-28;0;0;0;0;0.0;0.0
10;2020-12-29;0;0;0;0;0.0;0.0
10;2020-12-30;0;0;0;0;0.0;0.0
10;2020-12-31;0;0;0;0;0.0;0.0
10;2021-01-01;0;0;0;0;0.0;0.0
10;2021-01-02;1;0;1;0;0.0;0.0
10;2021-01-03;0;0;1;0;0.0;0.0
10;2021-01-04;0;0;1;0;0.0;0.0
10;2021-01-05;1;0;2;0;0.0;0.0
10;2021-01-06;0;0;2;0;0.0;0.0
10;2021-01-07;84;0;86;0;0.0;0.0
10;2021-01-08;255;0;341;0;0.1;0.0
10;2021-01-09;0;0;341;0;0.1;0.0
10;2021-01-10;1;0;342;0;0.1;0.0
10;2021-01-11;118;0;460;0;0.1;0.0
10;2021-01-12;195;0;655;0;0.2;0.0
10;2021-01-13;314;0;969;0;0.3;0.0
10;2021-01-14;392;8;1361;8;0.4;0.0
10;2021-01-15;359;3;1720;11;0.6;0.0
10;2021-01-16;56;0;1776;11;0.6;0.0
10;2021-01-17;0;0;1776;11;0.6;0.0
10;2021-01-18;702;0;2478;11;0.8;0.0
10;2021-01-19;1391;2;3869;13;1.2;0.0
10;2021-01-20;1085;7;4954;20;1.6;0.0
10;2021-01-21;1152;2;6106;22;2.0;0.0
10;2021-01-22;818;2;6924;24;2.2;0.0
10;2021-01-23;309;0;7233;24;2.3;0.0
10;2021-01-24;0;0;7233;24;2.3;0.0
10;2021-01-25;445;8;7678;32;2.5;0.0
10;2021-01-26;487;17;8165;49;2.6;0.0
10;2021-01-27;458;14;8623;63;2.8;0.0
10;2021-01-28;358;38;8981;101;2.9;0.0
10;2021-01-29;430;132;9411;233;3.0;0.1
10;2021-01-30;30;0;9441;233;3.0;0.1
10;2021-01-31;0;0;9441;233;3.0;0.1
10;2021-02-01;409;118;9850;351;3.2;0.1
10;2021-02-02;182;133;10032;484;3.2;0.2
10;2021-02-03;361;211;10393;695;3.4;0.2
10;2021-02-04;342;233;10735;928;3.5;0.3
10;2021-02-05;328;264;11063;1192;3.6;0.4
10;2021-02-06;3;35;11066;1227;3.6;0.4
10;2021-02-07;0;0;11066;1227;3.6;0.4
10;2021-02-08;190;310;11256;1537;3.6;0.5
10;2021-02-09;485;442;11741;1979;3.8;0.6
10;2021-02-10;667;455;12408;2434;4.0;0.8
10;2021-02-11;781;572;13189;3006;4.3;1.0
10;2021-02-12;580;516;13769;3522;4.4;1.1
10;2021-02-13;37;93;13806;3615;4.5;1.2
10;2021-02-14;0;0;13806;3615;4.5;1.2
10;2021-02-15;143;298;13949;3913;4.5;1.3
10;2021-02-16;116;411;14065;4324;4.5;1.4
10;2021-02-17;129;466;14194;4790;4.6;1.5
10;2021-02-18;217;413;14411;5203;4.7;1.7
10;2021-02-19;188;389;14599;5592;4.7;1.8
10;2021-02-20;24;151;14623;5743;4.7;1.9
10;2021-02-21;0;0;14623;5743;4.7;1.9
10;2021-02-22;77;343;14700;6086;4.7;2.0
10;2021-02-23;76;452;14776;6538;4.8;2.1
10;2021-02-24;114;305;14890;6843;4.8;2.2
10;2021-02-25;322;317;15212;7160;4.9;2.3
10;2021-02-26;351;257;15563;7417;5.0;2.4
10;2021-02-27;275;109;15838;7526;5.1;2.4
10;2021-02-28;0;0;15838;7526;5.1;2.4
10;2021-03-01;257;281;16095;7807;5.2;2.5
10;2021-03-02;435;321;16530;8128;5.3;2.6
10;2021-03-03;454;518;16984;8646;5.5;2.8
10;2021-03-04;636;462;17620;9108;5.7;2.9
10;2021-03-05;677;228;18297;9336;5.9;3.0
10;2021-03-06;950;42;19247;9378;6.2;3.0
10;2021-03-07;769;6;20016;9384;6.5;3.0
10;2021-03-08;502;398;20518;9782;6.6;3.2
10;2021-03-09;673;378;21191;10160;6.8;3.3
10;2021-03-10;661;333;21852;10493;7.1;3.4
10;2021-03-11;1174;224;23026;10717;7.4;3.5
10;2021-03-12;1338;231;24364;10948;7.9;3.5
10;2021-03-13;891;38;25255;10986;8.1;3.5
10;2021-03-14;1381;15;26636;11001;8.6;3.5
10;2021-03-15;821;77;27457;11078;8.9;3.6
10;2021-03-16;688;61;28145;11139;9.1;3.6
10;2021-03-17;831;68;28976;11207;9.3;3.6
10;2021-03-18;885;80;29861;11287;9.6;3.6
10;2021-03-19;952;64;30813;11351;9.9;3.7
10;2021-03-20;552;19;31365;11370;10.1;3.7
10;2021-03-21;1849;42;33214;11412;10.7;3.7
10;2021-03-22;879;74;34093;11486;11.0;3.7
10;2021-03-23;1244;89;35337;11575;11.4;3.7
10;2021-03-24;1311;58;36648;11633;11.8;3.8
10;2021-03-25;1676;227;38324;11860;12.4;3.8
10;2021-03-26;1432;115;39756;11975;12.8;3.9
10;2021-03-27;762;78;40518;12053;13.1;3.9
10;2021-03-28;1221;31;41739;12084;13.5;3.9
10;2021-03-29;648;303;42387;12387;13.7;4.0
10;2021-03-30;927;373;43314;12760;14.0;4.1
10;2021-03-31;617;358;43931;13118;14.2;4.2
10;2021-04-01;883;683;44814;13801;14.5;4.5
10;2021-04-02;1069;587;45883;14388;14.8;4.6
10;2021-04-03;540;603;46423;14991;15.0;4.8
10;2021-04-04;1826;263;48249;15254;15.6;4.9
10;2021-04-05;1843;43;50092;15297;16.2;4.9
10;2021-04-06;514;650;50606;15947;16.3;5.1
10;2021-04-07;592;540;51198;16487;16.5;5.3
10;2021-04-08;1060;606;52258;17093;16.9;5.5
10;2021-04-09;1130;612;53388;17705;17.2;5.7
10;2021-04-10;1769;350;55157;18055;17.8;5.8
10;2021-04-11;55;1220;55212;19275;17.8;6.2
10;2021-04-12;1001;807;56213;20082;18.1;6.5
10;2021-04-13;1506;894;57719;20976;18.6;6.8
10;2021-04-14;824;601;58543;21577;18.9;7.0
10;2021-04-15;1454;891;59997;22468;19.4;7.2
10;2021-04-16;1109;697;61106;23165;19.7;7.5
10;2021-04-17;2391;362;63497;23527;20.5;7.6
10;2021-04-18;1422;1785;64919;25312;20.9;8.2
10;2021-04-19;837;833;65756;26145;21.2;8.4
10;2021-04-20;546;1034;66302;27179;21.4;8.8
10;2021-04-21;636;973;66938;28152;21.6;9.1
10;2021-04-22;932;963;67870;29115;21.9;9.4
10;2021-04-23;2172;777;70042;29892;22.6;9.6
10;2021-04-24;2296;376;72338;30268;23.3;9.8
10;2021-04-25;1991;1214;74329;31482;24.0;10.2
10;2021-04-26;773;620;75102;32102;24.2;10.4
10;2021-04-27;895;536;75997;32638;24.5;10.5
10;2021-04-28;873;405;76870;33043;24.8;10.7
10;2021-04-29;1433;669;78303;33712;25.3;10.9
10;2021-04-30;2172;769;80475;34481;26.0;11.1
10;2021-05-01;1988;2167;82463;36648;26.6;11.8
10;2021-05-02;1948;1897;84411;38545;27.2;12.4
10;2021-05-03;622;447;85033;38992;27.4;12.6
10;2021-05-04;1144;1247;86177;40239;27.8;13.0
10;2021-05-05;1753;1021;87930;41260;28.4;13.3
10;2021-05-06;2257;948;90187;42208;29.1;13.6
10;2021-05-07;2218;1134;92405;43342;29.8;14.0
10;2021-05-08;2270;858;94675;44200;30.5;14.3
10;2021-05-09;2004;100;96679;44300;31.2;14.3
10;2021-05-10;531;1092;97210;45392;31.4;14.6
10;2021-05-11;1052;1027;98262;46419;31.7;15.0
10;2021-05-12;2062;883;100324;47302;32.4;15.3
10;2021-05-13;2181;435;102505;47737;33.1;15.4
10;2021-05-14;2728;673;105233;48410;34.0;15.6
10;2021-05-15;2423;2051;107656;50461;34.7;16.3
10;2021-05-16;2080;1448;109736;51909;35.4;16.7
10;2021-05-17;1451;442;111187;52351;35.9;16.9
10;2021-05-18;2510;640;113697;52991;36.7;17.1
10;2021-05-19;1554;639;115251;53630;37.2;17.3
10;2021-05-20;1892;847;117143;54477;37.8;17.6
10;2021-05-21;2318;618;119461;55095;38.5;17.8
10;2021-05-22;2179;421;121640;55516;39.3;17.9
10;2021-05-23;1816;138;123456;55654;39.8;18.0
10;2021-05-24;1968;177;125424;55831;40.5;18.0
10;2021-05-25;2195;491;127619;56322;41.2;18.2
10;2021-05-26;1679;419;129298;56741;41.7;18.3
10;2021-05-27;1659;753;130957;57494;42.3;18.6
10;2021-05-28;1720;1181;132677;58675;42.8;18.9
10;2021-05-29;2170;643;134847;59318;43.5;19.1
10;2021-05-30;1029;134;135876;59452;43.8;19.2
10;2021-05-31;1039;741;136915;60193;44.2;19.4
10;2021-06-01;1135;885;138050;61078;44.5;19.7
10;2021-06-02;1035;720;139085;61798;44.9;19.9
10;2021-06-03;1473;1066;140558;62864;45.4;20.3
10;2021-06-04;1768;2598;142326;65462;45.9;21.1
10;2021-06-05;1518;2450;143844;67912;46.4;21.9
10;2021-06-06;1005;1874;144849;69786;46.7;22.5
10;2021-06-07;700;1110;145549;70896;47.0;22.9
10;2021-06-08;896;1172;146445;72068;47.3;23.3
10;2021-06-09;880;911;147325;72979;47.5;23.5
10;2021-06-10;678;1070;148003;74049;47.8;23.9
10;2021-06-11;1199;2197;149202;76246;48.1;24.6
10;2021-06-12;856;2388;150058;78634;48.4;25.4
10;2021-06-13;401;1834;150459;80468;48.5;26.0
10;2021-06-14;538;742;150997;81210;48.7;26.2
10;2021-06-15;741;2130;151738;83340;49.0;26.9
10;2021-06-16;741;1858;152479;85198;49.2;27.5
10;2021-06-17;851;2457;153330;87655;49.5;28.3
10;2021-06-18;1030;2473;154360;90128;49.8;29.1
10;2021-06-19;981;2595;155341;92723;50.1;29.9
10;2021-06-20;549;1597;155890;94320;50.3;30.4
10;2021-06-21;684;1044;156574;95364;50.5;30.8
10;2021-06-22;745;1526;157319;96890;50.8;31.3
10;2021-06-23;653;2405;157972;99295;51.0;32.0
10;2021-06-24;786;2617;158758;101912;51.2;32.9
10;2021-06-25;730;3047;159488;104959;51.5;33.9
10;2021-06-26;514;2745;160002;107704;51.6;34.8
10;2021-06-27;402;1940;160404;109644;51.8;35.4
10;2021-06-28;683;1784;161087;111428;52.0;36.0
10;2021-06-29;616;2698;161703;114126;52.2;36.8
10;2021-06-30;534;1523;162237;115649;52.4;37.3
10;2021-07-01;555;2172;162792;117821;52.5;38.0
10;2021-07-02;664;2726;163456;120547;52.7;38.9
10;2021-07-03;529;2600;163985;123147;52.9;39.7
10;2021-07-04;411;1726;164396;124873;53.0;40.3
10;2021-07-05;667;2224;165063;127097;53.3;41.0
10;2021-07-06;651;2188;165714;129285;53.5;41.7
10;2021-07-07;639;1703;166353;130988;53.7;42.3
10;2021-07-08;751;1458;167104;132446;53.9;42.7
10;2021-07-09;820;1949;167924;134395;54.2;43.4
10;2021-07-10;632;2096;168556;136491;54.4;44.0
10;2021-07-11;500;1384;169056;137875;54.6;44.5
10;2021-07-12;783;1620;169839;139495;54.8;45.0
10;2021-07-13;1126;1874;170965;141369;55.2;45.6
10;2021-07-14;1169;1054;172134;142423;55.5;46.0
10;2021-07-15;1477;1980;173611;144403;56.0;46.6
10;2021-07-16;1241;2274;174852;146677;56.4;47.3
10;2021-07-17;1287;1738;176139;148415;56.8;47.9
10;2021-07-18;942;1225;177081;149640;57.1;48.3
10;2021-07-19;1361;1622;178442;151262;57.6;48.8
10;2021-07-20;1685;1431;180127;152693;58.1;49.3
10;2021-07-21;1395;1483;181522;154176;58.6;49.7
10;2021-07-22;1941;1597;183463;155773;59.2;50.3
10;2021-07-23;1606;1544;185069;157317;59.7;50.8
10;2021-07-24;1389;1227;186458;158544;60.2;51.2
10;2021-07-25;1251;789;187709;159333;60.6;51.4
10;2021-07-26;1914;1316;189623;160649;61.2;51.8
10;2021-07-27;2139;1070;191762;161719;61.9;52.2
10;2021-07-28;2094;1016;193856;162735;62.6;52.5
10;2021-07-29;2444;1205;196300;163940;63.3;52.9
10;2021-07-30;2176;1311;198476;165251;64.0;53.3
10;2021-07-31;1680;937;200156;166188;64.6;53.6
10;2021-08-01;1236;570;201392;166758;65.0;53.8
10;2021-08-02;1463;1337;202855;168095;65.5;54.2
10;2021-08-03;1635;897;204490;168992;66.0;54.5
10;2021-08-04;1370;1066;205860;170058;66.4;54.9
10;2021-08-05;1654;1345;207514;171403;67.0;55.3
10;2021-08-06;1835;1333;209349;172736;67.6;55.7
10;2021-08-07;1156;1133;210505;173869;67.9;56.1
10;2021-08-08;660;751;211165;174620;68.1;56.3
10;2021-08-09;1311;1542;212476;176162;68.6;56.8
10;2021-08-10;1670;1352;214146;177514;69.1;57.3
10;2021-08-11;854;1107;215000;178621;69.4;57.6
10;2021-08-12;1055;1225;216055;179846;69.7;58.0
10;2021-08-13;739;1075;216794;180921;70.0;58.4
10;2021-08-14;587;1235;217381;182156;70.1;58.8
10;2021-08-15;317;781;217698;182937;70.2;59.0
10;2021-08-16;725;1618;218423;184555;70.5;59.6
10;2021-08-17;877;1776;219300;186331;70.8;60.1
10;2021-08-18;723;1620;220023;187951;71.0;60.6
10;2021-08-19;551;1571;220574;189522;71.2;61.2
10;2021-08-20;644;1733;221218;191255;71.4;61.7
10;2021-08-21;452;1419;221670;192674;71.5;62.2
10;2021-08-22;188;1061;221858;193735;71.6;62.5
10;2021-08-23;481;1562;222339;195297;71.7;63.0
10;2021-08-24;669;1771;223008;197068;72.0;63.6
10;2021-08-25;460;1381;223468;198449;72.1;64.0
10;2021-08-26;432;1486;223900;199935;72.2;64.5
10;2021-08-27;626;1588;224526;201523;72.4;65.0
10;2021-08-28;396;1333;224922;202856;72.6;65.5
10;2021-08-29;225;946;225147;203802;72.6;65.8
10;2021-08-30;433;1395;225580;205197;72.8;66.2
10;2021-08-31;466;1451;226046;206648;72.9;66.7
10;2021-09-01;298;1202;226344;207850;73.0;67.1
10;2021-09-02;272;1149;226616;208999;73.1;67.4
10;2021-09-03;404;1219;227020;210218;73.3;67.8
10;2021-09-04;338;1095;227358;211313;73.4;68.2
10;2021-09-05;174;468;227532;211781;73.4;68.3
10;2021-09-06;272;757;227804;212538;73.5;68.6
10;2021-09-07;303;760;228107;213298;73.6;68.8
10;2021-09-08;255;765;228362;214063;73.7;69.1
10;2021-09-09;331;969;228693;215032;73.8;69.4
10;2021-09-10;433;907;229126;215939;73.9;69.7
10;2021-09-11;259;718;229385;216657;74.0;69.9
10;2021-09-12;93;229;229478;216886;74.0;70.0
10;2021-09-13;225;685;229703;217571;74.1;70.2
10;2021-09-14;245;990;229948;218561;74.2;70.5
10;2021-09-15;212;637;230160;219198;74.3;70.7
10;2021-09-16;282;597;230442;219795;74.4;70.9
10;2021-09-17;271;857;230713;220652;74.4;71.2
10;2021-09-18;199;610;230912;221262;74.5;71.4
10;2021-09-19;62;224;230974;221486;74.5;71.5
10;2021-09-20;139;627;231113;222113;74.6;71.7
10;2021-09-21;151;554;231264;222667;74.6;71.8
10;2021-09-22;132;305;231396;222972;74.7;71.9
10;2021-09-23;215;353;231611;223325;74.7;72.1
10;2021-09-24;211;547;231822;223872;74.8;72.2
10;2021-09-25;112;420;231934;224292;74.8;72.4
10;2021-09-26;58;215;231992;224507;74.9;72.4
10;2021-09-27;220;267;232212;224774;74.9;72.5
10;2021-09-28;204;362;232416;225136;75.0;72.6
10;2021-09-29;190;291;232606;225427;75.1;72.7
10;2021-09-30;156;220;232762;225647;75.1;72.8
10;2021-10-01;202;446;232964;226093;75.2;73.0
10;2021-10-02;145;284;233109;226377;75.2;73.0
10;2021-10-03;58;128;233167;226505;75.2;73.1
10;2021-10-04;98;193;233265;226698;75.3;73.2
10;2021-10-05;107;215;233372;226913;75.3;73.2
11;2020-12-27;0;0;0;0;0.0;0.0
11;2020-12-28;1;0;1;0;0.0;0.0
11;2020-12-29;1;0;2;0;0.0;0.0
11;2020-12-30;0;0;2;0;0.0;0.0
11;2020-12-31;0;0;2;0;0.0;0.0
11;2021-01-01;0;0;2;0;0.0;0.0
11;2021-01-02;5;0;7;0;0.0;0.0
11;2021-01-03;0;0;7;0;0.0;0.0
11;2021-01-04;1;0;8;0;0.0;0.0
11;2021-01-05;95;0;103;0;0.0;0.0
11;2021-01-06;26;0;129;0;0.0;0.0
11;2021-01-07;119;0;248;0;0.1;0.0
11;2021-01-08;91;1;339;1;0.1;0.0
11;2021-01-09;86;0;425;1;0.1;0.0
11;2021-01-10;67;0;492;1;0.1;0.0
11;2021-01-11;136;0;628;1;0.2;0.0
11;2021-01-12;545;3;1173;4;0.3;0.0
11;2021-01-13;409;1;1582;5;0.4;0.0
11;2021-01-14;645;8;2227;13;0.6;0.0
11;2021-01-15;342;3;2569;16;0.7;0.0
11;2021-01-16;77;1;2646;17;0.7;0.0
11;2021-01-17;47;1;2693;18;0.7;0.0
11;2021-01-18;388;0;3081;18;0.8;0.0
11;2021-01-19;539;4;3620;22;1.0;0.0
11;2021-01-20;693;7;4313;29;1.2;0.0
11;2021-01-21;650;5;4963;34;1.3;0.0
11;2021-01-22;524;2;5487;36;1.5;0.0
11;2021-01-23;165;0;5652;36;1.5;0.0
11;2021-01-24;139;0;5791;36;1.6;0.0
11;2021-01-25;377;18;6168;54;1.7;0.0
11;2021-01-26;850;85;7018;139;1.9;0.0
11;2021-01-27;804;23;7822;162;2.1;0.0
11;2021-01-28;652;53;8474;215;2.3;0.1
11;2021-01-29;442;120;8916;335;2.4;0.1
11;2021-01-30;138;0;9054;335;2.4;0.1
11;2021-01-31;82;0;9136;335;2.5;0.1
11;2021-02-01;344;187;9480;522;2.5;0.1
11;2021-02-02;412;361;9892;883;2.7;0.2
11;2021-02-03;392;346;10284;1229;2.8;0.3
11;2021-02-04;376;487;10660;1716;2.9;0.5
11;2021-02-05;318;327;10978;2043;2.9;0.5
11;2021-02-06;210;56;11188;2099;3.0;0.6
11;2021-02-07;109;13;11297;2112;3.0;0.6
11;2021-02-08;317;127;11614;2239;3.1;0.6
11;2021-02-09;300;244;11914;2483;3.2;0.7
11;2021-02-10;342;386;12256;2869;3.3;0.8
11;2021-02-11;609;527;12865;3396;3.5;0.9
11;2021-02-12;407;339;13272;3735;3.6;1.0
11;2021-02-13;195;87;13467;3822;3.6;1.0
11;2021-02-14;73;22;13540;3844;3.6;1.0
11;2021-02-15;241;173;13781;4017;3.7;1.1
11;2021-02-16;264;458;14045;4475;3.8;1.2
11;2021-02-17;454;535;14499;5010;3.9;1.3
11;2021-02-18;456;470;14955;5480;4.0;1.5
11;2021-02-19;300;449;15255;5929;4.1;1.6
11;2021-02-20;148;61;15403;5990;4.1;1.6
11;2021-02-21;59;32;15462;6022;4.1;1.6
11;2021-02-22;124;272;15586;6294;4.2;1.7
11;2021-02-23;283;264;15869;6558;4.3;1.8
11;2021-02-24;252;319;16121;6877;4.3;1.8
11;2021-02-25;563;283;16684;7160;4.5;1.9
11;2021-02-26;523;268;17207;7428;4.6;2.0
11;2021-02-27;319;89;17526;7517;4.7;2.0
11;2021-02-28;95;20;17621;7537;4.7;2.0
11;2021-03-01;339;259;17960;7796;4.8;2.1
11;2021-03-02;562;341;18522;8137;5.0;2.2
11;2021-03-03;601;381;19123;8518;5.1;2.3
11;2021-03-04;1078;368;20201;8886;5.4;2.4
11;2021-03-05;1003;372;21204;9258;5.7;2.5
11;2021-03-06;1096;179;22300;9437;6.0;2.5
11;2021-03-07;658;30;22958;9467;6.2;2.5
11;2021-03-08;369;308;23327;9775;6.3;2.6
11;2021-03-09;997;357;24324;10132;6.5;2.7
11;2021-03-10;1176;508;25500;10640;6.8;2.9
11;2021-03-11;1572;407;27072;11047;7.3;3.0
11;2021-03-12;1457;417;28529;11464;7.7;3.1
11;2021-03-13;1160;222;29689;11686;8.0;3.1
11;2021-03-14;523;49;30212;11735;8.1;3.1
11;2021-03-15;651;226;30863;11961;8.3;3.2
11;2021-03-16;853;196;31716;12157;8.5;3.3
11;2021-03-17;907;210;32623;12367;8.8;3.3
11;2021-03-18;1172;281;33795;12648;9.1;3.4
11;2021-03-19;1372;239;35167;12887;9.4;3.5
11;2021-03-20;790;172;35957;13059;9.6;3.5
11;2021-03-21;225;65;36182;13124;9.7;3.5
11;2021-03-22;809;219;36991;13343;9.9;3.6
11;2021-03-23;1807;386;38798;13729;10.4;3.7
11;2021-03-24;1847;315;40645;14044;10.9;3.8
11;2021-03-25;2190;372;42835;14416;11.5;3.9
11;2021-03-26;2125;421;44960;14837;12.1;4.0
11;2021-03-27;1178;145;46138;14982;12.4;4.0
11;2021-03-28;265;42;46403;15024;12.5;4.0
11;2021-03-29;1182;222;47585;15246;12.8;4.1
11;2021-03-30;1995;321;49580;15567;13.3;4.2
11;2021-03-31;1614;383;51194;15950;13.7;4.3
11;2021-04-01;2145;425;53339;16375;14.3;4.4
11;2021-04-02;1643;428;54982;16803;14.8;4.5
11;2021-04-03;720;145;55702;16948;14.9;4.5
11;2021-04-04;198;75;55900;17023;15.0;4.6
11;2021-04-05;257;4;56157;17027;15.1;4.6
11;2021-04-06;1574;551;57731;17578;15.5;4.7
11;2021-04-07;1778;573;59509;18151;16.0;4.9
11;2021-04-08;1785;680;61294;18831;16.4;5.1
11;2021-04-09;2261;603;63555;19434;17.1;5.2
11;2021-04-10;1168;178;64723;19612;17.4;5.3
11;2021-04-11;551;105;65274;19717;17.5;5.3
11;2021-04-12;1614;541;66888;20258;17.9;5.4
11;2021-04-13;2262;884;69150;21142;18.6;5.7
11;2021-04-14;1661;1018;70811;22160;19.0;5.9
11;2021-04-15;1843;1130;72654;23290;19.5;6.2
11;2021-04-16;1837;849;74491;24139;20.0;6.5
11;2021-04-17;1772;561;76263;24700;20.5;6.6
11;2021-04-18;114;155;76377;24855;20.5;6.7
11;2021-04-19;1384;735;77761;25590;20.9;6.9
11;2021-04-20;1729;1277;79490;26867;21.3;7.2
11;2021-04-21;1780;1323;81270;28190;21.8;7.6
11;2021-04-22;1749;1323;83019;29513;22.3;7.9
11;2021-04-23;2014;1237;85033;30750;22.8;8.3
11;2021-04-24;1735;468;86768;31218;23.3;8.4
11;2021-04-25;659;177;87427;31395;23.5;8.4
11;2021-04-26;1380;838;88807;32233;23.8;8.6
11;2021-04-27;1839;1550;90646;33783;24.3;9.1
11;2021-04-28;2008;1465;92654;35248;24.9;9.5
11;2021-04-29;2247;1637;94901;36885;25.5;9.9
11;2021-04-30;2158;1424;97059;38309;26.0;10.3
11;2021-05-01;1338;344;98397;38653;26.4;10.4
11;2021-05-02;588;336;98985;38989;26.6;10.5
11;2021-05-03;1487;735;100472;39724;27.0;10.7
11;2021-05-04;1878;1427;102350;41151;27.5;11.0
11;2021-05-05;1895;1441;104245;42592;28.0;11.4
11;2021-05-06;2191;1475;106436;44067;28.6;11.8
11;2021-05-07;2106;1548;108542;45615;29.1;12.2
11;2021-05-08;898;726;109440;46341;29.4;12.4
11;2021-05-09;628;543;110068;46884;29.5;12.6
11;2021-05-10;1327;1651;111395;48535;29.9;13.0
11;2021-05-11;2041;1871;113436;50406;30.4;13.5
11;2021-05-12;1848;1649;115284;52055;30.9;14.0
11;2021-05-13;1405;414;116689;52469;31.3;14.1
11;2021-05-14;1718;1182;118407;53651;31.8;14.4
11;2021-05-15;1158;897;119565;54548;32.1;14.6
11;2021-05-16;808;164;120373;54712;32.3;14.7
11;2021-05-17;1470;1046;121843;55758;32.7;15.0
11;2021-05-18;1898;1190;123741;56948;33.2;15.3
11;2021-05-19;1846;1123;125587;58071;33.7;15.6
11;2021-05-20;1971;1091;127558;59162;34.2;15.9
11;2021-05-21;2276;1089;129834;60251;34.8;16.2
11;2021-05-22;1485;726;131319;60977;35.2;16.4
11;2021-05-23;768;72;132087;61049;35.4;16.4
11;2021-05-24;1411;224;133498;61273;35.8;16.4
11;2021-05-25;1811;1353;135309;62626;36.3;16.8
11;2021-05-26;1934;1297;137243;63923;36.8;17.2
11;2021-05-27;1989;1720;139232;65643;37.4;17.6
11;2021-05-28;1755;1901;140987;67544;37.8;18.1
11;2021-05-29;1428;1599;142415;69143;38.2;18.6
11;2021-05-30;486;392;142901;69535;38.3;18.7
11;2021-05-31;1261;1615;144162;71150;38.7;19.1
11;2021-06-01;1856;1903;146018;73053;39.2;19.6
11;2021-06-02;1761;2068;147779;75121;39.7;20.2
11;2021-06-03;2597;2409;150376;77530;40.3;20.8
11;2021-06-04;2147;2664;152523;80194;40.9;21.5
11;2021-06-05;1588;1902;154111;82096;41.3;22.0
11;2021-06-06;877;857;154988;82953;41.6;22.3
11;2021-06-07;1527;1708;156515;84661;42.0;22.7
11;2021-06-08;2042;1990;158557;86651;42.5;23.2
11;2021-06-09;1786;2182;160343;88833;43.0;23.8
11;2021-06-10;1806;2426;162149;91259;43.5;24.5
11;2021-06-11;1864;2493;164013;93752;44.0;25.2
11;2021-06-12;1455;1622;165468;95374;44.4;25.6
11;2021-06-13;713;723;166181;96097;44.6;25.8
11;2021-06-14;1032;1968;167213;98065;44.9;26.3
11;2021-06-15;1395;2685;168608;100750;45.2;27.0
11;2021-06-16;1335;2527;169943;103277;45.6;27.7
11;2021-06-17;1474;2520;171417;105797;46.0;28.4
11;2021-06-18;1518;2487;172935;108284;46.4;29.1
11;2021-06-19;1236;1410;174171;109694;46.7;29.4
11;2021-06-20;299;599;174470;110293;46.8;29.6
11;2021-06-21;838;2122;175308;112415;47.0;30.2
11;2021-06-22;1016;2604;176324;115019;47.3;30.9
11;2021-06-23;1095;2089;177419;117108;47.6;31.4
11;2021-06-24;909;2244;178328;119352;47.8;32.0
11;2021-06-25;993;2547;179321;121899;48.1;32.7
11;2021-06-26;773;1655;180094;123554;48.3;33.2
11;2021-06-27;210;688;180304;124242;48.4;33.3
11;2021-06-28;697;2297;181001;126539;48.6;34.0
11;2021-06-29;963;2599;181964;129138;48.8;34.6
11;2021-06-30;906;2520;182870;131658;49.1;35.3
11;2021-07-01;1004;1889;183874;133547;49.3;35.8
11;2021-07-02;966;2539;184840;136086;49.6;36.5
11;2021-07-03;729;1807;185569;137893;49.8;37.0
11;2021-07-04;340;1109;185909;139002;49.9;37.3
11;2021-07-05;695;2132;186604;141134;50.1;37.9
11;2021-07-06;973;2519;187577;143653;50.3;38.5
11;2021-07-07;945;2507;188522;146160;50.6;39.2
11;2021-07-08;1191;1910;189713;148070;50.9;39.7
11;2021-07-09;824;1795;190537;149865;51.1;40.2
11;2021-07-10;369;1302;190906;151167;51.2;40.6
11;2021-07-11;313;564;191219;151731;51.3;40.7
11;2021-07-12;505;2672;191724;154403;51.4;41.4
11;2021-07-13;1304;3063;193028;157466;51.8;42.2
11;2021-07-14;210;233;193238;157699;51.8;42.3
11;2021-07-15;1450;2961;194688;160660;52.2;43.1
11;2021-07-16;1876;2730;196564;163390;52.7;43.8
11;2021-07-17;1075;2161;197639;165551;53.0;44.4
11;2021-07-18;652;946;198291;166497;53.2;44.7
11;2021-07-19;1355;2088;199646;168585;53.6;45.2
11;2021-07-20;1997;2403;201643;170988;54.1;45.9
11;2021-07-21;2015;2437;203658;173425;54.6;46.5
11;2021-07-22;2415;1883;206073;175308;55.3;47.0
11;2021-07-23;2230;2282;208303;177590;55.9;47.6
11;2021-07-24;1274;1628;209577;179218;56.2;48.1
11;2021-07-25;749;692;210326;179910;56.4;48.3
11;2021-07-26;1667;1427;211993;181337;56.9;48.7
11;2021-07-27;2342;1998;214335;183335;57.5;49.2
11;2021-07-28;2480;1990;216815;185325;58.2;49.7
11;2021-07-29;2771;1794;219586;187119;58.9;50.2
11;2021-07-30;2575;1803;222161;188922;59.6;50.7
11;2021-07-31;2008;1141;224169;190063;60.1;51.0
11;2021-08-01;1011;482;225180;190545;60.4;51.1
11;2021-08-02;1929;1151;227109;191696;60.9;51.4
11;2021-08-03;2441;1601;229550;193297;61.6;51.9
11;2021-08-04;2560;1267;232110;194564;62.3;52.2
11;2021-08-05;2382;1333;234492;195897;62.9;52.6
11;2021-08-06;2252;1660;236744;197557;63.5;53.0
11;2021-08-07;1665;1167;238409;198724;64.0;53.3
11;2021-08-08;599;210;239008;198934;64.1;53.4
11;2021-08-09;1032;1434;240040;200368;64.4;53.8
11;2021-08-10;1747;1987;241787;202355;64.9;54.3
11;2021-08-11;1717;1689;243504;204044;65.3;54.7
11;2021-08-12;1716;1858;245220;205902;65.8;55.2
11;2021-08-13;1348;1655;246568;207557;66.2;55.7
11;2021-08-14;984;1596;247552;209153;66.4;56.1
11;2021-08-15;138;125;247690;209278;66.5;56.2
11;2021-08-16;731;1914;248421;211192;66.7;56.7
11;2021-08-17;1046;2391;249467;213583;66.9;57.3
11;2021-08-18;1108;2032;250575;215615;67.2;57.9
11;2021-08-19;1006;2291;251581;217906;67.5;58.5
11;2021-08-20;976;2291;252557;220197;67.8;59.1
11;2021-08-21;576;1838;253133;222035;67.9;59.6
11;2021-08-22;192;512;253325;222547;68.0;59.7
11;2021-08-23;522;1817;253847;224364;68.1;60.2
11;2021-08-24;799;2255;254646;226619;68.3;60.8
11;2021-08-25;795;2156;255441;228775;68.5;61.4
11;2021-08-26;759;2001;256200;230776;68.7;61.9
11;2021-08-27;701;2222;256901;232998;68.9;62.5
11;2021-08-28;436;1745;257337;234743;69.0;63.0
11;2021-08-29;143;514;257480;235257;69.1;63.1
11;2021-08-30;455;1347;257935;236604;69.2;63.5
11;2021-08-31;584;1949;258519;238553;69.4;64.0
11;2021-09-01;607;1813;259126;240366;69.5;64.5
11;2021-09-02;555;1701;259681;242067;69.7;64.9
11;2021-09-03;537;1711;260218;243778;69.8;65.4
11;2021-09-04;488;1554;260706;245332;69.9;65.8
11;2021-09-05;153;271;260859;245603;70.0;65.9
11;2021-09-06;299;856;261158;246459;70.1;66.1
11;2021-09-07;355;1122;261513;247581;70.2;66.4
11;2021-09-08;478;1307;261991;248888;70.3;66.8
11;2021-09-09;394;1037;262385;249925;70.4;67.1
11;2021-09-10;380;1138;262765;251063;70.5;67.4
11;2021-09-11;378;1053;263143;252116;70.6;67.6
11;2021-09-12;61;146;263204;252262;70.6;67.7
11;2021-09-13;238;1041;263442;253303;70.7;68.0
11;2021-09-14;348;963;263790;254266;70.8;68.2
11;2021-09-15;360;973;264150;255239;70.9;68.5
11;2021-09-16;301;585;264451;255824;71.0;68.6
11;2021-09-17;313;682;264764;256506;71.0;68.8
11;2021-09-18;267;730;265031;257236;71.1;69.0
11;2021-09-19;59;123;265090;257359;71.1;69.1
11;2021-09-20;166;332;265256;257691;71.2;69.1
11;2021-09-21;288;417;265544;258108;71.2;69.3
11;2021-09-22;227;768;265771;258876;71.3;69.5
11;2021-09-23;179;398;265950;259274;71.4;69.6
11;2021-09-24;275;520;266225;259794;71.4;69.7
11;2021-09-25;235;673;266460;260467;71.5;69.9
11;2021-09-26;35;131;266495;260598;71.5;69.9
11;2021-09-27;105;385;266600;260983;71.5;70.0
11;2021-09-28;212;354;266812;261337;71.6;70.1
11;2021-09-29;221;537;267033;261874;71.6;70.3
11;2021-09-30;194;360;267227;262234;71.7;70.4
11;2021-10-01;225;389;267452;262623;71.8;70.5
11;2021-10-02;232;445;267684;263068;71.8;70.6
11;2021-10-03;2;1;267686;263069;71.8;70.6
11;2021-10-04;137;292;267823;263361;71.9;70.7
11;2021-10-05;177;321;268000;263682;71.9;70.7
12;2020-12-27;0;0;0;0;0.0;0.0
12;2020-12-28;0;0;0;0;0.0;0.0
12;2020-12-29;0;0;0;0;0.0;0.0
12;2020-12-30;0;0;0;0;0.0;0.0
12;2020-12-31;0;0;0;0;0.0;0.0
12;2021-01-01;0;0;0;0;0.0;0.0
12;2021-01-02;0;0;0;0;0.0;0.0
12;2021-01-03;2;0;2;0;0.0;0.0
12;2021-01-04;1;0;3;0;0.0;0.0
12;2021-01-05;1;0;4;0;0.0;0.0
12;2021-01-06;12;0;16;0;0.0;0.0
12;2021-01-07;202;0;218;0;0.1;0.0
12;2021-01-08;65;0;283;0;0.1;0.0
12;2021-01-09;0;0;283;0;0.1;0.0
12;2021-01-10;1;0;284;0;0.1;0.0
12;2021-01-11;101;0;385;0;0.1;0.0
12;2021-01-12;361;0;746;0;0.3;0.0
12;2021-01-13;285;0;1031;0;0.4;0.0
12;2021-01-14;600;12;1631;12;0.6;0.0
12;2021-01-15;367;8;1998;20;0.7;0.0
12;2021-01-16;138;1;2136;21;0.8;0.0
12;2021-01-17;1;0;2137;21;0.8;0.0
12;2021-01-18;452;0;2589;21;0.9;0.0
12;2021-01-19;609;3;3198;24;1.1;0.0
12;2021-01-20;879;3;4077;27;1.5;0.0
12;2021-01-21;736;0;4813;27;1.7;0.0
12;2021-01-22;798;1;5611;28;2.0;0.0
12;2021-01-23;382;0;5993;28;2.2;0.0
12;2021-01-24;0;0;5993;28;2.2;0.0
12;2021-01-25;453;0;6446;28;2.3;0.0
12;2021-01-26;650;0;7096;28;2.5;0.0
12;2021-01-27;1886;38;8982;66;3.2;0.0
12;2021-01-28;1886;225;10868;291;3.9;0.1
12;2021-01-29;1331;41;12199;332;4.4;0.1
12;2021-01-30;359;2;12558;334;4.5;0.1
12;2021-01-31;0;0;12558;334;4.5;0.1
12;2021-02-01;335;85;12893;419;4.6;0.2
12;2021-02-02;457;233;13350;652;4.8;0.2
12;2021-02-03;457;164;13807;816;5.0;0.3
12;2021-02-04;459;510;14266;1326;5.1;0.5
12;2021-02-05;449;170;14715;1496;5.3;0.5
12;2021-02-06;220;42;14935;1538;5.4;0.6
12;2021-02-07;8;0;14943;1538;5.4;0.6
12;2021-02-08;104;281;15047;1819;5.4;0.7
12;2021-02-09;209;293;15256;2112;5.5;0.8
12;2021-02-10;466;394;15722;2506;5.6;0.9
12;2021-02-11;539;293;16261;2799;5.8;1.0
12;2021-02-12;570;264;16831;3063;6.0;1.1
12;2021-02-13;175;110;17006;3173;6.1;1.1
12;2021-02-14;1;0;17007;3173;6.1;1.1
12;2021-02-15;175;295;17182;3468;6.2;1.2
12;2021-02-16;171;424;17353;3892;6.2;1.4
12;2021-02-17;366;1301;17719;5193;6.4;1.9
12;2021-02-18;677;1508;18396;6701;6.6;2.4
12;2021-02-19;594;891;18990;7592;6.8;2.7
12;2021-02-20;103;355;19093;7947;6.9;2.9
12;2021-02-21;0;0;19093;7947;6.9;2.9
12;2021-02-22;150;323;19243;8270;6.9;3.0
12;2021-02-23;157;469;19400;8739;7.0;3.1
12;2021-02-24;156;542;19556;9281;7.0;3.3
12;2021-02-25;201;642;19757;9923;7.1;3.6
12;2021-02-26;320;544;20077;10467;7.2;3.8
12;2021-02-27;190;301;20267;10768;7.3;3.9
12;2021-02-28;13;0;20280;10768;7.3;3.9
12;2021-03-01;51;318;20331;11086;7.3;4.0
12;2021-03-02;190;453;20521;11539;7.4;4.1
12;2021-03-03;244;347;20765;11886;7.5;4.3
12;2021-03-04;278;323;21043;12209;7.6;4.4
12;2021-03-05;421;330;21464;12539;7.7;4.5
12;2021-03-06;793;120;22257;12659;8.0;4.5
12;2021-03-07;140;32;22397;12691;8.0;4.6
12;2021-03-08;233;192;22630;12883;8.1;4.6
12;2021-03-09;716;220;23346;13103;8.4;4.7
12;2021-03-10;784;722;24130;13825;8.7;5.0
12;2021-03-11;919;642;25049;14467;9.0;5.2
12;2021-03-12;1259;511;26308;14978;9.5;5.4
12;2021-03-13;896;134;27204;15112;9.8;5.4
12;2021-03-14;45;2;27249;15114;9.8;5.4
12;2021-03-15;559;154;27808;15268;10.0;5.5
12;2021-03-16;818;159;28626;15427;10.3;5.5
12;2021-03-17;1504;165;30130;15592;10.8;5.6
12;2021-03-18;997;246;31127;15838;11.2;5.7
12;2021-03-19;1383;278;32510;16116;11.7;5.8
12;2021-03-20;725;78;33235;16194;11.9;5.8
12;2021-03-21;264;10;33499;16204;12.0;5.8
12;2021-03-22;606;174;34105;16378;12.3;5.9
12;2021-03-23;1214;176;35319;16554;12.7;5.9
12;2021-03-24;1422;206;36741;16760;13.2;6.0
12;2021-03-25;1843;205;38584;16965;13.9;6.1
12;2021-03-26;1978;231;40562;17196;14.6;6.2
12;2021-03-27;981;68;41543;17264;14.9;6.2
12;2021-03-28;60;1;41603;17265;14.9;6.2
12;2021-03-29;963;84;42566;17349;15.3;6.2
12;2021-03-30;1737;123;44303;17472;15.9;6.3
12;2021-03-31;1460;104;45763;17576;16.4;6.3
12;2021-04-01;1957;166;47720;17742;17.1;6.4
12;2021-04-02;1614;344;49334;18086;17.7;6.5
12;2021-04-03;882;96;50216;18182;18.0;6.5
12;2021-04-04;1;0;50217;18182;18.0;6.5
12;2021-04-05;645;14;50862;18196;18.3;6.5
12;2021-04-06;1151;536;52013;18732;18.7;6.7
12;2021-04-07;1651;637;53664;19369;19.3;7.0
12;2021-04-08;2098;570;55762;19939;20.0;7.2
12;2021-04-09;2112;652;57874;20591;20.8;7.4
12;2021-04-10;1427;219;59301;20810;21.3;7.5
12;2021-04-11;120;1;59421;20811;21.3;7.5
12;2021-04-12;1836;502;61257;21313;22.0;7.7
12;2021-04-13;1907;774;63164;22087;22.7;7.9
12;2021-04-14;1832;1318;64996;23405;23.3;8.4
12;2021-04-15;1937;896;66933;24301;24.0;8.7
12;2021-04-16;1675;1204;68608;25505;24.6;9.2
12;2021-04-17;1553;568;70161;26073;25.2;9.4
12;2021-04-18;0;0;70161;26073;25.2;9.4
12;2021-04-19;1687;549;71848;26622;25.8;9.6
12;2021-04-20;1546;984;73394;27606;26.4;9.9
12;2021-04-21;1693;1183;75087;28789;27.0;10.3
12;2021-04-22;1690;1092;76777;29881;27.6;10.7
12;2021-04-23;1382;1335;78159;31216;28.1;11.2
12;2021-04-24;1450;719;79609;31935;28.6;11.5
12;2021-04-25;60;0;79669;31935;28.6;11.5
12;2021-04-26;1459;898;81128;32833;29.1;11.8
12;2021-04-27;1321;1279;82449;34112;29.6;12.3
12;2021-04-28;1113;1869;83562;35981;30.0;12.9
12;2021-04-29;1571;1910;85133;37891;30.6;13.6
12;2021-04-30;1815;1836;86948;39727;31.2;14.3
12;2021-05-01;1617;261;88565;39988;31.8;14.4
12;2021-05-02;9;0;88574;39988;31.8;14.4
12;2021-05-03;1713;1252;90287;41240;32.4;14.8
12;2021-05-04;1483;1393;91770;42633;33.0;15.3
12;2021-05-05;1296;1673;93066;44306;33.4;15.9
12;2021-05-06;1753;1376;94819;45682;34.1;16.4
12;2021-05-07;1483;1777;96302;47459;34.6;17.0
12;2021-05-08;1330;461;97632;47920;35.1;17.2
12;2021-05-09;13;34;97645;47954;35.1;17.2
12;2021-05-10;829;2215;98474;50169;35.4;18.0
12;2021-05-11;928;1846;99402;52015;35.7;18.7
12;2021-05-12;948;1820;100350;53835;36.1;19.3
12;2021-05-13;1587;811;101937;54646;36.6;19.6
12;2021-05-14;1235;1534;103172;56180;37.1;20.2
12;2021-05-15;1067;1115;104239;57295;37.4;20.6
12;2021-05-16;2;19;104241;57314;37.4;20.6
12;2021-05-17;1082;1810;105323;59124;37.8;21.2
12;2021-05-18;1427;1534;106750;60658;38.3;21.8
12;2021-05-19;1915;1330;108665;61988;39.0;22.3
12;2021-05-20;2119;876;110784;62864;39.8;22.6
12;2021-05-21;1821;1253;112605;64117;40.5;23.0
12;2021-05-22;1207;1016;113812;65133;40.9;23.4
12;2021-05-23;7;12;113819;65145;40.9;23.4
12;2021-05-24;1956;536;115775;65681;41.6;23.6
12;2021-05-25;1742;1157;117517;66838;42.2;24.0
12;2021-05-26;1998;780;119515;67618;42.9;24.3
12;2021-05-27;2165;744;121680;68362;43.7;24.6
12;2021-05-28;1927;1025;123607;69387;44.4;24.9
12;2021-05-29;1637;805;125244;70192;45.0;25.2
12;2021-05-30;9;43;125253;70235;45.0;25.2
12;2021-05-31;1699;810;126952;71045;45.6;25.5
12;2021-06-01;1887;1026;128839;72071;46.3;25.9
12;2021-06-02;1979;1052;130818;73123;47.0;26.3
12;2021-06-03;2123;824;132941;73947;47.8;26.6
12;2021-06-04;1967;1417;134908;75364;48.5;27.1
12;2021-06-05;1738;985;136646;76349;49.1;27.4
12;2021-06-06;6;6;136652;76355;49.1;27.4
12;2021-06-07;1092;1811;137744;78166;49.5;28.1
12;2021-06-08;1332;1201;139076;79367;50.0;28.5
12;2021-06-09;895;1292;139971;80659;50.3;29.0
12;2021-06-10;1022;920;140993;81579;50.7;29.3
12;2021-06-11;1204;2076;142197;83655;51.1;30.1
12;2021-06-12;1033;1320;143230;84975;51.5;30.5
12;2021-06-13;6;47;143236;85022;51.5;30.5
12;2021-06-14;662;1830;143898;86852;51.7;31.2
12;2021-06-15;745;1877;144643;88729;52.0;31.9
12;2021-06-16;820;1818;145463;90547;52.3;32.5
12;2021-06-17;678;995;146141;91542;52.5;32.9
12;2021-06-18;1134;1840;147275;93382;52.9;33.5
12;2021-06-19;914;1406;148189;94788;53.2;34.1
12;2021-06-20;4;10;148193;94798;53.2;34.1
12;2021-06-21;511;1737;148704;96535;53.4;34.7
12;2021-06-22;502;1474;149206;98009;53.6;35.2
12;2021-06-23;579;1306;149785;99315;53.8;35.7
12;2021-06-24;249;541;150034;99856;53.9;35.9
12;2021-06-25;876;1842;150910;101698;54.2;36.5
12;2021-06-26;673;1527;151583;103225;54.5;37.1
12;2021-06-27;1;9;151584;103234;54.5;37.1
12;2021-06-28;467;2453;152051;105687;54.6;38.0
12;2021-06-29;565;1957;152616;107644;54.8;38.7
12;2021-06-30;828;2132;153444;109776;55.1;39.4
12;2021-07-01;345;1086;153789;110862;55.2;39.8
12;2021-07-02;796;2628;154585;113490;55.5;40.8
12;2021-07-03;565;1872;155150;115362;55.7;41.4
12;2021-07-04;1;0;155151;115362;55.7;41.4
12;2021-07-05;440;2406;155591;117768;55.9;42.3
12;2021-07-06;640;2495;156231;120263;56.1;43.2
12;2021-07-07;688;2116;156919;122379;56.4;44.0
12;2021-07-08;295;913;157214;123292;56.5;44.3
12;2021-07-09;724;2587;157938;125879;56.7;45.2
12;2021-07-10;445;2077;158383;127956;56.9;46.0
12;2021-07-11;0;0;158383;127956;56.9;46.0
12;2021-07-12;587;2439;158970;130395;57.1;46.8
12;2021-07-13;840;2592;159810;132987;57.4;47.8
12;2021-07-14;44;25;159854;133012;57.4;47.8
12;2021-07-15;795;2107;160649;135119;57.7;48.5
12;2021-07-16;1247;2556;161896;137675;58.2;49.5
12;2021-07-17;790;2007;162686;139682;58.4;50.2
12;2021-07-18;25;11;162711;139693;58.5;50.2
12;2021-07-19;1319;2005;164030;141698;58.9;50.9
12;2021-07-20;1422;1475;165452;143173;59.4;51.4
12;2021-07-21;1022;941;166474;144114;59.8;51.8
12;2021-07-22;2236;1308;168710;145422;60.6;52.2
12;2021-07-23;1865;2056;170575;147478;61.3;53.0
12;2021-07-24;1604;1566;172179;149044;61.9;53.5
12;2021-07-25;97;28;172276;149072;61.9;53.6
12;2021-07-26;1930;1438;174206;150510;62.6;54.1
12;2021-07-27;2236;1009;176442;151519;63.4;54.4
12;2021-07-28;1715;675;178157;152194;64.0;54.7
12;2021-07-29;1189;807;179346;153001;64.4;55.0
12;2021-07-30;2507;1284;181853;154285;65.3;55.4
12;2021-07-31;1967;1005;183820;155290;66.0;55.8
12;2021-08-01;225;38;184045;155328;66.1;55.8
12;2021-08-02;1815;832;185860;156160;66.8;56.1
12;2021-08-03;1960;776;187820;156936;67.5;56.4
12;2021-08-04;1694;833;189514;157769;68.1;56.7
12;2021-08-05;1636;683;191150;158452;68.7;56.9
12;2021-08-06;1706;1314;192856;159766;69.3;57.4
12;2021-08-07;1448;744;194304;160510;69.8;57.7
12;2021-08-08;0;3;194304;160513;69.8;57.7
12;2021-08-09;1351;1415;195655;161928;70.3;58.2
12;2021-08-10;1343;1247;196998;163175;70.8;58.6
12;2021-08-11;820;1195;197818;164370;71.1;59.0
12;2021-08-12;737;1070;198555;165440;71.3;59.4
12;2021-08-13;1075;1335;199630;166775;71.7;59.9
12;2021-08-14;739;1354;200369;168129;72.0;60.4
12;2021-08-15;255;75;200624;168204;72.1;60.4
12;2021-08-16;670;1817;201294;170021;72.3;61.1
12;2021-08-17;905;1991;202199;172012;72.6;61.8
12;2021-08-18;448;1522;202647;173534;72.8;62.3
12;2021-08-19;641;1115;203288;174649;73.0;62.7
12;2021-08-20;797;1888;204085;176537;73.3;63.4
12;2021-08-21;473;1526;204558;178063;73.5;64.0
12;2021-08-22;93;27;204651;178090;73.5;64.0
12;2021-08-23;453;1921;205104;180011;73.7;64.7
12;2021-08-24;486;1917;205590;181928;73.9;65.4
12;2021-08-25;333;1579;205923;183507;74.0;65.9
12;2021-08-26;487;1606;206410;185113;74.2;66.5
12;2021-08-27;598;1699;207008;186812;74.4;67.1
12;2021-08-28;332;1553;207340;188365;74.5;67.7
12;2021-08-29;176;143;207516;188508;74.5;67.7
12;2021-08-30;562;1908;208078;190416;74.8;68.4
12;2021-08-31;417;1392;208495;191808;74.9;68.9
12;2021-09-01;425;1020;208920;192828;75.1;69.3
12;2021-09-02;266;822;209186;193650;75.1;69.6
12;2021-09-03;490;1378;209676;195028;75.3;70.1
12;2021-09-04;432;1209;210108;196237;75.5;70.5
12;2021-09-05;52;206;210160;196443;75.5;70.6
12;2021-09-06;214;806;210374;197249;75.6;70.9
12;2021-09-07;270;671;210644;197920;75.7;71.1
12;2021-09-08;245;618;210889;198538;75.8;71.3
12;2021-09-09;174;448;211063;198986;75.8;71.5
12;2021-09-10;499;1277;211562;200263;76.0;71.9
12;2021-09-11;385;1087;211947;201350;76.1;72.3
12;2021-09-12;17;120;211964;201470;76.1;72.4
12;2021-09-13;157;625;212121;202095;76.2;72.6
12;2021-09-14;280;513;212401;202608;76.3;72.8
12;2021-09-15;244;407;212645;203015;76.4;72.9
12;2021-09-16;384;411;213029;203426;76.5;73.1
12;2021-09-17;343;505;213372;203931;76.7;73.3
12;2021-09-18;242;688;213614;204619;76.7;73.5
12;2021-09-19;0;4;213614;204623;76.7;73.5
12;2021-09-20;106;432;213720;205055;76.8;73.7
12;2021-09-21;112;220;213832;205275;76.8;73.7
12;2021-09-22;132;578;213964;205853;76.9;74.0
12;2021-09-23;106;160;214070;206013;76.9;74.0
12;2021-09-24;216;535;214286;206548;77.0;74.2
12;2021-09-25;161;664;214447;207212;77.0;74.4
12;2021-09-26;0;1;214447;207213;77.0;74.4
12;2021-09-27;82;242;214529;207455;77.1;74.5
12;2021-09-28;96;252;214625;207707;77.1;74.6
12;2021-09-29;112;325;214737;208032;77.1;74.7
12;2021-09-30;51;123;214788;208155;77.2;74.8
12;2021-10-01;161;404;214949;208559;77.2;74.9
12;2021-10-02;182;477;215131;209036;77.3;75.1
12;2021-10-03;0;2;215131;209038;77.3;75.1
12;2021-10-04;83;168;215214;209206;77.3;75.2
12;2021-10-05;67;191;215281;209397;77.3;75.2
13;2020-12-27;5;0;5;0;0.0;0.0
13;2020-12-28;6;0;11;0;0.0;0.0
13;2020-12-29;1;0;12;0;0.0;0.0
13;2020-12-30;3;0;15;0;0.0;0.0
13;2020-12-31;6;0;21;0;0.0;0.0
13;2021-01-01;4;0;25;0;0.0;0.0
13;2021-01-02;4;0;29;0;0.0;0.0
13;2021-01-03;11;0;40;0;0.0;0.0
13;2021-01-04;1;0;41;0;0.0;0.0
13;2021-01-05;80;1;121;1;0.0;0.0
13;2021-01-06;122;0;243;1;0.0;0.0
13;2021-01-07;174;1;417;2;0.0;0.0
13;2021-01-08;189;0;606;2;0.0;0.0
13;2021-01-09;13;0;619;2;0.0;0.0
13;2021-01-10;3;0;622;2;0.0;0.0
13;2021-01-11;482;1;1104;3;0.1;0.0
13;2021-01-12;813;2;1917;5;0.1;0.0
13;2021-01-13;1087;1;3004;6;0.1;0.0
13;2021-01-14;1588;16;4592;22;0.2;0.0
13;2021-01-15;1538;7;6130;29;0.3;0.0
13;2021-01-16;406;3;6536;32;0.3;0.0
13;2021-01-17;44;0;6580;32;0.3;0.0
13;2021-01-18;2388;9;8968;41;0.4;0.0
13;2021-01-19;7418;33;16386;74;0.8;0.0
13;2021-01-20;5582;18;21968;92;1.1;0.0
13;2021-01-21;5362;29;27330;121;1.3;0.0
13;2021-01-22;4006;22;31336;143;1.5;0.0
13;2021-01-23;1359;6;32695;149;1.6;0.0
13;2021-01-24;491;5;33186;154;1.6;0.0
13;2021-01-25;2340;27;35526;181;1.7;0.0
13;2021-01-26;2951;84;38477;265;1.9;0.0
13;2021-01-27;3122;119;41599;384;2.0;0.0
13;2021-01-28;3250;175;44849;559;2.2;0.0
13;2021-01-29;2513;122;47362;681;2.3;0.0
13;2021-01-30;1025;11;48387;692;2.4;0.0
13;2021-01-31;252;0;48639;692;2.4;0.0
13;2021-02-01;1864;260;50503;952;2.5;0.0
13;2021-02-02;2258;569;52761;1521;2.6;0.1
13;2021-02-03;1868;538;54629;2059;2.7;0.1
13;2021-02-04;1907;880;56536;2939;2.8;0.1
13;2021-02-05;2629;1457;59165;4396;2.9;0.2
13;2021-02-06;856;272;60021;4668;3.0;0.2
13;2021-02-07;278;5;60299;4673;3.0;0.2
13;2021-02-08;1907;1396;62206;6069;3.1;0.3
13;2021-02-09;3320;3962;65526;10031;3.2;0.5
13;2021-02-10;3240;3170;68766;13201;3.4;0.6
13;2021-02-11;3584;3188;72350;16389;3.6;0.8
13;2021-02-12;2839;2725;75189;19114;3.7;0.9
13;2021-02-13;734;524;75923;19638;3.7;1.0
13;2021-02-14;73;324;75996;19962;3.7;1.0
13;2021-02-15;971;1764;76967;21726;3.8;1.1
13;2021-02-16;1396;2302;78363;24028;3.9;1.2
13;2021-02-17;1350;2598;79713;26626;3.9;1.3
13;2021-02-18;1904;2338;81617;28964;4.0;1.4
13;2021-02-19;1514;1917;83131;30881;4.1;1.5
13;2021-02-20;458;648;83589;31529;4.1;1.5
13;2021-02-21;33;238;83622;31767;4.1;1.6
13;2021-02-22;1023;1921;84645;33688;4.2;1.7
13;2021-02-23;1289;2234;85934;35922;4.2;1.8
13;2021-02-24;1519;2263;87453;38185;4.3;1.9
13;2021-02-25;2384;1836;89837;40021;4.4;2.0
13;2021-02-26;2458;1864;92295;41885;4.5;2.1
13;2021-02-27;983;658;93278;42543;4.6;2.1
13;2021-02-28;195;186;93473;42729;4.6;2.1
13;2021-03-01;1927;1356;95400;44085;4.7;2.2
13;2021-03-02;3012;2323;98412;46408;4.8;2.3
13;2021-03-03;3490;2364;101902;48772;5.0;2.4
13;2021-03-04;4209;2846;106111;51618;5.2;2.5
13;2021-03-05;4043;2549;110154;54167;5.4;2.7
13;2021-03-06;5304;748;115458;54915;5.7;2.7
13;2021-03-07;4295;363;119753;55278;5.9;2.7
13;2021-03-08;3930;1794;123683;57072;6.1;2.8
13;2021-03-09;5082;2073;128765;59145;6.3;2.9
13;2021-03-10;5180;1868;133945;61013;6.6;3.0
13;2021-03-11;7307;2024;141252;63037;6.9;3.1
13;2021-03-12;8334;2002;149586;65039;7.4;3.2
13;2021-03-13;6380;705;155966;65744;7.7;3.2
13;2021-03-14;2312;162;158278;65906;7.8;3.2
13;2021-03-15;6358;1290;164636;67196;8.1;3.3
13;2021-03-16;5078;1493;169714;68689;8.3;3.4
13;2021-03-17;5174;1403;174888;70092;8.6;3.4
13;2021-03-18;5816;1829;180704;71921;8.9;3.5
13;2021-03-19;6811;1599;187515;73520;9.2;3.6
13;2021-03-20;4045;690;191560;74210;9.4;3.6
13;2021-03-21;726;84;192286;74294;9.5;3.7
13;2021-03-22;7297;1535;199583;75829;9.8;3.7
13;2021-03-23;9132;1741;208715;77570;10.3;3.8
13;2021-03-24;8867;2174;217582;79744;10.7;3.9
13;2021-03-25;10917;2099;228499;81843;11.2;4.0
13;2021-03-26;10717;1902;239216;83745;11.8;4.1
13;2021-03-27;4870;824;244086;84569;12.0;4.2
13;2021-03-28;1120;81;245206;84650;12.1;4.2
13;2021-03-29;7579;1985;252785;86635;12.4;4.3
13;2021-03-30;12617;2508;265402;89143;13.0;4.4
13;2021-03-31;10812;3157;276214;92300;13.6;4.5
13;2021-04-01;12277;3080;288491;95380;14.2;4.7
13;2021-04-02;9790;3887;298281;99267;14.7;4.9
13;2021-04-03;4006;2802;302287;102069;14.9;5.0
13;2021-04-04;631;306;302918;102375;14.9;5.0
13;2021-04-05;3537;729;306455;103104;15.1;5.1
13;2021-04-06;8520;4243;314975;107347;15.5;5.3
13;2021-04-07;10079;4681;325054;112028;16.0;5.5
13;2021-04-08;10118;5457;335172;117485;16.5;5.8
13;2021-04-09;11281;5111;346453;122596;17.0;6.0
13;2021-04-10;7300;2096;353753;124692;17.4;6.1
13;2021-04-11;1380;534;355133;125226;17.5;6.2
13;2021-04-12;7984;4788;363117;130014;17.8;6.4
13;2021-04-13;9146;5487;372263;135501;18.3;6.7
13;2021-04-14;9535;5816;381798;141317;18.8;6.9
13;2021-04-15;9880;5951;391678;147268;19.3;7.2
13;2021-04-16;9968;5564;401646;152832;19.7;7.5
13;2021-04-17;4079;2022;405725;154854;19.9;7.6
13;2021-04-18;2527;1425;408252;156279;20.1;7.7
13;2021-04-19;6457;6398;414709;162677;20.4;8.0
13;2021-04-20;7402;7585;422111;170262;20.7;8.4
13;2021-04-21;7772;7378;429883;177640;21.1;8.7
13;2021-04-22;8462;7912;438345;185552;21.5;9.1
13;2021-04-23;8395;6829;446740;192381;22.0;9.5
13;2021-04-24;4625;3811;451365;196192;22.2;9.6
13;2021-04-25;877;521;452242;196713;22.2;9.7
13;2021-04-26;6167;7109;458409;203822;22.5;10.0
13;2021-04-27;7264;8021;465673;211843;22.9;10.4
13;2021-04-28;9452;7706;475125;219549;23.4;10.8
13;2021-04-29;11408;7592;486533;227141;23.9;11.2
13;2021-04-30;10918;7362;497451;234503;24.5;11.5
13;2021-05-01;5365;3795;502816;238298;24.7;11.7
13;2021-05-02;2100;747;504916;239045;24.8;11.7
13;2021-05-03;7297;7865;512213;246910;25.2;12.1
13;2021-05-04;8456;8505;520669;255415;25.6;12.6
13;2021-05-05;8226;8966;528895;264381;26.0;13.0
13;2021-05-06;10142;8582;539037;272963;26.5;13.4
13;2021-05-07;8852;10022;547889;282985;26.9;13.9
13;2021-05-08;4569;3936;552458;286921;27.2;14.1
13;2021-05-09;939;687;553397;287608;27.2;14.1
13;2021-05-10;7709;8752;561106;296360;27.6;14.6
13;2021-05-11;10978;9555;572084;305915;28.1;15.0
13;2021-05-12;12841;8727;584925;314642;28.8;15.5
13;2021-05-13;9507;3637;594432;318279;29.2;15.6
13;2021-05-14;13656;6446;608088;324725;29.9;16.0
13;2021-05-15;10196;4536;618284;329261;30.4;16.2
13;2021-05-16;3127;791;621411;330052;30.5;16.2
13;2021-05-17;10844;6800;632255;336852;31.1;16.6
13;2021-05-18;11918;6480;644173;343332;31.7;16.9
13;2021-05-19;12157;6358;656330;349690;32.3;17.2
13;2021-05-20;13443;6467;669773;356157;32.9;17.5
13;2021-05-21;12990;6782;682763;362939;33.6;17.8
13;2021-05-22;7515;3635;690278;366574;33.9;18.0
13;2021-05-23;862;637;691140;367211;34.0;18.0
13;2021-05-24;6761;2469;697901;369680;34.3;18.2
13;2021-05-25;9271;7594;707172;377274;34.8;18.5
13;2021-05-26;10142;7837;717314;385111;35.3;18.9
13;2021-05-27;10337;8421;727651;393532;35.8;19.3
13;2021-05-28;9006;9163;736657;402695;36.2;19.8
13;2021-05-29;7173;4621;743830;407316;36.6;20.0
13;2021-05-30;891;527;744721;407843;36.6;20.0
13;2021-05-31;8184;8022;752905;415865;37.0;20.4
13;2021-06-01;9578;9284;762483;425149;37.5;20.9
13;2021-06-02;10082;8776;772565;433925;38.0;21.3
13;2021-06-03;12295;9488;784860;443413;38.6;21.8
13;2021-06-04;12025;10031;796885;453444;39.2;22.3
13;2021-06-05;7821;5595;804706;459039;39.6;22.6
13;2021-06-06;1671;886;806377;459925;39.6;22.6
13;2021-06-07;6686;9875;813063;469800;40.0;23.1
13;2021-06-08;8317;9983;821380;479783;40.4;23.6
13;2021-06-09;8397;9732;829777;489515;40.8;24.1
13;2021-06-10;8953;9774;838730;499289;41.2;24.5
13;2021-06-11;8230;12710;846960;511999;41.6;25.2
13;2021-06-12;5778;6705;852738;518704;41.9;25.5
13;2021-06-13;950;1216;853688;519920;42.0;25.6
13;2021-06-14;5994;11141;859682;531061;42.3;26.1
13;2021-06-15;7284;11402;866966;542463;42.6;26.7
13;2021-06-16;7340;9867;874306;552330;43.0;27.1
13;2021-06-17;7443;10710;881749;563040;43.3;27.7
13;2021-06-18;7549;11071;889298;574111;43.7;28.2
13;2021-06-19;4616;7496;893914;581607;43.9;28.6
13;2021-06-20;1111;1045;895025;582652;44.0;28.6
13;2021-06-21;4462;12259;899487;594911;44.2;29.2
13;2021-06-22;4941;13876;904428;608787;44.5;29.9
13;2021-06-23;5148;13578;909576;622365;44.7;30.6
13;2021-06-24;5341;12852;914917;635217;45.0;31.2
13;2021-06-25;5242;14680;920159;649897;45.2;31.9
13;2021-06-26;3016;9681;923175;659578;45.4;32.4
13;2021-06-27;537;931;923712;660509;45.4;32.5
13;2021-06-28;3731;12561;927443;673070;45.6;33.1
13;2021-06-29;4500;12900;931943;685970;45.8;33.7
13;2021-06-30;4904;12695;936847;698665;46.0;34.3
13;2021-07-01;5580;11493;942427;710158;46.3;34.9
13;2021-07-02;5570;12393;947997;722551;46.6;35.5
13;2021-07-03;3503;9161;951500;731712;46.8;36.0
13;2021-07-04;476;867;951976;732579;46.8;36.0
13;2021-07-05;3872;11769;955848;744348;47.0;36.6
13;2021-07-06;5461;11676;961309;756024;47.3;37.2
13;2021-07-07;5821;10706;967130;766730;47.5;37.7
13;2021-07-08;6231;10327;973361;777057;47.8;38.2
13;2021-07-09;5932;11934;979293;788991;48.1;38.8
13;2021-07-10;3163;8637;982456;797628;48.3;39.2
13;2021-07-11;435;1012;982891;798640;48.3;39.3
13;2021-07-12;4493;10944;987384;809584;48.5;39.8
13;2021-07-13;8981;13183;996365;822767;49.0;40.4
13;2021-07-14;5611;4862;1001976;827629;49.3;40.7
13;2021-07-15;11438;12945;1013414;840574;49.8;41.3
13;2021-07-16;12195;12928;1025609;853502;50.4;42.0
13;2021-07-17;6584;8492;1032193;861994;50.7;42.4
13;2021-07-18;727;1062;1032920;863056;50.8;42.4
13;2021-07-19;9809;11147;1042729;874203;51.3;43.0
13;2021-07-20;12272;11662;1055001;885865;51.9;43.5
13;2021-07-21;12688;10358;1067689;896223;52.5;44.1
13;2021-07-22;14558;10463;1082247;906686;53.2;44.6
13;2021-07-23;14486;10970;1096733;917656;53.9;45.1
13;2021-07-24;8343;7978;1105076;925634;54.3;45.5
13;2021-07-25;1017;784;1106093;926418;54.4;45.5
13;2021-07-26;11648;9116;1117741;935534;54.9;46.0
13;2021-07-27;13610;9421;1131351;944955;55.6;46.4
13;2021-07-28;12340;8185;1143691;953140;56.2;46.8
13;2021-07-29;13764;8093;1157455;961233;56.9;47.2
13;2021-07-30;13716;8638;1171171;969871;57.6;47.7
13;2021-07-31;8678;5833;1179849;975704;58.0;48.0
13;2021-08-01;1107;729;1180956;976433;58.0;48.0
13;2021-08-02;10053;6727;1191009;983160;58.5;48.3
13;2021-08-03;11073;7295;1202082;990455;59.1;48.7
13;2021-08-04;9427;6571;1211509;997026;59.5;49.0
13;2021-08-05;9523;7583;1221032;1004609;60.0;49.4
13;2021-08-06;9194;9000;1230226;1013609;60.5;49.8
13;2021-08-07;5441;5585;1235667;1019194;60.7;50.1
13;2021-08-08;905;804;1236572;1019998;60.8;50.1
13;2021-08-09;8398;9079;1244970;1029077;61.2;50.6
13;2021-08-10;9147;8912;1254117;1037989;61.6;51.0
13;2021-08-11;7909;8544;1262026;1046533;62.0;51.4
13;2021-08-12;7791;9673;1269817;1056206;62.4;51.9
13;2021-08-13;6958;9189;1276775;1065395;62.8;52.4
13;2021-08-14;3692;6456;1280467;1071851;62.9;52.7
13;2021-08-15;485;731;1280952;1072582;63.0;52.7
13;2021-08-16;6579;11079;1287531;1083661;63.3;53.3
13;2021-08-17;6672;10613;1294203;1094274;63.6;53.8
13;2021-08-18;6336;10175;1300539;1104449;63.9;54.3
13;2021-08-19;6668;10618;1307207;1115067;64.3;54.8
13;2021-08-20;5829;11235;1313036;1126302;64.5;55.4
13;2021-08-21;2617;7568;1315653;1133870;64.7;55.7
13;2021-08-22;369;1090;1316022;1134960;64.7;55.8
13;2021-08-23;4972;11219;1320994;1146179;64.9;56.3
13;2021-08-24;5440;10915;1326434;1157094;65.2;56.9
13;2021-08-25;5212;10097;1331646;1167191;65.5;57.4
13;2021-08-26;5118;9781;1336764;1176972;65.7;57.9
13;2021-08-27;5086;10635;1341850;1187607;66.0;58.4
13;2021-08-28;2360;6460;1344210;1194067;66.1;58.7
13;2021-08-29;338;1137;1344548;1195204;66.1;58.7
13;2021-08-30;4243;9860;1348791;1205064;66.3;59.2
13;2021-08-31;4870;10116;1353661;1215180;66.5;59.7
13;2021-09-01;4596;8598;1358257;1223778;66.8;60.2
13;2021-09-02;4629;8478;1362886;1232256;67.0;60.6
13;2021-09-03;4266;9294;1367152;1241550;67.2;61.0
13;2021-09-04;2171;5563;1369323;1247113;67.3;61.3
13;2021-09-05;184;393;1369507;1247506;67.3;61.3
13;2021-09-06;3102;6714;1372609;1254220;67.5;61.6
13;2021-09-07;3214;7282;1375823;1261502;67.6;62.0
13;2021-09-08;3501;7163;1379324;1268665;67.8;62.4
13;2021-09-09;3162;6709;1382486;1275374;68.0;62.7
13;2021-09-10;3660;7762;1386146;1283136;68.1;63.1
13;2021-09-11;2290;5475;1388436;1288611;68.2;63.3
13;2021-09-12;227;334;1388663;1288945;68.3;63.4
13;2021-09-13;2491;5229;1391154;1294174;68.4;63.6
13;2021-09-14;3186;6344;1394340;1300518;68.5;63.9
13;2021-09-15;2875;5513;1397215;1306031;68.7;64.2
13;2021-09-16;2206;3899;1399421;1309930;68.8;64.4
13;2021-09-17;2315;4874;1401736;1314804;68.9;64.6
13;2021-09-18;1523;4245;1403259;1319049;69.0;64.8
13;2021-09-19;123;176;1403382;1319225;69.0;64.8
13;2021-09-20;1533;3307;1404915;1322532;69.1;65.0
13;2021-09-21;1471;2922;1406386;1325454;69.1;65.1
13;2021-09-22;1681;4541;1408067;1329995;69.2;65.4
13;2021-09-23;1644;3533;1409711;1333528;69.3;65.5
13;2021-09-24;1618;4270;1411329;1337798;69.4;65.8
13;2021-09-25;1221;3966;1412550;1341764;69.4;66.0
13;2021-09-26;87;258;1412637;1342022;69.4;66.0
13;2021-09-27;1246;3152;1413883;1345174;69.5;66.1
13;2021-09-28;1324;2635;1415207;1347809;69.6;66.2
13;2021-09-29;1594;3549;1416801;1351358;69.6;66.4
13;2021-09-30;1349;3192;1418150;1354550;69.7;66.6
13;2021-10-01;1547;3556;1419697;1358106;69.8;66.8
13;2021-10-02;1172;2809;1420869;1360915;69.8;66.9
13;2021-10-03;95;416;1420964;1361331;69.8;66.9
13;2021-10-04;605;1580;1421569;1362911;69.9;67.0
13;2021-10-05;1083;2444;1422652;1365355;69.9;67.1
14;2020-12-27;0;0;0;0;0.0;0.0
14;2020-12-28;1;1;1;1;0.0;0.0
14;2020-12-29;1;0;2;1;0.0;0.0
14;2020-12-30;0;0;2;1;0.0;0.0
14;2020-12-31;3;0;5;1;0.0;0.0
14;2021-01-01;2;0;7;1;0.0;0.0
14;2021-01-02;1;0;8;1;0.0;0.0
14;2021-01-03;0;0;8;1;0.0;0.0
14;2021-01-04;10;0;18;1;0.0;0.0
14;2021-01-05;24;0;42;1;0.0;0.0
14;2021-01-06;352;0;394;1;0.1;0.0
14;2021-01-07;402;2;796;3;0.1;0.0
14;2021-01-08;631;2;1427;5;0.2;0.0
14;2021-01-09;127;0;1554;5;0.2;0.0
14;2021-01-10;41;0;1595;5;0.2;0.0
14;2021-01-11;674;1;2269;6;0.3;0.0
14;2021-01-12;954;2;3223;8;0.5;0.0
14;2021-01-13;850;1;4073;9;0.6;0.0
14;2021-01-14;2840;14;6913;23;1.0;0.0
14;2021-01-15;1898;17;8811;40;1.3;0.0
14;2021-01-16;271;3;9082;43;1.3;0.0
14;2021-01-17;145;7;9227;50;1.3;0.0
14;2021-01-18;1086;5;10313;55;1.5;0.0
14;2021-01-19;1154;2;11467;57;1.7;0.0
14;2021-01-20;1987;2;13454;59;1.9;0.0
14;2021-01-21;1817;6;15271;65;2.2;0.0
14;2021-01-22;1494;5;16765;70;2.4;0.0
14;2021-01-23;297;1;17062;71;2.5;0.0
14;2021-01-24;73;1;17135;72;2.5;0.0
14;2021-01-25;911;10;18046;82;2.6;0.0
14;2021-01-26;848;35;18894;117;2.7;0.0
14;2021-01-27;884;156;19778;273;2.9;0.0
14;2021-01-28;782;103;20560;376;3.0;0.1
14;2021-01-29;786;220;21346;596;3.1;0.1
14;2021-01-30;270;11;21616;607;3.1;0.1
14;2021-01-31;58;1;21674;608;3.1;0.1
14;2021-02-01;729;219;22403;827;3.2;0.1
14;2021-02-02;830;412;23233;1239;3.4;0.2
14;2021-02-03;761;369;23994;1608;3.5;0.2
14;2021-02-04;1171;1850;25165;3458;3.6;0.5
14;2021-02-05;1296;1271;26461;4729;3.8;0.7
14;2021-02-06;396;210;26857;4939;3.9;0.7
14;2021-02-07;180;58;27037;4997;3.9;0.7
14;2021-02-08;773;677;27810;5674;4.0;0.8
14;2021-02-09;723;851;28533;6525;4.1;0.9
14;2021-02-10;825;1411;29358;7936;4.2;1.1
14;2021-02-11;1351;1339;30709;9275;4.4;1.3
14;2021-02-12;1383;961;32092;10236;4.6;1.5
14;2021-02-13;308;152;32400;10388;4.7;1.5
14;2021-02-14;84;44;32484;10432;4.7;1.5
14;2021-02-15;443;869;32927;11301;4.8;1.6
14;2021-02-16;679;708;33606;12009;4.9;1.7
14;2021-02-17;405;758;34011;12767;4.9;1.8
14;2021-02-18;707;688;34718;13455;5.0;1.9
14;2021-02-19;733;599;35451;14054;5.1;2.0
14;2021-02-20;91;209;35542;14263;5.1;2.1
14;2021-02-21;6;79;35548;14342;5.1;2.1
14;2021-02-22;432;798;35980;15140;5.2;2.2
14;2021-02-23;487;695;36467;15835;5.3;2.3
14;2021-02-24;441;689;36908;16524;5.3;2.4
14;2021-02-25;1224;978;38132;17502;5.5;2.5
14;2021-02-26;1576;1014;39708;18516;5.7;2.7
14;2021-02-27;507;226;40215;18742;5.8;2.7
14;2021-02-28;27;32;40242;18774;5.8;2.7
14;2021-03-01;522;750;40764;19524;5.9;2.8
14;2021-03-02;966;665;41730;20189;6.0;2.9
14;2021-03-03;1080;721;42810;20910;6.2;3.0
14;2021-03-04;1950;723;44760;21633;6.5;3.1
14;2021-03-05;2435;782;47195;22415;6.8;3.2
14;2021-03-06;3078;176;50273;22591;7.3;3.3
14;2021-03-07;1196;59;51469;22650;7.4;3.3
14;2021-03-08;1253;710;52722;23360;7.6;3.4
14;2021-03-09;1742;645;54464;24005;7.9;3.5
14;2021-03-10;1835;533;56299;24538;8.1;3.5
14;2021-03-11;2759;433;59058;24971;8.5;3.6
14;2021-03-12;4047;540;63105;25511;9.1;3.7
14;2021-03-13;1852;169;64957;25680;9.4;3.7
14;2021-03-14;31;38;64988;25718;9.4;3.7
14;2021-03-15;2006;142;66994;25860;9.7;3.7
14;2021-03-16;1401;265;68395;26125;9.9;3.8
14;2021-03-17;1155;194;69550;26319;10.1;3.8
14;2021-03-18;1481;295;71031;26614;10.3;3.8
14;2021-03-19;2608;260;73639;26874;10.6;3.9
14;2021-03-20;2658;41;76297;26915;11.0;3.9
14;2021-03-21;454;8;76751;26923;11.1;3.9
14;2021-03-22;1872;360;78623;27283;11.4;3.9
14;2021-03-23;2179;320;80802;27603;11.7;4.0
14;2021-03-24;2432;191;83234;27794;12.0;4.0
14;2021-03-25;3292;317;86526;28111;12.5;4.1
14;2021-03-26;4609;474;91135;28585;13.2;4.1
14;2021-03-27;2230;225;93365;28810;13.5;4.2
14;2021-03-28;36;1;93401;28811;13.5;4.2
14;2021-03-29;1614;478;95015;29289;13.7;4.2
14;2021-03-30;2722;515;97737;29804;14.1;4.3
14;2021-03-31;2326;922;100063;30726;14.5;4.4
14;2021-04-01;4175;1681;104238;32407;15.1;4.7
14;2021-04-02;3867;1266;108105;33673;15.6;4.9
14;2021-04-03;1126;1199;109231;34872;15.8;5.0
14;2021-04-04;25;482;109256;35354;15.8;5.1
14;2021-04-05;1218;324;110474;35678;16.0;5.2
14;2021-04-06;2383;996;112857;36674;16.3;5.3
14;2021-04-07;2730;1032;115587;37706;16.7;5.5
14;2021-04-08;4303;1118;119890;38824;17.3;5.6
14;2021-04-09;6030;1184;125920;40008;18.2;5.8
14;2021-04-10;2896;440;128816;40448;18.6;5.8
14;2021-04-11;629;121;129445;40569;18.7;5.9
14;2021-04-12;2915;1583;132360;42152;19.1;6.1
14;2021-04-13;3471;1442;135831;43594;19.6;6.3
14;2021-04-14;3123;1166;138954;44760;20.1;6.5
14;2021-04-15;4398;1505;143352;46265;20.7;6.7
14;2021-04-16;4598;1567;147950;47832;21.4;6.9
14;2021-04-17;2311;1667;150261;49499;21.7;7.2
14;2021-04-18;539;327;150800;49826;21.8;7.2
14;2021-04-19;2759;1684;153559;51510;22.2;7.4
14;2021-04-20;3389;1816;156948;53326;22.7;7.7
14;2021-04-21;3015;1468;159963;54794;23.1;7.9
14;2021-04-22;4230;2088;164193;56882;23.7;8.2
14;2021-04-23;4651;2302;168844;59184;24.4;8.6
14;2021-04-24;1851;1747;170695;60931;24.7;8.8
14;2021-04-25;456;29;171151;60960;24.8;8.8
14;2021-04-26;3379;1565;174530;62525;25.2;9.0
14;2021-04-27;3503;2561;178033;65086;25.7;9.4
14;2021-04-28;3245;1897;181278;66983;26.2;9.7
14;2021-04-29;4544;2307;185822;69290;26.9;10.0
14;2021-04-30;5124;2630;190946;71920;27.6;10.4
14;2021-05-01;3554;201;194500;72121;28.1;10.4
14;2021-05-02;1238;55;195738;72176;28.3;10.4
14;2021-05-03;2482;2763;198220;74939;28.7;10.8
14;2021-05-04;3128;2892;201348;77831;29.1;11.3
14;2021-05-05;3687;2742;205035;80573;29.7;11.7
14;2021-05-06;4929;3474;209964;84047;30.4;12.2
14;2021-05-07;4868;3835;214832;87882;31.1;12.7
14;2021-05-08;2728;1263;217560;89145;31.5;12.9
14;2021-05-09;1914;671;219474;89816;31.7;13.0
14;2021-05-10;3637;3145;223111;92961;32.3;13.4
14;2021-05-11;4346;3599;227457;96560;32.9;14.0
14;2021-05-12;4053;3214;231510;99774;33.5;14.4
14;2021-05-13;4688;1131;236198;100905;34.2;14.6
14;2021-05-14;6674;2626;242872;103531;35.1;15.0
14;2021-05-15;5148;778;248020;104309;35.9;15.1
14;2021-05-16;2319;120;250339;104429;36.2;15.1
14;2021-05-17;2820;2257;253159;106686;36.6;15.4
14;2021-05-18;4089;2236;257248;108922;37.2;15.8
14;2021-05-19;3752;2023;261000;110945;37.7;16.0
14;2021-05-20;4482;2763;265482;113708;38.4;16.4
14;2021-05-21;4276;3522;269758;117230;39.0;17.0
14;2021-05-22;1669;863;271427;118093;39.3;17.1
14;2021-05-23;649;71;272076;118164;39.3;17.1
14;2021-05-24;2845;751;274921;118915;39.8;17.2
14;2021-05-25;3635;3382;278556;122297;40.3;17.7
14;2021-05-26;3438;2406;281994;124703;40.8;18.0
14;2021-05-27;4771;3233;286765;127936;41.5;18.5
14;2021-05-28;5090;3864;291855;131800;42.2;19.1
14;2021-05-29;2342;2454;294197;134254;42.5;19.4
14;2021-05-30;759;237;294956;134491;42.7;19.5
14;2021-05-31;4091;2964;299047;137455;43.2;19.9
14;2021-06-01;5738;3202;304785;140657;44.1;20.3
14;2021-06-02;5024;2861;309809;143518;44.8;20.8
14;2021-06-03;6658;4017;316467;147535;45.8;21.3
14;2021-06-04;6445;5133;322912;152668;46.7;22.1
14;2021-06-05;4359;1860;327271;154528;47.3;22.3
14;2021-06-06;2043;83;329314;154611;47.6;22.4
14;2021-06-07;4253;3447;333567;158058;48.2;22.9
14;2021-06-08;5234;3128;338801;161186;49.0;23.3
14;2021-06-09;4270;2964;343071;164150;49.6;23.7
14;2021-06-10;5080;2968;348151;167118;50.4;24.2
14;2021-06-11;4840;4875;352991;171993;51.1;24.9
14;2021-06-12;3677;4519;356668;176512;51.6;25.5
14;2021-06-13;848;1089;357516;177601;51.7;25.7
14;2021-06-14;2185;3790;359701;181391;52.0;26.2
14;2021-06-15;3314;3970;363015;185361;52.5;26.8
14;2021-06-16;3446;4554;366461;189915;53.0;27.5
14;2021-06-17;4230;5264;370691;195179;53.6;28.2
14;2021-06-18;3732;6119;374423;201298;54.2;29.1
14;2021-06-19;2591;2951;377014;204249;54.5;29.5
14;2021-06-20;581;1556;377595;205805;54.6;29.8
14;2021-06-21;2121;4355;379716;210160;54.9;30.4
14;2021-06-22;2582;5179;382298;215339;55.3;31.1
14;2021-06-23;2503;4348;384801;219687;55.7;31.8
14;2021-06-24;3450;5810;388251;225497;56.2;32.6
14;2021-06-25;2752;7272;391003;232769;56.5;33.7
14;2021-06-26;2176;4539;393179;237308;56.9;34.3
14;2021-06-27;440;1828;393619;239136;56.9;34.6
14;2021-06-28;1311;3963;394930;243099;57.1;35.2
14;2021-06-29;1789;5362;396719;248461;57.4;35.9
14;2021-06-30;2024;4618;398743;253079;57.7;36.6
14;2021-07-01;2931;5068;401674;258147;58.1;37.3
14;2021-07-02;2600;6666;404274;264813;58.5;38.3
14;2021-07-03;1430;2646;405704;267459;58.7;38.7
14;2021-07-04;422;713;406126;268172;58.7;38.8
14;2021-07-05;1191;4777;407317;272949;58.9;39.5
14;2021-07-06;2090;6000;409407;278949;59.2;40.3
14;2021-07-07;2256;4577;411663;283526;59.5;41.0
14;2021-07-08;2912;5525;414575;289051;60.0;41.8
14;2021-07-09;2771;6431;417346;295482;60.4;42.7
14;2021-07-10;2038;3203;419384;298685;60.7;43.2
14;2021-07-11;900;871;420284;299556;60.8;43.3
14;2021-07-12;1634;5903;421918;305459;61.0;44.2
14;2021-07-13;3081;7338;424999;312797;61.5;45.2
14;2021-07-14;2259;3064;427258;315861;61.8;45.7
14;2021-07-15;4172;7652;431430;323513;62.4;46.8
14;2021-07-16;4708;7695;436138;331208;63.1;47.9
14;2021-07-17;2114;4211;438252;335419;63.4;48.5
14;2021-07-18;821;1870;439073;337289;63.5;48.8
14;2021-07-19;2599;6123;441672;343412;63.9;49.7
14;2021-07-20;3247;7253;444919;350665;64.3;50.7
14;2021-07-21;4105;5842;449024;356507;64.9;51.6
14;2021-07-22;4852;6602;453876;363109;65.6;52.5
14;2021-07-23;5384;6769;459260;369878;66.4;53.5
14;2021-07-24;3084;3790;462344;373668;66.9;54.0
14;2021-07-25;1504;1249;463848;374917;67.1;54.2
14;2021-07-26;4682;4186;468530;379103;67.8;54.8
14;2021-07-27;5404;4359;473934;383462;68.5;55.5
14;2021-07-28;5117;3973;479051;387435;69.3;56.0
14;2021-07-29;6446;4884;485497;392319;70.2;56.7
14;2021-07-30;5841;5169;491338;397488;71.1;57.5
14;2021-07-31;2774;2509;494112;399997;71.5;57.8
14;2021-08-01;1895;934;496007;400931;71.7;58.0
14;2021-08-02;3947;4290;499954;405221;72.3;58.6
14;2021-08-03;4482;4172;504436;409393;73.0;59.2
14;2021-08-04;4650;3537;509086;412930;73.6;59.7
14;2021-08-05;4658;4037;513744;416967;74.3;60.3
14;2021-08-06;4432;4808;518176;421775;74.9;61.0
14;2021-08-07;2133;2294;520309;424069;75.2;61.3
14;2021-08-08;638;854;520947;424923;75.3;61.5
14;2021-08-09;2129;2877;523076;427800;75.6;61.9
14;2021-08-10;3661;4171;526737;431971;76.2;62.5
14;2021-08-11;3076;3450;529813;435421;76.6;63.0
14;2021-08-12;3482;4352;533295;439773;77.1;63.6
14;2021-08-13;2638;4139;535933;443912;77.5;64.2
14;2021-08-14;1423;2009;537356;445921;77.7;64.5
14;2021-08-15;389;1484;537745;447405;77.8;64.7
14;2021-08-16;1833;2785;539578;450190;78.0;65.1
14;2021-08-17;2263;4570;541841;454760;78.4;65.8
14;2021-08-18;2063;4527;543904;459287;78.7;66.4
14;2021-08-19;2336;5086;546240;464373;79.0;67.2
14;2021-08-20;2189;5403;548429;469776;79.3;67.9
14;2021-08-21;1016;2837;549445;472613;79.5;68.4
14;2021-08-22;170;1564;549615;474177;79.5;68.6
14;2021-08-23;1269;4170;550884;478347;79.7;69.2
14;2021-08-24;1347;4302;552231;482649;79.9;69.8
14;2021-08-25;1399;4398;553630;487047;80.1;70.4
14;2021-08-26;1432;5081;555062;492128;80.3;71.2
14;2021-08-27;1467;5289;556529;497417;80.5;71.9
14;2021-08-28;735;3004;557264;500421;80.6;72.4
14;2021-08-29;185;1014;557449;501435;80.6;72.5
14;2021-08-30;1017;3631;558466;505066;80.8;73.0
14;2021-08-31;1329;4805;559795;509871;81.0;73.7
14;2021-09-01;1068;3986;560863;513857;81.1;74.3
14;2021-09-02;864;3350;561727;517207;81.2;74.8
14;2021-09-03;1183;4354;562910;521561;81.4;75.4
14;2021-09-04;665;2372;563575;523933;81.5;75.8
14;2021-09-05;126;413;563701;524346;81.5;75.8
14;2021-09-06;468;2223;564169;526569;81.6;76.2
14;2021-09-07;497;2200;564666;528769;81.7;76.5
14;2021-09-08;680;3173;565346;531942;81.8;76.9
14;2021-09-09;594;2213;565940;534155;81.8;77.3
14;2021-09-10;770;2868;566710;537023;82.0;77.7
14;2021-09-11;521;1626;567231;538649;82.0;77.9
14;2021-09-12;75;295;567306;538944;82.0;77.9
14;2021-09-13;311;1601;567617;540545;82.1;78.2
14;2021-09-14;655;1904;568272;542449;82.2;78.5
14;2021-09-15;715;1998;568987;544447;82.3;78.7
14;2021-09-16;589;1339;569576;545786;82.4;78.9
14;2021-09-17;629;1453;570205;547239;82.5;79.1
14;2021-09-18;217;970;570422;548209;82.5;79.3
14;2021-09-19;41;137;570463;548346;82.5;79.3
14;2021-09-20;331;810;570794;549156;82.5;79.4
14;2021-09-21;538;847;571332;550003;82.6;79.5
14;2021-09-22;483;1754;571815;551757;82.7;79.8
14;2021-09-23;445;784;572260;552541;82.8;79.9
14;2021-09-24;404;1309;572664;553850;82.8;80.1
14;2021-09-25;190;690;572854;554540;82.8;80.2
14;2021-09-26;41;140;572895;554680;82.9;80.2
14;2021-09-27;276;710;573171;555390;82.9;80.3
14;2021-09-28;358;673;573529;556063;82.9;80.4
14;2021-09-29;305;918;573834;556981;83.0;80.6
14;2021-09-30;338;686;574172;557667;83.0;80.7
14;2021-10-01;449;829;574621;558496;83.1;80.8
14;2021-10-02;246;514;574867;559010;83.1;80.8
14;2021-10-03;37;61;574904;559071;83.1;80.9
14;2021-10-04;280;506;575184;559577;83.2;80.9
14;2021-10-05;267;444;575451;560021;83.2;81.0
15;2020-12-27;2;0;2;0;0.0;0.0
15;2020-12-28;0;0;2;0;0.0;0.0
15;2020-12-29;0;0;2;0;0.0;0.0
15;2020-12-30;0;0;2;0;0.0;0.0
15;2020-12-31;0;0;2;0;0.0;0.0
15;2021-01-01;1;0;3;0;0.0;0.0
15;2021-01-02;0;0;3;0;0.0;0.0
15;2021-01-03;0;0;3;0;0.0;0.0
15;2021-01-04;0;0;3;0;0.0;0.0
15;2021-01-05;0;0;3;0;0.0;0.0
15;2021-01-06;0;0;3;0;0.0;0.0
15;2021-01-07;72;0;75;0;0.1;0.0
15;2021-01-08;110;0;185;0;0.1;0.0
15;2021-01-09;0;0;185;0;0.1;0.0
15;2021-01-10;2;0;187;0;0.1;0.0
15;2021-01-11;99;0;286;0;0.2;0.0
15;2021-01-12;94;0;380;0;0.3;0.0
15;2021-01-13;228;0;608;0;0.4;0.0
15;2021-01-14;313;1;921;1;0.6;0.0
15;2021-01-15;138;0;1059;1;0.7;0.0
15;2021-01-16;90;0;1149;1;0.8;0.0
15;2021-01-17;0;0;1149;1;0.8;0.0
15;2021-01-18;404;2;1553;3;1.1;0.0
15;2021-01-19;550;0;2103;3;1.5;0.0
15;2021-01-20;629;1;2732;4;1.9;0.0
15;2021-01-21;576;4;3308;8;2.3;0.0
15;2021-01-22;502;1;3810;9;2.7;0.0
15;2021-01-23;432;1;4242;10;3.0;0.0
15;2021-01-24;6;0;4248;10;3.0;0.0
15;2021-01-25;401;0;4649;10;3.3;0.0
15;2021-01-26;437;0;5086;10;3.6;0.0
15;2021-01-27;736;7;5822;17;4.1;0.0
15;2021-01-28;623;51;6445;68;4.5;0.0
15;2021-01-29;336;80;6781;148;4.7;0.1
15;2021-01-30;218;3;6999;151;4.9;0.1
15;2021-01-31;1;1;7000;152;4.9;0.1
15;2021-02-01;239;81;7239;233;5.1;0.2
15;2021-02-02;189;80;7428;313;5.2;0.2
15;2021-02-03;267;145;7695;458;5.4;0.3
15;2021-02-04;663;164;8358;622;5.9;0.4
15;2021-02-05;296;200;8654;822;6.1;0.6
15;2021-02-06;98;52;8752;874;6.1;0.6
15;2021-02-07;0;0;8752;874;6.1;0.6
15;2021-02-08;233;85;8985;959;6.3;0.7
15;2021-02-09;206;105;9191;1064;6.4;0.7
15;2021-02-10;338;288;9529;1352;6.7;0.9
15;2021-02-11;117;225;9646;1577;6.8;1.1
15;2021-02-12;136;145;9782;1722;6.8;1.2
15;2021-02-13;92;75;9874;1797;6.9;1.3
15;2021-02-14;0;0;9874;1797;6.9;1.3
15;2021-02-15;64;177;9938;1974;7.0;1.4
15;2021-02-16;52;253;9990;2227;7.0;1.6
15;2021-02-17;134;383;10124;2610;7.1;1.8
15;2021-02-18;87;684;10211;3294;7.2;2.3
15;2021-02-19;90;381;10301;3675;7.2;2.6
15;2021-02-20;20;219;10321;3894;7.2;2.7
15;2021-02-21;0;0;10321;3894;7.2;2.7
15;2021-02-22;23;406;10344;4300;7.2;3.0
15;2021-02-23;180;391;10524;4691;7.4;3.3
15;2021-02-24;31;402;10555;5093;7.4;3.6
15;2021-02-25;228;829;10783;5922;7.6;4.1
15;2021-02-26;186;430;10969;6352;7.7;4.4
15;2021-02-27;145;77;11114;6429;7.8;4.5
15;2021-02-28;1;0;11115;6429;7.8;4.5
15;2021-03-01;121;197;11236;6626;7.9;4.6
15;2021-03-02;250;278;11486;6904;8.0;4.8
15;2021-03-03;207;26;11693;6930;8.2;4.9
15;2021-03-04;246;227;11939;7157;8.4;5.0
15;2021-03-05;348;164;12287;7321;8.6;5.1
15;2021-03-06;680;11;12967;7332;9.1;5.1
15;2021-03-07;81;2;13048;7334;9.1;5.1
15;2021-03-08;93;101;13141;7435;9.2;5.2
15;2021-03-09;281;269;13422;7704;9.4;5.4
15;2021-03-10;417;167;13839;7871;9.7;5.5
15;2021-03-11;434;279;14273;8150;10.0;5.7
15;2021-03-12;525;90;14798;8240;10.4;5.8
15;2021-03-13;355;7;15153;8247;10.6;5.8
15;2021-03-14;18;0;15171;8247;10.6;5.8
15;2021-03-15;542;64;15713;8311;11.0;5.8
15;2021-03-16;328;22;16041;8333;11.2;5.8
15;2021-03-17;130;53;16171;8386;11.3;5.9
15;2021-03-18;250;93;16421;8479;11.5;5.9
15;2021-03-19;669;31;17090;8510;12.0;6.0
15;2021-03-20;148;38;17238;8548;12.1;6.0
15;2021-03-21;6;0;17244;8548;12.1;6.0
15;2021-03-22;574;79;17818;8627;12.5;6.0
15;2021-03-23;776;101;18594;8728;13.0;6.1
15;2021-03-24;936;36;19530;8764;13.7;6.1
15;2021-03-25;1282;33;20812;8797;14.6;6.2
15;2021-03-26;1009;62;21821;8859;15.3;6.2
15;2021-03-27;301;7;22122;8866;15.5;6.2
15;2021-03-28;20;0;22142;8866;15.5;6.2
15;2021-03-29;782;18;22924;8884;16.1;6.2
15;2021-03-30;1135;203;24059;9087;16.8;6.4
15;2021-03-31;941;26;25000;9113;17.5;6.4
15;2021-04-01;1233;62;26233;9175;18.4;6.4
15;2021-04-02;1141;61;27374;9236;19.2;6.5
15;2021-04-03;120;18;27494;9254;19.3;6.5
15;2021-04-04;0;0;27494;9254;19.3;6.5
15;2021-04-05;33;3;27527;9257;19.3;6.5
15;2021-04-06;834;86;28361;9343;19.9;6.5
15;2021-04-07;663;108;29024;9451;20.3;6.6
15;2021-04-08;1246;150;30270;9601;21.2;6.7
15;2021-04-09;1277;106;31547;9707;22.1;6.8
15;2021-04-10;364;20;31911;9727;22.3;6.8
15;2021-04-11;14;0;31925;9727;22.4;6.8
15;2021-04-12;644;457;32569;10184;22.8;7.1
15;2021-04-13;1124;321;33693;10505;23.6;7.4
15;2021-04-14;1038;199;34731;10704;24.3;7.5
15;2021-04-15;1183;311;35914;11015;25.1;7.7
15;2021-04-16;1038;552;36952;11567;25.9;8.1
15;2021-04-17;445;14;37397;11581;26.2;8.1
15;2021-04-18;0;10;37397;11591;26.2;8.1
15;2021-04-19;537;513;37934;12104;26.6;8.5
15;2021-04-20;847;615;38781;12719;27.2;8.9
15;2021-04-21;593;651;39374;13370;27.6;9.4
15;2021-04-22;728;775;40102;14145;28.1;9.9
15;2021-04-23;730;676;40832;14821;28.6;10.4
15;2021-04-24;363;123;41195;14944;28.8;10.5
15;2021-04-25;1;3;41196;14947;28.8;10.5
15;2021-04-26;325;632;41521;15579;29.1;10.9
15;2021-04-27;467;938;41988;16517;29.4;11.6
15;2021-04-28;383;785;42371;17302;29.7;12.1
15;2021-04-29;587;1005;42958;18307;30.1;12.8
15;2021-04-30;547;1070;43505;19377;30.5;13.6
15;2021-05-01;283;29;43788;19406;30.7;13.6
15;2021-05-02;0;0;43788;19406;30.7;13.6
15;2021-05-03;881;331;44669;19737;31.3;13.8
15;2021-05-04;801;854;45470;20591;31.8;14.4
15;2021-05-05;676;680;46146;21271;32.3;14.9
15;2021-05-06;826;967;46972;22238;32.9;15.6
15;2021-05-07;1154;903;48126;23141;33.7;16.2
15;2021-05-08;491;55;48617;23196;34.0;16.2
15;2021-05-09;24;9;48641;23205;34.1;16.2
15;2021-05-10;704;910;49345;24115;34.6;16.9
15;2021-05-11;1186;1182;50531;25297;35.4;17.7
15;2021-05-12;1147;837;51678;26134;36.2;18.3
15;2021-05-13;1165;440;52843;26574;37.0;18.6
15;2021-05-14;1503;582;54346;27156;38.1;19.0
15;2021-05-15;1410;418;55756;27574;39.0;19.3
15;2021-05-16;1;10;55757;27584;39.0;19.3
15;2021-05-17;999;605;56756;28189;39.7;19.7
15;2021-05-18;1221;970;57977;29159;40.6;20.4
15;2021-05-19;1020;459;58997;29618;41.3;20.7
15;2021-05-20;1239;781;60236;30399;42.2;21.3
15;2021-05-21;1348;749;61584;31148;43.1;21.8
15;2021-05-22;527;188;62111;31336;43.5;21.9
15;2021-05-23;2;11;62113;31347;43.5;21.9
15;2021-05-24;693;257;62806;31604;44.0;22.1
15;2021-05-25;1151;620;63957;32224;44.8;22.6
15;2021-05-26;1093;459;65050;32683;45.5;22.9
15;2021-05-27;1271;660;66321;33343;46.4;23.3
15;2021-05-28;1509;883;67830;34226;47.5;24.0
15;2021-05-29;984;360;68814;34586;48.2;24.2
15;2021-05-30;14;25;68828;34611;48.2;24.2
15;2021-05-31;1200;480;70028;35091;49.0;24.6
15;2021-06-01;1398;570;71426;35661;50.0;25.0
15;2021-06-02;864;417;72290;36078;50.6;25.3
15;2021-06-03;932;701;73222;36779;51.3;25.8
15;2021-06-04;1076;713;74298;37492;52.0;26.3
15;2021-06-05;651;262;74949;37754;52.5;26.4
15;2021-06-06;16;20;74965;37774;52.5;26.5
15;2021-06-07;797;350;75762;38124;53.1;26.7
15;2021-06-08;477;394;76239;38518;53.4;27.0
15;2021-06-09;375;376;76614;38894;53.6;27.2
15;2021-06-10;276;423;76890;39317;53.8;27.5
15;2021-06-11;660;1099;77550;40416;54.3;28.3
15;2021-06-12;377;467;77927;40883;54.6;28.6
15;2021-06-13;11;6;77938;40889;54.6;28.6
15;2021-06-14;542;977;78480;41866;55.0;29.3
15;2021-06-15;450;1164;78930;43030;55.3;30.1
15;2021-06-16;543;899;79473;43929;55.6;30.8
15;2021-06-17;292;934;79765;44863;55.9;31.4
15;2021-06-18;740;1205;80505;46068;56.4;32.3
15;2021-06-19;542;704;81047;46772;56.8;32.8
15;2021-06-20;11;1;81058;46773;56.8;32.8
15;2021-06-21;279;1042;81337;47815;57.0;33.5
15;2021-06-22;232;1480;81569;49295;57.1;34.5
15;2021-06-23;346;1445;81915;50740;57.4;35.5
15;2021-06-24;291;1094;82206;51834;57.6;36.3
15;2021-06-25;379;1640;82585;53474;57.8;37.4
15;2021-06-26;164;908;82749;54382;57.9;38.1
15;2021-06-27;0;0;82749;54382;57.9;38.1
15;2021-06-28;176;1228;82925;55610;58.1;38.9
15;2021-06-29;302;1264;83227;56874;58.3;39.8
15;2021-06-30;268;981;83495;57855;58.5;40.5
15;2021-07-01;380;1220;83875;59075;58.7;41.4
15;2021-07-02;410;1348;84285;60423;59.0;42.3
15;2021-07-03;252;707;84537;61130;59.2;42.8
15;2021-07-04;1;1;84538;61131;59.2;42.8
15;2021-07-05;248;1257;84786;62388;59.4;43.7
15;2021-07-06;275;1467;85061;63855;59.6;44.7
15;2021-07-07;255;1343;85316;65198;59.7;45.7
15;2021-07-08;489;1353;85805;66551;60.1;46.6
15;2021-07-09;488;1783;86293;68334;60.4;47.8
15;2021-07-10;215;862;86508;69196;60.6;48.5
15;2021-07-11;9;5;86517;69201;60.6;48.5
15;2021-07-12;278;1484;86795;70685;60.8;49.5
15;2021-07-13;587;1776;87382;72461;61.2;50.7
15;2021-07-14;16;130;87398;72591;61.2;50.8
15;2021-07-15;1132;728;88530;73319;62.0;51.3
15;2021-07-16;1139;1336;89669;74655;62.8;52.3
15;2021-07-17;819;953;90488;75608;63.4;52.9
15;2021-07-18;0;3;90488;75611;63.4;52.9
15;2021-07-19;1074;1270;91562;76881;64.1;53.8
15;2021-07-20;1612;547;93174;77428;65.2;54.2
15;2021-07-21;1189;603;94363;78031;66.1;54.6
15;2021-07-22;894;511;95257;78542;66.7;55.0
15;2021-07-23;1341;1064;96598;79606;67.6;55.7
15;2021-07-24;628;769;97226;80375;68.1;56.3
15;2021-07-25;1;24;97227;80399;68.1;56.3
15;2021-07-26;1247;594;98474;80993;69.0;56.7
15;2021-07-27;1691;576;100165;81569;70.1;57.1
15;2021-07-28;1238;581;101403;82150;71.0;57.5
15;2021-07-29;838;399;102241;82549;71.6;57.8
15;2021-07-30;1007;1130;103248;83679;72.3;58.6
15;2021-07-31;604;637;103852;84316;72.7;59.0
15;2021-08-01;21;12;103873;84328;72.7;59.0
15;2021-08-02;1143;543;105016;84871;73.5;59.4
15;2021-08-03;1162;383;106178;85254;74.3;59.7
15;2021-08-04;788;408;106966;85662;74.9;60.0
15;2021-08-05;383;284;107349;85946;75.2;60.2
15;2021-08-06;789;1235;108138;87181;75.7;61.0
15;2021-08-07;265;1160;108403;88341;75.9;61.9
15;2021-08-08;3;6;108406;88347;75.9;61.9
15;2021-08-09;511;1164;108917;89511;76.3;62.7
15;2021-08-10;435;725;109352;90236;76.6;63.2
15;2021-08-11;411;1007;109763;91243;76.9;63.9
15;2021-08-12;520;1182;110283;92425;77.2;64.7
15;2021-08-13;682;1137;110965;93562;77.7;65.5
15;2021-08-14;179;552;111144;94114;77.8;65.9
15;2021-08-15;17;9;111161;94123;77.8;65.9
15;2021-08-16;387;1134;111548;95257;78.1;66.7
15;2021-08-17;402;1140;111950;96397;78.4;67.5
15;2021-08-18;368;803;112318;97200;78.6;68.1
15;2021-08-19;300;878;112618;98078;78.9;68.7
15;2021-08-20;601;1215;113219;99293;79.3;69.5
15;2021-08-21;218;867;113437;100160;79.4;70.1
15;2021-08-22;12;26;113449;100186;79.4;70.2
15;2021-08-23;229;611;113678;100797;79.6;70.6
15;2021-08-24;245;590;113923;101387;79.8;71.0
15;2021-08-25;155;493;114078;101880;79.9;71.3
15;2021-08-26;136;363;114214;102243;80.0;71.6
15;2021-08-27;366;1337;114580;103580;80.2;72.5
15;2021-08-28;214;857;114794;104437;80.4;73.1
15;2021-08-29;7;13;114801;104450;80.4;73.1
15;2021-08-30;225;1062;115026;105512;80.5;73.9
15;2021-08-31;404;667;115430;106179;80.8;74.3
15;2021-09-01;182;445;115612;106624;81.0;74.7
15;2021-09-02;97;275;115709;106899;81.0;74.9
15;2021-09-03;202;1007;115911;107906;81.2;75.6
15;2021-09-04;157;422;116068;108328;81.3;75.9
15;2021-09-05;0;2;116068;108330;81.3;75.9
15;2021-09-06;98;490;116166;108820;81.3;76.2
15;2021-09-07;100;230;116266;109050;81.4;76.4
15;2021-09-08;201;589;116467;109639;81.6;76.8
15;2021-09-09;100;353;116567;109992;81.6;77.0
15;2021-09-10;231;997;116798;110989;81.8;77.7
15;2021-09-11;95;365;116893;111354;81.9;78.0
15;2021-09-12;0;0;116893;111354;81.9;78.0
15;2021-09-13;102;386;116995;111740;81.9;78.2
15;2021-09-14;122;254;117117;111994;82.0;78.4
15;2021-09-15;69;247;117186;112241;82.1;78.6
15;2021-09-16;33;101;117219;112342;82.1;78.7
15;2021-09-17;265;604;117484;112946;82.3;79.1
15;2021-09-18;79;380;117563;113326;82.3;79.4
15;2021-09-19;0;0;117563;113326;82.3;79.4
15;2021-09-20;123;217;117686;113543;82.4;79.5
15;2021-09-21;41;107;117727;113650;82.4;79.6
15;2021-09-22;84;355;117811;114005;82.5;79.8
15;2021-09-23;37;108;117848;114113;82.5;79.9
15;2021-09-24;138;334;117986;114447;82.6;80.1
15;2021-09-25;42;217;118028;114664;82.6;80.3
15;2021-09-26;1;5;118029;114669;82.6;80.3
15;2021-09-27;88;133;118117;114802;82.7;80.4
15;2021-09-28;74;131;118191;114933;82.8;80.5
15;2021-09-29;69;191;118260;115124;82.8;80.6
15;2021-09-30;37;93;118297;115217;82.8;80.7
15;2021-10-01;117;216;118414;115433;82.9;80.8
15;2021-10-02;30;143;118444;115576;82.9;80.9
15;2021-10-03;0;2;118444;115578;82.9;80.9
15;2021-10-04;57;59;118501;115637;83.0;81.0
15;2021-10-05;30;51;118531;115688;83.0;81.0
16;2020-12-27;0;0;0;0;0.0;0.0
16;2020-12-28;2;0;2;0;0.0;0.0
16;2020-12-29;0;0;2;0;0.0;0.0
16;2020-12-30;1;0;3;0;0.0;0.0
16;2020-12-31;0;0;3;0;0.0;0.0
16;2021-01-01;0;0;3;0;0.0;0.0
16;2021-01-02;0;0;3;0;0.0;0.0
16;2021-01-03;0;0;3;0;0.0;0.0
16;2021-01-04;1;0;4;0;0.0;0.0
16;2021-01-05;1;0;5;0;0.0;0.0
16;2021-01-06;88;0;93;0;0.0;0.0
16;2021-01-07;240;0;333;0;0.1;0.0
16;2021-01-08;465;2;798;2;0.2;0.0
16;2021-01-09;1;0;799;2;0.2;0.0
16;2021-01-10;1;0;800;2;0.2;0.0
16;2021-01-11;304;0;1104;2;0.3;0.0
16;2021-01-12;437;1;1541;3;0.4;0.0
16;2021-01-13;480;0;2021;3;0.6;0.0
16;2021-01-14;601;6;2622;9;0.8;0.0
16;2021-01-15;504;3;3126;12;0.9;0.0
16;2021-01-16;0;0;3126;12;0.9;0.0
16;2021-01-17;0;0;3126;12;0.9;0.0
16;2021-01-18;432;2;3558;14;1.0;0.0
16;2021-01-19;834;2;4392;16;1.3;0.0
16;2021-01-20;1188;2;5580;18;1.6;0.0
16;2021-01-21;1383;3;6963;21;2.0;0.0
16;2021-01-22;1115;0;8078;21;2.3;0.0
16;2021-01-23;183;0;8261;21;2.4;0.0
16;2021-01-24;0;0;8261;21;2.4;0.0
16;2021-01-25;641;2;8902;23;2.6;0.0
16;2021-01-26;1025;1;9927;24;2.9;0.0
16;2021-01-27;1406;105;11333;129;3.3;0.0
16;2021-01-28;1276;53;12609;182;3.6;0.1
16;2021-01-29;742;125;13351;307;3.8;0.1
16;2021-01-30;36;0;13387;307;3.8;0.1
16;2021-01-31;0;0;13387;307;3.8;0.1
16;2021-02-01;395;197;13782;504;4.0;0.1
16;2021-02-02;576;161;14358;665;4.1;0.2
16;2021-02-03;621;342;14979;1007;4.3;0.3
16;2021-02-04;465;254;15444;1261;4.4;0.4
16;2021-02-05;505;261;15949;1522;4.6;0.4
16;2021-02-06;4;80;15953;1602;4.6;0.5
16;2021-02-07;41;3;15994;1605;4.6;0.5
16;2021-02-08;357;188;16351;1793;4.7;0.5
16;2021-02-09;650;248;17001;2041;4.9;0.6
16;2021-02-10;694;596;17695;2637;5.1;0.8
16;2021-02-11;802;516;18497;3153;5.3;0.9
16;2021-02-12;622;792;19119;3945;5.5;1.1
16;2021-02-13;43;77;19162;4022;5.5;1.2
16;2021-02-14;2;5;19164;4027;5.5;1.2
16;2021-02-15;217;570;19381;4597;5.6;1.3
16;2021-02-16;375;791;19756;5388;5.7;1.5
16;2021-02-17;346;1155;20102;6543;5.8;1.9
16;2021-02-18;511;1048;20613;7591;5.9;2.2
16;2021-02-19;389;637;21002;8228;6.0;2.4
16;2021-02-20;2;8;21004;8236;6.0;2.4
16;2021-02-21;2;0;21006;8236;6.0;2.4
16;2021-02-22;136;407;21142;8643;6.1;2.5
16;2021-02-23;207;677;21349;9320;6.1;2.7
16;2021-02-24;277;770;21626;10090;6.2;2.9
16;2021-02-25;395;528;22021;10618;6.3;3.0
16;2021-02-26;479;423;22500;11041;6.5;3.2
16;2021-02-27;249;1;22749;11042;6.5;3.2
16;2021-02-28;5;1;22754;11043;6.5;3.2
16;2021-03-01;152;237;22906;11280;6.6;3.2
16;2021-03-02;271;514;23177;11794;6.7;3.4
16;2021-03-03;391;621;23568;12415;6.8;3.6
16;2021-03-04;804;509;24372;12924;7.0;3.7
16;2021-03-05;1143;489;25515;13413;7.3;3.9
16;2021-03-06;753;13;26268;13426;7.5;3.9
16;2021-03-07;94;18;26362;13444;7.6;3.9
16;2021-03-08;437;272;26799;13716;7.7;3.9
16;2021-03-09;774;554;27573;14270;7.9;4.1
16;2021-03-10;606;593;28179;14863;8.1;4.3
16;2021-03-11;1448;507;29627;15370;8.5;4.4
16;2021-03-12;1164;422;30791;15792;8.8;4.5
16;2021-03-13;765;15;31556;15807;9.1;4.5
16;2021-03-14;1;0;31557;15807;9.1;4.5
16;2021-03-15;462;170;32019;15977;9.2;4.6
16;2021-03-16;860;401;32879;16378;9.4;4.7
16;2021-03-17;591;280;33470;16658;9.6;4.8
16;2021-03-18;1033;267;34503;16925;9.9;4.9
16;2021-03-19;1103;232;35606;17157;10.2;4.9
16;2021-03-20;396;5;36002;17162;10.3;4.9
16;2021-03-21;9;0;36011;17162;10.3;4.9
16;2021-03-22;728;96;36739;17258;10.6;5.0
16;2021-03-23;1464;101;38203;17359;11.0;5.0
16;2021-03-24;1123;182;39326;17541;11.3;5.0
16;2021-03-25;2047;87;41373;17628;11.9;5.1
16;2021-03-26;1916;98;43289;17726;12.4;5.1
16;2021-03-27;432;21;43721;17747;12.6;5.1
16;2021-03-28;0;0;43721;17747;12.6;5.1
16;2021-03-29;923;60;44644;17807;12.8;5.1
16;2021-03-30;1882;175;46526;17982;13.4;5.2
16;2021-03-31;1513;134;48039;18116;13.8;5.2
16;2021-04-01;2009;399;50048;18515;14.4;5.3
16;2021-04-02;1442;378;51490;18893;14.8;5.4
16;2021-04-03;288;5;51778;18898;14.9;5.4
16;2021-04-04;1;0;51779;18898;14.9;5.4
16;2021-04-05;2;0;51781;18898;14.9;5.4
16;2021-04-06;2013;547;53794;19445;15.5;5.6
16;2021-04-07;1954;404;55748;19849;16.0;5.7
16;2021-04-08;2823;583;58571;20432;16.8;5.9
16;2021-04-09;2695;552;61266;20984;17.6;6.0
16;2021-04-10;1290;37;62556;21021;18.0;6.0
16;2021-04-11;2;0;62558;21021;18.0;6.0
16;2021-04-12;1430;316;63988;21337;18.4;6.1
16;2021-04-13;2124;838;66112;22175;19.0;6.4
16;2021-04-14;1951;630;68063;22805;19.5;6.5
16;2021-04-15;2102;979;70165;23784;20.2;6.8
16;2021-04-16;2043;786;72208;24570;20.7;7.1
16;2021-04-17;1507;92;73715;24662;21.2;7.1
16;2021-04-18;197;3;73912;24665;21.2;7.1
16;2021-04-19;1440;523;75352;25188;21.6;7.2
16;2021-04-20;2053;1231;77405;26419;22.2;7.6
16;2021-04-21;1776;750;79181;27169;22.7;7.8
16;2021-04-22;2290;1007;81471;28176;23.4;8.1
16;2021-04-23;2362;1167;83833;29343;24.1;8.4
16;2021-04-24;829;38;84662;29381;24.3;8.4
16;2021-04-25;117;5;84779;29386;24.3;8.4
16;2021-04-26;1400;808;86179;30194;24.8;8.7
16;2021-04-27;2055;1409;88234;31603;25.3;9.1
16;2021-04-28;1592;1124;89826;32727;25.8;9.4
16;2021-04-29;2250;1483;92076;34210;26.4;9.8
16;2021-04-30;2856;1338;94932;35548;27.3;10.2
16;2021-05-01;353;60;95285;35608;27.4;10.2
16;2021-05-02;155;13;95440;35621;27.4;10.2
16;2021-05-03;2611;528;98051;36149;28.2;10.4
16;2021-05-04;2057;2040;100108;38189;28.8;11.0
16;2021-05-05;1688;1826;101796;40015;29.2;11.5
16;2021-05-06;1886;2236;103682;42251;29.8;12.1
16;2021-05-07;3072;2115;106754;44366;30.7;12.7
16;2021-05-08;1197;466;107951;44832;31.0;12.9
16;2021-05-09;530;27;108481;44859;31.2;12.9
16;2021-05-10;1930;1622;110411;46481;31.7;13.3
16;2021-05-11;2354;1959;112765;48440;32.4;13.9
16;2021-05-12;1734;1792;114499;50232;32.9;14.4
16;2021-05-13;1461;354;115960;50586;33.3;14.5
16;2021-05-14;1988;1551;117948;52137;33.9;15.0
16;2021-05-15;596;895;118544;53032;34.0;15.2
16;2021-05-16;132;6;118676;53038;34.1;15.2
16;2021-05-17;1609;1285;120285;54323;34.5;15.6
16;2021-05-18;2756;1422;123041;55745;35.3;16.0
16;2021-05-19;2006;1241;125047;56986;35.9;16.4
16;2021-05-20;2832;1389;127879;58375;36.7;16.8
16;2021-05-21;2943;1387;130822;59762;37.6;17.2
16;2021-05-22;411;711;131233;60473;37.7;17.4
16;2021-05-23;210;11;131443;60484;37.8;17.4
16;2021-05-24;1262;234;132705;60718;38.1;17.4
16;2021-05-25;2759;1461;135464;62179;38.9;17.9
16;2021-05-26;1833;1184;137297;63363;39.4;18.2
16;2021-05-27;2416;1583;139713;64946;40.1;18.7
16;2021-05-28;2899;1556;142612;66502;41.0;19.1
16;2021-05-29;814;883;143426;67385;41.2;19.4
16;2021-05-30;1;4;143427;67389;41.2;19.4
16;2021-05-31;1984;1100;145411;68489;41.8;19.7
16;2021-06-01;2344;1703;147755;70192;42.4;20.2
16;2021-06-02;1820;1502;149575;71694;43.0;20.6
16;2021-06-03;2622;1758;152197;73452;43.7;21.1
16;2021-06-04;2833;2028;155030;75480;44.5;21.7
16;2021-06-05;1006;546;156036;76026;44.8;21.8
16;2021-06-06;161;29;156197;76055;44.9;21.8
16;2021-06-07;1991;1281;158188;77336;45.4;22.2
16;2021-06-08;2394;1991;160582;79327;46.1;22.8
16;2021-06-09;2528;1616;163110;80943;46.8;23.2
16;2021-06-10;2569;1995;165679;82938;47.6;23.8
16;2021-06-11;2152;2730;167831;85668;48.2;24.6
16;2021-06-12;1613;517;169444;86185;48.7;24.8
16;2021-06-13;260;72;169704;86257;48.7;24.8
16;2021-06-14;797;2795;170501;89052;49.0;25.6
16;2021-06-15;1866;2623;172367;91675;49.5;26.3
16;2021-06-16;1575;2083;173942;93758;50.0;26.9
16;2021-06-17;2040;2496;175982;96254;50.5;27.6
16;2021-06-18;2060;3214;178042;99468;51.1;28.6
16;2021-06-19;1351;1311;179393;100779;51.5;28.9
16;2021-06-20;243;28;179636;100807;51.6;29.0
16;2021-06-21;1411;2166;181047;102973;52.0;29.6
16;2021-06-22;1675;2943;182722;105916;52.5;30.4
16;2021-06-23;1562;2015;184284;107931;52.9;31.0
16;2021-06-24;1928;2167;186212;110098;53.5;31.6
16;2021-06-25;1984;2726;188196;112824;54.1;32.4
16;2021-06-26;1060;725;189256;113549;54.4;32.6
16;2021-06-27;132;25;189388;113574;54.4;32.6
16;2021-06-28;1164;1962;190552;115536;54.7;33.2
16;2021-06-29;1282;3361;191834;118897;55.1;34.1
16;2021-06-30;1337;2714;193171;121611;55.5;34.9
16;2021-07-01;1866;3153;195037;124764;56.0;35.8
16;2021-07-02;1423;3578;196460;128342;56.4;36.9
16;2021-07-03;696;1108;197156;129450;56.6;37.2
16;2021-07-04;3;15;197159;129465;56.6;37.2
16;2021-07-05;815;2297;197974;131762;56.9;37.8
16;2021-07-06;1278;3364;199252;135126;57.2;38.8
16;2021-07-07;871;2275;200123;137401;57.5;39.5
16;2021-07-08;1234;2732;201357;140133;57.8;40.2
16;2021-07-09;1113;3707;202470;143840;58.2;41.3
16;2021-07-10;338;1337;202808;145177;58.2;41.7
16;2021-07-11;2;13;202810;145190;58.2;41.7
16;2021-07-12;634;2432;203444;147622;58.4;42.4
16;2021-07-13;1385;3527;204829;151149;58.8;43.4
16;2021-07-14;797;877;205626;152026;59.1;43.7
16;2021-07-15;1249;3406;206875;155432;59.4;44.6
16;2021-07-16;1498;3377;208373;158809;59.8;45.6
16;2021-07-17;539;1188;208912;159997;60.0;46.0
16;2021-07-18;14;6;208926;160003;60.0;46.0
16;2021-07-19;618;2850;209544;162853;60.2;46.8
16;2021-07-20;1125;3281;210669;166134;60.5;47.7
16;2021-07-21;1117;2619;211786;168753;60.8;48.5
16;2021-07-22;1871;2853;213657;171606;61.4;49.3
16;2021-07-23;1552;3544;215209;175150;61.8;50.3
16;2021-07-24;639;1206;215848;176356;62.0;50.7
16;2021-07-25;11;11;215859;176367;62.0;50.7
16;2021-07-26;1529;2128;217388;178495;62.4;51.3
16;2021-07-27;1865;2819;219253;181314;63.0;52.1
16;2021-07-28;1864;2307;221117;183621;63.5;52.7
16;2021-07-29;2241;2473;223358;186094;64.2;53.4
16;2021-07-30;2355;3103;225713;189197;64.8;54.3
16;2021-07-31;960;1353;226673;190550;65.1;54.7
16;2021-08-01;192;22;226865;190572;65.2;54.7
16;2021-08-02;2121;1827;228986;192399;65.8;55.3
16;2021-08-03;2121;2323;231107;194722;66.4;55.9
16;2021-08-04;2121;1886;233228;196608;67.0;56.5
16;2021-08-05;2775;1655;236003;198263;67.8;56.9
16;2021-08-06;2512;2365;238515;200628;68.5;57.6
16;2021-08-07;828;559;239343;201187;68.7;57.8
16;2021-08-08;36;33;239379;201220;68.8;57.8
16;2021-08-09;2182;1060;241561;202280;69.4;58.1
16;2021-08-10;2886;1584;244447;203864;70.2;58.6
16;2021-08-11;2603;1232;247050;205096;71.0;58.9
16;2021-08-12;2012;1734;249062;206830;71.5;59.4
16;2021-08-13;2686;1467;251748;208297;72.3;59.8
16;2021-08-14;757;455;252505;208752;72.5;60.0
16;2021-08-15;29;4;252534;208756;72.5;60.0
16;2021-08-16;1339;1582;253873;210338;72.9;60.4
16;2021-08-17;1837;1628;255710;211966;73.4;60.9
16;2021-08-18;1591;1471;257301;213437;73.9;61.3
16;2021-08-19;1517;1777;258818;215214;74.3;61.8
16;2021-08-20;1601;1902;260419;217116;74.8;62.4
16;2021-08-21;564;827;260983;217943;75.0;62.6
16;2021-08-22;4;5;260987;217948;75.0;62.6
16;2021-08-23;993;2064;261980;220012;75.2;63.2
16;2021-08-24;1040;2376;263020;222388;75.5;63.9
16;2021-08-25;887;1781;263907;224169;75.8;64.4
16;2021-08-26;880;2531;264787;226700;76.0;65.1
16;2021-08-27;853;2408;265640;229108;76.3;65.8
16;2021-08-28;261;771;265901;229879;76.4;66.0
16;2021-08-29;2;15;265903;229894;76.4;66.0
16;2021-08-30;638;2397;266541;232291;76.6;66.7
16;2021-08-31;668;2631;267209;234922;76.7;67.5
16;2021-09-01;468;2544;267677;237466;76.9;68.2
16;2021-09-02;544;2366;268221;239832;77.0;68.9
16;2021-09-03;541;2812;268762;242644;77.2;69.7
16;2021-09-04;361;965;269123;243609;77.3;70.0
16;2021-09-05;5;29;269128;243638;77.3;70.0
16;2021-09-06;318;1760;269446;245398;77.4;70.5
16;2021-09-07;354;1990;269800;247388;77.5;71.1
16;2021-09-08;391;2212;270191;249600;77.6;71.7
16;2021-09-09;346;1711;270537;251311;77.7;72.2
16;2021-09-10;440;2099;270977;253410;77.8;72.8
16;2021-09-11;185;847;271162;254257;77.9;73.0
16;2021-09-12;6;23;271168;254280;77.9;73.0
16;2021-09-13;256;1350;271424;255630;78.0;73.4
16;2021-09-14;371;1441;271795;257071;78.1;73.8
16;2021-09-15;348;1347;272143;258418;78.2;74.2
16;2021-09-16;303;887;272446;259305;78.2;74.5
16;2021-09-17;498;1374;272944;260679;78.4;74.9
16;2021-09-18;100;535;273044;261214;78.4;75.0
16;2021-09-19;0;9;273044;261223;78.4;75.0
16;2021-09-20;190;720;273234;261943;78.5;75.2
16;2021-09-21;183;673;273417;262616;78.5;75.4
16;2021-09-22;187;990;273604;263606;78.6;75.7
16;2021-09-23;170;559;273774;264165;78.6;75.9
16;2021-09-24;338;1049;274112;265214;78.7;76.2
16;2021-09-25;64;439;274176;265653;78.7;76.3
16;2021-09-26;1;6;274177;265659;78.7;76.3
16;2021-09-27;193;581;274370;266240;78.8;76.5
16;2021-09-28;145;536;274515;266776;78.8;76.6
16;2021-09-29;197;606;274712;267382;78.9;76.8
16;2021-09-30;115;481;274827;267863;78.9;76.9
16;2021-10-01;241;539;275068;268402;79.0;77.1
16;2021-10-02;81;324;275149;268726;79.0;77.2
16;2021-10-03;0;7;275149;268733;79.0;77.2
16;2021-10-04;117;356;275266;269089;79.1;77.3
16;2021-10-05;119;375;275385;269464;79.1;77.4
17;2020-12-27;0;0;0;0;0.0;0.0
17;2020-12-28;0;0;0;0;0.0;0.0
17;2020-12-29;0;0;0;0;0.0;0.0
17;2020-12-30;1;0;1;0;0.0;0.0
17;2020-12-31;0;0;1;0;0.0;0.0
17;2021-01-01;1;0;2;0;0.0;0.0
17;2021-01-02;1;0;3;0;0.0;0.0
17;2021-01-03;0;0;3;0;0.0;0.0
17;2021-01-04;56;0;59;0;0.0;0.0
17;2021-01-05;98;0;157;0;0.0;0.0
17;2021-01-06;132;0;289;0;0.0;0.0
17;2021-01-07;484;1;773;1;0.1;0.0
17;2021-01-08;418;0;1191;1;0.2;0.0
17;2021-01-09;0;0;1191;1;0.2;0.0
17;2021-01-10;1;0;1192;1;0.2;0.0
17;2021-01-11;381;1;1573;2;0.2;0.0
17;2021-01-12;751;1;2324;3;0.4;0.0
17;2021-01-13;654;2;2978;5;0.5;0.0
17;2021-01-14;616;8;3594;13;0.6;0.0
17;2021-01-15;681;1;4275;14;0.7;0.0
17;2021-01-16;129;2;4404;16;0.7;0.0
17;2021-01-17;19;0;4423;16;0.7;0.0
17;2021-01-18;887;2;5310;18;0.8;0.0
17;2021-01-19;1910;3;7220;21;1.1;0.0
17;2021-01-20;2396;2;9616;23;1.5;0.0
17;2021-01-21;2500;3;12116;26;1.9;0.0
17;2021-01-22;1893;6;14009;32;2.2;0.0
17;2021-01-23;738;1;14747;33;2.3;0.0
17;2021-01-24;50;0;14797;33;2.3;0.0
17;2021-01-25;1383;5;16180;38;2.5;0.0
17;2021-01-26;2110;2;18290;40;2.8;0.0
17;2021-01-27;1676;32;19966;72;3.1;0.0
17;2021-01-28;2476;217;22442;289;3.5;0.0
17;2021-01-29;1740;157;24182;446;3.7;0.1
17;2021-01-30;528;3;24710;449;3.8;0.1
17;2021-01-31;37;2;24747;451;3.8;0.1
17;2021-02-01;741;186;25488;637;3.9;0.1
17;2021-02-02;1202;320;26690;957;4.1;0.1
17;2021-02-03;1298;375;27988;1332;4.3;0.2
17;2021-02-04;1162;436;29150;1768;4.5;0.3
17;2021-02-05;603;695;29753;2463;4.6;0.4
17;2021-02-06;24;39;29777;2502;4.6;0.4
17;2021-02-07;31;13;29808;2515;4.6;0.4
17;2021-02-08;706;348;30514;2863;4.7;0.4
17;2021-02-09;1102;1082;31616;3945;4.9;0.6
17;2021-02-10;866;1219;32482;5164;5.0;0.8
17;2021-02-11;1241;1296;33723;6460;5.2;1.0
17;2021-02-12;773;881;34496;7341;5.3;1.1
17;2021-02-13;43;93;34539;7434;5.3;1.1
17;2021-02-14;1;10;34540;7444;5.3;1.2
17;2021-02-15;621;925;35161;8369;5.4;1.3
17;2021-02-16;751;1431;35912;9800;5.5;1.5
17;2021-02-17;795;999;36707;10799;5.7;1.7
17;2021-02-18;965;1714;37672;12513;5.8;1.9
17;2021-02-19;1069;1249;38741;13762;6.0;2.1
17;2021-02-20;105;258;38846;14020;6.0;2.2
17;2021-02-21;9;2;38855;14022;6.0;2.2
17;2021-02-22;648;1246;39503;15268;6.1;2.4
17;2021-02-23;782;1216;40285;16484;6.2;2.5
17;2021-02-24;1080;1293;41365;17777;6.4;2.7
17;2021-02-25;1087;1458;42452;19235;6.6;3.0
17;2021-02-26;1308;1047;43760;20282;6.8;3.1
17;2021-02-27;527;212;44287;20494;6.8;3.2
17;2021-02-28;19;9;44306;20503;6.8;3.2
17;2021-03-01;638;868;44944;21371;6.9;3.3
17;2021-03-02;1095;740;46039;22111;7.1;3.4
17;2021-03-03;1618;684;47657;22795;7.4;3.5
17;2021-03-04;2426;1010;50083;23805;7.7;3.7
17;2021-03-05;2662;566;52745;24371;8.2;3.8
17;2021-03-06;1027;28;53772;24399;8.3;3.8
17;2021-03-07;183;17;53955;24416;8.3;3.8
17;2021-03-08;1019;748;54974;25164;8.5;3.9
17;2021-03-09;1745;521;56719;25685;8.8;4.0
17;2021-03-10;2048;592;58767;26277;9.1;4.1
17;2021-03-11;3227;921;61994;27198;9.6;4.2
17;2021-03-12;3356;567;65350;27765;10.1;4.3
17;2021-03-13;1202;11;66552;27776;10.3;4.3
17;2021-03-14;33;0;66585;27776;10.3;4.3
17;2021-03-15;1243;961;67828;28737;10.5;4.4
17;2021-03-16;892;517;68720;29254;10.6;4.5
17;2021-03-17;1460;689;70180;29943;10.8;4.6
17;2021-03-18;1683;757;71863;30700;11.1;4.7
17;2021-03-19;2096;535;73959;31235;11.4;4.8
17;2021-03-20;1086;58;75045;31293;11.6;4.8
17;2021-03-21;37;41;75082;31334;11.6;4.8
17;2021-03-22;1577;682;76659;32016;11.8;4.9
17;2021-03-23;2491;573;79150;32589;12.2;5.0
17;2021-03-24;3545;842;82695;33431;12.8;5.2
17;2021-03-25;4713;639;87408;34070;13.5;5.3
17;2021-03-26;4943;468;92351;34538;14.3;5.3
17;2021-03-27;1737;68;94088;34606;14.5;5.3
17;2021-03-28;369;45;94457;34651;14.6;5.4
17;2021-03-29;2361;566;96818;35217;15.0;5.4
17;2021-03-30;2654;977;99472;36194;15.4;5.6
17;2021-03-31;3843;899;103315;37093;16.0;5.7
17;2021-04-01;4013;1158;107328;38251;16.6;5.9
17;2021-04-02;3709;831;111037;39082;17.2;6.0
17;2021-04-03;1152;187;112189;39269;17.3;6.1
17;2021-04-04;501;6;112690;39275;17.4;6.1
17;2021-04-05;445;128;113135;39403;17.5;6.1
17;2021-04-06;3479;1024;116614;40427;18.0;6.2
17;2021-04-07;4131;1149;120745;41576;18.7;6.4
17;2021-04-08;4567;1476;125312;43052;19.4;6.7
17;2021-04-09;6499;842;131811;43894;20.4;6.8
17;2021-04-10;2582;68;134393;43962;20.8;6.8
17;2021-04-11;790;16;135183;43978;20.9;6.8
17;2021-04-12;2889;1610;138072;45588;21.3;7.0
17;2021-04-13;4152;1281;142224;46869;22.0;7.2
17;2021-04-14;4420;1207;146644;48076;22.7;7.4
17;2021-04-15;4601;1134;151245;49210;23.4;7.6
17;2021-04-16;4298;1153;155543;50363;24.0;7.8
17;2021-04-17;1682;382;157225;50745;24.3;7.8
17;2021-04-18;471;81;157696;50826;24.4;7.9
17;2021-04-19;2336;2053;160032;52879;24.7;8.2
17;2021-04-20;2927;2547;162959;55426;25.2;8.6
17;2021-04-21;2974;1940;165933;57366;25.6;8.9
17;2021-04-22;3121;2355;169054;59721;26.1;9.2
17;2021-04-23;2446;2723;171500;62444;26.5;9.7
17;2021-04-24;1669;923;173169;63367;26.8;9.8
17;2021-04-25;664;244;173833;63611;26.9;9.8
17;2021-04-26;2578;2610;176411;66221;27.3;10.2
17;2021-04-27;3150;2657;179561;68878;27.7;10.6
17;2021-04-28;3102;2915;182663;71793;28.2;11.1
17;2021-04-29;4149;2835;186812;74628;28.9;11.5
17;2021-04-30;4355;2619;191167;77247;29.5;11.9
17;2021-05-01;849;539;192016;77786;29.7;12.0
17;2021-05-02;553;837;192569;78623;29.8;12.2
17;2021-05-03;2546;2953;195115;81576;30.2;12.6
17;2021-05-04;2315;3709;197430;85285;30.5;13.2
17;2021-05-05;2907;3698;200337;88983;31.0;13.8
17;2021-05-06;4120;3391;204457;92374;31.6;14.3
17;2021-05-07;4359;3618;208816;95992;32.3;14.8
17;2021-05-08;1306;751;210122;96743;32.5;15.0
17;2021-05-09;1311;705;211433;97448;32.7;15.1
17;2021-05-10;2726;3674;214159;101122;33.1;15.6
17;2021-05-11;3500;3986;217659;105108;33.6;16.2
17;2021-05-12;3529;3797;221188;108905;34.2;16.8
17;2021-05-13;2542;693;223730;109598;34.6;16.9
17;2021-05-14;3031;2392;226761;111990;35.0;17.3
17;2021-05-15;2127;654;228888;112644;35.4;17.4
17;2021-05-16;1733;316;230621;112960;35.6;17.5
17;2021-05-17;4288;1997;234909;114957;36.3;17.8
17;2021-05-18;4746;1630;239655;116587;37.0;18.0
17;2021-05-19;5071;1281;244726;117868;37.8;18.2
17;2021-05-20;4940;1935;249666;119803;38.6;18.5
17;2021-05-21;4994;1943;254660;121746;39.4;18.8
17;2021-05-22;2390;529;257050;122275;39.7;18.9
17;2021-05-23;1900;128;258950;122403;40.0;18.9
17;2021-05-24;1426;210;260376;122613;40.2;18.9
17;2021-05-25;4031;1767;264407;124380;40.9;19.2
17;2021-05-26;4368;2035;268775;126415;41.5;19.5
17;2021-05-27;5211;2137;273986;128552;42.3;19.9
17;2021-05-28;4467;3412;278453;131964;43.0;20.4
17;2021-05-29;1559;1696;280012;133660;43.3;20.7
17;2021-05-30;857;410;280869;134070;43.4;20.7
17;2021-05-31;2947;2999;283816;137069;43.9;21.2
17;2021-06-01;4296;2915;288112;139984;44.5;21.6
17;2021-06-02;4203;3167;292315;143151;45.2;22.1
17;2021-06-03;5058;3144;297373;146295;46.0;22.6
17;2021-06-04;4513;3850;301886;150145;46.7;23.2
17;2021-06-05;1991;1594;303877;151739;47.0;23.4
17;2021-06-06;852;734;304729;152473;47.1;23.6
17;2021-06-07;3138;4339;307867;156812;47.6;24.2
17;2021-06-08;3790;4494;311657;161306;48.2;24.9
17;2021-06-09;4344;3048;316001;164354;48.8;25.4
17;2021-06-10;4927;2782;320928;167136;49.6;25.8
17;2021-06-11;4793;3679;325721;170815;50.3;26.4
17;2021-06-12;1813;1388;327534;172203;50.6;26.6
17;2021-06-13;612;415;328146;172618;50.7;26.7
17;2021-06-14;2834;4533;330980;177151;51.1;27.4
17;2021-06-15;3625;4368;334605;181519;51.7;28.1
17;2021-06-16;4127;3692;338732;185211;52.3;28.6
17;2021-06-17;4367;4110;343099;189321;53.0;29.3
17;2021-06-18;4059;4435;347158;193756;53.6;29.9
17;2021-06-19;1450;1975;348608;195731;53.9;30.2
17;2021-06-20;595;1036;349203;196767;54.0;30.4
17;2021-06-21;2559;4369;351762;201136;54.4;31.1
17;2021-06-22;3532;4451;355294;205587;54.9;31.8
17;2021-06-23;3795;3995;359089;209582;55.5;32.4
17;2021-06-24;3599;3952;362688;213534;56.0;33.0
17;2021-06-25;2718;4984;365406;218518;56.5;33.8
17;2021-06-26;905;2333;366311;220851;56.6;34.1
17;2021-06-27;397;1904;366708;222755;56.7;34.4
17;2021-06-28;1523;5414;368231;228169;56.9;35.3
17;2021-06-29;1684;5889;369915;234058;57.2;36.2
17;2021-06-30;2030;5547;371945;239605;57.5;37.0
17;2021-07-01;2267;5560;374212;245165;57.8;37.9
17;2021-07-02;2485;5979;376697;251144;58.2;38.8
17;2021-07-03;627;2533;377324;253677;58.3;39.2
17;2021-07-04;155;1250;377479;254927;58.3;39.4
17;2021-07-05;1887;5176;379366;260103;58.6;40.2
17;2021-07-06;2129;5595;381495;265698;59.0;41.1
17;2021-07-07;2406;5498;383901;271196;59.3;41.9
17;2021-07-08;2915;5442;386816;276638;59.8;42.8
17;2021-07-09;2526;6073;389342;282711;60.2;43.7
17;2021-07-10;826;2469;390168;285180;60.3;44.1
17;2021-07-11;379;906;390547;286086;60.4;44.2
17;2021-07-12;2002;5617;392549;291703;60.7;45.1
17;2021-07-13;2372;6717;394921;298420;61.0;46.1
17;2021-07-14;71;71;394992;298491;61.0;46.1
17;2021-07-15;2191;6861;397183;305352;61.4;47.2
17;2021-07-16;2777;6964;399960;312316;61.8;48.3
17;2021-07-17;1051;2271;401011;314587;62.0;48.6
17;2021-07-18;312;1036;401323;315623;62.0;48.8
17;2021-07-19;2635;5904;403958;321527;62.4;49.7
17;2021-07-20;3314;6312;407272;327839;62.9;50.7
17;2021-07-21;3802;6023;411074;333862;63.5;51.6
17;2021-07-22;4248;6264;415322;340126;64.2;52.6
17;2021-07-23;3904;6562;419226;346688;64.8;53.6
17;2021-07-24;2067;1390;421293;348078;65.1;53.8
17;2021-07-25;1040;417;422333;348495;65.3;53.9
17;2021-07-26;3735;5425;426068;353920;65.8;54.7
17;2021-07-27;4728;5439;430796;359359;66.6;55.5
17;2021-07-28;5215;5161;436011;364520;67.4;56.3
17;2021-07-29;5166;5339;441177;369859;68.2;57.2
17;2021-07-30;5511;5573;446688;375432;69.0;58.0
17;2021-07-31;2116;1213;448804;376645;69.4;58.2
17;2021-08-01;1095;359;449899;377004;69.5;58.3
17;2021-08-02;4621;4392;454520;381396;70.2;58.9
17;2021-08-03;5762;4161;460282;385557;71.1;59.6
17;2021-08-04;6201;3379;466483;388936;72.1;60.1
17;2021-08-05;6389;3148;472872;392084;73.1;60.6
17;2021-08-06;5888;3600;478760;395684;74.0;61.1
17;2021-08-07;1992;867;480752;396551;74.3;61.3
17;2021-08-08;978;219;481730;396770;74.4;61.3
17;2021-08-09;3923;3689;485653;400459;75.1;61.9
17;2021-08-10;5086;3486;490739;403945;75.8;62.4
17;2021-08-11;4918;3811;495657;407756;76.6;63.0
17;2021-08-12;4896;3959;500553;411715;77.4;63.6
17;2021-08-13;4520;4142;505073;415857;78.1;64.3
17;2021-08-14;1239;1383;506312;417240;78.2;64.5
17;2021-08-15;407;375;506719;417615;78.3;64.5
17;2021-08-16;2854;4066;509573;421681;78.7;65.2
17;2021-08-17;3052;4291;512625;425972;79.2;65.8
17;2021-08-18;2621;4555;515246;430527;79.6;66.5
17;2021-08-19;2733;4372;517979;434899;80.0;67.2
17;2021-08-20;2501;5025;520480;439924;80.4;68.0
17;2021-08-21;684;1355;521164;441279;80.5;68.2
17;2021-08-22;217;457;521381;441736;80.6;68.3
17;2021-08-23;1987;4955;523368;446691;80.9;69.0
17;2021-08-24;1941;5091;525309;451782;81.2;69.8
17;2021-08-25;1659;5505;526968;457287;81.4;70.7
17;2021-08-26;1603;5761;528571;463048;81.7;71.6
17;2021-08-27;1551;5954;530122;469002;81.9;72.5
17;2021-08-28;521;1455;530643;470457;82.0;72.7
17;2021-08-29;87;575;530730;471032;82.0;72.8
17;2021-08-30;1436;5108;532166;476140;82.2;73.6
17;2021-08-31;1327;5356;533493;481496;82.4;74.4
17;2021-09-01;1196;5117;534689;486613;82.6;75.2
17;2021-09-02;1139;4548;535828;491161;82.8;75.9
17;2021-09-03;1169;5336;536997;496497;83.0;76.7
17;2021-09-04;287;971;537284;497468;83.0;76.9
17;2021-09-05;54;140;537338;497608;83.0;76.9
17;2021-09-06;729;3734;538067;501342;83.2;77.5
17;2021-09-07;717;3259;538784;504601;83.3;78.0
17;2021-09-08;822;4141;539606;508742;83.4;78.6
17;2021-09-09;816;3193;540422;511935;83.5;79.1
17;2021-09-10;799;3949;541221;515884;83.6;79.7
17;2021-09-11;302;1003;541523;516887;83.7;79.9
17;2021-09-12;10;23;541533;516910;83.7;79.9
17;2021-09-13;652;2800;542185;519710;83.8;80.3
17;2021-09-14;616;2749;542801;522459;83.9;80.7
17;2021-09-15;940;2376;543741;524835;84.0;81.1
17;2021-09-16;540;1452;544281;526287;84.1;81.3
17;2021-09-17;611;1921;544892;528208;84.2;81.6
17;2021-09-18;192;582;545084;528790;84.2;81.7
17;2021-09-19;12;6;545096;528796;84.2;81.7
17;2021-09-20;429;1226;545525;530022;84.3;81.9
17;2021-09-21;324;892;545849;530914;84.4;82.0
17;2021-09-22;419;1693;546268;532607;84.4;82.3
17;2021-09-23;357;971;546625;533578;84.5;82.5
17;2021-09-24;385;1821;547010;535399;84.5;82.7
17;2021-09-25;127;472;547137;535871;84.6;82.8
17;2021-09-26;0;16;547137;535887;84.6;82.8
17;2021-09-27;437;1176;547574;537063;84.6;83.0
17;2021-09-28;275;686;547849;537749;84.7;83.1
17;2021-09-29;453;1212;548302;538961;84.7;83.3
17;2021-09-30;372;714;548674;539675;84.8;83.4
17;2021-10-01;358;741;549032;540416;84.8;83.5
17;2021-10-02;107;309;549139;540725;84.9;83.6
17;2021-10-03;4;28;549143;540753;84.9;83.6
17;2021-10-04;364;858;549507;541611;84.9;83.7
17;2021-10-05;374;579;549881;542190;85.0;83.8
18;2020-12-27;0;0;0;0;0.0;0.0
18;2020-12-28;0;0;0;0;0.0;0.0
18;2020-12-29;0;0;0;0;0.0;0.0
18;2020-12-30;1;0;1;0;0.0;0.0
18;2020-12-31;0;0;1;0;0.0;0.0
18;2021-01-01;0;0;1;0;0.0;0.0
18;2021-01-02;0;0;1;0;0.0;0.0
18;2021-01-03;0;0;1;0;0.0;0.0
18;2021-01-04;3;0;4;0;0.0;0.0
18;2021-01-05;0;0;4;0;0.0;0.0
18;2021-01-06;1;0;5;0;0.0;0.0
18;2021-01-07;30;1;35;1;0.0;0.0
18;2021-01-08;65;0;100;1;0.0;0.0
18;2021-01-09;225;0;325;1;0.1;0.0
18;2021-01-10;146;0;471;1;0.2;0.0
18;2021-01-11;169;0;640;1;0.2;0.0
18;2021-01-12;371;0;1011;1;0.3;0.0
18;2021-01-13;270;1;1281;2;0.4;0.0
18;2021-01-14;269;2;1550;4;0.5;0.0
18;2021-01-15;332;2;1882;6;0.6;0.0
18;2021-01-16;288;2;2170;8;0.7;0.0
18;2021-01-17;1;0;2171;8;0.7;0.0
18;2021-01-18;291;0;2462;8;0.8;0.0
18;2021-01-19;1373;2;3835;10;1.3;0.0
18;2021-01-20;1239;2;5074;12;1.7;0.0
18;2021-01-21;965;0;6039;12;2.0;0.0
18;2021-01-22;780;2;6819;14;2.3;0.0
18;2021-01-23;249;2;7068;16;2.4;0.0
18;2021-01-24;0;0;7068;16;2.4;0.0
18;2021-01-25;509;0;7577;16;2.6;0.0
18;2021-01-26;395;1;7972;17;2.7;0.0
18;2021-01-27;390;2;8362;19;2.8;0.0
18;2021-01-28;566;8;8928;27;3.0;0.0
18;2021-01-29;491;73;9419;100;3.2;0.0
18;2021-01-30;431;135;9850;235;3.3;0.1
18;2021-01-31;82;97;9932;332;3.4;0.1
18;2021-02-01;328;119;10260;451;3.5;0.2
18;2021-02-02;507;227;10767;678;3.6;0.2
18;2021-02-03;398;201;11165;879;3.8;0.3
18;2021-02-04;630;226;11795;1105;4.0;0.4
18;2021-02-05;448;181;12243;1286;4.1;0.4
18;2021-02-06;283;88;12526;1374;4.2;0.5
18;2021-02-07;108;1;12634;1375;4.3;0.5
18;2021-02-08;268;189;12902;1564;4.4;0.5
18;2021-02-09;583;760;13485;2324;4.5;0.8
18;2021-02-10;741;628;14226;2952;4.8;1.0
18;2021-02-11;655;412;14881;3364;5.0;1.1
18;2021-02-12;502;303;15383;3667;5.2;1.2
18;2021-02-13;286;107;15669;3774;5.3;1.3
18;2021-02-14;364;97;16033;3871;5.4;1.3
18;2021-02-15;378;308;16411;4179;5.5;1.4
18;2021-02-16;399;327;16810;4506;5.7;1.5
18;2021-02-17;403;385;17213;4891;5.8;1.7
18;2021-02-18;344;456;17557;5347;5.9;1.8
18;2021-02-19;471;244;18028;5591;6.1;1.9
18;2021-02-20;721;191;18749;5782;6.3;2.0
18;2021-02-21;317;4;19066;5786;6.4;2.0
18;2021-02-22;217;293;19283;6079;6.5;2.1
18;2021-02-23;204;270;19487;6349;6.6;2.1
18;2021-02-24;241;200;19728;6549;6.7;2.2
18;2021-02-25;294;453;20022;7002;6.8;2.4
18;2021-02-26;583;191;20605;7193;7.0;2.4
18;2021-02-27;510;346;21115;7539;7.1;2.5
18;2021-02-28;7;66;21122;7605;7.1;2.6
18;2021-03-01;237;345;21359;7950;7.2;2.7
18;2021-03-02;284;462;21643;8412;7.3;2.8
18;2021-03-03;346;526;21989;8938;7.4;3.0
18;2021-03-04;475;520;22464;9458;7.6;3.2
18;2021-03-05;524;335;22988;9793;7.8;3.3
18;2021-03-06;1071;307;24059;10100;8.1;3.4
18;2021-03-07;7;131;24066;10231;8.1;3.5
18;2021-03-08;336;314;24402;10545;8.2;3.6
18;2021-03-09;411;328;24813;10873;8.4;3.7
18;2021-03-10;422;414;25235;11287;8.5;3.8
18;2021-03-11;518;383;25753;11670;8.7;3.9
18;2021-03-12;705;283;26458;11953;8.9;4.0
18;2021-03-13;1164;241;27622;12194;9.3;4.1
18;2021-03-14;301;214;27923;12408;9.4;4.2
18;2021-03-15;492;365;28415;12773;9.6;4.3
18;2021-03-16;392;302;28807;13075;9.7;4.4
18;2021-03-17;383;407;29190;13482;9.8;4.5
18;2021-03-18;512;220;29702;13702;10.0;4.6
18;2021-03-19;755;221;30457;13923;10.3;4.7
18;2021-03-20;986;614;31443;14537;10.6;4.9
18;2021-03-21;308;305;31751;14842;10.7;5.0
18;2021-03-22;602;292;32353;15134;10.9;5.1
18;2021-03-23;707;287;33060;15421;11.2;5.2
18;2021-03-24;1052;295;34112;15716;11.5;5.3
18;2021-03-25;1049;299;35161;16015;11.9;5.4
18;2021-03-26;1208;347;36369;16362;12.3;5.5
18;2021-03-27;1488;317;37857;16679;12.8;5.6
18;2021-03-28;215;0;38072;16679;12.8;5.6
18;2021-03-29;1102;197;39174;16876;13.2;5.7
18;2021-03-30;1084;302;40258;17178;13.6;5.8
18;2021-03-31;1305;252;41563;17430;14.0;5.9
18;2021-04-01;1375;348;42938;17778;14.5;6.0
18;2021-04-02;1229;309;44167;18087;14.9;6.1
18;2021-04-03;581;181;44748;18268;15.1;6.2
18;2021-04-04;71;5;44819;18273;15.1;6.2
18;2021-04-05;199;0;45018;18273;15.2;6.2
18;2021-04-06;1027;350;46045;18623;15.5;6.3
18;2021-04-07;1322;364;47367;18987;16.0;6.4
18;2021-04-08;1692;347;49059;19334;16.6;6.5
18;2021-04-09;1833;281;50892;19615;17.2;6.6
18;2021-04-10;2632;652;53524;20267;18.1;6.8
18;2021-04-11;1986;319;55510;20586;18.7;6.9
18;2021-04-12;1401;404;56911;20990;19.2;7.1
18;2021-04-13;1785;470;58696;21460;19.8;7.2
18;2021-04-14;1378;517;60074;21977;20.3;7.4
18;2021-04-15;1532;530;61606;22507;20.8;7.6
18;2021-04-16;1614;590;63220;23097;21.3;7.8
18;2021-04-17;1599;520;64819;23617;21.9;8.0
18;2021-04-18;377;232;65196;23849;22.0;8.0
18;2021-04-19;1317;592;66513;24441;22.4;8.2
18;2021-04-20;1446;715;67959;25156;22.9;8.5
18;2021-04-21;1270;908;69229;26064;23.4;8.8
18;2021-04-22;1403;703;70632;26767;23.8;9.0
18;2021-04-23;1387;734;72019;27501;24.3;9.3
18;2021-04-24;1355;1271;73374;28772;24.8;9.7
18;2021-04-25;287;217;73661;28989;24.9;9.8
18;2021-04-26;1205;955;74866;29944;25.3;10.1
18;2021-04-27;1544;765;76410;30709;25.8;10.4
18;2021-04-28;1358;876;77768;31585;26.2;10.7
18;2021-04-29;1851;735;79619;32320;26.9;10.9
18;2021-04-30;1569;992;81188;33312;27.4;11.2
18;2021-05-01;788;210;81976;33522;27.7;11.3
18;2021-05-02;806;61;82782;33583;27.9;11.3
18;2021-05-03;1627;1013;84409;34596;28.5;11.7
18;2021-05-04;1729;1283;86138;35879;29.1;12.1
18;2021-05-05;1735;1213;87873;37092;29.6;12.5
18;2021-05-06;2162;1363;90035;38455;30.4;13.0
18;2021-05-07;1234;1398;91269;39853;30.8;13.4
18;2021-05-08;994;1464;92263;41317;31.1;13.9
18;2021-05-09;500;2258;92763;43575;31.3;14.7
18;2021-05-10;1157;1508;93920;45083;31.7;15.2
18;2021-05-11;1696;1748;95616;46831;32.3;15.8
18;2021-05-12;1806;1495;97422;48326;32.9;16.3
18;2021-05-13;1061;370;98483;48696;33.2;16.4
18;2021-05-14;1345;942;99828;49638;33.7;16.7
18;2021-05-15;1809;1163;101637;50801;34.3;17.1
18;2021-05-16;537;581;102174;51382;34.5;17.3
18;2021-05-17;1245;1091;103419;52473;34.9;17.7
18;2021-05-18;2146;933;105565;53406;35.6;18.0
18;2021-05-19;2162;920;107727;54326;36.3;18.3
18;2021-05-20;2275;983;110002;55309;37.1;18.7
18;2021-05-21;1495;764;111497;56073;37.6;18.9
18;2021-05-22;1724;1072;113221;57145;38.2;19.3
18;2021-05-23;486;336;113707;57481;38.4;19.4
18;2021-05-24;461;292;114168;57773;38.5;19.5
18;2021-05-25;1841;1057;116009;58830;39.1;19.8
18;2021-05-26;2153;846;118162;59676;39.9;20.1
18;2021-05-27;2209;1228;120371;60904;40.6;20.5
18;2021-05-28;1712;1306;122083;62210;41.2;21.0
18;2021-05-29;2621;1661;124704;63871;42.1;21.5
18;2021-05-30;1482;504;126186;64375;42.6;21.7
18;2021-05-31;1785;693;127971;65068;43.2;22.0
18;2021-06-01;2039;947;130010;66015;43.9;22.3
18;2021-06-02;2010;1015;132020;67030;44.5;22.6
18;2021-06-03;2283;1199;134303;68229;45.3;23.0
18;2021-06-04;1912;1122;136215;69351;46.0;23.4
18;2021-06-05;2800;1445;139015;70796;46.9;23.9
18;2021-06-06;364;381;139379;71177;47.0;24.0
18;2021-06-07;1294;1232;140673;72409;47.5;24.4
18;2021-06-08;1490;1394;142163;73803;48.0;24.9
18;2021-06-09;1329;1068;143492;74871;48.4;25.3
18;2021-06-10;1631;1408;145123;76279;49.0;25.7
18;2021-06-11;1496;1404;146619;77683;49.5;26.2
18;2021-06-12;1245;2510;147864;80193;49.9;27.1
18;2021-06-13;126;262;147990;80455;49.9;27.1
18;2021-06-14;656;1828;148646;82283;50.1;27.8
18;2021-06-15;1093;1823;149739;84106;50.5;28.4
18;2021-06-16;1255;1441;150994;85547;50.9;28.9
18;2021-06-17;1205;1671;152199;87218;51.3;29.4
18;2021-06-18;1290;1665;153489;88883;51.8;30.0
18;2021-06-19;1564;1251;155053;90134;52.3;30.4
18;2021-06-20;246;159;155299;90293;52.4;30.5
18;2021-06-21;665;1601;155964;91894;52.6;31.0
18;2021-06-22;1068;1645;157032;93539;53.0;31.6
18;2021-06-23;944;1642;157976;95181;53.3;32.1
18;2021-06-24;1033;1062;159009;96243;53.6;32.5
18;2021-06-25;892;1745;159901;97988;53.9;33.1
18;2021-06-26;1097;1474;160998;99462;54.3;33.6
18;2021-06-27;31;372;161029;99834;54.3;33.7
18;2021-06-28;422;1922;161451;101756;54.5;34.3
18;2021-06-29;597;2378;162048;104134;54.7;35.1
18;2021-06-30;600;2543;162648;106677;54.9;36.0
18;2021-07-01;964;2155;163612;108832;55.2;36.7
18;2021-07-02;614;1685;164226;110517;55.4;37.3
18;2021-07-03;754;2572;164980;113089;55.7;38.2
18;2021-07-04;164;1032;165144;114121;55.7;38.5
18;2021-07-05;765;1877;165909;115998;56.0;39.1
18;2021-07-06;559;2300;166468;118298;56.2;39.9
18;2021-07-07;766;2115;167234;120413;56.4;40.6
18;2021-07-08;1032;1984;168266;122397;56.8;41.3
18;2021-07-09;703;2305;168969;124702;57.0;42.1
18;2021-07-10;781;3172;169750;127874;57.3;43.1
18;2021-07-11;84;667;169834;128541;57.3;43.4
18;2021-07-12;223;2253;170057;130794;57.4;44.1
18;2021-07-13;619;2904;170676;133698;57.6;45.1
18;2021-07-14;194;936;170870;134634;57.6;45.4
18;2021-07-15;1396;2815;172266;137449;58.1;46.4
18;2021-07-16;1185;2122;173451;139571;58.5;47.1
18;2021-07-17;1130;2470;174581;142041;58.9;47.9
18;2021-07-18;228;332;174809;142373;59.0;48.0
18;2021-07-19;1055;1657;175864;144030;59.3;48.6
18;2021-07-20;1625;2269;177489;146299;59.9;49.4
18;2021-07-21;1901;2061;179390;148360;60.5;50.1
18;2021-07-22;2211;1900;181601;150260;61.3;50.7
18;2021-07-23;1395;1612;182996;151872;61.7;51.2
18;2021-07-24;891;1532;183887;153404;62.0;51.8
18;2021-07-25;192;396;184079;153800;62.1;51.9
18;2021-07-26;1397;1502;185476;155302;62.6;52.4
18;2021-07-27;1824;1535;187300;156837;63.2;52.9
18;2021-07-28;2198;1796;189498;158633;63.9;53.5
18;2021-07-29;2140;1816;191638;160449;64.7;54.1
18;2021-07-30;1585;1344;193223;161793;65.2;54.6
18;2021-07-31;1237;1280;194460;163073;65.6;55.0
18;2021-08-01;90;34;194550;163107;65.6;55.0
18;2021-08-02;1410;765;195960;163872;66.1;55.3
18;2021-08-03;1719;1630;197679;165502;66.7;55.8
18;2021-08-04;2441;1102;200120;166604;67.5;56.2
18;2021-08-05;1529;1247;201649;167851;68.0;56.6
18;2021-08-06;1582;1140;203231;168991;68.6;57.0
18;2021-08-07;609;764;203840;169755;68.8;57.3
18;2021-08-08;49;60;203889;169815;68.8;57.3
18;2021-08-09;1105;874;204994;170689;69.2;57.6
18;2021-08-10;1208;1511;206202;172200;69.6;58.1
18;2021-08-11;1608;1510;207810;173710;70.1;58.6
18;2021-08-12;1554;1594;209364;175304;70.6;59.1
18;2021-08-13;1087;1172;210451;176476;71.0;59.5
18;2021-08-14;759;603;211210;177079;71.3;59.7
18;2021-08-15;35;17;211245;177096;71.3;59.7
18;2021-08-16;830;1201;212075;178297;71.5;60.2
18;2021-08-17;979;1999;213054;180296;71.9;60.8
18;2021-08-18;1158;1961;214212;182257;72.3;61.5
18;2021-08-19;1105;1612;215317;183869;72.6;62.0
18;2021-08-20;911;1758;216228;185627;73.0;62.6
18;2021-08-21;419;705;216647;186332;73.1;62.9
18;2021-08-22;22;73;216669;186405;73.1;62.9
18;2021-08-23;487;1680;217156;188085;73.3;63.5
18;2021-08-24;903;1494;218059;189579;73.6;64.0
18;2021-08-25;840;1864;218899;191443;73.9;64.6
18;2021-08-26;772;1532;219671;192975;74.1;65.1
18;2021-08-27;575;1995;220246;194970;74.3;65.8
18;2021-08-28;501;873;220747;195843;74.5;66.1
18;2021-08-29;92;176;220839;196019;74.5;66.1
18;2021-08-30;528;1443;221367;197462;74.7;66.6
18;2021-08-31;507;1443;221874;198905;74.9;67.1
18;2021-09-01;578;1643;222452;200548;75.1;67.7
18;2021-09-02;398;1268;222850;201816;75.2;68.1
18;2021-09-03;455;1305;223305;203121;75.3;68.5
18;2021-09-04;356;810;223661;203931;75.5;68.8
18;2021-09-05;29;80;223690;204011;75.5;68.8
18;2021-09-06;278;1090;223968;205101;75.6;69.2
18;2021-09-07;280;992;224248;206093;75.7;69.5
18;2021-09-08;402;1137;224650;207230;75.8;69.9
18;2021-09-09;356;1148;225006;208378;75.9;70.3
18;2021-09-10;411;1092;225417;209470;76.1;70.7
18;2021-09-11;262;866;225679;210336;76.1;71.0
18;2021-09-12;8;32;225687;210368;76.1;71.0
18;2021-09-13;310;860;225997;211228;76.2;71.3
18;2021-09-14;281;1015;226278;212243;76.3;71.6
18;2021-09-15;319;1050;226597;213293;76.4;72.0
18;2021-09-16;469;876;227066;214169;76.6;72.3
18;2021-09-17;337;737;227403;214906;76.7;72.5
18;2021-09-18;177;617;227580;215523;76.8;72.7
18;2021-09-19;6;3;227586;215526;76.8;72.7
18;2021-09-20;156;550;227742;216076;76.8;72.9
18;2021-09-21;111;423;227853;216499;76.9;73.0
18;2021-09-22;193;870;228046;217369;76.9;73.3
18;2021-09-23;249;466;228295;217835;77.0;73.5
18;2021-09-24;141;489;228436;218324;77.1;73.7
18;2021-09-25;159;689;228595;219013;77.1;73.9
18;2021-09-26;15;89;228610;219102;77.1;73.9
18;2021-09-27;109;314;228719;219416;77.2;74.0
18;2021-09-28;70;273;228789;219689;77.2;74.1
18;2021-09-29;68;280;228857;219969;77.2;74.2
18;2021-09-30;116;280;228973;220249;77.3;74.3
18;2021-10-01;142;289;229115;220538;77.3;74.4
18;2021-10-02;62;163;229177;220701;77.3;74.5
18;2021-10-03;6;10;229183;220711;77.3;74.5
18;2021-10-04;141;457;229324;221168;77.4;74.6
18;2021-10-05;161;335;229485;221503;77.4;74.7
19;2020-12-27;0;0;0;0;0.0;0.0
19;2020-12-28;0;0;0;0;0.0;0.0
19;2020-12-29;1;0;1;0;0.0;0.0
19;2020-12-30;0;0;1;0;0.0;0.0
19;2020-12-31;0;0;1;0;0.0;0.0
19;2021-01-01;0;0;1;0;0.0;0.0
19;2021-01-02;0;0;1;0;0.0;0.0
19;2021-01-03;0;0;1;0;0.0;0.0
19;2021-01-04;0;0;1;0;0.0;0.0
19;2021-01-05;0;0;1;0;0.0;0.0
19;2021-01-06;0;0;1;0;0.0;0.0
19;2021-01-07;344;1;345;1;0.1;0.0
19;2021-01-08;248;1;593;2;0.2;0.0
19;2021-01-09;1;0;594;2;0.2;0.0
19;2021-01-10;1;0;595;2;0.2;0.0
19;2021-01-11;38;0;633;2;0.3;0.0
19;2021-01-12;416;1;1049;3;0.4;0.0
19;2021-01-13;429;3;1478;6;0.6;0.0
19;2021-01-14;475;0;1953;6;0.8;0.0
19;2021-01-15;226;0;2179;6;0.9;0.0
19;2021-01-16;0;0;2179;6;0.9;0.0
19;2021-01-17;1;0;2180;6;0.9;0.0
19;2021-01-18;251;2;2431;8;1.0;0.0
19;2021-01-19;521;0;2952;8;1.2;0.0
19;2021-01-20;921;7;3873;15;1.6;0.0
19;2021-01-21;507;4;4380;19;1.8;0.0
19;2021-01-22;1318;5;5698;24;2.4;0.0
19;2021-01-23;281;0;5979;24;2.5;0.0
19;2021-01-24;37;0;6016;24;2.5;0.0
19;2021-01-25;233;0;6249;24;2.6;0.0
19;2021-01-26;608;3;6857;27;2.9;0.0
19;2021-01-27;334;3;7191;30;3.0;0.0
19;2021-01-28;297;153;7488;183;3.1;0.1
19;2021-01-29;347;54;7835;237;3.3;0.1
19;2021-01-30;130;24;7965;261;3.3;0.1
19;2021-01-31;41;0;8006;261;3.3;0.1
19;2021-02-01;158;94;8164;355;3.4;0.1
19;2021-02-02;303;424;8467;779;3.5;0.3
19;2021-02-03;285;235;8752;1014;3.6;0.4
19;2021-02-04;255;363;9007;1377;3.7;0.6
19;2021-02-05;311;74;9318;1451;3.9;0.6
19;2021-02-06;214;2;9532;1453;4.0;0.6
19;2021-02-07;48;2;9580;1455;4.0;0.6
19;2021-02-08;177;92;9757;1547;4.1;0.6
19;2021-02-09;333;178;10090;1725;4.2;0.7
19;2021-02-10;517;222;10607;1947;4.4;0.8
19;2021-02-11;414;299;11021;2246;4.6;0.9
19;2021-02-12;799;1124;11820;3370;4.9;1.4
19;2021-02-13;352;140;12172;3510;5.1;1.5
19;2021-02-14;98;5;12270;3515;5.1;1.5
19;2021-02-15;200;213;12470;3728;5.2;1.6
19;2021-02-16;386;149;12856;3877;5.3;1.6
19;2021-02-17;306;392;13162;4269;5.5;1.8
19;2021-02-18;174;422;13336;4691;5.5;2.0
19;2021-02-19;469;257;13805;4948;5.7;2.1
19;2021-02-20;133;158;13938;5106;5.8;2.1
19;2021-02-21;20;33;13958;5139;5.8;2.1
19;2021-02-22;221;190;14179;5329;5.9;2.2
19;2021-02-23;268;311;14447;5640;6.0;2.3
19;2021-02-24;361;179;14808;5819;6.2;2.4
19;2021-02-25;519;342;15327;6161;6.4;2.6
19;2021-02-26;395;270;15722;6431;6.5;2.7
19;2021-02-27;348;133;16070;6564;6.7;2.7
19;2021-02-28;68;32;16138;6596;6.7;2.7
19;2021-03-01;266;196;16404;6792;6.8;2.8
19;2021-03-02;428;224;16832;7016;7.0;2.9
19;2021-03-03;692;303;17524;7319;7.3;3.0
19;2021-03-04;826;325;18350;7644;7.6;3.2
19;2021-03-05;891;667;19241;8311;8.0;3.5
19;2021-03-06;1072;174;20313;8485;8.5;3.5
19;2021-03-07;463;32;20776;8517;8.6;3.5
19;2021-03-08;640;135;21416;8652;8.9;3.6
19;2021-03-09;836;227;22252;8879;9.3;3.7
19;2021-03-10;1155;276;23407;9155;9.7;3.8
19;2021-03-11;1274;291;24681;9446;10.3;3.9
19;2021-03-12;1136;379;25817;9825;10.7;4.1
19;2021-03-13;1110;160;26927;9985;11.2;4.2
19;2021-03-14;161;80;27088;10065;11.3;4.2
19;2021-03-15;699;131;27787;10196;11.6;4.2
19;2021-03-16;688;298;28475;10494;11.8;4.4
19;2021-03-17;839;277;29314;10771;12.2;4.5
19;2021-03-18;767;279;30081;11050;12.5;4.6
19;2021-03-19;1014;484;31095;11534;12.9;4.8
19;2021-03-20;784;131;31879;11665;13.3;4.9
19;2021-03-21;128;3;32007;11668;13.3;4.9
19;2021-03-22;548;174;32555;11842;13.5;4.9
19;2021-03-23;1045;229;33600;12071;14.0;5.0
19;2021-03-24;1172;371;34772;12442;14.5;5.2
19;2021-03-25;1189;404;35961;12846;15.0;5.3
19;2021-03-26;1325;274;37286;13120;15.5;5.5
19;2021-03-27;854;185;38140;13305;15.9;5.5
19;2021-03-28;63;60;38203;13365;15.9;5.6
19;2021-03-29;612;176;38815;13541;16.2;5.6
19;2021-03-30;971;343;39786;13884;16.6;5.8
19;2021-03-31;1157;490;40943;14374;17.0;6.0
19;2021-04-01;1491;425;42434;14799;17.7;6.2
19;2021-04-02;1008;522;43442;15321;18.1;6.4
19;2021-04-03;597;283;44039;15604;18.3;6.5
19;2021-04-04;130;3;44169;15607;18.4;6.5
19;2021-04-05;40;75;44209;15682;18.4;6.5
19;2021-04-06;734;602;44943;16284;18.7;6.8
19;2021-04-07;976;732;45919;17016;19.1;7.1
19;2021-04-08;1116;1016;47035;18032;19.6;7.5
19;2021-04-09;1641;615;48676;18647;20.3;7.8
19;2021-04-10;946;557;49622;19204;20.6;8.0
19;2021-04-11;557;74;50179;19278;20.9;8.0
19;2021-04-12;681;521;50860;19799;21.2;8.2
19;2021-04-13;915;575;51775;20374;21.5;8.5
19;2021-04-14;1333;844;53108;21218;22.1;8.8
19;2021-04-15;1228;871;54336;22089;22.6;9.2
19;2021-04-16;1506;819;55842;22908;23.2;9.5
19;2021-04-17;761;479;56603;23387;23.6;9.7
19;2021-04-18;661;69;57264;23456;23.8;9.8
19;2021-04-19;730;439;57994;23895;24.1;9.9
19;2021-04-20;979;748;58973;24643;24.5;10.3
19;2021-04-21;1271;698;60244;25341;25.1;10.5
19;2021-04-22;1188;898;61432;26239;25.6;10.9
19;2021-04-23;1127;1020;62559;27259;26.0;11.3
19;2021-04-24;678;676;63237;27935;26.3;11.6
19;2021-04-25;675;70;63912;28005;26.6;11.7
19;2021-04-26;1056;332;64968;28337;27.0;11.8
19;2021-04-27;1027;568;65995;28905;27.5;12.0
19;2021-04-28;1553;555;67548;29460;28.1;12.3
19;2021-04-29;1453;1181;69001;30641;28.7;12.7
19;2021-04-30;1876;1056;70877;31697;29.5;13.2
19;2021-05-01;671;173;71548;31870;29.8;13.3
19;2021-05-02;551;152;72099;32022;30.0;13.3
19;2021-05-03;854;547;72953;32569;30.4;13.6
19;2021-05-04;1025;707;73978;33276;30.8;13.8
19;2021-05-05;1256;741;75234;34017;31.3;14.2
19;2021-05-06;1127;1194;76361;35211;31.8;14.7
19;2021-05-07;1663;1190;78024;36401;32.5;15.1
19;2021-05-08;712;205;78736;36606;32.8;15.2
19;2021-05-09;487;547;79223;37153;33.0;15.5
19;2021-05-10;1164;665;80387;37818;33.4;15.7
19;2021-05-11;1639;856;82026;38674;34.1;16.1
19;2021-05-12;1945;1319;83971;39993;34.9;16.6
19;2021-05-13;571;242;84542;40235;35.2;16.7
19;2021-05-14;1646;987;86188;41222;35.9;17.2
19;2021-05-15;1443;592;87631;41814;36.5;17.4
19;2021-05-16;350;82;87981;41896;36.6;17.4
19;2021-05-17;1498;559;89479;42455;37.2;17.7
19;2021-05-18;1669;498;91148;42953;37.9;17.9
19;2021-05-19;2009;822;93157;43775;38.8;18.2
19;2021-05-20;1722;892;94879;44667;39.5;18.6
19;2021-05-21;1964;814;96843;45481;40.3;18.9
19;2021-05-22;1271;651;98114;46132;40.8;19.2
19;2021-05-23;324;131;98438;46263;41.0;19.2
19;2021-05-24;139;46;98577;46309;41.0;19.3
19;2021-05-25;1503;492;100080;46801;41.6;19.5
19;2021-05-26;1924;666;102004;47467;42.4;19.8
19;2021-05-27;1786;835;103790;48302;43.2;20.1
19;2021-05-28;1937;990;105727;49292;44.0;20.5
19;2021-05-29;1375;705;107102;49997;44.6;20.8
19;2021-05-30;191;495;107293;50492;44.6;21.0
19;2021-05-31;1199;537;108492;51029;45.1;21.2
19;2021-06-01;1284;886;109776;51915;45.7;21.6
19;2021-06-02;1816;952;111592;52867;46.4;22.0
19;2021-06-03;1447;1251;113039;54118;47.0;22.5
19;2021-06-04;1848;1349;114887;55467;47.8;23.1
19;2021-06-05;1210;815;116097;56282;48.3;23.4
19;2021-06-06;87;648;116184;56930;48.3;23.7
19;2021-06-07;922;934;117106;57864;48.7;24.1
19;2021-06-08;1103;906;118209;58770;49.2;24.5
19;2021-06-09;1328;1459;119537;60229;49.7;25.1
19;2021-06-10;1283;1580;120820;61809;50.3;25.7
19;2021-06-11;1306;1917;122126;63726;50.8;26.5
19;2021-06-12;1356;1314;123482;65040;51.4;27.1
19;2021-06-13;542;424;124024;65464;51.6;27.2
19;2021-06-14;736;1016;124760;66480;51.9;27.7
19;2021-06-15;979;1143;125739;67623;52.3;28.1
19;2021-06-16;1222;1363;126961;68986;52.8;28.7
19;2021-06-17;868;1788;127829;70774;53.2;29.4
19;2021-06-18;1056;2134;128885;72908;53.6;30.3
19;2021-06-19;919;1302;129804;74210;54.0;30.9
19;2021-06-20;395;327;130199;74537;54.2;31.0
19;2021-06-21;500;1074;130699;75611;54.4;31.5
19;2021-06-22;698;1490;131397;77101;54.7;32.1
19;2021-06-23;744;1989;132141;79090;55.0;32.9
19;2021-06-24;687;1663;132828;80753;55.3;33.6
19;2021-06-25;562;2216;133390;82969;55.5;34.5
19;2021-06-26;474;1741;133864;84710;55.7;35.2
19;2021-06-27;289;446;134153;85156;55.8;35.4
19;2021-06-28;315;1499;134468;86655;56.0;36.1
19;2021-06-29;353;1893;134821;88548;56.1;36.8
19;2021-06-30;795;2152;135616;90700;56.4;37.7
19;2021-07-01;361;2322;135977;93022;56.6;38.7
19;2021-07-02;798;2316;136775;95338;56.9;39.7
19;2021-07-03;513;1744;137288;97082;57.1;40.4
19;2021-07-04;1;73;137289;97155;57.1;40.4
19;2021-07-05;600;1015;137889;98170;57.4;40.8
19;2021-07-06;504;1539;138393;99709;57.6;41.5
19;2021-07-07;706;2046;139099;101755;57.9;42.3
19;2021-07-08;770;2148;139869;103903;58.2;43.2
19;2021-07-09;716;2659;140585;106562;58.5;44.3
19;2021-07-10;586;1705;141171;108267;58.7;45.0
19;2021-07-11;45;212;141216;108479;58.8;45.1
19;2021-07-12;445;1486;141661;109965;58.9;45.8
19;2021-07-13;687;1828;142348;111793;59.2;46.5
19;2021-07-14;201;272;142549;112065;59.3;46.6
19;2021-07-15;870;2050;143419;114115;59.7;47.5
19;2021-07-16;1228;2445;144647;116560;60.2;48.5
19;2021-07-17;703;1718;145350;118278;60.5;49.2
19;2021-07-18;365;672;145715;118950;60.6;49.5
19;2021-07-19;968;1398;146683;120348;61.0;50.1
19;2021-07-20;967;1674;147650;122022;61.4;50.8
19;2021-07-21;1083;1710;148733;123732;61.9;51.5
19;2021-07-22;1392;1854;150125;125586;62.5;52.3
19;2021-07-23;1784;1995;151909;127581;63.2;53.1
19;2021-07-24;908;1753;152817;129334;63.6;53.8
19;2021-07-25;164;513;152981;129847;63.7;54.0
19;2021-07-26;911;911;153892;130758;64.0;54.4
19;2021-07-27;1425;1116;155317;131874;64.6;54.9
19;2021-07-28;2045;1221;157362;133095;65.5;55.4
19;2021-07-29;1623;1204;158985;134299;66.2;55.9
19;2021-07-30;1909;1027;160894;135326;66.9;56.3
19;2021-07-31;1129;1018;162023;136344;67.4;56.7
19;2021-08-01;347;372;162370;136716;67.6;56.9
19;2021-08-02;1194;809;163564;137525;68.1;57.2
19;2021-08-03;1453;1055;165017;138580;68.7;57.7
19;2021-08-04;1983;763;167000;139343;69.5;58.0
19;2021-08-05;1630;958;168630;140301;70.2;58.4
19;2021-08-06;1962;1217;170592;141518;71.0;58.9
19;2021-08-07;1335;1001;171927;142519;71.5;59.3
19;2021-08-08;187;234;172114;142753;71.6;59.4
19;2021-08-09;1008;784;173122;143537;72.0;59.7
19;2021-08-10;1280;1013;174402;144550;72.6;60.1
19;2021-08-11;1356;1006;175758;145556;73.1;60.6
19;2021-08-12;1016;1275;176774;146831;73.6;61.1
19;2021-08-13;1181;1275;177955;148106;74.0;61.6
19;2021-08-14;979;1164;178934;149270;74.5;62.1
19;2021-08-15;30;54;178964;149324;74.5;62.1
19;2021-08-16;592;1029;179556;150353;74.7;62.6
19;2021-08-17;633;1167;180189;151520;75.0;63.0
19;2021-08-18;656;979;180845;152499;75.2;63.5
19;2021-08-19;438;1258;181283;153757;75.4;64.0
19;2021-08-20;867;1927;182150;155684;75.8;64.8
19;2021-08-21;495;1376;182645;157060;76.0;65.4
19;2021-08-22;52;93;182697;157153;76.0;65.4
19;2021-08-23;225;1158;182922;158311;76.1;65.9
19;2021-08-24;538;1317;183460;159628;76.3;66.4
19;2021-08-25;649;1557;184109;161185;76.6;67.1
19;2021-08-26;477;1463;184586;162648;76.8;67.7
19;2021-08-27;502;1690;185088;164338;77.0;68.4
19;2021-08-28;360;1277;185448;165615;77.2;68.9
19;2021-08-29;60;182;185508;165797;77.2;69.0
19;2021-08-30;225;1095;185733;166892;77.3;69.4
19;2021-08-31;326;1454;186059;168346;77.4;70.0
19;2021-09-01;365;1480;186424;169826;77.6;70.7
19;2021-09-02;346;1318;186770;171144;77.7;71.2
19;2021-09-03;412;1515;187182;172659;77.9;71.8
19;2021-09-04;302;1395;187484;174054;78.0;72.4
19;2021-09-05;32;245;187516;174299;78.0;72.5
19;2021-09-06;197;697;187713;174996;78.1;72.8
19;2021-09-07;229;822;187942;175818;78.2;73.2
19;2021-09-08;287;934;188229;176752;78.3;73.5
19;2021-09-09;253;618;188482;177370;78.4;73.8
19;2021-09-10;252;853;188734;178223;78.5;74.2
19;2021-09-11;294;1156;189028;179379;78.7;74.6
19;2021-09-12;42;151;189070;179530;78.7;74.7
19;2021-09-13;106;437;189176;179967;78.7;74.9
19;2021-09-14;170;614;189346;180581;78.8;75.1
19;2021-09-15;242;669;189588;181250;78.9;75.4
19;2021-09-16;230;411;189818;181661;79.0;75.6
19;2021-09-17;254;531;190072;182192;79.1;75.8
19;2021-09-18;183;689;190255;182881;79.2;76.1
19;2021-09-19;17;34;190272;182915;79.2;76.1
19;2021-09-20;112;205;190384;183120;79.2;76.2
19;2021-09-21;143;295;190527;183415;79.3;76.3
19;2021-09-22;152;398;190679;183813;79.3;76.5
19;2021-09-23;87;300;190766;184113;79.4;76.6
19;2021-09-24;123;360;190889;184473;79.4;76.8
19;2021-09-25;140;568;191029;185041;79.5;77.0
19;2021-09-26;14;25;191043;185066;79.5;77.0
19;2021-09-27;43;215;191086;185281;79.5;77.1
19;2021-09-28;67;202;191153;185483;79.5;77.2
19;2021-09-29;82;341;191235;185824;79.6;77.3
19;2021-09-30;104;272;191339;186096;79.6;77.4
19;2021-10-01;115;233;191454;186329;79.7;77.5
19;2021-10-02;151;340;191605;186669;79.7;77.7
19;2021-10-03;9;11;191614;186680;79.7;77.7
19;2021-10-04;56;134;191670;186814;79.8;77.7
19;2021-10-05;90;185;191760;186999;79.8;77.8
21;2020-12-27;4;0;4;0;0.0;0.0
21;2020-12-28;2;0;6;0;0.0;0.0
21;2020-12-29;19;0;25;0;0.0;0.0
21;2020-12-30;22;0;47;0;0.0;0.0
21;2020-12-31;0;0;47;0;0.0;0.0
21;2021-01-01;0;0;47;0;0.0;0.0
21;2021-01-02;1;0;48;0;0.0;0.0
21;2021-01-03;1;0;49;0;0.0;0.0
21;2021-01-04;22;0;71;0;0.0;0.0
21;2021-01-05;250;2;321;2;0.1;0.0
21;2021-01-06;300;0;621;2;0.1;0.0
21;2021-01-07;389;0;1010;2;0.2;0.0
21;2021-01-08;455;2;1465;4;0.3;0.0
21;2021-01-09;252;0;1717;4;0.3;0.0
21;2021-01-10;2;0;1719;4;0.3;0.0
21;2021-01-11;624;1;2343;5;0.4;0.0
21;2021-01-12;655;0;2998;5;0.6;0.0
21;2021-01-13;706;2;3704;7;0.7;0.0
21;2021-01-14;1190;6;4894;13;0.9;0.0
21;2021-01-15;719;5;5613;18;1.1;0.0
21;2021-01-16;162;0;5775;18;1.1;0.0
21;2021-01-17;5;0;5780;18;1.1;0.0
21;2021-01-18;1319;4;7099;22;1.3;0.0
21;2021-01-19;1370;1;8469;23;1.6;0.0
21;2021-01-20;1301;45;9770;68;1.8;0.0
21;2021-01-21;1544;4;11314;72;2.1;0.0
21;2021-01-22;1246;5;12560;77;2.4;0.0
21;2021-01-23;490;0;13050;77;2.4;0.0
21;2021-01-24;124;0;13174;77;2.5;0.0
21;2021-01-25;928;18;14102;95;2.6;0.0
21;2021-01-26;1542;135;15644;230;2.9;0.0
21;2021-01-27;2061;145;17705;375;3.3;0.1
21;2021-01-28;1460;216;19165;591;3.6;0.1
21;2021-01-29;1022;209;20187;800;3.8;0.2
21;2021-01-30;470;26;20657;826;3.9;0.2
21;2021-01-31;97;3;20754;829;3.9;0.2
21;2021-02-01;453;280;21207;1109;4.0;0.2
21;2021-02-02;456;428;21663;1537;4.1;0.3
21;2021-02-03;446;271;22109;1808;4.1;0.3
21;2021-02-04;417;524;22526;2332;4.2;0.4
21;2021-02-05;489;448;23015;2780;4.3;0.5
21;2021-02-06;162;218;23177;2998;4.3;0.6
21;2021-02-07;2;2;23179;3000;4.3;0.6
21;2021-02-08;433;367;23612;3367;4.4;0.6
21;2021-02-09;515;466;24127;3833;4.5;0.7
21;2021-02-10;461;541;24588;4374;4.6;0.8
21;2021-02-11;486;713;25074;5087;4.7;1.0
21;2021-02-12;356;825;25430;5912;4.8;1.1
21;2021-02-13;365;243;25795;6155;4.8;1.2
21;2021-02-14;239;130;26034;6285;4.9;1.2
21;2021-02-15;120;1096;26154;7381;4.9;1.4
21;2021-02-16;207;1307;26361;8688;4.9;1.6
21;2021-02-17;402;1760;26763;10448;5.0;2.0
21;2021-02-18;604;1179;27367;11627;5.1;2.2
21;2021-02-19;218;990;27585;12617;5.2;2.4
21;2021-02-20;121;326;27706;12943;5.2;2.4
21;2021-02-21;1;83;27707;13026;5.2;2.4
21;2021-02-22;84;654;27791;13680;5.2;2.6
21;2021-02-23;170;884;27961;14564;5.2;2.7
21;2021-02-24;226;609;28187;15173;5.3;2.8
21;2021-02-25;647;715;28834;15888;5.4;3.0
21;2021-02-26;926;601;29760;16489;5.6;3.1
21;2021-02-27;532;241;30292;16730;5.7;3.1
21;2021-02-28;24;112;30316;16842;5.7;3.2
21;2021-03-01;679;522;30995;17364;5.8;3.3
21;2021-03-02;1055;490;32050;17854;6.0;3.4
21;2021-03-03;1170;381;33220;18235;6.2;3.4
21;2021-03-04;1688;472;34908;18707;6.6;3.5
21;2021-03-05;2196;626;37104;19333;7.0;3.6
21;2021-03-06;1594;189;38698;19522;7.3;3.7
21;2021-03-07;4;15;38702;19537;7.3;3.7
21;2021-03-08;772;410;39474;19947;7.4;3.7
21;2021-03-09;1571;527;41045;20474;7.7;3.8
21;2021-03-10;1627;524;42672;20998;8.0;3.9
21;2021-03-11;2197;670;44869;21668;8.4;4.1
21;2021-03-12;2905;430;47774;22098;9.0;4.1
21;2021-03-13;1932;155;49706;22253;9.3;4.2
21;2021-03-14;38;41;49744;22294;9.3;4.2
21;2021-03-15;1415;87;51159;22381;9.6;4.2
21;2021-03-16;1883;152;53042;22533;10.0;4.2
21;2021-03-17;1810;112;54852;22645;10.3;4.2
21;2021-03-18;2127;260;56979;22905;10.7;4.3
21;2021-03-19;1964;148;58943;23053;11.1;4.3
21;2021-03-20;1228;38;60171;23091;11.3;4.3
21;2021-03-21;2;0;60173;23091;11.3;4.3
21;2021-03-22;1556;92;61729;23183;11.6;4.4
21;2021-03-23;2696;105;64425;23288;12.1;4.4
21;2021-03-24;2895;163;67320;23451;12.6;4.4
21;2021-03-25;3730;245;71050;23696;13.3;4.4
21;2021-03-26;3655;197;74705;23893;14.0;4.5
21;2021-03-27;1732;60;76437;23953;14.3;4.5
21;2021-03-28;200;38;76637;23991;14.4;4.5
21;2021-03-29;1788;511;78425;24502;14.7;4.6
21;2021-03-30;2347;797;80772;25299;15.2;4.7
21;2021-03-31;2718;645;83490;25944;15.7;4.9
21;2021-04-01;2694;720;86184;26664;16.2;5.0
21;2021-04-02;2249;742;88433;27406;16.6;5.1
21;2021-04-03;1018;280;89451;27686;16.8;5.2
21;2021-04-04;2;12;89453;27698;16.8;5.2
21;2021-04-05;9;0;89462;27698;16.8;5.2
21;2021-04-06;1357;1135;90819;28833;17.0;5.4
21;2021-04-07;1750;968;92569;29801;17.4;5.6
21;2021-04-08;3217;1144;95786;30945;18.0;5.8
21;2021-04-09;3481;1185;99267;32130;18.6;6.0
21;2021-04-10;1374;729;100641;32859;18.9;6.2
21;2021-04-11;145;3;100786;32862;18.9;6.2
21;2021-04-12;1117;1344;101903;34206;19.1;6.4
21;2021-04-13;1655;1778;103558;35984;19.4;6.8
21;2021-04-14;1484;1467;105042;37451;19.7;7.0
21;2021-04-15;1900;1590;106942;39041;20.1;7.3
21;2021-04-16;2322;1310;109264;40351;20.5;7.6
21;2021-04-17;1020;973;110284;41324;20.7;7.8
21;2021-04-18;15;4;110299;41328;20.7;7.8
21;2021-04-19;1110;1318;111409;42646;20.9;8.0
21;2021-04-20;1244;1833;112653;44479;21.1;8.3
21;2021-04-21;1095;1720;113748;46199;21.3;8.7
21;2021-04-22;1275;2210;115023;48409;21.6;9.1
21;2021-04-23;1984;1723;117007;50132;22.0;9.4
21;2021-04-24;1001;871;118008;51003;22.1;9.6
21;2021-04-25;9;168;118017;51171;22.1;9.6
21;2021-04-26;1013;1592;119030;52763;22.3;9.9
21;2021-04-27;1842;1932;120872;54695;22.7;10.3
21;2021-04-28;2230;2221;123102;56916;23.1;10.7
21;2021-04-29;3135;2251;126237;59167;23.7;11.1
21;2021-04-30;3562;1821;129799;60988;24.4;11.4
21;2021-05-01;962;225;130761;61213;24.5;11.5
21;2021-05-02;2;5;130763;61218;24.5;11.5
21;2021-05-03;2081;1349;132844;62567;24.9;11.7
21;2021-05-04;2577;1639;135421;64206;25.4;12.0
21;2021-05-05;2247;1691;137668;65897;25.8;12.4
21;2021-05-06;3015;2246;140683;68143;26.4;12.8
21;2021-05-07;2805;2169;143488;70312;26.9;13.2
21;2021-05-08;1067;271;144555;70583;27.1;13.2
21;2021-05-09;26;177;144581;70760;27.1;13.3
21;2021-05-10;3169;1728;147750;72488;27.7;13.6
21;2021-05-11;4923;2002;152673;74490;28.7;14.0
21;2021-05-12;4805;1747;157478;76237;29.6;14.3
21;2021-05-13;3845;368;161323;76605;30.3;14.4
21;2021-05-14;5197;1469;166520;78074;31.2;14.7
21;2021-05-15;3428;647;169948;78721;31.9;14.8
21;2021-05-16;49;4;169997;78725;31.9;14.8
21;2021-05-17;4128;1255;174125;79980;32.7;15.0
21;2021-05-18;4359;1500;178484;81480;33.5;15.3
21;2021-05-19;3470;1124;181954;82604;34.1;15.5
21;2021-05-20;3898;1359;185852;83963;34.9;15.8
21;2021-05-21;3628;2154;189480;86117;35.6;16.2
21;2021-05-22;1669;768;191149;86885;35.9;16.3
21;2021-05-23;4;17;191153;86902;35.9;16.3
21;2021-05-24;1815;266;192968;87168;36.2;16.4
21;2021-05-25;2648;1960;195616;89128;36.7;16.7
21;2021-05-26;2604;2000;198220;91128;37.2;17.1
21;2021-05-27;4014;2087;202234;93215;38.0;17.5
21;2021-05-28;3572;2813;205806;96028;38.6;18.0
21;2021-05-29;1932;1468;207738;97496;39.0;18.3
21;2021-05-30;98;13;207836;97509;39.0;18.3
21;2021-05-31;2501;1776;210337;99285;39.5;18.6
21;2021-06-01;3449;2247;213786;101532;40.1;19.1
21;2021-06-02;2617;1757;216403;103289;40.6;19.4
21;2021-06-03;3146;2075;219549;105364;41.2;19.8
21;2021-06-04;3286;2585;222835;107949;41.8;20.3
21;2021-06-05;2922;1654;225757;109603;42.4;20.6
21;2021-06-06;51;85;225808;109688;42.4;20.6
21;2021-06-07;4314;1344;230122;111032;43.2;20.8
21;2021-06-08;4935;2144;235057;113176;44.1;21.2
21;2021-06-09;4500;1625;239557;114801;45.0;21.5
21;2021-06-10;3933;2595;243490;117396;45.7;22.0
21;2021-06-11;4164;3096;247654;120492;46.5;22.6
21;2021-06-12;2199;1606;249853;122098;46.9;22.9
21;2021-06-13;29;11;249882;122109;46.9;22.9
21;2021-06-14;2197;2563;252079;124672;47.3;23.4
21;2021-06-15;2958;3088;255037;127760;47.9;24.0
21;2021-06-16;2850;2609;257887;130369;48.4;24.5
21;2021-06-17;3422;3040;261309;133409;49.0;25.0
21;2021-06-18;2424;3796;263733;137205;49.5;25.7
21;2021-06-19;2045;1863;265778;139068;49.9;26.1
21;2021-06-20;26;13;265804;139081;49.9;26.1
21;2021-06-21;1840;3404;267644;142485;50.2;26.7
21;2021-06-22;1885;5828;269529;148313;50.6;27.8
21;2021-06-23;2030;5011;271559;153324;51.0;28.8
21;2021-06-24;2367;4663;273926;157987;51.4;29.6
21;2021-06-25;1530;5894;275456;163881;51.7;30.8
21;2021-06-26;1441;3898;276897;167779;52.0;31.5
21;2021-06-27;18;125;276915;167904;52.0;31.5
21;2021-06-28;1397;4014;278312;171918;52.2;32.3
21;2021-06-29;1633;4173;279945;176091;52.5;33.0
21;2021-06-30;1568;3372;281513;179463;52.8;33.7
21;2021-07-01;1663;4147;283176;183610;53.1;34.5
21;2021-07-02;2179;4229;285355;187839;53.5;35.2
21;2021-07-03;1096;2101;286451;189940;53.8;35.6
21;2021-07-04;37;55;286488;189995;53.8;35.7
21;2021-07-05;1611;3627;288099;193622;54.1;36.3
21;2021-07-06;1349;3580;289448;197202;54.3;37.0
21;2021-07-07;1455;3240;290903;200442;54.6;37.6
21;2021-07-08;1884;4159;292787;204601;54.9;38.4
21;2021-07-09;2081;4346;294868;208947;55.3;39.2
21;2021-07-10;1089;2546;295957;211493;55.5;39.7
21;2021-07-11;21;74;295978;211567;55.5;39.7
21;2021-07-12;1656;3727;297634;215294;55.9;40.4
21;2021-07-13;2343;4885;299977;220179;56.3;41.3
21;2021-07-14;2874;2017;302851;222196;56.8;41.7
21;2021-07-15;3814;4550;306665;226746;57.5;42.6
21;2021-07-16;3890;5250;310555;231996;58.3;43.5
21;2021-07-17;2775;4168;313330;236164;58.8;44.3
21;2021-07-18;157;82;313487;236246;58.8;44.3
21;2021-07-19;2375;4624;315862;240870;59.3;45.2
21;2021-07-20;2760;5485;318622;246355;59.8;46.2
21;2021-07-21;2908;4786;321530;251141;60.3;47.1
21;2021-07-22;3026;4719;324556;255860;60.9;48.0
21;2021-07-23;4352;4896;328908;260756;61.7;48.9
21;2021-07-24;3034;3020;331942;263776;62.3;49.5
21;2021-07-25;68;40;332010;263816;62.3;49.5
21;2021-07-26;2663;3588;334673;267404;62.8;50.2
21;2021-07-27;3412;3772;338085;271176;63.4;50.9
21;2021-07-28;3574;3353;341659;274529;64.1;51.5
21;2021-07-29;4135;3364;345794;277893;64.9;52.1
21;2021-07-30;4622;3346;350416;281239;65.8;52.8
21;2021-07-31;3427;2378;353843;283617;66.4;53.2
21;2021-08-01;331;57;354174;283674;66.5;53.2
21;2021-08-02;2540;3167;356714;286841;66.9;53.8
21;2021-08-03;2624;2761;359338;289602;67.4;54.3
21;2021-08-04;2364;2487;361702;292089;67.9;54.8
21;2021-08-05;2219;3078;363921;295167;68.3;55.4
21;2021-08-06;2590;3308;366511;298475;68.8;56.0
21;2021-08-07;1905;2660;368416;301135;69.1;56.5
21;2021-08-08;75;70;368491;301205;69.2;56.5
21;2021-08-09;1650;2930;370141;304135;69.5;57.1
21;2021-08-10;1413;2715;371554;306850;69.7;57.6
21;2021-08-11;1666;2446;373220;309296;70.0;58.0
21;2021-08-12;1176;2419;374396;311715;70.3;58.5
21;2021-08-13;1521;2747;375917;314462;70.5;59.0
21;2021-08-14;860;2435;376777;316897;70.7;59.5
21;2021-08-15;51;64;376828;316961;70.7;59.5
21;2021-08-16;1400;2823;378228;319784;71.0;60.0
21;2021-08-17;1205;2775;379433;322559;71.2;60.5
21;2021-08-18;1029;2872;380462;325431;71.4;61.1
21;2021-08-19;957;3067;381419;328498;71.6;61.6
21;2021-08-20;1064;4192;382483;332690;71.8;62.4
21;2021-08-21;844;3143;383327;335833;71.9;63.0
21;2021-08-22;34;116;383361;335949;71.9;63.0
21;2021-08-23;938;3220;384299;339169;72.1;63.6
21;2021-08-24;988;2877;385287;342046;72.3;64.2
21;2021-08-25;870;2551;386157;344597;72.5;64.7
21;2021-08-26;728;2426;386885;347023;72.6;65.1
21;2021-08-27;1035;3398;387920;350421;72.8;65.8
21;2021-08-28;711;2757;388631;353178;72.9;66.3
21;2021-08-29;48;215;388679;353393;72.9;66.3
21;2021-08-30;790;2270;389469;355663;73.1;66.7
21;2021-08-31;944;2107;390413;357770;73.3;67.1
21;2021-09-01;625;1783;391038;359553;73.4;67.5
21;2021-09-02;548;1462;391586;361015;73.5;67.7
21;2021-09-03;787;2034;392373;363049;73.6;68.1
21;2021-09-04;752;1676;393125;364725;73.8;68.4
21;2021-09-05;69;107;393194;364832;73.8;68.5
21;2021-09-06;410;1478;393604;366310;73.9;68.7
21;2021-09-07;391;1311;393995;367621;73.9;69.0
21;2021-09-08;551;1606;394546;369227;74.0;69.3
21;2021-09-09;398;1382;394944;370609;74.1;69.5
21;2021-09-10;664;1766;395608;372375;74.2;69.9
21;2021-09-11;472;1462;396080;373837;74.3;70.2
21;2021-09-12;20;36;396100;373873;74.3;70.2
21;2021-09-13;253;892;396353;374765;74.4;70.3
21;2021-09-14;467;1320;396820;376085;74.5;70.6
21;2021-09-15;485;905;397305;376990;74.6;70.7
21;2021-09-16;339;759;397644;377749;74.6;70.9
21;2021-09-17;549;1056;398193;378805;74.7;71.1
21;2021-09-18;327;1005;398520;379810;74.8;71.3
21;2021-09-19;5;21;398525;379831;74.8;71.3
21;2021-09-20;248;619;398773;380450;74.8;71.4
21;2021-09-21;366;664;399139;381114;74.9;71.5
21;2021-09-22;336;905;399475;382019;75.0;71.7
21;2021-09-23;273;521;399748;382540;75.0;71.8
21;2021-09-24;359;806;400107;383346;75.1;71.9
21;2021-09-25;216;866;400323;384212;75.1;72.1
21;2021-09-26;6;21;400329;384233;75.1;72.1
21;2021-09-27;242;447;400571;384680;75.2;72.2
21;2021-09-28;208;487;400779;385167;75.2;72.3
21;2021-09-29;244;533;401023;385700;75.3;72.4
21;2021-09-30;289;403;401312;386103;75.3;72.5
21;2021-10-01;360;831;401672;386934;75.4;72.6
21;2021-10-02;221;572;401893;387506;75.4;72.7
21;2021-10-03;6;22;401899;387528;75.4;72.7
21;2021-10-04;180;328;402079;387856;75.5;72.8
21;2021-10-05;148;462;402227;388318;75.5;72.9
22;2020-12-27;0;0;0;0;0.0;0.0
22;2020-12-28;0;0;0;0;0.0;0.0
22;2020-12-29;0;0;0;0;0.0;0.0
22;2020-12-30;0;0;0;0;0.0;0.0
22;2020-12-31;0;0;0;0;0.0;0.0
22;2021-01-01;0;0;0;0;0.0;0.0
22;2021-01-02;2;0;2;0;0.0;0.0
22;2021-01-03;0;0;2;0;0.0;0.0
22;2021-01-04;5;0;7;0;0.0;0.0
22;2021-01-05;61;0;68;0;0.0;0.0
22;2021-01-06;114;1;182;1;0.0;0.0
22;2021-01-07;67;0;249;1;0.0;0.0
22;2021-01-08;174;0;423;1;0.1;0.0
22;2021-01-09;1;0;424;1;0.1;0.0
22;2021-01-10;0;0;424;1;0.1;0.0
22;2021-01-11;234;1;658;2;0.1;0.0
22;2021-01-12;627;0;1285;2;0.2;0.0
22;2021-01-13;677;1;1962;3;0.3;0.0
22;2021-01-14;717;8;2679;11;0.4;0.0
22;2021-01-15;529;2;3208;13;0.5;0.0
22;2021-01-16;96;0;3304;13;0.6;0.0
22;2021-01-17;1;0;3305;13;0.6;0.0
22;2021-01-18;312;1;3617;14;0.6;0.0
22;2021-01-19;686;0;4303;14;0.7;0.0
22;2021-01-20;598;1;4901;15;0.8;0.0
22;2021-01-21;947;1;5848;16;1.0;0.0
22;2021-01-22;840;2;6688;18;1.1;0.0
22;2021-01-23;219;0;6907;18;1.2;0.0
22;2021-01-24;2;0;6909;18;1.2;0.0
22;2021-01-25;751;9;7660;27;1.3;0.0
22;2021-01-26;1018;59;8678;86;1.5;0.0
22;2021-01-27;3858;109;12536;195;2.1;0.0
22;2021-01-28;4511;84;17047;279;2.9;0.0
22;2021-01-29;1898;120;18945;399;3.2;0.1
22;2021-01-30;289;0;19234;399;3.2;0.1
22;2021-01-31;3;0;19237;399;3.2;0.1
22;2021-02-01;642;75;19879;474;3.3;0.1
22;2021-02-02;903;414;20782;888;3.5;0.1
22;2021-02-03;691;472;21473;1360;3.6;0.2
22;2021-02-04;964;611;22437;1971;3.8;0.3
22;2021-02-05;723;512;23160;2483;3.9;0.4
22;2021-02-06;256;0;23416;2483;3.9;0.4
22;2021-02-07;0;0;23416;2483;3.9;0.4
22;2021-02-08;531;112;23947;2595;4.0;0.4
22;2021-02-09;614;264;24561;2859;4.1;0.5
22;2021-02-10;425;180;24986;3039;4.2;0.5
22;2021-02-11;1085;299;26071;3338;4.4;0.6
22;2021-02-12;594;296;26665;3634;4.5;0.6
22;2021-02-13;319;70;26984;3704;4.5;0.6
22;2021-02-14;0;4;26984;3708;4.5;0.6
22;2021-02-15;672;363;27656;4071;4.6;0.7
22;2021-02-16;1042;597;28698;4668;4.8;0.8
22;2021-02-17;1203;2311;29901;6979;5.0;1.2
22;2021-02-18;2147;2695;32048;9674;5.4;1.6
22;2021-02-19;1637;1754;33685;11428;5.7;1.9
22;2021-02-20;480;157;34165;11585;5.7;1.9
22;2021-02-21;6;49;34171;11634;5.7;2.0
22;2021-02-22;401;570;34572;12204;5.8;2.0
22;2021-02-23;665;766;35237;12970;5.9;2.2
22;2021-02-24;695;767;35932;13737;6.0;2.3
22;2021-02-25;1200;1003;37132;14740;6.2;2.5
22;2021-02-26;1066;601;38198;15341;6.4;2.6
22;2021-02-27;564;219;38762;15560;6.5;2.6
22;2021-02-28;16;8;38778;15568;6.5;2.6
22;2021-03-01;958;455;39736;16023;6.7;2.7
22;2021-03-02;1207;748;40943;16771;6.9;2.8
22;2021-03-03;1325;737;42268;17508;7.1;2.9
22;2021-03-04;1602;796;43870;18304;7.4;3.1
22;2021-03-05;2108;693;45978;18997;7.7;3.2
22;2021-03-06;1114;244;47092;19241;7.9;3.2
22;2021-03-07;219;1;47311;19242;7.9;3.2
22;2021-03-08;1291;585;48602;19827;8.2;3.3
22;2021-03-09;1824;670;50426;20497;8.5;3.4
22;2021-03-10;1988;927;52414;21424;8.8;3.6
22;2021-03-11;2375;1550;54789;22974;9.2;3.9
22;2021-03-12;3101;908;57890;23882;9.7;4.0
22;2021-03-13;1721;277;59611;24159;10.0;4.1
22;2021-03-14;245;23;59856;24182;10.0;4.1
22;2021-03-15;1620;555;61476;24737;10.3;4.1
22;2021-03-16;1603;837;63079;25574;10.6;4.3
22;2021-03-17;2651;689;65730;26263;11.0;4.4
22;2021-03-18;2552;1095;68282;27358;11.5;4.6
22;2021-03-19;3281;792;71563;28150;12.0;4.7
22;2021-03-20;2208;282;73771;28432;12.4;4.8
22;2021-03-21;16;0;73787;28432;12.4;4.8
22;2021-03-22;2363;359;76150;28791;12.8;4.8
22;2021-03-23;3142;780;79292;29571;13.3;5.0
22;2021-03-24;3485;682;82777;30253;13.9;5.1
22;2021-03-25;3961;606;86738;30859;14.5;5.2
22;2021-03-26;4003;483;90741;31342;15.2;5.3
22;2021-03-27;2092;179;92833;31521;15.6;5.3
22;2021-03-28;67;1;92900;31522;15.6;5.3
22;2021-03-29;2766;905;95666;32427;16.0;5.4
22;2021-03-30;3567;1149;99233;33576;16.6;5.6
22;2021-03-31;3674;1080;102907;34656;17.3;5.8
22;2021-04-01;4944;1129;107851;35785;18.1;6.0
22;2021-04-02;4391;1034;112242;36819;18.8;6.2
22;2021-04-03;1998;403;114240;37222;19.2;6.2
22;2021-04-04;37;0;114277;37222;19.2;6.2
22;2021-04-05;15;0;114292;37222;19.2;6.2
22;2021-04-06;3288;1136;117580;38358;19.7;6.4
22;2021-04-07;3429;1364;121009;39722;20.3;6.7
22;2021-04-08;4447;1322;125456;41044;21.0;6.9
22;2021-04-09;5183;1361;130639;42405;21.9;7.1
22;2021-04-10;2447;365;133086;42770;22.3;7.2
22;2021-04-11;485;10;133571;42780;22.4;7.2
22;2021-04-12;2988;1007;136559;43787;22.9;7.3
22;2021-04-13;3318;1517;139877;45304;23.5;7.6
22;2021-04-14;3167;2483;143044;47787;24.0;8.0
22;2021-04-15;3600;2431;146644;50218;24.6;8.4
22;2021-04-16;3633;2486;150277;52704;25.2;8.8
22;2021-04-17;1920;1792;152197;54496;25.5;9.1
22;2021-04-18;17;0;152214;54496;25.5;9.1
22;2021-04-19;3021;2145;155235;56641;26.0;9.5
22;2021-04-20;3310;2793;158545;59434;26.6;10.0
22;2021-04-21;3223;2731;161768;62165;27.1;10.4
22;2021-04-22;3593;3128;165361;65293;27.7;11.0
22;2021-04-23;3726;3172;169087;68465;28.4;11.5
22;2021-04-24;2005;1962;171092;70427;28.7;11.8
22;2021-04-25;17;0;171109;70427;28.7;11.8
22;2021-04-26;3213;2854;174322;73281;29.2;12.3
22;2021-04-27;3371;3128;177693;76409;29.8;12.8
22;2021-04-28;3488;3149;181181;79558;30.4;13.3
22;2021-04-29;4080;3245;185261;82803;31.1;13.9
22;2021-04-30;3906;3216;189167;86019;31.7;14.4
22;2021-05-01;60;69;189227;86088;31.7;14.4
22;2021-05-02;1237;59;190464;86147;31.9;14.4
22;2021-05-03;2029;2711;192493;88858;32.3;14.9
22;2021-05-04;2155;2894;194648;91752;32.6;15.4
22;2021-05-05;2049;3005;196697;94757;33.0;15.9
22;2021-05-06;2508;3488;199205;98245;33.4;16.5
22;2021-05-07;2829;3383;202034;101628;33.9;17.0
22;2021-05-08;45;120;202079;101748;33.9;17.1
22;2021-05-09;602;438;202681;102186;34.0;17.1
22;2021-05-10;4473;2728;207154;104914;34.7;17.6
22;2021-05-11;5106;2889;212260;107803;35.6;18.1
22;2021-05-12;6599;1016;218859;108819;36.7;18.3
22;2021-05-13;528;35;219387;108854;36.8;18.3
22;2021-05-14;6407;1074;225794;109928;37.9;18.4
22;2021-05-15;3988;419;229782;110347;38.5;18.5
22;2021-05-16;419;37;230201;110384;38.6;18.5
22;2021-05-17;5668;518;235869;110902;39.6;18.6
22;2021-05-18;6011;947;241880;111849;40.6;18.8
22;2021-05-19;6131;705;248011;112554;41.6;18.9
22;2021-05-20;6587;1369;254598;113923;42.7;19.1
22;2021-05-21;5899;1449;260497;115372;43.7;19.4
22;2021-05-22;4093;768;264590;116140;44.4;19.5
22;2021-05-23;407;17;264997;116157;44.4;19.5
22;2021-05-24;5315;226;270312;116383;45.3;19.5
22;2021-05-25;5637;1170;275949;117553;46.3;19.7
22;2021-05-26;4226;2808;280175;120361;47.0;20.2
22;2021-05-27;4503;3830;284678;124191;47.7;20.8
22;2021-05-28;4384;4417;289062;128608;48.5;21.6
22;2021-05-29;3046;1770;292108;130378;49.0;21.9
22;2021-05-30;19;7;292127;130385;49.0;21.9
22;2021-05-31;3653;3148;295780;133533;49.6;22.4
22;2021-06-01;3520;3685;299300;137218;50.2;23.0
22;2021-06-02;3085;3375;302385;140593;50.7;23.6
22;2021-06-03;3196;4085;305581;144678;51.3;24.3
22;2021-06-04;3371;4535;308952;149213;51.8;25.0
22;2021-06-05;3543;2025;312495;151238;52.4;25.4
22;2021-06-06;214;30;312709;151268;52.5;25.4
22;2021-06-07;3042;3254;315751;154522;53.0;25.9
22;2021-06-08;2798;3525;318549;158047;53.4;26.5
22;2021-06-09;2543;3506;321092;161553;53.9;27.1
22;2021-06-10;2516;4242;323608;165795;54.3;27.8
22;2021-06-11;2551;4226;326159;170021;54.7;28.5
22;2021-06-12;2411;1453;328570;171474;55.1;28.8
22;2021-06-13;134;1093;328704;172567;55.1;28.9
22;2021-06-14;2644;2462;331348;175029;55.6;29.4
22;2021-06-15;3095;2995;334443;178024;56.1;29.9
22;2021-06-16;3008;2806;337451;180830;56.6;30.3
22;2021-06-17;2560;3174;340011;184004;57.0;30.9
22;2021-06-18;3102;4112;343113;188116;57.6;31.6
22;2021-06-19;2984;1453;346097;189569;58.1;31.8
22;2021-06-20;157;8;346254;189577;58.1;31.8
22;2021-06-21;1783;5020;348037;194597;58.4;32.6
22;2021-06-22;2403;5547;350440;200144;58.8;33.6
22;2021-06-23;1285;6202;351725;206346;59.0;34.6
22;2021-06-24;2578;3912;354303;210258;59.4;35.3
22;2021-06-25;1568;6808;355871;217066;59.7;36.4
22;2021-06-26;783;3853;356654;220919;59.8;37.1
22;2021-06-27;4;511;356658;221430;59.8;37.1
22;2021-06-28;1051;5586;357709;227016;60.0;38.1
22;2021-06-29;1375;5949;359084;232965;60.2;39.1
22;2021-06-30;1129;5735;360213;238700;60.4;40.0
22;2021-07-01;1383;6034;361596;244734;60.7;41.0
22;2021-07-02;1708;6089;363304;250823;60.9;42.1
22;2021-07-03;1009;3818;364313;254641;61.1;42.7
22;2021-07-04;149;365;364462;255006;61.1;42.8
22;2021-07-05;1598;5804;366060;260810;61.4;43.7
22;2021-07-06;2313;5992;368373;266802;61.8;44.8
22;2021-07-07;2291;4933;370664;271735;62.2;45.6
22;2021-07-08;2503;5096;373167;276831;62.6;46.4
22;2021-07-09;2496;5377;375663;282208;63.0;47.3
22;2021-07-10;1808;3356;377471;285564;63.3;47.9
22;2021-07-11;484;75;377955;285639;63.4;47.9
22;2021-07-12;2334;4723;380289;290362;63.8;48.7
22;2021-07-13;3782;5054;384071;295416;64.4;49.6
22;2021-07-14;700;2494;384771;297910;64.5;50.0
22;2021-07-15;3869;4619;388640;302529;65.2;50.7
22;2021-07-16;3835;5290;392475;307819;65.8;51.6
22;2021-07-17;2558;3410;395033;311229;66.3;52.2
22;2021-07-18;570;88;395603;311317;66.4;52.2
22;2021-07-19;2773;4103;398376;315420;66.8;52.9
22;2021-07-20;3923;4129;402299;319549;67.5;53.6
22;2021-07-21;3998;3406;406297;322955;68.1;54.2
22;2021-07-22;4858;3704;411155;326659;69.0;54.8
22;2021-07-23;4452;4219;415607;330878;69.7;55.5
22;2021-07-24;2260;2614;417867;333492;70.1;55.9
22;2021-07-25;118;150;417985;333642;70.1;56.0
22;2021-07-26;3022;3918;421007;337560;70.6;56.6
22;2021-07-27;3725;4912;424732;342472;71.2;57.4
22;2021-07-28;3706;3662;428438;346134;71.9;58.1
22;2021-07-29;4294;3779;432732;349913;72.6;58.7
22;2021-07-30;4039;3971;436771;353884;73.3;59.4
22;2021-07-31;2402;2805;439173;356689;73.7;59.8
22;2021-08-01;118;150;439291;356839;73.7;59.9
22;2021-08-02;4670;2552;443961;359391;74.5;60.3
22;2021-08-03;4787;3426;448748;362817;75.3;60.9
22;2021-08-04;5773;2494;454521;365311;76.2;61.3
22;2021-08-05;4128;3802;458649;369113;76.9;61.9
22;2021-08-06;3654;3810;462303;372923;77.5;62.6
22;2021-08-07;2355;2269;464658;375192;77.9;62.9
22;2021-08-08;427;71;465085;375263;78.0;62.9
22;2021-08-09;2722;2707;467807;377970;78.5;63.4
22;2021-08-10;2735;3513;470542;381483;78.9;64.0
22;2021-08-11;2428;3114;472970;384597;79.3;64.5
22;2021-08-12;2216;3476;475186;388073;79.7;65.1
22;2021-08-13;1936;2970;477122;391043;80.0;65.6
22;2021-08-14;1343;1911;478465;392954;80.3;65.9
22;2021-08-15;87;199;478552;393153;80.3;65.9
22;2021-08-16;1470;3177;480022;396330;80.5;66.5
22;2021-08-17;1757;3459;481779;399789;80.8;67.1
22;2021-08-18;1406;3302;483185;403091;81.0;67.6
22;2021-08-19;1349;3609;484534;406700;81.3;68.2
22;2021-08-20;1462;3605;485996;410305;81.5;68.8
22;2021-08-21;816;2261;486812;412566;81.7;69.2
22;2021-08-22;151;308;486963;412874;81.7;69.3
22;2021-08-23;1967;3609;488930;416483;82.0;69.9
22;2021-08-24;1431;3246;490361;419729;82.2;70.4
22;2021-08-25;844;2507;491205;422236;82.4;70.8
22;2021-08-26;1055;4294;492260;426530;82.6;71.5
22;2021-08-27;1326;4602;493586;431132;82.8;72.3
22;2021-08-28;738;2517;494324;433649;82.9;72.7
22;2021-08-29;35;26;494359;433675;82.9;72.7
22;2021-08-30;925;2964;495284;436639;83.1;73.2
22;2021-08-31;967;3799;496251;440438;83.2;73.9
22;2021-09-01;969;3419;497220;443857;83.4;74.4
22;2021-09-02;838;3062;498058;446919;83.5;75.0
22;2021-09-03;943;3067;499001;449986;83.7;75.5
22;2021-09-04;782;2736;499783;452722;83.8;75.9
22;2021-09-05;97;47;499880;452769;83.8;75.9
22;2021-09-06;489;2184;500369;454953;83.9;76.3
22;2021-09-07;514;2302;500883;457255;84.0;76.7
22;2021-09-08;631;2189;501514;459444;84.1;77.1
22;2021-09-09;677;2314;502191;461758;84.2;77.5
22;2021-09-10;705;2438;502896;464196;84.4;77.9
22;2021-09-11;584;1821;503480;466017;84.5;78.2
22;2021-09-12;31;85;503511;466102;84.5;78.2
22;2021-09-13;483;2539;503994;468641;84.5;78.6
22;2021-09-14;587;2311;504581;470952;84.6;79.0
22;2021-09-15;450;1703;505031;472655;84.7;79.3
22;2021-09-16;550;1041;505581;473696;84.8;79.5
22;2021-09-17;619;1630;506200;475326;84.9;79.7
22;2021-09-18;283;2161;506483;477487;85.0;80.1
22;2021-09-19;1;8;506484;477495;85.0;80.1
22;2021-09-20;362;708;506846;478203;85.0;80.2
22;2021-09-21;363;956;507209;479159;85.1;80.4
22;2021-09-22;298;1160;507507;480319;85.1;80.6
22;2021-09-23;398;718;507905;481037;85.2;80.7
22;2021-09-24;362;1099;508267;482136;85.3;80.9
22;2021-09-25;218;1386;508485;483522;85.3;81.1
22;2021-09-26;12;70;508497;483592;85.3;81.1
22;2021-09-27;334;744;508831;484336;85.3;81.2
22;2021-09-28;203;576;509034;484912;85.4;81.3
22;2021-09-29;231;887;509265;485799;85.4;81.5
22;2021-09-30;271;740;509536;486539;85.5;81.6
22;2021-10-01;277;777;509813;487316;85.5;81.7
22;2021-10-02;332;915;510145;488231;85.6;81.9
22;2021-10-03;1;1;510146;488232;85.6;81.9
22;2021-10-04;111;425;510257;488657;85.6;82.0
22;2021-10-05;204;644;510461;489301;85.6;82.1
23;2020-12-27;0;0;0;0;0.0;0.0
23;2020-12-28;2;0;2;0;0.0;0.0
23;2020-12-29;0;0;2;0;0.0;0.0
23;2020-12-30;0;0;2;0;0.0;0.0
23;2020-12-31;0;0;2;0;0.0;0.0
23;2021-01-01;0;0;2;0;0.0;0.0
23;2021-01-02;1;0;3;0;0.0;0.0
23;2021-01-03;1;0;4;0;0.0;0.0
23;2021-01-04;1;0;5;0;0.0;0.0
23;2021-01-05;3;0;8;0;0.0;0.0
23;2021-01-06;10;0;18;0;0.0;0.0
23;2021-01-07;116;1;134;1;0.1;0.0
23;2021-01-08;117;0;251;1;0.2;0.0
23;2021-01-09;36;0;287;1;0.2;0.0
23;2021-01-10;1;0;288;1;0.2;0.0
23;2021-01-11;176;1;464;2;0.4;0.0
23;2021-01-12;237;3;701;5;0.6;0.0
23;2021-01-13;310;0;1011;5;0.9;0.0
23;2021-01-14;293;4;1304;9;1.1;0.0
23;2021-01-15;334;5;1638;14;1.4;0.0
23;2021-01-16;163;1;1801;15;1.5;0.0
23;2021-01-17;0;0;1801;15;1.5;0.0
23;2021-01-18;342;3;2143;18;1.8;0.0
23;2021-01-19;498;2;2641;20;2.3;0.0
23;2021-01-20;363;1;3004;21;2.6;0.0
23;2021-01-21;700;1;3704;22;3.2;0.0
23;2021-01-22;480;0;4184;22;3.6;0.0
23;2021-01-23;368;1;4552;23;3.9;0.0
23;2021-01-24;0;0;4552;23;3.9;0.0
23;2021-01-25;382;16;4934;39;4.2;0.0
23;2021-01-26;301;5;5235;44;4.5;0.0
23;2021-01-27;226;2;5461;46;4.7;0.0
23;2021-01-28;232;30;5693;76;4.9;0.1
23;2021-01-29;304;98;5997;174;5.2;0.1
23;2021-01-30;100;24;6097;198;5.2;0.2
23;2021-01-31;2;33;6099;231;5.2;0.2
23;2021-02-01;148;80;6247;311;5.4;0.3
23;2021-02-02;157;107;6404;418;5.5;0.4
23;2021-02-03;105;178;6509;596;5.6;0.5
23;2021-02-04;77;247;6586;843;5.7;0.7
23;2021-02-05;117;274;6703;1117;5.8;1.0
23;2021-02-06;14;127;6717;1244;5.8;1.1
23;2021-02-07;1;0;6718;1244;5.8;1.1
23;2021-02-08;123;166;6841;1410;5.9;1.2
23;2021-02-09;89;254;6930;1664;6.0;1.4
23;2021-02-10;92;227;7022;1891;6.0;1.6
23;2021-02-11;246;513;7268;2404;6.3;2.1
23;2021-02-12;174;258;7442;2662;6.4;2.3
23;2021-02-13;8;178;7450;2840;6.4;2.4
23;2021-02-14;8;0;7458;2840;6.4;2.4
23;2021-02-15;157;300;7615;3140;6.5;2.7
23;2021-02-16;103;368;7718;3508;6.6;3.0
23;2021-02-17;65;403;7783;3911;6.7;3.4
23;2021-02-18;142;304;7925;4215;6.8;3.6
23;2021-02-19;109;203;8034;4418;6.9;3.8
23;2021-02-20;2;81;8036;4499;6.9;3.9
23;2021-02-21;0;0;8036;4499;6.9;3.9
23;2021-02-22;104;178;8140;4677;7.0;4.0
23;2021-02-23;108;174;8248;4851;7.1;4.2
23;2021-02-24;176;140;8424;4991;7.2;4.3
23;2021-02-25;184;86;8608;5077;7.4;4.4
23;2021-02-26;287;149;8895;5226;7.7;4.5
23;2021-02-27;112;11;9007;5237;7.7;4.5
23;2021-02-28;1;31;9008;5268;7.7;4.5
23;2021-03-01;88;172;9096;5440;7.8;4.7
23;2021-03-02;229;115;9325;5555;8.0;4.8
23;2021-03-03;133;79;9458;5634;8.1;4.8
23;2021-03-04;307;129;9765;5763;8.4;5.0
23;2021-03-05;517;104;10282;5867;8.8;5.0
23;2021-03-06;495;6;10777;5873;9.3;5.1
23;2021-03-07;313;3;11090;5876;9.5;5.1
23;2021-03-08;197;70;11287;5946;9.7;5.1
23;2021-03-09;421;102;11708;6048;10.1;5.2
23;2021-03-10;348;37;12056;6085;10.4;5.2
23;2021-03-11;324;44;12380;6129;10.6;5.3
23;2021-03-12;621;34;13001;6163;11.2;5.3
23;2021-03-13;287;12;13288;6175;11.4;5.3
23;2021-03-14;47;34;13335;6209;11.5;5.3
23;2021-03-15;220;124;13555;6333;11.7;5.4
23;2021-03-16;192;80;13747;6413;11.8;5.5
23;2021-03-17;131;99;13878;6512;11.9;5.6
23;2021-03-18;192;93;14070;6605;12.1;5.7
23;2021-03-19;207;117;14277;6722;12.3;5.8
23;2021-03-20;631;37;14908;6759;12.8;5.8
23;2021-03-21;128;0;15036;6759;12.9;5.8
23;2021-03-22;274;156;15310;6915;13.2;5.9
23;2021-03-23;504;101;15814;7016;13.6;6.0
23;2021-03-24;422;124;16236;7140;14.0;6.1
23;2021-03-25;821;188;17057;7328;14.7;6.3
23;2021-03-26;735;193;17792;7521;15.3;6.5
23;2021-03-27;507;50;18299;7571;15.7;6.5
23;2021-03-28;3;9;18302;7580;15.7;6.5
23;2021-03-29;358;108;18660;7688;16.0;6.6
23;2021-03-30;537;178;19197;7866;16.5;6.8
23;2021-03-31;411;171;19608;8037;16.9;6.9
23;2021-04-01;600;172;20208;8209;17.4;7.1
23;2021-04-02;498;296;20706;8505;17.8;7.3
23;2021-04-03;715;44;21421;8549;18.4;7.4
23;2021-04-04;4;0;21425;8549;18.4;7.4
23;2021-04-05;2;3;21427;8552;18.4;7.4
23;2021-04-06;382;293;21809;8845;18.8;7.6
23;2021-04-07;706;309;22515;9154;19.4;7.9
23;2021-04-08;805;237;23320;9391;20.1;8.1
23;2021-04-09;940;366;24260;9757;20.9;8.4
23;2021-04-10;1097;111;25357;9868;21.8;8.5
23;2021-04-11;21;2;25378;9870;21.8;8.5
23;2021-04-12;692;236;26070;10106;22.4;8.7
23;2021-04-13;670;302;26740;10408;23.0;9.0
23;2021-04-14;586;178;27326;10586;23.5;9.1
23;2021-04-15;929;185;28255;10771;24.3;9.3
23;2021-04-16;905;213;29160;10984;25.1;9.4
23;2021-04-17;996;553;30156;11537;25.9;9.9
23;2021-04-18;3;136;30159;11673;25.9;10.0
23;2021-04-19;613;297;30772;11970;26.5;10.3
23;2021-04-20;720;295;31492;12265;27.1;10.5
23;2021-04-21;733;397;32225;12662;27.7;10.9
23;2021-04-22;655;472;32880;13134;28.3;11.3
23;2021-04-23;596;346;33476;13480;28.8;11.6
23;2021-04-24;855;449;34331;13929;29.5;12.0
23;2021-04-25;0;0;34331;13929;29.5;12.0
23;2021-04-26;615;253;34946;14182;30.1;12.2
23;2021-04-27;675;419;35621;14601;30.6;12.6
23;2021-04-28;628;276;36249;14877;31.2;12.8
23;2021-04-29;883;379;37132;15256;31.9;13.1
23;2021-04-30;719;784;37851;16040;32.6;13.8
23;2021-05-01;1229;42;39080;16082;33.6;13.8
23;2021-05-02;14;0;39094;16082;33.6;13.8
23;2021-05-03;430;520;39524;16602;34.0;14.3
23;2021-05-04;617;513;40141;17115;34.5;14.7
23;2021-05-05;540;713;40681;17828;35.0;15.3
23;2021-05-06;728;698;41409;18526;35.6;15.9
23;2021-05-07;685;643;42094;19169;36.2;16.5
23;2021-05-08;1411;588;43505;19757;37.4;17.0
23;2021-05-09;4;0;43509;19757;37.4;17.0
23;2021-05-10;555;656;44064;20413;37.9;17.6
23;2021-05-11;560;764;44624;21177;38.4;18.2
23;2021-05-12;720;662;45344;21839;39.0;18.8
23;2021-05-13;538;56;45882;21895;39.5;18.8
23;2021-05-14;787;458;46669;22353;40.1;19.2
23;2021-05-15;995;235;47664;22588;41.0;19.4
23;2021-05-16;0;0;47664;22588;41.0;19.4
23;2021-05-17;566;448;48230;23036;41.5;19.8
23;2021-05-18;777;292;49007;23328;42.1;20.1
23;2021-05-19;1051;259;50058;23587;43.1;20.3
23;2021-05-20;838;314;50896;23901;43.8;20.6
23;2021-05-21;1108;311;52004;24212;44.7;20.8
23;2021-05-22;740;125;52744;24337;45.4;20.9
23;2021-05-23;3;20;52747;24357;45.4;20.9
23;2021-05-24;363;166;53110;24523;45.7;21.1
23;2021-05-25;908;336;54018;24859;46.5;21.4
23;2021-05-26;1077;227;55095;25086;47.4;21.6
23;2021-05-27;931;437;56026;25523;48.2;22.0
23;2021-05-28;781;743;56807;26266;48.9;22.6
23;2021-05-29;638;1099;57445;27365;49.4;23.5
23;2021-05-30;6;63;57451;27428;49.4;23.6
23;2021-05-31;433;539;57884;27967;49.8;24.1
23;2021-06-01;582;826;58466;28793;50.3;24.8
23;2021-06-02;624;515;59090;29308;50.8;25.2
23;2021-06-03;708;551;59798;29859;51.4;25.7
23;2021-06-04;778;614;60576;30473;52.1;26.2
23;2021-06-05;543;777;61119;31250;52.6;26.9
23;2021-06-06;0;0;61119;31250;52.6;26.9
23;2021-06-07;393;696;61512;31946;52.9;27.5
23;2021-06-08;323;776;61835;32722;53.2;28.1
23;2021-06-09;287;648;62122;33370;53.4;28.7
23;2021-06-10;374;690;62496;34060;53.8;29.3
23;2021-06-11;384;807;62880;34867;54.1;30.0
23;2021-06-12;376;1265;63256;36132;54.4;31.1
23;2021-06-13;13;5;63269;36137;54.4;31.1
23;2021-06-14;235;589;63504;36726;54.6;31.6
23;2021-06-15;229;860;63733;37586;54.8;32.3
23;2021-06-16;362;579;64095;38165;55.1;32.8
23;2021-06-17;339;810;64434;38975;55.4;33.5
23;2021-06-18;356;767;64790;39742;55.7;34.2
23;2021-06-19;493;1523;65283;41265;56.1;35.5
23;2021-06-20;2;11;65285;41276;56.1;35.5
23;2021-06-21;205;620;65490;41896;56.3;36.0
23;2021-06-22;216;687;65706;42583;56.5;36.6
23;2021-06-23;221;750;65927;43333;56.7;37.3
23;2021-06-24;200;606;66127;43939;56.9;37.8
23;2021-06-25;302;815;66429;44754;57.1;38.5
23;2021-06-26;221;999;66650;45753;57.3;39.4
23;2021-06-27;3;0;66653;45753;57.3;39.4
23;2021-06-28;115;690;66768;46443;57.4;39.9
23;2021-06-29;189;823;66957;47266;57.6;40.7
23;2021-06-30;169;944;67126;48210;57.7;41.5
23;2021-07-01;168;870;67294;49080;57.9;42.2
23;2021-07-02;192;1069;67486;50149;58.0;43.1
23;2021-07-03;250;979;67736;51128;58.3;44.0
23;2021-07-04;1;0;67737;51128;58.3;44.0
23;2021-07-05;160;804;67897;51932;58.4;44.7
23;2021-07-06;215;1043;68112;52975;58.6;45.6
23;2021-07-07;210;848;68322;53823;58.8;46.3
23;2021-07-08;254;740;68576;54563;59.0;46.9
23;2021-07-09;275;1012;68851;55575;59.2;47.8
23;2021-07-10;234;644;69085;56219;59.4;48.4
23;2021-07-11;0;0;69085;56219;59.4;48.4
23;2021-07-12;232;702;69317;56921;59.6;49.0
23;2021-07-13;471;917;69788;57838;60.0;49.7
23;2021-07-14;212;320;70000;58158;60.2;50.0
23;2021-07-15;483;810;70483;58968;60.6;50.7
23;2021-07-16;764;566;71247;59534;61.3;51.2
23;2021-07-17;220;478;71467;60012;61.5;51.6
23;2021-07-18;0;1;71467;60013;61.5;51.6
23;2021-07-19;704;628;72171;60641;62.1;52.2
23;2021-07-20;633;569;72804;61210;62.6;52.6
23;2021-07-21;702;636;73506;61846;63.2;53.2
23;2021-07-22;945;438;74451;62284;64.0;53.6
23;2021-07-23;841;508;75292;62792;64.8;54.0
23;2021-07-24;1013;439;76305;63231;65.6;54.4
23;2021-07-25;13;16;76318;63247;65.6;54.4
23;2021-07-26;788;563;77106;63810;66.3;54.9
23;2021-07-27;928;436;78034;64246;67.1;55.3
23;2021-07-28;877;411;78911;64657;67.9;55.6
23;2021-07-29;1049;400;79960;65057;68.8;56.0
23;2021-07-30;947;521;80907;65578;69.6;56.4
23;2021-07-31;1165;306;82072;65884;70.6;56.7
23;2021-08-01;19;8;82091;65892;70.6;56.7
23;2021-08-02;674;506;82765;66398;71.2;57.1
23;2021-08-03;767;458;83532;66856;71.8;57.5
23;2021-08-04;613;298;84145;67154;72.4;57.8
23;2021-08-05;692;365;84837;67519;73.0;58.1
23;2021-08-06;421;482;85258;68001;73.3;58.5
23;2021-08-07;299;188;85557;68189;73.6;58.6
23;2021-08-08;146;38;85703;68227;73.7;58.7
23;2021-08-09;492;492;86195;68719;74.1;59.1
23;2021-08-10;467;608;86662;69327;74.5;59.6
23;2021-08-11;428;487;87090;69814;74.9;60.0
23;2021-08-12;514;567;87604;70381;75.3;60.5
23;2021-08-13;420;578;88024;70959;75.7;61.0
23;2021-08-14;287;390;88311;71349;76.0;61.4
23;2021-08-15;27;9;88338;71358;76.0;61.4
23;2021-08-16;276;710;88614;72068;76.2;62.0
23;2021-08-17;277;732;88891;72800;76.5;62.6
23;2021-08-18;180;637;89071;73437;76.6;63.2
23;2021-08-19;257;726;89328;74163;76.8;63.8
23;2021-08-20;215;682;89543;74845;77.0;64.4
23;2021-08-21;140;500;89683;75345;77.1;64.8
23;2021-08-22;54;48;89737;75393;77.2;64.8
23;2021-08-23;149;816;89886;76209;77.3;65.5
23;2021-08-24;265;911;90151;77120;77.5;66.3
23;2021-08-25;187;791;90338;77911;77.7;67.0
23;2021-08-26;220;744;90558;78655;77.9;67.6
23;2021-08-27;213;639;90771;79294;78.1;68.2
23;2021-08-28;221;454;90992;79748;78.3;68.6
23;2021-08-29;15;88;91007;79836;78.3;68.7
23;2021-08-30;187;665;91194;80501;78.4;69.2
23;2021-08-31;229;672;91423;81173;78.6;69.8
23;2021-09-01;160;429;91583;81602;78.8;70.2
23;2021-09-02;118;346;91701;81948;78.9;70.5
23;2021-09-03;209;583;91910;82531;79.0;71.0
23;2021-09-04;178;846;92088;83377;79.2;71.7
23;2021-09-05;5;7;92093;83384;79.2;71.7
23;2021-09-06;132;489;92225;83873;79.3;72.1
23;2021-09-07;98;527;92323;84400;79.4;72.6
23;2021-09-08;121;486;92444;84886;79.5;73.0
23;2021-09-09;115;393;92559;85279;79.6;73.3
23;2021-09-10;150;450;92709;85729;79.7;73.7
23;2021-09-11;102;224;92811;85953;79.8;73.9
23;2021-09-12;5;16;92816;85969;79.8;73.9
23;2021-09-13;112;401;92928;86370;79.9;74.3
23;2021-09-14;111;463;93039;86833;80.0;74.7
23;2021-09-15;94;242;93133;87075;80.1;74.9
23;2021-09-16;127;152;93260;87227;80.2;75.0
23;2021-09-17;140;227;93400;87454;80.3;75.2
23;2021-09-18;44;224;93444;87678;80.4;75.4
23;2021-09-19;0;1;93444;87679;80.4;75.4
23;2021-09-20;59;217;93503;87896;80.4;75.6
23;2021-09-21;85;184;93588;88080;80.5;75.8
23;2021-09-22;71;260;93659;88340;80.6;76.0
23;2021-09-23;58;133;93717;88473;80.6;76.1
23;2021-09-24;64;234;93781;88707;80.7;76.3
23;2021-09-25;27;138;93808;88845;80.7;76.4
23;2021-09-26;0;1;93808;88846;80.7;76.4
23;2021-09-27;34;159;93842;89005;80.7;76.6
23;2021-09-28;34;133;93876;89138;80.7;76.7
23;2021-09-29;64;156;93940;89294;80.8;76.8
23;2021-09-30;43;64;93983;89358;80.8;76.9
23;2021-10-01;82;178;94065;89536;80.9;77.0
23;2021-10-02;22;97;94087;89633;80.9;77.1
23;2021-10-03;1;4;94088;89637;80.9;77.1
23;2021-10-04;41;93;94129;89730;81.0;77.2
23;2021-10-05;33;83;94162;89813;81.0;77.2
24;2020-12-27;1;0;1;0;0.0;0.0
24;2020-12-28;1;0;2;0;0.0;0.0
24;2020-12-29;2;0;4;0;0.0;0.0
24;2020-12-30;1;0;5;0;0.0;0.0
24;2020-12-31;1;0;6;0;0.0;0.0
24;2021-01-01;2;0;8;0;0.0;0.0
24;2021-01-02;1;0;9;0;0.0;0.0
24;2021-01-03;0;0;9;0;0.0;0.0
24;2021-01-04;1;0;10;0;0.0;0.0
24;2021-01-05;1;0;11;0;0.0;0.0
24;2021-01-06;2;0;13;0;0.0;0.0
24;2021-01-07;190;0;203;0;0.0;0.0
24;2021-01-08;282;0;485;0;0.1;0.0
24;2021-01-09;185;13;670;13;0.2;0.0
24;2021-01-10;35;0;705;13;0.2;0.0
24;2021-01-11;269;0;974;13;0.2;0.0
24;2021-01-12;280;0;1254;13;0.3;0.0
24;2021-01-13;233;0;1487;13;0.4;0.0
24;2021-01-14;1023;21;2510;34;0.6;0.0
24;2021-01-15;607;4;3117;38;0.8;0.0
24;2021-01-16;88;0;3205;38;0.8;0.0
24;2021-01-17;2;1;3207;39;0.8;0.0
24;2021-01-18;300;0;3507;39;0.9;0.0
24;2021-01-19;467;1;3974;40;1.0;0.0
24;2021-01-20;557;0;4531;40;1.1;0.0
24;2021-01-21;646;6;5177;46;1.3;0.0
24;2021-01-22;517;1;5694;47;1.4;0.0
24;2021-01-23;154;1;5848;48;1.4;0.0
24;2021-01-24;4;0;5852;48;1.4;0.0
24;2021-01-25;443;0;6295;48;1.5;0.0
24;2021-01-26;638;65;6933;113;1.7;0.0
24;2021-01-27;1267;14;8200;127;2.0;0.0
24;2021-01-28;986;126;9186;253;2.2;0.1
24;2021-01-29;933;128;10119;381;2.5;0.1
24;2021-01-30;282;1;10401;382;2.5;0.1
24;2021-01-31;0;0;10401;382;2.5;0.1
24;2021-02-01;379;164;10780;546;2.6;0.1
24;2021-02-02;616;289;11396;835;2.8;0.2
24;2021-02-03;653;435;12049;1270;3.0;0.3
24;2021-02-04;978;382;13027;1652;3.2;0.4
24;2021-02-05;689;355;13716;2007;3.4;0.5
24;2021-02-06;141;35;13857;2042;3.4;0.5
24;2021-02-07;33;1;13890;2043;3.4;0.5
24;2021-02-08;310;222;14200;2265;3.5;0.6
24;2021-02-09;454;230;14654;2495;3.6;0.6
24;2021-02-10;378;101;15032;2596;3.7;0.6
24;2021-02-11;561;487;15593;3083;3.8;0.8
24;2021-02-12;498;373;16091;3456;3.9;0.8
24;2021-02-13;202;41;16293;3497;4.0;0.9
24;2021-02-14;89;0;16382;3497;4.0;0.9
24;2021-02-15;188;197;16570;3694;4.1;0.9
24;2021-02-16;336;450;16906;4144;4.1;1.0
24;2021-02-17;586;784;17492;4928;4.3;1.2
24;2021-02-18;446;648;17938;5576;4.4;1.4
24;2021-02-19;463;640;18401;6216;4.5;1.5
24;2021-02-20;164;107;18565;6323;4.5;1.5
24;2021-02-21;111;0;18676;6323;4.6;1.5
24;2021-02-22;427;453;19103;6776;4.7;1.7
24;2021-02-23;562;598;19665;7374;4.8;1.8
24;2021-02-24;539;734;20204;8108;4.9;2.0
24;2021-02-25;727;771;20931;8879;5.1;2.2
24;2021-02-26;978;830;21909;9709;5.4;2.4
24;2021-02-27;363;228;22272;9937;5.5;2.4
24;2021-02-28;25;4;22297;9941;5.5;2.4
24;2021-03-01;291;318;22588;10259;5.5;2.5
24;2021-03-02;541;380;23129;10639;5.7;2.6
24;2021-03-03;681;297;23810;10936;5.8;2.7
24;2021-03-04;914;468;24724;11404;6.1;2.8
24;2021-03-05;1067;519;25791;11923;6.3;2.9
24;2021-03-06;1125;126;26916;12049;6.6;3.0
24;2021-03-07;232;63;27148;12112;6.6;3.0
24;2021-03-08;530;217;27678;12329;6.8;3.0
24;2021-03-09;1174;395;28852;12724;7.1;3.1
24;2021-03-10;1142;413;29994;13137;7.3;3.2
24;2021-03-11;1609;443;31603;13580;7.7;3.3
24;2021-03-12;2058;429;33661;14009;8.2;3.4
24;2021-03-13;1348;181;35009;14190;8.6;3.5
24;2021-03-14;141;88;35150;14278;8.6;3.5
24;2021-03-15;953;163;36103;14441;8.8;3.5
24;2021-03-16;1144;228;37247;14669;9.1;3.6
24;2021-03-17;1217;281;38464;14950;9.4;3.7
24;2021-03-18;1054;550;39518;15500;9.7;3.8
24;2021-03-19;1251;526;40769;16026;10.0;3.9
24;2021-03-20;1054;143;41823;16169;10.2;4.0
24;2021-03-21;25;11;41848;16180;10.2;4.0
24;2021-03-22;1224;406;43072;16586;10.5;4.1
24;2021-03-23;1878;388;44950;16974;11.0;4.2
24;2021-03-24;1892;379;46842;17353;11.5;4.2
24;2021-03-25;1991;468;48833;17821;12.0;4.4
24;2021-03-26;2374;278;51207;18099;12.5;4.4
24;2021-03-27;1349;42;52556;18141;12.9;4.4
24;2021-03-28;63;9;52619;18150;12.9;4.4
24;2021-03-29;1673;327;54292;18477;13.3;4.5
24;2021-03-30;2410;390;56702;18867;13.9;4.6
24;2021-03-31;2187;308;58889;19175;14.4;4.7
24;2021-04-01;2195;309;61084;19484;15.0;4.8
24;2021-04-02;2072;390;63156;19874;15.5;4.9
24;2021-04-03;1376;121;64532;19995;15.8;4.9
24;2021-04-04;74;1;64606;19996;15.8;4.9
24;2021-04-05;948;60;65554;20056;16.1;4.9
24;2021-04-06;2355;700;67909;20756;16.6;5.1
24;2021-04-07;2716;691;70625;21447;17.3;5.3
24;2021-04-08;3001;959;73626;22406;18.0;5.5
24;2021-04-09;3488;1004;77114;23410;18.9;5.7
24;2021-04-10;2596;313;79710;23723;19.5;5.8
24;2021-04-11;1103;20;80813;23743;19.8;5.8
24;2021-04-12;2498;808;83311;24551;20.4;6.0
24;2021-04-13;2902;1201;86213;25752;21.1;6.3
24;2021-04-14;2938;1196;89151;26948;21.8;6.6
24;2021-04-15;2790;1104;91941;28052;22.5;6.9
24;2021-04-16;3266;976;95207;29028;23.3;7.1
24;2021-04-17;2272;500;97479;29528;23.9;7.2
24;2021-04-18;424;6;97903;29534;24.0;7.2
24;2021-04-19;1598;1011;99501;30545;24.4;7.5
24;2021-04-20;2268;1432;101769;31977;24.9;7.8
24;2021-04-21;2146;1443;103915;33420;25.4;8.2
24;2021-04-22;2061;1257;105976;34677;25.9;8.5
24;2021-04-23;1960;1336;107936;36013;26.4;8.8
24;2021-04-24;863;724;108799;36737;26.6;9.0
24;2021-04-25;54;4;108853;36741;26.7;9.0
24;2021-04-26;1295;1476;110148;38217;27.0;9.4
24;2021-04-27;1848;1879;111996;40096;27.4;9.8
24;2021-04-28;1507;1942;113503;42038;27.8;10.3
24;2021-04-29;1730;1883;115233;43921;28.2;10.8
24;2021-04-30;2271;1768;117504;45689;28.8;11.2
24;2021-05-01;2059;1062;119563;46751;29.3;11.4
24;2021-05-02;1925;218;121488;46969;29.7;11.5
24;2021-05-03;1475;1830;122963;48799;30.1;11.9
24;2021-05-04;2227;2295;125190;51094;30.7;12.5
24;2021-05-05;1891;2716;127081;53810;31.1;13.2
24;2021-05-06;1890;2795;128971;56605;31.6;13.9
24;2021-05-07;2263;2787;131234;59392;32.1;14.5
24;2021-05-08;1285;1150;132519;60542;32.4;14.8
24;2021-05-09;1169;903;133688;61445;32.7;15.0
24;2021-05-10;1097;2622;134785;64067;33.0;15.7
24;2021-05-11;2037;2783;136822;66850;33.5;16.4
24;2021-05-12;1924;2246;138746;69096;34.0;16.9
24;2021-05-13;1465;1215;140211;70311;34.3;17.2
24;2021-05-14;2378;1333;142589;71644;34.9;17.5
24;2021-05-15;2048;816;144637;72460;35.4;17.7
24;2021-05-16;1171;346;145808;72806;35.7;17.8
24;2021-05-17;2240;1250;148048;74056;36.3;18.1
24;2021-05-18;2485;1817;150533;75873;36.9;18.6
24;2021-05-19;2283;1376;152816;77249;37.4;18.9
24;2021-05-20;2376;1572;155192;78821;38.0;19.3
24;2021-05-21;2434;1415;157626;80236;38.6;19.6
24;2021-05-22;1719;409;159345;80645;39.0;19.7
24;2021-05-23;952;72;160297;80717;39.3;19.8
24;2021-05-24;1518;331;161815;81048;39.6;19.8
24;2021-05-25;2297;1383;164112;82431;40.2;20.2
24;2021-05-26;2148;1319;166260;83750;40.7;20.5
24;2021-05-27;1749;2192;168009;85942;41.1;21.0
24;2021-05-28;2144;2000;170153;87942;41.7;21.5
24;2021-05-29;1153;2082;171306;90024;41.9;22.0
24;2021-05-30;1418;169;172724;90193;42.3;22.1
24;2021-05-31;1740;1363;174464;91556;42.7;22.4
24;2021-06-01;2581;1977;177045;93533;43.4;22.9
24;2021-06-02;2654;1782;179699;95315;44.0;23.3
24;2021-06-03;2289;1458;181988;96773;44.6;23.7
24;2021-06-04;2378;1899;184366;98672;45.1;24.2
24;2021-06-05;2007;1413;186373;100085;45.6;24.5
24;2021-06-06;766;222;187139;100307;45.8;24.6
24;2021-06-07;1432;1497;188571;101804;46.2;24.9
24;2021-06-08;1677;1905;190248;103709;46.6;25.4
24;2021-06-09;1322;1596;191570;105305;46.9;25.8
24;2021-06-10;1578;1909;193148;107214;47.3;26.3
24;2021-06-11;1334;2077;194482;109291;47.6;26.8
24;2021-06-12;1118;2538;195600;111829;47.9;27.4
24;2021-06-13;1238;921;196838;112750;48.2;27.6
24;2021-06-14;1166;1858;198004;114608;48.5;28.1
24;2021-06-15;1488;2991;199492;117599;48.8;28.8
24;2021-06-16;1670;2732;201162;120331;49.3;29.5
24;2021-06-17;1544;2176;202706;122507;49.6;30.0
24;2021-06-18;1400;2859;204106;125366;50.0;30.7
24;2021-06-19;1273;1522;205379;126888;50.3;31.1
24;2021-06-20;514;501;205893;127389;50.4;31.2
24;2021-06-21;931;1833;206824;129222;50.6;31.6
24;2021-06-22;1451;2591;208275;131813;51.0;32.3
24;2021-06-23;1425;2418;209700;134231;51.3;32.9
24;2021-06-24;1137;1916;210837;136147;51.6;33.3
24;2021-06-25;968;2817;211805;138964;51.9;34.0
24;2021-06-26;866;2099;212671;141063;52.1;34.5
24;2021-06-27;402;979;213073;142042;52.2;34.8
24;2021-06-28;818;2482;213891;144524;52.4;35.4
24;2021-06-29;938;2867;214829;147391;52.6;36.1
24;2021-06-30;1111;2455;215940;149846;52.9;36.7
24;2021-07-01;1131;2303;217071;152149;53.2;37.3
24;2021-07-02;1096;2745;218167;154894;53.4;37.9
24;2021-07-03;811;1903;218978;156797;53.6;38.4
24;2021-07-04;411;1013;219389;157810;53.7;38.6
24;2021-07-05;793;2316;220182;160126;53.9;39.2
24;2021-07-06;879;3354;221061;163480;54.1;40.0
24;2021-07-07;1086;3040;222147;166520;54.4;40.8
24;2021-07-08;1339;2118;223486;168638;54.7;41.3
24;2021-07-09;1178;3216;224664;171854;55.0;42.1
24;2021-07-10;481;1963;225145;173817;55.1;42.6
24;2021-07-11;587;1189;225732;175006;55.3;42.9
24;2021-07-12;907;2516;226639;177522;55.5;43.5
24;2021-07-13;1323;3217;227962;180739;55.8;44.3
24;2021-07-14;619;1189;228581;181928;56.0;44.5
24;2021-07-15;1697;2776;230278;184704;56.4;45.2
24;2021-07-16;2149;2598;232427;187302;56.9;45.9
24;2021-07-17;1528;2239;233955;189541;57.3;46.4
24;2021-07-18;709;887;234664;190428;57.5;46.6
24;2021-07-19;1580;2187;236244;192615;57.8;47.2
24;2021-07-20;2017;2435;238261;195050;58.3;47.8
24;2021-07-21;1875;2329;240136;197379;58.8;48.3
24;2021-07-22;2350;2440;242486;199819;59.4;48.9
24;2021-07-23;2303;2623;244789;202442;59.9;49.6
24;2021-07-24;1807;1545;246596;203987;60.4;49.9
24;2021-07-25;816;875;247412;204862;60.6;50.2
24;2021-07-26;1572;2015;248984;206877;61.0;50.7
24;2021-07-27;2848;2289;251832;209166;61.7;51.2
24;2021-07-28;2765;1936;254597;211102;62.3;51.7
24;2021-07-29;3063;2238;257660;213340;63.1;52.2
24;2021-07-30;2466;1919;260126;215259;63.7;52.7
24;2021-07-31;1654;1566;261780;216825;64.1;53.1
24;2021-08-01;1117;658;262897;217483;64.4;53.3
24;2021-08-02;1946;1623;264843;219106;64.9;53.7
24;2021-08-03;2887;1908;267730;221014;65.6;54.1
24;2021-08-04;3077;1631;270807;222645;66.3;54.5
24;2021-08-05;3049;1440;273856;224085;67.1;54.9
24;2021-08-06;2537;1540;276393;225625;67.7;55.2
24;2021-08-07;1792;1120;278185;226745;68.1;55.5
24;2021-08-08;1108;687;279293;227432;68.4;55.7
24;2021-08-09;1740;1383;281033;228815;68.8;56.0
24;2021-08-10;2266;1785;283299;230600;69.4;56.5
24;2021-08-11;2279;1698;285578;232298;69.9;56.9
24;2021-08-12;1916;1956;287494;234254;70.4;57.4
24;2021-08-13;1530;1625;289024;235879;70.8;57.8
24;2021-08-14;1171;1242;290195;237121;71.1;58.1
24;2021-08-15;741;583;290936;237704;71.2;58.2
24;2021-08-16;1123;1705;292059;239409;71.5;58.6
24;2021-08-17;1632;2108;293691;241517;71.9;59.1
24;2021-08-18;1562;1925;295253;243442;72.3;59.6
24;2021-08-19;1125;2635;296378;246077;72.6;60.3
24;2021-08-20;1107;2429;297485;248506;72.8;60.8
24;2021-08-21;874;1634;298359;250140;73.1;61.2
24;2021-08-22;350;1101;298709;251241;73.1;61.5
24;2021-08-23;673;2036;299382;253277;73.3;62.0
24;2021-08-24;818;2395;300200;255672;73.5;62.6
24;2021-08-25;814;2323;301014;257995;73.7;63.2
24;2021-08-26;747;2839;301761;260834;73.9;63.9
24;2021-08-27;801;2765;302562;263599;74.1;64.5
24;2021-08-28;522;1909;303084;265508;74.2;65.0
24;2021-08-29;171;1029;303255;266537;74.3;65.3
24;2021-08-30;376;1965;303631;268502;74.3;65.7
24;2021-08-31;592;2489;304223;270991;74.5;66.4
24;2021-09-01;625;2480;304848;273471;74.6;67.0
24;2021-09-02;465;1900;305313;275371;74.8;67.4
24;2021-09-03;550;2236;305863;277607;74.9;68.0
24;2021-09-04;365;1996;306228;279603;75.0;68.5
24;2021-09-05;245;974;306473;280577;75.0;68.7
24;2021-09-06;344;1622;306817;282199;75.1;69.1
24;2021-09-07;478;1892;307295;284091;75.2;69.6
24;2021-09-08;401;1928;307696;286019;75.3;70.0
24;2021-09-09;335;1345;308031;287364;75.4;70.4
24;2021-09-10;386;1785;308417;289149;75.5;70.8
24;2021-09-11;317;1686;308734;290835;75.6;71.2
24;2021-09-12;92;432;308826;291267;75.6;71.3
24;2021-09-13;294;1233;309120;292500;75.7;71.6
24;2021-09-14;429;1134;309549;293634;75.8;71.9
24;2021-09-15;412;1267;309961;294901;75.9;72.2
24;2021-09-16;247;890;310208;295791;76.0;72.4
24;2021-09-17;409;1037;310617;296828;76.1;72.7
24;2021-09-18;311;1111;310928;297939;76.1;73.0
24;2021-09-19;45;347;310973;298286;76.1;73.0
24;2021-09-20;154;577;311127;298863;76.2;73.2
24;2021-09-21;379;407;311506;299270;76.3;73.3
24;2021-09-22;226;697;311732;299967;76.3;73.5
24;2021-09-23;135;389;311867;300356;76.4;73.5
24;2021-09-24;248;812;312115;301168;76.4;73.7
24;2021-09-25;215;592;312330;301760;76.5;73.9
24;2021-09-26;32;106;312362;301866;76.5;73.9
24;2021-09-27;179;494;312541;302360;76.5;74.0
24;2021-09-28;208;328;312749;302688;76.6;74.1
24;2021-09-29;227;586;312976;303274;76.6;74.3
24;2021-09-30;253;439;313229;303713;76.7;74.4
24;2021-10-01;229;487;313458;304200;76.8;74.5
24;2021-10-02;193;481;313651;304681;76.8;74.6
24;2021-10-03;17;39;313668;304720;76.8;74.6
24;2021-10-04;112;287;313780;305007;76.8;74.7
24;2021-10-05;101;339;313881;305346;76.9;74.8
25;2020-12-27;0;0;0;0;0.0;0.0
25;2020-12-28;1;0;1;0;0.0;0.0
25;2020-12-29;0;0;1;0;0.0;0.0
25;2020-12-30;0;0;1;0;0.0;0.0
25;2020-12-31;3;0;4;0;0.0;0.0
25;2021-01-01;0;0;4;0;0.0;0.0
25;2021-01-02;1;0;5;0;0.0;0.0
25;2021-01-03;0;0;5;0;0.0;0.0
25;2021-01-04;1;0;6;0;0.0;0.0
25;2021-01-05;1;0;7;0;0.0;0.0
25;2021-01-06;75;1;82;1;0.0;0.0
25;2021-01-07;235;1;317;2;0.1;0.0
25;2021-01-08;345;1;662;3;0.1;0.0
25;2021-01-09;102;0;764;3;0.1;0.0
25;2021-01-10;0;0;764;3;0.1;0.0
25;2021-01-11;503;5;1267;8;0.2;0.0
25;2021-01-12;682;2;1949;10;0.4;0.0
25;2021-01-13;627;2;2576;12;0.5;0.0
25;2021-01-14;896;12;3472;24;0.6;0.0
25;2021-01-15;786;9;4258;33;0.8;0.0
25;2021-01-16;206;0;4464;33;0.8;0.0
25;2021-01-17;112;0;4576;33;0.8;0.0
25;2021-01-18;1298;6;5874;39;1.1;0.0
25;2021-01-19;1414;5;7288;44;1.4;0.0
25;2021-01-20;1421;4;8709;48;1.6;0.0
25;2021-01-21;1843;3;10552;51;2.0;0.0
25;2021-01-22;1509;5;12061;56;2.2;0.0
25;2021-01-23;499;0;12560;56;2.3;0.0
25;2021-01-24;119;0;12679;56;2.4;0.0
25;2021-01-25;990;0;13669;56;2.5;0.0
25;2021-01-26;1490;41;15159;97;2.8;0.0
25;2021-01-27;1248;67;16407;164;3.0;0.0
25;2021-01-28;1089;74;17496;238;3.2;0.0
25;2021-01-29;906;200;18402;438;3.4;0.1
25;2021-01-30;293;82;18695;520;3.5;0.1
25;2021-01-31;2;0;18697;520;3.5;0.1
25;2021-02-01;613;201;19310;721;3.6;0.1
25;2021-02-02;674;363;19984;1084;3.7;0.2
25;2021-02-03;758;214;20742;1298;3.8;0.2
25;2021-02-04;715;365;21457;1663;4.0;0.3
25;2021-02-05;521;425;21978;2088;4.1;0.4
25;2021-02-06;197;138;22175;2226;4.1;0.4
25;2021-02-07;2;34;22177;2260;4.1;0.4
25;2021-02-08;612;454;22789;2714;4.2;0.5
25;2021-02-09;615;422;23404;3136;4.3;0.6
25;2021-02-10;818;427;24222;3563;4.5;0.7
25;2021-02-11;589;734;24811;4297;4.6;0.8
25;2021-02-12;413;466;25224;4763;4.7;0.9
25;2021-02-13;97;113;25321;4876;4.7;0.9
25;2021-02-14;0;0;25321;4876;4.7;0.9
25;2021-02-15;186;811;25507;5687;4.7;1.1
25;2021-02-16;211;1178;25718;6865;4.8;1.3
25;2021-02-17;107;1027;25825;7892;4.8;1.5
25;2021-02-18;147;1139;25972;9031;4.8;1.7
25;2021-02-19;102;999;26074;10030;4.8;1.9
25;2021-02-20;27;364;26101;10394;4.8;1.9
25;2021-02-21;1;102;26102;10496;4.8;1.9
25;2021-02-22;83;875;26185;11371;4.9;2.1
25;2021-02-23;195;862;26380;12233;4.9;2.3
25;2021-02-24;104;804;26484;13037;4.9;2.4
25;2021-02-25;522;798;27006;13835;5.0;2.6
25;2021-02-26;607;817;27613;14652;5.1;2.7
25;2021-02-27;228;313;27841;14965;5.2;2.8
25;2021-02-28;6;1;27847;14966;5.2;2.8
25;2021-03-01;442;532;28289;15498;5.2;2.9
25;2021-03-02;654;709;28943;16207;5.4;3.0
25;2021-03-03;544;657;29487;16864;5.5;3.1
25;2021-03-04;1159;601;30646;17465;5.7;3.2
25;2021-03-05;1854;350;32500;17815;6.0;3.3
25;2021-03-06;1170;208;33670;18023;6.2;3.3
25;2021-03-07;9;7;33679;18030;6.2;3.3
25;2021-03-08;548;632;34227;18662;6.3;3.5
25;2021-03-09;1040;713;35267;19375;6.5;3.6
25;2021-03-10;1150;595;36417;19970;6.8;3.7
25;2021-03-11;1657;547;38074;20517;7.1;3.8
25;2021-03-12;1996;443;40070;20960;7.4;3.9
25;2021-03-13;1121;97;41191;21057;7.6;3.9
25;2021-03-14;35;0;41226;21057;7.6;3.9
25;2021-03-15;1125;138;42351;21195;7.9;3.9
25;2021-03-16;1288;123;43639;21318;8.1;4.0
25;2021-03-17;1413;137;45052;21455;8.4;4.0
25;2021-03-18;1526;85;46578;21540;8.6;4.0
25;2021-03-19;1595;127;48173;21667;8.9;4.0
25;2021-03-20;822;38;48995;21705;9.1;4.0
25;2021-03-21;24;0;49019;21705;9.1;4.0
25;2021-03-22;1485;85;50504;21790;9.4;4.0
25;2021-03-23;2161;160;52665;21950;9.8;4.1
25;2021-03-24;2418;97;55083;22047;10.2;4.1
25;2021-03-25;2837;195;57920;22242;10.7;4.1
25;2021-03-26;3160;182;61080;22424;11.3;4.2
25;2021-03-27;1112;89;62192;22513;11.5;4.2
25;2021-03-28;121;65;62313;22578;11.6;4.2
25;2021-03-29;1791;276;64104;22854;11.9;4.2
25;2021-03-30;2214;397;66318;23251;12.3;4.3
25;2021-03-31;2220;359;68538;23610;12.7;4.4
25;2021-04-01;2451;524;70989;24134;13.2;4.5
25;2021-04-02;2026;603;73015;24737;13.5;4.6
25;2021-04-03;447;110;73462;24847;13.6;4.6
25;2021-04-04;39;19;73501;24866;13.6;4.6
25;2021-04-05;145;4;73646;24870;13.7;4.6
25;2021-04-06;1937;685;75583;25555;14.0;4.7
25;2021-04-07;1878;850;77461;26405;14.4;4.9
25;2021-04-08;2435;822;79896;27227;14.8;5.0
25;2021-04-09;2597;997;82493;28224;15.3;5.2
25;2021-04-10;978;288;83471;28512;15.5;5.3
25;2021-04-11;105;28;83576;28540;15.5;5.3
25;2021-04-12;1556;966;85132;29506;15.8;5.5
25;2021-04-13;1988;1320;87120;30826;16.1;5.7
25;2021-04-14;1750;1215;88870;32041;16.5;5.9
25;2021-04-15;1997;1326;90867;33367;16.8;6.2
25;2021-04-16;2085;1007;92952;34374;17.2;6.4
25;2021-04-17;1104;415;94056;34789;17.4;6.4
25;2021-04-18;118;18;94174;34807;17.5;6.5
25;2021-04-19;1327;1243;95501;36050;17.7;6.7
25;2021-04-20;1615;1460;97116;37510;18.0;7.0
25;2021-04-21;1717;1631;98833;39141;18.3;7.3
25;2021-04-22;1855;1709;100688;40850;18.7;7.6
25;2021-04-23;1903;1771;102591;42621;19.0;7.9
25;2021-04-24;1278;703;103869;43324;19.3;8.0
25;2021-04-25;140;114;104009;43438;19.3;8.1
25;2021-04-26;1721;1686;105730;45124;19.6;8.4
25;2021-04-27;2804;1521;108534;46645;20.1;8.6
25;2021-04-28;2425;1554;110959;48199;20.6;8.9
25;2021-04-29;2648;1822;113607;50021;21.1;9.3
25;2021-04-30;3107;1559;116714;51580;21.6;9.6
25;2021-05-01;1789;334;118503;51914;22.0;9.6
25;2021-05-02;442;22;118945;51936;22.0;9.6
25;2021-05-03;2901;847;121846;52783;22.6;9.8
25;2021-05-04;2639;1881;124485;54664;23.1;10.1
25;2021-05-05;2597;1666;127082;56330;23.6;10.4
25;2021-05-06;2927;2165;130009;58495;24.1;10.8
25;2021-05-07;3063;2116;133072;60611;24.7;11.2
25;2021-05-08;1334;229;134406;60840;24.9;11.3
25;2021-05-09;244;87;134650;60927;25.0;11.3
25;2021-05-10;3129;1635;137779;62562;25.5;11.6
25;2021-05-11;3747;2038;141526;64600;26.2;12.0
25;2021-05-12;3688;1789;145214;66389;26.9;12.3
25;2021-05-13;3523;598;148737;66987;27.6;12.4
25;2021-05-14;4482;1304;153219;68291;28.4;12.7
25;2021-05-15;3282;710;156501;69001;29.0;12.8
25;2021-05-16;723;93;157224;69094;29.1;12.8
25;2021-05-17;4089;1098;161313;70192;29.9;13.0
25;2021-05-18;5205;1194;166518;71386;30.9;13.2
25;2021-05-19;5247;1134;171765;72520;31.8;13.4
25;2021-05-20;5134;1451;176899;73971;32.8;13.7
25;2021-05-21;5763;1981;182662;75952;33.9;14.1
25;2021-05-22;3174;722;185836;76674;34.4;14.2
25;2021-05-23;781;157;186617;76831;34.6;14.2
25;2021-05-24;1529;152;188146;76983;34.9;14.3
25;2021-05-25;3513;1651;191659;78634;35.5;14.6
25;2021-05-26;3974;1560;195633;80194;36.3;14.9
25;2021-05-27;4519;1895;200152;82089;37.1;15.2
25;2021-05-28;3994;2651;204146;84740;37.8;15.7
25;2021-05-29;2016;1021;206162;85761;38.2;15.9
25;2021-05-30;174;96;206336;85857;38.2;15.9
25;2021-05-31;2672;1705;209008;87562;38.7;16.2
25;2021-06-01;2729;2155;211737;89717;39.3;16.6
25;2021-06-02;2608;2247;214345;91964;39.7;17.0
25;2021-06-03;3274;2045;217619;94009;40.3;17.4
25;2021-06-04;3209;2409;220828;96418;40.9;17.9
25;2021-06-05;1491;1401;222319;97819;41.2;18.1
25;2021-06-06;987;259;223306;98078;41.4;18.2
25;2021-06-07;2782;2575;226088;100653;41.9;18.7
25;2021-06-08;2603;2761;228691;103414;42.4;19.2
25;2021-06-09;2382;2763;231073;106177;42.8;19.7
25;2021-06-10;2325;2653;233398;108830;43.3;20.2
25;2021-06-11;2709;3302;236107;112132;43.8;20.8
25;2021-06-12;1571;1855;237678;113987;44.1;21.1
25;2021-06-13;497;257;238175;114244;44.2;21.2
25;2021-06-14;1421;3753;239596;117997;44.4;21.9
25;2021-06-15;1643;3567;241239;121564;44.7;22.5
25;2021-06-16;1954;3273;243193;124837;45.1;23.1
25;2021-06-17;1474;3321;244667;128158;45.4;23.8
25;2021-06-18;2286;4297;246953;132455;45.8;24.6
25;2021-06-19;1349;1978;248302;134433;46.0;24.9
25;2021-06-20;59;239;248361;134672;46.0;25.0
25;2021-06-21;1139;4139;249500;138811;46.3;25.7
25;2021-06-22;1151;4672;250651;143483;46.5;26.6
25;2021-06-23;1404;4072;252055;147555;46.7;27.4
25;2021-06-24;1191;4085;253246;151640;46.9;28.1
25;2021-06-25;1640;5603;254886;157243;47.2;29.1
25;2021-06-26;626;3384;255512;160627;47.4;29.8
25;2021-06-27;451;877;255963;161504;47.4;29.9
25;2021-06-28;907;4476;256870;165980;47.6;30.8
25;2021-06-29;1130;5469;258000;171449;47.8;31.8
25;2021-06-30;1311;5371;259311;176820;48.1;32.8
25;2021-07-01;1706;5230;261017;182050;48.4;33.7
25;2021-07-02;1748;5061;262765;187111;48.7;34.7
25;2021-07-03;1042;2692;263807;189803;48.9;35.2
25;2021-07-04;409;722;264216;190525;49.0;35.3
25;2021-07-05;1299;2579;265515;193104;49.2;35.8
25;2021-07-06;1568;4746;267083;197850;49.5;36.7
25;2021-07-07;1597;4501;268680;202351;49.8;37.5
25;2021-07-08;1554;3932;270234;206283;50.1;38.2
25;2021-07-09;1796;4589;272030;210872;50.4;39.1
25;2021-07-10;781;2371;272811;213243;50.6;39.5
25;2021-07-11;127;307;272938;213550;50.6;39.6
25;2021-07-12;1404;3859;274342;217409;50.9;40.3
25;2021-07-13;2470;4769;276812;222178;51.3;41.2
25;2021-07-14;379;561;277191;222739;51.4;41.3
25;2021-07-15;2402;3656;279593;226395;51.8;42.0
25;2021-07-16;3485;3831;283078;230226;52.5;42.7
25;2021-07-17;2207;2040;285285;232266;52.9;43.1
25;2021-07-18;808;1300;286093;233566;53.0;43.3
25;2021-07-19;2543;4207;288636;237773;53.5;44.1
25;2021-07-20;3384;3714;292020;241487;54.1;44.8
25;2021-07-21;3300;3367;295320;244854;54.7;45.4
25;2021-07-22;3351;2983;298671;247837;55.4;45.9
25;2021-07-23;3566;3357;302237;251194;56.0;46.6
25;2021-07-24;1413;2270;303650;253464;56.3;47.0
25;2021-07-25;679;710;304329;254174;56.4;47.1
25;2021-07-26;3056;3009;307385;257183;57.0;47.7
25;2021-07-27;3835;2124;311220;259307;57.7;48.1
25;2021-07-28;3692;2120;314912;261427;58.4;48.5
25;2021-07-29;4320;2093;319232;263520;59.2;48.8
25;2021-07-30;4291;2490;323523;266010;60.0;49.3
25;2021-07-31;1821;1469;325344;267479;60.3;49.6
25;2021-08-01;1352;201;326696;267680;60.6;49.6
25;2021-08-02;2743;2211;329439;269891;61.1;50.0
25;2021-08-03;2839;2203;332278;272094;61.6;50.4
25;2021-08-04;2941;1429;335219;273523;62.1;50.7
25;2021-08-05;2205;1732;337424;275255;62.5;51.0
25;2021-08-06;2289;2349;339713;277604;63.0;51.5
25;2021-08-07;1294;1206;341007;278810;63.2;51.7
25;2021-08-08;325;477;341332;279287;63.3;51.8
25;2021-08-09;2025;2230;343357;281517;63.6;52.2
25;2021-08-10;1975;2524;345332;284041;64.0;52.7
25;2021-08-11;1832;2033;347164;286074;64.4;53.0
25;2021-08-12;2148;2503;349312;288577;64.8;53.5
25;2021-08-13;1712;2023;351024;290600;65.1;53.9
25;2021-08-14;969;1791;351993;292391;65.3;54.2
25;2021-08-15;9;45;352002;292436;65.3;54.2
25;2021-08-16;1262;3261;353264;295697;65.5;54.8
25;2021-08-17;1458;3285;354722;298982;65.8;55.4
25;2021-08-18;1235;2804;355957;301786;66.0;55.9
25;2021-08-19;987;2867;356944;304653;66.2;56.5
25;2021-08-20;1433;3692;358377;308345;66.4;57.2
25;2021-08-21;568;1782;358945;310127;66.5;57.5
25;2021-08-22;212;1273;359157;311400;66.6;57.7
25;2021-08-23;1114;3335;360271;314735;66.8;58.3
25;2021-08-24;1069;3234;361340;317969;67.0;58.9
25;2021-08-25;1015;3061;362355;321030;67.2;59.5
25;2021-08-26;1143;3006;363498;324036;67.4;60.1
25;2021-08-27;1202;3064;364700;327100;67.6;60.6
25;2021-08-28;588;1791;365288;328891;67.7;61.0
25;2021-08-29;161;513;365449;329404;67.7;61.1
25;2021-08-30;939;2824;366388;332228;67.9;61.6
25;2021-08-31;969;2420;367357;334648;68.1;62.0
25;2021-09-01;842;2575;368199;337223;68.3;62.5
25;2021-09-02;775;1953;368974;339176;68.4;62.9
25;2021-09-03;798;2216;369772;341392;68.5;63.3
25;2021-09-04;692;1556;370464;342948;68.7;63.6
25;2021-09-05;128;234;370592;343182;68.7;63.6
25;2021-09-06;632;1845;371224;345027;68.8;64.0
25;2021-09-07;490;1418;371714;346445;68.9;64.2
25;2021-09-08;623;2000;372337;348445;69.0;64.6
25;2021-09-09;425;1366;372762;349811;69.1;64.8
25;2021-09-10;847;2070;373609;351881;69.3;65.2
25;2021-09-11;375;1144;373984;353025;69.3;65.4
25;2021-09-12;110;231;374094;353256;69.3;65.5
25;2021-09-13;725;1342;374819;354598;69.5;65.7
25;2021-09-14;625;1325;375444;355923;69.6;66.0
25;2021-09-15;756;1478;376200;357401;69.7;66.3
25;2021-09-16;500;829;376700;358230;69.8;66.4
25;2021-09-17;740;1338;377440;359568;70.0;66.7
25;2021-09-18;319;870;377759;360438;70.0;66.8
25;2021-09-19;77;163;377836;360601;70.0;66.8
25;2021-09-20;455;742;378291;361343;70.1;67.0
25;2021-09-21;202;591;378493;361934;70.2;67.1
25;2021-09-22;450;1191;378943;363125;70.2;67.3
25;2021-09-23;252;456;379195;363581;70.3;67.4
25;2021-09-24;490;1052;379685;364633;70.4;67.6
25;2021-09-25;282;895;379967;365528;70.4;67.8
25;2021-09-26;8;5;379975;365533;70.4;67.8
25;2021-09-27;293;586;380268;366119;70.5;67.9
25;2021-09-28;209;442;380477;366561;70.5;68.0
25;2021-09-29;458;820;380935;367381;70.6;68.1
25;2021-09-30;224;362;381159;367743;70.7;68.2
25;2021-10-01;421;886;381580;368629;70.7;68.3
25;2021-10-02;275;578;381855;369207;70.8;68.4
25;2021-10-03;9;6;381864;369213;70.8;68.4
25;2021-10-04;323;728;382187;369941;70.8;68.6
25;2021-10-05;115;366;382302;370307;70.9;68.6
26;2020-12-27;0;0;0;0;0.0;0.0
26;2020-12-28;0;0;0;0;0.0;0.0
26;2020-12-29;0;0;0;0;0.0;0.0
26;2020-12-30;0;0;0;0;0.0;0.0
26;2020-12-31;0;0;0;0;0.0;0.0
26;2021-01-01;1;0;1;0;0.0;0.0
26;2021-01-02;0;0;1;0;0.0;0.0
26;2021-01-03;0;0;1;0;0.0;0.0
26;2021-01-04;0;0;1;0;0.0;0.0
26;2021-01-05;0;0;1;0;0.0;0.0
26;2021-01-06;0;0;1;0;0.0;0.0
26;2021-01-07;168;0;169;0;0.0;0.0
26;2021-01-08;125;0;294;0;0.1;0.0
26;2021-01-09;2;0;296;0;0.1;0.0
26;2021-01-10;0;0;296;0;0.1;0.0
26;2021-01-11;266;2;562;2;0.1;0.0
26;2021-01-12;176;1;738;3;0.1;0.0
26;2021-01-13;418;1;1156;4;0.2;0.0
26;2021-01-14;489;0;1645;4;0.3;0.0
26;2021-01-15;563;1;2208;5;0.4;0.0
26;2021-01-16;250;1;2458;6;0.5;0.0
26;2021-01-17;0;0;2458;6;0.5;0.0
26;2021-01-18;637;1;3095;7;0.6;0.0
26;2021-01-19;786;2;3881;9;0.7;0.0
26;2021-01-20;742;0;4623;9;0.9;0.0
26;2021-01-21;807;2;5430;11;1.0;0.0
26;2021-01-22;787;4;6217;15;1.2;0.0
26;2021-01-23;563;3;6780;18;1.3;0.0
26;2021-01-24;24;0;6804;18;1.3;0.0
26;2021-01-25;696;2;7500;20;1.4;0.0
26;2021-01-26;800;4;8300;24;1.6;0.0
26;2021-01-27;823;6;9123;30;1.8;0.0
26;2021-01-28;1330;104;10453;134;2.0;0.0
26;2021-01-29;971;63;11424;197;2.2;0.0
26;2021-01-30;606;5;12030;202;2.3;0.0
26;2021-01-31;24;0;12054;202;2.3;0.0
26;2021-02-01;709;175;12763;377;2.5;0.1
26;2021-02-02;1276;199;14039;576;2.7;0.1
26;2021-02-03;1265;245;15304;821;2.9;0.2
26;2021-02-04;985;402;16289;1223;3.1;0.2
26;2021-02-05;674;291;16963;1514;3.3;0.3
26;2021-02-06;407;170;17370;1684;3.3;0.3
26;2021-02-07;57;2;17427;1686;3.3;0.3
26;2021-02-08;545;351;17972;2037;3.5;0.4
26;2021-02-09;617;405;18589;2442;3.6;0.5
26;2021-02-10;665;288;19254;2730;3.7;0.5
26;2021-02-11;753;252;20007;2982;3.8;0.6
26;2021-02-12;591;387;20598;3369;4.0;0.6
26;2021-02-13;388;237;20986;3606;4.0;0.7
26;2021-02-14;36;0;21022;3606;4.0;0.7
26;2021-02-15;414;397;21436;4003;4.1;0.8
26;2021-02-16;294;436;21730;4439;4.2;0.9
26;2021-02-17;194;579;21924;5018;4.2;1.0
26;2021-02-18;337;754;22261;5772;4.3;1.1
26;2021-02-19;341;691;22602;6463;4.3;1.2
26;2021-02-20;95;371;22697;6834;4.4;1.3
26;2021-02-21;3;17;22700;6851;4.4;1.3
26;2021-02-22;144;530;22844;7381;4.4;1.4
26;2021-02-23;398;879;23242;8260;4.5;1.6
26;2021-02-24;346;1082;23588;9342;4.5;1.8
26;2021-02-25;746;912;24334;10254;4.7;2.0
26;2021-02-26;925;531;25259;10785;4.9;2.1
26;2021-02-27;278;417;25537;11202;4.9;2.2
26;2021-02-28;3;28;25540;11230;4.9;2.2
26;2021-03-01;458;566;25998;11796;5.0;2.3
26;2021-03-02;742;534;26740;12330;5.1;2.4
26;2021-03-03;731;603;27471;12933;5.3;2.5
26;2021-03-04;1045;504;28516;13437;5.5;2.6
26;2021-03-05;1710;474;30226;13911;5.8;2.7
26;2021-03-06;2773;427;32999;14338;6.3;2.8
26;2021-03-07;2989;218;35988;14556;6.9;2.8
26;2021-03-08;908;582;36896;15138;7.1;2.9
26;2021-03-09;1325;501;38221;15639;7.3;3.0
26;2021-03-10;1218;470;39439;16109;7.6;3.1
26;2021-03-11;1609;613;41048;16722;7.9;3.2
26;2021-03-12;2215;458;43263;17180;8.3;3.3
26;2021-03-13;1886;317;45149;17497;8.7;3.4
26;2021-03-14;69;39;45218;17536;8.7;3.4
26;2021-03-15;1653;245;46871;17781;9.0;3.4
26;2021-03-16;1232;510;48103;18291;9.2;3.5
26;2021-03-17;1369;295;49472;18586;9.5;3.6
26;2021-03-18;1587;277;51059;18863;9.8;3.6
26;2021-03-19;2444;343;53503;19206;10.3;3.7
26;2021-03-20;1290;152;54793;19358;10.5;3.7
26;2021-03-21;61;20;54854;19378;10.5;3.7
26;2021-03-22;1847;196;56701;19574;10.9;3.8
26;2021-03-23;2474;277;59175;19851;11.4;3.8
26;2021-03-24;2551;245;61726;20096;11.9;3.9
26;2021-03-25;3044;339;64770;20435;12.4;3.9
26;2021-03-26;3050;356;67820;20791;13.0;4.0
26;2021-03-27;1244;162;69064;20953;13.3;4.0
26;2021-03-28;94;7;69158;20960;13.3;4.0
26;2021-03-29;1908;406;71066;21366;13.7;4.1
26;2021-03-30;2383;548;73449;21914;14.1;4.2
26;2021-03-31;2229;582;75678;22496;14.5;4.3
26;2021-04-01;2279;780;77957;23276;15.0;4.5
26;2021-04-02;2213;988;80170;24264;15.4;4.7
26;2021-04-03;551;1199;80721;25463;15.5;4.9
26;2021-04-04;215;883;80936;26346;15.5;5.1
26;2021-04-05;557;52;81493;26398;15.7;5.1
26;2021-04-06;1486;832;82979;27230;15.9;5.2
26;2021-04-07;1793;895;84772;28125;16.3;5.4
26;2021-04-08;3008;937;87780;29062;16.9;5.6
26;2021-04-09;3415;1009;91195;30071;17.5;5.8
26;2021-04-10;1356;924;92551;30995;17.8;6.0
26;2021-04-11;88;35;92639;31030;17.8;6.0
26;2021-04-12;1713;1125;94352;32155;18.1;6.2
26;2021-04-13;2797;1450;97149;33605;18.7;6.5
26;2021-04-14;2204;1484;99353;35089;19.1;6.7
26;2021-04-15;2282;1589;101635;36678;19.5;7.0
26;2021-04-16;2272;1589;103907;38267;20.0;7.4
26;2021-04-17;1095;840;105002;39107;20.2;7.5
26;2021-04-18;36;52;105038;39159;20.2;7.5
26;2021-04-19;1547;1570;106585;40729;20.5;7.8
26;2021-04-20;1797;1724;108382;42453;20.8;8.2
26;2021-04-21;2012;1509;110394;43962;21.2;8.4
26;2021-04-22;2289;1599;112683;45561;21.6;8.8
26;2021-04-23;2012;1638;114695;47199;22.0;9.1
26;2021-04-24;1655;844;116350;48043;22.4;9.2
26;2021-04-25;629;97;116979;48140;22.5;9.2
26;2021-04-26;1377;1595;118356;49735;22.7;9.6
26;2021-04-27;1986;1684;120342;51419;23.1;9.9
26;2021-04-28;1865;1540;122207;52959;23.5;10.2
26;2021-04-29;2866;1892;125073;54851;24.0;10.5
26;2021-04-30;2626;1762;127699;56613;24.5;10.9
26;2021-05-01;1538;380;129237;56993;24.8;10.9
26;2021-05-02;1084;118;130321;57111;25.0;11.0
26;2021-05-03;2200;1786;132521;58897;25.5;11.3
26;2021-05-04;2614;2363;135135;61260;26.0;11.8
26;2021-05-05;2772;2196;137907;63456;26.5;12.2
26;2021-05-06;3321;2225;141228;65681;27.1;12.6
26;2021-05-07;2860;2257;144088;67938;27.7;13.1
26;2021-05-08;1960;619;146048;68557;28.1;13.2
26;2021-05-09;713;123;146761;68680;28.2;13.2
26;2021-05-10;3022;1827;149783;70507;28.8;13.5
26;2021-05-11;4445;2182;154228;72689;29.6;14.0
26;2021-05-12;4828;1694;159056;74383;30.6;14.3
26;2021-05-13;4363;617;163419;75000;31.4;14.4
26;2021-05-14;4640;1549;168059;76549;32.3;14.7
26;2021-05-15;4468;625;172527;77174;33.1;14.8
26;2021-05-16;3629;344;176156;77518;33.8;14.9
26;2021-05-17;3657;1486;179813;79004;34.5;15.2
26;2021-05-18;4474;1741;184287;80745;35.4;15.5
26;2021-05-19;4486;1450;188773;82195;36.3;15.8
26;2021-05-20;4685;1767;193458;83962;37.2;16.1
26;2021-05-21;4729;1798;198187;85760;38.1;16.5
26;2021-05-22;3189;690;201376;86450;38.7;16.6
26;2021-05-23;1597;183;202973;86633;39.0;16.6
26;2021-05-24;3788;743;206761;87376;39.7;16.8
26;2021-05-25;3591;2345;210352;89721;40.4;17.2
26;2021-05-26;4177;2271;214529;91992;41.2;17.7
26;2021-05-27;4211;2459;218740;94451;42.0;18.1
26;2021-05-28;3776;2766;222516;97217;42.7;18.7
26;2021-05-29;3088;1654;225604;98871;43.3;19.0
26;2021-05-30;320;70;225924;98941;43.4;19.0
26;2021-05-31;3082;1854;229006;100795;44.0;19.4
26;2021-06-01;3110;2308;232116;103103;44.6;19.8
26;2021-06-02;2869;2219;234985;105322;45.1;20.2
26;2021-06-03;2850;2487;237835;107809;45.7;20.7
26;2021-06-04;2658;2908;240493;110717;46.2;21.3
26;2021-06-05;1806;1694;242299;112411;46.5;21.6
26;2021-06-06;9;0;242308;112411;46.5;21.6
26;2021-06-07;2346;2430;244654;114841;47.0;22.1
26;2021-06-08;2453;2293;247107;117134;47.5;22.5
26;2021-06-09;2096;2387;249203;119521;47.9;23.0
26;2021-06-10;1981;2763;251184;122284;48.3;23.5
26;2021-06-11;1896;3273;253080;125557;48.6;24.1
26;2021-06-12;1219;1790;254299;127347;48.9;24.5
26;2021-06-13;97;214;254396;127561;48.9;24.5
26;2021-06-14;1415;3498;255811;131059;49.1;25.2
26;2021-06-15;1586;3963;257397;135022;49.4;25.9
26;2021-06-16;1784;3472;259181;138494;49.8;26.6
26;2021-06-17;1509;3166;260690;141660;50.1;27.2
26;2021-06-18;1797;4368;262487;146028;50.4;28.1
26;2021-06-19;933;3177;263420;149205;50.6;28.7
26;2021-06-20;263;876;263683;150081;50.7;28.8
26;2021-06-21;1005;4557;264688;154638;50.8;29.7
26;2021-06-22;1061;5120;265749;159758;51.1;30.7
26;2021-06-23;1168;5072;266917;164830;51.3;31.7
26;2021-06-24;1258;4544;268175;169374;51.5;32.5
26;2021-06-25;1014;5541;269189;174915;51.7;33.6
26;2021-06-26;662;3823;269851;178738;51.8;34.3
26;2021-06-27;299;1273;270150;180011;51.9;34.6
26;2021-06-28;778;4757;270928;184768;52.0;35.5
26;2021-06-29;1097;4955;272025;189723;52.3;36.4
26;2021-06-30;1411;4890;273436;194613;52.5;37.4
26;2021-07-01;1651;4388;275087;199001;52.8;38.2
26;2021-07-02;1333;5163;276420;204164;53.1;39.2
26;2021-07-03;769;3321;277189;207485;53.2;39.9
26;2021-07-04;331;633;277520;208118;53.3;40.0
26;2021-07-05;887;4673;278407;212791;53.5;40.9
26;2021-07-06;1266;4199;279673;216990;53.7;41.7
26;2021-07-07;1440;3796;281113;220786;54.0;42.4
26;2021-07-08;2387;3330;283500;224116;54.5;43.1
26;2021-07-09;1558;4787;285058;228903;54.8;44.0
26;2021-07-10;910;2913;285968;231816;54.9;44.5
26;2021-07-11;332;347;286300;232163;55.0;44.6
26;2021-07-12;1113;4218;287413;236381;55.2;45.4
26;2021-07-13;2301;4343;289714;240724;55.7;46.2
26;2021-07-14;1060;814;290774;241538;55.9;46.4
26;2021-07-15;3166;3656;293940;245194;56.5;47.1
26;2021-07-16;2999;3688;296939;248882;57.0;47.8
26;2021-07-17;1876;1814;298815;250696;57.4;48.2
26;2021-07-18;20;24;298835;250720;57.4;48.2
26;2021-07-19;2724;3264;301559;253984;57.9;48.8
26;2021-07-20;3706;3370;305265;257354;58.6;49.4
26;2021-07-21;3588;3087;308853;260441;59.3;50.0
26;2021-07-22;4119;2971;312972;263412;60.1;50.6
26;2021-07-23;3860;3401;316832;266813;60.9;51.3
26;2021-07-24;2344;1363;319176;268176;61.3;51.5
26;2021-07-25;608;97;319784;268273;61.4;51.5
26;2021-07-26;3429;2581;323213;270854;62.1;52.0
26;2021-07-27;4838;2621;328051;273475;63.0;52.5
26;2021-07-28;4533;2387;332584;275862;63.9;53.0
26;2021-07-29;3902;2896;336486;278758;64.6;53.5
26;2021-07-30;3484;2671;339970;281429;65.3;54.1
26;2021-07-31;1144;1008;341114;282437;65.5;54.3
26;2021-08-01;419;108;341533;282545;65.6;54.3
26;2021-08-02;2953;2362;344486;284907;66.2;54.7
26;2021-08-03;3298;2296;347784;287203;66.8;55.2
26;2021-08-04;3999;2016;351783;289219;67.6;55.6
26;2021-08-05;3154;2205;354937;291424;68.2;56.0
26;2021-08-06;3174;2639;358111;294063;68.8;56.5
26;2021-08-07;640;845;358751;294908;68.9;56.7
26;2021-08-08;29;13;358780;294921;68.9;56.7
26;2021-08-09;2191;3062;360971;297983;69.3;57.2
26;2021-08-10;2341;3049;363312;301032;69.8;57.8
26;2021-08-11;2078;2719;365390;303751;70.2;58.4
26;2021-08-12;1775;2586;367165;306337;70.5;58.8
26;2021-08-13;1742;2424;368907;308761;70.9;59.3
26;2021-08-14;272;872;369179;309633;70.9;59.5
26;2021-08-15;6;8;369185;309641;70.9;59.5
26;2021-08-16;1190;3291;370375;312932;71.1;60.1
26;2021-08-17;1521;3154;371896;316086;71.4;60.7
26;2021-08-18;1631;3376;373527;319462;71.8;61.4
26;2021-08-19;1552;3069;375079;322531;72.1;62.0
26;2021-08-20;1446;2980;376525;325511;72.3;62.5
26;2021-08-21;599;1090;377124;326601;72.4;62.7
26;2021-08-22;58;379;377182;326980;72.5;62.8
26;2021-08-23;1601;3621;378783;330601;72.8;63.5
26;2021-08-24;1748;3595;380531;334196;73.1;64.2
26;2021-08-25;1605;3660;382136;337856;73.4;64.9
26;2021-08-26;1494;3158;383630;341014;73.7;65.5
26;2021-08-27;1570;3607;385200;344621;74.0;66.2
26;2021-08-28;395;1104;385595;345725;74.1;66.4
26;2021-08-29;10;25;385605;345750;74.1;66.4
26;2021-08-30;1465;3441;387070;349191;74.4;67.1
26;2021-08-31;1286;3434;388356;352625;74.6;67.7
26;2021-09-01;1374;2815;389730;355440;74.9;68.3
26;2021-09-02;1116;2154;390846;357594;75.1;68.7
26;2021-09-03;1103;2753;391949;360347;75.3;69.2
26;2021-09-04;430;740;392379;361087;75.4;69.4
26;2021-09-05;25;24;392404;361111;75.4;69.4
26;2021-09-06;734;1777;393138;362888;75.5;69.7
26;2021-09-07;760;1695;393898;364583;75.7;70.0
26;2021-09-08;851;1926;394749;366509;75.8;70.4
26;2021-09-09;514;1607;395263;368116;75.9;70.7
26;2021-09-10;836;2058;396099;370174;76.1;71.1
26;2021-09-11;305;800;396404;370974;76.1;71.3
26;2021-09-12;0;5;396404;370979;76.1;71.3
26;2021-09-13;543;1730;396947;372709;76.3;71.6
26;2021-09-14;722;1701;397669;374410;76.4;71.9
26;2021-09-15;712;1828;398381;376238;76.5;72.3
26;2021-09-16;497;1007;398878;377245;76.6;72.5
26;2021-09-17;613;1731;399491;378976;76.7;72.8
26;2021-09-18;271;742;399762;379718;76.8;72.9
26;2021-09-19;3;13;399765;379731;76.8;72.9
26;2021-09-20;333;1095;400098;380826;76.9;73.2
26;2021-09-21;415;1013;400513;381839;76.9;73.4
26;2021-09-22;424;1518;400937;383357;77.0;73.6
26;2021-09-23;360;780;401297;384137;77.1;73.8
26;2021-09-24;441;1431;401738;385568;77.2;74.1
26;2021-09-25;180;598;401918;386166;77.2;74.2
26;2021-09-26;2;19;401920;386185;77.2;74.2
26;2021-09-27;312;811;402232;386996;77.3;74.3
26;2021-09-28;245;610;402477;387606;77.3;74.5
26;2021-09-29;385;1010;402862;388616;77.4;74.7
26;2021-09-30;226;515;403088;389131;77.4;74.8
26;2021-10-01;445;999;403533;390130;77.5;74.9
26;2021-10-02;189;340;403722;390470;77.6;75.0
26;2021-10-03;5;4;403727;390474;77.6;75.0
26;2021-10-04;320;628;404047;391102;77.6;75.1
26;2021-10-05;149;500;404196;391602;77.6;75.2
27;2020-12-27;2;0;2;0;0.0;0.0
27;2020-12-28;1;0;3;0;0.0;0.0
27;2020-12-29;2;0;5;0;0.0;0.0
27;2020-12-30;0;0;5;0;0.0;0.0
27;2020-12-31;0;0;5;0;0.0;0.0
27;2021-01-01;0;0;5;0;0.0;0.0
27;2021-01-02;0;0;5;0;0.0;0.0
27;2021-01-03;2;0;7;0;0.0;0.0
27;2021-01-04;0;0;7;0;0.0;0.0
27;2021-01-05;15;0;22;0;0.0;0.0
27;2021-01-06;161;0;183;0;0.0;0.0
27;2021-01-07;371;1;554;1;0.1;0.0
27;2021-01-08;443;0;997;1;0.2;0.0
27;2021-01-09;72;1;1069;2;0.2;0.0
27;2021-01-10;100;0;1169;2;0.2;0.0
27;2021-01-11;384;0;1553;2;0.3;0.0
27;2021-01-12;409;2;1962;4;0.3;0.0
27;2021-01-13;840;1;2802;5;0.5;0.0
27;2021-01-14;1629;25;4431;30;0.7;0.0
27;2021-01-15;1222;3;5653;33;0.9;0.0
27;2021-01-16;332;1;5985;34;1.0;0.0
27;2021-01-17;205;0;6190;34;1.0;0.0
27;2021-01-18;800;2;6990;36;1.2;0.0
27;2021-01-19;772;3;7762;39;1.3;0.0
27;2021-01-20;871;1;8633;40;1.4;0.0
27;2021-01-21;654;4;9287;44;1.5;0.0
27;2021-01-22;778;4;10065;48;1.7;0.0
27;2021-01-23;350;0;10415;48;1.7;0.0
27;2021-01-24;169;2;10584;50;1.8;0.0
27;2021-01-25;635;13;11219;63;1.9;0.0
27;2021-01-26;462;16;11681;79;1.9;0.0
27;2021-01-27;506;98;12187;177;2.0;0.0
27;2021-01-28;517;234;12704;411;2.1;0.1
27;2021-01-29;509;99;13213;510;2.2;0.1
27;2021-01-30;242;23;13455;533;2.2;0.1
27;2021-01-31;27;18;13482;551;2.2;0.1
27;2021-02-01;348;178;13830;729;2.3;0.1
27;2021-02-02;308;237;14138;966;2.4;0.2
27;2021-02-03;487;350;14625;1316;2.4;0.2
27;2021-02-04;717;795;15342;2111;2.6;0.4
27;2021-02-05;664;963;16006;3074;2.7;0.5
27;2021-02-06;126;190;16132;3264;2.7;0.5
27;2021-02-07;25;35;16157;3299;2.7;0.5
27;2021-02-08;312;299;16469;3598;2.7;0.6
27;2021-02-09;341;410;16810;4008;2.8;0.7
27;2021-02-10;305;445;17115;4453;2.8;0.7
27;2021-02-11;318;365;17433;4818;2.9;0.8
27;2021-02-12;230;436;17663;5254;2.9;0.9
27;2021-02-13;151;101;17814;5355;3.0;0.9
27;2021-02-14;6;64;17820;5419;3.0;0.9
27;2021-02-15;389;442;18209;5861;3.0;1.0
27;2021-02-16;296;522;18505;6383;3.1;1.1
27;2021-02-17;247;464;18752;6847;3.1;1.1
27;2021-02-18;363;493;19115;7340;3.2;1.2
27;2021-02-19;218;531;19333;7871;3.2;1.3
27;2021-02-20;129;202;19462;8073;3.2;1.3
27;2021-02-21;12;96;19474;8169;3.2;1.4
27;2021-02-22;482;446;19956;8615;3.3;1.4
27;2021-02-23;496;515;20452;9130;3.4;1.5
27;2021-02-24;543;530;20995;9660;3.5;1.6
27;2021-02-25;847;627;21842;10287;3.6;1.7
27;2021-02-26;955;600;22797;10887;3.8;1.8
27;2021-02-27;408;131;23205;11018;3.9;1.8
27;2021-02-28;174;24;23379;11042;3.9;1.8
27;2021-03-01;488;375;23867;11417;4.0;1.9
27;2021-03-02;765;282;24632;11699;4.1;1.9
27;2021-03-03;853;283;25485;11982;4.2;2.0
27;2021-03-04;886;206;26371;12188;4.4;2.0
27;2021-03-05;1304;203;27675;12391;4.6;2.1
27;2021-03-06;1637;100;29312;12491;4.9;2.1
27;2021-03-07;619;17;29931;12508;5.0;2.1
27;2021-03-08;1204;265;31135;12773;5.2;2.1
27;2021-03-09;1828;230;32963;13003;5.5;2.2
27;2021-03-10;2116;326;35079;13329;5.8;2.2
27;2021-03-11;2162;200;37241;13529;6.2;2.3
27;2021-03-12;2817;192;40058;13721;6.7;2.3
27;2021-03-13;1919;120;41977;13841;7.0;2.3
27;2021-03-14;655;16;42632;13857;7.1;2.3
27;2021-03-15;1558;212;44190;14069;7.4;2.3
27;2021-03-16;1489;236;45679;14305;7.6;2.4
27;2021-03-17;1856;361;47535;14666;7.9;2.4
27;2021-03-18;1687;344;49222;15010;8.2;2.5
27;2021-03-19;1834;161;51056;15171;8.5;2.5
27;2021-03-20;905;41;51961;15212;8.7;2.5
27;2021-03-21;258;3;52219;15215;8.7;2.5
27;2021-03-22;1235;534;53454;15749;8.9;2.6
27;2021-03-23;1627;439;55081;16188;9.2;2.7
27;2021-03-24;1523;469;56604;16657;9.4;2.8
27;2021-03-25;2165;508;58769;17165;9.8;2.9
27;2021-03-26;2531;433;61300;17598;10.2;2.9
27;2021-03-27;1568;200;62868;17798;10.5;3.0
27;2021-03-28;1149;50;64017;17848;10.7;3.0
27;2021-03-29;1375;820;65392;18668;10.9;3.1
27;2021-03-30;1391;835;66783;19503;11.1;3.2
27;2021-03-31;1485;866;68268;20369;11.4;3.4
27;2021-04-01;1956;808;70224;21177;11.7;3.5
27;2021-04-02;1999;1170;72223;22347;12.0;3.7
27;2021-04-03;1563;732;73786;23079;12.3;3.8
27;2021-04-04;979;176;74765;23255;12.4;3.9
27;2021-04-05;283;6;75048;23261;12.5;3.9
27;2021-04-06;1413;1791;76461;25052;12.7;4.2
27;2021-04-07;1322;1742;77783;26794;12.9;4.5
27;2021-04-08;1684;1677;79467;28471;13.2;4.7
27;2021-04-09;2945;1558;82412;30029;13.7;5.0
27;2021-04-10;2033;985;84445;31014;14.1;5.2
27;2021-04-11;946;211;85391;31225;14.2;5.2
27;2021-04-12;2434;1507;87825;32732;14.6;5.4
27;2021-04-13;2394;1547;90219;34279;15.0;5.7
27;2021-04-14;2085;1623;92304;35902;15.4;6.0
27;2021-04-15;1874;1658;94178;37560;15.7;6.3
27;2021-04-16;2751;1109;96929;38669;16.1;6.4
27;2021-04-17;2168;496;99097;39165;16.5;6.5
27;2021-04-18;452;16;99549;39181;16.6;6.5
27;2021-04-19;1712;1174;101261;40355;16.9;6.7
27;2021-04-20;2387;1300;103648;41655;17.3;6.9
27;2021-04-21;2210;1081;105858;42736;17.6;7.1
27;2021-04-22;2180;1420;108038;44156;18.0;7.4
27;2021-04-23;2446;1174;110484;45330;18.4;7.5
27;2021-04-24;3260;1147;113744;46477;18.9;7.7
27;2021-04-25;1130;1051;114874;47528;19.1;7.9
27;2021-04-26;1925;1147;116799;48675;19.4;8.1
27;2021-04-27;2528;1082;119327;49757;19.9;8.3
27;2021-04-28;2395;1310;121722;51067;20.3;8.5
27;2021-04-29;2491;1472;124213;52539;20.7;8.7
27;2021-04-30;2371;1604;126584;54143;21.1;9.0
27;2021-05-01;2638;890;129222;55033;21.5;9.2
27;2021-05-02;1952;897;131174;55930;21.8;9.3
27;2021-05-03;3064;872;134238;56802;22.3;9.5
27;2021-05-04;2782;1650;137020;58452;22.8;9.7
27;2021-05-05;2816;1649;139836;60101;23.3;10.0
27;2021-05-06;3184;1280;143020;61381;23.8;10.2
27;2021-05-07;3322;1979;146342;63360;24.4;10.5
27;2021-05-08;2805;1329;149147;64689;24.8;10.8
27;2021-05-09;1696;297;150843;64986;25.1;10.8
27;2021-05-10;2950;2269;153793;67255;25.6;11.2
27;2021-05-11;3358;1752;157151;69007;26.2;11.5
27;2021-05-12;3463;1726;160614;70733;26.7;11.8
27;2021-05-13;1892;254;162506;70987;27.1;11.8
27;2021-05-14;3884;1784;166390;72771;27.7;12.1
27;2021-05-15;6601;951;172991;73722;28.8;12.3
27;2021-05-16;3668;438;176659;74160;29.4;12.3
27;2021-05-17;2774;1161;179433;75321;29.9;12.5
27;2021-05-18;3845;1296;183278;76617;30.5;12.8
27;2021-05-19;3967;1154;187245;77771;31.2;12.9
27;2021-05-20;3874;1171;191119;78942;31.8;13.1
27;2021-05-21;3968;1790;195087;80732;32.5;13.4
27;2021-05-22;4367;802;199454;81534;33.2;13.6
27;2021-05-23;799;173;200253;81707;33.3;13.6
27;2021-05-24;1489;342;201742;82049;33.6;13.7
27;2021-05-25;3511;1606;205253;83655;34.2;13.9
27;2021-05-26;3855;1740;209108;85395;34.8;14.2
27;2021-05-27;3789;1478;212897;86873;35.4;14.5
27;2021-05-28;3403;2621;216300;89494;36.0;14.9
27;2021-05-29;4822;2294;221122;91788;36.8;15.3
27;2021-05-30;1117;247;222239;92035;37.0;15.3
27;2021-05-31;3465;2272;225704;94307;37.6;15.7
27;2021-06-01;3813;2240;229517;96547;38.2;16.1
27;2021-06-02;3341;2173;232858;98720;38.8;16.4
27;2021-06-03;4430;2116;237288;100836;39.5;16.8
27;2021-06-04;3603;2963;240891;103799;40.1;17.3
27;2021-06-05;3207;3347;244098;107146;40.6;17.8
27;2021-06-06;2004;1005;246102;108151;41.0;18.0
27;2021-06-07;2570;2353;248672;110504;41.4;18.4
27;2021-06-08;3126;2371;251798;112875;41.9;18.8
27;2021-06-09;2305;2470;254103;115345;42.3;19.2
27;2021-06-10;2431;2038;256534;117383;42.7;19.5
27;2021-06-11;2889;3766;259423;121149;43.2;20.2
27;2021-06-12;1982;4191;261405;125340;43.5;20.9
27;2021-06-13;1084;2687;262489;128027;43.7;21.3
27;2021-06-14;1995;3110;264484;131137;44.0;21.8
27;2021-06-15;2688;3018;267172;134155;44.5;22.3
27;2021-06-16;2501;3254;269673;137409;44.9;22.9
27;2021-06-17;2297;3291;271970;140700;45.3;23.4
27;2021-06-18;2746;4418;274716;145118;45.7;24.2
27;2021-06-19;1863;3392;276579;148510;46.0;24.7
27;2021-06-20;607;710;277186;149220;46.1;24.8
27;2021-06-21;1703;3495;278889;152715;46.4;25.4
27;2021-06-22;2385;3710;281274;156425;46.8;26.0
27;2021-06-23;2073;3568;283347;159993;47.2;26.6
27;2021-06-24;2256;3412;285603;163405;47.5;27.2
27;2021-06-25;1936;4459;287539;167864;47.9;27.9
27;2021-06-26;884;5352;288423;173216;48.0;28.8
27;2021-06-27;377;1427;288800;174643;48.1;29.1
27;2021-06-28;1129;3403;289929;178046;48.3;29.6
27;2021-06-29;1703;4363;291632;182409;48.5;30.4
27;2021-06-30;2115;4096;293747;186505;48.9;31.0
27;2021-07-01;2224;3908;295971;190413;49.3;31.7
27;2021-07-02;1589;4620;297560;195033;49.5;32.5
27;2021-07-03;1309;4773;298869;199806;49.8;33.3
27;2021-07-04;504;1403;299373;201209;49.8;33.5
27;2021-07-05;1417;3528;300790;204737;50.1;34.1
27;2021-07-06;1366;4180;302156;208917;50.3;34.8
27;2021-07-07;1756;4901;303912;213818;50.6;35.6
27;2021-07-08;2089;4350;306001;218168;50.9;36.3
27;2021-07-09;1984;5287;307985;223455;51.3;37.2
27;2021-07-10;1167;4179;309152;227634;51.5;37.9
27;2021-07-11;426;1139;309578;228773;51.5;38.1
27;2021-07-12;1253;4372;310831;233145;51.7;38.8
27;2021-07-13;2759;5345;313590;238490;52.2;39.7
27;2021-07-14;1518;1753;315108;240243;52.5;40.0
27;2021-07-15;3033;5464;318141;245707;53.0;40.9
27;2021-07-16;3820;5286;321961;250993;53.6;41.8
27;2021-07-17;2732;3878;324693;254871;54.1;42.4
27;2021-07-18;552;1266;325245;256137;54.1;42.6
27;2021-07-19;3687;3787;328932;259924;54.8;43.3
27;2021-07-20;3459;3591;332391;263515;55.3;43.9
27;2021-07-21;4251;3900;336642;267415;56.0;44.5
27;2021-07-22;4750;3714;341392;271129;56.8;45.1
27;2021-07-23;3592;3398;344984;274527;57.4;45.7
27;2021-07-24;3114;2325;348098;276852;57.9;46.1
27;2021-07-25;493;545;348591;277397;58.0;46.2
27;2021-07-26;3071;3175;351662;280572;58.5;46.7
27;2021-07-27;3596;3101;355258;283673;59.1;47.2
27;2021-07-28;3592;3241;358850;286914;59.7;47.8
27;2021-07-29;4590;3510;363440;290424;60.5;48.3
27;2021-07-30;3816;3142;367256;293566;61.1;48.9
27;2021-07-31;3062;2585;370318;296151;61.6;49.3
27;2021-08-01;539;498;370857;296649;61.7;49.4
27;2021-08-02;3319;2584;374176;299233;62.3;49.8
27;2021-08-03;3427;2770;377603;302003;62.9;50.3
27;2021-08-04;3059;2334;380662;304337;63.4;50.7
27;2021-08-05;2676;2358;383338;306695;63.8;51.1
27;2021-08-06;3270;3244;386608;309939;64.4;51.6
27;2021-08-07;1801;2553;388409;312492;64.7;52.0
27;2021-08-08;218;197;388627;312689;64.7;52.1
27;2021-08-09;2210;2807;390837;315496;65.1;52.5
27;2021-08-10;2811;3512;393648;319008;65.5;53.1
27;2021-08-11;2637;3099;396285;322107;66.0;53.6
27;2021-08-12;2363;3905;398648;326012;66.4;54.3
27;2021-08-13;1745;2571;400393;328583;66.7;54.7
27;2021-08-14;1163;2889;401556;331472;66.8;55.2
27;2021-08-15;18;23;401574;331495;66.9;55.2
27;2021-08-16;1811;3816;403385;335311;67.2;55.8
27;2021-08-17;2046;3441;405431;338752;67.5;56.4
27;2021-08-18;1457;2986;406888;341738;67.7;56.9
27;2021-08-19;1711;3356;408599;345094;68.0;57.4
27;2021-08-20;1636;3440;410235;348534;68.3;58.0
27;2021-08-21;987;2842;411222;351376;68.5;58.5
27;2021-08-22;184;162;411406;351538;68.5;58.5
27;2021-08-23;1080;4007;412486;355545;68.7;59.2
27;2021-08-24;1440;3969;413926;359514;68.9;59.9
27;2021-08-25;1717;3414;415643;362928;69.2;60.4
27;2021-08-26;1157;2932;416800;365860;69.4;60.9
27;2021-08-27;1262;3218;418062;369078;69.6;61.4
27;2021-08-28;911;2870;418973;371948;69.7;61.9
27;2021-08-29;87;135;419060;372083;69.8;61.9
27;2021-08-30;906;3315;419966;375398;69.9;62.5
27;2021-08-31;1225;3206;421191;378604;70.1;63.0
27;2021-09-01;996;3178;422187;381782;70.3;63.6
27;2021-09-02;872;2490;423059;384272;70.4;64.0
27;2021-09-03;847;2469;423906;386741;70.6;64.4
27;2021-09-04;727;2087;424633;388828;70.7;64.7
27;2021-09-05;36;162;424669;388990;70.7;64.8
27;2021-09-06;538;1805;425207;390795;70.8;65.1
27;2021-09-07;697;2368;425904;393163;70.9;65.5
27;2021-09-08;770;2404;426674;395567;71.0;65.9
27;2021-09-09;681;1933;427355;397500;71.1;66.2
27;2021-09-10;899;2372;428254;399872;71.3;66.6
27;2021-09-11;608;1945;428862;401817;71.4;66.9
27;2021-09-12;42;184;428904;402001;71.4;66.9
27;2021-09-13;351;1336;429255;403337;71.5;67.1
27;2021-09-14;593;1478;429848;404815;71.6;67.4
27;2021-09-15;553;1668;430401;406483;71.7;67.7
27;2021-09-16;594;1132;430995;407615;71.8;67.9
27;2021-09-17;790;1289;431785;408904;71.9;68.1
27;2021-09-18;365;1248;432150;410152;71.9;68.3
27;2021-09-19;56;161;432206;410313;72.0;68.3
27;2021-09-20;260;773;432466;411086;72.0;68.4
27;2021-09-21;428;963;432894;412049;72.1;68.6
27;2021-09-22;299;1030;433193;413079;72.1;68.8
27;2021-09-23;344;757;433537;413836;72.2;68.9
27;2021-09-24;577;1244;434114;415080;72.3;69.1
27;2021-09-25;291;1122;434405;416202;72.3;69.3
27;2021-09-26;4;12;434409;416214;72.3;69.3
27;2021-09-27;190;474;434599;416688;72.4;69.4
27;2021-09-28;313;725;434912;417413;72.4;69.5
27;2021-09-29;242;726;435154;418139;72.4;69.6
27;2021-09-30;162;521;435316;418660;72.5;69.7
27;2021-10-01;343;999;435659;419659;72.5;69.9
27;2021-10-02;359;796;436018;420455;72.6;70.0
27;2021-10-03;13;12;436031;420467;72.6;70.0
27;2021-10-04;177;374;436208;420841;72.6;70.1
27;2021-10-05;260;461;436468;421302;72.7;70.1
28;2020-12-27;0;0;0;0;0.0;0.0
28;2020-12-28;0;0;0;0;0.0;0.0
28;2020-12-29;0;0;0;0;0.0;0.0
28;2020-12-30;0;0;0;0;0.0;0.0
28;2020-12-31;0;0;0;0;0.0;0.0
28;2021-01-01;1;0;1;0;0.0;0.0
28;2021-01-02;0;0;1;0;0.0;0.0
28;2021-01-03;0;0;1;0;0.0;0.0
28;2021-01-04;0;0;1;0;0.0;0.0
28;2021-01-05;5;0;6;0;0.0;0.0
28;2021-01-06;84;0;90;0;0.0;0.0
28;2021-01-07;102;0;192;0;0.0;0.0
28;2021-01-08;134;2;326;2;0.1;0.0
28;2021-01-09;79;0;405;2;0.1;0.0
28;2021-01-10;1;0;406;2;0.1;0.0
28;2021-01-11;204;0;610;2;0.1;0.0
28;2021-01-12;265;1;875;3;0.2;0.0
28;2021-01-13;398;3;1273;6;0.3;0.0
28;2021-01-14;451;5;1724;11;0.4;0.0
28;2021-01-15;374;3;2098;14;0.5;0.0
28;2021-01-16;206;2;2304;16;0.5;0.0
28;2021-01-17;21;0;2325;16;0.5;0.0
28;2021-01-18;373;2;2698;18;0.6;0.0
28;2021-01-19;503;4;3201;22;0.7;0.0
28;2021-01-20;636;1;3837;23;0.9;0.0
28;2021-01-21;796;3;4633;26;1.1;0.0
28;2021-01-22;478;1;5111;27;1.2;0.0
28;2021-01-23;353;0;5464;27;1.3;0.0
28;2021-01-24;1;0;5465;27;1.3;0.0
28;2021-01-25;456;4;5921;31;1.4;0.0
28;2021-01-26;717;4;6638;35;1.5;0.0
28;2021-01-27;1211;50;7849;85;1.8;0.0
28;2021-01-28;1587;89;9436;174;2.2;0.0
28;2021-01-29;896;87;10332;261;2.4;0.1
28;2021-01-30;249;46;10581;307;2.5;0.1
28;2021-01-31;2;22;10583;329;2.5;0.1
28;2021-02-01;325;115;10908;444;2.5;0.1
28;2021-02-02;368;197;11276;641;2.6;0.1
28;2021-02-03;473;247;11749;888;2.7;0.2
28;2021-02-04;525;263;12274;1151;2.9;0.3
28;2021-02-05;436;210;12710;1361;3.0;0.3
28;2021-02-06;201;128;12911;1489;3.0;0.3
28;2021-02-07;0;0;12911;1489;3.0;0.3
28;2021-02-08;331;207;13242;1696;3.1;0.4
28;2021-02-09;281;262;13523;1958;3.1;0.5
28;2021-02-10;443;324;13966;2282;3.3;0.5
28;2021-02-11;562;412;14528;2694;3.4;0.6
28;2021-02-12;453;332;14981;3026;3.5;0.7
28;2021-02-13;181;157;15162;3183;3.5;0.7
28;2021-02-14;0;2;15162;3185;3.5;0.7
28;2021-02-15;280;341;15442;3526;3.6;0.8
28;2021-02-16;396;594;15838;4120;3.7;1.0
28;2021-02-17;584;1036;16422;5156;3.8;1.2
28;2021-02-18;665;1295;17087;6451;4.0;1.5
28;2021-02-19;548;661;17635;7112;4.1;1.7
28;2021-02-20;114;116;17749;7228;4.1;1.7
28;2021-02-21;7;32;17756;7260;4.1;1.7
28;2021-02-22;223;424;17979;7684;4.2;1.8
28;2021-02-23;203;311;18182;7995;4.2;1.9
28;2021-02-24;244;377;18426;8372;4.3;1.9
28;2021-02-25;574;345;19000;8717;4.4;2.0
28;2021-02-26;764;306;19764;9023;4.6;2.1
28;2021-02-27;265;74;20029;9097;4.7;2.1
28;2021-02-28;23;17;20052;9114;4.7;2.1
28;2021-03-01;292;180;20344;9294;4.7;2.2
28;2021-03-02;396;246;20740;9540;4.8;2.2
28;2021-03-03;369;339;21109;9879;4.9;2.3
28;2021-03-04;720;424;21829;10303;5.1;2.4
28;2021-03-05;1319;368;23148;10671;5.4;2.5
28;2021-03-06;1998;81;25146;10752;5.9;2.5
28;2021-03-07;974;31;26120;10783;6.1;2.5
28;2021-03-08;398;262;26518;11045;6.2;2.6
28;2021-03-09;981;329;27499;11374;6.4;2.6
28;2021-03-10;1358;486;28857;11860;6.7;2.8
28;2021-03-11;1535;663;30392;12523;7.1;2.9
28;2021-03-12;2255;607;32647;13130;7.6;3.1
28;2021-03-13;1235;114;33882;13244;7.9;3.1
28;2021-03-14;519;17;34401;13261;8.0;3.1
28;2021-03-15;755;225;35156;13486;8.2;3.1
28;2021-03-16;716;217;35872;13703;8.4;3.2
28;2021-03-17;746;283;36618;13986;8.5;3.3
28;2021-03-18;1203;265;37821;14251;8.8;3.3
28;2021-03-19;1558;321;39379;14572;9.2;3.4
28;2021-03-20;639;21;40018;14593;9.3;3.4
28;2021-03-21;29;8;40047;14601;9.3;3.4
28;2021-03-22;766;317;40813;14918;9.5;3.5
28;2021-03-23;1027;189;41840;15107;9.7;3.5
28;2021-03-24;1315;274;43155;15381;10.0;3.6
28;2021-03-25;1796;286;44951;15667;10.5;3.6
28;2021-03-26;2084;346;47035;16013;11.0;3.7
28;2021-03-27;402;38;47437;16051;11.0;3.7
28;2021-03-28;12;0;47449;16051;11.0;3.7
28;2021-03-29;1139;349;48588;16400;11.3;3.8
28;2021-03-30;1711;252;50299;16652;11.7;3.9
28;2021-03-31;2017;474;52316;17126;12.2;4.0
28;2021-04-01;1796;586;54112;17712;12.6;4.1
28;2021-04-02;1583;1315;55695;19027;13.0;4.4
28;2021-04-03;607;1070;56302;20097;13.1;4.7
28;2021-04-04;33;299;56335;20396;13.1;4.7
28;2021-04-05;40;3;56375;20399;13.1;4.8
28;2021-04-06;1222;459;57597;20858;13.4;4.9
28;2021-04-07;1890;1005;59487;21863;13.9;5.1
28;2021-04-08;2086;1070;61573;22933;14.3;5.3
28;2021-04-09;3230;916;64803;23849;15.1;5.6
28;2021-04-10;1581;201;66384;24050;15.5;5.6
28;2021-04-11;141;450;66525;24500;15.5;5.7
28;2021-04-12;1672;558;68197;25058;15.9;5.8
28;2021-04-13;1875;673;70072;25731;16.3;6.0
28;2021-04-14;2771;903;72843;26634;17.0;6.2
28;2021-04-15;2557;1147;75400;27781;17.6;6.5
28;2021-04-16;2554;806;77954;28587;18.2;6.7
28;2021-04-17;2309;133;80263;28720;18.7;6.7
28;2021-04-18;45;8;80308;28728;18.7;6.7
28;2021-04-19;1576;648;81884;29376;19.1;6.8
28;2021-04-20;1836;596;83720;29972;19.5;7.0
28;2021-04-21;2680;962;86400;30934;20.1;7.2
28;2021-04-22;1783;1218;88183;32152;20.5;7.5
28;2021-04-23;2325;1104;90508;33256;21.1;7.7
28;2021-04-24;3656;137;94164;33393;21.9;7.8
28;2021-04-25;1012;37;95176;33430;22.2;7.8
28;2021-04-26;1331;929;96507;34359;22.5;8.0
28;2021-04-27;1436;1268;97943;35627;22.8;8.3
28;2021-04-28;2373;1828;100316;37455;23.4;8.7
28;2021-04-29;2130;1511;102446;38966;23.9;9.1
28;2021-04-30;2973;1225;105419;40191;24.5;9.4
28;2021-05-01;127;115;105546;40306;24.6;9.4
28;2021-05-02;2;65;105548;40371;24.6;9.4
28;2021-05-03;1048;1015;106596;41386;24.8;9.6
28;2021-05-04;1359;1671;107955;43057;25.1;10.0
28;2021-05-05;2830;1649;110785;44706;25.8;10.4
28;2021-05-06;2456;1473;113241;46179;26.4;10.8
28;2021-05-07;2311;1923;115552;48102;26.9;11.2
28;2021-05-08;1078;112;116630;48214;27.2;11.2
28;2021-05-09;105;610;116735;48824;27.2;11.4
28;2021-05-10;1308;1891;118043;50715;27.5;11.8
28;2021-05-11;2024;2328;120067;53043;28.0;12.4
28;2021-05-12;2620;3233;122687;56276;28.6;13.1
28;2021-05-13;289;451;122976;56727;28.6;13.2
28;2021-05-14;1900;1612;124876;58339;29.1;13.6
28;2021-05-15;1433;1673;126309;60012;29.4;14.0
28;2021-05-16;1986;131;128295;60143;29.9;14.0
28;2021-05-17;2874;1485;131169;61628;30.5;14.4
28;2021-05-18;3382;1378;134551;63006;31.3;14.7
28;2021-05-19;5090;1279;139641;64285;32.5;15.0
28;2021-05-20;4149;1231;143790;65516;33.5;15.3
28;2021-05-21;3464;1579;147254;67095;34.3;15.6
28;2021-05-22;729;1161;147983;68256;34.5;15.9
28;2021-05-23;1956;137;149939;68393;34.9;15.9
28;2021-05-24;1428;395;151367;68788;35.2;16.0
28;2021-05-25;1876;1403;153243;70191;35.7;16.3
28;2021-05-26;2765;1341;156008;71532;36.3;16.7
28;2021-05-27;2754;1233;158762;72765;37.0;16.9
28;2021-05-28;3080;1726;161842;74491;37.7;17.3
28;2021-05-29;1868;872;163710;75363;38.1;17.5
28;2021-05-30;16;47;163726;75410;38.1;17.6
28;2021-05-31;2014;934;165740;76344;38.6;17.8
28;2021-06-01;2133;1653;167873;77997;39.1;18.2
28;2021-06-02;2077;2457;169950;80454;39.6;18.7
28;2021-06-03;2498;1560;172448;82014;40.2;19.1
28;2021-06-04;2608;2353;175056;84367;40.8;19.6
28;2021-06-05;1909;2519;176965;86886;41.2;20.2
28;2021-06-06;1060;1046;178025;87932;41.5;20.5
28;2021-06-07;3575;1574;181600;89506;42.3;20.8
28;2021-06-08;3196;1519;184796;91025;43.0;21.2
28;2021-06-09;3675;2123;188471;93148;43.9;21.7
28;2021-06-10;3140;1257;191611;94405;44.6;22.0
28;2021-06-11;3790;2130;195401;96535;45.5;22.5
28;2021-06-12;1304;560;196705;97095;45.8;22.6
28;2021-06-13;385;108;197090;97203;45.9;22.6
28;2021-06-14;2207;1992;199297;99195;46.4;23.1
28;2021-06-15;2092;2224;201389;101419;46.9;23.6
28;2021-06-16;2508;3972;203897;105391;47.5;24.5
28;2021-06-17;1940;3135;205837;108526;47.9;25.3
28;2021-06-18;2487;3788;208324;112314;48.5;26.2
28;2021-06-19;776;1612;209100;113926;48.7;26.5
28;2021-06-20;23;24;209123;113950;48.7;26.5
28;2021-06-21;1682;1989;210805;115939;49.1;27.0
28;2021-06-22;1372;2107;212177;118046;49.4;27.5
28;2021-06-23;1782;3164;213959;121210;49.8;28.2
28;2021-06-24;734;929;214693;122139;50.0;28.4
28;2021-06-25;1888;3025;216581;125164;50.4;29.1
28;2021-06-26;310;2110;216891;127274;50.5;29.6
28;2021-06-27;588;1284;217479;128558;50.6;29.9
28;2021-06-28;1225;3654;218704;132212;50.9;30.8
28;2021-06-29;1342;3790;220046;136002;51.2;31.7
28;2021-06-30;1493;4261;221539;140263;51.6;32.7
28;2021-07-01;1277;3500;222816;143763;51.9;33.5
28;2021-07-02;1313;4651;224129;148414;52.2;34.6
28;2021-07-03;1131;2370;225260;150784;52.5;35.1
28;2021-07-04;145;1325;225405;152109;52.5;35.4
28;2021-07-05;1360;2511;226765;154620;52.8;36.0
28;2021-07-06;1508;2868;228273;157488;53.2;36.7
28;2021-07-07;1636;4140;229909;161628;53.5;37.6
28;2021-07-08;1467;3240;231376;164868;53.9;38.4
28;2021-07-09;1393;4516;232769;169384;54.2;39.4
28;2021-07-10;528;2205;233297;171589;54.3;40.0
28;2021-07-11;2;1;233299;171590;54.3;40.0
28;2021-07-12;1526;3928;234825;175518;54.7;40.9
28;2021-07-13;2261;4143;237086;179661;55.2;41.8
28;2021-07-14;1328;1395;238414;181056;55.5;42.2
28;2021-07-15;2985;3974;241399;185030;56.2;43.1
28;2021-07-16;2444;4751;243843;189781;56.8;44.2
28;2021-07-17;1263;2430;245106;192211;57.1;44.8
28;2021-07-18;368;945;245474;193156;57.2;45.0
28;2021-07-19;1806;4331;247280;197487;57.6;46.0
28;2021-07-20;2476;4090;249756;201577;58.2;46.9
28;2021-07-21;2959;4285;252715;205862;58.8;47.9
28;2021-07-22;3670;3430;256385;209292;59.7;48.7
28;2021-07-23;2960;3996;259345;213288;60.4;49.7
28;2021-07-24;1715;1484;261060;214772;60.8;50.0
28;2021-07-25;67;60;261127;214832;60.8;50.0
28;2021-07-26;2930;3386;264057;218218;61.5;50.8
28;2021-07-27;3885;2621;267942;220839;62.4;51.4
28;2021-07-28;3947;2745;271889;223584;63.3;52.1
28;2021-07-29;4466;2091;276355;225675;64.4;52.6
28;2021-07-30;3825;2845;280180;228520;65.2;53.2
28;2021-07-31;763;822;280943;229342;65.4;53.4
28;2021-08-01;378;65;281321;229407;65.5;53.4
28;2021-08-02;1793;1520;283114;230927;65.9;53.8
28;2021-08-03;2684;2166;285798;233093;66.6;54.3
28;2021-08-04;1932;2300;287730;235393;67.0;54.8
28;2021-08-05;1663;1730;289393;237123;67.4;55.2
28;2021-08-06;1618;1969;291011;239092;67.8;55.7
28;2021-08-07;798;1001;291809;240093;68.0;55.9
28;2021-08-08;22;33;291831;240126;68.0;55.9
28;2021-08-09;1388;1102;293219;241228;68.3;56.2
28;2021-08-10;1714;2027;294933;243255;68.7;56.6
28;2021-08-11;1273;1572;296206;244827;69.0;57.0
28;2021-08-12;1165;1881;297371;246708;69.2;57.5
28;2021-08-13;1321;1649;298692;248357;69.6;57.8
28;2021-08-14;659;844;299351;249201;69.7;58.0
28;2021-08-15;264;59;299615;249260;69.8;58.0
28;2021-08-16;862;2145;300477;251405;70.0;58.5
28;2021-08-17;1126;2798;301603;254203;70.2;59.2
28;2021-08-18;891;2412;302494;256615;70.4;59.8
28;2021-08-19;889;2616;303383;259231;70.6;60.4
28;2021-08-20;939;2753;304322;261984;70.9;61.0
28;2021-08-21;381;1001;304703;262985;71.0;61.2
28;2021-08-22;9;31;304712;263016;71.0;61.2
28;2021-08-23;1041;2148;305753;265164;71.2;61.7
28;2021-08-24;867;2582;306620;267746;71.4;62.3
28;2021-08-25;1075;2208;307695;269954;71.7;62.9
28;2021-08-26;701;1817;308396;271771;71.8;63.3
28;2021-08-27;749;2368;309145;274139;72.0;63.8
28;2021-08-28;524;1097;309669;275236;72.1;64.1
28;2021-08-29;7;23;309676;275259;72.1;64.1
28;2021-08-30;994;2184;310670;277443;72.3;64.6
28;2021-08-31;798;2248;311468;279691;72.5;65.1
28;2021-09-01;748;2604;312216;282295;72.7;65.7
28;2021-09-02;542;2112;312758;284407;72.8;66.2
28;2021-09-03;664;2563;313422;286970;73.0;66.8
28;2021-09-04;584;2603;314006;289573;73.1;67.4
28;2021-09-05;210;247;314216;289820;73.2;67.5
28;2021-09-06;405;1619;314621;291439;73.3;67.9
28;2021-09-07;352;1452;314973;292891;73.3;68.2
28;2021-09-08;544;1588;315517;294479;73.5;68.6
28;2021-09-09;319;1143;315836;295622;73.5;68.8
28;2021-09-10;589;1659;316425;297281;73.7;69.2
28;2021-09-11;298;1329;316723;298610;73.8;69.5
28;2021-09-12;39;32;316762;298642;73.8;69.5
28;2021-09-13;312;1033;317074;299675;73.8;69.8
28;2021-09-14;322;1272;317396;300947;73.9;70.1
28;2021-09-15;526;1024;317922;301971;74.0;70.3
28;2021-09-16;251;687;318173;302658;74.1;70.5
28;2021-09-17;301;1046;318474;303704;74.2;70.7
28;2021-09-18;124;237;318598;303941;74.2;70.8
28;2021-09-19;7;17;318605;303958;74.2;70.8
28;2021-09-20;154;458;318759;304416;74.2;70.9
28;2021-09-21;393;935;319152;305351;74.3;71.1
28;2021-09-22;328;1067;319480;306418;74.4;71.4
28;2021-09-23;190;507;319670;306925;74.4;71.5
28;2021-09-24;255;968;319925;307893;74.5;71.7
28;2021-09-25;98;326;320023;308219;74.5;71.8
28;2021-09-26;21;34;320044;308253;74.5;71.8
28;2021-09-27;167;665;320211;308918;74.6;71.9
28;2021-09-28;172;440;320383;309358;74.6;72.0
28;2021-09-29;348;687;320731;310045;74.7;72.2
28;2021-09-30;233;451;320964;310496;74.7;72.3
28;2021-10-01;247;725;321211;311221;74.8;72.5
28;2021-10-02;76;151;321287;311372;74.8;72.5
28;2021-10-03;0;6;321287;311378;74.8;72.5
28;2021-10-04;132;253;321419;311631;74.8;72.6
28;2021-10-05;157;368;321576;311999;74.9;72.7
29;2020-12-27;0;0;0;0;0.0;0.0
29;2020-12-28;1;0;1;0;0.0;0.0
29;2020-12-29;0;0;1;0;0.0;0.0
29;2020-12-30;0;0;1;0;0.0;0.0
29;2020-12-31;0;0;1;0;0.0;0.0
29;2021-01-01;3;0;4;0;0.0;0.0
29;2021-01-02;2;0;6;0;0.0;0.0
29;2021-01-03;1;0;7;0;0.0;0.0
29;2021-01-04;33;0;40;0;0.0;0.0
29;2021-01-05;32;0;72;0;0.0;0.0
29;2021-01-06;43;0;115;0;0.0;0.0
29;2021-01-07;139;0;254;0;0.0;0.0
29;2021-01-08;408;0;662;0;0.1;0.0
29;2021-01-09;2;0;664;0;0.1;0.0
29;2021-01-10;2;0;666;0;0.1;0.0
29;2021-01-11;668;0;1334;0;0.1;0.0
29;2021-01-12;1121;0;2455;0;0.3;0.0
29;2021-01-13;1101;1;3556;1;0.4;0.0
29;2021-01-14;893;4;4449;5;0.5;0.0
29;2021-01-15;1221;6;5670;11;0.6;0.0
29;2021-01-16;168;1;5838;12;0.6;0.0
29;2021-01-17;111;1;5949;13;0.7;0.0
29;2021-01-18;842;3;6791;16;0.7;0.0
29;2021-01-19;1314;1;8105;17;0.9;0.0
29;2021-01-20;2393;2;10498;19;1.2;0.0
29;2021-01-21;5660;8;16158;27;1.8;0.0
29;2021-01-22;3804;4;19962;31;2.2;0.0
29;2021-01-23;538;0;20500;31;2.3;0.0
29;2021-01-24;200;1;20700;32;2.3;0.0
29;2021-01-25;574;7;21274;39;2.3;0.0
29;2021-01-26;951;34;22225;73;2.5;0.0
29;2021-01-27;1286;51;23511;124;2.6;0.0
29;2021-01-28;803;134;24314;258;2.7;0.0
29;2021-01-29;781;195;25095;453;2.8;0.0
29;2021-01-30;282;4;25377;457;2.8;0.1
29;2021-01-31;80;5;25457;462;2.8;0.1
29;2021-02-01;429;370;25886;832;2.9;0.1
29;2021-02-02;879;661;26765;1493;3.0;0.2
29;2021-02-03;810;807;27575;2300;3.0;0.3
29;2021-02-04;870;603;28445;2903;3.1;0.3
29;2021-02-05;676;569;29121;3472;3.2;0.4
29;2021-02-06;249;86;29370;3558;3.2;0.4
29;2021-02-07;78;91;29448;3649;3.2;0.4
29;2021-02-08;384;420;29832;4069;3.3;0.4
29;2021-02-09;864;813;30696;4882;3.4;0.5
29;2021-02-10;1150;945;31846;5827;3.5;0.6
29;2021-02-11;1802;3851;33648;9678;3.7;1.1
29;2021-02-12;2326;2428;35974;12106;4.0;1.3
29;2021-02-13;639;388;36613;12494;4.0;1.4
29;2021-02-14;12;201;36625;12695;4.0;1.4
29;2021-02-15;267;763;36892;13458;4.1;1.5
29;2021-02-16;887;868;37779;14326;4.2;1.6
29;2021-02-17;800;648;38579;14974;4.3;1.7
29;2021-02-18;1530;696;40109;15670;4.4;1.7
29;2021-02-19;1417;798;41526;16468;4.6;1.8
29;2021-02-20;204;268;41730;16736;4.6;1.8
29;2021-02-21;163;139;41893;16875;4.6;1.9
29;2021-02-22;773;441;42666;17316;4.7;1.9
29;2021-02-23;1270;704;43936;18020;4.8;2.0
29;2021-02-24;1473;629;45409;18649;5.0;2.1
29;2021-02-25;2511;695;47920;19344;5.3;2.1
29;2021-02-26;2678;557;50598;19901;5.6;2.2
29;2021-02-27;1285;209;51883;20110;5.7;2.2
29;2021-02-28;200;56;52083;20166;5.7;2.2
29;2021-03-01;946;375;53029;20541;5.8;2.3
29;2021-03-02;1815;651;54844;21192;6.0;2.3
29;2021-03-03;2094;857;56938;22049;6.3;2.4
29;2021-03-04;2842;1400;59780;23449;6.6;2.6
29;2021-03-05;3539;1537;63319;24986;7.0;2.8
29;2021-03-06;2000;397;65319;25383;7.2;2.8
29;2021-03-07;412;73;65731;25456;7.3;2.8
29;2021-03-08;1273;519;67004;25975;7.4;2.9
29;2021-03-09;2603;866;69607;26841;7.7;3.0
29;2021-03-10;2426;777;72033;27618;7.9;3.0
29;2021-03-11;4520;906;76553;28524;8.4;3.1
29;2021-03-12;5272;893;81825;29417;9.0;3.2
29;2021-03-13;2825;384;84650;29801;9.3;3.3
29;2021-03-14;367;3;85017;29804;9.4;3.3
29;2021-03-15;2050;266;87067;30070;9.6;3.3
29;2021-03-16;1825;726;88892;30796;9.8;3.4
29;2021-03-17;1862;692;90754;31488;10.0;3.5
29;2021-03-18;1866;1019;92620;32507;10.2;3.6
29;2021-03-19;3270;870;95890;33377;10.6;3.7
29;2021-03-20;1914;214;97804;33591;10.8;3.7
29;2021-03-21;132;11;97936;33602;10.8;3.7
29;2021-03-22;1647;550;99583;34152;11.0;3.8
29;2021-03-23;3442;1028;103025;35180;11.4;3.9
29;2021-03-24;3781;1017;106806;36197;11.8;4.0
29;2021-03-25;4822;1061;111628;37258;12.3;4.1
29;2021-03-26;5423;1157;117051;38415;12.9;4.2
29;2021-03-27;2429;331;119480;38746;13.2;4.3
29;2021-03-28;198;50;119678;38796;13.2;4.3
29;2021-03-29;2042;813;121720;39609;13.4;4.4
29;2021-03-30;3977;1325;125697;40934;13.9;4.5
29;2021-03-31;3937;1152;129634;42086;14.3;4.6
29;2021-04-01;5029;1139;134663;43225;14.9;4.8
29;2021-04-02;4765;1167;139428;44392;15.4;4.9
29;2021-04-03;2500;535;141928;44927;15.7;5.0
29;2021-04-04;146;33;142074;44960;15.7;5.0
29;2021-04-05;972;331;143046;45291;15.8;5.0
29;2021-04-06;3199;1234;146245;46525;16.1;5.1
29;2021-04-07;3653;941;149898;47466;16.5;5.2
29;2021-04-08;5285;2053;155183;49519;17.1;5.5
29;2021-04-09;6759;1562;161942;51081;17.9;5.6
29;2021-04-10;3503;710;165445;51791;18.2;5.7
29;2021-04-11;120;80;165565;51871;18.3;5.7
29;2021-04-12;3853;1480;169418;53351;18.7;5.9
29;2021-04-13;5865;1753;175283;55104;19.3;6.1
29;2021-04-14;4759;1742;180042;56846;19.9;6.3
29;2021-04-15;7174;1730;187216;58576;20.7;6.5
29;2021-04-16;6703;1353;193919;59929;21.4;6.6
29;2021-04-17;3829;968;197748;60897;21.8;6.7
29;2021-04-18;489;40;198237;60937;21.9;6.7
29;2021-04-19;3881;1464;202118;62401;22.3;6.9
29;2021-04-20;4397;2136;206515;64537;22.8;7.1
29;2021-04-21;4378;2195;210893;66732;23.3;7.4
29;2021-04-22;6638;2848;217531;69580;24.0;7.7
29;2021-04-23;6049;2195;223580;71775;24.7;7.9
29;2021-04-24;4008;1310;227588;73085;25.1;8.1
29;2021-04-25;435;169;228023;73254;25.2;8.1
29;2021-04-26;5260;1859;233283;75113;25.7;8.3
29;2021-04-27;5335;3176;238618;78289;26.3;8.6
29;2021-04-28;5359;2890;243977;81179;26.9;9.0
29;2021-04-29;6593;3304;250570;84483;27.6;9.3
29;2021-04-30;6265;3848;256835;88331;28.3;9.7
29;2021-05-01;1986;978;258821;89309;28.5;9.9
29;2021-05-02;1249;192;260070;89501;28.7;9.9
29;2021-05-03;4540;2278;264610;91779;29.2;10.1
29;2021-05-04;4108;3727;268718;95506;29.6;10.5
29;2021-05-05;4521;3402;273239;98908;30.1;10.9
29;2021-05-06;6240;3713;279479;102621;30.8;11.3
29;2021-05-07;5985;4562;285464;107183;31.5;11.8
29;2021-05-08;2097;561;287561;107744;31.7;11.9
29;2021-05-09;1731;136;289292;107880;31.9;11.9
29;2021-05-10;4760;3751;294052;111631;32.4;12.3
29;2021-05-11;4709;4965;298761;116596;33.0;12.9
29;2021-05-12;5023;4358;303784;120954;33.5;13.3
29;2021-05-13;3441;1498;307225;122452;33.9;13.5
29;2021-05-14;5649;3980;312874;126432;34.5;13.9
29;2021-05-15;4048;2294;316922;128726;35.0;14.2
29;2021-05-16;1588;294;318510;129020;35.1;14.2
29;2021-05-17;5562;3120;324072;132140;35.7;14.6
29;2021-05-18;5732;3070;329804;135210;36.4;14.9
29;2021-05-19;6214;2956;336018;138166;37.1;15.2
29;2021-05-20;7173;4546;343191;142712;37.9;15.7
29;2021-05-21;7212;3797;350403;146509;38.7;16.2
29;2021-05-22;5342;2123;355745;148632;39.2;16.4
29;2021-05-23;1631;65;357376;148697;39.4;16.4
29;2021-05-24;3485;534;360861;149231;39.8;16.5
29;2021-05-25;5835;3027;366696;152258;40.4;16.8
29;2021-05-26;5889;2987;372585;155245;41.1;17.1
29;2021-05-27;6824;3951;379409;159196;41.9;17.6
29;2021-05-28;6544;4389;385953;163585;42.6;18.0
29;2021-05-29;4382;2797;390335;166382;43.1;18.4
29;2021-05-30;1113;360;391448;166742;43.2;18.4
29;2021-05-31;6384;3434;397832;170176;43.9;18.8
29;2021-06-01;6603;4311;404435;174487;44.6;19.2
29;2021-06-02;6162;4125;410597;178612;45.3;19.7
29;2021-06-03;7689;4495;418286;183107;46.1;20.2
29;2021-06-04;6812;6135;425098;189242;46.9;20.9
29;2021-06-05;5350;3023;430448;192265;47.5;21.2
29;2021-06-06;1284;538;431732;192803;47.6;21.3
29;2021-06-07;4659;5562;436391;198365;48.1;21.9
29;2021-06-08;7173;5187;443564;203552;48.9;22.5
29;2021-06-09;6403;4743;449967;208295;49.6;23.0
29;2021-06-10;7775;5046;457742;213341;50.5;23.5
29;2021-06-11;8473;5860;466215;219201;51.4;24.2
29;2021-06-12;6562;2812;472777;222013;52.2;24.5
29;2021-06-13;2351;1370;475128;223383;52.4;24.6
29;2021-06-14;4034;6306;479162;229689;52.9;25.3
29;2021-06-15;5477;6180;484639;235869;53.5;26.0
29;2021-06-16;5571;5622;490210;241491;54.1;26.6
29;2021-06-17;6370;6310;496580;247801;54.8;27.3
29;2021-06-18;6116;7486;502696;255287;55.5;28.2
29;2021-06-19;4619;3522;507315;258809;56.0;28.5
29;2021-06-20;891;1452;508206;260261;56.1;28.7
29;2021-06-21;3761;6492;511967;266753;56.5;29.4
29;2021-06-22;4490;6421;516457;273174;57.0;30.1
29;2021-06-23;4673;6128;521130;279302;57.5;30.8
29;2021-06-24;4810;6744;525940;286046;58.0;31.6
29;2021-06-25;3598;7530;529538;293576;58.4;32.4
29;2021-06-26;2131;4093;531669;297669;58.6;32.8
29;2021-06-27;967;1631;532636;299300;58.8;33.0
29;2021-06-28;2844;6862;535480;306162;59.1;33.8
29;2021-06-29;2813;7723;538293;313885;59.4;34.6
29;2021-06-30;3048;7505;541341;321390;59.7;35.5
29;2021-07-01;3790;8421;545131;329811;60.1;36.4
29;2021-07-02;3607;9651;548738;339462;60.5;37.4
29;2021-07-03;2327;6050;551065;345512;60.8;38.1
29;2021-07-04;814;1771;551879;347283;60.9;38.3
29;2021-07-05;1914;7154;553793;354437;61.1;39.1
29;2021-07-06;1543;8004;555336;362441;61.3;40.0
29;2021-07-07;1706;7035;557042;369476;61.4;40.8
29;2021-07-08;2454;8200;559496;377676;61.7;41.7
29;2021-07-09;2627;9061;562123;386737;62.0;42.7
29;2021-07-10;1917;6102;564040;392839;62.2;43.3
29;2021-07-11;449;1064;564489;393903;62.3;43.5
29;2021-07-12;1983;8376;566472;402279;62.5;44.4
29;2021-07-13;2754;8660;569226;410939;62.8;45.3
29;2021-07-14;2086;3372;571312;414311;63.0;45.7
29;2021-07-15;3858;9723;575170;424034;63.4;46.8
29;2021-07-16;4620;9186;579790;433220;64.0;47.8
29;2021-07-17;3223;6109;583013;439329;64.3;48.5
29;2021-07-18;668;1079;583681;440408;64.4;48.6
29;2021-07-19;3157;7541;586838;447949;64.7;49.4
29;2021-07-20;3556;9432;590394;457381;65.1;50.5
29;2021-07-21;3664;7706;594058;465087;65.5;51.3
29;2021-07-22;3429;8533;597487;473620;65.9;52.2
29;2021-07-23;4066;10700;601553;484320;66.4;53.4
29;2021-07-24;2536;5956;604089;490276;66.6;54.1
29;2021-07-25;655;2359;604744;492635;66.7;54.3
29;2021-07-26;3400;7278;608144;499913;67.1;55.1
29;2021-07-27;3721;7110;611865;507023;67.5;55.9
29;2021-07-28;4207;6031;616072;513054;68.0;56.6
29;2021-07-29;5706;6361;621778;519415;68.6;57.3
29;2021-07-30;5471;6536;627249;525951;69.2;58.0
29;2021-07-31;2938;4931;630187;530882;69.5;58.6
29;2021-08-01;658;921;630845;531803;69.6;58.7
29;2021-08-02;4308;5213;635153;537016;70.1;59.2
29;2021-08-03;5490;4408;640643;541424;70.7;59.7
29;2021-08-04;5743;3610;646386;545034;71.3;60.1
29;2021-08-05;6655;4110;653041;549144;72.0;60.6
29;2021-08-06;6216;4334;659257;553478;72.7;61.1
29;2021-08-07;4294;2954;663551;556432;73.2;61.4
29;2021-08-08;854;754;664405;557186;73.3;61.5
29;2021-08-09;3085;4739;667490;561925;73.6;62.0
29;2021-08-10;4495;3865;671985;565790;74.1;62.4
29;2021-08-11;3975;3189;675960;568979;74.6;62.8
29;2021-08-12;4650;4499;680610;573478;75.1;63.3
29;2021-08-13;4239;3718;684849;577196;75.5;63.7
29;2021-08-14;2968;2845;687817;580041;75.9;64.0
29;2021-08-15;338;405;688155;580446;75.9;64.0
29;2021-08-16;3288;4375;691443;584821;76.3;64.5
29;2021-08-17;4411;3421;695854;588242;76.8;64.9
29;2021-08-18;3683;3620;699537;591862;77.2;65.3
29;2021-08-19;3915;4719;703452;596581;77.6;65.8
29;2021-08-20;3512;4599;706964;601180;78.0;66.3
29;2021-08-21;2277;3164;709241;604344;78.2;66.7
29;2021-08-22;217;415;709458;604759;78.3;66.7
29;2021-08-23;2504;4627;711962;609386;78.5;67.2
29;2021-08-24;2469;4953;714431;614339;78.8;67.8
29;2021-08-25;2170;4230;716601;618569;79.0;68.2
29;2021-08-26;2360;5340;718961;623909;79.3;68.8
29;2021-08-27;2065;5914;721026;629823;79.5;69.5
29;2021-08-28;1474;4001;722500;633824;79.7;69.9
29;2021-08-29;453;1318;722953;635142;79.7;70.1
29;2021-08-30;1458;4232;724411;639374;79.9;70.5
29;2021-08-31;1628;4536;726039;643910;80.1;71.0
29;2021-09-01;1341;4005;727380;647915;80.2;71.5
29;2021-09-02;1176;4426;728556;652341;80.4;72.0
29;2021-09-03;1439;5292;729995;657633;80.5;72.5
29;2021-09-04;1419;4064;731414;661697;80.7;73.0
29;2021-09-05;227;741;731641;662438;80.7;73.1
29;2021-09-06;741;3761;732382;666199;80.8;73.5
29;2021-09-07;928;4019;733310;670218;80.9;73.9
29;2021-09-08;911;3904;734221;674122;81.0;74.4
29;2021-09-09;956;3922;735177;678044;81.1;74.8
29;2021-09-10;1197;5082;736374;683126;81.2;75.4
29;2021-09-11;732;3667;737106;686793;81.3;75.8
29;2021-09-12;116;443;737222;687236;81.3;75.8
29;2021-09-13;837;3942;738059;691178;81.4;76.2
29;2021-09-14;721;3914;738780;695092;81.5;76.7
29;2021-09-15;715;3225;739495;698317;81.6;77.0
29;2021-09-16;838;2790;740333;701107;81.7;77.3
29;2021-09-17;922;3243;741255;704350;81.8;77.7
29;2021-09-18;596;3449;741851;707799;81.8;78.1
29;2021-09-19;84;443;741935;708242;81.8;78.1
29;2021-09-20;490;2169;742425;710411;81.9;78.4
29;2021-09-21;474;1917;742899;712328;81.9;78.6
29;2021-09-22;365;2241;743264;714569;82.0;78.8
29;2021-09-23;464;1753;743728;716322;82.0;79.0
29;2021-09-24;485;2231;744213;718553;82.1;79.3
29;2021-09-25;340;2732;744553;721285;82.1;79.6
29;2021-09-26;56;239;744609;721524;82.1;79.6
29;2021-09-27;328;1638;744937;723162;82.2;79.8
29;2021-09-28;258;1567;745195;724729;82.2;79.9
29;2021-09-29;399;1677;745594;726406;82.2;80.1
29;2021-09-30;322;1327;745916;727733;82.3;80.3
29;2021-10-01;460;1536;746376;729269;82.3;80.4
29;2021-10-02;360;1673;746736;730942;82.4;80.6
29;2021-10-03;6;30;746742;730972;82.4;80.6
29;2021-10-04;298;1318;747040;732290;82.4;80.8
29;2021-10-05;235;1065;747275;733355;82.4;80.9
2A;2020-12-27;0;0;0;0;0.0;0.0
2A;2020-12-28;0;0;0;0;0.0;0.0
2A;2020-12-29;0;0;0;0;0.0;0.0
2A;2020-12-30;0;0;0;0;0.0;0.0
2A;2020-12-31;0;0;0;0;0.0;0.0
2A;2021-01-01;0;0;0;0;0.0;0.0
2A;2021-01-02;1;0;1;0;0.0;0.0
2A;2021-01-03;0;0;1;0;0.0;0.0
2A;2021-01-04;0;0;1;0;0.0;0.0
2A;2021-01-05;0;0;1;0;0.0;0.0
2A;2021-01-06;6;0;7;0;0.0;0.0
2A;2021-01-07;122;1;129;1;0.1;0.0
2A;2021-01-08;114;0;243;1;0.1;0.0
2A;2021-01-09;39;0;282;1;0.2;0.0
2A;2021-01-10;33;0;315;1;0.2;0.0
2A;2021-01-11;78;0;393;1;0.2;0.0
2A;2021-01-12;85;0;478;1;0.3;0.0
2A;2021-01-13;113;0;591;1;0.4;0.0
2A;2021-01-14;191;1;782;2;0.5;0.0
2A;2021-01-15;149;0;931;2;0.6;0.0
2A;2021-01-16;160;1;1091;3;0.7;0.0
2A;2021-01-17;86;1;1177;4;0.7;0.0
2A;2021-01-18;201;2;1378;6;0.8;0.0
2A;2021-01-19;488;1;1866;7;1.1;0.0
2A;2021-01-20;356;0;2222;7;1.4;0.0
2A;2021-01-21;453;1;2675;8;1.6;0.0
2A;2021-01-22;367;0;3042;8;1.9;0.0
2A;2021-01-23;183;0;3225;8;2.0;0.0
2A;2021-01-24;118;1;3343;9;2.1;0.0
2A;2021-01-25;215;0;3558;9;2.2;0.0
2A;2021-01-26;402;7;3960;16;2.4;0.0
2A;2021-01-27;325;5;4285;21;2.6;0.0
2A;2021-01-28;335;73;4620;94;2.8;0.1
2A;2021-01-29;342;59;4962;153;3.1;0.1
2A;2021-01-30;128;34;5090;187;3.1;0.1
2A;2021-01-31;92;11;5182;198;3.2;0.1
2A;2021-02-01;230;42;5412;240;3.3;0.1
2A;2021-02-02;288;107;5700;347;3.5;0.2
2A;2021-02-03;265;72;5965;419;3.7;0.3
2A;2021-02-04;256;113;6221;532;3.8;0.3
2A;2021-02-05;267;95;6488;627;4.0;0.4
2A;2021-02-06;121;54;6609;681;4.1;0.4
2A;2021-02-07;68;39;6677;720;4.1;0.4
2A;2021-02-08;92;169;6769;889;4.2;0.5
2A;2021-02-09;128;263;6897;1152;4.2;0.7
2A;2021-02-10;167;208;7064;1360;4.3;0.8
2A;2021-02-11;299;308;7363;1668;4.5;1.0
2A;2021-02-12;345;240;7708;1908;4.7;1.2
2A;2021-02-13;225;49;7933;1957;4.9;1.2
2A;2021-02-14;135;58;8068;2015;5.0;1.2
2A;2021-02-15;198;152;8266;2167;5.1;1.3
2A;2021-02-16;384;265;8650;2432;5.3;1.5
2A;2021-02-17;297;151;8947;2583;5.5;1.6
2A;2021-02-18;340;164;9287;2747;5.7;1.7
2A;2021-02-19;145;251;9432;2998;5.8;1.8
2A;2021-02-20;243;104;9675;3102;6.0;1.9
2A;2021-02-21;58;42;9733;3144;6.0;1.9
2A;2021-02-22;77;193;9810;3337;6.0;2.1
2A;2021-02-23;122;238;9932;3575;6.1;2.2
2A;2021-02-24;82;244;10014;3819;6.2;2.4
2A;2021-02-25;104;210;10118;4029;6.2;2.5
2A;2021-02-26;123;216;10241;4245;6.3;2.6
2A;2021-02-27;308;52;10549;4297;6.5;2.6
2A;2021-02-28;69;55;10618;4352;6.5;2.7
2A;2021-03-01;117;129;10735;4481;6.6;2.8
2A;2021-03-02;199;237;10934;4718;6.7;2.9
2A;2021-03-03;249;236;11183;4954;6.9;3.1
2A;2021-03-04;508;205;11691;5159;7.2;3.2
2A;2021-03-05;973;260;12664;5419;7.8;3.3
2A;2021-03-06;1167;73;13831;5492;8.5;3.4
2A;2021-03-07;1021;43;14852;5535;9.1;3.4
2A;2021-03-08;933;80;15785;5615;9.7;3.5
2A;2021-03-09;938;140;16723;5755;10.3;3.5
2A;2021-03-10;634;135;17357;5890;10.7;3.6
2A;2021-03-11;723;258;18080;6148;11.1;3.8
2A;2021-03-12;561;310;18641;6458;11.5;4.0
2A;2021-03-13;613;189;19254;6647;11.9;4.1
2A;2021-03-14;312;125;19566;6772;12.0;4.2
2A;2021-03-15;377;197;19943;6969;12.3;4.3
2A;2021-03-16;498;366;20441;7335;12.6;4.5
2A;2021-03-17;703;267;21144;7602;13.0;4.7
2A;2021-03-18;447;299;21591;7901;13.3;4.9
2A;2021-03-19;489;152;22080;8053;13.6;5.0
2A;2021-03-20;1079;258;23159;8311;14.3;5.1
2A;2021-03-21;695;53;23854;8364;14.7;5.1
2A;2021-03-22;347;65;24201;8429;14.9;5.2
2A;2021-03-23;518;56;24719;8485;15.2;5.2
2A;2021-03-24;864;92;25583;8577;15.8;5.3
2A;2021-03-25;930;140;26513;8717;16.3;5.4
2A;2021-03-26;1080;164;27593;8881;17.0;5.5
2A;2021-03-27;1189;199;28782;9080;17.7;5.6
2A;2021-03-28;241;95;29023;9175;17.9;5.6
2A;2021-03-29;283;138;29306;9313;18.0;5.7
2A;2021-03-30;383;233;29689;9546;18.3;5.9
2A;2021-03-31;445;224;30134;9770;18.6;6.0
2A;2021-04-01;638;451;30772;10221;18.9;6.3
2A;2021-04-02;903;780;31675;11001;19.5;6.8
2A;2021-04-03;646;981;32321;11982;19.9;7.4
2A;2021-04-04;578;783;32899;12765;20.3;7.9
2A;2021-04-05;525;691;33424;13456;20.6;8.3
2A;2021-04-06;548;559;33972;14015;20.9;8.6
2A;2021-04-07;795;428;34767;14443;21.4;8.9
2A;2021-04-08;1047;358;35814;14801;22.1;9.1
2A;2021-04-09;934;389;36748;15190;22.6;9.4
2A;2021-04-10;1058;382;37806;15572;23.3;9.6
2A;2021-04-11;362;256;38168;15828;23.5;9.7
2A;2021-04-12;669;339;38837;16167;23.9;10.0
2A;2021-04-13;329;378;39166;16545;24.1;10.2
2A;2021-04-14;1045;587;40211;17132;24.8;10.5
2A;2021-04-15;1044;524;41255;17656;25.4;10.9
2A;2021-04-16;872;392;42127;18048;25.9;11.1
2A;2021-04-17;1369;934;43496;18982;26.8;11.7
2A;2021-04-18;981;948;44477;19930;27.4;12.3
2A;2021-04-19;270;343;44747;20273;27.6;12.5
2A;2021-04-20;354;344;45101;20617;27.8;12.7
2A;2021-04-21;729;734;45830;21351;28.2;13.1
2A;2021-04-22;897;646;46727;21997;28.8;13.5
2A;2021-04-23;986;776;47713;22773;29.4;14.0
2A;2021-04-24;1750;984;49463;23757;30.5;14.6
2A;2021-04-25;976;306;50439;24063;31.1;14.8
2A;2021-04-26;308;226;50747;24289;31.2;15.0
2A;2021-04-27;343;347;51090;24636;31.5;15.2
2A;2021-04-28;1676;424;52766;25060;32.5;15.4
2A;2021-04-29;1053;361;53819;25421;33.1;15.7
2A;2021-04-30;1131;1062;54950;26483;33.8;16.3
2A;2021-05-01;970;575;55920;27058;34.4;16.7
2A;2021-05-02;674;708;56594;27766;34.8;17.1
2A;2021-05-03;583;575;57177;28341;35.2;17.4
2A;2021-05-04;752;535;57929;28876;35.7;17.8
2A;2021-05-05;1011;983;58940;29859;36.3;18.4
2A;2021-05-06;904;911;59844;30770;36.8;18.9
2A;2021-05-07;1156;834;61000;31604;37.6;19.5
2A;2021-05-08;422;501;61422;32105;37.8;19.8
2A;2021-05-09;783;636;62205;32741;38.3;20.2
2A;2021-05-10;454;741;62659;33482;38.6;20.6
2A;2021-05-11;652;417;63311;33899;39.0;20.9
2A;2021-05-12;925;488;64236;34387;39.5;21.2
2A;2021-05-13;920;138;65156;34525;40.1;21.3
2A;2021-05-14;797;678;65953;35203;40.6;21.7
2A;2021-05-15;778;649;66731;35852;41.1;22.1
2A;2021-05-16;740;500;67471;36352;41.5;22.4
2A;2021-05-17;584;557;68055;36909;41.9;22.7
2A;2021-05-18;614;475;68669;37384;42.3;23.0
2A;2021-05-19;787;481;69456;37865;42.8;23.3
2A;2021-05-20;692;539;70148;38404;43.2;23.6
2A;2021-05-21;536;483;70684;38887;43.5;23.9
2A;2021-05-22;440;310;71124;39197;43.8;24.1
2A;2021-05-23;533;282;71657;39479;44.1;24.3
2A;2021-05-24;125;33;71782;39512;44.2;24.3
2A;2021-05-25;421;503;72203;40015;44.5;24.6
2A;2021-05-26;425;1166;72628;41181;44.7;25.4
2A;2021-05-27;435;1111;73063;42292;45.0;26.0
2A;2021-05-28;298;915;73361;43207;45.2;26.6
2A;2021-05-29;334;900;73695;44107;45.4;27.2
2A;2021-05-30;181;507;73876;44614;45.5;27.5
2A;2021-05-31;191;413;74067;45027;45.6;27.7
2A;2021-06-01;342;727;74409;45754;45.8;28.2
2A;2021-06-02;285;940;74694;46694;46.0;28.7
2A;2021-06-03;306;850;75000;47544;46.2;29.3
2A;2021-06-04;271;1091;75271;48635;46.3;29.9
2A;2021-06-05;319;1443;75590;50078;46.5;30.8
2A;2021-06-06;173;907;75763;50985;46.6;31.4
2A;2021-06-07;171;658;75934;51643;46.8;31.8
2A;2021-06-08;324;706;76258;52349;47.0;32.2
2A;2021-06-09;304;1320;76562;53669;47.1;33.0
2A;2021-06-10;329;857;76891;54526;47.3;33.6
2A;2021-06-11;277;1019;77168;55545;47.5;34.2
2A;2021-06-12;232;657;77400;56202;47.7;34.6
2A;2021-06-13;189;797;77589;56999;47.8;35.1
2A;2021-06-14;251;922;77840;57921;47.9;35.7
2A;2021-06-15;217;507;78057;58428;48.1;36.0
2A;2021-06-16;213;776;78270;59204;48.2;36.5
2A;2021-06-17;235;591;78505;59795;48.3;36.8
2A;2021-06-18;246;912;78751;60707;48.5;37.4
2A;2021-06-19;208;689;78959;61396;48.6;37.8
2A;2021-06-20;150;692;79109;62088;48.7;38.2
2A;2021-06-21;184;795;79293;62883;48.8;38.7
2A;2021-06-22;236;841;79529;63724;49.0;39.2
2A;2021-06-23;217;568;79746;64292;49.1;39.6
2A;2021-06-24;149;369;79895;64661;49.2;39.8
2A;2021-06-25;167;470;80062;65131;49.3;40.1
2A;2021-06-26;203;872;80265;66003;49.4;40.6
2A;2021-06-27;175;794;80440;66797;49.5;41.1
2A;2021-06-28;194;704;80634;67501;49.6;41.6
2A;2021-06-29;216;689;80850;68190;49.8;42.0
2A;2021-06-30;242;490;81092;68680;49.9;42.3
2A;2021-07-01;211;483;81303;69163;50.1;42.6
2A;2021-07-02;294;368;81597;69531;50.2;42.8
2A;2021-07-03;211;617;81808;70148;50.4;43.2
2A;2021-07-04;179;664;81987;70812;50.5;43.6
2A;2021-07-05;163;235;82150;71047;50.6;43.7
2A;2021-07-06;252;389;82402;71436;50.7;44.0
2A;2021-07-07;433;611;82835;72047;51.0;44.4
2A;2021-07-08;592;705;83427;72752;51.4;44.8
2A;2021-07-09;384;420;83811;73172;51.6;45.1
2A;2021-07-10;281;346;84092;73518;51.8;45.3
2A;2021-07-11;92;151;84184;73669;51.8;45.4
2A;2021-07-12;317;346;84501;74015;52.0;45.6
2A;2021-07-13;1178;534;85679;74549;52.8;45.9
2A;2021-07-14;1623;342;87302;74891;53.8;46.1
2A;2021-07-15;1436;836;88738;75727;54.6;46.6
2A;2021-07-16;1168;463;89906;76190;55.4;46.9
2A;2021-07-17;1096;348;91002;76538;56.0;47.1
2A;2021-07-18;635;135;91637;76673;56.4;47.2
2A;2021-07-19;918;425;92555;77098;57.0;47.5
2A;2021-07-20;1283;469;93838;77567;57.8;47.8
2A;2021-07-21;1426;724;95264;78291;58.7;48.2
2A;2021-07-22;1400;764;96664;79055;59.5;48.7
2A;2021-07-23;1439;463;98103;79518;60.4;49.0
2A;2021-07-24;896;290;98999;79808;61.0;49.1
2A;2021-07-25;451;81;99450;79889;61.2;49.2
2A;2021-07-26;1198;507;100648;80396;62.0;49.5
2A;2021-07-27;1297;513;101945;80909;62.8;49.8
2A;2021-07-28;1199;593;103144;81502;63.5;50.2
2A;2021-07-29;1230;656;104374;82158;64.3;50.6
2A;2021-07-30;961;609;105335;82767;64.9;51.0
2A;2021-07-31;548;340;105883;83107;65.2;51.2
2A;2021-08-01;570;124;106453;83231;65.5;51.2
2A;2021-08-02;451;494;106904;83725;65.8;51.5
2A;2021-08-03;814;881;107718;84606;66.3;52.1
2A;2021-08-04;724;1161;108442;85767;66.8;52.8
2A;2021-08-05;956;1348;109398;87115;67.4;53.6
2A;2021-08-06;390;815;109788;87930;67.6;54.1
2A;2021-08-07;352;888;110140;88818;67.8;54.7
2A;2021-08-08;78;185;110218;89003;67.9;54.8
2A;2021-08-09;663;1142;110881;90145;68.3;55.5
2A;2021-08-10;642;1209;111523;91354;68.7;56.2
2A;2021-08-11;593;1064;112116;92418;69.0;56.9
2A;2021-08-12;742;1491;112858;93909;69.5;57.8
2A;2021-08-13;485;1066;113343;94975;69.8;58.5
2A;2021-08-14;414;766;113757;95741;70.0;58.9
2A;2021-08-15;27;26;113784;95767;70.1;59.0
2A;2021-08-16;482;1292;114266;97059;70.4;59.8
2A;2021-08-17;940;1556;115206;98615;70.9;60.7
2A;2021-08-18;525;1123;115731;99738;71.3;61.4
2A;2021-08-19;431;1010;116162;100748;71.5;62.0
2A;2021-08-20;328;574;116490;101322;71.7;62.4
2A;2021-08-21;240;535;116730;101857;71.9;62.7
2A;2021-08-22;197;617;116927;102474;72.0;63.1
2A;2021-08-23;325;744;117252;103218;72.2;63.5
2A;2021-08-24;326;858;117578;104076;72.4;64.1
2A;2021-08-25;401;881;117979;104957;72.6;64.6
2A;2021-08-26;343;768;118322;105725;72.8;65.1
2A;2021-08-27;244;716;118566;106441;73.0;65.5
2A;2021-08-28;256;352;118822;106793;73.2;65.8
2A;2021-08-29;97;115;118919;106908;73.2;65.8
2A;2021-08-30;244;652;119163;107560;73.4;66.2
2A;2021-08-31;172;520;119335;108080;73.5;66.5
2A;2021-09-01;343;837;119678;108917;73.7;67.1
2A;2021-09-02;314;734;119992;109651;73.9;67.5
2A;2021-09-03;242;633;120234;110284;74.0;67.9
2A;2021-09-04;151;453;120385;110737;74.1;68.2
2A;2021-09-05;29;32;120414;110769;74.1;68.2
2A;2021-09-06;111;425;120525;111194;74.2;68.5
2A;2021-09-07;191;793;120716;111987;74.3;68.9
2A;2021-09-08;221;794;120937;112781;74.5;69.4
2A;2021-09-09;201;592;121138;113373;74.6;69.8
2A;2021-09-10;155;465;121293;113838;74.7;70.1
2A;2021-09-11;135;345;121428;114183;74.8;70.3
2A;2021-09-12;41;143;121469;114326;74.8;70.4
2A;2021-09-13;101;227;121570;114553;74.8;70.5
2A;2021-09-14;224;430;121794;114983;75.0;70.8
2A;2021-09-15;191;541;121985;115524;75.1;71.1
2A;2021-09-16;214;364;122199;115888;75.2;71.4
2A;2021-09-17;133;176;122332;116064;75.3;71.5
2A;2021-09-18;104;302;122436;116366;75.4;71.6
2A;2021-09-19;10;49;122446;116415;75.4;71.7
2A;2021-09-20;37;130;122483;116545;75.4;71.8
2A;2021-09-21;89;246;122572;116791;75.5;71.9
2A;2021-09-22;99;448;122671;117239;75.5;72.2
2A;2021-09-23;90;325;122761;117564;75.6;72.4
2A;2021-09-24;59;258;122820;117822;75.6;72.5
2A;2021-09-25;63;143;122883;117965;75.7;72.6
2A;2021-09-26;10;29;122893;117994;75.7;72.6
2A;2021-09-27;43;104;122936;118098;75.7;72.7
2A;2021-09-28;102;172;123038;118270;75.8;72.8
2A;2021-09-29;109;297;123147;118567;75.8;73.0
2A;2021-09-30;73;209;123220;118776;75.9;73.1
2A;2021-10-01;81;118;123301;118894;75.9;73.2
2A;2021-10-02;78;137;123379;119031;76.0;73.3
2A;2021-10-03;18;33;123397;119064;76.0;73.3
2A;2021-10-04;42;79;123439;119143;76.0;73.4
2A;2021-10-05;31;113;123470;119256;76.0;73.4
2B;2020-12-27;0;0;0;0;0.0;0.0
2B;2020-12-28;0;0;0;0;0.0;0.0
2B;2020-12-29;0;0;0;0;0.0;0.0
2B;2020-12-30;0;0;0;0;0.0;0.0
2B;2020-12-31;0;0;0;0;0.0;0.0
2B;2021-01-01;0;0;0;0;0.0;0.0
2B;2021-01-02;0;0;0;0;0.0;0.0
2B;2021-01-03;0;0;0;0;0.0;0.0
2B;2021-01-04;2;0;2;0;0.0;0.0
2B;2021-01-05;0;0;2;0;0.0;0.0
2B;2021-01-06;48;1;50;1;0.0;0.0
2B;2021-01-07;210;0;260;1;0.1;0.0
2B;2021-01-08;197;2;457;3;0.3;0.0
2B;2021-01-09;40;0;497;3;0.3;0.0
2B;2021-01-10;1;0;498;3;0.3;0.0
2B;2021-01-11;74;0;572;3;0.3;0.0
2B;2021-01-12;128;1;700;4;0.4;0.0
2B;2021-01-13;93;0;793;4;0.4;0.0
2B;2021-01-14;72;0;865;4;0.5;0.0
2B;2021-01-15;259;0;1124;4;0.6;0.0
2B;2021-01-16;44;0;1168;4;0.6;0.0
2B;2021-01-17;8;0;1176;4;0.6;0.0
2B;2021-01-18;271;0;1447;4;0.8;0.0
2B;2021-01-19;507;0;1954;4;1.1;0.0
2B;2021-01-20;462;3;2416;7;1.3;0.0
2B;2021-01-21;358;0;2774;7;1.5;0.0
2B;2021-01-22;381;0;3155;7;1.7;0.0
2B;2021-01-23;61;0;3216;7;1.8;0.0
2B;2021-01-24;29;0;3245;7;1.8;0.0
2B;2021-01-25;210;2;3455;9;1.9;0.0
2B;2021-01-26;392;1;3847;10;2.1;0.0
2B;2021-01-27;341;30;4188;40;2.3;0.0
2B;2021-01-28;365;118;4553;158;2.5;0.1
2B;2021-01-29;296;135;4849;293;2.7;0.2
2B;2021-01-30;80;32;4929;325;2.7;0.2
2B;2021-01-31;60;0;4989;325;2.7;0.2
2B;2021-02-01;233;84;5222;409;2.9;0.2
2B;2021-02-02;358;72;5580;481;3.1;0.3
2B;2021-02-03;521;86;6101;567;3.3;0.3
2B;2021-02-04;458;110;6559;677;3.6;0.4
2B;2021-02-05;394;85;6953;762;3.8;0.4
2B;2021-02-06;87;11;7040;773;3.9;0.4
2B;2021-02-07;60;0;7100;773;3.9;0.4
2B;2021-02-08;231;121;7331;894;4.0;0.5
2B;2021-02-09;586;252;7917;1146;4.3;0.6
2B;2021-02-10;485;161;8402;1307;4.6;0.7
2B;2021-02-11;382;108;8784;1415;4.8;0.8
2B;2021-02-12;299;110;9083;1525;5.0;0.8
2B;2021-02-13;77;10;9160;1535;5.0;0.8
2B;2021-02-14;62;1;9222;1536;5.1;0.8
2B;2021-02-15;190;100;9412;1636;5.2;0.9
2B;2021-02-16;249;217;9661;1853;5.3;1.0
2B;2021-02-17;312;253;9973;2106;5.5;1.2
2B;2021-02-18;215;278;10188;2384;5.6;1.3
2B;2021-02-19;163;267;10351;2651;5.7;1.5
2B;2021-02-20;32;38;10383;2689;5.7;1.5
2B;2021-02-21;28;23;10411;2712;5.7;1.5
2B;2021-02-22;133;154;10544;2866;5.8;1.6
2B;2021-02-23;232;300;10776;3166;5.9;1.7
2B;2021-02-24;229;266;11005;3432;6.0;1.9
2B;2021-02-25;245;280;11250;3712;6.2;2.0
2B;2021-02-26;301;241;11551;3953;6.3;2.2
2B;2021-02-27;60;71;11611;4024;6.4;2.2
2B;2021-02-28;1;44;11612;4068;6.4;2.2
2B;2021-03-01;246;238;11858;4306;6.5;2.4
2B;2021-03-02;352;354;12210;4660;6.7;2.6
2B;2021-03-03;299;395;12509;5055;6.9;2.8
2B;2021-03-04;447;376;12956;5431;7.1;3.0
2B;2021-03-05;619;351;13575;5782;7.4;3.2
2B;2021-03-06;682;90;14257;5872;7.8;3.2
2B;2021-03-07;361;56;14618;5928;8.0;3.3
2B;2021-03-08;301;220;14919;6148;8.2;3.4
2B;2021-03-09;384;472;15303;6620;8.4;3.6
2B;2021-03-10;631;420;15934;7040;8.7;3.9
2B;2021-03-11;584;333;16518;7373;9.1;4.0
2B;2021-03-12;967;219;17485;7592;9.6;4.2
2B;2021-03-13;511;97;17996;7689;9.9;4.2
2B;2021-03-14;226;63;18222;7752;10.0;4.3
2B;2021-03-15;516;198;18738;7950;10.3;4.4
2B;2021-03-16;571;271;19309;8221;10.6;4.5
2B;2021-03-17;530;258;19839;8479;10.9;4.7
2B;2021-03-18;551;221;20390;8700;11.2;4.8
2B;2021-03-19;805;192;21195;8892;11.6;4.9
2B;2021-03-20;656;37;21851;8929;12.0;4.9
2B;2021-03-21;428;36;22279;8965;12.2;4.9
2B;2021-03-22;546;122;22825;9087;12.5;5.0
2B;2021-03-23;788;255;23613;9342;13.0;5.1
2B;2021-03-24;832;214;24445;9556;13.4;5.2
2B;2021-03-25;825;163;25270;9719;13.9;5.3
2B;2021-03-26;958;189;26228;9908;14.4;5.4
2B;2021-03-27;1092;36;27320;9944;15.0;5.5
2B;2021-03-28;830;122;28150;10066;15.4;5.5
2B;2021-03-29;745;177;28895;10243;15.9;5.6
2B;2021-03-30;971;323;29866;10566;16.4;5.8
2B;2021-03-31;981;266;30847;10832;16.9;5.9
2B;2021-04-01;1003;226;31850;11058;17.5;6.1
2B;2021-04-02;966;408;32816;11466;18.0;6.3
2B;2021-04-03;1246;153;34062;11619;18.7;6.4
2B;2021-04-04;197;60;34259;11679;18.8;6.4
2B;2021-04-05;109;113;34368;11792;18.9;6.5
2B;2021-04-06;1032;359;35400;12151;19.4;6.7
2B;2021-04-07;1231;421;36631;12572;20.1;6.9
2B;2021-04-08;1129;408;37760;12980;20.7;7.1
2B;2021-04-09;1166;566;38926;13546;21.4;7.4
2B;2021-04-10;1352;265;40278;13811;22.1;7.6
2B;2021-04-11;815;65;41093;13876;22.5;7.6
2B;2021-04-12;853;558;41946;14434;23.0;7.9
2B;2021-04-13;1063;630;43009;15064;23.6;8.3
2B;2021-04-14;1046;494;44055;15558;24.2;8.5
2B;2021-04-15;886;517;44941;16075;24.7;8.8
2B;2021-04-16;910;647;45851;16722;25.2;9.2
2B;2021-04-17;386;447;46237;17169;25.4;9.4
2B;2021-04-18;253;343;46490;17512;25.5;9.6
2B;2021-04-19;822;436;47312;17948;26.0;9.8
2B;2021-04-20;898;843;48210;18791;26.5;10.3
2B;2021-04-21;1055;608;49265;19399;27.0;10.6
2B;2021-04-22;937;732;50202;20131;27.5;11.0
2B;2021-04-23;662;628;50864;20759;27.9;11.4
2B;2021-04-24;288;772;51152;21531;28.1;11.8
2B;2021-04-25;285;477;51437;22008;28.2;12.1
2B;2021-04-26;708;918;52145;22926;28.6;12.6
2B;2021-04-27;965;873;53110;23799;29.1;13.1
2B;2021-04-28;918;862;54028;24661;29.6;13.5
2B;2021-04-29;925;867;54953;25528;30.2;14.0
2B;2021-04-30;1133;831;56086;26359;30.8;14.5
2B;2021-05-01;460;1116;56546;27475;31.0;15.1
2B;2021-05-02;335;244;56881;27719;31.2;15.2
2B;2021-05-03;1017;495;57898;28214;31.8;15.5
2B;2021-05-04;811;1152;58709;29366;32.2;16.1
2B;2021-05-05;800;1376;59509;30742;32.7;16.9
2B;2021-05-06;1286;905;60795;31647;33.4;17.4
2B;2021-05-07;1062;987;61857;32634;33.9;17.9
2B;2021-05-08;459;852;62316;33486;34.2;18.4
2B;2021-05-09;392;683;62708;34169;34.4;18.7
2B;2021-05-10;924;802;63632;34971;34.9;19.2
2B;2021-05-11;933;1163;64565;36134;35.4;19.8
2B;2021-05-12;859;893;65424;37027;35.9;20.3
2B;2021-05-13;1028;376;66452;37403;36.5;20.5
2B;2021-05-14;719;577;67171;37980;36.9;20.8
2B;2021-05-15;702;353;67873;38333;37.2;21.0
2B;2021-05-16;300;180;68173;38513;37.4;21.1
2B;2021-05-17;1003;405;69176;38918;38.0;21.4
2B;2021-05-18;990;382;70166;39300;38.5;21.6
2B;2021-05-19;771;416;70937;39716;38.9;21.8
2B;2021-05-20;668;359;71605;40075;39.3;22.0
2B;2021-05-21;706;502;72311;40577;39.7;22.3
2B;2021-05-22;576;392;72887;40969;40.0;22.5
2B;2021-05-23;170;46;73057;41015;40.1;22.5
2B;2021-05-24;40;115;73097;41130;40.1;22.6
2B;2021-05-25;548;352;73645;41482;40.4;22.8
2B;2021-05-26;545;787;74190;42269;40.7;23.2
2B;2021-05-27;407;1131;74597;43400;40.9;23.8
2B;2021-05-28;550;905;75147;44305;41.2;24.3
2B;2021-05-29;311;353;75458;44658;41.4;24.5
2B;2021-05-30;46;45;75504;44703;41.4;24.5
2B;2021-05-31;375;831;75879;45534;41.6;25.0
2B;2021-06-01;414;1037;76293;46571;41.9;25.6
2B;2021-06-02;363;988;76656;47559;42.1;26.1
2B;2021-06-03;498;806;77154;48365;42.3;26.5
2B;2021-06-04;343;1253;77497;49618;42.5;27.2
2B;2021-06-05;257;491;77754;50109;42.7;27.5
2B;2021-06-06;51;129;77805;50238;42.7;27.6
2B;2021-06-07;280;949;78085;51187;42.8;28.1
2B;2021-06-08;399;1167;78484;52354;43.1;28.7
2B;2021-06-09;519;1177;79003;53531;43.3;29.4
2B;2021-06-10;369;939;79372;54470;43.5;29.9
2B;2021-06-11;432;1272;79804;55742;43.8;30.6
2B;2021-06-12;152;544;79956;56286;43.9;30.9
2B;2021-06-13;27;59;79983;56345;43.9;30.9
2B;2021-06-14;195;1111;80178;57456;44.0;31.5
2B;2021-06-15;344;1217;80522;58673;44.2;32.2
2B;2021-06-16;383;935;80905;59608;44.4;32.7
2B;2021-06-17;402;1049;81307;60657;44.6;33.3
2B;2021-06-18;348;960;81655;61617;44.8;33.8
2B;2021-06-19;144;330;81799;61947;44.9;34.0
2B;2021-06-20;44;194;81843;62141;44.9;34.1
2B;2021-06-21;265;962;82108;63103;45.1;34.6
2B;2021-06-22;317;1115;82425;64218;45.2;35.2
2B;2021-06-23;209;871;82634;65089;45.3;35.7
2B;2021-06-24;337;758;82971;65847;45.5;36.1
2B;2021-06-25;210;1074;83181;66921;45.6;36.7
2B;2021-06-26;105;550;83286;67471;45.7;37.0
2B;2021-06-27;31;214;83317;67685;45.7;37.1
2B;2021-06-28;329;954;83646;68639;45.9;37.7
2B;2021-06-29;270;985;83916;69624;46.0;38.2
2B;2021-06-30;380;948;84296;70572;46.3;38.7
2B;2021-07-01;226;507;84522;71079;46.4;39.0
2B;2021-07-02;219;557;84741;71636;46.5;39.3
2B;2021-07-03;91;397;84832;72033;46.5;39.5
2B;2021-07-04;2;0;84834;72033;46.5;39.5
2B;2021-07-05;264;666;85098;72699;46.7;39.9
2B;2021-07-06;450;707;85548;73406;46.9;40.3
2B;2021-07-07;380;910;85928;74316;47.1;40.8
2B;2021-07-08;183;351;86111;74667;47.2;41.0
2B;2021-07-09;250;376;86361;75043;47.4;41.2
2B;2021-07-10;197;199;86558;75242;47.5;41.3
2B;2021-07-11;13;14;86571;75256;47.5;41.3
2B;2021-07-12;497;746;87068;76002;47.8;41.7
2B;2021-07-13;822;1020;87890;77022;48.2;42.3
2B;2021-07-14;344;100;88234;77122;48.4;42.3
2B;2021-07-15;1270;589;89504;77711;49.1;42.6
2B;2021-07-16;1120;564;90624;78275;49.7;42.9
2B;2021-07-17;710;318;91334;78593;50.1;43.1
2B;2021-07-18;179;49;91513;78642;50.2;43.1
2B;2021-07-19;857;708;92370;79350;50.7;43.5
2B;2021-07-20;1210;681;93580;80031;51.3;43.9
2B;2021-07-21;1396;725;94976;80756;52.1;44.3
2B;2021-07-22;1330;604;96306;81360;52.8;44.6
2B;2021-07-23;1329;502;97635;81862;53.6;44.9
2B;2021-07-24;534;315;98169;82177;53.9;45.1
2B;2021-07-25;203;71;98372;82248;54.0;45.1
2B;2021-07-26;913;634;99285;82882;54.5;45.5
2B;2021-07-27;1578;704;100863;83586;55.3;45.9
2B;2021-07-28;1177;633;102040;84219;56.0;46.2
2B;2021-07-29;1144;449;103184;84668;56.6;46.5
2B;2021-07-30;763;349;103947;85017;57.0;46.6
2B;2021-07-31;539;234;104486;85251;57.3;46.8
2B;2021-08-01;230;57;104716;85308;57.5;46.8
2B;2021-08-02;799;471;105515;85779;57.9;47.1
2B;2021-08-03;1137;786;106652;86565;58.5;47.5
2B;2021-08-04;810;454;107462;87019;59.0;47.7
2B;2021-08-05;1025;560;108487;87579;59.5;48.1
2B;2021-08-06;704;526;109191;88105;59.9;48.3
2B;2021-08-07;306;408;109497;88513;60.1;48.6
2B;2021-08-08;93;142;109590;88655;60.1;48.6
2B;2021-08-09;536;747;110126;89402;60.4;49.1
2B;2021-08-10;739;1131;110865;90533;60.8;49.7
2B;2021-08-11;752;901;111617;91434;61.2;50.2
2B;2021-08-12;692;1045;112309;92479;61.6;50.7
2B;2021-08-13;494;948;112803;93427;61.9;51.3
2B;2021-08-14;200;437;113003;93864;62.0;51.5
2B;2021-08-15;117;173;113120;94037;62.1;51.6
2B;2021-08-16;509;1063;113629;95100;62.3;52.2
2B;2021-08-17;587;1308;114216;96408;62.7;52.9
2B;2021-08-18;506;1193;114722;97601;62.9;53.6
2B;2021-08-19;433;900;115155;98501;63.2;54.0
2B;2021-08-20;368;813;115523;99314;63.4;54.5
2B;2021-08-21;158;474;115681;99788;63.5;54.8
2B;2021-08-22;79;208;115760;99996;63.5;54.9
2B;2021-08-23;376;945;116136;100941;63.7;55.4
2B;2021-08-24;498;1214;116634;102155;64.0;56.0
2B;2021-08-25;347;971;116981;103126;64.2;56.6
2B;2021-08-26;401;817;117382;103943;64.4;57.0
2B;2021-08-27;262;572;117644;104515;64.5;57.3
2B;2021-08-28;168;442;117812;104957;64.6;57.6
2B;2021-08-29;53;126;117865;105083;64.7;57.7
2B;2021-08-30;364;851;118229;105934;64.9;58.1
2B;2021-08-31;380;922;118609;106856;65.1;58.6
2B;2021-09-01;368;986;118977;107842;65.3;59.2
2B;2021-09-02;304;737;119281;108579;65.4;59.6
2B;2021-09-03;219;507;119500;109086;65.6;59.9
2B;2021-09-04;123;352;119623;109438;65.6;60.0
2B;2021-09-05;17;137;119640;109575;65.6;60.1
2B;2021-09-06;163;655;119803;110230;65.7;60.5
2B;2021-09-07;259;989;120062;111219;65.9;61.0
2B;2021-09-08;203;746;120265;111965;66.0;61.4
2B;2021-09-09;183;520;120448;112485;66.1;61.7
2B;2021-09-10;201;488;120649;112973;66.2;62.0
2B;2021-09-11;130;312;120779;113285;66.3;62.2
2B;2021-09-12;17;114;120796;113399;66.3;62.2
2B;2021-09-13;191;535;120987;113934;66.4;62.5
2B;2021-09-14;279;928;121266;114862;66.5;63.0
2B;2021-09-15;159;598;121425;115460;66.6;63.3
2B;2021-09-16;215;301;121640;115761;66.7;63.5
2B;2021-09-17;114;194;121754;115955;66.8;63.6
2B;2021-09-18;51;157;121805;116112;66.8;63.7
2B;2021-09-19;15;18;121820;116130;66.8;63.7
2B;2021-09-20;106;409;121926;116539;66.9;63.9
2B;2021-09-21;100;410;122026;116949;67.0;64.2
2B;2021-09-22;115;404;122141;117353;67.0;64.4
2B;2021-09-23;103;228;122244;117581;67.1;64.5
2B;2021-09-24;87;213;122331;117794;67.1;64.6
2B;2021-09-25;36;123;122367;117917;67.1;64.7
2B;2021-09-26;2;23;122369;117940;67.1;64.7
2B;2021-09-27;71;229;122440;118169;67.2;64.8
2B;2021-09-28;97;193;122537;118362;67.2;64.9
2B;2021-09-29;120;345;122657;118707;67.3;65.1
2B;2021-09-30;70;132;122727;118839;67.3;65.2
2B;2021-10-01;112;163;122839;119002;67.4;65.3
2B;2021-10-02;52;114;122891;119116;67.4;65.4
2B;2021-10-03;13;15;122904;119131;67.4;65.4
2B;2021-10-04;83;155;122987;119286;67.5;65.4
2B;2021-10-05;84;223;123071;119509;67.5;65.6
30;2020-12-27;1;0;1;0;0.0;0.0
30;2020-12-28;2;0;3;0;0.0;0.0
30;2020-12-29;0;0;3;0;0.0;0.0
30;2020-12-30;0;0;3;0;0.0;0.0
30;2020-12-31;0;0;3;0;0.0;0.0
30;2021-01-01;0;0;3;0;0.0;0.0
30;2021-01-02;0;0;3;0;0.0;0.0
30;2021-01-03;0;0;3;0;0.0;0.0
30;2021-01-04;0;0;3;0;0.0;0.0
30;2021-01-05;4;0;7;0;0.0;0.0
30;2021-01-06;128;0;135;0;0.0;0.0
30;2021-01-07;314;0;449;0;0.1;0.0
30;2021-01-08;532;0;981;0;0.1;0.0
30;2021-01-09;270;0;1251;0;0.2;0.0
30;2021-01-10;0;0;1251;0;0.2;0.0
30;2021-01-11;536;0;1787;0;0.2;0.0
30;2021-01-12;801;3;2588;3;0.3;0.0
30;2021-01-13;641;0;3229;3;0.4;0.0
30;2021-01-14;653;5;3882;8;0.5;0.0
30;2021-01-15;756;2;4638;10;0.6;0.0
30;2021-01-16;313;0;4951;10;0.7;0.0
30;2021-01-17;4;0;4955;10;0.7;0.0
30;2021-01-18;945;5;5900;15;0.8;0.0
30;2021-01-19;1735;5;7635;20;1.0;0.0
30;2021-01-20;1303;2;8938;22;1.2;0.0
30;2021-01-21;1230;2;10168;24;1.4;0.0
30;2021-01-22;1078;6;11246;30;1.5;0.0
30;2021-01-23;634;2;11880;32;1.6;0.0
30;2021-01-24;0;0;11880;32;1.6;0.0
30;2021-01-25;830;5;12710;37;1.7;0.0
30;2021-01-26;1060;15;13770;52;1.8;0.0
30;2021-01-27;983;104;14753;156;2.0;0.0
30;2021-01-28;714;246;15467;402;2.1;0.1
30;2021-01-29;671;418;16138;820;2.2;0.1
30;2021-01-30;473;261;16611;1081;2.2;0.1
30;2021-01-31;3;6;16614;1087;2.2;0.1
30;2021-02-01;816;404;17430;1491;2.3;0.2
30;2021-02-02;1875;634;19305;2125;2.6;0.3
30;2021-02-03;1185;455;20490;2580;2.7;0.3
30;2021-02-04;970;589;21460;3169;2.9;0.4
30;2021-02-05;599;699;22059;3868;2.9;0.5
30;2021-02-06;295;203;22354;4071;3.0;0.5
30;2021-02-07;3;8;22357;4079;3.0;0.5
30;2021-02-08;574;604;22931;4683;3.1;0.6
30;2021-02-09;985;908;23916;5591;3.2;0.7
30;2021-02-10;985;979;24901;6570;3.3;0.9
30;2021-02-11;929;936;25830;7506;3.5;1.0
30;2021-02-12;620;875;26450;8381;3.5;1.1
30;2021-02-13;435;296;26885;8677;3.6;1.2
30;2021-02-14;3;19;26888;8696;3.6;1.2
30;2021-02-15;450;473;27338;9169;3.7;1.2
30;2021-02-16;460;712;27798;9881;3.7;1.3
30;2021-02-17;683;518;28481;10399;3.8;1.4
30;2021-02-18;797;429;29278;10828;3.9;1.4
30;2021-02-19;577;563;29855;11391;4.0;1.5
30;2021-02-20;224;177;30079;11568;4.0;1.5
30;2021-02-21;5;3;30084;11571;4.0;1.5
30;2021-02-22;502;652;30586;12223;4.1;1.6
30;2021-02-23;973;1340;31559;13563;4.2;1.8
30;2021-02-24;931;1015;32490;14578;4.3;1.9
30;2021-02-25;1211;778;33701;15356;4.5;2.1
30;2021-02-26;1336;491;35037;15847;4.7;2.1
30;2021-02-27;564;442;35601;16289;4.8;2.2
30;2021-02-28;6;7;35607;16296;4.8;2.2
30;2021-03-01;1343;740;36950;17036;4.9;2.3
30;2021-03-02;1714;807;38664;17843;5.2;2.4
30;2021-03-03;2311;655;40975;18498;5.5;2.5
30;2021-03-04;2638;799;43613;19297;5.8;2.6
30;2021-03-05;2766;558;46379;19855;6.2;2.7
30;2021-03-06;2998;318;49377;20173;6.6;2.7
30;2021-03-07;1862;47;51239;20220;6.8;2.7
30;2021-03-08;1555;708;52794;20928;7.1;2.8
30;2021-03-09;2276;796;55070;21724;7.4;2.9
30;2021-03-10;2360;607;57430;22331;7.7;3.0
30;2021-03-11;3054;661;60484;22992;8.1;3.1
30;2021-03-12;3114;364;63598;23356;8.5;3.1
30;2021-03-13;2227;277;65825;23633;8.8;3.2
30;2021-03-14;83;3;65908;23636;8.8;3.2
30;2021-03-15;1579;547;67487;24183;9.0;3.2
30;2021-03-16;1297;1013;68784;25196;9.2;3.4
30;2021-03-17;1456;625;70240;25821;9.4;3.4
30;2021-03-18;1648;703;71888;26524;9.6;3.5
30;2021-03-19;2250;533;74138;27057;9.9;3.6
30;2021-03-20;1400;142;75538;27199;10.1;3.6
30;2021-03-21;58;8;75596;27207;10.1;3.6
30;2021-03-22;2394;712;77990;27919;10.4;3.7
30;2021-03-23;3512;798;81502;28717;10.9;3.8
30;2021-03-24;3638;810;85140;29527;11.4;3.9
30;2021-03-25;4406;840;89546;30367;12.0;4.1
30;2021-03-26;4361;644;93907;31011;12.5;4.1
30;2021-03-27;1971;374;95878;31385;12.8;4.2
30;2021-03-28;35;29;95913;31414;12.8;4.2
30;2021-03-29;2816;1641;98729;33055;13.2;4.4
30;2021-03-30;3777;1870;102506;34925;13.7;4.7
30;2021-03-31;3505;1636;106011;36561;14.2;4.9
30;2021-04-01;4016;1465;110027;38026;14.7;5.1
30;2021-04-02;3605;1221;113632;39247;15.2;5.2
30;2021-04-03;1061;1216;114693;40463;15.3;5.4
30;2021-04-04;30;188;114723;40651;15.3;5.4
30;2021-04-05;765;291;115488;40942;15.4;5.5
30;2021-04-06;3045;1576;118533;42518;15.8;5.7
30;2021-04-07;2718;1626;121251;44144;16.2;5.9
30;2021-04-08;3921;1486;125172;45630;16.7;6.1
30;2021-04-09;4889;1512;130061;47142;17.4;6.3
30;2021-04-10;2426;1176;132487;48318;17.7;6.5
30;2021-04-11;951;59;133438;48377;17.8;6.5
30;2021-04-12;3142;1490;136580;49867;18.2;6.7
30;2021-04-13;4019;1930;140599;51797;18.8;6.9
30;2021-04-14;3387;1544;143986;53341;19.2;7.1
30;2021-04-15;3827;1470;147813;54811;19.7;7.3
30;2021-04-16;3704;1544;151517;56355;20.2;7.5
30;2021-04-17;1493;952;153010;57307;20.4;7.7
30;2021-04-18;961;67;153971;57374;20.6;7.7
30;2021-04-19;2447;2297;156418;59671;20.9;8.0
30;2021-04-20;2817;2830;159235;62501;21.3;8.4
30;2021-04-21;2599;2568;161834;65069;21.6;8.7
30;2021-04-22;3525;2317;165359;67386;22.1;9.0
30;2021-04-23;3580;2299;168939;69685;22.6;9.3
30;2021-04-24;1347;1230;170286;70915;22.8;9.5
30;2021-04-25;748;91;171034;71006;22.9;9.5
30;2021-04-26;2015;2388;173049;73394;23.1;9.8
30;2021-04-27;2952;2593;176001;75987;23.5;10.2
30;2021-04-28;2839;2486;178840;78473;23.9;10.5
30;2021-04-29;3621;2319;182461;80792;24.4;10.8
30;2021-04-30;3409;2014;185870;82806;24.8;11.1
30;2021-05-01;1746;600;187616;83406;25.1;11.1
30;2021-05-02;665;245;188281;83651;25.2;11.2
30;2021-05-03;3750;2505;192031;86156;25.7;11.5
30;2021-05-04;3976;3538;196007;89694;26.2;12.0
30;2021-05-05;3942;3117;199949;92811;26.7;12.4
30;2021-05-06;4202;3366;204151;96177;27.3;12.8
30;2021-05-07;4079;3062;208230;99239;27.8;13.3
30;2021-05-08;1605;721;209835;99960;28.0;13.4
30;2021-05-09;372;613;210207;100573;28.1;13.4
30;2021-05-10;2921;3114;213128;103687;28.5;13.9
30;2021-05-11;5388;3646;218516;107333;29.2;14.3
30;2021-05-12;5303;3214;223819;110547;29.9;14.8
30;2021-05-13;3230;1028;227049;111575;30.3;14.9
30;2021-05-14;4890;2461;231939;114036;31.0;15.2
30;2021-05-15;3407;1206;235346;115242;31.4;15.4
30;2021-05-16;397;338;235743;115580;31.5;15.4
30;2021-05-17;3793;3030;239536;118610;32.0;15.8
30;2021-05-18;4826;3033;244362;121643;32.6;16.3
30;2021-05-19;4774;2547;249136;124190;33.3;16.6
30;2021-05-20;5014;2572;254150;126762;34.0;16.9
30;2021-05-21;4884;2472;259034;129234;34.6;17.3
30;2021-05-22;3155;1283;262189;130517;35.0;17.4
30;2021-05-23;289;344;262478;130861;35.1;17.5
30;2021-05-24;785;766;263263;131627;35.2;17.6
30;2021-05-25;2654;3157;265917;134784;35.5;18.0
30;2021-05-26;2887;2570;268804;137354;35.9;18.4
30;2021-05-27;3757;2708;272561;140062;36.4;18.7
30;2021-05-28;3325;3247;275886;143309;36.9;19.1
30;2021-05-29;1687;1793;277573;145102;37.1;19.4
30;2021-05-30;360;584;277933;145686;37.1;19.5
30;2021-05-31;2829;2293;280762;147979;37.5;19.8
30;2021-06-01;3657;2791;284419;150770;38.0;20.1
30;2021-06-02;3320;2449;287739;153219;38.4;20.5
30;2021-06-03;4129;3344;291868;156563;39.0;20.9
30;2021-06-04;3896;3392;295764;159955;39.5;21.4
30;2021-06-05;1904;1313;297668;161268;39.8;21.5
30;2021-06-06;684;264;298352;161532;39.9;21.6
30;2021-06-07;4720;2524;303072;164056;40.5;21.9
30;2021-06-08;4830;3324;307902;167380;41.1;22.4
30;2021-06-09;4151;2988;312053;170368;41.7;22.8
30;2021-06-10;4611;3353;316664;173721;42.3;23.2
30;2021-06-11;4583;3807;321247;177528;42.9;23.7
30;2021-06-12;2485;1709;323732;179237;43.3;23.9
30;2021-06-13;493;344;324225;179581;43.3;24.0
30;2021-06-14;2470;4711;326695;184292;43.6;24.6
30;2021-06-15;3198;5309;329893;189601;44.1;25.3
30;2021-06-16;3107;4643;333000;194244;44.5;26.0
30;2021-06-17;3922;4373;336922;198617;45.0;26.5
30;2021-06-18;3713;4694;340635;203311;45.5;27.2
30;2021-06-19;1441;2004;342076;205315;45.7;27.4
30;2021-06-20;357;491;342433;205806;45.8;27.5
30;2021-06-21;2379;4910;344812;210716;46.1;28.2
30;2021-06-22;2365;5740;347177;216456;46.4;28.9
30;2021-06-23;2528;5342;349705;221798;46.7;29.6
30;2021-06-24;2336;4706;352041;226504;47.0;30.3
30;2021-06-25;2611;5603;354652;232107;47.4;31.0
30;2021-06-26;909;2940;355561;235047;47.5;31.4
30;2021-06-27;222;527;355783;235574;47.5;31.5
30;2021-06-28;1670;6022;357453;241596;47.8;32.3
30;2021-06-29;1837;6022;359290;247618;48.0;33.1
30;2021-06-30;2001;5253;361291;252871;48.3;33.8
30;2021-07-01;3105;4715;364396;257586;48.7;34.4
30;2021-07-02;2833;4624;367229;262210;49.1;35.0
30;2021-07-03;1154;3047;368383;265257;49.2;35.4
30;2021-07-04;116;393;368499;265650;49.2;35.5
30;2021-07-05;2025;4028;370524;269678;49.5;36.0
30;2021-07-06;2663;4974;373187;274652;49.9;36.7
30;2021-07-07;2538;4222;375725;278874;50.2;37.3
30;2021-07-08;2012;3418;377737;282292;50.5;37.7
30;2021-07-09;2410;5312;380147;287604;50.8;38.4
30;2021-07-10;1504;2157;381651;289761;51.0;38.7
30;2021-07-11;47;415;381698;290176;51.0;38.8
30;2021-07-12;2527;5152;384225;295328;51.3;39.5
30;2021-07-13;3300;6029;387525;301357;51.8;40.3
30;2021-07-14;502;550;388027;301907;51.8;40.3
30;2021-07-15;4127;5475;392154;307382;52.4;41.1
30;2021-07-16;5036;5727;397190;313109;53.1;41.8
30;2021-07-17;1706;2466;398896;315575;53.3;42.2
30;2021-07-18;146;602;399042;316177;53.3;42.2
30;2021-07-19;3374;6314;402416;322491;53.8;43.1
30;2021-07-20;4640;6521;407056;329012;54.4;44.0
30;2021-07-21;4063;5413;411119;334425;54.9;44.7
30;2021-07-22;4900;5740;416019;340165;55.6;45.4
30;2021-07-23;4998;5866;421017;346031;56.3;46.2
30;2021-07-24;2240;3257;423257;349288;56.5;46.7
30;2021-07-25;137;309;423394;349597;56.6;46.7
30;2021-07-26;4414;4132;427808;353729;57.2;47.3
30;2021-07-27;4856;4648;432664;358377;57.8;47.9
30;2021-07-28;4877;4024;437541;362401;58.5;48.4
30;2021-07-29;5929;4140;443470;366541;59.3;49.0
30;2021-07-30;5341;4390;448811;370931;60.0;49.6
30;2021-07-31;2655;1965;451466;372896;60.3;49.8
30;2021-08-01;734;311;452200;373207;60.4;49.9
30;2021-08-02;3685;4011;455885;377218;60.9;50.4
30;2021-08-03;4887;3954;460772;381172;61.6;50.9
30;2021-08-04;5284;3051;466056;384223;62.3;51.3
30;2021-08-05;4616;3795;470672;388018;62.9;51.8
30;2021-08-06;4333;4064;475005;392082;63.5;52.4
30;2021-08-07;1841;1953;476846;394035;63.7;52.6
30;2021-08-08;619;280;477465;394315;63.8;52.7
30;2021-08-09;3342;3761;480807;398076;64.2;53.2
30;2021-08-10;3926;4400;484733;402476;64.8;53.8
30;2021-08-11;3402;3481;488135;405957;65.2;54.2
30;2021-08-12;3763;4222;491898;410179;65.7;54.8
30;2021-08-13;3306;3339;495204;413518;66.2;55.2
30;2021-08-14;1134;2048;496338;415566;66.3;55.5
30;2021-08-15;270;175;496608;415741;66.3;55.5
30;2021-08-16;2201;4864;498809;420605;66.6;56.2
30;2021-08-17;2745;4197;501554;424802;67.0;56.8
30;2021-08-18;2841;3835;504395;428637;67.4;57.3
30;2021-08-19;2858;4318;507253;432955;67.8;57.8
30;2021-08-20;2607;4468;509860;437423;68.1;58.4
30;2021-08-21;1018;2887;510878;440310;68.3;58.8
30;2021-08-22;227;516;511105;440826;68.3;58.9
30;2021-08-23;1687;4476;512792;445302;68.5;59.5
30;2021-08-24;1954;4525;514746;449827;68.8;60.1
30;2021-08-25;1689;4345;516435;454172;69.0;60.7
30;2021-08-26;1851;4256;518286;458428;69.2;61.2
30;2021-08-27;1776;4358;520062;462786;69.5;61.8
30;2021-08-28;681;2476;520743;465262;69.6;62.2
30;2021-08-29;182;614;520925;465876;69.6;62.2
30;2021-08-30;1407;4308;522332;470184;69.8;62.8
30;2021-08-31;1333;4190;523665;474374;70.0;63.4
30;2021-09-01;1239;3625;524904;477999;70.1;63.9
30;2021-09-02;1396;3591;526300;481590;70.3;64.3
30;2021-09-03;1503;4189;527803;485779;70.5;64.9
30;2021-09-04;685;1963;528488;487742;70.6;65.2
30;2021-09-05;136;527;528624;488269;70.6;65.2
30;2021-09-06;742;2742;529366;491011;70.7;65.6
30;2021-09-07;698;2647;530064;493658;70.8;66.0
30;2021-09-08;869;2863;530933;496521;70.9;66.3
30;2021-09-09;907;2492;531840;499013;71.1;66.7
30;2021-09-10;938;3002;532778;502015;71.2;67.1
30;2021-09-11;553;1667;533331;503682;71.3;67.3
30;2021-09-12;95;225;533426;503907;71.3;67.3
30;2021-09-13;689;2015;534115;505922;71.4;67.6
30;2021-09-14;647;2049;534762;507971;71.4;67.9
30;2021-09-15;727;1837;535489;509808;71.5;68.1
30;2021-09-16;745;1479;536234;511287;71.6;68.3
30;2021-09-17;801;2029;537035;513316;71.8;68.6
30;2021-09-18;400;1010;537435;514326;71.8;68.7
30;2021-09-19;69;158;537504;514484;71.8;68.7
30;2021-09-20;396;1201;537900;515685;71.9;68.9
30;2021-09-21;451;1158;538351;516843;71.9;69.1
30;2021-09-22;481;1381;538832;518224;72.0;69.2
30;2021-09-23;624;1200;539456;519424;72.1;69.4
30;2021-09-24;555;1630;540011;521054;72.1;69.6
30;2021-09-25;323;856;540334;521910;72.2;69.7
30;2021-09-26;55;168;540389;522078;72.2;69.8
30;2021-09-27;378;891;540767;522969;72.2;69.9
30;2021-09-28;575;893;541342;523862;72.3;70.0
30;2021-09-29;456;1065;541798;524927;72.4;70.1
30;2021-09-30;405;910;542203;525837;72.4;70.3
30;2021-10-01;492;999;542695;526836;72.5;70.4
30;2021-10-02;268;581;542963;527417;72.5;70.5
30;2021-10-03;20;45;542983;527462;72.5;70.5
30;2021-10-04;328;785;543311;528247;72.6;70.6
30;2021-10-05;306;657;543617;528904;72.6;70.7
31;2020-12-27;0;0;0;0;0.0;0.0
31;2020-12-28;2;0;2;0;0.0;0.0
31;2020-12-29;0;0;2;0;0.0;0.0
31;2020-12-30;0;0;2;0;0.0;0.0
31;2020-12-31;1;0;3;0;0.0;0.0
31;2021-01-01;4;0;7;0;0.0;0.0
31;2021-01-02;1;0;8;0;0.0;0.0
31;2021-01-03;2;0;10;0;0.0;0.0
31;2021-01-04;5;0;15;0;0.0;0.0
31;2021-01-05;50;0;65;0;0.0;0.0
31;2021-01-06;211;1;276;1;0.0;0.0
31;2021-01-07;284;1;560;2;0.0;0.0
31;2021-01-08;546;1;1106;3;0.1;0.0
31;2021-01-09;275;0;1381;3;0.1;0.0
31;2021-01-10;286;0;1667;3;0.1;0.0
31;2021-01-11;983;3;2650;6;0.2;0.0
31;2021-01-12;1192;1;3842;7;0.3;0.0
31;2021-01-13;1158;3;5000;10;0.4;0.0
31;2021-01-14;1179;18;6179;28;0.4;0.0
31;2021-01-15;1048;3;7227;31;0.5;0.0
31;2021-01-16;243;1;7470;32;0.5;0.0
31;2021-01-17;176;0;7646;32;0.5;0.0
31;2021-01-18;1616;5;9262;37;0.7;0.0
31;2021-01-19;2937;10;12199;47;0.9;0.0
31;2021-01-20;3683;12;15882;59;1.1;0.0
31;2021-01-21;2998;7;18880;66;1.3;0.0
31;2021-01-22;2275;4;21155;70;1.5;0.0
31;2021-01-23;728;2;21883;72;1.6;0.0
31;2021-01-24;212;1;22095;73;1.6;0.0
31;2021-01-25;1744;9;23839;82;1.7;0.0
31;2021-01-26;1839;36;25678;118;1.8;0.0
31;2021-01-27;1573;139;27251;257;1.9;0.0
31;2021-01-28;1385;282;28636;539;2.0;0.0
31;2021-01-29;1360;315;29996;854;2.1;0.1
31;2021-01-30;446;168;30442;1022;2.2;0.1
31;2021-01-31;61;191;30503;1213;2.2;0.1
31;2021-02-01;1183;664;31686;1877;2.3;0.1
31;2021-02-02;3056;760;34742;2637;2.5;0.2
31;2021-02-03;1922;736;36664;3373;2.6;0.2
31;2021-02-04;1813;791;38477;4164;2.7;0.3
31;2021-02-05;1342;542;39819;4706;2.8;0.3
31;2021-02-06;385;52;40204;4758;2.9;0.3
31;2021-02-07;37;37;40241;4795;2.9;0.3
31;2021-02-08;1116;608;41357;5403;3.0;0.4
31;2021-02-09;1680;1480;43037;6883;3.1;0.5
31;2021-02-10;1964;2269;45001;9152;3.2;0.7
31;2021-02-11;1814;1744;46815;10896;3.3;0.8
31;2021-02-12;1540;747;48355;11643;3.5;0.8
31;2021-02-13;504;211;48859;11854;3.5;0.8
31;2021-02-14;56;191;48915;12045;3.5;0.9
31;2021-02-15;444;1063;49359;13108;3.5;0.9
31;2021-02-16;463;1265;49822;14373;3.6;1.0
31;2021-02-17;472;1326;50294;15699;3.6;1.1
31;2021-02-18;476;1401;50770;17100;3.6;1.2
31;2021-02-19;393;1289;51163;18389;3.7;1.3
31;2021-02-20;69;415;51232;18804;3.7;1.3
31;2021-02-21;77;145;51309;18949;3.7;1.4
31;2021-02-22;434;1455;51743;20404;3.7;1.5
31;2021-02-23;864;2661;52607;23065;3.8;1.6
31;2021-02-24;652;1931;53259;24996;3.8;1.8
31;2021-02-25;1435;1616;54694;26612;3.9;1.9
31;2021-02-26;1711;989;56405;27601;4.0;2.0
31;2021-02-27;638;306;57043;27907;4.1;2.0
31;2021-02-28;78;54;57121;27961;4.1;2.0
31;2021-03-01;875;943;57996;28904;4.1;2.1
31;2021-03-02;1239;1437;59235;30341;4.2;2.2
31;2021-03-03;1356;1627;60591;31968;4.3;2.3
31;2021-03-04;2424;1318;63015;33286;4.5;2.4
31;2021-03-05;3054;1438;66069;34724;4.7;2.5
31;2021-03-06;2834;355;68903;35079;4.9;2.5
31;2021-03-07;5368;108;74271;35187;5.3;2.5
31;2021-03-08;1598;966;75869;36153;5.4;2.6
31;2021-03-09;2792;1042;78661;37195;5.6;2.7
31;2021-03-10;2574;994;81235;38189;5.8;2.7
31;2021-03-11;4382;1061;85617;39250;6.1;2.8
31;2021-03-12;5320;1102;90937;40352;6.5;2.9
31;2021-03-13;2839;472;93776;40824;6.7;2.9
31;2021-03-14;235;49;94011;40873;6.7;2.9
31;2021-03-15;2584;414;96595;41287;6.9;2.9
31;2021-03-16;1746;778;98341;42065;7.0;3.0
31;2021-03-17;1656;541;99997;42606;7.1;3.0
31;2021-03-18;1988;697;101985;43303;7.3;3.1
31;2021-03-19;3185;521;105170;43824;7.5;3.1
31;2021-03-20;1797;136;106967;43960;7.6;3.1
31;2021-03-21;211;24;107178;43984;7.7;3.1
31;2021-03-22;2580;355;109758;44339;7.8;3.2
31;2021-03-23;4057;317;113815;44656;8.1;3.2
31;2021-03-24;4356;288;118171;44944;8.4;3.2
31;2021-03-25;6041;514;124212;45458;8.9;3.2
31;2021-03-26;5466;508;129678;45966;9.3;3.3
31;2021-03-27;4350;209;134028;46175;9.6;3.3
31;2021-03-28;2291;48;136319;46223;9.7;3.3
31;2021-03-29;4206;430;140525;46653;10.0;3.3
31;2021-03-30;6595;553;147120;47206;10.5;3.4
31;2021-03-31;5649;382;152769;47588;10.9;3.4
31;2021-04-01;6968;552;159737;48140;11.4;3.4
31;2021-04-02;6102;574;165839;48714;11.8;3.5
31;2021-04-03;3927;151;169766;48865;12.1;3.5
31;2021-04-04;2060;113;171826;48978;12.3;3.5
31;2021-04-05;481;70;172307;49048;12.3;3.5
31;2021-04-06;4165;1145;176472;50193;12.6;3.6
31;2021-04-07;5988;982;182460;51175;13.0;3.7
31;2021-04-08;7568;1037;190028;52212;13.6;3.7
31;2021-04-09;8384;1257;198412;53469;14.2;3.8
31;2021-04-10;4716;543;203128;54012;14.5;3.9
31;2021-04-11;2069;136;205197;54148;14.6;3.9
31;2021-04-12;6001;1834;211198;55982;15.1;4.0
31;2021-04-13;8047;2014;219245;57996;15.6;4.1
31;2021-04-14;6655;1900;225900;59896;16.1;4.3
31;2021-04-15;7771;2239;233671;62135;16.7;4.4
31;2021-04-16;7177;2092;240848;64227;17.2;4.6
31;2021-04-17;4414;904;245262;65131;17.5;4.6
31;2021-04-18;2513;355;247775;65486;17.7;4.7
31;2021-04-19;5220;2020;252995;67506;18.1;4.8
31;2021-04-20;6073;2835;259068;70341;18.5;5.0
31;2021-04-21;5974;2786;265042;73127;18.9;5.2
31;2021-04-22;6379;3236;271421;76363;19.4;5.5
31;2021-04-23;6283;2551;277704;78914;19.8;5.6
31;2021-04-24;1616;3137;279320;82051;19.9;5.9
31;2021-04-25;688;2092;280008;84143;20.0;6.0
31;2021-04-26;3794;3212;283802;87355;20.3;6.2
31;2021-04-27;4517;3875;288319;91230;20.6;6.5
31;2021-04-28;4545;3550;292864;94780;20.9;6.8
31;2021-04-29;5182;4056;298046;98836;21.3;7.1
31;2021-04-30;5037;4123;303083;102959;21.6;7.3
31;2021-05-01;1487;3114;304570;106073;21.7;7.6
31;2021-05-02;1415;1979;305985;108052;21.8;7.7
31;2021-05-03;5658;2415;311643;110467;22.2;7.9
31;2021-05-04;4780;4739;316423;115206;22.6;8.2
31;2021-05-05;2994;5714;319417;120920;22.8;8.6
31;2021-05-06;3635;7376;323052;128296;23.1;9.2
31;2021-05-07;5257;7148;328309;135444;23.4;9.7
31;2021-05-08;3633;3102;331942;138546;23.7;9.9
31;2021-05-09;3760;2307;335702;140853;24.0;10.1
31;2021-05-10;5683;5471;341385;146324;24.4;10.4
31;2021-05-11;6605;6680;347990;153004;24.8;10.9
31;2021-05-12;6171;5926;354161;158930;25.3;11.3
31;2021-05-13;4642;2067;358803;160997;25.6;11.5
31;2021-05-14;6911;3974;365714;164971;26.1;11.8
31;2021-05-15;5145;1753;370859;166724;26.5;11.9
31;2021-05-16;3300;634;374159;167358;26.7;11.9
31;2021-05-17;5143;4148;379302;171506;27.1;12.2
31;2021-05-18;5589;4271;384891;175777;27.5;12.5
31;2021-05-19;5782;3762;390673;179539;27.9;12.8
31;2021-05-20;6473;4787;397146;184326;28.3;13.2
31;2021-05-21;5985;4594;403131;188920;28.8;13.5
31;2021-05-22;4081;1628;407212;190548;29.1;13.6
31;2021-05-23;3583;342;410795;190890;29.3;13.6
31;2021-05-24;3881;706;414676;191596;29.6;13.7
31;2021-05-25;6190;3607;420866;195203;30.0;13.9
31;2021-05-26;5608;4643;426474;199846;30.4;14.3
31;2021-05-27;4788;6183;431262;206029;30.8;14.7
31;2021-05-28;4116;6344;435378;212373;31.1;15.2
31;2021-05-29;1917;4024;437295;216397;31.2;15.4
31;2021-05-30;751;2361;438046;218758;31.3;15.6
31;2021-05-31;4397;5072;442443;223830;31.6;16.0
31;2021-06-01;5953;6559;448396;230389;32.0;16.4
31;2021-06-02;5803;6297;454199;236686;32.4;16.9
31;2021-06-03;7309;8133;461508;244819;32.9;17.5
31;2021-06-04;7541;7149;469049;251968;33.5;18.0
31;2021-06-05;9078;2772;478127;254740;34.1;18.2
31;2021-06-06;8106;1579;486233;256319;34.7;18.3
31;2021-06-07;7987;5472;494220;261791;35.3;18.7
31;2021-06-08;9106;6043;503326;267834;35.9;19.1
31;2021-06-09;8917;5552;512243;273386;36.6;19.5
31;2021-06-10;9779;6351;522022;279737;37.3;20.0
31;2021-06-11;10048;6626;532070;286363;38.0;20.4
31;2021-06-12;8788;3023;540858;289386;38.6;20.7
31;2021-06-13;8378;2018;549236;291404;39.2;20.8
31;2021-06-14;8428;6729;557664;298133;39.8;21.3
31;2021-06-15;9774;7445;567438;305578;40.5;21.8
31;2021-06-16;8735;5257;576173;310835;41.1;22.2
31;2021-06-17;8277;6603;584450;317438;41.7;22.7
31;2021-06-18;8551;7754;593001;325192;42.3;23.2
31;2021-06-19;7364;5440;600365;330632;42.9;23.6
31;2021-06-20;5572;3727;605937;334359;43.3;23.9
31;2021-06-21;5373;6915;611310;341274;43.6;24.4
31;2021-06-22;4987;8229;616297;349503;44.0;24.9
31;2021-06-23;5105;7283;621402;356786;44.4;25.5
31;2021-06-24;4633;8324;626035;365110;44.7;26.1
31;2021-06-25;5014;9309;631049;374419;45.0;26.7
31;2021-06-26;4282;6398;635331;380817;45.4;27.2
31;2021-06-27;3596;4106;638927;384923;45.6;27.5
31;2021-06-28;4097;6641;643024;391564;45.9;28.0
31;2021-06-29;3798;7559;646822;399123;46.2;28.5
31;2021-06-30;4280;7819;651102;406942;46.5;29.0
31;2021-07-01;4121;8461;655223;415403;46.8;29.7
31;2021-07-02;4112;9327;659335;424730;47.1;30.3
31;2021-07-03;4100;6111;663435;430841;47.4;30.8
31;2021-07-04;3205;4812;666640;435653;47.6;31.1
31;2021-07-05;4057;7094;670697;442747;47.9;31.6
31;2021-07-06;3889;8362;674586;451109;48.2;32.2
31;2021-07-07;3964;7960;678550;459069;48.4;32.8
31;2021-07-08;4054;8536;682604;467605;48.7;33.4
31;2021-07-09;4461;8798;687065;476403;49.0;34.0
31;2021-07-10;3918;5494;690983;481897;49.3;34.4
31;2021-07-11;3137;4137;694120;486034;49.5;34.7
31;2021-07-12;3825;8636;697945;494670;49.8;35.3
31;2021-07-13;6919;9446;704864;504116;50.3;36.0
31;2021-07-14;6167;3938;711031;508054;50.8;36.3
31;2021-07-15;8516;9451;719547;517505;51.4;36.9
31;2021-07-16;7775;9909;727322;527414;51.9;37.6
31;2021-07-17;8357;10555;735679;537969;52.5;38.4
31;2021-07-18;6620;9472;742299;547441;53.0;39.1
31;2021-07-19;4794;10775;747093;558216;53.3;39.8
31;2021-07-20;7159;11480;754252;569696;53.8;40.7
31;2021-07-21;7040;11530;761292;581226;54.3;41.5
31;2021-07-22;8165;11758;769457;592984;54.9;42.3
31;2021-07-23;7474;11811;776931;604795;55.5;43.2
31;2021-07-24;10310;10573;787241;615368;56.2;43.9
31;2021-07-25;7560;8802;794801;624170;56.7;44.6
31;2021-07-26;5513;9543;800314;633713;57.1;45.2
31;2021-07-27;7962;9197;808276;642910;57.7;45.9
31;2021-07-28;8677;8283;816953;651193;58.3;46.5
31;2021-07-29;8854;8047;825807;659240;58.9;47.1
31;2021-07-30;7672;7987;833479;667227;59.5;47.6
31;2021-07-31;6015;7394;839494;674621;59.9;48.2
31;2021-08-01;4431;4302;843925;678923;60.2;48.5
31;2021-08-02;5490;5418;849415;684341;60.6;48.8
31;2021-08-03;5896;5187;855311;689528;61.1;49.2
31;2021-08-04;5925;4805;861236;694333;61.5;49.6
31;2021-08-05;5586;7230;866822;701563;61.9;50.1
31;2021-08-06;5301;7343;872123;708906;62.3;50.6
31;2021-08-07;4596;6651;876719;715557;62.6;51.1
31;2021-08-08;3385;5579;880104;721136;62.8;51.5
31;2021-08-09;4396;7010;884500;728146;63.1;52.0
31;2021-08-10;4686;6285;889186;734431;63.5;52.4
31;2021-08-11;4526;5859;893712;740290;63.8;52.8
31;2021-08-12;4524;6758;898236;747048;64.1;53.3
31;2021-08-13;4170;6203;902406;753251;64.4;53.8
31;2021-08-14;3033;6461;905439;759712;64.6;54.2
31;2021-08-15;1309;4097;906748;763809;64.7;54.5
31;2021-08-16;3219;8118;909967;771927;65.0;55.1
31;2021-08-17;3435;7098;913402;779025;65.2;55.6
31;2021-08-18;3314;7006;916716;786031;65.4;56.1
31;2021-08-19;2987;6994;919703;793025;65.6;56.6
31;2021-08-20;3022;7396;922725;800421;65.9;57.1
31;2021-08-21;1980;6799;924705;807220;66.0;57.6
31;2021-08-22;1486;5637;926191;812857;66.1;58.0
31;2021-08-23;2385;7728;928576;820585;66.3;58.6
31;2021-08-24;2608;6174;931184;826759;66.5;59.0
31;2021-08-25;2416;5728;933600;832487;66.6;59.4
31;2021-08-26;2279;5800;935879;838287;66.8;59.8
31;2021-08-27;2362;6663;938241;844950;67.0;60.3
31;2021-08-28;1844;6789;940085;851739;67.1;60.8
31;2021-08-29;1282;5066;941367;856805;67.2;61.2
31;2021-08-30;2141;6630;943508;863435;67.3;61.6
31;2021-08-31;2255;5573;945763;869008;67.5;62.0
31;2021-09-01;1707;5059;947470;874067;67.6;62.4
31;2021-09-02;1767;4523;949237;878590;67.8;62.7
31;2021-09-03;1811;5203;951048;883793;67.9;63.1
31;2021-09-04;2006;5942;953054;889735;68.0;63.5
31;2021-09-05;1129;2400;954183;892135;68.1;63.7
31;2021-09-06;1363;3585;955546;895720;68.2;63.9
31;2021-09-07;1259;3342;956805;899062;68.3;64.2
31;2021-09-08;1421;3957;958226;903019;68.4;64.5
31;2021-09-09;1105;3118;959331;906137;68.5;64.7
31;2021-09-10;1674;3964;961005;910101;68.6;65.0
31;2021-09-11;1289;3991;962294;914092;68.7;65.2
31;2021-09-12;540;1815;962834;915907;68.7;65.4
31;2021-09-13;1014;2629;963848;918536;68.8;65.6
31;2021-09-14;1240;2800;965088;921336;68.9;65.8
31;2021-09-15;1081;2690;966169;924026;69.0;66.0
31;2021-09-16;895;1675;967064;925701;69.0;66.1
31;2021-09-17;1072;2506;968136;928207;69.1;66.3
31;2021-09-18;851;2798;968987;931005;69.2;66.5
31;2021-09-19;321;1241;969308;932246;69.2;66.5
31;2021-09-20;605;1598;969913;933844;69.2;66.7
31;2021-09-21;824;1564;970737;935408;69.3;66.8
31;2021-09-22;833;2060;971570;937468;69.4;66.9
31;2021-09-23;773;1547;972343;939015;69.4;67.0
31;2021-09-24;837;2013;973180;941028;69.5;67.2
31;2021-09-25;663;2533;973843;943561;69.5;67.4
31;2021-09-26;249;1127;974092;944688;69.5;67.4
31;2021-09-27;685;1503;974777;946191;69.6;67.5
31;2021-09-28;727;1348;975504;947539;69.6;67.6
31;2021-09-29;755;1663;976259;949202;69.7;67.8
31;2021-09-30;718;1243;976977;950445;69.7;67.8
31;2021-10-01;823;1848;977800;952293;69.8;68.0
31;2021-10-02;764;1761;978564;954054;69.9;68.1
31;2021-10-03;107;349;978671;954403;69.9;68.1
31;2021-10-04;387;695;979058;955098;69.9;68.2
31;2021-10-05;528;1316;979586;956414;69.9;68.3
32;2020-12-27;0;0;0;0;0.0;0.0
32;2020-12-28;0;0;0;0;0.0;0.0
32;2020-12-29;0;0;0;0;0.0;0.0
32;2020-12-30;0;0;0;0;0.0;0.0
32;2020-12-31;0;0;0;0;0.0;0.0
32;2021-01-01;0;0;0;0;0.0;0.0
32;2021-01-02;0;0;0;0;0.0;0.0
32;2021-01-03;1;0;1;0;0.0;0.0
32;2021-01-04;3;0;4;0;0.0;0.0
32;2021-01-05;2;0;6;0;0.0;0.0
32;2021-01-06;3;0;9;0;0.0;0.0
32;2021-01-07;155;0;164;0;0.1;0.0
32;2021-01-08;70;0;234;0;0.1;0.0
32;2021-01-09;5;0;239;0;0.1;0.0
32;2021-01-10;0;0;239;0;0.1;0.0
32;2021-01-11;11;0;250;0;0.1;0.0
32;2021-01-12;96;0;346;0;0.2;0.0
32;2021-01-13;325;1;671;1;0.4;0.0
32;2021-01-14;389;3;1060;4;0.6;0.0
32;2021-01-15;449;2;1509;6;0.8;0.0
32;2021-01-16;17;2;1526;8;0.8;0.0
32;2021-01-17;1;0;1527;8;0.8;0.0
32;2021-01-18;345;1;1872;9;1.0;0.0
32;2021-01-19;420;0;2292;9;1.2;0.0
32;2021-01-20;358;0;2650;9;1.4;0.0
32;2021-01-21;582;0;3232;9;1.7;0.0
32;2021-01-22;372;0;3604;9;1.9;0.0
32;2021-01-23;189;0;3793;9;2.0;0.0
32;2021-01-24;5;0;3798;9;2.0;0.0
32;2021-01-25;468;1;4266;10;2.2;0.0
32;2021-01-26;611;0;4877;10;2.6;0.0
32;2021-01-27;703;4;5580;14;2.9;0.0
32;2021-01-28;688;12;6268;26;3.3;0.0
32;2021-01-29;461;50;6729;76;3.5;0.0
32;2021-01-30;260;0;6989;76;3.7;0.0
32;2021-01-31;4;5;6993;81;3.7;0.0
32;2021-02-01;289;57;7282;138;3.8;0.1
32;2021-02-02;640;135;7922;273;4.2;0.1
32;2021-02-03;338;196;8260;469;4.3;0.2
32;2021-02-04;426;271;8686;740;4.6;0.4
32;2021-02-05;348;354;9034;1094;4.8;0.6
32;2021-02-06;148;0;9182;1094;4.8;0.6
32;2021-02-07;0;36;9182;1130;4.8;0.6
32;2021-02-08;278;108;9460;1238;5.0;0.7
32;2021-02-09;310;225;9770;1463;5.1;0.8
32;2021-02-10;272;242;10042;1705;5.3;0.9
32;2021-02-11;383;301;10425;2006;5.5;1.1
32;2021-02-12;298;226;10723;2232;5.6;1.2
32;2021-02-13;249;1;10972;2233;5.8;1.2
32;2021-02-14;0;28;10972;2261;5.8;1.2
32;2021-02-15;25;183;10997;2444;5.8;1.3
32;2021-02-16;395;339;11392;2783;6.0;1.5
32;2021-02-17;191;437;11583;3220;6.1;1.7
32;2021-02-18;333;422;11916;3642;6.3;1.9
32;2021-02-19;184;264;12100;3906;6.4;2.1
32;2021-02-20;1;70;12101;3976;6.4;2.1
32;2021-02-21;0;0;12101;3976;6.4;2.1
32;2021-02-22;158;332;12259;4308;6.5;2.3
32;2021-02-23;432;517;12691;4825;6.7;2.5
32;2021-02-24;277;336;12968;5161;6.8;2.7
32;2021-02-25;481;479;13449;5640;7.1;3.0
32;2021-02-26;444;360;13893;6000;7.3;3.2
32;2021-02-27;157;214;14050;6214;7.4;3.3
32;2021-02-28;4;0;14054;6214;7.4;3.3
32;2021-03-01;51;277;14105;6491;7.4;3.4
32;2021-03-02;414;406;14519;6897;7.6;3.6
32;2021-03-03;276;268;14795;7165;7.8;3.8
32;2021-03-04;542;320;15337;7485;8.1;3.9
32;2021-03-05;438;228;15775;7713;8.3;4.1
32;2021-03-06;520;150;16295;7863;8.6;4.1
32;2021-03-07;25;5;16320;7868;8.6;4.1
32;2021-03-08;234;278;16554;8146;8.7;4.3
32;2021-03-09;644;312;17198;8458;9.0;4.5
32;2021-03-10;482;318;17680;8776;9.3;4.6
32;2021-03-11;855;283;18535;9059;9.8;4.8
32;2021-03-12;881;335;19416;9394;10.2;4.9
32;2021-03-13;492;232;19908;9626;10.5;5.1
32;2021-03-14;1;0;19909;9626;10.5;5.1
32;2021-03-15;264;25;20173;9651;10.6;5.1
32;2021-03-16;314;303;20487;9954;10.8;5.2
32;2021-03-17;150;153;20637;10107;10.9;5.3
32;2021-03-18;375;304;21012;10411;11.1;5.5
32;2021-03-19;405;179;21417;10590;11.3;5.6
32;2021-03-20;136;33;21553;10623;11.3;5.6
32;2021-03-21;0;0;21553;10623;11.3;5.6
32;2021-03-22;340;167;21893;10790;11.5;5.7
32;2021-03-23;560;397;22453;11187;11.8;5.9
32;2021-03-24;643;267;23096;11454;12.2;6.0
32;2021-03-25;899;413;23995;11867;12.6;6.2
32;2021-03-26;657;293;24652;12160;13.0;6.4
32;2021-03-27;165;3;24817;12163;13.1;6.4
32;2021-03-28;1;1;24818;12164;13.1;6.4
32;2021-03-29;371;48;25189;12212;13.3;6.4
32;2021-03-30;766;287;25955;12499;13.7;6.6
32;2021-03-31;654;170;26609;12669;14.0;6.7
32;2021-04-01;1238;318;27847;12987;14.7;6.8
32;2021-04-02;575;167;28422;13154;15.0;6.9
32;2021-04-03;114;0;28536;13154;15.0;6.9
32;2021-04-04;0;0;28536;13154;15.0;6.9
32;2021-04-05;0;0;28536;13154;15.0;6.9
32;2021-04-06;2650;310;31186;13464;16.4;7.1
32;2021-04-07;1178;202;32364;13666;17.0;7.2
32;2021-04-08;1736;405;34100;14071;17.9;7.4
32;2021-04-09;883;218;34983;14289;18.4;7.5
32;2021-04-10;809;29;35792;14318;18.8;7.5
32;2021-04-11;14;0;35806;14318;18.8;7.5
32;2021-04-12;477;23;36283;14341;19.1;7.5
32;2021-04-13;2469;389;38752;14730;20.4;7.8
32;2021-04-14;1226;263;39978;14993;21.0;7.9
32;2021-04-15;1704;392;41682;15385;21.9;8.1
32;2021-04-16;638;282;42320;15667;22.3;8.2
32;2021-04-17;783;39;43103;15706;22.7;8.3
32;2021-04-18;13;1;43116;15707;22.7;8.3
32;2021-04-19;502;45;43618;15752;23.0;8.3
32;2021-04-20;2472;393;46090;16145;24.3;8.5
32;2021-04-21;1009;302;47099;16447;24.8;8.7
32;2021-04-22;1662;319;48761;16766;25.7;8.8
32;2021-04-23;549;158;49310;16924;25.9;8.9
32;2021-04-24;1392;57;50702;16981;26.7;8.9
32;2021-04-25;0;11;50702;16992;26.7;8.9
32;2021-04-26;387;359;51089;17351;26.9;9.1
32;2021-04-27;2551;556;53640;17907;28.2;9.4
32;2021-04-28;972;354;54612;18261;28.7;9.6
32;2021-04-29;1008;883;55620;19144;29.3;10.1
32;2021-04-30;453;363;56073;19507;29.5;10.3
32;2021-05-01;2607;97;58680;19604;30.9;10.3
32;2021-05-02;0;0;58680;19604;30.9;10.3
32;2021-05-03;170;321;58850;19925;31.0;10.5
32;2021-05-04;785;2490;59635;22415;31.4;11.8
32;2021-05-05;2360;1098;61995;23513;32.6;12.4
32;2021-05-06;516;1656;62511;25169;32.9;13.2
32;2021-05-07;2286;538;64797;25707;34.1;13.5
32;2021-05-08;70;516;64867;26223;34.1;13.8
32;2021-05-09;21;179;64888;26402;34.1;13.9
32;2021-05-10;1994;549;66882;26951;35.2;14.2
32;2021-05-11;651;2276;67533;29227;35.5;15.4
32;2021-05-12;2313;1137;69846;30364;36.8;16.0
32;2021-05-13;280;1417;70126;31781;36.9;16.7
32;2021-05-14;2223;328;72349;32109;38.1;16.9
32;2021-05-15;134;712;72483;32821;38.1;17.3
32;2021-05-16;2;0;72485;32821;38.1;17.3
32;2021-05-17;353;169;72838;32990;38.3;17.4
32;2021-05-18;1642;298;74480;33288;39.2;17.5
32;2021-05-19;2474;272;76954;33560;40.5;17.7
32;2021-05-20;2885;470;79839;34030;42.0;17.9
32;2021-05-21;2532;499;82371;34529;43.3;18.2
32;2021-05-22;334;110;82705;34639;43.5;18.2
32;2021-05-23;2;13;82707;34652;43.5;18.2
32;2021-05-24;3;0;82710;34652;43.5;18.2
32;2021-05-25;1982;373;84692;35025;44.6;18.4
32;2021-05-26;2547;556;87239;35581;45.9;18.7
32;2021-05-27;2876;626;90115;36207;47.4;19.1
32;2021-05-28;2308;766;92423;36973;48.6;19.5
32;2021-05-29;372;313;92795;37286;48.8;19.6
32;2021-05-30;4;6;92799;37292;48.8;19.6
32;2021-05-31;1413;626;94212;37918;49.6;20.0
32;2021-06-01;567;2887;94779;40805;49.9;21.5
32;2021-06-02;1580;1351;96359;42156;50.7;22.2
32;2021-06-03;395;2084;96754;44240;50.9;23.3
32;2021-06-04;1836;831;98590;45071;51.9;23.7
32;2021-06-05;206;1660;98796;46731;52.0;24.6
32;2021-06-06;8;14;98804;46745;52.0;24.6
32;2021-06-07;102;418;98906;47163;52.0;24.8
32;2021-06-08;663;2536;99569;49699;52.4;26.2
32;2021-06-09;1191;1056;100760;50755;53.0;26.7
32;2021-06-10;684;1225;101444;51980;53.4;27.4
32;2021-06-11;926;663;102370;52643;53.9;27.7
32;2021-06-12;150;2679;102520;55322;53.9;29.1
32;2021-06-13;1;1;102521;55323;53.9;29.1
32;2021-06-14;528;210;103049;55533;54.2;29.2
32;2021-06-15;1733;1025;104782;56558;55.1;29.8
32;2021-06-16;850;2777;105632;59335;55.6;31.2
32;2021-06-17;859;829;106491;60164;56.0;31.7
32;2021-06-18;315;2723;106806;62887;56.2;33.1
32;2021-06-19;914;437;107720;63324;56.7;33.3
32;2021-06-20;5;13;107725;63337;56.7;33.3
32;2021-06-21;67;1994;107792;65331;56.7;34.4
32;2021-06-22;1042;970;108834;66301;57.3;34.9
32;2021-06-23;517;2183;109351;68484;57.5;36.0
32;2021-06-24;528;517;109879;69001;57.8;36.3
32;2021-06-25;501;2360;110380;71361;58.1;37.6
32;2021-06-26;108;171;110488;71532;58.1;37.6
32;2021-06-27;2;5;110490;71537;58.1;37.6
32;2021-06-28;630;603;111120;72140;58.5;38.0
32;2021-06-29;800;1982;111920;74122;58.9;39.0
32;2021-06-30;757;2726;112677;76848;59.3;40.4
32;2021-07-01;538;2638;113215;79486;59.6;41.8
32;2021-07-02;641;2335;113856;81821;59.9;43.1
32;2021-07-03;481;506;114337;82327;60.2;43.3
32;2021-07-04;1;12;114338;82339;60.2;43.3
32;2021-07-05;76;390;114414;82729;60.2;43.5
32;2021-07-06;878;2083;115292;84812;60.7;44.6
32;2021-07-07;781;2756;116073;87568;61.1;46.1
32;2021-07-08;479;2268;116552;89836;61.3;47.3
32;2021-07-09;615;2226;117167;92062;61.7;48.4
32;2021-07-10;536;520;117703;92582;61.9;48.7
32;2021-07-11;0;5;117703;92587;61.9;48.7
32;2021-07-12;526;1244;118229;93831;62.2;49.4
32;2021-07-13;1695;1817;119924;95648;63.1;50.3
32;2021-07-14;492;35;120416;95683;63.4;50.3
32;2021-07-15;2096;892;122512;96575;64.5;50.8
32;2021-07-16;1170;1915;123682;98490;65.1;51.8
32;2021-07-17;78;129;123760;98619;65.1;51.9
32;2021-07-18;2;5;123762;98624;65.1;51.9
32;2021-07-19;1997;147;125759;98771;66.2;52.0
32;2021-07-20;2036;1272;127795;100043;67.2;52.6
32;2021-07-21;1614;1691;129409;101734;68.1;53.5
32;2021-07-22;1946;513;131355;102247;69.1;53.8
32;2021-07-23;1408;1731;132763;103978;69.9;54.7
32;2021-07-24;139;117;132902;104095;69.9;54.8
32;2021-07-25;34;10;132936;104105;70.0;54.8
32;2021-07-26;1071;1070;134007;105175;70.5;55.3
32;2021-07-27;1730;2099;135737;107274;71.4;56.4
32;2021-07-28;694;975;136431;108249;71.8;57.0
32;2021-07-29;1694;1607;138125;109856;72.7;57.8
32;2021-07-30;363;348;138488;110204;72.9;58.0
32;2021-07-31;186;350;138674;110554;73.0;58.2
32;2021-08-01;18;4;138692;110558;73.0;58.2
32;2021-08-02;82;76;138774;110634;73.0;58.2
32;2021-08-03;1174;1792;139948;112426;73.6;59.2
32;2021-08-04;633;652;140581;113078;74.0;59.5
32;2021-08-05;1105;1943;141686;115021;74.6;60.5
32;2021-08-06;563;495;142249;115516;74.9;60.8
32;2021-08-07;148;92;142397;115608;74.9;60.8
32;2021-08-08;1;0;142398;115608;74.9;60.8
32;2021-08-09;263;1826;142661;117434;75.1;61.8
32;2021-08-10;715;2077;143376;119511;75.4;62.9
32;2021-08-11;579;446;143955;119957;75.7;63.1
32;2021-08-12;933;2102;144888;122059;76.2;64.2
32;2021-08-13;178;249;145066;122308;76.3;64.4
32;2021-08-14;113;117;145179;122425;76.4;64.4
32;2021-08-15;13;21;145192;122446;76.4;64.4
32;2021-08-16;41;40;145233;122486;76.4;64.5
32;2021-08-17;573;2301;145806;124787;76.7;65.7
32;2021-08-18;310;559;146116;125346;76.9;66.0
32;2021-08-19;954;1410;147070;126756;77.4;66.7
32;2021-08-20;158;166;147228;126922;77.5;66.8
32;2021-08-21;150;192;147378;127114;77.6;66.9
32;2021-08-22;8;3;147386;127117;77.6;66.9
32;2021-08-23;42;101;147428;127218;77.6;66.9
32;2021-08-24;585;1449;148013;128667;77.9;67.7
32;2021-08-25;94;191;148107;128858;77.9;67.8
32;2021-08-26;320;2260;148427;131118;78.1;69.0
32;2021-08-27;274;553;148701;131671;78.2;69.3
32;2021-08-28;70;109;148771;131780;78.3;69.3
32;2021-08-29;1;8;148772;131788;78.3;69.3
32;2021-08-30;19;50;148791;131838;78.3;69.4
32;2021-08-31;194;1536;148985;133374;78.4;70.2
32;2021-09-01;649;829;149634;134203;78.7;70.6
32;2021-09-02;318;1734;149952;135937;78.9;71.5
32;2021-09-03;188;314;150140;136251;79.0;71.7
32;2021-09-04;49;106;150189;136357;79.0;71.8
32;2021-09-05;12;15;150201;136372;79.0;71.8
32;2021-09-06;38;103;150239;136475;79.1;71.8
32;2021-09-07;438;950;150677;137425;79.3;72.3
32;2021-09-08;255;552;150932;137977;79.4;72.6
32;2021-09-09;226;1063;151158;139040;79.5;73.2
32;2021-09-10;203;241;151361;139281;79.6;73.3
32;2021-09-11;88;160;151449;139441;79.7;73.4
32;2021-09-12;7;11;151456;139452;79.7;73.4
32;2021-09-13;4;12;151460;139464;79.7;73.4
32;2021-09-14;319;846;151779;140310;79.9;73.8
32;2021-09-15;200;145;151979;140455;80.0;73.9
32;2021-09-16;181;215;152160;140670;80.1;74.0
32;2021-09-17;199;345;152359;141015;80.2;74.2
32;2021-09-18;40;62;152399;141077;80.2;74.2
32;2021-09-19;0;2;152399;141079;80.2;74.2
32;2021-09-20;4;18;152403;141097;80.2;74.2
32;2021-09-21;241;458;152644;141555;80.3;74.5
32;2021-09-22;233;547;152877;142102;80.4;74.8
32;2021-09-23;132;219;153009;142321;80.5;74.9
32;2021-09-24;101;288;153110;142609;80.6;75.0
32;2021-09-25;28;51;153138;142660;80.6;75.1
32;2021-09-26;3;5;153141;142665;80.6;75.1
32;2021-09-27;9;29;153150;142694;80.6;75.1
32;2021-09-28;112;515;153262;143209;80.6;75.4
32;2021-09-29;88;334;153350;143543;80.7;75.5
32;2021-09-30;170;201;153520;143744;80.8;75.6
32;2021-10-01;100;242;153620;143986;80.8;75.8
32;2021-10-02;27;102;153647;144088;80.8;75.8
32;2021-10-03;0;8;153647;144096;80.8;75.8
32;2021-10-04;7;13;153654;144109;80.9;75.8
32;2021-10-05;59;287;153713;144396;80.9;76.0
33;2020-12-27;4;0;4;0;0.0;0.0
33;2020-12-28;4;0;8;0;0.0;0.0
33;2020-12-29;0;0;8;0;0.0;0.0
33;2020-12-30;0;0;8;0;0.0;0.0
33;2020-12-31;1;0;9;0;0.0;0.0
33;2021-01-01;0;0;9;0;0.0;0.0
33;2021-01-02;2;0;11;0;0.0;0.0
33;2021-01-03;2;0;13;0;0.0;0.0
33;2021-01-04;2;0;15;0;0.0;0.0
33;2021-01-05;2;0;17;0;0.0;0.0
33;2021-01-06;135;0;152;0;0.0;0.0
33;2021-01-07;1309;1;1461;1;0.1;0.0
33;2021-01-08;1200;2;2661;3;0.2;0.0
33;2021-01-09;298;0;2959;3;0.2;0.0
33;2021-01-10;229;0;3188;3;0.2;0.0
33;2021-01-11;628;0;3816;3;0.2;0.0
33;2021-01-12;1415;2;5231;5;0.3;0.0
33;2021-01-13;1313;9;6544;14;0.4;0.0
33;2021-01-14;1293;12;7837;26;0.5;0.0
33;2021-01-15;1610;11;9447;37;0.6;0.0
33;2021-01-16;568;6;10015;43;0.6;0.0
33;2021-01-17;406;2;10421;45;0.6;0.0
33;2021-01-18;1224;9;11645;54;0.7;0.0
33;2021-01-19;2936;8;14581;62;0.9;0.0
33;2021-01-20;3423;12;18004;74;1.1;0.0
33;2021-01-21;2864;3;20868;77;1.3;0.0
33;2021-01-22;2328;7;23196;84;1.4;0.0
33;2021-01-23;854;2;24050;86;1.5;0.0
33;2021-01-24;532;2;24582;88;1.5;0.0
33;2021-01-25;2173;55;26755;143;1.6;0.0
33;2021-01-26;2263;145;29018;288;1.8;0.0
33;2021-01-27;2263;188;31281;476;1.9;0.0
33;2021-01-28;2160;409;33441;885;2.0;0.1
33;2021-01-29;1825;633;35266;1518;2.2;0.1
33;2021-01-30;705;155;35971;1673;2.2;0.1
33;2021-01-31;390;133;36361;1806;2.2;0.1
33;2021-02-01;1457;603;37818;2409;2.3;0.1
33;2021-02-02;2646;1033;40464;3442;2.5;0.2
33;2021-02-03;2942;829;43406;4271;2.7;0.3
33;2021-02-04;4031;1276;47437;5547;2.9;0.3
33;2021-02-05;2193;1095;49630;6642;3.0;0.4
33;2021-02-06;648;172;50278;6814;3.1;0.4
33;2021-02-07;218;182;50496;6996;3.1;0.4
33;2021-02-08;1265;681;51761;7677;3.2;0.5
33;2021-02-09;1326;1431;53087;9108;3.3;0.6
33;2021-02-10;1266;1526;54353;10634;3.3;0.7
33;2021-02-11;1305;1296;55658;11930;3.4;0.7
33;2021-02-12;1121;1076;56779;13006;3.5;0.8
33;2021-02-13;204;241;56983;13247;3.5;0.8
33;2021-02-14;47;192;57030;13439;3.5;0.8
33;2021-02-15;685;1338;57715;14777;3.5;0.9
33;2021-02-16;816;1673;58531;16450;3.6;1.0
33;2021-02-17;668;1672;59199;18122;3.6;1.1
33;2021-02-18;899;1778;60098;19900;3.7;1.2
33;2021-02-19;918;1666;61016;21566;3.7;1.3
33;2021-02-20;78;458;61094;22024;3.7;1.3
33;2021-02-21;37;349;61131;22373;3.7;1.4
33;2021-02-22;709;1476;61840;23849;3.8;1.5
33;2021-02-23;1235;2147;63075;25996;3.9;1.6
33;2021-02-24;1404;2048;64479;28044;3.9;1.7
33;2021-02-25;2839;3206;67318;31250;4.1;1.9
33;2021-02-26;4059;1986;71377;33236;4.4;2.0
33;2021-02-27;1360;558;72737;33794;4.5;2.1
33;2021-02-28;127;424;72864;34218;4.5;2.1
33;2021-03-01;1537;1563;74401;35781;4.6;2.2
33;2021-03-02;2325;1494;76726;37275;4.7;2.3
33;2021-03-03;2312;1474;79038;38749;4.8;2.4
33;2021-03-04;3938;1461;82976;40210;5.1;2.5
33;2021-03-05;5762;1516;88738;41726;5.4;2.6
33;2021-03-06;3416;501;92154;42227;5.6;2.6
33;2021-03-07;741;139;92895;42366;5.7;2.6
33;2021-03-08;2712;992;95607;43358;5.9;2.7
33;2021-03-09;4404;1155;100011;44513;6.1;2.7
33;2021-03-10;5121;1126;105132;45639;6.4;2.8
33;2021-03-11;7545;1143;112677;46782;6.9;2.9
33;2021-03-12;10118;1098;122795;47880;7.5;2.9
33;2021-03-13;5155;205;127950;48085;7.8;2.9
33;2021-03-14;714;28;128664;48113;7.9;2.9
33;2021-03-15;4445;660;133109;48773;8.1;3.0
33;2021-03-16;3582;814;136691;49587;8.4;3.0
33;2021-03-17;3644;921;140335;50508;8.6;3.1
33;2021-03-18;4037;1389;144372;51897;8.8;3.2
33;2021-03-19;6270;1013;150642;52910;9.2;3.2
33;2021-03-20;3368;105;154010;53015;9.4;3.2
33;2021-03-21;462;29;154472;53044;9.5;3.2
33;2021-03-22;4901;442;159373;53486;9.8;3.3
33;2021-03-23;6324;601;165697;54087;10.1;3.3
33;2021-03-24;7077;526;172774;54613;10.6;3.3
33;2021-03-25;8843;646;181617;55259;11.1;3.4
33;2021-03-26;10038;845;191655;56104;11.7;3.4
33;2021-03-27;3619;83;195274;56187;12.0;3.4
33;2021-03-28;577;33;195851;56220;12.0;3.4
33;2021-03-29;6767;698;202618;56918;12.4;3.5
33;2021-03-30;8102;1033;210720;57951;12.9;3.5
33;2021-03-31;7577;1044;218297;58995;13.4;3.6
33;2021-04-01;8823;1191;227120;60186;13.9;3.7
33;2021-04-02;8412;1547;235532;61733;14.4;3.8
33;2021-04-03;2832;519;238364;62252;14.6;3.8
33;2021-04-04;218;160;238582;62412;14.6;3.8
33;2021-04-05;693;123;239275;62535;14.6;3.8
33;2021-04-06;6048;2679;245323;65214;15.0;4.0
33;2021-04-07;7422;2519;252745;67733;15.5;4.1
33;2021-04-08;10328;2771;263073;70504;16.1;4.3
33;2021-04-09;12687;3085;275760;73589;16.9;4.5
33;2021-04-10;5357;1391;281117;74980;17.2;4.6
33;2021-04-11;1002;351;282119;75331;17.3;4.6
33;2021-04-12;7425;3274;289544;78605;17.7;4.8
33;2021-04-13;9321;3476;298865;82081;18.3;5.0
33;2021-04-14;9038;3640;307903;85721;18.8;5.2
33;2021-04-15;10110;3875;318013;89596;19.5;5.5
33;2021-04-16;9718;4224;327731;93820;20.1;5.7
33;2021-04-17;4651;1657;332382;95477;20.3;5.8
33;2021-04-18;929;411;333311;95888;20.4;5.9
33;2021-04-19;5616;3833;338927;99721;20.7;6.1
33;2021-04-20;7294;4259;346221;103980;21.2;6.4
33;2021-04-21;6594;4341;352815;108321;21.6;6.6
33;2021-04-22;7349;4480;360164;112801;22.0;6.9
33;2021-04-23;7705;4819;367869;117620;22.5;7.2
33;2021-04-24;4500;1797;372369;119417;22.8;7.3
33;2021-04-25;1652;418;374021;119835;22.9;7.3
33;2021-04-26;5270;5076;379291;124911;23.2;7.6
33;2021-04-27;6579;5583;385870;130494;23.6;8.0
33;2021-04-28;6783;5555;392653;136049;24.0;8.3
33;2021-04-29;8425;6213;401078;142262;24.6;8.7
33;2021-04-30;8740;6091;409818;148353;25.1;9.1
33;2021-05-01;2902;513;412720;148866;25.3;9.1
33;2021-05-02;1835;346;414555;149212;25.4;9.1
33;2021-05-03;7018;5204;421573;154416;25.8;9.5
33;2021-05-04;6826;6651;428399;161067;26.2;9.9
33;2021-05-05;7140;7562;435539;168629;26.7;10.3
33;2021-05-06;8705;8219;444244;176848;27.2;10.8
33;2021-05-07;8610;8867;452854;185715;27.7;11.4
33;2021-05-08;3543;1586;456397;187301;27.9;11.5
33;2021-05-09;1118;969;457515;188270;28.0;11.5
33;2021-05-10;6874;7288;464389;195558;28.4;12.0
33;2021-05-11;8634;7852;473023;203410;29.0;12.5
33;2021-05-12;9175;6698;482198;210108;29.5;12.9
33;2021-05-13;5211;2109;487409;212217;29.8;13.0
33;2021-05-14;8128;5350;495537;217567;30.3;13.3
33;2021-05-15;5179;2865;500716;220432;30.7;13.5
33;2021-05-16;1842;804;502558;221236;30.8;13.5
33;2021-05-17;8861;5108;511419;226344;31.3;13.9
33;2021-05-18;10625;4872;522044;231216;32.0;14.2
33;2021-05-19;10900;4775;532944;235991;32.6;14.4
33;2021-05-20;10907;5581;543851;241572;33.3;14.8
33;2021-05-21;10915;6235;554766;247807;34.0;15.2
33;2021-05-22;5121;2749;559887;250556;34.3;15.3
33;2021-05-23;1751;385;561638;250941;34.4;15.4
33;2021-05-24;5412;1001;567050;251942;34.7;15.4
33;2021-05-25;9391;5763;576441;257705;35.3;15.8
33;2021-05-26;9676;6032;586117;263737;35.9;16.1
33;2021-05-27;10901;7705;597018;271442;36.5;16.6
33;2021-05-28;10063;9480;607081;280922;37.2;17.2
33;2021-05-29;5042;4115;612123;285037;37.5;17.5
33;2021-05-30;1703;667;613826;285704;37.6;17.5
33;2021-05-31;8551;6404;622377;292108;38.1;17.9
33;2021-06-01;11803;8693;634180;300801;38.8;18.4
33;2021-06-02;11710;8195;645890;308996;39.5;18.9
33;2021-06-03;12715;9185;658605;318181;40.3;19.5
33;2021-06-04;12933;10931;671538;329112;41.1;20.1
33;2021-06-05;5272;5053;676810;334165;41.4;20.5
33;2021-06-06;2525;1193;679335;335358;41.6;20.5
33;2021-06-07;9759;8495;689094;343853;42.2;21.1
33;2021-06-08;11938;9442;701032;353295;42.9;21.6
33;2021-06-09;11775;8515;712807;361810;43.6;22.2
33;2021-06-10;12950;8382;725757;370192;44.4;22.7
33;2021-06-11;12516;11150;738273;381342;45.2;23.3
33;2021-06-12;6185;4477;744458;385819;45.6;23.6
33;2021-06-13;2613;1283;747071;387102;45.7;23.7
33;2021-06-14;8581;10150;755652;397252;46.3;24.3
33;2021-06-15;12053;10253;767705;407505;47.0;24.9
33;2021-06-16;12058;8864;779763;416369;47.7;25.5
33;2021-06-17;13116;9605;792879;425974;48.5;26.1
33;2021-06-18;11797;11430;804676;437404;49.3;26.8
33;2021-06-19;5610;4819;810286;442223;49.6;27.1
33;2021-06-20;2946;1475;813232;443698;49.8;27.2
33;2021-06-21;7875;10164;821107;453862;50.3;27.8
33;2021-06-22;9065;11074;830172;464936;50.8;28.5
33;2021-06-23;8671;10840;838843;475776;51.4;29.1
33;2021-06-24;9743;9979;848586;485755;52.0;29.7
33;2021-06-25;8047;13709;856633;499464;52.4;30.6
33;2021-06-26;4345;5917;860978;505381;52.7;30.9
33;2021-06-27;2467;1959;863445;507340;52.9;31.1
33;2021-06-28;4871;12754;868316;520094;53.2;31.8
33;2021-06-29;6443;13653;874759;533747;53.6;32.7
33;2021-06-30;6681;13387;881440;547134;54.0;33.5
33;2021-07-01;8046;11807;889486;558941;54.5;34.2
33;2021-07-02;6844;15106;896330;574047;54.9;35.1
33;2021-07-03;3227;6783;899557;580830;55.1;35.6
33;2021-07-04;2065;2379;901622;583209;55.2;35.7
33;2021-07-05;4398;12903;906020;596112;55.5;36.5
33;2021-07-06;6147;14588;912167;610700;55.8;37.4
33;2021-07-07;6895;13041;919062;623741;56.3;38.2
33;2021-07-08;7971;12756;927033;636497;56.8;39.0
33;2021-07-09;6471;15110;933504;651607;57.1;39.9
33;2021-07-10;3114;7159;936618;658766;57.3;40.3
33;2021-07-11;1844;2303;938462;661069;57.5;40.5
33;2021-07-12;3951;14702;942413;675771;57.7;41.4
33;2021-07-13;7153;16099;949566;691870;58.1;42.4
33;2021-07-14;3689;5315;953255;697185;58.4;42.7
33;2021-07-15;7627;15977;960882;713162;58.8;43.7
33;2021-07-16;8588;15138;969470;728300;59.4;44.6
33;2021-07-17;3156;6430;972626;734730;59.5;45.0
33;2021-07-18;1702;3205;974328;737935;59.6;45.2
33;2021-07-19;5871;15088;980199;753023;60.0;46.1
33;2021-07-20;7432;16119;987631;769142;60.5;47.1
33;2021-07-21;8370;14532;996001;783674;61.0;48.0
33;2021-07-22;9365;15097;1005366;798771;61.5;48.9
33;2021-07-23;9666;16347;1015032;815118;62.1;49.9
33;2021-07-24;3836;7550;1018868;822668;62.4;50.4
33;2021-07-25;2093;2667;1020961;825335;62.5;50.5
33;2021-07-26;6966;13413;1027927;838748;62.9;51.3
33;2021-07-27;10090;13392;1038017;852140;63.5;52.2
33;2021-07-28;10929;11966;1048946;864106;64.2;52.9
33;2021-07-29;11673;11904;1060619;876010;64.9;53.6
33;2021-07-30;11400;12206;1072019;888216;65.6;54.4
33;2021-07-31;4761;5647;1076780;893863;65.9;54.7
33;2021-08-01;2484;1951;1079264;895814;66.1;54.8
33;2021-08-02;8418;9890;1087682;905704;66.6;55.4
33;2021-08-03;11560;9023;1099242;914727;67.3;56.0
33;2021-08-04;12285;7366;1111527;922093;68.0;56.5
33;2021-08-05;11934;8044;1123461;930137;68.8;56.9
33;2021-08-06;11230;9056;1134691;939193;69.5;57.5
33;2021-08-07;5929;4517;1140620;943710;69.8;57.8
33;2021-08-08;3201;1820;1143821;945530;70.0;57.9
33;2021-08-09;8662;8721;1152483;954251;70.6;58.4
33;2021-08-10;9373;8451;1161856;962702;71.1;58.9
33;2021-08-11;8113;7586;1169969;970288;71.6;59.4
33;2021-08-12;7980;8019;1177949;978307;72.1;59.9
33;2021-08-13;7846;7679;1185795;985986;72.6;60.4
33;2021-08-14;3526;4332;1189321;990318;72.8;60.6
33;2021-08-15;1211;1881;1190532;992199;72.9;60.7
33;2021-08-16;6428;8628;1196960;1000827;73.3;61.3
33;2021-08-17;6637;9068;1203597;1009895;73.7;61.8
33;2021-08-18;5630;8771;1209227;1018666;74.0;62.4
33;2021-08-19;5505;9120;1214732;1027786;74.4;62.9
33;2021-08-20;4961;9836;1219693;1037622;74.7;63.5
33;2021-08-21;2208;5037;1221901;1042659;74.8;63.8
33;2021-08-22;565;2366;1222466;1045025;74.8;64.0
33;2021-08-23;3921;10288;1226387;1055313;75.1;64.6
33;2021-08-24;4141;11094;1230528;1066407;75.3;65.3
33;2021-08-25;3721;10488;1234249;1076895;75.6;65.9
33;2021-08-26;3660;11057;1237909;1087952;75.8;66.6
33;2021-08-27;3826;12587;1241735;1100539;76.0;67.4
33;2021-08-28;1580;6639;1243315;1107178;76.1;67.8
33;2021-08-29;454;2426;1243769;1109604;76.1;67.9
33;2021-08-30;2358;10537;1246127;1120141;76.3;68.6
33;2021-08-31;3249;11072;1249376;1131213;76.5;69.3
33;2021-09-01;2838;8818;1252214;1140031;76.7;69.8
33;2021-09-02;2704;8396;1254918;1148427;76.8;70.3
33;2021-09-03;3115;10139;1258033;1158566;77.0;70.9
33;2021-09-04;1654;6084;1259687;1164650;77.1;71.3
33;2021-09-05;413;1517;1260100;1166167;77.1;71.4
33;2021-09-06;1598;7182;1261698;1173349;77.2;71.8
33;2021-09-07;2069;6583;1263767;1179932;77.4;72.2
33;2021-09-08;1758;6597;1265525;1186529;77.5;72.6
33;2021-09-09;1892;6743;1267417;1193272;77.6;73.1
33;2021-09-10;2093;7285;1269510;1200557;77.7;73.5
33;2021-09-11;997;4494;1270507;1205051;77.8;73.8
33;2021-09-12;131;610;1270638;1205661;77.8;73.8
33;2021-09-13;1465;4787;1272103;1210448;77.9;74.1
33;2021-09-14;1565;5144;1273668;1215592;78.0;74.4
33;2021-09-15;1536;4442;1275204;1220034;78.1;74.7
33;2021-09-16;1471;3347;1276675;1223381;78.2;74.9
33;2021-09-17;1789;4516;1278464;1227897;78.3;75.2
33;2021-09-18;605;3050;1279069;1230947;78.3;75.4
33;2021-09-19;115;398;1279184;1231345;78.3;75.4
33;2021-09-20;1047;2159;1280231;1233504;78.4;75.5
33;2021-09-21;956;2450;1281187;1235954;78.4;75.7
33;2021-09-22;959;3445;1282146;1239399;78.5;75.9
33;2021-09-23;900;2305;1283046;1241704;78.5;76.0
33;2021-09-24;1289;3720;1284335;1245424;78.6;76.2
33;2021-09-25;515;2354;1284850;1247778;78.7;76.4
33;2021-09-26;64;333;1284914;1248111;78.7;76.4
33;2021-09-27;666;2013;1285580;1250124;78.7;76.5
33;2021-09-28;826;2147;1286406;1252271;78.8;76.7
33;2021-09-29;888;2212;1287294;1254483;78.8;76.8
33;2021-09-30;688;1682;1287982;1256165;78.9;76.9
33;2021-10-01;1057;2683;1289039;1258848;78.9;77.1
33;2021-10-02;557;1350;1289596;1260198;78.9;77.1
33;2021-10-03;10;45;1289606;1260243;79.0;77.2
33;2021-10-04;644;1399;1290250;1261642;79.0;77.2
33;2021-10-05;541;1422;1290791;1263064;79.0;77.3
34;2020-12-27;1;0;1;0;0.0;0.0
34;2020-12-28;3;0;4;0;0.0;0.0
34;2020-12-29;0;0;4;0;0.0;0.0
34;2020-12-30;0;0;4;0;0.0;0.0
34;2020-12-31;0;0;4;0;0.0;0.0
34;2021-01-01;1;0;5;0;0.0;0.0
34;2021-01-02;2;0;7;0;0.0;0.0
34;2021-01-03;0;0;7;0;0.0;0.0
34;2021-01-04;23;0;30;0;0.0;0.0
34;2021-01-05;108;2;138;2;0.0;0.0
34;2021-01-06;199;1;337;3;0.0;0.0
34;2021-01-07;364;0;701;3;0.1;0.0
34;2021-01-08;606;0;1307;3;0.1;0.0
34;2021-01-09;244;0;1551;3;0.1;0.0
34;2021-01-10;94;1;1645;4;0.1;0.0
34;2021-01-11;567;2;2212;6;0.2;0.0
34;2021-01-12;1009;1;3221;7;0.3;0.0
34;2021-01-13;1098;6;4319;13;0.4;0.0
34;2021-01-14;1954;12;6273;25;0.5;0.0
34;2021-01-15;1471;4;7744;29;0.7;0.0
34;2021-01-16;332;7;8076;36;0.7;0.0
34;2021-01-17;235;1;8311;37;0.7;0.0
34;2021-01-18;1125;3;9436;40;0.8;0.0
34;2021-01-19;1610;8;11046;48;0.9;0.0
34;2021-01-20;2090;8;13136;56;1.1;0.0
34;2021-01-21;4234;11;17370;67;1.5;0.0
34;2021-01-22;2556;8;19926;75;1.7;0.0
34;2021-01-23;600;2;20526;77;1.7;0.0
34;2021-01-24;3;0;20529;77;1.7;0.0
34;2021-01-25;1242;5;21771;82;1.9;0.0
34;2021-01-26;1461;17;23232;99;2.0;0.0
34;2021-01-27;1471;23;24703;122;2.1;0.0
34;2021-01-28;1393;120;26096;242;2.2;0.0
34;2021-01-29;1260;124;27356;366;2.3;0.0
34;2021-01-30;479;12;27835;378;2.4;0.0
34;2021-01-31;4;0;27839;378;2.4;0.0
34;2021-02-01;1028;220;28867;598;2.5;0.1
34;2021-02-02;1464;400;30331;998;2.6;0.1
34;2021-02-03;2654;484;32985;1482;2.8;0.1
34;2021-02-04;2318;835;35303;2317;3.0;0.2
34;2021-02-05;1891;1070;37194;3387;3.2;0.3
34;2021-02-06;497;209;37691;3596;3.2;0.3
34;2021-02-07;34;95;37725;3691;3.2;0.3
34;2021-02-08;860;955;38585;4646;3.3;0.4
34;2021-02-09;1034;1185;39619;5831;3.4;0.5
34;2021-02-10;1296;1338;40915;7169;3.5;0.6
34;2021-02-11;1794;2423;42709;9592;3.6;0.8
34;2021-02-12;1922;1459;44631;11051;3.8;0.9
34;2021-02-13;357;435;44988;11486;3.8;1.0
34;2021-02-14;22;271;45010;11757;3.8;1.0
34;2021-02-15;673;846;45683;12603;3.9;1.1
34;2021-02-16;666;1131;46349;13734;3.9;1.2
34;2021-02-17;714;1164;47063;14898;4.0;1.3
34;2021-02-18;837;1114;47900;16012;4.1;1.4
34;2021-02-19;816;902;48716;16914;4.1;1.4
34;2021-02-20;300;336;49016;17250;4.2;1.5
34;2021-02-21;64;18;49080;17268;4.2;1.5
34;2021-02-22;630;979;49710;18247;4.2;1.6
34;2021-02-23;565;1107;50275;19354;4.3;1.6
34;2021-02-24;943;1926;51218;21280;4.4;1.8
34;2021-02-25;1607;1885;52825;23165;4.5;2.0
34;2021-02-26;1850;1332;54675;24497;4.6;2.1
34;2021-02-27;702;316;55377;24813;4.7;2.1
34;2021-02-28;86;61;55463;24874;4.7;2.1
34;2021-03-01;932;938;56395;25812;4.8;2.2
34;2021-03-02;1592;1047;57987;26859;4.9;2.3
34;2021-03-03;1834;1129;59821;27988;5.1;2.4
34;2021-03-04;2867;1386;62688;29374;5.3;2.5
34;2021-03-05;3686;1359;66374;30733;5.6;2.6
34;2021-03-06;2640;175;69014;30908;5.9;2.6
34;2021-03-07;1242;56;70256;30964;6.0;2.6
34;2021-03-08;2781;840;73037;31804;6.2;2.7
34;2021-03-09;4019;1248;77056;33052;6.6;2.8
34;2021-03-10;3991;1182;81047;34234;6.9;2.9
34;2021-03-11;5437;1190;86484;35424;7.4;3.0
34;2021-03-12;6492;853;92976;36277;7.9;3.1
34;2021-03-13;3138;164;96114;36441;8.2;3.1
34;2021-03-14;1003;54;97117;36495;8.3;3.1
34;2021-03-15;3307;551;100424;37046;8.5;3.1
34;2021-03-16;2912;639;103336;37685;8.8;3.2
34;2021-03-17;3305;735;106641;38420;9.1;3.3
34;2021-03-18;3450;906;110091;39326;9.4;3.3
34;2021-03-19;4692;786;114783;40112;9.8;3.4
34;2021-03-20;3148;65;117931;40177;10.0;3.4
34;2021-03-21;1997;60;119928;40237;10.2;3.4
34;2021-03-22;3683;460;123611;40697;10.5;3.5
34;2021-03-23;4961;534;128572;41231;10.9;3.5
34;2021-03-24;5221;627;133793;41858;11.4;3.6
34;2021-03-25;7197;715;140990;42573;12.0;3.6
34;2021-03-26;7169;573;148159;43146;12.6;3.7
34;2021-03-27;2373;85;150532;43231;12.8;3.7
34;2021-03-28;699;21;151231;43252;12.9;3.7
34;2021-03-29;4187;752;155418;44004;13.2;3.7
34;2021-03-30;5221;961;160639;44965;13.7;3.8
34;2021-03-31;5069;1203;165708;46168;14.1;3.9
34;2021-04-01;7031;1037;172739;47205;14.7;4.0
34;2021-04-02;5822;1191;178561;48396;15.2;4.1
34;2021-04-03;1137;85;179698;48481;15.3;4.1
34;2021-04-04;166;5;179864;48486;15.3;4.1
34;2021-04-05;433;26;180297;48512;15.3;4.1
34;2021-04-06;3136;2440;183433;50952;15.6;4.3
34;2021-04-07;3387;2631;186820;53583;15.9;4.6
34;2021-04-08;5251;2802;192071;56385;16.3;4.8
34;2021-04-09;8074;2493;200145;58878;17.0;5.0
34;2021-04-10;3164;1373;203309;60251;17.3;5.1
34;2021-04-11;1715;805;205024;61056;17.4;5.2
34;2021-04-12;4500;2518;209524;63574;17.8;5.4
34;2021-04-13;5240;3051;214764;66625;18.3;5.7
34;2021-04-14;5621;3238;220385;69863;18.7;5.9
34;2021-04-15;6996;3166;227381;73029;19.3;6.2
34;2021-04-16;6580;3158;233961;76187;19.9;6.5
34;2021-04-17;2378;2068;236339;78255;20.1;6.7
34;2021-04-18;988;1717;237327;79972;20.2;6.8
34;2021-04-19;3421;3120;240748;83092;20.5;7.1
34;2021-04-20;3767;3656;244515;86748;20.8;7.4
34;2021-04-21;4241;3717;248756;90465;21.2;7.7
34;2021-04-22;4490;4595;253246;95060;21.5;8.1
34;2021-04-23;5378;3515;258624;98575;22.0;8.4
34;2021-04-24;3164;1579;261788;100154;22.3;8.5
34;2021-04-25;1919;644;263707;100798;22.4;8.6
34;2021-04-26;4223;3469;267930;104267;22.8;8.9
34;2021-04-27;5128;4005;273058;108272;23.2;9.2
34;2021-04-28;5771;3538;278829;111810;23.7;9.5
34;2021-04-29;6421;3925;285250;115735;24.3;9.8
34;2021-04-30;7870;3257;293120;118992;24.9;10.1
34;2021-05-01;2405;499;295525;119491;25.1;10.2
34;2021-05-02;3260;322;298785;119813;25.4;10.2
34;2021-05-03;6576;2904;305361;122717;26.0;10.4
34;2021-05-04;7109;3792;312470;126509;26.6;10.8
34;2021-05-05;6498;4528;318968;131037;27.1;11.1
34;2021-05-06;6944;5191;325912;136228;27.7;11.6
34;2021-05-07;6928;5657;332840;141885;28.3;12.1
34;2021-05-08;3609;1172;336449;143057;28.6;12.2
34;2021-05-09;2178;1288;338627;144345;28.8;12.3
34;2021-05-10;5853;4798;344480;149143;29.3;12.7
34;2021-05-11;7411;5307;351891;154450;29.9;13.1
34;2021-05-12;7755;4454;359646;158904;30.6;13.5
34;2021-05-13;6128;785;365774;159689;31.1;13.6
34;2021-05-14;7491;3734;373265;163423;31.7;13.9
34;2021-05-15;4863;1686;378128;165109;32.1;14.0
34;2021-05-16;4949;460;383077;165569;32.6;14.1
34;2021-05-17;8693;1983;391770;167552;33.3;14.2
34;2021-05-18;9142;1973;400912;169525;34.1;14.4
34;2021-05-19;8625;1811;409537;171336;34.8;14.6
34;2021-05-20;8866;2518;418403;173854;35.6;14.8
34;2021-05-21;8784;3204;427187;177058;36.3;15.1
34;2021-05-22;5787;1153;432974;178211;36.8;15.2
34;2021-05-23;3883;549;436857;178760;37.1;15.2
34;2021-05-24;1896;852;438753;179612;37.3;15.3
34;2021-05-25;7143;3811;445896;183423;37.9;15.6
34;2021-05-26;8319;3033;454215;186456;38.6;15.9
34;2021-05-27;8316;4307;462531;190763;39.3;16.2
34;2021-05-28;8063;5439;470594;196202;40.0;16.7
34;2021-05-29;4006;3101;474600;199303;40.4;16.9
34;2021-05-30;1985;1389;476585;200692;40.5;17.1
34;2021-05-31;5878;5246;482463;205938;41.0;17.5
34;2021-06-01;6948;6091;489411;212029;41.6;18.0
34;2021-06-02;6136;5810;495547;217839;42.1;18.5
34;2021-06-03;7705;6478;503252;224317;42.8;19.1
34;2021-06-04;7651;7582;510903;231899;43.4;19.7
34;2021-06-05;4140;3678;515043;235577;43.8;20.0
34;2021-06-06;3266;1865;518309;237442;44.1;20.2
34;2021-06-07;4414;6759;522723;244201;44.4;20.8
34;2021-06-08;5854;6826;528577;251027;44.9;21.3
34;2021-06-09;5826;6840;534403;257867;45.4;21.9
34;2021-06-10;6322;6865;540725;264732;46.0;22.5
34;2021-06-11;5400;9275;546125;274007;46.4;23.3
34;2021-06-12;3166;4726;549291;278733;46.7;23.7
34;2021-06-13;1081;1905;550372;280638;46.8;23.9
34;2021-06-14;3443;7810;553815;288448;47.1;24.5
34;2021-06-15;3951;8789;557766;297237;47.4;25.3
34;2021-06-16;4619;7856;562385;305093;47.8;25.9
34;2021-06-17;4228;7951;566613;313044;48.2;26.6
34;2021-06-18;4350;9327;570963;322371;48.5;27.4
34;2021-06-19;2729;4403;573692;326774;48.8;27.8
34;2021-06-20;888;2873;574580;329647;48.9;28.0
34;2021-06-21;2180;8553;576760;338200;49.0;28.8
34;2021-06-22;2974;9405;579734;347605;49.3;29.6
34;2021-06-23;3528;8963;583262;356568;49.6;30.3
34;2021-06-24;3559;8671;586821;365239;49.9;31.1
34;2021-06-25;3374;10440;590195;375679;50.2;31.9
34;2021-06-26;1641;6190;591836;381869;50.3;32.5
34;2021-06-27;308;4268;592144;386137;50.3;32.8
34;2021-06-28;2265;9426;594409;395563;50.5;33.6
34;2021-06-29;2682;10295;597091;405858;50.8;34.5
34;2021-06-30;3356;9543;600447;415401;51.1;35.3
34;2021-07-01;3531;9445;603978;424846;51.4;36.1
34;2021-07-02;3434;9740;607412;434586;51.6;37.0
34;2021-07-03;1682;6158;609094;440744;51.8;37.5
34;2021-07-04;312;2763;609406;443507;51.8;37.7
34;2021-07-05;3234;7998;612640;451505;52.1;38.4
34;2021-07-06;3532;9175;616172;460680;52.4;39.2
34;2021-07-07;3273;8652;619445;469332;52.7;39.9
34;2021-07-08;4303;8869;623748;478201;53.0;40.7
34;2021-07-09;4010;9348;627758;487549;53.4;41.5
34;2021-07-10;2140;5717;629898;493266;53.6;41.9
34;2021-07-11;923;2576;630821;495842;53.6;42.2
34;2021-07-12;2929;8966;633750;504808;53.9;42.9
34;2021-07-13;4657;10041;638407;514849;54.3;43.8
34;2021-07-14;784;356;639191;515205;54.3;43.8
34;2021-07-15;5910;10396;645101;525601;54.8;44.7
34;2021-07-16;5861;10726;650962;536327;55.3;45.6
34;2021-07-17;4499;4415;655461;540742;55.7;46.0
34;2021-07-18;235;195;655696;540937;55.7;46.0
34;2021-07-19;5117;8329;660813;549266;56.2;46.7
34;2021-07-20;6896;8386;667709;557652;56.8;47.4
34;2021-07-21;7650;7828;675359;565480;57.4;48.1
34;2021-07-22;7441;8177;682800;573657;58.1;48.8
34;2021-07-23;7843;8160;690643;581817;58.7;49.5
34;2021-07-24;6150;3058;696793;584875;59.2;49.7
34;2021-07-25;3210;548;700003;585423;59.5;49.8
34;2021-07-26;6238;6429;706241;591852;60.0;50.3
34;2021-07-27;8755;6056;714996;597908;60.8;50.8
34;2021-07-28;9711;5923;724707;603831;61.6;51.3
34;2021-07-29;11326;6052;736033;609883;62.6;51.9
34;2021-07-30;9848;6539;745881;616422;63.4;52.4
34;2021-07-31;6445;2197;752326;618619;64.0;52.6
34;2021-08-01;3316;620;755642;619239;64.2;52.6
34;2021-08-02;7360;5068;763002;624307;64.9;53.1
34;2021-08-03;8143;5400;771145;629707;65.6;53.5
34;2021-08-04;8446;4568;779591;634275;66.3;53.9
34;2021-08-05;7136;5031;786727;639306;66.9;54.4
34;2021-08-06;6164;5230;792891;644536;67.4;54.8
34;2021-08-07;3110;2438;796001;646974;67.7;55.0
34;2021-08-08;202;204;796203;647178;67.7;55.0
34;2021-08-09;4781;6180;800984;653358;68.1;55.6
34;2021-08-10;5398;6485;806382;659843;68.6;56.1
34;2021-08-11;4831;6544;811213;666387;69.0;56.7
34;2021-08-12;4576;6200;815789;672587;69.4;57.2
34;2021-08-13;4109;5738;819898;678325;69.7;57.7
34;2021-08-14;1797;2880;821695;681205;69.9;57.9
34;2021-08-15;209;194;821904;681399;69.9;57.9
34;2021-08-16;2904;7549;824808;688948;70.1;58.6
34;2021-08-17;3593;8281;828401;697229;70.4;59.3
34;2021-08-18;3207;7564;831608;704793;70.7;59.9
34;2021-08-19;3268;7785;834876;712578;71.0;60.6
34;2021-08-20;2725;7721;837601;720299;71.2;61.2
34;2021-08-21;1399;3563;839000;723862;71.3;61.5
34;2021-08-22;163;308;839163;724170;71.3;61.6
34;2021-08-23;2330;8655;841493;732825;71.5;62.3
34;2021-08-24;2729;8962;844222;741787;71.8;63.1
34;2021-08-25;2345;8541;846567;750328;72.0;63.8
34;2021-08-26;2607;7888;849174;758216;72.2;64.5
34;2021-08-27;2197;7572;851371;765788;72.4;65.1
34;2021-08-28;1117;3561;852488;769349;72.5;65.4
34;2021-08-29;368;1357;852856;770706;72.5;65.5
34;2021-08-30;2054;6885;854910;777591;72.7;66.1
34;2021-08-31;2121;6840;857031;784431;72.9;66.7
34;2021-09-01;2053;6427;859084;790858;73.0;67.2
34;2021-09-02;1666;4829;860750;795687;73.2;67.7
34;2021-09-03;1771;5561;862521;801248;73.3;68.1
34;2021-09-04;1361;3377;863882;804625;73.5;68.4
34;2021-09-05;141;240;864023;804865;73.5;68.4
34;2021-09-06;1153;4058;865176;808923;73.6;68.8
34;2021-09-07;1353;4125;866529;813048;73.7;69.1
34;2021-09-08;1629;4777;868158;817825;73.8;69.5
34;2021-09-09;1184;3858;869342;821683;73.9;69.9
34;2021-09-10;1522;4094;870864;825777;74.0;70.2
34;2021-09-11;1280;2073;872144;827850;74.2;70.4
34;2021-09-12;90;88;872234;827938;74.2;70.4
34;2021-09-13;999;3310;873233;831248;74.2;70.7
34;2021-09-14;1234;3268;874467;834516;74.4;71.0
34;2021-09-15;1478;2951;875945;837467;74.5;71.2
34;2021-09-16;880;1876;876825;839343;74.6;71.4
34;2021-09-17;1109;2418;877934;841761;74.6;71.6
34;2021-09-18;782;1762;878716;843523;74.7;71.7
34;2021-09-19;36;59;878752;843582;74.7;71.7
34;2021-09-20;611;1907;879363;845489;74.8;71.9
34;2021-09-21;611;1779;879974;847268;74.8;72.0
34;2021-09-22;829;2528;880803;849796;74.9;72.3
34;2021-09-23;670;1658;881473;851454;74.9;72.4
34;2021-09-24;842;2220;882315;853674;75.0;72.6
34;2021-09-25;492;1555;882807;855229;75.1;72.7
34;2021-09-26;51;142;882858;855371;75.1;72.7
34;2021-09-27;620;1476;883478;856847;75.1;72.9
34;2021-09-28;630;1127;884108;857974;75.2;72.9
34;2021-09-29;850;1809;884958;859783;75.2;73.1
34;2021-09-30;604;1344;885562;861127;75.3;73.2
34;2021-10-01;717;1498;886279;862625;75.4;73.3
34;2021-10-02;652;1385;886931;864010;75.4;73.5
34;2021-10-03;60;162;886991;864172;75.4;73.5
34;2021-10-04;589;1081;887580;865253;75.5;73.6
34;2021-10-05;518;1031;888098;866284;75.5;73.7
35;2020-12-27;0;0;0;0;0.0;0.0
35;2020-12-28;0;0;0;0;0.0;0.0
35;2020-12-29;2;0;2;0;0.0;0.0
35;2020-12-30;0;0;2;0;0.0;0.0
35;2020-12-31;3;0;5;0;0.0;0.0
35;2021-01-01;3;0;8;0;0.0;0.0
35;2021-01-02;1;0;9;0;0.0;0.0
35;2021-01-03;0;0;9;0;0.0;0.0
35;2021-01-04;10;0;19;0;0.0;0.0
35;2021-01-05;110;0;129;0;0.0;0.0
35;2021-01-06;175;0;304;0;0.0;0.0
35;2021-01-07;440;1;744;1;0.1;0.0
35;2021-01-08;513;1;1257;2;0.1;0.0
35;2021-01-09;31;0;1288;2;0.1;0.0
35;2021-01-10;2;0;1290;2;0.1;0.0
35;2021-01-11;538;0;1828;2;0.2;0.0
35;2021-01-12;886;2;2714;4;0.3;0.0
35;2021-01-13;969;1;3683;5;0.3;0.0
35;2021-01-14;1261;17;4944;22;0.5;0.0
35;2021-01-15;732;2;5676;24;0.5;0.0
35;2021-01-16;189;3;5865;27;0.5;0.0
35;2021-01-17;44;0;5909;27;0.5;0.0
35;2021-01-18;1222;0;7131;27;0.7;0.0
35;2021-01-19;5406;12;12537;39;1.2;0.0
35;2021-01-20;3238;9;15775;48;1.5;0.0
35;2021-01-21;3643;5;19418;53;1.8;0.0
35;2021-01-22;2086;9;21504;62;2.0;0.0
35;2021-01-23;421;1;21925;63;2.0;0.0
35;2021-01-24;51;0;21976;63;2.0;0.0
35;2021-01-25;918;15;22894;78;2.1;0.0
35;2021-01-26;1130;126;24024;204;2.2;0.0
35;2021-01-27;1029;115;25053;319;2.3;0.0
35;2021-01-28;916;272;25969;591;2.4;0.1
35;2021-01-29;724;255;26693;846;2.5;0.1
35;2021-01-30;140;15;26833;861;2.5;0.1
35;2021-01-31;0;0;26833;861;2.5;0.1
35;2021-02-01;673;282;27506;1143;2.5;0.1
35;2021-02-02;725;410;28231;1553;2.6;0.1
35;2021-02-03;662;467;28893;2020;2.7;0.2
35;2021-02-04;590;582;29483;2602;2.7;0.2
35;2021-02-05;624;509;30107;3111;2.8;0.3
35;2021-02-06;175;4;30282;3115;2.8;0.3
35;2021-02-07;1;0;30283;3115;2.8;0.3
35;2021-02-08;446;538;30729;3653;2.8;0.3
35;2021-02-09;1715;3233;32444;6886;3.0;0.6
35;2021-02-10;1370;2517;33814;9403;3.1;0.9
35;2021-02-11;1944;3007;35758;12410;3.3;1.1
35;2021-02-12;1663;1551;37421;13961;3.5;1.3
35;2021-02-13;58;230;37479;14191;3.5;1.3
35;2021-02-14;8;46;37487;14237;3.5;1.3
35;2021-02-15;771;822;38258;15059;3.5;1.4
35;2021-02-16;919;780;39177;15839;3.6;1.5
35;2021-02-17;895;871;40072;16710;3.7;1.5
35;2021-02-18;1020;803;41092;17513;3.8;1.6
35;2021-02-19;1013;752;42105;18265;3.9;1.7
35;2021-02-20;143;38;42248;18303;3.9;1.7
35;2021-02-21;5;0;42253;18303;3.9;1.7
35;2021-02-22;776;652;43029;18955;4.0;1.8
35;2021-02-23;1288;693;44317;19648;4.1;1.8
35;2021-02-24;1404;677;45721;20325;4.2;1.9
35;2021-02-25;2249;658;47970;20983;4.4;1.9
35;2021-02-26;2599;594;50569;21577;4.7;2.0
35;2021-02-27;869;78;51438;21655;4.8;2.0
35;2021-02-28;10;0;51448;21655;4.8;2.0
35;2021-03-01;959;566;52407;22221;4.8;2.1
35;2021-03-02;1634;1805;54041;24026;5.0;2.2
35;2021-03-03;1914;861;55955;24887;5.2;2.3
35;2021-03-04;2917;1292;58872;26179;5.4;2.4
35;2021-03-05;3716;1254;62588;27433;5.8;2.5
35;2021-03-06;1337;79;63925;27512;5.9;2.5
35;2021-03-07;1;36;63926;27548;5.9;2.5
35;2021-03-08;1475;539;65401;28087;6.0;2.6
35;2021-03-09;3238;545;68639;28632;6.3;2.6
35;2021-03-10;2902;517;71541;29149;6.6;2.7
35;2021-03-11;4199;653;75740;29802;7.0;2.8
35;2021-03-12;6049;520;81789;30322;7.6;2.8
35;2021-03-13;2427;124;84216;30446;7.8;2.8
35;2021-03-14;18;25;84234;30471;7.8;2.8
35;2021-03-15;1966;659;86200;31130;8.0;2.9
35;2021-03-16;2505;714;88705;31844;8.2;2.9
35;2021-03-17;2397;588;91102;32432;8.4;3.0
35;2021-03-18;2334;580;93436;33012;8.6;3.1
35;2021-03-19;3546;496;96982;33508;9.0;3.1
35;2021-03-20;1543;108;98525;33616;9.1;3.1
35;2021-03-21;38;1;98563;33617;9.1;3.1
35;2021-03-22;1749;835;100312;34452;9.3;3.2
35;2021-03-23;3626;1168;103938;35620;9.6;3.3
35;2021-03-24;3730;982;107668;36602;10.0;3.4
35;2021-03-25;5328;980;112996;37582;10.4;3.5
35;2021-03-26;5852;801;118848;38383;11.0;3.5
35;2021-03-27;1416;208;120264;38591;11.1;3.6
35;2021-03-28;4;0;120268;38591;11.1;3.6
35;2021-03-29;2778;902;123046;39493;11.4;3.6
35;2021-03-30;4292;1311;127338;40804;11.8;3.8
35;2021-03-31;3471;1331;130809;42135;12.1;3.9
35;2021-04-01;4250;1237;135059;43372;12.5;4.0
35;2021-04-02;4861;1205;139920;44577;12.9;4.1
35;2021-04-03;763;214;140683;44791;13.0;4.1
35;2021-04-04;6;0;140689;44791;13.0;4.1
35;2021-04-05;24;1;140713;44792;13.0;4.1
35;2021-04-06;3280;2022;143993;46814;13.3;4.3
35;2021-04-07;3966;1839;147959;48653;13.7;4.5
35;2021-04-08;5803;1590;153762;50243;14.2;4.6
35;2021-04-09;7429;1413;161191;51656;14.9;4.8
35;2021-04-10;1860;250;163051;51906;15.1;4.8
35;2021-04-11;35;23;163086;51929;15.1;4.8
35;2021-04-12;5137;1593;168223;53522;15.5;4.9
35;2021-04-13;7624;2782;175847;56304;16.3;5.2
35;2021-04-14;6314;2299;182161;58603;16.8;5.4
35;2021-04-15;7565;2178;189726;60781;17.5;5.6
35;2021-04-16;8081;1761;197807;62542;18.3;5.8
35;2021-04-17;1571;222;199378;62764;18.4;5.8
35;2021-04-18;10;4;199388;62768;18.4;5.8
35;2021-04-19;4819;1667;204207;64435;18.9;6.0
35;2021-04-20;5165;2636;209372;67071;19.3;6.2
35;2021-04-21;5134;2208;214506;69279;19.8;6.4
35;2021-04-22;6428;2326;220934;71605;20.4;6.6
35;2021-04-23;6821;2365;227755;73970;21.0;6.8
35;2021-04-24;1131;262;228886;74232;21.2;6.9
35;2021-04-25;8;16;228894;74248;21.2;6.9
35;2021-04-26;5099;2153;233993;76401;21.6;7.1
35;2021-04-27;6090;3190;240083;79591;22.2;7.4
35;2021-04-28;6173;2548;246256;82139;22.8;7.6
35;2021-04-29;7117;2732;253373;84871;23.4;7.8
35;2021-04-30;7564;2521;260937;87392;24.1;8.1
35;2021-05-01;618;239;261555;87631;24.2;8.1
35;2021-05-02;15;21;261570;87652;24.2;8.1
35;2021-05-03;5307;2327;266877;89979;24.7;8.3
35;2021-05-04;5068;5316;271945;95295;25.1;8.8
35;2021-05-05;4883;4435;276828;99730;25.6;9.2
35;2021-05-06;6176;5257;283004;104987;26.2;9.7
35;2021-05-07;5620;5218;288624;110205;26.7;10.2
35;2021-05-08;1719;135;290343;110340;26.8;10.2
35;2021-05-09;698;75;291041;110415;26.9;10.2
35;2021-05-10;3719;4951;294760;115366;27.2;10.7
35;2021-05-11;4774;5795;299534;121161;27.7;11.2
35;2021-05-12;5292;5491;304826;126652;28.2;11.7
35;2021-05-13;2699;1424;307525;128076;28.4;11.8
35;2021-05-14;5460;4327;312985;132403;28.9;12.2
35;2021-05-15;2929;718;315914;133121;29.2;12.3
35;2021-05-16;997;61;316911;133182;29.3;12.3
35;2021-05-17;4474;3870;321385;137052;29.7;12.7
35;2021-05-18;5838;4315;327223;141367;30.2;13.1
35;2021-05-19;5866;3632;333089;144999;30.8;13.4
35;2021-05-20;6448;3992;339537;148991;31.4;13.8
35;2021-05-21;6139;4755;345676;153746;31.9;14.2
35;2021-05-22;2118;727;347794;154473;32.1;14.3
35;2021-05-23;688;46;348482;154519;32.2;14.3
35;2021-05-24;3206;1298;351688;155817;32.5;14.4
35;2021-05-25;5542;4271;357230;160088;33.0;14.8
35;2021-05-26;5720;4151;362950;164239;33.5;15.2
35;2021-05-27;6527;4750;369477;168989;34.1;15.6
35;2021-05-28;6330;5544;375807;174533;34.7;16.1
35;2021-05-29;2873;1137;378680;175670;35.0;16.2
35;2021-05-30;878;39;379558;175709;35.1;16.2
35;2021-05-31;6309;4380;385867;180089;35.7;16.6
35;2021-06-01;7365;5103;393232;185192;36.3;17.1
35;2021-06-02;7220;3789;400452;188981;37.0;17.5
35;2021-06-03;8156;4982;408608;193963;37.8;17.9
35;2021-06-04;7274;7442;415882;201405;38.4;18.6
35;2021-06-05;4138;1584;420020;202989;38.8;18.8
35;2021-06-06;3053;146;423073;203135;39.1;18.8
35;2021-06-07;5782;5773;428855;208908;39.6;19.3
35;2021-06-08;7604;5948;436459;214856;40.3;19.9
35;2021-06-09;8461;4807;444920;219663;41.1;20.3
35;2021-06-10;9346;4735;454266;224398;42.0;20.7
35;2021-06-11;8632;7461;462898;231859;42.8;21.4
35;2021-06-12;4684;1208;467582;233067;43.2;21.5
35;2021-06-13;3386;227;470968;233294;43.5;21.6
35;2021-06-14;6231;6517;477199;239811;44.1;22.2
35;2021-06-15;7505;6963;484704;246774;44.8;22.8
35;2021-06-16;8323;5623;493027;252397;45.6;23.3
35;2021-06-17;8898;5907;501925;258304;46.4;23.9
35;2021-06-18;8716;8088;510641;266392;47.2;24.6
35;2021-06-19;1504;2510;512145;268902;47.3;24.9
35;2021-06-20;2953;883;515098;269785;47.6;24.9
35;2021-06-21;5930;6373;521028;276158;48.2;25.5
35;2021-06-22;6841;7499;527869;283657;48.8;26.2
35;2021-06-23;7253;6143;535122;289800;49.5;26.8
35;2021-06-24;8367;5922;543489;295722;50.2;27.3
35;2021-06-25;6627;8478;550116;304200;50.8;28.1
35;2021-06-26;1107;3076;551223;307276;50.9;28.4
35;2021-06-27;2635;1031;553858;308307;51.2;28.5
35;2021-06-28;4298;7758;558156;316065;51.6;29.2
35;2021-06-29;5089;7970;563245;324035;52.1;29.9
35;2021-06-30;5602;7891;568847;331926;52.6;30.7
35;2021-07-01;6587;7542;575434;339468;53.2;31.4
35;2021-07-02;5331;9858;580765;349326;53.7;32.3
35;2021-07-03;1083;2839;581848;352165;53.8;32.5
35;2021-07-04;2149;1554;583997;353719;54.0;32.7
35;2021-07-05;3735;8209;587732;361928;54.3;33.4
35;2021-07-06;4787;9470;592519;371398;54.8;34.3
35;2021-07-07;5057;8316;597576;379714;55.2;35.1
35;2021-07-08;5387;8486;602963;388200;55.7;35.9
35;2021-07-09;3907;11545;606870;399745;56.1;36.9
35;2021-07-10;892;3148;607762;402893;56.2;37.2
35;2021-07-11;1300;2355;609062;405248;56.3;37.5
35;2021-07-12;3121;9145;612183;414393;56.6;38.3
35;2021-07-13;3981;10747;616164;425140;56.9;39.3
35;2021-07-14;2153;4451;618317;429591;57.1;39.7
35;2021-07-15;4293;10177;622610;439768;57.5;40.6
35;2021-07-16;4802;10998;627412;450766;58.0;41.7
35;2021-07-17;1988;4064;629400;454830;58.2;42.0
35;2021-07-18;844;2571;630244;457401;58.2;42.3
35;2021-07-19;3251;8972;633495;466373;58.5;43.1
35;2021-07-20;4244;10590;637739;476963;58.9;44.1
35;2021-07-21;4370;9386;642109;486349;59.3;44.9
35;2021-07-22;4852;9651;646961;496000;59.8;45.8
35;2021-07-23;4564;11009;651525;507009;60.2;46.9
35;2021-07-24;1587;4263;653112;511272;60.4;47.2
35;2021-07-25;815;2846;653927;514118;60.4;47.5
35;2021-07-26;3891;8734;657818;522852;60.8;48.3
35;2021-07-27;5281;9653;663099;532505;61.3;49.2
35;2021-07-28;5318;8670;668417;541175;61.8;50.0
35;2021-07-29;6114;8333;674531;549508;62.3;50.8
35;2021-07-30;5904;9084;680435;558592;62.9;51.6
35;2021-07-31;2322;3654;682757;562246;63.1;52.0
35;2021-08-01;1526;2415;684283;564661;63.2;52.2
35;2021-08-02;4757;6949;689040;571610;63.7;52.8
35;2021-08-03;6712;7581;695752;579191;64.3;53.5
35;2021-08-04;6712;6592;702464;585783;64.9;54.1
35;2021-08-05;6685;6982;709149;592765;65.5;54.8
35;2021-08-06;6068;7320;715217;600085;66.1;55.5
35;2021-08-07;2109;3151;717326;603236;66.3;55.7
35;2021-08-08;1523;2257;718849;605493;66.4;56.0
35;2021-08-09;4617;5534;723466;611027;66.9;56.5
35;2021-08-10;6565;6381;730031;617408;67.5;57.1
35;2021-08-11;6475;5865;736506;623273;68.1;57.6
35;2021-08-12;7014;5583;743520;628856;68.7;58.1
35;2021-08-13;6689;5066;750209;633922;69.3;58.6
35;2021-08-14;3049;1985;753258;635907;69.6;58.8
35;2021-08-15;2472;1261;755730;637168;69.8;58.9
35;2021-08-16;4872;5295;760602;642463;70.3;59.4
35;2021-08-17;6406;6081;767008;648544;70.9;59.9
35;2021-08-18;6487;5630;773495;654174;71.5;60.5
35;2021-08-19;6302;5764;779797;659938;72.1;61.0
35;2021-08-20;5134;6349;784931;666287;72.5;61.6
35;2021-08-21;2384;2633;787315;668920;72.8;61.8
35;2021-08-22;1765;1796;789080;670716;72.9;62.0
35;2021-08-23;3104;6012;792184;676728;73.2;62.5
35;2021-08-24;3501;7221;795685;683949;73.5;63.2
35;2021-08-25;3313;6616;798998;690565;73.8;63.8
35;2021-08-26;2640;6893;801638;697458;74.1;64.5
35;2021-08-27;2783;7260;804421;704718;74.3;65.1
35;2021-08-28;1178;2953;805599;707671;74.4;65.4
35;2021-08-29;517;1759;806116;709430;74.5;65.6
35;2021-08-30;1977;5496;808093;714926;74.7;66.1
35;2021-08-31;2388;6524;810481;721450;74.9;66.7
35;2021-09-01;1924;6095;812405;727545;75.1;67.2
35;2021-09-02;1840;6172;814245;733717;75.2;67.8
35;2021-09-03;2032;7046;816277;740763;75.4;68.5
35;2021-09-04;1130;4096;817407;744859;75.5;68.8
35;2021-09-05;516;2076;817923;746935;75.6;69.0
35;2021-09-06;1133;5010;819056;751945;75.7;69.5
35;2021-09-07;1323;5417;820379;757362;75.8;70.0
35;2021-09-08;1333;6264;821712;763626;75.9;70.6
35;2021-09-09;1257;5311;822969;768937;76.1;71.1
35;2021-09-10;1582;6593;824551;775530;76.2;71.7
35;2021-09-11;624;3899;825175;779429;76.3;72.0
35;2021-09-12;285;2373;825460;781802;76.3;72.3
35;2021-09-13;1323;4312;826783;786114;76.4;72.6
35;2021-09-14;1370;4451;828153;790565;76.5;73.1
35;2021-09-15;1224;4593;829377;795158;76.6;73.5
35;2021-09-16;1117;2844;830494;798002;76.8;73.7
35;2021-09-17;1267;3894;831761;801896;76.9;74.1
35;2021-09-18;513;2876;832274;804772;76.9;74.4
35;2021-09-19;167;1020;832441;805792;76.9;74.5
35;2021-09-20;1150;2647;833591;808439;77.0;74.7
35;2021-09-21;663;1927;834254;810366;77.1;74.9
35;2021-09-22;856;3621;835110;813987;77.2;75.2
35;2021-09-23;564;1532;835674;815519;77.2;75.4
35;2021-09-24;972;3039;836646;818558;77.3;75.6
35;2021-09-25;421;1958;837067;820516;77.4;75.8
35;2021-09-26;16;164;837083;820680;77.4;75.8
35;2021-09-27;519;1626;837602;822306;77.4;76.0
35;2021-09-28;460;1185;838062;823491;77.4;76.1
35;2021-09-29;609;1981;838671;825472;77.5;76.3
35;2021-09-30;350;834;839021;826306;77.5;76.4
35;2021-10-01;795;2158;839816;828464;77.6;76.6
35;2021-10-02;360;1134;840176;829598;77.6;76.7
35;2021-10-03;1;12;840177;829610;77.6;76.7
35;2021-10-04;513;1010;840690;830620;77.7;76.8
35;2021-10-05;432;984;841122;831604;77.7;76.9
36;2020-12-27;0;0;0;0;0.0;0.0
36;2020-12-28;0;0;0;0;0.0;0.0
36;2020-12-29;0;0;0;0;0.0;0.0
36;2020-12-30;0;0;0;0;0.0;0.0
36;2020-12-31;0;0;0;0;0.0;0.0
36;2021-01-01;0;0;0;0;0.0;0.0
36;2021-01-02;0;0;0;0;0.0;0.0
36;2021-01-03;0;0;0;0;0.0;0.0
36;2021-01-04;2;0;2;0;0.0;0.0
36;2021-01-05;0;0;2;0;0.0;0.0
36;2021-01-06;24;0;26;0;0.0;0.0
36;2021-01-07;51;0;77;0;0.0;0.0
36;2021-01-08;111;0;188;0;0.1;0.0
36;2021-01-09;84;0;272;0;0.1;0.0
36;2021-01-10;142;0;414;0;0.2;0.0
36;2021-01-11;240;1;654;1;0.3;0.0
36;2021-01-12;282;0;936;1;0.4;0.0
36;2021-01-13;198;1;1134;2;0.5;0.0
36;2021-01-14;506;3;1640;5;0.8;0.0
36;2021-01-15;179;1;1819;6;0.8;0.0
36;2021-01-16;24;1;1843;7;0.8;0.0
36;2021-01-17;19;1;1862;8;0.9;0.0
36;2021-01-18;612;3;2474;11;1.1;0.0
36;2021-01-19;1173;1;3647;12;1.7;0.0
36;2021-01-20;1102;2;4749;14;2.2;0.0
36;2021-01-21;721;1;5470;15;2.5;0.0
36;2021-01-22;858;2;6328;17;2.9;0.0
36;2021-01-23;294;0;6622;17;3.0;0.0
36;2021-01-24;185;0;6807;17;3.1;0.0
36;2021-01-25;640;4;7447;21;3.4;0.0
36;2021-01-26;609;1;8056;22;3.7;0.0
36;2021-01-27;853;19;8909;41;4.1;0.0
36;2021-01-28;478;34;9387;75;4.3;0.0
36;2021-01-29;573;88;9960;163;4.6;0.1
36;2021-01-30;288;61;10248;224;4.7;0.1
36;2021-01-31;115;116;10363;340;4.8;0.2
36;2021-02-01;379;88;10742;428;4.9;0.2
36;2021-02-02;410;167;11152;595;5.1;0.3
36;2021-02-03;473;240;11625;835;5.4;0.4
36;2021-02-04;275;246;11900;1081;5.5;0.5
36;2021-02-05;301;151;12201;1232;5.6;0.6
36;2021-02-06;1;0;12202;1232;5.6;0.6
36;2021-02-07;1;0;12203;1232;5.6;0.6
36;2021-02-08;280;198;12483;1430;5.7;0.7
36;2021-02-09;328;536;12811;1966;5.9;0.9
36;2021-02-10;489;601;13300;2567;6.1;1.2
36;2021-02-11;384;566;13684;3133;6.3;1.4
36;2021-02-12;303;356;13987;3489;6.4;1.6
36;2021-02-13;126;54;14113;3543;6.5;1.6
36;2021-02-14;22;22;14135;3565;6.5;1.6
36;2021-02-15;42;443;14177;4008;6.5;1.8
36;2021-02-16;107;309;14284;4317;6.6;2.0
36;2021-02-17;117;480;14401;4797;6.6;2.2
36;2021-02-18;161;520;14562;5317;6.7;2.4
36;2021-02-19;181;408;14743;5725;6.8;2.6
36;2021-02-20;86;194;14829;5919;6.8;2.7
36;2021-02-21;87;127;14916;6046;6.9;2.8
36;2021-02-22;162;393;15078;6439;6.9;3.0
36;2021-02-23;62;498;15140;6937;7.0;3.2
36;2021-02-24;110;558;15250;7495;7.0;3.5
36;2021-02-25;251;226;15501;7721;7.1;3.6
36;2021-02-26;339;397;15840;8118;7.3;3.7
36;2021-02-27;73;216;15913;8334;7.3;3.8
36;2021-02-28;13;79;15926;8413;7.3;3.9
36;2021-03-01;218;301;16144;8714;7.4;4.0
36;2021-03-02;352;323;16496;9037;7.6;4.2
36;2021-03-03;394;482;16890;9519;7.8;4.4
36;2021-03-04;662;326;17552;9845;8.1;4.5
36;2021-03-05;800;271;18352;10116;8.5;4.7
36;2021-03-06;410;17;18762;10133;8.6;4.7
36;2021-03-07;339;8;19101;10141;8.8;4.7
36;2021-03-08;251;290;19352;10431;8.9;4.8
36;2021-03-09;449;241;19801;10672;9.1;4.9
36;2021-03-10;724;389;20525;11061;9.5;5.1
36;2021-03-11;840;237;21365;11298;9.8;5.2
36;2021-03-12;1446;295;22811;11593;10.5;5.3
36;2021-03-13;576;124;23387;11717;10.8;5.4
36;2021-03-14;113;1;23500;11718;10.8;5.4
36;2021-03-15;648;154;24148;11872;11.1;5.5
36;2021-03-16;445;67;24593;11939;11.3;5.5
36;2021-03-17;766;90;25359;12029;11.7;5.5
36;2021-03-18;414;72;25773;12101;11.9;5.6
36;2021-03-19;737;40;26510;12141;12.2;5.6
36;2021-03-20;450;26;26960;12167;12.4;5.6
36;2021-03-21;0;0;26960;12167;12.4;5.6
36;2021-03-22;497;59;27457;12226;12.6;5.6
36;2021-03-23;777;59;28234;12285;13.0;5.7
36;2021-03-24;1089;76;29323;12361;13.5;5.7
36;2021-03-25;1337;89;30660;12450;14.1;5.7
36;2021-03-26;1419;140;32079;12590;14.8;5.8
36;2021-03-27;475;43;32554;12633;15.0;5.8
36;2021-03-28;68;56;32622;12689;15.0;5.8
36;2021-03-29;462;183;33084;12872;15.2;5.9
36;2021-03-30;583;263;33667;13135;15.5;6.0
36;2021-03-31;1262;172;34929;13307;16.1;6.1
36;2021-04-01;1086;431;36015;13738;16.6;6.3
36;2021-04-02;966;143;36981;13881;17.0;6.4
36;2021-04-03;282;176;37263;14057;17.2;6.5
36;2021-04-04;42;2;37305;14059;17.2;6.5
36;2021-04-05;15;46;37320;14105;17.2;6.5
36;2021-04-06;820;361;38140;14466;17.6;6.7
36;2021-04-07;1072;539;39212;15005;18.1;6.9
36;2021-04-08;1347;479;40559;15484;18.7;7.1
36;2021-04-09;1936;402;42495;15886;19.6;7.3
36;2021-04-10;592;243;43087;16129;19.8;7.4
36;2021-04-11;256;90;43343;16219;20.0;7.5
36;2021-04-12;848;560;44191;16779;20.4;7.7
36;2021-04-13;1140;516;45331;17295;20.9;8.0
36;2021-04-14;1582;865;46913;18160;21.6;8.4
36;2021-04-15;1654;473;48567;18633;22.4;8.6
36;2021-04-16;1485;468;50052;19101;23.1;8.8
36;2021-04-17;893;250;50945;19351;23.5;8.9
36;2021-04-18;383;7;51328;19358;23.6;8.9
36;2021-04-19;874;443;52202;19801;24.0;9.1
36;2021-04-20;1145;520;53347;20321;24.6;9.4
36;2021-04-21;1240;879;54587;21200;25.1;9.8
36;2021-04-22;1593;869;56180;22069;25.9;10.2
36;2021-04-23;1329;614;57509;22683;26.5;10.4
36;2021-04-24;677;380;58186;23063;26.8;10.6
36;2021-04-25;413;94;58599;23157;27.0;10.7
36;2021-04-26;1134;446;59733;23603;27.5;10.9
36;2021-04-27;1277;551;61010;24154;28.1;11.1
36;2021-04-28;1488;1061;62498;25215;28.8;11.6
36;2021-04-29;2016;703;64514;25918;29.7;11.9
36;2021-04-30;1553;457;66067;26375;30.4;12.1
36;2021-05-01;724;62;66791;26437;30.8;12.2
36;2021-05-02;498;64;67289;26501;31.0;12.2
36;2021-05-03;1293;314;68582;26815;31.6;12.3
36;2021-05-04;780;803;69362;27618;31.9;12.7
36;2021-05-05;1282;1303;70644;28921;32.5;13.3
36;2021-05-06;2137;795;72781;29716;33.5;13.7
36;2021-05-07;1469;766;74250;30482;34.2;14.0
36;2021-05-08;306;105;74556;30587;34.3;14.1
36;2021-05-09;174;343;74730;30930;34.4;14.2
36;2021-05-10;1216;814;75946;31744;35.0;14.6
36;2021-05-11;1725;1244;77671;32988;35.8;15.2
36;2021-05-12;1827;1484;79498;34472;36.6;15.9
36;2021-05-13;548;304;80046;34776;36.9;16.0
36;2021-05-14;701;1035;80747;35811;37.2;16.5
36;2021-05-15;635;591;81382;36402;37.5;16.8
36;2021-05-16;337;377;81719;36779;37.6;16.9
36;2021-05-17;615;943;82334;37722;37.9;17.4
36;2021-05-18;874;935;83208;38657;38.3;17.8
36;2021-05-19;1333;845;84541;39502;38.9;18.2
36;2021-05-20;1611;1200;86152;40702;39.7;18.7
36;2021-05-21;1106;1064;87258;41766;40.2;19.2
36;2021-05-22;678;342;87936;42108;40.5;19.4
36;2021-05-23;428;297;88364;42405;40.7;19.5
36;2021-05-24;506;469;88870;42874;40.9;19.7
36;2021-05-25;1045;685;89915;43559;41.4;20.1
36;2021-05-26;1472;1158;91387;44717;42.1;20.6
36;2021-05-27;1397;975;92784;45692;42.7;21.0
36;2021-05-28;921;1480;93705;47172;43.2;21.7
36;2021-05-29;700;507;94405;47679;43.5;22.0
36;2021-05-30;111;572;94516;48251;43.5;22.2
36;2021-05-31;1137;763;95653;49014;44.1;22.6
36;2021-06-01;1413;829;97066;49843;44.7;23.0
36;2021-06-02;2062;614;99128;50457;45.7;23.2
36;2021-06-03;1902;1199;101030;51656;46.5;23.8
36;2021-06-04;1772;1038;102802;52694;47.3;24.3
36;2021-06-05;693;657;103495;53351;47.7;24.6
36;2021-06-06;336;272;103831;53623;47.8;24.7
36;2021-06-07;983;806;104814;54429;48.3;25.1
36;2021-06-08;957;981;105771;55410;48.7;25.5
36;2021-06-09;1675;1061;107446;56471;49.5;26.0
36;2021-06-10;1530;1381;108976;57852;50.2;26.6
36;2021-06-11;1288;1489;110264;59341;50.8;27.3
36;2021-06-12;920;779;111184;60120;51.2;27.7
36;2021-06-13;343;269;111527;60389;51.4;27.8
36;2021-06-14;605;1268;112132;61657;51.6;28.4
36;2021-06-15;733;1215;112865;62872;52.0;29.0
36;2021-06-16;903;1519;113768;64391;52.4;29.7
36;2021-06-17;750;1899;114518;66290;52.7;30.5
36;2021-06-18;706;1878;115224;68168;53.1;31.4
36;2021-06-19;295;395;115519;68563;53.2;31.6
36;2021-06-20;235;327;115754;68890;53.3;31.7
36;2021-06-21;692;1449;116446;70339;53.6;32.4
36;2021-06-22;841;1552;117287;71891;54.0;33.1
36;2021-06-23;774;1786;118061;73677;54.4;33.9
36;2021-06-24;855;1522;118916;75199;54.8;34.6
36;2021-06-25;942;1218;119858;76417;55.2;35.2
36;2021-06-26;324;602;120182;77019;55.3;35.5
36;2021-06-27;105;267;120287;77286;55.4;35.6
36;2021-06-28;696;922;120983;78208;55.7;36.0
36;2021-06-29;688;1459;121671;79667;56.0;36.7
36;2021-06-30;836;2149;122507;81816;56.4;37.7
36;2021-07-01;353;1081;122860;82897;56.6;38.2
36;2021-07-02;749;1843;123609;84740;56.9;39.0
36;2021-07-03;465;885;124074;85625;57.1;39.4
36;2021-07-04;185;325;124259;85950;57.2;39.6
36;2021-07-05;493;1335;124752;87285;57.5;40.2
36;2021-07-06;491;1220;125243;88505;57.7;40.8
36;2021-07-07;586;1791;125829;90296;57.9;41.6
36;2021-07-08;550;1706;126379;92002;58.2;42.4
36;2021-07-09;786;1651;127165;93653;58.6;43.1
36;2021-07-10;470;1119;127635;94772;58.8;43.6
36;2021-07-11;257;154;127892;94926;58.9;43.7
36;2021-07-12;332;1628;128224;96554;59.1;44.5
36;2021-07-13;311;1936;128535;98490;59.2;45.4
36;2021-07-14;376;763;128911;99253;59.4;45.7
36;2021-07-15;917;2161;129828;101414;59.8;46.7
36;2021-07-16;628;1869;130456;103283;60.1;47.6
36;2021-07-17;400;859;130856;104142;60.3;48.0
36;2021-07-18;199;408;131055;104550;60.4;48.1
36;2021-07-19;552;1456;131607;106006;60.6;48.8
36;2021-07-20;776;1406;132383;107412;61.0;49.5
36;2021-07-21;713;1984;133096;109396;61.3;50.4
36;2021-07-22;1138;1686;134234;111082;61.8;51.2
36;2021-07-23;968;1739;135202;112821;62.3;52.0
36;2021-07-24;605;800;135807;113621;62.5;52.3
36;2021-07-25;148;404;135955;114025;62.6;52.5
36;2021-07-26;948;1085;136903;115110;63.0;53.0
36;2021-07-27;816;1355;137719;116465;63.4;53.6
36;2021-07-28;1385;1401;139104;117866;64.1;54.3
36;2021-07-29;1708;1310;140812;119176;64.8;54.9
36;2021-07-30;1445;1322;142257;120498;65.5;55.5
36;2021-07-31;933;537;143190;121035;65.9;55.7
36;2021-08-01;210;239;143400;121274;66.0;55.9
36;2021-08-02;1116;891;144516;122165;66.6;56.3
36;2021-08-03;1271;998;145787;123163;67.1;56.7
36;2021-08-04;1695;940;147482;124103;67.9;57.2
36;2021-08-05;1824;910;149306;125013;68.8;57.6
36;2021-08-06;1418;877;150724;125890;69.4;58.0
36;2021-08-07;541;526;151265;126416;69.7;58.2
36;2021-08-08;292;153;151557;126569;69.8;58.3
36;2021-08-09;818;846;152375;127415;70.2;58.7
36;2021-08-10;1067;1012;153442;128427;70.7;59.1
36;2021-08-11;1356;857;154798;129284;71.3;59.5
36;2021-08-12;1161;854;155959;130138;71.8;59.9
36;2021-08-13;1193;778;157152;130916;72.4;60.3
36;2021-08-14;426;836;157578;131752;72.6;60.7
36;2021-08-15;365;113;157943;131865;72.7;60.7
36;2021-08-16;606;954;158549;132819;73.0;61.2
36;2021-08-17;766;1001;159315;133820;73.4;61.6
36;2021-08-18;1039;1164;160354;134984;73.8;62.2
36;2021-08-19;840;1178;161194;136162;74.2;62.7
36;2021-08-20;488;1480;161682;137642;74.5;63.4
36;2021-08-21;309;468;161991;138110;74.6;63.6
36;2021-08-22;27;65;162018;138175;74.6;63.6
36;2021-08-23;551;1179;162569;139354;74.9;64.2
36;2021-08-24;589;1204;163158;140558;75.1;64.7
36;2021-08-25;466;1093;163624;141651;75.4;65.2
36;2021-08-26;666;1480;164290;143131;75.7;65.9
36;2021-08-27;529;1409;164819;144540;75.9;66.6
36;2021-08-28;368;580;165187;145120;76.1;66.8
36;2021-08-29;222;241;165409;145361;76.2;66.9
36;2021-08-30;246;748;165655;146109;76.3;67.3
36;2021-08-31;387;935;166042;147044;76.5;67.7
36;2021-09-01;388;1219;166430;148263;76.6;68.3
36;2021-09-02;323;1055;166753;149318;76.8;68.8
36;2021-09-03;297;1496;167050;150814;76.9;69.5
36;2021-09-04;248;864;167298;151678;77.0;69.9
36;2021-09-05;119;384;167417;152062;77.1;70.0
36;2021-09-06;150;1041;167567;153103;77.2;70.5
36;2021-09-07;191;855;167758;153958;77.3;70.9
36;2021-09-08;236;1304;167994;155262;77.4;71.5
36;2021-09-09;293;1010;168287;156272;77.5;72.0
36;2021-09-10;270;1141;168557;157413;77.6;72.5
36;2021-09-11;164;761;168721;158174;77.7;72.8
36;2021-09-12;82;235;168803;158409;77.7;73.0
36;2021-09-13;168;734;168971;159143;77.8;73.3
36;2021-09-14;169;791;169140;159934;77.9;73.7
36;2021-09-15;301;568;169441;160502;78.0;73.9
36;2021-09-16;248;669;169689;161171;78.1;74.2
36;2021-09-17;256;567;169945;161738;78.3;74.5
36;2021-09-18;122;427;170067;162165;78.3;74.7
36;2021-09-19;43;214;170110;162379;78.3;74.8
36;2021-09-20;131;325;170241;162704;78.4;74.9
36;2021-09-21;132;300;170373;163004;78.5;75.1
36;2021-09-22;118;674;170491;163678;78.5;75.4
36;2021-09-23;134;437;170625;164115;78.6;75.6
36;2021-09-24;128;497;170753;164612;78.6;75.8
36;2021-09-25;119;502;170872;165114;78.7;76.0
36;2021-09-26;15;318;170887;165432;78.7;76.2
36;2021-09-27;66;224;170953;165656;78.7;76.3
36;2021-09-28;69;233;171022;165889;78.8;76.4
36;2021-09-29;107;387;171129;166276;78.8;76.6
36;2021-09-30;110;252;171239;166528;78.9;76.7
36;2021-10-01;163;308;171402;166836;78.9;76.8
36;2021-10-02;43;180;171445;167016;79.0;76.9
36;2021-10-03;4;23;171449;167039;79.0;76.9
36;2021-10-04;54;195;171503;167234;79.0;77.0
36;2021-10-05;113;163;171616;167397;79.0;77.1
37;2020-12-27;1;0;1;0;0.0;0.0
37;2020-12-28;17;0;18;0;0.0;0.0
37;2020-12-29;10;0;28;0;0.0;0.0
37;2020-12-30;0;0;28;0;0.0;0.0
37;2020-12-31;0;0;28;0;0.0;0.0
37;2021-01-01;0;0;28;0;0.0;0.0
37;2021-01-02;0;0;28;0;0.0;0.0
37;2021-01-03;2;0;30;0;0.0;0.0
37;2021-01-04;23;0;53;0;0.0;0.0
37;2021-01-05;47;0;100;0;0.0;0.0
37;2021-01-06;79;0;179;0;0.0;0.0
37;2021-01-07;116;0;295;0;0.0;0.0
37;2021-01-08;442;1;737;1;0.1;0.0
37;2021-01-09;80;1;817;2;0.1;0.0
37;2021-01-10;83;0;900;2;0.1;0.0
37;2021-01-11;280;0;1180;2;0.2;0.0
37;2021-01-12;658;4;1838;6;0.3;0.0
37;2021-01-13;560;1;2398;7;0.4;0.0
37;2021-01-14;523;3;2921;10;0.5;0.0
37;2021-01-15;628;1;3549;11;0.6;0.0
37;2021-01-16;304;2;3853;13;0.6;0.0
37;2021-01-17;262;1;4115;14;0.7;0.0
37;2021-01-18;733;9;4848;23;0.8;0.0
37;2021-01-19;1244;11;6092;34;1.0;0.0
37;2021-01-20;1039;5;7131;39;1.2;0.0
37;2021-01-21;858;1;7989;40;1.3;0.0
37;2021-01-22;767;2;8756;42;1.4;0.0
37;2021-01-23;173;0;8929;42;1.5;0.0
37;2021-01-24;1;0;8930;42;1.5;0.0
37;2021-01-25;541;15;9471;57;1.6;0.0
37;2021-01-26;1814;63;11285;120;1.9;0.0
37;2021-01-27;1523;67;12808;187;2.1;0.0
37;2021-01-28;1534;87;14342;274;2.4;0.0
37;2021-01-29;634;304;14976;578;2.5;0.1
37;2021-01-30;204;53;15180;631;2.5;0.1
37;2021-01-31;15;52;15195;683;2.5;0.1
37;2021-02-01;333;182;15528;865;2.6;0.1
37;2021-02-02;523;494;16051;1359;2.7;0.2
37;2021-02-03;659;330;16710;1689;2.8;0.3
37;2021-02-04;549;385;17259;2074;2.9;0.3
37;2021-02-05;468;406;17727;2480;2.9;0.4
37;2021-02-06;189;2;17916;2482;3.0;0.4
37;2021-02-07;20;1;17936;2483;3.0;0.4
37;2021-02-08;333;279;18269;2762;3.0;0.5
37;2021-02-09;627;620;18896;3382;3.1;0.6
37;2021-02-10;664;462;19560;3844;3.2;0.6
37;2021-02-11;613;522;20173;4366;3.3;0.7
37;2021-02-12;489;514;20662;4880;3.4;0.8
37;2021-02-13;156;169;20818;5049;3.4;0.8
37;2021-02-14;2;70;20820;5119;3.4;0.8
37;2021-02-15;427;389;21247;5508;3.5;0.9
37;2021-02-16;841;1317;22088;6825;3.6;1.1
37;2021-02-17;634;1218;22722;8043;3.8;1.3
37;2021-02-18;913;1288;23635;9331;3.9;1.5
37;2021-02-19;797;729;24432;10060;4.0;1.7
37;2021-02-20;245;155;24677;10215;4.1;1.7
37;2021-02-21;5;1;24682;10216;4.1;1.7
37;2021-02-22;335;465;25017;10681;4.1;1.8
37;2021-02-23;606;491;25623;11172;4.2;1.8
37;2021-02-24;573;482;26196;11654;4.3;1.9
37;2021-02-25;875;481;27071;12135;4.5;2.0
37;2021-02-26;1118;472;28189;12607;4.7;2.1
37;2021-02-27;585;131;28774;12738;4.8;2.1
37;2021-02-28;23;0;28797;12738;4.8;2.1
37;2021-03-01;603;307;29400;13045;4.9;2.2
37;2021-03-02;1090;457;30490;13502;5.0;2.2
37;2021-03-03;972;439;31462;13941;5.2;2.3
37;2021-03-04;1608;413;33070;14354;5.5;2.4
37;2021-03-05;2131;475;35201;14829;5.8;2.4
37;2021-03-06;1165;174;36366;15003;6.0;2.5
37;2021-03-07;472;66;36838;15069;6.1;2.5
37;2021-03-08;670;361;37508;15430;6.2;2.5
37;2021-03-09;1654;621;39162;16051;6.5;2.7
37;2021-03-10;1608;681;40770;16732;6.7;2.8
37;2021-03-11;2050;641;42820;17373;7.1;2.9
37;2021-03-12;3210;458;46030;17831;7.6;2.9
37;2021-03-13;1948;180;47978;18011;7.9;3.0
37;2021-03-14;206;4;48184;18015;8.0;3.0
37;2021-03-15;1069;243;49253;18258;8.1;3.0
37;2021-03-16;1050;522;50303;18780;8.3;3.1
37;2021-03-17;937;278;51240;19058;8.5;3.1
37;2021-03-18;1036;517;52276;19575;8.6;3.2
37;2021-03-19;2219;340;54495;19915;9.0;3.3
37;2021-03-20;1334;141;55829;20056;9.2;3.3
37;2021-03-21;205;3;56034;20059;9.3;3.3
37;2021-03-22;1288;238;57322;20297;9.5;3.4
37;2021-03-23;2257;563;59579;20860;9.8;3.4
37;2021-03-24;2245;463;61824;21323;10.2;3.5
37;2021-03-25;2984;440;64808;21763;10.7;3.6
37;2021-03-26;3524;402;68332;22165;11.3;3.7
37;2021-03-27;1176;126;69508;22291;11.5;3.7
37;2021-03-28;139;1;69647;22292;11.5;3.7
37;2021-03-29;1606;344;71253;22636;11.8;3.7
37;2021-03-30;2524;618;73777;23254;12.2;3.8
37;2021-03-31;2050;482;75827;23736;12.5;3.9
37;2021-04-01;2601;966;78428;24702;13.0;4.1
37;2021-04-02;2809;667;81237;25369;13.4;4.2
37;2021-04-03;818;222;82055;25591;13.6;4.2
37;2021-04-04;104;1;82159;25592;13.6;4.2
37;2021-04-05;4;0;82163;25592;13.6;4.2
37;2021-04-06;2242;782;84405;26374;13.9;4.4
37;2021-04-07;3173;876;87578;27250;14.5;4.5
37;2021-04-08;4045;964;91623;28214;15.1;4.7
37;2021-04-09;4544;947;96167;29161;15.9;4.8
37;2021-04-10;1328;429;97495;29590;16.1;4.9
37;2021-04-11;104;1;97599;29591;16.1;4.9
37;2021-04-12;2642;676;100241;30267;16.6;5.0
37;2021-04-13;4114;1163;104355;31430;17.2;5.2
37;2021-04-14;3043;895;107398;32325;17.7;5.3
37;2021-04-15;3757;1018;111155;33343;18.4;5.5
37;2021-04-16;4358;1229;115513;34572;19.1;5.7
37;2021-04-17;1147;223;116660;34795;19.3;5.7
37;2021-04-18;97;3;116757;34798;19.3;5.7
37;2021-04-19;2481;847;119238;35645;19.7;5.9
37;2021-04-20;3233;1339;122471;36984;20.2;6.1
37;2021-04-21;2928;1155;125399;38139;20.7;6.3
37;2021-04-22;3455;1401;128854;39540;21.3;6.5
37;2021-04-23;3694;1814;132548;41354;21.9;6.8
37;2021-04-24;1007;385;133555;41739;22.1;6.9
37;2021-04-25;46;2;133601;41741;22.1;6.9
37;2021-04-26;2971;1337;136572;43078;22.6;7.1
37;2021-04-27;4186;1799;140758;44877;23.3;7.4
37;2021-04-28;3464;1951;144222;46828;23.8;7.7
37;2021-04-29;4586;2002;148808;48830;24.6;8.1
37;2021-04-30;5055;1951;153863;50781;25.4;8.4
37;2021-05-01;638;209;154501;50990;25.5;8.4
37;2021-05-02;104;15;154605;51005;25.5;8.4
37;2021-05-03;2672;1957;157277;52962;26.0;8.7
37;2021-05-04;3731;2703;161008;55665;26.6;9.2
37;2021-05-05;3498;2071;164506;57736;27.2;9.5
37;2021-05-06;4992;1945;169498;59681;28.0;9.9
37;2021-05-07;4685;2868;174183;62549;28.8;10.3
37;2021-05-08;538;312;174721;62861;28.9;10.4
37;2021-05-09;63;41;174784;62902;28.9;10.4
37;2021-05-10;2160;3480;176944;66382;29.2;11.0
37;2021-05-11;3868;3869;180812;70251;29.9;11.6
37;2021-05-12;4041;2538;184853;72789;30.5;12.0
37;2021-05-13;1139;515;185992;73304;30.7;12.1
37;2021-05-14;4046;2675;190038;75979;31.4;12.6
37;2021-05-15;2322;743;192360;76722;31.8;12.7
37;2021-05-16;22;70;192382;76792;31.8;12.7
37;2021-05-17;2765;2038;195147;78830;32.2;13.0
37;2021-05-18;3875;2359;199022;81189;32.9;13.4
37;2021-05-19;3495;1808;202517;82997;33.5;13.7
37;2021-05-20;4751;1769;207268;84766;34.2;14.0
37;2021-05-21;4525;2569;211793;87335;35.0;14.4
37;2021-05-22;1078;751;212871;88086;35.2;14.6
37;2021-05-23;73;89;212944;88175;35.2;14.6
37;2021-05-24;513;107;213457;88282;35.3;14.6
37;2021-05-25;5123;2176;218580;90458;36.1;14.9
37;2021-05-26;4930;2099;223510;92557;36.9;15.3
37;2021-05-27;5984;2355;229494;94912;37.9;15.7
37;2021-05-28;6019;3248;235513;98160;38.9;16.2
37;2021-05-29;1520;1164;237033;99324;39.2;16.4
37;2021-05-30;55;160;237088;99484;39.2;16.4
37;2021-05-31;3647;2519;240735;102003;39.8;16.8
37;2021-06-01;5841;3610;246576;105613;40.7;17.4
37;2021-06-02;5079;2450;251655;108063;41.6;17.9
37;2021-06-03;6086;2876;257741;110939;42.6;18.3
37;2021-06-04;5510;4202;263251;115141;43.5;19.0
37;2021-06-05;1853;1300;265104;116441;43.8;19.2
37;2021-06-06;49;197;265153;116638;43.8;19.3
37;2021-06-07;3021;4164;268174;120802;44.3;20.0
37;2021-06-08;4201;4644;272375;125446;45.0;20.7
37;2021-06-09;3883;3566;276258;129012;45.6;21.3
37;2021-06-10;5271;3615;281529;132627;46.5;21.9
37;2021-06-11;4972;4821;286501;137448;47.3;22.7
37;2021-06-12;3552;1347;290053;138795;47.9;22.9
37;2021-06-13;15;164;290068;138959;47.9;23.0
37;2021-06-14;2666;4032;292734;142991;48.4;23.6
37;2021-06-15;3898;4778;296632;147769;49.0;24.4
37;2021-06-16;3261;3599;299893;151368;49.5;25.0
37;2021-06-17;4013;4492;303906;155860;50.2;25.7
37;2021-06-18;4704;5068;308610;160928;51.0;26.6
37;2021-06-19;2518;1098;311128;162026;51.4;26.8
37;2021-06-20;10;183;311138;162209;51.4;26.8
37;2021-06-21;2417;3827;313555;166036;51.8;27.4
37;2021-06-22;2968;5003;316523;171039;52.3;28.3
37;2021-06-23;2625;3642;319148;174681;52.7;28.9
37;2021-06-24;2872;3540;322020;178221;53.2;29.4
37;2021-06-25;3308;4876;325328;183097;53.7;30.2
37;2021-06-26;1238;3084;326566;186181;53.9;30.8
37;2021-06-27;23;142;326589;186323;53.9;30.8
37;2021-06-28;1703;4508;328292;190831;54.2;31.5
37;2021-06-29;1904;6223;330196;197054;54.5;32.6
37;2021-06-30;1870;4441;332066;201495;54.9;33.3
37;2021-07-01;2124;4793;334190;206288;55.2;34.1
37;2021-07-02;2681;5589;336871;211877;55.6;35.0
37;2021-07-03;945;2138;337816;214015;55.8;35.4
37;2021-07-04;5;105;337821;214120;55.8;35.4
37;2021-07-05;1708;5133;339529;219253;56.1;36.2
37;2021-07-06;2003;6757;341532;226010;56.4;37.3
37;2021-07-07;1944;5465;343476;231475;56.7;38.2
37;2021-07-08;2465;6662;345941;238137;57.1;39.3
37;2021-07-09;1986;7640;347927;245777;57.5;40.6
37;2021-07-10;1016;2618;348943;248395;57.6;41.0
37;2021-07-11;26;96;348969;248491;57.6;41.0
37;2021-07-12;1130;5982;350099;254473;57.8;42.0
37;2021-07-13;1614;7815;351713;262288;58.1;43.3
37;2021-07-14;525;408;352238;262696;58.2;43.4
37;2021-07-15;2625;7498;354863;270194;58.6;44.6
37;2021-07-16;2757;7796;357620;277990;59.1;45.9
37;2021-07-17;1202;2444;358822;280434;59.3;46.3
37;2021-07-18;50;53;358872;280487;59.3;46.3
37;2021-07-19;1652;6127;360524;286614;59.6;47.3
37;2021-07-20;2906;7060;363430;293674;60.0;48.5
37;2021-07-21;2981;5783;366411;299457;60.5;49.5
37;2021-07-22;4057;6531;370468;305988;61.2;50.5
37;2021-07-23;3808;7102;374276;313090;61.8;51.7
37;2021-07-24;1775;3306;376051;316396;62.1;52.3
37;2021-07-25;66;77;376117;316473;62.1;52.3
37;2021-07-26;3236;4318;379353;320791;62.7;53.0
37;2021-07-27;4429;4960;383782;325751;63.4;53.8
37;2021-07-28;4138;3660;387920;329411;64.1;54.4
37;2021-07-29;5086;4196;393006;333607;64.9;55.1
37;2021-07-30;5247;4937;398253;338544;65.8;55.9
37;2021-07-31;1920;1845;400173;340389;66.1;56.2
37;2021-08-01;31;52;400204;340441;66.1;56.2
37;2021-08-02;3292;3291;403496;343732;66.7;56.8
37;2021-08-03;5262;3144;408758;346876;67.5;57.3
37;2021-08-04;4559;1925;413317;348801;68.3;57.6
37;2021-08-05;4788;2600;418105;351401;69.1;58.0
37;2021-08-06;4852;3305;422957;354706;69.9;58.6
37;2021-08-07;1626;1125;424583;355831;70.1;58.8
37;2021-08-08;34;177;424617;356008;70.1;58.8
37;2021-08-09;2435;2259;427052;358267;70.5;59.2
37;2021-08-10;3027;2639;430079;360906;71.0;59.6
37;2021-08-11;2099;2108;432178;363014;71.4;60.0
37;2021-08-12;2613;2692;434791;365706;71.8;60.4
37;2021-08-13;2484;2776;437275;368482;72.2;60.9
37;2021-08-14;755;814;438030;369296;72.4;61.0
37;2021-08-15;12;57;438042;369353;72.4;61.0
37;2021-08-16;1465;3160;439507;372513;72.6;61.5
37;2021-08-17;1795;3973;441302;376486;72.9;62.2
37;2021-08-18;1398;3141;442700;379627;73.1;62.7
37;2021-08-19;1598;3842;444298;383469;73.4;63.3
37;2021-08-20;1598;4553;445896;388022;73.7;64.1
37;2021-08-21;610;1201;446506;389223;73.8;64.3
37;2021-08-22;3;31;446509;389254;73.8;64.3
37;2021-08-23;1291;3985;447800;393239;74.0;65.0
37;2021-08-24;1541;4851;449341;398090;74.2;65.8
37;2021-08-25;1053;4223;450394;402313;74.4;66.5
37;2021-08-26;1278;4513;451672;406826;74.6;67.2
37;2021-08-27;1454;5663;453126;412489;74.8;68.1
37;2021-08-28;408;1462;453534;413951;74.9;68.4
37;2021-08-29;1;18;453535;413969;74.9;68.4
37;2021-08-30;1076;3945;454611;417914;75.1;69.0
37;2021-08-31;1280;3831;455891;421745;75.3;69.7
37;2021-09-01;977;2688;456868;424433;75.5;70.1
37;2021-09-02;896;2810;457764;427243;75.6;70.6
37;2021-09-03;1046;3961;458810;431204;75.8;71.2
37;2021-09-04;667;1464;459477;432668;75.9;71.5
37;2021-09-05;1;30;459478;432698;75.9;71.5
37;2021-09-06;377;1314;459855;434012;76.0;71.7
37;2021-09-07;536;1508;460391;435520;76.0;71.9
37;2021-09-08;819;2083;461210;437603;76.2;72.3
37;2021-09-09;556;1537;461766;439140;76.3;72.5
37;2021-09-10;814;1911;462580;441051;76.4;72.9
37;2021-09-11;398;1008;462978;442059;76.5;73.0
37;2021-09-12;15;24;462993;442083;76.5;73.0
37;2021-09-13;450;1405;463443;443488;76.6;73.3
37;2021-09-14;508;1520;463951;445008;76.6;73.5
37;2021-09-15;622;1478;464573;446486;76.7;73.8
37;2021-09-16;352;770;464925;447256;76.8;73.9
37;2021-09-17;633;1468;465558;448724;76.9;74.1
37;2021-09-18;306;841;465864;449565;77.0;74.3
37;2021-09-19;16;42;465880;449607;77.0;74.3
37;2021-09-20;270;681;466150;450288;77.0;74.4
37;2021-09-21;438;1323;466588;451611;77.1;74.6
37;2021-09-22;426;1288;467014;452899;77.1;74.8
37;2021-09-23;427;1046;467441;453945;77.2;75.0
37;2021-09-24;501;1405;467942;455350;77.3;75.2
37;2021-09-25;231;769;468173;456119;77.3;75.3
37;2021-09-26;1;22;468174;456141;77.3;75.3
37;2021-09-27;288;692;468462;456833;77.4;75.5
37;2021-09-28;396;661;468858;457494;77.4;75.6
37;2021-09-29;366;940;469224;458434;77.5;75.7
37;2021-09-30;371;494;469595;458928;77.6;75.8
37;2021-10-01;438;803;470033;459731;77.6;75.9
37;2021-10-02;222;559;470255;460290;77.7;76.0
37;2021-10-03;19;22;470274;460312;77.7;76.0
37;2021-10-04;259;519;470533;460831;77.7;76.1
37;2021-10-05;317;432;470850;461263;77.8;76.2
38;2020-12-27;1;0;1;0;0.0;0.0
38;2020-12-28;1;0;2;0;0.0;0.0
38;2020-12-29;0;0;2;0;0.0;0.0
38;2020-12-30;2;0;4;0;0.0;0.0
38;2020-12-31;5;0;9;0;0.0;0.0
38;2021-01-01;4;0;13;0;0.0;0.0
38;2021-01-02;1;0;14;0;0.0;0.0
38;2021-01-03;3;0;17;0;0.0;0.0
38;2021-01-04;163;0;180;0;0.0;0.0
38;2021-01-05;258;1;438;1;0.0;0.0
38;2021-01-06;364;0;802;1;0.1;0.0
38;2021-01-07;636;1;1438;2;0.1;0.0
38;2021-01-08;695;0;2133;2;0.2;0.0
38;2021-01-09;30;0;2163;2;0.2;0.0
38;2021-01-10;2;0;2165;2;0.2;0.0
38;2021-01-11;801;1;2966;3;0.2;0.0
38;2021-01-12;1471;4;4437;7;0.4;0.0
38;2021-01-13;1084;5;5521;12;0.4;0.0
38;2021-01-14;1682;12;7203;24;0.6;0.0
38;2021-01-15;1675;7;8878;31;0.7;0.0
38;2021-01-16;307;1;9185;32;0.7;0.0
38;2021-01-17;3;0;9188;32;0.7;0.0
38;2021-01-18;1178;3;10366;35;0.8;0.0
38;2021-01-19;2242;5;12608;40;1.0;0.0
38;2021-01-20;1889;4;14497;44;1.1;0.0
38;2021-01-21;1644;7;16141;51;1.3;0.0
38;2021-01-22;1401;8;17542;59;1.4;0.0
38;2021-01-23;379;3;17921;62;1.4;0.0
38;2021-01-24;1;0;17922;62;1.4;0.0
38;2021-01-25;795;86;18717;148;1.5;0.0
38;2021-01-26;855;143;19572;291;1.5;0.0
38;2021-01-27;1093;230;20665;521;1.6;0.0
38;2021-01-28;1175;431;21840;952;1.7;0.1
38;2021-01-29;953;341;22793;1293;1.8;0.1
38;2021-01-30;304;0;23097;1293;1.8;0.1
38;2021-01-31;0;0;23097;1293;1.8;0.1
38;2021-02-01;703;550;23800;1843;1.9;0.1
38;2021-02-02;964;886;24764;2729;2.0;0.2
38;2021-02-03;1230;606;25994;3335;2.1;0.3
38;2021-02-04;1278;869;27272;4204;2.2;0.3
38;2021-02-05;1400;813;28672;5017;2.3;0.4
38;2021-02-06;188;80;28860;5097;2.3;0.4
38;2021-02-07;3;47;28863;5144;2.3;0.4
38;2021-02-08;862;643;29725;5787;2.3;0.5
38;2021-02-09;1537;1160;31262;6947;2.5;0.5
38;2021-02-10;1581;1152;32843;8099;2.6;0.6
38;2021-02-11;1871;1018;34714;9117;2.7;0.7
38;2021-02-12;1509;976;36223;10093;2.9;0.8
38;2021-02-13;467;164;36690;10257;2.9;0.8
38;2021-02-14;1;3;36691;10260;2.9;0.8
38;2021-02-15;976;749;37667;11009;3.0;0.9
38;2021-02-16;1379;801;39046;11810;3.1;0.9
38;2021-02-17;1376;872;40422;12682;3.2;1.0
38;2021-02-18;1791;899;42213;13581;3.3;1.1
38;2021-02-19;1255;680;43468;14261;3.4;1.1
38;2021-02-20;470;238;43938;14499;3.5;1.1
38;2021-02-21;1;0;43939;14499;3.5;1.1
38;2021-02-22;1075;708;45014;15207;3.6;1.2
38;2021-02-23;1542;799;46556;16006;3.7;1.3
38;2021-02-24;1741;972;48297;16978;3.8;1.3
38;2021-02-25;2500;889;50797;17867;4.0;1.4
38;2021-02-26;3311;838;54108;18705;4.3;1.5
38;2021-02-27;1511;352;55619;19057;4.4;1.5
38;2021-02-28;33;2;55652;19059;4.4;1.5
38;2021-03-01;2512;680;58164;19739;4.6;1.6
38;2021-03-02;4048;977;62212;20716;4.9;1.6
38;2021-03-03;3368;1128;65580;21844;5.2;1.7
38;2021-03-04;4489;1293;70069;23137;5.5;1.8
38;2021-03-05;5233;1080;75302;24217;6.0;1.9
38;2021-03-06;3042;261;78344;24478;6.2;1.9
38;2021-03-07;115;2;78459;24480;6.2;1.9
38;2021-03-08;2440;791;80899;25271;6.4;2.0
38;2021-03-09;4029;1204;84928;26475;6.7;2.1
38;2021-03-10;3508;996;88436;27471;7.0;2.2
38;2021-03-11;5142;1448;93578;28919;7.4;2.3
38;2021-03-12;7095;1128;100673;30047;8.0;2.4
38;2021-03-13;3771;224;104444;30271;8.3;2.4
38;2021-03-14;544;15;104988;30286;8.3;2.4
38;2021-03-15;2702;981;107690;31267;8.5;2.5
38;2021-03-16;2081;1273;109771;32540;8.7;2.6
38;2021-03-17;2024;1179;111795;33719;8.8;2.7
38;2021-03-18;2641;1340;114436;35059;9.0;2.8
38;2021-03-19;4009;1036;118445;36095;9.4;2.9
38;2021-03-20;1826;243;120271;36338;9.5;2.9
38;2021-03-21;132;8;120403;36346;9.5;2.9
38;2021-03-22;2866;984;123269;37330;9.7;3.0
38;2021-03-23;4780;1471;128049;38801;10.1;3.1
38;2021-03-24;3708;1539;131757;40340;10.4;3.2
38;2021-03-25;5791;1534;137548;41874;10.9;3.3
38;2021-03-26;6599;1736;144147;43610;11.4;3.4
38;2021-03-27;2513;756;146660;44366;11.6;3.5
38;2021-03-28;926;48;147586;44414;11.7;3.5
38;2021-03-29;2679;1835;150265;46249;11.9;3.7
38;2021-03-30;4564;2530;154829;48779;12.2;3.9
38;2021-03-31;3665;2218;158494;50997;12.5;4.0
38;2021-04-01;5136;2521;163630;53518;12.9;4.2
38;2021-04-02;3873;2517;167503;56035;13.2;4.4
38;2021-04-03;1418;938;168921;56973;13.4;4.5
38;2021-04-04;430;46;169351;57019;13.4;4.5
38;2021-04-05;2177;347;171528;57366;13.6;4.5
38;2021-04-06;4346;2399;175874;59765;13.9;4.7
38;2021-04-07;4415;2732;180289;62497;14.3;4.9
38;2021-04-08;5651;2665;185940;65162;14.7;5.2
38;2021-04-09;8562;2730;194502;67892;15.4;5.4
38;2021-04-10;3597;1479;198099;69371;15.7;5.5
38;2021-04-11;1048;100;199147;69471;15.7;5.5
38;2021-04-12;4203;2250;203350;71721;16.1;5.7
38;2021-04-13;6123;2469;209473;74190;16.6;5.9
38;2021-04-14;5117;2457;214590;76647;17.0;6.1
38;2021-04-15;6362;2768;220952;79415;17.5;6.3
38;2021-04-16;6213;2705;227165;82120;18.0;6.5
38;2021-04-17;2588;993;229753;83113;18.2;6.6
38;2021-04-18;1331;72;231084;83185;18.3;6.6
38;2021-04-19;3949;2836;235033;86021;18.6;6.8
38;2021-04-20;5425;2854;240458;88875;19.0;7.0
38;2021-04-21;4976;2705;245434;91580;19.4;7.2
38;2021-04-22;5790;2830;251224;94410;19.9;7.5
38;2021-04-23;6040;2821;257264;97231;20.3;7.7
38;2021-04-24;2665;1350;259929;98581;20.5;7.8
38;2021-04-25;805;590;260734;99171;20.6;7.8
38;2021-04-26;4487;2475;265221;101646;21.0;8.0
38;2021-04-27;6040;2719;271261;104365;21.4;8.3
38;2021-04-28;6198;2505;277459;106870;21.9;8.4
38;2021-04-29;8332;3064;285791;109934;22.6;8.7
38;2021-04-30;7674;4042;293465;113976;23.2;9.0
38;2021-05-01;1546;195;295011;114171;23.3;9.0
38;2021-05-02;847;74;295858;114245;23.4;9.0
38;2021-05-03;5300;3588;301158;117833;23.8;9.3
38;2021-05-04;6201;5082;307359;122915;24.3;9.7
38;2021-05-05;6067;4602;313426;127517;24.8;10.1
38;2021-05-06;6708;5328;320134;132845;25.3;10.5
38;2021-05-07;7284;6437;327418;139282;25.9;11.0
38;2021-05-08;3778;721;331196;140003;26.2;11.1
38;2021-05-09;2853;1931;334049;141934;26.4;11.2
38;2021-05-10;6157;5302;340206;147236;26.9;11.6
38;2021-05-11;8226;6016;348432;153252;27.5;12.1
38;2021-05-12;9044;4704;357476;157956;28.3;12.5
38;2021-05-13;6635;1417;364111;159373;28.8;12.6
38;2021-05-14;9566;3422;373677;162795;29.5;12.9
38;2021-05-15;6864;1450;380541;164245;30.1;13.0
38;2021-05-16;5474;650;386015;164895;30.5;13.0
38;2021-05-17;7671;3002;393686;167897;31.1;13.3
38;2021-05-18;8622;4032;402308;171929;31.8;13.6
38;2021-05-19;8157;3348;410465;175277;32.4;13.9
38;2021-05-20;8978;4492;419443;179769;33.2;14.2
38;2021-05-21;9960;4584;429403;184353;33.9;14.6
38;2021-05-22;7457;1907;436860;186260;34.5;14.7
38;2021-05-23;5589;580;442449;186840;35.0;14.8
38;2021-05-24;7503;1626;449952;188466;35.6;14.9
38;2021-05-25;9544;4850;459496;193316;36.3;15.3
38;2021-05-26;8126;4725;467622;198041;37.0;15.7
38;2021-05-27;9134;5657;476756;203698;37.7;16.1
38;2021-05-28;8786;6483;485542;210181;38.4;16.6
38;2021-05-29;5821;3246;491363;213427;38.8;16.9
38;2021-05-30;2695;1593;494058;215020;39.1;17.0
38;2021-05-31;8271;5131;502329;220151;39.7;17.4
38;2021-06-01;7964;6423;510293;226574;40.3;17.9
38;2021-06-02;7141;5615;517434;232189;40.9;18.4
38;2021-06-03;7393;6822;524827;239011;41.5;18.9
38;2021-06-04;8130;7610;532957;246621;42.1;19.5
38;2021-06-05;5794;3946;538751;250567;42.6;19.8
38;2021-06-06;2509;1463;541260;252030;42.8;19.9
38;2021-06-07;5554;6864;546814;258894;43.2;20.5
38;2021-06-08;5879;7523;552693;266417;43.7;21.1
38;2021-06-09;5048;6465;557741;272882;44.1;21.6
38;2021-06-10;5427;6789;563168;279671;44.5;22.1
38;2021-06-11;5888;7783;569056;287454;45.0;22.7
38;2021-06-12;3945;3259;573001;290713;45.3;23.0
38;2021-06-13;1256;1299;574257;292012;45.4;23.1
38;2021-06-14;3868;7661;578125;299673;45.7;23.7
38;2021-06-15;5234;8145;583359;307818;46.1;24.3
38;2021-06-16;5125;7402;588484;315220;46.5;24.9
38;2021-06-17;4523;7057;593007;322277;46.9;25.5
38;2021-06-18;6163;9227;599170;331504;47.4;26.2
38;2021-06-19;3596;4971;602766;336475;47.7;26.6
38;2021-06-20;1038;2901;603804;339376;47.7;26.8
38;2021-06-21;3748;8709;607552;348085;48.0;27.5
38;2021-06-22;3791;10104;611343;358189;48.3;28.3
38;2021-06-23;3155;9544;614498;367733;48.6;29.1
38;2021-06-24;3380;8587;617878;376320;48.8;29.7
38;2021-06-25;3786;11486;621664;387806;49.1;30.7
38;2021-06-26;2229;7851;623893;395657;49.3;31.3
38;2021-06-27;1098;4356;624991;400013;49.4;31.6
38;2021-06-28;2952;10302;627943;410315;49.6;32.4
38;2021-06-29;3784;10450;631727;420765;49.9;33.3
38;2021-06-30;4061;9943;635788;430708;50.3;34.0
38;2021-07-01;3547;9007;639335;439715;50.5;34.8
38;2021-07-02;3726;11616;643061;451331;50.8;35.7
38;2021-07-03;1739;8785;644800;460116;51.0;36.4
38;2021-07-04;1243;3209;646043;463325;51.1;36.6
38;2021-07-05;3058;10543;649101;473868;51.3;37.5
38;2021-07-06;3460;10235;652561;484103;51.6;38.3
38;2021-07-07;3569;9399;656130;493502;51.9;39.0
38;2021-07-08;3548;8221;659678;501723;52.1;39.7
38;2021-07-09;3897;10738;663575;512461;52.5;40.5
38;2021-07-10;2405;7801;665980;520262;52.6;41.1
38;2021-07-11;777;2030;666757;522292;52.7;41.3
38;2021-07-12;3483;10676;670240;532968;53.0;42.1
38;2021-07-13;6601;10932;676841;543900;53.5;43.0
38;2021-07-14;4670;3331;681511;547231;53.9;43.3
38;2021-07-15;8733;9667;690244;556898;54.6;44.0
38;2021-07-16;8759;10701;699003;567599;55.3;44.9
38;2021-07-17;4739;7485;703742;575084;55.6;45.5
38;2021-07-18;2570;2488;706312;577572;55.8;45.7
38;2021-07-19;5824;9220;712136;586792;56.3;46.4
38;2021-07-20;6289;8303;718425;595095;56.8;47.0
38;2021-07-21;7864;8027;726289;603122;57.4;47.7
38;2021-07-22;7598;6995;733887;610117;58.0;48.2
38;2021-07-23;8942;9043;742829;619160;58.7;48.9
38;2021-07-24;5577;5535;748406;624695;59.2;49.4
38;2021-07-25;2869;1654;751275;626349;59.4;49.5
38;2021-07-26;7869;7500;759144;633849;60.0;50.1
38;2021-07-27;7627;6274;766771;640123;60.6;50.6
38;2021-07-28;8621;5711;775392;645834;61.3;51.1
38;2021-07-29;7685;4682;783077;650516;61.9;51.4
38;2021-07-30;7810;6665;790887;657181;62.5;52.0
38;2021-07-31;4359;3604;795246;660785;62.9;52.2
38;2021-08-01;1298;1084;796544;661869;63.0;52.3
38;2021-08-02;3939;4453;800483;666322;63.3;52.7
38;2021-08-03;4590;4555;805073;670877;63.6;53.0
38;2021-08-04;4637;4354;809710;675231;64.0;53.4
38;2021-08-05;3741;4641;813451;679872;64.3;53.7
38;2021-08-06;4159;5949;817610;685821;64.6;54.2
38;2021-08-07;2319;3532;819929;689353;64.8;54.5
38;2021-08-08;791;2015;820720;691368;64.9;54.7
38;2021-08-09;3606;5576;824326;696944;65.2;55.1
38;2021-08-10;4907;6254;829233;703198;65.6;55.6
38;2021-08-11;3972;4665;833205;707863;65.9;56.0
38;2021-08-12;3394;4607;836599;712470;66.1;56.3
38;2021-08-13;4201;6033;840800;718503;66.5;56.8
38;2021-08-14;1785;4019;842585;722522;66.6;57.1
38;2021-08-15;538;1917;843123;724439;66.7;57.3
38;2021-08-16;2979;7924;846102;732363;66.9;57.9
38;2021-08-17;3445;5962;849547;738325;67.2;58.4
38;2021-08-18;2996;7140;852543;745465;67.4;58.9
38;2021-08-19;2614;4829;855157;750294;67.6;59.3
38;2021-08-20;2909;8429;858066;758723;67.8;60.0
38;2021-08-21;1206;5014;859272;763737;67.9;60.4
38;2021-08-22;509;1510;859781;765247;68.0;60.5
38;2021-08-23;2591;7627;862372;772874;68.2;61.1
38;2021-08-24;2568;5329;864940;778203;68.4;61.5
38;2021-08-25;2617;5876;867557;784079;68.6;62.0
38;2021-08-26;2280;4244;869837;788323;68.8;62.3
38;2021-08-27;2506;5931;872343;794254;69.0;62.8
38;2021-08-28;1423;3688;873766;797942;69.1;63.1
38;2021-08-29;376;1084;874142;799026;69.1;63.2
38;2021-08-30;2332;5783;876474;804809;69.3;63.6
38;2021-08-31;2220;4730;878694;809539;69.5;64.0
38;2021-09-01;2209;4376;880903;813915;69.6;64.3
38;2021-09-02;1669;3385;882572;817300;69.8;64.6
38;2021-09-03;2026;5074;884598;822374;69.9;65.0
38;2021-09-04;1153;2825;885751;825199;70.0;65.2
38;2021-09-05;391;724;886142;825923;70.1;65.3
38;2021-09-06;1194;3416;887336;829339;70.1;65.6
38;2021-09-07;1302;3374;888638;832713;70.2;65.8
38;2021-09-08;1725;3655;890363;836368;70.4;66.1
38;2021-09-09;1120;2360;891483;838728;70.5;66.3
38;2021-09-10;1591;3911;893074;842639;70.6;66.6
38;2021-09-11;1040;2396;894114;845035;70.7;66.8
38;2021-09-12;215;548;894329;845583;70.7;66.8
38;2021-09-13;908;2789;895237;848372;70.8;67.1
38;2021-09-14;914;2615;896151;850987;70.8;67.3
38;2021-09-15;1305;2761;897456;853748;70.9;67.5
38;2021-09-16;680;1553;898136;855301;71.0;67.6
38;2021-09-17;891;2501;899027;857802;71.1;67.8
38;2021-09-18;705;2220;899732;860022;71.1;68.0
38;2021-09-19;101;372;899833;860394;71.1;68.0
38;2021-09-20;598;1720;900431;862114;71.2;68.2
38;2021-09-21;491;1399;900922;863513;71.2;68.3
38;2021-09-22;688;2733;901610;866246;71.3;68.5
38;2021-09-23;446;1397;902056;867643;71.3;68.6
38;2021-09-24;772;2195;902828;869838;71.4;68.8
38;2021-09-25;493;1935;903321;871773;71.4;68.9
38;2021-09-26;94;378;903415;872151;71.4;68.9
38;2021-09-27;428;1228;903843;873379;71.5;69.0
38;2021-09-28;507;1116;904350;874495;71.5;69.1
38;2021-09-29;680;1905;905030;876400;71.5;69.3
38;2021-09-30;443;825;905473;877225;71.6;69.3
38;2021-10-01;606;1413;906079;878638;71.6;69.5
38;2021-10-02;481;1160;906560;879798;71.7;69.6
38;2021-10-03;94;193;906654;879991;71.7;69.6
38;2021-10-04;457;951;907111;880942;71.7;69.6
38;2021-10-05;399;868;907510;881810;71.7;69.7
39;2020-12-27;0;0;0;0;0.0;0.0
39;2020-12-28;0;0;0;0;0.0;0.0
39;2020-12-29;0;0;0;0;0.0;0.0
39;2020-12-30;0;0;0;0;0.0;0.0
39;2020-12-31;0;0;0;0;0.0;0.0
39;2021-01-01;0;0;0;0;0.0;0.0
39;2021-01-02;0;0;0;0;0.0;0.0
39;2021-01-03;0;0;0;0;0.0;0.0
39;2021-01-04;3;0;3;0;0.0;0.0
39;2021-01-05;3;0;6;0;0.0;0.0
39;2021-01-06;57;3;63;3;0.0;0.0
39;2021-01-07;333;2;396;5;0.2;0.0
39;2021-01-08;657;2;1053;7;0.4;0.0
39;2021-01-09;169;0;1222;7;0.5;0.0
39;2021-01-10;1;0;1223;7;0.5;0.0
39;2021-01-11;474;1;1697;8;0.7;0.0
39;2021-01-12;431;1;2128;9;0.8;0.0
39;2021-01-13;408;2;2536;11;1.0;0.0
39;2021-01-14;575;3;3111;14;1.2;0.0
39;2021-01-15;471;1;3582;15;1.4;0.0
39;2021-01-16;141;1;3723;16;1.4;0.0
39;2021-01-17;0;1;3723;17;1.4;0.0
39;2021-01-18;924;7;4647;24;1.8;0.0
39;2021-01-19;1181;6;5828;30;2.3;0.0
39;2021-01-20;905;4;6733;34;2.6;0.0
39;2021-01-21;1179;2;7912;36;3.1;0.0
39;2021-01-22;985;2;8897;38;3.5;0.0
39;2021-01-23;383;1;9280;39;3.6;0.0
39;2021-01-24;0;0;9280;39;3.6;0.0
39;2021-01-25;642;2;9922;41;3.8;0.0
39;2021-01-26;1123;11;11045;52;4.3;0.0
39;2021-01-27;928;16;11973;68;4.6;0.0
39;2021-01-28;741;232;12714;300;4.9;0.1
39;2021-01-29;583;410;13297;710;5.2;0.3
39;2021-01-30;265;104;13562;814;5.3;0.3
39;2021-01-31;1;0;13563;814;5.3;0.3
39;2021-02-01;562;251;14125;1065;5.5;0.4
39;2021-02-02;753;278;14878;1343;5.8;0.5
39;2021-02-03;531;497;15409;1840;6.0;0.7
39;2021-02-04;554;429;15963;2269;6.2;0.9
39;2021-02-05;437;403;16400;2672;6.4;1.0
39;2021-02-06;265;107;16665;2779;6.5;1.1
39;2021-02-07;0;1;16665;2780;6.5;1.1
39;2021-02-08;321;345;16986;3125;6.6;1.2
39;2021-02-09;383;463;17369;3588;6.7;1.4
39;2021-02-10;253;315;17622;3903;6.8;1.5
39;2021-02-11;587;499;18209;4402;7.1;1.7
39;2021-02-12;385;412;18594;4814;7.2;1.9
39;2021-02-13;99;62;18693;4876;7.2;1.9
39;2021-02-14;0;0;18693;4876;7.2;1.9
39;2021-02-15;99;663;18792;5539;7.3;2.1
39;2021-02-16;99;845;18891;6384;7.3;2.5
39;2021-02-17;58;630;18949;7014;7.3;2.7
39;2021-02-18;109;785;19058;7799;7.4;3.0
39;2021-02-19;100;438;19158;8237;7.4;3.2
39;2021-02-20;18;336;19176;8573;7.4;3.3
39;2021-02-21;0;0;19176;8573;7.4;3.3
39;2021-02-22;100;667;19276;9240;7.5;3.6
39;2021-02-23;4;716;19280;9956;7.5;3.9
39;2021-02-24;125;789;19405;10745;7.5;4.2
39;2021-02-25;214;698;19619;11443;7.6;4.4
39;2021-02-26;218;437;19837;11880;7.7;4.6
39;2021-02-27;169;264;20006;12144;7.8;4.7
39;2021-02-28;1;0;20007;12144;7.8;4.7
39;2021-03-01;218;606;20225;12750;7.8;4.9
39;2021-03-02;329;790;20554;13540;8.0;5.3
39;2021-03-03;602;513;21156;14053;8.2;5.5
39;2021-03-04;658;444;21814;14497;8.5;5.6
39;2021-03-05;670;307;22484;14804;8.7;5.7
39;2021-03-06;775;229;23259;15033;9.0;5.8
39;2021-03-07;242;84;23501;15117;9.1;5.9
39;2021-03-08;285;438;23786;15555;9.2;6.0
39;2021-03-09;844;448;24630;16003;9.6;6.2
39;2021-03-10;985;333;25615;16336;9.9;6.3
39;2021-03-11;829;450;26444;16786;10.3;6.5
39;2021-03-12;805;280;27249;17066;10.6;6.6
39;2021-03-13;789;103;28038;17169;10.9;6.7
39;2021-03-14;35;10;28073;17179;10.9;6.7
39;2021-03-15;513;107;28586;17286;11.1;6.7
39;2021-03-16;555;68;29141;17354;11.3;6.7
39;2021-03-17;611;56;29752;17410;11.5;6.8
39;2021-03-18;600;71;30352;17481;11.8;6.8
39;2021-03-19;393;68;30745;17549;11.9;6.8
39;2021-03-20;312;12;31057;17561;12.0;6.8
39;2021-03-21;3;0;31060;17561;12.0;6.8
39;2021-03-22;755;115;31815;17676;12.3;6.9
39;2021-03-23;1129;44;32944;17720;12.8;6.9
39;2021-03-24;1179;99;34123;17819;13.2;6.9
39;2021-03-25;2042;135;36165;17954;14.0;7.0
39;2021-03-26;797;115;36962;18069;14.3;7.0
39;2021-03-27;345;7;37307;18076;14.5;7.0
39;2021-03-28;36;4;37343;18080;14.5;7.0
39;2021-03-29;1036;194;38379;18274;14.9;7.1
39;2021-03-30;1400;268;39779;18542;15.4;7.2
39;2021-03-31;658;527;40437;19069;15.7;7.4
39;2021-04-01;1310;317;41747;19386;16.2;7.5
39;2021-04-02;626;129;42373;19515;16.4;7.6
39;2021-04-03;180;8;42553;19523;16.5;7.6
39;2021-04-04;4;1;42557;19524;16.5;7.6
39;2021-04-05;1;0;42558;19524;16.5;7.6
39;2021-04-06;824;634;43382;20158;16.8;7.8
39;2021-04-07;1133;680;44515;20838;17.3;8.1
39;2021-04-08;1790;580;46305;21418;18.0;8.3
39;2021-04-09;1675;293;47980;21711;18.6;8.4
39;2021-04-10;347;187;48327;21898;18.7;8.5
39;2021-04-11;2;0;48329;21898;18.7;8.5
39;2021-04-12;680;398;49009;22296;19.0;8.6
39;2021-04-13;1200;579;50209;22875;19.5;8.9
39;2021-04-14;845;640;51054;23515;19.8;9.1
39;2021-04-15;1479;722;52533;24237;20.4;9.4
39;2021-04-16;1090;176;53623;24413;20.8;9.5
39;2021-04-17;197;61;53820;24474;20.9;9.5
39;2021-04-18;0;0;53820;24474;20.9;9.5
39;2021-04-19;523;696;54343;25170;21.1;9.8
39;2021-04-20;766;547;55109;25717;21.4;10.0
39;2021-04-21;1143;723;56252;26440;21.8;10.3
39;2021-04-22;1012;1129;57264;27569;22.2;10.7
39;2021-04-23;457;364;57721;27933;22.4;10.8
39;2021-04-24;275;149;57996;28082;22.5;10.9
39;2021-04-25;12;3;58008;28085;22.5;10.9
39;2021-04-26;568;1040;58576;29125;22.7;11.3
39;2021-04-27;788;983;59364;30108;23.0;11.7
39;2021-04-28;1720;418;61084;30526;23.7;11.8
39;2021-04-29;2570;972;63654;31498;24.7;12.2
39;2021-04-30;2473;392;66127;31890;25.6;12.4
39;2021-05-01;41;53;66168;31943;25.7;12.4
39;2021-05-02;0;0;66168;31943;25.7;12.4
39;2021-05-03;917;811;67085;32754;26.0;12.7
39;2021-05-04;948;1122;68033;33876;26.4;13.1
39;2021-05-05;1954;882;69987;34758;27.1;13.5
39;2021-05-06;2424;1343;72411;36101;28.1;14.0
39;2021-05-07;1286;573;73697;36674;28.6;14.2
39;2021-05-08;179;55;73876;36729;28.7;14.2
39;2021-05-09;10;8;73886;36737;28.7;14.2
39;2021-05-10;1762;850;75648;37587;29.3;14.6
39;2021-05-11;1774;1514;77422;39101;30.0;15.2
39;2021-05-12;1810;1493;79232;40594;30.7;15.7
39;2021-05-13;246;23;79478;40617;30.8;15.8
39;2021-05-14;2392;335;81870;40952;31.8;15.9
39;2021-05-15;1848;255;83718;41207;32.5;16.0
39;2021-05-16;0;0;83718;41207;32.5;16.0
39;2021-05-17;1986;726;85704;41933;33.2;16.3
39;2021-05-18;1690;1180;87394;43113;33.9;16.7
39;2021-05-19;2496;555;89890;43668;34.9;16.9
39;2021-05-20;2465;756;92355;44424;35.8;17.2
39;2021-05-21;1800;561;94155;44985;36.5;17.4
39;2021-05-22;322;218;94477;45203;36.6;17.5
39;2021-05-23;8;36;94485;45239;36.6;17.5
39;2021-05-24;8;28;94493;45267;36.6;17.6
39;2021-05-25;1725;1197;96218;46464;37.3;18.0
39;2021-05-26;1643;1376;97861;47840;38.0;18.6
39;2021-05-27;1485;1623;99346;49463;38.5;19.2
39;2021-05-28;856;1219;100202;50682;38.9;19.7
39;2021-05-29;261;273;100463;50955;39.0;19.8
39;2021-05-30;2;40;100465;50995;39.0;19.8
39;2021-05-31;1625;1245;102090;52240;39.6;20.3
39;2021-06-01;1893;1321;103983;53561;40.3;20.8
39;2021-06-02;1706;1166;105689;54727;41.0;21.2
39;2021-06-03;1326;1158;107015;55885;41.5;21.7
39;2021-06-04;940;1070;107955;56955;41.9;22.1
39;2021-06-05;766;514;108721;57469;42.2;22.3
39;2021-06-06;1;36;108722;57505;42.2;22.3
39;2021-06-07;2106;918;110828;58423;43.0;22.7
39;2021-06-08;2209;1153;113037;59576;43.8;23.1
39;2021-06-09;1733;1240;114770;60816;44.5;23.6
39;2021-06-10;1616;2080;116386;62896;45.1;24.4
39;2021-06-11;1568;1270;117954;64166;45.7;24.9
39;2021-06-12;1262;348;119216;64514;46.2;25.0
39;2021-06-13;11;18;119227;64532;46.2;25.0
39;2021-06-14;1336;1889;120563;66421;46.8;25.8
39;2021-06-15;1386;1259;121949;67680;47.3;26.2
39;2021-06-16;1171;1532;123120;69212;47.7;26.8
39;2021-06-17;1044;1718;124164;70930;48.2;27.5
39;2021-06-18;1638;1180;125802;72110;48.8;28.0
39;2021-06-19;249;404;126051;72514;48.9;28.1
39;2021-06-20;2;18;126053;72532;48.9;28.1
39;2021-06-21;351;2495;126404;75027;49.0;29.1
39;2021-06-22;814;2293;127218;77320;49.3;30.0
39;2021-06-23;1200;1301;128418;78621;49.8;30.5
39;2021-06-24;736;1043;129154;79664;50.1;30.9
39;2021-06-25;679;2961;129833;82625;50.4;32.0
39;2021-06-26;206;1564;130039;84189;50.4;32.7
39;2021-06-27;0;0;130039;84189;50.4;32.7
39;2021-06-28;305;2743;130344;86932;50.6;33.7
39;2021-06-29;497;2697;130841;89629;50.7;34.8
39;2021-06-30;895;2424;131736;92053;51.1;35.7
39;2021-07-01;645;1939;132381;93992;51.3;36.5
39;2021-07-02;1111;1406;133492;95398;51.8;37.0
39;2021-07-03;554;524;134046;95922;52.0;37.2
39;2021-07-04;2;1;134048;95923;52.0;37.2
39;2021-07-05;602;2589;134650;98512;52.2;38.2
39;2021-07-06;835;1887;135485;100399;52.5;38.9
39;2021-07-07;591;1386;136076;101785;52.8;39.5
39;2021-07-08;700;906;136776;102691;53.0;39.8
39;2021-07-09;1078;1585;137854;104276;53.5;40.4
39;2021-07-10;739;476;138593;104752;53.7;40.6
39;2021-07-11;28;8;138621;104760;53.8;40.6
39;2021-07-12;577;2599;139198;107359;54.0;41.6
39;2021-07-13;1638;2660;140836;110019;54.6;42.7
39;2021-07-14;17;21;140853;110040;54.6;42.7
39;2021-07-15;1906;1838;142759;111878;55.4;43.4
39;2021-07-16;3226;2052;145985;113930;56.6;44.2
39;2021-07-17;2225;1163;148210;115093;57.5;44.6
39;2021-07-18;164;52;148374;115145;57.5;44.7
39;2021-07-19;1399;2950;149773;118095;58.1;45.8
39;2021-07-20;1842;2812;151615;120907;58.8;46.9
39;2021-07-21;2587;2581;154202;123488;59.8;47.9
39;2021-07-22;1934;1843;156136;125331;60.6;48.6
39;2021-07-23;1814;1933;157950;127264;61.3;49.4
39;2021-07-24;1400;1428;159350;128692;61.8;49.9
39;2021-07-25;0;1;159350;128693;61.8;49.9
39;2021-07-26;1318;2001;160668;130694;62.3;50.7
39;2021-07-27;2343;1905;163011;132599;63.2;51.4
39;2021-07-28;2688;1475;165699;134074;64.3;52.0
39;2021-07-29;2200;1743;167899;135817;65.1;52.7
39;2021-07-30;2045;1466;169944;137283;65.9;53.2
39;2021-07-31;1367;657;171311;137940;66.4;53.5
39;2021-08-01;10;18;171321;137958;66.4;53.5
39;2021-08-02;1205;1401;172526;139359;66.9;54.0
39;2021-08-03;1920;1486;174446;140845;67.7;54.6
39;2021-08-04;1046;659;175492;141504;68.1;54.9
39;2021-08-05;1242;740;176734;142244;68.5;55.2
39;2021-08-06;1375;2289;178109;144533;69.1;56.1
39;2021-08-07;1069;1213;179178;145746;69.5;56.5
39;2021-08-08;26;10;179204;145756;69.5;56.5
39;2021-08-09;436;304;179640;146060;69.7;56.6
39;2021-08-10;1230;931;180870;146991;70.1;57.0
39;2021-08-11;893;1532;181763;148523;70.5;57.6
39;2021-08-12;1596;2170;183359;150693;71.1;58.4
39;2021-08-13;1334;2119;184693;152812;71.6;59.3
39;2021-08-14;361;1106;185054;153918;71.8;59.7
39;2021-08-15;1;1;185055;153919;71.8;59.7
39;2021-08-16;488;736;185543;154655;72.0;60.0
39;2021-08-17;574;1443;186117;156098;72.2;60.5
39;2021-08-18;862;1727;186979;157825;72.5;61.2
39;2021-08-19;906;1593;187885;159418;72.9;61.8
39;2021-08-20;639;2500;188524;161918;73.1;62.8
39;2021-08-21;467;1291;188991;163209;73.3;63.3
39;2021-08-22;7;11;188998;163220;73.3;63.3
39;2021-08-23;266;972;189264;164192;73.4;63.7
39;2021-08-24;456;1607;189720;165799;73.6;64.3
39;2021-08-25;629;1604;190349;167403;73.8;64.9
39;2021-08-26;717;1860;191066;169263;74.1;65.6
39;2021-08-27;405;2060;191471;171323;74.3;66.4
39;2021-08-28;325;1369;191796;172692;74.4;67.0
39;2021-08-29;0;1;191796;172693;74.4;67.0
39;2021-08-30;345;1018;192141;173711;74.5;67.4
39;2021-08-31;399;1036;192540;174747;74.7;67.8
39;2021-09-01;512;1580;193052;176327;74.9;68.4
39;2021-09-02;332;1418;193384;177745;75.0;68.9
39;2021-09-03;474;2312;193858;180057;75.2;69.8
39;2021-09-04;148;203;194006;180260;75.2;69.9
39;2021-09-05;0;1;194006;180261;75.2;69.9
39;2021-09-06;239;502;194245;180763;75.3;70.1
39;2021-09-07;228;344;194473;181107;75.4;70.2
39;2021-09-08;441;779;194914;181886;75.6;70.5
39;2021-09-09;431;1118;195345;183004;75.8;71.0
39;2021-09-10;198;737;195543;183741;75.8;71.3
39;2021-09-11;282;889;195825;184630;75.9;71.6
39;2021-09-12;0;32;195825;184662;75.9;71.6
39;2021-09-13;141;221;195966;184883;76.0;71.7
39;2021-09-14;182;414;196148;185297;76.1;71.9
39;2021-09-15;266;585;196414;185882;76.2;72.1
39;2021-09-16;469;1052;196883;186934;76.4;72.5
39;2021-09-17;420;667;197303;187601;76.5;72.8
39;2021-09-18;96;237;197399;187838;76.6;72.8
39;2021-09-19;3;3;197402;187841;76.6;72.8
39;2021-09-20;70;128;197472;187969;76.6;72.9
39;2021-09-21;87;125;197559;188094;76.6;72.9
39;2021-09-22;268;777;197827;188871;76.7;73.2
39;2021-09-23;173;312;198000;189183;76.8;73.4
39;2021-09-24;206;584;198206;189767;76.9;73.6
39;2021-09-25;65;250;198271;190017;76.9;73.7
39;2021-09-26;0;0;198271;190017;76.9;73.7
39;2021-09-27;131;318;198402;190335;76.9;73.8
39;2021-09-28;55;138;198457;190473;77.0;73.9
39;2021-09-29;195;511;198652;190984;77.0;74.1
39;2021-09-30;201;448;198853;191432;77.1;74.2
39;2021-10-01;104;199;198957;191631;77.2;74.3
39;2021-10-02;97;228;199054;191859;77.2;74.4
39;2021-10-03;2;1;199056;191860;77.2;74.4
39;2021-10-04;39;131;199095;191991;77.2;74.5
39;2021-10-05;55;125;199150;192116;77.2;74.5
40;2020-12-27;0;0;0;0;0.0;0.0
40;2020-12-28;0;0;0;0;0.0;0.0
40;2020-12-29;0;0;0;0;0.0;0.0
40;2020-12-30;0;0;0;0;0.0;0.0
40;2020-12-31;1;0;1;0;0.0;0.0
40;2021-01-01;0;0;1;0;0.0;0.0
40;2021-01-02;0;0;1;0;0.0;0.0
40;2021-01-03;0;0;1;0;0.0;0.0
40;2021-01-04;0;0;1;0;0.0;0.0
40;2021-01-05;0;0;1;0;0.0;0.0
40;2021-01-06;1;0;2;0;0.0;0.0
40;2021-01-07;212;0;214;0;0.1;0.0
40;2021-01-08;391;2;605;2;0.1;0.0
40;2021-01-09;0;0;605;2;0.1;0.0
40;2021-01-10;1;0;606;2;0.1;0.0
40;2021-01-11;111;0;717;2;0.2;0.0
40;2021-01-12;0;0;717;2;0.2;0.0
40;2021-01-13;681;5;1398;7;0.3;0.0
40;2021-01-14;901;7;2299;14;0.6;0.0
40;2021-01-15;811;3;3110;17;0.8;0.0
40;2021-01-16;157;0;3267;17;0.8;0.0
40;2021-01-17;1;1;3268;18;0.8;0.0
40;2021-01-18;406;0;3674;18;0.9;0.0
40;2021-01-19;1203;3;4877;21;1.2;0.0
40;2021-01-20;881;2;5758;23;1.4;0.0
40;2021-01-21;1265;5;7023;28;1.7;0.0
40;2021-01-22;811;2;7834;30;1.9;0.0
40;2021-01-23;289;0;8123;30;2.0;0.0
40;2021-01-24;2;0;8125;30;2.0;0.0
40;2021-01-25;394;2;8519;32;2.1;0.0
40;2021-01-26;802;5;9321;37;2.3;0.0
40;2021-01-27;1118;11;10439;48;2.5;0.0
40;2021-01-28;709;109;11148;157;2.7;0.0
40;2021-01-29;601;225;11749;382;2.9;0.1
40;2021-01-30;237;3;11986;385;2.9;0.1
40;2021-01-31;1;0;11987;385;2.9;0.1
40;2021-02-01;359;127;12346;512;3.0;0.1
40;2021-02-02;922;50;13268;562;3.2;0.1
40;2021-02-03;895;294;14163;856;3.4;0.2
40;2021-02-04;1059;543;15222;1399;3.7;0.3
40;2021-02-05;794;333;16016;1732;3.9;0.4
40;2021-02-06;382;81;16398;1813;4.0;0.4
40;2021-02-07;10;0;16408;1813;4.0;0.4
40;2021-02-08;375;103;16783;1916;4.1;0.5
40;2021-02-09;812;499;17595;2415;4.3;0.6
40;2021-02-10;749;394;18344;2809;4.5;0.7
40;2021-02-11;739;556;19083;3365;4.6;0.8
40;2021-02-12;627;570;19710;3935;4.8;1.0
40;2021-02-13;400;82;20110;4017;4.9;1.0
40;2021-02-14;0;0;20110;4017;4.9;1.0
40;2021-02-15;48;318;20158;4335;4.9;1.1
40;2021-02-16;284;487;20442;4822;5.0;1.2
40;2021-02-17;359;804;20801;5626;5.0;1.4
40;2021-02-18;383;587;21184;6213;5.1;1.5
40;2021-02-19;145;551;21329;6764;5.2;1.6
40;2021-02-20;39;80;21368;6844;5.2;1.7
40;2021-02-21;1;63;21369;6907;5.2;1.7
40;2021-02-22;53;453;21422;7360;5.2;1.8
40;2021-02-23;180;688;21602;8048;5.2;2.0
40;2021-02-24;283;570;21885;8618;5.3;2.1
40;2021-02-25;726;861;22611;9479;5.5;2.3
40;2021-02-26;656;518;23267;9997;5.6;2.4
40;2021-02-27;384;91;23651;10088;5.7;2.4
40;2021-02-28;2;0;23653;10088;5.7;2.4
40;2021-03-01;418;443;24071;10531;5.8;2.6
40;2021-03-02;733;863;24804;11394;6.0;2.8
40;2021-03-03;934;760;25738;12154;6.2;3.0
40;2021-03-04;1326;722;27064;12876;6.6;3.1
40;2021-03-05;1233;645;28297;13521;6.9;3.3
40;2021-03-06;868;338;29165;13859;7.1;3.4
40;2021-03-07;92;2;29257;13861;7.1;3.4
40;2021-03-08;838;435;30095;14296;7.3;3.5
40;2021-03-09;1506;555;31601;14851;7.7;3.6
40;2021-03-10;1754;672;33355;15523;8.1;3.8
40;2021-03-11;1986;631;35341;16154;8.6;3.9
40;2021-03-12;2051;519;37392;16673;9.1;4.0
40;2021-03-13;972;245;38364;16918;9.3;4.1
40;2021-03-14;98;0;38462;16918;9.3;4.1
40;2021-03-15;924;87;39386;17005;9.6;4.1
40;2021-03-16;988;260;40374;17265;9.8;4.2
40;2021-03-17;1577;335;41951;17600;10.2;4.3
40;2021-03-18;1559;332;43510;17932;10.6;4.4
40;2021-03-19;1808;140;45318;18072;11.0;4.4
40;2021-03-20;706;14;46024;18086;11.2;4.4
40;2021-03-21;52;1;46076;18087;11.2;4.4
40;2021-03-22;1174;35;47250;18122;11.5;4.4
40;2021-03-23;2325;167;49575;18289;12.0;4.4
40;2021-03-24;2327;232;51902;18521;12.6;4.5
40;2021-03-25;2768;380;54670;18901;13.3;4.6
40;2021-03-26;3123;202;57793;19103;14.0;4.6
40;2021-03-27;923;47;58716;19150;14.3;4.6
40;2021-03-28;178;47;58894;19197;14.3;4.7
40;2021-03-29;1153;374;60047;19571;14.6;4.8
40;2021-03-30;2298;387;62345;19958;15.1;4.8
40;2021-03-31;1994;300;64339;20258;15.6;4.9
40;2021-04-01;2413;333;66752;20591;16.2;5.0
40;2021-04-02;2361;219;69113;20810;16.8;5.1
40;2021-04-03;741;120;69854;20930;17.0;5.1
40;2021-04-04;362;8;70216;20938;17.0;5.1
40;2021-04-05;523;40;70739;20978;17.2;5.1
40;2021-04-06;2095;802;72834;21780;17.7;5.3
40;2021-04-07;2664;869;75498;22649;18.3;5.5
40;2021-04-08;3063;896;78561;23545;19.1;5.7
40;2021-04-09;3826;604;82387;24149;20.0;5.9
40;2021-04-10;1599;341;83986;24490;20.4;5.9
40;2021-04-11;52;6;84038;24496;20.4;5.9
40;2021-04-12;2178;728;86216;25224;20.9;6.1
40;2021-04-13;2567;1089;88783;26313;21.6;6.4
40;2021-04-14;2572;1375;91355;27688;22.2;6.7
40;2021-04-15;2987;1505;94342;29193;22.9;7.1
40;2021-04-16;2878;1180;97220;30373;23.6;7.4
40;2021-04-17;1464;345;98684;30718;24.0;7.5
40;2021-04-18;57;24;98741;30742;24.0;7.5
40;2021-04-19;1056;1019;99797;31761;24.2;7.7
40;2021-04-20;1622;1743;101419;33504;24.6;8.1
40;2021-04-21;1777;1734;103196;35238;25.0;8.6
40;2021-04-22;2112;1771;105308;37009;25.6;9.0
40;2021-04-23;2163;1390;107471;38399;26.1;9.3
40;2021-04-24;1329;623;108800;39022;26.4;9.5
40;2021-04-25;37;57;108837;39079;26.4;9.5
40;2021-04-26;1251;1133;110088;40212;26.7;9.8
40;2021-04-27;1487;2030;111575;42242;27.1;10.3
40;2021-04-28;2052;1365;113627;43607;27.6;10.6
40;2021-04-29;2609;1888;116236;45495;28.2;11.0
40;2021-04-30;2701;1613;118937;47108;28.9;11.4
40;2021-05-01;1228;781;120165;47889;29.2;11.6
40;2021-05-02;143;322;120308;48211;29.2;11.7
40;2021-05-03;1857;1498;122165;49709;29.7;12.1
40;2021-05-04;1880;2465;124045;52174;30.1;12.7
40;2021-05-05;2187;2668;126232;54842;30.6;13.3
40;2021-05-06;2237;2864;128469;57706;31.2;14.0
40;2021-05-07;1902;3003;130371;60709;31.6;14.7
40;2021-05-08;675;469;131046;61178;31.8;14.8
40;2021-05-09;316;22;131362;61200;31.9;14.9
40;2021-05-10;1400;2040;132762;63240;32.2;15.4
40;2021-05-11;2196;2504;134958;65744;32.8;16.0
40;2021-05-12;2731;1943;137689;67687;33.4;16.4
40;2021-05-13;1984;511;139673;68198;33.9;16.6
40;2021-05-14;2324;1657;141997;69855;34.5;17.0
40;2021-05-15;1340;961;143337;70816;34.8;17.2
40;2021-05-16;434;24;143771;70840;34.9;17.2
40;2021-05-17;2119;1305;145890;72145;35.4;17.5
40;2021-05-18;2508;1404;148398;73549;36.0;17.9
40;2021-05-19;2954;1105;151352;74654;36.7;18.1
40;2021-05-20;3584;1159;154936;75813;37.6;18.4
40;2021-05-21;2925;1319;157861;77132;38.3;18.7
40;2021-05-22;1146;794;159007;77926;38.6;18.9
40;2021-05-23;631;29;159638;77955;38.7;18.9
40;2021-05-24;1212;332;160850;78287;39.0;19.0
40;2021-05-25;2168;1310;163018;79597;39.6;19.3
40;2021-05-26;2614;1562;165632;81159;40.2;19.7
40;2021-05-27;2733;1998;168365;83157;40.9;20.2
40;2021-05-28;2567;2270;170932;85427;41.5;20.7
40;2021-05-29;1558;1252;172490;86679;41.9;21.0
40;2021-05-30;4;52;172494;86731;41.9;21.1
40;2021-05-31;2567;1207;175061;87938;42.5;21.3
40;2021-06-01;3011;1766;178072;89704;43.2;21.8
40;2021-06-02;3170;1988;181242;91692;44.0;22.3
40;2021-06-03;3589;2329;184831;94021;44.9;22.8
40;2021-06-04;3015;2802;187846;96823;45.6;23.5
40;2021-06-05;1780;1395;189626;98218;46.0;23.8
40;2021-06-06;458;79;190084;98297;46.1;23.9
40;2021-06-07;2184;2021;192268;100318;46.7;24.4
40;2021-06-08;2954;2096;195222;102414;47.4;24.9
40;2021-06-09;3212;2266;198434;104680;48.2;25.4
40;2021-06-10;2993;2097;201427;106777;48.9;25.9
40;2021-06-11;3142;2793;204569;109570;49.7;26.6
40;2021-06-12;1963;1634;206532;111204;50.1;27.0
40;2021-06-13;645;162;207177;111366;50.3;27.0
40;2021-06-14;1457;2494;208634;113860;50.6;27.6
40;2021-06-15;2235;2818;210869;116678;51.2;28.3
40;2021-06-16;2608;2459;213477;119137;51.8;28.9
40;2021-06-17;2431;2439;215908;121576;52.4;29.5
40;2021-06-18;2326;2902;218234;124478;53.0;30.2
40;2021-06-19;1798;1225;220032;125703;53.4;30.5
40;2021-06-20;346;276;220378;125979;53.5;30.6
40;2021-06-21;1395;2317;221773;128296;53.8;31.1
40;2021-06-22;1690;2995;223463;131291;54.2;31.9
40;2021-06-23;1603;3343;225066;134634;54.6;32.7
40;2021-06-24;1733;2384;226799;137018;55.1;33.3
40;2021-06-25;1757;3258;228556;140276;55.5;34.0
40;2021-06-26;1328;1712;229884;141988;55.8;34.5
40;2021-06-27;262;354;230146;142342;55.9;34.6
40;2021-06-28;1334;2818;231480;145160;56.2;35.2
40;2021-06-29;1712;3392;233192;148552;56.6;36.1
40;2021-06-30;1773;3638;234965;152190;57.0;36.9
40;2021-07-01;1714;3952;236679;156142;57.4;37.9
40;2021-07-02;1561;3809;238240;159951;57.8;38.8
40;2021-07-03;676;1919;238916;161870;58.0;39.3
40;2021-07-04;219;483;239135;162353;58.0;39.4
40;2021-07-05;1477;3020;240612;165373;58.4;40.1
40;2021-07-06;1768;3613;242380;168986;58.8;41.0
40;2021-07-07;1973;3847;244353;172833;59.3;42.0
40;2021-07-08;2099;3408;246452;176241;59.8;42.8
40;2021-07-09;2108;3946;248560;180187;60.3;43.7
40;2021-07-10;1004;2156;249564;182343;60.6;44.3
40;2021-07-11;207;294;249771;182637;60.6;44.3
40;2021-07-12;1314;4046;251085;186683;60.9;45.3
40;2021-07-13;2428;4697;253513;191380;61.5;46.5
40;2021-07-14;2198;2060;255711;193440;62.1;47.0
40;2021-07-15;2842;4860;258553;198300;62.8;48.1
40;2021-07-16;3311;3943;261864;202243;63.6;49.1
40;2021-07-17;2110;2595;263974;204838;64.1;49.7
40;2021-07-18;472;542;264446;205380;64.2;49.9
40;2021-07-19;2565;3697;267011;209077;64.8;50.7
40;2021-07-20;3065;4050;270076;213127;65.6;51.7
40;2021-07-21;3204;3887;273280;217014;66.3;52.7
40;2021-07-22;3857;3933;277137;220947;67.3;53.6
40;2021-07-23;4092;4110;281229;225057;68.3;54.6
40;2021-07-24;2795;2113;284024;227170;68.9;55.1
40;2021-07-25;958;491;284982;227661;69.2;55.3
40;2021-07-26;2943;3076;287925;230737;69.9;56.0
40;2021-07-27;3526;3602;291451;234339;70.7;56.9
40;2021-07-28;3379;3396;294830;237735;71.6;57.7
40;2021-07-29;3546;3432;298376;241167;72.4;58.5
40;2021-07-30;3137;3405;301513;244572;73.2;59.4
40;2021-07-31;1781;1907;303294;246479;73.6;59.8
40;2021-08-01;342;287;303636;246766;73.7;59.9
40;2021-08-02;2004;2382;305640;249148;74.2;60.5
40;2021-08-03;2335;2695;307975;251843;74.8;61.1
40;2021-08-04;2094;2323;310069;254166;75.3;61.7
40;2021-08-05;1971;2669;312040;256835;75.7;62.3
40;2021-08-06;1886;3067;313926;259902;76.2;63.1
40;2021-08-07;1218;1746;315144;261648;76.5;63.5
40;2021-08-08;84;154;315228;261802;76.5;63.5
40;2021-08-09;1600;3124;316828;264926;76.9;64.3
40;2021-08-10;1429;3159;318257;268085;77.3;65.1
40;2021-08-11;1421;2844;319678;270929;77.6;65.8
40;2021-08-12;1277;3102;320955;274031;77.9;66.5
40;2021-08-13;1139;2980;322094;277011;78.2;67.2
40;2021-08-14;618;2033;322712;279044;78.3;67.7
40;2021-08-15;5;172;322717;279216;78.3;67.8
40;2021-08-16;1108;3383;323825;282599;78.6;68.6
40;2021-08-17;1159;3418;324984;286017;78.9;69.4
40;2021-08-18;989;3258;325973;289275;79.1;70.2
40;2021-08-19;855;2972;326828;292247;79.3;70.9
40;2021-08-20;811;3033;327639;295280;79.5;71.7
40;2021-08-21;523;1901;328162;297181;79.7;72.1
40;2021-08-22;71;464;328233;297645;79.7;72.2
40;2021-08-23;730;2818;328963;300463;79.8;72.9
40;2021-08-24;698;2540;329661;303003;80.0;73.5
40;2021-08-25;678;2002;330339;305005;80.2;74.0
40;2021-08-26;493;1674;330832;306679;80.3;74.4
40;2021-08-27;638;2468;331470;309147;80.5;75.0
40;2021-08-28;328;1215;331798;310362;80.5;75.3
40;2021-08-29;1;9;331799;310371;80.5;75.3
40;2021-08-30;600;2160;332399;312531;80.7;75.9
40;2021-08-31;469;1466;332868;313997;80.8;76.2
40;2021-09-01;449;1548;333317;315545;80.9;76.6
40;2021-09-02;403;1501;333720;317046;81.0;77.0
40;2021-09-03;441;1631;334161;318677;81.1;77.4
40;2021-09-04;369;1187;334530;319864;81.2;77.6
40;2021-09-05;4;26;334534;319890;81.2;77.6
40;2021-09-06;244;880;334778;320770;81.3;77.9
40;2021-09-07;293;977;335071;321747;81.3;78.1
40;2021-09-08;419;1237;335490;322984;81.4;78.4
40;2021-09-09;263;1037;335753;324021;81.5;78.6
40;2021-09-10;358;1279;336111;325300;81.6;79.0
40;2021-09-11;248;887;336359;326187;81.6;79.2
40;2021-09-12;8;8;336367;326195;81.6;79.2
40;2021-09-13;370;951;336737;327146;81.7;79.4
40;2021-09-14;292;884;337029;328030;81.8;79.6
40;2021-09-15;444;895;337473;328925;81.9;79.8
40;2021-09-16;238;348;337711;329273;82.0;79.9
40;2021-09-17;365;788;338076;330061;82.1;80.1
40;2021-09-18;179;634;338255;330695;82.1;80.3
40;2021-09-19;0;9;338255;330704;82.1;80.3
40;2021-09-20;151;382;338406;331086;82.1;80.4
40;2021-09-21;149;286;338555;331372;82.2;80.4
40;2021-09-22;229;559;338784;331931;82.2;80.6
40;2021-09-23;164;297;338948;332228;82.3;80.6
40;2021-09-24;237;606;339185;332834;82.3;80.8
40;2021-09-25;134;427;339319;333261;82.4;80.9
40;2021-09-26;0;2;339319;333263;82.4;80.9
40;2021-09-27;86;224;339405;333487;82.4;80.9
40;2021-09-28;82;229;339487;333716;82.4;81.0
40;2021-09-29;204;584;339691;334300;82.5;81.1
40;2021-09-30;98;221;339789;334521;82.5;81.2
40;2021-10-01;224;437;340013;334958;82.5;81.3
40;2021-10-02;180;321;340193;335279;82.6;81.4
40;2021-10-03;0;2;340193;335281;82.6;81.4
40;2021-10-04;121;241;340314;335522;82.6;81.4
40;2021-10-05;75;200;340389;335722;82.6;81.5
41;2020-12-27;0;0;0;0;0.0;0.0
41;2020-12-28;0;0;0;0;0.0;0.0
41;2020-12-29;0;0;0;0;0.0;0.0
41;2020-12-30;0;0;0;0;0.0;0.0
41;2020-12-31;0;0;0;0;0.0;0.0
41;2021-01-01;0;0;0;0;0.0;0.0
41;2021-01-02;2;0;2;0;0.0;0.0
41;2021-01-03;0;0;2;0;0.0;0.0
41;2021-01-04;0;0;2;0;0.0;0.0
41;2021-01-05;35;0;37;0;0.0;0.0
41;2021-01-06;71;0;108;0;0.0;0.0
41;2021-01-07;21;0;129;0;0.0;0.0
41;2021-01-08;1;0;130;0;0.0;0.0
41;2021-01-09;0;0;130;0;0.0;0.0
41;2021-01-10;0;0;130;0;0.0;0.0
41;2021-01-11;133;0;263;0;0.1;0.0
41;2021-01-12;321;1;584;1;0.2;0.0
41;2021-01-13;271;0;855;1;0.3;0.0
41;2021-01-14;284;1;1139;2;0.3;0.0
41;2021-01-15;215;1;1354;3;0.4;0.0
41;2021-01-16;0;0;1354;3;0.4;0.0
41;2021-01-17;0;0;1354;3;0.4;0.0
41;2021-01-18;397;2;1751;5;0.5;0.0
41;2021-01-19;857;2;2608;7;0.8;0.0
41;2021-01-20;1059;3;3667;10;1.1;0.0
41;2021-01-21;1568;2;5235;12;1.6;0.0
41;2021-01-22;839;1;6074;13;1.9;0.0
41;2021-01-23;92;0;6166;13;1.9;0.0
41;2021-01-24;0;0;6166;13;1.9;0.0
41;2021-01-25;421;1;6587;14;2.0;0.0
41;2021-01-26;473;3;7060;17;2.2;0.0
41;2021-01-27;441;2;7501;19;2.3;0.0
41;2021-01-28;604;56;8105;75;2.5;0.0
41;2021-01-29;260;13;8365;88;2.6;0.0
41;2021-01-30;0;0;8365;88;2.6;0.0
41;2021-01-31;0;0;8365;88;2.6;0.0
41;2021-02-01;349;121;8714;209;2.7;0.1
41;2021-02-02;470;216;9184;425;2.8;0.1
41;2021-02-03;341;200;9525;625;2.9;0.2
41;2021-02-04;559;136;10084;761;3.1;0.2
41;2021-02-05;329;167;10413;928;3.2;0.3
41;2021-02-06;5;0;10418;928;3.2;0.3
41;2021-02-07;2;0;10420;928;3.2;0.3
41;2021-02-08;305;273;10725;1201;3.3;0.4
41;2021-02-09;599;410;11324;1611;3.5;0.5
41;2021-02-10;486;671;11810;2282;3.6;0.7
41;2021-02-11;1066;1152;12876;3434;3.9;1.0
41;2021-02-12;688;355;13564;3789;4.1;1.2
41;2021-02-13;9;5;13573;3794;4.1;1.2
41;2021-02-14;3;27;13576;3821;4.1;1.2
41;2021-02-15;314;259;13890;4080;4.2;1.2
41;2021-02-16;354;468;14244;4548;4.3;1.4
41;2021-02-17;317;400;14561;4948;4.4;1.5
41;2021-02-18;616;267;15177;5215;4.6;1.6
41;2021-02-19;456;279;15633;5494;4.8;1.7
41;2021-02-20;68;37;15701;5531;4.8;1.7
41;2021-02-21;0;0;15701;5531;4.8;1.7
41;2021-02-22;311;332;16012;5863;4.9;1.8
41;2021-02-23;454;270;16466;6133;5.0;1.9
41;2021-02-24;282;365;16748;6498;5.1;2.0
41;2021-02-25;675;383;17423;6881;5.3;2.1
41;2021-02-26;630;220;18053;7101;5.5;2.2
41;2021-02-27;161;4;18214;7105;5.6;2.2
41;2021-02-28;4;31;18218;7136;5.6;2.2
41;2021-03-01;311;260;18529;7396;5.7;2.3
41;2021-03-02;649;336;19178;7732;5.8;2.4
41;2021-03-03;497;366;19675;8098;6.0;2.5
41;2021-03-04;785;749;20460;8847;6.2;2.7
41;2021-03-05;840;638;21300;9485;6.5;2.9
41;2021-03-06;715;22;22015;9507;6.7;2.9
41;2021-03-07;498;18;22513;9525;6.9;2.9
41;2021-03-08;301;333;22814;9858;7.0;3.0
41;2021-03-09;1042;401;23856;10259;7.3;3.1
41;2021-03-10;721;440;24577;10699;7.5;3.3
41;2021-03-11;1181;636;25758;11335;7.9;3.5
41;2021-03-12;1115;398;26873;11733;8.2;3.6
41;2021-03-13;1224;19;28097;11752;8.6;3.6
41;2021-03-14;392;7;28489;11759;8.7;3.6
41;2021-03-15;798;340;29287;12099;8.9;3.7
41;2021-03-16;1061;402;30348;12501;9.3;3.8
41;2021-03-17;587;236;30935;12737;9.4;3.9
41;2021-03-18;926;395;31861;13132;9.7;4.0
41;2021-03-19;911;328;32772;13460;10.0;4.1
41;2021-03-20;543;16;33315;13476;10.2;4.1
41;2021-03-21;1;0;33316;13476;10.2;4.1
41;2021-03-22;810;271;34126;13747;10.4;4.2
41;2021-03-23;1309;482;35435;14229;10.8;4.3
41;2021-03-24;1231;363;36666;14592;11.2;4.5
41;2021-03-25;2026;436;38692;15028;11.8;4.6
41;2021-03-26;1655;325;40347;15353;12.3;4.7
41;2021-03-27;451;58;40798;15411;12.4;4.7
41;2021-03-28;1;0;40799;15411;12.4;4.7
41;2021-03-29;939;306;41738;15717;12.7;4.8
41;2021-03-30;1496;593;43234;16310;13.2;5.0
41;2021-03-31;1148;490;44382;16800;13.5;5.1
41;2021-04-01;2252;565;46634;17365;14.2;5.3
41;2021-04-02;1241;473;47875;17838;14.6;5.4
41;2021-04-03;321;5;48196;17843;14.7;5.4
41;2021-04-04;39;0;48235;17843;14.7;5.4
41;2021-04-05;140;2;48375;17845;14.8;5.4
41;2021-04-06;1302;622;49677;18467;15.2;5.6
41;2021-04-07;1852;704;51529;19171;15.7;5.8
41;2021-04-08;2294;914;53823;20085;16.4;6.1
41;2021-04-09;2568;612;56391;20697;17.2;6.3
41;2021-04-10;954;496;57345;21193;17.5;6.5
41;2021-04-11;279;376;57624;21569;17.6;6.6
41;2021-04-12;1689;656;59313;22225;18.1;6.8
41;2021-04-13;2259;987;61572;23212;18.8;7.1
41;2021-04-14;1794;547;63366;23759;19.3;7.2
41;2021-04-15;2384;975;65750;24734;20.1;7.5
41;2021-04-16;1929;625;67679;25359;20.6;7.7
41;2021-04-17;647;137;68326;25496;20.8;7.8
41;2021-04-18;5;0;68331;25496;20.8;7.8
41;2021-04-19;1260;744;69591;26240;21.2;8.0
41;2021-04-20;2004;1197;71595;27437;21.8;8.4
41;2021-04-21;1503;919;73098;28356;22.3;8.6
41;2021-04-22;2236;1599;75334;29955;23.0;9.1
41;2021-04-23;1736;1078;77070;31033;23.5;9.5
41;2021-04-24;1544;283;78614;31316;24.0;9.6
41;2021-04-25;1007;21;79621;31337;24.3;9.6
41;2021-04-26;1355;625;80976;31962;24.7;9.7
41;2021-04-27;2092;1033;83068;32995;25.3;10.1
41;2021-04-28;1562;859;84630;33854;25.8;10.3
41;2021-04-29;2210;1376;86840;35230;26.5;10.7
41;2021-04-30;1963;863;88803;36093;27.1;11.0
41;2021-05-01;189;12;88992;36105;27.1;11.0
41;2021-05-02;107;17;89099;36122;27.2;11.0
41;2021-05-03;1864;892;90963;37014;27.7;11.3
41;2021-05-04;2091;1543;93054;38557;28.4;11.8
41;2021-05-05;1882;1188;94936;39745;29.0;12.1
41;2021-05-06;2448;1692;97384;41437;29.7;12.6
41;2021-05-07;2016;1802;99400;43239;30.3;13.2
41;2021-05-08;202;154;99602;43393;30.4;13.2
41;2021-05-09;11;354;99613;43747;30.4;13.3
41;2021-05-10;1590;1556;101203;45303;30.9;13.8
41;2021-05-11;2085;2100;103288;47403;31.5;14.5
41;2021-05-12;1951;1678;105239;49081;32.1;15.0
41;2021-05-13;1485;948;106724;50029;32.6;15.3
41;2021-05-14;1576;1305;108300;51334;33.0;15.7
41;2021-05-15;206;294;108506;51628;33.1;15.7
41;2021-05-16;4;0;108510;51628;33.1;15.7
41;2021-05-17;2484;564;110994;52192;33.9;15.9
41;2021-05-18;3138;1029;114132;53221;34.8;16.2
41;2021-05-19;2553;673;116685;53894;35.6;16.4
41;2021-05-20;3349;1148;120034;55042;36.6;16.8
41;2021-05-21;2727;967;122761;56009;37.4;17.1
41;2021-05-22;396;237;123157;56246;37.6;17.2
41;2021-05-23;6;2;123163;56248;37.6;17.2
41;2021-05-24;2605;150;125768;56398;38.4;17.2
41;2021-05-25;2991;577;128759;56975;39.3;17.4
41;2021-05-26;3036;650;131795;57625;40.2;17.6
41;2021-05-27;3294;1109;135089;58734;41.2;17.9
41;2021-05-28;3144;971;138233;59705;42.2;18.2
41;2021-05-29;2073;429;140306;60134;42.8;18.3
41;2021-05-30;344;22;140650;60156;42.9;18.3
41;2021-05-31;1710;1499;142360;61655;43.4;18.8
41;2021-06-01;2263;2010;144623;63665;44.1;19.4
41;2021-06-02;1832;1288;146455;64953;44.7;19.8
41;2021-06-03;2597;1940;149052;66893;45.5;20.4
41;2021-06-04;2303;1958;151355;68851;46.2;21.0
41;2021-06-05;611;1583;151966;70434;46.4;21.5
41;2021-06-06;109;927;152075;71361;46.4;21.8
41;2021-06-07;1515;1530;153590;72891;46.8;22.2
41;2021-06-08;1712;2409;155302;75300;47.4;23.0
41;2021-06-09;1615;1635;156917;76935;47.9;23.5
41;2021-06-10;1917;1813;158834;78748;48.4;24.0
41;2021-06-11;1572;1790;160406;80538;48.9;24.6
41;2021-06-12;664;648;161070;81186;49.1;24.8
41;2021-06-13;13;77;161083;81263;49.1;24.8
41;2021-06-14;1269;1962;162352;83225;49.5;25.4
41;2021-06-15;1834;2757;164186;85982;50.1;26.2
41;2021-06-16;1724;2308;165910;88290;50.6;26.9
41;2021-06-17;1810;2573;167720;90863;51.2;27.7
41;2021-06-18;1662;2399;169382;93262;51.7;28.4
41;2021-06-19;412;529;169794;93791;51.8;28.6
41;2021-06-20;11;32;169805;93823;51.8;28.6
41;2021-06-21;1325;1779;171130;95602;52.2;29.2
41;2021-06-22;1619;2561;172749;98163;52.7;29.9
41;2021-06-23;1375;2038;174124;100201;53.1;30.6
41;2021-06-24;1483;2307;175607;102508;53.6;31.3
41;2021-06-25;1294;2617;176901;105125;54.0;32.1
41;2021-06-26;433;614;177334;105739;54.1;32.3
41;2021-06-27;1;4;177335;105743;54.1;32.3
41;2021-06-28;404;2696;177739;108439;54.2;33.1
41;2021-06-29;664;3442;178403;111881;54.4;34.1
41;2021-06-30;552;3067;178955;114948;54.6;35.1
41;2021-07-01;765;3098;179720;118046;54.8;36.0
41;2021-07-02;589;3501;180309;121547;55.0;37.1
41;2021-07-03;158;646;180467;122193;55.0;37.3
41;2021-07-04;2;2;180469;122195;55.0;37.3
41;2021-07-05;285;2818;180754;125013;55.1;38.1
41;2021-07-06;666;3633;181420;128646;55.3;39.2
41;2021-07-07;479;3137;181899;131783;55.5;40.2
41;2021-07-08;940;3365;182839;135148;55.8;41.2
41;2021-07-09;540;3641;183379;138789;55.9;42.3
41;2021-07-10;247;2087;183626;140876;56.0;43.0
41;2021-07-11;5;280;183631;141156;56.0;43.1
41;2021-07-12;861;2291;184492;143447;56.3;43.8
41;2021-07-13;1198;3282;185690;146729;56.6;44.8
41;2021-07-14;141;1080;185831;147809;56.7;45.1
41;2021-07-15;1333;3318;187164;151127;57.1;46.1
41;2021-07-16;1091;3389;188255;154516;57.4;47.1
41;2021-07-17;344;807;188599;155323;57.5;47.4
41;2021-07-18;24;32;188623;155355;57.5;47.4
41;2021-07-19;1191;2319;189814;157674;57.9;48.1
41;2021-07-20;1643;2743;191457;160417;58.4;48.9
41;2021-07-21;1709;2083;193166;162500;58.9;49.6
41;2021-07-22;2263;2290;195429;164790;59.6;50.3
41;2021-07-23;2104;2468;197533;167258;60.3;51.0
41;2021-07-24;329;841;197862;168099;60.4;51.3
41;2021-07-25;19;23;197881;168122;60.4;51.3
41;2021-07-26;1902;1677;199783;169799;60.9;51.8
41;2021-07-27;2534;2342;202317;172141;61.7;52.5
41;2021-07-28;2161;1829;204478;173970;62.4;53.1
41;2021-07-29;2345;2026;206823;175996;63.1;53.7
41;2021-07-30;2151;2084;208974;178080;63.7;54.3
41;2021-07-31;380;581;209354;178661;63.9;54.5
41;2021-08-01;21;7;209375;178668;63.9;54.5
41;2021-08-02;1550;1605;210925;180273;64.3;55.0
41;2021-08-03;2517;1857;213442;182130;65.1;55.6
41;2021-08-04;2302;1199;215744;183329;65.8;55.9
41;2021-08-05;3046;1265;218790;184594;66.7;56.3
41;2021-08-06;2214;1303;221004;185897;67.4;56.7
41;2021-08-07;511;347;221515;186244;67.6;56.8
41;2021-08-08;13;20;221528;186264;67.6;56.8
41;2021-08-09;1689;1357;223217;187621;68.1;57.2
41;2021-08-10;2563;1421;225780;189042;68.9;57.7
41;2021-08-11;1593;1440;227373;190482;69.4;58.1
41;2021-08-12;1942;1339;229315;191821;69.9;58.5
41;2021-08-13;1474;1697;230789;193518;70.4;59.0
41;2021-08-14;364;209;231153;193727;70.5;59.1
41;2021-08-15;0;16;231153;193743;70.5;59.1
41;2021-08-16;864;2069;232017;195812;70.8;59.7
41;2021-08-17;1498;1634;233515;197446;71.2;60.2
41;2021-08-18;1135;1971;234650;199417;71.6;60.8
41;2021-08-19;1311;1554;235961;200971;72.0;61.3
41;2021-08-20;915;2313;236876;203284;72.3;62.0
41;2021-08-21;120;227;236996;203511;72.3;62.1
41;2021-08-22;1;32;236997;203543;72.3;62.1
41;2021-08-23;694;2295;237691;205838;72.5;62.8
41;2021-08-24;1415;2313;239106;208151;72.9;63.5
41;2021-08-25;620;2200;239726;210351;73.1;64.2
41;2021-08-26;843;2821;240569;213172;73.4;65.0
41;2021-08-27;620;2763;241189;215935;73.6;65.9
41;2021-08-28;99;622;241288;216557;73.6;66.1
41;2021-08-29;46;24;241334;216581;73.6;66.1
41;2021-08-30;668;2118;242002;218699;73.8;66.7
41;2021-08-31;765;2597;242767;221296;74.1;67.5
41;2021-09-01;500;1831;243267;223127;74.2;68.1
41;2021-09-02;628;2155;243895;225282;74.4;68.7
41;2021-09-03;650;2228;244545;227510;74.6;69.4
41;2021-09-04;194;592;244739;228102;74.7;69.6
41;2021-09-05;3;1;244742;228103;74.7;69.6
41;2021-09-06;291;1094;245033;229197;74.7;69.9
41;2021-09-07;415;1355;245448;230552;74.9;70.3
41;2021-09-08;314;1276;245762;231828;75.0;70.7
41;2021-09-09;295;1297;246057;233125;75.1;71.1
41;2021-09-10;381;1373;246438;234498;75.2;71.5
41;2021-09-11;85;392;246523;234890;75.2;71.6
41;2021-09-12;0;9;246523;234899;75.2;71.7
41;2021-09-13;200;912;246723;235811;75.3;71.9
41;2021-09-14;364;1056;247087;236867;75.4;72.3
41;2021-09-15;279;1070;247366;237937;75.5;72.6
41;2021-09-16;236;833;247602;238770;75.5;72.8
41;2021-09-17;360;713;247962;239483;75.6;73.0
41;2021-09-18;78;169;248040;239652;75.7;73.1
41;2021-09-19;0;7;248040;239659;75.7;73.1
41;2021-09-20;176;513;248216;240172;75.7;73.3
41;2021-09-21;181;515;248397;240687;75.8;73.4
41;2021-09-22;268;801;248665;241488;75.9;73.7
41;2021-09-23;237;662;248902;242150;75.9;73.9
41;2021-09-24;313;630;249215;242780;76.0;74.1
41;2021-09-25;70;233;249285;243013;76.0;74.1
41;2021-09-26;0;3;249285;243016;76.0;74.1
41;2021-09-27;165;342;249450;243358;76.1;74.2
41;2021-09-28;156;421;249606;243779;76.1;74.4
41;2021-09-29;178;490;249784;244269;76.2;74.5
41;2021-09-30;112;337;249896;244606;76.2;74.6
41;2021-10-01;210;390;250106;244996;76.3;74.7
41;2021-10-02;80;140;250186;245136;76.3;74.8
41;2021-10-03;0;0;250186;245136;76.3;74.8
41;2021-10-04;106;264;250292;245400;76.3;74.9
41;2021-10-05;117;297;250409;245697;76.4;74.9
42;2020-12-27;1;0;1;0;0.0;0.0
42;2020-12-28;0;0;1;0;0.0;0.0
42;2020-12-29;0;0;1;0;0.0;0.0
42;2020-12-30;0;0;1;0;0.0;0.0
42;2020-12-31;0;0;1;0;0.0;0.0
42;2021-01-01;0;0;1;0;0.0;0.0
42;2021-01-02;0;0;1;0;0.0;0.0
42;2021-01-03;0;0;1;0;0.0;0.0
42;2021-01-04;1;0;2;0;0.0;0.0
42;2021-01-05;1;0;3;0;0.0;0.0
42;2021-01-06;178;1;181;1;0.0;0.0
42;2021-01-07;256;0;437;1;0.1;0.0
42;2021-01-08;264;1;701;2;0.1;0.0
42;2021-01-09;136;0;837;2;0.1;0.0
42;2021-01-10;0;0;837;2;0.1;0.0
42;2021-01-11;293;2;1130;4;0.1;0.0
42;2021-01-12;412;1;1542;5;0.2;0.0
42;2021-01-13;526;2;2068;7;0.3;0.0
42;2021-01-14;775;2;2843;9;0.4;0.0
42;2021-01-15;707;4;3550;13;0.5;0.0
42;2021-01-16;298;2;3848;15;0.5;0.0
42;2021-01-17;219;0;4067;15;0.5;0.0
42;2021-01-18;967;1;5034;16;0.7;0.0
42;2021-01-19;1329;8;6363;24;0.8;0.0
42;2021-01-20;956;3;7319;27;1.0;0.0
42;2021-01-21;1023;6;8342;33;1.1;0.0
42;2021-01-22;991;6;9333;39;1.2;0.0
42;2021-01-23;401;0;9734;39;1.3;0.0
42;2021-01-24;359;0;10093;39;1.3;0.0
42;2021-01-25;1099;12;11192;51;1.5;0.0
42;2021-01-26;1750;18;12942;69;1.7;0.0
42;2021-01-27;1456;118;14398;187;1.9;0.0
42;2021-01-28;1667;133;16065;320;2.1;0.0
42;2021-01-29;946;109;17011;429;2.2;0.1
42;2021-01-30;257;96;17268;525;2.3;0.1
42;2021-01-31;258;2;17526;527;2.3;0.1
42;2021-02-01;738;58;18264;585;2.4;0.1
42;2021-02-02;1854;265;20118;850;2.6;0.1
42;2021-02-03;1517;456;21635;1306;2.8;0.2
42;2021-02-04;1279;556;22914;1862;3.0;0.2
42;2021-02-05;684;482;23598;2344;3.1;0.3
42;2021-02-06;304;128;23902;2472;3.1;0.3
42;2021-02-07;276;134;24178;2606;3.2;0.3
42;2021-02-08;507;492;24685;3098;3.2;0.4
42;2021-02-09;703;629;25388;3727;3.3;0.5
42;2021-02-10;742;553;26130;4280;3.4;0.6
42;2021-02-11;773;553;26903;4833;3.5;0.6
42;2021-02-12;675;602;27578;5435;3.6;0.7
42;2021-02-13;428;242;28006;5677;3.7;0.7
42;2021-02-14;186;172;28192;5849;3.7;0.8
42;2021-02-15;520;623;28712;6472;3.8;0.8
42;2021-02-16;490;996;29202;7468;3.8;1.0
42;2021-02-17;518;1334;29720;8802;3.9;1.2
42;2021-02-18;756;1164;30476;9966;4.0;1.3
42;2021-02-19;768;847;31244;10813;4.1;1.4
42;2021-02-20;248;332;31492;11145;4.1;1.5
42;2021-02-21;63;254;31555;11399;4.1;1.5
42;2021-02-22;574;804;32129;12203;4.2;1.6
42;2021-02-23;1211;1301;33340;13504;4.4;1.8
42;2021-02-24;1244;1036;34584;14540;4.5;1.9
42;2021-02-25;1667;1306;36251;15846;4.7;2.1
42;2021-02-26;1646;824;37897;16670;5.0;2.2
42;2021-02-27;580;243;38477;16913;5.0;2.2
42;2021-02-28;167;98;38644;17011;5.1;2.2
42;2021-03-01;807;753;39451;17764;5.2;2.3
42;2021-03-02;1275;724;40726;18488;5.3;2.4
42;2021-03-03;1368;715;42094;19203;5.5;2.5
42;2021-03-04;1705;650;43799;19853;5.7;2.6
42;2021-03-05;2623;619;46422;20472;6.1;2.7
42;2021-03-06;1933;245;48355;20717;6.3;2.7
42;2021-03-07;1491;94;49846;20811;6.5;2.7
42;2021-03-08;1405;487;51251;21298;6.7;2.8
42;2021-03-09;1983;435;53234;21733;7.0;2.8
42;2021-03-10;2053;491;55287;22224;7.2;2.9
42;2021-03-11;3048;607;58335;22831;7.6;3.0
42;2021-03-12;3008;810;61343;23641;8.0;3.1
42;2021-03-13;1479;352;62822;23993;8.2;3.1
42;2021-03-14;472;161;63294;24154;8.3;3.2
42;2021-03-15;1572;589;64866;24743;8.5;3.2
42;2021-03-16;1472;757;66338;25500;8.7;3.3
42;2021-03-17;1723;1070;68061;26570;8.9;3.5
42;2021-03-18;1803;1024;69864;27594;9.1;3.6
42;2021-03-19;2565;677;72429;28271;9.5;3.7
42;2021-03-20;1672;232;74101;28503;9.7;3.7
42;2021-03-21;526;99;74627;28602;9.8;3.7
42;2021-03-22;1426;730;76053;29332;9.9;3.8
42;2021-03-23;2507;856;78560;30188;10.3;3.9
42;2021-03-24;2783;785;81343;30973;10.6;4.1
42;2021-03-25;3720;934;85063;31907;11.1;4.2
42;2021-03-26;3759;783;88822;32690;11.6;4.3
42;2021-03-27;1806;452;90628;33142;11.9;4.3
42;2021-03-28;1039;216;91667;33358;12.0;4.4
42;2021-03-29;2064;922;93731;34280;12.3;4.5
42;2021-03-30;3146;865;96877;35145;12.7;4.6
42;2021-03-31;2444;1073;99321;36218;13.0;4.7
42;2021-04-01;3391;1054;102712;37272;13.4;4.9
42;2021-04-02;2849;1231;105561;38503;13.8;5.0
42;2021-04-03;1418;609;106979;39112;14.0;5.1
42;2021-04-04;1403;393;108382;39505;14.2;5.2
42;2021-04-05;1901;298;110283;39803;14.4;5.2
42;2021-04-06;2292;1408;112575;41211;14.7;5.4
42;2021-04-07;2761;1832;115336;43043;15.1;5.6
42;2021-04-08;4025;1588;119361;44631;15.6;5.8
42;2021-04-09;5134;1562;124495;46193;16.3;6.0
42;2021-04-10;2591;768;127086;46961;16.6;6.1
42;2021-04-11;1957;432;129043;47393;16.9;6.2
42;2021-04-12;3699;1550;132742;48943;17.4;6.4
42;2021-04-13;4659;1808;137401;50751;18.0;6.6
42;2021-04-14;4309;1903;141710;52654;18.5;6.9
42;2021-04-15;4809;1838;146519;54492;19.2;7.1
42;2021-04-16;4621;1891;151140;56383;19.8;7.4
42;2021-04-17;2982;1071;154122;57454;20.2;7.5
42;2021-04-18;1887;413;156009;57867;20.4;7.6
42;2021-04-19;3090;1537;159099;59404;20.8;7.8
42;2021-04-20;3468;1956;162567;61360;21.3;8.0
42;2021-04-21;3479;1749;166046;63109;21.7;8.3
42;2021-04-22;3768;1953;169814;65062;22.2;8.5
42;2021-04-23;3842;2017;173656;67079;22.7;8.8
42;2021-04-24;2363;1518;176019;68597;23.0;9.0
42;2021-04-25;1658;944;177677;69541;23.2;9.1
42;2021-04-26;3280;1734;180957;71275;23.7;9.3
42;2021-04-27;3253;2208;184210;73483;24.1;9.6
42;2021-04-28;3463;2619;187673;76102;24.5;10.0
42;2021-04-29;3768;2803;191441;78905;25.0;10.3
42;2021-04-30;3360;3024;194801;81929;25.5;10.7
42;2021-05-01;2968;1053;197769;82982;25.9;10.9
42;2021-05-02;1934;1261;199703;84243;26.1;11.0
42;2021-05-03;2868;2768;202571;87011;26.5;11.4
42;2021-05-04;3416;3127;205987;90138;26.9;11.8
42;2021-05-05;3328;3398;209315;93536;27.4;12.2
42;2021-05-06;3887;3772;213202;97308;27.9;12.7
42;2021-05-07;3732;4039;216934;101347;28.4;13.3
42;2021-05-08;3164;1071;220098;102418;28.8;13.4
42;2021-05-09;1505;2213;221603;104631;29.0;13.7
42;2021-05-10;3250;3828;224853;108459;29.4;14.2
42;2021-05-11;5574;3899;230427;112358;30.1;14.7
42;2021-05-12;5339;3568;235766;115926;30.8;15.2
42;2021-05-13;5451;1150;241217;117076;31.5;15.3
42;2021-05-14;5237;2927;246454;120003;32.2;15.7
42;2021-05-15;4880;2127;251334;122130;32.9;16.0
42;2021-05-16;2873;1036;254207;123166;33.2;16.1
42;2021-05-17;5885;2840;260092;126006;34.0;16.5
42;2021-05-18;6251;2979;266343;128985;34.8;16.9
42;2021-05-19;6523;2750;272866;131735;35.7;17.2
42;2021-05-20;7103;2893;279969;134628;36.6;17.6
42;2021-05-21;6351;3275;286320;137903;37.4;18.0
42;2021-05-22;5834;2134;292154;140037;38.2;18.3
42;2021-05-23;2832;874;294986;140911;38.6;18.4
42;2021-05-24;5246;1433;300232;142344;39.3;18.6
42;2021-05-25;5152;3940;305384;146284;39.9;19.1
42;2021-05-26;5160;3459;310544;149743;40.6;19.6
42;2021-05-27;5366;3630;315910;153373;41.3;20.1
42;2021-05-28;5043;4189;320953;157562;42.0;20.6
42;2021-05-29;4340;2984;325293;160546;42.5;21.0
42;2021-05-30;1983;1205;327276;161751;42.8;21.2
42;2021-05-31;4241;3419;331517;165170;43.4;21.6
42;2021-06-01;4592;3562;336109;168732;44.0;22.1
42;2021-06-02;4481;3006;340590;171738;44.5;22.5
42;2021-06-03;4930;3839;345520;175577;45.2;23.0
42;2021-06-04;4766;4213;350286;179790;45.8;23.5
42;2021-06-05;3689;2424;353975;182214;46.3;23.8
42;2021-06-06;1445;1293;355420;183507;46.5;24.0
42;2021-06-07;3992;3377;359412;186884;47.0;24.4
42;2021-06-08;3466;3242;362878;190126;47.5;24.9
42;2021-06-09;2964;3206;365842;193332;47.8;25.3
42;2021-06-10;3242;2932;369084;196264;48.3;25.7
42;2021-06-11;3585;4114;372669;200378;48.7;26.2
42;2021-06-12;2863;2881;375532;203259;49.1;26.6
42;2021-06-13;944;1278;376476;204537;49.2;26.7
42;2021-06-14;2313;4061;378789;208598;49.5;27.3
42;2021-06-15;2830;4070;381619;212668;49.9;27.8
42;2021-06-16;2920;3551;384539;216219;50.3;28.3
42;2021-06-17;2635;3734;387174;219953;50.6;28.8
42;2021-06-18;3093;5143;390267;225096;51.0;29.4
42;2021-06-19;2845;4243;393112;229339;51.4;30.0
42;2021-06-20;857;1844;393969;231183;51.5;30.2
42;2021-06-21;1909;6277;395878;237460;51.8;31.1
42;2021-06-22;1875;5891;397753;243351;52.0;31.8
42;2021-06-23;1845;5321;399598;248672;52.3;32.5
42;2021-06-24;1785;4682;401383;253354;52.5;33.1
42;2021-06-25;2037;6951;403420;260305;52.8;34.0
42;2021-06-26;1408;5818;404828;266123;52.9;34.8
42;2021-06-27;756;2858;405584;268981;53.0;35.2
42;2021-06-28;1746;7063;407330;276044;53.3;36.1
42;2021-06-29;1526;6566;408856;282610;53.5;37.0
42;2021-06-30;1969;5765;410825;288375;53.7;37.7
42;2021-07-01;1779;5119;412604;293494;54.0;38.4
42;2021-07-02;2046;6739;414650;300233;54.2;39.3
42;2021-07-03;1760;5978;416410;306211;54.5;40.0
42;2021-07-04;853;2514;417263;308725;54.6;40.4
42;2021-07-05;1716;6286;418979;315011;54.8;41.2
42;2021-07-06;2106;5576;421085;320587;55.1;41.9
42;2021-07-07;2338;4657;423423;325244;55.4;42.5
42;2021-07-08;2272;3956;425695;329200;55.7;43.0
42;2021-07-09;2416;6096;428111;335296;56.0;43.8
42;2021-07-10;1693;5581;429804;340877;56.2;44.6
42;2021-07-11;921;2304;430725;343181;56.3;44.9
42;2021-07-12;1776;6288;432501;349469;56.6;45.7
42;2021-07-13;3610;6290;436111;355759;57.0;46.5
42;2021-07-14;4479;2053;440590;357812;57.6;46.8
42;2021-07-15;4558;5626;445148;363438;58.2;47.5
42;2021-07-16;4442;6197;449590;369635;58.8;48.3
42;2021-07-17;3219;4709;452809;374344;59.2;49.0
42;2021-07-18;1838;1743;454647;376087;59.5;49.2
42;2021-07-19;3806;5073;458453;381160;59.9;49.8
42;2021-07-20;4719;4821;463172;385981;60.6;50.5
42;2021-07-21;5176;4718;468348;390699;61.2;51.1
42;2021-07-22;5501;3935;473849;394634;62.0;51.6
42;2021-07-23;5500;5120;479349;399754;62.7;52.3
42;2021-07-24;4037;3833;483386;403587;63.2;52.8
42;2021-07-25;1656;1389;485042;404976;63.4;53.0
42;2021-07-26;4731;4312;489773;409288;64.0;53.5
42;2021-07-27;5333;3955;495106;413243;64.7;54.0
42;2021-07-28;5782;3676;500888;416919;65.5;54.5
42;2021-07-29;5678;3433;506566;420352;66.2;55.0
42;2021-07-30;5140;3776;511706;424128;66.9;55.5
42;2021-07-31;4765;3057;516471;427185;67.5;55.9
42;2021-08-01;2498;1318;518969;428503;67.9;56.0
42;2021-08-02;4366;3106;523335;431609;68.4;56.4
42;2021-08-03;3826;3284;527161;434893;68.9;56.9
42;2021-08-04;3473;3222;530634;438115;69.4;57.3
42;2021-08-05;3402;3313;534036;441428;69.8;57.7
42;2021-08-06;3640;3995;537676;445423;70.3;58.2
42;2021-08-07;3022;3067;540698;448490;70.7;58.6
42;2021-08-08;1200;1717;541898;450207;70.9;58.9
42;2021-08-09;2809;3860;544707;454067;71.2;59.4
42;2021-08-10;3275;3909;547982;457976;71.7;59.9
42;2021-08-11;2593;3521;550575;461497;72.0;60.3
42;2021-08-12;2517;3569;553092;465066;72.3;60.8
42;2021-08-13;2334;3908;555426;468974;72.6;61.3
42;2021-08-14;1652;3269;557078;472243;72.8;61.8
42;2021-08-15;600;1027;557678;473270;72.9;61.9
42;2021-08-16;2077;4572;559755;477842;73.2;62.5
42;2021-08-17;2246;4174;562001;482016;73.5;63.0
42;2021-08-18;2053;4145;564054;486161;73.8;63.6
42;2021-08-19;1932;3369;565986;489530;74.0;64.0
42;2021-08-20;2270;4611;568256;494141;74.3;64.6
42;2021-08-21;1083;3865;569339;498006;74.4;65.1
42;2021-08-22;501;2020;569840;500026;74.5;65.4
42;2021-08-23;1625;4667;571465;504693;74.7;66.0
42;2021-08-24;1748;4043;573213;508736;75.0;66.5
42;2021-08-25;1748;3898;574961;512634;75.2;67.0
42;2021-08-26;1445;3048;576406;515682;75.4;67.4
42;2021-08-27;1775;4563;578181;520245;75.6;68.0
42;2021-08-28;1311;3707;579492;523952;75.8;68.5
42;2021-08-29;377;1428;579869;525380;75.8;68.7
42;2021-08-30;1284;3434;581153;528814;76.0;69.1
42;2021-08-31;1238;2860;582391;531674;76.2;69.5
42;2021-09-01;1252;3018;583643;534692;76.3;69.9
42;2021-09-02;1321;2934;584964;537626;76.5;70.3
42;2021-09-03;1570;3304;586534;540930;76.7;70.7
42;2021-09-04;1046;2984;587580;543914;76.8;71.1
42;2021-09-05;381;874;587961;544788;76.9;71.2
42;2021-09-06;763;2167;588724;546955;77.0;71.5
42;2021-09-07;823;1933;589547;548888;77.1;71.8
42;2021-09-08;918;2231;590465;551119;77.2;72.1
42;2021-09-09;657;1779;591122;552898;77.3;72.3
42;2021-09-10;925;2280;592047;555178;77.4;72.6
42;2021-09-11;723;2400;592770;557578;77.5;72.9
42;2021-09-12;163;553;592933;558131;77.5;73.0
42;2021-09-13;548;1620;593481;559751;77.6;73.2
42;2021-09-14;772;1980;594253;561731;77.7;73.5
42;2021-09-15;702;1568;594955;563299;77.8;73.7
42;2021-09-16;525;824;595480;564123;77.9;73.8
42;2021-09-17;732;1636;596212;565759;78.0;74.0
42;2021-09-18;575;1799;596787;567558;78.0;74.2
42;2021-09-19;99;366;596886;567924;78.1;74.3
42;2021-09-20;397;850;597283;568774;78.1;74.4
42;2021-09-21;340;738;597623;569512;78.1;74.5
42;2021-09-22;472;1382;598095;570894;78.2;74.7
42;2021-09-23;372;907;598467;571801;78.3;74.8
42;2021-09-24;471;1563;598938;573364;78.3;75.0
42;2021-09-25;386;1274;599324;574638;78.4;75.1
42;2021-09-26;61;289;599385;574927;78.4;75.2
42;2021-09-27;332;792;599717;575719;78.4;75.3
42;2021-09-28;342;705;600059;576424;78.5;75.4
42;2021-09-29;405;957;600464;577381;78.5;75.5
42;2021-09-30;358;689;600822;578070;78.6;75.6
42;2021-10-01;487;1017;601309;579087;78.6;75.7
42;2021-10-02;378;780;601687;579867;78.7;75.8
42;2021-10-03;89;176;601776;580043;78.7;75.8
42;2021-10-04;268;523;602044;580566;78.7;75.9
42;2021-10-05;281;463;602325;581029;78.8;76.0
43;2020-12-27;0;0;0;0;0.0;0.0
43;2020-12-28;0;0;0;0;0.0;0.0
43;2020-12-29;0;0;0;0;0.0;0.0
43;2020-12-30;0;0;0;0;0.0;0.0
43;2020-12-31;0;0;0;0;0.0;0.0
43;2021-01-01;0;0;0;0;0.0;0.0
43;2021-01-02;0;0;0;0;0.0;0.0
43;2021-01-03;0;0;0;0;0.0;0.0
43;2021-01-04;2;0;2;0;0.0;0.0
43;2021-01-05;0;0;2;0;0.0;0.0
43;2021-01-06;0;0;2;0;0.0;0.0
43;2021-01-07;167;0;169;0;0.1;0.0
43;2021-01-08;151;1;320;1;0.1;0.0
43;2021-01-09;0;0;320;1;0.1;0.0
43;2021-01-10;0;0;320;1;0.1;0.0
43;2021-01-11;137;0;457;1;0.2;0.0
43;2021-01-12;244;0;701;1;0.3;0.0
43;2021-01-13;244;2;945;3;0.4;0.0
43;2021-01-14;294;2;1239;5;0.5;0.0
43;2021-01-15;303;2;1542;7;0.7;0.0
43;2021-01-16;32;0;1574;7;0.7;0.0
43;2021-01-17;0;0;1574;7;0.7;0.0
43;2021-01-18;760;5;2334;12;1.0;0.0
43;2021-01-19;776;5;3110;17;1.4;0.0
43;2021-01-20;519;2;3629;19;1.6;0.0
43;2021-01-21;447;2;4076;21;1.8;0.0
43;2021-01-22;465;6;4541;27;2.0;0.0
43;2021-01-23;1;0;4542;27;2.0;0.0
43;2021-01-24;2;0;4544;27;2.0;0.0
43;2021-01-25;539;0;5083;27;2.2;0.0
43;2021-01-26;615;5;5698;32;2.5;0.0
43;2021-01-27;740;0;6438;32;2.8;0.0
43;2021-01-28;747;30;7185;62;3.2;0.0
43;2021-01-29;722;81;7907;143;3.5;0.1
43;2021-01-30;109;0;8016;143;3.5;0.1
43;2021-01-31;0;0;8016;143;3.5;0.1
43;2021-02-01;403;99;8419;242;3.7;0.1
43;2021-02-02;717;145;9136;387;4.0;0.2
43;2021-02-03;690;41;9826;428;4.3;0.2
43;2021-02-04;525;157;10351;585;4.6;0.3
43;2021-02-05;544;147;10895;732;4.8;0.3
43;2021-02-06;165;16;11060;748;4.9;0.3
43;2021-02-07;0;0;11060;748;4.9;0.3
43;2021-02-08;411;281;11471;1029;5.1;0.5
43;2021-02-09;368;414;11839;1443;5.2;0.6
43;2021-02-10;401;348;12240;1791;5.4;0.8
43;2021-02-11;388;312;12628;2103;5.6;0.9
43;2021-02-12;425;187;13053;2290;5.8;1.0
43;2021-02-13;570;41;13623;2331;6.0;1.0
43;2021-02-14;0;0;13623;2331;6.0;1.0
43;2021-02-15;69;385;13692;2716;6.0;1.2
43;2021-02-16;41;319;13733;3035;6.1;1.3
43;2021-02-17;87;426;13820;3461;6.1;1.5
43;2021-02-18;147;324;13967;3785;6.2;1.7
43;2021-02-19;278;459;14245;4244;6.3;1.9
43;2021-02-20;22;4;14267;4248;6.3;1.9
43;2021-02-21;0;0;14267;4248;6.3;1.9
43;2021-02-22;16;424;14283;4672;6.3;2.1
43;2021-02-23;202;709;14485;5381;6.4;2.4
43;2021-02-24;147;679;14632;6060;6.4;2.7
43;2021-02-25;228;618;14860;6678;6.5;2.9
43;2021-02-26;222;576;15082;7254;6.6;3.2
43;2021-02-27;139;60;15221;7314;6.7;3.2
43;2021-02-28;1;0;15222;7314;6.7;3.2
43;2021-03-01;210;438;15432;7752;6.8;3.4
43;2021-03-02;342;540;15774;8292;7.0;3.7
43;2021-03-03;338;548;16112;8840;7.1;3.9
43;2021-03-04;551;435;16663;9275;7.3;4.1
43;2021-03-05;566;427;17229;9702;7.6;4.3
43;2021-03-06;489;175;17718;9877;7.8;4.4
43;2021-03-07;12;0;17730;9877;7.8;4.4
43;2021-03-08;447;413;18177;10290;8.0;4.5
43;2021-03-09;621;350;18798;10640;8.3;4.7
43;2021-03-10;674;476;19472;11116;8.6;4.9
43;2021-03-11;953;429;20425;11545;9.0;5.1
43;2021-03-12;944;414;21369;11959;9.4;5.3
43;2021-03-13;792;108;22161;12067;9.8;5.3
43;2021-03-14;2;0;22163;12067;9.8;5.3
43;2021-03-15;706;143;22869;12210;10.1;5.4
43;2021-03-16;847;283;23716;12493;10.5;5.5
43;2021-03-17;638;138;24354;12631;10.7;5.6
43;2021-03-18;676;140;25030;12771;11.0;5.6
43;2021-03-19;839;91;25869;12862;11.4;5.7
43;2021-03-20;450;60;26319;12922;11.6;5.7
43;2021-03-21;0;0;26319;12922;11.6;5.7
43;2021-03-22;742;39;27061;12961;11.9;5.7
43;2021-03-23;872;49;27933;13010;12.3;5.7
43;2021-03-24;1174;96;29107;13106;12.8;5.8
43;2021-03-25;1594;161;30701;13267;13.5;5.8
43;2021-03-26;1609;192;32310;13459;14.2;5.9
43;2021-03-27;1449;79;33759;13538;14.9;6.0
43;2021-03-28;420;20;34179;13558;15.1;6.0
43;2021-03-29;1096;171;35275;13729;15.5;6.1
43;2021-03-30;1314;235;36589;13964;16.1;6.2
43;2021-03-31;1306;266;37895;14230;16.7;6.3
43;2021-04-01;1348;340;39243;14570;17.3;6.4
43;2021-04-02;1052;352;40295;14922;17.8;6.6
43;2021-04-03;340;198;40635;15120;17.9;6.7
43;2021-04-04;0;0;40635;15120;17.9;6.7
43;2021-04-05;3;0;40638;15120;17.9;6.7
43;2021-04-06;688;607;41326;15727;18.2;6.9
43;2021-04-07;868;576;42194;16303;18.6;7.2
43;2021-04-08;1086;463;43280;16766;19.1;7.4
43;2021-04-09;1147;662;44427;17428;19.6;7.7
43;2021-04-10;626;264;45053;17692;19.9;7.8
43;2021-04-11;0;0;45053;17692;19.9;7.8
43;2021-04-12;681;649;45734;18341;20.2;8.1
43;2021-04-13;917;726;46651;19067;20.6;8.4
43;2021-04-14;723;669;47374;19736;20.9;8.7
43;2021-04-15;959;701;48333;20437;21.3;9.0
43;2021-04-16;1008;694;49341;21131;21.7;9.3
43;2021-04-17;423;301;49764;21432;21.9;9.4
43;2021-04-18;3;5;49767;21437;21.9;9.4
43;2021-04-19;628;567;50395;22004;22.2;9.7
43;2021-04-20;839;675;51234;22679;22.6;10.0
43;2021-04-21;320;987;51554;23666;22.7;10.4
43;2021-04-22;680;1016;52234;24682;23.0;10.9
43;2021-04-23;401;1102;52635;25784;23.2;11.4
43;2021-04-24;347;1039;52982;26823;23.4;11.8
43;2021-04-25;23;403;53005;27226;23.4;12.0
43;2021-04-26;385;964;53390;28190;23.5;12.4
43;2021-04-27;825;984;54215;29174;23.9;12.9
43;2021-04-28;794;1108;55009;30282;24.2;13.3
43;2021-04-29;1236;1139;56245;31421;24.8;13.8
43;2021-04-30;1199;1067;57444;32488;25.3;14.3
43;2021-05-01;400;27;57844;32515;25.5;14.3
43;2021-05-02;1;0;57845;32515;25.5;14.3
43;2021-05-03;1218;408;59063;32923;26.0;14.5
43;2021-05-04;1237;956;60300;33879;26.6;14.9
43;2021-05-05;1143;848;61443;34727;27.1;15.3
43;2021-05-06;1405;938;62848;35665;27.7;15.7
43;2021-05-07;1089;1172;63937;36837;28.2;16.2
43;2021-05-08;521;136;64458;36973;28.4;16.3
43;2021-05-09;0;2;64458;36975;28.4;16.3
43;2021-05-10;1084;725;65542;37700;28.9;16.6
43;2021-05-11;1553;1010;67095;38710;29.6;17.1
43;2021-05-12;1482;809;68577;39519;30.2;17.4
43;2021-05-13;936;378;69513;39897;30.6;17.6
43;2021-05-14;2204;1110;71717;41007;31.6;18.1
43;2021-05-15;1271;315;72988;41322;32.2;18.2
43;2021-05-16;272;47;73260;41369;32.3;18.2
43;2021-05-17;1625;631;74885;42000;33.0;18.5
43;2021-05-18;1966;675;76851;42675;33.9;18.8
43;2021-05-19;2065;571;78916;43246;34.8;19.1
43;2021-05-20;2338;805;81254;44051;35.8;19.4
43;2021-05-21;2385;709;83639;44760;36.9;19.7
43;2021-05-22;1207;341;84846;45101;37.4;19.9
43;2021-05-23;1;0;84847;45101;37.4;19.9
43;2021-05-24;382;99;85229;45200;37.6;19.9
43;2021-05-25;1407;654;86636;45854;38.2;20.2
43;2021-05-26;1347;559;87983;46413;38.8;20.5
43;2021-05-27;1388;713;89371;47126;39.4;20.8
43;2021-05-28;1348;727;90719;47853;40.0;21.1
43;2021-05-29;1135;604;91854;48457;40.5;21.4
43;2021-05-30;149;17;92003;48474;40.5;21.4
43;2021-05-31;1207;442;93210;48916;41.1;21.6
43;2021-06-01;1280;985;94490;49901;41.6;22.0
43;2021-06-02;1086;700;95576;50601;42.1;22.3
43;2021-06-03;1192;856;96768;51457;42.6;22.7
43;2021-06-04;1351;859;98119;52316;43.2;23.1
43;2021-06-05;823;452;98942;52768;43.6;23.3
43;2021-06-06;10;5;98952;52773;43.6;23.3
43;2021-06-07;748;516;99700;53289;43.9;23.5
43;2021-06-08;664;706;100364;53995;44.2;23.8
43;2021-06-09;538;760;100902;54755;44.5;24.1
43;2021-06-10;807;1120;101709;55875;44.8;24.6
43;2021-06-11;761;1348;102470;57223;45.2;25.2
43;2021-06-12;914;514;103384;57737;45.6;25.4
43;2021-06-13;3;27;103387;57764;45.6;25.5
43;2021-06-14;446;1087;103833;58851;45.8;25.9
43;2021-06-15;629;1191;104462;60042;46.0;26.5
43;2021-06-16;549;974;105011;61016;46.3;26.9
43;2021-06-17;601;1500;105612;62516;46.5;27.6
43;2021-06-18;898;1464;106510;63980;46.9;28.2
43;2021-06-19;447;781;106957;64761;47.1;28.5
43;2021-06-20;0;12;106957;64773;47.1;28.5
43;2021-06-21;424;1306;107381;66079;47.3;29.1
43;2021-06-22;533;1958;107914;68037;47.6;30.0
43;2021-06-23;343;1743;108257;69780;47.7;30.8
43;2021-06-24;511;1492;108768;71272;47.9;31.4
43;2021-06-25;597;2345;109365;73617;48.2;32.4
43;2021-06-26;505;1245;109870;74862;48.4;33.0
43;2021-06-27;10;20;109880;74882;48.4;33.0
43;2021-06-28;341;1785;110221;76667;48.6;33.8
43;2021-06-29;525;2381;110746;79048;48.8;34.8
43;2021-06-30;460;2276;111206;81324;49.0;35.8
43;2021-07-01;473;1910;111679;83234;49.2;36.7
43;2021-07-02;500;1964;112179;85198;49.4;37.5
43;2021-07-03;258;1108;112437;86306;49.6;38.0
43;2021-07-04;1;0;112438;86306;49.6;38.0
43;2021-07-05;526;1202;112964;87508;49.8;38.6
43;2021-07-06;633;1681;113597;89189;50.1;39.3
43;2021-07-07;524;1423;114121;90612;50.3;39.9
43;2021-07-08;837;1417;114958;92029;50.7;40.6
43;2021-07-09;549;1500;115507;93529;50.9;41.2
43;2021-07-10;401;1337;115908;94866;51.1;41.8
43;2021-07-11;23;99;115931;94965;51.1;41.9
43;2021-07-12;604;1684;116535;96649;51.4;42.6
43;2021-07-13;1186;1849;117721;98498;51.9;43.4
43;2021-07-14;848;161;118569;98659;52.3;43.5
43;2021-07-15;1932;1840;120501;100499;53.1;44.3
43;2021-07-16;1752;1616;122253;102115;53.9;45.0
43;2021-07-17;1544;1202;123797;103317;54.6;45.5
43;2021-07-18;4;19;123801;103336;54.6;45.5
43;2021-07-19;1441;1257;125242;104593;55.2;46.1
43;2021-07-20;1895;1451;127137;106044;56.0;46.7
43;2021-07-21;1854;1113;128991;107157;56.8;47.2
43;2021-07-22;2110;1333;131101;108490;57.8;47.8
43;2021-07-23;1619;1325;132720;109815;58.5;48.4
43;2021-07-24;576;1000;133296;110815;58.7;48.8
43;2021-07-25;0;1;133296;110816;58.7;48.8
43;2021-07-26;1643;1071;134939;111887;59.5;49.3
43;2021-07-27;2284;1228;137223;113115;60.5;49.9
43;2021-07-28;1954;1093;139177;114208;61.3;50.3
43;2021-07-29;1986;1016;141163;115224;62.2;50.8
43;2021-07-30;1867;1337;143030;116561;63.0;51.4
43;2021-07-31;706;611;143736;117172;63.3;51.6
43;2021-08-01;13;21;143749;117193;63.4;51.6
43;2021-08-02;1535;969;145284;118162;64.0;52.1
43;2021-08-03;1405;1170;146689;119332;64.6;52.6
43;2021-08-04;1263;1109;147952;120441;65.2;53.1
43;2021-08-05;1254;1285;149206;121726;65.8;53.6
43;2021-08-06;1129;1465;150335;123191;66.3;54.3
43;2021-08-07;758;759;151093;123950;66.6;54.6
43;2021-08-08;5;0;151098;123950;66.6;54.6
43;2021-08-09;822;1636;151920;125586;67.0;55.3
43;2021-08-10;1023;1585;152943;127171;67.4;56.0
43;2021-08-11;680;1340;153623;128511;67.7;56.6
43;2021-08-12;875;1605;154498;130116;68.1;57.3
43;2021-08-13;681;1179;155179;131295;68.4;57.9
43;2021-08-14;364;557;155543;131852;68.6;58.1
43;2021-08-15;5;9;155548;131861;68.6;58.1
43;2021-08-16;686;1675;156234;133536;68.9;58.9
43;2021-08-17;712;1511;156946;135047;69.2;59.5
43;2021-08-18;558;1513;157504;136560;69.4;60.2
43;2021-08-19;641;1611;158145;138171;69.7;60.9
43;2021-08-20;518;1595;158663;139766;69.9;61.6
43;2021-08-21;239;555;158902;140321;70.0;61.8
43;2021-08-22;7;7;158909;140328;70.0;61.8
43;2021-08-23;500;1588;159409;141916;70.3;62.5
43;2021-08-24;518;1398;159927;143314;70.5;63.2
43;2021-08-25;521;1298;160448;144612;70.7;63.7
43;2021-08-26;475;1138;160923;145750;70.9;64.2
43;2021-08-27;529;1360;161452;147110;71.2;64.8
43;2021-08-28;176;499;161628;147609;71.2;65.1
43;2021-08-29;0;1;161628;147610;71.2;65.1
43;2021-08-30;483;1062;162111;148672;71.4;65.5
43;2021-08-31;382;890;162493;149562;71.6;65.9
43;2021-09-01;307;962;162800;150524;71.7;66.3
43;2021-09-02;308;969;163108;151493;71.9;66.8
43;2021-09-03;503;1017;163611;152510;72.1;67.2
43;2021-09-04;319;569;163930;153079;72.2;67.5
43;2021-09-05;39;24;163969;153103;72.3;67.5
43;2021-09-06;250;762;164219;153865;72.4;67.8
43;2021-09-07;237;715;164456;154580;72.5;68.1
43;2021-09-08;207;803;164663;155383;72.6;68.5
43;2021-09-09;268;810;164931;156193;72.7;68.8
43;2021-09-10;328;709;165259;156902;72.8;69.1
43;2021-09-11;266;457;165525;157359;73.0;69.4
43;2021-09-12;0;4;165525;157363;73.0;69.4
43;2021-09-13;148;517;165673;157880;73.0;69.6
43;2021-09-14;210;634;165883;158514;73.1;69.9
43;2021-09-15;221;498;166104;159012;73.2;70.1
43;2021-09-16;196;354;166300;159366;73.3;70.2
43;2021-09-17;234;530;166534;159896;73.4;70.5
43;2021-09-18;157;346;166691;160242;73.5;70.6
43;2021-09-19;2;4;166693;160246;73.5;70.6
43;2021-09-20;102;306;166795;160552;73.5;70.8
43;2021-09-21;149;321;166944;160873;73.6;70.9
43;2021-09-22;124;393;167068;161266;73.6;71.1
43;2021-09-23;71;292;167139;161558;73.7;71.2
43;2021-09-24;170;487;167309;162045;73.7;71.4
43;2021-09-25;102;295;167411;162340;73.8;71.5
43;2021-09-26;0;0;167411;162340;73.8;71.5
43;2021-09-27;152;340;167563;162680;73.8;71.7
43;2021-09-28;388;218;167951;162898;74.0;71.8
43;2021-09-29;144;301;168095;163199;74.1;71.9
43;2021-09-30;79;181;168174;163380;74.1;72.0
43;2021-10-01;139;321;168313;163701;74.2;72.1
43;2021-10-02;102;244;168415;163945;74.2;72.3
43;2021-10-03;3;7;168418;163952;74.2;72.3
43;2021-10-04;113;176;168531;164128;74.3;72.3
43;2021-10-05;108;181;168639;164309;74.3;72.4
44;2020-12-27;1;0;1;0;0.0;0.0
44;2020-12-28;3;0;4;0;0.0;0.0
44;2020-12-29;1;0;5;0;0.0;0.0
44;2020-12-30;2;0;7;0;0.0;0.0
44;2020-12-31;1;0;8;0;0.0;0.0
44;2021-01-01;2;0;10;0;0.0;0.0
44;2021-01-02;0;0;10;0;0.0;0.0
44;2021-01-03;4;0;14;0;0.0;0.0
44;2021-01-04;0;0;14;0;0.0;0.0
44;2021-01-05;2;0;16;0;0.0;0.0
44;2021-01-06;20;1;36;1;0.0;0.0
44;2021-01-07;187;0;223;1;0.0;0.0
44;2021-01-08;528;0;751;1;0.1;0.0
44;2021-01-09;473;0;1224;1;0.1;0.0
44;2021-01-10;456;1;1680;2;0.1;0.0
44;2021-01-11;800;1;2480;3;0.2;0.0
44;2021-01-12;910;1;3390;4;0.2;0.0
44;2021-01-13;1086;1;4476;5;0.3;0.0
44;2021-01-14;1116;6;5592;11;0.4;0.0
44;2021-01-15;987;1;6579;12;0.5;0.0
44;2021-01-16;336;2;6915;14;0.5;0.0
44;2021-01-17;328;1;7243;15;0.5;0.0
44;2021-01-18;856;3;8099;18;0.6;0.0
44;2021-01-19;2625;6;10724;24;0.7;0.0
44;2021-01-20;2746;4;13470;28;0.9;0.0
44;2021-01-21;4538;8;18008;36;1.3;0.0
44;2021-01-22;2415;7;20423;43;1.4;0.0
44;2021-01-23;767;1;21190;44;1.5;0.0
44;2021-01-24;120;0;21310;44;1.5;0.0
44;2021-01-25;840;0;22150;44;1.5;0.0
44;2021-01-26;2563;16;24713;60;1.7;0.0
44;2021-01-27;2103;55;26816;115;1.9;0.0
44;2021-01-28;3732;187;30548;302;2.1;0.0
44;2021-01-29;2370;440;32918;742;2.3;0.1
44;2021-01-30;628;190;33546;932;2.3;0.1
44;2021-01-31;14;176;33560;1108;2.3;0.1
44;2021-02-01;594;502;34154;1610;2.4;0.1
44;2021-02-02;878;696;35032;2306;2.4;0.2
44;2021-02-03;888;814;35920;3120;2.5;0.2
44;2021-02-04;938;661;36858;3781;2.6;0.3
44;2021-02-05;897;561;37755;4342;2.6;0.3
44;2021-02-06;471;230;38226;4572;2.7;0.3
44;2021-02-07;72;174;38298;4746;2.7;0.3
44;2021-02-08;522;385;38820;5131;2.7;0.4
44;2021-02-09;993;1108;39813;6239;2.8;0.4
44;2021-02-10;1144;1143;40957;7382;2.8;0.5
44;2021-02-11;2292;2941;43249;10323;3.0;0.7
44;2021-02-12;1662;1648;44911;11971;3.1;0.8
44;2021-02-13;433;407;45344;12378;3.2;0.9
44;2021-02-14;10;158;45354;12536;3.2;0.9
44;2021-02-15;505;831;45859;13367;3.2;0.9
44;2021-02-16;1439;2148;47298;15515;3.3;1.1
44;2021-02-17;1106;1855;48404;17370;3.4;1.2
44;2021-02-18;1959;3278;50363;20648;3.5;1.4
44;2021-02-19;1580;2289;51943;22937;3.6;1.6
44;2021-02-20;409;489;52352;23426;3.6;1.6
44;2021-02-21;6;171;52358;23597;3.6;1.6
44;2021-02-22;717;682;53075;24279;3.7;1.7
44;2021-02-23;1246;898;54321;25177;3.8;1.8
44;2021-02-24;1238;896;55559;26073;3.9;1.8
44;2021-02-25;2445;819;58004;26892;4.0;1.9
44;2021-02-26;2291;777;60295;27669;4.2;1.9
44;2021-02-27;975;343;61270;28012;4.3;1.9
44;2021-02-28;7;31;61277;28043;4.3;2.0
44;2021-03-01;988;456;62265;28499;4.3;2.0
44;2021-03-02;1814;874;64079;29373;4.5;2.0
44;2021-03-03;1860;976;65939;30349;4.6;2.1
44;2021-03-04;2882;1391;68821;31740;4.8;2.2
44;2021-03-05;3481;1225;72302;32965;5.0;2.3
44;2021-03-06;2507;408;74809;33373;5.2;2.3
44;2021-03-07;988;87;75797;33460;5.3;2.3
44;2021-03-08;1783;524;77580;33984;5.4;2.4
44;2021-03-09;3352;1002;80932;34986;5.6;2.4
44;2021-03-10;3079;1019;84011;36005;5.8;2.5
44;2021-03-11;4439;1693;88450;37698;6.2;2.6
44;2021-03-12;5892;1279;94342;38977;6.6;2.7
44;2021-03-13;3629;281;97971;39258;6.8;2.7
44;2021-03-14;431;62;98402;39320;6.8;2.7
44;2021-03-15;2687;360;101089;39680;7.0;2.8
44;2021-03-16;2149;619;103238;40299;7.2;2.8
44;2021-03-17;1960;653;105198;40952;7.3;2.8
44;2021-03-18;2169;632;107367;41584;7.5;2.9
44;2021-03-19;3785;362;111152;41946;7.7;2.9
44;2021-03-20;3213;297;114365;42243;8.0;2.9
44;2021-03-21;914;21;115279;42264;8.0;2.9
44;2021-03-22;2462;438;117741;42702;8.2;3.0
44;2021-03-23;3960;700;121701;43402;8.5;3.0
44;2021-03-24;4303;628;126004;44030;8.8;3.1
44;2021-03-25;5636;920;131640;44950;9.2;3.1
44;2021-03-26;6510;752;138150;45702;9.6;3.2
44;2021-03-27;3216;401;141366;46103;9.8;3.2
44;2021-03-28;1244;27;142610;46130;9.9;3.2
44;2021-03-29;3120;785;145730;46915;10.1;3.3
44;2021-03-30;5139;1102;150869;48017;10.5;3.3
44;2021-03-31;4612;1296;155481;49313;10.8;3.4
44;2021-04-01;6140;1008;161621;50321;11.2;3.5
44;2021-04-02;5795;951;167416;51272;11.6;3.6
44;2021-04-03;2435;650;169851;51922;11.8;3.6
44;2021-04-04;667;21;170518;51943;11.9;3.6
44;2021-04-05;692;288;171210;52231;11.9;3.6
44;2021-04-06;4216;1371;175426;53602;12.2;3.7
44;2021-04-07;5075;1649;180501;55251;12.6;3.8
44;2021-04-08;7182;1668;187683;56919;13.1;4.0
44;2021-04-09;10065;1815;197748;58734;13.8;4.1
44;2021-04-10;4563;1454;202311;60188;14.1;4.2
44;2021-04-11;2148;424;204459;60612;14.2;4.2
44;2021-04-12;5464;1588;209923;62200;14.6;4.3
44;2021-04-13;6727;2256;216650;64456;15.1;4.5
44;2021-04-14;5912;2239;222562;66695;15.5;4.6
44;2021-04-15;6709;2208;229271;68903;16.0;4.8
44;2021-04-16;7785;2048;237056;70951;16.5;4.9
44;2021-04-17;4300;1383;241356;72334;16.8;5.0
44;2021-04-18;2253;819;243609;73153;17.0;5.1
44;2021-04-19;5042;1901;248651;75054;17.3;5.2
44;2021-04-20;6282;2643;254933;77697;17.7;5.4
44;2021-04-21;6006;2787;260939;80484;18.2;5.6
44;2021-04-22;6958;2508;267897;82992;18.6;5.8
44;2021-04-23;7335;3184;275232;86176;19.2;6.0
44;2021-04-24;3971;2045;279203;88221;19.4;6.1
44;2021-04-25;2076;1058;281279;89279;19.6;6.2
44;2021-04-26;5648;2751;286927;92030;20.0;6.4
44;2021-04-27;7415;4076;294342;96106;20.5;6.7
44;2021-04-28;7608;3773;301950;99879;21.0;6.9
44;2021-04-29;8964;4269;310914;104148;21.6;7.2
44;2021-04-30;9569;4681;320483;108829;22.3;7.6
44;2021-05-01;2848;919;323331;109748;22.5;7.6
44;2021-05-02;1903;618;325234;110366;22.6;7.7
44;2021-05-03;5547;4060;330781;114426;23.0;8.0
44;2021-05-04;6327;5111;337108;119537;23.5;8.3
44;2021-05-05;6071;4607;343179;124144;23.9;8.6
44;2021-05-06;7255;4871;350434;129015;24.4;9.0
44;2021-05-07;7451;5691;357885;134706;24.9;9.4
44;2021-05-08;2583;1262;360468;135968;25.1;9.5
44;2021-05-09;1801;1810;362269;137778;25.2;9.6
44;2021-05-10;6574;5767;368843;143545;25.7;10.0
44;2021-05-11;7787;6253;376630;149798;26.2;10.4
44;2021-05-12;8195;5705;384825;155503;26.8;10.8
44;2021-05-13;5304;1193;390129;156696;27.1;10.9
44;2021-05-14;7587;3969;397716;160665;27.7;11.2
44;2021-05-15;5008;2233;402724;162898;28.0;11.3
44;2021-05-16;2791;739;405515;163637;28.2;11.4
44;2021-05-17;6744;5138;412259;168775;28.7;11.7
44;2021-05-18;7962;5210;420221;173985;29.2;12.1
44;2021-05-19;8165;4270;428386;178255;29.8;12.4
44;2021-05-20;8367;4646;436753;182901;30.4;12.7
44;2021-05-21;8844;5189;445597;188090;31.0;13.1
44;2021-05-22;5097;2231;450694;190321;31.4;13.2
44;2021-05-23;1759;824;452453;191145;31.5;13.3
44;2021-05-24;4884;1616;457337;192761;31.8;13.4
44;2021-05-25;7740;5542;465077;198303;32.4;13.8
44;2021-05-26;8181;5042;473258;203345;32.9;14.1
44;2021-05-27;9659;5340;482917;208685;33.6;14.5
44;2021-05-28;9182;6890;492099;215575;34.2;15.0
44;2021-05-29;5883;3310;497982;218885;34.7;15.2
44;2021-05-30;1775;705;499757;219590;34.8;15.3
44;2021-05-31;8059;6169;507816;225759;35.3;15.7
44;2021-06-01;9905;6543;517721;232302;36.0;16.2
44;2021-06-02;9533;5681;527254;237983;36.7;16.6
44;2021-06-03;10852;5866;538106;243849;37.4;17.0
44;2021-06-04;9959;8068;548065;251917;38.1;17.5
44;2021-06-05;5780;4331;553845;256248;38.5;17.8
44;2021-06-06;2361;1130;556206;257378;38.7;17.9
44;2021-06-07;9548;6927;565754;264305;39.4;18.4
44;2021-06-08;10908;7501;576662;271806;40.1;18.9
44;2021-06-09;10552;6312;587214;278118;40.9;19.4
44;2021-06-10;11425;6037;598639;284155;41.7;19.8
44;2021-06-11;11959;8630;610598;292785;42.5;20.4
44;2021-06-12;7761;4094;618359;296879;43.0;20.7
44;2021-06-13;2792;1004;621151;297883;43.2;20.7
44;2021-06-14;8760;8412;629911;306295;43.8;21.3
44;2021-06-15;11705;8255;641616;314550;44.6;21.9
44;2021-06-16;10976;7658;652592;322208;45.4;22.4
44;2021-06-17;11725;8682;664317;330890;46.2;23.0
44;2021-06-18;10900;10114;675217;341004;47.0;23.7
44;2021-06-19;5883;4318;681100;345322;47.4;24.0
44;2021-06-20;2535;1338;683635;346660;47.6;24.1
44;2021-06-21;7349;10011;690984;356671;48.1;24.8
44;2021-06-22;8469;10623;699453;367294;48.7;25.6
44;2021-06-23;8554;9138;708007;376432;49.3;26.2
44;2021-06-24;9123;8563;717130;384995;49.9;26.8
44;2021-06-25;7643;10815;724773;395810;50.4;27.5
44;2021-06-26;2958;6464;727731;402274;50.6;28.0
44;2021-06-27;816;2403;728547;404677;50.7;28.2
44;2021-06-28;5229;10054;733776;414731;51.1;28.9
44;2021-06-29;6179;12080;739955;426811;51.5;29.7
44;2021-06-30;6184;10446;746139;437257;51.9;30.4
44;2021-07-01;6929;10475;753068;447732;52.4;31.2
44;2021-07-02;6693;12549;759761;460281;52.9;32.0
44;2021-07-03;2584;7002;762345;467283;53.0;32.5
44;2021-07-04;995;2235;763340;469518;53.1;32.7
44;2021-07-05;5315;11868;768655;481386;53.5;33.5
44;2021-07-06;6058;12598;774713;493984;53.9;34.4
44;2021-07-07;6513;11099;781226;505083;54.4;35.1
44;2021-07-08;7392;11953;788618;517036;54.9;36.0
44;2021-07-09;6260;14246;794878;531282;55.3;37.0
44;2021-07-10;2446;7007;797324;538289;55.5;37.5
44;2021-07-11;731;2262;798055;540551;55.5;37.6
44;2021-07-12;4395;14050;802450;554601;55.8;38.6
44;2021-07-13;5767;14846;808217;569447;56.2;39.6
44;2021-07-14;3688;5809;811905;575256;56.5;40.0
44;2021-07-15;7228;14281;819133;589537;57.0;41.0
44;2021-07-16;8233;14989;827366;604526;57.6;42.1
44;2021-07-17;3371;7576;830737;612102;57.8;42.6
44;2021-07-18;1433;2548;832170;614650;57.9;42.8
44;2021-07-19;4869;14695;837039;629345;58.2;43.8
44;2021-07-20;6034;15668;843073;645013;58.7;44.9
44;2021-07-21;5843;13987;848916;659000;59.1;45.9
44;2021-07-22;6723;13746;855639;672746;59.5;46.8
44;2021-07-23;6160;15625;861799;688371;60.0;47.9
44;2021-07-24;2856;8716;864655;697087;60.2;48.5
44;2021-07-25;945;3088;865600;700175;60.2;48.7
44;2021-07-26;6082;12680;871682;712855;60.7;49.6
44;2021-07-27;9714;12190;881396;725045;61.3;50.5
44;2021-07-28;9263;10844;890659;735889;62.0;51.2
44;2021-07-29;10287;10839;900946;746728;62.7;52.0
44;2021-07-30;9183;10924;910129;757652;63.3;52.7
44;2021-07-31;4791;5652;914920;763304;63.7;53.1
44;2021-08-01;2573;1409;917493;764713;63.8;53.2
44;2021-08-02;6631;9472;924124;774185;64.3;53.9
44;2021-08-03;8467;8536;932591;782721;64.9;54.5
44;2021-08-04;9128;6986;941719;789707;65.5;55.0
44;2021-08-05;11570;7521;953289;797228;66.3;55.5
44;2021-08-06;9699;8201;962988;805429;67.0;56.0
44;2021-08-07;4609;3702;967597;809131;67.3;56.3
44;2021-08-08;2540;1727;970137;810858;67.5;56.4
44;2021-08-09;8907;7979;979044;818837;68.1;57.0
44;2021-08-10;10272;7623;989316;826460;68.8;57.5
44;2021-08-11;10420;6789;999736;833249;69.6;58.0
44;2021-08-12;10420;7345;1010156;840594;70.3;58.5
44;2021-08-13;8460;6166;1018616;846760;70.9;58.9
44;2021-08-14;3233;3221;1021849;849981;71.1;59.1
44;2021-08-15;716;933;1022565;850914;71.2;59.2
44;2021-08-16;5854;8306;1028419;859220;71.6;59.8
44;2021-08-17;5606;8180;1034025;867400;72.0;60.4
44;2021-08-18;4819;7621;1038844;875021;72.3;60.9
44;2021-08-19;4974;8351;1043818;883372;72.6;61.5
44;2021-08-20;4499;8922;1048317;892294;72.9;62.1
44;2021-08-21;1960;4612;1050277;896906;73.1;62.4
44;2021-08-22;712;2441;1050989;899347;73.1;62.6
44;2021-08-23;3675;9433;1054664;908780;73.4;63.2
44;2021-08-24;3644;8698;1058308;917478;73.6;63.8
44;2021-08-25;3145;8586;1061453;926064;73.9;64.4
44;2021-08-26;2966;10340;1064419;936404;74.1;65.2
44;2021-08-27;3083;10452;1067502;946856;74.3;65.9
44;2021-08-28;1386;5849;1068888;952705;74.4;66.3
44;2021-08-29;565;2706;1069453;955411;74.4;66.5
44;2021-08-30;2666;10967;1072119;966378;74.6;67.2
44;2021-08-31;2825;11228;1074944;977606;74.8;68.0
44;2021-09-01;2708;9936;1077652;987542;75.0;68.7
44;2021-09-02;2261;8741;1079913;996283;75.1;69.3
44;2021-09-03;2145;10205;1082058;1006488;75.3;70.0
44;2021-09-04;1449;6025;1083507;1012513;75.4;70.5
44;2021-09-05;442;1434;1083949;1013947;75.4;70.6
44;2021-09-06;1648;6625;1085597;1020572;75.5;71.0
44;2021-09-07;1481;5776;1087078;1026348;75.6;71.4
44;2021-09-08;1899;6521;1088977;1032869;75.8;71.9
44;2021-09-09;1509;5153;1090486;1038022;75.9;72.2
44;2021-09-10;1835;6492;1092321;1044514;76.0;72.7
44;2021-09-11;1089;4164;1093410;1048678;76.1;73.0
44;2021-09-12;233;850;1093643;1049528;76.1;73.0
44;2021-09-13;1203;4389;1094846;1053917;76.2;73.3
44;2021-09-14;1121;4391;1095967;1058308;76.3;73.6
44;2021-09-15;1447;4489;1097414;1062797;76.4;74.0
44;2021-09-16;990;2381;1098404;1065178;76.4;74.1
44;2021-09-17;1258;3848;1099662;1069026;76.5;74.4
44;2021-09-18;776;3131;1100438;1072157;76.6;74.6
44;2021-09-19;215;703;1100653;1072860;76.6;74.7
44;2021-09-20;916;2207;1101569;1075067;76.7;74.8
44;2021-09-21;748;1869;1102317;1076936;76.7;74.9
44;2021-09-22;940;3546;1103257;1080482;76.8;75.2
44;2021-09-23;832;1932;1104089;1082414;76.8;75.3
44;2021-09-24;1105;2999;1105194;1085413;76.9;75.5
44;2021-09-25;499;2292;1105693;1087705;76.9;75.7
44;2021-09-26;185;486;1105878;1088191;77.0;75.7
44;2021-09-27;770;1788;1106648;1089979;77.0;75.8
44;2021-09-28;658;1676;1107306;1091655;77.0;76.0
44;2021-09-29;964;2506;1108270;1094161;77.1;76.1
44;2021-09-30;721;1516;1108991;1095677;77.2;76.2
44;2021-10-01;912;2268;1109903;1097945;77.2;76.4
44;2021-10-02;475;1319;1110378;1099264;77.3;76.5
44;2021-10-03;219;362;1110597;1099626;77.3;76.5
44;2021-10-04;504;963;1111101;1100589;77.3;76.6
44;2021-10-05;454;966;1111555;1101555;77.3;76.6
45;2020-12-27;0;0;0;0;0.0;0.0
45;2020-12-28;1;0;1;0;0.0;0.0
45;2020-12-29;0;0;1;0;0.0;0.0
45;2020-12-30;0;0;1;0;0.0;0.0
45;2020-12-31;1;0;2;0;0.0;0.0
45;2021-01-01;0;0;2;0;0.0;0.0
45;2021-01-02;0;0;2;0;0.0;0.0
45;2021-01-03;0;0;2;0;0.0;0.0
45;2021-01-04;0;0;2;0;0.0;0.0
45;2021-01-05;76;0;78;0;0.0;0.0
45;2021-01-06;68;0;146;0;0.0;0.0
45;2021-01-07;213;0;359;0;0.1;0.0
45;2021-01-08;199;1;558;1;0.1;0.0
45;2021-01-09;42;0;600;1;0.1;0.0
45;2021-01-10;23;0;623;1;0.1;0.0
45;2021-01-11;254;0;877;1;0.1;0.0
45;2021-01-12;680;3;1557;4;0.2;0.0
45;2021-01-13;496;1;2053;5;0.3;0.0
45;2021-01-14;493;39;2546;44;0.4;0.0
45;2021-01-15;391;3;2937;47;0.4;0.0
45;2021-01-16;39;1;2976;48;0.4;0.0
45;2021-01-17;24;0;3000;48;0.4;0.0
45;2021-01-18;816;1;3816;49;0.6;0.0
45;2021-01-19;1197;5;5013;54;0.7;0.0
45;2021-01-20;2119;12;7132;66;1.0;0.0
45;2021-01-21;2521;6;9653;72;1.4;0.0
45;2021-01-22;1409;6;11062;78;1.6;0.0
45;2021-01-23;124;0;11186;78;1.6;0.0
45;2021-01-24;39;0;11225;78;1.6;0.0
45;2021-01-25;557;3;11782;81;1.7;0.0
45;2021-01-26;870;16;12652;97;1.9;0.0
45;2021-01-27;650;42;13302;139;1.9;0.0
45;2021-01-28;881;197;14183;336;2.1;0.0
45;2021-01-29;578;109;14761;445;2.2;0.1
45;2021-01-30;40;35;14801;480;2.2;0.1
45;2021-01-31;37;22;14838;502;2.2;0.1
45;2021-02-01;461;192;15299;694;2.2;0.1
45;2021-02-02;761;436;16060;1130;2.4;0.2
45;2021-02-03;773;443;16833;1573;2.5;0.2
45;2021-02-04;715;257;17548;1830;2.6;0.3
45;2021-02-05;418;149;17966;1979;2.6;0.3
45;2021-02-06;39;25;18005;2004;2.6;0.3
45;2021-02-07;7;24;18012;2028;2.6;0.3
45;2021-02-08;455;175;18467;2203;2.7;0.3
45;2021-02-09;1006;356;19473;2559;2.9;0.4
45;2021-02-10;1279;766;20752;3325;3.0;0.5
45;2021-02-11;1385;1441;22137;4766;3.2;0.7
45;2021-02-12;1052;1069;23189;5835;3.4;0.9
45;2021-02-13;85;148;23274;5983;3.4;0.9
45;2021-02-14;40;11;23314;5994;3.4;0.9
45;2021-02-15;524;451;23838;6445;3.5;0.9
45;2021-02-16;757;721;24595;7166;3.6;1.0
45;2021-02-17;642;803;25237;7969;3.7;1.2
45;2021-02-18;841;649;26078;8618;3.8;1.3
45;2021-02-19;827;635;26905;9253;3.9;1.4
45;2021-02-20;59;75;26964;9328;3.9;1.4
45;2021-02-21;17;33;26981;9361;4.0;1.4
45;2021-02-22;409;466;27390;9827;4.0;1.4
45;2021-02-23;816;574;28206;10401;4.1;1.5
45;2021-02-24;654;695;28860;11096;4.2;1.6
45;2021-02-25;963;587;29823;11683;4.4;1.7
45;2021-02-26;1044;519;30867;12202;4.5;1.8
45;2021-02-27;290;33;31157;12235;4.6;1.8
45;2021-02-28;28;2;31185;12237;4.6;1.8
45;2021-03-01;536;249;31721;12486;4.6;1.8
45;2021-03-02;668;570;32389;13056;4.7;1.9
45;2021-03-03;981;742;33370;13798;4.9;2.0
45;2021-03-04;1108;912;34478;14710;5.0;2.2
45;2021-03-05;1445;774;35923;15484;5.3;2.3
45;2021-03-06;2021;126;37944;15610;5.6;2.3
45;2021-03-07;143;53;38087;15663;5.6;2.3
45;2021-03-08;754;766;38841;16429;5.7;2.4
45;2021-03-09;1256;591;40097;17020;5.9;2.5
45;2021-03-10;1591;809;41688;17829;6.1;2.6
45;2021-03-11;1722;685;43410;18514;6.4;2.7
45;2021-03-12;2072;567;45482;19081;6.7;2.8
45;2021-03-13;988;44;46470;19125;6.8;2.8
45;2021-03-14;24;39;46494;19164;6.8;2.8
45;2021-03-15;810;572;47304;19736;6.9;2.9
45;2021-03-16;942;811;48246;20547;7.1;3.0
45;2021-03-17;1054;652;49300;21199;7.2;3.1
45;2021-03-18;997;572;50297;21771;7.4;3.2
45;2021-03-19;1619;418;51916;22189;7.6;3.2
45;2021-03-20;498;80;52414;22269;7.7;3.3
45;2021-03-21;20;35;52434;22304;7.7;3.3
45;2021-03-22;915;519;53349;22823;7.8;3.3
45;2021-03-23;1985;710;55334;23533;8.1;3.4
45;2021-03-24;1897;541;57231;24074;8.4;3.5
45;2021-03-25;2983;452;60214;24526;8.8;3.6
45;2021-03-26;3390;483;63604;25009;9.3;3.7
45;2021-03-27;1796;123;65400;25132;9.6;3.7
45;2021-03-28;89;40;65489;25172;9.6;3.7
45;2021-03-29;1531;538;67020;25710;9.8;3.8
45;2021-03-30;2785;779;69805;26489;10.2;3.9
45;2021-03-31;2134;578;71939;27067;10.5;4.0
45;2021-04-01;2968;565;74907;27632;11.0;4.0
45;2021-04-02;2827;513;77734;28145;11.4;4.1
45;2021-04-03;810;71;78544;28216;11.5;4.1
45;2021-04-04;113;33;78657;28249;11.5;4.1
45;2021-04-05;15;2;78672;28251;11.5;4.1
45;2021-04-06;1735;792;80407;29043;11.8;4.3
45;2021-04-07;1775;1112;82182;30155;12.0;4.4
45;2021-04-08;2772;1021;84954;31176;12.4;4.6
45;2021-04-09;3676;647;88630;31823;13.0;4.7
45;2021-04-10;2323;118;90953;31941;13.3;4.7
45;2021-04-11;153;24;91106;31965;13.3;4.7
45;2021-04-12;2606;670;93712;32635;13.7;4.8
45;2021-04-13;3848;1091;97560;33726;14.3;4.9
45;2021-04-14;2930;1218;100490;34944;14.7;5.1
45;2021-04-15;3518;1040;104008;35984;15.2;5.3
45;2021-04-16;3775;691;107783;36675;15.8;5.4
45;2021-04-17;1614;112;109397;36787;16.0;5.4
45;2021-04-18;200;42;109597;36829;16.0;5.4
45;2021-04-19;1938;940;111535;37769;16.3;5.5
45;2021-04-20;3074;1694;114609;39463;16.8;5.8
45;2021-04-21;2724;1304;117333;40767;17.2;6.0
45;2021-04-22;3420;1844;120753;42611;17.7;6.2
45;2021-04-23;3278;1784;124031;44395;18.2;6.5
45;2021-04-24;2023;867;126054;45262;18.5;6.6
45;2021-04-25;291;86;126345;45348;18.5;6.6
45;2021-04-26;2228;1163;128573;46511;18.8;6.8
45;2021-04-27;3351;2350;131924;48861;19.3;7.2
45;2021-04-28;2802;1936;134726;50797;19.7;7.4
45;2021-04-29;3854;2320;138580;53117;20.3;7.8
45;2021-04-30;4391;1801;142971;54918;20.9;8.0
45;2021-05-01;451;61;143422;54979;21.0;8.1
45;2021-05-02;627;122;144049;55101;21.1;8.1
45;2021-05-03;2821;992;146870;56093;21.5;8.2
45;2021-05-04;3157;2349;150027;58442;22.0;8.6
45;2021-05-05;2715;2161;152742;60603;22.4;8.9
45;2021-05-06;3330;2539;156072;63142;22.9;9.2
45;2021-05-07;2871;3183;158943;66325;23.3;9.7
45;2021-05-08;613;244;159556;66569;23.4;9.7
45;2021-05-09;1498;132;161054;66701;23.6;9.8
45;2021-05-10;4139;2968;165193;69669;24.2;10.2
45;2021-05-11;5030;2969;170223;72638;24.9;10.6
45;2021-05-12;6078;2772;176301;75410;25.8;11.0
45;2021-05-13;2449;598;178750;76008;26.2;11.1
45;2021-05-14;4965;1629;183715;77637;26.9;11.4
45;2021-05-15;4064;615;187779;78252;27.5;11.5
45;2021-05-16;289;33;188068;78285;27.5;11.5
45;2021-05-17;3359;1528;191427;79813;28.0;11.7
45;2021-05-18;5117;1681;196544;81494;28.8;11.9
45;2021-05-19;4494;2064;201038;83558;29.4;12.2
45;2021-05-20;5268;2137;206306;85695;30.2;12.5
45;2021-05-21;5141;2224;211447;87919;31.0;12.9
45;2021-05-22;3042;632;214489;88551;31.4;13.0
45;2021-05-23;15;94;214504;88645;31.4;13.0
45;2021-05-24;2826;215;217330;88860;31.8;13.0
45;2021-05-25;4961;3030;222291;91890;32.6;13.5
45;2021-05-26;5108;2337;227399;94227;33.3;13.8
45;2021-05-27;5306;3229;232705;97456;34.1;14.3
45;2021-05-28;5665;3590;238370;101046;34.9;14.8
45;2021-05-29;3671;1288;242041;102334;35.4;15.0
45;2021-05-30;33;182;242074;102516;35.4;15.0
45;2021-05-31;4331;2513;246405;105029;36.1;15.4
45;2021-06-01;6090;3003;252495;108032;37.0;15.8
45;2021-06-02;4937;3107;257432;111139;37.7;16.3
45;2021-06-03;5616;3199;263048;114338;38.5;16.7
45;2021-06-04;5895;3178;268943;117516;39.4;17.2
45;2021-06-05;2035;1332;270978;118848;39.7;17.4
45;2021-06-06;88;198;271066;119046;39.7;17.4
45;2021-06-07;4081;2722;275147;121768;40.3;17.8
45;2021-06-08;4646;4071;279793;125839;41.0;18.4
45;2021-06-09;4356;3343;284149;129182;41.6;18.9
45;2021-06-10;4646;2687;288795;131869;42.3;19.3
45;2021-06-11;4121;3661;292916;135530;42.9;19.8
45;2021-06-12;2440;1504;295356;137034;43.3;20.1
45;2021-06-13;21;424;295377;137458;43.3;20.1
45;2021-06-14;3142;4151;298519;141609;43.7;20.7
45;2021-06-15;3388;4324;301907;145933;44.2;21.4
45;2021-06-16;3904;3452;305811;149385;44.8;21.9
45;2021-06-17;3523;3538;309334;152923;45.3;22.4
45;2021-06-18;3799;5028;313133;157951;45.9;23.1
45;2021-06-19;2393;1761;315526;159712;46.2;23.4
45;2021-06-20;48;142;315574;159854;46.2;23.4
45;2021-06-21;2164;5851;317738;165705;46.5;24.3
45;2021-06-22;2417;6529;320155;172234;46.9;25.2
45;2021-06-23;2282;5598;322437;177832;47.2;26.0
45;2021-06-24;2136;3531;324573;181363;47.5;26.6
45;2021-06-25;2444;6446;327017;187809;47.9;27.5
45;2021-06-26;1948;3094;328965;190903;48.2;28.0
45;2021-06-27;53;138;329018;191041;48.2;28.0
45;2021-06-28;2083;4828;331101;195869;48.5;28.7
45;2021-06-29;2847;6816;333948;202685;48.9;29.7
45;2021-06-30;2888;5852;336836;208537;49.3;30.5
45;2021-07-01;2398;5038;339234;213575;49.7;31.3
45;2021-07-02;2378;6282;341612;219857;50.0;32.2
45;2021-07-03;754;2540;342366;222397;50.1;32.6
45;2021-07-04;6;12;342372;222409;50.1;32.6
45;2021-07-05;2143;4991;344515;227400;50.4;33.3
45;2021-07-06;2806;6777;347321;234177;50.9;34.3
45;2021-07-07;2447;6061;349768;240238;51.2;35.2
45;2021-07-08;2826;5376;352594;245614;51.6;36.0
45;2021-07-09;2146;6984;354740;252598;51.9;37.0
45;2021-07-10;1553;3862;356293;256460;52.2;37.6
45;2021-07-11;24;31;356317;256491;52.2;37.6
45;2021-07-12;1591;5996;357908;262487;52.4;38.4
45;2021-07-13;3042;8236;360950;270723;52.9;39.6
45;2021-07-14;1480;1519;362430;272242;53.1;39.9
45;2021-07-15;3734;7289;366164;279531;53.6;40.9
45;2021-07-16;3255;7446;369419;286977;54.1;42.0
45;2021-07-17;1285;2332;370704;289309;54.3;42.4
45;2021-07-18;15;19;370719;289328;54.3;42.4
45;2021-07-19;1870;5935;372589;295263;54.6;43.2
45;2021-07-20;4757;6900;377346;302163;55.3;44.2
45;2021-07-21;5175;5478;382521;307641;56.0;45.0
45;2021-07-22;6178;4904;388699;312545;56.9;45.8
45;2021-07-23;4260;5479;392959;318024;57.5;46.6
45;2021-07-24;1863;2824;394822;320848;57.8;47.0
45;2021-07-25;5;14;394827;320862;57.8;47.0
45;2021-07-26;2913;4983;397740;325845;58.2;47.7
45;2021-07-27;5465;5084;403205;330929;59.0;48.5
45;2021-07-28;4989;4181;408194;335110;59.8;49.1
45;2021-07-29;5279;3255;413473;338365;60.5;49.5
45;2021-07-30;4761;4708;418234;343073;61.2;50.2
45;2021-07-31;849;1950;419083;345023;61.4;50.5
45;2021-08-01;2;4;419085;345027;61.4;50.5
45;2021-08-02;3635;3244;422720;348271;61.9;51.0
45;2021-08-03;4877;3010;427597;351281;62.6;51.4
45;2021-08-04;3743;2235;431340;353516;63.2;51.8
45;2021-08-05;3327;2637;434667;356153;63.7;52.2
45;2021-08-06;3747;3270;438414;359423;64.2;52.6
45;2021-08-07;1679;1050;440093;360473;64.4;52.8
45;2021-08-08;9;18;440102;360491;64.4;52.8
45;2021-08-09;2627;3014;442729;363505;64.8;53.2
45;2021-08-10;3516;3807;446245;367312;65.3;53.8
45;2021-08-11;2702;3720;448947;371032;65.7;54.3
45;2021-08-12;2093;3431;451040;374463;66.0;54.8
45;2021-08-13;1745;4224;452785;378687;66.3;55.5
45;2021-08-14;682;956;453467;379643;66.4;55.6
45;2021-08-15;62;31;453529;379674;66.4;55.6
45;2021-08-16;1159;2319;454688;381993;66.6;55.9
45;2021-08-17;1858;3448;456546;385441;66.9;56.4
45;2021-08-18;1782;4050;458328;389491;67.1;57.0
45;2021-08-19;1445;4268;459773;393759;67.3;57.7
45;2021-08-20;1424;3681;461197;397440;67.5;58.2
45;2021-08-21;905;1154;462102;398594;67.7;58.4
45;2021-08-22;4;8;462106;398602;67.7;58.4
45;2021-08-23;1332;4246;463438;402848;67.9;59.0
45;2021-08-24;1736;4522;465174;407370;68.1;59.7
45;2021-08-25;1585;3725;466759;411095;68.4;60.2
45;2021-08-26;1010;3450;467769;414545;68.5;60.7
45;2021-08-27;1432;4981;469201;419526;68.7;61.4
45;2021-08-28;878;2030;470079;421556;68.8;61.7
45;2021-08-29;100;38;470179;421594;68.9;61.7
45;2021-08-30;1221;4117;471400;425711;69.0;62.3
45;2021-08-31;1076;4514;472476;430225;69.2;63.0
45;2021-09-01;1104;3550;473580;433775;69.3;63.5
45;2021-09-02;924;3355;474504;437130;69.5;64.0
45;2021-09-03;1089;3845;475593;440975;69.6;64.6
45;2021-09-04;495;1318;476088;442293;69.7;64.8
45;2021-09-05;1;16;476089;442309;69.7;64.8
45;2021-09-06;884;2822;476973;445131;69.8;65.2
45;2021-09-07;709;2232;477682;447363;70.0;65.5
45;2021-09-08;856;2620;478538;449983;70.1;65.9
45;2021-09-09;798;1681;479336;451664;70.2;66.1
45;2021-09-10;785;1882;480121;453546;70.3;66.4
45;2021-09-11;442;1607;480563;455153;70.4;66.7
45;2021-09-12;372;369;480935;455522;70.4;66.7
45;2021-09-13;436;1297;481371;456819;70.5;66.9
45;2021-09-14;757;2080;482128;458899;70.6;67.2
45;2021-09-15;797;1825;482925;460724;70.7;67.5
45;2021-09-16;802;960;483727;461684;70.8;67.6
45;2021-09-17;765;1654;484492;463338;70.9;67.8
45;2021-09-18;481;992;484973;464330;71.0;68.0
45;2021-09-19;2;29;484975;464359;71.0;68.0
45;2021-09-20;412;980;485387;465339;71.1;68.1
45;2021-09-21;446;749;485833;466088;71.1;68.3
45;2021-09-22;439;1702;486272;467790;71.2;68.5
45;2021-09-23;528;839;486800;468629;71.3;68.6
45;2021-09-24;578;1375;487378;470004;71.4;68.8
45;2021-09-25;351;782;487729;470786;71.4;68.9
45;2021-09-26;2;11;487731;470797;71.4;68.9
45;2021-09-27;435;757;488166;471554;71.5;69.1
45;2021-09-28;449;753;488615;472307;71.6;69.2
45;2021-09-29;477;967;489092;473274;71.6;69.3
45;2021-09-30;356;822;489448;474096;71.7;69.4
45;2021-10-01;317;767;489765;474863;71.7;69.5
45;2021-10-02;292;544;490057;475407;71.8;69.6
45;2021-10-03;98;368;490155;475775;71.8;69.7
45;2021-10-04;219;341;490374;476116;71.8;69.7
45;2021-10-05;345;653;490719;476769;71.9;69.8
46;2020-12-27;4;0;4;0;0.0;0.0
46;2020-12-28;0;0;4;0;0.0;0.0
46;2020-12-29;0;0;4;0;0.0;0.0
46;2020-12-30;0;0;4;0;0.0;0.0
46;2020-12-31;0;0;4;0;0.0;0.0
46;2021-01-01;0;0;4;0;0.0;0.0
46;2021-01-02;0;0;4;0;0.0;0.0
46;2021-01-03;1;0;5;0;0.0;0.0
46;2021-01-04;0;0;5;0;0.0;0.0
46;2021-01-05;0;0;5;0;0.0;0.0
46;2021-01-06;3;0;8;0;0.0;0.0
46;2021-01-07;136;0;144;0;0.1;0.0
46;2021-01-08;181;0;325;0;0.2;0.0
46;2021-01-09;1;0;326;0;0.2;0.0
46;2021-01-10;2;0;328;0;0.2;0.0
46;2021-01-11;118;0;446;0;0.3;0.0
46;2021-01-12;140;0;586;0;0.3;0.0
46;2021-01-13;235;0;821;0;0.5;0.0
46;2021-01-14;243;2;1064;2;0.6;0.0
46;2021-01-15;306;2;1370;4;0.8;0.0
46;2021-01-16;18;0;1388;4;0.8;0.0
46;2021-01-17;0;0;1388;4;0.8;0.0
46;2021-01-18;276;2;1664;6;1.0;0.0
46;2021-01-19;390;0;2054;6;1.2;0.0
46;2021-01-20;939;2;2993;8;1.7;0.0
46;2021-01-21;997;0;3990;8;2.3;0.0
46;2021-01-22;391;2;4381;10;2.5;0.0
46;2021-01-23;0;0;4381;10;2.5;0.0
46;2021-01-24;0;0;4381;10;2.5;0.0
46;2021-01-25;204;1;4585;11;2.6;0.0
46;2021-01-26;264;1;4849;12;2.8;0.0
46;2021-01-27;276;0;5125;12;3.0;0.0
46;2021-01-28;279;43;5404;55;3.1;0.0
46;2021-01-29;233;61;5637;116;3.3;0.1
46;2021-01-30;1;0;5638;116;3.3;0.1
46;2021-01-31;1;0;5639;116;3.3;0.1
46;2021-02-01;234;141;5873;257;3.4;0.1
46;2021-02-02;210;201;6083;458;3.5;0.3
46;2021-02-03;227;90;6310;548;3.6;0.3
46;2021-02-04;372;73;6682;621;3.9;0.4
46;2021-02-05;226;153;6908;774;4.0;0.4
46;2021-02-06;9;0;6917;774;4.0;0.4
46;2021-02-07;43;0;6960;774;4.0;0.4
46;2021-02-08;197;125;7157;899;4.1;0.5
46;2021-02-09;271;202;7428;1101;4.3;0.6
46;2021-02-10;280;482;7708;1583;4.5;0.9
46;2021-02-11;655;509;8363;2092;4.8;1.2
46;2021-02-12;323;313;8686;2405;5.0;1.4
46;2021-02-13;2;0;8688;2405;5.0;1.4
46;2021-02-14;0;62;8688;2467;5.0;1.4
46;2021-02-15;195;223;8883;2690;5.1;1.6
46;2021-02-16;217;214;9100;2904;5.3;1.7
46;2021-02-17;201;276;9301;3180;5.4;1.8
46;2021-02-18;337;227;9638;3407;5.6;2.0
46;2021-02-19;277;199;9915;3606;5.7;2.1
46;2021-02-20;0;0;9915;3606;5.7;2.1
46;2021-02-21;1;0;9916;3606;5.7;2.1
46;2021-02-22;131;156;10047;3762;5.8;2.2
46;2021-02-23;225;130;10272;3892;5.9;2.2
46;2021-02-24;179;262;10451;4154;6.0;2.4
46;2021-02-25;247;288;10698;4442;6.2;2.6
46;2021-02-26;403;313;11101;4755;6.4;2.7
46;2021-02-27;120;1;11221;4756;6.5;2.7
46;2021-02-28;0;3;11221;4759;6.5;2.7
46;2021-03-01;169;157;11390;4916;6.6;2.8
46;2021-03-02;406;198;11796;5114;6.8;3.0
46;2021-03-03;460;309;12256;5423;7.1;3.1
46;2021-03-04;607;413;12863;5836;7.4;3.4
46;2021-03-05;808;335;13671;6171;7.9;3.6
46;2021-03-06;476;15;14147;6186;8.2;3.6
46;2021-03-07;101;19;14248;6205;8.2;3.6
46;2021-03-08;348;223;14596;6428;8.4;3.7
46;2021-03-09;746;255;15342;6683;8.9;3.9
46;2021-03-10;686;234;16028;6917;9.3;4.0
46;2021-03-11;851;247;16879;7164;9.7;4.1
46;2021-03-12;927;205;17806;7369;10.3;4.3
46;2021-03-13;512;4;18318;7373;10.6;4.3
46;2021-03-14;0;0;18318;7373;10.6;4.3
46;2021-03-15;505;153;18823;7526;10.9;4.3
46;2021-03-16;752;165;19575;7691;11.3;4.4
46;2021-03-17;674;188;20249;7879;11.7;4.5
46;2021-03-18;758;204;21007;8083;12.1;4.7
46;2021-03-19;811;147;21818;8230;12.6;4.8
46;2021-03-20;294;4;22112;8234;12.8;4.8
46;2021-03-21;2;0;22114;8234;12.8;4.8
46;2021-03-22;555;238;22669;8472;13.1;4.9
46;2021-03-23;702;209;23371;8681;13.5;5.0
46;2021-03-24;673;237;24044;8918;13.9;5.1
46;2021-03-25;1135;177;25179;9095;14.5;5.3
46;2021-03-26;1023;338;26202;9433;15.1;5.4
46;2021-03-27;420;50;26622;9483;15.4;5.5
46;2021-03-28;127;1;26749;9484;15.4;5.5
46;2021-03-29;733;251;27482;9735;15.9;5.6
46;2021-03-30;767;364;28249;10099;16.3;5.8
46;2021-03-31;865;415;29114;10514;16.8;6.1
46;2021-04-01;1172;345;30286;10859;17.5;6.3
46;2021-04-02;922;393;31208;11252;18.0;6.5
46;2021-04-03;167;165;31375;11417;18.1;6.6
46;2021-04-04;0;71;31375;11488;18.1;6.6
46;2021-04-05;3;0;31378;11488;18.1;6.6
46;2021-04-06;544;517;31922;12005;18.4;6.9
46;2021-04-07;784;644;32706;12649;18.9;7.3
46;2021-04-08;960;540;33666;13189;19.4;7.6
46;2021-04-09;1018;506;34684;13695;20.0;7.9
46;2021-04-10;506;208;35190;13903;20.3;8.0
46;2021-04-11;232;1;35422;13904;20.5;8.0
46;2021-04-12;845;546;36267;14450;20.9;8.3
46;2021-04-13;1187;718;37454;15168;21.6;8.8
46;2021-04-14;1533;612;38987;15780;22.5;9.1
46;2021-04-15;1504;661;40491;16441;23.4;9.5
46;2021-04-16;1584;566;42075;17007;24.3;9.8
46;2021-04-17;995;136;43070;17143;24.9;9.9
46;2021-04-18;517;9;43587;17152;25.2;9.9
46;2021-04-19;1070;570;44657;17722;25.8;10.2
46;2021-04-20;1229;729;45886;18451;26.5;10.7
46;2021-04-21;1230;711;47116;19162;27.2;11.1
46;2021-04-22;1391;726;48507;19888;28.0;11.5
46;2021-04-23;1132;732;49639;20620;28.7;11.9
46;2021-04-24;472;19;50111;20639;28.9;11.9
46;2021-04-25;351;11;50462;20650;29.1;11.9
46;2021-04-26;852;730;51314;21380;29.6;12.3
46;2021-04-27;1221;665;52535;22045;30.3;12.7
46;2021-04-28;1289;668;53824;22713;31.1;13.1
46;2021-04-29;1417;522;55241;23235;31.9;13.4
46;2021-04-30;1438;566;56679;23801;32.7;13.7
46;2021-05-01;697;73;57376;23874;33.1;13.8
46;2021-05-02;346;4;57722;23878;33.3;13.8
46;2021-05-03;853;568;58575;24446;33.8;14.1
46;2021-05-04;1037;1061;59612;25507;34.4;14.7
46;2021-05-05;1374;787;60986;26294;35.2;15.2
46;2021-05-06;1377;741;62363;27035;36.0;15.6
46;2021-05-07;1396;792;63759;27827;36.8;16.1
46;2021-05-08;280;410;64039;28237;37.0;16.3
46;2021-05-09;23;225;64062;28462;37.0;16.4
46;2021-05-10;516;1136;64578;29598;37.3;17.1
46;2021-05-11;1031;1254;65609;30852;37.9;17.8
46;2021-05-12;993;1556;66602;32408;38.5;18.7
46;2021-05-13;598;143;67200;32551;38.8;18.8
46;2021-05-14;958;1097;68158;33648;39.4;19.4
46;2021-05-15;254;654;68412;34302;39.5;19.8
46;2021-05-16;77;297;68489;34599;39.6;20.0
46;2021-05-17;652;960;69141;35559;39.9;20.5
46;2021-05-18;1402;1024;70543;36583;40.7;21.1
46;2021-05-19;1305;904;71848;37487;41.5;21.6
46;2021-05-20;1453;810;73301;38297;42.3;22.1
46;2021-05-21;997;1158;74298;39455;42.9;22.8
46;2021-05-22;146;367;74444;39822;43.0;23.0
46;2021-05-23;451;26;74895;39848;43.3;23.0
46;2021-05-24;411;113;75306;39961;43.5;23.1
46;2021-05-25;960;1333;76266;41294;44.0;23.8
46;2021-05-26;1237;1149;77503;42443;44.8;24.5
46;2021-05-27;1432;1192;78935;43635;45.6;25.2
46;2021-05-28;1428;1208;80363;44843;46.4;25.9
46;2021-05-29;1049;397;81412;45240;47.0;26.1
46;2021-05-30;409;39;81821;45279;47.3;26.1
46;2021-05-31;968;976;82789;46255;47.8;26.7
46;2021-06-01;1277;996;84066;47251;48.5;27.3
46;2021-06-02;1319;1116;85385;48367;49.3;27.9
46;2021-06-03;1415;1011;86800;49378;50.1;28.5
46;2021-06-04;1329;977;88129;50355;50.9;29.1
46;2021-06-05;381;414;88510;50769;51.1;29.3
46;2021-06-06;209;96;88719;50865;51.2;29.4
46;2021-06-07;814;616;89533;51481;51.7;29.7
46;2021-06-08;1020;895;90553;52376;52.3;30.2
46;2021-06-09;1503;974;92056;53350;53.2;30.8
46;2021-06-10;981;850;93037;54200;53.7;31.3
46;2021-06-11;969;1321;94006;55521;54.3;32.1
46;2021-06-12;459;545;94465;56066;54.6;32.4
46;2021-06-13;27;86;94492;56152;54.6;32.4
46;2021-06-14;593;1138;95085;57290;54.9;33.1
46;2021-06-15;751;1245;95836;58535;55.3;33.8
46;2021-06-16;1001;1113;96837;59648;55.9;34.4
46;2021-06-17;527;895;97364;60543;56.2;35.0
46;2021-06-18;656;1253;98020;61796;56.6;35.7
46;2021-06-19;457;313;98477;62109;56.9;35.9
46;2021-06-20;39;161;98516;62270;56.9;36.0
46;2021-06-21;429;946;98945;63216;57.1;36.5
46;2021-06-22;350;1177;99295;64393;57.3;37.2
46;2021-06-23;519;1074;99814;65467;57.6;37.8
46;2021-06-24;251;820;100065;66287;57.8;38.3
46;2021-06-25;491;1118;100556;67405;58.1;38.9
46;2021-06-26;398;553;100954;67958;58.3;39.2
46;2021-06-27;3;4;100957;67962;58.3;39.2
46;2021-06-28;315;1340;101272;69302;58.5;40.0
46;2021-06-29;375;1680;101647;70982;58.7;41.0
46;2021-06-30;510;1577;102157;72559;59.0;41.9
46;2021-07-01;487;1153;102644;73712;59.3;42.6
46;2021-07-02;455;1087;103099;74799;59.5;43.2
46;2021-07-03;120;454;103219;75253;59.6;43.5
46;2021-07-04;57;127;103276;75380;59.6;43.5
46;2021-07-05;347;1186;103623;76566;59.8;44.2
46;2021-07-06;449;1457;104072;78023;60.1;45.1
46;2021-07-07;583;1726;104655;79749;60.4;46.1
46;2021-07-08;340;1164;104995;80913;60.6;46.7
46;2021-07-09;395;1706;105390;82619;60.9;47.7
46;2021-07-10;285;1039;105675;83658;61.0;48.3
46;2021-07-11;15;375;105690;84033;61.0;48.5
46;2021-07-12;248;1259;105938;85292;61.2;49.3
46;2021-07-13;626;1670;106564;86962;61.5;50.2
46;2021-07-14;73;144;106637;87106;61.6;50.3
46;2021-07-15;917;1464;107554;88570;62.1;51.1
46;2021-07-16;766;1394;108320;89964;62.6;52.0
46;2021-07-17;364;539;108684;90503;62.8;52.3
46;2021-07-18;2;0;108686;90503;62.8;52.3
46;2021-07-19;729;1188;109415;91691;63.2;52.9
46;2021-07-20;983;1438;110398;93129;63.8;53.8
46;2021-07-21;1001;1379;111399;94508;64.3;54.6
46;2021-07-22;1404;1118;112803;95626;65.1;55.2
46;2021-07-23;768;1322;113571;96948;65.6;56.0
46;2021-07-24;956;662;114527;97610;66.1;56.4
46;2021-07-25;136;17;114663;97627;66.2;56.4
46;2021-07-26;881;879;115544;98506;66.7;56.9
46;2021-07-27;1220;978;116764;99484;67.4;57.5
46;2021-07-28;1284;1114;118048;100598;68.2;58.1
46;2021-07-29;1580;849;119628;101447;69.1;58.6
46;2021-07-30;1933;956;121561;102403;70.2;59.1
46;2021-07-31;958;661;122519;103064;70.8;59.5
46;2021-08-01;12;3;122531;103067;70.8;59.5
46;2021-08-02;974;591;123505;103658;71.3;59.9
46;2021-08-03;1365;679;124870;104337;72.1;60.3
46;2021-08-04;1735;586;126605;104923;73.1;60.6
46;2021-08-05;1382;842;127987;105765;73.9;61.1
46;2021-08-06;1422;848;129409;106613;74.7;61.6
46;2021-08-07;707;543;130116;107156;75.1;61.9
46;2021-08-08;152;66;130268;107222;75.2;61.9
46;2021-08-09;1016;694;131284;107916;75.8;62.3
46;2021-08-10;1206;892;132490;108808;76.5;62.8
46;2021-08-11;1260;1064;133750;109872;77.2;63.4
46;2021-08-12;990;800;134740;110672;77.8;63.9
46;2021-08-13;953;1005;135693;111677;78.4;64.5
46;2021-08-14;588;774;136281;112451;78.7;64.9
46;2021-08-15;8;27;136289;112478;78.7;65.0
46;2021-08-16;795;810;137084;113288;79.2;65.4
46;2021-08-17;889;1288;137973;114576;79.7;66.2
46;2021-08-18;769;1051;138742;115627;80.1;66.8
46;2021-08-19;672;1363;139414;116990;80.5;67.6
46;2021-08-20;519;1557;139933;118547;80.8;68.5
46;2021-08-21;378;649;140311;119196;81.0;68.8
46;2021-08-22;2;31;140313;119227;81.0;68.9
46;2021-08-23;424;1204;140737;120431;81.3;69.5
46;2021-08-24;554;1338;141291;121769;81.6;70.3
46;2021-08-25;530;1398;141821;123167;81.9;71.1
46;2021-08-26;392;1095;142213;124262;82.1;71.8
46;2021-08-27;435;1912;142648;126174;82.4;72.9
46;2021-08-28;272;652;142920;126826;82.5;73.2
46;2021-08-29;5;11;142925;126837;82.5;73.2
46;2021-08-30;294;1133;143219;127970;82.7;73.9
46;2021-08-31;340;1278;143559;129248;82.9;74.6
46;2021-09-01;393;1147;143952;130395;83.1;75.3
46;2021-09-02;271;1024;144223;131419;83.3;75.9
46;2021-09-03;322;1293;144545;132712;83.5;76.6
46;2021-09-04;188;664;144733;133376;83.6;77.0
46;2021-09-05;8;16;144741;133392;83.6;77.0
46;2021-09-06;219;756;144960;134148;83.7;77.5
46;2021-09-07;252;817;145212;134965;83.9;77.9
46;2021-09-08;277;891;145489;135856;84.0;78.5
46;2021-09-09;199;640;145688;136496;84.1;78.8
46;2021-09-10;277;1025;145965;137521;84.3;79.4
46;2021-09-11;150;389;146115;137910;84.4;79.6
46;2021-09-12;8;23;146123;137933;84.4;79.7
46;2021-09-13;178;693;146301;138626;84.5;80.1
46;2021-09-14;265;735;146566;139361;84.6;80.5
46;2021-09-15;257;677;146823;140038;84.8;80.9
46;2021-09-16;132;265;146955;140303;84.9;81.0
46;2021-09-17;232;555;147187;140858;85.0;81.3
46;2021-09-18;101;364;147288;141222;85.1;81.6
46;2021-09-19;3;9;147291;141231;85.1;81.6
46;2021-09-20;69;350;147360;141581;85.1;81.8
46;2021-09-21;70;237;147430;141818;85.1;81.9
46;2021-09-22;128;482;147558;142300;85.2;82.2
46;2021-09-23;83;225;147641;142525;85.3;82.3
46;2021-09-24;76;400;147717;142925;85.3;82.5
46;2021-09-25;69;221;147786;143146;85.3;82.7
46;2021-09-26;3;8;147789;143154;85.3;82.7
46;2021-09-27;76;229;147865;143383;85.4;82.8
46;2021-09-28;48;225;147913;143608;85.4;82.9
46;2021-09-29;81;290;147994;143898;85.5;83.1
46;2021-09-30;63;146;148057;144044;85.5;83.2
46;2021-10-01;98;296;148155;144340;85.6;83.4
46;2021-10-02;80;191;148235;144531;85.6;83.5
46;2021-10-03;0;0;148235;144531;85.6;83.5
46;2021-10-04;64;189;148299;144720;85.6;83.6
46;2021-10-05;66;220;148365;144940;85.7;83.7
47;2020-12-27;0;0;0;0;0.0;0.0
47;2020-12-28;0;0;0;0;0.0;0.0
47;2020-12-29;0;0;0;0;0.0;0.0
47;2020-12-30;0;0;0;0;0.0;0.0
47;2020-12-31;0;0;0;0;0.0;0.0
47;2021-01-01;4;0;4;0;0.0;0.0
47;2021-01-02;0;0;4;0;0.0;0.0
47;2021-01-03;0;0;4;0;0.0;0.0
47;2021-01-04;0;0;4;0;0.0;0.0
47;2021-01-05;1;0;5;0;0.0;0.0
47;2021-01-06;0;0;5;0;0.0;0.0
47;2021-01-07;71;0;76;0;0.0;0.0
47;2021-01-08;314;0;390;0;0.1;0.0
47;2021-01-09;113;0;503;0;0.2;0.0
47;2021-01-10;0;0;503;0;0.2;0.0
47;2021-01-11;249;1;752;1;0.2;0.0
47;2021-01-12;327;0;1079;1;0.3;0.0
47;2021-01-13;349;0;1428;1;0.4;0.0
47;2021-01-14;363;4;1791;5;0.5;0.0
47;2021-01-15;287;1;2078;6;0.6;0.0
47;2021-01-16;176;3;2254;9;0.7;0.0
47;2021-01-17;0;0;2254;9;0.7;0.0
47;2021-01-18;486;1;2740;10;0.8;0.0
47;2021-01-19;469;2;3209;12;1.0;0.0
47;2021-01-20;516;0;3725;12;1.1;0.0
47;2021-01-21;586;1;4311;13;1.3;0.0
47;2021-01-22;471;0;4782;13;1.4;0.0
47;2021-01-23;390;0;5172;13;1.6;0.0
47;2021-01-24;0;0;5172;13;1.6;0.0
47;2021-01-25;434;0;5606;13;1.7;0.0
47;2021-01-26;792;4;6398;17;1.9;0.0
47;2021-01-27;731;0;7129;17;2.2;0.0
47;2021-01-28;574;60;7703;77;2.3;0.0
47;2021-01-29;461;161;8164;238;2.5;0.1
47;2021-01-30;301;37;8465;275;2.6;0.1
47;2021-01-31;0;0;8465;275;2.6;0.1
47;2021-02-01;372;113;8837;388;2.7;0.1
47;2021-02-02;759;308;9596;696;2.9;0.2
47;2021-02-03;426;149;10022;845;3.0;0.3
47;2021-02-04;370;303;10392;1148;3.1;0.3
47;2021-02-05;300;302;10692;1450;3.2;0.4
47;2021-02-06;297;84;10989;1534;3.3;0.5
47;2021-02-07;0;0;10989;1534;3.3;0.5
47;2021-02-08;184;201;11173;1735;3.4;0.5
47;2021-02-09;231;199;11404;1934;3.5;0.6
47;2021-02-10;254;199;11658;2133;3.5;0.6
47;2021-02-11;356;319;12014;2452;3.6;0.7
47;2021-02-12;243;373;12257;2825;3.7;0.9
47;2021-02-13;226;89;12483;2914;3.8;0.9
47;2021-02-14;0;0;12483;2914;3.8;0.9
47;2021-02-15;194;312;12677;3226;3.8;1.0
47;2021-02-16;303;524;12980;3750;3.9;1.1
47;2021-02-17;326;385;13306;4135;4.0;1.3
47;2021-02-18;201;483;13507;4618;4.1;1.4
47;2021-02-19;193;307;13700;4925;4.1;1.5
47;2021-02-20;117;216;13817;5141;4.2;1.6
47;2021-02-21;0;0;13817;5141;4.2;1.6
47;2021-02-22;75;323;13892;5464;4.2;1.7
47;2021-02-23;149;541;14041;6005;4.3;1.8
47;2021-02-24;261;492;14302;6497;4.3;2.0
47;2021-02-25;304;361;14606;6858;4.4;2.1
47;2021-02-26;467;288;15073;7146;4.6;2.2
47;2021-02-27;324;175;15397;7321;4.7;2.2
47;2021-02-28;0;0;15397;7321;4.7;2.2
47;2021-03-01;124;364;15521;7685;4.7;2.3
47;2021-03-02;199;322;15720;8007;4.8;2.4
47;2021-03-03;244;303;15964;8310;4.8;2.5
47;2021-03-04;592;297;16556;8607;5.0;2.6
47;2021-03-05;844;255;17400;8862;5.3;2.7
47;2021-03-06;505;168;17905;9030;5.4;2.7
47;2021-03-07;331;6;18236;9036;5.5;2.7
47;2021-03-08;459;200;18695;9236;5.7;2.8
47;2021-03-09;508;454;19203;9690;5.8;2.9
47;2021-03-10;666;281;19869;9971;6.0;3.0
47;2021-03-11;940;359;20809;10330;6.3;3.1
47;2021-03-12;1373;267;22182;10597;6.7;3.2
47;2021-03-13;950;108;23132;10705;7.0;3.2
47;2021-03-14;51;0;23183;10705;7.0;3.2
47;2021-03-15;593;151;23776;10856;7.2;3.3
47;2021-03-16;750;158;24526;11014;7.4;3.3
47;2021-03-17;861;203;25387;11217;7.7;3.4
47;2021-03-18;917;174;26304;11391;8.0;3.4
47;2021-03-19;1272;128;27576;11519;8.3;3.5
47;2021-03-20;1088;59;28664;11578;8.7;3.5
47;2021-03-21;344;1;29008;11579;8.8;3.5
47;2021-03-22;1009;94;30017;11673;9.1;3.5
47;2021-03-23;1146;144;31163;11817;9.4;3.6
47;2021-03-24;1214;128;32377;11945;9.8;3.6
47;2021-03-25;1567;150;33944;12095;10.3;3.7
47;2021-03-26;1882;198;35826;12293;10.8;3.7
47;2021-03-27;980;130;36806;12423;11.1;3.8
47;2021-03-28;699;5;37505;12428;11.4;3.8
47;2021-03-29;1511;79;39016;12507;11.8;3.8
47;2021-03-30;1645;127;40661;12634;12.3;3.8
47;2021-03-31;1605;152;42266;12786;12.8;3.9
47;2021-04-01;1682;269;43948;13055;13.3;4.0
47;2021-04-02;1932;452;45880;13507;13.9;4.1
47;2021-04-03;1202;182;47082;13689;14.3;4.1
47;2021-04-04;475;13;47557;13702;14.4;4.1
47;2021-04-05;1297;59;48854;13761;14.8;4.2
47;2021-04-06;1386;388;50240;14149;15.2;4.3
47;2021-04-07;1697;592;51937;14741;15.7;4.5
47;2021-04-08;1834;469;53771;15210;16.3;4.6
47;2021-04-09;2085;542;55856;15752;16.9;4.8
47;2021-04-10;1565;324;57421;16076;17.4;4.9
47;2021-04-11;530;9;57951;16085;17.5;4.9
47;2021-04-12;1438;614;59389;16699;18.0;5.1
47;2021-04-13;1813;763;61202;17462;18.5;5.3
47;2021-04-14;1749;720;62951;18182;19.1;5.5
47;2021-04-15;2012;844;64963;19026;19.7;5.8
47;2021-04-16;1768;890;66731;19916;20.2;6.0
47;2021-04-17;1471;969;68202;20885;20.6;6.3
47;2021-04-18;23;0;68225;20885;20.7;6.3
47;2021-04-19;1331;930;69556;21815;21.1;6.6
47;2021-04-20;1626;910;71182;22725;21.5;6.9
47;2021-04-21;1623;774;72805;23499;22.0;7.1
47;2021-04-22;1869;1056;74674;24555;22.6;7.4
47;2021-04-23;1729;1075;76403;25630;23.1;7.8
47;2021-04-24;1549;803;77952;26433;23.6;8.0
47;2021-04-25;242;344;78194;26777;23.7;8.1
47;2021-04-26;1490;1359;79684;28136;24.1;8.5
47;2021-04-27;1921;1466;81605;29602;24.7;9.0
47;2021-04-28;2090;1589;83695;31191;25.3;9.4
47;2021-04-29;2532;1503;86227;32694;26.1;9.9
47;2021-04-30;2044;1778;88271;34472;26.7;10.4
47;2021-05-01;2263;984;90534;35456;27.4;10.7
47;2021-05-02;21;358;90555;35814;27.4;10.8
47;2021-05-03;1596;1420;92151;37234;27.9;11.3
47;2021-05-04;1645;1729;93796;38963;28.4;11.8
47;2021-05-05;1926;1639;95722;40602;29.0;12.3
47;2021-05-06;2105;1507;97827;42109;29.6;12.7
47;2021-05-07;2001;1621;99828;43730;30.2;13.2
47;2021-05-08;2097;464;101925;44194;30.9;13.4
47;2021-05-09;24;359;101949;44553;30.9;13.5
47;2021-05-10;1202;1669;103151;46222;31.2;14.0
47;2021-05-11;2172;1982;105323;48204;31.9;14.6
47;2021-05-12;2624;1445;107947;49649;32.7;15.0
47;2021-05-13;2380;656;110327;50305;33.4;15.2
47;2021-05-14;2061;859;112388;51164;34.0;15.5
47;2021-05-15;1934;865;114322;52029;34.6;15.8
47;2021-05-16;367;9;114689;52038;34.7;15.8
47;2021-05-17;1884;1124;116573;53162;35.3;16.1
47;2021-05-18;2359;1139;118932;54301;36.0;16.4
47;2021-05-19;2344;759;121276;55060;36.7;16.7
47;2021-05-20;2589;968;123865;56028;37.5;17.0
47;2021-05-21;1538;1133;125403;57161;38.0;17.3
47;2021-05-22;2369;839;127772;58000;38.7;17.6
47;2021-05-23;25;186;127797;58186;38.7;17.6
47;2021-05-24;1549;237;129346;58423;39.2;17.7
47;2021-05-25;1481;1318;130827;59741;39.6;18.1
47;2021-05-26;1599;1091;132426;60832;40.1;18.4
47;2021-05-27;1944;1269;134370;62101;40.7;18.8
47;2021-05-28;1459;1535;135829;63636;41.1;19.3
47;2021-05-29;1153;1120;136982;64756;41.5;19.6
47;2021-05-30;12;45;136994;64801;41.5;19.6
47;2021-05-31;1868;1416;138862;66217;42.0;20.0
47;2021-06-01;1921;1342;140783;67559;42.6;20.5
47;2021-06-02;2100;1332;142883;68891;43.3;20.9
47;2021-06-03;2486;1610;145369;70501;44.0;21.3
47;2021-06-04;1965;2117;147334;72618;44.6;22.0
47;2021-06-05;1640;1470;148974;74088;45.1;22.4
47;2021-06-06;211;70;149185;74158;45.2;22.4
47;2021-06-07;1659;2238;150844;76396;45.7;23.1
47;2021-06-08;1629;1903;152473;78299;46.2;23.7
47;2021-06-09;1824;2122;154297;80421;46.7;24.3
47;2021-06-10;2377;1618;156674;82039;47.4;24.8
47;2021-06-11;1826;2099;158500;84138;48.0;25.5
47;2021-06-12;1351;2102;159851;86240;48.4;26.1
47;2021-06-13;4;10;159855;86250;48.4;26.1
47;2021-06-14;1281;2440;161136;88690;48.8;26.8
47;2021-06-15;1464;2033;162600;90723;49.2;27.5
47;2021-06-16;1203;2183;163803;92906;49.6;28.1
47;2021-06-17;1657;1523;165460;94429;50.1;28.6
47;2021-06-18;1439;2496;166899;96925;50.5;29.3
47;2021-06-19;1542;2452;168441;99377;51.0;30.1
47;2021-06-20;5;33;168446;99410;51.0;30.1
47;2021-06-21;1136;2513;169582;101923;51.3;30.9
47;2021-06-22;762;2506;170344;104429;51.6;31.6
47;2021-06-23;999;2015;171343;106444;51.9;32.2
47;2021-06-24;1211;1936;172554;108380;52.2;32.8
47;2021-06-25;1006;2608;173560;110988;52.5;33.6
47;2021-06-26;986;2789;174546;113777;52.8;34.4
47;2021-06-27;16;349;174562;114126;52.8;34.5
47;2021-06-28;875;2407;175437;116533;53.1;35.3
47;2021-06-29;797;2314;176234;118847;53.3;36.0
47;2021-06-30;730;2303;176964;121150;53.6;36.7
47;2021-07-01;923;2105;177887;123255;53.9;37.3
47;2021-07-02;885;2274;178772;125529;54.1;38.0
47;2021-07-03;726;3042;179498;128571;54.3;38.9
47;2021-07-04;34;12;179532;128583;54.3;38.9
47;2021-07-05;978;2147;180510;130730;54.6;39.6
47;2021-07-06;1007;1957;181517;132687;54.9;40.2
47;2021-07-07;1298;2064;182815;134751;55.3;40.8
47;2021-07-08;1142;2192;183957;136943;55.7;41.5
47;2021-07-09;1047;2404;185004;139347;56.0;42.2
47;2021-07-10;951;2131;185955;141478;56.3;42.8
47;2021-07-11;1;6;185956;141484;56.3;42.8
47;2021-07-12;556;2580;186512;144064;56.5;43.6
47;2021-07-13;1094;2585;187606;146649;56.8;44.4
47;2021-07-14;1165;1577;188771;148226;57.1;44.9
47;2021-07-15;1717;3135;190488;151361;57.7;45.8
47;2021-07-16;1722;2676;192210;154037;58.2;46.6
47;2021-07-17;1201;2458;193411;156495;58.5;47.4
47;2021-07-18;36;188;193447;156683;58.6;47.4
47;2021-07-19;1113;2557;194560;159240;58.9;48.2
47;2021-07-20;1638;2341;196198;161581;59.4;48.9
47;2021-07-21;2193;2240;198391;163821;60.1;49.6
47;2021-07-22;2157;2298;200548;166119;60.7;50.3
47;2021-07-23;2124;2250;202672;168369;61.4;51.0
47;2021-07-24;1114;1915;203786;170284;61.7;51.5
47;2021-07-25;20;1;203806;170285;61.7;51.5
47;2021-07-26;1236;1945;205042;172230;62.1;52.1
47;2021-07-27;2123;1633;207165;173863;62.7;52.6
47;2021-07-28;1880;1606;209045;175469;63.3;53.1
47;2021-07-29;2340;1603;211385;177072;64.0;53.6
47;2021-07-30;1865;1625;213250;178697;64.6;54.1
47;2021-07-31;1486;1668;214736;180365;65.0;54.6
47;2021-08-01;18;8;214754;180373;65.0;54.6
47;2021-08-02;2053;1219;216807;181592;65.6;55.0
47;2021-08-03;2159;1106;218966;182698;66.3;55.3
47;2021-08-04;2192;1527;221158;184225;66.9;55.8
47;2021-08-05;2408;1447;223566;185672;67.7;56.2
47;2021-08-06;1999;1841;225565;187513;68.3;56.8
47;2021-08-07;1628;1418;227193;188931;68.8;57.2
47;2021-08-08;24;22;227217;188953;68.8;57.2
47;2021-08-09;1883;1214;229100;190167;69.4;57.6
47;2021-08-10;1920;1298;231020;191465;69.9;58.0
47;2021-08-11;1804;1401;232824;192866;70.5;58.4
47;2021-08-12;2060;1339;234884;194205;71.1;58.8
47;2021-08-13;1424;1668;236308;195873;71.5;59.3
47;2021-08-14;1349;1443;237657;197316;71.9;59.7
47;2021-08-15;11;18;237668;197334;71.9;59.7
47;2021-08-16;1436;1445;239104;198779;72.4;60.2
47;2021-08-17;1124;1684;240228;200463;72.7;60.7
47;2021-08-18;1181;1714;241409;202177;73.1;61.2
47;2021-08-19;1038;1812;242447;203989;73.4;61.8
47;2021-08-20;972;1708;243419;205697;73.7;62.3
47;2021-08-21;828;1277;244247;206974;73.9;62.7
47;2021-08-22;19;31;244266;207005;73.9;62.7
47;2021-08-23;615;1826;244881;208831;74.1;63.2
47;2021-08-24;811;1622;245692;210453;74.4;63.7
47;2021-08-25;811;1787;246503;212240;74.6;64.2
47;2021-08-26;739;2080;247242;214320;74.8;64.9
47;2021-08-27;700;1978;247942;216298;75.1;65.5
47;2021-08-28;568;1670;248510;217968;75.2;66.0
47;2021-08-29;2;16;248512;217984;75.2;66.0
47;2021-08-30;459;1926;248971;219910;75.4;66.6
47;2021-08-31;584;1816;249555;221726;75.5;67.1
47;2021-09-01;421;2019;249976;223745;75.7;67.7
47;2021-09-02;436;2018;250412;225763;75.8;68.3
47;2021-09-03;504;1954;250916;227717;76.0;68.9
47;2021-09-04;478;1821;251394;229538;76.1;69.5
47;2021-09-05;12;37;251406;229575;76.1;69.5
47;2021-09-06;341;1407;251747;230982;76.2;69.9
47;2021-09-07;478;1268;252225;232250;76.4;70.3
47;2021-09-08;417;1621;252642;233871;76.5;70.8
47;2021-09-09;410;1348;253052;235219;76.6;71.2
47;2021-09-10;472;1331;253524;236550;76.7;71.6
47;2021-09-11;437;1429;253961;237979;76.9;72.0
47;2021-09-12;3;7;253964;237986;76.9;72.0
47;2021-09-13;253;956;254217;238942;77.0;72.3
47;2021-09-14;401;1047;254618;239989;77.1;72.6
47;2021-09-15;342;939;254960;240928;77.2;72.9
47;2021-09-16;323;558;255283;241486;77.3;73.1
47;2021-09-17;391;645;255674;242131;77.4;73.3
47;2021-09-18;263;956;255937;243087;77.5;73.6
47;2021-09-19;4;4;255941;243091;77.5;73.6
47;2021-09-20;164;470;256105;243561;77.5;73.7
47;2021-09-21;285;454;256390;244015;77.6;73.9
47;2021-09-22;212;617;256602;244632;77.7;74.1
47;2021-09-23;210;378;256812;245010;77.7;74.2
47;2021-09-24;283;613;257095;245623;77.8;74.4
47;2021-09-25;215;628;257310;246251;77.9;74.5
47;2021-09-26;6;6;257316;246257;77.9;74.5
47;2021-09-27;112;376;257428;246633;77.9;74.7
47;2021-09-28;127;374;257555;247007;78.0;74.8
47;2021-09-29;148;473;257703;247480;78.0;74.9
47;2021-09-30;159;355;257862;247835;78.1;75.0
47;2021-10-01;182;519;258044;248354;78.1;75.2
47;2021-10-02;194;483;258238;248837;78.2;75.3
47;2021-10-03;0;5;258238;248842;78.2;75.3
47;2021-10-04;132;361;258370;249203;78.2;75.4
47;2021-10-05;110;307;258480;249510;78.2;75.5
48;2020-12-27;0;0;0;0;0.0;0.0
48;2020-12-28;0;0;0;0;0.0;0.0
48;2020-12-29;0;0;0;0;0.0;0.0
48;2020-12-30;0;0;0;0;0.0;0.0
48;2020-12-31;0;0;0;0;0.0;0.0
48;2021-01-01;0;0;0;0;0.0;0.0
48;2021-01-02;0;0;0;0;0.0;0.0
48;2021-01-03;0;0;0;0;0.0;0.0
48;2021-01-04;0;0;0;0;0.0;0.0
48;2021-01-05;0;0;0;0;0.0;0.0
48;2021-01-06;0;0;0;0;0.0;0.0
48;2021-01-07;56;0;56;0;0.1;0.0
48;2021-01-08;88;0;144;0;0.2;0.0
48;2021-01-09;1;0;145;0;0.2;0.0
48;2021-01-10;0;0;145;0;0.2;0.0
48;2021-01-11;13;0;158;0;0.2;0.0
48;2021-01-12;20;1;178;1;0.2;0.0
48;2021-01-13;104;0;282;1;0.4;0.0
48;2021-01-14;90;1;372;2;0.5;0.0
48;2021-01-15;63;0;435;2;0.6;0.0
48;2021-01-16;0;0;435;2;0.6;0.0
48;2021-01-17;0;0;435;2;0.6;0.0
48;2021-01-18;117;0;552;2;0.7;0.0
48;2021-01-19;345;2;897;4;1.2;0.0
48;2021-01-20;364;0;1261;4;1.7;0.0
48;2021-01-21;466;1;1727;5;2.3;0.0
48;2021-01-22;269;0;1996;5;2.6;0.0
48;2021-01-23;36;0;2032;5;2.7;0.0
48;2021-01-24;0;0;2032;5;2.7;0.0
48;2021-01-25;109;2;2141;7;2.8;0.0
48;2021-01-26;261;0;2402;7;3.1;0.0
48;2021-01-27;257;1;2659;8;3.5;0.0
48;2021-01-28;273;10;2932;18;3.8;0.0
48;2021-01-29;175;59;3107;77;4.1;0.1
48;2021-01-30;1;7;3108;84;4.1;0.1
48;2021-01-31;0;6;3108;90;4.1;0.1
48;2021-02-01;100;45;3208;135;4.2;0.2
48;2021-02-02;194;32;3402;167;4.5;0.2
48;2021-02-03;177;81;3579;248;4.7;0.3
48;2021-02-04;234;12;3813;260;5.0;0.3
48;2021-02-05;145;33;3958;293;5.2;0.4
48;2021-02-06;34;1;3992;294;5.2;0.4
48;2021-02-07;0;0;3992;294;5.2;0.4
48;2021-02-08;50;57;4042;351;5.3;0.5
48;2021-02-09;66;151;4108;502;5.4;0.7
48;2021-02-10;64;297;4172;799;5.5;1.0
48;2021-02-11;165;379;4337;1178;5.7;1.5
48;2021-02-12;120;143;4457;1321;5.8;1.7
48;2021-02-13;8;54;4465;1375;5.9;1.8
48;2021-02-14;0;0;4465;1375;5.9;1.8
48;2021-02-15;51;84;4516;1459;5.9;1.9
48;2021-02-16;43;132;4559;1591;6.0;2.1
48;2021-02-17;35;267;4594;1858;6.0;2.4
48;2021-02-18;252;91;4846;1949;6.4;2.6
48;2021-02-19;60;149;4906;2098;6.4;2.8
48;2021-02-20;0;1;4906;2099;6.4;2.8
48;2021-02-21;0;14;4906;2113;6.4;2.8
48;2021-02-22;24;85;4930;2198;6.5;2.9
48;2021-02-23;74;199;5004;2397;6.6;3.1
48;2021-02-24;68;238;5072;2635;6.6;3.5
48;2021-02-25;148;212;5220;2847;6.8;3.7
48;2021-02-26;51;185;5271;3032;6.9;4.0
48;2021-02-27;28;1;5299;3033;6.9;4.0
48;2021-02-28;3;14;5302;3047;7.0;4.0
48;2021-03-01;102;77;5404;3124;7.1;4.1
48;2021-03-02;199;71;5603;3195;7.3;4.2
48;2021-03-03;153;94;5756;3289;7.5;4.3
48;2021-03-04;194;171;5950;3460;7.8;4.5
48;2021-03-05;136;122;6086;3582;8.0;4.7
48;2021-03-06;180;52;6266;3634;8.2;4.8
48;2021-03-07;75;2;6341;3636;8.3;4.8
48;2021-03-08;352;120;6693;3756;8.8;4.9
48;2021-03-09;377;92;7070;3848;9.3;5.0
48;2021-03-10;263;57;7333;3905;9.6;5.1
48;2021-03-11;334;82;7667;3987;10.1;5.2
48;2021-03-12;256;138;7923;4125;10.4;5.4
48;2021-03-13;301;5;8224;4130;10.8;5.4
48;2021-03-14;8;0;8232;4130;10.8;5.4
48;2021-03-15;174;55;8406;4185;11.0;5.5
48;2021-03-16;167;65;8573;4250;11.2;5.6
48;2021-03-17;156;110;8729;4360;11.4;5.7
48;2021-03-18;191;104;8920;4464;11.7;5.9
48;2021-03-19;116;95;9036;4559;11.8;6.0
48;2021-03-20;101;0;9137;4559;12.0;6.0
48;2021-03-21;0;0;9137;4559;12.0;6.0
48;2021-03-22;160;18;9297;4577;12.2;6.0
48;2021-03-23;329;100;9626;4677;12.6;6.1
48;2021-03-24;284;100;9910;4777;13.0;6.3
48;2021-03-25;757;117;10667;4894;14.0;6.4
48;2021-03-26;269;59;10936;4953;14.3;6.5
48;2021-03-27;104;1;11040;4954;14.5;6.5
48;2021-03-28;80;20;11120;4974;14.6;6.5
48;2021-03-29;305;78;11425;5052;15.0;6.6
48;2021-03-30;364;131;11789;5183;15.5;6.8
48;2021-03-31;448;85;12237;5268;16.0;6.9
48;2021-04-01;731;73;12968;5341;17.0;7.0
48;2021-04-02;487;134;13455;5475;17.6;7.2
48;2021-04-03;140;83;13595;5558;17.8;7.3
48;2021-04-04;0;0;13595;5558;17.8;7.3
48;2021-04-05;43;1;13638;5559;17.9;7.3
48;2021-04-06;465;160;14103;5719;18.5;7.5
48;2021-04-07;465;141;14568;5860;19.1;7.7
48;2021-04-08;620;188;15188;6048;19.9;7.9
48;2021-04-09;446;122;15634;6170;20.5;8.1
48;2021-04-10;95;60;15729;6230;20.6;8.2
48;2021-04-11;2;0;15731;6230;20.6;8.2
48;2021-04-12;364;71;16095;6301;21.1;8.3
48;2021-04-13;361;92;16456;6393;21.6;8.4
48;2021-04-14;623;187;17079;6580;22.4;8.6
48;2021-04-15;701;358;17780;6938;23.3;9.1
48;2021-04-16;538;225;18318;7163;24.0;9.4
48;2021-04-17;89;71;18407;7234;24.1;9.5
48;2021-04-18;0;0;18407;7234;24.1;9.5
48;2021-04-19;196;105;18603;7339;24.4;9.6
48;2021-04-20;216;180;18819;7519;24.7;9.9
48;2021-04-21;284;207;19103;7726;25.0;10.1
48;2021-04-22;306;480;19409;8206;25.4;10.8
48;2021-04-23;255;242;19664;8448;25.8;11.1
48;2021-04-24;97;95;19761;8543;25.9;11.2
48;2021-04-25;1;9;19762;8552;25.9;11.2
48;2021-04-26;87;210;19849;8762;26.0;11.5
48;2021-04-27;172;292;20021;9054;26.2;11.9
48;2021-04-28;149;415;20170;9469;26.4;12.4
48;2021-04-29;203;488;20373;9957;26.7;13.1
48;2021-04-30;172;223;20545;10180;26.9;13.3
48;2021-05-01;0;0;20545;10180;26.9;13.3
48;2021-05-02;0;0;20545;10180;26.9;13.3
48;2021-05-03;106;386;20651;10566;27.1;13.9
48;2021-05-04;227;420;20878;10986;27.4;14.4
48;2021-05-05;84;486;20962;11472;27.5;15.0
48;2021-05-06;775;640;21737;12112;28.5;15.9
48;2021-05-07;96;503;21833;12615;28.6;16.5
48;2021-05-08;309;43;22142;12658;29.0;16.6
48;2021-05-09;285;9;22427;12667;29.4;16.6
48;2021-05-10;55;325;22482;12992;29.5;17.0
48;2021-05-11;221;289;22703;13281;29.8;17.4
48;2021-05-12;249;313;22952;13594;30.1;17.8
48;2021-05-13;472;157;23424;13751;30.7;18.0
48;2021-05-14;244;222;23668;13973;31.0;18.3
48;2021-05-15;84;46;23752;14019;31.1;18.4
48;2021-05-16;1;6;23753;14025;31.1;18.4
48;2021-05-17;474;267;24227;14292;31.8;18.7
48;2021-05-18;263;229;24490;14521;32.1;19.0
48;2021-05-19;207;277;24697;14798;32.4;19.4
48;2021-05-20;318;256;25015;15054;32.8;19.7
48;2021-05-21;174;267;25189;15321;33.0;20.1
48;2021-05-22;25;50;25214;15371;33.1;20.1
48;2021-05-23;0;6;25214;15377;33.1;20.2
48;2021-05-24;0;14;25214;15391;33.1;20.2
48;2021-05-25;181;265;25395;15656;33.3;20.5
48;2021-05-26;416;298;25811;15954;33.8;20.9
48;2021-05-27;1178;380;26989;16334;35.4;21.4
48;2021-05-28;315;350;27304;16684;35.8;21.9
48;2021-05-29;79;50;27383;16734;35.9;21.9
48;2021-05-30;0;1;27383;16735;35.9;21.9
48;2021-05-31;624;263;28007;16998;36.7;22.3
48;2021-06-01;272;305;28279;17303;37.1;22.7
48;2021-06-02;407;424;28686;17727;37.6;23.2
48;2021-06-03;629;431;29315;18158;38.4;23.8
48;2021-06-04;291;283;29606;18441;38.8;24.2
48;2021-06-05;121;77;29727;18518;39.0;24.3
48;2021-06-06;1;1;29728;18519;39.0;24.3
48;2021-06-07;440;161;30168;18680;39.5;24.5
48;2021-06-08;615;309;30783;18989;40.4;24.9
48;2021-06-09;379;190;31162;19179;40.8;25.1
48;2021-06-10;1003;242;32165;19421;42.2;25.5
48;2021-06-11;371;161;32536;19582;42.7;25.7
48;2021-06-12;74;57;32610;19639;42.7;25.7
48;2021-06-13;0;2;32610;19641;42.7;25.7
48;2021-06-14;124;115;32734;19756;42.9;25.9
48;2021-06-15;407;386;33141;20142;43.4;26.4
48;2021-06-16;260;144;33401;20286;43.8;26.6
48;2021-06-17;486;575;33887;20861;44.4;27.3
48;2021-06-18;254;314;34141;21175;44.8;27.8
48;2021-06-19;35;291;34176;21466;44.8;28.1
48;2021-06-20;123;224;34299;21690;45.0;28.4
48;2021-06-21;125;134;34424;21824;45.1;28.6
48;2021-06-22;258;335;34682;22159;45.5;29.0
48;2021-06-23;111;545;34793;22704;45.6;29.8
48;2021-06-24;364;610;35157;23314;46.1;30.6
48;2021-06-25;154;276;35311;23590;46.3;30.9
48;2021-06-26;15;45;35326;23635;46.3;31.0
48;2021-06-27;1;1;35327;23636;46.3;31.0
48;2021-06-28;81;177;35408;23813;46.4;31.2
48;2021-06-29;297;415;35705;24228;46.8;31.8
48;2021-06-30;98;465;35803;24693;46.9;32.4
48;2021-07-01;194;669;35997;25362;47.2;33.2
48;2021-07-02;148;369;36145;25731;47.4;33.7
48;2021-07-03;42;89;36187;25820;47.4;33.8
48;2021-07-04;7;0;36194;25820;47.4;33.8
48;2021-07-05;40;117;36234;25937;47.5;34.0
48;2021-07-06;277;598;36511;26535;47.9;34.8
48;2021-07-07;201;489;36712;27024;48.1;35.4
48;2021-07-08;223;1189;36935;28213;48.4;37.0
48;2021-07-09;159;553;37094;28766;48.6;37.7
48;2021-07-10;95;147;37189;28913;48.7;37.9
48;2021-07-11;0;4;37189;28917;48.7;37.9
48;2021-07-12;139;672;37328;29589;48.9;38.8
48;2021-07-13;211;430;37539;30019;49.2;39.4
48;2021-07-14;179;145;37718;30164;49.4;39.5
48;2021-07-15;187;459;37905;30623;49.7;40.1
48;2021-07-16;234;314;38139;30937;50.0;40.6
48;2021-07-17;129;118;38268;31055;50.2;40.7
48;2021-07-18;4;5;38272;31060;50.2;40.7
48;2021-07-19;105;306;38377;31366;50.3;41.1
48;2021-07-20;678;993;39055;32359;51.2;42.4
48;2021-07-21;69;371;39124;32730;51.3;42.9
48;2021-07-22;777;1125;39901;33855;52.3;44.4
48;2021-07-23;367;437;40268;34292;52.8;45.0
48;2021-07-24;509;170;40777;34462;53.5;45.2
48;2021-07-25;138;46;40915;34508;53.6;45.2
48;2021-07-26;101;199;41016;34707;53.8;45.5
48;2021-07-27;1195;644;42211;35351;55.3;46.3
48;2021-07-28;177;316;42388;35667;55.6;46.8
48;2021-07-29;716;646;43104;36313;56.5;47.6
48;2021-07-30;200;292;43304;36605;56.8;48.0
48;2021-07-31;339;178;43643;36783;57.2;48.2
48;2021-08-01;18;55;43661;36838;57.2;48.3
48;2021-08-02;228;164;43889;37002;57.5;48.5
48;2021-08-03;925;575;44814;37577;58.7;49.3
48;2021-08-04;328;220;45142;37797;59.2;49.5
48;2021-08-05;674;475;45816;38272;60.1;50.2
48;2021-08-06;442;275;46258;38547;60.6;50.5
48;2021-08-07;249;125;46507;38672;61.0;50.7
48;2021-08-08;2;5;46509;38677;61.0;50.7
48;2021-08-09;170;141;46679;38818;61.2;50.9
48;2021-08-10;726;555;47405;39373;62.1;51.6
48;2021-08-11;295;238;47700;39611;62.5;51.9
48;2021-08-12;419;414;48119;40025;63.1;52.5
48;2021-08-13;229;212;48348;40237;63.4;52.7
48;2021-08-14;137;165;48485;40402;63.6;53.0
48;2021-08-15;131;81;48616;40483;63.7;53.1
48;2021-08-16;121;192;48737;40675;63.9;53.3
48;2021-08-17;364;1188;49101;41863;64.4;54.9
48;2021-08-18;211;201;49312;42064;64.6;55.1
48;2021-08-19;240;325;49552;42389;65.0;55.6
48;2021-08-20;215;284;49767;42673;65.2;55.9
48;2021-08-21;85;232;49852;42905;65.3;56.2
48;2021-08-22;0;0;49852;42905;65.3;56.2
48;2021-08-23;65;153;49917;43058;65.4;56.4
48;2021-08-24;308;952;50225;44010;65.8;57.7
48;2021-08-25;156;351;50381;44361;66.0;58.2
48;2021-08-26;180;499;50561;44860;66.3;58.8
48;2021-08-27;153;338;50714;45198;66.5;59.2
48;2021-08-28;127;303;50841;45501;66.6;59.6
48;2021-08-29;0;1;50841;45502;66.6;59.6
48;2021-08-30;54;146;50895;45648;66.7;59.8
48;2021-08-31;257;1071;51152;46719;67.1;61.2
48;2021-09-01;125;347;51277;47066;67.2;61.7
48;2021-09-02;131;406;51408;47472;67.4;62.2
48;2021-09-03;138;328;51546;47800;67.6;62.7
48;2021-09-04;121;244;51667;48044;67.7;63.0
48;2021-09-05;3;26;51670;48070;67.7;63.0
48;2021-09-06;34;190;51704;48260;67.8;63.3
48;2021-09-07;159;392;51863;48652;68.0;63.8
48;2021-09-08;96;225;51959;48877;68.1;64.1
48;2021-09-09;96;303;52055;49180;68.2;64.5
48;2021-09-10;128;401;52183;49581;68.4;65.0
48;2021-09-11;89;221;52272;49802;68.5;65.3
48;2021-09-12;1;3;52273;49805;68.5;65.3
48;2021-09-13;78;153;52351;49958;68.6;65.5
48;2021-09-14;204;384;52555;50342;68.9;66.0
48;2021-09-15;68;164;52623;50506;69.0;66.2
48;2021-09-16;121;219;52744;50725;69.1;66.5
48;2021-09-17;101;182;52845;50907;69.3;66.7
48;2021-09-18;31;90;52876;50997;69.3;66.8
48;2021-09-19;0;0;52876;50997;69.3;66.8
48;2021-09-20;28;87;52904;51084;69.3;67.0
48;2021-09-21;63;183;52967;51267;69.4;67.2
48;2021-09-22;49;151;53016;51418;69.5;67.4
48;2021-09-23;28;100;53044;51518;69.5;67.5
48;2021-09-24;43;118;53087;51636;69.6;67.7
48;2021-09-25;27;78;53114;51714;69.6;67.8
48;2021-09-26;1;0;53115;51714;69.6;67.8
48;2021-09-27;11;43;53126;51757;69.6;67.8
48;2021-09-28;66;155;53192;51912;69.7;68.0
48;2021-09-29;51;133;53243;52045;69.8;68.2
48;2021-09-30;40;87;53283;52132;69.8;68.3
48;2021-10-01;56;141;53339;52273;69.9;68.5
48;2021-10-02;33;51;53372;52324;70.0;68.6
48;2021-10-03;0;1;53372;52325;70.0;68.6
48;2021-10-04;19;62;53391;52387;70.0;68.7
48;2021-10-05;47;151;53438;52538;70.0;68.9
49;2020-12-27;0;0;0;0;0.0;0.0
49;2020-12-28;2;0;2;0;0.0;0.0
49;2020-12-29;0;0;2;0;0.0;0.0
49;2020-12-30;0;0;2;0;0.0;0.0
49;2020-12-31;0;0;2;0;0.0;0.0
49;2021-01-01;2;0;4;0;0.0;0.0
49;2021-01-02;1;1;5;1;0.0;0.0
49;2021-01-03;0;0;5;1;0.0;0.0
49;2021-01-04;10;0;15;1;0.0;0.0
49;2021-01-05;92;0;107;1;0.0;0.0
49;2021-01-06;232;0;339;1;0.0;0.0
49;2021-01-07;367;0;706;1;0.1;0.0
49;2021-01-08;328;1;1034;2;0.1;0.0
49;2021-01-09;118;0;1152;2;0.1;0.0
49;2021-01-10;114;0;1266;2;0.2;0.0
49;2021-01-11;287;0;1553;2;0.2;0.0
49;2021-01-12;623;0;2176;2;0.3;0.0
49;2021-01-13;602;2;2778;4;0.3;0.0
49;2021-01-14;590;5;3368;9;0.4;0.0
49;2021-01-15;775;1;4143;10;0.5;0.0
49;2021-01-16;148;0;4291;10;0.5;0.0
49;2021-01-17;111;2;4402;12;0.5;0.0
49;2021-01-18;691;0;5093;12;0.6;0.0
49;2021-01-19;1203;2;6296;14;0.8;0.0
49;2021-01-20;1512;3;7808;17;1.0;0.0
49;2021-01-21;1943;4;9751;21;1.2;0.0
49;2021-01-22;1321;5;11072;26;1.4;0.0
49;2021-01-23;263;0;11335;26;1.4;0.0
49;2021-01-24;1;0;11336;26;1.4;0.0
49;2021-01-25;552;3;11888;29;1.5;0.0
49;2021-01-26;988;74;12876;103;1.6;0.0
49;2021-01-27;1860;35;14736;138;1.8;0.0
49;2021-01-28;2877;75;17613;213;2.2;0.0
49;2021-01-29;1589;83;19202;296;2.4;0.0
49;2021-01-30;300;41;19502;337;2.4;0.0
49;2021-01-31;62;45;19564;382;2.4;0.0
49;2021-02-01;661;148;20225;530;2.5;0.1
49;2021-02-02;744;360;20969;890;2.6;0.1
49;2021-02-03;677;310;21646;1200;2.7;0.1
49;2021-02-04;758;408;22404;1608;2.7;0.2
49;2021-02-05;708;533;23112;2141;2.8;0.3
49;2021-02-06;228;101;23340;2242;2.9;0.3
49;2021-02-07;59;68;23399;2310;2.9;0.3
49;2021-02-08;549;414;23948;2724;2.9;0.3
49;2021-02-09;716;543;24664;3267;3.0;0.4
49;2021-02-10;807;793;25471;4060;3.1;0.5
49;2021-02-11;1028;1311;26499;5371;3.2;0.7
49;2021-02-12;870;895;27369;6266;3.4;0.8
49;2021-02-13;266;99;27635;6365;3.4;0.8
49;2021-02-14;9;90;27644;6455;3.4;0.8
49;2021-02-15;730;590;28374;7045;3.5;0.9
49;2021-02-16;1106;1040;29480;8085;3.6;1.0
49;2021-02-17;1160;1723;30640;9808;3.8;1.2
49;2021-02-18;1811;2343;32451;12151;4.0;1.5
49;2021-02-19;1397;1043;33848;13194;4.1;1.6
49;2021-02-20;232;330;34080;13524;4.2;1.7
49;2021-02-21;0;64;34080;13588;4.2;1.7
49;2021-02-22;647;468;34727;14056;4.3;1.7
49;2021-02-23;734;737;35461;14793;4.3;1.8
49;2021-02-24;824;525;36285;15318;4.4;1.9
49;2021-02-25;1208;674;37493;15992;4.6;2.0
49;2021-02-26;1678;723;39171;16715;4.8;2.0
49;2021-02-27;435;223;39606;16938;4.9;2.1
49;2021-02-28;49;30;39655;16968;4.9;2.1
49;2021-03-01;768;494;40423;17462;5.0;2.1
49;2021-03-02;1082;603;41505;18065;5.1;2.2
49;2021-03-03;1559;598;43064;18663;5.3;2.3
49;2021-03-04;1769;838;44833;19501;5.5;2.4
49;2021-03-05;2214;622;47047;20123;5.8;2.5
49;2021-03-06;717;161;47764;20284;5.9;2.5
49;2021-03-07;627;13;48391;20297;5.9;2.5
49;2021-03-08;1398;657;49789;20954;6.1;2.6
49;2021-03-09;2052;685;51841;21639;6.4;2.7
49;2021-03-10;2530;837;54371;22476;6.7;2.8
49;2021-03-11;3195;1431;57566;23907;7.1;2.9
49;2021-03-12;3766;978;61332;24885;7.5;3.1
49;2021-03-13;1501;198;62833;25083;7.7;3.1
49;2021-03-14;6;0;62839;25083;7.7;3.1
49;2021-03-15;2083;527;64922;25610;8.0;3.1
49;2021-03-16;1732;955;66654;26565;8.2;3.3
49;2021-03-17;1810;674;68464;27239;8.4;3.3
49;2021-03-18;2205;720;70669;27959;8.7;3.4
49;2021-03-19;3333;558;74002;28517;9.1;3.5
49;2021-03-20;1743;204;75745;28721;9.3;3.5
49;2021-03-21;499;22;76244;28743;9.3;3.5
49;2021-03-22;2248;544;78492;29287;9.6;3.6
49;2021-03-23;3406;675;81898;29962;10.0;3.7
49;2021-03-24;3603;497;85501;30459;10.5;3.7
49;2021-03-25;4225;651;89726;31110;11.0;3.8
49;2021-03-26;4886;502;94612;31612;11.6;3.9
49;2021-03-27;1675;99;96287;31711;11.8;3.9
49;2021-03-28;400;28;96687;31739;11.9;3.9
49;2021-03-29;2371;607;99058;32346;12.1;4.0
49;2021-03-30;3267;938;102325;33284;12.5;4.1
49;2021-03-31;2980;748;105305;34032;12.9;4.2
49;2021-04-01;4117;870;109422;34902;13.4;4.3
49;2021-04-02;4297;954;113719;35856;13.9;4.4
49;2021-04-03;971;193;114690;36049;14.1;4.4
49;2021-04-04;315;3;115005;36052;14.1;4.4
49;2021-04-05;944;22;115949;36074;14.2;4.4
49;2021-04-06;2330;1318;118279;37392;14.5;4.6
49;2021-04-07;3308;1365;121587;38757;14.9;4.8
49;2021-04-08;5185;1424;126772;40181;15.5;4.9
49;2021-04-09;6207;1439;132979;41620;16.3;5.1
49;2021-04-10;2065;500;135044;42120;16.6;5.2
49;2021-04-11;390;9;135434;42129;16.6;5.2
49;2021-04-12;4073;1575;139507;43704;17.1;5.4
49;2021-04-13;5380;1912;144887;45616;17.8;5.6
49;2021-04-14;4542;1877;149429;47493;18.3;5.8
49;2021-04-15;5381;1880;154810;49373;19.0;6.1
49;2021-04-16;5761;2137;160571;51510;19.7;6.3
49;2021-04-17;3335;852;163906;52362;20.1;6.4
49;2021-04-18;381;476;164287;52838;20.1;6.5
49;2021-04-19;3710;2058;167997;54896;20.6;6.7
49;2021-04-20;4371;2111;172368;57007;21.1;7.0
49;2021-04-21;3955;2203;176323;59210;21.6;7.3
49;2021-04-22;4837;2111;181160;61321;22.2;7.5
49;2021-04-23;4814;2335;185974;63656;22.8;7.8
49;2021-04-24;2938;1154;188912;64810;23.2;7.9
49;2021-04-25;40;282;188952;65092;23.2;8.0
49;2021-04-26;3744;2109;192696;67201;23.6;8.2
49;2021-04-27;4472;2496;197168;69697;24.2;8.5
49;2021-04-28;4616;2497;201784;72194;24.7;8.8
49;2021-04-29;5206;3014;206990;75208;25.4;9.2
49;2021-04-30;5558;3196;212548;78404;26.1;9.6
49;2021-05-01;2364;665;214912;79069;26.3;9.7
49;2021-05-02;5;40;214917;79109;26.3;9.7
49;2021-05-03;5012;2406;219929;81515;27.0;10.0
49;2021-05-04;4972;3037;224901;84552;27.6;10.4
49;2021-05-05;4789;3005;229690;87557;28.2;10.7
49;2021-05-06;5328;3094;235018;90651;28.8;11.1
49;2021-05-07;4281;5008;239299;95659;29.3;11.7
49;2021-05-08;3577;438;242876;96097;29.8;11.8
49;2021-05-09;10;41;242886;96138;29.8;11.8
49;2021-05-10;4829;4271;247715;100409;30.4;12.3
49;2021-05-11;5397;5083;253112;105492;31.0;12.9
49;2021-05-12;4800;4590;257912;110082;31.6;13.5
49;2021-05-13;4778;691;262690;110773;32.2;13.6
49;2021-05-14;5170;3268;267860;114041;32.8;14.0
49;2021-05-15;4157;1806;272017;115847;33.3;14.2
49;2021-05-16;2786;117;274803;115964;33.7;14.2
49;2021-05-17;4835;3683;279638;119647;34.3;14.7
49;2021-05-18;5473;3768;285111;123415;34.9;15.1
49;2021-05-19;5916;3229;291027;126644;35.7;15.5
49;2021-05-20;6807;2965;297834;129609;36.5;15.9
49;2021-05-21;6450;3744;304284;133353;37.3;16.3
49;2021-05-22;5183;1193;309467;134546;37.9;16.5
49;2021-05-23;1;12;309468;134558;37.9;16.5
49;2021-05-24;4212;448;313680;135006;38.4;16.5
49;2021-05-25;6326;3294;320006;138300;39.2;17.0
49;2021-05-26;6273;2664;326279;140964;40.0;17.3
49;2021-05-27;7114;2725;333393;143689;40.9;17.6
49;2021-05-28;6875;4006;340268;147695;41.7;18.1
49;2021-05-29;5023;1895;345291;149590;42.3;18.3
49;2021-05-30;21;14;345312;149604;42.3;18.3
49;2021-05-31;6036;3216;351348;152820;43.1;18.7
49;2021-06-01;6592;3979;357940;156799;43.9;19.2
49;2021-06-02;5794;3738;363734;160537;44.6;19.7
49;2021-06-03;6603;3415;370337;163952;45.4;20.1
49;2021-06-04;6470;4862;376807;168814;46.2;20.7
49;2021-06-05;4385;2694;381192;171508;46.7;21.0
49;2021-06-06;38;48;381230;171556;46.7;21.0
49;2021-06-07;4634;4759;385864;176315;47.3;21.6
49;2021-06-08;5185;5103;391049;181418;47.9;22.2
49;2021-06-09;5325;4504;396374;185922;48.6;22.8
49;2021-06-10;6005;3781;402379;189703;49.3;23.3
49;2021-06-11;4873;6030;407252;195733;49.9;24.0
49;2021-06-12;4097;3200;411349;198933;50.4;24.4
49;2021-06-13;20;989;411369;199922;50.4;24.5
49;2021-06-14;3410;6015;414779;205937;50.8;25.2
49;2021-06-15;4241;6392;419020;212329;51.4;26.0
49;2021-06-16;4150;5677;423170;218006;51.9;26.7
49;2021-06-17;5069;5076;428239;223082;52.5;27.3
49;2021-06-18;4134;6885;432373;229967;53.0;28.2
49;2021-06-19;3525;3971;435898;233938;53.4;28.7
49;2021-06-20;33;25;435931;233963;53.4;28.7
49;2021-06-21;2828;6509;438759;240472;53.8;29.5
49;2021-06-22;3208;7004;441967;247476;54.2;30.3
49;2021-06-23;3253;6311;445220;253787;54.6;31.1
49;2021-06-24;4316;4975;449536;258762;55.1;31.7
49;2021-06-25;3325;7446;452861;266208;55.5;32.6
49;2021-06-26;2570;4625;455431;270833;55.8;33.2
49;2021-06-27;15;1544;455446;272377;55.8;33.4
49;2021-06-28;2234;7181;457680;279558;56.1;34.3
49;2021-06-29;3028;7269;460708;286827;56.5;35.2
49;2021-06-30;2824;6803;463532;293630;56.8;36.0
49;2021-07-01;3393;6273;466925;299903;57.2;36.8
49;2021-07-02;3063;8066;469988;307969;57.6;37.7
49;2021-07-03;2007;5486;471995;313455;57.9;38.4
49;2021-07-04;7;53;472002;313508;57.9;38.4
49;2021-07-05;1738;7079;473740;320587;58.1;39.3
49;2021-07-06;1894;7550;475634;328137;58.3;40.2
49;2021-07-07;2100;6622;477734;334759;58.6;41.0
49;2021-07-08;2689;6357;480423;341116;58.9;41.8
49;2021-07-09;2361;8246;482784;349362;59.2;42.8
49;2021-07-10;1802;5344;484586;354706;59.4;43.5
49;2021-07-11;12;35;484598;354741;59.4;43.5
49;2021-07-12;1947;7713;486545;362454;59.6;44.4
49;2021-07-13;2572;8301;489117;370755;59.9;45.4
49;2021-07-14;2893;3373;492010;374128;60.3;45.9
49;2021-07-15;3165;7552;495175;381680;60.7;46.8
49;2021-07-16;3396;8293;498571;389973;61.1;47.8
49;2021-07-17;2103;5479;500674;395452;61.4;48.5
49;2021-07-18;3751;583;504425;396035;61.8;48.5
49;2021-07-19;2666;7450;507091;403485;62.2;49.5
49;2021-07-20;3588;7481;510679;410966;62.6;50.4
49;2021-07-21;4228;6463;514907;417429;63.1;51.2
49;2021-07-22;4815;5865;519722;423294;63.7;51.9
49;2021-07-23;5111;6624;524833;429918;64.3;52.7
49;2021-07-24;3690;5002;528523;434920;64.8;53.3
49;2021-07-25;67;33;528590;434953;64.8;53.3
49;2021-07-26;4517;5901;533107;440854;65.3;54.0
49;2021-07-27;5753;5443;538860;446297;66.0;54.7
49;2021-07-28;6019;4360;544879;450657;66.8;55.2
49;2021-07-29;6702;4155;551581;454812;67.6;55.7
49;2021-07-30;6173;4788;557754;459600;68.4;56.3
49;2021-07-31;3959;3421;561713;463021;68.8;56.8
49;2021-08-01;21;22;561734;463043;68.8;56.8
49;2021-08-02;4271;4657;566005;467700;69.4;57.3
49;2021-08-03;5434;3801;571439;471501;70.0;57.8
49;2021-08-04;5276;3719;576715;475220;70.7;58.2
49;2021-08-05;5307;3289;582022;478509;71.3;58.6
49;2021-08-06;5718;4283;587740;482792;72.0;59.2
49;2021-08-07;3925;3044;591665;485836;72.5;59.5
49;2021-08-08;24;36;591689;485872;72.5;59.6
49;2021-08-09;3501;4682;595190;490554;73.0;60.1
49;2021-08-10;4251;3900;599441;494454;73.5;60.6
49;2021-08-11;4007;3652;603448;498106;74.0;61.1
49;2021-08-12;2665;3055;606113;501161;74.3;61.4
49;2021-08-13;3926;4271;610039;505432;74.8;61.9
49;2021-08-14;2279;3149;612318;508581;75.0;62.3
49;2021-08-15;30;26;612348;508607;75.1;62.3
49;2021-08-16;2831;5061;615179;513668;75.4;63.0
49;2021-08-17;3281;4911;618460;518579;75.8;63.6
49;2021-08-18;2977;4114;621437;522693;76.2;64.1
49;2021-08-19;1549;3663;622986;526356;76.4;64.5
49;2021-08-20;2732;5772;625718;532128;76.7;65.2
49;2021-08-21;1399;4150;627117;536278;76.9;65.7
49;2021-08-22;6;41;627123;536319;76.9;65.7
49;2021-08-23;2257;5627;629380;541946;77.1;66.4
49;2021-08-24;2747;5787;632127;547733;77.5;67.1
49;2021-08-25;2330;5430;634457;553163;77.8;67.8
49;2021-08-26;1716;4827;636173;557990;78.0;68.4
49;2021-08-27;2456;6813;638629;564803;78.3;69.2
49;2021-08-28;906;4302;639535;569105;78.4;69.8
49;2021-08-29;5;94;639540;569199;78.4;69.8
49;2021-08-30;1156;4295;640696;573494;78.5;70.3
49;2021-08-31;2248;6003;642944;579497;78.8;71.0
49;2021-09-01;1684;4454;644628;583951;79.0;71.6
49;2021-09-02;1063;2807;645691;586758;79.1;71.9
49;2021-09-03;1460;4186;647151;590944;79.3;72.4
49;2021-09-04;1209;3574;648360;594518;79.5;72.9
49;2021-09-05;5;9;648365;594527;79.5;72.9
49;2021-09-06;1098;2945;649463;597472;79.6;73.2
49;2021-09-07;1189;2887;650652;600359;79.7;73.6
49;2021-09-08;984;3323;651636;603682;79.9;74.0
49;2021-09-09;771;1777;652407;605459;80.0;74.2
49;2021-09-10;972;3069;653379;608528;80.1;74.6
49;2021-09-11;726;2643;654105;611171;80.2;74.9
49;2021-09-12;12;8;654117;611179;80.2;74.9
49;2021-09-13;744;2542;654861;613721;80.3;75.2
49;2021-09-14;641;2303;655502;616024;80.3;75.5
49;2021-09-15;618;2227;656120;618251;80.4;75.8
49;2021-09-16;522;1288;656642;619539;80.5;75.9
49;2021-09-17;929;2516;657571;622055;80.6;76.2
49;2021-09-18;541;2005;658112;624060;80.7;76.5
49;2021-09-19;2;8;658114;624068;80.7;76.5
49;2021-09-20;512;1245;658626;625313;80.7;76.6
49;2021-09-21;432;1598;659058;626911;80.8;76.8
49;2021-09-22;336;1996;659394;628907;80.8;77.1
49;2021-09-23;324;1161;659718;630068;80.9;77.2
49;2021-09-24;566;2242;660284;632310;80.9;77.5
49;2021-09-25;197;1014;660481;633324;81.0;77.6
49;2021-09-26;0;0;660481;633324;81.0;77.6
49;2021-09-27;384;1374;660865;634698;81.0;77.8
49;2021-09-28;413;1062;661278;635760;81.1;77.9
49;2021-09-29;377;1241;661655;637001;81.1;78.1
49;2021-09-30;318;707;661973;637708;81.1;78.2
49;2021-10-01;546;1504;662519;639212;81.2;78.3
49;2021-10-02;354;1132;662873;640344;81.2;78.5
49;2021-10-03;4;13;662877;640357;81.2;78.5
49;2021-10-04;311;760;663188;641117;81.3;78.6
49;2021-10-05;186;552;663374;641669;81.3;78.6
50;2020-12-27;0;0;0;0;0.0;0.0
50;2020-12-28;0;0;0;0;0.0;0.0
50;2020-12-29;1;0;1;0;0.0;0.0
50;2020-12-30;0;0;1;0;0.0;0.0
50;2020-12-31;0;0;1;0;0.0;0.0
50;2021-01-01;0;0;1;0;0.0;0.0
50;2021-01-02;0;0;1;0;0.0;0.0
50;2021-01-03;0;0;1;0;0.0;0.0
50;2021-01-04;1;0;2;0;0.0;0.0
50;2021-01-05;0;0;2;0;0.0;0.0
50;2021-01-06;126;0;128;0;0.0;0.0
50;2021-01-07;324;0;452;0;0.1;0.0
50;2021-01-08;436;2;888;2;0.2;0.0
50;2021-01-09;236;0;1124;2;0.2;0.0
50;2021-01-10;23;0;1147;2;0.2;0.0
50;2021-01-11;391;1;1538;3;0.3;0.0
50;2021-01-12;599;0;2137;3;0.4;0.0
50;2021-01-13;695;5;2832;8;0.6;0.0
50;2021-01-14;1051;11;3883;19;0.8;0.0
50;2021-01-15;710;3;4593;22;0.9;0.0
50;2021-01-16;215;3;4808;25;1.0;0.0
50;2021-01-17;1;0;4809;25;1.0;0.0
50;2021-01-18;620;1;5429;26;1.1;0.0
50;2021-01-19;902;3;6331;29;1.3;0.0
50;2021-01-20;964;0;7295;29;1.5;0.0
50;2021-01-21;917;4;8212;33;1.7;0.0
50;2021-01-22;716;2;8928;35;1.8;0.0
50;2021-01-23;668;4;9596;39;2.0;0.0
50;2021-01-24;881;2;10477;41;2.1;0.0
50;2021-01-25;2708;8;13185;49;2.7;0.0
50;2021-01-26;1336;14;14521;63;3.0;0.0
50;2021-01-27;768;56;15289;119;3.1;0.0
50;2021-01-28;716;161;16005;280;3.3;0.1
50;2021-01-29;581;290;16586;570;3.4;0.1
50;2021-01-30;381;137;16967;707;3.5;0.1
50;2021-01-31;0;0;16967;707;3.5;0.1
50;2021-02-01;451;209;17418;916;3.5;0.2
50;2021-02-02;417;224;17835;1140;3.6;0.2
50;2021-02-03;391;366;18226;1506;3.7;0.3
50;2021-02-04;486;421;18712;1927;3.8;0.4
50;2021-02-05;425;425;19137;2352;3.9;0.5
50;2021-02-06;179;104;19316;2456;3.9;0.5
50;2021-02-07;0;0;19316;2456;3.9;0.5
50;2021-02-08;254;432;19570;2888;4.0;0.6
50;2021-02-09;246;548;19816;3436;4.0;0.7
50;2021-02-10;571;469;20387;3905;4.2;0.8
50;2021-02-11;436;830;20823;4735;4.2;1.0
50;2021-02-12;329;576;21152;5311;4.3;1.1
50;2021-02-13;306;413;21458;5724;4.4;1.2
50;2021-02-14;185;732;21643;6456;4.4;1.3
50;2021-02-15;664;1772;22307;8228;4.5;1.7
50;2021-02-16;746;1452;23053;9680;4.7;2.0
50;2021-02-17;632;673;23685;10353;4.8;2.1
50;2021-02-18;569;686;24254;11039;4.9;2.2
50;2021-02-19;631;393;24885;11432;5.1;2.3
50;2021-02-20;423;128;25308;11560;5.2;2.4
50;2021-02-21;85;21;25393;11581;5.2;2.4
50;2021-02-22;291;569;25684;12150;5.2;2.5
50;2021-02-23;503;431;26187;12581;5.3;2.6
50;2021-02-24;624;489;26811;13070;5.5;2.7
50;2021-02-25;780;478;27591;13548;5.6;2.8
50;2021-02-26;998;318;28589;13866;5.8;2.8
50;2021-02-27;887;97;29476;13963;6.0;2.8
50;2021-02-28;111;0;29587;13963;6.0;2.8
50;2021-03-01;488;447;30075;14410;6.1;2.9
50;2021-03-02;651;431;30726;14841;6.3;3.0
50;2021-03-03;798;381;31524;15222;6.4;3.1
50;2021-03-04;1247;289;32771;15511;6.7;3.2
50;2021-03-05;1553;296;34324;15807;7.0;3.2
50;2021-03-06;1321;137;35645;15944;7.3;3.2
50;2021-03-07;550;39;36195;15983;7.4;3.3
50;2021-03-08;1025;572;37220;16555;7.6;3.4
50;2021-03-09;1555;544;38775;17099;7.9;3.5
50;2021-03-10;1607;293;40382;17392;8.2;3.5
50;2021-03-11;2352;338;42734;17730;8.7;3.6
50;2021-03-12;2865;239;45599;17969;9.3;3.7
50;2021-03-13;1995;125;47594;18094;9.7;3.7
50;2021-03-14;280;41;47874;18135;9.8;3.7
50;2021-03-15;1378;291;49252;18426;10.0;3.8
50;2021-03-16;1341;275;50593;18701;10.3;3.8
50;2021-03-17;1296;404;51889;19105;10.6;3.9
50;2021-03-18;1162;427;53051;19532;10.8;4.0
50;2021-03-19;1733;576;54784;20108;11.2;4.1
50;2021-03-20;1688;230;56472;20338;11.5;4.1
50;2021-03-21;794;12;57266;20350;11.7;4.1
50;2021-03-22;1508;334;58774;20684;12.0;4.2
50;2021-03-23;2078;399;60852;21083;12.4;4.3
50;2021-03-24;2281;551;63133;21634;12.9;4.4
50;2021-03-25;2813;472;65946;22106;13.4;4.5
50;2021-03-26;3205;470;69151;22576;14.1;4.6
50;2021-03-27;1823;373;70974;22949;14.5;4.7
50;2021-03-28;403;20;71377;22969;14.5;4.7
50;2021-03-29;2139;717;73516;23686;15.0;4.8
50;2021-03-30;2283;641;75799;24327;15.4;5.0
50;2021-03-31;2479;570;78278;24897;16.0;5.1
50;2021-04-01;3104;867;81382;25764;16.6;5.3
50;2021-04-02;2960;928;84342;26692;17.2;5.4
50;2021-04-03;1245;674;85587;27366;17.4;5.6
50;2021-04-04;321;134;85908;27500;17.5;5.6
50;2021-04-05;400;27;86308;27527;17.6;5.6
50;2021-04-06;2127;1222;88435;28749;18.0;5.9
50;2021-04-07;2557;1175;90992;29924;18.5;6.1
50;2021-04-08;3597;1207;94589;31131;19.3;6.3
50;2021-04-09;3936;1300;98525;32431;20.1;6.6
50;2021-04-10;2534;873;101059;33304;20.6;6.8
50;2021-04-11;411;144;101470;33448;20.7;6.8
50;2021-04-12;2438;1377;103908;34825;21.2;7.1
50;2021-04-13;2678;1511;106586;36336;21.7;7.4
50;2021-04-14;2608;1355;109194;37691;22.3;7.7
50;2021-04-15;3161;1115;112355;38806;22.9;7.9
50;2021-04-16;3363;1103;115718;39909;23.6;8.1
50;2021-04-17;2397;1185;118115;41094;24.1;8.4
50;2021-04-18;425;665;118540;41759;24.2;8.5
50;2021-04-19;1996;1469;120536;43228;24.6;8.8
50;2021-04-20;2273;1589;122809;44817;25.0;9.1
50;2021-04-21;2548;1759;125357;46576;25.5;9.5
50;2021-04-22;3078;1825;128435;48401;26.2;9.9
50;2021-04-23;2757;1917;131192;50318;26.7;10.3
50;2021-04-24;1900;1429;133092;51747;27.1;10.5
50;2021-04-25;470;272;133562;52019;27.2;10.6
50;2021-04-26;2119;1878;135681;53897;27.7;11.0
50;2021-04-27;2412;1996;138093;55893;28.1;11.4
50;2021-04-28;2708;1972;140801;57865;28.7;11.8
50;2021-04-29;3285;2041;144086;59906;29.4;12.2
50;2021-04-30;2999;1923;147085;61829;30.0;12.6
50;2021-05-01;1015;596;148100;62425;30.2;12.7
50;2021-05-02;523;448;148623;62873;30.3;12.8
50;2021-05-03;1771;1805;150394;64678;30.7;13.2
50;2021-05-04;1771;2329;152165;67007;31.0;13.7
50;2021-05-05;1659;2951;153824;69958;31.3;14.3
50;2021-05-06;2530;2579;156354;72537;31.9;14.8
50;2021-05-07;2150;2850;158504;75387;32.3;15.4
50;2021-05-08;1170;792;159674;76179;32.5;15.5
50;2021-05-09;624;361;160298;76540;32.7;15.6
50;2021-05-10;1705;2602;162003;79142;33.0;16.1
50;2021-05-11;2542;2836;164545;81978;33.5;16.7
50;2021-05-12;3179;2438;167724;84416;34.2;17.2
50;2021-05-13;3382;613;171106;85029;34.9;17.3
50;2021-05-14;3568;2274;174674;87303;35.6;17.8
50;2021-05-15;4001;1870;178675;89173;36.4;18.2
50;2021-05-16;947;267;179622;89440;36.6;18.2
50;2021-05-17;2140;1878;181762;91318;37.0;18.6
50;2021-05-18;2523;1614;184285;92932;37.6;18.9
50;2021-05-19;2503;1447;186788;94379;38.1;19.2
50;2021-05-20;3261;1624;190049;96003;38.7;19.6
50;2021-05-21;3156;1908;193205;97911;39.4;20.0
50;2021-05-22;2651;1323;195856;99234;39.9;20.2
50;2021-05-23;603;284;196459;99518;40.0;20.3
50;2021-05-24;1527;490;197986;100008;40.4;20.4
50;2021-05-25;2450;1668;200436;101676;40.8;20.7
50;2021-05-26;3003;1458;203439;103134;41.5;21.0
50;2021-05-27;3035;1969;206474;105103;42.1;21.4
50;2021-05-28;2941;2111;209415;107214;42.7;21.9
50;2021-05-29;2760;1402;212175;108616;43.2;22.1
50;2021-05-30;812;327;212987;108943;43.4;22.2
50;2021-05-31;2652;1815;215639;110758;43.9;22.6
50;2021-06-01;3333;2066;218972;112824;44.6;23.0
50;2021-06-02;3259;1782;222231;114606;45.3;23.4
50;2021-06-03;3914;2059;226145;116665;46.1;23.8
50;2021-06-04;3822;2874;229967;119539;46.9;24.4
50;2021-06-05;2958;1838;232925;121377;47.5;24.7
50;2021-06-06;813;442;233738;121819;47.6;24.8
50;2021-06-07;3512;2078;237250;123897;48.4;25.3
50;2021-06-08;4073;2228;241323;126125;49.2;25.7
50;2021-06-09;4253;1987;245576;128112;50.0;26.1
50;2021-06-10;4193;2113;249769;130225;50.9;26.5
50;2021-06-11;4224;2712;253993;132937;51.8;27.1
50;2021-06-12;3738;1613;257731;134550;52.5;27.4
50;2021-06-13;1143;451;258874;135001;52.8;27.5
50;2021-06-14;2693;2967;261567;137968;53.3;28.1
50;2021-06-15;3016;2599;264583;140567;53.9;28.6
50;2021-06-16;3096;1970;267679;142537;54.6;29.0
50;2021-06-17;2798;2484;270477;145021;55.1;29.6
50;2021-06-18;3239;3051;273716;148072;55.8;30.2
50;2021-06-19;3176;1925;276892;149997;56.4;30.6
50;2021-06-20;731;710;277623;150707;56.6;30.7
50;2021-06-21;1819;3129;279442;153836;57.0;31.4
50;2021-06-22;2064;3389;281506;157225;57.4;32.0
50;2021-06-23;1872;3875;283378;161100;57.8;32.8
50;2021-06-24;1711;4007;285089;165107;58.1;33.6
50;2021-06-25;2134;4007;287223;169114;58.5;34.5
50;2021-06-26;2147;3692;289370;172806;59.0;35.2
50;2021-06-27;615;895;289985;173701;59.1;35.4
50;2021-06-28;1927;3349;291912;177050;59.5;36.1
50;2021-06-29;1881;3406;293793;180456;59.9;36.8
50;2021-06-30;2179;3408;295972;183864;60.3;37.5
50;2021-07-01;1944;3283;297916;187147;60.7;38.1
50;2021-07-02;1898;3934;299814;191081;61.1;38.9
50;2021-07-03;1448;3445;301262;194526;61.4;39.6
50;2021-07-04;445;1066;301707;195592;61.5;39.9
50;2021-07-05;1262;3412;302969;199004;61.7;40.6
50;2021-07-06;1573;3896;304542;202900;62.1;41.4
50;2021-07-07;1804;3617;306346;206517;62.4;42.1
50;2021-07-08;1375;4101;307721;210618;62.7;42.9
50;2021-07-09;1394;4570;309115;215188;63.0;43.9
50;2021-07-10;1023;3599;310138;218787;63.2;44.6
50;2021-07-11;373;1018;310511;219805;63.3;44.8
50;2021-07-12;1317;4623;311828;224428;63.6;45.7
50;2021-07-13;1624;4856;313452;229284;63.9;46.7
50;2021-07-14;1476;2358;314928;231642;64.2;47.2
50;2021-07-15;1687;5048;316615;236690;64.5;48.2
50;2021-07-16;2992;5241;319607;241931;65.1;49.3
50;2021-07-17;2149;3733;321756;245664;65.6;50.1
50;2021-07-18;402;1089;322158;246753;65.7;50.3
50;2021-07-19;1571;5185;323729;251938;66.0;51.3
50;2021-07-20;1924;5405;325653;257343;66.4;52.4
50;2021-07-21;1802;5256;327455;262599;66.7;53.5
50;2021-07-22;1947;5002;329402;267601;67.1;54.5
50;2021-07-23;2072;5373;331474;272974;67.6;55.6
50;2021-07-24;1311;3836;332785;276810;67.8;56.4
50;2021-07-25;274;1037;333059;277847;67.9;56.6
50;2021-07-26;2290;3487;335349;281334;68.3;57.3
50;2021-07-27;2899;3346;338248;284680;68.9;58.0
50;2021-07-28;2998;3687;341246;288367;69.5;58.8
50;2021-07-29;3581;3220;344827;291587;70.3;59.4
50;2021-07-30;3075;3005;347902;294592;70.9;60.0
50;2021-07-31;2406;2672;350308;297264;71.4;60.6
50;2021-08-01;484;686;350792;297950;71.5;60.7
50;2021-08-02;2475;2739;353267;300689;72.0;61.3
50;2021-08-03;3404;2470;356671;303159;72.7;61.8
50;2021-08-04;3602;2322;360273;305481;73.4;62.3
50;2021-08-05;3189;2159;363462;307640;74.1;62.7
50;2021-08-06;3657;2800;367119;310440;74.8;63.3
50;2021-08-07;2462;2156;369581;312596;75.3;63.7
50;2021-08-08;511;712;370092;313308;75.4;63.9
50;2021-08-09;2494;2135;372586;315443;75.9;64.3
50;2021-08-10;2987;1989;375573;317432;76.5;64.7
50;2021-08-11;2852;2018;378425;319450;77.1;65.1
50;2021-08-12;2596;2438;381021;321888;77.7;65.6
50;2021-08-13;2506;1979;383527;323867;78.2;66.0
50;2021-08-14;1810;1748;385337;325615;78.5;66.4
50;2021-08-15;399;334;385736;325949;78.6;66.4
50;2021-08-16;1720;2228;387456;328177;79.0;66.9
50;2021-08-17;1973;2703;389429;330880;79.4;67.4
50;2021-08-18;1844;2389;391273;333269;79.7;67.9
50;2021-08-19;1710;2578;392983;335847;80.1;68.4
50;2021-08-20;1620;2739;394603;338586;80.4;69.0
50;2021-08-21;1016;2727;395619;341313;80.6;69.6
50;2021-08-22;384;519;396003;341832;80.7;69.7
50;2021-08-23;1137;2906;397140;344738;80.9;70.3
50;2021-08-24;1246;3222;398386;347960;81.2;70.9
50;2021-08-25;1091;2649;399477;350609;81.4;71.5
50;2021-08-26;865;3156;400342;353765;81.6;72.1
50;2021-08-27;936;3181;401278;356946;81.8;72.7
50;2021-08-28;792;2887;402070;359833;81.9;73.3
50;2021-08-29;283;575;402353;360408;82.0;73.5
50;2021-08-30;774;2948;403127;363356;82.2;74.1
50;2021-08-31;821;3034;403948;366390;82.3;74.7
50;2021-09-01;685;2889;404633;369279;82.5;75.3
50;2021-09-02;528;2541;405161;371820;82.6;75.8
50;2021-09-03;692;2878;405853;374698;82.7;76.4
50;2021-09-04;621;2992;406474;377690;82.8;77.0
50;2021-09-05;194;741;406668;378431;82.9;77.1
50;2021-09-06;433;2192;407101;380623;83.0;77.6
50;2021-09-07;329;1753;407430;382376;83.0;77.9
50;2021-09-08;466;2131;407896;384507;83.1;78.4
50;2021-09-09;385;1493;408281;386000;83.2;78.7
50;2021-09-10;496;2019;408777;388019;83.3;79.1
50;2021-09-11;365;2427;409142;390446;83.4;79.6
50;2021-09-12;71;387;409213;390833;83.4;79.7
50;2021-09-13;411;1386;409624;392219;83.5;79.9
50;2021-09-14;411;1382;410035;393601;83.6;80.2
50;2021-09-15;415;1087;410450;394688;83.7;80.4
50;2021-09-16;461;747;410911;395435;83.7;80.6
50;2021-09-17;456;1030;411367;396465;83.8;80.8
50;2021-09-18;313;1467;411680;397932;83.9;81.1
50;2021-09-19;46;276;411726;398208;83.9;81.2
50;2021-09-20;382;588;412108;398796;84.0;81.3
50;2021-09-21;431;625;412539;399421;84.1;81.4
50;2021-09-22;216;867;412755;400288;84.1;81.6
50;2021-09-23;267;450;413022;400738;84.2;81.7
50;2021-09-24;253;819;413275;401557;84.2;81.8
50;2021-09-25;213;934;413488;402491;84.3;82.0
50;2021-09-26;20;181;413508;402672;84.3;82.1
50;2021-09-27;106;388;413614;403060;84.3;82.1
50;2021-09-28;159;385;413773;403445;84.3;82.2
50;2021-09-29;152;520;413925;403965;84.4;82.3
50;2021-09-30;163;422;414088;404387;84.4;82.4
50;2021-10-01;205;592;414293;404979;84.4;82.5
50;2021-10-02;224;540;414517;405519;84.5;82.6
50;2021-10-03;2;5;414519;405524;84.5;82.6
50;2021-10-04;177;482;414696;406006;84.5;82.7
50;2021-10-05;132;398;414828;406404;84.5;82.8
51;2020-12-27;0;0;0;0;0.0;0.0
51;2020-12-28;0;0;0;0;0.0;0.0
51;2020-12-29;0;0;0;0;0.0;0.0
51;2020-12-30;0;0;0;0;0.0;0.0
51;2020-12-31;1;0;1;0;0.0;0.0
51;2021-01-01;0;0;1;0;0.0;0.0
51;2021-01-02;0;0;1;0;0.0;0.0
51;2021-01-03;0;0;1;0;0.0;0.0
51;2021-01-04;1;0;2;0;0.0;0.0
51;2021-01-05;1;0;3;0;0.0;0.0
51;2021-01-06;6;0;9;0;0.0;0.0
51;2021-01-07;262;1;271;1;0.0;0.0
51;2021-01-08;508;1;779;2;0.1;0.0
51;2021-01-09;91;0;870;2;0.2;0.0
51;2021-01-10;0;0;870;2;0.2;0.0
51;2021-01-11;545;2;1415;4;0.3;0.0
51;2021-01-12;1542;4;2957;8;0.5;0.0
51;2021-01-13;1289;5;4246;13;0.8;0.0
51;2021-01-14;1475;6;5721;19;1.0;0.0
51;2021-01-15;607;3;6328;22;1.1;0.0
51;2021-01-16;177;1;6505;23;1.2;0.0
51;2021-01-17;102;0;6607;23;1.2;0.0
51;2021-01-18;845;3;7452;26;1.3;0.0
51;2021-01-19;997;2;8449;28;1.5;0.0
51;2021-01-20;955;7;9404;35;1.7;0.0
51;2021-01-21;790;2;10194;37;1.8;0.0
51;2021-01-22;394;2;10588;39;1.9;0.0
51;2021-01-23;294;0;10882;39;1.9;0.0
51;2021-01-24;130;1;11012;40;2.0;0.0
51;2021-01-25;712;3;11724;43;2.1;0.0
51;2021-01-26;779;5;12503;48;2.2;0.0
51;2021-01-27;656;2;13159;50;2.3;0.0
51;2021-01-28;646;54;13805;104;2.4;0.0
51;2021-01-29;474;141;14279;245;2.5;0.0
51;2021-01-30;126;5;14405;250;2.6;0.0
51;2021-01-31;83;0;14488;250;2.6;0.0
51;2021-02-01;275;58;14763;308;2.6;0.1
51;2021-02-02;738;622;15501;930;2.7;0.2
51;2021-02-03;642;454;16143;1384;2.9;0.2
51;2021-02-04;968;733;17111;2117;3.0;0.4
51;2021-02-05;973;473;18084;2590;3.2;0.5
51;2021-02-06;30;136;18114;2726;3.2;0.5
51;2021-02-07;0;18;18114;2744;3.2;0.5
51;2021-02-08;115;392;18229;3136;3.2;0.6
51;2021-02-09;222;454;18451;3590;3.3;0.6
51;2021-02-10;220;599;18671;4189;3.3;0.7
51;2021-02-11;302;491;18973;4680;3.4;0.8
51;2021-02-12;341;489;19314;5169;3.4;0.9
51;2021-02-13;8;94;19322;5263;3.4;0.9
51;2021-02-14;8;119;19330;5382;3.4;1.0
51;2021-02-15;265;592;19595;5974;3.5;1.1
51;2021-02-16;402;762;19997;6736;3.5;1.2
51;2021-02-17;367;694;20364;7430;3.6;1.3
51;2021-02-18;437;469;20801;7899;3.7;1.4
51;2021-02-19;529;380;21330;8279;3.8;1.5
51;2021-02-20;205;264;21535;8543;3.8;1.5
51;2021-02-21;10;93;21545;8636;3.8;1.5
51;2021-02-22;195;544;21740;9180;3.9;1.6
51;2021-02-23;262;915;22002;10095;3.9;1.8
51;2021-02-24;414;554;22416;10649;4.0;1.9
51;2021-02-25;1049;779;23465;11428;4.2;2.0
51;2021-02-26;1228;601;24693;12029;4.4;2.1
51;2021-02-27;590;96;25283;12125;4.5;2.2
51;2021-02-28;7;52;25290;12177;4.5;2.2
51;2021-03-01;768;280;26058;12457;4.6;2.2
51;2021-03-02;1128;415;27186;12872;4.8;2.3
51;2021-03-03;1194;388;28380;13260;5.0;2.4
51;2021-03-04;1061;631;29441;13891;5.2;2.5
51;2021-03-05;1560;567;31001;14458;5.5;2.6
51;2021-03-06;1434;56;32435;14514;5.8;2.6
51;2021-03-07;251;5;32686;14519;5.8;2.6
51;2021-03-08;992;98;33678;14617;6.0;2.6
51;2021-03-09;1666;180;35344;14797;6.3;2.6
51;2021-03-10;1996;104;37340;14901;6.6;2.6
51;2021-03-11;2371;168;39711;15069;7.0;2.7
51;2021-03-12;3255;148;42966;15217;7.6;2.7
51;2021-03-13;2550;49;45516;15266;8.1;2.7
51;2021-03-14;190;5;45706;15271;8.1;2.7
51;2021-03-15;1580;150;47286;15421;8.4;2.7
51;2021-03-16;1478;182;48764;15603;8.6;2.8
51;2021-03-17;1497;206;50261;15809;8.9;2.8
51;2021-03-18;1615;287;51876;16096;9.2;2.9
51;2021-03-19;2311;296;54187;16392;9.6;2.9
51;2021-03-20;1661;216;55848;16608;9.9;2.9
51;2021-03-21;133;4;55981;16612;9.9;2.9
51;2021-03-22;1416;125;57397;16737;10.2;3.0
51;2021-03-23;2469;160;59866;16897;10.6;3.0
51;2021-03-24;2846;131;62712;17028;11.1;3.0
51;2021-03-25;3254;331;65966;17359;11.7;3.1
51;2021-03-26;3411;501;69377;17860;12.3;3.2
51;2021-03-27;1842;249;71219;18109;12.6;3.2
51;2021-03-28;213;3;71432;18112;12.7;3.2
51;2021-03-29;991;629;72423;18741;12.8;3.3
51;2021-03-30;1748;851;74171;19592;13.2;3.5
51;2021-03-31;1738;748;75909;20340;13.5;3.6
51;2021-04-01;2282;449;78191;20789;13.9;3.7
51;2021-04-02;2425;641;80616;21430;14.3;3.8
51;2021-04-03;1301;411;81917;21841;14.5;3.9
51;2021-04-04;106;2;82023;21843;14.5;3.9
51;2021-04-05;72;138;82095;21981;14.6;3.9
51;2021-04-06;763;1230;82858;23211;14.7;4.1
51;2021-04-07;1312;1408;84170;24619;14.9;4.4
51;2021-04-08;2205;1771;86375;26390;15.3;4.7
51;2021-04-09;2862;1724;89237;28114;15.8;5.0
51;2021-04-10;2219;496;91456;28610;16.2;5.1
51;2021-04-11;105;85;91561;28695;16.2;5.1
51;2021-04-12;1450;1338;93011;30033;16.5;5.3
51;2021-04-13;1936;1670;94947;31703;16.8;5.6
51;2021-04-14;2460;1549;97407;33252;17.3;5.9
51;2021-04-15;2856;1672;100263;34924;17.8;6.2
51;2021-04-16;3214;1600;103477;36524;18.4;6.5
51;2021-04-17;1966;775;105443;37299;18.7;6.6
51;2021-04-18;296;114;105739;37413;18.8;6.6
51;2021-04-19;1561;1157;107300;38570;19.0;6.8
51;2021-04-20;1791;1661;109091;40231;19.3;7.1
51;2021-04-21;2002;1741;111093;41972;19.7;7.4
51;2021-04-22;2407;1661;113500;43633;20.1;7.7
51;2021-04-23;2982;1823;116482;45456;20.7;8.1
51;2021-04-24;1749;952;118231;46408;21.0;8.2
51;2021-04-25;123;160;118354;46568;21.0;8.3
51;2021-04-26;1851;761;120205;47329;21.3;8.4
51;2021-04-27;2442;1214;122647;48543;21.8;8.6
51;2021-04-28;2552;1291;125199;49834;22.2;8.8
51;2021-04-29;2676;1460;127875;51294;22.7;9.1
51;2021-04-30;2975;1658;130850;52952;23.2;9.4
51;2021-05-01;1453;411;132303;53363;23.5;9.5
51;2021-05-02;107;99;132410;53462;23.5;9.5
51;2021-05-03;2484;754;134894;54216;23.9;9.6
51;2021-05-04;2788;1351;137682;55567;24.4;9.9
51;2021-05-05;2860;1639;140542;57206;24.9;10.1
51;2021-05-06;5344;1950;145886;59156;25.9;10.5
51;2021-05-07;3705;1902;149591;61058;26.5;10.8
51;2021-05-08;2862;815;152453;61873;27.0;11.0
51;2021-05-09;212;92;152665;61965;27.1;11.0
51;2021-05-10;3214;1859;155879;63824;27.6;11.3
51;2021-05-11;3643;2032;159522;65856;28.3;11.7
51;2021-05-12;4182;2233;163704;68089;29.0;12.1
51;2021-05-13;1777;505;165481;68594;29.3;12.2
51;2021-05-14;5401;1740;170882;70334;30.3;12.5
51;2021-05-15;4227;1351;175109;71685;31.1;12.7
51;2021-05-16;284;45;175393;71730;31.1;12.7
51;2021-05-17;3131;1520;178524;73250;31.7;13.0
51;2021-05-18;3918;1760;182442;75010;32.4;13.3
51;2021-05-19;4031;1722;186473;76732;33.1;13.6
51;2021-05-20;4649;1966;191122;78698;33.9;14.0
51;2021-05-21;3597;2463;194719;81161;34.5;14.4
51;2021-05-22;2075;1548;196794;82709;34.9;14.7
51;2021-05-23;308;210;197102;82919;35.0;14.7
51;2021-05-24;2018;720;199120;83639;35.3;14.8
51;2021-05-25;3130;1828;202250;85467;35.9;15.2
51;2021-05-26;3296;1710;205546;87177;36.5;15.5
51;2021-05-27;3267;2056;208813;89233;37.0;15.8
51;2021-05-28;3606;2796;212419;92029;37.7;16.3
51;2021-05-29;2401;1990;214820;94019;38.1;16.7
51;2021-05-30;401;133;215221;94152;38.2;16.7
51;2021-05-31;3348;1767;218569;95919;38.8;17.0
51;2021-06-01;3854;2322;222423;98241;39.4;17.4
51;2021-06-02;6096;2329;228519;100570;40.5;17.8
51;2021-06-03;3580;2424;232099;102994;41.2;18.3
51;2021-06-04;6346;2935;238445;105929;42.3;18.8
51;2021-06-05;2596;1814;241041;107743;42.8;19.1
51;2021-06-06;172;157;241213;107900;42.8;19.1
51;2021-06-07;4302;2164;245515;110064;43.5;19.5
51;2021-06-08;3925;2529;249440;112593;44.2;20.0
51;2021-06-09;4016;2748;253456;115341;45.0;20.5
51;2021-06-10;3207;2485;256663;117826;45.5;20.9
51;2021-06-11;3358;3426;260021;121252;46.1;21.5
51;2021-06-12;2165;2170;262186;123422;46.5;21.9
51;2021-06-13;191;149;262377;123571;46.5;21.9
51;2021-06-14;1627;3327;264004;126898;46.8;22.5
51;2021-06-15;3189;3577;267193;130475;47.4;23.1
51;2021-06-16;2208;3683;269401;134158;47.8;23.8
51;2021-06-17;2609;5399;272010;139557;48.2;24.8
51;2021-06-18;2355;5211;274365;144768;48.7;25.7
51;2021-06-19;1683;4425;276048;149193;49.0;26.5
51;2021-06-20;184;228;276232;149421;49.0;26.5
51;2021-06-21;1231;4435;277463;153856;49.2;27.3
51;2021-06-22;1558;4043;279021;157899;49.5;28.0
51;2021-06-23;3670;4236;282691;162135;50.1;28.8
51;2021-06-24;2246;3224;284937;165359;50.5;29.3
51;2021-06-25;1905;6526;286842;171885;50.9;30.5
51;2021-06-26;1203;5063;288045;176948;51.1;31.4
51;2021-06-27;103;336;288148;177284;51.1;31.4
51;2021-06-28;1401;4413;289549;181697;51.4;32.2
51;2021-06-29;1174;4463;290723;186160;51.6;33.0
51;2021-06-30;1687;6044;292410;192204;51.9;34.1
51;2021-07-01;1978;3765;294388;195969;52.2;34.8
51;2021-07-02;1838;6885;296226;202854;52.5;36.0
51;2021-07-03;1003;3197;297229;206051;52.7;36.5
51;2021-07-04;171;254;297400;206305;52.7;36.6
51;2021-07-05;770;5529;298170;211834;52.9;37.6
51;2021-07-06;1247;4778;299417;216612;53.1;38.4
51;2021-07-07;1617;4934;301034;221546;53.4;39.3
51;2021-07-08;2067;3430;303101;224976;53.8;39.9
51;2021-07-09;1854;5055;304955;230031;54.1;40.8
51;2021-07-10;1238;3205;306193;233236;54.3;41.4
51;2021-07-11;190;281;306383;233517;54.3;41.4
51;2021-07-12;996;4379;307379;237896;54.5;42.2
51;2021-07-13;1480;4770;308859;242666;54.8;43.0
51;2021-07-14;1071;1691;309930;244357;55.0;43.3
51;2021-07-15;2938;4911;312868;249268;55.5;44.2
51;2021-07-16;2365;5273;315233;254541;55.9;45.1
51;2021-07-17;1821;3477;317054;258018;56.2;45.8
51;2021-07-18;163;330;317217;258348;56.3;45.8
51;2021-07-19;1892;3973;319109;262321;56.6;46.5
51;2021-07-20;2585;5143;321694;267464;57.1;47.4
51;2021-07-21;3611;4067;325305;271531;57.7;48.2
51;2021-07-22;4412;3758;329717;275289;58.5;48.8
51;2021-07-23;3640;4377;333357;279666;59.1;49.6
51;2021-07-24;2086;2724;335443;282390;59.5;50.1
51;2021-07-25;356;258;335799;282648;59.6;50.1
51;2021-07-26;3113;2808;338912;285456;60.1;50.6
51;2021-07-27;5863;3275;344775;288731;61.1;51.2
51;2021-07-28;4138;4320;348913;293051;61.9;52.0
51;2021-07-29;4700;2717;353613;295768;62.7;52.5
51;2021-07-30;3628;3155;357241;298923;63.4;53.0
51;2021-07-31;2526;2131;359767;301054;63.8;53.4
51;2021-08-01;375;236;360142;301290;63.9;53.4
51;2021-08-02;3287;2310;363429;303600;64.5;53.8
51;2021-08-03;3775;1912;367204;305512;65.1;54.2
51;2021-08-04;4450;2124;371654;307636;65.9;54.6
51;2021-08-05;2656;1534;374310;309170;66.4;54.8
51;2021-08-06;3044;2550;377354;311720;66.9;55.3
51;2021-08-07;2161;1698;379515;313418;67.3;55.6
51;2021-08-08;368;208;379883;313626;67.4;55.6
51;2021-08-09;2604;1851;382487;315477;67.8;56.0
51;2021-08-10;2372;1983;384859;317460;68.3;56.3
51;2021-08-11;2917;2341;387776;319801;68.8;56.7
51;2021-08-12;1754;1958;389530;321759;69.1;57.1
51;2021-08-13;2066;2670;391596;324429;69.5;57.5
51;2021-08-14;1583;2027;393179;326456;69.7;57.9
51;2021-08-15;149;150;393328;326606;69.8;57.9
51;2021-08-16;1356;3016;394684;329622;70.0;58.5
51;2021-08-17;1560;3283;396244;332905;70.3;59.0
51;2021-08-18;1899;3693;398143;336598;70.6;59.7
51;2021-08-19;1408;2548;399551;339146;70.9;60.2
51;2021-08-20;1707;3974;401258;343120;71.2;60.9
51;2021-08-21;988;2497;402246;345617;71.3;61.3
51;2021-08-22;101;343;402347;345960;71.4;61.4
51;2021-08-23;1111;3607;403458;349567;71.6;62.0
51;2021-08-24;1173;3643;404631;353210;71.8;62.6
51;2021-08-25;1319;4487;405950;357697;72.0;63.4
51;2021-08-26;1057;2548;407007;360245;72.2;63.9
51;2021-08-27;1214;4178;408221;364423;72.4;64.6
51;2021-08-28;655;2632;408876;367055;72.5;65.1
51;2021-08-29;84;360;408960;367415;72.5;65.2
51;2021-08-30;1332;4830;410292;372245;72.8;66.0
51;2021-08-31;778;3011;411070;375256;72.9;66.6
51;2021-09-01;738;3374;411808;378630;73.0;67.2
51;2021-09-02;799;2216;412607;380846;73.2;67.5
51;2021-09-03;904;2911;413511;383757;73.3;68.1
51;2021-09-04;619;2807;414130;386564;73.5;68.6
51;2021-09-05;122;225;414252;386789;73.5;68.6
51;2021-09-06;433;1791;414685;388580;73.5;68.9
51;2021-09-07;519;1670;415204;390250;73.6;69.2
51;2021-09-08;627;2175;415831;392425;73.8;69.6
51;2021-09-09;465;1348;416296;393773;73.8;69.8
51;2021-09-10;669;2088;416965;395861;74.0;70.2
51;2021-09-11;559;1934;417524;397795;74.1;70.6
51;2021-09-12;19;82;417543;397877;74.1;70.6
51;2021-09-13;426;1090;417969;398967;74.1;70.8
51;2021-09-14;594;1331;418563;400298;74.2;71.0
51;2021-09-15;490;1423;419053;401721;74.3;71.2
51;2021-09-16;306;658;419359;402379;74.4;71.4
51;2021-09-17;540;1127;419899;403506;74.5;71.6
51;2021-09-18;470;1418;420369;404924;74.6;71.8
51;2021-09-19;13;64;420382;404988;74.6;71.8
51;2021-09-20;280;535;420662;405523;74.6;71.9
51;2021-09-21;255;489;420917;406012;74.7;72.0
51;2021-09-22;318;1352;421235;407364;74.7;72.3
51;2021-09-23;195;602;421430;407966;74.7;72.4
51;2021-09-24;366;978;421796;408944;74.8;72.5
51;2021-09-25;284;984;422080;409928;74.9;72.7
51;2021-09-26;7;129;422087;410057;74.9;72.7
51;2021-09-27;259;445;422346;410502;74.9;72.8
51;2021-09-28;298;363;422644;410865;75.0;72.9
51;2021-09-29;348;775;422992;411640;75.0;73.0
51;2021-09-30;263;415;423255;412055;75.1;73.1
51;2021-10-01;353;717;423608;412772;75.1;73.2
51;2021-10-02;372;761;423980;413533;75.2;73.3
51;2021-10-03;0;1;423980;413534;75.2;73.3
51;2021-10-04;180;445;424160;413979;75.2;73.4
51;2021-10-05;204;431;424364;414410;75.3;73.5
52;2020-12-27;0;0;0;0;0.0;0.0
52;2020-12-28;1;0;1;0;0.0;0.0
52;2020-12-29;0;0;1;0;0.0;0.0
52;2020-12-30;0;0;1;0;0.0;0.0
52;2020-12-31;0;0;1;0;0.0;0.0
52;2021-01-01;0;0;1;0;0.0;0.0
52;2021-01-02;1;0;2;0;0.0;0.0
52;2021-01-03;0;0;2;0;0.0;0.0
52;2021-01-04;0;0;2;0;0.0;0.0
52;2021-01-05;0;0;2;0;0.0;0.0
52;2021-01-06;2;0;4;0;0.0;0.0
52;2021-01-07;0;0;4;0;0.0;0.0
52;2021-01-08;200;1;204;1;0.1;0.0
52;2021-01-09;93;0;297;1;0.2;0.0
52;2021-01-10;0;0;297;1;0.2;0.0
52;2021-01-11;207;0;504;1;0.3;0.0
52;2021-01-12;171;0;675;1;0.4;0.0
52;2021-01-13;563;2;1238;3;0.7;0.0
52;2021-01-14;677;10;1915;13;1.1;0.0
52;2021-01-15;411;1;2326;14;1.4;0.0
52;2021-01-16;16;0;2342;14;1.4;0.0
52;2021-01-17;0;0;2342;14;1.4;0.0
52;2021-01-18;427;0;2769;14;1.6;0.0
52;2021-01-19;440;0;3209;14;1.9;0.0
52;2021-01-20;422;0;3631;14;2.1;0.0
52;2021-01-21;423;1;4054;15;2.4;0.0
52;2021-01-22;320;2;4374;17;2.6;0.0
52;2021-01-23;73;1;4447;18;2.6;0.0
52;2021-01-24;0;0;4447;18;2.6;0.0
52;2021-01-25;236;0;4683;18;2.8;0.0
52;2021-01-26;308;0;4991;18;2.9;0.0
52;2021-01-27;238;1;5229;19;3.1;0.0
52;2021-01-28;174;4;5403;23;3.2;0.0
52;2021-01-29;74;114;5477;137;3.2;0.1
52;2021-01-30;91;92;5568;229;3.3;0.1
52;2021-01-31;0;0;5568;229;3.3;0.1
52;2021-02-01;117;178;5685;407;3.4;0.2
52;2021-02-02;61;167;5746;574;3.4;0.3
52;2021-02-03;89;387;5835;961;3.4;0.6
52;2021-02-04;231;534;6066;1495;3.6;0.9
52;2021-02-05;113;421;6179;1916;3.7;1.1
52;2021-02-06;22;0;6201;1916;3.7;1.1
52;2021-02-07;0;1;6201;1917;3.7;1.1
52;2021-02-08;34;163;6235;2080;3.7;1.2
52;2021-02-09;47;174;6282;2254;3.7;1.3
52;2021-02-10;88;162;6370;2416;3.8;1.4
52;2021-02-11;129;123;6499;2539;3.8;1.5
52;2021-02-12;187;106;6686;2645;4.0;1.6
52;2021-02-13;5;1;6691;2646;4.0;1.6
52;2021-02-14;0;16;6691;2662;4.0;1.6
52;2021-02-15;79;226;6770;2888;4.0;1.7
52;2021-02-16;50;282;6820;3170;4.0;1.9
52;2021-02-17;38;254;6858;3424;4.1;2.0
52;2021-02-18;82;237;6940;3661;4.1;2.2
52;2021-02-19;50;151;6990;3812;4.1;2.3
52;2021-02-20;14;89;7004;3901;4.1;2.3
52;2021-02-21;0;0;7004;3901;4.1;2.3
52;2021-02-22;42;322;7046;4223;4.2;2.5
52;2021-02-23;56;224;7102;4447;4.2;2.6
52;2021-02-24;81;212;7183;4659;4.2;2.8
52;2021-02-25;161;224;7344;4883;4.3;2.9
52;2021-02-26;296;174;7640;5057;4.5;3.0
52;2021-02-27;149;49;7789;5106;4.6;3.0
52;2021-02-28;0;0;7789;5106;4.6;3.0
52;2021-03-01;162;13;7951;5119;4.7;3.0
52;2021-03-02;225;45;8176;5164;4.8;3.1
52;2021-03-03;356;35;8532;5199;5.0;3.1
52;2021-03-04;381;58;8913;5257;5.3;3.1
52;2021-03-05;531;52;9444;5309;5.6;3.1
52;2021-03-06;409;35;9853;5344;5.8;3.2
52;2021-03-07;0;0;9853;5344;5.8;3.2
52;2021-03-08;398;102;10251;5446;6.1;3.2
52;2021-03-09;549;103;10800;5549;6.4;3.3
52;2021-03-10;308;102;11108;5651;6.6;3.3
52;2021-03-11;587;34;11695;5685;6.9;3.4
52;2021-03-12;586;68;12281;5753;7.3;3.4
52;2021-03-13;494;10;12775;5763;7.5;3.4
52;2021-03-14;15;3;12790;5766;7.6;3.4
52;2021-03-15;318;27;13108;5793;7.7;3.4
52;2021-03-16;203;15;13311;5808;7.9;3.4
52;2021-03-17;369;14;13680;5822;8.1;3.4
52;2021-03-18;442;10;14122;5832;8.3;3.4
52;2021-03-19;453;53;14575;5885;8.6;3.5
52;2021-03-20;259;12;14834;5897;8.8;3.5
52;2021-03-21;15;1;14849;5898;8.8;3.5
52;2021-03-22;375;49;15224;5947;9.0;3.5
52;2021-03-23;686;121;15910;6068;9.4;3.6
52;2021-03-24;771;71;16681;6139;9.9;3.6
52;2021-03-25;1144;88;17825;6227;10.5;3.7
52;2021-03-26;1036;135;18861;6362;11.1;3.8
52;2021-03-27;477;75;19338;6437;11.4;3.8
52;2021-03-28;53;0;19391;6437;11.5;3.8
52;2021-03-29;507;182;19898;6619;11.8;3.9
52;2021-03-30;868;317;20766;6936;12.3;4.1
52;2021-03-31;956;291;21722;7227;12.8;4.3
52;2021-04-01;1145;183;22867;7410;13.5;4.4
52;2021-04-02;958;109;23825;7519;14.1;4.4
52;2021-04-03;462;2;24287;7521;14.3;4.4
52;2021-04-04;1;1;24288;7522;14.4;4.4
52;2021-04-05;1;0;24289;7522;14.4;4.4
52;2021-04-06;434;293;24723;7815;14.6;4.6
52;2021-04-07;506;450;25229;8265;14.9;4.9
52;2021-04-08;860;208;26089;8473;15.4;5.0
52;2021-04-09;1058;131;27147;8604;16.0;5.1
52;2021-04-10;850;102;27997;8706;16.5;5.1
52;2021-04-11;96;1;28093;8707;16.6;5.1
52;2021-04-12;933;277;29026;8984;17.1;5.3
52;2021-04-13;1251;380;30277;9364;17.9;5.5
52;2021-04-14;1345;455;31622;9819;18.7;5.8
52;2021-04-15;1505;441;33127;10260;19.6;6.1
52;2021-04-16;1569;359;34696;10619;20.5;6.3
52;2021-04-17;1312;135;36008;10754;21.3;6.4
52;2021-04-18;510;29;36518;10783;21.6;6.4
52;2021-04-19;697;611;37215;11394;22.0;6.7
52;2021-04-20;1079;679;38294;12073;22.6;7.1
52;2021-04-21;1058;673;39352;12746;23.3;7.5
52;2021-04-22;1468;734;40820;13480;24.1;8.0
52;2021-04-23;1250;669;42070;14149;24.9;8.4
52;2021-04-24;477;293;42547;14442;25.1;8.5
52;2021-04-25;3;77;42550;14519;25.1;8.6
52;2021-04-26;631;561;43181;15080;25.5;8.9
52;2021-04-27;932;668;44113;15748;26.1;9.3
52;2021-04-28;1443;568;45556;16316;26.9;9.6
52;2021-04-29;1452;583;47008;16899;27.8;10.0
52;2021-04-30;1316;611;48324;17510;28.6;10.3
52;2021-05-01;8;230;48332;17740;28.6;10.5
52;2021-05-02;0;1;48332;17741;28.6;10.5
52;2021-05-03;1159;628;49491;18369;29.2;10.9
52;2021-05-04;1445;719;50936;19088;30.1;11.3
52;2021-05-05;1768;647;52704;19735;31.1;11.7
52;2021-05-06;1963;537;54667;20272;32.3;12.0
52;2021-05-07;1441;1168;56108;21440;33.2;12.7
52;2021-05-08;587;317;56695;21757;33.5;12.9
52;2021-05-09;1;47;56696;21804;33.5;12.9
52;2021-05-10;792;1100;57488;22904;34.0;13.5
52;2021-05-11;868;1389;58356;24293;34.5;14.4
52;2021-05-12;1206;1382;59562;25675;35.2;15.2
52;2021-05-13;67;184;59629;25859;35.2;15.3
52;2021-05-14;1185;1366;60814;27225;35.9;16.1
52;2021-05-15;491;929;61305;28154;36.2;16.6
52;2021-05-16;8;43;61313;28197;36.2;16.7
52;2021-05-17;1141;705;62454;28902;36.9;17.1
52;2021-05-18;1218;677;63672;29579;37.6;17.5
52;2021-05-19;1541;415;65213;29994;38.5;17.7
52;2021-05-20;1546;418;66759;30412;39.4;18.0
52;2021-05-21;1625;611;68384;31023;40.4;18.3
52;2021-05-22;1089;210;69473;31233;41.0;18.5
52;2021-05-23;1;0;69474;31233;41.0;18.5
52;2021-05-24;405;33;69879;31266;41.3;18.5
52;2021-05-25;1351;385;71230;31651;42.1;18.7
52;2021-05-26;1477;672;72707;32323;43.0;19.1
52;2021-05-27;1564;786;74271;33109;43.9;19.6
52;2021-05-28;1493;668;75764;33777;44.8;20.0
52;2021-05-29;695;834;76459;34611;45.2;20.4
52;2021-05-30;16;551;76475;35162;45.2;20.8
52;2021-05-31;825;829;77300;35991;45.7;21.3
52;2021-06-01;956;816;78256;36807;46.2;21.7
52;2021-06-02;896;754;79152;37561;46.8;22.2
52;2021-06-03;825;825;79977;38386;47.3;22.7
52;2021-06-04;883;1340;80860;39726;47.8;23.5
52;2021-06-05;581;637;81441;40363;48.1;23.8
52;2021-06-06;27;55;81468;40418;48.1;23.9
52;2021-06-07;359;931;81827;41349;48.3;24.4
52;2021-06-08;556;1470;82383;42819;48.7;25.3
52;2021-06-09;611;1474;82994;44293;49.0;26.2
52;2021-06-10;794;1159;83788;45452;49.5;26.9
52;2021-06-11;830;1347;84618;46799;50.0;27.7
52;2021-06-12;423;586;85041;47385;50.2;28.0
52;2021-06-13;2;6;85043;47391;50.2;28.0
52;2021-06-14;171;1413;85214;48804;50.3;28.8
52;2021-06-15;221;1807;85435;50611;50.5;29.9
52;2021-06-16;351;1996;85786;52607;50.7;31.1
52;2021-06-17;265;1156;86051;53763;50.8;31.8
52;2021-06-18;308;1553;86359;55316;51.0;32.7
52;2021-06-19;502;684;86861;56000;51.3;33.1
52;2021-06-20;1;17;86862;56017;51.3;33.1
52;2021-06-21;523;898;87385;56915;51.6;33.6
52;2021-06-22;503;1047;87888;57962;51.9;34.2
52;2021-06-23;563;1041;88451;59003;52.3;34.9
52;2021-06-24;610;715;89061;59718;52.6;35.3
52;2021-06-25;661;1314;89722;61032;53.0;36.1
52;2021-06-26;264;722;89986;61754;53.2;36.5
52;2021-06-27;1;8;89987;61762;53.2;36.5
52;2021-06-28;184;1442;90171;63204;53.3;37.3
52;2021-06-29;163;1414;90334;64618;53.4;38.2
52;2021-06-30;221;1467;90555;66085;53.5;39.0
52;2021-07-01;320;1020;90875;67105;53.7;39.6
52;2021-07-02;430;1454;91305;68559;53.9;40.5
52;2021-07-03;302;1148;91607;69707;54.1;41.2
52;2021-07-04;0;11;91607;69718;54.1;41.2
52;2021-07-05;173;1446;91780;71164;54.2;42.0
52;2021-07-06;284;1449;92064;72613;54.4;42.9
52;2021-07-07;309;1163;92373;73776;54.6;43.6
52;2021-07-08;473;1166;92846;74942;54.9;44.3
52;2021-07-09;288;1620;93134;76562;55.0;45.2
52;2021-07-10;155;822;93289;77384;55.1;45.7
52;2021-07-11;13;12;93302;77396;55.1;45.7
52;2021-07-12;299;1467;93601;78863;55.3;46.6
52;2021-07-13;590;1367;94191;80230;55.7;47.4
52;2021-07-14;437;153;94628;80383;55.9;47.5
52;2021-07-15;614;1428;95242;81811;56.3;48.3
52;2021-07-16;899;1337;96141;83148;56.8;49.1
52;2021-07-17;530;343;96671;83491;57.1;49.3
52;2021-07-18;3;12;96674;83503;57.1;49.3
52;2021-07-19;691;987;97365;84490;57.5;49.9
52;2021-07-20;1110;831;98475;85321;58.2;50.4
52;2021-07-21;1161;737;99636;86058;58.9;50.8
52;2021-07-22;1447;865;101083;86923;59.7;51.4
52;2021-07-23;1399;956;102482;87879;60.6;51.9
52;2021-07-24;873;487;103355;88366;61.1;52.2
52;2021-07-25;22;21;103377;88387;61.1;52.2
52;2021-07-26;1010;613;104387;89000;61.7;52.6
52;2021-07-27;1342;657;105729;89657;62.5;53.0
52;2021-07-28;1382;643;107111;90300;63.3;53.4
52;2021-07-29;1263;622;108374;90922;64.0;53.7
52;2021-07-30;1365;713;109739;91635;64.8;54.1
52;2021-07-31;873;549;110612;92184;65.4;54.5
52;2021-08-01;1;14;110613;92198;65.4;54.5
52;2021-08-02;1185;562;111798;92760;66.1;54.8
52;2021-08-03;1363;540;113161;93300;66.9;55.1
52;2021-08-04;1157;579;114318;93879;67.5;55.5
52;2021-08-05;1026;574;115344;94453;68.2;55.8
52;2021-08-06;1057;697;116401;95150;68.8;56.2
52;2021-08-07;519;422;116920;95572;69.1;56.5
52;2021-08-08;0;6;116920;95578;69.1;56.5
52;2021-08-09;469;871;117389;96449;69.4;57.0
52;2021-08-10;717;748;118106;97197;69.8;57.4
52;2021-08-11;535;837;118641;98034;70.1;57.9
52;2021-08-12;623;750;119264;98784;70.5;58.4
52;2021-08-13;420;1029;119684;99813;70.7;59.0
52;2021-08-14;421;360;120105;100173;71.0;59.2
52;2021-08-15;13;13;120118;100186;71.0;59.2
52;2021-08-16;327;934;120445;101120;71.2;59.7
52;2021-08-17;416;911;120861;102031;71.4;60.3
52;2021-08-18;489;944;121350;102975;71.7;60.8
52;2021-08-19;461;836;121811;103811;72.0;61.3
52;2021-08-20;384;1210;122195;105021;72.2;62.1
52;2021-08-21;394;605;122589;105626;72.4;62.4
52;2021-08-22;5;11;122594;105637;72.4;62.4
52;2021-08-23;431;1058;123025;106695;72.7;63.0
52;2021-08-24;307;1077;123332;107772;72.9;63.7
52;2021-08-25;254;1061;123586;108833;73.0;64.3
52;2021-08-26;302;914;123888;109747;73.2;64.8
52;2021-08-27;429;1276;124317;111023;73.5;65.6
52;2021-08-28;243;495;124560;111518;73.6;65.9
52;2021-08-29;3;25;124563;111543;73.6;65.9
52;2021-08-30;204;998;124767;112541;73.7;66.5
52;2021-08-31;205;1054;124972;113595;73.8;67.1
52;2021-09-01;183;1066;125155;114661;73.9;67.7
52;2021-09-02;194;762;125349;115423;74.1;68.2
52;2021-09-03;243;936;125592;116359;74.2;68.7
52;2021-09-04;189;556;125781;116915;74.3;69.1
52;2021-09-05;2;14;125783;116929;74.3;69.1
52;2021-09-06;126;543;125909;117472;74.4;69.4
52;2021-09-07;162;520;126071;117992;74.5;69.7
52;2021-09-08;143;616;126214;118608;74.6;70.1
52;2021-09-09;139;432;126353;119040;74.7;70.3
52;2021-09-10;256;741;126609;119781;74.8;70.8
52;2021-09-11;151;321;126760;120102;74.9;71.0
52;2021-09-12;2;12;126762;120114;74.9;71.0
52;2021-09-13;174;621;126936;120735;75.0;71.3
52;2021-09-14;145;463;127081;121198;75.1;71.6
52;2021-09-15;148;447;127229;121645;75.2;71.9
52;2021-09-16;136;309;127365;121954;75.3;72.1
52;2021-09-17;232;543;127597;122497;75.4;72.4
52;2021-09-18;134;242;127731;122739;75.5;72.5
52;2021-09-19;4;18;127735;122757;75.5;72.5
52;2021-09-20;106;354;127841;123111;75.5;72.7
52;2021-09-21;94;208;127935;123319;75.6;72.9
52;2021-09-22;107;319;128042;123638;75.7;73.1
52;2021-09-23;138;207;128180;123845;75.7;73.2
52;2021-09-24;127;284;128307;124129;75.8;73.3
52;2021-09-25;93;250;128400;124379;75.9;73.5
52;2021-09-26;0;0;128400;124379;75.9;73.5
52;2021-09-27;116;181;128516;124560;75.9;73.6
52;2021-09-28;120;144;128636;124704;76.0;73.7
52;2021-09-29;93;207;128729;124911;76.1;73.8
52;2021-09-30;117;124;128846;125035;76.1;73.9
52;2021-10-01;117;226;128963;125261;76.2;74.0
52;2021-10-02;63;150;129026;125411;76.2;74.1
52;2021-10-03;0;6;129026;125417;76.2;74.1
52;2021-10-04;82;179;129108;125596;76.3;74.2
52;2021-10-05;57;133;129165;125729;76.3;74.3
53;2020-12-27;0;0;0;0;0.0;0.0
53;2020-12-28;0;0;0;0;0.0;0.0
53;2020-12-29;0;0;0;0;0.0;0.0
53;2020-12-30;0;0;0;0;0.0;0.0
53;2020-12-31;0;0;0;0;0.0;0.0
53;2021-01-01;0;0;0;0;0.0;0.0
53;2021-01-02;1;0;1;0;0.0;0.0
53;2021-01-03;0;0;1;0;0.0;0.0
53;2021-01-04;1;0;2;0;0.0;0.0
53;2021-01-05;0;0;2;0;0.0;0.0
53;2021-01-06;0;0;2;0;0.0;0.0
53;2021-01-07;102;0;104;0;0.0;0.0
53;2021-01-08;284;1;388;1;0.1;0.0
53;2021-01-09;134;1;522;2;0.2;0.0
53;2021-01-10;15;0;537;2;0.2;0.0
53;2021-01-11;176;0;713;2;0.2;0.0
53;2021-01-12;456;0;1169;2;0.4;0.0
53;2021-01-13;254;0;1423;2;0.5;0.0
53;2021-01-14;290;7;1713;9;0.6;0.0
53;2021-01-15;343;4;2056;13;0.7;0.0
53;2021-01-16;60;0;2116;13;0.7;0.0
53;2021-01-17;25;0;2141;13;0.7;0.0
53;2021-01-18;364;0;2505;13;0.8;0.0
53;2021-01-19;594;0;3099;13;1.0;0.0
53;2021-01-20;742;0;3841;13;1.3;0.0
53;2021-01-21;773;2;4614;15;1.5;0.0
53;2021-01-22;705;5;5319;20;1.7;0.0
53;2021-01-23;160;0;5479;20;1.8;0.0
53;2021-01-24;6;0;5485;20;1.8;0.0
53;2021-01-25;550;0;6035;20;2.0;0.0
53;2021-01-26;1199;7;7234;27;2.4;0.0
53;2021-01-27;696;4;7930;31;2.6;0.0
53;2021-01-28;737;94;8667;125;2.8;0.0
53;2021-01-29;422;177;9089;302;3.0;0.1
53;2021-01-30;130;0;9219;302;3.0;0.1
53;2021-01-31;0;0;9219;302;3.0;0.1
53;2021-02-01;298;143;9517;445;3.1;0.1
53;2021-02-02;309;226;9826;671;3.2;0.2
53;2021-02-03;228;358;10054;1029;3.3;0.3
53;2021-02-04;184;303;10238;1332;3.4;0.4
53;2021-02-05;234;289;10472;1621;3.4;0.5
53;2021-02-06;153;23;10625;1644;3.5;0.5
53;2021-02-07;0;0;10625;1644;3.5;0.5
53;2021-02-08;168;89;10793;1733;3.5;0.6
53;2021-02-09;369;206;11162;1939;3.7;0.6
53;2021-02-10;266;397;11428;2336;3.7;0.8
53;2021-02-11;433;397;11861;2733;3.9;0.9
53;2021-02-12;318;486;12179;3219;4.0;1.1
53;2021-02-13;96;53;12275;3272;4.0;1.1
53;2021-02-14;0;99;12275;3371;4.0;1.1
53;2021-02-15;239;334;12514;3705;4.1;1.2
53;2021-02-16;528;697;13042;4402;4.3;1.4
53;2021-02-17;391;518;13433;4920;4.4;1.6
53;2021-02-18;547;505;13980;5425;4.6;1.8
53;2021-02-19;895;359;14875;5784;4.9;1.9
53;2021-02-20;139;83;15014;5867;4.9;1.9
53;2021-02-21;1;20;15015;5887;4.9;1.9
53;2021-02-22;161;433;15176;6320;5.0;2.1
53;2021-02-23;59;506;15235;6826;5.0;2.2
53;2021-02-24;137;393;15372;7219;5.0;2.4
53;2021-02-25;457;268;15829;7487;5.2;2.5
53;2021-02-26;437;217;16266;7704;5.3;2.5
53;2021-02-27;86;85;16352;7789;5.4;2.6
53;2021-02-28;0;0;16352;7789;5.4;2.6
53;2021-03-01;231;223;16583;8012;5.4;2.6
53;2021-03-02;246;210;16829;8222;5.5;2.7
53;2021-03-03;321;366;17150;8588;5.6;2.8
53;2021-03-04;859;333;18009;8921;5.9;2.9
53;2021-03-05;660;270;18669;9191;6.1;3.0
53;2021-03-06;447;184;19116;9375;6.3;3.1
53;2021-03-07;276;5;19392;9380;6.4;3.1
53;2021-03-08;375;160;19767;9540;6.5;3.1
53;2021-03-09;878;242;20645;9782;6.8;3.2
53;2021-03-10;807;106;21452;9888;7.0;3.2
53;2021-03-11;1247;228;22699;10116;7.4;3.3
53;2021-03-12;1603;145;24302;10261;8.0;3.4
53;2021-03-13;824;13;25126;10274;8.2;3.4
53;2021-03-14;1;0;25127;10274;8.2;3.4
53;2021-03-15;1001;288;26128;10562;8.6;3.5
53;2021-03-16;1035;331;27163;10893;8.9;3.6
53;2021-03-17;687;257;27850;11150;9.1;3.7
53;2021-03-18;972;345;28822;11495;9.4;3.8
53;2021-03-19;1346;590;30168;12085;9.9;4.0
53;2021-03-20;592;17;30760;12102;10.1;4.0
53;2021-03-21;3;0;30763;12102;10.1;4.0
53;2021-03-22;1213;155;31976;12257;10.5;4.0
53;2021-03-23;1699;71;33675;12328;11.0;4.0
53;2021-03-24;1323;117;34998;12445;11.5;4.1
53;2021-03-25;2323;243;37321;12688;12.2;4.2
53;2021-03-26;1882;152;39203;12840;12.8;4.2
53;2021-03-27;339;3;39542;12843;12.9;4.2
53;2021-03-28;2;0;39544;12843;12.9;4.2
53;2021-03-29;1474;213;41018;13056;13.4;4.3
53;2021-03-30;1944;202;42962;13258;14.1;4.3
53;2021-03-31;1791;224;44753;13482;14.7;4.4
53;2021-04-01;1948;671;46701;14153;15.3;4.6
53;2021-04-02;2075;226;48776;14379;16.0;4.7
53;2021-04-03;414;1;49190;14380;16.1;4.7
53;2021-04-04;11;0;49201;14380;16.1;4.7
53;2021-04-05;9;15;49210;14395;16.1;4.7
53;2021-04-06;1305;504;50515;14899;16.5;4.9
53;2021-04-07;1172;925;51687;15824;16.9;5.2
53;2021-04-08;1663;1006;53350;16830;17.5;5.5
53;2021-04-09;1959;407;55309;17237;18.1;5.6
53;2021-04-10;543;13;55852;17250;18.3;5.6
53;2021-04-11;13;0;55865;17250;18.3;5.6
53;2021-04-12;694;1067;56559;18317;18.5;6.0
53;2021-04-13;1470;1105;58029;19422;19.0;6.4
53;2021-04-14;1022;734;59051;20156;19.3;6.6
53;2021-04-15;1156;1105;60207;21261;19.7;7.0
53;2021-04-16;1271;815;61478;22076;20.1;7.2
53;2021-04-17;279;273;61757;22349;20.2;7.3
53;2021-04-18;0;0;61757;22349;20.2;7.3
53;2021-04-19;681;1061;62438;23410;20.4;7.7
53;2021-04-20;936;1452;63374;24862;20.8;8.1
53;2021-04-21;852;1009;64226;25871;21.0;8.5
53;2021-04-22;1045;1614;65271;27485;21.4;9.0
53;2021-04-23;1329;1054;66600;28539;21.8;9.3
53;2021-04-24;68;7;66668;28546;21.8;9.3
53;2021-04-25;6;39;66674;28585;21.8;9.4
53;2021-04-26;368;1230;67042;29815;22.0;9.8
53;2021-04-27;723;1969;67765;31784;22.2;10.4
53;2021-04-28;977;1393;68742;33177;22.5;10.9
53;2021-04-29;1052;1711;69794;34888;22.9;11.4
53;2021-04-30;1366;1315;71160;36203;23.3;11.9
53;2021-05-01;36;50;71196;36253;23.3;11.9
53;2021-05-02;0;0;71196;36253;23.3;11.9
53;2021-05-03;1570;703;72766;36956;23.8;12.1
53;2021-05-04;1303;1440;74069;38396;24.3;12.6
53;2021-05-05;1611;825;75680;39221;24.8;12.8
53;2021-05-06;1390;1399;77070;40620;25.2;13.3
53;2021-05-07;1537;1301;78607;41921;25.7;13.7
53;2021-05-08;939;36;79546;41957;26.0;13.7
53;2021-05-09;11;2;79557;41959;26.1;13.7
53;2021-05-10;2414;815;81971;42774;26.8;14.0
53;2021-05-11;3097;1281;85068;44055;27.9;14.4
53;2021-05-12;2751;1093;87819;45148;28.8;14.8
53;2021-05-13;350;27;88169;45175;28.9;14.8
53;2021-05-14;2021;677;90190;45852;29.5;15.0
53;2021-05-15;1058;63;91248;45915;29.9;15.0
53;2021-05-16;3;0;91251;45915;29.9;15.0
53;2021-05-17;1701;1196;92952;47111;30.4;15.4
53;2021-05-18;1880;1550;94832;48661;31.1;15.9
53;2021-05-19;2302;746;97134;49407;31.8;16.2
53;2021-05-20;3216;866;100350;50273;32.9;16.5
53;2021-05-21;2798;827;103148;51100;33.8;16.7
53;2021-05-22;21;59;103169;51159;33.8;16.8
53;2021-05-23;1;0;103170;51159;33.8;16.8
53;2021-05-24;8;6;103178;51165;33.8;16.8
53;2021-05-25;1820;802;104998;51967;34.4;17.0
53;2021-05-26;1853;908;106851;52875;35.0;17.3
53;2021-05-27;3072;1079;109923;53954;36.0;17.7
53;2021-05-28;2562;876;112485;54830;36.8;18.0
53;2021-05-29;846;240;113331;55070;37.1;18.0
53;2021-05-30;18;6;113349;55076;37.1;18.0
53;2021-05-31;2565;802;115914;55878;38.0;18.3
53;2021-06-01;3489;1254;119403;57132;39.1;18.7
53;2021-06-02;3183;521;122586;57653;40.1;18.9
53;2021-06-03;4198;784;126784;58437;41.5;19.1
53;2021-06-04;3179;1265;129963;59702;42.6;19.6
53;2021-06-05;137;245;130100;59947;42.6;19.6
53;2021-06-06;1;4;130101;59951;42.6;19.6
53;2021-06-07;2629;922;132730;60873;43.5;19.9
53;2021-06-08;3588;1128;136318;62001;44.6;20.3
53;2021-06-09;2454;943;138772;62944;45.4;20.6
53;2021-06-10;3521;842;142293;63786;46.6;20.9
53;2021-06-11;2964;1210;145257;64996;47.6;21.3
53;2021-06-12;108;138;145365;65134;47.6;21.3
53;2021-06-13;10;2;145375;65136;47.6;21.3
53;2021-06-14;1600;1788;146975;66924;48.1;21.9
53;2021-06-15;1898;2263;148873;69187;48.8;22.7
53;2021-06-16;1828;1733;150701;70920;49.4;23.2
53;2021-06-17;3011;1651;153712;72571;50.3;23.8
53;2021-06-18;2705;1805;156417;74376;51.2;24.4
53;2021-06-19;761;1164;157178;75540;51.5;24.7
53;2021-06-20;3;479;157181;76019;51.5;24.9
53;2021-06-21;918;2523;158099;78542;51.8;25.7
53;2021-06-22;1299;3452;159398;81994;52.2;26.9
53;2021-06-23;1362;2892;160760;84886;52.6;27.8
53;2021-06-24;1802;2033;162562;86919;53.2;28.5
53;2021-06-25;1785;2044;164347;88963;53.8;29.1
53;2021-06-26;977;351;165324;89314;54.1;29.2
53;2021-06-27;8;8;165332;89322;54.1;29.3
53;2021-06-28;662;2899;165994;92221;54.4;30.2
53;2021-06-29;858;3645;166852;95866;54.6;31.4
53;2021-06-30;749;1518;167601;97384;54.9;31.9
53;2021-07-01;1507;2630;169108;100014;55.4;32.8
53;2021-07-02;1528;2025;170636;102039;55.9;33.4
53;2021-07-03;858;574;171494;102613;56.2;33.6
53;2021-07-04;0;4;171494;102617;56.2;33.6
53;2021-07-05;542;2057;172036;104674;56.3;34.3
53;2021-07-06;859;3615;172895;108289;56.6;35.5
53;2021-07-07;1024;2652;173919;110941;57.0;36.3
53;2021-07-08;1313;3116;175232;114057;57.4;37.4
53;2021-07-09;1131;3399;176363;117456;57.8;38.5
53;2021-07-10;422;1001;176785;118457;57.9;38.8
53;2021-07-11;12;20;176797;118477;57.9;38.8
53;2021-07-12;503;3706;177300;122183;58.1;40.0
53;2021-07-13;894;4762;178194;126945;58.4;41.6
53;2021-07-14;104;284;178298;127229;58.4;41.7
53;2021-07-15;1112;4342;179410;131571;58.8;43.1
53;2021-07-16;1248;3847;180658;135418;59.2;44.3
53;2021-07-17;1318;300;181976;135718;59.6;44.4
53;2021-07-18;27;20;182003;135738;59.6;44.5
53;2021-07-19;734;3426;182737;139164;59.8;45.6
53;2021-07-20;985;4122;183722;143286;60.2;46.9
53;2021-07-21;686;3274;184408;146560;60.4;48.0
53;2021-07-22;1512;3522;185920;150082;60.9;49.1
53;2021-07-23;1603;3758;187523;153840;61.4;50.4
53;2021-07-24;956;280;188479;154120;61.7;50.5
53;2021-07-25;60;24;188539;154144;61.7;50.5
53;2021-07-26;1727;1941;190266;156085;62.3;51.1
53;2021-07-27;2356;2820;192622;158905;63.1;52.0
53;2021-07-28;2145;2813;194767;161718;63.8;53.0
53;2021-07-29;2491;2546;197258;164264;64.6;53.8
53;2021-07-30;1828;2647;199086;166911;65.2;54.7
53;2021-07-31;626;229;199712;167140;65.4;54.7
53;2021-08-01;37;25;199749;167165;65.4;54.7
53;2021-08-02;2082;1732;201831;168897;66.1;55.3
53;2021-08-03;2415;1905;204246;170802;66.9;55.9
53;2021-08-04;2475;1863;206721;172665;67.7;56.5
53;2021-08-05;2869;1541;209590;174206;68.6;57.0
53;2021-08-06;2517;1719;212107;175925;69.5;57.6
53;2021-08-07;483;272;212590;176197;69.6;57.7
53;2021-08-08;6;19;212596;176216;69.6;57.7
53;2021-08-09;1839;1649;214435;177865;70.2;58.2
53;2021-08-10;2324;1748;216759;179613;71.0;58.8
53;2021-08-11;1681;867;218440;180480;71.5;59.1
53;2021-08-12;2007;984;220447;181464;72.2;59.4
53;2021-08-13;2039;1315;222486;182779;72.9;59.9
53;2021-08-14;66;63;222552;182842;72.9;59.9
53;2021-08-15;1;2;222553;182844;72.9;59.9
53;2021-08-16;1337;1596;223890;184440;73.3;60.4
53;2021-08-17;1548;1657;225438;186097;73.8;60.9
53;2021-08-18;1515;1600;226953;187697;74.3;61.5
53;2021-08-19;1374;1972;228327;189669;74.8;62.1
53;2021-08-20;1099;2082;229426;191751;75.1;62.8
53;2021-08-21;189;341;229615;192092;75.2;62.9
53;2021-08-22;0;0;229615;192092;75.2;62.9
53;2021-08-23;843;1915;230458;194007;75.5;63.5
53;2021-08-24;903;2117;231361;196124;75.8;64.2
53;2021-08-25;915;2272;232276;198396;76.1;65.0
53;2021-08-26;666;2614;232942;201010;76.3;65.8
53;2021-08-27;753;2645;233695;203655;76.5;66.7
53;2021-08-28;48;133;233743;203788;76.5;66.7
53;2021-08-29;12;31;233755;203819;76.5;66.7
53;2021-08-30;619;2107;234374;205926;76.8;67.4
53;2021-08-31;762;2920;235136;208846;77.0;68.4
53;2021-09-01;342;1637;235478;210483;77.1;68.9
53;2021-09-02;441;1823;235919;212306;77.3;69.5
53;2021-09-03;449;2494;236368;214800;77.4;70.3
53;2021-09-04;115;213;236483;215013;77.4;70.4
53;2021-09-05;1;12;236484;215025;77.4;70.4
53;2021-09-06;300;1664;236784;216689;77.5;71.0
53;2021-09-07;286;1944;237070;218633;77.6;71.6
53;2021-09-08;421;2157;237491;220790;77.8;72.3
53;2021-09-09;237;1461;237728;222251;77.9;72.8
53;2021-09-10;383;2091;238111;224342;78.0;73.5
53;2021-09-11;39;137;238150;224479;78.0;73.5
53;2021-09-12;0;1;238150;224480;78.0;73.5
53;2021-09-13;231;1197;238381;225677;78.1;73.9
53;2021-09-14;242;1049;238623;226726;78.1;74.2
53;2021-09-15;331;1070;238954;227796;78.3;74.6
53;2021-09-16;305;380;239259;228176;78.4;74.7
53;2021-09-17;429;1057;239688;229233;78.5;75.1
53;2021-09-18;44;70;239732;229303;78.5;75.1
53;2021-09-19;8;14;239740;229317;78.5;75.1
53;2021-09-20;122;382;239862;229699;78.5;75.2
53;2021-09-21;248;651;240110;230350;78.6;75.4
53;2021-09-22;193;665;240303;231015;78.7;75.7
53;2021-09-23;132;395;240435;231410;78.7;75.8
53;2021-09-24;197;638;240632;232048;78.8;76.0
53;2021-09-25;27;50;240659;232098;78.8;76.0
53;2021-09-26;0;0;240659;232098;78.8;76.0
53;2021-09-27;160;374;240819;232472;78.9;76.1
53;2021-09-28;163;281;240982;232753;78.9;76.2
53;2021-09-29;159;488;241141;233241;79.0;76.4
53;2021-09-30;87;212;241228;233453;79.0;76.5
53;2021-10-01;267;621;241495;234074;79.1;76.7
53;2021-10-02;28;52;241523;234126;79.1;76.7
53;2021-10-03;3;7;241526;234133;79.1;76.7
53;2021-10-04;132;276;241658;234409;79.1;76.8
53;2021-10-05;108;209;241766;234618;79.2;76.8
54;2020-12-27;0;0;0;0;0.0;0.0
54;2020-12-28;1;0;1;0;0.0;0.0
54;2020-12-29;0;0;1;0;0.0;0.0
54;2020-12-30;1;0;2;0;0.0;0.0
54;2020-12-31;10;0;12;0;0.0;0.0
54;2021-01-01;0;0;12;0;0.0;0.0
54;2021-01-02;0;0;12;0;0.0;0.0
54;2021-01-03;2;0;14;0;0.0;0.0
54;2021-01-04;163;0;177;0;0.0;0.0
54;2021-01-05;396;0;573;0;0.1;0.0
54;2021-01-06;650;1;1223;1;0.2;0.0
54;2021-01-07;816;2;2039;3;0.3;0.0
54;2021-01-08;706;3;2745;6;0.4;0.0
54;2021-01-09;81;0;2826;6;0.4;0.0
54;2021-01-10;78;0;2904;6;0.4;0.0
54;2021-01-11;974;3;3878;9;0.5;0.0
54;2021-01-12;1181;1;5059;10;0.7;0.0
54;2021-01-13;2427;7;7486;17;1.0;0.0
54;2021-01-14;3401;23;10887;40;1.5;0.0
54;2021-01-15;2717;13;13604;53;1.9;0.0
54;2021-01-16;815;4;14419;57;2.0;0.0
54;2021-01-17;209;0;14628;57;2.0;0.0
54;2021-01-18;1557;5;16185;62;2.2;0.0
54;2021-01-19;1707;0;17892;62;2.4;0.0
54;2021-01-20;1525;4;19417;66;2.7;0.0
54;2021-01-21;1371;4;20788;70;2.8;0.0
54;2021-01-22;1092;8;21880;78;3.0;0.0
54;2021-01-23;477;1;22357;79;3.1;0.0
54;2021-01-24;66;0;22423;79;3.1;0.0
54;2021-01-25;945;28;23368;107;3.2;0.0
54;2021-01-26;142;0;23510;107;3.2;0.0
54;2021-01-27;12;148;23522;255;3.2;0.0
54;2021-01-28;32;205;23554;460;3.2;0.1
54;2021-01-29;19;234;23573;694;3.2;0.1
54;2021-01-30;7;0;23580;694;3.2;0.1
54;2021-01-31;1;0;23581;694;3.2;0.1
54;2021-02-01;13;740;23594;1434;3.2;0.2
54;2021-02-02;24;914;23618;2348;3.2;0.3
54;2021-02-03;363;1390;23981;3738;3.3;0.5
54;2021-02-04;739;2230;24720;5968;3.4;0.8
54;2021-02-05;799;1663;25519;7631;3.5;1.0
54;2021-02-06;204;249;25723;7880;3.5;1.1
54;2021-02-07;4;100;25727;7980;3.5;1.1
54;2021-02-08;117;849;25844;8829;3.5;1.2
54;2021-02-09;306;932;26150;9761;3.6;1.3
54;2021-02-10;386;688;26536;10449;3.6;1.4
54;2021-02-11;294;710;26830;11159;3.7;1.5
54;2021-02-12;446;1098;27276;12257;3.7;1.7
54;2021-02-13;148;217;27424;12474;3.8;1.7
54;2021-02-14;9;8;27433;12482;3.8;1.7
54;2021-02-15;428;961;27861;13443;3.8;1.8
54;2021-02-16;401;1067;28262;14510;3.9;2.0
54;2021-02-17;518;820;28780;15330;3.9;2.1
54;2021-02-18;595;679;29375;16009;4.0;2.2
54;2021-02-19;519;642;29894;16651;4.1;2.3
54;2021-02-20;34;247;29928;16898;4.1;2.3
54;2021-02-21;3;20;29931;16918;4.1;2.3
54;2021-02-22;484;530;30415;17448;4.2;2.4
54;2021-02-23;679;506;31094;17954;4.3;2.5
54;2021-02-24;728;336;31822;18290;4.4;2.5
54;2021-02-25;1474;663;33296;18953;4.6;2.6
54;2021-02-26;1776;745;35072;19698;4.8;2.7
54;2021-02-27;698;108;35770;19806;4.9;2.7
54;2021-02-28;11;26;35781;19832;4.9;2.7
54;2021-03-01;630;192;36411;20024;5.0;2.7
54;2021-03-02;1478;146;37889;20170;5.2;2.8
54;2021-03-03;1747;61;39636;20231;5.4;2.8
54;2021-03-04;2017;98;41653;20329;5.7;2.8
54;2021-03-05;2796;144;44449;20473;6.1;2.8
54;2021-03-06;4037;108;48486;20581;6.6;2.8
54;2021-03-07;2626;70;51112;20651;7.0;2.8
54;2021-03-08;1337;63;52449;20714;7.2;2.8
54;2021-03-09;2649;104;55098;20818;7.5;2.9
54;2021-03-10;3190;106;58288;20924;8.0;2.9
54;2021-03-11;3386;98;61674;21022;8.4;2.9
54;2021-03-12;4974;184;66648;21206;9.1;2.9
54;2021-03-13;4205;112;70853;21318;9.7;2.9
54;2021-03-14;543;40;71396;21358;9.8;2.9
54;2021-03-15;1719;103;73115;21461;10.0;2.9
54;2021-03-16;1732;152;74847;21613;10.2;3.0
54;2021-03-17;2081;136;76928;21749;10.5;3.0
54;2021-03-18;2063;163;78991;21912;10.8;3.0
54;2021-03-19;3319;263;82310;22175;11.3;3.0
54;2021-03-20;2309;72;84619;22247;11.6;3.0
54;2021-03-21;295;14;84914;22261;11.6;3.0
54;2021-03-22;1034;302;85948;22563;11.8;3.1
54;2021-03-23;1938;464;87886;23027;12.0;3.2
54;2021-03-24;2194;695;90080;23722;12.3;3.2
54;2021-03-25;3172;714;93252;24436;12.8;3.3
54;2021-03-26;3513;798;96765;25234;13.2;3.5
54;2021-03-27;2419;278;99184;25512;13.6;3.5
54;2021-03-28;280;6;99464;25518;13.6;3.5
54;2021-03-29;1668;364;101132;25882;13.8;3.5
54;2021-03-30;2558;926;103690;26808;14.2;3.7
54;2021-03-31;2599;1125;106289;27933;14.6;3.8
54;2021-04-01;3237;1268;109526;29201;15.0;4.0
54;2021-04-02;2962;1667;112488;30868;15.4;4.2
54;2021-04-03;1264;1302;113752;32170;15.6;4.4
54;2021-04-04;137;418;113889;32588;15.6;4.5
54;2021-04-05;144;572;114033;33160;15.6;4.5
54;2021-04-06;1268;1645;115301;34805;15.8;4.8
54;2021-04-07;924;2244;116225;37049;15.9;5.1
54;2021-04-08;2325;2423;118550;39472;16.2;5.4
54;2021-04-09;4116;3124;122666;42596;16.8;5.8
54;2021-04-10;3208;1676;125874;44272;17.2;6.1
54;2021-04-11;206;944;126080;45216;17.3;6.2
54;2021-04-12;2198;1527;128278;46743;17.6;6.4
54;2021-04-13;3001;1969;131279;48712;18.0;6.7
54;2021-04-14;3263;1862;134542;50574;18.4;6.9
54;2021-04-15;2877;2296;137419;52870;18.8;7.2
54;2021-04-16;3141;2599;140560;55469;19.2;7.6
54;2021-04-17;3475;1485;144035;56954;19.7;7.8
54;2021-04-18;64;245;144099;57199;19.7;7.8
54;2021-04-19;2464;1081;146563;58280;20.1;8.0
54;2021-04-20;3011;1244;149574;59524;20.5;8.1
54;2021-04-21;4401;1630;153975;61154;21.1;8.4
54;2021-04-22;3722;2385;157697;63539;21.6;8.7
54;2021-04-23;3866;2084;161563;65623;22.1;9.0
54;2021-04-24;2347;1039;163910;66662;22.4;9.1
54;2021-04-25;284;277;164194;66939;22.5;9.2
54;2021-04-26;2306;1271;166500;68210;22.8;9.3
54;2021-04-27;3288;1438;169788;69648;23.2;9.5
54;2021-04-28;2975;1940;172763;71588;23.7;9.8
54;2021-04-29;3796;2073;176559;73661;24.2;10.1
54;2021-04-30;4493;1953;181052;75614;24.8;10.4
54;2021-05-01;2265;804;183317;76418;25.1;10.5
54;2021-05-02;229;68;183546;76486;25.1;10.5
54;2021-05-03;3097;938;186643;77424;25.6;10.6
54;2021-05-04;3514;1454;190157;78878;26.0;10.8
54;2021-05-05;4895;1409;195052;80287;26.7;11.0
54;2021-05-06;4434;2797;199486;83084;27.3;11.4
54;2021-05-07;4823;3397;204309;86481;28.0;11.8
54;2021-05-08;2030;644;206339;87125;28.3;11.9
54;2021-05-09;375;136;206714;87261;28.3;11.9
54;2021-05-10;3207;2234;209921;89495;28.7;12.3
54;2021-05-11;5492;2932;215413;92427;29.5;12.7
54;2021-05-12;4145;3386;219558;95813;30.1;13.1
54;2021-05-13;2648;492;222206;96305;30.4;13.2
54;2021-05-14;6883;2003;229089;98308;31.4;13.5
54;2021-05-15;5484;1323;234573;99631;32.1;13.6
54;2021-05-16;944;108;235517;99739;32.2;13.7
54;2021-05-17;3799;829;239316;100568;32.8;13.8
54;2021-05-18;3288;1104;242604;101672;33.2;13.9
54;2021-05-19;3464;1514;246068;103186;33.7;14.1
54;2021-05-20;4537;1616;250605;104802;34.3;14.3
54;2021-05-21;6753;2503;257358;107305;35.2;14.7
54;2021-05-22;5661;1376;263019;108681;36.0;14.9
54;2021-05-23;504;55;263523;108736;36.1;14.9
54;2021-05-24;1444;343;264967;109079;36.3;14.9
54;2021-05-25;4200;1534;269167;110613;36.9;15.1
54;2021-05-26;3535;2214;272702;112827;37.3;15.4
54;2021-05-27;4180;2419;276882;115246;37.9;15.8
54;2021-05-28;4988;3552;281870;118798;38.6;16.3
54;2021-05-29;3844;3996;285714;122794;39.1;16.8
54;2021-05-30;127;83;285841;122877;39.1;16.8
54;2021-05-31;2940;3059;288781;125936;39.5;17.2
54;2021-06-01;2622;4191;291403;130127;39.9;17.8
54;2021-06-02;2165;4086;293568;134213;40.2;18.4
54;2021-06-03;3146;5647;296714;139860;40.6;19.1
54;2021-06-04;5103;5468;301817;145328;41.3;19.9
54;2021-06-05;2342;3280;304159;148608;41.6;20.3
54;2021-06-06;72;236;304231;148844;41.7;20.4
54;2021-06-07;3705;2935;307936;151779;42.2;20.8
54;2021-06-08;4543;4267;312479;156046;42.8;21.4
54;2021-06-09;6003;3311;318482;159357;43.6;21.8
54;2021-06-10;5296;4445;323778;163802;44.3;22.4
54;2021-06-11;5023;4919;328801;168721;45.0;23.1
54;2021-06-12;4242;3226;333043;171947;45.6;23.5
54;2021-06-13;54;210;333097;172157;45.6;23.6
54;2021-06-14;2334;3594;335431;175751;45.9;24.1
54;2021-06-15;2831;4727;338262;180478;46.3;24.7
54;2021-06-16;3490;5657;341752;186135;46.8;25.5
54;2021-06-17;3138;5221;344890;191356;47.2;26.2
54;2021-06-18;4157;6238;349047;197594;47.8;27.1
54;2021-06-19;2648;3126;351695;200720;48.2;27.5
54;2021-06-20;101;339;351796;201059;48.2;27.5
54;2021-06-21;2557;4767;354353;205826;48.5;28.2
54;2021-06-22;2047;6221;356400;212047;48.8;29.0
54;2021-06-23;2245;5593;358645;217640;49.1;29.8
54;2021-06-24;2090;3454;360735;221094;49.4;30.3
54;2021-06-25;2196;7056;362931;228150;49.7;31.2
54;2021-06-26;2383;5672;365314;233822;50.0;32.0
54;2021-06-27;134;607;365448;234429;50.0;32.1
54;2021-06-28;1960;4354;367408;238783;50.3;32.7
54;2021-06-29;1941;5204;369349;243987;50.6;33.4
54;2021-06-30;1982;5122;371331;249109;50.8;34.1
54;2021-07-01;2143;5983;373474;255092;51.1;34.9
54;2021-07-02;2815;7563;376289;262655;51.5;36.0
54;2021-07-03;2836;4095;379125;266750;51.9;36.5
54;2021-07-04;196;499;379321;267249;51.9;36.6
54;2021-07-05;1667;4250;380988;271499;52.2;37.2
54;2021-07-06;2000;5079;382988;276578;52.4;37.9
54;2021-07-07;1905;4845;384893;281423;52.7;38.5
54;2021-07-08;1679;4111;386572;285534;52.9;39.1
54;2021-07-09;3204;6025;389776;291559;53.4;39.9
54;2021-07-10;2546;4375;392322;295934;53.7;40.5
54;2021-07-11;9;103;392331;296037;53.7;40.5
54;2021-07-12;2100;4697;394431;300734;54.0;41.2
54;2021-07-13;2619;4971;397050;305705;54.4;41.9
54;2021-07-14;1535;1506;398585;307211;54.6;42.1
54;2021-07-15;3172;4834;401757;312045;55.0;42.7
54;2021-07-16;4666;6216;406423;318261;55.6;43.6
54;2021-07-17;4005;4767;410428;323028;56.2;44.2
54;2021-07-18;1804;1687;412232;324715;56.4;44.5
54;2021-07-19;2592;4043;414824;328758;56.8;45.0
54;2021-07-20;2910;4813;417734;333571;57.2;45.7
54;2021-07-21;3134;6333;420868;339904;57.6;46.5
54;2021-07-22;3283;5730;424151;345634;58.1;47.3
54;2021-07-23;3982;6976;428133;352610;58.6;48.3
54;2021-07-24;2945;5322;431078;357932;59.0;49.0
54;2021-07-25;71;50;431149;357982;59.0;49.0
54;2021-07-26;2982;4173;434131;362155;59.4;49.6
54;2021-07-27;3717;4008;437848;366163;59.9;50.1
54;2021-07-28;5210;3876;443058;370039;60.7;50.7
54;2021-07-29;5158;3206;448216;373245;61.4;51.1
54;2021-07-30;5133;5003;453349;378248;62.1;51.8
54;2021-07-31;4538;3233;457887;381481;62.7;52.2
54;2021-08-01;257;73;458144;381554;62.7;52.2
54;2021-08-02;3099;3704;461243;385258;63.1;52.7
54;2021-08-03;4109;2919;465352;388177;63.7;53.1
54;2021-08-04;4427;2707;469779;390884;64.3;53.5
54;2021-08-05;4622;2434;474401;393318;65.0;53.8
54;2021-08-06;5455;3990;479856;397308;65.7;54.4
54;2021-08-07;3674;2829;483530;400137;66.2;54.8
54;2021-08-08;248;114;483778;400251;66.2;54.8
54;2021-08-09;2980;2694;486758;402945;66.6;55.2
54;2021-08-10;2564;3767;489322;406712;67.0;55.7
54;2021-08-11;2336;2565;491658;409277;67.3;56.0
54;2021-08-12;2191;3007;493849;412284;67.6;56.4
54;2021-08-13;2633;4449;496482;416733;68.0;57.1
54;2021-08-14;1436;2077;497918;418810;68.2;57.3
54;2021-08-15;31;43;497949;418853;68.2;57.3
54;2021-08-16;1864;3431;499813;422284;68.4;57.8
54;2021-08-17;1949;3312;501762;425596;68.7;58.3
54;2021-08-18;1500;4107;503262;429703;68.9;58.8
54;2021-08-19;1258;2790;504520;432493;69.1;59.2
54;2021-08-20;1876;4933;506396;437426;69.3;59.9
54;2021-08-21;1471;4016;507867;441442;69.5;60.4
54;2021-08-22;63;28;507930;441470;69.5;60.4
54;2021-08-23;1224;3858;509154;445328;69.7;61.0
54;2021-08-24;1141;3157;510295;448485;69.9;61.4
54;2021-08-25;1427;4382;511722;452867;70.1;62.0
54;2021-08-26;1006;3110;512728;455977;70.2;62.4
54;2021-08-27;1529;5325;514257;461302;70.4;63.2
54;2021-08-28;1145;4282;515402;465584;70.6;63.7
54;2021-08-29;16;50;515418;465634;70.6;63.8
54;2021-08-30;1214;4202;516632;469836;70.7;64.3
54;2021-08-31;1068;4708;517700;474544;70.9;65.0
54;2021-09-01;1107;3757;518807;478301;71.0;65.5
54;2021-09-02;730;2168;519537;480469;71.1;65.8
54;2021-09-03;985;3218;520522;483687;71.3;66.2
54;2021-09-04;1174;3429;521696;487116;71.4;66.7
54;2021-09-05;27;32;521723;487148;71.4;66.7
54;2021-09-06;494;1469;522217;488617;71.5;66.9
54;2021-09-07;604;1597;522821;490214;71.6;67.1
54;2021-09-08;632;1890;523453;492104;71.7;67.4
54;2021-09-09;936;2080;524389;494184;71.8;67.7
54;2021-09-10;1010;2785;525399;496969;71.9;68.0
54;2021-09-11;738;2694;526137;499663;72.0;68.4
54;2021-09-12;90;118;526227;499781;72.0;68.4
54;2021-09-13;640;1260;526867;501041;72.1;68.6
54;2021-09-14;618;1475;527485;502516;72.2;68.8
54;2021-09-15;627;1746;528112;504262;72.3;69.0
54;2021-09-16;633;713;528745;504975;72.4;69.1
54;2021-09-17;874;1531;529619;506506;72.5;69.3
54;2021-09-18;480;1437;530099;507943;72.6;69.5
54;2021-09-19;28;38;530127;507981;72.6;69.5
54;2021-09-20;371;659;530498;508640;72.6;69.6
54;2021-09-21;441;939;530939;509579;72.7;69.8
54;2021-09-22;400;1120;531339;510699;72.7;69.9
54;2021-09-23;317;845;531656;511544;72.8;70.0
54;2021-09-24;517;1178;532173;512722;72.9;70.2
54;2021-09-25;341;1077;532514;513799;72.9;70.3
54;2021-09-26;9;30;532523;513829;72.9;70.3
54;2021-09-27;231;675;532754;514504;72.9;70.4
54;2021-09-28;334;630;533088;515134;73.0;70.5
54;2021-09-29;387;805;533475;515939;73.0;70.6
54;2021-09-30;227;466;533702;516405;73.1;70.7
54;2021-10-01;479;1010;534181;517415;73.1;70.8
54;2021-10-02;392;958;534573;518373;73.2;71.0
54;2021-10-03;2;10;534575;518383;73.2;71.0
54;2021-10-04;200;527;534775;518910;73.2;71.0
54;2021-10-05;275;939;535050;519849;73.3;71.2
55;2020-12-27;0;0;0;0;0.0;0.0
55;2020-12-28;2;0;2;0;0.0;0.0
55;2020-12-29;0;0;2;0;0.0;0.0
55;2020-12-30;0;0;2;0;0.0;0.0
55;2020-12-31;0;0;2;0;0.0;0.0
55;2021-01-01;0;0;2;0;0.0;0.0
55;2021-01-02;0;0;2;0;0.0;0.0
55;2021-01-03;0;0;2;0;0.0;0.0
55;2021-01-04;1;0;3;0;0.0;0.0
55;2021-01-05;0;0;3;0;0.0;0.0
55;2021-01-06;0;0;3;0;0.0;0.0
55;2021-01-07;122;0;125;0;0.1;0.0
55;2021-01-08;127;0;252;0;0.1;0.0
55;2021-01-09;52;0;304;0;0.2;0.0
55;2021-01-10;0;0;304;0;0.2;0.0
55;2021-01-11;128;1;432;1;0.2;0.0
55;2021-01-12;119;0;551;1;0.3;0.0
55;2021-01-13;134;0;685;1;0.4;0.0
55;2021-01-14;645;7;1330;8;0.7;0.0
55;2021-01-15;237;0;1567;8;0.9;0.0
55;2021-01-16;62;0;1629;8;0.9;0.0
55;2021-01-17;1;0;1630;8;0.9;0.0
55;2021-01-18;414;1;2044;9;1.1;0.0
55;2021-01-19;352;3;2396;12;1.3;0.0
55;2021-01-20;456;2;2852;14;1.6;0.0
55;2021-01-21;430;0;3282;14;1.8;0.0
55;2021-01-22;390;0;3672;14;2.0;0.0
55;2021-01-23;49;0;3721;14;2.0;0.0
55;2021-01-24;0;0;3721;14;2.0;0.0
55;2021-01-25;436;0;4157;14;2.3;0.0
55;2021-01-26;431;0;4588;14;2.5;0.0
55;2021-01-27;424;0;5012;14;2.8;0.0
55;2021-01-28;485;97;5497;111;3.0;0.1
55;2021-01-29;159;50;5656;161;3.1;0.1
55;2021-01-30;92;27;5748;188;3.2;0.1
55;2021-01-31;0;0;5748;188;3.2;0.1
55;2021-02-01;153;155;5901;343;3.2;0.2
55;2021-02-02;159;133;6060;476;3.3;0.3
55;2021-02-03;53;139;6113;615;3.4;0.3
55;2021-02-04;235;378;6348;993;3.5;0.5
55;2021-02-05;174;138;6522;1131;3.6;0.6
55;2021-02-06;62;56;6584;1187;3.6;0.7
55;2021-02-07;2;53;6586;1240;3.6;0.7
55;2021-02-08;0;17;6586;1257;3.6;0.7
55;2021-02-09;92;115;6678;1372;3.7;0.8
55;2021-02-10;65;23;6743;1395;3.7;0.8
55;2021-02-11;175;93;6918;1488;3.8;0.8
55;2021-02-12;94;27;7012;1515;3.9;0.8
55;2021-02-13;0;0;7012;1515;3.9;0.8
55;2021-02-14;0;0;7012;1515;3.9;0.8
55;2021-02-15;15;306;7027;1821;3.9;1.0
55;2021-02-16;143;277;7170;2098;3.9;1.2
55;2021-02-17;26;388;7196;2486;4.0;1.4
55;2021-02-18;20;258;7216;2744;4.0;1.5
55;2021-02-19;125;245;7341;2989;4.0;1.6
55;2021-02-20;11;0;7352;2989;4.0;1.6
55;2021-02-21;0;0;7352;2989;4.0;1.6
55;2021-02-22;55;365;7407;3354;4.1;1.8
55;2021-02-23;85;366;7492;3720;4.1;2.0
55;2021-02-24;72;347;7564;4067;4.2;2.2
55;2021-02-25;270;621;7834;4688;4.3;2.6
55;2021-02-26;324;205;8158;4893;4.5;2.7
55;2021-02-27;125;85;8283;4978;4.6;2.7
55;2021-02-28;2;8;8285;4986;4.6;2.7
55;2021-03-01;77;118;8362;5104;4.6;2.8
55;2021-03-02;125;136;8487;5240;4.7;2.9
55;2021-03-03;198;3;8685;5243;4.8;2.9
55;2021-03-04;238;40;8923;5283;4.9;2.9
55;2021-03-05;362;43;9285;5326;5.1;2.9
55;2021-03-06;224;6;9509;5332;5.2;2.9
55;2021-03-07;74;1;9583;5333;5.3;2.9
55;2021-03-08;328;49;9911;5382;5.5;3.0
55;2021-03-09;635;48;10546;5430;5.8;3.0
55;2021-03-10;397;24;10943;5454;6.0;3.0
55;2021-03-11;597;139;11540;5593;6.4;3.1
55;2021-03-12;816;89;12356;5682;6.8;3.1
55;2021-03-13;522;12;12878;5694;7.1;3.1
55;2021-03-14;14;0;12892;5694;7.1;3.1
55;2021-03-15;393;23;13285;5717;7.3;3.1
55;2021-03-16;568;105;13853;5822;7.6;3.2
55;2021-03-17;683;21;14536;5843;8.0;3.2
55;2021-03-18;323;23;14859;5866;8.2;3.2
55;2021-03-19;471;59;15330;5925;8.4;3.3
55;2021-03-20;254;15;15584;5940;8.6;3.3
55;2021-03-21;1;1;15585;5941;8.6;3.3
55;2021-03-22;474;20;16059;5961;8.8;3.3
55;2021-03-23;972;65;17031;6026;9.4;3.3
55;2021-03-24;802;43;17833;6069;9.8;3.3
55;2021-03-25;1097;81;18930;6150;10.4;3.4
55;2021-03-26;602;36;19532;6186;10.8;3.4
55;2021-03-27;256;23;19788;6209;10.9;3.4
55;2021-03-28;0;0;19788;6209;10.9;3.4
55;2021-03-29;944;41;20732;6250;11.4;3.4
55;2021-03-30;1425;73;22157;6323;12.2;3.5
55;2021-03-31;1483;70;23640;6393;13.0;3.5
55;2021-04-01;1207;129;24847;6522;13.7;3.6
55;2021-04-02;902;69;25749;6591;14.2;3.6
55;2021-04-03;93;12;25842;6603;14.2;3.6
55;2021-04-04;2;0;25844;6603;14.2;3.6
55;2021-04-05;6;12;25850;6615;14.2;3.6
55;2021-04-06;933;276;26783;6891;14.7;3.8
55;2021-04-07;993;240;27776;7131;15.3;3.9
55;2021-04-08;1649;420;29425;7551;16.2;4.2
55;2021-04-09;1431;262;30856;7813;17.0;4.3
55;2021-04-10;243;175;31099;7988;17.1;4.4
55;2021-04-11;452;22;31551;8010;17.4;4.4
55;2021-04-12;855;328;32406;8338;17.8;4.6
55;2021-04-13;1355;526;33761;8864;18.6;4.9
55;2021-04-14;1372;726;35133;9590;19.3;5.3
55;2021-04-15;1637;458;36770;10048;20.2;5.5
55;2021-04-16;704;379;37474;10427;20.6;5.7
55;2021-04-17;677;31;38151;10458;21.0;5.8
55;2021-04-18;38;18;38189;10476;21.0;5.8
55;2021-04-19;961;346;39150;10822;21.6;6.0
55;2021-04-20;1173;772;40323;11594;22.2;6.4
55;2021-04-21;990;640;41313;12234;22.7;6.7
55;2021-04-22;1099;674;42412;12908;23.3;7.1
55;2021-04-23;1424;598;43836;13506;24.1;7.4
55;2021-04-24;313;124;44149;13630;24.3;7.5
55;2021-04-25;384;51;44533;13681;24.5;7.5
55;2021-04-26;478;815;45011;14496;24.8;8.0
55;2021-04-27;570;994;45581;15490;25.1;8.5
55;2021-04-28;931;815;46512;16305;25.6;9.0
55;2021-04-29;1118;857;47630;17162;26.2;9.4
55;2021-04-30;1280;620;48910;17782;26.9;9.8
55;2021-05-01;153;131;49063;17913;27.0;9.9
55;2021-05-02;2;3;49065;17916;27.0;9.9
55;2021-05-03;1209;629;50274;18545;27.7;10.2
55;2021-05-04;683;1178;50957;19723;28.1;10.9
55;2021-05-05;656;1070;51613;20793;28.4;11.4
55;2021-05-06;1350;1157;52963;21950;29.2;12.1
55;2021-05-07;1433;554;54396;22504;29.9;12.4
55;2021-05-08;156;77;54552;22581;30.0;12.4
55;2021-05-09;62;522;54614;23103;30.1;12.7
55;2021-05-10;860;1029;55474;24132;30.5;13.3
55;2021-05-11;1072;1372;56546;25504;31.1;14.0
55;2021-05-12;1031;1760;57577;27264;31.7;15.0
55;2021-05-13;99;75;57676;27339;31.8;15.1
55;2021-05-14;352;555;58028;27894;31.9;15.4
55;2021-05-15;291;486;58319;28380;32.1;15.6
55;2021-05-16;3;10;58322;28390;32.1;15.6
55;2021-05-17;1028;841;59350;29231;32.7;16.1
55;2021-05-18;1567;886;60917;30117;33.5;16.6
55;2021-05-19;1809;777;62726;30894;34.5;17.0
55;2021-05-20;2215;730;64941;31624;35.8;17.4
55;2021-05-21;2010;799;66951;32423;36.9;17.9
55;2021-05-22;198;167;67149;32590;37.0;17.9
55;2021-05-23;23;120;67172;32710;37.0;18.0
55;2021-05-24;0;0;67172;32710;37.0;18.0
55;2021-05-25;1347;651;68519;33361;37.7;18.4
55;2021-05-26;1675;1017;70194;34378;38.6;18.9
55;2021-05-27;1322;982;71516;35360;39.4;19.5
55;2021-05-28;1521;928;73037;36288;40.2;20.0
55;2021-05-29;1403;695;74440;36983;41.0;20.4
55;2021-05-30;15;205;74455;37188;41.0;20.5
55;2021-05-31;1048;1130;75503;38318;41.6;21.1
55;2021-06-01;919;955;76422;39273;42.1;21.6
55;2021-06-02;1162;979;77584;40252;42.7;22.2
55;2021-06-03;703;538;78287;40790;43.1;22.5
55;2021-06-04;1388;1098;79675;41888;43.9;23.1
55;2021-06-05;1366;278;81041;42166;44.6;23.2
55;2021-06-06;0;2;81041;42168;44.6;23.2
55;2021-06-07;791;714;81832;42882;45.1;23.6
55;2021-06-08;700;1073;82532;43955;45.4;24.2
55;2021-06-09;852;868;83384;44823;45.9;24.7
55;2021-06-10;378;275;83762;45098;46.1;24.8
55;2021-06-11;528;1285;84290;46383;46.4;25.5
55;2021-06-12;761;518;85051;46901;46.8;25.8
55;2021-06-13;265;33;85316;46934;47.0;25.8
55;2021-06-14;391;1362;85707;48296;47.2;26.6
55;2021-06-15;574;1212;86281;49508;47.5;27.3
55;2021-06-16;735;832;87016;50340;47.9;27.7
55;2021-06-17;425;858;87441;51198;48.1;28.2
55;2021-06-18;667;1473;88108;52671;48.5;29.0
55;2021-06-19;593;454;88701;53125;48.8;29.2
55;2021-06-20;0;0;88701;53125;48.8;29.2
55;2021-06-21;441;1023;89142;54148;49.1;29.8
55;2021-06-22;335;1012;89477;55160;49.3;30.4
55;2021-06-23;626;1209;90103;56369;49.6;31.0
55;2021-06-24;163;433;90266;56802;49.7;31.3
55;2021-06-25;642;1227;90908;58029;50.0;31.9
55;2021-06-26;418;341;91326;58370;50.3;32.1
55;2021-06-27;1;2;91327;58372;50.3;32.1
55;2021-06-28;149;1379;91476;59751;50.4;32.9
55;2021-06-29;201;1287;91677;61038;50.5;33.6
55;2021-06-30;272;1927;91949;62965;50.6;34.7
55;2021-07-01;388;1977;92337;64942;50.8;35.8
55;2021-07-02;392;1719;92729;66661;51.1;36.7
55;2021-07-03;107;262;92836;66923;51.1;36.8
55;2021-07-04;12;19;92848;66942;51.1;36.9
55;2021-07-05;222;1508;93070;68450;51.2;37.7
55;2021-07-06;327;898;93397;69348;51.4;38.2
55;2021-07-07;388;1801;93785;71149;51.6;39.2
55;2021-07-08;534;1594;94319;72743;51.9;40.0
55;2021-07-09;456;1478;94775;74221;52.2;40.9
55;2021-07-10;356;1112;95131;75333;52.4;41.5
55;2021-07-11;0;9;95131;75342;52.4;41.5
55;2021-07-12;608;1166;95739;76508;52.7;42.1
55;2021-07-13;599;1487;96338;77995;53.0;42.9
55;2021-07-14;1;13;96339;78008;53.0;42.9
55;2021-07-15;782;1645;97121;79653;53.5;43.9
55;2021-07-16;1255;1807;98376;81460;54.2;44.8
55;2021-07-17;1283;821;99659;82281;54.9;45.3
55;2021-07-18;1;2;99660;82283;54.9;45.3
55;2021-07-19;597;785;100257;83068;55.2;45.7
55;2021-07-20;1001;1020;101258;84088;55.7;46.3
55;2021-07-21;1482;1369;102740;85457;56.6;47.0
55;2021-07-22;1174;565;103914;86022;57.2;47.4
55;2021-07-23;1113;1354;105027;87376;57.8;48.1
55;2021-07-24;819;760;105846;88136;58.3;48.5
55;2021-07-25;120;229;105966;88365;58.3;48.6
55;2021-07-26;668;444;106634;88809;58.7;48.9
55;2021-07-27;1166;479;107800;89288;59.3;49.2
55;2021-07-28;1039;1063;108839;90351;59.9;49.7
55;2021-07-29;670;446;109509;90797;60.3;50.0
55;2021-07-30;1272;966;110781;91763;61.0;50.5
55;2021-07-31;714;613;111495;92376;61.4;50.9
55;2021-08-01;9;5;111504;92381;61.4;50.9
55;2021-08-02;820;443;112324;92824;61.8;51.1
55;2021-08-03;792;417;113116;93241;62.3;51.3
55;2021-08-04;1248;950;114364;94191;63.0;51.9
55;2021-08-05;1055;324;115419;94515;63.5;52.0
55;2021-08-06;819;1095;116238;95610;64.0;52.6
55;2021-08-07;596;336;116834;95946;64.3;52.8
55;2021-08-08;0;0;116834;95946;64.3;52.8
55;2021-08-09;402;306;117236;96252;64.5;53.0
55;2021-08-10;447;776;117683;97028;64.8;53.4
55;2021-08-11;595;640;118278;97668;65.1;53.8
55;2021-08-12;327;489;118605;98157;65.3;54.0
55;2021-08-13;439;1110;119044;99267;65.5;54.7
55;2021-08-14;144;190;119188;99457;65.6;54.8
55;2021-08-15;11;5;119199;99462;65.6;54.8
55;2021-08-16;246;739;119445;100201;65.8;55.2
55;2021-08-17;259;289;119704;100490;65.9;55.3
55;2021-08-18;547;1241;120251;101731;66.2;56.0
55;2021-08-19;450;960;120701;102691;66.5;56.5
55;2021-08-20;623;1012;121324;103703;66.8;57.1
55;2021-08-21;292;772;121616;104475;67.0;57.5
55;2021-08-22;8;6;121624;104481;67.0;57.5
55;2021-08-23;357;612;121981;105093;67.2;57.9
55;2021-08-24;338;833;122319;105926;67.3;58.3
55;2021-08-25;678;1173;122997;107099;67.7;59.0
55;2021-08-26;473;1253;123470;108352;68.0;59.7
55;2021-08-27;333;1246;123803;109598;68.2;60.3
55;2021-08-28;387;578;124190;110176;68.4;60.7
55;2021-08-29;216;59;124406;110235;68.5;60.7
55;2021-08-30;135;677;124541;110912;68.6;61.1
55;2021-08-31;284;824;124825;111736;68.7;61.5
55;2021-09-01;658;1269;125483;113005;69.1;62.2
55;2021-09-02;208;896;125691;113901;69.2;62.7
55;2021-09-03;408;1275;126099;115176;69.4;63.4
55;2021-09-04;289;601;126388;115777;69.6;63.7
55;2021-09-05;18;91;126406;115868;69.6;63.8
55;2021-09-06;60;127;126466;115995;69.6;63.9
55;2021-09-07;281;595;126747;116590;69.8;64.2
55;2021-09-08;274;339;127021;116929;69.9;64.4
55;2021-09-09;198;595;127219;117524;70.0;64.7
55;2021-09-10;255;550;127474;118074;70.2;65.0
55;2021-09-11;97;319;127571;118393;70.2;65.2
55;2021-09-12;1;2;127572;118395;70.2;65.2
55;2021-09-13;97;431;127669;118826;70.3;65.4
55;2021-09-14;230;284;127899;119110;70.4;65.6
55;2021-09-15;273;637;128172;119747;70.6;65.9
55;2021-09-16;96;181;128268;119928;70.6;66.0
55;2021-09-17;87;123;128355;120051;70.7;66.1
55;2021-09-18;138;391;128493;120442;70.7;66.3
55;2021-09-19;1;59;128494;120501;70.7;66.3
55;2021-09-20;65;193;128559;120694;70.8;66.4
55;2021-09-21;100;332;128659;121026;70.8;66.6
55;2021-09-22;109;395;128768;121421;70.9;66.8
55;2021-09-23;95;427;128863;121848;70.9;67.1
55;2021-09-24;88;370;128951;122218;71.0;67.3
55;2021-09-25;56;159;129007;122377;71.0;67.4
55;2021-09-26;0;34;129007;122411;71.0;67.4
55;2021-09-27;46;127;129053;122538;71.0;67.5
55;2021-09-28;51;124;129104;122662;71.1;67.5
55;2021-09-29;157;861;129261;123523;71.2;68.0
55;2021-09-30;58;331;129319;123854;71.2;68.2
55;2021-10-01;56;272;129375;124126;71.2;68.3
55;2021-10-02;89;371;129464;124497;71.3;68.5
55;2021-10-03;0;59;129464;124556;71.3;68.6
55;2021-10-04;106;390;129570;124946;71.3;68.8
55;2021-10-05;68;259;129638;125205;71.4;68.9
56;2020-12-27;0;0;0;0;0.0;0.0
56;2020-12-28;1;0;1;0;0.0;0.0
56;2020-12-29;0;0;1;0;0.0;0.0
56;2020-12-30;0;0;1;0;0.0;0.0
56;2020-12-31;0;0;1;0;0.0;0.0
56;2021-01-01;0;0;1;0;0.0;0.0
56;2021-01-02;1;0;2;0;0.0;0.0
56;2021-01-03;2;0;4;0;0.0;0.0
56;2021-01-04;2;0;6;0;0.0;0.0
56;2021-01-05;1;0;7;0;0.0;0.0
56;2021-01-06;2;0;9;0;0.0;0.0
56;2021-01-07;198;0;207;0;0.0;0.0
56;2021-01-08;119;0;326;0;0.0;0.0
56;2021-01-09;1;0;327;0;0.0;0.0
56;2021-01-10;1;0;328;0;0.0;0.0
56;2021-01-11;242;0;570;0;0.1;0.0
56;2021-01-12;755;1;1325;1;0.2;0.0
56;2021-01-13;638;1;1963;2;0.3;0.0
56;2021-01-14;970;2;2933;4;0.4;0.0
56;2021-01-15;844;5;3777;9;0.5;0.0
56;2021-01-16;235;3;4012;12;0.5;0.0
56;2021-01-17;27;0;4039;12;0.5;0.0
56;2021-01-18;1006;1;5045;13;0.7;0.0
56;2021-01-19;866;0;5911;13;0.8;0.0
56;2021-01-20;885;1;6796;14;0.9;0.0
56;2021-01-21;1450;1;8246;15;1.1;0.0
56;2021-01-22;1183;3;9429;18;1.2;0.0
56;2021-01-23;319;2;9748;20;1.3;0.0
56;2021-01-24;6;0;9754;20;1.3;0.0
56;2021-01-25;830;0;10584;20;1.4;0.0
56;2021-01-26;1034;4;11618;24;1.5;0.0
56;2021-01-27;1081;59;12699;83;1.7;0.0
56;2021-01-28;975;119;13674;202;1.8;0.0
56;2021-01-29;875;100;14549;302;1.9;0.0
56;2021-01-30;139;18;14688;320;1.9;0.0
56;2021-01-31;0;0;14688;320;1.9;0.0
56;2021-02-01;480;113;15168;433;2.0;0.1
56;2021-02-02;941;246;16109;679;2.1;0.1
56;2021-02-03;1025;254;17134;933;2.3;0.1
56;2021-02-04;4702;332;21836;1265;2.9;0.2
56;2021-02-05;3595;418;25431;1683;3.4;0.2
56;2021-02-06;551;162;25982;1845;3.4;0.2
56;2021-02-07;136;26;26118;1871;3.5;0.2
56;2021-02-08;297;257;26415;2128;3.5;0.3
56;2021-02-09;794;406;27209;2534;3.6;0.3
56;2021-02-10;864;637;28073;3171;3.7;0.4
56;2021-02-11;973;999;29046;4170;3.8;0.6
56;2021-02-12;1153;567;30199;4737;4.0;0.6
56;2021-02-13;220;76;30419;4813;4.0;0.6
56;2021-02-14;6;45;30425;4858;4.0;0.6
56;2021-02-15;623;835;31048;5693;4.1;0.8
56;2021-02-16;1219;586;32267;6279;4.3;0.8
56;2021-02-17;1189;771;33456;7050;4.4;0.9
56;2021-02-18;1351;707;34807;7757;4.6;1.0
56;2021-02-19;1323;706;36130;8463;4.8;1.1
56;2021-02-20;365;193;36495;8656;4.8;1.1
56;2021-02-21;2;0;36497;8656;4.8;1.1
56;2021-02-22;376;581;36873;9237;4.9;1.2
56;2021-02-23;742;737;37615;9974;5.0;1.3
56;2021-02-24;918;907;38533;10881;5.1;1.4
56;2021-02-25;2032;3831;40565;14712;5.4;1.9
56;2021-02-26;2356;2100;42921;16812;5.7;2.2
56;2021-02-27;748;366;43669;17178;5.8;2.3
56;2021-02-28;15;112;43684;17290;5.8;2.3
56;2021-03-01;649;449;44333;17739;5.9;2.3
56;2021-03-02;980;655;45313;18394;6.0;2.4
56;2021-03-03;1150;765;46463;19159;6.1;2.5
56;2021-03-04;1965;925;48428;20084;6.4;2.7
56;2021-03-05;2584;1322;51012;21406;6.8;2.8
56;2021-03-06;1209;193;52221;21599;6.9;2.9
56;2021-03-07;282;24;52503;21623;6.9;2.9
56;2021-03-08;1141;349;53644;21972;7.1;2.9
56;2021-03-09;2042;541;55686;22513;7.4;3.0
56;2021-03-10;2000;850;57686;23363;7.6;3.1
56;2021-03-11;3251;695;60937;24058;8.1;3.2
56;2021-03-12;4208;774;65145;24832;8.6;3.3
56;2021-03-13;1885;146;67030;24978;8.9;3.3
56;2021-03-14;195;4;67225;24982;8.9;3.3
56;2021-03-15;1285;521;68510;25503;9.1;3.4
56;2021-03-16;1088;998;69598;26501;9.2;3.5
56;2021-03-17;1371;757;70969;27258;9.4;3.6
56;2021-03-18;2001;1840;72970;29098;9.7;3.9
56;2021-03-19;2947;1366;75917;30464;10.0;4.0
56;2021-03-20;1492;202;77409;30666;10.2;4.1
56;2021-03-21;209;22;77618;30688;10.3;4.1
56;2021-03-22;1612;400;79230;31088;10.5;4.1
56;2021-03-23;2810;678;82040;31766;10.9;4.2
56;2021-03-24;3450;520;85490;32286;11.3;4.3
56;2021-03-25;4238;715;89728;33001;11.9;4.4
56;2021-03-26;5092;762;94820;33763;12.5;4.5
56;2021-03-27;1502;288;96322;34051;12.7;4.5
56;2021-03-28;264;11;96586;34062;12.8;4.5
56;2021-03-29;2236;501;98822;34563;13.1;4.6
56;2021-03-30;3519;785;102341;35348;13.5;4.7
56;2021-03-31;3116;719;105457;36067;14.0;4.8
56;2021-04-01;4079;818;109536;36885;14.5;4.9
56;2021-04-02;3925;945;113461;37830;15.0;5.0
56;2021-04-03;1186;270;114647;38100;15.2;5.0
56;2021-04-04;233;4;114880;38104;15.2;5.0
56;2021-04-05;244;8;115124;38112;15.2;5.0
56;2021-04-06;2828;1233;117952;39345;15.6;5.2
56;2021-04-07;4023;1193;121975;40538;16.1;5.4
56;2021-04-08;5295;1164;127270;41702;16.8;5.5
56;2021-04-09;7396;1281;134666;42983;17.8;5.7
56;2021-04-10;2576;428;137242;43411;18.2;5.7
56;2021-04-11;194;101;137436;43512;18.2;5.8
56;2021-04-12;3932;832;141368;44344;18.7;5.9
56;2021-04-13;5965;1263;147333;45607;19.5;6.0
56;2021-04-14;5168;1433;152501;47040;20.2;6.2
56;2021-04-15;7153;1775;159654;48815;21.1;6.5
56;2021-04-16;7842;2012;167496;50827;22.2;6.7
56;2021-04-17;3130;648;170626;51475;22.6;6.8
56;2021-04-18;528;110;171154;51585;22.7;6.8
56;2021-04-19;3719;1261;174873;52846;23.1;7.0
56;2021-04-20;4107;1974;178980;54820;23.7;7.3
56;2021-04-21;4059;2321;183039;57141;24.2;7.6
56;2021-04-22;5173;1918;188212;59059;24.9;7.8
56;2021-04-23;5172;2414;193384;61473;25.6;8.1
56;2021-04-24;2899;639;196283;62112;26.0;8.2
56;2021-04-25;465;149;196748;62261;26.0;8.2
56;2021-04-26;4710;1658;201458;63919;26.7;8.5
56;2021-04-27;5097;2538;206555;66457;27.3;8.8
56;2021-04-28;4966;2243;211521;68700;28.0;9.1
56;2021-04-29;5842;2925;217363;71625;28.8;9.5
56;2021-04-30;6246;2786;223609;74411;29.6;9.8
56;2021-05-01;2489;363;226098;74774;29.9;9.9
56;2021-05-02;307;254;226405;75028;30.0;9.9
56;2021-05-03;3863;2050;230268;77078;30.5;10.2
56;2021-05-04;4379;3899;234647;80977;31.1;10.7
56;2021-05-05;3522;3871;238169;84848;31.5;11.2
56;2021-05-06;4377;5431;242546;90279;32.1;11.9
56;2021-05-07;4267;4991;246813;95270;32.7;12.6
56;2021-05-08;1645;320;248458;95590;32.9;12.7
56;2021-05-09;494;227;248952;95817;32.9;12.7
56;2021-05-10;3751;3802;252703;99619;33.4;13.2
56;2021-05-11;4169;5041;256872;104660;34.0;13.9
56;2021-05-12;4342;4771;261214;109431;34.6;14.5
56;2021-05-13;2397;1014;263611;110445;34.9;14.6
56;2021-05-14;4227;4347;267838;114792;35.4;15.2
56;2021-05-15;2488;1895;270326;116687;35.8;15.4
56;2021-05-16;237;488;270563;117175;35.8;15.5
56;2021-05-17;2513;3664;273076;120839;36.1;16.0
56;2021-05-18;3522;4092;276598;124931;36.6;16.5
56;2021-05-19;3527;3391;280125;128322;37.1;17.0
56;2021-05-20;3805;4808;283930;133130;37.6;17.6
56;2021-05-21;3748;5217;287678;138347;38.1;18.3
56;2021-05-22;1697;2207;289375;140554;38.3;18.6
56;2021-05-23;284;197;289659;140751;38.3;18.6
56;2021-05-24;2058;497;291717;141248;38.6;18.7
56;2021-05-25;3141;4471;294858;145719;39.0;19.3
56;2021-05-26;3735;3933;298593;149652;39.5;19.8
56;2021-05-27;4362;4863;302955;154515;40.1;20.5
56;2021-05-28;4638;5938;307593;160453;40.7;21.2
56;2021-05-29;1886;1632;309479;162085;41.0;21.5
56;2021-05-30;318;67;309797;162152;41.0;21.5
56;2021-05-31;4502;3212;314299;165364;41.6;21.9
56;2021-06-01;5664;3379;319963;168743;42.3;22.3
56;2021-06-02;5631;2946;325594;171689;43.1;22.7
56;2021-06-03;6189;3292;331783;174981;43.9;23.2
56;2021-06-04;5813;4401;337596;179382;44.7;23.7
56;2021-06-05;4346;2372;341942;181754;45.3;24.1
56;2021-06-06;496;615;342438;182369;45.3;24.1
56;2021-06-07;5101;3167;347539;185536;46.0;24.6
56;2021-06-08;6070;3365;353609;188901;46.8;25.0
56;2021-06-09;6429;2812;360038;191713;47.7;25.4
56;2021-06-10;7478;2873;367516;194586;48.6;25.8
56;2021-06-11;6768;3864;374284;198450;49.5;26.3
56;2021-06-12;5103;2062;379387;200512;50.2;26.5
56;2021-06-13;1978;439;381365;200951;50.5;26.6
56;2021-06-14;3313;4589;384678;205540;50.9;27.2
56;2021-06-15;4201;4878;388879;210418;51.5;27.8
56;2021-06-16;4495;4501;393374;214919;52.1;28.4
56;2021-06-17;4257;4748;397631;219667;52.6;29.1
56;2021-06-18;4513;5967;402144;225634;53.2;29.9
56;2021-06-19;3832;2144;405976;227778;53.7;30.1
56;2021-06-20;1503;340;407479;228118;53.9;30.2
56;2021-06-21;3306;4461;410785;232579;54.4;30.8
56;2021-06-22;3483;5433;414268;238012;54.8;31.5
56;2021-06-23;3763;5061;418031;243073;55.3;32.2
56;2021-06-24;3478;5318;421509;248391;55.8;32.9
56;2021-06-25;3884;6280;425393;254671;56.3;33.7
56;2021-06-26;3202;2915;428595;257586;56.7;34.1
56;2021-06-27;305;163;428900;257749;56.8;34.1
56;2021-06-28;1575;3982;430475;261731;57.0;34.6
56;2021-06-29;2433;5761;432908;267492;57.3;35.4
56;2021-06-30;2499;5560;435407;273052;57.6;36.1
56;2021-07-01;2735;4956;438142;278008;58.0;36.8
56;2021-07-02;2656;6201;440798;284209;58.3;37.6
56;2021-07-03;2203;2677;443001;286886;58.6;38.0
56;2021-07-04;778;811;443779;287697;58.7;38.1
56;2021-07-05;1872;5442;445651;293139;59.0;38.8
56;2021-07-06;2190;5931;447841;299070;59.3;39.6
56;2021-07-07;2844;5642;450685;304712;59.6;40.3
56;2021-07-08;3086;6035;453771;310747;60.1;41.1
56;2021-07-09;2213;7097;455984;317844;60.3;42.1
56;2021-07-10;1126;3000;457110;320844;60.5;42.5
56;2021-07-11;256;344;457366;321188;60.5;42.5
56;2021-07-12;2181;6605;459547;327793;60.8;43.4
56;2021-07-13;3259;7466;462806;335259;61.3;44.4
56;2021-07-14;1785;2591;464591;337850;61.5;44.7
56;2021-07-15;3820;7068;468411;344918;62.0;45.7
56;2021-07-16;4076;8082;472487;353000;62.5;46.7
56;2021-07-17;2320;3525;474807;356525;62.8;47.2
56;2021-07-18;256;478;475063;357003;62.9;47.2
56;2021-07-19;2868;6357;477931;363360;63.3;48.1
56;2021-07-20;3722;7910;481653;371270;63.7;49.1
56;2021-07-21;3095;7516;484748;378786;64.2;50.1
56;2021-07-22;4391;8027;489139;386813;64.7;51.2
56;2021-07-23;4389;8407;493528;395220;65.3;52.3
56;2021-07-24;1687;4600;495215;399820;65.5;52.9
56;2021-07-25;551;1916;495766;401736;65.6;53.2
56;2021-07-26;3680;5451;499446;407187;66.1;53.9
56;2021-07-27;5375;6194;504821;413381;66.8;54.7
56;2021-07-28;4688;5463;509509;418844;67.4;55.4
56;2021-07-29;5378;5627;514887;424471;68.1;56.2
56;2021-07-30;5383;5863;520270;430334;68.9;57.0
56;2021-07-31;2157;2690;522427;433024;69.1;57.3
56;2021-08-01;1254;977;523681;434001;69.3;57.4
56;2021-08-02;4536;4598;528217;438599;69.9;58.0
56;2021-08-03;6384;4957;534601;443556;70.8;58.7
56;2021-08-04;5953;4363;540554;447919;71.5;59.3
56;2021-08-05;6097;4605;546651;452524;72.3;59.9
56;2021-08-06;5855;4925;552506;457449;73.1;60.5
56;2021-08-07;2859;2225;555365;459674;73.5;60.8
56;2021-08-08;1830;566;557195;460240;73.7;60.9
56;2021-08-09;3936;4267;561131;464507;74.3;61.5
56;2021-08-10;4927;4612;566058;469119;74.9;62.1
56;2021-08-11;4565;4137;570623;473256;75.5;62.6
56;2021-08-12;4488;4547;575111;477803;76.1;63.2
56;2021-08-13;4214;4814;579325;482617;76.7;63.9
56;2021-08-14;1792;2136;581117;484753;76.9;64.2
56;2021-08-15;348;485;581465;485238;77.0;64.2
56;2021-08-16;3065;4521;584530;489759;77.4;64.8
56;2021-08-17;3762;5055;588292;494814;77.9;65.5
56;2021-08-18;3738;4609;592030;499423;78.4;66.1
56;2021-08-19;3068;4992;595098;504415;78.8;66.8
56;2021-08-20;2902;5259;598000;509674;79.1;67.5
56;2021-08-21;1159;2399;599159;512073;79.3;67.8
56;2021-08-22;129;503;599288;512576;79.3;67.8
56;2021-08-23;1930;4969;601218;517545;79.6;68.5
56;2021-08-24;1923;5513;603141;523058;79.8;69.2
56;2021-08-25;1710;5056;604851;528114;80.1;69.9
56;2021-08-26;1409;5325;606260;533439;80.2;70.6
56;2021-08-27;1753;5878;608013;539317;80.5;71.4
56;2021-08-28;604;2801;608617;542118;80.6;71.7
56;2021-08-29;79;476;608696;542594;80.6;71.8
56;2021-08-30;1381;4746;610077;547340;80.7;72.4
56;2021-08-31;1473;4793;611550;552133;80.9;73.1
56;2021-09-01;1319;4198;612869;556331;81.1;73.6
56;2021-09-02;1081;4037;613950;560368;81.3;74.2
56;2021-09-03;1101;4597;615051;564965;81.4;74.8
56;2021-09-04;766;2445;615817;567410;81.5;75.1
56;2021-09-05;128;371;615945;567781;81.5;75.1
56;2021-09-06;885;3623;616830;571404;81.6;75.6
56;2021-09-07;818;3471;617648;574875;81.7;76.1
56;2021-09-08;965;3468;618613;578343;81.9;76.5
56;2021-09-09;797;3023;619410;581366;82.0;76.9
56;2021-09-10;937;3489;620347;584855;82.1;77.4
56;2021-09-11;474;2109;620821;586964;82.2;77.7
56;2021-09-12;34;171;620855;587135;82.2;77.7
56;2021-09-13;761;2677;621616;589812;82.3;78.1
56;2021-09-14;697;2777;622313;592589;82.4;78.4
56;2021-09-15;713;2499;623026;595088;82.5;78.8
56;2021-09-16;702;1591;623728;596679;82.6;79.0
56;2021-09-17;756;2148;624484;598827;82.7;79.3
56;2021-09-18;306;1706;624790;600533;82.7;79.5
56;2021-09-19;32;112;624822;600645;82.7;79.5
56;2021-09-20;426;1288;625248;601933;82.8;79.7
56;2021-09-21;497;1165;625745;603098;82.8;79.8
56;2021-09-22;464;1704;626209;604802;82.9;80.0
56;2021-09-23;543;1048;626752;605850;83.0;80.2
56;2021-09-24;580;1613;627332;607463;83.0;80.4
56;2021-09-25;250;1028;627582;608491;83.1;80.5
56;2021-09-26;12;79;627594;608570;83.1;80.5
56;2021-09-27;475;1000;628069;609570;83.1;80.7
56;2021-09-28;434;958;628503;610528;83.2;80.8
56;2021-09-29;386;1168;628889;611696;83.2;81.0
56;2021-09-30;331;606;629220;612302;83.3;81.0
56;2021-10-01;513;1256;629733;613558;83.3;81.2
56;2021-10-02;158;401;629891;613959;83.4;81.3
56;2021-10-03;5;77;629896;614036;83.4;81.3
56;2021-10-04;294;761;630190;614797;83.4;81.4
56;2021-10-05;234;619;630424;615416;83.4;81.5
57;2020-12-27;2;0;2;0;0.0;0.0
57;2020-12-28;0;0;2;0;0.0;0.0
57;2020-12-29;2;0;4;0;0.0;0.0
57;2020-12-30;1;0;5;0;0.0;0.0
57;2020-12-31;0;0;5;0;0.0;0.0
57;2021-01-01;1;0;6;0;0.0;0.0
57;2021-01-02;3;0;9;0;0.0;0.0
57;2021-01-03;0;0;9;0;0.0;0.0
57;2021-01-04;17;0;26;0;0.0;0.0
57;2021-01-05;199;0;225;0;0.0;0.0
57;2021-01-06;226;1;451;1;0.0;0.0
57;2021-01-07;586;2;1037;3;0.1;0.0
57;2021-01-08;509;2;1546;5;0.1;0.0
57;2021-01-09;203;0;1749;5;0.2;0.0
57;2021-01-10;109;1;1858;6;0.2;0.0
57;2021-01-11;470;1;2328;7;0.2;0.0
57;2021-01-12;612;5;2940;12;0.3;0.0
57;2021-01-13;696;2;3636;14;0.4;0.0
57;2021-01-14;708;6;4344;20;0.4;0.0
57;2021-01-15;636;5;4980;25;0.5;0.0
57;2021-01-16;452;1;5432;26;0.5;0.0
57;2021-01-17;493;1;5925;27;0.6;0.0
57;2021-01-18;2715;20;8640;47;0.8;0.0
57;2021-01-19;2567;20;11207;67;1.1;0.0
57;2021-01-20;2764;17;13971;84;1.3;0.0
57;2021-01-21;1797;5;15768;89;1.5;0.0
57;2021-01-22;1325;6;17093;95;1.7;0.0
57;2021-01-23;543;15;17636;110;1.7;0.0
57;2021-01-24;1;0;17637;110;1.7;0.0
57;2021-01-25;869;174;18506;284;1.8;0.0
57;2021-01-26;1112;202;19618;486;1.9;0.0
57;2021-01-27;1070;160;20688;646;2.0;0.1
57;2021-01-28;1040;241;21728;887;2.1;0.1
57;2021-01-29;983;368;22711;1255;2.2;0.1
57;2021-01-30;440;82;23151;1337;2.2;0.1
57;2021-01-31;11;16;23162;1353;2.2;0.1
57;2021-02-01;828;321;23990;1674;2.3;0.2
57;2021-02-02;989;334;24979;2008;2.4;0.2
57;2021-02-03;986;294;25965;2302;2.5;0.2
57;2021-02-04;1138;773;27103;3075;2.6;0.3
57;2021-02-05;927;324;28030;3399;2.7;0.3
57;2021-02-06;481;308;28511;3707;2.8;0.4
57;2021-02-07;103;333;28614;4040;2.8;0.4
57;2021-02-08;1258;1395;29872;5435;2.9;0.5
57;2021-02-09;1763;1574;31635;7009;3.1;0.7
57;2021-02-10;1712;1957;33347;8966;3.2;0.9
57;2021-02-11;1488;1264;34835;10230;3.4;1.0
57;2021-02-12;1227;612;36062;10842;3.5;1.0
57;2021-02-13;1152;133;37214;10975;3.6;1.1
57;2021-02-14;1211;27;38425;11002;3.7;1.1
57;2021-02-15;766;698;39191;11700;3.8;1.1
57;2021-02-16;1076;655;40267;12355;3.9;1.2
57;2021-02-17;1008;790;41275;13145;4.0;1.3
57;2021-02-18;976;968;42251;14113;4.1;1.4
57;2021-02-19;956;730;43207;14843;4.2;1.4
57;2021-02-20;1172;487;44379;15330;4.3;1.5
57;2021-02-21;323;13;44702;15343;4.3;1.5
57;2021-02-22;1230;735;45932;16078;4.4;1.6
57;2021-02-23;2234;917;48166;16995;4.6;1.6
57;2021-02-24;2287;822;50453;17817;4.9;1.7
57;2021-02-25;3297;945;53750;18762;5.2;1.8
57;2021-02-26;3593;826;57343;19588;5.5;1.9
57;2021-02-27;3697;478;61040;20066;5.9;1.9
57;2021-02-28;1897;58;62937;20124;6.1;1.9
57;2021-03-01;2077;1202;65014;21326;6.3;2.1
57;2021-03-02;2861;1421;67875;22747;6.6;2.2
57;2021-03-03;2824;1464;70699;24211;6.8;2.3
57;2021-03-04;3284;1182;73983;25393;7.1;2.5
57;2021-03-05;4460;1140;78443;26533;7.6;2.6
57;2021-03-06;7251;696;85694;27229;8.3;2.6
57;2021-03-07;6070;256;91764;27485;8.9;2.7
57;2021-03-08;2300;909;94064;28394;9.1;2.7
57;2021-03-09;3385;1195;97449;29589;9.4;2.9
57;2021-03-10;3587;893;101036;30482;9.8;2.9
57;2021-03-11;4041;1174;105077;31656;10.1;3.1
57;2021-03-12;5113;1125;110190;32781;10.6;3.2
57;2021-03-13;6284;941;116474;33722;11.2;3.3
57;2021-03-14;2425;423;118899;34145;11.5;3.3
57;2021-03-15;2966;864;121865;35009;11.8;3.4
57;2021-03-16;3061;1275;124926;36284;12.1;3.5
57;2021-03-17;3050;1143;127976;37427;12.4;3.6
57;2021-03-18;3402;1062;131378;38489;12.7;3.7
57;2021-03-19;4626;1042;136004;39531;13.1;3.8
57;2021-03-20;4702;1025;140706;40556;13.6;3.9
57;2021-03-21;1895;250;142601;40806;13.8;3.9
57;2021-03-22;2479;1476;145080;42282;14.0;4.1
57;2021-03-23;3442;2340;148522;44622;14.3;4.3
57;2021-03-24;3898;2141;152420;46763;14.7;4.5
57;2021-03-25;4743;2589;157163;49352;15.2;4.8
57;2021-03-26;4842;2263;162005;51615;15.6;5.0
57;2021-03-27;3710;3139;165715;54754;16.0;5.3
57;2021-03-28;1398;1827;167113;56581;16.1;5.5
57;2021-03-29;1932;2176;169045;58757;16.3;5.7
57;2021-03-30;3299;2480;172344;61237;16.6;5.9
57;2021-03-31;2826;2295;175170;63532;16.9;6.1
57;2021-04-01;3223;3174;178393;66706;17.2;6.4
57;2021-04-02;2392;2573;180785;69279;17.5;6.7
57;2021-04-03;2565;2649;183350;71928;17.7;6.9
57;2021-04-04;596;968;183946;72896;17.8;7.0
57;2021-04-05;1922;674;185868;73570;17.9;7.1
57;2021-04-06;2451;2829;188319;76399;18.2;7.4
57;2021-04-07;3815;3097;192134;79496;18.5;7.7
57;2021-04-08;5613;2901;197747;82397;19.1;8.0
57;2021-04-09;5013;2729;202760;85126;19.6;8.2
57;2021-04-10;2353;3635;205113;88761;19.8;8.6
57;2021-04-11;1099;1890;206212;90651;19.9;8.8
57;2021-04-12;1795;2746;208007;93397;20.1;9.0
57;2021-04-13;1976;3022;209983;96419;20.3;9.3
57;2021-04-14;1922;2985;211905;99404;20.5;9.6
57;2021-04-15;2364;3425;214269;102829;20.7;9.9
57;2021-04-16;2700;3290;216969;106119;20.9;10.2
57;2021-04-17;2474;3179;219443;109298;21.2;10.6
57;2021-04-18;1241;1771;220684;111069;21.3;10.7
57;2021-04-19;2142;2257;222826;113326;21.5;10.9
57;2021-04-20;2513;2780;225339;116106;21.8;11.2
57;2021-04-21;2568;2379;227907;118485;22.0;11.4
57;2021-04-22;3208;2250;231115;120735;22.3;11.7
57;2021-04-23;4058;2575;235173;123310;22.7;11.9
57;2021-04-24;3396;2561;238569;125871;23.0;12.2
57;2021-04-25;757;1126;239326;126997;23.1;12.3
57;2021-04-26;2972;1992;242298;128989;23.4;12.5
57;2021-04-27;3898;2375;246196;131364;23.8;12.7
57;2021-04-28;4212;2589;250408;133953;24.2;12.9
57;2021-04-29;5260;3443;255668;137396;24.7;13.3
57;2021-04-30;4729;3530;260397;140926;25.1;13.6
57;2021-05-01;2356;1685;262753;142611;25.4;13.8
57;2021-05-02;790;912;263543;143523;25.4;13.9
57;2021-05-03;3561;2990;267104;146513;25.8;14.1
57;2021-05-04;4871;3161;271975;149674;26.3;14.4
57;2021-05-05;6123;3157;278098;152831;26.8;14.8
57;2021-05-06;5990;3273;284088;156104;27.4;15.1
57;2021-05-07;6852;3438;290940;159542;28.1;15.4
57;2021-05-08;4051;1605;294991;161147;28.5;15.6
57;2021-05-09;2048;1114;297039;162261;28.7;15.7
57;2021-05-10;5129;3063;302168;165324;29.2;16.0
57;2021-05-11;7452;2848;309620;168172;29.9;16.2
57;2021-05-12;7843;3242;317463;171414;30.6;16.5
57;2021-05-13;4509;915;321972;172329;31.1;16.6
57;2021-05-14;7839;2628;329811;174957;31.8;16.9
57;2021-05-15;5965;2045;335776;177002;32.4;17.1
57;2021-05-16;3307;578;339083;177580;32.7;17.1
57;2021-05-17;3867;2063;342950;179643;33.1;17.3
57;2021-05-18;6292;2104;349242;181747;33.7;17.5
57;2021-05-19;7019;2328;356261;184075;34.4;17.8
57;2021-05-20;6047;2172;362308;186247;35.0;18.0
57;2021-05-21;7564;2923;369872;189170;35.7;18.3
57;2021-05-22;4895;2171;374767;191341;36.2;18.5
57;2021-05-23;1964;430;376731;191771;36.4;18.5
57;2021-05-24;3027;1056;379758;192827;36.7;18.6
57;2021-05-25;5571;2804;385329;195631;37.2;18.9
57;2021-05-26;6374;3177;391703;198808;37.8;19.2
57;2021-05-27;5794;3120;397497;201928;38.4;19.5
57;2021-05-28;7024;4731;404521;206659;39.1;20.0
57;2021-05-29;5220;4243;409741;210902;39.6;20.4
57;2021-05-30;1968;1743;411709;212645;39.7;20.5
57;2021-05-31;4315;3339;416024;215984;40.2;20.9
57;2021-06-01;5934;3714;421958;219698;40.7;21.2
57;2021-06-02;6340;3898;428298;223596;41.3;21.6
57;2021-06-03;6209;3692;434507;227288;41.9;21.9
57;2021-06-04;7569;4991;442076;232279;42.7;22.4
57;2021-06-05;4764;4030;446840;236309;43.1;22.8
57;2021-06-06;1992;889;448832;237198;43.3;22.9
57;2021-06-07;4316;4034;453148;241232;43.7;23.3
57;2021-06-08;6721;4313;459869;245545;44.4;23.7
57;2021-06-09;6876;4154;466745;249699;45.1;24.1
57;2021-06-10;6218;4595;472963;254294;45.7;24.5
57;2021-06-11;5361;5363;478324;259657;46.2;25.1
57;2021-06-12;5741;4448;484065;264105;46.7;25.5
57;2021-06-13;1500;1142;485565;265247;46.9;25.6
57;2021-06-14;3381;4697;488946;269944;47.2;26.1
57;2021-06-15;3815;6023;492761;275967;47.6;26.6
57;2021-06-16;4400;6599;497161;282566;48.0;27.3
57;2021-06-17;4200;6072;501361;288638;48.4;27.9
57;2021-06-18;4273;7306;505634;295944;48.8;28.6
57;2021-06-19;4158;6291;509792;302235;49.2;29.2
57;2021-06-20;986;1665;510778;303900;49.3;29.3
57;2021-06-21;2065;5966;512843;309866;49.5;29.9
57;2021-06-22;2644;7986;515487;317852;49.8;30.7
57;2021-06-23;3071;8385;518558;326237;50.1;31.5
57;2021-06-24;2457;5284;521015;331521;50.3;32.0
57;2021-06-25;2856;7825;523871;339346;50.6;32.8
57;2021-06-26;2872;7255;526743;346601;50.9;33.5
57;2021-06-27;752;2985;527495;349586;50.9;33.7
57;2021-06-28;1591;5078;529086;354664;51.1;34.2
57;2021-06-29;2082;6830;531168;361494;51.3;34.9
57;2021-06-30;3067;7321;534235;368815;51.6;35.6
57;2021-07-01;2706;5957;536941;374772;51.8;36.2
57;2021-07-02;2697;8072;539638;382844;52.1;37.0
57;2021-07-03;3238;6528;542876;389372;52.4;37.6
57;2021-07-04;942;2467;543818;391839;52.5;37.8
57;2021-07-05;1713;4607;545531;396446;52.7;38.3
57;2021-07-06;2425;6480;547956;402926;52.9;38.9
57;2021-07-07;2732;7089;550688;410015;53.2;39.6
57;2021-07-08;2495;5875;553183;415890;53.4;40.1
57;2021-07-09;3424;8413;556607;424303;53.7;41.0
57;2021-07-10;3097;6941;559704;431244;54.0;41.6
57;2021-07-11;854;2233;560558;433477;54.1;41.8
57;2021-07-12;2441;6434;562999;439911;54.4;42.5
57;2021-07-13;4415;7505;567414;447416;54.8;43.2
57;2021-07-14;2823;3842;570237;451258;55.0;43.6
57;2021-07-15;3961;7790;574198;459048;55.4;44.3
57;2021-07-16;5642;9829;579840;468877;56.0;45.3
57;2021-07-17;5823;7281;585663;476158;56.5;46.0
57;2021-07-18;1491;2660;587154;478818;56.7;46.2
57;2021-07-19;2373;6201;589527;485019;56.9;46.8
57;2021-07-20;4331;6914;593858;491933;57.3;47.5
57;2021-07-21;5300;6906;599158;498839;57.8;48.2
57;2021-07-22;5982;5955;605140;504794;58.4;48.7
57;2021-07-23;7016;6406;612156;511200;59.1;49.4
57;2021-07-24;4537;7037;616693;518237;59.5;50.0
57;2021-07-25;1334;1770;618027;520007;59.7;50.2
57;2021-07-26;3724;4492;621751;524499;60.0;50.6
57;2021-07-27;6867;4952;628618;529451;60.7;51.1
57;2021-07-28;7487;4565;636105;534016;61.4;51.6
57;2021-07-29;7634;4600;643739;538616;62.1;52.0
57;2021-07-30;6873;4899;650612;543515;62.8;52.5
57;2021-07-31;5707;5022;656319;548537;63.4;53.0
57;2021-08-01;2027;1116;658346;549653;63.6;53.1
57;2021-08-02;3543;3181;661889;552834;63.9;53.4
57;2021-08-03;5804;4283;667693;557117;64.5;53.8
57;2021-08-04;5228;3461;672921;560578;65.0;54.1
57;2021-08-05;5375;3777;678296;564355;65.5;54.5
57;2021-08-06;5624;4852;683920;569207;66.0;54.9
57;2021-08-07;4586;5169;688506;574376;66.5;55.4
57;2021-08-08;1479;1508;689985;575884;66.6;55.6
57;2021-08-09;2623;3175;692608;579059;66.9;55.9
57;2021-08-10;3520;3787;696128;582846;67.2;56.3
57;2021-08-11;3724;4023;699852;586869;67.6;56.7
57;2021-08-12;3160;5217;703012;592086;67.9;57.2
57;2021-08-13;3497;4733;706509;596819;68.2;57.6
57;2021-08-14;2165;5186;708674;602005;68.4;58.1
57;2021-08-15;529;1093;709203;603098;68.5;58.2
57;2021-08-16;1790;3567;710993;606665;68.6;58.6
57;2021-08-17;2380;5355;713373;612020;68.9;59.1
57;2021-08-18;2473;5374;715846;617394;69.1;59.6
57;2021-08-19;2214;5486;718060;622880;69.3;60.1
57;2021-08-20;2057;6033;720117;628913;69.5;60.7
57;2021-08-21;1875;5395;721992;634308;69.7;61.2
57;2021-08-22;454;1530;722446;635838;69.7;61.4
57;2021-08-23;1144;3719;723590;639557;69.9;61.7
57;2021-08-24;1817;5614;725407;645171;70.0;62.3
57;2021-08-25;1618;5318;727025;650489;70.2;62.8
57;2021-08-26;1607;4674;728632;655163;70.3;63.2
57;2021-08-27;1768;5897;730400;661060;70.5;63.8
57;2021-08-28;2013;5385;732413;666445;70.7;64.3
57;2021-08-29;342;1090;732755;667535;70.7;64.4
57;2021-08-30;1032;3259;733787;670794;70.8;64.8
57;2021-08-31;1553;4425;735340;675219;71.0;65.2
57;2021-09-01;1460;4155;736800;679374;71.1;65.6
57;2021-09-02;1178;3401;737978;682775;71.2;65.9
57;2021-09-03;1567;4351;739545;687126;71.4;66.3
57;2021-09-04;1681;4004;741226;691130;71.6;66.7
57;2021-09-05;383;941;741609;692071;71.6;66.8
57;2021-09-06;763;2131;742372;694202;71.7;67.0
57;2021-09-07;689;2248;743061;696450;71.7;67.2
57;2021-09-08;920;2919;743981;699369;71.8;67.5
57;2021-09-09;602;2363;744583;701732;71.9;67.7
57;2021-09-10;1077;2973;745660;704705;72.0;68.0
57;2021-09-11;1179;3251;746839;707956;72.1;68.3
57;2021-09-12;246;548;747085;708504;72.1;68.4
57;2021-09-13;588;1791;747673;710295;72.2;68.6
57;2021-09-14;780;2344;748453;712639;72.3;68.8
57;2021-09-15;769;1993;749222;714632;72.3;69.0
57;2021-09-16;709;1227;749931;715859;72.4;69.1
57;2021-09-17;1107;1789;751038;717648;72.5;69.3
57;2021-09-18;805;2586;751843;720234;72.6;69.5
57;2021-09-19;119;346;751962;720580;72.6;69.6
57;2021-09-20;408;867;752370;721447;72.6;69.6
57;2021-09-21;500;827;752870;722274;72.7;69.7
57;2021-09-22;491;1305;753361;723579;72.7;69.9
57;2021-09-23;465;1213;753826;724792;72.8;70.0
57;2021-09-24;739;1433;754565;726225;72.8;70.1
57;2021-09-25;503;1997;755068;728222;72.9;70.3
57;2021-09-26;121;326;755189;728548;72.9;70.3
57;2021-09-27;439;843;755628;729391;72.9;70.4
57;2021-09-28;314;597;755942;729988;73.0;70.5
57;2021-09-29;554;1109;756496;731097;73.0;70.6
57;2021-09-30;289;615;756785;731712;73.1;70.6
57;2021-10-01;521;1326;757306;733038;73.1;70.8
57;2021-10-02;661;1560;757967;734598;73.2;70.9
57;2021-10-03;121;232;758088;734830;73.2;70.9
57;2021-10-04;363;617;758451;735447;73.2;71.0
57;2021-10-05;280;575;758731;736022;73.2;71.1
58;2020-12-27;0;0;0;0;0.0;0.0
58;2020-12-28;0;0;0;0;0.0;0.0
58;2020-12-29;1;0;1;0;0.0;0.0
58;2020-12-30;0;0;1;0;0.0;0.0
58;2020-12-31;0;0;1;0;0.0;0.0
58;2021-01-01;0;0;1;0;0.0;0.0
58;2021-01-02;0;0;1;0;0.0;0.0
58;2021-01-03;1;0;2;0;0.0;0.0
58;2021-01-04;0;0;2;0;0.0;0.0
58;2021-01-05;2;0;4;0;0.0;0.0
58;2021-01-06;145;0;149;0;0.1;0.0
58;2021-01-07;241;0;390;0;0.2;0.0
58;2021-01-08;63;0;453;0;0.2;0.0
58;2021-01-09;1;0;454;0;0.2;0.0
58;2021-01-10;0;0;454;0;0.2;0.0
58;2021-01-11;54;0;508;0;0.3;0.0
58;2021-01-12;260;0;768;0;0.4;0.0
58;2021-01-13;412;3;1180;3;0.6;0.0
58;2021-01-14;292;1;1472;4;0.7;0.0
58;2021-01-15;142;0;1614;4;0.8;0.0
58;2021-01-16;10;1;1624;5;0.8;0.0
58;2021-01-17;0;0;1624;5;0.8;0.0
58;2021-01-18;413;1;2037;6;1.0;0.0
58;2021-01-19;987;2;3024;8;1.5;0.0
58;2021-01-20;1206;2;4230;10;2.1;0.0
58;2021-01-21;962;4;5192;14;2.6;0.0
58;2021-01-22;779;3;5971;17;3.0;0.0
58;2021-01-23;253;0;6224;17;3.1;0.0
58;2021-01-24;2;0;6226;17;3.1;0.0
58;2021-01-25;439;0;6665;17;3.3;0.0
58;2021-01-26;650;3;7315;20;3.7;0.0
58;2021-01-27;604;44;7919;64;4.0;0.0
58;2021-01-28;758;65;8677;129;4.3;0.1
58;2021-01-29;838;5;9515;134;4.8;0.1
58;2021-01-30;281;0;9796;134;4.9;0.1
58;2021-01-31;10;0;9806;134;4.9;0.1
58;2021-02-01;200;71;10006;205;5.0;0.1
58;2021-02-02;566;79;10572;284;5.3;0.1
58;2021-02-03;279;135;10851;419;5.4;0.2
58;2021-02-04;284;85;11135;504;5.6;0.3
58;2021-02-05;184;86;11319;590;5.7;0.3
58;2021-02-06;89;0;11408;590;5.7;0.3
58;2021-02-07;0;0;11408;590;5.7;0.3
58;2021-02-08;306;60;11714;650;5.9;0.3
58;2021-02-09;503;294;12217;944;6.1;0.5
58;2021-02-10;350;358;12567;1302;6.3;0.7
58;2021-02-11;286;365;12853;1667;6.4;0.8
58;2021-02-12;243;191;13096;1858;6.6;0.9
58;2021-02-13;83;29;13179;1887;6.6;0.9
58;2021-02-14;0;3;13179;1890;6.6;0.9
58;2021-02-15;114;366;13293;2256;6.7;1.1
58;2021-02-16;208;701;13501;2957;6.8;1.5
58;2021-02-17;221;600;13722;3557;6.9;1.8
58;2021-02-18;187;570;13909;4127;7.0;2.1
58;2021-02-19;238;586;14147;4713;7.1;2.4
58;2021-02-20;63;170;14210;4883;7.1;2.4
58;2021-02-21;0;30;14210;4913;7.1;2.5
58;2021-02-22;78;298;14288;5211;7.2;2.6
58;2021-02-23;49;483;14337;5694;7.2;2.9
58;2021-02-24;39;495;14376;6189;7.2;3.1
58;2021-02-25;252;591;14628;6780;7.3;3.4
58;2021-02-26;246;484;14874;7264;7.5;3.6
58;2021-02-27;104;142;14978;7406;7.5;3.7
58;2021-02-28;11;8;14989;7414;7.5;3.7
58;2021-03-01;145;183;15134;7597;7.6;3.8
58;2021-03-02;416;527;15550;8124;7.8;4.1
58;2021-03-03;523;248;16073;8372;8.1;4.2
58;2021-03-04;725;257;16798;8629;8.4;4.3
58;2021-03-05;866;192;17664;8821;8.8;4.4
58;2021-03-06;577;77;18241;8898;9.1;4.5
58;2021-03-07;63;10;18304;8908;9.2;4.5
58;2021-03-08;156;269;18460;9177;9.2;4.6
58;2021-03-09;545;476;19005;9653;9.5;4.8
58;2021-03-10;838;215;19843;9868;9.9;4.9
58;2021-03-11;857;248;20700;10116;10.4;5.1
58;2021-03-12;862;185;21562;10301;10.8;5.2
58;2021-03-13;506;64;22068;10365;11.1;5.2
58;2021-03-14;34;1;22102;10366;11.1;5.2
58;2021-03-15;530;108;22632;10474;11.3;5.2
58;2021-03-16;725;219;23357;10693;11.7;5.4
58;2021-03-17;755;190;24112;10883;12.1;5.5
58;2021-03-18;584;172;24696;11055;12.4;5.5
58;2021-03-19;540;98;25236;11153;12.6;5.6
58;2021-03-20;322;64;25558;11217;12.8;5.6
58;2021-03-21;17;0;25575;11217;12.8;5.6
58;2021-03-22;797;25;26372;11242;13.2;5.6
58;2021-03-23;1636;42;28008;11284;14.0;5.7
58;2021-03-24;1370;76;29378;11360;14.7;5.7
58;2021-03-25;1840;47;31218;11407;15.6;5.7
58;2021-03-26;1414;56;32632;11463;16.3;5.7
58;2021-03-27;358;8;32990;11471;16.5;5.7
58;2021-03-28;20;0;33010;11471;16.5;5.7
58;2021-03-29;636;148;33646;11619;16.9;5.8
58;2021-03-30;1187;254;34833;11873;17.5;5.9
58;2021-03-31;1116;390;35949;12263;18.0;6.1
58;2021-04-01;1547;400;37496;12663;18.8;6.3
58;2021-04-02;1463;360;38959;13023;19.5;6.5
58;2021-04-03;568;148;39527;13171;19.8;6.6
58;2021-04-04;1;1;39528;13172;19.8;6.6
58;2021-04-05;48;0;39576;13172;19.8;6.6
58;2021-04-06;823;343;40399;13515;20.2;6.8
58;2021-04-07;696;550;41095;14065;20.6;7.0
58;2021-04-08;1493;427;42588;14492;21.3;7.3
58;2021-04-09;1775;486;44363;14978;22.2;7.5
58;2021-04-10;650;201;45013;15179;22.6;7.6
58;2021-04-11;17;3;45030;15182;22.6;7.6
58;2021-04-12;1117;502;46147;15684;23.1;7.9
58;2021-04-13;1435;629;47582;16313;23.8;8.2
58;2021-04-14;1358;695;48940;17008;24.5;8.5
58;2021-04-15;1441;609;50381;17617;25.2;8.8
58;2021-04-16;1734;515;52115;18132;26.1;9.1
58;2021-04-17;721;233;52836;18365;26.5;9.2
58;2021-04-18;20;7;52856;18372;26.5;9.2
58;2021-04-19;530;602;53386;18974;26.7;9.5
58;2021-04-20;487;1119;53873;20093;27.0;10.1
58;2021-04-21;628;967;54501;21060;27.3;10.6
58;2021-04-22;768;1519;55269;22579;27.7;11.3
58;2021-04-23;919;784;56188;23363;28.2;11.7
58;2021-04-24;211;206;56399;23569;28.3;11.8
58;2021-04-25;109;9;56508;23578;28.3;11.8
58;2021-04-26;762;248;57270;23826;28.7;11.9
58;2021-04-27;1499;1106;58769;24932;29.4;12.5
58;2021-04-28;1536;1041;60305;25973;30.2;13.0
58;2021-04-29;1444;1039;61749;27012;30.9;13.5
58;2021-04-30;1258;936;63007;27948;31.6;14.0
58;2021-05-01;6;17;63013;27965;31.6;14.0
58;2021-05-02;4;2;63017;27967;31.6;14.0
58;2021-05-03;1042;407;64059;28374;32.1;14.2
58;2021-05-04;1073;1344;65132;29718;32.6;14.9
58;2021-05-05;955;1092;66087;30810;33.1;15.4
58;2021-05-06;1363;1053;67450;31863;33.8;16.0
58;2021-05-07;1111;1088;68561;32951;34.3;16.5
58;2021-05-08;59;60;68620;33011;34.4;16.5
58;2021-05-09;7;21;68627;33032;34.4;16.5
58;2021-05-10;875;989;69502;34021;34.8;17.0
58;2021-05-11;1184;1981;70686;36002;35.4;18.0
58;2021-05-12;1660;1558;72346;37560;36.2;18.8
58;2021-05-13;49;183;72395;37743;36.3;18.9
58;2021-05-14;2311;907;74706;38650;37.4;19.4
58;2021-05-15;1726;456;76432;39106;38.3;19.6
58;2021-05-16;118;33;76550;39139;38.4;19.6
58;2021-05-17;793;611;77343;39750;38.7;19.9
58;2021-05-18;1333;1181;78676;40931;39.4;20.5
58;2021-05-19;1738;548;80414;41479;40.3;20.8
58;2021-05-20;1701;674;82115;42153;41.1;21.1
58;2021-05-21;854;720;82969;42873;41.6;21.5
58;2021-05-22;304;237;83273;43110;41.7;21.6
58;2021-05-23;2;21;83275;43131;41.7;21.6
58;2021-05-24;21;41;83296;43172;41.7;21.6
58;2021-05-25;1386;1155;84682;44327;42.4;22.2
58;2021-05-26;845;832;85527;45159;42.9;22.6
58;2021-05-27;753;935;86280;46094;43.2;23.1
58;2021-05-28;429;905;86709;46999;43.4;23.5
58;2021-05-29;151;209;86860;47208;43.5;23.7
58;2021-05-30;21;19;86881;47227;43.5;23.7
58;2021-05-31;757;385;87638;47612;43.9;23.9
58;2021-06-01;1372;1644;89010;49256;44.6;24.7
58;2021-06-02;1467;1048;90477;50304;45.3;25.2
58;2021-06-03;1024;956;91501;51260;45.8;25.7
58;2021-06-04;842;902;92343;52162;46.3;26.1
58;2021-06-05;272;263;92615;52425;46.4;26.3
58;2021-06-06;26;44;92641;52469;46.4;26.3
58;2021-06-07;712;792;93353;53261;46.8;26.7
58;2021-06-08;1321;1758;94674;55019;47.4;27.6
58;2021-06-09;1417;1007;96091;56026;48.1;28.1
58;2021-06-10;1106;974;97197;57000;48.7;28.6
58;2021-06-11;1023;907;98220;57907;49.2;29.0
58;2021-06-12;1056;415;99276;58322;49.7;29.2
58;2021-06-13;36;33;99312;58355;49.8;29.2
58;2021-06-14;516;1016;99828;59371;50.0;29.7
58;2021-06-15;1592;1757;101420;61128;50.8;30.6
58;2021-06-16;1806;992;103226;62120;51.7;31.1
58;2021-06-17;2023;1101;105249;63221;52.7;31.7
58;2021-06-18;986;1061;106235;64282;53.2;32.2
58;2021-06-19;581;320;106816;64602;53.5;32.4
58;2021-06-20;9;2;106825;64604;53.5;32.4
58;2021-06-21;472;553;107297;65157;53.8;32.6
58;2021-06-22;1028;1960;108325;67117;54.3;33.6
58;2021-06-23;1477;1504;109802;68621;55.0;34.4
58;2021-06-24;729;1022;110531;69643;55.4;34.9
58;2021-06-25;824;1719;111355;71362;55.8;35.8
58;2021-06-26;554;1228;111909;72590;56.1;36.4
58;2021-06-27;18;22;111927;72612;56.1;36.4
58;2021-06-28;463;987;112390;73599;56.3;36.9
58;2021-06-29;623;2161;113013;75760;56.6;38.0
58;2021-06-30;999;1624;114012;77384;57.1;38.8
58;2021-07-01;760;1670;114772;79054;57.5;39.6
58;2021-07-02;444;849;115216;79903;57.7;40.0
58;2021-07-03;249;512;115465;80415;57.8;40.3
58;2021-07-04;12;30;115477;80445;57.9;40.3
58;2021-07-05;510;763;115987;81208;58.1;40.7
58;2021-07-06;695;2121;116682;83329;58.5;41.7
58;2021-07-07;388;947;117070;84276;58.7;42.2
58;2021-07-08;399;1016;117469;85292;58.9;42.7
58;2021-07-09;709;1419;118178;86711;59.2;43.4
58;2021-07-10;260;412;118438;87123;59.3;43.6
58;2021-07-11;175;52;118613;87175;59.4;43.7
58;2021-07-12;197;965;118810;88140;59.5;44.2
58;2021-07-13;933;2503;119743;90643;60.0;45.4
58;2021-07-14;27;58;119770;90701;60.0;45.4
58;2021-07-15;1134;1935;120904;92636;60.6;46.4
58;2021-07-16;1411;1441;122315;94077;61.3;47.1
58;2021-07-17;463;288;122778;94365;61.5;47.3
58;2021-07-18;102;21;122880;94386;61.6;47.3
58;2021-07-19;1655;987;124535;95373;62.4;47.8
58;2021-07-20;1408;2455;125943;97828;63.1;49.0
58;2021-07-21;1178;2010;127121;99838;63.7;50.0
58;2021-07-22;1143;1670;128264;101508;64.3;50.9
58;2021-07-23;1268;1444;129532;102952;64.9;51.6
58;2021-07-24;1000;1272;130532;104224;65.4;52.2
58;2021-07-25;89;40;130621;104264;65.4;52.2
58;2021-07-26;980;858;131601;105122;65.9;52.7
58;2021-07-27;1566;2569;133167;107691;66.7;54.0
58;2021-07-28;1570;1971;134737;109662;67.5;54.9
58;2021-07-29;1581;1621;136318;111283;68.3;55.8
58;2021-07-30;1466;1428;137784;112711;69.0;56.5
58;2021-07-31;568;524;138352;113235;69.3;56.7
58;2021-08-01;35;13;138387;113248;69.3;56.7
58;2021-08-02;1590;854;139977;114102;70.1;57.2
58;2021-08-03;2051;1779;142028;115881;71.2;58.1
58;2021-08-04;1307;1184;143335;117065;71.8;58.7
58;2021-08-05;1621;1175;144956;118240;72.6;59.2
58;2021-08-06;1359;1032;146315;119272;73.3;59.8
58;2021-08-07;318;401;146633;119673;73.5;60.0
58;2021-08-08;30;58;146663;119731;73.5;60.0
58;2021-08-09;1083;1388;147746;121119;74.0;60.7
58;2021-08-10;1779;1387;149525;122506;74.9;61.4
58;2021-08-11;1134;780;150659;123286;75.5;61.8
58;2021-08-12;1067;1109;151726;124395;76.0;62.3
58;2021-08-13;930;955;152656;125350;76.5;62.8
58;2021-08-14;232;317;152888;125667;76.6;63.0
58;2021-08-15;14;27;152902;125694;76.6;63.0
58;2021-08-16;311;1402;153213;127096;76.8;63.7
58;2021-08-17;805;1337;154018;128433;77.2;64.3
58;2021-08-18;766;1171;154784;129604;77.5;64.9
58;2021-08-19;731;1342;155515;130946;77.9;65.6
58;2021-08-20;707;1298;156222;132244;78.3;66.3
58;2021-08-21;254;476;156476;132720;78.4;66.5
58;2021-08-22;9;86;156485;132806;78.4;66.5
58;2021-08-23;418;815;156903;133621;78.6;66.9
58;2021-08-24;513;1481;157416;135102;78.9;67.7
58;2021-08-25;436;1542;157852;136644;79.1;68.5
58;2021-08-26;553;1731;158405;138375;79.4;69.3
58;2021-08-27;494;1565;158899;139940;79.6;70.1
58;2021-08-28;244;640;159143;140580;79.7;70.4
58;2021-08-29;9;42;159152;140622;79.7;70.5
58;2021-08-30;356;808;159508;141430;79.9;70.9
58;2021-08-31;493;1607;160001;143037;80.2;71.7
58;2021-09-01;428;1676;160429;144713;80.4;72.5
58;2021-09-02;291;1361;160720;146074;80.5;73.2
58;2021-09-03;364;1564;161084;147638;80.7;74.0
58;2021-09-04;206;700;161290;148338;80.8;74.3
58;2021-09-05;3;27;161293;148365;80.8;74.3
58;2021-09-06;117;561;161410;148926;80.9;74.6
58;2021-09-07;320;985;161730;149911;81.0;75.1
58;2021-09-08;240;1331;161970;151242;81.1;75.8
58;2021-09-09;248;704;162218;151946;81.3;76.1
58;2021-09-10;260;963;162478;152909;81.4;76.6
58;2021-09-11;129;526;162607;153435;81.5;76.9
58;2021-09-12;5;17;162612;153452;81.5;76.9
58;2021-09-13;207;750;162819;154202;81.6;77.3
58;2021-09-14;290;973;163109;155175;81.7;77.7
58;2021-09-15;189;573;163298;155748;81.8;78.0
58;2021-09-16;205;451;163503;156199;81.9;78.3
58;2021-09-17;197;376;163700;156575;82.0;78.4
58;2021-09-18;118;362;163818;156937;82.1;78.6
58;2021-09-19;5;4;163823;156941;82.1;78.6
58;2021-09-20;174;229;163997;157170;82.2;78.7
58;2021-09-21;139;421;164136;157591;82.2;79.0
58;2021-09-22;159;535;164295;158126;82.3;79.2
58;2021-09-23;135;288;164430;158414;82.4;79.4
58;2021-09-24;113;391;164543;158805;82.4;79.6
58;2021-09-25;93;374;164636;159179;82.5;79.8
58;2021-09-26;6;13;164642;159192;82.5;79.8
58;2021-09-27;91;232;164733;159424;82.5;79.9
58;2021-09-28;126;329;164859;159753;82.6;80.0
58;2021-09-29;99;345;164958;160098;82.6;80.2
58;2021-09-30;67;217;165025;160315;82.7;80.3
58;2021-10-01;89;220;165114;160535;82.7;80.4
58;2021-10-02;85;220;165199;160755;82.8;80.5
58;2021-10-03;0;6;165199;160761;82.8;80.5
58;2021-10-04;61;203;165260;160964;82.8;80.6
58;2021-10-05;132;324;165392;161288;82.9;80.8
59;2020-12-27;1;0;1;0;0.0;0.0
59;2020-12-28;27;0;28;0;0.0;0.0
59;2020-12-29;0;0;28;0;0.0;0.0
59;2020-12-30;0;0;28;0;0.0;0.0
59;2020-12-31;2;0;30;0;0.0;0.0
59;2021-01-01;3;0;33;0;0.0;0.0
59;2021-01-02;4;0;37;0;0.0;0.0
59;2021-01-03;4;0;41;0;0.0;0.0
59;2021-01-04;79;0;120;0;0.0;0.0
59;2021-01-05;217;0;337;0;0.0;0.0
59;2021-01-06;428;1;765;1;0.0;0.0
59;2021-01-07;1314;0;2079;1;0.1;0.0
59;2021-01-08;1262;5;3341;6;0.1;0.0
59;2021-01-09;608;3;3949;9;0.2;0.0
59;2021-01-10;430;0;4379;9;0.2;0.0
59;2021-01-11;1846;5;6225;14;0.2;0.0
59;2021-01-12;2471;2;8696;16;0.3;0.0
59;2021-01-13;2369;2;11065;18;0.4;0.0
59;2021-01-14;2759;21;13824;39;0.5;0.0
59;2021-01-15;2276;15;16100;54;0.6;0.0
59;2021-01-16;771;1;16871;55;0.7;0.0
59;2021-01-17;560;2;17431;57;0.7;0.0
59;2021-01-18;3511;13;20942;70;0.8;0.0
59;2021-01-19;4758;8;25700;78;1.0;0.0
59;2021-01-20;4136;11;29836;89;1.2;0.0
59;2021-01-21;4731;31;34567;120;1.3;0.0
59;2021-01-22;4026;10;38593;130;1.5;0.0
59;2021-01-23;1217;3;39810;133;1.5;0.0
59;2021-01-24;170;0;39980;133;1.5;0.0
59;2021-01-25;2729;50;42709;183;1.6;0.0
59;2021-01-26;2824;127;45533;310;1.8;0.0
59;2021-01-27;1736;286;47269;596;1.8;0.0
59;2021-01-28;3398;714;50667;1310;2.0;0.1
59;2021-01-29;2544;717;53211;2027;2.1;0.1
59;2021-01-30;288;142;53499;2169;2.1;0.1
59;2021-01-31;24;0;53523;2169;2.1;0.1
59;2021-02-01;79;761;53602;2930;2.1;0.1
59;2021-02-02;691;1329;54293;4259;2.1;0.2
59;2021-02-03;3755;1340;58048;5599;2.2;0.2
59;2021-02-04;2966;1600;61014;7199;2.4;0.3
59;2021-02-05;1071;1278;62085;8477;2.4;0.3
59;2021-02-06;207;298;62292;8775;2.4;0.3
59;2021-02-07;268;49;62560;8824;2.4;0.3
59;2021-02-08;684;1364;63244;10188;2.4;0.4
59;2021-02-09;1015;1538;64259;11726;2.5;0.5
59;2021-02-10;975;1390;65234;13116;2.5;0.5
59;2021-02-11;1349;1590;66583;14706;2.6;0.6
59;2021-02-12;1415;1413;67998;16119;2.6;0.6
59;2021-02-13;207;594;68205;16713;2.6;0.6
59;2021-02-14;13;39;68218;16752;2.6;0.6
59;2021-02-15;1397;2176;69615;18928;2.7;0.7
59;2021-02-16;1436;2653;71051;21581;2.7;0.8
59;2021-02-17;1623;2732;72674;24313;2.8;0.9
59;2021-02-18;3106;4154;75780;28467;2.9;1.1
59;2021-02-19;3208;3031;78988;31498;3.1;1.2
59;2021-02-20;1413;1235;80401;32733;3.1;1.3
59;2021-02-21;242;236;80643;32969;3.1;1.3
59;2021-02-22;1430;1997;82073;34966;3.2;1.4
59;2021-02-23;2659;2277;84732;37243;3.3;1.4
59;2021-02-24;4109;3610;88841;40853;3.4;1.6
59;2021-02-25;6920;3446;95761;44299;3.7;1.7
59;2021-02-26;6498;1691;102259;45990;3.9;1.8
59;2021-02-27;3095;181;105354;46171;4.1;1.8
59;2021-02-28;208;59;105562;46230;4.1;1.8
59;2021-03-01;3692;577;109254;46807;4.2;1.8
59;2021-03-02;4794;515;114048;47322;4.4;1.8
59;2021-03-03;5748;926;119796;48248;4.6;1.9
59;2021-03-04;7084;876;126880;49124;4.9;1.9
59;2021-03-05;7837;900;134717;50024;5.2;1.9
59;2021-03-06;11562;484;146279;50508;5.7;2.0
59;2021-03-07;7586;322;153865;50830;5.9;2.0
59;2021-03-08;4498;1006;158363;51836;6.1;2.0
59;2021-03-09;6578;1283;164941;53119;6.4;2.1
59;2021-03-10;7028;1074;171969;54193;6.6;2.1
59;2021-03-11;9476;1776;181445;55969;7.0;2.2
59;2021-03-12;12158;1487;193603;57456;7.5;2.2
59;2021-03-13;16558;1064;210161;58520;8.1;2.3
59;2021-03-14;6964;327;217125;58847;8.4;2.3
59;2021-03-15;5613;1439;222738;60286;8.6;2.3
59;2021-03-16;3740;1271;226478;61557;8.7;2.4
59;2021-03-17;3856;2044;230334;63601;8.9;2.5
59;2021-03-18;3957;2430;234291;66031;9.0;2.6
59;2021-03-19;7743;1752;242034;67783;9.3;2.6
59;2021-03-20;16023;1267;258057;69050;10.0;2.7
59;2021-03-21;6318;445;264375;69495;10.2;2.7
59;2021-03-22;5449;1743;269824;71238;10.4;2.8
59;2021-03-23;7772;2777;277596;74015;10.7;2.9
59;2021-03-24;6861;2936;284457;76951;11.0;3.0
59;2021-03-25;10534;2538;294991;79489;11.4;3.1
59;2021-03-26;12253;2805;307244;82294;11.9;3.2
59;2021-03-27;15275;1149;322519;83443;12.5;3.2
59;2021-03-28;7984;358;330503;83801;12.8;3.2
59;2021-03-29;5495;3171;335998;86972;13.0;3.4
59;2021-03-30;7540;3726;343538;90698;13.3;3.5
59;2021-03-31;6156;4069;349694;94767;13.5;3.7
59;2021-04-01;7494;4899;357188;99666;13.8;3.8
59;2021-04-02;7645;5495;364833;105161;14.1;4.1
59;2021-04-03;13019;4293;377852;109454;14.6;4.2
59;2021-04-04;5348;2175;383200;111629;14.8;4.3
59;2021-04-05;6021;1530;389221;113159;15.0;4.4
59;2021-04-06;5405;4475;394626;117634;15.2;4.5
59;2021-04-07;7622;5416;402248;123050;15.5;4.8
59;2021-04-08;10393;5737;412641;128787;15.9;5.0
59;2021-04-09;13422;5922;426063;134709;16.5;5.2
59;2021-04-10;11479;6127;437542;140836;16.9;5.4
59;2021-04-11;4636;3554;442178;144390;17.1;5.6
59;2021-04-12;6304;4341;448482;148731;17.3;5.7
59;2021-04-13;8934;4785;457416;153516;17.7;5.9
59;2021-04-14;8789;4341;466205;157857;18.0;6.1
59;2021-04-15;10306;4842;476511;162699;18.4;6.3
59;2021-04-16;10879;5496;487390;168195;18.8;6.5
59;2021-04-17;7296;9068;494686;177263;19.1;6.8
59;2021-04-18;3234;4158;497920;181421;19.2;7.0
59;2021-04-19;5044;4287;502964;185708;19.4;7.2
59;2021-04-20;6898;4207;509862;189915;19.7;7.3
59;2021-04-21;6271;4421;516133;194336;19.9;7.5
59;2021-04-22;8612;5516;524745;199852;20.3;7.7
59;2021-04-23;8458;5678;533203;205530;20.6;7.9
59;2021-04-24;5537;8046;538740;213576;20.8;8.2
59;2021-04-25;3242;6075;541982;219651;20.9;8.5
59;2021-04-26;6493;3776;548475;223427;21.2;8.6
59;2021-04-27;8367;5155;556842;228582;21.5;8.8
59;2021-04-28;8766;6529;565608;235111;21.8;9.1
59;2021-04-29;9417;8489;575025;243600;22.2;9.4
59;2021-04-30;10605;8464;585630;252064;22.6;9.7
59;2021-05-01;11998;7598;597628;259662;23.1;10.0
59;2021-05-02;8641;5990;606269;265652;23.4;10.3
59;2021-05-03;9553;5043;615822;270695;23.8;10.5
59;2021-05-04;11426;5965;627248;276660;24.2;10.7
59;2021-05-05;10294;6189;637542;282849;24.6;10.9
59;2021-05-06;11197;8427;648739;291276;25.1;11.3
59;2021-05-07;13297;9561;662036;300837;25.6;11.6
59;2021-05-08;14742;4169;676778;305006;26.1;11.8
59;2021-05-09;11492;3329;688270;308335;26.6;11.9
59;2021-05-10;12746;6623;701016;314958;27.1;12.2
59;2021-05-11;15112;8297;716128;323255;27.7;12.5
59;2021-05-12;16626;8627;732754;331882;28.3;12.8
59;2021-05-13;18441;3457;751195;335339;29.0;13.0
59;2021-05-14;15782;6960;766977;342299;29.6;13.2
59;2021-05-15;23443;5281;790420;347580;30.5;13.4
59;2021-05-16;21176;2416;811596;349996;31.3;13.5
59;2021-05-17;15066;5257;826662;355253;31.9;13.7
59;2021-05-18;16923;5657;843585;360910;32.6;13.9
59;2021-05-19;18319;5107;861904;366017;33.3;14.1
59;2021-05-20;17934;6983;879838;373000;34.0;14.4
59;2021-05-21;18370;8262;898208;381262;34.7;14.7
59;2021-05-22;23812;5670;922020;386932;35.6;14.9
59;2021-05-23;17921;2276;939941;389208;36.3;15.0
59;2021-05-24;16691;2144;956632;391352;37.0;15.1
59;2021-05-25;14990;6651;971622;398003;37.5;15.4
59;2021-05-26;15892;7030;987514;405033;38.1;15.6
59;2021-05-27;16151;9154;1003665;414187;38.8;16.0
59;2021-05-28;15884;11419;1019549;425606;39.4;16.4
59;2021-05-29;14370;8686;1033919;434292;39.9;16.8
59;2021-05-30;8406;1840;1042325;436132;40.3;16.8
59;2021-05-31;14203;7947;1056528;444079;40.8;17.2
59;2021-06-01;15086;10360;1071614;454439;41.4;17.6
59;2021-06-02;14769;9901;1086383;464340;42.0;17.9
59;2021-06-03;15630;12102;1102013;476442;42.6;18.4
59;2021-06-04;15608;13438;1117621;489880;43.2;18.9
59;2021-06-05;14979;9337;1132600;499217;43.7;19.3
59;2021-06-06;8826;3205;1141426;502422;44.1;19.4
59;2021-06-07;10527;9415;1151953;511837;44.5;19.8
59;2021-06-08;11759;11072;1163712;522909;44.9;20.2
59;2021-06-09;10758;11879;1174470;534788;45.4;20.7
59;2021-06-10;11501;12306;1185971;547094;45.8;21.1
59;2021-06-11;10973;15970;1196944;563064;46.2;21.7
59;2021-06-12;11068;13674;1208012;576738;46.7;22.3
59;2021-06-13;6344;7028;1214356;583766;46.9;22.5
59;2021-06-14;6505;12674;1220861;596440;47.2;23.0
59;2021-06-15;8231;15946;1229092;612386;47.5;23.7
59;2021-06-16;9203;13541;1238295;625927;47.8;24.2
59;2021-06-17;9187;15644;1247482;641571;48.2;24.8
59;2021-06-18;9081;20059;1256563;661630;48.5;25.6
59;2021-06-19;8952;17489;1265515;679119;48.9;26.2
59;2021-06-20;4900;10189;1270415;689308;49.1;26.6
59;2021-06-21;5280;15964;1275695;705272;49.3;27.2
59;2021-06-22;6336;18672;1282031;723944;49.5;28.0
59;2021-06-23;6168;19082;1288199;743026;49.8;28.7
59;2021-06-24;7338;20517;1295537;763543;50.0;29.5
59;2021-06-25;6507;21190;1302044;784733;50.3;30.3
59;2021-06-26;6489;23744;1308533;808477;50.5;31.2
59;2021-06-27;4752;17078;1313285;825555;50.7;31.9
59;2021-06-28;5003;19812;1318288;845367;50.9;32.7
59;2021-06-29;5549;20377;1323837;865744;51.1;33.4
59;2021-06-30;6132;20096;1329969;885840;51.4;34.2
59;2021-07-01;6772;20838;1336741;906678;51.6;35.0
59;2021-07-02;6837;23238;1343578;929916;51.9;35.9
59;2021-07-03;5563;24605;1349141;954521;52.1;36.9
59;2021-07-04;4416;15976;1353557;970497;52.3;37.5
59;2021-07-05;5671;17486;1359228;987983;52.5;38.2
59;2021-07-06;6610;18797;1365838;1006780;52.8;38.9
59;2021-07-07;6939;17447;1372777;1024227;53.0;39.6
59;2021-07-08;8027;17683;1380804;1041910;53.3;40.2
59;2021-07-09;7705;20297;1388509;1062207;53.6;41.0
59;2021-07-10;7450;18538;1395959;1080745;53.9;41.7
59;2021-07-11;4448;10230;1400407;1090975;54.1;42.1
59;2021-07-12;5917;18043;1406324;1109018;54.3;42.8
59;2021-07-13;9911;20748;1416235;1129766;54.7;43.6
59;2021-07-14;9782;8453;1426017;1138219;55.1;44.0
59;2021-07-15;11638;20387;1437655;1158606;55.5;44.8
59;2021-07-16;13216;20490;1450871;1179096;56.0;45.5
59;2021-07-17;12399;17469;1463270;1196565;56.5;46.2
59;2021-07-18;7962;8683;1471232;1205248;56.8;46.6
59;2021-07-19;10404;16445;1481636;1221693;57.2;47.2
59;2021-07-20;13409;17119;1495045;1238812;57.7;47.8
59;2021-07-21;14525;15599;1509570;1254411;58.3;48.5
59;2021-07-22;17062;15205;1526632;1269616;59.0;49.0
59;2021-07-23;15728;15825;1542360;1285441;59.6;49.7
59;2021-07-24;16356;12299;1558716;1297740;60.2;50.1
59;2021-07-25;11916;7340;1570632;1305080;60.7;50.4
59;2021-07-26;13041;12614;1583673;1317694;61.2;50.9
59;2021-07-27;16228;11961;1599901;1329655;61.8;51.4
59;2021-07-28;17457;11668;1617358;1341323;62.5;51.8
59;2021-07-29;17423;11675;1634781;1352998;63.1;52.3
59;2021-07-30;15922;11607;1650703;1364605;63.8;52.7
59;2021-07-31;14021;9209;1664724;1373814;64.3;53.1
59;2021-08-01;9959;4572;1674683;1378386;64.7;53.2
59;2021-08-02;12213;10032;1686896;1388418;65.2;53.6
59;2021-08-03;13453;10057;1700349;1398475;65.7;54.0
59;2021-08-04;11239;8286;1711588;1406761;66.1;54.3
59;2021-08-05;12722;9786;1724310;1416547;66.6;54.7
59;2021-08-06;12562;11041;1736872;1427588;67.1;55.1
59;2021-08-07;9739;9300;1746611;1436888;67.5;55.5
59;2021-08-08;6960;5268;1753571;1442156;67.7;55.7
59;2021-08-09;8410;10829;1761981;1452985;68.1;56.1
59;2021-08-10;10405;10755;1772386;1463740;68.5;56.5
59;2021-08-11;8675;9320;1781061;1473060;68.8;56.9
59;2021-08-12;9002;12077;1790063;1485137;69.1;57.4
59;2021-08-13;8639;11750;1798702;1496887;69.5;57.8
59;2021-08-14;5952;10392;1804654;1507279;69.7;58.2
59;2021-08-15;3376;4666;1808030;1511945;69.8;58.4
59;2021-08-16;5876;13865;1813906;1525810;70.1;58.9
59;2021-08-17;6988;12764;1820894;1538574;70.3;59.4
59;2021-08-18;5956;11468;1826850;1550042;70.6;59.9
59;2021-08-19;6353;13872;1833203;1563914;70.8;60.4
59;2021-08-20;5836;14587;1839039;1578501;71.0;61.0
59;2021-08-21;4188;10295;1843227;1588796;71.2;61.4
59;2021-08-22;2851;7651;1846078;1596447;71.3;61.7
59;2021-08-23;4788;15732;1850866;1612179;71.5;62.3
59;2021-08-24;5301;15193;1856167;1627372;71.7;62.9
59;2021-08-25;4667;13086;1860834;1640458;71.9;63.4
59;2021-08-26;5209;14348;1866043;1654806;72.1;63.9
59;2021-08-27;5007;15429;1871050;1670235;72.3;64.5
59;2021-08-28;3807;12372;1874857;1682607;72.4;65.0
59;2021-08-29;1943;8435;1876800;1691042;72.5;65.3
59;2021-08-30;3891;12945;1880691;1703987;72.6;65.8
59;2021-08-31;3823;12945;1884514;1716932;72.8;66.3
59;2021-09-01;3296;10715;1887810;1727647;72.9;66.7
59;2021-09-02;3207;10951;1891017;1738598;73.0;67.2
59;2021-09-03;3803;12129;1894820;1750727;73.2;67.6
59;2021-09-04;3397;9964;1898217;1760691;73.3;68.0
59;2021-09-05;1209;3654;1899426;1764345;73.4;68.1
59;2021-09-06;2143;7320;1901569;1771665;73.4;68.4
59;2021-09-07;2255;7049;1903824;1778714;73.5;68.7
59;2021-09-08;2573;7506;1906397;1786220;73.6;69.0
59;2021-09-09;2433;6706;1908830;1792926;73.7;69.3
59;2021-09-10;3290;8103;1912120;1801029;73.9;69.6
59;2021-09-11;2595;7518;1914715;1808547;74.0;69.9
59;2021-09-12;911;2922;1915626;1811469;74.0;70.0
59;2021-09-13;1952;5504;1917578;1816973;74.1;70.2
59;2021-09-14;2331;5958;1919909;1822931;74.2;70.4
59;2021-09-15;2270;5356;1922179;1828287;74.2;70.6
59;2021-09-16;2171;4257;1924350;1832544;74.3;70.8
59;2021-09-17;2909;5449;1927259;1837993;74.4;71.0
59;2021-09-18;1779;5920;1929038;1843913;74.5;71.2
59;2021-09-19;382;1301;1929420;1845214;74.5;71.3
59;2021-09-20;1356;3300;1930776;1848514;74.6;71.4
59;2021-09-21;1335;2939;1932111;1851453;74.6;71.5
59;2021-09-22;1408;4739;1933519;1856192;74.7;71.7
59;2021-09-23;1516;2821;1935035;1859013;74.7;71.8
59;2021-09-24;1902;4240;1936937;1863253;74.8;72.0
59;2021-09-25;1157;4016;1938094;1867269;74.9;72.1
59;2021-09-26;314;1208;1938408;1868477;74.9;72.2
59;2021-09-27;1087;2533;1939495;1871010;74.9;72.3
59;2021-09-28;1069;2189;1940564;1873199;75.0;72.4
59;2021-09-29;1286;2957;1941850;1876156;75.0;72.5
59;2021-09-30;1236;2259;1943086;1878415;75.1;72.6
59;2021-10-01;1663;3375;1944749;1881790;75.1;72.7
59;2021-10-02;1459;3243;1946208;1885033;75.2;72.8
59;2021-10-03;262;630;1946470;1885663;75.2;72.8
59;2021-10-04;1076;1971;1947546;1887634;75.2;72.9
59;2021-10-05;1102;2156;1948648;1889790;75.3;73.0
60;2020-12-27;0;0;0;0;0.0;0.0
60;2020-12-28;0;0;0;0;0.0;0.0
60;2020-12-29;1;0;1;0;0.0;0.0
60;2020-12-30;1;0;2;0;0.0;0.0
60;2020-12-31;0;0;2;0;0.0;0.0
60;2021-01-01;0;0;2;0;0.0;0.0
60;2021-01-02;5;0;7;0;0.0;0.0
60;2021-01-03;1;0;8;0;0.0;0.0
60;2021-01-04;1;0;9;0;0.0;0.0
60;2021-01-05;37;0;46;0;0.0;0.0
60;2021-01-06;188;3;234;3;0.0;0.0
60;2021-01-07;235;4;469;7;0.1;0.0
60;2021-01-08;380;4;849;11;0.1;0.0
60;2021-01-09;3;0;852;11;0.1;0.0
60;2021-01-10;60;0;912;11;0.1;0.0
60;2021-01-11;345;2;1257;13;0.2;0.0
60;2021-01-12;537;2;1794;15;0.2;0.0
60;2021-01-13;475;5;2269;20;0.3;0.0
60;2021-01-14;508;6;2777;26;0.3;0.0
60;2021-01-15;704;7;3481;33;0.4;0.0
60;2021-01-16;124;1;3605;34;0.4;0.0
60;2021-01-17;32;0;3637;34;0.4;0.0
60;2021-01-18;860;7;4497;41;0.5;0.0
60;2021-01-19;1207;11;5704;52;0.7;0.0
60;2021-01-20;1719;11;7423;63;0.9;0.0
60;2021-01-21;2265;8;9688;71;1.2;0.0
60;2021-01-22;1547;14;11235;85;1.4;0.0
60;2021-01-23;499;4;11734;89;1.4;0.0
60;2021-01-24;61;1;11795;90;1.4;0.0
60;2021-01-25;897;14;12692;104;1.5;0.0
60;2021-01-26;950;16;13642;120;1.7;0.0
60;2021-01-27;646;6;14288;126;1.7;0.0
60;2021-01-28;396;164;14684;290;1.8;0.0
60;2021-01-29;77;98;14761;388;1.8;0.0
60;2021-01-30;0;1;14761;389;1.8;0.0
60;2021-01-31;22;57;14783;446;1.8;0.1
60;2021-02-01;39;102;14822;548;1.8;0.1
60;2021-02-02;26;143;14848;691;1.8;0.1
60;2021-02-03;165;228;15013;919;1.8;0.1
60;2021-02-04;170;331;15183;1250;1.8;0.2
60;2021-02-05;314;462;15497;1712;1.9;0.2
60;2021-02-06;65;76;15562;1788;1.9;0.2
60;2021-02-07;31;30;15593;1818;1.9;0.2
60;2021-02-08;329;486;15922;2304;1.9;0.3
60;2021-02-09;319;427;16241;2731;2.0;0.3
60;2021-02-10;557;945;16798;3676;2.0;0.4
60;2021-02-11;942;1059;17740;4735;2.2;0.6
60;2021-02-12;917;807;18657;5542;2.3;0.7
60;2021-02-13;91;289;18748;5831;2.3;0.7
60;2021-02-14;25;81;18773;5912;2.3;0.7
60;2021-02-15;614;633;19387;6545;2.3;0.8
60;2021-02-16;580;781;19967;7326;2.4;0.9
60;2021-02-17;633;757;20600;8083;2.5;1.0
60;2021-02-18;684;696;21284;8779;2.6;1.1
60;2021-02-19;641;624;21925;9403;2.7;1.1
60;2021-02-20;104;155;22029;9558;2.7;1.2
60;2021-02-21;23;99;22052;9657;2.7;1.2
60;2021-02-22;461;736;22513;10393;2.7;1.3
60;2021-02-23;535;656;23048;11049;2.8;1.3
60;2021-02-24;794;465;23842;11514;2.9;1.4
60;2021-02-25;1095;249;24937;11763;3.0;1.4
60;2021-02-26;1298;168;26235;11931;3.2;1.4
60;2021-02-27;667;35;26902;11966;3.3;1.5
60;2021-02-28;7;10;26909;11976;3.3;1.5
60;2021-03-01;895;47;27804;12023;3.4;1.5
60;2021-03-02;1012;158;28816;12181;3.5;1.5
60;2021-03-03;1321;424;30137;12605;3.7;1.5
60;2021-03-04;1725;472;31862;13077;3.9;1.6
60;2021-03-05;1822;283;33684;13360;4.1;1.6
60;2021-03-06;1919;141;35603;13501;4.3;1.6
60;2021-03-07;885;33;36488;13534;4.4;1.6
60;2021-03-08;978;292;37466;13826;4.5;1.7
60;2021-03-09;1643;327;39109;14153;4.7;1.7
60;2021-03-10;1938;396;41047;14549;5.0;1.8
60;2021-03-11;2325;363;43372;14912;5.3;1.8
60;2021-03-12;2596;526;45968;15438;5.6;1.9
60;2021-03-13;3839;207;49807;15645;6.0;1.9
60;2021-03-14;1782;63;51589;15708;6.3;1.9
60;2021-03-15;2090;484;53679;16192;6.5;2.0
60;2021-03-16;1584;616;55263;16808;6.7;2.0
60;2021-03-17;1658;600;56921;17408;6.9;2.1
60;2021-03-18;1759;728;58680;18136;7.1;2.2
60;2021-03-19;2591;521;61271;18657;7.4;2.3
60;2021-03-20;3241;191;64512;18848;7.8;2.3
60;2021-03-21;2124;97;66636;18945;8.1;2.3
60;2021-03-22;2132;705;68768;19650;8.3;2.4
60;2021-03-23;3310;712;72078;20362;8.7;2.5
60;2021-03-24;3070;863;75148;21225;9.1;2.6
60;2021-03-25;3849;842;78997;22067;9.6;2.7
60;2021-03-26;4217;869;83214;22936;10.1;2.8
60;2021-03-27;4142;321;87356;23257;10.6;2.8
60;2021-03-28;2450;83;89806;23340;10.9;2.8
60;2021-03-29;2612;1079;92418;24419;11.2;3.0
60;2021-03-30;3286;1067;95704;25486;11.6;3.1
60;2021-03-31;2668;1134;98372;26620;11.9;3.2
60;2021-04-01;2562;1102;100934;27722;12.2;3.4
60;2021-04-02;3310;1112;104244;28834;12.6;3.5
60;2021-04-03;3171;1010;107415;29844;13.0;3.6
60;2021-04-04;874;485;108289;30329;13.1;3.7
60;2021-04-05;458;81;108747;30410;13.2;3.7
60;2021-04-06;1969;1619;110716;32029;13.4;3.9
60;2021-04-07;1984;1745;112700;33774;13.7;4.1
60;2021-04-08;2611;1496;115311;35270;14.0;4.3
60;2021-04-09;2999;1523;118310;36793;14.3;4.5
60;2021-04-10;2927;1586;121237;38379;14.7;4.7
60;2021-04-11;1045;998;122282;39377;14.8;4.8
60;2021-04-12;2045;1721;124327;41098;15.1;5.0
60;2021-04-13;2749;1785;127076;42883;15.4;5.2
60;2021-04-14;3143;1823;130219;44706;15.8;5.4
60;2021-04-15;3563;1891;133782;46597;16.2;5.6
60;2021-04-16;3288;1952;137070;48549;16.6;5.9
60;2021-04-17;2848;2168;139918;50717;17.0;6.1
60;2021-04-18;573;1833;140491;52550;17.0;6.4
60;2021-04-19;1743;2213;142234;54763;17.2;6.6
60;2021-04-20;2129;2677;144363;57440;17.5;7.0
60;2021-04-21;2653;2208;147016;59648;17.8;7.2
60;2021-04-22;2628;2509;149644;62157;18.1;7.5
60;2021-04-23;2651;2500;152295;64657;18.5;7.8
60;2021-04-24;2470;3450;154765;68107;18.8;8.3
60;2021-04-25;1159;1959;155924;70066;18.9;8.5
60;2021-04-26;1890;2522;157814;72588;19.1;8.8
60;2021-04-27;2311;2836;160125;75424;19.4;9.1
60;2021-04-28;3061;2392;163186;77816;19.8;9.4
60;2021-04-29;3154;2622;166340;80438;20.2;9.7
60;2021-04-30;3459;2957;169799;83395;20.6;10.1
60;2021-05-01;2353;1124;172152;84519;20.9;10.2
60;2021-05-02;2147;846;174299;85365;21.1;10.3
60;2021-05-03;2955;1857;177254;87222;21.5;10.6
60;2021-05-04;3016;2352;180270;89574;21.8;10.9
60;2021-05-05;3260;2810;183530;92384;22.2;11.2
60;2021-05-06;3649;2478;187179;94862;22.7;11.5
60;2021-05-07;3985;2515;191164;97377;23.2;11.8
60;2021-05-08;3582;969;194746;98346;23.6;11.9
60;2021-05-09;3458;959;198204;99305;24.0;12.0
60;2021-05-10;2391;2294;200595;101599;24.3;12.3
60;2021-05-11;3671;2464;204266;104063;24.8;12.6
60;2021-05-12;4716;2554;208982;106617;25.3;12.9
60;2021-05-13;5292;1131;214274;107748;26.0;13.1
60;2021-05-14;5602;1807;219876;109555;26.6;13.3
60;2021-05-15;6172;1720;226048;111275;27.4;13.5
60;2021-05-16;4858;690;230906;111965;28.0;13.6
60;2021-05-17;3715;1674;234621;113639;28.4;13.8
60;2021-05-18;4045;2074;238666;115713;28.9;14.0
60;2021-05-19;5097;1857;243763;117570;29.5;14.2
60;2021-05-20;5460;1803;249223;119373;30.2;14.5
60;2021-05-21;5969;1970;255192;121343;30.9;14.7
60;2021-05-22;5354;1974;260546;123317;31.6;14.9
60;2021-05-23;4263;658;264809;123975;32.1;15.0
60;2021-05-24;2950;534;267759;124509;32.5;15.1
60;2021-05-25;4138;2005;271897;126514;33.0;15.3
60;2021-05-26;4466;1833;276363;128347;33.5;15.6
60;2021-05-27;4611;1995;280974;130342;34.1;15.8
60;2021-05-28;4626;2492;285600;132834;34.6;16.1
60;2021-05-29;4612;2268;290212;135102;35.2;16.4
60;2021-05-30;1086;347;291298;135449;35.3;16.4
60;2021-05-31;3831;2084;295129;137533;35.8;16.7
60;2021-06-01;4445;2844;299574;140377;36.3;17.0
60;2021-06-02;3916;2443;303490;142820;36.8;17.3
60;2021-06-03;3903;2370;307393;145190;37.3;17.6
60;2021-06-04;4651;2906;312044;148096;37.8;17.9
60;2021-06-05;4302;3418;316346;151514;38.3;18.4
60;2021-06-06;2159;795;318505;152309;38.6;18.5
60;2021-06-07;2778;2762;321283;155071;38.9;18.8
60;2021-06-08;3802;3001;325085;158072;39.4;19.2
60;2021-06-09;3249;3400;328334;161472;39.8;19.6
60;2021-06-10;3454;3365;331788;164837;40.2;20.0
60;2021-06-11;3881;4188;335669;169025;40.7;20.5
60;2021-06-12;3780;4280;339449;173305;41.1;21.0
60;2021-06-13;1154;2225;340603;175530;41.3;21.3
60;2021-06-14;1911;3307;342514;178837;41.5;21.7
60;2021-06-15;3015;4160;345529;182997;41.9;22.2
60;2021-06-16;3250;4487;348779;187484;42.3;22.7
60;2021-06-17;2978;4782;351757;192266;42.6;23.3
60;2021-06-18;2982;4603;354739;196869;43.0;23.9
60;2021-06-19;3144;4725;357883;201594;43.4;24.4
60;2021-06-20;1431;1936;359314;203530;43.5;24.7
60;2021-06-21;1408;4042;360722;207572;43.7;25.2
60;2021-06-22;1758;5286;362480;212858;43.9;25.8
60;2021-06-23;1860;5232;364340;218090;44.2;26.4
60;2021-06-24;1803;5600;366143;223690;44.4;27.1
60;2021-06-25;1906;5729;368049;229419;44.6;27.8
60;2021-06-26;1860;6972;369909;236391;44.8;28.7
60;2021-06-27;713;2593;370622;238984;44.9;29.0
60;2021-06-28;1781;4141;372403;243125;45.1;29.5
60;2021-06-29;2010;5460;374413;248585;45.4;30.1
60;2021-06-30;2296;5358;376709;253943;45.7;30.8
60;2021-07-01;1888;4919;378597;258862;45.9;31.4
60;2021-07-02;2370;5875;380967;264737;46.2;32.1
60;2021-07-03;2400;6157;383367;270894;46.5;32.8
60;2021-07-04;792;2724;384159;273618;46.6;33.2
60;2021-07-05;1659;4406;385818;278024;46.8;33.7
60;2021-07-06;2146;4494;387964;282518;47.0;34.2
60;2021-07-07;2174;5116;390138;287634;47.3;34.9
60;2021-07-08;2672;4689;392810;292323;47.6;35.4
60;2021-07-09;2640;5566;395450;297889;47.9;36.1
60;2021-07-10;2579;5874;398029;303763;48.2;36.8
60;2021-07-11;1212;1942;399241;305705;48.4;37.1
60;2021-07-12;1446;4736;400687;310441;48.6;37.6
60;2021-07-13;2912;5019;403599;315460;48.9;38.2
60;2021-07-14;2584;1408;406183;316868;49.2;38.4
60;2021-07-15;3429;4871;409612;321739;49.6;39.0
60;2021-07-16;3698;5238;413310;326977;50.1;39.6
60;2021-07-17;4079;5132;417389;332109;50.6;40.3
60;2021-07-18;2186;2131;419575;334240;50.9;40.5
60;2021-07-19;2542;3890;422117;338130;51.2;41.0
60;2021-07-20;4197;4896;426314;343026;51.7;41.6
60;2021-07-21;4352;4284;430666;347310;52.2;42.1
60;2021-07-22;4627;4331;435293;351641;52.8;42.6
60;2021-07-23;4981;4900;440274;356541;53.4;43.2
60;2021-07-24;4314;4674;444588;361215;53.9;43.8
60;2021-07-25;2604;1831;447192;363046;54.2;44.0
60;2021-07-26;3376;3756;450568;366802;54.6;44.5
60;2021-07-27;4437;4627;455005;371429;55.1;45.0
60;2021-07-28;4553;3769;459558;375198;55.7;45.5
60;2021-07-29;4901;3709;464459;378907;56.3;45.9
60;2021-07-30;5030;4260;469489;383167;56.9;46.4
60;2021-07-31;4063;3968;473552;387135;57.4;46.9
60;2021-08-01;1684;862;475236;387997;57.6;47.0
60;2021-08-02;3201;2754;478437;390751;58.0;47.4
60;2021-08-03;3605;2893;482042;393644;58.4;47.7
60;2021-08-04;3316;2796;485358;396440;58.8;48.0
60;2021-08-05;3032;2259;488390;398699;59.2;48.3
60;2021-08-06;3831;3055;492221;401754;59.7;48.7
60;2021-08-07;3369;3076;495590;404830;60.1;49.1
60;2021-08-08;1534;910;497124;405740;60.3;49.2
60;2021-08-09;2207;2872;499331;408612;60.5;49.5
60;2021-08-10;3277;3311;502608;411923;60.9;49.9
60;2021-08-11;2813;3238;505421;415161;61.3;50.3
60;2021-08-12;2355;2665;507776;417826;61.5;50.6
60;2021-08-13;2751;2998;510527;420824;61.9;51.0
60;2021-08-14;2541;2734;513068;423558;62.2;51.3
60;2021-08-15;1362;553;514430;424111;62.3;51.4
60;2021-08-16;2115;3774;516545;427885;62.6;51.9
60;2021-08-17;2346;3820;518891;431705;62.9;52.3
60;2021-08-18;1944;3284;520835;434989;63.1;52.7
60;2021-08-19;1647;3074;522482;438063;63.3;53.1
60;2021-08-20;1867;3999;524349;442062;63.6;53.6
60;2021-08-21;1612;3491;525961;445553;63.7;54.0
60;2021-08-22;576;1339;526537;446892;63.8;54.2
60;2021-08-23;1103;3223;527640;450115;64.0;54.6
60;2021-08-24;1371;4494;529011;454609;64.1;55.1
60;2021-08-25;1431;3585;530442;458194;64.3;55.5
60;2021-08-26;1432;3458;531874;461652;64.5;56.0
60;2021-08-27;1435;4173;533309;465825;64.6;56.5
60;2021-08-28;1378;4479;534687;470304;64.8;57.0
60;2021-08-29;550;2041;535237;472345;64.9;57.2
60;2021-08-30;1231;3001;536468;475346;65.0;57.6
60;2021-08-31;1641;3854;538109;479200;65.2;58.1
60;2021-09-01;1237;2796;539346;481996;65.4;58.4
60;2021-09-02;1058;2717;540404;484713;65.5;58.7
60;2021-09-03;1023;3179;541427;487892;65.6;59.1
60;2021-09-04;1520;3737;542947;491629;65.8;59.6
60;2021-09-05;365;1364;543312;492993;65.8;59.8
60;2021-09-06;796;2580;544108;495573;65.9;60.1
60;2021-09-07;839;2985;544947;498558;66.0;60.4
60;2021-09-08;888;2989;545835;501547;66.2;60.8
60;2021-09-09;681;2362;546516;503909;66.2;61.1
60;2021-09-10;1049;3010;547565;506919;66.4;61.4
60;2021-09-11;1059;3492;548624;510411;66.5;61.9
60;2021-09-12;307;1138;548931;511549;66.5;62.0
60;2021-09-13;609;1944;549540;513493;66.6;62.2
60;2021-09-14;758;1850;550298;515343;66.7;62.5
60;2021-09-15;563;1241;550861;516584;66.8;62.6
60;2021-09-16;917;1405;551778;517989;66.9;62.8
60;2021-09-17;712;1465;552490;519454;67.0;63.0
60;2021-09-18;818;2607;553308;522061;67.1;63.3
60;2021-09-19;189;497;553497;522558;67.1;63.3
60;2021-09-20;456;1097;553953;523655;67.1;63.5
60;2021-09-21;499;985;554452;524640;67.2;63.6
60;2021-09-22;442;1306;554894;525946;67.3;63.7
60;2021-09-23;626;899;555520;526845;67.3;63.9
60;2021-09-24;489;1195;556009;528040;67.4;64.0
60;2021-09-25;494;1873;556503;529913;67.4;64.2
60;2021-09-26;78;294;556581;530207;67.5;64.3
60;2021-09-27;335;765;556916;530972;67.5;64.4
60;2021-09-28;320;882;557236;531854;67.5;64.5
60;2021-09-29;394;1042;557630;532896;67.6;64.6
60;2021-09-30;365;735;557995;533631;67.6;64.7
60;2021-10-01;410;1034;558405;534665;67.7;64.8
60;2021-10-02;583;1461;558988;536126;67.7;65.0
60;2021-10-03;80;305;559068;536431;67.8;65.0
60;2021-10-04;358;678;559426;537109;67.8;65.1
60;2021-10-05;262;532;559688;537641;67.8;65.2
61;2020-12-27;0;0;0;0;0.0;0.0
61;2020-12-28;0;0;0;0;0.0;0.0
61;2020-12-29;0;0;0;0;0.0;0.0
61;2020-12-30;0;0;0;0;0.0;0.0
61;2020-12-31;0;0;0;0;0.0;0.0
61;2021-01-01;2;0;2;0;0.0;0.0
61;2021-01-02;1;0;3;0;0.0;0.0
61;2021-01-03;0;0;3;0;0.0;0.0
61;2021-01-04;1;0;4;0;0.0;0.0
61;2021-01-05;3;0;7;0;0.0;0.0
61;2021-01-06;77;0;84;0;0.0;0.0
61;2021-01-07;175;2;259;2;0.1;0.0
61;2021-01-08;405;1;664;3;0.2;0.0
61;2021-01-09;165;1;829;4;0.3;0.0
61;2021-01-10;49;0;878;4;0.3;0.0
61;2021-01-11;396;1;1274;5;0.5;0.0
61;2021-01-12;681;2;1955;7;0.7;0.0
61;2021-01-13;740;1;2695;8;1.0;0.0
61;2021-01-14;530;7;3225;15;1.2;0.0
61;2021-01-15;537;4;3762;19;1.4;0.0
61;2021-01-16;289;1;4051;20;1.5;0.0
61;2021-01-17;889;7;4940;27;1.8;0.0
61;2021-01-18;1915;2;6855;29;2.5;0.0
61;2021-01-19;1327;3;8182;32;3.0;0.0
61;2021-01-20;685;0;8867;32;3.2;0.0
61;2021-01-21;848;1;9715;33;3.5;0.0
61;2021-01-22;764;0;10479;33;3.8;0.0
61;2021-01-23;257;2;10736;35;3.9;0.0
61;2021-01-24;229;0;10965;35;4.0;0.0
61;2021-01-25;578;1;11543;36;4.2;0.0
61;2021-01-26;566;0;12109;36;4.4;0.0
61;2021-01-27;570;13;12679;49;4.6;0.0
61;2021-01-28;465;50;13144;99;4.7;0.0
61;2021-01-29;479;131;13623;230;4.9;0.1
61;2021-01-30;212;3;13835;233;5.0;0.1
61;2021-01-31;109;0;13944;233;5.0;0.1
61;2021-02-01;430;178;14374;411;5.2;0.1
61;2021-02-02;389;287;14763;698;5.3;0.3
61;2021-02-03;412;382;15175;1080;5.5;0.4
61;2021-02-04;390;261;15565;1341;5.6;0.5
61;2021-02-05;536;333;16101;1674;5.8;0.6
61;2021-02-06;205;78;16306;1752;5.9;0.6
61;2021-02-07;45;199;16351;1951;5.9;0.7
61;2021-02-08;541;1196;16892;3147;6.1;1.1
61;2021-02-09;404;739;17296;3886;6.2;1.4
61;2021-02-10;280;511;17576;4397;6.3;1.6
61;2021-02-11;432;449;18008;4846;6.5;1.8
61;2021-02-12;401;627;18409;5473;6.6;2.0
61;2021-02-13;133;331;18542;5804;6.7;2.1
61;2021-02-14;3;245;18545;6049;6.7;2.2
61;2021-02-15;169;605;18714;6654;6.8;2.4
61;2021-02-16;203;513;18917;7167;6.8;2.6
61;2021-02-17;44;459;18961;7626;6.8;2.8
61;2021-02-18;161;394;19122;8020;6.9;2.9
61;2021-02-19;101;303;19223;8323;6.9;3.0
61;2021-02-20;40;194;19263;8517;7.0;3.1
61;2021-02-21;2;119;19265;8636;7.0;3.1
61;2021-02-22;88;437;19353;9073;7.0;3.3
61;2021-02-23;104;379;19457;9452;7.0;3.4
61;2021-02-24;173;428;19630;9880;7.1;3.6
61;2021-02-25;265;323;19895;10203;7.2;3.7
61;2021-02-26;266;378;20161;10581;7.3;3.8
61;2021-02-27;110;182;20271;10763;7.3;3.9
61;2021-02-28;4;117;20275;10880;7.3;3.9
61;2021-03-01;215;521;20490;11401;7.4;4.1
61;2021-03-02;148;619;20638;12020;7.5;4.3
61;2021-03-03;143;376;20781;12396;7.5;4.5
61;2021-03-04;429;389;21210;12785;7.7;4.6
61;2021-03-05;702;266;21912;13051;7.9;4.7
61;2021-03-06;436;213;22348;13264;8.1;4.8
61;2021-03-07;155;2;22503;13266;8.1;4.8
61;2021-03-08;295;287;22798;13553;8.2;4.9
61;2021-03-09;622;159;23420;13712;8.5;5.0
61;2021-03-10;672;163;24092;13875;8.7;5.0
61;2021-03-11;1120;119;25212;13994;9.1;5.1
61;2021-03-12;1467;89;26679;14083;9.6;5.1
61;2021-03-13;775;53;27454;14136;9.9;5.1
61;2021-03-14;226;6;27680;14142;10.0;5.1
61;2021-03-15;814;35;28494;14177;10.3;5.1
61;2021-03-16;723;19;29217;14196;10.6;5.1
61;2021-03-17;761;12;29978;14208;10.8;5.1
61;2021-03-18;858;26;30836;14234;11.1;5.1
61;2021-03-19;1026;50;31862;14284;11.5;5.2
61;2021-03-20;478;15;32340;14299;11.7;5.2
61;2021-03-21;72;2;32412;14301;11.7;5.2
61;2021-03-22;797;92;33209;14393;12.0;5.2
61;2021-03-23;920;39;34129;14432;12.3;5.2
61;2021-03-24;1373;70;35502;14502;12.8;5.2
61;2021-03-25;1876;67;37378;14569;13.5;5.3
61;2021-03-26;1800;47;39178;14616;14.1;5.3
61;2021-03-27;1083;18;40261;14634;14.5;5.3
61;2021-03-28;359;9;40620;14643;14.7;5.3
61;2021-03-29;1273;182;41893;14825;15.1;5.4
61;2021-03-30;1470;98;43363;14923;15.7;5.4
61;2021-03-31;1687;52;45050;14975;16.3;5.4
61;2021-04-01;2051;231;47101;15206;17.0;5.5
61;2021-04-02;1519;433;48620;15639;17.6;5.6
61;2021-04-03;640;285;49260;15924;17.8;5.8
61;2021-04-04;193;1;49453;15925;17.9;5.8
61;2021-04-05;532;8;49985;15933;18.1;5.8
61;2021-04-06;1350;618;51335;16551;18.5;6.0
61;2021-04-07;1697;657;53032;17208;19.2;6.2
61;2021-04-08;2266;833;55298;18041;20.0;6.5
61;2021-04-09;2135;831;57433;18872;20.7;6.8
61;2021-04-10;1534;484;58967;19356;21.3;7.0
61;2021-04-11;238;199;59205;19555;21.4;7.1
61;2021-04-12;1284;734;60489;20289;21.8;7.3
61;2021-04-13;1740;705;62229;20994;22.5;7.6
61;2021-04-14;1734;784;63963;21778;23.1;7.9
61;2021-04-15;2268;782;66231;22560;23.9;8.1
61;2021-04-16;2227;689;68458;23249;24.7;8.4
61;2021-04-17;1483;320;69941;23569;25.3;8.5
61;2021-04-18;538;99;70479;23668;25.5;8.5
61;2021-04-19;936;750;71415;24418;25.8;8.8
61;2021-04-20;1523;786;72938;25204;26.3;9.1
61;2021-04-21;1351;1040;74289;26244;26.8;9.5
61;2021-04-22;1292;1218;75581;27462;27.3;9.9
61;2021-04-23;1213;1148;76794;28610;27.7;10.3
61;2021-04-24;1437;819;78231;29429;28.3;10.6
61;2021-04-25;361;331;78592;29760;28.4;10.7
61;2021-04-26;670;1143;79262;30903;28.6;11.2
61;2021-04-27;1465;1138;80727;32041;29.2;11.6
61;2021-04-28;1386;1390;82113;33431;29.7;12.1
61;2021-04-29;1246;1858;83359;35289;30.1;12.7
61;2021-04-30;1719;1173;85078;36462;30.7;13.2
61;2021-05-01;789;322;85867;36784;31.0;13.3
61;2021-05-02;439;226;86306;37010;31.2;13.4
61;2021-05-03;844;1250;87150;38260;31.5;13.8
61;2021-05-04;1323;1749;88473;40009;32.0;14.4
61;2021-05-05;1008;2027;89481;42036;32.3;15.2
61;2021-05-06;1772;2211;91253;44247;33.0;16.0
61;2021-05-07;1376;1971;92629;46218;33.5;16.7
61;2021-05-08;929;472;93558;46690;33.8;16.9
61;2021-05-09;395;293;93953;46983;33.9;17.0
61;2021-05-10;987;1746;94940;48729;34.3;17.6
61;2021-05-11;1377;1515;96317;50244;34.8;18.1
61;2021-05-12;1869;1592;98186;51836;35.5;18.7
61;2021-05-13;889;491;99075;52327;35.8;18.9
61;2021-05-14;1851;1186;100926;53513;36.4;19.3
61;2021-05-15;2108;1117;103034;54630;37.2;19.7
61;2021-05-16;984;300;104018;54930;37.6;19.8
61;2021-05-17;1312;914;105330;55844;38.0;20.2
61;2021-05-18;2423;894;107753;56738;38.9;20.5
61;2021-05-19;2400;804;110153;57542;39.8;20.8
61;2021-05-20;2212;816;112365;58358;40.6;21.1
61;2021-05-21;2150;861;114515;59219;41.4;21.4
61;2021-05-22;1780;718;116295;59937;42.0;21.6
61;2021-05-23;714;54;117009;59991;42.3;21.7
61;2021-05-24;914;112;117923;60103;42.6;21.7
61;2021-05-25;1991;920;119914;61023;43.3;22.0
61;2021-05-26;2046;932;121960;61955;44.0;22.4
61;2021-05-27;2041;1089;124001;63044;44.8;22.8
61;2021-05-28;2052;1374;126053;64418;45.5;23.3
61;2021-05-29;1466;557;127519;64975;46.1;23.5
61;2021-05-30;450;44;127969;65019;46.2;23.5
61;2021-05-31;1559;936;129528;65955;46.8;23.8
61;2021-06-01;1875;1387;131403;67342;47.5;24.3
61;2021-06-02;1676;1133;133079;68475;48.1;24.7
61;2021-06-03;2250;1110;135329;69585;48.9;25.1
61;2021-06-04;1897;1344;137226;70929;49.6;25.6
61;2021-06-05;1669;1240;138895;72169;50.2;26.1
61;2021-06-06;318;230;139213;72399;50.3;26.1
61;2021-06-07;2189;867;141402;73266;51.1;26.5
61;2021-06-08;1847;1566;143249;74832;51.7;27.0
61;2021-06-09;1975;1185;145224;76017;52.4;27.5
61;2021-06-10;1974;1192;147198;77209;53.2;27.9
61;2021-06-11;1823;1579;149021;78788;53.8;28.5
61;2021-06-12;1424;999;150445;79787;54.3;28.8
61;2021-06-13;340;377;150785;80164;54.5;29.0
61;2021-06-14;1107;1187;151892;81351;54.9;29.4
61;2021-06-15;1214;1694;153106;83045;55.3;30.0
61;2021-06-16;1114;1363;154220;84408;55.7;30.5
61;2021-06-17;1020;1730;155240;86138;56.1;31.1
61;2021-06-18;1523;1671;156763;87809;56.6;31.7
61;2021-06-19;1245;1302;158008;89111;57.1;32.2
61;2021-06-20;289;345;158297;89456;57.2;32.3
61;2021-06-21;807;1627;159104;91083;57.5;32.9
61;2021-06-22;1024;1679;160128;92762;57.8;33.5
61;2021-06-23;967;2436;161095;95198;58.2;34.4
61;2021-06-24;650;1361;161745;96559;58.4;34.9
61;2021-06-25;839;2166;162584;98725;58.7;35.7
61;2021-06-26;623;1955;163207;100680;58.9;36.4
61;2021-06-27;139;799;163346;101479;59.0;36.6
61;2021-06-28;478;2245;163824;103724;59.2;37.5
61;2021-06-29;699;2858;164523;106582;59.4;38.5
61;2021-06-30;771;2463;165294;109045;59.7;39.4
61;2021-07-01;633;1697;165927;110742;59.9;40.0
61;2021-07-02;842;2496;166769;113238;60.2;40.9
61;2021-07-03;417;1910;167186;115148;60.4;41.6
61;2021-07-04;75;638;167261;115786;60.4;41.8
61;2021-07-05;682;1774;167943;117560;60.7;42.5
61;2021-07-06;991;2792;168934;120352;61.0;43.5
61;2021-07-07;734;2360;169668;122712;61.3;44.3
61;2021-07-08;840;1944;170508;124656;61.6;45.0
61;2021-07-09;723;2375;171231;127031;61.8;45.9
61;2021-07-10;463;1767;171694;128798;62.0;46.5
61;2021-07-11;244;489;171938;129287;62.1;46.7
61;2021-07-12;438;2290;172376;131577;62.3;47.5
61;2021-07-13;643;2486;173019;134063;62.5;48.4
61;2021-07-14;150;334;173169;134397;62.5;48.5
61;2021-07-15;815;2814;173984;137211;62.8;49.6
61;2021-07-16;967;2569;174951;139780;63.2;50.5
61;2021-07-17;708;2232;175659;142012;63.4;51.3
61;2021-07-18;339;368;175998;142380;63.6;51.4
61;2021-07-19;934;2399;176932;144779;63.9;52.3
61;2021-07-20;1327;2354;178259;147133;64.4;53.1
61;2021-07-21;1503;2181;179762;149314;64.9;53.9
61;2021-07-22;1750;2188;181512;151502;65.6;54.7
61;2021-07-23;1793;2306;183305;153808;66.2;55.5
61;2021-07-24;1457;2008;184762;155816;66.7;56.3
61;2021-07-25;323;393;185085;156209;66.8;56.4
61;2021-07-26;1252;1933;186337;158142;67.3;57.1
61;2021-07-27;2419;1583;188756;159725;68.2;57.7
61;2021-07-28;2457;1355;191213;161080;69.1;58.2
61;2021-07-29;2563;1576;193776;162656;70.0;58.7
61;2021-07-30;2396;1388;196172;164044;70.8;59.2
61;2021-07-31;1282;1301;197454;165345;71.3;59.7
61;2021-08-01;504;259;197958;165604;71.5;59.8
61;2021-08-02;1913;1122;199871;166726;72.2;60.2
61;2021-08-03;2451;915;202322;167641;73.1;60.5
61;2021-08-04;2343;781;204665;168422;73.9;60.8
61;2021-08-05;1901;990;206566;169412;74.6;61.2
61;2021-08-06;2164;1163;208730;170575;75.4;61.6
61;2021-08-07;1422;799;210152;171374;75.9;61.9
61;2021-08-08;447;263;210599;171637;76.1;62.0
61;2021-08-09;1310;1112;211909;172749;76.5;62.4
61;2021-08-10;1315;1107;213224;173856;77.0;62.8
61;2021-08-11;1117;1257;214341;175113;77.4;63.2
61;2021-08-12;1038;1321;215379;176434;77.8;63.7
61;2021-08-13;879;1610;216258;178044;78.1;64.3
61;2021-08-14;717;864;216975;178908;78.4;64.6
61;2021-08-15;94;183;217069;179091;78.4;64.7
61;2021-08-16;913;1541;217982;180632;78.7;65.2
61;2021-08-17;1152;1701;219134;182333;79.1;65.8
61;2021-08-18;811;1479;219945;183812;79.4;66.4
61;2021-08-19;745;1570;220690;185382;79.7;66.9
61;2021-08-20;801;2131;221491;187513;80.0;67.7
61;2021-08-21;491;1344;221982;188857;80.2;68.2
61;2021-08-22;137;447;222119;189304;80.2;68.4
61;2021-08-23;415;1702;222534;191006;80.4;69.0
61;2021-08-24;528;1899;223062;192905;80.6;69.7
61;2021-08-25;412;1735;223474;194640;80.7;70.3
61;2021-08-26;429;1598;223903;196238;80.9;70.9
61;2021-08-27;515;1889;224418;198127;81.0;71.6
61;2021-08-28;285;1365;224703;199492;81.1;72.0
61;2021-08-29;50;417;224753;199909;81.2;72.2
61;2021-08-30;400;1625;225153;201534;81.3;72.8
61;2021-08-31;505;1713;225658;203247;81.5;73.4
61;2021-09-01;454;1499;226112;204746;81.7;73.9
61;2021-09-02;421;1341;226533;206087;81.8;74.4
61;2021-09-03;476;1580;227009;207667;82.0;75.0
61;2021-09-04;348;1337;227357;209004;82.1;75.5
61;2021-09-05;76;225;227433;209229;82.1;75.6
61;2021-09-06;286;1232;227719;210461;82.2;76.0
61;2021-09-07;363;1568;228082;212029;82.4;76.6
61;2021-09-08;273;1432;228355;213461;82.5;77.1
61;2021-09-09;285;1205;228640;214666;82.6;77.5
61;2021-09-10;366;1168;229006;215834;82.7;77.9
61;2021-09-11;270;1101;229276;216935;82.8;78.3
61;2021-09-12;37;127;229313;217062;82.8;78.4
61;2021-09-13;208;866;229521;217928;82.9;78.7
61;2021-09-14;196;693;229717;218621;83.0;79.0
61;2021-09-15;256;595;229973;219216;83.1;79.2
61;2021-09-16;220;269;230193;219485;83.1;79.3
61;2021-09-17;241;533;230434;220018;83.2;79.5
61;2021-09-18;217;611;230651;220629;83.3;79.7
61;2021-09-19;1;0;230652;220629;83.3;79.7
61;2021-09-20;177;267;230829;220896;83.4;79.8
61;2021-09-21;236;187;231065;221083;83.4;79.8
61;2021-09-22;158;692;231223;221775;83.5;80.1
61;2021-09-23;163;228;231386;222003;83.6;80.2
61;2021-09-24;135;378;231521;222381;83.6;80.3
61;2021-09-25;171;596;231692;222977;83.7;80.5
61;2021-09-26;9;16;231701;222993;83.7;80.5
61;2021-09-27;124;292;231825;223285;83.7;80.6
61;2021-09-28;96;247;231921;223532;83.8;80.7
61;2021-09-29;106;216;232027;223748;83.8;80.8
61;2021-09-30;204;237;232231;223985;83.9;80.9
61;2021-10-01;85;265;232316;224250;83.9;81.0
61;2021-10-02;197;565;232513;224815;84.0;81.2
61;2021-10-03;1;8;232514;224823;84.0;81.2
61;2021-10-04;107;286;232621;225109;84.0;81.3
61;2021-10-05;112;289;232733;225398;84.0;81.4
62;2020-12-27;2;0;2;0;0.0;0.0
62;2020-12-28;1;0;3;0;0.0;0.0
62;2020-12-29;0;0;3;0;0.0;0.0
62;2020-12-30;0;0;3;0;0.0;0.0
62;2020-12-31;0;0;3;0;0.0;0.0
62;2021-01-01;0;0;3;0;0.0;0.0
62;2021-01-02;3;0;6;0;0.0;0.0
62;2021-01-03;0;0;6;0;0.0;0.0
62;2021-01-04;3;0;9;0;0.0;0.0
62;2021-01-05;47;0;56;0;0.0;0.0
62;2021-01-06;123;0;179;0;0.0;0.0
62;2021-01-07;351;0;530;0;0.0;0.0
62;2021-01-08;713;7;1243;7;0.1;0.0
62;2021-01-09;164;1;1407;8;0.1;0.0
62;2021-01-10;84;0;1491;8;0.1;0.0
62;2021-01-11;557;1;2048;9;0.1;0.0
62;2021-01-12;1260;3;3308;12;0.2;0.0
62;2021-01-13;1139;6;4447;18;0.3;0.0
62;2021-01-14;1385;8;5832;26;0.4;0.0
62;2021-01-15;1300;8;7132;34;0.5;0.0
62;2021-01-16;309;2;7441;36;0.5;0.0
62;2021-01-17;107;0;7548;36;0.5;0.0
62;2021-01-18;1666;8;9214;44;0.6;0.0
62;2021-01-19;2104;4;11318;48;0.8;0.0
62;2021-01-20;2055;5;13373;53;0.9;0.0
62;2021-01-21;2244;5;15617;58;1.1;0.0
62;2021-01-22;1835;7;17452;65;1.2;0.0
62;2021-01-23;512;1;17964;66;1.2;0.0
62;2021-01-24;0;0;17964;66;1.2;0.0
62;2021-01-25;1286;6;19250;72;1.3;0.0
62;2021-01-26;1546;13;20796;85;1.4;0.0
62;2021-01-27;1518;139;22314;224;1.5;0.0
62;2021-01-28;4181;344;26495;568;1.8;0.0
62;2021-01-29;2048;304;28543;872;2.0;0.1
62;2021-01-30;159;128;28702;1000;2.0;0.1
62;2021-01-31;22;3;28724;1003;2.0;0.1
62;2021-02-01;46;317;28770;1320;2.0;0.1
62;2021-02-02;59;736;28829;2056;2.0;0.1
62;2021-02-03;44;574;28873;2630;2.0;0.2
62;2021-02-04;81;744;28954;3374;2.0;0.2
62;2021-02-05;81;635;29035;4009;2.0;0.3
62;2021-02-06;32;155;29067;4164;2.0;0.3
62;2021-02-07;236;30;29303;4194;2.0;0.3
62;2021-02-08;133;675;29436;4869;2.0;0.3
62;2021-02-09;227;912;29663;5781;2.0;0.4
62;2021-02-10;385;996;30048;6777;2.1;0.5
62;2021-02-11;726;846;30774;7623;2.1;0.5
62;2021-02-12;967;640;31741;8263;2.2;0.6
62;2021-02-13;162;209;31903;8472;2.2;0.6
62;2021-02-14;0;0;31903;8472;2.2;0.6
62;2021-02-15;665;926;32568;9398;2.2;0.6
62;2021-02-16;923;1376;33491;10774;2.3;0.7
62;2021-02-17;1082;1619;34573;12393;2.4;0.9
62;2021-02-18;2227;3409;36800;15802;2.5;1.1
62;2021-02-19;2312;2263;39112;18065;2.7;1.2
62;2021-02-20;616;372;39728;18437;2.7;1.3
62;2021-02-21;88;26;39816;18463;2.7;1.3
62;2021-02-22;849;713;40665;19176;2.8;1.3
62;2021-02-23;1419;995;42084;20171;2.9;1.4
62;2021-02-24;1547;537;43631;20708;3.0;1.4
62;2021-02-25;3169;371;46800;21079;3.2;1.5
62;2021-02-26;2912;302;49712;21381;3.4;1.5
62;2021-02-27;1829;85;51541;21466;3.5;1.5
62;2021-02-28;52;42;51593;21508;3.6;1.5
62;2021-03-01;1322;103;52915;21611;3.6;1.5
62;2021-03-02;3156;161;56071;21772;3.9;1.5
62;2021-03-03;3274;131;59345;21903;4.1;1.5
62;2021-03-04;3809;216;63154;22119;4.3;1.5
62;2021-03-05;4647;230;67801;22349;4.7;1.5
62;2021-03-06;9619;266;77420;22615;5.3;1.6
62;2021-03-07;8074;226;85494;22841;5.9;1.6
62;2021-03-08;2195;234;87689;23075;6.0;1.6
62;2021-03-09;3809;352;91498;23427;6.3;1.6
62;2021-03-10;4233;565;95731;23992;6.6;1.7
62;2021-03-11;5993;1484;101724;25476;7.0;1.8
62;2021-03-12;6639;1380;108363;26856;7.5;1.8
62;2021-03-13;14723;800;123086;27656;8.5;1.9
62;2021-03-14;9584;412;132670;28068;9.1;1.9
62;2021-03-15;3762;996;136432;29064;9.4;2.0
62;2021-03-16;2736;834;139168;29898;9.6;2.1
62;2021-03-17;2805;724;141973;30622;9.8;2.1
62;2021-03-18;2725;941;144698;31563;10.0;2.2
62;2021-03-19;4784;910;149482;32473;10.3;2.2
62;2021-03-20;11066;620;160548;33093;11.1;2.3
62;2021-03-21;9447;374;169995;33467;11.7;2.3
62;2021-03-22;2943;1089;172938;34556;11.9;2.4
62;2021-03-23;4997;1473;177935;36029;12.2;2.5
62;2021-03-24;4696;1364;182631;37393;12.6;2.6
62;2021-03-25;6553;1463;189184;38856;13.0;2.7
62;2021-03-26;7048;1489;196232;40345;13.5;2.8
62;2021-03-27;12594;754;208826;41099;14.4;2.8
62;2021-03-28;6941;289;215767;41388;14.9;2.8
62;2021-03-29;3470;1202;219237;42590;15.1;2.9
62;2021-03-30;4549;2204;223786;44794;15.4;3.1
62;2021-03-31;4225;2460;228011;47254;15.7;3.3
62;2021-04-01;4977;2762;232988;50016;16.0;3.4
62;2021-04-02;5067;3231;238055;53247;16.4;3.7
62;2021-04-03;8208;3347;246263;56594;17.0;3.9
62;2021-04-04;4582;1935;250845;58529;17.3;4.0
62;2021-04-05;944;461;251789;58990;17.3;4.1
62;2021-04-06;4122;3010;255911;62000;17.6;4.3
62;2021-04-07;5071;3520;260982;65520;18.0;4.5
62;2021-04-08;6493;3988;267475;69508;18.4;4.8
62;2021-04-09;7628;3478;275103;72986;18.9;5.0
62;2021-04-10;6636;8071;281739;81057;19.4;5.6
62;2021-04-11;2804;6881;284543;87938;19.6;6.1
62;2021-04-12;3419;2385;287962;90323;19.8;6.2
62;2021-04-13;6171;3165;294133;93488;20.2;6.4
62;2021-04-14;5307;3064;299440;96552;20.6;6.6
62;2021-04-15;5733;2987;305173;99539;21.0;6.9
62;2021-04-16;5418;3200;310591;102739;21.4;7.1
62;2021-04-17;4355;7355;314946;110094;21.7;7.6
62;2021-04-18;1957;6847;316903;116941;21.8;8.0
62;2021-04-19;2777;1934;319680;118875;22.0;8.2
62;2021-04-20;4148;3887;323828;122762;22.3;8.5
62;2021-04-21;3746;3985;327574;126747;22.5;8.7
62;2021-04-22;3948;5189;331522;131936;22.8;9.1
62;2021-04-23;4064;5321;335586;137257;23.1;9.4
62;2021-04-24;4401;6726;339987;143983;23.4;9.9
62;2021-04-25;1911;3498;341898;147481;23.5;10.2
62;2021-04-26;2224;2421;344122;149902;23.7;10.3
62;2021-04-27;4408;3743;348530;153645;24.0;10.6
62;2021-04-28;4591;4399;353121;158044;24.3;10.9
62;2021-04-29;4787;5849;357908;163893;24.6;11.3
62;2021-04-30;5215;5688;363123;169581;25.0;11.7
62;2021-05-01;5725;3472;368848;173053;25.4;11.9
62;2021-05-02;7826;3147;376674;176200;25.9;12.1
62;2021-05-03;4509;2337;381183;178537;26.2;12.3
62;2021-05-04;5396;4964;386579;183501;26.6;12.6
62;2021-05-05;4736;4823;391315;188324;26.9;13.0
62;2021-05-06;5619;4936;396934;193260;27.3;13.3
62;2021-05-07;7691;4657;404625;197917;27.9;13.6
62;2021-05-08;10659;2329;415284;200246;28.6;13.8
62;2021-05-09;8625;1642;423909;201888;29.2;13.9
62;2021-05-10;4867;4018;428776;205906;29.5;14.2
62;2021-05-11;6414;5039;435190;210945;30.0;14.5
62;2021-05-12;8624;4589;443814;215534;30.5;14.8
62;2021-05-13;9998;1491;453812;217025;31.2;14.9
62;2021-05-14;11880;3392;465692;220417;32.1;15.2
62;2021-05-15;19781;3296;485473;223713;33.4;15.4
62;2021-05-16;16399;1421;501872;225134;34.5;15.5
62;2021-05-17;8180;2657;510052;227791;35.1;15.7
62;2021-05-18;9326;3128;519378;230919;35.8;15.9
62;2021-05-19;8615;2927;527993;233846;36.3;16.1
62;2021-05-20;8341;3840;536334;237686;36.9;16.4
62;2021-05-21;9397;4215;545731;241901;37.6;16.7
62;2021-05-22;17874;3526;563605;245427;38.8;16.9
62;2021-05-23;12373;1162;575978;246589;39.6;17.0
62;2021-05-24;3911;586;579889;247175;39.9;17.0
62;2021-05-25;7221;4097;587110;251272;40.4;17.3
62;2021-05-26;6782;4913;593892;256185;40.9;17.6
62;2021-05-27;6382;5686;600274;261871;41.3;18.0
62;2021-05-28;6518;6730;606792;268601;41.8;18.5
62;2021-05-29;10849;5536;617641;274137;42.5;18.9
62;2021-05-30;4036;982;621677;275119;42.8;18.9
62;2021-05-31;4794;3947;626471;279066;43.1;19.2
62;2021-06-01;6520;6507;632991;285573;43.6;19.7
62;2021-06-02;7444;5810;640435;291383;44.1;20.1
62;2021-06-03;7854;5878;648289;297261;44.6;20.5
62;2021-06-04;7903;6239;656192;303500;45.2;20.9
62;2021-06-05;8273;6225;664465;309725;45.7;21.3
62;2021-06-06;3128;1290;667593;311015;46.0;21.4
62;2021-06-07;4625;3764;672218;314779;46.3;21.7
62;2021-06-08;6207;5902;678425;320681;46.7;22.1
62;2021-06-09;5498;4763;683923;325444;47.1;22.4
62;2021-06-10;5207;5863;689130;331307;47.4;22.8
62;2021-06-11;6208;8867;695338;340174;47.9;23.4
62;2021-06-12;5935;8644;701273;348818;48.3;24.0
62;2021-06-13;3225;3793;704498;352611;48.5;24.3
62;2021-06-14;2610;6771;707108;359382;48.7;24.7
62;2021-06-15;4675;8529;711783;367911;49.0;25.3
62;2021-06-16;5081;7429;716864;375340;49.3;25.8
62;2021-06-17;5235;8041;722099;383381;49.7;26.4
62;2021-06-18;4825;10491;726924;393872;50.0;27.1
62;2021-06-19;5794;13435;732718;407307;50.4;28.0
62;2021-06-20;2101;4369;734819;411676;50.6;28.3
62;2021-06-21;2976;8923;737795;420599;50.8;29.0
62;2021-06-22;3431;10169;741226;430768;51.0;29.7
62;2021-06-23;3387;10315;744613;441083;51.3;30.4
62;2021-06-24;3346;11784;747959;452867;51.5;31.2
62;2021-06-25;3724;15762;751683;468629;51.7;32.3
62;2021-06-26;3549;18423;755232;487052;52.0;33.5
62;2021-06-27;1121;9814;756353;496866;52.1;34.2
62;2021-06-28;1923;8866;758276;505732;52.2;34.8
62;2021-06-29;2973;11461;761249;517193;52.4;35.6
62;2021-06-30;4142;10809;765391;528002;52.7;36.3
62;2021-07-01;4483;10483;769874;538485;53.0;37.1
62;2021-07-02;4161;11979;774035;550464;53.3;37.9
62;2021-07-03;2997;18052;777032;568516;53.5;39.1
62;2021-07-04;1450;9196;778482;577712;53.6;39.8
62;2021-07-05;2416;6913;780898;584625;53.8;40.2
62;2021-07-06;3821;10012;784719;594637;54.0;40.9
62;2021-07-07;3917;8913;788636;603550;54.3;41.5
62;2021-07-08;5247;9082;793883;612632;54.6;42.2
62;2021-07-09;4472;10842;798355;623474;55.0;42.9
62;2021-07-10;4975;11890;803330;635364;55.3;43.7
62;2021-07-11;1337;2088;804667;637452;55.4;43.9
62;2021-07-12;2327;7133;806994;644585;55.5;44.4
62;2021-07-13;5175;12153;812169;656738;55.9;45.2
62;2021-07-14;3634;3164;815803;659902;56.2;45.4
62;2021-07-15;7587;11492;823390;671394;56.7;46.2
62;2021-07-16;7625;11044;831015;682438;57.2;47.0
62;2021-07-17;9719;10330;840734;692768;57.9;47.7
62;2021-07-18;2712;3457;843446;696225;58.1;47.9
62;2021-07-19;6012;7013;849458;703238;58.5;48.4
62;2021-07-20;7935;10721;857393;713959;59.0;49.1
62;2021-07-21;9776;9406;867169;723365;59.7;49.8
62;2021-07-22;9800;9013;876969;732378;60.4;50.4
62;2021-07-23;10629;8405;887598;740783;61.1;51.0
62;2021-07-24;9664;10318;897262;751101;61.8;51.7
62;2021-07-25;5549;1877;902811;752978;62.1;51.8
62;2021-07-26;6239;5385;909050;758363;62.6;52.2
62;2021-07-27;9851;8125;918901;766488;63.3;52.8
62;2021-07-28;10404;7488;929305;773976;64.0;53.3
62;2021-07-29;12006;7657;941311;781633;64.8;53.8
62;2021-07-30;9092;6290;950403;787923;65.4;54.2
62;2021-07-31;6639;4023;957042;791946;65.9;54.5
62;2021-08-01;2342;1103;959384;793049;66.0;54.6
62;2021-08-02;6866;4759;966250;797808;66.5;54.9
62;2021-08-03;8629;7472;974879;805280;67.1;55.4
62;2021-08-04;9491;5483;984370;810763;67.8;55.8
62;2021-08-05;8376;5632;992746;816395;68.3;56.2
62;2021-08-06;7321;5932;1000067;822327;68.8;56.6
62;2021-08-07;5493;4958;1005560;827285;69.2;56.9
62;2021-08-08;1875;1301;1007435;828586;69.3;57.0
62;2021-08-09;5262;5031;1012697;833617;69.7;57.4
62;2021-08-10;6221;7358;1018918;840975;70.1;57.9
62;2021-08-11;5414;7381;1024332;848356;70.5;58.4
62;2021-08-12;6008;7001;1030340;855357;70.9;58.9
62;2021-08-13;4522;6061;1034862;861418;71.2;59.3
62;2021-08-14;3838;6868;1038700;868286;71.5;59.8
62;2021-08-15;1141;1212;1039841;869498;71.6;59.9
62;2021-08-16;3188;5864;1043029;875362;71.8;60.3
62;2021-08-17;4172;7347;1047201;882709;72.1;60.8
62;2021-08-18;4358;7244;1051559;889953;72.4;61.3
62;2021-08-19;4392;8581;1055951;898534;72.7;61.8
62;2021-08-20;3445;8464;1059396;906998;72.9;62.4
62;2021-08-21;2459;9765;1061855;916763;73.1;63.1
62;2021-08-22;392;2816;1062247;919579;73.1;63.3
62;2021-08-23;2746;7830;1064993;927409;73.3;63.8
62;2021-08-24;3841;10408;1068834;937817;73.6;64.6
62;2021-08-25;3510;9198;1072344;947015;73.8;65.2
62;2021-08-26;3193;9773;1075537;956788;74.0;65.9
62;2021-08-27;2598;8826;1078135;965614;74.2;66.5
62;2021-08-28;2043;7997;1080178;973611;74.4;67.0
62;2021-08-29;864;2253;1081042;975864;74.4;67.2
62;2021-08-30;2047;7387;1083089;983251;74.6;67.7
62;2021-08-31;2141;8022;1085230;991273;74.7;68.2
62;2021-09-01;1826;6169;1087056;997442;74.8;68.7
62;2021-09-02;1853;6851;1088909;1004293;75.0;69.1
62;2021-09-03;2071;7443;1090980;1011736;75.1;69.6
62;2021-09-04;2123;6680;1093103;1018416;75.2;70.1
62;2021-09-05;319;1265;1093422;1019681;75.3;70.2
62;2021-09-06;1030;3808;1094452;1023489;75.3;70.5
62;2021-09-07;1232;4350;1095684;1027839;75.4;70.7
62;2021-09-08;1286;4557;1096970;1032396;75.5;71.1
62;2021-09-09;1273;4713;1098243;1037109;75.6;71.4
62;2021-09-10;1591;4965;1099834;1042074;75.7;71.7
62;2021-09-11;1271;4291;1101105;1046365;75.8;72.0
62;2021-09-12;201;547;1101306;1046912;75.8;72.1
62;2021-09-13;774;2755;1102080;1049667;75.9;72.3
62;2021-09-14;1268;4267;1103348;1053934;75.9;72.5
62;2021-09-15;1328;4219;1104676;1058153;76.0;72.8
62;2021-09-16;1373;2913;1106049;1061066;76.1;73.0
62;2021-09-17;1327;2416;1107376;1063482;76.2;73.2
62;2021-09-18;1080;2881;1108456;1066363;76.3;73.4
62;2021-09-19;136;448;1108592;1066811;76.3;73.4
62;2021-09-20;600;1474;1109192;1068285;76.3;73.5
62;2021-09-21;885;2423;1110077;1070708;76.4;73.7
62;2021-09-22;790;2672;1110867;1073380;76.5;73.9
62;2021-09-23;724;1837;1111591;1075217;76.5;74.0
62;2021-09-24;812;1985;1112403;1077202;76.6;74.1
62;2021-09-25;716;2669;1113119;1079871;76.6;74.3
62;2021-09-26;73;373;1113192;1080244;76.6;74.4
62;2021-09-27;313;1055;1113505;1081299;76.6;74.4
62;2021-09-28;584;1704;1114089;1083003;76.7;74.5
62;2021-09-29;758;1900;1114847;1084903;76.7;74.7
62;2021-09-30;446;1005;1115293;1085908;76.8;74.7
62;2021-10-01;697;1657;1115990;1087565;76.8;74.9
62;2021-10-02;687;1495;1116677;1089060;76.9;75.0
62;2021-10-03;81;236;1116758;1089296;76.9;75.0
62;2021-10-04;373;787;1117131;1090083;76.9;75.0
62;2021-10-05;590;1450;1117721;1091533;76.9;75.1
63;2020-12-27;0;0;0;0;0.0;0.0
63;2020-12-28;1;0;1;0;0.0;0.0
63;2020-12-29;0;0;1;0;0.0;0.0
63;2020-12-30;0;0;1;0;0.0;0.0
63;2020-12-31;0;0;1;0;0.0;0.0
63;2021-01-01;1;0;2;0;0.0;0.0
63;2021-01-02;0;0;2;0;0.0;0.0
63;2021-01-03;1;0;3;0;0.0;0.0
63;2021-01-04;0;0;3;0;0.0;0.0
63;2021-01-05;1;0;4;0;0.0;0.0
63;2021-01-06;4;1;8;1;0.0;0.0
63;2021-01-07;310;0;318;1;0.0;0.0
63;2021-01-08;217;0;535;1;0.1;0.0
63;2021-01-09;91;0;626;1;0.1;0.0
63;2021-01-10;82;0;708;1;0.1;0.0
63;2021-01-11;432;2;1140;3;0.2;0.0
63;2021-01-12;661;1;1801;4;0.3;0.0
63;2021-01-13;873;2;2674;6;0.4;0.0
63;2021-01-14;547;8;3221;14;0.5;0.0
63;2021-01-15;432;3;3653;17;0.6;0.0
63;2021-01-16;157;0;3810;17;0.6;0.0
63;2021-01-17;133;0;3943;17;0.6;0.0
63;2021-01-18;634;2;4577;19;0.7;0.0
63;2021-01-19;868;2;5445;21;0.8;0.0
63;2021-01-20;1069;1;6514;22;1.0;0.0
63;2021-01-21;1018;3;7532;25;1.1;0.0
63;2021-01-22;970;3;8502;28;1.3;0.0
63;2021-01-23;192;0;8694;28;1.3;0.0
63;2021-01-24;165;2;8859;30;1.3;0.0
63;2021-01-25;829;0;9688;30;1.5;0.0
63;2021-01-26;974;2;10662;32;1.6;0.0
63;2021-01-27;1003;4;11665;36;1.8;0.0
63;2021-01-28;1322;67;12987;103;2.0;0.0
63;2021-01-29;1066;62;14053;165;2.1;0.0
63;2021-01-30;68;0;14121;165;2.1;0.0
63;2021-01-31;6;0;14127;165;2.1;0.0
63;2021-02-01;575;162;14702;327;2.2;0.0
63;2021-02-02;886;219;15588;546;2.4;0.1
63;2021-02-03;1475;269;17063;815;2.6;0.1
63;2021-02-04;2120;489;19183;1304;2.9;0.2
63;2021-02-05;1144;253;20327;1557;3.1;0.2
63;2021-02-06;116;0;20443;1557;3.1;0.2
63;2021-02-07;9;1;20452;1558;3.1;0.2
63;2021-02-08;538;345;20990;1903;3.2;0.3
63;2021-02-09;671;359;21661;2262;3.3;0.3
63;2021-02-10;609;508;22270;2770;3.4;0.4
63;2021-02-11;751;404;23021;3174;3.5;0.5
63;2021-02-12;820;732;23841;3906;3.6;0.6
63;2021-02-13;82;1;23923;3907;3.6;0.6
63;2021-02-14;0;57;23923;3964;3.6;0.6
63;2021-02-15;202;620;24125;4584;3.7;0.7
63;2021-02-16;409;952;24534;5536;3.7;0.8
63;2021-02-17;359;666;24893;6202;3.8;0.9
63;2021-02-18;607;659;25500;6861;3.9;1.0
63;2021-02-19;449;764;25949;7625;3.9;1.2
63;2021-02-20;35;17;25984;7642;3.9;1.2
63;2021-02-21;2;9;25986;7651;3.9;1.2
63;2021-02-22;291;689;26277;8340;4.0;1.3
63;2021-02-23;580;881;26857;9221;4.1;1.4
63;2021-02-24;696;1202;27553;10423;4.2;1.6
63;2021-02-25;1603;1437;29156;11860;4.4;1.8
63;2021-02-26;1623;1195;30779;13055;4.7;2.0
63;2021-02-27;641;66;31420;13121;4.8;2.0
63;2021-02-28;4;177;31424;13298;4.8;2.0
63;2021-03-01;586;403;32010;13701;4.8;2.1
63;2021-03-02;907;652;32917;14353;5.0;2.2
63;2021-03-03;1036;591;33953;14944;5.1;2.3
63;2021-03-04;1754;424;35707;15368;5.4;2.3
63;2021-03-05;2612;621;38319;15989;5.8;2.4
63;2021-03-06;1551;53;39870;16042;6.0;2.4
63;2021-03-07;514;19;40384;16061;6.1;2.4
63;2021-03-08;967;564;41351;16625;6.3;2.5
63;2021-03-09;1539;904;42890;17529;6.5;2.7
63;2021-03-10;1654;544;44544;18073;6.7;2.7
63;2021-03-11;3056;854;47600;18927;7.2;2.9
63;2021-03-12;3513;380;51113;19307;7.7;2.9
63;2021-03-13;2048;81;53161;19388;8.1;2.9
63;2021-03-14;61;21;53222;19409;8.1;2.9
63;2021-03-15;1770;359;54992;19768;8.3;3.0
63;2021-03-16;1747;390;56739;20158;8.6;3.1
63;2021-03-17;1642;652;58381;20810;8.8;3.2
63;2021-03-18;1945;730;60326;21540;9.1;3.3
63;2021-03-19;2741;482;63067;22022;9.6;3.3
63;2021-03-20;1122;67;64189;22089;9.7;3.3
63;2021-03-21;50;45;64239;22134;9.7;3.4
63;2021-03-22;1984;253;66223;22387;10.0;3.4
63;2021-03-23;2885;343;69108;22730;10.5;3.4
63;2021-03-24;3224;347;72332;23077;11.0;3.5
63;2021-03-25;4597;390;76929;23467;11.7;3.6
63;2021-03-26;4693;545;81622;24012;12.4;3.6
63;2021-03-27;2457;232;84079;24244;12.7;3.7
63;2021-03-28;1047;83;85126;24327;12.9;3.7
63;2021-03-29;2480;515;87606;24842;13.3;3.8
63;2021-03-30;3283;627;90889;25469;13.8;3.9
63;2021-03-31;2968;746;93857;26215;14.2;4.0
63;2021-04-01;3844;522;97701;26737;14.8;4.0
63;2021-04-02;3485;711;101186;27448;15.3;4.2
63;2021-04-03;1174;181;102360;27629;15.5;4.2
63;2021-04-04;877;29;103237;27658;15.6;4.2
63;2021-04-05;801;85;104038;27743;15.8;4.2
63;2021-04-06;2481;940;106519;28683;16.1;4.3
63;2021-04-07;3208;873;109727;29556;16.6;4.5
63;2021-04-08;4721;1221;114448;30777;17.3;4.7
63;2021-04-09;5314;999;119762;31776;18.1;4.8
63;2021-04-10;2221;481;121983;32257;18.5;4.9
63;2021-04-11;835;40;122818;32297;18.6;4.9
63;2021-04-12;1593;1309;124411;33606;18.8;5.1
63;2021-04-13;1986;1962;126397;35568;19.1;5.4
63;2021-04-14;2631;1438;129028;37006;19.5;5.6
63;2021-04-15;3809;1540;132837;38546;20.1;5.8
63;2021-04-16;2840;2157;135677;40703;20.5;6.2
63;2021-04-17;1233;672;136910;41375;20.7;6.3
63;2021-04-18;803;63;137713;41438;20.9;6.3
63;2021-04-19;1657;2100;139370;43538;21.1;6.6
63;2021-04-20;1702;2298;141072;45836;21.4;6.9
63;2021-04-21;1514;2407;142586;48243;21.6;7.3
63;2021-04-22;1916;2259;144502;50502;21.9;7.6
63;2021-04-23;2019;3109;146521;53611;22.2;8.1
63;2021-04-24;1192;1127;147713;54738;22.4;8.3
63;2021-04-25;554;412;148267;55150;22.5;8.4
63;2021-04-26;1438;2240;149705;57390;22.7;8.7
63;2021-04-27;2326;2607;152031;59997;23.0;9.1
63;2021-04-28;2346;3157;154377;63154;23.4;9.6
63;2021-04-29;2882;2805;157259;65959;23.8;10.0
63;2021-04-30;2862;2802;160121;68761;24.3;10.4
63;2021-05-01;1127;1051;161248;69812;24.4;10.6
63;2021-05-02;897;639;162145;70451;24.6;10.7
63;2021-05-03;2686;2233;164831;72684;25.0;11.0
63;2021-05-04;2878;2689;167709;75373;25.4;11.4
63;2021-05-05;2938;3118;170647;78491;25.8;11.9
63;2021-05-06;3673;3051;174320;81542;26.4;12.4
63;2021-05-07;4032;3526;178352;85068;27.0;12.9
63;2021-05-08;2002;654;180354;85722;27.3;13.0
63;2021-05-09;1802;606;182156;86328;27.6;13.1
63;2021-05-10;4194;2761;186350;89089;28.2;13.5
63;2021-05-11;5338;2758;191688;91847;29.0;13.9
63;2021-05-12;5274;2905;196962;94752;29.8;14.4
63;2021-05-13;4136;699;201098;95451;30.5;14.5
63;2021-05-14;4772;1509;205870;96960;31.2;14.7
63;2021-05-15;3727;986;209597;97946;31.7;14.8
63;2021-05-16;3521;447;213118;98393;32.3;14.9
63;2021-05-17;3902;1992;217020;100385;32.9;15.2
63;2021-05-18;5124;1610;222144;101995;33.6;15.4
63;2021-05-19;5228;1628;227372;103623;34.4;15.7
63;2021-05-20;6806;2090;234178;105713;35.5;16.0
63;2021-05-21;6256;2329;240434;108042;36.4;16.4
63;2021-05-22;3352;848;243786;108890;36.9;16.5
63;2021-05-23;2388;245;246174;109135;37.3;16.5
63;2021-05-24;2643;581;248817;109716;37.7;16.6
63;2021-05-25;4270;2642;253087;112358;38.3;17.0
63;2021-05-26;5452;2421;258539;114779;39.2;17.4
63;2021-05-27;6503;2799;265042;117578;40.1;17.8
63;2021-05-28;5422;3878;270464;121456;41.0;18.4
63;2021-05-29;3361;1500;273825;122956;41.5;18.6
63;2021-05-30;1579;217;275404;123173;41.7;18.7
63;2021-05-31;4157;2284;279561;125457;42.3;19.0
63;2021-06-01;3805;2946;283366;128403;42.9;19.4
63;2021-06-02;3887;2524;287253;130927;43.5;19.8
63;2021-06-03;4902;3134;292155;134061;44.2;20.3
63;2021-06-04;5100;3619;297255;137680;45.0;20.9
63;2021-06-05;2816;1742;300071;139422;45.4;21.1
63;2021-06-06;1309;698;301380;140120;45.6;21.2
63;2021-06-07;3163;2514;304543;142634;46.1;21.6
63;2021-06-08;2882;2746;307425;145380;46.6;22.0
63;2021-06-09;3025;2265;310450;147645;47.0;22.4
63;2021-06-10;3226;2688;313676;150333;47.5;22.8
63;2021-06-11;3099;4043;316775;154376;48.0;23.4
63;2021-06-12;1640;1969;318415;156345;48.2;23.7
63;2021-06-13;482;1098;318897;157443;48.3;23.8
63;2021-06-14;1824;3472;320721;160915;48.6;24.4
63;2021-06-15;2210;3477;322931;164392;48.9;24.9
63;2021-06-16;2576;3313;325507;167705;49.3;25.4
63;2021-06-17;2398;4314;327905;172019;49.7;26.1
63;2021-06-18;2480;5824;330385;177843;50.0;26.9
63;2021-06-19;1643;2835;332028;180678;50.3;27.4
63;2021-06-20;677;2441;332705;183119;50.4;27.7
63;2021-06-21;1272;5386;333977;188505;50.6;28.6
63;2021-06-22;1233;5537;335210;194042;50.8;29.4
63;2021-06-23;1532;4766;336742;198808;51.0;30.1
63;2021-06-24;1925;5383;338667;204191;51.3;30.9
63;2021-06-25;1751;5894;340418;210085;51.6;31.8
63;2021-06-26;1073;3352;341491;213437;51.7;32.3
63;2021-06-27;712;3487;342203;216924;51.8;32.9
63;2021-06-28;1136;5663;343339;222587;52.0;33.7
63;2021-06-29;1225;5159;344564;227746;52.2;34.5
63;2021-06-30;1606;5292;346170;233038;52.4;35.3
63;2021-07-01;1931;8064;348101;241102;52.7;36.5
63;2021-07-02;2062;6539;350163;247641;53.0;37.5
63;2021-07-03;965;2926;351128;250567;53.2;38.0
63;2021-07-04;1066;1885;352194;252452;53.3;38.2
63;2021-07-05;1540;6279;353734;258731;53.6;39.2
63;2021-07-06;1607;4808;355341;263539;53.8;39.9
63;2021-07-07;1975;4087;357316;267626;54.1;40.5
63;2021-07-08;2205;4579;359521;272205;54.5;41.2
63;2021-07-09;1924;5719;361445;277924;54.7;42.1
63;2021-07-10;1535;3415;362980;281339;55.0;42.6
63;2021-07-11;910;1537;363890;282876;55.1;42.8
63;2021-07-12;1597;8701;365487;291577;55.4;44.2
63;2021-07-13;3598;6131;369085;297708;55.9;45.1
63;2021-07-14;3618;1790;372703;299498;56.4;45.4
63;2021-07-15;4416;5028;377119;304526;57.1;46.1
63;2021-07-16;4694;5782;381813;310308;57.8;47.0
63;2021-07-17;3011;2473;384824;312781;58.3;47.4
63;2021-07-18;2825;1090;387649;313871;58.7;47.5
63;2021-07-19;4002;4844;391651;318715;59.3;48.3
63;2021-07-20;4737;5456;396388;324171;60.0;49.1
63;2021-07-21;4790;3975;401178;328146;60.8;49.7
63;2021-07-22;5509;4397;406687;332543;61.6;50.4
63;2021-07-23;5161;4650;411848;337193;62.4;51.1
63;2021-07-24;3677;1951;415525;339144;62.9;51.4
63;2021-07-25;3065;1438;418590;340582;63.4;51.6
63;2021-07-26;4042;3228;422632;343810;64.0;52.1
63;2021-07-27;3933;3162;426565;346972;64.6;52.6
63;2021-07-28;3854;2717;430419;349689;65.2;53.0
63;2021-07-29;4454;3157;434873;352846;65.9;53.4
63;2021-07-30;3816;3574;438689;356420;66.4;54.0
63;2021-07-31;2162;1718;440851;358138;66.8;54.2
63;2021-08-01;1197;836;442048;358974;67.0;54.4
63;2021-08-02;2239;3067;444287;362041;67.3;54.8
63;2021-08-03;2739;3252;447026;365293;67.7;55.3
63;2021-08-04;2818;3247;449844;368540;68.1;55.8
63;2021-08-05;2449;3478;452293;372018;68.5;56.3
63;2021-08-06;2360;4150;454653;376168;68.9;57.0
63;2021-08-07;1308;2808;455961;378976;69.1;57.4
63;2021-08-08;324;1205;456285;380181;69.1;57.6
63;2021-08-09;1907;4222;458192;384403;69.4;58.2
63;2021-08-10;2307;3993;460499;388396;69.7;58.8
63;2021-08-11;2142;3628;462641;392024;70.1;59.4
63;2021-08-12;1955;4622;464596;396646;70.4;60.1
63;2021-08-13;1688;4009;466284;400655;70.6;60.7
63;2021-08-14;841;3239;467125;403894;70.8;61.2
63;2021-08-15;184;1451;467309;405345;70.8;61.4
63;2021-08-16;1273;4399;468582;409744;71.0;62.1
63;2021-08-17;1655;4051;470237;413795;71.2;62.7
63;2021-08-18;1490;3305;471727;417100;71.4;63.2
63;2021-08-19;1369;3443;473096;420543;71.7;63.7
63;2021-08-20;1453;3712;474549;424255;71.9;64.3
63;2021-08-21;676;2165;475225;426420;72.0;64.6
63;2021-08-22;212;1092;475437;427512;72.0;64.8
63;2021-08-23;1155;3591;476592;431103;72.2;65.3
63;2021-08-24;1092;2991;477684;434094;72.4;65.7
63;2021-08-25;1014;2787;478698;436881;72.5;66.2
63;2021-08-26;1193;2707;479891;439588;72.7;66.6
63;2021-08-27;1301;3164;481192;442752;72.9;67.1
63;2021-08-28;713;1709;481905;444461;73.0;67.3
63;2021-08-29;107;577;482012;445038;73.0;67.4
63;2021-08-30;801;2446;482813;447484;73.1;67.8
63;2021-08-31;1000;2568;483813;450052;73.3;68.2
63;2021-09-01;1006;2138;484819;452190;73.4;68.5
63;2021-09-02;928;2200;485747;454390;73.6;68.8
63;2021-09-03;943;2664;486690;457054;73.7;69.2
63;2021-09-04;714;1537;487404;458591;73.8;69.5
63;2021-09-05;80;273;487484;458864;73.8;69.5
63;2021-09-06;625;1609;488109;460473;73.9;69.7
63;2021-09-07;682;1737;488791;462210;74.0;70.0
63;2021-09-08;718;1790;489509;464000;74.1;70.3
63;2021-09-09;614;1652;490123;465652;74.2;70.5
63;2021-09-10;744;2127;490867;467779;74.3;70.8
63;2021-09-11;460;1121;491327;468900;74.4;71.0
63;2021-09-12;50;159;491377;469059;74.4;71.0
63;2021-09-13;466;1476;491843;470535;74.5;71.3
63;2021-09-14;533;1418;492376;471953;74.6;71.5
63;2021-09-15;583;1294;492959;473247;74.7;71.7
63;2021-09-16;477;918;493436;474165;74.7;71.8
63;2021-09-17;477;1318;493913;475483;74.8;72.0
63;2021-09-18;321;1030;494234;476513;74.9;72.2
63;2021-09-19;41;97;494275;476610;74.9;72.2
63;2021-09-20;366;719;494641;477329;74.9;72.3
63;2021-09-21;411;756;495052;478085;75.0;72.4
63;2021-09-22;400;1113;495452;479198;75.0;72.6
63;2021-09-23;302;766;495754;479964;75.1;72.7
63;2021-09-24;487;1270;496241;481234;75.2;72.9
63;2021-09-25;253;827;496494;482061;75.2;73.0
63;2021-09-26;26;100;496520;482161;75.2;73.0
63;2021-09-27;318;650;496838;482811;75.3;73.1
63;2021-09-28;294;689;497132;483500;75.3;73.2
63;2021-09-29;308;807;497440;484307;75.3;73.4
63;2021-09-30;296;757;497736;485064;75.4;73.5
63;2021-10-01;474;906;498210;485970;75.5;73.6
63;2021-10-02;273;557;498483;486527;75.5;73.7
63;2021-10-03;37;69;498520;486596;75.5;73.7
63;2021-10-04;212;545;498732;487141;75.5;73.8
63;2021-10-05;257;452;498989;487593;75.6;73.9
64;2020-12-27;1;0;1;0;0.0;0.0
64;2020-12-28;2;0;3;0;0.0;0.0
64;2020-12-29;0;0;3;0;0.0;0.0
64;2020-12-30;1;0;4;0;0.0;0.0
64;2020-12-31;0;0;4;0;0.0;0.0
64;2021-01-01;1;0;5;0;0.0;0.0
64;2021-01-02;0;0;5;0;0.0;0.0
64;2021-01-03;0;0;5;0;0.0;0.0
64;2021-01-04;29;0;34;0;0.0;0.0
64;2021-01-05;25;0;59;0;0.0;0.0
64;2021-01-06;189;0;248;0;0.0;0.0
64;2021-01-07;842;1;1090;1;0.2;0.0
64;2021-01-08;880;2;1970;3;0.3;0.0
64;2021-01-09;54;0;2024;3;0.3;0.0
64;2021-01-10;2;0;2026;3;0.3;0.0
64;2021-01-11;543;0;2569;3;0.4;0.0
64;2021-01-12;760;3;3329;6;0.5;0.0
64;2021-01-13;866;2;4195;8;0.6;0.0
64;2021-01-14;1046;3;5241;11;0.8;0.0
64;2021-01-15;929;3;6170;14;0.9;0.0
64;2021-01-16;70;0;6240;14;0.9;0.0
64;2021-01-17;5;0;6245;14;0.9;0.0
64;2021-01-18;942;5;7187;19;1.1;0.0
64;2021-01-19;1448;2;8635;21;1.3;0.0
64;2021-01-20;1618;3;10253;24;1.5;0.0
64;2021-01-21;2603;1;12856;25;1.9;0.0
64;2021-01-22;1652;3;14508;28;2.1;0.0
64;2021-01-23;525;1;15033;29;2.2;0.0
64;2021-01-24;89;0;15122;29;2.2;0.0
64;2021-01-25;974;7;16096;36;2.4;0.0
64;2021-01-26;1358;21;17454;57;2.6;0.0
64;2021-01-27;1242;115;18696;172;2.7;0.0
64;2021-01-28;1652;603;20348;775;3.0;0.1
64;2021-01-29;974;604;21322;1379;3.1;0.2
64;2021-01-30;469;54;21791;1433;3.2;0.2
64;2021-01-31;93;0;21884;1433;3.2;0.2
64;2021-02-01;675;287;22559;1720;3.3;0.3
64;2021-02-02;1134;523;23693;2243;3.5;0.3
64;2021-02-03;1044;603;24737;2846;3.6;0.4
64;2021-02-04;1028;510;25765;3356;3.8;0.5
64;2021-02-05;869;445;26634;3801;3.9;0.6
64;2021-02-06;501;31;27135;3832;4.0;0.6
64;2021-02-07;131;3;27266;3835;4.0;0.6
64;2021-02-08;769;276;28035;4111;4.1;0.6
64;2021-02-09;949;658;28984;4769;4.2;0.7
64;2021-02-10;916;709;29900;5478;4.4;0.8
64;2021-02-11;1199;1240;31099;6718;4.6;1.0
64;2021-02-12;1076;963;32175;7681;4.7;1.1
64;2021-02-13;223;213;32398;7894;4.7;1.2
64;2021-02-14;38;26;32436;7920;4.7;1.2
64;2021-02-15;223;856;32659;8776;4.8;1.3
64;2021-02-16;261;1136;32920;9912;4.8;1.5
64;2021-02-17;291;992;33211;10904;4.9;1.6
64;2021-02-18;509;1461;33720;12365;4.9;1.8
64;2021-02-19;413;1037;34133;13402;5.0;2.0
64;2021-02-20;119;317;34252;13719;5.0;2.0
64;2021-02-21;20;66;34272;13785;5.0;2.0
64;2021-02-22;479;773;34751;14558;5.1;2.1
64;2021-02-23;722;906;35473;15464;5.2;2.3
64;2021-02-24;731;821;36204;16285;5.3;2.4
64;2021-02-25;1094;772;37298;17057;5.5;2.5
64;2021-02-26;1217;742;38515;17799;5.6;2.6
64;2021-02-27;864;303;39379;18102;5.8;2.6
64;2021-02-28;42;58;39421;18160;5.8;2.7
64;2021-03-01;767;631;40188;18791;5.9;2.8
64;2021-03-02;1077;755;41265;19546;6.0;2.9
64;2021-03-03;1250;861;42515;20407;6.2;3.0
64;2021-03-04;1882;1065;44397;21472;6.5;3.1
64;2021-03-05;2199;923;46596;22395;6.8;3.3
64;2021-03-06;1543;457;48139;22852;7.0;3.3
64;2021-03-07;595;86;48734;22938;7.1;3.4
64;2021-03-08;1534;678;50268;23616;7.4;3.5
64;2021-03-09;2069;760;52337;24376;7.7;3.6
64;2021-03-10;2082;690;54419;25066;8.0;3.7
64;2021-03-11;2976;994;57395;26060;8.4;3.8
64;2021-03-12;3488;565;60883;26625;8.9;3.9
64;2021-03-13;2258;159;63141;26784;9.2;3.9
64;2021-03-14;233;15;63374;26799;9.3;3.9
64;2021-03-15;2337;226;65711;27025;9.6;4.0
64;2021-03-16;2001;259;67712;27284;9.9;4.0
64;2021-03-17;2072;236;69784;27520;10.2;4.0
64;2021-03-18;2463;203;72247;27723;10.6;4.1
64;2021-03-19;3014;277;75261;28000;11.0;4.1
64;2021-03-20;2470;93;77731;28093;11.4;4.1
64;2021-03-21;1282;27;79013;28120;11.6;4.1
64;2021-03-22;2588;540;81601;28660;11.9;4.2
64;2021-03-23;3197;644;84798;29304;12.4;4.3
64;2021-03-24;3564;696;88362;30000;12.9;4.4
64;2021-03-25;4350;792;92712;30792;13.6;4.5
64;2021-03-26;4429;696;97141;31488;14.2;4.6
64;2021-03-27;2974;429;100115;31917;14.7;4.7
64;2021-03-28;521;55;100636;31972;14.7;4.7
64;2021-03-29;3028;873;103664;32845;15.2;4.8
64;2021-03-30;4135;862;107799;33707;15.8;4.9
64;2021-03-31;3594;787;111393;34494;16.3;5.0
64;2021-04-01;4786;935;116179;35429;17.0;5.2
64;2021-04-02;4444;743;120623;36172;17.7;5.3
64;2021-04-03;2061;584;122684;36756;18.0;5.4
64;2021-04-04;309;48;122993;36804;18.0;5.4
64;2021-04-05;1689;144;124682;36948;18.3;5.4
64;2021-04-06;3647;1387;128329;38335;18.8;5.6
64;2021-04-07;3947;1508;132276;39843;19.4;5.8
64;2021-04-08;5192;1592;137468;41435;20.1;6.1
64;2021-04-09;5899;1636;143367;43071;21.0;6.3
64;2021-04-10;3222;1048;146589;44119;21.5;6.5
64;2021-04-11;448;250;147037;44369;21.5;6.5
64;2021-04-12;4047;1865;151084;46234;22.1;6.8
64;2021-04-13;4466;2158;155550;48392;22.8;7.1
64;2021-04-14;4088;2134;159638;50526;23.4;7.4
64;2021-04-15;4394;2292;164032;52818;24.0;7.7
64;2021-04-16;4300;2253;168332;55071;24.6;8.1
64;2021-04-17;2479;1498;170811;56569;25.0;8.3
64;2021-04-18;1096;1181;171907;57750;25.2;8.5
64;2021-04-19;2736;2440;174643;60190;25.6;8.8
64;2021-04-20;3208;2425;177851;62615;26.0;9.2
64;2021-04-21;3224;2559;181075;65174;26.5;9.5
64;2021-04-22;3389;2775;184464;67949;27.0;9.9
64;2021-04-23;3435;2615;187899;70564;27.5;10.3
64;2021-04-24;2068;1586;189967;72150;27.8;10.6
64;2021-04-25;290;235;190257;72385;27.8;10.6
64;2021-04-26;2661;2645;192918;75030;28.2;11.0
64;2021-04-27;3060;3127;195978;78157;28.7;11.4
64;2021-04-28;3604;3053;199582;81210;29.2;11.9
64;2021-04-29;4650;3454;204232;84664;29.9;12.4
64;2021-04-30;4085;3598;208317;88262;30.5;12.9
64;2021-05-01;1486;1030;209803;89292;30.7;13.1
64;2021-05-02;446;325;210249;89617;30.8;13.1
64;2021-05-03;2910;3520;213159;93137;31.2;13.6
64;2021-05-04;3646;3983;216805;97120;31.7;14.2
64;2021-05-05;3358;4007;220163;101127;32.2;14.8
64;2021-05-06;4110;3989;224273;105116;32.8;15.4
64;2021-05-07;3921;4186;228194;109302;33.4;16.0
64;2021-05-08;2623;1235;230817;110537;33.8;16.2
64;2021-05-09;722;305;231539;110842;33.9;16.2
64;2021-05-10;2862;4232;234401;115074;34.3;16.8
64;2021-05-11;4183;4140;238584;119214;34.9;17.5
64;2021-05-12;4489;3942;243073;123156;35.6;18.0
64;2021-05-13;3198;885;246271;124041;36.0;18.2
64;2021-05-14;5153;3150;251424;127191;36.8;18.6
64;2021-05-15;3525;1865;254949;129056;37.3;18.9
64;2021-05-16;498;225;255447;129281;37.4;18.9
64;2021-05-17;4190;2389;259637;131670;38.0;19.3
64;2021-05-18;5163;2298;264800;133968;38.8;19.6
64;2021-05-19;4980;2166;269780;136134;39.5;19.9
64;2021-05-20;5567;2158;275347;138292;40.3;20.2
64;2021-05-21;5268;2246;280615;140538;41.1;20.6
64;2021-05-22;3581;1508;284196;142046;41.6;20.8
64;2021-05-23;431;206;284627;142252;41.7;20.8
64;2021-05-24;2996;1232;287623;143484;42.1;21.0
64;2021-05-25;4332;2851;291955;146335;42.7;21.4
64;2021-05-26;4357;2713;296312;149048;43.4;21.8
64;2021-05-27;5283;3156;301595;152204;44.1;22.3
64;2021-05-28;4620;3433;306215;155637;44.8;22.8
64;2021-05-29;2810;2112;309025;157749;45.2;23.1
64;2021-05-30;439;203;309464;157952;45.3;23.1
64;2021-05-31;3889;3657;313353;161609;45.9;23.7
64;2021-06-01;5335;3566;318688;165175;46.6;24.2
64;2021-06-02;4931;3174;323619;168349;47.4;24.6
64;2021-06-03;6365;3254;329984;171603;48.3;25.1
64;2021-06-04;5149;4551;335133;176154;49.1;25.8
64;2021-06-05;3482;2520;338615;178674;49.6;26.2
64;2021-06-06;2014;328;340629;179002;49.9;26.2
64;2021-06-07;4128;4332;344757;183334;50.5;26.8
64;2021-06-08;5151;4118;349908;187452;51.2;27.4
64;2021-06-09;5150;3656;355058;191108;52.0;28.0
64;2021-06-10;6181;3145;361239;194253;52.9;28.4
64;2021-06-11;5584;4874;366823;199127;53.7;29.1
64;2021-06-12;3949;2332;370772;201459;54.3;29.5
64;2021-06-13;1555;393;372327;201852;54.5;29.5
64;2021-06-14;3669;4792;375996;206644;55.0;30.2
64;2021-06-15;4570;4707;380566;211351;55.7;30.9
64;2021-06-16;4470;4664;385036;216015;56.4;31.6
64;2021-06-17;3641;4306;388677;220321;56.9;32.2
64;2021-06-18;4421;5167;393098;225488;57.5;33.0
64;2021-06-19;2984;3279;396082;228767;58.0;33.5
64;2021-06-20;881;539;396963;229306;58.1;33.6
64;2021-06-21;2314;5125;399277;234431;58.4;34.3
64;2021-06-22;2555;5726;401832;240157;58.8;35.2
64;2021-06-23;3104;5480;404936;245637;59.3;36.0
64;2021-06-24;2719;3810;407655;249447;59.7;36.5
64;2021-06-25;2900;6436;410555;255883;60.1;37.5
64;2021-06-26;1798;3835;412353;259718;60.4;38.0
64;2021-06-27;493;713;412846;260431;60.4;38.1
64;2021-06-28;1935;6070;414781;266501;60.7;39.0
64;2021-06-29;1967;6265;416748;272766;61.0;39.9
64;2021-06-30;2255;6000;419003;278766;61.3;40.8
64;2021-07-01;2407;5341;421410;284107;61.7;41.6
64;2021-07-02;2306;6403;423716;290510;62.0;42.5
64;2021-07-03;1263;3782;424979;294292;62.2;43.1
64;2021-07-04;411;847;425390;295139;62.3;43.2
64;2021-07-05;1376;5403;426766;300542;62.5;44.0
64;2021-07-06;1994;6151;428760;306693;62.8;44.9
64;2021-07-07;2063;5751;430823;312444;63.1;45.7
64;2021-07-08;1803;4397;432626;316841;63.3;46.4
64;2021-07-09;1825;6536;434451;323377;63.6;47.3
64;2021-07-10;1171;3879;435622;327256;63.8;47.9
64;2021-07-11;253;860;435875;328116;63.8;48.0
64;2021-07-12;1500;6086;437375;334202;64.0;48.9
64;2021-07-13;2366;7247;439741;341449;64.4;50.0
64;2021-07-14;2368;3405;442109;344854;64.7;50.5
64;2021-07-15;2104;5480;444213;350334;65.0;51.3
64;2021-07-16;2848;6770;447061;357104;65.4;52.3
64;2021-07-17;2338;4585;449399;361689;65.8;52.9
64;2021-07-18;716;2051;450115;363740;65.9;53.2
64;2021-07-19;2348;6121;452463;369861;66.2;54.1
64;2021-07-20;3131;6560;455594;376421;66.7;55.1
64;2021-07-21;3345;6044;458939;382465;67.2;56.0
64;2021-07-22;3808;5716;462747;388181;67.7;56.8
64;2021-07-23;3725;5618;466472;393799;68.3;57.6
64;2021-07-24;2553;4429;469025;398228;68.7;58.3
64;2021-07-25;753;1062;469778;399290;68.8;58.4
64;2021-07-26;3085;5131;472863;404421;69.2;59.2
64;2021-07-27;4261;5144;477124;409565;69.8;60.0
64;2021-07-28;4315;4597;481439;414162;70.5;60.6
64;2021-07-29;5518;3904;486957;418066;71.3;61.2
64;2021-07-30;5146;4227;492103;422293;72.0;61.8
64;2021-07-31;3171;3346;495274;425639;72.5;62.3
64;2021-08-01;1145;589;496419;426228;72.7;62.4
64;2021-08-02;4369;2631;500788;428859;73.3;62.8
64;2021-08-03;4556;3176;505344;432035;74.0;63.2
64;2021-08-04;4132;2999;509476;435034;74.6;63.7
64;2021-08-05;4037;2614;513513;437648;75.2;64.1
64;2021-08-06;3844;3334;517357;440982;75.7;64.5
64;2021-08-07;2481;2701;519838;443683;76.1;64.9
64;2021-08-08;492;609;520330;444292;76.2;65.0
64;2021-08-09;2739;3201;523069;447493;76.6;65.5
64;2021-08-10;3352;3436;526421;450929;77.1;66.0
64;2021-08-11;3067;3264;529488;454193;77.5;66.5
64;2021-08-12;3190;3307;532678;457500;78.0;67.0
64;2021-08-13;2575;3660;535253;461160;78.3;67.5
64;2021-08-14;1632;2683;536885;463843;78.6;67.9
64;2021-08-15;208;691;537093;464534;78.6;68.0
64;2021-08-16;2102;3236;539195;467770;78.9;68.5
64;2021-08-17;2299;3709;541494;471479;79.3;69.0
64;2021-08-18;2044;3520;543538;474999;79.6;69.5
64;2021-08-19;1938;3525;545476;478524;79.8;70.0
64;2021-08-20;1578;3975;547054;482499;80.1;70.6
64;2021-08-21;975;2882;548029;485381;80.2;71.0
64;2021-08-22;160;895;548189;486276;80.2;71.2
64;2021-08-23;1268;3238;549457;489514;80.4;71.7
64;2021-08-24;1378;4596;550835;494110;80.6;72.3
64;2021-08-25;1260;3747;552095;497857;80.8;72.9
64;2021-08-26;1111;3532;553206;501389;81.0;73.4
64;2021-08-27;1189;4229;554395;505618;81.2;74.0
64;2021-08-28;734;2496;555129;508114;81.3;74.4
64;2021-08-29;90;533;555219;508647;81.3;74.5
64;2021-08-30;989;3615;556208;512262;81.4;75.0
64;2021-08-31;990;3973;557198;516235;81.6;75.6
64;2021-09-01;925;3196;558123;519431;81.7;76.0
64;2021-09-02;898;3260;559021;522691;81.8;76.5
64;2021-09-03;872;3202;559893;525893;82.0;77.0
64;2021-09-04;698;2246;560591;528139;82.1;77.3
64;2021-09-05;74;267;560665;528406;82.1;77.3
64;2021-09-06;532;2582;561197;530988;82.1;77.7
64;2021-09-07;714;2337;561911;533325;82.3;78.1
64;2021-09-08;734;2832;562645;536157;82.4;78.5
64;2021-09-09;475;2166;563120;538323;82.4;78.8
64;2021-09-10;744;2473;563864;540796;82.5;79.2
64;2021-09-11;592;2136;564456;542932;82.6;79.5
64;2021-09-12;60;211;564516;543143;82.6;79.5
64;2021-09-13;441;1916;564957;545059;82.7;79.8
64;2021-09-14;489;1927;565446;546986;82.8;80.1
64;2021-09-15;688;1747;566134;548733;82.9;80.3
64;2021-09-16;484;843;566618;549576;82.9;80.4
64;2021-09-17;564;1354;567182;550930;83.0;80.6
64;2021-09-18;331;1257;567513;552187;83.1;80.8
64;2021-09-19;18;42;567531;552229;83.1;80.8
64;2021-09-20;248;480;567779;552709;83.1;80.9
64;2021-09-21;430;951;568209;553660;83.2;81.0
64;2021-09-22;380;1426;568589;555086;83.2;81.3
64;2021-09-23;278;730;568867;555816;83.3;81.4
64;2021-09-24;398;986;569265;556802;83.3;81.5
64;2021-09-25;298;1033;569563;557835;83.4;81.7
64;2021-09-26;0;4;569563;557839;83.4;81.7
64;2021-09-27;234;565;569797;558404;83.4;81.7
64;2021-09-28;260;671;570057;559075;83.4;81.8
64;2021-09-29;341;983;570398;560058;83.5;82.0
64;2021-09-30;257;441;570655;560499;83.5;82.0
64;2021-10-01;308;726;570963;561225;83.6;82.2
64;2021-10-02;214;566;571177;561791;83.6;82.2
64;2021-10-03;0;2;571177;561793;83.6;82.2
64;2021-10-04;238;425;571415;562218;83.6;82.3
64;2021-10-05;309;633;571724;562851;83.7;82.4
65;2020-12-27;0;0;0;0;0.0;0.0
65;2020-12-28;1;0;1;0;0.0;0.0
65;2020-12-29;0;0;1;0;0.0;0.0
65;2020-12-30;0;0;1;0;0.0;0.0
65;2020-12-31;0;0;1;0;0.0;0.0
65;2021-01-01;1;0;2;0;0.0;0.0
65;2021-01-02;0;0;2;0;0.0;0.0
65;2021-01-03;0;0;2;0;0.0;0.0
65;2021-01-04;0;0;2;0;0.0;0.0
65;2021-01-05;1;0;3;0;0.0;0.0
65;2021-01-06;3;0;6;0;0.0;0.0
65;2021-01-07;168;0;174;0;0.1;0.0
65;2021-01-08;253;1;427;1;0.2;0.0
65;2021-01-09;177;1;604;2;0.3;0.0
65;2021-01-10;1;0;605;2;0.3;0.0
65;2021-01-11;275;3;880;5;0.4;0.0
65;2021-01-12;271;1;1151;6;0.5;0.0
65;2021-01-13;587;1;1738;7;0.8;0.0
65;2021-01-14;581;5;2319;12;1.0;0.0
65;2021-01-15;527;2;2846;14;1.3;0.0
65;2021-01-16;221;2;3067;16;1.4;0.0
65;2021-01-17;0;0;3067;16;1.4;0.0
65;2021-01-18;554;4;3621;20;1.6;0.0
65;2021-01-19;571;2;4192;22;1.8;0.0
65;2021-01-20;585;5;4777;27;2.1;0.0
65;2021-01-21;585;0;5362;27;2.4;0.0
65;2021-01-22;598;0;5960;27;2.6;0.0
65;2021-01-23;174;1;6134;28;2.7;0.0
65;2021-01-24;3;1;6137;29;2.7;0.0
65;2021-01-25;551;4;6688;33;2.9;0.0
65;2021-01-26;883;2;7571;35;3.3;0.0
65;2021-01-27;592;10;8163;45;3.6;0.0
65;2021-01-28;509;70;8672;115;3.8;0.1
65;2021-01-29;426;135;9098;250;4.0;0.1
65;2021-01-30;182;42;9280;292;4.1;0.1
65;2021-01-31;15;0;9295;292;4.1;0.1
65;2021-02-01;351;78;9646;370;4.3;0.2
65;2021-02-02;432;146;10078;516;4.4;0.2
65;2021-02-03;463;207;10541;723;4.6;0.3
65;2021-02-04;310;267;10851;990;4.8;0.4
65;2021-02-05;284;311;11135;1301;4.9;0.6
65;2021-02-06;99;72;11234;1373;5.0;0.6
65;2021-02-07;10;0;11244;1373;5.0;0.6
65;2021-02-08;425;184;11669;1557;5.1;0.7
65;2021-02-09;272;308;11941;1865;5.3;0.8
65;2021-02-10;298;202;12239;2067;5.4;0.9
65;2021-02-11;320;226;12559;2293;5.5;1.0
65;2021-02-12;277;175;12836;2468;5.7;1.1
65;2021-02-13;125;78;12961;2546;5.7;1.1
65;2021-02-14;3;15;12964;2561;5.7;1.1
65;2021-02-15;203;314;13167;2875;5.8;1.3
65;2021-02-16;488;449;13655;3324;6.0;1.5
65;2021-02-17;231;405;13886;3729;6.1;1.6
65;2021-02-18;284;467;14170;4196;6.2;1.8
65;2021-02-19;156;365;14326;4561;6.3;2.0
65;2021-02-20;53;140;14379;4701;6.3;2.1
65;2021-02-21;3;48;14382;4749;6.3;2.1
65;2021-02-22;167;437;14549;5186;6.4;2.3
65;2021-02-23;249;426;14798;5612;6.5;2.5
65;2021-02-24;231;536;15029;6148;6.6;2.7
65;2021-02-25;215;157;15244;6305;6.7;2.8
65;2021-02-26;349;636;15593;6941;6.9;3.1
65;2021-02-27;109;166;15702;7107;6.9;3.1
65;2021-02-28;1;0;15703;7107;6.9;3.1
65;2021-03-01;379;316;16082;7423;7.1;3.3
65;2021-03-02;455;281;16537;7704;7.3;3.4
65;2021-03-03;381;334;16918;8038;7.5;3.5
65;2021-03-04;696;286;17614;8324;7.8;3.7
65;2021-03-05;679;261;18293;8585;8.1;3.8
65;2021-03-06;1187;78;19480;8663;8.6;3.8
65;2021-03-07;257;12;19737;8675;8.7;3.8
65;2021-03-08;412;315;20149;8990;8.9;4.0
65;2021-03-09;670;309;20819;9299;9.2;4.1
65;2021-03-10;624;347;21443;9646;9.5;4.3
65;2021-03-11;778;337;22221;9983;9.8;4.4
65;2021-03-12;1060;184;23281;10167;10.3;4.5
65;2021-03-13;356;88;23637;10255;10.4;4.5
65;2021-03-14;3;30;23640;10285;10.4;4.5
65;2021-03-15;816;182;24456;10467;10.8;4.6
65;2021-03-16;694;212;25150;10679;11.1;4.7
65;2021-03-17;712;201;25862;10880;11.4;4.8
65;2021-03-18;537;228;26399;11108;11.6;4.9
65;2021-03-19;878;158;27277;11266;12.0;5.0
65;2021-03-20;245;42;27522;11308;12.1;5.0
65;2021-03-21;12;2;27534;11310;12.1;5.0
65;2021-03-22;734;147;28268;11457;12.5;5.1
65;2021-03-23;838;359;29106;11816;12.8;5.2
65;2021-03-24;868;248;29974;12064;13.2;5.3
65;2021-03-25;1253;188;31227;12252;13.8;5.4
65;2021-03-26;1225;141;32452;12393;14.3;5.5
65;2021-03-27;1357;92;33809;12485;14.9;5.5
65;2021-03-28;1;1;33810;12486;14.9;5.5
65;2021-03-29;1490;357;35300;12843;15.6;5.7
65;2021-03-30;1357;405;36657;13248;16.2;5.8
65;2021-03-31;1208;366;37865;13614;16.7;6.0
65;2021-04-01;1509;393;39374;14007;17.4;6.2
65;2021-04-02;1685;286;41059;14293;18.1;6.3
65;2021-04-03;247;45;41306;14338;18.2;6.3
65;2021-04-04;4;2;41310;14340;18.2;6.3
65;2021-04-05;158;44;41468;14384;18.3;6.3
65;2021-04-06;1294;494;42762;14878;18.9;6.6
65;2021-04-07;1958;456;44720;15334;19.7;6.8
65;2021-04-08;1643;415;46363;15749;20.4;6.9
65;2021-04-09;1643;471;48006;16220;21.2;7.2
65;2021-04-10;1591;150;49597;16370;21.9;7.2
65;2021-04-11;3;0;49600;16370;21.9;7.2
65;2021-04-12;1352;732;50952;17102;22.5;7.5
65;2021-04-13;1584;589;52536;17691;23.2;7.8
65;2021-04-14;1905;744;54441;18435;24.0;8.1
65;2021-04-15;1701;669;56142;19104;24.7;8.4
65;2021-04-16;1824;527;57966;19631;25.6;8.7
65;2021-04-17;2156;131;60122;19762;26.5;8.7
65;2021-04-18;7;27;60129;19789;26.5;8.7
65;2021-04-19;1337;767;61466;20556;27.1;9.1
65;2021-04-20;1530;706;62996;21262;27.8;9.4
65;2021-04-21;1052;1041;64048;22303;28.2;9.8
65;2021-04-22;1647;725;65695;23028;29.0;10.2
65;2021-04-23;1160;1146;66855;24174;29.5;10.7
65;2021-04-24;1265;610;68120;24784;30.0;10.9
65;2021-04-25;31;15;68151;24799;30.0;10.9
65;2021-04-26;1610;1289;69761;26088;30.8;11.5
65;2021-04-27;1423;1336;71184;27424;31.4;12.1
65;2021-04-28;1731;1021;72915;28445;32.1;12.5
65;2021-04-29;1959;1032;74874;29477;33.0;13.0
65;2021-04-30;1782;922;76656;30399;33.8;13.4
65;2021-05-01;1574;230;78230;30629;34.5;13.5
65;2021-05-02;671;25;78901;30654;34.8;13.5
65;2021-05-03;1280;1618;80181;32272;35.3;14.2
65;2021-05-04;1535;1239;81716;33511;36.0;14.8
65;2021-05-05;1374;1640;83090;35151;36.6;15.5
65;2021-05-06;1558;1171;84648;36322;37.3;16.0
65;2021-05-07;1275;1566;85923;37888;37.9;16.7
65;2021-05-08;1647;442;87570;38330;38.6;16.9
65;2021-05-09;0;87;87570;38417;38.6;16.9
65;2021-05-10;953;1883;88523;40300;39.0;17.8
65;2021-05-11;1061;1808;89584;42108;39.5;18.6
65;2021-05-12;1236;1637;90820;43745;40.0;19.3
65;2021-05-13;1345;171;92165;43916;40.6;19.4
65;2021-05-14;1575;1094;93740;45010;41.3;19.8
65;2021-05-15;1402;509;95142;45519;41.9;20.1
65;2021-05-16;1444;69;96586;45588;42.6;20.1
65;2021-05-17;1036;1614;97622;47202;43.0;20.8
65;2021-05-18;1612;1207;99234;48409;43.7;21.3
65;2021-05-19;1684;1010;100918;49419;44.5;21.8
65;2021-05-20;1845;1054;102763;50473;45.3;22.3
65;2021-05-21;1790;1230;104553;51703;46.1;22.8
65;2021-05-22;1287;638;105840;52341;46.7;23.1
65;2021-05-23;689;32;106529;52373;47.0;23.1
65;2021-05-24;703;77;107232;52450;47.3;23.1
65;2021-05-25;1359;1547;108591;53997;47.9;23.8
65;2021-05-26;1471;1352;110062;55349;48.5;24.4
65;2021-05-27;1622;1461;111684;56810;49.2;25.0
65;2021-05-28;1598;1671;113282;58481;49.9;25.8
65;2021-05-29;1188;1515;114470;59996;50.5;26.4
65;2021-05-30;7;10;114477;60006;50.5;26.5
65;2021-05-31;1323;1297;115800;61303;51.0;27.0
65;2021-06-01;1832;938;117632;62241;51.9;27.4
65;2021-06-02;1574;950;119206;63191;52.6;27.9
65;2021-06-03;1343;1105;120549;64296;53.1;28.3
65;2021-06-04;1790;1559;122339;65855;53.9;29.0
65;2021-06-05;432;1240;122771;67095;54.1;29.6
65;2021-06-06;3;13;122774;67108;54.1;29.6
65;2021-06-07;675;1984;123449;69092;54.4;30.5
65;2021-06-08;956;1533;124405;70625;54.8;31.1
65;2021-06-09;828;1546;125233;72171;55.2;31.8
65;2021-06-10;739;1153;125972;73324;55.5;32.3
65;2021-06-11;909;1801;126881;75125;55.9;33.1
65;2021-06-12;150;640;127031;75765;56.0;33.4
65;2021-06-13;5;7;127036;75772;56.0;33.4
65;2021-06-14;501;2421;127537;78193;56.2;34.5
65;2021-06-15;942;1801;128479;79994;56.6;35.3
65;2021-06-16;1063;1365;129542;81359;57.1;35.9
65;2021-06-17;814;1046;130356;82405;57.5;36.3
65;2021-06-18;1019;1633;131375;84038;57.9;37.0
65;2021-06-19;690;1689;132065;85727;58.2;37.8
65;2021-06-20;2;2;132067;85729;58.2;37.8
65;2021-06-21;735;1941;132802;87670;58.5;38.6
65;2021-06-22;1045;1479;133847;89149;59.0;39.3
65;2021-06-23;1063;1234;134910;90383;59.5;39.8
65;2021-06-24;973;1143;135883;91526;59.9;40.3
65;2021-06-25;831;1967;136714;93493;60.3;41.2
65;2021-06-26;168;1658;136882;95151;60.3;41.9
65;2021-06-27;15;1100;136897;96251;60.3;42.4
65;2021-06-28;444;2301;137341;98552;60.5;43.4
65;2021-06-29;683;1921;138024;100473;60.8;44.3
65;2021-06-30;933;1678;138957;102151;61.3;45.0
65;2021-07-01;605;750;139562;102901;61.5;45.4
65;2021-07-02;1166;1732;140728;104633;62.0;46.1
65;2021-07-03;197;1915;140925;106548;62.1;47.0
65;2021-07-04;416;186;141341;106734;62.3;47.1
65;2021-07-05;641;1992;141982;108726;62.6;47.9
65;2021-07-06;897;2127;142879;110853;63.0;48.9
65;2021-07-07;977;1516;143856;112369;63.4;49.5
65;2021-07-08;328;664;144184;113033;63.6;49.8
65;2021-07-09;550;1592;144734;114625;63.8;50.5
65;2021-07-10;304;956;145038;115581;63.9;51.0
65;2021-07-11;0;0;145038;115581;63.9;51.0
65;2021-07-12;480;2220;145518;117801;64.2;51.9
65;2021-07-13;700;2148;146218;119949;64.5;52.9
65;2021-07-14;214;52;146432;120001;64.6;52.9
65;2021-07-15;1097;1663;147529;121664;65.0;53.6
65;2021-07-16;1186;1885;148715;123549;65.6;54.5
65;2021-07-17;431;541;149146;124090;65.7;54.7
65;2021-07-18;22;11;149168;124101;65.8;54.7
65;2021-07-19;635;1494;149803;125595;66.0;55.4
65;2021-07-20;1447;1704;151250;127299;66.7;56.1
65;2021-07-21;1420;1662;152670;128961;67.3;56.9
65;2021-07-22;2197;1289;154867;130250;68.3;57.4
65;2021-07-23;1623;1789;156490;132039;69.0;58.2
65;2021-07-24;1042;649;157532;132688;69.4;58.5
65;2021-07-25;24;21;157556;132709;69.5;58.5
65;2021-07-26;1142;1246;158698;133955;70.0;59.1
65;2021-07-27;1792;1954;160490;135909;70.8;59.9
65;2021-07-28;1603;1322;162093;137231;71.5;60.5
65;2021-07-29;2899;1136;164992;138367;72.7;61.0
65;2021-07-30;2449;1398;167441;139765;73.8;61.6
65;2021-07-31;2305;355;169746;140120;74.8;61.8
65;2021-08-01;14;16;169760;140136;74.8;61.8
65;2021-08-02;994;835;170754;140971;75.3;62.1
65;2021-08-03;2103;1070;172857;142041;76.2;62.6
65;2021-08-04;1803;642;174660;142683;77.0;62.9
65;2021-08-05;1820;833;176480;143516;77.8;63.3
65;2021-08-06;1666;972;178146;144488;78.5;63.7
65;2021-08-07;730;487;178876;144975;78.9;63.9
65;2021-08-08;2;9;178878;144984;78.9;63.9
65;2021-08-09;705;944;179583;145928;79.2;64.3
65;2021-08-10;1194;1545;180777;147473;79.7;65.0
65;2021-08-11;731;1264;181508;148737;80.0;65.6
65;2021-08-12;777;1085;182285;149822;80.4;66.0
65;2021-08-13;427;1010;182712;150832;80.5;66.5
65;2021-08-14;602;567;183314;151399;80.8;66.7
65;2021-08-15;8;19;183322;151418;80.8;66.8
65;2021-08-16;403;1537;183725;152955;81.0;67.4
65;2021-08-17;739;2177;184464;155132;81.3;68.4
65;2021-08-18;604;1545;185068;156677;81.6;69.1
65;2021-08-19;731;1316;185799;157993;81.9;69.6
65;2021-08-20;459;1336;186258;159329;82.1;70.2
65;2021-08-21;44;105;186302;159434;82.1;70.3
65;2021-08-22;11;13;186313;159447;82.1;70.3
65;2021-08-23;273;1681;186586;161128;82.3;71.0
65;2021-08-24;550;2445;187136;163573;82.5;72.1
65;2021-08-25;417;1959;187553;165532;82.7;73.0
65;2021-08-26;468;2308;188021;167840;82.9;74.0
65;2021-08-27;447;1947;188468;169787;83.1;74.8
65;2021-08-28;163;195;188631;169982;83.2;74.9
65;2021-08-29;9;18;188640;170000;83.2;74.9
65;2021-08-30;260;1056;188900;171056;83.3;75.4
65;2021-08-31;468;1588;189368;172644;83.5;76.1
65;2021-09-01;459;1162;189827;173806;83.7;76.6
65;2021-09-02;373;1009;190200;174815;83.8;77.1
65;2021-09-03;453;1245;190653;176060;84.0;77.6
65;2021-09-04;166;909;190819;176969;84.1;78.0
65;2021-09-05;18;35;190837;177004;84.1;78.0
65;2021-09-06;278;794;191115;177798;84.3;78.4
65;2021-09-07;323;1194;191438;178992;84.4;78.9
65;2021-09-08;354;1038;191792;180030;84.5;79.4
65;2021-09-09;261;785;192053;180815;84.7;79.7
65;2021-09-10;383;925;192436;181740;84.8;80.1
65;2021-09-11;54;167;192490;181907;84.9;80.2
65;2021-09-12;1;2;192491;181909;84.9;80.2
65;2021-09-13;208;490;192699;182399;84.9;80.4
65;2021-09-14;188;593;192887;182992;85.0;80.7
65;2021-09-15;249;638;193136;183630;85.1;81.0
65;2021-09-16;139;213;193275;183843;85.2;81.0
65;2021-09-17;275;524;193550;184367;85.3;81.3
65;2021-09-18;98;269;193648;184636;85.4;81.4
65;2021-09-19;2;13;193650;184649;85.4;81.4
65;2021-09-20;109;234;193759;184883;85.4;81.5
65;2021-09-21;110;258;193869;185141;85.5;81.6
65;2021-09-22;153;680;194022;185821;85.5;81.9
65;2021-09-23;65;158;194087;185979;85.6;82.0
65;2021-09-24;170;556;194257;186535;85.6;82.2
65;2021-09-25;73;218;194330;186753;85.7;82.3
65;2021-09-26;3;0;194333;186753;85.7;82.3
65;2021-09-27;62;263;194395;187016;85.7;82.4
65;2021-09-28;83;279;194478;187295;85.7;82.6
65;2021-09-29;130;418;194608;187713;85.8;82.8
65;2021-09-30;44;123;194652;187836;85.8;82.8
65;2021-10-01;165;399;194817;188235;85.9;83.0
65;2021-10-02;19;66;194836;188301;85.9;83.0
65;2021-10-03;0;7;194836;188308;85.9;83.0
65;2021-10-04;121;268;194957;188576;85.9;83.1
65;2021-10-05;53;179;195010;188755;86.0;83.2
66;2020-12-27;0;0;0;0;0.0;0.0
66;2020-12-28;2;0;2;0;0.0;0.0
66;2020-12-29;0;0;2;0;0.0;0.0
66;2020-12-30;0;0;2;0;0.0;0.0
66;2020-12-31;1;0;3;0;0.0;0.0
66;2021-01-01;3;0;6;0;0.0;0.0
66;2021-01-02;0;0;6;0;0.0;0.0
66;2021-01-03;0;0;6;0;0.0;0.0
66;2021-01-04;30;0;36;0;0.0;0.0
66;2021-01-05;135;0;171;0;0.0;0.0
66;2021-01-06;194;0;365;0;0.1;0.0
66;2021-01-07;182;0;547;0;0.1;0.0
66;2021-01-08;212;0;759;0;0.2;0.0
66;2021-01-09;233;0;992;0;0.2;0.0
66;2021-01-10;11;0;1003;0;0.2;0.0
66;2021-01-11;404;2;1407;2;0.3;0.0
66;2021-01-12;588;2;1995;4;0.4;0.0
66;2021-01-13;877;7;2872;11;0.6;0.0
66;2021-01-14;892;11;3764;22;0.8;0.0
66;2021-01-15;588;1;4352;23;0.9;0.0
66;2021-01-16;106;3;4458;26;0.9;0.0
66;2021-01-17;46;1;4504;27;0.9;0.0
66;2021-01-18;654;3;5158;30;1.1;0.0
66;2021-01-19;720;3;5878;33;1.2;0.0
66;2021-01-20;1169;3;7047;36;1.5;0.0
66;2021-01-21;2401;5;9448;41;2.0;0.0
66;2021-01-22;1438;6;10886;47;2.3;0.0
66;2021-01-23;399;4;11285;51;2.4;0.0
66;2021-01-24;225;9;11510;60;2.4;0.0
66;2021-01-25;739;31;12249;91;2.6;0.0
66;2021-01-26;787;56;13036;147;2.7;0.0
66;2021-01-27;867;75;13903;222;2.9;0.0
66;2021-01-28;878;116;14781;338;3.1;0.1
66;2021-01-29;820;110;15601;448;3.3;0.1
66;2021-01-30;481;50;16082;498;3.4;0.1
66;2021-01-31;202;17;16284;515;3.4;0.1
66;2021-02-01;562;151;16846;666;3.5;0.1
66;2021-02-02;622;266;17468;932;3.6;0.2
66;2021-02-03;734;545;18202;1477;3.8;0.3
66;2021-02-04;688;508;18890;1985;3.9;0.4
66;2021-02-05;778;369;19668;2354;4.1;0.5
66;2021-02-06;420;129;20088;2483;4.2;0.5
66;2021-02-07;170;124;20258;2607;4.2;0.5
66;2021-02-08;502;296;20760;2903;4.3;0.6
66;2021-02-09;533;295;21293;3198;4.4;0.7
66;2021-02-10;620;614;21913;3812;4.6;0.8
66;2021-02-11;1104;1384;23017;5196;4.8;1.1
66;2021-02-12;1122;1061;24139;6257;5.0;1.3
66;2021-02-13;366;221;24505;6478;5.1;1.4
66;2021-02-14;111;154;24616;6632;5.1;1.4
66;2021-02-15;425;519;25041;7151;5.2;1.5
66;2021-02-16;304;578;25345;7729;5.3;1.6
66;2021-02-17;377;558;25722;8287;5.4;1.7
66;2021-02-18;366;620;26088;8907;5.4;1.9
66;2021-02-19;400;574;26488;9481;5.5;2.0
66;2021-02-20;184;318;26672;9799;5.6;2.0
66;2021-02-21;41;123;26713;9922;5.6;2.1
66;2021-02-22;415;479;27128;10401;5.7;2.2
66;2021-02-23;509;501;27637;10902;5.8;2.3
66;2021-02-24;347;575;27984;11477;5.8;2.4
66;2021-02-25;717;537;28701;12014;6.0;2.5
66;2021-02-26;954;599;29655;12613;6.2;2.6
66;2021-02-27;363;321;30018;12934;6.3;2.7
66;2021-02-28;59;105;30077;13039;6.3;2.7
66;2021-03-01;378;512;30455;13551;6.4;2.8
66;2021-03-02;335;537;30790;14088;6.4;2.9
66;2021-03-03;530;515;31320;14603;6.5;3.0
66;2021-03-04;991;913;32311;15516;6.7;3.2
66;2021-03-05;1528;697;33839;16213;7.1;3.4
66;2021-03-06;1147;303;34986;16516;7.3;3.4
66;2021-03-07;1098;77;36084;16593;7.5;3.5
66;2021-03-08;696;471;36780;17064;7.7;3.6
66;2021-03-09;1228;526;38008;17590;7.9;3.7
66;2021-03-10;1302;445;39310;18035;8.2;3.8
66;2021-03-11;1474;539;40784;18574;8.5;3.9
66;2021-03-12;2396;543;43180;19117;9.0;4.0
66;2021-03-13;1081;287;44261;19404;9.2;4.1
66;2021-03-14;192;78;44453;19482;9.3;4.1
66;2021-03-15;1109;383;45562;19865;9.5;4.1
66;2021-03-16;953;253;46515;20118;9.7;4.2
66;2021-03-17;866;383;47381;20501;9.9;4.3
66;2021-03-18;969;338;48350;20839;10.1;4.4
66;2021-03-19;1293;314;49643;21153;10.4;4.4
66;2021-03-20;837;122;50480;21275;10.5;4.4
66;2021-03-21;186;43;50666;21318;10.6;4.5
66;2021-03-22;1115;379;51781;21697;10.8;4.5
66;2021-03-23;1757;389;53538;22086;11.2;4.6
66;2021-03-24;1797;511;55335;22597;11.6;4.7
66;2021-03-25;2537;461;57872;23058;12.1;4.8
66;2021-03-26;2577;363;60449;23421;12.6;4.9
66;2021-03-27;1211;293;61660;23714;12.9;5.0
66;2021-03-28;321;3;61981;23717;12.9;5.0
66;2021-03-29;1831;253;63812;23970;13.3;5.0
66;2021-03-30;2241;172;66053;24142;13.8;5.0
66;2021-03-31;1987;251;68040;24393;14.2;5.1
66;2021-04-01;2674;302;70714;24695;14.8;5.2
66;2021-04-02;2421;259;73135;24954;15.3;5.2
66;2021-04-03;1148;331;74283;25285;15.5;5.3
66;2021-04-04;107;124;74390;25409;15.5;5.3
66;2021-04-05;197;140;74587;25549;15.6;5.3
66;2021-04-06;1334;647;75921;26196;15.8;5.5
66;2021-04-07;1399;597;77320;26793;16.1;5.6
66;2021-04-08;2070;548;79390;27341;16.6;5.7
66;2021-04-09;3507;662;82897;28003;17.3;5.8
66;2021-04-10;2308;524;85205;28527;17.8;6.0
66;2021-04-11;1201;169;86406;28696;18.0;6.0
66;2021-04-12;2703;1022;89109;29718;18.6;6.2
66;2021-04-13;3609;1055;92718;30773;19.4;6.4
66;2021-04-14;3292;921;96010;31694;20.0;6.6
66;2021-04-15;3557;1048;99567;32742;20.8;6.8
66;2021-04-16;3592;1034;103159;33776;21.5;7.1
66;2021-04-17;2263;592;105422;34368;22.0;7.2
66;2021-04-18;1445;132;106867;34500;22.3;7.2
66;2021-04-19;2256;1120;109123;35620;22.8;7.4
66;2021-04-20;2373;1075;111496;36695;23.3;7.7
66;2021-04-21;2871;1175;114367;37870;23.9;7.9
66;2021-04-22;2662;1232;117029;39102;24.4;8.2
66;2021-04-23;2379;1233;119408;40335;24.9;8.4
66;2021-04-24;2743;882;122151;41217;25.5;8.6
66;2021-04-25;1206;266;123357;41483;25.8;8.7
66;2021-04-26;1998;1251;125355;42734;26.2;8.9
66;2021-04-27;2748;1303;128103;44037;26.7;9.2
66;2021-04-28;2420;1654;130523;45691;27.2;9.5
66;2021-04-29;2704;2126;133227;47817;27.8;10.0
66;2021-04-30;3053;1551;136280;49368;28.5;10.3
66;2021-05-01;2000;470;138280;49838;28.9;10.4
66;2021-05-02;1529;264;139809;50102;29.2;10.5
66;2021-05-03;2940;1109;142749;51211;29.8;10.7
66;2021-05-04;3169;1339;145918;52550;30.5;11.0
66;2021-05-05;3055;1548;148973;54098;31.1;11.3
66;2021-05-06;3755;2084;152728;56182;31.9;11.7
66;2021-05-07;2968;3064;155696;59246;32.5;12.4
66;2021-05-08;1730;1169;157426;60415;32.9;12.6
66;2021-05-09;886;1369;158312;61784;33.1;12.9
66;2021-05-10;1802;2967;160114;64751;33.4;13.5
66;2021-05-11;2741;3126;162855;67877;34.0;14.2
66;2021-05-12;2432;2569;165287;70446;34.5;14.7
66;2021-05-13;2259;1386;167546;71832;35.0;15.0
66;2021-05-14;2770;2118;170316;73950;35.6;15.4
66;2021-05-15;2326;1574;172642;75524;36.0;15.8
66;2021-05-16;2286;1246;174928;76770;36.5;16.0
66;2021-05-17;2051;1826;176979;78596;36.9;16.4
66;2021-05-18;3237;1808;180216;80404;37.6;16.8
66;2021-05-19;2876;1340;183092;81744;38.2;17.1
66;2021-05-20;4372;1444;187464;83188;39.1;17.4
66;2021-05-21;3268;1463;190732;84651;39.8;17.7
66;2021-05-22;3065;779;193797;85430;40.5;17.8
66;2021-05-23;1509;236;195306;85666;40.8;17.9
66;2021-05-24;1953;427;197259;86093;41.2;18.0
66;2021-05-25;2796;1688;200055;87781;41.8;18.3
66;2021-05-26;2778;1491;202833;89272;42.3;18.6
66;2021-05-27;3384;2247;206217;91519;43.1;19.1
66;2021-05-28;2683;3034;208900;94553;43.6;19.7
66;2021-05-29;2145;1518;211045;96071;44.1;20.1
66;2021-05-30;786;988;211831;97059;44.2;20.3
66;2021-05-31;2124;1771;213955;98830;44.7;20.6
66;2021-06-01;2636;2002;216591;100832;45.2;21.1
66;2021-06-02;2806;2334;219397;103166;45.8;21.5
66;2021-06-03;2488;2958;221885;106124;46.3;22.2
66;2021-06-04;1958;3351;223843;109475;46.7;22.9
66;2021-06-05;1409;2599;225252;112074;47.0;23.4
66;2021-06-06;294;1228;225546;113302;47.1;23.7
66;2021-06-07;1335;2955;226881;116257;47.4;24.3
66;2021-06-08;1736;3019;228617;119276;47.7;24.9
66;2021-06-09;2066;2787;230683;122063;48.2;25.5
66;2021-06-10;2086;2962;232769;125025;48.6;26.1
66;2021-06-11;2098;3856;234867;128881;49.0;26.9
66;2021-06-12;871;2411;235738;131292;49.2;27.4
66;2021-06-13;516;1333;236254;132625;49.3;27.7
66;2021-06-14;1361;3495;237615;136120;49.6;28.4
66;2021-06-15;2131;3572;239746;139692;50.1;29.2
66;2021-06-16;1792;3568;241538;143260;50.4;29.9
66;2021-06-17;2441;3604;243979;146864;50.9;30.7
66;2021-06-18;2225;3822;246204;150686;51.4;31.5
66;2021-06-19;1542;2320;247746;153006;51.7;31.9
66;2021-06-20;998;1267;248744;154273;51.9;32.2
66;2021-06-21;1163;2879;249907;157152;52.2;32.8
66;2021-06-22;1510;3761;251417;160913;52.5;33.6
66;2021-06-23;1325;3027;252742;163940;52.8;34.2
66;2021-06-24;1527;3226;254269;167166;53.1;34.9
66;2021-06-25;1404;3534;255673;170700;53.4;35.6
66;2021-06-26;962;2680;256635;173380;53.6;36.2
66;2021-06-27;677;1557;257312;174937;53.7;36.5
66;2021-06-28;980;2975;258292;177912;53.9;37.1
66;2021-06-29;1148;3797;259440;181709;54.2;37.9
66;2021-06-30;1278;3306;260718;185015;54.4;38.6
66;2021-07-01;1453;4047;262171;189062;54.7;39.5
66;2021-07-02;1349;3599;263520;192661;55.0;40.2
66;2021-07-03;1152;3898;264672;196559;55.3;41.0
66;2021-07-04;715;1789;265387;198348;55.4;41.4
66;2021-07-05;1293;3005;266680;201353;55.7;42.0
66;2021-07-06;1458;3785;268138;205138;56.0;42.8
66;2021-07-07;1430;3247;269568;208385;56.3;43.5
66;2021-07-08;1388;3384;270956;211769;56.6;44.2
66;2021-07-09;1450;3464;272406;215233;56.9;44.9
66;2021-07-10;1004;2403;273410;217636;57.1;45.4
66;2021-07-11;540;1540;273950;219176;57.2;45.8
66;2021-07-12;1021;3645;274971;222821;57.4;46.5
66;2021-07-13;2223;4261;277194;227082;57.9;47.4
66;2021-07-14;1953;1243;279147;228325;58.3;47.7
66;2021-07-15;2801;3110;281948;231435;58.9;48.3
66;2021-07-16;3410;3211;285358;234646;59.6;49.0
66;2021-07-17;2123;2033;287481;236679;60.0;49.4
66;2021-07-18;1197;1063;288678;237742;60.3;49.6
66;2021-07-19;2793;3083;291471;240825;60.8;50.3
66;2021-07-20;3654;2883;295125;243708;61.6;50.9
66;2021-07-21;3962;2954;299087;246662;62.4;51.5
66;2021-07-22;3917;2820;303004;249482;63.3;52.1
66;2021-07-23;3914;3029;306918;252511;64.1;52.7
66;2021-07-24;2584;1923;309502;254434;64.6;53.1
66;2021-07-25;2020;1241;311522;255675;65.0;53.4
66;2021-07-26;2865;2627;314387;258302;65.6;53.9
66;2021-07-27;3230;2888;317617;261190;66.3;54.5
66;2021-07-28;3355;2582;320972;263772;67.0;55.1
66;2021-07-29;3864;2536;324836;266308;67.8;55.6
66;2021-07-30;4233;2472;329069;268780;68.7;56.1
66;2021-07-31;2231;1716;331300;270496;69.2;56.5
66;2021-08-01;1820;900;333120;271396;69.5;56.7
66;2021-08-02;2390;1919;335510;273315;70.0;57.1
66;2021-08-03;2624;2071;338134;275386;70.6;57.5
66;2021-08-04;2645;1994;340779;277380;71.1;57.9
66;2021-08-05;2444;2438;343223;279818;71.7;58.4
66;2021-08-06;2339;2647;345562;282465;72.1;59.0
66;2021-08-07;1506;2098;347068;284563;72.5;59.4
66;2021-08-08;613;1456;347681;286019;72.6;59.7
66;2021-08-09;1356;2800;349037;288819;72.9;60.3
66;2021-08-10;1648;3074;350685;291893;73.2;60.9
66;2021-08-11;1628;3021;352313;294914;73.6;61.6
66;2021-08-12;1678;2991;353991;297905;73.9;62.2
66;2021-08-13;1473;2984;355464;300889;74.2;62.8
66;2021-08-14;658;2508;356122;303397;74.3;63.3
66;2021-08-15;136;1629;356258;305026;74.4;63.7
66;2021-08-16;1279;2594;357537;307620;74.6;64.2
66;2021-08-17;1496;2980;359033;310600;75.0;64.8
66;2021-08-18;1348;3073;360381;313673;75.2;65.5
66;2021-08-19;1113;2925;361494;316598;75.5;66.1
66;2021-08-20;1006;3322;362500;319920;75.7;66.8
66;2021-08-21;594;2014;363094;321934;75.8;67.2
66;2021-08-22;233;1352;363327;323286;75.9;67.5
66;2021-08-23;1149;2764;364476;326050;76.1;68.1
66;2021-08-24;1064;2952;365540;329002;76.3;68.7
66;2021-08-25;914;2301;366454;331303;76.5;69.2
66;2021-08-26;960;2186;367414;333489;76.7;69.6
66;2021-08-27;914;2366;368328;335855;76.9;70.1
66;2021-08-28;514;1137;368842;336992;77.0;70.4
66;2021-08-29;245;333;369087;337325;77.1;70.4
66;2021-08-30;837;2593;369924;339918;77.2;71.0
66;2021-08-31;835;2726;370759;342644;77.4;71.5
66;2021-09-01;729;2161;371488;344805;77.6;72.0
66;2021-09-02;668;1767;372156;346572;77.7;72.4
66;2021-09-03;716;2043;372872;348615;77.8;72.8
66;2021-09-04;721;1750;373593;350365;78.0;73.1
66;2021-09-05;203;311;373796;350676;78.0;73.2
66;2021-09-06;428;1877;374224;352553;78.1;73.6
66;2021-09-07;377;1637;374601;354190;78.2;73.9
66;2021-09-08;556;1768;375157;355958;78.3;74.3
66;2021-09-09;466;1594;375623;357552;78.4;74.6
66;2021-09-10;495;1531;376118;359083;78.5;75.0
66;2021-09-11;514;1307;376632;360390;78.6;75.2
66;2021-09-12;94;178;376726;360568;78.6;75.3
66;2021-09-13;338;1694;377064;362262;78.7;75.6
66;2021-09-14;383;1459;377447;363721;78.8;75.9
66;2021-09-15;474;957;377921;364678;78.9;76.1
66;2021-09-16;382;795;378303;365473;79.0;76.3
66;2021-09-17;325;771;378628;366244;79.0;76.5
66;2021-09-18;356;1098;378984;367342;79.1;76.7
66;2021-09-19;77;241;379061;367583;79.1;76.7
66;2021-09-20;290;672;379351;368255;79.2;76.9
66;2021-09-21;306;585;379657;368840;79.3;77.0
66;2021-09-22;316;792;379973;369632;79.3;77.2
66;2021-09-23;236;509;380209;370141;79.4;77.3
66;2021-09-24;360;772;380569;370913;79.5;77.4
66;2021-09-25;217;940;380786;371853;79.5;77.6
66;2021-09-26;63;213;380849;372066;79.5;77.7
66;2021-09-27;186;498;381035;372564;79.5;77.8
66;2021-09-28;245;544;381280;373108;79.6;77.9
66;2021-09-29;230;576;381510;373684;79.6;78.0
66;2021-09-30;335;454;381845;374138;79.7;78.1
66;2021-10-01;292;519;382137;374657;79.8;78.2
66;2021-10-02;270;617;382407;375274;79.8;78.3
66;2021-10-03;81;125;382488;375399;79.9;78.4
66;2021-10-04;223;373;382711;375772;79.9;78.4
66;2021-10-05;240;442;382951;376214;79.9;78.5
67;2020-12-27;13;0;13;0;0.0;0.0
67;2020-12-28;4;0;17;0;0.0;0.0
67;2020-12-29;2;0;19;0;0.0;0.0
67;2020-12-30;0;0;19;0;0.0;0.0
67;2020-12-31;0;0;19;0;0.0;0.0
67;2021-01-01;6;0;25;0;0.0;0.0
67;2021-01-02;1;0;26;0;0.0;0.0
67;2021-01-03;1;0;27;0;0.0;0.0
67;2021-01-04;41;0;68;0;0.0;0.0
67;2021-01-05;167;0;235;0;0.0;0.0
67;2021-01-06;121;0;356;0;0.0;0.0
67;2021-01-07;235;1;591;1;0.1;0.0
67;2021-01-08;235;1;826;2;0.1;0.0
67;2021-01-09;113;1;939;3;0.1;0.0
67;2021-01-10;67;0;1006;3;0.1;0.0
67;2021-01-11;184;1;1190;4;0.1;0.0
67;2021-01-12;511;1;1701;5;0.2;0.0
67;2021-01-13;660;2;2361;7;0.2;0.0
67;2021-01-14;1092;7;3453;14;0.3;0.0
67;2021-01-15;942;6;4395;20;0.4;0.0
67;2021-01-16;199;3;4594;23;0.4;0.0
67;2021-01-17;101;0;4695;23;0.4;0.0
67;2021-01-18;903;3;5598;26;0.5;0.0
67;2021-01-19;1423;5;7021;31;0.6;0.0
67;2021-01-20;1854;12;8875;43;0.8;0.0
67;2021-01-21;2216;10;11091;53;1.0;0.0
67;2021-01-22;1993;7;13084;60;1.2;0.0
67;2021-01-23;814;5;13898;65;1.2;0.0
67;2021-01-24;380;1;14278;66;1.3;0.0
67;2021-01-25;526;29;14804;95;1.3;0.0
67;2021-01-26;160;101;14964;196;1.3;0.0
67;2021-01-27;1403;79;16367;275;1.4;0.0
67;2021-01-28;3058;205;19425;480;1.7;0.0
67;2021-01-29;2034;139;21459;619;1.9;0.1
67;2021-01-30;1098;65;22557;684;2.0;0.1
67;2021-01-31;1163;24;23720;708;2.1;0.1
67;2021-02-01;3398;235;27118;943;2.4;0.1
67;2021-02-02;2695;390;29813;1333;2.6;0.1
67;2021-02-03;1577;371;31390;1704;2.8;0.2
67;2021-02-04;1196;713;32586;2417;2.9;0.2
67;2021-02-05;1195;588;33781;3005;3.0;0.3
67;2021-02-06;799;122;34580;3127;3.1;0.3
67;2021-02-07;292;37;34872;3164;3.1;0.3
67;2021-02-08;839;383;35711;3547;3.2;0.3
67;2021-02-09;963;652;36674;4199;3.2;0.4
67;2021-02-10;934;699;37608;4898;3.3;0.4
67;2021-02-11;1151;1059;38759;5957;3.4;0.5
67;2021-02-12;1245;671;40004;6628;3.5;0.6
67;2021-02-13;767;240;40771;6868;3.6;0.6
67;2021-02-14;244;91;41015;6959;3.6;0.6
67;2021-02-15;782;655;41797;7614;3.7;0.7
67;2021-02-16;931;865;42728;8479;3.8;0.7
67;2021-02-17;786;936;43514;9415;3.8;0.8
67;2021-02-18;1401;2332;44915;11747;4.0;1.0
67;2021-02-19;1376;1789;46291;13536;4.1;1.2
67;2021-02-20;634;747;46925;14283;4.1;1.3
67;2021-02-21;209;1074;47134;15357;4.2;1.4
67;2021-02-22;1401;1959;48535;17316;4.3;1.5
67;2021-02-23;1461;1309;49996;18625;4.4;1.6
67;2021-02-24;1439;896;51435;19521;4.5;1.7
67;2021-02-25;1618;1208;53053;20729;4.7;1.8
67;2021-02-26;2227;1162;55280;21891;4.9;1.9
67;2021-02-27;1260;620;56540;22511;5.0;2.0
67;2021-02-28;147;261;56687;22772;5.0;2.0
67;2021-03-01;640;843;57327;23615;5.1;2.1
67;2021-03-02;897;1040;58224;24655;5.1;2.2
67;2021-03-03;1410;1111;59634;25766;5.3;2.3
67;2021-03-04;1963;931;61597;26697;5.4;2.4
67;2021-03-05;3258;998;64855;27695;5.7;2.4
67;2021-03-06;2337;679;67192;28374;5.9;2.5
67;2021-03-07;468;239;67660;28613;6.0;2.5
67;2021-03-08;1188;719;68848;29332;6.1;2.6
67;2021-03-09;2226;821;71074;30153;6.3;2.7
67;2021-03-10;2455;1095;73529;31248;6.5;2.8
67;2021-03-11;3208;1297;76737;32545;6.8;2.9
67;2021-03-12;5262;1313;81999;33858;7.2;3.0
67;2021-03-13;3998;862;85997;34720;7.6;3.1
67;2021-03-14;483;369;86480;35089;7.6;3.1
67;2021-03-15;2192;1123;88672;36212;7.8;3.2
67;2021-03-16;1552;1199;90224;37411;8.0;3.3
67;2021-03-17;2071;893;92295;38304;8.1;3.4
67;2021-03-18;2390;720;94685;39024;8.4;3.4
67;2021-03-19;3673;739;98358;39763;8.7;3.5
67;2021-03-20;3064;503;101422;40266;9.0;3.6
67;2021-03-21;336;17;101758;40283;9.0;3.6
67;2021-03-22;2332;756;104090;41039;9.2;3.6
67;2021-03-23;3401;768;107491;41807;9.5;3.7
67;2021-03-24;3909;796;111400;42603;9.8;3.8
67;2021-03-25;5315;535;116715;43138;10.3;3.8
67;2021-03-26;6869;466;123584;43604;10.9;3.8
67;2021-03-27;3927;344;127511;43948;11.3;3.9
67;2021-03-28;579;98;128090;44046;11.3;3.9
67;2021-03-29;3824;422;131914;44468;11.6;3.9
67;2021-03-30;4848;665;136762;45133;12.1;4.0
67;2021-03-31;4848;692;141610;45825;12.5;4.0
67;2021-04-01;5147;924;146757;46749;13.0;4.1
67;2021-04-02;1009;171;147766;46920;13.0;4.1
67;2021-04-03;1689;282;149455;47202;13.2;4.2
67;2021-04-04;328;5;149783;47207;13.2;4.2
67;2021-04-05;371;5;150154;47212;13.3;4.2
67;2021-04-06;3483;1176;153637;48388;13.6;4.3
67;2021-04-07;4533;1280;158170;49668;14.0;4.4
67;2021-04-08;5664;1405;163834;51073;14.5;4.5
67;2021-04-09;7110;1346;170944;52419;15.1;4.6
67;2021-04-10;4332;888;175276;53307;15.5;4.7
67;2021-04-11;857;425;176133;53732;15.6;4.7
67;2021-04-12;3885;1402;180018;55134;15.9;4.9
67;2021-04-13;4890;1575;184908;56709;16.3;5.0
67;2021-04-14;5297;1898;190205;58607;16.8;5.2
67;2021-04-15;6082;2107;196287;60714;17.3;5.4
67;2021-04-16;7836;2420;204123;63134;18.0;5.6
67;2021-04-17;4010;1575;208133;64709;18.4;5.7
67;2021-04-18;1111;644;209244;65353;18.5;5.8
67;2021-04-19;3630;2140;212874;67493;18.8;6.0
67;2021-04-20;4257;1919;217131;69412;19.2;6.1
67;2021-04-21;4071;2513;221202;71925;19.5;6.4
67;2021-04-22;4478;2917;225680;74842;19.9;6.6
67;2021-04-23;5254;3005;230934;77847;20.4;6.9
67;2021-04-24;3101;2022;234035;79869;20.7;7.1
67;2021-04-25;1027;449;235062;80318;20.8;7.1
67;2021-04-26;3191;2614;238253;82932;21.0;7.3
67;2021-04-27;4023;2903;242276;85835;21.4;7.6
67;2021-04-28;4254;3408;246530;89243;21.8;7.9
67;2021-04-29;5125;3491;251655;92734;22.2;8.2
67;2021-04-30;7182;2458;258837;95192;22.9;8.4
67;2021-05-01;2685;780;261522;95972;23.1;8.5
67;2021-05-02;2181;677;263703;96649;23.3;8.5
67;2021-05-03;5561;2615;269264;99264;23.8;8.8
67;2021-05-04;5854;3601;275118;102865;24.3;9.1
67;2021-05-05;5221;4189;280339;107054;24.8;9.5
67;2021-05-06;6714;4914;287053;111968;25.3;9.9
67;2021-05-07;6435;6896;293488;118864;25.9;10.5
67;2021-05-08;3574;1018;297062;119882;26.2;10.6
67;2021-05-09;3366;592;300428;120474;26.5;10.6
67;2021-05-10;4698;4524;305126;124998;26.9;11.0
67;2021-05-11;5648;4910;310774;129908;27.4;11.5
67;2021-05-12;6598;4833;317372;134741;28.0;11.9
67;2021-05-13;7310;1668;324682;136409;28.7;12.0
67;2021-05-14;8878;5353;333560;141762;29.5;12.5
67;2021-05-15;8198;3655;341758;145417;30.2;12.8
67;2021-05-16;6176;969;347934;146386;30.7;12.9
67;2021-05-17;5689;3878;353623;150264;31.2;13.3
67;2021-05-18;6894;3975;360517;154239;31.8;13.6
67;2021-05-19;7376;4164;367893;158403;32.5;14.0
67;2021-05-20;8681;4229;376574;162632;33.2;14.4
67;2021-05-21;8156;5848;384730;168480;34.0;14.9
67;2021-05-22;5933;3416;390663;171896;34.5;15.2
67;2021-05-23;2656;593;393319;172489;34.7;15.2
67;2021-05-24;4414;863;397733;173352;35.1;15.3
67;2021-05-25;5412;4766;403145;178118;35.6;15.7
67;2021-05-26;6063;4868;409208;182986;36.1;16.2
67;2021-05-27;7310;4884;416518;187870;36.8;16.6
67;2021-05-28;7965;6487;424483;194357;37.5;17.2
67;2021-05-29;6646;3860;431129;198217;38.1;17.5
67;2021-05-30;1147;809;432276;199026;38.2;17.6
67;2021-05-31;6405;4054;438681;203080;38.7;17.9
67;2021-06-01;7326;4393;446007;207473;39.4;18.3
67;2021-06-02;8066;4176;454073;211649;40.1;18.7
67;2021-06-03;8841;4858;462914;216507;40.9;19.1
67;2021-06-04;8594;6119;471508;222626;41.6;19.7
67;2021-06-05;6548;3981;478056;226607;42.2;20.0
67;2021-06-06;3468;875;481524;227482;42.5;20.1
67;2021-06-07;7407;4252;488931;231734;43.2;20.5
67;2021-06-08;8616;4928;497547;236662;43.9;20.9
67;2021-06-09;9258;4785;506805;241447;44.7;21.3
67;2021-06-10;9770;5011;516575;246458;45.6;21.8
67;2021-06-11;8065;8307;524640;254765;46.3;22.5
67;2021-06-12;6789;5199;531429;259964;46.9;23.0
67;2021-06-13;3105;1044;534534;261008;47.2;23.0
67;2021-06-14;5504;6455;540038;267463;47.7;23.6
67;2021-06-15;6688;6750;546726;274213;48.3;24.2
67;2021-06-16;6950;6694;553676;280907;48.9;24.8
67;2021-06-17;7274;9039;560950;289946;49.5;25.6
67;2021-06-18;7601;8499;568551;298445;50.2;26.4
67;2021-06-19;6386;5959;574937;304404;50.8;26.9
67;2021-06-20;1446;1411;576383;305815;50.9;27.0
67;2021-06-21;4266;6774;580649;312589;51.3;27.6
67;2021-06-22;4240;9091;584889;321680;51.6;28.4
67;2021-06-23;5292;8181;590181;329861;52.1;29.1
67;2021-06-24;4521;9098;594702;338959;52.5;29.9
67;2021-06-25;5333;9949;600035;348908;53.0;30.8
67;2021-06-26;3463;9100;603498;358008;53.3;31.6
67;2021-06-27;1023;3523;604521;361531;53.4;31.9
67;2021-06-28;2845;8723;607366;370254;53.6;32.7
67;2021-06-29;2897;8610;610263;378864;53.9;33.5
67;2021-06-30;3380;8742;613643;387606;54.2;34.2
67;2021-07-01;3668;8420;617311;396026;54.5;35.0
67;2021-07-02;3736;10933;621047;406959;54.8;35.9
67;2021-07-03;2981;7742;624028;414701;55.1;36.6
67;2021-07-04;764;1869;624792;416570;55.2;36.8
67;2021-07-05;2625;8250;627417;424820;55.4;37.5
67;2021-07-06;3108;8437;630525;433257;55.7;38.3
67;2021-07-07;3925;8741;634450;441998;56.0;39.0
67;2021-07-08;4203;7785;638653;449783;56.4;39.7
67;2021-07-09;3767;11367;642420;461150;56.7;40.7
67;2021-07-10;2860;8204;645280;469354;57.0;41.4
67;2021-07-11;944;1995;646224;471349;57.1;41.6
67;2021-07-12;2478;9724;648702;481073;57.3;42.5
67;2021-07-13;4121;9886;652823;490959;57.6;43.3
67;2021-07-14;3492;4406;656315;495365;57.9;43.7
67;2021-07-15;5141;12226;661456;507591;58.4;44.8
67;2021-07-16;4867;12290;666323;519881;58.8;45.9
67;2021-07-17;3734;8820;670057;528701;59.2;46.7
67;2021-07-18;1465;2550;671522;531251;59.3;46.9
67;2021-07-19;4648;9739;676170;540990;59.7;47.8
67;2021-07-20;5775;9824;681945;550814;60.2;48.6
67;2021-07-21;5871;10650;687816;561464;60.7;49.6
67;2021-07-22;6439;10222;694255;571686;61.3;50.5
67;2021-07-23;7395;11185;701650;582871;61.9;51.5
67;2021-07-24;5422;7578;707072;590449;62.4;52.1
67;2021-07-25;2316;1971;709388;592420;62.6;52.3
67;2021-07-26;5003;7248;714391;599668;63.1;52.9
67;2021-07-27;6623;7325;721014;606993;63.7;53.6
67;2021-07-28;7541;7208;728555;614201;64.3;54.2
67;2021-07-29;8394;6432;736949;620633;65.1;54.8
67;2021-07-30;8667;7313;745616;627946;65.8;55.4
67;2021-07-31;5112;4878;750728;632824;66.3;55.9
67;2021-08-01;2486;1434;753214;634258;66.5;56.0
67;2021-08-02;6417;5093;759631;639351;67.1;56.4
67;2021-08-03;7322;4714;766953;644065;67.7;56.9
67;2021-08-04;6907;4603;773860;648668;68.3;57.3
67;2021-08-05;5750;4230;779610;652898;68.8;57.6
67;2021-08-06;6333;5426;785943;658324;69.4;58.1
67;2021-08-07;4691;4278;790634;662602;69.8;58.5
67;2021-08-08;1310;1440;791944;664042;69.9;58.6
67;2021-08-09;3142;4480;795086;668522;70.2;59.0
67;2021-08-10;3252;4782;798338;673304;70.5;59.4
67;2021-08-11;3434;4676;801772;677980;70.8;59.9
67;2021-08-12;3146;4887;804918;682867;71.1;60.3
67;2021-08-13;3209;5384;808127;688251;71.4;60.8
67;2021-08-14;2198;5084;810325;693335;71.5;61.2
67;2021-08-15;713;1605;811038;694940;71.6;61.4
67;2021-08-16;2095;5242;813133;700182;71.8;61.8
67;2021-08-17;2107;5278;815240;705460;72.0;62.3
67;2021-08-18;2385;6345;817625;711805;72.2;62.8
67;2021-08-19;1903;6152;819528;717957;72.4;63.4
67;2021-08-20;2362;7460;821890;725417;72.6;64.0
67;2021-08-21;1530;5572;823420;730989;72.7;64.5
67;2021-08-22;390;2050;823810;733039;72.7;64.7
67;2021-08-23;1946;6849;825756;739888;72.9;65.3
67;2021-08-24;1999;6613;827755;746501;73.1;65.9
67;2021-08-25;2127;7217;829882;753718;73.3;66.5
67;2021-08-26;1854;5551;831736;759269;73.4;67.0
67;2021-08-27;2218;7056;833954;766325;73.6;67.7
67;2021-08-28;1705;6106;835659;772431;73.8;68.2
67;2021-08-29;439;1600;836098;774031;73.8;68.3
67;2021-08-30;1424;4444;837522;778475;73.9;68.7
67;2021-08-31;1439;4207;838961;782682;74.1;69.1
67;2021-09-01;1838;4557;840799;787239;74.2;69.5
67;2021-09-02;1085;3132;841884;790371;74.3;69.8
67;2021-09-03;1563;4439;843447;794810;74.5;70.2
67;2021-09-04;1480;4094;844927;798904;74.6;70.5
67;2021-09-05;259;936;845186;799840;74.6;70.6
67;2021-09-06;975;2345;846161;802185;74.7;70.8
67;2021-09-07;894;2238;847055;804423;74.8;71.0
67;2021-09-08;1203;2997;848258;807420;74.9;71.3
67;2021-09-09;1116;2288;849374;809708;75.0;71.5
67;2021-09-10;1435;2892;850809;812600;75.1;71.7
67;2021-09-11;1064;3104;851873;815704;75.2;72.0
67;2021-09-12;252;612;852125;816316;75.2;72.1
67;2021-09-13;701;2049;852826;818365;75.3;72.3
67;2021-09-14;941;2012;853767;820377;75.4;72.4
67;2021-09-15;1015;2108;854782;822485;75.5;72.6
67;2021-09-16;751;1305;855533;823790;75.5;72.7
67;2021-09-17;969;2228;856502;826018;75.6;72.9
67;2021-09-18;806;2422;857308;828440;75.7;73.1
67;2021-09-19;103;411;857411;828851;75.7;73.2
67;2021-09-20;601;1131;858012;829982;75.8;73.3
67;2021-09-21;490;1064;858502;831046;75.8;73.4
67;2021-09-22;669;1950;859171;832996;75.9;73.5
67;2021-09-23;567;942;859738;833938;75.9;73.6
67;2021-09-24;685;1669;860423;835607;76.0;73.8
67;2021-09-25;601;1868;861024;837475;76.0;73.9
67;2021-09-26;73;327;861097;837802;76.0;74.0
67;2021-09-27;398;949;861495;838751;76.1;74.1
67;2021-09-28;404;860;861899;839611;76.1;74.1
67;2021-09-29;618;1357;862517;840968;76.2;74.3
67;2021-09-30;421;931;862938;841899;76.2;74.3
67;2021-10-01;654;1435;863592;843334;76.2;74.5
67;2021-10-02;625;1286;864217;844620;76.3;74.6
67;2021-10-03;90;216;864307;844836;76.3;74.6
67;2021-10-04;312;673;864619;845509;76.3;74.7
67;2021-10-05;315;747;864934;846256;76.4;74.7
68;2020-12-27;0;0;0;0;0.0;0.0
68;2020-12-28;0;0;0;0;0.0;0.0
68;2020-12-29;0;0;0;0;0.0;0.0
68;2020-12-30;2;0;2;0;0.0;0.0
68;2020-12-31;0;0;2;0;0.0;0.0
68;2021-01-01;0;0;2;0;0.0;0.0
68;2021-01-02;0;0;2;0;0.0;0.0
68;2021-01-03;1;0;3;0;0.0;0.0
68;2021-01-04;2;0;5;0;0.0;0.0
68;2021-01-05;11;0;16;0;0.0;0.0
68;2021-01-06;245;1;261;1;0.0;0.0
68;2021-01-07;75;0;336;1;0.0;0.0
68;2021-01-08;118;1;454;2;0.1;0.0
68;2021-01-09;20;0;474;2;0.1;0.0
68;2021-01-10;1;0;475;2;0.1;0.0
68;2021-01-11;82;0;557;2;0.1;0.0
68;2021-01-12;388;1;945;3;0.1;0.0
68;2021-01-13;704;2;1649;5;0.2;0.0
68;2021-01-14;372;2;2021;7;0.3;0.0
68;2021-01-15;204;1;2225;8;0.3;0.0
68;2021-01-16;1;0;2226;8;0.3;0.0
68;2021-01-17;0;0;2226;8;0.3;0.0
68;2021-01-18;379;5;2605;13;0.3;0.0
68;2021-01-19;559;5;3164;18;0.4;0.0
68;2021-01-20;707;10;3871;28;0.5;0.0
68;2021-01-21;1394;13;5265;41;0.7;0.0
68;2021-01-22;1498;12;6763;53;0.9;0.0
68;2021-01-23;215;3;6978;56;0.9;0.0
68;2021-01-24;699;1;7677;57;1.0;0.0
68;2021-01-25;1390;41;9067;98;1.2;0.0
68;2021-01-26;1555;79;10622;177;1.4;0.0
68;2021-01-27;2775;151;13397;328;1.8;0.0
68;2021-01-28;2358;58;15755;386;2.1;0.1
68;2021-01-29;1509;116;17264;502;2.3;0.1
68;2021-01-30;165;3;17429;505;2.3;0.1
68;2021-01-31;0;0;17429;505;2.3;0.1
68;2021-02-01;737;106;18166;611;2.4;0.1
68;2021-02-02;869;293;19035;904;2.5;0.1
68;2021-02-03;1001;596;20036;1500;2.6;0.2
68;2021-02-04;1001;307;21037;1807;2.8;0.2
68;2021-02-05;947;220;21984;2027;2.9;0.3
68;2021-02-06;140;2;22124;2029;2.9;0.3
68;2021-02-07;2;16;22126;2045;2.9;0.3
68;2021-02-08;893;23;23019;2068;3.0;0.3
68;2021-02-09;1357;42;24376;2110;3.2;0.3
68;2021-02-10;1453;64;25829;2174;3.4;0.3
68;2021-02-11;1486;461;27315;2635;3.6;0.3
68;2021-02-12;1551;435;28866;3070;3.8;0.4
68;2021-02-13;131;1;28997;3071;3.8;0.4
68;2021-02-14;58;232;29055;3303;3.8;0.4
68;2021-02-15;662;969;29717;4272;3.9;0.6
68;2021-02-16;865;1197;30582;5469;4.0;0.7
68;2021-02-17;1288;2010;31870;7479;4.2;1.0
68;2021-02-18;1668;1930;33538;9409;4.4;1.2
68;2021-02-19;988;1247;34526;10656;4.5;1.4
68;2021-02-20;93;118;34619;10774;4.5;1.4
68;2021-02-21;1;38;34620;10812;4.5;1.4
68;2021-02-22;447;683;35067;11495;4.6;1.5
68;2021-02-23;639;968;35706;12463;4.7;1.6
68;2021-02-24;854;1042;36560;13505;4.8;1.8
68;2021-02-25;1208;1135;37768;14640;4.9;1.9
68;2021-02-26;1199;847;38967;15487;5.1;2.0
68;2021-02-27;550;158;39517;15645;5.2;2.0
68;2021-02-28;12;1;39529;15646;5.2;2.1
68;2021-03-01;942;678;40471;16324;5.3;2.1
68;2021-03-02;1215;857;41686;17181;5.5;2.3
68;2021-03-03;1593;896;43279;18077;5.7;2.4
68;2021-03-04;1995;943;45274;19020;5.9;2.5
68;2021-03-05;2355;952;47629;19972;6.2;2.6
68;2021-03-06;2288;237;49917;20209;6.5;2.6
68;2021-03-07;838;104;50755;20313;6.7;2.7
68;2021-03-08;1476;886;52231;21199;6.8;2.8
68;2021-03-09;1698;1236;53929;22435;7.1;2.9
68;2021-03-10;1966;1713;55895;24148;7.3;3.2
68;2021-03-11;2637;1833;58532;25981;7.7;3.4
68;2021-03-12;2631;1350;61163;27331;8.0;3.6
68;2021-03-13;3342;257;64505;27588;8.5;3.6
68;2021-03-14;1541;65;66046;27653;8.7;3.6
68;2021-03-15;1797;606;67843;28259;8.9;3.7
68;2021-03-16;1998;590;69841;28849;9.2;3.8
68;2021-03-17;1958;720;71799;29569;9.4;3.9
68;2021-03-18;2220;934;74019;30503;9.7;4.0
68;2021-03-19;3084;720;77103;31223;10.1;4.1
68;2021-03-20;974;122;78077;31345;10.2;4.1
68;2021-03-21;68;2;78145;31347;10.2;4.1
68;2021-03-22;1964;588;80109;31935;10.5;4.2
68;2021-03-23;2861;614;82970;32549;10.9;4.3
68;2021-03-24;3177;808;86147;33357;11.3;4.4
68;2021-03-25;3502;781;89649;34138;11.7;4.5
68;2021-03-26;3894;723;93543;34861;12.3;4.6
68;2021-03-27;1102;168;94645;35029;12.4;4.6
68;2021-03-28;56;3;94701;35032;12.4;4.6
68;2021-03-29;2260;1354;96961;36386;12.7;4.8
68;2021-03-30;2933;1289;99894;37675;13.1;4.9
68;2021-03-31;2643;1348;102537;39023;13.4;5.1
68;2021-04-01;2748;1540;105285;40563;13.8;5.3
68;2021-04-02;244;88;105529;40651;13.8;5.3
68;2021-04-03;241;123;105770;40774;13.9;5.3
68;2021-04-04;5;0;105775;40774;13.9;5.3
68;2021-04-05;49;3;105824;40777;13.9;5.3
68;2021-04-06;1793;1321;107617;42098;14.1;5.5
68;2021-04-07;2585;1537;110202;43635;14.4;5.7
68;2021-04-08;3234;1503;113436;45138;14.9;5.9
68;2021-04-09;4200;1528;117636;46666;15.4;6.1
68;2021-04-10;1204;1968;118840;48634;15.6;6.4
68;2021-04-11;126;1317;118966;49951;15.6;6.5
68;2021-04-12;2666;1631;121632;51582;15.9;6.8
68;2021-04-13;2760;2108;124392;53690;16.3;7.0
68;2021-04-14;3606;2266;127998;55956;16.8;7.3
68;2021-04-15;4055;2160;132053;58116;17.3;7.6
68;2021-04-16;3942;2080;135995;60196;17.8;7.9
68;2021-04-17;1075;440;137070;60636;18.0;7.9
68;2021-04-18;85;9;137155;60645;18.0;7.9
68;2021-04-19;2358;1829;139513;62474;18.3;8.2
68;2021-04-20;2442;2323;141955;64797;18.6;8.5
68;2021-04-21;2829;2473;144784;67270;19.0;8.8
68;2021-04-22;3287;1973;148071;69243;19.4;9.1
68;2021-04-23;3412;2073;151483;71316;19.8;9.3
68;2021-04-24;842;487;152325;71803;20.0;9.4
68;2021-04-25;214;20;152539;71823;20.0;9.4
68;2021-04-26;2328;2102;154867;73925;20.3;9.7
68;2021-04-27;2599;2212;157466;76137;20.6;10.0
68;2021-04-28;3572;1760;161038;77897;21.1;10.2
68;2021-04-29;4164;1747;165202;79644;21.6;10.4
68;2021-04-30;4834;1369;170036;81013;22.3;10.6
68;2021-05-01;948;119;170984;81132;22.4;10.6
68;2021-05-02;732;69;171716;81201;22.5;10.6
68;2021-05-03;3620;1820;175336;83021;23.0;10.9
68;2021-05-04;3937;2357;179273;85378;23.5;11.2
68;2021-05-05;3632;3240;182905;88618;24.0;11.6
68;2021-05-06;4804;2858;187709;91476;24.6;12.0
68;2021-05-07;4518;2900;192227;94376;25.2;12.4
68;2021-05-08;1672;210;193899;94586;25.4;12.4
68;2021-05-09;1075;107;194974;94693;25.5;12.4
68;2021-05-10;3159;3720;198133;98413;26.0;12.9
68;2021-05-11;4715;3614;202848;102027;26.6;13.4
68;2021-05-12;5785;3292;208633;105319;27.3;13.8
68;2021-05-13;4766;840;213399;106159;28.0;13.9
68;2021-05-14;5959;2131;219358;108290;28.7;14.2
68;2021-05-15;3558;909;222916;109199;29.2;14.3
68;2021-05-16;670;118;223586;109317;29.3;14.3
68;2021-05-17;4449;2498;228035;111815;29.9;14.7
68;2021-05-18;6139;2306;234174;114121;30.7;15.0
68;2021-05-19;5867;2882;240041;117003;31.5;15.3
68;2021-05-20;5928;2410;245969;119413;32.2;15.6
68;2021-05-21;5775;2866;251744;122279;33.0;16.0
68;2021-05-22;2576;925;254320;123204;33.3;16.1
68;2021-05-23;15;16;254335;123220;33.3;16.1
68;2021-05-24;2303;970;256638;124190;33.6;16.3
68;2021-05-25;4343;3435;260981;127625;34.2;16.7
68;2021-05-26;4883;3383;265864;131008;34.8;17.2
68;2021-05-27;5400;3401;271264;134409;35.5;17.6
68;2021-05-28;5623;3717;276887;138126;36.3;18.1
68;2021-05-29;1540;1185;278427;139311;36.5;18.3
68;2021-05-30;41;46;278468;139357;36.5;18.3
68;2021-05-31;5158;2363;283626;141720;37.2;18.6
68;2021-06-01;5989;2792;289615;144512;37.9;18.9
68;2021-06-02;4886;3005;294501;147517;38.6;19.3
68;2021-06-03;5938;3097;300439;150614;39.4;19.7
68;2021-06-04;4896;3298;305335;153912;40.0;20.2
68;2021-06-05;781;1168;306116;155080;40.1;20.3
68;2021-06-06;69;114;306185;155194;40.1;20.3
68;2021-06-07;4753;3035;310938;158229;40.7;20.7
68;2021-06-08;4934;3554;315872;161783;41.4;21.2
68;2021-06-09;4994;3446;320866;165229;42.0;21.6
68;2021-06-10;5200;3144;326066;168373;42.7;22.1
68;2021-06-11;5055;4145;331121;172518;43.4;22.6
68;2021-06-12;3036;1770;334157;174288;43.8;22.8
68;2021-06-13;514;682;334671;174970;43.9;22.9
68;2021-06-14;2516;4390;337187;179360;44.2;23.5
68;2021-06-15;3112;4718;340299;184078;44.6;24.1
68;2021-06-16;3387;4442;343686;188520;45.0;24.7
68;2021-06-17;2358;4453;346044;192973;45.3;25.3
68;2021-06-18;3358;5171;349402;198144;45.8;26.0
68;2021-06-19;2253;2170;351655;200314;46.1;26.2
68;2021-06-20;258;891;351913;201205;46.1;26.4
68;2021-06-21;2059;5148;353972;206353;46.4;27.0
68;2021-06-22;1900;5174;355872;211527;46.6;27.7
68;2021-06-23;2318;5740;358190;217267;46.9;28.5
68;2021-06-24;2153;4897;360343;222164;47.2;29.1
68;2021-06-25;2287;6656;362630;228820;47.5;30.0
68;2021-06-26;1303;2608;363933;231428;47.7;30.3
68;2021-06-27;151;880;364084;232308;47.7;30.4
68;2021-06-28;1601;6444;365685;238752;47.9;31.3
68;2021-06-29;1539;6631;367224;245383;48.1;32.2
68;2021-06-30;1797;6554;369021;251937;48.4;33.0
68;2021-07-01;2105;5351;371126;257288;48.6;33.7
68;2021-07-02;2098;6482;373224;263770;48.9;34.6
68;2021-07-03;989;1934;374213;265704;49.0;34.8
68;2021-07-04;242;200;374455;265904;49.1;34.8
68;2021-07-05;1456;5513;375911;271417;49.3;35.6
68;2021-07-06;2001;5883;377912;277300;49.5;36.3
68;2021-07-07;2455;4974;380367;282274;49.8;37.0
68;2021-07-08;2434;4746;382801;287020;50.2;37.6
68;2021-07-09;2092;7364;384893;294384;50.4;38.6
68;2021-07-10;1028;2002;385921;296386;50.6;38.8
68;2021-07-11;147;156;386068;296542;50.6;38.9
68;2021-07-12;1646;6771;387714;303313;50.8;39.7
68;2021-07-13;2909;6549;390623;309862;51.2;40.6
68;2021-07-14;1840;984;392463;310846;51.4;40.7
68;2021-07-15;3188;6651;395651;317497;51.8;41.6
68;2021-07-16;3817;6761;399468;324258;52.3;42.5
68;2021-07-17;3360;2301;402828;326559;52.8;42.8
68;2021-07-18;1054;230;403882;326789;52.9;42.8
68;2021-07-19;3050;6079;406932;332868;53.3;43.6
68;2021-07-20;4002;5666;410934;338534;53.8;44.4
68;2021-07-21;4339;5831;415273;344365;54.4;45.1
68;2021-07-22;4187;4847;419460;349212;55.0;45.8
68;2021-07-23;5041;5759;424501;354971;55.6;46.5
68;2021-07-24;3349;2131;427850;357102;56.1;46.8
68;2021-07-25;825;537;428675;357639;56.2;46.9
68;2021-07-26;4835;4450;433510;362089;56.8;47.4
68;2021-07-27;6363;3755;439873;365844;57.6;47.9
68;2021-07-28;6848;3882;446721;369726;58.5;48.4
68;2021-07-29;6398;3426;453119;373152;59.4;48.9
68;2021-07-30;6342;4377;459461;377529;60.2;49.5
68;2021-07-31;3917;1426;463378;378955;60.7;49.7
68;2021-08-01;1651;494;465029;379449;60.9;49.7
68;2021-08-02;4606;3150;469635;382599;61.5;50.1
68;2021-08-03;3550;2448;473185;385047;62.0;50.5
68;2021-08-04;3135;2689;476320;387736;62.4;50.8
68;2021-08-05;2753;2639;479073;390375;62.8;51.1
68;2021-08-06;3995;4326;483068;394701;63.3;51.7
68;2021-08-07;1227;1305;484295;396006;63.5;51.9
68;2021-08-08;364;813;484659;396819;63.5;52.0
68;2021-08-09;2574;3683;487233;400502;63.8;52.5
68;2021-08-10;2217;2784;489450;403286;64.1;52.8
68;2021-08-11;1896;2728;491346;406014;64.4;53.2
68;2021-08-12;1752;2667;493098;408681;64.6;53.5
68;2021-08-13;2715;4757;495813;413438;65.0;54.2
68;2021-08-14;714;1443;496527;414881;65.1;54.4
68;2021-08-15;45;445;496572;415326;65.1;54.4
68;2021-08-16;2003;5062;498575;420388;65.3;55.1
68;2021-08-17;1802;4847;500377;425235;65.6;55.7
68;2021-08-18;1182;3697;501559;428932;65.7;56.2
68;2021-08-19;1367;3741;502926;432673;65.9;56.7
68;2021-08-20;2229;6065;505155;438738;66.2;57.5
68;2021-08-21;492;1382;505647;440120;66.3;57.7
68;2021-08-22;116;457;505763;440577;66.3;57.7
68;2021-08-23;1192;5425;506955;446002;66.4;58.4
68;2021-08-24;1407;5953;508362;451955;66.6;59.2
68;2021-08-25;1660;3752;510022;455707;66.8;59.7
68;2021-08-26;1990;4505;512012;460212;67.1;60.3
68;2021-08-27;1850;6281;513862;466493;67.3;61.1
68;2021-08-28;422;1070;514284;467563;67.4;61.3
68;2021-08-29;36;418;514320;467981;67.4;61.3
68;2021-08-30;1346;4554;515666;472535;67.6;61.9
68;2021-08-31;1304;4238;516970;476773;67.7;62.5
68;2021-09-01;880;2281;517850;479054;67.9;62.8
68;2021-09-02;878;1983;518728;481037;68.0;63.0
68;2021-09-03;1305;4621;520033;485658;68.1;63.6
68;2021-09-04;493;955;520526;486613;68.2;63.8
68;2021-09-05;209;176;520735;486789;68.2;63.8
68;2021-09-06;691;2386;521426;489175;68.3;64.1
68;2021-09-07;607;1451;522033;490626;68.4;64.3
68;2021-09-08;617;1487;522650;492113;68.5;64.5
68;2021-09-09;900;1572;523550;493685;68.6;64.7
68;2021-09-10;1483;3346;525033;497031;68.8;65.1
68;2021-09-11;471;675;525504;497706;68.9;65.2
68;2021-09-12;73;63;525577;497769;68.9;65.2
68;2021-09-13;812;1391;526389;499160;69.0;65.4
68;2021-09-14;973;1727;527362;500887;69.1;65.6
68;2021-09-15;692;1583;528054;502470;69.2;65.8
68;2021-09-16;630;1077;528684;503547;69.3;66.0
68;2021-09-17;983;2329;529667;505876;69.4;66.3
68;2021-09-18;435;762;530102;506638;69.5;66.4
68;2021-09-19;16;48;530118;506686;69.5;66.4
68;2021-09-20;546;966;530664;507652;69.5;66.5
68;2021-09-21;583;1327;531247;508979;69.6;66.7
68;2021-09-22;632;1154;531879;510133;69.7;66.8
68;2021-09-23;367;679;532246;510812;69.7;66.9
68;2021-09-24;644;1606;532890;512418;69.8;67.1
68;2021-09-25;276;668;533166;513086;69.9;67.2
68;2021-09-26;19;56;533185;513142;69.9;67.2
68;2021-09-27;338;686;533523;513828;69.9;67.3
68;2021-09-28;335;544;533858;514372;69.9;67.4
68;2021-09-29;539;875;534397;515247;70.0;67.5
68;2021-09-30;385;788;534782;516035;70.1;67.6
68;2021-10-01;500;1537;535282;517572;70.1;67.8
68;2021-10-02;242;568;535524;518140;70.2;67.9
68;2021-10-03;36;89;535560;518229;70.2;67.9
68;2021-10-04;212;422;535772;518651;70.2;68.0
68;2021-10-05;287;560;536059;519211;70.2;68.0
69;2020-12-27;5;0;5;0;0.0;0.0
69;2020-12-28;13;0;18;0;0.0;0.0
69;2020-12-29;5;0;23;0;0.0;0.0
69;2020-12-30;6;0;29;0;0.0;0.0
69;2020-12-31;12;0;41;0;0.0;0.0
69;2021-01-01;2;0;43;0;0.0;0.0
69;2021-01-02;2;0;45;0;0.0;0.0
69;2021-01-03;3;0;48;0;0.0;0.0
69;2021-01-04;13;0;61;0;0.0;0.0
69;2021-01-05;218;0;279;0;0.0;0.0
69;2021-01-06;518;0;797;0;0.0;0.0
69;2021-01-07;813;0;1610;0;0.1;0.0
69;2021-01-08;829;1;2439;1;0.1;0.0
69;2021-01-09;41;1;2480;2;0.1;0.0
69;2021-01-10;3;1;2483;3;0.1;0.0
69;2021-01-11;1135;2;3618;5;0.2;0.0
69;2021-01-12;1399;8;5017;13;0.3;0.0
69;2021-01-13;1395;3;6412;16;0.3;0.0
69;2021-01-14;2285;17;8697;33;0.5;0.0
69;2021-01-15;1829;8;10526;41;0.6;0.0
69;2021-01-16;930;3;11456;44;0.6;0.0
69;2021-01-17;260;2;11716;46;0.6;0.0
69;2021-01-18;1695;18;13411;64;0.7;0.0
69;2021-01-19;3512;36;16923;100;0.9;0.0
69;2021-01-20;4456;29;21379;129;1.1;0.0
69;2021-01-21;4078;26;25457;155;1.4;0.0
69;2021-01-22;3184;19;28641;174;1.5;0.0
69;2021-01-23;1287;5;29928;179;1.6;0.0
69;2021-01-24;102;1;30030;180;1.6;0.0
69;2021-01-25;2245;36;32275;216;1.7;0.0
69;2021-01-26;2563;88;34838;304;1.9;0.0
69;2021-01-27;2359;169;37197;473;2.0;0.0
69;2021-01-28;2238;351;39435;824;2.1;0.0
69;2021-01-29;2111;273;41546;1097;2.2;0.1
69;2021-01-30;889;3;42435;1100;2.3;0.1
69;2021-01-31;65;0;42500;1100;2.3;0.1
69;2021-02-01;1112;383;43612;1483;2.3;0.1
69;2021-02-02;1559;382;45171;1865;2.4;0.1
69;2021-02-03;1444;518;46615;2383;2.5;0.1
69;2021-02-04;1795;898;48410;3281;2.6;0.2
69;2021-02-05;821;797;49231;4078;2.6;0.2
69;2021-02-06;370;41;49601;4119;2.6;0.2
69;2021-02-07;0;0;49601;4119;2.6;0.2
69;2021-02-08;1133;938;50734;5057;2.7;0.3
69;2021-02-09;2052;1795;52786;6852;2.8;0.4
69;2021-02-10;1855;2407;54641;9259;2.9;0.5
69;2021-02-11;1860;2960;56501;12219;3.0;0.7
69;2021-02-12;1905;1797;58406;14016;3.1;0.7
69;2021-02-13;459;564;58865;14580;3.1;0.8
69;2021-02-14;89;32;58954;14612;3.1;0.8
69;2021-02-15;1016;1407;59970;16019;3.2;0.9
69;2021-02-16;984;1860;60954;17879;3.2;1.0
69;2021-02-17;1026;1896;61980;19775;3.3;1.1
69;2021-02-18;967;1834;62947;21609;3.4;1.2
69;2021-02-19;890;1485;63837;23094;3.4;1.2
69;2021-02-20;321;672;64158;23766;3.4;1.3
69;2021-02-21;53;53;64211;23819;3.4;1.3
69;2021-02-22;609;1697;64820;25516;3.5;1.4
69;2021-02-23;741;1835;65561;27351;3.5;1.5
69;2021-02-24;973;1857;66534;29208;3.5;1.6
69;2021-02-25;2214;2314;68748;31522;3.7;1.7
69;2021-02-26;2772;1652;71520;33174;3.8;1.8
69;2021-02-27;925;496;72445;33670;3.9;1.8
69;2021-02-28;148;98;72593;33768;3.9;1.8
69;2021-03-01;2168;748;74761;34516;4.0;1.8
69;2021-03-02;3298;1184;78059;35700;4.2;1.9
69;2021-03-03;3670;1134;81729;36834;4.4;2.0
69;2021-03-04;4887;1210;86616;38044;4.6;2.0
69;2021-03-05;5875;1117;92491;39161;4.9;2.1
69;2021-03-06;3417;369;95908;39530;5.1;2.1
69;2021-03-07;640;44;96548;39574;5.1;2.1
69;2021-03-08;2960;992;99508;40566;5.3;2.2
69;2021-03-09;4607;1108;104115;41674;5.5;2.2
69;2021-03-10;5072;968;109187;42642;5.8;2.3
69;2021-03-11;6601;982;115788;43624;6.2;2.3
69;2021-03-12;8856;1114;124644;44738;6.6;2.4
69;2021-03-13;4928;242;129572;44980;6.9;2.4
69;2021-03-14;2741;150;132313;45130;7.1;2.4
69;2021-03-15;4803;675;137116;45805;7.3;2.4
69;2021-03-16;3819;656;140935;46461;7.5;2.5
69;2021-03-17;3953;867;144888;47328;7.7;2.5
69;2021-03-18;4965;1533;149853;48861;8.0;2.6
69;2021-03-19;6684;971;156537;49832;8.3;2.7
69;2021-03-20;3593;278;160130;50110;8.5;2.7
69;2021-03-21;1975;101;162105;50211;8.6;2.7
69;2021-03-22;4550;742;166655;50953;8.9;2.7
69;2021-03-23;7364;806;174019;51759;9.3;2.8
69;2021-03-24;6456;994;180475;52753;9.6;2.8
69;2021-03-25;8595;1123;189070;53876;10.1;2.9
69;2021-03-26;8814;1246;197884;55122;10.5;2.9
69;2021-03-27;3157;789;201041;55911;10.7;3.0
69;2021-03-28;2218;186;203259;56097;10.8;3.0
69;2021-03-29;4097;2168;207356;58265;11.1;3.1
69;2021-03-30;7641;2532;214997;60797;11.5;3.2
69;2021-03-31;6355;3100;221352;63897;11.8;3.4
69;2021-04-01;8462;2721;229814;66618;12.2;3.6
69;2021-04-02;8315;3106;238129;69724;12.7;3.7
69;2021-04-03;5424;2115;243553;71839;13.0;3.8
69;2021-04-04;6610;543;250163;72382;13.3;3.9
69;2021-04-05;6190;816;256353;73198;13.7;3.9
69;2021-04-06;5114;3466;261467;76664;13.9;4.1
69;2021-04-07;5167;3865;266634;80529;14.2;4.3
69;2021-04-08;6431;3999;273065;84528;14.6;4.5
69;2021-04-09;9165;3735;282230;88263;15.0;4.7
69;2021-04-10;3054;2492;285284;90755;15.2;4.8
69;2021-04-11;2036;1895;287320;92650;15.3;4.9
69;2021-04-12;5474;3556;292794;96206;15.6;5.1
69;2021-04-13;7068;4113;299862;100319;16.0;5.3
69;2021-04-14;6718;4157;306580;104476;16.3;5.6
69;2021-04-15;7943;4595;314523;109071;16.8;5.8
69;2021-04-16;7868;4488;322391;113559;17.2;6.1
69;2021-04-17;5036;2310;327427;115869;17.5;6.2
69;2021-04-18;1715;1790;329142;117659;17.5;6.3
69;2021-04-19;7020;3774;336162;121433;17.9;6.5
69;2021-04-20;6485;4761;342647;126194;18.3;6.7
69;2021-04-21;5688;4415;348335;130609;18.6;7.0
69;2021-04-22;6427;5438;354762;136047;18.9;7.3
69;2021-04-23;6735;4900;361497;140947;19.3;7.5
69;2021-04-24;3160;2031;364657;142978;19.4;7.6
69;2021-04-25;2120;1544;366777;144522;19.6;7.7
69;2021-04-26;4495;3869;371272;148391;19.8;7.9
69;2021-04-27;6516;5305;377788;153696;20.1;8.2
69;2021-04-28;6273;4860;384061;158556;20.5;8.5
69;2021-04-29;6706;5362;390767;163918;20.8;8.7
69;2021-04-30;6931;6142;397698;170060;21.2;9.1
69;2021-05-01;3301;643;400999;170703;21.4;9.1
69;2021-05-02;1628;5880;402627;176583;21.5;9.4
69;2021-05-03;5859;8240;408486;184823;21.8;9.9
69;2021-05-04;7608;8152;416094;192975;22.2;10.3
69;2021-05-05;11210;5657;427304;198632;22.8;10.6
69;2021-05-06;12470;6296;439774;204928;23.4;10.9
69;2021-05-07;11685;7134;451459;212062;24.1;11.3
69;2021-05-08;4303;1652;455762;213714;24.3;11.4
69;2021-05-09;6634;2679;462396;216393;24.6;11.5
69;2021-05-10;6935;6066;469331;222459;25.0;11.9
69;2021-05-11;9829;7032;479160;229491;25.5;12.2
69;2021-05-12;12450;6784;491610;236275;26.2;12.6
69;2021-05-13;10839;2561;502449;238836;26.8;12.7
69;2021-05-14;12598;5209;515047;244045;27.5;13.0
69;2021-05-15;9136;2591;524183;246636;27.9;13.1
69;2021-05-16;8403;1875;532586;248511;28.4;13.2
69;2021-05-17;11306;5649;543892;254160;29.0;13.5
69;2021-05-18;13226;6398;557118;260558;29.7;13.9
69;2021-05-19;13696;5888;570814;266446;30.4;14.2
69;2021-05-20;11387;6077;582201;272523;31.0;14.5
69;2021-05-21;11036;6545;593237;279068;31.6;14.9
69;2021-05-22;5574;2575;598811;281643;31.9;15.0
69;2021-05-23;4573;1544;603384;283187;32.2;15.1
69;2021-05-24;8420;1864;611804;285051;32.6;15.2
69;2021-05-25;9741;6174;621545;291225;33.1;15.5
69;2021-05-26;10282;6105;631827;297330;33.7;15.8
69;2021-05-27;10429;6781;642256;304111;34.2;16.2
69;2021-05-28;11611;8735;653867;312846;34.9;16.7
69;2021-05-29;7387;6045;661254;318891;35.2;17.0
69;2021-05-30;7387;3169;668641;322060;35.6;17.2
69;2021-05-31;10955;6374;679596;328434;36.2;17.5
69;2021-06-01;12843;7499;692439;335933;36.9;17.9
69;2021-06-02;14887;6721;707326;342654;37.7;18.3
69;2021-06-03;16641;7424;723967;350078;38.6;18.7
69;2021-06-04;16199;8550;740166;358628;39.5;19.1
69;2021-06-05;10105;3416;750271;362044;40.0;19.3
69;2021-06-06;7488;1719;757759;363763;40.4;19.4
69;2021-06-07;12815;7019;770574;370782;41.1;19.8
69;2021-06-08;16309;8276;786883;379058;41.9;20.2
69;2021-06-09;15212;7351;802095;386409;42.8;20.6
69;2021-06-10;16275;7326;818370;393735;43.6;21.0
69;2021-06-11;16635;9676;835005;403411;44.5;21.5
69;2021-06-12;8528;4188;843533;407599;45.0;21.7
69;2021-06-13;5620;2146;849153;409745;45.3;21.8
69;2021-06-14;8574;9082;857727;418827;45.7;22.3
69;2021-06-15;10933;11014;868660;429841;46.3;22.9
69;2021-06-16;11332;12317;879992;442158;46.9;23.6
69;2021-06-17;11454;13255;891446;455413;47.5;24.3
69;2021-06-18;12044;14769;903490;470182;48.2;25.1
69;2021-06-19;6813;8354;910303;478536;48.5;25.5
69;2021-06-20;5274;4769;915577;483305;48.8;25.8
69;2021-06-21;6536;12118;922113;495423;49.2;26.4
69;2021-06-22;7210;13823;929323;509246;49.5;27.1
69;2021-06-23;8348;13026;937671;522272;50.0;27.8
69;2021-06-24;9294;13741;946965;536013;50.5;28.6
69;2021-06-25;7079;16307;954044;552320;50.9;29.4
69;2021-06-26;3871;9070;957915;561390;51.1;29.9
69;2021-06-27;3291;7420;961206;568810;51.2;30.3
69;2021-06-28;4550;14891;965756;583701;51.5;31.1
69;2021-06-29;5368;15666;971124;599367;51.8;31.9
69;2021-06-30;6388;14447;977512;613814;52.1;32.7
69;2021-07-01;9042;11978;986554;625792;52.6;33.4
69;2021-07-02;10686;14127;997240;639919;53.2;34.1
69;2021-07-03;5993;7771;1003233;647690;53.5;34.5
69;2021-07-04;4126;5550;1007359;653240;53.7;34.8
69;2021-07-05;6229;13021;1013588;666261;54.0;35.5
69;2021-07-06;5914;14276;1019502;680537;54.3;36.3
69;2021-07-07;7317;13561;1026819;694098;54.7;37.0
69;2021-07-08;7587;13408;1034406;707506;55.1;37.7
69;2021-07-09;7583;16470;1041989;723976;55.5;38.6
69;2021-07-10;3124;10312;1045113;734288;55.7;39.1
69;2021-07-11;4331;5830;1049444;740118;55.9;39.5
69;2021-07-12;4212;16969;1053656;757087;56.2;40.4
69;2021-07-13;6451;20717;1060107;777804;56.5;41.5
69;2021-07-14;5056;8483;1065163;786287;56.8;41.9
69;2021-07-15;7496;22576;1072659;808863;57.2;43.1
69;2021-07-16;9963;20109;1082622;828972;57.7;44.2
69;2021-07-17;4882;12237;1087504;841209;58.0;44.8
69;2021-07-18;3411;8894;1090915;850103;58.1;45.3
69;2021-07-19;7067;16456;1097982;866559;58.5;46.2
69;2021-07-20;9578;19305;1107560;885864;59.0;47.2
69;2021-07-21;9386;17421;1116946;903285;59.5;48.1
69;2021-07-22;11470;16394;1128416;919679;60.1;49.0
69;2021-07-23;11138;17684;1139554;937363;60.7;50.0
69;2021-07-24;5705;11049;1145259;948412;61.0;50.6
69;2021-07-25;4706;6631;1149965;955043;61.3;50.9
69;2021-07-26;8927;12951;1158892;967994;61.8;51.6
69;2021-07-27;12938;12093;1171830;980087;62.5;52.2
69;2021-07-28;12090;12155;1183920;992242;63.1;52.9
69;2021-07-29;14761;12264;1198681;1004506;63.9;53.5
69;2021-07-30;14417;12243;1213098;1016749;64.7;54.2
69;2021-07-31;8269;7254;1221367;1024003;65.1;54.6
69;2021-08-01;5185;5880;1226552;1029883;65.4;54.9
69;2021-08-02;13235;9637;1239787;1039520;66.1;55.4
69;2021-08-03;13287;8984;1253074;1048504;66.8;55.9
69;2021-08-04;14346;8140;1267420;1056644;67.6;56.3
69;2021-08-05;11525;7539;1278945;1064183;68.2;56.7
69;2021-08-06;10595;7798;1289540;1071981;68.7;57.1
69;2021-08-07;5004;4811;1294544;1076792;69.0;57.4
69;2021-08-08;4371;3564;1298915;1080356;69.2;57.6
69;2021-08-09;7776;9219;1306691;1089575;69.7;58.1
69;2021-08-10;8081;7036;1314772;1096611;70.1;58.5
69;2021-08-11;7898;8113;1322670;1104724;70.5;58.9
69;2021-08-12;7313;7333;1329983;1112057;70.9;59.3
69;2021-08-13;6742;8361;1336725;1120418;71.3;59.7
69;2021-08-14;4511;5210;1341236;1125628;71.5;60.0
69;2021-08-15;2490;2522;1343726;1128150;71.6;60.1
69;2021-08-16;5931;8881;1349657;1137031;71.9;60.6
69;2021-08-17;6418;8275;1356075;1145306;72.3;61.0
69;2021-08-18;6251;9473;1362326;1154779;72.6;61.6
69;2021-08-19;6335;9335;1368661;1164114;73.0;62.1
69;2021-08-20;6152;8844;1374813;1172958;73.3;62.5
69;2021-08-21;2861;3957;1377674;1176915;73.4;62.7
69;2021-08-22;1964;2420;1379638;1179335;73.5;62.9
69;2021-08-23;3943;12384;1383581;1191719;73.7;63.5
69;2021-08-24;5183;13642;1388764;1205361;74.0;64.2
69;2021-08-25;4553;12908;1393317;1218269;74.3;64.9
69;2021-08-26;4552;11736;1397869;1230005;74.5;65.6
69;2021-08-27;4299;14451;1402168;1244456;74.7;66.3
69;2021-08-28;1965;8635;1404133;1253091;74.8;66.8
69;2021-08-29;1335;6527;1405468;1259618;74.9;67.1
69;2021-08-30;3256;11814;1408724;1271432;75.1;67.8
69;2021-08-31;4182;10192;1412906;1281624;75.3;68.3
69;2021-09-01;4246;9792;1417152;1291416;75.5;68.8
69;2021-09-02;4280;9245;1421432;1300661;75.8;69.3
69;2021-09-03;4023;11256;1425455;1311917;76.0;69.9
69;2021-09-04;2452;8722;1427907;1320639;76.1;70.4
69;2021-09-05;1420;3854;1429327;1324493;76.2;70.6
69;2021-09-06;2218;6916;1431545;1331409;76.3;71.0
69;2021-09-07;2318;6981;1433863;1338390;76.4;71.3
69;2021-09-08;2644;7513;1436507;1345903;76.6;71.7
69;2021-09-09;2368;6773;1438875;1352676;76.7;72.1
69;2021-09-10;2578;7623;1441453;1360299;76.8;72.5
69;2021-09-11;1627;5282;1443080;1365581;76.9;72.8
69;2021-09-12;508;2339;1443588;1367920;76.9;72.9
69;2021-09-13;1613;5473;1445201;1373393;77.0;73.2
69;2021-09-14;1794;5515;1446995;1378908;77.1;73.5
69;2021-09-15;1835;5049;1448830;1383957;77.2;73.8
69;2021-09-16;1508;3487;1450338;1387444;77.3;74.0
69;2021-09-17;1767;4883;1452105;1392327;77.4;74.2
69;2021-09-18;1094;4088;1453199;1396415;77.5;74.4
69;2021-09-19;478;1523;1453677;1397938;77.5;74.5
69;2021-09-20;939;2989;1454616;1400927;77.5;74.7
69;2021-09-21;974;3513;1455590;1404440;77.6;74.9
69;2021-09-22;1143;4068;1456733;1408508;77.6;75.1
69;2021-09-23;905;3070;1457638;1411578;77.7;75.2
69;2021-09-24;1242;4183;1458880;1415761;77.8;75.5
69;2021-09-25;710;2726;1459590;1418487;77.8;75.6
69;2021-09-26;296;1212;1459886;1419699;77.8;75.7
69;2021-09-27;657;2033;1460543;1421732;77.9;75.8
69;2021-09-28;919;2099;1461462;1423831;77.9;75.9
69;2021-09-29;1136;3285;1462598;1427116;78.0;76.1
69;2021-09-30;931;2357;1463529;1429473;78.0;76.2
69;2021-10-01;1484;3518;1465013;1432991;78.1;76.4
69;2021-10-02;939;2256;1465952;1435247;78.1;76.5
69;2021-10-03;316;645;1466268;1435892;78.2;76.5
69;2021-10-04;769;2008;1467037;1437900;78.2;76.6
69;2021-10-05;762;1826;1467799;1439726;78.2;76.7
70;2020-12-27;0;0;0;0;0.0;0.0
70;2020-12-28;0;0;0;0;0.0;0.0
70;2020-12-29;0;0;0;0;0.0;0.0
70;2020-12-30;0;0;0;0;0.0;0.0
70;2020-12-31;0;0;0;0;0.0;0.0
70;2021-01-01;0;0;0;0;0.0;0.0
70;2021-01-02;0;0;0;0;0.0;0.0
70;2021-01-03;0;0;0;0;0.0;0.0
70;2021-01-04;0;0;0;0;0.0;0.0
70;2021-01-05;1;0;1;0;0.0;0.0
70;2021-01-06;24;0;25;0;0.0;0.0
70;2021-01-07;121;0;146;0;0.1;0.0
70;2021-01-08;22;0;168;0;0.1;0.0
70;2021-01-09;0;0;168;0;0.1;0.0
70;2021-01-10;0;0;168;0;0.1;0.0
70;2021-01-11;148;1;316;1;0.1;0.0
70;2021-01-12;201;1;517;2;0.2;0.0
70;2021-01-13;172;2;689;4;0.3;0.0
70;2021-01-14;148;5;837;9;0.4;0.0
70;2021-01-15;153;1;990;10;0.4;0.0
70;2021-01-16;65;0;1055;10;0.5;0.0
70;2021-01-17;0;0;1055;10;0.5;0.0
70;2021-01-18;398;0;1453;10;0.6;0.0
70;2021-01-19;503;2;1956;12;0.8;0.0
70;2021-01-20;494;2;2450;14;1.1;0.0
70;2021-01-21;675;2;3125;16;1.3;0.0
70;2021-01-22;458;2;3583;18;1.5;0.0
70;2021-01-23;261;2;3844;20;1.6;0.0
70;2021-01-24;4;0;3848;20;1.7;0.0
70;2021-01-25;369;1;4217;21;1.8;0.0
70;2021-01-26;335;1;4552;22;2.0;0.0
70;2021-01-27;331;10;4883;32;2.1;0.0
70;2021-01-28;366;35;5249;67;2.3;0.0
70;2021-01-29;329;52;5578;119;2.4;0.1
70;2021-01-30;228;0;5806;119;2.5;0.1
70;2021-01-31;0;0;5806;119;2.5;0.1
70;2021-02-01;262;32;6068;151;2.6;0.1
70;2021-02-02;272;92;6340;243;2.7;0.1
70;2021-02-03;251;54;6591;297;2.8;0.1
70;2021-02-04;265;120;6856;417;2.9;0.2
70;2021-02-05;254;72;7110;489;3.0;0.2
70;2021-02-06;209;37;7319;526;3.1;0.2
70;2021-02-07;0;0;7319;526;3.1;0.2
70;2021-02-08;179;150;7498;676;3.2;0.3
70;2021-02-09;206;140;7704;816;3.3;0.3
70;2021-02-10;196;216;7900;1032;3.4;0.4
70;2021-02-11;351;270;8251;1302;3.5;0.6
70;2021-02-12;239;406;8490;1708;3.6;0.7
70;2021-02-13;75;145;8565;1853;3.7;0.8
70;2021-02-14;0;29;8565;1882;3.7;0.8
70;2021-02-15;70;271;8635;2153;3.7;0.9
70;2021-02-16;113;279;8748;2432;3.8;1.0
70;2021-02-17;164;272;8912;2704;3.8;1.2
70;2021-02-18;205;225;9117;2929;3.9;1.3
70;2021-02-19;197;180;9314;3109;4.0;1.3
70;2021-02-20;192;56;9506;3165;4.1;1.4
70;2021-02-21;1;0;9507;3165;4.1;1.4
70;2021-02-22;106;181;9613;3346;4.1;1.4
70;2021-02-23;125;206;9738;3552;4.2;1.5
70;2021-02-24;132;178;9870;3730;4.2;1.6
70;2021-02-25;315;199;10185;3929;4.4;1.7
70;2021-02-26;395;122;10580;4051;4.5;1.7
70;2021-02-27;147;146;10727;4197;4.6;1.8
70;2021-02-28;0;0;10727;4197;4.6;1.8
70;2021-03-01;248;206;10975;4403;4.7;1.9
70;2021-03-02;487;232;11462;4635;4.9;2.0
70;2021-03-03;468;219;11930;4854;5.1;2.1
70;2021-03-04;693;236;12623;5090;5.4;2.2
70;2021-03-05;767;225;13390;5315;5.7;2.3
70;2021-03-06;539;99;13929;5414;6.0;2.3
70;2021-03-07;216;23;14145;5437;6.1;2.3
70;2021-03-08;554;194;14699;5631;6.3;2.4
70;2021-03-09;864;165;15563;5796;6.7;2.5
70;2021-03-10;659;171;16222;5967;7.0;2.6
70;2021-03-11;698;244;16920;6211;7.3;2.7
70;2021-03-12;985;173;17905;6384;7.7;2.7
70;2021-03-13;583;117;18488;6501;7.9;2.8
70;2021-03-14;20;1;18508;6502;7.9;2.8
70;2021-03-15;774;104;19282;6606;8.3;2.8
70;2021-03-16;655;97;19937;6703;8.5;2.9
70;2021-03-17;595;179;20532;6882;8.8;3.0
70;2021-03-18;633;138;21165;7020;9.1;3.0
70;2021-03-19;1019;139;22184;7159;9.5;3.1
70;2021-03-20;641;186;22825;7345;9.8;3.1
70;2021-03-21;9;0;22834;7345;9.8;3.1
70;2021-03-22;757;98;23591;7443;10.1;3.2
70;2021-03-23;1310;155;24901;7598;10.7;3.3
70;2021-03-24;1270;106;26171;7704;11.2;3.3
70;2021-03-25;1247;198;27418;7902;11.8;3.4
70;2021-03-26;1485;300;28903;8202;12.4;3.5
70;2021-03-27;957;128;29860;8330;12.8;3.6
70;2021-03-28;0;10;29860;8340;12.8;3.6
70;2021-03-29;721;413;30581;8753;13.1;3.8
70;2021-03-30;1093;315;31674;9068;13.6;3.9
70;2021-03-31;878;317;32552;9385;14.0;4.0
70;2021-04-01;1153;428;33705;9813;14.5;4.2
70;2021-04-02;1310;345;35015;10158;15.0;4.4
70;2021-04-03;639;320;35654;10478;15.3;4.5
70;2021-04-04;11;0;35665;10478;15.3;4.5
70;2021-04-05;4;2;35669;10480;15.3;4.5
70;2021-04-06;831;555;36500;11035;15.7;4.7
70;2021-04-07;858;588;37358;11623;16.0;5.0
70;2021-04-08;1319;561;38677;12184;16.6;5.2
70;2021-04-09;1402;537;40079;12721;17.2;5.5
70;2021-04-10;859;346;40938;13067;17.6;5.6
70;2021-04-11;23;1;40961;13068;17.6;5.6
70;2021-04-12;696;660;41657;13728;17.9;5.9
70;2021-04-13;921;769;42578;14497;18.3;6.2
70;2021-04-14;816;576;43394;15073;18.6;6.5
70;2021-04-15;1079;604;44473;15677;19.1;6.7
70;2021-04-16;1242;551;45715;16228;19.6;7.0
70;2021-04-17;689;468;46404;16696;19.9;7.2
70;2021-04-18;62;4;46466;16700;19.9;7.2
70;2021-04-19;540;809;47006;17509;20.2;7.5
70;2021-04-20;663;852;47669;18361;20.4;7.9
70;2021-04-21;483;926;48152;19287;20.6;8.3
70;2021-04-22;775;801;48927;20088;21.0;8.6
70;2021-04-23;875;740;49802;20828;21.4;8.9
70;2021-04-24;432;642;50234;21470;21.5;9.2
70;2021-04-25;11;0;50245;21470;21.5;9.2
70;2021-04-26;923;604;51168;22074;21.9;9.5
70;2021-04-27;1208;753;52376;22827;22.5;9.8
70;2021-04-28;889;811;53265;23638;22.8;10.1
70;2021-04-29;1342;928;54607;24566;23.4;10.5
70;2021-04-30;1533;871;56140;25437;24.1;10.9
70;2021-05-01;1694;120;57834;25557;24.8;11.0
70;2021-05-02;2;0;57836;25557;24.8;11.0
70;2021-05-03;1189;580;59025;26137;25.3;11.2
70;2021-05-04;1353;754;60378;26891;25.9;11.5
70;2021-05-05;1188;879;61566;27770;26.4;11.9
70;2021-05-06;1845;1270;63411;29040;27.2;12.5
70;2021-05-07;2127;1239;65538;30279;28.1;13.0
70;2021-05-08;1342;194;66880;30473;28.7;13.1
70;2021-05-09;9;57;66889;30530;28.7;13.1
70;2021-05-10;961;946;67850;31476;29.1;13.5
70;2021-05-11;1240;1076;69090;32552;29.6;14.0
70;2021-05-12;1175;862;70265;33414;30.1;14.3
70;2021-05-13;1544;147;71809;33561;30.8;14.4
70;2021-05-14;2062;754;73871;34315;31.7;14.7
70;2021-05-15;2657;531;76528;34846;32.8;14.9
70;2021-05-16;999;72;77527;34918;33.2;15.0
70;2021-05-17;1237;386;78764;35304;33.8;15.1
70;2021-05-18;1296;591;80060;35895;34.3;15.4
70;2021-05-19;1476;480;81536;36375;35.0;15.6
70;2021-05-20;1779;630;83315;37005;35.7;15.9
70;2021-05-21;1692;817;85007;37822;36.5;16.2
70;2021-05-22;1219;666;86226;38488;37.0;16.5
70;2021-05-23;8;14;86234;38502;37.0;16.5
70;2021-05-24;227;27;86461;38529;37.1;16.5
70;2021-05-25;837;926;87298;39455;37.4;16.9
70;2021-05-26;1048;946;88346;40401;37.9;17.3
70;2021-05-27;1263;996;89609;41397;38.4;17.8
70;2021-05-28;1546;1158;91155;42555;39.1;18.2
70;2021-05-29;1370;587;92525;43142;39.7;18.5
70;2021-05-30;1;8;92526;43150;39.7;18.5
70;2021-05-31;969;679;93495;43829;40.1;18.8
70;2021-06-01;1213;848;94708;44677;40.6;19.2
70;2021-06-02;1265;678;95973;45355;41.2;19.4
70;2021-06-03;1429;837;97402;46192;41.8;19.8
70;2021-06-04;1335;1111;98737;47303;42.3;20.3
70;2021-06-05;1024;663;99761;47966;42.8;20.6
70;2021-06-06;599;79;100360;48045;43.0;20.6
70;2021-06-07;941;848;101301;48893;43.4;21.0
70;2021-06-08;1216;1187;102517;50080;44.0;21.5
70;2021-06-09;1156;988;103673;51068;44.5;21.9
70;2021-06-10;1567;831;105240;51899;45.1;22.3
70;2021-06-11;1585;1957;106825;53856;45.8;23.1
70;2021-06-12;829;1970;107654;55826;46.2;23.9
70;2021-06-13;143;15;107797;55841;46.2;23.9
70;2021-06-14;559;1243;108356;57084;46.5;24.5
70;2021-06-15;451;1506;108807;58590;46.7;25.1
70;2021-06-16;798;1391;109605;59981;47.0;25.7
70;2021-06-17;1154;2098;110759;62079;47.5;26.6
70;2021-06-18;995;2254;111754;64333;47.9;27.6
70;2021-06-19;1091;1639;112845;65972;48.4;28.3
70;2021-06-20;1;3;112846;65975;48.4;28.3
70;2021-06-21;691;1452;113537;67427;48.7;28.9
70;2021-06-22;655;1513;114192;68940;49.0;29.6
70;2021-06-23;662;1569;114854;70509;49.3;30.2
70;2021-06-24;877;2049;115731;72558;49.6;31.1
70;2021-06-25;681;2648;116412;75206;49.9;32.3
70;2021-06-26;942;2134;117354;77340;50.3;33.2
70;2021-06-27;141;763;117495;78103;50.4;33.5
70;2021-06-28;335;1353;117830;79456;50.5;34.1
70;2021-06-29;411;1610;118241;81066;50.7;34.8
70;2021-06-30;390;1633;118631;82699;50.9;35.5
70;2021-07-01;642;1751;119273;84450;51.1;36.2
70;2021-07-02;815;1576;120088;86026;51.5;36.9
70;2021-07-03;841;1084;120929;87110;51.9;37.4
70;2021-07-04;29;70;120958;87180;51.9;37.4
70;2021-07-05;610;1037;121568;88217;52.1;37.8
70;2021-07-06;681;1273;122249;89490;52.4;38.4
70;2021-07-07;508;1425;122757;90915;52.6;39.0
70;2021-07-08;817;1574;123574;92489;53.0;39.7
70;2021-07-09;873;1662;124447;94151;53.4;40.4
70;2021-07-10;831;1033;125278;95184;53.7;40.8
70;2021-07-11;7;20;125285;95204;53.7;40.8
70;2021-07-12;432;1391;125717;96595;53.9;41.4
70;2021-07-13;907;1868;126624;98463;54.3;42.2
70;2021-07-14;33;6;126657;98469;54.3;42.2
70;2021-07-15;1382;1691;128039;100160;54.9;43.0
70;2021-07-16;1632;2056;129671;102216;55.6;43.8
70;2021-07-17;1501;1454;131172;103670;56.3;44.5
70;2021-07-18;1145;641;132317;104311;56.7;44.7
70;2021-07-19;883;976;133200;105287;57.1;45.1
70;2021-07-20;1349;1352;134549;106639;57.7;45.7
70;2021-07-21;1286;1402;135835;108041;58.2;46.3
70;2021-07-22;1867;1827;137702;109868;59.1;47.1
70;2021-07-23;1826;2491;139528;112359;59.8;48.2
70;2021-07-24;1364;1806;140892;114165;60.4;49.0
70;2021-07-25;27;3;140919;114168;60.4;49.0
70;2021-07-26;1055;975;141974;115143;60.9;49.4
70;2021-07-27;1398;976;143372;116119;61.5;49.8
70;2021-07-28;1404;1162;144776;117281;62.1;50.3
70;2021-07-29;1873;1387;146649;118668;62.9;50.9
70;2021-07-30;1974;1347;148623;120015;63.7;51.5
70;2021-07-31;1751;1166;150374;121181;64.5;52.0
70;2021-08-01;2;4;150376;121185;64.5;52.0
70;2021-08-02;775;737;151151;121922;64.8;52.3
70;2021-08-03;1296;1037;152447;122959;65.4;52.7
70;2021-08-04;1210;922;153657;123881;65.9;53.1
70;2021-08-05;1657;1191;155314;125072;66.6;53.6
70;2021-08-06;1796;1335;157110;126407;67.4;54.2
70;2021-08-07;1192;1030;158302;127437;67.9;54.6
70;2021-08-08;35;28;158337;127465;67.9;54.7
70;2021-08-09;533;704;158870;128169;68.1;55.0
70;2021-08-10;898;1131;159768;129300;68.5;55.4
70;2021-08-11;808;722;160576;130022;68.9;55.8
70;2021-08-12;906;1271;161482;131293;69.2;56.3
70;2021-08-13;1040;1622;162522;132915;69.7;57.0
70;2021-08-14;771;976;163293;133891;70.0;57.4
70;2021-08-15;36;28;163329;133919;70.0;57.4
70;2021-08-16;545;909;163874;134828;70.3;57.8
70;2021-08-17;680;1194;164554;136022;70.6;58.3
70;2021-08-18;536;939;165090;136961;70.8;58.7
70;2021-08-19;565;1385;165655;138346;71.0;59.3
70;2021-08-20;510;1900;166165;140246;71.3;60.1
70;2021-08-21;447;1163;166612;141409;71.4;60.6
70;2021-08-22;2;6;166614;141415;71.4;60.6
70;2021-08-23;283;879;166897;142294;71.6;61.0
70;2021-08-24;386;1373;167283;143667;71.7;61.6
70;2021-08-25;354;1343;167637;145010;71.9;62.2
70;2021-08-26;439;1560;168076;146570;72.1;62.9
70;2021-08-27;392;2127;168468;148697;72.2;63.8
70;2021-08-28;367;1706;168835;150403;72.4;64.5
70;2021-08-29;12;6;168847;150409;72.4;64.5
70;2021-08-30;298;835;169145;151244;72.5;64.9
70;2021-08-31;360;1130;169505;152374;72.7;65.3
70;2021-09-01;316;1195;169821;153569;72.8;65.9
70;2021-09-02;303;1296;170124;154865;73.0;66.4
70;2021-09-03;280;1245;170404;156110;73.1;66.9
70;2021-09-04;455;1263;170859;157373;73.3;67.5
70;2021-09-05;21;31;170880;157404;73.3;67.5
70;2021-09-06;168;702;171048;158106;73.4;67.8
70;2021-09-07;186;880;171234;158986;73.4;68.2
70;2021-09-08;193;877;171427;159863;73.5;68.6
70;2021-09-09;180;862;171607;160725;73.6;68.9
70;2021-09-10;254;914;171861;161639;73.7;69.3
70;2021-09-11;292;975;172153;162614;73.8;69.7
70;2021-09-12;7;37;172160;162651;73.8;69.7
70;2021-09-13;153;442;172313;163093;73.9;69.9
70;2021-09-14;318;565;172631;163658;74.0;70.2
70;2021-09-15;171;533;172802;164191;74.1;70.4
70;2021-09-16;250;391;173052;164582;74.2;70.6
70;2021-09-17;194;456;173246;165038;74.3;70.8
70;2021-09-18;177;459;173423;165497;74.4;71.0
70;2021-09-19;3;14;173426;165511;74.4;71.0
70;2021-09-20;82;215;173508;165726;74.4;71.1
70;2021-09-21;163;279;173671;166005;74.5;71.2
70;2021-09-22;114;384;173785;166389;74.5;71.4
70;2021-09-23;66;229;173851;166618;74.6;71.5
70;2021-09-24;196;389;174047;167007;74.6;71.6
70;2021-09-25;139;504;174186;167511;74.7;71.8
70;2021-09-26;0;1;174186;167512;74.7;71.8
70;2021-09-27;51;201;174237;167713;74.7;71.9
70;2021-09-28;77;195;174314;167908;74.8;72.0
70;2021-09-29;91;240;174405;168148;74.8;72.1
70;2021-09-30;81;158;174486;168306;74.8;72.2
70;2021-10-01;122;250;174608;168556;74.9;72.3
70;2021-10-02;115;326;174723;168882;74.9;72.4
70;2021-10-03;1;1;174724;168883;74.9;72.4
70;2021-10-04;71;169;174795;169052;75.0;72.5
70;2021-10-05;82;288;174877;169340;75.0;72.6
71;2020-12-27;0;0;0;0;0.0;0.0
71;2020-12-28;1;0;1;0;0.0;0.0
71;2020-12-29;0;0;1;0;0.0;0.0
71;2020-12-30;0;0;1;0;0.0;0.0
71;2020-12-31;0;0;1;0;0.0;0.0
71;2021-01-01;1;0;2;0;0.0;0.0
71;2021-01-02;0;0;2;0;0.0;0.0
71;2021-01-03;2;0;4;0;0.0;0.0
71;2021-01-04;1;0;5;0;0.0;0.0
71;2021-01-05;13;0;18;0;0.0;0.0
71;2021-01-06;72;0;90;0;0.0;0.0
71;2021-01-07;67;0;157;0;0.0;0.0
71;2021-01-08;146;0;303;0;0.1;0.0
71;2021-01-09;117;0;420;0;0.1;0.0
71;2021-01-10;1;0;421;0;0.1;0.0
71;2021-01-11;245;1;666;1;0.1;0.0
71;2021-01-12;845;1;1511;2;0.3;0.0
71;2021-01-13;564;2;2075;4;0.4;0.0
71;2021-01-14;591;9;2666;13;0.5;0.0
71;2021-01-15;665;2;3331;15;0.6;0.0
71;2021-01-16;10;0;3341;15;0.6;0.0
71;2021-01-17;0;0;3341;15;0.6;0.0
71;2021-01-18;1095;7;4436;22;0.8;0.0
71;2021-01-19;1694;7;6130;29;1.1;0.0
71;2021-01-20;1517;6;7647;35;1.4;0.0
71;2021-01-21;2061;15;9708;50;1.8;0.0
71;2021-01-22;1414;6;11122;56;2.0;0.0
71;2021-01-23;815;6;11937;62;2.2;0.0
71;2021-01-24;1;0;11938;62;2.2;0.0
71;2021-01-25;1065;5;13003;67;2.4;0.0
71;2021-01-26;1505;25;14508;92;2.6;0.0
71;2021-01-27;1249;33;15757;125;2.9;0.0
71;2021-01-28;1082;78;16839;203;3.1;0.0
71;2021-01-29;1016;132;17855;335;3.3;0.1
71;2021-01-30;604;1;18459;336;3.4;0.1
71;2021-01-31;1;14;18460;350;3.4;0.1
71;2021-02-01;752;226;19212;576;3.5;0.1
71;2021-02-02;754;337;19966;913;3.6;0.2
71;2021-02-03;817;395;20783;1308;3.8;0.2
71;2021-02-04;784;541;21567;1849;3.9;0.3
71;2021-02-05;704;477;22271;2326;4.1;0.4
71;2021-02-06;539;8;22810;2334;4.2;0.4
71;2021-02-07;4;49;22814;2383;4.2;0.4
71;2021-02-08;603;501;23417;2884;4.3;0.5
71;2021-02-09;370;805;23787;3689;4.3;0.7
71;2021-02-10;412;781;24199;4470;4.4;0.8
71;2021-02-11;475;943;24674;5413;4.5;1.0
71;2021-02-12;535;843;25209;6256;4.6;1.1
71;2021-02-13;124;353;25333;6609;4.6;1.2
71;2021-02-14;2;7;25335;6616;4.6;1.2
71;2021-02-15;322;701;25657;7317;4.7;1.3
71;2021-02-16;445;1085;26102;8402;4.8;1.5
71;2021-02-17;427;968;26529;9370;4.8;1.7
71;2021-02-18;548;754;27077;10124;4.9;1.8
71;2021-02-19;571;662;27648;10786;5.0;2.0
71;2021-02-20;224;283;27872;11069;5.1;2.0
71;2021-02-21;4;13;27876;11082;5.1;2.0
71;2021-02-22;237;731;28113;11813;5.1;2.2
71;2021-02-23;452;784;28565;12597;5.2;2.3
71;2021-02-24;446;572;29011;13169;5.3;2.4
71;2021-02-25;533;596;29544;13765;5.4;2.5
71;2021-02-26;831;476;30375;14241;5.5;2.6
71;2021-02-27;456;262;30831;14503;5.6;2.6
71;2021-02-28;54;14;30885;14517;5.6;2.6
71;2021-03-01;1187;558;32072;15075;5.9;2.8
71;2021-03-02;1574;541;33646;15616;6.1;2.9
71;2021-03-03;1818;683;35464;16299;6.5;3.0
71;2021-03-04;2001;721;37465;17020;6.8;3.1
71;2021-03-05;2288;610;39753;17630;7.3;3.2
71;2021-03-06;754;61;40507;17691;7.4;3.2
71;2021-03-07;40;20;40547;17711;7.4;3.2
71;2021-03-08;1454;712;42001;18423;7.7;3.4
71;2021-03-09;2160;485;44161;18908;8.1;3.5
71;2021-03-10;2173;449;46334;19357;8.5;3.5
71;2021-03-11;2630;643;48964;20000;8.9;3.7
71;2021-03-12;2603;591;51567;20591;9.4;3.8
71;2021-03-13;995;94;52562;20685;9.6;3.8
71;2021-03-14;36;0;52598;20685;9.6;3.8
71;2021-03-15;1797;489;54395;21174;9.9;3.9
71;2021-03-16;1821;201;56216;21375;10.3;3.9
71;2021-03-17;2135;248;58351;21623;10.7;3.9
71;2021-03-18;1954;430;60305;22053;11.0;4.0
71;2021-03-19;2370;336;62675;22389;11.4;4.1
71;2021-03-20;1083;40;63758;22429;11.6;4.1
71;2021-03-21;17;5;63775;22434;11.6;4.1
71;2021-03-22;2576;381;66351;22815;12.1;4.2
71;2021-03-23;3346;502;69697;23317;12.7;4.3
71;2021-03-24;3349;469;73046;23786;13.3;4.3
71;2021-03-25;4029;600;77075;24386;14.1;4.5
71;2021-03-26;4057;339;81132;24725;14.8;4.5
71;2021-03-27;997;107;82129;24832;15.0;4.5
71;2021-03-28;57;8;82186;24840;15.0;4.5
71;2021-03-29;2409;1161;84595;26001;15.4;4.7
71;2021-03-30;2948;1351;87543;27352;16.0;5.0
71;2021-03-31;2546;1519;90089;28871;16.4;5.3
71;2021-04-01;2718;1298;92807;30169;16.9;5.5
71;2021-04-02;2501;1415;95308;31584;17.4;5.8
71;2021-04-03;268;34;95576;31618;17.4;5.8
71;2021-04-04;6;0;95582;31618;17.4;5.8
71;2021-04-05;61;2;95643;31620;17.5;5.8
71;2021-04-06;2257;1877;97900;33497;17.9;6.1
71;2021-04-07;2388;1782;100288;35279;18.3;6.4
71;2021-04-08;3283;1801;103571;37080;18.9;6.8
71;2021-04-09;4040;1663;107611;38743;19.6;7.1
71;2021-04-10;769;47;108380;38790;19.8;7.1
71;2021-04-11;97;4;108477;38794;19.8;7.1
71;2021-04-12;2352;1694;110829;40488;20.2;7.4
71;2021-04-13;2583;1882;113412;42370;20.7;7.7
71;2021-04-14;2375;1918;115787;44288;21.1;8.1
71;2021-04-15;2779;1690;118566;45978;21.6;8.4
71;2021-04-16;2628;1647;121194;47625;22.1;8.7
71;2021-04-17;952;344;122146;47969;22.3;8.8
71;2021-04-18;106;6;122252;47975;22.3;8.8
71;2021-04-19;1758;2564;124010;50539;22.6;9.2
71;2021-04-20;2220;2599;126230;53138;23.0;9.7
71;2021-04-21;2123;2590;128353;55728;23.4;10.2
71;2021-04-22;2512;2442;130865;58170;23.9;10.6
71;2021-04-23;2922;2265;133787;60435;24.4;11.0
71;2021-04-24;517;52;134304;60487;24.5;11.0
71;2021-04-25;26;0;134330;60487;24.5;11.0
71;2021-04-26;2565;2136;136895;62623;25.0;11.4
71;2021-04-27;2990;2268;139885;64891;25.5;11.8
71;2021-04-28;3073;2122;142958;67013;26.1;12.2
71;2021-04-29;3780;2203;146738;69216;26.8;12.6
71;2021-04-30;3926;1714;150664;70930;27.5;12.9
71;2021-05-01;39;53;150703;70983;27.5;13.0
71;2021-05-02;23;18;150726;71001;27.5;13.0
71;2021-05-03;4290;1382;155016;72383;28.3;13.2
71;2021-05-04;2955;2354;157971;74737;28.8;13.6
71;2021-05-05;3426;2080;161397;76817;29.5;14.0
71;2021-05-06;3467;2360;164864;79177;30.1;14.5
71;2021-05-07;3678;2803;168542;81980;30.8;15.0
71;2021-05-08;179;183;168721;82163;30.8;15.0
71;2021-05-09;44;47;168765;82210;30.8;15.0
71;2021-05-10;3696;2285;172461;84495;31.5;15.4
71;2021-05-11;4663;2359;177124;86854;32.3;15.9
71;2021-05-12;3978;2594;181102;89448;33.1;16.3
71;2021-05-13;1576;155;182678;89603;33.3;16.4
71;2021-05-14;3766;2194;186444;91797;34.0;16.8
71;2021-05-15;243;330;186687;92127;34.1;16.8
71;2021-05-16;2;0;186689;92127;34.1;16.8
71;2021-05-17;3864;1887;190553;94014;34.8;17.2
71;2021-05-18;3498;2425;194051;96439;35.4;17.6
71;2021-05-19;3719;2278;197770;98717;36.1;18.0
71;2021-05-20;4184;2286;201954;101003;36.9;18.4
71;2021-05-21;3721;2560;205675;103563;37.5;18.9
71;2021-05-22;169;304;205844;103867;37.6;19.0
71;2021-05-23;14;55;205858;103922;37.6;19.0
71;2021-05-24;21;96;205879;104018;37.6;19.0
71;2021-05-25;2689;3003;208568;107021;38.1;19.5
71;2021-05-26;2972;2432;211540;109453;38.6;20.0
71;2021-05-27;3387;2588;214927;112041;39.2;20.5
71;2021-05-28;2919;3149;217846;115190;39.8;21.0
71;2021-05-29;482;656;218328;115846;39.9;21.1
71;2021-05-30;76;58;218404;115904;39.9;21.2
71;2021-05-31;2774;3449;221178;119353;40.4;21.8
71;2021-06-01;3671;3539;224849;122892;41.0;22.4
71;2021-06-02;3997;2631;228846;125523;41.8;22.9
71;2021-06-03;4435;2521;233281;128044;42.6;23.4
71;2021-06-04;3716;3701;236997;131745;43.3;24.0
71;2021-06-05;684;647;237681;132392;43.4;24.2
71;2021-06-06;57;91;237738;132483;43.4;24.2
71;2021-06-07;3281;4150;241019;136633;44.0;24.9
71;2021-06-08;3894;4010;244913;140643;44.7;25.7
71;2021-06-09;4694;2752;249607;143395;45.6;26.2
71;2021-06-10;5265;2745;254872;146140;46.5;26.7
71;2021-06-11;4435;3722;259307;149862;47.3;27.4
71;2021-06-12;715;593;260022;150455;47.5;27.5
71;2021-06-13;104;187;260126;150642;47.5;27.5
71;2021-06-14;3510;3785;263636;154427;48.1;28.2
71;2021-06-15;4205;3550;267841;157977;48.9;28.8
71;2021-06-16;4595;2731;272436;160708;49.7;29.3
71;2021-06-17;4267;2989;276703;163697;50.5;29.9
71;2021-06-18;4325;3770;281028;167467;51.3;30.6
71;2021-06-19;1269;654;282297;168121;51.5;30.7
71;2021-06-20;37;27;282334;168148;51.5;30.7
71;2021-06-21;2270;4276;284604;172424;52.0;31.5
71;2021-06-22;2689;4354;287293;176778;52.4;32.3
71;2021-06-23;3061;3421;290354;180199;53.0;32.9
71;2021-06-24;3328;3022;293682;183221;53.6;33.4
71;2021-06-25;2652;4471;296334;187692;54.1;34.3
71;2021-06-26;372;551;296706;188243;54.2;34.4
71;2021-06-27;29;67;296735;188310;54.2;34.4
71;2021-06-28;1535;4624;298270;192934;54.4;35.2
71;2021-06-29;1992;4820;300262;197754;54.8;36.1
71;2021-06-30;2503;3935;302765;201689;55.3;36.8
71;2021-07-01;2826;3899;305591;205588;55.8;37.5
71;2021-07-02;3030;3987;308621;209575;56.3;38.3
71;2021-07-03;319;712;308940;210287;56.4;38.4
71;2021-07-04;28;132;308968;210419;56.4;38.4
71;2021-07-05;2474;4322;311442;214741;56.9;39.2
71;2021-07-06;2461;4560;313903;219301;57.3;40.0
71;2021-07-07;2983;3724;316886;223025;57.8;40.7
71;2021-07-08;2766;4109;319652;227134;58.3;41.5
71;2021-07-09;2383;5022;322035;232156;58.8;42.4
71;2021-07-10;212;656;322247;232812;58.8;42.5
71;2021-07-11;15;65;322262;232877;58.8;42.5
71;2021-07-12;1911;5304;324173;238181;59.2;43.5
71;2021-07-13;2537;5863;326710;244044;59.6;44.5
71;2021-07-14;950;401;327660;244445;59.8;44.6
71;2021-07-15;3024;5733;330684;250178;60.4;45.7
71;2021-07-16;3294;6002;333978;256180;61.0;46.8
71;2021-07-17;505;779;334483;256959;61.1;46.9
71;2021-07-18;89;86;334572;257045;61.1;46.9
71;2021-07-19;2864;5551;337436;262596;61.6;47.9
71;2021-07-20;3367;5913;340803;268509;62.2;49.0
71;2021-07-21;3413;5470;344216;273979;62.8;50.0
71;2021-07-22;3945;5331;348161;279310;63.6;51.0
71;2021-07-23;3233;5999;351394;285309;64.1;52.1
71;2021-07-24;715;597;352109;285906;64.3;52.2
71;2021-07-25;148;82;352257;285988;64.3;52.2
71;2021-07-26;3597;4890;355854;290878;65.0;53.1
71;2021-07-27;4090;5122;359944;296000;65.7;54.0
71;2021-07-28;4248;4809;364192;300809;66.5;54.9
71;2021-07-29;4213;4645;368405;305454;67.2;55.8
71;2021-07-30;4241;4925;372646;310379;68.0;56.7
71;2021-07-31;722;722;373368;311101;68.2;56.8
71;2021-08-01;108;35;373476;311136;68.2;56.8
71;2021-08-02;3967;3759;377443;314895;68.9;57.5
71;2021-08-03;4408;3821;381851;318716;69.7;58.2
71;2021-08-04;4391;2983;386242;321699;70.5;58.7
71;2021-08-05;4188;3267;390430;324966;71.3;59.3
71;2021-08-06;3699;4009;394129;328975;71.9;60.1
71;2021-08-07;495;329;394624;329304;72.0;60.1
71;2021-08-08;51;65;394675;329369;72.0;60.1
71;2021-08-09;3044;3408;397719;332777;72.6;60.7
71;2021-08-10;3074;3389;400793;336166;73.2;61.4
71;2021-08-11;3186;3081;403979;339247;73.7;61.9
71;2021-08-12;3016;3106;406995;342353;74.3;62.5
71;2021-08-13;2691;3334;409686;345687;74.8;63.1
71;2021-08-14;282;518;409968;346205;74.8;63.2
71;2021-08-15;49;110;410017;346315;74.8;63.2
71;2021-08-16;1709;3527;411726;349842;75.2;63.9
71;2021-08-17;1738;3433;413464;353275;75.5;64.5
71;2021-08-18;1453;3160;414917;356435;75.7;65.1
71;2021-08-19;1276;3116;416193;359551;76.0;65.6
71;2021-08-20;1290;3698;417483;363249;76.2;66.3
71;2021-08-21;148;413;417631;363662;76.2;66.4
71;2021-08-22;41;99;417672;363761;76.2;66.4
71;2021-08-23;1427;4543;419099;368304;76.5;67.2
71;2021-08-24;1335;3804;420434;372108;76.7;67.9
71;2021-08-25;950;3773;421384;375881;76.9;68.6
71;2021-08-26;958;3393;422342;379274;77.1;69.2
71;2021-08-27;1149;4462;423491;383736;77.3;70.0
71;2021-08-28;195;413;423686;384149;77.3;70.1
71;2021-08-29;29;106;423715;384255;77.3;70.1
71;2021-08-30;1250;3940;424965;388195;77.6;70.9
71;2021-08-31;1022;3628;425987;391823;77.8;71.5
71;2021-09-01;932;3587;426919;395410;77.9;72.2
71;2021-09-02;600;3118;427519;398528;78.0;72.7
71;2021-09-03;836;4030;428355;402558;78.2;73.5
71;2021-09-04;264;587;428619;403145;78.2;73.6
71;2021-09-05;23;58;428642;403203;78.2;73.6
71;2021-09-06;638;2786;429280;405989;78.4;74.1
71;2021-09-07;517;2270;429797;408259;78.5;74.5
71;2021-09-08;719;2604;430516;410863;78.6;75.0
71;2021-09-09;455;1795;430971;412658;78.7;75.3
71;2021-09-10;816;2760;431787;415418;78.8;75.8
71;2021-09-11;199;323;431986;415741;78.9;75.9
71;2021-09-12;19;49;432005;415790;78.9;75.9
71;2021-09-13;642;1625;432647;417415;79.0;76.2
71;2021-09-14;485;1568;433132;418983;79.1;76.5
71;2021-09-15;603;1496;433735;420479;79.2;76.8
71;2021-09-16;446;821;434181;421300;79.3;76.9
71;2021-09-17;533;1436;434714;422736;79.4;77.2
71;2021-09-18;141;262;434855;422998;79.4;77.2
71;2021-09-19;9;28;434864;423026;79.4;77.2
71;2021-09-20;484;923;435348;423949;79.5;77.4
71;2021-09-21;294;711;435642;424660;79.5;77.5
71;2021-09-22;341;1377;435983;426037;79.6;77.8
71;2021-09-23;306;578;436289;426615;79.6;77.9
71;2021-09-24;366;1029;436655;427644;79.7;78.1
71;2021-09-25;71;176;436726;427820;79.7;78.1
71;2021-09-26;11;35;436737;427855;79.7;78.1
71;2021-09-27;287;757;437024;428612;79.8;78.2
71;2021-09-28;288;477;437312;429089;79.8;78.3
71;2021-09-29;332;740;437644;429829;79.9;78.5
71;2021-09-30;206;500;437850;430329;79.9;78.6
71;2021-10-01;331;892;438181;431221;80.0;78.7
71;2021-10-02;108;226;438289;431447;80.0;78.8
71;2021-10-03;3;7;438292;431454;80.0;78.8
71;2021-10-04;251;554;438543;432008;80.1;78.9
71;2021-10-05;194;389;438737;432397;80.1;78.9
72;2020-12-27;0;0;0;0;0.0;0.0
72;2020-12-28;0;0;0;0;0.0;0.0
72;2020-12-29;0;0;0;0;0.0;0.0
72;2020-12-30;0;0;0;0;0.0;0.0
72;2020-12-31;0;0;0;0;0.0;0.0
72;2021-01-01;2;0;2;0;0.0;0.0
72;2021-01-02;0;0;2;0;0.0;0.0
72;2021-01-03;0;0;2;0;0.0;0.0
72;2021-01-04;0;0;2;0;0.0;0.0
72;2021-01-05;14;0;16;0;0.0;0.0
72;2021-01-06;27;0;43;0;0.0;0.0
72;2021-01-07;110;0;153;0;0.0;0.0
72;2021-01-08;232;0;385;0;0.1;0.0
72;2021-01-09;36;0;421;0;0.1;0.0
72;2021-01-10;0;0;421;0;0.1;0.0
72;2021-01-11;485;1;906;1;0.2;0.0
72;2021-01-12;614;1;1520;2;0.3;0.0
72;2021-01-13;500;1;2020;3;0.4;0.0
72;2021-01-14;644;3;2664;6;0.5;0.0
72;2021-01-15;478;1;3142;7;0.6;0.0
72;2021-01-16;94;0;3236;7;0.6;0.0
72;2021-01-17;0;0;3236;7;0.6;0.0
72;2021-01-18;294;0;3530;7;0.6;0.0
72;2021-01-19;779;4;4309;11;0.8;0.0
72;2021-01-20;1539;6;5848;17;1.0;0.0
72;2021-01-21;1779;5;7627;22;1.4;0.0
72;2021-01-22;1148;5;8775;27;1.6;0.0
72;2021-01-23;32;0;8807;27;1.6;0.0
72;2021-01-24;0;0;8807;27;1.6;0.0
72;2021-01-25;503;7;9310;34;1.7;0.0
72;2021-01-26;1166;21;10476;55;1.9;0.0
72;2021-01-27;883;20;11359;75;2.0;0.0
72;2021-01-28;776;66;12135;141;2.2;0.0
72;2021-01-29;712;59;12847;200;2.3;0.0
72;2021-01-30;58;0;12905;200;2.3;0.0
72;2021-01-31;1;0;12906;200;2.3;0.0
72;2021-02-01;499;195;13405;395;2.4;0.1
72;2021-02-02;506;287;13911;682;2.5;0.1
72;2021-02-03;487;216;14398;898;2.6;0.2
72;2021-02-04;477;327;14875;1225;2.7;0.2
72;2021-02-05;514;304;15389;1529;2.7;0.3
72;2021-02-06;83;7;15472;1536;2.8;0.3
72;2021-02-07;19;1;15491;1537;2.8;0.3
72;2021-02-08;310;319;15801;1856;2.8;0.3
72;2021-02-09;488;500;16289;2356;2.9;0.4
72;2021-02-10;567;847;16856;3203;3.0;0.6
72;2021-02-11;860;1246;17716;4449;3.2;0.8
72;2021-02-12;851;564;18567;5013;3.3;0.9
72;2021-02-13;111;34;18678;5047;3.3;0.9
72;2021-02-14;1;22;18679;5069;3.3;0.9
72;2021-02-15;220;389;18899;5458;3.4;1.0
72;2021-02-16;503;934;19402;6392;3.5;1.1
72;2021-02-17;463;577;19865;6969;3.5;1.2
72;2021-02-18;595;540;20460;7509;3.7;1.3
72;2021-02-19;521;491;20981;8000;3.7;1.4
72;2021-02-20;81;50;21062;8050;3.8;1.4
72;2021-02-21;0;0;21062;8050;3.8;1.4
72;2021-02-22;329;457;21391;8507;3.8;1.5
72;2021-02-23;569;372;21960;8879;3.9;1.6
72;2021-02-24;435;408;22395;9287;4.0;1.7
72;2021-02-25;922;468;23317;9755;4.2;1.7
72;2021-02-26;599;394;23916;10149;4.3;1.8
72;2021-02-27;322;32;24238;10181;4.3;1.8
72;2021-02-28;15;17;24253;10198;4.3;1.8
72;2021-03-01;379;371;24632;10569;4.4;1.9
72;2021-03-02;502;514;25134;11083;4.5;2.0
72;2021-03-03;733;540;25867;11623;4.6;2.1
72;2021-03-04;742;672;26609;12295;4.7;2.2
72;2021-03-05;936;691;27545;12986;4.9;2.3
72;2021-03-06;761;111;28306;13097;5.1;2.3
72;2021-03-07;448;26;28754;13123;5.1;2.3
72;2021-03-08;561;393;29315;13516;5.2;2.4
72;2021-03-09;1045;558;30360;14074;5.4;2.5
72;2021-03-10;1134;613;31494;14687;5.6;2.6
72;2021-03-11;1610;427;33104;15114;5.9;2.7
72;2021-03-12;1364;480;34468;15594;6.2;2.8
72;2021-03-13;983;103;35451;15697;6.3;2.8
72;2021-03-14;14;10;35465;15707;6.3;2.8
72;2021-03-15;1159;212;36624;15919;6.5;2.8
72;2021-03-16;1052;181;37676;16100;6.7;2.9
72;2021-03-17;1035;253;38711;16353;6.9;2.9
72;2021-03-18;1089;362;39800;16715;7.1;3.0
72;2021-03-19;1276;286;41076;17001;7.3;3.0
72;2021-03-20;488;88;41564;17089;7.4;3.1
72;2021-03-21;19;0;41583;17089;7.4;3.1
72;2021-03-22;1347;340;42930;17429;7.7;3.1
72;2021-03-23;1723;472;44653;17901;8.0;3.2
72;2021-03-24;1842;297;46495;18198;8.3;3.2
72;2021-03-25;2447;459;48942;18657;8.7;3.3
72;2021-03-26;2336;365;51278;19022;9.2;3.4
72;2021-03-27;614;31;51892;19053;9.3;3.4
72;2021-03-28;22;0;51914;19053;9.3;3.4
72;2021-03-29;1616;381;53530;19434;9.6;3.5
72;2021-03-30;2496;385;56026;19819;10.0;3.5
72;2021-03-31;2145;365;58171;20184;10.4;3.6
72;2021-04-01;2849;349;61020;20533;10.9;3.7
72;2021-04-02;2247;398;63267;20931;11.3;3.7
72;2021-04-03;291;39;63558;20970;11.3;3.7
72;2021-04-04;16;3;63574;20973;11.3;3.7
72;2021-04-05;51;49;63625;21022;11.4;3.8
72;2021-04-06;1759;469;65384;21491;11.7;3.8
72;2021-04-07;2577;599;67961;22090;12.1;3.9
72;2021-04-08;2721;782;70682;22872;12.6;4.1
72;2021-04-09;3863;583;74545;23455;13.3;4.2
72;2021-04-10;1112;52;75657;23507;13.5;4.2
72;2021-04-11;8;1;75665;23508;13.5;4.2
72;2021-04-12;1846;902;77511;24410;13.8;4.4
72;2021-04-13;2372;1072;79883;25482;14.3;4.5
72;2021-04-14;2250;1096;82133;26578;14.7;4.7
72;2021-04-15;2420;1117;84553;27695;15.1;4.9
72;2021-04-16;2563;959;87116;28654;15.6;5.1
72;2021-04-17;707;144;87823;28798;15.7;5.1
72;2021-04-18;57;2;87880;28800;15.7;5.1
72;2021-04-19;1396;1089;89276;29889;15.9;5.3
72;2021-04-20;2996;1304;92272;31193;16.5;5.6
72;2021-04-21;2515;1562;94787;32755;16.9;5.8
72;2021-04-22;2814;1790;97601;34545;17.4;6.2
72;2021-04-23;3213;1457;100814;36002;18.0;6.4
72;2021-04-24;1400;268;102214;36270;18.2;6.5
72;2021-04-25;881;18;103095;36288;18.4;6.5
72;2021-04-26;3513;1474;106608;37762;19.0;6.7
72;2021-04-27;4088;1852;110696;39614;19.8;7.1
72;2021-04-28;3835;1871;114531;41485;20.4;7.4
72;2021-04-29;4161;1781;118692;43266;21.2;7.7
72;2021-04-30;3615;1705;122307;44971;21.8;8.0
72;2021-05-01;1641;225;123948;45196;22.1;8.1
72;2021-05-02;1533;161;125481;45357;22.4;8.1
72;2021-05-03;3456;1153;128937;46510;23.0;8.3
72;2021-05-04;4013;1799;132950;48309;23.7;8.6
72;2021-05-05;3866;2173;136816;50482;24.4;9.0
72;2021-05-06;3596;1930;140412;52412;25.1;9.4
72;2021-05-07;3543;2139;143955;54551;25.7;9.7
72;2021-05-08;1900;152;145855;54703;26.0;9.8
72;2021-05-09;2080;214;147935;54917;26.4;9.8
72;2021-05-10;3769;1525;151704;56442;27.1;10.1
72;2021-05-11;4597;1994;156301;58436;27.9;10.4
72;2021-05-12;4080;1817;160381;60253;28.6;10.8
72;2021-05-13;3031;273;163412;60526;29.2;10.8
72;2021-05-14;3663;1397;167075;61923;29.8;11.1
72;2021-05-15;3117;365;170192;62288;30.4;11.1
72;2021-05-16;2500;151;172692;62439;30.8;11.1
72;2021-05-17;3724;1286;176416;63725;31.5;11.4
72;2021-05-18;4330;1688;180746;65413;32.3;11.7
72;2021-05-19;3973;1510;184719;66923;33.0;11.9
72;2021-05-20;4261;1452;188980;68375;33.7;12.2
72;2021-05-21;3788;1388;192768;69763;34.4;12.5
72;2021-05-22;2561;506;195329;70269;34.9;12.5
72;2021-05-23;1391;163;196720;70432;35.1;12.6
72;2021-05-24;2352;296;199072;70728;35.5;12.6
72;2021-05-25;4076;1412;203148;72140;36.3;12.9
72;2021-05-26;4096;1413;207244;73553;37.0;13.1
72;2021-05-27;4345;2049;211589;75602;37.8;13.5
72;2021-05-28;4105;2003;215694;77605;38.5;13.9
72;2021-05-29;2668;804;218362;78409;39.0;14.0
72;2021-05-30;1142;871;219504;79280;39.2;14.2
72;2021-05-31;3122;2326;222626;81606;39.7;14.6
72;2021-06-01;3570;2669;226196;84275;40.4;15.0
72;2021-06-02;3611;2777;229807;87052;41.0;15.5
72;2021-06-03;4242;2996;234049;90048;41.8;16.1
72;2021-06-04;3891;2750;237940;92798;42.5;16.6
72;2021-06-05;1440;2567;239380;95365;42.7;17.0
72;2021-06-06;911;1541;240291;96906;42.9;17.3
72;2021-06-07;1744;3424;242035;100330;43.2;17.9
72;2021-06-08;2930;3832;244965;104162;43.7;18.6
72;2021-06-09;2646;3371;247611;107533;44.2;19.2
72;2021-06-10;2825;3316;250436;110849;44.7;19.8
72;2021-06-11;2840;3771;253276;114620;45.2;20.5
72;2021-06-12;1242;2599;254518;117219;45.4;20.9
72;2021-06-13;388;1860;254906;119079;45.5;21.3
72;2021-06-14;1336;4127;256242;123206;45.7;22.0
72;2021-06-15;2751;3507;258993;126713;46.2;22.6
72;2021-06-16;2428;3579;261421;130292;46.7;23.3
72;2021-06-17;2318;3871;263739;134163;47.1;23.9
72;2021-06-18;2310;4312;266049;138475;47.5;24.7
72;2021-06-19;1128;2762;267177;141237;47.7;25.2
72;2021-06-20;339;2055;267516;143292;47.8;25.6
72;2021-06-21;1563;4029;269079;147321;48.0;26.3
72;2021-06-22;1711;4989;270790;152310;48.3;27.2
72;2021-06-23;2008;4223;272798;156533;48.7;27.9
72;2021-06-24;2232;4011;275030;160544;49.1;28.7
72;2021-06-25;1773;4832;276803;165376;49.4;29.5
72;2021-06-26;1190;2876;277993;168252;49.6;30.0
72;2021-06-27;392;2111;278385;170363;49.7;30.4
72;2021-06-28;1439;4292;279824;174655;49.9;31.2
72;2021-06-29;1770;4740;281594;179395;50.3;32.0
72;2021-06-30;1980;4168;283574;183563;50.6;32.8
72;2021-07-01;1953;4417;285527;187980;51.0;33.6
72;2021-07-02;1853;4713;287380;192693;51.3;34.4
72;2021-07-03;1292;3123;288672;195816;51.5;35.0
72;2021-07-04;579;1948;289251;197764;51.6;35.3
72;2021-07-05;1193;4164;290444;201928;51.8;36.0
72;2021-07-06;1458;5148;291902;207076;52.1;37.0
72;2021-07-07;1582;4608;293484;211684;52.4;37.8
72;2021-07-08;1648;4324;295132;216008;52.7;38.6
72;2021-07-09;2107;4604;297239;220612;53.1;39.4
72;2021-07-10;1589;2690;298828;223302;53.3;39.9
72;2021-07-11;947;1587;299775;224889;53.5;40.1
72;2021-07-12;1592;3753;301367;228642;53.8;40.8
72;2021-07-13;2091;4774;303458;233416;54.2;41.7
72;2021-07-14;1325;2365;304783;235781;54.4;42.1
72;2021-07-15;3485;3419;308268;239200;55.0;42.7
72;2021-07-16;3175;4120;311443;243320;55.6;43.4
72;2021-07-17;2646;1758;314089;245078;56.1;43.7
72;2021-07-18;1710;824;315799;245902;56.4;43.9
72;2021-07-19;2918;3507;318717;249409;56.9;44.5
72;2021-07-20;3040;4280;321757;253689;57.4;45.3
72;2021-07-21;2884;3586;324641;257275;57.9;45.9
72;2021-07-22;3772;2911;328413;260186;58.6;46.4
72;2021-07-23;3478;3792;331891;263978;59.2;47.1
72;2021-07-24;2820;1460;334711;265438;59.7;47.4
72;2021-07-25;1453;1081;336164;266519;60.0;47.6
72;2021-07-26;2726;2918;338890;269437;60.5;48.1
72;2021-07-27;3858;3819;342748;273256;61.2;48.8
72;2021-07-28;3571;3122;346319;276378;61.8;49.3
72;2021-07-29;3572;2712;349891;279090;62.5;49.8
72;2021-07-30;3788;3382;353679;282472;63.1;50.4
72;2021-07-31;2546;1749;356225;284221;63.6;50.7
72;2021-08-01;1835;432;358060;284653;63.9;50.8
72;2021-08-02;3215;2285;361275;286938;64.5;51.2
72;2021-08-03;3236;3297;364511;290235;65.1;51.8
72;2021-08-04;3768;2551;368279;292786;65.7;52.3
72;2021-08-05;3770;2460;372049;295246;66.4;52.7
72;2021-08-06;3342;2694;375391;297940;67.0;53.2
72;2021-08-07;2347;1613;377738;299553;67.4;53.5
72;2021-08-08;1623;701;379361;300254;67.7;53.6
72;2021-08-09;2699;2668;382060;302922;68.2;54.1
72;2021-08-10;2915;2747;384975;305669;68.7;54.6
72;2021-08-11;2367;2204;387342;307873;69.1;55.0
72;2021-08-12;2380;2597;389722;310470;69.6;55.4
72;2021-08-13;2158;2295;391880;312765;70.0;55.8
72;2021-08-14;1167;1546;393047;314311;70.2;56.1
72;2021-08-15;623;614;393670;314925;70.3;56.2
72;2021-08-16;1649;2372;395319;317297;70.6;56.6
72;2021-08-17;1717;2889;397036;320186;70.9;57.2
72;2021-08-18;1709;2872;398745;323058;71.2;57.7
72;2021-08-19;1245;2914;399990;325972;71.4;58.2
72;2021-08-20;1656;3169;401646;329141;71.7;58.8
72;2021-08-21;701;2031;402347;331172;71.8;59.1
72;2021-08-22;261;1150;402608;332322;71.9;59.3
72;2021-08-23;1739;3422;404347;335744;72.2;59.9
72;2021-08-24;1531;4121;405878;339865;72.4;60.7
72;2021-08-25;1599;3452;407477;343317;72.7;61.3
72;2021-08-26;1265;4444;408742;347761;73.0;62.1
72;2021-08-27;1192;4112;409934;351873;73.2;62.8
72;2021-08-28;881;2656;410815;354529;73.3;63.3
72;2021-08-29;357;1683;411172;356212;73.4;63.6
72;2021-08-30;1130;3464;412302;359676;73.6;64.2
72;2021-08-31;1219;4015;413521;363691;73.8;64.9
72;2021-09-01;1070;3310;414591;367001;74.0;65.5
72;2021-09-02;902;3459;415493;370460;74.2;66.1
72;2021-09-03;927;3305;416420;373765;74.3;66.7
72;2021-09-04;702;2657;417122;376422;74.5;67.2
72;2021-09-05;256;1555;417378;377977;74.5;67.5
72;2021-09-06;585;2812;417963;380789;74.6;68.0
72;2021-09-07;504;2952;418467;383741;74.7;68.5
72;2021-09-08;617;3173;419084;386914;74.8;69.1
72;2021-09-09;396;2094;419480;389008;74.9;69.4
72;2021-09-10;624;2712;420104;391720;75.0;69.9
72;2021-09-11;402;2719;420506;394439;75.1;70.4
72;2021-09-12;170;954;420676;395393;75.1;70.6
72;2021-09-13;367;1614;421043;397007;75.2;70.9
72;2021-09-14;486;1662;421529;398669;75.2;71.2
72;2021-09-15;614;1995;422143;400664;75.4;71.5
72;2021-09-16;336;831;422479;401495;75.4;71.7
72;2021-09-17;442;1423;422921;402918;75.5;71.9
72;2021-09-18;355;1520;423276;404438;75.6;72.2
72;2021-09-19;89;359;423365;404797;75.6;72.3
72;2021-09-20;349;792;423714;405589;75.6;72.4
72;2021-09-21;317;786;424031;406375;75.7;72.5
72;2021-09-22;442;1526;424473;407901;75.8;72.8
72;2021-09-23;396;630;424869;408531;75.8;72.9
72;2021-09-24;601;1006;425470;409537;75.9;73.1
72;2021-09-25;259;1004;425729;410541;76.0;73.3
72;2021-09-26;73;215;425802;410756;76.0;73.3
72;2021-09-27;210;639;426012;411395;76.0;73.4
72;2021-09-28;205;427;426217;411822;76.1;73.5
72;2021-09-29;360;1012;426577;412834;76.1;73.7
72;2021-09-30;164;330;426741;413164;76.2;73.7
72;2021-10-01;287;706;427028;413870;76.2;73.9
72;2021-10-02;311;576;427339;414446;76.3;74.0
72;2021-10-03;91;160;427430;414606;76.3;74.0
72;2021-10-04;177;409;427607;415015;76.3;74.1
72;2021-10-05;268;328;427875;415343;76.4;74.1
73;2020-12-27;1;0;1;0;0.0;0.0
73;2020-12-28;1;0;2;0;0.0;0.0
73;2020-12-29;0;0;2;0;0.0;0.0
73;2020-12-30;0;0;2;0;0.0;0.0
73;2020-12-31;0;0;2;0;0.0;0.0
73;2021-01-01;0;0;2;0;0.0;0.0
73;2021-01-02;0;0;2;0;0.0;0.0
73;2021-01-03;0;0;2;0;0.0;0.0
73;2021-01-04;1;0;3;0;0.0;0.0
73;2021-01-05;0;0;3;0;0.0;0.0
73;2021-01-06;1;0;4;0;0.0;0.0
73;2021-01-07;30;0;34;0;0.0;0.0
73;2021-01-08;81;0;115;0;0.0;0.0
73;2021-01-09;0;0;115;0;0.0;0.0
73;2021-01-10;0;0;115;0;0.0;0.0
73;2021-01-11;101;0;216;0;0.0;0.0
73;2021-01-12;303;1;519;1;0.1;0.0
73;2021-01-13;360;1;879;2;0.2;0.0
73;2021-01-14;516;2;1395;4;0.3;0.0
73;2021-01-15;617;1;2012;5;0.5;0.0
73;2021-01-16;128;0;2140;5;0.5;0.0
73;2021-01-17;0;0;2140;5;0.5;0.0
73;2021-01-18;624;0;2764;5;0.6;0.0
73;2021-01-19;1240;2;4004;7;0.9;0.0
73;2021-01-20;951;2;4955;9;1.1;0.0
73;2021-01-21;984;4;5939;13;1.4;0.0
73;2021-01-22;947;0;6886;13;1.6;0.0
73;2021-01-23;388;0;7274;13;1.7;0.0
73;2021-01-24;0;0;7274;13;1.7;0.0
73;2021-01-25;656;4;7930;17;1.8;0.0
73;2021-01-26;760;2;8690;19;2.0;0.0
73;2021-01-27;1107;5;9797;24;2.3;0.0
73;2021-01-28;961;5;10758;29;2.5;0.0
73;2021-01-29;684;5;11442;34;2.6;0.0
73;2021-01-30;345;2;11787;36;2.7;0.0
73;2021-01-31;0;0;11787;36;2.7;0.0
73;2021-02-01;606;37;12393;73;2.9;0.0
73;2021-02-02;752;327;13145;400;3.0;0.1
73;2021-02-03;650;344;13795;744;3.2;0.2
73;2021-02-04;626;224;14421;968;3.3;0.2
73;2021-02-05;680;398;15101;1366;3.5;0.3
73;2021-02-06;262;38;15363;1404;3.6;0.3
73;2021-02-07;1;0;15364;1404;3.6;0.3
73;2021-02-08;524;227;15888;1631;3.7;0.4
73;2021-02-09;793;400;16681;2031;3.9;0.5
73;2021-02-10;900;363;17581;2394;4.1;0.6
73;2021-02-11;963;675;18544;3069;4.3;0.7
73;2021-02-12;810;462;19354;3531;4.5;0.8
73;2021-02-13;263;46;19617;3577;4.5;0.8
73;2021-02-14;1;0;19618;3577;4.5;0.8
73;2021-02-15;346;387;19964;3964;4.6;0.9
73;2021-02-16;454;619;20418;4583;4.7;1.1
73;2021-02-17;451;829;20869;5412;4.8;1.3
73;2021-02-18;467;429;21336;5841;4.9;1.4
73;2021-02-19;445;528;21781;6369;5.0;1.5
73;2021-02-20;70;189;21851;6558;5.1;1.5
73;2021-02-21;0;0;21851;6558;5.1;1.5
73;2021-02-22;240;356;22091;6914;5.1;1.6
73;2021-02-23;327;434;22418;7348;5.2;1.7
73;2021-02-24;487;619;22905;7967;5.3;1.8
73;2021-02-25;504;410;23409;8377;5.4;1.9
73;2021-02-26;730;491;24139;8868;5.6;2.1
73;2021-02-27;330;200;24469;9068;5.7;2.1
73;2021-02-28;2;1;24471;9069;5.7;2.1
73;2021-03-01;557;441;25028;9510;5.8;2.2
73;2021-03-02;667;771;25695;10281;5.9;2.4
73;2021-03-03;643;1036;26338;11317;6.1;2.6
73;2021-03-04;1039;809;27377;12126;6.3;2.8
73;2021-03-05;1240;539;28617;12665;6.6;2.9
73;2021-03-06;1091;296;29708;12961;6.9;3.0
73;2021-03-07;455;88;30163;13049;7.0;3.0
73;2021-03-08;608;394;30771;13443;7.1;3.1
73;2021-03-09;983;468;31754;13911;7.3;3.2
73;2021-03-10;1036;760;32790;14671;7.6;3.4
73;2021-03-11;1559;586;34349;15257;7.9;3.5
73;2021-03-12;2018;507;36367;15764;8.4;3.6
73;2021-03-13;1179;192;37546;15956;8.7;3.7
73;2021-03-14;66;3;37612;15959;8.7;3.7
73;2021-03-15;1185;368;38797;16327;9.0;3.8
73;2021-03-16;795;388;39592;16715;9.2;3.9
73;2021-03-17;877;457;40469;17172;9.4;4.0
73;2021-03-18;1351;258;41820;17430;9.7;4.0
73;2021-03-19;1767;385;43587;17815;10.1;4.1
73;2021-03-20;888;127;44475;17942;10.3;4.1
73;2021-03-21;123;2;44598;17944;10.3;4.1
73;2021-03-22;1184;399;45782;18343;10.6;4.2
73;2021-03-23;1448;241;47230;18584;10.9;4.3
73;2021-03-24;1594;342;48824;18926;11.3;4.4
73;2021-03-25;2063;386;50887;19312;11.8;4.5
73;2021-03-26;2471;366;53358;19678;12.3;4.5
73;2021-03-27;885;148;54243;19826;12.5;4.6
73;2021-03-28;312;16;54555;19842;12.6;4.6
73;2021-03-29;1509;238;56064;20080;13.0;4.6
73;2021-03-30;2087;486;58151;20566;13.4;4.8
73;2021-03-31;2089;401;60240;20967;13.9;4.8
73;2021-04-01;2087;335;62327;21302;14.4;4.9
73;2021-04-02;2361;229;64688;21531;15.0;5.0
73;2021-04-03;849;147;65537;21678;15.2;5.0
73;2021-04-04;188;17;65725;21695;15.2;5.0
73;2021-04-05;212;26;65937;21721;15.2;5.0
73;2021-04-06;1506;511;67443;22232;15.6;5.1
73;2021-04-07;1947;650;69390;22882;16.0;5.3
73;2021-04-08;2491;820;71881;23702;16.6;5.5
73;2021-04-09;3059;524;74940;24226;17.3;5.6
73;2021-04-10;1134;320;76074;24546;17.6;5.7
73;2021-04-11;164;10;76238;24556;17.6;5.7
73;2021-04-12;1696;983;77934;25539;18.0;5.9
73;2021-04-13;1895;1129;79829;26668;18.5;6.2
73;2021-04-14;2014;1092;81843;27760;18.9;6.4
73;2021-04-15;2416;1190;84259;28950;19.5;6.7
73;2021-04-16;1893;934;86152;29884;19.9;6.9
73;2021-04-17;1173;560;87325;30444;20.2;7.0
73;2021-04-18;155;76;87480;30520;20.2;7.1
73;2021-04-19;1383;1057;88863;31577;20.5;7.3
73;2021-04-20;1790;1321;90653;32898;21.0;7.6
73;2021-04-21;1576;1301;92229;34199;21.3;7.9
73;2021-04-22;1812;1224;94041;35423;21.7;8.2
73;2021-04-23;1897;1254;95938;36677;22.2;8.5
73;2021-04-24;980;673;96918;37350;22.4;8.6
73;2021-04-25;79;96;96997;37446;22.4;8.7
73;2021-04-26;1164;1319;98161;38765;22.7;9.0
73;2021-04-27;1441;1468;99602;40233;23.0;9.3
73;2021-04-28;1731;1457;101333;41690;23.4;9.6
73;2021-04-29;2413;1562;103746;43252;24.0;10.0
73;2021-04-30;2396;1430;106142;44682;24.5;10.3
73;2021-05-01;1068;309;107210;44991;24.8;10.4
73;2021-05-02;34;165;107244;45156;24.8;10.4
73;2021-05-03;1392;1593;108636;46749;25.1;10.8
73;2021-05-04;1712;1828;110348;48577;25.5;11.2
73;2021-05-05;1975;1684;112323;50261;26.0;11.6
73;2021-05-06;2431;1695;114754;51956;26.5;12.0
73;2021-05-07;2259;1835;117013;53791;27.1;12.4
73;2021-05-08;1838;377;118851;54168;27.5;12.5
73;2021-05-09;127;126;118978;54294;27.5;12.6
73;2021-05-10;1608;1890;120586;56184;27.9;13.0
73;2021-05-11;2379;2367;122965;58551;28.4;13.5
73;2021-05-12;3556;2097;126521;60648;29.3;14.0
73;2021-05-13;1554;275;128075;60923;29.6;14.1
73;2021-05-14;1588;1492;129663;62415;30.0;14.4
73;2021-05-15;1447;943;131110;63358;30.3;14.6
73;2021-05-16;131;62;131241;63420;30.3;14.7
73;2021-05-17;1711;1950;132952;65370;30.7;15.1
73;2021-05-18;2495;1735;135447;67105;31.3;15.5
73;2021-05-19;2539;1623;137986;68728;31.9;15.9
73;2021-05-20;3162;1502;141148;70230;32.6;16.2
73;2021-05-21;2473;1849;143621;72079;33.2;16.7
73;2021-05-22;1989;923;145610;73002;33.7;16.9
73;2021-05-23;212;14;145822;73016;33.7;16.9
73;2021-05-24;2563;324;148385;73340;34.3;17.0
73;2021-05-25;2139;1741;150524;75081;34.8;17.4
73;2021-05-26;2342;1999;152866;77080;35.3;17.8
73;2021-05-27;3080;1713;155946;78793;36.1;18.2
73;2021-05-28;2918;2372;158864;81165;36.7;18.8
73;2021-05-29;2316;1321;161180;82486;37.3;19.1
73;2021-05-30;188;14;161368;82500;37.3;19.1
73;2021-05-31;2410;1632;163778;84132;37.9;19.5
73;2021-06-01;3178;1792;166956;85924;38.6;19.9
73;2021-06-02;3108;1454;170064;87378;39.3;20.2
73;2021-06-03;4422;1740;174486;89118;40.3;20.6
73;2021-06-04;4276;2184;178762;91302;41.3;21.1
73;2021-06-05;3162;1281;181924;92583;42.1;21.4
73;2021-06-06;1881;299;183805;92882;42.5;21.5
73;2021-06-07;2759;2148;186564;95030;43.1;22.0
73;2021-06-08;2684;1873;189248;96903;43.8;22.4
73;2021-06-09;2365;1790;191613;98693;44.3;22.8
73;2021-06-10;2005;1644;193618;100337;44.8;23.2
73;2021-06-11;2192;2441;195810;102778;45.3;23.8
73;2021-06-12;2245;1331;198055;104109;45.8;24.1
73;2021-06-13;44;82;198099;104191;45.8;24.1
73;2021-06-14;1347;2926;199446;107117;46.1;24.8
73;2021-06-15;1592;2754;201038;109871;46.5;25.4
73;2021-06-16;1466;2564;202504;112435;46.8;26.0
73;2021-06-17;947;1727;203451;114162;47.0;26.4
73;2021-06-18;1883;2930;205334;117092;47.5;27.1
73;2021-06-19;1424;1986;206758;119078;47.8;27.5
73;2021-06-20;448;307;207206;119385;47.9;27.6
73;2021-06-21;1111;2938;208317;122323;48.2;28.3
73;2021-06-22;1090;2870;209407;125193;48.4;28.9
73;2021-06-23;1086;3136;210493;128329;48.7;29.7
73;2021-06-24;883;1794;211376;130123;48.9;30.1
73;2021-06-25;1324;2794;212700;132917;49.2;30.7
73;2021-06-26;966;2398;213666;135315;49.4;31.3
73;2021-06-27;329;549;213995;135864;49.5;31.4
73;2021-06-28;971;3557;214966;139421;49.7;32.2
73;2021-06-29;1076;3340;216042;142761;49.9;33.0
73;2021-06-30;1239;3116;217281;145877;50.2;33.7
73;2021-07-01;1191;2362;218472;148239;50.5;34.3
73;2021-07-02;1203;3616;219675;151855;50.8;35.1
73;2021-07-03;961;2793;220636;154648;51.0;35.8
73;2021-07-04;301;619;220937;155267;51.1;35.9
73;2021-07-05;1157;3681;222094;158948;51.3;36.7
73;2021-07-06;1251;2951;223345;161899;51.6;37.4
73;2021-07-07;1443;2948;224788;164847;52.0;38.1
73;2021-07-08;1373;2296;226161;167143;52.3;38.6
73;2021-07-09;1431;4025;227592;171168;52.6;39.6
73;2021-07-10;891;3012;228483;174180;52.8;40.3
73;2021-07-11;561;1470;229044;175650;53.0;40.6
73;2021-07-12;1059;4194;230103;179844;53.2;41.6
73;2021-07-13;1729;4225;231832;184069;53.6;42.6
73;2021-07-14;1843;1919;233675;185988;54.0;43.0
73;2021-07-15;2747;3797;236422;189785;54.7;43.9
73;2021-07-16;2416;4015;238838;193800;55.2;44.8
73;2021-07-17;1515;2607;240353;196407;55.6;45.4
73;2021-07-18;1176;1218;241529;197625;55.8;45.7
73;2021-07-19;2449;3250;243978;200875;56.4;46.4
73;2021-07-20;3366;2855;247344;203730;57.2;47.1
73;2021-07-21;3382;2790;250726;206520;58.0;47.7
73;2021-07-22;2733;2216;253459;208736;58.6;48.3
73;2021-07-23;3417;2902;256876;211638;59.4;48.9
73;2021-07-24;2059;2280;258935;213918;59.9;49.5
73;2021-07-25;625;797;259560;214715;60.0;49.6
73;2021-07-26;2632;2496;262192;217211;60.6;50.2
73;2021-07-27;3813;2273;266005;219484;61.5;50.7
73;2021-07-28;3535;2095;269540;221579;62.3;51.2
73;2021-07-29;3980;2153;273520;223732;63.2;51.7
73;2021-07-30;3565;2475;277085;226207;64.1;52.3
73;2021-07-31;2477;1591;279562;227798;64.6;52.7
73;2021-08-01;834;620;280396;228418;64.8;52.8
73;2021-08-02;3104;2104;283500;230522;65.5;53.3
73;2021-08-03;3494;1999;286994;232521;66.3;53.8
73;2021-08-04;3299;2026;290293;234547;67.1;54.2
73;2021-08-05;2874;2232;293167;236779;67.8;54.7
73;2021-08-06;2509;2382;295676;239161;68.4;55.3
73;2021-08-07;1417;1482;297093;240643;68.7;55.6
73;2021-08-08;434;619;297527;241262;68.8;55.8
73;2021-08-09;1785;2396;299312;243658;69.2;56.3
73;2021-08-10;1897;2489;301209;246147;69.6;56.9
73;2021-08-11;1848;2535;303057;248682;70.1;57.5
73;2021-08-12;1683;2502;304740;251184;70.5;58.1
73;2021-08-13;1460;2842;306200;254026;70.8;58.7
73;2021-08-14;990;1534;307190;255560;71.0;59.1
73;2021-08-15;92;161;307282;255721;71.0;59.1
73;2021-08-16;952;1392;308234;257113;71.3;59.4
73;2021-08-17;963;1960;309197;259073;71.5;59.9
73;2021-08-18;1038;2841;310235;261914;71.7;60.6
73;2021-08-19;1045;3055;311280;264969;72.0;61.3
73;2021-08-20;852;3146;312132;268115;72.2;62.0
73;2021-08-21;463;1837;312595;269952;72.3;62.4
73;2021-08-22;268;936;312863;270888;72.3;62.6
73;2021-08-23;677;2970;313540;273858;72.5;63.3
73;2021-08-24;899;3160;314439;277018;72.7;64.0
73;2021-08-25;712;2907;315151;279925;72.9;64.7
73;2021-08-26;691;2424;315842;282349;73.0;65.3
73;2021-08-27;791;2748;316633;285097;73.2;65.9
73;2021-08-28;457;1749;317090;286846;73.3;66.3
73;2021-08-29;302;1016;317392;287862;73.4;66.6
73;2021-08-30;819;2590;318211;290452;73.6;67.1
73;2021-08-31;818;2392;319029;292844;73.8;67.7
73;2021-09-01;747;2243;319776;295087;73.9;68.2
73;2021-09-02;619;2018;320395;297105;74.1;68.7
73;2021-09-03;695;2210;321090;299315;74.2;69.2
73;2021-09-04;530;1463;321620;300778;74.4;69.5
73;2021-09-05;227;752;321847;301530;74.4;69.7
73;2021-09-06;348;1290;322195;302820;74.5;70.0
73;2021-09-07;414;1094;322609;303914;74.6;70.3
73;2021-09-08;490;1183;323099;305097;74.7;70.5
73;2021-09-09;467;1285;323566;306382;74.8;70.8
73;2021-09-10;574;1527;324140;307909;74.9;71.2
73;2021-09-11;354;1092;324494;309001;75.0;71.4
73;2021-09-12;96;163;324590;309164;75.0;71.5
73;2021-09-13;342;1029;324932;310193;75.1;71.7
73;2021-09-14;412;956;325344;311149;75.2;71.9
73;2021-09-15;424;815;325768;311964;75.3;72.1
73;2021-09-16;330;646;326098;312610;75.4;72.3
73;2021-09-17;376;868;326474;313478;75.5;72.5
73;2021-09-18;257;630;326731;314108;75.5;72.6
73;2021-09-19;46;205;326777;314313;75.5;72.7
73;2021-09-20;163;632;326940;314945;75.6;72.8
73;2021-09-21;297;537;327237;315482;75.7;72.9
73;2021-09-22;275;774;327512;316256;75.7;73.1
73;2021-09-23;281;476;327793;316732;75.8;73.2
73;2021-09-24;292;857;328085;317589;75.8;73.4
73;2021-09-25;189;723;328274;318312;75.9;73.6
73;2021-09-26;73;210;328347;318522;75.9;73.6
73;2021-09-27;243;499;328590;319021;76.0;73.8
73;2021-09-28;185;340;328775;319361;76.0;73.8
73;2021-09-29;220;675;328995;320036;76.1;74.0
73;2021-09-30;191;364;329186;320400;76.1;74.1
73;2021-10-01;211;564;329397;320964;76.2;74.2
73;2021-10-02;197;481;329594;321445;76.2;74.3
73;2021-10-03;8;11;329602;321456;76.2;74.3
73;2021-10-04;209;361;329811;321817;76.2;74.4
73;2021-10-05;165;310;329976;322127;76.3;74.5
74;2020-12-27;10;0;10;0;0.0;0.0
74;2020-12-28;9;0;19;0;0.0;0.0
74;2020-12-29;0;0;19;0;0.0;0.0
74;2020-12-30;5;0;24;0;0.0;0.0
74;2020-12-31;1;0;25;0;0.0;0.0
74;2021-01-01;0;0;25;0;0.0;0.0
74;2021-01-02;1;1;26;1;0.0;0.0
74;2021-01-03;0;0;26;1;0.0;0.0
74;2021-01-04;3;0;29;1;0.0;0.0
74;2021-01-05;4;0;33;1;0.0;0.0
74;2021-01-06;48;0;81;1;0.0;0.0
74;2021-01-07;220;1;301;2;0.0;0.0
74;2021-01-08;294;2;595;4;0.1;0.0
74;2021-01-09;79;0;674;4;0.1;0.0
74;2021-01-10;74;0;748;4;0.1;0.0
74;2021-01-11;375;0;1123;4;0.1;0.0
74;2021-01-12;408;3;1531;7;0.2;0.0
74;2021-01-13;396;0;1927;7;0.2;0.0
74;2021-01-14;482;1;2409;8;0.3;0.0
74;2021-01-15;645;4;3054;12;0.4;0.0
74;2021-01-16;254;1;3308;13;0.4;0.0
74;2021-01-17;134;1;3442;14;0.4;0.0
74;2021-01-18;527;0;3969;14;0.5;0.0
74;2021-01-19;814;2;4783;16;0.6;0.0
74;2021-01-20;1281;4;6064;20;0.7;0.0
74;2021-01-21;1570;2;7634;22;0.9;0.0
74;2021-01-22;1242;6;8876;28;1.1;0.0
74;2021-01-23;345;1;9221;29;1.1;0.0
74;2021-01-24;94;1;9315;30;1.1;0.0
74;2021-01-25;800;2;10115;32;1.2;0.0
74;2021-01-26;1371;14;11486;46;1.4;0.0
74;2021-01-27;1083;11;12569;57;1.5;0.0
74;2021-01-28;1003;28;13572;85;1.6;0.0
74;2021-01-29;882;35;14454;120;1.7;0.0
74;2021-01-30;305;1;14759;121;1.8;0.0
74;2021-01-31;87;1;14846;122;1.8;0.0
74;2021-02-01;632;44;15478;166;1.9;0.0
74;2021-02-02;645;147;16123;313;1.9;0.0
74;2021-02-03;606;114;16729;427;2.0;0.1
74;2021-02-04;617;122;17346;549;2.1;0.1
74;2021-02-05;556;186;17902;735;2.2;0.1
74;2021-02-06;276;111;18178;846;2.2;0.1
74;2021-02-07;93;102;18271;948;2.2;0.1
74;2021-02-08;620;310;18891;1258;2.3;0.2
74;2021-02-09;541;422;19432;1680;2.3;0.2
74;2021-02-10;689;468;20121;2148;2.4;0.3
74;2021-02-11;1082;933;21203;3081;2.6;0.4
74;2021-02-12;917;569;22120;3650;2.7;0.4
74;2021-02-13;407;212;22527;3862;2.7;0.5
74;2021-02-14;320;98;22847;3960;2.8;0.5
74;2021-02-15;281;634;23128;4594;2.8;0.6
74;2021-02-16;492;840;23620;5434;2.9;0.7
74;2021-02-17;530;896;24150;6330;2.9;0.8
74;2021-02-18;473;840;24623;7170;3.0;0.9
74;2021-02-19;619;567;25242;7737;3.0;0.9
74;2021-02-20;114;135;25356;7872;3.1;1.0
74;2021-02-21;48;49;25404;7921;3.1;1.0
74;2021-02-22;320;598;25724;8519;3.1;1.0
74;2021-02-23;307;674;26031;9193;3.1;1.1
74;2021-02-24;241;549;26272;9742;3.2;1.2
74;2021-02-25;524;599;26796;10341;3.2;1.2
74;2021-02-26;973;571;27769;10912;3.4;1.3
74;2021-02-27;254;138;28023;11050;3.4;1.3
74;2021-02-28;125;65;28148;11115;3.4;1.3
74;2021-03-01;724;552;28872;11667;3.5;1.4
74;2021-03-02;1093;567;29965;12234;3.6;1.5
74;2021-03-03;1025;544;30990;12778;3.7;1.5
74;2021-03-04;1613;894;32603;13672;3.9;1.7
74;2021-03-05;2094;792;34697;14464;4.2;1.7
74;2021-03-06;1761;302;36458;14766;4.4;1.8
74;2021-03-07;1386;103;37844;14869;4.6;1.8
74;2021-03-08;1198;849;39042;15718;4.7;1.9
74;2021-03-09;1957;592;40999;16310;4.9;2.0
74;2021-03-10;1749;789;42748;17099;5.2;2.1
74;2021-03-11;2451;663;45199;17762;5.5;2.1
74;2021-03-12;3246;971;48445;18733;5.8;2.3
74;2021-03-13;2002;267;50447;19000;6.1;2.3
74;2021-03-14;609;101;51056;19101;6.2;2.3
74;2021-03-15;2129;539;53185;19640;6.4;2.4
74;2021-03-16;1963;404;55148;20044;6.7;2.4
74;2021-03-17;1975;310;57123;20354;6.9;2.5
74;2021-03-18;2137;283;59260;20637;7.2;2.5
74;2021-03-19;2636;296;61896;20933;7.5;2.5
74;2021-03-20;1375;104;63271;21037;7.6;2.5
74;2021-03-21;290;32;63561;21069;7.7;2.5
74;2021-03-22;2054;317;65615;21386;7.9;2.6
74;2021-03-23;2723;339;68338;21725;8.2;2.6
74;2021-03-24;2948;306;71286;22031;8.6;2.7
74;2021-03-25;3875;309;75161;22340;9.1;2.7
74;2021-03-26;4095;386;79256;22726;9.6;2.7
74;2021-03-27;1941;261;81197;22987;9.8;2.8
74;2021-03-28;437;78;81634;23065;9.9;2.8
74;2021-03-29;3035;702;84669;23767;10.2;2.9
74;2021-03-30;3543;760;88212;24527;10.6;3.0
74;2021-03-31;3144;738;91356;25265;11.0;3.0
74;2021-04-01;4236;902;95592;26167;11.5;3.2
74;2021-04-02;3711;794;99303;26961;12.0;3.3
74;2021-04-03;1697;537;101000;27498;12.2;3.3
74;2021-04-04;236;122;101236;27620;12.2;3.3
74;2021-04-05;433;16;101669;27636;12.3;3.3
74;2021-04-06;2623;1206;104292;28842;12.6;3.5
74;2021-04-07;3195;1253;107487;30095;13.0;3.6
74;2021-04-08;3865;1191;111352;31286;13.4;3.8
74;2021-04-09;4111;1183;115463;32469;13.9;3.9
74;2021-04-10;1944;1027;117407;33496;14.2;4.0
74;2021-04-11;253;184;117660;33680;14.2;4.1
74;2021-04-12;2724;1778;120384;35458;14.5;4.3
74;2021-04-13;3123;2105;123507;37563;14.9;4.5
74;2021-04-14;2903;1972;126410;39535;15.3;4.8
74;2021-04-15;3463;1910;129873;41445;15.7;5.0
74;2021-04-16;3386;1789;133259;43234;16.1;5.2
74;2021-04-17;1936;1034;135195;44268;16.3;5.3
74;2021-04-18;218;211;135413;44479;16.3;5.4
74;2021-04-19;2100;2094;137513;46573;16.6;5.6
74;2021-04-20;3068;2415;140581;48988;17.0;5.9
74;2021-04-21;2464;2375;143045;51363;17.3;6.2
74;2021-04-22;2629;2338;145674;53701;17.6;6.5
74;2021-04-23;2573;2247;148247;55948;17.9;6.8
74;2021-04-24;1485;1540;149732;57488;18.1;6.9
74;2021-04-25;229;149;149961;57637;18.1;7.0
74;2021-04-26;2396;2462;152357;60099;18.4;7.3
74;2021-04-27;3272;2906;155629;63005;18.8;7.6
74;2021-04-28;3465;2628;159094;65633;19.2;7.9
74;2021-04-29;3908;2695;163002;68328;19.7;8.2
74;2021-04-30;4076;2225;167078;70553;20.2;8.5
74;2021-05-01;2121;397;169199;70950;20.4;8.6
74;2021-05-02;205;238;169404;71188;20.4;8.6
74;2021-05-03;2596;3021;172000;74209;20.8;9.0
74;2021-05-04;3216;3116;175216;77325;21.2;9.3
74;2021-05-05;3391;3021;178607;80346;21.6;9.7
74;2021-05-06;3859;2633;182466;82979;22.0;10.0
74;2021-05-07;3595;3541;186061;86520;22.5;10.4
74;2021-05-08;1145;827;187206;87347;22.6;10.5
74;2021-05-09;195;246;187401;87593;22.6;10.6
74;2021-05-10;3466;3145;190867;90738;23.0;11.0
74;2021-05-11;4317;3418;195184;94156;23.6;11.4
74;2021-05-12;5305;2963;200489;97119;24.2;11.7
74;2021-05-13;2357;950;202846;98069;24.5;11.8
74;2021-05-14;5956;2402;208802;100471;25.2;12.1
74;2021-05-15;4513;1848;213315;102319;25.8;12.4
74;2021-05-16;3012;338;216327;102657;26.1;12.4
74;2021-05-17;5397;2890;221724;105547;26.8;12.7
74;2021-05-18;6792;2817;228516;108364;27.6;13.1
74;2021-05-19;6234;2296;234750;110660;28.3;13.4
74;2021-05-20;6643;2558;241393;113218;29.1;13.7
74;2021-05-21;6526;2993;247919;116211;29.9;14.0
74;2021-05-22;5293;1568;253212;117779;30.6;14.2
74;2021-05-23;2052;282;255264;118061;30.8;14.3
74;2021-05-24;2362;660;257626;118721;31.1;14.3
74;2021-05-25;5073;3334;262699;122055;31.7;14.7
74;2021-05-26;5255;2563;267954;124618;32.3;15.0
74;2021-05-27;6001;2976;273955;127594;33.1;15.4
74;2021-05-28;5656;3575;279611;131169;33.8;15.8
74;2021-05-29;3799;2156;283410;133325;34.2;16.1
74;2021-05-30;488;309;283898;133634;34.3;16.1
74;2021-05-31;5069;3549;288967;137183;34.9;16.6
74;2021-06-01;4930;3726;293897;140909;35.5;17.0
74;2021-06-02;5269;3207;299166;144116;36.1;17.4
74;2021-06-03;6891;3251;306057;147367;36.9;17.8
74;2021-06-04;6911;4431;312968;151798;37.8;18.3
74;2021-06-05;4610;2707;317578;154505;38.3;18.7
74;2021-06-06;124;112;317702;154617;38.4;18.7
74;2021-06-07;5032;4144;322734;158761;39.0;19.2
74;2021-06-08;5025;3949;327759;162710;39.6;19.6
74;2021-06-09;5081;3481;332840;166191;40.2;20.1
74;2021-06-10;5123;2877;337963;169068;40.8;20.4
74;2021-06-11;5214;3812;343177;172880;41.4;20.9
74;2021-06-12;3567;2378;346744;175258;41.9;21.2
74;2021-06-13;120;89;346864;175347;41.9;21.2
74;2021-06-14;3595;4482;350459;179829;42.3;21.7
74;2021-06-15;3671;3896;354130;183725;42.7;22.2
74;2021-06-16;4827;3123;358957;186848;43.3;22.6
74;2021-06-17;3816;2953;362773;189801;43.8;22.9
74;2021-06-18;4114;4669;366887;194470;44.3;23.5
74;2021-06-19;2993;3101;369880;197571;44.6;23.8
74;2021-06-20;125;97;370005;197668;44.7;23.9
74;2021-06-21;2382;5418;372387;203086;45.0;24.5
74;2021-06-22;2493;5312;374880;208398;45.3;25.2
74;2021-06-23;2974;4618;377854;213016;45.6;25.7
74;2021-06-24;2865;4626;380719;217642;46.0;26.3
74;2021-06-25;2930;6768;383649;224410;46.3;27.1
74;2021-06-26;1706;5400;385355;229810;46.5;27.7
74;2021-06-27;66;1664;385421;231474;46.5;27.9
74;2021-06-28;1915;7219;387336;238693;46.8;28.8
74;2021-06-29;2298;7421;389634;246114;47.0;29.7
74;2021-06-30;2747;6544;392381;252658;47.4;30.5
74;2021-07-01;3526;5426;395907;258084;47.8;31.2
74;2021-07-02;3122;6639;399029;264723;48.2;32.0
74;2021-07-03;1698;5085;400727;269808;48.4;32.6
74;2021-07-04;81;1022;400808;270830;48.4;32.7
74;2021-07-05;2078;6828;402886;277658;48.6;33.5
74;2021-07-06;2799;6488;405685;284146;49.0;34.3
74;2021-07-07;3094;5446;408779;289592;49.3;35.0
74;2021-07-08;3866;4923;412645;294515;49.8;35.6
74;2021-07-09;2671;6974;415316;301489;50.1;36.4
74;2021-07-10;1622;5132;416938;306621;50.3;37.0
74;2021-07-11;76;142;417014;306763;50.3;37.0
74;2021-07-12;2095;7899;419109;314662;50.6;38.0
74;2021-07-13;3967;7586;423076;322248;51.1;38.9
74;2021-07-14;1968;2238;425044;324486;51.3;39.2
74;2021-07-15;3592;6876;428636;331362;51.7;40.0
74;2021-07-16;4242;7741;432878;339103;52.3;40.9
74;2021-07-17;3004;5330;435882;344433;52.6;41.6
74;2021-07-18;156;155;436038;344588;52.6;41.6
74;2021-07-19;4295;7351;440333;351939;53.2;42.5
74;2021-07-20;5873;6468;446206;358407;53.9;43.3
74;2021-07-21;5669;6674;451875;365081;54.5;44.1
74;2021-07-22;4773;5323;456648;370404;55.1;44.7
74;2021-07-23;6226;6993;462874;377397;55.9;45.6
74;2021-07-24;3156;4316;466030;381713;56.3;46.1
74;2021-07-25;181;171;466211;381884;56.3;46.1
74;2021-07-26;5617;6134;471828;388018;57.0;46.8
74;2021-07-27;6851;5176;478679;393194;57.8;47.5
74;2021-07-28;6660;5102;485339;398296;58.6;48.1
74;2021-07-29;5280;3930;490619;402226;59.2;48.6
74;2021-07-30;6715;5503;497334;407729;60.0;49.2
74;2021-07-31;4377;3124;501711;410853;60.6;49.6
74;2021-08-01;184;149;501895;411002;60.6;49.6
74;2021-08-02;6271;4408;508166;415410;61.3;50.1
74;2021-08-03;6038;3860;514204;419270;62.1;50.6
74;2021-08-04;6325;3508;520529;422778;62.8;51.0
74;2021-08-05;4936;3266;525465;426044;63.4;51.4
74;2021-08-06;5068;4182;530533;430226;64.0;51.9
74;2021-08-07;3210;2899;533743;433125;64.4;52.3
74;2021-08-08;154;134;533897;433259;64.4;52.3
74;2021-08-09;4975;4828;538872;438087;65.0;52.9
74;2021-08-10;4989;4687;543861;442774;65.7;53.4
74;2021-08-11;4448;4891;548309;447665;66.2;54.0
74;2021-08-12;3626;3607;551935;451272;66.6;54.5
74;2021-08-13;3836;4625;555771;455897;67.1;55.0
74;2021-08-14;2184;3342;557955;459239;67.4;55.4
74;2021-08-15;65;102;558020;459341;67.4;55.4
74;2021-08-16;3913;5879;561933;465220;67.8;56.2
74;2021-08-17;3135;5486;565068;470706;68.2;56.8
74;2021-08-18;3093;5460;568161;476166;68.6;57.5
74;2021-08-19;2360;3898;570521;480064;68.9;58.0
74;2021-08-20;2637;5699;573158;485763;69.2;58.6
74;2021-08-21;1239;4273;574397;490036;69.3;59.2
74;2021-08-22;56;137;574453;490173;69.3;59.2
74;2021-08-23;2198;6697;576651;496870;69.6;60.0
74;2021-08-24;2219;5938;578870;502808;69.9;60.7
74;2021-08-25;1975;6294;580845;509102;70.1;61.5
74;2021-08-26;1564;3786;582409;512888;70.3;61.9
74;2021-08-27;1939;5509;584348;518397;70.5;62.6
74;2021-08-28;927;4040;585275;522437;70.7;63.1
74;2021-08-29;67;188;585342;522625;70.7;63.1
74;2021-08-30;1870;5484;587212;528109;70.9;63.8
74;2021-08-31;1677;5127;588889;533236;71.1;64.4
74;2021-09-01;1968;4155;590857;537391;71.3;64.9
74;2021-09-02;1223;3035;592080;540426;71.5;65.2
74;2021-09-03;1548;4185;593628;544611;71.7;65.7
74;2021-09-04;1158;2848;594786;547459;71.8;66.1
74;2021-09-05;48;96;594834;547555;71.8;66.1
74;2021-09-06;1259;3378;596093;550933;72.0;66.5
74;2021-09-07;1026;3053;597119;553986;72.1;66.9
74;2021-09-08;1311;3179;598430;557165;72.2;67.3
74;2021-09-09;1221;2215;599651;559380;72.4;67.5
74;2021-09-10;1121;3111;600772;562491;72.5;67.9
74;2021-09-11;764;2325;601536;564816;72.6;68.2
74;2021-09-12;40;80;601576;564896;72.6;68.2
74;2021-09-13;959;2638;602535;567534;72.7;68.5
74;2021-09-14;1058;2479;603593;570013;72.9;68.8
74;2021-09-15;1058;2271;604651;572284;73.0;69.1
74;2021-09-16;748;1031;605399;573315;73.1;69.2
74;2021-09-17;832;1848;606231;575163;73.2;69.4
74;2021-09-18;604;1671;606835;576834;73.3;69.6
74;2021-09-19;3;9;606838;576843;73.3;69.6
74;2021-09-20;798;1883;607636;578726;73.4;69.9
74;2021-09-21;638;1371;608274;580097;73.4;70.0
74;2021-09-22;618;2102;608892;582199;73.5;70.3
74;2021-09-23;638;997;609530;583196;73.6;70.4
74;2021-09-24;724;1970;610254;585166;73.7;70.6
74;2021-09-25;461;1621;610715;586787;73.7;70.8
74;2021-09-26;1;2;610716;586789;73.7;70.8
74;2021-09-27;573;1774;611289;588563;73.8;71.0
74;2021-09-28;395;959;611684;589522;73.8;71.2
74;2021-09-29;544;1561;612228;591083;73.9;71.4
74;2021-09-30;390;1060;612618;592143;74.0;71.5
74;2021-10-01;601;1118;613219;593261;74.0;71.6
74;2021-10-02;435;814;613654;594075;74.1;71.7
74;2021-10-03;5;11;613659;594086;74.1;71.7
74;2021-10-04;529;1109;614188;595195;74.1;71.8
74;2021-10-05;366;1095;614554;596290;74.2;72.0
75;2020-12-27;76;1;76;1;0.0;0.0
75;2020-12-28;66;0;142;1;0.0;0.0
75;2020-12-29;33;0;175;1;0.0;0.0
75;2020-12-30;87;0;262;1;0.0;0.0
75;2020-12-31;48;1;310;2;0.0;0.0
75;2021-01-01;63;3;373;5;0.0;0.0
75;2021-01-02;66;1;439;6;0.0;0.0
75;2021-01-03;109;1;548;7;0.0;0.0
75;2021-01-04;323;1;871;8;0.0;0.0
75;2021-01-05;882;10;1753;18;0.1;0.0
75;2021-01-06;1371;16;3124;34;0.1;0.0
75;2021-01-07;2073;19;5197;53;0.2;0.0
75;2021-01-08;2881;30;8078;83;0.4;0.0
75;2021-01-09;1097;2;9175;85;0.4;0.0
75;2021-01-10;1101;4;10276;89;0.5;0.0
75;2021-01-11;3120;45;13396;134;0.6;0.0
75;2021-01-12;3491;52;16887;186;0.8;0.0
75;2021-01-13;3575;44;20462;230;1.0;0.0
75;2021-01-14;3794;61;24256;291;1.1;0.0
75;2021-01-15;3341;46;27597;337;1.3;0.0
75;2021-01-16;1147;14;28744;351;1.3;0.0
75;2021-01-17;564;14;29308;365;1.4;0.0
75;2021-01-18;3293;69;32601;434;1.5;0.0
75;2021-01-19;3877;47;36478;481;1.7;0.0
75;2021-01-20;4442;59;40920;540;1.9;0.0
75;2021-01-21;4952;71;45872;611;2.1;0.0
75;2021-01-22;4608;69;50480;680;2.3;0.0
75;2021-01-23;1769;12;52249;692;2.4;0.0
75;2021-01-24;762;7;53011;699;2.5;0.0
75;2021-01-25;1741;24;54752;723;2.5;0.0
75;2021-01-26;2564;80;57316;803;2.7;0.0
75;2021-01-27;3174;148;60490;951;2.8;0.0
75;2021-01-28;4790;229;65280;1180;3.0;0.1
75;2021-01-29;4064;237;69344;1417;3.2;0.1
75;2021-01-30;1362;18;70706;1435;3.3;0.1
75;2021-01-31;226;3;70932;1438;3.3;0.1
75;2021-02-01;1637;339;72569;1777;3.4;0.1
75;2021-02-02;2155;583;74724;2360;3.5;0.1
75;2021-02-03;1894;632;76618;2992;3.6;0.1
75;2021-02-04;2153;1034;78771;4026;3.7;0.2
75;2021-02-05;2226;755;80997;4781;3.8;0.2
75;2021-02-06;1137;73;82134;4854;3.8;0.2
75;2021-02-07;179;6;82313;4860;3.8;0.2
75;2021-02-08;1268;1273;83581;6133;3.9;0.3
75;2021-02-09;1802;2187;85383;8320;4.0;0.4
75;2021-02-10;2429;2169;87812;10489;4.1;0.5
75;2021-02-11;2952;4878;90764;15367;4.2;0.7
75;2021-02-12;3137;2223;93901;17590;4.4;0.8
75;2021-02-13;861;821;94762;18411;4.4;0.9
75;2021-02-14;212;39;94974;18450;4.4;0.9
75;2021-02-15;1011;1888;95985;20338;4.5;0.9
75;2021-02-16;1469;5125;97454;25463;4.5;1.2
75;2021-02-17;1344;2436;98798;27899;4.6;1.3
75;2021-02-18;1778;4500;100576;32399;4.7;1.5
75;2021-02-19;2232;3260;102808;35659;4.8;1.7
75;2021-02-20;485;1280;103293;36939;4.8;1.7
75;2021-02-21;201;112;103494;37051;4.8;1.7
75;2021-02-22;1230;1475;104724;38526;4.9;1.8
75;2021-02-23;1474;1974;106198;40500;4.9;1.9
75;2021-02-24;1700;1739;107898;42239;5.0;2.0
75;2021-02-25;2799;4291;110697;46530;5.2;2.2
75;2021-02-26;3387;2052;114084;48582;5.3;2.3
75;2021-02-27;1408;690;115492;49272;5.4;2.3
75;2021-02-28;330;99;115822;49371;5.4;2.3
75;2021-03-01;2612;1338;118434;50709;5.5;2.4
75;2021-03-02;4195;1671;122629;52380;5.7;2.4
75;2021-03-03;5444;1873;128073;54253;6.0;2.5
75;2021-03-04;8063;2131;136136;56384;6.3;2.6
75;2021-03-05;10586;2271;146722;58655;6.8;2.7
75;2021-03-06;11085;954;157807;59609;7.3;2.8
75;2021-03-07;9513;1406;167320;61015;7.8;2.8
75;2021-03-08;5927;1377;173247;62392;8.1;2.9
75;2021-03-09;7541;1892;180788;64284;8.4;3.0
75;2021-03-10;7525;1953;188313;66237;8.8;3.1
75;2021-03-11;10366;2344;198679;68581;9.2;3.2
75;2021-03-12;12074;2409;210753;70990;9.8;3.3
75;2021-03-13;8563;749;219316;71739;10.2;3.3
75;2021-03-14;4178;262;223494;72001;10.4;3.4
75;2021-03-15;7477;965;230971;72966;10.8;3.4
75;2021-03-16;5168;680;236139;73646;11.0;3.4
75;2021-03-17;5435;822;241574;74468;11.2;3.5
75;2021-03-18;6629;852;248203;75320;11.6;3.5
75;2021-03-19;9771;986;257974;76306;12.0;3.6
75;2021-03-20;5939;598;263913;76904;12.3;3.6
75;2021-03-21;1595;424;265508;77328;12.4;3.6
75;2021-03-22;8669;1017;274177;78345;12.8;3.6
75;2021-03-23;10969;1255;285146;79600;13.3;3.7
75;2021-03-24;11019;1328;296165;80928;13.8;3.8
75;2021-03-25;14225;1540;310390;82468;14.4;3.8
75;2021-03-26;13992;1702;324382;84170;15.1;3.9
75;2021-03-27;7289;765;331671;84935;15.4;4.0
75;2021-03-28;1791;151;333462;85086;15.5;4.0
75;2021-03-29;7980;2171;341442;87257;15.9;4.1
75;2021-03-30;10948;3205;352390;90462;16.4;4.2
75;2021-03-31;9755;3564;362145;94026;16.9;4.4
75;2021-04-01;10717;5172;372862;99198;17.4;4.6
75;2021-04-02;9066;5534;381928;104732;17.8;4.9
75;2021-04-03;4128;4848;386056;109580;18.0;5.1
75;2021-04-04;1424;1455;387480;111035;18.0;5.2
75;2021-04-05;2261;1316;389741;112351;18.1;5.2
75;2021-04-06;6929;4252;396670;116603;18.5;5.4
75;2021-04-07;8107;4375;404777;120978;18.8;5.6
75;2021-04-08;11095;4167;415872;125145;19.4;5.8
75;2021-04-09;12219;4616;428091;129761;19.9;6.0
75;2021-04-10;5850;4237;433941;133998;20.2;6.2
75;2021-04-11;1951;1784;435892;135782;20.3;6.3
75;2021-04-12;7490;3785;443382;139567;20.6;6.5
75;2021-04-13;8575;6780;451957;146347;21.0;6.8
75;2021-04-14;8307;5214;460264;151561;21.4;7.1
75;2021-04-15;8932;6126;469196;157687;21.8;7.3
75;2021-04-16;9397;6104;478593;163791;22.3;7.6
75;2021-04-17;4821;3637;483414;167428;22.5;7.8
75;2021-04-18;1673;876;485087;168304;22.6;7.8
75;2021-04-19;5593;4939;490680;173243;22.8;8.1
75;2021-04-20;6473;5944;497153;179187;23.1;8.3
75;2021-04-21;6881;5562;504034;184749;23.5;8.6
75;2021-04-22;7550;5898;511584;190647;23.8;8.9
75;2021-04-23;8691;6441;520275;197088;24.2;9.2
75;2021-04-24;6185;3346;526460;200434;24.5;9.3
75;2021-04-25;2973;760;529433;201194;24.6;9.4
75;2021-04-26;7032;4700;536465;205894;25.0;9.6
75;2021-04-27;10601;6387;547066;212281;25.5;9.9
75;2021-04-28;12205;5982;559271;218263;26.0;10.2
75;2021-04-29;13765;6317;573036;224580;26.7;10.5
75;2021-04-30;13669;6144;586705;230724;27.3;10.7
75;2021-05-01;5081;1324;591786;232048;27.5;10.8
75;2021-05-02;2391;789;594177;232837;27.7;10.8
75;2021-05-03;10297;13447;604474;246284;28.1;11.5
75;2021-05-04;11197;8061;615671;254345;28.7;11.8
75;2021-05-05;13565;6695;629236;261040;29.3;12.2
75;2021-05-06;14008;8175;643244;269215;29.9;12.5
75;2021-05-07;13987;8557;657231;277772;30.6;12.9
75;2021-05-08;10086;5508;667317;283280;31.1;13.2
75;2021-05-09;3821;3179;671138;286459;31.2;13.3
75;2021-05-10;14300;6704;685438;293163;31.9;13.6
75;2021-05-11;16852;8383;702290;301546;32.7;14.0
75;2021-05-12;17964;8130;720254;309676;33.5;14.4
75;2021-05-13;13645;2488;733899;312164;34.2;14.5
75;2021-05-14;18396;5119;752295;317283;35.0;14.8
75;2021-05-15;12326;2656;764621;319939;35.6;14.9
75;2021-05-16;3860;759;768481;320698;35.8;14.9
75;2021-05-17;16011;4645;784492;325343;36.5;15.1
75;2021-05-18;19160;5309;803652;330652;37.4;15.4
75;2021-05-19;20730;10693;824382;341345;38.4;15.9
75;2021-05-20;21585;8656;845967;350001;39.4;16.3
75;2021-05-21;21032;6545;866999;356546;40.4;16.6
75;2021-05-22;15908;3293;882907;359839;41.1;16.8
75;2021-05-23;5639;1335;888546;361174;41.4;16.8
75;2021-05-24;15636;2559;904182;363733;42.1;16.9
75;2021-05-25;18035;9558;922217;373291;42.9;17.4
75;2021-05-26;18890;8196;941107;381487;43.8;17.8
75;2021-05-27;20146;9792;961253;391279;44.7;18.2
75;2021-05-28;19340;10828;980593;402107;45.6;18.7
75;2021-05-29;16116;5836;996709;407943;46.4;19.0
75;2021-05-30;7040;2157;1003749;410100;46.7;19.1
75;2021-05-31;18094;9428;1021843;419528;47.6;19.5
75;2021-06-01;18695;12963;1040538;432491;48.4;20.1
75;2021-06-02;18120;10297;1058658;442788;49.3;20.6
75;2021-06-03;20256;11947;1078914;454735;50.2;21.2
75;2021-06-04;18119;12827;1097033;467562;51.1;21.8
75;2021-06-05;11990;9612;1109023;477174;51.6;22.2
75;2021-06-06;6726;3158;1115749;480332;51.9;22.4
75;2021-06-07;13891;11815;1129640;492147;52.6;22.9
75;2021-06-08;14801;13954;1144441;506101;53.3;23.6
75;2021-06-09;16509;15233;1160950;521334;54.0;24.3
75;2021-06-10;18363;26286;1179313;547620;54.9;25.5
75;2021-06-11;15311;16454;1194624;564074;55.6;26.3
75;2021-06-12;13284;10002;1207908;574076;56.2;26.7
75;2021-06-13;6277;3794;1214185;577870;56.5;26.9
75;2021-06-14;11824;15391;1226009;593261;57.1;27.6
75;2021-06-15;12730;19544;1238739;612805;57.7;28.5
75;2021-06-16;12206;17232;1250945;630037;58.2;29.3
75;2021-06-17;12659;17667;1263604;647704;58.8;30.2
75;2021-06-18;11275;22601;1274879;670305;59.3;31.2
75;2021-06-19;7532;11820;1282411;682125;59.7;31.8
75;2021-06-20;2820;5473;1285231;687598;59.8;32.0
75;2021-06-21;8514;16327;1293745;703925;60.2;32.8
75;2021-06-22;8809;21791;1302554;725716;60.6;33.8
75;2021-06-23;10309;21425;1312863;747141;61.1;34.8
75;2021-06-24;11319;20638;1324182;767779;61.6;35.7
75;2021-06-25;9874;24682;1334056;792461;62.1;36.9
75;2021-06-26;7936;15420;1341992;807881;62.5;37.6
75;2021-06-27;2702;6325;1344694;814206;62.6;37.9
75;2021-06-28;8475;20145;1353169;834351;63.0;38.8
75;2021-06-29;9347;23821;1362516;858172;63.4;39.9
75;2021-06-30;10214;23620;1372730;881792;63.9;41.0
75;2021-07-01;11436;23512;1384166;905304;64.4;42.1
75;2021-07-02;10893;24771;1395059;930075;64.9;43.3
75;2021-07-03;7817;19804;1402876;949879;65.3;44.2
75;2021-07-04;3907;9556;1406783;959435;65.5;44.7
75;2021-07-05;9345;21582;1416128;981017;65.9;45.7
75;2021-07-06;10168;24009;1426296;1005026;66.4;46.8
75;2021-07-07;10162;25091;1436458;1030117;66.9;48.0
75;2021-07-08;10673;25024;1447131;1055141;67.4;49.1
75;2021-07-09;10865;24031;1457996;1079172;67.9;50.2
75;2021-07-10;7950;18499;1465946;1097671;68.2;51.1
75;2021-07-11;4351;8528;1470297;1106199;68.4;51.5
75;2021-07-12;9860;23087;1480157;1129286;68.9;52.6
75;2021-07-13;14394;24804;1494551;1154090;69.6;53.7
75;2021-07-14;8354;9726;1502905;1163816;70.0;54.2
75;2021-07-15;15583;25661;1518488;1189477;70.7;55.4
75;2021-07-16;15825;22148;1534313;1211625;71.4;56.4
75;2021-07-17;12199;16910;1546512;1228535;72.0;57.2
75;2021-07-18;6267;6841;1552779;1235376;72.3;57.5
75;2021-07-19;14402;21296;1567181;1256672;73.0;58.5
75;2021-07-20;16073;21898;1583254;1278570;73.7;59.5
75;2021-07-21;15712;20706;1598966;1299276;74.4;60.5
75;2021-07-22;17148;20092;1616114;1319368;75.2;61.4
75;2021-07-23;17167;19107;1633281;1338475;76.0;62.3
75;2021-07-24;11194;14080;1644475;1352555;76.5;63.0
75;2021-07-25;5005;5070;1649480;1357625;76.8;63.2
75;2021-07-26;15183;16872;1664663;1374497;77.5;64.0
75;2021-07-27;18151;16663;1682814;1391160;78.3;64.8
75;2021-07-28;17147;15489;1699961;1406649;79.1;65.5
75;2021-07-29;16773;15094;1716734;1421743;79.9;66.2
75;2021-07-30;16722;14352;1733456;1436095;80.7;66.8
75;2021-07-31;9346;9866;1742802;1445961;81.1;67.3
75;2021-08-01;3723;3256;1746525;1449217;81.3;67.5
75;2021-08-02;10956;11981;1757481;1461198;81.8;68.0
75;2021-08-03;11131;10837;1768612;1472035;82.3;68.5
75;2021-08-04;9733;9485;1778345;1481520;82.8;69.0
75;2021-08-05;8725;9555;1787070;1491075;83.2;69.4
75;2021-08-06;8252;9992;1795322;1501067;83.6;69.9
75;2021-08-07;5708;7159;1801030;1508226;83.8;70.2
75;2021-08-08;1963;3282;1802993;1511508;83.9;70.4
75;2021-08-09;8608;11476;1811601;1522984;84.3;70.9
75;2021-08-10;9298;11587;1820899;1534571;84.8;71.4
75;2021-08-11;7790;10144;1828689;1544715;85.1;71.9
75;2021-08-12;6940;10597;1835629;1555312;85.4;72.4
75;2021-08-13;6255;8869;1841884;1564181;85.7;72.8
75;2021-08-14;4118;7199;1846002;1571380;85.9;73.1
75;2021-08-15;1031;1936;1847033;1573316;86.0;73.2
75;2021-08-16;6138;14033;1853171;1587349;86.3;73.9
75;2021-08-17;5814;13606;1858985;1600955;86.5;74.5
75;2021-08-18;5082;12012;1864067;1612967;86.8;75.1
75;2021-08-19;4773;12686;1868840;1625653;87.0;75.7
75;2021-08-20;4563;11789;1873403;1637442;87.2;76.2
75;2021-08-21;3187;8812;1876590;1646254;87.4;76.6
75;2021-08-22;997;3163;1877587;1649417;87.4;76.8
75;2021-08-23;4922;15304;1882509;1664721;87.6;77.5
75;2021-08-24;4807;14537;1887316;1679258;87.9;78.2
75;2021-08-25;4528;12335;1891844;1691593;88.1;78.7
75;2021-08-26;4088;10281;1895932;1701874;88.3;79.2
75;2021-08-27;4469;11679;1900401;1713553;88.5;79.8
75;2021-08-28;3074;8307;1903475;1721860;88.6;80.2
75;2021-08-29;754;2020;1904229;1723880;88.6;80.2
75;2021-08-30;4515;14669;1908744;1738549;88.9;80.9
75;2021-08-31;4422;13818;1913166;1752367;89.1;81.6
75;2021-09-01;3991;11413;1917157;1763780;89.2;82.1
75;2021-09-02;3251;9619;1920408;1773399;89.4;82.6
75;2021-09-03;3725;10405;1924133;1783804;89.6;83.0
75;2021-09-04;3564;8921;1927697;1792725;89.7;83.4
75;2021-09-05;704;1716;1928401;1794441;89.8;83.5
75;2021-09-06;2600;8080;1931001;1802521;89.9;83.9
75;2021-09-07;2386;7384;1933387;1809905;90.0;84.2
75;2021-09-08;2605;7338;1935992;1817243;90.1;84.6
75;2021-09-09;2429;6839;1938421;1824082;90.2;84.9
75;2021-09-10;2691;8038;1941112;1832120;90.4;85.3
75;2021-09-11;2367;6974;1943479;1839094;90.5;85.6
75;2021-09-12;504;1197;1943983;1840291;90.5;85.7
75;2021-09-13;2292;6499;1946275;1846790;90.6;86.0
75;2021-09-14;2255;5662;1948530;1852452;90.7;86.2
75;2021-09-15;2276;4646;1950806;1857098;90.8;86.4
75;2021-09-16;1883;3712;1952689;1860810;90.9;86.6
75;2021-09-17;2530;4760;1955219;1865570;91.0;86.8
75;2021-09-18;1559;4679;1956778;1870249;91.1;87.1
75;2021-09-19;284;738;1957062;1870987;91.1;87.1
75;2021-09-20;1696;3644;1958758;1874631;91.2;87.3
75;2021-09-21;1619;3198;1960377;1877829;91.3;87.4
75;2021-09-22;1587;3964;1961964;1881793;91.3;87.6
75;2021-09-23;1421;2847;1963385;1884640;91.4;87.7
75;2021-09-24;1793;4030;1965178;1888670;91.5;87.9
75;2021-09-25;1262;4348;1966440;1893018;91.5;88.1
75;2021-09-26;276;525;1966716;1893543;91.5;88.1
75;2021-09-27;1308;3017;1968024;1896560;91.6;88.3
75;2021-09-28;1401;2468;1969425;1899028;91.7;88.4
75;2021-09-29;1374;2871;1970799;1901899;91.7;88.5
75;2021-09-30;1249;2508;1972048;1904407;91.8;88.6
75;2021-10-01;1507;2670;1973555;1907077;91.9;88.8
75;2021-10-02;1402;2749;1974957;1909826;91.9;88.9
75;2021-10-03;223;426;1975180;1910252;91.9;88.9
75;2021-10-04;1342;2502;1976522;1912754;92.0;89.0
75;2021-10-05;1065;2154;1977587;1914908;92.1;89.1
76;2020-12-27;0;0;0;0;0.0;0.0
76;2020-12-28;1;0;1;0;0.0;0.0
76;2020-12-29;0;0;1;0;0.0;0.0
76;2020-12-30;0;0;1;0;0.0;0.0
76;2020-12-31;0;0;1;0;0.0;0.0
76;2021-01-01;0;0;1;0;0.0;0.0
76;2021-01-02;0;0;1;0;0.0;0.0
76;2021-01-03;0;0;1;0;0.0;0.0
76;2021-01-04;17;0;18;0;0.0;0.0
76;2021-01-05;138;0;156;0;0.0;0.0
76;2021-01-06;682;2;838;2;0.1;0.0
76;2021-01-07;1354;7;2192;9;0.2;0.0
76;2021-01-08;1537;2;3729;11;0.3;0.0
76;2021-01-09;736;2;4465;13;0.4;0.0
76;2021-01-10;492;1;4957;14;0.4;0.0
76;2021-01-11;1358;2;6315;16;0.5;0.0
76;2021-01-12;1358;2;7673;18;0.6;0.0
76;2021-01-13;1187;4;8860;22;0.7;0.0
76;2021-01-14;2178;23;11038;45;0.9;0.0
76;2021-01-15;1910;9;12948;54;1.0;0.0
76;2021-01-16;990;7;13938;61;1.1;0.0
76;2021-01-17;2898;19;16836;80;1.4;0.0
76;2021-01-18;4395;16;21231;96;1.7;0.0
76;2021-01-19;3021;8;24252;104;1.9;0.0
76;2021-01-20;2072;6;26324;110;2.1;0.0
76;2021-01-21;1773;4;28097;114;2.3;0.0
76;2021-01-22;1705;4;29802;118;2.4;0.0
76;2021-01-23;450;2;30252;120;2.4;0.0
76;2021-01-24;99;0;30351;120;2.4;0.0
76;2021-01-25;1476;135;31827;255;2.6;0.0
76;2021-01-26;1394;323;33221;578;2.7;0.0
76;2021-01-27;1341;411;34562;989;2.8;0.1
76;2021-01-28;1286;366;35848;1355;2.9;0.1
76;2021-01-29;1156;429;37004;1784;3.0;0.1
76;2021-01-30;283;274;37287;2058;3.0;0.2
76;2021-01-31;4;91;37291;2149;3.0;0.2
76;2021-02-01;841;738;38132;2887;3.1;0.2
76;2021-02-02;1055;941;39187;3828;3.2;0.3
76;2021-02-03;921;901;40108;4729;3.2;0.4
76;2021-02-04;976;1366;41084;6095;3.3;0.5
76;2021-02-05;975;1036;42059;7131;3.4;0.6
76;2021-02-06;263;770;42322;7901;3.4;0.6
76;2021-02-07;468;1481;42790;9382;3.4;0.8
76;2021-02-08;1924;3328;44714;12710;3.6;1.0
76;2021-02-09;1753;2600;46467;15310;3.7;1.2
76;2021-02-10;1488;1610;47955;16920;3.9;1.4
76;2021-02-11;1680;1297;49635;18217;4.0;1.5
76;2021-02-12;1705;1349;51340;19566;4.1;1.6
76;2021-02-13;230;278;51570;19844;4.1;1.6
76;2021-02-14;9;80;51579;19924;4.1;1.6
76;2021-02-15;552;1337;52131;21261;4.2;1.7
76;2021-02-16;742;1276;52873;22537;4.3;1.8
76;2021-02-17;626;1100;53499;23637;4.3;1.9
76;2021-02-18;780;1050;54279;24687;4.4;2.0
76;2021-02-19;870;1019;55149;25706;4.4;2.1
76;2021-02-20;270;228;55419;25934;4.5;2.1
76;2021-02-21;0;0;55419;25934;4.5;2.1
76;2021-02-22;371;943;55790;26877;4.5;2.2
76;2021-02-23;576;908;56366;27785;4.5;2.2
76;2021-02-24;601;902;56967;28687;4.6;2.3
76;2021-02-25;1665;956;58632;29643;4.7;2.4
76;2021-02-26;2171;817;60803;30460;4.9;2.4
76;2021-02-27;1109;229;61912;30689;5.0;2.5
76;2021-02-28;27;182;61939;30871;5.0;2.5
76;2021-03-01;830;1783;62769;32654;5.0;2.6
76;2021-03-02;1382;1464;64151;34118;5.2;2.7
76;2021-03-03;1942;1163;66093;35281;5.3;2.8
76;2021-03-04;2819;938;68912;36219;5.5;2.9
76;2021-03-05;4183;697;73095;36916;5.9;3.0
76;2021-03-06;3366;155;76461;37071;6.1;3.0
76;2021-03-07;1257;31;77718;37102;6.2;3.0
76;2021-03-08;2102;1101;79820;38203;6.4;3.1
76;2021-03-09;3575;1017;83395;39220;6.7;3.2
76;2021-03-10;3595;954;86990;40174;7.0;3.2
76;2021-03-11;5634;876;92624;41050;7.4;3.3
76;2021-03-12;6829;575;99453;41625;8.0;3.3
76;2021-03-13;4646;148;104099;41773;8.4;3.4
76;2021-03-14;1068;26;105167;41799;8.5;3.4
76;2021-03-15;2919;234;108086;42033;8.7;3.4
76;2021-03-16;2557;393;110643;42426;8.9;3.4
76;2021-03-17;2696;308;113339;42734;9.1;3.4
76;2021-03-18;3003;306;116342;43040;9.4;3.5
76;2021-03-19;4398;429;120740;43469;9.7;3.5
76;2021-03-20;3974;287;124714;43756;10.0;3.5
76;2021-03-21;838;16;125552;43772;10.1;3.5
76;2021-03-22;3992;350;129544;44122;10.4;3.5
76;2021-03-23;5711;355;135255;44477;10.9;3.6
76;2021-03-24;5701;394;140956;44871;11.3;3.6
76;2021-03-25;7505;575;148461;45446;11.9;3.7
76;2021-03-26;8722;591;157183;46037;12.6;3.7
76;2021-03-27;4809;392;161992;46429;13.0;3.7
76;2021-03-28;1021;32;163013;46461;13.1;3.7
76;2021-03-29;5388;817;168401;47278;13.5;3.8
76;2021-03-30;6587;1055;174988;48333;14.1;3.9
76;2021-03-31;6462;1256;181450;49589;14.6;4.0
76;2021-04-01;6785;2012;188235;51601;15.1;4.1
76;2021-04-02;6485;2676;194720;54277;15.7;4.4
76;2021-04-03;2442;1077;197162;55354;15.9;4.5
76;2021-04-04;265;10;197427;55364;15.9;4.5
76;2021-04-05;869;377;198296;55741;15.9;4.5
76;2021-04-06;3556;2780;201852;58521;16.2;4.7
76;2021-04-07;4415;2392;206267;60913;16.6;4.9
76;2021-04-08;5841;2776;212108;63689;17.1;5.1
76;2021-04-09;8803;3070;220911;66759;17.8;5.4
76;2021-04-10;4876;1425;225787;68184;18.2;5.5
76;2021-04-11;814;535;226601;68719;18.2;5.5
76;2021-04-12;4726;2846;231327;71565;18.6;5.8
76;2021-04-13;5925;2853;237252;74418;19.1;6.0
76;2021-04-14;4802;3126;242054;77544;19.5;6.2
76;2021-04-15;5562;3352;247616;80896;19.9;6.5
76;2021-04-16;7355;3440;254971;84336;20.5;6.8
76;2021-04-17;4387;1430;259358;85766;20.9;6.9
76;2021-04-18;339;141;259697;85907;20.9;6.9
76;2021-04-19;3478;3767;263175;89674;21.2;7.2
76;2021-04-20;4344;4276;267519;93950;21.5;7.6
76;2021-04-21;4192;4680;271711;98630;21.8;7.9
76;2021-04-22;4564;5435;276275;104065;22.2;8.4
76;2021-04-23;5444;5970;281719;110035;22.7;8.8
76;2021-04-24;4165;2190;285884;112225;23.0;9.0
76;2021-04-25;894;268;286778;112493;23.1;9.0
76;2021-04-26;4484;4461;291262;116954;23.4;9.4
76;2021-04-27;5000;4982;296262;121936;23.8;9.8
76;2021-04-28;5348;4144;301610;126080;24.2;10.1
76;2021-04-29;6926;4143;308536;130223;24.8;10.5
76;2021-04-30;8219;4606;316755;134829;25.5;10.8
76;2021-05-01;4827;1013;321582;135842;25.9;10.9
76;2021-05-02;1842;265;323424;136107;26.0;10.9
76;2021-05-03;4703;3297;328127;139404;26.4;11.2
76;2021-05-04;4821;4535;332948;143939;26.8;11.6
76;2021-05-05;4783;5167;337731;149106;27.2;12.0
76;2021-05-06;5923;5565;343654;154671;27.6;12.4
76;2021-05-07;6137;6738;349791;161409;28.1;13.0
76;2021-05-08;5056;909;354847;162318;28.5;13.1
76;2021-05-09;2538;234;357385;162552;28.7;13.1
76;2021-05-10;4947;5060;362332;167612;29.1;13.5
76;2021-05-11;6519;5674;368851;173286;29.7;13.9
76;2021-05-12;6263;5081;375114;178367;30.2;14.3
76;2021-05-13;8842;1284;383956;179651;30.9;14.4
76;2021-05-14;10415;4659;394371;184310;31.7;14.8
76;2021-05-15;9118;2457;403489;186767;32.4;15.0
76;2021-05-16;6236;479;409725;187246;32.9;15.1
76;2021-05-17;7226;3272;416951;190518;33.5;15.3
76;2021-05-18;8304;2815;425255;193333;34.2;15.5
76;2021-05-19;8402;3200;433657;196533;34.9;15.8
76;2021-05-20;9650;3425;443307;199958;35.6;16.1
76;2021-05-21;8369;4087;451676;204045;36.3;16.4
76;2021-05-22;7163;2357;458839;206402;36.9;16.6
76;2021-05-23;6388;416;465227;206818;37.4;16.6
76;2021-05-24;6864;1524;472091;208342;38.0;16.8
76;2021-05-25;8024;4084;480115;212426;38.6;17.1
76;2021-05-26;7570;3608;487685;216034;39.2;17.4
76;2021-05-27;8340;4694;496025;220728;39.9;17.7
76;2021-05-28;8231;6537;504256;227265;40.5;18.3
76;2021-05-29;6225;3511;510481;230776;41.0;18.6
76;2021-05-30;3149;431;513630;231207;41.3;18.6
76;2021-05-31;8166;3951;521796;235158;42.0;18.9
76;2021-06-01;9209;5018;531005;240176;42.7;19.3
76;2021-06-02;7929;4442;538934;244618;43.3;19.7
76;2021-06-03;9540;5392;548474;250010;44.1;20.1
76;2021-06-04;9240;6663;557714;256673;44.8;20.6
76;2021-06-05;6285;3800;563999;260473;45.3;20.9
76;2021-06-06;2556;650;566555;261123;45.6;21.0
76;2021-06-07;6978;5444;573533;266567;46.1;21.4
76;2021-06-08;8661;6266;582194;272833;46.8;21.9
76;2021-06-09;7210;6072;589404;278905;47.4;22.4
76;2021-06-10;7999;6557;597403;285462;48.0;23.0
76;2021-06-11;7575;8229;604978;293691;48.6;23.6
76;2021-06-12;7166;5876;612144;299567;49.2;24.1
76;2021-06-13;2962;1295;615106;300862;49.5;24.2
76;2021-06-14;6486;6719;621592;307581;50.0;24.7
76;2021-06-15;6300;7471;627892;315052;50.5;25.3
76;2021-06-16;6651;7483;634543;322535;51.0;25.9
76;2021-06-17;7011;7751;641554;330286;51.6;26.6
76;2021-06-18;7687;9225;649241;339511;52.2;27.3
76;2021-06-19;5987;6256;655228;345767;52.7;27.8
76;2021-06-20;2809;1818;658037;347585;52.9;27.9
76;2021-06-21;5589;8176;663626;355761;53.4;28.6
76;2021-06-22;4923;9866;668549;365627;53.8;29.4
76;2021-06-23;4727;9433;673276;375060;54.1;30.2
76;2021-06-24;4796;9913;678072;384973;54.5;31.0
76;2021-06-25;5219;11579;683291;396552;54.9;31.9
76;2021-06-26;3454;7874;686745;404426;55.2;32.5
76;2021-06-27;1367;5162;688112;409588;55.3;32.9
76;2021-06-28;3612;9947;691724;419535;55.6;33.7
76;2021-06-29;3873;10219;695597;429754;55.9;34.6
76;2021-06-30;4267;9836;699864;439590;56.3;35.3
76;2021-07-01;4596;9906;704460;449496;56.6;36.1
76;2021-07-02;4368;12004;708828;461500;57.0;37.1
76;2021-07-03;3584;8447;712412;469947;57.3;37.8
76;2021-07-04;1487;5305;713899;475252;57.4;38.2
76;2021-07-05;3956;9331;717855;484583;57.7;39.0
76;2021-07-06;4056;10074;721911;494657;58.0;39.8
76;2021-07-07;4012;9322;725923;503979;58.4;40.5
76;2021-07-08;4465;9457;730388;513436;58.7;41.3
76;2021-07-09;4364;12409;734752;525845;59.1;42.3
76;2021-07-10;3138;8548;737890;534393;59.3;43.0
76;2021-07-11;1777;2821;739667;537214;59.5;43.2
76;2021-07-12;3155;11148;742822;548362;59.7;44.1
76;2021-07-13;4934;12260;747756;560622;60.1;45.1
76;2021-07-14;4803;5547;752559;566169;60.5;45.5
76;2021-07-15;5911;11786;758470;577955;61.0;46.5
76;2021-07-16;6720;12007;765190;589962;61.5;47.4
76;2021-07-17;5277;8708;770467;598670;61.9;48.1
76;2021-07-18;2257;3357;772724;602027;62.1;48.4
76;2021-07-19;5160;11147;777884;613174;62.5;49.3
76;2021-07-20;6276;11617;784160;624791;63.0;50.2
76;2021-07-21;6342;10565;790502;635356;63.6;51.1
76;2021-07-22;8240;9651;798742;645007;64.2;51.9
76;2021-07-23;7644;11998;806386;657005;64.8;52.8
76;2021-07-24;4992;7716;811378;664721;65.2;53.4
76;2021-07-25;2873;3139;814251;667860;65.5;53.7
76;2021-07-26;5433;10144;819684;678004;65.9;54.5
76;2021-07-27;8337;9551;828021;687555;66.6;55.3
76;2021-07-28;8270;7824;836291;695379;67.2;55.9
76;2021-07-29;9589;6991;845880;702370;68.0;56.5
76;2021-07-30;8012;7847;853892;710217;68.7;57.1
76;2021-07-31;6614;5333;860506;715550;69.2;57.5
76;2021-08-01;3863;2085;864369;717635;69.5;57.7
76;2021-08-02;6562;7099;870931;724734;70.0;58.3
76;2021-08-03;7972;6359;878903;731093;70.7;58.8
76;2021-08-04;7258;5841;886161;736934;71.2;59.2
76;2021-08-05;8099;5727;894260;742661;71.9;59.7
76;2021-08-06;6810;6875;901070;749536;72.4;60.3
76;2021-08-07;4792;4384;905862;753920;72.8;60.6
76;2021-08-08;2409;2157;908271;756077;73.0;60.8
76;2021-08-09;5637;6738;913908;762815;73.5;61.3
76;2021-08-10;6351;6555;920259;769370;74.0;61.9
76;2021-08-11;6451;5495;926710;774865;74.5;62.3
76;2021-08-12;6045;6061;932755;780926;75.0;62.8
76;2021-08-13;5058;6207;937813;787133;75.4;63.3
76;2021-08-14;3839;4599;941652;791732;75.7;63.7
76;2021-08-15;1578;2357;943230;794089;75.8;63.8
76;2021-08-16;3666;6718;946896;800807;76.1;64.4
76;2021-08-17;3919;6947;950815;807754;76.4;64.9
76;2021-08-18;3747;6736;954562;814490;76.7;65.5
76;2021-08-19;3390;7171;957952;821661;77.0;66.1
76;2021-08-20;3433;7831;961385;829492;77.3;66.7
76;2021-08-21;1823;4220;963208;833712;77.4;67.0
76;2021-08-22;871;3295;964079;837007;77.5;67.3
76;2021-08-23;2624;7760;966703;844767;77.7;67.9
76;2021-08-24;2824;7591;969527;852358;77.9;68.5
76;2021-08-25;2629;7079;972156;859437;78.2;69.1
76;2021-08-26;2075;5800;974231;865237;78.3;69.6
76;2021-08-27;2697;7951;976928;873188;78.5;70.2
76;2021-08-28;2137;6063;979065;879251;78.7;70.7
76;2021-08-29;698;3013;979763;882264;78.8;70.9
76;2021-08-30;2167;7447;981930;889711;78.9;71.5
76;2021-08-31;1944;7336;983874;897047;79.1;72.1
76;2021-09-01;1726;6892;985600;903939;79.2;72.7
76;2021-09-02;1306;4993;986906;908932;79.3;73.1
76;2021-09-03;1593;7210;988499;916142;79.5;73.7
76;2021-09-04;1617;6345;990116;922487;79.6;74.2
76;2021-09-05;636;1948;990752;924435;79.7;74.3
76;2021-09-06;1346;5067;992098;929502;79.8;74.7
76;2021-09-07;1165;4405;993263;933907;79.9;75.1
76;2021-09-08;1276;5082;994539;938989;80.0;75.5
76;2021-09-09;1092;3579;995631;942568;80.0;75.8
76;2021-09-10;1700;4837;997331;947405;80.2;76.2
76;2021-09-11;1167;3608;998498;951013;80.3;76.5
76;2021-09-12;286;893;998784;951906;80.3;76.5
76;2021-09-13;827;3186;999611;955092;80.4;76.8
76;2021-09-14;1377;3680;1000988;958772;80.5;77.1
76;2021-09-15;1168;3268;1002156;962040;80.6;77.3
76;2021-09-16;1268;1954;1003424;963994;80.7;77.5
76;2021-09-17;1403;2897;1004827;966891;80.8;77.7
76;2021-09-18;733;2510;1005560;969401;80.8;77.9
76;2021-09-19;195;777;1005755;970178;80.9;78.0
76;2021-09-20;841;1810;1006596;971988;80.9;78.1
76;2021-09-21;765;1596;1007361;973584;81.0;78.3
76;2021-09-22;676;2296;1008037;975880;81.0;78.5
76;2021-09-23;754;1169;1008791;977049;81.1;78.6
76;2021-09-24;1060;2042;1009851;979091;81.2;78.7
76;2021-09-25;574;2130;1010425;981221;81.2;78.9
76;2021-09-26;125;416;1010550;981637;81.2;78.9
76;2021-09-27;627;1347;1011177;982984;81.3;79.0
76;2021-09-28;505;1123;1011682;984107;81.3;79.1
76;2021-09-29;786;1588;1012468;985695;81.4;79.2
76;2021-09-30;423;881;1012891;986576;81.4;79.3
76;2021-10-01;856;1700;1013747;988276;81.5;79.5
76;2021-10-02;584;1306;1014331;989582;81.6;79.6
76;2021-10-03;129;386;1014460;989968;81.6;79.6
76;2021-10-04;594;1139;1015054;991107;81.6;79.7
76;2021-10-05;478;1018;1015532;992125;81.6;79.8
77;2020-12-27;1;0;1;0;0.0;0.0
77;2020-12-28;2;0;3;0;0.0;0.0
77;2020-12-29;0;0;3;0;0.0;0.0
77;2020-12-30;0;0;3;0;0.0;0.0
77;2020-12-31;0;0;3;0;0.0;0.0
77;2021-01-01;4;0;7;0;0.0;0.0
77;2021-01-02;2;0;9;0;0.0;0.0
77;2021-01-03;0;0;9;0;0.0;0.0
77;2021-01-04;7;0;16;0;0.0;0.0
77;2021-01-05;199;0;215;0;0.0;0.0
77;2021-01-06;237;2;452;2;0.0;0.0
77;2021-01-07;521;4;973;6;0.1;0.0
77;2021-01-08;621;0;1594;6;0.1;0.0
77;2021-01-09;273;1;1867;7;0.1;0.0
77;2021-01-10;235;2;2102;9;0.1;0.0
77;2021-01-11;782;3;2884;12;0.2;0.0
77;2021-01-12;884;1;3768;13;0.3;0.0
77;2021-01-13;941;1;4709;14;0.3;0.0
77;2021-01-14;849;7;5558;21;0.4;0.0
77;2021-01-15;859;10;6417;31;0.5;0.0
77;2021-01-16;168;1;6585;32;0.5;0.0
77;2021-01-17;132;2;6717;34;0.5;0.0
77;2021-01-18;1195;4;7912;38;0.6;0.0
77;2021-01-19;1722;13;9634;51;0.7;0.0
77;2021-01-20;2540;9;12174;60;0.9;0.0
77;2021-01-21;2062;25;14236;85;1.0;0.0
77;2021-01-22;1148;7;15384;92;1.1;0.0
77;2021-01-23;350;0;15734;92;1.1;0.0
77;2021-01-24;45;0;15779;92;1.1;0.0
77;2021-01-25;940;22;16719;114;1.2;0.0
77;2021-01-26;1715;24;18434;138;1.3;0.0
77;2021-01-27;1364;23;19798;161;1.4;0.0
77;2021-01-28;1699;89;21497;250;1.5;0.0
77;2021-01-29;1289;139;22786;389;1.6;0.0
77;2021-01-30;211;2;22997;391;1.6;0.0
77;2021-01-31;1;0;22998;391;1.6;0.0
77;2021-02-01;570;191;23568;582;1.7;0.0
77;2021-02-02;871;243;24439;825;1.7;0.1
77;2021-02-03;795;490;25234;1315;1.8;0.1
77;2021-02-04;789;758;26023;2073;1.8;0.1
77;2021-02-05;857;765;26880;2838;1.9;0.2
77;2021-02-06;165;95;27045;2933;1.9;0.2
77;2021-02-07;17;87;27062;3020;1.9;0.2
77;2021-02-08;498;826;27560;3846;1.9;0.3
77;2021-02-09;590;1351;28150;5197;2.0;0.4
77;2021-02-10;1030;1673;29180;6870;2.0;0.5
77;2021-02-11;1060;1504;30240;8374;2.1;0.6
77;2021-02-12;1098;1036;31338;9410;2.2;0.7
77;2021-02-13;189;167;31527;9577;2.2;0.7
77;2021-02-14;12;56;31539;9633;2.2;0.7
77;2021-02-15;555;723;32094;10356;2.3;0.7
77;2021-02-16;598;1176;32692;11532;2.3;0.8
77;2021-02-17;515;962;33207;12494;2.3;0.9
77;2021-02-18;839;1344;34046;13838;2.4;1.0
77;2021-02-19;776;904;34822;14742;2.4;1.0
77;2021-02-20;55;131;34877;14873;2.4;1.0
77;2021-02-21;7;31;34884;14904;2.5;1.0
77;2021-02-22;303;540;35187;15444;2.5;1.1
77;2021-02-23;360;817;35547;16261;2.5;1.1
77;2021-02-24;513;657;36060;16918;2.5;1.2
77;2021-02-25;794;737;36854;17655;2.6;1.2
77;2021-02-26;840;661;37694;18316;2.6;1.3
77;2021-02-27;459;119;38153;18435;2.7;1.3
77;2021-02-28;33;5;38186;18440;2.7;1.3
77;2021-03-01;679;575;38865;19015;2.7;1.3
77;2021-03-02;1091;871;39956;19886;2.8;1.4
77;2021-03-03;1958;1039;41914;20925;2.9;1.5
77;2021-03-04;2795;995;44709;21920;3.1;1.5
77;2021-03-05;3374;906;48083;22826;3.4;1.6
77;2021-03-06;4827;248;52910;23074;3.7;1.6
77;2021-03-07;3194;111;56104;23185;3.9;1.6
77;2021-03-08;1230;461;57334;23646;4.0;1.7
77;2021-03-09;2508;569;59842;24215;4.2;1.7
77;2021-03-10;2397;529;62239;24744;4.4;1.7
77;2021-03-11;3502;747;65741;25491;4.6;1.8
77;2021-03-12;3890;655;69631;26146;4.9;1.8
77;2021-03-13;4478;199;74109;26345;5.2;1.9
77;2021-03-14;2153;111;76262;26456;5.4;1.9
77;2021-03-15;2511;269;78773;26725;5.5;1.9
77;2021-03-16;2444;371;81217;27096;5.7;1.9
77;2021-03-17;2554;418;83771;27514;5.9;1.9
77;2021-03-18;3011;387;86782;27901;6.1;2.0
77;2021-03-19;3358;427;90140;28328;6.3;2.0
77;2021-03-20;1967;77;92107;28405;6.5;2.0
77;2021-03-21;243;14;92350;28419;6.5;2.0
77;2021-03-22;3019;393;95369;28812;6.7;2.0
77;2021-03-23;4520;522;99889;29334;7.0;2.1
77;2021-03-24;4156;612;104045;29946;7.3;2.1
77;2021-03-25;5907;400;109952;30346;7.7;2.1
77;2021-03-26;6267;450;116219;30796;8.2;2.2
77;2021-03-27;3323;123;119542;30919;8.4;2.2
77;2021-03-28;1730;49;121272;30968;8.5;2.2
77;2021-03-29;2654;684;123926;31652;8.7;2.2
77;2021-03-30;3995;1179;127921;32831;9.0;2.3
77;2021-03-31;3755;1218;131676;34049;9.2;2.4
77;2021-04-01;4141;1797;135817;35846;9.5;2.5
77;2021-04-02;3992;2008;139809;37854;9.8;2.7
77;2021-04-03;1743;2271;141552;40125;9.9;2.8
77;2021-04-04;421;1424;141973;41549;10.0;2.9
77;2021-04-05;161;163;142134;41712;10.0;2.9
77;2021-04-06;2723;1923;144857;43635;10.2;3.1
77;2021-04-07;3320;2085;148177;45720;10.4;3.2
77;2021-04-08;4532;2363;152709;48083;10.7;3.4
77;2021-04-09;4854;2086;157563;50169;11.1;3.5
77;2021-04-10;3074;2750;160637;52919;11.3;3.7
77;2021-04-11;586;717;161223;53636;11.3;3.8
77;2021-04-12;2230;1820;163453;55456;11.5;3.9
77;2021-04-13;3359;2634;166812;58090;11.7;4.1
77;2021-04-14;2519;2651;169331;60741;11.9;4.3
77;2021-04-15;3319;3114;172650;63855;12.1;4.5
77;2021-04-16;3575;2718;176225;66573;12.4;4.7
77;2021-04-17;1386;477;177611;67050;12.5;4.7
77;2021-04-18;150;11;177761;67061;12.5;4.7
77;2021-04-19;2083;2512;179844;69573;12.6;4.9
77;2021-04-20;2572;3379;182416;72952;12.8;5.1
77;2021-04-21;2194;3472;184610;76424;13.0;5.4
77;2021-04-22;3002;3855;187612;80279;13.2;5.6
77;2021-04-23;3531;3634;191143;83913;13.4;5.9
77;2021-04-24;4899;2498;196042;86411;13.8;6.1
77;2021-04-25;4078;1239;200120;87650;14.1;6.2
77;2021-04-26;3224;2040;203344;89690;14.3;6.3
77;2021-04-27;3996;2506;207340;92196;14.6;6.5
77;2021-04-28;4067;2606;211407;94802;14.9;6.7
77;2021-04-29;4482;3063;215889;97865;15.2;6.9
77;2021-04-30;4911;3327;220800;101192;15.5;7.1
77;2021-05-01;2465;593;223265;101785;15.7;7.1
77;2021-05-02;3141;276;226406;102061;15.9;7.2
77;2021-05-03;5991;2070;232397;104131;16.3;7.3
77;2021-05-04;6437;2990;238834;107121;16.8;7.5
77;2021-05-05;6018;3022;244852;110143;17.2;7.7
77;2021-05-06;6886;3590;251738;113733;17.7;8.0
77;2021-05-07;8204;3257;259942;116990;18.3;8.2
77;2021-05-08;5718;810;265660;117800;18.7;8.3
77;2021-05-09;4904;482;270564;118282;19.0;8.3
77;2021-05-10;8086;2327;278650;120609;19.6;8.5
77;2021-05-11;9577;2911;288227;123520;20.2;8.7
77;2021-05-12;8977;2277;297204;125797;20.9;8.8
77;2021-05-13;9302;879;306506;126676;21.5;8.9
77;2021-05-14;10437;1668;316943;128344;22.3;9.0
77;2021-05-15;8991;1247;325934;129591;22.9;9.1
77;2021-05-16;5152;470;331086;130061;23.3;9.1
77;2021-05-17;10371;1477;341457;131538;24.0;9.2
77;2021-05-18;11786;1803;353243;133341;24.8;9.4
77;2021-05-19;10917;1600;364160;134941;25.6;9.5
77;2021-05-20;12215;2155;376375;137096;26.4;9.6
77;2021-05-21;11652;2695;388027;139791;27.3;9.8
77;2021-05-22;9817;1737;397844;141528;27.9;9.9
77;2021-05-23;6978;815;404822;142343;28.4;10.0
77;2021-05-24;6762;778;411584;143121;28.9;10.1
77;2021-05-25;8315;2817;419899;145938;29.5;10.3
77;2021-05-26;7561;2978;427460;148916;30.0;10.5
77;2021-05-27;7552;3968;435012;152884;30.6;10.7
77;2021-05-28;7633;3996;442645;156880;31.1;11.0
77;2021-05-29;7353;2319;449998;159199;31.6;11.2
77;2021-05-30;4355;891;454353;160090;31.9;11.2
77;2021-05-31;8382;3833;462735;163923;32.5;11.5
77;2021-06-01;9645;4373;472380;168296;33.2;11.8
77;2021-06-02;9005;3928;481385;172224;33.8;12.1
77;2021-06-03;9001;5258;490386;177482;34.4;12.5
77;2021-06-04;9114;5491;499500;182973;35.1;12.9
77;2021-06-05;6660;4982;506160;187955;35.6;13.2
77;2021-06-06;4909;3210;511069;191165;35.9;13.4
77;2021-06-07;6421;4535;517490;195700;36.4;13.7
77;2021-06-08;5726;5223;523216;200923;36.8;14.1
77;2021-06-09;5059;4956;528275;205879;37.1;14.5
77;2021-06-10;5014;5455;533289;211334;37.5;14.8
77;2021-06-11;5752;6025;539041;217359;37.9;15.3
77;2021-06-12;6543;4752;545584;222111;38.3;15.6
77;2021-06-13;3507;3053;549091;225164;38.6;15.8
77;2021-06-14;3218;7932;552309;233096;38.8;16.4
77;2021-06-15;4127;8477;556436;241573;39.1;17.0
77;2021-06-16;4804;8378;561240;249951;39.4;17.6
77;2021-06-17;4467;9022;565707;258973;39.7;18.2
77;2021-06-18;4364;9786;570071;268759;40.0;18.9
77;2021-06-19;5305;6931;575376;275690;40.4;19.4
77;2021-06-20;2096;3801;577472;279491;40.6;19.6
77;2021-06-21;3227;9579;580699;289070;40.8;20.3
77;2021-06-22;3665;11371;584364;300441;41.0;21.1
77;2021-06-23;3443;10050;587807;310491;41.3;21.8
77;2021-06-24;3359;10911;591166;321402;41.5;22.6
77;2021-06-25;3623;10799;594789;332201;41.8;23.3
77;2021-06-26;4085;10070;598874;342271;42.1;24.0
77;2021-06-27;2123;6427;600997;348698;42.2;24.5
77;2021-06-28;2796;10830;603793;359528;42.4;25.3
77;2021-06-29;3415;12524;607208;372052;42.7;26.1
77;2021-06-30;3290;11450;610498;383502;42.9;26.9
77;2021-07-01;3296;11649;613794;395151;43.1;27.8
77;2021-07-02;3463;12254;617257;407405;43.4;28.6
77;2021-07-03;3182;10801;620439;418206;43.6;29.4
77;2021-07-04;1996;6490;622435;424696;43.7;29.8
77;2021-07-05;3584;9541;626019;434237;44.0;30.5
77;2021-07-06;3736;9525;629755;443762;44.2;31.2
77;2021-07-07;4051;8950;633806;452712;44.5;31.8
77;2021-07-08;3934;8760;637740;461472;44.8;32.4
77;2021-07-09;4712;10340;642452;471812;45.1;33.1
77;2021-07-10;4043;9841;646495;481653;45.4;33.8
77;2021-07-11;3090;5093;649585;486746;45.6;34.2
77;2021-07-12;3285;10871;652870;497617;45.9;35.0
77;2021-07-13;6161;12036;659031;509653;46.3;35.8
77;2021-07-14;3602;6447;662633;516100;46.5;36.3
77;2021-07-15;7189;11973;669822;528073;47.1;37.1
77;2021-07-16;7824;9891;677646;537964;47.6;37.8
77;2021-07-17;5792;9464;683438;547428;48.0;38.5
77;2021-07-18;4137;5330;687575;552758;48.3;38.8
77;2021-07-19;7516;8955;695091;561713;48.8;39.5
77;2021-07-20;9666;8042;704757;569755;49.5;40.0
77;2021-07-21;9524;7482;714281;577237;50.2;40.5
77;2021-07-22;10560;7552;724841;584789;50.9;41.1
77;2021-07-23;9877;8207;734718;592996;51.6;41.7
77;2021-07-24;7215;7877;741933;600873;52.1;42.2
77;2021-07-25;5898;4036;747831;604909;52.5;42.5
77;2021-07-26;9210;5968;757041;610877;53.2;42.9
77;2021-07-27;10953;6047;767994;616924;53.9;43.3
77;2021-07-28;9491;6427;777485;623351;54.6;43.8
77;2021-07-29;9538;5513;787023;628864;55.3;44.2
77;2021-07-30;9744;6368;796767;635232;56.0;44.6
77;2021-07-31;7264;6632;804031;641864;56.5;45.1
77;2021-08-01;2953;1216;806984;643080;56.7;45.2
77;2021-08-02;7134;5733;814118;648813;57.2;45.6
77;2021-08-03;5855;4526;819973;653339;57.6;45.9
77;2021-08-04;4740;4388;824713;657727;57.9;46.2
77;2021-08-05;3260;2973;827973;660700;58.2;46.4
77;2021-08-06;5981;5262;833954;665962;58.6;46.8
77;2021-08-07;5294;6793;839248;672755;59.0;47.3
77;2021-08-08;1976;1863;841224;674618;59.1;47.4
77;2021-08-09;5091;6582;846315;681200;59.4;47.9
77;2021-08-10;2713;3580;849028;684780;59.6;48.1
77;2021-08-11;3143;6241;852171;691021;59.9;48.5
77;2021-08-12;2281;3576;854452;694597;60.0;48.8
77;2021-08-13;2736;4896;857188;699493;60.2;49.1
77;2021-08-14;2958;7331;860146;706824;60.4;49.7
77;2021-08-15;789;773;860935;707597;60.5;49.7
77;2021-08-16;2478;6986;863413;714583;60.6;50.2
77;2021-08-17;2896;7215;866309;721798;60.9;50.7
77;2021-08-18;2685;6563;868994;728361;61.0;51.2
77;2021-08-19;2653;5105;871647;733466;61.2;51.5
77;2021-08-20;2710;5686;874357;739152;61.4;51.9
77;2021-08-21;2716;7339;877073;746491;61.6;52.4
77;2021-08-22;1735;5344;878808;751835;61.7;52.8
77;2021-08-23;2513;9618;881321;761453;61.9;53.5
77;2021-08-24;3068;9244;884389;770697;62.1;54.1
77;2021-08-25;2564;6538;886953;777235;62.3;54.6
77;2021-08-26;2559;6255;889512;783490;62.5;55.0
77;2021-08-27;2781;6996;892293;790486;62.7;55.5
77;2021-08-28;1974;7250;894267;797736;62.8;56.0
77;2021-08-29;1482;5151;895749;802887;62.9;56.4
77;2021-08-30;2526;8152;898275;811039;63.1;57.0
77;2021-08-31;2851;5736;901126;816775;63.3;57.4
77;2021-09-01;2259;3852;903385;820627;63.5;57.6
77;2021-09-02;1611;3148;904996;823775;63.6;57.9
77;2021-09-03;2136;4561;907132;828336;63.7;58.2
77;2021-09-04;2420;5778;909552;834114;63.9;58.6
77;2021-09-05;901;1557;910453;835671;64.0;58.7
77;2021-09-06;1063;2318;911516;837989;64.0;58.9
77;2021-09-07;844;2291;912360;840280;64.1;59.0
77;2021-09-08;1714;3581;914074;843861;64.2;59.3
77;2021-09-09;975;2211;915049;846072;64.3;59.4
77;2021-09-10;1193;2567;916242;848639;64.4;59.6
77;2021-09-11;2040;5706;918282;854345;64.5;60.0
77;2021-09-12;521;1425;918803;855770;64.5;60.1
77;2021-09-13;881;2313;919684;858083;64.6;60.3
77;2021-09-14;1021;2155;920705;860238;64.7;60.4
77;2021-09-15;1172;2527;921877;862765;64.8;60.6
77;2021-09-16;953;1499;922830;864264;64.8;60.7
77;2021-09-17;1150;2019;923980;866283;64.9;60.9
77;2021-09-18;1296;3580;925276;869863;65.0;61.1
77;2021-09-19;232;1182;925508;871045;65.0;61.2
77;2021-09-20;822;1625;926330;872670;65.1;61.3
77;2021-09-21;794;1500;927124;874170;65.1;61.4
77;2021-09-22;751;2483;927875;876653;65.2;61.6
77;2021-09-23;568;1508;928443;878161;65.2;61.7
77;2021-09-24;806;1942;929249;880103;65.3;61.8
77;2021-09-25;1002;3955;930251;884058;65.3;62.1
77;2021-09-26;205;758;930456;884816;65.4;62.2
77;2021-09-27;646;1309;931102;886125;65.4;62.2
77;2021-09-28;773;844;931875;886969;65.5;62.3
77;2021-09-29;936;1972;932811;888941;65.5;62.4
77;2021-09-30;586;935;933397;889876;65.6;62.5
77;2021-10-01;623;1022;934020;890898;65.6;62.6
77;2021-10-02;948;2096;934968;892994;65.7;62.7
77;2021-10-03;128;469;935096;893463;65.7;62.8
77;2021-10-04;410;718;935506;894181;65.7;62.8
77;2021-10-05;326;728;935832;894909;65.7;62.9
78;2020-12-27;2;0;2;0;0.0;0.0
78;2020-12-28;1;1;3;1;0.0;0.0
78;2020-12-29;0;0;3;1;0.0;0.0
78;2020-12-30;1;0;4;1;0.0;0.0
78;2020-12-31;15;0;19;1;0.0;0.0
78;2021-01-01;1;0;20;1;0.0;0.0
78;2021-01-02;1;0;21;1;0.0;0.0
78;2021-01-03;3;0;24;1;0.0;0.0
78;2021-01-04;145;3;169;4;0.0;0.0
78;2021-01-05;175;1;344;5;0.0;0.0
78;2021-01-06;208;3;552;8;0.0;0.0
78;2021-01-07;470;2;1022;10;0.1;0.0
78;2021-01-08;651;3;1673;13;0.1;0.0
78;2021-01-09;22;0;1695;13;0.1;0.0
78;2021-01-10;2;0;1697;13;0.1;0.0
78;2021-01-11;791;3;2488;16;0.2;0.0
78;2021-01-12;945;5;3433;21;0.2;0.0
78;2021-01-13;741;8;4174;29;0.3;0.0
78;2021-01-14;812;9;4986;38;0.3;0.0
78;2021-01-15;848;10;5834;48;0.4;0.0
78;2021-01-16;32;0;5866;48;0.4;0.0
78;2021-01-17;0;0;5866;48;0.4;0.0
78;2021-01-18;1384;21;7250;69;0.5;0.0
78;2021-01-19;1841;28;9091;97;0.6;0.0
78;2021-01-20;1651;15;10742;112;0.7;0.0
78;2021-01-21;3259;16;14001;128;1.0;0.0
78;2021-01-22;2216;17;16217;145;1.1;0.0
78;2021-01-23;280;0;16497;145;1.1;0.0
78;2021-01-24;5;0;16502;145;1.1;0.0
78;2021-01-25;957;26;17459;171;1.2;0.0
78;2021-01-26;1560;19;19019;190;1.3;0.0
78;2021-01-27;2063;38;21082;228;1.5;0.0
78;2021-01-28;2439;89;23521;317;1.6;0.0
78;2021-01-29;1492;57;25013;374;1.7;0.0
78;2021-01-30;210;2;25223;376;1.7;0.0
78;2021-01-31;3;0;25226;376;1.7;0.0
78;2021-02-01;788;210;26014;586;1.8;0.0
78;2021-02-02;967;318;26981;904;1.9;0.1
78;2021-02-03;975;217;27956;1121;1.9;0.1
78;2021-02-04;1117;414;29073;1535;2.0;0.1
78;2021-02-05;1191;447;30264;1982;2.1;0.1
78;2021-02-06;200;44;30464;2026;2.1;0.1
78;2021-02-07;139;13;30603;2039;2.1;0.1
78;2021-02-08;760;538;31363;2577;2.2;0.2
78;2021-02-09;1121;860;32484;3437;2.2;0.2
78;2021-02-10;1245;1067;33729;4504;2.3;0.3
78;2021-02-11;1820;1680;35549;6184;2.5;0.4
78;2021-02-12;1820;1242;37369;7426;2.6;0.5
78;2021-02-13;173;63;37542;7489;2.6;0.5
78;2021-02-14;27;23;37569;7512;2.6;0.5
78;2021-02-15;448;1131;38017;8643;2.6;0.6
78;2021-02-16;628;1298;38645;9941;2.7;0.7
78;2021-02-17;588;1926;39233;11867;2.7;0.8
78;2021-02-18;998;1911;40231;13778;2.8;1.0
78;2021-02-19;820;1441;41051;15219;2.8;1.1
78;2021-02-20;148;102;41199;15321;2.8;1.1
78;2021-02-21;0;12;41199;15333;2.8;1.1
78;2021-02-22;502;809;41701;16142;2.9;1.1
78;2021-02-23;540;895;42241;17037;2.9;1.2
78;2021-02-24;619;1031;42860;18068;3.0;1.2
78;2021-02-25;867;916;43727;18984;3.0;1.3
78;2021-02-26;1131;1016;44858;20000;3.1;1.4
78;2021-02-27;740;115;45598;20115;3.1;1.4
78;2021-02-28;68;18;45666;20133;3.2;1.4
78;2021-03-01;966;702;46632;20835;3.2;1.4
78;2021-03-02;1727;885;48359;21720;3.3;1.5
78;2021-03-03;1967;1053;50326;22773;3.5;1.6
78;2021-03-04;2952;1413;53278;24186;3.7;1.7
78;2021-03-05;3256;1470;56534;25656;3.9;1.8
78;2021-03-06;6243;285;62777;25941;4.3;1.8
78;2021-03-07;3444;104;66221;26045;4.6;1.8
78;2021-03-08;1462;669;67683;26714;4.7;1.8
78;2021-03-09;2940;832;70623;27546;4.9;1.9
78;2021-03-10;3081;1034;73704;28580;5.1;2.0
78;2021-03-11;4177;1237;77881;29817;5.4;2.1
78;2021-03-12;5371;1285;83252;31102;5.7;2.1
78;2021-03-13;4657;199;87909;31301;6.1;2.2
78;2021-03-14;1037;41;88946;31342;6.1;2.2
78;2021-03-15;3620;266;92566;31608;6.4;2.2
78;2021-03-16;2567;561;95133;32169;6.6;2.2
78;2021-03-17;2969;435;98102;32604;6.8;2.3
78;2021-03-18;3780;443;101882;33047;7.0;2.3
78;2021-03-19;5317;484;107199;33531;7.4;2.3
78;2021-03-20;2260;130;109459;33661;7.6;2.3
78;2021-03-21;167;7;109626;33668;7.6;2.3
78;2021-03-22;3530;378;113156;34046;7.8;2.4
78;2021-03-23;5231;538;118387;34584;8.2;2.4
78;2021-03-24;4892;551;123279;35135;8.5;2.4
78;2021-03-25;6940;565;130219;35700;9.0;2.5
78;2021-03-26;6944;708;137163;36408;9.5;2.5
78;2021-03-27;3746;198;140909;36606;9.7;2.5
78;2021-03-28;1918;55;142827;36661;9.9;2.5
78;2021-03-29;3863;758;146690;37419;10.1;2.6
78;2021-03-30;5526;1049;152216;38468;10.5;2.7
78;2021-03-31;5334;1288;157550;39756;10.9;2.7
78;2021-04-01;5590;2348;163140;42104;11.3;2.9
78;2021-04-02;5194;2622;168334;44726;11.6;3.1
78;2021-04-03;2198;2560;170532;47286;11.8;3.3
78;2021-04-04;174;14;170706;47300;11.8;3.3
78;2021-04-05;199;19;170905;47319;11.8;3.3
78;2021-04-06;3618;2299;174523;49618;12.0;3.4
78;2021-04-07;4357;2583;178880;52201;12.3;3.6
78;2021-04-08;5525;2669;184405;54870;12.7;3.8
78;2021-04-09;6907;2441;191312;57311;13.2;4.0
78;2021-04-10;3995;1903;195307;59214;13.5;4.1
78;2021-04-11;374;606;195681;59820;13.5;4.1
78;2021-04-12;3531;2356;199212;62176;13.8;4.3
78;2021-04-13;5461;2500;204673;64676;14.1;4.5
78;2021-04-14;4954;3382;209627;68058;14.5;4.7
78;2021-04-15;4616;3852;214243;71910;14.8;5.0
78;2021-04-16;5625;4016;219868;75926;15.2;5.2
78;2021-04-17;3610;718;223478;76644;15.4;5.3
78;2021-04-18;272;42;223750;76686;15.4;5.3
78;2021-04-19;3246;2812;226996;79498;15.7;5.5
78;2021-04-20;4709;3682;231705;83180;16.0;5.7
78;2021-04-21;4533;3502;236238;86682;16.3;6.0
78;2021-04-22;4566;4693;240804;91375;16.6;6.3
78;2021-04-23;5059;4429;245863;95804;17.0;6.6
78;2021-04-24;4865;2614;250728;98418;17.3;6.8
78;2021-04-25;3049;1732;253777;100150;17.5;6.9
78;2021-04-26;4768;3317;258545;103467;17.8;7.1
78;2021-04-27;5474;4295;264019;107762;18.2;7.4
78;2021-04-28;5649;4773;269668;112535;18.6;7.8
78;2021-04-29;6263;4056;275931;116591;19.0;8.0
78;2021-04-30;7207;4445;283138;121036;19.5;8.4
78;2021-05-01;612;254;283750;121290;19.6;8.4
78;2021-05-02;2009;164;285759;121454;19.7;8.4
78;2021-05-03;7465;1272;293224;122726;20.2;8.5
78;2021-05-04;6076;3968;299300;126694;20.7;8.7
78;2021-05-05;7296;4545;306596;131239;21.2;9.1
78;2021-05-06;6480;5163;313076;136402;21.6;9.4
78;2021-05-07;8309;5112;321385;141514;22.2;9.8
78;2021-05-08;2916;1446;324301;142960;22.4;9.9
78;2021-05-09;2820;351;327121;143311;22.6;9.9
78;2021-05-10;7344;4448;334465;147759;23.1;10.2
78;2021-05-11;8143;5405;342608;153164;23.7;10.6
78;2021-05-12;8729;3913;351337;157077;24.3;10.8
78;2021-05-13;6628;600;357965;157677;24.7;10.9
78;2021-05-14;10216;2216;368181;159893;25.4;11.0
78;2021-05-15;4934;2359;373115;162252;25.8;11.2
78;2021-05-16;3697;792;376812;163044;26.0;11.3
78;2021-05-17;8741;1348;385553;164392;26.6;11.3
78;2021-05-18;9886;1893;395439;166285;27.3;11.5
78;2021-05-19;11650;1712;407089;167997;28.1;11.6
78;2021-05-20;11596;2263;418685;170260;28.9;11.8
78;2021-05-21;12120;2618;430805;172878;29.7;11.9
78;2021-05-22;6537;1357;437342;174235;30.2;12.0
78;2021-05-23;3125;390;440467;174625;30.4;12.1
78;2021-05-24;3521;417;443988;175042;30.6;12.1
78;2021-05-25;9983;2505;453971;177547;31.3;12.3
78;2021-05-26;10159;3776;464130;181323;32.0;12.5
78;2021-05-27;10947;4639;475077;185962;32.8;12.8
78;2021-05-28;11405;6013;486482;191975;33.6;13.3
78;2021-05-29;4228;3381;490710;195356;33.9;13.5
78;2021-05-30;135;345;490845;195701;33.9;13.5
78;2021-05-31;7967;5350;498812;201051;34.4;13.9
78;2021-06-01;10022;6515;508834;207566;35.1;14.3
78;2021-06-02;8581;6194;517415;213760;35.7;14.8
78;2021-06-03;9892;6470;527307;220230;36.4;15.2
78;2021-06-04;9794;8143;537101;228373;37.1;15.8
78;2021-06-05;5519;6129;542620;234502;37.5;16.2
78;2021-06-06;2150;2009;544770;236511;37.6;16.3
78;2021-06-07;8113;6513;552883;243024;38.2;16.8
78;2021-06-08;8064;7322;560947;250346;38.7;17.3
78;2021-06-09;7327;6724;568274;257070;39.2;17.7
78;2021-06-10;7105;7097;575379;264167;39.7;18.2
78;2021-06-11;7584;8182;582963;272349;40.2;18.8
78;2021-06-12;6373;2920;589336;275269;40.7;19.0
78;2021-06-13;946;2458;590282;277727;40.7;19.2
78;2021-06-14;3415;9807;593697;287534;41.0;19.8
78;2021-06-15;5794;8283;599491;295817;41.4;20.4
78;2021-06-16;5430;8619;604921;304436;41.8;21.0
78;2021-06-17;5481;8533;610402;312969;42.1;21.6
78;2021-06-18;6103;9801;616505;322770;42.6;22.3
78;2021-06-19;5219;4817;621724;327587;42.9;22.6
78;2021-06-20;625;2838;622349;330425;43.0;22.8
78;2021-06-21;4092;9469;626441;339894;43.2;23.5
78;2021-06-22;3349;10317;629790;350211;43.5;24.2
78;2021-06-23;3839;10392;633629;360603;43.7;24.9
78;2021-06-24;3794;9970;637423;370573;44.0;25.6
78;2021-06-25;3994;13143;641417;383716;44.3;26.5
78;2021-06-26;4209;7947;645626;391663;44.6;27.0
78;2021-06-27;1041;2540;646667;394203;44.6;27.2
78;2021-06-28;3286;10899;649953;405102;44.9;28.0
78;2021-06-29;3535;11247;653488;416349;45.1;28.7
78;2021-06-30;4110;13224;657598;429573;45.4;29.7
78;2021-07-01;4106;12701;661704;442274;45.7;30.5
78;2021-07-02;4260;13935;665964;456209;46.0;31.5
78;2021-07-03;3159;8618;669123;464827;46.2;32.1
78;2021-07-04;778;1742;669901;466569;46.2;32.2
78;2021-07-05;3383;9692;673284;476261;46.5;32.9
78;2021-07-06;3525;12039;676809;488300;46.7;33.7
78;2021-07-07;3821;11605;680630;499905;47.0;34.5
78;2021-07-08;3927;11677;684557;511582;47.3;35.3
78;2021-07-09;4759;12741;689316;524323;47.6;36.2
78;2021-07-10;2626;6611;691942;530934;47.8;36.7
78;2021-07-11;748;2047;692690;532981;47.8;36.8
78;2021-07-12;3037;11741;695727;544722;48.0;37.6
78;2021-07-13;5351;11972;701078;556694;48.4;38.4
78;2021-07-14;2532;4989;703610;561683;48.6;38.8
78;2021-07-15;5662;11953;709272;573636;49.0;39.6
78;2021-07-16;7320;10783;716592;584419;49.5;40.3
78;2021-07-17;4725;4889;721317;589308;49.8;40.7
78;2021-07-18;1158;471;722475;589779;49.9;40.7
78;2021-07-19;3877;10348;726352;600127;50.1;41.4
78;2021-07-20;5616;9923;731968;610050;50.5;42.1
78;2021-07-21;5905;9858;737873;619908;50.9;42.8
78;2021-07-22;5972;9293;743845;629201;51.3;43.4
78;2021-07-23;6259;9229;750104;638430;51.8;44.1
78;2021-07-24;2937;4966;753041;643396;52.0;44.4
78;2021-07-25;987;376;754028;643772;52.1;44.4
78;2021-07-26;4868;6986;758896;650758;52.4;44.9
78;2021-07-27;7598;6914;766494;657672;52.9;45.4
78;2021-07-28;6976;5933;773470;663605;53.4;45.8
78;2021-07-29;7901;6008;781371;669613;53.9;46.2
78;2021-07-30;7740;7049;789111;676662;54.5;46.7
78;2021-07-31;2653;2732;791764;679394;54.7;46.9
78;2021-08-01;109;72;791873;679466;54.7;46.9
78;2021-08-02;2444;2127;794317;681593;54.8;47.1
78;2021-08-03;4268;4252;798585;685845;55.1;47.3
78;2021-08-04;4462;2809;803047;688654;55.4;47.5
78;2021-08-05;3885;3172;806932;691826;55.7;47.8
78;2021-08-06;3978;3713;810910;695539;56.0;48.0
78;2021-08-07;2819;3442;813729;698981;56.2;48.3
78;2021-08-08;483;343;814212;699324;56.2;48.3
78;2021-08-09;1877;1662;816089;700986;56.3;48.4
78;2021-08-10;3413;3983;819502;704969;56.6;48.7
78;2021-08-11;2982;3383;822484;708352;56.8;48.9
78;2021-08-12;2746;3534;825230;711886;57.0;49.1
78;2021-08-13;2865;3186;828095;715072;57.2;49.4
78;2021-08-14;2301;2978;830396;718050;57.3;49.6
78;2021-08-15;315;373;830711;718423;57.3;49.6
78;2021-08-16;910;2339;831621;720762;57.4;49.8
78;2021-08-17;2795;4422;834416;725184;57.6;50.1
78;2021-08-18;2471;3819;836887;729003;57.8;50.3
78;2021-08-19;2238;3583;839125;732586;57.9;50.6
78;2021-08-20;2100;4000;841225;736586;58.1;50.8
78;2021-08-21;1884;3586;843109;740172;58.2;51.1
78;2021-08-22;87;147;843196;740319;58.2;51.1
78;2021-08-23;2153;4248;845349;744567;58.4;51.4
78;2021-08-24;3630;6972;848979;751539;58.6;51.9
78;2021-08-25;3296;6593;852275;758132;58.8;52.3
78;2021-08-26;2979;7237;855254;765369;59.0;52.8
78;2021-08-27;2862;7370;858116;772739;59.2;53.3
78;2021-08-28;2441;5277;860557;778016;59.4;53.7
78;2021-08-29;368;352;860925;778368;59.4;53.7
78;2021-08-30;2859;5071;863784;783439;59.6;54.1
78;2021-08-31;3453;5828;867237;789267;59.9;54.5
78;2021-09-01;2778;5289;870015;794556;60.1;54.8
78;2021-09-02;2096;4439;872111;798995;60.2;55.2
78;2021-09-03;2257;4721;874368;803716;60.4;55.5
78;2021-09-04;2476;4250;876844;807966;60.5;55.8
78;2021-09-05;292;383;877136;808349;60.5;55.8
78;2021-09-06;1286;3005;878422;811354;60.6;56.0
78;2021-09-07;1352;3510;879774;814864;60.7;56.3
78;2021-09-08;1679;3793;881453;818657;60.8;56.5
78;2021-09-09;1079;3312;882532;821969;60.9;56.7
78;2021-09-10;1373;3469;883905;825438;61.0;57.0
78;2021-09-11;2054;4198;885959;829636;61.2;57.3
78;2021-09-12;72;165;886031;829801;61.2;57.3
78;2021-09-13;780;2569;886811;832370;61.2;57.5
78;2021-09-14;1067;3819;887878;836189;61.3;57.7
78;2021-09-15;1204;3532;889082;839721;61.4;58.0
78;2021-09-16;841;2086;889923;841807;61.4;58.1
78;2021-09-17;1177;2839;891100;844646;61.5;58.3
78;2021-09-18;1393;4071;892493;848717;61.6;58.6
78;2021-09-19;145;407;892638;849124;61.6;58.6
78;2021-09-20;669;1708;893307;850832;61.7;58.7
78;2021-09-21;820;1977;894127;852809;61.7;58.9
78;2021-09-22;956;3513;895083;856322;61.8;59.1
78;2021-09-23;883;1636;895966;857958;61.8;59.2
78;2021-09-24;1010;2384;896976;860342;61.9;59.4
78;2021-09-25;1055;3917;898031;864259;62.0;59.7
78;2021-09-26;59;155;898090;864414;62.0;59.7
78;2021-09-27;678;1502;898768;865916;62.0;59.8
78;2021-09-28;829;1495;899597;867411;62.1;59.9
78;2021-09-29;1007;2159;900604;869570;62.2;60.0
78;2021-09-30;560;927;901164;870497;62.2;60.1
78;2021-10-01;928;1822;902092;872319;62.3;60.2
78;2021-10-02;1243;2464;903335;874783;62.4;60.4
78;2021-10-03;54;70;903389;874853;62.4;60.4
78;2021-10-04;477;928;903866;875781;62.4;60.5
78;2021-10-05;418;725;904284;876506;62.4;60.5
79;2020-12-27;0;0;0;0;0.0;0.0
79;2020-12-28;4;0;4;0;0.0;0.0
79;2020-12-29;0;0;4;0;0.0;0.0
79;2020-12-30;0;0;4;0;0.0;0.0
79;2020-12-31;0;0;4;0;0.0;0.0
79;2021-01-01;0;0;4;0;0.0;0.0
79;2021-01-02;0;0;4;0;0.0;0.0
79;2021-01-03;0;0;4;0;0.0;0.0
79;2021-01-04;1;0;5;0;0.0;0.0
79;2021-01-05;0;0;5;0;0.0;0.0
79;2021-01-06;0;0;5;0;0.0;0.0
79;2021-01-07;158;0;163;0;0.0;0.0
79;2021-01-08;165;0;328;0;0.1;0.0
79;2021-01-09;100;0;428;0;0.1;0.0
79;2021-01-10;3;0;431;0;0.1;0.0
79;2021-01-11;184;1;615;1;0.2;0.0
79;2021-01-12;245;1;860;2;0.2;0.0
79;2021-01-13;258;0;1118;2;0.3;0.0
79;2021-01-14;506;8;1624;10;0.4;0.0
79;2021-01-15;618;5;2242;15;0.6;0.0
79;2021-01-16;66;0;2308;15;0.6;0.0
79;2021-01-17;0;0;2308;15;0.6;0.0
79;2021-01-18;477;2;2785;17;0.7;0.0
79;2021-01-19;1361;2;4146;19;1.1;0.0
79;2021-01-20;1678;1;5824;20;1.6;0.0
79;2021-01-21;1999;7;7823;27;2.1;0.0
79;2021-01-22;875;4;8698;31;2.3;0.0
79;2021-01-23;65;0;8763;31;2.4;0.0
79;2021-01-24;0;0;8763;31;2.4;0.0
79;2021-01-25;646;7;9409;38;2.5;0.0
79;2021-01-26;593;13;10002;51;2.7;0.0
79;2021-01-27;740;81;10742;132;2.9;0.0
79;2021-01-28;735;128;11477;260;3.1;0.1
79;2021-01-29;495;81;11972;341;3.2;0.1
79;2021-01-30;0;0;11972;341;3.2;0.1
79;2021-01-31;0;0;11972;341;3.2;0.1
79;2021-02-01;207;105;12179;446;3.3;0.1
79;2021-02-02;334;73;12513;519;3.4;0.1
79;2021-02-03;391;56;12904;575;3.5;0.2
79;2021-02-04;326;107;13230;682;3.6;0.2
79;2021-02-05;360;273;13590;955;3.6;0.3
79;2021-02-06;6;0;13596;955;3.6;0.3
79;2021-02-07;22;0;13618;955;3.7;0.3
79;2021-02-08;283;159;13901;1114;3.7;0.3
79;2021-02-09;457;744;14358;1858;3.9;0.5
79;2021-02-10;619;1148;14977;3006;4.0;0.8
79;2021-02-11;777;1192;15754;4198;4.2;1.1
79;2021-02-12;471;711;16225;4909;4.4;1.3
79;2021-02-13;53;61;16278;4970;4.4;1.3
79;2021-02-14;0;0;16278;4970;4.4;1.3
79;2021-02-15;186;426;16464;5396;4.4;1.4
79;2021-02-16;333;642;16797;6038;4.5;1.6
79;2021-02-17;248;754;17045;6792;4.6;1.8
79;2021-02-18;353;848;17398;7640;4.7;2.1
79;2021-02-19;268;507;17666;8147;4.7;2.2
79;2021-02-20;5;18;17671;8165;4.7;2.2
79;2021-02-21;1;0;17672;8165;4.7;2.2
79;2021-02-22;137;400;17809;8565;4.8;2.3
79;2021-02-23;248;498;18057;9063;4.8;2.4
79;2021-02-24;246;461;18303;9524;4.9;2.6
79;2021-02-25;520;416;18823;9940;5.1;2.7
79;2021-02-26;599;348;19422;10288;5.2;2.8
79;2021-02-27;408;7;19830;10295;5.3;2.8
79;2021-02-28;35;0;19865;10295;5.3;2.8
79;2021-03-01;89;295;19954;10590;5.4;2.8
79;2021-03-02;302;453;20256;11043;5.4;3.0
79;2021-03-03;662;482;20918;11525;5.6;3.1
79;2021-03-04;904;524;21822;12049;5.9;3.2
79;2021-03-05;1218;409;23040;12458;6.2;3.3
79;2021-03-06;611;6;23651;12464;6.3;3.3
79;2021-03-07;77;1;23728;12465;6.4;3.3
79;2021-03-08;344;279;24072;12744;6.5;3.4
79;2021-03-09;842;311;24914;13055;6.7;3.5
79;2021-03-10;1146;374;26060;13429;7.0;3.6
79;2021-03-11;1641;306;27701;13735;7.4;3.7
79;2021-03-12;1721;111;29422;13846;7.9;3.7
79;2021-03-13;1135;13;30557;13859;8.2;3.7
79;2021-03-14;50;0;30607;13859;8.2;3.7
79;2021-03-15;497;157;31104;14016;8.3;3.8
79;2021-03-16;735;146;31839;14162;8.5;3.8
79;2021-03-17;578;107;32417;14269;8.7;3.8
79;2021-03-18;553;199;32970;14468;8.8;3.9
79;2021-03-19;661;256;33631;14724;9.0;4.0
79;2021-03-20;1007;14;34638;14738;9.3;4.0
79;2021-03-21;3;0;34641;14738;9.3;4.0
79;2021-03-22;957;204;35598;14942;9.6;4.0
79;2021-03-23;1595;169;37193;15111;10.0;4.1
79;2021-03-24;1831;161;39024;15272;10.5;4.1
79;2021-03-25;2499;192;41523;15464;11.1;4.1
79;2021-03-26;2406;137;43929;15601;11.8;4.2
79;2021-03-27;768;18;44697;15619;12.0;4.2
79;2021-03-28;1;0;44698;15619;12.0;4.2
79;2021-03-29;2148;115;46846;15734;12.6;4.2
79;2021-03-30;2817;64;49663;15798;13.3;4.2
79;2021-03-31;2777;381;52440;16179;14.1;4.3
79;2021-04-01;2698;383;55138;16562;14.8;4.4
79;2021-04-02;2823;394;57961;16956;15.6;4.6
79;2021-04-03;634;53;58595;17009;15.7;4.6
79;2021-04-04;3;0;58598;17009;15.7;4.6
79;2021-04-05;381;4;58979;17013;15.8;4.6
79;2021-04-06;1792;583;60771;17596;16.3;4.7
79;2021-04-07;3112;726;63883;18322;17.1;4.9
79;2021-04-08;2632;698;66515;19020;17.9;5.1
79;2021-04-09;3737;541;70252;19561;18.9;5.2
79;2021-04-10;1466;387;71718;19948;19.2;5.4
79;2021-04-11;4;0;71722;19948;19.2;5.4
79;2021-04-12;1753;353;73475;20301;19.7;5.4
79;2021-04-13;2174;748;75649;21049;20.3;5.6
79;2021-04-14;2480;678;78129;21727;21.0;5.8
79;2021-04-15;2216;666;80345;22393;21.6;6.0
79;2021-04-16;1412;443;81757;22836;21.9;6.1
79;2021-04-17;581;353;82338;23189;22.1;6.2
79;2021-04-18;1;14;82339;23203;22.1;6.2
79;2021-04-19;1088;838;83427;24041;22.4;6.5
79;2021-04-20;1506;1229;84933;25270;22.8;6.8
79;2021-04-21;1419;1438;86352;26708;23.2;7.2
79;2021-04-22;1572;1085;87924;27793;23.6;7.5
79;2021-04-23;1316;1187;89240;28980;23.9;7.8
79;2021-04-24;653;458;89893;29438;24.1;7.9
79;2021-04-25;1;0;89894;29438;24.1;7.9
79;2021-04-26;1343;1813;91237;31251;24.5;8.4
79;2021-04-27;1898;2335;93135;33586;25.0;9.0
79;2021-04-28;1458;2865;94593;36451;25.4;9.8
79;2021-04-29;2105;2238;96698;38689;26.0;10.4
79;2021-04-30;2115;2453;98813;41142;26.5;11.0
79;2021-05-01;521;378;99334;41520;26.7;11.1
79;2021-05-02;1;11;99335;41531;26.7;11.1
79;2021-05-03;1182;1291;100517;42822;27.0;11.5
79;2021-05-04;1732;2324;102249;45146;27.4;12.1
79;2021-05-05;1694;2479;103943;47625;27.9;12.8
79;2021-05-06;2326;2222;106269;49847;28.5;13.4
79;2021-05-07;2105;2795;108374;52642;29.1;14.1
79;2021-05-08;198;506;108572;53148;29.1;14.3
79;2021-05-09;0;0;108572;53148;29.1;14.3
79;2021-05-10;1582;1785;110154;54933;29.6;14.7
79;2021-05-11;2309;1651;112463;56584;30.2;15.2
79;2021-05-12;2000;2680;114463;59264;30.7;15.9
79;2021-05-13;640;289;115103;59553;30.9;16.0
79;2021-05-14;2100;673;117203;60226;31.5;16.2
79;2021-05-15;1399;498;118602;60724;31.8;16.3
79;2021-05-16;1;22;118603;60746;31.8;16.3
79;2021-05-17;1873;1085;120476;61831;32.3;16.6
79;2021-05-18;2971;1272;123447;63103;33.1;16.9
79;2021-05-19;2898;968;126345;64071;33.9;17.2
79;2021-05-20;3106;1244;129451;65315;34.7;17.5
79;2021-05-21;2768;1066;132219;66381;35.5;17.8
79;2021-05-22;1084;261;133303;66642;35.8;17.9
79;2021-05-23;1;0;133304;66642;35.8;17.9
79;2021-05-24;161;20;133465;66662;35.8;17.9
79;2021-05-25;3198;991;136663;67653;36.7;18.2
79;2021-05-26;3312;853;139975;68506;37.6;18.4
79;2021-05-27;3589;1719;143564;70225;38.5;18.8
79;2021-05-28;3331;1815;146895;72040;39.4;19.3
79;2021-05-29;1072;446;147967;72486;39.7;19.5
79;2021-05-30;3;1;147970;72487;39.7;19.5
79;2021-05-31;2382;731;150352;73218;40.3;19.6
79;2021-06-01;3021;1568;153373;74786;41.2;20.1
79;2021-06-02;4066;1164;157439;75950;42.3;20.4
79;2021-06-03;4089;1754;161528;77704;43.3;20.9
79;2021-06-04;4141;2032;165669;79736;44.5;21.4
79;2021-06-05;2801;758;168470;80494;45.2;21.6
79;2021-06-06;696;39;169166;80533;45.4;21.6
79;2021-06-07;2805;1413;171971;81946;46.2;22.0
79;2021-06-08;2982;2069;174953;84015;47.0;22.5
79;2021-06-09;3631;1935;178584;85950;47.9;23.1
79;2021-06-10;3020;1964;181604;87914;48.7;23.6
79;2021-06-11;3767;2315;185371;90229;49.7;24.2
79;2021-06-12;1707;611;187078;90840;50.2;24.4
79;2021-06-13;213;24;187291;90864;50.3;24.4
79;2021-06-14;1247;1690;188538;92554;50.6;24.8
79;2021-06-15;1881;2358;190419;94912;51.1;25.5
79;2021-06-16;2204;2247;192623;97159;51.7;26.1
79;2021-06-17;2237;2616;194860;99775;52.3;26.8
79;2021-06-18;2413;2313;197273;102088;52.9;27.4
79;2021-06-19;1246;579;198519;102667;53.3;27.6
79;2021-06-20;3;2;198522;102669;53.3;27.6
79;2021-06-21;1233;2282;199755;104951;53.6;28.2
79;2021-06-22;1547;2870;201302;107821;54.0;28.9
79;2021-06-23;1770;2549;203072;110370;54.5;29.6
79;2021-06-24;2105;2000;205177;112370;55.1;30.2
79;2021-06-25;1488;2838;206665;115208;55.5;30.9
79;2021-06-26;870;808;207535;116016;55.7;31.1
79;2021-06-27;13;6;207548;116022;55.7;31.1
79;2021-06-28;1056;2620;208604;118642;56.0;31.8
79;2021-06-29;1473;3550;210077;122192;56.4;32.8
79;2021-06-30;1354;3447;211431;125639;56.7;33.7
79;2021-07-01;1202;3785;212633;129424;57.1;34.7
79;2021-07-02;1487;3346;214120;132770;57.5;35.6
79;2021-07-03;399;1504;214519;134274;57.6;36.0
79;2021-07-04;2;9;214521;134283;57.6;36.0
79;2021-07-05;753;2119;215274;136402;57.8;36.6
79;2021-07-06;947;3661;216221;140063;58.0;37.6
79;2021-07-07;1332;4308;217553;144371;58.4;38.7
79;2021-07-08;1107;4041;218660;148412;58.7;39.8
79;2021-07-09;836;3717;219496;152129;58.9;40.8
79;2021-07-10;514;1315;220010;153444;59.0;41.2
79;2021-07-11;3;12;220013;153456;59.0;41.2
79;2021-07-12;545;3695;220558;157151;59.2;42.2
79;2021-07-13;999;5185;221557;162336;59.5;43.6
79;2021-07-14;134;874;221691;163210;59.5;43.8
79;2021-07-15;1235;4682;222926;167892;59.8;45.1
79;2021-07-16;1333;4363;224259;172255;60.2;46.2
79;2021-07-17;576;2424;224835;174679;60.3;46.9
79;2021-07-18;44;498;224879;175177;60.3;47.0
79;2021-07-19;736;3315;225615;178492;60.5;47.9
79;2021-07-20;1230;3944;226845;182436;60.9;49.0
79;2021-07-21;1177;4195;228022;186631;61.2;50.1
79;2021-07-22;1354;3972;229376;190603;61.6;51.2
79;2021-07-23;1349;4553;230725;195156;61.9;52.4
79;2021-07-24;865;1499;231590;196655;62.2;52.8
79;2021-07-25;55;327;231645;196982;62.2;52.9
79;2021-07-26;1370;2598;233015;199580;62.5;53.6
79;2021-07-27;2084;2993;235099;202573;63.1;54.4
79;2021-07-28;2498;2492;237597;205065;63.8;55.0
79;2021-07-29;3010;2861;240607;207926;64.6;55.8
79;2021-07-30;2138;2814;242745;210740;65.1;56.6
79;2021-07-31;888;1157;243633;211897;65.4;56.9
79;2021-08-01;5;3;243638;211900;65.4;56.9
79;2021-08-02;1796;1545;245434;213445;65.9;57.3
79;2021-08-03;2823;2052;248257;215497;66.6;57.8
79;2021-08-04;2985;1742;251242;217239;67.4;58.3
79;2021-08-05;2900;2211;254142;219450;68.2;58.9
79;2021-08-06;2529;1633;256671;221083;68.9;59.3
79;2021-08-07;872;813;257543;221896;69.1;59.5
79;2021-08-08;4;3;257547;221899;69.1;59.5
79;2021-08-09;2495;1086;260042;222985;69.8;59.8
79;2021-08-10;2977;1548;263019;224533;70.6;60.3
79;2021-08-11;2583;1660;265602;226193;71.3;60.7
79;2021-08-12;2766;1430;268368;227623;72.0;61.1
79;2021-08-13;2875;1059;271243;228682;72.8;61.4
79;2021-08-14;518;391;271761;229073;72.9;61.5
79;2021-08-15;8;5;271769;229078;72.9;61.5
79;2021-08-16;1766;1196;273535;230274;73.4;61.8
79;2021-08-17;2103;1591;275638;231865;74.0;62.2
79;2021-08-18;1922;1915;277560;233780;74.5;62.7
79;2021-08-19;1617;1709;279177;235489;74.9;63.2
79;2021-08-20;1513;2162;280690;237651;75.3;63.8
79;2021-08-21;243;543;280933;238194;75.4;63.9
79;2021-08-22;1;21;280934;238215;75.4;63.9
79;2021-08-23;864;2176;281798;240391;75.6;64.5
79;2021-08-24;1072;2484;282870;242875;75.9;65.2
79;2021-08-25;1051;2760;283921;245635;76.2;65.9
79;2021-08-26;1016;2330;284937;247965;76.5;66.5
79;2021-08-27;611;2059;285548;250024;76.6;67.1
79;2021-08-28;299;841;285847;250865;76.7;67.3
79;2021-08-29;7;5;285854;250870;76.7;67.3
79;2021-08-30;554;2366;286408;253236;76.9;68.0
79;2021-08-31;633;2537;287041;255773;77.0;68.6
79;2021-09-01;650;2694;287691;258467;77.2;69.4
79;2021-09-02;761;2513;288452;260980;77.4;70.0
79;2021-09-03;637;2796;289089;263776;77.6;70.8
79;2021-09-04;266;721;289355;264497;77.7;71.0
79;2021-09-05;12;24;289367;264521;77.7;71.0
79;2021-09-06;329;1900;289696;266421;77.7;71.5
79;2021-09-07;347;2140;290043;268561;77.8;72.1
79;2021-09-08;542;2235;290585;270796;78.0;72.7
79;2021-09-09;318;1762;290903;272558;78.1;73.1
79;2021-09-10;422;2290;291325;274848;78.2;73.8
79;2021-09-11;162;868;291487;275716;78.2;74.0
79;2021-09-12;0;0;291487;275716;78.2;74.0
79;2021-09-13;363;1291;291850;277007;78.3;74.3
79;2021-09-14;371;1556;292221;278563;78.4;74.8
79;2021-09-15;475;1432;292696;279995;78.5;75.1
79;2021-09-16;461;1095;293157;281090;78.7;75.4
79;2021-09-17;443;1406;293600;282496;78.8;75.8
79;2021-09-18;139;567;293739;283063;78.8;76.0
79;2021-09-19;1;4;293740;283067;78.8;76.0
79;2021-09-20;190;553;293930;283620;78.9;76.1
79;2021-09-21;351;720;294281;284340;79.0;76.3
79;2021-09-22;209;1102;294490;285442;79.0;76.6
79;2021-09-23;412;566;294902;286008;79.1;76.8
79;2021-09-24;243;1348;295145;287356;79.2;77.1
79;2021-09-25;73;324;295218;287680;79.2;77.2
79;2021-09-26;0;1;295218;287681;79.2;77.2
79;2021-09-27;205;525;295423;288206;79.3;77.3
79;2021-09-28;130;409;295553;288615;79.3;77.5
79;2021-09-29;325;742;295878;289357;79.4;77.7
79;2021-09-30;154;279;296032;289636;79.4;77.7
79;2021-10-01;247;541;296279;290177;79.5;77.9
79;2021-10-02;127;248;296406;290425;79.5;77.9
79;2021-10-03;0;0;296406;290425;79.5;77.9
79;2021-10-04;157;332;296563;290757;79.6;78.0
79;2021-10-05;112;259;296675;291016;79.6;78.1
80;2020-12-27;0;0;0;0;0.0;0.0
80;2020-12-28;0;0;0;0;0.0;0.0
80;2020-12-29;11;0;11;0;0.0;0.0
80;2020-12-30;0;0;11;0;0.0;0.0
80;2020-12-31;0;0;11;0;0.0;0.0
80;2021-01-01;0;0;11;0;0.0;0.0
80;2021-01-02;1;0;12;0;0.0;0.0
80;2021-01-03;1;0;13;0;0.0;0.0
80;2021-01-04;0;0;13;0;0.0;0.0
80;2021-01-05;1;0;14;0;0.0;0.0
80;2021-01-06;30;0;44;0;0.0;0.0
80;2021-01-07;276;2;320;2;0.1;0.0
80;2021-01-08;330;0;650;2;0.1;0.0
80;2021-01-09;108;0;758;2;0.1;0.0
80;2021-01-10;21;0;779;2;0.1;0.0
80;2021-01-11;276;0;1055;2;0.2;0.0
80;2021-01-12;430;1;1485;3;0.3;0.0
80;2021-01-13;514;4;1999;7;0.4;0.0
80;2021-01-14;454;4;2453;11;0.4;0.0
80;2021-01-15;331;1;2784;12;0.5;0.0
80;2021-01-16;103;1;2887;13;0.5;0.0
80;2021-01-17;102;1;2989;14;0.5;0.0
80;2021-01-18;412;2;3401;16;0.6;0.0
80;2021-01-19;963;16;4364;32;0.8;0.0
80;2021-01-20;1086;11;5450;43;1.0;0.0
80;2021-01-21;1012;9;6462;52;1.1;0.0
80;2021-01-22;1113;3;7575;55;1.3;0.0
80;2021-01-23;907;3;8482;58;1.5;0.0
80;2021-01-24;823;5;9305;63;1.6;0.0
80;2021-01-25;1543;10;10848;73;1.9;0.0
80;2021-01-26;1480;11;12328;84;2.2;0.0
80;2021-01-27;822;22;13150;106;2.3;0.0
80;2021-01-28;622;157;13772;263;2.4;0.0
80;2021-01-29;637;190;14409;453;2.5;0.1
80;2021-01-30;87;54;14496;507;2.5;0.1
80;2021-01-31;0;0;14496;507;2.5;0.1
80;2021-02-01;26;230;14522;737;2.5;0.1
80;2021-02-02;21;407;14543;1144;2.6;0.2
80;2021-02-03;28;480;14571;1624;2.6;0.3
80;2021-02-04;278;312;14849;1936;2.6;0.3
80;2021-02-05;347;196;15196;2132;2.7;0.4
80;2021-02-06;168;56;15364;2188;2.7;0.4
80;2021-02-07;1;0;15365;2188;2.7;0.4
80;2021-02-08;425;205;15790;2393;2.8;0.4
80;2021-02-09;686;230;16476;2623;2.9;0.5
80;2021-02-10;607;425;17083;3048;3.0;0.5
80;2021-02-11;862;301;17945;3349;3.1;0.6
80;2021-02-12;945;284;18890;3633;3.3;0.6
80;2021-02-13;197;372;19087;4005;3.3;0.7
80;2021-02-14;78;480;19165;4485;3.4;0.8
80;2021-02-15;606;943;19771;5428;3.5;1.0
80;2021-02-16;688;980;20459;6408;3.6;1.1
80;2021-02-17;484;977;20943;7385;3.7;1.3
80;2021-02-18;569;893;21512;8278;3.8;1.5
80;2021-02-19;502;678;22014;8956;3.9;1.6
80;2021-02-20;22;365;22036;9321;3.9;1.6
80;2021-02-21;47;38;22083;9359;3.9;1.6
80;2021-02-22;147;455;22230;9814;3.9;1.7
80;2021-02-23;471;572;22701;10386;4.0;1.8
80;2021-02-24;431;526;23132;10912;4.1;1.9
80;2021-02-25;814;414;23946;11326;4.2;2.0
80;2021-02-26;1063;411;25009;11737;4.4;2.1
80;2021-02-27;475;54;25484;11791;4.5;2.1
80;2021-02-28;49;22;25533;11813;4.5;2.1
80;2021-03-01;729;61;26262;11874;4.6;2.1
80;2021-03-02;1013;89;27275;11963;4.8;2.1
80;2021-03-03;982;51;28257;12014;5.0;2.1
80;2021-03-04;1389;192;29646;12206;5.2;2.1
80;2021-03-05;1874;307;31520;12513;5.5;2.2
80;2021-03-06;2917;331;34437;12844;6.0;2.3
80;2021-03-07;1842;74;36279;12918;6.4;2.3
80;2021-03-08;714;550;36993;13468;6.5;2.4
80;2021-03-09;1310;797;38303;14265;6.7;2.5
80;2021-03-10;1724;695;40027;14960;7.0;2.6
80;2021-03-11;1909;760;41936;15720;7.4;2.8
80;2021-03-12;3140;702;45076;16422;7.9;2.9
80;2021-03-13;4006;205;49082;16627;8.6;2.9
80;2021-03-14;350;12;49432;16639;8.7;2.9
80;2021-03-15;1014;239;50446;16878;8.9;3.0
80;2021-03-16;882;330;51328;17208;9.0;3.0
80;2021-03-17;665;269;51993;17477;9.1;3.1
80;2021-03-18;1002;286;52995;17763;9.3;3.1
80;2021-03-19;1739;370;54734;18133;9.6;3.2
80;2021-03-20;3821;117;58555;18250;10.3;3.2
80;2021-03-21;486;31;59041;18281;10.4;3.2
80;2021-03-22;903;288;59944;18569;10.5;3.3
80;2021-03-23;1713;411;61657;18980;10.8;3.3
80;2021-03-24;1755;464;63412;19444;11.1;3.4
80;2021-03-25;2714;443;66126;19887;11.6;3.5
80;2021-03-26;3105;405;69231;20292;12.2;3.6
80;2021-03-27;2237;226;71468;20518;12.5;3.6
80;2021-03-28;676;93;72144;20611;12.7;3.6
80;2021-03-29;1979;739;74123;21350;13.0;3.7
80;2021-03-30;1967;861;76090;22211;13.4;3.9
80;2021-03-31;1495;981;77585;23192;13.6;4.1
80;2021-04-01;1950;1480;79535;24672;14.0;4.3
80;2021-04-02;2811;1551;82346;26223;14.5;4.6
80;2021-04-03;3048;853;85394;27076;15.0;4.8
80;2021-04-04;134;8;85528;27084;15.0;4.8
80;2021-04-05;684;195;86212;27279;15.1;4.8
80;2021-04-06;1280;959;87492;28238;15.4;5.0
80;2021-04-07;1624;1193;89116;29431;15.6;5.2
80;2021-04-08;2154;842;91270;30273;16.0;5.3
80;2021-04-09;3533;1351;94803;31624;16.6;5.6
80;2021-04-10;2737;1946;97540;33570;17.1;5.9
80;2021-04-11;188;176;97728;33746;17.2;5.9
80;2021-04-12;1814;483;99542;34229;17.5;6.0
80;2021-04-13;2385;1031;101927;35260;17.9;6.2
80;2021-04-14;2769;1163;104696;36423;18.4;6.4
80;2021-04-15;3731;878;108427;37301;19.0;6.5
80;2021-04-16;3337;871;111764;38172;19.6;6.7
80;2021-04-17;1653;2291;113417;40463;19.9;7.1
80;2021-04-18;372;390;113789;40853;20.0;7.2
80;2021-04-19;951;771;114740;41624;20.1;7.3
80;2021-04-20;1613;820;116353;42444;20.4;7.4
80;2021-04-21;1612;996;117965;43440;20.7;7.6
80;2021-04-22;2167;1251;120132;44691;21.1;7.8
80;2021-04-23;2640;1245;122772;45936;21.5;8.1
80;2021-04-24;1357;1190;124129;47126;21.8;8.3
80;2021-04-25;209;531;124338;47657;21.8;8.4
80;2021-04-26;1295;1438;125633;49095;22.0;8.6
80;2021-04-27;2025;1396;127658;50491;22.4;8.9
80;2021-04-28;2199;1379;129857;51870;22.8;9.1
80;2021-04-29;3218;1867;133075;53737;23.4;9.4
80;2021-04-30;3081;2839;136156;56576;23.9;9.9
80;2021-05-01;987;658;137143;57234;24.1;10.0
80;2021-05-02;371;53;137514;57287;24.1;10.1
80;2021-05-03;2720;1186;140234;58473;24.6;10.3
80;2021-05-04;2494;1697;142728;60170;25.1;10.6
80;2021-05-05;3366;1895;146094;62065;25.6;10.9
80;2021-05-06;3169;2546;149263;64611;26.2;11.3
80;2021-05-07;3454;2685;152717;67296;26.8;11.8
80;2021-05-08;2784;924;155501;68220;27.3;12.0
80;2021-05-09;1407;268;156908;68488;27.5;12.0
80;2021-05-10;1880;1828;158788;70316;27.9;12.3
80;2021-05-11;3274;1793;162062;72109;28.4;12.7
80;2021-05-12;4703;1574;166765;73683;29.3;12.9
80;2021-05-13;3837;367;170602;74050;29.9;13.0
80;2021-05-14;5188;1392;175790;75442;30.9;13.2
80;2021-05-15;5917;1053;181707;76495;31.9;13.4
80;2021-05-16;2678;312;184385;76807;32.4;13.5
80;2021-05-17;2371;818;186756;77625;32.8;13.6
80;2021-05-18;3949;850;190705;78475;33.5;13.8
80;2021-05-19;4018;940;194723;79415;34.2;13.9
80;2021-05-20;4568;1215;199291;80630;35.0;14.2
80;2021-05-21;4890;1650;204181;82280;35.8;14.4
80;2021-05-22;5030;1156;209211;83436;36.7;14.6
80;2021-05-23;1783;237;210994;83673;37.0;14.7
80;2021-05-24;1469;160;212463;83833;37.3;14.7
80;2021-05-25;2622;1138;215085;84971;37.7;14.9
80;2021-05-26;4249;1704;219334;86675;38.5;15.2
80;2021-05-27;3977;2467;223311;89142;39.2;15.6
80;2021-05-28;3865;2968;227176;92110;39.9;16.2
80;2021-05-29;3697;1627;230873;93737;40.5;16.5
80;2021-05-30;1182;198;232055;93935;40.7;16.5
80;2021-05-31;2604;1369;234659;95304;41.2;16.7
80;2021-06-01;4031;2434;238690;97738;41.9;17.2
80;2021-06-02;3334;2005;242024;99743;42.5;17.5
80;2021-06-03;4263;2924;246287;102667;43.2;18.0
80;2021-06-04;4796;3082;251083;105749;44.1;18.6
80;2021-06-05;3554;2065;254637;107814;44.7;18.9
80;2021-06-06;802;211;255439;108025;44.8;19.0
80;2021-06-07;1750;1945;257189;109970;45.1;19.3
80;2021-06-08;2743;2552;259932;112522;45.6;19.7
80;2021-06-09;3012;2735;262944;115257;46.1;20.2
80;2021-06-10;3163;3167;266107;118424;46.7;20.8
80;2021-06-11;3216;3893;269323;122317;47.3;21.5
80;2021-06-12;3042;2326;272365;124643;47.8;21.9
80;2021-06-13;474;404;272839;125047;47.9;21.9
80;2021-06-14;1263;2852;274102;127899;48.1;22.4
80;2021-06-15;2315;3418;276417;131317;48.5;23.0
80;2021-06-16;1563;4212;277980;135529;48.8;23.8
80;2021-06-17;2359;3622;280339;139151;49.2;24.4
80;2021-06-18;2552;3903;282891;143054;49.7;25.1
80;2021-06-19;2986;4340;285877;147394;50.2;25.9
80;2021-06-20;203;1077;286080;148471;50.2;26.1
80;2021-06-21;1015;2619;287095;151090;50.4;26.5
80;2021-06-22;1149;3928;288244;155018;50.6;27.2
80;2021-06-23;1850;5289;290094;160307;50.9;28.1
80;2021-06-24;1695;4683;291789;164990;51.2;29.0
80;2021-06-25;1374;6125;293163;171115;51.5;30.0
80;2021-06-26;1933;6183;295096;177298;51.8;31.1
80;2021-06-27;333;2031;295429;179329;51.9;31.5
80;2021-06-28;903;3169;296332;182498;52.0;32.0
80;2021-06-29;1919;4622;298251;187120;52.3;32.8
80;2021-06-30;1245;4784;299496;191904;52.6;33.7
80;2021-07-01;1594;5000;301090;196904;52.8;34.6
80;2021-07-02;1856;5984;302946;202888;53.2;35.6
80;2021-07-03;1293;5265;304239;208153;53.4;36.5
80;2021-07-04;692;1471;304931;209624;53.5;36.8
80;2021-07-05;879;2963;305810;212587;53.7;37.3
80;2021-07-06;1852;3990;307662;216577;54.0;38.0
80;2021-07-07;1560;4504;309222;221081;54.3;38.8
80;2021-07-08;2082;5003;311304;226084;54.6;39.7
80;2021-07-09;2596;5473;313900;231557;55.1;40.6
80;2021-07-10;1616;4015;315516;235572;55.4;41.3
80;2021-07-11;406;805;315922;236377;55.4;41.5
80;2021-07-12;871;3378;316793;239755;55.6;42.1
80;2021-07-13;2087;5084;318880;244839;56.0;43.0
80;2021-07-14;2801;1749;321681;246588;56.5;43.3
80;2021-07-15;2792;5296;324473;251884;56.9;44.2
80;2021-07-16;3878;5890;328351;257774;57.6;45.2
80;2021-07-17;3368;4460;331719;262234;58.2;46.0
80;2021-07-18;874;896;332593;263130;58.4;46.2
80;2021-07-19;2157;2885;334750;266015;58.8;46.7
80;2021-07-20;3321;4903;338071;270918;59.3;47.5
80;2021-07-21;3497;4496;341568;275414;59.9;48.3
80;2021-07-22;4362;4569;345930;279983;60.7;49.1
80;2021-07-23;5399;4825;351329;284808;61.7;50.0
80;2021-07-24;4369;4344;355698;289152;62.4;50.7
80;2021-07-25;1185;650;356883;289802;62.6;50.9
80;2021-07-26;2681;2340;359564;292142;63.1;51.3
80;2021-07-27;4373;3706;363937;295848;63.9;51.9
80;2021-07-28;5101;2803;369038;298651;64.8;52.4
80;2021-07-29;4991;3230;374029;301881;65.6;53.0
80;2021-07-30;5024;3638;379053;305519;66.5;53.6
80;2021-07-31;4156;2927;383209;308446;67.3;54.1
80;2021-08-01;1288;363;384497;308809;67.5;54.2
80;2021-08-02;2059;1739;386556;310548;67.8;54.5
80;2021-08-03;3716;2363;390272;312911;68.5;54.9
80;2021-08-04;3367;2491;393639;315402;69.1;55.4
80;2021-08-05;3137;2576;396776;317978;69.6;55.8
80;2021-08-06;3248;2877;400024;320855;70.2;56.3
80;2021-08-07;2423;2667;402447;323522;70.6;56.8
80;2021-08-08;621;686;403068;324208;70.7;56.9
80;2021-08-09;1382;2078;404450;326286;71.0;57.3
80;2021-08-10;2353;2849;406803;329135;71.4;57.8
80;2021-08-11;1946;2383;408749;331518;71.7;58.2
80;2021-08-12;2236;2659;410985;334177;72.1;58.7
80;2021-08-13;1882;3154;412867;337331;72.5;59.2
80;2021-08-14;1411;2113;414278;339444;72.7;59.6
80;2021-08-15;318;663;414596;340107;72.8;59.7
80;2021-08-16;897;2419;415493;342526;72.9;60.1
80;2021-08-17;1709;3505;417202;346031;73.2;60.7
80;2021-08-18;1234;3714;418436;349745;73.4;61.4
80;2021-08-19;1569;3821;420005;353566;73.7;62.1
80;2021-08-20;1264;4434;421269;358000;73.9;62.8
80;2021-08-21;1078;2687;422347;360687;74.1;63.3
80;2021-08-22;145;680;422492;361367;74.2;63.4
80;2021-08-23;583;2999;423075;364366;74.3;63.9
80;2021-08-24;1092;4371;424167;368737;74.4;64.7
80;2021-08-25;973;3677;425140;372414;74.6;65.4
80;2021-08-26;956;3819;426096;376233;74.8;66.0
80;2021-08-27;1014;4457;427110;380690;75.0;66.8
80;2021-08-28;720;3347;427830;384037;75.1;67.4
80;2021-08-29;199;555;428029;384592;75.1;67.5
80;2021-08-30;500;2307;428529;386899;75.2;67.9
80;2021-08-31;750;3185;429279;390084;75.3;68.5
80;2021-09-01;675;2481;429954;392565;75.5;68.9
80;2021-09-02;527;2277;430481;394842;75.6;69.3
80;2021-09-03;761;3116;431242;397958;75.7;69.8
80;2021-09-04;956;2755;432198;400713;75.9;70.3
80;2021-09-05;166;374;432364;401087;75.9;70.4
80;2021-09-06;420;1561;432784;402648;76.0;70.7
80;2021-09-07;490;1840;433274;404488;76.0;71.0
80;2021-09-08;495;1873;433769;406361;76.1;71.3
80;2021-09-09;530;1754;434299;408115;76.2;71.6
80;2021-09-10;619;2077;434918;410192;76.3;72.0
80;2021-09-11;520;2117;435438;412309;76.4;72.4
80;2021-09-12;78;327;435516;412636;76.4;72.4
80;2021-09-13;312;1101;435828;413737;76.5;72.6
80;2021-09-14;641;1473;436469;415210;76.6;72.9
80;2021-09-15;356;1089;436825;416299;76.7;73.1
80;2021-09-16;474;1030;437299;417329;76.8;73.2
80;2021-09-17;506;1238;437805;418567;76.8;73.5
80;2021-09-18;348;1276;438153;419843;76.9;73.7
80;2021-09-19;17;169;438170;420012;76.9;73.7
80;2021-09-20;325;446;438495;420458;77.0;73.8
80;2021-09-21;295;615;438790;421073;77.0;73.9
80;2021-09-22;284;709;439074;421782;77.1;74.0
80;2021-09-23;302;505;439376;422287;77.1;74.1
80;2021-09-24;369;897;439745;423184;77.2;74.3
80;2021-09-25;282;1131;440027;424315;77.2;74.5
80;2021-09-26;20;109;440047;424424;77.2;74.5
80;2021-09-27;189;536;440236;424960;77.3;74.6
80;2021-09-28;148;380;440384;425340;77.3;74.7
80;2021-09-29;257;511;440641;425851;77.3;74.7
80;2021-09-30;199;329;440840;426180;77.4;74.8
80;2021-10-01;302;718;441142;426898;77.4;74.9
80;2021-10-02;336;890;441478;427788;77.5;75.1
80;2021-10-03;18;64;441496;427852;77.5;75.1
80;2021-10-04;135;320;441631;428172;77.5;75.1
80;2021-10-05;163;460;441794;428632;77.5;75.2
81;2020-12-27;1;0;1;0;0.0;0.0
81;2020-12-28;0;0;1;0;0.0;0.0
81;2020-12-29;0;0;1;0;0.0;0.0
81;2020-12-30;1;0;2;0;0.0;0.0
81;2020-12-31;1;0;3;0;0.0;0.0
81;2021-01-01;0;0;3;0;0.0;0.0
81;2021-01-02;0;0;3;0;0.0;0.0
81;2021-01-03;0;0;3;0;0.0;0.0
81;2021-01-04;1;0;4;0;0.0;0.0
81;2021-01-05;0;0;4;0;0.0;0.0
81;2021-01-06;5;0;9;0;0.0;0.0
81;2021-01-07;265;0;274;0;0.1;0.0
81;2021-01-08;312;1;586;1;0.2;0.0
81;2021-01-09;74;1;660;2;0.2;0.0
81;2021-01-10;1;0;661;2;0.2;0.0
81;2021-01-11;133;0;794;2;0.2;0.0
81;2021-01-12;167;0;961;2;0.2;0.0
81;2021-01-13;234;1;1195;3;0.3;0.0
81;2021-01-14;963;5;2158;8;0.6;0.0
81;2021-01-15;523;3;2681;11;0.7;0.0
81;2021-01-16;71;1;2752;12;0.7;0.0
81;2021-01-17;0;0;2752;12;0.7;0.0
81;2021-01-18;581;2;3333;14;0.9;0.0
81;2021-01-19;662;4;3995;18;1.0;0.0
81;2021-01-20;754;2;4749;20;1.2;0.0
81;2021-01-21;1183;4;5932;24;1.5;0.0
81;2021-01-22;857;2;6789;26;1.8;0.0
81;2021-01-23;221;2;7010;28;1.8;0.0
81;2021-01-24;102;0;7112;28;1.8;0.0
81;2021-01-25;570;1;7682;29;2.0;0.0
81;2021-01-26;635;2;8317;31;2.1;0.0
81;2021-01-27;552;1;8869;32;2.3;0.0
81;2021-01-28;700;203;9569;235;2.5;0.1
81;2021-01-29;303;171;9872;406;2.5;0.1
81;2021-01-30;204;34;10076;440;2.6;0.1
81;2021-01-31;104;0;10180;440;2.6;0.1
81;2021-02-01;320;111;10500;551;2.7;0.1
81;2021-02-02;445;116;10945;667;2.8;0.2
81;2021-02-03;476;204;11421;871;2.9;0.2
81;2021-02-04;1449;628;12870;1499;3.3;0.4
81;2021-02-05;870;298;13740;1797;3.5;0.5
81;2021-02-06;274;17;14014;1814;3.6;0.5
81;2021-02-07;103;0;14117;1814;3.6;0.5
81;2021-02-08;275;194;14392;2008;3.7;0.5
81;2021-02-09;420;187;14812;2195;3.8;0.6
81;2021-02-10;371;262;15183;2457;3.9;0.6
81;2021-02-11;651;340;15834;2797;4.1;0.7
81;2021-02-12;579;465;16413;3262;4.2;0.8
81;2021-02-13;188;104;16601;3366;4.3;0.9
81;2021-02-14;100;1;16701;3367;4.3;0.9
81;2021-02-15;234;324;16935;3691;4.4;1.0
81;2021-02-16;281;459;17216;4150;4.4;1.1
81;2021-02-17;241;378;17457;4528;4.5;1.2
81;2021-02-18;482;540;17939;5068;4.6;1.3
81;2021-02-19;571;303;18510;5371;4.8;1.4
81;2021-02-20;322;223;18832;5594;4.9;1.4
81;2021-02-21;23;66;18855;5660;4.9;1.5
81;2021-02-22;233;419;19088;6079;4.9;1.6
81;2021-02-23;169;480;19257;6559;5.0;1.7
81;2021-02-24;291;513;19548;7072;5.0;1.8
81;2021-02-25;719;920;20267;7992;5.2;2.1
81;2021-02-26;911;843;21178;8835;5.5;2.3
81;2021-02-27;275;221;21453;9056;5.5;2.3
81;2021-02-28;21;61;21474;9117;5.5;2.4
81;2021-03-01;208;354;21682;9471;5.6;2.4
81;2021-03-02;364;458;22046;9929;5.7;2.6
81;2021-03-03;463;370;22509;10299;5.8;2.7
81;2021-03-04;1061;403;23570;10702;6.1;2.8
81;2021-03-05;1406;352;24976;11054;6.4;2.8
81;2021-03-06;982;158;25958;11212;6.7;2.9
81;2021-03-07;154;91;26112;11303;6.7;2.9
81;2021-03-08;466;319;26578;11622;6.9;3.0
81;2021-03-09;815;332;27393;11954;7.1;3.1
81;2021-03-10;898;360;28291;12314;7.3;3.2
81;2021-03-11;1350;325;29641;12639;7.6;3.3
81;2021-03-12;1690;296;31331;12935;8.1;3.3
81;2021-03-13;1031;171;32362;13106;8.3;3.4
81;2021-03-14;66;79;32428;13185;8.4;3.4
81;2021-03-15;1093;219;33521;13404;8.6;3.5
81;2021-03-16;724;215;34245;13619;8.8;3.5
81;2021-03-17;893;275;35138;13894;9.1;3.6
81;2021-03-18;971;573;36109;14467;9.3;3.7
81;2021-03-19;1271;456;37380;14923;9.6;3.8
81;2021-03-20;677;285;38057;15208;9.8;3.9
81;2021-03-21;139;22;38196;15230;9.8;3.9
81;2021-03-22;932;267;39128;15497;10.1;4.0
81;2021-03-23;1420;219;40548;15716;10.5;4.1
81;2021-03-24;1606;262;42154;15978;10.9;4.1
81;2021-03-25;2028;322;44182;16300;11.4;4.2
81;2021-03-26;2100;270;46282;16570;11.9;4.3
81;2021-03-27;1091;37;47373;16607;12.2;4.3
81;2021-03-28;734;38;48107;16645;12.4;4.3
81;2021-03-29;2866;189;50973;16834;13.1;4.3
81;2021-03-30;3055;215;54028;17049;13.9;4.4
81;2021-03-31;2691;298;56719;17347;14.6;4.5
81;2021-04-01;3314;568;60033;17915;15.5;4.6
81;2021-04-02;2616;369;62649;18284;16.2;4.7
81;2021-04-03;1147;304;63796;18588;16.4;4.8
81;2021-04-04;1403;24;65199;18612;16.8;4.8
81;2021-04-05;718;20;65917;18632;17.0;4.8
81;2021-04-06;1599;516;67516;19148;17.4;4.9
81;2021-04-07;1817;581;69333;19729;17.9;5.1
81;2021-04-08;2619;822;71952;20551;18.5;5.3
81;2021-04-09;3052;476;75004;21027;19.3;5.4
81;2021-04-10;1475;516;76479;21543;19.7;5.6
81;2021-04-11;1299;70;77778;21613;20.1;5.6
81;2021-04-12;1220;682;78998;22295;20.4;5.7
81;2021-04-13;2528;792;81526;23087;21.0;6.0
81;2021-04-14;2506;834;84032;23921;21.7;6.2
81;2021-04-15;3099;1198;87131;25119;22.5;6.5
81;2021-04-16;2822;1090;89953;26209;23.2;6.8
81;2021-04-17;1145;297;91098;26506;23.5;6.8
81;2021-04-18;519;145;91617;26651;23.6;6.9
81;2021-04-19;913;819;92530;27470;23.9;7.1
81;2021-04-20;2270;1168;94800;28638;24.4;7.4
81;2021-04-21;2224;1004;97024;29642;25.0;7.6
81;2021-04-22;2816;1060;99840;30702;25.7;7.9
81;2021-04-23;2885;969;102725;31671;26.5;8.2
81;2021-04-24;1326;741;104051;32412;26.8;8.4
81;2021-04-25;454;715;104505;33127;26.9;8.5
81;2021-04-26;1061;2421;105566;35548;27.2;9.2
81;2021-04-27;1596;2352;107162;37900;27.6;9.8
81;2021-04-28;1427;2393;108589;40293;28.0;10.4
81;2021-04-29;1818;2739;110407;43032;28.5;11.1
81;2021-04-30;2013;2348;112420;45380;29.0;11.7
81;2021-05-01;362;686;112782;46066;29.1;11.9
81;2021-05-02;291;1376;113073;47442;29.2;12.2
81;2021-05-03;1115;1168;114188;48610;29.4;12.5
81;2021-05-04;2620;1908;116808;50518;30.1;13.0
81;2021-05-05;2016;1931;118824;52449;30.6;13.5
81;2021-05-06;2748;3455;121572;55904;31.3;14.4
81;2021-05-07;2128;2878;123700;58782;31.9;15.2
81;2021-05-08;962;878;124662;59660;32.1;15.4
81;2021-05-09;534;1350;125196;61010;32.3;15.7
81;2021-05-10;824;1599;126020;62609;32.5;16.1
81;2021-05-11;1661;2571;127681;65180;32.9;16.8
81;2021-05-12;1640;2459;129321;67639;33.3;17.4
81;2021-05-13;1216;564;130537;68203;33.7;17.6
81;2021-05-14;1890;1723;132427;69926;34.1;18.0
81;2021-05-15;1511;618;133938;70544;34.5;18.2
81;2021-05-16;1368;417;135306;70961;34.9;18.3
81;2021-05-17;1167;864;136473;71825;35.2;18.5
81;2021-05-18;1702;1419;138175;73244;35.6;18.9
81;2021-05-19;2641;1244;140816;74488;36.3;19.2
81;2021-05-20;2968;1351;143784;75839;37.1;19.6
81;2021-05-21;2739;1115;146523;76954;37.8;19.8
81;2021-05-22;2814;520;149337;77474;38.5;20.0
81;2021-05-23;1178;74;150515;77548;38.8;20.0
81;2021-05-24;837;83;151352;77631;39.0;20.0
81;2021-05-25;2490;1100;153842;78731;39.7;20.3
81;2021-05-26;1891;800;155733;79531;40.1;20.5
81;2021-05-27;2555;1542;158288;81073;40.8;20.9
81;2021-05-28;2566;1660;160854;82733;41.5;21.3
81;2021-05-29;1400;544;162254;83277;41.8;21.5
81;2021-05-30;935;219;163189;83496;42.1;21.5
81;2021-05-31;1183;1336;164372;84832;42.4;21.9
81;2021-06-01;1779;2695;166151;87527;42.8;22.6
81;2021-06-02;2006;2444;168157;89971;43.4;23.2
81;2021-06-03;2003;2529;170160;92500;43.9;23.8
81;2021-06-04;1844;2942;172004;95442;44.3;24.6
81;2021-06-05;1757;1307;173761;96749;44.8;24.9
81;2021-06-06;370;366;174131;97115;44.9;25.0
81;2021-06-07;1209;1540;175340;98655;45.2;25.4
81;2021-06-08;2369;2382;177709;101037;45.8;26.0
81;2021-06-09;2438;1867;180147;102904;46.4;26.5
81;2021-06-10;1278;1560;181425;104464;46.8;26.9
81;2021-06-11;2657;2198;184082;106662;47.5;27.5
81;2021-06-12;1659;1038;185741;107700;47.9;27.8
81;2021-06-13;444;475;186185;108175;48.0;27.9
81;2021-06-14;771;1415;186956;109590;48.2;28.3
81;2021-06-15;1677;3500;188633;113090;48.6;29.2
81;2021-06-16;1269;3013;189902;116103;49.0;29.9
81;2021-06-17;1344;2525;191246;118628;49.3;30.6
81;2021-06-18;1836;2770;193082;121398;49.8;31.3
81;2021-06-19;824;951;193906;122349;50.0;31.5
81;2021-06-20;405;536;194311;122885;50.1;31.7
81;2021-06-21;425;1038;194736;123923;50.2;31.9
81;2021-06-22;1061;2567;195797;126490;50.5;32.6
81;2021-06-23;1142;2159;196939;128649;50.8;33.2
81;2021-06-24;1115;1937;198054;130586;51.1;33.7
81;2021-06-25;1238;2864;199292;133450;51.4;34.4
81;2021-06-26;721;1713;200013;135163;51.6;34.8
81;2021-06-27;526;1646;200539;136809;51.7;35.3
81;2021-06-28;476;1538;201015;138347;51.8;35.7
81;2021-06-29;1079;2634;202094;140981;52.1;36.3
81;2021-06-30;1043;3153;203137;144134;52.4;37.2
81;2021-07-01;1101;2627;204238;146761;52.7;37.8
81;2021-07-02;1070;2860;205308;149621;52.9;38.6
81;2021-07-03;732;2829;206040;152450;53.1;39.3
81;2021-07-04;268;1010;206308;153460;53.2;39.6
81;2021-07-05;702;1625;207010;155085;53.4;40.0
81;2021-07-06;975;3176;207985;158261;53.6;40.8
81;2021-07-07;1059;2437;209044;160698;53.9;41.4
81;2021-07-08;1030;2232;210074;162930;54.2;42.0
81;2021-07-09;1147;2702;211221;165632;54.5;42.7
81;2021-07-10;806;1523;212027;167155;54.7;43.1
81;2021-07-11;436;1012;212463;168167;54.8;43.4
81;2021-07-12;785;1725;213248;169892;55.0;43.8
81;2021-07-13;2081;3144;215329;173036;55.5;44.6
81;2021-07-14;1443;1573;216772;174609;55.9;45.0
81;2021-07-15;2545;2760;219317;177369;56.5;45.7
81;2021-07-16;2032;3027;221349;180396;57.1;46.5
81;2021-07-17;1218;2452;222567;182848;57.4;47.1
81;2021-07-18;672;1131;223239;183979;57.6;47.4
81;2021-07-19;1256;1734;224495;185713;57.9;47.9
81;2021-07-20;3064;2806;227559;188519;58.7;48.6
81;2021-07-21;3488;2346;231047;190865;59.6;49.2
81;2021-07-22;3557;2092;234604;192957;60.5;49.7
81;2021-07-23;3172;3245;237776;196202;61.3;50.6
81;2021-07-24;2519;1723;240295;197925;61.9;51.0
81;2021-07-25;1684;711;241979;198636;62.4;51.2
81;2021-07-26;2014;1547;243993;200183;62.9;51.6
81;2021-07-27;3619;2544;247612;202727;63.8;52.3
81;2021-07-28;3052;2206;250664;204933;64.6;52.8
81;2021-07-29;3354;1781;254018;206714;65.5;53.3
81;2021-07-30;2829;2261;256847;208975;66.2;53.9
81;2021-07-31;1947;1015;258794;209990;66.7;54.1
81;2021-08-01;835;639;259629;210629;66.9;54.3
81;2021-08-02;1082;989;260711;211618;67.2;54.6
81;2021-08-03;2362;2116;263073;213734;67.8;55.1
81;2021-08-04;2031;1535;265104;215269;68.3;55.5
81;2021-08-05;1544;1877;266648;217146;68.7;56.0
81;2021-08-06;1725;1970;268373;219116;69.2;56.5
81;2021-08-07;985;1042;269358;220158;69.4;56.8
81;2021-08-08;437;708;269795;220866;69.6;56.9
81;2021-08-09;805;659;270600;221525;69.8;57.1
81;2021-08-10;1610;2757;272210;224282;70.2;57.8
81;2021-08-11;1110;2410;273320;226692;70.5;58.4
81;2021-08-12;1063;2250;274383;228942;70.7;59.0
81;2021-08-13;873;2473;275256;231415;71.0;59.7
81;2021-08-14;501;1873;275757;233288;71.1;60.1
81;2021-08-15;141;1100;275898;234388;71.1;60.4
81;2021-08-16;631;1816;276529;236204;71.3;60.9
81;2021-08-17;1347;3101;277876;239305;71.6;61.7
81;2021-08-18;1067;2359;278943;241664;71.9;62.3
81;2021-08-19;942;2267;279885;243931;72.2;62.9
81;2021-08-20;929;2354;280814;246285;72.4;63.5
81;2021-08-21;471;1538;281285;247823;72.5;63.9
81;2021-08-22;184;931;281469;248754;72.6;64.1
81;2021-08-23;487;1260;281956;250014;72.7;64.5
81;2021-08-24;852;2543;282808;252557;72.9;65.1
81;2021-08-25;718;2054;283526;254611;73.1;65.6
81;2021-08-26;855;2110;284381;256721;73.3;66.2
81;2021-08-27;853;2185;285234;258906;73.5;66.7
81;2021-08-28;484;1417;285718;260323;73.7;67.1
81;2021-08-29;163;832;285881;261155;73.7;67.3
81;2021-08-30;420;1211;286301;262366;73.8;67.6
81;2021-08-31;832;2117;287133;264483;74.0;68.2
81;2021-09-01;658;1410;287791;265893;74.2;68.5
81;2021-09-02;575;1305;288366;267198;74.3;68.9
81;2021-09-03;581;1467;288947;268665;74.5;69.3
81;2021-09-04;496;932;289443;269597;74.6;69.5
81;2021-09-05;97;245;289540;269842;74.6;69.6
81;2021-09-06;279;678;289819;270520;74.7;69.7
81;2021-09-07;387;1379;290206;271899;74.8;70.1
81;2021-09-08;439;1267;290645;273166;74.9;70.4
81;2021-09-09;367;1040;291012;274206;75.0;70.7
81;2021-09-10;394;1247;291406;275453;75.1;71.0
81;2021-09-11;407;926;291813;276379;75.2;71.3
81;2021-09-12;79;244;291892;276623;75.2;71.3
81;2021-09-13;230;729;292122;277352;75.3;71.5
81;2021-09-14;503;1196;292625;278548;75.4;71.8
81;2021-09-15;452;765;293077;279313;75.6;72.0
81;2021-09-16;335;548;293412;279861;75.6;72.1
81;2021-09-17;411;841;293823;280702;75.7;72.4
81;2021-09-18;258;697;294081;281399;75.8;72.5
81;2021-09-19;50;164;294131;281563;75.8;72.6
81;2021-09-20;107;324;294238;281887;75.9;72.7
81;2021-09-21;265;596;294503;282483;75.9;72.8
81;2021-09-22;212;664;294715;283147;76.0;73.0
81;2021-09-23;164;663;294879;283810;76.0;73.2
81;2021-09-24;308;705;295187;284515;76.1;73.3
81;2021-09-25;173;673;295360;285188;76.1;73.5
81;2021-09-26;36;116;295396;285304;76.2;73.6
81;2021-09-27;136;272;295532;285576;76.2;73.6
81;2021-09-28;185;362;295717;285938;76.2;73.7
81;2021-09-29;248;517;295965;286455;76.3;73.8
81;2021-09-30;140;292;296105;286747;76.3;73.9
81;2021-10-01;244;426;296349;287173;76.4;74.0
81;2021-10-02;180;415;296529;287588;76.4;74.1
81;2021-10-03;44;104;296573;287692;76.5;74.2
81;2021-10-04;87;209;296660;287901;76.5;74.2
81;2021-10-05;133;318;296793;288219;76.5;74.3
82;2020-12-27;1;0;1;0;0.0;0.0
82;2020-12-28;2;0;3;0;0.0;0.0
82;2020-12-29;0;0;3;0;0.0;0.0
82;2020-12-30;0;0;3;0;0.0;0.0
82;2020-12-31;0;0;3;0;0.0;0.0
82;2021-01-01;0;0;3;0;0.0;0.0
82;2021-01-02;0;0;3;0;0.0;0.0
82;2021-01-03;0;0;3;0;0.0;0.0
82;2021-01-04;0;0;3;0;0.0;0.0
82;2021-01-05;86;0;89;0;0.0;0.0
82;2021-01-06;1;0;90;0;0.0;0.0
82;2021-01-07;75;0;165;0;0.1;0.0
82;2021-01-08;46;0;211;0;0.1;0.0
82;2021-01-09;77;0;288;0;0.1;0.0
82;2021-01-10;0;0;288;0;0.1;0.0
82;2021-01-11;94;0;382;0;0.1;0.0
82;2021-01-12;285;0;667;0;0.3;0.0
82;2021-01-13;336;1;1003;1;0.4;0.0
82;2021-01-14;443;2;1446;3;0.6;0.0
82;2021-01-15;612;2;2058;5;0.8;0.0
82;2021-01-16;230;3;2288;8;0.9;0.0
82;2021-01-17;89;0;2377;8;0.9;0.0
82;2021-01-18;432;0;2809;8;1.1;0.0
82;2021-01-19;482;1;3291;9;1.3;0.0
82;2021-01-20;663;2;3954;11;1.5;0.0
82;2021-01-21;446;2;4400;13;1.7;0.0
82;2021-01-22;483;2;4883;15;1.9;0.0
82;2021-01-23;151;0;5034;15;1.9;0.0
82;2021-01-24;0;0;5034;15;1.9;0.0
82;2021-01-25;375;0;5409;15;2.1;0.0
82;2021-01-26;468;0;5877;15;2.2;0.0
82;2021-01-27;520;0;6397;15;2.4;0.0
82;2021-01-28;587;34;6984;49;2.7;0.0
82;2021-01-29;405;108;7389;157;2.8;0.1
82;2021-01-30;44;20;7433;177;2.8;0.1
82;2021-01-31;2;0;7435;177;2.8;0.1
82;2021-02-01;292;53;7727;230;2.9;0.1
82;2021-02-02;344;97;8071;327;3.1;0.1
82;2021-02-03;462;65;8533;392;3.2;0.1
82;2021-02-04;768;208;9301;600;3.5;0.2
82;2021-02-05;480;132;9781;732;3.7;0.3
82;2021-02-06;93;36;9874;768;3.8;0.3
82;2021-02-07;29;79;9903;847;3.8;0.3
82;2021-02-08;151;185;10054;1032;3.8;0.4
82;2021-02-09;238;330;10292;1362;3.9;0.5
82;2021-02-10;271;543;10563;1905;4.0;0.7
82;2021-02-11;225;346;10788;2251;4.1;0.9
82;2021-02-12;190;520;10978;2771;4.2;1.1
82;2021-02-13;60;97;11038;2868;4.2;1.1
82;2021-02-14;5;61;11043;2929;4.2;1.1
82;2021-02-15;216;246;11259;3175;4.3;1.2
82;2021-02-16;280;326;11539;3501;4.4;1.3
82;2021-02-17;359;463;11898;3964;4.5;1.5
82;2021-02-18;507;430;12405;4394;4.7;1.7
82;2021-02-19;490;500;12895;4894;4.9;1.9
82;2021-02-20;78;119;12973;5013;4.9;1.9
82;2021-02-21;0;0;12973;5013;4.9;1.9
82;2021-02-22;200;332;13173;5345;5.0;2.0
82;2021-02-23;277;411;13450;5756;5.1;2.2
82;2021-02-24;284;363;13734;6119;5.2;2.3
82;2021-02-25;637;466;14371;6585;5.5;2.5
82;2021-02-26;648;382;15019;6967;5.7;2.7
82;2021-02-27;214;63;15233;7030;5.8;2.7
82;2021-02-28;30;7;15263;7037;5.8;2.7
82;2021-03-01;291;197;15554;7234;5.9;2.8
82;2021-03-02;495;356;16049;7590;6.1;2.9
82;2021-03-03;440;342;16489;7932;6.3;3.0
82;2021-03-04;600;280;17089;8212;6.5;3.1
82;2021-03-05;680;359;17769;8571;6.8;3.3
82;2021-03-06;693;36;18462;8607;7.0;3.3
82;2021-03-07;302;3;18764;8610;7.1;3.3
82;2021-03-08;603;141;19367;8751;7.4;3.3
82;2021-03-09;582;229;19949;8980;7.6;3.4
82;2021-03-10;779;223;20728;9203;7.9;3.5
82;2021-03-11;977;267;21705;9470;8.3;3.6
82;2021-03-12;992;99;22697;9569;8.6;3.6
82;2021-03-13;564;54;23261;9623;8.9;3.7
82;2021-03-14;61;5;23322;9628;8.9;3.7
82;2021-03-15;485;312;23807;9940;9.1;3.8
82;2021-03-16;197;324;24004;10264;9.1;3.9
82;2021-03-17;191;285;24195;10549;9.2;4.0
82;2021-03-18;279;344;24474;10893;9.3;4.1
82;2021-03-19;533;303;25007;11196;9.5;4.3
82;2021-03-20;251;56;25258;11252;9.6;4.3
82;2021-03-21;23;0;25281;11252;9.6;4.3
82;2021-03-22;406;317;25687;11569;9.8;4.4
82;2021-03-23;601;312;26288;11881;10.0;4.5
82;2021-03-24;621;321;26909;12202;10.2;4.6
82;2021-03-25;928;244;27837;12446;10.6;4.7
82;2021-03-26;1216;264;29053;12710;11.1;4.8
82;2021-03-27;479;78;29532;12788;11.2;4.9
82;2021-03-28;136;2;29668;12790;11.3;4.9
82;2021-03-29;925;375;30593;13165;11.6;5.0
82;2021-03-30;1188;280;31781;13445;12.1;5.1
82;2021-03-31;1018;260;32799;13705;12.5;5.2
82;2021-04-01;1070;196;33869;13901;12.9;5.3
82;2021-04-02;1213;284;35082;14185;13.4;5.4
82;2021-04-03;715;129;35797;14314;13.6;5.5
82;2021-04-04;276;14;36073;14328;13.7;5.5
82;2021-04-05;388;20;36461;14348;13.9;5.5
82;2021-04-06;953;510;37414;14858;14.2;5.7
82;2021-04-07;1016;495;38430;15353;14.6;5.8
82;2021-04-08;1454;418;39884;15771;15.2;6.0
82;2021-04-09;1656;470;41540;16241;15.8;6.2
82;2021-04-10;1716;103;43256;16344;16.5;6.2
82;2021-04-11;560;19;43816;16363;16.7;6.2
82;2021-04-12;1348;294;45164;16657;17.2;6.3
82;2021-04-13;1626;271;46790;16928;17.8;6.4
82;2021-04-14;1411;299;48201;17227;18.4;6.6
82;2021-04-15;1781;324;49982;17551;19.0;6.7
82;2021-04-16;1542;335;51524;17886;19.6;6.8
82;2021-04-17;1243;70;52767;17956;20.1;6.8
82;2021-04-18;560;15;53327;17971;20.3;6.8
82;2021-04-19;958;358;54285;18329;20.7;7.0
82;2021-04-20;1267;401;55552;18730;21.2;7.1
82;2021-04-21;1217;373;56769;19103;21.6;7.3
82;2021-04-22;1452;294;58221;19397;22.2;7.4
82;2021-04-23;1076;682;59297;20079;22.6;7.6
82;2021-04-24;1188;265;60485;20344;23.0;7.7
82;2021-04-25;736;49;61221;20393;23.3;7.8
82;2021-04-26;748;808;61969;21201;23.6;8.1
82;2021-04-27;905;921;62874;22122;23.9;8.4
82;2021-04-28;921;896;63795;23018;24.3;8.8
82;2021-04-29;1107;912;64902;23930;24.7;9.1
82;2021-04-30;1042;884;65944;24814;25.1;9.4
82;2021-05-01;1143;258;67087;25072;25.5;9.5
82;2021-05-02;697;145;67784;25217;25.8;9.6
82;2021-05-03;410;1216;68194;26433;26.0;10.1
82;2021-05-04;862;1167;69056;27600;26.3;10.5
82;2021-05-05;568;1172;69624;28772;26.5;11.0
82;2021-05-06;848;1409;70472;30181;26.8;11.5
82;2021-05-07;734;1456;71206;31637;27.1;12.0
82;2021-05-08;934;518;72140;32155;27.5;12.2
82;2021-05-09;753;578;72893;32733;27.8;12.5
82;2021-05-10;850;1363;73743;34096;28.1;13.0
82;2021-05-11;1157;1347;74900;35443;28.5;13.5
82;2021-05-12;1015;1344;75915;36787;28.9;14.0
82;2021-05-13;1454;432;77369;37219;29.5;14.2
82;2021-05-14;1690;1239;79059;38458;30.1;14.6
82;2021-05-15;1934;696;80993;39154;30.8;14.9
82;2021-05-16;558;114;81551;39268;31.1;15.0
82;2021-05-17;1090;1172;82641;40440;31.5;15.4
82;2021-05-18;1465;1189;84106;41629;32.0;15.9
82;2021-05-19;1272;974;85378;42603;32.5;16.2
82;2021-05-20;1408;1160;86786;43763;33.0;16.7
82;2021-05-21;1411;1218;88197;44981;33.6;17.1
82;2021-05-22;2067;623;90264;45604;34.4;17.4
82;2021-05-23;705;117;90969;45721;34.6;17.4
82;2021-05-24;1441;265;92410;45986;35.2;17.5
82;2021-05-25;1444;963;93854;46949;35.7;17.9
82;2021-05-26;1411;919;95265;47868;36.3;18.2
82;2021-05-27;1460;1025;96725;48893;36.8;18.6
82;2021-05-28;1540;1139;98265;50032;37.4;19.1
82;2021-05-29;1496;543;99761;50575;38.0;19.3
82;2021-05-30;402;101;100163;50676;38.1;19.3
82;2021-05-31;1490;990;101653;51666;38.7;19.7
82;2021-06-01;1750;1048;103403;52714;39.4;20.1
82;2021-06-02;1477;1005;104880;53719;39.9;20.5
82;2021-06-03;1489;1181;106369;54900;40.5;20.9
82;2021-06-04;2250;1305;108619;56205;41.4;21.4
82;2021-06-05;2267;984;110886;57189;42.2;21.8
82;2021-06-06;329;133;111215;57322;42.3;21.8
82;2021-06-07;957;1275;112172;58597;42.7;22.3
82;2021-06-08;1445;1138;113617;59735;43.3;22.7
82;2021-06-09;1707;1142;115324;60877;43.9;23.2
82;2021-06-10;1441;1208;116765;62085;44.5;23.6
82;2021-06-11;1922;1128;118687;63213;45.2;24.1
82;2021-06-12;2392;1393;121079;64606;46.1;24.6
82;2021-06-13;379;113;121458;64719;46.2;24.6
82;2021-06-14;1213;1082;122671;65801;46.7;25.1
82;2021-06-15;1462;1245;124133;67046;47.3;25.5
82;2021-06-16;1749;1168;125882;68214;47.9;26.0
82;2021-06-17;1219;1472;127101;69686;48.4;26.5
82;2021-06-18;1469;1439;128570;71125;49.0;27.1
82;2021-06-19;2269;981;130839;72106;49.8;27.5
82;2021-06-20;269;173;131108;72279;49.9;27.5
82;2021-06-21;484;1361;131592;73640;50.1;28.0
82;2021-06-22;892;1710;132484;75350;50.4;28.7
82;2021-06-23;1238;1586;133722;76936;50.9;29.3
82;2021-06-24;756;1904;134478;78840;51.2;30.0
82;2021-06-25;739;1936;135217;80776;51.5;30.8
82;2021-06-26;1239;2145;136456;82921;52.0;31.6
82;2021-06-27;195;440;136651;83361;52.0;31.7
82;2021-06-28;329;1411;136980;84772;52.2;32.3
82;2021-06-29;518;1840;137498;86612;52.4;33.0
82;2021-06-30;947;1912;138445;88524;52.7;33.7
82;2021-07-01;658;1632;139103;90156;53.0;34.3
82;2021-07-02;931;2293;140034;92449;53.3;35.2
82;2021-07-03;858;2340;140892;94789;53.6;36.1
82;2021-07-04;120;439;141012;95228;53.7;36.3
82;2021-07-05;445;1561;141457;96789;53.9;36.9
82;2021-07-06;513;1866;141970;98655;54.1;37.6
82;2021-07-07;793;1772;142763;100427;54.4;38.2
82;2021-07-08;504;1504;143267;101931;54.6;38.8
82;2021-07-09;781;2154;144048;104085;54.9;39.6
82;2021-07-10;706;2215;144754;106300;55.1;40.5
82;2021-07-11;39;380;144793;106680;55.1;40.6
82;2021-07-12;578;1884;145371;108564;55.4;41.3
82;2021-07-13;714;2003;146085;110567;55.6;42.1
82;2021-07-14;617;741;146702;111308;55.9;42.4
82;2021-07-15;858;1748;147560;113056;56.2;43.0
82;2021-07-16;1436;2636;148996;115692;56.7;44.1
82;2021-07-17;560;2182;149556;117874;56.9;44.9
82;2021-07-18;14;41;149570;117915;57.0;44.9
82;2021-07-19;736;2072;150306;119987;57.2;45.7
82;2021-07-20;920;1883;151226;121870;57.6;46.4
82;2021-07-21;1289;1759;152515;123629;58.1;47.1
82;2021-07-22;1083;1765;153598;125394;58.5;47.7
82;2021-07-23;1056;2990;154654;128384;58.9;48.9
82;2021-07-24;1102;1490;155756;129874;59.3;49.5
82;2021-07-25;303;73;156059;129947;59.4;49.5
82;2021-07-26;950;1896;157009;131843;59.8;50.2
82;2021-07-27;1324;1640;158333;133483;60.3;50.8
82;2021-07-28;1469;1499;159802;134982;60.8;51.4
82;2021-07-29;1331;1534;161133;136516;61.4;52.0
82;2021-07-30;1537;2474;162670;138990;61.9;52.9
82;2021-07-31;459;296;163129;139286;62.1;53.0
82;2021-08-01;273;50;163402;139336;62.2;53.1
82;2021-08-02;1271;878;164673;140214;62.7;53.4
82;2021-08-03;1435;832;166108;141046;63.3;53.7
82;2021-08-04;1363;1029;167471;142075;63.8;54.1
82;2021-08-05;1491;600;168962;142675;64.3;54.3
82;2021-08-06;996;646;169958;143321;64.7;54.6
82;2021-08-07;923;1196;170881;144517;65.1;55.0
82;2021-08-08;157;65;171038;144582;65.1;55.1
82;2021-08-09;1071;899;172109;145481;65.5;55.4
82;2021-08-10;1290;917;173399;146398;66.0;55.7
82;2021-08-11;1264;1123;174663;147521;66.5;56.2
82;2021-08-12;1473;946;176136;148467;67.1;56.5
82;2021-08-13;1413;997;177549;149464;67.6;56.9
82;2021-08-14;314;486;177863;149950;67.7;57.1
82;2021-08-15;61;38;177924;149988;67.8;57.1
82;2021-08-16;781;1459;178705;151447;68.0;57.7
82;2021-08-17;1064;1236;179769;152683;68.5;58.1
82;2021-08-18;616;848;180385;153531;68.7;58.5
82;2021-08-19;1012;1146;181397;154677;69.1;58.9
82;2021-08-20;1034;1907;182431;156584;69.5;59.6
82;2021-08-21;495;990;182926;157574;69.7;60.0
82;2021-08-22;21;55;182947;157629;69.7;60.0
82;2021-08-23;745;1292;183692;158921;69.9;60.5
82;2021-08-24;863;1117;184555;160038;70.3;60.9
82;2021-08-25;849;1538;185404;161576;70.6;61.5
82;2021-08-26;598;1108;186002;162684;70.8;61.9
82;2021-08-27;898;1685;186900;164369;71.2;62.6
82;2021-08-28;211;616;187111;164985;71.2;62.8
82;2021-08-29;44;49;187155;165034;71.3;62.8
82;2021-08-30;430;1024;187585;166058;71.4;63.2
82;2021-08-31;339;1028;187924;167086;71.6;63.6
82;2021-09-01;721;1405;188645;168491;71.8;64.2
82;2021-09-02;406;1294;189051;169785;72.0;64.7
82;2021-09-03;500;1882;189551;171667;72.2;65.4
82;2021-09-04;426;741;189977;172408;72.3;65.6
82;2021-09-05;6;23;189983;172431;72.3;65.7
82;2021-09-06;373;1289;190356;173720;72.5;66.1
82;2021-09-07;209;962;190565;174682;72.6;66.5
82;2021-09-08;495;1259;191060;175941;72.8;67.0
82;2021-09-09;249;1045;191309;176986;72.8;67.4
82;2021-09-10;487;1459;191796;178445;73.0;67.9
82;2021-09-11;212;520;192008;178965;73.1;68.1
82;2021-09-12;10;29;192018;178994;73.1;68.2
82;2021-09-13;298;1114;192316;180108;73.2;68.6
82;2021-09-14;210;945;192526;181053;73.3;68.9
82;2021-09-15;307;1166;192833;182219;73.4;69.4
82;2021-09-16;220;495;193053;182714;73.5;69.6
82;2021-09-17;187;495;193240;183209;73.6;69.8
82;2021-09-18;326;1082;193566;184291;73.7;70.2
82;2021-09-19;1;14;193567;184305;73.7;70.2
82;2021-09-20;140;415;193707;184720;73.8;70.3
82;2021-09-21;94;382;193801;185102;73.8;70.5
82;2021-09-22;136;455;193937;185557;73.8;70.7
82;2021-09-23;112;382;194049;185939;73.9;70.8
82;2021-09-24;211;599;194260;186538;74.0;71.0
82;2021-09-25;231;658;194491;187196;74.1;71.3
82;2021-09-26;5;10;194496;187206;74.1;71.3
82;2021-09-27;100;453;194596;187659;74.1;71.5
82;2021-09-28;90;229;194686;187888;74.1;71.5
82;2021-09-29;231;479;194917;188367;74.2;71.7
82;2021-09-30;110;250;195027;188617;74.3;71.8
82;2021-10-01;196;372;195223;188989;74.3;72.0
82;2021-10-02;132;272;195355;189261;74.4;72.1
82;2021-10-03;1;1;195356;189262;74.4;72.1
82;2021-10-04;120;415;195476;189677;74.4;72.2
82;2021-10-05;128;273;195604;189950;74.5;72.3
83;2020-12-27;1;0;1;0;0.0;0.0
83;2020-12-28;0;0;1;0;0.0;0.0
83;2020-12-29;2;0;3;0;0.0;0.0
83;2020-12-30;3;0;6;0;0.0;0.0
83;2020-12-31;0;0;6;0;0.0;0.0
83;2021-01-01;1;0;7;0;0.0;0.0
83;2021-01-02;0;0;7;0;0.0;0.0
83;2021-01-03;1;0;8;0;0.0;0.0
83;2021-01-04;1;0;9;0;0.0;0.0
83;2021-01-05;4;0;13;0;0.0;0.0
83;2021-01-06;69;0;82;0;0.0;0.0
83;2021-01-07;324;0;406;0;0.0;0.0
83;2021-01-08;421;0;827;0;0.1;0.0
83;2021-01-09;48;0;875;0;0.1;0.0
83;2021-01-10;1;0;876;0;0.1;0.0
83;2021-01-11;475;0;1351;0;0.1;0.0
83;2021-01-12;1015;4;2366;4;0.2;0.0
83;2021-01-13;963;7;3329;11;0.3;0.0
83;2021-01-14;847;5;4176;16;0.4;0.0
83;2021-01-15;714;2;4890;18;0.5;0.0
83;2021-01-16;42;1;4932;19;0.5;0.0
83;2021-01-17;1;0;4933;19;0.5;0.0
83;2021-01-18;1227;4;6160;23;0.6;0.0
83;2021-01-19;2019;6;8179;29;0.8;0.0
83;2021-01-20;1660;7;9839;36;0.9;0.0
83;2021-01-21;2099;7;11938;43;1.1;0.0
83;2021-01-22;1662;6;13600;49;1.3;0.0
83;2021-01-23;246;0;13846;49;1.3;0.0
83;2021-01-24;21;1;13867;50;1.3;0.0
83;2021-01-25;1557;7;15424;57;1.4;0.0
83;2021-01-26;1758;12;17182;69;1.6;0.0
83;2021-01-27;2154;79;19336;148;1.8;0.0
83;2021-01-28;5099;342;24435;490;2.3;0.0
83;2021-01-29;2951;317;27386;807;2.6;0.1
83;2021-01-30;237;42;27623;849;2.6;0.1
83;2021-01-31;46;0;27669;849;2.6;0.1
83;2021-02-01;1283;380;28952;1229;2.7;0.1
83;2021-02-02;1440;682;30392;1911;2.8;0.2
83;2021-02-03;1527;587;31919;2498;3.0;0.2
83;2021-02-04;1485;702;33404;3200;3.1;0.3
83;2021-02-05;1226;610;34630;3810;3.2;0.4
83;2021-02-06;23;12;34653;3822;3.2;0.4
83;2021-02-07;1;0;34654;3822;3.2;0.4
83;2021-02-08;1090;550;35744;4372;3.3;0.4
83;2021-02-09;1325;757;37069;5129;3.5;0.5
83;2021-02-10;1536;722;38605;5851;3.6;0.5
83;2021-02-11;1612;975;40217;6826;3.7;0.6
83;2021-02-12;1349;768;41566;7594;3.9;0.7
83;2021-02-13;55;21;41621;7615;3.9;0.7
83;2021-02-14;0;0;41621;7615;3.9;0.7
83;2021-02-15;677;768;42298;8383;3.9;0.8
83;2021-02-16;544;1073;42842;9456;4.0;0.9
83;2021-02-17;804;1501;43646;10957;4.1;1.0
83;2021-02-18;1630;3349;45276;14306;4.2;1.3
83;2021-02-19;1482;1999;46758;16305;4.4;1.5
83;2021-02-20;63;155;46821;16460;4.4;1.5
83;2021-02-21;25;33;46846;16493;4.4;1.5
83;2021-02-22;507;1382;47353;17875;4.4;1.7
83;2021-02-23;671;1133;48024;19008;4.5;1.8
83;2021-02-24;725;1175;48749;20183;4.5;1.9
83;2021-02-25;1250;1105;49999;21288;4.7;2.0
83;2021-02-26;1298;979;51297;22267;4.8;2.1
83;2021-02-27;552;50;51849;22317;4.8;2.1
83;2021-02-28;10;12;51859;22329;4.8;2.1
83;2021-03-01;808;986;52667;23315;4.9;2.2
83;2021-03-02;992;1067;53659;24382;5.0;2.3
83;2021-03-03;1440;1283;55099;25665;5.1;2.4
83;2021-03-04;1892;1165;56991;26830;5.3;2.5
83;2021-03-05;2221;1064;59212;27894;5.5;2.6
83;2021-03-06;3010;111;62222;28005;5.8;2.6
83;2021-03-07;2227;44;64449;28049;6.0;2.6
83;2021-03-08;851;1104;65300;29153;6.1;2.7
83;2021-03-09;1938;1037;67238;30190;6.3;2.8
83;2021-03-10;2381;1230;69619;31420;6.5;2.9
83;2021-03-11;3677;2041;73296;33461;6.8;3.1
83;2021-03-12;3661;1379;76957;34840;7.2;3.2
83;2021-03-13;4614;174;81571;35014;7.6;3.3
83;2021-03-14;2341;55;83912;35069;7.8;3.3
83;2021-03-15;3339;650;87251;35719;8.1;3.3
83;2021-03-16;2601;663;89852;36382;8.4;3.4
83;2021-03-17;2846;740;92698;37122;8.6;3.5
83;2021-03-18;3550;783;96248;37905;9.0;3.5
83;2021-03-19;4175;582;100423;38487;9.4;3.6
83;2021-03-20;3477;71;103900;38558;9.7;3.6
83;2021-03-21;2011;32;105911;38590;9.9;3.6
83;2021-03-22;3965;886;109876;39476;10.2;3.7
83;2021-03-23;4751;579;114627;40055;10.7;3.7
83;2021-03-24;5050;708;119677;40763;11.1;3.8
83;2021-03-25;6534;844;126211;41607;11.8;3.9
83;2021-03-26;7174;749;133385;42356;12.4;3.9
83;2021-03-27;3969;383;137354;42739;12.8;4.0
83;2021-03-28;2183;34;139537;42773;13.0;4.0
83;2021-03-29;4557;760;144094;43533;13.4;4.1
83;2021-03-30;5969;940;150063;44473;14.0;4.1
83;2021-03-31;5554;1070;155617;45543;14.5;4.2
83;2021-04-01;5980;1250;161597;46793;15.0;4.4
83;2021-04-02;5762;1068;167359;47861;15.6;4.5
83;2021-04-03;1800;628;169159;48489;15.8;4.5
83;2021-04-04;854;345;170013;48834;15.8;4.5
83;2021-04-05;190;64;170203;48898;15.8;4.6
83;2021-04-06;4731;1394;174934;50292;16.3;4.7
83;2021-04-07;5832;1657;180766;51949;16.8;4.8
83;2021-04-08;7893;2001;188659;53950;17.6;5.0
83;2021-04-09;7599;2200;196258;56150;18.3;5.2
83;2021-04-10;2948;2643;199206;58793;18.6;5.5
83;2021-04-11;1715;2131;200921;60924;18.7;5.7
83;2021-04-12;4951;2855;205872;63779;19.2;5.9
83;2021-04-13;5408;2992;211280;66771;19.7;6.2
83;2021-04-14;5896;2933;217176;69704;20.2;6.5
83;2021-04-15;6774;3034;223950;72738;20.9;6.8
83;2021-04-16;6127;3515;230077;76253;21.4;7.1
83;2021-04-17;3510;2185;233587;78438;21.8;7.3
83;2021-04-18;2179;1292;235766;79730;22.0;7.4
83;2021-04-19;4113;3898;239879;83628;22.3;7.8
83;2021-04-20;4360;3866;244239;87494;22.7;8.1
83;2021-04-21;4300;4144;248539;91638;23.1;8.5
83;2021-04-22;5009;4292;253548;95930;23.6;8.9
83;2021-04-23;4528;4562;258076;100492;24.0;9.4
83;2021-04-24;2629;2711;260705;103203;24.3;9.6
83;2021-04-25;1925;1571;262630;104774;24.5;9.8
83;2021-04-26;3568;3849;266198;108623;24.8;10.1
83;2021-04-27;4140;4534;270338;113157;25.2;10.5
83;2021-04-28;4314;4359;274652;117516;25.6;10.9
83;2021-04-29;5822;5108;280474;122624;26.1;11.4
83;2021-04-30;5785;4287;286259;126911;26.7;11.8
83;2021-05-01;1693;430;287952;127341;26.8;11.9
83;2021-05-02;1237;758;289189;128099;26.9;11.9
83;2021-05-03;3750;4282;292939;132381;27.3;12.3
83;2021-05-04;3346;5096;296285;137477;27.6;12.8
83;2021-05-05;3643;4972;299928;142449;27.9;13.3
83;2021-05-06;4678;4950;304606;147399;28.4;13.7
83;2021-05-07;4165;5307;308771;152706;28.8;14.2
83;2021-05-08;2764;1012;311535;153718;29.0;14.3
83;2021-05-09;2151;1236;313686;154954;29.2;14.4
83;2021-05-10;3201;5416;316887;160370;29.5;14.9
83;2021-05-11;5126;5684;322013;166054;30.0;15.5
83;2021-05-12;6292;4846;328305;170900;30.6;15.9
83;2021-05-13;6582;1343;334887;172243;31.2;16.0
83;2021-05-14;7422;4116;342309;176359;31.9;16.4
83;2021-05-15;7751;2204;350060;178563;32.6;16.6
83;2021-05-16;6625;1248;356685;179811;33.2;16.7
83;2021-05-17;4892;4209;361577;184020;33.7;17.1
83;2021-05-18;5533;3862;367110;187882;34.2;17.5
83;2021-05-19;6205;3410;373315;191292;34.8;17.8
83;2021-05-20;6752;3805;380067;195097;35.4;18.2
83;2021-05-21;7904;3864;387971;198961;36.1;18.5
83;2021-05-22;6087;1719;394058;200680;36.7;18.7
83;2021-05-23;4682;713;398740;201393;37.1;18.8
83;2021-05-24;5809;973;404549;202366;37.7;18.8
83;2021-05-25;5510;4755;410059;207121;38.2;19.3
83;2021-05-26;4858;4445;414917;211566;38.6;19.7
83;2021-05-27;5068;5250;419985;216816;39.1;20.2
83;2021-05-28;4503;5755;424488;222571;39.5;20.7
83;2021-05-29;2706;4266;427194;226837;39.8;21.1
83;2021-05-30;1256;1372;428450;228209;39.9;21.3
83;2021-05-31;5487;4763;433937;232972;40.4;21.7
83;2021-06-01;5732;5290;439669;238262;40.9;22.2
83;2021-06-02;5262;4581;444931;242843;41.4;22.6
83;2021-06-03;5744;5128;450675;247971;42.0;23.1
83;2021-06-04;5444;6040;456119;254011;42.5;23.7
83;2021-06-05;3919;3197;460038;257208;42.8;24.0
83;2021-06-06;1933;1383;461971;258591;43.0;24.1
83;2021-06-07;3913;5088;465884;263679;43.4;24.6
83;2021-06-08;4174;4816;470058;268495;43.8;25.0
83;2021-06-09;4007;4700;474065;273195;44.1;25.4
83;2021-06-10;3999;4261;478064;277456;44.5;25.8
83;2021-06-11;3657;5447;481721;282903;44.9;26.3
83;2021-06-12;2913;2982;484634;285885;45.1;26.6
83;2021-06-13;995;1390;485629;287275;45.2;26.8
83;2021-06-14;2853;5651;488482;292926;45.5;27.3
83;2021-06-15;3166;4858;491648;297784;45.8;27.7
83;2021-06-16;2963;4503;494611;302287;46.1;28.2
83;2021-06-17;2784;5287;497395;307574;46.3;28.6
83;2021-06-18;3160;5965;500555;313539;46.6;29.2
83;2021-06-19;2323;4100;502878;317639;46.8;29.6
83;2021-06-20;676;1889;503554;319528;46.9;29.8
83;2021-06-21;2109;7585;505663;327113;47.1;30.5
83;2021-06-22;2103;7162;507766;334275;47.3;31.1
83;2021-06-23;1935;6929;509701;341204;47.5;31.8
83;2021-06-24;1962;7364;511663;348568;47.6;32.5
83;2021-06-25;2111;8394;513774;356962;47.8;33.2
83;2021-06-26;1462;6808;515236;363770;48.0;33.9
83;2021-06-27;692;3184;515928;366954;48.0;34.2
83;2021-06-28;1570;7880;517498;374834;48.2;34.9
83;2021-06-29;1907;7808;519405;382642;48.4;35.6
83;2021-06-30;2240;7273;521645;389915;48.6;36.3
83;2021-07-01;2562;6565;524207;396480;48.8;36.9
83;2021-07-02;2265;7798;526472;404278;49.0;37.6
83;2021-07-03;1509;5686;527981;409964;49.2;38.2
83;2021-07-04;572;2752;528553;412716;49.2;38.4
83;2021-07-05;1925;7531;530478;420247;49.4;39.1
83;2021-07-06;2571;5940;533049;426187;49.6;39.7
83;2021-07-07;2686;4667;535735;430854;49.9;40.1
83;2021-07-08;3246;4471;538981;435325;50.2;40.5
83;2021-07-09;3045;6963;542026;442288;50.5;41.2
83;2021-07-10;1579;4926;543605;447214;50.6;41.6
83;2021-07-11;1009;1766;544614;448980;50.7;41.8
83;2021-07-12;2142;7688;546756;456668;50.9;42.5
83;2021-07-13;4042;7093;550798;463761;51.3;43.2
83;2021-07-14;2094;1321;552892;465082;51.5;43.3
83;2021-07-15;4578;6843;557470;471925;51.9;43.9
83;2021-07-16;5274;7118;562744;479043;52.4;44.6
83;2021-07-17;3648;4999;566392;484042;52.7;45.1
83;2021-07-18;1604;1311;567996;485353;52.9;45.2
83;2021-07-19;3954;6316;571950;491669;53.3;45.8
83;2021-07-20;5986;6189;577936;497858;53.8;46.4
83;2021-07-21;6031;5214;583967;503072;54.4;46.8
83;2021-07-22;7117;5539;591084;508611;55.0;47.4
83;2021-07-23;7097;5916;598181;514527;55.7;47.9
83;2021-07-24;4650;4560;602831;519087;56.1;48.3
83;2021-07-25;1329;737;604160;519824;56.3;48.4
83;2021-07-26;5545;4937;609705;524761;56.8;48.9
83;2021-07-27;6833;4903;616538;529664;57.4;49.3
83;2021-07-28;6601;4426;623139;534090;58.0;49.7
83;2021-07-29;7500;4859;630639;538949;58.7;50.2
83;2021-07-30;6968;4761;637607;543710;59.4;50.6
83;2021-07-31;4667;3217;642274;546927;59.8;50.9
83;2021-08-01;1066;850;643340;547777;59.9;51.0
83;2021-08-02;5771;3708;649111;551485;60.4;51.4
83;2021-08-03;6385;3997;655496;555482;61.0;51.7
83;2021-08-04;5915;3712;661411;559194;61.6;52.1
83;2021-08-05;6182;4088;667593;563282;62.2;52.5
83;2021-08-06;6162;4915;673755;568197;62.7;52.9
83;2021-08-07;3751;3557;677506;571754;63.1;53.2
83;2021-08-08;1064;823;678570;572577;63.2;53.3
83;2021-08-09;4718;4646;683288;577223;63.6;53.8
83;2021-08-10;5235;5146;688523;582369;64.1;54.2
83;2021-08-11;4592;5067;693115;587436;64.5;54.7
83;2021-08-12;4928;5568;698043;593004;65.0;55.2
83;2021-08-13;4938;5741;702981;598745;65.5;55.8
83;2021-08-14;3223;3892;706204;602637;65.8;56.1
83;2021-08-15;208;392;706412;603029;65.8;56.2
83;2021-08-16;3629;5482;710041;608511;66.1;56.7
83;2021-08-17;3576;5271;713617;613782;66.5;57.2
83;2021-08-18;3605;5003;717222;618785;66.8;57.6
83;2021-08-19;4178;6261;721400;625046;67.2;58.2
83;2021-08-20;3641;6516;725041;631562;67.5;58.8
83;2021-08-21;2347;4489;727388;636051;67.7;59.2
83;2021-08-22;635;1033;728023;637084;67.8;59.3
83;2021-08-23;2507;5786;730530;642870;68.0;59.9
83;2021-08-24;2924;5922;733454;648792;68.3;60.4
83;2021-08-25;2583;5294;736037;654086;68.5;60.9
83;2021-08-26;2797;5844;738834;659930;68.8;61.5
83;2021-08-27;2918;5923;741752;665853;69.1;62.0
83;2021-08-28;1935;4539;743687;670392;69.3;62.4
83;2021-08-29;476;1161;744163;671553;69.3;62.5
83;2021-08-30;2383;4976;746546;676529;69.5;63.0
83;2021-08-31;2509;5481;749055;682010;69.8;63.5
83;2021-09-01;2545;5084;751600;687094;70.0;64.0
83;2021-09-02;2483;4971;754083;692065;70.2;64.4
83;2021-09-03;2326;5251;756409;697316;70.4;64.9
83;2021-09-04;1924;4644;758333;701960;70.6;65.4
83;2021-09-05;568;543;758901;702503;70.7;65.4
83;2021-09-06;1642;4111;760543;706614;70.8;65.8
83;2021-09-07;1663;3876;762206;710490;71.0;66.2
83;2021-09-08;1931;3861;764137;714351;71.2;66.5
83;2021-09-09;1493;3924;765630;718275;71.3;66.9
83;2021-09-10;1776;4337;767406;722612;71.5;67.3
83;2021-09-11;1371;3884;768777;726496;71.6;67.7
83;2021-09-12;204;498;768981;726994;71.6;67.7
83;2021-09-13;1212;3369;770193;730363;71.7;68.0
83;2021-09-14;1319;3487;771512;733850;71.8;68.3
83;2021-09-15;1354;2537;772866;736387;72.0;68.6
83;2021-09-16;1036;2174;773902;738561;72.1;68.8
83;2021-09-17;1029;2523;774931;741084;72.2;69.0
83;2021-09-18;1020;3000;775951;744084;72.3;69.3
83;2021-09-19;97;399;776048;744483;72.3;69.3
83;2021-09-20;674;2034;776722;746517;72.3;69.5
83;2021-09-21;718;1808;777440;748325;72.4;69.7
83;2021-09-22;760;2493;778200;750818;72.5;69.9
83;2021-09-23;714;2112;778914;752930;72.5;70.1
83;2021-09-24;721;2194;779635;755124;72.6;70.3
83;2021-09-25;736;2665;780371;757789;72.7;70.6
83;2021-09-26;71;449;780442;758238;72.7;70.6
83;2021-09-27;592;1729;781034;759967;72.7;70.8
83;2021-09-28;542;1504;781576;761471;72.8;70.9
83;2021-09-29;714;1879;782290;763350;72.9;71.1
83;2021-09-30;634;1504;782924;764854;72.9;71.2
83;2021-10-01;743;1529;783667;766383;73.0;71.4
83;2021-10-02;683;1617;784350;768000;73.0;71.5
83;2021-10-03;102;254;784452;768254;73.1;71.5
83;2021-10-04;479;887;784931;769141;73.1;71.6
83;2021-10-05;578;1109;785509;770250;73.1;71.7
84;2020-12-27;1;0;1;0;0.0;0.0
84;2020-12-28;1;0;2;0;0.0;0.0
84;2020-12-29;3;0;5;0;0.0;0.0
84;2020-12-30;2;0;7;0;0.0;0.0
84;2020-12-31;2;0;9;0;0.0;0.0
84;2021-01-01;0;0;9;0;0.0;0.0
84;2021-01-02;0;0;9;0;0.0;0.0
84;2021-01-03;0;0;9;0;0.0;0.0
84;2021-01-04;0;0;9;0;0.0;0.0
84;2021-01-05;0;0;9;0;0.0;0.0
84;2021-01-06;0;0;9;0;0.0;0.0
84;2021-01-07;69;0;78;0;0.0;0.0
84;2021-01-08;84;0;162;0;0.0;0.0
84;2021-01-09;31;0;193;0;0.0;0.0
84;2021-01-10;0;0;193;0;0.0;0.0
84;2021-01-11;219;0;412;0;0.1;0.0
84;2021-01-12;624;2;1036;2;0.2;0.0
84;2021-01-13;359;0;1395;2;0.2;0.0
84;2021-01-14;959;12;2354;14;0.4;0.0
84;2021-01-15;619;9;2973;23;0.5;0.0
84;2021-01-16;167;0;3140;23;0.6;0.0
84;2021-01-17;29;1;3169;24;0.6;0.0
84;2021-01-18;697;2;3866;26;0.7;0.0
84;2021-01-19;881;2;4747;28;0.8;0.0
84;2021-01-20;1023;3;5770;31;1.0;0.0
84;2021-01-21;1050;5;6820;36;1.2;0.0
84;2021-01-22;1135;1;7955;37;1.4;0.0
84;2021-01-23;250;0;8205;37;1.5;0.0
84;2021-01-24;3;0;8208;37;1.5;0.0
84;2021-01-25;809;0;9017;37;1.6;0.0
84;2021-01-26;940;4;9957;41;1.8;0.0
84;2021-01-27;1073;2;11030;43;2.0;0.0
84;2021-01-28;1622;17;12652;60;2.3;0.0
84;2021-01-29;1203;57;13855;117;2.5;0.0
84;2021-01-30;171;16;14026;133;2.5;0.0
84;2021-01-31;7;0;14033;133;2.5;0.0
84;2021-02-01;660;124;14693;257;2.6;0.0
84;2021-02-02;789;245;15482;502;2.8;0.1
84;2021-02-03;762;228;16244;730;2.9;0.1
84;2021-02-04;912;370;17156;1100;3.1;0.2
84;2021-02-05;727;377;17883;1477;3.2;0.3
84;2021-02-06;127;40;18010;1517;3.2;0.3
84;2021-02-07;1;0;18011;1517;3.2;0.3
84;2021-02-08;569;231;18580;1748;3.3;0.3
84;2021-02-09;694;610;19274;2358;3.4;0.4
84;2021-02-10;560;491;19834;2849;3.5;0.5
84;2021-02-11;549;491;20383;3340;3.6;0.6
84;2021-02-12;562;592;20945;3932;3.7;0.7
84;2021-02-13;48;138;20993;4070;3.7;0.7
84;2021-02-14;3;0;20996;4070;3.7;0.7
84;2021-02-15;207;717;21203;4787;3.8;0.9
84;2021-02-16;223;672;21426;5459;3.8;1.0
84;2021-02-17;448;651;21874;6110;3.9;1.1
84;2021-02-18;557;936;22431;7046;4.0;1.3
84;2021-02-19;739;979;23170;8025;4.1;1.4
84;2021-02-20;68;114;23238;8139;4.1;1.5
84;2021-02-21;6;35;23244;8174;4.1;1.5
84;2021-02-22;369;613;23613;8787;4.2;1.6
84;2021-02-23;272;604;23885;9391;4.3;1.7
84;2021-02-24;395;603;24280;9994;4.3;1.8
84;2021-02-25;714;699;24994;10693;4.5;1.9
84;2021-02-26;823;568;25817;11261;4.6;2.0
84;2021-02-27;133;100;25950;11361;4.6;2.0
84;2021-02-28;18;0;25968;11361;4.6;2.0
84;2021-03-01;458;549;26426;11910;4.7;2.1
84;2021-03-02;633;696;27059;12606;4.8;2.2
84;2021-03-03;820;815;27879;13421;5.0;2.4
84;2021-03-04;1099;612;28978;14033;5.2;2.5
84;2021-03-05;1313;475;30291;14508;5.4;2.6
84;2021-03-06;1460;64;31751;14572;5.7;2.6
84;2021-03-07;481;16;32232;14588;5.7;2.6
84;2021-03-08;813;539;33045;15127;5.9;2.7
84;2021-03-09;1389;700;34434;15827;6.1;2.8
84;2021-03-10;1475;605;35909;16432;6.4;2.9
84;2021-03-11;1983;600;37892;17032;6.8;3.0
84;2021-03-12;2082;576;39974;17608;7.1;3.1
84;2021-03-13;747;36;40721;17644;7.3;3.1
84;2021-03-14;247;53;40968;17697;7.3;3.2
84;2021-03-15;1071;300;42039;17997;7.5;3.2
84;2021-03-16;1178;313;43217;18310;7.7;3.3
84;2021-03-17;1147;423;44364;18733;7.9;3.3
84;2021-03-18;1457;387;45821;19120;8.2;3.4
84;2021-03-19;2179;453;48000;19573;8.6;3.5
84;2021-03-20;841;27;48841;19600;8.7;3.5
84;2021-03-21;151;11;48992;19611;8.7;3.5
84;2021-03-22;1162;461;50154;20072;8.9;3.6
84;2021-03-23;1914;429;52068;20501;9.3;3.7
84;2021-03-24;2177;394;54245;20895;9.7;3.7
84;2021-03-25;3655;392;57900;21287;10.3;3.8
84;2021-03-26;3319;473;61219;21760;10.9;3.9
84;2021-03-27;915;59;62134;21819;11.1;3.9
84;2021-03-28;74;2;62208;21821;11.1;3.9
84;2021-03-29;1717;528;63925;22349;11.4;4.0
84;2021-03-30;2674;688;66599;23037;11.9;4.1
84;2021-03-31;2405;638;69004;23675;12.3;4.2
84;2021-04-01;3021;575;72025;24250;12.8;4.3
84;2021-04-02;2452;526;74477;24776;13.3;4.4
84;2021-04-03;510;29;74987;24805;13.4;4.4
84;2021-04-04;14;0;75001;24805;13.4;4.4
84;2021-04-05;814;100;75815;24905;13.5;4.4
84;2021-04-06;2145;840;77960;25745;13.9;4.6
84;2021-04-07;2405;862;80365;26607;14.3;4.7
84;2021-04-08;3653;1043;84018;27650;15.0;4.9
84;2021-04-09;4116;947;88134;28597;15.7;5.1
84;2021-04-10;1308;131;89442;28728;15.9;5.1
84;2021-04-11;37;12;89479;28740;15.9;5.1
84;2021-04-12;2093;806;91572;29546;16.3;5.3
84;2021-04-13;2940;1364;94512;30910;16.8;5.5
84;2021-04-14;2811;1350;97323;32260;17.3;5.8
84;2021-04-15;3270;1417;100593;33677;17.9;6.0
84;2021-04-16;3431;1551;104024;35228;18.5;6.3
84;2021-04-17;1666;200;105690;35428;18.8;6.3
84;2021-04-18;38;1;105728;35429;18.8;6.3
84;2021-04-19;2507;922;108235;36351;19.3;6.5
84;2021-04-20;2628;1527;110863;37878;19.8;6.8
84;2021-04-21;2651;1482;113514;39360;20.2;7.0
84;2021-04-22;3014;1741;116528;41101;20.8;7.3
84;2021-04-23;3043;1909;119571;43010;21.3;7.7
84;2021-04-24;1530;288;121101;43298;21.6;7.7
84;2021-04-25;27;2;121128;43300;21.6;7.7
84;2021-04-26;2198;1364;123326;44664;22.0;8.0
84;2021-04-27;2556;1977;125882;46641;22.4;8.3
84;2021-04-28;2818;1842;128700;48483;22.9;8.6
84;2021-04-29;3420;2047;132120;50530;23.6;9.0
84;2021-04-30;3134;2424;135254;52954;24.1;9.4
84;2021-05-01;457;259;135711;53213;24.2;9.5
84;2021-05-02;2;0;135713;53213;24.2;9.5
84;2021-05-03;2161;1625;137874;54838;24.6;9.8
84;2021-05-04;2488;2537;140362;57375;25.0;10.2
84;2021-05-05;2353;2225;142715;59600;25.4;10.6
84;2021-05-06;3223;2259;145938;61859;26.0;11.0
84;2021-05-07;2766;2559;148704;64418;26.5;11.5
84;2021-05-08;1158;527;149862;64945;26.7;11.6
84;2021-05-09;8;53;149870;64998;26.7;11.6
84;2021-05-10;2159;2466;152029;67464;27.1;12.0
84;2021-05-11;2905;3153;154934;70617;27.6;12.6
84;2021-05-12;2849;2920;157783;73537;28.1;13.1
84;2021-05-13;2160;848;159943;74385;28.5;13.3
84;2021-05-14;2728;2037;162671;76422;29.0;13.6
84;2021-05-15;2001;986;164672;77408;29.4;13.8
84;2021-05-16;1340;187;166012;77595;29.6;13.8
84;2021-05-17;2224;2156;168236;79751;30.0;14.2
84;2021-05-18;2904;2113;171140;81864;30.5;14.6
84;2021-05-19;3230;1665;174370;83529;31.1;14.9
84;2021-05-20;3698;2208;178068;85737;31.7;15.3
84;2021-05-21;3471;2332;181539;88069;32.4;15.7
84;2021-05-22;1582;682;183121;88751;32.6;15.8
84;2021-05-23;6;9;183127;88760;32.6;15.8
84;2021-05-24;1840;425;184967;89185;33.0;15.9
84;2021-05-25;2984;2187;187951;91372;33.5;16.3
84;2021-05-26;3075;2090;191026;93462;34.1;16.7
84;2021-05-27;3857;2314;194883;95776;34.7;17.1
84;2021-05-28;3179;3303;198062;99079;35.3;17.7
84;2021-05-29;1093;1649;199155;100728;35.5;18.0
84;2021-05-30;10;85;199165;100813;35.5;18.0
84;2021-05-31;2191;2638;201356;103451;35.9;18.4
84;2021-06-01;3141;3158;204497;106609;36.5;19.0
84;2021-06-02;3170;2631;207667;109240;37.0;19.5
84;2021-06-03;4115;2999;211782;112239;37.8;20.0
84;2021-06-04;3613;3022;215395;115261;38.4;20.5
84;2021-06-05;1781;1501;217176;116762;38.7;20.8
84;2021-06-06;984;208;218160;116970;38.9;20.9
84;2021-06-07;2451;2758;220611;119728;39.3;21.3
84;2021-06-08;3317;3055;223928;122783;39.9;21.9
84;2021-06-09;3033;2688;226961;125471;40.5;22.4
84;2021-06-10;3512;2794;230473;128265;41.1;22.9
84;2021-06-11;3031;3069;233504;131334;41.6;23.4
84;2021-06-12;1965;1308;235469;132642;42.0;23.6
84;2021-06-13;413;213;235882;132855;42.0;23.7
84;2021-06-14;1930;3153;237812;136008;42.4;24.2
84;2021-06-15;2573;3453;240385;139461;42.8;24.9
84;2021-06-16;2527;2962;242912;142423;43.3;25.4
84;2021-06-17;2992;3479;245904;145902;43.8;26.0
84;2021-06-18;2424;3553;248328;149455;44.3;26.6
84;2021-06-19;1287;1552;249615;151007;44.5;26.9
84;2021-06-20;546;354;250161;151361;44.6;27.0
84;2021-06-21;1570;3135;251731;154496;44.9;27.5
84;2021-06-22;2163;4010;253894;158506;45.3;28.3
84;2021-06-23;2117;3306;256011;161812;45.6;28.8
84;2021-06-24;2201;3483;258212;165295;46.0;29.5
84;2021-06-25;1836;3889;260048;169184;46.4;30.2
84;2021-06-26;1133;1817;261181;171001;46.6;30.5
84;2021-06-27;297;345;261478;171346;46.6;30.5
84;2021-06-28;1207;3224;262685;174570;46.8;31.1
84;2021-06-29;1477;4051;264162;178621;47.1;31.8
84;2021-06-30;1716;3969;265878;182590;47.4;32.5
84;2021-07-01;1819;3956;267697;186546;47.7;33.3
84;2021-07-02;1764;3898;269461;190444;48.0;33.9
84;2021-07-03;1102;2030;270563;192474;48.2;34.3
84;2021-07-04;395;417;270958;192891;48.3;34.4
84;2021-07-05;1550;3540;272508;196431;48.6;35.0
84;2021-07-06;1638;4164;274146;200595;48.9;35.8
84;2021-07-07;1676;3102;275822;203697;49.2;36.3
84;2021-07-08;2158;3742;277980;207439;49.6;37.0
84;2021-07-09;1874;3970;279854;211409;49.9;37.7
84;2021-07-10;1253;2162;281107;213571;50.1;38.1
84;2021-07-11;354;300;281461;213871;50.2;38.1
84;2021-07-12;1409;3836;282870;217707;50.4;38.8
84;2021-07-13;2334;5008;285204;222715;50.8;39.7
84;2021-07-14;1885;1249;287089;223964;51.2;39.9
84;2021-07-15;2708;4557;289797;228521;51.7;40.7
84;2021-07-16;2778;4603;292575;233124;52.2;41.6
84;2021-07-17;1588;2449;294163;235573;52.4;42.0
84;2021-07-18;1017;552;295180;236125;52.6;42.1
84;2021-07-19;2415;3743;297595;239868;53.0;42.8
84;2021-07-20;2954;4167;300549;244035;53.6;43.5
84;2021-07-21;3187;3653;303736;247688;54.1;44.2
84;2021-07-22;3777;3791;307513;251479;54.8;44.8
84;2021-07-23;3520;3680;311033;255159;55.4;45.5
84;2021-07-24;1470;2249;312503;257408;55.7;45.9
84;2021-07-25;1033;513;313536;257921;55.9;46.0
84;2021-07-26;2725;3038;316261;260959;56.4;46.5
84;2021-07-27;3443;3568;319704;264527;57.0;47.2
84;2021-07-28;3866;3307;323570;267834;57.7;47.7
84;2021-07-29;4224;3158;327794;270992;58.4;48.3
84;2021-07-30;4027;3326;331821;274318;59.1;48.9
84;2021-07-31;2000;1694;333821;276012;59.5;49.2
84;2021-08-01;819;437;334640;276449;59.7;49.3
84;2021-08-02;2992;2695;337632;279144;60.2;49.8
84;2021-08-03;4108;2795;341740;281939;60.9;50.3
84;2021-08-04;3919;2612;345659;284551;61.6;50.7
84;2021-08-05;3888;2586;349547;287137;62.3;51.2
84;2021-08-06;3695;2868;353242;290005;63.0;51.7
84;2021-08-07;2078;1744;355320;291749;63.3;52.0
84;2021-08-08;386;735;355706;292484;63.4;52.1
84;2021-08-09;2939;2604;358645;295088;63.9;52.6
84;2021-08-10;3745;2957;362390;298045;64.6;53.1
84;2021-08-11;3269;2676;365659;300721;65.2;53.6
84;2021-08-12;3173;2977;368832;303698;65.7;54.1
84;2021-08-13;2924;2702;371756;306400;66.3;54.6
84;2021-08-14;1736;1746;373492;308146;66.6;54.9
84;2021-08-15;314;227;373806;308373;66.6;55.0
84;2021-08-16;2452;3086;376258;311459;67.1;55.5
84;2021-08-17;2736;3260;378994;314719;67.6;56.1
84;2021-08-18;2418;2800;381412;317519;68.0;56.6
84;2021-08-19;2278;3120;383690;320639;68.4;57.2
84;2021-08-20;2199;3307;385889;323946;68.8;57.7
84;2021-08-21;1228;1886;387117;325832;69.0;58.1
84;2021-08-22;167;738;387284;326570;69.0;58.2
84;2021-08-23;1776;3297;389060;329867;69.4;58.8
84;2021-08-24;1924;3469;390984;333336;69.7;59.4
84;2021-08-25;1845;3352;392829;336688;70.0;60.0
84;2021-08-26;1639;3628;394468;340316;70.3;60.7
84;2021-08-27;1630;3814;396098;344130;70.6;61.3
84;2021-08-28;921;2181;397019;346311;70.8;61.7
84;2021-08-29;174;607;397193;346918;70.8;61.8
84;2021-08-30;1390;3278;398583;350196;71.0;62.4
84;2021-08-31;1366;4153;399949;354349;71.3;63.2
84;2021-09-01;1250;3595;401199;357944;71.5;63.8
84;2021-09-02;1210;3208;402409;361152;71.7;64.4
84;2021-09-03;1280;3550;403689;364702;72.0;65.0
84;2021-09-04;777;2178;404466;366880;72.1;65.4
84;2021-09-05;124;475;404590;367355;72.1;65.5
84;2021-09-06;815;2476;405405;369831;72.3;65.9
84;2021-09-07;1027;2752;406432;372583;72.4;66.4
84;2021-09-08;910;2915;407342;375498;72.6;66.9
84;2021-09-09;887;2437;408229;377935;72.8;67.4
84;2021-09-10;930;2909;409159;380844;72.9;67.9
84;2021-09-11;575;1915;409734;382759;73.0;68.2
84;2021-09-12;116;302;409850;383061;73.1;68.3
84;2021-09-13;699;1936;410549;384997;73.2;68.6
84;2021-09-14;814;2041;411363;387038;73.3;69.0
84;2021-09-15;820;1932;412183;388970;73.5;69.3
84;2021-09-16;601;1334;412784;390304;73.6;69.6
84;2021-09-17;612;1613;413396;391917;73.7;69.9
84;2021-09-18;516;1497;413912;393414;73.8;70.1
84;2021-09-19;46;177;413958;393591;73.8;70.2
84;2021-09-20;326;891;414284;394482;73.8;70.3
84;2021-09-21;363;1112;414647;395594;73.9;70.5
84;2021-09-22;419;1589;415066;397183;74.0;70.8
84;2021-09-23;398;1116;415464;398299;74.1;71.0
84;2021-09-24;396;1250;415860;399549;74.1;71.2
84;2021-09-25;323;1246;416183;400795;74.2;71.4
84;2021-09-26;53;142;416236;400937;74.2;71.5
84;2021-09-27;314;788;416550;401725;74.3;71.6
84;2021-09-28;310;756;416860;402481;74.3;71.7
84;2021-09-29;350;1221;417210;403702;74.4;72.0
84;2021-09-30;371;918;417581;404620;74.4;72.1
84;2021-10-01;439;852;418020;405472;74.5;72.3
84;2021-10-02;249;751;418269;406223;74.6;72.4
84;2021-10-03;37;94;418306;406317;74.6;72.4
84;2021-10-04;296;548;418602;406865;74.6;72.5
84;2021-10-05;323;519;418925;407384;74.7;72.6
85;2020-12-27;1;0;1;0;0.0;0.0
85;2020-12-28;0;0;1;0;0.0;0.0
85;2020-12-29;0;0;1;0;0.0;0.0
85;2020-12-30;0;0;1;0;0.0;0.0
85;2020-12-31;0;0;1;0;0.0;0.0
85;2021-01-01;0;0;1;0;0.0;0.0
85;2021-01-02;0;0;1;0;0.0;0.0
85;2021-01-03;1;0;2;0;0.0;0.0
85;2021-01-04;26;0;28;0;0.0;0.0
85;2021-01-05;62;0;90;0;0.0;0.0
85;2021-01-06;107;1;197;1;0.0;0.0
85;2021-01-07;203;0;400;1;0.1;0.0
85;2021-01-08;293;2;693;3;0.1;0.0
85;2021-01-09;288;1;981;4;0.1;0.0
85;2021-01-10;59;0;1040;4;0.2;0.0
85;2021-01-11;453;0;1493;4;0.2;0.0
85;2021-01-12;584;1;2077;5;0.3;0.0
85;2021-01-13;545;2;2622;7;0.4;0.0
85;2021-01-14;685;4;3307;11;0.5;0.0
85;2021-01-15;439;2;3746;13;0.5;0.0
85;2021-01-16;263;2;4009;15;0.6;0.0
85;2021-01-17;37;0;4046;15;0.6;0.0
85;2021-01-18;999;1;5045;16;0.7;0.0
85;2021-01-19;1429;10;6474;26;0.9;0.0
85;2021-01-20;1891;2;8365;28;1.2;0.0
85;2021-01-21;3221;7;11586;35;1.7;0.0
85;2021-01-22;1700;17;13286;52;1.9;0.0
85;2021-01-23;466;1;13752;53;2.0;0.0
85;2021-01-24;50;0;13802;53;2.0;0.0
85;2021-01-25;577;0;14379;53;2.1;0.0
85;2021-01-26;878;33;15257;86;2.2;0.0
85;2021-01-27;1809;32;17066;118;2.5;0.0
85;2021-01-28;1636;39;18702;157;2.7;0.0
85;2021-01-29;875;63;19577;220;2.9;0.0
85;2021-01-30;149;5;19726;225;2.9;0.0
85;2021-01-31;2;40;19728;265;2.9;0.0
85;2021-02-01;484;98;20212;363;3.0;0.1
85;2021-02-02;535;170;20747;533;3.0;0.1
85;2021-02-03;415;248;21162;781;3.1;0.1
85;2021-02-04;623;252;21785;1033;3.2;0.2
85;2021-02-05;624;253;22409;1286;3.3;0.2
85;2021-02-06;157;211;22566;1497;3.3;0.2
85;2021-02-07;1;0;22567;1497;3.3;0.2
85;2021-02-08;389;497;22956;1994;3.4;0.3
85;2021-02-09;663;981;23619;2975;3.5;0.4
85;2021-02-10;583;1035;24202;4010;3.5;0.6
85;2021-02-11;1524;2784;25726;6794;3.8;1.0
85;2021-02-12;1015;1162;26741;7956;3.9;1.2
85;2021-02-13;251;432;26992;8388;4.0;1.2
85;2021-02-14;2;84;26994;8472;4.0;1.2
85;2021-02-15;336;646;27330;9118;4.0;1.3
85;2021-02-16;569;957;27899;10075;4.1;1.5
85;2021-02-17;784;1451;28683;11526;4.2;1.7
85;2021-02-18;1277;1719;29960;13245;4.4;1.9
85;2021-02-19;956;1087;30916;14332;4.5;2.1
85;2021-02-20;174;186;31090;14518;4.6;2.1
85;2021-02-21;1;11;31091;14529;4.6;2.1
85;2021-02-22;815;745;31906;15274;4.7;2.2
85;2021-02-23;826;373;32732;15647;4.8;2.3
85;2021-02-24;757;237;33489;15884;4.9;2.3
85;2021-02-25;1336;313;34825;16197;5.1;2.4
85;2021-02-26;1229;248;36054;16445;5.3;2.4
85;2021-02-27;402;77;36456;16522;5.3;2.4
85;2021-02-28;7;1;36463;16523;5.3;2.4
85;2021-03-01;766;350;37229;16873;5.4;2.5
85;2021-03-02;1099;669;38328;17542;5.6;2.6
85;2021-03-03;844;438;39172;17980;5.7;2.6
85;2021-03-04;1577;1081;40749;19061;6.0;2.8
85;2021-03-05;1741;742;42490;19803;6.2;2.9
85;2021-03-06;1227;116;43717;19919;6.4;2.9
85;2021-03-07;333;28;44050;19947;6.4;2.9
85;2021-03-08;1741;405;45791;20352;6.7;3.0
85;2021-03-09;2239;516;48030;20868;7.0;3.1
85;2021-03-10;1862;617;49892;21485;7.3;3.1
85;2021-03-11;3118;1031;53010;22516;7.8;3.3
85;2021-03-12;2730;818;55740;23334;8.2;3.4
85;2021-03-13;1372;156;57112;23490;8.4;3.4
85;2021-03-14;182;3;57294;23493;8.4;3.4
85;2021-03-15;1919;507;59213;24000;8.7;3.5
85;2021-03-16;1631;513;60844;24513;8.9;3.6
85;2021-03-17;980;525;61824;25038;9.0;3.7
85;2021-03-18;1904;449;63728;25487;9.3;3.7
85;2021-03-19;2198;364;65926;25851;9.6;3.8
85;2021-03-20;1069;178;66995;26029;9.8;3.8
85;2021-03-21;272;5;67267;26034;9.8;3.8
85;2021-03-22;1764;555;69031;26589;10.1;3.9
85;2021-03-23;2420;729;71451;27318;10.5;4.0
85;2021-03-24;2206;520;73657;27838;10.8;4.1
85;2021-03-25;3649;595;77306;28433;11.3;4.2
85;2021-03-26;3357;645;80663;29078;11.8;4.3
85;2021-03-27;1729;124;82392;29202;12.1;4.3
85;2021-03-28;540;4;82932;29206;12.1;4.3
85;2021-03-29;2414;757;85346;29963;12.5;4.4
85;2021-03-30;2866;1022;88212;30985;12.9;4.5
85;2021-03-31;2200;676;90412;31661;13.2;4.6
85;2021-04-01;3880;913;94292;32574;13.8;4.8
85;2021-04-02;2710;1104;97002;33678;14.2;4.9
85;2021-04-03;1411;322;98413;34000;14.4;5.0
85;2021-04-04;324;29;98737;34029;14.5;5.0
85;2021-04-05;104;175;98841;34204;14.5;5.0
85;2021-04-06;2196;1592;101037;35796;14.8;5.2
85;2021-04-07;3094;1188;104131;36984;15.2;5.4
85;2021-04-08;4544;1602;108675;38586;15.9;5.6
85;2021-04-09;4604;1225;113279;39811;16.6;5.8
85;2021-04-10;1866;401;115145;40212;16.9;5.9
85;2021-04-11;27;10;115172;40222;16.9;5.9
85;2021-04-12;4284;1490;119456;41712;17.5;6.1
85;2021-04-13;4837;1869;124293;43581;18.2;6.4
85;2021-04-14;3960;1010;128253;44591;18.8;6.5
85;2021-04-15;5517;1740;133770;46331;19.6;6.8
85;2021-04-16;5240;1541;139010;47872;20.3;7.0
85;2021-04-17;1382;436;140392;48308;20.5;7.1
85;2021-04-18;351;12;140743;48320;20.6;7.1
85;2021-04-19;3368;1698;144111;50018;21.1;7.3
85;2021-04-20;3694;1928;147805;51946;21.6;7.6
85;2021-04-21;2693;1693;150498;53639;22.0;7.9
85;2021-04-22;3805;2231;154303;55870;22.6;8.2
85;2021-04-23;3903;2091;158206;57961;23.2;8.5
85;2021-04-24;1663;1532;159869;59493;23.4;8.7
85;2021-04-25;981;565;160850;60058;23.5;8.8
85;2021-04-26;3589;2353;164439;62411;24.1;9.1
85;2021-04-27;4393;2152;168832;64563;24.7;9.5
85;2021-04-28;5747;1256;174579;65819;25.6;9.6
85;2021-04-29;5635;1996;180214;67815;26.4;9.9
85;2021-04-30;5574;1663;185788;69478;27.2;10.2
85;2021-05-01;1736;638;187524;70116;27.4;10.3
85;2021-05-02;873;471;188397;70587;27.6;10.3
85;2021-05-03;3494;2387;191891;72974;28.1;10.7
85;2021-05-04;3487;3082;195378;76056;28.6;11.1
85;2021-05-05;4532;2166;199910;78222;29.3;11.4
85;2021-05-06;4922;2598;204832;80820;30.0;11.8
85;2021-05-07;3933;3850;208765;84670;30.6;12.4
85;2021-05-08;2246;232;211011;84902;30.9;12.4
85;2021-05-09;1507;183;212518;85085;31.1;12.5
85;2021-05-10;3209;4914;215727;89999;31.6;13.2
85;2021-05-11;4027;4964;219754;94963;32.2;13.9
85;2021-05-12;5019;3933;224773;98896;32.9;14.5
85;2021-05-13;5144;613;229917;99509;33.7;14.6
85;2021-05-14;4356;3166;234273;102675;34.3;15.0
85;2021-05-15;2325;771;236598;103446;34.6;15.1
85;2021-05-16;2212;162;238810;103608;35.0;15.2
85;2021-05-17;4145;3376;242955;106984;35.6;15.7
85;2021-05-18;5215;2853;248170;109837;36.3;16.1
85;2021-05-19;6493;1770;254663;111607;37.3;16.3
85;2021-05-20;6773;2175;261436;113782;38.3;16.7
85;2021-05-21;5497;2733;266933;116515;39.1;17.1
85;2021-05-22;2584;749;269517;117264;39.4;17.2
85;2021-05-23;1329;161;270846;117425;39.6;17.2
85;2021-05-24;4572;436;275418;117861;40.3;17.3
85;2021-05-25;4516;3564;279934;121425;41.0;17.8
85;2021-05-26;4945;2678;284879;124103;41.7;18.2
85;2021-05-27;4959;3694;289838;127797;42.4;18.7
85;2021-05-28;5251;4053;295089;131850;43.2;19.3
85;2021-05-29;3962;1530;299051;133380;43.8;19.5
85;2021-05-30;1291;126;300342;133506;44.0;19.5
85;2021-05-31;4689;3378;305031;136884;44.6;20.0
85;2021-06-01;5405;3397;310436;140281;45.4;20.5
85;2021-06-02;5554;2515;315990;142796;46.3;20.9
85;2021-06-03;5915;3231;321905;146027;47.1;21.4
85;2021-06-04;5837;3808;327742;149835;48.0;21.9
85;2021-06-05;2848;1934;330590;151769;48.4;22.2
85;2021-06-06;1511;804;332101;152573;48.6;22.3
85;2021-06-07;3236;4859;335337;157432;49.1;23.0
85;2021-06-08;4090;4523;339427;161955;49.7;23.7
85;2021-06-09;4844;3502;344271;165457;50.4;24.2
85;2021-06-10;5199;3698;349470;169155;51.2;24.8
85;2021-06-11;4506;4658;353976;173813;51.8;25.4
85;2021-06-12;1491;1795;355467;175608;52.0;25.7
85;2021-06-13;1219;672;356686;176280;52.2;25.8
85;2021-06-14;2682;5093;359368;181373;52.6;26.5
85;2021-06-15;3715;4928;363083;186301;53.1;27.3
85;2021-06-16;4083;3907;367166;190208;53.7;27.8
85;2021-06-17;3940;3902;371106;194110;54.3;28.4
85;2021-06-18;3625;5684;374731;199794;54.9;29.2
85;2021-06-19;1213;2029;375944;201823;55.0;29.5
85;2021-06-20;140;520;376084;202343;55.0;29.6
85;2021-06-21;2375;5810;378459;208153;55.4;30.5
85;2021-06-22;2849;5728;381308;213881;55.8;31.3
85;2021-06-23;3390;4499;384698;218380;56.3;32.0
85;2021-06-24;3642;4561;388340;222941;56.8;32.6
85;2021-06-25;2289;6180;390629;229121;57.2;33.5
85;2021-06-26;791;3757;391420;232878;57.3;34.1
85;2021-06-27;125;1369;391545;234247;57.3;34.3
85;2021-06-28;1186;6713;392731;240960;57.5;35.3
85;2021-06-29;1757;6870;394488;247830;57.7;36.3
85;2021-06-30;2212;6208;396700;254038;58.1;37.2
85;2021-07-01;2842;6056;399542;260094;58.5;38.1
85;2021-07-02;2268;7015;401810;267109;58.8;39.1
85;2021-07-03;618;3165;402428;270274;58.9;39.6
85;2021-07-04;145;1084;402573;271358;58.9;39.7
85;2021-07-05;1064;6649;403637;278007;59.1;40.7
85;2021-07-06;1582;6453;405219;284460;59.3;41.6
85;2021-07-07;1649;5859;406868;290319;59.6;42.5
85;2021-07-08;2164;5435;409032;295754;59.9;43.3
85;2021-07-09;1646;7094;410678;302848;60.1;44.3
85;2021-07-10;566;2835;411244;305683;60.2;44.7
85;2021-07-11;529;1287;411773;306970;60.3;44.9
85;2021-07-12;1408;7046;413181;314016;60.5;46.0
85;2021-07-13;2059;7383;415240;321399;60.8;47.0
85;2021-07-14;1451;2047;416691;323446;61.0;47.3
85;2021-07-15;2681;6937;419372;330383;61.4;48.4
85;2021-07-16;3432;6829;422804;337212;61.9;49.4
85;2021-07-17;1565;2148;424369;339360;62.1;49.7
85;2021-07-18;1150;1154;425519;340514;62.3;49.8
85;2021-07-19;3559;6221;429078;346735;62.8;50.8
85;2021-07-20;4300;6213;433378;352948;63.4;51.7
85;2021-07-21;3996;6192;437374;359140;64.0;52.6
85;2021-07-22;3908;6189;441282;365329;64.6;53.5
85;2021-07-23;4530;6703;445812;372032;65.3;54.5
85;2021-07-24;1045;2293;446857;374325;65.4;54.8
85;2021-07-25;491;303;447348;374628;65.5;54.8
85;2021-07-26;4514;5361;451862;379989;66.1;55.6
85;2021-07-27;5320;5396;457182;385385;66.9;56.4
85;2021-07-28;4963;4969;462145;390354;67.6;57.1
85;2021-07-29;5879;4730;468024;395084;68.5;57.8
85;2021-07-30;6028;4952;474052;400036;69.4;58.6
85;2021-07-31;1226;1576;475278;401612;69.6;58.8
85;2021-08-01;470;195;475748;401807;69.6;58.8
85;2021-08-02;4949;3950;480697;405757;70.4;59.4
85;2021-08-03;6523;3352;487220;409109;71.3;59.9
85;2021-08-04;6631;3421;493851;412530;72.3;60.4
85;2021-08-05;6198;3601;500049;416131;73.2;60.9
85;2021-08-06;5810;4513;505859;420644;74.0;61.6
85;2021-08-07;1505;1179;507364;421823;74.3;61.7
85;2021-08-08;331;232;507695;422055;74.3;61.8
85;2021-08-09;4154;3275;511849;425330;74.9;62.3
85;2021-08-10;4830;3420;516679;428750;75.6;62.8
85;2021-08-11;4672;4216;521351;432966;76.3;63.4
85;2021-08-12;4473;4298;525824;437264;77.0;64.0
85;2021-08-13;3898;3648;529722;440912;77.5;64.5
85;2021-08-14;1028;1088;530750;442000;77.7;64.7
85;2021-08-15;160;237;530910;442237;77.7;64.7
85;2021-08-16;2843;4774;533753;447011;78.1;65.4
85;2021-08-17;2977;4359;536730;451370;78.6;66.1
85;2021-08-18;3154;4107;539884;455477;79.0;66.7
85;2021-08-19;2730;4279;542614;459756;79.4;67.3
85;2021-08-20;2481;5229;545095;464985;79.8;68.1
85;2021-08-21;702;1398;545797;466383;79.9;68.3
85;2021-08-22;344;1019;546141;467402;79.9;68.4
85;2021-08-23;1874;5373;548015;472775;80.2;69.2
85;2021-08-24;1825;4873;549840;477648;80.5;69.9
85;2021-08-25;1648;4833;551488;482481;80.7;70.6
85;2021-08-26;1542;4765;553030;487246;80.9;71.3
85;2021-08-27;1702;5519;554732;492765;81.2;72.1
85;2021-08-28;573;1348;555305;494113;81.3;72.3
85;2021-08-29;128;989;555433;495102;81.3;72.5
85;2021-08-30;1121;4948;556554;500050;81.5;73.2
85;2021-08-31;1132;5439;557686;505489;81.6;74.0
85;2021-09-01;1139;5169;558825;510658;81.8;74.7
85;2021-09-02;992;4372;559817;515030;81.9;75.4
85;2021-09-03;1244;4537;561061;519567;82.1;76.1
85;2021-09-04;370;1385;561431;520952;82.2;76.3
85;2021-09-05;42;195;561473;521147;82.2;76.3
85;2021-09-06;851;3826;562324;524973;82.3;76.8
85;2021-09-07;843;3314;563167;528287;82.4;77.3
85;2021-09-08;869;3658;564036;531945;82.6;77.9
85;2021-09-09;651;2981;564687;534926;82.7;78.3
85;2021-09-10;794;3644;565481;538570;82.8;78.8
85;2021-09-11;244;1403;565725;539973;82.8;79.0
85;2021-09-12;17;58;565742;540031;82.8;79.0
85;2021-09-13;546;2609;566288;542640;82.9;79.4
85;2021-09-14;547;2375;566835;545015;83.0;79.8
85;2021-09-15;608;2529;567443;547544;83.1;80.1
85;2021-09-16;400;1362;567843;548906;83.1;80.3
85;2021-09-17;736;2387;568579;551293;83.2;80.7
85;2021-09-18;189;915;568768;552208;83.3;80.8
85;2021-09-19;5;22;568773;552230;83.3;80.8
85;2021-09-20;352;1355;569125;553585;83.3;81.0
85;2021-09-21;429;1068;569554;554653;83.4;81.2
85;2021-09-22;435;1903;569989;556556;83.4;81.5
85;2021-09-23;810;983;570799;557539;83.5;81.6
85;2021-09-24;591;1928;571390;559467;83.6;81.9
85;2021-09-25;153;879;571543;560346;83.7;82.0
85;2021-09-26;0;12;571543;560358;83.7;82.0
85;2021-09-27;364;929;571907;561287;83.7;82.2
85;2021-09-28;231;565;572138;561852;83.7;82.2
85;2021-09-29;396;1288;572534;563140;83.8;82.4
85;2021-09-30;366;799;572900;563939;83.9;82.5
85;2021-10-01;422;919;573322;564858;83.9;82.7
85;2021-10-02;179;508;573501;565366;83.9;82.8
85;2021-10-03;4;12;573505;565378;83.9;82.8
85;2021-10-04;199;681;573704;566059;84.0;82.9
85;2021-10-05;293;428;573997;566487;84.0;82.9
86;2020-12-27;0;0;0;0;0.0;0.0
86;2020-12-28;1;0;1;0;0.0;0.0
86;2020-12-29;1;0;2;0;0.0;0.0
86;2020-12-30;0;0;2;0;0.0;0.0
86;2020-12-31;0;0;2;0;0.0;0.0
86;2021-01-01;0;0;2;0;0.0;0.0
86;2021-01-02;1;0;3;0;0.0;0.0
86;2021-01-03;2;0;5;0;0.0;0.0
86;2021-01-04;0;0;5;0;0.0;0.0
86;2021-01-05;1;0;6;0;0.0;0.0
86;2021-01-06;178;0;184;0;0.0;0.0
86;2021-01-07;672;0;856;0;0.2;0.0
86;2021-01-08;609;2;1465;2;0.3;0.0
86;2021-01-09;0;0;1465;2;0.3;0.0
86;2021-01-10;173;0;1638;2;0.4;0.0
86;2021-01-11;305;0;1943;2;0.4;0.0
86;2021-01-12;460;0;2403;2;0.5;0.0
86;2021-01-13;337;0;2740;2;0.6;0.0
86;2021-01-14;552;1;3292;3;0.8;0.0
86;2021-01-15;544;0;3836;3;0.9;0.0
86;2021-01-16;2;0;3838;3;0.9;0.0
86;2021-01-17;0;0;3838;3;0.9;0.0
86;2021-01-18;564;0;4402;3;1.0;0.0
86;2021-01-19;1917;1;6319;4;1.4;0.0
86;2021-01-20;1464;10;7783;14;1.8;0.0
86;2021-01-21;1292;0;9075;14;2.1;0.0
86;2021-01-22;834;0;9909;14;2.3;0.0
86;2021-01-23;314;0;10223;14;2.3;0.0
86;2021-01-24;0;0;10223;14;2.3;0.0
86;2021-01-25;586;102;10809;116;2.5;0.0
86;2021-01-26;751;108;11560;224;2.6;0.1
86;2021-01-27;765;141;12325;365;2.8;0.1
86;2021-01-28;1055;381;13380;746;3.1;0.2
86;2021-01-29;880;195;14260;941;3.3;0.2
86;2021-01-30;276;94;14536;1035;3.3;0.2
86;2021-01-31;57;157;14593;1192;3.3;0.3
86;2021-02-01;434;194;15027;1386;3.4;0.3
86;2021-02-02;573;368;15600;1754;3.6;0.4
86;2021-02-03;525;213;16125;1967;3.7;0.4
86;2021-02-04;479;349;16604;2316;3.8;0.5
86;2021-02-05;437;664;17041;2980;3.9;0.7
86;2021-02-06;148;171;17189;3151;3.9;0.7
86;2021-02-07;120;8;17309;3159;4.0;0.7
86;2021-02-08;362;246;17671;3405;4.0;0.8
86;2021-02-09;754;957;18425;4362;4.2;1.0
86;2021-02-10;972;819;19397;5181;4.4;1.2
86;2021-02-11;1009;871;20406;6052;4.7;1.4
86;2021-02-12;746;308;21152;6360;4.8;1.5
86;2021-02-13;193;69;21345;6429;4.9;1.5
86;2021-02-14;1;34;21346;6463;4.9;1.5
86;2021-02-15;243;346;21589;6809;4.9;1.6
86;2021-02-16;384;629;21973;7438;5.0;1.7
86;2021-02-17;453;774;22426;8212;5.1;1.9
86;2021-02-18;422;761;22848;8973;5.2;2.1
86;2021-02-19;602;509;23450;9482;5.4;2.2
86;2021-02-20;115;132;23565;9614;5.4;2.2
86;2021-02-21;1;0;23566;9614;5.4;2.2
86;2021-02-22;241;333;23807;9947;5.4;2.3
86;2021-02-23;369;497;24176;10444;5.5;2.4
86;2021-02-24;410;487;24586;10931;5.6;2.5
86;2021-02-25;903;569;25489;11500;5.8;2.6
86;2021-02-26;1029;466;26518;11966;6.1;2.7
86;2021-02-27;460;126;26978;12092;6.2;2.8
86;2021-02-28;3;2;26981;12094;6.2;2.8
86;2021-03-01;232;450;27213;12544;6.2;2.9
86;2021-03-02;1142;742;28355;13286;6.5;3.0
86;2021-03-03;794;552;29149;13838;6.7;3.2
86;2021-03-04;1496;588;30645;14426;7.0;3.3
86;2021-03-05;1577;292;32222;14718;7.4;3.4
86;2021-03-06;995;150;33217;14868;7.6;3.4
86;2021-03-07;371;29;33588;14897;7.7;3.4
86;2021-03-08;473;493;34061;15390;7.8;3.5
86;2021-03-09;1368;485;35429;15875;8.1;3.6
86;2021-03-10;949;571;36378;16446;8.3;3.8
86;2021-03-11;1798;450;38176;16896;8.7;3.9
86;2021-03-12;2208;414;40384;17310;9.2;4.0
86;2021-03-13;1444;96;41828;17406;9.6;4.0
86;2021-03-14;133;16;41961;17422;9.6;4.0
86;2021-03-15;784;151;42745;17573;9.8;4.0
86;2021-03-16;847;194;43592;17767;10.0;4.1
86;2021-03-17;786;200;44378;17967;10.1;4.1
86;2021-03-18;1005;101;45383;18068;10.4;4.1
86;2021-03-19;2146;309;47529;18377;10.9;4.2
86;2021-03-20;592;130;48121;18507;11.0;4.2
86;2021-03-21;10;0;48131;18507;11.0;4.2
86;2021-03-22;852;273;48983;18780;11.2;4.3
86;2021-03-23;2017;324;51000;19104;11.7;4.4
86;2021-03-24;1557;287;52557;19391;12.0;4.4
86;2021-03-25;2489;343;55046;19734;12.6;4.5
86;2021-03-26;3044;362;58090;20096;13.3;4.6
86;2021-03-27;733;142;58823;20238;13.4;4.6
86;2021-03-28;5;124;58828;20362;13.4;4.7
86;2021-03-29;1260;383;60088;20745;13.7;4.7
86;2021-03-30;2405;820;62493;21565;14.3;4.9
86;2021-03-31;1511;624;64004;22189;14.6;5.1
86;2021-04-01;2246;939;66250;23128;15.1;5.3
86;2021-04-02;1902;552;68152;23680;15.6;5.4
86;2021-04-03;826;325;68978;24005;15.8;5.5
86;2021-04-04;83;109;69061;24114;15.8;5.5
86;2021-04-05;314;5;69375;24119;15.9;5.5
86;2021-04-06;1531;960;70906;25079;16.2;5.7
86;2021-04-07;1633;620;72539;25699;16.6;5.9
86;2021-04-08;2569;761;75108;26460;17.2;6.0
86;2021-04-09;3250;650;78358;27110;17.9;6.2
86;2021-04-10;1662;193;80020;27303;18.3;6.2
86;2021-04-11;442;11;80462;27314;18.4;6.2
86;2021-04-12;820;762;81282;28076;18.6;6.4
86;2021-04-13;2454;938;83736;29014;19.1;6.6
86;2021-04-14;1870;875;85606;29889;19.6;6.8
86;2021-04-15;2276;726;87882;30615;20.1;7.0
86;2021-04-16;2471;1227;90353;31842;20.7;7.3
86;2021-04-17;1040;264;91393;32106;20.9;7.3
86;2021-04-18;119;4;91512;32110;20.9;7.3
86;2021-04-19;745;797;92257;32907;21.1;7.5
86;2021-04-20;2301;1503;94558;34410;21.6;7.9
86;2021-04-21;2108;1126;96666;35536;22.1;8.1
86;2021-04-22;2329;1438;98995;36974;22.6;8.5
86;2021-04-23;2392;1577;101387;38551;23.2;8.8
86;2021-04-24;1299;511;102686;39062;23.5;8.9
86;2021-04-25;825;27;103511;39089;23.7;8.9
86;2021-04-26;2080;889;105591;39978;24.1;9.1
86;2021-04-27;3155;1660;108746;41638;24.9;9.5
86;2021-04-28;3002;1508;111748;43146;25.5;9.9
86;2021-04-29;3558;1829;115306;44975;26.4;10.3
86;2021-04-30;2969;1478;118275;46453;27.0;10.6
86;2021-05-01;1580;197;119855;46650;27.4;10.7
86;2021-05-02;1279;45;121134;46695;27.7;10.7
86;2021-05-03;2563;1006;123697;47701;28.3;10.9
86;2021-05-04;3508;1894;127205;49595;29.1;11.3
86;2021-05-05;3989;1484;131194;51079;30.0;11.7
86;2021-05-06;4289;1650;135483;52729;31.0;12.1
86;2021-05-07;4043;1825;139526;54554;31.9;12.5
86;2021-05-08;1976;396;141502;54950;32.4;12.6
86;2021-05-09;1642;203;143144;55153;32.7;12.6
86;2021-05-10;1958;1174;145102;56327;33.2;12.9
86;2021-05-11;3603;2682;148705;59009;34.0;13.5
86;2021-05-12;2252;1649;150957;60658;34.5;13.9
86;2021-05-13;1687;299;152644;60957;34.9;13.9
86;2021-05-14;2097;788;154741;61745;35.4;14.1
86;2021-05-15;1466;499;156207;62244;35.7;14.2
86;2021-05-16;778;164;156985;62408;35.9;14.3
86;2021-05-17;3218;1056;160203;63464;36.6;14.5
86;2021-05-18;4306;1662;164509;65126;37.6;14.9
86;2021-05-19;3587;1434;168096;66560;38.4;15.2
86;2021-05-20;4370;1619;172466;68179;39.4;15.6
86;2021-05-21;3438;1771;175904;69950;40.2;16.0
86;2021-05-22;2076;664;177980;70614;40.7;16.1
86;2021-05-23;1438;183;179418;70797;41.0;16.2
86;2021-05-24;1845;204;181263;71001;41.4;16.2
86;2021-05-25;2851;1640;184114;72641;42.1;16.6
86;2021-05-26;2725;1529;186839;74170;42.7;17.0
86;2021-05-27;3546;1848;190385;76018;43.5;17.4
86;2021-05-28;2164;2532;192549;78550;44.0;18.0
86;2021-05-29;1527;1286;194076;79836;44.4;18.3
86;2021-05-30;934;132;195010;79968;44.6;18.3
86;2021-05-31;1922;1818;196932;81786;45.0;18.7
86;2021-06-01;2665;2579;199597;84365;45.6;19.3
86;2021-06-02;2306;2659;201903;87024;46.2;19.9
86;2021-06-03;3337;2407;205240;89431;46.9;20.4
86;2021-06-04;2237;2857;207477;92288;47.4;21.1
86;2021-06-05;1503;1575;208980;93863;47.8;21.5
86;2021-06-06;820;900;209800;94763;48.0;21.7
86;2021-06-07;1119;2464;210919;97227;48.2;22.2
86;2021-06-08;1990;3695;212909;100922;48.7;23.1
86;2021-06-09;1901;3314;214810;104236;49.1;23.8
86;2021-06-10;2349;3240;217159;107476;49.6;24.6
86;2021-06-11;1517;2783;218676;110259;50.0;25.2
86;2021-06-12;746;2242;219422;112501;50.2;25.7
86;2021-06-13;214;1477;219636;113978;50.2;26.1
86;2021-06-14;1158;2901;220794;116879;50.5;26.7
86;2021-06-15;1690;4258;222484;121137;50.9;27.7
86;2021-06-16;1808;3135;224292;124272;51.3;28.4
86;2021-06-17;1777;4445;226069;128717;51.7;29.4
86;2021-06-18;1882;4585;227951;133302;52.1;30.5
86;2021-06-19;636;2097;228587;135399;52.3;31.0
86;2021-06-20;172;1319;228759;136718;52.3;31.3
86;2021-06-21;1105;2234;229864;138952;52.6;31.8
86;2021-06-22;1298;3458;231162;142410;52.8;32.6
86;2021-06-23;1364;2399;232526;144809;53.2;33.1
86;2021-06-24;1590;2725;234116;147534;53.5;33.7
86;2021-06-25;1192;3543;235308;151077;53.8;34.5
86;2021-06-26;391;2650;235699;153727;53.9;35.1
86;2021-06-27;138;1633;235837;155360;53.9;35.5
86;2021-06-28;270;3339;236107;158699;54.0;36.3
86;2021-06-29;858;4602;236965;163301;54.2;37.3
86;2021-06-30;1051;2974;238016;166275;54.4;38.0
86;2021-07-01;1549;3003;239565;169278;54.8;38.7
86;2021-07-02;1111;3637;240676;172915;55.0;39.5
86;2021-07-03;516;2393;241192;175308;55.1;40.1
86;2021-07-04;115;1346;241307;176654;55.2;40.4
86;2021-07-05;472;2832;241779;179486;55.3;41.0
86;2021-07-06;988;4108;242767;183594;55.5;42.0
86;2021-07-07;1260;2627;244027;186221;55.8;42.6
86;2021-07-08;1618;3149;245645;189370;56.2;43.3
86;2021-07-09;1746;3080;247391;192450;56.6;44.0
86;2021-07-10;1304;1954;248695;194404;56.9;44.4
86;2021-07-11;482;839;249177;195243;57.0;44.6
86;2021-07-12;848;2400;250025;197643;57.2;45.2
86;2021-07-13;1780;3367;251805;201010;57.6;46.0
86;2021-07-14;785;1232;252590;202242;57.7;46.2
86;2021-07-15;1882;3289;254472;205531;58.2;47.0
86;2021-07-16;1671;2660;256143;208191;58.6;47.6
86;2021-07-17;1352;1601;257495;209792;58.9;48.0
86;2021-07-18;381;908;257876;210700;59.0;48.2
86;2021-07-19;1377;1887;259253;212587;59.3;48.6
86;2021-07-20;2352;2732;261605;215319;59.8;49.2
86;2021-07-21;2305;2162;263910;217481;60.3;49.7
86;2021-07-22;2902;2799;266812;220280;61.0;50.4
86;2021-07-23;2465;2163;269277;222443;61.6;50.9
86;2021-07-24;1546;1225;270823;223668;61.9;51.1
86;2021-07-25;718;322;271541;223990;62.1;51.2
86;2021-07-26;1588;2103;273129;226093;62.4;51.7
86;2021-07-27;3558;2755;276687;228848;63.3;52.3
86;2021-07-28;3284;2140;279971;230988;64.0;52.8
86;2021-07-29;3266;2544;283237;233532;64.8;53.4
86;2021-07-30;2247;2370;285484;235902;65.3;53.9
86;2021-07-31;1429;1059;286913;236961;65.6;54.2
86;2021-08-01;651;338;287564;237299;65.7;54.3
86;2021-08-02;1944;1679;289508;238978;66.2;54.6
86;2021-08-03;3290;1991;292798;240969;66.9;55.1
86;2021-08-04;2739;1786;295537;242755;67.6;55.5
86;2021-08-05;3571;2056;299108;244811;68.4;56.0
86;2021-08-06;2420;1761;301528;246572;68.9;56.4
86;2021-08-07;1576;997;303104;247569;69.3;56.6
86;2021-08-08;958;553;304062;248122;69.5;56.7
86;2021-08-09;1885;1305;305947;249427;69.9;57.0
86;2021-08-10;2683;1779;308630;251206;70.6;57.4
86;2021-08-11;2366;1436;310996;252642;71.1;57.8
86;2021-08-12;2485;1832;313481;254474;71.7;58.2
86;2021-08-13;1838;1487;315319;255961;72.1;58.5
86;2021-08-14;1331;1153;316650;257114;72.4;58.8
86;2021-08-15;562;623;317212;257737;72.5;58.9
86;2021-08-16;1142;1788;318354;259525;72.8;59.3
86;2021-08-17;1559;2215;319913;261740;73.1;59.8
86;2021-08-18;1266;1861;321179;263601;73.4;60.3
86;2021-08-19;1501;2634;322680;266235;73.8;60.9
86;2021-08-20;1257;2609;323937;268844;74.1;61.5
86;2021-08-21;888;2008;324825;270852;74.3;61.9
86;2021-08-22;350;721;325175;271573;74.3;62.1
86;2021-08-23;724;1824;325899;273397;74.5;62.5
86;2021-08-24;1081;2752;326980;276149;74.8;63.1
86;2021-08-25;934;2064;327914;278213;75.0;63.6
86;2021-08-26;919;2813;328833;281026;75.2;64.2
86;2021-08-27;862;2174;329695;283200;75.4;64.7
86;2021-08-28;555;1775;330250;284975;75.5;65.2
86;2021-08-29;114;828;330364;285803;75.5;65.3
86;2021-08-30;686;2123;331050;287926;75.7;65.8
86;2021-08-31;961;3204;332011;291130;75.9;66.6
86;2021-09-01;570;2750;332581;293880;76.0;67.2
86;2021-09-02;756;2830;333337;296710;76.2;67.8
86;2021-09-03;758;2403;334095;299113;76.4;68.4
86;2021-09-04;366;2220;334461;301333;76.5;68.9
86;2021-09-05;27;918;334488;302251;76.5;69.1
86;2021-09-06;357;1753;334845;304004;76.6;69.5
86;2021-09-07;510;2207;335355;306211;76.7;70.0
86;2021-09-08;561;2400;335916;308611;76.8;70.6
86;2021-09-09;577;2028;336493;310639;76.9;71.0
86;2021-09-10;521;2135;337014;312774;77.0;71.5
86;2021-09-11;357;1893;337371;314667;77.1;71.9
86;2021-09-12;102;797;337473;315464;77.2;72.1
86;2021-09-13;323;1432;337796;316896;77.2;72.5
86;2021-09-14;402;2011;338198;318907;77.3;72.9
86;2021-09-15;473;1555;338671;320462;77.4;73.3
86;2021-09-16;437;1011;339108;321473;77.5;73.5
86;2021-09-17;488;1062;339596;322535;77.6;73.7
86;2021-09-18;294;1271;339890;323806;77.7;74.0
86;2021-09-19;85;415;339975;324221;77.7;74.1
86;2021-09-20;223;641;340198;324862;77.8;74.3
86;2021-09-21;266;825;340464;325687;77.8;74.5
86;2021-09-22;336;1185;340800;326872;77.9;74.7
86;2021-09-23;354;580;341154;327452;78.0;74.9
86;2021-09-24;308;840;341462;328292;78.1;75.1
86;2021-09-25;289;1063;341751;329355;78.1;75.3
86;2021-09-26;45;166;341796;329521;78.1;75.3
86;2021-09-27;159;359;341955;329880;78.2;75.4
86;2021-09-28;239;368;342194;330248;78.2;75.5
86;2021-09-29;230;686;342424;330934;78.3;75.7
86;2021-09-30;255;496;342679;331430;78.3;75.8
86;2021-10-01;255;523;342934;331953;78.4;75.9
86;2021-10-02;278;575;343212;332528;78.5;76.0
86;2021-10-03;19;73;343231;332601;78.5;76.0
86;2021-10-04;96;316;343327;332917;78.5;76.1
86;2021-10-05;130;275;343457;333192;78.5;76.2
87;2020-12-27;0;0;0;0;0.0;0.0
87;2020-12-28;3;0;3;0;0.0;0.0
87;2020-12-29;0;0;3;0;0.0;0.0
87;2020-12-30;0;0;3;0;0.0;0.0
87;2020-12-31;0;0;3;0;0.0;0.0
87;2021-01-01;0;0;3;0;0.0;0.0
87;2021-01-02;0;0;3;0;0.0;0.0
87;2021-01-03;0;0;3;0;0.0;0.0
87;2021-01-04;2;0;5;0;0.0;0.0
87;2021-01-05;1;0;6;0;0.0;0.0
87;2021-01-06;10;0;16;0;0.0;0.0
87;2021-01-07;301;0;317;0;0.1;0.0
87;2021-01-08;407;0;724;0;0.2;0.0
87;2021-01-09;65;0;789;0;0.2;0.0
87;2021-01-10;35;0;824;0;0.2;0.0
87;2021-01-11;424;0;1248;0;0.3;0.0
87;2021-01-12;653;0;1901;0;0.5;0.0
87;2021-01-13;660;2;2561;2;0.7;0.0
87;2021-01-14;517;10;3078;12;0.8;0.0
87;2021-01-15;534;3;3612;15;1.0;0.0
87;2021-01-16;204;1;3816;16;1.0;0.0
87;2021-01-17;1;0;3817;16;1.0;0.0
87;2021-01-18;645;5;4462;21;1.2;0.0
87;2021-01-19;657;1;5119;22;1.4;0.0
87;2021-01-20;674;3;5793;25;1.6;0.0
87;2021-01-21;717;0;6510;25;1.8;0.0
87;2021-01-22;758;4;7268;29;2.0;0.0
87;2021-01-23;287;0;7555;29;2.0;0.0
87;2021-01-24;1;0;7556;29;2.0;0.0
87;2021-01-25;620;10;8176;39;2.2;0.0
87;2021-01-26;570;47;8746;86;2.4;0.0
87;2021-01-27;572;36;9318;122;2.5;0.0
87;2021-01-28;856;91;10174;213;2.7;0.1
87;2021-01-29;741;239;10915;452;2.9;0.1
87;2021-01-30;325;67;11240;519;3.0;0.1
87;2021-01-31;34;71;11274;590;3.0;0.2
87;2021-02-01;413;280;11687;870;3.2;0.2
87;2021-02-02;451;407;12138;1277;3.3;0.3
87;2021-02-03;540;350;12678;1627;3.4;0.4
87;2021-02-04;613;528;13291;2155;3.6;0.6
87;2021-02-05;344;352;13635;2507;3.7;0.7
87;2021-02-06;55;109;13690;2616;3.7;0.7
87;2021-02-07;20;0;13710;2616;3.7;0.7
87;2021-02-08;246;369;13956;2985;3.8;0.8
87;2021-02-09;219;439;14175;3424;3.8;0.9
87;2021-02-10;262;462;14437;3886;3.9;1.0
87;2021-02-11;286;408;14723;4294;4.0;1.2
87;2021-02-12;287;402;15010;4696;4.0;1.3
87;2021-02-13;25;135;15035;4831;4.1;1.3
87;2021-02-14;0;2;15035;4833;4.1;1.3
87;2021-02-15;237;300;15272;5133;4.1;1.4
87;2021-02-16;332;235;15604;5368;4.2;1.4
87;2021-02-17;329;296;15933;5664;4.3;1.5
87;2021-02-18;478;537;16411;6201;4.4;1.7
87;2021-02-19;406;390;16817;6591;4.5;1.8
87;2021-02-20;124;143;16941;6734;4.6;1.8
87;2021-02-21;2;9;16943;6743;4.6;1.8
87;2021-02-22;440;444;17383;7187;4.7;1.9
87;2021-02-23;557;492;17940;7679;4.8;2.1
87;2021-02-24;451;465;18391;8144;5.0;2.2
87;2021-02-25;790;581;19181;8725;5.2;2.4
87;2021-02-26;842;379;20023;9104;5.4;2.5
87;2021-02-27;405;150;20428;9254;5.5;2.5
87;2021-02-28;3;0;20431;9254;5.5;2.5
87;2021-03-01;518;303;20949;9557;5.7;2.6
87;2021-03-02;1031;318;21980;9875;5.9;2.7
87;2021-03-03;1174;281;23154;10156;6.2;2.7
87;2021-03-04;1406;307;24560;10463;6.6;2.8
87;2021-03-05;1770;241;26330;10704;7.1;2.9
87;2021-03-06;1049;37;27379;10741;7.4;2.9
87;2021-03-07;257;6;27636;10747;7.5;2.9
87;2021-03-08;863;207;28499;10954;7.7;3.0
87;2021-03-09;1288;207;29787;11161;8.0;3.0
87;2021-03-10;1299;215;31086;11376;8.4;3.1
87;2021-03-11;1755;236;32841;11612;8.9;3.1
87;2021-03-12;2129;254;34970;11866;9.4;3.2
87;2021-03-13;1309;22;36279;11888;9.8;3.2
87;2021-03-14;80;1;36359;11889;9.8;3.2
87;2021-03-15;987;348;37346;12237;10.1;3.3
87;2021-03-16;1060;231;38406;12468;10.4;3.4
87;2021-03-17;1070;219;39476;12687;10.6;3.4
87;2021-03-18;1186;336;40662;13023;11.0;3.5
87;2021-03-19;1684;278;42346;13301;11.4;3.6
87;2021-03-20;926;86;43272;13387;11.7;3.6
87;2021-03-21;32;0;43304;13387;11.7;3.6
87;2021-03-22;1048;365;44352;13752;12.0;3.7
87;2021-03-23;1386;426;45738;14178;12.3;3.8
87;2021-03-24;1508;363;47246;14541;12.7;3.9
87;2021-03-25;2500;397;49746;14938;13.4;4.0
87;2021-03-26;2532;451;52278;15389;14.1;4.2
87;2021-03-27;891;123;53169;15512;14.3;4.2
87;2021-03-28;270;18;53439;15530;14.4;4.2
87;2021-03-29;1119;412;54558;15942;14.7;4.3
87;2021-03-30;1907;661;56465;16603;15.2;4.5
87;2021-03-31;1660;692;58125;17295;15.7;4.7
87;2021-04-01;2237;572;60362;17867;16.3;4.8
87;2021-04-02;1843;628;62205;18495;16.8;5.0
87;2021-04-03;455;266;62660;18761;16.9;5.1
87;2021-04-04;2;0;62662;18761;16.9;5.1
87;2021-04-05;82;1;62744;18762;16.9;5.1
87;2021-04-06;1004;904;63748;19666;17.2;5.3
87;2021-04-07;1487;922;65235;20588;17.6;5.6
87;2021-04-08;1785;1030;67020;21618;18.1;5.8
87;2021-04-09;2647;740;69667;22358;18.8;6.0
87;2021-04-10;1189;307;70856;22665;19.1;6.1
87;2021-04-11;69;0;70925;22665;19.1;6.1
87;2021-04-12;1619;827;72544;23492;19.6;6.3
87;2021-04-13;2288;1064;74832;24556;20.2;6.6
87;2021-04-14;2529;1185;77361;25741;20.9;6.9
87;2021-04-15;2223;1073;79584;26814;21.5;7.2
87;2021-04-16;2735;1067;82319;27881;22.2;7.5
87;2021-04-17;731;388;83050;28269;22.4;7.6
87;2021-04-18;111;139;83161;28408;22.4;7.7
87;2021-04-19;1661;837;84822;29245;22.9;7.9
87;2021-04-20;2084;884;86906;30129;23.4;8.1
87;2021-04-21;2295;990;89201;31119;24.1;8.4
87;2021-04-22;2564;1164;91765;32283;24.7;8.7
87;2021-04-23;1997;1180;93762;33463;25.3;9.0
87;2021-04-24;824;619;94586;34082;25.5;9.2
87;2021-04-25;64;103;94650;34185;25.5;9.2
87;2021-04-26;1356;910;96006;35095;25.9;9.5
87;2021-04-27;2398;1196;98404;36291;26.5;9.8
87;2021-04-28;3867;1431;102271;37722;27.6;10.2
87;2021-04-29;3079;1827;105350;39549;28.4;10.7
87;2021-04-30;3172;1345;108522;40894;29.3;11.0
87;2021-05-01;614;59;109136;40953;29.4;11.0
87;2021-05-02;361;5;109497;40958;29.5;11.0
87;2021-05-03;2323;931;111820;41889;30.2;11.3
87;2021-05-04;2902;1067;114722;42956;30.9;11.6
87;2021-05-05;2989;1505;117711;44461;31.7;12.0
87;2021-05-06;2531;1699;120242;46160;32.4;12.4
87;2021-05-07;2945;1710;123187;47870;33.2;12.9
87;2021-05-08;772;291;123959;48161;33.4;13.0
87;2021-05-09;18;133;123977;48294;33.4;13.0
87;2021-05-10;1938;1584;125915;49878;34.0;13.5
87;2021-05-11;2465;1902;128380;51780;34.6;14.0
87;2021-05-12;2623;2062;131003;53842;35.3;14.5
87;2021-05-13;1085;292;132088;54134;35.6;14.6
87;2021-05-14;2245;1773;134333;55907;36.2;15.1
87;2021-05-15;950;409;135283;56316;36.5;15.2
87;2021-05-16;141;73;135424;56389;36.5;15.2
87;2021-05-17;1628;1761;137052;58150;37.0;15.7
87;2021-05-18;2632;1818;139684;59968;37.7;16.2
87;2021-05-19;2822;1553;142506;61521;38.4;16.6
87;2021-05-20;3302;1724;145808;63245;39.3;17.1
87;2021-05-21;2764;1841;148572;65086;40.1;17.6
87;2021-05-22;1457;628;150029;65714;40.5;17.7
87;2021-05-23;211;92;150240;65806;40.5;17.7
87;2021-05-24;1055;141;151295;65947;40.8;17.8
87;2021-05-25;2117;1810;153412;67757;41.4;18.3
87;2021-05-26;3219;2476;156631;70233;42.2;18.9
87;2021-05-27;3022;2354;159653;72587;43.1;19.6
87;2021-05-28;2675;2511;162328;75098;43.8;20.3
87;2021-05-29;1061;1306;163389;76404;44.1;20.6
87;2021-05-30;258;60;163647;76464;44.1;20.6
87;2021-05-31;2287;1358;165934;77822;44.8;21.0
87;2021-06-01;2547;1858;168481;79680;45.4;21.5
87;2021-06-02;2525;1851;171006;81531;46.1;22.0
87;2021-06-03;3212;2525;174218;84056;47.0;22.7
87;2021-06-04;2838;2053;177056;86109;47.8;23.2
87;2021-06-05;1310;569;178366;86678;48.1;23.4
87;2021-06-06;261;95;178627;86773;48.2;23.4
87;2021-06-07;2098;1894;180725;88667;48.7;23.9
87;2021-06-08;2958;2597;183683;91264;49.5;24.6
87;2021-06-09;2303;2809;185986;94073;50.2;25.4
87;2021-06-10;2974;2552;188960;96625;51.0;26.1
87;2021-06-11;2363;3062;191323;99687;51.6;26.9
87;2021-06-12;1219;1099;192542;100786;51.9;27.2
87;2021-06-13;294;485;192836;101271;52.0;27.3
87;2021-06-14;980;2729;193816;104000;52.3;28.0
87;2021-06-15;1361;3317;195177;107317;52.6;28.9
87;2021-06-16;1650;3424;196827;110741;53.1;29.9
87;2021-06-17;2438;2313;199265;113054;53.7;30.5
87;2021-06-18;1791;3013;201056;116067;54.2;31.3
87;2021-06-19;1047;1177;202103;117244;54.5;31.6
87;2021-06-20;205;206;202308;117450;54.6;31.7
87;2021-06-21;1040;2647;203348;120097;54.8;32.4
87;2021-06-22;1029;2879;204377;122976;55.1;33.2
87;2021-06-23;1256;3081;205633;126057;55.5;34.0
87;2021-06-24;1616;2561;207249;128618;55.9;34.7
87;2021-06-25;1448;2708;208697;131326;56.3;35.4
87;2021-06-26;529;1199;209226;132525;56.4;35.7
87;2021-06-27;26;212;209252;132737;56.4;35.8
87;2021-06-28;717;2575;209969;135312;56.6;36.5
87;2021-06-29;1156;3415;211125;138727;56.9;37.4
87;2021-06-30;1125;2651;212250;141378;57.2;38.1
87;2021-07-01;1482;2552;213732;143930;57.6;38.8
87;2021-07-02;1204;3461;214936;147391;58.0;39.8
87;2021-07-03;415;1512;215351;148903;58.1;40.2
87;2021-07-04;24;384;215375;149287;58.1;40.3
87;2021-07-05;685;2391;216060;151678;58.3;40.9
87;2021-07-06;583;3220;216643;154898;58.4;41.8
87;2021-07-07;862;3343;217505;158241;58.7;42.7
87;2021-07-08;1119;3671;218624;161912;59.0;43.7
87;2021-07-09;1113;3701;219737;165613;59.3;44.7
87;2021-07-10;290;1360;220027;166973;59.3;45.0
87;2021-07-11;49;284;220076;167257;59.4;45.1
87;2021-07-12;559;3192;220635;170449;59.5;46.0
87;2021-07-13;833;3509;221468;173958;59.7;46.9
87;2021-07-14;517;538;221985;174496;59.9;47.1
87;2021-07-15;1361;3461;223346;177957;60.2;48.0
87;2021-07-16;1731;3593;225077;181550;60.7;49.0
87;2021-07-17;655;1373;225732;182923;60.9;49.3
87;2021-07-18;81;285;225813;183208;60.9;49.4
87;2021-07-19;1434;3400;227247;186608;61.3;50.3
87;2021-07-20;1805;3590;229052;190198;61.8;51.3
87;2021-07-21;1451;3149;230503;193347;62.2;52.1
87;2021-07-22;1877;3244;232380;196591;62.7;53.0
87;2021-07-23;1875;3171;234255;199762;63.2;53.9
87;2021-07-24;816;1284;235071;201046;63.4;54.2
87;2021-07-25;106;241;235177;201287;63.4;54.3
87;2021-07-26;1541;2328;236718;203615;63.8;54.9
87;2021-07-27;2556;2062;239274;205677;64.5;55.5
87;2021-07-28;2390;2005;241664;207682;65.2;56.0
87;2021-07-29;3011;1998;244675;209680;66.0;56.6
87;2021-07-30;2543;2072;247218;211752;66.7;57.1
87;2021-07-31;1103;837;248321;212589;67.0;57.3
87;2021-08-01;283;151;248604;212740;67.1;57.4
87;2021-08-02;2119;1519;250723;214259;67.6;57.8
87;2021-08-03;2496;1331;253219;215590;68.3;58.1
87;2021-08-04;2314;1061;255533;216651;68.9;58.4
87;2021-08-05;2528;1413;258061;218064;69.6;58.8
87;2021-08-06;2144;1659;260205;219723;70.2;59.3
87;2021-08-07;1110;783;261315;220506;70.5;59.5
87;2021-08-08;208;124;261523;220630;70.5;59.5
87;2021-08-09;1818;1526;263341;222156;71.0;59.9
87;2021-08-10;2200;1533;265541;223689;71.6;60.3
87;2021-08-11;1912;1273;267453;224962;72.1;60.7
87;2021-08-12;2106;1481;269559;226443;72.7;61.1
87;2021-08-13;1724;1620;271283;228063;73.2;61.5
87;2021-08-14;671;733;271954;228796;73.3;61.7
87;2021-08-15;72;104;272026;228900;73.4;61.7
87;2021-08-16;1505;1739;273531;230639;73.8;62.2
87;2021-08-17;1354;1669;274885;232308;74.1;62.7
87;2021-08-18;1246;1998;276131;234306;74.5;63.2
87;2021-08-19;1223;1798;277354;236104;74.8;63.7
87;2021-08-20;917;2205;278271;238309;75.1;64.3
87;2021-08-21;318;965;278589;239274;75.1;64.5
87;2021-08-22;92;235;278681;239509;75.2;64.6
87;2021-08-23;746;2393;279427;241902;75.4;65.2
87;2021-08-24;765;2135;280192;244037;75.6;65.8
87;2021-08-25;710;2062;280902;246099;75.8;66.4
87;2021-08-26;860;2156;281762;248255;76.0;67.0
87;2021-08-27;789;2668;282551;250923;76.2;67.7
87;2021-08-28;331;1300;282882;252223;76.3;68.0
87;2021-08-29;65;244;282947;252467;76.3;68.1
87;2021-08-30;472;2215;283419;254682;76.4;68.7
87;2021-08-31;608;1933;284027;256615;76.6;69.2
87;2021-09-01;749;2469;284776;259084;76.8;69.9
87;2021-09-02;557;2342;285333;261426;77.0;70.5
87;2021-09-03;650;2485;285983;263911;77.1;71.2
87;2021-09-04;276;1130;286259;265041;77.2;71.5
87;2021-09-05;9;7;286268;265048;77.2;71.5
87;2021-09-06;395;1986;286663;267034;77.3;72.0
87;2021-09-07;385;1524;287048;268558;77.4;72.4
87;2021-09-08;459;1820;287507;270378;77.5;72.9
87;2021-09-09;325;1285;287832;271663;77.6;73.3
87;2021-09-10;466;1695;288298;273358;77.8;73.7
87;2021-09-11;320;973;288618;274331;77.8;74.0
87;2021-09-12;3;13;288621;274344;77.8;74.0
87;2021-09-13;310;1106;288931;275450;77.9;74.3
87;2021-09-14;285;1020;289216;276470;78.0;74.6
87;2021-09-15;367;963;289583;277433;78.1;74.8
87;2021-09-16;347;789;289930;278222;78.2;75.0
87;2021-09-17;404;884;290334;279106;78.3;75.3
87;2021-09-18;286;727;290620;279833;78.4;75.5
87;2021-09-19;4;14;290624;279847;78.4;75.5
87;2021-09-20;203;465;290827;280312;78.4;75.6
87;2021-09-21;261;508;291088;280820;78.5;75.7
87;2021-09-22;235;758;291323;281578;78.6;75.9
87;2021-09-23;218;529;291541;282107;78.6;76.1
87;2021-09-24;293;740;291834;282847;78.7;76.3
87;2021-09-25;167;511;292001;283358;78.8;76.4
87;2021-09-26;1;5;292002;283363;78.8;76.4
87;2021-09-27;195;401;292197;283764;78.8;76.5
87;2021-09-28;204;322;292401;284086;78.9;76.6
87;2021-09-29;171;398;292572;284484;78.9;76.7
87;2021-09-30;140;268;292712;284752;78.9;76.8
87;2021-10-01;205;513;292917;285265;79.0;76.9
87;2021-10-02;156;399;293073;285664;79.0;77.0
87;2021-10-03;3;3;293076;285667;79.0;77.0
87;2021-10-04;152;290;293228;285957;79.1;77.1
87;2021-10-05;110;212;293338;286169;79.1;77.2
88;2020-12-27;0;0;0;0;0.0;0.0
88;2020-12-28;0;0;0;0;0.0;0.0
88;2020-12-29;0;0;0;0;0.0;0.0
88;2020-12-30;0;0;0;0;0.0;0.0
88;2020-12-31;0;0;0;0;0.0;0.0
88;2021-01-01;2;0;2;0;0.0;0.0
88;2021-01-02;0;0;2;0;0.0;0.0
88;2021-01-03;0;0;2;0;0.0;0.0
88;2021-01-04;0;0;2;0;0.0;0.0
88;2021-01-05;1;0;3;0;0.0;0.0
88;2021-01-06;3;0;6;0;0.0;0.0
88;2021-01-07;71;1;77;1;0.0;0.0
88;2021-01-08;189;2;266;3;0.1;0.0
88;2021-01-09;190;2;456;5;0.1;0.0
88;2021-01-10;0;0;456;5;0.1;0.0
88;2021-01-11;227;0;683;5;0.2;0.0
88;2021-01-12;422;0;1105;5;0.3;0.0
88;2021-01-13;491;2;1596;7;0.4;0.0
88;2021-01-14;347;3;1943;10;0.5;0.0
88;2021-01-15;380;1;2323;11;0.6;0.0
88;2021-01-16;62;0;2385;11;0.7;0.0
88;2021-01-17;1;0;2386;11;0.7;0.0
88;2021-01-18;461;0;2847;11;0.8;0.0
88;2021-01-19;451;0;3298;11;0.9;0.0
88;2021-01-20;462;1;3760;12;1.0;0.0
88;2021-01-21;1547;5;5307;17;1.5;0.0
88;2021-01-22;1182;2;6489;19;1.8;0.0
88;2021-01-23;285;0;6774;19;1.9;0.0
88;2021-01-24;298;2;7072;21;2.0;0.0
88;2021-01-25;937;4;8009;25;2.2;0.0
88;2021-01-26;388;5;8397;30;2.3;0.0
88;2021-01-27;4;0;8401;30;2.3;0.0
88;2021-01-28;162;35;8563;65;2.4;0.0
88;2021-01-29;527;145;9090;210;2.5;0.1
88;2021-01-30;288;79;9378;289;2.6;0.1
88;2021-01-31;0;0;9378;289;2.6;0.1
88;2021-02-01;406;261;9784;550;2.7;0.2
88;2021-02-02;333;346;10117;896;2.8;0.2
88;2021-02-03;437;223;10554;1119;2.9;0.3
88;2021-02-04;315;210;10869;1329;3.0;0.4
88;2021-02-05;457;236;11326;1565;3.2;0.4
88;2021-02-06;110;49;11436;1614;3.2;0.4
88;2021-02-07;0;0;11436;1614;3.2;0.4
88;2021-02-08;361;160;11797;1774;3.3;0.5
88;2021-02-09;291;237;12088;2011;3.4;0.6
88;2021-02-10;416;299;12504;2310;3.5;0.6
88;2021-02-11;850;953;13354;3263;3.7;0.9
88;2021-02-12;939;658;14293;3921;4.0;1.1
88;2021-02-13;162;202;14455;4123;4.0;1.1
88;2021-02-14;81;195;14536;4318;4.0;1.2
88;2021-02-15;639;891;15175;5209;4.2;1.4
88;2021-02-16;472;532;15647;5741;4.4;1.6
88;2021-02-17;455;341;16102;6082;4.5;1.7
88;2021-02-18;516;270;16618;6352;4.6;1.8
88;2021-02-19;536;383;17154;6735;4.8;1.9
88;2021-02-20;156;86;17310;6821;4.8;1.9
88;2021-02-21;1;25;17311;6846;4.8;1.9
88;2021-02-22;425;252;17736;7098;4.9;2.0
88;2021-02-23;403;187;18139;7285;5.0;2.0
88;2021-02-24;505;168;18644;7453;5.2;2.1
88;2021-02-25;674;220;19318;7673;5.4;2.1
88;2021-02-26;863;230;20181;7903;5.6;2.2
88;2021-02-27;269;31;20450;7934;5.7;2.2
88;2021-02-28;30;1;20480;7935;5.7;2.2
88;2021-03-01;358;379;20838;8314;5.8;2.3
88;2021-03-02;431;389;21269;8703;5.9;2.4
88;2021-03-03;650;364;21919;9067;6.1;2.5
88;2021-03-04;1045;660;22964;9727;6.4;2.7
88;2021-03-05;933;626;23897;10353;6.6;2.9
88;2021-03-06;1873;112;25770;10465;7.2;2.9
88;2021-03-07;1060;77;26830;10542;7.5;2.9
88;2021-03-08;726;625;27556;11167;7.7;3.1
88;2021-03-09;1095;468;28651;11635;8.0;3.2
88;2021-03-10;1083;451;29734;12086;8.3;3.4
88;2021-03-11;1441;362;31175;12448;8.7;3.5
88;2021-03-12;1309;460;32484;12908;9.0;3.6
88;2021-03-13;1210;129;33694;13037;9.4;3.6
88;2021-03-14;166;5;33860;13042;9.4;3.6
88;2021-03-15;928;436;34788;13478;9.7;3.7
88;2021-03-16;1024;337;35812;13815;10.0;3.8
88;2021-03-17;905;415;36717;14230;10.2;4.0
88;2021-03-18;1303;398;38020;14628;10.6;4.1
88;2021-03-19;1465;500;39485;15128;11.0;4.2
88;2021-03-20;1319;55;40804;15183;11.3;4.2
88;2021-03-21;37;0;40841;15183;11.4;4.2
88;2021-03-22;1233;542;42074;15725;11.7;4.4
88;2021-03-23;1780;443;43854;16168;12.2;4.5
88;2021-03-24;1877;466;45731;16634;12.7;4.6
88;2021-03-25;2497;490;48228;17124;13.4;4.8
88;2021-03-26;2480;443;50708;17567;14.1;4.9
88;2021-03-27;884;297;51592;17864;14.4;5.0
88;2021-03-28;61;3;51653;17867;14.4;5.0
88;2021-03-29;1305;436;52958;18303;14.7;5.1
88;2021-03-30;2062;392;55020;18695;15.3;5.2
88;2021-03-31;1619;575;56639;19270;15.8;5.4
88;2021-04-01;2117;718;58756;19988;16.3;5.6
88;2021-04-02;2812;647;61568;20635;17.1;5.7
88;2021-04-03;745;215;62313;20850;17.3;5.8
88;2021-04-04;16;1;62329;20851;17.3;5.8
88;2021-04-05;23;2;62352;20853;17.3;5.8
88;2021-04-06;1140;678;63492;21531;17.7;6.0
88;2021-04-07;1600;714;65092;22245;18.1;6.2
88;2021-04-08;1857;788;66949;23033;18.6;6.4
88;2021-04-09;3078;741;70027;23774;19.5;6.6
88;2021-04-10;724;648;70751;24422;19.7;6.8
88;2021-04-11;33;1;70784;24423;19.7;6.8
88;2021-04-12;1537;987;72321;25410;20.1;7.1
88;2021-04-13;2035;1088;74356;26498;20.7;7.4
88;2021-04-14;1910;949;76266;27447;21.2;7.6
88;2021-04-15;1967;1244;78233;28691;21.8;8.0
88;2021-04-16;2109;1047;80342;29738;22.3;8.3
88;2021-04-17;1430;765;81772;30503;22.7;8.5
88;2021-04-18;268;23;82040;30526;22.8;8.5
88;2021-04-19;1172;1238;83212;31764;23.1;8.8
88;2021-04-20;1190;1396;84402;33160;23.5;9.2
88;2021-04-21;1503;1296;85905;34456;23.9;9.6
88;2021-04-22;1900;1633;87805;36089;24.4;10.0
88;2021-04-23;1825;2046;89630;38135;24.9;10.6
88;2021-04-24;1184;783;90814;38918;25.3;10.8
88;2021-04-25;34;2;90848;38920;25.3;10.8
88;2021-04-26;1182;1170;92030;40090;25.6;11.2
88;2021-04-27;1277;1727;93307;41817;26.0;11.6
88;2021-04-28;1634;1496;94941;43313;26.4;12.0
88;2021-04-29;2082;1456;97023;44769;27.0;12.5
88;2021-04-30;2450;1625;99473;46394;27.7;12.9
88;2021-05-01;2008;290;101481;46684;28.2;13.0
88;2021-05-02;1301;119;102782;46803;28.6;13.0
88;2021-05-03;1559;1218;104341;48021;29.0;13.4
88;2021-05-04;1444;1464;105785;49485;29.4;13.8
88;2021-05-05;2426;1598;108211;51083;30.1;14.2
88;2021-05-06;3211;1205;111422;52288;31.0;14.5
88;2021-05-07;2938;1345;114360;53633;31.8;14.9
88;2021-05-08;1532;467;115892;54100;32.2;15.0
88;2021-05-09;1734;163;117626;54263;32.7;15.1
88;2021-05-10;1763;1568;119389;55831;33.2;15.5
88;2021-05-11;2655;1909;122044;57740;33.9;16.1
88;2021-05-12;2532;1853;124576;59593;34.7;16.6
88;2021-05-13;3258;683;127834;60276;35.6;16.8
88;2021-05-14;2500;1539;130334;61815;36.3;17.2
88;2021-05-15;1624;744;131958;62559;36.7;17.4
88;2021-05-16;1332;103;133290;62662;37.1;17.4
88;2021-05-17;1987;944;135277;63606;37.6;17.7
88;2021-05-18;2255;1116;137532;64722;38.3;18.0
88;2021-05-19;2721;1148;140253;65870;39.0;18.3
88;2021-05-20;3348;1237;143601;67107;39.9;18.7
88;2021-05-21;2875;1149;146476;68256;40.7;19.0
88;2021-05-22;1431;713;147907;68969;41.1;19.2
88;2021-05-23;558;74;148465;69043;41.3;19.2
88;2021-05-24;1675;435;150140;69478;41.8;19.3
88;2021-05-25;1646;1174;151786;70652;42.2;19.7
88;2021-05-26;2368;1140;154154;71792;42.9;20.0
88;2021-05-27;2200;1361;156354;73153;43.5;20.3
88;2021-05-28;1891;1963;158245;75116;44.0;20.9
88;2021-05-29;1230;1755;159475;76871;44.4;21.4
88;2021-05-30;587;418;160062;77289;44.5;21.5
88;2021-05-31;1327;1849;161389;79138;44.9;22.0
88;2021-06-01;1720;1983;163109;81121;45.4;22.6
88;2021-06-02;2076;1871;165185;82992;45.9;23.1
88;2021-06-03;2738;1612;167923;84604;46.7;23.5
88;2021-06-04;2042;1926;169965;86530;47.3;24.1
88;2021-06-05;1531;1135;171496;87665;47.7;24.4
88;2021-06-06;692;156;172188;87821;47.9;24.4
88;2021-06-07;1290;1710;173478;89531;48.3;24.9
88;2021-06-08;1666;1933;175144;91464;48.7;25.4
88;2021-06-09;1619;1909;176763;93373;49.2;26.0
88;2021-06-10;1781;2047;178544;95420;49.7;26.5
88;2021-06-11;1549;2211;180093;97631;50.1;27.2
88;2021-06-12;669;1657;180762;99288;50.3;27.6
88;2021-06-13;464;377;181226;99665;50.4;27.7
88;2021-06-14;1030;2249;182256;101914;50.7;28.3
88;2021-06-15;1927;2458;184183;104372;51.2;29.0
88;2021-06-16;1486;2873;185669;107245;51.6;29.8
88;2021-06-17;1602;2734;187271;109979;52.1;30.6
88;2021-06-18;1355;2460;188626;112439;52.5;31.3
88;2021-06-19;701;1089;189327;113528;52.7;31.6
88;2021-06-20;78;79;189405;113607;52.7;31.6
88;2021-06-21;672;2578;190077;116185;52.9;32.3
88;2021-06-22;869;3433;190946;119618;53.1;33.3
88;2021-06-23;1144;2876;192090;122494;53.4;34.1
88;2021-06-24;702;2604;192792;125098;53.6;34.8
88;2021-06-25;1436;3180;194228;128278;54.0;35.7
88;2021-06-26;903;2073;195131;130351;54.3;36.3
88;2021-06-27;543;635;195674;130986;54.4;36.4
88;2021-06-28;758;2514;196432;133500;54.6;37.1
88;2021-06-29;960;3353;197392;136853;54.9;38.1
88;2021-06-30;1136;3114;198528;139967;55.2;38.9
88;2021-07-01;1056;2686;199584;142653;55.5;39.7
88;2021-07-02;992;3144;200576;145797;55.8;40.6
88;2021-07-03;692;1699;201268;147496;56.0;41.0
88;2021-07-04;258;815;201526;148311;56.1;41.3
88;2021-07-05;993;2020;202519;150331;56.3;41.8
88;2021-07-06;1021;2414;203540;152745;56.6;42.5
88;2021-07-07;1177;2586;204717;155331;56.9;43.2
88;2021-07-08;1082;2063;205799;157394;57.2;43.8
88;2021-07-09;1583;2704;207382;160098;57.7;44.5
88;2021-07-10;721;1818;208103;161916;57.9;45.0
88;2021-07-11;468;696;208571;162612;58.0;45.2
88;2021-07-12;1055;2520;209626;165132;58.3;45.9
88;2021-07-13;1313;2654;210939;167786;58.7;46.7
88;2021-07-14;1207;799;212146;168585;59.0;46.9
88;2021-07-15;1744;3307;213890;171892;59.5;47.8
88;2021-07-16;1469;2960;215359;174852;59.9;48.6
88;2021-07-17;802;1587;216161;176439;60.1;49.1
88;2021-07-18;180;679;216341;177118;60.2;49.3
88;2021-07-19;1563;2232;217904;179350;60.6;49.9
88;2021-07-20;2144;2385;220048;181735;61.2;50.5
88;2021-07-21;1939;2217;221987;183952;61.7;51.2
88;2021-07-22;1699;2107;223686;186059;62.2;51.8
88;2021-07-23;2508;2778;226194;188837;62.9;52.5
88;2021-07-24;1059;1186;227253;190023;63.2;52.9
88;2021-07-25;432;608;227685;190631;63.3;53.0
88;2021-07-26;1715;2074;229400;192705;63.8;53.6
88;2021-07-27;2351;2060;231751;194765;64.5;54.2
88;2021-07-28;2210;2248;233961;197013;65.1;54.8
88;2021-07-29;3033;1635;236994;198648;65.9;55.3
88;2021-07-30;2272;2294;239266;200942;66.6;55.9
88;2021-07-31;1105;1036;240371;201978;66.9;56.2
88;2021-08-01;450;461;240821;202439;67.0;56.3
88;2021-08-02;2376;1770;243197;204209;67.6;56.8
88;2021-08-03;2875;1591;246072;205800;68.4;57.2
88;2021-08-04;2520;1530;248592;207330;69.1;57.7
88;2021-08-05;1994;1378;250586;208708;69.7;58.1
88;2021-08-06;2948;2010;253534;210718;70.5;58.6
88;2021-08-07;1176;912;254710;211630;70.8;58.9
88;2021-08-08;751;319;255461;211949;71.1;59.0
88;2021-08-09;1550;1649;257011;213598;71.5;59.4
88;2021-08-10;1941;2040;258952;215638;72.0;60.0
88;2021-08-11;1871;1759;260823;217397;72.5;60.5
88;2021-08-12;1670;1349;262493;218746;73.0;60.8
88;2021-08-13;1952;2137;264445;220883;73.6;61.4
88;2021-08-14;580;912;265025;221795;73.7;61.7
88;2021-08-15;337;520;265362;222315;73.8;61.8
88;2021-08-16;1149;1988;266511;224303;74.1;62.4
88;2021-08-17;1267;2058;267778;226361;74.5;63.0
88;2021-08-18;1208;1925;268986;228286;74.8;63.5
88;2021-08-19;1042;1582;270028;229868;75.1;63.9
88;2021-08-20;1020;2330;271048;232198;75.4;64.6
88;2021-08-21;405;1144;271453;233342;75.5;64.9
88;2021-08-22;100;479;271553;233821;75.5;65.0
88;2021-08-23;734;1640;272287;235461;75.7;65.5
88;2021-08-24;918;1973;273205;237434;76.0;66.0
88;2021-08-25;891;2459;274096;239893;76.2;66.7
88;2021-08-26;868;2049;274964;241942;76.5;67.3
88;2021-08-27;844;2711;275808;244653;76.7;68.0
88;2021-08-28;490;1351;276298;246004;76.9;68.4
88;2021-08-29;130;693;276428;246697;76.9;68.6
88;2021-08-30;699;2383;277127;249080;77.1;69.3
88;2021-08-31;782;2374;277909;251454;77.3;69.9
88;2021-09-01;686;2075;278595;253529;77.5;70.5
88;2021-09-02;666;1746;279261;255275;77.7;71.0
88;2021-09-03;728;2259;279989;257534;77.9;71.6
88;2021-09-04;428;1159;280417;258693;78.0;72.0
88;2021-09-05;188;425;280605;259118;78.0;72.1
88;2021-09-06;505;1362;281110;260480;78.2;72.5
88;2021-09-07;566;1412;281676;261892;78.3;72.8
88;2021-09-08;458;1491;282134;263383;78.5;73.3
88;2021-09-09;540;1102;282674;264485;78.6;73.6
88;2021-09-10;590;1582;283264;266067;78.8;74.0
88;2021-09-11;349;851;283613;266918;78.9;74.2
88;2021-09-12;71;142;283684;267060;78.9;74.3
88;2021-09-13;429;1075;284113;268135;79.0;74.6
88;2021-09-14;553;1260;284666;269395;79.2;74.9
88;2021-09-15;424;971;285090;270366;79.3;75.2
88;2021-09-16;255;536;285345;270902;79.4;75.4
88;2021-09-17;432;1026;285777;271928;79.5;75.6
88;2021-09-18;233;680;286010;272608;79.6;75.8
88;2021-09-19;51;164;286061;272772;79.6;75.9
88;2021-09-20;222;564;286283;273336;79.6;76.0
88;2021-09-21;207;597;286490;273933;79.7;76.2
88;2021-09-22;206;780;286696;274713;79.7;76.4
88;2021-09-23;287;626;286983;275339;79.8;76.6
88;2021-09-24;280;802;287263;276141;79.9;76.8
88;2021-09-25;126;564;287389;276705;79.9;77.0
88;2021-09-26;18;159;287407;276864;79.9;77.0
88;2021-09-27;165;457;287572;277321;80.0;77.1
88;2021-09-28;175;523;287747;277844;80.0;77.3
88;2021-09-29;174;504;287921;278348;80.1;77.4
88;2021-09-30;127;459;288048;278807;80.1;77.5
88;2021-10-01;207;672;288255;279479;80.2;77.7
88;2021-10-02;128;359;288383;279838;80.2;77.8
88;2021-10-03;22;80;288405;279918;80.2;77.9
88;2021-10-04;137;465;288542;280383;80.3;78.0
88;2021-10-05;172;579;288714;280962;80.3;78.1
89;2020-12-27;0;0;0;0;0.0;0.0
89;2020-12-28;2;0;2;0;0.0;0.0
89;2020-12-29;0;0;2;0;0.0;0.0
89;2020-12-30;0;0;2;0;0.0;0.0
89;2020-12-31;0;0;2;0;0.0;0.0
89;2021-01-01;0;0;2;0;0.0;0.0
89;2021-01-02;0;0;2;0;0.0;0.0
89;2021-01-03;0;0;2;0;0.0;0.0
89;2021-01-04;0;0;2;0;0.0;0.0
89;2021-01-05;0;0;2;0;0.0;0.0
89;2021-01-06;48;0;50;0;0.0;0.0
89;2021-01-07;201;0;251;0;0.1;0.0
89;2021-01-08;48;0;299;0;0.1;0.0
89;2021-01-09;1;0;300;0;0.1;0.0
89;2021-01-10;0;0;300;0;0.1;0.0
89;2021-01-11;221;0;521;0;0.2;0.0
89;2021-01-12;349;0;870;0;0.3;0.0
89;2021-01-13;533;3;1403;3;0.4;0.0
89;2021-01-14;711;7;2114;10;0.6;0.0
89;2021-01-15;278;2;2392;12;0.7;0.0
89;2021-01-16;90;3;2482;15;0.7;0.0
89;2021-01-17;0;0;2482;15;0.7;0.0
89;2021-01-18;503;1;2985;16;0.9;0.0
89;2021-01-19;841;3;3826;19;1.2;0.0
89;2021-01-20;762;0;4588;19;1.4;0.0
89;2021-01-21;939;3;5527;22;1.7;0.0
89;2021-01-22;1020;1;6547;23;2.0;0.0
89;2021-01-23;200;0;6747;23;2.0;0.0
89;2021-01-24;107;0;6854;23;2.1;0.0
89;2021-01-25;483;3;7337;26;2.2;0.0
89;2021-01-26;582;13;7919;39;2.4;0.0
89;2021-01-27;473;37;8392;76;2.5;0.0
89;2021-01-28;551;123;8943;199;2.7;0.1
89;2021-01-29;958;39;9901;238;3.0;0.1
89;2021-01-30;184;13;10085;251;3.0;0.1
89;2021-01-31;24;1;10109;252;3.0;0.1
89;2021-02-01;255;138;10364;390;3.1;0.1
89;2021-02-02;283;312;10647;702;3.2;0.2
89;2021-02-03;292;318;10939;1020;3.3;0.3
89;2021-02-04;434;559;11373;1579;3.4;0.5
89;2021-02-05;387;178;11760;1757;3.5;0.5
89;2021-02-06;77;66;11837;1823;3.6;0.5
89;2021-02-07;0;0;11837;1823;3.6;0.5
89;2021-02-08;287;158;12124;1981;3.7;0.6
89;2021-02-09;284;397;12408;2378;3.7;0.7
89;2021-02-10;396;277;12804;2655;3.9;0.8
89;2021-02-11;332;526;13136;3181;4.0;1.0
89;2021-02-12;432;561;13568;3742;4.1;1.1
89;2021-02-13;51;122;13619;3864;4.1;1.2
89;2021-02-14;21;116;13640;3980;4.1;1.2
89;2021-02-15;217;306;13857;4286;4.2;1.3
89;2021-02-16;134;426;13991;4712;4.2;1.4
89;2021-02-17;263;334;14254;5046;4.3;1.5
89;2021-02-18;225;420;14479;5466;4.4;1.6
89;2021-02-19;246;569;14725;6035;4.4;1.8
89;2021-02-20;33;126;14758;6161;4.4;1.9
89;2021-02-21;0;10;14758;6171;4.4;1.9
89;2021-02-22;233;355;14991;6526;4.5;2.0
89;2021-02-23;170;383;15161;6909;4.6;2.1
89;2021-02-24;343;290;15504;7199;4.7;2.2
89;2021-02-25;370;371;15874;7570;4.8;2.3
89;2021-02-26;385;279;16259;7849;4.9;2.4
89;2021-02-27;138;62;16397;7911;4.9;2.4
89;2021-02-28;6;12;16403;7923;4.9;2.4
89;2021-03-01;541;198;16944;8121;5.1;2.4
89;2021-03-02;754;307;17698;8428;5.3;2.5
89;2021-03-03;647;231;18345;8659;5.5;2.6
89;2021-03-04;633;335;18978;8994;5.7;2.7
89;2021-03-05;728;454;19706;9448;5.9;2.8
89;2021-03-06;549;121;20255;9569;6.1;2.9
89;2021-03-07;288;40;20543;9609;6.2;2.9
89;2021-03-08;559;300;21102;9909;6.4;3.0
89;2021-03-09;1003;241;22105;10150;6.7;3.1
89;2021-03-10;984;232;23089;10382;7.0;3.1
89;2021-03-11;1077;285;24166;10667;7.3;3.2
89;2021-03-12;1280;308;25446;10975;7.7;3.3
89;2021-03-13;637;44;26083;11019;7.9;3.3
89;2021-03-14;1;0;26084;11019;7.9;3.3
89;2021-03-15;816;310;26900;11329;8.1;3.4
89;2021-03-16;948;218;27848;11547;8.4;3.5
89;2021-03-17;920;266;28768;11813;8.7;3.6
89;2021-03-18;885;253;29653;12066;8.9;3.6
89;2021-03-19;1148;196;30801;12262;9.3;3.7
89;2021-03-20;844;30;31645;12292;9.5;3.7
89;2021-03-21;173;6;31818;12298;9.6;3.7
89;2021-03-22;1044;221;32862;12519;9.9;3.8
89;2021-03-23;1744;257;34606;12776;10.4;3.8
89;2021-03-24;1968;325;36574;13101;11.0;3.9
89;2021-03-25;1821;170;38395;13271;11.6;4.0
89;2021-03-26;2628;184;41023;13455;12.4;4.1
89;2021-03-27;1775;49;42798;13504;12.9;4.1
89;2021-03-28;32;3;42830;13507;12.9;4.1
89;2021-03-29;965;570;43795;14077;13.2;4.2
89;2021-03-30;1156;568;44951;14645;13.5;4.4
89;2021-03-31;2004;471;46955;15116;14.1;4.6
89;2021-04-01;2121;459;49076;15575;14.8;4.7
89;2021-04-02;2140;446;51216;16021;15.4;4.8
89;2021-04-03;1004;243;52220;16264;15.7;4.9
89;2021-04-04;16;1;52236;16265;15.7;4.9
89;2021-04-05;92;4;52328;16269;15.8;4.9
89;2021-04-06;1032;754;53360;17023;16.1;5.1
89;2021-04-07;1027;799;54387;17822;16.4;5.4
89;2021-04-08;1731;728;56118;18550;16.9;5.6
89;2021-04-09;2164;767;58282;19317;17.5;5.8
89;2021-04-10;891;180;59173;19497;17.8;5.9
89;2021-04-11;38;51;59211;19548;17.8;5.9
89;2021-04-12;1010;791;60221;20339;18.1;6.1
89;2021-04-13;1356;1081;61577;21420;18.5;6.4
89;2021-04-14;1214;1036;62791;22456;18.9;6.8
89;2021-04-15;1412;942;64203;23398;19.3;7.0
89;2021-04-16;1330;938;65533;24336;19.7;7.3
89;2021-04-17;1070;455;66603;24791;20.1;7.5
89;2021-04-18;27;154;66630;24945;20.1;7.5
89;2021-04-19;748;1039;67378;25984;20.3;7.8
89;2021-04-20;1016;1533;68394;27517;20.6;8.3
89;2021-04-21;814;1100;69208;28617;20.8;8.6
89;2021-04-22;1107;1164;70315;29781;21.2;9.0
89;2021-04-23;1820;1964;72135;31745;21.7;9.6
89;2021-04-24;1173;1173;73308;32918;22.1;9.9
89;2021-04-25;139;6;73447;32924;22.1;9.9
89;2021-04-26;1503;775;74950;33699;22.6;10.1
89;2021-04-27;1733;1053;76683;34752;23.1;10.5
89;2021-04-28;1598;1853;78281;36605;23.6;11.0
89;2021-04-29;1970;1924;80251;38529;24.2;11.6
89;2021-04-30;1803;1767;82054;40296;24.7;12.1
89;2021-05-01;846;721;82900;41017;25.0;12.4
89;2021-05-02;134;31;83034;41048;25.0;12.4
89;2021-05-03;1606;761;84640;41809;25.5;12.6
89;2021-05-04;1619;1125;86259;42934;26.0;12.9
89;2021-05-05;2319;1265;88578;44199;26.7;13.3
89;2021-05-06;2411;1382;90989;45581;27.4;13.7
89;2021-05-07;2718;1313;93707;46894;28.2;14.1
89;2021-05-08;1787;534;95494;47428;28.8;14.3
89;2021-05-09;196;18;95690;47446;28.8;14.3
89;2021-05-10;1201;960;96891;48406;29.2;14.6
89;2021-05-11;2491;1463;99382;49869;29.9;15.0
89;2021-05-12;2058;1215;101440;51084;30.5;15.4
89;2021-05-13;415;332;101855;51416;30.7;15.5
89;2021-05-14;1880;1095;103735;52511;31.2;15.8
89;2021-05-15;2247;394;105982;52905;31.9;15.9
89;2021-05-16;10;35;105992;52940;31.9;15.9
89;2021-05-17;2091;635;108083;53575;32.5;16.1
89;2021-05-18;2324;830;110407;54405;33.2;16.4
89;2021-05-19;2861;882;113268;55287;34.1;16.6
89;2021-05-20;2927;886;116195;56173;35.0;16.9
89;2021-05-21;2481;877;118676;57050;35.7;17.2
89;2021-05-22;1431;561;120107;57611;36.2;17.3
89;2021-05-23;108;10;120215;57621;36.2;17.4
89;2021-05-24;288;226;120503;57847;36.3;17.4
89;2021-05-25;1558;982;122061;58829;36.8;17.7
89;2021-05-26;1815;1024;123876;59853;37.3;18.0
89;2021-05-27;2118;1358;125994;61211;37.9;18.4
89;2021-05-28;2143;1418;128137;62629;38.6;18.9
89;2021-05-29;541;658;128678;63287;38.7;19.1
89;2021-05-30;25;22;128703;63309;38.8;19.1
89;2021-05-31;1248;971;129951;64280;39.1;19.4
89;2021-06-01;1505;979;131456;65259;39.6;19.7
89;2021-06-02;1945;1278;133401;66537;40.2;20.0
89;2021-06-03;2428;1522;135829;68059;40.9;20.5
89;2021-06-04;2140;1884;137969;69943;41.5;21.1
89;2021-06-05;1185;1223;139154;71166;41.9;21.4
89;2021-06-06;23;37;139177;71203;41.9;21.4
89;2021-06-07;2107;1448;141284;72651;42.5;21.9
89;2021-06-08;2196;1447;143480;74098;43.2;22.3
89;2021-06-09;2321;1510;145801;75608;43.9;22.8
89;2021-06-10;2790;1598;148591;77206;44.7;23.2
89;2021-06-11;1950;1746;150541;78952;45.3;23.8
89;2021-06-12;1103;757;151644;79709;45.7;24.0
89;2021-06-13;156;417;151800;80126;45.7;24.1
89;2021-06-14;1311;1824;153111;81950;46.1;24.7
89;2021-06-15;1403;2011;154514;83961;46.5;25.3
89;2021-06-16;1128;2582;155642;86543;46.9;26.1
89;2021-06-17;1433;2335;157075;88878;47.3;26.8
89;2021-06-18;1623;2877;158698;91755;47.8;27.6
89;2021-06-19;686;1660;159384;93415;48.0;28.1
89;2021-06-20;55;125;159439;93540;48.0;28.2
89;2021-06-21;758;1528;160197;95068;48.2;28.6
89;2021-06-22;1049;2679;161246;97747;48.6;29.4
89;2021-06-23;1154;1797;162400;99544;48.9;30.0
89;2021-06-24;1077;1497;163477;101041;49.2;30.4
89;2021-06-25;1008;2425;164485;103466;49.5;31.2
89;2021-06-26;560;2482;165045;105948;49.7;31.9
89;2021-06-27;14;28;165059;105976;49.7;31.9
89;2021-06-28;1033;2494;166092;108470;50.0;32.7
89;2021-06-29;691;2403;166783;110873;50.2;33.4
89;2021-06-30;1083;3182;167866;114055;50.5;34.3
89;2021-07-01;1023;2989;168889;117044;50.9;35.2
89;2021-07-02;1108;2748;169997;119792;51.2;36.1
89;2021-07-03;554;1575;170551;121367;51.4;36.5
89;2021-07-04;11;36;170562;121403;51.4;36.6
89;2021-07-05;1296;1838;171858;123241;51.7;37.1
89;2021-07-06;1053;2312;172911;125553;52.1;37.8
89;2021-07-07;674;1787;173585;127340;52.3;38.3
89;2021-07-08;797;1873;174382;129213;52.5;38.9
89;2021-07-09;1142;2606;175524;131819;52.9;39.7
89;2021-07-10;719;816;176243;132635;53.1;39.9
89;2021-07-11;26;39;176269;132674;53.1;40.0
89;2021-07-12;1425;1899;177694;134573;53.5;40.5
89;2021-07-13;2143;2746;179837;137319;54.2;41.3
89;2021-07-14;318;324;180155;137643;54.2;41.4
89;2021-07-15;2251;3156;182406;140799;54.9;42.4
89;2021-07-16;2391;2864;184797;143663;55.6;43.3
89;2021-07-17;1235;1229;186032;144892;56.0;43.6
89;2021-07-18;277;97;186309;144989;56.1;43.7
89;2021-07-19;1566;2811;187875;147800;56.6;44.5
89;2021-07-20;1929;3283;189804;151083;57.2;45.5
89;2021-07-21;2081;2725;191885;153808;57.8;46.3
89;2021-07-22;2480;2992;194365;156800;58.5;47.2
89;2021-07-23;2474;3105;196839;159905;59.3;48.2
89;2021-07-24;1241;1247;198080;161152;59.6;48.5
89;2021-07-25;69;185;198149;161337;59.7;48.6
89;2021-07-26;1720;2322;199869;163659;60.2;49.3
89;2021-07-27;2345;1911;202214;165570;60.9;49.9
89;2021-07-28;2538;1339;204752;166909;61.7;50.3
89;2021-07-29;2526;1621;207278;168530;62.4;50.7
89;2021-07-30;2678;1625;209956;170155;63.2;51.2
89;2021-07-31;1121;1073;211077;171228;63.6;51.6
89;2021-08-01;69;31;211146;171259;63.6;51.6
89;2021-08-02;1802;1288;212948;172547;64.1;52.0
89;2021-08-03;2500;1255;215448;173802;64.9;52.3
89;2021-08-04;1541;1641;216989;175443;65.3;52.8
89;2021-08-05;1551;1693;218540;177136;65.8;53.3
89;2021-08-06;2203;1652;220743;178788;66.5;53.8
89;2021-08-07;930;1098;221673;179886;66.7;54.2
89;2021-08-08;56;48;221729;179934;66.8;54.2
89;2021-08-09;1118;1175;222847;181109;67.1;54.5
89;2021-08-10;1829;1816;224676;182925;67.7;55.1
89;2021-08-11;1572;1585;226248;184510;68.1;55.6
89;2021-08-12;1413;1390;227661;185900;68.6;56.0
89;2021-08-13;1335;1954;228996;187854;69.0;56.6
89;2021-08-14;527;1024;229523;188878;69.1;56.9
89;2021-08-15;20;43;229543;188921;69.1;56.9
89;2021-08-16;1032;1969;230575;190890;69.4;57.5
89;2021-08-17;862;1573;231437;192463;69.7;58.0
89;2021-08-18;641;1897;232078;194360;69.9;58.5
89;2021-08-19;691;1389;232769;195749;70.1;58.9
89;2021-08-20;1133;2265;233902;198014;70.4;59.6
89;2021-08-21;297;1003;234199;199017;70.5;59.9
89;2021-08-22;32;34;234231;199051;70.5;59.9
89;2021-08-23;819;2252;235050;201303;70.8;60.6
89;2021-08-24;868;2366;235918;203669;71.0;61.3
89;2021-08-25;594;1429;236512;205098;71.2;61.8
89;2021-08-26;614;2053;237126;207151;71.4;62.4
89;2021-08-27;867;2264;237993;209415;71.7;63.1
89;2021-08-28;380;1303;238373;210718;71.8;63.5
89;2021-08-29;30;70;238403;210788;71.8;63.5
89;2021-08-30;663;2234;239066;213022;72.0;64.1
89;2021-08-31;604;1624;239670;214646;72.2;64.6
89;2021-09-01;568;1374;240238;216020;72.3;65.0
89;2021-09-02;463;1458;240701;217478;72.5;65.5
89;2021-09-03;630;2092;241331;219570;72.7;66.1
89;2021-09-04;508;997;241839;220567;72.8;66.4
89;2021-09-05;21;18;241860;220585;72.8;66.4
89;2021-09-06;422;1859;242282;222444;73.0;67.0
89;2021-09-07;359;1150;242641;223594;73.1;67.3
89;2021-09-08;336;1019;242977;224613;73.2;67.6
89;2021-09-09;271;962;243248;225575;73.2;67.9
89;2021-09-10;468;1560;243716;227135;73.4;68.4
89;2021-09-11;273;823;243989;227958;73.5;68.6
89;2021-09-12;11;45;244000;228003;73.5;68.7
89;2021-09-13;382;1287;244382;229290;73.6;69.0
89;2021-09-14;369;843;244751;230133;73.7;69.3
89;2021-09-15;229;694;244980;230827;73.8;69.5
89;2021-09-16;243;568;245223;231395;73.8;69.7
89;2021-09-17;496;1117;245719;232512;74.0;70.0
89;2021-09-18;178;744;245897;233256;74.0;70.2
89;2021-09-19;4;17;245901;233273;74.0;70.2
89;2021-09-20;248;724;246149;233997;74.1;70.5
89;2021-09-21;293;479;246442;234476;74.2;70.6
89;2021-09-22;197;577;246639;235053;74.3;70.8
89;2021-09-23;229;472;246868;235525;74.3;70.9
89;2021-09-24;303;869;247171;236394;74.4;71.2
89;2021-09-25;107;465;247278;236859;74.5;71.3
89;2021-09-26;3;19;247281;236878;74.5;71.3
89;2021-09-27;194;505;247475;237383;74.5;71.5
89;2021-09-28;240;409;247715;237792;74.6;71.6
89;2021-09-29;183;422;247898;238214;74.6;71.7
89;2021-09-30;163;619;248061;238833;74.7;71.9
89;2021-10-01;248;656;248309;239489;74.8;72.1
89;2021-10-02;120;482;248429;239971;74.8;72.3
89;2021-10-03;8;8;248437;239979;74.8;72.3
89;2021-10-04;117;543;248554;240522;74.8;72.4
89;2021-10-05;130;573;248684;241095;74.9;72.6
90;2020-12-27;0;0;0;0;0.0;0.0
90;2020-12-28;0;0;0;0;0.0;0.0
90;2020-12-29;0;0;0;0;0.0;0.0
90;2020-12-30;1;0;1;0;0.0;0.0
90;2020-12-31;0;0;1;0;0.0;0.0
90;2021-01-01;0;0;1;0;0.0;0.0
90;2021-01-02;1;0;2;0;0.0;0.0
90;2021-01-03;0;0;2;0;0.0;0.0
90;2021-01-04;2;0;4;0;0.0;0.0
90;2021-01-05;0;0;4;0;0.0;0.0
90;2021-01-06;0;0;4;0;0.0;0.0
90;2021-01-07;1;0;5;0;0.0;0.0
90;2021-01-08;170;0;175;0;0.1;0.0
90;2021-01-09;46;0;221;0;0.2;0.0
90;2021-01-10;0;0;221;0;0.2;0.0
90;2021-01-11;200;0;421;0;0.3;0.0
90;2021-01-12;431;1;852;1;0.6;0.0
90;2021-01-13;467;2;1319;3;0.9;0.0
90;2021-01-14;414;2;1733;5;1.2;0.0
90;2021-01-15;404;8;2137;13;1.5;0.0
90;2021-01-16;111;2;2248;15;1.6;0.0
90;2021-01-17;1;0;2249;15;1.6;0.0
90;2021-01-18;365;2;2614;17;1.9;0.0
90;2021-01-19;462;5;3076;22;2.2;0.0
90;2021-01-20;393;2;3469;24;2.5;0.0
90;2021-01-21;351;1;3820;25;2.7;0.0
90;2021-01-22;345;2;4165;27;3.0;0.0
90;2021-01-23;98;0;4263;27;3.0;0.0
90;2021-01-24;0;0;4263;27;3.0;0.0
90;2021-01-25;322;1;4585;28;3.3;0.0
90;2021-01-26;224;0;4809;28;3.4;0.0
90;2021-01-27;254;0;5063;28;3.6;0.0
90;2021-01-28;328;29;5391;57;3.8;0.0
90;2021-01-29;291;155;5682;212;4.1;0.2
90;2021-01-30;175;40;5857;252;4.2;0.2
90;2021-01-31;118;0;5975;252;4.3;0.2
90;2021-02-01;275;103;6250;355;4.5;0.3
90;2021-02-02;290;151;6540;506;4.7;0.4
90;2021-02-03;256;242;6796;748;4.8;0.5
90;2021-02-04;257;293;7053;1041;5.0;0.7
90;2021-02-05;266;262;7319;1303;5.2;0.9
90;2021-02-06;89;59;7408;1362;5.3;1.0
90;2021-02-07;0;0;7408;1362;5.3;1.0
90;2021-02-08;170;204;7578;1566;5.4;1.1
90;2021-02-09;139;157;7717;1723;5.5;1.2
90;2021-02-10;182;28;7899;1751;5.6;1.2
90;2021-02-11;229;95;8128;1846;5.8;1.3
90;2021-02-12;126;231;8254;2077;5.9;1.5
90;2021-02-13;96;40;8350;2117;6.0;1.5
90;2021-02-14;0;0;8350;2117;6.0;1.5
90;2021-02-15;113;244;8463;2361;6.0;1.7
90;2021-02-16;92;249;8555;2610;6.1;1.9
90;2021-02-17;178;169;8733;2779;6.2;2.0
90;2021-02-18;128;198;8861;2977;6.3;2.1
90;2021-02-19;64;211;8925;3188;6.4;2.3
90;2021-02-20;40;62;8965;3250;6.4;2.3
90;2021-02-21;0;0;8965;3250;6.4;2.3
90;2021-02-22;77;270;9042;3520;6.5;2.5
90;2021-02-23;40;197;9082;3717;6.5;2.7
90;2021-02-24;109;251;9191;3968;6.6;2.8
90;2021-02-25;89;254;9280;4222;6.6;3.0
90;2021-02-26;89;335;9369;4557;6.7;3.3
90;2021-02-27;140;146;9509;4703;6.8;3.4
90;2021-02-28;8;98;9517;4801;6.8;3.4
90;2021-03-01;211;205;9728;5006;6.9;3.6
90;2021-03-02;178;246;9906;5252;7.1;3.7
90;2021-03-03;239;323;10145;5575;7.2;4.0
90;2021-03-04;260;255;10405;5830;7.4;4.2
90;2021-03-05;359;252;10764;6082;7.7;4.3
90;2021-03-06;291;97;11055;6179;7.9;4.4
90;2021-03-07;18;1;11073;6180;7.9;4.4
90;2021-03-08;246;224;11319;6404;8.1;4.6
90;2021-03-09;430;154;11749;6558;8.4;4.7
90;2021-03-10;348;193;12097;6751;8.6;4.8
90;2021-03-11;347;116;12444;6867;8.9;4.9
90;2021-03-12;519;129;12963;6996;9.2;5.0
90;2021-03-13;539;48;13502;7044;9.6;5.0
90;2021-03-14;21;0;13523;7044;9.6;5.0
90;2021-03-15;388;117;13911;7161;9.9;5.1
90;2021-03-16;401;101;14312;7262;10.2;5.2
90;2021-03-17;323;76;14635;7338;10.4;5.2
90;2021-03-18;349;79;14984;7417;10.7;5.3
90;2021-03-19;468;78;15452;7495;11.0;5.3
90;2021-03-20;427;48;15879;7543;11.3;5.4
90;2021-03-21;7;1;15886;7544;11.3;5.4
90;2021-03-22;399;30;16285;7574;11.6;5.4
90;2021-03-23;740;78;17025;7652;12.1;5.5
90;2021-03-24;817;46;17842;7698;12.7;5.5
90;2021-03-25;949;75;18791;7773;13.4;5.5
90;2021-03-26;1226;62;20017;7835;14.3;5.6
90;2021-03-27;439;34;20456;7869;14.6;5.6
90;2021-03-28;34;0;20490;7869;14.6;5.6
90;2021-03-29;712;142;21202;8011;15.1;5.7
90;2021-03-30;675;155;21877;8166;15.6;5.8
90;2021-03-31;728;85;22605;8251;16.1;5.9
90;2021-04-01;602;123;23207;8374;16.6;6.0
90;2021-04-02;657;98;23864;8472;17.0;6.0
90;2021-04-03;370;40;24234;8512;17.3;6.1
90;2021-04-04;1;0;24235;8512;17.3;6.1
90;2021-04-05;0;0;24235;8512;17.3;6.1
90;2021-04-06;529;250;24764;8762;17.7;6.3
90;2021-04-07;485;267;25249;9029;18.0;6.4
90;2021-04-08;510;246;25759;9275;18.4;6.6
90;2021-04-09;751;266;26510;9541;18.9;6.8
90;2021-04-10;224;8;26734;9549;19.1;6.8
90;2021-04-11;7;0;26741;9549;19.1;6.8
90;2021-04-12;557;481;27298;10030;19.5;7.2
90;2021-04-13;632;531;27930;10561;19.9;7.5
90;2021-04-14;526;351;28456;10912;20.3;7.8
90;2021-04-15;905;292;29361;11204;21.0;8.0
90;2021-04-16;370;404;29731;11608;21.2;8.3
90;2021-04-17;189;128;29920;11736;21.3;8.4
90;2021-04-18;21;0;29941;11736;21.4;8.4
90;2021-04-19;435;572;30376;12308;21.7;8.8
90;2021-04-20;493;617;30869;12925;22.0;9.2
90;2021-04-21;353;497;31222;13422;22.3;9.6
90;2021-04-22;569;602;31791;14024;22.7;10.0
90;2021-04-23;504;742;32295;14766;23.0;10.5
90;2021-04-24;305;202;32600;14968;23.3;10.7
90;2021-04-25;1;0;32601;14968;23.3;10.7
90;2021-04-26;509;750;33110;15718;23.6;11.2
90;2021-04-27;640;680;33750;16398;24.1;11.7
90;2021-04-28;765;446;34515;16844;24.6;12.0
90;2021-04-29;1003;449;35518;17293;25.3;12.3
90;2021-04-30;1120;460;36638;17753;26.1;12.7
90;2021-05-01;60;42;36698;17795;26.2;12.7
90;2021-05-02;4;0;36702;17795;26.2;12.7
90;2021-05-03;903;285;37605;18080;26.8;12.9
90;2021-05-04;784;637;38389;18717;27.4;13.4
90;2021-05-05;891;504;39280;19221;28.0;13.7
90;2021-05-06;851;626;40131;19847;28.6;14.2
90;2021-05-07;440;507;40571;20354;28.9;14.5
90;2021-05-08;26;27;40597;20381;29.0;14.5
90;2021-05-09;5;33;40602;20414;29.0;14.6
90;2021-05-10;506;582;41108;20996;29.3;15.0
90;2021-05-11;778;638;41886;21634;29.9;15.4
90;2021-05-12;531;598;42417;22232;30.3;15.9
90;2021-05-13;1113;265;43530;22497;31.1;16.1
90;2021-05-14;865;403;44395;22900;31.7;16.3
90;2021-05-15;14;125;44409;23025;31.7;16.4
90;2021-05-16;2;7;44411;23032;31.7;16.4
90;2021-05-17;792;290;45203;23322;32.3;16.6
90;2021-05-18;1024;472;46227;23794;33.0;17.0
90;2021-05-19;1264;384;47491;24178;33.9;17.3
90;2021-05-20;1201;270;48692;24448;34.7;17.4
90;2021-05-21;1265;435;49957;24883;35.6;17.8
90;2021-05-22;9;131;49966;25014;35.7;17.8
90;2021-05-23;4;0;49970;25014;35.7;17.8
90;2021-05-24;368;265;50338;25279;35.9;18.0
90;2021-05-25;635;791;50973;26070;36.4;18.6
90;2021-05-26;630;569;51603;26639;36.8;19.0
90;2021-05-27;962;380;52565;27019;37.5;19.3
90;2021-05-28;668;827;53233;27846;38.0;19.9
90;2021-05-29;93;296;53326;28142;38.1;20.1
90;2021-05-30;4;1;53330;28143;38.1;20.1
90;2021-05-31;808;713;54138;28856;38.6;20.6
90;2021-06-01;969;739;55107;29595;39.3;21.1
90;2021-06-02;760;676;55867;30271;39.9;21.6
90;2021-06-03;758;744;56625;31015;40.4;22.1
90;2021-06-04;833;971;57458;31986;41.0;22.8
90;2021-06-05;54;427;57512;32413;41.0;23.1
90;2021-06-06;1;16;57513;32429;41.0;23.1
90;2021-06-07;1265;1081;58778;33510;41.9;23.9
90;2021-06-08;1482;939;60260;34449;43.0;24.6
90;2021-06-09;964;659;61224;35108;43.7;25.1
90;2021-06-10;627;498;61851;35606;44.1;25.4
90;2021-06-11;787;1126;62638;36732;44.7;26.2
90;2021-06-12;806;297;63444;37029;45.3;26.4
90;2021-06-13;10;12;63454;37041;45.3;26.4
90;2021-06-14;264;972;63718;38013;45.5;27.1
90;2021-06-15;566;882;64284;38895;45.9;27.8
90;2021-06-16;509;548;64793;39443;46.2;28.1
90;2021-06-17;443;638;65236;40081;46.5;28.6
90;2021-06-18;623;997;65859;41078;47.0;29.3
90;2021-06-19;450;170;66309;41248;47.3;29.4
90;2021-06-20;0;28;66309;41276;47.3;29.5
90;2021-06-21;256;1176;66565;42452;47.5;30.3
90;2021-06-22;384;950;66949;43402;47.8;31.0
90;2021-06-23;415;633;67364;44035;48.1;31.4
90;2021-06-24;319;599;67683;44634;48.3;31.8
90;2021-06-25;431;1270;68114;45904;48.6;32.8
90;2021-06-26;420;561;68534;46465;48.9;33.2
90;2021-06-27;2;6;68536;46471;48.9;33.2
90;2021-06-28;381;1298;68917;47769;49.2;34.1
90;2021-06-29;305;1305;69222;49074;49.4;35.0
90;2021-06-30;485;1227;69707;50301;49.7;35.9
90;2021-07-01;355;920;70062;51221;50.0;36.5
90;2021-07-02;506;1205;70568;52426;50.4;37.4
90;2021-07-03;53;129;70621;52555;50.4;37.5
90;2021-07-04;0;21;70621;52576;50.4;37.5
90;2021-07-05;400;1014;71021;53590;50.7;38.2
90;2021-07-06;514;970;71535;54560;51.0;38.9
90;2021-07-07;381;998;71916;55558;51.3;39.6
90;2021-07-08;304;607;72220;56165;51.5;40.1
90;2021-07-09;439;949;72659;57114;51.8;40.8
90;2021-07-10;32;91;72691;57205;51.9;40.8
90;2021-07-11;7;17;72698;57222;51.9;40.8
90;2021-07-12;246;1074;72944;58296;52.0;41.6
90;2021-07-13;474;1162;73418;59458;52.4;42.4
90;2021-07-14;4;9;73422;59467;52.4;42.4
90;2021-07-15;789;1455;74211;60922;53.0;43.5
90;2021-07-16;826;1681;75037;62603;53.5;44.7
90;2021-07-17;484;955;75521;63558;53.9;45.4
90;2021-07-18;4;2;75525;63560;53.9;45.4
90;2021-07-19;1186;1460;76711;65020;54.7;46.4
90;2021-07-20;1339;1135;78050;66155;55.7;47.2
90;2021-07-21;1395;983;79445;67138;56.7;47.9
90;2021-07-22;1127;697;80572;67835;57.5;48.4
90;2021-07-23;968;1020;81540;68855;58.2;49.1
90;2021-07-24;121;66;81661;68921;58.3;49.2
90;2021-07-25;2;1;81663;68922;58.3;49.2
90;2021-07-26;1072;801;82735;69723;59.0;49.8
90;2021-07-27;1081;746;83816;70469;59.8;50.3
90;2021-07-28;825;712;84641;71181;60.4;50.8
90;2021-07-29;843;441;85484;71622;61.0;51.1
90;2021-07-30;786;506;86270;72128;61.6;51.5
90;2021-07-31;484;313;86754;72441;61.9;51.7
90;2021-08-01;0;3;86754;72444;61.9;51.7
90;2021-08-02;850;510;87604;72954;62.5;52.1
90;2021-08-03;929;494;88533;73448;63.2;52.4
90;2021-08-04;1067;460;89600;73908;63.9;52.7
90;2021-08-05;521;223;90121;74131;64.3;52.9
90;2021-08-06;649;388;90770;74519;64.8;53.2
90;2021-08-07;37;63;90807;74582;64.8;53.2
90;2021-08-08;18;3;90825;74585;64.8;53.2
90;2021-08-09;730;947;91555;75532;65.3;53.9
90;2021-08-10;536;1152;92091;76684;65.7;54.7
90;2021-08-11;537;948;92628;77632;66.1;55.4
90;2021-08-12;449;820;93077;78452;66.4;56.0
90;2021-08-13;544;898;93621;79350;66.8;56.6
90;2021-08-14;30;98;93651;79448;66.8;56.7
90;2021-08-15;2;7;93653;79455;66.8;56.7
90;2021-08-16;451;632;94104;80087;67.1;57.1
90;2021-08-17;347;1167;94451;81254;67.4;58.0
90;2021-08-18;275;881;94726;82135;67.6;58.6
90;2021-08-19;248;627;94974;82762;67.8;59.1
90;2021-08-20;361;771;95335;83533;68.0;59.6
90;2021-08-21;32;71;95367;83604;68.0;59.7
90;2021-08-22;0;7;95367;83611;68.0;59.7
90;2021-08-23;319;489;95686;84100;68.3;60.0
90;2021-08-24;337;959;96023;85059;68.5;60.7
90;2021-08-25;253;915;96276;85974;68.7;61.3
90;2021-08-26;243;675;96519;86649;68.9;61.8
90;2021-08-27;271;737;96790;87386;69.1;62.4
90;2021-08-28;21;64;96811;87450;69.1;62.4
90;2021-08-29;3;6;96814;87456;69.1;62.4
90;2021-08-30;322;640;97136;88096;69.3;62.9
90;2021-08-31;276;1021;97412;89117;69.5;63.6
90;2021-09-01;267;787;97679;89904;69.7;64.2
90;2021-09-02;159;408;97838;90312;69.8;64.4
90;2021-09-03;222;534;98060;90846;70.0;64.8
90;2021-09-04;55;157;98115;91003;70.0;64.9
90;2021-09-05;10;25;98125;91028;70.0;65.0
90;2021-09-06;134;741;98259;91769;70.1;65.5
90;2021-09-07;220;675;98479;92444;70.3;66.0
90;2021-09-08;224;654;98703;93098;70.4;66.4
90;2021-09-09;189;320;98892;93418;70.6;66.7
90;2021-09-10;191;551;99083;93969;70.7;67.1
90;2021-09-11;12;12;99095;93981;70.7;67.1
90;2021-09-12;0;7;99095;93988;70.7;67.1
90;2021-09-13;211;514;99306;94502;70.9;67.4
90;2021-09-14;158;454;99464;94956;71.0;67.8
90;2021-09-15;182;393;99646;95349;71.1;68.0
90;2021-09-16;154;238;99800;95587;71.2;68.2
90;2021-09-17;183;340;99983;95927;71.3;68.4
90;2021-09-18;17;24;100000;95951;71.4;68.5
90;2021-09-19;7;4;100007;95955;71.4;68.5
90;2021-09-20;153;250;100160;96205;71.5;68.6
90;2021-09-21;105;248;100265;96453;71.5;68.8
90;2021-09-22;104;353;100369;96806;71.6;69.1
90;2021-09-23;80;138;100449;96944;71.7;69.2
90;2021-09-24;102;285;100551;97229;71.7;69.4
90;2021-09-25;16;31;100567;97260;71.8;69.4
90;2021-09-26;0;7;100567;97267;71.8;69.4
90;2021-09-27;93;199;100660;97466;71.8;69.5
90;2021-09-28;90;140;100750;97606;71.9;69.6
90;2021-09-29;79;236;100829;97842;71.9;69.8
90;2021-09-30;61;131;100890;97973;72.0;69.9
90;2021-10-01;112;232;101002;98205;72.1;70.1
90;2021-10-02;10;28;101012;98233;72.1;70.1
90;2021-10-03;0;11;101012;98244;72.1;70.1
90;2021-10-04;139;208;101151;98452;72.2;70.3
90;2021-10-05;44;133;101195;98585;72.2;70.3
91;2020-12-27;0;0;0;0;0.0;0.0
91;2020-12-28;0;0;0;0;0.0;0.0
91;2020-12-29;1;0;1;0;0.0;0.0
91;2020-12-30;1;0;2;0;0.0;0.0
91;2020-12-31;0;0;2;0;0.0;0.0
91;2021-01-01;5;0;7;0;0.0;0.0
91;2021-01-02;0;0;7;0;0.0;0.0
91;2021-01-03;0;0;7;0;0.0;0.0
91;2021-01-04;1;0;8;0;0.0;0.0
91;2021-01-05;71;0;79;0;0.0;0.0
91;2021-01-06;188;2;267;2;0.0;0.0
91;2021-01-07;522;6;789;8;0.1;0.0
91;2021-01-08;394;1;1183;9;0.1;0.0
91;2021-01-09;89;2;1272;11;0.1;0.0
91;2021-01-10;1;0;1273;11;0.1;0.0
91;2021-01-11;595;2;1868;13;0.1;0.0
91;2021-01-12;899;8;2767;21;0.2;0.0
91;2021-01-13;703;7;3470;28;0.3;0.0
91;2021-01-14;721;11;4191;39;0.3;0.0
91;2021-01-15;570;4;4761;43;0.4;0.0
91;2021-01-16;316;7;5077;50;0.4;0.0
91;2021-01-17;118;1;5195;51;0.4;0.0
91;2021-01-18;991;3;6186;54;0.5;0.0
91;2021-01-19;1875;13;8061;67;0.6;0.0
91;2021-01-20;2377;17;10438;84;0.8;0.0
91;2021-01-21;2109;16;12547;100;1.0;0.0
91;2021-01-22;1863;10;14410;110;1.1;0.0
91;2021-01-23;413;1;14823;111;1.1;0.0
91;2021-01-24;53;0;14876;111;1.1;0.0
91;2021-01-25;1049;3;15925;114;1.2;0.0
91;2021-01-26;1575;35;17500;149;1.3;0.0
91;2021-01-27;2423;90;19923;239;1.5;0.0
91;2021-01-28;1987;177;21910;416;1.7;0.0
91;2021-01-29;1747;60;23657;476;1.8;0.0
91;2021-01-30;422;6;24079;482;1.8;0.0
91;2021-01-31;54;0;24133;482;1.8;0.0
91;2021-02-01;965;213;25098;695;1.9;0.1
91;2021-02-02;859;346;25957;1041;2.0;0.1
91;2021-02-03;938;541;26895;1582;2.0;0.1
91;2021-02-04;885;267;27780;1849;2.1;0.1
91;2021-02-05;1037;330;28817;2179;2.2;0.2
91;2021-02-06;340;83;29157;2262;2.2;0.2
91;2021-02-07;14;0;29171;2262;2.2;0.2
91;2021-02-08;905;532;30076;2794;2.3;0.2
91;2021-02-09;963;700;31039;3494;2.4;0.3
91;2021-02-10;1065;935;32104;4429;2.4;0.3
91;2021-02-11;1124;939;33228;5368;2.5;0.4
91;2021-02-12;1064;744;34292;6112;2.6;0.5
91;2021-02-13;332;317;34624;6429;2.6;0.5
91;2021-02-14;18;102;34642;6531;2.6;0.5
91;2021-02-15;368;887;35010;7418;2.7;0.6
91;2021-02-16;555;1425;35565;8843;2.7;0.7
91;2021-02-17;814;2256;36379;11099;2.8;0.8
91;2021-02-18;942;1718;37321;12817;2.8;1.0
91;2021-02-19;872;1143;38193;13960;2.9;1.1
91;2021-02-20;168;256;38361;14216;2.9;1.1
91;2021-02-21;13;39;38374;14255;2.9;1.1
91;2021-02-22;335;897;38709;15152;2.9;1.1
91;2021-02-23;398;833;39107;15985;3.0;1.2
91;2021-02-24;475;819;39582;16804;3.0;1.3
91;2021-02-25;736;803;40318;17607;3.1;1.3
91;2021-02-26;1096;832;41414;18439;3.1;1.4
91;2021-02-27;613;243;42027;18682;3.2;1.4
91;2021-02-28;65;59;42092;18741;3.2;1.4
91;2021-03-01;932;846;43024;19587;3.3;1.5
91;2021-03-02;1260;919;44284;20506;3.4;1.6
91;2021-03-03;1467;1101;45751;21607;3.5;1.6
91;2021-03-04;2436;1005;48187;22612;3.7;1.7
91;2021-03-05;3357;993;51544;23605;3.9;1.8
91;2021-03-06;4913;409;56457;24014;4.3;1.8
91;2021-03-07;3208;119;59665;24133;4.5;1.8
91;2021-03-08;1474;912;61139;25045;4.6;1.9
91;2021-03-09;2625;884;63764;25929;4.8;2.0
91;2021-03-10;2627;958;66391;26887;5.0;2.0
91;2021-03-11;3786;1064;70177;27951;5.3;2.1
91;2021-03-12;4792;989;74969;28940;5.7;2.2
91;2021-03-13;5258;331;80227;29271;6.1;2.2
91;2021-03-14;304;28;80531;29299;6.1;2.2
91;2021-03-15;2986;427;83517;29726;6.3;2.3
91;2021-03-16;2617;376;86134;30102;6.5;2.3
91;2021-03-17;2227;341;88361;30443;6.7;2.3
91;2021-03-18;2394;407;90755;30850;6.9;2.3
91;2021-03-19;4093;383;94848;31233;7.2;2.4
91;2021-03-20;3608;182;98456;31415;7.5;2.4
91;2021-03-21;138;21;98594;31436;7.5;2.4
91;2021-03-22;3148;592;101742;32028;7.7;2.4
91;2021-03-23;4139;685;105881;32713;8.0;2.5
91;2021-03-24;3937;497;109818;33210;8.3;2.5
91;2021-03-25;5060;524;114878;33734;8.7;2.6
91;2021-03-26;5550;552;120428;34286;9.1;2.6
91;2021-03-27;4982;343;125410;34629;9.5;2.6
91;2021-03-28;282;57;125692;34686;9.5;2.6
91;2021-03-29;3305;1023;128997;35709;9.8;2.7
91;2021-03-30;4426;1214;133423;36923;10.1;2.8
91;2021-03-31;3368;1328;136791;38251;10.4;2.9
91;2021-04-01;3740;1684;140531;39935;10.7;3.0
91;2021-04-02;3886;2309;144417;42244;10.9;3.2
91;2021-04-03;1874;2856;146291;45100;11.1;3.4
91;2021-04-04;647;1318;146938;46418;11.1;3.5
91;2021-04-05;562;132;147500;46550;11.2;3.5
91;2021-04-06;3403;1779;150903;48329;11.4;3.7
91;2021-04-07;3420;1926;154323;50255;11.7;3.8
91;2021-04-08;4665;2154;158988;52409;12.1;4.0
91;2021-04-09;5349;2161;164337;54570;12.5;4.1
91;2021-04-10;2733;2808;167070;57378;12.7;4.3
91;2021-04-11;191;141;167261;57519;12.7;4.4
91;2021-04-12;2854;2278;170115;59797;12.9;4.5
91;2021-04-13;3758;2643;173873;62440;13.2;4.7
91;2021-04-14;3707;2319;177580;64759;13.5;4.9
91;2021-04-15;4476;2518;182056;67277;13.8;5.1
91;2021-04-16;4549;2801;186605;70078;14.1;5.3
91;2021-04-17;2983;2071;189588;72149;14.4;5.5
91;2021-04-18;269;73;189857;72222;14.4;5.5
91;2021-04-19;2306;2731;192163;74953;14.6;5.7
91;2021-04-20;3178;2978;195341;77931;14.8;5.9
91;2021-04-21;2990;2894;198331;80825;15.0;6.1
91;2021-04-22;3170;3363;201501;84188;15.3;6.4
91;2021-04-23;3717;3329;205218;87517;15.6;6.6
91;2021-04-24;3480;3732;208698;91249;15.8;6.9
91;2021-04-25;2618;643;211316;91892;16.0;7.0
91;2021-04-26;3486;2800;214802;94692;16.3;7.2
91;2021-04-27;4486;2922;219288;97614;16.6;7.4
91;2021-04-28;4569;2693;223857;100307;17.0;7.6
91;2021-04-29;5745;3056;229602;103363;17.4;7.8
91;2021-04-30;5385;2846;234987;106209;17.8;8.0
91;2021-05-01;3517;520;238504;106729;18.1;8.1
91;2021-05-02;628;131;239132;106860;18.1;8.1
91;2021-05-03;5201;2287;244333;109147;18.5;8.3
91;2021-05-04;5589;3170;249922;112317;18.9;8.5
91;2021-05-05;4851;2873;254773;115190;19.3;8.7
91;2021-05-06;5246;3373;260019;118563;19.7;9.0
91;2021-05-07;6122;3740;266141;122303;20.2;9.3
91;2021-05-08;6518;965;272659;123268;20.7;9.3
91;2021-05-09;4804;564;277463;123832;21.0;9.4
91;2021-05-10;5901;3001;283364;126833;21.5;9.6
91;2021-05-11;6826;3833;290190;130666;22.0;9.9
91;2021-05-12;5895;3441;296085;134107;22.4;10.2
91;2021-05-13;4825;1082;300910;135189;22.8;10.2
91;2021-05-14;6549;2395;307459;137584;23.3;10.4
91;2021-05-15;7792;1929;315251;139513;23.9;10.6
91;2021-05-16;4583;371;319834;139884;24.2;10.6
91;2021-05-17;6952;1703;326786;141587;24.8;10.7
91;2021-05-18;8120;1740;334906;143327;25.4;10.9
91;2021-05-19;7098;1694;342004;145021;25.9;11.0
91;2021-05-20;8200;2140;350204;147161;26.5;11.2
91;2021-05-21;8144;2580;358348;149741;27.2;11.3
91;2021-05-22;7660;1538;366008;151279;27.7;11.5
91;2021-05-23;4792;534;370800;151813;28.1;11.5
91;2021-05-24;5014;595;375814;152408;28.5;11.6
91;2021-05-25;7621;2652;383435;155060;29.1;11.8
91;2021-05-26;6874;2942;390309;158002;29.6;12.0
91;2021-05-27;7971;3439;398280;161441;30.2;12.2
91;2021-05-28;7534;4323;405814;165764;30.8;12.6
91;2021-05-29;9301;3499;415115;169263;31.5;12.8
91;2021-05-30;5948;963;421063;170226;31.9;12.9
91;2021-05-31;6738;3696;427801;173922;32.4;13.2
91;2021-06-01;7787;4764;435588;178686;33.0;13.5
91;2021-06-02;7454;3949;443042;182635;33.6;13.8
91;2021-06-03;7859;4777;450901;187412;34.2;14.2
91;2021-06-04;7193;5718;458094;193130;34.7;14.6
91;2021-06-05;6385;5820;464479;198950;35.2;15.1
91;2021-06-06;4087;2512;468566;201462;35.5;15.3
91;2021-06-07;5878;5478;474444;206940;36.0;15.7
91;2021-06-08;7039;5794;481483;212734;36.5;16.1
91;2021-06-09;6469;5140;487952;217874;37.0;16.5
91;2021-06-10;7177;5779;495129;223653;37.5;17.0
91;2021-06-11;6546;7109;501675;230762;38.0;17.5
91;2021-06-12;6218;7367;507893;238129;38.5;18.0
91;2021-06-13;2846;2314;510739;240443;38.7;18.2
91;2021-06-14;4225;7195;514964;247638;39.0;18.8
91;2021-06-15;5576;7260;520540;254898;39.5;19.3
91;2021-06-16;5297;6445;525837;261343;39.9;19.8
91;2021-06-17;6250;7129;532087;268472;40.3;20.3
91;2021-06-18;4629;8738;536716;277210;40.7;21.0
91;2021-06-19;4190;7153;540906;284363;41.0;21.6
91;2021-06-20;1007;4211;541913;288574;41.1;21.9
91;2021-06-21;3232;7237;545145;295811;41.3;22.4
91;2021-06-22;4157;9229;549302;305040;41.6;23.1
91;2021-06-23;4315;7957;553617;312997;42.0;23.7
91;2021-06-24;4912;8482;558529;321479;42.3;24.4
91;2021-06-25;3477;9166;562006;330645;42.6;25.1
91;2021-06-26;2989;8032;564995;338677;42.8;25.7
91;2021-06-27;550;2996;565545;341673;42.9;25.9
91;2021-06-28;3129;8237;568674;349910;43.1;26.5
91;2021-06-29;3588;9633;572262;359543;43.4;27.3
91;2021-06-30;3954;8700;576216;368243;43.7;27.9
91;2021-07-01;4101;8871;580317;377114;44.0;28.6
91;2021-07-02;3775;9318;584092;386432;44.3;29.3
91;2021-07-03;2880;9789;586972;396221;44.5;30.0
91;2021-07-04;852;4726;587824;400947;44.6;30.4
91;2021-07-05;2662;7257;590486;408204;44.8;30.9
91;2021-07-06;3758;9430;594244;417634;45.0;31.7
91;2021-07-07;3806;8591;598050;426225;45.3;32.3
91;2021-07-08;4358;8991;602408;435216;45.7;33.0
91;2021-07-09;3968;9950;606376;445166;46.0;33.7
91;2021-07-10;3397;10236;609773;455402;46.2;34.5
91;2021-07-11;987;4804;610760;460206;46.3;34.9
91;2021-07-12;2803;8887;613563;469093;46.5;35.6
91;2021-07-13;4467;10392;618030;479485;46.8;36.3
91;2021-07-14;2303;3585;620333;483070;47.0;36.6
91;2021-07-15;4537;9824;624870;492894;47.4;37.4
91;2021-07-16;6287;9766;631157;502660;47.8;38.1
91;2021-07-17;5749;9067;636906;511727;48.3;38.8
91;2021-07-18;3402;3685;640308;515412;48.5;39.1
91;2021-07-19;3777;7537;644085;522949;48.8;39.6
91;2021-07-20;6074;9309;650159;532258;49.3;40.3
91;2021-07-21;6250;7733;656409;539991;49.8;40.9
91;2021-07-22;6498;8400;662907;548391;50.2;41.6
91;2021-07-23;6926;8286;669833;556677;50.8;42.2
91;2021-07-24;5013;6478;674846;563155;51.1;42.7
91;2021-07-25;3267;1408;678113;564563;51.4;42.8
91;2021-07-26;4934;6592;683047;571155;51.8;43.3
91;2021-07-27;7566;7083;690613;578238;52.3;43.8
91;2021-07-28;7365;5923;697978;584161;52.9;44.3
91;2021-07-29;7397;5912;705375;590073;53.5;44.7
91;2021-07-30;6913;5784;712288;595857;54.0;45.2
91;2021-07-31;4910;4789;717198;600646;54.4;45.5
91;2021-08-01;2659;1338;719857;601984;54.6;45.6
91;2021-08-02;4774;4236;724631;606220;54.9;45.9
91;2021-08-03;5893;4695;730524;610915;55.4;46.3
91;2021-08-04;5700;4141;736224;615056;55.8;46.6
91;2021-08-05;5605;4271;741829;619327;56.2;46.9
91;2021-08-06;5711;5628;747540;624955;56.7;47.4
91;2021-08-07;3084;2419;750624;627374;56.9;47.5
91;2021-08-08;622;1102;751246;628476;56.9;47.6
91;2021-08-09;3835;3976;755081;632452;57.2;47.9
91;2021-08-10;4650;4554;759731;637006;57.6;48.3
91;2021-08-11;4151;4486;763882;641492;57.9;48.6
91;2021-08-12;4089;4785;767971;646277;58.2;49.0
91;2021-08-13;4302;4865;772273;651142;58.5;49.4
91;2021-08-14;2246;2402;774519;653544;58.7;49.5
91;2021-08-15;95;171;774614;653715;58.7;49.5
91;2021-08-16;3093;4664;777707;658379;58.9;49.9
91;2021-08-17;3652;5819;781359;664198;59.2;50.3
91;2021-08-18;3029;5797;784388;669995;59.5;50.8
91;2021-08-19;3480;5774;787868;675769;59.7;51.2
91;2021-08-20;3218;6957;791086;682726;60.0;51.7
91;2021-08-21;2464;3354;793550;686080;60.1;52.0
91;2021-08-22;738;1297;794288;687377;60.2;52.1
91;2021-08-23;2426;5311;796714;692688;60.4;52.5
91;2021-08-24;2987;6962;799701;699650;60.6;53.0
91;2021-08-25;3435;6723;803136;706373;60.9;53.5
91;2021-08-26;2749;5953;805885;712326;61.1;54.0
91;2021-08-27;2837;7503;808722;719829;61.3;54.6
91;2021-08-28;2389;4836;811111;724665;61.5;54.9
91;2021-08-29;1776;2798;812887;727463;61.6;55.1
91;2021-08-30;1802;5610;814689;733073;61.7;55.6
91;2021-08-31;2258;6099;816947;739172;61.9;56.0
91;2021-09-01;2442;4612;819389;743784;62.1;56.4
91;2021-09-02;1910;3900;821299;747684;62.2;56.7
91;2021-09-03;2167;4976;823466;752660;62.4;57.0
91;2021-09-04;2079;4236;825545;756896;62.6;57.4
91;2021-09-05;748;944;826293;757840;62.6;57.4
91;2021-09-06;1674;3506;827967;761346;62.8;57.7
91;2021-09-07;1559;3287;829526;764633;62.9;58.0
91;2021-09-08;1786;3553;831312;768186;63.0;58.2
91;2021-09-09;1302;3365;832614;771551;63.1;58.5
91;2021-09-10;1793;4034;834407;775585;63.2;58.8
91;2021-09-11;1744;4480;836151;780065;63.4;59.1
91;2021-09-12;626;1035;836777;781100;63.4;59.2
91;2021-09-13;1271;2908;838048;784008;63.5;59.4
91;2021-09-14;1817;3502;839865;787510;63.7;59.7
91;2021-09-15;1615;3286;841480;790796;63.8;59.9
91;2021-09-16;1471;2383;842951;793179;63.9;60.1
91;2021-09-17;1436;2999;844387;796178;64.0;60.3
91;2021-09-18;1384;3667;845771;799845;64.1;60.6
91;2021-09-19;455;1147;846226;800992;64.1;60.7
91;2021-09-20;751;1597;846977;802589;64.2;60.8
91;2021-09-21;881;1746;847858;804335;64.3;61.0
91;2021-09-22;925;2640;848783;806975;64.3;61.2
91;2021-09-23;925;1733;849708;808708;64.4;61.3
91;2021-09-24;895;2199;850603;810907;64.5;61.5
91;2021-09-25;1051;3482;851654;814389;64.5;61.7
91;2021-09-26;218;821;851872;815210;64.6;61.8
91;2021-09-27;725;1569;852597;816779;64.6;61.9
91;2021-09-28;898;1441;853495;818220;64.7;62.0
91;2021-09-29;1013;2224;854508;820444;64.8;62.2
91;2021-09-30;657;1130;855165;821574;64.8;62.3
91;2021-10-01;964;1870;856129;823444;64.9;62.4
91;2021-10-02;1106;2388;857235;825832;65.0;62.6
91;2021-10-03;266;613;857501;826445;65.0;62.6
91;2021-10-04;616;1164;858117;827609;65.0;62.7
91;2021-10-05;586;1110;858703;828719;65.1;62.8
92;2020-12-27;46;0;46;0;0.0;0.0
92;2020-12-28;29;0;75;0;0.0;0.0
92;2020-12-29;65;0;140;0;0.0;0.0
92;2020-12-30;52;0;192;0;0.0;0.0
92;2020-12-31;13;0;205;0;0.0;0.0
92;2021-01-01;38;0;243;0;0.0;0.0
92;2021-01-02;15;0;258;0;0.0;0.0
92;2021-01-03;19;0;277;0;0.0;0.0
92;2021-01-04;79;1;356;1;0.0;0.0
92;2021-01-05;236;1;592;2;0.0;0.0
92;2021-01-06;419;3;1011;5;0.1;0.0
92;2021-01-07;673;4;1684;9;0.1;0.0
92;2021-01-08;850;4;2534;13;0.2;0.0
92;2021-01-09;130;1;2664;14;0.2;0.0
92;2021-01-10;52;0;2716;14;0.2;0.0
92;2021-01-11;853;5;3569;19;0.2;0.0
92;2021-01-12;1308;9;4877;28;0.3;0.0
92;2021-01-13;1254;13;6131;41;0.4;0.0
92;2021-01-14;1243;17;7374;58;0.5;0.0
92;2021-01-15;986;7;8360;65;0.5;0.0
92;2021-01-16;185;1;8545;66;0.5;0.0
92;2021-01-17;33;0;8578;66;0.5;0.0
92;2021-01-18;1555;20;10133;86;0.6;0.0
92;2021-01-19;1578;20;11711;106;0.7;0.0
92;2021-01-20;1825;11;13536;117;0.8;0.0
92;2021-01-21;3455;21;16991;138;1.1;0.0
92;2021-01-22;2625;40;19616;178;1.2;0.0
92;2021-01-23;153;0;19769;178;1.2;0.0
92;2021-01-24;34;0;19803;178;1.2;0.0
92;2021-01-25;862;13;20665;191;1.3;0.0
92;2021-01-26;1220;10;21885;201;1.4;0.0
92;2021-01-27;2226;90;24111;291;1.5;0.0
92;2021-01-28;4201;175;28312;466;1.8;0.0
92;2021-01-29;2720;232;31032;698;1.9;0.0
92;2021-01-30;327;11;31359;709;1.9;0.0
92;2021-01-31;35;1;31394;710;1.9;0.0
92;2021-02-01;877;290;32271;1000;2.0;0.1
92;2021-02-02;1071;320;33342;1320;2.1;0.1
92;2021-02-03;1006;412;34348;1732;2.1;0.1
92;2021-02-04;1057;485;35405;2217;2.2;0.1
92;2021-02-05;1336;457;36741;2674;2.3;0.2
92;2021-02-06;127;18;36868;2692;2.3;0.2
92;2021-02-07;23;13;36891;2705;2.3;0.2
92;2021-02-08;587;624;37478;3329;2.3;0.2
92;2021-02-09;1073;1146;38551;4475;2.4;0.3
92;2021-02-10;1093;1190;39644;5665;2.5;0.4
92;2021-02-11;1518;1690;41162;7355;2.6;0.5
92;2021-02-12;1424;1373;42586;8728;2.6;0.5
92;2021-02-13;80;58;42666;8786;2.6;0.5
92;2021-02-14;30;0;42696;8786;2.6;0.5
92;2021-02-15;584;1227;43280;10013;2.7;0.6
92;2021-02-16;793;1610;44073;11623;2.7;0.7
92;2021-02-17;628;1475;44701;13098;2.8;0.8
92;2021-02-18;1583;2919;46284;16017;2.9;1.0
92;2021-02-19;1736;2268;48020;18285;3.0;1.1
92;2021-02-20;149;337;48169;18622;3.0;1.2
92;2021-02-21;49;49;48218;18671;3.0;1.2
92;2021-02-22;505;964;48723;19635;3.0;1.2
92;2021-02-23;743;1069;49466;20704;3.1;1.3
92;2021-02-24;618;1017;50084;21721;3.1;1.3
92;2021-02-25;935;1422;51019;23143;3.2;1.4
92;2021-02-26;1467;1119;52486;24262;3.3;1.5
92;2021-02-27;507;167;52993;24429;3.3;1.5
92;2021-02-28;75;44;53068;24473;3.3;1.5
92;2021-03-01;1105;814;54173;25287;3.4;1.6
92;2021-03-02;1985;1081;56158;26368;3.5;1.6
92;2021-03-03;2810;898;58968;27266;3.7;1.7
92;2021-03-04;3606;1268;62574;28534;3.9;1.8
92;2021-03-05;4985;1452;67559;29986;4.2;1.9
92;2021-03-06;5725;322;73284;30308;4.5;1.9
92;2021-03-07;2908;228;76192;30536;4.7;1.9
92;2021-03-08;2430;691;78622;31227;4.9;1.9
92;2021-03-09;3449;874;82071;32101;5.1;2.0
92;2021-03-10;3952;873;86023;32974;5.3;2.0
92;2021-03-11;5027;1296;91050;34270;5.6;2.1
92;2021-03-12;6779;1471;97829;35741;6.1;2.2
92;2021-03-13;5163;236;102992;35977;6.4;2.2
92;2021-03-14;1747;76;104739;36053;6.5;2.2
92;2021-03-15;3810;587;108549;36640;6.7;2.3
92;2021-03-16;3700;563;112249;37203;7.0;2.3
92;2021-03-17;3880;419;116129;37622;7.2;2.3
92;2021-03-18;4149;738;120278;38360;7.5;2.4
92;2021-03-19;5935;719;126213;39079;7.8;2.4
92;2021-03-20;2542;76;128755;39155;8.0;2.4
92;2021-03-21;156;29;128911;39184;8.0;2.4
92;2021-03-22;4119;475;133030;39659;8.2;2.5
92;2021-03-23;6112;862;139142;40521;8.6;2.5
92;2021-03-24;6385;657;145527;41178;9.0;2.6
92;2021-03-25;8446;644;153973;41822;9.5;2.6
92;2021-03-26;8362;892;162335;42714;10.1;2.6
92;2021-03-27;2838;282;165173;42996;10.2;2.7
92;2021-03-28;543;39;165716;43035;10.3;2.7
92;2021-03-29;4672;1055;170388;44090;10.6;2.7
92;2021-03-30;6396;1544;176784;45634;11.0;2.8
92;2021-03-31;5556;2233;182340;47867;11.3;3.0
92;2021-04-01;6278;3660;188618;51527;11.7;3.2
92;2021-04-02;5639;3412;194257;54939;12.0;3.4
92;2021-04-03;877;1409;195134;56348;12.1;3.5
92;2021-04-04;492;1053;195626;57401;12.1;3.6
92;2021-04-05;817;158;196443;57559;12.2;3.6
92;2021-04-06;3666;1945;200109;59504;12.4;3.7
92;2021-04-07;5004;2887;205113;62391;12.7;3.9
92;2021-04-08;5992;3183;211105;65574;13.1;4.1
92;2021-04-09;8035;3048;219140;68622;13.6;4.3
92;2021-04-10;2643;1290;221783;69912;13.7;4.3
92;2021-04-11;167;805;221950;70717;13.8;4.4
92;2021-04-12;3688;2511;225638;73228;14.0;4.5
92;2021-04-13;4388;4421;230026;77649;14.3;4.8
92;2021-04-14;4877;4037;234903;81686;14.6;5.1
92;2021-04-15;5303;3951;240206;85637;14.9;5.3
92;2021-04-16;5079;3856;245285;89493;15.2;5.5
92;2021-04-17;1807;1188;247092;90681;15.3;5.6
92;2021-04-18;351;94;247443;90775;15.3;5.6
92;2021-04-19;2820;2842;250263;93617;15.5;5.8
92;2021-04-20;4199;3757;254462;97374;15.8;6.0
92;2021-04-21;4618;4514;259080;101888;16.1;6.3
92;2021-04-22;4663;5121;263743;107009;16.3;6.6
92;2021-04-23;5260;4704;269003;111713;16.7;6.9
92;2021-04-24;4943;1902;273946;113615;17.0;7.0
92;2021-04-25;1797;148;275743;113763;17.1;7.0
92;2021-04-26;4003;3618;279746;117381;17.3;7.3
92;2021-04-27;6048;5253;285794;122634;17.7;7.6
92;2021-04-28;7385;4490;293179;127124;18.2;7.9
92;2021-04-29;7995;4766;301174;131890;18.7;8.2
92;2021-04-30;8845;4838;310019;136728;19.2;8.5
92;2021-05-01;1202;405;311221;137133;19.3;8.5
92;2021-05-02;669;139;311890;137272;19.3;8.5
92;2021-05-03;6789;3879;318679;141151;19.7;8.7
92;2021-05-04;10435;4355;329114;145506;20.4;9.0
92;2021-05-05;10077;5242;339191;150748;21.0;9.3
92;2021-05-06;11427;4897;350618;155645;21.7;9.6
92;2021-05-07;9867;5292;360485;160937;22.3;10.0
92;2021-05-08;7214;1921;367699;162858;22.8;10.1
92;2021-05-09;3786;600;371485;163458;23.0;10.1
92;2021-05-10;9547;3995;381032;167453;23.6;10.4
92;2021-05-11;13979;5682;395011;173135;24.5;10.7
92;2021-05-12;14287;4577;409298;177712;25.4;11.0
92;2021-05-13;9168;903;418466;178615;25.9;11.1
92;2021-05-14;12030;2303;430496;180918;26.7;11.2
92;2021-05-15;8392;1226;438888;182144;27.2;11.3
92;2021-05-16;4142;453;443030;182597;27.5;11.3
92;2021-05-17;10649;2216;453679;184813;28.1;11.5
92;2021-05-18;16410;3117;470089;187930;29.1;11.6
92;2021-05-19;16045;3715;486134;191645;30.1;11.9
92;2021-05-20;16840;3981;502974;195626;31.2;12.1
92;2021-05-21;14071;3612;517045;199238;32.0;12.3
92;2021-05-22;8318;1512;525363;200750;32.6;12.4
92;2021-05-23;4082;454;529445;201204;32.8;12.5
92;2021-05-24;6121;855;535566;202059;33.2;12.5
92;2021-05-25;13112;4563;548678;206622;34.0;12.8
92;2021-05-26;11924;5037;560602;211659;34.7;13.1
92;2021-05-27;12736;6325;573338;217984;35.5;13.5
92;2021-05-28;11234;6277;584572;224261;36.2;13.9
92;2021-05-29;5451;2304;590023;226565;36.6;14.0
92;2021-05-30;2252;389;592275;226954;36.7;14.1
92;2021-05-31;12049;5296;604324;232250;37.4;14.4
92;2021-06-01;12634;7634;616958;239884;38.2;14.9
92;2021-06-02;14380;7203;631338;247087;39.1;15.3
92;2021-06-03;14598;8022;645936;255109;40.0;15.8
92;2021-06-04;12237;8221;658173;263330;40.8;16.3
92;2021-06-05;7383;6229;665556;269559;41.2;16.7
92;2021-06-06;3597;1675;669153;271234;41.5;16.8
92;2021-06-07;11435;7637;680588;278871;42.2;17.3
92;2021-06-08;12765;9603;693353;288474;43.0;17.9
92;2021-06-09;11660;9474;705013;297948;43.7;18.5
92;2021-06-10;11967;10565;716980;308513;44.4;19.1
92;2021-06-11;8155;11032;725135;319545;44.9;19.8
92;2021-06-12;6364;5092;731499;324637;45.3;20.1
92;2021-06-13;3970;2720;735469;327357;45.6;20.3
92;2021-06-14;5212;11171;740681;338528;45.9;21.0
92;2021-06-15;6536;13122;747217;351650;46.3;21.8
92;2021-06-16;6953;12991;754170;364641;46.7;22.6
92;2021-06-17;7429;14000;761599;378641;47.2;23.5
92;2021-06-18;6907;14385;768506;393026;47.6;24.4
92;2021-06-19;3965;9106;772471;402132;47.9;24.9
92;2021-06-20;1968;5606;774439;407738;48.0;25.3
92;2021-06-21;4839;12274;779278;420012;48.3;26.0
92;2021-06-22;5878;17536;785156;437548;48.7;27.1
92;2021-06-23;5484;15991;790640;453539;49.0;28.1
92;2021-06-24;6209;15119;796849;468658;49.4;29.0
92;2021-06-25;5120;16098;801969;484756;49.7;30.0
92;2021-06-26;4070;10454;806039;495210;49.9;30.7
92;2021-06-27;1858;6046;807897;501256;50.1;31.1
92;2021-06-28;3673;12047;811570;513303;50.3;31.8
92;2021-06-29;4679;18153;816249;531456;50.6;32.9
92;2021-06-30;4455;16226;820704;547682;50.9;33.9
92;2021-07-01;5527;16306;826231;563988;51.2;34.9
92;2021-07-02;4940;15278;831171;579266;51.5;35.9
92;2021-07-03;3307;10185;834478;589451;51.7;36.5
92;2021-07-04;1124;4208;835602;593659;51.8;36.8
92;2021-07-05;4826;12332;840428;605991;52.1;37.6
92;2021-07-06;5288;15811;845716;621802;52.4;38.5
92;2021-07-07;4266;11461;849982;633263;52.7;39.2
92;2021-07-08;5408;14638;855390;647901;53.0;40.1
92;2021-07-09;5900;14204;861290;662105;53.4;41.0
92;2021-07-10;4378;8457;865668;670562;53.6;41.6
92;2021-07-11;1487;2615;867155;673177;53.7;41.7
92;2021-07-12;4416;14643;871571;687820;54.0;42.6
92;2021-07-13;7881;17456;879452;705276;54.5;43.7
92;2021-07-14;5115;5746;884567;711022;54.8;44.1
92;2021-07-15;9570;16256;894137;727278;55.4;45.1
92;2021-07-16;9065;14188;903202;741466;56.0;45.9
92;2021-07-17;6581;7604;909783;749070;56.4;46.4
92;2021-07-18;1841;2482;911624;751552;56.5;46.6
92;2021-07-19;6480;13198;918104;764750;56.9;47.4
92;2021-07-20;10092;14105;928196;778855;57.5;48.3
92;2021-07-21;10470;12122;938666;790977;58.2;49.0
92;2021-07-22;12059;12994;950725;803971;58.9;49.8
92;2021-07-23;11590;11357;962315;815328;59.6;50.5
92;2021-07-24;6733;6268;969048;821596;60.0;50.9
92;2021-07-25;2778;2329;971826;823925;60.2;51.1
92;2021-07-26;9491;9180;981317;833105;60.8;51.6
92;2021-07-27;11522;9622;992839;842727;61.5;52.2
92;2021-07-28;12951;8207;1005790;850934;62.3;52.7
92;2021-07-29;10454;8636;1016244;859570;63.0;53.3
92;2021-07-30;9131;8359;1025375;867929;63.5;53.8
92;2021-07-31;5702;4824;1031077;872753;63.9;54.1
92;2021-08-01;2217;1300;1033294;874053;64.0;54.2
92;2021-08-02;4780;4936;1038074;878989;64.3;54.5
92;2021-08-03;5143;6147;1043217;885136;64.6;54.8
92;2021-08-04;4777;4875;1047994;890011;64.9;55.2
92;2021-08-05;4530;5690;1052524;895701;65.2;55.5
92;2021-08-06;4550;5973;1057074;901674;65.5;55.9
92;2021-08-07;2839;4183;1059913;905857;65.7;56.1
92;2021-08-08;963;1082;1060876;906939;65.7;56.2
92;2021-08-09;3212;4253;1064088;911192;65.9;56.5
92;2021-08-10;3835;5612;1067923;916804;66.2;56.8
92;2021-08-11;3239;4436;1071162;921240;66.4;57.1
92;2021-08-12;3395;5602;1074557;926842;66.6;57.4
92;2021-08-13;2998;5148;1077555;931990;66.8;57.8
92;2021-08-14;1886;3930;1079441;935920;66.9;58.0
92;2021-08-15;589;839;1080030;936759;66.9;58.0
92;2021-08-16;2404;5326;1082434;942085;67.1;58.4
92;2021-08-17;2635;6990;1085069;949075;67.2;58.8
92;2021-08-18;2428;5256;1087497;954331;67.4;59.1
92;2021-08-19;2525;5745;1090022;960076;67.5;59.5
92;2021-08-20;2279;5199;1092301;965275;67.7;59.8
92;2021-08-21;1392;4223;1093693;969498;67.8;60.1
92;2021-08-22;428;1599;1094121;971097;67.8;60.2
92;2021-08-23;2496;6600;1096617;977697;68.0;60.6
92;2021-08-24;3154;8351;1099771;986048;68.1;61.1
92;2021-08-25;2861;7584;1102632;993632;68.3;61.6
92;2021-08-26;3017;7578;1105649;1001210;68.5;62.0
92;2021-08-27;3094;7015;1108743;1008225;68.7;62.5
92;2021-08-28;1620;4517;1110363;1012742;68.8;62.8
92;2021-08-29;345;789;1110708;1013531;68.8;62.8
92;2021-08-30;2250;4900;1112958;1018431;69.0;63.1
92;2021-08-31;3093;7045;1116051;1025476;69.2;63.5
92;2021-09-01;3327;7607;1119378;1033083;69.4;64.0
92;2021-09-02;2658;6831;1122036;1039914;69.5;64.4
92;2021-09-03;2698;6598;1124734;1046512;69.7;64.8
92;2021-09-04;2330;5056;1127064;1051568;69.8;65.2
92;2021-09-05;445;1051;1127509;1052619;69.9;65.2
92;2021-09-06;1327;3705;1128836;1056324;70.0;65.5
92;2021-09-07;1707;4197;1130543;1060521;70.1;65.7
92;2021-09-08;2181;4318;1132724;1064839;70.2;66.0
92;2021-09-09;1232;3273;1133956;1068112;70.3;66.2
92;2021-09-10;1787;4252;1135743;1072364;70.4;66.5
92;2021-09-11;1561;2942;1137304;1075306;70.5;66.6
92;2021-09-12;209;466;1137513;1075772;70.5;66.7
92;2021-09-13;1110;3091;1138623;1078863;70.6;66.9
92;2021-09-14;1236;3594;1139859;1082457;70.6;67.1
92;2021-09-15;1582;3628;1141441;1086085;70.7;67.3
92;2021-09-16;1080;2158;1142521;1088243;70.8;67.4
92;2021-09-17;1430;3096;1143951;1091339;70.9;67.6
92;2021-09-18;930;2232;1144881;1093571;70.9;67.8
92;2021-09-19;128;291;1145009;1093862;71.0;67.8
92;2021-09-20;773;1831;1145782;1095693;71.0;67.9
92;2021-09-21;779;1869;1146561;1097562;71.0;68.0
92;2021-09-22;1076;3814;1147637;1101376;71.1;68.2
92;2021-09-23;737;1822;1148374;1103198;71.2;68.4
92;2021-09-24;1095;2851;1149469;1106049;71.2;68.5
92;2021-09-25;619;2212;1150088;1108261;71.3;68.7
92;2021-09-26;95;249;1150183;1108510;71.3;68.7
92;2021-09-27;768;1624;1150951;1110134;71.3;68.8
92;2021-09-28;786;1569;1151737;1111703;71.4;68.9
92;2021-09-29;1132;2834;1152869;1114537;71.4;69.1
92;2021-09-30;847;1326;1153716;1115863;71.5;69.1
92;2021-10-01;1126;2095;1154842;1117958;71.6;69.3
92;2021-10-02;797;1799;1155639;1119757;71.6;69.4
92;2021-10-03;88;204;1155727;1119961;71.6;69.4
92;2021-10-04;698;1311;1156425;1121272;71.7;69.5
92;2021-10-05;726;1317;1157151;1122589;71.7;69.6
93;2020-12-27;12;3;12;3;0.0;0.0
93;2020-12-28;6;0;18;3;0.0;0.0
93;2020-12-29;2;0;20;3;0.0;0.0
93;2020-12-30;44;1;64;4;0.0;0.0
93;2020-12-31;11;0;75;4;0.0;0.0
93;2021-01-01;5;0;80;4;0.0;0.0
93;2021-01-02;1;0;81;4;0.0;0.0
93;2021-01-03;4;0;85;4;0.0;0.0
93;2021-01-04;3;0;88;4;0.0;0.0
93;2021-01-05;66;1;154;5;0.0;0.0
93;2021-01-06;179;0;333;5;0.0;0.0
93;2021-01-07;381;1;714;6;0.0;0.0
93;2021-01-08;632;1;1346;7;0.1;0.0
93;2021-01-09;21;0;1367;7;0.1;0.0
93;2021-01-10;2;0;1369;7;0.1;0.0
93;2021-01-11;505;3;1874;10;0.1;0.0
93;2021-01-12;753;7;2627;17;0.2;0.0
93;2021-01-13;751;6;3378;23;0.2;0.0
93;2021-01-14;689;18;4067;41;0.2;0.0
93;2021-01-15;515;3;4582;44;0.3;0.0
93;2021-01-16;138;3;4720;47;0.3;0.0
93;2021-01-17;6;1;4726;48;0.3;0.0
93;2021-01-18;1198;11;5924;59;0.4;0.0
93;2021-01-19;1614;17;7538;76;0.5;0.0
93;2021-01-20;1557;18;9095;94;0.5;0.0
93;2021-01-21;1921;35;11016;129;0.7;0.0
93;2021-01-22;1391;14;12407;143;0.7;0.0
93;2021-01-23;713;4;13120;147;0.8;0.0
93;2021-01-24;0;0;13120;147;0.8;0.0
93;2021-01-25;1208;13;14328;160;0.9;0.0
93;2021-01-26;1296;28;15624;188;0.9;0.0
93;2021-01-27;2159;63;17783;251;1.1;0.0
93;2021-01-28;2267;172;20050;423;1.2;0.0
93;2021-01-29;1625;206;21675;629;1.3;0.0
93;2021-01-30;927;36;22602;665;1.4;0.0
93;2021-01-31;9;5;22611;670;1.4;0.0
93;2021-02-01;1187;146;23798;816;1.4;0.0
93;2021-02-02;1174;283;24972;1099;1.5;0.1
93;2021-02-03;1231;389;26203;1488;1.6;0.1
93;2021-02-04;926;538;27129;2026;1.6;0.1
93;2021-02-05;800;396;27929;2422;1.7;0.1
93;2021-02-06;694;65;28623;2487;1.7;0.1
93;2021-02-07;6;0;28629;2487;1.7;0.1
93;2021-02-08;913;546;29542;3033;1.8;0.2
93;2021-02-09;852;553;30394;3586;1.8;0.2
93;2021-02-10;882;616;31276;4202;1.9;0.3
93;2021-02-11;1244;719;32520;4921;1.9;0.3
93;2021-02-12;1041;565;33561;5486;2.0;0.3
93;2021-02-13;395;209;33956;5695;2.0;0.3
93;2021-02-14;13;58;33969;5753;2.0;0.3
93;2021-02-15;414;908;34383;6661;2.1;0.4
93;2021-02-16;552;989;34935;7650;2.1;0.5
93;2021-02-17;542;1326;35477;8976;2.1;0.5
93;2021-02-18;1135;1630;36612;10606;2.2;0.6
93;2021-02-19;994;1290;37606;11896;2.3;0.7
93;2021-02-20;304;529;37910;12425;2.3;0.7
93;2021-02-21;10;24;37920;12449;2.3;0.7
93;2021-02-22;602;985;38522;13434;2.3;0.8
93;2021-02-23;561;873;39083;14307;2.3;0.9
93;2021-02-24;643;959;39726;15266;2.4;0.9
93;2021-02-25;901;863;40627;16129;2.4;1.0
93;2021-02-26;1121;819;41748;16948;2.5;1.0
93;2021-02-27;543;515;42291;17463;2.5;1.0
93;2021-02-28;88;57;42379;17520;2.5;1.0
93;2021-03-01;1083;854;43462;18374;2.6;1.1
93;2021-03-02;1447;949;44909;19323;2.7;1.2
93;2021-03-03;1747;1017;46656;20340;2.8;1.2
93;2021-03-04;2718;1021;49374;21361;3.0;1.3
93;2021-03-05;3821;801;53195;22162;3.2;1.3
93;2021-03-06;5050;526;58245;22688;3.5;1.4
93;2021-03-07;4300;238;62545;22926;3.7;1.4
93;2021-03-08;2036;1118;64581;24044;3.9;1.4
93;2021-03-09;2915;885;67496;24929;4.0;1.5
93;2021-03-10;2860;1032;70356;25961;4.2;1.6
93;2021-03-11;3575;1186;73931;27147;4.4;1.6
93;2021-03-12;4124;1247;78055;28394;4.7;1.7
93;2021-03-13;4290;613;82345;29007;4.9;1.7
93;2021-03-14;884;70;83229;29077;5.0;1.7
93;2021-03-15;3556;659;86785;29736;5.2;1.8
93;2021-03-16;3159;606;89944;30342;5.4;1.8
93;2021-03-17;2656;597;92600;30939;5.5;1.9
93;2021-03-18;3316;716;95916;31655;5.7;1.9
93;2021-03-19;3767;634;99683;32289;6.0;1.9
93;2021-03-20;3459;299;103142;32588;6.2;2.0
93;2021-03-21;813;266;103955;32854;6.2;2.0
93;2021-03-22;3851;617;107806;33471;6.5;2.0
93;2021-03-23;4766;809;112572;34280;6.7;2.1
93;2021-03-24;4114;685;116686;34965;7.0;2.1
93;2021-03-25;5586;872;122272;35837;7.3;2.1
93;2021-03-26;5547;893;127819;36730;7.7;2.2
93;2021-03-27;4283;320;132102;37050;7.9;2.2
93;2021-03-28;613;42;132715;37092;7.9;2.2
93;2021-03-29;3851;964;136566;38056;8.2;2.3
93;2021-03-30;4726;1269;141292;39325;8.5;2.4
93;2021-03-31;3914;1249;145206;40574;8.7;2.4
93;2021-04-01;4056;3139;149262;43713;8.9;2.6
93;2021-04-02;3224;3551;152486;47264;9.1;2.8
93;2021-04-03;2518;2258;155004;49522;9.3;3.0
93;2021-04-04;765;164;155769;49686;9.3;3.0
93;2021-04-05;708;87;156477;49773;9.4;3.0
93;2021-04-06;4563;2353;161040;52126;9.6;3.1
93;2021-04-07;4903;2093;165943;54219;9.9;3.2
93;2021-04-08;5814;2684;171757;56903;10.3;3.4
93;2021-04-09;6096;3178;177853;60081;10.6;3.6
93;2021-04-10;4198;2484;182051;62565;10.9;3.7
93;2021-04-11;575;434;182626;62999;10.9;3.8
93;2021-04-12;4100;2913;186726;65912;11.2;3.9
93;2021-04-13;4606;3651;191332;69563;11.5;4.2
93;2021-04-14;4366;2477;195698;72040;11.7;4.3
93;2021-04-15;4559;3036;200257;75076;12.0;4.5
93;2021-04-16;4442;2990;204699;78066;12.3;4.7
93;2021-04-17;3517;2500;208216;80566;12.5;4.8
93;2021-04-18;289;433;208505;80999;12.5;4.8
93;2021-04-19;3776;2864;212281;83863;12.7;5.0
93;2021-04-20;4308;3261;216589;87124;13.0;5.2
93;2021-04-21;4145;2770;220734;89894;13.2;5.4
93;2021-04-22;4513;4022;225247;93916;13.5;5.6
93;2021-04-23;5628;3245;230875;97161;13.8;5.8
93;2021-04-24;5921;3329;236796;100490;14.2;6.0
93;2021-04-25;1733;598;238529;101088;14.3;6.1
93;2021-04-26;4864;3075;243393;104163;14.6;6.2
93;2021-04-27;6453;3623;249846;107786;15.0;6.5
93;2021-04-28;6071;3431;255917;111217;15.3;6.7
93;2021-04-29;7301;3244;263218;114461;15.8;6.9
93;2021-04-30;8267;3113;271485;117574;16.3;7.0
93;2021-05-01;4948;1191;276433;118765;16.6;7.1
93;2021-05-02;419;646;276852;119411;16.6;7.1
93;2021-05-03;8173;5116;285025;124527;17.1;7.5
93;2021-05-04;7823;5395;292848;129922;17.5;7.8
93;2021-05-05;7576;4805;300424;134727;18.0;8.1
93;2021-05-06;8250;4777;308674;139504;18.5;8.4
93;2021-05-07;7014;5427;315688;144931;18.9;8.7
93;2021-05-08;8363;2393;324051;147324;19.4;8.8
93;2021-05-09;6125;1368;330176;148692;19.8;8.9
93;2021-05-10;8256;4071;338432;152763;20.3;9.1
93;2021-05-11;9308;4799;347740;157562;20.8;9.4
93;2021-05-12;9194;3656;356934;161218;21.4;9.7
93;2021-05-13;8300;1650;365234;162868;21.9;9.8
93;2021-05-14;10420;3527;375654;166395;22.5;10.0
93;2021-05-15;11125;3008;386779;169403;23.2;10.1
93;2021-05-16;5558;727;392337;170130;23.5;10.2
93;2021-05-17;11904;2270;404241;172400;24.2;10.3
93;2021-05-18;14098;2387;418339;174787;25.0;10.5
93;2021-05-19;11431;2943;429770;177730;25.7;10.6
93;2021-05-20;12624;3486;442394;181216;26.5;10.9
93;2021-05-21;13015;2886;455409;184102;27.3;11.0
93;2021-05-22;12376;2199;467785;186301;28.0;11.2
93;2021-05-23;8478;1108;476263;187409;28.5;11.2
93;2021-05-24;11208;1943;487471;189352;29.2;11.3
93;2021-05-25;12292;4318;499763;193670;29.9;11.6
93;2021-05-26;11079;3758;510842;197428;30.6;11.8
93;2021-05-27;12708;3894;523550;201322;31.3;12.1
93;2021-05-28;12652;5255;536202;206577;32.1;12.4
93;2021-05-29;11395;4264;547597;210841;32.8;12.6
93;2021-05-30;8209;1380;555806;212221;33.3;12.7
93;2021-05-31;9180;5174;564986;217395;33.8;13.0
93;2021-06-01;11402;6277;576388;223672;34.5;13.4
93;2021-06-02;10719;5195;587107;228867;35.2;13.7
93;2021-06-03;10817;5517;597924;234384;35.8;14.0
93;2021-06-04;10592;7789;608516;242173;36.4;14.5
93;2021-06-05;9018;7358;617534;249531;37.0;14.9
93;2021-06-06;8403;1746;625937;251277;37.5;15.0
93;2021-06-07;10066;7511;636003;258788;38.1;15.5
93;2021-06-08;10366;7378;646369;266166;38.7;15.9
93;2021-06-09;10242;7292;656611;273458;39.3;16.4
93;2021-06-10;9010;8195;665621;281653;39.9;16.9
93;2021-06-11;8824;8814;674445;290467;40.4;17.4
93;2021-06-12;9862;6658;684307;297125;41.0;17.8
93;2021-06-13;7169;2130;691476;299255;41.4;17.9
93;2021-06-14;5400;9733;696876;308988;41.7;18.5
93;2021-06-15;6236;9661;703112;318649;42.1;19.1
93;2021-06-16;6646;9059;709758;327708;42.5;19.6
93;2021-06-17;5753;8464;715511;336172;42.8;20.1
93;2021-06-18;7226;11120;722737;347292;43.3;20.8
93;2021-06-19;7075;11101;729812;358393;43.7;21.5
93;2021-06-20;4945;6877;734757;365270;44.0;21.9
93;2021-06-21;4071;10728;738828;375998;44.2;22.5
93;2021-06-22;4696;11314;743524;387312;44.5;23.2
93;2021-06-23;4538;10595;748062;397907;44.8;23.8
93;2021-06-24;4200;10297;752262;408204;45.0;24.4
93;2021-06-25;5187;13052;757449;421256;45.4;25.2
93;2021-06-26;5300;13927;762749;435183;45.7;26.1
93;2021-06-27;3285;7104;766034;442287;45.9;26.5
93;2021-06-28;3699;12507;769733;454794;46.1;27.2
93;2021-06-29;4016;12353;773749;467147;46.3;28.0
93;2021-06-30;4144;11302;777893;478449;46.6;28.6
93;2021-07-01;6090;11162;783983;489611;46.9;29.3
93;2021-07-02;5806;12380;789789;501991;47.3;30.1
93;2021-07-03;5550;13464;795339;515455;47.6;30.9
93;2021-07-04;3081;7888;798420;523343;47.8;31.3
93;2021-07-05;4591;10848;803011;534191;48.1;32.0
93;2021-07-06;4850;11760;807861;545951;48.4;32.7
93;2021-07-07;5229;11415;813090;557366;48.7;33.4
93;2021-07-08;5062;10268;818152;567634;49.0;34.0
93;2021-07-09;5924;13034;824076;580668;49.3;34.8
93;2021-07-10;5920;14293;829996;594961;49.7;35.6
93;2021-07-11;3689;9092;833685;604053;49.9;36.2
93;2021-07-12;5606;12079;839291;616132;50.3;36.9
93;2021-07-13;11144;13311;850435;629443;50.9;37.7
93;2021-07-14;10671;6797;861106;636240;51.6;38.1
93;2021-07-15;12557;14138;873663;650378;52.3;38.9
93;2021-07-16;13242;13698;886905;664076;53.1;39.8
93;2021-07-17;11370;13918;898275;677994;53.8;40.6
93;2021-07-18;7395;8959;905670;686953;54.2;41.1
93;2021-07-19;9637;10930;915307;697883;54.8;41.8
93;2021-07-20;12664;10690;927971;708573;55.6;42.4
93;2021-07-21;14410;10956;942381;719529;56.4;43.1
93;2021-07-22;14179;9482;956560;729011;57.3;43.6
93;2021-07-23;14620;10662;971180;739673;58.1;44.3
93;2021-07-24;13924;10649;985104;750322;59.0;44.9
93;2021-07-25;9037;6365;994141;756687;59.5;45.3
93;2021-07-26;12795;7798;1006936;764485;60.3;45.8
93;2021-07-27;15186;7467;1022122;771952;61.2;46.2
93;2021-07-28;15026;8309;1037148;780261;62.1;46.7
93;2021-07-29;13606;7081;1050754;787342;62.9;47.1
93;2021-07-30;14189;7875;1064943;795217;63.8;47.6
93;2021-07-31;12253;7722;1077196;802939;64.5;48.1
93;2021-08-01;7512;4604;1084708;807543;64.9;48.4
93;2021-08-02;12174;5741;1096882;813284;65.7;48.7
93;2021-08-03;8430;6872;1105312;820156;66.2;49.1
93;2021-08-04;8166;8009;1113478;828165;66.7;49.6
93;2021-08-05;6284;6865;1119762;835030;67.0;50.0
93;2021-08-06;7364;8339;1127126;843369;67.5;50.5
93;2021-08-07;7478;9055;1134604;852424;67.9;51.0
93;2021-08-08;4546;5566;1139150;857990;68.2;51.4
93;2021-08-09;7618;8088;1146768;866078;68.7;51.9
93;2021-08-10;7470;8849;1154238;874927;69.1;52.4
93;2021-08-11;7660;9692;1161898;884619;69.6;53.0
93;2021-08-12;6628;9044;1168526;893663;70.0;53.5
93;2021-08-13;6836;9031;1175362;902694;70.4;54.0
93;2021-08-14;7126;10499;1182488;913193;70.8;54.7
93;2021-08-15;2956;3623;1185444;916816;71.0;54.9
93;2021-08-16;6561;11220;1192005;928036;71.4;55.6
93;2021-08-17;6287;10918;1198292;938954;71.7;56.2
93;2021-08-18;5713;11214;1204005;950168;72.1;56.9
93;2021-08-19;5022;9674;1209027;959842;72.4;57.5
93;2021-08-20;5252;11234;1214279;971076;72.7;58.1
93;2021-08-21;4560;11948;1218839;983024;73.0;58.9
93;2021-08-22;2263;7052;1221102;990076;73.1;59.3
93;2021-08-23;4545;9335;1225647;999411;73.4;59.8
93;2021-08-24;4478;8432;1230125;1007843;73.7;60.3
93;2021-08-25;4314;8608;1234439;1016451;73.9;60.9
93;2021-08-26;3775;7109;1238214;1023560;74.1;61.3
93;2021-08-27;4096;8547;1242310;1032107;74.4;61.8
93;2021-08-28;3985;9590;1246295;1041697;74.6;62.4
93;2021-08-29;1819;4803;1248114;1046500;74.7;62.7
93;2021-08-30;3060;7616;1251174;1054116;74.9;63.1
93;2021-08-31;3114;7809;1254288;1061925;75.1;63.6
93;2021-09-01;4095;7772;1258383;1069697;75.3;64.0
93;2021-09-02;3219;6023;1261602;1075720;75.5;64.4
93;2021-09-03;2945;7313;1264547;1083033;75.7;64.8
93;2021-09-04;3432;8964;1267979;1091997;75.9;65.4
93;2021-09-05;1302;3709;1269281;1095706;76.0;65.6
93;2021-09-06;1897;5328;1271178;1101034;76.1;65.9
93;2021-09-07;1858;4850;1273036;1105884;76.2;66.2
93;2021-09-08;2280;5642;1275316;1111526;76.4;66.6
93;2021-09-09;2029;4926;1277345;1116452;76.5;66.8
93;2021-09-10;2768;5774;1280113;1122226;76.6;67.2
93;2021-09-11;2388;7036;1282501;1129262;76.8;67.6
93;2021-09-12;874;2890;1283375;1132152;76.8;67.8
93;2021-09-13;1778;4964;1285153;1137116;76.9;68.1
93;2021-09-14;1923;4608;1287076;1141724;77.1;68.4
93;2021-09-15;1855;4248;1288931;1145972;77.2;68.6
93;2021-09-16;1560;3038;1290491;1149010;77.3;68.8
93;2021-09-17;1956;4553;1292447;1153563;77.4;69.1
93;2021-09-18;1651;5576;1294098;1159139;77.5;69.4
93;2021-09-19;532;2104;1294630;1161243;77.5;69.5
93;2021-09-20;1261;2913;1295891;1164156;77.6;69.7
93;2021-09-21;1012;2485;1296903;1166641;77.7;69.9
93;2021-09-22;1493;3931;1298396;1170572;77.7;70.1
93;2021-09-23;1039;2426;1299435;1172998;77.8;70.2
93;2021-09-24;1340;3424;1300775;1176422;77.9;70.4
93;2021-09-25;1105;4521;1301880;1180943;77.9;70.7
93;2021-09-26;429;1674;1302309;1182617;78.0;70.8
93;2021-09-27;888;2221;1303197;1184838;78.0;70.9
93;2021-09-28;859;2028;1304056;1186866;78.1;71.1
93;2021-09-29;1219;3243;1305275;1190109;78.2;71.3
93;2021-09-30;877;2337;1306152;1192446;78.2;71.4
93;2021-10-01;1084;2697;1307236;1195143;78.3;71.6
93;2021-10-02;1129;2767;1308365;1197910;78.3;71.7
93;2021-10-03;298;830;1308663;1198740;78.4;71.8
93;2021-10-04;861;2176;1309524;1200916;78.4;71.9
93;2021-10-05;714;2039;1310238;1202955;78.5;72.0
94;2020-12-27;8;0;8;0;0.0;0.0
94;2020-12-28;11;0;19;0;0.0;0.0
94;2020-12-29;0;0;19;0;0.0;0.0
94;2020-12-30;1;0;20;0;0.0;0.0
94;2020-12-31;7;0;27;0;0.0;0.0
94;2021-01-01;4;0;31;0;0.0;0.0
94;2021-01-02;0;0;31;0;0.0;0.0
94;2021-01-03;3;0;34;0;0.0;0.0
94;2021-01-04;39;2;73;2;0.0;0.0
94;2021-01-05;233;2;306;4;0.0;0.0
94;2021-01-06;332;4;638;8;0.0;0.0
94;2021-01-07;694;11;1332;19;0.1;0.0
94;2021-01-08;925;10;2257;29;0.2;0.0
94;2021-01-09;47;0;2304;29;0.2;0.0
94;2021-01-10;18;0;2322;29;0.2;0.0
94;2021-01-11;1015;10;3337;39;0.2;0.0
94;2021-01-12;1343;25;4680;64;0.3;0.0
94;2021-01-13;1408;26;6088;90;0.4;0.0
94;2021-01-14;1544;27;7632;117;0.5;0.0
94;2021-01-15;1222;23;8854;140;0.6;0.0
94;2021-01-16;197;1;9051;141;0.6;0.0
94;2021-01-17;100;0;9151;141;0.7;0.0
94;2021-01-18;1501;25;10652;166;0.8;0.0
94;2021-01-19;1952;27;12604;193;0.9;0.0
94;2021-01-20;2188;25;14792;218;1.1;0.0
94;2021-01-21;3032;17;17824;235;1.3;0.0
94;2021-01-22;2193;26;20017;261;1.4;0.0
94;2021-01-23;735;3;20752;264;1.5;0.0
94;2021-01-24;285;0;21037;264;1.5;0.0
94;2021-01-25;1474;21;22511;285;1.6;0.0
94;2021-01-26;1581;19;24092;304;1.7;0.0
94;2021-01-27;1847;31;25939;335;1.8;0.0
94;2021-01-28;1558;128;27497;463;2.0;0.0
94;2021-01-29;1380;137;28877;600;2.1;0.0
94;2021-01-30;580;4;29457;604;2.1;0.0
94;2021-01-31;123;8;29580;612;2.1;0.0
94;2021-02-01;931;140;30511;752;2.2;0.1
94;2021-02-02;854;225;31365;977;2.2;0.1
94;2021-02-03;763;342;32128;1319;2.3;0.1
94;2021-02-04;901;389;33029;1708;2.3;0.1
94;2021-02-05;875;521;33904;2229;2.4;0.2
94;2021-02-06;408;60;34312;2289;2.4;0.2
94;2021-02-07;123;0;34435;2289;2.4;0.2
94;2021-02-08;635;463;35070;2752;2.5;0.2
94;2021-02-09;1035;931;36105;3683;2.6;0.3
94;2021-02-10;1103;1259;37208;4942;2.6;0.4
94;2021-02-11;1430;1468;38638;6410;2.7;0.5
94;2021-02-12;1394;1540;40032;7950;2.8;0.6
94;2021-02-13;299;194;40331;8144;2.9;0.6
94;2021-02-14;30;70;40361;8214;2.9;0.6
94;2021-02-15;755;1476;41116;9690;2.9;0.7
94;2021-02-16;702;2317;41818;12007;3.0;0.9
94;2021-02-17;719;1265;42537;13272;3.0;0.9
94;2021-02-18;798;1407;43335;14679;3.1;1.0
94;2021-02-19;968;1178;44303;15857;3.2;1.1
94;2021-02-20;133;719;44436;16576;3.2;1.2
94;2021-02-21;21;144;44457;16720;3.2;1.2
94;2021-02-22;525;1024;44982;17744;3.2;1.3
94;2021-02-23;624;992;45606;18736;3.2;1.3
94;2021-02-24;694;664;46300;19400;3.3;1.4
94;2021-02-25;1073;1303;47373;20703;3.4;1.5
94;2021-02-26;1322;825;48695;21528;3.5;1.5
94;2021-02-27;518;431;49213;21959;3.5;1.6
94;2021-02-28;91;72;49304;22031;3.5;1.6
94;2021-03-01;887;767;50191;22798;3.6;1.6
94;2021-03-02;1568;798;51759;23596;3.7;1.7
94;2021-03-03;1952;866;53711;24462;3.8;1.7
94;2021-03-04;2857;1015;56568;25477;4.0;1.8
94;2021-03-05;3838;1230;60406;26707;4.3;1.9
94;2021-03-06;4822;526;65228;27233;4.6;1.9
94;2021-03-07;3689;533;68917;27766;4.9;2.0
94;2021-03-08;1919;682;70836;28448;5.0;2.0
94;2021-03-09;2558;801;73394;29249;5.2;2.1
94;2021-03-10;3201;947;76595;30196;5.4;2.1
94;2021-03-11;3840;897;80435;31093;5.7;2.2
94;2021-03-12;4585;771;85020;31864;6.0;2.3
94;2021-03-13;4132;390;89152;32254;6.3;2.3
94;2021-03-14;2115;154;91267;32408;6.5;2.3
94;2021-03-15;3172;757;94439;33165;6.7;2.4
94;2021-03-16;2776;435;97215;33600;6.9;2.4
94;2021-03-17;2861;459;100076;34059;7.1;2.4
94;2021-03-18;3266;444;103342;34503;7.3;2.5
94;2021-03-19;4273;706;107615;35209;7.7;2.5
94;2021-03-20;3692;300;111307;35509;7.9;2.5
94;2021-03-21;1465;383;112772;35892;8.0;2.6
94;2021-03-22;3220;658;115992;36550;8.2;2.6
94;2021-03-23;4516;731;120508;37281;8.6;2.7
94;2021-03-24;4627;625;125135;37906;8.9;2.7
94;2021-03-25;6321;691;131456;38597;9.3;2.7
94;2021-03-26;6091;812;137547;39409;9.8;2.8
94;2021-03-27;4470;280;142017;39689;10.1;2.8
94;2021-03-28;1891;114;143908;39803;10.2;2.8
94;2021-03-29;4130;1218;148038;41021;10.5;2.9
94;2021-03-30;5298;1354;153336;42375;10.9;3.0
94;2021-03-31;4913;1785;158249;44160;11.3;3.1
94;2021-04-01;5833;2311;164082;46471;11.7;3.3
94;2021-04-02;5246;2311;169328;48782;12.0;3.5
94;2021-04-03;3087;2497;172415;51279;12.3;3.6
94;2021-04-04;1051;764;173466;52043;12.3;3.7
94;2021-04-05;837;142;174303;52185;12.4;3.7
94;2021-04-06;3583;2529;177886;54714;12.7;3.9
94;2021-04-07;3865;2257;181751;56971;12.9;4.1
94;2021-04-08;4629;2064;186380;59035;13.3;4.2
94;2021-04-09;5367;2473;191747;61508;13.6;4.4
94;2021-04-10;2957;3004;194704;64512;13.8;4.6
94;2021-04-11;1268;1766;195972;66278;13.9;4.7
94;2021-04-12;3440;2275;199412;68553;14.2;4.9
94;2021-04-13;4312;3406;203724;71959;14.5;5.1
94;2021-04-14;3905;2700;207629;74659;14.8;5.3
94;2021-04-15;4453;2997;212082;77656;15.1;5.5
94;2021-04-16;4709;2849;216791;80505;15.4;5.7
94;2021-04-17;2462;2774;219253;83279;15.6;5.9
94;2021-04-18;919;1244;220172;84523;15.7;6.0
94;2021-04-19;2977;2447;223149;86970;15.9;6.2
94;2021-04-20;3275;2715;226424;89685;16.1;6.4
94;2021-04-21;3222;3166;229646;92851;16.3;6.6
94;2021-04-22;3911;3655;233557;96506;16.6;6.9
94;2021-04-23;4121;3998;237678;100504;16.9;7.1
94;2021-04-24;4265;3401;241943;103905;17.2;7.4
94;2021-04-25;2408;1512;244351;105417;17.4;7.5
94;2021-04-26;4011;3280;248362;108697;17.7;7.7
94;2021-04-27;5098;3369;253460;112066;18.0;8.0
94;2021-04-28;4832;3640;258292;115706;18.4;8.2
94;2021-04-29;6415;3808;264707;119514;18.8;8.5
94;2021-04-30;6487;3925;271194;123439;19.3;8.8
94;2021-05-01;4057;1066;275251;124505;19.6;8.9
94;2021-05-02;3049;1474;278300;125979;19.8;9.0
94;2021-05-03;5734;5327;284034;131306;20.2;9.3
94;2021-05-04;6097;3565;290131;134871;20.6;9.6
94;2021-05-05;6183;3427;296314;138298;21.1;9.8
94;2021-05-06;7163;3529;303477;141827;21.6;10.1
94;2021-05-07;6673;4119;310150;145946;22.1;10.4
94;2021-05-08;4907;2558;315057;148504;22.4;10.6
94;2021-05-09;4226;2252;319283;150756;22.7;10.7
94;2021-05-10;7713;3126;326996;153882;23.3;10.9
94;2021-05-11;8969;3934;335965;157816;23.9;11.2
94;2021-05-12;9575;3599;345540;161415;24.6;11.5
94;2021-05-13;8675;1366;354215;162781;25.2;11.6
94;2021-05-14;9867;3310;364082;166091;25.9;11.8
94;2021-05-15;8940;2163;373022;168254;26.5;12.0
94;2021-05-16;5067;911;378089;169165;26.9;12.0
94;2021-05-17;10835;2249;388924;171414;27.7;12.2
94;2021-05-18;11295;2449;400219;173863;28.5;12.4
94;2021-05-19;11675;3597;411894;177460;29.3;12.6
94;2021-05-20;12156;4361;424050;181821;30.2;12.9
94;2021-05-21;11873;3164;435923;184985;31.0;13.2
94;2021-05-22;10283;1972;446206;186957;31.7;13.3
94;2021-05-23;4998;711;451204;187668;32.1;13.3
94;2021-05-24;9669;1348;460873;189016;32.8;13.4
94;2021-05-25;9996;4268;470869;193284;33.5;13.7
94;2021-05-26;10293;3311;481162;196595;34.2;14.0
94;2021-05-27;10863;4589;492025;201184;35.0;14.3
94;2021-05-28;10443;4950;502468;206134;35.7;14.7
94;2021-05-29;9868;3456;512336;209590;36.4;14.9
94;2021-05-30;4785;931;517121;210521;36.8;15.0
94;2021-05-31;9988;4237;527109;214758;37.5;15.3
94;2021-06-01;10307;5091;537416;219849;38.2;15.6
94;2021-06-02;9354;4587;546770;224436;38.9;16.0
94;2021-06-03;9562;5604;556332;230040;39.6;16.4
94;2021-06-04;10403;6539;566735;236579;40.3;16.8
94;2021-06-05;9181;6250;575916;242829;41.0;17.3
94;2021-06-06;3984;1848;579900;244677;41.2;17.4
94;2021-06-07;8663;5972;588563;250649;41.9;17.8
94;2021-06-08;8995;7515;597558;258164;42.5;18.4
94;2021-06-09;8955;8166;606513;266330;43.1;18.9
94;2021-06-10;8800;10971;615313;277301;43.8;19.7
94;2021-06-11;7847;8394;623160;285695;44.3;20.3
94;2021-06-12;10259;6853;633419;292548;45.0;20.8
94;2021-06-13;3469;3263;636888;295811;45.3;21.0
94;2021-06-14;6958;8203;643846;304014;45.8;21.6
94;2021-06-15;7736;8820;651582;312834;46.3;22.2
94;2021-06-16;7244;8270;658826;321104;46.9;22.8
94;2021-06-17;6698;9060;665524;330164;47.3;23.5
94;2021-06-18;6575;11960;672099;342124;47.8;24.3
94;2021-06-19;6001;9585;678100;351709;48.2;25.0
94;2021-06-20;1888;4009;679988;355718;48.4;25.3
94;2021-06-21;4528;11185;684516;366903;48.7;26.1
94;2021-06-22;4843;10812;689359;377715;49.0;26.9
94;2021-06-23;4180;11150;693539;388865;49.3;27.7
94;2021-06-24;4970;10335;698509;399200;49.7;28.4
94;2021-06-25;4285;13732;702794;412932;50.0;29.4
94;2021-06-26;3139;12007;705933;424939;50.2;30.2
94;2021-06-27;1059;4998;706992;429937;50.3;30.6
94;2021-06-28;3494;12075;710486;442012;50.5;31.4
94;2021-06-29;4052;12175;714538;454187;50.8;32.3
94;2021-06-30;4364;11643;718902;465830;51.1;33.1
94;2021-07-01;5672;11116;724574;476946;51.5;33.9
94;2021-07-02;5327;12191;729901;489137;51.9;34.8
94;2021-07-03;3710;11799;733611;500936;52.2;35.6
94;2021-07-04;1517;5092;735128;506028;52.3;36.0
94;2021-07-05;4491;11426;739619;517454;52.6;36.8
94;2021-07-06;4618;10892;744237;528346;52.9;37.6
94;2021-07-07;5042;11083;749279;539429;53.3;38.4
94;2021-07-08;5102;10023;754381;549452;53.7;39.1
94;2021-07-09;6107;11876;760488;561328;54.1;39.9
94;2021-07-10;4122;11358;764610;572686;54.4;40.7
94;2021-07-11;1555;4719;766165;577405;54.5;41.1
94;2021-07-12;4335;11965;770500;589370;54.8;41.9
94;2021-07-13;6491;12046;776991;601416;55.3;42.8
94;2021-07-14;4294;5297;781285;606713;55.6;43.2
94;2021-07-15;7321;12368;788606;619081;56.1;44.0
94;2021-07-16;7848;11321;796454;630402;56.6;44.8
94;2021-07-17;6105;11326;802559;641728;57.1;45.6
94;2021-07-18;2629;4024;805188;645752;57.3;45.9
94;2021-07-19;6913;10448;812101;656200;57.8;46.7
94;2021-07-20;8567;10384;820668;666584;58.4;47.4
94;2021-07-21;8804;9586;829472;676170;59.0;48.1
94;2021-07-22;9792;9431;839264;685601;59.7;48.8
94;2021-07-23;9432;9412;848696;695013;60.4;49.4
94;2021-07-24;7215;8882;855911;703895;60.9;50.1
94;2021-07-25;2191;2743;858102;706638;61.0;50.3
94;2021-07-26;7972;8045;866074;714683;61.6;50.8
94;2021-07-27;8622;7008;874696;721691;62.2;51.3
94;2021-07-28;8812;6323;883508;728014;62.8;51.8
94;2021-07-29;9058;6377;892566;734391;63.5;52.2
94;2021-07-30;8208;6598;900774;740989;64.1;52.7
94;2021-07-31;7214;6310;907988;747299;64.6;53.1
94;2021-08-01;3203;1783;911191;749082;64.8;53.3
94;2021-08-02;6667;5471;917858;754553;65.3;53.7
94;2021-08-03;6371;5212;924229;759765;65.7;54.0
94;2021-08-04;6307;5131;930536;764896;66.2;54.4
94;2021-08-05;5850;5471;936386;770367;66.6;54.8
94;2021-08-06;5809;5845;942195;776212;67.0;55.2
94;2021-08-07;4252;4481;946447;780693;67.3;55.5
94;2021-08-08;1371;1718;947818;782411;67.4;55.6
94;2021-08-09;4897;6530;952715;788941;67.8;56.1
94;2021-08-10;5405;6311;958120;795252;68.1;56.6
94;2021-08-11;4297;5724;962417;800976;68.4;57.0
94;2021-08-12;4419;6504;966836;807480;68.8;57.4
94;2021-08-13;3787;5755;970623;813235;69.0;57.8
94;2021-08-14;2905;5737;973528;818972;69.2;58.2
94;2021-08-15;459;736;973987;819708;69.3;58.3
94;2021-08-16;3506;8282;977493;827990;69.5;58.9
94;2021-08-17;3376;8130;980869;836120;69.8;59.5
94;2021-08-18;3273;8611;984142;844731;70.0;60.1
94;2021-08-19;3334;6910;987476;851641;70.2;60.6
94;2021-08-20;3391;7754;990867;859395;70.5;61.1
94;2021-08-21;2568;7151;993435;866546;70.7;61.6
94;2021-08-22;896;2737;994331;869283;70.7;61.8
94;2021-08-23;2845;8450;997176;877733;70.9;62.4
94;2021-08-24;3147;7517;1000323;885250;71.1;63.0
94;2021-08-25;2745;6746;1003068;891996;71.3;63.4
94;2021-08-26;2594;6146;1005662;898142;71.5;63.9
94;2021-08-27;2649;6572;1008311;904714;71.7;64.3
94;2021-08-28;2574;6494;1010885;911208;71.9;64.8
94;2021-08-29;868;2347;1011753;913555;72.0;65.0
94;2021-08-30;2840;7888;1014593;921443;72.2;65.5
94;2021-08-31;2605;7448;1017198;928891;72.3;66.1
94;2021-09-01;2414;6203;1019612;935094;72.5;66.5
94;2021-09-02;1975;5216;1021587;940310;72.7;66.9
94;2021-09-03;2101;5812;1023688;946122;72.8;67.3
94;2021-09-04;2396;5416;1026084;951538;73.0;67.7
94;2021-09-05;705;1287;1026789;952825;73.0;67.8
94;2021-09-06;1564;4082;1028353;956907;73.1;68.1
94;2021-09-07;1461;3741;1029814;960648;73.2;68.3
94;2021-09-08;1479;3724;1031293;964372;73.3;68.6
94;2021-09-09;1261;3447;1032554;967819;73.4;68.8
94;2021-09-10;1565;4073;1034119;971892;73.5;69.1
94;2021-09-11;1692;4505;1035811;976397;73.7;69.4
94;2021-09-12;420;1186;1036231;977583;73.7;69.5
94;2021-09-13;1048;2817;1037279;980400;73.8;69.7
94;2021-09-14;1325;3362;1038604;983762;73.9;70.0
94;2021-09-15;1289;3113;1039893;986875;74.0;70.2
94;2021-09-16;1039;2186;1040932;989061;74.0;70.3
94;2021-09-17;1155;2689;1042087;991750;74.1;70.5
94;2021-09-18;1105;3689;1043192;995439;74.2;70.8
94;2021-09-19;295;1039;1043487;996478;74.2;70.9
94;2021-09-20;781;1967;1044268;998445;74.3;71.0
94;2021-09-21;998;1784;1045266;1000229;74.3;71.1
94;2021-09-22;951;2365;1046217;1002594;74.4;71.3
94;2021-09-23;770;1696;1046987;1004290;74.5;71.4
94;2021-09-24;994;1975;1047981;1006265;74.5;71.6
94;2021-09-25;956;3054;1048937;1009319;74.6;71.8
94;2021-09-26;270;699;1049207;1010018;74.6;71.8
94;2021-09-27;675;1467;1049882;1011485;74.7;71.9
94;2021-09-28;661;1425;1050543;1012910;74.7;72.0
94;2021-09-29;851;1589;1051394;1014499;74.8;72.2
94;2021-09-30;983;1251;1052377;1015750;74.8;72.2
94;2021-10-01;1067;1790;1053444;1017540;74.9;72.4
94;2021-10-02;972;2159;1054416;1019699;75.0;72.5
94;2021-10-03;249;608;1054665;1020307;75.0;72.6
94;2021-10-04;577;1087;1055242;1021394;75.1;72.6
94;2021-10-05;637;1089;1055879;1022483;75.1;72.7
95;2020-12-27;3;0;3;0;0.0;0.0
95;2020-12-28;6;0;9;0;0.0;0.0
95;2020-12-29;0;0;9;0;0.0;0.0
95;2020-12-30;0;0;9;0;0.0;0.0
95;2020-12-31;2;0;11;0;0.0;0.0
95;2021-01-01;0;0;11;0;0.0;0.0
95;2021-01-02;13;0;24;0;0.0;0.0
95;2021-01-03;1;0;25;0;0.0;0.0
95;2021-01-04;50;0;75;0;0.0;0.0
95;2021-01-05;319;0;394;0;0.0;0.0
95;2021-01-06;191;0;585;0;0.0;0.0
95;2021-01-07;130;1;715;1;0.1;0.0
95;2021-01-08;279;2;994;3;0.1;0.0
95;2021-01-09;251;0;1245;3;0.1;0.0
95;2021-01-10;384;1;1629;4;0.1;0.0
95;2021-01-11;491;1;2120;5;0.2;0.0
95;2021-01-12;864;1;2984;6;0.2;0.0
95;2021-01-13;782;11;3766;17;0.3;0.0
95;2021-01-14;886;12;4652;29;0.4;0.0
95;2021-01-15;758;5;5410;34;0.4;0.0
95;2021-01-16;298;2;5708;36;0.5;0.0
95;2021-01-17;225;0;5933;36;0.5;0.0
95;2021-01-18;1338;5;7271;41;0.6;0.0
95;2021-01-19;1576;5;8847;46;0.7;0.0
95;2021-01-20;2039;3;10886;49;0.9;0.0
95;2021-01-21;1855;5;12741;54;1.0;0.0
95;2021-01-22;1325;6;14066;60;1.1;0.0
95;2021-01-23;648;0;14714;60;1.2;0.0
95;2021-01-24;182;0;14896;60;1.2;0.0
95;2021-01-25;796;32;15692;92;1.3;0.0
95;2021-01-26;989;160;16681;252;1.3;0.0
95;2021-01-27;1251;154;17932;406;1.4;0.0
95;2021-01-28;1720;20;19652;426;1.6;0.0
95;2021-01-29;1251;177;20903;603;1.7;0.0
95;2021-01-30;478;4;21381;607;1.7;0.0
95;2021-01-31;212;1;21593;608;1.7;0.0
95;2021-02-01;566;245;22159;853;1.8;0.1
95;2021-02-02;528;262;22687;1115;1.8;0.1
95;2021-02-03;614;489;23301;1604;1.9;0.1
95;2021-02-04;1068;350;24369;1954;2.0;0.2
95;2021-02-05;733;276;25102;2230;2.0;0.2
95;2021-02-06;338;211;25440;2441;2.0;0.2
95;2021-02-07;142;346;25582;2787;2.0;0.2
95;2021-02-08;765;307;26347;3094;2.1;0.2
95;2021-02-09;1136;1000;27483;4094;2.2;0.3
95;2021-02-10;1262;1316;28745;5410;2.3;0.4
95;2021-02-11;1387;1079;30132;6489;2.4;0.5
95;2021-02-12;1031;903;31163;7392;2.5;0.6
95;2021-02-13;329;261;31492;7653;2.5;0.6
95;2021-02-14;43;148;31535;7801;2.5;0.6
95;2021-02-15;430;786;31965;8587;2.6;0.7
95;2021-02-16;493;626;32458;9213;2.6;0.7
95;2021-02-17;654;909;33112;10122;2.7;0.8
95;2021-02-18;724;1312;33836;11434;2.7;0.9
95;2021-02-19;783;1050;34619;12484;2.8;1.0
95;2021-02-20;306;374;34925;12858;2.8;1.0
95;2021-02-21;165;252;35090;13110;2.8;1.1
95;2021-02-22;327;780;35417;13890;2.8;1.1
95;2021-02-23;368;549;35785;14439;2.9;1.2
95;2021-02-24;310;696;36095;15135;2.9;1.2
95;2021-02-25;729;880;36824;16015;2.9;1.3
95;2021-02-26;991;683;37815;16698;3.0;1.3
95;2021-02-27;365;356;38180;17054;3.1;1.4
95;2021-02-28;61;192;38241;17246;3.1;1.4
95;2021-03-01;773;479;39014;17725;3.1;1.4
95;2021-03-02;1321;758;40335;18483;3.2;1.5
95;2021-03-03;1599;835;41934;19318;3.4;1.5
95;2021-03-04;3196;1053;45130;20371;3.6;1.6
95;2021-03-05;3647;1005;48777;21376;3.9;1.7
95;2021-03-06;4005;459;52782;21835;4.2;1.7
95;2021-03-07;4218;304;57000;22139;4.6;1.8
95;2021-03-08;1541;777;58541;22916;4.7;1.8
95;2021-03-09;2622;465;61163;23381;4.9;1.9
95;2021-03-10;2344;788;63507;24169;5.1;1.9
95;2021-03-11;3141;1092;66648;25261;5.3;2.0
95;2021-03-12;3519;774;70167;26035;5.6;2.1
95;2021-03-13;3516;413;73683;26448;5.9;2.1
95;2021-03-14;1981;293;75664;26741;6.1;2.1
95;2021-03-15;2371;304;78035;27045;6.3;2.2
95;2021-03-16;1575;407;79610;27452;6.4;2.2
95;2021-03-17;2103;410;81713;27862;6.5;2.2
95;2021-03-18;2799;372;84512;28234;6.8;2.3
95;2021-03-19;3475;362;87987;28596;7.0;2.3
95;2021-03-20;2592;205;90579;28801;7.3;2.3
95;2021-03-21;1205;246;91784;29047;7.4;2.3
95;2021-03-22;2936;365;94720;29412;7.6;2.4
95;2021-03-23;3439;459;98159;29871;7.9;2.4
95;2021-03-24;3946;520;102105;30391;8.2;2.4
95;2021-03-25;5859;654;107964;31045;8.6;2.5
95;2021-03-26;5429;688;113393;31733;9.1;2.5
95;2021-03-27;3748;227;117141;31960;9.4;2.6
95;2021-03-28;1535;122;118676;32082;9.5;2.6
95;2021-03-29;2894;573;121570;32655;9.7;2.6
95;2021-03-30;3887;1238;125457;33893;10.0;2.7
95;2021-03-31;3657;1674;129114;35567;10.3;2.8
95;2021-04-01;5483;2272;134597;37839;10.8;3.0
95;2021-04-02;3560;2749;138157;40588;11.1;3.3
95;2021-04-03;2095;2476;140252;43064;11.2;3.4
95;2021-04-04;1248;1198;141500;44262;11.3;3.5
95;2021-04-05;596;64;142096;44326;11.4;3.6
95;2021-04-06;1859;1538;143955;45864;11.5;3.7
95;2021-04-07;4953;2193;148908;48057;11.9;3.8
95;2021-04-08;4896;2468;153804;50525;12.3;4.0
95;2021-04-09;5434;2338;159238;52863;12.8;4.2
95;2021-04-10;3709;1435;162947;54298;13.1;4.3
95;2021-04-11;1567;1039;164514;55337;13.2;4.4
95;2021-04-12;3254;1610;167768;56947;13.4;4.6
95;2021-04-13;3141;1691;170909;58638;13.7;4.7
95;2021-04-14;2751;1990;173660;60628;13.9;4.9
95;2021-04-15;3901;3348;177561;63976;14.2;5.1
95;2021-04-16;4064;3036;181625;67012;14.5;5.4
95;2021-04-17;2375;1757;184000;68769;14.7;5.5
95;2021-04-18;1511;1022;185511;69791;14.9;5.6
95;2021-04-19;2570;2371;188081;72162;15.1;5.8
95;2021-04-20;2121;2456;190202;74618;15.2;6.0
95;2021-04-21;3931;2630;194133;77248;15.6;6.2
95;2021-04-22;3413;4632;197546;81880;15.8;6.6
95;2021-04-23;2765;3555;200311;85435;16.0;6.8
95;2021-04-24;3571;2587;203882;88022;16.3;7.1
95;2021-04-25;1959;1550;205841;89572;16.5;7.2
95;2021-04-26;2753;2701;208594;92273;16.7;7.4
95;2021-04-27;3852;2180;212446;94453;17.0;7.6
95;2021-04-28;3890;2661;216336;97114;17.3;7.8
95;2021-04-29;6142;4543;222478;101657;17.8;8.1
95;2021-04-30;6904;2934;229382;104591;18.4;8.4
95;2021-05-01;2370;918;231752;105509;18.6;8.5
95;2021-05-02;2448;1502;234200;107011;18.8;8.6
95;2021-05-03;5128;1929;239328;108940;19.2;8.7
95;2021-05-04;6352;2724;245680;111664;19.7;8.9
95;2021-05-05;5146;3801;250826;115465;20.1;9.2
95;2021-05-06;8206;4925;259032;120390;20.7;9.6
95;2021-05-07;5778;4748;264810;125138;21.2;10.0
95;2021-05-08;5742;1535;270552;126673;21.7;10.1
95;2021-05-09;2830;1592;273382;128265;21.9;10.3
95;2021-05-10;9971;3191;283353;131456;22.7;10.5
95;2021-05-11;8450;3454;291803;134910;23.4;10.8
95;2021-05-12;9465;3223;301268;138133;24.1;11.1
95;2021-05-13;7953;1202;309221;139335;24.8;11.2
95;2021-05-14;7014;1910;316235;141245;25.3;11.3
95;2021-05-15;4511;1063;320746;142308;25.7;11.4
95;2021-05-16;4825;848;325571;143156;26.1;11.5
95;2021-05-17;7738;1354;333309;144510;26.7;11.6
95;2021-05-18;9468;1857;342777;146367;27.5;11.7
95;2021-05-19;9244;2496;352021;148863;28.2;11.9
95;2021-05-20;12585;2446;364606;151309;29.2;12.1
95;2021-05-21;10172;2537;374778;153846;30.0;12.3
95;2021-05-22;9395;1571;384173;155417;30.8;12.4
95;2021-05-23;4143;960;388316;156377;31.1;12.5
95;2021-05-24;2396;535;390712;156912;31.3;12.6
95;2021-05-25;7212;2082;397924;158994;31.9;12.7
95;2021-05-26;8850;3119;406774;162113;32.6;13.0
95;2021-05-27;10361;4430;417135;166543;33.4;13.3
95;2021-05-28;7683;4413;424818;170956;34.0;13.7
95;2021-05-29;5263;2759;430081;173715;34.5;13.9
95;2021-05-30;3733;1711;433814;175426;34.8;14.1
95;2021-05-31;6424;3327;440238;178753;35.3;14.3
95;2021-06-01;8782;3811;449020;182564;36.0;14.6
95;2021-06-02;8730;4750;457750;187314;36.7;15.0
95;2021-06-03;8524;6562;466274;193876;37.4;15.5
95;2021-06-04;8882;4404;475156;198280;38.1;15.9
95;2021-06-05;8335;3747;483491;202027;38.7;16.2
95;2021-06-06;4835;1623;488326;203650;39.1;16.3
95;2021-06-07;6058;4544;494384;208194;39.6;16.7
95;2021-06-08;6550;5514;500934;213708;40.1;17.1
95;2021-06-09;6253;6477;507187;220185;40.6;17.6
95;2021-06-10;6428;6813;513615;226998;41.1;18.2
95;2021-06-11;7222;6442;520837;233440;41.7;18.7
95;2021-06-12;6001;4373;526838;237813;42.2;19.1
95;2021-06-13;2082;3290;528920;241103;42.4;19.3
95;2021-06-14;5371;5989;534291;247092;42.8;19.8
95;2021-06-15;5739;8070;540030;255162;43.3;20.4
95;2021-06-16;5491;7536;545521;262698;43.7;21.0
95;2021-06-17;6599;8162;552120;270860;44.2;21.7
95;2021-06-18;5822;7861;557942;278721;44.7;22.3
95;2021-06-19;4967;8927;562909;287648;45.1;23.0
95;2021-06-20;1425;3316;564334;290964;45.2;23.3
95;2021-06-21;3534;7712;567868;298676;45.5;23.9
95;2021-06-22;5066;9055;572934;307731;45.9;24.7
95;2021-06-23;4774;10875;577708;318606;46.3;25.5
95;2021-06-24;4941;10723;582649;329329;46.7;26.4
95;2021-06-25;4878;10357;587527;339686;47.1;27.2
95;2021-06-26;4320;8477;591847;348163;47.4;27.9
95;2021-06-27;1032;3994;592879;352157;47.5;28.2
95;2021-06-28;2740;9486;595619;361643;47.7;29.0
95;2021-06-29;2537;8786;598156;370429;47.9;29.7
95;2021-06-30;3952;9996;602108;380425;48.2;30.5
95;2021-07-01;4864;11166;606972;391591;48.6;31.4
95;2021-07-02;4260;10545;611232;402136;49.0;32.2
95;2021-07-03;3525;9155;614757;411291;49.2;32.9
95;2021-07-04;1279;3400;616036;414691;49.3;33.2
95;2021-07-05;2358;4374;618394;419065;49.5;33.6
95;2021-07-06;2773;7752;621167;426817;49.8;34.2
95;2021-07-07;3961;9620;625128;436437;50.1;35.0
95;2021-07-08;5312;9820;630440;446257;50.5;35.7
95;2021-07-09;4552;10076;634992;456333;50.9;36.6
95;2021-07-10;3400;7391;638392;463724;51.1;37.1
95;2021-07-11;1526;3603;639918;467327;51.3;37.4
95;2021-07-12;2991;9692;642909;477019;51.5;38.2
95;2021-07-13;5054;10070;647963;487089;51.9;39.0
95;2021-07-14;4427;5741;652390;492830;52.3;39.5
95;2021-07-15;7401;12366;659791;505196;52.9;40.5
95;2021-07-16;7985;12004;667776;517200;53.5;41.4
95;2021-07-17;5054;7823;672830;525023;53.9;42.1
95;2021-07-18;3481;2912;676311;527935;54.2;42.3
95;2021-07-19;4832;6866;681143;534801;54.6;42.8
95;2021-07-20;6959;8384;688102;543185;55.1;43.5
95;2021-07-21;9258;9453;697360;552638;55.9;44.3
95;2021-07-22;10147;9727;707507;562365;56.7;45.0
95;2021-07-23;10917;10204;718424;572569;57.5;45.9
95;2021-07-24;5259;6235;723683;578804;58.0;46.4
95;2021-07-25;2251;2284;725934;581088;58.2;46.5
95;2021-07-26;4522;4022;730456;585110;58.5;46.9
95;2021-07-27;8500;7045;738956;592155;59.2;47.4
95;2021-07-28;9718;7560;748674;599715;60.0;48.0
95;2021-07-29;8429;5471;757103;605186;60.6;48.5
95;2021-07-30;8517;7774;765620;612960;61.3;49.1
95;2021-07-31;4238;4104;769858;617064;61.7;49.4
95;2021-08-01;2336;1375;772194;618439;61.9;49.5
95;2021-08-02;4158;3917;776352;622356;62.2;49.9
95;2021-08-03;6154;5540;782506;627896;62.7;50.3
95;2021-08-04;6508;6088;789014;633984;63.2;50.8
95;2021-08-05;6868;5731;795882;639715;63.8;51.2
95;2021-08-06;6514;7065;802396;646780;64.3;51.8
95;2021-08-07;2842;3038;805238;649818;64.5;52.1
95;2021-08-08;1370;1888;806608;651706;64.6;52.2
95;2021-08-09;3926;5038;810534;656744;64.9;52.6
95;2021-08-10;5277;5843;815811;662587;65.4;53.1
95;2021-08-11;5368;6562;821179;669149;65.8;53.6
95;2021-08-12;5226;6364;826405;675513;66.2;54.1
95;2021-08-13;3908;5474;830313;680987;66.5;54.6
95;2021-08-14;3568;3323;833881;684310;66.8;54.8
95;2021-08-15;283;361;834164;684671;66.8;54.8
95;2021-08-16;2857;6054;837021;690725;67.0;55.3
95;2021-08-17;3622;7264;840643;697989;67.3;55.9
95;2021-08-18;4276;8074;844919;706063;67.7;56.6
95;2021-08-19;3794;6592;848713;712655;68.0;57.1
95;2021-08-20;3792;7930;852505;720585;68.3;57.7
95;2021-08-21;2716;4303;855221;724888;68.5;58.1
95;2021-08-22;858;2400;856079;727288;68.6;58.3
95;2021-08-23;2468;5651;858547;732939;68.8;58.7
95;2021-08-24;2964;6466;861511;739405;69.0;59.2
95;2021-08-25;3770;8293;865281;747698;69.3;59.9
95;2021-08-26;3164;7534;868445;755232;69.6;60.5
95;2021-08-27;3516;8722;871961;763954;69.8;61.2
95;2021-08-28;2801;5496;874762;769450;70.1;61.6
95;2021-08-29;638;1712;875400;771162;70.1;61.8
95;2021-08-30;2762;6189;878162;777351;70.3;62.3
95;2021-08-31;2817;6505;880979;783856;70.6;62.8
95;2021-09-01;2705;6486;883684;790342;70.8;63.3
95;2021-09-02;1683;4635;885367;794977;70.9;63.7
95;2021-09-03;2213;5836;887580;800813;71.1;64.1
95;2021-09-04;2525;5857;890105;806670;71.3;64.6
95;2021-09-05;418;641;890523;807311;71.3;64.7
95;2021-09-06;1229;3544;891752;810855;71.4;65.0
95;2021-09-07;1394;3460;893146;814315;71.5;65.2
95;2021-09-08;1653;4248;894799;818563;71.7;65.6
95;2021-09-09;1283;3695;896082;822258;71.8;65.9
95;2021-09-10;1563;4002;897645;826260;71.9;66.2
95;2021-09-11;1538;3826;899183;830086;72.0;66.5
95;2021-09-12;316;795;899499;830881;72.1;66.6
95;2021-09-13;872;2574;900371;833455;72.1;66.8
95;2021-09-14;1143;2757;901514;836212;72.2;67.0
95;2021-09-15;1279;3571;902793;839783;72.3;67.3
95;2021-09-16;889;1887;903682;841670;72.4;67.4
95;2021-09-17;1157;2878;904839;844548;72.5;67.7
95;2021-09-18;1265;4201;906104;848749;72.6;68.0
95;2021-09-19;232;583;906336;849332;72.6;68.0
95;2021-09-20;594;1414;906930;850746;72.7;68.1
95;2021-09-21;824;1804;907754;852550;72.7;68.3
95;2021-09-22;934;3079;908688;855629;72.8;68.5
95;2021-09-23;743;1191;909431;856820;72.9;68.6
95;2021-09-24;758;2046;910189;858866;72.9;68.8
95;2021-09-25;1013;3800;911202;862666;73.0;69.1
95;2021-09-26;134;410;911336;863076;73.0;69.1
95;2021-09-27;681;1191;912017;864267;73.1;69.2
95;2021-09-28;764;1404;912781;865671;73.1;69.3
95;2021-09-29;799;1900;913580;867571;73.2;69.5
95;2021-09-30;801;1132;914381;868703;73.2;69.6
95;2021-10-01;751;1400;915132;870103;73.3;69.7
95;2021-10-02;1219;2483;916351;872586;73.4;69.9
95;2021-10-03;124;257;916475;872843;73.4;69.9
95;2021-10-04;401;704;916876;873547;73.4;70.0
95;2021-10-05;589;1213;917465;874760;73.5;70.1
971;2020-12-27;0;0;0;0;0.0;0.0
971;2020-12-28;0;0;0;0;0.0;0.0
971;2020-12-29;0;0;0;0;0.0;0.0
971;2020-12-30;0;0;0;0;0.0;0.0
971;2020-12-31;0;0;0;0;0.0;0.0
971;2021-01-01;1;0;1;0;0.0;0.0
971;2021-01-02;0;0;1;0;0.0;0.0
971;2021-01-03;0;0;1;0;0.0;0.0
971;2021-01-04;1;0;2;0;0.0;0.0
971;2021-01-05;0;0;2;0;0.0;0.0
971;2021-01-06;1;0;3;0;0.0;0.0
971;2021-01-07;0;0;3;0;0.0;0.0
971;2021-01-08;58;1;61;1;0.0;0.0
971;2021-01-09;20;0;81;1;0.0;0.0
971;2021-01-10;0;0;81;1;0.0;0.0
971;2021-01-11;61;0;142;1;0.0;0.0
971;2021-01-12;46;0;188;1;0.0;0.0
971;2021-01-13;47;1;235;2;0.1;0.0
971;2021-01-14;63;0;298;2;0.1;0.0
971;2021-01-15;77;0;375;2;0.1;0.0
971;2021-01-16;0;0;375;2;0.1;0.0
971;2021-01-17;0;0;375;2;0.1;0.0
971;2021-01-18;82;1;457;3;0.1;0.0
971;2021-01-19;147;0;604;3;0.2;0.0
971;2021-01-20;134;0;738;3;0.2;0.0
971;2021-01-21;155;1;893;4;0.2;0.0
971;2021-01-22;135;0;1028;4;0.3;0.0
971;2021-01-23;1;0;1029;4;0.3;0.0
971;2021-01-24;0;0;1029;4;0.3;0.0
971;2021-01-25;203;1;1232;5;0.3;0.0
971;2021-01-26;218;1;1450;6;0.4;0.0
971;2021-01-27;237;0;1687;6;0.4;0.0
971;2021-01-28;242;2;1929;8;0.5;0.0
971;2021-01-29;201;2;2130;10;0.6;0.0
971;2021-01-30;25;0;2155;10;0.6;0.0
971;2021-01-31;1;0;2156;10;0.6;0.0
971;2021-02-01;229;3;2385;13;0.6;0.0
971;2021-02-02;247;13;2632;26;0.7;0.0
971;2021-02-03;228;3;2860;29;0.8;0.0
971;2021-02-04;306;21;3166;50;0.8;0.0
971;2021-02-05;289;25;3455;75;0.9;0.0
971;2021-02-06;49;1;3504;76;0.9;0.0
971;2021-02-07;0;0;3504;76;0.9;0.0
971;2021-02-08;260;18;3764;94;1.0;0.0
971;2021-02-09;323;25;4087;119;1.1;0.0
971;2021-02-10;254;21;4341;140;1.2;0.0
971;2021-02-11;302;99;4643;239;1.2;0.1
971;2021-02-12;291;26;4934;265;1.3;0.1
971;2021-02-13;51;4;4985;269;1.3;0.1
971;2021-02-14;19;36;5004;305;1.3;0.1
971;2021-02-15;85;45;5089;350;1.4;0.1
971;2021-02-16;16;1;5105;351;1.4;0.1
971;2021-02-17;17;1;5122;352;1.4;0.1
971;2021-02-18;254;11;5376;363;1.4;0.1
971;2021-02-19;250;15;5626;378;1.5;0.1
971;2021-02-20;49;0;5675;378;1.5;0.1
971;2021-02-21;2;0;5677;378;1.5;0.1
971;2021-02-22;195;47;5872;425;1.6;0.1
971;2021-02-23;206;59;6078;484;1.6;0.1
971;2021-02-24;345;113;6423;597;1.7;0.2
971;2021-02-25;385;65;6808;662;1.8;0.2
971;2021-02-26;234;72;7042;734;1.9;0.2
971;2021-02-27;65;0;7107;734;1.9;0.2
971;2021-02-28;1;0;7108;734;1.9;0.2
971;2021-03-01;179;76;7287;810;1.9;0.2
971;2021-03-02;278;115;7565;925;2.0;0.2
971;2021-03-03;245;99;7810;1024;2.1;0.3
971;2021-03-04;336;74;8146;1098;2.2;0.3
971;2021-03-05;376;133;8522;1231;2.3;0.3
971;2021-03-06;598;9;9120;1240;2.4;0.3
971;2021-03-07;1;0;9121;1240;2.4;0.3
971;2021-03-08;330;132;9451;1372;2.5;0.4
971;2021-03-09;391;135;9842;1507;2.6;0.4
971;2021-03-10;436;155;10278;1662;2.7;0.4
971;2021-03-11;122;43;10400;1705;2.8;0.5
971;2021-03-12;502;218;10902;1923;2.9;0.5
971;2021-03-13;139;4;11041;1927;2.9;0.5
971;2021-03-14;14;21;11055;1948;2.9;0.5
971;2021-03-15;424;45;11479;1993;3.0;0.5
971;2021-03-16;490;81;11969;2074;3.2;0.6
971;2021-03-17;471;70;12440;2144;3.3;0.6
971;2021-03-18;590;82;13030;2226;3.5;0.6
971;2021-03-19;584;91;13614;2317;3.6;0.6
971;2021-03-20;177;15;13791;2332;3.7;0.6
971;2021-03-21;8;0;13799;2332;3.7;0.6
971;2021-03-22;361;87;14160;2419;3.8;0.6
971;2021-03-23;540;155;14700;2574;3.9;0.7
971;2021-03-24;474;97;15174;2671;4.0;0.7
971;2021-03-25;758;180;15932;2851;4.2;0.8
971;2021-03-26;644;120;16576;2971;4.4;0.8
971;2021-03-27;296;33;16872;3004;4.5;0.8
971;2021-03-28;24;2;16896;3006;4.5;0.8
971;2021-03-29;383;85;17279;3091;4.6;0.8
971;2021-03-30;626;164;17905;3255;4.8;0.9
971;2021-03-31;545;132;18450;3387;4.9;0.9
971;2021-04-01;663;197;19113;3584;5.1;1.0
971;2021-04-02;41;35;19154;3619;5.1;1.0
971;2021-04-03;63;2;19217;3621;5.1;1.0
971;2021-04-04;4;17;19221;3638;5.1;1.0
971;2021-04-05;13;0;19234;3638;5.1;1.0
971;2021-04-06;488;196;19722;3834;5.2;1.0
971;2021-04-07;581;118;20303;3952;5.4;1.0
971;2021-04-08;526;156;20829;4108;5.5;1.1
971;2021-04-09;486;210;21315;4318;5.7;1.1
971;2021-04-10;101;5;21416;4323;5.7;1.1
971;2021-04-11;8;9;21424;4332;5.7;1.1
971;2021-04-12;305;260;21729;4592;5.8;1.2
971;2021-04-13;556;325;22285;4917;5.9;1.3
971;2021-04-14;448;228;22733;5145;6.0;1.4
971;2021-04-15;553;311;23286;5456;6.2;1.4
971;2021-04-16;563;274;23849;5730;6.3;1.5
971;2021-04-17;216;4;24065;5734;6.4;1.5
971;2021-04-18;6;13;24071;5747;6.4;1.5
971;2021-04-19;405;243;24476;5990;6.5;1.6
971;2021-04-20;726;344;25202;6334;6.7;1.7
971;2021-04-21;627;320;25829;6654;6.9;1.8
971;2021-04-22;819;323;26648;6977;7.1;1.9
971;2021-04-23;845;249;27493;7226;7.3;1.9
971;2021-04-24;390;68;27883;7294;7.4;1.9
971;2021-04-25;601;63;28484;7357;7.6;2.0
971;2021-04-26;982;220;29466;7577;7.8;2.0
971;2021-04-27;717;235;30183;7812;8.0;2.1
971;2021-04-28;864;269;31047;8081;8.2;2.1
971;2021-04-29;1201;204;32248;8285;8.6;2.2
971;2021-04-30;1269;188;33517;8473;8.9;2.2
971;2021-05-01;607;39;34124;8512;9.1;2.3
971;2021-05-02;357;19;34481;8531;9.1;2.3
971;2021-05-03;926;191;35407;8722;9.4;2.3
971;2021-05-04;960;209;36367;8931;9.6;2.4
971;2021-05-05;1022;251;37389;9182;9.9;2.4
971;2021-05-06;1146;174;38535;9356;10.2;2.5
971;2021-05-07;1266;271;39801;9627;10.6;2.6
971;2021-05-08;324;38;40125;9665;10.6;2.6
971;2021-05-09;183;11;40308;9676;10.7;2.6
971;2021-05-10;848;218;41156;9894;10.9;2.6
971;2021-05-11;964;314;42120;10208;11.2;2.7
971;2021-05-12;908;325;43028;10533;11.4;2.8
971;2021-05-13;212;78;43240;10611;11.5;2.8
971;2021-05-14;861;271;44101;10882;11.7;2.9
971;2021-05-15;486;15;44587;10897;11.8;2.9
971;2021-05-16;182;35;44769;10932;11.9;2.9
971;2021-05-17;721;276;45490;11208;12.1;3.0
971;2021-05-18;743;389;46233;11597;12.3;3.1
971;2021-05-19;705;529;46938;12126;12.5;3.2
971;2021-05-20;811;376;47749;12502;12.7;3.3
971;2021-05-21;827;405;48576;12907;12.9;3.4
971;2021-05-22;508;214;49084;13121;13.0;3.5
971;2021-05-23;200;114;49284;13235;13.1;3.5
971;2021-05-24;201;173;49485;13408;13.1;3.6
971;2021-05-25;552;661;50037;14069;13.3;3.7
971;2021-05-26;595;491;50632;14560;13.4;3.9
971;2021-05-27;133;179;50765;14739;13.5;3.9
971;2021-05-28;520;525;51285;15264;13.6;4.1
971;2021-05-29;238;140;51523;15404;13.7;4.1
971;2021-05-30;75;112;51598;15516;13.7;4.1
971;2021-05-31;453;535;52051;16051;13.8;4.3
971;2021-06-01;592;706;52643;16757;14.0;4.4
971;2021-06-02;576;705;53219;17462;14.1;4.6
971;2021-06-03;509;558;53728;18020;14.3;4.8
971;2021-06-04;834;799;54562;18819;14.5;5.0
971;2021-06-05;317;644;54879;19463;14.6;5.2
971;2021-06-06;139;528;55018;19991;14.6;5.3
971;2021-06-07;421;781;55439;20772;14.7;5.5
971;2021-06-08;488;885;55927;21657;14.8;5.7
971;2021-06-09;503;857;56430;22514;15.0;6.0
971;2021-06-10;537;848;56967;23362;15.1;6.2
971;2021-06-11;473;1233;57440;24595;15.2;6.5
971;2021-06-12;303;659;57743;25254;15.3;6.7
971;2021-06-13;126;312;57869;25566;15.4;6.8
971;2021-06-14;371;3678;58240;29244;15.5;7.8
971;2021-06-15;483;1981;58723;31225;15.6;8.3
971;2021-06-16;478;1431;59201;32656;15.7;8.7
971;2021-06-17;432;1008;59633;33664;15.8;8.9
971;2021-06-18;483;1020;60116;34684;16.0;9.2
971;2021-06-19;313;509;60429;35193;16.0;9.3
971;2021-06-20;111;231;60540;35424;16.1;9.4
971;2021-06-21;348;674;60888;36098;16.2;9.6
971;2021-06-22;333;870;61221;36968;16.2;9.8
971;2021-06-23;371;892;61592;37860;16.3;10.0
971;2021-06-24;417;731;62009;38591;16.5;10.2
971;2021-06-25;456;759;62465;39350;16.6;10.4
971;2021-06-26;301;512;62766;39862;16.7;10.6
971;2021-06-27;116;148;62882;40010;16.7;10.6
971;2021-06-28;304;682;63186;40692;16.8;10.8
971;2021-06-29;388;780;63574;41472;16.9;11.0
971;2021-06-30;441;924;64015;42396;17.0;11.2
971;2021-07-01;364;649;64379;43045;17.1;11.4
971;2021-07-02;433;693;64812;43738;17.2;11.6
971;2021-07-03;274;464;65086;44202;17.3;11.7
971;2021-07-04;112;238;65198;44440;17.3;11.8
971;2021-07-05;331;505;65529;44945;17.4;11.9
971;2021-07-06;388;769;65917;45714;17.5;12.1
971;2021-07-07;378;844;66295;46558;17.6;12.4
971;2021-07-08;416;791;66711;47349;17.7;12.6
971;2021-07-09;436;796;67147;48145;17.8;12.8
971;2021-07-10;245;295;67392;48440;17.9;12.9
971;2021-07-11;170;138;67562;48578;17.9;12.9
971;2021-07-12;477;603;68039;49181;18.1;13.0
971;2021-07-13;882;1001;68921;50182;18.3;13.3
971;2021-07-14;476;283;69397;50465;18.4;13.4
971;2021-07-15;885;842;70282;51307;18.6;13.6
971;2021-07-16;1095;1041;71377;52348;18.9;13.9
971;2021-07-17;647;445;72024;52793;19.1;14.0
971;2021-07-18;401;221;72425;53014;19.2;14.1
971;2021-07-19;579;579;73004;53593;19.4;14.2
971;2021-07-20;841;737;73845;54330;19.6;14.4
971;2021-07-21;767;501;74612;54831;19.8;14.5
971;2021-07-22;988;875;75600;55706;20.1;14.8
971;2021-07-23;1033;758;76633;56464;20.3;15.0
971;2021-07-24;426;387;77059;56851;20.4;15.1
971;2021-07-25;247;262;77306;57113;20.5;15.2
971;2021-07-26;636;565;77942;57678;20.7;15.3
971;2021-07-27;883;589;78825;58267;20.9;15.5
971;2021-07-28;795;655;79620;58922;21.1;15.6
971;2021-07-29;971;673;80591;59595;21.4;15.8
971;2021-07-30;1321;755;81912;60350;21.7;16.0
971;2021-07-31;557;412;82469;60762;21.9;16.1
971;2021-08-01;315;251;82784;61013;22.0;16.2
971;2021-08-02;765;420;83549;61433;22.2;16.3
971;2021-08-03;763;675;84312;62108;22.4;16.5
971;2021-08-04;690;674;85002;62782;22.6;16.7
971;2021-08-05;698;594;85700;63376;22.7;16.8
971;2021-08-06;933;643;86633;64019;23.0;17.0
971;2021-08-07;453;392;87086;64411;23.1;17.1
971;2021-08-08;279;313;87365;64724;23.2;17.2
971;2021-08-09;592;584;87957;65308;23.3;17.3
971;2021-08-10;762;796;88719;66104;23.5;17.5
971;2021-08-11;925;792;89644;66896;23.8;17.7
971;2021-08-12;1022;803;90666;67699;24.1;18.0
971;2021-08-13;979;443;91645;68142;24.3;18.1
971;2021-08-14;634;702;92279;68844;24.5;18.3
971;2021-08-15;436;413;92715;69257;24.6;18.4
971;2021-08-16;823;742;93538;69999;24.8;18.6
971;2021-08-17;907;871;94445;70870;25.1;18.8
971;2021-08-18;1275;976;95720;71846;25.4;19.1
971;2021-08-19;1342;928;97062;72774;25.8;19.3
971;2021-08-20;1532;1048;98594;73822;26.2;19.6
971;2021-08-21;731;518;99325;74340;26.4;19.7
971;2021-08-22;364;272;99689;74612;26.5;19.8
971;2021-08-23;876;630;100565;75242;26.7;20.0
971;2021-08-24;1292;795;101857;76037;27.0;20.2
971;2021-08-25;1392;801;103249;76838;27.4;20.4
971;2021-08-26;1406;775;104655;77613;27.8;20.6
971;2021-08-27;1501;1100;106156;78713;28.2;20.9
971;2021-08-28;937;580;107093;79293;28.4;21.0
971;2021-08-29;222;241;107315;79534;28.5;21.1
971;2021-08-30;932;749;108247;80283;28.7;21.3
971;2021-08-31;1255;900;109502;81183;29.1;21.5
971;2021-09-01;1126;914;110628;82097;29.4;21.8
971;2021-09-02;1069;886;111697;82983;29.6;22.0
971;2021-09-03;983;1136;112680;84119;29.9;22.3
971;2021-09-04;534;630;113214;84749;30.0;22.5
971;2021-09-05;128;240;113342;84989;30.1;22.6
971;2021-09-06;607;707;113949;85696;30.2;22.7
971;2021-09-07;624;744;114573;86440;30.4;22.9
971;2021-09-08;702;1055;115275;87495;30.6;23.2
971;2021-09-09;641;1139;115916;88634;30.8;23.5
971;2021-09-10;739;1342;116655;89976;31.0;23.9
971;2021-09-11;399;697;117054;90673;31.1;24.1
971;2021-09-12;84;360;117138;91033;31.1;24.2
971;2021-09-13;376;656;117514;91689;31.2;24.3
971;2021-09-14;545;1146;118059;92835;31.3;24.6
971;2021-09-15;549;1167;118608;94002;31.5;24.9
971;2021-09-16;439;1084;119047;95086;31.6;25.2
971;2021-09-17;542;1478;119589;96564;31.7;25.6
971;2021-09-18;279;1019;119868;97583;31.8;25.9
971;2021-09-19;92;336;119960;97919;31.8;26.0
971;2021-09-20;233;966;120193;98885;31.9;26.2
971;2021-09-21;274;1190;120467;100075;32.0;26.6
971;2021-09-22;380;1195;120847;101270;32.1;26.9
971;2021-09-23;368;1223;121215;102493;32.2;27.2
971;2021-09-24;449;1280;121664;103773;32.3;27.5
971;2021-09-25;232;778;121896;104551;32.3;27.7
971;2021-09-26;72;228;121968;104779;32.4;27.8
971;2021-09-27;248;665;122216;105444;32.4;28.0
971;2021-09-28;261;832;122477;106276;32.5;28.2
971;2021-09-29;308;889;122785;107165;32.6;28.4
971;2021-09-30;342;753;123127;107918;32.7;28.6
971;2021-10-01;383;863;123510;108781;32.8;28.9
971;2021-10-02;260;539;123770;109320;32.8;29.0
971;2021-10-03;69;167;123839;109487;32.9;29.1
971;2021-10-04;206;439;124045;109926;32.9;29.2
971;2021-10-05;309;605;124354;110531;33.0;29.3
972;2020-12-27;0;0;0;0;0.0;0.0
972;2020-12-28;0;0;0;0;0.0;0.0
972;2020-12-29;0;0;0;0;0.0;0.0
972;2020-12-30;0;0;0;0;0.0;0.0
972;2020-12-31;0;0;0;0;0.0;0.0
972;2021-01-01;0;0;0;0;0.0;0.0
972;2021-01-02;0;0;0;0;0.0;0.0
972;2021-01-03;0;0;0;0;0.0;0.0
972;2021-01-04;0;0;0;0;0.0;0.0
972;2021-01-05;0;0;0;0;0.0;0.0
972;2021-01-06;5;0;5;0;0.0;0.0
972;2021-01-07;31;0;36;0;0.0;0.0
972;2021-01-08;90;0;126;0;0.0;0.0
972;2021-01-09;20;0;146;0;0.0;0.0
972;2021-01-10;0;0;146;0;0.0;0.0
972;2021-01-11;122;0;268;0;0.1;0.0
972;2021-01-12;79;0;347;0;0.1;0.0
972;2021-01-13;65;0;412;0;0.1;0.0
972;2021-01-14;88;1;500;1;0.1;0.0
972;2021-01-15;171;0;671;1;0.2;0.0
972;2021-01-16;51;0;722;1;0.2;0.0
972;2021-01-17;0;0;722;1;0.2;0.0
972;2021-01-18;158;0;880;1;0.2;0.0
972;2021-01-19;168;1;1048;2;0.3;0.0
972;2021-01-20;170;0;1218;2;0.3;0.0
972;2021-01-21;181;2;1399;4;0.4;0.0
972;2021-01-22;173;0;1572;4;0.4;0.0
972;2021-01-23;58;0;1630;4;0.5;0.0
972;2021-01-24;0;0;1630;4;0.5;0.0
972;2021-01-25;161;1;1791;5;0.5;0.0
972;2021-01-26;138;1;1929;6;0.5;0.0
972;2021-01-27;163;4;2092;10;0.6;0.0
972;2021-01-28;152;10;2244;20;0.6;0.0
972;2021-01-29;143;39;2387;59;0.7;0.0
972;2021-01-30;96;16;2483;75;0.7;0.0
972;2021-01-31;0;0;2483;75;0.7;0.0
972;2021-02-01;119;56;2602;131;0.7;0.0
972;2021-02-02;184;74;2786;205;0.8;0.1
972;2021-02-03;132;63;2918;268;0.8;0.1
972;2021-02-04;160;58;3078;326;0.9;0.1
972;2021-02-05;123;74;3201;400;0.9;0.1
972;2021-02-06;63;18;3264;418;0.9;0.1
972;2021-02-07;1;0;3265;418;0.9;0.1
972;2021-02-08;137;54;3402;472;0.9;0.1
972;2021-02-09;177;58;3579;530;1.0;0.1
972;2021-02-10;153;66;3732;596;1.0;0.2
972;2021-02-11;149;74;3881;670;1.1;0.2
972;2021-02-12;152;99;4033;769;1.1;0.2
972;2021-02-13;47;26;4080;795;1.1;0.2
972;2021-02-14;0;0;4080;795;1.1;0.2
972;2021-02-15;51;63;4131;858;1.2;0.2
972;2021-02-16;0;0;4131;858;1.2;0.2
972;2021-02-17;1;3;4132;861;1.2;0.2
972;2021-02-18;69;101;4201;962;1.2;0.3
972;2021-02-19;69;106;4270;1068;1.2;0.3
972;2021-02-20;48;50;4318;1118;1.2;0.3
972;2021-02-21;0;0;4318;1118;1.2;0.3
972;2021-02-22;102;52;4420;1170;1.2;0.3
972;2021-02-23;113;203;4533;1373;1.3;0.4
972;2021-02-24;106;192;4639;1565;1.3;0.4
972;2021-02-25;93;123;4732;1688;1.3;0.5
972;2021-02-26;132;144;4864;1832;1.4;0.5
972;2021-02-27;69;46;4933;1878;1.4;0.5
972;2021-02-28;0;0;4933;1878;1.4;0.5
972;2021-03-01;138;124;5071;2002;1.4;0.6
972;2021-03-02;158;63;5229;2065;1.5;0.6
972;2021-03-03;179;129;5408;2194;1.5;0.6
972;2021-03-04;152;122;5560;2316;1.5;0.6
972;2021-03-05;236;105;5796;2421;1.6;0.7
972;2021-03-06;119;52;5915;2473;1.6;0.7
972;2021-03-07;100;3;6015;2476;1.7;0.7
972;2021-03-08;196;124;6211;2600;1.7;0.7
972;2021-03-09;283;94;6494;2694;1.8;0.8
972;2021-03-10;322;122;6816;2816;1.9;0.8
972;2021-03-11;337;70;7153;2886;2.0;0.8
972;2021-03-12;413;52;7566;2938;2.1;0.8
972;2021-03-13;155;16;7721;2954;2.2;0.8
972;2021-03-14;4;1;7725;2955;2.2;0.8
972;2021-03-15;277;88;8002;3043;2.2;0.8
972;2021-03-16;305;54;8307;3097;2.3;0.9
972;2021-03-17;388;44;8695;3141;2.4;0.9
972;2021-03-18;437;44;9132;3185;2.5;0.9
972;2021-03-19;401;58;9533;3243;2.7;0.9
972;2021-03-20;149;47;9682;3290;2.7;0.9
972;2021-03-21;25;1;9707;3291;2.7;0.9
972;2021-03-22;361;114;10068;3405;2.8;0.9
972;2021-03-23;404;121;10472;3526;2.9;1.0
972;2021-03-24;429;104;10901;3630;3.0;1.0
972;2021-03-25;491;97;11392;3727;3.2;1.0
972;2021-03-26;634;105;12026;3832;3.4;1.1
972;2021-03-27;154;69;12180;3901;3.4;1.1
972;2021-03-28;81;0;12261;3901;3.4;1.1
972;2021-03-29;423;164;12684;4065;3.5;1.1
972;2021-03-30;469;239;13153;4304;3.7;1.2
972;2021-03-31;1151;189;14304;4493;4.0;1.3
972;2021-04-01;955;169;15259;4662;4.3;1.3
972;2021-04-02;896;15;16155;4677;4.5;1.3
972;2021-04-03;789;57;16944;4734;4.7;1.3
972;2021-04-04;751;13;17695;4747;4.9;1.3
972;2021-04-05;828;44;18523;4791;5.2;1.3
972;2021-04-06;885;136;19408;4927;5.4;1.4
972;2021-04-07;1437;326;20845;5253;5.8;1.5
972;2021-04-08;1307;272;22152;5525;6.2;1.5
972;2021-04-09;1239;316;23391;5841;6.5;1.6
972;2021-04-10;838;164;24229;6005;6.8;1.7
972;2021-04-11;620;14;24849;6019;6.9;1.7
972;2021-04-12;868;317;25717;6336;7.2;1.8
972;2021-04-13;880;327;26597;6663;7.4;1.9
972;2021-04-14;959;321;27556;6984;7.7;1.9
972;2021-04-15;959;299;28515;7283;7.9;2.0
972;2021-04-16;997;296;29512;7579;8.2;2.1
972;2021-04-17;530;161;30042;7740;8.4;2.2
972;2021-04-18;339;56;30381;7796;8.5;2.2
972;2021-04-19;668;342;31049;8138;8.7;2.3
972;2021-04-20;865;307;31914;8445;8.9;2.4
972;2021-04-21;1002;353;32916;8798;9.2;2.5
972;2021-04-22;605;308;33521;9106;9.3;2.5
972;2021-04-23;614;463;34135;9569;9.5;2.7
972;2021-04-24;364;197;34499;9766;9.6;2.7
972;2021-04-25;168;199;34667;9965;9.7;2.8
972;2021-04-26;516;540;35183;10505;9.8;2.9
972;2021-04-27;568;606;35751;11111;10.0;3.1
972;2021-04-28;448;690;36199;11801;10.1;3.3
972;2021-04-29;654;640;36853;12441;10.3;3.5
972;2021-04-30;771;682;37624;13123;10.5;3.7
972;2021-05-01;244;246;37868;13369;10.6;3.7
972;2021-05-02;227;512;38095;13881;10.6;3.9
972;2021-05-03;569;769;38664;14650;10.8;4.1
972;2021-05-04;525;678;39189;15328;10.9;4.3
972;2021-05-05;548;896;39737;16224;11.1;4.5
972;2021-05-06;546;785;40283;17009;11.2;4.7
972;2021-05-07;629;1015;40912;18024;11.4;5.0
972;2021-05-08;225;525;41137;18549;11.5;5.2
972;2021-05-09;172;505;41309;19054;11.5;5.3
972;2021-05-10;519;856;41828;19910;11.7;5.5
972;2021-05-11;477;869;42305;20779;11.8;5.8
972;2021-05-12;560;910;42865;21689;11.9;6.0
972;2021-05-13;275;532;43140;22221;12.0;6.2
972;2021-05-14;388;746;43528;22967;12.1;6.4
972;2021-05-15;233;578;43761;23545;12.2;6.6
972;2021-05-16;155;442;43916;23987;12.2;6.7
972;2021-05-17;474;753;44390;24740;12.4;6.9
972;2021-05-18;445;678;44835;25418;12.5;7.1
972;2021-05-19;453;744;45288;26162;12.6;7.3
972;2021-05-20;594;498;45882;26660;12.8;7.4
972;2021-05-21;544;683;46426;27343;12.9;7.6
972;2021-05-22;186;359;46612;27702;13.0;7.7
972;2021-05-23;111;182;46723;27884;13.0;7.8
972;2021-05-24;135;241;46858;28125;13.1;7.8
972;2021-05-25;350;697;47208;28822;13.2;8.0
972;2021-05-26;381;712;47589;29534;13.3;8.2
972;2021-05-27;271;647;47860;30181;13.3;8.4
972;2021-05-28;280;815;48140;30996;13.4;8.6
972;2021-05-29;154;513;48294;31509;13.5;8.8
972;2021-05-30;17;33;48311;31542;13.5;8.8
972;2021-05-31;346;678;48657;32220;13.6;9.0
972;2021-06-01;299;543;48956;32763;13.6;9.1
972;2021-06-02;325;575;49281;33338;13.7;9.3
972;2021-06-03;247;424;49528;33762;13.8;9.4
972;2021-06-04;350;642;49878;34404;13.9;9.6
972;2021-06-05;260;371;50138;34775;14.0;9.7
972;2021-06-06;25;32;50163;34807;14.0;9.7
972;2021-06-07;260;735;50423;35542;14.1;9.9
972;2021-06-08;255;585;50678;36127;14.1;10.1
972;2021-06-09;303;697;50981;36824;14.2;10.3
972;2021-06-10;308;450;51289;37274;14.3;10.4
972;2021-06-11;358;533;51647;37807;14.4;10.5
972;2021-06-12;232;320;51879;38127;14.5;10.6
972;2021-06-13;32;29;51911;38156;14.5;10.6
972;2021-06-14;367;547;52278;38703;14.6;10.8
972;2021-06-15;410;487;52688;39190;14.7;10.9
972;2021-06-16;436;435;53124;39625;14.8;11.0
972;2021-06-17;354;573;53478;40198;14.9;11.2
972;2021-06-18;458;537;53936;40735;15.0;11.4
972;2021-06-19;225;196;54161;40931;15.1;11.4
972;2021-06-20;25;17;54186;40948;15.1;11.4
972;2021-06-21;332;579;54518;41527;15.2;11.6
972;2021-06-22;297;462;54815;41989;15.3;11.7
972;2021-06-23;421;562;55236;42551;15.4;11.9
972;2021-06-24;330;437;55566;42988;15.5;12.0
972;2021-06-25;313;387;55879;43375;15.6;12.1
972;2021-06-26;222;201;56101;43576;15.6;12.1
972;2021-06-27;16;23;56117;43599;15.6;12.2
972;2021-06-28;336;421;56453;44020;15.7;12.3
972;2021-06-29;329;430;56782;44450;15.8;12.4
972;2021-06-30;440;420;57222;44870;16.0;12.5
972;2021-07-01;351;394;57573;45264;16.0;12.6
972;2021-07-02;124;200;57697;45464;16.1;12.7
972;2021-07-03;100;118;57797;45582;16.1;12.7
972;2021-07-04;24;36;57821;45618;16.1;12.7
972;2021-07-05;494;580;58315;46198;16.3;12.9
972;2021-07-06;488;429;58803;46627;16.4;13.0
972;2021-07-07;612;494;59415;47121;16.6;13.1
972;2021-07-08;492;422;59907;47543;16.7;13.3
972;2021-07-09;629;582;60536;48125;16.9;13.4
972;2021-07-10;405;309;60941;48434;17.0;13.5
972;2021-07-11;52;38;60993;48472;17.0;13.5
972;2021-07-12;847;697;61840;49169;17.2;13.7
972;2021-07-13;1474;705;63314;49874;17.6;13.9
972;2021-07-14;133;65;63447;49939;17.7;13.9
972;2021-07-15;1603;680;65050;50619;18.1;14.1
972;2021-07-16;1632;661;66682;51280;18.6;14.3
972;2021-07-17;1094;367;67776;51647;18.9;14.4
972;2021-07-18;56;39;67832;51686;18.9;14.4
972;2021-07-19;1148;654;68980;52340;19.2;14.6
972;2021-07-20;1130;578;70110;52918;19.5;14.8
972;2021-07-21;1089;603;71199;53521;19.8;14.9
972;2021-07-22;906;519;72105;54040;20.1;15.1
972;2021-07-23;967;484;73072;54524;20.4;15.2
972;2021-07-24;506;223;73578;54747;20.5;15.3
972;2021-07-25;50;63;73628;54810;20.5;15.3
972;2021-07-26;685;525;74313;55335;20.7;15.4
972;2021-07-27;1029;515;75342;55850;21.0;15.6
972;2021-07-28;645;561;75987;56411;21.2;15.7
972;2021-07-29;842;548;76829;56959;21.4;15.9
972;2021-07-30;902;615;77731;57574;21.7;16.0
972;2021-07-31;560;275;78291;57849;21.8;16.1
972;2021-08-01;83;33;78374;57882;21.8;16.1
972;2021-08-02;812;815;79186;58697;22.1;16.4
972;2021-08-03;730;742;79916;59439;22.3;16.6
972;2021-08-04;788;572;80704;60011;22.5;16.7
972;2021-08-05;915;590;81619;60601;22.8;16.9
972;2021-08-06;1196;895;82815;61496;23.1;17.1
972;2021-08-07;667;571;83482;62067;23.3;17.3
972;2021-08-08;85;83;83567;62150;23.3;17.3
972;2021-08-09;1130;1064;84697;63214;23.6;17.6
972;2021-08-10;1199;1040;85896;64254;23.9;17.9
972;2021-08-11;1234;921;87130;65175;24.3;18.2
972;2021-08-12;1450;930;88580;66105;24.7;18.4
972;2021-08-13;1318;645;89898;66750;25.1;18.6
972;2021-08-14;849;322;90747;67072;25.3;18.7
972;2021-08-15;70;55;90817;67127;25.3;18.7
972;2021-08-16;1279;1046;92096;68173;25.7;19.0
972;2021-08-17;1177;1187;93273;69360;26.0;19.3
972;2021-08-18;1237;1174;94510;70534;26.3;19.7
972;2021-08-19;1286;892;95796;71426;26.7;19.9
972;2021-08-20;1329;893;97125;72319;27.1;20.2
972;2021-08-21;758;626;97883;72945;27.3;20.3
972;2021-08-22;47;82;97930;73027;27.3;20.4
972;2021-08-23;1181;859;99111;73886;27.6;20.6
972;2021-08-24;1374;880;100485;74766;28.0;20.8
972;2021-08-25;1078;768;101563;75534;28.3;21.1
972;2021-08-26;1279;806;102842;76340;28.7;21.3
972;2021-08-27;1285;1077;104127;77417;29.0;21.6
972;2021-08-28;779;756;104906;78173;29.2;21.8
972;2021-08-29;100;64;105006;78237;29.3;21.8
972;2021-08-30;1141;1127;106147;79364;29.6;22.1
972;2021-08-31;907;1106;107054;80470;29.8;22.4
972;2021-09-01;811;1135;107865;81605;30.1;22.7
972;2021-09-02;878;1215;108743;82820;30.3;23.1
972;2021-09-03;769;1315;109512;84135;30.5;23.5
972;2021-09-04;615;908;110127;85043;30.7;23.7
972;2021-09-05;145;137;110272;85180;30.7;23.7
972;2021-09-06;600;1065;110872;86245;30.9;24.0
972;2021-09-07;633;985;111505;87230;31.1;24.3
972;2021-09-08;592;1147;112097;88377;31.2;24.6
972;2021-09-09;519;1118;112616;89495;31.4;24.9
972;2021-09-10;587;1347;113203;90842;31.6;25.3
972;2021-09-11;489;921;113692;91763;31.7;25.6
972;2021-09-12;107;113;113799;91876;31.7;25.6
972;2021-09-13;483;1129;114282;93005;31.9;25.9
972;2021-09-14;480;1151;114762;94156;32.0;26.2
972;2021-09-15;386;1088;115148;95244;32.1;26.5
972;2021-09-16;382;1069;115530;96313;32.2;26.8
972;2021-09-17;588;1270;116118;97583;32.4;27.2
972;2021-09-18;422;929;116540;98512;32.5;27.5
972;2021-09-19;43;120;116583;98632;32.5;27.5
972;2021-09-20;363;921;116946;99553;32.6;27.8
972;2021-09-21;426;987;117372;100540;32.7;28.0
972;2021-09-22;361;856;117733;101396;32.8;28.3
972;2021-09-23;406;825;118139;102221;32.9;28.5
972;2021-09-24;457;978;118596;103199;33.1;28.8
972;2021-09-25;333;835;118929;104034;33.2;29.0
972;2021-09-26;30;184;118959;104218;33.2;29.1
972;2021-09-27;303;666;119262;104884;33.2;29.2
972;2021-09-28;409;670;119671;105554;33.4;29.4
972;2021-09-29;365;645;120036;106199;33.5;29.6
972;2021-09-30;449;651;120485;106850;33.6;29.8
972;2021-10-01;531;752;121016;107602;33.7;30.0
972;2021-10-02;365;607;121381;108209;33.8;30.2
972;2021-10-03;41;79;121422;108288;33.8;30.2
972;2021-10-04;364;452;121786;108740;33.9;30.3
972;2021-10-05;347;537;122133;109277;34.0;30.5
973;2020-12-27;0;0;0;0;0.0;0.0
973;2020-12-28;0;0;0;0;0.0;0.0
973;2020-12-29;0;0;0;0;0.0;0.0
973;2020-12-30;0;0;0;0;0.0;0.0
973;2020-12-31;0;0;0;0;0.0;0.0
973;2021-01-01;0;0;0;0;0.0;0.0
973;2021-01-02;1;1;1;1;0.0;0.0
973;2021-01-03;0;0;1;1;0.0;0.0
973;2021-01-04;0;0;1;1;0.0;0.0
973;2021-01-05;0;0;1;1;0.0;0.0
973;2021-01-06;0;0;1;1;0.0;0.0
973;2021-01-07;0;0;1;1;0.0;0.0
973;2021-01-08;0;0;1;1;0.0;0.0
973;2021-01-09;0;0;1;1;0.0;0.0
973;2021-01-10;0;0;1;1;0.0;0.0
973;2021-01-11;0;0;1;1;0.0;0.0
973;2021-01-12;0;0;1;1;0.0;0.0
973;2021-01-13;30;0;31;1;0.0;0.0
973;2021-01-14;46;0;77;1;0.0;0.0
973;2021-01-15;35;0;112;1;0.0;0.0
973;2021-01-16;18;1;130;2;0.0;0.0
973;2021-01-17;0;0;130;2;0.0;0.0
973;2021-01-18;63;0;193;2;0.1;0.0
973;2021-01-19;151;1;344;3;0.1;0.0
973;2021-01-20;134;0;478;3;0.2;0.0
973;2021-01-21;118;0;596;3;0.2;0.0
973;2021-01-22;76;0;672;3;0.2;0.0
973;2021-01-23;0;0;672;3;0.2;0.0
973;2021-01-24;0;0;672;3;0.2;0.0
973;2021-01-25;56;0;728;3;0.3;0.0
973;2021-01-26;100;2;828;5;0.3;0.0
973;2021-01-27;109;1;937;6;0.3;0.0
973;2021-01-28;96;3;1033;9;0.4;0.0
973;2021-01-29;104;3;1137;12;0.4;0.0
973;2021-01-30;0;0;1137;12;0.4;0.0
973;2021-01-31;0;0;1137;12;0.4;0.0
973;2021-02-01;54;0;1191;12;0.4;0.0
973;2021-02-02;122;5;1313;17;0.5;0.0
973;2021-02-03;119;6;1432;23;0.5;0.0
973;2021-02-04;79;25;1511;48;0.5;0.0
973;2021-02-05;65;8;1576;56;0.5;0.0
973;2021-02-06;0;0;1576;56;0.5;0.0
973;2021-02-07;0;0;1576;56;0.5;0.0
973;2021-02-08;52;12;1628;68;0.6;0.0
973;2021-02-09;92;38;1720;106;0.6;0.0
973;2021-02-10;101;37;1821;143;0.6;0.0
973;2021-02-11;105;90;1926;233;0.7;0.1
973;2021-02-12;89;59;2015;292;0.7;0.1
973;2021-02-13;0;0;2015;292;0.7;0.1
973;2021-02-14;0;0;2015;292;0.7;0.1
973;2021-02-15;27;57;2042;349;0.7;0.1
973;2021-02-16;123;45;2165;394;0.7;0.1
973;2021-02-17;145;111;2310;505;0.8;0.2
973;2021-02-18;103;125;2413;630;0.8;0.2
973;2021-02-19;122;70;2535;700;0.9;0.2
973;2021-02-20;0;0;2535;700;0.9;0.2
973;2021-02-21;0;0;2535;700;0.9;0.2
973;2021-02-22;78;46;2613;746;0.9;0.3
973;2021-02-23;158;99;2771;845;1.0;0.3
973;2021-02-24;189;119;2960;964;1.0;0.3
973;2021-02-25;259;86;3219;1050;1.1;0.4
973;2021-02-26;264;63;3483;1113;1.2;0.4
973;2021-02-27;121;1;3604;1114;1.2;0.4
973;2021-02-28;0;0;3604;1114;1.2;0.4
973;2021-03-01;182;83;3786;1197;1.3;0.4
973;2021-03-02;256;103;4042;1300;1.4;0.4
973;2021-03-03;255;122;4297;1422;1.5;0.5
973;2021-03-04;281;85;4578;1507;1.6;0.5
973;2021-03-05;274;46;4852;1553;1.7;0.5
973;2021-03-06;118;2;4970;1555;1.7;0.5
973;2021-03-07;0;0;4970;1555;1.7;0.5
973;2021-03-08;188;39;5158;1594;1.8;0.5
973;2021-03-09;353;87;5511;1681;1.9;0.6
973;2021-03-10;360;105;5871;1786;2.0;0.6
973;2021-03-11;271;110;6142;1896;2.1;0.7
973;2021-03-12;288;96;6430;1992;2.2;0.7
973;2021-03-13;112;4;6542;1996;2.3;0.7
973;2021-03-14;0;0;6542;1996;2.3;0.7
973;2021-03-15;181;27;6723;2023;2.3;0.7
973;2021-03-16;243;140;6966;2163;2.4;0.7
973;2021-03-17;274;127;7240;2290;2.5;0.8
973;2021-03-18;249;154;7489;2444;2.6;0.8
973;2021-03-19;283;128;7772;2572;2.7;0.9
973;2021-03-20;259;17;8031;2589;2.8;0.9
973;2021-03-21;119;3;8150;2592;2.8;0.9
973;2021-03-22;219;109;8369;2701;2.9;0.9
973;2021-03-23;275;193;8644;2894;3.0;1.0
973;2021-03-24;236;214;8880;3108;3.1;1.1
973;2021-03-25;167;179;9047;3287;3.1;1.1
973;2021-03-26;189;301;9236;3588;3.2;1.2
973;2021-03-27;58;93;9294;3681;3.2;1.3
973;2021-03-28;0;0;9294;3681;3.2;1.3
973;2021-03-29;175;246;9469;3927;3.3;1.4
973;2021-03-30;446;237;9915;4164;3.4;1.4
973;2021-03-31;318;291;10233;4455;3.5;1.5
973;2021-04-01;446;260;10679;4715;3.7;1.6
973;2021-04-02;309;277;10988;4992;3.8;1.7
973;2021-04-03;159;121;11147;5113;3.8;1.8
973;2021-04-04;0;0;11147;5113;3.8;1.8
973;2021-04-05;118;14;11265;5127;3.9;1.8
973;2021-04-06;441;334;11706;5461;4.0;1.9
973;2021-04-07;502;344;12208;5805;4.2;2.0
973;2021-04-08;513;269;12721;6074;4.4;2.1
973;2021-04-09;498;226;13219;6300;4.5;2.2
973;2021-04-10;147;90;13366;6390;4.6;2.2
973;2021-04-11;2;0;13368;6390;4.6;2.2
973;2021-04-12;551;267;13919;6657;4.8;2.3
973;2021-04-13;673;244;14592;6901;5.0;2.4
973;2021-04-14;721;313;15313;7214;5.3;2.5
973;2021-04-15;776;248;16089;7462;5.5;2.6
973;2021-04-16;761;304;16850;7766;5.8;2.7
973;2021-04-17;499;137;17349;7903;6.0;2.7
973;2021-04-18;499;46;17848;7949;6.1;2.7
973;2021-04-19;715;252;18563;8201;6.4;2.8
973;2021-04-20;607;280;19170;8481;6.6;2.9
973;2021-04-21;873;250;20043;8731;6.9;3.0
973;2021-04-22;727;231;20770;8962;7.1;3.1
973;2021-04-23;705;232;21475;9194;7.4;3.2
973;2021-04-24;524;97;21999;9291;7.6;3.2
973;2021-04-25;611;50;22610;9341;7.8;3.2
973;2021-04-26;779;233;23389;9574;8.0;3.3
973;2021-04-27;817;344;24206;9918;8.3;3.4
973;2021-04-28;746;331;24952;10249;8.6;3.5
973;2021-04-29;666;286;25618;10535;8.8;3.6
973;2021-04-30;711;260;26329;10795;9.1;3.7
973;2021-05-01;211;29;26540;10824;9.1;3.7
973;2021-05-02;602;85;27142;10909;9.3;3.8
973;2021-05-03;554;390;27696;11299;9.5;3.9
973;2021-05-04;665;327;28361;11626;9.8;4.0
973;2021-05-05;700;455;29061;12081;10.0;4.2
973;2021-05-06;694;477;29755;12558;10.2;4.3
973;2021-05-07;594;474;30349;13032;10.4;4.5
973;2021-05-08;343;59;30692;13091;10.6;4.5
973;2021-05-09;262;72;30954;13163;10.6;4.5
973;2021-05-10;440;611;31394;13774;10.8;4.7
973;2021-05-11;398;497;31792;14271;10.9;4.9
973;2021-05-12;514;647;32306;14918;11.1;5.1
973;2021-05-13;333;99;32639;15017;11.2;5.2
973;2021-05-14;485;555;33124;15572;11.4;5.4
973;2021-05-15;256;348;33380;15920;11.5;5.5
973;2021-05-16;207;210;33587;16130;11.6;5.5
973;2021-05-17;446;599;34033;16729;11.7;5.8
973;2021-05-18;564;568;34597;17297;11.9;6.0
973;2021-05-19;534;552;35131;17849;12.1;6.1
973;2021-05-20;643;451;35774;18300;12.3;6.3
973;2021-05-21;505;609;36279;18909;12.5;6.5
973;2021-05-22;167;500;36446;19409;12.5;6.7
973;2021-05-23;271;475;36717;19884;12.6;6.8
973;2021-05-24;562;249;37279;20133;12.8;6.9
973;2021-05-25;501;745;37780;20878;13.0;7.2
973;2021-05-26;453;684;38233;21562;13.2;7.4
973;2021-05-27;712;528;38945;22090;13.4;7.6
973;2021-05-28;579;554;39524;22644;13.6;7.8
973;2021-05-29;257;360;39781;23004;13.7;7.9
973;2021-05-30;151;399;39932;23403;13.7;8.1
973;2021-05-31;356;573;40288;23976;13.9;8.2
973;2021-06-01;421;467;40709;24443;14.0;8.4
973;2021-06-02;566;554;41275;24997;14.2;8.6
973;2021-06-03;525;470;41800;25467;14.4;8.8
973;2021-06-04;601;496;42401;25963;14.6;8.9
973;2021-06-05;273;292;42674;26255;14.7;9.0
973;2021-06-06;211;301;42885;26556;14.8;9.1
973;2021-06-07;488;452;43373;27008;14.9;9.3
973;2021-06-08;544;315;43917;27323;15.1;9.4
973;2021-06-09;530;390;44447;27713;15.3;9.5
973;2021-06-10;358;290;44805;28003;15.4;9.6
973;2021-06-11;436;466;45241;28469;15.6;9.8
973;2021-06-12;170;283;45411;28752;15.6;9.9
973;2021-06-13;215;269;45626;29021;15.7;10.0
973;2021-06-14;384;549;46010;29570;15.8;10.2
973;2021-06-15;377;445;46387;30015;16.0;10.3
973;2021-06-16;491;459;46878;30474;16.1;10.5
973;2021-06-17;442;578;47320;31052;16.3;10.7
973;2021-06-18;390;562;47710;31614;16.4;10.9
973;2021-06-19;235;260;47945;31874;16.5;11.0
973;2021-06-20;126;270;48071;32144;16.5;11.1
973;2021-06-21;335;601;48406;32745;16.7;11.3
973;2021-06-22;376;462;48782;33207;16.8;11.4
973;2021-06-23;343;539;49125;33746;16.9;11.6
973;2021-06-24;446;500;49571;34246;17.1;11.8
973;2021-06-25;445;559;50016;34805;17.2;12.0
973;2021-06-26;172;320;50188;35125;17.3;12.1
973;2021-06-27;121;170;50309;35295;17.3;12.1
973;2021-06-28;314;593;50623;35888;17.4;12.3
973;2021-06-29;376;506;50999;36394;17.5;12.5
973;2021-06-30;410;680;51409;37074;17.7;12.8
973;2021-07-01;431;399;51840;37473;17.8;12.9
973;2021-07-02;511;524;52351;37997;18.0;13.1
973;2021-07-03;210;275;52561;38272;18.1;13.2
973;2021-07-04;86;243;52647;38515;18.1;13.2
973;2021-07-05;361;546;53008;39061;18.2;13.4
973;2021-07-06;373;473;53381;39534;18.4;13.6
973;2021-07-07;375;415;53756;39949;18.5;13.7
973;2021-07-08;316;328;54072;40277;18.6;13.9
973;2021-07-09;392;434;54464;40711;18.7;14.0
973;2021-07-10;168;278;54632;40989;18.8;14.1
973;2021-07-11;102;163;54734;41152;18.8;14.2
973;2021-07-12;403;497;55137;41649;19.0;14.3
973;2021-07-13;682;560;55819;42209;19.2;14.5
973;2021-07-14;394;161;56213;42370;19.3;14.6
973;2021-07-15;658;527;56871;42897;19.6;14.8
973;2021-07-16;602;485;57473;43382;19.8;14.9
973;2021-07-17;345;285;57818;43667;19.9;15.0
973;2021-07-18;251;124;58069;43791;20.0;15.1
973;2021-07-19;524;459;58593;44250;20.2;15.2
973;2021-07-20;585;494;59178;44744;20.4;15.4
973;2021-07-21;725;397;59903;45141;20.6;15.5
973;2021-07-22;660;452;60563;45593;20.8;15.7
973;2021-07-23;608;370;61171;45963;21.0;15.8
973;2021-07-24;326;241;61497;46204;21.2;15.9
973;2021-07-25;166;111;61663;46315;21.2;15.9
973;2021-07-26;446;345;62109;46660;21.4;16.1
973;2021-07-27;554;358;62663;47018;21.6;16.2
973;2021-07-28;467;370;63130;47388;21.7;16.3
973;2021-07-29;536;431;63666;47819;21.9;16.5
973;2021-07-30;541;408;64207;48227;22.1;16.6
973;2021-07-31;203;163;64410;48390;22.2;16.6
973;2021-08-01;139;132;64549;48522;22.2;16.7
973;2021-08-02;398;432;64947;48954;22.3;16.8
973;2021-08-03;432;402;65379;49356;22.5;17.0
973;2021-08-04;308;373;65687;49729;22.6;17.1
973;2021-08-05;343;363;66030;50092;22.7;17.2
973;2021-08-06;365;524;66395;50616;22.8;17.4
973;2021-08-07;164;266;66559;50882;22.9;17.5
973;2021-08-08;123;177;66682;51059;22.9;17.6
973;2021-08-09;332;473;67014;51532;23.1;17.7
973;2021-08-10;362;516;67376;52048;23.2;17.9
973;2021-08-11;584;519;67960;52567;23.4;18.1
973;2021-08-12;550;584;68510;53151;23.6;18.3
973;2021-08-13;367;234;68877;53385;23.7;18.4
973;2021-08-14;253;401;69130;53786;23.8;18.5
973;2021-08-15;122;138;69252;53924;23.8;18.6
973;2021-08-16;307;472;69559;54396;23.9;18.7
973;2021-08-17;372;400;69931;54796;24.1;18.9
973;2021-08-18;369;446;70300;55242;24.2;19.0
973;2021-08-19;331;481;70631;55723;24.3;19.2
973;2021-08-20;313;400;70944;56123;24.4;19.3
973;2021-08-21;161;257;71105;56380;24.5;19.4
973;2021-08-22;115;183;71220;56563;24.5;19.5
973;2021-08-23;286;384;71506;56947;24.6;19.6
973;2021-08-24;311;465;71817;57412;24.7;19.8
973;2021-08-25;285;347;72102;57759;24.8;19.9
973;2021-08-26;314;404;72416;58163;24.9;20.0
973;2021-08-27;365;426;72781;58589;25.0;20.2
973;2021-08-28;143;266;72924;58855;25.1;20.2
973;2021-08-29;87;187;73011;59042;25.1;20.3
973;2021-08-30;219;349;73230;59391;25.2;20.4
973;2021-08-31;299;377;73529;59768;25.3;20.6
973;2021-09-01;255;400;73784;60168;25.4;20.7
973;2021-09-02;298;411;74082;60579;25.5;20.8
973;2021-09-03;278;354;74360;60933;25.6;21.0
973;2021-09-04;147;202;74507;61135;25.6;21.0
973;2021-09-05;72;93;74579;61228;25.7;21.1
973;2021-09-06;177;239;74756;61467;25.7;21.1
973;2021-09-07;203;264;74959;61731;25.8;21.2
973;2021-09-08;218;421;75177;62152;25.9;21.4
973;2021-09-09;217;313;75394;62465;25.9;21.5
973;2021-09-10;225;325;75619;62790;26.0;21.6
973;2021-09-11;125;296;75744;63086;26.1;21.7
973;2021-09-12;60;98;75804;63184;26.1;21.7
973;2021-09-13;219;234;76023;63418;26.2;21.8
973;2021-09-14;264;307;76287;63725;26.2;21.9
973;2021-09-15;345;331;76632;64056;26.4;22.0
973;2021-09-16;264;239;76896;64295;26.5;22.1
973;2021-09-17;215;242;77111;64537;26.5;22.2
973;2021-09-18;113;243;77224;64780;26.6;22.3
973;2021-09-19;55;150;77279;64930;26.6;22.3
973;2021-09-20;146;185;77425;65115;26.6;22.4
973;2021-09-21;194;203;77619;65318;26.7;22.5
973;2021-09-22;184;348;77803;65666;26.8;22.6
973;2021-09-23;246;239;78049;65905;26.8;22.7
973;2021-09-24;257;307;78306;66212;26.9;22.8
973;2021-09-25;113;257;78419;66469;27.0;22.9
973;2021-09-26;39;94;78458;66563;27.0;22.9
973;2021-09-27;159;167;78617;66730;27.0;23.0
973;2021-09-28;159;205;78776;66935;27.1;23.0
973;2021-09-29;204;237;78980;67172;27.2;23.1
973;2021-09-30;291;303;79271;67475;27.3;23.2
973;2021-10-01;199;217;79470;67692;27.3;23.3
973;2021-10-02;104;169;79574;67861;27.4;23.3
973;2021-10-03;60;92;79634;67953;27.4;23.4
973;2021-10-04;194;209;79828;68162;27.5;23.4
973;2021-10-05;158;174;79986;68336;27.5;23.5
974;2020-12-27;0;0;0;0;0.0;0.0
974;2020-12-28;0;0;0;0;0.0;0.0
974;2020-12-29;0;0;0;0;0.0;0.0
974;2020-12-30;0;0;0;0;0.0;0.0
974;2020-12-31;0;0;0;0;0.0;0.0
974;2021-01-01;1;0;1;0;0.0;0.0
974;2021-01-02;0;0;1;0;0.0;0.0
974;2021-01-03;0;0;1;0;0.0;0.0
974;2021-01-04;0;0;1;0;0.0;0.0
974;2021-01-05;2;0;3;0;0.0;0.0
974;2021-01-06;0;0;3;0;0.0;0.0
974;2021-01-07;0;0;3;0;0.0;0.0
974;2021-01-08;0;0;3;0;0.0;0.0
974;2021-01-09;1;0;4;0;0.0;0.0
974;2021-01-10;0;0;4;0;0.0;0.0
974;2021-01-11;0;0;4;0;0.0;0.0
974;2021-01-12;0;0;4;0;0.0;0.0
974;2021-01-13;0;0;4;0;0.0;0.0
974;2021-01-14;0;0;4;0;0.0;0.0
974;2021-01-15;335;0;339;0;0.0;0.0
974;2021-01-16;27;0;366;0;0.0;0.0
974;2021-01-17;0;0;366;0;0.0;0.0
974;2021-01-18;49;1;415;1;0.0;0.0
974;2021-01-19;395;0;810;1;0.1;0.0
974;2021-01-20;485;1;1295;2;0.2;0.0
974;2021-01-21;614;2;1909;4;0.2;0.0
974;2021-01-22;414;1;2323;5;0.3;0.0
974;2021-01-23;75;0;2398;5;0.3;0.0
974;2021-01-24;0;0;2398;5;0.3;0.0
974;2021-01-25;274;2;2672;7;0.3;0.0
974;2021-01-26;429;0;3101;7;0.4;0.0
974;2021-01-27;316;0;3417;7;0.4;0.0
974;2021-01-28;409;0;3826;7;0.4;0.0
974;2021-01-29;422;3;4248;10;0.5;0.0
974;2021-01-30;421;1;4669;11;0.5;0.0
974;2021-01-31;0;0;4669;11;0.5;0.0
974;2021-02-01;373;4;5042;15;0.6;0.0
974;2021-02-02;502;3;5544;18;0.6;0.0
974;2021-02-03;602;9;6146;27;0.7;0.0
974;2021-02-04;629;16;6775;43;0.8;0.0
974;2021-02-05;564;97;7339;140;0.9;0.0
974;2021-02-06;501;6;7840;146;0.9;0.0
974;2021-02-07;0;8;7840;154;0.9;0.0
974;2021-02-08;470;32;8310;186;1.0;0.0
974;2021-02-09;787;63;9097;249;1.1;0.0
974;2021-02-10;820;86;9917;335;1.2;0.0
974;2021-02-11;795;86;10712;421;1.2;0.0
974;2021-02-12;638;92;11350;513;1.3;0.1
974;2021-02-13;655;75;12005;588;1.4;0.1
974;2021-02-14;1;0;12006;588;1.4;0.1
974;2021-02-15;526;123;12532;711;1.5;0.1
974;2021-02-16;651;524;13183;1235;1.5;0.1
974;2021-02-17;593;311;13776;1546;1.6;0.2
974;2021-02-18;495;384;14271;1930;1.7;0.2
974;2021-02-19;497;305;14768;2235;1.7;0.3
974;2021-02-20;577;105;15345;2340;1.8;0.3
974;2021-02-21;0;0;15345;2340;1.8;0.3
974;2021-02-22;403;208;15748;2548;1.8;0.3
974;2021-02-23;607;201;16355;2749;1.9;0.3
974;2021-02-24;583;220;16938;2969;2.0;0.3
974;2021-02-25;649;247;17587;3216;2.0;0.4
974;2021-02-26;485;407;18072;3623;2.1;0.4
974;2021-02-27;384;396;18456;4019;2.1;0.5
974;2021-02-28;0;0;18456;4019;2.1;0.5
974;2021-03-01;293;327;18749;4346;2.2;0.5
974;2021-03-02;487;434;19236;4780;2.2;0.6
974;2021-03-03;757;487;19993;5267;2.3;0.6
974;2021-03-04;778;450;20771;5717;2.4;0.7
974;2021-03-05;729;470;21500;6187;2.5;0.7
974;2021-03-06;813;496;22313;6683;2.6;0.8
974;2021-03-07;0;0;22313;6683;2.6;0.8
974;2021-03-08;436;494;22749;7177;2.6;0.8
974;2021-03-09;671;743;23420;7920;2.7;0.9
974;2021-03-10;644;795;24064;8715;2.8;1.0
974;2021-03-11;700;603;24764;9318;2.9;1.1
974;2021-03-12;731;644;25495;9962;3.0;1.2
974;2021-03-13;669;577;26164;10539;3.0;1.2
974;2021-03-14;2;0;26166;10539;3.0;1.2
974;2021-03-15;508;485;26674;11024;3.1;1.3
974;2021-03-16;681;675;27355;11699;3.2;1.4
974;2021-03-17;847;517;28202;12216;3.3;1.4
974;2021-03-18;1022;491;29224;12707;3.4;1.5
974;2021-03-19;786;524;30010;13231;3.5;1.5
974;2021-03-20;578;585;30588;13816;3.6;1.6
974;2021-03-21;0;0;30588;13816;3.6;1.6
974;2021-03-22;566;459;31154;14275;3.6;1.7
974;2021-03-23;780;632;31934;14907;3.7;1.7
974;2021-03-24;791;640;32725;15547;3.8;1.8
974;2021-03-25;934;531;33659;16078;3.9;1.9
974;2021-03-26;923;447;34582;16525;4.0;1.9
974;2021-03-27;781;334;35363;16859;4.1;2.0
974;2021-03-28;1;0;35364;16859;4.1;2.0
974;2021-03-29;960;270;36324;17129;4.2;2.0
974;2021-03-30;883;493;37207;17622;4.3;2.0
974;2021-03-31;736;652;37943;18274;4.4;2.1
974;2021-04-01;718;705;38661;18979;4.5;2.2
974;2021-04-02;688;753;39349;19732;4.6;2.3
974;2021-04-03;699;698;40048;20430;4.7;2.4
974;2021-04-04;0;0;40048;20430;4.7;2.4
974;2021-04-05;0;0;40048;20430;4.7;2.4
974;2021-04-06;796;635;40844;21065;4.7;2.4
974;2021-04-07;1367;780;42211;21845;4.9;2.5
974;2021-04-08;1792;771;44003;22616;5.1;2.6
974;2021-04-09;1508;775;45511;23391;5.3;2.7
974;2021-04-10;1137;643;46648;24034;5.4;2.8
974;2021-04-11;2;0;46650;24034;5.4;2.8
974;2021-04-12;1238;547;47888;24581;5.6;2.9
974;2021-04-13;1439;750;49327;25331;5.7;2.9
974;2021-04-14;2068;769;51395;26100;6.0;3.0
974;2021-04-15;2506;955;53901;27055;6.3;3.1
974;2021-04-16;1936;783;55837;27838;6.5;3.2
974;2021-04-17;1290;603;57127;28441;6.6;3.3
974;2021-04-18;0;0;57127;28441;6.6;3.3
974;2021-04-19;1374;562;58501;29003;6.8;3.4
974;2021-04-20;1651;804;60152;29807;7.0;3.5
974;2021-04-21;2124;626;62276;30433;7.2;3.5
974;2021-04-22;2953;821;65229;31254;7.6;3.6
974;2021-04-23;2311;820;67540;32074;7.9;3.7
974;2021-04-24;1111;803;68651;32877;8.0;3.8
974;2021-04-25;3;0;68654;32877;8.0;3.8
974;2021-04-26;1172;912;69826;33789;8.1;3.9
974;2021-04-27;1687;1027;71513;34816;8.3;4.0
974;2021-04-28;2900;747;74413;35563;8.7;4.1
974;2021-04-29;3947;813;78360;36376;9.1;4.2
974;2021-04-30;3450;905;81810;37281;9.5;4.3
974;2021-05-01;2106;227;83916;37508;9.8;4.4
974;2021-05-02;1;0;83917;37508;9.8;4.4
974;2021-05-03;1865;575;85782;38083;10.0;4.4
974;2021-05-04;2127;1092;87909;39175;10.2;4.6
974;2021-05-05;3119;1643;91028;40818;10.6;4.7
974;2021-05-06;4001;1587;95029;42405;11.1;4.9
974;2021-05-07;3229;1524;98258;43929;11.4;5.1
974;2021-05-08;1578;504;99836;44433;11.6;5.2
974;2021-05-09;2;1;99838;44434;11.6;5.2
974;2021-05-10;2412;1001;102250;45435;11.9;5.3
974;2021-05-11;3650;1640;105900;47075;12.3;5.5
974;2021-05-12;4721;2403;110621;49478;12.9;5.8
974;2021-05-13;3553;597;114174;50075;13.3;5.8
974;2021-05-14;5276;2522;119450;52597;13.9;6.1
974;2021-05-15;3157;1536;122607;54133;14.3;6.3
974;2021-05-16;17;18;122624;54151;14.3;6.3
974;2021-05-17;2995;1497;125619;55648;14.6;6.5
974;2021-05-18;3765;1802;129384;57450;15.0;6.7
974;2021-05-19;4687;2433;134071;59883;15.6;7.0
974;2021-05-20;5139;2853;139210;62736;16.2;7.3
974;2021-05-21;4996;2629;144206;65365;16.8;7.6
974;2021-05-22;3371;1256;147577;66621;17.2;7.7
974;2021-05-23;6;3;147583;66624;17.2;7.7
974;2021-05-24;3644;1078;151227;67702;17.6;7.9
974;2021-05-25;4248;1921;155475;69623;18.1;8.1
974;2021-05-26;4986;2993;160461;72616;18.7;8.4
974;2021-05-27;4620;4101;165081;76717;19.2;8.9
974;2021-05-28;4385;3837;169466;80554;19.7;9.4
974;2021-05-29;2554;2456;172020;83010;20.0;9.7
974;2021-05-30;8;14;172028;83024;20.0;9.7
974;2021-05-31;2347;2247;174375;85271;20.3;9.9
974;2021-06-01;3302;2761;177677;88032;20.7;10.2
974;2021-06-02;3968;3363;181645;91395;21.1;10.6
974;2021-06-03;4042;3652;185687;95047;21.6;11.1
974;2021-06-04;3849;3759;189536;98806;22.0;11.5
974;2021-06-05;2213;1931;191749;100737;22.3;11.7
974;2021-06-06;1074;134;192823;100871;22.4;11.7
974;2021-06-07;2012;2526;194835;103397;22.7;12.0
974;2021-06-08;2558;3338;197393;106735;23.0;12.4
974;2021-06-09;2982;4836;200375;111571;23.3;13.0
974;2021-06-10;3411;4464;203786;116035;23.7;13.5
974;2021-06-11;2840;4622;206626;120657;24.0;14.0
974;2021-06-12;1726;3376;208352;124033;24.2;14.4
974;2021-06-13;1324;246;209676;124279;24.4;14.5
974;2021-06-14;1489;3182;211165;127461;24.6;14.8
974;2021-06-15;2060;3617;213225;131078;24.8;15.2
974;2021-06-16;2748;4663;215973;135741;25.1;15.8
974;2021-06-17;2521;4895;218494;140636;25.4;16.4
974;2021-06-18;2597;4890;221091;145526;25.7;16.9
974;2021-06-19;1300;3516;222391;149042;25.9;17.3
974;2021-06-20;633;289;223024;149331;25.9;17.4
974;2021-06-21;1265;3235;224289;152566;26.1;17.7
974;2021-06-22;1619;3759;225908;156325;26.3;18.2
974;2021-06-23;2257;4993;228165;161318;26.5;18.8
974;2021-06-24;2280;4069;230445;165387;26.8;19.2
974;2021-06-25;2188;4106;232633;169493;27.1;19.7
974;2021-06-26;1401;2712;234034;172205;27.2;20.0
974;2021-06-27;664;268;234698;172473;27.3;20.1
974;2021-06-28;1307;2480;236005;174953;27.4;20.3
974;2021-06-29;1755;2846;237760;177799;27.6;20.7
974;2021-06-30;2561;3843;240321;181642;27.9;21.1
974;2021-07-01;2699;3826;243020;185468;28.3;21.6
974;2021-07-02;2511;3708;245531;189176;28.6;22.0
974;2021-07-03;1613;2456;247144;191632;28.7;22.3
974;2021-07-04;881;1038;248025;192670;28.8;22.4
974;2021-07-05;1696;2222;249721;194892;29.0;22.7
974;2021-07-06;2569;2545;252290;197437;29.3;23.0
974;2021-07-07;2664;3135;254954;200572;29.6;23.3
974;2021-07-08;2417;3172;257371;203744;29.9;23.7
974;2021-07-09;2761;3427;260132;207171;30.2;24.1
974;2021-07-10;1618;2192;261750;209363;30.4;24.3
974;2021-07-11;729;1017;262479;210380;30.5;24.5
974;2021-07-12;1745;2604;264224;212984;30.7;24.8
974;2021-07-13;4432;3346;268656;216330;31.2;25.2
974;2021-07-14;3300;608;271956;216938;31.6;25.2
974;2021-07-15;5556;4023;277512;220961;32.3;25.7
974;2021-07-16;6241;3299;283753;224260;33.0;26.1
974;2021-07-17;4373;1912;288126;226172;33.5;26.3
974;2021-07-18;2673;765;290799;226937;33.8;26.4
974;2021-07-19;4650;2030;295449;228967;34.4;26.6
974;2021-07-20;6233;2429;301682;231396;35.1;26.9
974;2021-07-21;6746;2861;308428;234257;35.9;27.2
974;2021-07-22;7140;2826;315568;237083;36.7;27.6
974;2021-07-23;6641;2978;322209;240061;37.5;27.9
974;2021-07-24;3800;2066;326009;242127;37.9;28.2
974;2021-07-25;2522;754;328531;242881;38.2;28.2
974;2021-07-26;4371;2097;332902;244978;38.7;28.5
974;2021-07-27;5442;2561;338344;247539;39.3;28.8
974;2021-07-28;5396;2906;343740;250445;40.0;29.1
974;2021-07-29;5744;2809;349484;253254;40.6;29.4
974;2021-07-30;5876;2581;355360;255835;41.3;29.7
974;2021-07-31;3936;1648;359296;257483;41.8;29.9
974;2021-08-01;1907;715;361203;258198;42.0;30.0
974;2021-08-02;3434;1867;364637;260065;42.4;30.2
974;2021-08-03;4301;4074;368938;264139;42.9;30.7
974;2021-08-04;4878;4233;373816;268372;43.5;31.2
974;2021-08-05;4446;4667;378262;273039;44.0;31.8
974;2021-08-06;4082;5104;382344;278143;44.5;32.3
974;2021-08-07;2748;4042;385092;282185;44.8;32.8
974;2021-08-08;1481;2265;386573;284450;45.0;33.1
974;2021-08-09;2574;4525;389147;288975;45.3;33.6
974;2021-08-10;3790;4962;392937;293937;45.7;34.2
974;2021-08-11;4634;5448;397571;299385;46.2;34.8
974;2021-08-12;4714;5917;402285;305302;46.8;35.5
974;2021-08-13;4458;5828;406743;311130;47.3;36.2
974;2021-08-14;2607;4329;409350;315459;47.6;36.7
974;2021-08-15;1573;2175;410923;317634;47.8;36.9
974;2021-08-16;2345;4181;413268;321815;48.1;37.4
974;2021-08-17;3187;4525;416455;326340;48.4;37.9
974;2021-08-18;3348;5901;419803;332241;48.8;38.6
974;2021-08-19;3311;4908;423114;337149;49.2;39.2
974;2021-08-20;3441;5274;426555;342423;49.6;39.8
974;2021-08-21;1834;4615;428389;347038;49.8;40.4
974;2021-08-22;1019;1944;429408;348982;49.9;40.6
974;2021-08-23;1816;3326;431224;352308;50.1;41.0
974;2021-08-24;2461;3773;433685;356081;50.4;41.4
974;2021-08-25;2906;5217;436591;361298;50.8;42.0
974;2021-08-26;2667;3870;439258;365168;51.1;42.5
974;2021-08-27;2779;4011;442037;369179;51.4;42.9
974;2021-08-28;1865;3884;443902;373063;51.6;43.4
974;2021-08-29;760;1574;444662;374637;51.7;43.6
974;2021-08-30;1565;2533;446227;377170;51.9;43.9
974;2021-08-31;1866;3350;448093;380520;52.1;44.2
974;2021-09-01;2407;4909;450500;385429;52.4;44.8
974;2021-09-02;2254;4317;452754;389746;52.6;45.3
974;2021-09-03;2339;4539;455093;394285;52.9;45.8
974;2021-09-04;1585;3921;456678;398206;53.1;46.3
974;2021-09-05;607;1338;457285;399544;53.2;46.5
974;2021-09-06;1215;2552;458500;402096;53.3;46.8
974;2021-09-07;1366;3204;459866;405300;53.5;47.1
974;2021-09-08;2109;3967;461975;409267;53.7;47.6
974;2021-09-09;1794;3435;463769;412702;53.9;48.0
974;2021-09-10;1928;3819;465697;416521;54.2;48.4
974;2021-09-11;1534;2510;467231;419031;54.3;48.7
974;2021-09-12;391;972;467622;420003;54.4;48.8
974;2021-09-13;1078;1939;468700;421942;54.5;49.1
974;2021-09-14;1512;2458;470212;424400;54.7;49.4
974;2021-09-15;1817;3030;472029;427430;54.9;49.7
974;2021-09-16;1382;2782;473411;430212;55.1;50.0
974;2021-09-17;1482;3063;474893;433275;55.2;50.4
974;2021-09-18;1196;1957;476089;435232;55.4;50.6
974;2021-09-19;290;717;476379;435949;55.4;50.7
974;2021-09-20;716;1631;477095;437580;55.5;50.9
974;2021-09-21;837;1815;477932;439395;55.6;51.1
974;2021-09-22;1248;2516;479180;441911;55.7;51.4
974;2021-09-23;845;2119;480025;444030;55.8;51.6
974;2021-09-24;1098;2475;481123;446505;55.9;51.9
974;2021-09-25;768;1879;481891;448384;56.0;52.1
974;2021-09-26;160;518;482051;448902;56.1;52.2
974;2021-09-27;608;1071;482659;449973;56.1;52.3
974;2021-09-28;850;1535;483509;451508;56.2;52.5
974;2021-09-29;1200;2325;484709;453833;56.4;52.8
974;2021-09-30;992;1753;485701;455586;56.5;53.0
974;2021-10-01;1277;1988;486978;457574;56.6;53.2
974;2021-10-02;946;1467;487924;459041;56.7;53.4
974;2021-10-03;265;385;488189;459426;56.8;53.4
974;2021-10-04;719;1148;488908;460574;56.9;53.6
974;2021-10-05;938;1340;489846;461914;57.0;53.7
976;2020-12-27;0;0;0;0;0.0;0.0
976;2020-12-28;0;0;0;0;0.0;0.0
976;2020-12-29;0;0;0;0;0.0;0.0
976;2020-12-30;0;0;0;0;0.0;0.0
976;2020-12-31;0;0;0;0;0.0;0.0
976;2021-01-01;0;0;0;0;0.0;0.0
976;2021-01-02;0;0;0;0;0.0;0.0
976;2021-01-03;0;0;0;0;0.0;0.0
976;2021-01-04;0;0;0;0;0.0;0.0
976;2021-01-05;0;0;0;0;0.0;0.0
976;2021-01-06;0;0;0;0;0.0;0.0
976;2021-01-07;0;0;0;0;0.0;0.0
976;2021-01-08;0;0;0;0;0.0;0.0
976;2021-01-09;0;0;0;0;0.0;0.0
976;2021-01-10;0;0;0;0;0.0;0.0
976;2021-01-11;9;0;9;0;0.0;0.0
976;2021-01-12;0;0;9;0;0.0;0.0
976;2021-01-13;0;0;9;0;0.0;0.0
976;2021-01-14;0;0;9;0;0.0;0.0
976;2021-01-15;1;0;10;0;0.0;0.0
976;2021-01-16;1;0;11;0;0.0;0.0
976;2021-01-17;0;0;11;0;0.0;0.0
976;2021-01-18;1;0;12;0;0.0;0.0
976;2021-01-19;0;0;12;0;0.0;0.0
976;2021-01-20;0;0;12;0;0.0;0.0
976;2021-01-21;1;1;13;1;0.0;0.0
976;2021-01-22;0;0;13;1;0.0;0.0
976;2021-01-23;1;0;14;1;0.0;0.0
976;2021-01-24;0;0;14;1;0.0;0.0
976;2021-01-25;144;3;158;4;0.1;0.0
976;2021-01-26;167;2;325;6;0.1;0.0
976;2021-01-27;250;3;575;9;0.2;0.0
976;2021-01-28;104;8;679;17;0.2;0.0
976;2021-01-29;233;3;912;20;0.3;0.0
976;2021-01-30;286;11;1198;31;0.4;0.0
976;2021-01-31;1;0;1199;31;0.4;0.0
976;2021-02-01;161;2;1360;33;0.5;0.0
976;2021-02-02;328;11;1688;44;0.6;0.0
976;2021-02-03;227;4;1915;48;0.7;0.0
976;2021-02-04;215;9;2130;57;0.8;0.0
976;2021-02-05;213;1;2343;58;0.8;0.0
976;2021-02-06;83;10;2426;68;0.9;0.0
976;2021-02-07;0;0;2426;68;0.9;0.0
976;2021-02-08;82;3;2508;71;0.9;0.0
976;2021-02-09;194;2;2702;73;1.0;0.0
976;2021-02-10;187;5;2889;78;1.0;0.0
976;2021-02-11;236;4;3125;82;1.1;0.0
976;2021-02-12;288;4;3413;86;1.2;0.0
976;2021-02-13;56;0;3469;86;1.2;0.0
976;2021-02-14;1;0;3470;86;1.2;0.0
976;2021-02-15;358;9;3828;95;1.4;0.0
976;2021-02-16;266;10;4094;105;1.5;0.0
976;2021-02-17;167;9;4261;114;1.5;0.0
976;2021-02-18;217;15;4478;129;1.6;0.0
976;2021-02-19;237;24;4715;153;1.7;0.1
976;2021-02-20;138;9;4853;162;1.7;0.1
976;2021-02-21;0;0;4853;162;1.7;0.1
976;2021-02-22;130;117;4983;279;1.8;0.1
976;2021-02-23;185;152;5168;431;1.8;0.2
976;2021-02-24;176;146;5344;577;1.9;0.2
976;2021-02-25;227;273;5571;850;2.0;0.3
976;2021-02-26;242;245;5813;1095;2.1;0.4
976;2021-02-27;0;0;5813;1095;2.1;0.4
976;2021-02-28;0;0;5813;1095;2.1;0.4
976;2021-03-01;146;255;5959;1350;2.1;0.5
976;2021-03-02;228;257;6187;1607;2.2;0.6
976;2021-03-03;202;190;6389;1797;2.3;0.6
976;2021-03-04;205;143;6594;1940;2.4;0.7
976;2021-03-05;225;116;6819;2056;2.4;0.7
976;2021-03-06;1;0;6820;2056;2.4;0.7
976;2021-03-07;1;0;6821;2056;2.4;0.7
976;2021-03-08;189;112;7010;2168;2.5;0.8
976;2021-03-09;390;163;7400;2331;2.6;0.8
976;2021-03-10;179;178;7579;2509;2.7;0.9
976;2021-03-11;167;208;7746;2717;2.8;1.0
976;2021-03-12;237;293;7983;3010;2.9;1.1
976;2021-03-13;3;0;7986;3010;2.9;1.1
976;2021-03-14;0;0;7986;3010;2.9;1.1
976;2021-03-15;157;295;8143;3305;2.9;1.2
976;2021-03-16;238;226;8381;3531;3.0;1.3
976;2021-03-17;264;145;8645;3676;3.1;1.3
976;2021-03-18;174;235;8819;3911;3.2;1.4
976;2021-03-19;174;296;8993;4207;3.2;1.5
976;2021-03-20;0;0;8993;4207;3.2;1.5
976;2021-03-21;0;0;8993;4207;3.2;1.5
976;2021-03-22;97;136;9090;4343;3.3;1.6
976;2021-03-23;136;238;9226;4581;3.3;1.6
976;2021-03-24;160;146;9386;4727;3.4;1.7
976;2021-03-25;184;206;9570;4933;3.4;1.8
976;2021-03-26;160;212;9730;5145;3.5;1.8
976;2021-03-27;18;0;9748;5145;3.5;1.8
976;2021-03-28;1;0;9749;5145;3.5;1.8
976;2021-03-29;0;2;9749;5147;3.5;1.8
976;2021-03-30;272;337;10021;5484;3.6;2.0
976;2021-03-31;225;124;10246;5608;3.7;2.0
976;2021-04-01;246;104;10492;5712;3.8;2.0
976;2021-04-02;286;262;10778;5974;3.9;2.1
976;2021-04-03;905;310;11683;6284;4.2;2.2
976;2021-04-04;2;0;11685;6284;4.2;2.2
976;2021-04-05;1;0;11686;6284;4.2;2.2
976;2021-04-06;161;277;11847;6561;4.2;2.3
976;2021-04-07;237;266;12084;6827;4.3;2.4
976;2021-04-08;283;140;12367;6967;4.4;2.5
976;2021-04-09;248;172;12615;7139;4.5;2.6
976;2021-04-10;181;114;12796;7253;4.6;2.6
976;2021-04-11;7;0;12803;7253;4.6;2.6
976;2021-04-12;0;18;12803;7271;4.6;2.6
976;2021-04-13;395;345;13198;7616;4.7;2.7
976;2021-04-14;239;205;13437;7821;4.8;2.8
976;2021-04-15;209;117;13646;7938;4.9;2.8
976;2021-04-16;214;127;13860;8065;5.0;2.9
976;2021-04-17;225;130;14085;8195;5.0;2.9
976;2021-04-18;1;0;14086;8195;5.0;2.9
976;2021-04-19;7;1;14093;8196;5.0;2.9
976;2021-04-20;367;221;14460;8417;5.2;3.0
976;2021-04-21;411;150;14871;8567;5.3;3.1
976;2021-04-22;410;150;15281;8717;5.5;3.1
976;2021-04-23;366;166;15647;8883;5.6;3.2
976;2021-04-24;413;128;16060;9011;5.7;3.2
976;2021-04-25;3;0;16063;9011;5.7;3.2
976;2021-04-26;55;8;16118;9019;5.8;3.2
976;2021-04-27;351;292;16469;9311;5.9;3.3
976;2021-04-28;355;512;16824;9823;6.0;3.5
976;2021-04-29;559;343;17383;10166;6.2;3.6
976;2021-04-30;408;238;17791;10404;6.4;3.7
976;2021-05-01;671;286;18462;10690;6.6;3.8
976;2021-05-02;0;0;18462;10690;6.6;3.8
976;2021-05-03;140;6;18602;10696;6.7;3.8
976;2021-05-04;354;425;18956;11121;6.8;4.0
976;2021-05-05;447;318;19403;11439;6.9;4.1
976;2021-05-06;320;202;19723;11641;7.1;4.2
976;2021-05-07;341;133;20064;11774;7.2;4.2
976;2021-05-08;309;141;20373;11915;7.3;4.3
976;2021-05-09;0;0;20373;11915;7.3;4.3
976;2021-05-10;9;9;20382;11924;7.3;4.3
976;2021-05-11;363;492;20745;12416;7.4;4.4
976;2021-05-12;334;310;21079;12726;7.5;4.6
976;2021-05-13;126;96;21205;12822;7.6;4.6
976;2021-05-14;0;0;21205;12822;7.6;4.6
976;2021-05-15;485;282;21690;13104;7.8;4.7
976;2021-05-16;1;0;21691;13104;7.8;4.7
976;2021-05-17;124;51;21815;13155;7.8;4.7
976;2021-05-18;518;430;22333;13585;8.0;4.9
976;2021-05-19;651;663;22984;14248;8.2;5.1
976;2021-05-20;1057;499;24041;14747;8.6;5.3
976;2021-05-21;1046;313;25087;15060;9.0;5.4
976;2021-05-22;1241;298;26328;15358;9.4;5.5
976;2021-05-23;0;0;26328;15358;9.4;5.5
976;2021-05-24;1;0;26329;15358;9.4;5.5
976;2021-05-25;889;622;27218;15980;9.7;5.7
976;2021-05-26;1033;842;28251;16822;10.1;6.0
976;2021-05-27;1321;512;29572;17334;10.6;6.2
976;2021-05-28;956;375;30528;17709;10.9;6.3
976;2021-05-29;1130;392;31658;18101;11.3;6.5
976;2021-05-30;1;1;31659;18102;11.3;6.5
976;2021-05-31;107;6;31766;18108;11.4;6.5
976;2021-06-01;1149;651;32915;18759;11.8;6.7
976;2021-06-02;1243;531;34158;19290;12.2;6.9
976;2021-06-03;813;355;34971;19645;12.5;7.0
976;2021-06-04;1000;325;35971;19970;12.9;7.1
976;2021-06-05;680;299;36651;20269;13.1;7.3
976;2021-06-06;1;0;36652;20269;13.1;7.3
976;2021-06-07;92;12;36744;20281;13.1;7.3
976;2021-06-08;952;442;37696;20723;13.5;7.4
976;2021-06-09;969;550;38665;21273;13.8;7.6
976;2021-06-10;704;232;39369;21505;14.1;7.7
976;2021-06-11;850;365;40219;21870;14.4;7.8
976;2021-06-12;583;275;40802;22145;14.6;7.9
976;2021-06-13;2;0;40804;22145;14.6;7.9
976;2021-06-14;187;112;40991;22257;14.7;8.0
976;2021-06-15;412;838;41403;23095;14.8;8.3
976;2021-06-16;891;1441;42294;24536;15.1;8.8
976;2021-06-17;798;661;43092;25197;15.4;9.0
976;2021-06-18;705;620;43797;25817;15.7;9.2
976;2021-06-19;537;645;44334;26462;15.9;9.5
976;2021-06-20;1;0;44335;26462;15.9;9.5
976;2021-06-21;127;132;44462;26594;15.9;9.5
976;2021-06-22;429;1150;44891;27744;16.1;9.9
976;2021-06-23;691;1186;45582;28930;16.3;10.4
976;2021-06-24;480;544;46062;29474;16.5;10.5
976;2021-06-25;542;479;46604;29953;16.7;10.7
976;2021-06-26;386;692;46990;30645;16.8;11.0
976;2021-06-27;1;0;46991;30645;16.8;11.0
976;2021-06-28;108;191;47099;30836;16.9;11.0
976;2021-06-29;742;973;47841;31809;17.1;11.4
976;2021-06-30;710;948;48551;32757;17.4;11.7
976;2021-07-01;584;547;49135;33304;17.6;11.9
976;2021-07-02;451;432;49586;33736;17.7;12.1
976;2021-07-03;443;422;50029;34158;17.9;12.2
976;2021-07-04;2;0;50031;34158;17.9;12.2
976;2021-07-05;121;223;50152;34381;17.9;12.3
976;2021-07-06;498;865;50650;35246;18.1;12.6
976;2021-07-07;770;1014;51420;36260;18.4;13.0
976;2021-07-08;834;636;52254;36896;18.7;13.2
976;2021-07-09;786;519;53040;37415;19.0;13.4
976;2021-07-10;441;319;53481;37734;19.1;13.5
976;2021-07-11;0;0;53481;37734;19.1;13.5
976;2021-07-12;164;170;53645;37904;19.2;13.6
976;2021-07-13;847;1000;54492;38904;19.5;13.9
976;2021-07-14;0;5;54492;38909;19.5;13.9
976;2021-07-15;1220;812;55712;39721;19.9;14.2
976;2021-07-16;1292;657;57004;40378;20.4;14.4
976;2021-07-17;1033;377;58037;40755;20.8;14.6
976;2021-07-18;0;0;58037;40755;20.8;14.6
976;2021-07-19;206;134;58243;40889;20.8;14.6
976;2021-07-20;1155;877;59398;41766;21.3;14.9
976;2021-07-21;34;29;59432;41795;21.3;15.0
976;2021-07-22;1123;666;60555;42461;21.7;15.2
976;2021-07-23;1206;545;61761;43006;22.1;15.4
976;2021-07-24;855;440;62616;43446;22.4;15.5
976;2021-07-25;2;0;62618;43446;22.4;15.5
976;2021-07-26;180;37;62798;43483;22.5;15.6
976;2021-07-27;1138;826;63936;44309;22.9;15.9
976;2021-07-28;1043;634;64979;44943;23.3;16.1
976;2021-07-29;1233;566;66212;45509;23.7;16.3
976;2021-07-30;1212;412;67424;45921;24.1;16.4
976;2021-07-31;760;277;68184;46198;24.4;16.5
976;2021-08-01;5;3;68189;46201;24.4;16.5
976;2021-08-02;343;174;68532;46375;24.5;16.6
976;2021-08-03;1504;935;70036;47310;25.1;16.9
976;2021-08-04;1827;808;71863;48118;25.7;17.2
976;2021-08-05;1462;504;73325;48622;26.2;17.4
976;2021-08-06;1691;509;75016;49131;26.8;17.6
976;2021-08-07;912;358;75928;49489;27.2;17.7
976;2021-08-08;7;1;75935;49490;27.2;17.7
976;2021-08-09;529;236;76464;49726;27.4;17.8
976;2021-08-10;1641;1380;78105;51106;27.9;18.3
976;2021-08-11;2043;1239;80148;52345;28.7;18.7
976;2021-08-12;1710;621;81858;52966;29.3;19.0
976;2021-08-13;1573;534;83431;53500;29.9;19.1
976;2021-08-14;833;456;84264;53956;30.2;19.3
976;2021-08-15;0;0;84264;53956;30.2;19.3
976;2021-08-16;568;291;84832;54247;30.4;19.4
976;2021-08-17;1828;1300;86660;55547;31.0;19.9
976;2021-08-18;2231;1226;88891;56773;31.8;20.3
976;2021-08-19;1981;555;90872;57328;32.5;20.5
976;2021-08-20;1801;551;92673;57879;33.2;20.7
976;2021-08-21;1057;521;93730;58400;33.5;20.9
976;2021-08-22;15;0;93745;58400;33.5;20.9
976;2021-08-23;576;271;94321;58671;33.7;21.0
976;2021-08-24;1063;1009;95384;59680;34.1;21.4
976;2021-08-25;1083;1293;96467;60973;34.5;21.8
976;2021-08-26;910;574;97377;61547;34.8;22.0
976;2021-08-27;739;565;98116;62112;35.1;22.2
976;2021-08-28;472;858;98588;62970;35.3;22.5
976;2021-08-29;0;12;98588;62982;35.3;22.5
976;2021-08-30;150;256;98738;63238;35.3;22.6
976;2021-08-31;655;1162;99393;64400;35.6;23.0
976;2021-09-01;815;1396;100208;65796;35.9;23.5
976;2021-09-02;847;904;101055;66700;36.2;23.9
976;2021-09-03;909;1296;101964;67996;36.5;24.3
976;2021-09-04;432;999;102396;68995;36.6;24.7
976;2021-09-05;0;1;102396;68996;36.6;24.7
976;2021-09-06;445;402;102841;69398;36.8;24.8
976;2021-09-07;740;703;103581;70101;37.1;25.1
976;2021-09-08;1105;1265;104686;71366;37.5;25.5
976;2021-09-09;885;1016;105571;72382;37.8;25.9
976;2021-09-10;1213;1085;106784;73467;38.2;26.3
976;2021-09-11;532;1037;107316;74504;38.4;26.7
976;2021-09-12;0;32;107316;74536;38.4;26.7
976;2021-09-13;701;620;108017;75156;38.7;26.9
976;2021-09-14;1076;723;109093;75879;39.0;27.2
976;2021-09-15;1683;1181;110776;77060;39.6;27.6
976;2021-09-16;1735;893;112511;77953;40.3;27.9
976;2021-09-17;1842;1061;114353;79014;40.9;28.3
976;2021-09-18;952;783;115305;79797;41.3;28.6
976;2021-09-19;1;52;115306;79849;41.3;28.6
976;2021-09-20;1009;543;116315;80392;41.6;28.8
976;2021-09-21;1650;770;117965;81162;42.2;29.0
976;2021-09-22;1438;964;119403;82126;42.7;29.4
976;2021-09-23;1021;879;120424;83005;43.1;29.7
976;2021-09-24;1085;1011;121509;84016;43.5;30.1
976;2021-09-25;489;478;121998;84494;43.7;30.2
976;2021-09-26;0;21;121998;84515;43.7;30.2
976;2021-09-27;691;423;122689;84938;43.9;30.4
976;2021-09-28;1167;924;123856;85862;44.3;30.7
976;2021-09-29;1331;1059;125187;86921;44.8;31.1
976;2021-09-30;994;684;126181;87605;45.1;31.3
976;2021-10-01;1260;1367;127441;88972;45.6;31.8
976;2021-10-02;454;649;127895;89621;45.8;32.1
976;2021-10-03;0;0;127895;89621;45.8;32.1
976;2021-10-04;689;618;128584;90239;46.0;32.3
976;2021-10-05;778;965;129362;91204;46.3;32.6
977;2020-12-27;0;0;0;0;0.0;0.0
977;2020-12-28;0;0;0;0;0.0;0.0
977;2020-12-29;0;0;0;0;0.0;0.0
977;2020-12-30;0;0;0;0;0.0;0.0
977;2020-12-31;0;0;0;0;0.0;0.0
977;2021-01-01;0;0;0;0;0.0;0.0
977;2021-01-02;0;0;0;0;0.0;0.0
977;2021-01-03;0;0;0;0;0.0;0.0
977;2021-01-04;0;0;0;0;0.0;0.0
977;2021-01-05;0;0;0;0;0.0;0.0
977;2021-01-06;0;0;0;0;0.0;0.0
977;2021-01-07;0;0;0;0;0.0;0.0
977;2021-01-08;0;0;0;0;0.0;0.0
977;2021-01-09;0;0;0;0;0.0;0.0
977;2021-01-10;0;0;0;0;0.0;0.0
977;2021-01-11;0;0;0;0;0.0;0.0
977;2021-01-12;0;0;0;0;0.0;0.0
977;2021-01-13;0;0;0;0;0.0;0.0
977;2021-01-14;0;0;0;0;0.0;0.0
977;2021-01-15;0;0;0;0;0.0;0.0
977;2021-01-16;0;0;0;0;0.0;0.0
977;2021-01-17;0;0;0;0;0.0;0.0
977;2021-01-18;1;0;1;0;0.0;0.0
977;2021-01-19;0;0;1;0;0.0;0.0
977;2021-01-20;0;0;1;0;0.0;0.0
977;2021-01-21;12;0;13;0;0.1;0.0
977;2021-01-22;12;0;25;0;0.3;0.0
977;2021-01-23;0;0;25;0;0.3;0.0
977;2021-01-24;0;0;25;0;0.3;0.0
977;2021-01-25;0;0;25;0;0.3;0.0
977;2021-01-26;0;0;25;0;0.3;0.0
977;2021-01-27;12;0;37;0;0.4;0.0
977;2021-01-28;1;0;38;0;0.4;0.0
977;2021-01-29;6;0;44;0;0.4;0.0
977;2021-01-30;0;0;44;0;0.4;0.0
977;2021-01-31;0;0;44;0;0.4;0.0
977;2021-02-01;0;0;44;0;0.4;0.0
977;2021-02-02;0;0;44;0;0.4;0.0
977;2021-02-03;11;0;55;0;0.6;0.0
977;2021-02-04;12;0;67;0;0.7;0.0
977;2021-02-05;11;0;78;0;0.8;0.0
977;2021-02-06;0;0;78;0;0.8;0.0
977;2021-02-07;0;0;78;0;0.8;0.0
977;2021-02-08;0;0;78;0;0.8;0.0
977;2021-02-09;14;0;92;0;0.9;0.0
977;2021-02-10;0;0;92;0;0.9;0.0
977;2021-02-11;18;0;110;0;1.1;0.0
977;2021-02-12;46;0;156;0;1.6;0.0
977;2021-02-13;0;0;156;0;1.6;0.0
977;2021-02-14;0;0;156;0;1.6;0.0
977;2021-02-15;0;0;156;0;1.6;0.0
977;2021-02-16;0;0;156;0;1.6;0.0
977;2021-02-17;0;0;156;0;1.6;0.0
977;2021-02-18;19;0;175;0;1.8;0.0
977;2021-02-19;35;0;210;0;2.1;0.0
977;2021-02-20;0;0;210;0;2.1;0.0
977;2021-02-21;0;0;210;0;2.1;0.0
977;2021-02-22;0;0;210;0;2.1;0.0
977;2021-02-23;0;18;210;18;2.1;0.2
977;2021-02-24;0;0;210;18;2.1;0.2
977;2021-02-25;15;3;225;21;2.3;0.2
977;2021-02-26;33;17;258;38;2.6;0.4
977;2021-02-27;0;0;258;38;2.6;0.4
977;2021-02-28;0;0;258;38;2.6;0.4
977;2021-03-01;0;0;258;38;2.6;0.4
977;2021-03-02;19;11;277;49;2.8;0.5
977;2021-03-03;0;0;277;49;2.8;0.5
977;2021-03-04;16;9;293;58;2.9;0.6
977;2021-03-05;35;16;328;74;3.3;0.7
977;2021-03-06;0;0;328;74;3.3;0.7
977;2021-03-07;0;0;328;74;3.3;0.7
977;2021-03-08;0;0;328;74;3.3;0.7
977;2021-03-09;1;0;329;74;3.3;0.7
977;2021-03-10;0;0;329;74;3.3;0.7
977;2021-03-11;20;26;349;100;3.5;1.0
977;2021-03-12;62;42;411;142;4.1;1.4
977;2021-03-13;0;0;411;142;4.1;1.4
977;2021-03-14;0;0;411;142;4.1;1.4
977;2021-03-15;0;0;411;142;4.1;1.4
977;2021-03-16;30;10;441;152;4.4;1.5
977;2021-03-17;0;0;441;152;4.4;1.5
977;2021-03-18;30;16;471;168;4.7;1.7
977;2021-03-19;58;27;529;195;5.3;2.0
977;2021-03-20;0;0;529;195;5.3;2.0
977;2021-03-21;0;0;529;195;5.3;2.0
977;2021-03-22;0;0;529;195;5.3;2.0
977;2021-03-23;0;0;529;195;5.3;2.0
977;2021-03-24;0;0;529;195;5.3;2.0
977;2021-03-25;65;17;594;212;6.0;2.1
977;2021-03-26;73;25;667;237;6.7;2.4
977;2021-03-27;0;0;667;237;6.7;2.4
977;2021-03-28;0;0;667;237;6.7;2.4
977;2021-03-29;0;0;667;237;6.7;2.4
977;2021-03-30;39;16;706;253;7.1;2.5
977;2021-03-31;26;14;732;267;7.3;2.7
977;2021-04-01;25;32;757;299;7.6;3.0
977;2021-04-02;0;0;757;299;7.6;3.0
977;2021-04-03;0;0;757;299;7.6;3.0
977;2021-04-04;0;0;757;299;7.6;3.0
977;2021-04-05;9;0;766;299;7.7;3.0
977;2021-04-06;0;0;766;299;7.7;3.0
977;2021-04-07;0;0;766;299;7.7;3.0
977;2021-04-08;57;46;823;345;8.3;3.5
977;2021-04-09;58;31;881;376;8.8;3.8
977;2021-04-10;0;0;881;376;8.8;3.8
977;2021-04-11;0;0;881;376;8.8;3.8
977;2021-04-12;0;0;881;376;8.8;3.8
977;2021-04-13;0;0;881;376;8.8;3.8
977;2021-04-14;5;5;886;381;8.9;3.8
977;2021-04-15;57;70;943;451;9.5;4.5
977;2021-04-16;89;35;1032;486;10.4;4.9
977;2021-04-17;0;1;1032;487;10.4;4.9
977;2021-04-18;0;0;1032;487;10.4;4.9
977;2021-04-19;1;0;1033;487;10.4;4.9
977;2021-04-20;335;62;1368;549;13.7;5.5
977;2021-04-21;337;30;1705;579;17.1;5.8
977;2021-04-22;284;47;1989;626;20.0;6.3
977;2021-04-23;260;42;2249;668;22.6;6.7
977;2021-04-24;231;1;2480;669;24.9;6.7
977;2021-04-25;0;0;2480;669;24.9;6.7
977;2021-04-26;283;19;2763;688;27.7;6.9
977;2021-04-27;224;67;2987;755;30.0;7.6
977;2021-04-28;192;26;3179;781;31.9;7.8
977;2021-04-29;170;23;3349;804;33.6;8.1
977;2021-04-30;171;16;3520;820;35.3;8.2
977;2021-05-01;202;11;3722;831;37.4;8.3
977;2021-05-02;0;0;3722;831;37.4;8.3
977;2021-05-03;135;9;3857;840;38.7;8.4
977;2021-05-04;161;54;4018;894;40.3;9.0
977;2021-05-05;221;28;4239;922;42.6;9.3
977;2021-05-06;175;33;4414;955;44.3;9.6
977;2021-05-07;149;32;4563;987;45.8;9.9
977;2021-05-08;1;0;4564;987;45.8;9.9
977;2021-05-09;0;0;4564;987;45.8;9.9
977;2021-05-10;0;0;4564;987;45.8;9.9
977;2021-05-11;3;41;4567;1028;45.8;10.3
977;2021-05-12;6;36;4573;1064;45.9;10.7
977;2021-05-13;0;0;4573;1064;45.9;10.7
977;2021-05-14;28;98;4601;1162;46.2;11.7
977;2021-05-15;0;0;4601;1162;46.2;11.7
977;2021-05-16;1;0;4602;1162;46.2;11.7
977;2021-05-17;1;14;4603;1176;46.2;11.8
977;2021-05-18;17;32;4620;1208;46.4;12.1
977;2021-05-19;1;2;4621;1210;46.4;12.1
977;2021-05-20;0;8;4621;1218;46.4;12.2
977;2021-05-21;12;31;4633;1249;46.5;12.5
977;2021-05-22;0;0;4633;1249;46.5;12.5
977;2021-05-23;0;0;4633;1249;46.5;12.5
977;2021-05-24;0;0;4633;1249;46.5;12.5
977;2021-05-25;50;331;4683;1580;47.0;15.9
977;2021-05-26;54;360;4737;1940;47.6;19.5
977;2021-05-27;34;317;4771;2257;47.9;22.7
977;2021-05-28;27;256;4798;2513;48.2;25.2
977;2021-05-29;35;375;4833;2888;48.5;29.0
977;2021-05-30;1;0;4834;2888;48.5;29.0
977;2021-05-31;45;216;4879;3104;49.0;31.2
977;2021-06-01;48;227;4927;3331;49.5;33.4
977;2021-06-02;69;273;4996;3604;50.2;36.2
977;2021-06-03;43;252;5039;3856;50.6;38.7
977;2021-06-04;82;270;5121;4126;51.4;41.4
977;2021-06-05;1;0;5122;4126;51.4;41.4
977;2021-06-06;0;0;5122;4126;51.4;41.4
977;2021-06-07;1;1;5123;4127;51.4;41.4
977;2021-06-08;8;2;5131;4129;51.5;41.5
977;2021-06-09;0;3;5131;4132;51.5;41.5
977;2021-06-10;8;4;5139;4136;51.6;41.5
977;2021-06-11;4;8;5143;4144;51.6;41.6
977;2021-06-12;15;59;5158;4203;51.8;42.2
977;2021-06-13;0;0;5158;4203;51.8;42.2
977;2021-06-14;0;0;5158;4203;51.8;42.2
977;2021-06-15;0;1;5158;4204;51.8;42.2
977;2021-06-16;0;0;5158;4204;51.8;42.2
977;2021-06-17;2;6;5160;4210;51.8;42.3
977;2021-06-18;0;2;5160;4212;51.8;42.3
977;2021-06-19;25;49;5185;4261;52.1;42.8
977;2021-06-20;0;0;5185;4261;52.1;42.8
977;2021-06-21;1;2;5186;4263;52.1;42.8
977;2021-06-22;9;0;5195;4263;52.2;42.8
977;2021-06-23;15;9;5210;4272;52.3;42.9
977;2021-06-24;10;5;5220;4277;52.4;42.9
977;2021-06-25;0;0;5220;4277;52.4;42.9
977;2021-06-26;25;45;5245;4322;52.7;43.4
977;2021-06-27;0;0;5245;4322;52.7;43.4
977;2021-06-28;0;0;5245;4322;52.7;43.4
977;2021-06-29;0;0;5245;4322;52.7;43.4
977;2021-06-30;0;0;5245;4322;52.7;43.4
977;2021-07-01;28;36;5273;4358;52.9;43.8
977;2021-07-02;26;31;5299;4389;53.2;44.1
977;2021-07-03;30;215;5329;4604;53.5;46.2
977;2021-07-04;0;0;5329;4604;53.5;46.2
977;2021-07-05;4;8;5333;4612;53.5;46.3
977;2021-07-06;0;0;5333;4612;53.5;46.3
977;2021-07-07;8;0;5341;4612;53.6;46.3
977;2021-07-08;33;23;5374;4635;54.0;46.5
977;2021-07-09;23;31;5397;4666;54.2;46.8
977;2021-07-10;33;45;5430;4711;54.5;47.3
977;2021-07-11;0;0;5430;4711;54.5;47.3
977;2021-07-12;0;1;5430;4712;54.5;47.3
977;2021-07-13;10;10;5440;4722;54.6;47.4
977;2021-07-14;0;0;5440;4722;54.6;47.4
977;2021-07-15;1;11;5441;4733;54.6;47.5
977;2021-07-16;44;51;5485;4784;55.1;48.0
977;2021-07-17;34;39;5519;4823;55.4;48.4
977;2021-07-18;1;0;5520;4823;55.4;48.4
977;2021-07-19;3;2;5523;4825;55.4;48.4
977;2021-07-20;3;1;5526;4826;55.5;48.4
977;2021-07-21;33;16;5559;4842;55.8;48.6
977;2021-07-22;36;33;5595;4875;56.2;48.9
977;2021-07-23;32;31;5627;4906;56.5;49.3
977;2021-07-24;42;25;5669;4931;56.9;49.5
977;2021-07-25;0;0;5669;4931;56.9;49.5
977;2021-07-26;13;10;5682;4941;57.0;49.6
977;2021-07-27;0;10;5682;4951;57.0;49.7
977;2021-07-28;31;14;5713;4965;57.4;49.8
977;2021-07-29;33;32;5746;4997;57.7;50.2
977;2021-07-30;31;28;5777;5025;58.0;50.4
977;2021-07-31;53;24;5830;5049;58.5;50.7
977;2021-08-01;0;0;5830;5049;58.5;50.7
977;2021-08-02;11;1;5841;5050;58.6;50.7
977;2021-08-03;0;0;5841;5050;58.6;50.7
977;2021-08-04;40;14;5881;5064;59.0;50.8
977;2021-08-05;28;30;5909;5094;59.3;51.1
977;2021-08-06;35;35;5944;5129;59.7;51.5
977;2021-08-07;56;25;6000;5154;60.2;51.7
977;2021-08-08;0;0;6000;5154;60.2;51.7
977;2021-08-09;7;5;6007;5159;60.3;51.8
977;2021-08-10;15;9;6022;5168;60.5;51.9
977;2021-08-11;36;18;6058;5186;60.8;52.1
977;2021-08-12;24;30;6082;5216;61.1;52.4
977;2021-08-13;32;14;6114;5230;61.4;52.5
977;2021-08-14;20;26;6134;5256;61.6;52.8
977;2021-08-15;0;0;6134;5256;61.6;52.8
977;2021-08-16;14;29;6148;5285;61.7;53.1
977;2021-08-17;15;8;6163;5293;61.9;53.1
977;2021-08-18;25;28;6188;5321;62.1;53.4
977;2021-08-19;31;36;6219;5357;62.4;53.8
977;2021-08-20;27;41;6246;5398;62.7;54.2
977;2021-08-21;34;41;6280;5439;63.0;54.6
977;2021-08-22;6;0;6286;5439;63.1;54.6
977;2021-08-23;3;11;6289;5450;63.1;54.7
977;2021-08-24;8;3;6297;5453;63.2;54.7
977;2021-08-25;20;37;6317;5490;63.4;55.1
977;2021-08-26;27;41;6344;5531;63.7;55.5
977;2021-08-27;27;35;6371;5566;64.0;55.9
977;2021-08-28;27;56;6398;5622;64.2;56.4
977;2021-08-29;0;0;6398;5622;64.2;56.4
977;2021-08-30;1;4;6399;5626;64.2;56.5
977;2021-08-31;1;2;6400;5628;64.3;56.5
977;2021-09-01;10;28;6410;5656;64.4;56.8
977;2021-09-02;22;35;6432;5691;64.6;57.1
977;2021-09-03;26;25;6458;5716;64.8;57.4
977;2021-09-04;37;49;6495;5765;65.2;57.9
977;2021-09-05;0;0;6495;5765;65.2;57.9
977;2021-09-06;4;16;6499;5781;65.2;58.0
977;2021-09-07;1;4;6500;5785;65.3;58.1
977;2021-09-08;12;13;6512;5798;65.4;58.2
977;2021-09-09;20;36;6532;5834;65.6;58.6
977;2021-09-10;7;31;6539;5865;65.6;58.9
977;2021-09-11;36;31;6575;5896;66.0;59.2
977;2021-09-12;0;6;6575;5902;66.0;59.3
977;2021-09-13;4;4;6579;5906;66.0;59.3
977;2021-09-14;1;0;6580;5906;66.1;59.3
977;2021-09-15;11;26;6591;5932;66.2;59.6
977;2021-09-16;15;31;6606;5963;66.3;59.9
977;2021-09-17;10;32;6616;5995;66.4;60.2
977;2021-09-18;21;39;6637;6034;66.6;60.6
977;2021-09-19;0;0;6637;6034;66.6;60.6
977;2021-09-20;0;2;6637;6036;66.6;60.6
977;2021-09-21;0;1;6637;6037;66.6;60.6
977;2021-09-22;10;11;6647;6048;66.7;60.7
977;2021-09-23;7;30;6654;6078;66.8;61.0
977;2021-09-24;0;0;6654;6078;66.8;61.0
977;2021-09-25;11;49;6665;6127;66.9;61.5
977;2021-09-26;0;0;6665;6127;66.9;61.5
977;2021-09-27;0;0;6665;6127;66.9;61.5
977;2021-09-28;0;1;6665;6128;66.9;61.5
977;2021-09-29;5;15;6670;6143;67.0;61.7
977;2021-09-30;18;19;6688;6162;67.1;61.9
977;2021-10-01;0;3;6688;6165;67.1;61.9
977;2021-10-02;10;39;6698;6204;67.2;62.3
977;2021-10-03;0;0;6698;6204;67.2;62.3
977;2021-10-04;0;0;6698;6204;67.2;62.3
977;2021-10-05;0;0;6698;6204;67.2;62.3
978;2020-12-27;0;0;0;0;0.0;0.0
978;2020-12-28;0;0;0;0;0.0;0.0
978;2020-12-29;0;0;0;0;0.0;0.0
978;2020-12-30;0;0;0;0;0.0;0.0
978;2020-12-31;0;0;0;0;0.0;0.0
978;2021-01-01;0;0;0;0;0.0;0.0
978;2021-01-02;0;0;0;0;0.0;0.0
978;2021-01-03;0;0;0;0;0.0;0.0
978;2021-01-04;0;0;0;0;0.0;0.0
978;2021-01-05;0;0;0;0;0.0;0.0
978;2021-01-06;0;0;0;0;0.0;0.0
978;2021-01-07;0;0;0;0;0.0;0.0
978;2021-01-08;0;0;0;0;0.0;0.0
978;2021-01-09;0;0;0;0;0.0;0.0
978;2021-01-10;0;0;0;0;0.0;0.0
978;2021-01-11;0;0;0;0;0.0;0.0
978;2021-01-12;0;0;0;0;0.0;0.0
978;2021-01-13;10;0;10;0;0.0;0.0
978;2021-01-14;12;0;22;0;0.1;0.0
978;2021-01-15;9;0;31;0;0.1;0.0
978;2021-01-16;0;0;31;0;0.1;0.0
978;2021-01-17;0;0;31;0;0.1;0.0
978;2021-01-18;0;0;31;0;0.1;0.0
978;2021-01-19;12;0;43;0;0.1;0.0
978;2021-01-20;13;0;56;0;0.2;0.0
978;2021-01-21;6;0;62;0;0.2;0.0
978;2021-01-22;0;0;62;0;0.2;0.0
978;2021-01-23;0;0;62;0;0.2;0.0
978;2021-01-24;0;0;62;0;0.2;0.0
978;2021-01-25;0;0;62;0;0.2;0.0
978;2021-01-26;9;0;71;0;0.2;0.0
978;2021-01-27;10;0;81;0;0.2;0.0
978;2021-01-28;6;1;87;1;0.2;0.0
978;2021-01-29;0;0;87;1;0.2;0.0
978;2021-01-30;0;0;87;1;0.2;0.0
978;2021-01-31;0;0;87;1;0.2;0.0
978;2021-02-01;1;0;88;1;0.2;0.0
978;2021-02-02;39;0;127;1;0.4;0.0
978;2021-02-03;11;0;138;1;0.4;0.0
978;2021-02-04;32;0;170;1;0.5;0.0
978;2021-02-05;6;0;176;1;0.5;0.0
978;2021-02-06;0;0;176;1;0.5;0.0
978;2021-02-07;0;0;176;1;0.5;0.0
978;2021-02-08;0;0;176;1;0.5;0.0
978;2021-02-09;38;0;214;1;0.6;0.0
978;2021-02-10;27;1;241;2;0.7;0.0
978;2021-02-11;0;0;241;2;0.7;0.0
978;2021-02-12;36;0;277;2;0.8;0.0
978;2021-02-13;0;0;277;2;0.8;0.0
978;2021-02-14;0;0;277;2;0.8;0.0
978;2021-02-15;50;1;327;3;0.9;0.0
978;2021-02-16;0;0;327;3;0.9;0.0
978;2021-02-17;0;0;327;3;0.9;0.0
978;2021-02-18;28;0;355;3;1.0;0.0
978;2021-02-19;44;0;399;3;1.1;0.0
978;2021-02-20;0;0;399;3;1.1;0.0
978;2021-02-21;0;0;399;3;1.1;0.0
978;2021-02-22;45;4;444;7;1.3;0.0
978;2021-02-23;41;25;485;32;1.4;0.1
978;2021-02-24;36;1;521;33;1.5;0.1
978;2021-02-25;55;34;576;67;1.6;0.2
978;2021-02-26;39;5;615;72;1.7;0.2
978;2021-02-27;0;0;615;72;1.7;0.2
978;2021-02-28;0;0;615;72;1.7;0.2
978;2021-03-01;50;4;665;76;1.9;0.2
978;2021-03-02;7;19;672;95;1.9;0.3
978;2021-03-03;53;23;725;118;2.1;0.3
978;2021-03-04;31;18;756;136;2.1;0.4
978;2021-03-05;46;10;802;146;2.3;0.4
978;2021-03-06;0;0;802;146;2.3;0.4
978;2021-03-07;0;0;802;146;2.3;0.4
978;2021-03-08;32;5;834;151;2.4;0.4
978;2021-03-09;21;23;855;174;2.4;0.5
978;2021-03-10;35;25;890;199;2.5;0.6
978;2021-03-11;2;0;892;199;2.5;0.6
978;2021-03-12;53;20;945;219;2.7;0.6
978;2021-03-13;13;0;958;219;2.7;0.6
978;2021-03-14;0;0;958;219;2.7;0.6
978;2021-03-15;31;41;989;260;2.8;0.7
978;2021-03-16;73;5;1062;265;3.0;0.7
978;2021-03-17;67;13;1129;278;3.2;0.8
978;2021-03-18;82;38;1211;316;3.4;0.9
978;2021-03-19;32;50;1243;366;3.5;1.0
978;2021-03-20;0;0;1243;366;3.5;1.0
978;2021-03-21;0;0;1243;366;3.5;1.0
978;2021-03-22;35;45;1278;411;3.6;1.2
978;2021-03-23;30;43;1308;454;3.7;1.3
978;2021-03-24;38;42;1346;496;3.8;1.4
978;2021-03-25;97;34;1443;530;4.1;1.5
978;2021-03-26;45;33;1488;563;4.2;1.6
978;2021-03-27;94;3;1582;566;4.5;1.6
978;2021-03-28;0;0;1582;566;4.5;1.6
978;2021-03-29;69;46;1651;612;4.7;1.7
978;2021-03-30;99;24;1750;636;5.0;1.8
978;2021-03-31;91;49;1841;685;5.2;1.9
978;2021-04-01;57;48;1898;733;5.4;2.1
978;2021-04-02;0;0;1898;733;5.4;2.1
978;2021-04-03;1;0;1899;733;5.4;2.1
978;2021-04-04;0;0;1899;733;5.4;2.1
978;2021-04-05;2;0;1901;733;5.4;2.1
978;2021-04-06;49;63;1950;796;5.5;2.3
978;2021-04-07;93;33;2043;829;5.8;2.3
978;2021-04-08;122;7;2165;836;6.1;2.4
978;2021-04-09;91;39;2256;875;6.4;2.5
978;2021-04-10;170;13;2426;888;6.9;2.5
978;2021-04-11;0;0;2426;888;6.9;2.5
978;2021-04-12;42;74;2468;962;7.0;2.7
978;2021-04-13;49;71;2517;1033;7.1;2.9
978;2021-04-14;82;45;2599;1078;7.4;3.1
978;2021-04-15;92;22;2691;1100;7.6;3.1
978;2021-04-16;77;42;2768;1142;7.8;3.2
978;2021-04-17;165;5;2933;1147;8.3;3.2
978;2021-04-18;0;0;2933;1147;8.3;3.2
978;2021-04-19;52;67;2985;1214;8.4;3.4
978;2021-04-20;83;27;3068;1241;8.7;3.5
978;2021-04-21;91;29;3159;1270;8.9;3.6
978;2021-04-22;101;20;3260;1290;9.2;3.7
978;2021-04-23;45;65;3305;1355;9.4;3.8
978;2021-04-24;99;78;3404;1433;9.6;4.1
978;2021-04-25;0;0;3404;1433;9.6;4.1
978;2021-04-26;29;91;3433;1524;9.7;4.3
978;2021-04-27;59;63;3492;1587;9.9;4.5
978;2021-04-28;93;40;3585;1627;10.1;4.6
978;2021-04-29;89;31;3674;1658;10.4;4.7
978;2021-04-30;103;14;3777;1672;10.7;4.7
978;2021-05-01;0;8;3777;1680;10.7;4.8
978;2021-05-02;0;0;3777;1680;10.7;4.8
978;2021-05-03;25;99;3802;1779;10.8;5.0
978;2021-05-04;159;101;3961;1880;11.2;5.3
978;2021-05-05;142;59;4103;1939;11.6;5.5
978;2021-05-06;199;49;4302;1988;12.2;5.6
978;2021-05-07;127;71;4429;2059;12.5;5.8
978;2021-05-08;69;122;4498;2181;12.7;6.2
978;2021-05-09;0;0;4498;2181;12.7;6.2
978;2021-05-10;124;100;4622;2281;13.1;6.5
978;2021-05-11;132;72;4754;2353;13.5;6.7
978;2021-05-12;155;78;4909;2431;13.9;6.9
978;2021-05-13;83;6;4992;2437;14.1;6.9
978;2021-05-14;130;62;5122;2499;14.5;7.1
978;2021-05-15;86;4;5208;2503;14.7;7.1
978;2021-05-16;0;0;5208;2503;14.7;7.1
978;2021-05-17;146;115;5354;2618;15.2;7.4
978;2021-05-18;151;94;5505;2712;15.6;7.7
978;2021-05-19;84;69;5589;2781;15.8;7.9
978;2021-05-20;104;26;5693;2807;16.1;7.9
978;2021-05-21;98;52;5791;2859;16.4;8.1
978;2021-05-22;99;11;5890;2870;16.7;8.1
978;2021-05-23;0;0;5890;2870;16.7;8.1
978;2021-05-24;33;7;5923;2877;16.8;8.1
978;2021-05-25;119;78;6042;2955;17.1;8.4
978;2021-05-26;108;49;6150;3004;17.4;8.5
978;2021-05-27;112;42;6262;3046;17.7;8.6
978;2021-05-28;33;1;6295;3047;17.8;8.6
978;2021-05-29;60;213;6355;3260;18.0;9.2
978;2021-05-30;0;0;6355;3260;18.0;9.2
978;2021-05-31;111;63;6466;3323;18.3;9.4
978;2021-06-01;116;62;6582;3385;18.6;9.6
978;2021-06-02;131;33;6713;3418;19.0;9.7
978;2021-06-03;101;38;6814;3456;19.3;9.8
978;2021-06-04;128;70;6942;3526;19.6;10.0
978;2021-06-05;83;21;7025;3547;19.9;10.0
978;2021-06-06;0;0;7025;3547;19.9;10.0
978;2021-06-07;96;96;7121;3643;20.2;10.3
978;2021-06-08;82;89;7203;3732;20.4;10.6
978;2021-06-09;99;73;7302;3805;20.7;10.8
978;2021-06-10;112;63;7414;3868;21.0;10.9
978;2021-06-11;116;106;7530;3974;21.3;11.2
978;2021-06-12;57;30;7587;4004;21.5;11.3
978;2021-06-13;0;0;7587;4004;21.5;11.3
978;2021-06-14;105;127;7692;4131;21.8;11.7
978;2021-06-15;88;120;7780;4251;22.0;12.0
978;2021-06-16;105;148;7885;4399;22.3;12.4
978;2021-06-17;85;72;7970;4471;22.6;12.7
978;2021-06-18;67;98;8037;4569;22.7;12.9
978;2021-06-19;65;79;8102;4648;22.9;13.2
978;2021-06-20;0;0;8102;4648;22.9;13.2
978;2021-06-21;78;150;8180;4798;23.2;13.6
978;2021-06-22;71;103;8251;4901;23.4;13.9
978;2021-06-23;68;115;8319;5016;23.5;14.2
978;2021-06-24;43;75;8362;5091;23.7;14.4
978;2021-06-25;64;100;8426;5191;23.8;14.7
978;2021-06-26;35;61;8461;5252;23.9;14.9
978;2021-06-27;0;0;8461;5252;23.9;14.9
978;2021-06-28;73;131;8534;5383;24.2;15.2
978;2021-06-29;62;104;8596;5487;24.3;15.5
978;2021-06-30;56;110;8652;5597;24.5;15.8
978;2021-07-01;42;87;8694;5684;24.6;16.1
978;2021-07-02;52;90;8746;5774;24.8;16.3
978;2021-07-03;40;90;8786;5864;24.9;16.6
978;2021-07-04;0;1;8786;5865;24.9;16.6
978;2021-07-05;67;93;8853;5958;25.1;16.9
978;2021-07-06;55;74;8908;6032;25.2;17.1
978;2021-07-07;55;123;8963;6155;25.4;17.4
978;2021-07-08;54;107;9017;6262;25.5;17.7
978;2021-07-09;45;92;9062;6354;25.6;18.0
978;2021-07-10;38;85;9100;6439;25.8;18.2
978;2021-07-11;0;4;9100;6443;25.8;18.2
978;2021-07-12;71;130;9171;6573;26.0;18.6
978;2021-07-13;146;162;9317;6735;26.4;19.1
978;2021-07-14;3;0;9320;6735;26.4;19.1
978;2021-07-15;161;195;9481;6930;26.8;19.6
978;2021-07-16;113;113;9594;7043;27.2;19.9
978;2021-07-17;52;100;9646;7143;27.3;20.2
978;2021-07-18;0;0;9646;7143;27.3;20.2
978;2021-07-19;99;133;9745;7276;27.6;20.6
978;2021-07-20;80;74;9825;7350;27.8;20.8
978;2021-07-21;63;50;9888;7400;28.0;20.9
978;2021-07-22;97;114;9985;7514;28.3;21.3
978;2021-07-23;67;98;10052;7612;28.4;21.5
978;2021-07-24;20;35;10072;7647;28.5;21.6
978;2021-07-25;0;0;10072;7647;28.5;21.6
978;2021-07-26;99;116;10171;7763;28.8;22.0
978;2021-07-27;72;144;10243;7907;29.0;22.4
978;2021-07-28;72;126;10315;8033;29.2;22.7
978;2021-07-29;80;98;10395;8131;29.4;23.0
978;2021-07-30;82;115;10477;8246;29.7;23.3
978;2021-07-31;49;68;10526;8314;29.8;23.5
978;2021-08-01;0;0;10526;8314;29.8;23.5
978;2021-08-02;65;95;10591;8409;30.0;23.8
978;2021-08-03;60;94;10651;8503;30.1;24.1
978;2021-08-04;64;55;10715;8558;30.3;24.2
978;2021-08-05;48;70;10763;8628;30.5;24.4
978;2021-08-06;73;127;10836;8755;30.7;24.8
978;2021-08-07;44;46;10880;8801;30.8;24.9
978;2021-08-08;0;0;10880;8801;30.8;24.9
978;2021-08-09;138;150;11018;8951;31.2;25.3
978;2021-08-10;81;93;11099;9044;31.4;25.6
978;2021-08-11;106;99;11205;9143;31.7;25.9
978;2021-08-12;99;99;11304;9242;32.0;26.2
978;2021-08-13;132;75;11436;9317;32.4;26.4
978;2021-08-14;74;100;11510;9417;32.6;26.7
978;2021-08-15;0;0;11510;9417;32.6;26.7
978;2021-08-16;45;72;11555;9489;32.7;26.9
978;2021-08-17;33;33;11588;9522;32.8;26.9
978;2021-08-18;35;55;11623;9577;32.9;27.1
978;2021-08-19;34;26;11657;9603;33.0;27.2
978;2021-08-20;46;61;11703;9664;33.1;27.4
978;2021-08-21;0;0;11703;9664;33.1;27.4
978;2021-08-22;0;0;11703;9664;33.1;27.4
978;2021-08-23;51;87;11754;9751;33.3;27.6
978;2021-08-24;31;52;11785;9803;33.4;27.7
978;2021-08-25;26;51;11811;9854;33.4;27.9
978;2021-08-26;31;26;11842;9880;33.5;28.0
978;2021-08-27;47;88;11889;9968;33.6;28.2
978;2021-08-28;3;0;11892;9968;33.7;28.2
978;2021-08-29;0;0;11892;9968;33.7;28.2
978;2021-08-30;39;113;11931;10081;33.8;28.5
978;2021-08-31;46;81;11977;10162;33.9;28.8
978;2021-09-01;31;85;12008;10247;34.0;29.0
978;2021-09-02;38;70;12046;10317;34.1;29.2
978;2021-09-03;16;96;12062;10413;34.1;29.5
978;2021-09-04;0;0;12062;10413;34.1;29.5
978;2021-09-05;0;0;12062;10413;34.1;29.5
978;2021-09-06;32;80;12094;10493;34.2;29.7
978;2021-09-07;37;51;12131;10544;34.3;29.8
978;2021-09-08;21;45;12152;10589;34.4;30.0
978;2021-09-09;21;58;12173;10647;34.5;30.1
978;2021-09-10;43;82;12216;10729;34.6;30.4
978;2021-09-11;1;0;12217;10729;34.6;30.4
978;2021-09-12;5;1;12222;10730;34.6;30.4
978;2021-09-13;34;56;12256;10786;34.7;30.5
978;2021-09-14;23;33;12279;10819;34.8;30.6
978;2021-09-15;24;43;12303;10862;34.8;30.7
978;2021-09-16;8;33;12311;10895;34.8;30.8
978;2021-09-17;13;45;12324;10940;34.9;31.0
978;2021-09-18;0;0;12324;10940;34.9;31.0
978;2021-09-19;0;0;12324;10940;34.9;31.0
978;2021-09-20;10;35;12334;10975;34.9;31.1
978;2021-09-21;15;37;12349;11012;34.9;31.2
978;2021-09-22;13;34;12362;11046;35.0;31.3
978;2021-09-23;26;41;12388;11087;35.1;31.4
978;2021-09-24;19;27;12407;11114;35.1;31.5
978;2021-09-25;0;1;12407;11115;35.1;31.5
978;2021-09-26;0;0;12407;11115;35.1;31.5
978;2021-09-27;11;31;12418;11146;35.1;31.5
978;2021-09-28;19;25;12437;11171;35.2;31.6
978;2021-09-29;20;25;12457;11196;35.3;31.7
978;2021-09-30;23;23;12480;11219;35.3;31.8
978;2021-10-01;25;36;12505;11255;35.4;31.9
978;2021-10-02;0;0;12505;11255;35.4;31.9
978;2021-10-03;0;0;12505;11255;35.4;31.9
978;2021-10-04;22;27;12527;11282;35.5;31.9
978;2021-10-05;15;16;12542;11298;35.5;32.0
