dep;jour;n_dose1;n_complet;n_cum_dose1;n_cum_complet;couv_dose1;couv_complet
01;2020-12-27;1;0;1;0;0.0;0.0
01;2020-12-28;0;0;1;0;0.0;0.0
01;2020-12-29;0;0;1;0;0.0;0.0
01;2020-12-30;0;0;1;0;0.0;0.0
01;2020-12-31;0;0;1;0;0.0;0.0
01;2021-01-01;2;0;3;0;0.0;0.0
01;2021-01-02;0;0;3;0;0.0;0.0
01;2021-01-03;0;0;3;0;0.0;0.0
01;2021-01-04;2;0;5;0;0.0;0.0
01;2021-01-05;2;0;7;0;0.0;0.0
01;2021-01-06;1;0;8;0;0.0;0.0
01;2021-01-07;67;0;75;0;0.0;0.0
01;2021-01-08;159;0;234;0;0.0;0.0
01;2021-01-09;2;1;236;1;0.0;0.0
01;2021-01-10;1;0;237;1;0.0;0.0
01;2021-01-11;148;0;385;1;0.1;0.0
01;2021-01-12;318;2;703;3;0.1;0.0
01;2021-01-13;445;1;1148;4;0.2;0.0
01;2021-01-14;531;3;1679;7;0.3;0.0
01;2021-01-15;398;3;2077;10;0.3;0.0
01;2021-01-16;202;0;2279;10;0.3;0.0
01;2021-01-17;128;0;2407;10;0.4;0.0
01;2021-01-18;379;1;2786;11;0.4;0.0
01;2021-01-19;1040;1;3826;12;0.6;0.0
01;2021-01-20;1262;2;5088;14;0.8;0.0
01;2021-01-21;1101;4;6189;18;0.9;0.0
01;2021-01-22;649;0;6838;18;1.0;0.0
01;2021-01-23;223;0;7061;18;1.1;0.0
01;2021-01-24;70;1;7131;19;1.1;0.0
01;2021-01-25;485;1;7616;20;1.2;0.0
01;2021-01-26;743;3;8359;23;1.3;0.0
01;2021-01-27;516;3;8875;26;1.4;0.0
01;2021-01-28;681;51;9556;77;1.5;0.0
01;2021-01-29;637;98;10193;175;1.6;0.0
01;2021-01-30;237;15;10430;190;1.6;0.0
01;2021-01-31;62;0;10492;190;1.6;0.0
01;2021-02-01;458;70;10950;260;1.7;0.0
01;2021-02-02;519;171;11469;431;1.7;0.1
01;2021-02-03;375;232;11844;663;1.8;0.1
01;2021-02-04;480;372;12324;1035;1.9;0.2
01;2021-02-05;441;237;12765;1272;1.9;0.2
01;2021-02-06;264;105;13029;1377;2.0;0.2
01;2021-02-07;2;93;13031;1470;2.0;0.2
01;2021-02-08;506;325;13537;1795;2.1;0.3
01;2021-02-09;776;733;14313;2528;2.2;0.4
01;2021-02-10;957;622;15270;3150;2.3;0.5
01;2021-02-11;795;685;16065;3835;2.4;0.6
01;2021-02-12;639;481;16704;4316;2.5;0.7
01;2021-02-13;161;99;16865;4415;2.6;0.7
01;2021-02-14;0;9;16865;4424;2.6;0.7
01;2021-02-15;437;377;17302;4801;2.6;0.7
01;2021-02-16;658;340;17960;5141;2.7;0.8
01;2021-02-17;523;228;18483;5369;2.8;0.8
01;2021-02-18;591;498;19074;5867;2.9;0.9
01;2021-02-19;580;203;19654;6070;3.0;0.9
01;2021-02-20;201;124;19855;6194;3.0;0.9
01;2021-02-21;1;1;19856;6195;3.0;0.9
01;2021-02-22;429;448;20285;6643;3.1;1.0
01;2021-02-23;483;421;20768;7064;3.2;1.1
01;2021-02-24;434;367;21202;7431;3.2;1.1
01;2021-02-25;827;514;22029;7945;3.4;1.2
01;2021-02-26;874;435;22903;8380;3.5;1.3
01;2021-02-27;480;102;23383;8482;3.6;1.3
01;2021-02-28;20;3;23403;8485;3.6;1.3
01;2021-03-01;632;381;24035;8866;3.7;1.3
01;2021-03-02;964;479;24999;9345;3.8;1.4
01;2021-03-03;942;596;25941;9941;3.9;1.5
01;2021-03-04;1197;553;27138;10494;4.1;1.6
01;2021-03-05;1354;436;28492;10930;4.3;1.7
01;2021-03-06;781;91;29273;11021;4.5;1.7
01;2021-03-07;44;1;29317;11022;4.5;1.7
01;2021-03-08;669;571;29986;11593;4.6;1.8
01;2021-03-09;1340;537;31326;12130;4.8;1.8
01;2021-03-10;1162;537;32488;12667;4.9;1.9
01;2021-03-11;1686;604;34174;13271;5.2;2.0
01;2021-03-12;2003;605;36177;13876;5.5;2.1
01;2021-03-13;1502;95;37679;13971;5.7;2.1
01;2021-03-14;134;59;37813;14030;5.8;2.1
01;2021-03-15;1154;393;38967;14423;5.9;2.2
01;2021-03-16;1012;549;39979;14972;6.1;2.3
01;2021-03-17;839;336;40818;15308;6.2;2.3
01;2021-03-18;1295;463;42113;15771;6.4;2.4
01;2021-03-19;1750;529;43863;16300;6.7;2.5
01;2021-03-20;1447;133;45310;16433;6.9;2.5
01;2021-03-21;97;11;45407;16444;6.9;2.5
01;2021-03-22;1576;485;46983;16929;7.2;2.6
01;2021-03-23;2197;643;49180;17572;7.5;2.7
01;2021-03-24;1616;417;50796;17989;7.7;2.7
01;2021-03-25;2910;634;53706;18623;8.2;2.8
01;2021-03-26;2871;613;56577;19236;8.6;2.9
01;2021-03-27;1311;158;57888;19394;8.8;3.0
01;2021-03-28;22;1;57910;19395;8.8;3.0
01;2021-03-29;1929;537;59839;19932;9.1;3.0
01;2021-03-30;2514;767;62353;20699;9.5;3.2
01;2021-03-31;1869;622;64222;21321;9.8;3.2
01;2021-04-01;2569;851;66791;22172;10.2;3.4
01;2021-04-02;2818;724;69609;22896;10.6;3.5
01;2021-04-03;1256;135;70865;23031;10.8;3.5
01;2021-04-04;3;0;70868;23031;10.8;3.5
01;2021-04-05;1261;65;72129;23096;11.0;3.5
01;2021-04-06;2823;794;74952;23890;11.4;3.6
01;2021-04-07;2741;707;77693;24597;11.8;3.7
01;2021-04-08;3245;997;80938;25594;12.3;3.9
01;2021-04-09;3984;1332;84922;26926;12.9;4.1
01;2021-04-10;1823;301;86745;27227;13.2;4.1
01;2021-04-11;44;22;86789;27249;13.2;4.1
01;2021-04-12;2716;1223;89505;28472;13.6;4.3
01;2021-04-13;2944;1325;92449;29797;14.1;4.5
01;2021-04-14;3126;1082;95575;30879;14.5;4.7
01;2021-04-15;3075;1475;98650;32354;15.0;4.9
01;2021-04-16;2860;1577;101510;33931;15.5;5.2
01;2021-04-17;1654;682;103164;34613;15.7;5.3
01;2021-04-18;13;0;103177;34613;15.7;5.3
01;2021-04-19;2039;1521;105216;36134;16.0;5.5
01;2021-04-20;2667;1571;107883;37705;16.4;5.7
01;2021-04-21;2689;1349;110572;39054;16.8;5.9
01;2021-04-22;2835;1530;113407;40584;17.3;6.2
01;2021-04-23;2765;1532;116172;42116;17.7;6.4
01;2021-04-24;1448;653;117620;42769;17.9;6.5
01;2021-04-25;9;0;117629;42769;17.9;6.5
01;2021-04-26;1970;1730;119599;44499;18.2;6.8
01;2021-04-27;2572;1553;122171;46052;18.6;7.0
01;2021-04-28;2500;1567;124671;47619;19.0;7.2
01;2021-04-29;2716;1758;127387;49377;19.4;7.5
01;2021-04-30;2982;2242;130369;51619;19.8;7.9
01;2021-05-01;1473;856;131842;52475;20.1;8.0
01;2021-05-02;545;76;132387;52551;20.2;8.0
01;2021-05-03;2295;2477;134682;55028;20.5;8.4
01;2021-05-04;2539;2635;137221;57663;20.9;8.8
01;2021-05-05;2527;2496;139748;60159;21.3;9.2
01;2021-05-06;2994;2525;142742;62684;21.7;9.5
01;2021-05-07;3216;2774;145958;65458;22.2;10.0
01;2021-05-08;1646;922;147604;66380;22.5;10.1
01;2021-05-09;1022;162;148626;66542;22.6;10.1
01;2021-05-10;2499;3067;151125;69609;23.0;10.6
01;2021-05-11;3581;3055;154706;72664;23.5;11.1
01;2021-05-12;3652;3002;158358;75666;24.1;11.5
01;2021-05-13;4088;1503;162446;77169;24.7;11.7
01;2021-05-14;4271;2344;166717;79513;25.4;12.1
01;2021-05-15;3159;1435;169876;80948;25.9;12.3
01;2021-05-16;1413;150;171289;81098;26.1;12.3
01;2021-05-17;3445;2469;174734;83567;26.6;12.7
01;2021-05-18;4075;1959;178809;85526;27.2;13.0
01;2021-05-19;3974;1900;182783;87426;27.8;13.3
01;2021-05-20;4526;2010;187309;89436;28.5;13.6
01;2021-05-21;4621;2194;191930;91630;29.2;13.9
01;2021-05-22;3367;952;195297;92582;29.7;14.1
01;2021-05-23;834;83;196131;92665;29.9;14.1
01;2021-05-24;2764;500;198895;93165;30.3;14.2
01;2021-05-25;3559;2428;202454;95593;30.8;14.6
01;2021-05-26;3570;2248;206024;97841;31.4;14.9
01;2021-05-27;3853;2093;209877;99934;31.9;15.2
01;2021-05-28;3664;2631;213541;102565;32.5;15.6
01;2021-05-29;3054;1297;216595;103862;33.0;15.8
01;2021-05-30;613;88;217208;103950;33.1;15.8
01;2021-05-31;2406;2516;219614;106466;33.4;16.2
01;2021-06-01;2771;2583;222385;109049;33.9;16.6
01;2021-06-02;2882;2200;225267;111249;34.3;16.9
01;2021-06-03;3365;2439;228632;113688;34.8;17.3
01;2021-06-04;4500;3368;233132;117056;35.5;17.8
01;2021-06-05;3252;1733;236384;118789;36.0;18.1
01;2021-06-06;670;78;237054;118867;36.1;18.1
01;2021-06-07;3387;2875;240441;121742;36.6;18.5
01;2021-06-08;3649;2718;244090;124460;37.2;18.9
01;2021-06-09;2948;2634;247038;127094;37.6;19.3
01;2021-06-10;2767;2037;249805;129131;38.0;19.7
01;2021-06-11;3071;3364;252876;132495;38.5;20.2
01;2021-06-12;2401;2195;255277;134690;38.9;20.5
01;2021-06-13;201;479;255478;135169;38.9;20.6
01;2021-06-14;2119;3162;257597;138331;39.2;21.1
01;2021-06-15;2004;3367;259601;141698;39.5;21.6
01;2021-06-16;2176;3287;261777;144985;39.8;22.1
01;2021-06-17;1959;3172;263736;148157;40.1;22.6
01;2021-06-18;2634;4159;266370;152316;40.5;23.2
01;2021-06-19;1726;2555;268096;154871;40.8;23.6
01;2021-06-20;159;498;268255;155369;40.8;23.6
01;2021-06-21;1798;3703;270053;159072;41.1;24.2
01;2021-06-22;1551;4000;271604;163072;41.3;24.8
01;2021-06-23;1583;3754;273187;166826;41.6;25.4
01;2021-06-24;1471;3564;274658;170390;41.8;25.9
01;2021-06-25;1889;4564;276547;174954;42.1;26.6
01;2021-06-26;1209;2946;277756;177900;42.3;27.1
01;2021-06-27;171;339;277927;178239;42.3;27.1
01;2021-06-28;1382;4024;279309;182263;42.5;27.7
01;2021-06-29;1409;3849;280718;186112;42.7;28.3
01;2021-06-30;1381;4157;282099;190269;42.9;29.0
01;2021-07-01;1430;4086;283529;194355;43.2;29.6
01;2021-07-02;1587;4985;285116;199340;43.4;30.3
01;2021-07-03;858;3373;285974;202713;43.5;30.9
01;2021-07-04;105;499;286079;203212;43.5;30.9
01;2021-07-05;1486;4082;287565;207294;43.8;31.6
01;2021-07-06;1105;4275;288670;211569;43.9;32.2
01;2021-07-07;1757;3696;290427;215265;44.2;32.8
01;2021-07-08;1474;3676;291901;218941;44.4;33.3
01;2021-07-09;1885;4362;293786;223303;44.7;34.0
01;2021-07-10;1119;3438;294905;226741;44.9;34.5
01;2021-07-11;104;418;295009;227159;44.9;34.6
01;2021-07-12;1421;3843;296430;231002;45.1;35.2
01;2021-07-13;2058;4116;298488;235118;45.4;35.8
01;2021-07-14;148;179;298636;235297;45.5;35.8
01;2021-07-15;3104;4189;301740;239486;45.9;36.5
01;2021-07-16;3745;4838;305485;244324;46.5;37.2
01;2021-07-17;2202;3044;307687;247368;46.8;37.7
01;2021-07-18;290;551;307977;247919;46.9;37.7
01;2021-07-19;2915;3869;310892;251788;47.3;38.3
01;2021-07-20;3296;3691;314188;255479;47.8;38.9
01;2021-07-21;3935;3566;318123;259045;48.4;39.4
01;2021-07-22;4217;3493;322340;262538;49.1;40.0
01;2021-07-23;3940;4221;326280;266759;49.7;40.6
01;2021-07-24;2731;2712;329011;269471;50.1;41.0
01;2021-07-25;61;60;329072;269531;50.1;41.0
01;2021-07-26;3346;3236;332418;272767;50.6;41.5
01;2021-07-27;4102;2787;336520;275554;51.2;41.9
01;2021-07-28;3989;2651;340509;278205;51.8;42.3
01;2021-07-29;4695;2437;345204;280642;52.5;42.7
01;2021-07-30;4456;3429;349660;284071;53.2;43.2
01;2021-07-31;3641;1773;353301;285844;53.8;43.5
01;2021-08-01;397;75;353698;285919;53.8;43.5
01;2021-08-02;3079;2455;356777;288374;54.3;43.9
01;2021-08-03;3069;2453;359846;290827;54.8;44.3
01;2021-08-04;2541;1735;362387;292562;55.2;44.5
01;2021-08-05;2246;2363;364633;294925;55.5;44.9
01;2021-08-06;2748;3111;367381;298036;55.9;45.4
01;2021-08-07;2071;1837;369452;299873;56.2;45.6
01;2021-08-08;247;258;369699;300131;56.3;45.7
01;2021-08-09;1136;2633;370835;302764;56.4;46.1
01;2021-08-10;1445;2411;372280;305175;56.7;46.5
01;2021-08-11;1472;2596;373752;307771;56.9;46.8
01;2021-08-12;1626;2824;375378;310595;57.1;47.3
01;2021-08-13;1814;2728;377192;313323;57.4;47.7
01;2021-08-14;1392;2233;378584;315556;57.6;48.0
01;2021-08-15;18;21;378602;315577;57.6;48.0
01;2021-08-16;982;3011;379584;318588;57.8;48.5
01;2021-08-17;1354;2761;380938;321349;58.0;48.9
01;2021-08-18;1257;2906;382195;324255;58.2;49.4
01;2021-08-19;1299;2424;383494;326679;58.4;49.7
01;2021-08-20;1457;3951;384951;330630;58.6;50.3
01;2021-08-21;882;2848;385833;333478;58.7;50.8
01;2021-08-22;19;20;385852;333498;58.7;50.8
01;2021-08-23;1115;3018;386967;336516;58.9;51.2
01;2021-08-24;1227;3151;388194;339667;59.1;51.7
01;2021-08-25;1124;2992;389318;342659;59.3;52.2
01;2021-08-26;1646;2736;390964;345395;59.5;52.6
01;2021-08-27;1641;3651;392605;349046;59.8;53.1
01;2021-08-28;1043;2590;393648;351636;59.9;53.5
01;2021-08-29;16;31;393664;351667;59.9;53.5
01;2021-08-30;1187;2737;394851;354404;60.1;53.9
01;2021-08-31;1089;1945;395940;356349;60.3;54.2
01;2021-09-01;915;1871;396855;358220;60.4;54.5
01;2021-09-02;797;1759;397652;359979;60.5;54.8
01;2021-09-03;1129;2402;398781;362381;60.7;55.2
01;2021-09-04;795;2004;399576;364385;60.8;55.5
01;2021-09-05;97;82;399673;364467;60.8;55.5
01;2021-09-06;650;1399;400323;365866;60.9;55.7
01;2021-09-07;576;1203;400899;367069;61.0;55.9
01;2021-09-08;810;1581;401709;368650;61.1;56.1
01;2021-09-09;740;1279;402449;369929;61.3;56.3
01;2021-09-10;1038;1819;403487;371748;61.4;56.6
01;2021-09-11;734;1495;404221;373243;61.5;56.8
01;2021-09-12;23;41;404244;373284;61.5;56.8
01;2021-09-13;573;1343;404817;374627;61.6;57.0
01;2021-09-14;617;1411;405434;376038;61.7;57.2
01;2021-09-15;719;1443;406153;377481;61.8;57.5
01;2021-09-16;488;920;406641;378401;61.9;57.6
01;2021-09-17;755;1388;407396;379789;62.0;57.8
01;2021-09-18;376;1205;407772;380994;62.1;58.0
01;2021-09-19;7;10;407779;381004;62.1;58.0
01;2021-09-20;370;631;408149;381635;62.1;58.1
01;2021-09-21;382;701;408531;382336;62.2;58.2
01;2021-09-22;348;899;408879;383235;62.2;58.3
01;2021-09-23;295;657;409174;383892;62.3;58.4
01;2021-09-24;399;942;409573;384834;62.3;58.6
01;2021-09-25;307;955;409880;385789;62.4;58.7
01;2021-09-26;2;24;409882;385813;62.4;58.7
01;2021-09-27;174;555;410056;386368;62.4;58.8
01;2021-09-28;308;1191;410364;387559;62.5;59.0
02;2020-12-27;0;0;0;0;0.0;0.0
02;2020-12-28;0;0;0;0;0.0;0.0
02;2020-12-29;0;0;0;0;0.0;0.0
02;2020-12-30;0;0;0;0;0.0;0.0
02;2020-12-31;0;0;0;0;0.0;0.0
02;2021-01-01;0;0;0;0;0.0;0.0
02;2021-01-02;0;0;0;0;0.0;0.0
02;2021-01-03;0;0;0;0;0.0;0.0
02;2021-01-04;0;0;0;0;0.0;0.0
02;2021-01-05;0;0;0;0;0.0;0.0
02;2021-01-06;22;0;22;0;0.0;0.0
02;2021-01-07;261;2;283;2;0.1;0.0
02;2021-01-08;489;3;772;5;0.1;0.0
02;2021-01-09;74;0;846;5;0.2;0.0
02;2021-01-10;49;0;895;5;0.2;0.0
02;2021-01-11;267;0;1162;5;0.2;0.0
02;2021-01-12;354;1;1516;6;0.3;0.0
02;2021-01-13;468;4;1984;10;0.4;0.0
02;2021-01-14;652;11;2636;21;0.5;0.0
02;2021-01-15;630;6;3266;27;0.6;0.0
02;2021-01-16;333;4;3599;31;0.7;0.0
02;2021-01-17;62;0;3661;31;0.7;0.0
02;2021-01-18;811;8;4472;39;0.9;0.0
02;2021-01-19;941;6;5413;45;1.0;0.0
02;2021-01-20;1431;5;6844;50;1.3;0.0
02;2021-01-21;2604;5;9448;55;1.8;0.0
02;2021-01-22;1420;5;10868;60;2.1;0.0
02;2021-01-23;290;1;11158;61;2.1;0.0
02;2021-01-24;67;0;11225;61;2.1;0.0
02;2021-01-25;432;8;11657;69;2.2;0.0
02;2021-01-26;704;15;12361;84;2.3;0.0
02;2021-01-27;162;2;12523;86;2.4;0.0
02;2021-01-28;69;226;12592;312;2.4;0.1
02;2021-01-29;119;376;12711;688;2.4;0.1
02;2021-01-30;4;13;12715;701;2.4;0.1
02;2021-01-31;0;10;12715;711;2.4;0.1
02;2021-02-01;11;202;12726;913;2.4;0.2
02;2021-02-02;45;314;12771;1227;2.4;0.2
02;2021-02-03;124;307;12895;1534;2.5;0.3
02;2021-02-04;226;325;13121;1859;2.5;0.4
02;2021-02-05;178;371;13299;2230;2.5;0.4
02;2021-02-06;69;149;13368;2379;2.5;0.5
02;2021-02-07;9;0;13377;2379;2.5;0.5
02;2021-02-08;306;398;13683;2777;2.6;0.5
02;2021-02-09;322;607;14005;3384;2.7;0.6
02;2021-02-10;485;939;14490;4323;2.8;0.8
02;2021-02-11;936;1727;15426;6050;2.9;1.2
02;2021-02-12;885;1017;16311;7067;3.1;1.3
02;2021-02-13;290;111;16601;7178;3.2;1.4
02;2021-02-14;1;5;16602;7183;3.2;1.4
02;2021-02-15;344;518;16946;7701;3.2;1.5
02;2021-02-16;413;425;17359;8126;3.3;1.5
02;2021-02-17;499;490;17858;8616;3.4;1.6
02;2021-02-18;507;356;18365;8972;3.5;1.7
02;2021-02-19;444;465;18809;9437;3.6;1.8
02;2021-02-20;372;194;19181;9631;3.6;1.8
02;2021-02-21;39;17;19220;9648;3.7;1.8
02;2021-02-22;377;255;19597;9903;3.7;1.9
02;2021-02-23;432;296;20029;10199;3.8;1.9
02;2021-02-24;600;126;20629;10325;3.9;2.0
02;2021-02-25;870;122;21499;10447;4.1;2.0
02;2021-02-26;808;72;22307;10519;4.2;2.0
02;2021-02-27;444;14;22751;10533;4.3;2.0
02;2021-02-28;55;2;22806;10535;4.3;2.0
02;2021-03-01;638;23;23444;10558;4.5;2.0
02;2021-03-02;1031;122;24475;10680;4.7;2.0
02;2021-03-03;754;198;25229;10878;4.8;2.1
02;2021-03-04;1161;608;26390;11486;5.0;2.2
02;2021-03-05;1048;494;27438;11980;5.2;2.3
02;2021-03-06;2141;95;29579;12075;5.6;2.3
02;2021-03-07;1505;51;31084;12126;5.9;2.3
02;2021-03-08;574;337;31658;12463;6.0;2.4
02;2021-03-09;997;374;32655;12837;6.2;2.4
02;2021-03-10;895;434;33550;13271;6.4;2.5
02;2021-03-11;1294;380;34844;13651;6.6;2.6
02;2021-03-12;1706;387;36550;14038;6.9;2.7
02;2021-03-13;2592;242;39142;14280;7.4;2.7
02;2021-03-14;1458;44;40600;14324;7.7;2.7
02;2021-03-15;612;442;41212;14766;7.8;2.8
02;2021-03-16;862;399;42074;15165;8.0;2.9
02;2021-03-17;759;436;42833;15601;8.1;3.0
02;2021-03-18;608;608;43441;16209;8.3;3.1
02;2021-03-19;1171;294;44612;16503;8.5;3.1
02;2021-03-20;2429;157;47041;16660;8.9;3.2
02;2021-03-21;1488;84;48529;16744;9.2;3.2
02;2021-03-22;762;486;49291;17230;9.4;3.3
02;2021-03-23;1195;541;50486;17771;9.6;3.4
02;2021-03-24;1582;499;52068;18270;9.9;3.5
02;2021-03-25;1693;591;53761;18861;10.2;3.6
02;2021-03-26;2412;491;56173;19352;10.7;3.7
02;2021-03-27;2494;141;58667;19493;11.2;3.7
02;2021-03-28;638;14;59305;19507;11.3;3.7
02;2021-03-29;1038;850;60343;20357;11.5;3.9
02;2021-03-30;1553;840;61896;21197;11.8;4.0
02;2021-03-31;1298;712;63194;21909;12.0;4.2
02;2021-04-01;1290;861;64484;22770;12.3;4.3
02;2021-04-02;1183;1222;65667;23992;12.5;4.6
02;2021-04-03;2644;848;68311;24840;13.0;4.7
02;2021-04-04;727;240;69038;25080;13.1;4.8
02;2021-04-05;1509;134;70547;25214;13.4;4.8
02;2021-04-06;1539;852;72086;26066;13.7;5.0
02;2021-04-07;1872;777;73958;26843;14.1;5.1
02;2021-04-08;1919;1104;75877;27947;14.4;5.3
02;2021-04-09;2432;1093;78309;29040;14.9;5.5
02;2021-04-10;2430;1211;80739;30251;15.3;5.8
02;2021-04-11;476;416;81215;30667;15.4;5.8
02;2021-04-12;1823;619;83038;31286;15.8;5.9
02;2021-04-13;1601;923;84639;32209;16.1;6.1
02;2021-04-14;2583;977;87222;33186;16.6;6.3
02;2021-04-15;2494;777;89716;33963;17.1;6.5
02;2021-04-16;2439;1131;92155;35094;17.5;6.7
02;2021-04-17;1890;2141;94045;37235;17.9;7.1
02;2021-04-18;270;811;94315;38046;17.9;7.2
02;2021-04-19;1158;632;95473;38678;18.1;7.4
02;2021-04-20;1674;765;97147;39443;18.5;7.5
02;2021-04-21;1550;994;98697;40437;18.8;7.7
02;2021-04-22;1748;705;100445;41142;19.1;7.8
02;2021-04-23;1930;1408;102375;42550;19.5;8.1
02;2021-04-24;1714;1638;104089;44188;19.8;8.4
02;2021-04-25;462;235;104551;44423;19.9;8.4
02;2021-04-26;1339;562;105890;44985;20.1;8.6
02;2021-04-27;1627;1092;107517;46077;20.4;8.8
02;2021-04-28;1592;1429;109109;47506;20.7;9.0
02;2021-04-29;1888;1169;110997;48675;21.1;9.3
02;2021-04-30;2716;1651;113713;50326;21.6;9.6
02;2021-05-01;1991;1228;115704;51554;22.0;9.8
02;2021-05-02;1982;422;117686;51976;22.4;9.9
02;2021-05-03;2224;981;119910;52957;22.8;10.1
02;2021-05-04;1522;1306;121432;54263;23.1;10.3
02;2021-05-05;2327;1842;123759;56105;23.5;10.7
02;2021-05-06;2122;1737;125881;57842;23.9;11.0
02;2021-05-07;2358;2171;128239;60013;24.4;11.4
02;2021-05-08;2917;950;131156;60963;24.9;11.6
02;2021-05-09;1823;423;132979;61386;25.3;11.7
02;2021-05-10;2375;1481;135354;62867;25.7;12.0
02;2021-05-11;2877;1569;138231;64436;26.3;12.2
02;2021-05-12;2675;1607;140906;66043;26.8;12.6
02;2021-05-13;2990;1039;143896;67082;27.4;12.8
02;2021-05-14;3381;1197;147277;68279;28.0;13.0
02;2021-05-15;4374;1082;151651;69361;28.8;13.2
02;2021-05-16;2795;212;154446;69573;29.4;13.2
02;2021-05-17;2147;664;156593;70237;29.8;13.4
02;2021-05-18;2634;971;159227;71208;30.3;13.5
02;2021-05-19;2852;999;162079;72207;30.8;13.7
02;2021-05-20;3553;1230;165632;73437;31.5;14.0
02;2021-05-21;3818;1066;169450;74503;32.2;14.2
02;2021-05-22;5845;969;175295;75472;33.3;14.3
02;2021-05-23;2658;240;177953;75712;33.8;14.4
02;2021-05-24;3541;544;181494;76256;34.5;14.5
02;2021-05-25;2258;1164;183752;77420;34.9;14.7
02;2021-05-26;3079;1498;186831;78918;35.5;15.0
02;2021-05-27;3649;1487;190480;80405;36.2;15.3
02;2021-05-28;3515;1576;193995;81981;36.9;15.6
02;2021-05-29;4079;1561;198074;83542;37.7;15.9
02;2021-05-30;1449;177;199523;83719;37.9;15.9
02;2021-05-31;2575;1187;202098;84906;38.4;16.1
02;2021-06-01;2870;1868;204968;86774;39.0;16.5
02;2021-06-02;3159;1652;208127;88426;39.6;16.8
02;2021-06-03;2854;1834;210981;90260;40.1;17.2
02;2021-06-04;3142;2054;214123;92314;40.7;17.5
02;2021-06-05;3441;1733;217564;94047;41.4;17.9
02;2021-06-06;1736;259;219300;94306;41.7;17.9
02;2021-06-07;1613;1499;220913;95805;42.0;18.2
02;2021-06-08;2061;1839;222974;97644;42.4;18.6
02;2021-06-09;2057;1646;225031;99290;42.8;18.9
02;2021-06-10;2010;1841;227041;101131;43.2;19.2
02;2021-06-11;2193;3073;229234;104204;43.6;19.8
02;2021-06-12;2311;2592;231545;106796;44.0;20.3
02;2021-06-13;683;1387;232228;108183;44.1;20.6
02;2021-06-14;1049;2392;233277;110575;44.3;21.0
02;2021-06-15;1518;2458;234795;113033;44.6;21.5
02;2021-06-16;1534;2749;236329;115782;44.9;22.0
02;2021-06-17;1782;2854;238111;118636;45.3;22.6
02;2021-06-18;2312;3570;240423;122206;45.7;23.2
02;2021-06-19;1841;3820;242264;126026;46.1;24.0
02;2021-06-20;644;1522;242908;127548;46.2;24.2
02;2021-06-21;806;3190;243714;130738;46.3;24.9
02;2021-06-22;1155;3667;244869;134405;46.5;25.5
02;2021-06-23;1226;3586;246095;137991;46.8;26.2
02;2021-06-24;1327;3149;247422;141140;47.0;26.8
02;2021-06-25;1399;4545;248821;145685;47.3;27.7
02;2021-06-26;1345;4228;250166;149913;47.6;28.5
02;2021-06-27;600;2333;250766;152246;47.7;28.9
02;2021-06-28;877;3021;251643;155267;47.8;29.5
02;2021-06-29;919;2929;252562;158196;48.0;30.1
02;2021-06-30;1509;3161;254071;161357;48.3;30.7
02;2021-07-01;1193;3591;255264;164948;48.5;31.4
02;2021-07-02;1359;5132;256623;170080;48.8;32.3
02;2021-07-03;999;5988;257622;176068;49.0;33.5
02;2021-07-04;509;2370;258131;178438;49.1;33.9
02;2021-07-05;661;3935;258792;182373;49.2;34.7
02;2021-07-06;675;3045;259467;185418;49.3;35.2
02;2021-07-07;1322;3726;260789;189144;49.6;36.0
02;2021-07-08;1393;3869;262182;193013;49.8;36.7
02;2021-07-09;1283;4215;263465;197228;50.1;37.5
02;2021-07-10;1332;4604;264797;201832;50.3;38.4
02;2021-07-11;480;1967;265277;203799;50.4;38.7
02;2021-07-12;1415;3726;266692;207525;50.7;39.4
02;2021-07-13;2065;3662;268757;211187;51.1;40.1
02;2021-07-14;1753;1599;270510;212786;51.4;40.4
02;2021-07-15;2727;3557;273237;216343;51.9;41.1
02;2021-07-16;3164;4217;276401;220560;52.5;41.9
02;2021-07-17;3561;4230;279962;224790;53.2;42.7
02;2021-07-18;2037;1615;281999;226405;53.6;43.0
02;2021-07-19;3440;3033;285439;229438;54.3;43.6
02;2021-07-20;3501;3303;288940;232741;54.9;44.2
02;2021-07-21;3910;2952;292850;235693;55.7;44.8
02;2021-07-22;3324;2801;296174;238494;56.3;45.3
02;2021-07-23;3204;3554;299378;242048;56.9;46.0
02;2021-07-24;4447;3724;303825;245772;57.8;46.7
02;2021-07-25;2191;1089;306016;246861;58.2;46.9
02;2021-07-26;3874;2252;309890;249113;58.9;47.4
02;2021-07-27;3660;2147;313550;251260;59.6;47.8
02;2021-07-28;3279;2096;316829;253356;60.2;48.2
02;2021-07-29;2583;2224;319412;255580;60.7;48.6
02;2021-07-30;3313;2306;322725;257886;61.3;49.0
02;2021-07-31;4183;2280;326908;260166;62.1;49.5
02;2021-08-01;1475;692;328383;260858;62.4;49.6
02;2021-08-02;2042;1601;330425;262459;62.8;49.9
02;2021-08-03;2529;1897;332954;264356;63.3;50.3
02;2021-08-04;2574;1710;335528;266066;63.8;50.6
02;2021-08-05;1848;2264;337376;268330;64.1;51.0
02;2021-08-06;2101;2741;339477;271071;64.5;51.5
02;2021-08-07;2522;2785;341999;273856;65.0;52.1
02;2021-08-08;1026;1572;343025;275428;65.2;52.4
02;2021-08-09;1909;2750;344934;278178;65.6;52.9
02;2021-08-10;1766;2461;346700;280639;65.9;53.3
02;2021-08-11;1481;2109;348181;282748;66.2;53.7
02;2021-08-12;1206;2332;349387;285080;66.4;54.2
02;2021-08-13;1611;2908;350998;287988;66.7;54.7
02;2021-08-14;1666;3696;352664;291684;67.0;55.4
02;2021-08-15;161;572;352825;292256;67.1;55.6
02;2021-08-16;1282;3755;354107;296011;67.3;56.3
02;2021-08-17;1421;2840;355528;298851;67.6;56.8
02;2021-08-18;1578;3182;357106;302033;67.9;57.4
02;2021-08-19;1134;3218;358240;305251;68.1;58.0
02;2021-08-20;1205;2950;359445;308201;68.3;58.6
02;2021-08-21;1449;4082;360894;312283;68.6;59.4
02;2021-08-22;407;1656;361301;313939;68.7;59.7
02;2021-08-23;1155;3079;362456;317018;68.9;60.3
02;2021-08-24;907;2184;363363;319202;69.1;60.7
02;2021-08-25;1022;2596;364385;321798;69.3;61.2
02;2021-08-26;913;2333;365298;324131;69.4;61.6
02;2021-08-27;964;2614;366262;326745;69.6;62.1
02;2021-08-28;1300;3428;367562;330173;69.9;62.8
02;2021-08-29;328;1170;367890;331343;69.9;63.0
02;2021-08-30;996;2471;368886;333814;70.1;63.5
02;2021-08-31;865;2259;369751;336073;70.3;63.9
02;2021-09-01;700;1551;370451;337624;70.4;64.2
02;2021-09-02;648;1726;371099;339350;70.5;64.5
02;2021-09-03;695;1946;371794;341296;70.7;64.9
02;2021-09-04;851;2836;372645;344132;70.8;65.4
02;2021-09-05;226;520;372871;344652;70.9;65.5
02;2021-09-06;403;1036;373274;345688;71.0;65.7
02;2021-09-07;453;1404;373727;347092;71.0;66.0
02;2021-09-08;515;1870;374242;348962;71.1;66.3
02;2021-09-09;439;1328;374681;350290;71.2;66.6
02;2021-09-10;563;1550;375244;351840;71.3;66.9
02;2021-09-11;719;2275;375963;354115;71.5;67.3
02;2021-09-12;91;286;376054;354401;71.5;67.4
02;2021-09-13;423;1208;376477;355609;71.6;67.6
02;2021-09-14;412;1169;376889;356778;71.6;67.8
02;2021-09-15;446;1306;377335;358084;71.7;68.1
02;2021-09-16;454;833;377789;358917;71.8;68.2
02;2021-09-17;582;931;378371;359848;71.9;68.4
02;2021-09-18;564;2029;378935;361877;72.0;68.8
02;2021-09-19;78;259;379013;362136;72.0;68.8
02;2021-09-20;295;651;379308;362787;72.1;69.0
02;2021-09-21;277;623;379585;363410;72.2;69.1
02;2021-09-22;360;903;379945;364313;72.2;69.3
02;2021-09-23;260;561;380205;364874;72.3;69.4
02;2021-09-24;293;762;380498;365636;72.3;69.5
02;2021-09-25;316;1206;380814;366842;72.4;69.7
02;2021-09-26;33;158;380847;367000;72.4;69.8
02;2021-09-27;138;367;380985;367367;72.4;69.8
02;2021-09-28;156;392;381141;367759;72.5;69.9
03;2020-12-27;0;0;0;0;0.0;0.0
03;2020-12-28;1;0;1;0;0.0;0.0
03;2020-12-29;0;0;1;0;0.0;0.0
03;2020-12-30;1;0;2;0;0.0;0.0
03;2020-12-31;0;0;2;0;0.0;0.0
03;2021-01-01;0;0;2;0;0.0;0.0
03;2021-01-02;0;0;2;0;0.0;0.0
03;2021-01-03;0;0;2;0;0.0;0.0
03;2021-01-04;0;0;2;0;0.0;0.0
03;2021-01-05;0;0;2;0;0.0;0.0
03;2021-01-06;10;0;12;0;0.0;0.0
03;2021-01-07;61;0;73;0;0.0;0.0
03;2021-01-08;146;1;219;1;0.1;0.0
03;2021-01-09;122;0;341;1;0.1;0.0
03;2021-01-10;6;0;347;1;0.1;0.0
03;2021-01-11;412;1;759;2;0.2;0.0
03;2021-01-12;631;0;1390;2;0.4;0.0
03;2021-01-13;669;2;2059;4;0.6;0.0
03;2021-01-14;861;4;2920;8;0.9;0.0
03;2021-01-15;387;2;3307;10;1.0;0.0
03;2021-01-16;278;0;3585;10;1.1;0.0
03;2021-01-17;42;0;3627;10;1.1;0.0
03;2021-01-18;878;0;4505;10;1.4;0.0
03;2021-01-19;1150;2;5655;12;1.7;0.0
03;2021-01-20;1291;3;6946;15;2.1;0.0
03;2021-01-21;1200;5;8146;20;2.5;0.0
03;2021-01-22;1117;4;9263;24;2.8;0.0
03;2021-01-23;465;0;9728;24;2.9;0.0
03;2021-01-24;0;0;9728;24;2.9;0.0
03;2021-01-25;187;0;9915;24;3.0;0.0
03;2021-01-26;679;7;10594;31;3.2;0.0
03;2021-01-27;696;10;11290;41;3.4;0.0
03;2021-01-28;1020;40;12310;81;3.7;0.0
03;2021-01-29;856;77;13166;158;4.0;0.0
03;2021-01-30;600;1;13766;159;4.2;0.0
03;2021-01-31;0;0;13766;159;4.2;0.0
03;2021-02-01;160;67;13926;226;4.2;0.1
03;2021-02-02;767;226;14693;452;4.4;0.1
03;2021-02-03;1056;422;15749;874;4.8;0.3
03;2021-02-04;1557;596;17306;1470;5.2;0.4
03;2021-02-05;948;297;18254;1767;5.5;0.5
03;2021-02-06;152;13;18406;1780;5.6;0.5
03;2021-02-07;5;0;18411;1780;5.6;0.5
03;2021-02-08;128;51;18539;1831;5.6;0.6
03;2021-02-09;612;420;19151;2251;5.8;0.7
03;2021-02-10;485;331;19636;2582;5.9;0.8
03;2021-02-11;1026;555;20662;3137;6.2;0.9
03;2021-02-12;1078;511;21740;3648;6.6;1.1
03;2021-02-13;126;151;21866;3799;6.6;1.1
03;2021-02-14;0;1;21866;3800;6.6;1.1
03;2021-02-15;309;606;22175;4406;6.7;1.3
03;2021-02-16;548;914;22723;5320;6.9;1.6
03;2021-02-17;453;1057;23176;6377;7.0;1.9
03;2021-02-18;368;1003;23544;7380;7.1;2.2
03;2021-02-19;497;657;24041;8037;7.3;2.4
03;2021-02-20;128;143;24169;8180;7.3;2.5
03;2021-02-21;2;1;24171;8181;7.3;2.5
03;2021-02-22;158;160;24329;8341;7.3;2.5
03;2021-02-23;720;767;25049;9108;7.6;2.7
03;2021-02-24;610;867;25659;9975;7.7;3.0
03;2021-02-25;1093;1560;26752;11535;8.1;3.5
03;2021-02-26;823;1215;27575;12750;8.3;3.8
03;2021-02-27;96;212;27671;12962;8.4;3.9
03;2021-02-28;0;14;27671;12976;8.4;3.9
03;2021-03-01;178;217;27849;13193;8.4;4.0
03;2021-03-02;818;586;28667;13779;8.7;4.2
03;2021-03-03;904;395;29571;14174;8.9;4.3
03;2021-03-04;1541;533;31112;14707;9.4;4.4
03;2021-03-05;1121;656;32233;15363;9.7;4.6
03;2021-03-06;915;107;33148;15470;10.0;4.7
03;2021-03-07;2;0;33150;15470;10.0;4.7
03;2021-03-08;239;232;33389;15702;10.1;4.7
03;2021-03-09;1016;419;34405;16121;10.4;4.9
03;2021-03-10;941;506;35346;16627;10.7;5.0
03;2021-03-11;1676;619;37022;17246;11.2;5.2
03;2021-03-12;1303;798;38325;18044;11.6;5.4
03;2021-03-13;864;113;39189;18157;11.8;5.5
03;2021-03-14;2;5;39191;18162;11.8;5.5
03;2021-03-15;250;194;39441;18356;11.9;5.5
03;2021-03-16;650;396;40091;18752;12.1;5.7
03;2021-03-17;1304;429;41395;19181;12.5;5.8
03;2021-03-18;1720;393;43115;19574;13.0;5.9
03;2021-03-19;1728;361;44843;19935;13.5;6.0
03;2021-03-20;301;27;45144;19962;13.6;6.0
03;2021-03-21;1;0;45145;19962;13.6;6.0
03;2021-03-22;222;387;45367;20349;13.7;6.1
03;2021-03-23;1355;351;46722;20700;14.1;6.2
03;2021-03-24;1824;349;48546;21049;14.7;6.4
03;2021-03-25;2368;565;50914;21614;15.4;6.5
03;2021-03-26;2240;444;53154;22058;16.0;6.7
03;2021-03-27;817;21;53971;22079;16.3;6.7
03;2021-03-28;1;39;53972;22118;16.3;6.7
03;2021-03-29;659;175;54631;22293;16.5;6.7
03;2021-03-30;1908;450;56539;22743;17.1;6.9
03;2021-03-31;1014;982;57553;23725;17.4;7.2
03;2021-04-01;1375;1093;58928;24818;17.8;7.5
03;2021-04-02;1705;614;60633;25432;18.3;7.7
03;2021-04-03;365;99;60998;25531;18.4;7.7
03;2021-04-04;3;0;61001;25531;18.4;7.7
03;2021-04-05;18;14;61019;25545;18.4;7.7
03;2021-04-06;1073;410;62092;25955;18.7;7.8
03;2021-04-07;1562;523;63654;26478;19.2;8.0
03;2021-04-08;2121;485;65775;26963;19.9;8.1
03;2021-04-09;2056;1160;67831;28123;20.5;8.5
03;2021-04-10;1013;73;68844;28196;20.8;8.5
03;2021-04-11;478;9;69322;28205;20.9;8.5
03;2021-04-12;986;227;70308;28432;21.2;8.6
03;2021-04-13;1873;986;72181;29418;21.8;8.9
03;2021-04-14;2334;1222;74515;30640;22.5;9.2
03;2021-04-15;2621;1400;77136;32040;23.3;9.7
03;2021-04-16;2835;1183;79971;33223;24.1;10.0
03;2021-04-17;1083;441;81054;33664;24.5;10.2
03;2021-04-18;0;0;81054;33664;24.5;10.2
03;2021-04-19;1191;586;82245;34250;24.8;10.3
03;2021-04-20;1748;1274;83993;35524;25.4;10.7
03;2021-04-21;1122;1293;85115;36817;25.7;11.1
03;2021-04-22;1675;1000;86790;37817;26.2;11.4
03;2021-04-23;2478;1272;89268;39089;26.9;11.8
03;2021-04-24;1301;922;90569;40011;27.3;12.1
03;2021-04-25;350;16;90919;40027;27.4;12.1
03;2021-04-26;1332;466;92251;40493;27.8;12.2
03;2021-04-27;1766;1522;94017;42015;28.4;12.7
03;2021-04-28;1930;1120;95947;43135;29.0;13.0
03;2021-04-29;2370;1238;98317;44373;29.7;13.4
03;2021-04-30;1931;807;100248;45180;30.3;13.6
03;2021-05-01;437;492;100685;45672;30.4;13.8
03;2021-05-02;2;1;100687;45673;30.4;13.8
03;2021-05-03;1912;773;102599;46446;31.0;14.0
03;2021-05-04;2845;1634;105444;48080;31.8;14.5
03;2021-05-05;2604;1332;108048;49412;32.6;14.9
03;2021-05-06;3095;2007;111143;51419;33.5;15.5
03;2021-05-07;4729;1791;115872;53210;35.0;16.1
03;2021-05-08;661;381;116533;53591;35.2;16.2
03;2021-05-09;49;511;116582;54102;35.2;16.3
03;2021-05-10;1892;1480;118474;55582;35.8;16.8
03;2021-05-11;3899;1837;122373;57419;36.9;17.3
03;2021-05-12;2972;1521;125345;58940;37.8;17.8
03;2021-05-13;4384;410;129729;59350;39.2;17.9
03;2021-05-14;3655;1698;133384;61048;40.3;18.4
03;2021-05-15;1943;490;135327;61538;40.8;18.6
03;2021-05-16;522;57;135849;61595;41.0;18.6
03;2021-05-17;1277;862;137126;62457;41.4;18.9
03;2021-05-18;3068;1505;140194;63962;42.3;19.3
03;2021-05-19;2623;967;142817;64929;43.1;19.6
03;2021-05-20;3334;1143;146151;66072;44.1;19.9
03;2021-05-21;4194;1281;150345;67353;45.4;20.3
03;2021-05-22;2012;359;152357;67712;46.0;20.4
03;2021-05-23;641;73;152998;67785;46.2;20.5
03;2021-05-24;2654;216;155652;68001;47.0;20.5
03;2021-05-25;3068;1689;158720;69690;47.9;21.0
03;2021-05-26;2336;1041;161056;70731;48.6;21.3
03;2021-05-27;2945;1126;164001;71857;49.5;21.7
03;2021-05-28;3848;2280;167849;74137;50.7;22.4
03;2021-05-29;1748;603;169597;74740;51.2;22.6
03;2021-05-30;242;23;169839;74763;51.3;22.6
03;2021-05-31;697;570;170536;75333;51.5;22.7
03;2021-06-01;2302;2346;172838;77679;52.2;23.4
03;2021-06-02;1534;1748;174372;79427;52.6;24.0
03;2021-06-03;2060;2753;176432;82180;53.3;24.8
03;2021-06-04;1698;2508;178130;84688;53.8;25.6
03;2021-06-05;1076;1143;179206;85831;54.1;25.9
03;2021-06-06;59;7;179265;85838;54.1;25.9
03;2021-06-07;785;1815;180050;87653;54.3;26.5
03;2021-06-08;1458;2557;181508;90210;54.8;27.2
03;2021-06-09;1267;1877;182775;92087;55.2;27.8
03;2021-06-10;1381;2124;184156;94211;55.6;28.4
03;2021-06-11;1503;3450;185659;97661;56.0;29.5
03;2021-06-12;831;823;186490;98484;56.3;29.7
03;2021-06-13;20;10;186510;98494;56.3;29.7
03;2021-06-14;381;2175;186891;100669;56.4;30.4
03;2021-06-15;1317;3835;188208;104504;56.8;31.5
03;2021-06-16;788;2890;188996;107394;57.0;32.4
03;2021-06-17;1083;3333;190079;110727;57.4;33.4
03;2021-06-18;1107;3979;191186;114706;57.7;34.6
03;2021-06-19;641;1618;191827;116324;57.9;35.1
03;2021-06-20;20;8;191847;116332;57.9;35.1
03;2021-06-21;461;2636;192308;118968;58.0;35.9
03;2021-06-22;1027;4003;193335;122971;58.4;37.1
03;2021-06-23;716;3285;194051;126256;58.6;38.1
03;2021-06-24;982;3862;195033;130118;58.9;39.3
03;2021-06-25;1016;3892;196049;134010;59.2;40.4
03;2021-06-26;513;2040;196562;136050;59.3;41.1
03;2021-06-27;65;486;196627;136536;59.3;41.2
03;2021-06-28;642;2097;197269;138633;59.5;41.8
03;2021-06-29;1028;3330;198297;141963;59.9;42.8
03;2021-06-30;831;3120;199128;145083;60.1;43.8
03;2021-07-01;987;2936;200115;148019;60.4;44.7
03;2021-07-02;920;4094;201035;152113;60.7;45.9
03;2021-07-03;487;1884;201522;153997;60.8;46.5
03;2021-07-04;20;332;201542;154329;60.8;46.6
03;2021-07-05;817;2381;202359;156710;61.1;47.3
03;2021-07-06;1171;3462;203530;160172;61.4;48.3
03;2021-07-07;804;2617;204334;162789;61.7;49.1
03;2021-07-08;1060;3042;205394;165831;62.0;50.1
03;2021-07-09;1470;3626;206864;169457;62.4;51.1
03;2021-07-10;508;1925;207372;171382;62.6;51.7
03;2021-07-11;61;492;207433;171874;62.6;51.9
03;2021-07-12;939;1149;208372;173023;62.9;52.2
03;2021-07-13;2612;3152;210984;176175;63.7;53.2
03;2021-07-14;195;25;211179;176200;63.7;53.2
03;2021-07-15;2613;2454;213792;178654;64.5;53.9
03;2021-07-16;2735;2274;216527;180928;65.4;54.6
03;2021-07-17;1032;1626;217559;182554;65.7;55.1
03;2021-07-18;33;6;217592;182560;65.7;55.1
03;2021-07-19;2392;1276;219984;183836;66.4;55.5
03;2021-07-20;3074;3033;223058;186869;67.3;56.4
03;2021-07-21;3213;1438;226271;188307;68.3;56.8
03;2021-07-22;2851;1885;229122;190192;69.2;57.4
03;2021-07-23;3205;1307;232327;191499;70.1;57.8
03;2021-07-24;590;581;232917;192080;70.3;58.0
03;2021-07-25;18;5;232935;192085;70.3;58.0
03;2021-07-26;2044;1576;234979;193661;70.9;58.5
03;2021-07-27;3321;2230;238300;195891;71.9;59.1
03;2021-07-28;2717;1117;241017;197008;72.7;59.5
03;2021-07-29;2549;1662;243566;198670;73.5;60.0
03;2021-07-30;2136;1454;245702;200124;74.2;60.4
03;2021-07-31;964;893;246666;201017;74.5;60.7
03;2021-08-01;13;20;246679;201037;74.5;60.7
03;2021-08-02;1680;1605;248359;202642;75.0;61.2
03;2021-08-03;2223;2774;250582;205416;75.6;62.0
03;2021-08-04;2195;893;252777;206309;76.3;62.3
03;2021-08-05;1266;1939;254043;208248;76.7;62.9
03;2021-08-06;1281;1024;255324;209272;77.1;63.2
03;2021-08-07;614;496;255938;209768;77.2;63.3
03;2021-08-08;66;29;256004;209797;77.3;63.3
03;2021-08-09;597;1304;256601;211101;77.4;63.7
03;2021-08-10;1678;3471;258279;214572;78.0;64.8
03;2021-08-11;1335;2530;259614;217102;78.4;65.5
03;2021-08-12;1137;3514;260751;220616;78.7;66.6
03;2021-08-13;776;1052;261527;221668;78.9;66.9
03;2021-08-14;379;566;261906;222234;79.1;67.1
03;2021-08-15;9;61;261915;222295;79.1;67.1
03;2021-08-16;724;2693;262639;224988;79.3;67.9
03;2021-08-17;1076;3218;263715;228206;79.6;68.9
03;2021-08-18;1164;2156;264879;230362;79.9;69.5
03;2021-08-19;1010;3049;265889;233411;80.3;70.4
03;2021-08-20;718;1138;266607;234549;80.5;70.8
03;2021-08-21;418;727;267025;235276;80.6;71.0
03;2021-08-22;8;6;267033;235282;80.6;71.0
03;2021-08-23;784;2289;267817;237571;80.8;71.7
03;2021-08-24;893;2406;268710;239977;81.1;72.4
03;2021-08-25;934;2029;269644;242006;81.4;73.0
03;2021-08-26;574;1436;270218;243442;81.6;73.5
03;2021-08-27;457;1580;270675;245022;81.7;74.0
03;2021-08-28;219;674;270894;245696;81.8;74.2
03;2021-08-29;4;0;270898;245696;81.8;74.2
03;2021-08-30;768;1469;271666;247165;82.0;74.6
03;2021-08-31;706;2055;272372;249220;82.2;75.2
03;2021-09-01;604;1514;272976;250734;82.4;75.7
03;2021-09-02;477;1238;273453;251972;82.5;76.1
03;2021-09-03;492;1187;273945;253159;82.7;76.4
03;2021-09-04;251;630;274196;253789;82.8;76.6
03;2021-09-05;7;14;274203;253803;82.8;76.6
03;2021-09-06;320;1097;274523;254900;82.9;76.9
03;2021-09-07;576;1597;275099;256497;83.0;77.4
03;2021-09-08;425;1544;275524;258041;83.2;77.9
03;2021-09-09;273;948;275797;258989;83.2;78.2
03;2021-09-10;411;1245;276208;260234;83.4;78.5
03;2021-09-11;209;688;276417;260922;83.4;78.8
03;2021-09-12;2;20;276419;260942;83.4;78.8
03;2021-09-13;285;943;276704;261885;83.5;79.0
03;2021-09-14;440;1422;277144;263307;83.6;79.5
03;2021-09-15;356;996;277500;264303;83.8;79.8
03;2021-09-16;219;556;277719;264859;83.8;79.9
03;2021-09-17;158;356;277877;265215;83.9;80.0
03;2021-09-18;132;311;278009;265526;83.9;80.1
03;2021-09-19;0;11;278009;265537;83.9;80.1
03;2021-09-20;187;425;278196;265962;84.0;80.3
03;2021-09-21;248;722;278444;266684;84.0;80.5
03;2021-09-22;266;684;278710;267368;84.1;80.7
03;2021-09-23;177;461;278887;267829;84.2;80.8
03;2021-09-24;145;321;279032;268150;84.2;80.9
03;2021-09-25;51;257;279083;268407;84.2;81.0
03;2021-09-26;3;0;279086;268407;84.2;81.0
03;2021-09-27;116;326;279202;268733;84.3;81.1
03;2021-09-28;191;614;279393;269347;84.3;81.3
04;2020-12-27;0;0;0;0;0.0;0.0
04;2020-12-28;1;0;1;0;0.0;0.0
04;2020-12-29;0;0;1;0;0.0;0.0
04;2020-12-30;0;0;1;0;0.0;0.0
04;2020-12-31;0;0;1;0;0.0;0.0
04;2021-01-01;0;0;1;0;0.0;0.0
04;2021-01-02;0;0;1;0;0.0;0.0
04;2021-01-03;0;0;1;0;0.0;0.0
04;2021-01-04;0;0;1;0;0.0;0.0
04;2021-01-05;4;0;5;0;0.0;0.0
04;2021-01-06;0;0;5;0;0.0;0.0
04;2021-01-07;61;0;66;0;0.0;0.0
04;2021-01-08;88;0;154;0;0.1;0.0
04;2021-01-09;57;0;211;0;0.1;0.0
04;2021-01-10;0;0;211;0;0.1;0.0
04;2021-01-11;77;0;288;0;0.2;0.0
04;2021-01-12;421;0;709;0;0.4;0.0
04;2021-01-13;244;2;953;2;0.6;0.0
04;2021-01-14;90;2;1043;4;0.6;0.0
04;2021-01-15;165;4;1208;8;0.7;0.0
04;2021-01-16;106;2;1314;10;0.8;0.0
04;2021-01-17;14;0;1328;10;0.8;0.0
04;2021-01-18;236;9;1564;19;0.9;0.0
04;2021-01-19;468;3;2032;22;1.2;0.0
04;2021-01-20;574;9;2606;31;1.6;0.0
04;2021-01-21;614;3;3220;34;1.9;0.0
04;2021-01-22;639;0;3859;34;2.3;0.0
04;2021-01-23;111;0;3970;34;2.4;0.0
04;2021-01-24;0;0;3970;34;2.4;0.0
04;2021-01-25;240;0;4210;34;2.5;0.0
04;2021-01-26;656;1;4866;35;2.9;0.0
04;2021-01-27;480;0;5346;35;3.2;0.0
04;2021-01-28;665;20;6011;55;3.6;0.0
04;2021-01-29;368;41;6379;96;3.9;0.1
04;2021-01-30;65;41;6444;137;3.9;0.1
04;2021-01-31;1;5;6445;142;3.9;0.1
04;2021-02-01;268;136;6713;278;4.1;0.2
04;2021-02-02;561;173;7274;451;4.4;0.3
04;2021-02-03;367;159;7641;610;4.6;0.4
04;2021-02-04;358;52;7999;662;4.8;0.4
04;2021-02-05;379;201;8378;863;5.1;0.5
04;2021-02-06;50;85;8428;948;5.1;0.6
04;2021-02-07;2;22;8430;970;5.1;0.6
04;2021-02-08;163;61;8593;1031;5.2;0.6
04;2021-02-09;196;112;8789;1143;5.3;0.7
04;2021-02-10;252;153;9041;1296;5.5;0.8
04;2021-02-11;364;244;9405;1540;5.7;0.9
04;2021-02-12;293;283;9698;1823;5.9;1.1
04;2021-02-13;27;86;9725;1909;5.9;1.2
04;2021-02-14;0;0;9725;1909;5.9;1.2
04;2021-02-15;31;135;9756;2044;5.9;1.2
04;2021-02-16;81;412;9837;2456;6.0;1.5
04;2021-02-17;67;365;9904;2821;6.0;1.7
04;2021-02-18;44;522;9948;3343;6.0;2.0
04;2021-02-19;53;306;10001;3649;6.1;2.2
04;2021-02-20;5;65;10006;3714;6.1;2.2
04;2021-02-21;0;0;10006;3714;6.1;2.2
04;2021-02-22;7;247;10013;3961;6.1;2.4
04;2021-02-23;19;500;10032;4461;6.1;2.7
04;2021-02-24;38;365;10070;4826;6.1;2.9
04;2021-02-25;73;323;10143;5149;6.1;3.1
04;2021-02-26;216;274;10359;5423;6.3;3.3
04;2021-02-27;179;66;10538;5489;6.4;3.3
04;2021-02-28;1;0;10539;5489;6.4;3.3
04;2021-03-01;18;64;10557;5553;6.4;3.4
04;2021-03-02;135;37;10692;5590;6.5;3.4
04;2021-03-03;375;557;11067;6147;6.7;3.7
04;2021-03-04;208;417;11275;6564;6.8;4.0
04;2021-03-05;236;318;11511;6882;7.0;4.2
04;2021-03-06;912;71;12423;6953;7.5;4.2
04;2021-03-07;498;25;12921;6978;7.8;4.2
04;2021-03-08;45;69;12966;7047;7.8;4.3
04;2021-03-09;215;229;13181;7276;8.0;4.4
04;2021-03-10;401;338;13582;7614;8.2;4.6
04;2021-03-11;495;314;14077;7928;8.5;4.8
04;2021-03-12;697;190;14774;8118;8.9;4.9
04;2021-03-13;1088;63;15862;8181;9.6;5.0
04;2021-03-14;460;3;16322;8184;9.9;5.0
04;2021-03-15;93;14;16415;8198;9.9;5.0
04;2021-03-16;74;8;16489;8206;10.0;5.0
04;2021-03-17;534;81;17023;8287;10.3;5.0
04;2021-03-18;815;24;17838;8311;10.8;5.0
04;2021-03-19;723;33;18561;8344;11.2;5.1
04;2021-03-20;159;3;18720;8347;11.3;5.1
04;2021-03-21;0;0;18720;8347;11.3;5.1
04;2021-03-22;105;13;18825;8360;11.4;5.1
04;2021-03-23;245;7;19070;8367;11.5;5.1
04;2021-03-24;1024;51;20094;8418;12.2;5.1
04;2021-03-25;1326;45;21420;8463;13.0;5.1
04;2021-03-26;1448;66;22868;8529;13.8;5.2
04;2021-03-27;266;19;23134;8548;14.0;5.2
04;2021-03-28;2;0;23136;8548;14.0;5.2
04;2021-03-29;680;13;23816;8561;14.4;5.2
04;2021-03-30;1086;142;24902;8703;15.1;5.3
04;2021-03-31;1327;107;26229;8810;15.9;5.3
04;2021-04-01;1133;133;27362;8943;16.6;5.4
04;2021-04-02;1185;113;28547;9056;17.3;5.5
04;2021-04-03;250;20;28797;9076;17.4;5.5
04;2021-04-04;1;0;28798;9076;17.4;5.5
04;2021-04-05;36;1;28834;9077;17.5;5.5
04;2021-04-06;929;148;29763;9225;18.0;5.6
04;2021-04-07;881;435;30644;9660;18.5;5.8
04;2021-04-08;926;696;31570;10356;19.1;6.3
04;2021-04-09;678;421;32248;10777;19.5;6.5
04;2021-04-10;231;191;32479;10968;19.7;6.6
04;2021-04-11;153;65;32632;11033;19.8;6.7
04;2021-04-12;593;101;33225;11134;20.1;6.7
04;2021-04-13;1189;240;34414;11374;20.8;6.9
04;2021-04-14;994;496;35408;11870;21.4;7.2
04;2021-04-15;921;672;36329;12542;22.0;7.6
04;2021-04-16;819;456;37148;12998;22.5;7.9
04;2021-04-17;209;69;37357;13067;22.6;7.9
04;2021-04-18;0;13;37357;13080;22.6;7.9
04;2021-04-19;338;287;37695;13367;22.8;8.1
04;2021-04-20;1003;446;38698;13813;23.4;8.4
04;2021-04-21;656;743;39354;14556;23.8;8.8
04;2021-04-22;758;853;40112;15409;24.3;9.3
04;2021-04-23;695;537;40807;15946;24.7;9.7
04;2021-04-24;165;65;40972;16011;24.8;9.7
04;2021-04-25;0;0;40972;16011;24.8;9.7
04;2021-04-26;172;611;41144;16622;24.9;10.1
04;2021-04-27;395;966;41539;17588;25.1;10.6
04;2021-04-28;431;1085;41970;18673;25.4;11.3
04;2021-04-29;687;1126;42657;19799;25.8;12.0
04;2021-04-30;436;847;43093;20646;26.1;12.5
04;2021-05-01;104;22;43197;20668;26.1;12.5
04;2021-05-02;8;131;43205;20799;26.2;12.6
04;2021-05-03;151;550;43356;21349;26.2;12.9
04;2021-05-04;564;835;43920;22184;26.6;13.4
04;2021-05-05;514;924;44434;23108;26.9;14.0
04;2021-05-06;1162;591;45596;23699;27.6;14.3
04;2021-05-07;656;753;46252;24452;28.0;14.8
04;2021-05-08;48;98;46300;24550;28.0;14.9
04;2021-05-09;0;0;46300;24550;28.0;14.9
04;2021-05-10;467;293;46767;24843;28.3;15.0
04;2021-05-11;1198;905;47965;25748;29.0;15.6
04;2021-05-12;1387;741;49352;26489;29.9;16.0
04;2021-05-13;378;131;49730;26620;30.1;16.1
04;2021-05-14;440;295;50170;26915;30.4;16.3
04;2021-05-15;99;161;50269;27076;30.4;16.4
04;2021-05-16;4;6;50273;27082;30.4;16.4
04;2021-05-17;155;297;50428;27379;30.5;16.6
04;2021-05-18;392;974;50820;28353;30.8;17.2
04;2021-05-19;773;688;51593;29041;31.2;17.6
04;2021-05-20;1256;548;52849;29589;32.0;17.9
04;2021-05-21;853;787;53702;30376;32.5;18.4
04;2021-05-22;105;146;53807;30522;32.6;18.5
04;2021-05-23;1;1;53808;30523;32.6;18.5
04;2021-05-24;2;36;53810;30559;32.6;18.5
04;2021-05-25;867;594;54677;31153;33.1;18.9
04;2021-05-26;1048;788;55725;31941;33.7;19.3
04;2021-05-27;1356;632;57081;32573;34.6;19.7
04;2021-05-28;1119;652;58200;33225;35.2;20.1
04;2021-05-29;90;398;58290;33623;35.3;20.4
04;2021-05-30;3;1;58293;33624;35.3;20.4
04;2021-05-31;420;416;58713;34040;35.5;20.6
04;2021-06-01;639;641;59352;34681;35.9;21.0
04;2021-06-02;871;1063;60223;35744;36.5;21.6
04;2021-06-03;1196;850;61419;36594;37.2;22.2
04;2021-06-04;978;777;62397;37371;37.8;22.6
04;2021-06-05;142;200;62539;37571;37.9;22.7
04;2021-06-06;7;13;62546;37584;37.9;22.8
04;2021-06-07;563;316;63109;37900;38.2;22.9
04;2021-06-08;839;594;63948;38494;38.7;23.3
04;2021-06-09;1145;685;65093;39179;39.4;23.7
04;2021-06-10;1142;585;66235;39764;40.1;24.1
04;2021-06-11;944;615;67179;40379;40.7;24.4
04;2021-06-12;212;144;67391;40523;40.8;24.5
04;2021-06-13;1;1;67392;40524;40.8;24.5
04;2021-06-14;478;303;67870;40827;41.1;24.7
04;2021-06-15;644;1003;68514;41830;41.5;25.3
04;2021-06-16;1022;786;69536;42616;42.1;25.8
04;2021-06-17;1001;959;70537;43575;42.7;26.4
04;2021-06-18;760;886;71297;44461;43.2;26.9
04;2021-06-19;40;85;71337;44546;43.2;27.0
04;2021-06-20;7;9;71344;44555;43.2;27.0
04;2021-06-21;305;614;71649;45169;43.4;27.3
04;2021-06-22;361;1308;72010;46477;43.6;28.1
04;2021-06-23;474;1311;72484;47788;43.9;28.9
04;2021-06-24;852;815;73336;48603;44.4;29.4
04;2021-06-25;461;639;73797;49242;44.7;29.8
04;2021-06-26;57;130;73854;49372;44.7;29.9
04;2021-06-27;4;4;73858;49376;44.7;29.9
04;2021-06-28;158;341;74016;49717;44.8;30.1
04;2021-06-29;370;839;74386;50556;45.0;30.6
04;2021-06-30;541;1121;74927;51677;45.4;31.3
04;2021-07-01;578;1219;75505;52896;45.7;32.0
04;2021-07-02;557;1090;76062;53986;46.0;32.7
04;2021-07-03;65;162;76127;54148;46.1;32.8
04;2021-07-04;6;6;76133;54154;46.1;32.8
04;2021-07-05;106;297;76239;54451;46.2;33.0
04;2021-07-06;503;1383;76742;55834;46.5;33.8
04;2021-07-07;494;1341;77236;57175;46.8;34.6
04;2021-07-08;725;1361;77961;58536;47.2;35.4
04;2021-07-09;580;1061;78541;59597;47.5;36.1
04;2021-07-10;92;177;78633;59774;47.6;36.2
04;2021-07-11;0;21;78633;59795;47.6;36.2
04;2021-07-12;128;652;78761;60447;47.7;36.6
04;2021-07-13;881;1540;79642;61987;48.2;37.5
04;2021-07-14;26;43;79668;62030;48.2;37.5
04;2021-07-15;1219;1736;80887;63766;49.0;38.6
04;2021-07-16;1082;1113;81969;64879;49.6;39.3
04;2021-07-17;446;235;82415;65114;49.9;39.4
04;2021-07-18;114;18;82529;65132;50.0;39.4
04;2021-07-19;484;655;83013;65787;50.3;39.8
04;2021-07-20;1313;1465;84326;67252;51.0;40.7
04;2021-07-21;1126;1165;85452;68417;51.7;41.4
04;2021-07-22;1500;1372;86952;69789;52.6;42.2
04;2021-07-23;1150;1140;88102;70929;53.3;42.9
04;2021-07-24;685;214;88787;71143;53.7;43.1
04;2021-07-25;42;16;88829;71159;53.8;43.1
04;2021-07-26;445;639;89274;71798;54.0;43.5
04;2021-07-27;1370;1045;90644;72843;54.9;44.1
04;2021-07-28;1072;1037;91716;73880;55.5;44.7
04;2021-07-29;1561;1300;93277;75180;56.5;45.5
04;2021-07-30;1245;924;94522;76104;57.2;46.1
04;2021-07-31;251;176;94773;76280;57.4;46.2
04;2021-08-01;48;19;94821;76299;57.4;46.2
04;2021-08-02;197;108;95018;76407;57.5;46.3
04;2021-08-03;1348;1116;96366;77523;58.3;46.9
04;2021-08-04;1178;863;97544;78386;59.0;47.5
04;2021-08-05;1194;736;98738;79122;59.8;47.9
04;2021-08-06;516;395;99254;79517;60.1;48.1
04;2021-08-07;162;162;99416;79679;60.2;48.2
04;2021-08-08;25;12;99441;79691;60.2;48.2
04;2021-08-09;103;117;99544;79808;60.3;48.3
04;2021-08-10;655;981;100199;80789;60.7;48.9
04;2021-08-11;1147;1020;101346;81809;61.3;49.5
04;2021-08-12;1124;1307;102470;83116;62.0;50.3
04;2021-08-13;443;385;102913;83501;62.3;50.5
04;2021-08-14;100;73;103013;83574;62.4;50.6
04;2021-08-15;1;0;103014;83574;62.4;50.6
04;2021-08-16;103;138;103117;83712;62.4;50.7
04;2021-08-17;495;1014;103612;84726;62.7;51.3
04;2021-08-18;719;1318;104331;86044;63.2;52.1
04;2021-08-19;740;1412;105071;87456;63.6;52.9
04;2021-08-20;748;1363;105819;88819;64.1;53.8
04;2021-08-21;66;111;105885;88930;64.1;53.8
04;2021-08-22;15;45;105900;88975;64.1;53.9
04;2021-08-23;55;110;105955;89085;64.1;53.9
04;2021-08-24;684;1493;106639;90578;64.6;54.8
04;2021-08-25;656;1182;107295;91760;64.9;55.5
04;2021-08-26;488;1214;107783;92974;65.2;56.3
04;2021-08-27;451;929;108234;93903;65.5;56.8
04;2021-08-28;131;244;108365;94147;65.6;57.0
04;2021-08-29;27;23;108392;94170;65.6;57.0
04;2021-08-30;122;244;108514;94414;65.7;57.2
04;2021-08-31;511;1008;109025;95422;66.0;57.8
04;2021-09-01;508;1253;109533;96675;66.3;58.5
04;2021-09-02;336;932;109869;97607;66.5;59.1
04;2021-09-03;288;819;110157;98426;66.7;59.6
04;2021-09-04;148;240;110305;98666;66.8;59.7
04;2021-09-05;14;9;110319;98675;66.8;59.7
04;2021-09-06;57;106;110376;98781;66.8;59.8
04;2021-09-07;370;1037;110746;99818;67.0;60.4
04;2021-09-08;326;893;111072;100711;67.2;61.0
04;2021-09-09;340;959;111412;101670;67.4;61.5
04;2021-09-10;277;812;111689;102482;67.6;62.0
04;2021-09-11;93;153;111782;102635;67.7;62.1
04;2021-09-12;16;30;111798;102665;67.7;62.1
04;2021-09-13;94;98;111892;102763;67.7;62.2
04;2021-09-14;329;965;112221;103728;67.9;62.8
04;2021-09-15;306;702;112527;104430;68.1;63.2
04;2021-09-16;310;521;112837;104951;68.3;63.5
04;2021-09-17;184;566;113021;105517;68.4;63.9
04;2021-09-18;48;123;113069;105640;68.4;63.9
04;2021-09-19;0;5;113069;105645;68.4;64.0
04;2021-09-20;79;51;113148;105696;68.5;64.0
04;2021-09-21;188;570;113336;106266;68.6;64.3
04;2021-09-22;160;675;113496;106941;68.7;64.7
04;2021-09-23;205;377;113701;107318;68.8;65.0
04;2021-09-24;143;435;113844;107753;68.9;65.2
04;2021-09-25;42;98;113886;107851;68.9;65.3
04;2021-09-26;5;25;113891;107876;68.9;65.3
04;2021-09-27;19;66;113910;107942;69.0;65.3
04;2021-09-28;138;277;114048;108219;69.0;65.5
05;2020-12-27;0;0;0;0;0.0;0.0
05;2020-12-28;1;0;1;0;0.0;0.0
05;2020-12-29;1;0;2;0;0.0;0.0
05;2020-12-30;2;0;4;0;0.0;0.0
05;2020-12-31;0;0;4;0;0.0;0.0
05;2021-01-01;2;0;6;0;0.0;0.0
05;2021-01-02;2;0;8;0;0.0;0.0
05;2021-01-03;1;0;9;0;0.0;0.0
05;2021-01-04;2;0;11;0;0.0;0.0
05;2021-01-05;0;0;11;0;0.0;0.0
05;2021-01-06;22;0;33;0;0.0;0.0
05;2021-01-07;128;0;161;0;0.1;0.0
05;2021-01-08;146;0;307;0;0.2;0.0
05;2021-01-09;11;0;318;0;0.2;0.0
05;2021-01-10;0;0;318;0;0.2;0.0
05;2021-01-11;44;0;362;0;0.3;0.0
05;2021-01-12;105;0;467;0;0.3;0.0
05;2021-01-13;139;0;606;0;0.4;0.0
05;2021-01-14;167;0;773;0;0.5;0.0
05;2021-01-15;127;1;900;1;0.6;0.0
05;2021-01-16;15;0;915;1;0.6;0.0
05;2021-01-17;0;0;915;1;0.6;0.0
05;2021-01-18;226;1;1141;2;0.8;0.0
05;2021-01-19;227;0;1368;2;1.0;0.0
05;2021-01-20;213;0;1581;2;1.1;0.0
05;2021-01-21;255;0;1836;2;1.3;0.0
05;2021-01-22;196;1;2032;3;1.4;0.0
05;2021-01-23;112;0;2144;3;1.5;0.0
05;2021-01-24;0;0;2144;3;1.5;0.0
05;2021-01-25;316;0;2460;3;1.7;0.0
05;2021-01-26;486;0;2946;3;2.1;0.0
05;2021-01-27;389;3;3335;6;2.4;0.0
05;2021-01-28;363;42;3698;48;2.6;0.0
05;2021-01-29;364;109;4062;157;2.9;0.1
05;2021-01-30;97;9;4159;166;2.9;0.1
05;2021-01-31;4;0;4163;166;2.9;0.1
05;2021-02-01;177;20;4340;186;3.1;0.1
05;2021-02-02;187;68;4527;254;3.2;0.2
05;2021-02-03;208;58;4735;312;3.3;0.2
05;2021-02-04;197;113;4932;425;3.5;0.3
05;2021-02-05;183;107;5115;532;3.6;0.4
05;2021-02-06;76;24;5191;556;3.7;0.4
05;2021-02-07;0;5;5191;561;3.7;0.4
05;2021-02-08;84;95;5275;656;3.7;0.5
05;2021-02-09;97;90;5372;746;3.8;0.5
05;2021-02-10;81;147;5453;893;3.8;0.6
05;2021-02-11;87;111;5540;1004;3.9;0.7
05;2021-02-12;85;121;5625;1125;4.0;0.8
05;2021-02-13;75;29;5700;1154;4.0;0.8
05;2021-02-14;0;0;5700;1154;4.0;0.8
05;2021-02-15;98;148;5798;1302;4.1;0.9
05;2021-02-16;111;233;5909;1535;4.2;1.1
05;2021-02-17;136;198;6045;1733;4.3;1.2
05;2021-02-18;154;265;6199;1998;4.4;1.4
05;2021-02-19;158;288;6357;2286;4.5;1.6
05;2021-02-20;31;73;6388;2359;4.5;1.7
05;2021-02-21;0;0;6388;2359;4.5;1.7
05;2021-02-22;70;204;6458;2563;4.6;1.8
05;2021-02-23;18;167;6476;2730;4.6;1.9
05;2021-02-24;20;142;6496;2872;4.6;2.0
05;2021-02-25;56;116;6552;2988;4.6;2.1
05;2021-02-26;145;169;6697;3157;4.7;2.2
05;2021-02-27;65;149;6762;3306;4.8;2.3
05;2021-02-28;11;0;6773;3306;4.8;2.3
05;2021-03-01;92;143;6865;3449;4.8;2.4
05;2021-03-02;92;157;6957;3606;4.9;2.5
05;2021-03-03;112;192;7069;3798;5.0;2.7
05;2021-03-04;242;138;7311;3936;5.2;2.8
05;2021-03-05;578;165;7889;4101;5.6;2.9
05;2021-03-06;668;49;8557;4150;6.0;2.9
05;2021-03-07;516;20;9073;4170;6.4;2.9
05;2021-03-08;556;128;9629;4298;6.8;3.0
05;2021-03-09;520;148;10149;4446;7.2;3.1
05;2021-03-10;498;125;10647;4571;7.5;3.2
05;2021-03-11;377;136;11024;4707;7.8;3.3
05;2021-03-12;435;87;11459;4794;8.1;3.4
05;2021-03-13;796;96;12255;4890;8.6;3.4
05;2021-03-14;670;11;12925;4901;9.1;3.5
05;2021-03-15;354;121;13279;5022;9.4;3.5
05;2021-03-16;149;135;13428;5157;9.5;3.6
05;2021-03-17;262;119;13690;5276;9.7;3.7
05;2021-03-18;364;35;14054;5311;9.9;3.7
05;2021-03-19;450;59;14504;5370;10.2;3.8
05;2021-03-20;167;28;14671;5398;10.3;3.8
05;2021-03-21;1;0;14672;5398;10.4;3.8
05;2021-03-22;717;37;15389;5435;10.9;3.8
05;2021-03-23;805;15;16194;5450;11.4;3.8
05;2021-03-24;788;77;16982;5527;12.0;3.9
05;2021-03-25;901;59;17883;5586;12.6;3.9
05;2021-03-26;1023;49;18906;5635;13.3;4.0
05;2021-03-27;467;33;19373;5668;13.7;4.0
05;2021-03-28;10;0;19383;5668;13.7;4.0
05;2021-03-29;905;63;20288;5731;14.3;4.0
05;2021-03-30;1142;78;21430;5809;15.1;4.1
05;2021-03-31;824;253;22254;6062;15.7;4.3
05;2021-04-01;901;239;23155;6301;16.3;4.4
05;2021-04-02;664;380;23819;6681;16.8;4.7
05;2021-04-03;551;183;24370;6864;17.2;4.8
05;2021-04-04;350;63;24720;6927;17.4;4.9
05;2021-04-05;158;12;24878;6939;17.5;4.9
05;2021-04-06;646;274;25524;7213;18.0;5.1
05;2021-04-07;773;323;26297;7536;18.6;5.3
05;2021-04-08;734;337;27031;7873;19.1;5.6
05;2021-04-09;883;406;27914;8279;19.7;5.8
05;2021-04-10;714;387;28628;8666;20.2;6.1
05;2021-04-11;191;172;28819;8838;20.3;6.2
05;2021-04-12;732;264;29551;9102;20.8;6.4
05;2021-04-13;921;248;30472;9350;21.5;6.6
05;2021-04-14;666;325;31138;9675;22.0;6.8
05;2021-04-15;768;399;31906;10074;22.5;7.1
05;2021-04-16;730;397;32636;10471;23.0;7.4
05;2021-04-17;671;239;33307;10710;23.5;7.6
05;2021-04-18;305;23;33612;10733;23.7;7.6
05;2021-04-19;363;536;33975;11269;24.0;7.9
05;2021-04-20;482;628;34457;11897;24.3;8.4
05;2021-04-21;494;627;34951;12524;24.7;8.8
05;2021-04-22;385;546;35336;13070;24.9;9.2
05;2021-04-23;523;655;35859;13725;25.3;9.7
05;2021-04-24;347;384;36206;14109;25.5;10.0
05;2021-04-25;288;23;36494;14132;25.7;10.0
05;2021-04-26;367;704;36861;14836;26.0;10.5
05;2021-04-27;657;750;37518;15586;26.5;11.0
05;2021-04-28;468;721;37986;16307;26.8;11.5
05;2021-04-29;702;747;38688;17054;27.3;12.0
05;2021-04-30;509;753;39197;17807;27.7;12.6
05;2021-05-01;138;110;39335;17917;27.7;12.6
05;2021-05-02;267;115;39602;18032;27.9;12.7
05;2021-05-03;458;492;40060;18524;28.3;13.1
05;2021-05-04;384;503;40444;19027;28.5;13.4
05;2021-05-05;461;670;40905;19697;28.9;13.9
05;2021-05-06;644;725;41549;20422;29.3;14.4
05;2021-05-07;595;799;42144;21221;29.7;15.0
05;2021-05-08;481;177;42625;21398;30.1;15.1
05;2021-05-09;208;57;42833;21455;30.2;15.1
05;2021-05-10;500;696;43333;22151;30.6;15.6
05;2021-05-11;669;905;44002;23056;31.0;16.3
05;2021-05-12;647;733;44649;23789;31.5;16.8
05;2021-05-13;960;116;45609;23905;32.2;16.9
05;2021-05-14;826;495;46435;24400;32.8;17.2
05;2021-05-15;1043;353;47478;24753;33.5;17.5
05;2021-05-16;235;52;47713;24805;33.7;17.5
05;2021-05-17;484;430;48197;25235;34.0;17.8
05;2021-05-18;519;419;48716;25654;34.4;18.1
05;2021-05-19;727;459;49443;26113;34.9;18.4
05;2021-05-20;747;434;50190;26547;35.4;18.7
05;2021-05-21;706;512;50896;27059;35.9;19.1
05;2021-05-22;607;239;51503;27298;36.3;19.3
05;2021-05-23;277;59;51780;27357;36.5;19.3
05;2021-05-24;510;157;52290;27514;36.9;19.4
05;2021-05-25;515;483;52805;27997;37.3;19.8
05;2021-05-26;695;362;53500;28359;37.7;20.0
05;2021-05-27;799;572;54299;28931;38.3;20.4
05;2021-05-28;666;648;54965;29579;38.8;20.9
05;2021-05-29;566;544;55531;30123;39.2;21.2
05;2021-05-30;212;82;55743;30205;39.3;21.3
05;2021-05-31;576;495;56319;30700;39.7;21.7
05;2021-06-01;590;586;56909;31286;40.1;22.1
05;2021-06-02;684;703;57593;31989;40.6;22.6
05;2021-06-03;716;649;58309;32638;41.1;23.0
05;2021-06-04;1017;815;59326;33453;41.9;23.6
05;2021-06-05;807;507;60133;33960;42.4;24.0
05;2021-06-06;202;89;60335;34049;42.6;24.0
05;2021-06-07;605;833;60940;34882;43.0;24.6
05;2021-06-08;702;659;61642;35541;43.5;25.1
05;2021-06-09;648;782;62290;36323;43.9;25.6
05;2021-06-10;545;718;62835;37041;44.3;26.1
05;2021-06-11;765;723;63600;37764;44.9;26.6
05;2021-06-12;593;485;64193;38249;45.3;27.0
05;2021-06-13;113;91;64306;38340;45.4;27.0
05;2021-06-14;403;669;64709;39009;45.6;27.5
05;2021-06-15;543;911;65252;39920;46.0;28.2
05;2021-06-16;433;671;65685;40591;46.3;28.6
05;2021-06-17;360;805;66045;41396;46.6;29.2
05;2021-06-18;400;724;66445;42120;46.9;29.7
05;2021-06-19;421;570;66866;42690;47.2;30.1
05;2021-06-20;64;77;66930;42767;47.2;30.2
05;2021-06-21;319;641;67249;43408;47.4;30.6
05;2021-06-22;356;829;67605;44237;47.7;31.2
05;2021-06-23;354;763;67959;45000;47.9;31.7
05;2021-06-24;388;1021;68347;46021;48.2;32.5
05;2021-06-25;229;892;68576;46913;48.4;33.1
05;2021-06-26;292;1074;68868;47987;48.6;33.9
05;2021-06-27;128;170;68996;48157;48.7;34.0
05;2021-06-28;254;792;69250;48949;48.9;34.5
05;2021-06-29;250;785;69500;49734;49.0;35.1
05;2021-06-30;329;788;69829;50522;49.3;35.6
05;2021-07-01;384;790;70213;51312;49.5;36.2
05;2021-07-02;369;871;70582;52183;49.8;36.8
05;2021-07-03;305;741;70887;52924;50.0;37.3
05;2021-07-04;179;177;71066;53101;50.1;37.5
05;2021-07-05;264;780;71330;53881;50.3;38.0
05;2021-07-06;336;858;71666;54739;50.6;38.6
05;2021-07-07;400;781;72066;55520;50.8;39.2
05;2021-07-08;431;848;72497;56368;51.1;39.8
05;2021-07-09;422;994;72919;57362;51.4;40.5
05;2021-07-10;314;729;73233;58091;51.7;41.0
05;2021-07-11;176;120;73409;58211;51.8;41.1
05;2021-07-12;416;1014;73825;59225;52.1;41.8
05;2021-07-13;482;869;74307;60094;52.4;42.4
05;2021-07-14;837;300;75144;60394;53.0;42.6
05;2021-07-15;708;992;75852;61386;53.5;43.3
05;2021-07-16;1027;1456;76879;62842;54.2;44.3
05;2021-07-17;672;1306;77551;64148;54.7;45.3
05;2021-07-18;285;131;77836;64279;54.9;45.3
05;2021-07-19;572;792;78408;65071;55.3;45.9
05;2021-07-20;763;801;79171;65872;55.9;46.5
05;2021-07-21;882;840;80053;66712;56.5;47.1
05;2021-07-22;812;870;80865;67582;57.0;47.7
05;2021-07-23;1446;1239;82311;68821;58.1;48.5
05;2021-07-24;864;836;83175;69657;58.7;49.1
05;2021-07-25;305;160;83480;69817;58.9;49.3
05;2021-07-26;778;561;84258;70378;59.4;49.6
05;2021-07-27;1259;755;85517;71133;60.3;50.2
05;2021-07-28;1523;720;87040;71853;61.4;50.7
05;2021-07-29;1346;724;88386;72577;62.4;51.2
05;2021-07-30;960;595;89346;73172;63.0;51.6
05;2021-07-31;782;526;90128;73698;63.6;52.0
05;2021-08-01;192;178;90320;73876;63.7;52.1
05;2021-08-02;835;549;91155;74425;64.3;52.5
05;2021-08-03;828;610;91983;75035;64.9;52.9
05;2021-08-04;991;757;92974;75792;65.6;53.5
05;2021-08-05;982;725;93956;76517;66.3;54.0
05;2021-08-06;873;793;94829;77310;66.9;54.5
05;2021-08-07;631;642;95460;77952;67.3;55.0
05;2021-08-08;196;270;95656;78222;67.5;55.2
05;2021-08-09;774;847;96430;79069;68.0;55.8
05;2021-08-10;651;700;97081;79769;68.5;56.3
05;2021-08-11;743;857;97824;80626;69.0;56.9
05;2021-08-12;794;783;98618;81409;69.6;57.4
05;2021-08-13;626;893;99244;82302;70.0;58.1
05;2021-08-14;410;781;99654;83083;70.3;58.6
05;2021-08-15;188;224;99842;83307;70.4;58.8
05;2021-08-16;488;1086;100330;84393;70.8;59.5
05;2021-08-17;433;880;100763;85273;71.1;60.2
05;2021-08-18;438;974;101201;86247;71.4;60.8
05;2021-08-19;500;964;101701;87211;71.7;61.5
05;2021-08-20;478;1115;102179;88326;72.1;62.3
05;2021-08-21;359;851;102538;89177;72.3;62.9
05;2021-08-22;117;254;102655;89431;72.4;63.1
05;2021-08-23;320;828;102975;90259;72.6;63.7
05;2021-08-24;403;781;103378;91040;72.9;64.2
05;2021-08-25;408;925;103786;91965;73.2;64.9
05;2021-08-26;307;814;104093;92779;73.4;65.4
05;2021-08-27;334;921;104427;93700;73.7;66.1
05;2021-08-28;245;655;104672;94355;73.8;66.6
05;2021-08-29;66;255;104738;94610;73.9;66.7
05;2021-08-30;268;804;105006;95414;74.1;67.3
05;2021-08-31;250;713;105256;96127;74.3;67.8
05;2021-09-01;271;655;105527;96782;74.4;68.3
05;2021-09-02;254;708;105781;97490;74.6;68.8
05;2021-09-03;253;617;106034;98107;74.8;69.2
05;2021-09-04;202;669;106236;98776;74.9;69.7
05;2021-09-05;55;178;106291;98954;75.0;69.8
05;2021-09-06;164;422;106455;99376;75.1;70.1
05;2021-09-07;218;618;106673;99994;75.3;70.5
05;2021-09-08;177;594;106850;100588;75.4;71.0
05;2021-09-09;191;524;107041;101112;75.5;71.3
05;2021-09-10;182;448;107223;101560;75.6;71.6
05;2021-09-11;148;462;107371;102022;75.7;72.0
05;2021-09-12;24;106;107395;102128;75.8;72.0
05;2021-09-13;169;418;107564;102546;75.9;72.3
05;2021-09-14;218;365;107782;102911;76.0;72.6
05;2021-09-15;176;376;107958;103287;76.2;72.9
05;2021-09-16;174;254;108132;103541;76.3;73.0
05;2021-09-17;147;319;108279;103860;76.4;73.3
05;2021-09-18;120;359;108399;104219;76.5;73.5
05;2021-09-19;16;38;108415;104257;76.5;73.5
05;2021-09-20;58;166;108473;104423;76.5;73.7
05;2021-09-21;80;246;108553;104669;76.6;73.8
05;2021-09-22;109;291;108662;104960;76.7;74.0
05;2021-09-23;99;237;108761;105197;76.7;74.2
05;2021-09-24;85;281;108846;105478;76.8;74.4
05;2021-09-25;85;225;108931;105703;76.8;74.6
05;2021-09-26;17;31;108948;105734;76.9;74.6
05;2021-09-27;63;144;109011;105878;76.9;74.7
05;2021-09-28;67;159;109078;106037;76.9;74.8
06;2020-12-27;16;0;16;0;0.0;0.0
06;2020-12-28;25;0;41;0;0.0;0.0
06;2020-12-29;12;0;53;0;0.0;0.0
06;2020-12-30;10;0;63;0;0.0;0.0
06;2020-12-31;30;0;93;0;0.0;0.0
06;2021-01-01;26;0;119;0;0.0;0.0
06;2021-01-02;9;0;128;0;0.0;0.0
06;2021-01-03;11;0;139;0;0.0;0.0
06;2021-01-04;158;1;297;1;0.0;0.0
06;2021-01-05;193;2;490;3;0.0;0.0
06;2021-01-06;252;2;742;5;0.1;0.0
06;2021-01-07;524;2;1266;7;0.1;0.0
06;2021-01-08;692;3;1958;10;0.2;0.0
06;2021-01-09;391;3;2349;13;0.2;0.0
06;2021-01-10;82;0;2431;13;0.2;0.0
06;2021-01-11;1163;1;3594;14;0.3;0.0
06;2021-01-12;2251;4;5845;18;0.5;0.0
06;2021-01-13;1756;7;7601;25;0.7;0.0
06;2021-01-14;2179;17;9780;42;0.9;0.0
06;2021-01-15;1891;5;11671;47;1.1;0.0
06;2021-01-16;992;5;12663;52;1.2;0.0
06;2021-01-17;246;0;12909;52;1.2;0.0
06;2021-01-18;2511;9;15420;61;1.4;0.0
06;2021-01-19;2780;12;18200;73;1.7;0.0
06;2021-01-20;3390;12;21590;85;2.0;0.0
06;2021-01-21;3059;23;24649;108;2.3;0.0
06;2021-01-22;3025;16;27674;124;2.6;0.0
06;2021-01-23;1310;3;28984;127;2.7;0.0
06;2021-01-24;34;0;29018;127;2.7;0.0
06;2021-01-25;2091;12;31109;139;2.9;0.0
06;2021-01-26;3414;44;34523;183;3.2;0.0
06;2021-01-27;2574;93;37097;276;3.4;0.0
06;2021-01-28;2828;183;39925;459;3.7;0.0
06;2021-01-29;2525;281;42450;740;3.9;0.1
06;2021-01-30;674;38;43124;778;4.0;0.1
06;2021-01-31;4;1;43128;779;4.0;0.1
06;2021-02-01;1030;412;44158;1191;4.1;0.1
06;2021-02-02;1517;364;45675;1555;4.2;0.1
06;2021-02-03;339;126;46014;1681;4.3;0.2
06;2021-02-04;727;774;46741;2455;4.3;0.2
06;2021-02-05;1014;946;47755;3401;4.4;0.3
06;2021-02-06;172;357;47927;3758;4.4;0.3
06;2021-02-07;14;49;47941;3807;4.4;0.4
06;2021-02-08;542;871;48483;4678;4.5;0.4
06;2021-02-09;326;682;48809;5360;4.5;0.5
06;2021-02-10;386;563;49195;5923;4.6;0.5
06;2021-02-11;485;898;49680;6821;4.6;0.6
06;2021-02-12;662;1077;50342;7898;4.7;0.7
06;2021-02-13;207;237;50549;8135;4.7;0.8
06;2021-02-14;19;2;50568;8137;4.7;0.8
06;2021-02-15;470;976;51038;9113;4.7;0.8
06;2021-02-16;877;1748;51915;10861;4.8;1.0
06;2021-02-17;842;1737;52757;12598;4.9;1.2
06;2021-02-18;1826;2200;54583;14798;5.1;1.4
06;2021-02-19;1774;1769;56357;16567;5.2;1.5
06;2021-02-20;288;416;56645;16983;5.2;1.6
06;2021-02-21;25;52;56670;17035;5.3;1.6
06;2021-02-22;1093;1220;57763;18255;5.4;1.7
06;2021-02-23;1768;1174;59531;19429;5.5;1.8
06;2021-02-24;2126;997;61657;20426;5.7;1.9
06;2021-02-25;3870;1367;65527;21793;6.1;2.0
06;2021-02-26;3414;1346;68941;23139;6.4;2.1
06;2021-02-27;1442;292;70383;23431;6.5;2.2
06;2021-02-28;103;23;70486;23454;6.5;2.2
06;2021-03-01;2435;669;72921;24123;6.8;2.2
06;2021-03-02;2470;808;75391;24931;7.0;2.3
06;2021-03-03;2878;460;78269;25391;7.3;2.4
06;2021-03-04;4638;502;82907;25893;7.7;2.4
06;2021-03-05;3925;900;86832;26793;8.0;2.5
06;2021-03-06;11973;341;98805;27134;9.2;2.5
06;2021-03-07;10222;310;109027;27444;10.1;2.5
06;2021-03-08;4184;981;113211;28425;10.5;2.6
06;2021-03-09;5018;791;118229;29216;11.0;2.7
06;2021-03-10;4738;655;122967;29871;11.4;2.8
06;2021-03-11;6745;825;129712;30696;12.0;2.8
06;2021-03-12;6896;975;136608;31671;12.7;2.9
06;2021-03-13;11274;344;147882;32015;13.7;3.0
06;2021-03-14;516;47;148398;32062;13.7;3.0
06;2021-03-15;4851;718;153249;32780;14.2;3.0
06;2021-03-16;3784;992;157033;33772;14.5;3.1
06;2021-03-17;6211;1729;163244;35501;15.1;3.3
06;2021-03-18;5136;1755;168380;37256;15.6;3.5
06;2021-03-19;6841;1959;175221;39215;16.2;3.6
06;2021-03-20;2380;511;177601;39726;16.5;3.7
06;2021-03-21;416;23;178017;39749;16.5;3.7
06;2021-03-22;3997;683;182014;40432;16.9;3.7
06;2021-03-23;5996;1184;188010;41616;17.4;3.9
06;2021-03-24;4232;3040;192242;44656;17.8;4.1
06;2021-03-25;5887;3086;198129;47742;18.4;4.4
06;2021-03-26;6372;1971;204501;49713;18.9;4.6
06;2021-03-27;2042;357;206543;50070;19.1;4.6
06;2021-03-28;216;5;206759;50075;19.2;4.6
06;2021-03-29;3212;2073;209971;52148;19.5;4.8
06;2021-03-30;5200;2483;215171;54631;19.9;5.1
06;2021-03-31;8061;1651;223232;56282;20.7;5.2
06;2021-04-01;7675;2456;230907;58738;21.4;5.4
06;2021-04-02;7251;2703;238158;61441;22.1;5.7
06;2021-04-03;2723;1374;240881;62815;22.3;5.8
06;2021-04-04;303;547;241184;63362;22.3;5.9
06;2021-04-05;1417;696;242601;64058;22.5;5.9
06;2021-04-06;6682;3312;249283;67370;23.1;6.2
06;2021-04-07;6239;3886;255522;71256;23.7;6.6
06;2021-04-08;5758;5647;261280;76903;24.2;7.1
06;2021-04-09;9396;5858;270676;82761;25.1;7.7
06;2021-04-10;2396;2779;273072;85540;25.3;7.9
06;2021-04-11;189;58;273261;85598;25.3;7.9
06;2021-04-12;4391;3503;277652;89101;25.7;8.3
06;2021-04-13;6394;5002;284046;94103;26.3;8.7
06;2021-04-14;5479;4431;289525;98534;26.8;9.1
06;2021-04-15;5561;4385;295086;102919;27.3;9.5
06;2021-04-16;7091;5190;302177;108109;28.0;10.0
06;2021-04-17;2787;3053;304964;111162;28.3;10.3
06;2021-04-18;269;223;305233;111385;28.3;10.3
06;2021-04-19;5505;4038;310738;115423;28.8;10.7
06;2021-04-20;5667;4871;316405;120294;29.3;11.1
06;2021-04-21;8337;4182;324742;124476;30.1;11.5
06;2021-04-22;8582;4199;333324;128675;30.9;11.9
06;2021-04-23;8854;4282;342178;132957;31.7;12.3
06;2021-04-24;2358;1495;344536;134452;31.9;12.5
06;2021-04-25;122;14;344658;134466;31.9;12.5
06;2021-04-26;4163;2318;348821;136784;32.3;12.7
06;2021-04-27;4593;4040;353414;140824;32.7;13.0
06;2021-04-28;4163;4574;357577;145398;33.1;13.5
06;2021-04-29;6095;5452;363672;150850;33.7;14.0
06;2021-04-30;6785;5166;370457;156016;34.3;14.5
06;2021-05-01;4167;837;374624;156853;34.7;14.5
06;2021-05-02;494;155;375118;157008;34.8;14.5
06;2021-05-03;6928;3559;382046;160567;35.4;14.9
06;2021-05-04;5756;5390;387802;165957;35.9;15.4
06;2021-05-05;4550;3909;392352;169866;36.3;15.7
06;2021-05-06;5233;4740;397585;174606;36.8;16.2
06;2021-05-07;5663;5672;403248;180278;37.4;16.7
06;2021-05-08;4874;1333;408122;181611;37.8;16.8
06;2021-05-09;205;308;408327;181919;37.8;16.9
06;2021-05-10;4834;5048;413161;186967;38.3;17.3
06;2021-05-11;4948;5558;418109;192525;38.7;17.8
06;2021-05-12;9110;4899;427219;197424;39.6;18.3
06;2021-05-13;9279;2146;436498;199570;40.4;18.5
06;2021-05-14;10863;3366;447361;202936;41.4;18.8
06;2021-05-15;9314;2224;456675;205160;42.3;19.0
06;2021-05-16;1506;288;458181;205448;42.4;19.0
06;2021-05-17;7522;3754;465703;209202;43.1;19.4
06;2021-05-18;9749;3232;475452;212434;44.0;19.7
06;2021-05-19;7715;2988;483167;215422;44.8;20.0
06;2021-05-20;7981;3679;491148;219101;45.5;20.3
06;2021-05-21;8832;3951;499980;223052;46.3;20.7
06;2021-05-22;3033;1326;503013;224378;46.6;20.8
06;2021-05-23;134;630;503147;225008;46.6;20.8
06;2021-05-24;3207;1002;506354;226010;46.9;20.9
06;2021-05-25;4762;4933;511116;230943;47.4;21.4
06;2021-05-26;5696;6631;516812;237574;47.9;22.0
06;2021-05-27;5593;6283;522405;243857;48.4;22.6
06;2021-05-28;4985;7291;527390;251148;48.9;23.3
06;2021-05-29;1638;2925;529028;254073;49.0;23.5
06;2021-05-30;258;1122;529286;255195;49.0;23.6
06;2021-05-31;4418;5120;533704;260315;49.4;24.1
06;2021-06-01;5755;7427;539459;267742;50.0;24.8
06;2021-06-02;3326;8549;542785;276291;50.3;25.6
06;2021-06-03;4551;8306;547336;284597;50.7;26.4
06;2021-06-04;5491;7726;552827;292323;51.2;27.1
06;2021-06-05;2466;3347;555293;295670;51.4;27.4
06;2021-06-06;183;235;555476;295905;51.5;27.4
06;2021-06-07;4149;5582;559625;301487;51.8;27.9
06;2021-06-08;4485;5217;564110;306704;52.3;28.4
06;2021-06-09;4124;7361;568234;314065;52.6;29.1
06;2021-06-10;4793;6870;573027;320935;53.1;29.7
06;2021-06-11;3926;8354;576953;329289;53.5;30.5
06;2021-06-12;1748;3751;578701;333040;53.6;30.9
06;2021-06-13;150;439;578851;333479;53.6;30.9
06;2021-06-14;2741;8602;581592;342081;53.9;31.7
06;2021-06-15;3290;9484;584882;351565;54.2;32.6
06;2021-06-16;3517;7020;588399;358585;54.5;33.2
06;2021-06-17;3683;7188;592082;365773;54.9;33.9
06;2021-06-18;2645;5929;594727;371702;55.1;34.4
06;2021-06-19;1319;1688;596046;373390;55.2;34.6
06;2021-06-20;211;349;596257;373739;55.2;34.6
06;2021-06-21;1737;6297;597994;380036;55.4;35.2
06;2021-06-22;2372;7358;600366;387394;55.6;35.9
06;2021-06-23;2095;6542;602461;393936;55.8;36.5
06;2021-06-24;3494;8968;605955;402904;56.1;37.3
06;2021-06-25;2308;9603;608263;412507;56.4;38.2
06;2021-06-26;893;2288;609156;414795;56.4;38.4
06;2021-06-27;379;1190;609535;415985;56.5;38.5
06;2021-06-28;2502;8123;612037;424108;56.7;39.3
06;2021-06-29;2395;7729;614432;431837;56.9;40.0
06;2021-06-30;1522;7691;615954;439528;57.1;40.7
06;2021-07-01;3570;7480;619524;447008;57.4;41.4
06;2021-07-02;4476;8279;624000;455287;57.8;42.2
06;2021-07-03;1240;4306;625240;459593;57.9;42.6
06;2021-07-04;318;303;625558;459896;58.0;42.6
06;2021-07-05;4079;5142;629637;465038;58.3;43.1
06;2021-07-06;2147;5813;631784;470851;58.5;43.6
06;2021-07-07;4188;5980;635972;476831;58.9;44.2
06;2021-07-08;3732;6335;639704;483166;59.3;44.8
06;2021-07-09;4869;6239;644573;489405;59.7;45.3
06;2021-07-10;1776;2330;646349;491735;59.9;45.6
06;2021-07-11;332;322;646681;492057;59.9;45.6
06;2021-07-12;4210;7150;650891;499207;60.3;46.2
06;2021-07-13;6129;9024;657020;508231;60.9;47.1
06;2021-07-14;1251;442;658271;508673;61.0;47.1
06;2021-07-15;6852;8036;665123;516709;61.6;47.9
06;2021-07-16;8541;9035;673664;525744;62.4;48.7
06;2021-07-17;3170;5477;676834;531221;62.7;49.2
06;2021-07-18;1079;5332;677913;536553;62.8;49.7
06;2021-07-19;6165;8028;684078;544581;63.4;50.5
06;2021-07-20;7600;10259;691678;554840;64.1;51.4
06;2021-07-21;8478;8715;700156;563555;64.9;52.2
06;2021-07-22;10454;7882;710610;571437;65.8;52.9
06;2021-07-23;9566;6931;720176;578368;66.7;53.6
06;2021-07-24;3303;3104;723479;581472;67.0;53.9
06;2021-07-25;1002;480;724481;581952;67.1;53.9
06;2021-07-26;7664;6891;732145;588843;67.8;54.6
06;2021-07-27;9275;5592;741420;594435;68.7;55.1
06;2021-07-28;7490;5405;748910;599840;69.4;55.6
06;2021-07-29;8890;5786;757800;605626;70.2;56.1
06;2021-07-30;8557;5558;766357;611184;71.0;56.6
06;2021-07-31;3829;3082;770186;614266;71.4;56.9
06;2021-08-01;900;436;771086;614702;71.4;56.9
06;2021-08-02;7141;4627;778227;619329;72.1;57.4
06;2021-08-03;6837;5498;785064;624827;72.7;57.9
06;2021-08-04;5835;3516;790899;628343;73.3;58.2
06;2021-08-05;6786;4472;797685;632815;73.9;58.6
06;2021-08-06;6113;6118;803798;638933;74.5;59.2
06;2021-08-07;2322;2474;806120;641407;74.7;59.4
06;2021-08-08;613;630;806733;642037;74.7;59.5
06;2021-08-09;4873;6035;811606;648072;75.2;60.0
06;2021-08-10;5518;6912;817124;654984;75.7;60.7
06;2021-08-11;4451;6214;821575;661198;76.1;61.3
06;2021-08-12;4737;6741;826312;667939;76.6;61.9
06;2021-08-13;3878;6456;830190;674395;76.9;62.5
06;2021-08-14;1599;2275;831789;676670;77.1;62.7
06;2021-08-15;416;639;832205;677309;77.1;62.7
06;2021-08-16;3286;6908;835491;684217;77.4;63.4
06;2021-08-17;3833;7779;839324;691996;77.8;64.1
06;2021-08-18;2989;6409;842313;698405;78.0;64.7
06;2021-08-19;4015;8127;846328;706532;78.4;65.5
06;2021-08-20;3277;6530;849605;713062;78.7;66.1
06;2021-08-21;1838;3592;851443;716654;78.9;66.4
06;2021-08-22;388;712;851831;717366;78.9;66.5
06;2021-08-23;2464;6530;854295;723896;79.1;67.1
06;2021-08-24;2870;6471;857165;730367;79.4;67.7
06;2021-08-25;2615;5679;859780;736046;79.7;68.2
06;2021-08-26;2730;6888;862510;742934;79.9;68.8
06;2021-08-27;2641;7077;865151;750011;80.2;69.5
06;2021-08-28;1292;3334;866443;753345;80.3;69.8
06;2021-08-29;295;826;866738;754171;80.3;69.9
06;2021-08-30;2459;6383;869197;760554;80.5;70.5
06;2021-08-31;2763;7144;871960;767698;80.8;71.1
06;2021-09-01;2309;5811;874269;773509;81.0;71.7
06;2021-09-02;2432;6432;876701;779941;81.2;72.3
06;2021-09-03;2155;6880;878856;786821;81.4;72.9
06;2021-09-04;1363;3656;880219;790477;81.5;73.2
06;2021-09-05;277;530;880496;791007;81.6;73.3
06;2021-09-06;1435;4909;881931;795916;81.7;73.7
06;2021-09-07;1602;5267;883533;801183;81.9;74.2
06;2021-09-08;1530;4465;885063;805648;82.0;74.6
06;2021-09-09;1404;4188;886467;809836;82.1;75.0
06;2021-09-10;1777;4267;888244;814103;82.3;75.4
06;2021-09-11;1057;2462;889301;816565;82.4;75.7
06;2021-09-12;141;337;889442;816902;82.4;75.7
06;2021-09-13;1280;3534;890722;820436;82.5;76.0
06;2021-09-14;1515;3145;892237;823581;82.7;76.3
06;2021-09-15;1465;2754;893702;826335;82.8;76.6
06;2021-09-16;1340;2417;895042;828752;82.9;76.8
06;2021-09-17;1474;2867;896516;831619;83.1;77.0
06;2021-09-18;686;1960;897202;833579;83.1;77.2
06;2021-09-19;108;289;897310;833868;83.1;77.3
06;2021-09-20;714;2134;898024;836002;83.2;77.5
06;2021-09-21;985;2475;899009;838477;83.3;77.7
06;2021-09-22;1040;2509;900049;840986;83.4;77.9
06;2021-09-23;806;2191;900855;843177;83.5;78.1
06;2021-09-24;903;2349;901758;845526;83.5;78.3
06;2021-09-25;481;1776;902239;847302;83.6;78.5
06;2021-09-26;96;217;902335;847519;83.6;78.5
06;2021-09-27;645;1609;902980;849128;83.7;78.7
06;2021-09-28;528;1592;903508;850720;83.7;78.8
07;2020-12-27;0;0;0;0;0.0;0.0
07;2020-12-28;0;0;0;0;0.0;0.0
07;2020-12-29;0;0;0;0;0.0;0.0
07;2020-12-30;0;0;0;0;0.0;0.0
07;2020-12-31;0;0;0;0;0.0;0.0
07;2021-01-01;7;0;7;0;0.0;0.0
07;2021-01-02;0;0;7;0;0.0;0.0
07;2021-01-03;0;0;7;0;0.0;0.0
07;2021-01-04;0;0;7;0;0.0;0.0
07;2021-01-05;0;0;7;0;0.0;0.0
07;2021-01-06;31;0;38;0;0.0;0.0
07;2021-01-07;130;1;168;1;0.1;0.0
07;2021-01-08;45;1;213;2;0.1;0.0
07;2021-01-09;17;0;230;2;0.1;0.0
07;2021-01-10;0;0;230;2;0.1;0.0
07;2021-01-11;157;1;387;3;0.1;0.0
07;2021-01-12;310;0;697;3;0.2;0.0
07;2021-01-13;308;1;1005;4;0.3;0.0
07;2021-01-14;476;0;1481;4;0.5;0.0
07;2021-01-15;188;0;1669;4;0.5;0.0
07;2021-01-16;17;0;1686;4;0.5;0.0
07;2021-01-17;2;0;1688;4;0.5;0.0
07;2021-01-18;364;4;2052;8;0.6;0.0
07;2021-01-19;830;2;2882;10;0.9;0.0
07;2021-01-20;605;1;3487;11;1.1;0.0
07;2021-01-21;452;3;3939;14;1.2;0.0
07;2021-01-22;292;0;4231;14;1.3;0.0
07;2021-01-23;107;0;4338;14;1.3;0.0
07;2021-01-24;0;0;4338;14;1.3;0.0
07;2021-01-25;164;0;4502;14;1.4;0.0
07;2021-01-26;491;4;4993;18;1.5;0.0
07;2021-01-27;557;8;5550;26;1.7;0.0
07;2021-01-28;1207;102;6757;128;2.1;0.0
07;2021-01-29;707;17;7464;145;2.3;0.0
07;2021-01-30;212;4;7676;149;2.3;0.0
07;2021-01-31;7;0;7683;149;2.4;0.0
07;2021-02-01;267;17;7950;166;2.4;0.1
07;2021-02-02;664;195;8614;361;2.6;0.1
07;2021-02-03;1046;176;9660;537;3.0;0.2
07;2021-02-04;722;248;10382;785;3.2;0.2
07;2021-02-05;484;240;10866;1025;3.3;0.3
07;2021-02-06;97;2;10963;1027;3.4;0.3
07;2021-02-07;12;1;10975;1028;3.4;0.3
07;2021-02-08;239;143;11214;1171;3.4;0.4
07;2021-02-09;488;304;11702;1475;3.6;0.5
07;2021-02-10;538;366;12240;1841;3.7;0.6
07;2021-02-11;400;243;12640;2084;3.9;0.6
07;2021-02-12;266;146;12906;2230;3.9;0.7
07;2021-02-13;69;16;12975;2246;4.0;0.7
07;2021-02-14;1;0;12976;2246;4.0;0.7
07;2021-02-15;270;103;13246;2349;4.1;0.7
07;2021-02-16;350;310;13596;2659;4.2;0.8
07;2021-02-17;466;284;14062;2943;4.3;0.9
07;2021-02-18;564;719;14626;3662;4.5;1.1
07;2021-02-19;457;474;15083;4136;4.6;1.3
07;2021-02-20;109;58;15192;4194;4.6;1.3
07;2021-02-21;15;0;15207;4194;4.7;1.3
07;2021-02-22;425;178;15632;4372;4.8;1.3
07;2021-02-23;646;581;16278;4953;5.0;1.5
07;2021-02-24;926;655;17204;5608;5.3;1.7
07;2021-02-25;710;468;17914;6076;5.5;1.9
07;2021-02-26;844;243;18758;6319;5.7;1.9
07;2021-02-27;190;138;18948;6457;5.8;2.0
07;2021-02-28;1;0;18949;6457;5.8;2.0
07;2021-03-01;438;179;19387;6636;5.9;2.0
07;2021-03-02;657;523;20044;7159;6.1;2.2
07;2021-03-03;693;477;20737;7636;6.3;2.3
07;2021-03-04;1100;311;21837;7947;6.7;2.4
07;2021-03-05;1084;340;22921;8287;7.0;2.5
07;2021-03-06;1125;96;24046;8383;7.4;2.6
07;2021-03-07;717;20;24763;8403;7.6;2.6
07;2021-03-08;352;278;25115;8681;7.7;2.7
07;2021-03-09;1089;393;26204;9074;8.0;2.8
07;2021-03-10;867;501;27071;9575;8.3;2.9
07;2021-03-11;1373;442;28444;10017;8.7;3.1
07;2021-03-12;1618;542;30062;10559;9.2;3.2
07;2021-03-13;682;89;30744;10648;9.4;3.3
07;2021-03-14;4;0;30748;10648;9.4;3.3
07;2021-03-15;525;274;31273;10922;9.6;3.3
07;2021-03-16;1209;475;32482;11397;9.9;3.5
07;2021-03-17;1189;769;33671;12166;10.3;3.7
07;2021-03-18;1217;405;34888;12571;10.7;3.8
07;2021-03-19;1268;422;36156;12993;11.1;4.0
07;2021-03-20;467;106;36623;13099;11.2;4.0
07;2021-03-21;3;1;36626;13100;11.2;4.0
07;2021-03-22;790;530;37416;13630;11.4;4.2
07;2021-03-23;1517;710;38933;14340;11.9;4.4
07;2021-03-24;1278;660;40211;15000;12.3;4.6
07;2021-03-25;1852;508;42063;15508;12.9;4.7
07;2021-03-26;1834;436;43897;15944;13.4;4.9
07;2021-03-27;384;96;44281;16040;13.5;4.9
07;2021-03-28;6;1;44287;16041;13.5;4.9
07;2021-03-29;789;354;45076;16395;13.8;5.0
07;2021-03-30;1526;509;46602;16904;14.3;5.2
07;2021-03-31;1662;507;48264;17411;14.8;5.3
07;2021-04-01;1589;661;49853;18072;15.3;5.5
07;2021-04-02;1522;439;51375;18511;15.7;5.7
07;2021-04-03;230;106;51605;18617;15.8;5.7
07;2021-04-04;3;1;51608;18618;15.8;5.7
07;2021-04-05;0;66;51608;18684;15.8;5.7
07;2021-04-06;1159;759;52767;19443;16.1;5.9
07;2021-04-07;1316;900;54083;20343;16.5;6.2
07;2021-04-08;1969;1176;56052;21519;17.1;6.6
07;2021-04-09;2423;566;58475;22085;17.9;6.8
07;2021-04-10;808;162;59283;22247;18.1;6.8
07;2021-04-11;339;12;59622;22259;18.2;6.8
07;2021-04-12;1287;596;60909;22855;18.6;7.0
07;2021-04-13;1767;1338;62676;24193;19.2;7.4
07;2021-04-14;1685;1015;64361;25208;19.7;7.7
07;2021-04-15;1443;842;65804;26050;20.1;8.0
07;2021-04-16;1506;911;67310;26961;20.6;8.2
07;2021-04-17;870;216;68180;27177;20.9;8.3
07;2021-04-18;699;38;68879;27215;21.1;8.3
07;2021-04-19;1161;574;70040;27789;21.4;8.5
07;2021-04-20;1441;1318;71481;29107;21.9;8.9
07;2021-04-21;1719;916;73200;30023;22.4;9.2
07;2021-04-22;1817;965;75017;30988;22.9;9.5
07;2021-04-23;1411;969;76428;31957;23.4;9.8
07;2021-04-24;962;251;77390;32208;23.7;9.9
07;2021-04-25;717;69;78107;32277;23.9;9.9
07;2021-04-26;1137;678;79244;32955;24.2;10.1
07;2021-04-27;1394;1565;80638;34520;24.7;10.6
07;2021-04-28;1635;1755;82273;36275;25.2;11.1
07;2021-04-29;1938;1531;84211;37806;25.8;11.6
07;2021-04-30;1661;1479;85872;39285;26.3;12.0
07;2021-05-01;960;119;86832;39404;26.6;12.1
07;2021-05-02;844;155;87676;39559;26.8;12.1
07;2021-05-03;1280;434;88956;39993;27.2;12.2
07;2021-05-04;2170;1566;91126;41559;27.9;12.7
07;2021-05-05;1744;1386;92870;42945;28.4;13.1
07;2021-05-06;2101;1587;94971;44532;29.1;13.6
07;2021-05-07;1597;1553;96568;46085;29.5;14.1
07;2021-05-08;1230;403;97798;46488;29.9;14.2
07;2021-05-09;1030;326;98828;46814;30.2;14.3
07;2021-05-10;1406;1176;100234;47990;30.7;14.7
07;2021-05-11;2470;1693;102704;49683;31.4;15.2
07;2021-05-12;2164;1277;104868;50960;32.1;15.6
07;2021-05-13;1712;273;106580;51233;32.6;15.7
07;2021-05-14;1734;996;108314;52229;33.1;16.0
07;2021-05-15;1626;500;109940;52729;33.6;16.1
07;2021-05-16;1442;213;111382;52942;34.1;16.2
07;2021-05-17;1771;857;113153;53799;34.6;16.5
07;2021-05-18;2295;1302;115448;55101;35.3;16.9
07;2021-05-19;2375;1000;117823;56101;36.0;17.2
07;2021-05-20;2165;1308;119988;57409;36.7;17.6
07;2021-05-21;1757;1312;121745;58721;37.2;18.0
07;2021-05-22;935;542;122680;59263;37.5;18.1
07;2021-05-23;856;157;123536;59420;37.8;18.2
07;2021-05-24;1648;338;125184;59758;38.3;18.3
07;2021-05-25;2184;1477;127368;61235;39.0;18.7
07;2021-05-26;1526;1379;128894;62614;39.4;19.2
07;2021-05-27;2015;1411;130909;64025;40.0;19.6
07;2021-05-28;1770;2078;132679;66103;40.6;20.2
07;2021-05-29;942;683;133621;66786;40.9;20.4
07;2021-05-30;622;570;134243;67356;41.1;20.6
07;2021-05-31;1133;1281;135376;68637;41.4;21.0
07;2021-06-01;2153;2001;137529;70638;42.1;21.6
07;2021-06-02;1530;1653;139059;72291;42.5;22.1
07;2021-06-03;1712;1254;140771;73545;43.1;22.5
07;2021-06-04;1676;1593;142447;75138;43.6;23.0
07;2021-06-05;987;955;143434;76093;43.9;23.3
07;2021-06-06;598;624;144032;76717;44.1;23.5
07;2021-06-07;961;1193;144993;77910;44.4;23.8
07;2021-06-08;1548;1771;146541;79681;44.8;24.4
07;2021-06-09;1030;1418;147571;81099;45.1;24.8
07;2021-06-10;789;1388;148360;82487;45.4;25.2
07;2021-06-11;1154;2032;149514;84519;45.7;25.9
07;2021-06-12;643;1217;150157;85736;45.9;26.2
07;2021-06-13;395;444;150552;86180;46.1;26.4
07;2021-06-14;566;1958;151118;88138;46.2;27.0
07;2021-06-15;936;2550;152054;90688;46.5;27.7
07;2021-06-16;1023;1852;153077;92540;46.8;28.3
07;2021-06-17;885;1949;153962;94489;47.1;28.9
07;2021-06-18;868;2281;154830;96770;47.4;29.6
07;2021-06-19;603;1452;155433;98222;47.6;30.0
07;2021-06-20;369;727;155802;98949;47.7;30.3
07;2021-06-21;516;2143;156318;101092;47.8;30.9
07;2021-06-22;655;2661;156973;103753;48.0;31.7
07;2021-06-23;680;1960;157653;105713;48.2;32.3
07;2021-06-24;646;1849;158299;107562;48.4;32.9
07;2021-06-25;701;2175;159000;109737;48.6;33.6
07;2021-06-26;362;1430;159362;111167;48.8;34.0
07;2021-06-27;285;1073;159647;112240;48.8;34.3
07;2021-06-28;506;2241;160153;114481;49.0;35.0
07;2021-06-29;540;2986;160693;117467;49.2;35.9
07;2021-06-30;822;2279;161515;119746;49.4;36.6
07;2021-07-01;776;1951;162291;121697;49.6;37.2
07;2021-07-02;880;2294;163171;123991;49.9;37.9
07;2021-07-03;421;1137;163592;125128;50.0;38.3
07;2021-07-04;211;852;163803;125980;50.1;38.5
07;2021-07-05;670;1685;164473;127665;50.3;39.1
07;2021-07-06;880;2630;165353;130295;50.6;39.9
07;2021-07-07;969;1951;166322;132246;50.9;40.5
07;2021-07-08;928;1959;167250;134205;51.2;41.1
07;2021-07-09;994;2262;168244;136467;51.5;41.7
07;2021-07-10;598;1100;168842;137567;51.7;42.1
07;2021-07-11;239;614;169081;138181;51.7;42.3
07;2021-07-12;808;1769;169889;139950;52.0;42.8
07;2021-07-13;1770;3171;171659;143121;52.5;43.8
07;2021-07-14;167;133;171826;143254;52.6;43.8
07;2021-07-15;1960;2466;173786;145720;53.2;44.6
07;2021-07-16;2056;1987;175842;147707;53.8;45.2
07;2021-07-17;1484;1249;177326;148956;54.2;45.6
07;2021-07-18;771;480;178097;149436;54.5;45.7
07;2021-07-19;1515;1687;179612;151123;54.9;46.2
07;2021-07-20;2519;2679;182131;153802;55.7;47.1
07;2021-07-21;1856;1915;183987;155717;56.3;47.6
07;2021-07-22;1919;1375;185906;157092;56.9;48.1
07;2021-07-23;2266;1688;188172;158780;57.6;48.6
07;2021-07-24;1642;1111;189814;159891;58.1;48.9
07;2021-07-25;34;22;189848;159913;58.1;48.9
07;2021-07-26;2198;1541;192046;161454;58.8;49.4
07;2021-07-27;3016;1915;195062;163369;59.7;50.0
07;2021-07-28;1642;1308;196704;164677;60.2;50.4
07;2021-07-29;2541;1274;199245;165951;61.0;50.8
07;2021-07-30;1356;1415;200601;167366;61.4;51.2
07;2021-07-31;1506;922;202107;168288;61.8;51.5
07;2021-08-01;74;26;202181;168314;61.9;51.5
07;2021-08-02;1515;1133;203696;169447;62.3;51.8
07;2021-08-03;2417;1911;206113;171358;63.1;52.4
07;2021-08-04;1947;1031;208060;172389;63.7;52.7
07;2021-08-05;1893;1296;209953;173685;64.2;53.1
07;2021-08-06;2033;1709;211986;175394;64.9;53.7
07;2021-08-07;998;556;212984;175950;65.2;53.8
07;2021-08-08;12;23;212996;175973;65.2;53.8
07;2021-08-09;1258;1382;214254;177355;65.5;54.3
07;2021-08-10;1601;2259;215855;179614;66.0;54.9
07;2021-08-11;1400;1600;217255;181214;66.5;55.4
07;2021-08-12;1104;1485;218359;182699;66.8;55.9
07;2021-08-13;1182;1790;219541;184489;67.2;56.4
07;2021-08-14;512;766;220053;185255;67.3;56.7
07;2021-08-15;9;28;220062;185283;67.3;56.7
07;2021-08-16;755;1328;220817;186611;67.6;57.1
07;2021-08-17;1338;2278;222155;188889;68.0;57.8
07;2021-08-18;879;1516;223034;190405;68.2;58.3
07;2021-08-19;1147;1697;224181;192102;68.6;58.8
07;2021-08-20;899;2086;225080;194188;68.9;59.4
07;2021-08-21;364;549;225444;194737;69.0;59.6
07;2021-08-22;7;23;225451;194760;69.0;59.6
07;2021-08-23;467;1307;225918;196067;69.1;60.0
07;2021-08-24;1124;2312;227042;198379;69.5;60.7
07;2021-08-25;691;1837;227733;200216;69.7;61.3
07;2021-08-26;688;2021;228421;202237;69.9;61.9
07;2021-08-27;784;1829;229205;204066;70.1;62.4
07;2021-08-28;338;608;229543;204674;70.2;62.6
07;2021-08-29;1;33;229544;204707;70.2;62.6
07;2021-08-30;429;1325;229973;206032;70.4;63.0
07;2021-08-31;1093;2284;231066;208316;70.7;63.7
07;2021-09-01;543;1396;231609;209712;70.9;64.2
07;2021-09-02;603;1542;232212;211254;71.0;64.6
07;2021-09-03;740;1891;232952;213145;71.3;65.2
07;2021-09-04;308;716;233260;213861;71.4;65.4
07;2021-09-05;26;28;233286;213889;71.4;65.4
07;2021-09-06;403;1029;233689;214918;71.5;65.7
07;2021-09-07;520;1462;234209;216380;71.7;66.2
07;2021-09-08;441;1160;234650;217540;71.8;66.6
07;2021-09-09;475;1051;235125;218591;71.9;66.9
07;2021-09-10;518;1419;235643;220010;72.1;67.3
07;2021-09-11;167;660;235810;220670;72.1;67.5
07;2021-09-12;0;9;235810;220679;72.1;67.5
07;2021-09-13;347;617;236157;221296;72.2;67.7
07;2021-09-14;529;1125;236686;222421;72.4;68.0
07;2021-09-15;303;742;236989;223163;72.5;68.3
07;2021-09-16;426;566;237415;223729;72.6;68.4
07;2021-09-17;319;800;237734;224529;72.7;68.7
07;2021-09-18;100;454;237834;224983;72.8;68.8
07;2021-09-19;3;32;237837;225015;72.8;68.8
07;2021-09-20;238;365;238075;225380;72.8;68.9
07;2021-09-21;279;696;238354;226076;72.9;69.2
07;2021-09-22;172;724;238526;226800;73.0;69.4
07;2021-09-23;189;531;238715;227331;73.0;69.5
07;2021-09-24;276;838;238991;228169;73.1;69.8
07;2021-09-25;47;206;239038;228375;73.1;69.9
07;2021-09-26;5;17;239043;228392;73.1;69.9
07;2021-09-27;144;457;239187;228849;73.2;70.0
07;2021-09-28;176;521;239363;229370;73.2;70.2
08;2020-12-27;1;0;1;0;0.0;0.0
08;2020-12-28;0;0;1;0;0.0;0.0
08;2020-12-29;0;0;1;0;0.0;0.0
08;2020-12-30;0;0;1;0;0.0;0.0
08;2020-12-31;0;0;1;0;0.0;0.0
08;2021-01-01;0;0;1;0;0.0;0.0
08;2021-01-02;0;0;1;0;0.0;0.0
08;2021-01-03;2;0;3;0;0.0;0.0
08;2021-01-04;24;0;27;0;0.0;0.0
08;2021-01-05;1;0;28;0;0.0;0.0
08;2021-01-06;0;0;28;0;0.0;0.0
08;2021-01-07;188;0;216;0;0.1;0.0
08;2021-01-08;315;0;531;0;0.2;0.0
08;2021-01-09;115;0;646;0;0.2;0.0
08;2021-01-10;1;0;647;0;0.2;0.0
08;2021-01-11;67;0;714;0;0.3;0.0
08;2021-01-12;157;0;871;0;0.3;0.0
08;2021-01-13;480;1;1351;1;0.5;0.0
08;2021-01-14;538;9;1889;10;0.7;0.0
08;2021-01-15;287;2;2176;12;0.8;0.0
08;2021-01-16;107;0;2283;12;0.9;0.0
08;2021-01-17;2;0;2285;12;0.9;0.0
08;2021-01-18;371;2;2656;14;1.0;0.0
08;2021-01-19;873;1;3529;15;1.3;0.0
08;2021-01-20;909;4;4438;19;1.7;0.0
08;2021-01-21;743;1;5181;20;2.0;0.0
08;2021-01-22;678;1;5859;21;2.2;0.0
08;2021-01-23;237;0;6096;21;2.3;0.0
08;2021-01-24;0;0;6096;21;2.3;0.0
08;2021-01-25;209;0;6305;21;2.4;0.0
08;2021-01-26;303;1;6608;22;2.5;0.0
08;2021-01-27;410;1;7018;23;2.6;0.0
08;2021-01-28;565;176;7583;199;2.9;0.1
08;2021-01-29;588;172;8171;371;3.1;0.1
08;2021-01-30;222;59;8393;430;3.2;0.2
08;2021-01-31;0;0;8393;430;3.2;0.2
08;2021-02-01;80;43;8473;473;3.2;0.2
08;2021-02-02;192;160;8665;633;3.3;0.2
08;2021-02-03;140;162;8805;795;3.3;0.3
08;2021-02-04;309;275;9114;1070;3.4;0.4
08;2021-02-05;499;341;9613;1411;3.6;0.5
08;2021-02-06;149;66;9762;1477;3.7;0.6
08;2021-02-07;8;0;9770;1477;3.7;0.6
08;2021-02-08;40;155;9810;1632;3.7;0.6
08;2021-02-09;220;605;10030;2237;3.8;0.8
08;2021-02-10;334;585;10364;2822;3.9;1.1
08;2021-02-11;466;320;10830;3142;4.1;1.2
08;2021-02-12;676;335;11506;3477;4.3;1.3
08;2021-02-13;140;91;11646;3568;4.4;1.3
08;2021-02-14;3;60;11649;3628;4.4;1.4
08;2021-02-15;227;166;11876;3794;4.5;1.4
08;2021-02-16;130;303;12006;4097;4.5;1.5
08;2021-02-17;112;314;12118;4411;4.6;1.7
08;2021-02-18;215;415;12333;4826;4.6;1.8
08;2021-02-19;305;336;12638;5162;4.8;1.9
08;2021-02-20;7;185;12645;5347;4.8;2.0
08;2021-02-21;0;0;12645;5347;4.8;2.0
08;2021-02-22;131;148;12776;5495;4.8;2.1
08;2021-02-23;150;260;12926;5755;4.9;2.2
08;2021-02-24;163;331;13089;6086;4.9;2.3
08;2021-02-25;500;439;13589;6525;5.1;2.5
08;2021-02-26;603;535;14192;7060;5.3;2.7
08;2021-02-27;318;174;14510;7234;5.5;2.7
08;2021-02-28;19;1;14529;7235;5.5;2.7
08;2021-03-01;200;90;14729;7325;5.5;2.8
08;2021-03-02;654;256;15383;7581;5.8;2.9
08;2021-03-03;898;183;16281;7764;6.1;2.9
08;2021-03-04;734;279;17015;8043;6.4;3.0
08;2021-03-05;1022;475;18037;8518;6.8;3.2
08;2021-03-06;695;137;18732;8655;7.1;3.3
08;2021-03-07;75;2;18807;8657;7.1;3.3
08;2021-03-08;217;122;19024;8779;7.2;3.3
08;2021-03-09;688;147;19712;8926;7.4;3.4
08;2021-03-10;1038;115;20750;9041;7.8;3.4
08;2021-03-11;982;232;21732;9273;8.2;3.5
08;2021-03-12;1631;504;23363;9777;8.8;3.7
08;2021-03-13;798;122;24161;9899;9.1;3.7
08;2021-03-14;22;0;24183;9899;9.1;3.7
08;2021-03-15;291;72;24474;9971;9.2;3.8
08;2021-03-16;563;38;25037;10009;9.4;3.8
08;2021-03-17;804;64;25841;10073;9.7;3.8
08;2021-03-18;816;157;26657;10230;10.0;3.9
08;2021-03-19;1135;277;27792;10507;10.5;4.0
08;2021-03-20;511;16;28303;10523;10.7;4.0
08;2021-03-21;13;1;28316;10524;10.7;4.0
08;2021-03-22;367;45;28683;10569;10.8;4.0
08;2021-03-23;733;63;29416;10632;11.1;4.0
08;2021-03-24;1327;70;30743;10702;11.6;4.0
08;2021-03-25;1906;97;32649;10799;12.3;4.1
08;2021-03-26;2571;171;35220;10970;13.3;4.1
08;2021-03-27;898;123;36118;11093;13.6;4.2
08;2021-03-28;228;7;36346;11100;13.7;4.2
08;2021-03-29;261;183;36607;11283;13.8;4.2
08;2021-03-30;832;482;37439;11765;14.1;4.4
08;2021-03-31;852;529;38291;12294;14.4;4.6
08;2021-04-01;1683;446;39974;12740;15.1;4.8
08;2021-04-02;1498;514;41472;13254;15.6;5.0
08;2021-04-03;1329;203;42801;13457;16.1;5.1
08;2021-04-04;134;4;42935;13461;16.2;5.1
08;2021-04-05;17;0;42952;13461;16.2;5.1
08;2021-04-06;702;481;43654;13942;16.4;5.3
08;2021-04-07;909;701;44563;14643;16.8;5.5
08;2021-04-08;1745;521;46308;15164;17.4;5.7
08;2021-04-09;2348;728;48656;15892;18.3;6.0
08;2021-04-10;1445;226;50101;16118;18.9;6.1
08;2021-04-11;10;6;50111;16124;18.9;6.1
08;2021-04-12;671;211;50782;16335;19.1;6.2
08;2021-04-13;1309;610;52091;16945;19.6;6.4
08;2021-04-14;1280;867;53371;17812;20.1;6.7
08;2021-04-15;1606;806;54977;18618;20.7;7.0
08;2021-04-16;1873;883;56850;19501;21.4;7.3
08;2021-04-17;1112;402;57962;19903;21.8;7.5
08;2021-04-18;23;14;57985;19917;21.8;7.5
08;2021-04-19;1151;298;59136;20215;22.3;7.6
08;2021-04-20;1120;543;60256;20758;22.7;7.8
08;2021-04-21;1139;745;61395;21503;23.1;8.1
08;2021-04-22;1326;879;62721;22382;23.6;8.4
08;2021-04-23;1675;1171;64396;23553;24.3;8.9
08;2021-04-24;1325;646;65721;24199;24.8;9.1
08;2021-04-25;26;198;65747;24397;24.8;9.2
08;2021-04-26;1040;156;66787;24553;25.2;9.2
08;2021-04-27;1338;592;68125;25145;25.7;9.5
08;2021-04-28;1453;665;69578;25810;26.2;9.7
08;2021-04-29;1173;1305;70751;27115;26.6;10.2
08;2021-04-30;1769;1606;72520;28721;27.3;10.8
08;2021-05-01;1049;494;73569;29215;27.7;11.0
08;2021-05-02;627;183;74196;29398;27.9;11.1
08;2021-05-03;1172;372;75368;29770;28.4;11.2
08;2021-05-04;1328;872;76696;30642;28.9;11.5
08;2021-05-05;1567;1335;78263;31977;29.5;12.0
08;2021-05-06;1971;1652;80234;33629;30.2;12.7
08;2021-05-07;1860;2097;82094;35726;30.9;13.5
08;2021-05-08;922;767;83016;36493;31.3;13.7
08;2021-05-09;443;71;83459;36564;31.4;13.8
08;2021-05-10;1192;657;84651;37221;31.9;14.0
08;2021-05-11;1907;942;86558;38163;32.6;14.4
08;2021-05-12;1809;1238;88367;39401;33.3;14.8
08;2021-05-13;1306;616;89673;40017;33.8;15.1
08;2021-05-14;2534;1036;92207;41053;34.7;15.5
08;2021-05-15;1820;711;94027;41764;35.4;15.7
08;2021-05-16;820;102;94847;41866;35.7;15.8
08;2021-05-17;700;906;95547;42772;36.0;16.1
08;2021-05-18;1250;838;96797;43610;36.5;16.4
08;2021-05-19;1611;960;98408;44570;37.1;16.8
08;2021-05-20;2147;956;100555;45526;37.9;17.1
08;2021-05-21;2339;1274;102894;46800;38.8;17.6
08;2021-05-22;1817;762;104711;47562;39.4;17.9
08;2021-05-23;864;90;105575;47652;39.8;17.9
08;2021-05-24;716;106;106291;47758;40.0;18.0
08;2021-05-25;1456;669;107747;48427;40.6;18.2
08;2021-05-26;1527;1008;109274;49435;41.2;18.6
08;2021-05-27;2005;1144;111279;50579;41.9;19.0
08;2021-05-28;1973;1812;113252;52391;42.7;19.7
08;2021-05-29;1767;960;115019;53351;43.3;20.1
08;2021-05-30;836;102;115855;53453;43.6;20.1
08;2021-05-31;755;569;116610;54022;43.9;20.3
08;2021-06-01;1350;876;117960;54898;44.4;20.7
08;2021-06-02;1295;1192;119255;56090;44.9;21.1
08;2021-06-03;1386;1521;120641;57611;45.4;21.7
08;2021-06-04;1777;2418;122418;60029;46.1;22.6
08;2021-06-05;1176;1380;123594;61409;46.5;23.1
08;2021-06-06;907;106;124501;61515;46.9;23.2
08;2021-06-07;661;1174;125162;62689;47.1;23.6
08;2021-06-08;931;1496;126093;64185;47.5;24.2
08;2021-06-09;840;1386;126933;65571;47.8;24.7
08;2021-06-10;1718;1562;128651;67133;48.5;25.3
08;2021-06-11;1721;2206;130372;69339;49.1;26.1
08;2021-06-12;1417;1526;131789;70865;49.6;26.7
08;2021-06-13;385;598;132174;71463;49.8;26.9
08;2021-06-14;380;1304;132554;72767;49.9;27.4
08;2021-06-15;742;1548;133296;74315;50.2;28.0
08;2021-06-16;808;2052;134104;76367;50.5;28.8
08;2021-06-17;1285;1850;135389;78217;51.0;29.5
08;2021-06-18;1610;2591;136999;80808;51.6;30.4
08;2021-06-19;1324;1405;138323;82213;52.1;31.0
08;2021-06-20;117;422;138440;82635;52.1;31.1
08;2021-06-21;494;1395;138934;84030;52.3;31.6
08;2021-06-22;810;2022;139744;86052;52.6;32.4
08;2021-06-23;859;1672;140603;87724;53.0;33.0
08;2021-06-24;1038;1923;141641;89647;53.3;33.8
08;2021-06-25;1084;2729;142725;92376;53.8;34.8
08;2021-06-26;1010;1784;143735;94160;54.1;35.5
08;2021-06-27;351;642;144086;94802;54.3;35.7
08;2021-06-28;397;1324;144483;96126;54.4;36.2
08;2021-06-29;627;1472;145110;97598;54.6;36.8
08;2021-06-30;857;1688;145967;99286;55.0;37.4
08;2021-07-01;887;2194;146854;101480;55.3;38.2
08;2021-07-02;939;2644;147793;104124;55.7;39.2
08;2021-07-03;784;2145;148577;106269;56.0;40.0
08;2021-07-04;128;861;148705;107130;56.0;40.3
08;2021-07-05;104;1195;148809;108325;56.0;40.8
08;2021-07-06;425;1834;149234;110159;56.2;41.5
08;2021-07-07;364;1781;149598;111940;56.3;42.2
08;2021-07-08;716;2016;150314;113956;56.6;42.9
08;2021-07-09;732;2432;151046;116388;56.9;43.8
08;2021-07-10;652;1998;151698;118386;57.1;44.6
08;2021-07-11;238;726;151936;119112;57.2;44.9
08;2021-07-12;312;1192;152248;120304;57.3;45.3
08;2021-07-13;947;1787;153195;122091;57.7;46.0
08;2021-07-14;179;329;153374;122420;57.8;46.1
08;2021-07-15;759;2448;154133;124868;58.0;47.0
08;2021-07-16;1084;2404;155217;127272;58.5;47.9
08;2021-07-17;992;2105;156209;129377;58.8;48.7
08;2021-07-18;346;741;156555;130118;59.0;49.0
08;2021-07-19;458;918;157013;131036;59.1;49.3
08;2021-07-20;878;1435;157891;132471;59.5;49.9
08;2021-07-21;1237;1716;159128;134187;59.9;50.5
08;2021-07-22;1149;2167;160277;136354;60.4;51.4
08;2021-07-23;1585;2442;161862;138796;61.0;52.3
08;2021-07-24;1309;1922;163171;140718;61.5;53.0
08;2021-07-25;774;445;163945;141163;61.7;53.2
08;2021-07-26;1323;844;165268;142007;62.2;53.5
08;2021-07-27;2186;1405;167454;143412;63.1;54.0
08;2021-07-28;2412;1452;169866;144864;64.0;54.6
08;2021-07-29;2601;1346;172467;146210;65.0;55.1
08;2021-07-30;2601;1586;175068;147796;65.9;55.7
08;2021-07-31;1972;1075;177040;148871;66.7;56.1
08;2021-08-01;935;301;177975;149172;67.0;56.2
08;2021-08-02;1255;682;179230;149854;67.5;56.4
08;2021-08-03;1635;822;180865;150676;68.1;56.7
08;2021-08-04;1493;665;182358;151341;68.7;57.0
08;2021-08-05;1905;977;184263;152318;69.4;57.4
08;2021-08-06;2589;1098;186852;153416;70.4;57.8
08;2021-08-07;1673;1161;188525;154577;71.0;58.2
08;2021-08-08;585;373;189110;154950;71.2;58.4
08;2021-08-09;672;534;189782;155484;71.5;58.6
08;2021-08-10;879;750;190661;156234;71.8;58.8
08;2021-08-11;523;791;191184;157025;72.0;59.1
08;2021-08-12;1161;1080;192345;158105;72.4;59.5
08;2021-08-13;1157;1012;193502;159117;72.9;59.9
08;2021-08-14;587;912;194089;160029;73.1;60.3
08;2021-08-15;137;273;194226;160302;73.1;60.4
08;2021-08-16;218;1177;194444;161479;73.2;60.8
08;2021-08-17;514;1210;194958;162689;73.4;61.3
08;2021-08-18;281;1263;195239;163952;73.5;61.7
08;2021-08-19;605;1888;195844;165840;73.8;62.5
08;2021-08-20;685;2178;196529;168018;74.0;63.3
08;2021-08-21;273;1340;196802;169358;74.1;63.8
08;2021-08-22;105;900;196907;170258;74.2;64.1
08;2021-08-23;160;1448;197067;171706;74.2;64.7
08;2021-08-24;364;1752;197431;173458;74.4;65.3
08;2021-08-25;322;1248;197753;174706;74.5;65.8
08;2021-08-26;502;2064;198255;176770;74.7;66.6
08;2021-08-27;450;2324;198705;179094;74.8;67.4
08;2021-08-28;260;1289;198965;180383;74.9;67.9
08;2021-08-29;169;562;199134;180945;75.0;68.1
08;2021-08-30;302;1170;199436;182115;75.1;68.6
08;2021-08-31;360;1284;199796;183399;75.2;69.1
08;2021-09-01;414;1353;200210;184752;75.4;69.6
08;2021-09-02;465;1297;200675;186049;75.6;70.1
08;2021-09-03;463;1695;201138;187744;75.7;70.7
08;2021-09-04;349;1468;201487;189212;75.9;71.3
08;2021-09-05;106;207;201593;189419;75.9;71.3
08;2021-09-06;196;514;201789;189933;76.0;71.5
08;2021-09-07;205;612;201994;190545;76.1;71.8
08;2021-09-08;277;598;202271;191143;76.2;72.0
08;2021-09-09;343;744;202614;191887;76.3;72.3
08;2021-09-10;494;1030;203108;192917;76.5;72.7
08;2021-09-11;383;852;203491;193769;76.6;73.0
08;2021-09-12;52;91;203543;193860;76.7;73.0
08;2021-09-13;381;254;203924;194114;76.8;73.1
08;2021-09-14;247;399;204171;194513;76.9;73.3
08;2021-09-15;219;316;204390;194829;77.0;73.4
08;2021-09-16;230;421;204620;195250;77.1;73.5
08;2021-09-17;320;500;204940;195750;77.2;73.7
08;2021-09-18;173;429;205113;196179;77.2;73.9
08;2021-09-19;29;90;205142;196269;77.3;73.9
08;2021-09-20;54;235;205196;196504;77.3;74.0
08;2021-09-21;123;277;205319;196781;77.3;74.1
08;2021-09-22;130;367;205449;197148;77.4;74.2
08;2021-09-23;170;412;205619;197560;77.4;74.4
08;2021-09-24;163;516;205782;198076;77.5;74.6
08;2021-09-25;122;413;205904;198489;77.5;74.8
08;2021-09-26;23;105;205927;198594;77.6;74.8
08;2021-09-27;46;210;205973;198804;77.6;74.9
08;2021-09-28;77;225;206050;199029;77.6;75.0
09;2020-12-27;0;0;0;0;0.0;0.0
09;2020-12-28;1;0;1;0;0.0;0.0
09;2020-12-29;0;0;1;0;0.0;0.0
09;2020-12-30;0;0;1;0;0.0;0.0
09;2020-12-31;0;0;1;0;0.0;0.0
09;2021-01-01;0;0;1;0;0.0;0.0
09;2021-01-02;0;0;1;0;0.0;0.0
09;2021-01-03;0;0;1;0;0.0;0.0
09;2021-01-04;2;1;3;1;0.0;0.0
09;2021-01-05;0;0;3;1;0.0;0.0
09;2021-01-06;3;0;6;1;0.0;0.0
09;2021-01-07;257;2;263;3;0.2;0.0
09;2021-01-08;228;0;491;3;0.3;0.0
09;2021-01-09;103;0;594;3;0.4;0.0
09;2021-01-10;59;0;653;3;0.4;0.0
09;2021-01-11;175;0;828;3;0.5;0.0
09;2021-01-12;303;0;1131;3;0.7;0.0
09;2021-01-13;196;0;1327;3;0.9;0.0
09;2021-01-14;432;7;1759;10;1.2;0.0
09;2021-01-15;223;1;1982;11;1.3;0.0
09;2021-01-16;192;2;2174;13;1.4;0.0
09;2021-01-17;123;0;2297;13;1.5;0.0
09;2021-01-18;263;2;2560;15;1.7;0.0
09;2021-01-19;255;1;2815;16;1.8;0.0
09;2021-01-20;346;1;3161;17;2.1;0.0
09;2021-01-21;330;1;3491;18;2.3;0.0
09;2021-01-22;328;1;3819;19;2.5;0.0
09;2021-01-23;237;0;4056;19;2.7;0.0
09;2021-01-24;85;1;4141;20;2.7;0.0
09;2021-01-25;206;10;4347;30;2.9;0.0
09;2021-01-26;630;25;4977;55;3.3;0.0
09;2021-01-27;472;45;5449;100;3.6;0.1
09;2021-01-28;286;140;5735;240;3.8;0.2
09;2021-01-29;251;121;5986;361;3.9;0.2
09;2021-01-30;143;50;6129;411;4.0;0.3
09;2021-01-31;56;10;6185;421;4.1;0.3
09;2021-02-01;81;128;6266;549;4.1;0.4
09;2021-02-02;58;276;6324;825;4.1;0.5
09;2021-02-03;87;187;6411;1012;4.2;0.7
09;2021-02-04;49;260;6460;1272;4.2;0.8
09;2021-02-05;90;117;6550;1389;4.3;0.9
09;2021-02-06;68;31;6618;1420;4.3;0.9
09;2021-02-07;6;48;6624;1468;4.3;1.0
09;2021-02-08;22;139;6646;1607;4.4;1.1
09;2021-02-09;55;215;6701;1822;4.4;1.2
09;2021-02-10;14;121;6715;1943;4.4;1.3
09;2021-02-11;6;156;6721;2099;4.4;1.4
09;2021-02-12;147;100;6868;2199;4.5;1.4
09;2021-02-13;8;117;6876;2316;4.5;1.5
09;2021-02-14;0;35;6876;2351;4.5;1.5
09;2021-02-15;75;105;6951;2456;4.6;1.6
09;2021-02-16;227;424;7178;2880;4.7;1.9
09;2021-02-17;83;317;7261;3197;4.8;2.1
09;2021-02-18;87;351;7348;3548;4.8;2.3
09;2021-02-19;63;188;7411;3736;4.9;2.5
09;2021-02-20;58;143;7469;3879;4.9;2.5
09;2021-02-21;0;37;7469;3916;4.9;2.6
09;2021-02-22;127;165;7596;4081;5.0;2.7
09;2021-02-23;161;102;7757;4183;5.1;2.7
09;2021-02-24;74;141;7831;4324;5.1;2.8
09;2021-02-25;211;143;8042;4467;5.3;2.9
09;2021-02-26;162;140;8204;4607;5.4;3.0
09;2021-02-27;65;45;8269;4652;5.4;3.1
09;2021-02-28;44;13;8313;4665;5.5;3.1
09;2021-03-01;248;83;8561;4748;5.6;3.1
09;2021-03-02;282;63;8843;4811;5.8;3.2
09;2021-03-03;252;120;9095;4931;6.0;3.2
09;2021-03-04;414;29;9509;4960;6.2;3.3
09;2021-03-05;331;48;9840;5008;6.5;3.3
09;2021-03-06;397;41;10237;5049;6.7;3.3
09;2021-03-07;124;4;10361;5053;6.8;3.3
09;2021-03-08;380;60;10741;5113;7.0;3.4
09;2021-03-09;437;128;11178;5241;7.3;3.4
09;2021-03-10;562;71;11740;5312;7.7;3.5
09;2021-03-11;695;77;12435;5389;8.2;3.5
09;2021-03-12;660;31;13095;5420;8.6;3.6
09;2021-03-13;384;3;13479;5423;8.8;3.6
09;2021-03-14;120;3;13599;5426;8.9;3.6
09;2021-03-15;465;50;14064;5476;9.2;3.6
09;2021-03-16;370;77;14434;5553;9.5;3.6
09;2021-03-17;399;71;14833;5624;9.7;3.7
09;2021-03-18;454;42;15287;5666;10.0;3.7
09;2021-03-19;525;56;15812;5722;10.4;3.8
09;2021-03-20;314;39;16126;5761;10.6;3.8
09;2021-03-21;105;0;16231;5761;10.7;3.8
09;2021-03-22;424;117;16655;5878;10.9;3.9
09;2021-03-23;566;164;17221;6042;11.3;4.0
09;2021-03-24;710;43;17931;6085;11.8;4.0
09;2021-03-25;869;134;18800;6219;12.3;4.1
09;2021-03-26;751;47;19551;6266;12.8;4.1
09;2021-03-27;620;70;20171;6336;13.2;4.2
09;2021-03-28;132;24;20303;6360;13.3;4.2
09;2021-03-29;498;273;20801;6633;13.6;4.4
09;2021-03-30;729;153;21530;6786;14.1;4.5
09;2021-03-31;803;182;22333;6968;14.7;4.6
09;2021-04-01;734;253;23067;7221;15.1;4.7
09;2021-04-02;693;264;23760;7485;15.6;4.9
09;2021-04-03;772;117;24532;7602;16.1;5.0
09;2021-04-04;122;57;24654;7659;16.2;5.0
09;2021-04-05;237;61;24891;7720;16.3;5.1
09;2021-04-06;1059;390;25950;8110;17.0;5.3
09;2021-04-07;1207;360;27157;8470;17.8;5.6
09;2021-04-08;1470;409;28627;8879;18.8;5.8
09;2021-04-09;1137;416;29764;9295;19.5;6.1
09;2021-04-10;1349;196;31113;9491;20.4;6.2
09;2021-04-11;173;101;31286;9592;20.5;6.3
09;2021-04-12;737;345;32023;9937;21.0;6.5
09;2021-04-13;1047;413;33070;10350;21.7;6.8
09;2021-04-14;1331;510;34401;10860;22.6;7.1
09;2021-04-15;1148;502;35549;11362;23.3;7.5
09;2021-04-16;1032;405;36581;11767;24.0;7.7
09;2021-04-17;1192;356;37773;12123;24.8;8.0
09;2021-04-18;102;96;37875;12219;24.9;8.0
09;2021-04-19;697;407;38572;12626;25.3;8.3
09;2021-04-20;766;528;39338;13154;25.8;8.6
09;2021-04-21;938;587;40276;13741;26.4;9.0
09;2021-04-22;666;605;40942;14346;26.9;9.4
09;2021-04-23;773;431;41715;14777;27.4;9.7
09;2021-04-24;741;669;42456;15446;27.9;10.1
09;2021-04-25;75;112;42531;15558;27.9;10.2
09;2021-04-26;382;529;42913;16087;28.2;10.6
09;2021-04-27;444;719;43357;16806;28.4;11.0
09;2021-04-28;806;794;44163;17600;29.0;11.5
09;2021-04-29;550;776;44713;18376;29.3;12.1
09;2021-04-30;622;722;45335;19098;29.7;12.5
09;2021-05-01;478;455;45813;19553;30.1;12.8
09;2021-05-02;51;100;45864;19653;30.1;12.9
09;2021-05-03;521;662;46385;20315;30.4;13.3
09;2021-05-04;554;1347;46939;21662;30.8;14.2
09;2021-05-05;822;1348;47761;23010;31.3;15.1
09;2021-05-06;848;1031;48609;24041;31.9;15.8
09;2021-05-07;977;822;49586;24863;32.5;16.3
09;2021-05-08;395;461;49981;25324;32.8;16.6
09;2021-05-09;265;85;50246;25409;33.0;16.7
09;2021-05-10;504;966;50750;26375;33.3;17.3
09;2021-05-11;741;1052;51491;27427;33.8;18.0
09;2021-05-12;1535;1401;53026;28828;34.8;18.9
09;2021-05-13;1383;425;54409;29253;35.7;19.2
09;2021-05-14;987;653;55396;29906;36.3;19.6
09;2021-05-15;1236;789;56632;30695;37.2;20.1
09;2021-05-16;296;48;56928;30743;37.4;20.2
09;2021-05-17;873;412;57801;31155;37.9;20.4
09;2021-05-18;1290;395;59091;31550;38.8;20.7
09;2021-05-19;1495;371;60586;31921;39.8;20.9
09;2021-05-20;1379;404;61965;32325;40.7;21.2
09;2021-05-21;1162;495;63127;32820;41.4;21.5
09;2021-05-22;1544;364;64671;33184;42.4;21.8
09;2021-05-23;272;24;64943;33208;42.6;21.8
09;2021-05-24;177;100;65120;33308;42.7;21.9
09;2021-05-25;998;500;66118;33808;43.4;22.2
09;2021-05-26;1285;448;67403;34256;44.2;22.5
09;2021-05-27;965;403;68368;34659;44.9;22.7
09;2021-05-28;958;511;69326;35170;45.5;23.1
09;2021-05-29;1794;601;71120;35771;46.7;23.5
09;2021-05-30;541;197;71661;35968;47.0;23.6
09;2021-05-31;716;592;72377;36560;47.5;24.0
09;2021-06-01;970;639;73347;37199;48.1;24.4
09;2021-06-02;1009;897;74356;38096;48.8;25.0
09;2021-06-03;809;681;75165;38777;49.3;25.4
09;2021-06-04;877;797;76042;39574;49.9;26.0
09;2021-06-05;1320;875;77362;40449;50.8;26.5
09;2021-06-06;304;108;77666;40557;51.0;26.6
09;2021-06-07;623;517;78289;41074;51.4;27.0
09;2021-06-08;821;488;79110;41562;51.9;27.3
09;2021-06-09;805;834;79915;42396;52.4;27.8
09;2021-06-10;642;534;80557;42930;52.9;28.2
09;2021-06-11;831;762;81388;43692;53.4;28.7
09;2021-06-12;635;808;82023;44500;53.8;29.2
09;2021-06-13;94;130;82117;44630;53.9;29.3
09;2021-06-14;628;708;82745;45338;54.3;29.7
09;2021-06-15;824;889;83569;46227;54.8;30.3
09;2021-06-16;627;1079;84196;47306;55.2;31.0
09;2021-06-17;779;852;84975;48158;55.8;31.6
09;2021-06-18;635;1145;85610;49303;56.2;32.4
09;2021-06-19;516;1580;86126;50883;56.5;33.4
09;2021-06-20;8;279;86134;51162;56.5;33.6
09;2021-06-21;473;698;86607;51860;56.8;34.0
09;2021-06-22;463;1066;87070;52926;57.1;34.7
09;2021-06-23;435;1224;87505;54150;57.4;35.5
09;2021-06-24;581;769;88086;54919;57.8;36.0
09;2021-06-25;410;1064;88496;55983;58.1;36.7
09;2021-06-26;443;1087;88939;57070;58.4;37.4
09;2021-06-27;2;275;88941;57345;58.4;37.6
09;2021-06-28;239;1046;89180;58391;58.5;38.3
09;2021-06-29;314;1228;89494;59619;58.7;39.1
09;2021-06-30;455;1491;89949;61110;59.0;40.1
09;2021-07-01;384;1428;90333;62538;59.3;41.0
09;2021-07-02;308;1162;90641;63700;59.5;41.8
09;2021-07-03;210;1617;90851;65317;59.6;42.9
09;2021-07-04;4;253;90855;65570;59.6;43.0
09;2021-07-05;189;712;91044;66282;59.7;43.5
09;2021-07-06;293;1221;91337;67503;59.9;44.3
09;2021-07-07;419;1399;91756;68902;60.2;45.2
09;2021-07-08;325;1057;92081;69959;60.4;45.9
09;2021-07-09;292;1153;92373;71112;60.6;46.7
09;2021-07-10;345;1725;92718;72837;60.8;47.8
09;2021-07-11;147;392;92865;73229;60.9;48.1
09;2021-07-12;187;1074;93052;74303;61.1;48.8
09;2021-07-13;641;1308;93693;75611;61.5;49.6
09;2021-07-14;490;220;94183;75831;61.8;49.8
09;2021-07-15;818;1165;95001;76996;62.3;50.5
09;2021-07-16;610;1189;95611;78185;62.7;51.3
09;2021-07-17;1015;1444;96626;79629;63.4;52.3
09;2021-07-18;302;221;96928;79850;63.6;52.4
09;2021-07-19;483;973;97411;80823;63.9;53.0
09;2021-07-20;830;1256;98241;82079;64.5;53.9
09;2021-07-21;1016;1165;99257;83244;65.1;54.6
09;2021-07-22;846;909;100103;84153;65.7;55.2
09;2021-07-23;724;910;100827;85063;66.2;55.8
09;2021-07-24;927;463;101754;85526;66.8;56.1
09;2021-07-25;560;134;102314;85660;67.1;56.2
09;2021-07-26;647;765;102961;86425;67.6;56.7
09;2021-07-27;1177;949;104138;87374;68.3;57.3
09;2021-07-28;1197;987;105335;88361;69.1;58.0
09;2021-07-29;1042;738;106377;89099;69.8;58.5
09;2021-07-30;779;623;107156;89722;70.3;58.9
09;2021-07-31;1378;419;108534;90141;71.2;59.1
09;2021-08-01;141;125;108675;90266;71.3;59.2
09;2021-08-02;613;478;109288;90744;71.7;59.5
09;2021-08-03;1254;767;110542;91511;72.5;60.0
09;2021-08-04;1400;654;111942;92165;73.5;60.5
09;2021-08-05;997;677;112939;92842;74.1;60.9
09;2021-08-06;1017;641;113956;93483;74.8;61.3
09;2021-08-07;825;430;114781;93913;75.3;61.6
09;2021-08-08;129;131;114910;94044;75.4;61.7
09;2021-08-09;690;648;115600;94692;75.9;62.1
09;2021-08-10;940;694;116540;95386;76.5;62.6
09;2021-08-11;896;866;117436;96252;77.1;63.2
09;2021-08-12;631;730;118067;96982;77.5;63.6
09;2021-08-13;465;645;118532;97627;77.8;64.1
09;2021-08-14;311;828;118843;98455;78.0;64.6
09;2021-08-15;67;138;118910;98593;78.0;64.7
09;2021-08-16;547;620;119457;99213;78.4;65.1
09;2021-08-17;674;777;120131;99990;78.8;65.6
09;2021-08-18;620;930;120751;100920;79.2;66.2
09;2021-08-19;432;722;121183;101642;79.5;66.7
09;2021-08-20;363;749;121546;102391;79.8;67.2
09;2021-08-21;343;1384;121889;103775;80.0;68.1
09;2021-08-22;67;168;121956;103943;80.0;68.2
09;2021-08-23;341;758;122297;104701;80.2;68.7
09;2021-08-24;406;955;122703;105656;80.5;69.3
09;2021-08-25;283;1003;122986;106659;80.7;70.0
09;2021-08-26;316;928;123302;107587;80.9;70.6
09;2021-08-27;225;740;123527;108327;81.1;71.1
09;2021-08-28;256;970;123783;109297;81.2;71.7
09;2021-08-29;15;144;123798;109441;81.2;71.8
09;2021-08-30;275;749;124073;110190;81.4;72.3
09;2021-08-31;314;1150;124387;111340;81.6;73.1
09;2021-09-01;360;977;124747;112317;81.9;73.7
09;2021-09-02;159;605;124906;112922;82.0;74.1
09;2021-09-03;223;879;125129;113801;82.1;74.7
09;2021-09-04;166;539;125295;114340;82.2;75.0
09;2021-09-05;25;104;125320;114444;82.2;75.1
09;2021-09-06;183;651;125503;115095;82.4;75.5
09;2021-09-07;154;694;125657;115789;82.5;76.0
09;2021-09-08;201;919;125858;116708;82.6;76.6
09;2021-09-09;160;557;126018;117265;82.7;76.9
09;2021-09-10;130;475;126148;117740;82.8;77.3
09;2021-09-11;174;506;126322;118246;82.9;77.6
09;2021-09-12;27;80;126349;118326;82.9;77.6
09;2021-09-13;129;524;126478;118850;83.0;78.0
09;2021-09-14;142;689;126620;119539;83.1;78.4
09;2021-09-15;188;602;126808;120141;83.2;78.8
09;2021-09-16;130;324;126938;120465;83.3;79.0
09;2021-09-17;146;404;127084;120869;83.4;79.3
09;2021-09-18;158;345;127242;121214;83.5;79.5
09;2021-09-19;2;0;127244;121214;83.5;79.5
09;2021-09-20;71;290;127315;121504;83.5;79.7
09;2021-09-21;102;205;127417;121709;83.6;79.9
09;2021-09-22;141;471;127558;122180;83.7;80.2
09;2021-09-23;71;164;127629;122344;83.7;80.3
09;2021-09-24;117;289;127746;122633;83.8;80.5
09;2021-09-25;60;193;127806;122826;83.9;80.6
09;2021-09-26;0;17;127806;122843;83.9;80.6
09;2021-09-27;79;326;127885;123169;83.9;80.8
09;2021-09-28;63;172;127948;123341;84.0;80.9
10;2020-12-27;0;0;0;0;0.0;0.0
10;2020-12-28;0;0;0;0;0.0;0.0
10;2020-12-29;0;0;0;0;0.0;0.0
10;2020-12-30;0;0;0;0;0.0;0.0
10;2020-12-31;0;0;0;0;0.0;0.0
10;2021-01-01;0;0;0;0;0.0;0.0
10;2021-01-02;1;0;1;0;0.0;0.0
10;2021-01-03;0;0;1;0;0.0;0.0
10;2021-01-04;0;0;1;0;0.0;0.0
10;2021-01-05;1;0;2;0;0.0;0.0
10;2021-01-06;0;0;2;0;0.0;0.0
10;2021-01-07;84;0;86;0;0.0;0.0
10;2021-01-08;255;0;341;0;0.1;0.0
10;2021-01-09;0;0;341;0;0.1;0.0
10;2021-01-10;1;0;342;0;0.1;0.0
10;2021-01-11;118;0;460;0;0.1;0.0
10;2021-01-12;195;0;655;0;0.2;0.0
10;2021-01-13;314;0;969;0;0.3;0.0
10;2021-01-14;392;8;1361;8;0.4;0.0
10;2021-01-15;359;3;1720;11;0.6;0.0
10;2021-01-16;56;0;1776;11;0.6;0.0
10;2021-01-17;0;0;1776;11;0.6;0.0
10;2021-01-18;702;0;2478;11;0.8;0.0
10;2021-01-19;1391;2;3869;13;1.2;0.0
10;2021-01-20;1079;7;4948;20;1.6;0.0
10;2021-01-21;1152;2;6100;22;2.0;0.0
10;2021-01-22;819;2;6919;24;2.2;0.0
10;2021-01-23;309;0;7228;24;2.3;0.0
10;2021-01-24;0;0;7228;24;2.3;0.0
10;2021-01-25;445;8;7673;32;2.5;0.0
10;2021-01-26;487;17;8160;49;2.6;0.0
10;2021-01-27;458;14;8618;63;2.8;0.0
10;2021-01-28;358;38;8976;101;2.9;0.0
10;2021-01-29;430;132;9406;233;3.0;0.1
10;2021-01-30;30;0;9436;233;3.0;0.1
10;2021-01-31;0;0;9436;233;3.0;0.1
10;2021-02-01;409;118;9845;351;3.2;0.1
10;2021-02-02;182;133;10027;484;3.2;0.2
10;2021-02-03;361;211;10388;695;3.4;0.2
10;2021-02-04;342;233;10730;928;3.5;0.3
10;2021-02-05;328;264;11058;1192;3.6;0.4
10;2021-02-06;3;35;11061;1227;3.6;0.4
10;2021-02-07;0;0;11061;1227;3.6;0.4
10;2021-02-08;190;310;11251;1537;3.6;0.5
10;2021-02-09;485;442;11736;1979;3.8;0.6
10;2021-02-10;667;455;12403;2434;4.0;0.8
10;2021-02-11;781;572;13184;3006;4.3;1.0
10;2021-02-12;580;517;13764;3523;4.4;1.1
10;2021-02-13;37;93;13801;3616;4.5;1.2
10;2021-02-14;0;0;13801;3616;4.5;1.2
10;2021-02-15;143;298;13944;3914;4.5;1.3
10;2021-02-16;116;411;14060;4325;4.5;1.4
10;2021-02-17;129;467;14189;4792;4.6;1.5
10;2021-02-18;217;413;14406;5205;4.6;1.7
10;2021-02-19;188;389;14594;5594;4.7;1.8
10;2021-02-20;24;151;14618;5745;4.7;1.9
10;2021-02-21;0;0;14618;5745;4.7;1.9
10;2021-02-22;77;343;14695;6088;4.7;2.0
10;2021-02-23;76;452;14771;6540;4.8;2.1
10;2021-02-24;114;305;14885;6845;4.8;2.2
10;2021-02-25;322;317;15207;7162;4.9;2.3
10;2021-02-26;351;257;15558;7419;5.0;2.4
10;2021-02-27;275;109;15833;7528;5.1;2.4
10;2021-02-28;0;0;15833;7528;5.1;2.4
10;2021-03-01;257;281;16090;7809;5.2;2.5
10;2021-03-02;435;322;16525;8131;5.3;2.6
10;2021-03-03;454;518;16979;8649;5.5;2.8
10;2021-03-04;636;462;17615;9111;5.7;2.9
10;2021-03-05;677;227;18292;9338;5.9;3.0
10;2021-03-06;950;42;19242;9380;6.2;3.0
10;2021-03-07;769;6;20011;9386;6.5;3.0
10;2021-03-08;502;398;20513;9784;6.6;3.2
10;2021-03-09;673;378;21186;10162;6.8;3.3
10;2021-03-10;661;333;21847;10495;7.0;3.4
10;2021-03-11;1174;225;23021;10720;7.4;3.5
10;2021-03-12;1338;231;24359;10951;7.9;3.5
10;2021-03-13;891;38;25250;10989;8.1;3.5
10;2021-03-14;1381;15;26631;11004;8.6;3.6
10;2021-03-15;821;77;27452;11081;8.9;3.6
10;2021-03-16;688;61;28140;11142;9.1;3.6
10;2021-03-17;831;68;28971;11210;9.3;3.6
10;2021-03-18;885;80;29856;11290;9.6;3.6
10;2021-03-19;952;64;30808;11354;9.9;3.7
10;2021-03-20;552;19;31360;11373;10.1;3.7
10;2021-03-21;1849;42;33209;11415;10.7;3.7
10;2021-03-22;879;73;34088;11488;11.0;3.7
10;2021-03-23;1244;89;35332;11577;11.4;3.7
10;2021-03-24;1311;58;36643;11635;11.8;3.8
10;2021-03-25;1676;227;38319;11862;12.4;3.8
10;2021-03-26;1432;115;39751;11977;12.8;3.9
10;2021-03-27;762;78;40513;12055;13.1;3.9
10;2021-03-28;1221;29;41734;12084;13.5;3.9
10;2021-03-29;648;303;42382;12387;13.7;4.0
10;2021-03-30;927;374;43309;12761;14.0;4.1
10;2021-03-31;617;358;43926;13119;14.2;4.2
10;2021-04-01;883;683;44809;13802;14.5;4.5
10;2021-04-02;1069;587;45878;14389;14.8;4.6
10;2021-04-03;540;603;46418;14992;15.0;4.8
10;2021-04-04;1826;263;48244;15255;15.6;4.9
10;2021-04-05;1843;43;50087;15298;16.2;4.9
10;2021-04-06;514;650;50601;15948;16.3;5.1
10;2021-04-07;592;540;51193;16488;16.5;5.3
10;2021-04-08;1060;606;52253;17094;16.9;5.5
10;2021-04-09;1130;612;53383;17706;17.2;5.7
10;2021-04-10;1769;350;55152;18056;17.8;5.8
10;2021-04-11;55;1220;55207;19276;17.8;6.2
10;2021-04-12;1001;807;56208;20083;18.1;6.5
10;2021-04-13;1506;893;57714;20976;18.6;6.8
10;2021-04-14;824;601;58538;21577;18.9;7.0
10;2021-04-15;1454;891;59992;22468;19.4;7.2
10;2021-04-16;1109;697;61101;23165;19.7;7.5
10;2021-04-17;2391;362;63492;23527;20.5;7.6
10;2021-04-18;1422;1785;64914;25312;20.9;8.2
10;2021-04-19;837;833;65751;26145;21.2;8.4
10;2021-04-20;546;1033;66297;27178;21.4;8.8
10;2021-04-21;636;973;66933;28151;21.6;9.1
10;2021-04-22;932;963;67865;29114;21.9;9.4
10;2021-04-23;2172;777;70037;29891;22.6;9.6
10;2021-04-24;2296;376;72333;30267;23.3;9.8
10;2021-04-25;1991;1214;74324;31481;24.0;10.2
10;2021-04-26;773;620;75097;32101;24.2;10.4
10;2021-04-27;895;536;75992;32637;24.5;10.5
10;2021-04-28;873;405;76865;33042;24.8;10.7
10;2021-04-29;1433;669;78298;33711;25.3;10.9
10;2021-04-30;2172;769;80470;34480;26.0;11.1
10;2021-05-01;1988;2166;82458;36646;26.6;11.8
10;2021-05-02;1948;1897;84406;38543;27.2;12.4
10;2021-05-03;622;447;85028;38990;27.4;12.6
10;2021-05-04;1144;1246;86172;40236;27.8;13.0
10;2021-05-05;1753;1021;87925;41257;28.4;13.3
10;2021-05-06;2257;948;90182;42205;29.1;13.6
10;2021-05-07;2218;1134;92400;43339;29.8;14.0
10;2021-05-08;2270;858;94670;44197;30.5;14.3
10;2021-05-09;2004;100;96674;44297;31.2;14.3
10;2021-05-10;531;1092;97205;45389;31.4;14.6
10;2021-05-11;1052;1027;98257;46416;31.7;15.0
10;2021-05-12;2062;883;100319;47299;32.4;15.3
10;2021-05-13;2181;435;102500;47734;33.1;15.4
10;2021-05-14;2728;673;105228;48407;34.0;15.6
10;2021-05-15;2423;2051;107651;50458;34.7;16.3
10;2021-05-16;2080;1448;109731;51906;35.4;16.7
10;2021-05-17;1451;442;111182;52348;35.9;16.9
10;2021-05-18;2510;640;113692;52988;36.7;17.1
10;2021-05-19;1553;639;115245;53627;37.2;17.3
10;2021-05-20;1892;847;117137;54474;37.8;17.6
10;2021-05-21;2318;618;119455;55092;38.5;17.8
10;2021-05-22;2179;421;121634;55513;39.2;17.9
10;2021-05-23;1816;138;123450;55651;39.8;18.0
10;2021-05-24;1968;177;125418;55828;40.5;18.0
10;2021-05-25;2195;491;127613;56319;41.2;18.2
10;2021-05-26;1679;419;129292;56738;41.7;18.3
10;2021-05-27;1659;752;130951;57490;42.3;18.6
10;2021-05-28;1720;1181;132671;58671;42.8;18.9
10;2021-05-29;2170;643;134841;59314;43.5;19.1
10;2021-05-30;1029;134;135870;59448;43.8;19.2
10;2021-05-31;1039;741;136909;60189;44.2;19.4
10;2021-06-01;1135;885;138044;61074;44.5;19.7
10;2021-06-02;1035;720;139079;61794;44.9;19.9
10;2021-06-03;1473;1066;140552;62860;45.4;20.3
10;2021-06-04;1768;2598;142320;65458;45.9;21.1
10;2021-06-05;1518;2450;143838;67908;46.4;21.9
10;2021-06-06;1005;1874;144843;69782;46.7;22.5
10;2021-06-07;700;1110;145543;70892;47.0;22.9
10;2021-06-08;896;1172;146439;72064;47.3;23.3
10;2021-06-09;880;911;147319;72975;47.5;23.5
10;2021-06-10;678;1070;147997;74045;47.8;23.9
10;2021-06-11;1199;2197;149196;76242;48.1;24.6
10;2021-06-12;856;2388;150052;78630;48.4;25.4
10;2021-06-13;401;1834;150453;80464;48.5;26.0
10;2021-06-14;538;742;150991;81206;48.7;26.2
10;2021-06-15;741;2129;151732;83335;49.0;26.9
10;2021-06-16;741;1858;152473;85193;49.2;27.5
10;2021-06-17;851;2457;153324;87650;49.5;28.3
10;2021-06-18;1030;2473;154354;90123;49.8;29.1
10;2021-06-19;981;2595;155335;92718;50.1;29.9
10;2021-06-20;549;1597;155884;94315;50.3;30.4
10;2021-06-21;684;1044;156568;95359;50.5;30.8
10;2021-06-22;745;1526;157313;96885;50.8;31.3
10;2021-06-23;652;2405;157965;99290;51.0;32.0
10;2021-06-24;786;2617;158751;101907;51.2;32.9
10;2021-06-25;730;3047;159481;104954;51.5;33.9
10;2021-06-26;514;2745;159995;107699;51.6;34.8
10;2021-06-27;402;1940;160397;109639;51.8;35.4
10;2021-06-28;683;1785;161080;111424;52.0;36.0
10;2021-06-29;616;2697;161696;114121;52.2;36.8
10;2021-06-30;534;1523;162230;115644;52.3;37.3
10;2021-07-01;555;2172;162785;117816;52.5;38.0
10;2021-07-02;664;2726;163449;120542;52.7;38.9
10;2021-07-03;529;2600;163978;123142;52.9;39.7
10;2021-07-04;411;1726;164389;124868;53.0;40.3
10;2021-07-05;667;2224;165056;127092;53.3;41.0
10;2021-07-06;651;2188;165707;129280;53.5;41.7
10;2021-07-07;639;1703;166346;130983;53.7;42.3
10;2021-07-08;751;1459;167097;132442;53.9;42.7
10;2021-07-09;820;1949;167917;134391;54.2;43.4
10;2021-07-10;632;2096;168549;136487;54.4;44.0
10;2021-07-11;500;1384;169049;137871;54.5;44.5
10;2021-07-12;783;1620;169832;139491;54.8;45.0
10;2021-07-13;1126;1874;170958;141365;55.2;45.6
10;2021-07-14;1169;1054;172127;142419;55.5;46.0
10;2021-07-15;1477;1980;173604;144399;56.0;46.6
10;2021-07-16;1241;2274;174845;146673;56.4;47.3
10;2021-07-17;1287;1738;176132;148411;56.8;47.9
10;2021-07-18;942;1225;177074;149636;57.1;48.3
10;2021-07-19;1361;1621;178435;151257;57.6;48.8
10;2021-07-20;1685;1431;180120;152688;58.1;49.3
10;2021-07-21;1395;1483;181515;154171;58.6;49.7
10;2021-07-22;1941;1598;183456;155769;59.2;50.3
10;2021-07-23;1606;1544;185062;157313;59.7;50.8
10;2021-07-24;1389;1227;186451;158540;60.2;51.2
10;2021-07-25;1251;789;187702;159329;60.6;51.4
10;2021-07-26;1914;1315;189616;160644;61.2;51.8
10;2021-07-27;2139;1070;191755;161714;61.9;52.2
10;2021-07-28;2094;1016;193849;162730;62.6;52.5
10;2021-07-29;2444;1205;196293;163935;63.3;52.9
10;2021-07-30;2176;1311;198469;165246;64.0;53.3
10;2021-07-31;1680;937;200149;166183;64.6;53.6
10;2021-08-01;1236;570;201385;166753;65.0;53.8
10;2021-08-02;1463;1337;202848;168090;65.5;54.2
10;2021-08-03;1635;897;204483;168987;66.0;54.5
10;2021-08-04;1370;1066;205853;170053;66.4;54.9
10;2021-08-05;1654;1345;207507;171398;67.0;55.3
10;2021-08-06;1835;1333;209342;172731;67.5;55.7
10;2021-08-07;1156;1132;210498;173863;67.9;56.1
10;2021-08-08;660;751;211158;174614;68.1;56.3
10;2021-08-09;1311;1542;212469;176156;68.6;56.8
10;2021-08-10;1671;1352;214140;177508;69.1;57.3
10;2021-08-11;854;1107;214994;178615;69.4;57.6
10;2021-08-12;1055;1226;216049;179841;69.7;58.0
10;2021-08-13;738;1075;216787;180916;70.0;58.4
10;2021-08-14;587;1235;217374;182151;70.1;58.8
10;2021-08-15;317;781;217691;182932;70.2;59.0
10;2021-08-16;725;1618;218416;184550;70.5;59.6
10;2021-08-17;877;1776;219293;186326;70.8;60.1
10;2021-08-18;722;1619;220015;187945;71.0;60.6
10;2021-08-19;551;1571;220566;189516;71.2;61.2
10;2021-08-20;644;1733;221210;191249;71.4;61.7
10;2021-08-21;452;1418;221662;192667;71.5;62.2
10;2021-08-22;188;1061;221850;193728;71.6;62.5
10;2021-08-23;481;1562;222331;195290;71.7;63.0
10;2021-08-24;669;1771;223000;197061;72.0;63.6
10;2021-08-25;460;1381;223460;198442;72.1;64.0
10;2021-08-26;432;1486;223892;199928;72.2;64.5
10;2021-08-27;626;1588;224518;201516;72.4;65.0
10;2021-08-28;396;1333;224914;202849;72.6;65.5
10;2021-08-29;225;946;225139;203795;72.6;65.8
10;2021-08-30;433;1395;225572;205190;72.8;66.2
10;2021-08-31;466;1451;226038;206641;72.9;66.7
10;2021-09-01;298;1202;226336;207843;73.0;67.1
10;2021-09-02;272;1149;226608;208992;73.1;67.4
10;2021-09-03;405;1219;227013;210211;73.3;67.8
10;2021-09-04;338;1095;227351;211306;73.4;68.2
10;2021-09-05;174;468;227525;211774;73.4;68.3
10;2021-09-06;272;757;227797;212531;73.5;68.6
10;2021-09-07;303;760;228100;213291;73.6;68.8
10;2021-09-08;255;765;228355;214056;73.7;69.1
10;2021-09-09;330;969;228685;215025;73.8;69.4
10;2021-09-10;411;907;229096;215932;73.9;69.7
10;2021-09-11;259;717;229355;216649;74.0;69.9
10;2021-09-12;93;227;229448;216876;74.0;70.0
10;2021-09-13;226;686;229674;217562;74.1;70.2
10;2021-09-14;244;990;229918;218552;74.2;70.5
10;2021-09-15;212;637;230130;219189;74.3;70.7
10;2021-09-16;283;596;230413;219785;74.3;70.9
10;2021-09-17;271;853;230684;220638;74.4;71.2
10;2021-09-18;199;610;230883;221248;74.5;71.4
10;2021-09-19;62;224;230945;221472;74.5;71.5
10;2021-09-20;139;628;231084;222100;74.6;71.7
10;2021-09-21;151;554;231235;222654;74.6;71.8
10;2021-09-22;132;302;231367;222956;74.7;71.9
10;2021-09-23;214;351;231581;223307;74.7;72.1
10;2021-09-24;207;545;231788;223852;74.8;72.2
10;2021-09-25;112;420;231900;224272;74.8;72.4
10;2021-09-26;58;215;231958;224487;74.8;72.4
10;2021-09-27;219;266;232177;224753;74.9;72.5
10;2021-09-28;203;362;232380;225115;75.0;72.6
11;2020-12-27;0;0;0;0;0.0;0.0
11;2020-12-28;1;0;1;0;0.0;0.0
11;2020-12-29;1;0;2;0;0.0;0.0
11;2020-12-30;0;0;2;0;0.0;0.0
11;2020-12-31;0;0;2;0;0.0;0.0
11;2021-01-01;0;0;2;0;0.0;0.0
11;2021-01-02;5;0;7;0;0.0;0.0
11;2021-01-03;0;0;7;0;0.0;0.0
11;2021-01-04;1;0;8;0;0.0;0.0
11;2021-01-05;95;0;103;0;0.0;0.0
11;2021-01-06;25;0;128;0;0.0;0.0
11;2021-01-07;119;0;247;0;0.1;0.0
11;2021-01-08;91;1;338;1;0.1;0.0
11;2021-01-09;86;0;424;1;0.1;0.0
11;2021-01-10;67;0;491;1;0.1;0.0
11;2021-01-11;136;0;627;1;0.2;0.0
11;2021-01-12;545;3;1172;4;0.3;0.0
11;2021-01-13;410;1;1582;5;0.4;0.0
11;2021-01-14;645;8;2227;13;0.6;0.0
11;2021-01-15;342;3;2569;16;0.7;0.0
11;2021-01-16;77;1;2646;17;0.7;0.0
11;2021-01-17;47;1;2693;18;0.7;0.0
11;2021-01-18;388;0;3081;18;0.8;0.0
11;2021-01-19;539;4;3620;22;1.0;0.0
11;2021-01-20;693;7;4313;29;1.2;0.0
11;2021-01-21;649;5;4962;34;1.3;0.0
11;2021-01-22;524;2;5486;36;1.5;0.0
11;2021-01-23;162;0;5648;36;1.5;0.0
11;2021-01-24;139;0;5787;36;1.6;0.0
11;2021-01-25;377;18;6164;54;1.7;0.0
11;2021-01-26;848;86;7012;140;1.9;0.0
11;2021-01-27;803;23;7815;163;2.1;0.0
11;2021-01-28;652;53;8467;216;2.3;0.1
11;2021-01-29;442;120;8909;336;2.4;0.1
11;2021-01-30;137;0;9046;336;2.4;0.1
11;2021-01-31;82;0;9128;336;2.4;0.1
11;2021-02-01;345;187;9473;523;2.5;0.1
11;2021-02-02;412;361;9885;884;2.7;0.2
11;2021-02-03;392;346;10277;1230;2.8;0.3
11;2021-02-04;376;487;10653;1717;2.9;0.5
11;2021-02-05;318;327;10971;2044;2.9;0.5
11;2021-02-06;210;56;11181;2100;3.0;0.6
11;2021-02-07;108;13;11289;2113;3.0;0.6
11;2021-02-08;317;127;11606;2240;3.1;0.6
11;2021-02-09;300;244;11906;2484;3.2;0.7
11;2021-02-10;342;386;12248;2870;3.3;0.8
11;2021-02-11;609;527;12857;3397;3.4;0.9
11;2021-02-12;407;340;13264;3737;3.6;1.0
11;2021-02-13;195;87;13459;3824;3.6;1.0
11;2021-02-14;72;22;13531;3846;3.6;1.0
11;2021-02-15;241;173;13772;4019;3.7;1.1
11;2021-02-16;264;458;14036;4477;3.8;1.2
11;2021-02-17;454;535;14490;5012;3.9;1.3
11;2021-02-18;456;470;14946;5482;4.0;1.5
11;2021-02-19;300;449;15246;5931;4.1;1.6
11;2021-02-20;147;61;15393;5992;4.1;1.6
11;2021-02-21;59;32;15452;6024;4.1;1.6
11;2021-02-22;124;273;15576;6297;4.2;1.7
11;2021-02-23;283;264;15859;6561;4.3;1.8
11;2021-02-24;252;317;16111;6878;4.3;1.8
11;2021-02-25;563;281;16674;7159;4.5;1.9
11;2021-02-26;523;268;17197;7427;4.6;2.0
11;2021-02-27;319;89;17516;7516;4.7;2.0
11;2021-02-28;95;20;17611;7536;4.7;2.0
11;2021-03-01;339;260;17950;7796;4.8;2.1
11;2021-03-02;562;341;18512;8137;5.0;2.2
11;2021-03-03;600;381;19112;8518;5.1;2.3
11;2021-03-04;1078;368;20190;8886;5.4;2.4
11;2021-03-05;1003;372;21193;9258;5.7;2.5
11;2021-03-06;1094;179;22287;9437;6.0;2.5
11;2021-03-07;658;30;22945;9467;6.2;2.5
11;2021-03-08;369;308;23314;9775;6.3;2.6
11;2021-03-09;997;357;24311;10132;6.5;2.7
11;2021-03-10;1176;507;25487;10639;6.8;2.9
11;2021-03-11;1572;407;27059;11046;7.3;3.0
11;2021-03-12;1457;417;28516;11463;7.7;3.1
11;2021-03-13;1160;222;29676;11685;8.0;3.1
11;2021-03-14;523;49;30199;11734;8.1;3.1
11;2021-03-15;651;226;30850;11960;8.3;3.2
11;2021-03-16;853;196;31703;12156;8.5;3.3
11;2021-03-17;907;210;32610;12366;8.7;3.3
11;2021-03-18;1172;281;33782;12647;9.1;3.4
11;2021-03-19;1372;239;35154;12886;9.4;3.5
11;2021-03-20;790;172;35944;13058;9.6;3.5
11;2021-03-21;225;65;36169;13123;9.7;3.5
11;2021-03-22;809;219;36978;13342;9.9;3.6
11;2021-03-23;1806;386;38784;13728;10.4;3.7
11;2021-03-24;1846;315;40630;14043;10.9;3.8
11;2021-03-25;2190;372;42820;14415;11.5;3.9
11;2021-03-26;2125;421;44945;14836;12.1;4.0
11;2021-03-27;1178;145;46123;14981;12.4;4.0
11;2021-03-28;265;42;46388;15023;12.4;4.0
11;2021-03-29;1182;222;47570;15245;12.8;4.1
11;2021-03-30;1994;321;49564;15566;13.3;4.2
11;2021-03-31;1615;384;51179;15950;13.7;4.3
11;2021-04-01;2145;425;53324;16375;14.3;4.4
11;2021-04-02;1643;428;54967;16803;14.7;4.5
11;2021-04-03;720;145;55687;16948;14.9;4.5
11;2021-04-04;198;75;55885;17023;15.0;4.6
11;2021-04-05;257;4;56142;17027;15.1;4.6
11;2021-04-06;1574;551;57716;17578;15.5;4.7
11;2021-04-07;1778;573;59494;18151;16.0;4.9
11;2021-04-08;1785;680;61279;18831;16.4;5.1
11;2021-04-09;2261;603;63540;19434;17.0;5.2
11;2021-04-10;1169;178;64709;19612;17.4;5.3
11;2021-04-11;551;105;65260;19717;17.5;5.3
11;2021-04-12;1614;541;66874;20258;17.9;5.4
11;2021-04-13;2262;884;69136;21142;18.5;5.7
11;2021-04-14;1661;1018;70797;22160;19.0;5.9
11;2021-04-15;1843;1130;72640;23290;19.5;6.2
11;2021-04-16;1837;849;74477;24139;20.0;6.5
11;2021-04-17;1772;561;76249;24700;20.5;6.6
11;2021-04-18;114;155;76363;24855;20.5;6.7
11;2021-04-19;1384;735;77747;25590;20.9;6.9
11;2021-04-20;1729;1277;79476;26867;21.3;7.2
11;2021-04-21;1780;1323;81256;28190;21.8;7.6
11;2021-04-22;1749;1323;83005;29513;22.3;7.9
11;2021-04-23;2012;1235;85017;30748;22.8;8.2
11;2021-04-24;1735;468;86752;31216;23.3;8.4
11;2021-04-25;659;177;87411;31393;23.5;8.4
11;2021-04-26;1380;838;88791;32231;23.8;8.6
11;2021-04-27;1839;1550;90630;33781;24.3;9.1
11;2021-04-28;2008;1465;92638;35246;24.9;9.5
11;2021-04-29;2247;1637;94885;36883;25.5;9.9
11;2021-04-30;2158;1424;97043;38307;26.0;10.3
11;2021-05-01;1338;344;98381;38651;26.4;10.4
11;2021-05-02;588;336;98969;38987;26.6;10.5
11;2021-05-03;1487;735;100456;39722;27.0;10.7
11;2021-05-04;1878;1427;102334;41149;27.5;11.0
11;2021-05-05;1895;1441;104229;42590;28.0;11.4
11;2021-05-06;2191;1475;106420;44065;28.6;11.8
11;2021-05-07;2106;1548;108526;45613;29.1;12.2
11;2021-05-08;898;726;109424;46339;29.4;12.4
11;2021-05-09;628;543;110052;46882;29.5;12.6
11;2021-05-10;1328;1652;111380;48534;29.9;13.0
11;2021-05-11;2041;1871;113421;50405;30.4;13.5
11;2021-05-12;1847;1649;115268;52054;30.9;14.0
11;2021-05-13;1405;414;116673;52468;31.3;14.1
11;2021-05-14;1718;1182;118391;53650;31.8;14.4
11;2021-05-15;1158;897;119549;54547;32.1;14.6
11;2021-05-16;808;164;120357;54711;32.3;14.7
11;2021-05-17;1470;1047;121827;55758;32.7;15.0
11;2021-05-18;1897;1190;123724;56948;33.2;15.3
11;2021-05-19;1846;1123;125570;58071;33.7;15.6
11;2021-05-20;1971;1091;127541;59162;34.2;15.9
11;2021-05-21;2276;1089;129817;60251;34.8;16.2
11;2021-05-22;1485;726;131302;60977;35.2;16.4
11;2021-05-23;767;71;132069;61048;35.4;16.4
11;2021-05-24;1411;224;133480;61272;35.8;16.4
11;2021-05-25;1811;1353;135291;62625;36.3;16.8
11;2021-05-26;1934;1297;137225;63922;36.8;17.2
11;2021-05-27;1988;1720;139213;65642;37.4;17.6
11;2021-05-28;1756;1900;140969;67542;37.8;18.1
11;2021-05-29;1428;1599;142397;69141;38.2;18.6
11;2021-05-30;486;392;142883;69533;38.3;18.7
11;2021-05-31;1261;1615;144144;71148;38.7;19.1
11;2021-06-01;1856;1903;146000;73051;39.2;19.6
11;2021-06-02;1761;2068;147761;75119;39.6;20.2
11;2021-06-03;2597;2409;150358;77528;40.3;20.8
11;2021-06-04;2146;2663;152504;80191;40.9;21.5
11;2021-06-05;1588;1902;154092;82093;41.3;22.0
11;2021-06-06;877;857;154969;82950;41.6;22.3
11;2021-06-07;1526;1707;156495;84657;42.0;22.7
11;2021-06-08;2038;1987;158533;86644;42.5;23.2
11;2021-06-09;1786;2181;160319;88825;43.0;23.8
11;2021-06-10;1806;2426;162125;91251;43.5;24.5
11;2021-06-11;1864;2493;163989;93744;44.0;25.2
11;2021-06-12;1455;1621;165444;95365;44.4;25.6
11;2021-06-13;713;723;166157;96088;44.6;25.8
11;2021-06-14;1032;1968;167189;98056;44.9;26.3
11;2021-06-15;1395;2685;168584;100741;45.2;27.0
11;2021-06-16;1335;2527;169919;103268;45.6;27.7
11;2021-06-17;1474;2520;171393;105788;46.0;28.4
11;2021-06-18;1518;2486;172911;108274;46.4;29.1
11;2021-06-19;1236;1410;174147;109684;46.7;29.4
11;2021-06-20;299;599;174446;110283;46.8;29.6
11;2021-06-21;838;2122;175284;112405;47.0;30.2
11;2021-06-22;1016;2604;176300;115009;47.3;30.9
11;2021-06-23;1095;2088;177395;117097;47.6;31.4
11;2021-06-24;909;2244;178304;119341;47.8;32.0
11;2021-06-25;993;2547;179297;121888;48.1;32.7
11;2021-06-26;773;1655;180070;123543;48.3;33.1
11;2021-06-27;210;688;180280;124231;48.4;33.3
11;2021-06-28;697;2297;180977;126528;48.6;33.9
11;2021-06-29;962;2598;181939;129126;48.8;34.6
11;2021-06-30;906;2519;182845;131645;49.1;35.3
11;2021-07-01;1003;1888;183848;133533;49.3;35.8
11;2021-07-02;966;2539;184814;136072;49.6;36.5
11;2021-07-03;728;1806;185542;137878;49.8;37.0
11;2021-07-04;340;1109;185882;138987;49.9;37.3
11;2021-07-05;695;2132;186577;141119;50.1;37.9
11;2021-07-06;973;2519;187550;143638;50.3;38.5
11;2021-07-07;946;2508;188496;146146;50.6;39.2
11;2021-07-08;1191;1910;189687;148056;50.9;39.7
11;2021-07-09;823;1794;190510;149850;51.1;40.2
11;2021-07-10;369;1302;190879;151152;51.2;40.6
11;2021-07-11;313;564;191192;151716;51.3;40.7
11;2021-07-12;505;2671;191697;154387;51.4;41.4
11;2021-07-13;1304;3063;193001;157450;51.8;42.2
11;2021-07-14;210;233;193211;157683;51.8;42.3
11;2021-07-15;1450;2961;194661;160644;52.2;43.1
11;2021-07-16;1876;2730;196537;163374;52.7;43.8
11;2021-07-17;1075;2161;197612;165535;53.0;44.4
11;2021-07-18;652;946;198264;166481;53.2;44.7
11;2021-07-19;1355;2088;199619;168569;53.6;45.2
11;2021-07-20;1997;2403;201616;170972;54.1;45.9
11;2021-07-21;2015;2437;203631;173409;54.6;46.5
11;2021-07-22;2414;1882;206045;175291;55.3;47.0
11;2021-07-23;2230;2282;208275;177573;55.9;47.6
11;2021-07-24;1274;1628;209549;179201;56.2;48.1
11;2021-07-25;749;692;210298;179893;56.4;48.3
11;2021-07-26;1667;1427;211965;181320;56.9;48.6
11;2021-07-27;2342;1998;214307;183318;57.5;49.2
11;2021-07-28;2480;1988;216787;185306;58.2;49.7
11;2021-07-29;2771;1794;219558;187100;58.9;50.2
11;2021-07-30;2575;1803;222133;188903;59.6;50.7
11;2021-07-31;2008;1140;224141;190043;60.1;51.0
11;2021-08-01;1011;482;225152;190525;60.4;51.1
11;2021-08-02;1929;1151;227081;191676;60.9;51.4
11;2021-08-03;2441;1602;229522;193278;61.6;51.9
11;2021-08-04;2559;1266;232081;194544;62.3;52.2
11;2021-08-05;2382;1333;234463;195877;62.9;52.6
11;2021-08-06;2252;1660;236715;197537;63.5;53.0
11;2021-08-07;1665;1167;238380;198704;64.0;53.3
11;2021-08-08;599;210;238979;198914;64.1;53.4
11;2021-08-09;1031;1434;240010;200348;64.4;53.8
11;2021-08-10;1746;1986;241756;202334;64.9;54.3
11;2021-08-11;1717;1689;243473;204023;65.3;54.7
11;2021-08-12;1716;1856;245189;205879;65.8;55.2
11;2021-08-13;1348;1655;246537;207534;66.1;55.7
11;2021-08-14;984;1596;247521;209130;66.4;56.1
11;2021-08-15;138;125;247659;209255;66.4;56.1
11;2021-08-16;731;1914;248390;211169;66.6;56.7
11;2021-08-17;1046;2391;249436;213560;66.9;57.3
11;2021-08-18;1106;2032;250542;215592;67.2;57.8
11;2021-08-19;1005;2290;251547;217882;67.5;58.5
11;2021-08-20;976;2291;252523;220173;67.8;59.1
11;2021-08-21;576;1838;253099;222011;67.9;59.6
11;2021-08-22;191;512;253290;222523;68.0;59.7
11;2021-08-23;522;1817;253812;224340;68.1;60.2
11;2021-08-24;797;2255;254609;226595;68.3;60.8
11;2021-08-25;793;2153;255402;228748;68.5;61.4
11;2021-08-26;759;2001;256161;230749;68.7;61.9
11;2021-08-27;698;2222;256859;232971;68.9;62.5
11;2021-08-28;435;1744;257294;234715;69.0;63.0
11;2021-08-29;143;514;257437;235229;69.1;63.1
11;2021-08-30;455;1346;257892;236575;69.2;63.5
11;2021-08-31;584;1949;258476;238524;69.4;64.0
11;2021-09-01;606;1812;259082;240336;69.5;64.5
11;2021-09-02;551;1701;259633;242037;69.7;64.9
11;2021-09-03;535;1710;260168;243747;69.8;65.4
11;2021-09-04;487;1555;260655;245302;69.9;65.8
11;2021-09-05;153;271;260808;245573;70.0;65.9
11;2021-09-06;298;856;261106;246429;70.1;66.1
11;2021-09-07;355;1124;261461;247553;70.2;66.4
11;2021-09-08;475;1309;261936;248862;70.3;66.8
11;2021-09-09;394;1037;262330;249899;70.4;67.1
11;2021-09-10;381;1136;262711;251035;70.5;67.4
11;2021-09-11;378;1053;263089;252088;70.6;67.6
11;2021-09-12;61;146;263150;252234;70.6;67.7
11;2021-09-13;238;1041;263388;253275;70.7;68.0
11;2021-09-14;343;963;263731;254238;70.8;68.2
11;2021-09-15;360;973;264091;255211;70.9;68.5
11;2021-09-16;301;585;264392;255796;70.9;68.6
11;2021-09-17;313;681;264705;256477;71.0;68.8
11;2021-09-18;267;730;264972;257207;71.1;69.0
11;2021-09-19;59;123;265031;257330;71.1;69.0
11;2021-09-20;166;332;265197;257662;71.2;69.1
11;2021-09-21;288;417;265485;258079;71.2;69.2
11;2021-09-22;223;768;265708;258847;71.3;69.5
11;2021-09-23;178;397;265886;259244;71.3;69.6
11;2021-09-24;273;520;266159;259764;71.4;69.7
11;2021-09-25;235;673;266394;260437;71.5;69.9
11;2021-09-26;35;131;266429;260568;71.5;69.9
11;2021-09-27;105;385;266534;260953;71.5;70.0
11;2021-09-28;211;354;266745;261307;71.6;70.1
12;2020-12-27;0;0;0;0;0.0;0.0
12;2020-12-28;0;0;0;0;0.0;0.0
12;2020-12-29;0;0;0;0;0.0;0.0
12;2020-12-30;0;0;0;0;0.0;0.0
12;2020-12-31;0;0;0;0;0.0;0.0
12;2021-01-01;0;0;0;0;0.0;0.0
12;2021-01-02;0;0;0;0;0.0;0.0
12;2021-01-03;2;0;2;0;0.0;0.0
12;2021-01-04;1;0;3;0;0.0;0.0
12;2021-01-05;1;0;4;0;0.0;0.0
12;2021-01-06;12;0;16;0;0.0;0.0
12;2021-01-07;202;0;218;0;0.1;0.0
12;2021-01-08;65;0;283;0;0.1;0.0
12;2021-01-09;0;0;283;0;0.1;0.0
12;2021-01-10;1;0;284;0;0.1;0.0
12;2021-01-11;101;0;385;0;0.1;0.0
12;2021-01-12;361;0;746;0;0.3;0.0
12;2021-01-13;285;0;1031;0;0.4;0.0
12;2021-01-14;600;12;1631;12;0.6;0.0
12;2021-01-15;367;8;1998;20;0.7;0.0
12;2021-01-16;138;1;2136;21;0.8;0.0
12;2021-01-17;1;0;2137;21;0.8;0.0
12;2021-01-18;452;0;2589;21;0.9;0.0
12;2021-01-19;609;3;3198;24;1.1;0.0
12;2021-01-20;879;3;4077;27;1.5;0.0
12;2021-01-21;736;0;4813;27;1.7;0.0
12;2021-01-22;798;1;5611;28;2.0;0.0
12;2021-01-23;382;0;5993;28;2.2;0.0
12;2021-01-24;0;0;5993;28;2.2;0.0
12;2021-01-25;453;0;6446;28;2.3;0.0
12;2021-01-26;650;0;7096;28;2.5;0.0
12;2021-01-27;1886;37;8982;65;3.2;0.0
12;2021-01-28;1886;225;10868;290;3.9;0.1
12;2021-01-29;1331;41;12199;331;4.4;0.1
12;2021-01-30;359;2;12558;333;4.5;0.1
12;2021-01-31;0;0;12558;333;4.5;0.1
12;2021-02-01;335;85;12893;418;4.6;0.2
12;2021-02-02;457;233;13350;651;4.8;0.2
12;2021-02-03;457;164;13807;815;5.0;0.3
12;2021-02-04;459;510;14266;1325;5.1;0.5
12;2021-02-05;449;170;14715;1495;5.3;0.5
12;2021-02-06;220;42;14935;1537;5.4;0.6
12;2021-02-07;8;0;14943;1537;5.4;0.6
12;2021-02-08;104;281;15047;1818;5.4;0.7
12;2021-02-09;208;293;15255;2111;5.5;0.8
12;2021-02-10;465;394;15720;2505;5.6;0.9
12;2021-02-11;539;293;16259;2798;5.8;1.0
12;2021-02-12;570;264;16829;3062;6.0;1.1
12;2021-02-13;175;110;17004;3172;6.1;1.1
12;2021-02-14;1;0;17005;3172;6.1;1.1
12;2021-02-15;175;295;17180;3467;6.2;1.2
12;2021-02-16;171;424;17351;3891;6.2;1.4
12;2021-02-17;366;1301;17717;5192;6.4;1.9
12;2021-02-18;676;1508;18393;6700;6.6;2.4
12;2021-02-19;594;891;18987;7591;6.8;2.7
12;2021-02-20;103;355;19090;7946;6.9;2.9
12;2021-02-21;0;0;19090;7946;6.9;2.9
12;2021-02-22;150;323;19240;8269;6.9;3.0
12;2021-02-23;157;469;19397;8738;7.0;3.1
12;2021-02-24;156;542;19553;9280;7.0;3.3
12;2021-02-25;201;642;19754;9922;7.1;3.6
12;2021-02-26;320;544;20074;10466;7.2;3.8
12;2021-02-27;190;301;20264;10767;7.3;3.9
12;2021-02-28;13;0;20277;10767;7.3;3.9
12;2021-03-01;51;318;20328;11085;7.3;4.0
12;2021-03-02;190;453;20518;11538;7.4;4.1
12;2021-03-03;244;347;20762;11885;7.5;4.3
12;2021-03-04;278;323;21040;12208;7.6;4.4
12;2021-03-05;421;330;21461;12538;7.7;4.5
12;2021-03-06;793;120;22254;12658;8.0;4.5
12;2021-03-07;140;32;22394;12690;8.0;4.6
12;2021-03-08;233;192;22627;12882;8.1;4.6
12;2021-03-09;716;219;23343;13101;8.4;4.7
12;2021-03-10;784;722;24127;13823;8.7;5.0
12;2021-03-11;919;642;25046;14465;9.0;5.2
12;2021-03-12;1259;511;26305;14976;9.4;5.4
12;2021-03-13;896;134;27201;15110;9.8;5.4
12;2021-03-14;45;2;27246;15112;9.8;5.4
12;2021-03-15;559;154;27805;15266;10.0;5.5
12;2021-03-16;818;159;28623;15425;10.3;5.5
12;2021-03-17;1504;165;30127;15590;10.8;5.6
12;2021-03-18;997;246;31124;15836;11.2;5.7
12;2021-03-19;1383;278;32507;16114;11.7;5.8
12;2021-03-20;725;78;33232;16192;11.9;5.8
12;2021-03-21;264;10;33496;16202;12.0;5.8
12;2021-03-22;606;174;34102;16376;12.3;5.9
12;2021-03-23;1214;176;35316;16552;12.7;5.9
12;2021-03-24;1422;206;36738;16758;13.2;6.0
12;2021-03-25;1844;205;38582;16963;13.9;6.1
12;2021-03-26;1978;229;40560;17192;14.6;6.2
12;2021-03-27;981;68;41541;17260;14.9;6.2
12;2021-03-28;60;1;41601;17261;14.9;6.2
12;2021-03-29;963;84;42564;17345;15.3;6.2
12;2021-03-30;1737;123;44301;17468;15.9;6.3
12;2021-03-31;1461;105;45762;17573;16.4;6.3
12;2021-04-01;1957;166;47719;17739;17.1;6.4
12;2021-04-02;1614;344;49333;18083;17.7;6.5
12;2021-04-03;882;96;50215;18179;18.0;6.5
12;2021-04-04;1;0;50216;18179;18.0;6.5
12;2021-04-05;645;14;50861;18193;18.3;6.5
12;2021-04-06;1151;536;52012;18729;18.7;6.7
12;2021-04-07;1651;637;53663;19366;19.3;7.0
12;2021-04-08;2098;570;55761;19936;20.0;7.2
12;2021-04-09;2112;651;57873;20587;20.8;7.4
12;2021-04-10;1427;219;59300;20806;21.3;7.5
12;2021-04-11;120;1;59420;20807;21.3;7.5
12;2021-04-12;1837;502;61257;21309;22.0;7.7
12;2021-04-13;1907;774;63164;22083;22.7;7.9
12;2021-04-14;1832;1318;64996;23401;23.3;8.4
12;2021-04-15;1937;896;66933;24297;24.0;8.7
12;2021-04-16;1675;1204;68608;25501;24.6;9.2
12;2021-04-17;1553;567;70161;26068;25.2;9.4
12;2021-04-18;0;0;70161;26068;25.2;9.4
12;2021-04-19;1687;549;71848;26617;25.8;9.6
12;2021-04-20;1546;984;73394;27601;26.4;9.9
12;2021-04-21;1693;1183;75087;28784;27.0;10.3
12;2021-04-22;1690;1092;76777;29876;27.6;10.7
12;2021-04-23;1382;1335;78159;31211;28.1;11.2
12;2021-04-24;1450;719;79609;31930;28.6;11.5
12;2021-04-25;60;0;79669;31930;28.6;11.5
12;2021-04-26;1459;898;81128;32828;29.1;11.8
12;2021-04-27;1321;1279;82449;34107;29.6;12.3
12;2021-04-28;1113;1870;83562;35977;30.0;12.9
12;2021-04-29;1571;1910;85133;37887;30.6;13.6
12;2021-04-30;1813;1836;86946;39723;31.2;14.3
12;2021-05-01;1617;261;88563;39984;31.8;14.4
12;2021-05-02;9;0;88572;39984;31.8;14.4
12;2021-05-03;1713;1251;90285;41235;32.4;14.8
12;2021-05-04;1483;1393;91768;42628;33.0;15.3
12;2021-05-05;1296;1673;93064;44301;33.4;15.9
12;2021-05-06;1753;1376;94817;45677;34.1;16.4
12;2021-05-07;1483;1777;96300;47454;34.6;17.0
12;2021-05-08;1330;461;97630;47915;35.1;17.2
12;2021-05-09;13;34;97643;47949;35.1;17.2
12;2021-05-10;829;2214;98472;50163;35.4;18.0
12;2021-05-11;928;1847;99400;52010;35.7;18.7
12;2021-05-12;948;1820;100348;53830;36.0;19.3
12;2021-05-13;1587;811;101935;54641;36.6;19.6
12;2021-05-14;1235;1534;103170;56175;37.1;20.2
12;2021-05-15;1067;1115;104237;57290;37.4;20.6
12;2021-05-16;2;19;104239;57309;37.4;20.6
12;2021-05-17;1082;1810;105321;59119;37.8;21.2
12;2021-05-18;1426;1533;106747;60652;38.3;21.8
12;2021-05-19;1915;1330;108662;61982;39.0;22.3
12;2021-05-20;2119;876;110781;62858;39.8;22.6
12;2021-05-21;1821;1253;112602;64111;40.5;23.0
12;2021-05-22;1206;1015;113808;65126;40.9;23.4
12;2021-05-23;7;12;113815;65138;40.9;23.4
12;2021-05-24;1956;536;115771;65674;41.6;23.6
12;2021-05-25;1742;1157;117513;66831;42.2;24.0
12;2021-05-26;1998;780;119511;67611;42.9;24.3
12;2021-05-27;2165;744;121676;68355;43.7;24.6
12;2021-05-28;1927;1025;123603;69380;44.4;24.9
12;2021-05-29;1637;805;125240;70185;45.0;25.2
12;2021-05-30;9;43;125249;70228;45.0;25.2
12;2021-05-31;1699;810;126948;71038;45.6;25.5
12;2021-06-01;1887;1026;128835;72064;46.3;25.9
12;2021-06-02;1979;1052;130814;73116;47.0;26.3
12;2021-06-03;2123;824;132937;73940;47.8;26.6
12;2021-06-04;1967;1417;134904;75357;48.5;27.1
12;2021-06-05;1738;985;136642;76342;49.1;27.4
12;2021-06-06;6;6;136648;76348;49.1;27.4
12;2021-06-07;1092;1811;137740;78159;49.5;28.1
12;2021-06-08;1332;1201;139072;79360;50.0;28.5
12;2021-06-09;895;1291;139967;80651;50.3;29.0
12;2021-06-10;1022;920;140989;81571;50.6;29.3
12;2021-06-11;1204;2076;142193;83647;51.1;30.0
12;2021-06-12;1033;1320;143226;84967;51.5;30.5
12;2021-06-13;6;47;143232;85014;51.5;30.5
12;2021-06-14;662;1829;143894;86843;51.7;31.2
12;2021-06-15;745;1877;144639;88720;52.0;31.9
12;2021-06-16;820;1818;145459;90538;52.3;32.5
12;2021-06-17;678;995;146137;91533;52.5;32.9
12;2021-06-18;1134;1840;147271;93373;52.9;33.5
12;2021-06-19;914;1405;148185;94778;53.2;34.0
12;2021-06-20;4;10;148189;94788;53.2;34.1
12;2021-06-21;512;1737;148701;96525;53.4;34.7
12;2021-06-22;502;1475;149203;98000;53.6;35.2
12;2021-06-23;579;1306;149782;99306;53.8;35.7
12;2021-06-24;249;541;150031;99847;53.9;35.9
12;2021-06-25;876;1841;150907;101688;54.2;36.5
12;2021-06-26;673;1527;151580;103215;54.5;37.1
12;2021-06-27;1;9;151581;103224;54.5;37.1
12;2021-06-28;467;2453;152048;105677;54.6;38.0
12;2021-06-29;565;1957;152613;107634;54.8;38.7
12;2021-06-30;828;2132;153441;109766;55.1;39.4
12;2021-07-01;344;1086;153785;110852;55.2;39.8
12;2021-07-02;796;2627;154581;113479;55.5;40.8
12;2021-07-03;565;1872;155146;115351;55.7;41.4
12;2021-07-04;1;0;155147;115351;55.7;41.4
12;2021-07-05;440;2406;155587;117757;55.9;42.3
12;2021-07-06;640;2495;156227;120252;56.1;43.2
12;2021-07-07;688;2116;156915;122368;56.4;44.0
12;2021-07-08;295;913;157210;123281;56.5;44.3
12;2021-07-09;724;2587;157934;125868;56.7;45.2
12;2021-07-10;445;2077;158379;127945;56.9;46.0
12;2021-07-11;0;0;158379;127945;56.9;46.0
12;2021-07-12;587;2439;158966;130384;57.1;46.8
12;2021-07-13;840;2592;159806;132976;57.4;47.8
12;2021-07-14;44;25;159850;133001;57.4;47.8
12;2021-07-15;794;2107;160644;135108;57.7;48.5
12;2021-07-16;1247;2556;161891;137664;58.2;49.5
12;2021-07-17;790;2007;162681;139671;58.4;50.2
12;2021-07-18;25;11;162706;139682;58.5;50.2
12;2021-07-19;1319;2005;164025;141687;58.9;50.9
12;2021-07-20;1422;1475;165447;143162;59.4;51.4
12;2021-07-21;1022;940;166469;144102;59.8;51.8
12;2021-07-22;2236;1308;168705;145410;60.6;52.2
12;2021-07-23;1866;2056;170571;147466;61.3;53.0
12;2021-07-24;1604;1566;172175;149032;61.9;53.5
12;2021-07-25;97;28;172272;149060;61.9;53.5
12;2021-07-26;1930;1438;174202;150498;62.6;54.1
12;2021-07-27;2236;1007;176438;151505;63.4;54.4
12;2021-07-28;1715;675;178153;152180;64.0;54.7
12;2021-07-29;1189;807;179342;152987;64.4;55.0
12;2021-07-30;2507;1283;181849;154270;65.3;55.4
12;2021-07-31;1967;1005;183816;155275;66.0;55.8
12;2021-08-01;225;38;184041;155313;66.1;55.8
12;2021-08-02;1815;832;185856;156145;66.8;56.1
12;2021-08-03;1960;776;187816;156921;67.5;56.4
12;2021-08-04;1693;832;189509;157753;68.1;56.7
12;2021-08-05;1636;683;191145;158436;68.7;56.9
12;2021-08-06;1706;1313;192851;159749;69.3;57.4
12;2021-08-07;1447;744;194298;160493;69.8;57.7
12;2021-08-08;0;3;194298;160496;69.8;57.7
12;2021-08-09;1351;1415;195649;161911;70.3;58.2
12;2021-08-10;1343;1247;196992;163158;70.8;58.6
12;2021-08-11;820;1195;197812;164353;71.1;59.0
12;2021-08-12;737;1070;198549;165423;71.3;59.4
12;2021-08-13;1075;1335;199624;166758;71.7;59.9
12;2021-08-14;739;1354;200363;168112;72.0;60.4
12;2021-08-15;255;75;200618;168187;72.1;60.4
12;2021-08-16;670;1817;201288;170004;72.3;61.1
12;2021-08-17;905;1991;202193;171995;72.6;61.8
12;2021-08-18;448;1522;202641;173517;72.8;62.3
12;2021-08-19;641;1115;203282;174632;73.0;62.7
12;2021-08-20;797;1888;204079;176520;73.3;63.4
12;2021-08-21;473;1526;204552;178046;73.5;64.0
12;2021-08-22;93;27;204645;178073;73.5;64.0
12;2021-08-23;453;1921;205098;179994;73.7;64.7
12;2021-08-24;486;1917;205584;181911;73.9;65.4
12;2021-08-25;333;1579;205917;183490;74.0;65.9
12;2021-08-26;487;1606;206404;185096;74.2;66.5
12;2021-08-27;597;1699;207001;186795;74.4;67.1
12;2021-08-28;332;1553;207333;188348;74.5;67.7
12;2021-08-29;176;143;207509;188491;74.5;67.7
12;2021-08-30;561;1908;208070;190399;74.7;68.4
12;2021-08-31;417;1392;208487;191791;74.9;68.9
12;2021-09-01;425;1020;208912;192811;75.1;69.3
12;2021-09-02;266;822;209178;193633;75.1;69.6
12;2021-09-03;490;1378;209668;195011;75.3;70.1
12;2021-09-04;432;1209;210100;196220;75.5;70.5
12;2021-09-05;52;206;210152;196426;75.5;70.6
12;2021-09-06;214;806;210366;197232;75.6;70.9
12;2021-09-07;270;671;210636;197903;75.7;71.1
12;2021-09-08;243;619;210879;198522;75.8;71.3
12;2021-09-09;174;448;211053;198970;75.8;71.5
12;2021-09-10;496;1276;211549;200246;76.0;71.9
12;2021-09-11;385;1083;211934;201329;76.1;72.3
12;2021-09-12;17;120;211951;201449;76.1;72.4
12;2021-09-13;157;625;212108;202074;76.2;72.6
12;2021-09-14;277;513;212385;202587;76.3;72.8
12;2021-09-15;242;407;212627;202994;76.4;72.9
12;2021-09-16;383;411;213010;203405;76.5;73.1
12;2021-09-17;342;505;213352;203910;76.6;73.3
12;2021-09-18;241;688;213593;204598;76.7;73.5
12;2021-09-19;0;4;213593;204602;76.7;73.5
12;2021-09-20;106;432;213699;205034;76.8;73.7
12;2021-09-21;111;220;213810;205254;76.8;73.7
12;2021-09-22;132;577;213942;205831;76.9;73.9
12;2021-09-23;105;160;214047;205991;76.9;74.0
12;2021-09-24;216;535;214263;206526;77.0;74.2
12;2021-09-25;161;664;214424;207190;77.0;74.4
12;2021-09-26;0;1;214424;207191;77.0;74.4
12;2021-09-27;82;241;214506;207432;77.1;74.5
12;2021-09-28;95;251;214601;207683;77.1;74.6
13;2020-12-27;4;0;4;0;0.0;0.0
13;2020-12-28;6;0;10;0;0.0;0.0
13;2020-12-29;1;0;11;0;0.0;0.0
13;2020-12-30;2;0;13;0;0.0;0.0
13;2020-12-31;6;0;19;0;0.0;0.0
13;2021-01-01;4;0;23;0;0.0;0.0
13;2021-01-02;4;0;27;0;0.0;0.0
13;2021-01-03;11;0;38;0;0.0;0.0
13;2021-01-04;1;0;39;0;0.0;0.0
13;2021-01-05;78;1;117;1;0.0;0.0
13;2021-01-06;122;0;239;1;0.0;0.0
13;2021-01-07;174;1;413;2;0.0;0.0
13;2021-01-08;189;0;602;2;0.0;0.0
13;2021-01-09;13;0;615;2;0.0;0.0
13;2021-01-10;3;0;618;2;0.0;0.0
13;2021-01-11;482;1;1100;3;0.1;0.0
13;2021-01-12;813;2;1913;5;0.1;0.0
13;2021-01-13;1086;1;2999;6;0.1;0.0
13;2021-01-14;1587;16;4586;22;0.2;0.0
13;2021-01-15;1538;7;6124;29;0.3;0.0
13;2021-01-16;406;3;6530;32;0.3;0.0
13;2021-01-17;44;0;6574;32;0.3;0.0
13;2021-01-18;2385;9;8959;41;0.4;0.0
13;2021-01-19;7417;33;16376;74;0.8;0.0
13;2021-01-20;5579;17;21955;91;1.1;0.0
13;2021-01-21;5364;29;27319;120;1.3;0.0
13;2021-01-22;4006;22;31325;142;1.5;0.0
13;2021-01-23;1357;6;32682;148;1.6;0.0
13;2021-01-24;491;5;33173;153;1.6;0.0
13;2021-01-25;2341;27;35514;180;1.7;0.0
13;2021-01-26;2952;84;38466;264;1.9;0.0
13;2021-01-27;3122;119;41588;383;2.0;0.0
13;2021-01-28;3251;175;44839;558;2.2;0.0
13;2021-01-29;2512;122;47351;680;2.3;0.0
13;2021-01-30;1025;11;48376;691;2.4;0.0
13;2021-01-31;252;0;48628;691;2.4;0.0
13;2021-02-01;1864;261;50492;952;2.5;0.0
13;2021-02-02;2257;569;52749;1521;2.6;0.1
13;2021-02-03;1868;538;54617;2059;2.7;0.1
13;2021-02-04;1907;880;56524;2939;2.8;0.1
13;2021-02-05;2627;1458;59151;4397;2.9;0.2
13;2021-02-06;855;272;60006;4669;2.9;0.2
13;2021-02-07;278;5;60284;4674;3.0;0.2
13;2021-02-08;1905;1396;62189;6070;3.1;0.3
13;2021-02-09;3321;3962;65510;10032;3.2;0.5
13;2021-02-10;3239;3169;68749;13201;3.4;0.6
13;2021-02-11;3583;3188;72332;16389;3.6;0.8
13;2021-02-12;2838;2726;75170;19115;3.7;0.9
13;2021-02-13;734;523;75904;19638;3.7;1.0
13;2021-02-14;72;324;75976;19962;3.7;1.0
13;2021-02-15;970;1764;76946;21726;3.8;1.1
13;2021-02-16;1394;2302;78340;24028;3.9;1.2
13;2021-02-17;1349;2598;79689;26626;3.9;1.3
13;2021-02-18;1903;2338;81592;28964;4.0;1.4
13;2021-02-19;1514;1917;83106;30881;4.1;1.5
13;2021-02-20;458;648;83564;31529;4.1;1.5
13;2021-02-21;33;238;83597;31767;4.1;1.6
13;2021-02-22;1023;1921;84620;33688;4.2;1.7
13;2021-02-23;1289;2234;85909;35922;4.2;1.8
13;2021-02-24;1519;2263;87428;38185;4.3;1.9
13;2021-02-25;2383;1836;89811;40021;4.4;2.0
13;2021-02-26;2458;1863;92269;41884;4.5;2.1
13;2021-02-27;982;659;93251;42543;4.6;2.1
13;2021-02-28;195;186;93446;42729;4.6;2.1
13;2021-03-01;1923;1356;95369;44085;4.7;2.2
13;2021-03-02;3012;2323;98381;46408;4.8;2.3
13;2021-03-03;3488;2364;101869;48772;5.0;2.4
13;2021-03-04;4210;2846;106079;51618;5.2;2.5
13;2021-03-05;4044;2549;110123;54167;5.4;2.7
13;2021-03-06;5302;748;115425;54915;5.7;2.7
13;2021-03-07;4295;363;119720;55278;5.9;2.7
13;2021-03-08;3930;1794;123650;57072;6.1;2.8
13;2021-03-09;5077;2074;128727;59146;6.3;2.9
13;2021-03-10;5181;1868;133908;61014;6.6;3.0
13;2021-03-11;7308;2022;141216;63036;6.9;3.1
13;2021-03-12;8332;2002;149548;65038;7.4;3.2
13;2021-03-13;6379;701;155927;65739;7.7;3.2
13;2021-03-14;2312;161;158239;65900;7.8;3.2
13;2021-03-15;6357;1290;164596;67190;8.1;3.3
13;2021-03-16;5078;1493;169674;68683;8.3;3.4
13;2021-03-17;5174;1402;174848;70085;8.6;3.4
13;2021-03-18;5817;1829;180665;71914;8.9;3.5
13;2021-03-19;6811;1599;187476;73513;9.2;3.6
13;2021-03-20;4044;690;191520;74203;9.4;3.6
13;2021-03-21;725;84;192245;74287;9.4;3.7
13;2021-03-22;7298;1534;199543;75821;9.8;3.7
13;2021-03-23;9132;1742;208675;77563;10.3;3.8
13;2021-03-24;8867;2173;217542;79736;10.7;3.9
13;2021-03-25;10914;2100;228456;81836;11.2;4.0
13;2021-03-26;10717;1902;239173;83738;11.8;4.1
13;2021-03-27;4870;823;244043;84561;12.0;4.2
13;2021-03-28;1120;80;245163;84641;12.1;4.2
13;2021-03-29;7577;1986;252740;86627;12.4;4.3
13;2021-03-30;12617;2507;265357;89134;13.0;4.4
13;2021-03-31;10811;3155;276168;92289;13.6;4.5
13;2021-04-01;12279;3080;288447;95369;14.2;4.7
13;2021-04-02;9788;3887;298235;99256;14.7;4.9
13;2021-04-03;4006;2802;302241;102058;14.9;5.0
13;2021-04-04;631;305;302872;102363;14.9;5.0
13;2021-04-05;3536;728;306408;103091;15.1;5.1
13;2021-04-06;8520;4242;314928;107333;15.5;5.3
13;2021-04-07;10079;4681;325007;112014;16.0;5.5
13;2021-04-08;10117;5456;335124;117470;16.5;5.8
13;2021-04-09;11281;5111;346405;122581;17.0;6.0
13;2021-04-10;7300;2094;353705;124675;17.4;6.1
13;2021-04-11;1379;534;355084;125209;17.5;6.2
13;2021-04-12;7984;4784;363068;129993;17.8;6.4
13;2021-04-13;9146;5485;372214;135478;18.3;6.7
13;2021-04-14;9535;5816;381749;141294;18.8;6.9
13;2021-04-15;9880;5951;391629;147245;19.2;7.2
13;2021-04-16;9966;5564;401595;152809;19.7;7.5
13;2021-04-17;4079;2022;405674;154831;19.9;7.6
13;2021-04-18;2526;1425;408200;156256;20.1;7.7
13;2021-04-19;6456;6398;414656;162654;20.4;8.0
13;2021-04-20;7402;7583;422058;170237;20.7;8.4
13;2021-04-21;7772;7378;429830;177615;21.1;8.7
13;2021-04-22;8462;7913;438292;185528;21.5;9.1
13;2021-04-23;8394;6828;446686;192356;22.0;9.5
13;2021-04-24;4625;3811;451311;196167;22.2;9.6
13;2021-04-25;877;521;452188;196688;22.2;9.7
13;2021-04-26;6167;7108;458355;203796;22.5;10.0
13;2021-04-27;7262;8021;465617;211817;22.9;10.4
13;2021-04-28;9450;7706;475067;219523;23.4;10.8
13;2021-04-29;11406;7592;486473;227115;23.9;11.2
13;2021-04-30;10916;7361;497389;234476;24.4;11.5
13;2021-05-01;5365;3795;502754;238271;24.7;11.7
13;2021-05-02;2100;747;504854;239018;24.8;11.7
13;2021-05-03;7297;7865;512151;246883;25.2;12.1
13;2021-05-04;8453;8505;520604;255388;25.6;12.6
13;2021-05-05;8224;8965;528828;264353;26.0;13.0
13;2021-05-06;10142;8582;538970;272935;26.5;13.4
13;2021-05-07;8852;10021;547822;282956;26.9;13.9
13;2021-05-08;4569;3936;552391;286892;27.2;14.1
13;2021-05-09;938;687;553329;287579;27.2;14.1
13;2021-05-10;7709;8752;561038;296331;27.6;14.6
13;2021-05-11;10978;9554;572016;305885;28.1;15.0
13;2021-05-12;12841;8726;584857;314611;28.7;15.5
13;2021-05-13;9507;3637;594364;318248;29.2;15.6
13;2021-05-14;13657;6445;608021;324693;29.9;16.0
13;2021-05-15;10196;4534;618217;329227;30.4;16.2
13;2021-05-16;3125;789;621342;330016;30.5;16.2
13;2021-05-17;10844;6800;632186;336816;31.1;16.6
13;2021-05-18;11918;6479;644104;343295;31.7;16.9
13;2021-05-19;12158;6357;656262;349652;32.3;17.2
13;2021-05-20;13443;6467;669705;356119;32.9;17.5
13;2021-05-21;12991;6782;682696;362901;33.6;17.8
13;2021-05-22;7517;3635;690213;366536;33.9;18.0
13;2021-05-23;862;637;691075;367173;34.0;18.0
13;2021-05-24;6761;2469;697836;369642;34.3;18.2
13;2021-05-25;9272;7595;707108;377237;34.8;18.5
13;2021-05-26;10142;7837;717250;385074;35.3;18.9
13;2021-05-27;10340;8421;727590;393495;35.8;19.3
13;2021-05-28;9003;9162;736593;402657;36.2;19.8
13;2021-05-29;7173;4620;743766;407277;36.6;20.0
13;2021-05-30;890;527;744656;407804;36.6;20.0
13;2021-05-31;8184;8022;752840;415826;37.0;20.4
13;2021-06-01;9578;9283;762418;425109;37.5;20.9
13;2021-06-02;10081;8776;772499;433885;38.0;21.3
13;2021-06-03;12296;9487;784795;443372;38.6;21.8
13;2021-06-04;12026;10031;796821;453403;39.2;22.3
13;2021-06-05;7820;5592;804641;458995;39.6;22.6
13;2021-06-06;1670;886;806311;459881;39.6;22.6
13;2021-06-07;6686;9874;812997;469755;40.0;23.1
13;2021-06-08;8317;9982;821314;479737;40.4;23.6
13;2021-06-09;8396;9732;829710;489469;40.8;24.1
13;2021-06-10;8952;9771;838662;499240;41.2;24.5
13;2021-06-11;8230;12709;846892;511949;41.6;25.2
13;2021-06-12;5778;6705;852670;518654;41.9;25.5
13;2021-06-13;950;1216;853620;519870;42.0;25.6
13;2021-06-14;5993;11141;859613;531011;42.3;26.1
13;2021-06-15;7282;11402;866895;542413;42.6;26.7
13;2021-06-16;7340;9867;874235;552280;43.0;27.1
13;2021-06-17;7442;10711;881677;562991;43.3;27.7
13;2021-06-18;7550;11071;889227;574062;43.7;28.2
13;2021-06-19;4615;7496;893842;581558;43.9;28.6
13;2021-06-20;990;1045;894832;582603;44.0;28.6
13;2021-06-21;4462;12258;899294;594861;44.2;29.2
13;2021-06-22;4940;13876;904234;608737;44.4;29.9
13;2021-06-23;5149;13577;909383;622314;44.7;30.6
13;2021-06-24;5341;12852;914724;635166;45.0;31.2
13;2021-06-25;5242;14680;919966;649846;45.2;31.9
13;2021-06-26;3016;9681;922982;659527;45.4;32.4
13;2021-06-27;537;931;923519;660458;45.4;32.5
13;2021-06-28;3731;12561;927250;673019;45.6;33.1
13;2021-06-29;4499;12898;931749;685917;45.8;33.7
13;2021-06-30;4904;12695;936653;698612;46.0;34.3
13;2021-07-01;5583;11493;942236;710105;46.3;34.9
13;2021-07-02;5571;12391;947807;722496;46.6;35.5
13;2021-07-03;3506;9161;951313;731657;46.8;36.0
13;2021-07-04;475;867;951788;732524;46.8;36.0
13;2021-07-05;3873;11769;955661;744293;47.0;36.6
13;2021-07-06;5461;11677;961122;755970;47.2;37.2
13;2021-07-07;5821;10705;966943;766675;47.5;37.7
13;2021-07-08;6230;10326;973173;777001;47.8;38.2
13;2021-07-09;5933;11929;979106;788930;48.1;38.8
13;2021-07-10;3163;8637;982269;797567;48.3;39.2
13;2021-07-11;435;1012;982704;798579;48.3;39.3
13;2021-07-12;4493;10944;987197;809523;48.5;39.8
13;2021-07-13;8980;13178;996177;822701;49.0;40.4
13;2021-07-14;5611;4861;1001788;827562;49.2;40.7
13;2021-07-15;11438;12946;1013226;840508;49.8;41.3
13;2021-07-16;12196;12925;1025422;853433;50.4;41.9
13;2021-07-17;6584;8493;1032006;861926;50.7;42.4
13;2021-07-18;727;1062;1032733;862988;50.8;42.4
13;2021-07-19;9806;11145;1042539;874133;51.2;43.0
13;2021-07-20;12271;11661;1054810;885794;51.8;43.5
13;2021-07-21;12688;10358;1067498;896152;52.5;44.0
13;2021-07-22;14557;10456;1082055;906608;53.2;44.6
13;2021-07-23;14486;10970;1096541;917578;53.9;45.1
13;2021-07-24;8342;7979;1104883;925557;54.3;45.5
13;2021-07-25;1016;784;1105899;926341;54.4;45.5
13;2021-07-26;11648;9116;1117547;935457;54.9;46.0
13;2021-07-27;13611;9418;1131158;944875;55.6;46.4
13;2021-07-28;12341;8181;1143499;953056;56.2;46.8
13;2021-07-29;13762;8089;1157261;961145;56.9;47.2
13;2021-07-30;13715;8636;1170976;969781;57.6;47.7
13;2021-07-31;8678;5833;1179654;975614;58.0;48.0
13;2021-08-01;1107;729;1180761;976343;58.0;48.0
13;2021-08-02;10050;6726;1190811;983069;58.5;48.3
13;2021-08-03;11070;7295;1201881;990364;59.1;48.7
13;2021-08-04;9427;6569;1211308;996933;59.5;49.0
13;2021-08-05;9520;7582;1220828;1004515;60.0;49.4
13;2021-08-06;9190;9018;1230018;1013533;60.5;49.8
13;2021-08-07;5441;5584;1235459;1019117;60.7;50.1
13;2021-08-08;905;804;1236364;1019921;60.8;50.1
13;2021-08-09;8395;9077;1244759;1028998;61.2;50.6
13;2021-08-10;9076;8910;1253835;1037908;61.6;51.0
13;2021-08-11;7839;8542;1261674;1046450;62.0;51.4
13;2021-08-12;7740;9671;1269414;1056121;62.4;51.9
13;2021-08-13;6958;9188;1276372;1065309;62.7;52.4
13;2021-08-14;3690;6455;1280062;1071764;62.9;52.7
13;2021-08-15;482;731;1280544;1072495;62.9;52.7
13;2021-08-16;6575;11078;1287119;1083573;63.3;53.3
13;2021-08-17;6670;10610;1293789;1094183;63.6;53.8
13;2021-08-18;6336;10175;1300125;1104358;63.9;54.3
13;2021-08-19;6669;10616;1306794;1114974;64.2;54.8
13;2021-08-20;5829;11235;1312623;1126209;64.5;55.4
13;2021-08-21;2617;7567;1315240;1133776;64.6;55.7
13;2021-08-22;369;1090;1315609;1134866;64.7;55.8
13;2021-08-23;4959;11215;1320568;1146081;64.9;56.3
13;2021-08-24;5437;10913;1326005;1156994;65.2;56.9
13;2021-08-25;5181;10088;1331186;1167082;65.4;57.4
13;2021-08-26;5114;9778;1336300;1176860;65.7;57.8
13;2021-08-27;5058;10635;1341358;1187495;65.9;58.4
13;2021-08-28;2355;6460;1343713;1193955;66.0;58.7
13;2021-08-29;338;1135;1344051;1195090;66.1;58.7
13;2021-08-30;4236;9859;1348287;1204949;66.3;59.2
13;2021-08-31;4858;10113;1353145;1215062;66.5;59.7
13;2021-09-01;4304;8587;1357449;1223649;66.7;60.1
13;2021-09-02;4226;8472;1361675;1232121;66.9;60.6
13;2021-09-03;4251;9294;1365926;1241415;67.1;61.0
13;2021-09-04;2155;5559;1368081;1246974;67.2;61.3
13;2021-09-05;183;393;1368264;1247367;67.3;61.3
13;2021-09-06;3092;6712;1371356;1254079;67.4;61.6
13;2021-09-07;3203;7278;1374559;1261357;67.6;62.0
13;2021-09-08;3405;7162;1377964;1268519;67.7;62.4
13;2021-09-09;3128;6699;1381092;1275218;67.9;62.7
13;2021-09-10;3566;7750;1384658;1282968;68.1;63.1
13;2021-09-11;2285;5468;1386943;1288436;68.2;63.3
13;2021-09-12;226;333;1387169;1288769;68.2;63.3
13;2021-09-13;2469;5224;1389638;1293993;68.3;63.6
13;2021-09-14;3154;6334;1392792;1300327;68.5;63.9
13;2021-09-15;2859;5507;1395651;1305834;68.6;64.2
13;2021-09-16;2203;3889;1397854;1309723;68.7;64.4
13;2021-09-17;2310;4871;1400164;1314594;68.8;64.6
13;2021-09-18;1522;4241;1401686;1318835;68.9;64.8
13;2021-09-19;123;173;1401809;1319008;68.9;64.8
13;2021-09-20;1530;3304;1403339;1322312;69.0;65.0
13;2021-09-21;1460;2911;1404799;1325223;69.0;65.1
13;2021-09-22;1635;4541;1406434;1329764;69.1;65.4
13;2021-09-23;1598;3529;1408032;1333293;69.2;65.5
13;2021-09-24;1613;4261;1409645;1337554;69.3;65.7
13;2021-09-25;1218;3958;1410863;1341512;69.3;65.9
13;2021-09-26;86;257;1410949;1341769;69.4;66.0
13;2021-09-27;1242;3149;1412191;1344918;69.4;66.1
13;2021-09-28;1304;2626;1413495;1347544;69.5;66.2
14;2020-12-27;0;0;0;0;0.0;0.0
14;2020-12-28;1;1;1;1;0.0;0.0
14;2020-12-29;1;0;2;1;0.0;0.0
14;2020-12-30;0;0;2;1;0.0;0.0
14;2020-12-31;3;0;5;1;0.0;0.0
14;2021-01-01;1;0;6;1;0.0;0.0
14;2021-01-02;1;0;7;1;0.0;0.0
14;2021-01-03;0;0;7;1;0.0;0.0
14;2021-01-04;10;0;17;1;0.0;0.0
14;2021-01-05;24;0;41;1;0.0;0.0
14;2021-01-06;350;0;391;1;0.1;0.0
14;2021-01-07;402;2;793;3;0.1;0.0
14;2021-01-08;631;2;1424;5;0.2;0.0
14;2021-01-09;127;0;1551;5;0.2;0.0
14;2021-01-10;41;0;1592;5;0.2;0.0
14;2021-01-11;673;1;2265;6;0.3;0.0
14;2021-01-12;954;2;3219;8;0.5;0.0
14;2021-01-13;849;1;4068;9;0.6;0.0
14;2021-01-14;2839;14;6907;23;1.0;0.0
14;2021-01-15;1898;17;8805;40;1.3;0.0
14;2021-01-16;271;3;9076;43;1.3;0.0
14;2021-01-17;145;7;9221;50;1.3;0.0
14;2021-01-18;1086;5;10307;55;1.5;0.0
14;2021-01-19;1154;2;11461;57;1.7;0.0
14;2021-01-20;1988;2;13449;59;1.9;0.0
14;2021-01-21;1817;6;15266;65;2.2;0.0
14;2021-01-22;1494;5;16760;70;2.4;0.0
14;2021-01-23;297;1;17057;71;2.5;0.0
14;2021-01-24;72;0;17129;71;2.5;0.0
14;2021-01-25;911;10;18040;81;2.6;0.0
14;2021-01-26;848;35;18888;116;2.7;0.0
14;2021-01-27;884;156;19772;272;2.9;0.0
14;2021-01-28;782;103;20554;375;3.0;0.1
14;2021-01-29;786;220;21340;595;3.1;0.1
14;2021-01-30;270;11;21610;606;3.1;0.1
14;2021-01-31;58;1;21668;607;3.1;0.1
14;2021-02-01;729;219;22397;826;3.2;0.1
14;2021-02-02;830;412;23227;1238;3.4;0.2
14;2021-02-03;761;369;23988;1607;3.5;0.2
14;2021-02-04;1170;1850;25158;3457;3.6;0.5
14;2021-02-05;1296;1271;26454;4728;3.8;0.7
14;2021-02-06;396;210;26850;4938;3.9;0.7
14;2021-02-07;179;58;27029;4996;3.9;0.7
14;2021-02-08;774;677;27803;5673;4.0;0.8
14;2021-02-09;723;851;28526;6524;4.1;0.9
14;2021-02-10;825;1411;29351;7935;4.2;1.1
14;2021-02-11;1351;1339;30702;9274;4.4;1.3
14;2021-02-12;1383;961;32085;10235;4.6;1.5
14;2021-02-13;308;152;32393;10387;4.7;1.5
14;2021-02-14;84;44;32477;10431;4.7;1.5
14;2021-02-15;442;869;32919;11300;4.8;1.6
14;2021-02-16;679;708;33598;12008;4.9;1.7
14;2021-02-17;405;758;34003;12766;4.9;1.8
14;2021-02-18;706;687;34709;13453;5.0;1.9
14;2021-02-19;733;600;35442;14053;5.1;2.0
14;2021-02-20;91;209;35533;14262;5.1;2.1
14;2021-02-21;6;79;35539;14341;5.1;2.1
14;2021-02-22;432;798;35971;15139;5.2;2.2
14;2021-02-23;487;695;36458;15834;5.3;2.3
14;2021-02-24;439;689;36897;16523;5.3;2.4
14;2021-02-25;1224;978;38121;17501;5.5;2.5
14;2021-02-26;1576;1014;39697;18515;5.7;2.7
14;2021-02-27;507;226;40204;18741;5.8;2.7
14;2021-02-28;27;32;40231;18773;5.8;2.7
14;2021-03-01;522;750;40753;19523;5.9;2.8
14;2021-03-02;966;665;41719;20188;6.0;2.9
14;2021-03-03;1080;721;42799;20909;6.2;3.0
14;2021-03-04;1949;723;44748;21632;6.5;3.1
14;2021-03-05;2435;782;47183;22414;6.8;3.2
14;2021-03-06;3078;176;50261;22590;7.3;3.3
14;2021-03-07;1196;59;51457;22649;7.4;3.3
14;2021-03-08;1253;710;52710;23359;7.6;3.4
14;2021-03-09;1741;645;54451;24004;7.9;3.5
14;2021-03-10;1835;533;56286;24537;8.1;3.5
14;2021-03-11;2759;433;59045;24970;8.5;3.6
14;2021-03-12;4047;539;63092;25509;9.1;3.7
14;2021-03-13;1852;169;64944;25678;9.4;3.7
14;2021-03-14;31;38;64975;25716;9.4;3.7
14;2021-03-15;2006;142;66981;25858;9.7;3.7
14;2021-03-16;1401;264;68382;26122;9.9;3.8
14;2021-03-17;1155;194;69537;26316;10.1;3.8
14;2021-03-18;1481;295;71018;26611;10.3;3.8
14;2021-03-19;2608;260;73626;26871;10.6;3.9
14;2021-03-20;2659;41;76285;26912;11.0;3.9
14;2021-03-21;454;8;76739;26920;11.1;3.9
14;2021-03-22;1872;360;78611;27280;11.4;3.9
14;2021-03-23;2179;320;80790;27600;11.7;4.0
14;2021-03-24;2432;191;83222;27791;12.0;4.0
14;2021-03-25;3292;317;86514;28108;12.5;4.1
14;2021-03-26;4606;474;91120;28582;13.2;4.1
14;2021-03-27;2230;225;93350;28807;13.5;4.2
14;2021-03-28;36;1;93386;28808;13.5;4.2
14;2021-03-29;1614;478;95000;29286;13.7;4.2
14;2021-03-30;2722;514;97722;29800;14.1;4.3
14;2021-03-31;2326;922;100048;30722;14.5;4.4
14;2021-04-01;4174;1680;104222;32402;15.1;4.7
14;2021-04-02;3867;1266;108089;33668;15.6;4.9
14;2021-04-03;1126;1200;109215;34868;15.8;5.0
14;2021-04-04;25;482;109240;35350;15.8;5.1
14;2021-04-05;1218;324;110458;35674;16.0;5.2
14;2021-04-06;2383;996;112841;36670;16.3;5.3
14;2021-04-07;2730;1031;115571;37701;16.7;5.5
14;2021-04-08;4303;1118;119874;38819;17.3;5.6
14;2021-04-09;6030;1184;125904;40003;18.2;5.8
14;2021-04-10;2896;440;128800;40443;18.6;5.8
14;2021-04-11;629;121;129429;40564;18.7;5.9
14;2021-04-12;2915;1583;132344;42147;19.1;6.1
14;2021-04-13;3471;1442;135815;43589;19.6;6.3
14;2021-04-14;3123;1165;138938;44754;20.1;6.5
14;2021-04-15;4398;1504;143336;46258;20.7;6.7
14;2021-04-16;4598;1566;147934;47824;21.4;6.9
14;2021-04-17;2311;1668;150245;49492;21.7;7.2
14;2021-04-18;539;327;150784;49819;21.8;7.2
14;2021-04-19;2759;1684;153543;51503;22.2;7.4
14;2021-04-20;3389;1816;156932;53319;22.7;7.7
14;2021-04-21;3015;1467;159947;54786;23.1;7.9
14;2021-04-22;4229;2088;164176;56874;23.7;8.2
14;2021-04-23;4651;2302;168827;59176;24.4;8.6
14;2021-04-24;1851;1747;170678;60923;24.7;8.8
14;2021-04-25;456;29;171134;60952;24.7;8.8
14;2021-04-26;3378;1565;174512;62517;25.2;9.0
14;2021-04-27;3504;2560;178016;65077;25.7;9.4
14;2021-04-28;3245;1897;181261;66974;26.2;9.7
14;2021-04-29;4544;2307;185805;69281;26.9;10.0
14;2021-04-30;5124;2629;190929;71910;27.6;10.4
14;2021-05-01;3554;201;194483;72111;28.1;10.4
14;2021-05-02;1237;55;195720;72166;28.3;10.4
14;2021-05-03;2482;2763;198202;74929;28.7;10.8
14;2021-05-04;3128;2892;201330;77821;29.1;11.3
14;2021-05-05;3687;2742;205017;80563;29.7;11.7
14;2021-05-06;4929;3474;209946;84037;30.4;12.2
14;2021-05-07;4868;3835;214814;87872;31.1;12.7
14;2021-05-08;2728;1263;217542;89135;31.5;12.9
14;2021-05-09;1914;671;219456;89806;31.7;13.0
14;2021-05-10;3637;3145;223093;92951;32.3;13.4
14;2021-05-11;4346;3599;227439;96550;32.9;14.0
14;2021-05-12;4053;3215;231492;99765;33.5;14.4
14;2021-05-13;4688;1131;236180;100896;34.2;14.6
14;2021-05-14;6674;2626;242854;103522;35.1;15.0
14;2021-05-15;5148;778;248002;104300;35.9;15.1
14;2021-05-16;2319;120;250321;104420;36.2;15.1
14;2021-05-17;2820;2257;253141;106677;36.6;15.4
14;2021-05-18;4089;2235;257230;108912;37.2;15.8
14;2021-05-19;3752;2022;260982;110934;37.7;16.0
14;2021-05-20;4482;2765;265464;113699;38.4;16.4
14;2021-05-21;4275;3522;269739;117221;39.0;17.0
14;2021-05-22;1669;863;271408;118084;39.3;17.1
14;2021-05-23;649;71;272057;118155;39.3;17.1
14;2021-05-24;2845;751;274902;118906;39.8;17.2
14;2021-05-25;3637;3382;278539;122288;40.3;17.7
14;2021-05-26;3438;2406;281977;124694;40.8;18.0
14;2021-05-27;4771;3232;286748;127926;41.5;18.5
14;2021-05-28;5090;3864;291838;131790;42.2;19.1
14;2021-05-29;2342;2455;294180;134245;42.5;19.4
14;2021-05-30;759;237;294939;134482;42.7;19.4
14;2021-05-31;4091;2964;299030;137446;43.2;19.9
14;2021-06-01;5738;3202;304768;140648;44.1;20.3
14;2021-06-02;5024;2861;309792;143509;44.8;20.8
14;2021-06-03;6658;4017;316450;147526;45.8;21.3
14;2021-06-04;6445;5133;322895;152659;46.7;22.1
14;2021-06-05;4359;1860;327254;154519;47.3;22.3
14;2021-06-06;2043;83;329297;154602;47.6;22.4
14;2021-06-07;4253;3447;333550;158049;48.2;22.9
14;2021-06-08;5234;3128;338784;161177;49.0;23.3
14;2021-06-09;4270;2964;343054;164141;49.6;23.7
14;2021-06-10;5080;2968;348134;167109;50.3;24.2
14;2021-06-11;4840;4875;352974;171984;51.0;24.9
14;2021-06-12;3677;4519;356651;176503;51.6;25.5
14;2021-06-13;848;1089;357499;177592;51.7;25.7
14;2021-06-14;2185;3790;359684;181382;52.0;26.2
14;2021-06-15;3314;3970;362998;185352;52.5;26.8
14;2021-06-16;3446;4553;366444;189905;53.0;27.5
14;2021-06-17;4230;5264;370674;195169;53.6;28.2
14;2021-06-18;3732;6118;374406;201287;54.1;29.1
14;2021-06-19;2591;2951;376997;204238;54.5;29.5
14;2021-06-20;581;1556;377578;205794;54.6;29.8
14;2021-06-21;2121;4355;379699;210149;54.9;30.4
14;2021-06-22;2582;5179;382281;215328;55.3;31.1
14;2021-06-23;2503;4348;384784;219676;55.6;31.8
14;2021-06-24;3450;5809;388234;225485;56.1;32.6
14;2021-06-25;2751;7272;390985;232757;56.5;33.7
14;2021-06-26;2176;4539;393161;237296;56.9;34.3
14;2021-06-27;440;1828;393601;239124;56.9;34.6
14;2021-06-28;1311;3962;394912;243086;57.1;35.2
14;2021-06-29;1790;5363;396702;248449;57.4;35.9
14;2021-06-30;2024;4618;398726;253067;57.7;36.6
14;2021-07-01;2931;5066;401657;258133;58.1;37.3
14;2021-07-02;2600;6666;404257;264799;58.5;38.3
14;2021-07-03;1430;2646;405687;267445;58.7;38.7
14;2021-07-04;422;713;406109;268158;58.7;38.8
14;2021-07-05;1191;4778;407300;272936;58.9;39.5
14;2021-07-06;2090;6000;409390;278936;59.2;40.3
14;2021-07-07;2256;4577;411646;283513;59.5;41.0
14;2021-07-08;2912;5525;414558;289038;60.0;41.8
14;2021-07-09;2771;6431;417329;295469;60.4;42.7
14;2021-07-10;2038;3202;419367;298671;60.7;43.2
14;2021-07-11;900;871;420267;299542;60.8;43.3
14;2021-07-12;1634;5902;421901;305444;61.0;44.2
14;2021-07-13;3081;7338;424982;312782;61.5;45.2
14;2021-07-14;2259;3064;427241;315846;61.8;45.7
14;2021-07-15;4172;7652;431413;323498;62.4;46.8
14;2021-07-16;4709;7696;436122;331194;63.1;47.9
14;2021-07-17;2114;4211;438236;335405;63.4;48.5
14;2021-07-18;821;1869;439057;337274;63.5;48.8
14;2021-07-19;2599;6122;441656;343396;63.9;49.7
14;2021-07-20;3247;7253;444903;350649;64.3;50.7
14;2021-07-21;4105;5842;449008;356491;64.9;51.6
14;2021-07-22;4852;6602;453860;363093;65.6;52.5
14;2021-07-23;5384;6769;459244;369862;66.4;53.5
14;2021-07-24;3084;3790;462328;373652;66.9;54.0
14;2021-07-25;1504;1249;463832;374901;67.1;54.2
14;2021-07-26;4682;4186;468514;379087;67.8;54.8
14;2021-07-27;5405;4359;473919;383446;68.5;55.5
14;2021-07-28;5117;3973;479036;387419;69.3;56.0
14;2021-07-29;6446;4884;485482;392303;70.2;56.7
14;2021-07-30;5842;5169;491324;397472;71.1;57.5
14;2021-07-31;2774;2509;494098;399981;71.5;57.8
14;2021-08-01;1895;934;495993;400915;71.7;58.0
14;2021-08-02;3947;4290;499940;405205;72.3;58.6
14;2021-08-03;4482;4172;504422;409377;73.0;59.2
14;2021-08-04;4649;3536;509071;412913;73.6;59.7
14;2021-08-05;4658;4036;513729;416949;74.3;60.3
14;2021-08-06;4431;4808;518160;421757;74.9;61.0
14;2021-08-07;2133;2294;520293;424051;75.2;61.3
14;2021-08-08;638;854;520931;424905;75.3;61.5
14;2021-08-09;2129;2877;523060;427782;75.6;61.9
14;2021-08-10;3661;4171;526721;431953;76.2;62.5
14;2021-08-11;3074;3449;529795;435402;76.6;63.0
14;2021-08-12;3482;4350;533277;439752;77.1;63.6
14;2021-08-13;2638;4139;535915;443891;77.5;64.2
14;2021-08-14;1424;2009;537339;445900;77.7;64.5
14;2021-08-15;389;1484;537728;447384;77.8;64.7
14;2021-08-16;1833;2784;539561;450168;78.0;65.1
14;2021-08-17;2263;4570;541824;454738;78.4;65.8
14;2021-08-18;2063;4527;543887;459265;78.7;66.4
14;2021-08-19;2336;5086;546223;464351;79.0;67.2
14;2021-08-20;2188;5403;548411;469754;79.3;67.9
14;2021-08-21;1016;2836;549427;472590;79.5;68.3
14;2021-08-22;170;1564;549597;474154;79.5;68.6
14;2021-08-23;1269;4170;550866;478324;79.7;69.2
14;2021-08-24;1347;4302;552213;482626;79.9;69.8
14;2021-08-25;1400;4399;553613;487025;80.1;70.4
14;2021-08-26;1432;5081;555045;492106;80.3;71.2
14;2021-08-27;1468;5289;556513;497395;80.5;71.9
14;2021-08-28;734;3003;557247;500398;80.6;72.4
14;2021-08-29;185;1014;557432;501412;80.6;72.5
14;2021-08-30;1017;3629;558449;505041;80.8;73.0
14;2021-08-31;1329;4805;559778;509846;81.0;73.7
14;2021-09-01;1067;3986;560845;513832;81.1;74.3
14;2021-09-02;862;3350;561707;517182;81.2;74.8
14;2021-09-03;1178;4354;562885;521536;81.4;75.4
14;2021-09-04;663;2371;563548;523907;81.5;75.8
14;2021-09-05;126;413;563674;524320;81.5;75.8
14;2021-09-06;468;2223;564142;526543;81.6;76.2
14;2021-09-07;495;2200;564637;528743;81.7;76.5
14;2021-09-08;677;3172;565314;531915;81.8;76.9
14;2021-09-09;590;2211;565904;534126;81.8;77.2
14;2021-09-10;768;2868;566672;536994;82.0;77.7
14;2021-09-11;521;1626;567193;538620;82.0;77.9
14;2021-09-12;75;295;567268;538915;82.0;77.9
14;2021-09-13;311;1601;567579;540516;82.1;78.2
14;2021-09-14;655;1903;568234;542419;82.2;78.4
14;2021-09-15;715;1998;568949;544417;82.3;78.7
14;2021-09-16;586;1338;569535;545755;82.4;78.9
14;2021-09-17;628;1453;570163;547208;82.5;79.1
14;2021-09-18;217;969;570380;548177;82.5;79.3
14;2021-09-19;41;137;570421;548314;82.5;79.3
14;2021-09-20;331;810;570752;549124;82.5;79.4
14;2021-09-21;538;847;571290;549971;82.6;79.5
14;2021-09-22;483;1753;571773;551724;82.7;79.8
14;2021-09-23;446;783;572219;552507;82.8;79.9
14;2021-09-24;403;1308;572622;553815;82.8;80.1
14;2021-09-25;187;687;572809;554502;82.8;80.2
14;2021-09-26;41;139;572850;554641;82.8;80.2
14;2021-09-27;275;709;573125;555350;82.9;80.3
14;2021-09-28;354;671;573479;556021;82.9;80.4
15;2020-12-27;2;0;2;0;0.0;0.0
15;2020-12-28;0;0;2;0;0.0;0.0
15;2020-12-29;0;0;2;0;0.0;0.0
15;2020-12-30;0;0;2;0;0.0;0.0
15;2020-12-31;0;0;2;0;0.0;0.0
15;2021-01-01;1;0;3;0;0.0;0.0
15;2021-01-02;0;0;3;0;0.0;0.0
15;2021-01-03;0;0;3;0;0.0;0.0
15;2021-01-04;0;0;3;0;0.0;0.0
15;2021-01-05;0;0;3;0;0.0;0.0
15;2021-01-06;0;0;3;0;0.0;0.0
15;2021-01-07;72;0;75;0;0.1;0.0
15;2021-01-08;110;0;185;0;0.1;0.0
15;2021-01-09;0;0;185;0;0.1;0.0
15;2021-01-10;2;0;187;0;0.1;0.0
15;2021-01-11;99;0;286;0;0.2;0.0
15;2021-01-12;94;0;380;0;0.3;0.0
15;2021-01-13;230;0;610;0;0.4;0.0
15;2021-01-14;313;1;923;1;0.6;0.0
15;2021-01-15;138;0;1061;1;0.7;0.0
15;2021-01-16;90;0;1151;1;0.8;0.0
15;2021-01-17;0;0;1151;1;0.8;0.0
15;2021-01-18;404;2;1555;3;1.1;0.0
15;2021-01-19;550;0;2105;3;1.5;0.0
15;2021-01-20;629;1;2734;4;1.9;0.0
15;2021-01-21;576;4;3310;8;2.3;0.0
15;2021-01-22;503;1;3813;9;2.7;0.0
15;2021-01-23;432;1;4245;10;3.0;0.0
15;2021-01-24;6;0;4251;10;3.0;0.0
15;2021-01-25;401;0;4652;10;3.3;0.0
15;2021-01-26;437;0;5089;10;3.6;0.0
15;2021-01-27;736;7;5825;17;4.1;0.0
15;2021-01-28;624;51;6449;68;4.5;0.0
15;2021-01-29;336;80;6785;148;4.8;0.1
15;2021-01-30;218;3;7003;151;4.9;0.1
15;2021-01-31;1;1;7004;152;4.9;0.1
15;2021-02-01;239;81;7243;233;5.1;0.2
15;2021-02-02;189;80;7432;313;5.2;0.2
15;2021-02-03;267;145;7699;458;5.4;0.3
15;2021-02-04;663;166;8362;624;5.9;0.4
15;2021-02-05;296;200;8658;824;6.1;0.6
15;2021-02-06;98;52;8756;876;6.1;0.6
15;2021-02-07;0;0;8756;876;6.1;0.6
15;2021-02-08;233;85;8989;961;6.3;0.7
15;2021-02-09;206;105;9195;1066;6.4;0.7
15;2021-02-10;338;288;9533;1354;6.7;0.9
15;2021-02-11;117;225;9650;1579;6.8;1.1
15;2021-02-12;136;145;9786;1724;6.9;1.2
15;2021-02-13;92;76;9878;1800;6.9;1.3
15;2021-02-14;0;0;9878;1800;6.9;1.3
15;2021-02-15;64;177;9942;1977;7.0;1.4
15;2021-02-16;52;253;9994;2230;7.0;1.6
15;2021-02-17;134;383;10128;2613;7.1;1.8
15;2021-02-18;87;684;10215;3297;7.2;2.3
15;2021-02-19;90;381;10305;3678;7.2;2.6
15;2021-02-20;20;219;10325;3897;7.2;2.7
15;2021-02-21;0;0;10325;3897;7.2;2.7
15;2021-02-22;23;406;10348;4303;7.2;3.0
15;2021-02-23;180;391;10528;4694;7.4;3.3
15;2021-02-24;31;402;10559;5096;7.4;3.6
15;2021-02-25;228;830;10787;5926;7.6;4.1
15;2021-02-26;186;430;10973;6356;7.7;4.5
15;2021-02-27;145;77;11118;6433;7.8;4.5
15;2021-02-28;1;0;11119;6433;7.8;4.5
15;2021-03-01;121;196;11240;6629;7.9;4.6
15;2021-03-02;250;278;11490;6907;8.0;4.8
15;2021-03-03;207;26;11697;6933;8.2;4.9
15;2021-03-04;246;227;11943;7160;8.4;5.0
15;2021-03-05;348;164;12291;7324;8.6;5.1
15;2021-03-06;680;11;12971;7335;9.1;5.1
15;2021-03-07;81;2;13052;7337;9.1;5.1
15;2021-03-08;93;101;13145;7438;9.2;5.2
15;2021-03-09;281;269;13426;7707;9.4;5.4
15;2021-03-10;417;167;13843;7874;9.7;5.5
15;2021-03-11;434;279;14277;8153;10.0;5.7
15;2021-03-12;525;90;14802;8243;10.4;5.8
15;2021-03-13;355;7;15157;8250;10.6;5.8
15;2021-03-14;18;0;15175;8250;10.6;5.8
15;2021-03-15;542;64;15717;8314;11.0;5.8
15;2021-03-16;328;22;16045;8336;11.2;5.8
15;2021-03-17;130;53;16175;8389;11.3;5.9
15;2021-03-18;250;93;16425;8482;11.5;5.9
15;2021-03-19;669;31;17094;8513;12.0;6.0
15;2021-03-20;148;38;17242;8551;12.1;6.0
15;2021-03-21;6;0;17248;8551;12.1;6.0
15;2021-03-22;575;79;17823;8630;12.5;6.0
15;2021-03-23;776;100;18599;8730;13.0;6.1
15;2021-03-24;936;35;19535;8765;13.7;6.1
15;2021-03-25;1282;33;20817;8798;14.6;6.2
15;2021-03-26;1009;62;21826;8860;15.3;6.2
15;2021-03-27;301;7;22127;8867;15.5;6.2
15;2021-03-28;20;0;22147;8867;15.5;6.2
15;2021-03-29;782;18;22929;8885;16.1;6.2
15;2021-03-30;1135;203;24064;9088;16.9;6.4
15;2021-03-31;941;26;25005;9114;17.5;6.4
15;2021-04-01;1233;61;26238;9175;18.4;6.4
15;2021-04-02;1141;61;27379;9236;19.2;6.5
15;2021-04-03;120;18;27499;9254;19.3;6.5
15;2021-04-04;0;0;27499;9254;19.3;6.5
15;2021-04-05;33;3;27532;9257;19.3;6.5
15;2021-04-06;834;86;28366;9343;19.9;6.5
15;2021-04-07;663;108;29029;9451;20.3;6.6
15;2021-04-08;1246;150;30275;9601;21.2;6.7
15;2021-04-09;1277;105;31552;9706;22.1;6.8
15;2021-04-10;364;20;31916;9726;22.3;6.8
15;2021-04-11;14;0;31930;9726;22.4;6.8
15;2021-04-12;644;457;32574;10183;22.8;7.1
15;2021-04-13;1124;321;33698;10504;23.6;7.4
15;2021-04-14;1038;199;34736;10703;24.3;7.5
15;2021-04-15;1183;310;35919;11013;25.2;7.7
15;2021-04-16;1038;552;36957;11565;25.9;8.1
15;2021-04-17;445;14;37402;11579;26.2;8.1
15;2021-04-18;0;10;37402;11589;26.2;8.1
15;2021-04-19;537;514;37939;12103;26.6;8.5
15;2021-04-20;847;615;38786;12718;27.2;8.9
15;2021-04-21;593;651;39379;13369;27.6;9.4
15;2021-04-22;728;775;40107;14144;28.1;9.9
15;2021-04-23;730;676;40837;14820;28.6;10.4
15;2021-04-24;363;123;41200;14943;28.8;10.5
15;2021-04-25;1;3;41201;14946;28.9;10.5
15;2021-04-26;325;632;41526;15578;29.1;10.9
15;2021-04-27;467;938;41993;16516;29.4;11.6
15;2021-04-28;383;785;42376;17301;29.7;12.1
15;2021-04-29;587;1005;42963;18306;30.1;12.8
15;2021-04-30;547;1070;43510;19376;30.5;13.6
15;2021-05-01;283;30;43793;19406;30.7;13.6
15;2021-05-02;0;0;43793;19406;30.7;13.6
15;2021-05-03;881;331;44674;19737;31.3;13.8
15;2021-05-04;801;854;45475;20591;31.8;14.4
15;2021-05-05;676;680;46151;21271;32.3;14.9
15;2021-05-06;826;967;46977;22238;32.9;15.6
15;2021-05-07;1154;903;48131;23141;33.7;16.2
15;2021-05-08;491;55;48622;23196;34.0;16.2
15;2021-05-09;24;9;48646;23205;34.1;16.2
15;2021-05-10;704;910;49350;24115;34.6;16.9
15;2021-05-11;1186;1182;50536;25297;35.4;17.7
15;2021-05-12;1147;837;51683;26134;36.2;18.3
15;2021-05-13;1165;440;52848;26574;37.0;18.6
15;2021-05-14;1503;582;54351;27156;38.1;19.0
15;2021-05-15;1410;417;55761;27573;39.0;19.3
15;2021-05-16;1;10;55762;27583;39.0;19.3
15;2021-05-17;999;605;56761;28188;39.7;19.7
15;2021-05-18;1221;970;57982;29158;40.6;20.4
15;2021-05-19;1020;459;59002;29617;41.3;20.7
15;2021-05-20;1239;781;60241;30398;42.2;21.3
15;2021-05-21;1348;749;61589;31147;43.1;21.8
15;2021-05-22;527;188;62116;31335;43.5;21.9
15;2021-05-23;2;11;62118;31346;43.5;21.9
15;2021-05-24;693;257;62811;31603;44.0;22.1
15;2021-05-25;1151;620;63962;32223;44.8;22.6
15;2021-05-26;1093;459;65055;32682;45.6;22.9
15;2021-05-27;1271;660;66326;33342;46.4;23.3
15;2021-05-28;1509;883;67835;34225;47.5;24.0
15;2021-05-29;984;360;68819;34585;48.2;24.2
15;2021-05-30;14;25;68833;34610;48.2;24.2
15;2021-05-31;1200;480;70033;35090;49.0;24.6
15;2021-06-01;1398;570;71431;35660;50.0;25.0
15;2021-06-02;864;417;72295;36077;50.6;25.3
15;2021-06-03;932;701;73227;36778;51.3;25.8
15;2021-06-04;1076;713;74303;37491;52.0;26.3
15;2021-06-05;651;262;74954;37753;52.5;26.4
15;2021-06-06;16;20;74970;37773;52.5;26.4
15;2021-06-07;797;349;75767;38122;53.1;26.7
15;2021-06-08;477;394;76244;38516;53.4;27.0
15;2021-06-09;376;377;76620;38893;53.7;27.2
15;2021-06-10;276;423;76896;39316;53.8;27.5
15;2021-06-11;660;1099;77556;40415;54.3;28.3
15;2021-06-12;377;467;77933;40882;54.6;28.6
15;2021-06-13;11;6;77944;40888;54.6;28.6
15;2021-06-14;542;977;78486;41865;55.0;29.3
15;2021-06-15;450;1164;78936;43029;55.3;30.1
15;2021-06-16;543;899;79479;43928;55.7;30.8
15;2021-06-17;292;934;79771;44862;55.9;31.4
15;2021-06-18;740;1205;80511;46067;56.4;32.3
15;2021-06-19;542;704;81053;46771;56.8;32.8
15;2021-06-20;11;1;81064;46772;56.8;32.8
15;2021-06-21;279;1042;81343;47814;57.0;33.5
15;2021-06-22;232;1479;81575;49293;57.1;34.5
15;2021-06-23;346;1445;81921;50738;57.4;35.5
15;2021-06-24;291;1094;82212;51832;57.6;36.3
15;2021-06-25;379;1640;82591;53472;57.8;37.4
15;2021-06-26;164;908;82755;54380;57.9;38.1
15;2021-06-27;0;0;82755;54380;57.9;38.1
15;2021-06-28;176;1228;82931;55608;58.1;38.9
15;2021-06-29;302;1264;83233;56872;58.3;39.8
15;2021-06-30;268;981;83501;57853;58.5;40.5
15;2021-07-01;380;1220;83881;59073;58.7;41.4
15;2021-07-02;410;1348;84291;60421;59.0;42.3
15;2021-07-03;252;707;84543;61128;59.2;42.8
15;2021-07-04;1;1;84544;61129;59.2;42.8
15;2021-07-05;248;1257;84792;62386;59.4;43.7
15;2021-07-06;275;1467;85067;63853;59.6;44.7
15;2021-07-07;255;1343;85322;65196;59.7;45.7
15;2021-07-08;489;1353;85811;66549;60.1;46.6
15;2021-07-09;488;1783;86299;68332;60.4;47.8
15;2021-07-10;215;862;86514;69194;60.6;48.5
15;2021-07-11;9;5;86523;69199;60.6;48.5
15;2021-07-12;278;1484;86801;70683;60.8;49.5
15;2021-07-13;587;1775;87388;72458;61.2;50.7
15;2021-07-14;16;130;87404;72588;61.2;50.8
15;2021-07-15;1132;728;88536;73316;62.0;51.3
15;2021-07-16;1139;1336;89675;74652;62.8;52.3
15;2021-07-17;819;953;90494;75605;63.4;52.9
15;2021-07-18;0;3;90494;75608;63.4;52.9
15;2021-07-19;1074;1270;91568;76878;64.1;53.8
15;2021-07-20;1613;547;93181;77425;65.2;54.2
15;2021-07-21;1190;603;94371;78028;66.1;54.6
15;2021-07-22;894;511;95265;78539;66.7;55.0
15;2021-07-23;1341;1064;96606;79603;67.6;55.7
15;2021-07-24;628;769;97234;80372;68.1;56.3
15;2021-07-25;1;24;97235;80396;68.1;56.3
15;2021-07-26;1247;594;98482;80990;69.0;56.7
15;2021-07-27;1691;575;100173;81565;70.1;57.1
15;2021-07-28;1238;581;101411;82146;71.0;57.5
15;2021-07-29;838;399;102249;82545;71.6;57.8
15;2021-07-30;1007;1130;103256;83675;72.3;58.6
15;2021-07-31;604;637;103860;84312;72.7;59.0
15;2021-08-01;21;12;103881;84324;72.7;59.0
15;2021-08-02;1143;542;105024;84866;73.5;59.4
15;2021-08-03;1162;383;106186;85249;74.4;59.7
15;2021-08-04;788;408;106974;85657;74.9;60.0
15;2021-08-05;383;284;107357;85941;75.2;60.2
15;2021-08-06;789;1235;108146;87176;75.7;61.0
15;2021-08-07;265;1160;108411;88336;75.9;61.9
15;2021-08-08;3;6;108414;88342;75.9;61.9
15;2021-08-09;511;1164;108925;89506;76.3;62.7
15;2021-08-10;435;725;109360;90231;76.6;63.2
15;2021-08-11;411;1007;109771;91238;76.9;63.9
15;2021-08-12;520;1182;110291;92420;77.2;64.7
15;2021-08-13;682;1137;110973;93557;77.7;65.5
15;2021-08-14;179;552;111152;94109;77.8;65.9
15;2021-08-15;17;9;111169;94118;77.8;65.9
15;2021-08-16;387;1134;111556;95252;78.1;66.7
15;2021-08-17;402;1140;111958;96392;78.4;67.5
15;2021-08-18;368;803;112326;97195;78.7;68.1
15;2021-08-19;300;878;112626;98073;78.9;68.7
15;2021-08-20;601;1215;113227;99288;79.3;69.5
15;2021-08-21;218;867;113445;100155;79.4;70.1
15;2021-08-22;12;26;113457;100181;79.4;70.1
15;2021-08-23;229;611;113686;100792;79.6;70.6
15;2021-08-24;246;590;113932;101382;79.8;71.0
15;2021-08-25;155;493;114087;101875;79.9;71.3
15;2021-08-26;136;362;114223;102237;80.0;71.6
15;2021-08-27;366;1337;114589;103574;80.2;72.5
15;2021-08-28;214;857;114803;104431;80.4;73.1
15;2021-08-29;7;13;114810;104444;80.4;73.1
15;2021-08-30;225;1062;115035;105506;80.6;73.9
15;2021-08-31;403;667;115438;106173;80.8;74.3
15;2021-09-01;182;445;115620;106618;81.0;74.7
15;2021-09-02;94;276;115714;106894;81.0;74.8
15;2021-09-03;202;1007;115916;107901;81.2;75.6
15;2021-09-04;157;422;116073;108323;81.3;75.9
15;2021-09-05;0;2;116073;108325;81.3;75.9
15;2021-09-06;98;490;116171;108815;81.3;76.2
15;2021-09-07;98;230;116269;109045;81.4;76.4
15;2021-09-08;199;589;116468;109634;81.6;76.8
15;2021-09-09;102;353;116570;109987;81.6;77.0
15;2021-09-10;231;997;116801;110984;81.8;77.7
15;2021-09-11;95;365;116896;111349;81.9;78.0
15;2021-09-12;0;0;116896;111349;81.9;78.0
15;2021-09-13;102;386;116998;111735;81.9;78.2
15;2021-09-14;122;254;117120;111989;82.0;78.4
15;2021-09-15;69;247;117189;112236;82.1;78.6
15;2021-09-16;33;101;117222;112337;82.1;78.7
15;2021-09-17;265;604;117487;112941;82.3;79.1
15;2021-09-18;79;380;117566;113321;82.3;79.4
15;2021-09-19;0;0;117566;113321;82.3;79.4
15;2021-09-20;123;217;117689;113538;82.4;79.5
15;2021-09-21;41;107;117730;113645;82.4;79.6
15;2021-09-22;84;355;117814;114000;82.5;79.8
15;2021-09-23;37;108;117851;114108;82.5;79.9
15;2021-09-24;135;334;117986;114442;82.6;80.1
15;2021-09-25;42;217;118028;114659;82.6;80.3
15;2021-09-26;0;5;118028;114664;82.6;80.3
15;2021-09-27;88;132;118116;114796;82.7;80.4
15;2021-09-28;63;131;118179;114927;82.8;80.5
16;2020-12-27;0;0;0;0;0.0;0.0
16;2020-12-28;2;0;2;0;0.0;0.0
16;2020-12-29;0;0;2;0;0.0;0.0
16;2020-12-30;1;0;3;0;0.0;0.0
16;2020-12-31;0;0;3;0;0.0;0.0
16;2021-01-01;0;0;3;0;0.0;0.0
16;2021-01-02;0;0;3;0;0.0;0.0
16;2021-01-03;0;0;3;0;0.0;0.0
16;2021-01-04;1;0;4;0;0.0;0.0
16;2021-01-05;1;0;5;0;0.0;0.0
16;2021-01-06;88;0;93;0;0.0;0.0
16;2021-01-07;240;0;333;0;0.1;0.0
16;2021-01-08;465;2;798;2;0.2;0.0
16;2021-01-09;1;0;799;2;0.2;0.0
16;2021-01-10;1;0;800;2;0.2;0.0
16;2021-01-11;304;0;1104;2;0.3;0.0
16;2021-01-12;437;1;1541;3;0.4;0.0
16;2021-01-13;480;0;2021;3;0.6;0.0
16;2021-01-14;601;6;2622;9;0.8;0.0
16;2021-01-15;504;3;3126;12;0.9;0.0
16;2021-01-16;0;0;3126;12;0.9;0.0
16;2021-01-17;0;0;3126;12;0.9;0.0
16;2021-01-18;432;2;3558;14;1.0;0.0
16;2021-01-19;835;2;4393;16;1.3;0.0
16;2021-01-20;1187;2;5580;18;1.6;0.0
16;2021-01-21;1383;3;6963;21;2.0;0.0
16;2021-01-22;1115;0;8078;21;2.3;0.0
16;2021-01-23;183;0;8261;21;2.4;0.0
16;2021-01-24;0;0;8261;21;2.4;0.0
16;2021-01-25;641;2;8902;23;2.6;0.0
16;2021-01-26;1025;1;9927;24;2.9;0.0
16;2021-01-27;1406;105;11333;129;3.3;0.0
16;2021-01-28;1276;53;12609;182;3.6;0.1
16;2021-01-29;742;125;13351;307;3.8;0.1
16;2021-01-30;36;0;13387;307;3.8;0.1
16;2021-01-31;0;0;13387;307;3.8;0.1
16;2021-02-01;394;197;13781;504;4.0;0.1
16;2021-02-02;576;161;14357;665;4.1;0.2
16;2021-02-03;621;342;14978;1007;4.3;0.3
16;2021-02-04;464;254;15442;1261;4.4;0.4
16;2021-02-05;505;261;15947;1522;4.6;0.4
16;2021-02-06;3;80;15950;1602;4.6;0.5
16;2021-02-07;41;3;15991;1605;4.6;0.5
16;2021-02-08;356;188;16347;1793;4.7;0.5
16;2021-02-09;650;248;16997;2041;4.9;0.6
16;2021-02-10;693;597;17690;2638;5.1;0.8
16;2021-02-11;802;515;18492;3153;5.3;0.9
16;2021-02-12;622;792;19114;3945;5.5;1.1
16;2021-02-13;43;77;19157;4022;5.5;1.2
16;2021-02-14;2;5;19159;4027;5.5;1.2
16;2021-02-15;217;570;19376;4597;5.6;1.3
16;2021-02-16;373;791;19749;5388;5.7;1.5
16;2021-02-17;346;1155;20095;6543;5.8;1.9
16;2021-02-18;511;1047;20606;7590;5.9;2.2
16;2021-02-19;389;637;20995;8227;6.0;2.4
16;2021-02-20;2;8;20997;8235;6.0;2.4
16;2021-02-21;2;0;20999;8235;6.0;2.4
16;2021-02-22;136;407;21135;8642;6.1;2.5
16;2021-02-23;206;677;21341;9319;6.1;2.7
16;2021-02-24;277;770;21618;10089;6.2;2.9
16;2021-02-25;395;528;22013;10617;6.3;3.0
16;2021-02-26;479;423;22492;11040;6.5;3.2
16;2021-02-27;249;1;22741;11041;6.5;3.2
16;2021-02-28;5;1;22746;11042;6.5;3.2
16;2021-03-01;152;237;22898;11279;6.6;3.2
16;2021-03-02;271;513;23169;11792;6.7;3.4
16;2021-03-03;391;622;23560;12414;6.8;3.6
16;2021-03-04;803;509;24363;12923;7.0;3.7
16;2021-03-05;1143;489;25506;13412;7.3;3.9
16;2021-03-06;753;13;26259;13425;7.5;3.9
16;2021-03-07;94;18;26353;13443;7.6;3.9
16;2021-03-08;437;272;26790;13715;7.7;3.9
16;2021-03-09;774;554;27564;14269;7.9;4.1
16;2021-03-10;606;593;28170;14862;8.1;4.3
16;2021-03-11;1447;506;29617;15368;8.5;4.4
16;2021-03-12;1164;422;30781;15790;8.8;4.5
16;2021-03-13;765;15;31546;15805;9.1;4.5
16;2021-03-14;1;0;31547;15805;9.1;4.5
16;2021-03-15;462;171;32009;15976;9.2;4.6
16;2021-03-16;860;401;32869;16377;9.4;4.7
16;2021-03-17;590;280;33459;16657;9.6;4.8
16;2021-03-18;1033;267;34492;16924;9.9;4.9
16;2021-03-19;1103;232;35595;17156;10.2;4.9
16;2021-03-20;396;5;35991;17161;10.3;4.9
16;2021-03-21;9;0;36000;17161;10.3;4.9
16;2021-03-22;728;96;36728;17257;10.5;5.0
16;2021-03-23;1464;101;38192;17358;11.0;5.0
16;2021-03-24;1123;182;39315;17540;11.3;5.0
16;2021-03-25;2047;87;41362;17627;11.9;5.1
16;2021-03-26;1916;98;43278;17725;12.4;5.1
16;2021-03-27;432;21;43710;17746;12.6;5.1
16;2021-03-28;0;0;43710;17746;12.6;5.1
16;2021-03-29;923;60;44633;17806;12.8;5.1
16;2021-03-30;1883;175;46516;17981;13.4;5.2
16;2021-03-31;1513;134;48029;18115;13.8;5.2
16;2021-04-01;2009;398;50038;18513;14.4;5.3
16;2021-04-02;1442;378;51480;18891;14.8;5.4
16;2021-04-03;288;5;51768;18896;14.9;5.4
16;2021-04-04;1;0;51769;18896;14.9;5.4
16;2021-04-05;2;0;51771;18896;14.9;5.4
16;2021-04-06;2013;546;53784;19442;15.4;5.6
16;2021-04-07;1954;404;55738;19846;16.0;5.7
16;2021-04-08;2824;583;58562;20429;16.8;5.9
16;2021-04-09;2695;552;61257;20981;17.6;6.0
16;2021-04-10;1290;37;62547;21018;18.0;6.0
16;2021-04-11;2;0;62549;21018;18.0;6.0
16;2021-04-12;1431;316;63980;21334;18.4;6.1
16;2021-04-13;2124;838;66104;22172;19.0;6.4
16;2021-04-14;1951;630;68055;22802;19.5;6.5
16;2021-04-15;2102;979;70157;23781;20.1;6.8
16;2021-04-16;2043;786;72200;24567;20.7;7.1
16;2021-04-17;1507;92;73707;24659;21.2;7.1
16;2021-04-18;197;3;73904;24662;21.2;7.1
16;2021-04-19;1440;523;75344;25185;21.6;7.2
16;2021-04-20;2053;1231;77397;26416;22.2;7.6
16;2021-04-21;1776;750;79173;27166;22.7;7.8
16;2021-04-22;2290;1006;81463;28172;23.4;8.1
16;2021-04-23;2362;1167;83825;29339;24.1;8.4
16;2021-04-24;829;38;84654;29377;24.3;8.4
16;2021-04-25;117;5;84771;29382;24.3;8.4
16;2021-04-26;1400;808;86171;30190;24.7;8.7
16;2021-04-27;2055;1410;88226;31600;25.3;9.1
16;2021-04-28;1592;1124;89818;32724;25.8;9.4
16;2021-04-29;2250;1483;92068;34207;26.4;9.8
16;2021-04-30;2856;1338;94924;35545;27.3;10.2
16;2021-05-01;353;60;95277;35605;27.4;10.2
16;2021-05-02;155;13;95432;35618;27.4;10.2
16;2021-05-03;2610;528;98042;36146;28.2;10.4
16;2021-05-04;2057;2040;100099;38186;28.7;11.0
16;2021-05-05;1688;1826;101787;40012;29.2;11.5
16;2021-05-06;1886;2236;103673;42248;29.8;12.1
16;2021-05-07;3071;2115;106744;44363;30.7;12.7
16;2021-05-08;1197;466;107941;44829;31.0;12.9
16;2021-05-09;530;27;108471;44856;31.2;12.9
16;2021-05-10;1930;1623;110401;46479;31.7;13.3
16;2021-05-11;2354;1959;112755;48438;32.4;13.9
16;2021-05-12;1734;1792;114489;50230;32.9;14.4
16;2021-05-13;1461;354;115950;50584;33.3;14.5
16;2021-05-14;1988;1551;117938;52135;33.9;15.0
16;2021-05-15;596;895;118534;53030;34.0;15.2
16;2021-05-16;132;6;118666;53036;34.1;15.2
16;2021-05-17;1609;1285;120275;54321;34.5;15.6
16;2021-05-18;2756;1422;123031;55743;35.3;16.0
16;2021-05-19;2007;1241;125038;56984;35.9;16.4
16;2021-05-20;2832;1389;127870;58373;36.7;16.8
16;2021-05-21;2943;1388;130813;59761;37.6;17.2
16;2021-05-22;411;711;131224;60472;37.7;17.4
16;2021-05-23;210;11;131434;60483;37.7;17.4
16;2021-05-24;1262;234;132696;60717;38.1;17.4
16;2021-05-25;2759;1461;135455;62178;38.9;17.9
16;2021-05-26;1835;1185;137290;63363;39.4;18.2
16;2021-05-27;2416;1582;139706;64945;40.1;18.7
16;2021-05-28;2899;1556;142605;66501;41.0;19.1
16;2021-05-29;814;883;143419;67384;41.2;19.4
16;2021-05-30;1;4;143420;67388;41.2;19.4
16;2021-05-31;1984;1099;145404;68487;41.8;19.7
16;2021-06-01;2344;1703;147748;70190;42.4;20.2
16;2021-06-02;1820;1502;149568;71692;43.0;20.6
16;2021-06-03;2622;1758;152190;73450;43.7;21.1
16;2021-06-04;2833;2028;155023;75478;44.5;21.7
16;2021-06-05;1006;546;156029;76024;44.8;21.8
16;2021-06-06;161;29;156190;76053;44.9;21.8
16;2021-06-07;1991;1281;158181;77334;45.4;22.2
16;2021-06-08;2394;1991;160575;79325;46.1;22.8
16;2021-06-09;2528;1616;163103;80941;46.8;23.2
16;2021-06-10;2569;1996;165672;82937;47.6;23.8
16;2021-06-11;2152;2730;167824;85667;48.2;24.6
16;2021-06-12;1613;517;169437;86184;48.7;24.8
16;2021-06-13;260;72;169697;86256;48.7;24.8
16;2021-06-14;798;2795;170495;89051;49.0;25.6
16;2021-06-15;1866;2623;172361;91674;49.5;26.3
16;2021-06-16;1575;2085;173936;93759;50.0;26.9
16;2021-06-17;2040;2496;175976;96255;50.5;27.6
16;2021-06-18;2060;3214;178036;99469;51.1;28.6
16;2021-06-19;1352;1311;179388;100780;51.5;28.9
16;2021-06-20;243;28;179631;100808;51.6;29.0
16;2021-06-21;1411;2166;181042;102974;52.0;29.6
16;2021-06-22;1675;2943;182717;105917;52.5;30.4
16;2021-06-23;1562;2015;184279;107932;52.9;31.0
16;2021-06-24;1928;2167;186207;110099;53.5;31.6
16;2021-06-25;1984;2726;188191;112825;54.0;32.4
16;2021-06-26;1060;725;189251;113550;54.4;32.6
16;2021-06-27;132;25;189383;113575;54.4;32.6
16;2021-06-28;1164;1962;190547;115537;54.7;33.2
16;2021-06-29;1282;3359;191829;118896;55.1;34.1
16;2021-06-30;1337;2713;193166;121609;55.5;34.9
16;2021-07-01;1866;3153;195032;124762;56.0;35.8
16;2021-07-02;1423;3578;196455;128340;56.4;36.9
16;2021-07-03;696;1108;197151;129448;56.6;37.2
16;2021-07-04;3;15;197154;129463;56.6;37.2
16;2021-07-05;815;2297;197969;131760;56.9;37.8
16;2021-07-06;1278;3363;199247;135123;57.2;38.8
16;2021-07-07;871;2275;200118;137398;57.5;39.5
16;2021-07-08;1234;2732;201352;140130;57.8;40.2
16;2021-07-09;1112;3706;202464;143836;58.1;41.3
16;2021-07-10;338;1337;202802;145173;58.2;41.7
16;2021-07-11;2;13;202804;145186;58.2;41.7
16;2021-07-12;634;2432;203438;147618;58.4;42.4
16;2021-07-13;1385;3527;204823;151145;58.8;43.4
16;2021-07-14;797;877;205620;152022;59.1;43.7
16;2021-07-15;1249;3406;206869;155428;59.4;44.6
16;2021-07-16;1498;3377;208367;158805;59.8;45.6
16;2021-07-17;539;1188;208906;159993;60.0;46.0
16;2021-07-18;14;6;208920;159999;60.0;46.0
16;2021-07-19;618;2851;209538;162850;60.2;46.8
16;2021-07-20;1125;3281;210663;166131;60.5;47.7
16;2021-07-21;1117;2619;211780;168750;60.8;48.5
16;2021-07-22;1871;2853;213651;171603;61.4;49.3
16;2021-07-23;1552;3544;215203;175147;61.8;50.3
16;2021-07-24;639;1206;215842;176353;62.0;50.6
16;2021-07-25;11;11;215853;176364;62.0;50.7
16;2021-07-26;1529;2128;217382;178492;62.4;51.3
16;2021-07-27;1865;2819;219247;181311;63.0;52.1
16;2021-07-28;1863;2307;221110;183618;63.5;52.7
16;2021-07-29;2240;2472;223350;186090;64.1;53.4
16;2021-07-30;2355;3103;225705;189193;64.8;54.3
16;2021-07-31;960;1353;226665;190546;65.1;54.7
16;2021-08-01;192;22;226857;190568;65.2;54.7
16;2021-08-02;2121;1826;228978;192394;65.8;55.3
16;2021-08-03;2121;2324;231099;194718;66.4;55.9
16;2021-08-04;2121;1886;233220;196604;67.0;56.5
16;2021-08-05;2775;1654;235995;198258;67.8;56.9
16;2021-08-06;2511;2365;238506;200623;68.5;57.6
16;2021-08-07;828;559;239334;201182;68.7;57.8
16;2021-08-08;36;33;239370;201215;68.7;57.8
16;2021-08-09;2181;1060;241551;202275;69.4;58.1
16;2021-08-10;2887;1584;244438;203859;70.2;58.5
16;2021-08-11;2603;1232;247041;205091;71.0;58.9
16;2021-08-12;2012;1734;249053;206825;71.5;59.4
16;2021-08-13;2686;1466;251739;208291;72.3;59.8
16;2021-08-14;757;455;252496;208746;72.5;60.0
16;2021-08-15;29;4;252525;208750;72.5;60.0
16;2021-08-16;1339;1581;253864;210331;72.9;60.4
16;2021-08-17;1835;1628;255699;211959;73.4;60.9
16;2021-08-18;1591;1471;257290;213430;73.9;61.3
16;2021-08-19;1517;1777;258807;215207;74.3;61.8
16;2021-08-20;1601;1902;260408;217109;74.8;62.4
16;2021-08-21;564;827;260972;217936;75.0;62.6
16;2021-08-22;4;5;260976;217941;75.0;62.6
16;2021-08-23;993;2064;261969;220005;75.2;63.2
16;2021-08-24;1039;2375;263008;222380;75.5;63.9
16;2021-08-25;886;1780;263894;224160;75.8;64.4
16;2021-08-26;876;2531;264770;226691;76.0;65.1
16;2021-08-27;854;2408;265624;229099;76.3;65.8
16;2021-08-28;260;771;265884;229870;76.4;66.0
16;2021-08-29;2;15;265886;229885;76.4;66.0
16;2021-08-30;638;2396;266524;232281;76.5;66.7
16;2021-08-31;667;2632;267191;234913;76.7;67.5
16;2021-09-01;468;2544;267659;237457;76.9;68.2
16;2021-09-02;542;2366;268201;239823;77.0;68.9
16;2021-09-03;540;2812;268741;242635;77.2;69.7
16;2021-09-04;361;965;269102;243600;77.3;70.0
16;2021-09-05;5;29;269107;243629;77.3;70.0
16;2021-09-06;317;1760;269424;245389;77.4;70.5
16;2021-09-07;353;1989;269777;247378;77.5;71.0
16;2021-09-08;389;2214;270166;249592;77.6;71.7
16;2021-09-09;344;1710;270510;251302;77.7;72.2
16;2021-09-10;441;2099;270951;253401;77.8;72.8
16;2021-09-11;185;847;271136;254248;77.9;73.0
16;2021-09-12;6;23;271142;254271;77.9;73.0
16;2021-09-13;256;1350;271398;255621;77.9;73.4
16;2021-09-14;368;1441;271766;257062;78.1;73.8
16;2021-09-15;348;1347;272114;258409;78.2;74.2
16;2021-09-16;303;887;272417;259296;78.2;74.5
16;2021-09-17;498;1374;272915;260670;78.4;74.9
16;2021-09-18;101;535;273016;261205;78.4;75.0
16;2021-09-19;0;9;273016;261214;78.4;75.0
16;2021-09-20;191;720;273207;261934;78.5;75.2
16;2021-09-21;183;673;273390;262607;78.5;75.4
16;2021-09-22;187;990;273577;263597;78.6;75.7
16;2021-09-23;170;558;273747;264155;78.6;75.9
16;2021-09-24;337;1049;274084;265204;78.7;76.2
16;2021-09-25;64;439;274148;265643;78.7;76.3
16;2021-09-26;1;6;274149;265649;78.7;76.3
16;2021-09-27;191;580;274340;266229;78.8;76.5
16;2021-09-28;145;536;274485;266765;78.8;76.6
17;2020-12-27;0;0;0;0;0.0;0.0
17;2020-12-28;0;0;0;0;0.0;0.0
17;2020-12-29;0;0;0;0;0.0;0.0
17;2020-12-30;1;0;1;0;0.0;0.0
17;2020-12-31;0;0;1;0;0.0;0.0
17;2021-01-01;1;0;2;0;0.0;0.0
17;2021-01-02;1;0;3;0;0.0;0.0
17;2021-01-03;0;0;3;0;0.0;0.0
17;2021-01-04;56;0;59;0;0.0;0.0
17;2021-01-05;98;0;157;0;0.0;0.0
17;2021-01-06;132;0;289;0;0.0;0.0
17;2021-01-07;485;1;774;1;0.1;0.0
17;2021-01-08;418;0;1192;1;0.2;0.0
17;2021-01-09;0;0;1192;1;0.2;0.0
17;2021-01-10;1;0;1193;1;0.2;0.0
17;2021-01-11;381;1;1574;2;0.2;0.0
17;2021-01-12;751;1;2325;3;0.4;0.0
17;2021-01-13;654;2;2979;5;0.5;0.0
17;2021-01-14;616;8;3595;13;0.6;0.0
17;2021-01-15;681;1;4276;14;0.7;0.0
17;2021-01-16;129;2;4405;16;0.7;0.0
17;2021-01-17;19;0;4424;16;0.7;0.0
17;2021-01-18;887;2;5311;18;0.8;0.0
17;2021-01-19;1910;3;7221;21;1.1;0.0
17;2021-01-20;2396;2;9617;23;1.5;0.0
17;2021-01-21;2500;3;12117;26;1.9;0.0
17;2021-01-22;1892;6;14009;32;2.2;0.0
17;2021-01-23;738;1;14747;33;2.3;0.0
17;2021-01-24;50;0;14797;33;2.3;0.0
17;2021-01-25;1383;5;16180;38;2.5;0.0
17;2021-01-26;2110;2;18290;40;2.8;0.0
17;2021-01-27;1676;32;19966;72;3.1;0.0
17;2021-01-28;2476;218;22442;290;3.5;0.0
17;2021-01-29;1739;157;24181;447;3.7;0.1
17;2021-01-30;528;3;24709;450;3.8;0.1
17;2021-01-31;37;2;24746;452;3.8;0.1
17;2021-02-01;740;186;25486;638;3.9;0.1
17;2021-02-02;1202;320;26688;958;4.1;0.1
17;2021-02-03;1297;375;27985;1333;4.3;0.2
17;2021-02-04;1162;436;29147;1769;4.5;0.3
17;2021-02-05;603;695;29750;2464;4.6;0.4
17;2021-02-06;24;39;29774;2503;4.6;0.4
17;2021-02-07;31;13;29805;2516;4.6;0.4
17;2021-02-08;706;348;30511;2864;4.7;0.4
17;2021-02-09;1101;1082;31612;3946;4.9;0.6
17;2021-02-10;866;1219;32478;5165;5.0;0.8
17;2021-02-11;1241;1296;33719;6461;5.2;1.0
17;2021-02-12;773;881;34492;7342;5.3;1.1
17;2021-02-13;43;93;34535;7435;5.3;1.1
17;2021-02-14;1;10;34536;7445;5.3;1.2
17;2021-02-15;621;925;35157;8370;5.4;1.3
17;2021-02-16;751;1431;35908;9801;5.5;1.5
17;2021-02-17;795;1000;36703;10801;5.7;1.7
17;2021-02-18;965;1714;37668;12515;5.8;1.9
17;2021-02-19;1069;1249;38737;13764;6.0;2.1
17;2021-02-20;105;258;38842;14022;6.0;2.2
17;2021-02-21;9;2;38851;14024;6.0;2.2
17;2021-02-22;648;1246;39499;15270;6.1;2.4
17;2021-02-23;782;1216;40281;16486;6.2;2.5
17;2021-02-24;1080;1291;41361;17777;6.4;2.7
17;2021-02-25;1087;1458;42448;19235;6.6;3.0
17;2021-02-26;1307;1046;43755;20281;6.8;3.1
17;2021-02-27;527;212;44282;20493;6.8;3.2
17;2021-02-28;19;9;44301;20502;6.8;3.2
17;2021-03-01;638;868;44939;21370;6.9;3.3
17;2021-03-02;1095;740;46034;22110;7.1;3.4
17;2021-03-03;1618;684;47652;22794;7.4;3.5
17;2021-03-04;2425;1010;50077;23804;7.7;3.7
17;2021-03-05;2662;566;52739;24370;8.2;3.8
17;2021-03-06;1027;28;53766;24398;8.3;3.8
17;2021-03-07;183;17;53949;24415;8.3;3.8
17;2021-03-08;1018;748;54967;25163;8.5;3.9
17;2021-03-09;1745;520;56712;25683;8.8;4.0
17;2021-03-10;2047;592;58759;26275;9.1;4.1
17;2021-03-11;3227;921;61986;27196;9.6;4.2
17;2021-03-12;3356;567;65342;27763;10.1;4.3
17;2021-03-13;1202;11;66544;27774;10.3;4.3
17;2021-03-14;33;0;66577;27774;10.3;4.3
17;2021-03-15;1243;961;67820;28735;10.5;4.4
17;2021-03-16;892;517;68712;29252;10.6;4.5
17;2021-03-17;1460;689;70172;29941;10.8;4.6
17;2021-03-18;1683;757;71855;30698;11.1;4.7
17;2021-03-19;2096;535;73951;31233;11.4;4.8
17;2021-03-20;1086;57;75037;31290;11.6;4.8
17;2021-03-21;37;41;75074;31331;11.6;4.8
17;2021-03-22;1577;682;76651;32013;11.8;4.9
17;2021-03-23;2491;573;79142;32586;12.2;5.0
17;2021-03-24;3545;842;82687;33428;12.8;5.2
17;2021-03-25;4713;639;87400;34067;13.5;5.3
17;2021-03-26;4943;468;92343;34535;14.3;5.3
17;2021-03-27;1737;68;94080;34603;14.5;5.3
17;2021-03-28;369;45;94449;34648;14.6;5.4
17;2021-03-29;2361;566;96810;35214;15.0;5.4
17;2021-03-30;2654;976;99464;36190;15.4;5.6
17;2021-03-31;3843;899;103307;37089;16.0;5.7
17;2021-04-01;4012;1157;107319;38246;16.6;5.9
17;2021-04-02;3710;831;111029;39077;17.2;6.0
17;2021-04-03;1152;187;112181;39264;17.3;6.1
17;2021-04-04;501;6;112682;39270;17.4;6.1
17;2021-04-05;445;128;113127;39398;17.5;6.1
17;2021-04-06;3480;1025;116607;40423;18.0;6.2
17;2021-04-07;4131;1148;120738;41571;18.7;6.4
17;2021-04-08;4567;1476;125305;43047;19.4;6.7
17;2021-04-09;6499;842;131804;43889;20.4;6.8
17;2021-04-10;2582;68;134386;43957;20.8;6.8
17;2021-04-11;790;16;135176;43973;20.9;6.8
17;2021-04-12;2889;1610;138065;45583;21.3;7.0
17;2021-04-13;4152;1281;142217;46864;22.0;7.2
17;2021-04-14;4419;1204;146636;48068;22.7;7.4
17;2021-04-15;4599;1134;151235;49202;23.4;7.6
17;2021-04-16;4298;1153;155533;50355;24.0;7.8
17;2021-04-17;1682;382;157215;50737;24.3;7.8
17;2021-04-18;471;81;157686;50818;24.4;7.9
17;2021-04-19;2336;2053;160022;52871;24.7;8.2
17;2021-04-20;2927;2547;162949;55418;25.2;8.6
17;2021-04-21;2974;1940;165923;57358;25.6;8.9
17;2021-04-22;3122;2355;169045;59713;26.1;9.2
17;2021-04-23;2446;2723;171491;62436;26.5;9.6
17;2021-04-24;1669;923;173160;63359;26.8;9.8
17;2021-04-25;664;244;173824;63603;26.9;9.8
17;2021-04-26;2578;2610;176402;66213;27.3;10.2
17;2021-04-27;3150;2658;179552;68871;27.7;10.6
17;2021-04-28;3102;2915;182654;71786;28.2;11.1
17;2021-04-29;4149;2835;186803;74621;28.9;11.5
17;2021-04-30;4355;2620;191158;77241;29.5;11.9
17;2021-05-01;849;539;192007;77780;29.7;12.0
17;2021-05-02;553;837;192560;78617;29.8;12.1
17;2021-05-03;2546;2953;195106;81570;30.2;12.6
17;2021-05-04;2316;3710;197422;85280;30.5;13.2
17;2021-05-05;2907;3697;200329;88977;31.0;13.8
17;2021-05-06;4120;3391;204449;92368;31.6;14.3
17;2021-05-07;4359;3618;208808;95986;32.3;14.8
17;2021-05-08;1306;751;210114;96737;32.5;14.9
17;2021-05-09;1311;705;211425;97442;32.7;15.1
17;2021-05-10;2726;3674;214151;101116;33.1;15.6
17;2021-05-11;3500;3986;217651;105102;33.6;16.2
17;2021-05-12;3529;3797;221180;108899;34.2;16.8
17;2021-05-13;2543;693;223723;109592;34.6;16.9
17;2021-05-14;3031;2392;226754;111984;35.0;17.3
17;2021-05-15;2127;654;228881;112638;35.4;17.4
17;2021-05-16;1733;316;230614;112954;35.6;17.5
17;2021-05-17;4288;1997;234902;114951;36.3;17.8
17;2021-05-18;4745;1629;239647;116580;37.0;18.0
17;2021-05-19;5070;1281;244717;117861;37.8;18.2
17;2021-05-20;4940;1935;249657;119796;38.6;18.5
17;2021-05-21;4994;1942;254651;121738;39.4;18.8
17;2021-05-22;2391;529;257042;122267;39.7;18.9
17;2021-05-23;1900;128;258942;122395;40.0;18.9
17;2021-05-24;1426;210;260368;122605;40.2;18.9
17;2021-05-25;4031;1767;264399;124372;40.9;19.2
17;2021-05-26;4368;2035;268767;126407;41.5;19.5
17;2021-05-27;5211;2136;273978;128543;42.3;19.9
17;2021-05-28;4467;3412;278445;131955;43.0;20.4
17;2021-05-29;1559;1696;280004;133651;43.3;20.7
17;2021-05-30;857;410;280861;134061;43.4;20.7
17;2021-05-31;2946;2997;283807;137058;43.9;21.2
17;2021-06-01;4296;2915;288103;139973;44.5;21.6
17;2021-06-02;4203;3167;292306;143140;45.2;22.1
17;2021-06-03;5057;3144;297363;146284;46.0;22.6
17;2021-06-04;4513;3849;301876;150133;46.7;23.2
17;2021-06-05;1991;1594;303867;151727;47.0;23.4
17;2021-06-06;852;734;304719;152461;47.1;23.6
17;2021-06-07;3137;4339;307856;156800;47.6;24.2
17;2021-06-08;3790;4493;311646;161293;48.2;24.9
17;2021-06-09;4344;3048;315990;164341;48.8;25.4
17;2021-06-10;4927;2782;320917;167123;49.6;25.8
17;2021-06-11;4793;3679;325710;170802;50.3;26.4
17;2021-06-12;1813;1387;327523;172189;50.6;26.6
17;2021-06-13;612;415;328135;172604;50.7;26.7
17;2021-06-14;2834;4533;330969;177137;51.1;27.4
17;2021-06-15;3624;4368;334593;181505;51.7;28.0
17;2021-06-16;4127;3692;338720;185197;52.3;28.6
17;2021-06-17;4367;4110;343087;189307;53.0;29.3
17;2021-06-18;4059;4435;347146;193742;53.6;29.9
17;2021-06-19;1450;1975;348596;195717;53.9;30.2
17;2021-06-20;595;1036;349191;196753;54.0;30.4
17;2021-06-21;2559;4369;351750;201122;54.4;31.1
17;2021-06-22;3530;4450;355280;205572;54.9;31.8
17;2021-06-23;3795;3994;359075;209566;55.5;32.4
17;2021-06-24;3599;3952;362674;213518;56.0;33.0
17;2021-06-25;2718;4984;365392;218502;56.5;33.8
17;2021-06-26;905;2333;366297;220835;56.6;34.1
17;2021-06-27;397;1903;366694;222738;56.7;34.4
17;2021-06-28;1523;5414;368217;228152;56.9;35.3
17;2021-06-29;1684;5889;369901;234041;57.2;36.2
17;2021-06-30;2029;5545;371930;239586;57.5;37.0
17;2021-07-01;2267;5560;374197;245146;57.8;37.9
17;2021-07-02;2485;5979;376682;251125;58.2;38.8
17;2021-07-03;627;2533;377309;253658;58.3;39.2
17;2021-07-04;155;1250;377464;254908;58.3;39.4
17;2021-07-05;1887;5176;379351;260084;58.6;40.2
17;2021-07-06;2130;5595;381481;265679;59.0;41.1
17;2021-07-07;2406;5496;383887;271175;59.3;41.9
17;2021-07-08;2915;5442;386802;276617;59.8;42.7
17;2021-07-09;2526;6073;389328;282690;60.2;43.7
17;2021-07-10;826;2469;390154;285159;60.3;44.1
17;2021-07-11;379;906;390533;286065;60.4;44.2
17;2021-07-12;2002;5617;392535;291682;60.7;45.1
17;2021-07-13;2372;6717;394907;298399;61.0;46.1
17;2021-07-14;71;71;394978;298470;61.0;46.1
17;2021-07-15;2190;6861;397168;305331;61.4;47.2
17;2021-07-16;2777;6964;399945;312295;61.8;48.3
17;2021-07-17;1051;2271;400996;314566;62.0;48.6
17;2021-07-18;312;1036;401308;315602;62.0;48.8
17;2021-07-19;2635;5904;403943;321506;62.4;49.7
17;2021-07-20;3314;6312;407257;327818;62.9;50.7
17;2021-07-21;3802;6023;411059;333841;63.5;51.6
17;2021-07-22;4248;6264;415307;340105;64.2;52.6
17;2021-07-23;3904;6562;419211;346667;64.8;53.6
17;2021-07-24;2067;1389;421278;348056;65.1;53.8
17;2021-07-25;1040;416;422318;348472;65.3;53.9
17;2021-07-26;3735;5425;426053;353897;65.8;54.7
17;2021-07-27;4728;5438;430781;359335;66.6;55.5
17;2021-07-28;5215;5161;435996;364496;67.4;56.3
17;2021-07-29;5166;5339;441162;369835;68.2;57.2
17;2021-07-30;5510;5573;446672;375408;69.0;58.0
17;2021-07-31;2116;1213;448788;376621;69.4;58.2
17;2021-08-01;1095;359;449883;376980;69.5;58.3
17;2021-08-02;4620;4391;454503;381371;70.2;58.9
17;2021-08-03;5761;4160;460264;385531;71.1;59.6
17;2021-08-04;6201;3379;466465;388910;72.1;60.1
17;2021-08-05;6390;3148;472855;392058;73.1;60.6
17;2021-08-06;5888;3600;478743;395658;74.0;61.1
17;2021-08-07;1991;867;480734;396525;74.3;61.3
17;2021-08-08;978;219;481712;396744;74.4;61.3
17;2021-08-09;3920;3689;485632;400433;75.0;61.9
17;2021-08-10;5086;3486;490718;403919;75.8;62.4
17;2021-08-11;4918;3811;495636;407730;76.6;63.0
17;2021-08-12;4895;3956;500531;411686;77.4;63.6
17;2021-08-13;4520;4142;505051;415828;78.1;64.3
17;2021-08-14;1239;1383;506290;417211;78.2;64.5
17;2021-08-15;407;375;506697;417586;78.3;64.5
17;2021-08-16;2852;4062;509549;421648;78.7;65.2
17;2021-08-17;3052;4288;512601;425936;79.2;65.8
17;2021-08-18;2622;4553;515223;430489;79.6;66.5
17;2021-08-19;2732;4372;517955;434861;80.0;67.2
17;2021-08-20;2496;5023;520451;439884;80.4;68.0
17;2021-08-21;684;1355;521135;441239;80.5;68.2
17;2021-08-22;217;458;521352;441697;80.6;68.3
17;2021-08-23;1988;4954;523340;446651;80.9;69.0
17;2021-08-24;1941;5091;525281;451742;81.2;69.8
17;2021-08-25;1658;5505;526939;457247;81.4;70.7
17;2021-08-26;1602;5761;528541;463008;81.7;71.6
17;2021-08-27;1550;5954;530091;468962;81.9;72.5
17;2021-08-28;521;1455;530612;470417;82.0;72.7
17;2021-08-29;87;575;530699;470992;82.0;72.8
17;2021-08-30;1433;5106;532132;476098;82.2;73.6
17;2021-08-31;1326;5356;533458;481454;82.4;74.4
17;2021-09-01;1194;5117;534652;486571;82.6;75.2
17;2021-09-02;1136;4549;535788;491120;82.8;75.9
17;2021-09-03;1167;5337;536955;496457;83.0;76.7
17;2021-09-04;286;971;537241;497428;83.0;76.9
17;2021-09-05;53;139;537294;497567;83.0;76.9
17;2021-09-06;727;3734;538021;501301;83.1;77.5
17;2021-09-07;716;3259;538737;504560;83.3;78.0
17;2021-09-08;821;4139;539558;508699;83.4;78.6
17;2021-09-09;814;3192;540372;511891;83.5;79.1
17;2021-09-10;791;3950;541163;515841;83.6;79.7
17;2021-09-11;299;1001;541462;516842;83.7;79.9
17;2021-09-12;10;23;541472;516865;83.7;79.9
17;2021-09-13;647;2799;542119;519664;83.8;80.3
17;2021-09-14;613;2749;542732;522413;83.9;80.7
17;2021-09-15;938;2372;543670;524785;84.0;81.1
17;2021-09-16;539;1451;544209;526236;84.1;81.3
17;2021-09-17;610;1921;544819;528157;84.2;81.6
17;2021-09-18;192;582;545011;528739;84.2;81.7
17;2021-09-19;12;6;545023;528745;84.2;81.7
17;2021-09-20;428;1225;545451;529970;84.3;81.9
17;2021-09-21;324;892;545775;530862;84.3;82.0
17;2021-09-22;419;1692;546194;532554;84.4;82.3
17;2021-09-23;352;970;546546;533524;84.5;82.5
17;2021-09-24;383;1821;546929;535345;84.5;82.7
17;2021-09-25;126;472;547055;535817;84.5;82.8
17;2021-09-26;0;16;547055;535833;84.5;82.8
17;2021-09-27;436;1175;547491;537008;84.6;83.0
17;2021-09-28;272;684;547763;537692;84.7;83.1
18;2020-12-27;0;0;0;0;0.0;0.0
18;2020-12-28;0;0;0;0;0.0;0.0
18;2020-12-29;0;0;0;0;0.0;0.0
18;2020-12-30;1;0;1;0;0.0;0.0
18;2020-12-31;0;0;1;0;0.0;0.0
18;2021-01-01;0;0;1;0;0.0;0.0
18;2021-01-02;0;0;1;0;0.0;0.0
18;2021-01-03;0;0;1;0;0.0;0.0
18;2021-01-04;3;0;4;0;0.0;0.0
18;2021-01-05;0;0;4;0;0.0;0.0
18;2021-01-06;1;0;5;0;0.0;0.0
18;2021-01-07;30;1;35;1;0.0;0.0
18;2021-01-08;65;0;100;1;0.0;0.0
18;2021-01-09;225;0;325;1;0.1;0.0
18;2021-01-10;146;0;471;1;0.2;0.0
18;2021-01-11;169;0;640;1;0.2;0.0
18;2021-01-12;371;0;1011;1;0.3;0.0
18;2021-01-13;270;1;1281;2;0.4;0.0
18;2021-01-14;269;2;1550;4;0.5;0.0
18;2021-01-15;332;2;1882;6;0.6;0.0
18;2021-01-16;288;2;2170;8;0.7;0.0
18;2021-01-17;1;0;2171;8;0.7;0.0
18;2021-01-18;291;0;2462;8;0.8;0.0
18;2021-01-19;1374;2;3836;10;1.3;0.0
18;2021-01-20;1239;2;5075;12;1.7;0.0
18;2021-01-21;965;0;6040;12;2.0;0.0
18;2021-01-22;780;2;6820;14;2.3;0.0
18;2021-01-23;249;2;7069;16;2.4;0.0
18;2021-01-24;0;0;7069;16;2.4;0.0
18;2021-01-25;509;0;7578;16;2.6;0.0
18;2021-01-26;395;1;7973;17;2.7;0.0
18;2021-01-27;390;2;8363;19;2.8;0.0
18;2021-01-28;566;8;8929;27;3.0;0.0
18;2021-01-29;491;72;9420;99;3.2;0.0
18;2021-01-30;431;135;9851;234;3.3;0.1
18;2021-01-31;82;97;9933;331;3.4;0.1
18;2021-02-01;328;119;10261;450;3.5;0.2
18;2021-02-02;507;227;10768;677;3.6;0.2
18;2021-02-03;398;201;11166;878;3.8;0.3
18;2021-02-04;630;226;11796;1104;4.0;0.4
18;2021-02-05;448;181;12244;1285;4.1;0.4
18;2021-02-06;283;88;12527;1373;4.2;0.5
18;2021-02-07;108;1;12635;1374;4.3;0.5
18;2021-02-08;268;189;12903;1563;4.4;0.5
18;2021-02-09;583;761;13486;2324;4.5;0.8
18;2021-02-10;741;628;14227;2952;4.8;1.0
18;2021-02-11;655;412;14882;3364;5.0;1.1
18;2021-02-12;502;303;15384;3667;5.2;1.2
18;2021-02-13;286;107;15670;3774;5.3;1.3
18;2021-02-14;364;97;16034;3871;5.4;1.3
18;2021-02-15;378;308;16412;4179;5.5;1.4
18;2021-02-16;399;327;16811;4506;5.7;1.5
18;2021-02-17;403;385;17214;4891;5.8;1.7
18;2021-02-18;344;456;17558;5347;5.9;1.8
18;2021-02-19;471;244;18029;5591;6.1;1.9
18;2021-02-20;721;191;18750;5782;6.3;2.0
18;2021-02-21;317;4;19067;5786;6.4;2.0
18;2021-02-22;217;293;19284;6079;6.5;2.1
18;2021-02-23;204;270;19488;6349;6.6;2.1
18;2021-02-24;241;200;19729;6549;6.7;2.2
18;2021-02-25;294;453;20023;7002;6.8;2.4
18;2021-02-26;583;191;20606;7193;7.0;2.4
18;2021-02-27;510;346;21116;7539;7.1;2.5
18;2021-02-28;7;66;21123;7605;7.1;2.6
18;2021-03-01;237;345;21360;7950;7.2;2.7
18;2021-03-02;284;462;21644;8412;7.3;2.8
18;2021-03-03;346;526;21990;8938;7.4;3.0
18;2021-03-04;475;520;22465;9458;7.6;3.2
18;2021-03-05;524;335;22989;9793;7.8;3.3
18;2021-03-06;1071;307;24060;10100;8.1;3.4
18;2021-03-07;7;131;24067;10231;8.1;3.5
18;2021-03-08;335;313;24402;10544;8.2;3.6
18;2021-03-09;411;328;24813;10872;8.4;3.7
18;2021-03-10;422;414;25235;11286;8.5;3.8
18;2021-03-11;518;383;25753;11669;8.7;3.9
18;2021-03-12;705;283;26458;11952;8.9;4.0
18;2021-03-13;1164;241;27622;12193;9.3;4.1
18;2021-03-14;301;214;27923;12407;9.4;4.2
18;2021-03-15;492;365;28415;12772;9.6;4.3
18;2021-03-16;392;302;28807;13074;9.7;4.4
18;2021-03-17;383;407;29190;13481;9.8;4.5
18;2021-03-18;512;220;29702;13701;10.0;4.6
18;2021-03-19;755;220;30457;13921;10.3;4.7
18;2021-03-20;986;614;31443;14535;10.6;4.9
18;2021-03-21;308;305;31751;14840;10.7;5.0
18;2021-03-22;602;292;32353;15132;10.9;5.1
18;2021-03-23;707;287;33060;15419;11.2;5.2
18;2021-03-24;1052;295;34112;15714;11.5;5.3
18;2021-03-25;1049;299;35161;16013;11.9;5.4
18;2021-03-26;1209;347;36370;16360;12.3;5.5
18;2021-03-27;1488;317;37858;16677;12.8;5.6
18;2021-03-28;215;0;38073;16677;12.8;5.6
18;2021-03-29;1102;197;39175;16874;13.2;5.7
18;2021-03-30;1084;302;40259;17176;13.6;5.8
18;2021-03-31;1305;252;41564;17428;14.0;5.9
18;2021-04-01;1375;347;42939;17775;14.5;6.0
18;2021-04-02;1229;309;44168;18084;14.9;6.1
18;2021-04-03;581;181;44749;18265;15.1;6.2
18;2021-04-04;71;5;44820;18270;15.1;6.2
18;2021-04-05;199;0;45019;18270;15.2;6.2
18;2021-04-06;1027;350;46046;18620;15.5;6.3
18;2021-04-07;1322;363;47368;18983;16.0;6.4
18;2021-04-08;1692;347;49060;19330;16.6;6.5
18;2021-04-09;1833;281;50893;19611;17.2;6.6
18;2021-04-10;2632;652;53525;20263;18.1;6.8
18;2021-04-11;1986;319;55511;20582;18.7;6.9
18;2021-04-12;1401;404;56912;20986;19.2;7.1
18;2021-04-13;1785;470;58697;21456;19.8;7.2
18;2021-04-14;1378;517;60075;21973;20.3;7.4
18;2021-04-15;1532;530;61607;22503;20.8;7.6
18;2021-04-16;1614;590;63221;23093;21.3;7.8
18;2021-04-17;1599;520;64820;23613;21.9;8.0
18;2021-04-18;377;232;65197;23845;22.0;8.0
18;2021-04-19;1317;592;66514;24437;22.4;8.2
18;2021-04-20;1446;715;67960;25152;22.9;8.5
18;2021-04-21;1270;908;69230;26060;23.4;8.8
18;2021-04-22;1403;703;70633;26763;23.8;9.0
18;2021-04-23;1387;734;72020;27497;24.3;9.3
18;2021-04-24;1355;1271;73375;28768;24.8;9.7
18;2021-04-25;287;217;73662;28985;24.9;9.8
18;2021-04-26;1205;955;74867;29940;25.3;10.1
18;2021-04-27;1545;764;76412;30704;25.8;10.4
18;2021-04-28;1358;876;77770;31580;26.2;10.7
18;2021-04-29;1851;735;79621;32315;26.9;10.9
18;2021-04-30;1569;991;81190;33306;27.4;11.2
18;2021-05-01;788;210;81978;33516;27.7;11.3
18;2021-05-02;806;61;82784;33577;27.9;11.3
18;2021-05-03;1627;1012;84411;34589;28.5;11.7
18;2021-05-04;1729;1283;86140;35872;29.1;12.1
18;2021-05-05;1735;1213;87875;37085;29.6;12.5
18;2021-05-06;2162;1363;90037;38448;30.4;13.0
18;2021-05-07;1234;1398;91271;39846;30.8;13.4
18;2021-05-08;994;1464;92265;41310;31.1;13.9
18;2021-05-09;500;2258;92765;43568;31.3;14.7
18;2021-05-10;1157;1508;93922;45076;31.7;15.2
18;2021-05-11;1696;1748;95618;46824;32.3;15.8
18;2021-05-12;1807;1495;97425;48319;32.9;16.3
18;2021-05-13;1061;370;98486;48689;33.2;16.4
18;2021-05-14;1345;942;99831;49631;33.7;16.7
18;2021-05-15;1809;1163;101640;50794;34.3;17.1
18;2021-05-16;537;581;102177;51375;34.5;17.3
18;2021-05-17;1245;1091;103422;52466;34.9;17.7
18;2021-05-18;2146;933;105568;53399;35.6;18.0
18;2021-05-19;2162;920;107730;54319;36.3;18.3
18;2021-05-20;2275;983;110005;55302;37.1;18.7
18;2021-05-21;1495;764;111500;56066;37.6;18.9
18;2021-05-22;1724;1072;113224;57138;38.2;19.3
18;2021-05-23;486;336;113710;57474;38.4;19.4
18;2021-05-24;461;292;114171;57766;38.5;19.5
18;2021-05-25;1841;1057;116012;58823;39.1;19.8
18;2021-05-26;2153;846;118165;59669;39.9;20.1
18;2021-05-27;2209;1228;120374;60897;40.6;20.5
18;2021-05-28;1712;1306;122086;62203;41.2;21.0
18;2021-05-29;2621;1661;124707;63864;42.1;21.5
18;2021-05-30;1482;504;126189;64368;42.6;21.7
18;2021-05-31;1785;693;127974;65061;43.2;22.0
18;2021-06-01;2038;948;130012;66009;43.9;22.3
18;2021-06-02;2010;1015;132022;67024;44.5;22.6
18;2021-06-03;2283;1198;134305;68222;45.3;23.0
18;2021-06-04;1912;1121;136217;69343;46.0;23.4
18;2021-06-05;2800;1445;139017;70788;46.9;23.9
18;2021-06-06;364;381;139381;71169;47.0;24.0
18;2021-06-07;1294;1232;140675;72401;47.5;24.4
18;2021-06-08;1490;1394;142165;73795;48.0;24.9
18;2021-06-09;1329;1068;143494;74863;48.4;25.3
18;2021-06-10;1631;1407;145125;76270;49.0;25.7
18;2021-06-11;1496;1404;146621;77674;49.5;26.2
18;2021-06-12;1245;2510;147866;80184;49.9;27.1
18;2021-06-13;126;262;147992;80446;49.9;27.1
18;2021-06-14;656;1828;148648;82274;50.2;27.8
18;2021-06-15;1093;1823;149741;84097;50.5;28.4
18;2021-06-16;1255;1441;150996;85538;50.9;28.9
18;2021-06-17;1205;1671;152201;87209;51.3;29.4
18;2021-06-18;1290;1665;153491;88874;51.8;30.0
18;2021-06-19;1564;1251;155055;90125;52.3;30.4
18;2021-06-20;246;159;155301;90284;52.4;30.5
18;2021-06-21;665;1601;155966;91885;52.6;31.0
18;2021-06-22;1068;1645;157034;93530;53.0;31.6
18;2021-06-23;944;1642;157978;95172;53.3;32.1
18;2021-06-24;1033;1062;159011;96234;53.6;32.5
18;2021-06-25;892;1745;159903;97979;53.9;33.1
18;2021-06-26;1097;1474;161000;99453;54.3;33.6
18;2021-06-27;31;372;161031;99825;54.3;33.7
18;2021-06-28;422;1922;161453;101747;54.5;34.3
18;2021-06-29;597;2378;162050;104125;54.7;35.1
18;2021-06-30;600;2543;162650;106668;54.9;36.0
18;2021-07-01;963;2155;163613;108823;55.2;36.7
18;2021-07-02;614;1685;164227;110508;55.4;37.3
18;2021-07-03;754;2572;164981;113080;55.7;38.2
18;2021-07-04;164;1032;165145;114112;55.7;38.5
18;2021-07-05;765;1877;165910;115989;56.0;39.1
18;2021-07-06;559;2300;166469;118289;56.2;39.9
18;2021-07-07;766;2115;167235;120404;56.4;40.6
18;2021-07-08;1032;1984;168267;122388;56.8;41.3
18;2021-07-09;703;2305;168970;124693;57.0;42.1
18;2021-07-10;781;3172;169751;127865;57.3;43.1
18;2021-07-11;82;665;169833;128530;57.3;43.4
18;2021-07-12;223;2253;170056;130783;57.4;44.1
18;2021-07-13;619;2904;170675;133687;57.6;45.1
18;2021-07-14;194;936;170869;134623;57.6;45.4
18;2021-07-15;1396;2814;172265;137437;58.1;46.4
18;2021-07-16;1185;2122;173450;139559;58.5;47.1
18;2021-07-17;1130;2470;174580;142029;58.9;47.9
18;2021-07-18;228;332;174808;142361;59.0;48.0
18;2021-07-19;1055;1657;175863;144018;59.3;48.6
18;2021-07-20;1625;2269;177488;146287;59.9;49.4
18;2021-07-21;1901;2061;179389;148348;60.5;50.0
18;2021-07-22;2211;1900;181600;150248;61.3;50.7
18;2021-07-23;1395;1612;182995;151860;61.7;51.2
18;2021-07-24;891;1532;183886;153392;62.0;51.8
18;2021-07-25;192;396;184078;153788;62.1;51.9
18;2021-07-26;1398;1503;185476;155291;62.6;52.4
18;2021-07-27;1824;1535;187300;156826;63.2;52.9
18;2021-07-28;2198;1796;189498;158622;63.9;53.5
18;2021-07-29;2140;1816;191638;160438;64.7;54.1
18;2021-07-30;1585;1343;193223;161781;65.2;54.6
18;2021-07-31;1237;1280;194460;163061;65.6;55.0
18;2021-08-01;90;34;194550;163095;65.6;55.0
18;2021-08-02;1410;765;195960;163860;66.1;55.3
18;2021-08-03;1719;1630;197679;165490;66.7;55.8
18;2021-08-04;2441;1102;200120;166592;67.5;56.2
18;2021-08-05;1529;1247;201649;167839;68.0;56.6
18;2021-08-06;1582;1140;203231;168979;68.6;57.0
18;2021-08-07;609;764;203840;169743;68.8;57.3
18;2021-08-08;49;60;203889;169803;68.8;57.3
18;2021-08-09;1105;874;204994;170677;69.2;57.6
18;2021-08-10;1208;1511;206202;172188;69.6;58.1
18;2021-08-11;1608;1509;207810;173697;70.1;58.6
18;2021-08-12;1554;1594;209364;175291;70.6;59.1
18;2021-08-13;1087;1172;210451;176463;71.0;59.5
18;2021-08-14;759;603;211210;177066;71.3;59.7
18;2021-08-15;35;17;211245;177083;71.3;59.7
18;2021-08-16;830;1201;212075;178284;71.5;60.1
18;2021-08-17;979;1999;213054;180283;71.9;60.8
18;2021-08-18;1158;1960;214212;182243;72.3;61.5
18;2021-08-19;1105;1612;215317;183855;72.6;62.0
18;2021-08-20;911;1758;216228;185613;73.0;62.6
18;2021-08-21;419;705;216647;186318;73.1;62.9
18;2021-08-22;22;73;216669;186391;73.1;62.9
18;2021-08-23;488;1680;217157;188071;73.3;63.5
18;2021-08-24;903;1494;218060;189565;73.6;64.0
18;2021-08-25;840;1863;218900;191428;73.9;64.6
18;2021-08-26;772;1532;219672;192960;74.1;65.1
18;2021-08-27;575;1995;220247;194955;74.3;65.8
18;2021-08-28;501;870;220748;195825;74.5;66.1
18;2021-08-29;92;176;220840;196001;74.5;66.1
18;2021-08-30;528;1443;221368;197444;74.7;66.6
18;2021-08-31;505;1442;221873;198886;74.9;67.1
18;2021-09-01;578;1643;222451;200529;75.0;67.7
18;2021-09-02;398;1268;222849;201797;75.2;68.1
18;2021-09-03;455;1304;223304;203101;75.3;68.5
18;2021-09-04;356;810;223660;203911;75.5;68.8
18;2021-09-05;29;80;223689;203991;75.5;68.8
18;2021-09-06;278;1090;223967;205081;75.6;69.2
18;2021-09-07;279;992;224246;206073;75.7;69.5
18;2021-09-08;399;1137;224645;207210;75.8;69.9
18;2021-09-09;355;1146;225000;208356;75.9;70.3
18;2021-09-10;406;1091;225406;209447;76.0;70.7
18;2021-09-11;262;866;225668;210313;76.1;71.0
18;2021-09-12;8;32;225676;210345;76.1;71.0
18;2021-09-13;310;860;225986;211205;76.2;71.3
18;2021-09-14;273;1014;226259;212219;76.3;71.6
18;2021-09-15;319;1050;226578;213269;76.4;72.0
18;2021-09-16;469;876;227047;214145;76.6;72.2
18;2021-09-17;337;737;227384;214882;76.7;72.5
18;2021-09-18;177;617;227561;215499;76.8;72.7
18;2021-09-19;6;3;227567;215502;76.8;72.7
18;2021-09-20;156;550;227723;216052;76.8;72.9
18;2021-09-21;111;423;227834;216475;76.9;73.0
18;2021-09-22;193;870;228027;217345;76.9;73.3
18;2021-09-23;249;466;228276;217811;77.0;73.5
18;2021-09-24;141;489;228417;218300;77.1;73.6
18;2021-09-25;159;688;228576;218988;77.1;73.9
18;2021-09-26;15;89;228591;219077;77.1;73.9
18;2021-09-27;107;314;228698;219391;77.2;74.0
18;2021-09-28;68;273;228766;219664;77.2;74.1
19;2020-12-27;0;0;0;0;0.0;0.0
19;2020-12-28;0;0;0;0;0.0;0.0
19;2020-12-29;1;0;1;0;0.0;0.0
19;2020-12-30;0;0;1;0;0.0;0.0
19;2020-12-31;0;0;1;0;0.0;0.0
19;2021-01-01;0;0;1;0;0.0;0.0
19;2021-01-02;0;0;1;0;0.0;0.0
19;2021-01-03;0;0;1;0;0.0;0.0
19;2021-01-04;0;0;1;0;0.0;0.0
19;2021-01-05;0;0;1;0;0.0;0.0
19;2021-01-06;0;0;1;0;0.0;0.0
19;2021-01-07;344;1;345;1;0.1;0.0
19;2021-01-08;248;1;593;2;0.2;0.0
19;2021-01-09;1;0;594;2;0.2;0.0
19;2021-01-10;1;0;595;2;0.2;0.0
19;2021-01-11;38;0;633;2;0.3;0.0
19;2021-01-12;417;1;1050;3;0.4;0.0
19;2021-01-13;429;3;1479;6;0.6;0.0
19;2021-01-14;475;0;1954;6;0.8;0.0
19;2021-01-15;226;0;2180;6;0.9;0.0
19;2021-01-16;0;0;2180;6;0.9;0.0
19;2021-01-17;1;0;2181;6;0.9;0.0
19;2021-01-18;251;2;2432;8;1.0;0.0
19;2021-01-19;521;0;2953;8;1.2;0.0
19;2021-01-20;921;5;3874;13;1.6;0.0
19;2021-01-21;507;4;4381;17;1.8;0.0
19;2021-01-22;1318;5;5699;22;2.4;0.0
19;2021-01-23;281;0;5980;22;2.5;0.0
19;2021-01-24;37;0;6017;22;2.5;0.0
19;2021-01-25;233;0;6250;22;2.6;0.0
19;2021-01-26;608;3;6858;25;2.9;0.0
19;2021-01-27;334;3;7192;28;3.0;0.0
19;2021-01-28;297;153;7489;181;3.1;0.1
19;2021-01-29;348;54;7837;235;3.3;0.1
19;2021-01-30;130;24;7967;259;3.3;0.1
19;2021-01-31;41;0;8008;259;3.3;0.1
19;2021-02-01;158;94;8166;353;3.4;0.1
19;2021-02-02;303;424;8469;777;3.5;0.3
19;2021-02-03;285;235;8754;1012;3.6;0.4
19;2021-02-04;255;363;9009;1375;3.7;0.6
19;2021-02-05;311;74;9320;1449;3.9;0.6
19;2021-02-06;214;2;9534;1451;4.0;0.6
19;2021-02-07;48;2;9582;1453;4.0;0.6
19;2021-02-08;177;92;9759;1545;4.1;0.6
19;2021-02-09;333;178;10092;1723;4.2;0.7
19;2021-02-10;517;222;10609;1945;4.4;0.8
19;2021-02-11;414;299;11023;2244;4.6;0.9
19;2021-02-12;799;1124;11822;3368;4.9;1.4
19;2021-02-13;352;140;12174;3508;5.1;1.5
19;2021-02-14;98;5;12272;3513;5.1;1.5
19;2021-02-15;200;213;12472;3726;5.2;1.6
19;2021-02-16;386;149;12858;3875;5.4;1.6
19;2021-02-17;306;392;13164;4267;5.5;1.8
19;2021-02-18;174;422;13338;4689;5.5;2.0
19;2021-02-19;469;259;13807;4948;5.7;2.1
19;2021-02-20;133;158;13940;5106;5.8;2.1
19;2021-02-21;20;33;13960;5139;5.8;2.1
19;2021-02-22;221;190;14181;5329;5.9;2.2
19;2021-02-23;268;311;14449;5640;6.0;2.3
19;2021-02-24;361;179;14810;5819;6.2;2.4
19;2021-02-25;519;343;15329;6162;6.4;2.6
19;2021-02-26;395;270;15724;6432;6.5;2.7
19;2021-02-27;348;133;16072;6565;6.7;2.7
19;2021-02-28;68;32;16140;6597;6.7;2.7
19;2021-03-01;266;196;16406;6793;6.8;2.8
19;2021-03-02;428;224;16834;7017;7.0;2.9
19;2021-03-03;692;303;17526;7320;7.3;3.0
19;2021-03-04;826;325;18352;7645;7.6;3.2
19;2021-03-05;891;667;19243;8312;8.0;3.5
19;2021-03-06;1072;174;20315;8486;8.5;3.5
19;2021-03-07;463;32;20778;8518;8.6;3.5
19;2021-03-08;640;135;21418;8653;8.9;3.6
19;2021-03-09;836;227;22254;8880;9.3;3.7
19;2021-03-10;1155;276;23409;9156;9.7;3.8
19;2021-03-11;1274;291;24683;9447;10.3;3.9
19;2021-03-12;1136;379;25819;9826;10.7;4.1
19;2021-03-13;1110;160;26929;9986;11.2;4.2
19;2021-03-14;161;80;27090;10066;11.3;4.2
19;2021-03-15;699;131;27789;10197;11.6;4.2
19;2021-03-16;688;298;28477;10495;11.8;4.4
19;2021-03-17;839;277;29316;10772;12.2;4.5
19;2021-03-18;767;279;30083;11051;12.5;4.6
19;2021-03-19;1014;483;31097;11534;12.9;4.8
19;2021-03-20;783;131;31880;11665;13.3;4.9
19;2021-03-21;128;3;32008;11668;13.3;4.9
19;2021-03-22;548;174;32556;11842;13.5;4.9
19;2021-03-23;1045;229;33601;12071;14.0;5.0
19;2021-03-24;1172;371;34773;12442;14.5;5.2
19;2021-03-25;1189;404;35962;12846;15.0;5.3
19;2021-03-26;1325;274;37287;13120;15.5;5.5
19;2021-03-27;854;185;38141;13305;15.9;5.5
19;2021-03-28;63;60;38204;13365;15.9;5.6
19;2021-03-29;612;176;38816;13541;16.2;5.6
19;2021-03-30;971;343;39787;13884;16.6;5.8
19;2021-03-31;1157;490;40944;14374;17.0;6.0
19;2021-04-01;1491;424;42435;14798;17.7;6.2
19;2021-04-02;1008;522;43443;15320;18.1;6.4
19;2021-04-03;597;283;44040;15603;18.3;6.5
19;2021-04-04;130;3;44170;15606;18.4;6.5
19;2021-04-05;40;75;44210;15681;18.4;6.5
19;2021-04-06;734;602;44944;16283;18.7;6.8
19;2021-04-07;976;732;45920;17015;19.1;7.1
19;2021-04-08;1116;1016;47036;18031;19.6;7.5
19;2021-04-09;1641;615;48677;18646;20.3;7.8
19;2021-04-10;946;557;49623;19203;20.6;8.0
19;2021-04-11;557;74;50180;19277;20.9;8.0
19;2021-04-12;681;521;50861;19798;21.2;8.2
19;2021-04-13;915;575;51776;20373;21.5;8.5
19;2021-04-14;1333;844;53109;21217;22.1;8.8
19;2021-04-15;1229;871;54338;22088;22.6;9.2
19;2021-04-16;1506;819;55844;22907;23.2;9.5
19;2021-04-17;762;478;56606;23385;23.6;9.7
19;2021-04-18;661;69;57267;23454;23.8;9.8
19;2021-04-19;730;439;57997;23893;24.1;9.9
19;2021-04-20;979;748;58976;24641;24.5;10.3
19;2021-04-21;1271;698;60247;25339;25.1;10.5
19;2021-04-22;1188;898;61435;26237;25.6;10.9
19;2021-04-23;1127;1021;62562;27258;26.0;11.3
19;2021-04-24;678;676;63240;27934;26.3;11.6
19;2021-04-25;675;69;63915;28003;26.6;11.7
19;2021-04-26;1056;332;64971;28335;27.0;11.8
19;2021-04-27;1027;568;65998;28903;27.5;12.0
19;2021-04-28;1553;555;67551;29458;28.1;12.3
19;2021-04-29;1453;1181;69004;30639;28.7;12.7
19;2021-04-30;1876;1056;70880;31695;29.5;13.2
19;2021-05-01;671;173;71551;31868;29.8;13.3
19;2021-05-02;551;152;72102;32020;30.0;13.3
19;2021-05-03;854;547;72956;32567;30.4;13.6
19;2021-05-04;1025;707;73981;33274;30.8;13.8
19;2021-05-05;1256;741;75237;34015;31.3;14.2
19;2021-05-06;1127;1195;76364;35210;31.8;14.7
19;2021-05-07;1663;1190;78027;36400;32.5;15.1
19;2021-05-08;712;205;78739;36605;32.8;15.2
19;2021-05-09;487;547;79226;37152;33.0;15.5
19;2021-05-10;1164;665;80390;37817;33.4;15.7
19;2021-05-11;1639;856;82029;38673;34.1;16.1
19;2021-05-12;1945;1319;83974;39992;34.9;16.6
19;2021-05-13;571;242;84545;40234;35.2;16.7
19;2021-05-14;1646;988;86191;41222;35.9;17.2
19;2021-05-15;1443;592;87634;41814;36.5;17.4
19;2021-05-16;350;82;87984;41896;36.6;17.4
19;2021-05-17;1498;559;89482;42455;37.2;17.7
19;2021-05-18;1669;498;91151;42953;37.9;17.9
19;2021-05-19;2009;822;93160;43775;38.8;18.2
19;2021-05-20;1722;890;94882;44665;39.5;18.6
19;2021-05-21;1964;814;96846;45479;40.3;18.9
19;2021-05-22;1271;651;98117;46130;40.8;19.2
19;2021-05-23;324;131;98441;46261;41.0;19.2
19;2021-05-24;139;46;98580;46307;41.0;19.3
19;2021-05-25;1502;492;100082;46799;41.6;19.5
19;2021-05-26;1924;666;102006;47465;42.4;19.7
19;2021-05-27;1786;834;103792;48299;43.2;20.1
19;2021-05-28;1937;990;105729;49289;44.0;20.5
19;2021-05-29;1375;705;107104;49994;44.6;20.8
19;2021-05-30;191;495;107295;50489;44.6;21.0
19;2021-05-31;1199;537;108494;51026;45.1;21.2
19;2021-06-01;1284;886;109778;51912;45.7;21.6
19;2021-06-02;1816;952;111594;52864;46.4;22.0
19;2021-06-03;1447;1251;113041;54115;47.0;22.5
19;2021-06-04;1847;1349;114888;55464;47.8;23.1
19;2021-06-05;1210;815;116098;56279;48.3;23.4
19;2021-06-06;87;648;116185;56927;48.3;23.7
19;2021-06-07;922;934;117107;57861;48.7;24.1
19;2021-06-08;1103;906;118210;58767;49.2;24.5
19;2021-06-09;1329;1459;119539;60226;49.7;25.1
19;2021-06-10;1283;1580;120822;61806;50.3;25.7
19;2021-06-11;1306;1917;122128;63723;50.8;26.5
19;2021-06-12;1356;1314;123484;65037;51.4;27.1
19;2021-06-13;542;424;124026;65461;51.6;27.2
19;2021-06-14;736;1016;124762;66477;51.9;27.7
19;2021-06-15;979;1143;125741;67620;52.3;28.1
19;2021-06-16;1222;1363;126963;68983;52.8;28.7
19;2021-06-17;868;1788;127831;70771;53.2;29.4
19;2021-06-18;1056;2135;128887;72906;53.6;30.3
19;2021-06-19;919;1302;129806;74208;54.0;30.9
19;2021-06-20;395;327;130201;74535;54.2;31.0
19;2021-06-21;500;1074;130701;75609;54.4;31.5
19;2021-06-22;698;1490;131399;77099;54.7;32.1
19;2021-06-23;744;1989;132143;79088;55.0;32.9
19;2021-06-24;687;1663;132830;80751;55.3;33.6
19;2021-06-25;562;2216;133392;82967;55.5;34.5
19;2021-06-26;474;1741;133866;84708;55.7;35.2
19;2021-06-27;289;446;134155;85154;55.8;35.4
19;2021-06-28;315;1499;134470;86653;56.0;36.1
19;2021-06-29;353;1893;134823;88546;56.1;36.8
19;2021-06-30;795;2152;135618;90698;56.4;37.7
19;2021-07-01;361;2322;135979;93020;56.6;38.7
19;2021-07-02;798;2316;136777;95336;56.9;39.7
19;2021-07-03;513;1744;137290;97080;57.1;40.4
19;2021-07-04;1;73;137291;97153;57.1;40.4
19;2021-07-05;600;1015;137891;98168;57.4;40.8
19;2021-07-06;504;1539;138395;99707;57.6;41.5
19;2021-07-07;706;2046;139101;101753;57.9;42.3
19;2021-07-08;770;2148;139871;103901;58.2;43.2
19;2021-07-09;716;2659;140587;106560;58.5;44.3
19;2021-07-10;586;1705;141173;108265;58.7;45.0
19;2021-07-11;45;212;141218;108477;58.8;45.1
19;2021-07-12;445;1486;141663;109963;58.9;45.8
19;2021-07-13;687;1828;142350;111791;59.2;46.5
19;2021-07-14;201;272;142551;112063;59.3;46.6
19;2021-07-15;870;2050;143421;114113;59.7;47.5
19;2021-07-16;1228;2445;144649;116558;60.2;48.5
19;2021-07-17;703;1718;145352;118276;60.5;49.2
19;2021-07-18;365;672;145717;118948;60.6;49.5
19;2021-07-19;968;1398;146685;120346;61.0;50.1
19;2021-07-20;967;1674;147652;122020;61.4;50.8
19;2021-07-21;1083;1710;148735;123730;61.9;51.5
19;2021-07-22;1392;1854;150127;125584;62.5;52.3
19;2021-07-23;1784;1995;151911;127579;63.2;53.1
19;2021-07-24;908;1753;152819;129332;63.6;53.8
19;2021-07-25;164;513;152983;129845;63.7;54.0
19;2021-07-26;911;911;153894;130756;64.0;54.4
19;2021-07-27;1425;1116;155319;131872;64.6;54.9
19;2021-07-28;2045;1221;157364;133093;65.5;55.4
19;2021-07-29;1623;1204;158987;134297;66.2;55.9
19;2021-07-30;1909;1027;160896;135324;66.9;56.3
19;2021-07-31;1129;1018;162025;136342;67.4;56.7
19;2021-08-01;347;372;162372;136714;67.6;56.9
19;2021-08-02;1194;809;163566;137523;68.1;57.2
19;2021-08-03;1452;1055;165018;138578;68.7;57.7
19;2021-08-04;1983;763;167001;139341;69.5;58.0
19;2021-08-05;1629;958;168630;140299;70.2;58.4
19;2021-08-06;1962;1217;170592;141516;71.0;58.9
19;2021-08-07;1335;1000;171927;142516;71.5;59.3
19;2021-08-08;187;234;172114;142750;71.6;59.4
19;2021-08-09;1008;784;173122;143534;72.0;59.7
19;2021-08-10;1280;1012;174402;144546;72.6;60.1
19;2021-08-11;1356;1006;175758;145552;73.1;60.6
19;2021-08-12;1016;1275;176774;146827;73.6;61.1
19;2021-08-13;1181;1275;177955;148102;74.0;61.6
19;2021-08-14;978;1164;178933;149266;74.5;62.1
19;2021-08-15;30;54;178963;149320;74.5;62.1
19;2021-08-16;592;1029;179555;150349;74.7;62.6
19;2021-08-17;633;1167;180188;151516;75.0;63.0
19;2021-08-18;655;979;180843;152495;75.2;63.5
19;2021-08-19;438;1258;181281;153753;75.4;64.0
19;2021-08-20;867;1927;182148;155680;75.8;64.8
19;2021-08-21;495;1376;182643;157056;76.0;65.3
19;2021-08-22;52;93;182695;157149;76.0;65.4
19;2021-08-23;224;1157;182919;158306;76.1;65.9
19;2021-08-24;538;1317;183457;159623;76.3;66.4
19;2021-08-25;649;1557;184106;161180;76.6;67.1
19;2021-08-26;475;1463;184581;162643;76.8;67.7
19;2021-08-27;502;1689;185083;164332;77.0;68.4
19;2021-08-28;360;1278;185443;165610;77.2;68.9
19;2021-08-29;60;182;185503;165792;77.2;69.0
19;2021-08-30;225;1094;185728;166886;77.3;69.4
19;2021-08-31;325;1454;186053;168340;77.4;70.0
19;2021-09-01;364;1480;186417;169820;77.6;70.7
19;2021-09-02;346;1318;186763;171138;77.7;71.2
19;2021-09-03;408;1515;187171;172653;77.9;71.8
19;2021-09-04;301;1394;187472;174047;78.0;72.4
19;2021-09-05;32;245;187504;174292;78.0;72.5
19;2021-09-06;196;697;187700;174989;78.1;72.8
19;2021-09-07;227;822;187927;175811;78.2;73.2
19;2021-09-08;286;934;188213;176745;78.3;73.5
19;2021-09-09;253;618;188466;177363;78.4;73.8
19;2021-09-10;252;853;188718;178216;78.5;74.2
19;2021-09-11;294;1157;189012;179373;78.6;74.6
19;2021-09-12;42;151;189054;179524;78.7;74.7
19;2021-09-13;106;437;189160;179961;78.7;74.9
19;2021-09-14;168;614;189328;180575;78.8;75.1
19;2021-09-15;242;669;189570;181244;78.9;75.4
19;2021-09-16;230;411;189800;181655;79.0;75.6
19;2021-09-17;253;531;190053;182186;79.1;75.8
19;2021-09-18;183;689;190236;182875;79.2;76.1
19;2021-09-19;17;34;190253;182909;79.2;76.1
19;2021-09-20;112;205;190365;183114;79.2;76.2
19;2021-09-21;143;293;190508;183407;79.3;76.3
19;2021-09-22;152;398;190660;183805;79.3;76.5
19;2021-09-23;86;300;190746;184105;79.4;76.6
19;2021-09-24;119;358;190865;184463;79.4;76.8
19;2021-09-25;140;568;191005;185031;79.5;77.0
19;2021-09-26;14;25;191019;185056;79.5;77.0
19;2021-09-27;43;215;191062;185271;79.5;77.1
19;2021-09-28;67;202;191129;185473;79.5;77.2
21;2020-12-27;4;0;4;0;0.0;0.0
21;2020-12-28;2;0;6;0;0.0;0.0
21;2020-12-29;19;0;25;0;0.0;0.0
21;2020-12-30;22;0;47;0;0.0;0.0
21;2020-12-31;0;0;47;0;0.0;0.0
21;2021-01-01;0;0;47;0;0.0;0.0
21;2021-01-02;1;0;48;0;0.0;0.0
21;2021-01-03;1;0;49;0;0.0;0.0
21;2021-01-04;22;0;71;0;0.0;0.0
21;2021-01-05;250;2;321;2;0.1;0.0
21;2021-01-06;300;0;621;2;0.1;0.0
21;2021-01-07;389;0;1010;2;0.2;0.0
21;2021-01-08;455;2;1465;4;0.3;0.0
21;2021-01-09;252;0;1717;4;0.3;0.0
21;2021-01-10;2;0;1719;4;0.3;0.0
21;2021-01-11;624;1;2343;5;0.4;0.0
21;2021-01-12;655;0;2998;5;0.6;0.0
21;2021-01-13;706;2;3704;7;0.7;0.0
21;2021-01-14;1189;6;4893;13;0.9;0.0
21;2021-01-15;719;5;5612;18;1.1;0.0
21;2021-01-16;162;0;5774;18;1.1;0.0
21;2021-01-17;5;0;5779;18;1.1;0.0
21;2021-01-18;1319;4;7098;22;1.3;0.0
21;2021-01-19;1370;1;8468;23;1.6;0.0
21;2021-01-20;1301;45;9769;68;1.8;0.0
21;2021-01-21;1544;3;11313;71;2.1;0.0
21;2021-01-22;1246;5;12559;76;2.4;0.0
21;2021-01-23;490;0;13049;76;2.4;0.0
21;2021-01-24;124;0;13173;76;2.5;0.0
21;2021-01-25;928;18;14101;94;2.6;0.0
21;2021-01-26;1542;135;15643;229;2.9;0.0
21;2021-01-27;2061;145;17704;374;3.3;0.1
21;2021-01-28;1460;216;19164;590;3.6;0.1
21;2021-01-29;1022;209;20186;799;3.8;0.1
21;2021-01-30;470;26;20656;825;3.9;0.2
21;2021-01-31;97;3;20753;828;3.9;0.2
21;2021-02-01;453;280;21206;1108;4.0;0.2
21;2021-02-02;456;428;21662;1536;4.1;0.3
21;2021-02-03;446;271;22108;1807;4.1;0.3
21;2021-02-04;418;524;22526;2331;4.2;0.4
21;2021-02-05;489;448;23015;2779;4.3;0.5
21;2021-02-06;162;218;23177;2997;4.3;0.6
21;2021-02-07;2;2;23179;2999;4.3;0.6
21;2021-02-08;433;367;23612;3366;4.4;0.6
21;2021-02-09;515;466;24127;3832;4.5;0.7
21;2021-02-10;461;541;24588;4373;4.6;0.8
21;2021-02-11;486;713;25074;5086;4.7;1.0
21;2021-02-12;356;824;25430;5910;4.8;1.1
21;2021-02-13;365;243;25795;6153;4.8;1.2
21;2021-02-14;239;130;26034;6283;4.9;1.2
21;2021-02-15;120;1095;26154;7378;4.9;1.4
21;2021-02-16;207;1307;26361;8685;4.9;1.6
21;2021-02-17;402;1760;26763;10445;5.0;2.0
21;2021-02-18;604;1179;27367;11624;5.1;2.2
21;2021-02-19;217;990;27584;12614;5.2;2.4
21;2021-02-20;121;326;27705;12940;5.2;2.4
21;2021-02-21;1;83;27706;13023;5.2;2.4
21;2021-02-22;83;654;27789;13677;5.2;2.6
21;2021-02-23;170;885;27959;14562;5.2;2.7
21;2021-02-24;225;609;28184;15171;5.3;2.8
21;2021-02-25;647;715;28831;15886;5.4;3.0
21;2021-02-26;926;598;29757;16484;5.6;3.1
21;2021-02-27;532;241;30289;16725;5.7;3.1
21;2021-02-28;24;112;30313;16837;5.7;3.2
21;2021-03-01;679;522;30992;17359;5.8;3.3
21;2021-03-02;1054;490;32046;17849;6.0;3.3
21;2021-03-03;1170;381;33216;18230;6.2;3.4
21;2021-03-04;1688;472;34904;18702;6.5;3.5
21;2021-03-05;2196;626;37100;19328;7.0;3.6
21;2021-03-06;1594;189;38694;19517;7.3;3.7
21;2021-03-07;4;15;38698;19532;7.3;3.7
21;2021-03-08;772;410;39470;19942;7.4;3.7
21;2021-03-09;1570;527;41040;20469;7.7;3.8
21;2021-03-10;1627;524;42667;20993;8.0;3.9
21;2021-03-11;2196;670;44863;21663;8.4;4.1
21;2021-03-12;2905;430;47768;22093;9.0;4.1
21;2021-03-13;1932;155;49700;22248;9.3;4.2
21;2021-03-14;38;42;49738;22290;9.3;4.2
21;2021-03-15;1415;87;51153;22377;9.6;4.2
21;2021-03-16;1883;152;53036;22529;10.0;4.2
21;2021-03-17;1809;112;54845;22641;10.3;4.2
21;2021-03-18;2127;260;56972;22901;10.7;4.3
21;2021-03-19;1964;148;58936;23049;11.1;4.3
21;2021-03-20;1228;38;60164;23087;11.3;4.3
21;2021-03-21;2;0;60166;23087;11.3;4.3
21;2021-03-22;1556;92;61722;23179;11.6;4.3
21;2021-03-23;2696;105;64418;23284;12.1;4.4
21;2021-03-24;2895;163;67313;23447;12.6;4.4
21;2021-03-25;3730;245;71043;23692;13.3;4.4
21;2021-03-26;3655;195;74698;23887;14.0;4.5
21;2021-03-27;1732;60;76430;23947;14.3;4.5
21;2021-03-28;200;38;76630;23985;14.4;4.5
21;2021-03-29;1788;510;78418;24495;14.7;4.6
21;2021-03-30;2348;797;80766;25292;15.2;4.7
21;2021-03-31;2718;645;83484;25937;15.7;4.9
21;2021-04-01;2693;720;86177;26657;16.2;5.0
21;2021-04-02;2249;741;88426;27398;16.6;5.1
21;2021-04-03;1018;280;89444;27678;16.8;5.2
21;2021-04-04;2;12;89446;27690;16.8;5.2
21;2021-04-05;9;0;89455;27690;16.8;5.2
21;2021-04-06;1358;1134;90813;28824;17.0;5.4
21;2021-04-07;1750;968;92563;29792;17.4;5.6
21;2021-04-08;3217;1144;95780;30936;18.0;5.8
21;2021-04-09;3481;1184;99261;32120;18.6;6.0
21;2021-04-10;1374;729;100635;32849;18.9;6.2
21;2021-04-11;145;3;100780;32852;18.9;6.2
21;2021-04-12;1117;1344;101897;34196;19.1;6.4
21;2021-04-13;1654;1777;103551;35973;19.4;6.8
21;2021-04-14;1484;1467;105035;37440;19.7;7.0
21;2021-04-15;1900;1590;106935;39030;20.1;7.3
21;2021-04-16;2321;1309;109256;40339;20.5;7.6
21;2021-04-17;1020;973;110276;41312;20.7;7.8
21;2021-04-18;15;4;110291;41316;20.7;7.8
21;2021-04-19;1110;1318;111401;42634;20.9;8.0
21;2021-04-20;1243;1833;112644;44467;21.1;8.3
21;2021-04-21;1095;1720;113739;46187;21.3;8.7
21;2021-04-22;1275;2210;115014;48397;21.6;9.1
21;2021-04-23;1984;1723;116998;50120;22.0;9.4
21;2021-04-24;1001;871;117999;50991;22.1;9.6
21;2021-04-25;9;168;118008;51159;22.1;9.6
21;2021-04-26;1013;1592;119021;52751;22.3;9.9
21;2021-04-27;1842;1932;120863;54683;22.7;10.3
21;2021-04-28;2230;2221;123093;56904;23.1;10.7
21;2021-04-29;3136;2251;126229;59155;23.7;11.1
21;2021-04-30;3562;1823;129791;60978;24.4;11.4
21;2021-05-01;962;225;130753;61203;24.5;11.5
21;2021-05-02;2;5;130755;61208;24.5;11.5
21;2021-05-03;2081;1349;132836;62557;24.9;11.7
21;2021-05-04;2576;1639;135412;64196;25.4;12.0
21;2021-05-05;2247;1690;137659;65886;25.8;12.4
21;2021-05-06;3015;2246;140674;68132;26.4;12.8
21;2021-05-07;2805;2169;143479;70301;26.9;13.2
21;2021-05-08;1067;271;144546;70572;27.1;13.2
21;2021-05-09;26;177;144572;70749;27.1;13.3
21;2021-05-10;3168;1728;147740;72477;27.7;13.6
21;2021-05-11;4923;2002;152663;74479;28.6;14.0
21;2021-05-12;4805;1746;157468;76225;29.6;14.3
21;2021-05-13;3845;368;161313;76593;30.3;14.4
21;2021-05-14;5197;1469;166510;78062;31.2;14.6
21;2021-05-15;3428;647;169938;78709;31.9;14.8
21;2021-05-16;49;4;169987;78713;31.9;14.8
21;2021-05-17;4128;1256;174115;79969;32.7;15.0
21;2021-05-18;4358;1500;178473;81469;33.5;15.3
21;2021-05-19;3470;1125;181943;82594;34.1;15.5
21;2021-05-20;3898;1359;185841;83953;34.9;15.8
21;2021-05-21;3627;2153;189468;86106;35.6;16.2
21;2021-05-22;1669;768;191137;86874;35.9;16.3
21;2021-05-23;4;17;191141;86891;35.9;16.3
21;2021-05-24;1815;266;192956;87157;36.2;16.4
21;2021-05-25;2648;1961;195604;89118;36.7;16.7
21;2021-05-26;2604;2000;198208;91118;37.2;17.1
21;2021-05-27;4014;2088;202222;93206;37.9;17.5
21;2021-05-28;3572;2813;205794;96019;38.6;18.0
21;2021-05-29;1932;1468;207726;97487;39.0;18.3
21;2021-05-30;98;13;207824;97500;39.0;18.3
21;2021-05-31;2501;1776;210325;99276;39.5;18.6
21;2021-06-01;3449;2247;213774;101523;40.1;19.1
21;2021-06-02;2617;1757;216391;103280;40.6;19.4
21;2021-06-03;3147;2075;219538;105355;41.2;19.8
21;2021-06-04;3285;2585;222823;107940;41.8;20.3
21;2021-06-05;2922;1654;225745;109594;42.4;20.6
21;2021-06-06;51;85;225796;109679;42.4;20.6
21;2021-06-07;4314;1344;230110;111023;43.2;20.8
21;2021-06-08;4935;2144;235045;113167;44.1;21.2
21;2021-06-09;4500;1625;239545;114792;45.0;21.5
21;2021-06-10;3933;2595;243478;117387;45.7;22.0
21;2021-06-11;4164;3096;247642;120483;46.5;22.6
21;2021-06-12;2199;1606;249841;122089;46.9;22.9
21;2021-06-13;29;11;249870;122100;46.9;22.9
21;2021-06-14;2197;2563;252067;124663;47.3;23.4
21;2021-06-15;2958;3088;255025;127751;47.9;24.0
21;2021-06-16;2850;2609;257875;130360;48.4;24.5
21;2021-06-17;3421;3040;261296;133400;49.0;25.0
21;2021-06-18;2425;3796;263721;137196;49.5;25.7
21;2021-06-19;2045;1863;265766;139059;49.9;26.1
21;2021-06-20;26;13;265792;139072;49.9;26.1
21;2021-06-21;1840;3404;267632;142476;50.2;26.7
21;2021-06-22;1885;5828;269517;148304;50.6;27.8
21;2021-06-23;2030;5011;271547;153315;51.0;28.8
21;2021-06-24;2367;4663;273914;157978;51.4;29.6
21;2021-06-25;1530;5894;275444;163872;51.7;30.8
21;2021-06-26;1441;3898;276885;167770;52.0;31.5
21;2021-06-27;18;125;276903;167895;52.0;31.5
21;2021-06-28;1397;4014;278300;171909;52.2;32.3
21;2021-06-29;1634;4174;279934;176083;52.5;33.0
21;2021-06-30;1568;3372;281502;179455;52.8;33.7
21;2021-07-01;1663;4147;283165;183602;53.1;34.5
21;2021-07-02;2179;4229;285344;187831;53.5;35.2
21;2021-07-03;1094;2101;286438;189932;53.8;35.6
21;2021-07-04;37;55;286475;189987;53.8;35.7
21;2021-07-05;1610;3626;288085;193613;54.1;36.3
21;2021-07-06;1347;3580;289432;197193;54.3;37.0
21;2021-07-07;1455;3240;290887;200433;54.6;37.6
21;2021-07-08;1883;4159;292770;204592;54.9;38.4
21;2021-07-09;2081;4346;294851;208938;55.3;39.2
21;2021-07-10;1089;2546;295940;211484;55.5;39.7
21;2021-07-11;21;74;295961;211558;55.5;39.7
21;2021-07-12;1656;3727;297617;215285;55.9;40.4
21;2021-07-13;2343;4885;299960;220170;56.3;41.3
21;2021-07-14;2873;2017;302833;222187;56.8;41.7
21;2021-07-15;3814;4549;306647;226736;57.5;42.5
21;2021-07-16;3890;5250;310537;231986;58.3;43.5
21;2021-07-17;2775;4168;313312;236154;58.8;44.3
21;2021-07-18;157;82;313469;236236;58.8;44.3
21;2021-07-19;2374;4624;315843;240860;59.3;45.2
21;2021-07-20;2760;5486;318603;246346;59.8;46.2
21;2021-07-21;2908;4786;321511;251132;60.3;47.1
21;2021-07-22;3026;4719;324537;255851;60.9;48.0
21;2021-07-23;4352;4896;328889;260747;61.7;48.9
21;2021-07-24;3034;3020;331923;263767;62.3;49.5
21;2021-07-25;68;40;331991;263807;62.3;49.5
21;2021-07-26;2663;3587;334654;267394;62.8;50.2
21;2021-07-27;3412;3772;338066;271166;63.4;50.9
21;2021-07-28;3574;3353;341640;274519;64.1;51.5
21;2021-07-29;4133;3364;345773;277883;64.9;52.1
21;2021-07-30;4621;3345;350394;281228;65.8;52.8
21;2021-07-31;3427;2378;353821;283606;66.4;53.2
21;2021-08-01;330;57;354151;283663;66.5;53.2
21;2021-08-02;2539;3167;356690;286830;66.9;53.8
21;2021-08-03;2624;2761;359314;289591;67.4;54.3
21;2021-08-04;2363;2487;361677;292078;67.9;54.8
21;2021-08-05;2219;3078;363896;295156;68.3;55.4
21;2021-08-06;2590;3308;366486;298464;68.8;56.0
21;2021-08-07;1905;2660;368391;301124;69.1;56.5
21;2021-08-08;75;70;368466;301194;69.1;56.5
21;2021-08-09;1651;2930;370117;304124;69.5;57.1
21;2021-08-10;1413;2715;371530;306839;69.7;57.6
21;2021-08-11;1665;2446;373195;309285;70.0;58.0
21;2021-08-12;1174;2417;374369;311702;70.3;58.5
21;2021-08-13;1521;2747;375890;314449;70.5;59.0
21;2021-08-14;860;2435;376750;316884;70.7;59.5
21;2021-08-15;51;64;376801;316948;70.7;59.5
21;2021-08-16;1400;2823;378201;319771;71.0;60.0
21;2021-08-17;1205;2775;379406;322546;71.2;60.5
21;2021-08-18;1030;2872;380436;325418;71.4;61.1
21;2021-08-19;957;3067;381393;328485;71.6;61.6
21;2021-08-20;1063;4192;382456;332677;71.8;62.4
21;2021-08-21;844;3143;383300;335820;71.9;63.0
21;2021-08-22;32;116;383332;335936;71.9;63.0
21;2021-08-23;938;3220;384270;339156;72.1;63.6
21;2021-08-24;987;2877;385257;342033;72.3;64.2
21;2021-08-25;870;2551;386127;344584;72.5;64.7
21;2021-08-26;728;2426;386855;347010;72.6;65.1
21;2021-08-27;1035;3397;387890;350407;72.8;65.8
21;2021-08-28;711;2755;388601;353162;72.9;66.3
21;2021-08-29;45;215;388646;353377;72.9;66.3
21;2021-08-30;788;2270;389434;355647;73.1;66.7
21;2021-08-31;942;2106;390376;357753;73.3;67.1
21;2021-09-01;623;1782;390999;359535;73.4;67.5
21;2021-09-02;544;1460;391543;360995;73.5;67.7
21;2021-09-03;786;2033;392329;363028;73.6;68.1
21;2021-09-04;752;1674;393081;364702;73.8;68.4
21;2021-09-05;69;107;393150;364809;73.8;68.5
21;2021-09-06;407;1478;393557;366287;73.9;68.7
21;2021-09-07;389;1311;393946;367598;73.9;69.0
21;2021-09-08;547;1605;394493;369203;74.0;69.3
21;2021-09-09;397;1381;394890;370584;74.1;69.5
21;2021-09-10;647;1766;395537;372350;74.2;69.9
21;2021-09-11;468;1462;396005;373812;74.3;70.1
21;2021-09-12;19;35;396024;373847;74.3;70.2
21;2021-09-13;250;891;396274;374738;74.4;70.3
21;2021-09-14;459;1317;396733;376055;74.4;70.6
21;2021-09-15;485;905;397218;376960;74.5;70.7
21;2021-09-16;336;756;397554;377716;74.6;70.9
21;2021-09-17;549;1056;398103;378772;74.7;71.1
21;2021-09-18;327;1003;398430;379775;74.8;71.3
21;2021-09-19;5;21;398435;379796;74.8;71.3
21;2021-09-20;248;619;398683;380415;74.8;71.4
21;2021-09-21;365;663;399048;381078;74.9;71.5
21;2021-09-22;335;904;399383;381982;74.9;71.7
21;2021-09-23;273;521;399656;382503;75.0;71.8
21;2021-09-24;358;803;400014;383306;75.1;71.9
21;2021-09-25;215;865;400229;384171;75.1;72.1
21;2021-09-26;6;21;400235;384192;75.1;72.1
21;2021-09-27;240;447;400475;384639;75.2;72.2
21;2021-09-28;205;485;400680;385124;75.2;72.3
22;2020-12-27;0;0;0;0;0.0;0.0
22;2020-12-28;0;0;0;0;0.0;0.0
22;2020-12-29;0;0;0;0;0.0;0.0
22;2020-12-30;0;0;0;0;0.0;0.0
22;2020-12-31;0;0;0;0;0.0;0.0
22;2021-01-01;0;0;0;0;0.0;0.0
22;2021-01-02;2;0;2;0;0.0;0.0
22;2021-01-03;0;0;2;0;0.0;0.0
22;2021-01-04;5;0;7;0;0.0;0.0
22;2021-01-05;61;0;68;0;0.0;0.0
22;2021-01-06;114;1;182;1;0.0;0.0
22;2021-01-07;67;0;249;1;0.0;0.0
22;2021-01-08;174;0;423;1;0.1;0.0
22;2021-01-09;1;0;424;1;0.1;0.0
22;2021-01-10;0;0;424;1;0.1;0.0
22;2021-01-11;234;1;658;2;0.1;0.0
22;2021-01-12;627;0;1285;2;0.2;0.0
22;2021-01-13;677;1;1962;3;0.3;0.0
22;2021-01-14;717;8;2679;11;0.4;0.0
22;2021-01-15;529;2;3208;13;0.5;0.0
22;2021-01-16;96;0;3304;13;0.6;0.0
22;2021-01-17;1;0;3305;13;0.6;0.0
22;2021-01-18;312;1;3617;14;0.6;0.0
22;2021-01-19;687;0;4304;14;0.7;0.0
22;2021-01-20;598;1;4902;15;0.8;0.0
22;2021-01-21;947;1;5849;16;1.0;0.0
22;2021-01-22;840;2;6689;18;1.1;0.0
22;2021-01-23;219;0;6908;18;1.2;0.0
22;2021-01-24;2;0;6910;18;1.2;0.0
22;2021-01-25;751;9;7661;27;1.3;0.0
22;2021-01-26;1018;59;8679;86;1.5;0.0
22;2021-01-27;3858;109;12537;195;2.1;0.0
22;2021-01-28;4510;83;17047;278;2.9;0.0
22;2021-01-29;1897;120;18944;398;3.2;0.1
22;2021-01-30;289;0;19233;398;3.2;0.1
22;2021-01-31;3;0;19236;398;3.2;0.1
22;2021-02-01;642;75;19878;473;3.3;0.1
22;2021-02-02;903;414;20781;887;3.5;0.1
22;2021-02-03;691;472;21472;1359;3.6;0.2
22;2021-02-04;964;611;22436;1970;3.8;0.3
22;2021-02-05;723;512;23159;2482;3.9;0.4
22;2021-02-06;256;0;23415;2482;3.9;0.4
22;2021-02-07;0;0;23415;2482;3.9;0.4
22;2021-02-08;531;112;23946;2594;4.0;0.4
22;2021-02-09;614;264;24560;2858;4.1;0.5
22;2021-02-10;425;180;24985;3038;4.2;0.5
22;2021-02-11;1085;299;26070;3337;4.4;0.6
22;2021-02-12;594;296;26664;3633;4.5;0.6
22;2021-02-13;319;70;26983;3703;4.5;0.6
22;2021-02-14;0;4;26983;3707;4.5;0.6
22;2021-02-15;672;363;27655;4070;4.6;0.7
22;2021-02-16;1042;597;28697;4667;4.8;0.8
22;2021-02-17;1203;2311;29900;6978;5.0;1.2
22;2021-02-18;2146;2650;32046;9628;5.4;1.6
22;2021-02-19;1637;1753;33683;11381;5.6;1.9
22;2021-02-20;480;157;34163;11538;5.7;1.9
22;2021-02-21;6;49;34169;11587;5.7;1.9
22;2021-02-22;401;567;34570;12154;5.8;2.0
22;2021-02-23;665;764;35235;12918;5.9;2.2
22;2021-02-24;695;767;35930;13685;6.0;2.3
22;2021-02-25;1200;1003;37130;14688;6.2;2.5
22;2021-02-26;1066;601;38196;15289;6.4;2.6
22;2021-02-27;564;219;38760;15508;6.5;2.6
22;2021-02-28;16;8;38776;15516;6.5;2.6
22;2021-03-01;958;455;39734;15971;6.7;2.7
22;2021-03-02;1207;748;40941;16719;6.9;2.8
22;2021-03-03;1325;737;42266;17456;7.1;2.9
22;2021-03-04;1602;796;43868;18252;7.4;3.1
22;2021-03-05;2108;692;45976;18944;7.7;3.2
22;2021-03-06;1114;244;47090;19188;7.9;3.2
22;2021-03-07;219;1;47309;19189;7.9;3.2
22;2021-03-08;1291;585;48600;19774;8.2;3.3
22;2021-03-09;1824;670;50424;20444;8.5;3.4
22;2021-03-10;1988;927;52412;21371;8.8;3.6
22;2021-03-11;2375;1544;54787;22915;9.2;3.8
22;2021-03-12;3101;907;57888;23822;9.7;4.0
22;2021-03-13;1721;277;59609;24099;10.0;4.0
22;2021-03-14;245;23;59854;24122;10.0;4.0
22;2021-03-15;1620;555;61474;24677;10.3;4.1
22;2021-03-16;1603;837;63077;25514;10.6;4.3
22;2021-03-17;2651;689;65728;26203;11.0;4.4
22;2021-03-18;2552;1095;68280;27298;11.5;4.6
22;2021-03-19;3281;792;71561;28090;12.0;4.7
22;2021-03-20;2208;282;73769;28372;12.4;4.8
22;2021-03-21;16;0;73785;28372;12.4;4.8
22;2021-03-22;2363;359;76148;28731;12.8;4.8
22;2021-03-23;3142;780;79290;29511;13.3;4.9
22;2021-03-24;3485;682;82775;30193;13.9;5.1
22;2021-03-25;3961;606;86736;30799;14.5;5.2
22;2021-03-26;4003;482;90739;31281;15.2;5.2
22;2021-03-27;2092;179;92831;31460;15.6;5.3
22;2021-03-28;67;1;92898;31461;15.6;5.3
22;2021-03-29;2766;905;95664;32366;16.0;5.4
22;2021-03-30;3567;1148;99231;33514;16.6;5.6
22;2021-03-31;3674;1080;102905;34594;17.3;5.8
22;2021-04-01;4944;1129;107849;35723;18.1;6.0
22;2021-04-02;4390;1034;112239;36757;18.8;6.2
22;2021-04-03;1998;403;114237;37160;19.2;6.2
22;2021-04-04;37;0;114274;37160;19.2;6.2
22;2021-04-05;15;0;114289;37160;19.2;6.2
22;2021-04-06;3288;1135;117577;38295;19.7;6.4
22;2021-04-07;3429;1364;121006;39659;20.3;6.7
22;2021-04-08;4448;1322;125454;40981;21.0;6.9
22;2021-04-09;5183;1361;130637;42342;21.9;7.1
22;2021-04-10;2447;365;133084;42707;22.3;7.2
22;2021-04-11;485;10;133569;42717;22.4;7.2
22;2021-04-12;2988;1006;136557;43723;22.9;7.3
22;2021-04-13;3318;1516;139875;45239;23.5;7.6
22;2021-04-14;3167;2483;143042;47722;24.0;8.0
22;2021-04-15;3600;2430;146642;50152;24.6;8.4
22;2021-04-16;3632;2484;150274;52636;25.2;8.8
22;2021-04-17;1920;1792;152194;54428;25.5;9.1
22;2021-04-18;17;0;152211;54428;25.5;9.1
22;2021-04-19;3021;2145;155232;56573;26.0;9.5
22;2021-04-20;3310;2793;158542;59366;26.6;10.0
22;2021-04-21;3223;2731;161765;62097;27.1;10.4
22;2021-04-22;3593;3128;165358;65225;27.7;10.9
22;2021-04-23;3726;3172;169084;68397;28.4;11.5
22;2021-04-24;2005;1962;171089;70359;28.7;11.8
22;2021-04-25;17;0;171106;70359;28.7;11.8
22;2021-04-26;3213;2854;174319;73213;29.2;12.3
22;2021-04-27;3371;3128;177690;76341;29.8;12.8
22;2021-04-28;3488;3149;181178;79490;30.4;13.3
22;2021-04-29;4080;3244;185258;82734;31.1;13.9
22;2021-04-30;3906;3216;189164;85950;31.7;14.4
22;2021-05-01;60;69;189224;86019;31.7;14.4
22;2021-05-02;1237;59;190461;86078;31.9;14.4
22;2021-05-03;2029;2711;192490;88789;32.3;14.9
22;2021-05-04;2154;2893;194644;91682;32.6;15.4
22;2021-05-05;2049;3006;196693;94688;33.0;15.9
22;2021-05-06;2508;3488;199201;98176;33.4;16.5
22;2021-05-07;2829;3383;202030;101559;33.9;17.0
22;2021-05-08;45;120;202075;101679;33.9;17.1
22;2021-05-09;602;438;202677;102117;34.0;17.1
22;2021-05-10;4473;2728;207150;104845;34.7;17.6
22;2021-05-11;5107;2889;212257;107734;35.6;18.1
22;2021-05-12;6599;1016;218856;108750;36.7;18.2
22;2021-05-13;528;35;219384;108785;36.8;18.2
22;2021-05-14;6407;1075;225791;109860;37.9;18.4
22;2021-05-15;3988;419;229779;110279;38.5;18.5
22;2021-05-16;419;37;230198;110316;38.6;18.5
22;2021-05-17;5668;517;235866;110833;39.6;18.6
22;2021-05-18;6009;945;241875;111778;40.6;18.7
22;2021-05-19;6130;705;248005;112483;41.6;18.9
22;2021-05-20;6587;1369;254592;113852;42.7;19.1
22;2021-05-21;5898;1449;260490;115301;43.7;19.3
22;2021-05-22;4093;768;264583;116069;44.4;19.5
22;2021-05-23;407;17;264990;116086;44.4;19.5
22;2021-05-24;5314;226;270304;116312;45.3;19.5
22;2021-05-25;5637;1170;275941;117482;46.3;19.7
22;2021-05-26;4226;2807;280167;120289;47.0;20.2
22;2021-05-27;4503;3830;284670;124119;47.7;20.8
22;2021-05-28;4384;4418;289054;128537;48.5;21.6
22;2021-05-29;3046;1770;292100;130307;49.0;21.9
22;2021-05-30;19;7;292119;130314;49.0;21.9
22;2021-05-31;3652;3147;295771;133461;49.6;22.4
22;2021-06-01;3520;3685;299291;137146;50.2;23.0
22;2021-06-02;3085;3375;302376;140521;50.7;23.6
22;2021-06-03;3196;4085;305572;144606;51.3;24.3
22;2021-06-04;3371;4535;308943;149141;51.8;25.0
22;2021-06-05;3543;2025;312486;151166;52.4;25.4
22;2021-06-06;214;30;312700;151196;52.5;25.4
22;2021-06-07;3042;3255;315742;154451;53.0;25.9
22;2021-06-08;2798;3525;318540;157976;53.4;26.5
22;2021-06-09;2543;3506;321083;161482;53.9;27.1
22;2021-06-10;2516;4242;323599;165724;54.3;27.8
22;2021-06-11;2551;4226;326150;169950;54.7;28.5
22;2021-06-12;2411;1453;328561;171403;55.1;28.7
22;2021-06-13;133;1093;328694;172496;55.1;28.9
22;2021-06-14;2644;2462;331338;174958;55.6;29.3
22;2021-06-15;3095;2995;334433;177953;56.1;29.8
22;2021-06-16;3007;2806;337440;180759;56.6;30.3
22;2021-06-17;2560;3174;340000;183933;57.0;30.9
22;2021-06-18;3098;4111;343098;188044;57.5;31.5
22;2021-06-19;2984;1453;346082;189497;58.0;31.8
22;2021-06-20;157;8;346239;189505;58.1;31.8
22;2021-06-21;1783;5020;348022;194525;58.4;32.6
22;2021-06-22;2403;5548;350425;200073;58.8;33.6
22;2021-06-23;1284;6202;351709;206275;59.0;34.6
22;2021-06-24;2578;3912;354287;210187;59.4;35.3
22;2021-06-25;1568;6808;355855;216995;59.7;36.4
22;2021-06-26;783;3854;356638;220849;59.8;37.0
22;2021-06-27;4;511;356642;221360;59.8;37.1
22;2021-06-28;1051;5585;357693;226945;60.0;38.1
22;2021-06-29;1375;5949;359068;232894;60.2;39.1
22;2021-06-30;1129;5735;360197;238629;60.4;40.0
22;2021-07-01;1383;6034;361580;244663;60.6;41.0
22;2021-07-02;1709;6089;363289;250752;60.9;42.1
22;2021-07-03;1008;3818;364297;254570;61.1;42.7
22;2021-07-04;149;365;364446;254935;61.1;42.8
22;2021-07-05;1598;5804;366044;260739;61.4;43.7
22;2021-07-06;2313;5992;368357;266731;61.8;44.7
22;2021-07-07;2291;4933;370648;271664;62.2;45.6
22;2021-07-08;2502;5096;373150;276760;62.6;46.4
22;2021-07-09;2496;5377;375646;282137;63.0;47.3
22;2021-07-10;1808;3356;377454;285493;63.3;47.9
22;2021-07-11;484;75;377938;285568;63.4;47.9
22;2021-07-12;2333;4722;380271;290290;63.8;48.7
22;2021-07-13;3782;5054;384053;295344;64.4;49.5
22;2021-07-14;700;2494;384753;297838;64.5;50.0
22;2021-07-15;3868;4619;388621;302457;65.2;50.7
22;2021-07-16;3836;5290;392457;307747;65.8;51.6
22;2021-07-17;2558;3410;395015;311157;66.3;52.2
22;2021-07-18;570;88;395585;311245;66.4;52.2
22;2021-07-19;2772;4103;398357;315348;66.8;52.9
22;2021-07-20;3923;4129;402280;319477;67.5;53.6
22;2021-07-21;3998;3405;406278;322882;68.1;54.2
22;2021-07-22;4858;3704;411136;326586;69.0;54.8
22;2021-07-23;4452;4218;415588;330804;69.7;55.5
22;2021-07-24;2260;2614;417848;333418;70.1;55.9
22;2021-07-25;118;150;417966;333568;70.1;56.0
22;2021-07-26;3022;3918;420988;337486;70.6;56.6
22;2021-07-27;3725;4912;424713;342398;71.2;57.4
22;2021-07-28;3705;3661;428418;346059;71.9;58.0
22;2021-07-29;4294;3779;432712;349838;72.6;58.7
22;2021-07-30;4039;3971;436751;353809;73.3;59.3
22;2021-07-31;2403;2806;439154;356615;73.7;59.8
22;2021-08-01;118;150;439272;356765;73.7;59.8
22;2021-08-02;4670;2551;443942;359316;74.5;60.3
22;2021-08-03;4787;3428;448729;362744;75.3;60.8
22;2021-08-04;5773;2494;454502;365238;76.2;61.3
22;2021-08-05;4126;3802;458628;369040;76.9;61.9
22;2021-08-06;3654;3810;462282;372850;77.5;62.5
22;2021-08-07;2355;2269;464637;375119;77.9;62.9
22;2021-08-08;427;71;465064;375190;78.0;62.9
22;2021-08-09;2722;2706;467786;377896;78.5;63.4
22;2021-08-10;2732;3513;470518;381409;78.9;64.0
22;2021-08-11;2429;3115;472947;384524;79.3;64.5
22;2021-08-12;2215;3476;475162;388000;79.7;65.1
22;2021-08-13;1935;2969;477097;390969;80.0;65.6
22;2021-08-14;1343;1911;478440;392880;80.3;65.9
22;2021-08-15;86;198;478526;393078;80.3;65.9
22;2021-08-16;1470;3177;479996;396255;80.5;66.5
22;2021-08-17;1757;3459;481753;399714;80.8;67.0
22;2021-08-18;1407;3302;483160;403016;81.0;67.6
22;2021-08-19;1347;3609;484507;406625;81.3;68.2
22;2021-08-20;1462;3605;485969;410230;81.5;68.8
22;2021-08-21;816;2261;486785;412491;81.6;69.2
22;2021-08-22;151;308;486936;412799;81.7;69.2
22;2021-08-23;1966;3607;488902;416406;82.0;69.8
22;2021-08-24;1431;3247;490333;419653;82.2;70.4
22;2021-08-25;844;2507;491177;422160;82.4;70.8
22;2021-08-26;1056;4293;492233;426453;82.6;71.5
22;2021-08-27;1324;4601;493557;431054;82.8;72.3
22;2021-08-28;738;2517;494295;433571;82.9;72.7
22;2021-08-29;35;26;494330;433597;82.9;72.7
22;2021-08-30;923;2964;495253;436561;83.1;73.2
22;2021-08-31;965;3798;496218;440359;83.2;73.9
22;2021-09-01;966;3419;497184;443778;83.4;74.4
22;2021-09-02;835;3062;498019;446840;83.5;74.9
22;2021-09-03;938;3071;498957;449911;83.7;75.5
22;2021-09-04;781;2736;499738;452647;83.8;75.9
22;2021-09-05;96;47;499834;452694;83.8;75.9
22;2021-09-06;486;2187;500320;454881;83.9;76.3
22;2021-09-07;513;2301;500833;457182;84.0;76.7
22;2021-09-08;616;2190;501449;459372;84.1;77.1
22;2021-09-09;671;2314;502120;461686;84.2;77.4
22;2021-09-10;701;2439;502821;464125;84.3;77.8
22;2021-09-11;575;1821;503396;465946;84.4;78.2
22;2021-09-12;31;85;503427;466031;84.4;78.2
22;2021-09-13;482;2590;503909;468621;84.5;78.6
22;2021-09-14;585;2310;504494;470931;84.6;79.0
22;2021-09-15;450;1703;504944;472634;84.7;79.3
22;2021-09-16;551;1041;505495;473675;84.8;79.5
22;2021-09-17;619;1630;506114;475305;84.9;79.7
22;2021-09-18;283;2161;506397;477466;84.9;80.1
22;2021-09-19;0;8;506397;477474;84.9;80.1
22;2021-09-20;362;708;506759;478182;85.0;80.2
22;2021-09-21;363;955;507122;479137;85.1;80.4
22;2021-09-22;298;1160;507420;480297;85.1;80.6
22;2021-09-23;398;716;507818;481013;85.2;80.7
22;2021-09-24;362;1099;508180;482112;85.2;80.9
22;2021-09-25;218;1386;508398;483498;85.3;81.1
22;2021-09-26;12;70;508410;483568;85.3;81.1
22;2021-09-27;334;743;508744;484311;85.3;81.2
22;2021-09-28;183;575;508927;484886;85.4;81.3
23;2020-12-27;0;0;0;0;0.0;0.0
23;2020-12-28;2;0;2;0;0.0;0.0
23;2020-12-29;0;0;2;0;0.0;0.0
23;2020-12-30;0;0;2;0;0.0;0.0
23;2020-12-31;0;0;2;0;0.0;0.0
23;2021-01-01;0;0;2;0;0.0;0.0
23;2021-01-02;1;0;3;0;0.0;0.0
23;2021-01-03;1;0;4;0;0.0;0.0
23;2021-01-04;1;0;5;0;0.0;0.0
23;2021-01-05;3;0;8;0;0.0;0.0
23;2021-01-06;10;0;18;0;0.0;0.0
23;2021-01-07;116;1;134;1;0.1;0.0
23;2021-01-08;117;0;251;1;0.2;0.0
23;2021-01-09;36;0;287;1;0.2;0.0
23;2021-01-10;1;0;288;1;0.2;0.0
23;2021-01-11;176;1;464;2;0.4;0.0
23;2021-01-12;238;3;702;5;0.6;0.0
23;2021-01-13;308;0;1010;5;0.9;0.0
23;2021-01-14;293;4;1303;9;1.1;0.0
23;2021-01-15;334;5;1637;14;1.4;0.0
23;2021-01-16;163;1;1800;15;1.5;0.0
23;2021-01-17;0;0;1800;15;1.5;0.0
23;2021-01-18;342;3;2142;18;1.8;0.0
23;2021-01-19;498;2;2640;20;2.3;0.0
23;2021-01-20;363;1;3003;21;2.6;0.0
23;2021-01-21;700;1;3703;22;3.2;0.0
23;2021-01-22;479;0;4182;22;3.6;0.0
23;2021-01-23;368;1;4550;23;3.9;0.0
23;2021-01-24;0;0;4550;23;3.9;0.0
23;2021-01-25;382;16;4932;39;4.2;0.0
23;2021-01-26;301;5;5233;44;4.5;0.0
23;2021-01-27;226;2;5459;46;4.7;0.0
23;2021-01-28;232;30;5691;76;4.9;0.1
23;2021-01-29;304;98;5995;174;5.2;0.1
23;2021-01-30;100;24;6095;198;5.2;0.2
23;2021-01-31;2;33;6097;231;5.2;0.2
23;2021-02-01;148;80;6245;311;5.4;0.3
23;2021-02-02;157;107;6402;418;5.5;0.4
23;2021-02-03;105;178;6507;596;5.6;0.5
23;2021-02-04;77;248;6584;844;5.7;0.7
23;2021-02-05;117;274;6701;1118;5.8;1.0
23;2021-02-06;14;127;6715;1245;5.8;1.1
23;2021-02-07;1;0;6716;1245;5.8;1.1
23;2021-02-08;123;166;6839;1411;5.9;1.2
23;2021-02-09;89;254;6928;1665;6.0;1.4
23;2021-02-10;92;227;7020;1892;6.0;1.6
23;2021-02-11;246;513;7266;2405;6.2;2.1
23;2021-02-12;174;258;7440;2663;6.4;2.3
23;2021-02-13;8;178;7448;2841;6.4;2.4
23;2021-02-14;8;0;7456;2841;6.4;2.4
23;2021-02-15;157;300;7613;3141;6.5;2.7
23;2021-02-16;103;368;7716;3509;6.6;3.0
23;2021-02-17;65;403;7781;3912;6.7;3.4
23;2021-02-18;142;304;7923;4216;6.8;3.6
23;2021-02-19;109;203;8032;4419;6.9;3.8
23;2021-02-20;2;81;8034;4500;6.9;3.9
23;2021-02-21;0;0;8034;4500;6.9;3.9
23;2021-02-22;104;178;8138;4678;7.0;4.0
23;2021-02-23;108;174;8246;4852;7.1;4.2
23;2021-02-24;176;140;8422;4992;7.2;4.3
23;2021-02-25;184;86;8606;5078;7.4;4.4
23;2021-02-26;287;149;8893;5227;7.6;4.5
23;2021-02-27;112;11;9005;5238;7.7;4.5
23;2021-02-28;1;31;9006;5269;7.7;4.5
23;2021-03-01;88;172;9094;5441;7.8;4.7
23;2021-03-02;229;115;9323;5556;8.0;4.8
23;2021-03-03;133;79;9456;5635;8.1;4.8
23;2021-03-04;307;129;9763;5764;8.4;5.0
23;2021-03-05;517;104;10280;5868;8.8;5.0
23;2021-03-06;494;6;10774;5874;9.3;5.1
23;2021-03-07;313;3;11087;5877;9.5;5.1
23;2021-03-08;197;70;11284;5947;9.7;5.1
23;2021-03-09;421;102;11705;6049;10.1;5.2
23;2021-03-10;348;37;12053;6086;10.4;5.2
23;2021-03-11;324;44;12377;6130;10.6;5.3
23;2021-03-12;621;34;12998;6164;11.2;5.3
23;2021-03-13;287;12;13285;6176;11.4;5.3
23;2021-03-14;47;34;13332;6210;11.5;5.3
23;2021-03-15;220;124;13552;6334;11.7;5.4
23;2021-03-16;192;80;13744;6414;11.8;5.5
23;2021-03-17;131;99;13875;6513;11.9;5.6
23;2021-03-18;192;92;14067;6605;12.1;5.7
23;2021-03-19;207;117;14274;6722;12.3;5.8
23;2021-03-20;631;37;14905;6759;12.8;5.8
23;2021-03-21;128;0;15033;6759;12.9;5.8
23;2021-03-22;274;156;15307;6915;13.2;5.9
23;2021-03-23;504;101;15811;7016;13.6;6.0
23;2021-03-24;422;124;16233;7140;14.0;6.1
23;2021-03-25;820;188;17053;7328;14.7;6.3
23;2021-03-26;735;193;17788;7521;15.3;6.5
23;2021-03-27;507;50;18295;7571;15.7;6.5
23;2021-03-28;3;9;18298;7580;15.7;6.5
23;2021-03-29;358;108;18656;7688;16.0;6.6
23;2021-03-30;537;178;19193;7866;16.5;6.8
23;2021-03-31;411;171;19604;8037;16.9;6.9
23;2021-04-01;600;172;20204;8209;17.4;7.1
23;2021-04-02;498;296;20702;8505;17.8;7.3
23;2021-04-03;715;44;21417;8549;18.4;7.4
23;2021-04-04;4;0;21421;8549;18.4;7.4
23;2021-04-05;2;3;21423;8552;18.4;7.4
23;2021-04-06;382;293;21805;8845;18.8;7.6
23;2021-04-07;706;309;22511;9154;19.4;7.9
23;2021-04-08;805;237;23316;9391;20.1;8.1
23;2021-04-09;940;366;24256;9757;20.9;8.4
23;2021-04-10;1097;111;25353;9868;21.8;8.5
23;2021-04-11;21;2;25374;9870;21.8;8.5
23;2021-04-12;692;236;26066;10106;22.4;8.7
23;2021-04-13;670;302;26736;10408;23.0;9.0
23;2021-04-14;586;178;27322;10586;23.5;9.1
23;2021-04-15;928;185;28250;10771;24.3;9.3
23;2021-04-16;905;213;29155;10984;25.1;9.4
23;2021-04-17;996;553;30151;11537;25.9;9.9
23;2021-04-18;3;136;30154;11673;25.9;10.0
23;2021-04-19;612;297;30766;11970;26.5;10.3
23;2021-04-20;721;292;31487;12262;27.1;10.5
23;2021-04-21;733;397;32220;12659;27.7;10.9
23;2021-04-22;655;472;32875;13131;28.3;11.3
23;2021-04-23;596;346;33471;13477;28.8;11.6
23;2021-04-24;855;449;34326;13926;29.5;12.0
23;2021-04-25;0;0;34326;13926;29.5;12.0
23;2021-04-26;615;253;34941;14179;30.1;12.2
23;2021-04-27;675;419;35616;14598;30.6;12.6
23;2021-04-28;628;276;36244;14874;31.2;12.8
23;2021-04-29;883;379;37127;15253;31.9;13.1
23;2021-04-30;719;784;37846;16037;32.6;13.8
23;2021-05-01;1230;42;39076;16079;33.6;13.8
23;2021-05-02;14;0;39090;16079;33.6;13.8
23;2021-05-03;430;520;39520;16599;34.0;14.3
23;2021-05-04;617;513;40137;17112;34.5;14.7
23;2021-05-05;540;713;40677;17825;35.0;15.3
23;2021-05-06;728;698;41405;18523;35.6;15.9
23;2021-05-07;685;643;42090;19166;36.2;16.5
23;2021-05-08;1411;588;43501;19754;37.4;17.0
23;2021-05-09;4;0;43505;19754;37.4;17.0
23;2021-05-10;555;656;44060;20410;37.9;17.6
23;2021-05-11;560;764;44620;21174;38.4;18.2
23;2021-05-12;720;662;45340;21836;39.0;18.8
23;2021-05-13;538;56;45878;21892;39.5;18.8
23;2021-05-14;787;458;46665;22350;40.1;19.2
23;2021-05-15;995;235;47660;22585;41.0;19.4
23;2021-05-16;0;0;47660;22585;41.0;19.4
23;2021-05-17;566;448;48226;23033;41.5;19.8
23;2021-05-18;777;292;49003;23325;42.1;20.1
23;2021-05-19;1051;259;50054;23584;43.0;20.3
23;2021-05-20;838;314;50892;23898;43.8;20.6
23;2021-05-21;1108;311;52000;24209;44.7;20.8
23;2021-05-22;740;125;52740;24334;45.4;20.9
23;2021-05-23;3;20;52743;24354;45.4;20.9
23;2021-05-24;363;166;53106;24520;45.7;21.1
23;2021-05-25;908;336;54014;24856;46.5;21.4
23;2021-05-26;1077;227;55091;25083;47.4;21.6
23;2021-05-27;931;437;56022;25520;48.2;21.9
23;2021-05-28;781;743;56803;26263;48.9;22.6
23;2021-05-29;638;1099;57441;27362;49.4;23.5
23;2021-05-30;6;63;57447;27425;49.4;23.6
23;2021-05-31;433;539;57880;27964;49.8;24.1
23;2021-06-01;582;827;58462;28791;50.3;24.8
23;2021-06-02;625;516;59087;29307;50.8;25.2
23;2021-06-03;708;551;59795;29858;51.4;25.7
23;2021-06-04;778;614;60573;30472;52.1;26.2
23;2021-06-05;543;777;61116;31249;52.6;26.9
23;2021-06-06;0;0;61116;31249;52.6;26.9
23;2021-06-07;393;696;61509;31945;52.9;27.5
23;2021-06-08;323;776;61832;32721;53.2;28.1
23;2021-06-09;287;648;62119;33369;53.4;28.7
23;2021-06-10;374;690;62493;34059;53.7;29.3
23;2021-06-11;384;807;62877;34866;54.1;30.0
23;2021-06-12;376;1265;63253;36131;54.4;31.1
23;2021-06-13;13;5;63266;36136;54.4;31.1
23;2021-06-14;235;589;63501;36725;54.6;31.6
23;2021-06-15;229;860;63730;37585;54.8;32.3
23;2021-06-16;362;579;64092;38164;55.1;32.8
23;2021-06-17;339;810;64431;38974;55.4;33.5
23;2021-06-18;356;767;64787;39741;55.7;34.2
23;2021-06-19;493;1523;65280;41264;56.1;35.5
23;2021-06-20;2;11;65282;41275;56.1;35.5
23;2021-06-21;205;620;65487;41895;56.3;36.0
23;2021-06-22;216;687;65703;42582;56.5;36.6
23;2021-06-23;221;750;65924;43332;56.7;37.3
23;2021-06-24;200;606;66124;43938;56.9;37.8
23;2021-06-25;302;815;66426;44753;57.1;38.5
23;2021-06-26;221;999;66647;45752;57.3;39.3
23;2021-06-27;3;0;66650;45752;57.3;39.3
23;2021-06-28;115;690;66765;46442;57.4;39.9
23;2021-06-29;189;823;66954;47265;57.6;40.7
23;2021-06-30;169;944;67123;48209;57.7;41.5
23;2021-07-01;168;870;67291;49079;57.9;42.2
23;2021-07-02;192;1069;67483;50148;58.0;43.1
23;2021-07-03;250;979;67733;51127;58.3;44.0
23;2021-07-04;1;0;67734;51127;58.3;44.0
23;2021-07-05;160;805;67894;51932;58.4;44.7
23;2021-07-06;215;1043;68109;52975;58.6;45.6
23;2021-07-07;210;848;68319;53823;58.8;46.3
23;2021-07-08;254;740;68573;54563;59.0;46.9
23;2021-07-09;275;1012;68848;55575;59.2;47.8
23;2021-07-10;234;644;69082;56219;59.4;48.4
23;2021-07-11;0;0;69082;56219;59.4;48.4
23;2021-07-12;232;702;69314;56921;59.6;49.0
23;2021-07-13;471;917;69785;57838;60.0;49.7
23;2021-07-14;212;320;69997;58158;60.2;50.0
23;2021-07-15;483;810;70480;58968;60.6;50.7
23;2021-07-16;764;566;71244;59534;61.3;51.2
23;2021-07-17;220;478;71464;60012;61.5;51.6
23;2021-07-18;0;1;71464;60013;61.5;51.6
23;2021-07-19;704;628;72168;60641;62.1;52.2
23;2021-07-20;633;569;72801;61210;62.6;52.6
23;2021-07-21;702;636;73503;61846;63.2;53.2
23;2021-07-22;945;438;74448;62284;64.0;53.6
23;2021-07-23;841;508;75289;62792;64.8;54.0
23;2021-07-24;1013;439;76302;63231;65.6;54.4
23;2021-07-25;13;16;76315;63247;65.6;54.4
23;2021-07-26;788;563;77103;63810;66.3;54.9
23;2021-07-27;928;436;78031;64246;67.1;55.3
23;2021-07-28;877;411;78908;64657;67.9;55.6
23;2021-07-29;1049;400;79957;65057;68.8;56.0
23;2021-07-30;947;521;80904;65578;69.6;56.4
23;2021-07-31;1165;306;82069;65884;70.6;56.7
23;2021-08-01;19;8;82088;65892;70.6;56.7
23;2021-08-02;674;506;82762;66398;71.2;57.1
23;2021-08-03;767;458;83529;66856;71.8;57.5
23;2021-08-04;612;297;84141;67153;72.4;57.8
23;2021-08-05;692;365;84833;67518;73.0;58.1
23;2021-08-06;421;482;85254;68000;73.3;58.5
23;2021-08-07;299;188;85553;68188;73.6;58.6
23;2021-08-08;146;38;85699;68226;73.7;58.7
23;2021-08-09;492;492;86191;68718;74.1;59.1
23;2021-08-10;467;608;86658;69326;74.5;59.6
23;2021-08-11;428;487;87086;69813;74.9;60.0
23;2021-08-12;514;567;87600;70380;75.3;60.5
23;2021-08-13;420;578;88020;70958;75.7;61.0
23;2021-08-14;287;390;88307;71348;75.9;61.4
23;2021-08-15;27;9;88334;71357;76.0;61.4
23;2021-08-16;276;710;88610;72067;76.2;62.0
23;2021-08-17;278;729;88888;72796;76.4;62.6
23;2021-08-18;180;637;89068;73433;76.6;63.2
23;2021-08-19;257;726;89325;74159;76.8;63.8
23;2021-08-20;215;682;89540;74841;77.0;64.4
23;2021-08-21;140;500;89680;75341;77.1;64.8
23;2021-08-22;54;48;89734;75389;77.2;64.8
23;2021-08-23;149;816;89883;76205;77.3;65.5
23;2021-08-24;265;911;90148;77116;77.5;66.3
23;2021-08-25;187;791;90335;77907;77.7;67.0
23;2021-08-26;220;744;90555;78651;77.9;67.6
23;2021-08-27;213;639;90768;79290;78.1;68.2
23;2021-08-28;220;454;90988;79744;78.3;68.6
23;2021-08-29;15;88;91003;79832;78.3;68.7
23;2021-08-30;187;665;91190;80497;78.4;69.2
23;2021-08-31;227;672;91417;81169;78.6;69.8
23;2021-09-01;160;429;91577;81598;78.8;70.2
23;2021-09-02;118;346;91695;81944;78.9;70.5
23;2021-09-03;208;583;91903;82527;79.0;71.0
23;2021-09-04;178;846;92081;83373;79.2;71.7
23;2021-09-05;5;7;92086;83380;79.2;71.7
23;2021-09-06;132;489;92218;83869;79.3;72.1
23;2021-09-07;98;527;92316;84396;79.4;72.6
23;2021-09-08;121;486;92437;84882;79.5;73.0
23;2021-09-09;115;393;92552;85275;79.6;73.3
23;2021-09-10;150;450;92702;85725;79.7;73.7
23;2021-09-11;102;224;92804;85949;79.8;73.9
23;2021-09-12;5;16;92809;85965;79.8;73.9
23;2021-09-13;111;401;92920;86366;79.9;74.3
23;2021-09-14;111;464;93031;86830;80.0;74.7
23;2021-09-15;93;241;93124;87071;80.1;74.9
23;2021-09-16;127;152;93251;87223;80.2;75.0
23;2021-09-17;140;227;93391;87450;80.3;75.2
23;2021-09-18;44;224;93435;87674;80.4;75.4
23;2021-09-19;0;1;93435;87675;80.4;75.4
23;2021-09-20;59;217;93494;87892;80.4;75.6
23;2021-09-21;84;183;93578;88075;80.5;75.8
23;2021-09-22;71;260;93649;88335;80.5;76.0
23;2021-09-23;58;133;93707;88468;80.6;76.1
23;2021-09-24;64;234;93771;88702;80.6;76.3
23;2021-09-25;27;138;93798;88840;80.7;76.4
23;2021-09-26;0;1;93798;88841;80.7;76.4
23;2021-09-27;34;159;93832;89000;80.7;76.5
23;2021-09-28;34;133;93866;89133;80.7;76.7
24;2020-12-27;1;0;1;0;0.0;0.0
24;2020-12-28;1;0;2;0;0.0;0.0
24;2020-12-29;2;0;4;0;0.0;0.0
24;2020-12-30;1;0;5;0;0.0;0.0
24;2020-12-31;1;0;6;0;0.0;0.0
24;2021-01-01;2;0;8;0;0.0;0.0
24;2021-01-02;1;0;9;0;0.0;0.0
24;2021-01-03;0;0;9;0;0.0;0.0
24;2021-01-04;1;0;10;0;0.0;0.0
24;2021-01-05;1;0;11;0;0.0;0.0
24;2021-01-06;2;0;13;0;0.0;0.0
24;2021-01-07;190;0;203;0;0.0;0.0
24;2021-01-08;282;0;485;0;0.1;0.0
24;2021-01-09;185;13;670;13;0.2;0.0
24;2021-01-10;35;0;705;13;0.2;0.0
24;2021-01-11;269;0;974;13;0.2;0.0
24;2021-01-12;280;0;1254;13;0.3;0.0
24;2021-01-13;233;0;1487;13;0.4;0.0
24;2021-01-14;1020;21;2507;34;0.6;0.0
24;2021-01-15;605;4;3112;38;0.8;0.0
24;2021-01-16;88;0;3200;38;0.8;0.0
24;2021-01-17;2;1;3202;39;0.8;0.0
24;2021-01-18;300;0;3502;39;0.9;0.0
24;2021-01-19;467;1;3969;40;1.0;0.0
24;2021-01-20;557;0;4526;40;1.1;0.0
24;2021-01-21;644;6;5170;46;1.3;0.0
24;2021-01-22;516;1;5686;47;1.4;0.0
24;2021-01-23;154;1;5840;48;1.4;0.0
24;2021-01-24;4;0;5844;48;1.4;0.0
24;2021-01-25;442;0;6286;48;1.5;0.0
24;2021-01-26;638;65;6924;113;1.7;0.0
24;2021-01-27;1267;14;8191;127;2.0;0.0
24;2021-01-28;986;126;9177;253;2.2;0.1
24;2021-01-29;932;128;10109;381;2.5;0.1
24;2021-01-30;282;1;10391;382;2.5;0.1
24;2021-01-31;0;0;10391;382;2.5;0.1
24;2021-02-01;379;164;10770;546;2.6;0.1
24;2021-02-02;616;289;11386;835;2.8;0.2
24;2021-02-03;653;435;12039;1270;2.9;0.3
24;2021-02-04;978;382;13017;1652;3.2;0.4
24;2021-02-05;689;355;13706;2007;3.4;0.5
24;2021-02-06;141;35;13847;2042;3.4;0.5
24;2021-02-07;33;1;13880;2043;3.4;0.5
24;2021-02-08;310;222;14190;2265;3.5;0.6
24;2021-02-09;454;230;14644;2495;3.6;0.6
24;2021-02-10;378;101;15022;2596;3.7;0.6
24;2021-02-11;561;487;15583;3083;3.8;0.8
24;2021-02-12;496;373;16079;3456;3.9;0.8
24;2021-02-13;202;41;16281;3497;4.0;0.9
24;2021-02-14;89;0;16370;3497;4.0;0.9
24;2021-02-15;187;197;16557;3694;4.1;0.9
24;2021-02-16;336;450;16893;4144;4.1;1.0
24;2021-02-17;586;784;17479;4928;4.3;1.2
24;2021-02-18;444;648;17923;5576;4.4;1.4
24;2021-02-19;462;640;18385;6216;4.5;1.5
24;2021-02-20;164;107;18549;6323;4.5;1.5
24;2021-02-21;111;0;18660;6323;4.6;1.5
24;2021-02-22;427;454;19087;6777;4.7;1.7
24;2021-02-23;562;598;19649;7375;4.8;1.8
24;2021-02-24;539;734;20188;8109;4.9;2.0
24;2021-02-25;727;771;20915;8880;5.1;2.2
24;2021-02-26;978;830;21893;9710;5.4;2.4
24;2021-02-27;363;228;22256;9938;5.4;2.4
24;2021-02-28;25;4;22281;9942;5.5;2.4
24;2021-03-01;291;318;22572;10260;5.5;2.5
24;2021-03-02;541;380;23113;10640;5.7;2.6
24;2021-03-03;681;297;23794;10937;5.8;2.7
24;2021-03-04;914;468;24708;11405;6.1;2.8
24;2021-03-05;1067;519;25775;11924;6.3;2.9
24;2021-03-06;1125;126;26900;12050;6.6;3.0
24;2021-03-07;232;63;27132;12113;6.6;3.0
24;2021-03-08;530;217;27662;12330;6.8;3.0
24;2021-03-09;1174;395;28836;12725;7.1;3.1
24;2021-03-10;1142;413;29978;13138;7.3;3.2
24;2021-03-11;1607;443;31585;13581;7.7;3.3
24;2021-03-12;2058;429;33643;14010;8.2;3.4
24;2021-03-13;1348;181;34991;14191;8.6;3.5
24;2021-03-14;141;88;35132;14279;8.6;3.5
24;2021-03-15;953;163;36085;14442;8.8;3.5
24;2021-03-16;1144;228;37229;14670;9.1;3.6
24;2021-03-17;1217;279;38446;14949;9.4;3.7
24;2021-03-18;1054;550;39500;15499;9.7;3.8
24;2021-03-19;1251;526;40751;16025;10.0;3.9
24;2021-03-20;1054;143;41805;16168;10.2;4.0
24;2021-03-21;25;11;41830;16179;10.2;4.0
24;2021-03-22;1224;406;43054;16585;10.5;4.1
24;2021-03-23;1879;388;44933;16973;11.0;4.2
24;2021-03-24;1891;379;46824;17352;11.5;4.2
24;2021-03-25;1991;468;48815;17820;12.0;4.4
24;2021-03-26;2374;278;51189;18098;12.5;4.4
24;2021-03-27;1349;42;52538;18140;12.9;4.4
24;2021-03-28;63;9;52601;18149;12.9;4.4
24;2021-03-29;1673;327;54274;18476;13.3;4.5
24;2021-03-30;2410;390;56684;18866;13.9;4.6
24;2021-03-31;2186;308;58870;19174;14.4;4.7
24;2021-04-01;2197;309;61067;19483;15.0;4.8
24;2021-04-02;2073;391;63140;19874;15.5;4.9
24;2021-04-03;1376;121;64516;19995;15.8;4.9
24;2021-04-04;74;1;64590;19996;15.8;4.9
24;2021-04-05;948;60;65538;20056;16.0;4.9
24;2021-04-06;2355;700;67893;20756;16.6;5.1
24;2021-04-07;2717;691;70610;21447;17.3;5.3
24;2021-04-08;3001;959;73611;22406;18.0;5.5
24;2021-04-09;3488;1004;77099;23410;18.9;5.7
24;2021-04-10;2595;313;79694;23723;19.5;5.8
24;2021-04-11;1103;20;80797;23743;19.8;5.8
24;2021-04-12;2498;808;83295;24551;20.4;6.0
24;2021-04-13;2902;1202;86197;25753;21.1;6.3
24;2021-04-14;2938;1196;89135;26949;21.8;6.6
24;2021-04-15;2790;1104;91925;28053;22.5;6.9
24;2021-04-16;3265;975;95190;29028;23.3;7.1
24;2021-04-17;2273;500;97463;29528;23.9;7.2
24;2021-04-18;424;6;97887;29534;24.0;7.2
24;2021-04-19;1598;1011;99485;30545;24.4;7.5
24;2021-04-20;2268;1432;101753;31977;24.9;7.8
24;2021-04-21;2146;1443;103899;33420;25.4;8.2
24;2021-04-22;2061;1257;105960;34677;25.9;8.5
24;2021-04-23;1960;1335;107920;36012;26.4;8.8
24;2021-04-24;863;724;108783;36736;26.6;9.0
24;2021-04-25;54;4;108837;36740;26.7;9.0
24;2021-04-26;1295;1476;110132;38216;27.0;9.4
24;2021-04-27;1848;1879;111980;40095;27.4;9.8
24;2021-04-28;1506;1942;113486;42037;27.8;10.3
24;2021-04-29;1730;1883;115216;43920;28.2;10.8
24;2021-04-30;2271;1768;117487;45688;28.8;11.2
24;2021-05-01;2059;1062;119546;46750;29.3;11.4
24;2021-05-02;1925;218;121471;46968;29.7;11.5
24;2021-05-03;1474;1830;122945;48798;30.1;11.9
24;2021-05-04;2227;2295;125172;51093;30.6;12.5
24;2021-05-05;1891;2716;127063;53809;31.1;13.2
24;2021-05-06;1890;2795;128953;56604;31.6;13.9
24;2021-05-07;2263;2786;131216;59390;32.1;14.5
24;2021-05-08;1285;1150;132501;60540;32.4;14.8
24;2021-05-09;1169;903;133670;61443;32.7;15.0
24;2021-05-10;1097;2622;134767;64065;33.0;15.7
24;2021-05-11;2037;2783;136804;66848;33.5;16.4
24;2021-05-12;1924;2246;138728;69094;34.0;16.9
24;2021-05-13;1465;1214;140193;70308;34.3;17.2
24;2021-05-14;2378;1333;142571;71641;34.9;17.5
24;2021-05-15;2048;816;144619;72457;35.4;17.7
24;2021-05-16;1171;346;145790;72803;35.7;17.8
24;2021-05-17;2240;1250;148030;74053;36.2;18.1
24;2021-05-18;2485;1817;150515;75870;36.9;18.6
24;2021-05-19;2283;1376;152798;77246;37.4;18.9
24;2021-05-20;2375;1571;155173;78817;38.0;19.3
24;2021-05-21;2433;1415;157606;80232;38.6;19.6
24;2021-05-22;1719;409;159325;80641;39.0;19.7
24;2021-05-23;952;72;160277;80713;39.2;19.8
24;2021-05-24;1516;331;161793;81044;39.6;19.8
24;2021-05-25;2297;1383;164090;82427;40.2;20.2
24;2021-05-26;2148;1319;166238;83746;40.7;20.5
24;2021-05-27;1749;2192;167987;85938;41.1;21.0
24;2021-05-28;2144;1999;170131;87937;41.7;21.5
24;2021-05-29;1153;2082;171284;90019;41.9;22.0
24;2021-05-30;1418;169;172702;90188;42.3;22.1
24;2021-05-31;1740;1363;174442;91551;42.7;22.4
24;2021-06-01;2581;1977;177023;93528;43.3;22.9
24;2021-06-02;2654;1781;179677;95309;44.0;23.3
24;2021-06-03;2289;1458;181966;96767;44.6;23.7
24;2021-06-04;2377;1899;184343;98666;45.1;24.2
24;2021-06-05;2007;1413;186350;100079;45.6;24.5
24;2021-06-06;766;222;187116;100301;45.8;24.6
24;2021-06-07;1432;1497;188548;101798;46.2;24.9
24;2021-06-08;1677;1905;190225;103703;46.6;25.4
24;2021-06-09;1322;1596;191547;105299;46.9;25.8
24;2021-06-10;1577;1909;193124;107208;47.3;26.3
24;2021-06-11;1334;2077;194458;109285;47.6;26.8
24;2021-06-12;1118;2539;195576;111824;47.9;27.4
24;2021-06-13;1238;921;196814;112745;48.2;27.6
24;2021-06-14;1166;1858;197980;114603;48.5;28.1
24;2021-06-15;1488;2991;199468;117594;48.8;28.8
24;2021-06-16;1670;2732;201138;120326;49.3;29.5
24;2021-06-17;1544;2176;202682;122502;49.6;30.0
24;2021-06-18;1400;2859;204082;125361;50.0;30.7
24;2021-06-19;1273;1522;205355;126883;50.3;31.1
24;2021-06-20;514;501;205869;127384;50.4;31.2
24;2021-06-21;931;1833;206800;129217;50.6;31.6
24;2021-06-22;1451;2590;208251;131807;51.0;32.3
24;2021-06-23;1425;2417;209676;134224;51.3;32.9
24;2021-06-24;1137;1916;210813;136140;51.6;33.3
24;2021-06-25;968;2817;211781;138957;51.9;34.0
24;2021-06-26;866;2099;212647;141056;52.1;34.5
24;2021-06-27;402;979;213049;142035;52.2;34.8
24;2021-06-28;818;2482;213867;144517;52.4;35.4
24;2021-06-29;938;2867;214805;147384;52.6;36.1
24;2021-06-30;1111;2455;215916;149839;52.9;36.7
24;2021-07-01;1131;2303;217047;152142;53.1;37.3
24;2021-07-02;1096;2745;218143;154887;53.4;37.9
24;2021-07-03;810;1903;218953;156790;53.6;38.4
24;2021-07-04;411;1013;219364;157803;53.7;38.6
24;2021-07-05;793;2316;220157;160119;53.9;39.2
24;2021-07-06;879;3354;221036;163473;54.1;40.0
24;2021-07-07;1086;3040;222122;166513;54.4;40.8
24;2021-07-08;1339;2118;223461;168631;54.7;41.3
24;2021-07-09;1178;3216;224639;171847;55.0;42.1
24;2021-07-10;481;1963;225120;173810;55.1;42.6
24;2021-07-11;587;1189;225707;174999;55.3;42.9
24;2021-07-12;906;2517;226613;177516;55.5;43.5
24;2021-07-13;1323;3217;227936;180733;55.8;44.3
24;2021-07-14;619;1189;228555;181922;56.0;44.5
24;2021-07-15;1697;2776;230252;184698;56.4;45.2
24;2021-07-16;2149;2598;232401;187296;56.9;45.9
24;2021-07-17;1528;2239;233929;189535;57.3;46.4
24;2021-07-18;709;887;234638;190422;57.5;46.6
24;2021-07-19;1580;2188;236218;192610;57.8;47.2
24;2021-07-20;2017;2435;238235;195045;58.3;47.8
24;2021-07-21;1875;2329;240110;197374;58.8;48.3
24;2021-07-22;2350;2439;242460;199813;59.4;48.9
24;2021-07-23;2303;2623;244763;202436;59.9;49.6
24;2021-07-24;1807;1545;246570;203981;60.4;49.9
24;2021-07-25;816;875;247386;204856;60.6;50.2
24;2021-07-26;1572;2015;248958;206871;61.0;50.7
24;2021-07-27;2848;2289;251806;209160;61.7;51.2
24;2021-07-28;2764;1935;254570;211095;62.3;51.7
24;2021-07-29;3063;2237;257633;213332;63.1;52.2
24;2021-07-30;2466;1920;260099;215252;63.7;52.7
24;2021-07-31;1654;1566;261753;216818;64.1;53.1
24;2021-08-01;1117;658;262870;217476;64.4;53.3
24;2021-08-02;1946;1621;264816;219097;64.8;53.6
24;2021-08-03;2887;1908;267703;221005;65.6;54.1
24;2021-08-04;3077;1630;270780;222635;66.3;54.5
24;2021-08-05;3047;1438;273827;224073;67.0;54.9
24;2021-08-06;2537;1539;276364;225612;67.7;55.2
24;2021-08-07;1792;1121;278156;226733;68.1;55.5
24;2021-08-08;1107;687;279263;227420;68.4;55.7
24;2021-08-09;1740;1383;281003;228803;68.8;56.0
24;2021-08-10;2267;1785;283270;230588;69.4;56.5
24;2021-08-11;2278;1698;285548;232286;69.9;56.9
24;2021-08-12;1916;1957;287464;234243;70.4;57.4
24;2021-08-13;1530;1625;288994;235868;70.8;57.8
24;2021-08-14;1171;1242;290165;237110;71.1;58.1
24;2021-08-15;741;583;290906;237693;71.2;58.2
24;2021-08-16;1122;1704;292028;239397;71.5;58.6
24;2021-08-17;1632;2108;293660;241505;71.9;59.1
24;2021-08-18;1562;1925;295222;243430;72.3;59.6
24;2021-08-19;1125;2636;296347;246066;72.6;60.3
24;2021-08-20;1107;2428;297454;248494;72.8;60.8
24;2021-08-21;874;1634;298328;250128;73.0;61.2
24;2021-08-22;351;1102;298679;251230;73.1;61.5
24;2021-08-23;671;2036;299350;253266;73.3;62.0
24;2021-08-24;818;2395;300168;255661;73.5;62.6
24;2021-08-25;813;2323;300981;257984;73.7;63.2
24;2021-08-26;744;2839;301725;260823;73.9;63.9
24;2021-08-27;801;2763;302526;263586;74.1;64.5
24;2021-08-28;523;1910;303049;265496;74.2;65.0
24;2021-08-29;171;1029;303220;266525;74.2;65.3
24;2021-08-30;375;1965;303595;268490;74.3;65.7
24;2021-08-31;591;2489;304186;270979;74.5;66.4
24;2021-09-01;624;2481;304810;273460;74.6;67.0
24;2021-09-02;465;1901;305275;275361;74.8;67.4
24;2021-09-03;550;2236;305825;277597;74.9;68.0
24;2021-09-04;364;1995;306189;279592;75.0;68.5
24;2021-09-05;245;974;306434;280566;75.0;68.7
24;2021-09-06;344;1622;306778;282188;75.1;69.1
24;2021-09-07;477;1892;307255;284080;75.2;69.6
24;2021-09-08;399;1927;307654;286007;75.3;70.0
24;2021-09-09;335;1345;307989;287352;75.4;70.4
24;2021-09-10;376;1786;308365;289138;75.5;70.8
24;2021-09-11;316;1686;308681;290824;75.6;71.2
24;2021-09-12;92;432;308773;291256;75.6;71.3
24;2021-09-13;292;1232;309065;292488;75.7;71.6
24;2021-09-14;429;1134;309494;293622;75.8;71.9
24;2021-09-15;412;1267;309906;294889;75.9;72.2
24;2021-09-16;248;890;310154;295779;75.9;72.4
24;2021-09-17;409;1036;310563;296815;76.0;72.7
24;2021-09-18;307;1111;310870;297926;76.1;73.0
24;2021-09-19;45;347;310915;298273;76.1;73.0
24;2021-09-20;154;577;311069;298850;76.2;73.2
24;2021-09-21;379;407;311448;299257;76.3;73.3
24;2021-09-22;224;696;311672;299953;76.3;73.4
24;2021-09-23;135;389;311807;300342;76.3;73.5
24;2021-09-24;246;809;312053;301151;76.4;73.7
24;2021-09-25;212;592;312265;301743;76.5;73.9
24;2021-09-26;32;106;312297;301849;76.5;73.9
24;2021-09-27;176;492;312473;302341;76.5;74.0
24;2021-09-28;206;326;312679;302667;76.6;74.1
25;2020-12-27;0;0;0;0;0.0;0.0
25;2020-12-28;1;0;1;0;0.0;0.0
25;2020-12-29;0;0;1;0;0.0;0.0
25;2020-12-30;0;0;1;0;0.0;0.0
25;2020-12-31;3;0;4;0;0.0;0.0
25;2021-01-01;0;0;4;0;0.0;0.0
25;2021-01-02;1;0;5;0;0.0;0.0
25;2021-01-03;0;0;5;0;0.0;0.0
25;2021-01-04;1;0;6;0;0.0;0.0
25;2021-01-05;1;0;7;0;0.0;0.0
25;2021-01-06;75;1;82;1;0.0;0.0
25;2021-01-07;235;1;317;2;0.1;0.0
25;2021-01-08;345;1;662;3;0.1;0.0
25;2021-01-09;102;0;764;3;0.1;0.0
25;2021-01-10;0;0;764;3;0.1;0.0
25;2021-01-11;503;5;1267;8;0.2;0.0
25;2021-01-12;682;2;1949;10;0.4;0.0
25;2021-01-13;627;2;2576;12;0.5;0.0
25;2021-01-14;896;12;3472;24;0.6;0.0
25;2021-01-15;786;9;4258;33;0.8;0.0
25;2021-01-16;206;0;4464;33;0.8;0.0
25;2021-01-17;112;0;4576;33;0.8;0.0
25;2021-01-18;1297;6;5873;39;1.1;0.0
25;2021-01-19;1414;5;7287;44;1.4;0.0
25;2021-01-20;1422;4;8709;48;1.6;0.0
25;2021-01-21;1843;3;10552;51;2.0;0.0
25;2021-01-22;1509;4;12061;55;2.2;0.0
25;2021-01-23;499;0;12560;55;2.3;0.0
25;2021-01-24;119;0;12679;55;2.4;0.0
25;2021-01-25;990;0;13669;55;2.5;0.0
25;2021-01-26;1487;41;15156;96;2.8;0.0
25;2021-01-27;1248;67;16404;163;3.0;0.0
25;2021-01-28;1089;74;17493;237;3.2;0.0
25;2021-01-29;906;200;18399;437;3.4;0.1
25;2021-01-30;293;82;18692;519;3.5;0.1
25;2021-01-31;2;0;18694;519;3.5;0.1
25;2021-02-01;612;201;19306;720;3.6;0.1
25;2021-02-02;674;363;19980;1083;3.7;0.2
25;2021-02-03;758;214;20738;1297;3.8;0.2
25;2021-02-04;715;365;21453;1662;4.0;0.3
25;2021-02-05;520;425;21973;2087;4.1;0.4
25;2021-02-06;197;138;22170;2225;4.1;0.4
25;2021-02-07;2;34;22172;2259;4.1;0.4
25;2021-02-08;612;454;22784;2713;4.2;0.5
25;2021-02-09;615;422;23399;3135;4.3;0.6
25;2021-02-10;818;423;24217;3558;4.5;0.7
25;2021-02-11;589;734;24806;4292;4.6;0.8
25;2021-02-12;413;466;25219;4758;4.7;0.9
25;2021-02-13;97;113;25316;4871;4.7;0.9
25;2021-02-14;0;0;25316;4871;4.7;0.9
25;2021-02-15;186;811;25502;5682;4.7;1.1
25;2021-02-16;214;1181;25716;6863;4.8;1.3
25;2021-02-17;107;1028;25823;7891;4.8;1.5
25;2021-02-18;147;1139;25970;9030;4.8;1.7
25;2021-02-19;102;999;26072;10029;4.8;1.9
25;2021-02-20;27;364;26099;10393;4.8;1.9
25;2021-02-21;1;102;26100;10495;4.8;1.9
25;2021-02-22;83;875;26183;11370;4.9;2.1
25;2021-02-23;195;862;26378;12232;4.9;2.3
25;2021-02-24;104;804;26482;13036;4.9;2.4
25;2021-02-25;522;798;27004;13834;5.0;2.6
25;2021-02-26;607;817;27611;14651;5.1;2.7
25;2021-02-27;228;313;27839;14964;5.2;2.8
25;2021-02-28;6;1;27845;14965;5.2;2.8
25;2021-03-01;442;532;28287;15497;5.2;2.9
25;2021-03-02;654;710;28941;16207;5.4;3.0
25;2021-03-03;544;657;29485;16864;5.5;3.1
25;2021-03-04;1158;601;30643;17465;5.7;3.2
25;2021-03-05;1854;347;32497;17812;6.0;3.3
25;2021-03-06;1170;208;33667;18020;6.2;3.3
25;2021-03-07;9;7;33676;18027;6.2;3.3
25;2021-03-08;548;632;34224;18659;6.3;3.5
25;2021-03-09;1040;712;35264;19371;6.5;3.6
25;2021-03-10;1150;595;36414;19966;6.8;3.7
25;2021-03-11;1657;547;38071;20513;7.1;3.8
25;2021-03-12;1996;440;40067;20953;7.4;3.9
25;2021-03-13;1121;97;41188;21050;7.6;3.9
25;2021-03-14;35;0;41223;21050;7.6;3.9
25;2021-03-15;1125;138;42348;21188;7.9;3.9
25;2021-03-16;1287;121;43635;21309;8.1;4.0
25;2021-03-17;1414;137;45049;21446;8.4;4.0
25;2021-03-18;1526;85;46575;21531;8.6;4.0
25;2021-03-19;1595;127;48170;21658;8.9;4.0
25;2021-03-20;822;38;48992;21696;9.1;4.0
25;2021-03-21;24;0;49016;21696;9.1;4.0
25;2021-03-22;1485;85;50501;21781;9.4;4.0
25;2021-03-23;2161;154;52662;21935;9.8;4.1
25;2021-03-24;2418;97;55080;22032;10.2;4.1
25;2021-03-25;2837;195;57917;22227;10.7;4.1
25;2021-03-26;3160;182;61077;22409;11.3;4.2
25;2021-03-27;1112;89;62189;22498;11.5;4.2
25;2021-03-28;121;65;62310;22563;11.6;4.2
25;2021-03-29;1791;276;64101;22839;11.9;4.2
25;2021-03-30;2214;396;66315;23235;12.3;4.3
25;2021-03-31;2220;359;68535;23594;12.7;4.4
25;2021-04-01;2451;524;70986;24118;13.2;4.5
25;2021-04-02;2026;602;73012;24720;13.5;4.6
25;2021-04-03;447;110;73459;24830;13.6;4.6
25;2021-04-04;39;19;73498;24849;13.6;4.6
25;2021-04-05;145;4;73643;24853;13.7;4.6
25;2021-04-06;1937;685;75580;25538;14.0;4.7
25;2021-04-07;1878;849;77458;26387;14.4;4.9
25;2021-04-08;2435;822;79893;27209;14.8;5.0
25;2021-04-09;2597;998;82490;28207;15.3;5.2
25;2021-04-10;978;288;83468;28495;15.5;5.3
25;2021-04-11;105;28;83573;28523;15.5;5.3
25;2021-04-12;1556;966;85129;29489;15.8;5.5
25;2021-04-13;1988;1320;87117;30809;16.1;5.7
25;2021-04-14;1750;1215;88867;32024;16.5;5.9
25;2021-04-15;1997;1326;90864;33350;16.8;6.2
25;2021-04-16;2085;1007;92949;34357;17.2;6.4
25;2021-04-17;1104;415;94053;34772;17.4;6.4
25;2021-04-18;118;18;94171;34790;17.5;6.4
25;2021-04-19;1327;1243;95498;36033;17.7;6.7
25;2021-04-20;1615;1461;97113;37494;18.0;7.0
25;2021-04-21;1717;1631;98830;39125;18.3;7.3
25;2021-04-22;1855;1709;100685;40834;18.7;7.6
25;2021-04-23;1903;1769;102588;42603;19.0;7.9
25;2021-04-24;1278;703;103866;43306;19.3;8.0
25;2021-04-25;140;114;104006;43420;19.3;8.0
25;2021-04-26;1721;1686;105727;45106;19.6;8.4
25;2021-04-27;2804;1521;108531;46627;20.1;8.6
25;2021-04-28;2425;1554;110956;48181;20.6;8.9
25;2021-04-29;2648;1822;113604;50003;21.1;9.3
25;2021-04-30;3107;1559;116711;51562;21.6;9.6
25;2021-05-01;1789;334;118500;51896;22.0;9.6
25;2021-05-02;442;22;118942;51918;22.0;9.6
25;2021-05-03;2901;847;121843;52765;22.6;9.8
25;2021-05-04;2639;1881;124482;54646;23.1;10.1
25;2021-05-05;2597;1666;127079;56312;23.6;10.4
25;2021-05-06;2927;2164;130006;58476;24.1;10.8
25;2021-05-07;3063;2116;133069;60592;24.7;11.2
25;2021-05-08;1334;229;134403;60821;24.9;11.3
25;2021-05-09;244;87;134647;60908;25.0;11.3
25;2021-05-10;3129;1635;137776;62543;25.5;11.6
25;2021-05-11;3747;2038;141523;64581;26.2;12.0
25;2021-05-12;3688;1789;145211;66370;26.9;12.3
25;2021-05-13;3523;598;148734;66968;27.6;12.4
25;2021-05-14;4482;1305;153216;68273;28.4;12.7
25;2021-05-15;3282;710;156498;68983;29.0;12.8
25;2021-05-16;723;93;157221;69076;29.1;12.8
25;2021-05-17;4089;1098;161310;70174;29.9;13.0
25;2021-05-18;5205;1194;166515;71368;30.9;13.2
25;2021-05-19;5247;1134;171762;72502;31.8;13.4
25;2021-05-20;5134;1451;176896;73953;32.8;13.7
25;2021-05-21;5762;1981;182658;75934;33.9;14.1
25;2021-05-22;3174;722;185832;76656;34.4;14.2
25;2021-05-23;781;157;186613;76813;34.6;14.2
25;2021-05-24;1529;152;188142;76965;34.9;14.3
25;2021-05-25;3513;1650;191655;78615;35.5;14.6
25;2021-05-26;3974;1558;195629;80173;36.3;14.9
25;2021-05-27;4519;1895;200148;82068;37.1;15.2
25;2021-05-28;3994;2651;204142;84719;37.8;15.7
25;2021-05-29;2016;1021;206158;85740;38.2;15.9
25;2021-05-30;174;96;206332;85836;38.2;15.9
25;2021-05-31;2672;1705;209004;87541;38.7;16.2
25;2021-06-01;2729;2155;211733;89696;39.2;16.6
25;2021-06-02;2608;2246;214341;91942;39.7;17.0
25;2021-06-03;3274;2044;217615;93986;40.3;17.4
25;2021-06-04;3209;2408;220824;96394;40.9;17.9
25;2021-06-05;1491;1401;222315;97795;41.2;18.1
25;2021-06-06;987;259;223302;98054;41.4;18.2
25;2021-06-07;2782;2575;226084;100629;41.9;18.7
25;2021-06-08;2603;2761;228687;103390;42.4;19.2
25;2021-06-09;2382;2763;231069;106153;42.8;19.7
25;2021-06-10;2325;2653;233394;108806;43.3;20.2
25;2021-06-11;2709;3302;236103;112108;43.8;20.8
25;2021-06-12;1571;1855;237674;113963;44.1;21.1
25;2021-06-13;496;257;238170;114220;44.2;21.2
25;2021-06-14;1421;3753;239591;117973;44.4;21.9
25;2021-06-15;1644;3567;241235;121540;44.7;22.5
25;2021-06-16;1954;3273;243189;124813;45.1;23.1
25;2021-06-17;1474;3321;244663;128134;45.4;23.8
25;2021-06-18;2286;4297;246949;132431;45.8;24.5
25;2021-06-19;1348;1978;248297;134409;46.0;24.9
25;2021-06-20;59;239;248356;134648;46.0;25.0
25;2021-06-21;1139;4139;249495;138787;46.2;25.7
25;2021-06-22;1151;4672;250646;143459;46.5;26.6
25;2021-06-23;1404;4072;252050;147531;46.7;27.3
25;2021-06-24;1191;4085;253241;151616;46.9;28.1
25;2021-06-25;1640;5603;254881;157219;47.2;29.1
25;2021-06-26;626;3384;255507;160603;47.4;29.8
25;2021-06-27;451;877;255958;161480;47.4;29.9
25;2021-06-28;907;4476;256865;165956;47.6;30.8
25;2021-06-29;1130;5469;257995;171425;47.8;31.8
25;2021-06-30;1311;5372;259306;176797;48.1;32.8
25;2021-07-01;1706;5230;261012;182027;48.4;33.7
25;2021-07-02;1747;5061;262759;187088;48.7;34.7
25;2021-07-03;1042;2692;263801;189780;48.9;35.2
25;2021-07-04;409;722;264210;190502;49.0;35.3
25;2021-07-05;1299;2579;265509;193081;49.2;35.8
25;2021-07-06;1568;4745;267077;197826;49.5;36.7
25;2021-07-07;1597;4501;268674;202327;49.8;37.5
25;2021-07-08;1554;3932;270228;206259;50.1;38.2
25;2021-07-09;1796;4588;272024;210847;50.4;39.1
25;2021-07-10;781;2371;272805;213218;50.6;39.5
25;2021-07-11;127;307;272932;213525;50.6;39.6
25;2021-07-12;1404;3859;274336;217384;50.9;40.3
25;2021-07-13;2470;4769;276806;222153;51.3;41.2
25;2021-07-14;379;561;277185;222714;51.4;41.3
25;2021-07-15;2401;3655;279586;226369;51.8;42.0
25;2021-07-16;3485;3831;283071;230200;52.5;42.7
25;2021-07-17;2207;2040;285278;232240;52.9;43.1
25;2021-07-18;808;1299;286086;233539;53.0;43.3
25;2021-07-19;2543;4207;288629;237746;53.5;44.1
25;2021-07-20;3383;3713;292012;241459;54.1;44.8
25;2021-07-21;3300;3367;295312;244826;54.7;45.4
25;2021-07-22;3350;2983;298662;247809;55.4;45.9
25;2021-07-23;3566;3356;302228;251165;56.0;46.6
25;2021-07-24;1413;2270;303641;253435;56.3;47.0
25;2021-07-25;679;710;304320;254145;56.4;47.1
25;2021-07-26;3056;3009;307376;257154;57.0;47.7
25;2021-07-27;3835;2124;311211;259278;57.7;48.1
25;2021-07-28;3692;2119;314903;261397;58.4;48.5
25;2021-07-29;4320;2092;319223;263489;59.2;48.8
25;2021-07-30;4291;2489;323514;265978;60.0;49.3
25;2021-07-31;1821;1469;325335;267447;60.3;49.6
25;2021-08-01;1352;201;326687;267648;60.6;49.6
25;2021-08-02;2743;2210;329430;269858;61.1;50.0
25;2021-08-03;2839;2204;332269;272062;61.6;50.4
25;2021-08-04;2941;1429;335210;273491;62.1;50.7
25;2021-08-05;2205;1732;337415;275223;62.5;51.0
25;2021-08-06;2289;2349;339704;277572;63.0;51.5
25;2021-08-07;1294;1206;340998;278778;63.2;51.7
25;2021-08-08;325;477;341323;279255;63.3;51.8
25;2021-08-09;2024;2228;343347;281483;63.6;52.2
25;2021-08-10;1975;2524;345322;284007;64.0;52.6
25;2021-08-11;1832;2033;347154;286040;64.4;53.0
25;2021-08-12;2147;2503;349301;288543;64.8;53.5
25;2021-08-13;1711;2023;351012;290566;65.1;53.9
25;2021-08-14;969;1791;351981;292357;65.2;54.2
25;2021-08-15;9;45;351990;292402;65.2;54.2
25;2021-08-16;1260;3261;353250;295663;65.5;54.8
25;2021-08-17;1459;3286;354709;298949;65.8;55.4
25;2021-08-18;1235;2804;355944;301753;66.0;55.9
25;2021-08-19;987;2866;356931;304619;66.2;56.5
25;2021-08-20;1430;3691;358361;308310;66.4;57.2
25;2021-08-21;567;1782;358928;310092;66.5;57.5
25;2021-08-22;212;1273;359140;311365;66.6;57.7
25;2021-08-23;1109;3335;360249;314700;66.8;58.3
25;2021-08-24;1068;3234;361317;317934;67.0;58.9
25;2021-08-25;1015;3061;362332;320995;67.2;59.5
25;2021-08-26;1143;3006;363475;324001;67.4;60.1
25;2021-08-27;1202;3063;364677;327064;67.6;60.6
25;2021-08-28;588;1791;365265;328855;67.7;61.0
25;2021-08-29;160;513;365425;329368;67.7;61.1
25;2021-08-30;937;2823;366362;332191;67.9;61.6
25;2021-08-31;969;2420;367331;334611;68.1;62.0
25;2021-09-01;842;2574;368173;337185;68.2;62.5
25;2021-09-02;772;1953;368945;339138;68.4;62.9
25;2021-09-03;797;2216;369742;341354;68.5;63.3
25;2021-09-04;690;1555;370432;342909;68.7;63.6
25;2021-09-05;128;234;370560;343143;68.7;63.6
25;2021-09-06;631;1845;371191;344988;68.8;64.0
25;2021-09-07;489;1415;371680;346403;68.9;64.2
25;2021-09-08;621;1999;372301;348402;69.0;64.6
25;2021-09-09;423;1366;372724;349768;69.1;64.8
25;2021-09-10;840;2070;373564;351838;69.2;65.2
25;2021-09-11;372;1144;373936;352982;69.3;65.4
25;2021-09-12;110;231;374046;353213;69.3;65.5
25;2021-09-13;723;1340;374769;354553;69.5;65.7
25;2021-09-14;617;1323;375386;355876;69.6;66.0
25;2021-09-15;756;1478;376142;357354;69.7;66.2
25;2021-09-16;500;828;376642;358182;69.8;66.4
25;2021-09-17;740;1338;377382;359520;70.0;66.6
25;2021-09-18;319;869;377701;360389;70.0;66.8
25;2021-09-19;78;162;377779;360551;70.0;66.8
25;2021-09-20;452;739;378231;361290;70.1;67.0
25;2021-09-21;202;590;378433;361880;70.2;67.1
25;2021-09-22;450;1190;378883;363070;70.2;67.3
25;2021-09-23;252;456;379135;363526;70.3;67.4
25;2021-09-24;489;1051;379624;364577;70.4;67.6
25;2021-09-25;278;893;379902;365470;70.4;67.7
25;2021-09-26;8;5;379910;365475;70.4;67.7
25;2021-09-27;287;583;380197;366058;70.5;67.9
25;2021-09-28;207;441;380404;366499;70.5;67.9
26;2020-12-27;0;0;0;0;0.0;0.0
26;2020-12-28;0;0;0;0;0.0;0.0
26;2020-12-29;0;0;0;0;0.0;0.0
26;2020-12-30;0;0;0;0;0.0;0.0
26;2020-12-31;0;0;0;0;0.0;0.0
26;2021-01-01;1;0;1;0;0.0;0.0
26;2021-01-02;0;0;1;0;0.0;0.0
26;2021-01-03;0;0;1;0;0.0;0.0
26;2021-01-04;0;0;1;0;0.0;0.0
26;2021-01-05;0;0;1;0;0.0;0.0
26;2021-01-06;0;0;1;0;0.0;0.0
26;2021-01-07;168;0;169;0;0.0;0.0
26;2021-01-08;125;0;294;0;0.1;0.0
26;2021-01-09;2;0;296;0;0.1;0.0
26;2021-01-10;0;0;296;0;0.1;0.0
26;2021-01-11;266;2;562;2;0.1;0.0
26;2021-01-12;176;1;738;3;0.1;0.0
26;2021-01-13;418;1;1156;4;0.2;0.0
26;2021-01-14;489;0;1645;4;0.3;0.0
26;2021-01-15;563;1;2208;5;0.4;0.0
26;2021-01-16;250;1;2458;6;0.5;0.0
26;2021-01-17;0;0;2458;6;0.5;0.0
26;2021-01-18;637;1;3095;7;0.6;0.0
26;2021-01-19;786;2;3881;9;0.7;0.0
26;2021-01-20;742;0;4623;9;0.9;0.0
26;2021-01-21;807;2;5430;11;1.0;0.0
26;2021-01-22;787;4;6217;15;1.2;0.0
26;2021-01-23;563;3;6780;18;1.3;0.0
26;2021-01-24;24;0;6804;18;1.3;0.0
26;2021-01-25;696;2;7500;20;1.4;0.0
26;2021-01-26;801;4;8301;24;1.6;0.0
26;2021-01-27;823;6;9124;30;1.8;0.0
26;2021-01-28;1330;104;10454;134;2.0;0.0
26;2021-01-29;970;63;11424;197;2.2;0.0
26;2021-01-30;606;5;12030;202;2.3;0.0
26;2021-01-31;24;0;12054;202;2.3;0.0
26;2021-02-01;709;175;12763;377;2.5;0.1
26;2021-02-02;1276;199;14039;576;2.7;0.1
26;2021-02-03;1265;245;15304;821;2.9;0.2
26;2021-02-04;985;401;16289;1222;3.1;0.2
26;2021-02-05;674;291;16963;1513;3.3;0.3
26;2021-02-06;407;170;17370;1683;3.3;0.3
26;2021-02-07;57;2;17427;1685;3.3;0.3
26;2021-02-08;545;351;17972;2036;3.5;0.4
26;2021-02-09;617;405;18589;2441;3.6;0.5
26;2021-02-10;665;288;19254;2729;3.7;0.5
26;2021-02-11;753;252;20007;2981;3.8;0.6
26;2021-02-12;591;387;20598;3368;4.0;0.6
26;2021-02-13;388;237;20986;3605;4.0;0.7
26;2021-02-14;36;0;21022;3605;4.0;0.7
26;2021-02-15;414;397;21436;4002;4.1;0.8
26;2021-02-16;294;437;21730;4439;4.2;0.9
26;2021-02-17;194;579;21924;5018;4.2;1.0
26;2021-02-18;337;754;22261;5772;4.3;1.1
26;2021-02-19;341;690;22602;6462;4.3;1.2
26;2021-02-20;95;371;22697;6833;4.4;1.3
26;2021-02-21;3;17;22700;6850;4.4;1.3
26;2021-02-22;144;530;22844;7380;4.4;1.4
26;2021-02-23;398;879;23242;8259;4.5;1.6
26;2021-02-24;346;1082;23588;9341;4.5;1.8
26;2021-02-25;746;912;24334;10253;4.7;2.0
26;2021-02-26;926;530;25260;10783;4.9;2.1
26;2021-02-27;278;416;25538;11199;4.9;2.2
26;2021-02-28;3;28;25541;11227;4.9;2.2
26;2021-03-01;458;566;25999;11793;5.0;2.3
26;2021-03-02;742;534;26741;12327;5.1;2.4
26;2021-03-03;731;603;27472;12930;5.3;2.5
26;2021-03-04;1045;504;28517;13434;5.5;2.6
26;2021-03-05;1710;473;30227;13907;5.8;2.7
26;2021-03-06;2772;427;32999;14334;6.3;2.8
26;2021-03-07;2989;218;35988;14552;6.9;2.8
26;2021-03-08;908;582;36896;15134;7.1;2.9
26;2021-03-09;1325;501;38221;15635;7.3;3.0
26;2021-03-10;1218;470;39439;16105;7.6;3.1
26;2021-03-11;1609;613;41048;16718;7.9;3.2
26;2021-03-12;2215;458;43263;17176;8.3;3.3
26;2021-03-13;1886;317;45149;17493;8.7;3.4
26;2021-03-14;69;39;45218;17532;8.7;3.4
26;2021-03-15;1653;245;46871;17777;9.0;3.4
26;2021-03-16;1232;510;48103;18287;9.2;3.5
26;2021-03-17;1369;295;49472;18582;9.5;3.6
26;2021-03-18;1587;277;51059;18859;9.8;3.6
26;2021-03-19;2444;342;53503;19201;10.3;3.7
26;2021-03-20;1290;152;54793;19353;10.5;3.7
26;2021-03-21;61;20;54854;19373;10.5;3.7
26;2021-03-22;1847;196;56701;19569;10.9;3.8
26;2021-03-23;2474;277;59175;19846;11.4;3.8
26;2021-03-24;2551;245;61726;20091;11.9;3.9
26;2021-03-25;3044;338;64770;20429;12.4;3.9
26;2021-03-26;3050;355;67820;20784;13.0;4.0
26;2021-03-27;1244;162;69064;20946;13.3;4.0
26;2021-03-28;94;7;69158;20953;13.3;4.0
26;2021-03-29;1908;406;71066;21359;13.7;4.1
26;2021-03-30;2383;547;73449;21906;14.1;4.2
26;2021-03-31;2229;582;75678;22488;14.5;4.3
26;2021-04-01;2279;779;77957;23267;15.0;4.5
26;2021-04-02;2213;987;80170;24254;15.4;4.7
26;2021-04-03;551;1199;80721;25453;15.5;4.9
26;2021-04-04;215;883;80936;26336;15.5;5.1
26;2021-04-05;557;52;81493;26388;15.7;5.1
26;2021-04-06;1486;832;82979;27220;15.9;5.2
26;2021-04-07;1793;894;84772;28114;16.3;5.4
26;2021-04-08;3008;936;87780;29050;16.9;5.6
26;2021-04-09;3414;1009;91194;30059;17.5;5.8
26;2021-04-10;1356;924;92550;30983;17.8;6.0
26;2021-04-11;88;35;92638;31018;17.8;6.0
26;2021-04-12;1713;1125;94351;32143;18.1;6.2
26;2021-04-13;2797;1450;97148;33593;18.7;6.5
26;2021-04-14;2206;1483;99354;35076;19.1;6.7
26;2021-04-15;2282;1589;101636;36665;19.5;7.0
26;2021-04-16;2272;1589;103908;38254;20.0;7.3
26;2021-04-17;1095;840;105003;39094;20.2;7.5
26;2021-04-18;36;52;105039;39146;20.2;7.5
26;2021-04-19;1547;1570;106586;40716;20.5;7.8
26;2021-04-20;1797;1724;108383;42440;20.8;8.2
26;2021-04-21;2012;1509;110395;43949;21.2;8.4
26;2021-04-22;2289;1599;112684;45548;21.6;8.7
26;2021-04-23;2011;1637;114695;47185;22.0;9.1
26;2021-04-24;1655;844;116350;48029;22.4;9.2
26;2021-04-25;629;97;116979;48126;22.5;9.2
26;2021-04-26;1377;1595;118356;49721;22.7;9.6
26;2021-04-27;1986;1684;120342;51405;23.1;9.9
26;2021-04-28;1865;1540;122207;52945;23.5;10.2
26;2021-04-29;2866;1892;125073;54837;24.0;10.5
26;2021-04-30;2626;1762;127699;56599;24.5;10.9
26;2021-05-01;1538;380;129237;56979;24.8;10.9
26;2021-05-02;1084;118;130321;57097;25.0;11.0
26;2021-05-03;2200;1786;132521;58883;25.5;11.3
26;2021-05-04;2614;2363;135135;61246;26.0;11.8
26;2021-05-05;2772;2196;137907;63442;26.5;12.2
26;2021-05-06;3321;2226;141228;65668;27.1;12.6
26;2021-05-07;2860;2256;144088;67924;27.7;13.0
26;2021-05-08;1960;619;146048;68543;28.1;13.2
26;2021-05-09;713;123;146761;68666;28.2;13.2
26;2021-05-10;3022;1827;149783;70493;28.8;13.5
26;2021-05-11;4445;2182;154228;72675;29.6;14.0
26;2021-05-12;4828;1694;159056;74369;30.6;14.3
26;2021-05-13;4363;617;163419;74986;31.4;14.4
26;2021-05-14;4640;1549;168059;76535;32.3;14.7
26;2021-05-15;4468;625;172527;77160;33.1;14.8
26;2021-05-16;3629;344;176156;77504;33.8;14.9
26;2021-05-17;3657;1486;179813;78990;34.5;15.2
26;2021-05-18;4474;1741;184287;80731;35.4;15.5
26;2021-05-19;4486;1450;188773;82181;36.3;15.8
26;2021-05-20;4685;1765;193458;83946;37.2;16.1
26;2021-05-21;4729;1798;198187;85744;38.1;16.5
26;2021-05-22;3189;690;201376;86434;38.7;16.6
26;2021-05-23;1597;183;202973;86617;39.0;16.6
26;2021-05-24;3788;742;206761;87359;39.7;16.8
26;2021-05-25;3591;2345;210352;89704;40.4;17.2
26;2021-05-26;4177;2271;214529;91975;41.2;17.7
26;2021-05-27;4211;2458;218740;94433;42.0;18.1
26;2021-05-28;3776;2766;222516;97199;42.7;18.7
26;2021-05-29;3088;1654;225604;98853;43.3;19.0
26;2021-05-30;320;70;225924;98923;43.4;19.0
26;2021-05-31;3081;1854;229005;100777;44.0;19.4
26;2021-06-01;3111;2308;232116;103085;44.6;19.8
26;2021-06-02;2868;2219;234984;105304;45.1;20.2
26;2021-06-03;2850;2487;237834;107791;45.7;20.7
26;2021-06-04;2658;2908;240492;110699;46.2;21.3
26;2021-06-05;1806;1694;242298;112393;46.5;21.6
26;2021-06-06;9;0;242307;112393;46.5;21.6
26;2021-06-07;2346;2430;244653;114823;47.0;22.1
26;2021-06-08;2453;2293;247106;117116;47.5;22.5
26;2021-06-09;2096;2387;249202;119503;47.9;23.0
26;2021-06-10;1981;2763;251183;122266;48.3;23.5
26;2021-06-11;1896;3273;253079;125539;48.6;24.1
26;2021-06-12;1219;1790;254298;127329;48.9;24.5
26;2021-06-13;97;214;254395;127543;48.9;24.5
26;2021-06-14;1415;3498;255810;131041;49.1;25.2
26;2021-06-15;1585;3963;257395;135004;49.4;25.9
26;2021-06-16;1784;3472;259179;138476;49.8;26.6
26;2021-06-17;1509;3166;260688;141642;50.1;27.2
26;2021-06-18;1797;4368;262485;146010;50.4;28.0
26;2021-06-19;933;3177;263418;149187;50.6;28.7
26;2021-06-20;263;876;263681;150063;50.7;28.8
26;2021-06-21;1005;4557;264686;154620;50.8;29.7
26;2021-06-22;1061;5120;265747;159740;51.1;30.7
26;2021-06-23;1167;5071;266914;164811;51.3;31.7
26;2021-06-24;1258;4544;268172;169355;51.5;32.5
26;2021-06-25;1014;5541;269186;174896;51.7;33.6
26;2021-06-26;662;3823;269848;178719;51.8;34.3
26;2021-06-27;299;1273;270147;179992;51.9;34.6
26;2021-06-28;778;4757;270925;184749;52.0;35.5
26;2021-06-29;1097;4955;272022;189704;52.3;36.4
26;2021-06-30;1411;4890;273433;194594;52.5;37.4
26;2021-07-01;1651;4388;275084;198982;52.8;38.2
26;2021-07-02;1333;5163;276417;204145;53.1;39.2
26;2021-07-03;770;3322;277187;207467;53.2;39.9
26;2021-07-04;331;633;277518;208100;53.3;40.0
26;2021-07-05;887;4673;278405;212773;53.5;40.9
26;2021-07-06;1266;4199;279671;216972;53.7;41.7
26;2021-07-07;1440;3796;281111;220768;54.0;42.4
26;2021-07-08;2387;3330;283498;224098;54.5;43.0
26;2021-07-09;1558;4787;285056;228885;54.8;44.0
26;2021-07-10;910;2914;285966;231799;54.9;44.5
26;2021-07-11;332;347;286298;232146;55.0;44.6
26;2021-07-12;1113;4218;287411;236364;55.2;45.4
26;2021-07-13;2301;4343;289712;240707;55.7;46.2
26;2021-07-14;1060;813;290772;241520;55.9;46.4
26;2021-07-15;3166;3655;293938;245175;56.5;47.1
26;2021-07-16;2999;3688;296937;248863;57.0;47.8
26;2021-07-17;1876;1814;298813;250677;57.4;48.2
26;2021-07-18;20;24;298833;250701;57.4;48.2
26;2021-07-19;2724;3264;301557;253965;57.9;48.8
26;2021-07-20;3706;3370;305263;257335;58.6;49.4
26;2021-07-21;3587;3086;308850;260421;59.3;50.0
26;2021-07-22;4120;2970;312970;263391;60.1;50.6
26;2021-07-23;3860;3401;316830;266792;60.9;51.3
26;2021-07-24;2344;1363;319174;268155;61.3;51.5
26;2021-07-25;608;97;319782;268252;61.4;51.5
26;2021-07-26;3428;2581;323210;270833;62.1;52.0
26;2021-07-27;4838;2621;328048;273454;63.0;52.5
26;2021-07-28;4533;2387;332581;275841;63.9;53.0
26;2021-07-29;3902;2896;336483;278737;64.6;53.5
26;2021-07-30;3484;2671;339967;281408;65.3;54.1
26;2021-07-31;1144;1008;341111;282416;65.5;54.3
26;2021-08-01;419;108;341530;282524;65.6;54.3
26;2021-08-02;2953;2362;344483;284886;66.2;54.7
26;2021-08-03;3298;2295;347781;287181;66.8;55.2
26;2021-08-04;3997;2016;351778;289197;67.6;55.6
26;2021-08-05;3153;2204;354931;291401;68.2;56.0
26;2021-08-06;3174;2638;358105;294039;68.8;56.5
26;2021-08-07;640;844;358745;294883;68.9;56.6
26;2021-08-08;29;13;358774;294896;68.9;56.6
26;2021-08-09;2191;3062;360965;297958;69.3;57.2
26;2021-08-10;2341;3049;363306;301007;69.8;57.8
26;2021-08-11;2077;2719;365383;303726;70.2;58.3
26;2021-08-12;1773;2587;367156;306313;70.5;58.8
26;2021-08-13;1742;2424;368898;308737;70.9;59.3
26;2021-08-14;272;872;369170;309609;70.9;59.5
26;2021-08-15;6;8;369176;309617;70.9;59.5
26;2021-08-16;1190;3291;370366;312908;71.1;60.1
26;2021-08-17;1520;3152;371886;316060;71.4;60.7
26;2021-08-18;1631;3375;373517;319435;71.8;61.4
26;2021-08-19;1552;3069;375069;322504;72.1;62.0
26;2021-08-20;1446;2979;376515;325483;72.3;62.5
26;2021-08-21;599;1090;377114;326573;72.4;62.7
26;2021-08-22;58;379;377172;326952;72.5;62.8
26;2021-08-23;1599;3621;378771;330573;72.8;63.5
26;2021-08-24;1748;3595;380519;334168;73.1;64.2
26;2021-08-25;1605;3659;382124;337827;73.4;64.9
26;2021-08-26;1491;3159;383615;340986;73.7;65.5
26;2021-08-27;1568;3606;385183;344592;74.0;66.2
26;2021-08-28;395;1104;385578;345696;74.1;66.4
26;2021-08-29;10;25;385588;345721;74.1;66.4
26;2021-08-30;1464;3440;387052;349161;74.4;67.1
26;2021-08-31;1286;3433;388338;352594;74.6;67.7
26;2021-09-01;1374;2815;389712;355409;74.9;68.3
26;2021-09-02;1113;2152;390825;357561;75.1;68.7
26;2021-09-03;1103;2753;391928;360314;75.3;69.2
26;2021-09-04;429;740;392357;361054;75.4;69.4
26;2021-09-05;25;24;392382;361078;75.4;69.4
26;2021-09-06;731;1779;393113;362857;75.5;69.7
26;2021-09-07;757;1693;393870;364550;75.7;70.0
26;2021-09-08;847;1926;394717;366476;75.8;70.4
26;2021-09-09;505;1609;395222;368085;75.9;70.7
26;2021-09-10;833;2057;396055;370142;76.1;71.1
26;2021-09-11;304;800;396359;370942;76.1;71.3
26;2021-09-12;1;5;396360;370947;76.1;71.3
26;2021-09-13;540;1730;396900;372677;76.2;71.6
26;2021-09-14;720;1699;397620;374376;76.4;71.9
26;2021-09-15;711;1828;398331;376204;76.5;72.3
26;2021-09-16;490;1006;398821;377210;76.6;72.5
26;2021-09-17;613;1731;399434;378941;76.7;72.8
26;2021-09-18;271;742;399705;379683;76.8;72.9
26;2021-09-19;4;13;399709;379696;76.8;72.9
26;2021-09-20;334;1095;400043;380791;76.8;73.2
26;2021-09-21;415;1012;400458;381803;76.9;73.3
26;2021-09-22;423;1519;400881;383322;77.0;73.6
26;2021-09-23;359;779;401240;384101;77.1;73.8
26;2021-09-24;439;1432;401679;385533;77.2;74.1
26;2021-09-25;179;595;401858;386128;77.2;74.2
26;2021-09-26;2;19;401860;386147;77.2;74.2
26;2021-09-27;312;811;402172;386958;77.3;74.3
26;2021-09-28;241;607;402413;387565;77.3;74.5
27;2020-12-27;1;0;1;0;0.0;0.0
27;2020-12-28;1;0;2;0;0.0;0.0
27;2020-12-29;2;0;4;0;0.0;0.0
27;2020-12-30;0;0;4;0;0.0;0.0
27;2020-12-31;0;0;4;0;0.0;0.0
27;2021-01-01;0;0;4;0;0.0;0.0
27;2021-01-02;0;0;4;0;0.0;0.0
27;2021-01-03;2;0;6;0;0.0;0.0
27;2021-01-04;0;0;6;0;0.0;0.0
27;2021-01-05;15;0;21;0;0.0;0.0
27;2021-01-06;161;0;182;0;0.0;0.0
27;2021-01-07;371;1;553;1;0.1;0.0
27;2021-01-08;443;0;996;1;0.2;0.0
27;2021-01-09;72;1;1068;2;0.2;0.0
27;2021-01-10;100;0;1168;2;0.2;0.0
27;2021-01-11;384;0;1552;2;0.3;0.0
27;2021-01-12;409;2;1961;4;0.3;0.0
27;2021-01-13;840;1;2801;5;0.5;0.0
27;2021-01-14;1629;24;4430;29;0.7;0.0
27;2021-01-15;1222;3;5652;32;0.9;0.0
27;2021-01-16;332;1;5984;33;1.0;0.0
27;2021-01-17;205;0;6189;33;1.0;0.0
27;2021-01-18;800;2;6989;35;1.2;0.0
27;2021-01-19;772;3;7761;38;1.3;0.0
27;2021-01-20;871;1;8632;39;1.4;0.0
27;2021-01-21;654;4;9286;43;1.5;0.0
27;2021-01-22;779;4;10065;47;1.7;0.0
27;2021-01-23;350;0;10415;47;1.7;0.0
27;2021-01-24;169;2;10584;49;1.8;0.0
27;2021-01-25;635;13;11219;62;1.9;0.0
27;2021-01-26;462;16;11681;78;1.9;0.0
27;2021-01-27;506;98;12187;176;2.0;0.0
27;2021-01-28;517;234;12704;410;2.1;0.1
27;2021-01-29;509;99;13213;509;2.2;0.1
27;2021-01-30;242;23;13455;532;2.2;0.1
27;2021-01-31;27;18;13482;550;2.2;0.1
27;2021-02-01;348;178;13830;728;2.3;0.1
27;2021-02-02;308;237;14138;965;2.4;0.2
27;2021-02-03;487;350;14625;1315;2.4;0.2
27;2021-02-04;717;795;15342;2110;2.6;0.4
27;2021-02-05;664;963;16006;3073;2.7;0.5
27;2021-02-06;126;190;16132;3263;2.7;0.5
27;2021-02-07;25;35;16157;3298;2.7;0.5
27;2021-02-08;312;299;16469;3597;2.7;0.6
27;2021-02-09;341;410;16810;4007;2.8;0.7
27;2021-02-10;305;445;17115;4452;2.8;0.7
27;2021-02-11;318;365;17433;4817;2.9;0.8
27;2021-02-12;230;436;17663;5253;2.9;0.9
27;2021-02-13;151;101;17814;5354;3.0;0.9
27;2021-02-14;6;64;17820;5418;3.0;0.9
27;2021-02-15;390;442;18210;5860;3.0;1.0
27;2021-02-16;296;522;18506;6382;3.1;1.1
27;2021-02-17;247;464;18753;6846;3.1;1.1
27;2021-02-18;363;493;19116;7339;3.2;1.2
27;2021-02-19;218;531;19334;7870;3.2;1.3
27;2021-02-20;129;203;19463;8073;3.2;1.3
27;2021-02-21;12;96;19475;8169;3.2;1.4
27;2021-02-22;482;446;19957;8615;3.3;1.4
27;2021-02-23;496;515;20453;9130;3.4;1.5
27;2021-02-24;543;530;20996;9660;3.5;1.6
27;2021-02-25;847;627;21843;10287;3.6;1.7
27;2021-02-26;953;600;22796;10887;3.8;1.8
27;2021-02-27;408;131;23204;11018;3.9;1.8
27;2021-02-28;173;24;23377;11042;3.9;1.8
27;2021-03-01;488;375;23865;11417;4.0;1.9
27;2021-03-02;765;282;24630;11699;4.1;1.9
27;2021-03-03;852;283;25482;11982;4.2;2.0
27;2021-03-04;887;206;26369;12188;4.4;2.0
27;2021-03-05;1304;203;27673;12391;4.6;2.1
27;2021-03-06;1637;100;29310;12491;4.9;2.1
27;2021-03-07;619;16;29929;12507;5.0;2.1
27;2021-03-08;1204;265;31133;12772;5.2;2.1
27;2021-03-09;1827;229;32960;13001;5.5;2.2
27;2021-03-10;2116;326;35076;13327;5.8;2.2
27;2021-03-11;2162;200;37238;13527;6.2;2.3
27;2021-03-12;2817;192;40055;13719;6.7;2.3
27;2021-03-13;1919;120;41974;13839;7.0;2.3
27;2021-03-14;655;16;42629;13855;7.1;2.3
27;2021-03-15;1556;212;44185;14067;7.4;2.3
27;2021-03-16;1489;236;45674;14303;7.6;2.4
27;2021-03-17;1856;357;47530;14660;7.9;2.4
27;2021-03-18;1687;344;49217;15004;8.2;2.5
27;2021-03-19;1834;161;51051;15165;8.5;2.5
27;2021-03-20;905;41;51956;15206;8.6;2.5
27;2021-03-21;258;3;52214;15209;8.7;2.5
27;2021-03-22;1235;534;53449;15743;8.9;2.6
27;2021-03-23;1627;439;55076;16182;9.2;2.7
27;2021-03-24;1523;469;56599;16651;9.4;2.8
27;2021-03-25;2165;505;58764;17156;9.8;2.9
27;2021-03-26;2531;433;61295;17589;10.2;2.9
27;2021-03-27;1568;200;62863;17789;10.5;3.0
27;2021-03-28;1149;49;64012;17838;10.7;3.0
27;2021-03-29;1375;820;65387;18658;10.9;3.1
27;2021-03-30;1391;835;66778;19493;11.1;3.2
27;2021-03-31;1486;866;68264;20359;11.4;3.4
27;2021-04-01;1956;809;70220;21168;11.7;3.5
27;2021-04-02;1999;1170;72219;22338;12.0;3.7
27;2021-04-03;1563;732;73782;23070;12.3;3.8
27;2021-04-04;978;176;74760;23246;12.4;3.9
27;2021-04-05;283;6;75043;23252;12.5;3.9
27;2021-04-06;1413;1791;76456;25043;12.7;4.2
27;2021-04-07;1323;1742;77779;26785;12.9;4.5
27;2021-04-08;1684;1677;79463;28462;13.2;4.7
27;2021-04-09;2947;1558;82410;30020;13.7;5.0
27;2021-04-10;2033;986;84443;31006;14.1;5.2
27;2021-04-11;946;211;85389;31217;14.2;5.2
27;2021-04-12;2434;1507;87823;32724;14.6;5.4
27;2021-04-13;2393;1547;90216;34271;15.0;5.7
27;2021-04-14;2085;1623;92301;35894;15.4;6.0
27;2021-04-15;1874;1658;94175;37552;15.7;6.3
27;2021-04-16;2751;1109;96926;38661;16.1;6.4
27;2021-04-17;2168;496;99094;39157;16.5;6.5
27;2021-04-18;452;16;99546;39173;16.6;6.5
27;2021-04-19;1712;1174;101258;40347;16.9;6.7
27;2021-04-20;2387;1299;103645;41646;17.3;6.9
27;2021-04-21;2210;1081;105855;42727;17.6;7.1
27;2021-04-22;2180;1417;108035;44144;18.0;7.3
27;2021-04-23;2446;1172;110481;45316;18.4;7.5
27;2021-04-24;3260;1147;113741;46463;18.9;7.7
27;2021-04-25;1130;1051;114871;47514;19.1;7.9
27;2021-04-26;1925;1147;116796;48661;19.4;8.1
27;2021-04-27;2528;1082;119324;49743;19.9;8.3
27;2021-04-28;2395;1310;121719;51053;20.3;8.5
27;2021-04-29;2491;1472;124210;52525;20.7;8.7
27;2021-04-30;2371;1604;126581;54129;21.1;9.0
27;2021-05-01;2638;890;129219;55019;21.5;9.2
27;2021-05-02;1952;897;131171;55916;21.8;9.3
27;2021-05-03;3063;872;134234;56788;22.3;9.5
27;2021-05-04;2781;1648;137015;58436;22.8;9.7
27;2021-05-05;2816;1649;139831;60085;23.3;10.0
27;2021-05-06;3184;1281;143015;61366;23.8;10.2
27;2021-05-07;3322;1979;146337;63345;24.4;10.5
27;2021-05-08;2805;1329;149142;64674;24.8;10.8
27;2021-05-09;1696;297;150838;64971;25.1;10.8
27;2021-05-10;2950;2269;153788;67240;25.6;11.2
27;2021-05-11;3358;1753;157146;68993;26.2;11.5
27;2021-05-12;3463;1725;160609;70718;26.7;11.8
27;2021-05-13;1892;254;162501;70972;27.1;11.8
27;2021-05-14;3884;1783;166385;72755;27.7;12.1
27;2021-05-15;6601;951;172986;73706;28.8;12.3
27;2021-05-16;3668;438;176654;74144;29.4;12.3
27;2021-05-17;2775;1160;179429;75304;29.9;12.5
27;2021-05-18;3845;1296;183274;76600;30.5;12.8
27;2021-05-19;3967;1154;187241;77754;31.2;12.9
27;2021-05-20;3874;1171;191115;78925;31.8;13.1
27;2021-05-21;3967;1789;195082;80714;32.5;13.4
27;2021-05-22;4367;802;199449;81516;33.2;13.6
27;2021-05-23;799;173;200248;81689;33.3;13.6
27;2021-05-24;1489;342;201737;82031;33.6;13.7
27;2021-05-25;3511;1606;205248;83637;34.2;13.9
27;2021-05-26;3855;1740;209103;85377;34.8;14.2
27;2021-05-27;3789;1478;212892;86855;35.4;14.5
27;2021-05-28;3403;2621;216295;89476;36.0;14.9
27;2021-05-29;4822;2293;221117;91769;36.8;15.3
27;2021-05-30;1117;247;222234;92016;37.0;15.3
27;2021-05-31;3465;2272;225699;94288;37.6;15.7
27;2021-06-01;3813;2239;229512;96527;38.2;16.1
27;2021-06-02;3341;2175;232853;98702;38.8;16.4
27;2021-06-03;4430;2115;237283;100817;39.5;16.8
27;2021-06-04;3603;2962;240886;103779;40.1;17.3
27;2021-06-05;3207;3347;244093;107126;40.6;17.8
27;2021-06-06;2004;1005;246097;108131;41.0;18.0
27;2021-06-07;2570;2353;248667;110484;41.4;18.4
27;2021-06-08;3126;2371;251793;112855;41.9;18.8
27;2021-06-09;2305;2470;254098;115325;42.3;19.2
27;2021-06-10;2431;2038;256529;117363;42.7;19.5
27;2021-06-11;2889;3766;259418;121129;43.2;20.2
27;2021-06-12;1982;4191;261400;125320;43.5;20.9
27;2021-06-13;1084;2686;262484;128006;43.7;21.3
27;2021-06-14;1995;3108;264479;131114;44.0;21.8
27;2021-06-15;2688;3018;267167;134132;44.5;22.3
27;2021-06-16;2501;3254;269668;137386;44.9;22.9
27;2021-06-17;2296;3288;271964;140674;45.3;23.4
27;2021-06-18;2746;4418;274710;145092;45.7;24.2
27;2021-06-19;1863;3392;276573;148484;46.0;24.7
27;2021-06-20;607;710;277180;149194;46.1;24.8
27;2021-06-21;1703;3495;278883;152689;46.4;25.4
27;2021-06-22;2385;3710;281268;156399;46.8;26.0
27;2021-06-23;2073;3568;283341;159967;47.2;26.6
27;2021-06-24;2256;3412;285597;163379;47.5;27.2
27;2021-06-25;1936;4459;287533;167838;47.9;27.9
27;2021-06-26;884;5352;288417;173190;48.0;28.8
27;2021-06-27;377;1427;288794;174617;48.1;29.1
27;2021-06-28;1129;3403;289923;178020;48.3;29.6
27;2021-06-29;1703;4363;291626;182383;48.5;30.4
27;2021-06-30;2115;4097;293741;186480;48.9;31.0
27;2021-07-01;2224;3908;295965;190388;49.3;31.7
27;2021-07-02;1589;4620;297554;195008;49.5;32.5
27;2021-07-03;1308;4773;298862;199781;49.8;33.3
27;2021-07-04;504;1403;299366;201184;49.8;33.5
27;2021-07-05;1417;3528;300783;204712;50.1;34.1
27;2021-07-06;1365;4180;302148;208892;50.3;34.8
27;2021-07-07;1756;4900;303904;213792;50.6;35.6
27;2021-07-08;2089;4350;305993;218142;50.9;36.3
27;2021-07-09;1984;5287;307977;223429;51.3;37.2
27;2021-07-10;1167;4179;309144;227608;51.5;37.9
27;2021-07-11;426;1139;309570;228747;51.5;38.1
27;2021-07-12;1253;4372;310823;233119;51.7;38.8
27;2021-07-13;2759;5345;313582;238464;52.2;39.7
27;2021-07-14;1518;1753;315100;240217;52.5;40.0
27;2021-07-15;3033;5464;318133;245681;53.0;40.9
27;2021-07-16;3820;5286;321953;250967;53.6;41.8
27;2021-07-17;2732;3878;324685;254845;54.1;42.4
27;2021-07-18;552;1266;325237;256111;54.1;42.6
27;2021-07-19;3687;3787;328924;259898;54.8;43.3
27;2021-07-20;3459;3591;332383;263489;55.3;43.9
27;2021-07-21;4251;3900;336634;267389;56.0;44.5
27;2021-07-22;4750;3714;341384;271103;56.8;45.1
27;2021-07-23;3592;3398;344976;274501;57.4;45.7
27;2021-07-24;3114;2325;348090;276826;57.9;46.1
27;2021-07-25;493;545;348583;277371;58.0;46.2
27;2021-07-26;3071;3175;351654;280546;58.5;46.7
27;2021-07-27;3596;3101;355250;283647;59.1;47.2
27;2021-07-28;3592;3241;358842;286888;59.7;47.8
27;2021-07-29;4590;3510;363432;290398;60.5;48.3
27;2021-07-30;3815;3142;367247;293540;61.1;48.9
27;2021-07-31;3062;2585;370309;296125;61.6;49.3
27;2021-08-01;538;498;370847;296623;61.7;49.4
27;2021-08-02;3319;2584;374166;299207;62.3;49.8
27;2021-08-03;3427;2770;377593;301977;62.9;50.3
27;2021-08-04;3058;2334;380651;304311;63.4;50.7
27;2021-08-05;2676;2358;383327;306669;63.8;51.1
27;2021-08-06;3270;3244;386597;309913;64.4;51.6
27;2021-08-07;1802;2553;388399;312466;64.7;52.0
27;2021-08-08;218;197;388617;312663;64.7;52.1
27;2021-08-09;2210;2807;390827;315470;65.1;52.5
27;2021-08-10;2811;3511;393638;318981;65.5;53.1
27;2021-08-11;2636;3099;396274;322080;66.0;53.6
27;2021-08-12;2363;3905;398637;325985;66.4;54.3
27;2021-08-13;1745;2571;400382;328556;66.7;54.7
27;2021-08-14;1163;2889;401545;331445;66.8;55.2
27;2021-08-15;18;23;401563;331468;66.9;55.2
27;2021-08-16;1810;3816;403373;335284;67.2;55.8
27;2021-08-17;2046;3441;405419;338725;67.5;56.4
27;2021-08-18;1456;2986;406875;341711;67.7;56.9
27;2021-08-19;1711;3356;408586;345067;68.0;57.4
27;2021-08-20;1636;3440;410222;348507;68.3;58.0
27;2021-08-21;987;2842;411209;351349;68.5;58.5
27;2021-08-22;184;162;411393;351511;68.5;58.5
27;2021-08-23;1080;4007;412473;355518;68.7;59.2
27;2021-08-24;1440;3969;413913;359487;68.9;59.8
27;2021-08-25;1718;3414;415631;362901;69.2;60.4
27;2021-08-26;1155;2932;416786;365833;69.4;60.9
27;2021-08-27;1261;3218;418047;369051;69.6;61.4
27;2021-08-28;911;2867;418958;371918;69.7;61.9
27;2021-08-29;87;135;419045;372053;69.8;61.9
27;2021-08-30;906;3315;419951;375368;69.9;62.5
27;2021-08-31;1223;3205;421174;378573;70.1;63.0
27;2021-09-01;995;3177;422169;381750;70.3;63.6
27;2021-09-02;873;2489;423042;384239;70.4;64.0
27;2021-09-03;847;2469;423889;386708;70.6;64.4
27;2021-09-04;726;2086;424615;388794;70.7;64.7
27;2021-09-05;36;162;424651;388956;70.7;64.8
27;2021-09-06;536;1804;425187;390760;70.8;65.1
27;2021-09-07;696;2367;425883;393127;70.9;65.4
27;2021-09-08;764;2408;426647;395535;71.0;65.8
27;2021-09-09;677;1932;427324;397467;71.1;66.2
27;2021-09-10;891;2371;428215;399838;71.3;66.6
27;2021-09-11;602;1944;428817;401782;71.4;66.9
27;2021-09-12;42;184;428859;401966;71.4;66.9
27;2021-09-13;351;1336;429210;403302;71.5;67.1
27;2021-09-14;593;1474;429803;404776;71.6;67.4
27;2021-09-15;552;1668;430355;406444;71.6;67.7
27;2021-09-16;594;1131;430949;407575;71.7;67.9
27;2021-09-17;789;1288;431738;408863;71.9;68.1
27;2021-09-18;366;1248;432104;410111;71.9;68.3
27;2021-09-19;56;161;432160;410272;71.9;68.3
27;2021-09-20;260;773;432420;411045;72.0;68.4
27;2021-09-21;428;961;432848;412006;72.1;68.6
27;2021-09-22;300;1029;433148;413035;72.1;68.8
27;2021-09-23;343;758;433491;413793;72.2;68.9
27;2021-09-24;575;1243;434066;415036;72.3;69.1
27;2021-09-25;292;1122;434358;416158;72.3;69.3
27;2021-09-26;4;12;434362;416170;72.3;69.3
27;2021-09-27;190;470;434552;416640;72.3;69.4
27;2021-09-28;312;724;434864;417364;72.4;69.5
28;2020-12-27;0;0;0;0;0.0;0.0
28;2020-12-28;0;0;0;0;0.0;0.0
28;2020-12-29;0;0;0;0;0.0;0.0
28;2020-12-30;0;0;0;0;0.0;0.0
28;2020-12-31;0;0;0;0;0.0;0.0
28;2021-01-01;1;0;1;0;0.0;0.0
28;2021-01-02;0;0;1;0;0.0;0.0
28;2021-01-03;0;0;1;0;0.0;0.0
28;2021-01-04;0;0;1;0;0.0;0.0
28;2021-01-05;5;0;6;0;0.0;0.0
28;2021-01-06;84;0;90;0;0.0;0.0
28;2021-01-07;102;0;192;0;0.0;0.0
28;2021-01-08;134;2;326;2;0.1;0.0
28;2021-01-09;79;0;405;2;0.1;0.0
28;2021-01-10;1;0;406;2;0.1;0.0
28;2021-01-11;204;0;610;2;0.1;0.0
28;2021-01-12;265;1;875;3;0.2;0.0
28;2021-01-13;398;3;1273;6;0.3;0.0
28;2021-01-14;451;5;1724;11;0.4;0.0
28;2021-01-15;374;3;2098;14;0.5;0.0
28;2021-01-16;206;2;2304;16;0.5;0.0
28;2021-01-17;21;0;2325;16;0.5;0.0
28;2021-01-18;372;2;2697;18;0.6;0.0
28;2021-01-19;503;4;3200;22;0.7;0.0
28;2021-01-20;636;1;3836;23;0.9;0.0
28;2021-01-21;796;3;4632;26;1.1;0.0
28;2021-01-22;478;1;5110;27;1.2;0.0
28;2021-01-23;353;0;5463;27;1.3;0.0
28;2021-01-24;1;0;5464;27;1.3;0.0
28;2021-01-25;456;4;5920;31;1.4;0.0
28;2021-01-26;717;4;6637;35;1.5;0.0
28;2021-01-27;1211;50;7848;85;1.8;0.0
28;2021-01-28;1587;89;9435;174;2.2;0.0
28;2021-01-29;896;87;10331;261;2.4;0.1
28;2021-01-30;248;46;10579;307;2.5;0.1
28;2021-01-31;2;22;10581;329;2.5;0.1
28;2021-02-01;325;115;10906;444;2.5;0.1
28;2021-02-02;368;197;11274;641;2.6;0.1
28;2021-02-03;473;247;11747;888;2.7;0.2
28;2021-02-04;525;263;12272;1151;2.9;0.3
28;2021-02-05;436;210;12708;1361;3.0;0.3
28;2021-02-06;201;128;12909;1489;3.0;0.3
28;2021-02-07;0;0;12909;1489;3.0;0.3
28;2021-02-08;331;207;13240;1696;3.1;0.4
28;2021-02-09;281;262;13521;1958;3.1;0.5
28;2021-02-10;443;324;13964;2282;3.3;0.5
28;2021-02-11;562;412;14526;2694;3.4;0.6
28;2021-02-12;453;332;14979;3026;3.5;0.7
28;2021-02-13;181;157;15160;3183;3.5;0.7
28;2021-02-14;0;2;15160;3185;3.5;0.7
28;2021-02-15;280;341;15440;3526;3.6;0.8
28;2021-02-16;396;594;15836;4120;3.7;1.0
28;2021-02-17;584;1036;16420;5156;3.8;1.2
28;2021-02-18;665;1295;17085;6451;4.0;1.5
28;2021-02-19;548;661;17633;7112;4.1;1.7
28;2021-02-20;114;116;17747;7228;4.1;1.7
28;2021-02-21;7;32;17754;7260;4.1;1.7
28;2021-02-22;223;424;17977;7684;4.2;1.8
28;2021-02-23;203;310;18180;7994;4.2;1.9
28;2021-02-24;244;378;18424;8372;4.3;1.9
28;2021-02-25;574;344;18998;8716;4.4;2.0
28;2021-02-26;764;307;19762;9023;4.6;2.1
28;2021-02-27;265;74;20027;9097;4.7;2.1
28;2021-02-28;23;17;20050;9114;4.7;2.1
28;2021-03-01;292;180;20342;9294;4.7;2.2
28;2021-03-02;396;245;20738;9539;4.8;2.2
28;2021-03-03;369;339;21107;9878;4.9;2.3
28;2021-03-04;720;426;21827;10304;5.1;2.4
28;2021-03-05;1319;368;23146;10672;5.4;2.5
28;2021-03-06;1998;81;25144;10753;5.9;2.5
28;2021-03-07;974;31;26118;10784;6.1;2.5
28;2021-03-08;398;262;26516;11046;6.2;2.6
28;2021-03-09;981;329;27497;11375;6.4;2.6
28;2021-03-10;1358;486;28855;11861;6.7;2.8
28;2021-03-11;1535;663;30390;12524;7.1;2.9
28;2021-03-12;2255;606;32645;13130;7.6;3.1
28;2021-03-13;1235;113;33880;13243;7.9;3.1
28;2021-03-14;518;17;34398;13260;8.0;3.1
28;2021-03-15;755;225;35153;13485;8.2;3.1
28;2021-03-16;716;217;35869;13702;8.4;3.2
28;2021-03-17;746;283;36615;13985;8.5;3.3
28;2021-03-18;1203;265;37818;14250;8.8;3.3
28;2021-03-19;1558;321;39376;14571;9.2;3.4
28;2021-03-20;639;21;40015;14592;9.3;3.4
28;2021-03-21;29;8;40044;14600;9.3;3.4
28;2021-03-22;766;317;40810;14917;9.5;3.5
28;2021-03-23;1027;189;41837;15106;9.7;3.5
28;2021-03-24;1314;274;43151;15380;10.0;3.6
28;2021-03-25;1796;286;44947;15666;10.5;3.6
28;2021-03-26;2084;346;47031;16012;11.0;3.7
28;2021-03-27;402;38;47433;16050;11.0;3.7
28;2021-03-28;12;0;47445;16050;11.0;3.7
28;2021-03-29;1139;349;48584;16399;11.3;3.8
28;2021-03-30;1711;252;50295;16651;11.7;3.9
28;2021-03-31;2018;474;52313;17125;12.2;4.0
28;2021-04-01;1796;586;54109;17711;12.6;4.1
28;2021-04-02;1583;1315;55692;19026;13.0;4.4
28;2021-04-03;607;1070;56299;20096;13.1;4.7
28;2021-04-04;33;299;56332;20395;13.1;4.7
28;2021-04-05;40;3;56372;20398;13.1;4.8
28;2021-04-06;1221;459;57593;20857;13.4;4.9
28;2021-04-07;1890;1005;59483;21862;13.9;5.1
28;2021-04-08;2087;1070;61570;22932;14.3;5.3
28;2021-04-09;3230;916;64800;23848;15.1;5.6
28;2021-04-10;1581;201;66381;24049;15.5;5.6
28;2021-04-11;141;450;66522;24499;15.5;5.7
28;2021-04-12;1673;558;68195;25057;15.9;5.8
28;2021-04-13;1875;673;70070;25730;16.3;6.0
28;2021-04-14;2771;903;72841;26633;17.0;6.2
28;2021-04-15;2557;1147;75398;27780;17.6;6.5
28;2021-04-16;2554;806;77952;28586;18.2;6.7
28;2021-04-17;2309;133;80261;28719;18.7;6.7
28;2021-04-18;45;8;80306;28727;18.7;6.7
28;2021-04-19;1576;648;81882;29375;19.1;6.8
28;2021-04-20;1836;596;83718;29971;19.5;7.0
28;2021-04-21;2679;962;86397;30933;20.1;7.2
28;2021-04-22;1782;1218;88179;32151;20.5;7.5
28;2021-04-23;2325;1103;90504;33254;21.1;7.7
28;2021-04-24;3656;137;94160;33391;21.9;7.8
28;2021-04-25;1012;37;95172;33428;22.2;7.8
28;2021-04-26;1331;928;96503;34356;22.5;8.0
28;2021-04-27;1436;1268;97939;35624;22.8;8.3
28;2021-04-28;2373;1828;100312;37452;23.4;8.7
28;2021-04-29;2130;1510;102442;38962;23.9;9.1
28;2021-04-30;2973;1225;105415;40187;24.5;9.4
28;2021-05-01;127;115;105542;40302;24.6;9.4
28;2021-05-02;2;65;105544;40367;24.6;9.4
28;2021-05-03;1048;1016;106592;41383;24.8;9.6
28;2021-05-04;1359;1671;107951;43054;25.1;10.0
28;2021-05-05;2830;1649;110781;44703;25.8;10.4
28;2021-05-06;2456;1473;113237;46176;26.4;10.8
28;2021-05-07;2311;1923;115548;48099;26.9;11.2
28;2021-05-08;1078;112;116626;48211;27.2;11.2
28;2021-05-09;105;610;116731;48821;27.2;11.4
28;2021-05-10;1308;1891;118039;50712;27.5;11.8
28;2021-05-11;2024;2328;120063;53040;28.0;12.4
28;2021-05-12;2620;3232;122683;56272;28.6;13.1
28;2021-05-13;289;451;122972;56723;28.6;13.2
28;2021-05-14;1900;1612;124872;58335;29.1;13.6
28;2021-05-15;1433;1673;126305;60008;29.4;14.0
28;2021-05-16;1986;131;128291;60139;29.9;14.0
28;2021-05-17;2874;1485;131165;61624;30.5;14.4
28;2021-05-18;3382;1378;134547;63002;31.3;14.7
28;2021-05-19;5090;1279;139637;64281;32.5;15.0
28;2021-05-20;4149;1231;143786;65512;33.5;15.3
28;2021-05-21;3464;1579;147250;67091;34.3;15.6
28;2021-05-22;729;1161;147979;68252;34.5;15.9
28;2021-05-23;1956;137;149935;68389;34.9;15.9
28;2021-05-24;1428;395;151363;68784;35.2;16.0
28;2021-05-25;1876;1403;153239;70187;35.7;16.3
28;2021-05-26;2765;1341;156004;71528;36.3;16.7
28;2021-05-27;2754;1233;158758;72761;37.0;16.9
28;2021-05-28;3080;1726;161838;74487;37.7;17.3
28;2021-05-29;1868;872;163706;75359;38.1;17.5
28;2021-05-30;16;47;163722;75406;38.1;17.6
28;2021-05-31;2014;934;165736;76340;38.6;17.8
28;2021-06-01;2133;1653;167869;77993;39.1;18.2
28;2021-06-02;2077;2457;169946;80450;39.6;18.7
28;2021-06-03;2498;1560;172444;82010;40.2;19.1
28;2021-06-04;2608;2353;175052;84363;40.8;19.6
28;2021-06-05;1909;2519;176961;86882;41.2;20.2
28;2021-06-06;1060;1046;178021;87928;41.5;20.5
28;2021-06-07;3575;1574;181596;89502;42.3;20.8
28;2021-06-08;3196;1519;184792;91021;43.0;21.2
28;2021-06-09;3675;2123;188467;93144;43.9;21.7
28;2021-06-10;3140;1257;191607;94401;44.6;22.0
28;2021-06-11;3791;2129;195398;96530;45.5;22.5
28;2021-06-12;1304;560;196702;97090;45.8;22.6
28;2021-06-13;385;108;197087;97198;45.9;22.6
28;2021-06-14;2207;1992;199294;99190;46.4;23.1
28;2021-06-15;2092;2225;201386;101415;46.9;23.6
28;2021-06-16;2508;3972;203894;105387;47.5;24.5
28;2021-06-17;1940;3135;205834;108522;47.9;25.3
28;2021-06-18;2487;3788;208321;112310;48.5;26.2
28;2021-06-19;776;1612;209097;113922;48.7;26.5
28;2021-06-20;23;24;209120;113946;48.7;26.5
28;2021-06-21;1682;1989;210802;115935;49.1;27.0
28;2021-06-22;1372;2106;212174;118041;49.4;27.5
28;2021-06-23;1782;3164;213956;121205;49.8;28.2
28;2021-06-24;733;928;214689;122133;50.0;28.4
28;2021-06-25;1888;3025;216577;125158;50.4;29.1
28;2021-06-26;310;2110;216887;127268;50.5;29.6
28;2021-06-27;588;1284;217475;128552;50.6;29.9
28;2021-06-28;1225;3654;218700;132206;50.9;30.8
28;2021-06-29;1342;3790;220042;135996;51.2;31.7
28;2021-06-30;1493;4261;221535;140257;51.6;32.7
28;2021-07-01;1277;3500;222812;143757;51.9;33.5
28;2021-07-02;1312;4651;224124;148408;52.2;34.6
28;2021-07-03;1131;2370;225255;150778;52.5;35.1
28;2021-07-04;145;1325;225400;152103;52.5;35.4
28;2021-07-05;1360;2511;226760;154614;52.8;36.0
28;2021-07-06;1508;2868;228268;157482;53.2;36.7
28;2021-07-07;1636;4140;229904;161622;53.5;37.6
28;2021-07-08;1466;3240;231370;164862;53.9;38.4
28;2021-07-09;1393;4516;232763;169378;54.2;39.4
28;2021-07-10;528;2205;233291;171583;54.3;40.0
28;2021-07-11;2;1;233293;171584;54.3;40.0
28;2021-07-12;1526;3928;234819;175512;54.7;40.9
28;2021-07-13;2261;4143;237080;179655;55.2;41.8
28;2021-07-14;1328;1395;238408;181050;55.5;42.2
28;2021-07-15;2986;3974;241394;185024;56.2;43.1
28;2021-07-16;2444;4750;243838;189774;56.8;44.2
28;2021-07-17;1263;2430;245101;192204;57.1;44.8
28;2021-07-18;368;945;245469;193149;57.2;45.0
28;2021-07-19;1806;4331;247275;197480;57.6;46.0
28;2021-07-20;2476;4090;249751;201570;58.2;46.9
28;2021-07-21;2959;4285;252710;205855;58.8;47.9
28;2021-07-22;3670;3430;256380;209285;59.7;48.7
28;2021-07-23;2960;3996;259340;213281;60.4;49.7
28;2021-07-24;1715;1484;261055;214765;60.8;50.0
28;2021-07-25;67;60;261122;214825;60.8;50.0
28;2021-07-26;2930;3386;264052;218211;61.5;50.8
28;2021-07-27;3885;2621;267937;220832;62.4;51.4
28;2021-07-28;3947;2743;271884;223575;63.3;52.1
28;2021-07-29;4466;2091;276350;225666;64.4;52.6
28;2021-07-30;3823;2845;280173;228511;65.2;53.2
28;2021-07-31;763;821;280936;229332;65.4;53.4
28;2021-08-01;378;65;281314;229397;65.5;53.4
28;2021-08-02;1793;1519;283107;230916;65.9;53.8
28;2021-08-03;2684;2166;285791;233082;66.6;54.3
28;2021-08-04;1932;2300;287723;235382;67.0;54.8
28;2021-08-05;1663;1730;289386;237112;67.4;55.2
28;2021-08-06;1618;1969;291004;239081;67.8;55.7
28;2021-08-07;798;1001;291802;240082;68.0;55.9
28;2021-08-08;22;33;291824;240115;68.0;55.9
28;2021-08-09;1388;1102;293212;241217;68.3;56.2
28;2021-08-10;1714;2027;294926;243244;68.7;56.6
28;2021-08-11;1273;1572;296199;244816;69.0;57.0
28;2021-08-12;1164;1881;297363;246697;69.2;57.4
28;2021-08-13;1321;1649;298684;248346;69.6;57.8
28;2021-08-14;656;841;299340;249187;69.7;58.0
28;2021-08-15;264;59;299604;249246;69.8;58.0
28;2021-08-16;862;2145;300466;251391;70.0;58.5
28;2021-08-17;1126;2798;301592;254189;70.2;59.2
28;2021-08-18;891;2412;302483;256601;70.4;59.8
28;2021-08-19;888;2615;303371;259216;70.6;60.4
28;2021-08-20;939;2753;304310;261969;70.9;61.0
28;2021-08-21;381;1001;304691;262970;71.0;61.2
28;2021-08-22;9;31;304700;263001;71.0;61.2
28;2021-08-23;1041;2148;305741;265149;71.2;61.7
28;2021-08-24;867;2582;306608;267731;71.4;62.3
28;2021-08-25;1075;2208;307683;269939;71.6;62.9
28;2021-08-26;701;1817;308384;271756;71.8;63.3
28;2021-08-27;749;2368;309133;274124;72.0;63.8
28;2021-08-28;524;1096;309657;275220;72.1;64.1
28;2021-08-29;7;23;309664;275243;72.1;64.1
28;2021-08-30;994;2184;310658;277427;72.3;64.6
28;2021-08-31;798;2248;311456;279675;72.5;65.1
28;2021-09-01;745;2603;312201;282278;72.7;65.7
28;2021-09-02;542;2112;312743;284390;72.8;66.2
28;2021-09-03;664;2562;313407;286952;73.0;66.8
28;2021-09-04;583;2603;313990;289555;73.1;67.4
28;2021-09-05;209;247;314199;289802;73.2;67.5
28;2021-09-06;404;1619;314603;291421;73.3;67.9
28;2021-09-07;352;1452;314955;292873;73.3;68.2
28;2021-09-08;542;1588;315497;294461;73.5;68.6
28;2021-09-09;318;1143;315815;295604;73.5;68.8
28;2021-09-10;586;1659;316401;297263;73.7;69.2
28;2021-09-11;298;1329;316699;298592;73.7;69.5
28;2021-09-12;39;32;316738;298624;73.8;69.5
28;2021-09-13;312;1032;317050;299656;73.8;69.8
28;2021-09-14;321;1271;317371;300927;73.9;70.1
28;2021-09-15;525;1023;317896;301950;74.0;70.3
28;2021-09-16;247;686;318143;302636;74.1;70.5
28;2021-09-17;299;1046;318442;303682;74.2;70.7
28;2021-09-18;124;237;318566;303919;74.2;70.8
28;2021-09-19;7;17;318573;303936;74.2;70.8
28;2021-09-20;154;458;318727;304394;74.2;70.9
28;2021-09-21;385;934;319112;305328;74.3;71.1
28;2021-09-22;322;1066;319434;306394;74.4;71.3
28;2021-09-23;189;505;319623;306899;74.4;71.5
28;2021-09-24;251;969;319874;307868;74.5;71.7
28;2021-09-25;94;324;319968;308192;74.5;71.8
28;2021-09-26;20;34;319988;308226;74.5;71.8
28;2021-09-27;166;664;320154;308890;74.6;71.9
28;2021-09-28;168;438;320322;309328;74.6;72.0
29;2020-12-27;0;0;0;0;0.0;0.0
29;2020-12-28;1;0;1;0;0.0;0.0
29;2020-12-29;0;0;1;0;0.0;0.0
29;2020-12-30;0;0;1;0;0.0;0.0
29;2020-12-31;0;0;1;0;0.0;0.0
29;2021-01-01;3;0;4;0;0.0;0.0
29;2021-01-02;0;0;4;0;0.0;0.0
29;2021-01-03;1;0;5;0;0.0;0.0
29;2021-01-04;32;0;37;0;0.0;0.0
29;2021-01-05;32;0;69;0;0.0;0.0
29;2021-01-06;43;0;112;0;0.0;0.0
29;2021-01-07;138;0;250;0;0.0;0.0
29;2021-01-08;408;0;658;0;0.1;0.0
29;2021-01-09;2;0;660;0;0.1;0.0
29;2021-01-10;2;0;662;0;0.1;0.0
29;2021-01-11;667;0;1329;0;0.1;0.0
29;2021-01-12;1121;0;2450;0;0.3;0.0
29;2021-01-13;1101;1;3551;1;0.4;0.0
29;2021-01-14;894;4;4445;5;0.5;0.0
29;2021-01-15;1221;6;5666;11;0.6;0.0
29;2021-01-16;168;1;5834;12;0.6;0.0
29;2021-01-17;111;1;5945;13;0.7;0.0
29;2021-01-18;842;3;6787;16;0.7;0.0
29;2021-01-19;1314;1;8101;17;0.9;0.0
29;2021-01-20;2393;2;10494;19;1.2;0.0
29;2021-01-21;5659;8;16153;27;1.8;0.0
29;2021-01-22;3777;4;19930;31;2.2;0.0
29;2021-01-23;538;0;20468;31;2.3;0.0
29;2021-01-24;200;1;20668;32;2.3;0.0
29;2021-01-25;575;7;21243;39;2.3;0.0
29;2021-01-26;951;34;22194;73;2.4;0.0
29;2021-01-27;1286;51;23480;124;2.6;0.0
29;2021-01-28;803;134;24283;258;2.7;0.0
29;2021-01-29;779;195;25062;453;2.8;0.0
29;2021-01-30;281;4;25343;457;2.8;0.1
29;2021-01-31;80;5;25423;462;2.8;0.1
29;2021-02-01;429;370;25852;832;2.9;0.1
29;2021-02-02;879;661;26731;1493;2.9;0.2
29;2021-02-03;810;808;27541;2301;3.0;0.3
29;2021-02-04;867;603;28408;2904;3.1;0.3
29;2021-02-05;675;570;29083;3474;3.2;0.4
29;2021-02-06;249;86;29332;3560;3.2;0.4
29;2021-02-07;78;91;29410;3651;3.2;0.4
29;2021-02-08;384;420;29794;4071;3.3;0.4
29;2021-02-09;863;813;30657;4884;3.4;0.5
29;2021-02-10;1150;945;31807;5829;3.5;0.6
29;2021-02-11;1797;3851;33604;9680;3.7;1.1
29;2021-02-12;2326;2429;35930;12109;4.0;1.3
29;2021-02-13;639;388;36569;12497;4.0;1.4
29;2021-02-14;12;201;36581;12698;4.0;1.4
29;2021-02-15;267;763;36848;13461;4.1;1.5
29;2021-02-16;887;869;37735;14330;4.2;1.6
29;2021-02-17;800;648;38535;14978;4.3;1.7
29;2021-02-18;1530;696;40065;15674;4.4;1.7
29;2021-02-19;1417;797;41482;16471;4.6;1.8
29;2021-02-20;204;268;41686;16739;4.6;1.8
29;2021-02-21;162;139;41848;16878;4.6;1.9
29;2021-02-22;773;442;42621;17320;4.7;1.9
29;2021-02-23;1270;704;43891;18024;4.8;2.0
29;2021-02-24;1473;628;45364;18652;5.0;2.1
29;2021-02-25;2511;695;47875;19347;5.3;2.1
29;2021-02-26;2678;557;50553;19904;5.6;2.2
29;2021-02-27;1285;209;51838;20113;5.7;2.2
29;2021-02-28;200;56;52038;20169;5.7;2.2
29;2021-03-01;945;374;52983;20543;5.8;2.3
29;2021-03-02;1815;651;54798;21194;6.0;2.3
29;2021-03-03;2095;857;56893;22051;6.3;2.4
29;2021-03-04;2843;1400;59736;23451;6.6;2.6
29;2021-03-05;3539;1537;63275;24988;7.0;2.8
29;2021-03-06;2000;397;65275;25385;7.2;2.8
29;2021-03-07;412;73;65687;25458;7.2;2.8
29;2021-03-08;1274;518;66961;25976;7.4;2.9
29;2021-03-09;2603;866;69564;26842;7.7;3.0
29;2021-03-10;2427;777;71991;27619;7.9;3.0
29;2021-03-11;4520;907;76511;28526;8.4;3.1
29;2021-03-12;5272;892;81783;29418;9.0;3.2
29;2021-03-13;2825;384;84608;29802;9.3;3.3
29;2021-03-14;367;3;84975;29805;9.4;3.3
29;2021-03-15;2050;266;87025;30071;9.6;3.3
29;2021-03-16;1825;727;88850;30798;9.8;3.4
29;2021-03-17;1862;692;90712;31490;10.0;3.5
29;2021-03-18;1866;1019;92578;32509;10.2;3.6
29;2021-03-19;3270;870;95848;33379;10.6;3.7
29;2021-03-20;1914;214;97762;33593;10.8;3.7
29;2021-03-21;132;11;97894;33604;10.8;3.7
29;2021-03-22;1647;550;99541;34154;11.0;3.8
29;2021-03-23;3442;1028;102983;35182;11.4;3.9
29;2021-03-24;3781;1017;106764;36199;11.8;4.0
29;2021-03-25;4821;1061;111585;37260;12.3;4.1
29;2021-03-26;5423;1157;117008;38417;12.9;4.2
29;2021-03-27;2429;330;119437;38747;13.2;4.3
29;2021-03-28;198;50;119635;38797;13.2;4.3
29;2021-03-29;2042;813;121677;39610;13.4;4.4
29;2021-03-30;3977;1325;125654;40935;13.9;4.5
29;2021-03-31;3936;1153;129590;42088;14.3;4.6
29;2021-04-01;5029;1140;134619;43228;14.8;4.8
29;2021-04-02;4765;1167;139384;44395;15.4;4.9
29;2021-04-03;2500;535;141884;44930;15.7;5.0
29;2021-04-04;146;33;142030;44963;15.7;5.0
29;2021-04-05;972;330;143002;45293;15.8;5.0
29;2021-04-06;3200;1234;146202;46527;16.1;5.1
29;2021-04-07;3653;940;149855;47467;16.5;5.2
29;2021-04-08;5285;2053;155140;49520;17.1;5.5
29;2021-04-09;6759;1562;161899;51082;17.9;5.6
29;2021-04-10;3503;710;165402;51792;18.2;5.7
29;2021-04-11;120;80;165522;51872;18.3;5.7
29;2021-04-12;3853;1480;169375;53352;18.7;5.9
29;2021-04-13;5864;1754;175239;55106;19.3;6.1
29;2021-04-14;4759;1742;179998;56848;19.9;6.3
29;2021-04-15;7174;1730;187172;58578;20.6;6.5
29;2021-04-16;6703;1353;193875;59931;21.4;6.6
29;2021-04-17;3829;968;197704;60899;21.8;6.7
29;2021-04-18;489;40;198193;60939;21.9;6.7
29;2021-04-19;3881;1464;202074;62403;22.3;6.9
29;2021-04-20;4396;2135;206470;64538;22.8;7.1
29;2021-04-21;4377;2195;210847;66733;23.3;7.4
29;2021-04-22;6639;2848;217486;69581;24.0;7.7
29;2021-04-23;6049;2194;223535;71775;24.7;7.9
29;2021-04-24;4008;1310;227543;73085;25.1;8.1
29;2021-04-25;435;169;227978;73254;25.1;8.1
29;2021-04-26;5260;1859;233238;75113;25.7;8.3
29;2021-04-27;5335;3175;238573;78288;26.3;8.6
29;2021-04-28;5359;2890;243932;81178;26.9;9.0
29;2021-04-29;6593;3303;250525;84481;27.6;9.3
29;2021-04-30;6265;3848;256790;88329;28.3;9.7
29;2021-05-01;1986;978;258776;89307;28.5;9.9
29;2021-05-02;1249;191;260025;89498;28.7;9.9
29;2021-05-03;4540;2278;264565;91776;29.2;10.1
29;2021-05-04;4109;3728;268674;95504;29.6;10.5
29;2021-05-05;4519;3400;273193;98904;30.1;10.9
29;2021-05-06;6240;3713;279433;102617;30.8;11.3
29;2021-05-07;5985;4562;285418;107179;31.5;11.8
29;2021-05-08;2097;561;287515;107740;31.7;11.9
29;2021-05-09;1731;136;289246;107876;31.9;11.9
29;2021-05-10;4760;3751;294006;111627;32.4;12.3
29;2021-05-11;4709;4965;298715;116592;33.0;12.9
29;2021-05-12;5024;4359;303739;120951;33.5;13.3
29;2021-05-13;3441;1498;307180;122449;33.9;13.5
29;2021-05-14;5649;3980;312829;126429;34.5;13.9
29;2021-05-15;4048;2294;316877;128723;35.0;14.2
29;2021-05-16;1588;294;318465;129017;35.1;14.2
29;2021-05-17;5561;3119;324026;132136;35.7;14.6
29;2021-05-18;5732;3070;329758;135206;36.4;14.9
29;2021-05-19;6214;2954;335972;138160;37.1;15.2
29;2021-05-20;7173;4546;343145;142706;37.9;15.7
29;2021-05-21;7212;3797;350357;146503;38.6;16.2
29;2021-05-22;5342;2123;355699;148626;39.2;16.4
29;2021-05-23;1631;65;357330;148691;39.4;16.4
29;2021-05-24;3485;534;360815;149225;39.8;16.5
29;2021-05-25;5835;3027;366650;152252;40.4;16.8
29;2021-05-26;5889;2987;372539;155239;41.1;17.1
29;2021-05-27;6824;3952;379363;159191;41.8;17.6
29;2021-05-28;6544;4389;385907;163580;42.6;18.0
29;2021-05-29;4382;2796;390289;166376;43.1;18.4
29;2021-05-30;1113;360;391402;166736;43.2;18.4
29;2021-05-31;6382;3432;397784;170168;43.9;18.8
29;2021-06-01;6603;4311;404387;174479;44.6;19.2
29;2021-06-02;6162;4126;410549;178605;45.3;19.7
29;2021-06-03;7689;4495;418238;183100;46.1;20.2
29;2021-06-04;6811;6134;425049;189234;46.9;20.9
29;2021-06-05;5350;3023;430399;192257;47.5;21.2
29;2021-06-06;1284;538;431683;192795;47.6;21.3
29;2021-06-07;4658;5561;436341;198356;48.1;21.9
29;2021-06-08;7173;5187;443514;203543;48.9;22.5
29;2021-06-09;6403;4743;449917;208286;49.6;23.0
29;2021-06-10;7775;5046;457692;213332;50.5;23.5
29;2021-06-11;8473;5860;466165;219192;51.4;24.2
29;2021-06-12;6562;2812;472727;222004;52.1;24.5
29;2021-06-13;2351;1370;475078;223374;52.4;24.6
29;2021-06-14;4034;6306;479112;229680;52.8;25.3
29;2021-06-15;5478;6182;484590;235862;53.5;26.0
29;2021-06-16;5571;5622;490161;241484;54.1;26.6
29;2021-06-17;6369;6309;496530;247793;54.8;27.3
29;2021-06-18;6116;7486;502646;255279;55.4;28.2
29;2021-06-19;4619;3522;507265;258801;56.0;28.5
29;2021-06-20;891;1452;508156;260253;56.1;28.7
29;2021-06-21;3761;6492;511917;266745;56.5;29.4
29;2021-06-22;4490;6421;516407;273166;57.0;30.1
29;2021-06-23;4672;6128;521079;279294;57.5;30.8
29;2021-06-24;4809;6744;525888;286038;58.0;31.6
29;2021-06-25;3598;7530;529486;293568;58.4;32.4
29;2021-06-26;2131;4093;531617;297661;58.6;32.8
29;2021-06-27;967;1631;532584;299292;58.7;33.0
29;2021-06-28;2843;6863;535427;306155;59.1;33.8
29;2021-06-29;2813;7722;538240;313877;59.4;34.6
29;2021-06-30;3048;7505;541288;321382;59.7;35.5
29;2021-07-01;3789;8418;545077;329800;60.1;36.4
29;2021-07-02;3607;9650;548684;339450;60.5;37.4
29;2021-07-03;2327;6050;551011;345500;60.8;38.1
29;2021-07-04;814;1771;551825;347271;60.9;38.3
29;2021-07-05;1914;7154;553739;354425;61.1;39.1
29;2021-07-06;1541;8003;555280;362428;61.3;40.0
29;2021-07-07;1706;7035;556986;369463;61.4;40.8
29;2021-07-08;2453;8199;559439;377662;61.7;41.7
29;2021-07-09;2628;9061;562067;386723;62.0;42.7
29;2021-07-10;1917;6102;563984;392825;62.2;43.3
29;2021-07-11;449;1064;564433;393889;62.3;43.4
29;2021-07-12;1983;8376;566416;402265;62.5;44.4
29;2021-07-13;2754;8660;569170;410925;62.8;45.3
29;2021-07-14;2086;3372;571256;414297;63.0;45.7
29;2021-07-15;3858;9723;575114;424020;63.4;46.8
29;2021-07-16;4619;9184;579733;433204;63.9;47.8
29;2021-07-17;3223;6109;582956;439313;64.3;48.5
29;2021-07-18;668;1079;583624;440392;64.4;48.6
29;2021-07-19;3157;7541;586781;447933;64.7;49.4
29;2021-07-20;3556;9431;590337;457364;65.1;50.5
29;2021-07-21;3664;7705;594001;465069;65.5;51.3
29;2021-07-22;3428;8532;597429;473601;65.9;52.2
29;2021-07-23;4066;10700;601495;484301;66.3;53.4
29;2021-07-24;2536;5956;604031;490257;66.6;54.1
29;2021-07-25;655;2359;604686;492616;66.7;54.3
29;2021-07-26;3399;7277;608085;499893;67.1;55.1
29;2021-07-27;3721;7109;611806;507002;67.5;55.9
29;2021-07-28;4206;6030;616012;513032;68.0;56.6
29;2021-07-29;5704;6359;621716;519391;68.6;57.3
29;2021-07-30;5470;6535;627186;525926;69.2;58.0
29;2021-07-31;2938;4931;630124;530857;69.5;58.6
29;2021-08-01;658;921;630782;531778;69.6;58.7
29;2021-08-02;4308;5213;635090;536991;70.1;59.2
29;2021-08-03;5490;4406;640580;541397;70.7;59.7
29;2021-08-04;5743;3609;646323;545006;71.3;60.1
29;2021-08-05;6656;4110;652979;549116;72.0;60.6
29;2021-08-06;6216;4334;659195;553450;72.7;61.0
29;2021-08-07;4294;2953;663489;556403;73.2;61.4
29;2021-08-08;854;754;664343;557157;73.3;61.5
29;2021-08-09;3086;4739;667429;561896;73.6;62.0
29;2021-08-10;4495;3865;671924;565761;74.1;62.4
29;2021-08-11;3974;3188;675898;568949;74.6;62.8
29;2021-08-12;4649;4500;680547;573449;75.1;63.3
29;2021-08-13;4238;3718;684785;577167;75.5;63.7
29;2021-08-14;2968;2845;687753;580012;75.9;64.0
29;2021-08-15;338;405;688091;580417;75.9;64.0
29;2021-08-16;3288;4375;691379;584792;76.3;64.5
29;2021-08-17;4411;3419;695790;588211;76.8;64.9
29;2021-08-18;3681;3619;699471;591830;77.2;65.3
29;2021-08-19;3914;4720;703385;596550;77.6;65.8
29;2021-08-20;3512;4600;706897;601150;78.0;66.3
29;2021-08-21;2276;3164;709173;604314;78.2;66.7
29;2021-08-22;216;415;709389;604729;78.3;66.7
29;2021-08-23;2502;4627;711891;609356;78.5;67.2
29;2021-08-24;2469;4953;714360;614309;78.8;67.8
29;2021-08-25;2167;4229;716527;618538;79.0;68.2
29;2021-08-26;2357;5339;718884;623877;79.3;68.8
29;2021-08-27;2053;5914;720937;629791;79.5;69.5
29;2021-08-28;1472;4000;722409;633791;79.7;69.9
29;2021-08-29;453;1318;722862;635109;79.7;70.1
29;2021-08-30;1455;4232;724317;639341;79.9;70.5
29;2021-08-31;1626;4535;725943;643876;80.1;71.0
29;2021-09-01;1341;4005;727284;647881;80.2;71.5
29;2021-09-02;1169;4426;728453;652307;80.4;72.0
29;2021-09-03;1433;5291;729886;657598;80.5;72.5
29;2021-09-04;1419;4064;731305;661662;80.7;73.0
29;2021-09-05;227;740;731532;662402;80.7;73.1
29;2021-09-06;740;3762;732272;666164;80.8;73.5
29;2021-09-07;926;4018;733198;670182;80.9;73.9
29;2021-09-08;906;3903;734104;674085;81.0;74.4
29;2021-09-09;953;3921;735057;678006;81.1;74.8
29;2021-09-10;1194;5081;736251;683087;81.2;75.3
29;2021-09-11;728;3667;736979;686754;81.3;75.8
29;2021-09-12;116;443;737095;687197;81.3;75.8
29;2021-09-13;834;3942;737929;691139;81.4;76.2
29;2021-09-14;717;3915;738646;695054;81.5;76.7
29;2021-09-15;715;3225;739361;698279;81.6;77.0
29;2021-09-16;837;2790;740198;701069;81.6;77.3
29;2021-09-17;922;3241;741120;704310;81.8;77.7
29;2021-09-18;596;3449;741716;707759;81.8;78.1
29;2021-09-19;84;442;741800;708201;81.8;78.1
29;2021-09-20;490;2169;742290;710370;81.9;78.4
29;2021-09-21;474;1917;742764;712287;81.9;78.6
29;2021-09-22;365;2240;743129;714527;82.0;78.8
29;2021-09-23;462;1753;743591;716280;82.0;79.0
29;2021-09-24;481;2229;744072;718509;82.1;79.3
29;2021-09-25;340;2731;744412;721240;82.1;79.6
29;2021-09-26;56;239;744468;721479;82.1;79.6
29;2021-09-27;327;1637;744795;723116;82.2;79.8
29;2021-09-28;258;1568;745053;724684;82.2;79.9
2A;2020-12-27;0;0;0;0;0.0;0.0
2A;2020-12-28;0;0;0;0;0.0;0.0
2A;2020-12-29;0;0;0;0;0.0;0.0
2A;2020-12-30;0;0;0;0;0.0;0.0
2A;2020-12-31;0;0;0;0;0.0;0.0
2A;2021-01-01;0;0;0;0;0.0;0.0
2A;2021-01-02;1;0;1;0;0.0;0.0
2A;2021-01-03;0;0;1;0;0.0;0.0
2A;2021-01-04;0;0;1;0;0.0;0.0
2A;2021-01-05;0;0;1;0;0.0;0.0
2A;2021-01-06;6;0;7;0;0.0;0.0
2A;2021-01-07;122;1;129;1;0.1;0.0
2A;2021-01-08;114;0;243;1;0.1;0.0
2A;2021-01-09;39;0;282;1;0.2;0.0
2A;2021-01-10;33;0;315;1;0.2;0.0
2A;2021-01-11;78;0;393;1;0.2;0.0
2A;2021-01-12;85;0;478;1;0.3;0.0
2A;2021-01-13;113;0;591;1;0.4;0.0
2A;2021-01-14;191;1;782;2;0.5;0.0
2A;2021-01-15;149;0;931;2;0.6;0.0
2A;2021-01-16;160;1;1091;3;0.7;0.0
2A;2021-01-17;86;1;1177;4;0.7;0.0
2A;2021-01-18;201;2;1378;6;0.8;0.0
2A;2021-01-19;488;1;1866;7;1.1;0.0
2A;2021-01-20;356;0;2222;7;1.4;0.0
2A;2021-01-21;453;1;2675;8;1.6;0.0
2A;2021-01-22;367;0;3042;8;1.9;0.0
2A;2021-01-23;183;0;3225;8;2.0;0.0
2A;2021-01-24;118;1;3343;9;2.1;0.0
2A;2021-01-25;215;0;3558;9;2.2;0.0
2A;2021-01-26;402;7;3960;16;2.4;0.0
2A;2021-01-27;324;5;4284;21;2.6;0.0
2A;2021-01-28;335;73;4619;94;2.8;0.1
2A;2021-01-29;342;59;4961;153;3.1;0.1
2A;2021-01-30;128;34;5089;187;3.1;0.1
2A;2021-01-31;92;11;5181;198;3.2;0.1
2A;2021-02-01;230;42;5411;240;3.3;0.1
2A;2021-02-02;288;107;5699;347;3.5;0.2
2A;2021-02-03;265;72;5964;419;3.7;0.3
2A;2021-02-04;256;113;6220;532;3.8;0.3
2A;2021-02-05;267;95;6487;627;4.0;0.4
2A;2021-02-06;121;54;6608;681;4.1;0.4
2A;2021-02-07;68;39;6676;720;4.1;0.4
2A;2021-02-08;92;169;6768;889;4.2;0.5
2A;2021-02-09;128;263;6896;1152;4.2;0.7
2A;2021-02-10;167;208;7063;1360;4.3;0.8
2A;2021-02-11;299;308;7362;1668;4.5;1.0
2A;2021-02-12;345;240;7707;1908;4.7;1.2
2A;2021-02-13;225;49;7932;1957;4.9;1.2
2A;2021-02-14;135;59;8067;2016;5.0;1.2
2A;2021-02-15;198;152;8265;2168;5.1;1.3
2A;2021-02-16;384;265;8649;2433;5.3;1.5
2A;2021-02-17;297;151;8946;2584;5.5;1.6
2A;2021-02-18;340;164;9286;2748;5.7;1.7
2A;2021-02-19;145;251;9431;2999;5.8;1.8
2A;2021-02-20;243;104;9674;3103;6.0;1.9
2A;2021-02-21;58;42;9732;3145;6.0;1.9
2A;2021-02-22;77;193;9809;3338;6.0;2.1
2A;2021-02-23;122;238;9931;3576;6.1;2.2
2A;2021-02-24;82;243;10013;3819;6.2;2.4
2A;2021-02-25;104;210;10117;4029;6.2;2.5
2A;2021-02-26;123;216;10240;4245;6.3;2.6
2A;2021-02-27;308;52;10548;4297;6.5;2.6
2A;2021-02-28;69;55;10617;4352;6.5;2.7
2A;2021-03-01;117;129;10734;4481;6.6;2.8
2A;2021-03-02;199;237;10933;4718;6.7;2.9
2A;2021-03-03;249;236;11182;4954;6.9;3.1
2A;2021-03-04;508;205;11690;5159;7.2;3.2
2A;2021-03-05;973;260;12663;5419;7.8;3.3
2A;2021-03-06;1167;73;13830;5492;8.5;3.4
2A;2021-03-07;1021;43;14851;5535;9.1;3.4
2A;2021-03-08;933;79;15784;5614;9.7;3.5
2A;2021-03-09;938;140;16722;5754;10.3;3.5
2A;2021-03-10;634;135;17356;5889;10.7;3.6
2A;2021-03-11;723;258;18079;6147;11.1;3.8
2A;2021-03-12;561;310;18640;6457;11.5;4.0
2A;2021-03-13;613;189;19253;6646;11.9;4.1
2A;2021-03-14;312;125;19565;6771;12.0;4.2
2A;2021-03-15;377;197;19942;6968;12.3;4.3
2A;2021-03-16;498;366;20440;7334;12.6;4.5
2A;2021-03-17;703;267;21143;7601;13.0;4.7
2A;2021-03-18;447;299;21590;7900;13.3;4.9
2A;2021-03-19;489;152;22079;8052;13.6;5.0
2A;2021-03-20;1079;258;23158;8310;14.3;5.1
2A;2021-03-21;695;53;23853;8363;14.7;5.1
2A;2021-03-22;347;65;24200;8428;14.9;5.2
2A;2021-03-23;518;56;24718;8484;15.2;5.2
2A;2021-03-24;864;92;25582;8576;15.8;5.3
2A;2021-03-25;930;140;26512;8716;16.3;5.4
2A;2021-03-26;1080;164;27592;8880;17.0;5.5
2A;2021-03-27;1189;199;28781;9079;17.7;5.6
2A;2021-03-28;241;95;29022;9174;17.9;5.6
2A;2021-03-29;283;138;29305;9312;18.0;5.7
2A;2021-03-30;383;233;29688;9545;18.3;5.9
2A;2021-03-31;445;224;30133;9769;18.6;6.0
2A;2021-04-01;638;451;30771;10220;18.9;6.3
2A;2021-04-02;903;780;31674;11000;19.5;6.8
2A;2021-04-03;646;981;32320;11981;19.9;7.4
2A;2021-04-04;578;783;32898;12764;20.3;7.9
2A;2021-04-05;525;691;33423;13455;20.6;8.3
2A;2021-04-06;548;559;33971;14014;20.9;8.6
2A;2021-04-07;795;428;34766;14442;21.4;8.9
2A;2021-04-08;1047;358;35813;14800;22.0;9.1
2A;2021-04-09;934;389;36747;15189;22.6;9.4
2A;2021-04-10;1058;382;37805;15571;23.3;9.6
2A;2021-04-11;362;256;38167;15827;23.5;9.7
2A;2021-04-12;669;339;38836;16166;23.9;10.0
2A;2021-04-13;329;378;39165;16544;24.1;10.2
2A;2021-04-14;1045;587;40210;17131;24.8;10.5
2A;2021-04-15;1044;524;41254;17655;25.4;10.9
2A;2021-04-16;872;392;42126;18047;25.9;11.1
2A;2021-04-17;1369;934;43495;18981;26.8;11.7
2A;2021-04-18;981;948;44476;19929;27.4;12.3
2A;2021-04-19;270;343;44746;20272;27.5;12.5
2A;2021-04-20;354;344;45100;20616;27.8;12.7
2A;2021-04-21;729;734;45829;21350;28.2;13.1
2A;2021-04-22;897;646;46726;21996;28.8;13.5
2A;2021-04-23;986;776;47712;22772;29.4;14.0
2A;2021-04-24;1750;984;49462;23756;30.5;14.6
2A;2021-04-25;976;306;50438;24062;31.1;14.8
2A;2021-04-26;308;226;50746;24288;31.2;15.0
2A;2021-04-27;343;347;51089;24635;31.5;15.2
2A;2021-04-28;1676;424;52765;25059;32.5;15.4
2A;2021-04-29;1053;361;53818;25420;33.1;15.7
2A;2021-04-30;1131;1062;54949;26482;33.8;16.3
2A;2021-05-01;970;575;55919;27057;34.4;16.7
2A;2021-05-02;674;708;56593;27765;34.8;17.1
2A;2021-05-03;583;575;57176;28340;35.2;17.4
2A;2021-05-04;752;535;57928;28875;35.7;17.8
2A;2021-05-05;1011;983;58939;29858;36.3;18.4
2A;2021-05-06;904;911;59843;30769;36.8;18.9
2A;2021-05-07;1156;834;60999;31603;37.6;19.5
2A;2021-05-08;422;501;61421;32104;37.8;19.8
2A;2021-05-09;783;636;62204;32740;38.3;20.2
2A;2021-05-10;454;741;62658;33481;38.6;20.6
2A;2021-05-11;652;417;63310;33898;39.0;20.9
2A;2021-05-12;925;488;64235;34386;39.5;21.2
2A;2021-05-13;920;138;65155;34524;40.1;21.3
2A;2021-05-14;797;678;65952;35202;40.6;21.7
2A;2021-05-15;779;649;66731;35851;41.1;22.1
2A;2021-05-16;740;500;67471;36351;41.5;22.4
2A;2021-05-17;584;557;68055;36908;41.9;22.7
2A;2021-05-18;614;475;68669;37383;42.3;23.0
2A;2021-05-19;787;481;69456;37864;42.8;23.3
2A;2021-05-20;692;539;70148;38403;43.2;23.6
2A;2021-05-21;536;483;70684;38886;43.5;23.9
2A;2021-05-22;440;310;71124;39196;43.8;24.1
2A;2021-05-23;533;282;71657;39478;44.1;24.3
2A;2021-05-24;125;33;71782;39511;44.2;24.3
2A;2021-05-25;421;503;72203;40014;44.5;24.6
2A;2021-05-26;425;1166;72628;41180;44.7;25.4
2A;2021-05-27;435;1111;73063;42291;45.0;26.0
2A;2021-05-28;298;915;73361;43206;45.2;26.6
2A;2021-05-29;334;900;73695;44106;45.4;27.2
2A;2021-05-30;181;507;73876;44613;45.5;27.5
2A;2021-05-31;191;413;74067;45026;45.6;27.7
2A;2021-06-01;342;727;74409;45753;45.8;28.2
2A;2021-06-02;285;940;74694;46693;46.0;28.7
2A;2021-06-03;306;850;75000;47543;46.2;29.3
2A;2021-06-04;271;1091;75271;48634;46.3;29.9
2A;2021-06-05;319;1443;75590;50077;46.5;30.8
2A;2021-06-06;173;907;75763;50984;46.6;31.4
2A;2021-06-07;171;658;75934;51642;46.8;31.8
2A;2021-06-08;324;706;76258;52348;47.0;32.2
2A;2021-06-09;304;1320;76562;53668;47.1;33.0
2A;2021-06-10;329;857;76891;54525;47.3;33.6
2A;2021-06-11;277;1019;77168;55544;47.5;34.2
2A;2021-06-12;232;657;77400;56201;47.7;34.6
2A;2021-06-13;189;797;77589;56998;47.8;35.1
2A;2021-06-14;251;922;77840;57920;47.9;35.7
2A;2021-06-15;217;507;78057;58427;48.1;36.0
2A;2021-06-16;213;776;78270;59203;48.2;36.5
2A;2021-06-17;235;591;78505;59794;48.3;36.8
2A;2021-06-18;246;912;78751;60706;48.5;37.4
2A;2021-06-19;208;689;78959;61395;48.6;37.8
2A;2021-06-20;150;692;79109;62087;48.7;38.2
2A;2021-06-21;181;792;79290;62879;48.8;38.7
2A;2021-06-22;236;841;79526;63720;49.0;39.2
2A;2021-06-23;217;568;79743;64288;49.1;39.6
2A;2021-06-24;149;369;79892;64657;49.2;39.8
2A;2021-06-25;167;470;80059;65127;49.3;40.1
2A;2021-06-26;203;872;80262;65999;49.4;40.6
2A;2021-06-27;175;794;80437;66793;49.5;41.1
2A;2021-06-28;194;704;80631;67497;49.6;41.6
2A;2021-06-29;216;689;80847;68186;49.8;42.0
2A;2021-06-30;242;490;81089;68676;49.9;42.3
2A;2021-07-01;211;483;81300;69159;50.1;42.6
2A;2021-07-02;294;368;81594;69527;50.2;42.8
2A;2021-07-03;211;617;81805;70144;50.4;43.2
2A;2021-07-04;179;664;81984;70808;50.5;43.6
2A;2021-07-05;163;235;82147;71043;50.6;43.7
2A;2021-07-06;252;389;82399;71432;50.7;44.0
2A;2021-07-07;433;611;82832;72043;51.0;44.4
2A;2021-07-08;592;705;83424;72748;51.4;44.8
2A;2021-07-09;384;420;83808;73168;51.6;45.0
2A;2021-07-10;281;346;84089;73514;51.8;45.3
2A;2021-07-11;92;151;84181;73665;51.8;45.4
2A;2021-07-12;317;346;84498;74011;52.0;45.6
2A;2021-07-13;1178;534;85676;74545;52.7;45.9
2A;2021-07-14;1623;341;87299;74886;53.7;46.1
2A;2021-07-15;1436;836;88735;75722;54.6;46.6
2A;2021-07-16;1168;463;89903;76185;55.4;46.9
2A;2021-07-17;1096;345;90999;76530;56.0;47.1
2A;2021-07-18;635;135;91634;76665;56.4;47.2
2A;2021-07-19;918;425;92552;77090;57.0;47.5
2A;2021-07-20;1283;469;93835;77559;57.8;47.8
2A;2021-07-21;1425;724;95260;78283;58.7;48.2
2A;2021-07-22;1400;764;96660;79047;59.5;48.7
2A;2021-07-23;1439;463;98099;79510;60.4;49.0
2A;2021-07-24;897;290;98996;79800;61.0;49.1
2A;2021-07-25;451;81;99447;79881;61.2;49.2
2A;2021-07-26;1198;507;100645;80388;62.0;49.5
2A;2021-07-27;1297;512;101942;80900;62.8;49.8
2A;2021-07-28;1199;593;103141;81493;63.5;50.2
2A;2021-07-29;1230;656;104371;82149;64.3;50.6
2A;2021-07-30;961;609;105332;82758;64.9;51.0
2A;2021-07-31;548;340;105880;83098;65.2;51.2
2A;2021-08-01;570;124;106450;83222;65.5;51.2
2A;2021-08-02;451;494;106901;83716;65.8;51.5
2A;2021-08-03;814;882;107715;84598;66.3;52.1
2A;2021-08-04;724;1161;108439;85759;66.8;52.8
2A;2021-08-05;957;1349;109396;87108;67.4;53.6
2A;2021-08-06;390;814;109786;87922;67.6;54.1
2A;2021-08-07;352;888;110138;88810;67.8;54.7
2A;2021-08-08;78;185;110216;88995;67.9;54.8
2A;2021-08-09;662;1141;110878;90136;68.3;55.5
2A;2021-08-10;642;1209;111520;91345;68.7;56.2
2A;2021-08-11;594;1063;112114;92408;69.0;56.9
2A;2021-08-12;742;1491;112856;93899;69.5;57.8
2A;2021-08-13;484;1066;113340;94965;69.8;58.5
2A;2021-08-14;413;766;113753;95731;70.0;58.9
2A;2021-08-15;27;26;113780;95757;70.1;59.0
2A;2021-08-16;482;1292;114262;97049;70.3;59.8
2A;2021-08-17;940;1556;115202;98605;70.9;60.7
2A;2021-08-18;525;1123;115727;99728;71.3;61.4
2A;2021-08-19;431;1010;116158;100738;71.5;62.0
2A;2021-08-20;328;574;116486;101312;71.7;62.4
2A;2021-08-21;240;535;116726;101847;71.9;62.7
2A;2021-08-22;197;617;116923;102464;72.0;63.1
2A;2021-08-23;325;744;117248;103208;72.2;63.5
2A;2021-08-24;326;858;117574;104066;72.4;64.1
2A;2021-08-25;400;881;117974;104947;72.6;64.6
2A;2021-08-26;343;768;118317;105715;72.8;65.1
2A;2021-08-27;243;714;118560;106429;73.0;65.5
2A;2021-08-28;255;352;118815;106781;73.2;65.7
2A;2021-08-29;97;115;118912;106896;73.2;65.8
2A;2021-08-30;244;652;119156;107548;73.4;66.2
2A;2021-08-31;169;520;119325;108068;73.5;66.5
2A;2021-09-01;342;838;119667;108906;73.7;67.1
2A;2021-09-02;314;734;119981;109640;73.9;67.5
2A;2021-09-03;240;634;120221;110274;74.0;67.9
2A;2021-09-04;146;453;120367;110727;74.1;68.2
2A;2021-09-05;29;32;120396;110759;74.1;68.2
2A;2021-09-06;111;425;120507;111184;74.2;68.5
2A;2021-09-07;190;793;120697;111977;74.3;68.9
2A;2021-09-08;220;793;120917;112770;74.4;69.4
2A;2021-09-09;201;592;121118;113362;74.6;69.8
2A;2021-09-10;155;467;121273;113829;74.7;70.1
2A;2021-09-11;135;345;121408;114174;74.7;70.3
2A;2021-09-12;41;143;121449;114317;74.8;70.4
2A;2021-09-13;101;227;121550;114544;74.8;70.5
2A;2021-09-14;220;430;121770;114974;75.0;70.8
2A;2021-09-15;191;541;121961;115515;75.1;71.1
2A;2021-09-16;214;362;122175;115877;75.2;71.3
2A;2021-09-17;133;175;122308;116052;75.3;71.5
2A;2021-09-18;104;302;122412;116354;75.4;71.6
2A;2021-09-19;10;49;122422;116403;75.4;71.7
2A;2021-09-20;37;130;122459;116533;75.4;71.7
2A;2021-09-21;89;246;122548;116779;75.5;71.9
2A;2021-09-22;99;447;122647;117226;75.5;72.2
2A;2021-09-23;89;324;122736;117550;75.6;72.4
2A;2021-09-24;59;258;122795;117808;75.6;72.5
2A;2021-09-25;62;143;122857;117951;75.6;72.6
2A;2021-09-26;10;29;122867;117980;75.6;72.6
2A;2021-09-27;43;104;122910;118084;75.7;72.7
2A;2021-09-28;102;172;123012;118256;75.7;72.8
2B;2020-12-27;0;0;0;0;0.0;0.0
2B;2020-12-28;0;0;0;0;0.0;0.0
2B;2020-12-29;0;0;0;0;0.0;0.0
2B;2020-12-30;0;0;0;0;0.0;0.0
2B;2020-12-31;0;0;0;0;0.0;0.0
2B;2021-01-01;0;0;0;0;0.0;0.0
2B;2021-01-02;0;0;0;0;0.0;0.0
2B;2021-01-03;0;0;0;0;0.0;0.0
2B;2021-01-04;2;0;2;0;0.0;0.0
2B;2021-01-05;0;0;2;0;0.0;0.0
2B;2021-01-06;48;1;50;1;0.0;0.0
2B;2021-01-07;210;0;260;1;0.1;0.0
2B;2021-01-08;197;2;457;3;0.3;0.0
2B;2021-01-09;40;0;497;3;0.3;0.0
2B;2021-01-10;1;0;498;3;0.3;0.0
2B;2021-01-11;74;0;572;3;0.3;0.0
2B;2021-01-12;128;1;700;4;0.4;0.0
2B;2021-01-13;93;0;793;4;0.4;0.0
2B;2021-01-14;72;0;865;4;0.5;0.0
2B;2021-01-15;259;0;1124;4;0.6;0.0
2B;2021-01-16;44;0;1168;4;0.6;0.0
2B;2021-01-17;8;0;1176;4;0.6;0.0
2B;2021-01-18;271;0;1447;4;0.8;0.0
2B;2021-01-19;505;0;1952;4;1.1;0.0
2B;2021-01-20;462;3;2414;7;1.3;0.0
2B;2021-01-21;358;0;2772;7;1.5;0.0
2B;2021-01-22;381;0;3153;7;1.7;0.0
2B;2021-01-23;61;0;3214;7;1.8;0.0
2B;2021-01-24;29;0;3243;7;1.8;0.0
2B;2021-01-25;210;2;3453;9;1.9;0.0
2B;2021-01-26;392;1;3845;10;2.1;0.0
2B;2021-01-27;342;30;4187;40;2.3;0.0
2B;2021-01-28;365;118;4552;158;2.5;0.1
2B;2021-01-29;295;135;4847;293;2.7;0.2
2B;2021-01-30;80;32;4927;325;2.7;0.2
2B;2021-01-31;60;0;4987;325;2.7;0.2
2B;2021-02-01;233;84;5220;409;2.9;0.2
2B;2021-02-02;358;72;5578;481;3.1;0.3
2B;2021-02-03;520;86;6098;567;3.3;0.3
2B;2021-02-04;458;110;6556;677;3.6;0.4
2B;2021-02-05;394;85;6950;762;3.8;0.4
2B;2021-02-06;87;11;7037;773;3.9;0.4
2B;2021-02-07;60;0;7097;773;3.9;0.4
2B;2021-02-08;231;121;7328;894;4.0;0.5
2B;2021-02-09;586;251;7914;1145;4.3;0.6
2B;2021-02-10;485;161;8399;1306;4.6;0.7
2B;2021-02-11;382;108;8781;1414;4.8;0.8
2B;2021-02-12;299;110;9080;1524;5.0;0.8
2B;2021-02-13;77;10;9157;1534;5.0;0.8
2B;2021-02-14;62;1;9219;1535;5.1;0.8
2B;2021-02-15;190;100;9409;1635;5.2;0.9
2B;2021-02-16;251;217;9660;1852;5.3;1.0
2B;2021-02-17;312;253;9972;2105;5.5;1.2
2B;2021-02-18;215;278;10187;2383;5.6;1.3
2B;2021-02-19;163;267;10350;2650;5.7;1.5
2B;2021-02-20;32;38;10382;2688;5.7;1.5
2B;2021-02-21;28;23;10410;2711;5.7;1.5
2B;2021-02-22;133;154;10543;2865;5.8;1.6
2B;2021-02-23;232;301;10775;3166;5.9;1.7
2B;2021-02-24;229;266;11004;3432;6.0;1.9
2B;2021-02-25;245;280;11249;3712;6.2;2.0
2B;2021-02-26;301;241;11550;3953;6.3;2.2
2B;2021-02-27;60;71;11610;4024;6.4;2.2
2B;2021-02-28;1;44;11611;4068;6.4;2.2
2B;2021-03-01;246;238;11857;4306;6.5;2.4
2B;2021-03-02;352;354;12209;4660;6.7;2.6
2B;2021-03-03;299;395;12508;5055;6.9;2.8
2B;2021-03-04;447;376;12955;5431;7.1;3.0
2B;2021-03-05;619;351;13574;5782;7.4;3.2
2B;2021-03-06;682;90;14256;5872;7.8;3.2
2B;2021-03-07;361;56;14617;5928;8.0;3.3
2B;2021-03-08;301;220;14918;6148;8.2;3.4
2B;2021-03-09;384;472;15302;6620;8.4;3.6
2B;2021-03-10;631;420;15933;7040;8.7;3.9
2B;2021-03-11;584;333;16517;7373;9.1;4.0
2B;2021-03-12;968;219;17485;7592;9.6;4.2
2B;2021-03-13;511;97;17996;7689;9.9;4.2
2B;2021-03-14;226;63;18222;7752;10.0;4.3
2B;2021-03-15;515;198;18737;7950;10.3;4.4
2B;2021-03-16;571;271;19308;8221;10.6;4.5
2B;2021-03-17;530;258;19838;8479;10.9;4.7
2B;2021-03-18;551;221;20389;8700;11.2;4.8
2B;2021-03-19;805;192;21194;8892;11.6;4.9
2B;2021-03-20;656;37;21850;8929;12.0;4.9
2B;2021-03-21;428;36;22278;8965;12.2;4.9
2B;2021-03-22;546;122;22824;9087;12.5;5.0
2B;2021-03-23;788;255;23612;9342;13.0;5.1
2B;2021-03-24;831;214;24443;9556;13.4;5.2
2B;2021-03-25;824;163;25267;9719;13.9;5.3
2B;2021-03-26;958;189;26225;9908;14.4;5.4
2B;2021-03-27;1092;36;27317;9944;15.0;5.5
2B;2021-03-28;830;121;28147;10065;15.4;5.5
2B;2021-03-29;745;177;28892;10242;15.9;5.6
2B;2021-03-30;972;323;29864;10565;16.4;5.8
2B;2021-03-31;981;266;30845;10831;16.9;5.9
2B;2021-04-01;1003;226;31848;11057;17.5;6.1
2B;2021-04-02;966;408;32814;11465;18.0;6.3
2B;2021-04-03;1246;153;34060;11618;18.7;6.4
2B;2021-04-04;197;60;34257;11678;18.8;6.4
2B;2021-04-05;109;113;34366;11791;18.9;6.5
2B;2021-04-06;1032;360;35398;12151;19.4;6.7
2B;2021-04-07;1231;421;36629;12572;20.1;6.9
2B;2021-04-08;1129;408;37758;12980;20.7;7.1
2B;2021-04-09;1166;567;38924;13547;21.4;7.4
2B;2021-04-10;1352;265;40276;13812;22.1;7.6
2B;2021-04-11;815;65;41091;13877;22.5;7.6
2B;2021-04-12;853;558;41944;14435;23.0;7.9
2B;2021-04-13;1063;630;43007;15065;23.6;8.3
2B;2021-04-14;1046;494;44053;15559;24.2;8.5
2B;2021-04-15;886;517;44939;16076;24.7;8.8
2B;2021-04-16;910;647;45849;16723;25.2;9.2
2B;2021-04-17;386;447;46235;17170;25.4;9.4
2B;2021-04-18;253;343;46488;17513;25.5;9.6
2B;2021-04-19;822;436;47310;17949;26.0;9.8
2B;2021-04-20;898;843;48208;18792;26.5;10.3
2B;2021-04-21;1056;608;49264;19400;27.0;10.6
2B;2021-04-22;938;732;50202;20132;27.5;11.0
2B;2021-04-23;662;628;50864;20760;27.9;11.4
2B;2021-04-24;288;772;51152;21532;28.1;11.8
2B;2021-04-25;285;477;51437;22009;28.2;12.1
2B;2021-04-26;708;918;52145;22927;28.6;12.6
2B;2021-04-27;965;873;53110;23800;29.1;13.1
2B;2021-04-28;918;862;54028;24662;29.6;13.5
2B;2021-04-29;925;867;54953;25529;30.2;14.0
2B;2021-04-30;1133;831;56086;26360;30.8;14.5
2B;2021-05-01;460;1116;56546;27476;31.0;15.1
2B;2021-05-02;335;244;56881;27720;31.2;15.2
2B;2021-05-03;1017;495;57898;28215;31.8;15.5
2B;2021-05-04;811;1152;58709;29367;32.2;16.1
2B;2021-05-05;800;1376;59509;30743;32.7;16.9
2B;2021-05-06;1286;905;60795;31648;33.4;17.4
2B;2021-05-07;1062;987;61857;32635;33.9;17.9
2B;2021-05-08;459;852;62316;33487;34.2;18.4
2B;2021-05-09;392;683;62708;34170;34.4;18.7
2B;2021-05-10;925;802;63633;34972;34.9;19.2
2B;2021-05-11;933;1163;64566;36135;35.4;19.8
2B;2021-05-12;859;893;65425;37028;35.9;20.3
2B;2021-05-13;1028;376;66453;37404;36.5;20.5
2B;2021-05-14;719;577;67172;37981;36.9;20.8
2B;2021-05-15;702;353;67874;38334;37.2;21.0
2B;2021-05-16;300;180;68174;38514;37.4;21.1
2B;2021-05-17;1003;405;69177;38919;38.0;21.4
2B;2021-05-18;990;382;70167;39301;38.5;21.6
2B;2021-05-19;771;416;70938;39717;38.9;21.8
2B;2021-05-20;668;359;71606;40076;39.3;22.0
2B;2021-05-21;706;502;72312;40578;39.7;22.3
2B;2021-05-22;575;392;72887;40970;40.0;22.5
2B;2021-05-23;170;46;73057;41016;40.1;22.5
2B;2021-05-24;40;115;73097;41131;40.1;22.6
2B;2021-05-25;548;352;73645;41483;40.4;22.8
2B;2021-05-26;545;787;74190;42270;40.7;23.2
2B;2021-05-27;407;1131;74597;43401;40.9;23.8
2B;2021-05-28;550;905;75147;44306;41.2;24.3
2B;2021-05-29;311;353;75458;44659;41.4;24.5
2B;2021-05-30;46;45;75504;44704;41.4;24.5
2B;2021-05-31;375;831;75879;45535;41.6;25.0
2B;2021-06-01;414;1037;76293;46572;41.9;25.6
2B;2021-06-02;363;988;76656;47560;42.1;26.1
2B;2021-06-03;498;806;77154;48366;42.3;26.5
2B;2021-06-04;343;1253;77497;49619;42.5;27.2
2B;2021-06-05;257;491;77754;50110;42.7;27.5
2B;2021-06-06;51;129;77805;50239;42.7;27.6
2B;2021-06-07;280;949;78085;51188;42.8;28.1
2B;2021-06-08;399;1167;78484;52355;43.1;28.7
2B;2021-06-09;519;1177;79003;53532;43.3;29.4
2B;2021-06-10;369;939;79372;54471;43.5;29.9
2B;2021-06-11;432;1272;79804;55743;43.8;30.6
2B;2021-06-12;151;544;79955;56287;43.9;30.9
2B;2021-06-13;27;59;79982;56346;43.9;30.9
2B;2021-06-14;195;1111;80177;57457;44.0;31.5
2B;2021-06-15;344;1217;80521;58674;44.2;32.2
2B;2021-06-16;383;935;80904;59609;44.4;32.7
2B;2021-06-17;402;1049;81306;60658;44.6;33.3
2B;2021-06-18;348;960;81654;61618;44.8;33.8
2B;2021-06-19;144;330;81798;61948;44.9;34.0
2B;2021-06-20;44;194;81842;62142;44.9;34.1
2B;2021-06-21;265;962;82107;63104;45.0;34.6
2B;2021-06-22;317;1115;82424;64219;45.2;35.2
2B;2021-06-23;209;871;82633;65090;45.3;35.7
2B;2021-06-24;337;758;82970;65848;45.5;36.1
2B;2021-06-25;210;1074;83180;66922;45.6;36.7
2B;2021-06-26;105;550;83285;67472;45.7;37.0
2B;2021-06-27;31;214;83316;67686;45.7;37.1
2B;2021-06-28;329;954;83645;68640;45.9;37.7
2B;2021-06-29;270;985;83915;69625;46.0;38.2
2B;2021-06-30;381;949;84296;70574;46.3;38.7
2B;2021-07-01;226;507;84522;71081;46.4;39.0
2B;2021-07-02;219;557;84741;71638;46.5;39.3
2B;2021-07-03;91;397;84832;72035;46.5;39.5
2B;2021-07-04;2;0;84834;72035;46.5;39.5
2B;2021-07-05;264;666;85098;72701;46.7;39.9
2B;2021-07-06;450;707;85548;73408;46.9;40.3
2B;2021-07-07;379;909;85927;74317;47.1;40.8
2B;2021-07-08;183;351;86110;74668;47.2;41.0
2B;2021-07-09;250;376;86360;75044;47.4;41.2
2B;2021-07-10;197;199;86557;75243;47.5;41.3
2B;2021-07-11;13;14;86570;75257;47.5;41.3
2B;2021-07-12;497;746;87067;76003;47.8;41.7
2B;2021-07-13;822;1020;87889;77023;48.2;42.3
2B;2021-07-14;344;100;88233;77123;48.4;42.3
2B;2021-07-15;1270;589;89503;77712;49.1;42.6
2B;2021-07-16;1120;564;90623;78276;49.7;42.9
2B;2021-07-17;710;318;91333;78594;50.1;43.1
2B;2021-07-18;179;49;91512;78643;50.2;43.1
2B;2021-07-19;857;708;92369;79351;50.7;43.5
2B;2021-07-20;1211;681;93580;80032;51.3;43.9
2B;2021-07-21;1396;725;94976;80757;52.1;44.3
2B;2021-07-22;1330;604;96306;81361;52.8;44.6
2B;2021-07-23;1328;502;97634;81863;53.6;44.9
2B;2021-07-24;534;315;98168;82178;53.9;45.1
2B;2021-07-25;203;71;98371;82249;54.0;45.1
2B;2021-07-26;913;634;99284;82883;54.5;45.5
2B;2021-07-27;1578;704;100862;83587;55.3;45.9
2B;2021-07-28;1177;633;102039;84220;56.0;46.2
2B;2021-07-29;1144;449;103183;84669;56.6;46.5
2B;2021-07-30;763;348;103946;85017;57.0;46.6
2B;2021-07-31;539;233;104485;85250;57.3;46.8
2B;2021-08-01;230;57;104715;85307;57.5;46.8
2B;2021-08-02;799;471;105514;85778;57.9;47.1
2B;2021-08-03;1137;786;106651;86564;58.5;47.5
2B;2021-08-04;810;454;107461;87018;59.0;47.7
2B;2021-08-05;1024;560;108485;87578;59.5;48.1
2B;2021-08-06;704;526;109189;88104;59.9;48.3
2B;2021-08-07;306;408;109495;88512;60.1;48.6
2B;2021-08-08;93;142;109588;88654;60.1;48.6
2B;2021-08-09;536;747;110124;89401;60.4;49.1
2B;2021-08-10;739;1131;110863;90532;60.8;49.7
2B;2021-08-11;751;901;111614;91433;61.2;50.2
2B;2021-08-12;692;1045;112306;92478;61.6;50.7
2B;2021-08-13;494;948;112800;93426;61.9;51.3
2B;2021-08-14;200;437;113000;93863;62.0;51.5
2B;2021-08-15;117;173;113117;94036;62.1;51.6
2B;2021-08-16;509;1063;113626;95099;62.3;52.2
2B;2021-08-17;587;1308;114213;96407;62.7;52.9
2B;2021-08-18;506;1193;114719;97600;62.9;53.6
2B;2021-08-19;433;900;115152;98500;63.2;54.0
2B;2021-08-20;368;810;115520;99310;63.4;54.5
2B;2021-08-21;158;474;115678;99784;63.5;54.7
2B;2021-08-22;79;208;115757;99992;63.5;54.9
2B;2021-08-23;376;945;116133;100937;63.7;55.4
2B;2021-08-24;497;1214;116630;102151;64.0;56.0
2B;2021-08-25;347;970;116977;103121;64.2;56.6
2B;2021-08-26;400;817;117377;103938;64.4;57.0
2B;2021-08-27;261;572;117638;104510;64.5;57.3
2B;2021-08-28;168;442;117806;104952;64.6;57.6
2B;2021-08-29;52;126;117858;105078;64.7;57.7
2B;2021-08-30;364;850;118222;105928;64.9;58.1
2B;2021-08-31;380;922;118602;106850;65.1;58.6
2B;2021-09-01;368;986;118970;107836;65.3;59.2
2B;2021-09-02;303;737;119273;108573;65.4;59.6
2B;2021-09-03;219;507;119492;109080;65.6;59.8
2B;2021-09-04;123;352;119615;109432;65.6;60.0
2B;2021-09-05;17;137;119632;109569;65.6;60.1
2B;2021-09-06;163;656;119795;110225;65.7;60.5
2B;2021-09-07;258;988;120053;111213;65.9;61.0
2B;2021-09-08;201;746;120254;111959;66.0;61.4
2B;2021-09-09;181;520;120435;112479;66.1;61.7
2B;2021-09-10;199;487;120634;112966;66.2;62.0
2B;2021-09-11;130;312;120764;113278;66.3;62.2
2B;2021-09-12;17;114;120781;113392;66.3;62.2
2B;2021-09-13;191;534;120972;113926;66.4;62.5
2B;2021-09-14;279;929;121251;114855;66.5;63.0
2B;2021-09-15;159;598;121410;115453;66.6;63.3
2B;2021-09-16;214;301;121624;115754;66.7;63.5
2B;2021-09-17;113;193;121737;115947;66.8;63.6
2B;2021-09-18;51;157;121788;116104;66.8;63.7
2B;2021-09-19;14;18;121802;116122;66.8;63.7
2B;2021-09-20;106;409;121908;116531;66.9;63.9
2B;2021-09-21;100;410;122008;116941;66.9;64.2
2B;2021-09-22;115;404;122123;117345;67.0;64.4
2B;2021-09-23;95;228;122218;117573;67.1;64.5
2B;2021-09-24;85;212;122303;117785;67.1;64.6
2B;2021-09-25;36;123;122339;117908;67.1;64.7
2B;2021-09-26;2;23;122341;117931;67.1;64.7
2B;2021-09-27;69;229;122410;118160;67.2;64.8
2B;2021-09-28;97;192;122507;118352;67.2;64.9
30;2020-12-27;1;0;1;0;0.0;0.0
30;2020-12-28;2;0;3;0;0.0;0.0
30;2020-12-29;0;0;3;0;0.0;0.0
30;2020-12-30;0;0;3;0;0.0;0.0
30;2020-12-31;0;0;3;0;0.0;0.0
30;2021-01-01;0;0;3;0;0.0;0.0
30;2021-01-02;0;0;3;0;0.0;0.0
30;2021-01-03;0;0;3;0;0.0;0.0
30;2021-01-04;0;0;3;0;0.0;0.0
30;2021-01-05;3;0;6;0;0.0;0.0
30;2021-01-06;128;0;134;0;0.0;0.0
30;2021-01-07;314;0;448;0;0.1;0.0
30;2021-01-08;532;0;980;0;0.1;0.0
30;2021-01-09;270;0;1250;0;0.2;0.0
30;2021-01-10;0;0;1250;0;0.2;0.0
30;2021-01-11;537;0;1787;0;0.2;0.0
30;2021-01-12;801;3;2588;3;0.3;0.0
30;2021-01-13;640;0;3228;3;0.4;0.0
30;2021-01-14;653;5;3881;8;0.5;0.0
30;2021-01-15;756;2;4637;10;0.6;0.0
30;2021-01-16;313;0;4950;10;0.7;0.0
30;2021-01-17;4;0;4954;10;0.7;0.0
30;2021-01-18;945;5;5899;15;0.8;0.0
30;2021-01-19;1735;5;7634;20;1.0;0.0
30;2021-01-20;1304;2;8938;22;1.2;0.0
30;2021-01-21;1228;2;10166;24;1.4;0.0
30;2021-01-22;1078;6;11244;30;1.5;0.0
30;2021-01-23;634;2;11878;32;1.6;0.0
30;2021-01-24;0;0;11878;32;1.6;0.0
30;2021-01-25;830;5;12708;37;1.7;0.0
30;2021-01-26;1059;15;13767;52;1.8;0.0
30;2021-01-27;983;104;14750;156;2.0;0.0
30;2021-01-28;714;246;15464;402;2.1;0.1
30;2021-01-29;671;418;16135;820;2.2;0.1
30;2021-01-30;473;261;16608;1081;2.2;0.1
30;2021-01-31;3;6;16611;1087;2.2;0.1
30;2021-02-01;816;405;17427;1492;2.3;0.2
30;2021-02-02;1876;634;19303;2126;2.6;0.3
30;2021-02-03;1185;455;20488;2581;2.7;0.3
30;2021-02-04;970;589;21458;3170;2.9;0.4
30;2021-02-05;599;699;22057;3869;2.9;0.5
30;2021-02-06;295;203;22352;4072;3.0;0.5
30;2021-02-07;3;8;22355;4080;3.0;0.5
30;2021-02-08;574;604;22929;4684;3.1;0.6
30;2021-02-09;985;908;23914;5592;3.2;0.7
30;2021-02-10;985;980;24899;6572;3.3;0.9
30;2021-02-11;929;936;25828;7508;3.5;1.0
30;2021-02-12;620;875;26448;8383;3.5;1.1
30;2021-02-13;436;296;26884;8679;3.6;1.2
30;2021-02-14;3;19;26887;8698;3.6;1.2
30;2021-02-15;450;473;27337;9171;3.7;1.2
30;2021-02-16;460;712;27797;9883;3.7;1.3
30;2021-02-17;683;518;28480;10401;3.8;1.4
30;2021-02-18;794;429;29274;10830;3.9;1.4
30;2021-02-19;577;563;29851;11393;4.0;1.5
30;2021-02-20;224;177;30075;11570;4.0;1.5
30;2021-02-21;5;3;30080;11573;4.0;1.5
30;2021-02-22;502;652;30582;12225;4.1;1.6
30;2021-02-23;973;1341;31555;13566;4.2;1.8
30;2021-02-24;927;1014;32482;14580;4.3;1.9
30;2021-02-25;1209;778;33691;15358;4.5;2.1
30;2021-02-26;1336;491;35027;15849;4.7;2.1
30;2021-02-27;564;442;35591;16291;4.8;2.2
30;2021-02-28;6;7;35597;16298;4.8;2.2
30;2021-03-01;1342;740;36939;17038;4.9;2.3
30;2021-03-02;1714;807;38653;17845;5.2;2.4
30;2021-03-03;2310;655;40963;18500;5.5;2.5
30;2021-03-04;2638;798;43601;19298;5.8;2.6
30;2021-03-05;2766;558;46367;19856;6.2;2.7
30;2021-03-06;2996;317;49363;20173;6.6;2.7
30;2021-03-07;1862;47;51225;20220;6.8;2.7
30;2021-03-08;1555;708;52780;20928;7.1;2.8
30;2021-03-09;2276;794;55056;21722;7.4;2.9
30;2021-03-10;2360;607;57416;22329;7.7;3.0
30;2021-03-11;3054;660;60470;22989;8.1;3.1
30;2021-03-12;3114;362;63584;23351;8.5;3.1
30;2021-03-13;2227;278;65811;23629;8.8;3.2
30;2021-03-14;83;3;65894;23632;8.8;3.2
30;2021-03-15;1579;547;67473;24179;9.0;3.2
30;2021-03-16;1299;1013;68772;25192;9.2;3.4
30;2021-03-17;1456;625;70228;25817;9.4;3.4
30;2021-03-18;1648;703;71876;26520;9.6;3.5
30;2021-03-19;2250;532;74126;27052;9.9;3.6
30;2021-03-20;1400;142;75526;27194;10.1;3.6
30;2021-03-21;58;8;75584;27202;10.1;3.6
30;2021-03-22;2394;712;77978;27914;10.4;3.7
30;2021-03-23;3512;798;81490;28712;10.9;3.8
30;2021-03-24;3639;810;85129;29522;11.4;3.9
30;2021-03-25;4405;838;89534;30360;12.0;4.1
30;2021-03-26;4361;644;93895;31004;12.5;4.1
30;2021-03-27;1971;374;95866;31378;12.8;4.2
30;2021-03-28;35;29;95901;31407;12.8;4.2
30;2021-03-29;2816;1641;98717;33048;13.2;4.4
30;2021-03-30;3777;1869;102494;34917;13.7;4.7
30;2021-03-31;3505;1636;105999;36553;14.2;4.9
30;2021-04-01;4016;1465;110015;38018;14.7;5.1
30;2021-04-02;3605;1221;113620;39239;15.2;5.2
30;2021-04-03;1061;1216;114681;40455;15.3;5.4
30;2021-04-04;30;188;114711;40643;15.3;5.4
30;2021-04-05;765;291;115476;40934;15.4;5.5
30;2021-04-06;3045;1576;118521;42510;15.8;5.7
30;2021-04-07;2718;1626;121239;44136;16.2;5.9
30;2021-04-08;3921;1485;125160;45621;16.7;6.1
30;2021-04-09;4888;1512;130048;47133;17.4;6.3
30;2021-04-10;2426;1175;132474;48308;17.7;6.5
30;2021-04-11;950;59;133424;48367;17.8;6.5
30;2021-04-12;3142;1490;136566;49857;18.2;6.7
30;2021-04-13;4019;1930;140585;51787;18.8;6.9
30;2021-04-14;3387;1542;143972;53329;19.2;7.1
30;2021-04-15;3826;1469;147798;54798;19.7;7.3
30;2021-04-16;3704;1543;151502;56341;20.2;7.5
30;2021-04-17;1493;952;152995;57293;20.4;7.7
30;2021-04-18;961;67;153956;57360;20.6;7.7
30;2021-04-19;2447;2297;156403;59657;20.9;8.0
30;2021-04-20;2816;2828;159219;62485;21.3;8.3
30;2021-04-21;2599;2568;161818;65053;21.6;8.7
30;2021-04-22;3525;2317;165343;67370;22.1;9.0
30;2021-04-23;3580;2299;168923;69669;22.6;9.3
30;2021-04-24;1347;1230;170270;70899;22.7;9.5
30;2021-04-25;748;91;171018;70990;22.8;9.5
30;2021-04-26;2015;2387;173033;73377;23.1;9.8
30;2021-04-27;2951;2593;175984;75970;23.5;10.2
30;2021-04-28;2838;2485;178822;78455;23.9;10.5
30;2021-04-29;3621;2319;182443;80774;24.4;10.8
30;2021-04-30;3409;2014;185852;82788;24.8;11.1
30;2021-05-01;1747;601;187599;83389;25.1;11.1
30;2021-05-02;664;245;188263;83634;25.2;11.2
30;2021-05-03;3750;2503;192013;86137;25.7;11.5
30;2021-05-04;3980;3538;195993;89675;26.2;12.0
30;2021-05-05;3942;3117;199935;92792;26.7;12.4
30;2021-05-06;4202;3366;204137;96158;27.3;12.8
30;2021-05-07;4078;3062;208215;99220;27.8;13.3
30;2021-05-08;1605;721;209820;99941;28.0;13.4
30;2021-05-09;372;613;210192;100554;28.1;13.4
30;2021-05-10;2921;3113;213113;103667;28.5;13.9
30;2021-05-11;5389;3646;218502;107313;29.2;14.3
30;2021-05-12;5303;3214;223805;110527;29.9;14.8
30;2021-05-13;3230;1028;227035;111555;30.3;14.9
30;2021-05-14;4890;2460;231925;114015;31.0;15.2
30;2021-05-15;3407;1206;235332;115221;31.4;15.4
30;2021-05-16;397;338;235729;115559;31.5;15.4
30;2021-05-17;3793;3029;239522;118588;32.0;15.8
30;2021-05-18;4826;3033;244348;121621;32.6;16.2
30;2021-05-19;4773;2546;249121;124167;33.3;16.6
30;2021-05-20;5015;2571;254136;126738;34.0;16.9
30;2021-05-21;4884;2472;259020;129210;34.6;17.3
30;2021-05-22;3155;1283;262175;130493;35.0;17.4
30;2021-05-23;289;344;262464;130837;35.1;17.5
30;2021-05-24;785;766;263249;131603;35.2;17.6
30;2021-05-25;2654;3157;265903;134760;35.5;18.0
30;2021-05-26;2887;2571;268790;137331;35.9;18.3
30;2021-05-27;3757;2708;272547;140039;36.4;18.7
30;2021-05-28;3325;3246;275872;143285;36.9;19.1
30;2021-05-29;1687;1793;277559;145078;37.1;19.4
30;2021-05-30;360;584;277919;145662;37.1;19.5
30;2021-05-31;2829;2293;280748;147955;37.5;19.8
30;2021-06-01;3658;2791;284406;150746;38.0;20.1
30;2021-06-02;3320;2449;287726;153195;38.4;20.5
30;2021-06-03;4129;3344;291855;156539;39.0;20.9
30;2021-06-04;3898;3393;295753;159932;39.5;21.4
30;2021-06-05;1905;1313;297658;161245;39.8;21.5
30;2021-06-06;684;264;298342;161509;39.9;21.6
30;2021-06-07;4721;2524;303063;164033;40.5;21.9
30;2021-06-08;4830;3324;307893;167357;41.1;22.4
30;2021-06-09;4151;2988;312044;170345;41.7;22.8
30;2021-06-10;4611;3352;316655;173697;42.3;23.2
30;2021-06-11;4583;3807;321238;177504;42.9;23.7
30;2021-06-12;2485;1709;323723;179213;43.3;23.9
30;2021-06-13;493;344;324216;179557;43.3;24.0
30;2021-06-14;2470;4711;326686;184268;43.6;24.6
30;2021-06-15;3198;5309;329884;189577;44.1;25.3
30;2021-06-16;3107;4642;332991;194219;44.5;25.9
30;2021-06-17;3922;4372;336913;198591;45.0;26.5
30;2021-06-18;3713;4694;340626;203285;45.5;27.2
30;2021-06-19;1441;2004;342067;205289;45.7;27.4
30;2021-06-20;357;491;342424;205780;45.7;27.5
30;2021-06-21;2379;4910;344803;210690;46.1;28.1
30;2021-06-22;2364;5741;347167;216431;46.4;28.9
30;2021-06-23;2528;5342;349695;221773;46.7;29.6
30;2021-06-24;2336;4707;352031;226480;47.0;30.3
30;2021-06-25;2611;5603;354642;232083;47.4;31.0
30;2021-06-26;908;2939;355550;235022;47.5;31.4
30;2021-06-27;222;527;355772;235549;47.5;31.5
30;2021-06-28;1670;6022;357442;241571;47.8;32.3
30;2021-06-29;1837;6022;359279;247593;48.0;33.1
30;2021-06-30;2001;5253;361280;252846;48.3;33.8
30;2021-07-01;3105;4715;364385;257561;48.7;34.4
30;2021-07-02;2833;4624;367218;262185;49.1;35.0
30;2021-07-03;1154;3047;368372;265232;49.2;35.4
30;2021-07-04;116;393;368488;265625;49.2;35.5
30;2021-07-05;2025;4028;370513;269653;49.5;36.0
30;2021-07-06;2663;4973;373176;274626;49.9;36.7
30;2021-07-07;2538;4220;375714;278846;50.2;37.3
30;2021-07-08;2011;3417;377725;282263;50.5;37.7
30;2021-07-09;2410;5312;380135;287575;50.8;38.4
30;2021-07-10;1504;2157;381639;289732;51.0;38.7
30;2021-07-11;47;415;381686;290147;51.0;38.8
30;2021-07-12;2527;5152;384213;295299;51.3;39.5
30;2021-07-13;3300;6029;387513;301328;51.8;40.3
30;2021-07-14;502;550;388015;301878;51.8;40.3
30;2021-07-15;4127;5474;392142;307352;52.4;41.1
30;2021-07-16;5036;5727;397178;313079;53.1;41.8
30;2021-07-17;1706;2466;398884;315545;53.3;42.2
30;2021-07-18;146;601;399030;316146;53.3;42.2
30;2021-07-19;3374;6313;402404;322459;53.8;43.1
30;2021-07-20;4640;6520;407044;328979;54.4;44.0
30;2021-07-21;4063;5413;411107;334392;54.9;44.7
30;2021-07-22;4900;5740;416007;340132;55.6;45.4
30;2021-07-23;4998;5866;421005;345998;56.2;46.2
30;2021-07-24;2240;3256;423245;349254;56.5;46.7
30;2021-07-25;137;309;423382;349563;56.6;46.7
30;2021-07-26;4414;4132;427796;353695;57.2;47.3
30;2021-07-27;4856;4647;432652;358342;57.8;47.9
30;2021-07-28;4877;4023;437529;362365;58.5;48.4
30;2021-07-29;5929;4138;443458;366503;59.2;49.0
30;2021-07-30;5342;4389;448800;370892;60.0;49.6
30;2021-07-31;2654;1965;451454;372857;60.3;49.8
30;2021-08-01;734;312;452188;373169;60.4;49.9
30;2021-08-02;3685;4011;455873;377180;60.9;50.4
30;2021-08-03;4887;3953;460760;381133;61.6;50.9
30;2021-08-04;5282;3050;466042;384183;62.3;51.3
30;2021-08-05;4616;3792;470658;387975;62.9;51.8
30;2021-08-06;4333;4063;474991;392038;63.5;52.4
30;2021-08-07;1841;1953;476832;393991;63.7;52.6
30;2021-08-08;619;280;477451;394271;63.8;52.7
30;2021-08-09;3342;3761;480793;398032;64.2;53.2
30;2021-08-10;3926;4401;484719;402433;64.8;53.8
30;2021-08-11;3402;3480;488121;405913;65.2;54.2
30;2021-08-12;3762;4219;491883;410132;65.7;54.8
30;2021-08-13;3306;3338;495189;413470;66.2;55.2
30;2021-08-14;1134;2048;496323;415518;66.3;55.5
30;2021-08-15;270;175;496593;415693;66.3;55.5
30;2021-08-16;2201;4864;498794;420557;66.6;56.2
30;2021-08-17;2745;4197;501539;424754;67.0;56.7
30;2021-08-18;2839;3835;504378;428589;67.4;57.3
30;2021-08-19;2858;4317;507236;432906;67.8;57.8
30;2021-08-20;2607;4465;509843;437371;68.1;58.4
30;2021-08-21;1018;2887;510861;440258;68.3;58.8
30;2021-08-22;227;516;511088;440774;68.3;58.9
30;2021-08-23;1687;4476;512775;445250;68.5;59.5
30;2021-08-24;1951;4524;514726;449774;68.8;60.1
30;2021-08-25;1688;4345;516414;454119;69.0;60.7
30;2021-08-26;1851;4256;518265;458375;69.2;61.2
30;2021-08-27;1771;4355;520036;462730;69.5;61.8
30;2021-08-28;681;2476;520717;465206;69.6;62.2
30;2021-08-29;182;614;520899;465820;69.6;62.2
30;2021-08-30;1405;4307;522304;470127;69.8;62.8
30;2021-08-31;1331;4190;523635;474317;70.0;63.4
30;2021-09-01;1235;3625;524870;477942;70.1;63.9
30;2021-09-02;1356;3590;526226;481532;70.3;64.3
30;2021-09-03;1500;4188;527726;485720;70.5;64.9
30;2021-09-04;681;1963;528407;487683;70.6;65.2
30;2021-09-05;136;527;528543;488210;70.6;65.2
30;2021-09-06;740;2742;529283;490952;70.7;65.6
30;2021-09-07;696;2645;529979;493597;70.8;65.9
30;2021-09-08;862;2864;530841;496461;70.9;66.3
30;2021-09-09;891;2492;531732;498953;71.0;66.7
30;2021-09-10;921;3001;532653;501954;71.2;67.1
30;2021-09-11;548;1667;533201;503621;71.2;67.3
30;2021-09-12;93;224;533294;503845;71.3;67.3
30;2021-09-13;681;2013;533975;505858;71.3;67.6
30;2021-09-14;646;2050;534621;507908;71.4;67.9
30;2021-09-15;726;1837;535347;509745;71.5;68.1
30;2021-09-16;743;1478;536090;511223;71.6;68.3
30;2021-09-17;801;2029;536891;513252;71.7;68.6
30;2021-09-18;400;1010;537291;514262;71.8;68.7
30;2021-09-19;70;158;537361;514420;71.8;68.7
30;2021-09-20;396;1200;537757;515620;71.8;68.9
30;2021-09-21;451;1156;538208;516776;71.9;69.0
30;2021-09-22;478;1377;538686;518153;72.0;69.2
30;2021-09-23;621;1198;539307;519351;72.1;69.4
30;2021-09-24;550;1627;539857;520978;72.1;69.6
30;2021-09-25;320;852;540177;521830;72.2;69.7
30;2021-09-26;54;168;540231;521998;72.2;69.7
30;2021-09-27;355;884;540586;522882;72.2;69.9
30;2021-09-28;565;890;541151;523772;72.3;70.0
31;2020-12-27;0;0;0;0;0.0;0.0
31;2020-12-28;2;0;2;0;0.0;0.0
31;2020-12-29;0;0;2;0;0.0;0.0
31;2020-12-30;0;0;2;0;0.0;0.0
31;2020-12-31;1;0;3;0;0.0;0.0
31;2021-01-01;4;0;7;0;0.0;0.0
31;2021-01-02;1;0;8;0;0.0;0.0
31;2021-01-03;2;0;10;0;0.0;0.0
31;2021-01-04;5;0;15;0;0.0;0.0
31;2021-01-05;50;0;65;0;0.0;0.0
31;2021-01-06;211;1;276;1;0.0;0.0
31;2021-01-07;284;1;560;2;0.0;0.0
31;2021-01-08;546;1;1106;3;0.1;0.0
31;2021-01-09;275;0;1381;3;0.1;0.0
31;2021-01-10;286;0;1667;3;0.1;0.0
31;2021-01-11;983;3;2650;6;0.2;0.0
31;2021-01-12;1192;1;3842;7;0.3;0.0
31;2021-01-13;1158;3;5000;10;0.4;0.0
31;2021-01-14;1179;18;6179;28;0.4;0.0
31;2021-01-15;1048;3;7227;31;0.5;0.0
31;2021-01-16;243;1;7470;32;0.5;0.0
31;2021-01-17;176;0;7646;32;0.5;0.0
31;2021-01-18;1616;5;9262;37;0.7;0.0
31;2021-01-19;2937;10;12199;47;0.9;0.0
31;2021-01-20;3683;12;15882;59;1.1;0.0
31;2021-01-21;2998;7;18880;66;1.3;0.0
31;2021-01-22;2275;4;21155;70;1.5;0.0
31;2021-01-23;728;2;21883;72;1.6;0.0
31;2021-01-24;212;1;22095;73;1.6;0.0
31;2021-01-25;1744;9;23839;82;1.7;0.0
31;2021-01-26;1839;36;25678;118;1.8;0.0
31;2021-01-27;1573;139;27251;257;1.9;0.0
31;2021-01-28;1385;282;28636;539;2.0;0.0
31;2021-01-29;1360;315;29996;854;2.1;0.1
31;2021-01-30;446;168;30442;1022;2.2;0.1
31;2021-01-31;61;191;30503;1213;2.2;0.1
31;2021-02-01;1182;664;31685;1877;2.3;0.1
31;2021-02-02;3056;760;34741;2637;2.5;0.2
31;2021-02-03;1922;736;36663;3373;2.6;0.2
31;2021-02-04;1814;790;38477;4163;2.7;0.3
31;2021-02-05;1342;542;39819;4705;2.8;0.3
31;2021-02-06;384;52;40203;4757;2.9;0.3
31;2021-02-07;37;37;40240;4794;2.9;0.3
31;2021-02-08;1115;608;41355;5402;3.0;0.4
31;2021-02-09;1679;1480;43034;6882;3.1;0.5
31;2021-02-10;1964;2268;44998;9150;3.2;0.7
31;2021-02-11;1814;1743;46812;10893;3.3;0.8
31;2021-02-12;1540;747;48352;11640;3.5;0.8
31;2021-02-13;504;211;48856;11851;3.5;0.8
31;2021-02-14;56;191;48912;12042;3.5;0.9
31;2021-02-15;443;1062;49355;13104;3.5;0.9
31;2021-02-16;462;1263;49817;14367;3.6;1.0
31;2021-02-17;472;1326;50289;15693;3.6;1.1
31;2021-02-18;476;1401;50765;17094;3.6;1.2
31;2021-02-19;393;1289;51158;18383;3.7;1.3
31;2021-02-20;69;415;51227;18798;3.7;1.3
31;2021-02-21;77;145;51304;18943;3.7;1.4
31;2021-02-22;434;1454;51738;20397;3.7;1.5
31;2021-02-23;864;2661;52602;23058;3.8;1.6
31;2021-02-24;652;1930;53254;24988;3.8;1.8
31;2021-02-25;1435;1617;54689;26605;3.9;1.9
31;2021-02-26;1711;988;56400;27593;4.0;2.0
31;2021-02-27;638;306;57038;27899;4.1;2.0
31;2021-02-28;78;54;57116;27953;4.1;2.0
31;2021-03-01;875;943;57991;28896;4.1;2.1
31;2021-03-02;1240;1437;59231;30333;4.2;2.2
31;2021-03-03;1355;1626;60586;31959;4.3;2.3
31;2021-03-04;2423;1317;63009;33276;4.5;2.4
31;2021-03-05;3054;1438;66063;34714;4.7;2.5
31;2021-03-06;2834;355;68897;35069;4.9;2.5
31;2021-03-07;5368;108;74265;35177;5.3;2.5
31;2021-03-08;1598;966;75863;36143;5.4;2.6
31;2021-03-09;2792;1041;78655;37184;5.6;2.7
31;2021-03-10;2574;993;81229;38177;5.8;2.7
31;2021-03-11;4382;1061;85611;39238;6.1;2.8
31;2021-03-12;5319;1102;90930;40340;6.5;2.9
31;2021-03-13;2838;473;93768;40813;6.7;2.9
31;2021-03-14;235;49;94003;40862;6.7;2.9
31;2021-03-15;2584;414;96587;41276;6.9;2.9
31;2021-03-16;1747;778;98334;42054;7.0;3.0
31;2021-03-17;1656;541;99990;42595;7.1;3.0
31;2021-03-18;1988;698;101978;43293;7.3;3.1
31;2021-03-19;3185;520;105163;43813;7.5;3.1
31;2021-03-20;1797;136;106960;43949;7.6;3.1
31;2021-03-21;211;24;107171;43973;7.6;3.1
31;2021-03-22;2579;355;109750;44328;7.8;3.2
31;2021-03-23;4056;317;113806;44645;8.1;3.2
31;2021-03-24;4356;288;118162;44933;8.4;3.2
31;2021-03-25;6041;515;124203;45448;8.9;3.2
31;2021-03-26;5466;507;129669;45955;9.3;3.3
31;2021-03-27;4350;208;134019;46163;9.6;3.3
31;2021-03-28;2291;48;136310;46211;9.7;3.3
31;2021-03-29;4206;430;140516;46641;10.0;3.3
31;2021-03-30;6595;552;147111;47193;10.5;3.4
31;2021-03-31;5649;382;152760;47575;10.9;3.4
31;2021-04-01;6967;552;159727;48127;11.4;3.4
31;2021-04-02;6102;574;165829;48701;11.8;3.5
31;2021-04-03;3927;151;169756;48852;12.1;3.5
31;2021-04-04;2060;113;171816;48965;12.3;3.5
31;2021-04-05;481;71;172297;49036;12.3;3.5
31;2021-04-06;4165;1143;176462;50179;12.6;3.6
31;2021-04-07;5988;981;182450;51160;13.0;3.7
31;2021-04-08;7568;1037;190018;52197;13.6;3.7
31;2021-04-09;8386;1257;198404;53454;14.2;3.8
31;2021-04-10;4716;543;203120;53997;14.5;3.9
31;2021-04-11;2069;136;205189;54133;14.6;3.9
31;2021-04-12;6001;1834;211190;55967;15.1;4.0
31;2021-04-13;8047;2014;219237;57981;15.6;4.1
31;2021-04-14;6655;1900;225892;59881;16.1;4.3
31;2021-04-15;7771;2238;233663;62119;16.7;4.4
31;2021-04-16;7177;2092;240840;64211;17.2;4.6
31;2021-04-17;4413;904;245253;65115;17.5;4.6
31;2021-04-18;2513;355;247766;65470;17.7;4.7
31;2021-04-19;5220;2020;252986;67490;18.1;4.8
31;2021-04-20;6073;2835;259059;70325;18.5;5.0
31;2021-04-21;5974;2786;265033;73111;18.9;5.2
31;2021-04-22;6379;3236;271412;76347;19.4;5.4
31;2021-04-23;6282;2550;277694;78897;19.8;5.6
31;2021-04-24;1616;3137;279310;82034;19.9;5.9
31;2021-04-25;688;2092;279998;84126;20.0;6.0
31;2021-04-26;3794;3212;283792;87338;20.3;6.2
31;2021-04-27;4517;3875;288309;91213;20.6;6.5
31;2021-04-28;4545;3550;292854;94763;20.9;6.8
31;2021-04-29;5181;4054;298035;98817;21.3;7.1
31;2021-04-30;5037;4121;303072;102938;21.6;7.3
31;2021-05-01;1487;3114;304559;106052;21.7;7.6
31;2021-05-02;1414;1979;305973;108031;21.8;7.7
31;2021-05-03;5658;2416;311631;110447;22.2;7.9
31;2021-05-04;4779;4739;316410;115186;22.6;8.2
31;2021-05-05;2994;5712;319404;120898;22.8;8.6
31;2021-05-06;3635;7376;323039;128274;23.1;9.2
31;2021-05-07;5256;7146;328295;135420;23.4;9.7
31;2021-05-08;3633;3102;331928;138522;23.7;9.9
31;2021-05-09;3760;2307;335688;140829;24.0;10.1
31;2021-05-10;5683;5471;341371;146300;24.4;10.4
31;2021-05-11;6605;6679;347976;152979;24.8;10.9
31;2021-05-12;6171;5926;354147;158905;25.3;11.3
31;2021-05-13;4642;2066;358789;160971;25.6;11.5
31;2021-05-14;6910;3974;365699;164945;26.1;11.8
31;2021-05-15;5145;1753;370844;166698;26.5;11.9
31;2021-05-16;3299;633;374143;167331;26.7;11.9
31;2021-05-17;5143;4148;379286;171479;27.1;12.2
31;2021-05-18;5588;4270;384874;175749;27.5;12.5
31;2021-05-19;5782;3762;390656;179511;27.9;12.8
31;2021-05-20;6473;4787;397129;184298;28.3;13.2
31;2021-05-21;5985;4594;403114;188892;28.8;13.5
31;2021-05-22;4081;1628;407195;190520;29.1;13.6
31;2021-05-23;3583;342;410778;190862;29.3;13.6
31;2021-05-24;3881;706;414659;191568;29.6;13.7
31;2021-05-25;6189;3606;420848;195174;30.0;13.9
31;2021-05-26;5607;4643;426455;199817;30.4;14.3
31;2021-05-27;4788;6183;431243;206000;30.8;14.7
31;2021-05-28;4116;6344;435359;212344;31.1;15.2
31;2021-05-29;1917;4024;437276;216368;31.2;15.4
31;2021-05-30;751;2361;438027;218729;31.3;15.6
31;2021-05-31;4396;5071;442423;223800;31.6;16.0
31;2021-06-01;5953;6558;448376;230358;32.0;16.4
31;2021-06-02;5802;6296;454178;236654;32.4;16.9
31;2021-06-03;7309;8133;461487;244787;32.9;17.5
31;2021-06-04;7542;7149;469029;251936;33.5;18.0
31;2021-06-05;9077;2770;478106;254706;34.1;18.2
31;2021-06-06;8106;1579;486212;256285;34.7;18.3
31;2021-06-07;7987;5471;494199;261756;35.3;18.7
31;2021-06-08;9106;6043;503305;267799;35.9;19.1
31;2021-06-09;8918;5551;512223;273350;36.6;19.5
31;2021-06-10;9781;6352;522004;279702;37.3;20.0
31;2021-06-11;10047;6626;532051;286328;38.0;20.4
31;2021-06-12;8788;3022;540839;289350;38.6;20.7
31;2021-06-13;8378;2018;549217;291368;39.2;20.8
31;2021-06-14;8428;6728;557645;298096;39.8;21.3
31;2021-06-15;9775;7444;567420;305540;40.5;21.8
31;2021-06-16;8735;5255;576155;310795;41.1;22.2
31;2021-06-17;8278;6602;584433;317397;41.7;22.7
31;2021-06-18;8551;7753;592984;325150;42.3;23.2
31;2021-06-19;7364;5440;600348;330590;42.9;23.6
31;2021-06-20;5572;3727;605920;334317;43.3;23.9
31;2021-06-21;5372;6916;611292;341233;43.6;24.4
31;2021-06-22;4987;8228;616279;349461;44.0;24.9
31;2021-06-23;5105;7283;621384;356744;44.4;25.5
31;2021-06-24;4633;8323;626017;365067;44.7;26.1
31;2021-06-25;5014;9309;631031;374376;45.0;26.7
31;2021-06-26;4282;6398;635313;380774;45.3;27.2
31;2021-06-27;3596;4106;638909;384880;45.6;27.5
31;2021-06-28;4097;6641;643006;391521;45.9;27.9
31;2021-06-29;3798;7559;646804;399080;46.2;28.5
31;2021-06-30;4280;7819;651084;406899;46.5;29.0
31;2021-07-01;4121;8461;655205;415360;46.8;29.6
31;2021-07-02;4108;9327;659313;424687;47.1;30.3
31;2021-07-03;4100;6111;663413;430798;47.4;30.8
31;2021-07-04;3205;4811;666618;435609;47.6;31.1
31;2021-07-05;4056;7093;670674;442702;47.9;31.6
31;2021-07-06;3888;8362;674562;451064;48.2;32.2
31;2021-07-07;3964;7961;678526;459025;48.4;32.8
31;2021-07-08;4054;8536;682580;467561;48.7;33.4
31;2021-07-09;4461;8799;687041;476360;49.0;34.0
31;2021-07-10;3918;5492;690959;481852;49.3;34.4
31;2021-07-11;3137;4137;694096;485989;49.5;34.7
31;2021-07-12;3824;8633;697920;494622;49.8;35.3
31;2021-07-13;6919;9444;704839;504066;50.3;36.0
31;2021-07-14;6166;3937;711005;508003;50.8;36.3
31;2021-07-15;8516;9451;719521;517454;51.4;36.9
31;2021-07-16;7775;9908;727296;527362;51.9;37.6
31;2021-07-17;8357;10556;735653;537918;52.5;38.4
31;2021-07-18;6620;9472;742273;547390;53.0;39.1
31;2021-07-19;4793;10775;747066;558165;53.3;39.8
31;2021-07-20;7159;11480;754225;569645;53.8;40.7
31;2021-07-21;7039;11529;761264;581174;54.3;41.5
31;2021-07-22;8165;11757;769429;592931;54.9;42.3
31;2021-07-23;7474;11811;776903;604742;55.5;43.2
31;2021-07-24;10312;10571;787215;615313;56.2;43.9
31;2021-07-25;7560;8801;794775;624114;56.7;44.5
31;2021-07-26;5513;9543;800288;633657;57.1;45.2
31;2021-07-27;7961;9197;808249;642854;57.7;45.9
31;2021-07-28;8677;8282;816926;651136;58.3;46.5
31;2021-07-29;8853;8047;825779;659183;58.9;47.1
31;2021-07-30;7672;7986;833451;667169;59.5;47.6
31;2021-07-31;6015;7393;839466;674562;59.9;48.2
31;2021-08-01;4430;4302;843896;678864;60.2;48.5
31;2021-08-02;5487;5418;849383;684282;60.6;48.8
31;2021-08-03;5896;5186;855279;689468;61.1;49.2
31;2021-08-04;5924;4803;861203;694271;61.5;49.6
31;2021-08-05;5585;7230;866788;701501;61.9;50.1
31;2021-08-06;5301;7343;872089;708844;62.3;50.6
31;2021-08-07;4596;6651;876685;715495;62.6;51.1
31;2021-08-08;3385;5578;880070;721073;62.8;51.5
31;2021-08-09;4395;7011;884465;728084;63.1;52.0
31;2021-08-10;4686;6284;889151;734368;63.5;52.4
31;2021-08-11;4525;5858;893676;740226;63.8;52.8
31;2021-08-12;4523;6757;898199;746983;64.1;53.3
31;2021-08-13;4170;6200;902369;753183;64.4;53.8
31;2021-08-14;3033;6461;905402;759644;64.6;54.2
31;2021-08-15;1308;4096;906710;763740;64.7;54.5
31;2021-08-16;3219;8117;909929;771857;65.0;55.1
31;2021-08-17;3433;7096;913362;778953;65.2;55.6
31;2021-08-18;3314;7006;916676;785959;65.4;56.1
31;2021-08-19;2987;6994;919663;792953;65.6;56.6
31;2021-08-20;3019;7395;922682;800348;65.9;57.1
31;2021-08-21;1979;6797;924661;807145;66.0;57.6
31;2021-08-22;1487;5636;926148;812781;66.1;58.0
31;2021-08-23;2369;7727;928517;820508;66.3;58.6
31;2021-08-24;2557;6173;931074;826681;66.5;59.0
31;2021-08-25;2378;5727;933452;832408;66.6;59.4
31;2021-08-26;2270;5798;935722;838206;66.8;59.8
31;2021-08-27;2354;6662;938076;844868;67.0;60.3
31;2021-08-28;1835;6788;939911;851656;67.1;60.8
31;2021-08-29;1278;5066;941189;856722;67.2;61.2
31;2021-08-30;2142;6631;943331;863353;67.3;61.6
31;2021-08-31;2254;5571;945585;868924;67.5;62.0
31;2021-09-01;1689;5058;947274;873982;67.6;62.4
31;2021-09-02;1757;4522;949031;878504;67.7;62.7
31;2021-09-03;1778;5204;950809;883708;67.9;63.1
31;2021-09-04;2005;5941;952814;889649;68.0;63.5
31;2021-09-05;1128;2400;953942;892049;68.1;63.7
31;2021-09-06;1361;3586;955303;895635;68.2;63.9
31;2021-09-07;1259;3351;956562;898986;68.3;64.2
31;2021-09-08;1405;3951;957967;902937;68.4;64.5
31;2021-09-09;1077;3115;959044;906052;68.5;64.7
31;2021-09-10;1654;3961;960698;910013;68.6;65.0
31;2021-09-11;1284;3989;961982;914002;68.7;65.2
31;2021-09-12;539;1813;962521;915815;68.7;65.4
31;2021-09-13;1009;2628;963530;918443;68.8;65.6
31;2021-09-14;1231;2798;964761;921241;68.9;65.8
31;2021-09-15;1079;2686;965840;923927;68.9;66.0
31;2021-09-16;894;1675;966734;925602;69.0;66.1
31;2021-09-17;1072;2504;967806;928106;69.1;66.2
31;2021-09-18;851;2798;968657;930904;69.1;66.4
31;2021-09-19;318;1237;968975;932141;69.2;66.5
31;2021-09-20;606;1599;969581;933740;69.2;66.7
31;2021-09-21;819;1560;970400;935300;69.3;66.8
31;2021-09-22;831;2055;971231;937355;69.3;66.9
31;2021-09-23;769;1544;972000;938899;69.4;67.0
31;2021-09-24;837;2013;972837;940912;69.4;67.2
31;2021-09-25;662;2532;973499;943444;69.5;67.3
31;2021-09-26;245;1127;973744;944571;69.5;67.4
31;2021-09-27;675;1501;974419;946072;69.6;67.5
31;2021-09-28;725;1346;975144;947418;69.6;67.6
32;2020-12-27;0;0;0;0;0.0;0.0
32;2020-12-28;0;0;0;0;0.0;0.0
32;2020-12-29;0;0;0;0;0.0;0.0
32;2020-12-30;0;0;0;0;0.0;0.0
32;2020-12-31;0;0;0;0;0.0;0.0
32;2021-01-01;0;0;0;0;0.0;0.0
32;2021-01-02;0;0;0;0;0.0;0.0
32;2021-01-03;1;0;1;0;0.0;0.0
32;2021-01-04;3;0;4;0;0.0;0.0
32;2021-01-05;1;0;5;0;0.0;0.0
32;2021-01-06;3;0;8;0;0.0;0.0
32;2021-01-07;155;0;163;0;0.1;0.0
32;2021-01-08;70;0;233;0;0.1;0.0
32;2021-01-09;5;0;238;0;0.1;0.0
32;2021-01-10;0;0;238;0;0.1;0.0
32;2021-01-11;11;0;249;0;0.1;0.0
32;2021-01-12;96;0;345;0;0.2;0.0
32;2021-01-13;325;1;670;1;0.4;0.0
32;2021-01-14;389;3;1059;4;0.6;0.0
32;2021-01-15;448;2;1507;6;0.8;0.0
32;2021-01-16;17;2;1524;8;0.8;0.0
32;2021-01-17;1;0;1525;8;0.8;0.0
32;2021-01-18;345;1;1870;9;1.0;0.0
32;2021-01-19;420;0;2290;9;1.2;0.0
32;2021-01-20;358;0;2648;9;1.4;0.0
32;2021-01-21;582;0;3230;9;1.7;0.0
32;2021-01-22;372;0;3602;9;1.9;0.0
32;2021-01-23;189;0;3791;9;2.0;0.0
32;2021-01-24;5;0;3796;9;2.0;0.0
32;2021-01-25;468;1;4264;10;2.2;0.0
32;2021-01-26;609;0;4873;10;2.6;0.0
32;2021-01-27;703;4;5576;14;2.9;0.0
32;2021-01-28;687;12;6263;26;3.3;0.0
32;2021-01-29;461;49;6724;75;3.5;0.0
32;2021-01-30;260;0;6984;75;3.7;0.0
32;2021-01-31;4;5;6988;80;3.7;0.0
32;2021-02-01;289;57;7277;137;3.8;0.1
32;2021-02-02;639;135;7916;272;4.2;0.1
32;2021-02-03;338;196;8254;468;4.3;0.2
32;2021-02-04;426;271;8680;739;4.6;0.4
32;2021-02-05;348;354;9028;1093;4.8;0.6
32;2021-02-06;147;0;9175;1093;4.8;0.6
32;2021-02-07;0;36;9175;1129;4.8;0.6
32;2021-02-08;278;108;9453;1237;5.0;0.7
32;2021-02-09;310;225;9763;1462;5.1;0.8
32;2021-02-10;272;242;10035;1704;5.3;0.9
32;2021-02-11;383;301;10418;2005;5.5;1.1
32;2021-02-12;298;226;10716;2231;5.6;1.2
32;2021-02-13;249;1;10965;2232;5.8;1.2
32;2021-02-14;0;28;10965;2260;5.8;1.2
32;2021-02-15;25;183;10990;2443;5.8;1.3
32;2021-02-16;393;337;11383;2780;6.0;1.5
32;2021-02-17;192;437;11575;3217;6.1;1.7
32;2021-02-18;331;422;11906;3639;6.3;1.9
32;2021-02-19;184;264;12090;3903;6.4;2.1
32;2021-02-20;1;70;12091;3973;6.4;2.1
32;2021-02-21;0;0;12091;3973;6.4;2.1
32;2021-02-22;158;332;12249;4305;6.4;2.3
32;2021-02-23;431;517;12680;4822;6.7;2.5
32;2021-02-24;277;335;12957;5157;6.8;2.7
32;2021-02-25;481;479;13438;5636;7.1;3.0
32;2021-02-26;444;360;13882;5996;7.3;3.2
32;2021-02-27;157;214;14039;6210;7.4;3.3
32;2021-02-28;4;0;14043;6210;7.4;3.3
32;2021-03-01;51;277;14094;6487;7.4;3.4
32;2021-03-02;415;406;14509;6893;7.6;3.6
32;2021-03-03;276;268;14785;7161;7.8;3.8
32;2021-03-04;542;320;15327;7481;8.1;3.9
32;2021-03-05;438;228;15765;7709;8.3;4.1
32;2021-03-06;520;150;16285;7859;8.6;4.1
32;2021-03-07;25;5;16310;7864;8.6;4.1
32;2021-03-08;234;278;16544;8142;8.7;4.3
32;2021-03-09;643;312;17187;8454;9.0;4.4
32;2021-03-10;482;318;17669;8772;9.3;4.6
32;2021-03-11;854;283;18523;9055;9.7;4.8
32;2021-03-12;881;334;19404;9389;10.2;4.9
32;2021-03-13;492;232;19896;9621;10.5;5.1
32;2021-03-14;1;0;19897;9621;10.5;5.1
32;2021-03-15;264;25;20161;9646;10.6;5.1
32;2021-03-16;314;303;20475;9949;10.8;5.2
32;2021-03-17;150;153;20625;10102;10.9;5.3
32;2021-03-18;375;304;21000;10406;11.1;5.5
32;2021-03-19;405;179;21405;10585;11.3;5.6
32;2021-03-20;136;33;21541;10618;11.3;5.6
32;2021-03-21;0;0;21541;10618;11.3;5.6
32;2021-03-22;340;167;21881;10785;11.5;5.7
32;2021-03-23;560;397;22441;11182;11.8;5.9
32;2021-03-24;643;267;23084;11449;12.1;6.0
32;2021-03-25;899;413;23983;11862;12.6;6.2
32;2021-03-26;657;293;24640;12155;13.0;6.4
32;2021-03-27;165;3;24805;12158;13.1;6.4
32;2021-03-28;1;1;24806;12159;13.1;6.4
32;2021-03-29;371;48;25177;12207;13.2;6.4
32;2021-03-30;766;287;25943;12494;13.7;6.6
32;2021-03-31;654;170;26597;12664;14.0;6.7
32;2021-04-01;1238;318;27835;12982;14.6;6.8
32;2021-04-02;575;167;28410;13149;14.9;6.9
32;2021-04-03;114;0;28524;13149;15.0;6.9
32;2021-04-04;0;0;28524;13149;15.0;6.9
32;2021-04-05;0;0;28524;13149;15.0;6.9
32;2021-04-06;2650;310;31174;13459;16.4;7.1
32;2021-04-07;1178;202;32352;13661;17.0;7.2
32;2021-04-08;1736;405;34088;14066;17.9;7.4
32;2021-04-09;883;218;34971;14284;18.4;7.5
32;2021-04-10;809;29;35780;14313;18.8;7.5
32;2021-04-11;14;0;35794;14313;18.8;7.5
32;2021-04-12;477;23;36271;14336;19.1;7.5
32;2021-04-13;2469;389;38740;14725;20.4;7.7
32;2021-04-14;1226;263;39966;14988;21.0;7.9
32;2021-04-15;1704;392;41670;15380;21.9;8.1
32;2021-04-16;638;282;42308;15662;22.3;8.2
32;2021-04-17;783;39;43091;15701;22.7;8.3
32;2021-04-18;13;1;43104;15702;22.7;8.3
32;2021-04-19;502;45;43606;15747;22.9;8.3
32;2021-04-20;2472;393;46078;16140;24.2;8.5
32;2021-04-21;1009;302;47087;16442;24.8;8.7
32;2021-04-22;1662;319;48749;16761;25.7;8.8
32;2021-04-23;549;158;49298;16919;25.9;8.9
32;2021-04-24;1392;57;50690;16976;26.7;8.9
32;2021-04-25;0;11;50690;16987;26.7;8.9
32;2021-04-26;387;359;51077;17346;26.9;9.1
32;2021-04-27;2551;556;53628;17902;28.2;9.4
32;2021-04-28;972;354;54600;18256;28.7;9.6
32;2021-04-29;1008;883;55608;19139;29.3;10.1
32;2021-04-30;453;363;56061;19502;29.5;10.3
32;2021-05-01;2607;97;58668;19599;30.9;10.3
32;2021-05-02;0;0;58668;19599;30.9;10.3
32;2021-05-03;170;321;58838;19920;31.0;10.5
32;2021-05-04;785;2490;59623;22410;31.4;11.8
32;2021-05-05;2360;1098;61983;23508;32.6;12.4
32;2021-05-06;516;1655;62499;25163;32.9;13.2
32;2021-05-07;2286;538;64785;25701;34.1;13.5
32;2021-05-08;70;516;64855;26217;34.1;13.8
32;2021-05-09;21;179;64876;26396;34.1;13.9
32;2021-05-10;1994;547;66870;26943;35.2;14.2
32;2021-05-11;651;2276;67521;29219;35.5;15.4
32;2021-05-12;2313;1137;69834;30356;36.7;16.0
32;2021-05-13;280;1417;70114;31773;36.9;16.7
32;2021-05-14;2223;328;72337;32101;38.1;16.9
32;2021-05-15;134;712;72471;32813;38.1;17.3
32;2021-05-16;2;0;72473;32813;38.1;17.3
32;2021-05-17;353;169;72826;32982;38.3;17.4
32;2021-05-18;1642;298;74468;33280;39.2;17.5
32;2021-05-19;2474;272;76942;33552;40.5;17.7
32;2021-05-20;2885;470;79827;34022;42.0;17.9
32;2021-05-21;2532;499;82359;34521;43.3;18.2
32;2021-05-22;334;110;82693;34631;43.5;18.2
32;2021-05-23;2;13;82695;34644;43.5;18.2
32;2021-05-24;3;0;82698;34644;43.5;18.2
32;2021-05-25;1982;373;84680;35017;44.6;18.4
32;2021-05-26;2547;556;87227;35573;45.9;18.7
32;2021-05-27;2876;626;90103;36199;47.4;19.0
32;2021-05-28;2308;766;92411;36965;48.6;19.5
32;2021-05-29;372;313;92783;37278;48.8;19.6
32;2021-05-30;4;6;92787;37284;48.8;19.6
32;2021-05-31;1413;625;94200;37909;49.6;19.9
32;2021-06-01;566;2887;94766;40796;49.9;21.5
32;2021-06-02;1580;1351;96346;42147;50.7;22.2
32;2021-06-03;395;2085;96741;44232;50.9;23.3
32;2021-06-04;1836;831;98577;45063;51.9;23.7
32;2021-06-05;206;1660;98783;46723;52.0;24.6
32;2021-06-06;8;14;98791;46737;52.0;24.6
32;2021-06-07;102;418;98893;47155;52.0;24.8
32;2021-06-08;663;2536;99556;49691;52.4;26.1
32;2021-06-09;1191;1056;100747;50747;53.0;26.7
32;2021-06-10;684;1225;101431;51972;53.4;27.3
32;2021-06-11;926;663;102357;52635;53.9;27.7
32;2021-06-12;150;2679;102507;55314;53.9;29.1
32;2021-06-13;1;1;102508;55315;53.9;29.1
32;2021-06-14;528;210;103036;55525;54.2;29.2
32;2021-06-15;1733;1024;104769;56549;55.1;29.8
32;2021-06-16;850;2777;105619;59326;55.6;31.2
32;2021-06-17;859;828;106478;60154;56.0;31.7
32;2021-06-18;315;2723;106793;62877;56.2;33.1
32;2021-06-19;914;437;107707;63314;56.7;33.3
32;2021-06-20;5;13;107712;63327;56.7;33.3
32;2021-06-21;67;1994;107779;65321;56.7;34.4
32;2021-06-22;1042;970;108821;66291;57.3;34.9
32;2021-06-23;516;2183;109337;68474;57.5;36.0
32;2021-06-24;528;517;109865;68991;57.8;36.3
32;2021-06-25;501;2360;110366;71351;58.1;37.5
32;2021-06-26;108;171;110474;71522;58.1;37.6
32;2021-06-27;2;5;110476;71527;58.1;37.6
32;2021-06-28;630;603;111106;72130;58.5;38.0
32;2021-06-29;800;1982;111906;74112;58.9;39.0
32;2021-06-30;757;2726;112663;76838;59.3;40.4
32;2021-07-01;538;2637;113201;79475;59.6;41.8
32;2021-07-02;641;2335;113842;81810;59.9;43.0
32;2021-07-03;481;506;114323;82316;60.2;43.3
32;2021-07-04;1;12;114324;82328;60.2;43.3
32;2021-07-05;76;390;114400;82718;60.2;43.5
32;2021-07-06;878;2083;115278;84801;60.7;44.6
32;2021-07-07;781;2756;116059;87557;61.1;46.1
32;2021-07-08;479;2268;116538;89825;61.3;47.3
32;2021-07-09;615;2226;117153;92051;61.6;48.4
32;2021-07-10;536;520;117689;92571;61.9;48.7
32;2021-07-11;0;5;117689;92576;61.9;48.7
32;2021-07-12;526;1244;118215;93820;62.2;49.4
32;2021-07-13;1695;1817;119910;95637;63.1;50.3
32;2021-07-14;492;35;120402;95672;63.4;50.3
32;2021-07-15;2096;891;122498;96563;64.5;50.8
32;2021-07-16;1170;1915;123668;98478;65.1;51.8
32;2021-07-17;78;129;123746;98607;65.1;51.9
32;2021-07-18;2;5;123748;98612;65.1;51.9
32;2021-07-19;1997;147;125745;98759;66.2;52.0
32;2021-07-20;2036;1271;127781;100030;67.2;52.6
32;2021-07-21;1614;1691;129395;101721;68.1;53.5
32;2021-07-22;1946;513;131341;102234;69.1;53.8
32;2021-07-23;1408;1731;132749;103965;69.9;54.7
32;2021-07-24;139;117;132888;104082;69.9;54.8
32;2021-07-25;34;10;132922;104092;69.9;54.8
32;2021-07-26;1071;1070;133993;105162;70.5;55.3
32;2021-07-27;1730;2099;135723;107261;71.4;56.4
32;2021-07-28;694;975;136417;108236;71.8;57.0
32;2021-07-29;1694;1607;138111;109843;72.7;57.8
32;2021-07-30;363;348;138474;110191;72.9;58.0
32;2021-07-31;186;350;138660;110541;73.0;58.2
32;2021-08-01;18;4;138678;110545;73.0;58.2
32;2021-08-02;82;76;138760;110621;73.0;58.2
32;2021-08-03;1174;1792;139934;112413;73.6;59.2
32;2021-08-04;633;652;140567;113065;74.0;59.5
32;2021-08-05;1104;1944;141671;115009;74.5;60.5
32;2021-08-06;563;495;142234;115504;74.8;60.8
32;2021-08-07;148;92;142382;115596;74.9;60.8
32;2021-08-08;1;0;142383;115596;74.9;60.8
32;2021-08-09;263;1826;142646;117422;75.1;61.8
32;2021-08-10;715;2076;143361;119498;75.4;62.9
32;2021-08-11;579;446;143940;119944;75.7;63.1
32;2021-08-12;933;2102;144873;122046;76.2;64.2
32;2021-08-13;177;249;145050;122295;76.3;64.4
32;2021-08-14;113;117;145163;122412;76.4;64.4
32;2021-08-15;13;21;145176;122433;76.4;64.4
32;2021-08-16;41;40;145217;122473;76.4;64.4
32;2021-08-17;573;2300;145790;124773;76.7;65.7
32;2021-08-18;310;559;146100;125332;76.9;66.0
32;2021-08-19;954;1411;147054;126743;77.4;66.7
32;2021-08-20;155;165;147209;126908;77.5;66.8
32;2021-08-21;150;192;147359;127100;77.5;66.9
32;2021-08-22;8;3;147367;127103;77.5;66.9
32;2021-08-23;42;101;147409;127204;77.6;66.9
32;2021-08-24;584;1449;147993;128653;77.9;67.7
32;2021-08-25;94;191;148087;128844;77.9;67.8
32;2021-08-26;320;2260;148407;131104;78.1;69.0
32;2021-08-27;274;553;148681;131657;78.2;69.3
32;2021-08-28;70;109;148751;131766;78.3;69.3
32;2021-08-29;1;8;148752;131774;78.3;69.3
32;2021-08-30;19;50;148771;131824;78.3;69.4
32;2021-08-31;194;1536;148965;133360;78.4;70.2
32;2021-09-01;650;829;149615;134189;78.7;70.6
32;2021-09-02;317;1733;149932;135922;78.9;71.5
32;2021-09-03;187;314;150119;136236;79.0;71.7
32;2021-09-04;49;106;150168;136342;79.0;71.7
32;2021-09-05;11;15;150179;136357;79.0;71.8
32;2021-09-06;38;103;150217;136460;79.0;71.8
32;2021-09-07;438;950;150655;137410;79.3;72.3
32;2021-09-08;254;553;150909;137963;79.4;72.6
32;2021-09-09;225;1063;151134;139026;79.5;73.2
32;2021-09-10;203;241;151337;139267;79.6;73.3
32;2021-09-11;88;160;151425;139427;79.7;73.4
32;2021-09-12;7;11;151432;139438;79.7;73.4
32;2021-09-13;4;12;151436;139450;79.7;73.4
32;2021-09-14;319;845;151755;140295;79.9;73.8
32;2021-09-15;200;145;151955;140440;80.0;73.9
32;2021-09-16;180;214;152135;140654;80.1;74.0
32;2021-09-17;199;345;152334;140999;80.2;74.2
32;2021-09-18;40;62;152374;141061;80.2;74.2
32;2021-09-19;0;2;152374;141063;80.2;74.2
32;2021-09-20;4;18;152378;141081;80.2;74.2
32;2021-09-21;241;458;152619;141539;80.3;74.5
32;2021-09-22;233;545;152852;142084;80.4;74.8
32;2021-09-23;132;219;152984;142303;80.5;74.9
32;2021-09-24;101;287;153085;142590;80.6;75.0
32;2021-09-25;28;51;153113;142641;80.6;75.1
32;2021-09-26;2;5;153115;142646;80.6;75.1
32;2021-09-27;9;29;153124;142675;80.6;75.1
32;2021-09-28;111;515;153235;143190;80.6;75.3
33;2020-12-27;4;0;4;0;0.0;0.0
33;2020-12-28;4;0;8;0;0.0;0.0
33;2020-12-29;0;0;8;0;0.0;0.0
33;2020-12-30;0;0;8;0;0.0;0.0
33;2020-12-31;1;0;9;0;0.0;0.0
33;2021-01-01;0;0;9;0;0.0;0.0
33;2021-01-02;2;0;11;0;0.0;0.0
33;2021-01-03;2;0;13;0;0.0;0.0
33;2021-01-04;2;0;15;0;0.0;0.0
33;2021-01-05;2;0;17;0;0.0;0.0
33;2021-01-06;135;0;152;0;0.0;0.0
33;2021-01-07;1309;1;1461;1;0.1;0.0
33;2021-01-08;1200;2;2661;3;0.2;0.0
33;2021-01-09;298;0;2959;3;0.2;0.0
33;2021-01-10;229;0;3188;3;0.2;0.0
33;2021-01-11;627;0;3815;3;0.2;0.0
33;2021-01-12;1415;2;5230;5;0.3;0.0
33;2021-01-13;1313;9;6543;14;0.4;0.0
33;2021-01-14;1290;12;7833;26;0.5;0.0
33;2021-01-15;1609;11;9442;37;0.6;0.0
33;2021-01-16;568;6;10010;43;0.6;0.0
33;2021-01-17;406;2;10416;45;0.6;0.0
33;2021-01-18;1224;9;11640;54;0.7;0.0
33;2021-01-19;2935;8;14575;62;0.9;0.0
33;2021-01-20;3420;12;17995;74;1.1;0.0
33;2021-01-21;2864;3;20859;77;1.3;0.0
33;2021-01-22;2328;7;23187;84;1.4;0.0
33;2021-01-23;854;2;24041;86;1.5;0.0
33;2021-01-24;532;2;24573;88;1.5;0.0
33;2021-01-25;2173;54;26746;142;1.6;0.0
33;2021-01-26;2245;142;28991;284;1.8;0.0
33;2021-01-27;2263;188;31254;472;1.9;0.0
33;2021-01-28;2160;409;33414;881;2.0;0.1
33;2021-01-29;1825;633;35239;1514;2.2;0.1
33;2021-01-30;705;155;35944;1669;2.2;0.1
33;2021-01-31;390;133;36334;1802;2.2;0.1
33;2021-02-01;1457;603;37791;2405;2.3;0.1
33;2021-02-02;2645;1033;40436;3438;2.5;0.2
33;2021-02-03;2938;829;43374;4267;2.7;0.3
33;2021-02-04;4029;1276;47403;5543;2.9;0.3
33;2021-02-05;2192;1094;49595;6637;3.0;0.4
33;2021-02-06;647;172;50242;6809;3.1;0.4
33;2021-02-07;218;182;50460;6991;3.1;0.4
33;2021-02-08;1264;681;51724;7672;3.2;0.5
33;2021-02-09;1327;1431;53051;9103;3.2;0.6
33;2021-02-10;1267;1526;54318;10629;3.3;0.7
33;2021-02-11;1306;1294;55624;11923;3.4;0.7
33;2021-02-12;1121;1076;56745;12999;3.5;0.8
33;2021-02-13;203;241;56948;13240;3.5;0.8
33;2021-02-14;47;192;56995;13432;3.5;0.8
33;2021-02-15;685;1339;57680;14771;3.5;0.9
33;2021-02-16;814;1674;58494;16445;3.6;1.0
33;2021-02-17;668;1672;59162;18117;3.6;1.1
33;2021-02-18;899;1777;60061;19894;3.7;1.2
33;2021-02-19;918;1666;60979;21560;3.7;1.3
33;2021-02-20;78;458;61057;22018;3.7;1.3
33;2021-02-21;37;349;61094;22367;3.7;1.4
33;2021-02-22;709;1476;61803;23843;3.8;1.5
33;2021-02-23;1235;2147;63038;25990;3.9;1.6
33;2021-02-24;1402;2048;64440;28038;3.9;1.7
33;2021-02-25;2837;3207;67277;31245;4.1;1.9
33;2021-02-26;4058;1986;71335;33231;4.4;2.0
33;2021-02-27;1360;558;72695;33789;4.5;2.1
33;2021-02-28;127;425;72822;34214;4.5;2.1
33;2021-03-01;1535;1562;74357;35776;4.6;2.2
33;2021-03-02;2325;1494;76682;37270;4.7;2.3
33;2021-03-03;2312;1474;78994;38744;4.8;2.4
33;2021-03-04;3936;1460;82930;40204;5.1;2.5
33;2021-03-05;5762;1516;88692;41720;5.4;2.6
33;2021-03-06;3417;502;92109;42222;5.6;2.6
33;2021-03-07;741;139;92850;42361;5.7;2.6
33;2021-03-08;2712;992;95562;43353;5.9;2.7
33;2021-03-09;4404;1156;99966;44509;6.1;2.7
33;2021-03-10;5121;1126;105087;45635;6.4;2.8
33;2021-03-11;7545;1138;112632;46773;6.9;2.9
33;2021-03-12;10118;1097;122750;47870;7.5;2.9
33;2021-03-13;5155;205;127905;48075;7.8;2.9
33;2021-03-14;714;28;128619;48103;7.9;2.9
33;2021-03-15;4443;660;133062;48763;8.1;3.0
33;2021-03-16;3582;814;136644;49577;8.4;3.0
33;2021-03-17;3643;920;140287;50497;8.6;3.1
33;2021-03-18;4037;1388;144324;51885;8.8;3.2
33;2021-03-19;6270;1012;150594;52897;9.2;3.2
33;2021-03-20;3368;105;153962;53002;9.4;3.2
33;2021-03-21;462;29;154424;53031;9.5;3.2
33;2021-03-22;4901;442;159325;53473;9.8;3.3
33;2021-03-23;6325;601;165650;54074;10.1;3.3
33;2021-03-24;7076;526;172726;54600;10.6;3.3
33;2021-03-25;8843;646;181569;55246;11.1;3.4
33;2021-03-26;10038;845;191607;56091;11.7;3.4
33;2021-03-27;3620;83;195227;56174;12.0;3.4
33;2021-03-28;577;33;195804;56207;12.0;3.4
33;2021-03-29;6767;697;202571;56904;12.4;3.5
33;2021-03-30;8102;1032;210673;57936;12.9;3.5
33;2021-03-31;7577;1045;218250;58981;13.4;3.6
33;2021-04-01;8822;1191;227072;60172;13.9;3.7
33;2021-04-02;8412;1547;235484;61719;14.4;3.8
33;2021-04-03;2832;520;238316;62239;14.6;3.8
33;2021-04-04;218;160;238534;62399;14.6;3.8
33;2021-04-05;693;123;239227;62522;14.6;3.8
33;2021-04-06;6048;2678;245275;65200;15.0;4.0
33;2021-04-07;7422;2519;252697;67719;15.5;4.1
33;2021-04-08;10328;2770;263025;70489;16.1;4.3
33;2021-04-09;12688;3085;275713;73574;16.9;4.5
33;2021-04-10;5357;1391;281070;74965;17.2;4.6
33;2021-04-11;1002;351;282072;75316;17.3;4.6
33;2021-04-12;7425;3274;289497;78590;17.7;4.8
33;2021-04-13;9320;3475;298817;82065;18.3;5.0
33;2021-04-14;9038;3642;307855;85707;18.8;5.2
33;2021-04-15;10110;3873;317965;89580;19.5;5.5
33;2021-04-16;9718;4223;327683;93803;20.1;5.7
33;2021-04-17;4651;1657;332334;95460;20.3;5.8
33;2021-04-18;929;411;333263;95871;20.4;5.9
33;2021-04-19;5616;3832;338879;99703;20.7;6.1
33;2021-04-20;7294;4260;346173;103963;21.2;6.4
33;2021-04-21;6594;4341;352767;108304;21.6;6.6
33;2021-04-22;7349;4481;360116;112785;22.0;6.9
33;2021-04-23;7705;4819;367821;117604;22.5;7.2
33;2021-04-24;4500;1797;372321;119401;22.8;7.3
33;2021-04-25;1651;418;373972;119819;22.9;7.3
33;2021-04-26;5269;5075;379241;124894;23.2;7.6
33;2021-04-27;6579;5583;385820;130477;23.6;8.0
33;2021-04-28;6783;5555;392603;136032;24.0;8.3
33;2021-04-29;8425;6213;401028;142245;24.6;8.7
33;2021-04-30;8740;6092;409768;148337;25.1;9.1
33;2021-05-01;2902;513;412670;148850;25.3;9.1
33;2021-05-02;1835;346;414505;149196;25.4;9.1
33;2021-05-03;7018;5204;421523;154400;25.8;9.5
33;2021-05-04;6824;6651;428347;161051;26.2;9.9
33;2021-05-05;7140;7561;435487;168612;26.7;10.3
33;2021-05-06;8704;8219;444191;176831;27.2;10.8
33;2021-05-07;8610;8865;452801;185696;27.7;11.4
33;2021-05-08;3542;1587;456343;187283;27.9;11.5
33;2021-05-09;1118;969;457461;188252;28.0;11.5
33;2021-05-10;6874;7288;464335;195540;28.4;12.0
33;2021-05-11;8634;7854;472969;203394;29.0;12.5
33;2021-05-12;9175;6702;482144;210096;29.5;12.9
33;2021-05-13;5209;2109;487353;212205;29.8;13.0
33;2021-05-14;8127;5349;495480;217554;30.3;13.3
33;2021-05-15;5179;2865;500659;220419;30.7;13.5
33;2021-05-16;1842;804;502501;221223;30.8;13.5
33;2021-05-17;8860;5108;511361;226331;31.3;13.9
33;2021-05-18;10625;4872;521986;231203;32.0;14.2
33;2021-05-19;10900;4775;532886;235978;32.6;14.4
33;2021-05-20;10907;5582;543793;241560;33.3;14.8
33;2021-05-21;10915;6234;554708;247794;34.0;15.2
33;2021-05-22;5121;2749;559829;250543;34.3;15.3
33;2021-05-23;1751;385;561580;250928;34.4;15.4
33;2021-05-24;5412;1000;566992;251928;34.7;15.4
33;2021-05-25;9391;5761;576383;257689;35.3;15.8
33;2021-05-26;9676;6032;586059;263721;35.9;16.1
33;2021-05-27;10901;7704;596960;271425;36.5;16.6
33;2021-05-28;10063;9480;607023;280905;37.2;17.2
33;2021-05-29;5042;4115;612065;285020;37.5;17.4
33;2021-05-30;1703;667;613768;285687;37.6;17.5
33;2021-05-31;8551;6404;622319;292091;38.1;17.9
33;2021-06-01;11804;8694;634123;300785;38.8;18.4
33;2021-06-02;11710;8195;645833;308980;39.5;18.9
33;2021-06-03;12714;9185;658547;318165;40.3;19.5
33;2021-06-04;12931;10930;671478;329095;41.1;20.1
33;2021-06-05;5272;5053;676750;334148;41.4;20.5
33;2021-06-06;2525;1193;679275;335341;41.6;20.5
33;2021-06-07;9759;8495;689034;343836;42.2;21.0
33;2021-06-08;11936;9438;700970;353274;42.9;21.6
33;2021-06-09;11775;8515;712745;361789;43.6;22.1
33;2021-06-10;12950;8382;725695;370171;44.4;22.7
33;2021-06-11;12516;11149;738211;381320;45.2;23.3
33;2021-06-12;6185;4477;744396;385797;45.6;23.6
33;2021-06-13;2612;1283;747008;387080;45.7;23.7
33;2021-06-14;8580;10150;755588;397230;46.3;24.3
33;2021-06-15;12054;10253;767642;407483;47.0;24.9
33;2021-06-16;12057;8863;779699;416346;47.7;25.5
33;2021-06-17;13117;9605;792816;425951;48.5;26.1
33;2021-06-18;11796;11430;804612;437381;49.3;26.8
33;2021-06-19;5609;4817;810221;442198;49.6;27.1
33;2021-06-20;2946;1475;813167;443673;49.8;27.2
33;2021-06-21;7875;10164;821042;453837;50.3;27.8
33;2021-06-22;9063;11073;830105;464910;50.8;28.5
33;2021-06-23;8670;10840;838775;475750;51.4;29.1
33;2021-06-24;9743;9979;848518;485729;51.9;29.7
33;2021-06-25;8047;13707;856565;499436;52.4;30.6
33;2021-06-26;4344;5916;860909;505352;52.7;30.9
33;2021-06-27;2467;1959;863376;507311;52.9;31.1
33;2021-06-28;4871;12754;868247;520065;53.2;31.8
33;2021-06-29;6443;13654;874690;533719;53.5;32.7
33;2021-06-30;6680;13386;881370;547105;54.0;33.5
33;2021-07-01;8046;11806;889416;558911;54.5;34.2
33;2021-07-02;6843;15105;896259;574016;54.9;35.1
33;2021-07-03;3227;6783;899486;580799;55.1;35.6
33;2021-07-04;2065;2379;901551;583178;55.2;35.7
33;2021-07-05;4398;12903;905949;596081;55.5;36.5
33;2021-07-06;6147;14588;912096;610669;55.8;37.4
33;2021-07-07;6894;13041;918990;623710;56.3;38.2
33;2021-07-08;7969;12752;926959;636462;56.7;39.0
33;2021-07-09;6471;15110;933430;651572;57.1;39.9
33;2021-07-10;3114;7159;936544;658731;57.3;40.3
33;2021-07-11;1844;2303;938388;661034;57.4;40.5
33;2021-07-12;3950;14701;942338;675735;57.7;41.4
33;2021-07-13;7153;16100;949491;691835;58.1;42.4
33;2021-07-14;3689;5315;953180;697150;58.4;42.7
33;2021-07-15;7625;15976;960805;713126;58.8;43.7
33;2021-07-16;8588;15137;969393;728263;59.3;44.6
33;2021-07-17;3155;6429;972548;734692;59.5;45.0
33;2021-07-18;1702;3205;974250;737897;59.6;45.2
33;2021-07-19;5872;15088;980122;752985;60.0;46.1
33;2021-07-20;7428;16117;987550;769102;60.5;47.1
33;2021-07-21;8370;14530;995920;783632;61.0;48.0
33;2021-07-22;9366;15097;1005286;798729;61.5;48.9
33;2021-07-23;9666;16346;1014952;815075;62.1;49.9
33;2021-07-24;3836;7550;1018788;822625;62.4;50.4
33;2021-07-25;2093;2666;1020881;825291;62.5;50.5
33;2021-07-26;6966;13413;1027847;838704;62.9;51.3
33;2021-07-27;10091;13392;1037938;852096;63.5;52.2
33;2021-07-28;10929;11965;1048867;864061;64.2;52.9
33;2021-07-29;11673;11903;1060540;875964;64.9;53.6
33;2021-07-30;11399;12205;1071939;888169;65.6;54.4
33;2021-07-31;4760;5647;1076699;893816;65.9;54.7
33;2021-08-01;2484;1951;1079183;895767;66.1;54.8
33;2021-08-02;8417;9889;1087600;905656;66.6;55.4
33;2021-08-03;11559;9020;1099159;914676;67.3;56.0
33;2021-08-04;12284;7364;1111443;922040;68.0;56.4
33;2021-08-05;11932;8043;1123375;930083;68.8;56.9
33;2021-08-06;11230;9056;1134605;939139;69.5;57.5
33;2021-08-07;5929;4517;1140534;943656;69.8;57.8
33;2021-08-08;3200;1820;1143734;945476;70.0;57.9
33;2021-08-09;8662;8721;1152396;954197;70.6;58.4
33;2021-08-10;9372;8448;1161768;962645;71.1;58.9
33;2021-08-11;8112;7583;1169880;970228;71.6;59.4
33;2021-08-12;7980;8019;1177860;978247;72.1;59.9
33;2021-08-13;7846;7679;1185706;985926;72.6;60.4
33;2021-08-14;3525;4333;1189231;990259;72.8;60.6
33;2021-08-15;1211;1881;1190442;992140;72.9;60.7
33;2021-08-16;6427;8628;1196869;1000768;73.3;61.3
33;2021-08-17;6632;9068;1203501;1009836;73.7;61.8
33;2021-08-18;5629;8771;1209130;1018607;74.0;62.4
33;2021-08-19;5505;9119;1214635;1027726;74.4;62.9
33;2021-08-20;4949;9835;1219584;1037561;74.7;63.5
33;2021-08-21;2208;5036;1221792;1042597;74.8;63.8
33;2021-08-22;565;2366;1222357;1044963;74.8;64.0
33;2021-08-23;3920;10290;1226277;1055253;75.1;64.6
33;2021-08-24;4137;11093;1230414;1066346;75.3;65.3
33;2021-08-25;3721;10487;1234135;1076833;75.6;65.9
33;2021-08-26;3657;11056;1237792;1087889;75.8;66.6
33;2021-08-27;3815;12583;1241607;1100472;76.0;67.4
33;2021-08-28;1578;6638;1243185;1107110;76.1;67.8
33;2021-08-29;454;2426;1243639;1109536;76.1;67.9
33;2021-08-30;2327;10537;1245966;1120073;76.3;68.6
33;2021-08-31;3236;11072;1249202;1131145;76.5;69.2
33;2021-09-01;2818;8817;1252020;1139962;76.6;69.8
33;2021-09-02;2683;8392;1254703;1148354;76.8;70.3
33;2021-09-03;3100;10137;1257803;1158491;77.0;70.9
33;2021-09-04;1639;6079;1259442;1164570;77.1;71.3
33;2021-09-05;413;1517;1259855;1166087;77.1;71.4
33;2021-09-06;1595;7181;1261450;1173268;77.2;71.8
33;2021-09-07;2064;6578;1263514;1179846;77.4;72.2
33;2021-09-08;1744;6598;1265258;1186444;77.5;72.6
33;2021-09-09;1872;6739;1267130;1193183;77.6;73.0
33;2021-09-10;2080;7280;1269210;1200463;77.7;73.5
33;2021-09-11;995;4493;1270205;1204956;77.8;73.8
33;2021-09-12;130;606;1270335;1205562;77.8;73.8
33;2021-09-13;1460;4785;1271795;1210347;77.9;74.1
33;2021-09-14;1554;5142;1273349;1215489;78.0;74.4
33;2021-09-15;1536;4439;1274885;1219928;78.0;74.7
33;2021-09-16;1471;3346;1276356;1223274;78.1;74.9
33;2021-09-17;1784;4514;1278140;1227788;78.2;75.2
33;2021-09-18;605;3050;1278745;1230838;78.3;75.4
33;2021-09-19;115;398;1278860;1231236;78.3;75.4
33;2021-09-20;1044;2157;1279904;1233393;78.4;75.5
33;2021-09-21;955;2449;1280859;1235842;78.4;75.7
33;2021-09-22;959;3443;1281818;1239285;78.5;75.9
33;2021-09-23;898;2305;1282716;1241590;78.5;76.0
33;2021-09-24;1285;3714;1284001;1245304;78.6;76.2
33;2021-09-25;515;2356;1284516;1247660;78.6;76.4
33;2021-09-26;64;332;1284580;1247992;78.6;76.4
33;2021-09-27;662;2009;1285242;1250001;78.7;76.5
33;2021-09-28;815;2146;1286057;1252147;78.7;76.7
34;2020-12-27;1;0;1;0;0.0;0.0
34;2020-12-28;3;0;4;0;0.0;0.0
34;2020-12-29;0;0;4;0;0.0;0.0
34;2020-12-30;0;0;4;0;0.0;0.0
34;2020-12-31;0;0;4;0;0.0;0.0
34;2021-01-01;1;0;5;0;0.0;0.0
34;2021-01-02;2;0;7;0;0.0;0.0
34;2021-01-03;0;0;7;0;0.0;0.0
34;2021-01-04;23;0;30;0;0.0;0.0
34;2021-01-05;107;2;137;2;0.0;0.0
34;2021-01-06;199;1;336;3;0.0;0.0
34;2021-01-07;364;0;700;3;0.1;0.0
34;2021-01-08;606;0;1306;3;0.1;0.0
34;2021-01-09;244;0;1550;3;0.1;0.0
34;2021-01-10;94;1;1644;4;0.1;0.0
34;2021-01-11;567;2;2211;6;0.2;0.0
34;2021-01-12;1009;1;3220;7;0.3;0.0
34;2021-01-13;1098;6;4318;13;0.4;0.0
34;2021-01-14;1954;12;6272;25;0.5;0.0
34;2021-01-15;1471;4;7743;29;0.7;0.0
34;2021-01-16;332;7;8075;36;0.7;0.0
34;2021-01-17;235;1;8310;37;0.7;0.0
34;2021-01-18;1124;3;9434;40;0.8;0.0
34;2021-01-19;1610;8;11044;48;0.9;0.0
34;2021-01-20;2090;8;13134;56;1.1;0.0
34;2021-01-21;4234;10;17368;66;1.5;0.0
34;2021-01-22;2555;8;19923;74;1.7;0.0
34;2021-01-23;600;2;20523;76;1.7;0.0
34;2021-01-24;2;0;20525;76;1.7;0.0
34;2021-01-25;1242;5;21767;81;1.9;0.0
34;2021-01-26;1461;17;23228;98;2.0;0.0
34;2021-01-27;1471;23;24699;121;2.1;0.0
34;2021-01-28;1394;120;26093;241;2.2;0.0
34;2021-01-29;1260;124;27353;365;2.3;0.0
34;2021-01-30;479;12;27832;377;2.4;0.0
34;2021-01-31;4;0;27836;377;2.4;0.0
34;2021-02-01;1027;220;28863;597;2.5;0.1
34;2021-02-02;1462;400;30325;997;2.6;0.1
34;2021-02-03;2657;484;32982;1481;2.8;0.1
34;2021-02-04;2314;835;35296;2316;3.0;0.2
34;2021-02-05;1891;1070;37187;3386;3.2;0.3
34;2021-02-06;497;209;37684;3595;3.2;0.3
34;2021-02-07;32;95;37716;3690;3.2;0.3
34;2021-02-08;860;954;38576;4644;3.3;0.4
34;2021-02-09;1034;1185;39610;5829;3.4;0.5
34;2021-02-10;1296;1338;40906;7167;3.5;0.6
34;2021-02-11;1794;2423;42700;9590;3.6;0.8
34;2021-02-12;1921;1459;44621;11049;3.8;0.9
34;2021-02-13;357;435;44978;11484;3.8;1.0
34;2021-02-14;22;271;45000;11755;3.8;1.0
34;2021-02-15;673;845;45673;12600;3.9;1.1
34;2021-02-16;666;1130;46339;13730;3.9;1.2
34;2021-02-17;715;1165;47054;14895;4.0;1.3
34;2021-02-18;837;1114;47891;16009;4.1;1.4
34;2021-02-19;816;902;48707;16911;4.1;1.4
34;2021-02-20;300;336;49007;17247;4.2;1.5
34;2021-02-21;64;18;49071;17265;4.2;1.5
34;2021-02-22;630;979;49701;18244;4.2;1.6
34;2021-02-23;565;1107;50266;19351;4.3;1.6
34;2021-02-24;943;1929;51209;21280;4.4;1.8
34;2021-02-25;1607;1885;52816;23165;4.5;2.0
34;2021-02-26;1850;1332;54666;24497;4.6;2.1
34;2021-02-27;702;316;55368;24813;4.7;2.1
34;2021-02-28;86;61;55454;24874;4.7;2.1
34;2021-03-01;931;938;56385;25812;4.8;2.2
34;2021-03-02;1592;1047;57977;26859;4.9;2.3
34;2021-03-03;1835;1129;59812;27988;5.1;2.4
34;2021-03-04;2866;1385;62678;29373;5.3;2.5
34;2021-03-05;3686;1359;66364;30732;5.6;2.6
34;2021-03-06;2640;175;69004;30907;5.9;2.6
34;2021-03-07;1242;56;70246;30963;6.0;2.6
34;2021-03-08;2781;839;73027;31802;6.2;2.7
34;2021-03-09;4019;1248;77046;33050;6.6;2.8
34;2021-03-10;3991;1182;81037;34232;6.9;2.9
34;2021-03-11;5437;1189;86474;35421;7.4;3.0
34;2021-03-12;6492;853;92966;36274;7.9;3.1
34;2021-03-13;3138;164;96104;36438;8.2;3.1
34;2021-03-14;1003;54;97107;36492;8.3;3.1
34;2021-03-15;3307;551;100414;37043;8.5;3.1
34;2021-03-16;2913;639;103327;37682;8.8;3.2
34;2021-03-17;3305;735;106632;38417;9.1;3.3
34;2021-03-18;3450;905;110082;39322;9.4;3.3
34;2021-03-19;4692;787;114774;40109;9.8;3.4
34;2021-03-20;3148;65;117922;40174;10.0;3.4
34;2021-03-21;1997;60;119919;40234;10.2;3.4
34;2021-03-22;3683;460;123602;40694;10.5;3.5
34;2021-03-23;4961;534;128563;41228;10.9;3.5
34;2021-03-24;5221;627;133784;41855;11.4;3.6
34;2021-03-25;7197;713;140981;42568;12.0;3.6
34;2021-03-26;7169;572;148150;43140;12.6;3.7
34;2021-03-27;2373;85;150523;43225;12.8;3.7
34;2021-03-28;699;21;151222;43246;12.9;3.7
34;2021-03-29;4186;750;155408;43996;13.2;3.7
34;2021-03-30;5221;960;160629;44956;13.7;3.8
34;2021-03-31;5068;1204;165697;46160;14.1;3.9
34;2021-04-01;7031;1037;172728;47197;14.7;4.0
34;2021-04-02;5823;1191;178551;48388;15.2;4.1
34;2021-04-03;1137;85;179688;48473;15.3;4.1
34;2021-04-04;166;5;179854;48478;15.3;4.1
34;2021-04-05;432;26;180286;48504;15.3;4.1
34;2021-04-06;3136;2440;183422;50944;15.6;4.3
34;2021-04-07;3387;2631;186809;53575;15.9;4.6
34;2021-04-08;5252;2801;192061;56376;16.3;4.8
34;2021-04-09;8072;2492;200133;58868;17.0;5.0
34;2021-04-10;3164;1373;203297;60241;17.3;5.1
34;2021-04-11;1715;805;205012;61046;17.4;5.2
34;2021-04-12;4500;2518;209512;63564;17.8;5.4
34;2021-04-13;5240;3051;214752;66615;18.3;5.7
34;2021-04-14;5621;3238;220373;69853;18.7;5.9
34;2021-04-15;6996;3167;227369;73020;19.3;6.2
34;2021-04-16;6580;3158;233949;76178;19.9;6.5
34;2021-04-17;2378;2068;236327;78246;20.1;6.7
34;2021-04-18;988;1717;237315;79963;20.2;6.8
34;2021-04-19;3421;3119;240736;83082;20.5;7.1
34;2021-04-20;3766;3657;244502;86739;20.8;7.4
34;2021-04-21;4241;3717;248743;90456;21.1;7.7
34;2021-04-22;4489;4595;253232;95051;21.5;8.1
34;2021-04-23;5378;3513;258610;98564;22.0;8.4
34;2021-04-24;3164;1579;261774;100143;22.3;8.5
34;2021-04-25;1919;644;263693;100787;22.4;8.6
34;2021-04-26;4223;3469;267916;104256;22.8;8.9
34;2021-04-27;5128;4005;273044;108261;23.2;9.2
34;2021-04-28;5771;3539;278815;111800;23.7;9.5
34;2021-04-29;6421;3925;285236;115725;24.3;9.8
34;2021-04-30;7870;3257;293106;118982;24.9;10.1
34;2021-05-01;2405;499;295511;119481;25.1;10.2
34;2021-05-02;3260;322;298771;119803;25.4;10.2
34;2021-05-03;6576;2902;305347;122705;26.0;10.4
34;2021-05-04;7109;3790;312456;126495;26.6;10.8
34;2021-05-05;6498;4528;318954;131023;27.1;11.1
34;2021-05-06;6945;5190;325899;136213;27.7;11.6
34;2021-05-07;6927;5657;332826;141870;28.3;12.1
34;2021-05-08;3609;1172;336435;143042;28.6;12.2
34;2021-05-09;2178;1288;338613;144330;28.8;12.3
34;2021-05-10;5853;4798;344466;149128;29.3;12.7
34;2021-05-11;7411;5307;351877;154435;29.9;13.1
34;2021-05-12;7755;4453;359632;158888;30.6;13.5
34;2021-05-13;6127;785;365759;159673;31.1;13.6
34;2021-05-14;7491;3734;373250;163407;31.7;13.9
34;2021-05-15;4863;1686;378113;165093;32.1;14.0
34;2021-05-16;4949;460;383062;165553;32.6;14.1
34;2021-05-17;8693;1983;391755;167536;33.3;14.2
34;2021-05-18;9142;1973;400897;169509;34.1;14.4
34;2021-05-19;8625;1811;409522;171320;34.8;14.6
34;2021-05-20;8866;2516;418388;173836;35.6;14.8
34;2021-05-21;8783;3204;427171;177040;36.3;15.1
34;2021-05-22;5787;1153;432958;178193;36.8;15.2
34;2021-05-23;3883;549;436841;178742;37.1;15.2
34;2021-05-24;1896;852;438737;179594;37.3;15.3
34;2021-05-25;7141;3811;445878;183405;37.9;15.6
34;2021-05-26;8319;3033;454197;186438;38.6;15.9
34;2021-05-27;8317;4307;462514;190745;39.3;16.2
34;2021-05-28;8061;5439;470575;196184;40.0;16.7
34;2021-05-29;4006;3101;474581;199285;40.4;16.9
34;2021-05-30;1985;1389;476566;200674;40.5;17.1
34;2021-05-31;5878;5247;482444;205921;41.0;17.5
34;2021-06-01;6948;6090;489392;212011;41.6;18.0
34;2021-06-02;6136;5810;495528;217821;42.1;18.5
34;2021-06-03;7705;6477;503233;224298;42.8;19.1
34;2021-06-04;7651;7582;510884;231880;43.4;19.7
34;2021-06-05;4140;3678;515024;235558;43.8;20.0
34;2021-06-06;3266;1865;518290;237423;44.1;20.2
34;2021-06-07;4414;6759;522704;244182;44.4;20.8
34;2021-06-08;5854;6826;528558;251008;44.9;21.3
34;2021-06-09;5826;6839;534384;257847;45.4;21.9
34;2021-06-10;6322;6864;540706;264711;46.0;22.5
34;2021-06-11;5399;9275;546105;273986;46.4;23.3
34;2021-06-12;3166;4726;549271;278712;46.7;23.7
34;2021-06-13;1081;1905;550352;280617;46.8;23.9
34;2021-06-14;3442;7810;553794;288427;47.1;24.5
34;2021-06-15;3951;8789;557745;297216;47.4;25.3
34;2021-06-16;4619;7855;562364;305071;47.8;25.9
34;2021-06-17;4227;7948;566591;313019;48.2;26.6
34;2021-06-18;4350;9327;570941;322346;48.5;27.4
34;2021-06-19;2729;4403;573670;326749;48.8;27.8
34;2021-06-20;888;2872;574558;329621;48.9;28.0
34;2021-06-21;2180;8553;576738;338174;49.0;28.8
34;2021-06-22;2974;9406;579712;347580;49.3;29.6
34;2021-06-23;3527;8962;583239;356542;49.6;30.3
34;2021-06-24;3559;8671;586798;365213;49.9;31.1
34;2021-06-25;3374;10439;590172;375652;50.2;31.9
34;2021-06-26;1641;6189;591813;381841;50.3;32.5
34;2021-06-27;308;4268;592121;386109;50.3;32.8
34;2021-06-28;2265;9426;594386;395535;50.5;33.6
34;2021-06-29;2682;10295;597068;405830;50.8;34.5
34;2021-06-30;3356;9543;600424;415373;51.1;35.3
34;2021-07-01;3528;9443;603952;424816;51.4;36.1
34;2021-07-02;3433;9739;607385;434555;51.6;36.9
34;2021-07-03;1682;6158;609067;440713;51.8;37.5
34;2021-07-04;312;2763;609379;443476;51.8;37.7
34;2021-07-05;3234;7998;612613;451474;52.1;38.4
34;2021-07-06;3532;9175;616145;460649;52.4;39.2
34;2021-07-07;3273;8651;619418;469300;52.7;39.9
34;2021-07-08;4302;8868;623720;478168;53.0;40.7
34;2021-07-09;4009;9348;627729;487516;53.4;41.5
34;2021-07-10;2140;5717;629869;493233;53.6;41.9
34;2021-07-11;923;2576;630792;495809;53.6;42.2
34;2021-07-12;2929;8966;633721;504775;53.9;42.9
34;2021-07-13;4657;10041;638378;514816;54.3;43.8
34;2021-07-14;783;356;639161;515172;54.3;43.8
34;2021-07-15;5911;10396;645072;525568;54.8;44.7
34;2021-07-16;5860;10726;650932;536294;55.3;45.6
34;2021-07-17;4499;4415;655431;540709;55.7;46.0
34;2021-07-18;235;195;655666;540904;55.7;46.0
34;2021-07-19;5117;8327;660783;549231;56.2;46.7
34;2021-07-20;6896;8385;667679;557616;56.8;47.4
34;2021-07-21;7650;7826;675329;565442;57.4;48.1
34;2021-07-22;7441;8176;682770;573618;58.1;48.8
34;2021-07-23;7842;8156;690612;581774;58.7;49.5
34;2021-07-24;6150;3057;696762;584831;59.2;49.7
34;2021-07-25;3210;548;699972;585379;59.5;49.8
34;2021-07-26;6238;6428;706210;591807;60.0;50.3
34;2021-07-27;8755;6055;714965;597862;60.8;50.8
34;2021-07-28;9710;5922;724675;603784;61.6;51.3
34;2021-07-29;11326;6053;736001;609837;62.6;51.9
34;2021-07-30;9849;6538;745850;616375;63.4;52.4
34;2021-07-31;6445;2196;752295;618571;64.0;52.6
34;2021-08-01;3315;618;755610;619189;64.2;52.6
34;2021-08-02;7359;5066;762969;624255;64.9;53.1
34;2021-08-03;8143;5398;771112;629653;65.6;53.5
34;2021-08-04;8446;4568;779558;634221;66.3;53.9
34;2021-08-05;7135;5026;786693;639247;66.9;54.4
34;2021-08-06;6097;5228;792790;644475;67.4;54.8
34;2021-08-07;3109;2437;795899;646912;67.7;55.0
34;2021-08-08;202;204;796101;647116;67.7;55.0
34;2021-08-09;4780;6179;800881;653295;68.1;55.5
34;2021-08-10;5394;6483;806275;659778;68.6;56.1
34;2021-08-11;4831;6543;811106;666321;69.0;56.7
34;2021-08-12;4572;6200;815678;672521;69.4;57.2
34;2021-08-13;4109;5738;819787;678259;69.7;57.7
34;2021-08-14;1797;2880;821584;681139;69.9;57.9
34;2021-08-15;208;193;821792;681332;69.9;57.9
34;2021-08-16;2905;7547;824697;688879;70.1;58.6
34;2021-08-17;3591;8281;828288;697160;70.4;59.3
34;2021-08-18;3206;7562;831494;704722;70.7;59.9
34;2021-08-19;3266;7783;834760;712505;71.0;60.6
34;2021-08-20;2724;7720;837484;720225;71.2;61.2
34;2021-08-21;1398;3563;838882;723788;71.3;61.5
34;2021-08-22;163;308;839045;724096;71.3;61.6
34;2021-08-23;2330;8655;841375;732751;71.5;62.3
34;2021-08-24;2727;8962;844102;741713;71.8;63.1
34;2021-08-25;2343;8538;846445;750251;72.0;63.8
34;2021-08-26;2604;7887;849049;758138;72.2;64.5
34;2021-08-27;2196;7570;851245;765708;72.4;65.1
34;2021-08-28;1116;3560;852361;769268;72.5;65.4
34;2021-08-29;367;1357;852728;770625;72.5;65.5
34;2021-08-30;2053;6883;854781;777508;72.7;66.1
34;2021-08-31;2117;6839;856898;784347;72.9;66.7
34;2021-09-01;2046;6427;858944;790774;73.0;67.2
34;2021-09-02;1665;4828;860609;795602;73.2;67.6
34;2021-09-03;1763;5560;862372;801162;73.3;68.1
34;2021-09-04;1356;3377;863728;804539;73.4;68.4
34;2021-09-05;141;240;863869;804779;73.4;68.4
34;2021-09-06;1148;4056;865017;808835;73.5;68.8
34;2021-09-07;1348;4125;866365;812960;73.7;69.1
34;2021-09-08;1620;4777;867985;817737;73.8;69.5
34;2021-09-09;1179;3855;869164;821592;73.9;69.9
34;2021-09-10;1518;4091;870682;825683;74.0;70.2
34;2021-09-11;1274;2071;871956;827754;74.1;70.4
34;2021-09-12;90;88;872046;827842;74.1;70.4
34;2021-09-13;992;3305;873038;831147;74.2;70.7
34;2021-09-14;1224;3267;874262;834414;74.3;70.9
34;2021-09-15;1477;2951;875739;837365;74.5;71.2
34;2021-09-16;879;1875;876618;839240;74.5;71.4
34;2021-09-17;1108;2418;877726;841658;74.6;71.6
34;2021-09-18;781;1759;878507;843417;74.7;71.7
34;2021-09-19;36;59;878543;843476;74.7;71.7
34;2021-09-20;607;1905;879150;845381;74.7;71.9
34;2021-09-21;608;1779;879758;847160;74.8;72.0
34;2021-09-22;829;2527;880587;849687;74.9;72.2
34;2021-09-23;667;1654;881254;851341;74.9;72.4
34;2021-09-24;842;2217;882096;853558;75.0;72.6
34;2021-09-25;490;1552;882586;855110;75.0;72.7
34;2021-09-26;35;142;882621;855252;75.0;72.7
34;2021-09-27;609;1472;883230;856724;75.1;72.8
34;2021-09-28;625;1124;883855;857848;75.1;72.9
35;2020-12-27;0;0;0;0;0.0;0.0
35;2020-12-28;0;0;0;0;0.0;0.0
35;2020-12-29;2;0;2;0;0.0;0.0
35;2020-12-30;0;0;2;0;0.0;0.0
35;2020-12-31;1;0;3;0;0.0;0.0
35;2021-01-01;3;0;6;0;0.0;0.0
35;2021-01-02;1;0;7;0;0.0;0.0
35;2021-01-03;0;0;7;0;0.0;0.0
35;2021-01-04;10;0;17;0;0.0;0.0
35;2021-01-05;110;0;127;0;0.0;0.0
35;2021-01-06;175;0;302;0;0.0;0.0
35;2021-01-07;440;1;742;1;0.1;0.0
35;2021-01-08;513;1;1255;2;0.1;0.0
35;2021-01-09;31;0;1286;2;0.1;0.0
35;2021-01-10;2;0;1288;2;0.1;0.0
35;2021-01-11;538;0;1826;2;0.2;0.0
35;2021-01-12;886;2;2712;4;0.3;0.0
35;2021-01-13;969;1;3681;5;0.3;0.0
35;2021-01-14;1261;17;4942;22;0.5;0.0
35;2021-01-15;731;2;5673;24;0.5;0.0
35;2021-01-16;189;3;5862;27;0.5;0.0
35;2021-01-17;44;0;5906;27;0.5;0.0
35;2021-01-18;1222;0;7128;27;0.7;0.0
35;2021-01-19;5405;12;12533;39;1.2;0.0
35;2021-01-20;3238;8;15771;47;1.5;0.0
35;2021-01-21;3640;5;19411;52;1.8;0.0
35;2021-01-22;2087;9;21498;61;2.0;0.0
35;2021-01-23;421;1;21919;62;2.0;0.0
35;2021-01-24;51;0;21970;62;2.0;0.0
35;2021-01-25;917;15;22887;77;2.1;0.0
35;2021-01-26;1130;126;24017;203;2.2;0.0
35;2021-01-27;1030;115;25047;318;2.3;0.0
35;2021-01-28;915;272;25962;590;2.4;0.1
35;2021-01-29;724;255;26686;845;2.5;0.1
35;2021-01-30;140;15;26826;860;2.5;0.1
35;2021-01-31;0;0;26826;860;2.5;0.1
35;2021-02-01;672;282;27498;1142;2.5;0.1
35;2021-02-02;726;410;28224;1552;2.6;0.1
35;2021-02-03;662;467;28886;2019;2.7;0.2
35;2021-02-04;590;582;29476;2601;2.7;0.2
35;2021-02-05;624;509;30100;3110;2.8;0.3
35;2021-02-06;175;4;30275;3114;2.8;0.3
35;2021-02-07;1;0;30276;3114;2.8;0.3
35;2021-02-08;446;538;30722;3652;2.8;0.3
35;2021-02-09;1715;3232;32437;6884;3.0;0.6
35;2021-02-10;1370;2517;33807;9401;3.1;0.9
35;2021-02-11;1945;3007;35752;12408;3.3;1.1
35;2021-02-12;1663;1551;37415;13959;3.5;1.3
35;2021-02-13;58;230;37473;14189;3.5;1.3
35;2021-02-14;8;46;37481;14235;3.5;1.3
35;2021-02-15;770;822;38251;15057;3.5;1.4
35;2021-02-16;919;779;39170;15836;3.6;1.5
35;2021-02-17;894;870;40064;16706;3.7;1.5
35;2021-02-18;1018;804;41082;17510;3.8;1.6
35;2021-02-19;1013;752;42095;18262;3.9;1.7
35;2021-02-20;143;38;42238;18300;3.9;1.7
35;2021-02-21;5;0;42243;18300;3.9;1.7
35;2021-02-22;776;649;43019;18949;4.0;1.8
35;2021-02-23;1287;695;44306;19644;4.1;1.8
35;2021-02-24;1404;677;45710;20321;4.2;1.9
35;2021-02-25;2249;658;47959;20979;4.4;1.9
35;2021-02-26;2600;594;50559;21573;4.7;2.0
35;2021-02-27;869;78;51428;21651;4.8;2.0
35;2021-02-28;10;0;51438;21651;4.8;2.0
35;2021-03-01;959;567;52397;22218;4.8;2.1
35;2021-03-02;1634;1804;54031;24022;5.0;2.2
35;2021-03-03;1913;861;55944;24883;5.2;2.3
35;2021-03-04;2917;1293;58861;26176;5.4;2.4
35;2021-03-05;3717;1254;62578;27430;5.8;2.5
35;2021-03-06;1337;79;63915;27509;5.9;2.5
35;2021-03-07;1;36;63916;27545;5.9;2.5
35;2021-03-08;1475;539;65391;28084;6.0;2.6
35;2021-03-09;3238;546;68629;28630;6.3;2.6
35;2021-03-10;2902;516;71531;29146;6.6;2.7
35;2021-03-11;4199;652;75730;29798;7.0;2.8
35;2021-03-12;6049;519;81779;30317;7.6;2.8
35;2021-03-13;2427;124;84206;30441;7.8;2.8
35;2021-03-14;18;25;84224;30466;7.8;2.8
35;2021-03-15;1966;658;86190;31124;8.0;2.9
35;2021-03-16;2505;714;88695;31838;8.2;2.9
35;2021-03-17;2397;588;91092;32426;8.4;3.0
35;2021-03-18;2334;580;93426;33006;8.6;3.1
35;2021-03-19;3546;496;96972;33502;9.0;3.1
35;2021-03-20;1543;108;98515;33610;9.1;3.1
35;2021-03-21;38;1;98553;33611;9.1;3.1
35;2021-03-22;1749;835;100302;34446;9.3;3.2
35;2021-03-23;3626;1167;103928;35613;9.6;3.3
35;2021-03-24;3730;982;107658;36595;9.9;3.4
35;2021-03-25;5328;980;112986;37575;10.4;3.5
35;2021-03-26;5852;801;118838;38376;11.0;3.5
35;2021-03-27;1416;208;120254;38584;11.1;3.6
35;2021-03-28;4;0;120258;38584;11.1;3.6
35;2021-03-29;2778;902;123036;39486;11.4;3.6
35;2021-03-30;4292;1311;127328;40797;11.8;3.8
35;2021-03-31;3472;1330;130800;42127;12.1;3.9
35;2021-04-01;4249;1236;135049;43363;12.5;4.0
35;2021-04-02;4861;1205;139910;44568;12.9;4.1
35;2021-04-03;763;214;140673;44782;13.0;4.1
35;2021-04-04;6;0;140679;44782;13.0;4.1
35;2021-04-05;24;1;140703;44783;13.0;4.1
35;2021-04-06;3282;2022;143985;46805;13.3;4.3
35;2021-04-07;3965;1839;147950;48644;13.7;4.5
35;2021-04-08;5802;1590;153752;50234;14.2;4.6
35;2021-04-09;7429;1412;161181;51646;14.9;4.8
35;2021-04-10;1860;250;163041;51896;15.1;4.8
35;2021-04-11;35;23;163076;51919;15.1;4.8
35;2021-04-12;5137;1593;168213;53512;15.5;4.9
35;2021-04-13;7624;2782;175837;56294;16.3;5.2
35;2021-04-14;6314;2299;182151;58593;16.8;5.4
35;2021-04-15;7565;2178;189716;60771;17.5;5.6
35;2021-04-16;8081;1761;197797;62532;18.3;5.8
35;2021-04-17;1571;222;199368;62754;18.4;5.8
35;2021-04-18;10;4;199378;62758;18.4;5.8
35;2021-04-19;4819;1667;204197;64425;18.9;6.0
35;2021-04-20;5164;2636;209361;67061;19.3;6.2
35;2021-04-21;5133;2208;214494;69269;19.8;6.4
35;2021-04-22;6428;2326;220922;71595;20.4;6.6
35;2021-04-23;6821;2365;227743;73960;21.0;6.8
35;2021-04-24;1131;261;228874;74221;21.2;6.9
35;2021-04-25;8;16;228882;74237;21.2;6.9
35;2021-04-26;5099;2153;233981;76390;21.6;7.1
35;2021-04-27;6089;3189;240070;79579;22.2;7.4
35;2021-04-28;6172;2548;246242;82127;22.8;7.6
35;2021-04-29;7117;2732;253359;84859;23.4;7.8
35;2021-04-30;7564;2521;260923;87380;24.1;8.1
35;2021-05-01;617;239;261540;87619;24.2;8.1
35;2021-05-02;15;21;261555;87640;24.2;8.1
35;2021-05-03;5307;2328;266862;89968;24.7;8.3
35;2021-05-04;5068;5316;271930;95284;25.1;8.8
35;2021-05-05;4883;4436;276813;99720;25.6;9.2
35;2021-05-06;6175;5257;282988;104977;26.2;9.7
35;2021-05-07;5620;5218;288608;110195;26.7;10.2
35;2021-05-08;1719;135;290327;110330;26.8;10.2
35;2021-05-09;698;75;291025;110405;26.9;10.2
35;2021-05-10;3719;4951;294744;115356;27.2;10.7
35;2021-05-11;4774;5795;299518;121151;27.7;11.2
35;2021-05-12;5292;5491;304810;126642;28.2;11.7
35;2021-05-13;2700;1424;307510;128066;28.4;11.8
35;2021-05-14;5460;4327;312970;132393;28.9;12.2
35;2021-05-15;2929;718;315899;133111;29.2;12.3
35;2021-05-16;997;61;316896;133172;29.3;12.3
35;2021-05-17;4474;3874;321370;137046;29.7;12.7
35;2021-05-18;5839;4316;327209;141362;30.2;13.1
35;2021-05-19;5866;3632;333075;144994;30.8;13.4
35;2021-05-20;6448;3996;339523;148990;31.4;13.8
35;2021-05-21;6139;4755;345662;153745;31.9;14.2
35;2021-05-22;2118;727;347780;154472;32.1;14.3
35;2021-05-23;688;46;348468;154518;32.2;14.3
35;2021-05-24;3206;1298;351674;155816;32.5;14.4
35;2021-05-25;5542;4271;357216;160087;33.0;14.8
35;2021-05-26;5720;4151;362936;164238;33.5;15.2
35;2021-05-27;6527;4750;369463;168988;34.1;15.6
35;2021-05-28;6330;5544;375793;174532;34.7;16.1
35;2021-05-29;2873;1137;378666;175669;35.0;16.2
35;2021-05-30;878;39;379544;175708;35.1;16.2
35;2021-05-31;6309;4380;385853;180088;35.7;16.6
35;2021-06-01;7365;5103;393218;185191;36.3;17.1
35;2021-06-02;7220;3789;400438;188980;37.0;17.5
35;2021-06-03;8155;4981;408593;193961;37.8;17.9
35;2021-06-04;7274;7442;415867;201403;38.4;18.6
35;2021-06-05;4138;1582;420005;202985;38.8;18.8
35;2021-06-06;3053;146;423058;203131;39.1;18.8
35;2021-06-07;5780;5771;428838;208902;39.6;19.3
35;2021-06-08;7604;5948;436442;214850;40.3;19.9
35;2021-06-09;8461;4807;444903;219657;41.1;20.3
35;2021-06-10;9345;4735;454248;224392;42.0;20.7
35;2021-06-11;8633;7461;462881;231853;42.8;21.4
35;2021-06-12;4684;1208;467565;233061;43.2;21.5
35;2021-06-13;3386;227;470951;233288;43.5;21.6
35;2021-06-14;6231;6517;477182;239805;44.1;22.2
35;2021-06-15;7505;6963;484687;246768;44.8;22.8
35;2021-06-16;8323;5623;493010;252391;45.6;23.3
35;2021-06-17;8896;5905;501906;258296;46.4;23.9
35;2021-06-18;8716;8088;510622;266384;47.2;24.6
35;2021-06-19;1504;2510;512126;268894;47.3;24.8
35;2021-06-20;2953;883;515079;269777;47.6;24.9
35;2021-06-21;5930;6373;521009;276150;48.1;25.5
35;2021-06-22;6841;7499;527850;283649;48.8;26.2
35;2021-06-23;7253;6143;535103;289792;49.5;26.8
35;2021-06-24;8367;5922;543470;295714;50.2;27.3
35;2021-06-25;6628;8477;550098;304191;50.8;28.1
35;2021-06-26;1107;3076;551205;307267;50.9;28.4
35;2021-06-27;2635;1031;553840;308298;51.2;28.5
35;2021-06-28;4298;7759;558138;316057;51.6;29.2
35;2021-06-29;5088;7971;563226;324028;52.1;29.9
35;2021-06-30;5602;7890;568828;331918;52.6;30.7
35;2021-07-01;6586;7539;575414;339457;53.2;31.4
35;2021-07-02;5329;9857;580743;349314;53.7;32.3
35;2021-07-03;1083;2838;581826;352152;53.8;32.5
35;2021-07-04;2149;1554;583975;353706;54.0;32.7
35;2021-07-05;3735;8207;587710;361913;54.3;33.4
35;2021-07-06;4787;9470;592497;371383;54.8;34.3
35;2021-07-07;5056;8316;597553;379699;55.2;35.1
35;2021-07-08;5386;8485;602939;388184;55.7;35.9
35;2021-07-09;3906;11543;606845;399727;56.1;36.9
35;2021-07-10;892;3147;607737;402874;56.2;37.2
35;2021-07-11;1300;2355;609037;405229;56.3;37.4
35;2021-07-12;3121;9145;612158;414374;56.6;38.3
35;2021-07-13;3980;10747;616138;425121;56.9;39.3
35;2021-07-14;2153;4450;618291;429571;57.1;39.7
35;2021-07-15;4293;10177;622584;439748;57.5;40.6
35;2021-07-16;4802;10998;627386;450746;58.0;41.7
35;2021-07-17;1988;4064;629374;454810;58.2;42.0
35;2021-07-18;844;2571;630218;457381;58.2;42.3
35;2021-07-19;3252;8971;633470;466352;58.5;43.1
35;2021-07-20;4244;10590;637714;476942;58.9;44.1
35;2021-07-21;4369;9385;642083;486327;59.3;44.9
35;2021-07-22;4852;9654;646935;495981;59.8;45.8
35;2021-07-23;4563;11009;651498;506990;60.2;46.9
35;2021-07-24;1587;4262;653085;511252;60.4;47.2
35;2021-07-25;815;2845;653900;514097;60.4;47.5
35;2021-07-26;3891;8734;657791;522831;60.8;48.3
35;2021-07-27;5281;9652;663072;532483;61.3;49.2
35;2021-07-28;5318;8669;668390;541152;61.8;50.0
35;2021-07-29;6114;8332;674504;549484;62.3;50.8
35;2021-07-30;5904;9085;680408;558569;62.9;51.6
35;2021-07-31;2323;3654;682731;562223;63.1;52.0
35;2021-08-01;1525;2415;684256;564638;63.2;52.2
35;2021-08-02;4757;6949;689013;571587;63.7;52.8
35;2021-08-03;6711;7580;695724;579167;64.3;53.5
35;2021-08-04;6712;6590;702436;585757;64.9;54.1
35;2021-08-05;6684;6980;709120;592737;65.5;54.8
35;2021-08-06;6065;7319;715185;600056;66.1;55.5
35;2021-08-07;2109;3149;717294;603205;66.3;55.7
35;2021-08-08;1523;2256;718817;605461;66.4;56.0
35;2021-08-09;4618;5534;723435;610995;66.9;56.5
35;2021-08-10;6565;6380;730000;617375;67.5;57.1
35;2021-08-11;6474;5862;736474;623237;68.1;57.6
35;2021-08-12;7014;5582;743488;628819;68.7;58.1
35;2021-08-13;6686;5064;750174;633883;69.3;58.6
35;2021-08-14;3047;1985;753221;635868;69.6;58.8
35;2021-08-15;2472;1261;755693;637129;69.8;58.9
35;2021-08-16;4872;5290;760565;642419;70.3;59.4
35;2021-08-17;6405;6081;766970;648500;70.9;59.9
35;2021-08-18;6487;5630;773457;654130;71.5;60.5
35;2021-08-19;6301;5762;779758;659892;72.1;61.0
35;2021-08-20;5134;6349;784892;666241;72.5;61.6
35;2021-08-21;2384;2633;787276;668874;72.8;61.8
35;2021-08-22;1765;1795;789041;670669;72.9;62.0
35;2021-08-23;3103;6011;792144;676680;73.2;62.5
35;2021-08-24;3498;7220;795642;683900;73.5;63.2
35;2021-08-25;3309;6616;798951;690516;73.8;63.8
35;2021-08-26;2637;6890;801588;697406;74.1;64.5
35;2021-08-27;2777;7257;804365;704663;74.3;65.1
35;2021-08-28;1177;2953;805542;707616;74.4;65.4
35;2021-08-29;517;1759;806059;709375;74.5;65.6
35;2021-08-30;1976;5494;808035;714869;74.7;66.1
35;2021-08-31;2379;6521;810414;721390;74.9;66.7
35;2021-09-01;1922;6094;812336;727484;75.1;67.2
35;2021-09-02;1836;6172;814172;733656;75.2;67.8
35;2021-09-03;2032;7048;816204;740704;75.4;68.5
35;2021-09-04;1124;4096;817328;744800;75.5;68.8
35;2021-09-05;516;2076;817844;746876;75.6;69.0
35;2021-09-06;1128;5011;818972;751887;75.7;69.5
35;2021-09-07;1320;5417;820292;757304;75.8;70.0
35;2021-09-08;1331;6262;821623;763566;75.9;70.6
35;2021-09-09;1246;5311;822869;768877;76.0;71.1
35;2021-09-10;1563;6592;824432;775469;76.2;71.7
35;2021-09-11;621;3898;825053;779367;76.2;72.0
35;2021-09-12;285;2373;825338;781740;76.3;72.2
35;2021-09-13;1310;4312;826648;786052;76.4;72.6
35;2021-09-14;1364;4450;828012;790502;76.5;73.1
35;2021-09-15;1222;4592;829234;795094;76.6;73.5
35;2021-09-16;1117;2841;830351;797935;76.7;73.7
35;2021-09-17;1268;3895;831619;801830;76.9;74.1
35;2021-09-18;514;2875;832133;804705;76.9;74.4
35;2021-09-19;167;1020;832300;805725;76.9;74.5
35;2021-09-20;1153;2647;833453;808372;77.0;74.7
35;2021-09-21;664;1925;834117;810297;77.1;74.9
35;2021-09-22;855;3621;834972;813918;77.2;75.2
35;2021-09-23;565;1529;835537;815447;77.2;75.4
35;2021-09-24;970;3037;836507;818484;77.3;75.6
35;2021-09-25;421;1958;836928;820442;77.3;75.8
35;2021-09-26;16;164;836944;820606;77.3;75.8
35;2021-09-27;517;1625;837461;822231;77.4;76.0
35;2021-09-28;451;1184;837912;823415;77.4;76.1
36;2020-12-27;0;0;0;0;0.0;0.0
36;2020-12-28;0;0;0;0;0.0;0.0
36;2020-12-29;0;0;0;0;0.0;0.0
36;2020-12-30;0;0;0;0;0.0;0.0
36;2020-12-31;0;0;0;0;0.0;0.0
36;2021-01-01;0;0;0;0;0.0;0.0
36;2021-01-02;0;0;0;0;0.0;0.0
36;2021-01-03;0;0;0;0;0.0;0.0
36;2021-01-04;2;0;2;0;0.0;0.0
36;2021-01-05;0;0;2;0;0.0;0.0
36;2021-01-06;24;0;26;0;0.0;0.0
36;2021-01-07;51;0;77;0;0.0;0.0
36;2021-01-08;111;0;188;0;0.1;0.0
36;2021-01-09;84;0;272;0;0.1;0.0
36;2021-01-10;142;0;414;0;0.2;0.0
36;2021-01-11;240;1;654;1;0.3;0.0
36;2021-01-12;282;0;936;1;0.4;0.0
36;2021-01-13;198;1;1134;2;0.5;0.0
36;2021-01-14;506;3;1640;5;0.8;0.0
36;2021-01-15;179;1;1819;6;0.8;0.0
36;2021-01-16;24;1;1843;7;0.8;0.0
36;2021-01-17;19;1;1862;8;0.9;0.0
36;2021-01-18;612;3;2474;11;1.1;0.0
36;2021-01-19;1173;1;3647;12;1.7;0.0
36;2021-01-20;1102;2;4749;14;2.2;0.0
36;2021-01-21;721;1;5470;15;2.5;0.0
36;2021-01-22;858;2;6328;17;2.9;0.0
36;2021-01-23;295;0;6623;17;3.1;0.0
36;2021-01-24;185;0;6808;17;3.1;0.0
36;2021-01-25;640;4;7448;21;3.4;0.0
36;2021-01-26;609;1;8057;22;3.7;0.0
36;2021-01-27;853;19;8910;41;4.1;0.0
36;2021-01-28;478;34;9388;75;4.3;0.0
36;2021-01-29;573;88;9961;163;4.6;0.1
36;2021-01-30;288;61;10249;224;4.7;0.1
36;2021-01-31;115;116;10364;340;4.8;0.2
36;2021-02-01;379;88;10743;428;4.9;0.2
36;2021-02-02;410;167;11153;595;5.1;0.3
36;2021-02-03;473;240;11626;835;5.4;0.4
36;2021-02-04;275;246;11901;1081;5.5;0.5
36;2021-02-05;301;151;12202;1232;5.6;0.6
36;2021-02-06;1;0;12203;1232;5.6;0.6
36;2021-02-07;1;0;12204;1232;5.6;0.6
36;2021-02-08;280;198;12484;1430;5.7;0.7
36;2021-02-09;328;536;12812;1966;5.9;0.9
36;2021-02-10;489;601;13301;2567;6.1;1.2
36;2021-02-11;384;566;13685;3133;6.3;1.4
36;2021-02-12;303;356;13988;3489;6.4;1.6
36;2021-02-13;126;54;14114;3543;6.5;1.6
36;2021-02-14;22;22;14136;3565;6.5;1.6
36;2021-02-15;42;443;14178;4008;6.5;1.8
36;2021-02-16;107;309;14285;4317;6.6;2.0
36;2021-02-17;117;480;14402;4797;6.6;2.2
36;2021-02-18;161;521;14563;5318;6.7;2.4
36;2021-02-19;181;408;14744;5726;6.8;2.6
36;2021-02-20;86;194;14830;5920;6.8;2.7
36;2021-02-21;87;127;14917;6047;6.9;2.8
36;2021-02-22;162;393;15079;6440;6.9;3.0
36;2021-02-23;62;498;15141;6938;7.0;3.2
36;2021-02-24;110;558;15251;7496;7.0;3.5
36;2021-02-25;251;226;15502;7722;7.1;3.6
36;2021-02-26;339;397;15841;8119;7.3;3.7
36;2021-02-27;73;216;15914;8335;7.3;3.8
36;2021-02-28;13;79;15927;8414;7.3;3.9
36;2021-03-01;218;301;16145;8715;7.4;4.0
36;2021-03-02;352;323;16497;9038;7.6;4.2
36;2021-03-03;394;482;16891;9520;7.8;4.4
36;2021-03-04;662;326;17553;9846;8.1;4.5
36;2021-03-05;800;271;18353;10117;8.5;4.7
36;2021-03-06;410;17;18763;10134;8.6;4.7
36;2021-03-07;339;8;19102;10142;8.8;4.7
36;2021-03-08;251;290;19353;10432;8.9;4.8
36;2021-03-09;449;241;19802;10673;9.1;4.9
36;2021-03-10;724;389;20526;11062;9.5;5.1
36;2021-03-11;840;237;21366;11299;9.8;5.2
36;2021-03-12;1446;295;22812;11594;10.5;5.3
36;2021-03-13;575;124;23387;11718;10.8;5.4
36;2021-03-14;113;1;23500;11719;10.8;5.4
36;2021-03-15;648;154;24148;11873;11.1;5.5
36;2021-03-16;445;67;24593;11940;11.3;5.5
36;2021-03-17;766;90;25359;12030;11.7;5.5
36;2021-03-18;414;72;25773;12102;11.9;5.6
36;2021-03-19;737;40;26510;12142;12.2;5.6
36;2021-03-20;451;26;26961;12168;12.4;5.6
36;2021-03-21;0;0;26961;12168;12.4;5.6
36;2021-03-22;497;59;27458;12227;12.6;5.6
36;2021-03-23;777;59;28235;12286;13.0;5.7
36;2021-03-24;1089;76;29324;12362;13.5;5.7
36;2021-03-25;1337;89;30661;12451;14.1;5.7
36;2021-03-26;1419;140;32080;12591;14.8;5.8
36;2021-03-27;475;43;32555;12634;15.0;5.8
36;2021-03-28;68;56;32623;12690;15.0;5.8
36;2021-03-29;462;182;33085;12872;15.2;5.9
36;2021-03-30;583;263;33668;13135;15.5;6.0
36;2021-03-31;1262;172;34930;13307;16.1;6.1
36;2021-04-01;1086;431;36016;13738;16.6;6.3
36;2021-04-02;966;143;36982;13881;17.0;6.4
36;2021-04-03;282;176;37264;14057;17.2;6.5
36;2021-04-04;42;2;37306;14059;17.2;6.5
36;2021-04-05;15;46;37321;14105;17.2;6.5
36;2021-04-06;820;361;38141;14466;17.6;6.7
36;2021-04-07;1072;539;39213;15005;18.1;6.9
36;2021-04-08;1347;479;40560;15484;18.7;7.1
36;2021-04-09;1937;403;42497;15887;19.6;7.3
36;2021-04-10;592;243;43089;16130;19.8;7.4
36;2021-04-11;256;90;43345;16220;20.0;7.5
36;2021-04-12;848;560;44193;16780;20.4;7.7
36;2021-04-13;1140;515;45333;17295;20.9;8.0
36;2021-04-14;1582;865;46915;18160;21.6;8.4
36;2021-04-15;1654;473;48569;18633;22.4;8.6
36;2021-04-16;1487;468;50056;19101;23.1;8.8
36;2021-04-17;893;250;50949;19351;23.5;8.9
36;2021-04-18;383;7;51332;19358;23.6;8.9
36;2021-04-19;874;443;52206;19801;24.0;9.1
36;2021-04-20;1145;520;53351;20321;24.6;9.4
36;2021-04-21;1240;879;54591;21200;25.1;9.8
36;2021-04-22;1593;869;56184;22069;25.9;10.2
36;2021-04-23;1329;614;57513;22683;26.5;10.4
36;2021-04-24;677;380;58190;23063;26.8;10.6
36;2021-04-25;413;94;58603;23157;27.0;10.7
36;2021-04-26;1134;446;59737;23603;27.5;10.9
36;2021-04-27;1277;551;61014;24154;28.1;11.1
36;2021-04-28;1488;1061;62502;25215;28.8;11.6
36;2021-04-29;2016;702;64518;25917;29.7;11.9
36;2021-04-30;1553;457;66071;26374;30.4;12.1
36;2021-05-01;724;62;66795;26436;30.8;12.2
36;2021-05-02;498;64;67293;26500;31.0;12.2
36;2021-05-03;1293;314;68586;26814;31.6;12.3
36;2021-05-04;780;803;69366;27617;31.9;12.7
36;2021-05-05;1282;1303;70648;28920;32.5;13.3
36;2021-05-06;2137;795;72785;29715;33.5;13.7
36;2021-05-07;1469;766;74254;30481;34.2;14.0
36;2021-05-08;306;105;74560;30586;34.3;14.1
36;2021-05-09;174;343;74734;30929;34.4;14.2
36;2021-05-10;1216;814;75950;31743;35.0;14.6
36;2021-05-11;1725;1244;77675;32987;35.8;15.2
36;2021-05-12;1827;1484;79502;34471;36.6;15.9
36;2021-05-13;548;304;80050;34775;36.9;16.0
36;2021-05-14;701;1036;80751;35811;37.2;16.5
36;2021-05-15;635;591;81386;36402;37.5;16.8
36;2021-05-16;337;377;81723;36779;37.6;16.9
36;2021-05-17;615;943;82338;37722;37.9;17.4
36;2021-05-18;874;935;83212;38657;38.3;17.8
36;2021-05-19;1333;846;84545;39503;38.9;18.2
36;2021-05-20;1611;1200;86156;40703;39.7;18.7
36;2021-05-21;1106;1064;87262;41767;40.2;19.2
36;2021-05-22;678;342;87940;42109;40.5;19.4
36;2021-05-23;428;297;88368;42406;40.7;19.5
36;2021-05-24;506;469;88874;42875;40.9;19.7
36;2021-05-25;1045;685;89919;43560;41.4;20.1
36;2021-05-26;1472;1158;91391;44718;42.1;20.6
36;2021-05-27;1397;976;92788;45694;42.7;21.0
36;2021-05-28;921;1481;93709;47175;43.2;21.7
36;2021-05-29;700;507;94409;47682;43.5;22.0
36;2021-05-30;111;572;94520;48254;43.5;22.2
36;2021-05-31;1137;763;95657;49017;44.1;22.6
36;2021-06-01;1413;829;97070;49846;44.7;23.0
36;2021-06-02;2062;614;99132;50460;45.7;23.2
36;2021-06-03;1902;1199;101034;51659;46.5;23.8
36;2021-06-04;1772;1038;102806;52697;47.3;24.3
36;2021-06-05;693;657;103499;53354;47.7;24.6
36;2021-06-06;336;272;103835;53626;47.8;24.7
36;2021-06-07;983;806;104818;54432;48.3;25.1
36;2021-06-08;957;981;105775;55413;48.7;25.5
36;2021-06-09;1675;1061;107450;56474;49.5;26.0
36;2021-06-10;1530;1381;108980;57855;50.2;26.6
36;2021-06-11;1288;1489;110268;59344;50.8;27.3
36;2021-06-12;920;779;111188;60123;51.2;27.7
36;2021-06-13;343;269;111531;60392;51.4;27.8
36;2021-06-14;605;1268;112136;61660;51.6;28.4
36;2021-06-15;733;1215;112869;62875;52.0;29.0
36;2021-06-16;903;1519;113772;64394;52.4;29.7
36;2021-06-17;750;1899;114522;66293;52.7;30.5
36;2021-06-18;706;1878;115228;68171;53.1;31.4
36;2021-06-19;295;395;115523;68566;53.2;31.6
36;2021-06-20;235;327;115758;68893;53.3;31.7
36;2021-06-21;692;1449;116450;70342;53.6;32.4
36;2021-06-22;841;1552;117291;71894;54.0;33.1
36;2021-06-23;774;1786;118065;73680;54.4;33.9
36;2021-06-24;855;1522;118920;75202;54.8;34.6
36;2021-06-25;942;1218;119862;76420;55.2;35.2
36;2021-06-26;324;602;120186;77022;55.3;35.5
36;2021-06-27;105;267;120291;77289;55.4;35.6
36;2021-06-28;696;922;120987;78211;55.7;36.0
36;2021-06-29;688;1459;121675;79670;56.0;36.7
36;2021-06-30;836;2147;122511;81817;56.4;37.7
36;2021-07-01;353;1081;122864;82898;56.6;38.2
36;2021-07-02;749;1843;123613;84741;56.9;39.0
36;2021-07-03;465;885;124078;85626;57.1;39.4
36;2021-07-04;185;325;124263;85951;57.2;39.6
36;2021-07-05;493;1335;124756;87286;57.5;40.2
36;2021-07-06;491;1220;125247;88506;57.7;40.8
36;2021-07-07;586;1791;125833;90297;58.0;41.6
36;2021-07-08;550;1706;126383;92003;58.2;42.4
36;2021-07-09;786;1651;127169;93654;58.6;43.1
36;2021-07-10;470;1119;127639;94773;58.8;43.6
36;2021-07-11;257;154;127896;94927;58.9;43.7
36;2021-07-12;332;1628;128228;96555;59.1;44.5
36;2021-07-13;311;1936;128539;98491;59.2;45.4
36;2021-07-14;376;763;128915;99254;59.4;45.7
36;2021-07-15;917;2161;129832;101415;59.8;46.7
36;2021-07-16;628;1869;130460;103284;60.1;47.6
36;2021-07-17;400;859;130860;104143;60.3;48.0
36;2021-07-18;199;408;131059;104551;60.4;48.1
36;2021-07-19;552;1456;131611;106007;60.6;48.8
36;2021-07-20;776;1406;132387;107413;61.0;49.5
36;2021-07-21;713;1984;133100;109397;61.3;50.4
36;2021-07-22;1138;1686;134238;111083;61.8;51.2
36;2021-07-23;968;1739;135206;112822;62.3;52.0
36;2021-07-24;605;800;135811;113622;62.5;52.3
36;2021-07-25;148;404;135959;114026;62.6;52.5
36;2021-07-26;948;1085;136907;115111;63.1;53.0
36;2021-07-27;816;1354;137723;116465;63.4;53.6
36;2021-07-28;1385;1401;139108;117866;64.1;54.3
36;2021-07-29;1707;1309;140815;119175;64.9;54.9
36;2021-07-30;1445;1322;142260;120497;65.5;55.5
36;2021-07-31;933;536;143193;121033;65.9;55.7
36;2021-08-01;210;239;143403;121272;66.0;55.8
36;2021-08-02;1116;891;144519;122163;66.6;56.3
36;2021-08-03;1271;997;145790;123160;67.1;56.7
36;2021-08-04;1694;940;147484;124100;67.9;57.2
36;2021-08-05;1823;910;149307;125010;68.8;57.6
36;2021-08-06;1417;877;150724;125887;69.4;58.0
36;2021-08-07;541;526;151265;126413;69.7;58.2
36;2021-08-08;292;153;151557;126566;69.8;58.3
36;2021-08-09;817;846;152374;127412;70.2;58.7
36;2021-08-10;1067;1012;153441;128424;70.7;59.1
36;2021-08-11;1356;857;154797;129281;71.3;59.5
36;2021-08-12;1161;854;155958;130135;71.8;59.9
36;2021-08-13;1192;778;157150;130913;72.4;60.3
36;2021-08-14;426;836;157576;131749;72.6;60.7
36;2021-08-15;365;113;157941;131862;72.7;60.7
36;2021-08-16;606;954;158547;132816;73.0;61.2
36;2021-08-17;766;1001;159313;133817;73.4;61.6
36;2021-08-18;1037;1163;160350;134980;73.8;62.2
36;2021-08-19;839;1178;161189;136158;74.2;62.7
36;2021-08-20;486;1478;161675;137636;74.5;63.4
36;2021-08-21;309;468;161984;138104;74.6;63.6
36;2021-08-22;27;65;162011;138169;74.6;63.6
36;2021-08-23;551;1179;162562;139348;74.9;64.2
36;2021-08-24;588;1203;163150;140551;75.1;64.7
36;2021-08-25;465;1092;163615;141643;75.4;65.2
36;2021-08-26;666;1480;164281;143123;75.7;65.9
36;2021-08-27;529;1409;164810;144532;75.9;66.6
36;2021-08-28;368;580;165178;145112;76.1;66.8
36;2021-08-29;221;240;165399;145352;76.2;66.9
36;2021-08-30;246;748;165645;146100;76.3;67.3
36;2021-08-31;387;935;166032;147035;76.5;67.7
36;2021-09-01;386;1219;166418;148254;76.6;68.3
36;2021-09-02;323;1055;166741;149309;76.8;68.8
36;2021-09-03;297;1494;167038;150803;76.9;69.4
36;2021-09-04;248;865;167286;151668;77.0;69.8
36;2021-09-05;119;384;167405;152052;77.1;70.0
36;2021-09-06;150;1041;167555;153093;77.2;70.5
36;2021-09-07;191;855;167746;153948;77.3;70.9
36;2021-09-08;237;1303;167983;155251;77.4;71.5
36;2021-09-09;292;1010;168275;156261;77.5;72.0
36;2021-09-10;269;1140;168544;157401;77.6;72.5
36;2021-09-11;163;761;168707;158162;77.7;72.8
36;2021-09-12;82;235;168789;158397;77.7;72.9
36;2021-09-13;168;734;168957;159131;77.8;73.3
36;2021-09-14;168;791;169125;159922;77.9;73.6
36;2021-09-15;301;568;169426;160490;78.0;73.9
36;2021-09-16;249;669;169675;161159;78.1;74.2
36;2021-09-17;256;567;169931;161726;78.3;74.5
36;2021-09-18;122;427;170053;162153;78.3;74.7
36;2021-09-19;43;214;170096;162367;78.3;74.8
36;2021-09-20;131;325;170227;162692;78.4;74.9
36;2021-09-21;132;300;170359;162992;78.5;75.1
36;2021-09-22;118;674;170477;163666;78.5;75.4
36;2021-09-23;132;437;170609;164103;78.6;75.6
36;2021-09-24;128;497;170737;164600;78.6;75.8
36;2021-09-25;119;502;170856;165102;78.7;76.0
36;2021-09-26;14;318;170870;165420;78.7;76.2
36;2021-09-27;66;224;170936;165644;78.7;76.3
36;2021-09-28;67;233;171003;165877;78.8;76.4
37;2020-12-27;1;0;1;0;0.0;0.0
37;2020-12-28;17;0;18;0;0.0;0.0
37;2020-12-29;10;0;28;0;0.0;0.0
37;2020-12-30;0;0;28;0;0.0;0.0
37;2020-12-31;0;0;28;0;0.0;0.0
37;2021-01-01;0;0;28;0;0.0;0.0
37;2021-01-02;0;0;28;0;0.0;0.0
37;2021-01-03;2;0;30;0;0.0;0.0
37;2021-01-04;23;0;53;0;0.0;0.0
37;2021-01-05;47;0;100;0;0.0;0.0
37;2021-01-06;79;0;179;0;0.0;0.0
37;2021-01-07;116;0;295;0;0.0;0.0
37;2021-01-08;442;1;737;1;0.1;0.0
37;2021-01-09;80;1;817;2;0.1;0.0
37;2021-01-10;83;0;900;2;0.1;0.0
37;2021-01-11;280;0;1180;2;0.2;0.0
37;2021-01-12;658;4;1838;6;0.3;0.0
37;2021-01-13;560;1;2398;7;0.4;0.0
37;2021-01-14;524;3;2922;10;0.5;0.0
37;2021-01-15;627;1;3549;11;0.6;0.0
37;2021-01-16;304;2;3853;13;0.6;0.0
37;2021-01-17;262;1;4115;14;0.7;0.0
37;2021-01-18;733;9;4848;23;0.8;0.0
37;2021-01-19;1243;10;6091;33;1.0;0.0
37;2021-01-20;1038;4;7129;37;1.2;0.0
37;2021-01-21;857;1;7986;38;1.3;0.0
37;2021-01-22;767;2;8753;40;1.4;0.0
37;2021-01-23;173;0;8926;40;1.5;0.0
37;2021-01-24;1;0;8927;40;1.5;0.0
37;2021-01-25;541;15;9468;55;1.6;0.0
37;2021-01-26;1814;63;11282;118;1.9;0.0
37;2021-01-27;1523;68;12805;186;2.1;0.0
37;2021-01-28;1532;87;14337;273;2.4;0.0
37;2021-01-29;634;304;14971;577;2.5;0.1
37;2021-01-30;204;53;15175;630;2.5;0.1
37;2021-01-31;15;52;15190;682;2.5;0.1
37;2021-02-01;333;182;15523;864;2.6;0.1
37;2021-02-02;523;494;16046;1358;2.7;0.2
37;2021-02-03;659;330;16705;1688;2.8;0.3
37;2021-02-04;548;385;17253;2073;2.8;0.3
37;2021-02-05;468;406;17721;2479;2.9;0.4
37;2021-02-06;189;2;17910;2481;3.0;0.4
37;2021-02-07;20;1;17930;2482;3.0;0.4
37;2021-02-08;333;279;18263;2761;3.0;0.5
37;2021-02-09;627;620;18890;3381;3.1;0.6
37;2021-02-10;664;462;19554;3843;3.2;0.6
37;2021-02-11;613;522;20167;4365;3.3;0.7
37;2021-02-12;489;514;20656;4879;3.4;0.8
37;2021-02-13;156;169;20812;5048;3.4;0.8
37;2021-02-14;2;70;20814;5118;3.4;0.8
37;2021-02-15;427;389;21241;5507;3.5;0.9
37;2021-02-16;841;1318;22082;6825;3.6;1.1
37;2021-02-17;634;1218;22716;8043;3.8;1.3
37;2021-02-18;913;1288;23629;9331;3.9;1.5
37;2021-02-19;797;729;24426;10060;4.0;1.7
37;2021-02-20;245;155;24671;10215;4.1;1.7
37;2021-02-21;5;1;24676;10216;4.1;1.7
37;2021-02-22;335;465;25011;10681;4.1;1.8
37;2021-02-23;606;491;25617;11172;4.2;1.8
37;2021-02-24;573;482;26190;11654;4.3;1.9
37;2021-02-25;875;481;27065;12135;4.5;2.0
37;2021-02-26;1118;472;28183;12607;4.7;2.1
37;2021-02-27;585;131;28768;12738;4.8;2.1
37;2021-02-28;23;0;28791;12738;4.8;2.1
37;2021-03-01;603;307;29394;13045;4.9;2.2
37;2021-03-02;1090;457;30484;13502;5.0;2.2
37;2021-03-03;972;439;31456;13941;5.2;2.3
37;2021-03-04;1608;413;33064;14354;5.5;2.4
37;2021-03-05;2131;475;35195;14829;5.8;2.4
37;2021-03-06;1165;174;36360;15003;6.0;2.5
37;2021-03-07;472;66;36832;15069;6.1;2.5
37;2021-03-08;668;361;37500;15430;6.2;2.5
37;2021-03-09;1653;621;39153;16051;6.5;2.7
37;2021-03-10;1607;681;40760;16732;6.7;2.8
37;2021-03-11;2050;640;42810;17372;7.1;2.9
37;2021-03-12;3210;458;46020;17830;7.6;2.9
37;2021-03-13;1948;180;47968;18010;7.9;3.0
37;2021-03-14;206;4;48174;18014;8.0;3.0
37;2021-03-15;1069;243;49243;18257;8.1;3.0
37;2021-03-16;1049;522;50292;18779;8.3;3.1
37;2021-03-17;936;277;51228;19056;8.5;3.1
37;2021-03-18;1036;517;52264;19573;8.6;3.2
37;2021-03-19;2219;338;54483;19911;9.0;3.3
37;2021-03-20;1334;140;55817;20051;9.2;3.3
37;2021-03-21;204;3;56021;20054;9.3;3.3
37;2021-03-22;1287;238;57308;20292;9.5;3.4
37;2021-03-23;2257;563;59565;20855;9.8;3.4
37;2021-03-24;2245;463;61810;21318;10.2;3.5
37;2021-03-25;2984;440;64794;21758;10.7;3.6
37;2021-03-26;3524;402;68318;22160;11.3;3.7
37;2021-03-27;1175;125;69493;22285;11.5;3.7
37;2021-03-28;139;1;69632;22286;11.5;3.7
37;2021-03-29;1605;344;71237;22630;11.8;3.7
37;2021-03-30;2524;618;73761;23248;12.2;3.8
37;2021-03-31;2050;482;75811;23730;12.5;3.9
37;2021-04-01;2601;966;78412;24696;13.0;4.1
37;2021-04-02;2809;667;81221;25363;13.4;4.2
37;2021-04-03;817;222;82038;25585;13.6;4.2
37;2021-04-04;104;1;82142;25586;13.6;4.2
37;2021-04-05;4;0;82146;25586;13.6;4.2
37;2021-04-06;2242;782;84388;26368;13.9;4.4
37;2021-04-07;3172;876;87560;27244;14.5;4.5
37;2021-04-08;4043;964;91603;28208;15.1;4.7
37;2021-04-09;4544;947;96147;29155;15.9;4.8
37;2021-04-10;1328;429;97475;29584;16.1;4.9
37;2021-04-11;104;1;97579;29585;16.1;4.9
37;2021-04-12;2642;675;100221;30260;16.6;5.0
37;2021-04-13;4114;1163;104335;31423;17.2;5.2
37;2021-04-14;3043;895;107378;32318;17.7;5.3
37;2021-04-15;3758;1018;111136;33336;18.4;5.5
37;2021-04-16;4358;1229;115494;34565;19.1;5.7
37;2021-04-17;1147;223;116641;34788;19.3;5.7
37;2021-04-18;97;3;116738;34791;19.3;5.7
37;2021-04-19;2481;847;119219;35638;19.7;5.9
37;2021-04-20;3233;1339;122452;36977;20.2;6.1
37;2021-04-21;2928;1155;125380;38132;20.7;6.3
37;2021-04-22;3455;1400;128835;39532;21.3;6.5
37;2021-04-23;3692;1812;132527;41344;21.9;6.8
37;2021-04-24;1007;385;133534;41729;22.1;6.9
37;2021-04-25;46;2;133580;41731;22.1;6.9
37;2021-04-26;2971;1336;136551;43067;22.6;7.1
37;2021-04-27;4186;1799;140737;44866;23.2;7.4
37;2021-04-28;3464;1950;144201;46816;23.8;7.7
37;2021-04-29;4586;2002;148787;48818;24.6;8.1
37;2021-04-30;5055;1950;153842;50768;25.4;8.4
37;2021-05-01;638;209;154480;50977;25.5;8.4
37;2021-05-02;104;15;154584;50992;25.5;8.4
37;2021-05-03;2672;1957;157256;52949;26.0;8.7
37;2021-05-04;3730;2702;160986;55651;26.6;9.2
37;2021-05-05;3498;2071;164484;57722;27.2;9.5
37;2021-05-06;4992;1944;169476;59666;28.0;9.9
37;2021-05-07;4685;2868;174161;62534;28.8;10.3
37;2021-05-08;538;312;174699;62846;28.9;10.4
37;2021-05-09;63;41;174762;62887;28.9;10.4
37;2021-05-10;2160;3480;176922;66367;29.2;11.0
37;2021-05-11;3868;3868;180790;70235;29.9;11.6
37;2021-05-12;4041;2537;184831;72772;30.5;12.0
37;2021-05-13;1139;515;185970;73287;30.7;12.1
37;2021-05-14;4046;2676;190016;75963;31.4;12.5
37;2021-05-15;2322;743;192338;76706;31.8;12.7
37;2021-05-16;22;70;192360;76776;31.8;12.7
37;2021-05-17;2765;2038;195125;78814;32.2;13.0
37;2021-05-18;3875;2358;199000;81172;32.9;13.4
37;2021-05-19;3495;1808;202495;82980;33.4;13.7
37;2021-05-20;4751;1768;207246;84748;34.2;14.0
37;2021-05-21;4525;2569;211771;87317;35.0;14.4
37;2021-05-22;1078;751;212849;88068;35.2;14.5
37;2021-05-23;73;89;212922;88157;35.2;14.6
37;2021-05-24;513;106;213435;88263;35.3;14.6
37;2021-05-25;5123;2176;218558;90439;36.1;14.9
37;2021-05-26;4929;2099;223487;92538;36.9;15.3
37;2021-05-27;5984;2355;229471;94893;37.9;15.7
37;2021-05-28;6019;3248;235490;98141;38.9;16.2
37;2021-05-29;1520;1164;237010;99305;39.2;16.4
37;2021-05-30;55;160;237065;99465;39.2;16.4
37;2021-05-31;3646;2519;240711;101984;39.8;16.8
37;2021-06-01;5842;3610;246553;105594;40.7;17.4
37;2021-06-02;5077;2449;251630;108043;41.6;17.8
37;2021-06-03;6085;2876;257715;110919;42.6;18.3
37;2021-06-04;5509;4202;263224;115121;43.5;19.0
37;2021-06-05;1853;1300;265077;116421;43.8;19.2
37;2021-06-06;49;197;265126;116618;43.8;19.3
37;2021-06-07;3021;4164;268147;120782;44.3;20.0
37;2021-06-08;4201;4644;272348;125426;45.0;20.7
37;2021-06-09;3882;3564;276230;128990;45.6;21.3
37;2021-06-10;5271;3615;281501;132605;46.5;21.9
37;2021-06-11;4972;4821;286473;137426;47.3;22.7
37;2021-06-12;3552;1347;290025;138773;47.9;22.9
37;2021-06-13;15;164;290040;138937;47.9;23.0
37;2021-06-14;2666;4032;292706;142969;48.4;23.6
37;2021-06-15;3898;4779;296604;147748;49.0;24.4
37;2021-06-16;3261;3599;299865;151347;49.5;25.0
37;2021-06-17;4012;4492;303877;155839;50.2;25.7
37;2021-06-18;4704;5068;308581;160907;51.0;26.6
37;2021-06-19;2518;1098;311099;162005;51.4;26.8
37;2021-06-20;9;183;311108;162188;51.4;26.8
37;2021-06-21;2417;3827;313525;166015;51.8;27.4
37;2021-06-22;2969;5004;316494;171019;52.3;28.2
37;2021-06-23;2625;3642;319119;174661;52.7;28.9
37;2021-06-24;2872;3539;321991;178200;53.2;29.4
37;2021-06-25;3308;4876;325299;183076;53.7;30.2
37;2021-06-26;1238;3083;326537;186159;53.9;30.8
37;2021-06-27;23;142;326560;186301;53.9;30.8
37;2021-06-28;1703;4508;328263;190809;54.2;31.5
37;2021-06-29;1904;6223;330167;197032;54.5;32.5
37;2021-06-30;1870;4441;332037;201473;54.8;33.3
37;2021-07-01;2124;4793;334161;206266;55.2;34.1
37;2021-07-02;2681;5589;336842;211855;55.6;35.0
37;2021-07-03;945;2138;337787;213993;55.8;35.3
37;2021-07-04;5;105;337792;214098;55.8;35.4
37;2021-07-05;1708;5133;339500;219231;56.1;36.2
37;2021-07-06;2003;6757;341503;225988;56.4;37.3
37;2021-07-07;1944;5465;343447;231453;56.7;38.2
37;2021-07-08;2465;6662;345912;238115;57.1;39.3
37;2021-07-09;1986;7640;347898;245755;57.5;40.6
37;2021-07-10;1016;2618;348914;248373;57.6;41.0
37;2021-07-11;26;96;348940;248469;57.6;41.0
37;2021-07-12;1131;5982;350071;254451;57.8;42.0
37;2021-07-13;1615;7817;351686;262268;58.1;43.3
37;2021-07-14;525;408;352211;262676;58.2;43.4
37;2021-07-15;2625;7497;354836;270173;58.6;44.6
37;2021-07-16;2757;7796;357593;277969;59.1;45.9
37;2021-07-17;1202;2444;358795;280413;59.3;46.3
37;2021-07-18;50;53;358845;280466;59.3;46.3
37;2021-07-19;1652;6127;360497;286593;59.5;47.3
37;2021-07-20;2906;7060;363403;293653;60.0;48.5
37;2021-07-21;2980;5782;366383;299435;60.5;49.5
37;2021-07-22;4057;6531;370440;305966;61.2;50.5
37;2021-07-23;3808;7100;374248;313066;61.8;51.7
37;2021-07-24;1775;3306;376023;316372;62.1;52.3
37;2021-07-25;66;77;376089;316449;62.1;52.3
37;2021-07-26;3236;4318;379325;320767;62.7;53.0
37;2021-07-27;4429;4960;383754;325727;63.4;53.8
37;2021-07-28;4138;3660;387892;329387;64.1;54.4
37;2021-07-29;5086;4195;392978;333582;64.9;55.1
37;2021-07-30;5247;4936;398225;338518;65.8;55.9
37;2021-07-31;1920;1845;400145;340363;66.1;56.2
37;2021-08-01;31;52;400176;340415;66.1;56.2
37;2021-08-02;3292;3291;403468;343706;66.6;56.8
37;2021-08-03;5262;3144;408730;346850;67.5;57.3
37;2021-08-04;4559;1924;413289;348774;68.3;57.6
37;2021-08-05;4785;2600;418074;351374;69.1;58.0
37;2021-08-06;4852;3305;422926;354679;69.9;58.6
37;2021-08-07;1626;1125;424552;355804;70.1;58.8
37;2021-08-08;34;177;424586;355981;70.1;58.8
37;2021-08-09;2434;2259;427020;358240;70.5;59.2
37;2021-08-10;3026;2638;430046;360878;71.0;59.6
37;2021-08-11;2098;2108;432144;362986;71.4;60.0
37;2021-08-12;2613;2690;434757;365676;71.8;60.4
37;2021-08-13;2484;2775;437241;368451;72.2;60.9
37;2021-08-14;755;814;437996;369265;72.4;61.0
37;2021-08-15;12;57;438008;369322;72.4;61.0
37;2021-08-16;1464;3160;439472;372482;72.6;61.5
37;2021-08-17;1795;3973;441267;376455;72.9;62.2
37;2021-08-18;1398;3141;442665;379596;73.1;62.7
37;2021-08-19;1598;3842;444263;383438;73.4;63.3
37;2021-08-20;1597;4552;445860;387990;73.6;64.1
37;2021-08-21;610;1201;446470;389191;73.8;64.3
37;2021-08-22;3;31;446473;389222;73.8;64.3
37;2021-08-23;1290;3984;447763;393206;74.0;65.0
37;2021-08-24;1541;4851;449304;398057;74.2;65.8
37;2021-08-25;1053;4223;450357;402280;74.4;66.5
37;2021-08-26;1278;4513;451635;406793;74.6;67.2
37;2021-08-27;1454;5663;453089;412456;74.8;68.1
37;2021-08-28;407;1462;453496;413918;74.9;68.4
37;2021-08-29;1;18;453497;413936;74.9;68.4
37;2021-08-30;1075;3945;454572;417881;75.1;69.0
37;2021-08-31;1280;3831;455852;421712;75.3;69.7
37;2021-09-01;976;2687;456828;424399;75.5;70.1
37;2021-09-02;895;2809;457723;427208;75.6;70.6
37;2021-09-03;1043;3961;458766;431169;75.8;71.2
37;2021-09-04;666;1463;459432;432632;75.9;71.5
37;2021-09-05;1;30;459433;432662;75.9;71.5
37;2021-09-06;377;1314;459810;433976;76.0;71.7
37;2021-09-07;534;1508;460344;435484;76.0;71.9
37;2021-09-08;818;2081;461162;437565;76.2;72.3
37;2021-09-09;553;1535;461715;439100;76.3;72.5
37;2021-09-10;813;1907;462528;441007;76.4;72.8
37;2021-09-11;396;1007;462924;442014;76.5;73.0
37;2021-09-12;14;24;462938;442038;76.5;73.0
37;2021-09-13;450;1400;463388;443438;76.5;73.2
37;2021-09-14;508;1520;463896;444958;76.6;73.5
37;2021-09-15;622;1477;464518;446435;76.7;73.7
37;2021-09-16;352;767;464870;447202;76.8;73.9
37;2021-09-17;632;1469;465502;448671;76.9;74.1
37;2021-09-18;306;841;465808;449512;76.9;74.3
37;2021-09-19;16;42;465824;449554;76.9;74.3
37;2021-09-20;270;680;466094;450234;77.0;74.4
37;2021-09-21;438;1321;466532;451555;77.1;74.6
37;2021-09-22;425;1288;466957;452843;77.1;74.8
37;2021-09-23;426;1044;467383;453887;77.2;75.0
37;2021-09-24;500;1401;467883;455288;77.3;75.2
37;2021-09-25;231;766;468114;456054;77.3;75.3
37;2021-09-26;1;22;468115;456076;77.3;75.3
37;2021-09-27;289;690;468404;456766;77.4;75.5
37;2021-09-28;394;659;468798;457425;77.4;75.6
38;2020-12-27;1;0;1;0;0.0;0.0
38;2020-12-28;1;0;2;0;0.0;0.0
38;2020-12-29;0;0;2;0;0.0;0.0
38;2020-12-30;2;0;4;0;0.0;0.0
38;2020-12-31;5;0;9;0;0.0;0.0
38;2021-01-01;3;0;12;0;0.0;0.0
38;2021-01-02;1;0;13;0;0.0;0.0
38;2021-01-03;3;0;16;0;0.0;0.0
38;2021-01-04;163;0;179;0;0.0;0.0
38;2021-01-05;258;1;437;1;0.0;0.0
38;2021-01-06;364;0;801;1;0.1;0.0
38;2021-01-07;636;1;1437;2;0.1;0.0
38;2021-01-08;695;0;2132;2;0.2;0.0
38;2021-01-09;30;0;2162;2;0.2;0.0
38;2021-01-10;2;0;2164;2;0.2;0.0
38;2021-01-11;801;1;2965;3;0.2;0.0
38;2021-01-12;1471;4;4436;7;0.4;0.0
38;2021-01-13;1083;5;5519;12;0.4;0.0
38;2021-01-14;1681;12;7200;24;0.6;0.0
38;2021-01-15;1675;7;8875;31;0.7;0.0
38;2021-01-16;307;1;9182;32;0.7;0.0
38;2021-01-17;3;0;9185;32;0.7;0.0
38;2021-01-18;1178;3;10363;35;0.8;0.0
38;2021-01-19;2241;5;12604;40;1.0;0.0
38;2021-01-20;1888;4;14492;44;1.1;0.0
38;2021-01-21;1644;7;16136;51;1.3;0.0
38;2021-01-22;1401;8;17537;59;1.4;0.0
38;2021-01-23;379;3;17916;62;1.4;0.0
38;2021-01-24;1;0;17917;62;1.4;0.0
38;2021-01-25;795;86;18712;148;1.5;0.0
38;2021-01-26;855;143;19567;291;1.5;0.0
38;2021-01-27;1093;230;20660;521;1.6;0.0
38;2021-01-28;1175;431;21835;952;1.7;0.1
38;2021-01-29;952;341;22787;1293;1.8;0.1
38;2021-01-30;304;0;23091;1293;1.8;0.1
38;2021-01-31;0;0;23091;1293;1.8;0.1
38;2021-02-01;703;550;23794;1843;1.9;0.1
38;2021-02-02;965;886;24759;2729;2.0;0.2
38;2021-02-03;1230;606;25989;3335;2.1;0.3
38;2021-02-04;1278;869;27267;4204;2.2;0.3
38;2021-02-05;1400;813;28667;5017;2.3;0.4
38;2021-02-06;188;80;28855;5097;2.3;0.4
38;2021-02-07;3;47;28858;5144;2.3;0.4
38;2021-02-08;862;643;29720;5787;2.3;0.5
38;2021-02-09;1537;1160;31257;6947;2.5;0.5
38;2021-02-10;1581;1152;32838;8099;2.6;0.6
38;2021-02-11;1871;1018;34709;9117;2.7;0.7
38;2021-02-12;1509;976;36218;10093;2.9;0.8
38;2021-02-13;467;164;36685;10257;2.9;0.8
38;2021-02-14;1;3;36686;10260;2.9;0.8
38;2021-02-15;976;749;37662;11009;3.0;0.9
38;2021-02-16;1379;801;39041;11810;3.1;0.9
38;2021-02-17;1376;872;40417;12682;3.2;1.0
38;2021-02-18;1791;899;42208;13581;3.3;1.1
38;2021-02-19;1255;680;43463;14261;3.4;1.1
38;2021-02-20;471;238;43934;14499;3.5;1.1
38;2021-02-21;1;0;43935;14499;3.5;1.1
38;2021-02-22;1074;708;45009;15207;3.6;1.2
38;2021-02-23;1542;799;46551;16006;3.7;1.3
38;2021-02-24;1739;972;48290;16978;3.8;1.3
38;2021-02-25;2500;889;50790;17867;4.0;1.4
38;2021-02-26;3311;838;54101;18705;4.3;1.5
38;2021-02-27;1511;351;55612;19056;4.4;1.5
38;2021-02-28;33;2;55645;19058;4.4;1.5
38;2021-03-01;2512;680;58157;19738;4.6;1.6
38;2021-03-02;4049;976;62206;20714;4.9;1.6
38;2021-03-03;3368;1128;65574;21842;5.2;1.7
38;2021-03-04;4489;1290;70063;23132;5.5;1.8
38;2021-03-05;5233;1080;75296;24212;6.0;1.9
38;2021-03-06;3042;261;78338;24473;6.2;1.9
38;2021-03-07;115;2;78453;24475;6.2;1.9
38;2021-03-08;2440;791;80893;25266;6.4;2.0
38;2021-03-09;4028;1204;84921;26470;6.7;2.1
38;2021-03-10;3508;996;88429;27466;7.0;2.2
38;2021-03-11;5142;1446;93571;28912;7.4;2.3
38;2021-03-12;7095;1128;100666;30040;8.0;2.4
38;2021-03-13;3771;224;104437;30264;8.3;2.4
38;2021-03-14;544;15;104981;30279;8.3;2.4
38;2021-03-15;2702;980;107683;31259;8.5;2.5
38;2021-03-16;2081;1272;109764;32531;8.7;2.6
38;2021-03-17;2024;1178;111788;33709;8.8;2.7
38;2021-03-18;2640;1339;114428;35048;9.0;2.8
38;2021-03-19;4009;1035;118437;36083;9.4;2.9
38;2021-03-20;1826;243;120263;36326;9.5;2.9
38;2021-03-21;132;8;120395;36334;9.5;2.9
38;2021-03-22;2867;983;123262;37317;9.7;3.0
38;2021-03-23;4781;1470;128043;38787;10.1;3.1
38;2021-03-24;3707;1538;131750;40325;10.4;3.2
38;2021-03-25;5791;1533;137541;41858;10.9;3.3
38;2021-03-26;6599;1735;144140;43593;11.4;3.4
38;2021-03-27;2512;756;146652;44349;11.6;3.5
38;2021-03-28;926;48;147578;44397;11.7;3.5
38;2021-03-29;2679;1835;150257;46232;11.9;3.7
38;2021-03-30;4563;2530;154820;48762;12.2;3.9
38;2021-03-31;3665;2218;158485;50980;12.5;4.0
38;2021-04-01;5135;2522;163620;53502;12.9;4.2
38;2021-04-02;3873;2516;167493;56018;13.2;4.4
38;2021-04-03;1418;938;168911;56956;13.4;4.5
38;2021-04-04;430;45;169341;57001;13.4;4.5
38;2021-04-05;2177;347;171518;57348;13.6;4.5
38;2021-04-06;4346;2399;175864;59747;13.9;4.7
38;2021-04-07;4415;2731;180279;62478;14.3;4.9
38;2021-04-08;5650;2665;185929;65143;14.7;5.1
38;2021-04-09;8561;2730;194490;67873;15.4;5.4
38;2021-04-10;3597;1478;198087;69351;15.7;5.5
38;2021-04-11;1048;100;199135;69451;15.7;5.5
38;2021-04-12;4203;2251;203338;71702;16.1;5.7
38;2021-04-13;6123;2469;209461;74171;16.6;5.9
38;2021-04-14;5117;2458;214578;76629;17.0;6.1
38;2021-04-15;6362;2767;220940;79396;17.5;6.3
38;2021-04-16;6213;2705;227153;82101;18.0;6.5
38;2021-04-17;2588;994;229741;83095;18.2;6.6
38;2021-04-18;1331;72;231072;83167;18.3;6.6
38;2021-04-19;3947;2835;235019;86002;18.6;6.8
38;2021-04-20;5425;2854;240444;88856;19.0;7.0
38;2021-04-21;4977;2707;245421;91563;19.4;7.2
38;2021-04-22;5790;2830;251211;94393;19.9;7.5
38;2021-04-23;6040;2820;257251;97213;20.3;7.7
38;2021-04-24;2665;1350;259916;98563;20.5;7.8
38;2021-04-25;805;590;260721;99153;20.6;7.8
38;2021-04-26;4487;2475;265208;101628;21.0;8.0
38;2021-04-27;6041;2720;271249;104348;21.4;8.2
38;2021-04-28;6198;2505;277447;106853;21.9;8.4
38;2021-04-29;8330;3063;285777;109916;22.6;8.7
38;2021-04-30;7674;4042;293451;113958;23.2;9.0
38;2021-05-01;1546;195;294997;114153;23.3;9.0
38;2021-05-02;847;74;295844;114227;23.4;9.0
38;2021-05-03;5300;3588;301144;117815;23.8;9.3
38;2021-05-04;6199;5082;307343;122897;24.3;9.7
38;2021-05-05;6067;4602;313410;127499;24.8;10.1
38;2021-05-06;6708;5327;320118;132826;25.3;10.5
38;2021-05-07;7283;6437;327401;139263;25.9;11.0
38;2021-05-08;3778;720;331179;139983;26.2;11.1
38;2021-05-09;2853;1931;334032;141914;26.4;11.2
38;2021-05-10;6156;5302;340188;147216;26.9;11.6
38;2021-05-11;8226;6017;348414;153233;27.5;12.1
38;2021-05-12;9044;4702;357458;157935;28.3;12.5
38;2021-05-13;6635;1416;364093;159351;28.8;12.6
38;2021-05-14;9565;3422;373658;162773;29.5;12.9
38;2021-05-15;6864;1450;380522;164223;30.1;13.0
38;2021-05-16;5474;650;385996;164873;30.5;13.0
38;2021-05-17;7671;3001;393667;167874;31.1;13.3
38;2021-05-18;8622;4031;402289;171905;31.8;13.6
38;2021-05-19;8157;3348;410446;175253;32.4;13.9
38;2021-05-20;8978;4492;419424;179745;33.2;14.2
38;2021-05-21;9959;4584;429383;184329;33.9;14.6
38;2021-05-22;7456;1905;436839;186234;34.5;14.7
38;2021-05-23;5589;580;442428;186814;35.0;14.8
38;2021-05-24;7503;1626;449931;188440;35.6;14.9
38;2021-05-25;9544;4850;459475;193290;36.3;15.3
38;2021-05-26;8126;4725;467601;198015;37.0;15.7
38;2021-05-27;9134;5656;476735;203671;37.7;16.1
38;2021-05-28;8786;6483;485521;210154;38.4;16.6
38;2021-05-29;5820;3246;491341;213400;38.8;16.9
38;2021-05-30;2695;1593;494036;214993;39.1;17.0
38;2021-05-31;8272;5131;502308;220124;39.7;17.4
38;2021-06-01;7964;6423;510272;226547;40.3;17.9
38;2021-06-02;7141;5615;517413;232162;40.9;18.4
38;2021-06-03;7393;6822;524806;238984;41.5;18.9
38;2021-06-04;8130;7609;532936;246593;42.1;19.5
38;2021-06-05;5794;3946;538730;250539;42.6;19.8
38;2021-06-06;2507;1463;541237;252002;42.8;19.9
38;2021-06-07;5554;6864;546791;258866;43.2;20.5
38;2021-06-08;5879;7524;552670;266390;43.7;21.1
38;2021-06-09;5048;6464;557718;272854;44.1;21.6
38;2021-06-10;5427;6789;563145;279643;44.5;22.1
38;2021-06-11;5887;7782;569032;287425;45.0;22.7
38;2021-06-12;3945;3259;572977;290684;45.3;23.0
38;2021-06-13;1256;1299;574233;291983;45.4;23.1
38;2021-06-14;3870;7661;578103;299644;45.7;23.7
38;2021-06-15;5234;8144;583337;307788;46.1;24.3
38;2021-06-16;5125;7402;588462;315190;46.5;24.9
38;2021-06-17;4523;7057;592985;322247;46.9;25.5
38;2021-06-18;6163;9226;599148;331473;47.4;26.2
38;2021-06-19;3596;4971;602744;336444;47.6;26.6
38;2021-06-20;1038;2901;603782;339345;47.7;26.8
38;2021-06-21;3747;8709;607529;348054;48.0;27.5
38;2021-06-22;3790;10103;611319;358157;48.3;28.3
38;2021-06-23;3155;9544;614474;367701;48.6;29.1
38;2021-06-24;3380;8587;617854;376288;48.8;29.7
38;2021-06-25;3786;11486;621640;387774;49.1;30.7
38;2021-06-26;2228;7851;623868;395625;49.3;31.3
38;2021-06-27;1098;4356;624966;399981;49.4;31.6
38;2021-06-28;2951;10302;627917;410283;49.6;32.4
38;2021-06-29;3784;10448;631701;420731;49.9;33.3
38;2021-06-30;4061;9939;635762;430670;50.3;34.0
38;2021-07-01;3548;9010;639310;439680;50.5;34.8
38;2021-07-02;3727;11616;643037;451296;50.8;35.7
38;2021-07-03;1739;8785;644776;460081;51.0;36.4
38;2021-07-04;1243;3209;646019;463290;51.1;36.6
38;2021-07-05;3058;10542;649077;473832;51.3;37.5
38;2021-07-06;3460;10235;652537;484067;51.6;38.3
38;2021-07-07;3569;9399;656106;493466;51.9;39.0
38;2021-07-08;3549;8221;659655;501687;52.1;39.7
38;2021-07-09;3897;10738;663552;512425;52.5;40.5
38;2021-07-10;2404;7801;665956;520226;52.6;41.1
38;2021-07-11;777;2030;666733;522256;52.7;41.3
38;2021-07-12;3483;10675;670216;532931;53.0;42.1
38;2021-07-13;6600;10933;676816;543864;53.5;43.0
38;2021-07-14;4670;3331;681486;547195;53.9;43.3
38;2021-07-15;8733;9667;690219;556862;54.6;44.0
38;2021-07-16;8759;10701;698978;567563;55.3;44.9
38;2021-07-17;4739;7485;703717;575048;55.6;45.5
38;2021-07-18;2570;2488;706287;577536;55.8;45.7
38;2021-07-19;5824;9220;712111;586756;56.3;46.4
38;2021-07-20;6289;8303;718400;595059;56.8;47.0
38;2021-07-21;7863;8028;726263;603087;57.4;47.7
38;2021-07-22;7598;6995;733861;610082;58.0;48.2
38;2021-07-23;8942;9042;742803;619124;58.7;48.9
38;2021-07-24;5577;5534;748380;624658;59.2;49.4
38;2021-07-25;2869;1654;751249;626312;59.4;49.5
38;2021-07-26;7869;7500;759118;633812;60.0;50.1
38;2021-07-27;7626;6274;766744;640086;60.6;50.6
38;2021-07-28;8622;5711;775366;645797;61.3;51.1
38;2021-07-29;7682;4680;783048;650477;61.9;51.4
38;2021-07-30;7809;6664;790857;657141;62.5;51.9
38;2021-07-31;4359;3603;795216;660744;62.9;52.2
38;2021-08-01;1298;1084;796514;661828;63.0;52.3
38;2021-08-02;3939;4453;800453;666281;63.3;52.7
38;2021-08-03;4590;4553;805043;670834;63.6;53.0
38;2021-08-04;4637;4354;809680;675188;64.0;53.4
38;2021-08-05;3738;4641;813418;679829;64.3;53.7
38;2021-08-06;4158;5949;817576;685778;64.6;54.2
38;2021-08-07;2318;3532;819894;689310;64.8;54.5
38;2021-08-08;791;2014;820685;691324;64.9;54.7
38;2021-08-09;3605;5576;824290;696900;65.2;55.1
38;2021-08-10;4897;6252;829187;703152;65.5;55.6
38;2021-08-11;3970;4665;833157;707817;65.9;56.0
38;2021-08-12;3393;4607;836550;712424;66.1;56.3
38;2021-08-13;4201;6033;840751;718457;66.5;56.8
38;2021-08-14;1784;4019;842535;722476;66.6;57.1
38;2021-08-15;538;1917;843073;724393;66.6;57.3
38;2021-08-16;2978;7924;846051;732317;66.9;57.9
38;2021-08-17;3444;5962;849495;738279;67.2;58.4
38;2021-08-18;2995;7138;852490;745417;67.4;58.9
38;2021-08-19;2614;4828;855104;750245;67.6;59.3
38;2021-08-20;2894;8427;857998;758672;67.8;60.0
38;2021-08-21;1207;5014;859205;763686;67.9;60.4
38;2021-08-22;510;1511;859715;765197;68.0;60.5
38;2021-08-23;2588;7620;862303;772817;68.2;61.1
38;2021-08-24;2569;5328;864872;778145;68.4;61.5
38;2021-08-25;2614;5876;867486;784021;68.6;62.0
38;2021-08-26;2274;4243;869760;788264;68.8;62.3
38;2021-08-27;2506;5931;872266;794195;69.0;62.8
38;2021-08-28;1423;3687;873689;797882;69.1;63.1
38;2021-08-29;376;1084;874065;798966;69.1;63.2
38;2021-08-30;2331;5781;876396;804747;69.3;63.6
38;2021-08-31;2216;4728;878612;809475;69.5;64.0
38;2021-09-01;2183;4374;880795;813849;69.6;64.3
38;2021-09-02;1666;3382;882461;817231;69.8;64.6
38;2021-09-03;2007;5071;884468;822302;69.9;65.0
38;2021-09-04;1149;2824;885617;825126;70.0;65.2
38;2021-09-05;391;724;886008;825850;70.0;65.3
38;2021-09-06;1192;3412;887200;829262;70.1;65.6
38;2021-09-07;1296;3374;888496;832636;70.2;65.8
38;2021-09-08;1712;3655;890208;836291;70.4;66.1
38;2021-09-09;1111;2355;891319;838646;70.5;66.3
38;2021-09-10;1576;3904;892895;842550;70.6;66.6
38;2021-09-11;1032;2396;893927;844946;70.7;66.8
38;2021-09-12;212;547;894139;845493;70.7;66.8
38;2021-09-13;906;2788;895045;848281;70.8;67.1
38;2021-09-14;908;2610;895953;850891;70.8;67.3
38;2021-09-15;1305;2757;897258;853648;70.9;67.5
38;2021-09-16;679;1551;897937;855199;71.0;67.6
38;2021-09-17;892;2497;898829;857696;71.1;67.8
38;2021-09-18;704;2220;899533;859916;71.1;68.0
38;2021-09-19;101;372;899634;860288;71.1;68.0
38;2021-09-20;597;1716;900231;862004;71.2;68.1
38;2021-09-21;487;1398;900718;863402;71.2;68.3
38;2021-09-22;688;2732;901406;866134;71.3;68.5
38;2021-09-23;445;1396;901851;867530;71.3;68.6
38;2021-09-24;763;2191;902614;869721;71.4;68.8
38;2021-09-25;491;1934;903105;871655;71.4;68.9
38;2021-09-26;92;378;903197;872033;71.4;68.9
38;2021-09-27;421;1227;903618;873260;71.4;69.0
38;2021-09-28;504;1114;904122;874374;71.5;69.1
39;2020-12-27;0;0;0;0;0.0;0.0
39;2020-12-28;0;0;0;0;0.0;0.0
39;2020-12-29;0;0;0;0;0.0;0.0
39;2020-12-30;0;0;0;0;0.0;0.0
39;2020-12-31;0;0;0;0;0.0;0.0
39;2021-01-01;0;0;0;0;0.0;0.0
39;2021-01-02;0;0;0;0;0.0;0.0
39;2021-01-03;0;0;0;0;0.0;0.0
39;2021-01-04;3;0;3;0;0.0;0.0
39;2021-01-05;3;0;6;0;0.0;0.0
39;2021-01-06;57;3;63;3;0.0;0.0
39;2021-01-07;333;2;396;5;0.2;0.0
39;2021-01-08;657;2;1053;7;0.4;0.0
39;2021-01-09;169;0;1222;7;0.5;0.0
39;2021-01-10;1;0;1223;7;0.5;0.0
39;2021-01-11;474;1;1697;8;0.7;0.0
39;2021-01-12;431;1;2128;9;0.8;0.0
39;2021-01-13;408;2;2536;11;1.0;0.0
39;2021-01-14;574;3;3110;14;1.2;0.0
39;2021-01-15;471;1;3581;15;1.4;0.0
39;2021-01-16;141;1;3722;16;1.4;0.0
39;2021-01-17;0;1;3722;17;1.4;0.0
39;2021-01-18;924;7;4646;24;1.8;0.0
39;2021-01-19;1181;6;5827;30;2.3;0.0
39;2021-01-20;905;4;6732;34;2.6;0.0
39;2021-01-21;1179;2;7911;36;3.1;0.0
39;2021-01-22;985;2;8896;38;3.5;0.0
39;2021-01-23;383;1;9279;39;3.6;0.0
39;2021-01-24;0;0;9279;39;3.6;0.0
39;2021-01-25;642;2;9921;41;3.8;0.0
39;2021-01-26;1122;11;11043;52;4.3;0.0
39;2021-01-27;927;16;11970;68;4.6;0.0
39;2021-01-28;740;232;12710;300;4.9;0.1
39;2021-01-29;583;410;13293;710;5.2;0.3
39;2021-01-30;265;104;13558;814;5.3;0.3
39;2021-01-31;1;0;13559;814;5.3;0.3
39;2021-02-01;562;251;14121;1065;5.5;0.4
39;2021-02-02;753;278;14874;1343;5.8;0.5
39;2021-02-03;531;497;15405;1840;6.0;0.7
39;2021-02-04;554;429;15959;2269;6.2;0.9
39;2021-02-05;438;403;16397;2672;6.4;1.0
39;2021-02-06;265;107;16662;2779;6.5;1.1
39;2021-02-07;0;1;16662;2780;6.5;1.1
39;2021-02-08;321;339;16983;3119;6.6;1.2
39;2021-02-09;383;461;17366;3580;6.7;1.4
39;2021-02-10;253;313;17619;3893;6.8;1.5
39;2021-02-11;587;499;18206;4392;7.1;1.7
39;2021-02-12;386;412;18592;4804;7.2;1.9
39;2021-02-13;99;61;18691;4865;7.2;1.9
39;2021-02-14;0;0;18691;4865;7.2;1.9
39;2021-02-15;99;657;18790;5522;7.3;2.1
39;2021-02-16;99;843;18889;6365;7.3;2.5
39;2021-02-17;58;629;18947;6994;7.3;2.7
39;2021-02-18;109;780;19056;7774;7.4;3.0
39;2021-02-19;100;438;19156;8212;7.4;3.2
39;2021-02-20;18;336;19174;8548;7.4;3.3
39;2021-02-21;0;0;19174;8548;7.4;3.3
39;2021-02-22;100;665;19274;9213;7.5;3.6
39;2021-02-23;4;712;19278;9925;7.5;3.8
39;2021-02-24;125;787;19403;10712;7.5;4.2
39;2021-02-25;214;697;19617;11409;7.6;4.4
39;2021-02-26;218;437;19835;11846;7.7;4.6
39;2021-02-27;169;264;20004;12110;7.8;4.7
39;2021-02-28;1;0;20005;12110;7.8;4.7
39;2021-03-01;218;605;20223;12715;7.8;4.9
39;2021-03-02;329;790;20552;13505;8.0;5.2
39;2021-03-03;602;513;21154;14018;8.2;5.4
39;2021-03-04;658;444;21812;14462;8.5;5.6
39;2021-03-05;670;308;22482;14770;8.7;5.7
39;2021-03-06;775;229;23257;14999;9.0;5.8
39;2021-03-07;242;84;23499;15083;9.1;5.8
39;2021-03-08;285;438;23784;15521;9.2;6.0
39;2021-03-09;844;447;24628;15968;9.6;6.2
39;2021-03-10;985;332;25613;16300;9.9;6.3
39;2021-03-11;829;450;26442;16750;10.3;6.5
39;2021-03-12;805;281;27247;17031;10.6;6.6
39;2021-03-13;789;102;28036;17133;10.9;6.6
39;2021-03-14;35;10;28071;17143;10.9;6.6
39;2021-03-15;513;107;28584;17250;11.1;6.7
39;2021-03-16;555;69;29139;17319;11.3;6.7
39;2021-03-17;611;56;29750;17375;11.5;6.7
39;2021-03-18;600;71;30350;17446;11.8;6.8
39;2021-03-19;393;68;30743;17514;11.9;6.8
39;2021-03-20;312;12;31055;17526;12.0;6.8
39;2021-03-21;3;0;31058;17526;12.0;6.8
39;2021-03-22;755;115;31813;17641;12.3;6.8
39;2021-03-23;1129;44;32942;17685;12.8;6.9
39;2021-03-24;1179;98;34121;17783;13.2;6.9
39;2021-03-25;2042;134;36163;17917;14.0;6.9
39;2021-03-26;797;115;36960;18032;14.3;7.0
39;2021-03-27;345;7;37305;18039;14.5;7.0
39;2021-03-28;36;4;37341;18043;14.5;7.0
39;2021-03-29;1036;194;38377;18237;14.9;7.1
39;2021-03-30;1400;268;39777;18505;15.4;7.2
39;2021-03-31;658;527;40435;19032;15.7;7.4
39;2021-04-01;1310;316;41745;19348;16.2;7.5
39;2021-04-02;626;129;42371;19477;16.4;7.6
39;2021-04-03;180;8;42551;19485;16.5;7.6
39;2021-04-04;4;1;42555;19486;16.5;7.6
39;2021-04-05;1;0;42556;19486;16.5;7.6
39;2021-04-06;824;634;43380;20120;16.8;7.8
39;2021-04-07;1133;680;44513;20800;17.3;8.1
39;2021-04-08;1790;580;46303;21380;18.0;8.3
39;2021-04-09;1675;293;47978;21673;18.6;8.4
39;2021-04-10;346;187;48324;21860;18.7;8.5
39;2021-04-11;2;0;48326;21860;18.7;8.5
39;2021-04-12;680;398;49006;22258;19.0;8.6
39;2021-04-13;1200;579;50206;22837;19.5;8.9
39;2021-04-14;845;640;51051;23477;19.8;9.1
39;2021-04-15;1479;722;52530;24199;20.4;9.4
39;2021-04-16;1090;176;53620;24375;20.8;9.5
39;2021-04-17;197;61;53817;24436;20.9;9.5
39;2021-04-18;0;0;53817;24436;20.9;9.5
39;2021-04-19;523;696;54340;25132;21.1;9.7
39;2021-04-20;766;547;55106;25679;21.4;10.0
39;2021-04-21;1143;722;56249;26401;21.8;10.2
39;2021-04-22;1012;1129;57261;27530;22.2;10.7
39;2021-04-23;457;364;57718;27894;22.4;10.8
39;2021-04-24;275;149;57993;28043;22.5;10.9
39;2021-04-25;12;3;58005;28046;22.5;10.9
39;2021-04-26;568;1040;58573;29086;22.7;11.3
39;2021-04-27;788;983;59361;30069;23.0;11.7
39;2021-04-28;1720;418;61081;30487;23.7;11.8
39;2021-04-29;2570;972;63651;31459;24.7;12.2
39;2021-04-30;2473;392;66124;31851;25.6;12.4
39;2021-05-01;41;53;66165;31904;25.7;12.4
39;2021-05-02;0;0;66165;31904;25.7;12.4
39;2021-05-03;917;810;67082;32714;26.0;12.7
39;2021-05-04;948;1122;68030;33836;26.4;13.1
39;2021-05-05;1954;882;69984;34718;27.1;13.5
39;2021-05-06;2424;1343;72408;36061;28.1;14.0
39;2021-05-07;1286;573;73694;36634;28.6;14.2
39;2021-05-08;179;55;73873;36689;28.6;14.2
39;2021-05-09;10;8;73883;36697;28.7;14.2
39;2021-05-10;1762;850;75645;37547;29.3;14.6
39;2021-05-11;1774;1514;77419;39061;30.0;15.1
39;2021-05-12;1810;1493;79229;40554;30.7;15.7
39;2021-05-13;246;23;79475;40577;30.8;15.7
39;2021-05-14;2392;335;81867;40912;31.7;15.9
39;2021-05-15;1848;255;83715;41167;32.5;16.0
39;2021-05-16;0;0;83715;41167;32.5;16.0
39;2021-05-17;1987;726;85702;41893;33.2;16.2
39;2021-05-18;1690;1180;87392;43073;33.9;16.7
39;2021-05-19;2496;555;89888;43628;34.9;16.9
39;2021-05-20;2465;756;92353;44384;35.8;17.2
39;2021-05-21;1800;561;94153;44945;36.5;17.4
39;2021-05-22;322;218;94475;45163;36.6;17.5
39;2021-05-23;8;36;94483;45199;36.6;17.5
39;2021-05-24;8;28;94491;45227;36.6;17.5
39;2021-05-25;1725;1197;96216;46424;37.3;18.0
39;2021-05-26;1643;1376;97859;47800;38.0;18.5
39;2021-05-27;1486;1623;99345;49423;38.5;19.2
39;2021-05-28;856;1219;100201;50642;38.9;19.6
39;2021-05-29;261;273;100462;50915;39.0;19.7
39;2021-05-30;2;40;100464;50955;39.0;19.8
39;2021-05-31;1625;1245;102089;52200;39.6;20.2
39;2021-06-01;1893;1321;103982;53521;40.3;20.8
39;2021-06-02;1706;1164;105688;54685;41.0;21.2
39;2021-06-03;1326;1158;107014;55843;41.5;21.7
39;2021-06-04;940;1070;107954;56913;41.9;22.1
39;2021-06-05;766;514;108720;57427;42.2;22.3
39;2021-06-06;1;36;108721;57463;42.2;22.3
39;2021-06-07;2103;918;110824;58381;43.0;22.6
39;2021-06-08;2209;1153;113033;59534;43.8;23.1
39;2021-06-09;1733;1240;114766;60774;44.5;23.6
39;2021-06-10;1616;2080;116382;62854;45.1;24.4
39;2021-06-11;1569;1270;117951;64124;45.7;24.9
39;2021-06-12;1262;348;119213;64472;46.2;25.0
39;2021-06-13;11;18;119224;64490;46.2;25.0
39;2021-06-14;1336;1889;120560;66379;46.8;25.7
39;2021-06-15;1386;1259;121946;67638;47.3;26.2
39;2021-06-16;1171;1532;123117;69170;47.7;26.8
39;2021-06-17;1044;1716;124161;70886;48.2;27.5
39;2021-06-18;1638;1180;125799;72066;48.8;27.9
39;2021-06-19;249;404;126048;72470;48.9;28.1
39;2021-06-20;2;18;126050;72488;48.9;28.1
39;2021-06-21;351;2495;126401;74983;49.0;29.1
39;2021-06-22;814;2293;127215;77276;49.3;30.0
39;2021-06-23;1200;1301;128415;78577;49.8;30.5
39;2021-06-24;736;1043;129151;79620;50.1;30.9
39;2021-06-25;679;2961;129830;82581;50.4;32.0
39;2021-06-26;206;1564;130036;84145;50.4;32.6
39;2021-06-27;0;0;130036;84145;50.4;32.6
39;2021-06-28;305;2743;130341;86888;50.5;33.7
39;2021-06-29;497;2697;130838;89585;50.7;34.7
39;2021-06-30;895;2424;131733;92009;51.1;35.7
39;2021-07-01;645;1939;132378;93948;51.3;36.4
39;2021-07-02;1111;1406;133489;95354;51.8;37.0
39;2021-07-03;554;524;134043;95878;52.0;37.2
39;2021-07-04;2;1;134045;95879;52.0;37.2
39;2021-07-05;602;2589;134647;98468;52.2;38.2
39;2021-07-06;835;1887;135482;100355;52.5;38.9
39;2021-07-07;591;1386;136073;101741;52.8;39.5
39;2021-07-08;700;906;136773;102647;53.0;39.8
39;2021-07-09;1078;1585;137851;104232;53.5;40.4
39;2021-07-10;739;476;138590;104708;53.7;40.6
39;2021-07-11;28;8;138618;104716;53.8;40.6
39;2021-07-12;577;2599;139195;107315;54.0;41.6
39;2021-07-13;1638;2660;140833;109975;54.6;42.7
39;2021-07-14;17;21;140850;109996;54.6;42.7
39;2021-07-15;1906;1838;142756;111834;55.4;43.4
39;2021-07-16;3226;2051;145982;113885;56.6;44.2
39;2021-07-17;2225;1163;148207;115048;57.5;44.6
39;2021-07-18;164;52;148371;115100;57.5;44.6
39;2021-07-19;1399;2950;149770;118050;58.1;45.8
39;2021-07-20;1842;2811;151612;120861;58.8;46.9
39;2021-07-21;2587;2581;154199;123442;59.8;47.9
39;2021-07-22;1934;1843;156133;125285;60.6;48.6
39;2021-07-23;1814;1933;157947;127218;61.3;49.3
39;2021-07-24;1400;1428;159347;128646;61.8;49.9
39;2021-07-25;0;1;159347;128647;61.8;49.9
39;2021-07-26;1318;2001;160665;130648;62.3;50.7
39;2021-07-27;2343;1903;163008;132551;63.2;51.4
39;2021-07-28;2688;1475;165696;134026;64.3;52.0
39;2021-07-29;2200;1743;167896;135769;65.1;52.7
39;2021-07-30;2045;1466;169941;137235;65.9;53.2
39;2021-07-31;1367;657;171308;137892;66.4;53.5
39;2021-08-01;10;18;171318;137910;66.4;53.5
39;2021-08-02;1205;1400;172523;139310;66.9;54.0
39;2021-08-03;1920;1486;174443;140796;67.7;54.6
39;2021-08-04;1046;659;175489;141455;68.1;54.9
39;2021-08-05;1241;740;176730;142195;68.5;55.1
39;2021-08-06;1375;2289;178105;144484;69.1;56.0
39;2021-08-07;1069;1213;179174;145697;69.5;56.5
39;2021-08-08;26;10;179200;145707;69.5;56.5
39;2021-08-09;436;304;179636;146011;69.7;56.6
39;2021-08-10;1229;931;180865;146942;70.1;57.0
39;2021-08-11;893;1532;181758;148474;70.5;57.6
39;2021-08-12;1596;2170;183354;150644;71.1;58.4
39;2021-08-13;1333;2119;184687;152763;71.6;59.2
39;2021-08-14;361;1106;185048;153869;71.8;59.7
39;2021-08-15;1;1;185049;153870;71.8;59.7
39;2021-08-16;488;736;185537;154606;72.0;60.0
39;2021-08-17;573;1442;186110;156048;72.2;60.5
39;2021-08-18;862;1727;186972;157775;72.5;61.2
39;2021-08-19;906;1593;187878;159368;72.9;61.8
39;2021-08-20;639;2500;188517;161868;73.1;62.8
39;2021-08-21;467;1291;188984;163159;73.3;63.3
39;2021-08-22;7;11;188991;163170;73.3;63.3
39;2021-08-23;265;972;189256;164142;73.4;63.7
39;2021-08-24;455;1607;189711;165749;73.6;64.3
39;2021-08-25;629;1604;190340;167353;73.8;64.9
39;2021-08-26;717;1859;191057;169212;74.1;65.6
39;2021-08-27;405;2060;191462;171272;74.3;66.4
39;2021-08-28;325;1369;191787;172641;74.4;67.0
39;2021-08-29;0;1;191787;172642;74.4;67.0
39;2021-08-30;345;1018;192132;173660;74.5;67.3
39;2021-08-31;398;1036;192530;174696;74.7;67.8
39;2021-09-01;510;1580;193040;176276;74.9;68.4
39;2021-09-02;332;1418;193372;177694;75.0;68.9
39;2021-09-03;475;2312;193847;180006;75.2;69.8
39;2021-09-04;148;212;193995;180218;75.2;69.9
39;2021-09-05;0;1;193995;180219;75.2;69.9
39;2021-09-06;239;524;194234;180743;75.3;70.1
39;2021-09-07;228;344;194462;181087;75.4;70.2
39;2021-09-08;440;778;194902;181865;75.6;70.5
39;2021-09-09;419;1117;195321;182982;75.8;71.0
39;2021-09-10;198;737;195519;183719;75.8;71.3
39;2021-09-11;282;889;195801;184608;75.9;71.6
39;2021-09-12;0;32;195801;184640;75.9;71.6
39;2021-09-13;141;221;195942;184861;76.0;71.7
39;2021-09-14;182;414;196124;185275;76.1;71.9
39;2021-09-15;266;585;196390;185860;76.2;72.1
39;2021-09-16;469;1051;196859;186911;76.3;72.5
39;2021-09-17;420;667;197279;187578;76.5;72.7
39;2021-09-18;96;237;197375;187815;76.5;72.8
39;2021-09-19;3;3;197378;187818;76.5;72.8
39;2021-09-20;70;128;197448;187946;76.6;72.9
39;2021-09-21;87;125;197535;188071;76.6;72.9
39;2021-09-22;268;777;197803;188848;76.7;73.2
39;2021-09-23;171;312;197974;189160;76.8;73.4
39;2021-09-24;206;584;198180;189744;76.9;73.6
39;2021-09-25;65;250;198245;189994;76.9;73.7
39;2021-09-26;0;0;198245;189994;76.9;73.7
39;2021-09-27;131;318;198376;190312;76.9;73.8
39;2021-09-28;55;138;198431;190450;77.0;73.9
40;2020-12-27;0;0;0;0;0.0;0.0
40;2020-12-28;0;0;0;0;0.0;0.0
40;2020-12-29;0;0;0;0;0.0;0.0
40;2020-12-30;0;0;0;0;0.0;0.0
40;2020-12-31;1;0;1;0;0.0;0.0
40;2021-01-01;0;0;1;0;0.0;0.0
40;2021-01-02;0;0;1;0;0.0;0.0
40;2021-01-03;0;0;1;0;0.0;0.0
40;2021-01-04;0;0;1;0;0.0;0.0
40;2021-01-05;0;0;1;0;0.0;0.0
40;2021-01-06;1;0;2;0;0.0;0.0
40;2021-01-07;212;0;214;0;0.1;0.0
40;2021-01-08;391;2;605;2;0.1;0.0
40;2021-01-09;0;0;605;2;0.1;0.0
40;2021-01-10;1;0;606;2;0.1;0.0
40;2021-01-11;111;0;717;2;0.2;0.0
40;2021-01-12;0;0;717;2;0.2;0.0
40;2021-01-13;681;5;1398;7;0.3;0.0
40;2021-01-14;901;7;2299;14;0.6;0.0
40;2021-01-15;811;3;3110;17;0.8;0.0
40;2021-01-16;157;0;3267;17;0.8;0.0
40;2021-01-17;1;1;3268;18;0.8;0.0
40;2021-01-18;405;0;3673;18;0.9;0.0
40;2021-01-19;1203;3;4876;21;1.2;0.0
40;2021-01-20;881;2;5757;23;1.4;0.0
40;2021-01-21;1266;5;7023;28;1.7;0.0
40;2021-01-22;811;2;7834;30;1.9;0.0
40;2021-01-23;289;0;8123;30;2.0;0.0
40;2021-01-24;2;0;8125;30;2.0;0.0
40;2021-01-25;393;2;8518;32;2.1;0.0
40;2021-01-26;802;5;9320;37;2.3;0.0
40;2021-01-27;1118;11;10438;48;2.5;0.0
40;2021-01-28;709;109;11147;157;2.7;0.0
40;2021-01-29;601;225;11748;382;2.9;0.1
40;2021-01-30;237;3;11985;385;2.9;0.1
40;2021-01-31;1;0;11986;385;2.9;0.1
40;2021-02-01;359;127;12345;512;3.0;0.1
40;2021-02-02;922;50;13267;562;3.2;0.1
40;2021-02-03;894;294;14161;856;3.4;0.2
40;2021-02-04;1059;543;15220;1399;3.7;0.3
40;2021-02-05;794;333;16014;1732;3.9;0.4
40;2021-02-06;382;81;16396;1813;4.0;0.4
40;2021-02-07;10;0;16406;1813;4.0;0.4
40;2021-02-08;373;103;16779;1916;4.1;0.5
40;2021-02-09;811;499;17590;2415;4.3;0.6
40;2021-02-10;749;394;18339;2809;4.5;0.7
40;2021-02-11;739;556;19078;3365;4.6;0.8
40;2021-02-12;628;570;19706;3935;4.8;1.0
40;2021-02-13;400;83;20106;4018;4.9;1.0
40;2021-02-14;0;0;20106;4018;4.9;1.0
40;2021-02-15;48;319;20154;4337;4.9;1.1
40;2021-02-16;284;487;20438;4824;5.0;1.2
40;2021-02-17;360;804;20798;5628;5.0;1.4
40;2021-02-18;383;587;21181;6215;5.1;1.5
40;2021-02-19;145;551;21326;6766;5.2;1.6
40;2021-02-20;39;80;21365;6846;5.2;1.7
40;2021-02-21;1;63;21366;6909;5.2;1.7
40;2021-02-22;53;453;21419;7362;5.2;1.8
40;2021-02-23;179;688;21598;8050;5.2;2.0
40;2021-02-24;283;570;21881;8620;5.3;2.1
40;2021-02-25;726;861;22607;9481;5.5;2.3
40;2021-02-26;656;518;23263;9999;5.6;2.4
40;2021-02-27;384;91;23647;10090;5.7;2.4
40;2021-02-28;2;0;23649;10090;5.7;2.4
40;2021-03-01;418;441;24067;10531;5.8;2.6
40;2021-03-02;733;863;24800;11394;6.0;2.8
40;2021-03-03;934;760;25734;12154;6.2;3.0
40;2021-03-04;1321;722;27055;12876;6.6;3.1
40;2021-03-05;1233;645;28288;13521;6.9;3.3
40;2021-03-06;867;338;29155;13859;7.1;3.4
40;2021-03-07;92;2;29247;13861;7.1;3.4
40;2021-03-08;838;434;30085;14295;7.3;3.5
40;2021-03-09;1505;555;31590;14850;7.7;3.6
40;2021-03-10;1754;671;33344;15521;8.1;3.8
40;2021-03-11;1986;631;35330;16152;8.6;3.9
40;2021-03-12;2050;519;37380;16671;9.1;4.0
40;2021-03-13;972;245;38352;16916;9.3;4.1
40;2021-03-14;98;0;38450;16916;9.3;4.1
40;2021-03-15;925;87;39375;17003;9.6;4.1
40;2021-03-16;988;260;40363;17263;9.8;4.2
40;2021-03-17;1577;335;41940;17598;10.2;4.3
40;2021-03-18;1559;332;43499;17930;10.6;4.4
40;2021-03-19;1808;140;45307;18070;11.0;4.4
40;2021-03-20;706;14;46013;18084;11.2;4.4
40;2021-03-21;52;1;46065;18085;11.2;4.4
40;2021-03-22;1174;35;47239;18120;11.5;4.4
40;2021-03-23;2325;167;49564;18287;12.0;4.4
40;2021-03-24;2326;232;51890;18519;12.6;4.5
40;2021-03-25;2768;380;54658;18899;13.3;4.6
40;2021-03-26;3123;202;57781;19101;14.0;4.6
40;2021-03-27;923;47;58704;19148;14.2;4.6
40;2021-03-28;178;47;58882;19195;14.3;4.7
40;2021-03-29;1153;374;60035;19569;14.6;4.7
40;2021-03-30;2298;387;62333;19956;15.1;4.8
40;2021-03-31;1994;300;64327;20256;15.6;4.9
40;2021-04-01;2413;333;66740;20589;16.2;5.0
40;2021-04-02;2361;219;69101;20808;16.8;5.1
40;2021-04-03;741;120;69842;20928;17.0;5.1
40;2021-04-04;362;8;70204;20936;17.0;5.1
40;2021-04-05;523;40;70727;20976;17.2;5.1
40;2021-04-06;2095;802;72822;21778;17.7;5.3
40;2021-04-07;2664;869;75486;22647;18.3;5.5
40;2021-04-08;3061;895;78547;23542;19.1;5.7
40;2021-04-09;3826;604;82373;24146;20.0;5.9
40;2021-04-10;1599;341;83972;24487;20.4;5.9
40;2021-04-11;52;6;84024;24493;20.4;5.9
40;2021-04-12;2178;729;86202;25222;20.9;6.1
40;2021-04-13;2567;1089;88769;26311;21.5;6.4
40;2021-04-14;2572;1375;91341;27686;22.2;6.7
40;2021-04-15;2987;1504;94328;29190;22.9;7.1
40;2021-04-16;2878;1180;97206;30370;23.6;7.4
40;2021-04-17;1464;345;98670;30715;24.0;7.5
40;2021-04-18;57;24;98727;30739;24.0;7.5
40;2021-04-19;1056;1019;99783;31758;24.2;7.7
40;2021-04-20;1622;1743;101405;33501;24.6;8.1
40;2021-04-21;1777;1734;103182;35235;25.0;8.6
40;2021-04-22;2112;1771;105294;37006;25.6;9.0
40;2021-04-23;2163;1390;107457;38396;26.1;9.3
40;2021-04-24;1329;622;108786;39018;26.4;9.5
40;2021-04-25;37;57;108823;39075;26.4;9.5
40;2021-04-26;1251;1133;110074;40208;26.7;9.8
40;2021-04-27;1487;2030;111561;42238;27.1;10.3
40;2021-04-28;2052;1365;113613;43603;27.6;10.6
40;2021-04-29;2608;1888;116221;45491;28.2;11.0
40;2021-04-30;2701;1613;118922;47104;28.9;11.4
40;2021-05-01;1228;781;120150;47885;29.2;11.6
40;2021-05-02;143;322;120293;48207;29.2;11.7
40;2021-05-03;1857;1498;122150;49705;29.6;12.1
40;2021-05-04;1880;2465;124030;52170;30.1;12.7
40;2021-05-05;2187;2668;126217;54838;30.6;13.3
40;2021-05-06;2237;2864;128454;57702;31.2;14.0
40;2021-05-07;1902;3003;130356;60705;31.6;14.7
40;2021-05-08;674;469;131030;61174;31.8;14.8
40;2021-05-09;316;22;131346;61196;31.9;14.9
40;2021-05-10;1400;2040;132746;63236;32.2;15.3
40;2021-05-11;2196;2504;134942;65740;32.8;16.0
40;2021-05-12;2731;1944;137673;67684;33.4;16.4
40;2021-05-13;1984;511;139657;68195;33.9;16.6
40;2021-05-14;2324;1657;141981;69852;34.5;17.0
40;2021-05-15;1340;961;143321;70813;34.8;17.2
40;2021-05-16;434;24;143755;70837;34.9;17.2
40;2021-05-17;2120;1305;145875;72142;35.4;17.5
40;2021-05-18;2508;1404;148383;73546;36.0;17.9
40;2021-05-19;2954;1105;151337;74651;36.7;18.1
40;2021-05-20;3584;1159;154921;75810;37.6;18.4
40;2021-05-21;2925;1319;157846;77129;38.3;18.7
40;2021-05-22;1146;794;158992;77923;38.6;18.9
40;2021-05-23;631;29;159623;77952;38.7;18.9
40;2021-05-24;1212;332;160835;78284;39.0;19.0
40;2021-05-25;2168;1310;163003;79594;39.6;19.3
40;2021-05-26;2614;1562;165617;81156;40.2;19.7
40;2021-05-27;2733;1998;168350;83154;40.9;20.2
40;2021-05-28;2567;2270;170917;85424;41.5;20.7
40;2021-05-29;1558;1252;172475;86676;41.9;21.0
40;2021-05-30;4;52;172479;86728;41.9;21.1
40;2021-05-31;2566;1207;175045;87935;42.5;21.3
40;2021-06-01;3011;1766;178056;89701;43.2;21.8
40;2021-06-02;3170;1988;181226;91689;44.0;22.3
40;2021-06-03;3591;2330;184817;94019;44.9;22.8
40;2021-06-04;3015;2802;187832;96821;45.6;23.5
40;2021-06-05;1780;1395;189612;98216;46.0;23.8
40;2021-06-06;458;79;190070;98295;46.1;23.9
40;2021-06-07;2184;2021;192254;100316;46.7;24.3
40;2021-06-08;2954;2096;195208;102412;47.4;24.9
40;2021-06-09;3212;2266;198420;104678;48.2;25.4
40;2021-06-10;2994;2097;201414;106775;48.9;25.9
40;2021-06-11;3142;2792;204556;109567;49.7;26.6
40;2021-06-12;1963;1634;206519;111201;50.1;27.0
40;2021-06-13;645;162;207164;111363;50.3;27.0
40;2021-06-14;1457;2494;208621;113857;50.6;27.6
40;2021-06-15;2235;2818;210856;116675;51.2;28.3
40;2021-06-16;2608;2458;213464;119133;51.8;28.9
40;2021-06-17;2431;2439;215895;121572;52.4;29.5
40;2021-06-18;2325;2902;218220;124474;53.0;30.2
40;2021-06-19;1799;1226;220019;125700;53.4;30.5
40;2021-06-20;346;276;220365;125976;53.5;30.6
40;2021-06-21;1395;2317;221760;128293;53.8;31.1
40;2021-06-22;1690;2994;223450;131287;54.2;31.9
40;2021-06-23;1603;3343;225053;134630;54.6;32.7
40;2021-06-24;1733;2384;226786;137014;55.0;33.3
40;2021-06-25;1757;3258;228543;140272;55.5;34.0
40;2021-06-26;1328;1712;229871;141984;55.8;34.5
40;2021-06-27;262;354;230133;142338;55.9;34.5
40;2021-06-28;1334;2818;231467;145156;56.2;35.2
40;2021-06-29;1712;3392;233179;148548;56.6;36.1
40;2021-06-30;1772;3638;234951;152186;57.0;36.9
40;2021-07-01;1714;3951;236665;156137;57.4;37.9
40;2021-07-02;1561;3808;238226;159945;57.8;38.8
40;2021-07-03;676;1919;238902;161864;58.0;39.3
40;2021-07-04;219;483;239121;162347;58.0;39.4
40;2021-07-05;1477;3020;240598;165367;58.4;40.1
40;2021-07-06;1768;3613;242366;168980;58.8;41.0
40;2021-07-07;1973;3847;244339;172827;59.3;42.0
40;2021-07-08;2099;3408;246438;176235;59.8;42.8
40;2021-07-09;2108;3946;248546;180181;60.3;43.7
40;2021-07-10;1004;2156;249550;182337;60.6;44.3
40;2021-07-11;207;294;249757;182631;60.6;44.3
40;2021-07-12;1314;4045;251071;186676;60.9;45.3
40;2021-07-13;2428;4697;253499;191373;61.5;46.5
40;2021-07-14;2198;2059;255697;193432;62.1;47.0
40;2021-07-15;2842;4859;258539;198291;62.8;48.1
40;2021-07-16;3311;3944;261850;202235;63.6;49.1
40;2021-07-17;2110;2595;263960;204830;64.1;49.7
40;2021-07-18;472;542;264432;205372;64.2;49.9
40;2021-07-19;2565;3697;266997;209069;64.8;50.7
40;2021-07-20;3065;4050;270062;213119;65.6;51.7
40;2021-07-21;3203;3887;273265;217006;66.3;52.7
40;2021-07-22;3857;3931;277122;220937;67.3;53.6
40;2021-07-23;4092;4110;281214;225047;68.3;54.6
40;2021-07-24;2795;2113;284009;227160;68.9;55.1
40;2021-07-25;956;490;284965;227650;69.2;55.3
40;2021-07-26;2941;3076;287906;230726;69.9;56.0
40;2021-07-27;3526;3602;291432;234328;70.7;56.9
40;2021-07-28;3379;3396;294811;237724;71.6;57.7
40;2021-07-29;3546;3432;298357;241156;72.4;58.5
40;2021-07-30;3136;3405;301493;244561;73.2;59.4
40;2021-07-31;1781;1907;303274;246468;73.6;59.8
40;2021-08-01;342;287;303616;246755;73.7;59.9
40;2021-08-02;2003;2382;305619;249137;74.2;60.5
40;2021-08-03;2334;2695;307953;251832;74.7;61.1
40;2021-08-04;2093;2323;310046;254155;75.3;61.7
40;2021-08-05;1970;2669;312016;256824;75.7;62.3
40;2021-08-06;1886;3067;313902;259891;76.2;63.1
40;2021-08-07;1218;1746;315120;261637;76.5;63.5
40;2021-08-08;84;154;315204;261791;76.5;63.5
40;2021-08-09;1599;3124;316803;264915;76.9;64.3
40;2021-08-10;1429;3158;318232;268073;77.2;65.1
40;2021-08-11;1422;2844;319654;270917;77.6;65.8
40;2021-08-12;1277;3101;320931;274018;77.9;66.5
40;2021-08-13;1138;2979;322069;276997;78.2;67.2
40;2021-08-14;618;2032;322687;279029;78.3;67.7
40;2021-08-15;5;172;322692;279201;78.3;67.8
40;2021-08-16;1108;3383;323800;282584;78.6;68.6
40;2021-08-17;1159;3417;324959;286001;78.9;69.4
40;2021-08-18;989;3258;325948;289259;79.1;70.2
40;2021-08-19;854;2972;326802;292231;79.3;70.9
40;2021-08-20;811;3033;327613;295264;79.5;71.7
40;2021-08-21;523;1901;328136;297165;79.6;72.1
40;2021-08-22;71;464;328207;297629;79.7;72.2
40;2021-08-23;730;2818;328937;300447;79.8;72.9
40;2021-08-24;696;2540;329633;302987;80.0;73.5
40;2021-08-25;677;2002;330310;304989;80.2;74.0
40;2021-08-26;493;1674;330803;306663;80.3;74.4
40;2021-08-27;638;2468;331441;309131;80.5;75.0
40;2021-08-28;327;1215;331768;310346;80.5;75.3
40;2021-08-29;1;9;331769;310355;80.5;75.3
40;2021-08-30;599;2160;332368;312515;80.7;75.9
40;2021-08-31;469;1466;332837;313981;80.8;76.2
40;2021-09-01;449;1548;333286;315529;80.9;76.6
40;2021-09-02;403;1502;333689;317031;81.0;77.0
40;2021-09-03;440;1631;334129;318662;81.1;77.3
40;2021-09-04;369;1187;334498;319849;81.2;77.6
40;2021-09-05;4;26;334502;319875;81.2;77.6
40;2021-09-06;244;880;334746;320755;81.3;77.9
40;2021-09-07;291;977;335037;321732;81.3;78.1
40;2021-09-08;415;1237;335452;322969;81.4;78.4
40;2021-09-09;261;1037;335713;324006;81.5;78.6
40;2021-09-10;359;1278;336072;325284;81.6;79.0
40;2021-09-11;248;889;336320;326173;81.6;79.2
40;2021-09-12;8;8;336328;326181;81.6;79.2
40;2021-09-13;370;950;336698;327131;81.7;79.4
40;2021-09-14;292;884;336990;328015;81.8;79.6
40;2021-09-15;443;895;337433;328910;81.9;79.8
40;2021-09-16;238;348;337671;329258;82.0;79.9
40;2021-09-17;365;788;338036;330046;82.1;80.1
40;2021-09-18;179;634;338215;330680;82.1;80.3
40;2021-09-19;0;9;338215;330689;82.1;80.3
40;2021-09-20;150;382;338365;331071;82.1;80.4
40;2021-09-21;149;286;338514;331357;82.2;80.4
40;2021-09-22;228;559;338742;331916;82.2;80.6
40;2021-09-23;164;297;338906;332213;82.3;80.6
40;2021-09-24;237;605;339143;332818;82.3;80.8
40;2021-09-25;134;427;339277;333245;82.4;80.9
40;2021-09-26;0;2;339277;333247;82.4;80.9
40;2021-09-27;86;224;339363;333471;82.4;80.9
40;2021-09-28;80;229;339443;333700;82.4;81.0
41;2020-12-27;0;0;0;0;0.0;0.0
41;2020-12-28;0;0;0;0;0.0;0.0
41;2020-12-29;0;0;0;0;0.0;0.0
41;2020-12-30;0;0;0;0;0.0;0.0
41;2020-12-31;0;0;0;0;0.0;0.0
41;2021-01-01;0;0;0;0;0.0;0.0
41;2021-01-02;2;0;2;0;0.0;0.0
41;2021-01-03;0;0;2;0;0.0;0.0
41;2021-01-04;0;0;2;0;0.0;0.0
41;2021-01-05;35;0;37;0;0.0;0.0
41;2021-01-06;71;0;108;0;0.0;0.0
41;2021-01-07;21;0;129;0;0.0;0.0
41;2021-01-08;1;0;130;0;0.0;0.0
41;2021-01-09;0;0;130;0;0.0;0.0
41;2021-01-10;0;0;130;0;0.0;0.0
41;2021-01-11;133;0;263;0;0.1;0.0
41;2021-01-12;321;1;584;1;0.2;0.0
41;2021-01-13;271;0;855;1;0.3;0.0
41;2021-01-14;284;1;1139;2;0.3;0.0
41;2021-01-15;215;1;1354;3;0.4;0.0
41;2021-01-16;0;0;1354;3;0.4;0.0
41;2021-01-17;0;0;1354;3;0.4;0.0
41;2021-01-18;397;2;1751;5;0.5;0.0
41;2021-01-19;857;2;2608;7;0.8;0.0
41;2021-01-20;1060;3;3668;10;1.1;0.0
41;2021-01-21;1568;2;5236;12;1.6;0.0
41;2021-01-22;839;1;6075;13;1.9;0.0
41;2021-01-23;92;0;6167;13;1.9;0.0
41;2021-01-24;0;0;6167;13;1.9;0.0
41;2021-01-25;421;1;6588;14;2.0;0.0
41;2021-01-26;473;3;7061;17;2.2;0.0
41;2021-01-27;441;2;7502;19;2.3;0.0
41;2021-01-28;604;56;8106;75;2.5;0.0
41;2021-01-29;260;13;8366;88;2.6;0.0
41;2021-01-30;0;0;8366;88;2.6;0.0
41;2021-01-31;0;0;8366;88;2.6;0.0
41;2021-02-01;349;121;8715;209;2.7;0.1
41;2021-02-02;471;216;9186;425;2.8;0.1
41;2021-02-03;341;200;9527;625;2.9;0.2
41;2021-02-04;559;136;10086;761;3.1;0.2
41;2021-02-05;329;167;10415;928;3.2;0.3
41;2021-02-06;5;0;10420;928;3.2;0.3
41;2021-02-07;2;0;10422;928;3.2;0.3
41;2021-02-08;305;273;10727;1201;3.3;0.4
41;2021-02-09;599;410;11326;1611;3.5;0.5
41;2021-02-10;486;671;11812;2282;3.6;0.7
41;2021-02-11;1066;1152;12878;3434;3.9;1.0
41;2021-02-12;687;355;13565;3789;4.1;1.2
41;2021-02-13;9;5;13574;3794;4.1;1.2
41;2021-02-14;3;27;13577;3821;4.1;1.2
41;2021-02-15;314;259;13891;4080;4.2;1.2
41;2021-02-16;354;468;14245;4548;4.3;1.4
41;2021-02-17;317;400;14562;4948;4.4;1.5
41;2021-02-18;616;267;15178;5215;4.6;1.6
41;2021-02-19;456;279;15634;5494;4.8;1.7
41;2021-02-20;68;37;15702;5531;4.8;1.7
41;2021-02-21;0;0;15702;5531;4.8;1.7
41;2021-02-22;311;332;16013;5863;4.9;1.8
41;2021-02-23;454;270;16467;6133;5.0;1.9
41;2021-02-24;282;365;16749;6498;5.1;2.0
41;2021-02-25;675;383;17424;6881;5.3;2.1
41;2021-02-26;630;220;18054;7101;5.5;2.2
41;2021-02-27;161;4;18215;7105;5.6;2.2
41;2021-02-28;4;31;18219;7136;5.6;2.2
41;2021-03-01;311;260;18530;7396;5.7;2.3
41;2021-03-02;649;337;19179;7733;5.9;2.4
41;2021-03-03;497;366;19676;8099;6.0;2.5
41;2021-03-04;786;749;20462;8848;6.2;2.7
41;2021-03-05;840;638;21302;9486;6.5;2.9
41;2021-03-06;715;22;22017;9508;6.7;2.9
41;2021-03-07;498;18;22515;9526;6.9;2.9
41;2021-03-08;301;334;22816;9860;7.0;3.0
41;2021-03-09;1042;402;23858;10262;7.3;3.1
41;2021-03-10;721;440;24579;10702;7.5;3.3
41;2021-03-11;1182;636;25761;11338;7.9;3.5
41;2021-03-12;1114;398;26875;11736;8.2;3.6
41;2021-03-13;1224;19;28099;11755;8.6;3.6
41;2021-03-14;392;7;28491;11762;8.7;3.6
41;2021-03-15;798;340;29289;12102;8.9;3.7
41;2021-03-16;1061;402;30350;12504;9.3;3.8
41;2021-03-17;587;236;30937;12740;9.4;3.9
41;2021-03-18;926;395;31863;13135;9.7;4.0
41;2021-03-19;911;328;32774;13463;10.0;4.1
41;2021-03-20;541;16;33315;13479;10.2;4.1
41;2021-03-21;1;0;33316;13479;10.2;4.1
41;2021-03-22;810;271;34126;13750;10.4;4.2
41;2021-03-23;1309;481;35435;14231;10.8;4.3
41;2021-03-24;1231;363;36666;14594;11.2;4.5
41;2021-03-25;2026;436;38692;15030;11.8;4.6
41;2021-03-26;1655;325;40347;15355;12.3;4.7
41;2021-03-27;451;58;40798;15413;12.4;4.7
41;2021-03-28;1;0;40799;15413;12.4;4.7
41;2021-03-29;939;306;41738;15719;12.7;4.8
41;2021-03-30;1496;590;43234;16309;13.2;5.0
41;2021-03-31;1148;490;44382;16799;13.5;5.1
41;2021-04-01;2252;565;46634;17364;14.2;5.3
41;2021-04-02;1241;473;47875;17837;14.6;5.4
41;2021-04-03;321;5;48196;17842;14.7;5.4
41;2021-04-04;39;0;48235;17842;14.7;5.4
41;2021-04-05;140;2;48375;17844;14.8;5.4
41;2021-04-06;1302;623;49677;18467;15.2;5.6
41;2021-04-07;1852;703;51529;19170;15.7;5.8
41;2021-04-08;2294;915;53823;20085;16.4;6.1
41;2021-04-09;2568;611;56391;20696;17.2;6.3
41;2021-04-10;954;496;57345;21192;17.5;6.5
41;2021-04-11;279;376;57624;21568;17.6;6.6
41;2021-04-12;1689;656;59313;22224;18.1;6.8
41;2021-04-13;2260;987;61573;23211;18.8;7.1
41;2021-04-14;1794;546;63367;23757;19.3;7.2
41;2021-04-15;2384;975;65751;24732;20.1;7.5
41;2021-04-16;1929;625;67680;25357;20.6;7.7
41;2021-04-17;647;137;68327;25494;20.8;7.8
41;2021-04-18;5;0;68332;25494;20.8;7.8
41;2021-04-19;1260;744;69592;26238;21.2;8.0
41;2021-04-20;2004;1197;71596;27435;21.8;8.4
41;2021-04-21;1503;919;73099;28354;22.3;8.6
41;2021-04-22;2236;1599;75335;29953;23.0;9.1
41;2021-04-23;1736;1078;77071;31031;23.5;9.5
41;2021-04-24;1544;283;78615;31314;24.0;9.6
41;2021-04-25;1007;21;79622;31335;24.3;9.6
41;2021-04-26;1355;625;80977;31960;24.7;9.7
41;2021-04-27;2093;1033;83070;32993;25.3;10.1
41;2021-04-28;1562;858;84632;33851;25.8;10.3
41;2021-04-29;2210;1376;86842;35227;26.5;10.7
41;2021-04-30;1963;863;88805;36090;27.1;11.0
41;2021-05-01;189;12;88994;36102;27.1;11.0
41;2021-05-02;107;17;89101;36119;27.2;11.0
41;2021-05-03;1864;892;90965;37011;27.7;11.3
41;2021-05-04;2091;1543;93056;38554;28.4;11.8
41;2021-05-05;1882;1188;94938;39742;29.0;12.1
41;2021-05-06;2448;1692;97386;41434;29.7;12.6
41;2021-05-07;2016;1802;99402;43236;30.3;13.2
41;2021-05-08;202;154;99604;43390;30.4;13.2
41;2021-05-09;11;354;99615;43744;30.4;13.3
41;2021-05-10;1590;1556;101205;45300;30.9;13.8
41;2021-05-11;2085;2100;103290;47400;31.5;14.5
41;2021-05-12;1951;1678;105241;49078;32.1;15.0
41;2021-05-13;1485;948;106726;50026;32.6;15.3
41;2021-05-14;1576;1305;108302;51331;33.0;15.7
41;2021-05-15;206;294;108508;51625;33.1;15.7
41;2021-05-16;4;0;108512;51625;33.1;15.7
41;2021-05-17;2483;564;110995;52189;33.9;15.9
41;2021-05-18;3138;1029;114133;53218;34.8;16.2
41;2021-05-19;2553;673;116686;53891;35.6;16.4
41;2021-05-20;3349;1148;120035;55039;36.6;16.8
41;2021-05-21;2727;967;122762;56006;37.4;17.1
41;2021-05-22;396;236;123158;56242;37.6;17.2
41;2021-05-23;6;2;123164;56244;37.6;17.2
41;2021-05-24;2605;150;125769;56394;38.4;17.2
41;2021-05-25;2991;577;128760;56971;39.3;17.4
41;2021-05-26;3036;650;131796;57621;40.2;17.6
41;2021-05-27;3294;1109;135090;58730;41.2;17.9
41;2021-05-28;3144;971;138234;59701;42.2;18.2
41;2021-05-29;2073;429;140307;60130;42.8;18.3
41;2021-05-30;344;22;140651;60152;42.9;18.3
41;2021-05-31;1710;1499;142361;61651;43.4;18.8
41;2021-06-01;2263;2010;144624;63661;44.1;19.4
41;2021-06-02;1832;1288;146456;64949;44.7;19.8
41;2021-06-03;2597;1940;149053;66889;45.5;20.4
41;2021-06-04;2303;1958;151356;68847;46.2;21.0
41;2021-06-05;611;1583;151967;70430;46.4;21.5
41;2021-06-06;109;927;152076;71357;46.4;21.8
41;2021-06-07;1515;1530;153591;72887;46.9;22.2
41;2021-06-08;1712;2410;155303;75297;47.4;23.0
41;2021-06-09;1615;1635;156918;76932;47.9;23.5
41;2021-06-10;1917;1813;158835;78745;48.4;24.0
41;2021-06-11;1572;1790;160407;80535;48.9;24.6
41;2021-06-12;664;648;161071;81183;49.1;24.8
41;2021-06-13;13;77;161084;81260;49.1;24.8
41;2021-06-14;1269;1962;162353;83222;49.5;25.4
41;2021-06-15;1835;2757;164188;85979;50.1;26.2
41;2021-06-16;1724;2308;165912;88287;50.6;26.9
41;2021-06-17;1810;2573;167722;90860;51.2;27.7
41;2021-06-18;1662;2399;169384;93259;51.7;28.4
41;2021-06-19;412;529;169796;93788;51.8;28.6
41;2021-06-20;11;32;169807;93820;51.8;28.6
41;2021-06-21;1325;1779;171132;95599;52.2;29.2
41;2021-06-22;1619;2561;172751;98160;52.7;29.9
41;2021-06-23;1375;2038;174126;100198;53.1;30.6
41;2021-06-24;1483;2307;175609;102505;53.6;31.3
41;2021-06-25;1294;2617;176903;105122;54.0;32.1
41;2021-06-26;433;614;177336;105736;54.1;32.3
41;2021-06-27;1;4;177337;105740;54.1;32.3
41;2021-06-28;404;2696;177741;108436;54.2;33.1
41;2021-06-29;664;3442;178405;111878;54.4;34.1
41;2021-06-30;552;3067;178957;114945;54.6;35.1
41;2021-07-01;767;3098;179724;118043;54.8;36.0
41;2021-07-02;589;3500;180313;121543;55.0;37.1
41;2021-07-03;158;646;180471;122189;55.0;37.3
41;2021-07-04;2;2;180473;122191;55.0;37.3
41;2021-07-05;285;2818;180758;125009;55.1;38.1
41;2021-07-06;666;3633;181424;128642;55.3;39.2
41;2021-07-07;479;3137;181903;131779;55.5;40.2
41;2021-07-08;940;3365;182843;135144;55.8;41.2
41;2021-07-09;540;3641;183383;138785;55.9;42.3
41;2021-07-10;247;2087;183630;140872;56.0;43.0
41;2021-07-11;5;280;183635;141152;56.0;43.1
41;2021-07-12;861;2291;184496;143443;56.3;43.8
41;2021-07-13;1198;3282;185694;146725;56.6;44.8
41;2021-07-14;141;1080;185835;147805;56.7;45.1
41;2021-07-15;1334;3319;187169;151124;57.1;46.1
41;2021-07-16;1091;3389;188260;154513;57.4;47.1
41;2021-07-17;344;807;188604;155320;57.5;47.4
41;2021-07-18;24;32;188628;155352;57.5;47.4
41;2021-07-19;1190;2319;189818;157671;57.9;48.1
41;2021-07-20;1643;2744;191461;160415;58.4;48.9
41;2021-07-21;1708;2083;193169;162498;58.9;49.6
41;2021-07-22;2263;2289;195432;164787;59.6;50.3
41;2021-07-23;2104;2468;197536;167255;60.3;51.0
41;2021-07-24;329;841;197865;168096;60.4;51.3
41;2021-07-25;19;23;197884;168119;60.4;51.3
41;2021-07-26;1902;1677;199786;169796;60.9;51.8
41;2021-07-27;2534;2341;202320;172137;61.7;52.5
41;2021-07-28;2161;1828;204481;173965;62.4;53.1
41;2021-07-29;2345;2026;206826;175991;63.1;53.7
41;2021-07-30;2151;2085;208977;178076;63.7;54.3
41;2021-07-31;380;581;209357;178657;63.9;54.5
41;2021-08-01;21;7;209378;178664;63.9;54.5
41;2021-08-02;1550;1605;210928;180269;64.3;55.0
41;2021-08-03;2517;1857;213445;182126;65.1;55.6
41;2021-08-04;2302;1199;215747;183325;65.8;55.9
41;2021-08-05;3046;1263;218793;184588;66.7;56.3
41;2021-08-06;2214;1302;221007;185890;67.4;56.7
41;2021-08-07;511;347;221518;186237;67.6;56.8
41;2021-08-08;13;20;221531;186257;67.6;56.8
41;2021-08-09;1689;1357;223220;187614;68.1;57.2
41;2021-08-10;2563;1421;225783;189035;68.9;57.7
41;2021-08-11;1593;1440;227376;190475;69.4;58.1
41;2021-08-12;1942;1339;229318;191814;69.9;58.5
41;2021-08-13;1475;1697;230793;193511;70.4;59.0
41;2021-08-14;364;205;231157;193716;70.5;59.1
41;2021-08-15;0;16;231157;193732;70.5;59.1
41;2021-08-16;864;2069;232021;195801;70.8;59.7
41;2021-08-17;1498;1634;233519;197435;71.2;60.2
41;2021-08-18;1135;1970;234654;199405;71.6;60.8
41;2021-08-19;1311;1554;235965;200959;72.0;61.3
41;2021-08-20;915;2313;236880;203272;72.3;62.0
41;2021-08-21;120;227;237000;203499;72.3;62.1
41;2021-08-22;1;32;237001;203531;72.3;62.1
41;2021-08-23;694;2295;237695;205826;72.5;62.8
41;2021-08-24;1415;2313;239110;208139;72.9;63.5
41;2021-08-25;620;2200;239730;210339;73.1;64.2
41;2021-08-26;843;2820;240573;213159;73.4;65.0
41;2021-08-27;620;2762;241193;215921;73.6;65.9
41;2021-08-28;99;622;241292;216543;73.6;66.1
41;2021-08-29;46;24;241338;216567;73.6;66.1
41;2021-08-30;668;2118;242006;218685;73.8;66.7
41;2021-08-31;765;2597;242771;221282;74.1;67.5
41;2021-09-01;500;1831;243271;223113;74.2;68.1
41;2021-09-02;627;2155;243898;225268;74.4;68.7
41;2021-09-03;650;2228;244548;227496;74.6;69.4
41;2021-09-04;194;593;244742;228089;74.7;69.6
41;2021-09-05;3;1;244745;228090;74.7;69.6
41;2021-09-06;290;1094;245035;229184;74.7;69.9
41;2021-09-07;415;1355;245450;230539;74.9;70.3
41;2021-09-08;314;1276;245764;231815;75.0;70.7
41;2021-09-09;295;1296;246059;233111;75.1;71.1
41;2021-09-10;380;1373;246439;234484;75.2;71.5
41;2021-09-11;83;392;246522;234876;75.2;71.6
41;2021-09-12;0;9;246522;234885;75.2;71.6
41;2021-09-13;201;912;246723;235797;75.3;71.9
41;2021-09-14;364;1056;247087;236853;75.4;72.2
41;2021-09-15;279;1070;247366;237923;75.5;72.6
41;2021-09-16;236;833;247602;238756;75.5;72.8
41;2021-09-17;360;713;247962;239469;75.6;73.0
41;2021-09-18;78;169;248040;239638;75.7;73.1
41;2021-09-19;0;7;248040;239645;75.7;73.1
41;2021-09-20;176;513;248216;240158;75.7;73.3
41;2021-09-21;181;515;248397;240673;75.8;73.4
41;2021-09-22;268;801;248665;241474;75.9;73.7
41;2021-09-23;236;662;248901;242136;75.9;73.9
41;2021-09-24;312;630;249213;242766;76.0;74.1
41;2021-09-25;70;233;249283;242999;76.0;74.1
41;2021-09-26;0;3;249283;243002;76.0;74.1
41;2021-09-27;165;342;249448;243344;76.1;74.2
41;2021-09-28;151;419;249599;243763;76.1;74.4
42;2020-12-27;1;0;1;0;0.0;0.0
42;2020-12-28;0;0;1;0;0.0;0.0
42;2020-12-29;0;0;1;0;0.0;0.0
42;2020-12-30;0;0;1;0;0.0;0.0
42;2020-12-31;0;0;1;0;0.0;0.0
42;2021-01-01;0;0;1;0;0.0;0.0
42;2021-01-02;0;0;1;0;0.0;0.0
42;2021-01-03;0;0;1;0;0.0;0.0
42;2021-01-04;1;0;2;0;0.0;0.0
42;2021-01-05;1;0;3;0;0.0;0.0
42;2021-01-06;178;1;181;1;0.0;0.0
42;2021-01-07;256;0;437;1;0.1;0.0
42;2021-01-08;264;1;701;2;0.1;0.0
42;2021-01-09;136;0;837;2;0.1;0.0
42;2021-01-10;0;0;837;2;0.1;0.0
42;2021-01-11;293;2;1130;4;0.1;0.0
42;2021-01-12;412;1;1542;5;0.2;0.0
42;2021-01-13;526;2;2068;7;0.3;0.0
42;2021-01-14;775;2;2843;9;0.4;0.0
42;2021-01-15;707;4;3550;13;0.5;0.0
42;2021-01-16;298;2;3848;15;0.5;0.0
42;2021-01-17;219;0;4067;15;0.5;0.0
42;2021-01-18;967;1;5034;16;0.7;0.0
42;2021-01-19;1329;8;6363;24;0.8;0.0
42;2021-01-20;956;3;7319;27;1.0;0.0
42;2021-01-21;1023;6;8342;33;1.1;0.0
42;2021-01-22;992;6;9334;39;1.2;0.0
42;2021-01-23;401;0;9735;39;1.3;0.0
42;2021-01-24;358;0;10093;39;1.3;0.0
42;2021-01-25;1099;12;11192;51;1.5;0.0
42;2021-01-26;1750;18;12942;69;1.7;0.0
42;2021-01-27;1456;118;14398;187;1.9;0.0
42;2021-01-28;1667;133;16065;320;2.1;0.0
42;2021-01-29;946;109;17011;429;2.2;0.1
42;2021-01-30;257;96;17268;525;2.3;0.1
42;2021-01-31;258;2;17526;527;2.3;0.1
42;2021-02-01;738;58;18264;585;2.4;0.1
42;2021-02-02;1851;265;20115;850;2.6;0.1
42;2021-02-03;1516;456;21631;1306;2.8;0.2
42;2021-02-04;1279;556;22910;1862;3.0;0.2
42;2021-02-05;684;482;23594;2344;3.1;0.3
42;2021-02-06;303;128;23897;2472;3.1;0.3
42;2021-02-07;276;134;24173;2606;3.2;0.3
42;2021-02-08;508;492;24681;3098;3.2;0.4
42;2021-02-09;703;629;25384;3727;3.3;0.5
42;2021-02-10;742;553;26126;4280;3.4;0.6
42;2021-02-11;772;553;26898;4833;3.5;0.6
42;2021-02-12;675;602;27573;5435;3.6;0.7
42;2021-02-13;428;242;28001;5677;3.7;0.7
42;2021-02-14;186;173;28187;5850;3.7;0.8
42;2021-02-15;520;623;28707;6473;3.8;0.8
42;2021-02-16;490;996;29197;7469;3.8;1.0
42;2021-02-17;518;1334;29715;8803;3.9;1.2
42;2021-02-18;756;1164;30471;9967;4.0;1.3
42;2021-02-19;768;847;31239;10814;4.1;1.4
42;2021-02-20;248;332;31487;11146;4.1;1.5
42;2021-02-21;63;254;31550;11400;4.1;1.5
42;2021-02-22;574;804;32124;12204;4.2;1.6
42;2021-02-23;1211;1302;33335;13506;4.4;1.8
42;2021-02-24;1244;1037;34579;14543;4.5;1.9
42;2021-02-25;1667;1306;36246;15849;4.7;2.1
42;2021-02-26;1646;825;37892;16674;5.0;2.2
42;2021-02-27;580;243;38472;16917;5.0;2.2
42;2021-02-28;167;98;38639;17015;5.1;2.2
42;2021-03-01;807;753;39446;17768;5.2;2.3
42;2021-03-02;1275;724;40721;18492;5.3;2.4
42;2021-03-03;1368;715;42089;19207;5.5;2.5
42;2021-03-04;1705;648;43794;19855;5.7;2.6
42;2021-03-05;2624;619;46418;20474;6.1;2.7
42;2021-03-06;1933;245;48351;20719;6.3;2.7
42;2021-03-07;1491;94;49842;20813;6.5;2.7
42;2021-03-08;1405;487;51247;21300;6.7;2.8
42;2021-03-09;1983;433;53230;21733;7.0;2.8
42;2021-03-10;2053;491;55283;22224;7.2;2.9
42;2021-03-11;3047;605;58330;22829;7.6;3.0
42;2021-03-12;3008;810;61338;23639;8.0;3.1
42;2021-03-13;1479;352;62817;23991;8.2;3.1
42;2021-03-14;472;161;63289;24152;8.3;3.2
42;2021-03-15;1572;589;64861;24741;8.5;3.2
42;2021-03-16;1472;754;66333;25495;8.7;3.3
42;2021-03-17;1723;1069;68056;26564;8.9;3.5
42;2021-03-18;1804;1024;69860;27588;9.1;3.6
42;2021-03-19;2565;676;72425;28264;9.5;3.7
42;2021-03-20;1672;233;74097;28497;9.7;3.7
42;2021-03-21;526;99;74623;28596;9.8;3.7
42;2021-03-22;1426;730;76049;29326;9.9;3.8
42;2021-03-23;2507;856;78556;30182;10.3;3.9
42;2021-03-24;2783;785;81339;30967;10.6;4.0
42;2021-03-25;3719;934;85058;31901;11.1;4.2
42;2021-03-26;3759;783;88817;32684;11.6;4.3
42;2021-03-27;1806;452;90623;33136;11.9;4.3
42;2021-03-28;1039;215;91662;33351;12.0;4.4
42;2021-03-29;2063;922;93725;34273;12.3;4.5
42;2021-03-30;3146;865;96871;35138;12.7;4.6
42;2021-03-31;2444;1072;99315;36210;13.0;4.7
42;2021-04-01;3391;1054;102706;37264;13.4;4.9
42;2021-04-02;2849;1230;105555;38494;13.8;5.0
42;2021-04-03;1418;609;106973;39103;14.0;5.1
42;2021-04-04;1403;393;108376;39496;14.2;5.2
42;2021-04-05;1901;297;110277;39793;14.4;5.2
42;2021-04-06;2292;1408;112569;41201;14.7;5.4
42;2021-04-07;2761;1832;115330;43033;15.1;5.6
42;2021-04-08;4025;1588;119355;44621;15.6;5.8
42;2021-04-09;5134;1562;124489;46183;16.3;6.0
42;2021-04-10;2591;767;127080;46950;16.6;6.1
42;2021-04-11;1956;432;129036;47382;16.9;6.2
42;2021-04-12;3699;1549;132735;48931;17.4;6.4
42;2021-04-13;4659;1808;137394;50739;18.0;6.6
42;2021-04-14;4309;1902;141703;52641;18.5;6.9
42;2021-04-15;4808;1838;146511;54479;19.2;7.1
42;2021-04-16;4620;1890;151131;56369;19.8;7.4
42;2021-04-17;2982;1071;154113;57440;20.2;7.5
42;2021-04-18;1887;413;156000;57853;20.4;7.6
42;2021-04-19;3090;1536;159090;59389;20.8;7.8
42;2021-04-20;3467;1956;162557;61345;21.3;8.0
42;2021-04-21;3479;1749;166036;63094;21.7;8.3
42;2021-04-22;3768;1953;169804;65047;22.2;8.5
42;2021-04-23;3842;2016;173646;67063;22.7;8.8
42;2021-04-24;2363;1518;176009;68581;23.0;9.0
42;2021-04-25;1658;944;177667;69525;23.2;9.1
42;2021-04-26;3280;1734;180947;71259;23.7;9.3
42;2021-04-27;3253;2208;184200;73467;24.1;9.6
42;2021-04-28;3462;2619;187662;76086;24.5;9.9
42;2021-04-29;3767;2801;191429;78887;25.0;10.3
42;2021-04-30;3359;3023;194788;81910;25.5;10.7
42;2021-05-01;2968;1053;197756;82963;25.9;10.8
42;2021-05-02;1934;1261;199690;84224;26.1;11.0
42;2021-05-03;2868;2767;202558;86991;26.5;11.4
42;2021-05-04;3416;3124;205974;90115;26.9;11.8
42;2021-05-05;3328;3398;209302;93513;27.4;12.2
42;2021-05-06;3888;3771;213190;97284;27.9;12.7
42;2021-05-07;3731;4039;216921;101323;28.4;13.2
42;2021-05-08;3164;1070;220085;102393;28.8;13.4
42;2021-05-09;1505;2213;221590;104606;29.0;13.7
42;2021-05-10;3250;3828;224840;108434;29.4;14.2
42;2021-05-11;5574;3899;230414;112333;30.1;14.7
42;2021-05-12;5339;3567;235753;115900;30.8;15.2
42;2021-05-13;5451;1150;241204;117050;31.5;15.3
42;2021-05-14;5237;2927;246441;119977;32.2;15.7
42;2021-05-15;4880;2127;251321;122104;32.9;16.0
42;2021-05-16;2873;1036;254194;123140;33.2;16.1
42;2021-05-17;5885;2840;260079;125980;34.0;16.5
42;2021-05-18;6251;2977;266330;128957;34.8;16.9
42;2021-05-19;6523;2750;272853;131707;35.7;17.2
42;2021-05-20;7103;2893;279956;134600;36.6;17.6
42;2021-05-21;6351;3275;286307;137875;37.4;18.0
42;2021-05-22;5834;2134;292141;140009;38.2;18.3
42;2021-05-23;2832;874;294973;140883;38.6;18.4
42;2021-05-24;5246;1432;300219;142315;39.3;18.6
42;2021-05-25;5152;3940;305371;146255;39.9;19.1
42;2021-05-26;5160;3459;310531;149714;40.6;19.6
42;2021-05-27;5366;3630;315897;153344;41.3;20.1
42;2021-05-28;5043;4189;320940;157533;42.0;20.6
42;2021-05-29;4340;2984;325280;160517;42.5;21.0
42;2021-05-30;1981;1205;327261;161722;42.8;21.1
42;2021-05-31;4241;3419;331502;165141;43.3;21.6
42;2021-06-01;4592;3562;336094;168703;43.9;22.1
42;2021-06-02;4481;3006;340575;171709;44.5;22.5
42;2021-06-03;4930;3839;345505;175548;45.2;23.0
42;2021-06-04;4766;4213;350271;179761;45.8;23.5
42;2021-06-05;3689;2424;353960;182185;46.3;23.8
42;2021-06-06;1445;1293;355405;183478;46.5;24.0
42;2021-06-07;3992;3377;359397;186855;47.0;24.4
42;2021-06-08;3466;3242;362863;190097;47.4;24.9
42;2021-06-09;2964;3205;365827;193302;47.8;25.3
42;2021-06-10;3242;2931;369069;196233;48.3;25.7
42;2021-06-11;3585;4114;372654;200347;48.7;26.2
42;2021-06-12;2863;2880;375517;203227;49.1;26.6
42;2021-06-13;944;1278;376461;204505;49.2;26.7
42;2021-06-14;2313;4061;378774;208566;49.5;27.3
42;2021-06-15;2830;4071;381604;212637;49.9;27.8
42;2021-06-16;2920;3551;384524;216188;50.3;28.3
42;2021-06-17;2635;3734;387159;219922;50.6;28.8
42;2021-06-18;3093;5143;390252;225065;51.0;29.4
42;2021-06-19;2845;4243;393097;229308;51.4;30.0
42;2021-06-20;857;1844;393954;231152;51.5;30.2
42;2021-06-21;1908;6277;395862;237429;51.8;31.0
42;2021-06-22;1875;5891;397737;243320;52.0;31.8
42;2021-06-23;1845;5321;399582;248641;52.3;32.5
42;2021-06-24;1785;4682;401367;253323;52.5;33.1
42;2021-06-25;2037;6951;403404;260274;52.8;34.0
42;2021-06-26;1408;5818;404812;266092;52.9;34.8
42;2021-06-27;756;2858;405568;268950;53.0;35.2
42;2021-06-28;1746;7063;407314;276013;53.3;36.1
42;2021-06-29;1526;6566;408840;282579;53.5;37.0
42;2021-06-30;1969;5765;410809;288344;53.7;37.7
42;2021-07-01;1779;5119;412588;293463;54.0;38.4
42;2021-07-02;2046;6739;414634;300202;54.2;39.3
42;2021-07-03;1760;5977;416394;306179;54.4;40.0
42;2021-07-04;853;2513;417247;308692;54.6;40.4
42;2021-07-05;1716;6286;418963;314978;54.8;41.2
42;2021-07-06;2106;5576;421069;320554;55.1;41.9
42;2021-07-07;2337;4657;423406;325211;55.4;42.5
42;2021-07-08;2272;3956;425678;329167;55.7;43.0
42;2021-07-09;2416;6096;428094;335263;56.0;43.8
42;2021-07-10;1693;5581;429787;340844;56.2;44.6
42;2021-07-11;921;2304;430708;343148;56.3;44.9
42;2021-07-12;1776;6287;432484;349435;56.6;45.7
42;2021-07-13;3610;6290;436094;355725;57.0;46.5
42;2021-07-14;4479;2052;440573;357777;57.6;46.8
42;2021-07-15;4558;5626;445131;363403;58.2;47.5
42;2021-07-16;4442;6197;449573;369600;58.8;48.3
42;2021-07-17;3219;4707;452792;374307;59.2;48.9
42;2021-07-18;1838;1743;454630;376050;59.4;49.2
42;2021-07-19;3806;5073;458436;381123;59.9;49.8
42;2021-07-20;4719;4821;463155;385944;60.6;50.5
42;2021-07-21;5176;4718;468331;390662;61.2;51.1
42;2021-07-22;5501;3935;473832;394597;62.0;51.6
42;2021-07-23;5499;5118;479331;399715;62.7;52.3
42;2021-07-24;4037;3833;483368;403548;63.2;52.8
42;2021-07-25;1656;1389;485024;404937;63.4;53.0
42;2021-07-26;4731;4312;489755;409249;64.0;53.5
42;2021-07-27;5333;3955;495088;413204;64.7;54.0
42;2021-07-28;5782;3676;500870;416880;65.5;54.5
42;2021-07-29;5678;3432;506548;420312;66.2;55.0
42;2021-07-30;5140;3775;511688;424087;66.9;55.5
42;2021-07-31;4764;3057;516452;427144;67.5;55.9
42;2021-08-01;2498;1316;518950;428460;67.9;56.0
42;2021-08-02;4366;3106;523316;431566;68.4;56.4
42;2021-08-03;3826;3284;527142;434850;68.9;56.9
42;2021-08-04;3473;3222;530615;438072;69.4;57.3
42;2021-08-05;3402;3313;534017;441385;69.8;57.7
42;2021-08-06;3639;3994;537656;445379;70.3;58.2
42;2021-08-07;3022;3067;540678;448446;70.7;58.6
42;2021-08-08;1198;1717;541876;450163;70.9;58.9
42;2021-08-09;2810;3859;544686;454022;71.2;59.4
42;2021-08-10;3275;3909;547961;457931;71.7;59.9
42;2021-08-11;2593;3520;550554;461451;72.0;60.3
42;2021-08-12;2517;3569;553071;465020;72.3;60.8
42;2021-08-13;2333;3907;555404;468927;72.6;61.3
42;2021-08-14;1651;3269;557055;472196;72.8;61.7
42;2021-08-15;600;1027;557655;473223;72.9;61.9
42;2021-08-16;2077;4571;559732;477794;73.2;62.5
42;2021-08-17;2245;4174;561977;481968;73.5;63.0
42;2021-08-18;2052;4145;564029;486113;73.8;63.6
42;2021-08-19;1932;3369;565961;489482;74.0;64.0
42;2021-08-20;2271;4611;568232;494093;74.3;64.6
42;2021-08-21;1081;3865;569313;497958;74.4;65.1
42;2021-08-22;501;2020;569814;499978;74.5;65.4
42;2021-08-23;1625;4666;571439;504644;74.7;66.0
42;2021-08-24;1748;4043;573187;508687;75.0;66.5
42;2021-08-25;1748;3898;574935;512585;75.2;67.0
42;2021-08-26;1444;3047;576379;515632;75.4;67.4
42;2021-08-27;1775;4563;578154;520195;75.6;68.0
42;2021-08-28;1311;3707;579465;523902;75.8;68.5
42;2021-08-29;377;1428;579842;525330;75.8;68.7
42;2021-08-30;1282;3434;581124;528764;76.0;69.1
42;2021-08-31;1238;2858;582362;531622;76.2;69.5
42;2021-09-01;1248;3017;583610;534639;76.3;69.9
42;2021-09-02;1319;2934;584929;537573;76.5;70.3
42;2021-09-03;1567;3303;586496;540876;76.7;70.7
42;2021-09-04;1044;2984;587540;543860;76.8;71.1
42;2021-09-05;381;874;587921;544734;76.9;71.2
42;2021-09-06;762;2167;588683;546901;77.0;71.5
42;2021-09-07;821;1933;589504;548834;77.1;71.8
42;2021-09-08;915;2229;590419;551063;77.2;72.1
42;2021-09-09;650;1778;591069;552841;77.3;72.3
42;2021-09-10;922;2278;591991;555119;77.4;72.6
42;2021-09-11;719;2399;592710;557518;77.5;72.9
42;2021-09-12;163;553;592873;558071;77.5;73.0
42;2021-09-13;545;1619;593418;559690;77.6;73.2
42;2021-09-14;776;1977;594194;561667;77.7;73.4
42;2021-09-15;702;1567;594896;563234;77.8;73.7
42;2021-09-16;525;823;595421;564057;77.9;73.8
42;2021-09-17;732;1636;596153;565693;78.0;74.0
42;2021-09-18;575;1799;596728;567492;78.0;74.2
42;2021-09-19;99;366;596827;567858;78.0;74.3
42;2021-09-20;395;849;597222;568707;78.1;74.4
42;2021-09-21;340;735;597562;569442;78.1;74.5
42;2021-09-22;473;1381;598035;570823;78.2;74.6
42;2021-09-23;370;907;598405;571730;78.2;74.8
42;2021-09-24;471;1561;598876;573291;78.3;75.0
42;2021-09-25;384;1274;599260;574565;78.4;75.1
42;2021-09-26;61;289;599321;574854;78.4;75.2
42;2021-09-27;332;788;599653;575642;78.4;75.3
42;2021-09-28;332;701;599985;576343;78.5;75.4
43;2020-12-27;0;0;0;0;0.0;0.0
43;2020-12-28;0;0;0;0;0.0;0.0
43;2020-12-29;0;0;0;0;0.0;0.0
43;2020-12-30;0;0;0;0;0.0;0.0
43;2020-12-31;0;0;0;0;0.0;0.0
43;2021-01-01;0;0;0;0;0.0;0.0
43;2021-01-02;0;0;0;0;0.0;0.0
43;2021-01-03;0;0;0;0;0.0;0.0
43;2021-01-04;2;0;2;0;0.0;0.0
43;2021-01-05;0;0;2;0;0.0;0.0
43;2021-01-06;0;0;2;0;0.0;0.0
43;2021-01-07;167;0;169;0;0.1;0.0
43;2021-01-08;151;1;320;1;0.1;0.0
43;2021-01-09;0;0;320;1;0.1;0.0
43;2021-01-10;0;0;320;1;0.1;0.0
43;2021-01-11;137;0;457;1;0.2;0.0
43;2021-01-12;244;0;701;1;0.3;0.0
43;2021-01-13;244;2;945;3;0.4;0.0
43;2021-01-14;294;2;1239;5;0.5;0.0
43;2021-01-15;303;2;1542;7;0.7;0.0
43;2021-01-16;32;0;1574;7;0.7;0.0
43;2021-01-17;0;0;1574;7;0.7;0.0
43;2021-01-18;761;5;2335;12;1.0;0.0
43;2021-01-19;776;5;3111;17;1.4;0.0
43;2021-01-20;519;2;3630;19;1.6;0.0
43;2021-01-21;447;2;4077;21;1.8;0.0
43;2021-01-22;465;6;4542;27;2.0;0.0
43;2021-01-23;1;0;4543;27;2.0;0.0
43;2021-01-24;2;0;4545;27;2.0;0.0
43;2021-01-25;539;0;5084;27;2.2;0.0
43;2021-01-26;615;5;5699;32;2.5;0.0
43;2021-01-27;740;0;6439;32;2.8;0.0
43;2021-01-28;747;30;7186;62;3.2;0.0
43;2021-01-29;722;81;7908;143;3.5;0.1
43;2021-01-30;109;0;8017;143;3.5;0.1
43;2021-01-31;0;0;8017;143;3.5;0.1
43;2021-02-01;403;99;8420;242;3.7;0.1
43;2021-02-02;717;145;9137;387;4.0;0.2
43;2021-02-03;690;41;9827;428;4.3;0.2
43;2021-02-04;525;157;10352;585;4.6;0.3
43;2021-02-05;544;147;10896;732;4.8;0.3
43;2021-02-06;165;16;11061;748;4.9;0.3
43;2021-02-07;0;0;11061;748;4.9;0.3
43;2021-02-08;411;282;11472;1030;5.1;0.5
43;2021-02-09;368;414;11840;1444;5.2;0.6
43;2021-02-10;401;348;12241;1792;5.4;0.8
43;2021-02-11;388;312;12629;2104;5.6;0.9
43;2021-02-12;425;187;13054;2291;5.8;1.0
43;2021-02-13;570;41;13624;2332;6.0;1.0
43;2021-02-14;0;0;13624;2332;6.0;1.0
43;2021-02-15;69;385;13693;2717;6.0;1.2
43;2021-02-16;41;319;13734;3036;6.1;1.3
43;2021-02-17;87;426;13821;3462;6.1;1.5
43;2021-02-18;147;324;13968;3786;6.2;1.7
43;2021-02-19;278;459;14246;4245;6.3;1.9
43;2021-02-20;22;4;14268;4249;6.3;1.9
43;2021-02-21;0;0;14268;4249;6.3;1.9
43;2021-02-22;16;424;14284;4673;6.3;2.1
43;2021-02-23;202;709;14486;5382;6.4;2.4
43;2021-02-24;147;679;14633;6061;6.4;2.7
43;2021-02-25;228;618;14861;6679;6.5;2.9
43;2021-02-26;222;576;15083;7255;6.6;3.2
43;2021-02-27;138;60;15221;7315;6.7;3.2
43;2021-02-28;1;0;15222;7315;6.7;3.2
43;2021-03-01;210;438;15432;7753;6.8;3.4
43;2021-03-02;342;540;15774;8293;7.0;3.7
43;2021-03-03;338;548;16112;8841;7.1;3.9
43;2021-03-04;551;435;16663;9276;7.3;4.1
43;2021-03-05;566;426;17229;9702;7.6;4.3
43;2021-03-06;489;175;17718;9877;7.8;4.4
43;2021-03-07;12;0;17730;9877;7.8;4.4
43;2021-03-08;447;413;18177;10290;8.0;4.5
43;2021-03-09;621;350;18798;10640;8.3;4.7
43;2021-03-10;674;476;19472;11116;8.6;4.9
43;2021-03-11;953;428;20425;11544;9.0;5.1
43;2021-03-12;945;414;21370;11958;9.4;5.3
43;2021-03-13;792;108;22162;12066;9.8;5.3
43;2021-03-14;2;0;22164;12066;9.8;5.3
43;2021-03-15;706;143;22870;12209;10.1;5.4
43;2021-03-16;847;283;23717;12492;10.5;5.5
43;2021-03-17;638;138;24355;12630;10.7;5.6
43;2021-03-18;676;140;25031;12770;11.0;5.6
43;2021-03-19;839;91;25870;12861;11.4;5.7
43;2021-03-20;450;60;26320;12921;11.6;5.7
43;2021-03-21;0;0;26320;12921;11.6;5.7
43;2021-03-22;742;39;27062;12960;11.9;5.7
43;2021-03-23;872;49;27934;13009;12.3;5.7
43;2021-03-24;1174;95;29108;13104;12.8;5.8
43;2021-03-25;1594;158;30702;13262;13.5;5.8
43;2021-03-26;1609;192;32311;13454;14.2;5.9
43;2021-03-27;1449;79;33760;13533;14.9;6.0
43;2021-03-28;420;20;34180;13553;15.1;6.0
43;2021-03-29;1096;171;35276;13724;15.5;6.0
43;2021-03-30;1314;235;36590;13959;16.1;6.2
43;2021-03-31;1306;266;37896;14225;16.7;6.3
43;2021-04-01;1348;340;39244;14565;17.3;6.4
43;2021-04-02;1052;352;40296;14917;17.8;6.6
43;2021-04-03;340;198;40636;15115;17.9;6.7
43;2021-04-04;0;0;40636;15115;17.9;6.7
43;2021-04-05;3;0;40639;15115;17.9;6.7
43;2021-04-06;688;607;41327;15722;18.2;6.9
43;2021-04-07;868;575;42195;16297;18.6;7.2
43;2021-04-08;1086;463;43281;16760;19.1;7.4
43;2021-04-09;1147;663;44428;17423;19.6;7.7
43;2021-04-10;626;264;45054;17687;19.9;7.8
43;2021-04-11;0;0;45054;17687;19.9;7.8
43;2021-04-12;681;649;45735;18336;20.2;8.1
43;2021-04-13;917;726;46652;19062;20.6;8.4
43;2021-04-14;723;669;47375;19731;20.9;8.7
43;2021-04-15;959;701;48334;20432;21.3;9.0
43;2021-04-16;1008;694;49342;21126;21.7;9.3
43;2021-04-17;423;301;49765;21427;21.9;9.4
43;2021-04-18;3;5;49768;21432;21.9;9.4
43;2021-04-19;628;567;50396;21999;22.2;9.7
43;2021-04-20;839;675;51235;22674;22.6;10.0
43;2021-04-21;320;987;51555;23661;22.7;10.4
43;2021-04-22;680;1016;52235;24677;23.0;10.9
43;2021-04-23;401;1102;52636;25779;23.2;11.4
43;2021-04-24;347;1039;52983;26818;23.4;11.8
43;2021-04-25;23;403;53006;27221;23.4;12.0
43;2021-04-26;385;964;53391;28185;23.5;12.4
43;2021-04-27;825;984;54216;29169;23.9;12.9
43;2021-04-28;794;1108;55010;30277;24.2;13.3
43;2021-04-29;1237;1139;56247;31416;24.8;13.8
43;2021-04-30;1199;1067;57446;32483;25.3;14.3
43;2021-05-01;400;27;57846;32510;25.5;14.3
43;2021-05-02;1;0;57847;32510;25.5;14.3
43;2021-05-03;1218;408;59065;32918;26.0;14.5
43;2021-05-04;1237;956;60302;33874;26.6;14.9
43;2021-05-05;1143;848;61445;34722;27.1;15.3
43;2021-05-06;1405;938;62850;35660;27.7;15.7
43;2021-05-07;1089;1172;63939;36832;28.2;16.2
43;2021-05-08;521;136;64460;36968;28.4;16.3
43;2021-05-09;0;2;64460;36970;28.4;16.3
43;2021-05-10;1084;725;65544;37695;28.9;16.6
43;2021-05-11;1553;1010;67097;38705;29.6;17.1
43;2021-05-12;1482;808;68579;39513;30.2;17.4
43;2021-05-13;936;378;69515;39891;30.6;17.6
43;2021-05-14;2204;1110;71719;41001;31.6;18.1
43;2021-05-15;1271;315;72990;41316;32.2;18.2
43;2021-05-16;272;47;73262;41363;32.3;18.2
43;2021-05-17;1625;631;74887;41994;33.0;18.5
43;2021-05-18;1966;675;76853;42669;33.9;18.8
43;2021-05-19;2065;571;78918;43240;34.8;19.1
43;2021-05-20;2338;805;81256;44045;35.8;19.4
43;2021-05-21;2385;709;83641;44754;36.9;19.7
43;2021-05-22;1207;341;84848;45095;37.4;19.9
43;2021-05-23;1;0;84849;45095;37.4;19.9
43;2021-05-24;382;99;85231;45194;37.6;19.9
43;2021-05-25;1407;654;86638;45848;38.2;20.2
43;2021-05-26;1347;559;87985;46407;38.8;20.5
43;2021-05-27;1388;713;89373;47120;39.4;20.8
43;2021-05-28;1348;727;90721;47847;40.0;21.1
43;2021-05-29;1135;604;91856;48451;40.5;21.4
43;2021-05-30;149;17;92005;48468;40.5;21.4
43;2021-05-31;1207;442;93212;48910;41.1;21.6
43;2021-06-01;1280;985;94492;49895;41.6;22.0
43;2021-06-02;1086;700;95578;50595;42.1;22.3
43;2021-06-03;1192;856;96770;51451;42.6;22.7
43;2021-06-04;1351;858;98121;52309;43.2;23.1
43;2021-06-05;823;452;98944;52761;43.6;23.3
43;2021-06-06;10;5;98954;52766;43.6;23.3
43;2021-06-07;748;516;99702;53282;43.9;23.5
43;2021-06-08;664;706;100366;53988;44.2;23.8
43;2021-06-09;538;760;100904;54748;44.5;24.1
43;2021-06-10;807;1120;101711;55868;44.8;24.6
43;2021-06-11;761;1348;102472;57216;45.2;25.2
43;2021-06-12;914;514;103386;57730;45.6;25.4
43;2021-06-13;3;27;103389;57757;45.6;25.5
43;2021-06-14;446;1087;103835;58844;45.8;25.9
43;2021-06-15;629;1191;104464;60035;46.0;26.5
43;2021-06-16;549;974;105013;61009;46.3;26.9
43;2021-06-17;601;1500;105614;62509;46.5;27.5
43;2021-06-18;898;1464;106512;63973;46.9;28.2
43;2021-06-19;447;781;106959;64754;47.1;28.5
43;2021-06-20;0;12;106959;64766;47.1;28.5
43;2021-06-21;424;1306;107383;66072;47.3;29.1
43;2021-06-22;533;1958;107916;68030;47.6;30.0
43;2021-06-23;342;1743;108258;69773;47.7;30.8
43;2021-06-24;511;1492;108769;71265;47.9;31.4
43;2021-06-25;597;2345;109366;73610;48.2;32.4
43;2021-06-26;505;1245;109871;74855;48.4;33.0
43;2021-06-27;10;20;109881;74875;48.4;33.0
43;2021-06-28;341;1785;110222;76660;48.6;33.8
43;2021-06-29;525;2381;110747;79041;48.8;34.8
43;2021-06-30;460;2276;111207;81317;49.0;35.8
43;2021-07-01;473;1910;111680;83227;49.2;36.7
43;2021-07-02;500;1964;112180;85191;49.4;37.5
43;2021-07-03;258;1108;112438;86299;49.6;38.0
43;2021-07-04;1;0;112439;86299;49.6;38.0
43;2021-07-05;526;1202;112965;87501;49.8;38.6
43;2021-07-06;633;1680;113598;89181;50.1;39.3
43;2021-07-07;524;1423;114122;90604;50.3;39.9
43;2021-07-08;837;1417;114959;92021;50.7;40.6
43;2021-07-09;549;1500;115508;93521;50.9;41.2
43;2021-07-10;401;1337;115909;94858;51.1;41.8
43;2021-07-11;23;99;115932;94957;51.1;41.8
43;2021-07-12;604;1684;116536;96641;51.4;42.6
43;2021-07-13;1186;1849;117722;98490;51.9;43.4
43;2021-07-14;848;161;118570;98651;52.3;43.5
43;2021-07-15;1933;1840;120503;100491;53.1;44.3
43;2021-07-16;1752;1616;122255;102107;53.9;45.0
43;2021-07-17;1544;1202;123799;103309;54.6;45.5
43;2021-07-18;4;19;123803;103328;54.6;45.5
43;2021-07-19;1441;1257;125244;104585;55.2;46.1
43;2021-07-20;1895;1451;127139;106036;56.0;46.7
43;2021-07-21;1854;1112;128993;107148;56.8;47.2
43;2021-07-22;2110;1333;131103;108481;57.8;47.8
43;2021-07-23;1619;1325;132722;109806;58.5;48.4
43;2021-07-24;576;1000;133298;110806;58.7;48.8
43;2021-07-25;0;1;133298;110807;58.7;48.8
43;2021-07-26;1643;1071;134941;111878;59.5;49.3
43;2021-07-27;2284;1227;137225;113105;60.5;49.8
43;2021-07-28;1954;1093;139179;114198;61.3;50.3
43;2021-07-29;1986;1015;141165;115213;62.2;50.8
43;2021-07-30;1867;1336;143032;116549;63.0;51.4
43;2021-07-31;706;611;143738;117160;63.3;51.6
43;2021-08-01;13;21;143751;117181;63.4;51.6
43;2021-08-02;1535;968;145286;118149;64.0;52.1
43;2021-08-03;1405;1170;146691;119319;64.6;52.6
43;2021-08-04;1263;1108;147954;120427;65.2;53.1
43;2021-08-05;1254;1285;149208;121712;65.8;53.6
43;2021-08-06;1129;1464;150337;123176;66.3;54.3
43;2021-08-07;758;759;151095;123935;66.6;54.6
43;2021-08-08;5;0;151100;123935;66.6;54.6
43;2021-08-09;822;1636;151922;125571;67.0;55.3
43;2021-08-10;1023;1584;152945;127155;67.4;56.0
43;2021-08-11;680;1340;153625;128495;67.7;56.6
43;2021-08-12;875;1605;154500;130100;68.1;57.3
43;2021-08-13;681;1179;155181;131279;68.4;57.9
43;2021-08-14;364;556;155545;131835;68.6;58.1
43;2021-08-15;5;9;155550;131844;68.6;58.1
43;2021-08-16;685;1675;156235;133519;68.9;58.8
43;2021-08-17;711;1511;156946;135030;69.2;59.5
43;2021-08-18;558;1513;157504;136543;69.4;60.2
43;2021-08-19;641;1610;158145;138153;69.7;60.9
43;2021-08-20;518;1595;158663;139748;69.9;61.6
43;2021-08-21;239;555;158902;140303;70.0;61.8
43;2021-08-22;7;7;158909;140310;70.0;61.8
43;2021-08-23;500;1588;159409;141898;70.3;62.5
43;2021-08-24;517;1398;159926;143296;70.5;63.2
43;2021-08-25;521;1298;160447;144594;70.7;63.7
43;2021-08-26;475;1138;160922;145732;70.9;64.2
43;2021-08-27;529;1359;161451;147091;71.2;64.8
43;2021-08-28;176;499;161627;147590;71.2;65.0
43;2021-08-29;0;1;161627;147591;71.2;65.0
43;2021-08-30;483;1062;162110;148653;71.4;65.5
43;2021-08-31;382;890;162492;149543;71.6;65.9
43;2021-09-01;307;962;162799;150505;71.7;66.3
43;2021-09-02;308;969;163107;151474;71.9;66.8
43;2021-09-03;503;1017;163610;152491;72.1;67.2
43;2021-09-04;318;569;163928;153060;72.2;67.5
43;2021-09-05;39;24;163967;153084;72.3;67.5
43;2021-09-06;249;762;164216;153846;72.4;67.8
43;2021-09-07;237;715;164453;154561;72.5;68.1
43;2021-09-08;206;803;164659;155364;72.6;68.5
43;2021-09-09;268;810;164927;156174;72.7;68.8
43;2021-09-10;328;709;165255;156883;72.8;69.1
43;2021-09-11;265;456;165520;157339;72.9;69.3
43;2021-09-12;0;4;165520;157343;72.9;69.3
43;2021-09-13;147;517;165667;157860;73.0;69.6
43;2021-09-14;210;634;165877;158494;73.1;69.9
43;2021-09-15;221;497;166098;158991;73.2;70.1
43;2021-09-16;196;354;166294;159345;73.3;70.2
43;2021-09-17;234;530;166528;159875;73.4;70.5
43;2021-09-18;156;343;166684;160218;73.5;70.6
43;2021-09-19;2;4;166686;160222;73.5;70.6
43;2021-09-20;102;306;166788;160528;73.5;70.7
43;2021-09-21;149;321;166937;160849;73.6;70.9
43;2021-09-22;124;393;167061;161242;73.6;71.1
43;2021-09-23;71;292;167132;161534;73.7;71.2
43;2021-09-24;170;488;167302;162022;73.7;71.4
43;2021-09-25;102;295;167404;162317;73.8;71.5
43;2021-09-26;0;0;167404;162317;73.8;71.5
43;2021-09-27;149;340;167553;162657;73.8;71.7
43;2021-09-28;387;218;167940;162875;74.0;71.8
44;2020-12-27;1;0;1;0;0.0;0.0
44;2020-12-28;3;0;4;0;0.0;0.0
44;2020-12-29;1;0;5;0;0.0;0.0
44;2020-12-30;2;0;7;0;0.0;0.0
44;2020-12-31;1;0;8;0;0.0;0.0
44;2021-01-01;2;0;10;0;0.0;0.0
44;2021-01-02;0;0;10;0;0.0;0.0
44;2021-01-03;4;0;14;0;0.0;0.0
44;2021-01-04;0;0;14;0;0.0;0.0
44;2021-01-05;2;0;16;0;0.0;0.0
44;2021-01-06;20;1;36;1;0.0;0.0
44;2021-01-07;187;0;223;1;0.0;0.0
44;2021-01-08;528;0;751;1;0.1;0.0
44;2021-01-09;473;0;1224;1;0.1;0.0
44;2021-01-10;456;1;1680;2;0.1;0.0
44;2021-01-11;800;1;2480;3;0.2;0.0
44;2021-01-12;910;1;3390;4;0.2;0.0
44;2021-01-13;1086;1;4476;5;0.3;0.0
44;2021-01-14;1116;6;5592;11;0.4;0.0
44;2021-01-15;987;1;6579;12;0.5;0.0
44;2021-01-16;336;2;6915;14;0.5;0.0
44;2021-01-17;328;1;7243;15;0.5;0.0
44;2021-01-18;856;3;8099;18;0.6;0.0
44;2021-01-19;2622;6;10721;24;0.7;0.0
44;2021-01-20;2744;4;13465;28;0.9;0.0
44;2021-01-21;4536;8;18001;36;1.3;0.0
44;2021-01-22;2416;7;20417;43;1.4;0.0
44;2021-01-23;767;1;21184;44;1.5;0.0
44;2021-01-24;120;0;21304;44;1.5;0.0
44;2021-01-25;839;0;22143;44;1.5;0.0
44;2021-01-26;2563;16;24706;60;1.7;0.0
44;2021-01-27;2104;55;26810;115;1.9;0.0
44;2021-01-28;3732;187;30542;302;2.1;0.0
44;2021-01-29;2370;440;32912;742;2.3;0.1
44;2021-01-30;628;190;33540;932;2.3;0.1
44;2021-01-31;14;176;33554;1108;2.3;0.1
44;2021-02-01;594;501;34148;1609;2.4;0.1
44;2021-02-02;878;696;35026;2305;2.4;0.2
44;2021-02-03;889;814;35915;3119;2.5;0.2
44;2021-02-04;938;661;36853;3780;2.6;0.3
44;2021-02-05;897;561;37750;4341;2.6;0.3
44;2021-02-06;471;230;38221;4571;2.7;0.3
44;2021-02-07;72;174;38293;4745;2.7;0.3
44;2021-02-08;522;385;38815;5130;2.7;0.4
44;2021-02-09;993;1108;39808;6238;2.8;0.4
44;2021-02-10;1143;1143;40951;7381;2.8;0.5
44;2021-02-11;2291;2941;43242;10322;3.0;0.7
44;2021-02-12;1662;1649;44904;11971;3.1;0.8
44;2021-02-13;433;407;45337;12378;3.2;0.9
44;2021-02-14;10;158;45347;12536;3.2;0.9
44;2021-02-15;505;830;45852;13366;3.2;0.9
44;2021-02-16;1439;2148;47291;15514;3.3;1.1
44;2021-02-17;1106;1856;48397;17370;3.4;1.2
44;2021-02-18;1959;3278;50356;20648;3.5;1.4
44;2021-02-19;1580;2291;51936;22939;3.6;1.6
44;2021-02-20;409;489;52345;23428;3.6;1.6
44;2021-02-21;6;171;52351;23599;3.6;1.6
44;2021-02-22;717;682;53068;24281;3.7;1.7
44;2021-02-23;1246;898;54314;25179;3.8;1.8
44;2021-02-24;1238;897;55552;26076;3.9;1.8
44;2021-02-25;2445;819;57997;26895;4.0;1.9
44;2021-02-26;2291;777;60288;27672;4.2;1.9
44;2021-02-27;975;343;61263;28015;4.3;1.9
44;2021-02-28;7;31;61270;28046;4.3;2.0
44;2021-03-01;988;456;62258;28502;4.3;2.0
44;2021-03-02;1814;874;64072;29376;4.5;2.0
44;2021-03-03;1859;977;65931;30353;4.6;2.1
44;2021-03-04;2882;1391;68813;31744;4.8;2.2
44;2021-03-05;3481;1225;72294;32969;5.0;2.3
44;2021-03-06;2507;408;74801;33377;5.2;2.3
44;2021-03-07;988;87;75789;33464;5.3;2.3
44;2021-03-08;1783;524;77572;33988;5.4;2.4
44;2021-03-09;3352;1001;80924;34989;5.6;2.4
44;2021-03-10;3079;1018;84003;36007;5.8;2.5
44;2021-03-11;4438;1693;88441;37700;6.2;2.6
44;2021-03-12;5892;1278;94333;38978;6.6;2.7
44;2021-03-13;3629;281;97962;39259;6.8;2.7
44;2021-03-14;431;62;98393;39321;6.8;2.7
44;2021-03-15;2687;361;101080;39682;7.0;2.8
44;2021-03-16;2149;619;103229;40301;7.2;2.8
44;2021-03-17;1960;653;105189;40954;7.3;2.8
44;2021-03-18;2169;632;107358;41586;7.5;2.9
44;2021-03-19;3785;362;111143;41948;7.7;2.9
44;2021-03-20;3213;297;114356;42245;8.0;2.9
44;2021-03-21;914;19;115270;42264;8.0;2.9
44;2021-03-22;2462;438;117732;42702;8.2;3.0
44;2021-03-23;3960;700;121692;43402;8.5;3.0
44;2021-03-24;4303;627;125995;44029;8.8;3.1
44;2021-03-25;5636;920;131631;44949;9.2;3.1
44;2021-03-26;6511;752;138142;45701;9.6;3.2
44;2021-03-27;3216;401;141358;46102;9.8;3.2
44;2021-03-28;1244;27;142602;46129;9.9;3.2
44;2021-03-29;3121;785;145723;46914;10.1;3.3
44;2021-03-30;5138;1102;150861;48016;10.5;3.3
44;2021-03-31;4612;1296;155473;49312;10.8;3.4
44;2021-04-01;6140;1007;161613;50319;11.2;3.5
44;2021-04-02;5795;949;167408;51268;11.6;3.6
44;2021-04-03;2435;650;169843;51918;11.8;3.6
44;2021-04-04;667;21;170510;51939;11.9;3.6
44;2021-04-05;692;288;171202;52227;11.9;3.6
44;2021-04-06;4216;1371;175418;53598;12.2;3.7
44;2021-04-07;5075;1648;180493;55246;12.6;3.8
44;2021-04-08;7182;1668;187675;56914;13.1;4.0
44;2021-04-09;10065;1814;197740;58728;13.8;4.1
44;2021-04-10;4563;1454;202303;60182;14.1;4.2
44;2021-04-11;2148;424;204451;60606;14.2;4.2
44;2021-04-12;5464;1588;209915;62194;14.6;4.3
44;2021-04-13;6727;2256;216642;64450;15.1;4.5
44;2021-04-14;5912;2237;222554;66687;15.5;4.6
44;2021-04-15;6709;2206;229263;68893;16.0;4.8
44;2021-04-16;7785;2048;237048;70941;16.5;4.9
44;2021-04-17;4300;1382;241348;72323;16.8;5.0
44;2021-04-18;2253;819;243601;73142;17.0;5.1
44;2021-04-19;5042;1901;248643;75043;17.3;5.2
44;2021-04-20;6281;2642;254924;77685;17.7;5.4
44;2021-04-21;6006;2788;260930;80473;18.2;5.6
44;2021-04-22;6958;2508;267888;82981;18.6;5.8
44;2021-04-23;7335;3185;275223;86166;19.2;6.0
44;2021-04-24;3971;2045;279194;88211;19.4;6.1
44;2021-04-25;2076;1058;281270;89269;19.6;6.2
44;2021-04-26;5648;2750;286918;92019;20.0;6.4
44;2021-04-27;7415;4076;294333;96095;20.5;6.7
44;2021-04-28;7608;3773;301941;99868;21.0;6.9
44;2021-04-29;8965;4269;310906;104137;21.6;7.2
44;2021-04-30;9569;4680;320475;108817;22.3;7.6
44;2021-05-01;2849;919;323324;109736;22.5;7.6
44;2021-05-02;1903;618;325227;110354;22.6;7.7
44;2021-05-03;5547;4056;330774;114410;23.0;8.0
44;2021-05-04;6327;5112;337101;119522;23.5;8.3
44;2021-05-05;6071;4605;343172;124127;23.9;8.6
44;2021-05-06;7255;4871;350427;128998;24.4;9.0
44;2021-05-07;7450;5688;357877;134686;24.9;9.4
44;2021-05-08;2583;1262;360460;135948;25.1;9.5
44;2021-05-09;1801;1810;362261;137758;25.2;9.6
44;2021-05-10;6574;5765;368835;143523;25.7;10.0
44;2021-05-11;7787;6252;376622;149775;26.2;10.4
44;2021-05-12;8195;5705;384817;155480;26.8;10.8
44;2021-05-13;5304;1193;390121;156673;27.1;10.9
44;2021-05-14;7587;3968;397708;160641;27.7;11.2
44;2021-05-15;5008;2233;402716;162874;28.0;11.3
44;2021-05-16;2791;739;405507;163613;28.2;11.4
44;2021-05-17;6744;5138;412251;168751;28.7;11.7
44;2021-05-18;7962;5210;420213;173961;29.2;12.1
44;2021-05-19;8165;4270;428378;178231;29.8;12.4
44;2021-05-20;8367;4645;436745;182876;30.4;12.7
44;2021-05-21;8844;5189;445589;188065;31.0;13.1
44;2021-05-22;5097;2231;450686;190296;31.4;13.2
44;2021-05-23;1759;824;452445;191120;31.5;13.3
44;2021-05-24;4884;1616;457329;192736;31.8;13.4
44;2021-05-25;7740;5544;465069;198280;32.4;13.8
44;2021-05-26;8181;5041;473250;203321;32.9;14.1
44;2021-05-27;9659;5340;482909;208661;33.6;14.5
44;2021-05-28;9183;6890;492092;215551;34.2;15.0
44;2021-05-29;5884;3309;497976;218860;34.7;15.2
44;2021-05-30;1775;705;499751;219565;34.8;15.3
44;2021-05-31;8059;6169;507810;225734;35.3;15.7
44;2021-06-01;9906;6542;517716;232276;36.0;16.2
44;2021-06-02;9533;5681;527249;237957;36.7;16.6
44;2021-06-03;10852;5866;538101;243823;37.4;17.0
44;2021-06-04;9958;8067;548059;251890;38.1;17.5
44;2021-06-05;5780;4330;553839;256220;38.5;17.8
44;2021-06-06;2361;1130;556200;257350;38.7;17.9
44;2021-06-07;9548;6927;565748;264277;39.4;18.4
44;2021-06-08;10907;7501;576655;271778;40.1;18.9
44;2021-06-09;10552;6313;587207;278091;40.9;19.4
44;2021-06-10;11425;6036;598632;284127;41.7;19.8
44;2021-06-11;11958;8630;610590;292757;42.5;20.4
44;2021-06-12;7761;4094;618351;296851;43.0;20.7
44;2021-06-13;2792;1004;621143;297855;43.2;20.7
44;2021-06-14;8760;8412;629903;306267;43.8;21.3
44;2021-06-15;11704;8256;641607;314523;44.6;21.9
44;2021-06-16;10975;7657;652582;322180;45.4;22.4
44;2021-06-17;11725;8682;664307;330862;46.2;23.0
44;2021-06-18;10900;10113;675207;340975;47.0;23.7
44;2021-06-19;5883;4318;681090;345293;47.4;24.0
44;2021-06-20;2534;1338;683624;346631;47.6;24.1
44;2021-06-21;7349;10010;690973;356641;48.1;24.8
44;2021-06-22;8469;10623;699442;367264;48.7;25.6
44;2021-06-23;8554;9138;707996;376402;49.3;26.2
44;2021-06-24;9123;8562;717119;384964;49.9;26.8
44;2021-06-25;7643;10815;724762;395779;50.4;27.5
44;2021-06-26;2958;6464;727720;402243;50.6;28.0
44;2021-06-27;816;2403;728536;404646;50.7;28.2
44;2021-06-28;5229;10054;733765;414700;51.1;28.9
44;2021-06-29;6179;12081;739944;426781;51.5;29.7
44;2021-06-30;6183;10446;746127;437227;51.9;30.4
44;2021-07-01;6928;10474;753055;447701;52.4;31.2
44;2021-07-02;6693;12549;759748;460250;52.9;32.0
44;2021-07-03;2583;7002;762331;467252;53.0;32.5
44;2021-07-04;995;2235;763326;469487;53.1;32.7
44;2021-07-05;5315;11867;768641;481354;53.5;33.5
44;2021-07-06;6058;12599;774699;493953;53.9;34.4
44;2021-07-07;6512;11097;781211;505050;54.4;35.1
44;2021-07-08;7390;11952;788601;517002;54.9;36.0
44;2021-07-09;6260;14246;794861;531248;55.3;37.0
44;2021-07-10;2446;7007;797307;538255;55.5;37.5
44;2021-07-11;731;2262;798038;540517;55.5;37.6
44;2021-07-12;4395;14048;802433;554565;55.8;38.6
44;2021-07-13;5767;14844;808200;569409;56.2;39.6
44;2021-07-14;3688;5808;811888;575217;56.5;40.0
44;2021-07-15;7228;14280;819116;589497;57.0;41.0
44;2021-07-16;8233;14989;827349;604486;57.6;42.1
44;2021-07-17;3371;7576;830720;612062;57.8;42.6
44;2021-07-18;1433;2548;832153;614610;57.9;42.8
44;2021-07-19;4866;14695;837019;629305;58.2;43.8
44;2021-07-20;6033;15668;843052;644973;58.7;44.9
44;2021-07-21;5843;13985;848895;658958;59.1;45.9
44;2021-07-22;6724;13746;855619;672704;59.5;46.8
44;2021-07-23;6159;15623;861778;688327;60.0;47.9
44;2021-07-24;2854;8715;864632;697042;60.2;48.5
44;2021-07-25;945;3088;865577;700130;60.2;48.7
44;2021-07-26;6079;12679;871656;712809;60.7;49.6
44;2021-07-27;9710;12188;881366;724997;61.3;50.4
44;2021-07-28;9259;10842;890625;735839;62.0;51.2
44;2021-07-29;10285;10839;900910;746678;62.7;52.0
44;2021-07-30;9181;10924;910091;757602;63.3;52.7
44;2021-07-31;4786;5651;914877;763253;63.7;53.1
44;2021-08-01;2573;1409;917450;764662;63.8;53.2
44;2021-08-02;6625;9472;924075;774134;64.3;53.9
44;2021-08-03;8456;8536;932531;782670;64.9;54.5
44;2021-08-04;9123;6986;941654;789656;65.5;54.9
44;2021-08-05;11568;7520;953222;797176;66.3;55.5
44;2021-08-06;9689;8201;962911;805377;67.0;56.0
44;2021-08-07;4606;3702;967517;809079;67.3;56.3
44;2021-08-08;2538;1727;970055;810806;67.5;56.4
44;2021-08-09;8905;7979;978960;818785;68.1;57.0
44;2021-08-10;10270;7621;989230;826406;68.8;57.5
44;2021-08-11;10416;6786;999646;833192;69.6;58.0
44;2021-08-12;10416;7344;1010062;840536;70.3;58.5
44;2021-08-13;8452;6162;1018514;846698;70.9;58.9
44;2021-08-14;3233;3221;1021747;849919;71.1;59.1
44;2021-08-15;716;933;1022463;850852;71.1;59.2
44;2021-08-16;5850;8305;1028313;859157;71.6;59.8
44;2021-08-17;5606;8179;1033919;867336;71.9;60.4
44;2021-08-18;4817;7618;1038736;874954;72.3;60.9
44;2021-08-19;4970;8349;1043706;883303;72.6;61.5
44;2021-08-20;4497;8922;1048203;892225;72.9;62.1
44;2021-08-21;1960;4612;1050163;896837;73.1;62.4
44;2021-08-22;711;2441;1050874;899278;73.1;62.6
44;2021-08-23;3676;9431;1054550;908709;73.4;63.2
44;2021-08-24;3644;8698;1058194;917407;73.6;63.8
44;2021-08-25;3142;8586;1061336;925993;73.9;64.4
44;2021-08-26;2965;10340;1064301;936333;74.1;65.2
44;2021-08-27;3075;10451;1067376;946784;74.3;65.9
44;2021-08-28;1382;5848;1068758;952632;74.4;66.3
44;2021-08-29;565;2706;1069323;955338;74.4;66.5
44;2021-08-30;2665;10965;1071988;966303;74.6;67.2
44;2021-08-31;2819;11226;1074807;977529;74.8;68.0
44;2021-09-01;2683;9932;1077490;987461;75.0;68.7
44;2021-09-02;2252;8741;1079742;996202;75.1;69.3
44;2021-09-03;2127;10203;1081869;1006405;75.3;70.0
44;2021-09-04;1447;6025;1083316;1012430;75.4;70.4
44;2021-09-05;440;1434;1083756;1013864;75.4;70.5
44;2021-09-06;1618;6622;1085374;1020486;75.5;71.0
44;2021-09-07;1476;5775;1086850;1026261;75.6;71.4
44;2021-09-08;1884;6518;1088734;1032779;75.8;71.9
44;2021-09-09;1502;5152;1090236;1037931;75.9;72.2
44;2021-09-10;1823;6492;1092059;1044423;76.0;72.7
44;2021-09-11;1084;4163;1093143;1048586;76.1;73.0
44;2021-09-12;227;850;1093370;1049436;76.1;73.0
44;2021-09-13;1166;4388;1094536;1053824;76.2;73.3
44;2021-09-14;1116;4388;1095652;1058212;76.2;73.6
44;2021-09-15;1446;4488;1097098;1062700;76.3;73.9
44;2021-09-16;989;2380;1098087;1065080;76.4;74.1
44;2021-09-17;1256;3844;1099343;1068924;76.5;74.4
44;2021-09-18;777;3128;1100120;1072052;76.5;74.6
44;2021-09-19;214;702;1100334;1072754;76.6;74.6
44;2021-09-20;914;2206;1101248;1074960;76.6;74.8
44;2021-09-21;748;1867;1101996;1076827;76.7;74.9
44;2021-09-22;941;3547;1102937;1080374;76.7;75.2
44;2021-09-23;830;1929;1103767;1082303;76.8;75.3
44;2021-09-24;1099;2990;1104866;1085293;76.9;75.5
44;2021-09-25;488;2291;1105354;1087584;76.9;75.7
44;2021-09-26;178;483;1105532;1088067;76.9;75.7
44;2021-09-27;767;1782;1106299;1089849;77.0;75.8
44;2021-09-28;652;1675;1106951;1091524;77.0;76.0
45;2020-12-27;0;0;0;0;0.0;0.0
45;2020-12-28;1;0;1;0;0.0;0.0
45;2020-12-29;0;0;1;0;0.0;0.0
45;2020-12-30;0;0;1;0;0.0;0.0
45;2020-12-31;1;0;2;0;0.0;0.0
45;2021-01-01;0;0;2;0;0.0;0.0
45;2021-01-02;0;0;2;0;0.0;0.0
45;2021-01-03;0;0;2;0;0.0;0.0
45;2021-01-04;0;0;2;0;0.0;0.0
45;2021-01-05;76;0;78;0;0.0;0.0
45;2021-01-06;68;0;146;0;0.0;0.0
45;2021-01-07;213;0;359;0;0.1;0.0
45;2021-01-08;199;1;558;1;0.1;0.0
45;2021-01-09;42;0;600;1;0.1;0.0
45;2021-01-10;23;0;623;1;0.1;0.0
45;2021-01-11;254;0;877;1;0.1;0.0
45;2021-01-12;680;3;1557;4;0.2;0.0
45;2021-01-13;496;1;2053;5;0.3;0.0
45;2021-01-14;493;39;2546;44;0.4;0.0
45;2021-01-15;391;3;2937;47;0.4;0.0
45;2021-01-16;39;1;2976;48;0.4;0.0
45;2021-01-17;24;0;3000;48;0.4;0.0
45;2021-01-18;816;1;3816;49;0.6;0.0
45;2021-01-19;1197;5;5013;54;0.7;0.0
45;2021-01-20;2119;12;7132;66;1.0;0.0
45;2021-01-21;2521;6;9653;72;1.4;0.0
45;2021-01-22;1409;6;11062;78;1.6;0.0
45;2021-01-23;124;0;11186;78;1.6;0.0
45;2021-01-24;39;0;11225;78;1.6;0.0
45;2021-01-25;557;3;11782;81;1.7;0.0
45;2021-01-26;870;16;12652;97;1.9;0.0
45;2021-01-27;650;42;13302;139;1.9;0.0
45;2021-01-28;881;197;14183;336;2.1;0.0
45;2021-01-29;578;109;14761;445;2.2;0.1
45;2021-01-30;40;35;14801;480;2.2;0.1
45;2021-01-31;37;22;14838;502;2.2;0.1
45;2021-02-01;461;192;15299;694;2.2;0.1
45;2021-02-02;761;436;16060;1130;2.4;0.2
45;2021-02-03;773;443;16833;1573;2.5;0.2
45;2021-02-04;714;257;17547;1830;2.6;0.3
45;2021-02-05;418;149;17965;1979;2.6;0.3
45;2021-02-06;39;25;18004;2004;2.6;0.3
45;2021-02-07;7;24;18011;2028;2.6;0.3
45;2021-02-08;455;175;18466;2203;2.7;0.3
45;2021-02-09;1006;356;19472;2559;2.9;0.4
45;2021-02-10;1279;765;20751;3324;3.0;0.5
45;2021-02-11;1385;1440;22136;4764;3.2;0.7
45;2021-02-12;1052;1069;23188;5833;3.4;0.9
45;2021-02-13;85;148;23273;5981;3.4;0.9
45;2021-02-14;40;11;23313;5992;3.4;0.9
45;2021-02-15;524;451;23837;6443;3.5;0.9
45;2021-02-16;757;721;24594;7164;3.6;1.0
45;2021-02-17;642;803;25236;7967;3.7;1.2
45;2021-02-18;841;649;26077;8616;3.8;1.3
45;2021-02-19;827;635;26904;9251;3.9;1.4
45;2021-02-20;59;75;26963;9326;3.9;1.4
45;2021-02-21;17;33;26980;9359;4.0;1.4
45;2021-02-22;409;466;27389;9825;4.0;1.4
45;2021-02-23;816;575;28205;10400;4.1;1.5
45;2021-02-24;653;694;28858;11094;4.2;1.6
45;2021-02-25;963;587;29821;11681;4.4;1.7
45;2021-02-26;1043;519;30864;12200;4.5;1.8
45;2021-02-27;290;33;31154;12233;4.6;1.8
45;2021-02-28;28;2;31182;12235;4.6;1.8
45;2021-03-01;534;249;31716;12484;4.6;1.8
45;2021-03-02;669;569;32385;13053;4.7;1.9
45;2021-03-03;981;741;33366;13794;4.9;2.0
45;2021-03-04;1108;912;34474;14706;5.0;2.2
45;2021-03-05;1445;774;35919;15480;5.3;2.3
45;2021-03-06;2021;125;37940;15605;5.6;2.3
45;2021-03-07;143;53;38083;15658;5.6;2.3
45;2021-03-08;754;767;38837;16425;5.7;2.4
45;2021-03-09;1256;591;40093;17016;5.9;2.5
45;2021-03-10;1591;808;41684;17824;6.1;2.6
45;2021-03-11;1721;685;43405;18509;6.4;2.7
45;2021-03-12;2072;566;45477;19075;6.7;2.8
45;2021-03-13;988;44;46465;19119;6.8;2.8
45;2021-03-14;24;39;46489;19158;6.8;2.8
45;2021-03-15;810;572;47299;19730;6.9;2.9
45;2021-03-16;942;811;48241;20541;7.1;3.0
45;2021-03-17;1054;652;49295;21193;7.2;3.1
45;2021-03-18;997;572;50292;21765;7.4;3.2
45;2021-03-19;1619;418;51911;22183;7.6;3.2
45;2021-03-20;498;80;52409;22263;7.7;3.3
45;2021-03-21;20;35;52429;22298;7.7;3.3
45;2021-03-22;915;519;53344;22817;7.8;3.3
45;2021-03-23;1985;710;55329;23527;8.1;3.4
45;2021-03-24;1897;541;57226;24068;8.4;3.5
45;2021-03-25;2983;452;60209;24520;8.8;3.6
45;2021-03-26;3390;484;63599;25004;9.3;3.7
45;2021-03-27;1796;123;65395;25127;9.6;3.7
45;2021-03-28;89;40;65484;25167;9.6;3.7
45;2021-03-29;1531;538;67015;25705;9.8;3.8
45;2021-03-30;2785;777;69800;26482;10.2;3.9
45;2021-03-31;2135;577;71935;27059;10.5;4.0
45;2021-04-01;2967;565;74902;27624;11.0;4.0
45;2021-04-02;2827;513;77729;28137;11.4;4.1
45;2021-04-03;810;71;78539;28208;11.5;4.1
45;2021-04-04;113;33;78652;28241;11.5;4.1
45;2021-04-05;15;2;78667;28243;11.5;4.1
45;2021-04-06;1735;792;80402;29035;11.8;4.3
45;2021-04-07;1774;1112;82176;30147;12.0;4.4
45;2021-04-08;2772;1020;84948;31167;12.4;4.6
45;2021-04-09;3675;647;88623;31814;13.0;4.7
45;2021-04-10;2323;117;90946;31931;13.3;4.7
45;2021-04-11;153;24;91099;31955;13.3;4.7
45;2021-04-12;2606;670;93705;32625;13.7;4.8
45;2021-04-13;3848;1091;97553;33716;14.3;4.9
45;2021-04-14;2930;1219;100483;34935;14.7;5.1
45;2021-04-15;3518;1039;104001;35974;15.2;5.3
45;2021-04-16;3774;690;107775;36664;15.8;5.4
45;2021-04-17;1614;112;109389;36776;16.0;5.4
45;2021-04-18;200;42;109589;36818;16.0;5.4
45;2021-04-19;1938;941;111527;37759;16.3;5.5
45;2021-04-20;3074;1695;114601;39454;16.8;5.8
45;2021-04-21;2724;1304;117325;40758;17.2;6.0
45;2021-04-22;3420;1843;120745;42601;17.7;6.2
45;2021-04-23;3278;1784;124023;44385;18.2;6.5
45;2021-04-24;2023;867;126046;45252;18.5;6.6
45;2021-04-25;291;86;126337;45338;18.5;6.6
45;2021-04-26;2228;1163;128565;46501;18.8;6.8
45;2021-04-27;3351;2350;131916;48851;19.3;7.2
45;2021-04-28;2802;1937;134718;50788;19.7;7.4
45;2021-04-29;3854;2320;138572;53108;20.3;7.8
45;2021-04-30;4391;1801;142963;54909;20.9;8.0
45;2021-05-01;451;61;143414;54970;21.0;8.0
45;2021-05-02;627;122;144041;55092;21.1;8.1
45;2021-05-03;2821;992;146862;56084;21.5;8.2
45;2021-05-04;3157;2349;150019;58433;22.0;8.6
45;2021-05-05;2714;2161;152733;60594;22.4;8.9
45;2021-05-06;3330;2539;156063;63133;22.9;9.2
45;2021-05-07;2871;3183;158934;66316;23.3;9.7
45;2021-05-08;613;244;159547;66560;23.4;9.7
45;2021-05-09;1498;131;161045;66691;23.6;9.8
45;2021-05-10;4139;2968;165184;69659;24.2;10.2
45;2021-05-11;5030;2967;170214;72626;24.9;10.6
45;2021-05-12;6078;2772;176292;75398;25.8;11.0
45;2021-05-13;2449;598;178741;75996;26.2;11.1
45;2021-05-14;4965;1629;183706;77625;26.9;11.4
45;2021-05-15;4064;615;187770;78240;27.5;11.5
45;2021-05-16;289;33;188059;78273;27.5;11.5
45;2021-05-17;3359;1528;191418;79801;28.0;11.7
45;2021-05-18;5117;1681;196535;81482;28.8;11.9
45;2021-05-19;4494;2063;201029;83545;29.4;12.2
45;2021-05-20;5268;2137;206297;85682;30.2;12.5
45;2021-05-21;5140;2223;211437;87905;31.0;12.9
45;2021-05-22;3042;632;214479;88537;31.4;13.0
45;2021-05-23;15;94;214494;88631;31.4;13.0
45;2021-05-24;2826;215;217320;88846;31.8;13.0
45;2021-05-25;4962;3030;222282;91876;32.6;13.5
45;2021-05-26;5108;2337;227390;94213;33.3;13.8
45;2021-05-27;5306;3230;232696;97443;34.1;14.3
45;2021-05-28;5665;3590;238361;101033;34.9;14.8
45;2021-05-29;3671;1288;242032;102321;35.4;15.0
45;2021-05-30;33;182;242065;102503;35.4;15.0
45;2021-05-31;4331;2513;246396;105016;36.1;15.4
45;2021-06-01;6091;3003;252487;108019;37.0;15.8
45;2021-06-02;4938;3107;257425;111126;37.7;16.3
45;2021-06-03;5616;3199;263041;114325;38.5;16.7
45;2021-06-04;5895;3178;268936;117503;39.4;17.2
45;2021-06-05;2035;1332;270971;118835;39.7;17.4
45;2021-06-06;88;198;271059;119033;39.7;17.4
45;2021-06-07;4081;2722;275140;121755;40.3;17.8
45;2021-06-08;4646;4070;279786;125825;41.0;18.4
45;2021-06-09;4356;3343;284142;129168;41.6;18.9
45;2021-06-10;4647;2687;288789;131855;42.3;19.3
45;2021-06-11;4121;3661;292910;135516;42.9;19.8
45;2021-06-12;2440;1504;295350;137020;43.3;20.1
45;2021-06-13;21;424;295371;137444;43.3;20.1
45;2021-06-14;3142;4151;298513;141595;43.7;20.7
45;2021-06-15;3388;4323;301901;145918;44.2;21.4
45;2021-06-16;3904;3452;305805;149370;44.8;21.9
45;2021-06-17;3523;3538;309328;152908;45.3;22.4
45;2021-06-18;3799;5028;313127;157936;45.9;23.1
45;2021-06-19;2393;1761;315520;159697;46.2;23.4
45;2021-06-20;48;142;315568;159839;46.2;23.4
45;2021-06-21;2164;5851;317732;165690;46.5;24.3
45;2021-06-22;2417;6529;320149;172219;46.9;25.2
45;2021-06-23;2282;5598;322431;177817;47.2;26.0
45;2021-06-24;2136;3531;324567;181348;47.5;26.6
45;2021-06-25;2444;6446;327011;187794;47.9;27.5
45;2021-06-26;1947;3094;328958;190888;48.2;28.0
45;2021-06-27;53;138;329011;191026;48.2;28.0
45;2021-06-28;2081;4828;331092;195854;48.5;28.7
45;2021-06-29;2847;6816;333939;202670;48.9;29.7
45;2021-06-30;2886;5852;336825;208522;49.3;30.5
45;2021-07-01;2398;5038;339223;213560;49.7;31.3
45;2021-07-02;2372;6281;341595;219841;50.0;32.2
45;2021-07-03;754;2540;342349;222381;50.1;32.6
45;2021-07-04;6;12;342355;222393;50.1;32.6
45;2021-07-05;2139;4989;344494;227382;50.4;33.3
45;2021-07-06;2806;6777;347300;234159;50.9;34.3
45;2021-07-07;2447;6061;349747;240220;51.2;35.2
45;2021-07-08;2826;5377;352573;245597;51.6;36.0
45;2021-07-09;2146;6984;354719;252581;51.9;37.0
45;2021-07-10;1553;3862;356272;256443;52.2;37.6
45;2021-07-11;24;31;356296;256474;52.2;37.6
45;2021-07-12;1591;5997;357887;262471;52.4;38.4
45;2021-07-13;3042;8236;360929;270707;52.9;39.6
45;2021-07-14;1475;1519;362404;272226;53.1;39.9
45;2021-07-15;3733;7289;366137;279515;53.6;40.9
45;2021-07-16;3252;7445;369389;286960;54.1;42.0
45;2021-07-17;1285;2332;370674;289292;54.3;42.4
45;2021-07-18;15;19;370689;289311;54.3;42.4
45;2021-07-19;1869;5935;372558;295246;54.6;43.2
45;2021-07-20;4757;6900;377315;302146;55.3;44.2
45;2021-07-21;5175;5478;382490;307624;56.0;45.0
45;2021-07-22;6179;4904;388669;312528;56.9;45.8
45;2021-07-23;4259;5478;392928;318006;57.5;46.6
45;2021-07-24;1863;2824;394791;320830;57.8;47.0
45;2021-07-25;5;14;394796;320844;57.8;47.0
45;2021-07-26;2913;4983;397709;325827;58.2;47.7
45;2021-07-27;5464;5084;403173;330911;59.0;48.5
45;2021-07-28;4989;4180;408162;335091;59.8;49.1
45;2021-07-29;5279;3255;413441;338346;60.5;49.5
45;2021-07-30;4762;4708;418203;343054;61.2;50.2
45;2021-07-31;849;1950;419052;345004;61.4;50.5
45;2021-08-01;2;4;419054;345008;61.4;50.5
45;2021-08-02;3634;3245;422688;348253;61.9;51.0
45;2021-08-03;4877;3009;427565;351262;62.6;51.4
45;2021-08-04;3742;2234;431307;353496;63.2;51.8
45;2021-08-05;3324;2636;434631;356132;63.6;52.2
45;2021-08-06;3747;3269;438378;359401;64.2;52.6
45;2021-08-07;1679;1049;440057;360450;64.4;52.8
45;2021-08-08;9;18;440066;360468;64.4;52.8
45;2021-08-09;2627;3014;442693;363482;64.8;53.2
45;2021-08-10;3514;3806;446207;367288;65.3;53.8
45;2021-08-11;2702;3719;448909;371007;65.7;54.3
45;2021-08-12;2092;3430;451001;374437;66.0;54.8
45;2021-08-13;1745;4223;452746;378660;66.3;55.4
45;2021-08-14;682;956;453428;379616;66.4;55.6
45;2021-08-15;62;31;453490;379647;66.4;55.6
45;2021-08-16;1159;2319;454649;381966;66.6;55.9
45;2021-08-17;1859;3449;456508;385415;66.8;56.4
45;2021-08-18;1782;4049;458290;389464;67.1;57.0
45;2021-08-19;1446;4269;459736;393733;67.3;57.7
45;2021-08-20;1424;3681;461160;397414;67.5;58.2
45;2021-08-21;905;1154;462065;398568;67.7;58.4
45;2021-08-22;4;8;462069;398576;67.7;58.4
45;2021-08-23;1332;4245;463401;402821;67.9;59.0
45;2021-08-24;1736;4521;465137;407342;68.1;59.6
45;2021-08-25;1585;3725;466722;411067;68.3;60.2
45;2021-08-26;1010;3450;467732;414517;68.5;60.7
45;2021-08-27;1432;4981;469164;419498;68.7;61.4
45;2021-08-28;878;2030;470042;421528;68.8;61.7
45;2021-08-29;100;38;470142;421566;68.8;61.7
45;2021-08-30;1222;4119;471364;425685;69.0;62.3
45;2021-08-31;1076;4514;472440;430199;69.2;63.0
45;2021-09-01;1102;3549;473542;433748;69.3;63.5
45;2021-09-02;922;3355;474464;437103;69.5;64.0
45;2021-09-03;1089;3844;475553;440947;69.6;64.6
45;2021-09-04;495;1315;476048;442262;69.7;64.8
45;2021-09-05;1;16;476049;442278;69.7;64.8
45;2021-09-06;882;2823;476931;445101;69.8;65.2
45;2021-09-07;708;2231;477639;447332;69.9;65.5
45;2021-09-08;853;2621;478492;449953;70.1;65.9
45;2021-09-09;794;1681;479286;451634;70.2;66.1
45;2021-09-10;778;1879;480064;453513;70.3;66.4
45;2021-09-11;440;1606;480504;455119;70.4;66.6
45;2021-09-12;369;370;480873;455489;70.4;66.7
45;2021-09-13;435;1297;481308;456786;70.5;66.9
45;2021-09-14;753;2078;482061;458864;70.6;67.2
45;2021-09-15;797;1823;482858;460687;70.7;67.5
45;2021-09-16;803;960;483661;461647;70.8;67.6
45;2021-09-17;765;1655;484426;463302;70.9;67.8
45;2021-09-18;480;990;484906;464292;71.0;68.0
45;2021-09-19;2;29;484908;464321;71.0;68.0
45;2021-09-20;412;978;485320;465299;71.1;68.1
45;2021-09-21;449;748;485769;466047;71.1;68.2
45;2021-09-22;437;1701;486206;467748;71.2;68.5
45;2021-09-23;528;836;486734;468584;71.3;68.6
45;2021-09-24;577;1375;487311;469959;71.4;68.8
45;2021-09-25;350;781;487661;470740;71.4;68.9
45;2021-09-26;1;11;487662;470751;71.4;68.9
45;2021-09-27;435;756;488097;471507;71.5;69.0
45;2021-09-28;445;752;488542;472259;71.5;69.2
46;2020-12-27;4;0;4;0;0.0;0.0
46;2020-12-28;0;0;4;0;0.0;0.0
46;2020-12-29;0;0;4;0;0.0;0.0
46;2020-12-30;0;0;4;0;0.0;0.0
46;2020-12-31;0;0;4;0;0.0;0.0
46;2021-01-01;0;0;4;0;0.0;0.0
46;2021-01-02;0;0;4;0;0.0;0.0
46;2021-01-03;1;0;5;0;0.0;0.0
46;2021-01-04;0;0;5;0;0.0;0.0
46;2021-01-05;0;0;5;0;0.0;0.0
46;2021-01-06;3;0;8;0;0.0;0.0
46;2021-01-07;136;0;144;0;0.1;0.0
46;2021-01-08;181;0;325;0;0.2;0.0
46;2021-01-09;1;0;326;0;0.2;0.0
46;2021-01-10;2;0;328;0;0.2;0.0
46;2021-01-11;118;0;446;0;0.3;0.0
46;2021-01-12;140;0;586;0;0.3;0.0
46;2021-01-13;235;0;821;0;0.5;0.0
46;2021-01-14;243;2;1064;2;0.6;0.0
46;2021-01-15;306;2;1370;4;0.8;0.0
46;2021-01-16;18;0;1388;4;0.8;0.0
46;2021-01-17;0;0;1388;4;0.8;0.0
46;2021-01-18;276;2;1664;6;1.0;0.0
46;2021-01-19;390;0;2054;6;1.2;0.0
46;2021-01-20;939;2;2993;8;1.7;0.0
46;2021-01-21;997;0;3990;8;2.3;0.0
46;2021-01-22;391;2;4381;10;2.5;0.0
46;2021-01-23;0;0;4381;10;2.5;0.0
46;2021-01-24;0;0;4381;10;2.5;0.0
46;2021-01-25;204;1;4585;11;2.6;0.0
46;2021-01-26;264;1;4849;12;2.8;0.0
46;2021-01-27;276;0;5125;12;3.0;0.0
46;2021-01-28;278;43;5403;55;3.1;0.0
46;2021-01-29;233;61;5636;116;3.3;0.1
46;2021-01-30;1;0;5637;116;3.3;0.1
46;2021-01-31;1;0;5638;116;3.3;0.1
46;2021-02-01;234;141;5872;257;3.4;0.1
46;2021-02-02;210;201;6082;458;3.5;0.3
46;2021-02-03;227;90;6309;548;3.6;0.3
46;2021-02-04;372;73;6681;621;3.9;0.4
46;2021-02-05;226;153;6907;774;4.0;0.4
46;2021-02-06;9;0;6916;774;4.0;0.4
46;2021-02-07;43;0;6959;774;4.0;0.4
46;2021-02-08;197;125;7156;899;4.1;0.5
46;2021-02-09;271;202;7427;1101;4.3;0.6
46;2021-02-10;280;481;7707;1582;4.5;0.9
46;2021-02-11;655;509;8362;2091;4.8;1.2
46;2021-02-12;323;313;8685;2404;5.0;1.4
46;2021-02-13;2;0;8687;2404;5.0;1.4
46;2021-02-14;0;62;8687;2466;5.0;1.4
46;2021-02-15;195;223;8882;2689;5.1;1.6
46;2021-02-16;217;214;9099;2903;5.3;1.7
46;2021-02-17;201;276;9300;3179;5.4;1.8
46;2021-02-18;337;227;9637;3406;5.6;2.0
46;2021-02-19;277;199;9914;3605;5.7;2.1
46;2021-02-20;0;0;9914;3605;5.7;2.1
46;2021-02-21;1;0;9915;3605;5.7;2.1
46;2021-02-22;131;156;10046;3761;5.8;2.2
46;2021-02-23;225;130;10271;3891;5.9;2.2
46;2021-02-24;179;262;10450;4153;6.0;2.4
46;2021-02-25;247;288;10697;4441;6.2;2.6
46;2021-02-26;403;313;11100;4754;6.4;2.7
46;2021-02-27;120;1;11220;4755;6.5;2.7
46;2021-02-28;0;3;11220;4758;6.5;2.7
46;2021-03-01;169;157;11389;4915;6.6;2.8
46;2021-03-02;406;198;11795;5113;6.8;3.0
46;2021-03-03;458;309;12253;5422;7.1;3.1
46;2021-03-04;607;412;12860;5834;7.4;3.4
46;2021-03-05;808;335;13668;6169;7.9;3.6
46;2021-03-06;476;15;14144;6184;8.2;3.6
46;2021-03-07;101;19;14245;6203;8.2;3.6
46;2021-03-08;348;223;14593;6426;8.4;3.7
46;2021-03-09;746;255;15339;6681;8.9;3.9
46;2021-03-10;686;234;16025;6915;9.3;4.0
46;2021-03-11;851;247;16876;7162;9.7;4.1
46;2021-03-12;926;205;17802;7367;10.3;4.3
46;2021-03-13;512;3;18314;7370;10.6;4.3
46;2021-03-14;0;0;18314;7370;10.6;4.3
46;2021-03-15;505;153;18819;7523;10.9;4.3
46;2021-03-16;752;165;19571;7688;11.3;4.4
46;2021-03-17;674;188;20245;7876;11.7;4.5
46;2021-03-18;758;204;21003;8080;12.1;4.7
46;2021-03-19;811;145;21814;8225;12.6;4.7
46;2021-03-20;294;4;22108;8229;12.8;4.8
46;2021-03-21;2;0;22110;8229;12.8;4.8
46;2021-03-22;555;238;22665;8467;13.1;4.9
46;2021-03-23;702;209;23367;8676;13.5;5.0
46;2021-03-24;673;237;24040;8913;13.9;5.1
46;2021-03-25;1135;177;25175;9090;14.5;5.2
46;2021-03-26;1025;338;26200;9428;15.1;5.4
46;2021-03-27;420;50;26620;9478;15.4;5.5
46;2021-03-28;127;1;26747;9479;15.4;5.5
46;2021-03-29;733;251;27480;9730;15.9;5.6
46;2021-03-30;767;364;28247;10094;16.3;5.8
46;2021-03-31;865;415;29112;10509;16.8;6.1
46;2021-04-01;1171;345;30283;10854;17.5;6.3
46;2021-04-02;922;393;31205;11247;18.0;6.5
46;2021-04-03;167;165;31372;11412;18.1;6.6
46;2021-04-04;0;71;31372;11483;18.1;6.6
46;2021-04-05;3;0;31375;11483;18.1;6.6
46;2021-04-06;544;517;31919;12000;18.4;6.9
46;2021-04-07;784;644;32703;12644;18.9;7.3
46;2021-04-08;962;540;33665;13184;19.4;7.6
46;2021-04-09;1018;506;34683;13690;20.0;7.9
46;2021-04-10;506;208;35189;13898;20.3;8.0
46;2021-04-11;232;1;35421;13899;20.5;8.0
46;2021-04-12;845;546;36266;14445;20.9;8.3
46;2021-04-13;1187;718;37453;15163;21.6;8.8
46;2021-04-14;1533;612;38986;15775;22.5;9.1
46;2021-04-15;1504;661;40490;16436;23.4;9.5
46;2021-04-16;1584;567;42074;17003;24.3;9.8
46;2021-04-17;994;136;43068;17139;24.9;9.9
46;2021-04-18;517;9;43585;17148;25.2;9.9
46;2021-04-19;1070;570;44655;17718;25.8;10.2
46;2021-04-20;1229;730;45884;18448;26.5;10.7
46;2021-04-21;1230;711;47114;19159;27.2;11.1
46;2021-04-22;1391;726;48505;19885;28.0;11.5
46;2021-04-23;1132;732;49637;20617;28.7;11.9
46;2021-04-24;472;19;50109;20636;28.9;11.9
46;2021-04-25;351;11;50460;20647;29.1;11.9
46;2021-04-26;852;730;51312;21377;29.6;12.3
46;2021-04-27;1221;665;52533;22042;30.3;12.7
46;2021-04-28;1289;667;53822;22709;31.1;13.1
46;2021-04-29;1417;524;55239;23233;31.9;13.4
46;2021-04-30;1438;566;56677;23799;32.7;13.7
46;2021-05-01;697;73;57374;23872;33.1;13.8
46;2021-05-02;346;4;57720;23876;33.3;13.8
46;2021-05-03;853;568;58573;24444;33.8;14.1
46;2021-05-04;1037;1061;59610;25505;34.4;14.7
46;2021-05-05;1374;787;60984;26292;35.2;15.2
46;2021-05-06;1377;741;62361;27033;36.0;15.6
46;2021-05-07;1396;792;63757;27825;36.8;16.1
46;2021-05-08;280;409;64037;28234;37.0;16.3
46;2021-05-09;23;225;64060;28459;37.0;16.4
46;2021-05-10;516;1136;64576;29595;37.3;17.1
46;2021-05-11;1031;1254;65607;30849;37.9;17.8
46;2021-05-12;993;1556;66600;32405;38.5;18.7
46;2021-05-13;599;144;67199;32549;38.8;18.8
46;2021-05-14;958;1097;68157;33646;39.4;19.4
46;2021-05-15;254;654;68411;34300;39.5;19.8
46;2021-05-16;77;297;68488;34597;39.6;20.0
46;2021-05-17;652;960;69140;35557;39.9;20.5
46;2021-05-18;1402;1024;70542;36581;40.7;21.1
46;2021-05-19;1305;904;71847;37485;41.5;21.6
46;2021-05-20;1453;810;73300;38295;42.3;22.1
46;2021-05-21;997;1158;74297;39453;42.9;22.8
46;2021-05-22;146;367;74443;39820;43.0;23.0
46;2021-05-23;451;25;74894;39845;43.2;23.0
46;2021-05-24;411;113;75305;39958;43.5;23.1
46;2021-05-25;961;1333;76266;41291;44.0;23.8
46;2021-05-26;1237;1149;77503;42440;44.8;24.5
46;2021-05-27;1432;1192;78935;43632;45.6;25.2
46;2021-05-28;1428;1208;80363;44840;46.4;25.9
46;2021-05-29;1049;397;81412;45237;47.0;26.1
46;2021-05-30;409;39;81821;45276;47.3;26.1
46;2021-05-31;968;976;82789;46252;47.8;26.7
46;2021-06-01;1277;996;84066;47248;48.5;27.3
46;2021-06-02;1320;1116;85386;48364;49.3;27.9
46;2021-06-03;1415;1011;86801;49375;50.1;28.5
46;2021-06-04;1329;977;88130;50352;50.9;29.1
46;2021-06-05;381;414;88511;50766;51.1;29.3
46;2021-06-06;209;96;88720;50862;51.2;29.4
46;2021-06-07;814;616;89534;51478;51.7;29.7
46;2021-06-08;1020;895;90554;52373;52.3;30.2
46;2021-06-09;1503;974;92057;53347;53.2;30.8
46;2021-06-10;981;850;93038;54197;53.7;31.3
46;2021-06-11;969;1321;94007;55518;54.3;32.1
46;2021-06-12;459;545;94466;56063;54.6;32.4
46;2021-06-13;27;86;94493;56149;54.6;32.4
46;2021-06-14;593;1138;95086;57287;54.9;33.1
46;2021-06-15;751;1245;95837;58532;55.3;33.8
46;2021-06-16;1001;1113;96838;59645;55.9;34.4
46;2021-06-17;527;895;97365;60540;56.2;35.0
46;2021-06-18;657;1254;98022;61794;56.6;35.7
46;2021-06-19;457;313;98479;62107;56.9;35.9
46;2021-06-20;39;161;98518;62268;56.9;36.0
46;2021-06-21;429;946;98947;63214;57.1;36.5
46;2021-06-22;350;1177;99297;64391;57.3;37.2
46;2021-06-23;519;1074;99816;65465;57.6;37.8
46;2021-06-24;251;820;100067;66285;57.8;38.3
46;2021-06-25;491;1118;100558;67403;58.1;38.9
46;2021-06-26;398;553;100956;67956;58.3;39.2
46;2021-06-27;3;4;100959;67960;58.3;39.2
46;2021-06-28;315;1340;101274;69300;58.5;40.0
46;2021-06-29;375;1680;101649;70980;58.7;41.0
46;2021-06-30;510;1577;102159;72557;59.0;41.9
46;2021-07-01;487;1153;102646;73710;59.3;42.6
46;2021-07-02;455;1087;103101;74797;59.5;43.2
46;2021-07-03;120;454;103221;75251;59.6;43.5
46;2021-07-04;57;127;103278;75378;59.6;43.5
46;2021-07-05;347;1186;103625;76564;59.8;44.2
46;2021-07-06;449;1457;104074;78021;60.1;45.1
46;2021-07-07;581;1726;104655;79747;60.4;46.1
46;2021-07-08;340;1164;104995;80911;60.6;46.7
46;2021-07-09;395;1706;105390;82617;60.9;47.7
46;2021-07-10;285;1039;105675;83656;61.0;48.3
46;2021-07-11;15;375;105690;84031;61.0;48.5
46;2021-07-12;248;1259;105938;85290;61.2;49.3
46;2021-07-13;626;1671;106564;86961;61.5;50.2
46;2021-07-14;73;144;106637;87105;61.6;50.3
46;2021-07-15;917;1464;107554;88569;62.1;51.1
46;2021-07-16;766;1394;108320;89963;62.6;52.0
46;2021-07-17;364;539;108684;90502;62.8;52.3
46;2021-07-18;2;0;108686;90502;62.8;52.3
46;2021-07-19;729;1188;109415;91690;63.2;52.9
46;2021-07-20;983;1438;110398;93128;63.8;53.8
46;2021-07-21;1001;1378;111399;94506;64.3;54.6
46;2021-07-22;1404;1118;112803;95624;65.1;55.2
46;2021-07-23;768;1322;113571;96946;65.6;56.0
46;2021-07-24;956;662;114527;97608;66.1;56.4
46;2021-07-25;136;17;114663;97625;66.2;56.4
46;2021-07-26;881;879;115544;98504;66.7;56.9
46;2021-07-27;1220;978;116764;99482;67.4;57.4
46;2021-07-28;1284;1114;118048;100596;68.2;58.1
46;2021-07-29;1580;849;119628;101445;69.1;58.6
46;2021-07-30;1931;956;121559;102401;70.2;59.1
46;2021-07-31;958;661;122517;103062;70.8;59.5
46;2021-08-01;12;3;122529;103065;70.8;59.5
46;2021-08-02;974;591;123503;103656;71.3;59.9
46;2021-08-03;1365;679;124868;104335;72.1;60.3
46;2021-08-04;1735;586;126603;104921;73.1;60.6
46;2021-08-05;1382;842;127985;105763;73.9;61.1
46;2021-08-06;1422;847;129407;106610;74.7;61.6
46;2021-08-07;707;543;130114;107153;75.1;61.9
46;2021-08-08;152;66;130266;107219;75.2;61.9
46;2021-08-09;1016;694;131282;107913;75.8;62.3
46;2021-08-10;1206;892;132488;108805;76.5;62.8
46;2021-08-11;1260;1064;133748;109869;77.2;63.4
46;2021-08-12;990;800;134738;110669;77.8;63.9
46;2021-08-13;953;1005;135691;111674;78.4;64.5
46;2021-08-14;588;774;136279;112448;78.7;64.9
46;2021-08-15;8;27;136287;112475;78.7;65.0
46;2021-08-16;795;810;137082;113285;79.2;65.4
46;2021-08-17;889;1288;137971;114573;79.7;66.2
46;2021-08-18;769;1051;138740;115624;80.1;66.8
46;2021-08-19;672;1363;139412;116987;80.5;67.6
46;2021-08-20;520;1557;139932;118544;80.8;68.5
46;2021-08-21;378;649;140310;119193;81.0;68.8
46;2021-08-22;2;31;140312;119224;81.0;68.8
46;2021-08-23;424;1203;140736;120427;81.3;69.5
46;2021-08-24;554;1338;141290;121765;81.6;70.3
46;2021-08-25;530;1398;141820;123163;81.9;71.1
46;2021-08-26;392;1095;142212;124258;82.1;71.8
46;2021-08-27;435;1912;142647;126170;82.4;72.9
46;2021-08-28;271;652;142918;126822;82.5;73.2
46;2021-08-29;5;11;142923;126833;82.5;73.2
46;2021-08-30;294;1133;143217;127966;82.7;73.9
46;2021-08-31;340;1278;143557;129244;82.9;74.6
46;2021-09-01;393;1147;143950;130391;83.1;75.3
46;2021-09-02;271;1024;144221;131415;83.3;75.9
46;2021-09-03;321;1293;144542;132708;83.5;76.6
46;2021-09-04;188;664;144730;133372;83.6;77.0
46;2021-09-05;8;16;144738;133388;83.6;77.0
46;2021-09-06;218;756;144956;134144;83.7;77.5
46;2021-09-07;252;817;145208;134961;83.9;77.9
46;2021-09-08;277;893;145485;135854;84.0;78.5
46;2021-09-09;198;640;145683;136494;84.1;78.8
46;2021-09-10;277;1025;145960;137519;84.3;79.4
46;2021-09-11;149;388;146109;137907;84.4;79.6
46;2021-09-12;8;23;146117;137930;84.4;79.7
46;2021-09-13;178;694;146295;138624;84.5;80.1
46;2021-09-14;264;735;146559;139359;84.6;80.5
46;2021-09-15;257;676;146816;140035;84.8;80.9
46;2021-09-16;132;265;146948;140300;84.9;81.0
46;2021-09-17;232;554;147180;140854;85.0;81.3
46;2021-09-18;102;364;147282;141218;85.1;81.6
46;2021-09-19;3;9;147285;141227;85.1;81.6
46;2021-09-20;69;350;147354;141577;85.1;81.8
46;2021-09-21;70;237;147424;141814;85.1;81.9
46;2021-09-22;128;482;147552;142296;85.2;82.2
46;2021-09-23;82;225;147634;142521;85.3;82.3
46;2021-09-24;76;400;147710;142921;85.3;82.5
46;2021-09-25;69;221;147779;143142;85.3;82.7
46;2021-09-26;3;8;147782;143150;85.3;82.7
46;2021-09-27;75;229;147857;143379;85.4;82.8
46;2021-09-28;48;225;147905;143604;85.4;82.9
47;2020-12-27;0;0;0;0;0.0;0.0
47;2020-12-28;0;0;0;0;0.0;0.0
47;2020-12-29;0;0;0;0;0.0;0.0
47;2020-12-30;0;0;0;0;0.0;0.0
47;2020-12-31;0;0;0;0;0.0;0.0
47;2021-01-01;4;0;4;0;0.0;0.0
47;2021-01-02;0;0;4;0;0.0;0.0
47;2021-01-03;0;0;4;0;0.0;0.0
47;2021-01-04;0;0;4;0;0.0;0.0
47;2021-01-05;1;0;5;0;0.0;0.0
47;2021-01-06;0;0;5;0;0.0;0.0
47;2021-01-07;71;0;76;0;0.0;0.0
47;2021-01-08;314;0;390;0;0.1;0.0
47;2021-01-09;113;0;503;0;0.2;0.0
47;2021-01-10;0;0;503;0;0.2;0.0
47;2021-01-11;249;1;752;1;0.2;0.0
47;2021-01-12;327;0;1079;1;0.3;0.0
47;2021-01-13;349;0;1428;1;0.4;0.0
47;2021-01-14;363;4;1791;5;0.5;0.0
47;2021-01-15;287;1;2078;6;0.6;0.0
47;2021-01-16;176;3;2254;9;0.7;0.0
47;2021-01-17;0;0;2254;9;0.7;0.0
47;2021-01-18;486;1;2740;10;0.8;0.0
47;2021-01-19;469;2;3209;12;1.0;0.0
47;2021-01-20;516;0;3725;12;1.1;0.0
47;2021-01-21;585;1;4310;13;1.3;0.0
47;2021-01-22;470;0;4780;13;1.4;0.0
47;2021-01-23;390;0;5170;13;1.6;0.0
47;2021-01-24;0;0;5170;13;1.6;0.0
47;2021-01-25;434;0;5604;13;1.7;0.0
47;2021-01-26;792;4;6396;17;1.9;0.0
47;2021-01-27;731;0;7127;17;2.2;0.0
47;2021-01-28;574;60;7701;77;2.3;0.0
47;2021-01-29;461;161;8162;238;2.5;0.1
47;2021-01-30;301;37;8463;275;2.6;0.1
47;2021-01-31;0;0;8463;275;2.6;0.1
47;2021-02-01;372;113;8835;388;2.7;0.1
47;2021-02-02;759;308;9594;696;2.9;0.2
47;2021-02-03;425;149;10019;845;3.0;0.3
47;2021-02-04;370;303;10389;1148;3.1;0.3
47;2021-02-05;300;302;10689;1450;3.2;0.4
47;2021-02-06;297;84;10986;1534;3.3;0.5
47;2021-02-07;0;0;10986;1534;3.3;0.5
47;2021-02-08;183;201;11169;1735;3.4;0.5
47;2021-02-09;231;199;11400;1934;3.5;0.6
47;2021-02-10;254;199;11654;2133;3.5;0.6
47;2021-02-11;356;319;12010;2452;3.6;0.7
47;2021-02-12;243;373;12253;2825;3.7;0.9
47;2021-02-13;226;89;12479;2914;3.8;0.9
47;2021-02-14;0;0;12479;2914;3.8;0.9
47;2021-02-15;194;312;12673;3226;3.8;1.0
47;2021-02-16;303;524;12976;3750;3.9;1.1
47;2021-02-17;326;385;13302;4135;4.0;1.3
47;2021-02-18;201;483;13503;4618;4.1;1.4
47;2021-02-19;193;307;13696;4925;4.1;1.5
47;2021-02-20;117;216;13813;5141;4.2;1.6
47;2021-02-21;0;0;13813;5141;4.2;1.6
47;2021-02-22;75;323;13888;5464;4.2;1.7
47;2021-02-23;149;541;14037;6005;4.2;1.8
47;2021-02-24;261;492;14298;6497;4.3;2.0
47;2021-02-25;304;361;14602;6858;4.4;2.1
47;2021-02-26;467;288;15069;7146;4.6;2.2
47;2021-02-27;324;175;15393;7321;4.7;2.2
47;2021-02-28;0;0;15393;7321;4.7;2.2
47;2021-03-01;124;364;15517;7685;4.7;2.3
47;2021-03-02;199;322;15716;8007;4.8;2.4
47;2021-03-03;244;303;15960;8310;4.8;2.5
47;2021-03-04;592;297;16552;8607;5.0;2.6
47;2021-03-05;844;255;17396;8862;5.3;2.7
47;2021-03-06;505;168;17901;9030;5.4;2.7
47;2021-03-07;331;6;18232;9036;5.5;2.7
47;2021-03-08;458;200;18690;9236;5.7;2.8
47;2021-03-09;508;454;19198;9690;5.8;2.9
47;2021-03-10;666;281;19864;9971;6.0;3.0
47;2021-03-11;940;359;20804;10330;6.3;3.1
47;2021-03-12;1373;267;22177;10597;6.7;3.2
47;2021-03-13;950;108;23127;10705;7.0;3.2
47;2021-03-14;51;0;23178;10705;7.0;3.2
47;2021-03-15;593;151;23771;10856;7.2;3.3
47;2021-03-16;750;158;24521;11014;7.4;3.3
47;2021-03-17;861;202;25382;11216;7.7;3.4
47;2021-03-18;917;174;26299;11390;8.0;3.4
47;2021-03-19;1272;128;27571;11518;8.3;3.5
47;2021-03-20;1088;59;28659;11577;8.7;3.5
47;2021-03-21;344;1;29003;11578;8.8;3.5
47;2021-03-22;1010;94;30013;11672;9.1;3.5
47;2021-03-23;1146;144;31159;11816;9.4;3.6
47;2021-03-24;1214;128;32373;11944;9.8;3.6
47;2021-03-25;1567;150;33940;12094;10.3;3.7
47;2021-03-26;1882;198;35822;12292;10.8;3.7
47;2021-03-27;980;130;36802;12422;11.1;3.8
47;2021-03-28;699;5;37501;12427;11.4;3.8
47;2021-03-29;1511;79;39012;12506;11.8;3.8
47;2021-03-30;1645;127;40657;12633;12.3;3.8
47;2021-03-31;1605;152;42262;12785;12.8;3.9
47;2021-04-01;1682;269;43944;13054;13.3;4.0
47;2021-04-02;1932;452;45876;13506;13.9;4.1
47;2021-04-03;1202;182;47078;13688;14.3;4.1
47;2021-04-04;475;13;47553;13701;14.4;4.1
47;2021-04-05;1297;59;48850;13760;14.8;4.2
47;2021-04-06;1386;387;50236;14147;15.2;4.3
47;2021-04-07;1697;592;51933;14739;15.7;4.5
47;2021-04-08;1834;469;53767;15208;16.3;4.6
47;2021-04-09;2084;542;55851;15750;16.9;4.8
47;2021-04-10;1565;324;57416;16074;17.4;4.9
47;2021-04-11;530;9;57946;16083;17.5;4.9
47;2021-04-12;1438;614;59384;16697;18.0;5.1
47;2021-04-13;1813;763;61197;17460;18.5;5.3
47;2021-04-14;1749;720;62946;18180;19.1;5.5
47;2021-04-15;2012;844;64958;19024;19.7;5.8
47;2021-04-16;1768;890;66726;19914;20.2;6.0
47;2021-04-17;1471;969;68197;20883;20.6;6.3
47;2021-04-18;23;0;68220;20883;20.7;6.3
47;2021-04-19;1331;931;69551;21814;21.1;6.6
47;2021-04-20;1626;910;71177;22724;21.5;6.9
47;2021-04-21;1623;774;72800;23498;22.0;7.1
47;2021-04-22;1869;1056;74669;24554;22.6;7.4
47;2021-04-23;1729;1075;76398;25629;23.1;7.8
47;2021-04-24;1549;803;77947;26432;23.6;8.0
47;2021-04-25;242;344;78189;26776;23.7;8.1
47;2021-04-26;1490;1359;79679;28135;24.1;8.5
47;2021-04-27;1922;1466;81601;29601;24.7;9.0
47;2021-04-28;2090;1589;83691;31190;25.3;9.4
47;2021-04-29;2532;1503;86223;32693;26.1;9.9
47;2021-04-30;2044;1778;88267;34471;26.7;10.4
47;2021-05-01;2263;984;90530;35455;27.4;10.7
47;2021-05-02;21;357;90551;35812;27.4;10.8
47;2021-05-03;1596;1418;92147;37230;27.9;11.3
47;2021-05-04;1645;1729;93792;38959;28.4;11.8
47;2021-05-05;1926;1639;95718;40598;29.0;12.3
47;2021-05-06;2105;1507;97823;42105;29.6;12.7
47;2021-05-07;2001;1621;99824;43726;30.2;13.2
47;2021-05-08;2097;464;101921;44190;30.9;13.4
47;2021-05-09;24;359;101945;44549;30.9;13.5
47;2021-05-10;1202;1669;103147;46218;31.2;14.0
47;2021-05-11;2172;1982;105319;48200;31.9;14.6
47;2021-05-12;2624;1445;107943;49645;32.7;15.0
47;2021-05-13;2380;656;110323;50301;33.4;15.2
47;2021-05-14;2061;860;112384;51161;34.0;15.5
47;2021-05-15;1934;865;114318;52026;34.6;15.7
47;2021-05-16;367;9;114685;52035;34.7;15.8
47;2021-05-17;1884;1124;116569;53159;35.3;16.1
47;2021-05-18;2358;1139;118927;54298;36.0;16.4
47;2021-05-19;2345;760;121272;55058;36.7;16.7
47;2021-05-20;2589;967;123861;56025;37.5;17.0
47;2021-05-21;1538;1133;125399;57158;38.0;17.3
47;2021-05-22;2369;839;127768;57997;38.7;17.6
47;2021-05-23;25;186;127793;58183;38.7;17.6
47;2021-05-24;1549;237;129342;58420;39.2;17.7
47;2021-05-25;1481;1318;130823;59738;39.6;18.1
47;2021-05-26;1599;1089;132422;60827;40.1;18.4
47;2021-05-27;1943;1270;134365;62097;40.7;18.8
47;2021-05-28;1458;1534;135823;63631;41.1;19.3
47;2021-05-29;1153;1120;136976;64751;41.5;19.6
47;2021-05-30;12;45;136988;64796;41.5;19.6
47;2021-05-31;1868;1416;138856;66212;42.0;20.0
47;2021-06-01;1921;1342;140777;67554;42.6;20.5
47;2021-06-02;2100;1332;142877;68886;43.3;20.9
47;2021-06-03;2486;1610;145363;70496;44.0;21.3
47;2021-06-04;1965;2117;147328;72613;44.6;22.0
47;2021-06-05;1640;1470;148968;74083;45.1;22.4
47;2021-06-06;211;70;149179;74153;45.2;22.4
47;2021-06-07;1659;2237;150838;76390;45.7;23.1
47;2021-06-08;1629;1903;152467;78293;46.2;23.7
47;2021-06-09;1824;2123;154291;80416;46.7;24.3
47;2021-06-10;2377;1619;156668;82035;47.4;24.8
47;2021-06-11;1826;2099;158494;84134;48.0;25.5
47;2021-06-12;1351;2102;159845;86236;48.4;26.1
47;2021-06-13;4;10;159849;86246;48.4;26.1
47;2021-06-14;1281;2440;161130;88686;48.8;26.8
47;2021-06-15;1464;2032;162594;90718;49.2;27.5
47;2021-06-16;1203;2183;163797;92901;49.6;28.1
47;2021-06-17;1654;1522;165451;94423;50.1;28.6
47;2021-06-18;1439;2496;166890;96919;50.5;29.3
47;2021-06-19;1541;2452;168431;99371;51.0;30.1
47;2021-06-20;5;33;168436;99404;51.0;30.1
47;2021-06-21;1136;2513;169572;101917;51.3;30.9
47;2021-06-22;762;2506;170334;104423;51.6;31.6
47;2021-06-23;999;2015;171333;106438;51.9;32.2
47;2021-06-24;1211;1936;172544;108374;52.2;32.8
47;2021-06-25;1006;2608;173550;110982;52.5;33.6
47;2021-06-26;987;2789;174537;113771;52.8;34.4
47;2021-06-27;16;349;174553;114120;52.8;34.5
47;2021-06-28;875;2407;175428;116527;53.1;35.3
47;2021-06-29;797;2314;176225;118841;53.3;36.0
47;2021-06-30;730;2303;176955;121144;53.6;36.7
47;2021-07-01;921;2105;177876;123249;53.8;37.3
47;2021-07-02;885;2274;178761;125523;54.1;38.0
47;2021-07-03;726;3042;179487;128565;54.3;38.9
47;2021-07-04;34;12;179521;128577;54.3;38.9
47;2021-07-05;979;2148;180500;130725;54.6;39.6
47;2021-07-06;1007;1957;181507;132682;54.9;40.2
47;2021-07-07;1298;2064;182805;134746;55.3;40.8
47;2021-07-08;1142;2192;183947;136938;55.7;41.5
47;2021-07-09;1047;2404;184994;139342;56.0;42.2
47;2021-07-10;952;2131;185946;141473;56.3;42.8
47;2021-07-11;1;6;185947;141479;56.3;42.8
47;2021-07-12;556;2580;186503;144059;56.5;43.6
47;2021-07-13;1094;2585;187597;146644;56.8;44.4
47;2021-07-14;1165;1577;188762;148221;57.1;44.9
47;2021-07-15;1717;3135;190479;151356;57.7;45.8
47;2021-07-16;1722;2676;192201;154032;58.2;46.6
47;2021-07-17;1201;2458;193402;156490;58.5;47.4
47;2021-07-18;36;188;193438;156678;58.6;47.4
47;2021-07-19;1113;2557;194551;159235;58.9;48.2
47;2021-07-20;1638;2341;196189;161576;59.4;48.9
47;2021-07-21;2193;2240;198382;163816;60.1;49.6
47;2021-07-22;2157;2298;200539;166114;60.7;50.3
47;2021-07-23;2124;2250;202663;168364;61.4;51.0
47;2021-07-24;1114;1915;203777;170279;61.7;51.5
47;2021-07-25;20;1;203797;170280;61.7;51.5
47;2021-07-26;1236;1944;205033;172224;62.1;52.1
47;2021-07-27;2121;1633;207154;173857;62.7;52.6
47;2021-07-28;1881;1605;209035;175462;63.3;53.1
47;2021-07-29;2339;1600;211374;177062;64.0;53.6
47;2021-07-30;1865;1625;213239;178687;64.6;54.1
47;2021-07-31;1485;1667;214724;180354;65.0;54.6
47;2021-08-01;18;8;214742;180362;65.0;54.6
47;2021-08-02;2053;1219;216795;181581;65.6;55.0
47;2021-08-03;2159;1106;218954;182687;66.3;55.3
47;2021-08-04;2192;1526;221146;184213;66.9;55.8
47;2021-08-05;2407;1447;223553;185660;67.7;56.2
47;2021-08-06;1999;1841;225552;187501;68.3;56.8
47;2021-08-07;1628;1418;227180;188919;68.8;57.2
47;2021-08-08;24;22;227204;188941;68.8;57.2
47;2021-08-09;1883;1213;229087;190154;69.3;57.6
47;2021-08-10;1920;1298;231007;191452;69.9;58.0
47;2021-08-11;1804;1400;232811;192852;70.5;58.4
47;2021-08-12;2061;1336;234872;194188;71.1;58.8
47;2021-08-13;1424;1668;236296;195856;71.5;59.3
47;2021-08-14;1350;1443;237646;197299;71.9;59.7
47;2021-08-15;11;18;237657;197317;71.9;59.7
47;2021-08-16;1436;1445;239093;198762;72.4;60.2
47;2021-08-17;1124;1683;240217;200445;72.7;60.7
47;2021-08-18;1180;1714;241397;202159;73.1;61.2
47;2021-08-19;1038;1811;242435;203970;73.4;61.7
47;2021-08-20;972;1708;243407;205678;73.7;62.3
47;2021-08-21;828;1276;244235;206954;73.9;62.6
47;2021-08-22;19;31;244254;206985;73.9;62.7
47;2021-08-23;616;1826;244870;208811;74.1;63.2
47;2021-08-24;811;1622;245681;210433;74.4;63.7
47;2021-08-25;811;1787;246492;212220;74.6;64.2
47;2021-08-26;736;2079;247228;214299;74.8;64.9
47;2021-08-27;700;1978;247928;216277;75.1;65.5
47;2021-08-28;566;1670;248494;217947;75.2;66.0
47;2021-08-29;2;16;248496;217963;75.2;66.0
47;2021-08-30;459;1926;248955;219889;75.4;66.6
47;2021-08-31;582;1816;249537;221705;75.5;67.1
47;2021-09-01;414;2020;249951;223725;75.7;67.7
47;2021-09-02;436;2018;250387;225743;75.8;68.3
47;2021-09-03;504;1954;250891;227697;76.0;68.9
47;2021-09-04;477;1822;251368;229519;76.1;69.5
47;2021-09-05;8;36;251376;229555;76.1;69.5
47;2021-09-06;338;1407;251714;230962;76.2;69.9
47;2021-09-07;475;1268;252189;232230;76.3;70.3
47;2021-09-08;417;1621;252606;233851;76.5;70.8
47;2021-09-09;405;1346;253011;235197;76.6;71.2
47;2021-09-10;470;1331;253481;236528;76.7;71.6
47;2021-09-11;434;1429;253915;237957;76.9;72.0
47;2021-09-12;3;7;253918;237964;76.9;72.0
47;2021-09-13;253;952;254171;238916;76.9;72.3
47;2021-09-14;397;1046;254568;239962;77.1;72.6
47;2021-09-15;342;939;254910;240901;77.2;72.9
47;2021-09-16;323;558;255233;241459;77.3;73.1
47;2021-09-17;391;645;255624;242104;77.4;73.3
47;2021-09-18;263;956;255887;243060;77.5;73.6
47;2021-09-19;4;4;255891;243064;77.5;73.6
47;2021-09-20;162;470;256053;243534;77.5;73.7
47;2021-09-21;284;454;256337;243988;77.6;73.9
47;2021-09-22;212;617;256549;244605;77.7;74.0
47;2021-09-23;210;378;256759;244983;77.7;74.2
47;2021-09-24;283;613;257042;245596;77.8;74.3
47;2021-09-25;213;628;257255;246224;77.9;74.5
47;2021-09-26;6;6;257261;246230;77.9;74.5
47;2021-09-27;111;376;257372;246606;77.9;74.7
47;2021-09-28;125;373;257497;246979;78.0;74.8
48;2020-12-27;0;0;0;0;0.0;0.0
48;2020-12-28;0;0;0;0;0.0;0.0
48;2020-12-29;0;0;0;0;0.0;0.0
48;2020-12-30;0;0;0;0;0.0;0.0
48;2020-12-31;0;0;0;0;0.0;0.0
48;2021-01-01;0;0;0;0;0.0;0.0
48;2021-01-02;0;0;0;0;0.0;0.0
48;2021-01-03;0;0;0;0;0.0;0.0
48;2021-01-04;0;0;0;0;0.0;0.0
48;2021-01-05;0;0;0;0;0.0;0.0
48;2021-01-06;0;0;0;0;0.0;0.0
48;2021-01-07;56;0;56;0;0.1;0.0
48;2021-01-08;88;0;144;0;0.2;0.0
48;2021-01-09;1;0;145;0;0.2;0.0
48;2021-01-10;0;0;145;0;0.2;0.0
48;2021-01-11;13;0;158;0;0.2;0.0
48;2021-01-12;19;1;177;1;0.2;0.0
48;2021-01-13;104;0;281;1;0.4;0.0
48;2021-01-14;90;1;371;2;0.5;0.0
48;2021-01-15;63;0;434;2;0.6;0.0
48;2021-01-16;0;0;434;2;0.6;0.0
48;2021-01-17;0;0;434;2;0.6;0.0
48;2021-01-18;117;0;551;2;0.7;0.0
48;2021-01-19;345;2;896;4;1.2;0.0
48;2021-01-20;364;0;1260;4;1.7;0.0
48;2021-01-21;466;1;1726;5;2.3;0.0
48;2021-01-22;269;0;1995;5;2.6;0.0
48;2021-01-23;36;0;2031;5;2.7;0.0
48;2021-01-24;0;0;2031;5;2.7;0.0
48;2021-01-25;109;2;2140;7;2.8;0.0
48;2021-01-26;261;0;2401;7;3.1;0.0
48;2021-01-27;257;1;2658;8;3.5;0.0
48;2021-01-28;273;10;2931;18;3.8;0.0
48;2021-01-29;175;59;3106;77;4.1;0.1
48;2021-01-30;1;7;3107;84;4.1;0.1
48;2021-01-31;0;6;3107;90;4.1;0.1
48;2021-02-01;100;45;3207;135;4.2;0.2
48;2021-02-02;194;32;3401;167;4.5;0.2
48;2021-02-03;177;81;3578;248;4.7;0.3
48;2021-02-04;234;12;3812;260;5.0;0.3
48;2021-02-05;145;33;3957;293;5.2;0.4
48;2021-02-06;34;1;3991;294;5.2;0.4
48;2021-02-07;0;0;3991;294;5.2;0.4
48;2021-02-08;50;57;4041;351;5.3;0.5
48;2021-02-09;66;151;4107;502;5.4;0.7
48;2021-02-10;64;297;4171;799;5.5;1.0
48;2021-02-11;165;379;4336;1178;5.7;1.5
48;2021-02-12;120;143;4456;1321;5.8;1.7
48;2021-02-13;8;54;4464;1375;5.9;1.8
48;2021-02-14;0;0;4464;1375;5.9;1.8
48;2021-02-15;51;84;4515;1459;5.9;1.9
48;2021-02-16;43;132;4558;1591;6.0;2.1
48;2021-02-17;35;267;4593;1858;6.0;2.4
48;2021-02-18;252;91;4845;1949;6.4;2.6
48;2021-02-19;60;149;4905;2098;6.4;2.8
48;2021-02-20;0;1;4905;2099;6.4;2.8
48;2021-02-21;0;14;4905;2113;6.4;2.8
48;2021-02-22;24;85;4929;2198;6.5;2.9
48;2021-02-23;74;199;5003;2397;6.6;3.1
48;2021-02-24;68;238;5071;2635;6.6;3.5
48;2021-02-25;148;212;5219;2847;6.8;3.7
48;2021-02-26;51;185;5270;3032;6.9;4.0
48;2021-02-27;28;1;5298;3033;6.9;4.0
48;2021-02-28;3;14;5301;3047;6.9;4.0
48;2021-03-01;102;77;5403;3124;7.1;4.1
48;2021-03-02;199;71;5602;3195;7.3;4.2
48;2021-03-03;153;94;5755;3289;7.5;4.3
48;2021-03-04;194;171;5949;3460;7.8;4.5
48;2021-03-05;136;122;6085;3582;8.0;4.7
48;2021-03-06;180;52;6265;3634;8.2;4.8
48;2021-03-07;75;2;6340;3636;8.3;4.8
48;2021-03-08;352;120;6692;3756;8.8;4.9
48;2021-03-09;377;92;7069;3848;9.3;5.0
48;2021-03-10;263;57;7332;3905;9.6;5.1
48;2021-03-11;334;82;7666;3987;10.0;5.2
48;2021-03-12;255;138;7921;4125;10.4;5.4
48;2021-03-13;301;5;8222;4130;10.8;5.4
48;2021-03-14;8;0;8230;4130;10.8;5.4
48;2021-03-15;174;55;8404;4185;11.0;5.5
48;2021-03-16;167;65;8571;4250;11.2;5.6
48;2021-03-17;156;110;8727;4360;11.4;5.7
48;2021-03-18;190;104;8917;4464;11.7;5.9
48;2021-03-19;116;95;9033;4559;11.8;6.0
48;2021-03-20;101;0;9134;4559;12.0;6.0
48;2021-03-21;0;0;9134;4559;12.0;6.0
48;2021-03-22;160;18;9294;4577;12.2;6.0
48;2021-03-23;329;100;9623;4677;12.6;6.1
48;2021-03-24;284;100;9907;4777;13.0;6.3
48;2021-03-25;757;117;10664;4894;14.0;6.4
48;2021-03-26;269;58;10933;4952;14.3;6.5
48;2021-03-27;104;1;11037;4953;14.5;6.5
48;2021-03-28;80;20;11117;4973;14.6;6.5
48;2021-03-29;305;78;11422;5051;15.0;6.6
48;2021-03-30;364;131;11786;5182;15.4;6.8
48;2021-03-31;448;85;12234;5267;16.0;6.9
48;2021-04-01;730;73;12964;5340;17.0;7.0
48;2021-04-02;487;134;13451;5474;17.6;7.2
48;2021-04-03;140;83;13591;5557;17.8;7.3
48;2021-04-04;0;0;13591;5557;17.8;7.3
48;2021-04-05;43;1;13634;5558;17.9;7.3
48;2021-04-06;465;160;14099;5718;18.5;7.5
48;2021-04-07;465;141;14564;5859;19.1;7.7
48;2021-04-08;620;188;15184;6047;19.9;7.9
48;2021-04-09;446;122;15630;6169;20.5;8.1
48;2021-04-10;95;60;15725;6229;20.6;8.2
48;2021-04-11;2;0;15727;6229;20.6;8.2
48;2021-04-12;364;71;16091;6300;21.1;8.3
48;2021-04-13;361;92;16452;6392;21.6;8.4
48;2021-04-14;623;187;17075;6579;22.4;8.6
48;2021-04-15;701;358;17776;6937;23.3;9.1
48;2021-04-16;538;225;18314;7162;24.0;9.4
48;2021-04-17;89;71;18403;7233;24.1;9.5
48;2021-04-18;0;0;18403;7233;24.1;9.5
48;2021-04-19;196;105;18599;7338;24.4;9.6
48;2021-04-20;216;180;18815;7518;24.7;9.9
48;2021-04-21;284;207;19099;7725;25.0;10.1
48;2021-04-22;306;480;19405;8205;25.4;10.8
48;2021-04-23;255;242;19660;8447;25.8;11.1
48;2021-04-24;97;95;19757;8542;25.9;11.2
48;2021-04-25;1;9;19758;8551;25.9;11.2
48;2021-04-26;87;210;19845;8761;26.0;11.5
48;2021-04-27;172;292;20017;9053;26.2;11.9
48;2021-04-28;149;415;20166;9468;26.4;12.4
48;2021-04-29;204;488;20370;9956;26.7;13.1
48;2021-04-30;172;223;20542;10179;26.9;13.3
48;2021-05-01;0;0;20542;10179;26.9;13.3
48;2021-05-02;0;0;20542;10179;26.9;13.3
48;2021-05-03;106;386;20648;10565;27.1;13.8
48;2021-05-04;227;420;20875;10985;27.4;14.4
48;2021-05-05;84;486;20959;11471;27.5;15.0
48;2021-05-06;775;640;21734;12111;28.5;15.9
48;2021-05-07;96;503;21830;12614;28.6;16.5
48;2021-05-08;309;43;22139;12657;29.0;16.6
48;2021-05-09;285;9;22424;12666;29.4;16.6
48;2021-05-10;55;325;22479;12991;29.5;17.0
48;2021-05-11;221;289;22700;13280;29.8;17.4
48;2021-05-12;249;313;22949;13593;30.1;17.8
48;2021-05-13;472;157;23421;13750;30.7;18.0
48;2021-05-14;244;222;23665;13972;31.0;18.3
48;2021-05-15;84;46;23749;14018;31.1;18.4
48;2021-05-16;1;6;23750;14024;31.1;18.4
48;2021-05-17;474;267;24224;14291;31.8;18.7
48;2021-05-18;263;229;24487;14520;32.1;19.0
48;2021-05-19;207;277;24694;14797;32.4;19.4
48;2021-05-20;318;256;25012;15053;32.8;19.7
48;2021-05-21;174;267;25186;15320;33.0;20.1
48;2021-05-22;25;50;25211;15370;33.0;20.1
48;2021-05-23;0;6;25211;15376;33.0;20.2
48;2021-05-24;0;14;25211;15390;33.0;20.2
48;2021-05-25;181;265;25392;15655;33.3;20.5
48;2021-05-26;416;298;25808;15953;33.8;20.9
48;2021-05-27;1178;380;26986;16333;35.4;21.4
48;2021-05-28;315;350;27301;16683;35.8;21.9
48;2021-05-29;79;50;27380;16733;35.9;21.9
48;2021-05-30;0;1;27380;16734;35.9;21.9
48;2021-05-31;624;263;28004;16997;36.7;22.3
48;2021-06-01;272;305;28276;17302;37.1;22.7
48;2021-06-02;407;424;28683;17726;37.6;23.2
48;2021-06-03;629;431;29312;18157;38.4;23.8
48;2021-06-04;291;283;29603;18440;38.8;24.2
48;2021-06-05;121;77;29724;18517;39.0;24.3
48;2021-06-06;1;1;29725;18518;39.0;24.3
48;2021-06-07;440;161;30165;18679;39.5;24.5
48;2021-06-08;615;309;30780;18988;40.3;24.9
48;2021-06-09;379;190;31159;19178;40.8;25.1
48;2021-06-10;1003;242;32162;19420;42.2;25.5
48;2021-06-11;371;161;32533;19581;42.6;25.7
48;2021-06-12;74;57;32607;19638;42.7;25.7
48;2021-06-13;0;2;32607;19640;42.7;25.7
48;2021-06-14;124;115;32731;19755;42.9;25.9
48;2021-06-15;407;386;33138;20141;43.4;26.4
48;2021-06-16;260;144;33398;20285;43.8;26.6
48;2021-06-17;486;575;33884;20860;44.4;27.3
48;2021-06-18;254;314;34138;21174;44.8;27.8
48;2021-06-19;35;291;34173;21465;44.8;28.1
48;2021-06-20;123;224;34296;21689;45.0;28.4
48;2021-06-21;125;134;34421;21823;45.1;28.6
48;2021-06-22;258;335;34679;22158;45.5;29.0
48;2021-06-23;111;545;34790;22703;45.6;29.8
48;2021-06-24;364;610;35154;23313;46.1;30.6
48;2021-06-25;154;276;35308;23589;46.3;30.9
48;2021-06-26;15;45;35323;23634;46.3;31.0
48;2021-06-27;1;1;35324;23635;46.3;31.0
48;2021-06-28;81;177;35405;23812;46.4;31.2
48;2021-06-29;297;415;35702;24227;46.8;31.8
48;2021-06-30;98;465;35800;24692;46.9;32.4
48;2021-07-01;194;669;35994;25361;47.2;33.2
48;2021-07-02;148;369;36142;25730;47.4;33.7
48;2021-07-03;42;89;36184;25819;47.4;33.8
48;2021-07-04;7;0;36191;25819;47.4;33.8
48;2021-07-05;40;117;36231;25936;47.5;34.0
48;2021-07-06;277;598;36508;26534;47.9;34.8
48;2021-07-07;201;489;36709;27023;48.1;35.4
48;2021-07-08;223;1189;36932;28212;48.4;37.0
48;2021-07-09;159;553;37091;28765;48.6;37.7
48;2021-07-10;95;147;37186;28912;48.7;37.9
48;2021-07-11;0;4;37186;28916;48.7;37.9
48;2021-07-12;139;672;37325;29588;48.9;38.8
48;2021-07-13;211;430;37536;30018;49.2;39.3
48;2021-07-14;179;145;37715;30163;49.4;39.5
48;2021-07-15;187;459;37902;30622;49.7;40.1
48;2021-07-16;234;314;38136;30936;50.0;40.6
48;2021-07-17;129;118;38265;31054;50.2;40.7
48;2021-07-18;4;5;38269;31059;50.2;40.7
48;2021-07-19;105;306;38374;31365;50.3;41.1
48;2021-07-20;678;993;39052;32358;51.2;42.4
48;2021-07-21;69;371;39121;32729;51.3;42.9
48;2021-07-22;777;1125;39898;33854;52.3;44.4
48;2021-07-23;367;437;40265;34291;52.8;45.0
48;2021-07-24;509;170;40774;34461;53.4;45.2
48;2021-07-25;138;46;40912;34507;53.6;45.2
48;2021-07-26;101;199;41013;34706;53.8;45.5
48;2021-07-27;1195;644;42208;35350;55.3;46.3
48;2021-07-28;177;316;42385;35666;55.6;46.8
48;2021-07-29;716;646;43101;36312;56.5;47.6
48;2021-07-30;200;292;43301;36604;56.8;48.0
48;2021-07-31;339;178;43640;36782;57.2;48.2
48;2021-08-01;18;55;43658;36837;57.2;48.3
48;2021-08-02;228;164;43886;37001;57.5;48.5
48;2021-08-03;925;574;44811;37575;58.7;49.3
48;2021-08-04;328;220;45139;37795;59.2;49.5
48;2021-08-05;674;473;45813;38268;60.1;50.2
48;2021-08-06;442;275;46255;38543;60.6;50.5
48;2021-08-07;249;125;46504;38668;61.0;50.7
48;2021-08-08;2;5;46506;38673;61.0;50.7
48;2021-08-09;170;141;46676;38814;61.2;50.9
48;2021-08-10;726;555;47402;39369;62.1;51.6
48;2021-08-11;295;238;47697;39607;62.5;51.9
48;2021-08-12;419;414;48116;40021;63.1;52.5
48;2021-08-13;229;212;48345;40233;63.4;52.7
48;2021-08-14;137;165;48482;40398;63.6;53.0
48;2021-08-15;131;81;48613;40479;63.7;53.1
48;2021-08-16;121;192;48734;40671;63.9;53.3
48;2021-08-17;364;1188;49098;41859;64.4;54.9
48;2021-08-18;211;201;49309;42060;64.6;55.1
48;2021-08-19;240;325;49549;42385;65.0;55.6
48;2021-08-20;215;284;49764;42669;65.2;55.9
48;2021-08-21;85;232;49849;42901;65.3;56.2
48;2021-08-22;0;0;49849;42901;65.3;56.2
48;2021-08-23;65;153;49914;43054;65.4;56.4
48;2021-08-24;308;952;50222;44006;65.8;57.7
48;2021-08-25;156;351;50378;44357;66.0;58.1
48;2021-08-26;180;499;50558;44856;66.3;58.8
48;2021-08-27;153;337;50711;45193;66.5;59.2
48;2021-08-28;127;303;50838;45496;66.6;59.6
48;2021-08-29;0;1;50838;45497;66.6;59.6
48;2021-08-30;54;146;50892;45643;66.7;59.8
48;2021-08-31;257;1071;51149;46714;67.0;61.2
48;2021-09-01;125;347;51274;47061;67.2;61.7
48;2021-09-02;132;405;51406;47466;67.4;62.2
48;2021-09-03;138;328;51544;47794;67.6;62.7
48;2021-09-04;121;244;51665;48038;67.7;63.0
48;2021-09-05;3;26;51668;48064;67.7;63.0
48;2021-09-06;34;190;51702;48254;67.8;63.3
48;2021-09-07;159;392;51861;48646;68.0;63.8
48;2021-09-08;96;225;51957;48871;68.1;64.1
48;2021-09-09;95;303;52052;49174;68.2;64.5
48;2021-09-10;128;401;52180;49575;68.4;65.0
48;2021-09-11;89;220;52269;49795;68.5;65.3
48;2021-09-12;1;3;52270;49798;68.5;65.3
48;2021-09-13;78;153;52348;49951;68.6;65.5
48;2021-09-14;202;384;52550;50335;68.9;66.0
48;2021-09-15;68;164;52618;50499;69.0;66.2
48;2021-09-16;121;219;52739;50718;69.1;66.5
48;2021-09-17;101;182;52840;50900;69.3;66.7
48;2021-09-18;31;90;52871;50990;69.3;66.8
48;2021-09-19;0;0;52871;50990;69.3;66.8
48;2021-09-20;28;87;52899;51077;69.3;67.0
48;2021-09-21;63;183;52962;51260;69.4;67.2
48;2021-09-22;49;151;53011;51411;69.5;67.4
48;2021-09-23;28;100;53039;51511;69.5;67.5
48;2021-09-24;43;118;53082;51629;69.6;67.7
48;2021-09-25;27;78;53109;51707;69.6;67.8
48;2021-09-26;1;0;53110;51707;69.6;67.8
48;2021-09-27;10;43;53120;51750;69.6;67.8
48;2021-09-28;65;155;53185;51905;69.7;68.0
49;2020-12-27;0;0;0;0;0.0;0.0
49;2020-12-28;2;0;2;0;0.0;0.0
49;2020-12-29;0;0;2;0;0.0;0.0
49;2020-12-30;0;0;2;0;0.0;0.0
49;2020-12-31;0;0;2;0;0.0;0.0
49;2021-01-01;2;0;4;0;0.0;0.0
49;2021-01-02;1;1;5;1;0.0;0.0
49;2021-01-03;0;0;5;1;0.0;0.0
49;2021-01-04;10;0;15;1;0.0;0.0
49;2021-01-05;92;0;107;1;0.0;0.0
49;2021-01-06;232;0;339;1;0.0;0.0
49;2021-01-07;367;0;706;1;0.1;0.0
49;2021-01-08;328;1;1034;2;0.1;0.0
49;2021-01-09;118;0;1152;2;0.1;0.0
49;2021-01-10;114;0;1266;2;0.2;0.0
49;2021-01-11;287;0;1553;2;0.2;0.0
49;2021-01-12;623;0;2176;2;0.3;0.0
49;2021-01-13;602;2;2778;4;0.3;0.0
49;2021-01-14;590;5;3368;9;0.4;0.0
49;2021-01-15;775;1;4143;10;0.5;0.0
49;2021-01-16;148;0;4291;10;0.5;0.0
49;2021-01-17;111;2;4402;12;0.5;0.0
49;2021-01-18;691;0;5093;12;0.6;0.0
49;2021-01-19;1204;2;6297;14;0.8;0.0
49;2021-01-20;1512;3;7809;17;1.0;0.0
49;2021-01-21;1943;4;9752;21;1.2;0.0
49;2021-01-22;1319;5;11071;26;1.4;0.0
49;2021-01-23;263;0;11334;26;1.4;0.0
49;2021-01-24;1;0;11335;26;1.4;0.0
49;2021-01-25;552;3;11887;29;1.5;0.0
49;2021-01-26;988;74;12875;103;1.6;0.0
49;2021-01-27;1860;35;14735;138;1.8;0.0
49;2021-01-28;2877;75;17612;213;2.2;0.0
49;2021-01-29;1589;83;19201;296;2.4;0.0
49;2021-01-30;300;41;19501;337;2.4;0.0
49;2021-01-31;62;45;19563;382;2.4;0.0
49;2021-02-01;661;148;20224;530;2.5;0.1
49;2021-02-02;743;360;20967;890;2.6;0.1
49;2021-02-03;677;310;21644;1200;2.7;0.1
49;2021-02-04;757;408;22401;1608;2.7;0.2
49;2021-02-05;708;533;23109;2141;2.8;0.3
49;2021-02-06;228;101;23337;2242;2.9;0.3
49;2021-02-07;59;68;23396;2310;2.9;0.3
49;2021-02-08;549;414;23945;2724;2.9;0.3
49;2021-02-09;716;543;24661;3267;3.0;0.4
49;2021-02-10;807;793;25468;4060;3.1;0.5
49;2021-02-11;1028;1311;26496;5371;3.2;0.7
49;2021-02-12;870;895;27366;6266;3.4;0.8
49;2021-02-13;266;99;27632;6365;3.4;0.8
49;2021-02-14;9;90;27641;6455;3.4;0.8
49;2021-02-15;730;590;28371;7045;3.5;0.9
49;2021-02-16;1106;1041;29477;8086;3.6;1.0
49;2021-02-17;1160;1723;30637;9809;3.8;1.2
49;2021-02-18;1811;2344;32448;12153;4.0;1.5
49;2021-02-19;1397;1043;33845;13196;4.1;1.6
49;2021-02-20;232;330;34077;13526;4.2;1.7
49;2021-02-21;0;64;34077;13590;4.2;1.7
49;2021-02-22;647;467;34724;14057;4.3;1.7
49;2021-02-23;734;736;35458;14793;4.3;1.8
49;2021-02-24;824;525;36282;15318;4.4;1.9
49;2021-02-25;1208;674;37490;15992;4.6;2.0
49;2021-02-26;1678;723;39168;16715;4.8;2.0
49;2021-02-27;435;224;39603;16939;4.9;2.1
49;2021-02-28;49;30;39652;16969;4.9;2.1
49;2021-03-01;768;494;40420;17463;5.0;2.1
49;2021-03-02;1082;603;41502;18066;5.1;2.2
49;2021-03-03;1559;598;43061;18664;5.3;2.3
49;2021-03-04;1769;837;44830;19501;5.5;2.4
49;2021-03-05;2214;620;47044;20121;5.8;2.5
49;2021-03-06;717;160;47761;20281;5.9;2.5
49;2021-03-07;627;13;48388;20294;5.9;2.5
49;2021-03-08;1397;657;49785;20951;6.1;2.6
49;2021-03-09;2052;685;51837;21636;6.4;2.7
49;2021-03-10;2530;837;54367;22473;6.7;2.8
49;2021-03-11;3195;1431;57562;23904;7.1;2.9
49;2021-03-12;3766;977;61328;24881;7.5;3.0
49;2021-03-13;1501;198;62829;25079;7.7;3.1
49;2021-03-14;6;0;62835;25079;7.7;3.1
49;2021-03-15;2084;525;64919;25604;8.0;3.1
49;2021-03-16;1733;955;66652;26559;8.2;3.3
49;2021-03-17;1811;675;68463;27234;8.4;3.3
49;2021-03-18;2205;720;70668;27954;8.7;3.4
49;2021-03-19;3333;557;74001;28511;9.1;3.5
49;2021-03-20;1743;203;75744;28714;9.3;3.5
49;2021-03-21;499;22;76243;28736;9.3;3.5
49;2021-03-22;2248;542;78491;29278;9.6;3.6
49;2021-03-23;3406;675;81897;29953;10.0;3.7
49;2021-03-24;3603;497;85500;30450;10.5;3.7
49;2021-03-25;4225;651;89725;31101;11.0;3.8
49;2021-03-26;4886;502;94611;31603;11.6;3.9
49;2021-03-27;1675;99;96286;31702;11.8;3.9
49;2021-03-28;400;28;96686;31730;11.9;3.9
49;2021-03-29;2371;605;99057;32335;12.1;4.0
49;2021-03-30;3267;938;102324;33273;12.5;4.1
49;2021-03-31;2980;748;105304;34021;12.9;4.2
49;2021-04-01;4118;869;109422;34890;13.4;4.3
49;2021-04-02;4297;954;113719;35844;13.9;4.4
49;2021-04-03;971;193;114690;36037;14.1;4.4
49;2021-04-04;315;3;115005;36040;14.1;4.4
49;2021-04-05;944;22;115949;36062;14.2;4.4
49;2021-04-06;2330;1317;118279;37379;14.5;4.6
49;2021-04-07;3308;1364;121587;38743;14.9;4.7
49;2021-04-08;5184;1423;126771;40166;15.5;4.9
49;2021-04-09;6205;1440;132976;41606;16.3;5.1
49;2021-04-10;2065;500;135041;42106;16.6;5.2
49;2021-04-11;390;9;135431;42115;16.6;5.2
49;2021-04-12;4073;1574;139504;43689;17.1;5.4
49;2021-04-13;5380;1914;144884;45603;17.8;5.6
49;2021-04-14;4542;1877;149426;47480;18.3;5.8
49;2021-04-15;5381;1880;154807;49360;19.0;6.0
49;2021-04-16;5761;2137;160568;51497;19.7;6.3
49;2021-04-17;3335;852;163903;52349;20.1;6.4
49;2021-04-18;381;476;164284;52825;20.1;6.5
49;2021-04-19;3710;2057;167994;54882;20.6;6.7
49;2021-04-20;4371;2111;172365;56993;21.1;7.0
49;2021-04-21;3954;2203;176319;59196;21.6;7.3
49;2021-04-22;4836;2112;181155;61308;22.2;7.5
49;2021-04-23;4814;2335;185969;63643;22.8;7.8
49;2021-04-24;2938;1154;188907;64797;23.2;7.9
49;2021-04-25;40;282;188947;65079;23.2;8.0
49;2021-04-26;3744;2109;192691;67188;23.6;8.2
49;2021-04-27;4472;2497;197163;69685;24.2;8.5
49;2021-04-28;4616;2498;201779;72183;24.7;8.8
49;2021-04-29;5206;3014;206985;75197;25.4;9.2
49;2021-04-30;5558;3194;212543;78391;26.1;9.6
49;2021-05-01;2364;665;214907;79056;26.3;9.7
49;2021-05-02;5;40;214912;79096;26.3;9.7
49;2021-05-03;5012;2408;219924;81504;27.0;10.0
49;2021-05-04;4972;3036;224896;84540;27.6;10.4
49;2021-05-05;4789;3005;229685;87545;28.2;10.7
49;2021-05-06;5328;3094;235013;90639;28.8;11.1
49;2021-05-07;4281;5008;239294;95647;29.3;11.7
49;2021-05-08;3577;437;242871;96084;29.8;11.8
49;2021-05-09;10;41;242881;96125;29.8;11.8
49;2021-05-10;4829;4269;247710;100394;30.4;12.3
49;2021-05-11;5397;5083;253107;105477;31.0;12.9
49;2021-05-12;4800;4590;257907;110067;31.6;13.5
49;2021-05-13;4778;691;262685;110758;32.2;13.6
49;2021-05-14;5170;3268;267855;114026;32.8;14.0
49;2021-05-15;4157;1806;272012;115832;33.3;14.2
49;2021-05-16;2786;117;274798;115949;33.7;14.2
49;2021-05-17;4834;3682;279632;119631;34.3;14.7
49;2021-05-18;5472;3767;285104;123398;34.9;15.1
49;2021-05-19;5916;3229;291020;126627;35.7;15.5
49;2021-05-20;6807;2966;297827;129593;36.5;15.9
49;2021-05-21;6450;3744;304277;133337;37.3;16.3
49;2021-05-22;5183;1193;309460;134530;37.9;16.5
49;2021-05-23;1;12;309461;134542;37.9;16.5
49;2021-05-24;4212;448;313673;134990;38.4;16.5
49;2021-05-25;6326;3294;319999;138284;39.2;16.9
49;2021-05-26;6273;2664;326272;140948;40.0;17.3
49;2021-05-27;7113;2723;333385;143671;40.9;17.6
49;2021-05-28;6875;4005;340260;147676;41.7;18.1
49;2021-05-29;5023;1894;345283;149570;42.3;18.3
49;2021-05-30;21;14;345304;149584;42.3;18.3
49;2021-05-31;6036;3216;351340;152800;43.1;18.7
49;2021-06-01;6592;3978;357932;156778;43.9;19.2
49;2021-06-02;5794;3737;363726;160515;44.6;19.7
49;2021-06-03;6603;3416;370329;163931;45.4;20.1
49;2021-06-04;6470;4861;376799;168792;46.2;20.7
49;2021-06-05;4384;2694;381183;171486;46.7;21.0
49;2021-06-06;38;48;381221;171534;46.7;21.0
49;2021-06-07;4634;4759;385855;176293;47.3;21.6
49;2021-06-08;5185;5103;391040;181396;47.9;22.2
49;2021-06-09;5325;4504;396365;185900;48.6;22.8
49;2021-06-10;6005;3781;402370;189681;49.3;23.2
49;2021-06-11;4873;6030;407243;195711;49.9;24.0
49;2021-06-12;4097;3200;411340;198911;50.4;24.4
49;2021-06-13;20;989;411360;199900;50.4;24.5
49;2021-06-14;3411;6015;414771;205915;50.8;25.2
49;2021-06-15;4241;6392;419012;212307;51.4;26.0
49;2021-06-16;4150;5677;423162;217984;51.9;26.7
49;2021-06-17;5069;5076;428231;223060;52.5;27.3
49;2021-06-18;4134;6885;432365;229945;53.0;28.2
49;2021-06-19;3525;3971;435890;233916;53.4;28.7
49;2021-06-20;33;25;435923;233941;53.4;28.7
49;2021-06-21;2827;6509;438750;240450;53.8;29.5
49;2021-06-22;3207;7004;441957;247454;54.2;30.3
49;2021-06-23;3253;6312;445210;253766;54.6;31.1
49;2021-06-24;4316;4975;449526;258741;55.1;31.7
49;2021-06-25;3325;7447;452851;266188;55.5;32.6
49;2021-06-26;2570;4625;455421;270813;55.8;33.2
49;2021-06-27;15;1544;455436;272357;55.8;33.4
49;2021-06-28;2234;7182;457670;279539;56.1;34.3
49;2021-06-29;3028;7270;460698;286809;56.5;35.2
49;2021-06-30;2824;6802;463522;293611;56.8;36.0
49;2021-07-01;3393;6272;466915;299883;57.2;36.8
49;2021-07-02;3066;8067;469981;307950;57.6;37.7
49;2021-07-03;2007;5486;471988;313436;57.9;38.4
49;2021-07-04;7;53;471995;313489;57.9;38.4
49;2021-07-05;1738;7078;473733;320567;58.1;39.3
49;2021-07-06;1894;7550;475627;328117;58.3;40.2
49;2021-07-07;2099;6622;477726;334739;58.6;41.0
49;2021-07-08;2689;6357;480415;341096;58.9;41.8
49;2021-07-09;2361;8246;482776;349342;59.2;42.8
49;2021-07-10;1802;5344;484578;354686;59.4;43.5
49;2021-07-11;11;35;484589;354721;59.4;43.5
49;2021-07-12;1947;7713;486536;362434;59.6;44.4
49;2021-07-13;2572;8300;489108;370734;59.9;45.4
49;2021-07-14;2893;3373;492001;374107;60.3;45.9
49;2021-07-15;3165;7552;495166;381659;60.7;46.8
49;2021-07-16;3396;8293;498562;389952;61.1;47.8
49;2021-07-17;2103;5479;500665;395431;61.4;48.5
49;2021-07-18;3751;583;504416;396014;61.8;48.5
49;2021-07-19;2666;7450;507082;403464;62.2;49.5
49;2021-07-20;3587;7481;510669;410945;62.6;50.4
49;2021-07-21;4227;6462;514896;417407;63.1;51.2
49;2021-07-22;4815;5865;519711;423272;63.7;51.9
49;2021-07-23;5111;6624;524822;429896;64.3;52.7
49;2021-07-24;3690;5002;528512;434898;64.8;53.3
49;2021-07-25;67;33;528579;434931;64.8;53.3
49;2021-07-26;4516;5901;533095;440832;65.3;54.0
49;2021-07-27;5753;5442;538848;446274;66.0;54.7
49;2021-07-28;6019;4360;544867;450634;66.8;55.2
49;2021-07-29;6702;4154;551569;454788;67.6;55.7
49;2021-07-30;6173;4788;557742;459576;68.4;56.3
49;2021-07-31;3958;3421;561700;462997;68.8;56.7
49;2021-08-01;21;22;561721;463019;68.8;56.8
49;2021-08-02;4271;4657;565992;467676;69.4;57.3
49;2021-08-03;5434;3801;571426;471477;70.0;57.8
49;2021-08-04;5276;3718;576702;475195;70.7;58.2
49;2021-08-05;5307;3289;582009;478484;71.3;58.6
49;2021-08-06;5718;4282;587727;482766;72.0;59.2
49;2021-08-07;3924;3044;591651;485810;72.5;59.5
49;2021-08-08;24;36;591675;485846;72.5;59.5
49;2021-08-09;3501;4681;595176;490527;72.9;60.1
49;2021-08-10;4250;3900;599426;494427;73.5;60.6
49;2021-08-11;4006;3650;603432;498077;74.0;61.0
49;2021-08-12;2665;3055;606097;501132;74.3;61.4
49;2021-08-13;3926;4271;610023;505403;74.8;61.9
49;2021-08-14;2279;3149;612302;508552;75.0;62.3
49;2021-08-15;30;26;612332;508578;75.1;62.3
49;2021-08-16;2831;5061;615163;513639;75.4;63.0
49;2021-08-17;3281;4911;618444;518550;75.8;63.6
49;2021-08-18;2977;4114;621421;522664;76.2;64.1
49;2021-08-19;1548;3663;622969;526327;76.4;64.5
49;2021-08-20;2731;5771;625700;532098;76.7;65.2
49;2021-08-21;1399;4150;627099;536248;76.9;65.7
49;2021-08-22;6;41;627105;536289;76.9;65.7
49;2021-08-23;2257;5627;629362;541916;77.1;66.4
49;2021-08-24;2746;5786;632108;547702;77.5;67.1
49;2021-08-25;2330;5430;634438;553132;77.8;67.8
49;2021-08-26;1714;4828;636152;557960;78.0;68.4
49;2021-08-27;2455;6813;638607;564773;78.3;69.2
49;2021-08-28;906;4303;639513;569076;78.4;69.7
49;2021-08-29;5;94;639518;569170;78.4;69.8
49;2021-08-30;1154;4295;640672;573465;78.5;70.3
49;2021-08-31;2247;5999;642919;579464;78.8;71.0
49;2021-09-01;1683;4452;644602;583916;79.0;71.6
49;2021-09-02;1062;2806;645664;586722;79.1;71.9
49;2021-09-03;1460;4187;647124;590909;79.3;72.4
49;2021-09-04;1208;3571;648332;594480;79.5;72.9
49;2021-09-05;4;9;648336;594489;79.5;72.9
49;2021-09-06;1098;2944;649434;597433;79.6;73.2
49;2021-09-07;1188;2886;650622;600319;79.7;73.6
49;2021-09-08;981;3324;651603;603643;79.9;74.0
49;2021-09-09;769;1776;652372;605419;80.0;74.2
49;2021-09-10;970;3069;653342;608488;80.1;74.6
49;2021-09-11;723;2642;654065;611130;80.2;74.9
49;2021-09-12;11;8;654076;611138;80.2;74.9
49;2021-09-13;741;2542;654817;613680;80.3;75.2
49;2021-09-14;638;2303;655455;615983;80.3;75.5
49;2021-09-15;618;2225;656073;618208;80.4;75.8
49;2021-09-16;522;1287;656595;619495;80.5;75.9
49;2021-09-17;929;2516;657524;622011;80.6;76.2
49;2021-09-18;542;2005;658066;624016;80.7;76.5
49;2021-09-19;2;8;658068;624024;80.7;76.5
49;2021-09-20;511;1245;658579;625269;80.7;76.6
49;2021-09-21;432;1598;659011;626867;80.8;76.8
49;2021-09-22;336;1993;659347;628860;80.8;77.1
49;2021-09-23;320;1156;659667;630016;80.9;77.2
49;2021-09-24;565;2241;660232;632257;80.9;77.5
49;2021-09-25;196;1013;660428;633270;80.9;77.6
49;2021-09-26;0;0;660428;633270;80.9;77.6
49;2021-09-27;382;1373;660810;634643;81.0;77.8
49;2021-09-28;400;1061;661210;635704;81.0;77.9
50;2020-12-27;0;0;0;0;0.0;0.0
50;2020-12-28;0;0;0;0;0.0;0.0
50;2020-12-29;1;0;1;0;0.0;0.0
50;2020-12-30;0;0;1;0;0.0;0.0
50;2020-12-31;0;0;1;0;0.0;0.0
50;2021-01-01;0;0;1;0;0.0;0.0
50;2021-01-02;0;0;1;0;0.0;0.0
50;2021-01-03;0;0;1;0;0.0;0.0
50;2021-01-04;1;0;2;0;0.0;0.0
50;2021-01-05;0;0;2;0;0.0;0.0
50;2021-01-06;126;0;128;0;0.0;0.0
50;2021-01-07;324;0;452;0;0.1;0.0
50;2021-01-08;436;2;888;2;0.2;0.0
50;2021-01-09;236;0;1124;2;0.2;0.0
50;2021-01-10;23;0;1147;2;0.2;0.0
50;2021-01-11;391;1;1538;3;0.3;0.0
50;2021-01-12;599;0;2137;3;0.4;0.0
50;2021-01-13;695;5;2832;8;0.6;0.0
50;2021-01-14;1051;11;3883;19;0.8;0.0
50;2021-01-15;710;3;4593;22;0.9;0.0
50;2021-01-16;215;3;4808;25;1.0;0.0
50;2021-01-17;1;0;4809;25;1.0;0.0
50;2021-01-18;620;1;5429;26;1.1;0.0
50;2021-01-19;901;3;6330;29;1.3;0.0
50;2021-01-20;964;0;7294;29;1.5;0.0
50;2021-01-21;917;4;8211;33;1.7;0.0
50;2021-01-22;716;2;8927;35;1.8;0.0
50;2021-01-23;667;4;9594;39;2.0;0.0
50;2021-01-24;881;3;10475;42;2.1;0.0
50;2021-01-25;2709;8;13184;50;2.7;0.0
50;2021-01-26;1336;14;14520;64;3.0;0.0
50;2021-01-27;766;56;15286;120;3.1;0.0
50;2021-01-28;716;161;16002;281;3.3;0.1
50;2021-01-29;581;290;16583;571;3.4;0.1
50;2021-01-30;381;137;16964;708;3.5;0.1
50;2021-01-31;0;0;16964;708;3.5;0.1
50;2021-02-01;451;209;17415;917;3.5;0.2
50;2021-02-02;417;224;17832;1141;3.6;0.2
50;2021-02-03;391;366;18223;1507;3.7;0.3
50;2021-02-04;486;421;18709;1928;3.8;0.4
50;2021-02-05;424;425;19133;2353;3.9;0.5
50;2021-02-06;179;104;19312;2457;3.9;0.5
50;2021-02-07;0;0;19312;2457;3.9;0.5
50;2021-02-08;254;432;19566;2889;4.0;0.6
50;2021-02-09;246;548;19812;3437;4.0;0.7
50;2021-02-10;571;469;20383;3906;4.2;0.8
50;2021-02-11;436;830;20819;4736;4.2;1.0
50;2021-02-12;329;576;21148;5312;4.3;1.1
50;2021-02-13;306;413;21454;5725;4.4;1.2
50;2021-02-14;185;732;21639;6457;4.4;1.3
50;2021-02-15;664;1774;22303;8231;4.5;1.7
50;2021-02-16;746;1453;23049;9684;4.7;2.0
50;2021-02-17;632;673;23681;10357;4.8;2.1
50;2021-02-18;569;685;24250;11042;4.9;2.3
50;2021-02-19;630;393;24880;11435;5.1;2.3
50;2021-02-20;423;128;25303;11563;5.2;2.4
50;2021-02-21;85;21;25388;11584;5.2;2.4
50;2021-02-22;291;569;25679;12153;5.2;2.5
50;2021-02-23;503;431;26182;12584;5.3;2.6
50;2021-02-24;624;489;26806;13073;5.5;2.7
50;2021-02-25;780;478;27586;13551;5.6;2.8
50;2021-02-26;998;318;28584;13869;5.8;2.8
50;2021-02-27;887;97;29471;13966;6.0;2.8
50;2021-02-28;111;0;29582;13966;6.0;2.8
50;2021-03-01;488;447;30070;14413;6.1;2.9
50;2021-03-02;651;431;30721;14844;6.3;3.0
50;2021-03-03;798;381;31519;15225;6.4;3.1
50;2021-03-04;1247;289;32766;15514;6.7;3.2
50;2021-03-05;1553;296;34319;15810;7.0;3.2
50;2021-03-06;1319;137;35638;15947;7.3;3.3
50;2021-03-07;550;39;36188;15986;7.4;3.3
50;2021-03-08;1025;572;37213;16558;7.6;3.4
50;2021-03-09;1555;543;38768;17101;7.9;3.5
50;2021-03-10;1607;293;40375;17394;8.2;3.5
50;2021-03-11;2352;338;42727;17732;8.7;3.6
50;2021-03-12;2866;239;45593;17971;9.3;3.7
50;2021-03-13;1995;125;47588;18096;9.7;3.7
50;2021-03-14;280;41;47868;18137;9.8;3.7
50;2021-03-15;1378;291;49246;18428;10.0;3.8
50;2021-03-16;1341;275;50587;18703;10.3;3.8
50;2021-03-17;1295;404;51882;19107;10.6;3.9
50;2021-03-18;1162;427;53044;19534;10.8;4.0
50;2021-03-19;1733;575;54777;20109;11.2;4.1
50;2021-03-20;1688;230;56465;20339;11.5;4.1
50;2021-03-21;794;12;57259;20351;11.7;4.1
50;2021-03-22;1508;334;58767;20685;12.0;4.2
50;2021-03-23;2077;399;60844;21084;12.4;4.3
50;2021-03-24;2281;551;63125;21635;12.9;4.4
50;2021-03-25;2812;471;65937;22106;13.4;4.5
50;2021-03-26;3205;470;69142;22576;14.1;4.6
50;2021-03-27;1823;373;70965;22949;14.5;4.7
50;2021-03-28;403;20;71368;22969;14.5;4.7
50;2021-03-29;2139;717;73507;23686;15.0;4.8
50;2021-03-30;2283;640;75790;24326;15.4;5.0
50;2021-03-31;2479;570;78269;24896;16.0;5.1
50;2021-04-01;3104;864;81373;25760;16.6;5.2
50;2021-04-02;2960;928;84333;26688;17.2;5.4
50;2021-04-03;1245;675;85578;27363;17.4;5.6
50;2021-04-04;321;134;85899;27497;17.5;5.6
50;2021-04-05;400;27;86299;27524;17.6;5.6
50;2021-04-06;2127;1222;88426;28746;18.0;5.9
50;2021-04-07;2556;1175;90982;29921;18.5;6.1
50;2021-04-08;3595;1207;94577;31128;19.3;6.3
50;2021-04-09;3936;1300;98513;32428;20.1;6.6
50;2021-04-10;2534;873;101047;33301;20.6;6.8
50;2021-04-11;411;144;101458;33445;20.7;6.8
50;2021-04-12;2438;1377;103896;34822;21.2;7.1
50;2021-04-13;2678;1511;106574;36333;21.7;7.4
50;2021-04-14;2608;1354;109182;37687;22.3;7.7
50;2021-04-15;3161;1115;112343;38802;22.9;7.9
50;2021-04-16;3363;1103;115706;39905;23.6;8.1
50;2021-04-17;2397;1185;118103;41090;24.1;8.4
50;2021-04-18;425;665;118528;41755;24.2;8.5
50;2021-04-19;1997;1469;120525;43224;24.6;8.8
50;2021-04-20;2273;1589;122798;44813;25.0;9.1
50;2021-04-21;2548;1758;125346;46571;25.5;9.5
50;2021-04-22;3077;1825;128423;48396;26.2;9.9
50;2021-04-23;2757;1917;131180;50313;26.7;10.3
50;2021-04-24;1900;1429;133080;51742;27.1;10.5
50;2021-04-25;470;272;133550;52014;27.2;10.6
50;2021-04-26;2119;1878;135669;53892;27.6;11.0
50;2021-04-27;2412;1996;138081;55888;28.1;11.4
50;2021-04-28;2708;1972;140789;57860;28.7;11.8
50;2021-04-29;3286;2041;144075;59901;29.4;12.2
50;2021-04-30;2999;1923;147074;61824;30.0;12.6
50;2021-05-01;1015;596;148089;62420;30.2;12.7
50;2021-05-02;523;448;148612;62868;30.3;12.8
50;2021-05-03;1771;1805;150383;64673;30.6;13.2
50;2021-05-04;1771;2329;152154;67002;31.0;13.7
50;2021-05-05;1659;2951;153813;69953;31.3;14.3
50;2021-05-06;2530;2580;156343;72533;31.9;14.8
50;2021-05-07;2150;2850;158493;75383;32.3;15.4
50;2021-05-08;1170;792;159663;76175;32.5;15.5
50;2021-05-09;624;361;160287;76536;32.7;15.6
50;2021-05-10;1704;2602;161991;79138;33.0;16.1
50;2021-05-11;2542;2836;164533;81974;33.5;16.7
50;2021-05-12;3179;2438;167712;84412;34.2;17.2
50;2021-05-13;3382;613;171094;85025;34.9;17.3
50;2021-05-14;3568;2275;174662;87300;35.6;17.8
50;2021-05-15;4001;1870;178663;89170;36.4;18.2
50;2021-05-16;947;267;179610;89437;36.6;18.2
50;2021-05-17;2140;1877;181750;91314;37.0;18.6
50;2021-05-18;2524;1614;184274;92928;37.6;18.9
50;2021-05-19;2503;1447;186777;94375;38.1;19.2
50;2021-05-20;3261;1625;190038;96000;38.7;19.6
50;2021-05-21;3156;1908;193194;97908;39.4;20.0
50;2021-05-22;2651;1323;195845;99231;39.9;20.2
50;2021-05-23;603;284;196448;99515;40.0;20.3
50;2021-05-24;1527;490;197975;100005;40.3;20.4
50;2021-05-25;2450;1668;200425;101673;40.8;20.7
50;2021-05-26;3002;1458;203427;103131;41.5;21.0
50;2021-05-27;3035;1969;206462;105100;42.1;21.4
50;2021-05-28;2941;2111;209403;107211;42.7;21.8
50;2021-05-29;2760;1402;212163;108613;43.2;22.1
50;2021-05-30;812;327;212975;108940;43.4;22.2
50;2021-05-31;2652;1815;215627;110755;43.9;22.6
50;2021-06-01;3333;2066;218960;112821;44.6;23.0
50;2021-06-02;3259;1785;222219;114606;45.3;23.4
50;2021-06-03;3914;2059;226133;116665;46.1;23.8
50;2021-06-04;3822;2874;229955;119539;46.9;24.4
50;2021-06-05;2958;1837;232913;121376;47.5;24.7
50;2021-06-06;813;442;233726;121818;47.6;24.8
50;2021-06-07;3512;2078;237238;123896;48.3;25.3
50;2021-06-08;4071;2228;241309;126124;49.2;25.7
50;2021-06-09;4253;1987;245562;128111;50.0;26.1
50;2021-06-10;4193;2113;249755;130224;50.9;26.5
50;2021-06-11;4223;2712;253978;132936;51.8;27.1
50;2021-06-12;3738;1613;257716;134549;52.5;27.4
50;2021-06-13;1143;451;258859;135000;52.8;27.5
50;2021-06-14;2693;2967;261552;137967;53.3;28.1
50;2021-06-15;3016;2599;264568;140566;53.9;28.6
50;2021-06-16;3096;1970;267664;142536;54.6;29.0
50;2021-06-17;2798;2484;270462;145020;55.1;29.6
50;2021-06-18;3239;3051;273701;148071;55.8;30.2
50;2021-06-19;3176;1925;276877;149996;56.4;30.6
50;2021-06-20;731;710;277608;150706;56.6;30.7
50;2021-06-21;1819;3129;279427;153835;56.9;31.4
50;2021-06-22;2064;3390;281491;157225;57.4;32.0
50;2021-06-23;1872;3875;283363;161100;57.8;32.8
50;2021-06-24;1711;4007;285074;165107;58.1;33.6
50;2021-06-25;2134;4007;287208;169114;58.5;34.5
50;2021-06-26;2147;3692;289355;172806;59.0;35.2
50;2021-06-27;615;895;289970;173701;59.1;35.4
50;2021-06-28;1927;3349;291897;177050;59.5;36.1
50;2021-06-29;1881;3406;293778;180456;59.9;36.8
50;2021-06-30;2180;3408;295958;183864;60.3;37.5
50;2021-07-01;1944;3282;297902;187146;60.7;38.1
50;2021-07-02;1898;3933;299800;191079;61.1;38.9
50;2021-07-03;1448;3445;301248;194524;61.4;39.6
50;2021-07-04;445;1066;301693;195590;61.5;39.9
50;2021-07-05;1262;3412;302955;199002;61.7;40.6
50;2021-07-06;1574;3895;304529;202897;62.1;41.4
50;2021-07-07;1804;3617;306333;206514;62.4;42.1
50;2021-07-08;1374;4101;307707;210615;62.7;42.9
50;2021-07-09;1394;4570;309101;215185;63.0;43.9
50;2021-07-10;1023;3599;310124;218784;63.2;44.6
50;2021-07-11;373;1018;310497;219802;63.3;44.8
50;2021-07-12;1317;4623;311814;224425;63.5;45.7
50;2021-07-13;1624;4856;313438;229281;63.9;46.7
50;2021-07-14;1476;2358;314914;231639;64.2;47.2
50;2021-07-15;1687;5048;316601;236687;64.5;48.2
50;2021-07-16;2992;5241;319593;241928;65.1;49.3
50;2021-07-17;2149;3732;321742;245660;65.6;50.1
50;2021-07-18;402;1089;322144;246749;65.7;50.3
50;2021-07-19;1571;5185;323715;251934;66.0;51.3
50;2021-07-20;1924;5405;325639;257339;66.4;52.4
50;2021-07-21;1802;5256;327441;262595;66.7;53.5
50;2021-07-22;1947;5002;329388;267597;67.1;54.5
50;2021-07-23;2072;5372;331460;272969;67.6;55.6
50;2021-07-24;1311;3836;332771;276805;67.8;56.4
50;2021-07-25;274;1037;333045;277842;67.9;56.6
50;2021-07-26;2289;3487;335334;281329;68.3;57.3
50;2021-07-27;2899;3346;338233;284675;68.9;58.0
50;2021-07-28;2997;3686;341230;288361;69.5;58.8
50;2021-07-29;3581;3220;344811;291581;70.3;59.4
50;2021-07-30;3075;3005;347886;294586;70.9;60.0
50;2021-07-31;2406;2672;350292;297258;71.4;60.6
50;2021-08-01;484;685;350776;297943;71.5;60.7
50;2021-08-02;2474;2739;353250;300682;72.0;61.3
50;2021-08-03;3404;2470;356654;303152;72.7;61.8
50;2021-08-04;3601;2322;360255;305474;73.4;62.3
50;2021-08-05;3188;2159;363443;307633;74.1;62.7
50;2021-08-06;3656;2800;367099;310433;74.8;63.3
50;2021-08-07;2461;2156;369560;312589;75.3;63.7
50;2021-08-08;511;712;370071;313301;75.4;63.9
50;2021-08-09;2492;2133;372563;315434;75.9;64.3
50;2021-08-10;2986;1989;375549;317423;76.5;64.7
50;2021-08-11;2850;2018;378399;319441;77.1;65.1
50;2021-08-12;2593;2438;380992;321879;77.6;65.6
50;2021-08-13;2502;1979;383494;323858;78.2;66.0
50;2021-08-14;1810;1748;385304;325606;78.5;66.4
50;2021-08-15;399;334;385703;325940;78.6;66.4
50;2021-08-16;1719;2227;387422;328167;79.0;66.9
50;2021-08-17;1971;2703;389393;330870;79.4;67.4
50;2021-08-18;1838;2389;391231;333259;79.7;67.9
50;2021-08-19;1708;2577;392939;335836;80.1;68.4
50;2021-08-20;1617;2738;394556;338574;80.4;69.0
50;2021-08-21;1017;2727;395573;341301;80.6;69.6
50;2021-08-22;384;519;395957;341820;80.7;69.7
50;2021-08-23;1137;2905;397094;344725;80.9;70.3
50;2021-08-24;1246;3222;398340;347947;81.2;70.9
50;2021-08-25;1091;2649;399431;350596;81.4;71.5
50;2021-08-26;864;3156;400295;353752;81.6;72.1
50;2021-08-27;932;3181;401227;356933;81.8;72.7
50;2021-08-28;791;2887;402018;359820;81.9;73.3
50;2021-08-29;283;575;402301;360395;82.0;73.4
50;2021-08-30;773;2948;403074;363343;82.1;74.1
50;2021-08-31;817;3034;403891;366377;82.3;74.7
50;2021-09-01;635;2888;404526;369265;82.4;75.3
50;2021-09-02;502;2541;405028;371806;82.5;75.8
50;2021-09-03;659;2878;405687;374684;82.7;76.4
50;2021-09-04;622;2991;406309;377675;82.8;77.0
50;2021-09-05;194;741;406503;378416;82.8;77.1
50;2021-09-06;378;2192;406881;380608;82.9;77.6
50;2021-09-07;295;1754;407176;382362;83.0;77.9
50;2021-09-08;462;2128;407638;384490;83.1;78.4
50;2021-09-09;379;1493;408017;385983;83.2;78.7
50;2021-09-10;494;2019;408511;388002;83.3;79.1
50;2021-09-11;362;2428;408873;390430;83.3;79.6
50;2021-09-12;71;387;408944;390817;83.3;79.6
50;2021-09-13;409;1386;409353;392203;83.4;79.9
50;2021-09-14;410;1383;409763;393586;83.5;80.2
50;2021-09-15;414;1087;410177;394673;83.6;80.4
50;2021-09-16;461;747;410638;395420;83.7;80.6
50;2021-09-17;456;1030;411094;396450;83.8;80.8
50;2021-09-18;313;1467;411407;397917;83.8;81.1
50;2021-09-19;46;276;411453;398193;83.9;81.2
50;2021-09-20;381;588;411834;398781;83.9;81.3
50;2021-09-21;431;623;412265;399404;84.0;81.4
50;2021-09-22;210;861;412475;400265;84.1;81.6
50;2021-09-23;261;445;412736;400710;84.1;81.7
50;2021-09-24;243;810;412979;401520;84.2;81.8
50;2021-09-25;213;934;413192;402454;84.2;82.0
50;2021-09-26;20;181;413212;402635;84.2;82.1
50;2021-09-27;104;385;413316;403020;84.2;82.1
50;2021-09-28;155;384;413471;403404;84.3;82.2
51;2020-12-27;0;0;0;0;0.0;0.0
51;2020-12-28;0;0;0;0;0.0;0.0
51;2020-12-29;0;0;0;0;0.0;0.0
51;2020-12-30;0;0;0;0;0.0;0.0
51;2020-12-31;1;0;1;0;0.0;0.0
51;2021-01-01;0;0;1;0;0.0;0.0
51;2021-01-02;0;0;1;0;0.0;0.0
51;2021-01-03;0;0;1;0;0.0;0.0
51;2021-01-04;1;0;2;0;0.0;0.0
51;2021-01-05;1;0;3;0;0.0;0.0
51;2021-01-06;6;0;9;0;0.0;0.0
51;2021-01-07;262;1;271;1;0.0;0.0
51;2021-01-08;508;1;779;2;0.1;0.0
51;2021-01-09;91;0;870;2;0.2;0.0
51;2021-01-10;0;0;870;2;0.2;0.0
51;2021-01-11;545;2;1415;4;0.3;0.0
51;2021-01-12;1542;4;2957;8;0.5;0.0
51;2021-01-13;1289;5;4246;13;0.8;0.0
51;2021-01-14;1475;6;5721;19;1.0;0.0
51;2021-01-15;607;3;6328;22;1.1;0.0
51;2021-01-16;177;1;6505;23;1.2;0.0
51;2021-01-17;102;0;6607;23;1.2;0.0
51;2021-01-18;845;3;7452;26;1.3;0.0
51;2021-01-19;997;2;8449;28;1.5;0.0
51;2021-01-20;955;7;9404;35;1.7;0.0
51;2021-01-21;790;2;10194;37;1.8;0.0
51;2021-01-22;393;2;10587;39;1.9;0.0
51;2021-01-23;294;0;10881;39;1.9;0.0
51;2021-01-24;130;1;11011;40;2.0;0.0
51;2021-01-25;712;3;11723;43;2.1;0.0
51;2021-01-26;779;5;12502;48;2.2;0.0
51;2021-01-27;655;2;13157;50;2.3;0.0
51;2021-01-28;646;54;13803;104;2.4;0.0
51;2021-01-29;474;141;14277;245;2.5;0.0
51;2021-01-30;126;5;14403;250;2.6;0.0
51;2021-01-31;83;0;14486;250;2.6;0.0
51;2021-02-01;275;58;14761;308;2.6;0.1
51;2021-02-02;738;622;15499;930;2.7;0.2
51;2021-02-03;642;454;16141;1384;2.9;0.2
51;2021-02-04;968;733;17109;2117;3.0;0.4
51;2021-02-05;973;473;18082;2590;3.2;0.5
51;2021-02-06;30;136;18112;2726;3.2;0.5
51;2021-02-07;0;18;18112;2744;3.2;0.5
51;2021-02-08;115;392;18227;3136;3.2;0.6
51;2021-02-09;222;454;18449;3590;3.3;0.6
51;2021-02-10;220;599;18669;4189;3.3;0.7
51;2021-02-11;302;491;18971;4680;3.4;0.8
51;2021-02-12;341;489;19312;5169;3.4;0.9
51;2021-02-13;8;94;19320;5263;3.4;0.9
51;2021-02-14;8;119;19328;5382;3.4;1.0
51;2021-02-15;265;592;19593;5974;3.5;1.1
51;2021-02-16;402;762;19995;6736;3.5;1.2
51;2021-02-17;367;694;20362;7430;3.6;1.3
51;2021-02-18;437;469;20799;7899;3.7;1.4
51;2021-02-19;529;380;21328;8279;3.8;1.5
51;2021-02-20;205;264;21533;8543;3.8;1.5
51;2021-02-21;10;93;21543;8636;3.8;1.5
51;2021-02-22;195;544;21738;9180;3.9;1.6
51;2021-02-23;262;915;22000;10095;3.9;1.8
51;2021-02-24;414;554;22414;10649;4.0;1.9
51;2021-02-25;1049;780;23463;11429;4.2;2.0
51;2021-02-26;1228;601;24691;12030;4.4;2.1
51;2021-02-27;590;96;25281;12126;4.5;2.2
51;2021-02-28;7;52;25288;12178;4.5;2.2
51;2021-03-01;767;278;26055;12456;4.6;2.2
51;2021-03-02;1128;414;27183;12870;4.8;2.3
51;2021-03-03;1193;388;28376;13258;5.0;2.4
51;2021-03-04;1061;630;29437;13888;5.2;2.5
51;2021-03-05;1560;567;30997;14455;5.5;2.6
51;2021-03-06;1433;56;32430;14511;5.8;2.6
51;2021-03-07;250;5;32680;14516;5.8;2.6
51;2021-03-08;992;98;33672;14614;6.0;2.6
51;2021-03-09;1665;180;35337;14794;6.3;2.6
51;2021-03-10;1996;103;37333;14897;6.6;2.6
51;2021-03-11;2371;168;39704;15065;7.0;2.7
51;2021-03-12;3253;148;42957;15213;7.6;2.7
51;2021-03-13;2550;49;45507;15262;8.1;2.7
51;2021-03-14;190;5;45697;15267;8.1;2.7
51;2021-03-15;1580;150;47277;15417;8.4;2.7
51;2021-03-16;1478;182;48755;15599;8.6;2.8
51;2021-03-17;1497;206;50252;15805;8.9;2.8
51;2021-03-18;1615;287;51867;16092;9.2;2.9
51;2021-03-19;2311;296;54178;16388;9.6;2.9
51;2021-03-20;1661;216;55839;16604;9.9;2.9
51;2021-03-21;133;4;55972;16608;9.9;2.9
51;2021-03-22;1416;125;57388;16733;10.2;3.0
51;2021-03-23;2469;160;59857;16893;10.6;3.0
51;2021-03-24;2846;131;62703;17024;11.1;3.0
51;2021-03-25;3254;331;65957;17355;11.7;3.1
51;2021-03-26;3411;501;69368;17856;12.3;3.2
51;2021-03-27;1842;249;71210;18105;12.6;3.2
51;2021-03-28;213;3;71423;18108;12.7;3.2
51;2021-03-29;991;629;72414;18737;12.8;3.3
51;2021-03-30;1748;850;74162;19587;13.2;3.5
51;2021-03-31;1738;748;75900;20335;13.5;3.6
51;2021-04-01;2282;449;78182;20784;13.9;3.7
51;2021-04-02;2425;641;80607;21425;14.3;3.8
51;2021-04-03;1301;411;81908;21836;14.5;3.9
51;2021-04-04;106;2;82014;21838;14.5;3.9
51;2021-04-05;72;138;82086;21976;14.6;3.9
51;2021-04-06;763;1230;82849;23206;14.7;4.1
51;2021-04-07;1312;1407;84161;24613;14.9;4.4
51;2021-04-08;2204;1771;86365;26384;15.3;4.7
51;2021-04-09;2862;1724;89227;28108;15.8;5.0
51;2021-04-10;2219;496;91446;28604;16.2;5.1
51;2021-04-11;105;85;91551;28689;16.2;5.1
51;2021-04-12;1450;1338;93001;30027;16.5;5.3
51;2021-04-13;1936;1670;94937;31697;16.8;5.6
51;2021-04-14;2460;1549;97397;33246;17.3;5.9
51;2021-04-15;2856;1672;100253;34918;17.8;6.2
51;2021-04-16;3214;1600;103467;36518;18.4;6.5
51;2021-04-17;1966;775;105433;37293;18.7;6.6
51;2021-04-18;296;114;105729;37407;18.8;6.6
51;2021-04-19;1561;1157;107290;38564;19.0;6.8
51;2021-04-20;1791;1661;109081;40225;19.3;7.1
51;2021-04-21;2002;1741;111083;41966;19.7;7.4
51;2021-04-22;2407;1661;113490;43627;20.1;7.7
51;2021-04-23;2982;1823;116472;45450;20.7;8.1
51;2021-04-24;1749;952;118221;46402;21.0;8.2
51;2021-04-25;123;160;118344;46562;21.0;8.3
51;2021-04-26;1851;761;120195;47323;21.3;8.4
51;2021-04-27;2442;1214;122637;48537;21.8;8.6
51;2021-04-28;2552;1290;125189;49827;22.2;8.8
51;2021-04-29;2676;1460;127865;51287;22.7;9.1
51;2021-04-30;2975;1658;130840;52945;23.2;9.4
51;2021-05-01;1453;411;132293;53356;23.5;9.5
51;2021-05-02;107;99;132400;53455;23.5;9.5
51;2021-05-03;2484;754;134884;54209;23.9;9.6
51;2021-05-04;2788;1351;137672;55560;24.4;9.9
51;2021-05-05;2860;1638;140532;57198;24.9;10.1
51;2021-05-06;5344;1949;145876;59147;25.9;10.5
51;2021-05-07;3705;1902;149581;61049;26.5;10.8
51;2021-05-08;2862;815;152443;61864;27.0;11.0
51;2021-05-09;211;92;152654;61956;27.1;11.0
51;2021-05-10;3214;1859;155868;63815;27.6;11.3
51;2021-05-11;3643;2032;159511;65847;28.3;11.7
51;2021-05-12;4182;2233;163693;68080;29.0;12.1
51;2021-05-13;1777;505;165470;68585;29.3;12.2
51;2021-05-14;5401;1740;170871;70325;30.3;12.5
51;2021-05-15;4227;1351;175098;71676;31.1;12.7
51;2021-05-16;284;45;175382;71721;31.1;12.7
51;2021-05-17;3131;1520;178513;73241;31.7;13.0
51;2021-05-18;3918;1760;182431;75001;32.4;13.3
51;2021-05-19;4031;1722;186462;76723;33.1;13.6
51;2021-05-20;4649;1966;191111;78689;33.9;14.0
51;2021-05-21;3597;2463;194708;81152;34.5;14.4
51;2021-05-22;2075;1548;196783;82700;34.9;14.7
51;2021-05-23;308;210;197091;82910;35.0;14.7
51;2021-05-24;2018;720;199109;83630;35.3;14.8
51;2021-05-25;3130;1828;202239;85458;35.9;15.2
51;2021-05-26;3296;1710;205535;87168;36.5;15.5
51;2021-05-27;3267;2056;208802;89224;37.0;15.8
51;2021-05-28;3606;2795;212408;92019;37.7;16.3
51;2021-05-29;2401;1990;214809;94009;38.1;16.7
51;2021-05-30;401;133;215210;94142;38.2;16.7
51;2021-05-31;3348;1767;218558;95909;38.8;17.0
51;2021-06-01;3853;2321;222411;98230;39.4;17.4
51;2021-06-02;6096;2328;228507;100558;40.5;17.8
51;2021-06-03;3580;2424;232087;102982;41.2;18.3
51;2021-06-04;6345;2935;238432;105917;42.3;18.8
51;2021-06-05;2596;1814;241028;107731;42.7;19.1
51;2021-06-06;172;157;241200;107888;42.8;19.1
51;2021-06-07;4302;2164;245502;110052;43.5;19.5
51;2021-06-08;3925;2529;249427;112581;44.2;20.0
51;2021-06-09;4016;2748;253443;115329;45.0;20.5
51;2021-06-10;3208;2485;256651;117814;45.5;20.9
51;2021-06-11;3358;3425;260009;121239;46.1;21.5
51;2021-06-12;2165;2170;262174;123409;46.5;21.9
51;2021-06-13;191;149;262365;123558;46.5;21.9
51;2021-06-14;1627;3327;263992;126885;46.8;22.5
51;2021-06-15;3189;3577;267181;130462;47.4;23.1
51;2021-06-16;2208;3683;269389;134145;47.8;23.8
51;2021-06-17;2608;5399;271997;139544;48.2;24.7
51;2021-06-18;2355;5211;274352;144755;48.7;25.7
51;2021-06-19;1683;4425;276035;149180;49.0;26.5
51;2021-06-20;184;228;276219;149408;49.0;26.5
51;2021-06-21;1231;4435;277450;153843;49.2;27.3
51;2021-06-22;1558;4043;279008;157886;49.5;28.0
51;2021-06-23;3670;4236;282678;162122;50.1;28.8
51;2021-06-24;2246;3224;284924;165346;50.5;29.3
51;2021-06-25;1905;6525;286829;171871;50.9;30.5
51;2021-06-26;1203;5063;288032;176934;51.1;31.4
51;2021-06-27;103;336;288135;177270;51.1;31.4
51;2021-06-28;1401;4413;289536;181683;51.4;32.2
51;2021-06-29;1174;4463;290710;186146;51.6;33.0
51;2021-06-30;1687;6044;292397;192190;51.9;34.1
51;2021-07-01;1978;3765;294375;195955;52.2;34.8
51;2021-07-02;1838;6885;296213;202840;52.5;36.0
51;2021-07-03;1003;3196;297216;206036;52.7;36.5
51;2021-07-04;171;254;297387;206290;52.7;36.6
51;2021-07-05;768;5529;298155;211819;52.9;37.6
51;2021-07-06;1247;4778;299402;216597;53.1;38.4
51;2021-07-07;1617;4934;301019;221531;53.4;39.3
51;2021-07-08;2067;3430;303086;224961;53.8;39.9
51;2021-07-09;1854;5055;304940;230016;54.1;40.8
51;2021-07-10;1238;3205;306178;233221;54.3;41.4
51;2021-07-11;190;281;306368;233502;54.3;41.4
51;2021-07-12;996;4379;307364;237881;54.5;42.2
51;2021-07-13;1480;4770;308844;242651;54.8;43.0
51;2021-07-14;1071;1691;309915;244342;55.0;43.3
51;2021-07-15;2938;4910;312853;249252;55.5;44.2
51;2021-07-16;2364;5273;315217;254525;55.9;45.1
51;2021-07-17;1820;3476;317037;258001;56.2;45.8
51;2021-07-18;163;330;317200;258331;56.3;45.8
51;2021-07-19;1892;3973;319092;262304;56.6;46.5
51;2021-07-20;2585;5143;321677;267447;57.1;47.4
51;2021-07-21;3611;4066;325288;271513;57.7;48.2
51;2021-07-22;4412;3758;329700;275271;58.5;48.8
51;2021-07-23;3640;4377;333340;279648;59.1;49.6
51;2021-07-24;2086;2724;335426;282372;59.5;50.1
51;2021-07-25;356;258;335782;282630;59.6;50.1
51;2021-07-26;3113;2809;338895;285439;60.1;50.6
51;2021-07-27;5863;3273;344758;288712;61.1;51.2
51;2021-07-28;4138;4320;348896;293032;61.9;52.0
51;2021-07-29;4700;2717;353596;295749;62.7;52.5
51;2021-07-30;3628;3154;357224;298903;63.4;53.0
51;2021-07-31;2526;2131;359750;301034;63.8;53.4
51;2021-08-01;375;236;360125;301270;63.9;53.4
51;2021-08-02;3286;2308;363411;303578;64.5;53.8
51;2021-08-03;3775;1912;367186;305490;65.1;54.2
51;2021-08-04;4451;2124;371637;307614;65.9;54.6
51;2021-08-05;2656;1534;374293;309148;66.4;54.8
51;2021-08-06;3044;2550;377337;311698;66.9;55.3
51;2021-08-07;2161;1698;379498;313396;67.3;55.6
51;2021-08-08;368;208;379866;313604;67.4;55.6
51;2021-08-09;2603;1850;382469;315454;67.8;55.9
51;2021-08-10;2371;1983;384840;317437;68.3;56.3
51;2021-08-11;2917;2341;387757;319778;68.8;56.7
51;2021-08-12;1753;1958;389510;321736;69.1;57.1
51;2021-08-13;2066;2670;391576;324406;69.5;57.5
51;2021-08-14;1581;2027;393157;326433;69.7;57.9
51;2021-08-15;149;150;393306;326583;69.8;57.9
51;2021-08-16;1356;3016;394662;329599;70.0;58.5
51;2021-08-17;1560;3283;396222;332882;70.3;59.0
51;2021-08-18;1899;3693;398121;336575;70.6;59.7
51;2021-08-19;1408;2548;399529;339123;70.9;60.1
51;2021-08-20;1708;3974;401237;343097;71.2;60.9
51;2021-08-21;988;2497;402225;345594;71.3;61.3
51;2021-08-22;101;343;402326;345937;71.4;61.4
51;2021-08-23;1111;3607;403437;349544;71.6;62.0
51;2021-08-24;1172;3643;404609;353187;71.8;62.6
51;2021-08-25;1319;4487;405928;357674;72.0;63.4
51;2021-08-26;1056;2547;406984;360221;72.2;63.9
51;2021-08-27;1214;4178;408198;364399;72.4;64.6
51;2021-08-28;655;2632;408853;367031;72.5;65.1
51;2021-08-29;83;360;408936;367391;72.5;65.2
51;2021-08-30;1332;4829;410268;372220;72.8;66.0
51;2021-08-31;780;3011;411048;375231;72.9;66.6
51;2021-09-01;739;3372;411787;378603;73.0;67.1
51;2021-09-02;799;2215;412586;380818;73.2;67.5
51;2021-09-03;904;2911;413490;383729;73.3;68.1
51;2021-09-04;618;2805;414108;386534;73.4;68.6
51;2021-09-05;122;225;414230;386759;73.5;68.6
51;2021-09-06;432;1791;414662;388550;73.5;68.9
51;2021-09-07;518;1670;415180;390220;73.6;69.2
51;2021-09-08;624;2175;415804;392395;73.7;69.6
51;2021-09-09;464;1348;416268;393743;73.8;69.8
51;2021-09-10;665;2087;416933;395830;73.9;70.2
51;2021-09-11;557;1934;417490;397764;74.0;70.5
51;2021-09-12;19;82;417509;397846;74.0;70.6
51;2021-09-13;424;1091;417933;398937;74.1;70.8
51;2021-09-14;593;1331;418526;400268;74.2;71.0
51;2021-09-15;490;1421;419016;401689;74.3;71.2
51;2021-09-16;306;658;419322;402347;74.4;71.4
51;2021-09-17;538;1127;419860;403474;74.5;71.6
51;2021-09-18;470;1418;420330;404892;74.5;71.8
51;2021-09-19;13;64;420343;404956;74.6;71.8
51;2021-09-20;280;532;420623;405488;74.6;71.9
51;2021-09-21;255;489;420878;405977;74.6;72.0
51;2021-09-22;318;1348;421196;407325;74.7;72.2
51;2021-09-23;195;602;421391;407927;74.7;72.4
51;2021-09-24;365;977;421756;408904;74.8;72.5
51;2021-09-25;284;983;422040;409887;74.9;72.7
51;2021-09-26;7;129;422047;410016;74.9;72.7
51;2021-09-27;259;444;422306;410460;74.9;72.8
51;2021-09-28;293;362;422599;410822;75.0;72.9
52;2020-12-27;0;0;0;0;0.0;0.0
52;2020-12-28;1;0;1;0;0.0;0.0
52;2020-12-29;0;0;1;0;0.0;0.0
52;2020-12-30;0;0;1;0;0.0;0.0
52;2020-12-31;0;0;1;0;0.0;0.0
52;2021-01-01;0;0;1;0;0.0;0.0
52;2021-01-02;1;0;2;0;0.0;0.0
52;2021-01-03;0;0;2;0;0.0;0.0
52;2021-01-04;0;0;2;0;0.0;0.0
52;2021-01-05;0;0;2;0;0.0;0.0
52;2021-01-06;2;0;4;0;0.0;0.0
52;2021-01-07;0;0;4;0;0.0;0.0
52;2021-01-08;200;1;204;1;0.1;0.0
52;2021-01-09;93;0;297;1;0.2;0.0
52;2021-01-10;0;0;297;1;0.2;0.0
52;2021-01-11;207;0;504;1;0.3;0.0
52;2021-01-12;171;0;675;1;0.4;0.0
52;2021-01-13;563;2;1238;3;0.7;0.0
52;2021-01-14;677;10;1915;13;1.1;0.0
52;2021-01-15;411;1;2326;14;1.4;0.0
52;2021-01-16;16;0;2342;14;1.4;0.0
52;2021-01-17;0;0;2342;14;1.4;0.0
52;2021-01-18;427;0;2769;14;1.6;0.0
52;2021-01-19;440;0;3209;14;1.9;0.0
52;2021-01-20;420;0;3629;14;2.1;0.0
52;2021-01-21;423;1;4052;15;2.4;0.0
52;2021-01-22;321;2;4373;17;2.6;0.0
52;2021-01-23;73;1;4446;18;2.6;0.0
52;2021-01-24;0;0;4446;18;2.6;0.0
52;2021-01-25;235;0;4681;18;2.8;0.0
52;2021-01-26;308;0;4989;18;2.9;0.0
52;2021-01-27;238;1;5227;19;3.1;0.0
52;2021-01-28;174;4;5401;23;3.2;0.0
52;2021-01-29;74;114;5475;137;3.2;0.1
52;2021-01-30;91;92;5566;229;3.3;0.1
52;2021-01-31;0;0;5566;229;3.3;0.1
52;2021-02-01;117;178;5683;407;3.4;0.2
52;2021-02-02;61;167;5744;574;3.4;0.3
52;2021-02-03;89;387;5833;961;3.4;0.6
52;2021-02-04;231;534;6064;1495;3.6;0.9
52;2021-02-05;113;421;6177;1916;3.6;1.1
52;2021-02-06;22;0;6199;1916;3.7;1.1
52;2021-02-07;0;1;6199;1917;3.7;1.1
52;2021-02-08;34;163;6233;2080;3.7;1.2
52;2021-02-09;47;174;6280;2254;3.7;1.3
52;2021-02-10;88;162;6368;2416;3.8;1.4
52;2021-02-11;129;123;6497;2539;3.8;1.5
52;2021-02-12;187;106;6684;2645;3.9;1.6
52;2021-02-13;5;1;6689;2646;4.0;1.6
52;2021-02-14;0;16;6689;2662;4.0;1.6
52;2021-02-15;79;226;6768;2888;4.0;1.7
52;2021-02-16;50;282;6818;3170;4.0;1.9
52;2021-02-17;38;254;6856;3424;4.1;2.0
52;2021-02-18;82;238;6938;3662;4.1;2.2
52;2021-02-19;51;151;6989;3813;4.1;2.3
52;2021-02-20;14;89;7003;3902;4.1;2.3
52;2021-02-21;0;0;7003;3902;4.1;2.3
52;2021-02-22;42;322;7045;4224;4.2;2.5
52;2021-02-23;56;224;7101;4448;4.2;2.6
52;2021-02-24;81;212;7182;4660;4.2;2.8
52;2021-02-25;161;224;7343;4884;4.3;2.9
52;2021-02-26;296;174;7639;5058;4.5;3.0
52;2021-02-27;149;49;7788;5107;4.6;3.0
52;2021-02-28;0;0;7788;5107;4.6;3.0
52;2021-03-01;162;13;7950;5120;4.7;3.0
52;2021-03-02;209;45;8159;5165;4.8;3.1
52;2021-03-03;356;35;8515;5200;5.0;3.1
52;2021-03-04;379;58;8894;5258;5.3;3.1
52;2021-03-05;531;52;9425;5310;5.6;3.1
52;2021-03-06;409;35;9834;5345;5.8;3.2
52;2021-03-07;0;0;9834;5345;5.8;3.2
52;2021-03-08;398;102;10232;5447;6.0;3.2
52;2021-03-09;549;103;10781;5550;6.4;3.3
52;2021-03-10;308;102;11089;5652;6.6;3.3
52;2021-03-11;587;34;11676;5686;6.9;3.4
52;2021-03-12;585;68;12261;5754;7.2;3.4
52;2021-03-13;494;10;12755;5764;7.5;3.4
52;2021-03-14;15;3;12770;5767;7.5;3.4
52;2021-03-15;318;27;13088;5794;7.7;3.4
52;2021-03-16;203;15;13291;5809;7.9;3.4
52;2021-03-17;369;13;13660;5822;8.1;3.4
52;2021-03-18;442;10;14102;5832;8.3;3.4
52;2021-03-19;453;53;14555;5885;8.6;3.5
52;2021-03-20;259;12;14814;5897;8.8;3.5
52;2021-03-21;15;1;14829;5898;8.8;3.5
52;2021-03-22;375;49;15204;5947;9.0;3.5
52;2021-03-23;686;106;15890;6053;9.4;3.6
52;2021-03-24;771;71;16661;6124;9.8;3.6
52;2021-03-25;1142;88;17803;6212;10.5;3.7
52;2021-03-26;1036;135;18839;6347;11.1;3.8
52;2021-03-27;477;75;19316;6422;11.4;3.8
52;2021-03-28;53;0;19369;6422;11.4;3.8
52;2021-03-29;507;182;19876;6604;11.7;3.9
52;2021-03-30;870;301;20746;6905;12.3;4.1
52;2021-03-31;956;291;21702;7196;12.8;4.3
52;2021-04-01;1145;183;22847;7379;13.5;4.4
52;2021-04-02;958;109;23805;7488;14.1;4.4
52;2021-04-03;462;2;24267;7490;14.3;4.4
52;2021-04-04;1;1;24268;7491;14.3;4.4
52;2021-04-05;1;0;24269;7491;14.3;4.4
52;2021-04-06;434;293;24703;7784;14.6;4.6
52;2021-04-07;506;450;25209;8234;14.9;4.9
52;2021-04-08;860;208;26069;8442;15.4;5.0
52;2021-04-09;1058;131;27127;8573;16.0;5.1
52;2021-04-10;850;102;27977;8675;16.5;5.1
52;2021-04-11;96;1;28073;8676;16.6;5.1
52;2021-04-12;933;277;29006;8953;17.1;5.3
52;2021-04-13;1251;380;30257;9333;17.9;5.5
52;2021-04-14;1345;455;31602;9788;18.7;5.8
52;2021-04-15;1505;440;33107;10228;19.6;6.0
52;2021-04-16;1570;359;34677;10587;20.5;6.3
52;2021-04-17;1312;135;35989;10722;21.3;6.3
52;2021-04-18;510;29;36499;10751;21.6;6.4
52;2021-04-19;697;611;37196;11362;22.0;6.7
52;2021-04-20;1079;679;38275;12041;22.6;7.1
52;2021-04-21;1058;673;39333;12714;23.2;7.5
52;2021-04-22;1468;733;40801;13447;24.1;7.9
52;2021-04-23;1250;668;42051;14115;24.8;8.3
52;2021-04-24;477;293;42528;14408;25.1;8.5
52;2021-04-25;3;77;42531;14485;25.1;8.6
52;2021-04-26;631;560;43162;15045;25.5;8.9
52;2021-04-27;932;668;44094;15713;26.1;9.3
52;2021-04-28;1443;567;45537;16280;26.9;9.6
52;2021-04-29;1452;583;46989;16863;27.8;10.0
52;2021-04-30;1316;611;48305;17474;28.5;10.3
52;2021-05-01;8;230;48313;17704;28.5;10.5
52;2021-05-02;0;1;48313;17705;28.5;10.5
52;2021-05-03;1159;628;49472;18333;29.2;10.8
52;2021-05-04;1445;719;50917;19052;30.1;11.3
52;2021-05-05;1768;647;52685;19699;31.1;11.6
52;2021-05-06;1963;537;54648;20236;32.3;12.0
52;2021-05-07;1441;1168;56089;21404;33.1;12.6
52;2021-05-08;587;317;56676;21721;33.5;12.8
52;2021-05-09;1;47;56677;21768;33.5;12.9
52;2021-05-10;792;1099;57469;22867;34.0;13.5
52;2021-05-11;868;1389;58337;24256;34.5;14.3
52;2021-05-12;1206;1382;59543;25638;35.2;15.1
52;2021-05-13;67;184;59610;25822;35.2;15.3
52;2021-05-14;1184;1365;60794;27187;35.9;16.1
52;2021-05-15;491;929;61285;28116;36.2;16.6
52;2021-05-16;8;43;61293;28159;36.2;16.6
52;2021-05-17;1141;705;62434;28864;36.9;17.1
52;2021-05-18;1218;677;63652;29541;37.6;17.5
52;2021-05-19;1541;415;65193;29956;38.5;17.7
52;2021-05-20;1546;418;66739;30374;39.4;17.9
52;2021-05-21;1624;611;68363;30985;40.4;18.3
52;2021-05-22;1089;210;69452;31195;41.0;18.4
52;2021-05-23;1;0;69453;31195;41.0;18.4
52;2021-05-24;405;33;69858;31228;41.3;18.5
52;2021-05-25;1351;385;71209;31613;42.1;18.7
52;2021-05-26;1477;672;72686;32285;42.9;19.1
52;2021-05-27;1564;786;74250;33071;43.9;19.5
52;2021-05-28;1493;668;75743;33739;44.8;19.9
52;2021-05-29;695;834;76438;34573;45.2;20.4
52;2021-05-30;16;551;76454;35124;45.2;20.8
52;2021-05-31;824;829;77278;35953;45.7;21.2
52;2021-06-01;956;816;78234;36769;46.2;21.7
52;2021-06-02;896;754;79130;37523;46.8;22.2
52;2021-06-03;825;825;79955;38348;47.2;22.7
52;2021-06-04;883;1340;80838;39688;47.8;23.4
52;2021-06-05;581;637;81419;40325;48.1;23.8
52;2021-06-06;27;55;81446;40380;48.1;23.9
52;2021-06-07;359;931;81805;41311;48.3;24.4
52;2021-06-08;556;1470;82361;42781;48.7;25.3
52;2021-06-09;611;1474;82972;44255;49.0;26.1
52;2021-06-10;794;1157;83766;45412;49.5;26.8
52;2021-06-11;830;1347;84596;46759;50.0;27.6
52;2021-06-12;423;586;85019;47345;50.2;28.0
52;2021-06-13;2;6;85021;47351;50.2;28.0
52;2021-06-14;171;1413;85192;48764;50.3;28.8
52;2021-06-15;221;1807;85413;50571;50.5;29.9
52;2021-06-16;351;1996;85764;52567;50.7;31.1
52;2021-06-17;265;1156;86029;53723;50.8;31.7
52;2021-06-18;308;1553;86337;55276;51.0;32.7
52;2021-06-19;502;684;86839;55960;51.3;33.1
52;2021-06-20;1;17;86840;55977;51.3;33.1
52;2021-06-21;523;897;87363;56874;51.6;33.6
52;2021-06-22;503;1047;87866;57921;51.9;34.2
52;2021-06-23;563;1043;88429;58964;52.2;34.8
52;2021-06-24;610;715;89039;59679;52.6;35.3
52;2021-06-25;661;1313;89700;60992;53.0;36.0
52;2021-06-26;264;722;89964;61714;53.2;36.5
52;2021-06-27;1;8;89965;61722;53.2;36.5
52;2021-06-28;184;1442;90149;63164;53.3;37.3
52;2021-06-29;163;1414;90312;64578;53.4;38.2
52;2021-06-30;221;1467;90533;66045;53.5;39.0
52;2021-07-01;320;1020;90853;67065;53.7;39.6
52;2021-07-02;430;1454;91283;68519;53.9;40.5
52;2021-07-03;302;1148;91585;69667;54.1;41.2
52;2021-07-04;0;11;91585;69678;54.1;41.2
52;2021-07-05;173;1446;91758;71124;54.2;42.0
52;2021-07-06;284;1449;92042;72573;54.4;42.9
52;2021-07-07;309;1163;92351;73736;54.6;43.6
52;2021-07-08;473;1166;92824;74902;54.8;44.3
52;2021-07-09;288;1620;93112;76522;55.0;45.2
52;2021-07-10;155;822;93267;77344;55.1;45.7
52;2021-07-11;13;12;93280;77356;55.1;45.7
52;2021-07-12;299;1466;93579;78822;55.3;46.6
52;2021-07-13;590;1365;94169;80187;55.6;47.4
52;2021-07-14;437;153;94606;80340;55.9;47.5
52;2021-07-15;614;1428;95220;81768;56.3;48.3
52;2021-07-16;899;1337;96119;83105;56.8;49.1
52;2021-07-17;530;343;96649;83448;57.1;49.3
52;2021-07-18;3;12;96652;83460;57.1;49.3
52;2021-07-19;691;987;97343;84447;57.5;49.9
52;2021-07-20;1110;831;98453;85278;58.2;50.4
52;2021-07-21;1161;737;99614;86015;58.9;50.8
52;2021-07-22;1447;865;101061;86880;59.7;51.3
52;2021-07-23;1399;956;102460;87836;60.5;51.9
52;2021-07-24;873;487;103333;88323;61.1;52.2
52;2021-07-25;22;21;103355;88344;61.1;52.2
52;2021-07-26;1010;613;104365;88957;61.7;52.6
52;2021-07-27;1342;657;105707;89614;62.5;52.9
52;2021-07-28;1382;642;107089;90256;63.3;53.3
52;2021-07-29;1263;622;108352;90878;64.0;53.7
52;2021-07-30;1365;712;109717;91590;64.8;54.1
52;2021-07-31;873;549;110590;92139;65.3;54.4
52;2021-08-01;1;14;110591;92153;65.3;54.4
52;2021-08-02;1185;562;111776;92715;66.0;54.8
52;2021-08-03;1363;539;113139;93254;66.8;55.1
52;2021-08-04;1157;579;114296;93833;67.5;55.4
52;2021-08-05;1026;574;115322;94407;68.1;55.8
52;2021-08-06;1057;697;116379;95104;68.8;56.2
52;2021-08-07;519;422;116898;95526;69.1;56.4
52;2021-08-08;0;6;116898;95532;69.1;56.4
52;2021-08-09;469;871;117367;96403;69.3;57.0
52;2021-08-10;717;748;118084;97151;69.8;57.4
52;2021-08-11;535;837;118619;97988;70.1;57.9
52;2021-08-12;623;750;119242;98738;70.5;58.3
52;2021-08-13;420;1029;119662;99767;70.7;58.9
52;2021-08-14;421;360;120083;100127;71.0;59.2
52;2021-08-15;13;13;120096;100140;71.0;59.2
52;2021-08-16;327;934;120423;101074;71.2;59.7
52;2021-08-17;415;911;120838;101985;71.4;60.3
52;2021-08-18;487;944;121325;102929;71.7;60.8
52;2021-08-19;461;836;121786;103765;72.0;61.3
52;2021-08-20;384;1210;122170;104975;72.2;62.0
52;2021-08-21;394;604;122564;105579;72.4;62.4
52;2021-08-22;5;11;122569;105590;72.4;62.4
52;2021-08-23;430;1058;122999;106648;72.7;63.0
52;2021-08-24;307;1077;123306;107725;72.9;63.6
52;2021-08-25;254;1061;123560;108786;73.0;64.3
52;2021-08-26;301;914;123861;109700;73.2;64.8
52;2021-08-27;429;1276;124290;110976;73.4;65.6
52;2021-08-28;243;495;124533;111471;73.6;65.9
52;2021-08-29;3;25;124536;111496;73.6;65.9
52;2021-08-30;204;998;124740;112494;73.7;66.5
52;2021-08-31;205;1054;124945;113548;73.8;67.1
52;2021-09-01;183;1066;125128;114614;73.9;67.7
52;2021-09-02;194;762;125322;115376;74.0;68.2
52;2021-09-03;242;937;125564;116313;74.2;68.7
52;2021-09-04;189;556;125753;116869;74.3;69.1
52;2021-09-05;2;14;125755;116883;74.3;69.1
52;2021-09-06;126;543;125881;117426;74.4;69.4
52;2021-09-07;161;520;126042;117946;74.5;69.7
52;2021-09-08;136;616;126178;118562;74.6;70.1
52;2021-09-09;138;432;126316;118994;74.6;70.3
52;2021-09-10;255;740;126571;119734;74.8;70.7
52;2021-09-11;151;321;126722;120055;74.9;70.9
52;2021-09-12;2;12;126724;120067;74.9;70.9
52;2021-09-13;174;621;126898;120688;75.0;71.3
52;2021-09-14;140;463;127038;121151;75.1;71.6
52;2021-09-15;148;447;127186;121598;75.1;71.8
52;2021-09-16;136;309;127322;121907;75.2;72.0
52;2021-09-17;232;543;127554;122450;75.4;72.3
52;2021-09-18;134;242;127688;122692;75.4;72.5
52;2021-09-19;4;18;127692;122710;75.4;72.5
52;2021-09-20;106;353;127798;123063;75.5;72.7
52;2021-09-21;94;208;127892;123271;75.6;72.8
52;2021-09-22;107;319;127999;123590;75.6;73.0
52;2021-09-23;138;207;128137;123797;75.7;73.1
52;2021-09-24;127;284;128264;124081;75.8;73.3
52;2021-09-25;92;250;128356;124331;75.8;73.5
52;2021-09-26;0;0;128356;124331;75.8;73.5
52;2021-09-27;115;180;128471;124511;75.9;73.6
52;2021-09-28;117;143;128588;124654;76.0;73.7
53;2020-12-27;0;0;0;0;0.0;0.0
53;2020-12-28;0;0;0;0;0.0;0.0
53;2020-12-29;0;0;0;0;0.0;0.0
53;2020-12-30;0;0;0;0;0.0;0.0
53;2020-12-31;0;0;0;0;0.0;0.0
53;2021-01-01;0;0;0;0;0.0;0.0
53;2021-01-02;1;0;1;0;0.0;0.0
53;2021-01-03;0;0;1;0;0.0;0.0
53;2021-01-04;1;0;2;0;0.0;0.0
53;2021-01-05;0;0;2;0;0.0;0.0
53;2021-01-06;0;0;2;0;0.0;0.0
53;2021-01-07;102;0;104;0;0.0;0.0
53;2021-01-08;284;1;388;1;0.1;0.0
53;2021-01-09;134;1;522;2;0.2;0.0
53;2021-01-10;15;0;537;2;0.2;0.0
53;2021-01-11;176;0;713;2;0.2;0.0
53;2021-01-12;456;0;1169;2;0.4;0.0
53;2021-01-13;254;0;1423;2;0.5;0.0
53;2021-01-14;290;7;1713;9;0.6;0.0
53;2021-01-15;343;4;2056;13;0.7;0.0
53;2021-01-16;60;0;2116;13;0.7;0.0
53;2021-01-17;25;0;2141;13;0.7;0.0
53;2021-01-18;364;0;2505;13;0.8;0.0
53;2021-01-19;594;0;3099;13;1.0;0.0
53;2021-01-20;742;0;3841;13;1.3;0.0
53;2021-01-21;771;2;4612;15;1.5;0.0
53;2021-01-22;705;5;5317;20;1.7;0.0
53;2021-01-23;160;0;5477;20;1.8;0.0
53;2021-01-24;6;0;5483;20;1.8;0.0
53;2021-01-25;550;0;6033;20;2.0;0.0
53;2021-01-26;1198;7;7231;27;2.4;0.0
53;2021-01-27;696;4;7927;31;2.6;0.0
53;2021-01-28;736;94;8663;125;2.8;0.0
53;2021-01-29;422;177;9085;302;3.0;0.1
53;2021-01-30;129;0;9214;302;3.0;0.1
53;2021-01-31;0;0;9214;302;3.0;0.1
53;2021-02-01;298;143;9512;445;3.1;0.1
53;2021-02-02;309;226;9821;671;3.2;0.2
53;2021-02-03;227;358;10048;1029;3.3;0.3
53;2021-02-04;184;303;10232;1332;3.4;0.4
53;2021-02-05;234;289;10466;1621;3.4;0.5
53;2021-02-06;153;23;10619;1644;3.5;0.5
53;2021-02-07;0;0;10619;1644;3.5;0.5
53;2021-02-08;168;89;10787;1733;3.5;0.6
53;2021-02-09;369;206;11156;1939;3.7;0.6
53;2021-02-10;266;397;11422;2336;3.7;0.8
53;2021-02-11;432;397;11854;2733;3.9;0.9
53;2021-02-12;318;486;12172;3219;4.0;1.1
53;2021-02-13;96;53;12268;3272;4.0;1.1
53;2021-02-14;0;99;12268;3371;4.0;1.1
53;2021-02-15;239;334;12507;3705;4.1;1.2
53;2021-02-16;528;697;13035;4402;4.3;1.4
53;2021-02-17;391;518;13426;4920;4.4;1.6
53;2021-02-18;547;504;13973;5424;4.6;1.8
53;2021-02-19;895;359;14868;5783;4.9;1.9
53;2021-02-20;139;83;15007;5866;4.9;1.9
53;2021-02-21;1;20;15008;5886;4.9;1.9
53;2021-02-22;161;433;15169;6319;5.0;2.1
53;2021-02-23;59;506;15228;6825;5.0;2.2
53;2021-02-24;137;393;15365;7218;5.0;2.4
53;2021-02-25;457;268;15822;7486;5.2;2.5
53;2021-02-26;437;217;16259;7703;5.3;2.5
53;2021-02-27;86;85;16345;7788;5.4;2.6
53;2021-02-28;0;0;16345;7788;5.4;2.6
53;2021-03-01;231;223;16576;8011;5.4;2.6
53;2021-03-02;246;210;16822;8221;5.5;2.7
53;2021-03-03;321;366;17143;8587;5.6;2.8
53;2021-03-04;859;333;18002;8920;5.9;2.9
53;2021-03-05;660;270;18662;9190;6.1;3.0
53;2021-03-06;447;184;19109;9374;6.3;3.1
53;2021-03-07;276;5;19385;9379;6.3;3.1
53;2021-03-08;375;160;19760;9539;6.5;3.1
53;2021-03-09;878;242;20638;9781;6.8;3.2
53;2021-03-10;807;106;21445;9887;7.0;3.2
53;2021-03-11;1247;228;22692;10115;7.4;3.3
53;2021-03-12;1603;145;24295;10260;8.0;3.4
53;2021-03-13;824;13;25119;10273;8.2;3.4
53;2021-03-14;1;0;25120;10273;8.2;3.4
53;2021-03-15;1001;288;26121;10561;8.6;3.5
53;2021-03-16;1035;331;27156;10892;8.9;3.6
53;2021-03-17;687;257;27843;11149;9.1;3.7
53;2021-03-18;972;345;28815;11494;9.4;3.8
53;2021-03-19;1346;590;30161;12084;9.9;4.0
53;2021-03-20;592;17;30753;12101;10.1;4.0
53;2021-03-21;3;0;30756;12101;10.1;4.0
53;2021-03-22;1213;155;31969;12256;10.5;4.0
53;2021-03-23;1699;71;33668;12327;11.0;4.0
53;2021-03-24;1323;117;34991;12444;11.5;4.1
53;2021-03-25;2323;242;37314;12686;12.2;4.2
53;2021-03-26;1882;152;39196;12838;12.8;4.2
53;2021-03-27;339;3;39535;12841;12.9;4.2
53;2021-03-28;2;0;39537;12841;12.9;4.2
53;2021-03-29;1474;213;41011;13054;13.4;4.3
53;2021-03-30;1944;202;42955;13256;14.1;4.3
53;2021-03-31;1791;223;44746;13479;14.7;4.4
53;2021-04-01;1948;671;46694;14150;15.3;4.6
53;2021-04-02;2075;227;48769;14377;16.0;4.7
53;2021-04-03;414;1;49183;14378;16.1;4.7
53;2021-04-04;10;0;49193;14378;16.1;4.7
53;2021-04-05;9;15;49202;14393;16.1;4.7
53;2021-04-06;1305;504;50507;14897;16.5;4.9
53;2021-04-07;1172;925;51679;15822;16.9;5.2
53;2021-04-08;1663;1006;53342;16828;17.5;5.5
53;2021-04-09;1958;406;55300;17234;18.1;5.6
53;2021-04-10;543;13;55843;17247;18.3;5.6
53;2021-04-11;13;0;55856;17247;18.3;5.6
53;2021-04-12;694;1067;56550;18314;18.5;6.0
53;2021-04-13;1470;1105;58020;19419;19.0;6.4
53;2021-04-14;1022;734;59042;20153;19.3;6.6
53;2021-04-15;1156;1105;60198;21258;19.7;7.0
53;2021-04-16;1271;815;61469;22073;20.1;7.2
53;2021-04-17;279;273;61748;22346;20.2;7.3
53;2021-04-18;0;0;61748;22346;20.2;7.3
53;2021-04-19;681;1061;62429;23407;20.4;7.7
53;2021-04-20;936;1452;63365;24859;20.8;8.1
53;2021-04-21;851;1009;64216;25868;21.0;8.5
53;2021-04-22;1045;1613;65261;27481;21.4;9.0
53;2021-04-23;1327;1052;66588;28533;21.8;9.3
53;2021-04-24;68;7;66656;28540;21.8;9.3
53;2021-04-25;6;39;66662;28579;21.8;9.4
53;2021-04-26;368;1230;67030;29809;22.0;9.8
53;2021-04-27;723;1969;67753;31778;22.2;10.4
53;2021-04-28;977;1393;68730;33171;22.5;10.9
53;2021-04-29;1052;1711;69782;34882;22.9;11.4
53;2021-04-30;1366;1315;71148;36197;23.3;11.9
53;2021-05-01;36;50;71184;36247;23.3;11.9
53;2021-05-02;0;0;71184;36247;23.3;11.9
53;2021-05-03;1570;703;72754;36950;23.8;12.1
53;2021-05-04;1303;1440;74057;38390;24.3;12.6
53;2021-05-05;1611;825;75668;39215;24.8;12.8
53;2021-05-06;1390;1399;77058;40614;25.2;13.3
53;2021-05-07;1538;1301;78596;41915;25.7;13.7
53;2021-05-08;939;36;79535;41951;26.0;13.7
53;2021-05-09;11;2;79546;41953;26.0;13.7
53;2021-05-10;2414;815;81960;42768;26.8;14.0
53;2021-05-11;3097;1281;85057;44049;27.9;14.4
53;2021-05-12;2751;1093;87808;45142;28.8;14.8
53;2021-05-13;350;27;88158;45169;28.9;14.8
53;2021-05-14;2021;677;90179;45846;29.5;15.0
53;2021-05-15;1058;63;91237;45909;29.9;15.0
53;2021-05-16;3;0;91240;45909;29.9;15.0
53;2021-05-17;1701;1196;92941;47105;30.4;15.4
53;2021-05-18;1880;1550;94821;48655;31.1;15.9
53;2021-05-19;2303;746;97124;49401;31.8;16.2
53;2021-05-20;3216;866;100340;50267;32.9;16.5
53;2021-05-21;2798;827;103138;51094;33.8;16.7
53;2021-05-22;21;59;103159;51153;33.8;16.8
53;2021-05-23;0;0;103159;51153;33.8;16.8
53;2021-05-24;8;6;103167;51159;33.8;16.8
53;2021-05-25;1820;802;104987;51961;34.4;17.0
53;2021-05-26;1853;908;106840;52869;35.0;17.3
53;2021-05-27;3072;1079;109912;53948;36.0;17.7
53;2021-05-28;2562;874;112474;54822;36.8;18.0
53;2021-05-29;846;240;113320;55062;37.1;18.0
53;2021-05-30;18;6;113338;55068;37.1;18.0
53;2021-05-31;2565;802;115903;55870;38.0;18.3
53;2021-06-01;3488;1254;119391;57124;39.1;18.7
53;2021-06-02;3183;521;122574;57645;40.1;18.9
53;2021-06-03;4198;784;126772;58429;41.5;19.1
53;2021-06-04;3179;1265;129951;59694;42.6;19.5
53;2021-06-05;137;245;130088;59939;42.6;19.6
53;2021-06-06;1;4;130089;59943;42.6;19.6
53;2021-06-07;2629;923;132718;60866;43.5;19.9
53;2021-06-08;3588;1128;136306;61994;44.6;20.3
53;2021-06-09;2454;943;138760;62937;45.4;20.6
53;2021-06-10;3521;842;142281;63779;46.6;20.9
53;2021-06-11;2964;1210;145245;64989;47.6;21.3
53;2021-06-12;108;138;145353;65127;47.6;21.3
53;2021-06-13;10;2;145363;65129;47.6;21.3
53;2021-06-14;1600;1788;146963;66917;48.1;21.9
53;2021-06-15;1898;2264;148861;69181;48.7;22.7
53;2021-06-16;1828;1733;150689;70914;49.3;23.2
53;2021-06-17;3011;1651;153700;72565;50.3;23.8
53;2021-06-18;2705;1805;156405;74370;51.2;24.4
53;2021-06-19;761;1164;157166;75534;51.5;24.7
53;2021-06-20;3;479;157169;76013;51.5;24.9
53;2021-06-21;918;2523;158087;78536;51.8;25.7
53;2021-06-22;1299;3452;159386;81988;52.2;26.8
53;2021-06-23;1362;2892;160748;84880;52.6;27.8
53;2021-06-24;1802;2033;162550;86913;53.2;28.5
53;2021-06-25;1785;2044;164335;88957;53.8;29.1
53;2021-06-26;977;351;165312;89308;54.1;29.2
53;2021-06-27;8;8;165320;89316;54.1;29.2
53;2021-06-28;662;2899;165982;92215;54.4;30.2
53;2021-06-29;858;3645;166840;95860;54.6;31.4
53;2021-06-30;748;1518;167588;97378;54.9;31.9
53;2021-07-01;1507;2630;169095;100008;55.4;32.8
53;2021-07-02;1528;2025;170623;102033;55.9;33.4
53;2021-07-03;858;574;171481;102607;56.2;33.6
53;2021-07-04;0;4;171481;102611;56.2;33.6
53;2021-07-05;542;2057;172023;104668;56.3;34.3
53;2021-07-06;859;3615;172882;108283;56.6;35.5
53;2021-07-07;1024;2652;173906;110935;57.0;36.3
53;2021-07-08;1313;3116;175219;114051;57.4;37.3
53;2021-07-09;1131;3399;176350;117450;57.8;38.5
53;2021-07-10;422;1000;176772;118450;57.9;38.8
53;2021-07-11;12;20;176784;118470;57.9;38.8
53;2021-07-12;503;3706;177287;122176;58.1;40.0
53;2021-07-13;894;4762;178181;126938;58.4;41.6
53;2021-07-14;104;284;178285;127222;58.4;41.7
53;2021-07-15;1112;4342;179397;131564;58.7;43.1
53;2021-07-16;1248;3847;180645;135411;59.2;44.3
53;2021-07-17;1317;299;181962;135710;59.6;44.4
53;2021-07-18;27;20;181989;135730;59.6;44.4
53;2021-07-19;734;3426;182723;139156;59.8;45.6
53;2021-07-20;985;4122;183708;143278;60.2;46.9
53;2021-07-21;686;3274;184394;146552;60.4;48.0
53;2021-07-22;1512;3522;185906;150074;60.9;49.1
53;2021-07-23;1603;3758;187509;153832;61.4;50.4
53;2021-07-24;956;280;188465;154112;61.7;50.5
53;2021-07-25;60;24;188525;154136;61.7;50.5
53;2021-07-26;1727;1941;190252;156077;62.3;51.1
53;2021-07-27;2356;2820;192608;158897;63.1;52.0
53;2021-07-28;2145;2813;194753;161710;63.8;53.0
53;2021-07-29;2491;2546;197244;164256;64.6;53.8
53;2021-07-30;1828;2647;199072;166903;65.2;54.7
53;2021-07-31;626;229;199698;167132;65.4;54.7
53;2021-08-01;37;25;199735;167157;65.4;54.7
53;2021-08-02;2083;1732;201818;168889;66.1;55.3
53;2021-08-03;2415;1905;204233;170794;66.9;55.9
53;2021-08-04;2475;1863;206708;172657;67.7;56.5
53;2021-08-05;2869;1541;209577;174198;68.6;57.0
53;2021-08-06;2517;1719;212094;175917;69.5;57.6
53;2021-08-07;483;272;212577;176189;69.6;57.7
53;2021-08-08;6;19;212583;176208;69.6;57.7
53;2021-08-09;1839;1649;214422;177857;70.2;58.2
53;2021-08-10;2324;1748;216746;179605;71.0;58.8
53;2021-08-11;1682;867;218428;180472;71.5;59.1
53;2021-08-12;2007;984;220435;181456;72.2;59.4
53;2021-08-13;2039;1314;222474;182770;72.9;59.9
53;2021-08-14;66;63;222540;182833;72.9;59.9
53;2021-08-15;1;2;222541;182835;72.9;59.9
53;2021-08-16;1336;1596;223877;184431;73.3;60.4
53;2021-08-17;1548;1657;225425;186088;73.8;60.9
53;2021-08-18;1515;1600;226940;187688;74.3;61.5
53;2021-08-19;1374;1972;228314;189660;74.8;62.1
53;2021-08-20;1099;2082;229413;191742;75.1;62.8
53;2021-08-21;189;341;229602;192083;75.2;62.9
53;2021-08-22;0;0;229602;192083;75.2;62.9
53;2021-08-23;843;1915;230445;193998;75.5;63.5
53;2021-08-24;903;2117;231348;196115;75.8;64.2
53;2021-08-25;914;2272;232262;198387;76.1;65.0
53;2021-08-26;666;2614;232928;201001;76.3;65.8
53;2021-08-27;753;2644;233681;203645;76.5;66.7
53;2021-08-28;49;133;233730;203778;76.5;66.7
53;2021-08-29;12;31;233742;203809;76.5;66.7
53;2021-08-30;619;2107;234361;205916;76.7;67.4
53;2021-08-31;762;2920;235123;208836;77.0;68.4
53;2021-09-01;341;1637;235464;210473;77.1;68.9
53;2021-09-02;441;1823;235905;212296;77.3;69.5
53;2021-09-03;449;2494;236354;214790;77.4;70.3
53;2021-09-04;115;213;236469;215003;77.4;70.4
53;2021-09-05;1;12;236470;215015;77.4;70.4
53;2021-09-06;300;1664;236770;216679;77.5;71.0
53;2021-09-07;286;1944;237056;218623;77.6;71.6
53;2021-09-08;419;2157;237475;220780;77.8;72.3
53;2021-09-09;236;1461;237711;222241;77.8;72.8
53;2021-09-10;382;2090;238093;224331;78.0;73.5
53;2021-09-11;39;137;238132;224468;78.0;73.5
53;2021-09-12;0;1;238132;224469;78.0;73.5
53;2021-09-13;230;1197;238362;225666;78.1;73.9
53;2021-09-14;242;1049;238604;226715;78.1;74.2
53;2021-09-15;331;1069;238935;227784;78.2;74.6
53;2021-09-16;305;380;239240;228164;78.3;74.7
53;2021-09-17;429;1057;239669;229221;78.5;75.1
53;2021-09-18;44;70;239713;229291;78.5;75.1
53;2021-09-19;8;14;239721;229305;78.5;75.1
53;2021-09-20;122;382;239843;229687;78.5;75.2
53;2021-09-21;248;651;240091;230338;78.6;75.4
53;2021-09-22;193;664;240284;231002;78.7;75.6
53;2021-09-23;133;395;240417;231397;78.7;75.8
53;2021-09-24;197;637;240614;232034;78.8;76.0
53;2021-09-25;27;50;240641;232084;78.8;76.0
53;2021-09-26;0;0;240641;232084;78.8;76.0
53;2021-09-27;159;374;240800;232458;78.9;76.1
53;2021-09-28;163;280;240963;232738;78.9;76.2
54;2020-12-27;0;0;0;0;0.0;0.0
54;2020-12-28;1;0;1;0;0.0;0.0
54;2020-12-29;0;0;1;0;0.0;0.0
54;2020-12-30;0;0;1;0;0.0;0.0
54;2020-12-31;10;0;11;0;0.0;0.0
54;2021-01-01;0;0;11;0;0.0;0.0
54;2021-01-02;0;0;11;0;0.0;0.0
54;2021-01-03;1;0;12;0;0.0;0.0
54;2021-01-04;163;0;175;0;0.0;0.0
54;2021-01-05;396;0;571;0;0.1;0.0
54;2021-01-06;650;1;1221;1;0.2;0.0
54;2021-01-07;816;2;2037;3;0.3;0.0
54;2021-01-08;706;3;2743;6;0.4;0.0
54;2021-01-09;81;0;2824;6;0.4;0.0
54;2021-01-10;78;0;2902;6;0.4;0.0
54;2021-01-11;974;3;3876;9;0.5;0.0
54;2021-01-12;1181;1;5057;10;0.7;0.0
54;2021-01-13;2425;7;7482;17;1.0;0.0
54;2021-01-14;3401;23;10883;40;1.5;0.0
54;2021-01-15;2717;13;13600;53;1.9;0.0
54;2021-01-16;815;4;14415;57;2.0;0.0
54;2021-01-17;209;0;14624;57;2.0;0.0
54;2021-01-18;1557;5;16181;62;2.2;0.0
54;2021-01-19;1707;0;17888;62;2.4;0.0
54;2021-01-20;1525;4;19413;66;2.7;0.0
54;2021-01-21;1371;4;20784;70;2.8;0.0
54;2021-01-22;1092;8;21876;78;3.0;0.0
54;2021-01-23;478;1;22354;79;3.1;0.0
54;2021-01-24;66;0;22420;79;3.1;0.0
54;2021-01-25;946;28;23366;107;3.2;0.0
54;2021-01-26;142;0;23508;107;3.2;0.0
54;2021-01-27;12;148;23520;255;3.2;0.0
54;2021-01-28;32;205;23552;460;3.2;0.1
54;2021-01-29;18;234;23570;694;3.2;0.1
54;2021-01-30;7;0;23577;694;3.2;0.1
54;2021-01-31;1;0;23578;694;3.2;0.1
54;2021-02-01;13;740;23591;1434;3.2;0.2
54;2021-02-02;24;914;23615;2348;3.2;0.3
54;2021-02-03;363;1390;23978;3738;3.3;0.5
54;2021-02-04;739;2229;24717;5967;3.4;0.8
54;2021-02-05;798;1663;25515;7630;3.5;1.0
54;2021-02-06;204;249;25719;7879;3.5;1.1
54;2021-02-07;4;100;25723;7979;3.5;1.1
54;2021-02-08;117;849;25840;8828;3.5;1.2
54;2021-02-09;305;932;26145;9760;3.6;1.3
54;2021-02-10;385;688;26530;10448;3.6;1.4
54;2021-02-11;293;711;26823;11159;3.7;1.5
54;2021-02-12;446;1098;27269;12257;3.7;1.7
54;2021-02-13;148;217;27417;12474;3.8;1.7
54;2021-02-14;9;8;27426;12482;3.8;1.7
54;2021-02-15;428;961;27854;13443;3.8;1.8
54;2021-02-16;401;1067;28255;14510;3.9;2.0
54;2021-02-17;518;820;28773;15330;3.9;2.1
54;2021-02-18;595;679;29368;16009;4.0;2.2
54;2021-02-19;519;642;29887;16651;4.1;2.3
54;2021-02-20;34;248;29921;16899;4.1;2.3
54;2021-02-21;3;21;29924;16920;4.1;2.3
54;2021-02-22;484;530;30408;17450;4.2;2.4
54;2021-02-23;679;506;31087;17956;4.3;2.5
54;2021-02-24;728;336;31815;18292;4.4;2.5
54;2021-02-25;1474;663;33289;18955;4.6;2.6
54;2021-02-26;1777;745;35066;19700;4.8;2.7
54;2021-02-27;698;108;35764;19808;4.9;2.7
54;2021-02-28;11;26;35775;19834;4.9;2.7
54;2021-03-01;645;193;36420;20027;5.0;2.7
54;2021-03-02;1496;145;37916;20172;5.2;2.8
54;2021-03-03;1758;61;39674;20233;5.4;2.8
54;2021-03-04;2027;98;41701;20331;5.7;2.8
54;2021-03-05;2797;144;44498;20475;6.1;2.8
54;2021-03-06;4045;108;48543;20583;6.6;2.8
54;2021-03-07;2626;70;51169;20653;7.0;2.8
54;2021-03-08;1337;63;52506;20716;7.2;2.8
54;2021-03-09;2649;104;55155;20820;7.6;2.9
54;2021-03-10;3195;106;58350;20926;8.0;2.9
54;2021-03-11;3388;98;61738;21024;8.5;2.9
54;2021-03-12;4978;183;66716;21207;9.1;2.9
54;2021-03-13;4205;111;70921;21318;9.7;2.9
54;2021-03-14;543;40;71464;21358;9.8;2.9
54;2021-03-15;1719;103;73183;21461;10.0;2.9
54;2021-03-16;1733;156;74916;21617;10.3;3.0
54;2021-03-17;2082;144;76998;21761;10.5;3.0
54;2021-03-18;2062;167;79060;21928;10.8;3.0
54;2021-03-19;3320;266;82380;22194;11.3;3.0
54;2021-03-20;2311;72;84691;22266;11.6;3.0
54;2021-03-21;295;14;84986;22280;11.6;3.1
54;2021-03-22;1034;304;86020;22584;11.8;3.1
54;2021-03-23;1937;489;87957;23073;12.0;3.2
54;2021-03-24;2194;703;90151;23776;12.3;3.3
54;2021-03-25;3174;716;93325;24492;12.8;3.4
54;2021-03-26;3513;803;96838;25295;13.3;3.5
54;2021-03-27;2419;284;99257;25579;13.6;3.5
54;2021-03-28;280;6;99537;25585;13.6;3.5
54;2021-03-29;1668;379;101205;25964;13.9;3.6
54;2021-03-30;2559;958;103764;26922;14.2;3.7
54;2021-03-31;2597;1135;106361;28057;14.6;3.8
54;2021-04-01;3237;1281;109598;29338;15.0;4.0
54;2021-04-02;2962;1676;112560;31014;15.4;4.2
54;2021-04-03;1264;1302;113824;32316;15.6;4.4
54;2021-04-04;137;418;113961;32734;15.6;4.5
54;2021-04-05;144;572;114105;33306;15.6;4.6
54;2021-04-06;1269;1647;115374;34953;15.8;4.8
54;2021-04-07;924;2252;116298;37205;15.9;5.1
54;2021-04-08;2325;2423;118623;39628;16.2;5.4
54;2021-04-09;4117;3127;122740;42755;16.8;5.9
54;2021-04-10;3208;1677;125948;44432;17.2;6.1
54;2021-04-11;206;945;126154;45377;17.3;6.2
54;2021-04-12;2199;1528;128353;46905;17.6;6.4
54;2021-04-13;3001;1969;131354;48874;18.0;6.7
54;2021-04-14;3262;1862;134616;50736;18.4;6.9
54;2021-04-15;2876;2297;137492;53033;18.8;7.3
54;2021-04-16;3141;2598;140633;55631;19.3;7.6
54;2021-04-17;3475;1487;144108;57118;19.7;7.8
54;2021-04-18;64;245;144172;57363;19.7;7.9
54;2021-04-19;2464;1081;146636;58444;20.1;8.0
54;2021-04-20;3012;1245;149648;59689;20.5;8.2
54;2021-04-21;4402;1630;154050;61319;21.1;8.4
54;2021-04-22;3722;2386;157772;63705;21.6;8.7
54;2021-04-23;3865;2084;161637;65789;22.1;9.0
54;2021-04-24;2347;1039;163984;66828;22.5;9.1
54;2021-04-25;284;276;164268;67104;22.5;9.2
54;2021-04-26;2306;1272;166574;68376;22.8;9.4
54;2021-04-27;3288;1438;169862;69814;23.3;9.6
54;2021-04-28;2974;1940;172836;71754;23.7;9.8
54;2021-04-29;3796;2073;176632;73827;24.2;10.1
54;2021-04-30;4491;1952;181123;75779;24.8;10.4
54;2021-05-01;2265;804;183388;76583;25.1;10.5
54;2021-05-02;229;68;183617;76651;25.1;10.5
54;2021-05-03;3096;937;186713;77588;25.6;10.6
54;2021-05-04;3516;1453;190229;79041;26.0;10.8
54;2021-05-05;4895;1409;195124;80450;26.7;11.0
54;2021-05-06;4434;2797;199558;83247;27.3;11.4
54;2021-05-07;4823;3397;204381;86644;28.0;11.9
54;2021-05-08;2030;644;206411;87288;28.3;12.0
54;2021-05-09;375;136;206786;87424;28.3;12.0
54;2021-05-10;3207;2236;209993;89660;28.8;12.3
54;2021-05-11;5491;2932;215484;92592;29.5;12.7
54;2021-05-12;4144;3386;219628;95978;30.1;13.1
54;2021-05-13;2647;492;222275;96470;30.4;13.2
54;2021-05-14;6884;2002;229159;98472;31.4;13.5
54;2021-05-15;5485;1322;234644;99794;32.1;13.7
54;2021-05-16;944;109;235588;99903;32.3;13.7
54;2021-05-17;3799;829;239387;100732;32.8;13.8
54;2021-05-18;3288;1104;242675;101836;33.2;13.9
54;2021-05-19;3464;1514;246139;103350;33.7;14.1
54;2021-05-20;4538;1616;250677;104966;34.3;14.4
54;2021-05-21;6752;2502;257429;107468;35.2;14.7
54;2021-05-22;5660;1375;263089;108843;36.0;14.9
54;2021-05-23;504;55;263593;108898;36.1;14.9
54;2021-05-24;1444;343;265037;109241;36.3;15.0
54;2021-05-25;4200;1533;269237;110774;36.9;15.2
54;2021-05-26;3535;2214;272772;112988;37.3;15.5
54;2021-05-27;4180;2419;276952;115407;37.9;15.8
54;2021-05-28;4988;3552;281940;118959;38.6;16.3
54;2021-05-29;3844;3996;285784;122955;39.1;16.8
54;2021-05-30;127;83;285911;123038;39.1;16.8
54;2021-05-31;2940;3058;288851;126096;39.5;17.3
54;2021-06-01;2622;4194;291473;130290;39.9;17.8
54;2021-06-02;2165;4088;293638;134378;40.2;18.4
54;2021-06-03;3146;5647;296784;140025;40.6;19.2
54;2021-06-04;5103;5467;301887;145492;41.3;19.9
54;2021-06-05;2342;3280;304229;148772;41.7;20.4
54;2021-06-06;72;236;304301;149008;41.7;20.4
54;2021-06-07;3705;2935;308006;151943;42.2;20.8
54;2021-06-08;4543;4267;312549;156210;42.8;21.4
54;2021-06-09;6003;3311;318552;159521;43.6;21.8
54;2021-06-10;5296;4446;323848;163967;44.3;22.4
54;2021-06-11;5021;4919;328869;168886;45.0;23.1
54;2021-06-12;4242;3226;333111;172112;45.6;23.6
54;2021-06-13;54;210;333165;172322;45.6;23.6
54;2021-06-14;2333;3594;335498;175916;45.9;24.1
54;2021-06-15;2831;4727;338329;180643;46.3;24.7
54;2021-06-16;3490;5657;341819;186300;46.8;25.5
54;2021-06-17;3138;5218;344957;191518;47.2;26.2
54;2021-06-18;4157;6238;349114;197756;47.8;27.1
54;2021-06-19;2648;3125;351762;200881;48.2;27.5
54;2021-06-20;101;339;351863;201220;48.2;27.5
54;2021-06-21;2557;4768;354420;205988;48.5;28.2
54;2021-06-22;2047;6221;356467;212209;48.8;29.1
54;2021-06-23;2245;5592;358712;217801;49.1;29.8
54;2021-06-24;2091;3454;360803;221255;49.4;30.3
54;2021-06-25;2195;7056;362998;228311;49.7;31.3
54;2021-06-26;2383;5671;365381;233982;50.0;32.0
54;2021-06-27;134;607;365515;234589;50.0;32.1
54;2021-06-28;1961;4355;367476;238944;50.3;32.7
54;2021-06-29;1941;5204;369417;244148;50.6;33.4
54;2021-06-30;1982;5122;371399;249270;50.8;34.1
54;2021-07-01;2144;5983;373543;255253;51.1;34.9
54;2021-07-02;2815;7563;376358;262816;51.5;36.0
54;2021-07-03;2836;4095;379194;266911;51.9;36.5
54;2021-07-04;196;498;379390;267409;51.9;36.6
54;2021-07-05;1667;4251;381057;271660;52.2;37.2
54;2021-07-06;2000;5079;383057;276739;52.4;37.9
54;2021-07-07;1903;4843;384960;281582;52.7;38.6
54;2021-07-08;1679;4111;386639;285693;52.9;39.1
54;2021-07-09;3204;6025;389843;291718;53.4;39.9
54;2021-07-10;2545;4375;392388;296093;53.7;40.5
54;2021-07-11;9;103;392397;296196;53.7;40.6
54;2021-07-12;2100;4695;394497;300891;54.0;41.2
54;2021-07-13;2619;4970;397116;305861;54.4;41.9
54;2021-07-14;1535;1506;398651;307367;54.6;42.1
54;2021-07-15;3171;4834;401822;312201;55.0;42.7
54;2021-07-16;4664;6213;406486;318414;55.7;43.6
54;2021-07-17;4005;4766;410491;323180;56.2;44.2
54;2021-07-18;1803;1687;412294;324867;56.4;44.5
54;2021-07-19;2592;4044;414886;328911;56.8;45.0
54;2021-07-20;2909;4811;417795;333722;57.2;45.7
54;2021-07-21;3133;6332;420928;340054;57.6;46.6
54;2021-07-22;3281;5730;424209;345784;58.1;47.3
54;2021-07-23;3984;6976;428193;352760;58.6;48.3
54;2021-07-24;2945;5319;431138;358079;59.0;49.0
54;2021-07-25;71;50;431209;358129;59.0;49.0
54;2021-07-26;2981;4171;434190;362300;59.4;49.6
54;2021-07-27;3717;4008;437907;366308;60.0;50.2
54;2021-07-28;5208;3874;443115;370182;60.7;50.7
54;2021-07-29;5158;3206;448273;373388;61.4;51.1
54;2021-07-30;5133;5001;453406;378389;62.1;51.8
54;2021-07-31;4536;3232;457942;381621;62.7;52.2
54;2021-08-01;257;73;458199;381694;62.7;52.3
54;2021-08-02;3097;3704;461296;385398;63.2;52.8
54;2021-08-03;4109;2918;465405;388316;63.7;53.2
54;2021-08-04;4426;2703;469831;391019;64.3;53.5
54;2021-08-05;4619;2432;474450;393451;65.0;53.9
54;2021-08-06;5452;3989;479902;397440;65.7;54.4
54;2021-08-07;3672;2828;483574;400268;66.2;54.8
54;2021-08-08;248;114;483822;400382;66.2;54.8
54;2021-08-09;2979;2694;486801;403076;66.6;55.2
54;2021-08-10;2563;3767;489364;406843;67.0;55.7
54;2021-08-11;2335;2565;491699;409408;67.3;56.1
54;2021-08-12;2191;3004;493890;412412;67.6;56.5
54;2021-08-13;2630;4448;496520;416860;68.0;57.1
54;2021-08-14;1436;2077;497956;418937;68.2;57.4
54;2021-08-15;31;43;497987;418980;68.2;57.4
54;2021-08-16;1860;3430;499847;422410;68.4;57.8
54;2021-08-17;1948;3312;501795;425722;68.7;58.3
54;2021-08-18;1501;4105;503296;429827;68.9;58.8
54;2021-08-19;1256;2789;504552;432616;69.1;59.2
54;2021-08-20;1877;4933;506429;437549;69.3;59.9
54;2021-08-21;1470;4014;507899;441563;69.5;60.5
54;2021-08-22;63;28;507962;441591;69.5;60.5
54;2021-08-23;1223;3857;509185;445448;69.7;61.0
54;2021-08-24;1139;3156;510324;448604;69.9;61.4
54;2021-08-25;1423;4383;511747;452987;70.1;62.0
54;2021-08-26;1006;3108;512753;456095;70.2;62.4
54;2021-08-27;1521;5325;514274;461420;70.4;63.2
54;2021-08-28;1143;4279;515417;465699;70.6;63.8
54;2021-08-29;16;50;515433;465749;70.6;63.8
54;2021-08-30;1210;4201;516643;469950;70.7;64.3
54;2021-08-31;1061;4704;517704;474654;70.9;65.0
54;2021-09-01;1102;3756;518806;478410;71.0;65.5
54;2021-09-02;724;2168;519530;480578;71.1;65.8
54;2021-09-03;980;3214;520510;483792;71.3;66.2
54;2021-09-04;1162;3429;521672;487221;71.4;66.7
54;2021-09-05;25;32;521697;487253;71.4;66.7
54;2021-09-06;493;1469;522190;488722;71.5;66.9
54;2021-09-07;587;1597;522777;490319;71.6;67.1
54;2021-09-08;622;1890;523399;492209;71.7;67.4
54;2021-09-09;924;2077;524323;494286;71.8;67.7
54;2021-09-10;981;2781;525304;497067;71.9;68.1
54;2021-09-11;725;2696;526029;499763;72.0;68.4
54;2021-09-12;80;118;526109;499881;72.0;68.4
54;2021-09-13;634;1257;526743;501138;72.1;68.6
54;2021-09-14;609;1475;527352;502613;72.2;68.8
54;2021-09-15;626;1745;527978;504358;72.3;69.1
54;2021-09-16;627;712;528605;505070;72.4;69.1
54;2021-09-17;874;1526;529479;506596;72.5;69.4
54;2021-09-18;480;1436;529959;508032;72.6;69.6
54;2021-09-19;28;38;529987;508070;72.6;69.6
54;2021-09-20;369;658;530356;508728;72.6;69.7
54;2021-09-21;439;939;530795;509667;72.7;69.8
54;2021-09-22;389;1119;531184;510786;72.7;69.9
54;2021-09-23;297;844;531481;511630;72.8;70.0
54;2021-09-24;514;1174;531995;512804;72.8;70.2
54;2021-09-25;317;1076;532312;513880;72.9;70.4
54;2021-09-26;9;30;532321;513910;72.9;70.4
54;2021-09-27;226;674;532547;514584;72.9;70.5
54;2021-09-28;314;629;532861;515213;73.0;70.5
55;2020-12-27;0;0;0;0;0.0;0.0
55;2020-12-28;0;0;0;0;0.0;0.0
55;2020-12-29;0;0;0;0;0.0;0.0
55;2020-12-30;0;0;0;0;0.0;0.0
55;2020-12-31;0;0;0;0;0.0;0.0
55;2021-01-01;0;0;0;0;0.0;0.0
55;2021-01-02;0;0;0;0;0.0;0.0
55;2021-01-03;0;0;0;0;0.0;0.0
55;2021-01-04;1;0;1;0;0.0;0.0
55;2021-01-05;0;0;1;0;0.0;0.0
55;2021-01-06;0;0;1;0;0.0;0.0
55;2021-01-07;122;0;123;0;0.1;0.0
55;2021-01-08;127;0;250;0;0.1;0.0
55;2021-01-09;52;0;302;0;0.2;0.0
55;2021-01-10;0;0;302;0;0.2;0.0
55;2021-01-11;128;1;430;1;0.2;0.0
55;2021-01-12;119;0;549;1;0.3;0.0
55;2021-01-13;134;0;683;1;0.4;0.0
55;2021-01-14;645;7;1328;8;0.7;0.0
55;2021-01-15;237;0;1565;8;0.9;0.0
55;2021-01-16;62;0;1627;8;0.9;0.0
55;2021-01-17;1;0;1628;8;0.9;0.0
55;2021-01-18;414;1;2042;9;1.1;0.0
55;2021-01-19;352;3;2394;12;1.3;0.0
55;2021-01-20;456;2;2850;14;1.6;0.0
55;2021-01-21;430;0;3280;14;1.8;0.0
55;2021-01-22;390;0;3670;14;2.0;0.0
55;2021-01-23;49;0;3719;14;2.0;0.0
55;2021-01-24;0;0;3719;14;2.0;0.0
55;2021-01-25;436;0;4155;14;2.3;0.0
55;2021-01-26;431;0;4586;14;2.5;0.0
55;2021-01-27;424;0;5010;14;2.8;0.0
55;2021-01-28;485;97;5495;111;3.0;0.1
55;2021-01-29;159;50;5654;161;3.1;0.1
55;2021-01-30;92;27;5746;188;3.2;0.1
55;2021-01-31;0;0;5746;188;3.2;0.1
55;2021-02-01;153;155;5899;343;3.2;0.2
55;2021-02-02;159;133;6058;476;3.3;0.3
55;2021-02-03;53;139;6111;615;3.4;0.3
55;2021-02-04;235;378;6346;993;3.5;0.5
55;2021-02-05;174;138;6520;1131;3.6;0.6
55;2021-02-06;62;56;6582;1187;3.6;0.7
55;2021-02-07;2;53;6584;1240;3.6;0.7
55;2021-02-08;0;17;6584;1257;3.6;0.7
55;2021-02-09;92;115;6676;1372;3.7;0.8
55;2021-02-10;65;23;6741;1395;3.7;0.8
55;2021-02-11;175;93;6916;1488;3.8;0.8
55;2021-02-12;94;27;7010;1515;3.9;0.8
55;2021-02-13;0;0;7010;1515;3.9;0.8
55;2021-02-14;0;0;7010;1515;3.9;0.8
55;2021-02-15;15;306;7025;1821;3.9;1.0
55;2021-02-16;143;277;7168;2098;3.9;1.2
55;2021-02-17;26;388;7194;2486;4.0;1.4
55;2021-02-18;20;258;7214;2744;4.0;1.5
55;2021-02-19;125;245;7339;2989;4.0;1.6
55;2021-02-20;11;0;7350;2989;4.0;1.6
55;2021-02-21;0;0;7350;2989;4.0;1.6
55;2021-02-22;55;365;7405;3354;4.1;1.8
55;2021-02-23;84;366;7489;3720;4.1;2.0
55;2021-02-24;72;347;7561;4067;4.2;2.2
55;2021-02-25;270;621;7831;4688;4.3;2.6
55;2021-02-26;324;205;8155;4893;4.5;2.7
55;2021-02-27;125;85;8280;4978;4.6;2.7
55;2021-02-28;2;8;8282;4986;4.6;2.7
55;2021-03-01;77;118;8359;5104;4.6;2.8
55;2021-03-02;124;136;8483;5240;4.7;2.9
55;2021-03-03;198;3;8681;5243;4.8;2.9
55;2021-03-04;238;40;8919;5283;4.9;2.9
55;2021-03-05;362;43;9281;5326;5.1;2.9
55;2021-03-06;224;6;9505;5332;5.2;2.9
55;2021-03-07;74;1;9579;5333;5.3;2.9
55;2021-03-08;328;49;9907;5382;5.5;3.0
55;2021-03-09;635;48;10542;5430;5.8;3.0
55;2021-03-10;397;24;10939;5454;6.0;3.0
55;2021-03-11;597;139;11536;5593;6.4;3.1
55;2021-03-12;816;89;12352;5682;6.8;3.1
55;2021-03-13;522;12;12874;5694;7.1;3.1
55;2021-03-14;14;0;12888;5694;7.1;3.1
55;2021-03-15;393;23;13281;5717;7.3;3.1
55;2021-03-16;568;105;13849;5822;7.6;3.2
55;2021-03-17;683;21;14532;5843;8.0;3.2
55;2021-03-18;323;23;14855;5866;8.2;3.2
55;2021-03-19;471;59;15326;5925;8.4;3.3
55;2021-03-20;254;15;15580;5940;8.6;3.3
55;2021-03-21;1;1;15581;5941;8.6;3.3
55;2021-03-22;474;20;16055;5961;8.8;3.3
55;2021-03-23;972;65;17027;6026;9.4;3.3
55;2021-03-24;802;43;17829;6069;9.8;3.3
55;2021-03-25;1097;81;18926;6150;10.4;3.4
55;2021-03-26;602;36;19528;6186;10.8;3.4
55;2021-03-27;256;23;19784;6209;10.9;3.4
55;2021-03-28;0;0;19784;6209;10.9;3.4
55;2021-03-29;944;40;20728;6249;11.4;3.4
55;2021-03-30;1425;73;22153;6322;12.2;3.5
55;2021-03-31;1483;70;23636;6392;13.0;3.5
55;2021-04-01;1207;129;24843;6521;13.7;3.6
55;2021-04-02;902;69;25745;6590;14.2;3.6
55;2021-04-03;93;12;25838;6602;14.2;3.6
55;2021-04-04;2;0;25840;6602;14.2;3.6
55;2021-04-05;6;12;25846;6614;14.2;3.6
55;2021-04-06;933;276;26779;6890;14.7;3.8
55;2021-04-07;993;237;27772;7127;15.3;3.9
55;2021-04-08;1649;420;29421;7547;16.2;4.2
55;2021-04-09;1430;261;30851;7808;17.0;4.3
55;2021-04-10;243;175;31094;7983;17.1;4.4
55;2021-04-11;452;21;31546;8004;17.4;4.4
55;2021-04-12;855;328;32401;8332;17.8;4.6
55;2021-04-13;1355;526;33756;8858;18.6;4.9
55;2021-04-14;1372;726;35128;9584;19.3;5.3
55;2021-04-15;1637;458;36765;10042;20.2;5.5
55;2021-04-16;704;379;37469;10421;20.6;5.7
55;2021-04-17;677;31;38146;10452;21.0;5.8
55;2021-04-18;38;18;38184;10470;21.0;5.8
55;2021-04-19;961;346;39145;10816;21.6;6.0
55;2021-04-20;1173;771;40318;11587;22.2;6.4
55;2021-04-21;990;640;41308;12227;22.7;6.7
55;2021-04-22;1099;674;42407;12901;23.3;7.1
55;2021-04-23;1424;598;43831;13499;24.1;7.4
55;2021-04-24;313;124;44144;13623;24.3;7.5
55;2021-04-25;384;51;44528;13674;24.5;7.5
55;2021-04-26;478;815;45006;14489;24.8;8.0
55;2021-04-27;570;994;45576;15483;25.1;8.5
55;2021-04-28;931;815;46507;16298;25.6;9.0
55;2021-04-29;1118;857;47625;17155;26.2;9.4
55;2021-04-30;1280;620;48905;17775;26.9;9.8
55;2021-05-01;153;131;49058;17906;27.0;9.9
55;2021-05-02;2;3;49060;17909;27.0;9.9
55;2021-05-03;1209;629;50269;18538;27.7;10.2
55;2021-05-04;683;1177;50952;19715;28.1;10.9
55;2021-05-05;657;1070;51609;20785;28.4;11.4
55;2021-05-06;1350;1157;52959;21942;29.2;12.1
55;2021-05-07;1433;554;54392;22496;29.9;12.4
55;2021-05-08;156;77;54548;22573;30.0;12.4
55;2021-05-09;62;522;54610;23095;30.1;12.7
55;2021-05-10;860;1029;55470;24124;30.5;13.3
55;2021-05-11;1072;1371;56542;25495;31.1;14.0
55;2021-05-12;1031;1760;57573;27255;31.7;15.0
55;2021-05-13;99;75;57672;27330;31.8;15.0
55;2021-05-14;352;555;58024;27885;31.9;15.4
55;2021-05-15;291;486;58315;28371;32.1;15.6
55;2021-05-16;3;10;58318;28381;32.1;15.6
55;2021-05-17;1028;841;59346;29222;32.7;16.1
55;2021-05-18;1567;886;60913;30108;33.5;16.6
55;2021-05-19;1809;778;62722;30886;34.5;17.0
55;2021-05-20;2215;730;64937;31616;35.8;17.4
55;2021-05-21;2010;799;66947;32415;36.9;17.8
55;2021-05-22;198;167;67145;32582;37.0;17.9
55;2021-05-23;23;120;67168;32702;37.0;18.0
55;2021-05-24;0;0;67168;32702;37.0;18.0
55;2021-05-25;1347;651;68515;33353;37.7;18.4
55;2021-05-26;1674;1017;70189;34370;38.6;18.9
55;2021-05-27;1321;981;71510;35351;39.4;19.5
55;2021-05-28;1521;928;73031;36279;40.2;20.0
55;2021-05-29;1403;695;74434;36974;41.0;20.4
55;2021-05-30;15;205;74449;37179;41.0;20.5
55;2021-05-31;1048;1130;75497;38309;41.6;21.1
55;2021-06-01;919;957;76416;39266;42.1;21.6
55;2021-06-02;1162;979;77578;40245;42.7;22.2
55;2021-06-03;703;538;78281;40783;43.1;22.5
55;2021-06-04;1388;1098;79669;41881;43.9;23.1
55;2021-06-05;1366;278;81035;42159;44.6;23.2
55;2021-06-06;0;2;81035;42161;44.6;23.2
55;2021-06-07;791;714;81826;42875;45.0;23.6
55;2021-06-08;700;1073;82526;43948;45.4;24.2
55;2021-06-09;852;868;83378;44816;45.9;24.7
55;2021-06-10;378;275;83756;45091;46.1;24.8
55;2021-06-11;528;1285;84284;46376;46.4;25.5
55;2021-06-12;761;518;85045;46894;46.8;25.8
55;2021-06-13;265;33;85310;46927;47.0;25.8
55;2021-06-14;391;1362;85701;48289;47.2;26.6
55;2021-06-15;574;1212;86275;49501;47.5;27.3
55;2021-06-16;735;832;87010;50333;47.9;27.7
55;2021-06-17;425;858;87435;51191;48.1;28.2
55;2021-06-18;667;1473;88102;52664;48.5;29.0
55;2021-06-19;593;454;88695;53118;48.8;29.2
55;2021-06-20;0;0;88695;53118;48.8;29.2
55;2021-06-21;441;1023;89136;54141;49.1;29.8
55;2021-06-22;335;1012;89471;55153;49.3;30.4
55;2021-06-23;626;1209;90097;56362;49.6;31.0
55;2021-06-24;163;433;90260;56795;49.7;31.3
55;2021-06-25;642;1227;90902;58022;50.0;31.9
55;2021-06-26;418;341;91320;58363;50.3;32.1
55;2021-06-27;1;2;91321;58365;50.3;32.1
55;2021-06-28;149;1379;91470;59744;50.4;32.9
55;2021-06-29;201;1287;91671;61031;50.5;33.6
55;2021-06-30;272;1928;91943;62959;50.6;34.7
55;2021-07-01;388;1977;92331;64936;50.8;35.7
55;2021-07-02;391;1719;92722;66655;51.0;36.7
55;2021-07-03;107;262;92829;66917;51.1;36.8
55;2021-07-04;12;19;92841;66936;51.1;36.9
55;2021-07-05;222;1508;93063;68444;51.2;37.7
55;2021-07-06;327;899;93390;69343;51.4;38.2
55;2021-07-07;388;1801;93778;71144;51.6;39.2
55;2021-07-08;534;1594;94312;72738;51.9;40.0
55;2021-07-09;456;1478;94768;74216;52.2;40.9
55;2021-07-10;356;1112;95124;75328;52.4;41.5
55;2021-07-11;0;9;95124;75337;52.4;41.5
55;2021-07-12;608;1166;95732;76503;52.7;42.1
55;2021-07-13;599;1487;96331;77990;53.0;42.9
55;2021-07-14;1;13;96332;78003;53.0;42.9
55;2021-07-15;782;1645;97114;79648;53.5;43.8
55;2021-07-16;1255;1808;98369;81456;54.2;44.8
55;2021-07-17;1282;821;99651;82277;54.9;45.3
55;2021-07-18;1;2;99652;82279;54.9;45.3
55;2021-07-19;597;785;100249;83064;55.2;45.7
55;2021-07-20;1001;1019;101250;84083;55.7;46.3
55;2021-07-21;1482;1369;102732;85452;56.6;47.0
55;2021-07-22;1174;565;103906;86017;57.2;47.4
55;2021-07-23;1113;1354;105019;87371;57.8;48.1
55;2021-07-24;819;760;105838;88131;58.3;48.5
55;2021-07-25;120;229;105958;88360;58.3;48.6
55;2021-07-26;668;444;106626;88804;58.7;48.9
55;2021-07-27;1166;479;107792;89283;59.3;49.2
55;2021-07-28;1039;1063;108831;90346;59.9;49.7
55;2021-07-29;670;446;109501;90792;60.3;50.0
55;2021-07-30;1272;966;110773;91758;61.0;50.5
55;2021-07-31;714;613;111487;92371;61.4;50.9
55;2021-08-01;9;5;111496;92376;61.4;50.9
55;2021-08-02;798;443;112294;92819;61.8;51.1
55;2021-08-03;793;417;113087;93236;62.3;51.3
55;2021-08-04;1248;950;114335;94186;62.9;51.9
55;2021-08-05;1023;323;115358;94509;63.5;52.0
55;2021-08-06;819;1095;116177;95604;64.0;52.6
55;2021-08-07;596;336;116773;95940;64.3;52.8
55;2021-08-08;0;0;116773;95940;64.3;52.8
55;2021-08-09;402;306;117175;96246;64.5;53.0
55;2021-08-10;447;776;117622;97022;64.8;53.4
55;2021-08-11;595;640;118217;97662;65.1;53.8
55;2021-08-12;327;488;118544;98150;65.3;54.0
55;2021-08-13;437;1109;118981;99259;65.5;54.6
55;2021-08-14;144;190;119125;99449;65.6;54.8
55;2021-08-15;11;5;119136;99454;65.6;54.8
55;2021-08-16;245;739;119381;100193;65.7;55.2
55;2021-08-17;259;289;119640;100482;65.9;55.3
55;2021-08-18;547;1241;120187;101723;66.2;56.0
55;2021-08-19;450;960;120637;102683;66.4;56.5
55;2021-08-20;571;1012;121208;103695;66.7;57.1
55;2021-08-21;292;771;121500;104466;66.9;57.5
55;2021-08-22;8;6;121508;104472;66.9;57.5
55;2021-08-23;356;612;121864;105084;67.1;57.9
55;2021-08-24;314;833;122178;105917;67.3;58.3
55;2021-08-25;677;1173;122855;107090;67.6;59.0
55;2021-08-26;470;1253;123325;108343;67.9;59.6
55;2021-08-27;331;1246;123656;109589;68.1;60.3
55;2021-08-28;384;578;124040;110167;68.3;60.7
55;2021-08-29;216;59;124256;110226;68.4;60.7
55;2021-08-30;136;677;124392;110903;68.5;61.1
55;2021-08-31;283;824;124675;111727;68.6;61.5
55;2021-09-01;544;1269;125219;112996;68.9;62.2
55;2021-09-02;207;896;125426;113892;69.1;62.7
55;2021-09-03;407;1275;125833;115167;69.3;63.4
55;2021-09-04;287;600;126120;115767;69.4;63.7
55;2021-09-05;18;91;126138;115858;69.4;63.8
55;2021-09-06;59;127;126197;115985;69.5;63.9
55;2021-09-07;270;595;126467;116580;69.6;64.2
55;2021-09-08;223;338;126690;116918;69.7;64.4
55;2021-09-09;181;595;126871;117513;69.8;64.7
55;2021-09-10;180;550;127051;118063;69.9;65.0
55;2021-09-11;93;319;127144;118382;70.0;65.2
55;2021-09-12;1;1;127145;118383;70.0;65.2
55;2021-09-13;95;431;127240;118814;70.1;65.4
55;2021-09-14;230;284;127470;119098;70.2;65.6
55;2021-09-15;269;636;127739;119734;70.3;65.9
55;2021-09-16;96;181;127835;119915;70.4;66.0
55;2021-09-17;83;121;127918;120036;70.4;66.1
55;2021-09-18;138;391;128056;120427;70.5;66.3
55;2021-09-19;1;59;128057;120486;70.5;66.3
55;2021-09-20;63;193;128120;120679;70.5;66.4
55;2021-09-21;100;331;128220;121010;70.6;66.6
55;2021-09-22;109;396;128329;121406;70.6;66.8
55;2021-09-23;94;427;128423;121833;70.7;67.1
55;2021-09-24;88;367;128511;122200;70.7;67.3
55;2021-09-25;56;159;128567;122359;70.8;67.4
55;2021-09-26;0;34;128567;122393;70.8;67.4
55;2021-09-27;42;126;128609;122519;70.8;67.5
55;2021-09-28;50;124;128659;122643;70.8;67.5
56;2020-12-27;0;0;0;0;0.0;0.0
56;2020-12-28;1;0;1;0;0.0;0.0
56;2020-12-29;0;0;1;0;0.0;0.0
56;2020-12-30;0;0;1;0;0.0;0.0
56;2020-12-31;0;0;1;0;0.0;0.0
56;2021-01-01;0;0;1;0;0.0;0.0
56;2021-01-02;1;0;2;0;0.0;0.0
56;2021-01-03;2;0;4;0;0.0;0.0
56;2021-01-04;2;0;6;0;0.0;0.0
56;2021-01-05;1;0;7;0;0.0;0.0
56;2021-01-06;2;0;9;0;0.0;0.0
56;2021-01-07;198;0;207;0;0.0;0.0
56;2021-01-08;119;0;326;0;0.0;0.0
56;2021-01-09;1;0;327;0;0.0;0.0
56;2021-01-10;1;0;328;0;0.0;0.0
56;2021-01-11;242;0;570;0;0.1;0.0
56;2021-01-12;755;1;1325;1;0.2;0.0
56;2021-01-13;638;1;1963;2;0.3;0.0
56;2021-01-14;970;2;2933;4;0.4;0.0
56;2021-01-15;844;5;3777;9;0.5;0.0
56;2021-01-16;235;3;4012;12;0.5;0.0
56;2021-01-17;27;0;4039;12;0.5;0.0
56;2021-01-18;1006;1;5045;13;0.7;0.0
56;2021-01-19;866;0;5911;13;0.8;0.0
56;2021-01-20;885;1;6796;14;0.9;0.0
56;2021-01-21;1450;1;8246;15;1.1;0.0
56;2021-01-22;1183;3;9429;18;1.2;0.0
56;2021-01-23;318;2;9747;20;1.3;0.0
56;2021-01-24;6;0;9753;20;1.3;0.0
56;2021-01-25;830;0;10583;20;1.4;0.0
56;2021-01-26;1034;4;11617;24;1.5;0.0
56;2021-01-27;1082;59;12699;83;1.7;0.0
56;2021-01-28;974;119;13673;202;1.8;0.0
56;2021-01-29;875;100;14548;302;1.9;0.0
56;2021-01-30;139;18;14687;320;1.9;0.0
56;2021-01-31;0;0;14687;320;1.9;0.0
56;2021-02-01;480;113;15167;433;2.0;0.1
56;2021-02-02;941;246;16108;679;2.1;0.1
56;2021-02-03;1025;254;17133;933;2.3;0.1
56;2021-02-04;4702;332;21835;1265;2.9;0.2
56;2021-02-05;3594;418;25429;1683;3.4;0.2
56;2021-02-06;551;162;25980;1845;3.4;0.2
56;2021-02-07;136;26;26116;1871;3.5;0.2
56;2021-02-08;297;257;26413;2128;3.5;0.3
56;2021-02-09;794;406;27207;2534;3.6;0.3
56;2021-02-10;864;637;28071;3171;3.7;0.4
56;2021-02-11;973;999;29044;4170;3.8;0.6
56;2021-02-12;1153;567;30197;4737;4.0;0.6
56;2021-02-13;220;76;30417;4813;4.0;0.6
56;2021-02-14;6;45;30423;4858;4.0;0.6
56;2021-02-15;623;834;31046;5692;4.1;0.8
56;2021-02-16;1219;587;32265;6279;4.3;0.8
56;2021-02-17;1189;771;33454;7050;4.4;0.9
56;2021-02-18;1351;707;34805;7757;4.6;1.0
56;2021-02-19;1323;705;36128;8462;4.8;1.1
56;2021-02-20;366;191;36494;8653;4.8;1.1
56;2021-02-21;2;0;36496;8653;4.8;1.1
56;2021-02-22;376;580;36872;9233;4.9;1.2
56;2021-02-23;741;737;37613;9970;5.0;1.3
56;2021-02-24;918;908;38531;10878;5.1;1.4
56;2021-02-25;2032;3831;40563;14709;5.4;1.9
56;2021-02-26;2356;2101;42919;16810;5.7;2.2
56;2021-02-27;748;366;43667;17176;5.8;2.3
56;2021-02-28;15;112;43682;17288;5.8;2.3
56;2021-03-01;649;449;44331;17737;5.9;2.3
56;2021-03-02;979;654;45310;18391;6.0;2.4
56;2021-03-03;1150;765;46460;19156;6.1;2.5
56;2021-03-04;1965;925;48425;20081;6.4;2.7
56;2021-03-05;2584;1322;51009;21403;6.8;2.8
56;2021-03-06;1209;193;52218;21596;6.9;2.9
56;2021-03-07;282;24;52500;21620;6.9;2.9
56;2021-03-08;1141;349;53641;21969;7.1;2.9
56;2021-03-09;2042;540;55683;22509;7.4;3.0
56;2021-03-10;2000;850;57683;23359;7.6;3.1
56;2021-03-11;3251;695;60934;24054;8.1;3.2
56;2021-03-12;4208;774;65142;24828;8.6;3.3
56;2021-03-13;1885;146;67027;24974;8.9;3.3
56;2021-03-14;195;4;67222;24978;8.9;3.3
56;2021-03-15;1285;521;68507;25499;9.1;3.4
56;2021-03-16;1088;998;69595;26497;9.2;3.5
56;2021-03-17;1371;755;70966;27252;9.4;3.6
56;2021-03-18;2001;1840;72967;29092;9.7;3.9
56;2021-03-19;2947;1366;75914;30458;10.0;4.0
56;2021-03-20;1492;202;77406;30660;10.2;4.1
56;2021-03-21;209;22;77615;30682;10.3;4.1
56;2021-03-22;1612;400;79227;31082;10.5;4.1
56;2021-03-23;2808;678;82035;31760;10.9;4.2
56;2021-03-24;3450;520;85485;32280;11.3;4.3
56;2021-03-25;4238;715;89723;32995;11.9;4.4
56;2021-03-26;5092;761;94815;33756;12.5;4.5
56;2021-03-27;1501;288;96316;34044;12.7;4.5
56;2021-03-28;264;11;96580;34055;12.8;4.5
56;2021-03-29;2236;501;98816;34556;13.1;4.6
56;2021-03-30;3518;785;102334;35341;13.5;4.7
56;2021-03-31;3116;717;105450;36058;14.0;4.8
56;2021-04-01;4078;820;109528;36878;14.5;4.9
56;2021-04-02;3926;945;113454;37823;15.0;5.0
56;2021-04-03;1186;270;114640;38093;15.2;5.0
56;2021-04-04;233;4;114873;38097;15.2;5.0
56;2021-04-05;244;8;115117;38105;15.2;5.0
56;2021-04-06;2828;1233;117945;39338;15.6;5.2
56;2021-04-07;4023;1193;121968;40531;16.1;5.4
56;2021-04-08;5295;1164;127263;41695;16.8;5.5
56;2021-04-09;7396;1280;134659;42975;17.8;5.7
56;2021-04-10;2576;428;137235;43403;18.2;5.7
56;2021-04-11;194;101;137429;43504;18.2;5.8
56;2021-04-12;3932;832;141361;44336;18.7;5.9
56;2021-04-13;5965;1263;147326;45599;19.5;6.0
56;2021-04-14;5168;1432;152494;47031;20.2;6.2
56;2021-04-15;7153;1775;159647;48806;21.1;6.5
56;2021-04-16;7842;2012;167489;50818;22.2;6.7
56;2021-04-17;3130;647;170619;51465;22.6;6.8
56;2021-04-18;528;110;171147;51575;22.7;6.8
56;2021-04-19;3719;1261;174866;52836;23.1;7.0
56;2021-04-20;4107;1974;178973;54810;23.7;7.3
56;2021-04-21;4059;2321;183032;57131;24.2;7.6
56;2021-04-22;5173;1918;188205;59049;24.9;7.8
56;2021-04-23;5172;2413;193377;61462;25.6;8.1
56;2021-04-24;2899;638;196276;62100;26.0;8.2
56;2021-04-25;465;149;196741;62249;26.0;8.2
56;2021-04-26;4710;1657;201451;63906;26.7;8.5
56;2021-04-27;5097;2537;206548;66443;27.3;8.8
56;2021-04-28;4966;2243;211514;68686;28.0;9.1
56;2021-04-29;5842;2925;217356;71611;28.8;9.5
56;2021-04-30;6245;2785;223601;74396;29.6;9.8
56;2021-05-01;2489;363;226090;74759;29.9;9.9
56;2021-05-02;307;254;226397;75013;30.0;9.9
56;2021-05-03;3863;2050;230260;77063;30.5;10.2
56;2021-05-04;4379;3899;234639;80962;31.1;10.7
56;2021-05-05;3523;3871;238162;84833;31.5;11.2
56;2021-05-06;4377;5430;242539;90263;32.1;11.9
56;2021-05-07;4267;4990;246806;95253;32.7;12.6
56;2021-05-08;1645;320;248451;95573;32.9;12.6
56;2021-05-09;494;227;248945;95800;32.9;12.7
56;2021-05-10;3751;3803;252696;99603;33.4;13.2
56;2021-05-11;4169;5040;256865;104643;34.0;13.8
56;2021-05-12;4342;4771;261207;109414;34.6;14.5
56;2021-05-13;2397;1014;263604;110428;34.9;14.6
56;2021-05-14;4227;4347;267831;114775;35.4;15.2
56;2021-05-15;2488;1895;270319;116670;35.8;15.4
56;2021-05-16;237;488;270556;117158;35.8;15.5
56;2021-05-17;2513;3664;273069;120822;36.1;16.0
56;2021-05-18;3522;4092;276591;124914;36.6;16.5
56;2021-05-19;3527;3391;280118;128305;37.1;17.0
56;2021-05-20;3805;4808;283923;133113;37.6;17.6
56;2021-05-21;3747;5217;287670;138330;38.1;18.3
56;2021-05-22;1697;2207;289367;140537;38.3;18.6
56;2021-05-23;284;197;289651;140734;38.3;18.6
56;2021-05-24;2058;497;291709;141231;38.6;18.7
56;2021-05-25;3140;4472;294849;145703;39.0;19.3
56;2021-05-26;3735;3933;298584;149636;39.5;19.8
56;2021-05-27;4362;4862;302946;154498;40.1;20.4
56;2021-05-28;4638;5938;307584;160436;40.7;21.2
56;2021-05-29;1886;1632;309470;162068;41.0;21.4
56;2021-05-30;318;67;309788;162135;41.0;21.5
56;2021-05-31;4502;3212;314290;165347;41.6;21.9
56;2021-06-01;5664;3379;319954;168726;42.3;22.3
56;2021-06-02;5631;2946;325585;171672;43.1;22.7
56;2021-06-03;6189;3292;331774;174964;43.9;23.2
56;2021-06-04;5813;4401;337587;179365;44.7;23.7
56;2021-06-05;4346;2372;341933;181737;45.3;24.1
56;2021-06-06;496;615;342429;182352;45.3;24.1
56;2021-06-07;5101;3167;347530;185519;46.0;24.6
56;2021-06-08;6070;3365;353600;188884;46.8;25.0
56;2021-06-09;6429;2811;360029;191695;47.7;25.4
56;2021-06-10;7478;2873;367507;194568;48.6;25.8
56;2021-06-11;6766;3864;374273;198432;49.5;26.3
56;2021-06-12;5103;2062;379376;200494;50.2;26.5
56;2021-06-13;1978;439;381354;200933;50.5;26.6
56;2021-06-14;3313;4588;384667;205521;50.9;27.2
56;2021-06-15;4201;4878;388868;210399;51.5;27.8
56;2021-06-16;4494;4501;393362;214900;52.1;28.4
56;2021-06-17;4257;4748;397619;219648;52.6;29.1
56;2021-06-18;4513;5967;402132;225615;53.2;29.9
56;2021-06-19;3832;2143;405964;227758;53.7;30.1
56;2021-06-20;1503;340;407467;228098;53.9;30.2
56;2021-06-21;3306;4462;410773;232560;54.4;30.8
56;2021-06-22;3483;5433;414256;237993;54.8;31.5
56;2021-06-23;3763;5061;418019;243054;55.3;32.2
56;2021-06-24;3477;5318;421496;248372;55.8;32.9
56;2021-06-25;3884;6280;425380;254652;56.3;33.7
56;2021-06-26;3202;2914;428582;257566;56.7;34.1
56;2021-06-27;305;163;428887;257729;56.8;34.1
56;2021-06-28;1575;3982;430462;261711;57.0;34.6
56;2021-06-29;2433;5761;432895;267472;57.3;35.4
56;2021-06-30;2497;5558;435392;273030;57.6;36.1
56;2021-07-01;2734;4956;438126;277986;58.0;36.8
56;2021-07-02;2656;6201;440782;284187;58.3;37.6
56;2021-07-03;2203;2677;442985;286864;58.6;38.0
56;2021-07-04;778;811;443763;287675;58.7;38.1
56;2021-07-05;1872;5442;445635;293117;59.0;38.8
56;2021-07-06;2190;5931;447825;299048;59.3;39.6
56;2021-07-07;2843;5642;450668;304690;59.6;40.3
56;2021-07-08;3085;6035;453753;310725;60.1;41.1
56;2021-07-09;2213;7097;455966;317822;60.3;42.1
56;2021-07-10;1126;3000;457092;320822;60.5;42.5
56;2021-07-11;256;344;457348;321166;60.5;42.5
56;2021-07-12;2181;6605;459529;327771;60.8;43.4
56;2021-07-13;3259;7465;462788;335236;61.3;44.4
56;2021-07-14;1785;2591;464573;337827;61.5;44.7
56;2021-07-15;3820;7068;468393;344895;62.0;45.6
56;2021-07-16;4076;8082;472469;352977;62.5;46.7
56;2021-07-17;2320;3524;474789;356501;62.8;47.2
56;2021-07-18;256;478;475045;356979;62.9;47.2
56;2021-07-19;2868;6357;477913;363336;63.3;48.1
56;2021-07-20;3722;7910;481635;371246;63.7;49.1
56;2021-07-21;3095;7516;484730;378762;64.2;50.1
56;2021-07-22;4390;8027;489120;386789;64.7;51.2
56;2021-07-23;4389;8406;493509;395195;65.3;52.3
56;2021-07-24;1687;4600;495196;399795;65.5;52.9
56;2021-07-25;552;1917;495748;401712;65.6;53.2
56;2021-07-26;3680;5451;499428;407163;66.1;53.9
56;2021-07-27;5375;6194;504803;413357;66.8;54.7
56;2021-07-28;4686;5462;509489;418819;67.4;55.4
56;2021-07-29;5378;5626;514867;424445;68.1;56.2
56;2021-07-30;5383;5863;520250;430308;68.9;57.0
56;2021-07-31;2157;2690;522407;432998;69.1;57.3
56;2021-08-01;1254;977;523661;433975;69.3;57.4
56;2021-08-02;4536;4598;528197;438573;69.9;58.0
56;2021-08-03;6383;4957;534580;443530;70.8;58.7
56;2021-08-04;5953;4363;540533;447893;71.5;59.3
56;2021-08-05;6097;4604;546630;452497;72.3;59.9
56;2021-08-06;5856;4925;552486;457422;73.1;60.5
56;2021-08-07;2859;2225;555345;459647;73.5;60.8
56;2021-08-08;1829;566;557174;460213;73.7;60.9
56;2021-08-09;3936;4266;561110;464479;74.3;61.5
56;2021-08-10;4927;4612;566037;469091;74.9;62.1
56;2021-08-11;4564;4137;570601;473228;75.5;62.6
56;2021-08-12;4488;4542;575089;477770;76.1;63.2
56;2021-08-13;4215;4814;579304;482584;76.7;63.9
56;2021-08-14;1790;2136;581094;484720;76.9;64.2
56;2021-08-15;348;485;581442;485205;77.0;64.2
56;2021-08-16;3064;4521;584506;489726;77.4;64.8
56;2021-08-17;3761;5054;588267;494780;77.9;65.5
56;2021-08-18;3739;4609;592006;499389;78.4;66.1
56;2021-08-19;3067;4991;595073;504380;78.8;66.8
56;2021-08-20;2901;5259;597974;509639;79.1;67.5
56;2021-08-21;1159;2399;599133;512038;79.3;67.8
56;2021-08-22;129;503;599262;512541;79.3;67.8
56;2021-08-23;1927;4967;601189;517508;79.6;68.5
56;2021-08-24;1922;5513;603111;523021;79.8;69.2
56;2021-08-25;1708;5056;604819;528077;80.0;69.9
56;2021-08-26;1407;5325;606226;533402;80.2;70.6
56;2021-08-27;1745;5877;607971;539279;80.5;71.4
56;2021-08-28;604;2801;608575;542080;80.5;71.7
56;2021-08-29;79;476;608654;542556;80.6;71.8
56;2021-08-30;1380;4744;610034;547300;80.7;72.4
56;2021-08-31;1473;4793;611507;552093;80.9;73.1
56;2021-09-01;1315;4198;612822;556291;81.1;73.6
56;2021-09-02;1081;4037;613903;560328;81.3;74.2
56;2021-09-03;1097;4597;615000;564925;81.4;74.8
56;2021-09-04;763;2445;615763;567370;81.5;75.1
56;2021-09-05;124;371;615887;567741;81.5;75.1
56;2021-09-06;882;3622;616769;571363;81.6;75.6
56;2021-09-07;815;3470;617584;574833;81.7;76.1
56;2021-09-08;962;3468;618546;578301;81.9;76.5
56;2021-09-09;794;3021;619340;581322;82.0;76.9
56;2021-09-10;934;3489;620274;584811;82.1;77.4
56;2021-09-11;474;2108;620748;586919;82.2;77.7
56;2021-09-12;34;171;620782;587090;82.2;77.7
56;2021-09-13;753;2677;621535;589767;82.3;78.1
56;2021-09-14;695;2777;622230;592544;82.4;78.4
56;2021-09-15;714;2499;622944;595043;82.4;78.8
56;2021-09-16;702;1591;623646;596634;82.5;79.0
56;2021-09-17;756;2148;624402;598782;82.6;79.2
56;2021-09-18;305;1706;624707;600488;82.7;79.5
56;2021-09-19;32;112;624739;600600;82.7;79.5
56;2021-09-20;426;1288;625165;601888;82.7;79.7
56;2021-09-21;497;1165;625662;603053;82.8;79.8
56;2021-09-22;463;1704;626125;604757;82.9;80.0
56;2021-09-23;542;1048;626667;605805;82.9;80.2
56;2021-09-24;574;1611;627241;607416;83.0;80.4
56;2021-09-25;250;1026;627491;608442;83.0;80.5
56;2021-09-26;12;79;627503;608521;83.1;80.5
56;2021-09-27;474;1000;627977;609521;83.1;80.7
56;2021-09-28;433;958;628410;610479;83.2;80.8
57;2020-12-27;2;0;2;0;0.0;0.0
57;2020-12-28;0;0;2;0;0.0;0.0
57;2020-12-29;1;0;3;0;0.0;0.0
57;2020-12-30;1;0;4;0;0.0;0.0
57;2020-12-31;0;0;4;0;0.0;0.0
57;2021-01-01;1;0;5;0;0.0;0.0
57;2021-01-02;3;0;8;0;0.0;0.0
57;2021-01-03;0;0;8;0;0.0;0.0
57;2021-01-04;17;0;25;0;0.0;0.0
57;2021-01-05;199;0;224;0;0.0;0.0
57;2021-01-06;226;1;450;1;0.0;0.0
57;2021-01-07;586;2;1036;3;0.1;0.0
57;2021-01-08;509;2;1545;5;0.1;0.0
57;2021-01-09;203;0;1748;5;0.2;0.0
57;2021-01-10;109;1;1857;6;0.2;0.0
57;2021-01-11;470;1;2327;7;0.2;0.0
57;2021-01-12;612;5;2939;12;0.3;0.0
57;2021-01-13;696;2;3635;14;0.4;0.0
57;2021-01-14;707;6;4342;20;0.4;0.0
57;2021-01-15;636;5;4978;25;0.5;0.0
57;2021-01-16;452;1;5430;26;0.5;0.0
57;2021-01-17;493;1;5923;27;0.6;0.0
57;2021-01-18;2715;20;8638;47;0.8;0.0
57;2021-01-19;2567;20;11205;67;1.1;0.0
57;2021-01-20;2762;17;13967;84;1.3;0.0
57;2021-01-21;1797;5;15764;89;1.5;0.0
57;2021-01-22;1325;6;17089;95;1.6;0.0
57;2021-01-23;543;15;17632;110;1.7;0.0
57;2021-01-24;1;0;17633;110;1.7;0.0
57;2021-01-25;869;174;18502;284;1.8;0.0
57;2021-01-26;1112;202;19614;486;1.9;0.0
57;2021-01-27;1070;160;20684;646;2.0;0.1
57;2021-01-28;1040;241;21724;887;2.1;0.1
57;2021-01-29;983;368;22707;1255;2.2;0.1
57;2021-01-30;440;82;23147;1337;2.2;0.1
57;2021-01-31;11;16;23158;1353;2.2;0.1
57;2021-02-01;828;321;23986;1674;2.3;0.2
57;2021-02-02;989;334;24975;2008;2.4;0.2
57;2021-02-03;986;294;25961;2302;2.5;0.2
57;2021-02-04;1138;773;27099;3075;2.6;0.3
57;2021-02-05;927;324;28026;3399;2.7;0.3
57;2021-02-06;480;308;28506;3707;2.8;0.4
57;2021-02-07;103;333;28609;4040;2.8;0.4
57;2021-02-08;1258;1395;29867;5435;2.9;0.5
57;2021-02-09;1763;1575;31630;7010;3.1;0.7
57;2021-02-10;1712;1957;33342;8967;3.2;0.9
57;2021-02-11;1487;1265;34829;10232;3.4;1.0
57;2021-02-12;1227;612;36056;10844;3.5;1.0
57;2021-02-13;1152;133;37208;10977;3.6;1.1
57;2021-02-14;1210;27;38418;11004;3.7;1.1
57;2021-02-15;766;698;39184;11702;3.8;1.1
57;2021-02-16;1076;655;40260;12357;3.9;1.2
57;2021-02-17;1008;789;41268;13146;4.0;1.3
57;2021-02-18;974;968;42242;14114;4.1;1.4
57;2021-02-19;956;730;43198;14844;4.2;1.4
57;2021-02-20;1172;487;44370;15331;4.3;1.5
57;2021-02-21;323;13;44693;15344;4.3;1.5
57;2021-02-22;1230;734;45923;16078;4.4;1.6
57;2021-02-23;2234;917;48157;16995;4.6;1.6
57;2021-02-24;2287;822;50444;17817;4.9;1.7
57;2021-02-25;3297;945;53741;18762;5.2;1.8
57;2021-02-26;3592;826;57333;19588;5.5;1.9
57;2021-02-27;3697;478;61030;20066;5.9;1.9
57;2021-02-28;1897;58;62927;20124;6.1;1.9
57;2021-03-01;2062;1201;64989;21325;6.3;2.1
57;2021-03-02;2858;1420;67847;22745;6.5;2.2
57;2021-03-03;2810;1464;70657;24209;6.8;2.3
57;2021-03-04;3274;1182;73931;25391;7.1;2.5
57;2021-03-05;4458;1139;78389;26530;7.6;2.6
57;2021-03-06;7243;694;85632;27224;8.3;2.6
57;2021-03-07;6070;256;91702;27480;8.9;2.7
57;2021-03-08;2300;909;94002;28389;9.1;2.7
57;2021-03-09;3384;1196;97386;29585;9.4;2.9
57;2021-03-10;3582;893;100968;30478;9.7;2.9
57;2021-03-11;4040;1173;105008;31651;10.1;3.1
57;2021-03-12;5109;1124;110117;32775;10.6;3.2
57;2021-03-13;6283;940;116400;33715;11.2;3.3
57;2021-03-14;2425;423;118825;34138;11.5;3.3
57;2021-03-15;2965;863;121790;35001;11.8;3.4
57;2021-03-16;3060;1271;124850;36272;12.1;3.5
57;2021-03-17;3049;1135;127899;37407;12.3;3.6
57;2021-03-18;3402;1058;131301;38465;12.7;3.7
57;2021-03-19;4625;1036;135926;39501;13.1;3.8
57;2021-03-20;4700;1023;140626;40524;13.6;3.9
57;2021-03-21;1895;250;142521;40774;13.8;3.9
57;2021-03-22;2479;1474;145000;42248;14.0;4.1
57;2021-03-23;3443;2329;148443;44577;14.3;4.3
57;2021-03-24;3897;2133;152340;46710;14.7;4.5
57;2021-03-25;4743;2586;157083;49296;15.2;4.8
57;2021-03-26;4842;2258;161925;51554;15.6;5.0
57;2021-03-27;3710;3135;165635;54689;16.0;5.3
57;2021-03-28;1398;1827;167033;56516;16.1;5.5
57;2021-03-29;1932;2160;168965;58676;16.3;5.7
57;2021-03-30;3300;2465;172265;61141;16.6;5.9
57;2021-03-31;2825;2284;175090;63425;16.9;6.1
57;2021-04-01;3223;3161;178313;66586;17.2;6.4
57;2021-04-02;2392;2566;180705;69152;17.4;6.7
57;2021-04-03;2565;2649;183270;71801;17.7;6.9
57;2021-04-04;596;968;183866;72769;17.7;7.0
57;2021-04-05;1922;674;185788;73443;17.9;7.1
57;2021-04-06;2451;2828;188239;76271;18.2;7.4
57;2021-04-07;3814;3088;192053;79359;18.5;7.7
57;2021-04-08;5613;2898;197666;82257;19.1;7.9
57;2021-04-09;5013;2724;202679;84981;19.6;8.2
57;2021-04-10;2353;3634;205032;88615;19.8;8.6
57;2021-04-11;1099;1890;206131;90505;19.9;8.7
57;2021-04-12;1794;2745;207925;93250;20.1;9.0
57;2021-04-13;1976;3022;209901;96272;20.3;9.3
57;2021-04-14;1922;2985;211823;99257;20.4;9.6
57;2021-04-15;2364;3424;214187;102681;20.7;9.9
57;2021-04-16;2700;3289;216887;105970;20.9;10.2
57;2021-04-17;2473;3177;219360;109147;21.2;10.5
57;2021-04-18;1241;1771;220601;110918;21.3;10.7
57;2021-04-19;2142;2257;222743;113175;21.5;10.9
57;2021-04-20;2513;2779;225256;115954;21.7;11.2
57;2021-04-21;2568;2379;227824;118333;22.0;11.4
57;2021-04-22;3208;2250;231032;120583;22.3;11.6
57;2021-04-23;4057;2574;235089;123157;22.7;11.9
57;2021-04-24;3395;2560;238484;125717;23.0;12.1
57;2021-04-25;757;1126;239241;126843;23.1;12.2
57;2021-04-26;2972;1992;242213;128835;23.4;12.4
57;2021-04-27;3898;2375;246111;131210;23.8;12.7
57;2021-04-28;4212;2589;250323;133799;24.2;12.9
57;2021-04-29;5261;3442;255584;137241;24.7;13.2
57;2021-04-30;4729;3529;260313;140770;25.1;13.6
57;2021-05-01;2356;1685;262669;142455;25.4;13.8
57;2021-05-02;790;912;263459;143367;25.4;13.8
57;2021-05-03;3561;2990;267020;146357;25.8;14.1
57;2021-05-04;4871;3160;271891;149517;26.2;14.4
57;2021-05-05;6123;3157;278014;152674;26.8;14.7
57;2021-05-06;5990;3274;284004;155948;27.4;15.1
57;2021-05-07;6852;3439;290856;159387;28.1;15.4
57;2021-05-08;4051;1605;294907;160992;28.5;15.5
57;2021-05-09;2048;1114;296955;162106;28.7;15.6
57;2021-05-10;5129;3062;302084;165168;29.2;15.9
57;2021-05-11;7451;2848;309535;168016;29.9;16.2
57;2021-05-12;7843;3242;317378;171258;30.6;16.5
57;2021-05-13;4509;915;321887;172173;31.1;16.6
57;2021-05-14;7839;2628;329726;174801;31.8;16.9
57;2021-05-15;5965;2045;335691;176846;32.4;17.1
57;2021-05-16;3307;578;338998;177424;32.7;17.1
57;2021-05-17;3866;2063;342864;179487;33.1;17.3
57;2021-05-18;6292;2103;349156;181590;33.7;17.5
57;2021-05-19;7018;2326;356174;183916;34.4;17.8
57;2021-05-20;6047;2172;362221;186088;35.0;18.0
57;2021-05-21;7564;2922;369785;189010;35.7;18.2
57;2021-05-22;4895;2171;374680;191181;36.2;18.5
57;2021-05-23;1964;430;376644;191611;36.4;18.5
57;2021-05-24;3027;1056;379671;192667;36.7;18.6
57;2021-05-25;5571;2804;385242;195471;37.2;18.9
57;2021-05-26;6374;3177;391616;198648;37.8;19.2
57;2021-05-27;5794;3120;397410;201768;38.4;19.5
57;2021-05-28;7024;4732;404434;206500;39.0;19.9
57;2021-05-29;5220;4243;409654;210743;39.5;20.3
57;2021-05-30;1967;1742;411621;212485;39.7;20.5
57;2021-05-31;4315;3339;415936;215824;40.2;20.8
57;2021-06-01;5933;3713;421869;219537;40.7;21.2
57;2021-06-02;6339;3898;428208;223435;41.3;21.6
57;2021-06-03;6209;3690;434417;227125;41.9;21.9
57;2021-06-04;7568;4990;441985;232115;42.7;22.4
57;2021-06-05;4764;4030;446749;236145;43.1;22.8
57;2021-06-06;1992;889;448741;237034;43.3;22.9
57;2021-06-07;4317;4034;453058;241068;43.7;23.3
57;2021-06-08;6721;4313;459779;245381;44.4;23.7
57;2021-06-09;6876;4154;466655;249535;45.0;24.1
57;2021-06-10;6218;4595;472873;254130;45.7;24.5
57;2021-06-11;5361;5363;478234;259493;46.2;25.1
57;2021-06-12;5741;4446;483975;263939;46.7;25.5
57;2021-06-13;1500;1142;485475;265081;46.9;25.6
57;2021-06-14;3380;4697;488855;269778;47.2;26.0
57;2021-06-15;3815;6023;492670;275801;47.6;26.6
57;2021-06-16;4400;6599;497070;282400;48.0;27.3
57;2021-06-17;4200;6072;501270;288472;48.4;27.8
57;2021-06-18;4273;7306;505543;295778;48.8;28.6
57;2021-06-19;4157;6289;509700;302067;49.2;29.2
57;2021-06-20;986;1665;510686;303732;49.3;29.3
57;2021-06-21;2066;5966;512752;309698;49.5;29.9
57;2021-06-22;2644;7986;515396;317684;49.8;30.7
57;2021-06-23;3071;8385;518467;326069;50.1;31.5
57;2021-06-24;2456;5284;520923;331353;50.3;32.0
57;2021-06-25;2856;7825;523779;339178;50.6;32.7
57;2021-06-26;2871;7255;526650;346433;50.8;33.4
57;2021-06-27;752;2985;527402;349418;50.9;33.7
57;2021-06-28;1591;5078;528993;354496;51.1;34.2
57;2021-06-29;2082;6830;531075;361326;51.3;34.9
57;2021-06-30;3067;7321;534142;368647;51.6;35.6
57;2021-07-01;2705;5956;536847;374603;51.8;36.2
57;2021-07-02;2697;8072;539544;382675;52.1;36.9
57;2021-07-03;3238;6528;542782;389203;52.4;37.6
57;2021-07-04;942;2467;543724;391670;52.5;37.8
57;2021-07-05;1712;4607;545436;396277;52.7;38.3
57;2021-07-06;2425;6480;547861;402757;52.9;38.9
57;2021-07-07;2732;7089;550593;409846;53.2;39.6
57;2021-07-08;2495;5875;553088;415721;53.4;40.1
57;2021-07-09;3424;8413;556512;424134;53.7;40.9
57;2021-07-10;3097;6941;559609;431075;54.0;41.6
57;2021-07-11;855;2233;560464;433308;54.1;41.8
57;2021-07-12;2441;6434;562905;439742;54.3;42.5
57;2021-07-13;4415;7503;567320;447245;54.8;43.2
57;2021-07-14;2823;3842;570143;451087;55.0;43.5
57;2021-07-15;3961;7790;574104;458877;55.4;44.3
57;2021-07-16;5641;9829;579745;468706;56.0;45.2
57;2021-07-17;5823;7282;585568;475988;56.5;46.0
57;2021-07-18;1491;2660;587059;478648;56.7;46.2
57;2021-07-19;2373;6202;589432;484850;56.9;46.8
57;2021-07-20;4331;6914;593763;491764;57.3;47.5
57;2021-07-21;5300;6905;599063;498669;57.8;48.1
57;2021-07-22;5982;5955;605045;504624;58.4;48.7
57;2021-07-23;7016;6406;612061;511030;59.1;49.3
57;2021-07-24;4535;7037;616596;518067;59.5;50.0
57;2021-07-25;1334;1770;617930;519837;59.7;50.2
57;2021-07-26;3724;4491;621654;524328;60.0;50.6
57;2021-07-27;6866;4950;628520;529278;60.7;51.1
57;2021-07-28;7487;4564;636007;533842;61.4;51.5
57;2021-07-29;7632;4600;643639;538442;62.1;52.0
57;2021-07-30;6872;4899;650511;543341;62.8;52.5
57;2021-07-31;5707;5022;656218;548363;63.3;52.9
57;2021-08-01;2027;1116;658245;549479;63.5;53.0
57;2021-08-02;3543;3181;661788;552660;63.9;53.4
57;2021-08-03;5801;4283;667589;556943;64.4;53.8
57;2021-08-04;5228;3461;672817;560404;65.0;54.1
57;2021-08-05;5374;3775;678191;564179;65.5;54.5
57;2021-08-06;5624;4851;683815;569030;66.0;54.9
57;2021-08-07;4587;5166;688402;574196;66.5;55.4
57;2021-08-08;1478;1508;689880;575704;66.6;55.6
57;2021-08-09;2621;3174;692501;578878;66.9;55.9
57;2021-08-10;3519;3787;696020;582665;67.2;56.2
57;2021-08-11;3724;4021;699744;586686;67.6;56.6
57;2021-08-12;3159;5217;702903;591903;67.9;57.1
57;2021-08-13;3495;4733;706398;596636;68.2;57.6
57;2021-08-14;2164;5186;708562;601822;68.4;58.1
57;2021-08-15;529;1093;709091;602915;68.5;58.2
57;2021-08-16;1789;3565;710880;606480;68.6;58.5
57;2021-08-17;2380;5355;713260;611835;68.9;59.1
57;2021-08-18;2468;5374;715728;617209;69.1;59.6
57;2021-08-19;2214;5485;717942;622694;69.3;60.1
57;2021-08-20;2057;6030;719999;628724;69.5;60.7
57;2021-08-21;1868;5393;721867;634117;69.7;61.2
57;2021-08-22;454;1530;722321;635647;69.7;61.4
57;2021-08-23;1144;3718;723465;639365;69.8;61.7
57;2021-08-24;1816;5613;725281;644978;70.0;62.3
57;2021-08-25;1620;5318;726901;650296;70.2;62.8
57;2021-08-26;1604;4673;728505;654969;70.3;63.2
57;2021-08-27;1767;5896;730272;660865;70.5;63.8
57;2021-08-28;2010;5382;732282;666247;70.7;64.3
57;2021-08-29;342;1089;732624;667336;70.7;64.4
57;2021-08-30;1031;3260;733655;670596;70.8;64.7
57;2021-08-31;1548;4424;735203;675020;71.0;65.2
57;2021-09-01;1456;4151;736659;679171;71.1;65.6
57;2021-09-02;1168;3400;737827;682571;71.2;65.9
57;2021-09-03;1552;4349;739379;686920;71.4;66.3
57;2021-09-04;1678;4004;741057;690924;71.5;66.7
57;2021-09-05;382;940;741439;691864;71.6;66.8
57;2021-09-06;755;2130;742194;693994;71.6;67.0
57;2021-09-07;690;2247;742884;696241;71.7;67.2
57;2021-09-08;904;2917;743788;699158;71.8;67.5
57;2021-09-09;595;2360;744383;701518;71.9;67.7
57;2021-09-10;1073;2972;745456;704490;72.0;68.0
57;2021-09-11;1174;3249;746630;707739;72.1;68.3
57;2021-09-12;243;548;746873;708287;72.1;68.4
57;2021-09-13;581;1790;747454;710077;72.2;68.5
57;2021-09-14;768;2340;748222;712417;72.2;68.8
57;2021-09-15;768;1995;748990;714412;72.3;69.0
57;2021-09-16;709;1227;749699;715639;72.4;69.1
57;2021-09-17;1108;1788;750807;717427;72.5;69.3
57;2021-09-18;804;2586;751611;720013;72.6;69.5
57;2021-09-19;119;345;751730;720358;72.6;69.5
57;2021-09-20;408;865;752138;721223;72.6;69.6
57;2021-09-21;495;826;752633;722049;72.7;69.7
57;2021-09-22;487;1302;753120;723351;72.7;69.8
57;2021-09-23;465;1211;753585;724562;72.7;69.9
57;2021-09-24;738;1431;754323;725993;72.8;70.1
57;2021-09-25;504;1996;754827;727989;72.9;70.3
57;2021-09-26;121;326;754948;728315;72.9;70.3
57;2021-09-27;440;843;755388;729158;72.9;70.4
57;2021-09-28;286;594;755674;729752;73.0;70.4
58;2020-12-27;0;0;0;0;0.0;0.0
58;2020-12-28;0;0;0;0;0.0;0.0
58;2020-12-29;1;0;1;0;0.0;0.0
58;2020-12-30;0;0;1;0;0.0;0.0
58;2020-12-31;0;0;1;0;0.0;0.0
58;2021-01-01;0;0;1;0;0.0;0.0
58;2021-01-02;0;0;1;0;0.0;0.0
58;2021-01-03;1;0;2;0;0.0;0.0
58;2021-01-04;0;0;2;0;0.0;0.0
58;2021-01-05;2;0;4;0;0.0;0.0
58;2021-01-06;145;0;149;0;0.1;0.0
58;2021-01-07;241;0;390;0;0.2;0.0
58;2021-01-08;63;0;453;0;0.2;0.0
58;2021-01-09;1;0;454;0;0.2;0.0
58;2021-01-10;0;0;454;0;0.2;0.0
58;2021-01-11;54;0;508;0;0.3;0.0
58;2021-01-12;260;0;768;0;0.4;0.0
58;2021-01-13;407;0;1175;0;0.6;0.0
58;2021-01-14;291;1;1466;1;0.7;0.0
58;2021-01-15;141;0;1607;1;0.8;0.0
58;2021-01-16;10;1;1617;2;0.8;0.0
58;2021-01-17;0;0;1617;2;0.8;0.0
58;2021-01-18;413;1;2030;3;1.0;0.0
58;2021-01-19;987;2;3017;5;1.5;0.0
58;2021-01-20;1206;2;4223;7;2.1;0.0
58;2021-01-21;962;4;5185;11;2.6;0.0
58;2021-01-22;779;3;5964;14;3.0;0.0
58;2021-01-23;252;0;6216;14;3.1;0.0
58;2021-01-24;2;0;6218;14;3.1;0.0
58;2021-01-25;439;0;6657;14;3.3;0.0
58;2021-01-26;650;3;7307;17;3.7;0.0
58;2021-01-27;604;44;7911;61;4.0;0.0
58;2021-01-28;756;65;8667;126;4.3;0.1
58;2021-01-29;837;5;9504;131;4.8;0.1
58;2021-01-30;281;0;9785;131;4.9;0.1
58;2021-01-31;10;0;9795;131;4.9;0.1
58;2021-02-01;200;70;9995;201;5.0;0.1
58;2021-02-02;566;79;10561;280;5.3;0.1
58;2021-02-03;279;135;10840;415;5.4;0.2
58;2021-02-04;284;85;11124;500;5.6;0.3
58;2021-02-05;184;86;11308;586;5.7;0.3
58;2021-02-06;89;0;11397;586;5.7;0.3
58;2021-02-07;0;0;11397;586;5.7;0.3
58;2021-02-08;306;60;11703;646;5.9;0.3
58;2021-02-09;503;294;12206;940;6.1;0.5
58;2021-02-10;350;358;12556;1298;6.3;0.7
58;2021-02-11;287;365;12843;1663;6.4;0.8
58;2021-02-12;243;191;13086;1854;6.6;0.9
58;2021-02-13;83;29;13169;1883;6.6;0.9
58;2021-02-14;0;3;13169;1886;6.6;0.9
58;2021-02-15;114;365;13283;2251;6.7;1.1
58;2021-02-16;208;701;13491;2952;6.8;1.5
58;2021-02-17;221;600;13712;3552;6.9;1.8
58;2021-02-18;187;570;13899;4122;7.0;2.1
58;2021-02-19;241;586;14140;4708;7.1;2.4
58;2021-02-20;62;170;14202;4878;7.1;2.4
58;2021-02-21;0;30;14202;4908;7.1;2.5
58;2021-02-22;78;298;14280;5206;7.2;2.6
58;2021-02-23;49;483;14329;5689;7.2;2.9
58;2021-02-24;39;495;14368;6184;7.2;3.1
58;2021-02-25;252;591;14620;6775;7.3;3.4
58;2021-02-26;246;484;14866;7259;7.4;3.6
58;2021-02-27;104;142;14970;7401;7.5;3.7
58;2021-02-28;11;8;14981;7409;7.5;3.7
58;2021-03-01;145;183;15126;7592;7.6;3.8
58;2021-03-02;416;527;15542;8119;7.8;4.1
58;2021-03-03;523;248;16065;8367;8.0;4.2
58;2021-03-04;725;257;16790;8624;8.4;4.3
58;2021-03-05;866;192;17656;8816;8.8;4.4
58;2021-03-06;578;77;18234;8893;9.1;4.5
58;2021-03-07;63;10;18297;8903;9.2;4.5
58;2021-03-08;156;269;18453;9172;9.2;4.6
58;2021-03-09;545;477;18998;9649;9.5;4.8
58;2021-03-10;838;215;19836;9864;9.9;4.9
58;2021-03-11;857;247;20693;10111;10.4;5.1
58;2021-03-12;862;185;21555;10296;10.8;5.2
58;2021-03-13;506;64;22061;10360;11.1;5.2
58;2021-03-14;34;1;22095;10361;11.1;5.2
58;2021-03-15;530;108;22625;10469;11.3;5.2
58;2021-03-16;725;219;23350;10688;11.7;5.4
58;2021-03-17;755;189;24105;10877;12.1;5.4
58;2021-03-18;584;172;24689;11049;12.4;5.5
58;2021-03-19;540;98;25229;11147;12.6;5.6
58;2021-03-20;322;64;25551;11211;12.8;5.6
58;2021-03-21;17;0;25568;11211;12.8;5.6
58;2021-03-22;796;25;26364;11236;13.2;5.6
58;2021-03-23;1636;42;28000;11278;14.0;5.7
58;2021-03-24;1370;76;29370;11354;14.7;5.7
58;2021-03-25;1840;47;31210;11401;15.6;5.7
58;2021-03-26;1414;56;32624;11457;16.3;5.7
58;2021-03-27;358;8;32982;11465;16.5;5.7
58;2021-03-28;20;0;33002;11465;16.5;5.7
58;2021-03-29;636;148;33638;11613;16.9;5.8
58;2021-03-30;1187;254;34825;11867;17.4;5.9
58;2021-03-31;1116;391;35941;12258;18.0;6.1
58;2021-04-01;1548;401;37489;12659;18.8;6.3
58;2021-04-02;1463;360;38952;13019;19.5;6.5
58;2021-04-03;568;148;39520;13167;19.8;6.6
58;2021-04-04;1;1;39521;13168;19.8;6.6
58;2021-04-05;47;0;39568;13168;19.8;6.6
58;2021-04-06;823;343;40391;13511;20.2;6.8
58;2021-04-07;695;550;41086;14061;20.6;7.0
58;2021-04-08;1493;427;42579;14488;21.3;7.3
58;2021-04-09;1775;486;44354;14974;22.2;7.5
58;2021-04-10;650;201;45004;15175;22.5;7.6
58;2021-04-11;17;3;45021;15178;22.6;7.6
58;2021-04-12;1117;502;46138;15680;23.1;7.9
58;2021-04-13;1435;629;47573;16309;23.8;8.2
58;2021-04-14;1340;677;48913;16986;24.5;8.5
58;2021-04-15;1433;600;50346;17586;25.2;8.8
58;2021-04-16;1734;516;52080;18102;26.1;9.1
58;2021-04-17;721;233;52801;18335;26.5;9.2
58;2021-04-18;20;7;52821;18342;26.5;9.2
58;2021-04-19;531;602;53352;18944;26.7;9.5
58;2021-04-20;487;1119;53839;20063;27.0;10.1
58;2021-04-21;628;967;54467;21030;27.3;10.5
58;2021-04-22;768;1519;55235;22549;27.7;11.3
58;2021-04-23;919;784;56154;23333;28.1;11.7
58;2021-04-24;211;206;56365;23539;28.2;11.8
58;2021-04-25;109;9;56474;23548;28.3;11.8
58;2021-04-26;762;248;57236;23796;28.7;11.9
58;2021-04-27;1499;1104;58735;24900;29.4;12.5
58;2021-04-28;1536;1041;60271;25941;30.2;13.0
58;2021-04-29;1444;1038;61715;26979;30.9;13.5
58;2021-04-30;1257;935;62972;27914;31.5;14.0
58;2021-05-01;6;17;62978;27931;31.6;14.0
58;2021-05-02;4;2;62982;27933;31.6;14.0
58;2021-05-03;1042;407;64024;28340;32.1;14.2
58;2021-05-04;1073;1344;65097;29684;32.6;14.9
58;2021-05-05;955;1092;66052;30776;33.1;15.4
58;2021-05-06;1363;1053;67415;31829;33.8;15.9
58;2021-05-07;1111;1088;68526;32917;34.3;16.5
58;2021-05-08;59;60;68585;32977;34.4;16.5
58;2021-05-09;7;21;68592;32998;34.4;16.5
58;2021-05-10;875;990;69467;33988;34.8;17.0
58;2021-05-11;1184;1981;70651;35969;35.4;18.0
58;2021-05-12;1660;1558;72311;37527;36.2;18.8
58;2021-05-13;49;183;72360;37710;36.3;18.9
58;2021-05-14;2311;907;74671;38617;37.4;19.3
58;2021-05-15;1726;456;76397;39073;38.3;19.6
58;2021-05-16;118;33;76515;39106;38.3;19.6
58;2021-05-17;793;611;77308;39717;38.7;19.9
58;2021-05-18;1332;1180;78640;40897;39.4;20.5
58;2021-05-19;1737;548;80377;41445;40.3;20.8
58;2021-05-20;1701;674;82078;42119;41.1;21.1
58;2021-05-21;854;719;82932;42838;41.5;21.5
58;2021-05-22;304;237;83236;43075;41.7;21.6
58;2021-05-23;2;21;83238;43096;41.7;21.6
58;2021-05-24;21;41;83259;43137;41.7;21.6
58;2021-05-25;1386;1155;84645;44292;42.4;22.2
58;2021-05-26;844;832;85489;45124;42.8;22.6
58;2021-05-27;753;935;86242;46059;43.2;23.1
58;2021-05-28;429;905;86671;46964;43.4;23.5
58;2021-05-29;151;209;86822;47173;43.5;23.6
58;2021-05-30;21;19;86843;47192;43.5;23.6
58;2021-05-31;757;385;87600;47577;43.9;23.8
58;2021-06-01;1372;1644;88972;49221;44.6;24.7
58;2021-06-02;1467;1049;90439;50270;45.3;25.2
58;2021-06-03;1024;956;91463;51226;45.8;25.7
58;2021-06-04;842;902;92305;52128;46.2;26.1
58;2021-06-05;272;263;92577;52391;46.4;26.2
58;2021-06-06;26;45;92603;52436;46.4;26.3
58;2021-06-07;712;791;93315;53227;46.8;26.7
58;2021-06-08;1321;1758;94636;54985;47.4;27.5
58;2021-06-09;1417;1007;96053;55992;48.1;28.1
58;2021-06-10;1106;974;97159;56966;48.7;28.5
58;2021-06-11;1023;907;98182;57873;49.2;29.0
58;2021-06-12;1056;415;99238;58288;49.7;29.2
58;2021-06-13;36;33;99274;58321;49.7;29.2
58;2021-06-14;516;1016;99790;59337;50.0;29.7
58;2021-06-15;1592;1757;101382;61094;50.8;30.6
58;2021-06-16;1806;992;103188;62086;51.7;31.1
58;2021-06-17;2023;1101;105211;63187;52.7;31.7
58;2021-06-18;986;1061;106197;64248;53.2;32.2
58;2021-06-19;581;320;106778;64568;53.5;32.3
58;2021-06-20;9;2;106787;64570;53.5;32.4
58;2021-06-21;472;553;107259;65123;53.7;32.6
58;2021-06-22;1028;1960;108287;67083;54.3;33.6
58;2021-06-23;1477;1504;109764;68587;55.0;34.4
58;2021-06-24;729;1022;110493;69609;55.4;34.9
58;2021-06-25;824;1719;111317;71328;55.8;35.7
58;2021-06-26;554;1228;111871;72556;56.0;36.4
58;2021-06-27;18;22;111889;72578;56.1;36.4
58;2021-06-28;463;987;112352;73565;56.3;36.9
58;2021-06-29;623;2161;112975;75726;56.6;37.9
58;2021-06-30;999;1624;113974;77350;57.1;38.8
58;2021-07-01;760;1670;114734;79020;57.5;39.6
58;2021-07-02;444;849;115178;79869;57.7;40.0
58;2021-07-03;249;512;115427;80381;57.8;40.3
58;2021-07-04;12;30;115439;80411;57.8;40.3
58;2021-07-05;510;763;115949;81174;58.1;40.7
58;2021-07-06;695;2121;116644;83295;58.4;41.7
58;2021-07-07;388;947;117032;84242;58.6;42.2
58;2021-07-08;399;1016;117431;85258;58.8;42.7
58;2021-07-09;709;1419;118140;86677;59.2;43.4
58;2021-07-10;260;412;118400;87089;59.3;43.6
58;2021-07-11;175;52;118575;87141;59.4;43.7
58;2021-07-12;197;965;118772;88106;59.5;44.1
58;2021-07-13;932;2502;119704;90608;60.0;45.4
58;2021-07-14;27;58;119731;90666;60.0;45.4
58;2021-07-15;1134;1935;120865;92601;60.6;46.4
58;2021-07-16;1411;1441;122276;94042;61.3;47.1
58;2021-07-17;463;288;122739;94330;61.5;47.3
58;2021-07-18;102;21;122841;94351;61.5;47.3
58;2021-07-19;1655;987;124496;95338;62.4;47.8
58;2021-07-20;1407;2455;125903;97793;63.1;49.0
58;2021-07-21;1176;2008;127079;99801;63.7;50.0
58;2021-07-22;1143;1670;128222;101471;64.2;50.8
58;2021-07-23;1268;1444;129490;102915;64.9;51.6
58;2021-07-24;1000;1271;130490;104186;65.4;52.2
58;2021-07-25;89;40;130579;104226;65.4;52.2
58;2021-07-26;981;859;131560;105085;65.9;52.6
58;2021-07-27;1566;2569;133126;107654;66.7;53.9
58;2021-07-28;1569;1969;134695;109623;67.5;54.9
58;2021-07-29;1580;1620;136275;111243;68.3;55.7
58;2021-07-30;1466;1428;137741;112671;69.0;56.4
58;2021-07-31;568;524;138309;113195;69.3;56.7
58;2021-08-01;35;13;138344;113208;69.3;56.7
58;2021-08-02;1590;854;139934;114062;70.1;57.1
58;2021-08-03;2051;1779;141985;115841;71.1;58.0
58;2021-08-04;1307;1184;143292;117025;71.8;58.6
58;2021-08-05;1621;1175;144913;118200;72.6;59.2
58;2021-08-06;1359;1032;146272;119232;73.3;59.7
58;2021-08-07;318;401;146590;119633;73.4;59.9
58;2021-08-08;30;58;146620;119691;73.5;60.0
58;2021-08-09;1083;1388;147703;121079;74.0;60.7
58;2021-08-10;1779;1387;149482;122466;74.9;61.4
58;2021-08-11;1134;780;150616;123246;75.5;61.7
58;2021-08-12;1067;1108;151683;124354;76.0;62.3
58;2021-08-13;931;955;152614;125309;76.5;62.8
58;2021-08-14;232;317;152846;125626;76.6;62.9
58;2021-08-15;14;27;152860;125653;76.6;63.0
58;2021-08-16;311;1402;153171;127055;76.7;63.7
58;2021-08-17;805;1337;153976;128392;77.1;64.3
58;2021-08-18;766;1171;154742;129563;77.5;64.9
58;2021-08-19;730;1342;155472;130905;77.9;65.6
58;2021-08-20;707;1298;156179;132203;78.2;66.2
58;2021-08-21;253;476;156432;132679;78.4;66.5
58;2021-08-22;9;86;156441;132765;78.4;66.5
58;2021-08-23;418;815;156859;133580;78.6;66.9
58;2021-08-24;513;1481;157372;135061;78.8;67.7
58;2021-08-25;434;1542;157806;136603;79.1;68.4
58;2021-08-26;551;1731;158357;138334;79.3;69.3
58;2021-08-27;494;1565;158851;139899;79.6;70.1
58;2021-08-28;244;640;159095;140539;79.7;70.4
58;2021-08-29;9;42;159104;140581;79.7;70.4
58;2021-08-30;356;808;159460;141389;79.9;70.8
58;2021-08-31;491;1607;159951;142996;80.1;71.6
58;2021-09-01;428;1676;160379;144672;80.4;72.5
58;2021-09-02;290;1361;160669;146033;80.5;73.2
58;2021-09-03;364;1564;161033;147597;80.7;73.9
58;2021-09-04;206;700;161239;148297;80.8;74.3
58;2021-09-05;3;27;161242;148324;80.8;74.3
58;2021-09-06;117;561;161359;148885;80.8;74.6
58;2021-09-07;317;986;161676;149871;81.0;75.1
58;2021-09-08;240;1330;161916;151201;81.1;75.8
58;2021-09-09;247;704;162163;151905;81.2;76.1
58;2021-09-10;260;962;162423;152867;81.4;76.6
58;2021-09-11;129;526;162552;153393;81.4;76.9
58;2021-09-12;5;17;162557;153410;81.4;76.9
58;2021-09-13;207;749;162764;154159;81.5;77.2
58;2021-09-14;290;973;163054;155132;81.7;77.7
58;2021-09-15;189;573;163243;155705;81.8;78.0
58;2021-09-16;205;451;163448;156156;81.9;78.2
58;2021-09-17;197;376;163645;156532;82.0;78.4
58;2021-09-18;118;363;163763;156895;82.0;78.6
58;2021-09-19;5;4;163768;156899;82.0;78.6
58;2021-09-20;173;228;163941;157127;82.1;78.7
58;2021-09-21;140;422;164081;157549;82.2;78.9
58;2021-09-22;160;536;164241;158085;82.3;79.2
58;2021-09-23;134;288;164375;158373;82.4;79.3
58;2021-09-24;110;389;164485;158762;82.4;79.5
58;2021-09-25;93;374;164578;159136;82.5;79.7
58;2021-09-26;6;13;164584;159149;82.5;79.7
58;2021-09-27;89;232;164673;159381;82.5;79.9
58;2021-09-28;121;327;164794;159708;82.6;80.0
59;2020-12-27;1;0;1;0;0.0;0.0
59;2020-12-28;27;0;28;0;0.0;0.0
59;2020-12-29;0;0;28;0;0.0;0.0
59;2020-12-30;0;0;28;0;0.0;0.0
59;2020-12-31;2;0;30;0;0.0;0.0
59;2021-01-01;3;0;33;0;0.0;0.0
59;2021-01-02;3;0;36;0;0.0;0.0
59;2021-01-03;4;0;40;0;0.0;0.0
59;2021-01-04;79;0;119;0;0.0;0.0
59;2021-01-05;217;0;336;0;0.0;0.0
59;2021-01-06;429;1;765;1;0.0;0.0
59;2021-01-07;1314;0;2079;1;0.1;0.0
59;2021-01-08;1262;5;3341;6;0.1;0.0
59;2021-01-09;608;3;3949;9;0.2;0.0
59;2021-01-10;430;0;4379;9;0.2;0.0
59;2021-01-11;1846;5;6225;14;0.2;0.0
59;2021-01-12;2471;2;8696;16;0.3;0.0
59;2021-01-13;2366;2;11062;18;0.4;0.0
59;2021-01-14;2759;21;13821;39;0.5;0.0
59;2021-01-15;2275;15;16096;54;0.6;0.0
59;2021-01-16;771;1;16867;55;0.7;0.0
59;2021-01-17;560;2;17427;57;0.7;0.0
59;2021-01-18;3511;13;20938;70;0.8;0.0
59;2021-01-19;4757;8;25695;78;1.0;0.0
59;2021-01-20;4136;11;29831;89;1.2;0.0
59;2021-01-21;4731;31;34562;120;1.3;0.0
59;2021-01-22;4026;10;38588;130;1.5;0.0
59;2021-01-23;1216;3;39804;133;1.5;0.0
59;2021-01-24;170;0;39974;133;1.5;0.0
59;2021-01-25;2729;50;42703;183;1.6;0.0
59;2021-01-26;2823;127;45526;310;1.8;0.0
59;2021-01-27;1736;286;47262;596;1.8;0.0
59;2021-01-28;3398;714;50660;1310;2.0;0.1
59;2021-01-29;2543;717;53203;2027;2.1;0.1
59;2021-01-30;288;142;53491;2169;2.1;0.1
59;2021-01-31;24;0;53515;2169;2.1;0.1
59;2021-02-01;79;760;53594;2929;2.1;0.1
59;2021-02-02;691;1328;54285;4257;2.1;0.2
59;2021-02-03;3754;1341;58039;5598;2.2;0.2
59;2021-02-04;2966;1600;61005;7198;2.4;0.3
59;2021-02-05;1067;1278;62072;8476;2.4;0.3
59;2021-02-06;207;298;62279;8774;2.4;0.3
59;2021-02-07;268;49;62547;8823;2.4;0.3
59;2021-02-08;684;1364;63231;10187;2.4;0.4
59;2021-02-09;1015;1538;64246;11725;2.5;0.5
59;2021-02-10;975;1390;65221;13115;2.5;0.5
59;2021-02-11;1347;1590;66568;14705;2.6;0.6
59;2021-02-12;1415;1413;67983;16118;2.6;0.6
59;2021-02-13;207;594;68190;16712;2.6;0.6
59;2021-02-14;13;39;68203;16751;2.6;0.6
59;2021-02-15;1397;2175;69600;18926;2.7;0.7
59;2021-02-16;1436;2654;71036;21580;2.7;0.8
59;2021-02-17;1624;2731;72660;24311;2.8;0.9
59;2021-02-18;3106;4154;75766;28465;2.9;1.1
59;2021-02-19;3209;3031;78975;31496;3.1;1.2
59;2021-02-20;1414;1235;80389;32731;3.1;1.3
59;2021-02-21;242;236;80631;32967;3.1;1.3
59;2021-02-22;1430;1997;82061;34964;3.2;1.4
59;2021-02-23;2659;2277;84720;37241;3.3;1.4
59;2021-02-24;4108;3610;88828;40851;3.4;1.6
59;2021-02-25;6919;3445;95747;44296;3.7;1.7
59;2021-02-26;6496;1691;102243;45987;3.9;1.8
59;2021-02-27;3095;181;105338;46168;4.1;1.8
59;2021-02-28;208;59;105546;46227;4.1;1.8
59;2021-03-01;3692;577;109238;46804;4.2;1.8
59;2021-03-02;4794;515;114032;47319;4.4;1.8
59;2021-03-03;5748;925;119780;48244;4.6;1.9
59;2021-03-04;7083;876;126863;49120;4.9;1.9
59;2021-03-05;7837;900;134700;50020;5.2;1.9
59;2021-03-06;11562;480;146262;50500;5.6;2.0
59;2021-03-07;7586;322;153848;50822;5.9;2.0
59;2021-03-08;4497;1003;158345;51825;6.1;2.0
59;2021-03-09;6578;1277;164923;53102;6.4;2.1
59;2021-03-10;7028;1072;171951;54174;6.6;2.1
59;2021-03-11;9476;1777;181427;55951;7.0;2.2
59;2021-03-12;12158;1487;193585;57438;7.5;2.2
59;2021-03-13;16557;1060;210142;58498;8.1;2.3
59;2021-03-14;6963;326;217105;58824;8.4;2.3
59;2021-03-15;5613;1438;222718;60262;8.6;2.3
59;2021-03-16;3741;1269;226459;61531;8.7;2.4
59;2021-03-17;3856;2044;230315;63575;8.9;2.5
59;2021-03-18;3956;2430;234271;66005;9.0;2.5
59;2021-03-19;7743;1753;242014;67758;9.3;2.6
59;2021-03-20;16023;1267;258037;69025;10.0;2.7
59;2021-03-21;6318;444;264355;69469;10.2;2.7
59;2021-03-22;5449;1735;269804;71204;10.4;2.8
59;2021-03-23;7772;2776;277576;73980;10.7;2.9
59;2021-03-24;6861;2934;284437;76914;11.0;3.0
59;2021-03-25;10534;2537;294971;79451;11.4;3.1
59;2021-03-26;12253;2804;307224;82255;11.9;3.2
59;2021-03-27;15275;1148;322499;83403;12.5;3.2
59;2021-03-28;7984;358;330483;83761;12.8;3.2
59;2021-03-29;5495;3170;335978;86931;13.0;3.4
59;2021-03-30;7540;3726;343518;90657;13.3;3.5
59;2021-03-31;6156;4068;349674;94725;13.5;3.7
59;2021-04-01;7493;4899;357167;99624;13.8;3.8
59;2021-04-02;7645;5493;364812;105117;14.1;4.1
59;2021-04-03;13018;4292;377830;109409;14.6;4.2
59;2021-04-04;5348;2175;383178;111584;14.8;4.3
59;2021-04-05;6020;1529;389198;113113;15.0;4.4
59;2021-04-06;5406;4473;394604;117586;15.2;4.5
59;2021-04-07;7622;5416;402226;123002;15.5;4.8
59;2021-04-08;10393;5736;412619;128738;15.9;5.0
59;2021-04-09;13421;5920;426040;134658;16.5;5.2
59;2021-04-10;11478;6124;437518;140782;16.9;5.4
59;2021-04-11;4636;3554;442154;144336;17.1;5.6
59;2021-04-12;6304;4342;448458;148678;17.3;5.7
59;2021-04-13;8934;4783;457392;153461;17.7;5.9
59;2021-04-14;8786;4340;466178;157801;18.0;6.1
59;2021-04-15;10306;4842;476484;162643;18.4;6.3
59;2021-04-16;10879;5496;487363;168139;18.8;6.5
59;2021-04-17;7295;9068;494658;177207;19.1;6.8
59;2021-04-18;3234;4158;497892;181365;19.2;7.0
59;2021-04-19;5043;4287;502935;185652;19.4;7.2
59;2021-04-20;6898;4206;509833;189858;19.7;7.3
59;2021-04-21;6271;4420;516104;194278;19.9;7.5
59;2021-04-22;8612;5515;524716;199793;20.3;7.7
59;2021-04-23;8459;5677;533175;205470;20.6;7.9
59;2021-04-24;5537;8046;538712;213516;20.8;8.2
59;2021-04-25;3242;6075;541954;219591;20.9;8.5
59;2021-04-26;6493;3775;548447;223366;21.2;8.6
59;2021-04-27;8366;5156;556813;228522;21.5;8.8
59;2021-04-28;8767;6531;565580;235053;21.8;9.1
59;2021-04-29;9417;8489;574997;243542;22.2;9.4
59;2021-04-30;10605;8468;585602;252010;22.6;9.7
59;2021-05-01;11998;7597;597600;259607;23.1;10.0
59;2021-05-02;8642;5990;606242;265597;23.4;10.3
59;2021-05-03;9552;5045;615794;270642;23.8;10.5
59;2021-05-04;11425;5965;627219;276607;24.2;10.7
59;2021-05-05;10295;6189;637514;282796;24.6;10.9
59;2021-05-06;11196;8427;648710;291223;25.1;11.2
59;2021-05-07;13297;9560;662007;300783;25.6;11.6
59;2021-05-08;14742;4168;676749;304951;26.1;11.8
59;2021-05-09;11492;3329;688241;308280;26.6;11.9
59;2021-05-10;12746;6622;700987;314902;27.1;12.2
59;2021-05-11;15112;8301;716099;323203;27.7;12.5
59;2021-05-12;16625;8627;732724;331830;28.3;12.8
59;2021-05-13;18440;3456;751164;335286;29.0;13.0
59;2021-05-14;15782;6960;766946;342246;29.6;13.2
59;2021-05-15;23443;5281;790389;347527;30.5;13.4
59;2021-05-16;21176;2416;811565;349943;31.3;13.5
59;2021-05-17;15066;5256;826631;355199;31.9;13.7
59;2021-05-18;16922;5658;843553;360857;32.6;13.9
59;2021-05-19;18318;5106;861871;365963;33.3;14.1
59;2021-05-20;17933;6984;879804;372947;34.0;14.4
59;2021-05-21;18370;8260;898174;381207;34.7;14.7
59;2021-05-22;23809;5670;921983;386877;35.6;14.9
59;2021-05-23;17921;2275;939904;389152;36.3;15.0
59;2021-05-24;16690;2144;956594;391296;36.9;15.1
59;2021-05-25;14989;6652;971583;397948;37.5;15.4
59;2021-05-26;15893;7029;987476;404977;38.1;15.6
59;2021-05-27;16150;9156;1003626;414133;38.8;16.0
59;2021-05-28;15884;11419;1019510;425552;39.4;16.4
59;2021-05-29;14370;8686;1033880;434238;39.9;16.8
59;2021-05-30;8406;1840;1042286;436078;40.3;16.8
59;2021-05-31;14203;7947;1056489;444025;40.8;17.2
59;2021-06-01;15088;10361;1071577;454386;41.4;17.6
59;2021-06-02;14769;9901;1086346;464287;42.0;17.9
59;2021-06-03;15630;12100;1101976;476387;42.6;18.4
59;2021-06-04;15608;13437;1117584;489824;43.2;18.9
59;2021-06-05;14979;9335;1132563;499159;43.7;19.3
59;2021-06-06;8826;3204;1141389;502363;44.1;19.4
59;2021-06-07;10526;9415;1151915;511778;44.5;19.8
59;2021-06-08;11759;11072;1163674;522850;44.9;20.2
59;2021-06-09;10759;11880;1174433;534730;45.4;20.7
59;2021-06-10;11502;12306;1185935;547036;45.8;21.1
59;2021-06-11;10973;15970;1196908;563006;46.2;21.7
59;2021-06-12;11068;13673;1207976;576679;46.7;22.3
59;2021-06-13;6344;7028;1214320;583707;46.9;22.5
59;2021-06-14;6505;12674;1220825;596381;47.2;23.0
59;2021-06-15;8231;15943;1229056;612324;47.5;23.7
59;2021-06-16;9203;13540;1238259;625864;47.8;24.2
59;2021-06-17;9187;15645;1247446;641509;48.2;24.8
59;2021-06-18;9081;20057;1256527;661566;48.5;25.6
59;2021-06-19;8953;17487;1265480;679053;48.9;26.2
59;2021-06-20;4900;10188;1270380;689241;49.1;26.6
59;2021-06-21;5280;15964;1275660;705205;49.3;27.2
59;2021-06-22;6334;18671;1281994;723876;49.5;28.0
59;2021-06-23;6168;19082;1288162;742958;49.8;28.7
59;2021-06-24;7337;20516;1295499;763474;50.0;29.5
59;2021-06-25;6507;21190;1302006;784664;50.3;30.3
59;2021-06-26;6489;23744;1308495;808408;50.5;31.2
59;2021-06-27;4752;17077;1313247;825485;50.7;31.9
59;2021-06-28;5003;19813;1318250;845298;50.9;32.6
59;2021-06-29;5549;20373;1323799;865671;51.1;33.4
59;2021-06-30;6133;20095;1329932;885766;51.4;34.2
59;2021-07-01;6770;20837;1336702;906603;51.6;35.0
59;2021-07-02;6837;23240;1343539;929843;51.9;35.9
59;2021-07-03;5562;24605;1349101;954448;52.1;36.9
59;2021-07-04;4416;15976;1353517;970424;52.3;37.5
59;2021-07-05;5671;17486;1359188;987910;52.5;38.2
59;2021-07-06;6609;18796;1365797;1006706;52.8;38.9
59;2021-07-07;6939;17447;1372736;1024153;53.0;39.6
59;2021-07-08;8027;17681;1380763;1041834;53.3;40.2
59;2021-07-09;7706;20296;1388469;1062130;53.6;41.0
59;2021-07-10;7450;18538;1395919;1080668;53.9;41.7
59;2021-07-11;4448;10231;1400367;1090899;54.1;42.1
59;2021-07-12;5917;18042;1406284;1108941;54.3;42.8
59;2021-07-13;9911;20750;1416195;1129691;54.7;43.6
59;2021-07-14;9782;8453;1425977;1138144;55.1;44.0
59;2021-07-15;11638;20387;1437615;1158531;55.5;44.7
59;2021-07-16;13216;20491;1450831;1179022;56.0;45.5
59;2021-07-17;12399;17467;1463230;1196489;56.5;46.2
59;2021-07-18;7963;8684;1471193;1205173;56.8;46.5
59;2021-07-19;10404;16443;1481597;1221616;57.2;47.2
59;2021-07-20;13409;17120;1495006;1238736;57.7;47.8
59;2021-07-21;14525;15596;1509531;1254332;58.3;48.4
59;2021-07-22;17061;15202;1526592;1269534;59.0;49.0
59;2021-07-23;15729;15822;1542321;1285356;59.6;49.6
59;2021-07-24;16356;12298;1558677;1297654;60.2;50.1
59;2021-07-25;11916;7340;1570593;1304994;60.7;50.4
59;2021-07-26;13041;12611;1583634;1317605;61.2;50.9
59;2021-07-27;16228;11957;1599862;1329562;61.8;51.4
59;2021-07-28;17453;11663;1617315;1341225;62.5;51.8
59;2021-07-29;17423;11668;1634738;1352893;63.1;52.3
59;2021-07-30;15921;11608;1650659;1364501;63.8;52.7
59;2021-07-31;14020;9209;1664679;1373710;64.3;53.1
59;2021-08-01;9959;4572;1674638;1378282;64.7;53.2
59;2021-08-02;12211;10029;1686849;1388311;65.2;53.6
59;2021-08-03;13450;10054;1700299;1398365;65.7;54.0
59;2021-08-04;11235;8282;1711534;1406647;66.1;54.3
59;2021-08-05;12721;9785;1724255;1416432;66.6;54.7
59;2021-08-06;12561;11040;1736816;1427472;67.1;55.1
59;2021-08-07;9739;9300;1746555;1436772;67.5;55.5
59;2021-08-08;6958;5263;1753513;1442035;67.7;55.7
59;2021-08-09;8409;10826;1761922;1452861;68.1;56.1
59;2021-08-10;10405;10755;1772327;1463616;68.5;56.5
59;2021-08-11;8674;9320;1781001;1472936;68.8;56.9
59;2021-08-12;9002;12074;1790003;1485010;69.1;57.4
59;2021-08-13;8633;11747;1798636;1496757;69.5;57.8
59;2021-08-14;5950;10391;1804586;1507148;69.7;58.2
59;2021-08-15;3375;4666;1807961;1511814;69.8;58.4
59;2021-08-16;5876;13863;1813837;1525677;70.1;58.9
59;2021-08-17;6986;12764;1820823;1538441;70.3;59.4
59;2021-08-18;5955;11468;1826778;1549909;70.6;59.9
59;2021-08-19;6350;13870;1833128;1563779;70.8;60.4
59;2021-08-20;5833;14585;1838961;1578364;71.0;61.0
59;2021-08-21;4191;10295;1843152;1588659;71.2;61.4
59;2021-08-22;2848;7650;1846000;1596309;71.3;61.7
59;2021-08-23;4785;15731;1850785;1612040;71.5;62.3
59;2021-08-24;5296;15189;1856081;1627229;71.7;62.9
59;2021-08-25;4664;13085;1860745;1640314;71.9;63.4
59;2021-08-26;5207;14349;1865952;1654663;72.1;63.9
59;2021-08-27;5002;15428;1870954;1670091;72.3;64.5
59;2021-08-28;3807;12372;1874761;1682463;72.4;65.0
59;2021-08-29;1941;8433;1876702;1690896;72.5;65.3
59;2021-08-30;3887;12944;1880589;1703840;72.6;65.8
59;2021-08-31;3813;12943;1884402;1716783;72.8;66.3
59;2021-09-01;3290;10714;1887692;1727497;72.9;66.7
59;2021-09-02;3191;10951;1890883;1738448;73.0;67.1
59;2021-09-03;3790;12124;1894673;1750572;73.2;67.6
59;2021-09-04;3390;9962;1898063;1760534;73.3;68.0
59;2021-09-05;1206;3653;1899269;1764187;73.4;68.1
59;2021-09-06;2135;7318;1901404;1771505;73.4;68.4
59;2021-09-07;2246;7049;1903650;1778554;73.5;68.7
59;2021-09-08;2567;7503;1906217;1786057;73.6;69.0
59;2021-09-09;2413;6702;1908630;1792759;73.7;69.2
59;2021-09-10;3272;8097;1911902;1800856;73.8;69.6
59;2021-09-11;2585;7514;1914487;1808370;73.9;69.8
59;2021-09-12;909;2920;1915396;1811290;74.0;70.0
59;2021-09-13;1945;5504;1917341;1816794;74.1;70.2
59;2021-09-14;2312;5951;1919653;1822745;74.1;70.4
59;2021-09-15;2273;5354;1921926;1828099;74.2;70.6
59;2021-09-16;2168;4257;1924094;1832356;74.3;70.8
59;2021-09-17;2907;5443;1927001;1837799;74.4;71.0
59;2021-09-18;1779;5917;1928780;1843716;74.5;71.2
59;2021-09-19;382;1299;1929162;1845015;74.5;71.3
59;2021-09-20;1355;3298;1930517;1848313;74.6;71.4
59;2021-09-21;1333;2934;1931850;1851247;74.6;71.5
59;2021-09-22;1404;4731;1933254;1855978;74.7;71.7
59;2021-09-23;1512;2816;1934766;1858794;74.7;71.8
59;2021-09-24;1895;4234;1936661;1863028;74.8;72.0
59;2021-09-25;1157;4014;1937818;1867042;74.8;72.1
59;2021-09-26;313;1207;1938131;1868249;74.9;72.2
59;2021-09-27;1084;2528;1939215;1870777;74.9;72.3
59;2021-09-28;1055;2178;1940270;1872955;74.9;72.3
60;2020-12-27;0;0;0;0;0.0;0.0
60;2020-12-28;0;0;0;0;0.0;0.0
60;2020-12-29;1;0;1;0;0.0;0.0
60;2020-12-30;1;0;2;0;0.0;0.0
60;2020-12-31;0;0;2;0;0.0;0.0
60;2021-01-01;0;0;2;0;0.0;0.0
60;2021-01-02;5;0;7;0;0.0;0.0
60;2021-01-03;1;0;8;0;0.0;0.0
60;2021-01-04;1;0;9;0;0.0;0.0
60;2021-01-05;37;0;46;0;0.0;0.0
60;2021-01-06;188;3;234;3;0.0;0.0
60;2021-01-07;235;4;469;7;0.1;0.0
60;2021-01-08;380;4;849;11;0.1;0.0
60;2021-01-09;3;0;852;11;0.1;0.0
60;2021-01-10;60;0;912;11;0.1;0.0
60;2021-01-11;345;2;1257;13;0.2;0.0
60;2021-01-12;537;2;1794;15;0.2;0.0
60;2021-01-13;475;5;2269;20;0.3;0.0
60;2021-01-14;507;6;2776;26;0.3;0.0
60;2021-01-15;703;7;3479;33;0.4;0.0
60;2021-01-16;124;1;3603;34;0.4;0.0
60;2021-01-17;32;0;3635;34;0.4;0.0
60;2021-01-18;860;7;4495;41;0.5;0.0
60;2021-01-19;1207;11;5702;52;0.7;0.0
60;2021-01-20;1719;11;7421;63;0.9;0.0
60;2021-01-21;2264;8;9685;71;1.2;0.0
60;2021-01-22;1547;14;11232;85;1.4;0.0
60;2021-01-23;499;4;11731;89;1.4;0.0
60;2021-01-24;61;1;11792;90;1.4;0.0
60;2021-01-25;897;14;12689;104;1.5;0.0
60;2021-01-26;950;16;13639;120;1.7;0.0
60;2021-01-27;646;6;14285;126;1.7;0.0
60;2021-01-28;396;164;14681;290;1.8;0.0
60;2021-01-29;77;98;14758;388;1.8;0.0
60;2021-01-30;0;1;14758;389;1.8;0.0
60;2021-01-31;22;57;14780;446;1.8;0.1
60;2021-02-01;39;102;14819;548;1.8;0.1
60;2021-02-02;26;143;14845;691;1.8;0.1
60;2021-02-03;165;228;15010;919;1.8;0.1
60;2021-02-04;170;331;15180;1250;1.8;0.2
60;2021-02-05;315;463;15495;1713;1.9;0.2
60;2021-02-06;65;76;15560;1789;1.9;0.2
60;2021-02-07;31;30;15591;1819;1.9;0.2
60;2021-02-08;329;486;15920;2305;1.9;0.3
60;2021-02-09;319;427;16239;2732;2.0;0.3
60;2021-02-10;555;945;16794;3677;2.0;0.4
60;2021-02-11;942;1059;17736;4736;2.1;0.6
60;2021-02-12;915;807;18651;5543;2.3;0.7
60;2021-02-13;91;289;18742;5832;2.3;0.7
60;2021-02-14;24;81;18766;5913;2.3;0.7
60;2021-02-15;614;633;19380;6546;2.3;0.8
60;2021-02-16;580;781;19960;7327;2.4;0.9
60;2021-02-17;633;757;20593;8084;2.5;1.0
60;2021-02-18;684;696;21277;8780;2.6;1.1
60;2021-02-19;641;624;21918;9404;2.7;1.1
60;2021-02-20;104;155;22022;9559;2.7;1.2
60;2021-02-21;23;99;22045;9658;2.7;1.2
60;2021-02-22;461;736;22506;10394;2.7;1.3
60;2021-02-23;535;656;23041;11050;2.8;1.3
60;2021-02-24;794;465;23835;11515;2.9;1.4
60;2021-02-25;1095;249;24930;11764;3.0;1.4
60;2021-02-26;1298;168;26228;11932;3.2;1.4
60;2021-02-27;666;35;26894;11967;3.3;1.5
60;2021-02-28;7;10;26901;11977;3.3;1.5
60;2021-03-01;894;47;27795;12024;3.4;1.5
60;2021-03-02;1013;158;28808;12182;3.5;1.5
60;2021-03-03;1321;424;30129;12606;3.7;1.5
60;2021-03-04;1725;472;31854;13078;3.9;1.6
60;2021-03-05;1822;283;33676;13361;4.1;1.6
60;2021-03-06;1919;141;35595;13502;4.3;1.6
60;2021-03-07;885;31;36480;13533;4.4;1.6
60;2021-03-08;978;292;37458;13825;4.5;1.7
60;2021-03-09;1642;327;39100;14152;4.7;1.7
60;2021-03-10;1938;396;41038;14548;5.0;1.8
60;2021-03-11;2325;363;43363;14911;5.3;1.8
60;2021-03-12;2596;525;45959;15436;5.6;1.9
60;2021-03-13;3839;206;49798;15642;6.0;1.9
60;2021-03-14;1782;63;51580;15705;6.3;1.9
60;2021-03-15;2090;484;53670;16189;6.5;2.0
60;2021-03-16;1583;616;55253;16805;6.7;2.0
60;2021-03-17;1658;600;56911;17405;6.9;2.1
60;2021-03-18;1759;728;58670;18133;7.1;2.2
60;2021-03-19;2591;521;61261;18654;7.4;2.3
60;2021-03-20;3241;191;64502;18845;7.8;2.3
60;2021-03-21;2124;97;66626;18942;8.1;2.3
60;2021-03-22;2132;704;68758;19646;8.3;2.4
60;2021-03-23;3310;712;72068;20358;8.7;2.5
60;2021-03-24;3070;863;75138;21221;9.1;2.6
60;2021-03-25;3849;842;78987;22063;9.6;2.7
60;2021-03-26;4217;869;83204;22932;10.1;2.8
60;2021-03-27;4142;321;87346;23253;10.6;2.8
60;2021-03-28;2450;83;89796;23336;10.9;2.8
60;2021-03-29;2612;1079;92408;24415;11.2;3.0
60;2021-03-30;3285;1068;95693;25483;11.6;3.1
60;2021-03-31;2668;1134;98361;26617;11.9;3.2
60;2021-04-01;2562;1102;100923;27719;12.2;3.4
60;2021-04-02;3309;1112;104232;28831;12.6;3.5
60;2021-04-03;3171;1010;107403;29841;13.0;3.6
60;2021-04-04;874;485;108277;30326;13.1;3.7
60;2021-04-05;458;81;108735;30407;13.2;3.7
60;2021-04-06;1968;1618;110703;32025;13.4;3.9
60;2021-04-07;1983;1744;112686;33769;13.7;4.1
60;2021-04-08;2611;1496;115297;35265;14.0;4.3
60;2021-04-09;2999;1522;118296;36787;14.3;4.5
60;2021-04-10;2927;1586;121223;38373;14.7;4.7
60;2021-04-11;1045;998;122268;39371;14.8;4.8
60;2021-04-12;2045;1721;124313;41092;15.1;5.0
60;2021-04-13;2749;1786;127062;42878;15.4;5.2
60;2021-04-14;3143;1822;130205;44700;15.8;5.4
60;2021-04-15;3563;1891;133768;46591;16.2;5.6
60;2021-04-16;3288;1952;137056;48543;16.6;5.9
60;2021-04-17;2848;2168;139904;50711;17.0;6.1
60;2021-04-18;573;1833;140477;52544;17.0;6.4
60;2021-04-19;1742;2213;142219;54757;17.2;6.6
60;2021-04-20;2129;2677;144348;57434;17.5;7.0
60;2021-04-21;2653;2208;147001;59642;17.8;7.2
60;2021-04-22;2628;2507;149629;62149;18.1;7.5
60;2021-04-23;2650;2498;152279;64647;18.5;7.8
60;2021-04-24;2470;3450;154749;68097;18.8;8.3
60;2021-04-25;1158;1959;155907;70056;18.9;8.5
60;2021-04-26;1890;2522;157797;72578;19.1;8.8
60;2021-04-27;2311;2836;160108;75414;19.4;9.1
60;2021-04-28;3061;2392;163169;77806;19.8;9.4
60;2021-04-29;3154;2622;166323;80428;20.2;9.7
60;2021-04-30;3459;2957;169782;83385;20.6;10.1
60;2021-05-01;2353;1124;172135;84509;20.9;10.2
60;2021-05-02;2147;846;174282;85355;21.1;10.3
60;2021-05-03;2956;1857;177238;87212;21.5;10.6
60;2021-05-04;3016;2352;180254;89564;21.8;10.9
60;2021-05-05;3260;2810;183514;92374;22.2;11.2
60;2021-05-06;3649;2478;187163;94852;22.7;11.5
60;2021-05-07;3985;2513;191148;97365;23.2;11.8
60;2021-05-08;3582;969;194730;98334;23.6;11.9
60;2021-05-09;3458;959;198188;99293;24.0;12.0
60;2021-05-10;2391;2294;200579;101587;24.3;12.3
60;2021-05-11;3671;2464;204250;104051;24.8;12.6
60;2021-05-12;4716;2550;208966;106601;25.3;12.9
60;2021-05-13;5292;1131;214258;107732;26.0;13.1
60;2021-05-14;5601;1806;219859;109538;26.6;13.3
60;2021-05-15;6172;1719;226031;111257;27.4;13.5
60;2021-05-16;4858;690;230889;111947;28.0;13.6
60;2021-05-17;3714;1674;234603;113621;28.4;13.8
60;2021-05-18;4045;2073;238648;115694;28.9;14.0
60;2021-05-19;5097;1856;243745;117550;29.5;14.2
60;2021-05-20;5459;1803;249204;119353;30.2;14.5
60;2021-05-21;5969;1970;255173;121323;30.9;14.7
60;2021-05-22;5354;1974;260527;123297;31.6;14.9
60;2021-05-23;4263;658;264790;123955;32.1;15.0
60;2021-05-24;2950;534;267740;124489;32.5;15.1
60;2021-05-25;4137;2004;271877;126493;33.0;15.3
60;2021-05-26;4466;1833;276343;128326;33.5;15.6
60;2021-05-27;4611;1995;280954;130321;34.1;15.8
60;2021-05-28;4626;2492;285580;132813;34.6;16.1
60;2021-05-29;4612;2268;290192;135081;35.2;16.4
60;2021-05-30;1086;347;291278;135428;35.3;16.4
60;2021-05-31;3831;2083;295109;137511;35.8;16.7
60;2021-06-01;4445;2844;299554;140355;36.3;17.0
60;2021-06-02;3915;2443;303469;142798;36.8;17.3
60;2021-06-03;3904;2370;307373;145168;37.3;17.6
60;2021-06-04;4651;2906;312024;148074;37.8;17.9
60;2021-06-05;4302;3418;316326;151492;38.3;18.4
60;2021-06-06;2159;795;318485;152287;38.6;18.5
60;2021-06-07;2778;2761;321263;155048;38.9;18.8
60;2021-06-08;3801;2999;325064;158047;39.4;19.2
60;2021-06-09;3249;3399;328313;161446;39.8;19.6
60;2021-06-10;3454;3365;331767;164811;40.2;20.0
60;2021-06-11;3881;4188;335648;168999;40.7;20.5
60;2021-06-12;3780;4280;339428;173279;41.1;21.0
60;2021-06-13;1154;2225;340582;175504;41.3;21.3
60;2021-06-14;1911;3307;342493;178811;41.5;21.7
60;2021-06-15;3015;4159;345508;182970;41.9;22.2
60;2021-06-16;3250;4487;348758;187457;42.3;22.7
60;2021-06-17;2978;4782;351736;192239;42.6;23.3
60;2021-06-18;2982;4603;354718;196842;43.0;23.9
60;2021-06-19;3144;4725;357862;201567;43.4;24.4
60;2021-06-20;1431;1936;359293;203503;43.5;24.7
60;2021-06-21;1408;4042;360701;207545;43.7;25.2
60;2021-06-22;1758;5286;362459;212831;43.9;25.8
60;2021-06-23;1860;5232;364319;218063;44.2;26.4
60;2021-06-24;1802;5600;366121;223663;44.4;27.1
60;2021-06-25;1905;5729;368026;229392;44.6;27.8
60;2021-06-26;1860;6972;369886;236364;44.8;28.6
60;2021-06-27;713;2593;370599;238957;44.9;29.0
60;2021-06-28;1781;4141;372380;243098;45.1;29.5
60;2021-06-29;2010;5460;374390;248558;45.4;30.1
60;2021-06-30;2296;5358;376686;253916;45.7;30.8
60;2021-07-01;1888;4917;378574;258833;45.9;31.4
60;2021-07-02;2370;5876;380944;264709;46.2;32.1
60;2021-07-03;2400;6157;383344;270866;46.5;32.8
60;2021-07-04;792;2724;384136;273590;46.6;33.2
60;2021-07-05;1659;4406;385795;277996;46.8;33.7
60;2021-07-06;2146;4494;387941;282490;47.0;34.2
60;2021-07-07;2174;5116;390115;287606;47.3;34.9
60;2021-07-08;2672;4689;392787;292295;47.6;35.4
60;2021-07-09;2640;5564;395427;297859;47.9;36.1
60;2021-07-10;2579;5874;398006;303733;48.2;36.8
60;2021-07-11;1212;1942;399218;305675;48.4;37.0
60;2021-07-12;1446;4736;400664;310411;48.6;37.6
60;2021-07-13;2912;5019;403576;315430;48.9;38.2
60;2021-07-14;2584;1408;406160;316838;49.2;38.4
60;2021-07-15;3429;4870;409589;321708;49.6;39.0
60;2021-07-16;3698;5238;413287;326946;50.1;39.6
60;2021-07-17;4079;5132;417366;332078;50.6;40.2
60;2021-07-18;2186;2130;419552;334208;50.9;40.5
60;2021-07-19;2542;3887;422094;338095;51.2;41.0
60;2021-07-20;4197;4896;426291;342991;51.7;41.6
60;2021-07-21;4350;4283;430641;347274;52.2;42.1
60;2021-07-22;4627;4330;435268;351604;52.8;42.6
60;2021-07-23;4981;4900;440249;356504;53.4;43.2
60;2021-07-24;4314;4674;444563;361178;53.9;43.8
60;2021-07-25;2603;1831;447166;363009;54.2;44.0
60;2021-07-26;3376;3756;450542;366765;54.6;44.5
60;2021-07-27;4435;4627;454977;371392;55.1;45.0
60;2021-07-28;4551;3769;459528;375161;55.7;45.5
60;2021-07-29;4901;3709;464429;378870;56.3;45.9
60;2021-07-30;5030;4260;469459;383130;56.9;46.4
60;2021-07-31;4063;3968;473522;387098;57.4;46.9
60;2021-08-01;1682;862;475204;387960;57.6;47.0
60;2021-08-02;3200;2754;478404;390714;58.0;47.4
60;2021-08-03;3605;2893;482009;393607;58.4;47.7
60;2021-08-04;3316;2795;485325;396402;58.8;48.0
60;2021-08-05;3032;2259;488357;398661;59.2;48.3
60;2021-08-06;3830;3055;492187;401716;59.7;48.7
60;2021-08-07;3369;3076;495556;404792;60.1;49.1
60;2021-08-08;1534;910;497090;405702;60.2;49.2
60;2021-08-09;2205;2872;499295;408574;60.5;49.5
60;2021-08-10;3277;3308;502572;411882;60.9;49.9
60;2021-08-11;2814;3234;505386;415116;61.3;50.3
60;2021-08-12;2355;2665;507741;417781;61.5;50.6
60;2021-08-13;2751;2998;510492;420779;61.9;51.0
60;2021-08-14;2540;2734;513032;423513;62.2;51.3
60;2021-08-15;1361;553;514393;424066;62.3;51.4
60;2021-08-16;2114;3774;516507;427840;62.6;51.9
60;2021-08-17;2345;3819;518852;431659;62.9;52.3
60;2021-08-18;1944;3284;520796;434943;63.1;52.7
60;2021-08-19;1647;3074;522443;438017;63.3;53.1
60;2021-08-20;1866;3999;524309;442016;63.5;53.6
60;2021-08-21;1611;3491;525920;445507;63.7;54.0
60;2021-08-22;578;1339;526498;446846;63.8;54.2
60;2021-08-23;1103;3223;527601;450069;63.9;54.5
60;2021-08-24;1368;4493;528969;454562;64.1;55.1
60;2021-08-25;1430;3585;530399;458147;64.3;55.5
60;2021-08-26;1431;3459;531830;461606;64.5;55.9
60;2021-08-27;1434;4172;533264;465778;64.6;56.5
60;2021-08-28;1378;4478;534642;470256;64.8;57.0
60;2021-08-29;550;2041;535192;472297;64.9;57.2
60;2021-08-30;1231;2999;536423;475296;65.0;57.6
60;2021-08-31;1639;3853;538062;479149;65.2;58.1
60;2021-09-01;1236;2796;539298;481945;65.4;58.4
60;2021-09-02;1057;2715;540355;484660;65.5;58.7
60;2021-09-03;1022;3179;541377;487839;65.6;59.1
60;2021-09-04;1520;3735;542897;491574;65.8;59.6
60;2021-09-05;365;1364;543262;492938;65.8;59.7
60;2021-09-06;795;2579;544057;495517;65.9;60.1
60;2021-09-07;837;2985;544894;498502;66.0;60.4
60;2021-09-08;884;2990;545778;501492;66.1;60.8
60;2021-09-09;679;2360;546457;503852;66.2;61.1
60;2021-09-10;1047;3002;547504;506854;66.4;61.4
60;2021-09-11;1059;3492;548563;510346;66.5;61.9
60;2021-09-12;305;1138;548868;511484;66.5;62.0
60;2021-09-13;609;1943;549477;513427;66.6;62.2
60;2021-09-14;756;1847;550233;515274;66.7;62.5
60;2021-09-15;563;1240;550796;516514;66.8;62.6
60;2021-09-16;916;1403;551712;517917;66.9;62.8
60;2021-09-17;712;1463;552424;519380;67.0;62.9
60;2021-09-18;817;2606;553241;521986;67.1;63.3
60;2021-09-19;189;497;553430;522483;67.1;63.3
60;2021-09-20;456;1096;553886;523579;67.1;63.5
60;2021-09-21;499;983;554385;524562;67.2;63.6
60;2021-09-22;442;1306;554827;525868;67.2;63.7
60;2021-09-23;625;897;555452;526765;67.3;63.8
60;2021-09-24;483;1194;555935;527959;67.4;64.0
60;2021-09-25;492;1870;556427;529829;67.4;64.2
60;2021-09-26;78;294;556505;530123;67.4;64.3
60;2021-09-27;325;759;556830;530882;67.5;64.3
60;2021-09-28;314;877;557144;531759;67.5;64.4
61;2020-12-27;0;0;0;0;0.0;0.0
61;2020-12-28;0;0;0;0;0.0;0.0
61;2020-12-29;0;0;0;0;0.0;0.0
61;2020-12-30;0;0;0;0;0.0;0.0
61;2020-12-31;0;0;0;0;0.0;0.0
61;2021-01-01;1;0;1;0;0.0;0.0
61;2021-01-02;1;0;2;0;0.0;0.0
61;2021-01-03;0;0;2;0;0.0;0.0
61;2021-01-04;1;0;3;0;0.0;0.0
61;2021-01-05;3;0;6;0;0.0;0.0
61;2021-01-06;77;0;83;0;0.0;0.0
61;2021-01-07;175;2;258;2;0.1;0.0
61;2021-01-08;406;1;664;3;0.2;0.0
61;2021-01-09;165;1;829;4;0.3;0.0
61;2021-01-10;49;0;878;4;0.3;0.0
61;2021-01-11;396;1;1274;5;0.5;0.0
61;2021-01-12;681;2;1955;7;0.7;0.0
61;2021-01-13;740;1;2695;8;1.0;0.0
61;2021-01-14;530;7;3225;15;1.2;0.0
61;2021-01-15;537;4;3762;19;1.4;0.0
61;2021-01-16;289;1;4051;20;1.5;0.0
61;2021-01-17;873;6;4924;26;1.8;0.0
61;2021-01-18;1913;2;6837;28;2.5;0.0
61;2021-01-19;1326;3;8163;31;2.9;0.0
61;2021-01-20;685;0;8848;31;3.2;0.0
61;2021-01-21;847;1;9695;32;3.5;0.0
61;2021-01-22;764;0;10459;32;3.8;0.0
61;2021-01-23;257;2;10716;34;3.9;0.0
61;2021-01-24;229;0;10945;34;4.0;0.0
61;2021-01-25;578;1;11523;35;4.2;0.0
61;2021-01-26;565;0;12088;35;4.4;0.0
61;2021-01-27;569;13;12657;48;4.6;0.0
61;2021-01-28;465;50;13122;98;4.7;0.0
61;2021-01-29;479;132;13601;230;4.9;0.1
61;2021-01-30;212;3;13813;233;5.0;0.1
61;2021-01-31;109;0;13922;233;5.0;0.1
61;2021-02-01;430;178;14352;411;5.2;0.1
61;2021-02-02;388;287;14740;698;5.3;0.3
61;2021-02-03;412;382;15152;1080;5.5;0.4
61;2021-02-04;390;261;15542;1341;5.6;0.5
61;2021-02-05;536;333;16078;1674;5.8;0.6
61;2021-02-06;204;78;16282;1752;5.9;0.6
61;2021-02-07;45;199;16327;1951;5.9;0.7
61;2021-02-08;541;1196;16868;3147;6.1;1.1
61;2021-02-09;405;739;17273;3886;6.2;1.4
61;2021-02-10;280;511;17553;4397;6.3;1.6
61;2021-02-11;432;449;17985;4846;6.5;1.8
61;2021-02-12;401;627;18386;5473;6.6;2.0
61;2021-02-13;133;331;18519;5804;6.7;2.1
61;2021-02-14;3;245;18522;6049;6.7;2.2
61;2021-02-15;169;605;18691;6654;6.8;2.4
61;2021-02-16;203;513;18894;7167;6.8;2.6
61;2021-02-17;44;458;18938;7625;6.8;2.8
61;2021-02-18;161;394;19099;8019;6.9;2.9
61;2021-02-19;101;303;19200;8322;6.9;3.0
61;2021-02-20;40;194;19240;8516;6.9;3.1
61;2021-02-21;2;119;19242;8635;6.9;3.1
61;2021-02-22;88;437;19330;9072;7.0;3.3
61;2021-02-23;104;379;19434;9451;7.0;3.4
61;2021-02-24;173;428;19607;9879;7.1;3.6
61;2021-02-25;265;323;19872;10202;7.2;3.7
61;2021-02-26;266;378;20138;10580;7.3;3.8
61;2021-02-27;110;182;20248;10762;7.3;3.9
61;2021-02-28;4;117;20252;10879;7.3;3.9
61;2021-03-01;216;521;20468;11400;7.4;4.1
61;2021-03-02;148;619;20616;12019;7.4;4.3
61;2021-03-03;143;376;20759;12395;7.5;4.5
61;2021-03-04;429;389;21188;12784;7.7;4.6
61;2021-03-05;702;265;21890;13049;7.9;4.7
61;2021-03-06;436;213;22326;13262;8.1;4.8
61;2021-03-07;155;2;22481;13264;8.1;4.8
61;2021-03-08;295;287;22776;13551;8.2;4.9
61;2021-03-09;622;159;23398;13710;8.4;5.0
61;2021-03-10;672;163;24070;13873;8.7;5.0
61;2021-03-11;1120;119;25190;13992;9.1;5.1
61;2021-03-12;1467;89;26657;14081;9.6;5.1
61;2021-03-13;775;53;27432;14134;9.9;5.1
61;2021-03-14;226;6;27658;14140;10.0;5.1
61;2021-03-15;814;35;28472;14175;10.3;5.1
61;2021-03-16;723;19;29195;14194;10.5;5.1
61;2021-03-17;761;13;29956;14207;10.8;5.1
61;2021-03-18;858;26;30814;14233;11.1;5.1
61;2021-03-19;1026;50;31840;14283;11.5;5.2
61;2021-03-20;472;15;32312;14298;11.7;5.2
61;2021-03-21;72;2;32384;14300;11.7;5.2
61;2021-03-22;797;91;33181;14391;12.0;5.2
61;2021-03-23;920;39;34101;14430;12.3;5.2
61;2021-03-24;1373;70;35474;14500;12.8;5.2
61;2021-03-25;1875;67;37349;14567;13.5;5.3
61;2021-03-26;1799;47;39148;14614;14.1;5.3
61;2021-03-27;1083;18;40231;14632;14.5;5.3
61;2021-03-28;359;9;40590;14641;14.7;5.3
61;2021-03-29;1271;182;41861;14823;15.1;5.4
61;2021-03-30;1470;98;43331;14921;15.6;5.4
61;2021-03-31;1686;51;45017;14972;16.3;5.4
61;2021-04-01;2051;231;47068;15203;17.0;5.5
61;2021-04-02;1519;433;48587;15636;17.5;5.6
61;2021-04-03;640;285;49227;15921;17.8;5.7
61;2021-04-04;193;1;49420;15922;17.8;5.8
61;2021-04-05;532;8;49952;15930;18.0;5.8
61;2021-04-06;1350;618;51302;16548;18.5;6.0
61;2021-04-07;1697;657;52999;17205;19.1;6.2
61;2021-04-08;2266;832;55265;18037;20.0;6.5
61;2021-04-09;2135;831;57400;18868;20.7;6.8
61;2021-04-10;1534;484;58934;19352;21.3;7.0
61;2021-04-11;238;199;59172;19551;21.4;7.1
61;2021-04-12;1284;734;60456;20285;21.8;7.3
61;2021-04-13;1739;704;62195;20989;22.5;7.6
61;2021-04-14;1734;784;63929;21773;23.1;7.9
61;2021-04-15;2267;782;66196;22555;23.9;8.1
61;2021-04-16;2223;688;68419;23243;24.7;8.4
61;2021-04-17;1487;324;69906;23567;25.2;8.5
61;2021-04-18;538;99;70444;23666;25.4;8.5
61;2021-04-19;936;750;71380;24416;25.8;8.8
61;2021-04-20;1523;786;72903;25202;26.3;9.1
61;2021-04-21;1351;1040;74254;26242;26.8;9.5
61;2021-04-22;1292;1217;75546;27459;27.3;9.9
61;2021-04-23;1214;1147;76760;28606;27.7;10.3
61;2021-04-24;1437;819;78197;29425;28.2;10.6
61;2021-04-25;361;331;78558;29756;28.4;10.7
61;2021-04-26;670;1143;79228;30899;28.6;11.2
61;2021-04-27;1465;1138;80693;32037;29.1;11.6
61;2021-04-28;1386;1390;82079;33427;29.6;12.1
61;2021-04-29;1246;1858;83325;35285;30.1;12.7
61;2021-04-30;1719;1173;85044;36458;30.7;13.2
61;2021-05-01;788;321;85832;36779;31.0;13.3
61;2021-05-02;439;226;86271;37005;31.2;13.4
61;2021-05-03;844;1250;87115;38255;31.5;13.8
61;2021-05-04;1323;1749;88438;40004;31.9;14.4
61;2021-05-05;1008;2027;89446;42031;32.3;15.2
61;2021-05-06;1772;2211;91218;44242;32.9;16.0
61;2021-05-07;1376;1971;92594;46213;33.4;16.7
61;2021-05-08;930;472;93524;46685;33.8;16.9
61;2021-05-09;394;293;93918;46978;33.9;17.0
61;2021-05-10;987;1746;94905;48724;34.3;17.6
61;2021-05-11;1377;1515;96282;50239;34.8;18.1
61;2021-05-12;1870;1592;98152;51831;35.4;18.7
61;2021-05-13;889;491;99041;52322;35.8;18.9
61;2021-05-14;1851;1186;100892;53508;36.4;19.3
61;2021-05-15;2107;1117;102999;54625;37.2;19.7
61;2021-05-16;984;300;103983;54925;37.6;19.8
61;2021-05-17;1312;913;105295;55838;38.0;20.2
61;2021-05-18;2423;894;107718;56732;38.9;20.5
61;2021-05-19;2400;804;110118;57536;39.8;20.8
61;2021-05-20;2212;815;112330;58351;40.6;21.1
61;2021-05-21;2150;861;114480;59212;41.3;21.4
61;2021-05-22;1780;718;116260;59930;42.0;21.6
61;2021-05-23;714;54;116974;59984;42.2;21.7
61;2021-05-24;914;111;117888;60095;42.6;21.7
61;2021-05-25;1991;920;119879;61015;43.3;22.0
61;2021-05-26;2045;931;121924;61946;44.0;22.4
61;2021-05-27;2041;1089;123965;63035;44.8;22.8
61;2021-05-28;2052;1374;126017;64409;45.5;23.3
61;2021-05-29;1466;556;127483;64965;46.0;23.5
61;2021-05-30;450;44;127933;65009;46.2;23.5
61;2021-05-31;1559;936;129492;65945;46.8;23.8
61;2021-06-01;1875;1387;131367;67332;47.4;24.3
61;2021-06-02;1676;1133;133043;68465;48.0;24.7
61;2021-06-03;2250;1110;135293;69575;48.9;25.1
61;2021-06-04;1897;1344;137190;70919;49.5;25.6
61;2021-06-05;1669;1240;138859;72159;50.1;26.1
61;2021-06-06;318;230;139177;72389;50.3;26.1
61;2021-06-07;2189;867;141366;73256;51.1;26.5
61;2021-06-08;1847;1566;143213;74822;51.7;27.0
61;2021-06-09;1975;1185;145188;76007;52.4;27.4
61;2021-06-10;1974;1192;147162;77199;53.1;27.9
61;2021-06-11;1822;1579;148984;78778;53.8;28.4
61;2021-06-12;1424;999;150408;79777;54.3;28.8
61;2021-06-13;340;377;150748;80154;54.4;28.9
61;2021-06-14;1107;1187;151855;81341;54.8;29.4
61;2021-06-15;1214;1694;153069;83035;55.3;30.0
61;2021-06-16;1114;1363;154183;84398;55.7;30.5
61;2021-06-17;1020;1730;155203;86128;56.0;31.1
61;2021-06-18;1523;1671;156726;87799;56.6;31.7
61;2021-06-19;1245;1303;157971;89102;57.0;32.2
61;2021-06-20;289;345;158260;89447;57.2;32.3
61;2021-06-21;807;1627;159067;91074;57.4;32.9
61;2021-06-22;1024;1679;160091;92753;57.8;33.5
61;2021-06-23;967;2436;161058;95189;58.2;34.4
61;2021-06-24;650;1361;161708;96550;58.4;34.9
61;2021-06-25;840;2165;162548;98715;58.7;35.6
61;2021-06-26;621;1953;163169;100668;58.9;36.4
61;2021-06-27;139;799;163308;101467;59.0;36.6
61;2021-06-28;478;2245;163786;103712;59.1;37.5
61;2021-06-29;699;2859;164485;106571;59.4;38.5
61;2021-06-30;771;2463;165256;109034;59.7;39.4
61;2021-07-01;633;1697;165889;110731;59.9;40.0
61;2021-07-02;842;2496;166731;113227;60.2;40.9
61;2021-07-03;417;1910;167148;115137;60.4;41.6
61;2021-07-04;75;638;167223;115775;60.4;41.8
61;2021-07-05;682;1774;167905;117549;60.6;42.5
61;2021-07-06;991;2792;168896;120341;61.0;43.5
61;2021-07-07;734;2360;169630;122701;61.3;44.3
61;2021-07-08;840;1944;170470;124645;61.6;45.0
61;2021-07-09;723;2375;171193;127020;61.8;45.9
61;2021-07-10;463;1767;171656;128787;62.0;46.5
61;2021-07-11;244;489;171900;129276;62.1;46.7
61;2021-07-12;438;2290;172338;131566;62.2;47.5
61;2021-07-13;643;2486;172981;134052;62.5;48.4
61;2021-07-14;150;334;173131;134386;62.5;48.5
61;2021-07-15;815;2814;173946;137200;62.8;49.5
61;2021-07-16;967;2569;174913;139769;63.2;50.5
61;2021-07-17;708;2232;175621;142001;63.4;51.3
61;2021-07-18;339;368;175960;142369;63.5;51.4
61;2021-07-19;934;2399;176894;144768;63.9;52.3
61;2021-07-20;1327;2354;178221;147122;64.4;53.1
61;2021-07-21;1503;2181;179724;149303;64.9;53.9
61;2021-07-22;1750;2188;181474;151491;65.5;54.7
61;2021-07-23;1793;2304;183267;153795;66.2;55.5
61;2021-07-24;1457;2008;184724;155803;66.7;56.3
61;2021-07-25;323;393;185047;156196;66.8;56.4
61;2021-07-26;1252;1933;186299;158129;67.3;57.1
61;2021-07-27;2419;1583;188718;159712;68.2;57.7
61;2021-07-28;2457;1355;191175;161067;69.0;58.2
61;2021-07-29;2563;1576;193738;162643;70.0;58.7
61;2021-07-30;2397;1388;196135;164031;70.8;59.2
61;2021-07-31;1282;1300;197417;165331;71.3;59.7
61;2021-08-01;504;259;197921;165590;71.5;59.8
61;2021-08-02;1913;1122;199834;166712;72.2;60.2
61;2021-08-03;2451;915;202285;167627;73.1;60.5
61;2021-08-04;2343;781;204628;168408;73.9;60.8
61;2021-08-05;1901;990;206529;169398;74.6;61.2
61;2021-08-06;2163;1163;208692;170561;75.4;61.6
61;2021-08-07;1422;799;210114;171360;75.9;61.9
61;2021-08-08;447;263;210561;171623;76.0;62.0
61;2021-08-09;1310;1112;211871;172735;76.5;62.4
61;2021-08-10;1314;1107;213185;173842;77.0;62.8
61;2021-08-11;1117;1257;214302;175099;77.4;63.2
61;2021-08-12;1038;1321;215340;176420;77.8;63.7
61;2021-08-13;879;1610;216219;178030;78.1;64.3
61;2021-08-14;717;862;216936;178892;78.3;64.6
61;2021-08-15;94;183;217030;179075;78.4;64.7
61;2021-08-16;913;1541;217943;180616;78.7;65.2
61;2021-08-17;1152;1700;219095;182316;79.1;65.8
61;2021-08-18;811;1479;219906;183795;79.4;66.4
61;2021-08-19;744;1570;220650;185365;79.7;66.9
61;2021-08-20;801;2131;221451;187496;80.0;67.7
61;2021-08-21;491;1344;221942;188840;80.2;68.2
61;2021-08-22;137;447;222079;189287;80.2;68.4
61;2021-08-23;415;1702;222494;190989;80.4;69.0
61;2021-08-24;528;1899;223022;192888;80.5;69.7
61;2021-08-25;411;1735;223433;194623;80.7;70.3
61;2021-08-26;429;1598;223862;196221;80.8;70.9
61;2021-08-27;514;1889;224376;198110;81.0;71.5
61;2021-08-28;285;1366;224661;199476;81.1;72.0
61;2021-08-29;50;417;224711;199893;81.2;72.2
61;2021-08-30;399;1624;225110;201517;81.3;72.8
61;2021-08-31;506;1713;225616;203230;81.5;73.4
61;2021-09-01;454;1499;226070;204729;81.6;73.9
61;2021-09-02;421;1341;226491;206070;81.8;74.4
61;2021-09-03;475;1580;226966;207650;82.0;75.0
61;2021-09-04;345;1337;227311;208987;82.1;75.5
61;2021-09-05;76;225;227387;209212;82.1;75.6
61;2021-09-06;284;1233;227671;210445;82.2;76.0
61;2021-09-07;361;1567;228032;212012;82.4;76.6
61;2021-09-08;271;1431;228303;213443;82.4;77.1
61;2021-09-09;285;1205;228588;214648;82.6;77.5
61;2021-09-10;364;1167;228952;215815;82.7;77.9
61;2021-09-11;270;1101;229222;216916;82.8;78.3
61;2021-09-12;37;127;229259;217043;82.8;78.4
61;2021-09-13;207;866;229466;217909;82.9;78.7
61;2021-09-14;195;693;229661;218602;82.9;78.9
61;2021-09-15;256;595;229917;219197;83.0;79.2
61;2021-09-16;220;269;230137;219466;83.1;79.3
61;2021-09-17;241;532;230378;219998;83.2;79.4
61;2021-09-18;217;611;230595;220609;83.3;79.7
61;2021-09-19;1;0;230596;220609;83.3;79.7
61;2021-09-20;177;267;230773;220876;83.3;79.8
61;2021-09-21;236;187;231009;221063;83.4;79.8
61;2021-09-22;158;692;231167;221755;83.5;80.1
61;2021-09-23;163;227;231330;221982;83.5;80.2
61;2021-09-24;135;378;231465;222360;83.6;80.3
61;2021-09-25;170;595;231635;222955;83.7;80.5
61;2021-09-26;9;15;231644;222970;83.7;80.5
61;2021-09-27;125;291;231769;223261;83.7;80.6
61;2021-09-28;96;246;231865;223507;83.7;80.7
62;2020-12-27;2;0;2;0;0.0;0.0
62;2020-12-28;1;0;3;0;0.0;0.0
62;2020-12-29;0;0;3;0;0.0;0.0
62;2020-12-30;0;0;3;0;0.0;0.0
62;2020-12-31;0;0;3;0;0.0;0.0
62;2021-01-01;0;0;3;0;0.0;0.0
62;2021-01-02;2;0;5;0;0.0;0.0
62;2021-01-03;0;0;5;0;0.0;0.0
62;2021-01-04;3;0;8;0;0.0;0.0
62;2021-01-05;47;0;55;0;0.0;0.0
62;2021-01-06;123;0;178;0;0.0;0.0
62;2021-01-07;351;0;529;0;0.0;0.0
62;2021-01-08;713;7;1242;7;0.1;0.0
62;2021-01-09;164;1;1406;8;0.1;0.0
62;2021-01-10;84;0;1490;8;0.1;0.0
62;2021-01-11;557;1;2047;9;0.1;0.0
62;2021-01-12;1260;3;3307;12;0.2;0.0
62;2021-01-13;1139;6;4446;18;0.3;0.0
62;2021-01-14;1385;8;5831;26;0.4;0.0
62;2021-01-15;1300;8;7131;34;0.5;0.0
62;2021-01-16;308;2;7439;36;0.5;0.0
62;2021-01-17;107;0;7546;36;0.5;0.0
62;2021-01-18;1666;8;9212;44;0.6;0.0
62;2021-01-19;2104;4;11316;48;0.8;0.0
62;2021-01-20;2056;5;13372;53;0.9;0.0
62;2021-01-21;2244;5;15616;58;1.1;0.0
62;2021-01-22;1835;7;17451;65;1.2;0.0
62;2021-01-23;512;1;17963;66;1.2;0.0
62;2021-01-24;0;0;17963;66;1.2;0.0
62;2021-01-25;1284;6;19247;72;1.3;0.0
62;2021-01-26;1546;13;20793;85;1.4;0.0
62;2021-01-27;1518;139;22311;224;1.5;0.0
62;2021-01-28;4179;345;26490;569;1.8;0.0
62;2021-01-29;2046;304;28536;873;2.0;0.1
62;2021-01-30;159;128;28695;1001;2.0;0.1
62;2021-01-31;22;3;28717;1004;2.0;0.1
62;2021-02-01;46;317;28763;1321;2.0;0.1
62;2021-02-02;59;736;28822;2057;2.0;0.1
62;2021-02-03;44;574;28866;2631;2.0;0.2
62;2021-02-04;81;744;28947;3375;2.0;0.2
62;2021-02-05;81;636;29028;4011;2.0;0.3
62;2021-02-06;32;155;29060;4166;2.0;0.3
62;2021-02-07;236;30;29296;4196;2.0;0.3
62;2021-02-08;133;674;29429;4870;2.0;0.3
62;2021-02-09;227;912;29656;5782;2.0;0.4
62;2021-02-10;385;996;30041;6778;2.1;0.5
62;2021-02-11;726;846;30767;7624;2.1;0.5
62;2021-02-12;967;640;31734;8264;2.2;0.6
62;2021-02-13;162;209;31896;8473;2.2;0.6
62;2021-02-14;0;0;31896;8473;2.2;0.6
62;2021-02-15;665;926;32561;9399;2.2;0.6
62;2021-02-16;923;1376;33484;10775;2.3;0.7
62;2021-02-17;1082;1619;34566;12394;2.4;0.9
62;2021-02-18;2227;3406;36793;15800;2.5;1.1
62;2021-02-19;2312;2262;39105;18062;2.7;1.2
62;2021-02-20;616;372;39721;18434;2.7;1.3
62;2021-02-21;88;26;39809;18460;2.7;1.3
62;2021-02-22;848;713;40657;19173;2.8;1.3
62;2021-02-23;1418;995;42075;20168;2.9;1.4
62;2021-02-24;1547;537;43622;20705;3.0;1.4
62;2021-02-25;3169;371;46791;21076;3.2;1.5
62;2021-02-26;2911;302;49702;21378;3.4;1.5
62;2021-02-27;1829;85;51531;21463;3.5;1.5
62;2021-02-28;52;42;51583;21505;3.6;1.5
62;2021-03-01;1322;103;52905;21608;3.6;1.5
62;2021-03-02;3156;161;56061;21769;3.9;1.5
62;2021-03-03;3272;131;59333;21900;4.1;1.5
62;2021-03-04;3809;216;63142;22116;4.3;1.5
62;2021-03-05;4647;231;67789;22347;4.7;1.5
62;2021-03-06;9619;266;77408;22613;5.3;1.6
62;2021-03-07;8074;225;85482;22838;5.9;1.6
62;2021-03-08;2195;233;87677;23071;6.0;1.6
62;2021-03-09;3808;350;91485;23421;6.3;1.6
62;2021-03-10;4233;566;95718;23987;6.6;1.7
62;2021-03-11;5994;1484;101712;25471;7.0;1.8
62;2021-03-12;6639;1380;108351;26851;7.5;1.8
62;2021-03-13;14723;799;123074;27650;8.5;1.9
62;2021-03-14;9585;410;132659;28060;9.1;1.9
62;2021-03-15;3762;993;136421;29053;9.4;2.0
62;2021-03-16;2736;834;139157;29887;9.6;2.1
62;2021-03-17;2805;721;141962;30608;9.8;2.1
62;2021-03-18;2725;936;144687;31544;10.0;2.2
62;2021-03-19;4783;909;149470;32453;10.3;2.2
62;2021-03-20;11066;620;160536;33073;11.1;2.3
62;2021-03-21;9447;374;169983;33447;11.7;2.3
62;2021-03-22;2943;1089;172926;34536;11.9;2.4
62;2021-03-23;4997;1469;177923;36005;12.2;2.5
62;2021-03-24;4696;1361;182619;37366;12.6;2.6
62;2021-03-25;6553;1461;189172;38827;13.0;2.7
62;2021-03-26;7049;1489;196221;40316;13.5;2.8
62;2021-03-27;12594;753;208815;41069;14.4;2.8
62;2021-03-28;6941;289;215756;41358;14.9;2.8
62;2021-03-29;3470;1201;219226;42559;15.1;2.9
62;2021-03-30;4549;2203;223775;44762;15.4;3.1
62;2021-03-31;4225;2460;228000;47222;15.7;3.3
62;2021-04-01;4975;2762;232975;49984;16.0;3.4
62;2021-04-02;5067;3230;238042;53214;16.4;3.7
62;2021-04-03;8208;3347;246250;56561;17.0;3.9
62;2021-04-04;4582;1934;250832;58495;17.3;4.0
62;2021-04-05;944;461;251776;58956;17.3;4.1
62;2021-04-06;4122;3008;255898;61964;17.6;4.3
62;2021-04-07;5071;3516;260969;65480;18.0;4.5
62;2021-04-08;6492;3987;267461;69467;18.4;4.8
62;2021-04-09;7628;3478;275089;72945;18.9;5.0
62;2021-04-10;6635;8071;281724;81016;19.4;5.6
62;2021-04-11;2804;6881;284528;87897;19.6;6.1
62;2021-04-12;3419;2385;287947;90282;19.8;6.2
62;2021-04-13;6171;3164;294118;93446;20.2;6.4
62;2021-04-14;5307;3064;299425;96510;20.6;6.6
62;2021-04-15;5734;2986;305159;99496;21.0;6.8
62;2021-04-16;5418;3201;310577;102697;21.4;7.1
62;2021-04-17;4356;7355;314933;110052;21.7;7.6
62;2021-04-18;1956;6847;316889;116899;21.8;8.0
62;2021-04-19;2777;1934;319666;118833;22.0;8.2
62;2021-04-20;4148;3886;323814;122719;22.3;8.4
62;2021-04-21;3746;3986;327560;126705;22.5;8.7
62;2021-04-22;3948;5194;331508;131899;22.8;9.1
62;2021-04-23;4063;5320;335571;137219;23.1;9.4
62;2021-04-24;4401;6726;339972;143945;23.4;9.9
62;2021-04-25;1911;3498;341883;147443;23.5;10.1
62;2021-04-26;2224;2421;344107;149864;23.7;10.3
62;2021-04-27;4408;3749;348515;153613;24.0;10.6
62;2021-04-28;4592;4401;353107;158014;24.3;10.9
62;2021-04-29;4787;5848;357894;163862;24.6;11.3
62;2021-04-30;5215;5688;363109;169550;25.0;11.7
62;2021-05-01;5725;3472;368834;173022;25.4;11.9
62;2021-05-02;7826;3147;376660;176169;25.9;12.1
62;2021-05-03;4509;2337;381169;178506;26.2;12.3
62;2021-05-04;5396;4965;386565;183471;26.6;12.6
62;2021-05-05;4736;4824;391301;188295;26.9;13.0
62;2021-05-06;5619;4936;396920;193231;27.3;13.3
62;2021-05-07;7691;4657;404611;197888;27.9;13.6
62;2021-05-08;10658;2327;415269;200215;28.6;13.8
62;2021-05-09;8625;1642;423894;201857;29.2;13.9
62;2021-05-10;4867;4019;428761;205876;29.5;14.2
62;2021-05-11;6414;5039;435175;210915;30.0;14.5
62;2021-05-12;8623;4589;443798;215504;30.5;14.8
62;2021-05-13;9998;1491;453796;216995;31.2;14.9
62;2021-05-14;11880;3392;465676;220387;32.1;15.2
62;2021-05-15;19781;3295;485457;223682;33.4;15.4
62;2021-05-16;16397;1419;501854;225101;34.5;15.5
62;2021-05-17;8181;2659;510035;227760;35.1;15.7
62;2021-05-18;9325;3129;519360;230889;35.7;15.9
62;2021-05-19;8615;2927;527975;233816;36.3;16.1
62;2021-05-20;8341;3839;536316;237655;36.9;16.4
62;2021-05-21;9398;4215;545714;241870;37.6;16.6
62;2021-05-22;17873;3525;563587;245395;38.8;16.9
62;2021-05-23;12373;1162;575960;246557;39.6;17.0
62;2021-05-24;3911;586;579871;247143;39.9;17.0
62;2021-05-25;7221;4097;587092;251240;40.4;17.3
62;2021-05-26;6782;4912;593874;256152;40.9;17.6
62;2021-05-27;6382;5687;600256;261839;41.3;18.0
62;2021-05-28;6518;6729;606774;268568;41.8;18.5
62;2021-05-29;10850;5537;617624;274105;42.5;18.9
62;2021-05-30;4036;982;621660;275087;42.8;18.9
62;2021-05-31;4794;3946;626454;279033;43.1;19.2
62;2021-06-01;6520;6507;632974;285540;43.6;19.7
62;2021-06-02;7443;5811;640417;291351;44.1;20.1
62;2021-06-03;7854;5878;648271;297229;44.6;20.5
62;2021-06-04;7903;6237;656174;303466;45.2;20.9
62;2021-06-05;8273;6226;664447;309692;45.7;21.3
62;2021-06-06;3128;1289;667575;310981;46.0;21.4
62;2021-06-07;4625;3763;672200;314744;46.3;21.7
62;2021-06-08;6207;5902;678407;320646;46.7;22.1
62;2021-06-09;5498;4763;683905;325409;47.1;22.4
62;2021-06-10;5205;5864;689110;331273;47.4;22.8
62;2021-06-11;6208;8867;695318;340140;47.9;23.4
62;2021-06-12;5935;8643;701253;348783;48.3;24.0
62;2021-06-13;3225;3793;704478;352576;48.5;24.3
62;2021-06-14;2610;6770;707088;359346;48.7;24.7
62;2021-06-15;4675;8529;711763;367875;49.0;25.3
62;2021-06-16;5080;7429;716843;375304;49.3;25.8
62;2021-06-17;5234;8041;722077;383345;49.7;26.4
62;2021-06-18;4824;10490;726901;393835;50.0;27.1
62;2021-06-19;5794;13435;732695;407270;50.4;28.0
62;2021-06-20;2100;4369;734795;411639;50.6;28.3
62;2021-06-21;2976;8922;737771;420561;50.8;28.9
62;2021-06-22;3430;10169;741201;430730;51.0;29.6
62;2021-06-23;3387;10314;744588;441044;51.3;30.4
62;2021-06-24;3346;11782;747934;452826;51.5;31.2
62;2021-06-25;3724;15762;751658;468588;51.7;32.3
62;2021-06-26;3549;18423;755207;487011;52.0;33.5
62;2021-06-27;1121;9814;756328;496825;52.1;34.2
62;2021-06-28;1923;8865;758251;505690;52.2;34.8
62;2021-06-29;2973;11461;761224;517151;52.4;35.6
62;2021-06-30;4142;10809;765366;527960;52.7;36.3
62;2021-07-01;4483;10483;769849;538443;53.0;37.1
62;2021-07-02;4161;11977;774010;550420;53.3;37.9
62;2021-07-03;2997;18054;777007;568474;53.5;39.1
62;2021-07-04;1450;9195;778457;577669;53.6;39.8
62;2021-07-05;2415;6913;780872;584582;53.8;40.2
62;2021-07-06;3821;10013;784693;594595;54.0;40.9
62;2021-07-07;3916;8912;788609;603507;54.3;41.5
62;2021-07-08;5246;9081;793855;612588;54.6;42.2
62;2021-07-09;4471;10842;798326;623430;55.0;42.9
62;2021-07-10;4975;11890;803301;635320;55.3;43.7
62;2021-07-11;1337;2088;804638;637408;55.4;43.9
62;2021-07-12;2327;7132;806965;644540;55.5;44.4
62;2021-07-13;5176;12153;812141;656693;55.9;45.2
62;2021-07-14;3634;3165;815775;659858;56.2;45.4
62;2021-07-15;7586;11491;823361;671349;56.7;46.2
62;2021-07-16;7625;11044;830986;682393;57.2;47.0
62;2021-07-17;9719;10328;840705;692721;57.9;47.7
62;2021-07-18;2712;3457;843417;696178;58.1;47.9
62;2021-07-19;6012;7013;849429;703191;58.5;48.4
62;2021-07-20;7934;10721;857363;713912;59.0;49.1
62;2021-07-21;9776;9405;867139;723317;59.7;49.8
62;2021-07-22;9800;9012;876939;732329;60.4;50.4
62;2021-07-23;10627;8405;887566;740734;61.1;51.0
62;2021-07-24;9664;10318;897230;751052;61.8;51.7
62;2021-07-25;5549;1877;902779;752929;62.1;51.8
62;2021-07-26;6239;5384;909018;758313;62.6;52.2
62;2021-07-27;9851;8125;918869;766438;63.2;52.8
62;2021-07-28;10404;7488;929273;773926;64.0;53.3
62;2021-07-29;12006;7657;941279;781583;64.8;53.8
62;2021-07-30;9093;6289;950372;787872;65.4;54.2
62;2021-07-31;6639;4023;957011;791895;65.9;54.5
62;2021-08-01;2342;1103;959353;792998;66.0;54.6
62;2021-08-02;6866;4759;966219;797757;66.5;54.9
62;2021-08-03;8628;7471;974847;805228;67.1;55.4
62;2021-08-04;9491;5481;984338;810709;67.8;55.8
62;2021-08-05;8372;5629;992710;816338;68.3;56.2
62;2021-08-06;7320;5933;1000030;822271;68.8;56.6
62;2021-08-07;5493;4958;1005523;827229;69.2;56.9
62;2021-08-08;1875;1301;1007398;828530;69.3;57.0
62;2021-08-09;5262;5031;1012660;833561;69.7;57.4
62;2021-08-10;6221;7356;1018881;840917;70.1;57.9
62;2021-08-11;5412;7382;1024293;848299;70.5;58.4
62;2021-08-12;6007;7002;1030300;855301;70.9;58.9
62;2021-08-13;4518;6062;1034818;861363;71.2;59.3
62;2021-08-14;3837;6866;1038655;868229;71.5;59.8
62;2021-08-15;1141;1212;1039796;869441;71.6;59.8
62;2021-08-16;3188;5864;1042984;875305;71.8;60.3
62;2021-08-17;4170;7346;1047154;882651;72.1;60.8
62;2021-08-18;4355;7241;1051509;889892;72.4;61.3
62;2021-08-19;4391;8579;1055900;898471;72.7;61.8
62;2021-08-20;3442;8463;1059342;906934;72.9;62.4
62;2021-08-21;2458;9764;1061800;916698;73.1;63.1
62;2021-08-22;391;2816;1062191;919514;73.1;63.3
62;2021-08-23;2745;7829;1064936;927343;73.3;63.8
62;2021-08-24;3841;10405;1068777;937748;73.6;64.5
62;2021-08-25;3508;9198;1072285;946946;73.8;65.2
62;2021-08-26;3192;9771;1075477;956717;74.0;65.9
62;2021-08-27;2596;8825;1078073;965542;74.2;66.5
62;2021-08-28;2041;7996;1080114;973538;74.3;67.0
62;2021-08-29;865;2252;1080979;975790;74.4;67.2
62;2021-08-30;2044;7385;1083023;983175;74.5;67.7
62;2021-08-31;2141;8023;1085164;991198;74.7;68.2
62;2021-09-01;1824;6168;1086988;997366;74.8;68.7
62;2021-09-02;1847;6847;1088835;1004213;74.9;69.1
62;2021-09-03;2068;7443;1090903;1011656;75.1;69.6
62;2021-09-04;2117;6677;1093020;1018333;75.2;70.1
62;2021-09-05;317;1265;1093337;1019598;75.3;70.2
62;2021-09-06;1022;3807;1094359;1023405;75.3;70.4
62;2021-09-07;1230;4349;1095589;1027754;75.4;70.7
62;2021-09-08;1277;4557;1096866;1032311;75.5;71.1
62;2021-09-09;1265;4709;1098131;1037020;75.6;71.4
62;2021-09-10;1583;4966;1099714;1041986;75.7;71.7
62;2021-09-11;1261;4286;1100975;1046272;75.8;72.0
62;2021-09-12;201;547;1101176;1046819;75.8;72.1
62;2021-09-13;768;2754;1101944;1049573;75.9;72.2
62;2021-09-14;1254;4267;1103198;1053840;75.9;72.5
62;2021-09-15;1327;4215;1104525;1058055;76.0;72.8
62;2021-09-16;1372;2912;1105897;1060967;76.1;73.0
62;2021-09-17;1320;2413;1107217;1063380;76.2;73.2
62;2021-09-18;1077;2880;1108294;1066260;76.3;73.4
62;2021-09-19;136;448;1108430;1066708;76.3;73.4
62;2021-09-20;597;1470;1109027;1068178;76.3;73.5
62;2021-09-21;877;2421;1109904;1070599;76.4;73.7
62;2021-09-22;787;2670;1110691;1073269;76.5;73.9
62;2021-09-23;717;1837;1111408;1075106;76.5;74.0
62;2021-09-24;808;1984;1112216;1077090;76.6;74.1
62;2021-09-25;713;2666;1112929;1079756;76.6;74.3
62;2021-09-26;73;373;1113002;1080129;76.6;74.3
62;2021-09-27;310;1054;1113312;1081183;76.6;74.4
62;2021-09-28;577;1700;1113889;1082883;76.7;74.5
63;2020-12-27;0;0;0;0;0.0;0.0
63;2020-12-28;1;0;1;0;0.0;0.0
63;2020-12-29;0;0;1;0;0.0;0.0
63;2020-12-30;0;0;1;0;0.0;0.0
63;2020-12-31;0;0;1;0;0.0;0.0
63;2021-01-01;1;0;2;0;0.0;0.0
63;2021-01-02;0;0;2;0;0.0;0.0
63;2021-01-03;1;0;3;0;0.0;0.0
63;2021-01-04;0;0;3;0;0.0;0.0
63;2021-01-05;1;0;4;0;0.0;0.0
63;2021-01-06;4;1;8;1;0.0;0.0
63;2021-01-07;310;0;318;1;0.0;0.0
63;2021-01-08;217;0;535;1;0.1;0.0
63;2021-01-09;91;0;626;1;0.1;0.0
63;2021-01-10;82;0;708;1;0.1;0.0
63;2021-01-11;431;2;1139;3;0.2;0.0
63;2021-01-12;661;1;1800;4;0.3;0.0
63;2021-01-13;873;2;2673;6;0.4;0.0
63;2021-01-14;546;8;3219;14;0.5;0.0
63;2021-01-15;431;3;3650;17;0.6;0.0
63;2021-01-16;157;0;3807;17;0.6;0.0
63;2021-01-17;133;0;3940;17;0.6;0.0
63;2021-01-18;634;2;4574;19;0.7;0.0
63;2021-01-19;869;2;5443;21;0.8;0.0
63;2021-01-20;1069;1;6512;22;1.0;0.0
63;2021-01-21;1018;3;7530;25;1.1;0.0
63;2021-01-22;969;3;8499;28;1.3;0.0
63;2021-01-23;192;0;8691;28;1.3;0.0
63;2021-01-24;164;1;8855;29;1.3;0.0
63;2021-01-25;829;0;9684;29;1.5;0.0
63;2021-01-26;973;2;10657;31;1.6;0.0
63;2021-01-27;1003;4;11660;35;1.8;0.0
63;2021-01-28;1321;67;12981;102;2.0;0.0
63;2021-01-29;1066;62;14047;164;2.1;0.0
63;2021-01-30;68;0;14115;164;2.1;0.0
63;2021-01-31;6;0;14121;164;2.1;0.0
63;2021-02-01;575;162;14696;326;2.2;0.0
63;2021-02-02;886;219;15582;545;2.4;0.1
63;2021-02-03;1475;269;17057;814;2.6;0.1
63;2021-02-04;2120;488;19177;1302;2.9;0.2
63;2021-02-05;1144;253;20321;1555;3.1;0.2
63;2021-02-06;116;0;20437;1555;3.1;0.2
63;2021-02-07;9;1;20446;1556;3.1;0.2
63;2021-02-08;538;345;20984;1901;3.2;0.3
63;2021-02-09;671;359;21655;2260;3.3;0.3
63;2021-02-10;609;508;22264;2768;3.4;0.4
63;2021-02-11;751;404;23015;3172;3.5;0.5
63;2021-02-12;820;732;23835;3904;3.6;0.6
63;2021-02-13;82;1;23917;3905;3.6;0.6
63;2021-02-14;0;57;23917;3962;3.6;0.6
63;2021-02-15;202;620;24119;4582;3.7;0.7
63;2021-02-16;409;951;24528;5533;3.7;0.8
63;2021-02-17;359;666;24887;6199;3.8;0.9
63;2021-02-18;607;659;25494;6858;3.9;1.0
63;2021-02-19;449;764;25943;7622;3.9;1.2
63;2021-02-20;35;17;25978;7639;3.9;1.2
63;2021-02-21;2;9;25980;7648;3.9;1.2
63;2021-02-22;291;690;26271;8338;4.0;1.3
63;2021-02-23;580;881;26851;9219;4.1;1.4
63;2021-02-24;696;1202;27547;10421;4.2;1.6
63;2021-02-25;1603;1438;29150;11859;4.4;1.8
63;2021-02-26;1624;1195;30774;13054;4.7;2.0
63;2021-02-27;642;65;31416;13119;4.8;2.0
63;2021-02-28;4;177;31420;13296;4.8;2.0
63;2021-03-01;586;403;32006;13699;4.8;2.1
63;2021-03-02;907;652;32913;14351;5.0;2.2
63;2021-03-03;1036;591;33949;14942;5.1;2.3
63;2021-03-04;1754;424;35703;15366;5.4;2.3
63;2021-03-05;2612;619;38315;15985;5.8;2.4
63;2021-03-06;1551;53;39866;16038;6.0;2.4
63;2021-03-07;514;19;40380;16057;6.1;2.4
63;2021-03-08;966;565;41346;16622;6.3;2.5
63;2021-03-09;1539;904;42885;17526;6.5;2.7
63;2021-03-10;1653;544;44538;18070;6.7;2.7
63;2021-03-11;3054;852;47592;18922;7.2;2.9
63;2021-03-12;3513;380;51105;19302;7.7;2.9
63;2021-03-13;2048;81;53153;19383;8.1;2.9
63;2021-03-14;61;21;53214;19404;8.1;2.9
63;2021-03-15;1768;359;54982;19763;8.3;3.0
63;2021-03-16;1746;390;56728;20153;8.6;3.1
63;2021-03-17;1642;652;58370;20805;8.8;3.2
63;2021-03-18;1945;730;60315;21535;9.1;3.3
63;2021-03-19;2742;483;63057;22018;9.6;3.3
63;2021-03-20;1121;67;64178;22085;9.7;3.3
63;2021-03-21;50;45;64228;22130;9.7;3.4
63;2021-03-22;1984;253;66212;22383;10.0;3.4
63;2021-03-23;2885;343;69097;22726;10.5;3.4
63;2021-03-24;3224;346;72321;23072;11.0;3.5
63;2021-03-25;4597;389;76918;23461;11.7;3.6
63;2021-03-26;4692;545;81610;24006;12.4;3.6
63;2021-03-27;2457;232;84067;24238;12.7;3.7
63;2021-03-28;1047;83;85114;24321;12.9;3.7
63;2021-03-29;2480;514;87594;24835;13.3;3.8
63;2021-03-30;3283;627;90877;25462;13.8;3.9
63;2021-03-31;2968;745;93845;26207;14.2;4.0
63;2021-04-01;3843;521;97688;26728;14.8;4.0
63;2021-04-02;3484;711;101172;27439;15.3;4.2
63;2021-04-03;1174;181;102346;27620;15.5;4.2
63;2021-04-04;877;28;103223;27648;15.6;4.2
63;2021-04-05;801;85;104024;27733;15.8;4.2
63;2021-04-06;2478;940;106502;28673;16.1;4.3
63;2021-04-07;3208;873;109710;29546;16.6;4.5
63;2021-04-08;4721;1220;114431;30766;17.3;4.7
63;2021-04-09;5314;999;119745;31765;18.1;4.8
63;2021-04-10;2221;481;121966;32246;18.5;4.9
63;2021-04-11;835;40;122801;32286;18.6;4.9
63;2021-04-12;1595;1309;124396;33595;18.8;5.1
63;2021-04-13;1986;1962;126382;35557;19.1;5.4
63;2021-04-14;2631;1438;129013;36995;19.5;5.6
63;2021-04-15;3808;1541;132821;38536;20.1;5.8
63;2021-04-16;2840;2156;135661;40692;20.5;6.2
63;2021-04-17;1233;672;136894;41364;20.7;6.3
63;2021-04-18;803;61;137697;41425;20.9;6.3
63;2021-04-19;1657;2099;139354;43524;21.1;6.6
63;2021-04-20;1702;2298;141056;45822;21.4;6.9
63;2021-04-21;1514;2407;142570;48229;21.6;7.3
63;2021-04-22;1916;2259;144486;50488;21.9;7.6
63;2021-04-23;2019;3109;146505;53597;22.2;8.1
63;2021-04-24;1192;1126;147697;54723;22.4;8.3
63;2021-04-25;554;412;148251;55135;22.5;8.4
63;2021-04-26;1438;2240;149689;57375;22.7;8.7
63;2021-04-27;2326;2607;152015;59982;23.0;9.1
63;2021-04-28;2346;3157;154361;63139;23.4;9.6
63;2021-04-29;2881;2805;157242;65944;23.8;10.0
63;2021-04-30;2862;2802;160104;68746;24.2;10.4
63;2021-05-01;1127;1051;161231;69797;24.4;10.6
63;2021-05-02;897;639;162128;70436;24.6;10.7
63;2021-05-03;2686;2233;164814;72669;25.0;11.0
63;2021-05-04;2879;2689;167693;75358;25.4;11.4
63;2021-05-05;2936;3117;170629;78475;25.8;11.9
63;2021-05-06;3673;3051;174302;81526;26.4;12.3
63;2021-05-07;4033;3525;178335;85051;27.0;12.9
63;2021-05-08;2002;654;180337;85705;27.3;13.0
63;2021-05-09;1802;606;182139;86311;27.6;13.1
63;2021-05-10;4194;2760;186333;89071;28.2;13.5
63;2021-05-11;5338;2758;191671;91829;29.0;13.9
63;2021-05-12;5274;2905;196945;94734;29.8;14.3
63;2021-05-13;4136;699;201081;95433;30.5;14.5
63;2021-05-14;4772;1509;205853;96942;31.2;14.7
63;2021-05-15;3727;986;209580;97928;31.7;14.8
63;2021-05-16;3521;447;213101;98375;32.3;14.9
63;2021-05-17;3902;1993;217003;100368;32.9;15.2
63;2021-05-18;5124;1610;222127;101978;33.6;15.4
63;2021-05-19;5228;1627;227355;103605;34.4;15.7
63;2021-05-20;6806;2088;234161;105693;35.5;16.0
63;2021-05-21;6256;2328;240417;108021;36.4;16.4
63;2021-05-22;3352;848;243769;108869;36.9;16.5
63;2021-05-23;2388;245;246157;109114;37.3;16.5
63;2021-05-24;2643;581;248800;109695;37.7;16.6
63;2021-05-25;4270;2642;253070;112337;38.3;17.0
63;2021-05-26;5452;2419;258522;114756;39.2;17.4
63;2021-05-27;6502;2799;265024;117555;40.1;17.8
63;2021-05-28;5422;3877;270446;121432;41.0;18.4
63;2021-05-29;3361;1500;273807;122932;41.5;18.6
63;2021-05-30;1579;217;275386;123149;41.7;18.7
63;2021-05-31;4157;2284;279543;125433;42.3;19.0
63;2021-06-01;3805;2946;283348;128379;42.9;19.4
63;2021-06-02;3886;2524;287234;130903;43.5;19.8
63;2021-06-03;4902;3135;292136;134038;44.2;20.3
63;2021-06-04;5100;3618;297236;137656;45.0;20.8
63;2021-06-05;2816;1742;300052;139398;45.4;21.1
63;2021-06-06;1309;698;301361;140096;45.6;21.2
63;2021-06-07;3163;2514;304524;142610;46.1;21.6
63;2021-06-08;2882;2746;307406;145356;46.6;22.0
63;2021-06-09;3025;2266;310431;147622;47.0;22.4
63;2021-06-10;3226;2688;313657;150310;47.5;22.8
63;2021-06-11;3098;4043;316755;154353;48.0;23.4
63;2021-06-12;1640;1969;318395;156322;48.2;23.7
63;2021-06-13;482;1098;318877;157420;48.3;23.8
63;2021-06-14;1824;3472;320701;160892;48.6;24.4
63;2021-06-15;2211;3478;322912;164370;48.9;24.9
63;2021-06-16;2576;3313;325488;167683;49.3;25.4
63;2021-06-17;2398;4314;327886;171997;49.7;26.1
63;2021-06-18;2480;5824;330366;177821;50.0;26.9
63;2021-06-19;1643;2835;332009;180656;50.3;27.4
63;2021-06-20;677;2441;332686;183097;50.4;27.7
63;2021-06-21;1272;5386;333958;188483;50.6;28.5
63;2021-06-22;1233;5537;335191;194020;50.8;29.4
63;2021-06-23;1531;4766;336722;198786;51.0;30.1
63;2021-06-24;1925;5383;338647;204169;51.3;30.9
63;2021-06-25;1751;5894;340398;210063;51.6;31.8
63;2021-06-26;1073;3352;341471;213415;51.7;32.3
63;2021-06-27;712;3487;342183;216902;51.8;32.9
63;2021-06-28;1136;5663;343319;222565;52.0;33.7
63;2021-06-29;1225;5159;344544;227724;52.2;34.5
63;2021-06-30;1606;5292;346150;233016;52.4;35.3
63;2021-07-01;1930;8064;348080;241080;52.7;36.5
63;2021-07-02;2061;6540;350141;247620;53.0;37.5
63;2021-07-03;965;2926;351106;250546;53.2;37.9
63;2021-07-04;1066;1885;352172;252431;53.3;38.2
63;2021-07-05;1539;6279;353711;258710;53.6;39.2
63;2021-07-06;1607;4807;355318;263517;53.8;39.9
63;2021-07-07;1974;4086;357292;267603;54.1;40.5
63;2021-07-08;2205;4579;359497;272182;54.4;41.2
63;2021-07-09;1924;5718;361421;277900;54.7;42.1
63;2021-07-10;1535;3415;362956;281315;55.0;42.6
63;2021-07-11;910;1537;363866;282852;55.1;42.8
63;2021-07-12;1597;8701;365463;291553;55.4;44.2
63;2021-07-13;3598;6131;369061;297684;55.9;45.1
63;2021-07-14;3618;1790;372679;299474;56.4;45.4
63;2021-07-15;4415;5027;377094;304501;57.1;46.1
63;2021-07-16;4694;5782;381788;310283;57.8;47.0
63;2021-07-17;3012;2473;384800;312756;58.3;47.4
63;2021-07-18;2825;1090;387625;313846;58.7;47.5
63;2021-07-19;4002;4844;391627;318690;59.3;48.3
63;2021-07-20;4737;5454;396364;324144;60.0;49.1
63;2021-07-21;4790;3975;401154;328119;60.8;49.7
63;2021-07-22;5509;4397;406663;332516;61.6;50.4
63;2021-07-23;5162;4651;411825;337167;62.4;51.1
63;2021-07-24;3677;1951;415502;339118;62.9;51.4
63;2021-07-25;3065;1438;418567;340556;63.4;51.6
63;2021-07-26;4042;3228;422609;343784;64.0;52.1
63;2021-07-27;3934;3162;426543;346946;64.6;52.5
63;2021-07-28;3855;2718;430398;349664;65.2;53.0
63;2021-07-29;4454;3157;434852;352821;65.9;53.4
63;2021-07-30;3816;3574;438668;356395;66.4;54.0
63;2021-07-31;2162;1718;440830;358113;66.8;54.2
63;2021-08-01;1197;836;442027;358949;66.9;54.4
63;2021-08-02;2238;3067;444265;362016;67.3;54.8
63;2021-08-03;2739;3252;447004;365268;67.7;55.3
63;2021-08-04;2818;3247;449822;368515;68.1;55.8
63;2021-08-05;2448;3477;452270;371992;68.5;56.3
63;2021-08-06;2360;4150;454630;376142;68.9;57.0
63;2021-08-07;1308;2807;455938;378949;69.1;57.4
63;2021-08-08;324;1205;456262;380154;69.1;57.6
63;2021-08-09;1905;4222;458167;384376;69.4;58.2
63;2021-08-10;2307;3993;460474;388369;69.7;58.8
63;2021-08-11;2142;3628;462616;391997;70.1;59.4
63;2021-08-12;1955;4621;464571;396618;70.4;60.1
63;2021-08-13;1688;4009;466259;400627;70.6;60.7
63;2021-08-14;841;3237;467100;403864;70.7;61.2
63;2021-08-15;184;1451;467284;405315;70.8;61.4
63;2021-08-16;1272;4399;468556;409714;71.0;62.1
63;2021-08-17;1642;4051;470198;413765;71.2;62.7
63;2021-08-18;1489;3305;471687;417070;71.4;63.2
63;2021-08-19;1366;3444;473053;420514;71.6;63.7
63;2021-08-20;1451;3712;474504;424226;71.9;64.3
63;2021-08-21;676;2165;475180;426391;72.0;64.6
63;2021-08-22;212;1092;475392;427483;72.0;64.7
63;2021-08-23;1137;3591;476529;431074;72.2;65.3
63;2021-08-24;1092;2989;477621;434063;72.3;65.7
63;2021-08-25;1011;2787;478632;436850;72.5;66.2
63;2021-08-26;1190;2706;479822;439556;72.7;66.6
63;2021-08-27;1280;3163;481102;442719;72.9;67.1
63;2021-08-28;713;1709;481815;444428;73.0;67.3
63;2021-08-29;107;577;481922;445005;73.0;67.4
63;2021-08-30;801;2446;482723;447451;73.1;67.8
63;2021-08-31;999;2568;483722;450019;73.3;68.2
63;2021-09-01;926;2138;484648;452157;73.4;68.5
63;2021-09-02;850;2199;485498;454356;73.5;68.8
63;2021-09-03;921;2663;486419;457019;73.7;69.2
63;2021-09-04;709;1536;487128;458555;73.8;69.5
63;2021-09-05;80;273;487208;458828;73.8;69.5
63;2021-09-06;565;1609;487773;460437;73.9;69.7
63;2021-09-07;676;1736;488449;462173;74.0;70.0
63;2021-09-08;703;1788;489152;463961;74.1;70.3
63;2021-09-09;597;1652;489749;465613;74.2;70.5
63;2021-09-10;730;2126;490479;467739;74.3;70.8
63;2021-09-11;457;1121;490936;468860;74.4;71.0
63;2021-09-12;49;159;490985;469019;74.4;71.0
63;2021-09-13;466;1476;491451;470495;74.4;71.3
63;2021-09-14;531;1417;491982;471912;74.5;71.5
63;2021-09-15;584;1294;492566;473206;74.6;71.7
63;2021-09-16;476;917;493042;474123;74.7;71.8
63;2021-09-17;477;1318;493519;475441;74.7;72.0
63;2021-09-18;321;1030;493840;476471;74.8;72.2
63;2021-09-19;41;97;493881;476568;74.8;72.2
63;2021-09-20;366;719;494247;477287;74.9;72.3
63;2021-09-21;411;756;494658;478043;74.9;72.4
63;2021-09-22;400;1113;495058;479156;75.0;72.6
63;2021-09-23;298;764;495356;479920;75.0;72.7
63;2021-09-24;486;1269;495842;481189;75.1;72.9
63;2021-09-25;253;828;496095;482017;75.1;73.0
63;2021-09-26;26;100;496121;482117;75.1;73.0
63;2021-09-27;315;647;496436;482764;75.2;73.1
63;2021-09-28;291;686;496727;483450;75.2;73.2
64;2020-12-27;1;0;1;0;0.0;0.0
64;2020-12-28;2;0;3;0;0.0;0.0
64;2020-12-29;0;0;3;0;0.0;0.0
64;2020-12-30;1;0;4;0;0.0;0.0
64;2020-12-31;0;0;4;0;0.0;0.0
64;2021-01-01;0;0;4;0;0.0;0.0
64;2021-01-02;0;0;4;0;0.0;0.0
64;2021-01-03;0;0;4;0;0.0;0.0
64;2021-01-04;29;0;33;0;0.0;0.0
64;2021-01-05;25;0;58;0;0.0;0.0
64;2021-01-06;189;0;247;0;0.0;0.0
64;2021-01-07;842;1;1089;1;0.2;0.0
64;2021-01-08;880;2;1969;3;0.3;0.0
64;2021-01-09;54;0;2023;3;0.3;0.0
64;2021-01-10;2;0;2025;3;0.3;0.0
64;2021-01-11;543;0;2568;3;0.4;0.0
64;2021-01-12;760;3;3328;6;0.5;0.0
64;2021-01-13;867;2;4195;8;0.6;0.0
64;2021-01-14;1046;3;5241;11;0.8;0.0
64;2021-01-15;929;3;6170;14;0.9;0.0
64;2021-01-16;70;0;6240;14;0.9;0.0
64;2021-01-17;5;0;6245;14;0.9;0.0
64;2021-01-18;942;5;7187;19;1.1;0.0
64;2021-01-19;1449;2;8636;21;1.3;0.0
64;2021-01-20;1616;3;10252;24;1.5;0.0
64;2021-01-21;2602;1;12854;25;1.9;0.0
64;2021-01-22;1652;3;14506;28;2.1;0.0
64;2021-01-23;525;1;15031;29;2.2;0.0
64;2021-01-24;89;0;15120;29;2.2;0.0
64;2021-01-25;974;7;16094;36;2.4;0.0
64;2021-01-26;1358;21;17452;57;2.6;0.0
64;2021-01-27;1243;115;18695;172;2.7;0.0
64;2021-01-28;1650;603;20345;775;3.0;0.1
64;2021-01-29;973;604;21318;1379;3.1;0.2
64;2021-01-30;469;54;21787;1433;3.2;0.2
64;2021-01-31;93;0;21880;1433;3.2;0.2
64;2021-02-01;675;287;22555;1720;3.3;0.3
64;2021-02-02;1134;523;23689;2243;3.5;0.3
64;2021-02-03;1043;603;24732;2846;3.6;0.4
64;2021-02-04;1027;510;25759;3356;3.8;0.5
64;2021-02-05;868;445;26627;3801;3.9;0.6
64;2021-02-06;501;31;27128;3832;4.0;0.6
64;2021-02-07;131;3;27259;3835;4.0;0.6
64;2021-02-08;769;276;28028;4111;4.1;0.6
64;2021-02-09;949;657;28977;4768;4.2;0.7
64;2021-02-10;916;709;29893;5477;4.4;0.8
64;2021-02-11;1199;1239;31092;6716;4.6;1.0
64;2021-02-12;1076;963;32168;7679;4.7;1.1
64;2021-02-13;225;213;32393;7892;4.7;1.2
64;2021-02-14;38;26;32431;7918;4.7;1.2
64;2021-02-15;221;856;32652;8774;4.8;1.3
64;2021-02-16;261;1137;32913;9911;4.8;1.5
64;2021-02-17;291;992;33204;10903;4.9;1.6
64;2021-02-18;508;1461;33712;12364;4.9;1.8
64;2021-02-19;413;1036;34125;13400;5.0;2.0
64;2021-02-20;119;317;34244;13717;5.0;2.0
64;2021-02-21;20;66;34264;13783;5.0;2.0
64;2021-02-22;479;773;34743;14556;5.1;2.1
64;2021-02-23;722;906;35465;15462;5.2;2.3
64;2021-02-24;732;821;36197;16283;5.3;2.4
64;2021-02-25;1094;772;37291;17055;5.5;2.5
64;2021-02-26;1217;742;38508;17797;5.6;2.6
64;2021-02-27;864;303;39372;18100;5.8;2.6
64;2021-02-28;42;58;39414;18158;5.8;2.7
64;2021-03-01;767;631;40181;18789;5.9;2.8
64;2021-03-02;1078;755;41259;19544;6.0;2.9
64;2021-03-03;1251;861;42510;20405;6.2;3.0
64;2021-03-04;1882;1065;44392;21470;6.5;3.1
64;2021-03-05;2199;923;46591;22393;6.8;3.3
64;2021-03-06;1543;456;48134;22849;7.0;3.3
64;2021-03-07;595;86;48729;22935;7.1;3.4
64;2021-03-08;1534;678;50263;23613;7.4;3.5
64;2021-03-09;2069;760;52332;24373;7.7;3.6
64;2021-03-10;2082;690;54414;25063;8.0;3.7
64;2021-03-11;2976;994;57390;26057;8.4;3.8
64;2021-03-12;3487;565;60877;26622;8.9;3.9
64;2021-03-13;2258;159;63135;26781;9.2;3.9
64;2021-03-14;233;15;63368;26796;9.3;3.9
64;2021-03-15;2337;226;65705;27022;9.6;4.0
64;2021-03-16;2001;259;67706;27281;9.9;4.0
64;2021-03-17;2072;236;69778;27517;10.2;4.0
64;2021-03-18;2463;203;72241;27720;10.6;4.1
64;2021-03-19;3014;277;75255;27997;11.0;4.1
64;2021-03-20;2469;93;77724;28090;11.4;4.1
64;2021-03-21;1282;27;79006;28117;11.6;4.1
64;2021-03-22;2588;540;81594;28657;11.9;4.2
64;2021-03-23;3197;644;84791;29301;12.4;4.3
64;2021-03-24;3564;695;88355;29996;12.9;4.4
64;2021-03-25;4351;792;92706;30788;13.6;4.5
64;2021-03-26;4429;695;97135;31483;14.2;4.6
64;2021-03-27;2974;429;100109;31912;14.7;4.7
64;2021-03-28;521;55;100630;31967;14.7;4.7
64;2021-03-29;3028;873;103658;32840;15.2;4.8
64;2021-03-30;4135;862;107793;33702;15.8;4.9
64;2021-03-31;3594;786;111387;34488;16.3;5.0
64;2021-04-01;4786;935;116173;35423;17.0;5.2
64;2021-04-02;4444;743;120617;36166;17.7;5.3
64;2021-04-03;2061;583;122678;36749;18.0;5.4
64;2021-04-04;309;48;122987;36797;18.0;5.4
64;2021-04-05;1689;144;124676;36941;18.2;5.4
64;2021-04-06;3647;1387;128323;38328;18.8;5.6
64;2021-04-07;3947;1508;132270;39836;19.4;5.8
64;2021-04-08;5192;1591;137462;41427;20.1;6.1
64;2021-04-09;5898;1635;143360;43062;21.0;6.3
64;2021-04-10;3222;1048;146582;44110;21.5;6.5
64;2021-04-11;448;250;147030;44360;21.5;6.5
64;2021-04-12;4047;1864;151077;46224;22.1;6.8
64;2021-04-13;4466;2158;155543;48382;22.8;7.1
64;2021-04-14;4088;2134;159631;50516;23.4;7.4
64;2021-04-15;4394;2292;164025;52808;24.0;7.7
64;2021-04-16;4300;2253;168325;55061;24.6;8.1
64;2021-04-17;2479;1497;170804;56558;25.0;8.3
64;2021-04-18;1096;1181;171900;57739;25.2;8.5
64;2021-04-19;2736;2439;174636;60178;25.6;8.8
64;2021-04-20;3208;2425;177844;62603;26.0;9.2
64;2021-04-21;3224;2559;181068;65162;26.5;9.5
64;2021-04-22;3389;2775;184457;67937;27.0;9.9
64;2021-04-23;3433;2612;187890;70549;27.5;10.3
64;2021-04-24;2068;1586;189958;72135;27.8;10.6
64;2021-04-25;290;235;190248;72370;27.8;10.6
64;2021-04-26;2661;2645;192909;75015;28.2;11.0
64;2021-04-27;3060;3127;195969;78142;28.7;11.4
64;2021-04-28;3604;3053;199573;81195;29.2;11.9
64;2021-04-29;4650;3455;204223;84650;29.9;12.4
64;2021-04-30;4085;3599;208308;88249;30.5;12.9
64;2021-05-01;1485;1030;209793;89279;30.7;13.1
64;2021-05-02;446;325;210239;89604;30.8;13.1
64;2021-05-03;2910;3520;213149;93124;31.2;13.6
64;2021-05-04;3646;3982;216795;97106;31.7;14.2
64;2021-05-05;3358;4007;220153;101113;32.2;14.8
64;2021-05-06;4110;3988;224263;105101;32.8;15.4
64;2021-05-07;3922;4186;228185;109287;33.4;16.0
64;2021-05-08;2622;1235;230807;110522;33.8;16.2
64;2021-05-09;722;305;231529;110827;33.9;16.2
64;2021-05-10;2862;4232;234391;115059;34.3;16.8
64;2021-05-11;4183;4140;238574;119199;34.9;17.4
64;2021-05-12;4489;3941;243063;123140;35.6;18.0
64;2021-05-13;3198;885;246261;124025;36.0;18.2
64;2021-05-14;5153;3150;251414;127175;36.8;18.6
64;2021-05-15;3525;1865;254939;129040;37.3;18.9
64;2021-05-16;498;225;255437;129265;37.4;18.9
64;2021-05-17;4190;2389;259627;131654;38.0;19.3
64;2021-05-18;5163;2298;264790;133952;38.8;19.6
64;2021-05-19;4979;2166;269769;136118;39.5;19.9
64;2021-05-20;5567;2158;275336;138276;40.3;20.2
64;2021-05-21;5268;2246;280604;140522;41.1;20.6
64;2021-05-22;3581;1508;284185;142030;41.6;20.8
64;2021-05-23;431;206;284616;142236;41.7;20.8
64;2021-05-24;2996;1232;287612;143468;42.1;21.0
64;2021-05-25;4332;2850;291944;146318;42.7;21.4
64;2021-05-26;4357;2713;296301;149031;43.4;21.8
64;2021-05-27;5283;3155;301584;152186;44.1;22.3
64;2021-05-28;4619;3432;306203;155618;44.8;22.8
64;2021-05-29;2810;2112;309013;157730;45.2;23.1
64;2021-05-30;439;203;309452;157933;45.3;23.1
64;2021-05-31;3889;3659;313341;161592;45.9;23.7
64;2021-06-01;5333;3565;318674;165157;46.6;24.2
64;2021-06-02;4931;3174;323605;168331;47.4;24.6
64;2021-06-03;6365;3254;329970;171585;48.3;25.1
64;2021-06-04;5148;4550;335118;176135;49.1;25.8
64;2021-06-05;3482;2520;338600;178655;49.6;26.2
64;2021-06-06;2014;328;340614;178983;49.9;26.2
64;2021-06-07;4128;4332;344742;183315;50.5;26.8
64;2021-06-08;5151;4118;349893;187433;51.2;27.4
64;2021-06-09;5150;3656;355043;191089;52.0;28.0
64;2021-06-10;6180;3144;361223;194233;52.9;28.4
64;2021-06-11;5584;4874;366807;199107;53.7;29.1
64;2021-06-12;3948;2329;370755;201436;54.3;29.5
64;2021-06-13;1555;392;372310;201828;54.5;29.5
64;2021-06-14;3669;4792;375979;206620;55.0;30.2
64;2021-06-15;4570;4708;380549;211328;55.7;30.9
64;2021-06-16;4470;4664;385019;215992;56.4;31.6
64;2021-06-17;3641;4306;388660;220298;56.9;32.2
64;2021-06-18;4421;5167;393081;225465;57.5;33.0
64;2021-06-19;2984;3279;396065;228744;58.0;33.5
64;2021-06-20;881;539;396946;229283;58.1;33.6
64;2021-06-21;2314;5125;399260;234408;58.4;34.3
64;2021-06-22;2555;5726;401815;240134;58.8;35.2
64;2021-06-23;3104;5480;404919;245614;59.3;36.0
64;2021-06-24;2719;3809;407638;249423;59.7;36.5
64;2021-06-25;2900;6436;410538;255859;60.1;37.5
64;2021-06-26;1798;3835;412336;259694;60.4;38.0
64;2021-06-27;493;713;412829;260407;60.4;38.1
64;2021-06-28;1935;6069;414764;266476;60.7;39.0
64;2021-06-29;1967;6265;416731;272741;61.0;39.9
64;2021-06-30;2255;6000;418986;278741;61.3;40.8
64;2021-07-01;2407;5341;421393;284082;61.7;41.6
64;2021-07-02;2306;6403;423699;290485;62.0;42.5
64;2021-07-03;1263;3782;424962;294267;62.2;43.1
64;2021-07-04;411;847;425373;295114;62.3;43.2
64;2021-07-05;1376;5403;426749;300517;62.5;44.0
64;2021-07-06;1994;6151;428743;306668;62.8;44.9
64;2021-07-07;2063;5751;430806;312419;63.1;45.7
64;2021-07-08;1803;4397;432609;316816;63.3;46.4
64;2021-07-09;1825;6536;434434;323352;63.6;47.3
64;2021-07-10;1171;3880;435605;327232;63.8;47.9
64;2021-07-11;253;860;435858;328092;63.8;48.0
64;2021-07-12;1500;6086;437358;334178;64.0;48.9
64;2021-07-13;2366;7247;439724;341425;64.4;50.0
64;2021-07-14;2368;3405;442092;344830;64.7;50.5
64;2021-07-15;2104;5480;444196;350310;65.0;51.3
64;2021-07-16;2848;6770;447044;357080;65.4;52.3
64;2021-07-17;2338;4585;449382;361665;65.8;52.9
64;2021-07-18;716;2051;450098;363716;65.9;53.2
64;2021-07-19;2348;6121;452446;369837;66.2;54.1
64;2021-07-20;3128;6558;455574;376395;66.7;55.1
64;2021-07-21;3345;6046;458919;382441;67.2;56.0
64;2021-07-22;3809;5716;462728;388157;67.7;56.8
64;2021-07-23;3725;5618;466453;393775;68.3;57.6
64;2021-07-24;2553;4428;469006;398203;68.7;58.3
64;2021-07-25;753;1062;469759;399265;68.8;58.4
64;2021-07-26;3086;5131;472845;404396;69.2;59.2
64;2021-07-27;4261;5144;477106;409540;69.8;59.9
64;2021-07-28;4315;4596;481421;414136;70.5;60.6
64;2021-07-29;5518;3904;486939;418040;71.3;61.2
64;2021-07-30;5147;4227;492086;422267;72.0;61.8
64;2021-07-31;3171;3346;495257;425613;72.5;62.3
64;2021-08-01;1145;589;496402;426202;72.7;62.4
64;2021-08-02;4368;2630;500770;428832;73.3;62.8
64;2021-08-03;4556;3176;505326;432008;74.0;63.2
64;2021-08-04;4132;2999;509458;435007;74.6;63.7
64;2021-08-05;4036;2612;513494;437619;75.2;64.1
64;2021-08-06;3843;3334;517337;440953;75.7;64.5
64;2021-08-07;2481;2701;519818;443654;76.1;64.9
64;2021-08-08;492;609;520310;444263;76.2;65.0
64;2021-08-09;2739;3200;523049;447463;76.6;65.5
64;2021-08-10;3352;3436;526401;450899;77.1;66.0
64;2021-08-11;3067;3264;529468;454163;77.5;66.5
64;2021-08-12;3190;3307;532658;457470;78.0;67.0
64;2021-08-13;2575;3660;535233;461130;78.3;67.5
64;2021-08-14;1632;2683;536865;463813;78.6;67.9
64;2021-08-15;207;691;537072;464504;78.6;68.0
64;2021-08-16;2102;3236;539174;467740;78.9;68.5
64;2021-08-17;2300;3709;541474;471449;79.3;69.0
64;2021-08-18;2044;3520;543518;474969;79.6;69.5
64;2021-08-19;1937;3525;545455;478494;79.8;70.0
64;2021-08-20;1578;3975;547033;482469;80.1;70.6
64;2021-08-21;975;2882;548008;485351;80.2;71.0
64;2021-08-22;160;895;548168;486246;80.2;71.2
64;2021-08-23;1267;3238;549435;489484;80.4;71.6
64;2021-08-24;1376;4596;550811;494080;80.6;72.3
64;2021-08-25;1260;3747;552071;497827;80.8;72.9
64;2021-08-26;1111;3532;553182;501359;81.0;73.4
64;2021-08-27;1188;4229;554370;505588;81.1;74.0
64;2021-08-28;733;2496;555103;508084;81.3;74.4
64;2021-08-29;90;533;555193;508617;81.3;74.4
64;2021-08-30;989;3614;556182;512231;81.4;75.0
64;2021-08-31;990;3973;557172;516204;81.6;75.6
64;2021-09-01;921;3194;558093;519398;81.7;76.0
64;2021-09-02;895;3259;558988;522657;81.8;76.5
64;2021-09-03;872;3202;559860;525859;82.0;77.0
64;2021-09-04;697;2245;560557;528104;82.1;77.3
64;2021-09-05;74;267;560631;528371;82.1;77.3
64;2021-09-06;532;2582;561163;530953;82.1;77.7
64;2021-09-07;710;2337;561873;533290;82.2;78.1
64;2021-09-08;732;2832;562605;536122;82.4;78.5
64;2021-09-09;471;2165;563076;538287;82.4;78.8
64;2021-09-10;743;2473;563819;540760;82.5;79.2
64;2021-09-11;590;2135;564409;542895;82.6;79.5
64;2021-09-12;60;211;564469;543106;82.6;79.5
64;2021-09-13;436;1916;564905;545022;82.7;79.8
64;2021-09-14;487;1927;565392;546949;82.8;80.1
64;2021-09-15;688;1747;566080;548696;82.9;80.3
64;2021-09-16;484;842;566564;549538;82.9;80.4
64;2021-09-17;564;1354;567128;550892;83.0;80.6
64;2021-09-18;331;1257;567459;552149;83.1;80.8
64;2021-09-19;18;42;567477;552191;83.1;80.8
64;2021-09-20;248;480;567725;552671;83.1;80.9
64;2021-09-21;430;951;568155;553622;83.2;81.0
64;2021-09-22;380;1426;568535;555048;83.2;81.2
64;2021-09-23;278;730;568813;555778;83.3;81.4
64;2021-09-24;397;986;569210;556764;83.3;81.5
64;2021-09-25;298;1033;569508;557797;83.4;81.6
64;2021-09-26;0;4;569508;557801;83.4;81.6
64;2021-09-27;233;562;569741;558363;83.4;81.7
64;2021-09-28;261;671;570002;559034;83.4;81.8
65;2020-12-27;0;0;0;0;0.0;0.0
65;2020-12-28;1;0;1;0;0.0;0.0
65;2020-12-29;0;0;1;0;0.0;0.0
65;2020-12-30;0;0;1;0;0.0;0.0
65;2020-12-31;0;0;1;0;0.0;0.0
65;2021-01-01;1;0;2;0;0.0;0.0
65;2021-01-02;0;0;2;0;0.0;0.0
65;2021-01-03;0;0;2;0;0.0;0.0
65;2021-01-04;0;0;2;0;0.0;0.0
65;2021-01-05;1;0;3;0;0.0;0.0
65;2021-01-06;3;0;6;0;0.0;0.0
65;2021-01-07;168;0;174;0;0.1;0.0
65;2021-01-08;253;1;427;1;0.2;0.0
65;2021-01-09;177;1;604;2;0.3;0.0
65;2021-01-10;1;0;605;2;0.3;0.0
65;2021-01-11;275;3;880;5;0.4;0.0
65;2021-01-12;271;1;1151;6;0.5;0.0
65;2021-01-13;587;1;1738;7;0.8;0.0
65;2021-01-14;580;5;2318;12;1.0;0.0
65;2021-01-15;527;2;2845;14;1.3;0.0
65;2021-01-16;221;2;3066;16;1.4;0.0
65;2021-01-17;0;0;3066;16;1.4;0.0
65;2021-01-18;554;4;3620;20;1.6;0.0
65;2021-01-19;571;2;4191;22;1.8;0.0
65;2021-01-20;585;5;4776;27;2.1;0.0
65;2021-01-21;585;0;5361;27;2.4;0.0
65;2021-01-22;598;0;5959;27;2.6;0.0
65;2021-01-23;174;1;6133;28;2.7;0.0
65;2021-01-24;3;1;6136;29;2.7;0.0
65;2021-01-25;551;4;6687;33;2.9;0.0
65;2021-01-26;883;2;7570;35;3.3;0.0
65;2021-01-27;590;10;8160;45;3.6;0.0
65;2021-01-28;509;70;8669;115;3.8;0.1
65;2021-01-29;426;135;9095;250;4.0;0.1
65;2021-01-30;182;42;9277;292;4.1;0.1
65;2021-01-31;15;0;9292;292;4.1;0.1
65;2021-02-01;350;78;9642;370;4.3;0.2
65;2021-02-02;432;146;10074;516;4.4;0.2
65;2021-02-03;463;207;10537;723;4.6;0.3
65;2021-02-04;310;267;10847;990;4.8;0.4
65;2021-02-05;284;310;11131;1300;4.9;0.6
65;2021-02-06;99;72;11230;1372;5.0;0.6
65;2021-02-07;10;0;11240;1372;5.0;0.6
65;2021-02-08;426;184;11666;1556;5.1;0.7
65;2021-02-09;272;308;11938;1864;5.3;0.8
65;2021-02-10;298;202;12236;2066;5.4;0.9
65;2021-02-11;320;226;12556;2292;5.5;1.0
65;2021-02-12;277;175;12833;2467;5.7;1.1
65;2021-02-13;125;78;12958;2545;5.7;1.1
65;2021-02-14;3;15;12961;2560;5.7;1.1
65;2021-02-15;203;314;13164;2874;5.8;1.3
65;2021-02-16;488;449;13652;3323;6.0;1.5
65;2021-02-17;231;405;13883;3728;6.1;1.6
65;2021-02-18;284;467;14167;4195;6.2;1.8
65;2021-02-19;156;365;14323;4560;6.3;2.0
65;2021-02-20;53;140;14376;4700;6.3;2.1
65;2021-02-21;3;48;14379;4748;6.3;2.1
65;2021-02-22;166;436;14545;5184;6.4;2.3
65;2021-02-23;249;426;14794;5610;6.5;2.5
65;2021-02-24;231;536;15025;6146;6.6;2.7
65;2021-02-25;215;157;15240;6303;6.7;2.8
65;2021-02-26;349;636;15589;6939;6.9;3.1
65;2021-02-27;109;166;15698;7105;6.9;3.1
65;2021-02-28;1;0;15699;7105;6.9;3.1
65;2021-03-01;378;316;16077;7421;7.1;3.3
65;2021-03-02;454;281;16531;7702;7.3;3.4
65;2021-03-03;381;334;16912;8036;7.5;3.5
65;2021-03-04;696;286;17608;8322;7.8;3.7
65;2021-03-05;679;261;18287;8583;8.1;3.8
65;2021-03-06;1187;78;19474;8661;8.6;3.8
65;2021-03-07;257;12;19731;8673;8.7;3.8
65;2021-03-08;412;315;20143;8988;8.9;4.0
65;2021-03-09;670;309;20813;9297;9.2;4.1
65;2021-03-10;624;347;21437;9644;9.5;4.3
65;2021-03-11;778;336;22215;9980;9.8;4.4
65;2021-03-12;1060;184;23275;10164;10.3;4.5
65;2021-03-13;354;88;23629;10252;10.4;4.5
65;2021-03-14;3;30;23632;10282;10.4;4.5
65;2021-03-15;816;182;24448;10464;10.8;4.6
65;2021-03-16;693;212;25141;10676;11.1;4.7
65;2021-03-17;712;201;25853;10877;11.4;4.8
65;2021-03-18;537;228;26390;11105;11.6;4.9
65;2021-03-19;878;158;27268;11263;12.0;5.0
65;2021-03-20;245;42;27513;11305;12.1;5.0
65;2021-03-21;12;2;27525;11307;12.1;5.0
65;2021-03-22;734;147;28259;11454;12.5;5.0
65;2021-03-23;838;359;29097;11813;12.8;5.2
65;2021-03-24;868;248;29965;12061;13.2;5.3
65;2021-03-25;1253;188;31218;12249;13.8;5.4
65;2021-03-26;1225;141;32443;12390;14.3;5.5
65;2021-03-27;1357;92;33800;12482;14.9;5.5
65;2021-03-28;1;1;33801;12483;14.9;5.5
65;2021-03-29;1491;358;35292;12841;15.6;5.7
65;2021-03-30;1357;405;36649;13246;16.2;5.8
65;2021-03-31;1208;366;37857;13612;16.7;6.0
65;2021-04-01;1509;393;39366;14005;17.4;6.2
65;2021-04-02;1684;286;41050;14291;18.1;6.3
65;2021-04-03;247;45;41297;14336;18.2;6.3
65;2021-04-04;4;2;41301;14338;18.2;6.3
65;2021-04-05;158;44;41459;14382;18.3;6.3
65;2021-04-06;1294;493;42753;14875;18.8;6.6
65;2021-04-07;1958;456;44711;15331;19.7;6.8
65;2021-04-08;1643;415;46354;15746;20.4;6.9
65;2021-04-09;1642;471;47996;16217;21.2;7.1
65;2021-04-10;1591;150;49587;16367;21.9;7.2
65;2021-04-11;3;0;49590;16367;21.9;7.2
65;2021-04-12;1351;733;50941;17100;22.5;7.5
65;2021-04-13;1584;589;52525;17689;23.2;7.8
65;2021-04-14;1904;744;54429;18433;24.0;8.1
65;2021-04-15;1701;669;56130;19102;24.7;8.4
65;2021-04-16;1824;527;57954;19629;25.5;8.7
65;2021-04-17;2156;131;60110;19760;26.5;8.7
65;2021-04-18;7;27;60117;19787;26.5;8.7
65;2021-04-19;1337;767;61454;20554;27.1;9.1
65;2021-04-20;1530;706;62984;21260;27.8;9.4
65;2021-04-21;1052;1041;64036;22301;28.2;9.8
65;2021-04-22;1646;725;65682;23026;29.0;10.2
65;2021-04-23;1160;1146;66842;24172;29.5;10.7
65;2021-04-24;1265;610;68107;24782;30.0;10.9
65;2021-04-25;31;15;68138;24797;30.0;10.9
65;2021-04-26;1610;1289;69748;26086;30.7;11.5
65;2021-04-27;1423;1336;71171;27422;31.4;12.1
65;2021-04-28;1731;1021;72902;28443;32.1;12.5
65;2021-04-29;1959;1032;74861;29475;33.0;13.0
65;2021-04-30;1782;922;76643;30397;33.8;13.4
65;2021-05-01;1574;230;78217;30627;34.5;13.5
65;2021-05-02;671;25;78888;30652;34.8;13.5
65;2021-05-03;1280;1618;80168;32270;35.3;14.2
65;2021-05-04;1535;1240;81703;33510;36.0;14.8
65;2021-05-05;1374;1640;83077;35150;36.6;15.5
65;2021-05-06;1558;1171;84635;36321;37.3;16.0
65;2021-05-07;1274;1566;85909;37887;37.9;16.7
65;2021-05-08;1647;442;87556;38329;38.6;16.9
65;2021-05-09;0;87;87556;38416;38.6;16.9
65;2021-05-10;954;1883;88510;40299;39.0;17.8
65;2021-05-11;1060;1808;89570;42107;39.5;18.6
65;2021-05-12;1236;1636;90806;43743;40.0;19.3
65;2021-05-13;1345;171;92151;43914;40.6;19.4
65;2021-05-14;1575;1094;93726;45008;41.3;19.8
65;2021-05-15;1401;509;95127;45517;41.9;20.1
65;2021-05-16;1444;69;96571;45586;42.6;20.1
65;2021-05-17;1036;1614;97607;47200;43.0;20.8
65;2021-05-18;1613;1207;99220;48407;43.7;21.3
65;2021-05-19;1684;1010;100904;49417;44.5;21.8
65;2021-05-20;1845;1054;102749;50471;45.3;22.2
65;2021-05-21;1791;1230;104540;51701;46.1;22.8
65;2021-05-22;1287;638;105827;52339;46.7;23.1
65;2021-05-23;689;32;106516;52371;47.0;23.1
65;2021-05-24;703;77;107219;52448;47.3;23.1
65;2021-05-25;1359;1547;108578;53995;47.9;23.8
65;2021-05-26;1471;1352;110049;55347;48.5;24.4
65;2021-05-27;1622;1461;111671;56808;49.2;25.0
65;2021-05-28;1598;1670;113269;58478;49.9;25.8
65;2021-05-29;1188;1515;114457;59993;50.5;26.4
65;2021-05-30;7;10;114464;60003;50.5;26.5
65;2021-05-31;1323;1297;115787;61300;51.0;27.0
65;2021-06-01;1832;937;117619;62237;51.9;27.4
65;2021-06-02;1574;950;119193;63187;52.5;27.9
65;2021-06-03;1343;1105;120536;64292;53.1;28.3
65;2021-06-04;1791;1559;122327;65851;53.9;29.0
65;2021-06-05;432;1240;122759;67091;54.1;29.6
65;2021-06-06;3;13;122762;67104;54.1;29.6
65;2021-06-07;674;1984;123436;69088;54.4;30.5
65;2021-06-08;955;1532;124391;70620;54.8;31.1
65;2021-06-09;827;1546;125218;72166;55.2;31.8
65;2021-06-10;739;1153;125957;73319;55.5;32.3
65;2021-06-11;909;1801;126866;75120;55.9;33.1
65;2021-06-12;150;640;127016;75760;56.0;33.4
65;2021-06-13;5;7;127021;75767;56.0;33.4
65;2021-06-14;501;2421;127522;78188;56.2;34.5
65;2021-06-15;942;1801;128464;79989;56.6;35.3
65;2021-06-16;1063;1365;129527;81354;57.1;35.9
65;2021-06-17;814;1046;130341;82400;57.5;36.3
65;2021-06-18;1019;1633;131360;84033;57.9;37.0
65;2021-06-19;690;1689;132050;85722;58.2;37.8
65;2021-06-20;2;2;132052;85724;58.2;37.8
65;2021-06-21;735;1940;132787;87664;58.5;38.6
65;2021-06-22;1045;1479;133832;89143;59.0;39.3
65;2021-06-23;1063;1234;134895;90377;59.5;39.8
65;2021-06-24;959;1143;135854;91520;59.9;40.3
65;2021-06-25;831;1967;136685;93487;60.3;41.2
65;2021-06-26;168;1658;136853;95145;60.3;41.9
65;2021-06-27;15;1100;136868;96245;60.3;42.4
65;2021-06-28;444;2301;137312;98546;60.5;43.4
65;2021-06-29;683;1920;137995;100466;60.8;44.3
65;2021-06-30;933;1678;138928;102144;61.2;45.0
65;2021-07-01;605;750;139533;102894;61.5;45.4
65;2021-07-02;1166;1732;140699;104626;62.0;46.1
65;2021-07-03;197;1915;140896;106541;62.1;47.0
65;2021-07-04;416;186;141312;106727;62.3;47.0
65;2021-07-05;641;1992;141953;108719;62.6;47.9
65;2021-07-06;897;2127;142850;110846;63.0;48.9
65;2021-07-07;976;1516;143826;112362;63.4;49.5
65;2021-07-08;326;663;144152;113025;63.5;49.8
65;2021-07-09;550;1592;144702;114617;63.8;50.5
65;2021-07-10;303;956;145005;115573;63.9;50.9
65;2021-07-11;0;0;145005;115573;63.9;50.9
65;2021-07-12;480;2220;145485;117793;64.1;51.9
65;2021-07-13;700;2148;146185;119941;64.4;52.9
65;2021-07-14;214;52;146399;119993;64.5;52.9
65;2021-07-15;1095;1662;147494;121655;65.0;53.6
65;2021-07-16;1186;1885;148680;123540;65.5;54.5
65;2021-07-17;431;541;149111;124081;65.7;54.7
65;2021-07-18;22;11;149133;124092;65.7;54.7
65;2021-07-19;635;1494;149768;125586;66.0;55.4
65;2021-07-20;1446;1703;151214;127289;66.7;56.1
65;2021-07-21;1419;1662;152633;128951;67.3;56.8
65;2021-07-22;2197;1288;154830;130239;68.3;57.4
65;2021-07-23;1623;1789;156453;132028;69.0;58.2
65;2021-07-24;1042;649;157495;132677;69.4;58.5
65;2021-07-25;24;21;157519;132698;69.4;58.5
65;2021-07-26;1142;1246;158661;133944;69.9;59.0
65;2021-07-27;1792;1954;160453;135898;70.7;59.9
65;2021-07-28;1603;1321;162056;137219;71.4;60.5
65;2021-07-29;2897;1136;164953;138355;72.7;61.0
65;2021-07-30;2449;1398;167402;139753;73.8;61.6
65;2021-07-31;2305;355;169707;140108;74.8;61.8
65;2021-08-01;14;16;169721;140124;74.8;61.8
65;2021-08-02;994;835;170715;140959;75.3;62.1
65;2021-08-03;2103;1070;172818;142029;76.2;62.6
65;2021-08-04;1802;641;174620;142670;77.0;62.9
65;2021-08-05;1820;833;176440;143503;77.8;63.3
65;2021-08-06;1666;971;178106;144474;78.5;63.7
65;2021-08-07;730;487;178836;144961;78.8;63.9
65;2021-08-08;2;9;178838;144970;78.8;63.9
65;2021-08-09;705;944;179543;145914;79.1;64.3
65;2021-08-10;1194;1544;180737;147458;79.7;65.0
65;2021-08-11;731;1264;181468;148722;80.0;65.6
65;2021-08-12;776;1084;182244;149806;80.3;66.0
65;2021-08-13;427;1010;182671;150816;80.5;66.5
65;2021-08-14;602;567;183273;151383;80.8;66.7
65;2021-08-15;8;19;183281;151402;80.8;66.7
65;2021-08-16;403;1536;183684;152938;81.0;67.4
65;2021-08-17;739;2177;184423;155115;81.3;68.4
65;2021-08-18;604;1545;185027;156660;81.6;69.1
65;2021-08-19;731;1316;185758;157976;81.9;69.6
65;2021-08-20;459;1336;186217;159312;82.1;70.2
65;2021-08-21;43;105;186260;159417;82.1;70.3
65;2021-08-22;11;13;186271;159430;82.1;70.3
65;2021-08-23;273;1681;186544;161111;82.2;71.0
65;2021-08-24;549;2445;187093;163556;82.5;72.1
65;2021-08-25;417;1959;187510;165515;82.7;73.0
65;2021-08-26;463;2307;187973;167822;82.9;74.0
65;2021-08-27;447;1946;188420;169768;83.1;74.8
65;2021-08-28;163;195;188583;169963;83.1;74.9
65;2021-08-29;9;18;188592;169981;83.1;74.9
65;2021-08-30;259;1056;188851;171037;83.3;75.4
65;2021-08-31;468;1588;189319;172625;83.5;76.1
65;2021-09-01;458;1161;189777;173786;83.7;76.6
65;2021-09-02;370;1009;190147;174795;83.8;77.1
65;2021-09-03;451;1245;190598;176040;84.0;77.6
65;2021-09-04;166;909;190764;176949;84.1;78.0
65;2021-09-05;17;35;190781;176984;84.1;78.0
65;2021-09-06;277;794;191058;177778;84.2;78.4
65;2021-09-07;320;1194;191378;178972;84.4;78.9
65;2021-09-08;344;1038;191722;180010;84.5;79.4
65;2021-09-09;249;784;191971;180794;84.6;79.7
65;2021-09-10;379;925;192350;181719;84.8;80.1
65;2021-09-11;54;167;192404;181886;84.8;80.2
65;2021-09-12;1;2;192405;181888;84.8;80.2
65;2021-09-13;201;490;192606;182378;84.9;80.4
65;2021-09-14;187;593;192793;182971;85.0;80.7
65;2021-09-15;249;638;193042;183609;85.1;80.9
65;2021-09-16;139;213;193181;183822;85.2;81.0
65;2021-09-17;275;524;193456;184346;85.3;81.3
65;2021-09-18;98;268;193554;184614;85.3;81.4
65;2021-09-19;2;13;193556;184627;85.3;81.4
65;2021-09-20;109;234;193665;184861;85.4;81.5
65;2021-09-21;110;257;193775;185118;85.4;81.6
65;2021-09-22;153;679;193928;185797;85.5;81.9
65;2021-09-23;66;158;193994;185955;85.5;82.0
65;2021-09-24;170;556;194164;186511;85.6;82.2
65;2021-09-25;73;218;194237;186729;85.6;82.3
65;2021-09-26;3;0;194240;186729;85.6;82.3
65;2021-09-27;62;263;194302;186992;85.7;82.4
65;2021-09-28;83;280;194385;187272;85.7;82.6
66;2020-12-27;0;0;0;0;0.0;0.0
66;2020-12-28;2;0;2;0;0.0;0.0
66;2020-12-29;0;0;2;0;0.0;0.0
66;2020-12-30;0;0;2;0;0.0;0.0
66;2020-12-31;1;0;3;0;0.0;0.0
66;2021-01-01;3;0;6;0;0.0;0.0
66;2021-01-02;0;0;6;0;0.0;0.0
66;2021-01-03;0;0;6;0;0.0;0.0
66;2021-01-04;30;0;36;0;0.0;0.0
66;2021-01-05;135;0;171;0;0.0;0.0
66;2021-01-06;194;0;365;0;0.1;0.0
66;2021-01-07;182;0;547;0;0.1;0.0
66;2021-01-08;212;0;759;0;0.2;0.0
66;2021-01-09;233;0;992;0;0.2;0.0
66;2021-01-10;11;0;1003;0;0.2;0.0
66;2021-01-11;404;2;1407;2;0.3;0.0
66;2021-01-12;588;2;1995;4;0.4;0.0
66;2021-01-13;877;7;2872;11;0.6;0.0
66;2021-01-14;892;11;3764;22;0.8;0.0
66;2021-01-15;588;1;4352;23;0.9;0.0
66;2021-01-16;106;3;4458;26;0.9;0.0
66;2021-01-17;46;1;4504;27;0.9;0.0
66;2021-01-18;654;3;5158;30;1.1;0.0
66;2021-01-19;719;3;5877;33;1.2;0.0
66;2021-01-20;1169;3;7046;36;1.5;0.0
66;2021-01-21;2401;5;9447;41;2.0;0.0
66;2021-01-22;1438;6;10885;47;2.3;0.0
66;2021-01-23;399;4;11284;51;2.4;0.0
66;2021-01-24;225;9;11509;60;2.4;0.0
66;2021-01-25;739;31;12248;91;2.6;0.0
66;2021-01-26;787;56;13035;147;2.7;0.0
66;2021-01-27;867;75;13902;222;2.9;0.0
66;2021-01-28;878;116;14780;338;3.1;0.1
66;2021-01-29;819;110;15599;448;3.3;0.1
66;2021-01-30;481;50;16080;498;3.4;0.1
66;2021-01-31;202;17;16282;515;3.4;0.1
66;2021-02-01;562;151;16844;666;3.5;0.1
66;2021-02-02;621;266;17465;932;3.6;0.2
66;2021-02-03;734;545;18199;1477;3.8;0.3
66;2021-02-04;688;508;18887;1985;3.9;0.4
66;2021-02-05;778;369;19665;2354;4.1;0.5
66;2021-02-06;420;129;20085;2483;4.2;0.5
66;2021-02-07;169;123;20254;2606;4.2;0.5
66;2021-02-08;502;296;20756;2902;4.3;0.6
66;2021-02-09;533;295;21289;3197;4.4;0.7
66;2021-02-10;619;614;21908;3811;4.6;0.8
66;2021-02-11;1104;1384;23012;5195;4.8;1.1
66;2021-02-12;1122;1061;24134;6256;5.0;1.3
66;2021-02-13;366;221;24500;6477;5.1;1.4
66;2021-02-14;111;154;24611;6631;5.1;1.4
66;2021-02-15;425;519;25036;7150;5.2;1.5
66;2021-02-16;304;579;25340;7729;5.3;1.6
66;2021-02-17;378;558;25718;8287;5.4;1.7
66;2021-02-18;366;620;26084;8907;5.4;1.9
66;2021-02-19;400;574;26484;9481;5.5;2.0
66;2021-02-20;184;317;26668;9798;5.6;2.0
66;2021-02-21;41;123;26709;9921;5.6;2.1
66;2021-02-22;415;479;27124;10400;5.7;2.2
66;2021-02-23;509;501;27633;10901;5.8;2.3
66;2021-02-24;347;575;27980;11476;5.8;2.4
66;2021-02-25;717;537;28697;12013;6.0;2.5
66;2021-02-26;953;599;29650;12612;6.2;2.6
66;2021-02-27;363;321;30013;12933;6.3;2.7
66;2021-02-28;59;105;30072;13038;6.3;2.7
66;2021-03-01;378;512;30450;13550;6.4;2.8
66;2021-03-02;335;537;30785;14087;6.4;2.9
66;2021-03-03;530;515;31315;14602;6.5;3.0
66;2021-03-04;991;913;32306;15515;6.7;3.2
66;2021-03-05;1527;697;33833;16212;7.1;3.4
66;2021-03-06;1146;303;34979;16515;7.3;3.4
66;2021-03-07;1098;77;36077;16592;7.5;3.5
66;2021-03-08;696;471;36773;17063;7.7;3.6
66;2021-03-09;1228;526;38001;17589;7.9;3.7
66;2021-03-10;1302;445;39303;18034;8.2;3.8
66;2021-03-11;1474;539;40777;18573;8.5;3.9
66;2021-03-12;2396;543;43173;19116;9.0;4.0
66;2021-03-13;1081;287;44254;19403;9.2;4.1
66;2021-03-14;192;78;44446;19481;9.3;4.1
66;2021-03-15;1109;383;45555;19864;9.5;4.1
66;2021-03-16;953;253;46508;20117;9.7;4.2
66;2021-03-17;866;383;47374;20500;9.9;4.3
66;2021-03-18;969;338;48343;20838;10.1;4.4
66;2021-03-19;1293;314;49636;21152;10.4;4.4
66;2021-03-20;837;121;50473;21273;10.5;4.4
66;2021-03-21;186;43;50659;21316;10.6;4.5
66;2021-03-22;1115;379;51774;21695;10.8;4.5
66;2021-03-23;1757;389;53531;22084;11.2;4.6
66;2021-03-24;1796;510;55327;22594;11.6;4.7
66;2021-03-25;2537;461;57864;23055;12.1;4.8
66;2021-03-26;2577;363;60441;23418;12.6;4.9
66;2021-03-27;1211;292;61652;23710;12.9;4.9
66;2021-03-28;321;3;61973;23713;12.9;5.0
66;2021-03-29;1831;251;63804;23964;13.3;5.0
66;2021-03-30;2241;172;66045;24136;13.8;5.0
66;2021-03-31;1987;249;68032;24385;14.2;5.1
66;2021-04-01;2674;301;70706;24686;14.8;5.2
66;2021-04-02;2421;257;73127;24943;15.3;5.2
66;2021-04-03;1148;331;74275;25274;15.5;5.3
66;2021-04-04;107;124;74382;25398;15.5;5.3
66;2021-04-05;197;140;74579;25538;15.6;5.3
66;2021-04-06;1334;647;75913;26185;15.8;5.5
66;2021-04-07;1399;597;77312;26782;16.1;5.6
66;2021-04-08;2070;548;79382;27330;16.6;5.7
66;2021-04-09;3507;662;82889;27992;17.3;5.8
66;2021-04-10;2308;524;85197;28516;17.8;6.0
66;2021-04-11;1201;168;86398;28684;18.0;6.0
66;2021-04-12;2703;1021;89101;29705;18.6;6.2
66;2021-04-13;3609;1055;92710;30760;19.4;6.4
66;2021-04-14;3292;921;96002;31681;20.0;6.6
66;2021-04-15;3557;1048;99559;32729;20.8;6.8
66;2021-04-16;3592;1033;103151;33762;21.5;7.0
66;2021-04-17;2263;592;105414;34354;22.0;7.2
66;2021-04-18;1445;132;106859;34486;22.3;7.2
66;2021-04-19;2256;1120;109115;35606;22.8;7.4
66;2021-04-20;2373;1075;111488;36681;23.3;7.7
66;2021-04-21;2871;1175;114359;37856;23.9;7.9
66;2021-04-22;2662;1232;117021;39088;24.4;8.2
66;2021-04-23;2380;1234;119401;40322;24.9;8.4
66;2021-04-24;2743;882;122144;41204;25.5;8.6
66;2021-04-25;1206;266;123350;41470;25.8;8.7
66;2021-04-26;1998;1251;125348;42721;26.2;8.9
66;2021-04-27;2748;1302;128096;44023;26.7;9.2
66;2021-04-28;2420;1654;130516;45677;27.2;9.5
66;2021-04-29;2704;2126;133220;47803;27.8;10.0
66;2021-04-30;3053;1551;136273;49354;28.4;10.3
66;2021-05-01;2000;470;138273;49824;28.9;10.4
66;2021-05-02;1529;264;139802;50088;29.2;10.5
66;2021-05-03;2940;1109;142742;51197;29.8;10.7
66;2021-05-04;3169;1339;145911;52536;30.5;11.0
66;2021-05-05;3055;1548;148966;54084;31.1;11.3
66;2021-05-06;3755;2084;152721;56168;31.9;11.7
66;2021-05-07;2968;3064;155689;59232;32.5;12.4
66;2021-05-08;1730;1169;157419;60401;32.9;12.6
66;2021-05-09;886;1369;158305;61770;33.0;12.9
66;2021-05-10;1802;2967;160107;64737;33.4;13.5
66;2021-05-11;2741;3125;162848;67862;34.0;14.2
66;2021-05-12;2432;2569;165280;70431;34.5;14.7
66;2021-05-13;2259;1386;167539;71817;35.0;15.0
66;2021-05-14;2770;2118;170309;73935;35.6;15.4
66;2021-05-15;2326;1574;172635;75509;36.0;15.8
66;2021-05-16;2286;1246;174921;76755;36.5;16.0
66;2021-05-17;2051;1826;176972;78581;36.9;16.4
66;2021-05-18;3237;1808;180209;80389;37.6;16.8
66;2021-05-19;2876;1341;183085;81730;38.2;17.1
66;2021-05-20;4372;1444;187457;83174;39.1;17.4
66;2021-05-21;3267;1463;190724;84637;39.8;17.7
66;2021-05-22;3065;779;193789;85416;40.5;17.8
66;2021-05-23;1509;236;195298;85652;40.8;17.9
66;2021-05-24;1953;427;197251;86079;41.2;18.0
66;2021-05-25;2796;1688;200047;87767;41.8;18.3
66;2021-05-26;2779;1491;202826;89258;42.3;18.6
66;2021-05-27;3384;2247;206210;91505;43.1;19.1
66;2021-05-28;2683;3034;208893;94539;43.6;19.7
66;2021-05-29;2145;1518;211038;96057;44.1;20.1
66;2021-05-30;786;988;211824;97045;44.2;20.3
66;2021-05-31;2124;1771;213948;98816;44.7;20.6
66;2021-06-01;2636;2002;216584;100818;45.2;21.0
66;2021-06-02;2806;2334;219390;103152;45.8;21.5
66;2021-06-03;2488;2957;221878;106109;46.3;22.2
66;2021-06-04;1959;3351;223837;109460;46.7;22.9
66;2021-06-05;1409;2599;225246;112059;47.0;23.4
66;2021-06-06;294;1228;225540;113287;47.1;23.7
66;2021-06-07;1335;2955;226875;116242;47.4;24.3
66;2021-06-08;1736;3019;228611;119261;47.7;24.9
66;2021-06-09;2066;2787;230677;122048;48.2;25.5
66;2021-06-10;2086;2962;232763;125010;48.6;26.1
66;2021-06-11;2098;3856;234861;128866;49.0;26.9
66;2021-06-12;871;2411;235732;131277;49.2;27.4
66;2021-06-13;516;1333;236248;132610;49.3;27.7
66;2021-06-14;1361;3495;237609;136105;49.6;28.4
66;2021-06-15;2131;3572;239740;139677;50.1;29.2
66;2021-06-16;1792;3568;241532;143245;50.4;29.9
66;2021-06-17;2441;3604;243973;146849;50.9;30.7
66;2021-06-18;2225;3822;246198;150671;51.4;31.5
66;2021-06-19;1542;2319;247740;152990;51.7;31.9
66;2021-06-20;998;1267;248738;154257;51.9;32.2
66;2021-06-21;1163;2879;249901;157136;52.2;32.8
66;2021-06-22;1510;3761;251411;160897;52.5;33.6
66;2021-06-23;1325;3027;252736;163924;52.8;34.2
66;2021-06-24;1527;3226;254263;167150;53.1;34.9
66;2021-06-25;1404;3533;255667;170683;53.4;35.6
66;2021-06-26;962;2680;256629;173363;53.6;36.2
66;2021-06-27;677;1557;257306;174920;53.7;36.5
66;2021-06-28;980;2975;258286;177895;53.9;37.1
66;2021-06-29;1148;3797;259434;181692;54.2;37.9
66;2021-06-30;1278;3306;260712;184998;54.4;38.6
66;2021-07-01;1453;4047;262165;189045;54.7;39.5
66;2021-07-02;1349;3599;263514;192644;55.0;40.2
66;2021-07-03;1152;3898;264666;196542;55.3;41.0
66;2021-07-04;715;1789;265381;198331;55.4;41.4
66;2021-07-05;1293;3005;266674;201336;55.7;42.0
66;2021-07-06;1458;3785;268132;205121;56.0;42.8
66;2021-07-07;1430;3247;269562;208368;56.3;43.5
66;2021-07-08;1388;3384;270950;211752;56.6;44.2
66;2021-07-09;1450;3464;272400;215216;56.9;44.9
66;2021-07-10;1004;2403;273404;217619;57.1;45.4
66;2021-07-11;540;1540;273944;219159;57.2;45.8
66;2021-07-12;1021;3644;274965;222803;57.4;46.5
66;2021-07-13;2223;4260;277188;227063;57.9;47.4
66;2021-07-14;1953;1243;279141;228306;58.3;47.7
66;2021-07-15;2801;3109;281942;231415;58.9;48.3
66;2021-07-16;3410;3211;285352;234626;59.6;49.0
66;2021-07-17;2123;2033;287475;236659;60.0;49.4
66;2021-07-18;1197;1062;288672;237721;60.3;49.6
66;2021-07-19;2793;3083;291465;240804;60.8;50.3
66;2021-07-20;3654;2883;295119;243687;61.6;50.9
66;2021-07-21;3962;2953;299081;246640;62.4;51.5
66;2021-07-22;3914;2820;302995;249460;63.3;52.1
66;2021-07-23;3913;3029;306908;252489;64.1;52.7
66;2021-07-24;2584;1923;309492;254412;64.6;53.1
66;2021-07-25;2020;1240;311512;255652;65.0;53.4
66;2021-07-26;2865;2627;314377;258279;65.6;53.9
66;2021-07-27;3229;2888;317606;261167;66.3;54.5
66;2021-07-28;3354;2580;320960;263747;67.0;55.1
66;2021-07-29;3864;2536;324824;266283;67.8;55.6
66;2021-07-30;4233;2472;329057;268755;68.7;56.1
66;2021-07-31;2231;1717;331288;270472;69.2;56.5
66;2021-08-01;1820;900;333108;271372;69.5;56.7
66;2021-08-02;2390;1919;335498;273291;70.0;57.1
66;2021-08-03;2624;2071;338122;275362;70.6;57.5
66;2021-08-04;2644;1994;340766;277356;71.1;57.9
66;2021-08-05;2443;2438;343209;279794;71.7;58.4
66;2021-08-06;2339;2647;345548;282441;72.1;59.0
66;2021-08-07;1506;2098;347054;284539;72.5;59.4
66;2021-08-08;613;1456;347667;285995;72.6;59.7
66;2021-08-09;1357;2801;349024;288796;72.9;60.3
66;2021-08-10;1648;3074;350672;291870;73.2;60.9
66;2021-08-11;1629;3021;352301;294891;73.5;61.6
66;2021-08-12;1678;2991;353979;297882;73.9;62.2
66;2021-08-13;1471;2982;355450;300864;74.2;62.8
66;2021-08-14;658;2508;356108;303372;74.3;63.3
66;2021-08-15;136;1629;356244;305001;74.4;63.7
66;2021-08-16;1277;2594;357521;307595;74.6;64.2
66;2021-08-17;1495;2979;359016;310574;75.0;64.8
66;2021-08-18;1348;3072;360364;313646;75.2;65.5
66;2021-08-19;1113;2925;361477;316571;75.5;66.1
66;2021-08-20;1001;3322;362478;319893;75.7;66.8
66;2021-08-21;593;2013;363071;321906;75.8;67.2
66;2021-08-22;233;1352;363304;323258;75.8;67.5
66;2021-08-23;1149;2764;364453;326022;76.1;68.1
66;2021-08-24;1053;2947;365506;328969;76.3;68.7
66;2021-08-25;914;2301;366420;331270;76.5;69.2
66;2021-08-26;958;2185;367378;333455;76.7;69.6
66;2021-08-27;914;2366;368292;335821;76.9;70.1
66;2021-08-28;514;1136;368806;336957;77.0;70.3
66;2021-08-29;244;333;369050;337290;77.0;70.4
66;2021-08-30;837;2593;369887;339883;77.2;71.0
66;2021-08-31;835;2726;370722;342609;77.4;71.5
66;2021-09-01;725;2162;371447;344771;77.5;72.0
66;2021-09-02;666;1768;372113;346539;77.7;72.3
66;2021-09-03;708;2042;372821;348581;77.8;72.8
66;2021-09-04;721;1748;373542;350329;78.0;73.1
66;2021-09-05;203;311;373745;350640;78.0;73.2
66;2021-09-06;427;1877;374172;352517;78.1;73.6
66;2021-09-07;375;1636;374547;354153;78.2;73.9
66;2021-09-08;549;1765;375096;355918;78.3;74.3
66;2021-09-09;462;1594;375558;357512;78.4;74.6
66;2021-09-10;490;1530;376048;359042;78.5;75.0
66;2021-09-11;513;1307;376561;360349;78.6;75.2
66;2021-09-12;94;178;376655;360527;78.6;75.3
66;2021-09-13;338;1693;376993;362220;78.7;75.6
66;2021-09-14;384;1459;377377;363679;78.8;75.9
66;2021-09-15;470;953;377847;364632;78.9;76.1
66;2021-09-16;380;795;378227;365427;79.0;76.3
66;2021-09-17;325;770;378552;366197;79.0;76.5
66;2021-09-18;355;1097;378907;367294;79.1;76.7
66;2021-09-19;77;240;378984;367534;79.1;76.7
66;2021-09-20;288;672;379272;368206;79.2;76.9
66;2021-09-21;306;585;379578;368791;79.2;77.0
66;2021-09-22;316;792;379894;369583;79.3;77.2
66;2021-09-23;236;509;380130;370092;79.4;77.3
66;2021-09-24;360;771;380490;370863;79.4;77.4
66;2021-09-25;215;940;380705;371803;79.5;77.6
66;2021-09-26;63;213;380768;372016;79.5;77.7
66;2021-09-27;186;498;380954;372514;79.5;77.8
66;2021-09-28;243;542;381197;373056;79.6;77.9
67;2020-12-27;10;0;10;0;0.0;0.0
67;2020-12-28;4;0;14;0;0.0;0.0
67;2020-12-29;2;0;16;0;0.0;0.0
67;2020-12-30;0;0;16;0;0.0;0.0
67;2020-12-31;0;0;16;0;0.0;0.0
67;2021-01-01;6;0;22;0;0.0;0.0
67;2021-01-02;1;0;23;0;0.0;0.0
67;2021-01-03;1;0;24;0;0.0;0.0
67;2021-01-04;41;0;65;0;0.0;0.0
67;2021-01-05;167;0;232;0;0.0;0.0
67;2021-01-06;121;0;353;0;0.0;0.0
67;2021-01-07;235;1;588;1;0.1;0.0
67;2021-01-08;235;1;823;2;0.1;0.0
67;2021-01-09;113;1;936;3;0.1;0.0
67;2021-01-10;67;0;1003;3;0.1;0.0
67;2021-01-11;184;1;1187;4;0.1;0.0
67;2021-01-12;511;1;1698;5;0.1;0.0
67;2021-01-13;660;2;2358;7;0.2;0.0
67;2021-01-14;1091;7;3449;14;0.3;0.0
67;2021-01-15;941;6;4390;20;0.4;0.0
67;2021-01-16;199;3;4589;23;0.4;0.0
67;2021-01-17;101;0;4690;23;0.4;0.0
67;2021-01-18;901;3;5591;26;0.5;0.0
67;2021-01-19;1423;5;7014;31;0.6;0.0
67;2021-01-20;1854;12;8868;43;0.8;0.0
67;2021-01-21;2216;10;11084;53;1.0;0.0
67;2021-01-22;1991;7;13075;60;1.2;0.0
67;2021-01-23;814;5;13889;65;1.2;0.0
67;2021-01-24;380;1;14269;66;1.3;0.0
67;2021-01-25;526;29;14795;95;1.3;0.0
67;2021-01-26;160;101;14955;196;1.3;0.0
67;2021-01-27;1398;79;16353;275;1.4;0.0
67;2021-01-28;3057;205;19410;480;1.7;0.0
67;2021-01-29;2032;139;21442;619;1.9;0.1
67;2021-01-30;1098;66;22540;685;2.0;0.1
67;2021-01-31;1163;24;23703;709;2.1;0.1
67;2021-02-01;3396;235;27099;944;2.4;0.1
67;2021-02-02;2693;390;29792;1334;2.6;0.1
67;2021-02-03;1577;371;31369;1705;2.8;0.2
67;2021-02-04;1194;713;32563;2418;2.9;0.2
67;2021-02-05;1195;588;33758;3006;3.0;0.3
67;2021-02-06;799;122;34557;3128;3.1;0.3
67;2021-02-07;292;37;34849;3165;3.1;0.3
67;2021-02-08;839;383;35688;3548;3.2;0.3
67;2021-02-09;960;652;36648;4200;3.2;0.4
67;2021-02-10;934;699;37582;4899;3.3;0.4
67;2021-02-11;1151;1057;38733;5956;3.4;0.5
67;2021-02-12;1245;670;39978;6626;3.5;0.6
67;2021-02-13;767;240;40745;6866;3.6;0.6
67;2021-02-14;244;91;40989;6957;3.6;0.6
67;2021-02-15;781;655;41770;7612;3.7;0.7
67;2021-02-16;931;865;42701;8477;3.8;0.7
67;2021-02-17;785;936;43486;9413;3.8;0.8
67;2021-02-18;1401;2331;44887;11744;4.0;1.0
67;2021-02-19;1376;1789;46263;13533;4.1;1.2
67;2021-02-20;634;747;46897;14280;4.1;1.3
67;2021-02-21;209;1074;47106;15354;4.2;1.4
67;2021-02-22;1401;1958;48507;17312;4.3;1.5
67;2021-02-23;1461;1308;49968;18620;4.4;1.6
67;2021-02-24;1439;894;51407;19514;4.5;1.7
67;2021-02-25;1618;1208;53025;20722;4.7;1.8
67;2021-02-26;2228;1162;55253;21884;4.9;1.9
67;2021-02-27;1257;620;56510;22504;5.0;2.0
67;2021-02-28;147;261;56657;22765;5.0;2.0
67;2021-03-01;640;843;57297;23608;5.1;2.1
67;2021-03-02;895;1039;58192;24647;5.1;2.2
67;2021-03-03;1409;1110;59601;25757;5.3;2.3
67;2021-03-04;1961;931;61562;26688;5.4;2.4
67;2021-03-05;3258;998;64820;27686;5.7;2.4
67;2021-03-06;2337;679;67157;28365;5.9;2.5
67;2021-03-07;468;239;67625;28604;6.0;2.5
67;2021-03-08;1188;719;68813;29323;6.1;2.6
67;2021-03-09;2226;821;71039;30144;6.3;2.7
67;2021-03-10;2455;1095;73494;31239;6.5;2.8
67;2021-03-11;3208;1296;76702;32535;6.8;2.9
67;2021-03-12;5260;1309;81962;33844;7.2;3.0
67;2021-03-13;3998;861;85960;34705;7.6;3.1
67;2021-03-14;483;369;86443;35074;7.6;3.1
67;2021-03-15;2190;1122;88633;36196;7.8;3.2
67;2021-03-16;1552;1199;90185;37395;8.0;3.3
67;2021-03-17;2071;893;92256;38288;8.1;3.4
67;2021-03-18;2389;719;94645;39007;8.4;3.4
67;2021-03-19;3672;739;98317;39746;8.7;3.5
67;2021-03-20;3063;503;101380;40249;9.0;3.6
67;2021-03-21;336;17;101716;40266;9.0;3.6
67;2021-03-22;2332;756;104048;41022;9.2;3.6
67;2021-03-23;3401;767;107449;41789;9.5;3.7
67;2021-03-24;3909;795;111358;42584;9.8;3.8
67;2021-03-25;5315;535;116673;43119;10.3;3.8
67;2021-03-26;6869;465;123542;43584;10.9;3.8
67;2021-03-27;3926;344;127468;43928;11.3;3.9
67;2021-03-28;579;98;128047;44026;11.3;3.9
67;2021-03-29;3823;423;131870;44449;11.6;3.9
67;2021-03-30;4848;664;136718;45113;12.1;4.0
67;2021-03-31;4847;691;141565;45804;12.5;4.0
67;2021-04-01;5146;923;146711;46727;13.0;4.1
67;2021-04-02;1008;171;147719;46898;13.0;4.1
67;2021-04-03;1689;282;149408;47180;13.2;4.2
67;2021-04-04;328;5;149736;47185;13.2;4.2
67;2021-04-05;371;5;150107;47190;13.3;4.2
67;2021-04-06;3484;1176;153591;48366;13.6;4.3
67;2021-04-07;4533;1281;158124;49647;14.0;4.4
67;2021-04-08;5663;1405;163787;51052;14.5;4.5
67;2021-04-09;7109;1345;170896;52397;15.1;4.6
67;2021-04-10;4332;886;175228;53283;15.5;4.7
67;2021-04-11;856;425;176084;53708;15.5;4.7
67;2021-04-12;3886;1401;179970;55109;15.9;4.9
67;2021-04-13;4890;1574;184860;56683;16.3;5.0
67;2021-04-14;5296;1898;190156;58581;16.8;5.2
67;2021-04-15;6082;2107;196238;60688;17.3;5.4
67;2021-04-16;7833;2419;204071;63107;18.0;5.6
67;2021-04-17;4009;1575;208080;64682;18.4;5.7
67;2021-04-18;1111;644;209191;65326;18.5;5.8
67;2021-04-19;3630;2139;212821;67465;18.8;6.0
67;2021-04-20;4257;1919;217078;69384;19.2;6.1
67;2021-04-21;4071;2514;221149;71898;19.5;6.3
67;2021-04-22;4478;2917;225627;74815;19.9;6.6
67;2021-04-23;5253;3002;230880;77817;20.4;6.9
67;2021-04-24;3101;2021;233981;79838;20.7;7.0
67;2021-04-25;1027;449;235008;80287;20.7;7.1
67;2021-04-26;3191;2614;238199;82901;21.0;7.3
67;2021-04-27;4024;2903;242223;85804;21.4;7.6
67;2021-04-28;4252;3407;246475;89211;21.8;7.9
67;2021-04-29;5125;3490;251600;92701;22.2;8.2
67;2021-04-30;7182;2458;258782;95159;22.8;8.4
67;2021-05-01;2685;780;261467;95939;23.1;8.5
67;2021-05-02;2181;677;263648;96616;23.3;8.5
67;2021-05-03;5561;2613;269209;99229;23.8;8.8
67;2021-05-04;5852;3601;275061;102830;24.3;9.1
67;2021-05-05;5219;4189;280280;107019;24.7;9.4
67;2021-05-06;6714;4918;286994;111937;25.3;9.9
67;2021-05-07;6434;6897;293428;118834;25.9;10.5
67;2021-05-08;3575;1018;297003;119852;26.2;10.6
67;2021-05-09;3366;591;300369;120443;26.5;10.6
67;2021-05-10;4698;4525;305067;124968;26.9;11.0
67;2021-05-11;5647;4908;310714;129876;27.4;11.5
67;2021-05-12;6596;4832;317310;134708;28.0;11.9
67;2021-05-13;7309;1668;324619;136376;28.7;12.0
67;2021-05-14;8878;5353;333497;141729;29.4;12.5
67;2021-05-15;8198;3655;341695;145384;30.2;12.8
67;2021-05-16;6176;969;347871;146353;30.7;12.9
67;2021-05-17;5689;3878;353560;150231;31.2;13.3
67;2021-05-18;6894;3975;360454;154206;31.8;13.6
67;2021-05-19;7376;4165;367830;158371;32.5;14.0
67;2021-05-20;8681;4229;376511;162600;33.2;14.4
67;2021-05-21;8156;5848;384667;168448;34.0;14.9
67;2021-05-22;5933;3416;390600;171864;34.5;15.2
67;2021-05-23;2656;593;393256;172457;34.7;15.2
67;2021-05-24;4414;863;397670;173320;35.1;15.3
67;2021-05-25;5412;4766;403082;178086;35.6;15.7
67;2021-05-26;6063;4868;409145;182954;36.1;16.2
67;2021-05-27;7310;4886;416455;187840;36.8;16.6
67;2021-05-28;7964;6487;424419;194327;37.5;17.2
67;2021-05-29;6646;3860;431065;198187;38.1;17.5
67;2021-05-30;1147;809;432212;198996;38.2;17.6
67;2021-05-31;6405;4054;438617;203050;38.7;17.9
67;2021-06-01;7326;4393;445943;207443;39.4;18.3
67;2021-06-02;8066;4174;454009;211617;40.1;18.7
67;2021-06-03;8841;4858;462850;216475;40.9;19.1
67;2021-06-04;8594;6119;471444;222594;41.6;19.7
67;2021-06-05;6548;3981;477992;226575;42.2;20.0
67;2021-06-06;3468;875;481460;227450;42.5;20.1
67;2021-06-07;7407;4252;488867;231702;43.2;20.5
67;2021-06-08;8616;4928;497483;236630;43.9;20.9
67;2021-06-09;9258;4784;506741;241414;44.7;21.3
67;2021-06-10;9769;5011;516510;246425;45.6;21.8
67;2021-06-11;8065;8307;524575;254732;46.3;22.5
67;2021-06-12;6789;5199;531364;259931;46.9;22.9
67;2021-06-13;3105;1044;534469;260975;47.2;23.0
67;2021-06-14;5504;6454;539973;267429;47.7;23.6
67;2021-06-15;6688;6749;546661;274178;48.3;24.2
67;2021-06-16;6948;6694;553609;280872;48.9;24.8
67;2021-06-17;7273;9040;560882;289912;49.5;25.6
67;2021-06-18;7599;8499;568481;298411;50.2;26.3
67;2021-06-19;6386;5960;574867;304371;50.8;26.9
67;2021-06-20;1447;1411;576314;305782;50.9;27.0
67;2021-06-21;4264;6771;580578;312553;51.3;27.6
67;2021-06-22;4239;9091;584817;321644;51.6;28.4
67;2021-06-23;5292;8181;590109;329825;52.1;29.1
67;2021-06-24;4521;9096;594630;338921;52.5;29.9
67;2021-06-25;5333;9949;599963;348870;53.0;30.8
67;2021-06-26;3463;9100;603426;357970;53.3;31.6
67;2021-06-27;1023;3523;604449;361493;53.4;31.9
67;2021-06-28;2845;8723;607294;370216;53.6;32.7
67;2021-06-29;2896;8610;610190;378826;53.9;33.4
67;2021-06-30;3380;8741;613570;387567;54.2;34.2
67;2021-07-01;3666;8419;617236;395986;54.5;35.0
67;2021-07-02;3735;10933;620971;406919;54.8;35.9
67;2021-07-03;2981;7742;623952;414661;55.1;36.6
67;2021-07-04;764;1869;624716;416530;55.2;36.8
67;2021-07-05;2625;8251;627341;424781;55.4;37.5
67;2021-07-06;3106;8435;630447;433216;55.7;38.2
67;2021-07-07;3925;8742;634372;441958;56.0;39.0
67;2021-07-08;4200;7785;638572;449743;56.4;39.7
67;2021-07-09;3767;11367;642339;461110;56.7;40.7
67;2021-07-10;2859;8204;645198;469314;57.0;41.4
67;2021-07-11;943;1994;646141;471308;57.0;41.6
67;2021-07-12;2478;9723;648619;481031;57.3;42.5
67;2021-07-13;4119;9886;652738;490917;57.6;43.3
67;2021-07-14;3491;4405;656229;495322;57.9;43.7
67;2021-07-15;5140;12226;661369;507548;58.4;44.8
67;2021-07-16;4867;12290;666236;519838;58.8;45.9
67;2021-07-17;3734;8820;669970;528658;59.2;46.7
67;2021-07-18;1464;2550;671434;531208;59.3;46.9
67;2021-07-19;4648;9739;676082;540947;59.7;47.8
67;2021-07-20;5775;9822;681857;550769;60.2;48.6
67;2021-07-21;5869;10650;687726;561419;60.7;49.6
67;2021-07-22;6438;10221;694164;571640;61.3;50.5
67;2021-07-23;7394;11185;701558;582825;61.9;51.5
67;2021-07-24;5423;7578;706981;590403;62.4;52.1
67;2021-07-25;2316;1971;709297;592374;62.6;52.3
67;2021-07-26;5003;7246;714300;599620;63.1;52.9
67;2021-07-27;6621;7325;720921;606945;63.7;53.6
67;2021-07-28;7540;7207;728461;614152;64.3;54.2
67;2021-07-29;8394;6432;736855;620584;65.1;54.8
67;2021-07-30;8667;7312;745522;627896;65.8;55.4
67;2021-07-31;5112;4878;750634;632774;66.3;55.9
67;2021-08-01;2486;1433;753120;634207;66.5;56.0
67;2021-08-02;6414;5090;759534;639297;67.1;56.4
67;2021-08-03;7320;4714;766854;644011;67.7;56.9
67;2021-08-04;6898;4601;773752;648612;68.3;57.3
67;2021-08-05;5746;4230;779498;652842;68.8;57.6
67;2021-08-06;6329;5424;785827;658266;69.4;58.1
67;2021-08-07;4688;4278;790515;662544;69.8;58.5
67;2021-08-08;1310;1440;791825;663984;69.9;58.6
67;2021-08-09;3142;4481;794967;668465;70.2;59.0
67;2021-08-10;3249;4782;798216;673247;70.5;59.4
67;2021-08-11;3422;4675;801638;677922;70.8;59.9
67;2021-08-12;3140;4887;804778;682809;71.1;60.3
67;2021-08-13;3206;5384;807984;688193;71.3;60.8
67;2021-08-14;2198;5084;810182;693277;71.5;61.2
67;2021-08-15;713;1605;810895;694882;71.6;61.4
67;2021-08-16;2089;5241;812984;700123;71.8;61.8
67;2021-08-17;2104;5277;815088;705400;72.0;62.3
67;2021-08-18;2382;6345;817470;711745;72.2;62.8
67;2021-08-19;1899;6152;819369;717897;72.3;63.4
67;2021-08-20;2340;7458;821709;725355;72.6;64.0
67;2021-08-21;1530;5572;823239;730927;72.7;64.5
67;2021-08-22;388;2049;823627;732976;72.7;64.7
67;2021-08-23;1942;6849;825569;739825;72.9;65.3
67;2021-08-24;1997;6613;827566;746438;73.1;65.9
67;2021-08-25;2106;7215;829672;753653;73.3;66.5
67;2021-08-26;1854;5549;831526;759202;73.4;67.0
67;2021-08-27;2214;7052;833740;766254;73.6;67.7
67;2021-08-28;1703;6105;835443;772359;73.8;68.2
67;2021-08-29;439;1600;835882;773959;73.8;68.3
67;2021-08-30;1421;4444;837303;778403;73.9;68.7
67;2021-08-31;1435;4206;838738;782609;74.1;69.1
67;2021-09-01;1792;4557;840530;787166;74.2;69.5
67;2021-09-02;1068;3133;841598;790299;74.3;69.8
67;2021-09-03;1555;4437;843153;794736;74.4;70.2
67;2021-09-04;1474;4094;844627;798830;74.6;70.5
67;2021-09-05;259;936;844886;799766;74.6;70.6
67;2021-09-06;964;2344;845850;802110;74.7;70.8
67;2021-09-07;883;2236;846733;804346;74.8;71.0
67;2021-09-08;1192;2997;847925;807343;74.9;71.3
67;2021-09-09;1103;2286;849028;809629;75.0;71.5
67;2021-09-10;1426;2891;850454;812520;75.1;71.7
67;2021-09-11;1061;3103;851515;815623;75.2;72.0
67;2021-09-12;250;612;851765;816235;75.2;72.1
67;2021-09-13;698;2046;852463;818281;75.3;72.2
67;2021-09-14;937;2009;853400;820290;75.3;72.4
67;2021-09-15;1014;2107;854414;822397;75.4;72.6
67;2021-09-16;749;1301;855163;823698;75.5;72.7
67;2021-09-17;967;2226;856130;825924;75.6;72.9
67;2021-09-18;804;2419;856934;828343;75.7;73.1
67;2021-09-19;103;411;857037;828754;75.7;73.2
67;2021-09-20;600;1129;857637;829883;75.7;73.3
67;2021-09-21;490;1064;858127;830947;75.8;73.4
67;2021-09-22;668;1947;858795;832894;75.8;73.5
67;2021-09-23;565;940;859360;833834;75.9;73.6
67;2021-09-24;678;1661;860038;835495;75.9;73.8
67;2021-09-25;596;1865;860634;837360;76.0;73.9
67;2021-09-26;73;327;860707;837687;76.0;74.0
67;2021-09-27;394;947;861101;838634;76.0;74.0
67;2021-09-28;402;857;861503;839491;76.1;74.1
68;2020-12-27;0;0;0;0;0.0;0.0
68;2020-12-28;0;0;0;0;0.0;0.0
68;2020-12-29;0;0;0;0;0.0;0.0
68;2020-12-30;2;0;2;0;0.0;0.0
68;2020-12-31;0;0;2;0;0.0;0.0
68;2021-01-01;0;0;2;0;0.0;0.0
68;2021-01-02;0;0;2;0;0.0;0.0
68;2021-01-03;1;0;3;0;0.0;0.0
68;2021-01-04;2;0;5;0;0.0;0.0
68;2021-01-05;11;0;16;0;0.0;0.0
68;2021-01-06;245;1;261;1;0.0;0.0
68;2021-01-07;75;0;336;1;0.0;0.0
68;2021-01-08;118;1;454;2;0.1;0.0
68;2021-01-09;20;0;474;2;0.1;0.0
68;2021-01-10;1;0;475;2;0.1;0.0
68;2021-01-11;82;0;557;2;0.1;0.0
68;2021-01-12;388;1;945;3;0.1;0.0
68;2021-01-13;704;2;1649;5;0.2;0.0
68;2021-01-14;372;2;2021;7;0.3;0.0
68;2021-01-15;204;1;2225;8;0.3;0.0
68;2021-01-16;1;0;2226;8;0.3;0.0
68;2021-01-17;0;0;2226;8;0.3;0.0
68;2021-01-18;379;5;2605;13;0.3;0.0
68;2021-01-19;559;5;3164;18;0.4;0.0
68;2021-01-20;707;10;3871;28;0.5;0.0
68;2021-01-21;1394;13;5265;41;0.7;0.0
68;2021-01-22;1498;12;6763;53;0.9;0.0
68;2021-01-23;215;3;6978;56;0.9;0.0
68;2021-01-24;698;1;7676;57;1.0;0.0
68;2021-01-25;1390;41;9066;98;1.2;0.0
68;2021-01-26;1555;79;10621;177;1.4;0.0
68;2021-01-27;2773;150;13394;327;1.8;0.0
68;2021-01-28;2356;58;15750;385;2.1;0.1
68;2021-01-29;1508;116;17258;501;2.3;0.1
68;2021-01-30;165;3;17423;504;2.3;0.1
68;2021-01-31;0;0;17423;504;2.3;0.1
68;2021-02-01;737;106;18160;610;2.4;0.1
68;2021-02-02;869;293;19029;903;2.5;0.1
68;2021-02-03;1001;596;20030;1499;2.6;0.2
68;2021-02-04;1001;307;21031;1806;2.8;0.2
68;2021-02-05;947;220;21978;2026;2.9;0.3
68;2021-02-06;140;2;22118;2028;2.9;0.3
68;2021-02-07;2;16;22120;2044;2.9;0.3
68;2021-02-08;893;23;23013;2067;3.0;0.3
68;2021-02-09;1357;42;24370;2109;3.2;0.3
68;2021-02-10;1453;64;25823;2173;3.4;0.3
68;2021-02-11;1486;461;27309;2634;3.6;0.3
68;2021-02-12;1551;435;28860;3069;3.8;0.4
68;2021-02-13;131;1;28991;3070;3.8;0.4
68;2021-02-14;58;232;29049;3302;3.8;0.4
68;2021-02-15;662;969;29711;4271;3.9;0.6
68;2021-02-16;864;1197;30575;5468;4.0;0.7
68;2021-02-17;1288;2010;31863;7478;4.2;1.0
68;2021-02-18;1668;1930;33531;9408;4.4;1.2
68;2021-02-19;988;1247;34519;10655;4.5;1.4
68;2021-02-20;93;118;34612;10773;4.5;1.4
68;2021-02-21;1;38;34613;10811;4.5;1.4
68;2021-02-22;447;683;35060;11494;4.6;1.5
68;2021-02-23;639;968;35699;12462;4.7;1.6
68;2021-02-24;854;1042;36553;13504;4.8;1.8
68;2021-02-25;1208;1135;37761;14639;4.9;1.9
68;2021-02-26;1200;847;38961;15486;5.1;2.0
68;2021-02-27;550;158;39511;15644;5.2;2.0
68;2021-02-28;12;1;39523;15645;5.2;2.0
68;2021-03-01;942;678;40465;16323;5.3;2.1
68;2021-03-02;1215;857;41680;17180;5.5;2.3
68;2021-03-03;1593;896;43273;18076;5.7;2.4
68;2021-03-04;1995;944;45268;19020;5.9;2.5
68;2021-03-05;2355;952;47623;19972;6.2;2.6
68;2021-03-06;2286;236;49909;20208;6.5;2.6
68;2021-03-07;838;104;50747;20312;6.6;2.7
68;2021-03-08;1475;886;52222;21198;6.8;2.8
68;2021-03-09;1698;1236;53920;22434;7.1;2.9
68;2021-03-10;1965;1713;55885;24147;7.3;3.2
68;2021-03-11;2637;1833;58522;25980;7.7;3.4
68;2021-03-12;2631;1350;61153;27330;8.0;3.6
68;2021-03-13;3342;257;64495;27587;8.5;3.6
68;2021-03-14;1541;65;66036;27652;8.7;3.6
68;2021-03-15;1796;607;67832;28259;8.9;3.7
68;2021-03-16;1998;590;69830;28849;9.1;3.8
68;2021-03-17;1957;719;71787;29568;9.4;3.9
68;2021-03-18;2220;934;74007;30502;9.7;4.0
68;2021-03-19;3084;720;77091;31222;10.1;4.1
68;2021-03-20;973;122;78064;31344;10.2;4.1
68;2021-03-21;68;2;78132;31346;10.2;4.1
68;2021-03-22;1964;588;80096;31934;10.5;4.2
68;2021-03-23;2860;614;82956;32548;10.9;4.3
68;2021-03-24;3177;807;86133;33355;11.3;4.4
68;2021-03-25;3501;781;89634;34136;11.7;4.5
68;2021-03-26;3894;723;93528;34859;12.3;4.6
68;2021-03-27;1102;168;94630;35027;12.4;4.6
68;2021-03-28;56;3;94686;35030;12.4;4.6
68;2021-03-29;2259;1354;96945;36384;12.7;4.8
68;2021-03-30;2933;1289;99878;37673;13.1;4.9
68;2021-03-31;2643;1348;102521;39021;13.4;5.1
68;2021-04-01;2748;1540;105269;40561;13.8;5.3
68;2021-04-02;244;88;105513;40649;13.8;5.3
68;2021-04-03;241;123;105754;40772;13.9;5.3
68;2021-04-04;5;0;105759;40772;13.9;5.3
68;2021-04-05;49;3;105808;40775;13.9;5.3
68;2021-04-06;1793;1321;107601;42096;14.1;5.5
68;2021-04-07;2585;1535;110186;43631;14.4;5.7
68;2021-04-08;3234;1503;113420;45134;14.9;5.9
68;2021-04-09;4200;1527;117620;46661;15.4;6.1
68;2021-04-10;1204;1968;118824;48629;15.6;6.4
68;2021-04-11;126;1317;118950;49946;15.6;6.5
68;2021-04-12;2665;1631;121615;51577;15.9;6.8
68;2021-04-13;2760;2108;124375;53685;16.3;7.0
68;2021-04-14;3606;2266;127981;55951;16.8;7.3
68;2021-04-15;4055;2159;132036;58110;17.3;7.6
68;2021-04-16;3942;2080;135978;60190;17.8;7.9
68;2021-04-17;1075;440;137053;60630;18.0;7.9
68;2021-04-18;85;9;137138;60639;18.0;7.9
68;2021-04-19;2358;1829;139496;62468;18.3;8.2
68;2021-04-20;2442;2323;141938;64791;18.6;8.5
68;2021-04-21;2830;2473;144768;67264;19.0;8.8
68;2021-04-22;3287;1973;148055;69237;19.4;9.1
68;2021-04-23;3412;2072;151467;71309;19.8;9.3
68;2021-04-24;842;487;152309;71796;20.0;9.4
68;2021-04-25;214;20;152523;71816;20.0;9.4
68;2021-04-26;2329;2104;154852;73920;20.3;9.7
68;2021-04-27;2599;2212;157451;76132;20.6;10.0
68;2021-04-28;3571;1760;161022;77892;21.1;10.2
68;2021-04-29;4164;1747;165186;79639;21.6;10.4
68;2021-04-30;4834;1368;170020;81007;22.3;10.6
68;2021-05-01;948;119;170968;81126;22.4;10.6
68;2021-05-02;732;69;171700;81195;22.5;10.6
68;2021-05-03;3620;1819;175320;83014;23.0;10.9
68;2021-05-04;3937;2357;179257;85371;23.5;11.2
68;2021-05-05;3632;3240;182889;88611;24.0;11.6
68;2021-05-06;4804;2858;187693;91469;24.6;12.0
68;2021-05-07;4518;2900;192211;94369;25.2;12.4
68;2021-05-08;1672;210;193883;94579;25.4;12.4
68;2021-05-09;1075;107;194958;94686;25.5;12.4
68;2021-05-10;3159;3719;198117;98405;26.0;12.9
68;2021-05-11;4715;3614;202832;102019;26.6;13.4
68;2021-05-12;5785;3292;208617;105311;27.3;13.8
68;2021-05-13;4765;840;213382;106151;28.0;13.9
68;2021-05-14;5959;2131;219341;108282;28.7;14.2
68;2021-05-15;3558;909;222899;109191;29.2;14.3
68;2021-05-16;670;118;223569;109309;29.3;14.3
68;2021-05-17;4449;2498;228018;111807;29.9;14.6
68;2021-05-18;6139;2306;234157;114113;30.7;15.0
68;2021-05-19;5868;2882;240025;116995;31.4;15.3
68;2021-05-20;5928;2410;245953;119405;32.2;15.6
68;2021-05-21;5774;2866;251727;122271;33.0;16.0
68;2021-05-22;2576;925;254303;123196;33.3;16.1
68;2021-05-23;15;16;254318;123212;33.3;16.1
68;2021-05-24;2303;970;256621;124182;33.6;16.3
68;2021-05-25;4343;3435;260964;127617;34.2;16.7
68;2021-05-26;4883;3383;265847;131000;34.8;17.2
68;2021-05-27;5400;3401;271247;134401;35.5;17.6
68;2021-05-28;5623;3717;276870;138118;36.3;18.1
68;2021-05-29;1540;1185;278410;139303;36.5;18.3
68;2021-05-30;41;46;278451;139349;36.5;18.3
68;2021-05-31;5158;2363;283609;141712;37.2;18.6
68;2021-06-01;5989;2792;289598;144504;37.9;18.9
68;2021-06-02;4886;3006;294484;147510;38.6;19.3
68;2021-06-03;5938;3096;300422;150606;39.4;19.7
68;2021-06-04;4896;3298;305318;153904;40.0;20.2
68;2021-06-05;781;1168;306099;155072;40.1;20.3
68;2021-06-06;69;114;306168;155186;40.1;20.3
68;2021-06-07;4754;3035;310922;158221;40.7;20.7
68;2021-06-08;4934;3554;315856;161775;41.4;21.2
68;2021-06-09;4994;3446;320850;165221;42.0;21.6
68;2021-06-10;5200;3144;326050;168365;42.7;22.1
68;2021-06-11;5055;4144;331105;172509;43.4;22.6
68;2021-06-12;3036;1770;334141;174279;43.8;22.8
68;2021-06-13;514;682;334655;174961;43.8;22.9
68;2021-06-14;2516;4391;337171;179352;44.2;23.5
68;2021-06-15;3112;4718;340283;184070;44.6;24.1
68;2021-06-16;3387;4441;343670;188511;45.0;24.7
68;2021-06-17;2358;4453;346028;192964;45.3;25.3
68;2021-06-18;3358;5171;349386;198135;45.8;26.0
68;2021-06-19;2254;2170;351640;200305;46.1;26.2
68;2021-06-20;258;891;351898;201196;46.1;26.4
68;2021-06-21;2059;5149;353957;206345;46.4;27.0
68;2021-06-22;1900;5174;355857;211519;46.6;27.7
68;2021-06-23;2318;5740;358175;217259;46.9;28.5
68;2021-06-24;2153;4897;360328;222156;47.2;29.1
68;2021-06-25;2287;6656;362615;228812;47.5;30.0
68;2021-06-26;1303;2609;363918;231421;47.7;30.3
68;2021-06-27;151;880;364069;232301;47.7;30.4
68;2021-06-28;1601;6444;365670;238745;47.9;31.3
68;2021-06-29;1539;6631;367209;245376;48.1;32.2
68;2021-06-30;1797;6554;369006;251930;48.3;33.0
68;2021-07-01;2105;5350;371111;257280;48.6;33.7
68;2021-07-02;2098;6482;373209;263762;48.9;34.6
68;2021-07-03;989;1934;374198;265696;49.0;34.8
68;2021-07-04;242;200;374440;265896;49.1;34.8
68;2021-07-05;1456;5513;375896;271409;49.3;35.6
68;2021-07-06;2001;5883;377897;277292;49.5;36.3
68;2021-07-07;2455;4974;380352;282266;49.8;37.0
68;2021-07-08;2434;4745;382786;287011;50.2;37.6
68;2021-07-09;2092;7364;384878;294375;50.4;38.6
68;2021-07-10;1028;2002;385906;296377;50.6;38.8
68;2021-07-11;147;156;386053;296533;50.6;38.9
68;2021-07-12;1646;6771;387699;303304;50.8;39.7
68;2021-07-13;2909;6547;390608;309851;51.2;40.6
68;2021-07-14;1840;983;392448;310834;51.4;40.7
68;2021-07-15;3188;6651;395636;317485;51.8;41.6
68;2021-07-16;3817;6761;399453;324246;52.3;42.5
68;2021-07-17;3360;2301;402813;326547;52.8;42.8
68;2021-07-18;1054;230;403867;326777;52.9;42.8
68;2021-07-19;3050;6079;406917;332856;53.3;43.6
68;2021-07-20;4001;5665;410918;338521;53.8;44.4
68;2021-07-21;4339;5831;415257;344352;54.4;45.1
68;2021-07-22;4187;4845;419444;349197;55.0;45.8
68;2021-07-23;5040;5759;424484;354956;55.6;46.5
68;2021-07-24;3349;2131;427833;357087;56.1;46.8
68;2021-07-25;825;537;428658;357624;56.2;46.9
68;2021-07-26;4835;4449;433493;362073;56.8;47.4
68;2021-07-27;6364;3752;439857;365825;57.6;47.9
68;2021-07-28;6848;3881;446705;369706;58.5;48.4
68;2021-07-29;6398;3425;453103;373131;59.4;48.9
68;2021-07-30;6343;4376;459446;377507;60.2;49.5
68;2021-07-31;3917;1426;463363;378933;60.7;49.7
68;2021-08-01;1650;494;465013;379427;60.9;49.7
68;2021-08-02;4605;3149;469618;382576;61.5;50.1
68;2021-08-03;3549;2447;473167;385023;62.0;50.4
68;2021-08-04;3135;2689;476302;387712;62.4;50.8
68;2021-08-05;2753;2639;479055;390351;62.8;51.1
68;2021-08-06;3996;4327;483051;394678;63.3;51.7
68;2021-08-07;1227;1305;484278;395983;63.5;51.9
68;2021-08-08;364;813;484642;396796;63.5;52.0
68;2021-08-09;2574;3683;487216;400479;63.8;52.5
68;2021-08-10;2214;2783;489430;403262;64.1;52.8
68;2021-08-11;1897;2728;491327;405990;64.4;53.2
68;2021-08-12;1751;2667;493078;408657;64.6;53.5
68;2021-08-13;2715;4759;495793;413416;65.0;54.2
68;2021-08-14;714;1441;496507;414857;65.1;54.4
68;2021-08-15;45;445;496552;415302;65.1;54.4
68;2021-08-16;2002;5062;498554;420364;65.3;55.1
68;2021-08-17;1802;4848;500356;425212;65.6;55.7
68;2021-08-18;1182;3697;501538;428909;65.7;56.2
68;2021-08-19;1367;3741;502905;432650;65.9;56.7
68;2021-08-20;2227;6064;505132;438714;66.2;57.5
68;2021-08-21;492;1382;505624;440096;66.3;57.7
68;2021-08-22;116;457;505740;440553;66.3;57.7
68;2021-08-23;1186;5425;506926;445978;66.4;58.4
68;2021-08-24;1405;5953;508331;451931;66.6;59.2
68;2021-08-25;1659;3751;509990;455682;66.8;59.7
68;2021-08-26;1988;4504;511978;460186;67.1;60.3
68;2021-08-27;1847;6281;513825;466467;67.3;61.1
68;2021-08-28;422;1070;514247;467537;67.4;61.3
68;2021-08-29;36;418;514283;467955;67.4;61.3
68;2021-08-30;1345;4555;515628;472510;67.6;61.9
68;2021-08-31;1303;4239;516931;476749;67.7;62.5
68;2021-09-01;881;2280;517812;479029;67.8;62.8
68;2021-09-02;877;1982;518689;481011;68.0;63.0
68;2021-09-03;1304;4620;519993;485631;68.1;63.6
68;2021-09-04;493;955;520486;486586;68.2;63.8
68;2021-09-05;209;176;520695;486762;68.2;63.8
68;2021-09-06;691;2386;521386;489148;68.3;64.1
68;2021-09-07;606;1451;521992;490599;68.4;64.3
68;2021-09-08;617;1487;522609;492086;68.5;64.5
68;2021-09-09;899;1571;523508;493657;68.6;64.7
68;2021-09-10;1477;3344;524985;497001;68.8;65.1
68;2021-09-11;469;675;525454;497676;68.8;65.2
68;2021-09-12;73;63;525527;497739;68.9;65.2
68;2021-09-13;810;1389;526337;499128;69.0;65.4
68;2021-09-14;972;1725;527309;500853;69.1;65.6
68;2021-09-15;692;1582;528001;502435;69.2;65.8
68;2021-09-16;630;1074;528631;503509;69.3;66.0
68;2021-09-17;981;2328;529612;505837;69.4;66.3
68;2021-09-18;435;762;530047;506599;69.5;66.4
68;2021-09-19;16;48;530063;506647;69.5;66.4
68;2021-09-20;546;965;530609;507612;69.5;66.5
68;2021-09-21;582;1323;531191;508935;69.6;66.7
68;2021-09-22;632;1153;531823;510088;69.7;66.8
68;2021-09-23;365;679;532188;510767;69.7;66.9
68;2021-09-24;642;1603;532830;512370;69.8;67.1
68;2021-09-25;276;667;533106;513037;69.9;67.2
68;2021-09-26;19;56;533125;513093;69.9;67.2
68;2021-09-27;338;686;533463;513779;69.9;67.3
68;2021-09-28;320;542;533783;514321;69.9;67.4
69;2020-12-27;5;0;5;0;0.0;0.0
69;2020-12-28;13;0;18;0;0.0;0.0
69;2020-12-29;5;0;23;0;0.0;0.0
69;2020-12-30;6;0;29;0;0.0;0.0
69;2020-12-31;12;0;41;0;0.0;0.0
69;2021-01-01;2;0;43;0;0.0;0.0
69;2021-01-02;2;0;45;0;0.0;0.0
69;2021-01-03;3;0;48;0;0.0;0.0
69;2021-01-04;13;0;61;0;0.0;0.0
69;2021-01-05;218;0;279;0;0.0;0.0
69;2021-01-06;518;0;797;0;0.0;0.0
69;2021-01-07;813;0;1610;0;0.1;0.0
69;2021-01-08;828;1;2438;1;0.1;0.0
69;2021-01-09;41;1;2479;2;0.1;0.0
69;2021-01-10;3;1;2482;3;0.1;0.0
69;2021-01-11;1135;2;3617;5;0.2;0.0
69;2021-01-12;1398;8;5015;13;0.3;0.0
69;2021-01-13;1395;3;6410;16;0.3;0.0
69;2021-01-14;2285;17;8695;33;0.5;0.0
69;2021-01-15;1829;8;10524;41;0.6;0.0
69;2021-01-16;930;3;11454;44;0.6;0.0
69;2021-01-17;260;2;11714;46;0.6;0.0
69;2021-01-18;1695;18;13409;64;0.7;0.0
69;2021-01-19;3511;36;16920;100;0.9;0.0
69;2021-01-20;4456;29;21376;129;1.1;0.0
69;2021-01-21;4077;26;25453;155;1.4;0.0
69;2021-01-22;3183;19;28636;174;1.5;0.0
69;2021-01-23;1287;5;29923;179;1.6;0.0
69;2021-01-24;102;1;30025;180;1.6;0.0
69;2021-01-25;2245;36;32270;216;1.7;0.0
69;2021-01-26;2562;88;34832;304;1.9;0.0
69;2021-01-27;2358;169;37190;473;2.0;0.0
69;2021-01-28;2236;351;39426;824;2.1;0.0
69;2021-01-29;2111;273;41537;1097;2.2;0.1
69;2021-01-30;889;3;42426;1100;2.3;0.1
69;2021-01-31;65;0;42491;1100;2.3;0.1
69;2021-02-01;1112;383;43603;1483;2.3;0.1
69;2021-02-02;1559;382;45162;1865;2.4;0.1
69;2021-02-03;1443;518;46605;2383;2.5;0.1
69;2021-02-04;1794;898;48399;3281;2.6;0.2
69;2021-02-05;821;797;49220;4078;2.6;0.2
69;2021-02-06;370;41;49590;4119;2.6;0.2
69;2021-02-07;0;0;49590;4119;2.6;0.2
69;2021-02-08;1133;938;50723;5057;2.7;0.3
69;2021-02-09;2051;1795;52774;6852;2.8;0.4
69;2021-02-10;1855;2407;54629;9259;2.9;0.5
69;2021-02-11;1860;2960;56489;12219;3.0;0.7
69;2021-02-12;1907;1797;58396;14016;3.1;0.7
69;2021-02-13;459;564;58855;14580;3.1;0.8
69;2021-02-14;89;32;58944;14612;3.1;0.8
69;2021-02-15;1016;1407;59960;16019;3.2;0.9
69;2021-02-16;984;1860;60944;17879;3.2;1.0
69;2021-02-17;1027;1895;61971;19774;3.3;1.1
69;2021-02-18;968;1834;62939;21608;3.4;1.2
69;2021-02-19;890;1485;63829;23093;3.4;1.2
69;2021-02-20;321;672;64150;23765;3.4;1.3
69;2021-02-21;53;53;64203;23818;3.4;1.3
69;2021-02-22;609;1696;64812;25514;3.5;1.4
69;2021-02-23;740;1834;65552;27348;3.5;1.5
69;2021-02-24;972;1857;66524;29205;3.5;1.6
69;2021-02-25;2214;2312;68738;31517;3.7;1.7
69;2021-02-26;2772;1652;71510;33169;3.8;1.8
69;2021-02-27;925;496;72435;33665;3.9;1.8
69;2021-02-28;148;98;72583;33763;3.9;1.8
69;2021-03-01;2166;748;74749;34511;4.0;1.8
69;2021-03-02;3298;1184;78047;35695;4.2;1.9
69;2021-03-03;3669;1133;81716;36828;4.4;2.0
69;2021-03-04;4886;1211;86602;38039;4.6;2.0
69;2021-03-05;5875;1117;92477;39156;4.9;2.1
69;2021-03-06;3418;368;95895;39524;5.1;2.1
69;2021-03-07;640;44;96535;39568;5.1;2.1
69;2021-03-08;2960;991;99495;40559;5.3;2.2
69;2021-03-09;4607;1108;104102;41667;5.5;2.2
69;2021-03-10;5072;966;109174;42633;5.8;2.3
69;2021-03-11;6601;980;115775;43613;6.2;2.3
69;2021-03-12;8856;1112;124631;44725;6.6;2.4
69;2021-03-13;4927;241;129558;44966;6.9;2.4
69;2021-03-14;2741;150;132299;45116;7.1;2.4
69;2021-03-15;4804;672;137103;45788;7.3;2.4
69;2021-03-16;3819;656;140922;46444;7.5;2.5
69;2021-03-17;3953;866;144875;47310;7.7;2.5
69;2021-03-18;4967;1535;149842;48845;8.0;2.6
69;2021-03-19;6685;971;156527;49816;8.3;2.7
69;2021-03-20;3593;277;160120;50093;8.5;2.7
69;2021-03-21;1975;101;162095;50194;8.6;2.7
69;2021-03-22;4549;742;166644;50936;8.9;2.7
69;2021-03-23;7364;805;174008;51741;9.3;2.8
69;2021-03-24;6456;994;180464;52735;9.6;2.8
69;2021-03-25;8591;1122;189055;53857;10.1;2.9
69;2021-03-26;8814;1246;197869;55103;10.5;2.9
69;2021-03-27;3157;789;201026;55892;10.7;3.0
69;2021-03-28;2218;186;203244;56078;10.8;3.0
69;2021-03-29;4098;2167;207342;58245;11.1;3.1
69;2021-03-30;7641;2531;214983;60776;11.5;3.2
69;2021-03-31;6356;3100;221339;63876;11.8;3.4
69;2021-04-01;8462;2721;229801;66597;12.2;3.5
69;2021-04-02;8313;3107;238114;69704;12.7;3.7
69;2021-04-03;5424;2114;243538;71818;13.0;3.8
69;2021-04-04;6610;543;250148;72361;13.3;3.9
69;2021-04-05;6190;816;256338;73177;13.7;3.9
69;2021-04-06;5114;3466;261452;76643;13.9;4.1
69;2021-04-07;5167;3865;266619;80508;14.2;4.3
69;2021-04-08;6428;3997;273047;84505;14.6;4.5
69;2021-04-09;9164;3735;282211;88240;15.0;4.7
69;2021-04-10;3053;2492;285264;90732;15.2;4.8
69;2021-04-11;2036;1895;287300;92627;15.3;4.9
69;2021-04-12;5474;3556;292774;96183;15.6;5.1
69;2021-04-13;7068;4112;299842;100295;16.0;5.3
69;2021-04-14;6718;4157;306560;104452;16.3;5.6
69;2021-04-15;7942;4594;314502;109046;16.8;5.8
69;2021-04-16;7869;4488;322371;113534;17.2;6.1
69;2021-04-17;5036;2311;327407;115845;17.5;6.2
69;2021-04-18;1715;1790;329122;117635;17.5;6.3
69;2021-04-19;7020;3774;336142;121409;17.9;6.5
69;2021-04-20;6485;4760;342627;126169;18.3;6.7
69;2021-04-21;5688;4415;348315;130584;18.6;7.0
69;2021-04-22;6428;5437;354743;136021;18.9;7.3
69;2021-04-23;6736;4900;361479;140921;19.3;7.5
69;2021-04-24;3160;2030;364639;142951;19.4;7.6
69;2021-04-25;2120;1544;366759;144495;19.5;7.7
69;2021-04-26;4495;3869;371254;148364;19.8;7.9
69;2021-04-27;6516;5305;377770;153669;20.1;8.2
69;2021-04-28;6273;4859;384043;158528;20.5;8.5
69;2021-04-29;6707;5362;390750;163890;20.8;8.7
69;2021-04-30;6930;6141;397680;170031;21.2;9.1
69;2021-05-01;3301;644;400981;170675;21.4;9.1
69;2021-05-02;1628;5880;402609;176555;21.5;9.4
69;2021-05-03;5858;8240;408467;184795;21.8;9.9
69;2021-05-04;7607;8152;416074;192947;22.2;10.3
69;2021-05-05;11210;5657;427284;198604;22.8;10.6
69;2021-05-06;12469;6297;439753;204901;23.4;10.9
69;2021-05-07;11686;7134;451439;212035;24.1;11.3
69;2021-05-08;4303;1651;455742;213686;24.3;11.4
69;2021-05-09;6635;2679;462377;216365;24.6;11.5
69;2021-05-10;6934;6066;469311;222431;25.0;11.9
69;2021-05-11;9830;7031;479141;229462;25.5;12.2
69;2021-05-12;12450;6782;491591;236244;26.2;12.6
69;2021-05-13;10839;2562;502430;238806;26.8;12.7
69;2021-05-14;12598;5207;515028;244013;27.5;13.0
69;2021-05-15;9136;2592;524164;246605;27.9;13.1
69;2021-05-16;8403;1876;532567;248481;28.4;13.2
69;2021-05-17;11306;5648;543873;254129;29.0;13.5
69;2021-05-18;13226;6397;557099;260526;29.7;13.9
69;2021-05-19;13696;5891;570795;266417;30.4;14.2
69;2021-05-20;11386;6076;582181;272493;31.0;14.5
69;2021-05-21;11036;6547;593217;279040;31.6;14.9
69;2021-05-22;5574;2575;598791;281615;31.9;15.0
69;2021-05-23;4573;1545;603364;283160;32.2;15.1
69;2021-05-24;8420;1863;611784;285023;32.6;15.2
69;2021-05-25;9742;6174;621526;291197;33.1;15.5
69;2021-05-26;10282;6105;631808;297302;33.7;15.8
69;2021-05-27;10429;6780;642237;304082;34.2;16.2
69;2021-05-28;11611;8735;653848;312817;34.9;16.7
69;2021-05-29;7387;6045;661235;318862;35.2;17.0
69;2021-05-30;7386;3170;668621;322032;35.6;17.2
69;2021-05-31;10957;6374;679578;328406;36.2;17.5
69;2021-06-01;12842;7499;692420;335905;36.9;17.9
69;2021-06-02;14885;6722;707305;342627;37.7;18.3
69;2021-06-03;16642;7421;723947;350048;38.6;18.7
69;2021-06-04;16199;8548;740146;358596;39.5;19.1
69;2021-06-05;10107;3417;750253;362013;40.0;19.3
69;2021-06-06;7488;1719;757741;363732;40.4;19.4
69;2021-06-07;12817;7019;770558;370751;41.1;19.8
69;2021-06-08;16309;8276;786867;379027;41.9;20.2
69;2021-06-09;15212;7350;802079;386377;42.8;20.6
69;2021-06-10;16274;7327;818353;393704;43.6;21.0
69;2021-06-11;16635;9675;834988;403379;44.5;21.5
69;2021-06-12;8529;4189;843517;407568;45.0;21.7
69;2021-06-13;5620;2146;849137;409714;45.3;21.8
69;2021-06-14;8573;9081;857710;418795;45.7;22.3
69;2021-06-15;10933;11014;868643;429809;46.3;22.9
69;2021-06-16;11331;12316;879974;442125;46.9;23.6
69;2021-06-17;11455;13255;891429;455380;47.5;24.3
69;2021-06-18;12044;14769;903473;470149;48.2;25.1
69;2021-06-19;6813;8354;910286;478503;48.5;25.5
69;2021-06-20;5274;4769;915560;483272;48.8;25.8
69;2021-06-21;6536;12118;922096;495390;49.2;26.4
69;2021-06-22;7210;13825;929306;509215;49.5;27.1
69;2021-06-23;8350;13026;937656;522241;50.0;27.8
69;2021-06-24;9294;13741;946950;535982;50.5;28.6
69;2021-06-25;7077;16304;954027;552286;50.9;29.4
69;2021-06-26;3872;9070;957899;561356;51.1;29.9
69;2021-06-27;3291;7419;961190;568775;51.2;30.3
69;2021-06-28;4549;14891;965739;583666;51.5;31.1
69;2021-06-29;5369;15665;971108;599331;51.8;31.9
69;2021-06-30;6387;14447;977495;613778;52.1;32.7
69;2021-07-01;9001;11978;986496;625756;52.6;33.4
69;2021-07-02;10682;14127;997178;639883;53.2;34.1
69;2021-07-03;5993;7770;1003171;647653;53.5;34.5
69;2021-07-04;4126;5549;1007297;653202;53.7;34.8
69;2021-07-05;6229;13019;1013526;666221;54.0;35.5
69;2021-07-06;5913;14276;1019439;680497;54.3;36.3
69;2021-07-07;7317;13560;1026756;694057;54.7;37.0
69;2021-07-08;7585;13407;1034341;707464;55.1;37.7
69;2021-07-09;7583;16470;1041924;723934;55.5;38.6
69;2021-07-10;3124;10312;1045048;734246;55.7;39.1
69;2021-07-11;4331;5830;1049379;740076;55.9;39.4
69;2021-07-12;4213;16969;1053592;757045;56.2;40.4
69;2021-07-13;6451;20715;1060043;777760;56.5;41.5
69;2021-07-14;5056;8482;1065099;786242;56.8;41.9
69;2021-07-15;7494;22575;1072593;808817;57.2;43.1
69;2021-07-16;9897;20108;1082490;828925;57.7;44.2
69;2021-07-17;4881;12238;1087371;841163;58.0;44.8
69;2021-07-18;3411;8894;1090782;850057;58.1;45.3
69;2021-07-19;7068;16456;1097850;866513;58.5;46.2
69;2021-07-20;9577;19304;1107427;885817;59.0;47.2
69;2021-07-21;9386;17419;1116813;903236;59.5;48.1
69;2021-07-22;11469;16392;1128282;919628;60.1;49.0
69;2021-07-23;11136;17685;1139418;937313;60.7;50.0
69;2021-07-24;5703;11048;1145121;948361;61.0;50.6
69;2021-07-25;4706;6631;1149827;954992;61.3;50.9
69;2021-07-26;8926;12948;1158753;967940;61.8;51.6
69;2021-07-27;12938;12093;1171691;980033;62.5;52.2
69;2021-07-28;12088;12155;1183779;992188;63.1;52.9
69;2021-07-29;14760;12264;1198539;1004452;63.9;53.5
69;2021-07-30;14363;12240;1212902;1016692;64.7;54.2
69;2021-07-31;8270;7253;1221172;1023945;65.1;54.6
69;2021-08-01;5183;5877;1226355;1029822;65.4;54.9
69;2021-08-02;13175;9636;1239530;1039458;66.1;55.4
69;2021-08-03;13276;8983;1252806;1048441;66.8;55.9
69;2021-08-04;14242;8136;1267048;1056577;67.5;56.3
69;2021-08-05;11514;7540;1278562;1064117;68.2;56.7
69;2021-08-06;10586;7797;1289148;1071914;68.7;57.1
69;2021-08-07;5001;4811;1294149;1076725;69.0;57.4
69;2021-08-08;4363;3564;1298512;1080289;69.2;57.6
69;2021-08-09;7767;9219;1306279;1089508;69.6;58.1
69;2021-08-10;8073;7035;1314352;1096543;70.1;58.4
69;2021-08-11;7891;8114;1322243;1104657;70.5;58.9
69;2021-08-12;7289;7331;1329532;1111988;70.9;59.3
69;2021-08-13;6722;8359;1336254;1120347;71.2;59.7
69;2021-08-14;4511;5211;1340765;1125558;71.5;60.0
69;2021-08-15;2477;2522;1343242;1128080;71.6;60.1
69;2021-08-16;5920;8883;1349162;1136963;71.9;60.6
69;2021-08-17;6409;8272;1355571;1145235;72.3;61.0
69;2021-08-18;6232;9473;1361803;1154708;72.6;61.5
69;2021-08-19;6321;9333;1368124;1164041;72.9;62.0
69;2021-08-20;6044;8841;1374168;1172882;73.2;62.5
69;2021-08-21;2851;3954;1377019;1176836;73.4;62.7
69;2021-08-22;1945;2420;1378964;1179256;73.5;62.9
69;2021-08-23;3918;12384;1382882;1191640;73.7;63.5
69;2021-08-24;5177;13640;1388059;1205280;74.0;64.2
69;2021-08-25;4502;12905;1392561;1218185;74.2;64.9
69;2021-08-26;4534;11732;1397095;1229917;74.5;65.6
69;2021-08-27;4288;14451;1401383;1244368;74.7;66.3
69;2021-08-28;1955;8632;1403338;1253000;74.8;66.8
69;2021-08-29;1294;6527;1404632;1259527;74.9;67.1
69;2021-08-30;3175;11816;1407807;1271343;75.0;67.8
69;2021-08-31;4164;10193;1411971;1281536;75.3;68.3
69;2021-09-01;3615;9785;1415586;1291321;75.5;68.8
69;2021-09-02;4181;9242;1419767;1300563;75.7;69.3
69;2021-09-03;3907;11253;1423674;1311816;75.9;69.9
69;2021-09-04;2203;8713;1425877;1320529;76.0;70.4
69;2021-09-05;1417;3853;1427294;1324382;76.1;70.6
69;2021-09-06;2203;6912;1429497;1331294;76.2;71.0
69;2021-09-07;2295;6975;1431792;1338269;76.3;71.3
69;2021-09-08;2629;7499;1434421;1345768;76.5;71.7
69;2021-09-09;2347;6763;1436768;1352531;76.6;72.1
69;2021-09-10;2552;7619;1439320;1360150;76.7;72.5
69;2021-09-11;1610;5277;1440930;1365427;76.8;72.8
69;2021-09-12;506;2336;1441436;1367763;76.8;72.9
69;2021-09-13;1608;5467;1443044;1373230;76.9;73.2
69;2021-09-14;1792;5516;1444836;1378746;77.0;73.5
69;2021-09-15;1833;5046;1446669;1383792;77.1;73.8
69;2021-09-16;1505;3479;1448174;1387271;77.2;73.9
69;2021-09-17;1765;4881;1449939;1392152;77.3;74.2
69;2021-09-18;1094;4088;1451033;1396240;77.3;74.4
69;2021-09-19;477;1523;1451510;1397763;77.4;74.5
69;2021-09-20;925;2974;1452435;1400737;77.4;74.7
69;2021-09-21;974;3513;1453409;1404250;77.5;74.9
69;2021-09-22;1132;4063;1454541;1408313;77.5;75.1
69;2021-09-23;892;3058;1455433;1411371;77.6;75.2
69;2021-09-24;1231;4177;1456664;1415548;77.6;75.5
69;2021-09-25;706;2722;1457370;1418270;77.7;75.6
69;2021-09-26;291;1211;1457661;1419481;77.7;75.7
69;2021-09-27;647;2027;1458308;1421508;77.7;75.8
69;2021-09-28;880;2088;1459188;1423596;77.8;75.9
70;2020-12-27;0;0;0;0;0.0;0.0
70;2020-12-28;0;0;0;0;0.0;0.0
70;2020-12-29;0;0;0;0;0.0;0.0
70;2020-12-30;0;0;0;0;0.0;0.0
70;2020-12-31;0;0;0;0;0.0;0.0
70;2021-01-01;0;0;0;0;0.0;0.0
70;2021-01-02;0;0;0;0;0.0;0.0
70;2021-01-03;0;0;0;0;0.0;0.0
70;2021-01-04;0;0;0;0;0.0;0.0
70;2021-01-05;1;0;1;0;0.0;0.0
70;2021-01-06;24;0;25;0;0.0;0.0
70;2021-01-07;121;0;146;0;0.1;0.0
70;2021-01-08;22;0;168;0;0.1;0.0
70;2021-01-09;0;0;168;0;0.1;0.0
70;2021-01-10;0;0;168;0;0.1;0.0
70;2021-01-11;148;1;316;1;0.1;0.0
70;2021-01-12;201;1;517;2;0.2;0.0
70;2021-01-13;172;2;689;4;0.3;0.0
70;2021-01-14;148;5;837;9;0.4;0.0
70;2021-01-15;153;1;990;10;0.4;0.0
70;2021-01-16;65;0;1055;10;0.5;0.0
70;2021-01-17;0;0;1055;10;0.5;0.0
70;2021-01-18;398;0;1453;10;0.6;0.0
70;2021-01-19;503;2;1956;12;0.8;0.0
70;2021-01-20;494;2;2450;14;1.1;0.0
70;2021-01-21;675;2;3125;16;1.3;0.0
70;2021-01-22;458;2;3583;18;1.5;0.0
70;2021-01-23;261;2;3844;20;1.6;0.0
70;2021-01-24;4;0;3848;20;1.7;0.0
70;2021-01-25;369;1;4217;21;1.8;0.0
70;2021-01-26;335;1;4552;22;2.0;0.0
70;2021-01-27;331;10;4883;32;2.1;0.0
70;2021-01-28;366;35;5249;67;2.3;0.0
70;2021-01-29;329;52;5578;119;2.4;0.1
70;2021-01-30;228;0;5806;119;2.5;0.1
70;2021-01-31;0;0;5806;119;2.5;0.1
70;2021-02-01;261;32;6067;151;2.6;0.1
70;2021-02-02;272;92;6339;243;2.7;0.1
70;2021-02-03;251;54;6590;297;2.8;0.1
70;2021-02-04;265;120;6855;417;2.9;0.2
70;2021-02-05;254;72;7109;489;3.0;0.2
70;2021-02-06;209;37;7318;526;3.1;0.2
70;2021-02-07;0;0;7318;526;3.1;0.2
70;2021-02-08;179;150;7497;676;3.2;0.3
70;2021-02-09;206;140;7703;816;3.3;0.3
70;2021-02-10;196;216;7899;1032;3.4;0.4
70;2021-02-11;351;270;8250;1302;3.5;0.6
70;2021-02-12;239;406;8489;1708;3.6;0.7
70;2021-02-13;75;145;8564;1853;3.7;0.8
70;2021-02-14;0;29;8564;1882;3.7;0.8
70;2021-02-15;70;271;8634;2153;3.7;0.9
70;2021-02-16;113;279;8747;2432;3.8;1.0
70;2021-02-17;164;272;8911;2704;3.8;1.2
70;2021-02-18;205;225;9116;2929;3.9;1.3
70;2021-02-19;197;180;9313;3109;4.0;1.3
70;2021-02-20;192;56;9505;3165;4.1;1.4
70;2021-02-21;1;0;9506;3165;4.1;1.4
70;2021-02-22;106;181;9612;3346;4.1;1.4
70;2021-02-23;125;206;9737;3552;4.2;1.5
70;2021-02-24;132;178;9869;3730;4.2;1.6
70;2021-02-25;315;199;10184;3929;4.4;1.7
70;2021-02-26;395;122;10579;4051;4.5;1.7
70;2021-02-27;147;146;10726;4197;4.6;1.8
70;2021-02-28;0;0;10726;4197;4.6;1.8
70;2021-03-01;249;206;10975;4403;4.7;1.9
70;2021-03-02;487;232;11462;4635;4.9;2.0
70;2021-03-03;468;219;11930;4854;5.1;2.1
70;2021-03-04;693;236;12623;5090;5.4;2.2
70;2021-03-05;767;225;13390;5315;5.7;2.3
70;2021-03-06;539;99;13929;5414;6.0;2.3
70;2021-03-07;216;23;14145;5437;6.1;2.3
70;2021-03-08;554;194;14699;5631;6.3;2.4
70;2021-03-09;864;165;15563;5796;6.7;2.5
70;2021-03-10;659;170;16222;5966;7.0;2.6
70;2021-03-11;698;244;16920;6210;7.3;2.7
70;2021-03-12;985;173;17905;6383;7.7;2.7
70;2021-03-13;583;117;18488;6500;7.9;2.8
70;2021-03-14;20;1;18508;6501;7.9;2.8
70;2021-03-15;774;104;19282;6605;8.3;2.8
70;2021-03-16;655;97;19937;6702;8.5;2.9
70;2021-03-17;595;179;20532;6881;8.8;3.0
70;2021-03-18;633;138;21165;7019;9.1;3.0
70;2021-03-19;1019;139;22184;7158;9.5;3.1
70;2021-03-20;641;186;22825;7344;9.8;3.1
70;2021-03-21;9;0;22834;7344;9.8;3.1
70;2021-03-22;757;97;23591;7441;10.1;3.2
70;2021-03-23;1310;154;24901;7595;10.7;3.3
70;2021-03-24;1270;106;26171;7701;11.2;3.3
70;2021-03-25;1247;198;27418;7899;11.8;3.4
70;2021-03-26;1486;299;28904;8198;12.4;3.5
70;2021-03-27;957;128;29861;8326;12.8;3.6
70;2021-03-28;0;10;29861;8336;12.8;3.6
70;2021-03-29;721;413;30582;8749;13.1;3.8
70;2021-03-30;1093;315;31675;9064;13.6;3.9
70;2021-03-31;878;317;32553;9381;14.0;4.0
70;2021-04-01;1153;428;33706;9809;14.5;4.2
70;2021-04-02;1310;345;35016;10154;15.0;4.4
70;2021-04-03;639;320;35655;10474;15.3;4.5
70;2021-04-04;11;0;35666;10474;15.3;4.5
70;2021-04-05;4;2;35670;10476;15.3;4.5
70;2021-04-06;831;555;36501;11031;15.7;4.7
70;2021-04-07;858;588;37359;11619;16.0;5.0
70;2021-04-08;1319;561;38678;12180;16.6;5.2
70;2021-04-09;1402;537;40080;12717;17.2;5.5
70;2021-04-10;859;346;40939;13063;17.6;5.6
70;2021-04-11;23;1;40962;13064;17.6;5.6
70;2021-04-12;696;660;41658;13724;17.9;5.9
70;2021-04-13;921;769;42579;14493;18.3;6.2
70;2021-04-14;816;576;43395;15069;18.6;6.5
70;2021-04-15;1079;604;44474;15673;19.1;6.7
70;2021-04-16;1242;551;45716;16224;19.6;7.0
70;2021-04-17;689;468;46405;16692;19.9;7.2
70;2021-04-18;62;4;46467;16696;19.9;7.2
70;2021-04-19;540;809;47007;17505;20.2;7.5
70;2021-04-20;663;852;47670;18357;20.4;7.9
70;2021-04-21;483;926;48153;19283;20.6;8.3
70;2021-04-22;775;801;48928;20084;21.0;8.6
70;2021-04-23;875;740;49803;20824;21.4;8.9
70;2021-04-24;432;642;50235;21466;21.5;9.2
70;2021-04-25;11;0;50246;21466;21.5;9.2
70;2021-04-26;923;604;51169;22070;21.9;9.5
70;2021-04-27;1208;753;52377;22823;22.5;9.8
70;2021-04-28;889;811;53266;23634;22.8;10.1
70;2021-04-29;1342;926;54608;24560;23.4;10.5
70;2021-04-30;1533;871;56141;25431;24.1;10.9
70;2021-05-01;1694;120;57835;25551;24.8;11.0
70;2021-05-02;2;0;57837;25551;24.8;11.0
70;2021-05-03;1189;580;59026;26131;25.3;11.2
70;2021-05-04;1353;754;60379;26885;25.9;11.5
70;2021-05-05;1188;878;61567;27763;26.4;11.9
70;2021-05-06;1845;1270;63412;29033;27.2;12.5
70;2021-05-07;2127;1239;65539;30272;28.1;13.0
70;2021-05-08;1342;194;66881;30466;28.7;13.1
70;2021-05-09;9;57;66890;30523;28.7;13.1
70;2021-05-10;961;946;67851;31469;29.1;13.5
70;2021-05-11;1240;1076;69091;32545;29.6;14.0
70;2021-05-12;1175;862;70266;33407;30.1;14.3
70;2021-05-13;1544;147;71810;33554;30.8;14.4
70;2021-05-14;2062;754;73872;34308;31.7;14.7
70;2021-05-15;2657;531;76529;34839;32.8;14.9
70;2021-05-16;999;72;77528;34911;33.2;15.0
70;2021-05-17;1237;386;78765;35297;33.8;15.1
70;2021-05-18;1296;591;80061;35888;34.3;15.4
70;2021-05-19;1476;480;81537;36368;35.0;15.6
70;2021-05-20;1779;630;83316;36998;35.7;15.9
70;2021-05-21;1692;817;85008;37815;36.5;16.2
70;2021-05-22;1219;666;86227;38481;37.0;16.5
70;2021-05-23;8;14;86235;38495;37.0;16.5
70;2021-05-24;227;27;86462;38522;37.1;16.5
70;2021-05-25;837;926;87299;39448;37.4;16.9
70;2021-05-26;1048;946;88347;40394;37.9;17.3
70;2021-05-27;1263;995;89610;41389;38.4;17.7
70;2021-05-28;1546;1158;91156;42547;39.1;18.2
70;2021-05-29;1370;587;92526;43134;39.7;18.5
70;2021-05-30;1;8;92527;43142;39.7;18.5
70;2021-05-31;969;679;93496;43821;40.1;18.8
70;2021-06-01;1213;848;94709;44669;40.6;19.2
70;2021-06-02;1265;678;95974;45347;41.2;19.4
70;2021-06-03;1429;837;97403;46184;41.8;19.8
70;2021-06-04;1335;1111;98738;47295;42.3;20.3
70;2021-06-05;1024;663;99762;47958;42.8;20.6
70;2021-06-06;599;79;100361;48037;43.0;20.6
70;2021-06-07;941;848;101302;48885;43.4;21.0
70;2021-06-08;1216;1187;102518;50072;44.0;21.5
70;2021-06-09;1156;988;103674;51060;44.5;21.9
70;2021-06-10;1567;831;105241;51891;45.1;22.3
70;2021-06-11;1585;1957;106826;53848;45.8;23.1
70;2021-06-12;829;1970;107655;55818;46.2;23.9
70;2021-06-13;143;15;107798;55833;46.2;23.9
70;2021-06-14;559;1243;108357;57076;46.5;24.5
70;2021-06-15;451;1506;108808;58582;46.7;25.1
70;2021-06-16;798;1391;109606;59973;47.0;25.7
70;2021-06-17;1154;2097;110760;62070;47.5;26.6
70;2021-06-18;995;2254;111755;64324;47.9;27.6
70;2021-06-19;1091;1639;112846;65963;48.4;28.3
70;2021-06-20;1;3;112847;65966;48.4;28.3
70;2021-06-21;691;1451;113538;67417;48.7;28.9
70;2021-06-22;655;1513;114193;68930;49.0;29.6
70;2021-06-23;662;1569;114855;70499;49.3;30.2
70;2021-06-24;877;2049;115732;72548;49.6;31.1
70;2021-06-25;681;2648;116413;75196;49.9;32.2
70;2021-06-26;942;2134;117355;77330;50.3;33.2
70;2021-06-27;141;763;117496;78093;50.4;33.5
70;2021-06-28;335;1351;117831;79444;50.5;34.1
70;2021-06-29;411;1610;118242;81054;50.7;34.8
70;2021-06-30;390;1634;118632;82688;50.9;35.5
70;2021-07-01;642;1751;119274;84439;51.1;36.2
70;2021-07-02;815;1576;120089;86015;51.5;36.9
70;2021-07-03;841;1084;120930;87099;51.9;37.4
70;2021-07-04;29;70;120959;87169;51.9;37.4
70;2021-07-05;610;1037;121569;88206;52.1;37.8
70;2021-07-06;681;1273;122250;89479;52.4;38.4
70;2021-07-07;508;1425;122758;90904;52.6;39.0
70;2021-07-08;817;1574;123575;92478;53.0;39.7
70;2021-07-09;872;1662;124447;94140;53.4;40.4
70;2021-07-10;831;1033;125278;95173;53.7;40.8
70;2021-07-11;7;20;125285;95193;53.7;40.8
70;2021-07-12;432;1391;125717;96584;53.9;41.4
70;2021-07-13;907;1867;126624;98451;54.3;42.2
70;2021-07-14;33;6;126657;98457;54.3;42.2
70;2021-07-15;1382;1690;128039;100147;54.9;42.9
70;2021-07-16;1632;2056;129671;102203;55.6;43.8
70;2021-07-17;1501;1454;131172;103657;56.3;44.5
70;2021-07-18;1145;641;132317;104298;56.7;44.7
70;2021-07-19;883;976;133200;105274;57.1;45.1
70;2021-07-20;1349;1352;134549;106626;57.7;45.7
70;2021-07-21;1286;1402;135835;108028;58.2;46.3
70;2021-07-22;1867;1827;137702;109855;59.1;47.1
70;2021-07-23;1826;2491;139528;112346;59.8;48.2
70;2021-07-24;1364;1806;140892;114152;60.4;49.0
70;2021-07-25;27;3;140919;114155;60.4;49.0
70;2021-07-26;1055;975;141974;115130;60.9;49.4
70;2021-07-27;1398;975;143372;116105;61.5;49.8
70;2021-07-28;1404;1162;144776;117267;62.1;50.3
70;2021-07-29;1873;1387;146649;118654;62.9;50.9
70;2021-07-30;1974;1347;148623;120001;63.7;51.5
70;2021-07-31;1751;1166;150374;121167;64.5;52.0
70;2021-08-01;2;4;150376;121171;64.5;52.0
70;2021-08-02;775;737;151151;121908;64.8;52.3
70;2021-08-03;1296;1037;152447;122945;65.4;52.7
70;2021-08-04;1210;922;153657;123867;65.9;53.1
70;2021-08-05;1657;1190;155314;125057;66.6;53.6
70;2021-08-06;1796;1334;157110;126391;67.4;54.2
70;2021-08-07;1192;1029;158302;127420;67.9;54.6
70;2021-08-08;35;28;158337;127448;67.9;54.7
70;2021-08-09;533;704;158870;128152;68.1;55.0
70;2021-08-10;898;1131;159768;129283;68.5;55.4
70;2021-08-11;808;722;160576;130005;68.9;55.7
70;2021-08-12;906;1271;161482;131276;69.2;56.3
70;2021-08-13;1040;1622;162522;132898;69.7;57.0
70;2021-08-14;771;976;163293;133874;70.0;57.4
70;2021-08-15;36;28;163329;133902;70.0;57.4
70;2021-08-16;545;909;163874;134811;70.3;57.8
70;2021-08-17;680;1194;164554;136005;70.6;58.3
70;2021-08-18;536;939;165090;136944;70.8;58.7
70;2021-08-19;565;1385;165655;138329;71.0;59.3
70;2021-08-20;510;1899;166165;140228;71.3;60.1
70;2021-08-21;447;1163;166612;141391;71.4;60.6
70;2021-08-22;2;6;166614;141397;71.4;60.6
70;2021-08-23;283;879;166897;142276;71.6;61.0
70;2021-08-24;386;1373;167283;143649;71.7;61.6
70;2021-08-25;354;1343;167637;144992;71.9;62.2
70;2021-08-26;439;1560;168076;146552;72.1;62.8
70;2021-08-27;392;2127;168468;148679;72.2;63.8
70;2021-08-28;367;1706;168835;150385;72.4;64.5
70;2021-08-29;12;6;168847;150391;72.4;64.5
70;2021-08-30;298;835;169145;151226;72.5;64.8
70;2021-08-31;360;1130;169505;152356;72.7;65.3
70;2021-09-01;315;1195;169820;153551;72.8;65.8
70;2021-09-02;303;1296;170123;154847;73.0;66.4
70;2021-09-03;278;1245;170401;156092;73.1;66.9
70;2021-09-04;453;1263;170854;157355;73.3;67.5
70;2021-09-05;21;31;170875;157386;73.3;67.5
70;2021-09-06;167;700;171042;158086;73.3;67.8
70;2021-09-07;186;880;171228;158966;73.4;68.2
70;2021-09-08;193;875;171421;159841;73.5;68.5
70;2021-09-09;178;862;171599;160703;73.6;68.9
70;2021-09-10;253;914;171852;161617;73.7;69.3
70;2021-09-11;292;975;172144;162592;73.8;69.7
70;2021-09-12;7;37;172151;162629;73.8;69.7
70;2021-09-13;151;441;172302;163070;73.9;69.9
70;2021-09-14;314;565;172616;163635;74.0;70.2
70;2021-09-15;171;532;172787;164167;74.1;70.4
70;2021-09-16;250;391;173037;164558;74.2;70.6
70;2021-09-17;191;453;173228;165011;74.3;70.8
70;2021-09-18;174;456;173402;165467;74.4;71.0
70;2021-09-19;3;14;173405;165481;74.4;71.0
70;2021-09-20;80;215;173485;165696;74.4;71.1
70;2021-09-21;163;279;173648;165975;74.5;71.2
70;2021-09-22;113;383;173761;166358;74.5;71.3
70;2021-09-23;63;229;173824;166587;74.5;71.4
70;2021-09-24;195;389;174019;166976;74.6;71.6
70;2021-09-25;138;504;174157;167480;74.7;71.8
70;2021-09-26;0;1;174157;167481;74.7;71.8
70;2021-09-27;51;201;174208;167682;74.7;71.9
70;2021-09-28;75;196;174283;167878;74.7;72.0
71;2020-12-27;0;0;0;0;0.0;0.0
71;2020-12-28;1;0;1;0;0.0;0.0
71;2020-12-29;0;0;1;0;0.0;0.0
71;2020-12-30;0;0;1;0;0.0;0.0
71;2020-12-31;0;0;1;0;0.0;0.0
71;2021-01-01;1;0;2;0;0.0;0.0
71;2021-01-02;0;0;2;0;0.0;0.0
71;2021-01-03;2;0;4;0;0.0;0.0
71;2021-01-04;1;0;5;0;0.0;0.0
71;2021-01-05;13;0;18;0;0.0;0.0
71;2021-01-06;72;0;90;0;0.0;0.0
71;2021-01-07;67;0;157;0;0.0;0.0
71;2021-01-08;146;0;303;0;0.1;0.0
71;2021-01-09;117;0;420;0;0.1;0.0
71;2021-01-10;1;0;421;0;0.1;0.0
71;2021-01-11;245;1;666;1;0.1;0.0
71;2021-01-12;845;1;1511;2;0.3;0.0
71;2021-01-13;562;2;2073;4;0.4;0.0
71;2021-01-14;591;9;2664;13;0.5;0.0
71;2021-01-15;666;2;3330;15;0.6;0.0
71;2021-01-16;9;0;3339;15;0.6;0.0
71;2021-01-17;0;0;3339;15;0.6;0.0
71;2021-01-18;1094;7;4433;22;0.8;0.0
71;2021-01-19;1694;7;6127;29;1.1;0.0
71;2021-01-20;1517;6;7644;35;1.4;0.0
71;2021-01-21;2060;15;9704;50;1.8;0.0
71;2021-01-22;1414;6;11118;56;2.0;0.0
71;2021-01-23;815;6;11933;62;2.2;0.0
71;2021-01-24;1;0;11934;62;2.2;0.0
71;2021-01-25;1065;6;12999;68;2.4;0.0
71;2021-01-26;1505;25;14504;93;2.6;0.0
71;2021-01-27;1248;33;15752;126;2.9;0.0
71;2021-01-28;1083;78;16835;204;3.1;0.0
71;2021-01-29;1016;132;17851;336;3.3;0.1
71;2021-01-30;605;1;18456;337;3.4;0.1
71;2021-01-31;1;14;18457;351;3.4;0.1
71;2021-02-01;751;226;19208;577;3.5;0.1
71;2021-02-02;754;337;19962;914;3.6;0.2
71;2021-02-03;817;395;20779;1309;3.8;0.2
71;2021-02-04;784;540;21563;1849;3.9;0.3
71;2021-02-05;704;478;22267;2327;4.1;0.4
71;2021-02-06;539;8;22806;2335;4.2;0.4
71;2021-02-07;4;49;22810;2384;4.2;0.4
71;2021-02-08;603;501;23413;2885;4.3;0.5
71;2021-02-09;370;805;23783;3690;4.3;0.7
71;2021-02-10;411;781;24194;4471;4.4;0.8
71;2021-02-11;474;942;24668;5413;4.5;1.0
71;2021-02-12;535;842;25203;6255;4.6;1.1
71;2021-02-13;124;353;25327;6608;4.6;1.2
71;2021-02-14;2;7;25329;6615;4.6;1.2
71;2021-02-15;322;701;25651;7316;4.7;1.3
71;2021-02-16;445;1085;26096;8401;4.8;1.5
71;2021-02-17;427;968;26523;9369;4.8;1.7
71;2021-02-18;548;754;27071;10123;4.9;1.8
71;2021-02-19;571;662;27642;10785;5.0;2.0
71;2021-02-20;224;283;27866;11068;5.1;2.0
71;2021-02-21;4;13;27870;11081;5.1;2.0
71;2021-02-22;237;731;28107;11812;5.1;2.2
71;2021-02-23;452;783;28559;12595;5.2;2.3
71;2021-02-24;446;572;29005;13167;5.3;2.4
71;2021-02-25;533;597;29538;13764;5.4;2.5
71;2021-02-26;831;475;30369;14239;5.5;2.6
71;2021-02-27;457;263;30826;14502;5.6;2.6
71;2021-02-28;54;14;30880;14516;5.6;2.6
71;2021-03-01;1187;558;32067;15074;5.9;2.8
71;2021-03-02;1574;541;33641;15615;6.1;2.9
71;2021-03-03;1819;684;35460;16299;6.5;3.0
71;2021-03-04;2000;720;37460;17019;6.8;3.1
71;2021-03-05;2288;610;39748;17629;7.3;3.2
71;2021-03-06;754;61;40502;17690;7.4;3.2
71;2021-03-07;40;20;40542;17710;7.4;3.2
71;2021-03-08;1451;712;41993;18422;7.7;3.4
71;2021-03-09;2160;485;44153;18907;8.1;3.5
71;2021-03-10;2173;447;46326;19354;8.5;3.5
71;2021-03-11;2629;643;48955;19997;8.9;3.7
71;2021-03-12;2603;591;51558;20588;9.4;3.8
71;2021-03-13;995;94;52553;20682;9.6;3.8
71;2021-03-14;36;0;52589;20682;9.6;3.8
71;2021-03-15;1797;489;54386;21171;9.9;3.9
71;2021-03-16;1821;201;56207;21372;10.3;3.9
71;2021-03-17;2134;248;58341;21620;10.6;3.9
71;2021-03-18;1954;428;60295;22048;11.0;4.0
71;2021-03-19;2370;334;62665;22382;11.4;4.1
71;2021-03-20;1083;40;63748;22422;11.6;4.1
71;2021-03-21;17;5;63765;22427;11.6;4.1
71;2021-03-22;2576;381;66341;22808;12.1;4.2
71;2021-03-23;3346;502;69687;23310;12.7;4.3
71;2021-03-24;3349;467;73036;23777;13.3;4.3
71;2021-03-25;4029;596;77065;24373;14.1;4.4
71;2021-03-26;4057;339;81122;24712;14.8;4.5
71;2021-03-27;997;107;82119;24819;15.0;4.5
71;2021-03-28;57;8;82176;24827;15.0;4.5
71;2021-03-29;2409;1161;84585;25988;15.4;4.7
71;2021-03-30;2951;1353;87536;27341;16.0;5.0
71;2021-03-31;2547;1519;90083;28860;16.4;5.3
71;2021-04-01;2717;1297;92800;30157;16.9;5.5
71;2021-04-02;2501;1415;95301;31572;17.4;5.8
71;2021-04-03;268;34;95569;31606;17.4;5.8
71;2021-04-04;6;0;95575;31606;17.4;5.8
71;2021-04-05;61;2;95636;31608;17.5;5.8
71;2021-04-06;2257;1875;97893;33483;17.9;6.1
71;2021-04-07;2390;1782;100283;35265;18.3;6.4
71;2021-04-08;3283;1801;103566;37066;18.9;6.8
71;2021-04-09;4041;1661;107607;38727;19.6;7.1
71;2021-04-10;769;47;108376;38774;19.8;7.1
71;2021-04-11;97;4;108473;38778;19.8;7.1
71;2021-04-12;2353;1695;110826;40473;20.2;7.4
71;2021-04-13;2583;1882;113409;42355;20.7;7.7
71;2021-04-14;2374;1918;115783;44273;21.1;8.1
71;2021-04-15;2779;1690;118562;45963;21.6;8.4
71;2021-04-16;2628;1647;121190;47610;22.1;8.7
71;2021-04-17;952;344;122142;47954;22.3;8.8
71;2021-04-18;106;6;122248;47960;22.3;8.8
71;2021-04-19;1758;2563;124006;50523;22.6;9.2
71;2021-04-20;2220;2599;126226;53122;23.0;9.7
71;2021-04-21;2123;2590;128349;55712;23.4;10.2
71;2021-04-22;2511;2441;130860;58153;23.9;10.6
71;2021-04-23;2922;2265;133782;60418;24.4;11.0
71;2021-04-24;517;52;134299;60470;24.5;11.0
71;2021-04-25;26;0;134325;60470;24.5;11.0
71;2021-04-26;2565;2136;136890;62606;25.0;11.4
71;2021-04-27;2990;2266;139880;64872;25.5;11.8
71;2021-04-28;3073;2123;142953;66995;26.1;12.2
71;2021-04-29;3780;2207;146733;69202;26.8;12.6
71;2021-04-30;3926;1714;150659;70916;27.5;12.9
71;2021-05-01;39;53;150698;70969;27.5;13.0
71;2021-05-02;23;18;150721;70987;27.5;13.0
71;2021-05-03;4289;1380;155010;72367;28.3;13.2
71;2021-05-04;2955;2357;157965;74724;28.8;13.6
71;2021-05-05;3426;2080;161391;76804;29.5;14.0
71;2021-05-06;3467;2360;164858;79164;30.1;14.5
71;2021-05-07;3678;2801;168536;81965;30.8;15.0
71;2021-05-08;179;183;168715;82148;30.8;15.0
71;2021-05-09;44;47;168759;82195;30.8;15.0
71;2021-05-10;3696;2285;172455;84480;31.5;15.4
71;2021-05-11;4663;2358;177118;86838;32.3;15.9
71;2021-05-12;3978;2594;181096;89432;33.1;16.3
71;2021-05-13;1576;155;182672;89587;33.3;16.4
71;2021-05-14;3766;2194;186438;91781;34.0;16.8
71;2021-05-15;243;330;186681;92111;34.1;16.8
71;2021-05-16;2;0;186683;92111;34.1;16.8
71;2021-05-17;3864;1887;190547;93998;34.8;17.2
71;2021-05-18;3498;2425;194045;96423;35.4;17.6
71;2021-05-19;3719;2278;197764;98701;36.1;18.0
71;2021-05-20;4183;2286;201947;100987;36.9;18.4
71;2021-05-21;3721;2561;205668;103548;37.5;18.9
71;2021-05-22;169;304;205837;103852;37.6;19.0
71;2021-05-23;14;55;205851;103907;37.6;19.0
71;2021-05-24;19;94;205870;104001;37.6;19.0
71;2021-05-25;2689;3003;208559;107004;38.1;19.5
71;2021-05-26;2972;2432;211531;109436;38.6;20.0
71;2021-05-27;3387;2587;214918;112023;39.2;20.4
71;2021-05-28;2919;3149;217837;115172;39.8;21.0
71;2021-05-29;482;656;218319;115828;39.9;21.1
71;2021-05-30;76;58;218395;115886;39.9;21.2
71;2021-05-31;2775;3449;221170;119335;40.4;21.8
71;2021-06-01;3671;3538;224841;122873;41.0;22.4
71;2021-06-02;3997;2631;228838;125504;41.8;22.9
71;2021-06-03;4435;2521;233273;128025;42.6;23.4
71;2021-06-04;3717;3701;236990;131726;43.3;24.0
71;2021-06-05;684;647;237674;132373;43.4;24.2
71;2021-06-06;57;91;237731;132464;43.4;24.2
71;2021-06-07;3281;4150;241012;136614;44.0;24.9
71;2021-06-08;3894;4010;244906;140624;44.7;25.7
71;2021-06-09;4694;2752;249600;143376;45.6;26.2
71;2021-06-10;5265;2745;254865;146121;46.5;26.7
71;2021-06-11;4434;3721;259299;149842;47.3;27.4
71;2021-06-12;715;593;260014;150435;47.5;27.5
71;2021-06-13;104;187;260118;150622;47.5;27.5
71;2021-06-14;3510;3785;263628;154407;48.1;28.2
71;2021-06-15;4205;3549;267833;157956;48.9;28.8
71;2021-06-16;4595;2731;272428;160687;49.7;29.3
71;2021-06-17;4267;2989;276695;163676;50.5;29.9
71;2021-06-18;4325;3770;281020;167446;51.3;30.6
71;2021-06-19;1269;654;282289;168100;51.5;30.7
71;2021-06-20;37;27;282326;168127;51.5;30.7
71;2021-06-21;2270;4276;284596;172403;52.0;31.5
71;2021-06-22;2689;4354;287285;176757;52.4;32.3
71;2021-06-23;3060;3420;290345;180177;53.0;32.9
71;2021-06-24;3328;3022;293673;183199;53.6;33.4
71;2021-06-25;2652;4470;296325;187669;54.1;34.3
71;2021-06-26;372;551;296697;188220;54.2;34.4
71;2021-06-27;29;67;296726;188287;54.2;34.4
71;2021-06-28;1535;4624;298261;192911;54.4;35.2
71;2021-06-29;1992;4820;300253;197731;54.8;36.1
71;2021-06-30;2503;3934;302756;201665;55.3;36.8
71;2021-07-01;2826;3900;305582;205565;55.8;37.5
71;2021-07-02;3029;3986;308611;209551;56.3;38.3
71;2021-07-03;319;712;308930;210263;56.4;38.4
71;2021-07-04;28;132;308958;210395;56.4;38.4
71;2021-07-05;2474;4323;311432;214718;56.8;39.2
71;2021-07-06;2460;4559;313892;219277;57.3;40.0
71;2021-07-07;2983;3724;316875;223001;57.8;40.7
71;2021-07-08;2766;4109;319641;227110;58.3;41.5
71;2021-07-09;2383;5022;322024;232132;58.8;42.4
71;2021-07-10;212;656;322236;232788;58.8;42.5
71;2021-07-11;15;65;322251;232853;58.8;42.5
71;2021-07-12;1911;5304;324162;238157;59.2;43.5
71;2021-07-13;2537;5863;326699;244020;59.6;44.5
71;2021-07-14;950;400;327649;244420;59.8;44.6
71;2021-07-15;3024;5733;330673;250153;60.4;45.7
71;2021-07-16;3294;6002;333967;256155;61.0;46.8
71;2021-07-17;505;779;334472;256934;61.1;46.9
71;2021-07-18;89;86;334561;257020;61.1;46.9
71;2021-07-19;2864;5551;337425;262571;61.6;47.9
71;2021-07-20;3366;5913;340791;268484;62.2;49.0
71;2021-07-21;3412;5469;344203;273953;62.8;50.0
71;2021-07-22;3945;5332;348148;279285;63.6;51.0
71;2021-07-23;3233;6000;351381;285285;64.1;52.1
71;2021-07-24;715;597;352096;285882;64.3;52.2
71;2021-07-25;148;82;352244;285964;64.3;52.2
71;2021-07-26;3597;4889;355841;290853;65.0;53.1
71;2021-07-27;4090;5122;359931;295975;65.7;54.0
71;2021-07-28;4248;4809;364179;300784;66.5;54.9
71;2021-07-29;4212;4645;368391;305429;67.2;55.8
71;2021-07-30;4241;4924;372632;310353;68.0;56.7
71;2021-07-31;722;722;373354;311075;68.2;56.8
71;2021-08-01;108;35;373462;311110;68.2;56.8
71;2021-08-02;3967;3760;377429;314870;68.9;57.5
71;2021-08-03;4407;3821;381836;318691;69.7;58.2
71;2021-08-04;4390;2983;386226;321674;70.5;58.7
71;2021-08-05;4188;3266;390414;324940;71.3;59.3
71;2021-08-06;3700;4009;394114;328949;71.9;60.0
71;2021-08-07;495;329;394609;329278;72.0;60.1
71;2021-08-08;51;65;394660;329343;72.0;60.1
71;2021-08-09;3044;3406;397704;332749;72.6;60.7
71;2021-08-10;3074;3388;400778;336137;73.2;61.4
71;2021-08-11;3186;3079;403964;339216;73.7;61.9
71;2021-08-12;3016;3106;406980;342322;74.3;62.5
71;2021-08-13;2691;3334;409671;345656;74.8;63.1
71;2021-08-14;282;518;409953;346174;74.8;63.2
71;2021-08-15;49;110;410002;346284;74.8;63.2
71;2021-08-16;1708;3527;411710;349811;75.2;63.9
71;2021-08-17;1738;3433;413448;353244;75.5;64.5
71;2021-08-18;1452;3160;414900;356404;75.7;65.1
71;2021-08-19;1275;3115;416175;359519;76.0;65.6
71;2021-08-20;1290;3697;417465;363216;76.2;66.3
71;2021-08-21;148;413;417613;363629;76.2;66.4
71;2021-08-22;40;99;417653;363728;76.2;66.4
71;2021-08-23;1426;4543;419079;368271;76.5;67.2
71;2021-08-24;1334;3804;420413;372075;76.7;67.9
71;2021-08-25;950;3773;421363;375848;76.9;68.6
71;2021-08-26;959;3393;422322;379241;77.1;69.2
71;2021-08-27;1149;4462;423471;383703;77.3;70.0
71;2021-08-28;195;413;423666;384116;77.3;70.1
71;2021-08-29;29;106;423695;384222;77.3;70.1
71;2021-08-30;1252;3940;424947;388162;77.6;70.9
71;2021-08-31;1023;3627;425970;391789;77.8;71.5
71;2021-09-01;932;3587;426902;395376;77.9;72.2
71;2021-09-02;600;3116;427502;398492;78.0;72.7
71;2021-09-03;833;4030;428335;402522;78.2;73.5
71;2021-09-04;260;587;428595;403109;78.2;73.6
71;2021-09-05;23;58;428618;403167;78.2;73.6
71;2021-09-06;637;2785;429255;405952;78.4;74.1
71;2021-09-07;515;2269;429770;408221;78.5;74.5
71;2021-09-08;711;2603;430481;410824;78.6;75.0
71;2021-09-09;454;1794;430935;412618;78.7;75.3
71;2021-09-10;810;2759;431745;415377;78.8;75.8
71;2021-09-11;199;323;431944;415700;78.8;75.9
71;2021-09-12;19;49;431963;415749;78.9;75.9
71;2021-09-13;642;1623;432605;417372;79.0;76.2
71;2021-09-14;481;1568;433086;418940;79.1;76.5
71;2021-09-15;601;1495;433687;420435;79.2;76.7
71;2021-09-16;446;820;434133;421255;79.2;76.9
71;2021-09-17;533;1436;434666;422691;79.3;77.2
71;2021-09-18;140;261;434806;422952;79.4;77.2
71;2021-09-19;9;28;434815;422980;79.4;77.2
71;2021-09-20;484;921;435299;423901;79.5;77.4
71;2021-09-21;294;711;435593;424612;79.5;77.5
71;2021-09-22;340;1376;435933;425988;79.6;77.8
71;2021-09-23;306;575;436239;426563;79.6;77.9
71;2021-09-24;365;1028;436604;427591;79.7;78.1
71;2021-09-25;71;176;436675;427767;79.7;78.1
71;2021-09-26;11;35;436686;427802;79.7;78.1
71;2021-09-27;285;757;436971;428559;79.8;78.2
71;2021-09-28;287;476;437258;429035;79.8;78.3
72;2020-12-27;0;0;0;0;0.0;0.0
72;2020-12-28;0;0;0;0;0.0;0.0
72;2020-12-29;0;0;0;0;0.0;0.0
72;2020-12-30;0;0;0;0;0.0;0.0
72;2020-12-31;0;0;0;0;0.0;0.0
72;2021-01-01;2;0;2;0;0.0;0.0
72;2021-01-02;0;0;2;0;0.0;0.0
72;2021-01-03;0;0;2;0;0.0;0.0
72;2021-01-04;0;0;2;0;0.0;0.0
72;2021-01-05;14;0;16;0;0.0;0.0
72;2021-01-06;27;0;43;0;0.0;0.0
72;2021-01-07;110;0;153;0;0.0;0.0
72;2021-01-08;232;0;385;0;0.1;0.0
72;2021-01-09;36;0;421;0;0.1;0.0
72;2021-01-10;0;0;421;0;0.1;0.0
72;2021-01-11;485;1;906;1;0.2;0.0
72;2021-01-12;614;1;1520;2;0.3;0.0
72;2021-01-13;500;1;2020;3;0.4;0.0
72;2021-01-14;644;3;2664;6;0.5;0.0
72;2021-01-15;478;1;3142;7;0.6;0.0
72;2021-01-16;94;0;3236;7;0.6;0.0
72;2021-01-17;0;0;3236;7;0.6;0.0
72;2021-01-18;294;0;3530;7;0.6;0.0
72;2021-01-19;779;4;4309;11;0.8;0.0
72;2021-01-20;1538;6;5847;17;1.0;0.0
72;2021-01-21;1779;5;7626;22;1.4;0.0
72;2021-01-22;1148;5;8774;27;1.6;0.0
72;2021-01-23;32;0;8806;27;1.6;0.0
72;2021-01-24;0;0;8806;27;1.6;0.0
72;2021-01-25;503;7;9309;34;1.7;0.0
72;2021-01-26;1164;21;10473;55;1.9;0.0
72;2021-01-27;884;20;11357;75;2.0;0.0
72;2021-01-28;776;66;12133;141;2.2;0.0
72;2021-01-29;712;59;12845;200;2.3;0.0
72;2021-01-30;58;0;12903;200;2.3;0.0
72;2021-01-31;1;0;12904;200;2.3;0.0
72;2021-02-01;499;195;13403;395;2.4;0.1
72;2021-02-02;506;287;13909;682;2.5;0.1
72;2021-02-03;487;216;14396;898;2.6;0.2
72;2021-02-04;477;327;14873;1225;2.7;0.2
72;2021-02-05;514;304;15387;1529;2.7;0.3
72;2021-02-06;83;7;15470;1536;2.8;0.3
72;2021-02-07;19;1;15489;1537;2.8;0.3
72;2021-02-08;310;319;15799;1856;2.8;0.3
72;2021-02-09;488;500;16287;2356;2.9;0.4
72;2021-02-10;568;847;16855;3203;3.0;0.6
72;2021-02-11;860;1247;17715;4450;3.2;0.8
72;2021-02-12;851;564;18566;5014;3.3;0.9
72;2021-02-13;111;34;18677;5048;3.3;0.9
72;2021-02-14;1;22;18678;5070;3.3;0.9
72;2021-02-15;220;389;18898;5459;3.4;1.0
72;2021-02-16;503;935;19401;6394;3.5;1.1
72;2021-02-17;463;577;19864;6971;3.5;1.2
72;2021-02-18;595;540;20459;7511;3.7;1.3
72;2021-02-19;521;491;20980;8002;3.7;1.4
72;2021-02-20;80;50;21060;8052;3.8;1.4
72;2021-02-21;0;0;21060;8052;3.8;1.4
72;2021-02-22;329;457;21389;8509;3.8;1.5
72;2021-02-23;569;372;21958;8881;3.9;1.6
72;2021-02-24;435;408;22393;9289;4.0;1.7
72;2021-02-25;922;468;23315;9757;4.2;1.7
72;2021-02-26;600;394;23915;10151;4.3;1.8
72;2021-02-27;322;32;24237;10183;4.3;1.8
72;2021-02-28;15;17;24252;10200;4.3;1.8
72;2021-03-01;379;370;24631;10570;4.4;1.9
72;2021-03-02;502;513;25133;11083;4.5;2.0
72;2021-03-03;733;540;25866;11623;4.6;2.1
72;2021-03-04;741;672;26607;12295;4.7;2.2
72;2021-03-05;935;691;27542;12986;4.9;2.3
72;2021-03-06;761;111;28303;13097;5.1;2.3
72;2021-03-07;448;26;28751;13123;5.1;2.3
72;2021-03-08;561;392;29312;13515;5.2;2.4
72;2021-03-09;1044;558;30356;14073;5.4;2.5
72;2021-03-10;1134;613;31490;14686;5.6;2.6
72;2021-03-11;1610;427;33100;15113;5.9;2.7
72;2021-03-12;1364;480;34464;15593;6.2;2.8
72;2021-03-13;983;103;35447;15696;6.3;2.8
72;2021-03-14;14;10;35461;15706;6.3;2.8
72;2021-03-15;1159;212;36620;15918;6.5;2.8
72;2021-03-16;1052;180;37672;16098;6.7;2.9
72;2021-03-17;1035;253;38707;16351;6.9;2.9
72;2021-03-18;1088;362;39795;16713;7.1;3.0
72;2021-03-19;1276;287;41071;17000;7.3;3.0
72;2021-03-20;489;88;41560;17088;7.4;3.1
72;2021-03-21;19;0;41579;17088;7.4;3.1
72;2021-03-22;1347;339;42926;17427;7.7;3.1
72;2021-03-23;1723;472;44649;17899;8.0;3.2
72;2021-03-24;1841;297;46490;18196;8.3;3.2
72;2021-03-25;2447;459;48937;18655;8.7;3.3
72;2021-03-26;2336;366;51273;19021;9.2;3.4
72;2021-03-27;614;31;51887;19052;9.3;3.4
72;2021-03-28;22;0;51909;19052;9.3;3.4
72;2021-03-29;1616;381;53525;19433;9.6;3.5
72;2021-03-30;2496;385;56021;19818;10.0;3.5
72;2021-03-31;2145;365;58166;20183;10.4;3.6
72;2021-04-01;2850;349;61016;20532;10.9;3.7
72;2021-04-02;2248;398;63264;20930;11.3;3.7
72;2021-04-03;292;39;63556;20969;11.3;3.7
72;2021-04-04;16;3;63572;20972;11.3;3.7
72;2021-04-05;51;49;63623;21021;11.4;3.8
72;2021-04-06;1759;469;65382;21490;11.7;3.8
72;2021-04-07;2576;599;67958;22089;12.1;3.9
72;2021-04-08;2721;781;70679;22870;12.6;4.1
72;2021-04-09;3863;582;74542;23452;13.3;4.2
72;2021-04-10;1112;52;75654;23504;13.5;4.2
72;2021-04-11;8;1;75662;23505;13.5;4.2
72;2021-04-12;1846;902;77508;24407;13.8;4.4
72;2021-04-13;2372;1072;79880;25479;14.3;4.5
72;2021-04-14;2250;1096;82130;26575;14.7;4.7
72;2021-04-15;2421;1118;84551;27693;15.1;4.9
72;2021-04-16;2562;958;87113;28651;15.5;5.1
72;2021-04-17;707;144;87820;28795;15.7;5.1
72;2021-04-18;57;2;87877;28797;15.7;5.1
72;2021-04-19;1396;1089;89273;29886;15.9;5.3
72;2021-04-20;2996;1304;92269;31190;16.5;5.6
72;2021-04-21;2515;1562;94784;32752;16.9;5.8
72;2021-04-22;2814;1791;97598;34543;17.4;6.2
72;2021-04-23;3213;1457;100811;36000;18.0;6.4
72;2021-04-24;1400;268;102211;36268;18.2;6.5
72;2021-04-25;881;18;103092;36286;18.4;6.5
72;2021-04-26;3513;1474;106605;37760;19.0;6.7
72;2021-04-27;4088;1852;110693;39612;19.8;7.1
72;2021-04-28;3835;1871;114528;41483;20.4;7.4
72;2021-04-29;4161;1781;118689;43264;21.2;7.7
72;2021-04-30;3615;1705;122304;44969;21.8;8.0
72;2021-05-01;1642;226;123946;45195;22.1;8.1
72;2021-05-02;1533;161;125479;45356;22.4;8.1
72;2021-05-03;3456;1153;128935;46509;23.0;8.3
72;2021-05-04;4013;1799;132948;48308;23.7;8.6
72;2021-05-05;3866;2173;136814;50481;24.4;9.0
72;2021-05-06;3596;1929;140410;52410;25.1;9.4
72;2021-05-07;3543;2137;143953;54547;25.7;9.7
72;2021-05-08;1900;152;145853;54699;26.0;9.8
72;2021-05-09;2080;214;147933;54913;26.4;9.8
72;2021-05-10;3769;1525;151702;56438;27.1;10.1
72;2021-05-11;4597;1994;156299;58432;27.9;10.4
72;2021-05-12;4080;1817;160379;60249;28.6;10.8
72;2021-05-13;3031;273;163410;60522;29.2;10.8
72;2021-05-14;3663;1397;167073;61919;29.8;11.1
72;2021-05-15;3117;365;170190;62284;30.4;11.1
72;2021-05-16;2500;151;172690;62435;30.8;11.1
72;2021-05-17;3724;1286;176414;63721;31.5;11.4
72;2021-05-18;4330;1688;180744;65409;32.3;11.7
72;2021-05-19;3973;1509;184717;66918;33.0;11.9
72;2021-05-20;4261;1452;188978;68370;33.7;12.2
72;2021-05-21;3787;1388;192765;69758;34.4;12.5
72;2021-05-22;2561;506;195326;70264;34.9;12.5
72;2021-05-23;1391;163;196717;70427;35.1;12.6
72;2021-05-24;2353;294;199070;70721;35.5;12.6
72;2021-05-25;4077;1412;203147;72133;36.3;12.9
72;2021-05-26;4096;1413;207243;73546;37.0;13.1
72;2021-05-27;4344;2049;211587;75595;37.8;13.5
72;2021-05-28;4104;2003;215691;77598;38.5;13.9
72;2021-05-29;2668;804;218359;78402;39.0;14.0
72;2021-05-30;1142;870;219501;79272;39.2;14.1
72;2021-05-31;3122;2326;222623;81598;39.7;14.6
72;2021-06-01;3570;2669;226193;84267;40.4;15.0
72;2021-06-02;3611;2777;229804;87044;41.0;15.5
72;2021-06-03;4242;2996;234046;90040;41.8;16.1
72;2021-06-04;3891;2751;237937;92791;42.5;16.6
72;2021-06-05;1440;2567;239377;95358;42.7;17.0
72;2021-06-06;908;1541;240285;96899;42.9;17.3
72;2021-06-07;1744;3424;242029;100323;43.2;17.9
72;2021-06-08;2930;3831;244959;104154;43.7;18.6
72;2021-06-09;2646;3371;247605;107525;44.2;19.2
72;2021-06-10;2825;3316;250430;110841;44.7;19.8
72;2021-06-11;2840;3771;253270;114612;45.2;20.5
72;2021-06-12;1242;2598;254512;117210;45.4;20.9
72;2021-06-13;388;1860;254900;119070;45.5;21.3
72;2021-06-14;1336;4127;256236;123197;45.7;22.0
72;2021-06-15;2752;3507;258988;126704;46.2;22.6
72;2021-06-16;2428;3579;261416;130283;46.7;23.3
72;2021-06-17;2318;3871;263734;134154;47.1;23.9
72;2021-06-18;2310;4312;266044;138466;47.5;24.7
72;2021-06-19;1128;2762;267172;141228;47.7;25.2
72;2021-06-20;339;2055;267511;143283;47.8;25.6
72;2021-06-21;1563;4029;269074;147312;48.0;26.3
72;2021-06-22;1710;4990;270784;152302;48.3;27.2
72;2021-06-23;2007;4222;272791;156524;48.7;27.9
72;2021-06-24;2232;4012;275023;160536;49.1;28.7
72;2021-06-25;1773;4832;276796;165368;49.4;29.5
72;2021-06-26;1190;2876;277986;168244;49.6;30.0
72;2021-06-27;392;2111;278378;170355;49.7;30.4
72;2021-06-28;1439;4292;279817;174647;49.9;31.2
72;2021-06-29;1770;4740;281587;179387;50.3;32.0
72;2021-06-30;1980;4169;283567;183556;50.6;32.8
72;2021-07-01;1953;4417;285520;187973;51.0;33.6
72;2021-07-02;1853;4713;287373;192686;51.3;34.4
72;2021-07-03;1292;3123;288665;195809;51.5;35.0
72;2021-07-04;579;1948;289244;197757;51.6;35.3
72;2021-07-05;1194;4164;290438;201921;51.8;36.0
72;2021-07-06;1460;5149;291898;207070;52.1;37.0
72;2021-07-07;1582;4608;293480;211678;52.4;37.8
72;2021-07-08;1648;4324;295128;216002;52.7;38.6
72;2021-07-09;2107;4604;297235;220606;53.1;39.4
72;2021-07-10;1589;2690;298824;223296;53.3;39.9
72;2021-07-11;947;1587;299771;224883;53.5;40.1
72;2021-07-12;1592;3753;301363;228636;53.8;40.8
72;2021-07-13;2091;4774;303454;233410;54.2;41.7
72;2021-07-14;1325;2365;304779;235775;54.4;42.1
72;2021-07-15;3485;3419;308264;239194;55.0;42.7
72;2021-07-16;3173;4120;311437;243314;55.6;43.4
72;2021-07-17;2646;1758;314083;245072;56.1;43.7
72;2021-07-18;1710;823;315793;245895;56.4;43.9
72;2021-07-19;2917;3507;318710;249402;56.9;44.5
72;2021-07-20;3040;4280;321750;253682;57.4;45.3
72;2021-07-21;2884;3586;324634;257268;57.9;45.9
72;2021-07-22;3772;2911;328406;260179;58.6;46.4
72;2021-07-23;3476;3791;331882;263970;59.2;47.1
72;2021-07-24;2820;1460;334702;265430;59.7;47.4
72;2021-07-25;1453;1080;336155;266510;60.0;47.6
72;2021-07-26;2725;2918;338880;269428;60.5;48.1
72;2021-07-27;3857;3819;342737;273247;61.2;48.8
72;2021-07-28;3571;3121;346308;276368;61.8;49.3
72;2021-07-29;3572;2712;349880;279080;62.5;49.8
72;2021-07-30;3788;3380;353668;282460;63.1;50.4
72;2021-07-31;2546;1749;356214;284209;63.6;50.7
72;2021-08-01;1835;432;358049;284641;63.9;50.8
72;2021-08-02;3215;2285;361264;286926;64.5;51.2
72;2021-08-03;3236;3296;364500;290222;65.1;51.8
72;2021-08-04;3767;2550;368267;292772;65.7;52.3
72;2021-08-05;3770;2460;372037;295232;66.4;52.7
72;2021-08-06;3342;2693;375379;297925;67.0;53.2
72;2021-08-07;2347;1613;377726;299538;67.4;53.5
72;2021-08-08;1623;700;379349;300238;67.7;53.6
72;2021-08-09;2700;2668;382049;302906;68.2;54.1
72;2021-08-10;2915;2747;384964;305653;68.7;54.6
72;2021-08-11;2367;2203;387331;307856;69.1;55.0
72;2021-08-12;2380;2597;389711;310453;69.6;55.4
72;2021-08-13;2158;2295;391869;312748;69.9;55.8
72;2021-08-14;1167;1546;393036;314294;70.2;56.1
72;2021-08-15;623;614;393659;314908;70.3;56.2
72;2021-08-16;1650;2372;395309;317280;70.6;56.6
72;2021-08-17;1716;2889;397025;320169;70.9;57.1
72;2021-08-18;1709;2873;398734;323042;71.2;57.7
72;2021-08-19;1245;2914;399979;325956;71.4;58.2
72;2021-08-20;1656;3168;401635;329124;71.7;58.7
72;2021-08-21;701;2031;402336;331155;71.8;59.1
72;2021-08-22;261;1150;402597;332305;71.9;59.3
72;2021-08-23;1739;3422;404336;335727;72.2;59.9
72;2021-08-24;1531;4121;405867;339848;72.4;60.7
72;2021-08-25;1598;3452;407465;343300;72.7;61.3
72;2021-08-26;1265;4444;408730;347744;73.0;62.1
72;2021-08-27;1191;4112;409921;351856;73.2;62.8
72;2021-08-28;881;2656;410802;354512;73.3;63.3
72;2021-08-29;357;1683;411159;356195;73.4;63.6
72;2021-08-30;1129;3462;412288;359657;73.6;64.2
72;2021-08-31;1218;4014;413506;363671;73.8;64.9
72;2021-09-01;1069;3310;414575;366981;74.0;65.5
72;2021-09-02;902;3459;415477;370440;74.2;66.1
72;2021-09-03;926;3305;416403;373745;74.3;66.7
72;2021-09-04;702;2657;417105;376402;74.5;67.2
72;2021-09-05;256;1554;417361;377956;74.5;67.5
72;2021-09-06;586;2812;417947;380768;74.6;68.0
72;2021-09-07;505;2953;418452;383721;74.7;68.5
72;2021-09-08;616;3173;419068;386894;74.8;69.1
72;2021-09-09;393;2094;419461;388988;74.9;69.4
72;2021-09-10;624;2712;420085;391700;75.0;69.9
72;2021-09-11;401;2718;420486;394418;75.1;70.4
72;2021-09-12;169;954;420655;395372;75.1;70.6
72;2021-09-13;366;1615;421021;396987;75.2;70.9
72;2021-09-14;487;1662;421508;398649;75.2;71.2
72;2021-09-15;614;1995;422122;400644;75.3;71.5
72;2021-09-16;336;831;422458;401475;75.4;71.7
72;2021-09-17;442;1423;422900;402898;75.5;71.9
72;2021-09-18;347;1519;423247;404417;75.5;72.2
72;2021-09-19;89;359;423336;404776;75.6;72.3
72;2021-09-20;349;791;423685;405567;75.6;72.4
72;2021-09-21;317;784;424002;406351;75.7;72.5
72;2021-09-22;442;1526;424444;407877;75.8;72.8
72;2021-09-23;396;630;424840;408507;75.8;72.9
72;2021-09-24;599;1004;425439;409511;75.9;73.1
72;2021-09-25;258;1004;425697;410515;76.0;73.3
72;2021-09-26;73;215;425770;410730;76.0;73.3
72;2021-09-27;209;639;425979;411369;76.0;73.4
72;2021-09-28;200;426;426179;411795;76.1;73.5
73;2020-12-27;1;0;1;0;0.0;0.0
73;2020-12-28;1;0;2;0;0.0;0.0
73;2020-12-29;0;0;2;0;0.0;0.0
73;2020-12-30;0;0;2;0;0.0;0.0
73;2020-12-31;0;0;2;0;0.0;0.0
73;2021-01-01;0;0;2;0;0.0;0.0
73;2021-01-02;0;0;2;0;0.0;0.0
73;2021-01-03;0;0;2;0;0.0;0.0
73;2021-01-04;1;0;3;0;0.0;0.0
73;2021-01-05;0;0;3;0;0.0;0.0
73;2021-01-06;1;0;4;0;0.0;0.0
73;2021-01-07;30;0;34;0;0.0;0.0
73;2021-01-08;81;0;115;0;0.0;0.0
73;2021-01-09;0;0;115;0;0.0;0.0
73;2021-01-10;0;0;115;0;0.0;0.0
73;2021-01-11;101;0;216;0;0.0;0.0
73;2021-01-12;303;1;519;1;0.1;0.0
73;2021-01-13;360;1;879;2;0.2;0.0
73;2021-01-14;516;2;1395;4;0.3;0.0
73;2021-01-15;617;1;2012;5;0.5;0.0
73;2021-01-16;128;0;2140;5;0.5;0.0
73;2021-01-17;0;0;2140;5;0.5;0.0
73;2021-01-18;624;0;2764;5;0.6;0.0
73;2021-01-19;1240;2;4004;7;0.9;0.0
73;2021-01-20;951;2;4955;9;1.1;0.0
73;2021-01-21;984;4;5939;13;1.4;0.0
73;2021-01-22;947;0;6886;13;1.6;0.0
73;2021-01-23;388;0;7274;13;1.7;0.0
73;2021-01-24;0;0;7274;13;1.7;0.0
73;2021-01-25;656;4;7930;17;1.8;0.0
73;2021-01-26;761;2;8691;19;2.0;0.0
73;2021-01-27;1107;5;9798;24;2.3;0.0
73;2021-01-28;961;5;10759;29;2.5;0.0
73;2021-01-29;684;5;11443;34;2.6;0.0
73;2021-01-30;345;2;11788;36;2.7;0.0
73;2021-01-31;0;0;11788;36;2.7;0.0
73;2021-02-01;606;37;12394;73;2.9;0.0
73;2021-02-02;752;327;13146;400;3.0;0.1
73;2021-02-03;650;344;13796;744;3.2;0.2
73;2021-02-04;625;224;14421;968;3.3;0.2
73;2021-02-05;680;398;15101;1366;3.5;0.3
73;2021-02-06;262;38;15363;1404;3.6;0.3
73;2021-02-07;1;0;15364;1404;3.6;0.3
73;2021-02-08;524;227;15888;1631;3.7;0.4
73;2021-02-09;793;400;16681;2031;3.9;0.5
73;2021-02-10;900;363;17581;2394;4.1;0.6
73;2021-02-11;962;675;18543;3069;4.3;0.7
73;2021-02-12;810;462;19353;3531;4.5;0.8
73;2021-02-13;263;46;19616;3577;4.5;0.8
73;2021-02-14;1;0;19617;3577;4.5;0.8
73;2021-02-15;346;387;19963;3964;4.6;0.9
73;2021-02-16;454;619;20417;4583;4.7;1.1
73;2021-02-17;451;829;20868;5412;4.8;1.3
73;2021-02-18;467;429;21335;5841;4.9;1.4
73;2021-02-19;444;528;21779;6369;5.0;1.5
73;2021-02-20;70;189;21849;6558;5.1;1.5
73;2021-02-21;0;0;21849;6558;5.1;1.5
73;2021-02-22;240;356;22089;6914;5.1;1.6
73;2021-02-23;327;434;22416;7348;5.2;1.7
73;2021-02-24;487;619;22903;7967;5.3;1.8
73;2021-02-25;504;410;23407;8377;5.4;1.9
73;2021-02-26;730;491;24137;8868;5.6;2.1
73;2021-02-27;330;200;24467;9068;5.7;2.1
73;2021-02-28;2;1;24469;9069;5.7;2.1
73;2021-03-01;557;441;25026;9510;5.8;2.2
73;2021-03-02;667;771;25693;10281;5.9;2.4
73;2021-03-03;642;1037;26335;11318;6.1;2.6
73;2021-03-04;1039;809;27374;12127;6.3;2.8
73;2021-03-05;1240;539;28614;12666;6.6;2.9
73;2021-03-06;1091;296;29705;12962;6.9;3.0
73;2021-03-07;455;88;30160;13050;7.0;3.0
73;2021-03-08;608;394;30768;13444;7.1;3.1
73;2021-03-09;983;467;31751;13911;7.3;3.2
73;2021-03-10;1035;759;32786;14670;7.6;3.4
73;2021-03-11;1558;586;34344;15256;7.9;3.5
73;2021-03-12;2018;507;36362;15763;8.4;3.6
73;2021-03-13;1179;192;37541;15955;8.7;3.7
73;2021-03-14;66;3;37607;15958;8.7;3.7
73;2021-03-15;1185;368;38792;16326;9.0;3.8
73;2021-03-16;795;389;39587;16715;9.2;3.9
73;2021-03-17;877;456;40464;17171;9.4;4.0
73;2021-03-18;1351;257;41815;17428;9.7;4.0
73;2021-03-19;1767;385;43582;17813;10.1;4.1
73;2021-03-20;888;127;44470;17940;10.3;4.1
73;2021-03-21;123;2;44593;17942;10.3;4.1
73;2021-03-22;1184;397;45777;18339;10.6;4.2
73;2021-03-23;1448;240;47225;18579;10.9;4.3
73;2021-03-24;1594;342;48819;18921;11.3;4.4
73;2021-03-25;2063;387;50882;19308;11.8;4.5
73;2021-03-26;2471;366;53353;19674;12.3;4.5
73;2021-03-27;885;148;54238;19822;12.5;4.6
73;2021-03-28;312;16;54550;19838;12.6;4.6
73;2021-03-29;1509;237;56059;20075;13.0;4.6
73;2021-03-30;2087;487;58146;20562;13.4;4.8
73;2021-03-31;2090;400;60236;20962;13.9;4.8
73;2021-04-01;2087;334;62323;21296;14.4;4.9
73;2021-04-02;2361;229;64684;21525;15.0;5.0
73;2021-04-03;849;147;65533;21672;15.2;5.0
73;2021-04-04;188;17;65721;21689;15.2;5.0
73;2021-04-05;212;26;65933;21715;15.2;5.0
73;2021-04-06;1507;510;67440;22225;15.6;5.1
73;2021-04-07;1946;650;69386;22875;16.0;5.3
73;2021-04-08;2491;820;71877;23695;16.6;5.5
73;2021-04-09;3059;524;74936;24219;17.3;5.6
73;2021-04-10;1134;320;76070;24539;17.6;5.7
73;2021-04-11;164;10;76234;24549;17.6;5.7
73;2021-04-12;1696;982;77930;25531;18.0;5.9
73;2021-04-13;1895;1129;79825;26660;18.5;6.2
73;2021-04-14;2013;1092;81838;27752;18.9;6.4
73;2021-04-15;2416;1190;84254;28942;19.5;6.7
73;2021-04-16;1893;934;86147;29876;19.9;6.9
73;2021-04-17;1173;560;87320;30436;20.2;7.0
73;2021-04-18;155;76;87475;30512;20.2;7.1
73;2021-04-19;1383;1057;88858;31569;20.5;7.3
73;2021-04-20;1790;1321;90648;32890;21.0;7.6
73;2021-04-21;1576;1301;92224;34191;21.3;7.9
73;2021-04-22;1812;1224;94036;35415;21.7;8.2
73;2021-04-23;1897;1254;95933;36669;22.2;8.5
73;2021-04-24;980;673;96913;37342;22.4;8.6
73;2021-04-25;79;96;96992;37438;22.4;8.7
73;2021-04-26;1164;1320;98156;38758;22.7;9.0
73;2021-04-27;1441;1468;99597;40226;23.0;9.3
73;2021-04-28;1731;1456;101328;41682;23.4;9.6
73;2021-04-29;2413;1562;103741;43244;24.0;10.0
73;2021-04-30;2396;1430;106137;44674;24.5;10.3
73;2021-05-01;1068;309;107205;44983;24.8;10.4
73;2021-05-02;34;165;107239;45148;24.8;10.4
73;2021-05-03;1392;1593;108631;46741;25.1;10.8
73;2021-05-04;1712;1828;110343;48569;25.5;11.2
73;2021-05-05;1976;1684;112319;50253;26.0;11.6
73;2021-05-06;2431;1695;114750;51948;26.5;12.0
73;2021-05-07;2259;1835;117009;53783;27.1;12.4
73;2021-05-08;1837;377;118846;54160;27.5;12.5
73;2021-05-09;127;126;118973;54286;27.5;12.6
73;2021-05-10;1608;1891;120581;56177;27.9;13.0
73;2021-05-11;2379;2367;122960;58544;28.4;13.5
73;2021-05-12;3556;2097;126516;60641;29.2;14.0
73;2021-05-13;1554;275;128070;60916;29.6;14.1
73;2021-05-14;1588;1492;129658;62408;30.0;14.4
73;2021-05-15;1447;943;131105;63351;30.3;14.6
73;2021-05-16;131;62;131236;63413;30.3;14.7
73;2021-05-17;1711;1948;132947;65361;30.7;15.1
73;2021-05-18;2495;1735;135442;67096;31.3;15.5
73;2021-05-19;2539;1623;137981;68719;31.9;15.9
73;2021-05-20;3161;1501;141142;70220;32.6;16.2
73;2021-05-21;2473;1849;143615;72069;33.2;16.7
73;2021-05-22;1989;923;145604;72992;33.7;16.9
73;2021-05-23;212;14;145816;73006;33.7;16.9
73;2021-05-24;2563;324;148379;73330;34.3;17.0
73;2021-05-25;2139;1741;150518;75071;34.8;17.4
73;2021-05-26;2343;1999;152861;77070;35.3;17.8
73;2021-05-27;3080;1713;155941;78783;36.1;18.2
73;2021-05-28;2918;2372;158859;81155;36.7;18.8
73;2021-05-29;2316;1321;161175;82476;37.3;19.1
73;2021-05-30;187;14;161362;82490;37.3;19.1
73;2021-05-31;2410;1631;163772;84121;37.9;19.4
73;2021-06-01;3178;1792;166950;85913;38.6;19.9
73;2021-06-02;3107;1454;170057;87367;39.3;20.2
73;2021-06-03;4422;1740;174479;89107;40.3;20.6
73;2021-06-04;4276;2184;178755;91291;41.3;21.1
73;2021-06-05;3161;1280;181916;92571;42.1;21.4
73;2021-06-06;1881;299;183797;92870;42.5;21.5
73;2021-06-07;2759;2148;186556;95018;43.1;22.0
73;2021-06-08;2684;1873;189240;96891;43.8;22.4
73;2021-06-09;2365;1789;191605;98680;44.3;22.8
73;2021-06-10;2005;1644;193610;100324;44.8;23.2
73;2021-06-11;2191;2440;195801;102764;45.3;23.8
73;2021-06-12;2245;1331;198046;104095;45.8;24.1
73;2021-06-13;44;82;198090;104177;45.8;24.1
73;2021-06-14;1347;2926;199437;107103;46.1;24.8
73;2021-06-15;1592;2754;201029;109857;46.5;25.4
73;2021-06-16;1466;2564;202495;112421;46.8;26.0
73;2021-06-17;947;1727;203442;114148;47.0;26.4
73;2021-06-18;1883;2931;205325;117079;47.5;27.1
73;2021-06-19;1423;1985;206748;119064;47.8;27.5
73;2021-06-20;448;307;207196;119371;47.9;27.6
73;2021-06-21;1110;2938;208306;122309;48.2;28.3
73;2021-06-22;1090;2870;209396;125179;48.4;28.9
73;2021-06-23;1085;3136;210481;128315;48.7;29.7
73;2021-06-24;883;1794;211364;130109;48.9;30.1
73;2021-06-25;1324;2793;212688;132902;49.2;30.7
73;2021-06-26;966;2398;213654;135300;49.4;31.3
73;2021-06-27;329;549;213983;135849;49.5;31.4
73;2021-06-28;971;3557;214954;139406;49.7;32.2
73;2021-06-29;1075;3340;216029;142746;49.9;33.0
73;2021-06-30;1239;3116;217268;145862;50.2;33.7
73;2021-07-01;1191;2362;218459;148224;50.5;34.3
73;2021-07-02;1203;3616;219662;151840;50.8;35.1
73;2021-07-03;961;2793;220623;154633;51.0;35.7
73;2021-07-04;301;619;220924;155252;51.1;35.9
73;2021-07-05;1157;3681;222081;158933;51.3;36.7
73;2021-07-06;1251;2951;223332;161884;51.6;37.4
73;2021-07-07;1443;2949;224775;164833;52.0;38.1
73;2021-07-08;1373;2296;226148;167129;52.3;38.6
73;2021-07-09;1431;4025;227579;171154;52.6;39.6
73;2021-07-10;891;3012;228470;174166;52.8;40.3
73;2021-07-11;561;1470;229031;175636;52.9;40.6
73;2021-07-12;1059;4194;230090;179830;53.2;41.6
73;2021-07-13;1729;4225;231819;184055;53.6;42.6
73;2021-07-14;1843;1919;233662;185974;54.0;43.0
73;2021-07-15;2747;3795;236409;189769;54.7;43.9
73;2021-07-16;2416;4016;238825;193785;55.2;44.8
73;2021-07-17;1515;2607;240340;196392;55.6;45.4
73;2021-07-18;1176;1218;241516;197610;55.8;45.7
73;2021-07-19;2449;3250;243965;200860;56.4;46.4
73;2021-07-20;3367;2855;247332;203715;57.2;47.1
73;2021-07-21;3382;2790;250714;206505;58.0;47.7
73;2021-07-22;2732;2215;253446;208720;58.6;48.3
73;2021-07-23;3417;2902;256863;211622;59.4;48.9
73;2021-07-24;2059;2280;258922;213902;59.9;49.5
73;2021-07-25;625;797;259547;214699;60.0;49.6
73;2021-07-26;2632;2494;262179;217193;60.6;50.2
73;2021-07-27;3813;2273;265992;219466;61.5;50.7
73;2021-07-28;3535;2095;269527;221561;62.3;51.2
73;2021-07-29;3980;2153;273507;223714;63.2;51.7
73;2021-07-30;3565;2475;277072;226189;64.1;52.3
73;2021-07-31;2476;1591;279548;227780;64.6;52.7
73;2021-08-01;834;620;280382;228400;64.8;52.8
73;2021-08-02;3104;2104;283486;230504;65.5;53.3
73;2021-08-03;3493;1999;286979;232503;66.3;53.8
73;2021-08-04;3299;2026;290278;234529;67.1;54.2
73;2021-08-05;2874;2231;293152;236760;67.8;54.7
73;2021-08-06;2509;2382;295661;239142;68.4;55.3
73;2021-08-07;1417;1482;297078;240624;68.7;55.6
73;2021-08-08;434;619;297512;241243;68.8;55.8
73;2021-08-09;1784;2396;299296;243639;69.2;56.3
73;2021-08-10;1897;2488;301193;246127;69.6;56.9
73;2021-08-11;1848;2535;303041;248662;70.1;57.5
73;2021-08-12;1683;2502;304724;251164;70.4;58.1
73;2021-08-13;1460;2841;306184;254005;70.8;58.7
73;2021-08-14;989;1534;307173;255539;71.0;59.1
73;2021-08-15;92;161;307265;255700;71.0;59.1
73;2021-08-16;952;1390;308217;257090;71.3;59.4
73;2021-08-17;963;1960;309180;259050;71.5;59.9
73;2021-08-18;1038;2841;310218;261891;71.7;60.5
73;2021-08-19;1045;3055;311263;264946;72.0;61.3
73;2021-08-20;852;3145;312115;268091;72.2;62.0
73;2021-08-21;461;1837;312576;269928;72.3;62.4
73;2021-08-22;268;936;312844;270864;72.3;62.6
73;2021-08-23;678;2970;313522;273834;72.5;63.3
73;2021-08-24;899;3160;314421;276994;72.7;64.0
73;2021-08-25;712;2907;315133;279901;72.9;64.7
73;2021-08-26;690;2424;315823;282325;73.0;65.3
73;2021-08-27;791;2749;316614;285074;73.2;65.9
73;2021-08-28;457;1748;317071;286822;73.3;66.3
73;2021-08-29;302;1015;317373;287837;73.4;66.5
73;2021-08-30;819;2590;318192;290427;73.6;67.1
73;2021-08-31;816;2392;319008;292819;73.8;67.7
73;2021-09-01;746;2244;319754;295063;73.9;68.2
73;2021-09-02;619;2018;320373;297081;74.1;68.7
73;2021-09-03;693;2210;321066;299291;74.2;69.2
73;2021-09-04;530;1463;321596;300754;74.3;69.5
73;2021-09-05;227;752;321823;301506;74.4;69.7
73;2021-09-06;348;1289;322171;302795;74.5;70.0
73;2021-09-07;414;1093;322585;303888;74.6;70.3
73;2021-09-08;486;1183;323071;305071;74.7;70.5
73;2021-09-09;463;1285;323534;306356;74.8;70.8
73;2021-09-10;573;1527;324107;307883;74.9;71.2
73;2021-09-11;351;1092;324458;308975;75.0;71.4
73;2021-09-12;96;163;324554;309138;75.0;71.5
73;2021-09-13;341;1029;324895;310167;75.1;71.7
73;2021-09-14;410;957;325305;311124;75.2;71.9
73;2021-09-15;424;815;325729;311939;75.3;72.1
73;2021-09-16;329;646;326058;312585;75.4;72.3
73;2021-09-17;377;868;326435;313453;75.5;72.5
73;2021-09-18;257;630;326692;314083;75.5;72.6
73;2021-09-19;46;205;326738;314288;75.5;72.7
73;2021-09-20;163;632;326901;314920;75.6;72.8
73;2021-09-21;297;535;327198;315455;75.6;72.9
73;2021-09-22;275;774;327473;316229;75.7;73.1
73;2021-09-23;280;476;327753;316705;75.8;73.2
73;2021-09-24;292;853;328045;317558;75.8;73.4
73;2021-09-25;189;723;328234;318281;75.9;73.6
73;2021-09-26;73;209;328307;318490;75.9;73.6
73;2021-09-27;243;495;328550;318985;76.0;73.7
73;2021-09-28;183;338;328733;319323;76.0;73.8
74;2020-12-27;10;0;10;0;0.0;0.0
74;2020-12-28;9;0;19;0;0.0;0.0
74;2020-12-29;0;0;19;0;0.0;0.0
74;2020-12-30;5;0;24;0;0.0;0.0
74;2020-12-31;1;0;25;0;0.0;0.0
74;2021-01-01;0;0;25;0;0.0;0.0
74;2021-01-02;1;1;26;1;0.0;0.0
74;2021-01-03;0;0;26;1;0.0;0.0
74;2021-01-04;3;0;29;1;0.0;0.0
74;2021-01-05;4;0;33;1;0.0;0.0
74;2021-01-06;48;0;81;1;0.0;0.0
74;2021-01-07;220;1;301;2;0.0;0.0
74;2021-01-08;294;2;595;4;0.1;0.0
74;2021-01-09;78;0;673;4;0.1;0.0
74;2021-01-10;74;0;747;4;0.1;0.0
74;2021-01-11;375;0;1122;4;0.1;0.0
74;2021-01-12;408;3;1530;7;0.2;0.0
74;2021-01-13;396;0;1926;7;0.2;0.0
74;2021-01-14;482;1;2408;8;0.3;0.0
74;2021-01-15;645;4;3053;12;0.4;0.0
74;2021-01-16;254;1;3307;13;0.4;0.0
74;2021-01-17;134;1;3441;14;0.4;0.0
74;2021-01-18;527;0;3968;14;0.5;0.0
74;2021-01-19;814;2;4782;16;0.6;0.0
74;2021-01-20;1279;4;6061;20;0.7;0.0
74;2021-01-21;1570;2;7631;22;0.9;0.0
74;2021-01-22;1242;6;8873;28;1.1;0.0
74;2021-01-23;345;1;9218;29;1.1;0.0
74;2021-01-24;94;1;9312;30;1.1;0.0
74;2021-01-25;800;2;10112;32;1.2;0.0
74;2021-01-26;1371;14;11483;46;1.4;0.0
74;2021-01-27;1083;11;12566;57;1.5;0.0
74;2021-01-28;1001;28;13567;85;1.6;0.0
74;2021-01-29;881;35;14448;120;1.7;0.0
74;2021-01-30;305;1;14753;121;1.8;0.0
74;2021-01-31;87;1;14840;122;1.8;0.0
74;2021-02-01;632;44;15472;166;1.9;0.0
74;2021-02-02;645;147;16117;313;1.9;0.0
74;2021-02-03;605;114;16722;427;2.0;0.1
74;2021-02-04;614;122;17336;549;2.1;0.1
74;2021-02-05;556;186;17892;735;2.2;0.1
74;2021-02-06;274;111;18166;846;2.2;0.1
74;2021-02-07;93;102;18259;948;2.2;0.1
74;2021-02-08;618;310;18877;1258;2.3;0.2
74;2021-02-09;541;422;19418;1680;2.3;0.2
74;2021-02-10;688;467;20106;2147;2.4;0.3
74;2021-02-11;1081;933;21187;3080;2.6;0.4
74;2021-02-12;917;569;22104;3649;2.7;0.4
74;2021-02-13;407;212;22511;3861;2.7;0.5
74;2021-02-14;320;98;22831;3959;2.8;0.5
74;2021-02-15;281;634;23112;4593;2.8;0.6
74;2021-02-16;491;840;23603;5433;2.8;0.7
74;2021-02-17;530;896;24133;6329;2.9;0.8
74;2021-02-18;473;840;24606;7169;3.0;0.9
74;2021-02-19;619;567;25225;7736;3.0;0.9
74;2021-02-20;114;135;25339;7871;3.1;1.0
74;2021-02-21;48;49;25387;7920;3.1;1.0
74;2021-02-22;320;597;25707;8517;3.1;1.0
74;2021-02-23;307;674;26014;9191;3.1;1.1
74;2021-02-24;241;549;26255;9740;3.2;1.2
74;2021-02-25;523;599;26778;10339;3.2;1.2
74;2021-02-26;973;572;27751;10911;3.3;1.3
74;2021-02-27;254;137;28005;11048;3.4;1.3
74;2021-02-28;125;65;28130;11113;3.4;1.3
74;2021-03-01;723;551;28853;11664;3.5;1.4
74;2021-03-02;1092;567;29945;12231;3.6;1.5
74;2021-03-03;1023;544;30968;12775;3.7;1.5
74;2021-03-04;1611;894;32579;13669;3.9;1.7
74;2021-03-05;2092;792;34671;14461;4.2;1.7
74;2021-03-06;1762;301;36433;14762;4.4;1.8
74;2021-03-07;1386;103;37819;14865;4.6;1.8
74;2021-03-08;1197;849;39016;15714;4.7;1.9
74;2021-03-09;1956;591;40972;16305;4.9;2.0
74;2021-03-10;1749;789;42721;17094;5.2;2.1
74;2021-03-11;2451;662;45172;17756;5.5;2.1
74;2021-03-12;3246;970;48418;18726;5.8;2.3
74;2021-03-13;2001;267;50419;18993;6.1;2.3
74;2021-03-14;609;101;51028;19094;6.2;2.3
74;2021-03-15;2128;539;53156;19633;6.4;2.4
74;2021-03-16;1963;402;55119;20035;6.7;2.4
74;2021-03-17;1974;310;57093;20345;6.9;2.5
74;2021-03-18;2136;283;59229;20628;7.1;2.5
74;2021-03-19;2636;296;61865;20924;7.5;2.5
74;2021-03-20;1375;104;63240;21028;7.6;2.5
74;2021-03-21;290;32;63530;21060;7.7;2.5
74;2021-03-22;2054;316;65584;21376;7.9;2.6
74;2021-03-23;2722;337;68306;21713;8.2;2.6
74;2021-03-24;2948;306;71254;22019;8.6;2.7
74;2021-03-25;3875;308;75129;22327;9.1;2.7
74;2021-03-26;4095;385;79224;22712;9.6;2.7
74;2021-03-27;1941;261;81165;22973;9.8;2.8
74;2021-03-28;437;78;81602;23051;9.9;2.8
74;2021-03-29;3035;702;84637;23753;10.2;2.9
74;2021-03-30;3543;760;88180;24513;10.6;3.0
74;2021-03-31;3144;738;91324;25251;11.0;3.0
74;2021-04-01;4236;902;95560;26153;11.5;3.2
74;2021-04-02;3709;792;99269;26945;12.0;3.3
74;2021-04-03;1696;537;100965;27482;12.2;3.3
74;2021-04-04;236;122;101201;27604;12.2;3.3
74;2021-04-05;433;16;101634;27620;12.3;3.3
74;2021-04-06;2623;1205;104257;28825;12.6;3.5
74;2021-04-07;3195;1252;107452;30077;13.0;3.6
74;2021-04-08;3865;1191;111317;31268;13.4;3.8
74;2021-04-09;4111;1182;115428;32450;13.9;3.9
74;2021-04-10;1944;1027;117372;33477;14.2;4.0
74;2021-04-11;253;184;117625;33661;14.2;4.1
74;2021-04-12;2724;1778;120349;35439;14.5;4.3
74;2021-04-13;3124;2106;123473;37545;14.9;4.5
74;2021-04-14;2903;1972;126376;39517;15.3;4.8
74;2021-04-15;3462;1910;129838;41427;15.7;5.0
74;2021-04-16;3386;1789;133224;43216;16.1;5.2
74;2021-04-17;1936;1033;135160;44249;16.3;5.3
74;2021-04-18;218;211;135378;44460;16.3;5.4
74;2021-04-19;2100;2094;137478;46554;16.6;5.6
74;2021-04-20;3068;2416;140546;48970;17.0;5.9
74;2021-04-21;2463;2374;143009;51344;17.3;6.2
74;2021-04-22;2629;2338;145638;53682;17.6;6.5
74;2021-04-23;2572;2246;148210;55928;17.9;6.8
74;2021-04-24;1485;1540;149695;57468;18.1;6.9
74;2021-04-25;229;149;149924;57617;18.1;7.0
74;2021-04-26;2396;2461;152320;60078;18.4;7.3
74;2021-04-27;3271;2906;155591;62984;18.8;7.6
74;2021-04-28;3465;2629;159056;65613;19.2;7.9
74;2021-04-29;3909;2695;162965;68308;19.7;8.2
74;2021-04-30;4076;2225;167041;70533;20.2;8.5
74;2021-05-01;2121;397;169162;70930;20.4;8.6
74;2021-05-02;205;238;169367;71168;20.4;8.6
74;2021-05-03;2596;3021;171963;74189;20.8;9.0
74;2021-05-04;3217;3115;175180;77304;21.1;9.3
74;2021-05-05;3391;3021;178571;80325;21.6;9.7
74;2021-05-06;3858;2632;182429;82957;22.0;10.0
74;2021-05-07;3594;3541;186023;86498;22.5;10.4
74;2021-05-08;1144;827;187167;87325;22.6;10.5
74;2021-05-09;195;246;187362;87571;22.6;10.6
74;2021-05-10;3466;3143;190828;90714;23.0;11.0
74;2021-05-11;4317;3418;195145;94132;23.6;11.4
74;2021-05-12;5305;2963;200450;97095;24.2;11.7
74;2021-05-13;2357;950;202807;98045;24.5;11.8
74;2021-05-14;5956;2402;208763;100447;25.2;12.1
74;2021-05-15;4512;1848;213275;102295;25.7;12.3
74;2021-05-16;3012;338;216287;102633;26.1;12.4
74;2021-05-17;5396;2891;221683;105524;26.8;12.7
74;2021-05-18;6791;2817;228474;108341;27.6;13.1
74;2021-05-19;6234;2296;234708;110637;28.3;13.4
74;2021-05-20;6643;2557;241351;113194;29.1;13.7
74;2021-05-21;6526;2992;247877;116186;29.9;14.0
74;2021-05-22;5293;1568;253170;117754;30.6;14.2
74;2021-05-23;2052;282;255222;118036;30.8;14.2
74;2021-05-24;2362;660;257584;118696;31.1;14.3
74;2021-05-25;5073;3334;262657;122030;31.7;14.7
74;2021-05-26;5255;2563;267912;124593;32.3;15.0
74;2021-05-27;6001;2976;273913;127569;33.1;15.4
74;2021-05-28;5656;3577;279569;131146;33.7;15.8
74;2021-05-29;3799;2156;283368;133302;34.2;16.1
74;2021-05-30;488;309;283856;133611;34.3;16.1
74;2021-05-31;5070;3549;288926;137160;34.9;16.6
74;2021-06-01;4931;3726;293857;140886;35.5;17.0
74;2021-06-02;5269;3207;299126;144093;36.1;17.4
74;2021-06-03;6890;3247;306016;147340;36.9;17.8
74;2021-06-04;6911;4431;312927;151771;37.8;18.3
74;2021-06-05;4608;2706;317535;154477;38.3;18.6
74;2021-06-06;124;112;317659;154589;38.3;18.7
74;2021-06-07;5031;4144;322690;158733;39.0;19.2
74;2021-06-08;5025;3949;327715;162682;39.6;19.6
74;2021-06-09;5081;3481;332796;166163;40.2;20.1
74;2021-06-10;5123;2877;337919;169040;40.8;20.4
74;2021-06-11;5214;3812;343133;172852;41.4;20.9
74;2021-06-12;3567;2378;346700;175230;41.9;21.2
74;2021-06-13;120;89;346820;175319;41.9;21.2
74;2021-06-14;3595;4482;350415;179801;42.3;21.7
74;2021-06-15;3672;3896;354087;183697;42.7;22.2
74;2021-06-16;4828;3124;358915;186821;43.3;22.6
74;2021-06-17;3816;2953;362731;189774;43.8;22.9
74;2021-06-18;4113;4668;366844;194442;44.3;23.5
74;2021-06-19;2993;3101;369837;197543;44.6;23.8
74;2021-06-20;125;97;369962;197640;44.7;23.9
74;2021-06-21;2383;5418;372345;203058;44.9;24.5
74;2021-06-22;2493;5312;374838;208370;45.2;25.2
74;2021-06-23;2974;4618;377812;212988;45.6;25.7
74;2021-06-24;2865;4626;380677;217614;46.0;26.3
74;2021-06-25;2931;6768;383608;224382;46.3;27.1
74;2021-06-26;1705;5400;385313;229782;46.5;27.7
74;2021-06-27;66;1664;385379;231446;46.5;27.9
74;2021-06-28;1916;7219;387295;238665;46.8;28.8
74;2021-06-29;2297;7422;389592;246087;47.0;29.7
74;2021-06-30;2747;6544;392339;252631;47.4;30.5
74;2021-07-01;3501;5427;395840;258058;47.8;31.2
74;2021-07-02;3121;6639;398961;264697;48.2;32.0
74;2021-07-03;1698;5085;400659;269782;48.4;32.6
74;2021-07-04;81;1022;400740;270804;48.4;32.7
74;2021-07-05;2078;6829;402818;277633;48.6;33.5
74;2021-07-06;2799;6488;405617;284121;49.0;34.3
74;2021-07-07;3093;5445;408710;289566;49.3;35.0
74;2021-07-08;3866;4921;412576;294487;49.8;35.5
74;2021-07-09;2671;6974;415247;301461;50.1;36.4
74;2021-07-10;1622;5132;416869;306593;50.3;37.0
74;2021-07-11;76;142;416945;306735;50.3;37.0
74;2021-07-12;2095;7899;419040;314634;50.6;38.0
74;2021-07-13;3966;7585;423006;322219;51.1;38.9
74;2021-07-14;1967;2238;424973;324457;51.3;39.2
74;2021-07-15;3593;6875;428566;331332;51.7;40.0
74;2021-07-16;4242;7738;432808;339070;52.2;40.9
74;2021-07-17;3004;5330;435812;344400;52.6;41.6
74;2021-07-18;156;155;435968;344555;52.6;41.6
74;2021-07-19;4295;7351;440263;351906;53.1;42.5
74;2021-07-20;5873;6467;446136;358373;53.9;43.3
74;2021-07-21;5669;6674;451805;365047;54.5;44.1
74;2021-07-22;4773;5324;456578;370371;55.1;44.7
74;2021-07-23;6227;6993;462805;377364;55.9;45.6
74;2021-07-24;3154;4314;465959;381678;56.2;46.1
74;2021-07-25;181;171;466140;381849;56.3;46.1
74;2021-07-26;5617;6134;471757;387983;56.9;46.8
74;2021-07-27;6852;5175;478609;393158;57.8;47.5
74;2021-07-28;6659;5102;485268;398260;58.6;48.1
74;2021-07-29;5278;3930;490546;402190;59.2;48.5
74;2021-07-30;6714;5503;497260;407693;60.0;49.2
74;2021-07-31;4377;3122;501637;410815;60.6;49.6
74;2021-08-01;183;148;501820;410963;60.6;49.6
74;2021-08-02;6262;4408;508082;415371;61.3;50.1
74;2021-08-03;6036;3860;514118;419231;62.1;50.6
74;2021-08-04;6322;3506;520440;422737;62.8;51.0
74;2021-08-05;4929;3265;525369;426002;63.4;51.4
74;2021-08-06;5064;4181;530433;430183;64.0;51.9
74;2021-08-07;3210;2899;533643;433082;64.4;52.3
74;2021-08-08;153;134;533796;433216;64.4;52.3
74;2021-08-09;4973;4828;538769;438044;65.0;52.9
74;2021-08-10;4985;4685;543754;442729;65.6;53.4
74;2021-08-11;4412;4889;548166;447618;66.2;54.0
74;2021-08-12;3607;3607;551773;451225;66.6;54.5
74;2021-08-13;3802;4624;555575;455849;67.1;55.0
74;2021-08-14;2182;3342;557757;459191;67.3;55.4
74;2021-08-15;62;102;557819;459293;67.3;55.4
74;2021-08-16;3858;5876;561677;465169;67.8;56.2
74;2021-08-17;3128;5486;564805;470655;68.2;56.8
74;2021-08-18;3080;5459;567885;476114;68.6;57.5
74;2021-08-19;2348;3898;570233;480012;68.8;57.9
74;2021-08-20;2617;5697;572850;485709;69.2;58.6
74;2021-08-21;1234;4273;574084;489982;69.3;59.1
74;2021-08-22;56;137;574140;490119;69.3;59.2
74;2021-08-23;2158;6697;576298;496816;69.6;60.0
74;2021-08-24;2167;5937;578465;502753;69.8;60.7
74;2021-08-25;1960;6293;580425;509046;70.1;61.4
74;2021-08-26;1547;3786;581972;512832;70.3;61.9
74;2021-08-27;1915;5508;583887;518340;70.5;62.6
74;2021-08-28;926;4039;584813;522379;70.6;63.1
74;2021-08-29;64;187;584877;522566;70.6;63.1
74;2021-08-30;1831;5483;586708;528049;70.8;63.7
74;2021-08-31;1667;5125;588375;533174;71.0;64.4
74;2021-09-01;1796;4153;590171;537327;71.2;64.9
74;2021-09-02;1214;3033;591385;540360;71.4;65.2
74;2021-09-03;1498;4186;592883;544546;71.6;65.7
74;2021-09-04;1143;2845;594026;547391;71.7;66.1
74;2021-09-05;48;96;594074;547487;71.7;66.1
74;2021-09-06;1238;3377;595312;550864;71.9;66.5
74;2021-09-07;1024;3053;596336;553917;72.0;66.9
74;2021-09-08;1298;3179;597634;557096;72.1;67.2
74;2021-09-09;1212;2210;598846;559306;72.3;67.5
74;2021-09-10;1112;3108;599958;562414;72.4;67.9
74;2021-09-11;753;2322;600711;564736;72.5;68.2
74;2021-09-12;40;80;600751;564816;72.5;68.2
74;2021-09-13;956;2631;601707;567447;72.6;68.5
74;2021-09-14;1054;2476;602761;569923;72.8;68.8
74;2021-09-15;1055;2268;603816;572191;72.9;69.1
74;2021-09-16;747;1030;604563;573221;73.0;69.2
74;2021-09-17;828;1847;605391;575068;73.1;69.4
74;2021-09-18;604;1670;605995;576738;73.2;69.6
74;2021-09-19;3;9;605998;576747;73.2;69.6
74;2021-09-20;799;1881;606797;578628;73.2;69.8
74;2021-09-21;637;1369;607434;579997;73.3;70.0
74;2021-09-22;616;2099;608050;582096;73.4;70.3
74;2021-09-23;639;994;608689;583090;73.5;70.4
74;2021-09-24;723;1968;609412;585058;73.6;70.6
74;2021-09-25;461;1617;609873;586675;73.6;70.8
74;2021-09-26;1;2;609874;586677;73.6;70.8
74;2021-09-27;569;1776;610443;588453;73.7;71.0
74;2021-09-28;390;954;610833;589407;73.7;71.1
75;2020-12-27;72;1;72;1;0.0;0.0
75;2020-12-28;63;0;135;1;0.0;0.0
75;2020-12-29;33;0;168;1;0.0;0.0
75;2020-12-30;86;0;254;1;0.0;0.0
75;2020-12-31;47;0;301;1;0.0;0.0
75;2021-01-01;62;3;363;4;0.0;0.0
75;2021-01-02;64;1;427;5;0.0;0.0
75;2021-01-03;107;1;534;6;0.0;0.0
75;2021-01-04;323;1;857;7;0.0;0.0
75;2021-01-05;882;10;1739;17;0.1;0.0
75;2021-01-06;1369;16;3108;33;0.1;0.0
75;2021-01-07;2070;19;5178;52;0.2;0.0
75;2021-01-08;2881;30;8059;82;0.4;0.0
75;2021-01-09;1097;2;9156;84;0.4;0.0
75;2021-01-10;1101;4;10257;88;0.5;0.0
75;2021-01-11;3118;46;13375;134;0.6;0.0
75;2021-01-12;3490;51;16865;185;0.8;0.0
75;2021-01-13;3575;44;20440;229;1.0;0.0
75;2021-01-14;3786;61;24226;290;1.1;0.0
75;2021-01-15;3340;46;27566;336;1.3;0.0
75;2021-01-16;1147;14;28713;350;1.3;0.0
75;2021-01-17;562;14;29275;364;1.4;0.0
75;2021-01-18;3290;69;32565;433;1.5;0.0
75;2021-01-19;3872;47;36437;480;1.7;0.0
75;2021-01-20;4437;59;40874;539;1.9;0.0
75;2021-01-21;4949;71;45823;610;2.1;0.0
75;2021-01-22;4606;69;50429;679;2.3;0.0
75;2021-01-23;1767;12;52196;691;2.4;0.0
75;2021-01-24;761;7;52957;698;2.5;0.0
75;2021-01-25;1739;24;54696;722;2.5;0.0
75;2021-01-26;2564;80;57260;802;2.7;0.0
75;2021-01-27;3166;148;60426;950;2.8;0.0
75;2021-01-28;4790;229;65216;1179;3.0;0.1
75;2021-01-29;4062;237;69278;1416;3.2;0.1
75;2021-01-30;1362;18;70640;1434;3.3;0.1
75;2021-01-31;225;3;70865;1437;3.3;0.1
75;2021-02-01;1634;339;72499;1776;3.4;0.1
75;2021-02-02;2151;583;74650;2359;3.5;0.1
75;2021-02-03;1894;631;76544;2990;3.6;0.1
75;2021-02-04;2153;1034;78697;4024;3.7;0.2
75;2021-02-05;2224;755;80921;4779;3.8;0.2
75;2021-02-06;1135;73;82056;4852;3.8;0.2
75;2021-02-07;178;6;82234;4858;3.8;0.2
75;2021-02-08;1266;1273;83500;6131;3.9;0.3
75;2021-02-09;1802;2186;85302;8317;4.0;0.4
75;2021-02-10;2427;2169;87729;10486;4.1;0.5
75;2021-02-11;2952;4878;90681;15364;4.2;0.7
75;2021-02-12;3132;2223;93813;17587;4.4;0.8
75;2021-02-13;857;820;94670;18407;4.4;0.9
75;2021-02-14;211;39;94881;18446;4.4;0.9
75;2021-02-15;1010;1888;95891;20334;4.5;0.9
75;2021-02-16;1464;5124;97355;25458;4.5;1.2
75;2021-02-17;1341;2436;98696;27894;4.6;1.3
75;2021-02-18;1778;4499;100474;32393;4.7;1.5
75;2021-02-19;2230;3259;102704;35652;4.8;1.7
75;2021-02-20;485;1280;103189;36932;4.8;1.7
75;2021-02-21;201;112;103390;37044;4.8;1.7
75;2021-02-22;1228;1475;104618;38519;4.9;1.8
75;2021-02-23;1467;1974;106085;40493;4.9;1.9
75;2021-02-24;1699;1739;107784;42232;5.0;2.0
75;2021-02-25;2795;4292;110579;46524;5.1;2.2
75;2021-02-26;3384;2050;113963;48574;5.3;2.3
75;2021-02-27;1407;690;115370;49264;5.4;2.3
75;2021-02-28;330;99;115700;49363;5.4;2.3
75;2021-03-01;2601;1337;118301;50700;5.5;2.4
75;2021-03-02;4192;1671;122493;52371;5.7;2.4
75;2021-03-03;5442;1870;127935;54241;6.0;2.5
75;2021-03-04;8061;2130;135996;56371;6.3;2.6
75;2021-03-05;10579;2270;146575;58641;6.8;2.7
75;2021-03-06;11081;951;157656;59592;7.3;2.8
75;2021-03-07;9512;1404;167168;60996;7.8;2.8
75;2021-03-08;5925;1376;173093;62372;8.1;2.9
75;2021-03-09;7536;1893;180629;64265;8.4;3.0
75;2021-03-10;7523;1952;188152;66217;8.8;3.1
75;2021-03-11;10365;2341;198517;68558;9.2;3.2
75;2021-03-12;12071;2407;210588;70965;9.8;3.3
75;2021-03-13;8560;749;219148;71714;10.2;3.3
75;2021-03-14;4175;260;223323;71974;10.4;3.4
75;2021-03-15;7475;963;230798;72937;10.7;3.4
75;2021-03-16;5168;680;235966;73617;11.0;3.4
75;2021-03-17;5432;823;241398;74440;11.2;3.5
75;2021-03-18;6628;851;248026;75291;11.5;3.5
75;2021-03-19;9768;984;257794;76275;12.0;3.6
75;2021-03-20;5942;601;263736;76876;12.3;3.6
75;2021-03-21;1594;424;265330;77300;12.4;3.6
75;2021-03-22;8664;1017;273994;78317;12.8;3.6
75;2021-03-23;10967;1255;284961;79572;13.3;3.7
75;2021-03-24;11014;1326;295975;80898;13.8;3.8
75;2021-03-25;14223;1539;310198;82437;14.4;3.8
75;2021-03-26;13989;1701;324187;84138;15.1;3.9
75;2021-03-27;7290;766;331477;84904;15.4;4.0
75;2021-03-28;1788;151;333265;85055;15.5;4.0
75;2021-03-29;7977;2171;341242;87226;15.9;4.1
75;2021-03-30;10948;3205;352190;90431;16.4;4.2
75;2021-03-31;9753;3562;361943;93993;16.8;4.4
75;2021-04-01;10714;5171;372657;99164;17.3;4.6
75;2021-04-02;9066;5534;381723;104698;17.8;4.9
75;2021-04-03;4126;4846;385849;109544;18.0;5.1
75;2021-04-04;1424;1455;387273;110999;18.0;5.2
75;2021-04-05;2258;1316;389531;112315;18.1;5.2
75;2021-04-06;6930;4253;396461;116568;18.5;5.4
75;2021-04-07;8105;4376;404566;120944;18.8;5.6
75;2021-04-08;11093;4167;415659;125111;19.3;5.8
75;2021-04-09;12218;4617;427877;129728;19.9;6.0
75;2021-04-10;5848;4236;433725;133964;20.2;6.2
75;2021-04-11;1949;1784;435674;135748;20.3;6.3
75;2021-04-12;7489;3782;443163;139530;20.6;6.5
75;2021-04-13;8573;6780;451736;146310;21.0;6.8
75;2021-04-14;8306;5214;460042;151524;21.4;7.1
75;2021-04-15;8929;6127;468971;157651;21.8;7.3
75;2021-04-16;9393;6104;478364;163755;22.3;7.6
75;2021-04-17;4822;3637;483186;167392;22.5;7.8
75;2021-04-18;1672;876;484858;168268;22.6;7.8
75;2021-04-19;5592;4939;490450;173207;22.8;8.1
75;2021-04-20;6472;5944;496922;179151;23.1;8.3
75;2021-04-21;6881;5562;503803;184713;23.5;8.6
75;2021-04-22;7548;5897;511351;190610;23.8;8.9
75;2021-04-23;8687;6438;520038;197048;24.2;9.2
75;2021-04-24;6183;3346;526221;200394;24.5;9.3
75;2021-04-25;2969;760;529190;201154;24.6;9.4
75;2021-04-26;7030;4698;536220;205852;25.0;9.6
75;2021-04-27;10600;6388;546820;212240;25.5;9.9
75;2021-04-28;12202;5982;559022;218222;26.0;10.2
75;2021-04-29;13764;6317;572786;224539;26.7;10.5
75;2021-04-30;13669;6145;586455;230684;27.3;10.7
75;2021-05-01;5081;1324;591536;232008;27.5;10.8
75;2021-05-02;2389;789;593925;232797;27.6;10.8
75;2021-05-03;10296;13446;604221;246243;28.1;11.5
75;2021-05-04;11195;8060;615416;254303;28.6;11.8
75;2021-05-05;13564;6694;628980;260997;29.3;12.1
75;2021-05-06;14008;8172;642988;269169;29.9;12.5
75;2021-05-07;13984;8556;656972;277725;30.6;12.9
75;2021-05-08;10085;5507;667057;283232;31.1;13.2
75;2021-05-09;3820;3179;670877;286411;31.2;13.3
75;2021-05-10;14298;6705;685175;293116;31.9;13.6
75;2021-05-11;16849;8383;702024;301499;32.7;14.0
75;2021-05-12;17963;8132;719987;309631;33.5;14.4
75;2021-05-13;13642;2487;733629;312118;34.1;14.5
75;2021-05-14;18395;5118;752024;317236;35.0;14.8
75;2021-05-15;12325;2654;764349;319890;35.6;14.9
75;2021-05-16;3860;758;768209;320648;35.8;14.9
75;2021-05-17;16011;4644;784220;325292;36.5;15.1
75;2021-05-18;19160;5309;803380;330601;37.4;15.4
75;2021-05-19;20728;10692;824108;341293;38.4;15.9
75;2021-05-20;21584;8655;845692;349948;39.4;16.3
75;2021-05-21;21030;6543;866722;356491;40.3;16.6
75;2021-05-22;15904;3295;882626;359786;41.1;16.7
75;2021-05-23;5639;1335;888265;361121;41.3;16.8
75;2021-05-24;15634;2558;903899;363679;42.1;16.9
75;2021-05-25;18035;9560;921934;373239;42.9;17.4
75;2021-05-26;18887;8196;940821;381435;43.8;17.8
75;2021-05-27;20141;9791;960962;391226;44.7;18.2
75;2021-05-28;19338;10827;980300;402053;45.6;18.7
75;2021-05-29;16114;5834;996414;407887;46.4;19.0
75;2021-05-30;7040;2157;1003454;410044;46.7;19.1
75;2021-05-31;18094;9429;1021548;419473;47.6;19.5
75;2021-06-01;18694;12963;1040242;432436;48.4;20.1
75;2021-06-02;18120;10294;1058362;442730;49.3;20.6
75;2021-06-03;20252;11946;1078614;454676;50.2;21.2
75;2021-06-04;18116;12824;1096730;467500;51.1;21.8
75;2021-06-05;11988;9614;1108718;477114;51.6;22.2
75;2021-06-06;6724;3157;1115442;480271;51.9;22.4
75;2021-06-07;13891;11815;1129333;492086;52.6;22.9
75;2021-06-08;14799;13953;1144132;506039;53.3;23.6
75;2021-06-09;16510;15234;1160642;521273;54.0;24.3
75;2021-06-10;18361;26286;1179003;547559;54.9;25.5
75;2021-06-11;15309;16455;1194312;564014;55.6;26.3
75;2021-06-12;13282;10001;1207594;574015;56.2;26.7
75;2021-06-13;6276;3794;1213870;577809;56.5;26.9
75;2021-06-14;11820;15390;1225690;593199;57.1;27.6
75;2021-06-15;12728;19541;1238418;612740;57.6;28.5
75;2021-06-16;12205;17232;1250623;629972;58.2;29.3
75;2021-06-17;12658;17667;1263281;647639;58.8;30.1
75;2021-06-18;11272;22600;1274553;670239;59.3;31.2
75;2021-06-19;7529;11820;1282082;682059;59.7;31.7
75;2021-06-20;2819;5473;1284901;687532;59.8;32.0
75;2021-06-21;8513;16327;1293414;703859;60.2;32.8
75;2021-06-22;8808;21792;1302222;725651;60.6;33.8
75;2021-06-23;10304;21423;1312526;747074;61.1;34.8
75;2021-06-24;11318;20638;1323844;767712;61.6;35.7
75;2021-06-25;9872;24681;1333716;792393;62.1;36.9
75;2021-06-26;7934;15419;1341650;807812;62.5;37.6
75;2021-06-27;2702;6325;1344352;814137;62.6;37.9
75;2021-06-28;8471;20143;1352823;834280;63.0;38.8
75;2021-06-29;9344;23819;1362167;858099;63.4;39.9
75;2021-06-30;10211;23620;1372378;881719;63.9;41.0
75;2021-07-01;11430;23511;1383808;905230;64.4;42.1
75;2021-07-02;10881;24770;1394689;930000;64.9;43.3
75;2021-07-03;7817;19801;1402506;949801;65.3;44.2
75;2021-07-04;3906;9556;1406412;959357;65.5;44.7
75;2021-07-05;9344;21581;1415756;980938;65.9;45.7
75;2021-07-06;10166;24008;1425922;1004946;66.4;46.8
75;2021-07-07;10157;25088;1436079;1030034;66.8;47.9
75;2021-07-08;10672;25021;1446751;1055055;67.3;49.1
75;2021-07-09;10865;24031;1457616;1079086;67.9;50.2
75;2021-07-10;7949;18499;1465565;1097585;68.2;51.1
75;2021-07-11;4350;8529;1469915;1106114;68.4;51.5
75;2021-07-12;9856;23084;1479771;1129198;68.9;52.6
75;2021-07-13;14392;24803;1494163;1154001;69.6;53.7
75;2021-07-14;8354;9725;1502517;1163726;69.9;54.2
75;2021-07-15;15586;25660;1518103;1189386;70.7;55.4
75;2021-07-16;15821;22143;1533924;1211529;71.4;56.4
75;2021-07-17;12198;16909;1546122;1228438;72.0;57.2
75;2021-07-18;6267;6841;1552389;1235279;72.3;57.5
75;2021-07-19;14400;21293;1566789;1256572;72.9;58.5
75;2021-07-20;16072;21898;1582861;1278470;73.7;59.5
75;2021-07-21;15714;20706;1598575;1299176;74.4;60.5
75;2021-07-22;17149;20089;1615724;1319265;75.2;61.4
75;2021-07-23;17164;19105;1632888;1338370;76.0;62.3
75;2021-07-24;11192;14076;1644080;1352446;76.5;63.0
75;2021-07-25;5003;5070;1649083;1357516;76.8;63.2
75;2021-07-26;15182;16871;1664265;1374387;77.5;64.0
75;2021-07-27;18143;16660;1682408;1391047;78.3;64.8
75;2021-07-28;17142;15481;1699550;1406528;79.1;65.5
75;2021-07-29;16772;15094;1716322;1421622;79.9;66.2
75;2021-07-30;16638;14349;1732960;1435971;80.7;66.8
75;2021-07-31;9342;9864;1742302;1445835;81.1;67.3
75;2021-08-01;3707;3255;1746009;1449090;81.3;67.5
75;2021-08-02;10951;11981;1756960;1461071;81.8;68.0
75;2021-08-03;11123;10836;1768083;1471907;82.3;68.5
75;2021-08-04;9729;9485;1777812;1481392;82.8;69.0
75;2021-08-05;8720;9551;1786532;1490943;83.2;69.4
75;2021-08-06;8249;9992;1794781;1500935;83.5;69.9
75;2021-08-07;5701;7156;1800482;1508091;83.8;70.2
75;2021-08-08;1958;3280;1802440;1511371;83.9;70.4
75;2021-08-09;8609;11473;1811049;1522844;84.3;70.9
75;2021-08-10;9264;11585;1820313;1534429;84.7;71.4
75;2021-08-11;7784;10143;1828097;1544572;85.1;71.9
75;2021-08-12;6922;10596;1835019;1555168;85.4;72.4
75;2021-08-13;6251;8866;1841270;1564034;85.7;72.8
75;2021-08-14;4110;7196;1845380;1571230;85.9;73.1
75;2021-08-15;1023;1935;1846403;1573165;85.9;73.2
75;2021-08-16;6130;14032;1852533;1587197;86.2;73.9
75;2021-08-17;5810;13600;1858343;1600797;86.5;74.5
75;2021-08-18;5074;12003;1863417;1612800;86.7;75.1
75;2021-08-19;4767;12685;1868184;1625485;87.0;75.7
75;2021-08-20;4553;11787;1872737;1637272;87.2;76.2
75;2021-08-21;3182;8809;1875919;1646081;87.3;76.6
75;2021-08-22;995;3163;1876914;1649244;87.4;76.8
75;2021-08-23;4914;15305;1881828;1664549;87.6;77.5
75;2021-08-24;4798;14532;1886626;1679081;87.8;78.2
75;2021-08-25;4514;12333;1891140;1691414;88.0;78.7
75;2021-08-26;4061;10280;1895201;1701694;88.2;79.2
75;2021-08-27;4445;11676;1899646;1713370;88.4;79.8
75;2021-08-28;3068;8302;1902714;1721672;88.6;80.1
75;2021-08-29;751;2018;1903465;1723690;88.6;80.2
75;2021-08-30;4506;14665;1907971;1738355;88.8;80.9
75;2021-08-31;4384;13813;1912355;1752168;89.0;81.6
75;2021-09-01;3912;11407;1916267;1763575;89.2;82.1
75;2021-09-02;3207;9617;1919474;1773192;89.3;82.5
75;2021-09-03;3667;10402;1923141;1783594;89.5;83.0
75;2021-09-04;3547;8923;1926688;1792517;89.7;83.4
75;2021-09-05;703;1715;1927391;1794232;89.7;83.5
75;2021-09-06;2570;8078;1929961;1802310;89.8;83.9
75;2021-09-07;2351;7379;1932312;1809689;89.9;84.2
75;2021-09-08;2557;7332;1934869;1817021;90.1;84.6
75;2021-09-09;2358;6829;1937227;1823850;90.2;84.9
75;2021-09-10;2670;8034;1939897;1831884;90.3;85.3
75;2021-09-11;2356;6969;1942253;1838853;90.4;85.6
75;2021-09-12;500;1197;1942753;1840050;90.4;85.7
75;2021-09-13;2256;6489;1945009;1846539;90.5;86.0
75;2021-09-14;2231;5655;1947240;1852194;90.6;86.2
75;2021-09-15;2271;4641;1949511;1856835;90.7;86.4
75;2021-09-16;1884;3708;1951395;1860543;90.8;86.6
75;2021-09-17;2523;4754;1953918;1865297;91.0;86.8
75;2021-09-18;1563;4677;1955481;1869974;91.0;87.0
75;2021-09-19;283;736;1955764;1870710;91.0;87.1
75;2021-09-20;1688;3642;1957452;1874352;91.1;87.2
75;2021-09-21;1616;3196;1959068;1877548;91.2;87.4
75;2021-09-22;1586;3959;1960654;1881507;91.3;87.6
75;2021-09-23;1409;2833;1962063;1884340;91.3;87.7
75;2021-09-24;1785;4019;1963848;1888359;91.4;87.9
75;2021-09-25;1259;4346;1965107;1892705;91.5;88.1
75;2021-09-26;271;523;1965378;1893228;91.5;88.1
75;2021-09-27;1298;3000;1966676;1896228;91.5;88.3
75;2021-09-28;1387;2460;1968063;1898688;91.6;88.4
76;2020-12-27;0;0;0;0;0.0;0.0
76;2020-12-28;1;0;1;0;0.0;0.0
76;2020-12-29;0;0;1;0;0.0;0.0
76;2020-12-30;0;0;1;0;0.0;0.0
76;2020-12-31;0;0;1;0;0.0;0.0
76;2021-01-01;0;0;1;0;0.0;0.0
76;2021-01-02;0;0;1;0;0.0;0.0
76;2021-01-03;0;0;1;0;0.0;0.0
76;2021-01-04;17;0;18;0;0.0;0.0
76;2021-01-05;138;0;156;0;0.0;0.0
76;2021-01-06;682;2;838;2;0.1;0.0
76;2021-01-07;1354;7;2192;9;0.2;0.0
76;2021-01-08;1537;2;3729;11;0.3;0.0
76;2021-01-09;735;2;4464;13;0.4;0.0
76;2021-01-10;492;1;4956;14;0.4;0.0
76;2021-01-11;1358;2;6314;16;0.5;0.0
76;2021-01-12;1358;2;7672;18;0.6;0.0
76;2021-01-13;1187;4;8859;22;0.7;0.0
76;2021-01-14;2178;23;11037;45;0.9;0.0
76;2021-01-15;1910;9;12947;54;1.0;0.0
76;2021-01-16;990;7;13937;61;1.1;0.0
76;2021-01-17;2898;19;16835;80;1.4;0.0
76;2021-01-18;4395;16;21230;96;1.7;0.0
76;2021-01-19;3020;8;24250;104;1.9;0.0
76;2021-01-20;2072;6;26322;110;2.1;0.0
76;2021-01-21;1773;4;28095;114;2.3;0.0
76;2021-01-22;1705;4;29800;118;2.4;0.0
76;2021-01-23;450;2;30250;120;2.4;0.0
76;2021-01-24;99;0;30349;120;2.4;0.0
76;2021-01-25;1475;135;31824;255;2.6;0.0
76;2021-01-26;1394;323;33218;578;2.7;0.0
76;2021-01-27;1341;411;34559;989;2.8;0.1
76;2021-01-28;1286;366;35845;1355;2.9;0.1
76;2021-01-29;1156;429;37001;1784;3.0;0.1
76;2021-01-30;283;274;37284;2058;3.0;0.2
76;2021-01-31;4;91;37288;2149;3.0;0.2
76;2021-02-01;841;738;38129;2887;3.1;0.2
76;2021-02-02;1055;941;39184;3828;3.2;0.3
76;2021-02-03;921;901;40105;4729;3.2;0.4
76;2021-02-04;976;1366;41081;6095;3.3;0.5
76;2021-02-05;975;1036;42056;7131;3.4;0.6
76;2021-02-06;261;770;42317;7901;3.4;0.6
76;2021-02-07;468;1481;42785;9382;3.4;0.8
76;2021-02-08;1921;3328;44706;12710;3.6;1.0
76;2021-02-09;1753;2600;46459;15310;3.7;1.2
76;2021-02-10;1488;1610;47947;16920;3.9;1.4
76;2021-02-11;1680;1297;49627;18217;4.0;1.5
76;2021-02-12;1706;1348;51333;19565;4.1;1.6
76;2021-02-13;230;278;51563;19843;4.1;1.6
76;2021-02-14;9;80;51572;19923;4.1;1.6
76;2021-02-15;552;1337;52124;21260;4.2;1.7
76;2021-02-16;742;1276;52866;22536;4.3;1.8
76;2021-02-17;626;1100;53492;23636;4.3;1.9
76;2021-02-18;780;1050;54272;24686;4.4;2.0
76;2021-02-19;870;1019;55142;25705;4.4;2.1
76;2021-02-20;270;228;55412;25933;4.5;2.1
76;2021-02-21;0;0;55412;25933;4.5;2.1
76;2021-02-22;371;943;55783;26876;4.5;2.2
76;2021-02-23;576;908;56359;27784;4.5;2.2
76;2021-02-24;600;902;56959;28686;4.6;2.3
76;2021-02-25;1665;956;58624;29642;4.7;2.4
76;2021-02-26;2171;817;60795;30459;4.9;2.4
76;2021-02-27;1109;229;61904;30688;5.0;2.5
76;2021-02-28;27;182;61931;30870;5.0;2.5
76;2021-03-01;830;1783;62761;32653;5.0;2.6
76;2021-03-02;1382;1464;64143;34117;5.2;2.7
76;2021-03-03;1942;1163;66085;35280;5.3;2.8
76;2021-03-04;2819;938;68904;36218;5.5;2.9
76;2021-03-05;4183;697;73087;36915;5.9;3.0
76;2021-03-06;3366;155;76453;37070;6.1;3.0
76;2021-03-07;1257;31;77710;37101;6.2;3.0
76;2021-03-08;2102;1101;79812;38202;6.4;3.1
76;2021-03-09;3574;1016;83386;39218;6.7;3.2
76;2021-03-10;3595;953;86981;40171;7.0;3.2
76;2021-03-11;5633;876;92614;41047;7.4;3.3
76;2021-03-12;6830;575;99444;41622;8.0;3.3
76;2021-03-13;4645;148;104089;41770;8.4;3.4
76;2021-03-14;1068;26;105157;41796;8.5;3.4
76;2021-03-15;2919;232;108076;42028;8.7;3.4
76;2021-03-16;2557;394;110633;42422;8.9;3.4
76;2021-03-17;2696;308;113329;42730;9.1;3.4
76;2021-03-18;3003;305;116332;43035;9.4;3.5
76;2021-03-19;4398;429;120730;43464;9.7;3.5
76;2021-03-20;3974;286;124704;43750;10.0;3.5
76;2021-03-21;838;16;125542;43766;10.1;3.5
76;2021-03-22;3992;349;129534;44115;10.4;3.5
76;2021-03-23;5709;355;135243;44470;10.9;3.6
76;2021-03-24;5701;393;140944;44863;11.3;3.6
76;2021-03-25;7505;575;148449;45438;11.9;3.7
76;2021-03-26;8721;589;157170;46027;12.6;3.7
76;2021-03-27;4809;391;161979;46418;13.0;3.7
76;2021-03-28;1021;32;163000;46450;13.1;3.7
76;2021-03-29;5388;817;168388;47267;13.5;3.8
76;2021-03-30;6587;1054;174975;48321;14.1;3.9
76;2021-03-31;6462;1257;181437;49578;14.6;4.0
76;2021-04-01;6786;2013;188223;51591;15.1;4.1
76;2021-04-02;6485;2676;194708;54267;15.7;4.4
76;2021-04-03;2442;1077;197150;55344;15.9;4.4
76;2021-04-04;265;10;197415;55354;15.9;4.5
76;2021-04-05;868;377;198283;55731;15.9;4.5
76;2021-04-06;3557;2779;201840;58510;16.2;4.7
76;2021-04-07;4415;2391;206255;60901;16.6;4.9
76;2021-04-08;5841;2775;212096;63676;17.1;5.1
76;2021-04-09;8803;3069;220899;66745;17.8;5.4
76;2021-04-10;4876;1422;225775;68167;18.2;5.5
76;2021-04-11;814;535;226589;68702;18.2;5.5
76;2021-04-12;4726;2844;231315;71546;18.6;5.8
76;2021-04-13;5925;2852;237240;74398;19.1;6.0
76;2021-04-14;4802;3126;242042;77524;19.5;6.2
76;2021-04-15;5562;3352;247604;80876;19.9;6.5
76;2021-04-16;7354;3441;254958;84317;20.5;6.8
76;2021-04-17;4386;1430;259344;85747;20.9;6.9
76;2021-04-18;339;141;259683;85888;20.9;6.9
76;2021-04-19;3478;3767;263161;89655;21.2;7.2
76;2021-04-20;4344;4276;267505;93931;21.5;7.6
76;2021-04-21;4192;4680;271697;98611;21.8;7.9
76;2021-04-22;4563;5435;276260;104046;22.2;8.4
76;2021-04-23;5444;5969;281704;110015;22.6;8.8
76;2021-04-24;4164;2190;285868;112205;23.0;9.0
76;2021-04-25;894;268;286762;112473;23.1;9.0
76;2021-04-26;4484;4461;291246;116934;23.4;9.4
76;2021-04-27;5000;4981;296246;121915;23.8;9.8
76;2021-04-28;5349;4145;301595;126060;24.2;10.1
76;2021-04-29;6926;4143;308521;130203;24.8;10.5
76;2021-04-30;8219;4606;316740;134809;25.5;10.8
76;2021-05-01;4827;1012;321567;135821;25.9;10.9
76;2021-05-02;1842;265;323409;136086;26.0;10.9
76;2021-05-03;4703;3297;328112;139383;26.4;11.2
76;2021-05-04;4822;4535;332934;143918;26.8;11.6
76;2021-05-05;4783;5167;337717;149085;27.2;12.0
76;2021-05-06;5923;5565;343640;154650;27.6;12.4
76;2021-05-07;6137;6738;349777;161388;28.1;13.0
76;2021-05-08;5056;908;354833;162296;28.5;13.0
76;2021-05-09;2538;234;357371;162530;28.7;13.1
76;2021-05-10;4947;5060;362318;167590;29.1;13.5
76;2021-05-11;6519;5675;368837;173265;29.7;13.9
76;2021-05-12;6263;5082;375100;178347;30.2;14.3
76;2021-05-13;8842;1284;383942;179631;30.9;14.4
76;2021-05-14;10415;4659;394357;184290;31.7;14.8
76;2021-05-15;9118;2456;403475;186746;32.4;15.0
76;2021-05-16;6236;479;409711;187225;32.9;15.1
76;2021-05-17;7226;3272;416937;190497;33.5;15.3
76;2021-05-18;8304;2815;425241;193312;34.2;15.5
76;2021-05-19;8401;3200;433642;196512;34.9;15.8
76;2021-05-20;9651;3427;443293;199939;35.6;16.1
76;2021-05-21;8368;4087;451661;204026;36.3;16.4
76;2021-05-22;7163;2357;458824;206383;36.9;16.6
76;2021-05-23;6388;416;465212;206799;37.4;16.6
76;2021-05-24;6864;1524;472076;208323;38.0;16.7
76;2021-05-25;8024;4085;480100;212408;38.6;17.1
76;2021-05-26;7570;3606;487670;216014;39.2;17.4
76;2021-05-27;8340;4694;496010;220708;39.9;17.7
76;2021-05-28;8231;6537;504241;227245;40.5;18.3
76;2021-05-29;6225;3511;510466;230756;41.0;18.6
76;2021-05-30;3148;431;513614;231187;41.3;18.6
76;2021-05-31;8166;3951;521780;235138;42.0;18.9
76;2021-06-01;9208;5018;530988;240156;42.7;19.3
76;2021-06-02;7930;4442;538918;244598;43.3;19.7
76;2021-06-03;9540;5392;548458;249990;44.1;20.1
76;2021-06-04;9240;6662;557698;256652;44.8;20.6
76;2021-06-05;6285;3798;563983;260450;45.3;20.9
76;2021-06-06;2556;649;566539;261099;45.5;21.0
76;2021-06-07;6978;5443;573517;266542;46.1;21.4
76;2021-06-08;8660;6266;582177;272808;46.8;21.9
76;2021-06-09;7210;6072;589387;278880;47.4;22.4
76;2021-06-10;7999;6558;597386;285438;48.0;22.9
76;2021-06-11;7575;8229;604961;293667;48.6;23.6
76;2021-06-12;7166;5876;612127;299543;49.2;24.1
76;2021-06-13;2961;1295;615088;300838;49.5;24.2
76;2021-06-14;6486;6719;621574;307557;50.0;24.7
76;2021-06-15;6300;7471;627874;315028;50.5;25.3
76;2021-06-16;6651;7483;634525;322511;51.0;25.9
76;2021-06-17;7011;7751;641536;330262;51.6;26.6
76;2021-06-18;7687;9225;649223;339487;52.2;27.3
76;2021-06-19;5987;6256;655210;345743;52.7;27.8
76;2021-06-20;2809;1818;658019;347561;52.9;27.9
76;2021-06-21;5589;8176;663608;355737;53.4;28.6
76;2021-06-22;4923;9865;668531;365602;53.7;29.4
76;2021-06-23;4727;9433;673258;375035;54.1;30.2
76;2021-06-24;4797;9913;678055;384948;54.5;30.9
76;2021-06-25;5222;11578;683277;396526;54.9;31.9
76;2021-06-26;3454;7874;686731;404400;55.2;32.5
76;2021-06-27;1366;5162;688097;409562;55.3;32.9
76;2021-06-28;3612;9945;691709;419507;55.6;33.7
76;2021-06-29;3872;10218;695581;429725;55.9;34.5
76;2021-06-30;4267;9837;699848;439562;56.3;35.3
76;2021-07-01;4596;9905;704444;449467;56.6;36.1
76;2021-07-02;4366;12002;708810;461469;57.0;37.1
76;2021-07-03;3584;8447;712394;469916;57.3;37.8
76;2021-07-04;1487;5305;713881;475221;57.4;38.2
76;2021-07-05;3956;9331;717837;484552;57.7;39.0
76;2021-07-06;4056;10074;721893;494626;58.0;39.8
76;2021-07-07;4012;9322;725905;503948;58.4;40.5
76;2021-07-08;4464;9456;730369;513404;58.7;41.3
76;2021-07-09;4364;12408;734733;525812;59.1;42.3
76;2021-07-10;3136;8547;737869;534359;59.3;43.0
76;2021-07-11;1777;2821;739646;537180;59.5;43.2
76;2021-07-12;3155;11148;742801;548328;59.7;44.1
76;2021-07-13;4934;12259;747735;560587;60.1;45.1
76;2021-07-14;4803;5546;752538;566133;60.5;45.5
76;2021-07-15;5912;11786;758450;577919;61.0;46.5
76;2021-07-16;6720;12007;765170;589926;61.5;47.4
76;2021-07-17;5277;8708;770447;598634;61.9;48.1
76;2021-07-18;2257;3357;772704;601991;62.1;48.4
76;2021-07-19;5160;11147;777864;613138;62.5;49.3
76;2021-07-20;6276;11617;784140;624755;63.0;50.2
76;2021-07-21;6342;10563;790482;635318;63.6;51.1
76;2021-07-22;8240;9649;798722;644967;64.2;51.9
76;2021-07-23;7642;11997;806364;656964;64.8;52.8
76;2021-07-24;4992;7718;811356;664682;65.2;53.4
76;2021-07-25;2873;3138;814229;667820;65.5;53.7
76;2021-07-26;5433;10144;819662;677964;65.9;54.5
76;2021-07-27;8337;9550;827999;687514;66.6;55.3
76;2021-07-28;8270;7824;836269;695338;67.2;55.9
76;2021-07-29;9589;6988;845858;702326;68.0;56.5
76;2021-07-30;8012;7845;853870;710171;68.7;57.1
76;2021-07-31;6613;5333;860483;715504;69.2;57.5
76;2021-08-01;3863;2085;864346;717589;69.5;57.7
76;2021-08-02;6561;7095;870907;724684;70.0;58.3
76;2021-08-03;7971;6358;878878;731042;70.7;58.8
76;2021-08-04;7258;5841;886136;736883;71.2;59.2
76;2021-08-05;8098;5726;894234;742609;71.9;59.7
76;2021-08-06;6810;6874;901044;749483;72.4;60.3
76;2021-08-07;4792;4382;905836;753865;72.8;60.6
76;2021-08-08;2408;2157;908244;756022;73.0;60.8
76;2021-08-09;5636;6737;913880;762759;73.5;61.3
76;2021-08-10;6350;6554;920230;769313;74.0;61.9
76;2021-08-11;6451;5494;926681;774807;74.5;62.3
76;2021-08-12;6044;6061;932725;780868;75.0;62.8
76;2021-08-13;5058;6207;937783;787075;75.4;63.3
76;2021-08-14;3838;4598;941621;791673;75.7;63.7
76;2021-08-15;1579;2357;943200;794030;75.8;63.8
76;2021-08-16;3665;6717;946865;800747;76.1;64.4
76;2021-08-17;3918;6945;950783;807692;76.4;64.9
76;2021-08-18;3747;6735;954530;814427;76.7;65.5
76;2021-08-19;3391;7169;957921;821596;77.0;66.1
76;2021-08-20;3433;7831;961354;829427;77.3;66.7
76;2021-08-21;1823;4220;963177;833647;77.4;67.0
76;2021-08-22;869;3295;964046;836942;77.5;67.3
76;2021-08-23;2624;7760;966670;844702;77.7;67.9
76;2021-08-24;2822;7589;969492;852291;77.9;68.5
76;2021-08-25;2628;7079;972120;859370;78.2;69.1
76;2021-08-26;2073;5798;974193;865168;78.3;69.6
76;2021-08-27;2695;7951;976888;873119;78.5;70.2
76;2021-08-28;2137;6062;979025;879181;78.7;70.7
76;2021-08-29;698;3013;979723;882194;78.8;70.9
76;2021-08-30;2165;7446;981888;889640;78.9;71.5
76;2021-08-31;1942;7336;983830;896976;79.1;72.1
76;2021-09-01;1722;6891;985552;903867;79.2;72.7
76;2021-09-02;1304;4993;986856;908860;79.3;73.1
76;2021-09-03;1593;7209;988449;916069;79.5;73.7
76;2021-09-04;1613;6346;990062;922415;79.6;74.2
76;2021-09-05;633;1948;990695;924363;79.7;74.3
76;2021-09-06;1311;5065;992006;929428;79.8;74.7
76;2021-09-07;1166;4403;993172;933831;79.9;75.1
76;2021-09-08;1265;5081;994437;938912;80.0;75.5
76;2021-09-09;1086;3578;995523;942490;80.0;75.8
76;2021-09-10;1697;4839;997220;947329;80.2;76.2
76;2021-09-11;1164;3606;998384;950935;80.3;76.5
76;2021-09-12;286;892;998670;951827;80.3;76.5
76;2021-09-13;823;3185;999493;955012;80.4;76.8
76;2021-09-14;1374;3679;1000867;958691;80.5;77.1
76;2021-09-15;1168;3266;1002035;961957;80.6;77.3
76;2021-09-16;1267;1951;1003302;963908;80.7;77.5
76;2021-09-17;1403;2894;1004705;966802;80.8;77.7
76;2021-09-18;733;2509;1005438;969311;80.8;77.9
76;2021-09-19;194;774;1005632;970085;80.9;78.0
76;2021-09-20;841;1808;1006473;971893;80.9;78.1
76;2021-09-21;765;1596;1007238;973489;81.0;78.3
76;2021-09-22;675;2291;1007913;975780;81.0;78.5
76;2021-09-23;753;1165;1008666;976945;81.1;78.5
76;2021-09-24;1059;2041;1009725;978986;81.2;78.7
76;2021-09-25;572;2128;1010297;981114;81.2;78.9
76;2021-09-26;125;416;1010422;981530;81.2;78.9
76;2021-09-27;625;1343;1011047;982873;81.3;79.0
76;2021-09-28;500;1121;1011547;983994;81.3;79.1
77;2020-12-27;1;0;1;0;0.0;0.0
77;2020-12-28;2;0;3;0;0.0;0.0
77;2020-12-29;0;0;3;0;0.0;0.0
77;2020-12-30;0;0;3;0;0.0;0.0
77;2020-12-31;0;0;3;0;0.0;0.0
77;2021-01-01;4;0;7;0;0.0;0.0
77;2021-01-02;2;0;9;0;0.0;0.0
77;2021-01-03;0;0;9;0;0.0;0.0
77;2021-01-04;7;0;16;0;0.0;0.0
77;2021-01-05;199;0;215;0;0.0;0.0
77;2021-01-06;237;2;452;2;0.0;0.0
77;2021-01-07;521;4;973;6;0.1;0.0
77;2021-01-08;621;0;1594;6;0.1;0.0
77;2021-01-09;272;1;1866;7;0.1;0.0
77;2021-01-10;235;2;2101;9;0.1;0.0
77;2021-01-11;782;3;2883;12;0.2;0.0
77;2021-01-12;884;1;3767;13;0.3;0.0
77;2021-01-13;941;1;4708;14;0.3;0.0
77;2021-01-14;849;7;5557;21;0.4;0.0
77;2021-01-15;859;10;6416;31;0.5;0.0
77;2021-01-16;168;1;6584;32;0.5;0.0
77;2021-01-17;132;2;6716;34;0.5;0.0
77;2021-01-18;1195;4;7911;38;0.6;0.0
77;2021-01-19;1721;13;9632;51;0.7;0.0
77;2021-01-20;2540;9;12172;60;0.9;0.0
77;2021-01-21;2062;25;14234;85;1.0;0.0
77;2021-01-22;1148;7;15382;92;1.1;0.0
77;2021-01-23;350;0;15732;92;1.1;0.0
77;2021-01-24;45;0;15777;92;1.1;0.0
77;2021-01-25;941;22;16718;114;1.2;0.0
77;2021-01-26;1715;24;18433;138;1.3;0.0
77;2021-01-27;1364;23;19797;161;1.4;0.0
77;2021-01-28;1699;89;21496;250;1.5;0.0
77;2021-01-29;1289;139;22785;389;1.6;0.0
77;2021-01-30;211;2;22996;391;1.6;0.0
77;2021-01-31;1;0;22997;391;1.6;0.0
77;2021-02-01;570;191;23567;582;1.7;0.0
77;2021-02-02;872;243;24439;825;1.7;0.1
77;2021-02-03;795;490;25234;1315;1.8;0.1
77;2021-02-04;789;758;26023;2073;1.8;0.1
77;2021-02-05;857;765;26880;2838;1.9;0.2
77;2021-02-06;165;95;27045;2933;1.9;0.2
77;2021-02-07;17;87;27062;3020;1.9;0.2
77;2021-02-08;498;826;27560;3846;1.9;0.3
77;2021-02-09;590;1351;28150;5197;2.0;0.4
77;2021-02-10;1028;1666;29178;6863;2.0;0.5
77;2021-02-11;1060;1504;30238;8367;2.1;0.6
77;2021-02-12;1098;1036;31336;9403;2.2;0.7
77;2021-02-13;189;167;31525;9570;2.2;0.7
77;2021-02-14;12;56;31537;9626;2.2;0.7
77;2021-02-15;555;723;32092;10349;2.3;0.7
77;2021-02-16;598;1176;32690;11525;2.3;0.8
77;2021-02-17;514;962;33204;12487;2.3;0.9
77;2021-02-18;838;1344;34042;13831;2.4;1.0
77;2021-02-19;776;904;34818;14735;2.4;1.0
77;2021-02-20;54;131;34872;14866;2.4;1.0
77;2021-02-21;7;31;34879;14897;2.5;1.0
77;2021-02-22;303;540;35182;15437;2.5;1.1
77;2021-02-23;360;817;35542;16254;2.5;1.1
77;2021-02-24;513;657;36055;16911;2.5;1.2
77;2021-02-25;794;737;36849;17648;2.6;1.2
77;2021-02-26;840;661;37689;18309;2.6;1.3
77;2021-02-27;459;118;38148;18427;2.7;1.3
77;2021-02-28;33;5;38181;18432;2.7;1.3
77;2021-03-01;679;575;38860;19007;2.7;1.3
77;2021-03-02;1091;872;39951;19879;2.8;1.4
77;2021-03-03;1958;1038;41909;20917;2.9;1.5
77;2021-03-04;2795;994;44704;21911;3.1;1.5
77;2021-03-05;3374;904;48078;22815;3.4;1.6
77;2021-03-06;4825;247;52903;23062;3.7;1.6
77;2021-03-07;3193;111;56096;23173;3.9;1.6
77;2021-03-08;1230;461;57326;23634;4.0;1.7
77;2021-03-09;2508;569;59834;24203;4.2;1.7
77;2021-03-10;2397;527;62231;24730;4.4;1.7
77;2021-03-11;3502;747;65733;25477;4.6;1.8
77;2021-03-12;3890;653;69623;26130;4.9;1.8
77;2021-03-13;4478;199;74101;26329;5.2;1.8
77;2021-03-14;2153;111;76254;26440;5.4;1.9
77;2021-03-15;2511;269;78765;26709;5.5;1.9
77;2021-03-16;2444;371;81209;27080;5.7;1.9
77;2021-03-17;2555;417;83764;27497;5.9;1.9
77;2021-03-18;3011;387;86775;27884;6.1;2.0
77;2021-03-19;3359;428;90134;28312;6.3;2.0
77;2021-03-20;1967;77;92101;28389;6.5;2.0
77;2021-03-21;243;14;92344;28403;6.5;2.0
77;2021-03-22;3019;393;95363;28796;6.7;2.0
77;2021-03-23;4520;522;99883;29318;7.0;2.1
77;2021-03-24;4155;612;104038;29930;7.3;2.1
77;2021-03-25;5908;399;109946;30329;7.7;2.1
77;2021-03-26;6268;449;116214;30778;8.2;2.2
77;2021-03-27;3323;123;119537;30901;8.4;2.2
77;2021-03-28;1730;49;121267;30950;8.5;2.2
77;2021-03-29;2654;683;123921;31633;8.7;2.2
77;2021-03-30;3995;1179;127916;32812;9.0;2.3
77;2021-03-31;3755;1218;131671;34030;9.2;2.4
77;2021-04-01;4143;1797;135814;35827;9.5;2.5
77;2021-04-02;3992;2007;139806;37834;9.8;2.7
77;2021-04-03;1743;2271;141549;40105;9.9;2.8
77;2021-04-04;421;1424;141970;41529;10.0;2.9
77;2021-04-05;161;164;142131;41693;10.0;2.9
77;2021-04-06;2721;1923;144852;43616;10.2;3.1
77;2021-04-07;3320;2085;148172;45701;10.4;3.2
77;2021-04-08;4532;2362;152704;48063;10.7;3.4
77;2021-04-09;4854;2086;157558;50149;11.1;3.5
77;2021-04-10;3074;2750;160632;52899;11.3;3.7
77;2021-04-11;586;716;161218;53615;11.3;3.8
77;2021-04-12;2230;1820;163448;55435;11.5;3.9
77;2021-04-13;3359;2633;166807;58068;11.7;4.1
77;2021-04-14;2519;2651;169326;60719;11.9;4.3
77;2021-04-15;3319;3113;172645;63832;12.1;4.5
77;2021-04-16;3575;2717;176220;66549;12.4;4.7
77;2021-04-17;1386;477;177606;67026;12.5;4.7
77;2021-04-18;150;11;177756;67037;12.5;4.7
77;2021-04-19;2083;2512;179839;69549;12.6;4.9
77;2021-04-20;2572;3379;182411;72928;12.8;5.1
77;2021-04-21;2194;3472;184605;76400;13.0;5.4
77;2021-04-22;3002;3855;187607;80255;13.2;5.6
77;2021-04-23;3531;3640;191138;83895;13.4;5.9
77;2021-04-24;4900;2498;196038;86393;13.8;6.1
77;2021-04-25;4078;1239;200116;87632;14.1;6.2
77;2021-04-26;3225;2041;203341;89673;14.3;6.3
77;2021-04-27;3996;2506;207337;92179;14.6;6.5
77;2021-04-28;4067;2607;211404;94786;14.8;6.7
77;2021-04-29;4482;3063;215886;97849;15.2;6.9
77;2021-04-30;4910;3326;220796;101175;15.5;7.1
77;2021-05-01;2465;593;223261;101768;15.7;7.1
77;2021-05-02;3141;276;226402;102044;15.9;7.2
77;2021-05-03;5991;2069;232393;104113;16.3;7.3
77;2021-05-04;6437;2990;238830;107103;16.8;7.5
77;2021-05-05;6018;3022;244848;110125;17.2;7.7
77;2021-05-06;6886;3591;251734;113716;17.7;8.0
77;2021-05-07;8204;3257;259938;116973;18.3;8.2
77;2021-05-08;5718;810;265656;117783;18.7;8.3
77;2021-05-09;4905;482;270561;118265;19.0;8.3
77;2021-05-10;8086;2327;278647;120592;19.6;8.5
77;2021-05-11;9577;2910;288224;123502;20.2;8.7
77;2021-05-12;8977;2276;297201;125778;20.9;8.8
77;2021-05-13;9302;878;306503;126656;21.5;8.9
77;2021-05-14;10438;1669;316941;128325;22.3;9.0
77;2021-05-15;8991;1247;325932;129572;22.9;9.1
77;2021-05-16;5151;470;331083;130042;23.3;9.1
77;2021-05-17;10371;1476;341454;131518;24.0;9.2
77;2021-05-18;11783;1803;353237;133321;24.8;9.4
77;2021-05-19;10917;1601;364154;134922;25.6;9.5
77;2021-05-20;12214;2154;376368;137076;26.4;9.6
77;2021-05-21;11652;2694;388020;139770;27.3;9.8
77;2021-05-22;9817;1737;397837;141507;27.9;9.9
77;2021-05-23;6978;815;404815;142322;28.4;10.0
77;2021-05-24;6762;778;411577;143100;28.9;10.1
77;2021-05-25;8316;2817;419893;145917;29.5;10.2
77;2021-05-26;7561;2978;427454;148895;30.0;10.5
77;2021-05-27;7552;3967;435006;152862;30.6;10.7
77;2021-05-28;7633;3995;442639;156857;31.1;11.0
77;2021-05-29;7353;2319;449992;159176;31.6;11.2
77;2021-05-30;4355;891;454347;160067;31.9;11.2
77;2021-05-31;8382;3833;462729;163900;32.5;11.5
77;2021-06-01;9645;4372;472374;168272;33.2;11.8
77;2021-06-02;9005;3927;481379;172199;33.8;12.1
77;2021-06-03;9001;5258;490380;177457;34.4;12.5
77;2021-06-04;9114;5489;499494;182946;35.1;12.9
77;2021-06-05;6660;4982;506154;187928;35.6;13.2
77;2021-06-06;4909;3210;511063;191138;35.9;13.4
77;2021-06-07;6421;4534;517484;195672;36.4;13.7
77;2021-06-08;5726;5223;523210;200895;36.8;14.1
77;2021-06-09;5059;4956;528269;205851;37.1;14.5
77;2021-06-10;5014;5455;533283;211306;37.5;14.8
77;2021-06-11;5752;6025;539035;217331;37.9;15.3
77;2021-06-12;6543;4752;545578;222083;38.3;15.6
77;2021-06-13;3507;3052;549085;225135;38.6;15.8
77;2021-06-14;3219;7932;552304;233067;38.8;16.4
77;2021-06-15;4125;8477;556429;241544;39.1;17.0
77;2021-06-16;4804;8378;561233;249922;39.4;17.6
77;2021-06-17;4467;9021;565700;258943;39.7;18.2
77;2021-06-18;4365;9785;570065;268728;40.0;18.9
77;2021-06-19;5305;6931;575370;275659;40.4;19.4
77;2021-06-20;2096;3801;577466;279460;40.6;19.6
77;2021-06-21;3228;9580;580694;289040;40.8;20.3
77;2021-06-22;3665;11371;584359;300411;41.0;21.1
77;2021-06-23;3443;10049;587802;310460;41.3;21.8
77;2021-06-24;3359;10911;591161;321371;41.5;22.6
77;2021-06-25;3622;10798;594783;332169;41.8;23.3
77;2021-06-26;4086;10069;598869;342238;42.1;24.0
77;2021-06-27;2123;6427;600992;348665;42.2;24.5
77;2021-06-28;2796;10830;603788;359495;42.4;25.3
77;2021-06-29;3416;12524;607204;372019;42.7;26.1
77;2021-06-30;3290;11450;610494;383469;42.9;26.9
77;2021-07-01;3296;11649;613790;395118;43.1;27.8
77;2021-07-02;3463;12252;617253;407370;43.4;28.6
77;2021-07-03;3184;10801;620437;418171;43.6;29.4
77;2021-07-04;1996;6490;622433;424661;43.7;29.8
77;2021-07-05;3584;9542;626017;434203;44.0;30.5
77;2021-07-06;3735;9524;629752;443727;44.2;31.2
77;2021-07-07;4051;8950;633803;452677;44.5;31.8
77;2021-07-08;3934;8760;637737;461437;44.8;32.4
77;2021-07-09;4712;10339;642449;471776;45.1;33.1
77;2021-07-10;4043;9841;646492;481617;45.4;33.8
77;2021-07-11;3090;5093;649582;486710;45.6;34.2
77;2021-07-12;3285;10871;652867;497581;45.9;35.0
77;2021-07-13;6161;12032;659028;509613;46.3;35.8
77;2021-07-14;3602;6447;662630;516060;46.5;36.3
77;2021-07-15;7189;11972;669819;528032;47.1;37.1
77;2021-07-16;7824;9891;677643;537923;47.6;37.8
77;2021-07-17;5792;9464;683435;547387;48.0;38.5
77;2021-07-18;4137;5329;687572;552716;48.3;38.8
77;2021-07-19;7516;8955;695088;561671;48.8;39.5
77;2021-07-20;9657;8042;704745;569713;49.5;40.0
77;2021-07-21;9524;7480;714269;577193;50.2;40.5
77;2021-07-22;10558;7551;724827;584744;50.9;41.1
77;2021-07-23;9877;8203;734704;592947;51.6;41.7
77;2021-07-24;7214;7876;741918;600823;52.1;42.2
77;2021-07-25;5898;4036;747816;604859;52.5;42.5
77;2021-07-26;9210;5967;757026;610826;53.2;42.9
77;2021-07-27;10951;6047;767977;616873;53.9;43.3
77;2021-07-28;9490;6426;777467;623299;54.6;43.8
77;2021-07-29;9537;5513;787004;628812;55.3;44.2
77;2021-07-30;9744;6365;796748;635177;56.0;44.6
77;2021-07-31;7258;6632;804006;641809;56.5;45.1
77;2021-08-01;2953;1216;806959;643025;56.7;45.2
77;2021-08-02;7130;5732;814089;648757;57.2;45.6
77;2021-08-03;5855;4525;819944;653282;57.6;45.9
77;2021-08-04;4737;4388;824681;657670;57.9;46.2
77;2021-08-05;3259;2971;827940;660641;58.2;46.4
77;2021-08-06;5982;5262;833922;665903;58.6;46.8
77;2021-08-07;5293;6792;839215;672695;58.9;47.3
77;2021-08-08;1976;1863;841191;674558;59.1;47.4
77;2021-08-09;5092;6583;846283;681141;59.4;47.8
77;2021-08-10;2709;3579;848992;684720;59.6;48.1
77;2021-08-11;3120;6239;852112;690959;59.9;48.5
77;2021-08-12;2260;3575;854372;694534;60.0;48.8
77;2021-08-13;2731;4893;857103;699427;60.2;49.1
77;2021-08-14;2952;7330;860055;706757;60.4;49.6
77;2021-08-15;789;773;860844;707530;60.5;49.7
77;2021-08-16;2419;6986;863263;714516;60.6;50.2
77;2021-08-17;2897;7212;866160;721728;60.8;50.7
77;2021-08-18;2683;6560;868843;728288;61.0;51.2
77;2021-08-19;2649;5104;871492;733392;61.2;51.5
77;2021-08-20;2690;5686;874182;739078;61.4;51.9
77;2021-08-21;2715;7336;876897;746414;61.6;52.4
77;2021-08-22;1734;5343;878631;751757;61.7;52.8
77;2021-08-23;2470;9618;881101;761375;61.9;53.5
77;2021-08-24;3063;9241;884164;770616;62.1;54.1
77;2021-08-25;2562;6535;886726;777151;62.3;54.6
77;2021-08-26;2560;6255;889286;783406;62.5;55.0
77;2021-08-27;2777;6993;892063;790399;62.7;55.5
77;2021-08-28;1972;7249;894035;797648;62.8;56.0
77;2021-08-29;1482;5150;895517;802798;62.9;56.4
77;2021-08-30;2518;8150;898035;810948;63.1;57.0
77;2021-08-31;2845;5735;900880;816683;63.3;57.4
77;2021-09-01;2231;3851;903111;820534;63.4;57.6
77;2021-09-02;1606;3147;904717;823681;63.6;57.9
77;2021-09-03;2124;4557;906841;828238;63.7;58.2
77;2021-09-04;2420;5776;909261;834014;63.9;58.6
77;2021-09-05;898;1557;910159;835571;63.9;58.7
77;2021-09-06;1060;2318;911219;837889;64.0;58.9
77;2021-09-07;842;2291;912061;840180;64.1;59.0
77;2021-09-08;1696;3578;913757;843758;64.2;59.3
77;2021-09-09;957;2207;914714;845965;64.3;59.4
77;2021-09-10;1186;2565;915900;848530;64.3;59.6
77;2021-09-11;2035;5700;917935;854230;64.5;60.0
77;2021-09-12;521;1422;918456;855652;64.5;60.1
77;2021-09-13;880;2312;919336;857964;64.6;60.3
77;2021-09-14;1015;2154;920351;860118;64.6;60.4
77;2021-09-15;1169;2521;921520;862639;64.7;60.6
77;2021-09-16;952;1498;922472;864137;64.8;60.7
77;2021-09-17;1153;2019;923625;866156;64.9;60.8
77;2021-09-18;1296;3580;924921;869736;65.0;61.1
77;2021-09-19;232;1182;925153;870918;65.0;61.2
77;2021-09-20;796;1623;925949;872541;65.0;61.3
77;2021-09-21;787;1500;926736;874041;65.1;61.4
77;2021-09-22;746;2479;927482;876520;65.2;61.6
77;2021-09-23;569;1506;928051;878026;65.2;61.7
77;2021-09-24;803;1943;928854;879969;65.2;61.8
77;2021-09-25;999;3953;929853;883922;65.3;62.1
77;2021-09-26;204;755;930057;884677;65.3;62.1
77;2021-09-27;644;1309;930701;885986;65.4;62.2
77;2021-09-28;754;831;931455;886817;65.4;62.3
78;2020-12-27;2;0;2;0;0.0;0.0
78;2020-12-28;1;1;3;1;0.0;0.0
78;2020-12-29;0;0;3;1;0.0;0.0
78;2020-12-30;0;0;3;1;0.0;0.0
78;2020-12-31;15;0;18;1;0.0;0.0
78;2021-01-01;1;0;19;1;0.0;0.0
78;2021-01-02;1;0;20;1;0.0;0.0
78;2021-01-03;3;0;23;1;0.0;0.0
78;2021-01-04;145;3;168;4;0.0;0.0
78;2021-01-05;175;1;343;5;0.0;0.0
78;2021-01-06;208;3;551;8;0.0;0.0
78;2021-01-07;469;2;1020;10;0.1;0.0
78;2021-01-08;650;3;1670;13;0.1;0.0
78;2021-01-09;22;0;1692;13;0.1;0.0
78;2021-01-10;2;0;1694;13;0.1;0.0
78;2021-01-11;792;3;2486;16;0.2;0.0
78;2021-01-12;945;5;3431;21;0.2;0.0
78;2021-01-13;741;8;4172;29;0.3;0.0
78;2021-01-14;812;9;4984;38;0.3;0.0
78;2021-01-15;848;10;5832;48;0.4;0.0
78;2021-01-16;32;0;5864;48;0.4;0.0
78;2021-01-17;0;0;5864;48;0.4;0.0
78;2021-01-18;1385;21;7249;69;0.5;0.0
78;2021-01-19;1841;28;9090;97;0.6;0.0
78;2021-01-20;1651;15;10741;112;0.7;0.0
78;2021-01-21;3259;16;14000;128;1.0;0.0
78;2021-01-22;2216;17;16216;145;1.1;0.0
78;2021-01-23;280;0;16496;145;1.1;0.0
78;2021-01-24;5;0;16501;145;1.1;0.0
78;2021-01-25;957;26;17458;171;1.2;0.0
78;2021-01-26;1560;19;19018;190;1.3;0.0
78;2021-01-27;2062;38;21080;228;1.5;0.0
78;2021-01-28;2439;89;23519;317;1.6;0.0
78;2021-01-29;1491;57;25010;374;1.7;0.0
78;2021-01-30;210;2;25220;376;1.7;0.0
78;2021-01-31;3;0;25223;376;1.7;0.0
78;2021-02-01;788;211;26011;587;1.8;0.0
78;2021-02-02;967;318;26978;905;1.9;0.1
78;2021-02-03;975;217;27953;1122;1.9;0.1
78;2021-02-04;1117;414;29070;1536;2.0;0.1
78;2021-02-05;1191;447;30261;1983;2.1;0.1
78;2021-02-06;200;44;30461;2027;2.1;0.1
78;2021-02-07;139;13;30600;2040;2.1;0.1
78;2021-02-08;760;538;31360;2578;2.2;0.2
78;2021-02-09;1122;860;32482;3438;2.2;0.2
78;2021-02-10;1245;1067;33727;4505;2.3;0.3
78;2021-02-11;1820;1682;35547;6187;2.5;0.4
78;2021-02-12;1820;1242;37367;7429;2.6;0.5
78;2021-02-13;173;63;37540;7492;2.6;0.5
78;2021-02-14;27;23;37567;7515;2.6;0.5
78;2021-02-15;447;1129;38014;8644;2.6;0.6
78;2021-02-16;628;1299;38642;9943;2.7;0.7
78;2021-02-17;588;1926;39230;11869;2.7;0.8
78;2021-02-18;998;1911;40228;13780;2.8;1.0
78;2021-02-19;820;1440;41048;15220;2.8;1.1
78;2021-02-20;148;102;41196;15322;2.8;1.1
78;2021-02-21;0;12;41196;15334;2.8;1.1
78;2021-02-22;502;809;41698;16143;2.9;1.1
78;2021-02-23;540;895;42238;17038;2.9;1.2
78;2021-02-24;619;1030;42857;18068;3.0;1.2
78;2021-02-25;867;913;43724;18981;3.0;1.3
78;2021-02-26;1131;1015;44855;19996;3.1;1.4
78;2021-02-27;740;115;45595;20111;3.1;1.4
78;2021-02-28;68;18;45663;20129;3.2;1.4
78;2021-03-01;966;702;46629;20831;3.2;1.4
78;2021-03-02;1728;885;48357;21716;3.3;1.5
78;2021-03-03;1965;1053;50322;22769;3.5;1.6
78;2021-03-04;2950;1412;53272;24181;3.7;1.7
78;2021-03-05;3255;1471;56527;25652;3.9;1.8
78;2021-03-06;6244;284;62771;25936;4.3;1.8
78;2021-03-07;3444;104;66215;26040;4.6;1.8
78;2021-03-08;1462;669;67677;26709;4.7;1.8
78;2021-03-09;2940;832;70617;27541;4.9;1.9
78;2021-03-10;3081;1034;73698;28575;5.1;2.0
78;2021-03-11;4177;1237;77875;29812;5.4;2.1
78;2021-03-12;5371;1284;83246;31096;5.7;2.1
78;2021-03-13;4657;198;87903;31294;6.1;2.2
78;2021-03-14;1036;41;88939;31335;6.1;2.2
78;2021-03-15;3620;266;92559;31601;6.4;2.2
78;2021-03-16;2567;561;95126;32162;6.6;2.2
78;2021-03-17;2969;434;98095;32596;6.8;2.3
78;2021-03-18;3780;443;101875;33039;7.0;2.3
78;2021-03-19;5317;484;107192;33523;7.4;2.3
78;2021-03-20;2259;129;109451;33652;7.6;2.3
78;2021-03-21;167;7;109618;33659;7.6;2.3
78;2021-03-22;3530;378;113148;34037;7.8;2.3
78;2021-03-23;5231;538;118379;34575;8.2;2.4
78;2021-03-24;4892;551;123271;35126;8.5;2.4
78;2021-03-25;6940;562;130211;35688;9.0;2.5
78;2021-03-26;6943;706;137154;36394;9.5;2.5
78;2021-03-27;3746;196;140900;36590;9.7;2.5
78;2021-03-28;1918;54;142818;36644;9.9;2.5
78;2021-03-29;3864;759;146682;37403;10.1;2.6
78;2021-03-30;5525;1049;152207;38452;10.5;2.7
78;2021-03-31;5334;1289;157541;39741;10.9;2.7
78;2021-04-01;5591;2348;163132;42089;11.3;2.9
78;2021-04-02;5194;2621;168326;44710;11.6;3.1
78;2021-04-03;2198;2562;170524;47272;11.8;3.3
78;2021-04-04;174;14;170698;47286;11.8;3.3
78;2021-04-05;199;19;170897;47305;11.8;3.3
78;2021-04-06;3618;2300;174515;49605;12.0;3.4
78;2021-04-07;4356;2582;178871;52187;12.3;3.6
78;2021-04-08;5524;2669;184395;54856;12.7;3.8
78;2021-04-09;6907;2441;191302;57297;13.2;4.0
78;2021-04-10;3995;1903;195297;59200;13.5;4.1
78;2021-04-11;374;606;195671;59806;13.5;4.1
78;2021-04-12;3531;2356;199202;62162;13.8;4.3
78;2021-04-13;5461;2499;204663;64661;14.1;4.5
78;2021-04-14;4954;3382;209617;68043;14.5;4.7
78;2021-04-15;4616;3852;214233;71895;14.8;5.0
78;2021-04-16;5625;4016;219858;75911;15.2;5.2
78;2021-04-17;3610;716;223468;76627;15.4;5.3
78;2021-04-18;272;42;223740;76669;15.4;5.3
78;2021-04-19;3245;2812;226985;79481;15.7;5.5
78;2021-04-20;4709;3682;231694;83163;16.0;5.7
78;2021-04-21;4533;3503;236227;86666;16.3;6.0
78;2021-04-22;4566;4693;240793;91359;16.6;6.3
78;2021-04-23;5059;4429;245852;95788;17.0;6.6
78;2021-04-24;4865;2614;250717;98402;17.3;6.8
78;2021-04-25;3047;1731;253764;100133;17.5;6.9
78;2021-04-26;4768;3317;258532;103450;17.8;7.1
78;2021-04-27;5474;4295;264006;107745;18.2;7.4
78;2021-04-28;5650;4773;269656;112518;18.6;7.8
78;2021-04-29;6263;4056;275919;116574;19.0;8.0
78;2021-04-30;7207;4445;283126;121019;19.5;8.4
78;2021-05-01;612;254;283738;121273;19.6;8.4
78;2021-05-02;2009;164;285747;121437;19.7;8.4
78;2021-05-03;7464;1271;293211;122708;20.2;8.5
78;2021-05-04;6076;3968;299287;126676;20.7;8.7
78;2021-05-05;7295;4545;306582;131221;21.2;9.1
78;2021-05-06;6480;5164;313062;136385;21.6;9.4
78;2021-05-07;8308;5112;321370;141497;22.2;9.8
78;2021-05-08;2916;1446;324286;142943;22.4;9.9
78;2021-05-09;2819;351;327105;143294;22.6;9.9
78;2021-05-10;7343;4447;334448;147741;23.1;10.2
78;2021-05-11;8143;5405;342591;153146;23.6;10.6
78;2021-05-12;8729;3912;351320;157058;24.3;10.8
78;2021-05-13;6628;600;357948;157658;24.7;10.9
78;2021-05-14;10216;2216;368164;159874;25.4;11.0
78;2021-05-15;4934;2359;373098;162233;25.8;11.2
78;2021-05-16;3696;792;376794;163025;26.0;11.3
78;2021-05-17;8741;1348;385535;164373;26.6;11.3
78;2021-05-18;9886;1894;395421;166267;27.3;11.5
78;2021-05-19;11650;1711;407071;167978;28.1;11.6
78;2021-05-20;11595;2262;418666;170240;28.9;11.8
78;2021-05-21;12120;2618;430786;172858;29.7;11.9
78;2021-05-22;6537;1357;437323;174215;30.2;12.0
78;2021-05-23;3125;390;440448;174605;30.4;12.1
78;2021-05-24;3521;418;443969;175023;30.6;12.1
78;2021-05-25;9983;2504;453952;177527;31.3;12.3
78;2021-05-26;10159;3776;464111;181303;32.0;12.5
78;2021-05-27;10947;4641;475058;185944;32.8;12.8
78;2021-05-28;11405;6012;486463;191956;33.6;13.3
78;2021-05-29;4228;3381;490691;195337;33.9;13.5
78;2021-05-30;135;345;490826;195682;33.9;13.5
78;2021-05-31;7968;5350;498794;201032;34.4;13.9
78;2021-06-01;10022;6515;508816;207547;35.1;14.3
78;2021-06-02;8580;6195;517396;213742;35.7;14.8
78;2021-06-03;9892;6470;527288;220212;36.4;15.2
78;2021-06-04;9793;8143;537081;228355;37.1;15.8
78;2021-06-05;5519;6129;542600;234484;37.5;16.2
78;2021-06-06;2150;2009;544750;236493;37.6;16.3
78;2021-06-07;8112;6513;552862;243006;38.2;16.8
78;2021-06-08;8064;7322;560926;250328;38.7;17.3
78;2021-06-09;7325;6724;568251;257052;39.2;17.7
78;2021-06-10;7105;7095;575356;264147;39.7;18.2
78;2021-06-11;7583;8181;582939;272328;40.2;18.8
78;2021-06-12;6374;2920;589313;275248;40.7;19.0
78;2021-06-13;946;2458;590259;277706;40.7;19.2
78;2021-06-14;3415;9807;593674;287513;41.0;19.8
78;2021-06-15;5794;8282;599468;295795;41.4;20.4
78;2021-06-16;5430;8619;604898;304414;41.8;21.0
78;2021-06-17;5481;8533;610379;312947;42.1;21.6
78;2021-06-18;6104;9801;616483;322748;42.6;22.3
78;2021-06-19;5219;4817;621702;327565;42.9;22.6
78;2021-06-20;625;2838;622327;330403;43.0;22.8
78;2021-06-21;4092;9466;626419;339869;43.2;23.5
78;2021-06-22;3349;10317;629768;350186;43.5;24.2
78;2021-06-23;3839;10392;633607;360578;43.7;24.9
78;2021-06-24;3795;9970;637402;370548;44.0;25.6
78;2021-06-25;3994;13143;641396;383691;44.3;26.5
78;2021-06-26;4209;7947;645605;391638;44.6;27.0
78;2021-06-27;1041;2540;646646;394178;44.6;27.2
78;2021-06-28;3286;10897;649932;405075;44.9;28.0
78;2021-06-29;3535;11249;653467;416324;45.1;28.7
78;2021-06-30;4108;13223;657575;429547;45.4;29.7
78;2021-07-01;4106;12700;661681;442247;45.7;30.5
78;2021-07-02;4260;13934;665941;456181;46.0;31.5
78;2021-07-03;3159;8618;669100;464799;46.2;32.1
78;2021-07-04;778;1742;669878;466541;46.2;32.2
78;2021-07-05;3384;9692;673262;476233;46.5;32.9
78;2021-07-06;3525;12039;676787;488272;46.7;33.7
78;2021-07-07;3818;11603;680605;499875;47.0;34.5
78;2021-07-08;3928;11676;684533;511551;47.3;35.3
78;2021-07-09;4759;12740;689292;524291;47.6;36.2
78;2021-07-10;2626;6611;691918;530902;47.8;36.6
78;2021-07-11;748;2046;692666;532948;47.8;36.8
78;2021-07-12;3037;11740;695703;544688;48.0;37.6
78;2021-07-13;5351;11971;701054;556659;48.4;38.4
78;2021-07-14;2532;4989;703586;561648;48.6;38.8
78;2021-07-15;5661;11950;709247;573598;49.0;39.6
78;2021-07-16;7321;10784;716568;584382;49.5;40.3
78;2021-07-17;4725;4889;721293;589271;49.8;40.7
78;2021-07-18;1158;471;722451;589742;49.9;40.7
78;2021-07-19;3877;10348;726328;600090;50.1;41.4
78;2021-07-20;5616;9922;731944;610012;50.5;42.1
78;2021-07-21;5904;9858;737848;619870;50.9;42.8
78;2021-07-22;5973;9293;743821;629163;51.3;43.4
78;2021-07-23;6259;9228;750080;638391;51.8;44.1
78;2021-07-24;2937;4965;753017;643356;52.0;44.4
78;2021-07-25;987;376;754004;643732;52.0;44.4
78;2021-07-26;4861;6985;758865;650717;52.4;44.9
78;2021-07-27;7598;6914;766463;657631;52.9;45.4
78;2021-07-28;6976;5933;773439;663564;53.4;45.8
78;2021-07-29;7901;6006;781340;669570;53.9;46.2
78;2021-07-30;7739;7048;789079;676618;54.5;46.7
78;2021-07-31;2653;2732;791732;679350;54.7;46.9
78;2021-08-01;109;72;791841;679422;54.7;46.9
78;2021-08-02;2430;2123;794271;681545;54.8;47.0
78;2021-08-03;4268;4251;798539;685796;55.1;47.3
78;2021-08-04;4459;2809;802998;688605;55.4;47.5
78;2021-08-05;3883;3171;806881;691776;55.7;47.8
78;2021-08-06;3980;3713;810861;695489;56.0;48.0
78;2021-08-07;2819;3442;813680;698931;56.2;48.2
78;2021-08-08;482;343;814162;699274;56.2;48.3
78;2021-08-09;1875;1662;816037;700936;56.3;48.4
78;2021-08-10;3410;3982;819447;704918;56.6;48.7
78;2021-08-11;2981;3383;822428;708301;56.8;48.9
78;2021-08-12;2746;3534;825174;711835;57.0;49.1
78;2021-08-13;2865;3185;828039;715020;57.2;49.4
78;2021-08-14;2301;2977;830340;717997;57.3;49.6
78;2021-08-15;281;373;830621;718370;57.3;49.6
78;2021-08-16;910;2339;831531;720709;57.4;49.8
78;2021-08-17;2795;4423;834326;725132;57.6;50.1
78;2021-08-18;2471;3819;836797;728951;57.8;50.3
78;2021-08-19;2237;3583;839034;732534;57.9;50.6
78;2021-08-20;2097;3998;841131;736532;58.1;50.8
78;2021-08-21;1884;3586;843015;740118;58.2;51.1
78;2021-08-22;87;147;843102;740265;58.2;51.1
78;2021-08-23;2153;4246;845255;744511;58.3;51.4
78;2021-08-24;3630;6972;848885;751483;58.6;51.9
78;2021-08-25;3293;6593;852178;758076;58.8;52.3
78;2021-08-26;2979;7236;855157;765312;59.0;52.8
78;2021-08-27;2859;7370;858016;772682;59.2;53.3
78;2021-08-28;2440;5275;860456;777957;59.4;53.7
78;2021-08-29;368;352;860824;778309;59.4;53.7
78;2021-08-30;2859;5069;863683;783378;59.6;54.1
78;2021-08-31;3450;5826;867133;789204;59.9;54.5
78;2021-09-01;2709;5288;869842;794492;60.0;54.8
78;2021-09-02;2092;4440;871934;798932;60.2;55.2
78;2021-09-03;2257;4719;874191;803651;60.3;55.5
78;2021-09-04;2474;4249;876665;807900;60.5;55.8
78;2021-09-05;292;382;876957;808282;60.5;55.8
78;2021-09-06;1283;3003;878240;811285;60.6;56.0
78;2021-09-07;1349;3508;879589;814793;60.7;56.2
78;2021-09-08;1676;3792;881265;818585;60.8;56.5
78;2021-09-09;1073;3315;882338;821900;60.9;56.7
78;2021-09-10;1364;3467;883702;825367;61.0;57.0
78;2021-09-11;2042;4194;885744;829561;61.1;57.3
78;2021-09-12;72;165;885816;829726;61.1;57.3
78;2021-09-13;776;2568;886592;832294;61.2;57.5
78;2021-09-14;1065;3819;887657;836113;61.3;57.7
78;2021-09-15;1202;3531;888859;839644;61.4;58.0
78;2021-09-16;841;2086;889700;841730;61.4;58.1
78;2021-09-17;1177;2837;890877;844567;61.5;58.3
78;2021-09-18;1393;4071;892270;848638;61.6;58.6
78;2021-09-19;145;407;892415;849045;61.6;58.6
78;2021-09-20;669;1707;893084;850752;61.7;58.7
78;2021-09-21;820;1975;893904;852727;61.7;58.9
78;2021-09-22;952;3510;894856;856237;61.8;59.1
78;2021-09-23;881;1633;895737;857870;61.8;59.2
78;2021-09-24;1009;2380;896746;860250;61.9;59.4
78;2021-09-25;1054;3916;897800;864166;62.0;59.7
78;2021-09-26;59;154;897859;864320;62.0;59.7
78;2021-09-27;676;1500;898535;865820;62.0;59.8
78;2021-09-28;820;1488;899355;867308;62.1;59.9
79;2020-12-27;0;0;0;0;0.0;0.0
79;2020-12-28;4;0;4;0;0.0;0.0
79;2020-12-29;0;0;4;0;0.0;0.0
79;2020-12-30;0;0;4;0;0.0;0.0
79;2020-12-31;0;0;4;0;0.0;0.0
79;2021-01-01;0;0;4;0;0.0;0.0
79;2021-01-02;0;0;4;0;0.0;0.0
79;2021-01-03;0;0;4;0;0.0;0.0
79;2021-01-04;1;0;5;0;0.0;0.0
79;2021-01-05;0;0;5;0;0.0;0.0
79;2021-01-06;0;0;5;0;0.0;0.0
79;2021-01-07;158;0;163;0;0.0;0.0
79;2021-01-08;165;0;328;0;0.1;0.0
79;2021-01-09;100;0;428;0;0.1;0.0
79;2021-01-10;3;0;431;0;0.1;0.0
79;2021-01-11;184;1;615;1;0.2;0.0
79;2021-01-12;245;1;860;2;0.2;0.0
79;2021-01-13;258;0;1118;2;0.3;0.0
79;2021-01-14;506;8;1624;10;0.4;0.0
79;2021-01-15;618;5;2242;15;0.6;0.0
79;2021-01-16;66;0;2308;15;0.6;0.0
79;2021-01-17;0;0;2308;15;0.6;0.0
79;2021-01-18;477;2;2785;17;0.7;0.0
79;2021-01-19;1360;2;4145;19;1.1;0.0
79;2021-01-20;1678;1;5823;20;1.6;0.0
79;2021-01-21;1999;7;7822;27;2.1;0.0
79;2021-01-22;875;4;8697;31;2.3;0.0
79;2021-01-23;65;0;8762;31;2.4;0.0
79;2021-01-24;0;0;8762;31;2.4;0.0
79;2021-01-25;646;7;9408;38;2.5;0.0
79;2021-01-26;593;13;10001;51;2.7;0.0
79;2021-01-27;740;81;10741;132;2.9;0.0
79;2021-01-28;735;128;11476;260;3.1;0.1
79;2021-01-29;495;81;11971;341;3.2;0.1
79;2021-01-30;0;0;11971;341;3.2;0.1
79;2021-01-31;0;0;11971;341;3.2;0.1
79;2021-02-01;207;105;12178;446;3.3;0.1
79;2021-02-02;334;73;12512;519;3.4;0.1
79;2021-02-03;391;56;12903;575;3.5;0.2
79;2021-02-04;325;107;13228;682;3.5;0.2
79;2021-02-05;360;273;13588;955;3.6;0.3
79;2021-02-06;6;0;13594;955;3.6;0.3
79;2021-02-07;22;0;13616;955;3.7;0.3
79;2021-02-08;283;159;13899;1114;3.7;0.3
79;2021-02-09;457;744;14356;1858;3.9;0.5
79;2021-02-10;618;1147;14974;3005;4.0;0.8
79;2021-02-11;777;1192;15751;4197;4.2;1.1
79;2021-02-12;471;711;16222;4908;4.4;1.3
79;2021-02-13;53;61;16275;4969;4.4;1.3
79;2021-02-14;0;0;16275;4969;4.4;1.3
79;2021-02-15;186;426;16461;5395;4.4;1.4
79;2021-02-16;333;642;16794;6037;4.5;1.6
79;2021-02-17;248;754;17042;6791;4.6;1.8
79;2021-02-18;353;847;17395;7638;4.7;2.0
79;2021-02-19;268;507;17663;8145;4.7;2.2
79;2021-02-20;5;18;17668;8163;4.7;2.2
79;2021-02-21;1;0;17669;8163;4.7;2.2
79;2021-02-22;137;400;17806;8563;4.8;2.3
79;2021-02-23;248;498;18054;9061;4.8;2.4
79;2021-02-24;246;461;18300;9522;4.9;2.6
79;2021-02-25;520;416;18820;9938;5.1;2.7
79;2021-02-26;599;348;19419;10286;5.2;2.8
79;2021-02-27;408;7;19827;10293;5.3;2.8
79;2021-02-28;35;0;19862;10293;5.3;2.8
79;2021-03-01;89;295;19951;10588;5.4;2.8
79;2021-03-02;302;453;20253;11041;5.4;3.0
79;2021-03-03;662;482;20915;11523;5.6;3.1
79;2021-03-04;904;524;21819;12047;5.9;3.2
79;2021-03-05;1217;408;23036;12455;6.2;3.3
79;2021-03-06;611;6;23647;12461;6.3;3.3
79;2021-03-07;77;1;23724;12462;6.4;3.3
79;2021-03-08;344;279;24068;12741;6.5;3.4
79;2021-03-09;842;312;24910;13053;6.7;3.5
79;2021-03-10;1146;374;26056;13427;7.0;3.6
79;2021-03-11;1639;306;27695;13733;7.4;3.7
79;2021-03-12;1721;111;29416;13844;7.9;3.7
79;2021-03-13;1135;13;30551;13857;8.2;3.7
79;2021-03-14;50;0;30601;13857;8.2;3.7
79;2021-03-15;497;157;31098;14014;8.3;3.8
79;2021-03-16;735;146;31833;14160;8.5;3.8
79;2021-03-17;578;107;32411;14267;8.7;3.8
79;2021-03-18;553;198;32964;14465;8.8;3.9
79;2021-03-19;661;256;33625;14721;9.0;4.0
79;2021-03-20;1007;14;34632;14735;9.3;4.0
79;2021-03-21;3;0;34635;14735;9.3;4.0
79;2021-03-22;957;203;35592;14938;9.6;4.0
79;2021-03-23;1595;169;37187;15107;10.0;4.1
79;2021-03-24;1831;162;39018;15269;10.5;4.1
79;2021-03-25;2499;191;41517;15460;11.1;4.1
79;2021-03-26;2406;137;43923;15597;11.8;4.2
79;2021-03-27;768;18;44691;15615;12.0;4.2
79;2021-03-28;1;0;44692;15615;12.0;4.2
79;2021-03-29;2148;115;46840;15730;12.6;4.2
79;2021-03-30;2817;64;49657;15794;13.3;4.2
79;2021-03-31;2777;381;52434;16175;14.1;4.3
79;2021-04-01;2698;383;55132;16558;14.8;4.4
79;2021-04-02;2823;394;57955;16952;15.6;4.5
79;2021-04-03;634;53;58589;17005;15.7;4.6
79;2021-04-04;3;0;58592;17005;15.7;4.6
79;2021-04-05;381;4;58973;17009;15.8;4.6
79;2021-04-06;1792;582;60765;17591;16.3;4.7
79;2021-04-07;3114;727;63879;18318;17.1;4.9
79;2021-04-08;2631;697;66510;19015;17.8;5.1
79;2021-04-09;3737;541;70247;19556;18.9;5.2
79;2021-04-10;1466;387;71713;19943;19.2;5.4
79;2021-04-11;4;0;71717;19943;19.2;5.4
79;2021-04-12;1753;353;73470;20296;19.7;5.4
79;2021-04-13;2174;748;75644;21044;20.3;5.6
79;2021-04-14;2480;678;78124;21722;21.0;5.8
79;2021-04-15;2216;666;80340;22388;21.6;6.0
79;2021-04-16;1412;443;81752;22831;21.9;6.1
79;2021-04-17;581;353;82333;23184;22.1;6.2
79;2021-04-18;1;14;82334;23198;22.1;6.2
79;2021-04-19;1088;838;83422;24036;22.4;6.5
79;2021-04-20;1506;1229;84928;25265;22.8;6.8
79;2021-04-21;1419;1438;86347;26703;23.2;7.2
79;2021-04-22;1572;1085;87919;27788;23.6;7.5
79;2021-04-23;1316;1187;89235;28975;23.9;7.8
79;2021-04-24;653;458;89888;29433;24.1;7.9
79;2021-04-25;1;0;89889;29433;24.1;7.9
79;2021-04-26;1343;1813;91232;31246;24.5;8.4
79;2021-04-27;1898;2335;93130;33581;25.0;9.0
79;2021-04-28;1458;2865;94588;36446;25.4;9.8
79;2021-04-29;2105;2239;96693;38685;25.9;10.4
79;2021-04-30;2115;2453;98808;41138;26.5;11.0
79;2021-05-01;521;378;99329;41516;26.7;11.1
79;2021-05-02;1;11;99330;41527;26.7;11.1
79;2021-05-03;1182;1291;100512;42818;27.0;11.5
79;2021-05-04;1732;2324;102244;45142;27.4;12.1
79;2021-05-05;1694;2479;103938;47621;27.9;12.8
79;2021-05-06;2326;2221;106264;49842;28.5;13.4
79;2021-05-07;2104;2795;108368;52637;29.1;14.1
79;2021-05-08;198;506;108566;53143;29.1;14.3
79;2021-05-09;0;0;108566;53143;29.1;14.3
79;2021-05-10;1582;1785;110148;54928;29.6;14.7
79;2021-05-11;2309;1651;112457;56579;30.2;15.2
79;2021-05-12;2000;2680;114457;59259;30.7;15.9
79;2021-05-13;640;289;115097;59548;30.9;16.0
79;2021-05-14;2100;673;117197;60221;31.5;16.2
79;2021-05-15;1399;498;118596;60719;31.8;16.3
79;2021-05-16;1;22;118597;60741;31.8;16.3
79;2021-05-17;1873;1085;120470;61826;32.3;16.6
79;2021-05-18;2971;1272;123441;63098;33.1;16.9
79;2021-05-19;2897;968;126338;64066;33.9;17.2
79;2021-05-20;3106;1244;129444;65310;34.7;17.5
79;2021-05-21;2768;1066;132212;66376;35.5;17.8
79;2021-05-22;1084;261;133296;66637;35.8;17.9
79;2021-05-23;1;0;133297;66637;35.8;17.9
79;2021-05-24;161;20;133458;66657;35.8;17.9
79;2021-05-25;3198;990;136656;67647;36.7;18.2
79;2021-05-26;3312;853;139968;68500;37.6;18.4
79;2021-05-27;3588;1718;143556;70218;38.5;18.8
79;2021-05-28;3331;1815;146887;72033;39.4;19.3
79;2021-05-29;1073;447;147960;72480;39.7;19.5
79;2021-05-30;3;1;147963;72481;39.7;19.5
79;2021-05-31;2382;731;150345;73212;40.3;19.6
79;2021-06-01;3021;1568;153366;74780;41.2;20.1
79;2021-06-02;4066;1164;157432;75944;42.2;20.4
79;2021-06-03;4089;1754;161521;77698;43.3;20.9
79;2021-06-04;4141;2032;165662;79730;44.5;21.4
79;2021-06-05;2801;758;168463;80488;45.2;21.6
79;2021-06-06;696;39;169159;80527;45.4;21.6
79;2021-06-07;2805;1412;171964;81939;46.1;22.0
79;2021-06-08;2982;2069;174946;84008;46.9;22.5
79;2021-06-09;3631;1935;178577;85943;47.9;23.1
79;2021-06-10;3020;1964;181597;87907;48.7;23.6
79;2021-06-11;3767;2315;185364;90222;49.7;24.2
79;2021-06-12;1707;611;187071;90833;50.2;24.4
79;2021-06-13;213;24;187284;90857;50.3;24.4
79;2021-06-14;1247;1690;188531;92547;50.6;24.8
79;2021-06-15;1881;2358;190412;94905;51.1;25.5
79;2021-06-16;2204;2247;192616;97152;51.7;26.1
79;2021-06-17;2237;2616;194853;99768;52.3;26.8
79;2021-06-18;2413;2313;197266;102081;52.9;27.4
79;2021-06-19;1246;579;198512;102660;53.3;27.6
79;2021-06-20;3;2;198515;102662;53.3;27.6
79;2021-06-21;1233;2282;199748;104944;53.6;28.2
79;2021-06-22;1547;2870;201295;107814;54.0;28.9
79;2021-06-23;1770;2549;203065;110363;54.5;29.6
79;2021-06-24;2105;2000;205170;112363;55.1;30.2
79;2021-06-25;1488;2838;206658;115201;55.5;30.9
79;2021-06-26;870;808;207528;116009;55.7;31.1
79;2021-06-27;13;6;207541;116015;55.7;31.1
79;2021-06-28;1056;2620;208597;118635;56.0;31.8
79;2021-06-29;1473;3550;210070;122185;56.4;32.8
79;2021-06-30;1354;3447;211424;125632;56.7;33.7
79;2021-07-01;1202;3785;212626;129417;57.1;34.7
79;2021-07-02;1488;3346;214114;132763;57.5;35.6
79;2021-07-03;399;1504;214513;134267;57.6;36.0
79;2021-07-04;2;9;214515;134276;57.6;36.0
79;2021-07-05;753;2119;215268;136395;57.8;36.6
79;2021-07-06;947;3661;216215;140056;58.0;37.6
79;2021-07-07;1332;4308;217547;144364;58.4;38.7
79;2021-07-08;1107;4041;218654;148405;58.7;39.8
79;2021-07-09;836;3717;219490;152122;58.9;40.8
79;2021-07-10;514;1315;220004;153437;59.0;41.2
79;2021-07-11;3;12;220007;153449;59.0;41.2
79;2021-07-12;545;3695;220552;157144;59.2;42.2
79;2021-07-13;999;5185;221551;162329;59.5;43.6
79;2021-07-14;134;874;221685;163203;59.5;43.8
79;2021-07-15;1235;4682;222920;167885;59.8;45.1
79;2021-07-16;1333;4363;224253;172248;60.2;46.2
79;2021-07-17;576;2424;224829;174672;60.3;46.9
79;2021-07-18;44;498;224873;175170;60.3;47.0
79;2021-07-19;736;3315;225609;178485;60.5;47.9
79;2021-07-20;1230;3944;226839;182429;60.9;49.0
79;2021-07-21;1177;4195;228016;186624;61.2;50.1
79;2021-07-22;1354;3972;229370;190596;61.6;51.1
79;2021-07-23;1349;4553;230719;195149;61.9;52.4
79;2021-07-24;865;1499;231584;196648;62.1;52.8
79;2021-07-25;55;326;231639;196974;62.2;52.9
79;2021-07-26;1371;2598;233010;199572;62.5;53.6
79;2021-07-27;2084;2993;235094;202565;63.1;54.4
79;2021-07-28;2498;2492;237592;205057;63.8;55.0
79;2021-07-29;3009;2861;240601;207918;64.6;55.8
79;2021-07-30;2138;2814;242739;210732;65.1;56.6
79;2021-07-31;888;1157;243627;211889;65.4;56.9
79;2021-08-01;5;3;243632;211892;65.4;56.9
79;2021-08-02;1797;1545;245429;213437;65.9;57.3
79;2021-08-03;2822;2051;248251;215488;66.6;57.8
79;2021-08-04;2985;1742;251236;217230;67.4;58.3
79;2021-08-05;2900;2211;254136;219441;68.2;58.9
79;2021-08-06;2529;1633;256665;221074;68.9;59.3
79;2021-08-07;872;812;257537;221886;69.1;59.5
79;2021-08-08;4;3;257541;221889;69.1;59.5
79;2021-08-09;2495;1085;260036;222974;69.8;59.8
79;2021-08-10;2977;1547;263013;224521;70.6;60.3
79;2021-08-11;2583;1660;265596;226181;71.3;60.7
79;2021-08-12;2766;1428;268362;227609;72.0;61.1
79;2021-08-13;2875;1059;271237;228668;72.8;61.4
79;2021-08-14;518;391;271755;229059;72.9;61.5
79;2021-08-15;8;5;271763;229064;72.9;61.5
79;2021-08-16;1765;1195;273528;230259;73.4;61.8
79;2021-08-17;2102;1590;275630;231849;74.0;62.2
79;2021-08-18;1922;1915;277552;233764;74.5;62.7
79;2021-08-19;1617;1710;279169;235474;74.9;63.2
79;2021-08-20;1513;2162;280682;237636;75.3;63.8
79;2021-08-21;243;543;280925;238179;75.4;63.9
79;2021-08-22;1;21;280926;238200;75.4;63.9
79;2021-08-23;864;2176;281790;240376;75.6;64.5
79;2021-08-24;1072;2484;282862;242860;75.9;65.2
79;2021-08-25;1050;2760;283912;245620;76.2;65.9
79;2021-08-26;1015;2330;284927;247950;76.5;66.5
79;2021-08-27;610;2059;285537;250009;76.6;67.1
79;2021-08-28;299;841;285836;250850;76.7;67.3
79;2021-08-29;7;5;285843;250855;76.7;67.3
79;2021-08-30;554;2366;286397;253221;76.9;68.0
79;2021-08-31;633;2537;287030;255758;77.0;68.6
79;2021-09-01;650;2694;287680;258452;77.2;69.4
79;2021-09-02;761;2513;288441;260965;77.4;70.0
79;2021-09-03;637;2795;289078;263760;77.6;70.8
79;2021-09-04;266;722;289344;264482;77.6;71.0
79;2021-09-05;12;24;289356;264506;77.7;71.0
79;2021-09-06;329;1900;289685;266406;77.7;71.5
79;2021-09-07;343;2140;290028;268546;77.8;72.1
79;2021-09-08;538;2235;290566;270781;78.0;72.7
79;2021-09-09;315;1762;290881;272543;78.1;73.1
79;2021-09-10;421;2290;291302;274833;78.2;73.8
79;2021-09-11;161;868;291463;275701;78.2;74.0
79;2021-09-12;0;0;291463;275701;78.2;74.0
79;2021-09-13;363;1291;291826;276992;78.3;74.3
79;2021-09-14;370;1556;292196;278548;78.4;74.8
79;2021-09-15;477;1432;292673;279980;78.5;75.1
79;2021-09-16;461;1094;293134;281074;78.7;75.4
79;2021-09-17;443;1405;293577;282479;78.8;75.8
79;2021-09-18;139;567;293716;283046;78.8;76.0
79;2021-09-19;1;4;293717;283050;78.8;76.0
79;2021-09-20;190;552;293907;283602;78.9;76.1
79;2021-09-21;350;720;294257;284322;79.0;76.3
79;2021-09-22;209;1102;294466;285424;79.0;76.6
79;2021-09-23;411;565;294877;285989;79.1;76.7
79;2021-09-24;242;1347;295119;287336;79.2;77.1
79;2021-09-25;73;324;295192;287660;79.2;77.2
79;2021-09-26;0;1;295192;287661;79.2;77.2
79;2021-09-27;204;525;295396;288186;79.3;77.3
79;2021-09-28;129;409;295525;288595;79.3;77.4
80;2020-12-27;0;0;0;0;0.0;0.0
80;2020-12-28;0;0;0;0;0.0;0.0
80;2020-12-29;11;0;11;0;0.0;0.0
80;2020-12-30;0;0;11;0;0.0;0.0
80;2020-12-31;0;0;11;0;0.0;0.0
80;2021-01-01;0;0;11;0;0.0;0.0
80;2021-01-02;0;0;11;0;0.0;0.0
80;2021-01-03;1;0;12;0;0.0;0.0
80;2021-01-04;0;0;12;0;0.0;0.0
80;2021-01-05;0;0;12;0;0.0;0.0
80;2021-01-06;30;0;42;0;0.0;0.0
80;2021-01-07;276;2;318;2;0.1;0.0
80;2021-01-08;330;0;648;2;0.1;0.0
80;2021-01-09;108;0;756;2;0.1;0.0
80;2021-01-10;21;0;777;2;0.1;0.0
80;2021-01-11;275;0;1052;2;0.2;0.0
80;2021-01-12;430;1;1482;3;0.3;0.0
80;2021-01-13;514;4;1996;7;0.4;0.0
80;2021-01-14;454;4;2450;11;0.4;0.0
80;2021-01-15;331;1;2781;12;0.5;0.0
80;2021-01-16;103;1;2884;13;0.5;0.0
80;2021-01-17;102;1;2986;14;0.5;0.0
80;2021-01-18;412;2;3398;16;0.6;0.0
80;2021-01-19;963;16;4361;32;0.8;0.0
80;2021-01-20;1086;10;5447;42;1.0;0.0
80;2021-01-21;1012;9;6459;51;1.1;0.0
80;2021-01-22;1113;3;7572;54;1.3;0.0
80;2021-01-23;907;3;8479;57;1.5;0.0
80;2021-01-24;823;5;9302;62;1.6;0.0
80;2021-01-25;1542;10;10844;72;1.9;0.0
80;2021-01-26;1480;11;12324;83;2.2;0.0
80;2021-01-27;822;22;13146;105;2.3;0.0
80;2021-01-28;622;157;13768;262;2.4;0.0
80;2021-01-29;637;190;14405;452;2.5;0.1
80;2021-01-30;87;54;14492;506;2.5;0.1
80;2021-01-31;0;0;14492;506;2.5;0.1
80;2021-02-01;26;230;14518;736;2.5;0.1
80;2021-02-02;21;407;14539;1143;2.6;0.2
80;2021-02-03;28;480;14567;1623;2.6;0.3
80;2021-02-04;278;310;14845;1933;2.6;0.3
80;2021-02-05;347;196;15192;2129;2.7;0.4
80;2021-02-06;168;56;15360;2185;2.7;0.4
80;2021-02-07;1;0;15361;2185;2.7;0.4
80;2021-02-08;425;205;15786;2390;2.8;0.4
80;2021-02-09;686;230;16472;2620;2.9;0.5
80;2021-02-10;607;425;17079;3045;3.0;0.5
80;2021-02-11;862;301;17941;3346;3.1;0.6
80;2021-02-12;945;284;18886;3630;3.3;0.6
80;2021-02-13;197;372;19083;4002;3.3;0.7
80;2021-02-14;78;480;19161;4482;3.4;0.8
80;2021-02-15;606;943;19767;5425;3.5;1.0
80;2021-02-16;688;980;20455;6405;3.6;1.1
80;2021-02-17;484;977;20939;7382;3.7;1.3
80;2021-02-18;569;893;21508;8275;3.8;1.5
80;2021-02-19;502;677;22010;8952;3.9;1.6
80;2021-02-20;22;365;22032;9317;3.9;1.6
80;2021-02-21;47;38;22079;9355;3.9;1.6
80;2021-02-22;147;455;22226;9810;3.9;1.7
80;2021-02-23;471;572;22697;10382;4.0;1.8
80;2021-02-24;431;526;23128;10908;4.1;1.9
80;2021-02-25;815;414;23943;11322;4.2;2.0
80;2021-02-26;1063;410;25006;11732;4.4;2.1
80;2021-02-27;475;54;25481;11786;4.5;2.1
80;2021-02-28;49;22;25530;11808;4.5;2.1
80;2021-03-01;729;61;26259;11869;4.6;2.1
80;2021-03-02;1013;89;27272;11958;4.8;2.1
80;2021-03-03;982;51;28254;12009;5.0;2.1
80;2021-03-04;1389;192;29643;12201;5.2;2.1
80;2021-03-05;1874;307;31517;12508;5.5;2.2
80;2021-03-06;2917;330;34434;12838;6.0;2.3
80;2021-03-07;1842;74;36276;12912;6.4;2.3
80;2021-03-08;714;550;36990;13462;6.5;2.4
80;2021-03-09;1310;797;38300;14259;6.7;2.5
80;2021-03-10;1724;695;40024;14954;7.0;2.6
80;2021-03-11;1909;760;41933;15714;7.4;2.8
80;2021-03-12;3138;703;45071;16417;7.9;2.9
80;2021-03-13;4006;205;49077;16622;8.6;2.9
80;2021-03-14;350;12;49427;16634;8.7;2.9
80;2021-03-15;1014;239;50441;16873;8.9;3.0
80;2021-03-16;882;330;51323;17203;9.0;3.0
80;2021-03-17;665;269;51988;17472;9.1;3.1
80;2021-03-18;1002;286;52990;17758;9.3;3.1
80;2021-03-19;1739;370;54729;18128;9.6;3.2
80;2021-03-20;3821;117;58550;18245;10.3;3.2
80;2021-03-21;486;31;59036;18276;10.4;3.2
80;2021-03-22;903;287;59939;18563;10.5;3.3
80;2021-03-23;1713;411;61652;18974;10.8;3.3
80;2021-03-24;1755;464;63407;19438;11.1;3.4
80;2021-03-25;2713;443;66120;19881;11.6;3.5
80;2021-03-26;3105;405;69225;20286;12.1;3.6
80;2021-03-27;2237;226;71462;20512;12.5;3.6
80;2021-03-28;676;93;72138;20605;12.7;3.6
80;2021-03-29;1979;739;74117;21344;13.0;3.7
80;2021-03-30;1967;861;76084;22205;13.4;3.9
80;2021-03-31;1495;981;77579;23186;13.6;4.1
80;2021-04-01;1950;1480;79529;24666;14.0;4.3
80;2021-04-02;2811;1550;82340;26216;14.5;4.6
80;2021-04-03;3048;853;85388;27069;15.0;4.8
80;2021-04-04;134;8;85522;27077;15.0;4.8
80;2021-04-05;684;195;86206;27272;15.1;4.8
80;2021-04-06;1280;958;87486;28230;15.4;5.0
80;2021-04-07;1624;1193;89110;29423;15.6;5.2
80;2021-04-08;2154;841;91264;30264;16.0;5.3
80;2021-04-09;3530;1351;94794;31615;16.6;5.5
80;2021-04-10;2737;1946;97531;33561;17.1;5.9
80;2021-04-11;188;176;97719;33737;17.2;5.9
80;2021-04-12;1814;483;99533;34220;17.5;6.0
80;2021-04-13;2385;1031;101918;35251;17.9;6.2
80;2021-04-14;2770;1163;104688;36414;18.4;6.4
80;2021-04-15;3731;877;108419;37291;19.0;6.5
80;2021-04-16;3337;871;111756;38162;19.6;6.7
80;2021-04-17;1653;2291;113409;40453;19.9;7.1
80;2021-04-18;372;390;113781;40843;20.0;7.2
80;2021-04-19;951;771;114732;41614;20.1;7.3
80;2021-04-20;1613;820;116345;42434;20.4;7.4
80;2021-04-21;1612;996;117957;43430;20.7;7.6
80;2021-04-22;2167;1251;120124;44681;21.1;7.8
80;2021-04-23;2639;1245;122763;45926;21.5;8.1
80;2021-04-24;1357;1190;124120;47116;21.8;8.3
80;2021-04-25;209;531;124329;47647;21.8;8.4
80;2021-04-26;1295;1438;125624;49085;22.0;8.6
80;2021-04-27;2025;1396;127649;50481;22.4;8.9
80;2021-04-28;2199;1379;129848;51860;22.8;9.1
80;2021-04-29;3218;1867;133066;53727;23.4;9.4
80;2021-04-30;3081;2839;136147;56566;23.9;9.9
80;2021-05-01;987;658;137134;57224;24.1;10.0
80;2021-05-02;371;53;137505;57277;24.1;10.1
80;2021-05-03;2720;1186;140225;58463;24.6;10.3
80;2021-05-04;2494;1697;142719;60160;25.0;10.6
80;2021-05-05;3366;1895;146085;62055;25.6;10.9
80;2021-05-06;3169;2546;149254;64601;26.2;11.3
80;2021-05-07;3454;2685;152708;67286;26.8;11.8
80;2021-05-08;2783;924;155491;68210;27.3;12.0
80;2021-05-09;1407;268;156898;68478;27.5;12.0
80;2021-05-10;1880;1828;158778;70306;27.9;12.3
80;2021-05-11;3274;1793;162052;72099;28.4;12.7
80;2021-05-12;4703;1574;166755;73673;29.3;12.9
80;2021-05-13;3836;367;170591;74040;29.9;13.0
80;2021-05-14;5188;1392;175779;75432;30.9;13.2
80;2021-05-15;5917;1053;181696;76485;31.9;13.4
80;2021-05-16;2678;312;184374;76797;32.4;13.5
80;2021-05-17;2371;818;186745;77615;32.8;13.6
80;2021-05-18;3949;850;190694;78465;33.5;13.8
80;2021-05-19;4018;940;194712;79405;34.2;13.9
80;2021-05-20;4568;1215;199280;80620;35.0;14.1
80;2021-05-21;4890;1650;204170;82270;35.8;14.4
80;2021-05-22;5030;1156;209200;83426;36.7;14.6
80;2021-05-23;1783;237;210983;83663;37.0;14.7
80;2021-05-24;1469;159;212452;83822;37.3;14.7
80;2021-05-25;2622;1136;215074;84958;37.7;14.9
80;2021-05-26;4249;1703;219323;86661;38.5;15.2
80;2021-05-27;3977;2467;223300;89128;39.2;15.6
80;2021-05-28;3866;2968;227166;92096;39.9;16.2
80;2021-05-29;3697;1627;230863;93723;40.5;16.4
80;2021-05-30;1182;198;232045;93921;40.7;16.5
80;2021-05-31;2605;1369;234650;95290;41.2;16.7
80;2021-06-01;4031;2434;238681;97724;41.9;17.2
80;2021-06-02;3334;2005;242015;99729;42.5;17.5
80;2021-06-03;4266;2924;246281;102653;43.2;18.0
80;2021-06-04;4796;3082;251077;105735;44.1;18.6
80;2021-06-05;3554;2065;254631;107800;44.7;18.9
80;2021-06-06;802;211;255433;108011;44.8;19.0
80;2021-06-07;1750;1945;257183;109956;45.1;19.3
80;2021-06-08;2743;2552;259926;112508;45.6;19.7
80;2021-06-09;3012;2735;262938;115243;46.1;20.2
80;2021-06-10;3163;3167;266101;118410;46.7;20.8
80;2021-06-11;3217;3893;269318;122303;47.3;21.5
80;2021-06-12;3042;2326;272360;124629;47.8;21.9
80;2021-06-13;474;404;272834;125033;47.9;21.9
80;2021-06-14;1263;2852;274097;127885;48.1;22.4
80;2021-06-15;2315;3418;276412;131303;48.5;23.0
80;2021-06-16;1563;4212;277975;135515;48.8;23.8
80;2021-06-17;2359;3622;280334;139137;49.2;24.4
80;2021-06-18;2552;3903;282886;143040;49.6;25.1
80;2021-06-19;2987;4340;285873;147380;50.2;25.9
80;2021-06-20;203;1077;286076;148457;50.2;26.1
80;2021-06-21;1015;2619;287091;151076;50.4;26.5
80;2021-06-22;1149;3929;288240;155005;50.6;27.2
80;2021-06-23;1850;5289;290090;160294;50.9;28.1
80;2021-06-24;1695;4683;291785;164977;51.2;29.0
80;2021-06-25;1374;6125;293159;171102;51.5;30.0
80;2021-06-26;1933;6183;295092;177285;51.8;31.1
80;2021-06-27;333;2031;295425;179316;51.8;31.5
80;2021-06-28;903;3169;296328;182485;52.0;32.0
80;2021-06-29;1919;4622;298247;187107;52.3;32.8
80;2021-06-30;1245;4784;299492;191891;52.6;33.7
80;2021-07-01;1594;4999;301086;196890;52.8;34.6
80;2021-07-02;1856;5984;302942;202874;53.2;35.6
80;2021-07-03;1293;5265;304235;208139;53.4;36.5
80;2021-07-04;692;1471;304927;209610;53.5;36.8
80;2021-07-05;879;2963;305806;212573;53.7;37.3
80;2021-07-06;1852;3990;307658;216563;54.0;38.0
80;2021-07-07;1560;4504;309218;221067;54.3;38.8
80;2021-07-08;2082;5003;311300;226070;54.6;39.7
80;2021-07-09;2596;5472;313896;231542;55.1;40.6
80;2021-07-10;1616;4015;315512;235557;55.4;41.3
80;2021-07-11;406;805;315918;236362;55.4;41.5
80;2021-07-12;871;3379;316789;239741;55.6;42.1
80;2021-07-13;2087;5083;318876;244824;56.0;43.0
80;2021-07-14;2801;1749;321677;246573;56.5;43.3
80;2021-07-15;2792;5296;324469;251869;56.9;44.2
80;2021-07-16;3878;5890;328347;257759;57.6;45.2
80;2021-07-17;3368;4460;331715;262219;58.2;46.0
80;2021-07-18;874;896;332589;263115;58.4;46.2
80;2021-07-19;2157;2885;334746;266000;58.8;46.7
80;2021-07-20;3321;4903;338067;270903;59.3;47.5
80;2021-07-21;3496;4496;341563;275399;59.9;48.3
80;2021-07-22;4362;4569;345925;279968;60.7;49.1
80;2021-07-23;5399;4825;351324;284793;61.7;50.0
80;2021-07-24;4369;4342;355693;289135;62.4;50.7
80;2021-07-25;1185;650;356878;289785;62.6;50.9
80;2021-07-26;2681;2340;359559;292125;63.1;51.3
80;2021-07-27;4373;3705;363932;295830;63.9;51.9
80;2021-07-28;5102;2804;369034;298634;64.8;52.4
80;2021-07-29;4991;3229;374025;301863;65.6;53.0
80;2021-07-30;5024;3638;379049;305501;66.5;53.6
80;2021-07-31;4156;2928;383205;308429;67.3;54.1
80;2021-08-01;1288;363;384493;308792;67.5;54.2
80;2021-08-02;2059;1739;386552;310531;67.8;54.5
80;2021-08-03;3716;2363;390268;312894;68.5;54.9
80;2021-08-04;3366;2491;393634;315385;69.1;55.4
80;2021-08-05;3136;2576;396770;317961;69.6;55.8
80;2021-08-06;3248;2876;400018;320837;70.2;56.3
80;2021-08-07;2423;2666;402441;323503;70.6;56.8
80;2021-08-08;621;686;403062;324189;70.7;56.9
80;2021-08-09;1382;2078;404444;326267;71.0;57.3
80;2021-08-10;2353;2849;406797;329116;71.4;57.8
80;2021-08-11;1946;2383;408743;331499;71.7;58.2
80;2021-08-12;2236;2659;410979;334158;72.1;58.6
80;2021-08-13;1882;3154;412861;337312;72.5;59.2
80;2021-08-14;1411;2112;414272;339424;72.7;59.6
80;2021-08-15;318;663;414590;340087;72.8;59.7
80;2021-08-16;897;2419;415487;342506;72.9;60.1
80;2021-08-17;1709;3505;417196;346011;73.2;60.7
80;2021-08-18;1234;3714;418430;349725;73.4;61.4
80;2021-08-19;1568;3821;419998;353546;73.7;62.1
80;2021-08-20;1264;4434;421262;357980;73.9;62.8
80;2021-08-21;1078;2686;422340;360666;74.1;63.3
80;2021-08-22;145;680;422485;361346;74.2;63.4
80;2021-08-23;583;2999;423068;364345;74.3;63.9
80;2021-08-24;1092;4371;424160;368716;74.4;64.7
80;2021-08-25;971;3677;425131;372393;74.6;65.4
80;2021-08-26;956;3819;426087;376212;74.8;66.0
80;2021-08-27;1016;4456;427103;380668;75.0;66.8
80;2021-08-28;720;3347;427823;384015;75.1;67.4
80;2021-08-29;199;555;428022;384570;75.1;67.5
80;2021-08-30;500;2307;428522;386877;75.2;67.9
80;2021-08-31;750;3183;429272;390060;75.3;68.5
80;2021-09-01;675;2481;429947;392541;75.5;68.9
80;2021-09-02;525;2278;430472;394819;75.6;69.3
80;2021-09-03;760;3116;431232;397935;75.7;69.8
80;2021-09-04;956;2753;432188;400688;75.9;70.3
80;2021-09-05;165;374;432353;401062;75.9;70.4
80;2021-09-06;420;1561;432773;402623;76.0;70.7
80;2021-09-07;490;1840;433263;404463;76.0;71.0
80;2021-09-08;493;1873;433756;406336;76.1;71.3
80;2021-09-09;529;1753;434285;408089;76.2;71.6
80;2021-09-10;618;2076;434903;410165;76.3;72.0
80;2021-09-11;520;2117;435423;412282;76.4;72.4
80;2021-09-12;77;327;435500;412609;76.4;72.4
80;2021-09-13;310;1101;435810;413710;76.5;72.6
80;2021-09-14;638;1474;436448;415184;76.6;72.9
80;2021-09-15;355;1087;436803;416271;76.7;73.1
80;2021-09-16;474;1030;437277;417301;76.7;73.2
80;2021-09-17;506;1237;437783;418538;76.8;73.5
80;2021-09-18;349;1276;438132;419814;76.9;73.7
80;2021-09-19;17;169;438149;419983;76.9;73.7
80;2021-09-20;325;446;438474;420429;77.0;73.8
80;2021-09-21;294;614;438768;421043;77.0;73.9
80;2021-09-22;284;708;439052;421751;77.1;74.0
80;2021-09-23;302;505;439354;422256;77.1;74.1
80;2021-09-24;369;896;439723;423152;77.2;74.3
80;2021-09-25;281;1131;440004;424283;77.2;74.5
80;2021-09-26;20;109;440024;424392;77.2;74.5
80;2021-09-27;188;535;440212;424927;77.3;74.6
80;2021-09-28;145;378;440357;425305;77.3;74.6
81;2020-12-27;1;0;1;0;0.0;0.0
81;2020-12-28;0;0;1;0;0.0;0.0
81;2020-12-29;0;0;1;0;0.0;0.0
81;2020-12-30;1;0;2;0;0.0;0.0
81;2020-12-31;0;0;2;0;0.0;0.0
81;2021-01-01;0;0;2;0;0.0;0.0
81;2021-01-02;0;0;2;0;0.0;0.0
81;2021-01-03;0;0;2;0;0.0;0.0
81;2021-01-04;1;0;3;0;0.0;0.0
81;2021-01-05;0;0;3;0;0.0;0.0
81;2021-01-06;5;0;8;0;0.0;0.0
81;2021-01-07;265;0;273;0;0.1;0.0
81;2021-01-08;312;1;585;1;0.2;0.0
81;2021-01-09;74;1;659;2;0.2;0.0
81;2021-01-10;1;0;660;2;0.2;0.0
81;2021-01-11;133;0;793;2;0.2;0.0
81;2021-01-12;167;0;960;2;0.2;0.0
81;2021-01-13;234;1;1194;3;0.3;0.0
81;2021-01-14;963;5;2157;8;0.6;0.0
81;2021-01-15;523;3;2680;11;0.7;0.0
81;2021-01-16;71;1;2751;12;0.7;0.0
81;2021-01-17;0;0;2751;12;0.7;0.0
81;2021-01-18;581;2;3332;14;0.9;0.0
81;2021-01-19;662;4;3994;18;1.0;0.0
81;2021-01-20;754;2;4748;20;1.2;0.0
81;2021-01-21;1183;4;5931;24;1.5;0.0
81;2021-01-22;857;2;6788;26;1.7;0.0
81;2021-01-23;221;2;7009;28;1.8;0.0
81;2021-01-24;102;0;7111;28;1.8;0.0
81;2021-01-25;569;1;7680;29;2.0;0.0
81;2021-01-26;636;2;8316;31;2.1;0.0
81;2021-01-27;552;1;8868;32;2.3;0.0
81;2021-01-28;700;203;9568;235;2.5;0.1
81;2021-01-29;303;171;9871;406;2.5;0.1
81;2021-01-30;204;34;10075;440;2.6;0.1
81;2021-01-31;104;0;10179;440;2.6;0.1
81;2021-02-01;320;111;10499;551;2.7;0.1
81;2021-02-02;445;116;10944;667;2.8;0.2
81;2021-02-03;476;204;11420;871;2.9;0.2
81;2021-02-04;1449;628;12869;1499;3.3;0.4
81;2021-02-05;870;298;13739;1797;3.5;0.5
81;2021-02-06;274;17;14013;1814;3.6;0.5
81;2021-02-07;103;0;14116;1814;3.6;0.5
81;2021-02-08;275;194;14391;2008;3.7;0.5
81;2021-02-09;420;187;14811;2195;3.8;0.6
81;2021-02-10;371;262;15182;2457;3.9;0.6
81;2021-02-11;651;340;15833;2797;4.1;0.7
81;2021-02-12;579;465;16412;3262;4.2;0.8
81;2021-02-13;188;104;16600;3366;4.3;0.9
81;2021-02-14;100;1;16700;3367;4.3;0.9
81;2021-02-15;234;324;16934;3691;4.4;1.0
81;2021-02-16;281;459;17215;4150;4.4;1.1
81;2021-02-17;241;378;17456;4528;4.5;1.2
81;2021-02-18;482;540;17938;5068;4.6;1.3
81;2021-02-19;571;303;18509;5371;4.8;1.4
81;2021-02-20;322;223;18831;5594;4.9;1.4
81;2021-02-21;23;66;18854;5660;4.9;1.5
81;2021-02-22;233;419;19087;6079;4.9;1.6
81;2021-02-23;168;480;19255;6559;5.0;1.7
81;2021-02-24;291;513;19546;7072;5.0;1.8
81;2021-02-25;719;920;20265;7992;5.2;2.1
81;2021-02-26;911;843;21176;8835;5.5;2.3
81;2021-02-27;275;221;21451;9056;5.5;2.3
81;2021-02-28;21;61;21472;9117;5.5;2.4
81;2021-03-01;208;353;21680;9470;5.6;2.4
81;2021-03-02;364;458;22044;9928;5.7;2.6
81;2021-03-03;463;370;22507;10298;5.8;2.7
81;2021-03-04;1061;403;23568;10701;6.1;2.8
81;2021-03-05;1406;352;24974;11053;6.4;2.8
81;2021-03-06;982;158;25956;11211;6.7;2.9
81;2021-03-07;154;91;26110;11302;6.7;2.9
81;2021-03-08;466;319;26576;11621;6.9;3.0
81;2021-03-09;814;332;27390;11953;7.1;3.1
81;2021-03-10;898;360;28288;12313;7.3;3.2
81;2021-03-11;1350;325;29638;12638;7.6;3.3
81;2021-03-12;1690;296;31328;12934;8.1;3.3
81;2021-03-13;1030;171;32358;13105;8.3;3.4
81;2021-03-14;66;79;32424;13184;8.4;3.4
81;2021-03-15;1092;219;33516;13403;8.6;3.5
81;2021-03-16;724;214;34240;13617;8.8;3.5
81;2021-03-17;893;275;35133;13892;9.1;3.6
81;2021-03-18;970;573;36103;14465;9.3;3.7
81;2021-03-19;1271;456;37374;14921;9.6;3.8
81;2021-03-20;677;285;38051;15206;9.8;3.9
81;2021-03-21;139;22;38190;15228;9.8;3.9
81;2021-03-22;932;267;39122;15495;10.1;4.0
81;2021-03-23;1420;219;40542;15714;10.5;4.1
81;2021-03-24;1606;262;42148;15976;10.9;4.1
81;2021-03-25;2028;322;44176;16298;11.4;4.2
81;2021-03-26;2100;270;46276;16568;11.9;4.3
81;2021-03-27;1091;37;47367;16605;12.2;4.3
81;2021-03-28;734;37;48101;16642;12.4;4.3
81;2021-03-29;2866;187;50967;16829;13.1;4.3
81;2021-03-30;3055;214;54022;17043;13.9;4.4
81;2021-03-31;2691;297;56713;17340;14.6;4.5
81;2021-04-01;3314;569;60027;17909;15.5;4.6
81;2021-04-02;2616;369;62643;18278;16.1;4.7
81;2021-04-03;1147;304;63790;18582;16.4;4.8
81;2021-04-04;1403;24;65193;18606;16.8;4.8
81;2021-04-05;718;20;65911;18626;17.0;4.8
81;2021-04-06;1599;516;67510;19142;17.4;4.9
81;2021-04-07;1817;581;69327;19723;17.9;5.1
81;2021-04-08;2619;822;71946;20545;18.5;5.3
81;2021-04-09;3052;476;74998;21021;19.3;5.4
81;2021-04-10;1476;516;76474;21537;19.7;5.6
81;2021-04-11;1299;70;77773;21607;20.0;5.6
81;2021-04-12;1220;682;78993;22289;20.4;5.7
81;2021-04-13;2528;791;81521;23080;21.0;6.0
81;2021-04-14;2506;834;84027;23914;21.7;6.2
81;2021-04-15;3099;1198;87126;25112;22.5;6.5
81;2021-04-16;2822;1090;89948;26202;23.2;6.8
81;2021-04-17;1145;296;91093;26498;23.5;6.8
81;2021-04-18;519;145;91612;26643;23.6;6.9
81;2021-04-19;913;819;92525;27462;23.9;7.1
81;2021-04-20;2270;1168;94795;28630;24.4;7.4
81;2021-04-21;2224;1004;97019;29634;25.0;7.6
81;2021-04-22;2816;1060;99835;30694;25.7;7.9
81;2021-04-23;2885;969;102720;31663;26.5;8.2
81;2021-04-24;1326;741;104046;32404;26.8;8.4
81;2021-04-25;454;715;104500;33119;26.9;8.5
81;2021-04-26;1061;2421;105561;35540;27.2;9.2
81;2021-04-27;1596;2345;107157;37885;27.6;9.8
81;2021-04-28;1427;2393;108584;40278;28.0;10.4
81;2021-04-29;1818;2739;110402;43017;28.5;11.1
81;2021-04-30;2013;2348;112415;45365;29.0;11.7
81;2021-05-01;362;685;112777;46050;29.1;11.9
81;2021-05-02;291;1376;113068;47426;29.1;12.2
81;2021-05-03;1115;1168;114183;48594;29.4;12.5
81;2021-05-04;2621;1907;116804;50501;30.1;13.0
81;2021-05-05;2016;1931;118820;52432;30.6;13.5
81;2021-05-06;2748;3455;121568;55887;31.3;14.4
81;2021-05-07;2128;2878;123696;58765;31.9;15.1
81;2021-05-08;962;878;124658;59643;32.1;15.4
81;2021-05-09;534;1351;125192;60994;32.3;15.7
81;2021-05-10;825;1599;126017;62593;32.5;16.1
81;2021-05-11;1661;2571;127678;65164;32.9;16.8
81;2021-05-12;1640;2459;129318;67623;33.3;17.4
81;2021-05-13;1216;564;130534;68187;33.7;17.6
81;2021-05-14;1890;1723;132424;69910;34.1;18.0
81;2021-05-15;1511;618;133935;70528;34.5;18.2
81;2021-05-16;1368;417;135303;70945;34.9;18.3
81;2021-05-17;1167;864;136470;71809;35.2;18.5
81;2021-05-18;1702;1419;138172;73228;35.6;18.9
81;2021-05-19;2641;1244;140813;74472;36.3;19.2
81;2021-05-20;2968;1351;143781;75823;37.1;19.5
81;2021-05-21;2739;1115;146520;76938;37.8;19.8
81;2021-05-22;2814;520;149334;77458;38.5;20.0
81;2021-05-23;1178;74;150512;77532;38.8;20.0
81;2021-05-24;837;83;151349;77615;39.0;20.0
81;2021-05-25;2490;1100;153839;78715;39.7;20.3
81;2021-05-26;1891;800;155730;79515;40.1;20.5
81;2021-05-27;2555;1542;158285;81057;40.8;20.9
81;2021-05-28;2566;1660;160851;82717;41.5;21.3
81;2021-05-29;1400;544;162251;83261;41.8;21.5
81;2021-05-30;935;219;163186;83480;42.1;21.5
81;2021-05-31;1183;1336;164369;84816;42.4;21.9
81;2021-06-01;1779;2695;166148;87511;42.8;22.6
81;2021-06-02;2007;2445;168155;89956;43.4;23.2
81;2021-06-03;2003;2529;170158;92485;43.9;23.8
81;2021-06-04;1844;2942;172002;95427;44.3;24.6
81;2021-06-05;1757;1307;173759;96734;44.8;24.9
81;2021-06-06;370;366;174129;97100;44.9;25.0
81;2021-06-07;1209;1540;175338;98640;45.2;25.4
81;2021-06-08;2369;2382;177707;101022;45.8;26.0
81;2021-06-09;2438;1867;180145;102889;46.4;26.5
81;2021-06-10;1278;1560;181423;104449;46.8;26.9
81;2021-06-11;2657;2198;184080;106647;47.5;27.5
81;2021-06-12;1659;1037;185739;107684;47.9;27.8
81;2021-06-13;444;475;186183;108159;48.0;27.9
81;2021-06-14;771;1415;186954;109574;48.2;28.2
81;2021-06-15;1677;3500;188631;113074;48.6;29.2
81;2021-06-16;1269;3013;189900;116087;49.0;29.9
81;2021-06-17;1344;2525;191244;118612;49.3;30.6
81;2021-06-18;1837;2771;193081;121383;49.8;31.3
81;2021-06-19;824;951;193905;122334;50.0;31.5
81;2021-06-20;405;536;194310;122870;50.1;31.7
81;2021-06-21;425;1038;194735;123908;50.2;31.9
81;2021-06-22;1061;2567;195796;126475;50.5;32.6
81;2021-06-23;1142;2159;196938;128634;50.8;33.2
81;2021-06-24;1115;1937;198053;130571;51.1;33.7
81;2021-06-25;1238;2864;199291;133435;51.4;34.4
81;2021-06-26;721;1712;200012;135147;51.6;34.8
81;2021-06-27;526;1646;200538;136793;51.7;35.3
81;2021-06-28;476;1538;201014;138331;51.8;35.7
81;2021-06-29;1079;2634;202093;140965;52.1;36.3
81;2021-06-30;1043;3153;203136;144118;52.4;37.2
81;2021-07-01;1102;2628;204238;146746;52.7;37.8
81;2021-07-02;1070;2860;205308;149606;52.9;38.6
81;2021-07-03;732;2829;206040;152435;53.1;39.3
81;2021-07-04;268;1010;206308;153445;53.2;39.6
81;2021-07-05;702;1625;207010;155070;53.4;40.0
81;2021-07-06;975;3176;207985;158246;53.6;40.8
81;2021-07-07;1059;2437;209044;160683;53.9;41.4
81;2021-07-08;1030;2232;210074;162915;54.2;42.0
81;2021-07-09;1147;2702;211221;165617;54.5;42.7
81;2021-07-10;806;1523;212027;167140;54.7;43.1
81;2021-07-11;436;1012;212463;168152;54.8;43.3
81;2021-07-12;785;1725;213248;169877;55.0;43.8
81;2021-07-13;2081;3144;215329;173021;55.5;44.6
81;2021-07-14;1443;1573;216772;174594;55.9;45.0
81;2021-07-15;2545;2760;219317;177354;56.5;45.7
81;2021-07-16;2032;3027;221349;180381;57.1;46.5
81;2021-07-17;1218;2452;222567;182833;57.4;47.1
81;2021-07-18;672;1131;223239;183964;57.6;47.4
81;2021-07-19;1256;1734;224495;185698;57.9;47.9
81;2021-07-20;3064;2806;227559;188504;58.7;48.6
81;2021-07-21;3488;2346;231047;190850;59.6;49.2
81;2021-07-22;3557;2092;234604;192942;60.5;49.7
81;2021-07-23;3172;3245;237776;196187;61.3;50.6
81;2021-07-24;2518;1722;240294;197909;61.9;51.0
81;2021-07-25;1684;711;241978;198620;62.4;51.2
81;2021-07-26;2014;1547;243992;200167;62.9;51.6
81;2021-07-27;3620;2543;247612;202710;63.8;52.3
81;2021-07-28;3052;2205;250664;204915;64.6;52.8
81;2021-07-29;3354;1781;254018;206696;65.5;53.3
81;2021-07-30;2829;2261;256847;208957;66.2;53.9
81;2021-07-31;1947;1015;258794;209972;66.7;54.1
81;2021-08-01;836;637;259630;210609;66.9;54.3
81;2021-08-02;1082;989;260712;211598;67.2;54.5
81;2021-08-03;2362;2116;263074;213714;67.8;55.1
81;2021-08-04;2031;1535;265105;215249;68.3;55.5
81;2021-08-05;1544;1877;266649;217126;68.7;56.0
81;2021-08-06;1726;1970;268375;219096;69.2;56.5
81;2021-08-07;984;1042;269359;220138;69.4;56.8
81;2021-08-08;437;708;269796;220846;69.6;56.9
81;2021-08-09;804;659;270600;221505;69.8;57.1
81;2021-08-10;1610;2756;272210;224261;70.2;57.8
81;2021-08-11;1110;2410;273320;226671;70.5;58.4
81;2021-08-12;1063;2250;274383;228921;70.7;59.0
81;2021-08-13;873;2473;275256;231394;71.0;59.7
81;2021-08-14;501;1873;275757;233267;71.1;60.1
81;2021-08-15;141;1100;275898;234367;71.1;60.4
81;2021-08-16;631;1816;276529;236183;71.3;60.9
81;2021-08-17;1346;3101;277875;239284;71.6;61.7
81;2021-08-18;1066;2359;278941;241643;71.9;62.3
81;2021-08-19;942;2267;279883;243910;72.2;62.9
81;2021-08-20;928;2354;280811;246264;72.4;63.5
81;2021-08-21;471;1538;281282;247802;72.5;63.9
81;2021-08-22;184;931;281466;248733;72.6;64.1
81;2021-08-23;487;1260;281953;249993;72.7;64.4
81;2021-08-24;852;2543;282805;252536;72.9;65.1
81;2021-08-25;718;2052;283523;254588;73.1;65.6
81;2021-08-26;855;2109;284378;256697;73.3;66.2
81;2021-08-27;852;2185;285230;258882;73.5;66.7
81;2021-08-28;484;1417;285714;260299;73.7;67.1
81;2021-08-29;163;832;285877;261131;73.7;67.3
81;2021-08-30;418;1211;286295;262342;73.8;67.6
81;2021-08-31;829;2116;287124;264458;74.0;68.2
81;2021-09-01;656;1410;287780;265868;74.2;68.5
81;2021-09-02;575;1305;288355;267173;74.3;68.9
81;2021-09-03;581;1464;288936;268637;74.5;69.3
81;2021-09-04;496;931;289432;269568;74.6;69.5
81;2021-09-05;97;245;289529;269813;74.6;69.6
81;2021-09-06;276;678;289805;270491;74.7;69.7
81;2021-09-07;382;1379;290187;271870;74.8;70.1
81;2021-09-08;435;1266;290622;273136;74.9;70.4
81;2021-09-09;364;1040;290986;274176;75.0;70.7
81;2021-09-10;391;1247;291377;275423;75.1;71.0
81;2021-09-11;404;926;291781;276349;75.2;71.2
81;2021-09-12;78;244;291859;276593;75.2;71.3
81;2021-09-13;230;729;292089;277322;75.3;71.5
81;2021-09-14;498;1194;292587;278516;75.4;71.8
81;2021-09-15;452;764;293039;279280;75.5;72.0
81;2021-09-16;335;548;293374;279828;75.6;72.1
81;2021-09-17;409;841;293783;280669;75.7;72.4
81;2021-09-18;251;697;294034;281366;75.8;72.5
81;2021-09-19;50;164;294084;281530;75.8;72.6
81;2021-09-20;107;323;294191;281853;75.8;72.7
81;2021-09-21;264;595;294455;282448;75.9;72.8
81;2021-09-22;213;663;294668;283111;76.0;73.0
81;2021-09-23;163;663;294831;283774;76.0;73.2
81;2021-09-24;308;705;295139;284479;76.1;73.3
81;2021-09-25;170;673;295309;285152;76.1;73.5
81;2021-09-26;35;116;295344;285268;76.1;73.5
81;2021-09-27;136;272;295480;285540;76.2;73.6
81;2021-09-28;180;359;295660;285899;76.2;73.7
82;2020-12-27;1;0;1;0;0.0;0.0
82;2020-12-28;2;0;3;0;0.0;0.0
82;2020-12-29;0;0;3;0;0.0;0.0
82;2020-12-30;0;0;3;0;0.0;0.0
82;2020-12-31;0;0;3;0;0.0;0.0
82;2021-01-01;0;0;3;0;0.0;0.0
82;2021-01-02;0;0;3;0;0.0;0.0
82;2021-01-03;0;0;3;0;0.0;0.0
82;2021-01-04;0;0;3;0;0.0;0.0
82;2021-01-05;86;0;89;0;0.0;0.0
82;2021-01-06;1;0;90;0;0.0;0.0
82;2021-01-07;75;0;165;0;0.1;0.0
82;2021-01-08;46;0;211;0;0.1;0.0
82;2021-01-09;77;0;288;0;0.1;0.0
82;2021-01-10;0;0;288;0;0.1;0.0
82;2021-01-11;94;0;382;0;0.1;0.0
82;2021-01-12;285;0;667;0;0.3;0.0
82;2021-01-13;336;1;1003;1;0.4;0.0
82;2021-01-14;444;2;1447;3;0.6;0.0
82;2021-01-15;612;2;2059;5;0.8;0.0
82;2021-01-16;230;3;2289;8;0.9;0.0
82;2021-01-17;89;0;2378;8;0.9;0.0
82;2021-01-18;432;0;2810;8;1.1;0.0
82;2021-01-19;483;1;3293;9;1.3;0.0
82;2021-01-20;663;2;3956;11;1.5;0.0
82;2021-01-21;447;1;4403;12;1.7;0.0
82;2021-01-22;483;2;4886;14;1.9;0.0
82;2021-01-23;151;0;5037;14;1.9;0.0
82;2021-01-24;0;0;5037;14;1.9;0.0
82;2021-01-25;375;0;5412;14;2.1;0.0
82;2021-01-26;468;0;5880;14;2.2;0.0
82;2021-01-27;520;0;6400;14;2.4;0.0
82;2021-01-28;586;34;6986;48;2.7;0.0
82;2021-01-29;405;108;7391;156;2.8;0.1
82;2021-01-30;44;20;7435;176;2.8;0.1
82;2021-01-31;2;0;7437;176;2.8;0.1
82;2021-02-01;292;53;7729;229;2.9;0.1
82;2021-02-02;344;96;8073;325;3.1;0.1
82;2021-02-03;462;65;8535;390;3.2;0.1
82;2021-02-04;768;210;9303;600;3.5;0.2
82;2021-02-05;480;132;9783;732;3.7;0.3
82;2021-02-06;93;36;9876;768;3.8;0.3
82;2021-02-07;29;79;9905;847;3.8;0.3
82;2021-02-08;151;185;10056;1032;3.8;0.4
82;2021-02-09;238;330;10294;1362;3.9;0.5
82;2021-02-10;271;543;10565;1905;4.0;0.7
82;2021-02-11;225;347;10790;2252;4.1;0.9
82;2021-02-12;190;520;10980;2772;4.2;1.1
82;2021-02-13;60;97;11040;2869;4.2;1.1
82;2021-02-14;5;61;11045;2930;4.2;1.1
82;2021-02-15;216;246;11261;3176;4.3;1.2
82;2021-02-16;280;326;11541;3502;4.4;1.3
82;2021-02-17;359;463;11900;3965;4.5;1.5
82;2021-02-18;507;430;12407;4395;4.7;1.7
82;2021-02-19;490;500;12897;4895;4.9;1.9
82;2021-02-20;78;119;12975;5014;4.9;1.9
82;2021-02-21;0;0;12975;5014;4.9;1.9
82;2021-02-22;200;332;13175;5346;5.0;2.0
82;2021-02-23;277;411;13452;5757;5.1;2.2
82;2021-02-24;283;363;13735;6120;5.2;2.3
82;2021-02-25;637;465;14372;6585;5.5;2.5
82;2021-02-26;648;382;15020;6967;5.7;2.7
82;2021-02-27;214;63;15234;7030;5.8;2.7
82;2021-02-28;30;7;15264;7037;5.8;2.7
82;2021-03-01;291;197;15555;7234;5.9;2.8
82;2021-03-02;495;356;16050;7590;6.1;2.9
82;2021-03-03;440;342;16490;7932;6.3;3.0
82;2021-03-04;600;280;17090;8212;6.5;3.1
82;2021-03-05;680;359;17770;8571;6.8;3.3
82;2021-03-06;693;36;18463;8607;7.0;3.3
82;2021-03-07;302;3;18765;8610;7.1;3.3
82;2021-03-08;603;141;19368;8751;7.4;3.3
82;2021-03-09;582;229;19950;8980;7.6;3.4
82;2021-03-10;779;223;20729;9203;7.9;3.5
82;2021-03-11;977;267;21706;9470;8.3;3.6
82;2021-03-12;992;99;22698;9569;8.6;3.6
82;2021-03-13;564;54;23262;9623;8.9;3.7
82;2021-03-14;61;5;23323;9628;8.9;3.7
82;2021-03-15;485;312;23808;9940;9.1;3.8
82;2021-03-16;197;324;24005;10264;9.1;3.9
82;2021-03-17;191;285;24196;10549;9.2;4.0
82;2021-03-18;279;344;24475;10893;9.3;4.1
82;2021-03-19;533;303;25008;11196;9.5;4.3
82;2021-03-20;251;56;25259;11252;9.6;4.3
82;2021-03-21;23;0;25282;11252;9.6;4.3
82;2021-03-22;406;317;25688;11569;9.8;4.4
82;2021-03-23;601;312;26289;11881;10.0;4.5
82;2021-03-24;621;322;26910;12203;10.2;4.6
82;2021-03-25;928;244;27838;12447;10.6;4.7
82;2021-03-26;1216;264;29054;12711;11.1;4.8
82;2021-03-27;479;78;29533;12789;11.2;4.9
82;2021-03-28;136;2;29669;12791;11.3;4.9
82;2021-03-29;925;375;30594;13166;11.6;5.0
82;2021-03-30;1188;280;31782;13446;12.1;5.1
82;2021-03-31;1018;260;32800;13706;12.5;5.2
82;2021-04-01;1070;196;33870;13902;12.9;5.3
82;2021-04-02;1213;284;35083;14186;13.4;5.4
82;2021-04-03;715;129;35798;14315;13.6;5.5
82;2021-04-04;276;14;36074;14329;13.7;5.5
82;2021-04-05;388;20;36462;14349;13.9;5.5
82;2021-04-06;953;510;37415;14859;14.2;5.7
82;2021-04-07;1016;495;38431;15354;14.6;5.8
82;2021-04-08;1454;418;39885;15772;15.2;6.0
82;2021-04-09;1656;470;41541;16242;15.8;6.2
82;2021-04-10;1716;103;43257;16345;16.5;6.2
82;2021-04-11;560;19;43817;16364;16.7;6.2
82;2021-04-12;1348;294;45165;16658;17.2;6.3
82;2021-04-13;1626;271;46791;16929;17.8;6.4
82;2021-04-14;1411;298;48202;17227;18.4;6.6
82;2021-04-15;1781;324;49983;17551;19.0;6.7
82;2021-04-16;1542;335;51525;17886;19.6;6.8
82;2021-04-17;1243;70;52768;17956;20.1;6.8
82;2021-04-18;560;15;53328;17971;20.3;6.8
82;2021-04-19;958;358;54286;18329;20.7;7.0
82;2021-04-20;1267;401;55553;18730;21.2;7.1
82;2021-04-21;1217;373;56770;19103;21.6;7.3
82;2021-04-22;1452;294;58222;19397;22.2;7.4
82;2021-04-23;1076;682;59298;20079;22.6;7.6
82;2021-04-24;1188;265;60486;20344;23.0;7.7
82;2021-04-25;736;49;61222;20393;23.3;7.8
82;2021-04-26;748;807;61970;21200;23.6;8.1
82;2021-04-27;905;921;62875;22121;23.9;8.4
82;2021-04-28;921;896;63796;23017;24.3;8.8
82;2021-04-29;1107;912;64903;23929;24.7;9.1
82;2021-04-30;1042;884;65945;24813;25.1;9.4
82;2021-05-01;1143;258;67088;25071;25.5;9.5
82;2021-05-02;697;145;67785;25216;25.8;9.6
82;2021-05-03;410;1215;68195;26431;26.0;10.1
82;2021-05-04;862;1167;69057;27598;26.3;10.5
82;2021-05-05;568;1172;69625;28770;26.5;11.0
82;2021-05-06;848;1409;70473;30179;26.8;11.5
82;2021-05-07;734;1455;71207;31634;27.1;12.0
82;2021-05-08;934;518;72141;32152;27.5;12.2
82;2021-05-09;753;578;72894;32730;27.8;12.5
82;2021-05-10;850;1363;73744;34093;28.1;13.0
82;2021-05-11;1157;1347;74901;35440;28.5;13.5
82;2021-05-12;1015;1344;75916;36784;28.9;14.0
82;2021-05-13;1454;432;77370;37216;29.5;14.2
82;2021-05-14;1690;1239;79060;38455;30.1;14.6
82;2021-05-15;1934;696;80994;39151;30.8;14.9
82;2021-05-16;558;114;81552;39265;31.1;15.0
82;2021-05-17;1090;1172;82642;40437;31.5;15.4
82;2021-05-18;1465;1189;84107;41626;32.0;15.9
82;2021-05-19;1272;974;85379;42600;32.5;16.2
82;2021-05-20;1408;1160;86787;43760;33.0;16.7
82;2021-05-21;1411;1218;88198;44978;33.6;17.1
82;2021-05-22;2067;623;90265;45601;34.4;17.4
82;2021-05-23;705;117;90970;45718;34.6;17.4
82;2021-05-24;1441;265;92411;45983;35.2;17.5
82;2021-05-25;1444;964;93855;46947;35.7;17.9
82;2021-05-26;1411;919;95266;47866;36.3;18.2
82;2021-05-27;1460;1025;96726;48891;36.8;18.6
82;2021-05-28;1540;1139;98266;50030;37.4;19.1
82;2021-05-29;1496;543;99762;50573;38.0;19.3
82;2021-05-30;402;101;100164;50674;38.1;19.3
82;2021-05-31;1490;990;101654;51664;38.7;19.7
82;2021-06-01;1750;1048;103404;52712;39.4;20.1
82;2021-06-02;1477;1005;104881;53717;39.9;20.5
82;2021-06-03;1489;1180;106370;54897;40.5;20.9
82;2021-06-04;2250;1305;108620;56202;41.4;21.4
82;2021-06-05;2267;984;110887;57186;42.2;21.8
82;2021-06-06;329;133;111216;57319;42.3;21.8
82;2021-06-07;957;1275;112173;58594;42.7;22.3
82;2021-06-08;1445;1138;113618;59732;43.3;22.7
82;2021-06-09;1707;1142;115325;60874;43.9;23.2
82;2021-06-10;1441;1208;116766;62082;44.5;23.6
82;2021-06-11;1921;1127;118687;63209;45.2;24.1
82;2021-06-12;2392;1393;121079;64602;46.1;24.6
82;2021-06-13;379;113;121458;64715;46.2;24.6
82;2021-06-14;1213;1082;122671;65797;46.7;25.1
82;2021-06-15;1462;1245;124133;67042;47.3;25.5
82;2021-06-16;1749;1168;125882;68210;47.9;26.0
82;2021-06-17;1219;1472;127101;69682;48.4;26.5
82;2021-06-18;1469;1439;128570;71121;49.0;27.1
82;2021-06-19;2269;981;130839;72102;49.8;27.5
82;2021-06-20;268;173;131107;72275;49.9;27.5
82;2021-06-21;484;1361;131591;73636;50.1;28.0
82;2021-06-22;892;1710;132483;75346;50.4;28.7
82;2021-06-23;1238;1586;133721;76932;50.9;29.3
82;2021-06-24;757;1905;134478;78837;51.2;30.0
82;2021-06-25;739;1936;135217;80773;51.5;30.8
82;2021-06-26;1239;2145;136456;82918;52.0;31.6
82;2021-06-27;195;440;136651;83358;52.0;31.7
82;2021-06-28;329;1411;136980;84769;52.2;32.3
82;2021-06-29;518;1840;137498;86609;52.4;33.0
82;2021-06-30;947;1912;138445;88521;52.7;33.7
82;2021-07-01;658;1632;139103;90153;53.0;34.3
82;2021-07-02;931;2293;140034;92446;53.3;35.2
82;2021-07-03;858;2340;140892;94786;53.6;36.1
82;2021-07-04;120;439;141012;95225;53.7;36.3
82;2021-07-05;445;1561;141457;96786;53.9;36.9
82;2021-07-06;513;1866;141970;98652;54.1;37.6
82;2021-07-07;793;1772;142763;100424;54.4;38.2
82;2021-07-08;504;1504;143267;101928;54.6;38.8
82;2021-07-09;781;2154;144048;104082;54.9;39.6
82;2021-07-10;706;2215;144754;106297;55.1;40.5
82;2021-07-11;39;380;144793;106677;55.1;40.6
82;2021-07-12;578;1884;145371;108561;55.4;41.3
82;2021-07-13;714;2002;146085;110563;55.6;42.1
82;2021-07-14;617;741;146702;111304;55.9;42.4
82;2021-07-15;858;1748;147560;113052;56.2;43.0
82;2021-07-16;1436;2636;148996;115688;56.7;44.1
82;2021-07-17;560;2182;149556;117870;56.9;44.9
82;2021-07-18;14;41;149570;117911;57.0;44.9
82;2021-07-19;736;2072;150306;119983;57.2;45.7
82;2021-07-20;920;1882;151226;121865;57.6;46.4
82;2021-07-21;1289;1759;152515;123624;58.1;47.1
82;2021-07-22;1083;1765;153598;125389;58.5;47.7
82;2021-07-23;1055;2989;154653;128378;58.9;48.9
82;2021-07-24;1102;1490;155755;129868;59.3;49.5
82;2021-07-25;303;73;156058;129941;59.4;49.5
82;2021-07-26;950;1896;157008;131837;59.8;50.2
82;2021-07-27;1324;1640;158332;133477;60.3;50.8
82;2021-07-28;1468;1499;159800;134976;60.8;51.4
82;2021-07-29;1331;1534;161131;136510;61.4;52.0
82;2021-07-30;1537;2474;162668;138984;61.9;52.9
82;2021-07-31;459;295;163127;139279;62.1;53.0
82;2021-08-01;273;50;163400;139329;62.2;53.1
82;2021-08-02;1271;878;164671;140207;62.7;53.4
82;2021-08-03;1435;832;166106;141039;63.3;53.7
82;2021-08-04;1363;1029;167469;142068;63.8;54.1
82;2021-08-05;1491;600;168960;142668;64.3;54.3
82;2021-08-06;995;646;169955;143314;64.7;54.6
82;2021-08-07;923;1195;170878;144509;65.1;55.0
82;2021-08-08;157;65;171035;144574;65.1;55.1
82;2021-08-09;1071;899;172106;145473;65.5;55.4
82;2021-08-10;1290;915;173396;146388;66.0;55.7
82;2021-08-11;1263;1123;174659;147511;66.5;56.2
82;2021-08-12;1472;946;176131;148457;67.1;56.5
82;2021-08-13;1413;997;177544;149454;67.6;56.9
82;2021-08-14;313;485;177857;149939;67.7;57.1
82;2021-08-15;61;38;177918;149977;67.7;57.1
82;2021-08-16;781;1459;178699;151436;68.0;57.7
82;2021-08-17;1064;1236;179763;152672;68.5;58.1
82;2021-08-18;616;848;180379;153520;68.7;58.5
82;2021-08-19;1011;1146;181390;154666;69.1;58.9
82;2021-08-20;1033;1907;182423;156573;69.5;59.6
82;2021-08-21;495;990;182918;157563;69.7;60.0
82;2021-08-22;21;55;182939;157618;69.7;60.0
82;2021-08-23;745;1292;183684;158910;69.9;60.5
82;2021-08-24;863;1117;184547;160027;70.3;60.9
82;2021-08-25;848;1538;185395;161565;70.6;61.5
82;2021-08-26;597;1107;185992;162672;70.8;61.9
82;2021-08-27;898;1684;186890;164356;71.2;62.6
82;2021-08-28;211;616;187101;164972;71.2;62.8
82;2021-08-29;44;49;187145;165021;71.3;62.8
82;2021-08-30;430;1024;187575;166045;71.4;63.2
82;2021-08-31;338;1026;187913;167071;71.6;63.6
82;2021-09-01;720;1406;188633;168477;71.8;64.2
82;2021-09-02;406;1294;189039;169771;72.0;64.6
82;2021-09-03;499;1882;189538;171653;72.2;65.4
82;2021-09-04;425;740;189963;172393;72.3;65.6
82;2021-09-05;6;23;189969;172416;72.3;65.7
82;2021-09-06;373;1289;190342;173705;72.5;66.1
82;2021-09-07;209;961;190551;174666;72.6;66.5
82;2021-09-08;494;1259;191045;175925;72.7;67.0
82;2021-09-09;248;1045;191293;176970;72.8;67.4
82;2021-09-10;487;1458;191780;178428;73.0;67.9
82;2021-09-11;212;521;191992;178949;73.1;68.1
82;2021-09-12;10;29;192002;178978;73.1;68.2
82;2021-09-13;297;1115;192299;180093;73.2;68.6
82;2021-09-14;210;944;192509;181037;73.3;68.9
82;2021-09-15;306;1166;192815;182203;73.4;69.4
82;2021-09-16;219;495;193034;182698;73.5;69.6
82;2021-09-17;187;495;193221;183193;73.6;69.8
82;2021-09-18;326;1081;193547;184274;73.7;70.2
82;2021-09-19;1;14;193548;184288;73.7;70.2
82;2021-09-20;140;415;193688;184703;73.8;70.3
82;2021-09-21;94;382;193782;185085;73.8;70.5
82;2021-09-22;136;455;193918;185540;73.8;70.7
82;2021-09-23;112;382;194030;185922;73.9;70.8
82;2021-09-24;209;599;194239;186521;74.0;71.0
82;2021-09-25;231;658;194470;187179;74.1;71.3
82;2021-09-26;5;10;194475;187189;74.1;71.3
82;2021-09-27;98;453;194573;187642;74.1;71.5
82;2021-09-28;90;229;194663;187871;74.1;71.5
83;2020-12-27;1;0;1;0;0.0;0.0
83;2020-12-28;0;0;1;0;0.0;0.0
83;2020-12-29;2;0;3;0;0.0;0.0
83;2020-12-30;1;0;4;0;0.0;0.0
83;2020-12-31;0;0;4;0;0.0;0.0
83;2021-01-01;1;0;5;0;0.0;0.0
83;2021-01-02;0;0;5;0;0.0;0.0
83;2021-01-03;1;0;6;0;0.0;0.0
83;2021-01-04;1;0;7;0;0.0;0.0
83;2021-01-05;4;0;11;0;0.0;0.0
83;2021-01-06;69;0;80;0;0.0;0.0
83;2021-01-07;324;0;404;0;0.0;0.0
83;2021-01-08;421;0;825;0;0.1;0.0
83;2021-01-09;48;0;873;0;0.1;0.0
83;2021-01-10;1;0;874;0;0.1;0.0
83;2021-01-11;475;0;1349;0;0.1;0.0
83;2021-01-12;1015;4;2364;4;0.2;0.0
83;2021-01-13;963;7;3327;11;0.3;0.0
83;2021-01-14;846;5;4173;16;0.4;0.0
83;2021-01-15;714;2;4887;18;0.5;0.0
83;2021-01-16;42;1;4929;19;0.5;0.0
83;2021-01-17;1;0;4930;19;0.5;0.0
83;2021-01-18;1226;4;6156;23;0.6;0.0
83;2021-01-19;2018;6;8174;29;0.8;0.0
83;2021-01-20;1661;7;9835;36;0.9;0.0
83;2021-01-21;2099;7;11934;43;1.1;0.0
83;2021-01-22;1662;6;13596;49;1.3;0.0
83;2021-01-23;246;0;13842;49;1.3;0.0
83;2021-01-24;21;1;13863;50;1.3;0.0
83;2021-01-25;1557;7;15420;57;1.4;0.0
83;2021-01-26;1758;12;17178;69;1.6;0.0
83;2021-01-27;2154;79;19332;148;1.8;0.0
83;2021-01-28;5099;340;24431;488;2.3;0.0
83;2021-01-29;2950;317;27381;805;2.5;0.1
83;2021-01-30;237;42;27618;847;2.6;0.1
83;2021-01-31;46;0;27664;847;2.6;0.1
83;2021-02-01;1282;380;28946;1227;2.7;0.1
83;2021-02-02;1440;682;30386;1909;2.8;0.2
83;2021-02-03;1527;587;31913;2496;3.0;0.2
83;2021-02-04;1485;702;33398;3198;3.1;0.3
83;2021-02-05;1226;610;34624;3808;3.2;0.4
83;2021-02-06;23;12;34647;3820;3.2;0.4
83;2021-02-07;1;0;34648;3820;3.2;0.4
83;2021-02-08;1090;550;35738;4370;3.3;0.4
83;2021-02-09;1324;757;37062;5127;3.5;0.5
83;2021-02-10;1535;722;38597;5849;3.6;0.5
83;2021-02-11;1611;976;40208;6825;3.7;0.6
83;2021-02-12;1348;768;41556;7593;3.9;0.7
83;2021-02-13;55;21;41611;7614;3.9;0.7
83;2021-02-14;0;0;41611;7614;3.9;0.7
83;2021-02-15;676;768;42287;8382;3.9;0.8
83;2021-02-16;545;1073;42832;9455;4.0;0.9
83;2021-02-17;803;1502;43635;10957;4.1;1.0
83;2021-02-18;1630;3353;45265;14310;4.2;1.3
83;2021-02-19;1482;1999;46747;16309;4.4;1.5
83;2021-02-20;63;155;46810;16464;4.4;1.5
83;2021-02-21;25;33;46835;16497;4.4;1.5
83;2021-02-22;507;1382;47342;17879;4.4;1.7
83;2021-02-23;671;1133;48013;19012;4.5;1.8
83;2021-02-24;724;1175;48737;20187;4.5;1.9
83;2021-02-25;1251;1106;49988;21293;4.7;2.0
83;2021-02-26;1298;979;51286;22272;4.8;2.1
83;2021-02-27;552;50;51838;22322;4.8;2.1
83;2021-02-28;10;12;51848;22334;4.8;2.1
83;2021-03-01;809;986;52657;23320;4.9;2.2
83;2021-03-02;991;1066;53648;24386;5.0;2.3
83;2021-03-03;1439;1283;55087;25669;5.1;2.4
83;2021-03-04;1891;1165;56978;26834;5.3;2.5
83;2021-03-05;2221;1064;59199;27898;5.5;2.6
83;2021-03-06;3010;111;62209;28009;5.8;2.6
83;2021-03-07;2227;44;64436;28053;6.0;2.6
83;2021-03-08;851;1104;65287;29157;6.1;2.7
83;2021-03-09;1937;1037;67224;30194;6.3;2.8
83;2021-03-10;2381;1230;69605;31424;6.5;2.9
83;2021-03-11;3677;2040;73282;33464;6.8;3.1
83;2021-03-12;3661;1379;76943;34843;7.2;3.2
83;2021-03-13;4613;173;81556;35016;7.6;3.3
83;2021-03-14;2341;55;83897;35071;7.8;3.3
83;2021-03-15;3339;650;87236;35721;8.1;3.3
83;2021-03-16;2601;663;89837;36384;8.4;3.4
83;2021-03-17;2846;740;92683;37124;8.6;3.5
83;2021-03-18;3550;783;96233;37907;9.0;3.5
83;2021-03-19;4175;581;100408;38488;9.4;3.6
83;2021-03-20;3477;71;103885;38559;9.7;3.6
83;2021-03-21;2011;32;105896;38591;9.9;3.6
83;2021-03-22;3965;886;109861;39477;10.2;3.7
83;2021-03-23;4751;579;114612;40056;10.7;3.7
83;2021-03-24;5050;708;119662;40764;11.1;3.8
83;2021-03-25;6534;844;126196;41608;11.8;3.9
83;2021-03-26;7174;749;133370;42357;12.4;3.9
83;2021-03-27;3969;383;137339;42740;12.8;4.0
83;2021-03-28;2183;34;139522;42774;13.0;4.0
83;2021-03-29;4557;761;144079;43535;13.4;4.1
83;2021-03-30;5969;939;150048;44474;14.0;4.1
83;2021-03-31;5555;1071;155603;45545;14.5;4.2
83;2021-04-01;5981;1250;161584;46795;15.0;4.4
83;2021-04-02;5762;1069;167346;47864;15.6;4.5
83;2021-04-03;1800;630;169146;48494;15.8;4.5
83;2021-04-04;854;345;170000;48839;15.8;4.5
83;2021-04-05;190;64;170190;48903;15.8;4.6
83;2021-04-06;4731;1392;174921;50295;16.3;4.7
83;2021-04-07;5832;1657;180753;51952;16.8;4.8
83;2021-04-08;7892;2000;188645;53952;17.6;5.0
83;2021-04-09;7596;2200;196241;56152;18.3;5.2
83;2021-04-10;2948;2643;199189;58795;18.5;5.5
83;2021-04-11;1715;2131;200904;60926;18.7;5.7
83;2021-04-12;4951;2855;205855;63781;19.2;5.9
83;2021-04-13;5408;2992;211263;66773;19.7;6.2
83;2021-04-14;5896;2932;217159;69705;20.2;6.5
83;2021-04-15;6774;3034;223933;72739;20.9;6.8
83;2021-04-16;6126;3515;230059;76254;21.4;7.1
83;2021-04-17;3510;2185;233569;78439;21.8;7.3
83;2021-04-18;2179;1292;235748;79731;22.0;7.4
83;2021-04-19;4110;3898;239858;83629;22.3;7.8
83;2021-04-20;4359;3866;244217;87495;22.7;8.1
83;2021-04-21;4300;4144;248517;91639;23.1;8.5
83;2021-04-22;5008;4293;253525;95932;23.6;8.9
83;2021-04-23;4528;4562;258053;100494;24.0;9.4
83;2021-04-24;2629;2711;260682;103205;24.3;9.6
83;2021-04-25;1925;1571;262607;104776;24.5;9.8
83;2021-04-26;3568;3848;266175;108624;24.8;10.1
83;2021-04-27;4140;4536;270315;113160;25.2;10.5
83;2021-04-28;4314;4357;274629;117517;25.6;10.9
83;2021-04-29;5821;5107;280450;122624;26.1;11.4
83;2021-04-30;5785;4287;286235;126911;26.7;11.8
83;2021-05-01;1693;429;287928;127340;26.8;11.9
83;2021-05-02;1237;758;289165;128098;26.9;11.9
83;2021-05-03;3750;4282;292915;132380;27.3;12.3
83;2021-05-04;3346;5096;296261;137476;27.6;12.8
83;2021-05-05;3643;4972;299904;142448;27.9;13.3
83;2021-05-06;4676;4948;304580;147396;28.4;13.7
83;2021-05-07;4166;5308;308746;152704;28.8;14.2
83;2021-05-08;2764;1012;311510;153716;29.0;14.3
83;2021-05-09;2151;1236;313661;154952;29.2;14.4
83;2021-05-10;3201;5416;316862;160368;29.5;14.9
83;2021-05-11;5126;5683;321988;166051;30.0;15.5
83;2021-05-12;6292;4846;328280;170897;30.6;15.9
83;2021-05-13;6580;1343;334860;172240;31.2;16.0
83;2021-05-14;7422;4116;342282;176356;31.9;16.4
83;2021-05-15;7751;2204;350033;178560;32.6;16.6
83;2021-05-16;6625;1247;356658;179807;33.2;16.7
83;2021-05-17;4892;4208;361550;184015;33.7;17.1
83;2021-05-18;5534;3861;367084;187876;34.2;17.5
83;2021-05-19;6205;3408;373289;191284;34.8;17.8
83;2021-05-20;6752;3805;380041;195089;35.4;18.2
83;2021-05-21;7906;3864;387947;198953;36.1;18.5
83;2021-05-22;6086;1719;394033;200672;36.7;18.7
83;2021-05-23;4682;713;398715;201385;37.1;18.8
83;2021-05-24;5809;973;404524;202358;37.7;18.8
83;2021-05-25;5510;4755;410034;207113;38.2;19.3
83;2021-05-26;4857;4444;414891;211557;38.6;19.7
83;2021-05-27;5068;5249;419959;216806;39.1;20.2
83;2021-05-28;4503;5755;424462;222561;39.5;20.7
83;2021-05-29;2704;4264;427166;226825;39.8;21.1
83;2021-05-30;1256;1372;428422;228197;39.9;21.3
83;2021-05-31;5487;4763;433909;232960;40.4;21.7
83;2021-06-01;5730;5291;439639;238251;40.9;22.2
83;2021-06-02;5262;4581;444901;242832;41.4;22.6
83;2021-06-03;5744;5128;450645;247960;42.0;23.1
83;2021-06-04;5444;6042;456089;254002;42.5;23.7
83;2021-06-05;3919;3197;460008;257199;42.8;24.0
83;2021-06-06;1933;1383;461941;258582;43.0;24.1
83;2021-06-07;3913;5085;465854;263667;43.4;24.6
83;2021-06-08;4175;4813;470029;268480;43.8;25.0
83;2021-06-09;4007;4700;474036;273180;44.1;25.4
83;2021-06-10;3999;4261;478035;277441;44.5;25.8
83;2021-06-11;3657;5446;481692;282887;44.9;26.3
83;2021-06-12;2913;2982;484605;285869;45.1;26.6
83;2021-06-13;995;1390;485600;287259;45.2;26.8
83;2021-06-14;2853;5651;488453;292910;45.5;27.3
83;2021-06-15;3166;4858;491619;297768;45.8;27.7
83;2021-06-16;2963;4503;494582;302271;46.1;28.1
83;2021-06-17;2784;5287;497366;307558;46.3;28.6
83;2021-06-18;3159;5964;500525;313522;46.6;29.2
83;2021-06-19;2323;4100;502848;317622;46.8;29.6
83;2021-06-20;676;1889;503524;319511;46.9;29.8
83;2021-06-21;2108;7585;505632;327096;47.1;30.5
83;2021-06-22;2103;7162;507735;334258;47.3;31.1
83;2021-06-23;1935;6927;509670;341185;47.5;31.8
83;2021-06-24;1962;7364;511632;348549;47.6;32.5
83;2021-06-25;2111;8395;513743;356944;47.8;33.2
83;2021-06-26;1462;6808;515205;363752;48.0;33.9
83;2021-06-27;692;3184;515897;366936;48.0;34.2
83;2021-06-28;1570;7881;517467;374817;48.2;34.9
83;2021-06-29;1907;7807;519374;382624;48.4;35.6
83;2021-06-30;2240;7272;521614;389896;48.6;36.3
83;2021-07-01;2562;6565;524176;396461;48.8;36.9
83;2021-07-02;2265;7796;526441;404257;49.0;37.6
83;2021-07-03;1508;5686;527949;409943;49.2;38.2
83;2021-07-04;572;2752;528521;412695;49.2;38.4
83;2021-07-05;1925;7531;530446;420226;49.4;39.1
83;2021-07-06;2571;5939;533017;426165;49.6;39.7
83;2021-07-07;2683;4667;535700;430832;49.9;40.1
83;2021-07-08;3245;4469;538945;435301;50.2;40.5
83;2021-07-09;3045;6963;541990;442264;50.5;41.2
83;2021-07-10;1579;4926;543569;447190;50.6;41.6
83;2021-07-11;1008;1766;544577;448956;50.7;41.8
83;2021-07-12;2142;7687;546719;456643;50.9;42.5
83;2021-07-13;4041;7092;550760;463735;51.3;43.2
83;2021-07-14;2094;1321;552854;465056;51.5;43.3
83;2021-07-15;4578;6842;557432;471898;51.9;43.9
83;2021-07-16;5274;7117;562706;479015;52.4;44.6
83;2021-07-17;3648;4997;566354;484012;52.7;45.1
83;2021-07-18;1604;1311;567958;485323;52.9;45.2
83;2021-07-19;3953;6315;571911;491638;53.3;45.8
83;2021-07-20;5986;6188;577897;497826;53.8;46.4
83;2021-07-21;6031;5209;583928;503035;54.4;46.8
83;2021-07-22;7117;5537;591045;508572;55.0;47.4
83;2021-07-23;7098;5916;598143;514488;55.7;47.9
83;2021-07-24;4649;4558;602792;519046;56.1;48.3
83;2021-07-25;1329;737;604121;519783;56.3;48.4
83;2021-07-26;5545;4936;609666;524719;56.8;48.9
83;2021-07-27;6833;4903;616499;529622;57.4;49.3
83;2021-07-28;6601;4426;623100;534048;58.0;49.7
83;2021-07-29;7499;4858;630599;538906;58.7;50.2
83;2021-07-30;6968;4761;637567;543667;59.4;50.6
83;2021-07-31;4667;3217;642234;546884;59.8;50.9
83;2021-08-01;1066;849;643300;547733;59.9;51.0
83;2021-08-02;5771;3705;649071;551438;60.4;51.4
83;2021-08-03;6384;3995;655455;555433;61.0;51.7
83;2021-08-04;5907;3710;661362;559143;61.6;52.1
83;2021-08-05;6182;4087;667544;563230;62.2;52.5
83;2021-08-06;6161;4914;673705;568144;62.7;52.9
83;2021-08-07;3750;3557;677455;571701;63.1;53.2
83;2021-08-08;1064;823;678519;572524;63.2;53.3
83;2021-08-09;4717;4644;683236;577168;63.6;53.7
83;2021-08-10;5235;5146;688471;582314;64.1;54.2
83;2021-08-11;4592;5067;693063;587381;64.5;54.7
83;2021-08-12;4926;5567;697989;592948;65.0;55.2
83;2021-08-13;4938;5741;702927;598689;65.5;55.8
83;2021-08-14;3223;3892;706150;602581;65.8;56.1
83;2021-08-15;208;392;706358;602973;65.8;56.2
83;2021-08-16;3629;5481;709987;608454;66.1;56.7
83;2021-08-17;3576;5271;713563;613725;66.4;57.2
83;2021-08-18;3603;4999;717166;618724;66.8;57.6
83;2021-08-19;4178;6261;721344;624985;67.2;58.2
83;2021-08-20;3640;6515;724984;631500;67.5;58.8
83;2021-08-21;2345;4488;727329;635988;67.7;59.2
83;2021-08-22;634;1033;727963;637021;67.8;59.3
83;2021-08-23;2506;5786;730469;642807;68.0;59.9
83;2021-08-24;2922;5921;733391;648728;68.3;60.4
83;2021-08-25;2580;5292;735971;654020;68.5;60.9
83;2021-08-26;2796;5841;738767;659861;68.8;61.4
83;2021-08-27;2918;5920;741685;665781;69.1;62.0
83;2021-08-28;1936;4538;743621;670319;69.2;62.4
83;2021-08-29;476;1161;744097;671480;69.3;62.5
83;2021-08-30;2380;4974;746477;676454;69.5;63.0
83;2021-08-31;2506;5477;748983;681931;69.7;63.5
83;2021-09-01;2542;5084;751525;687015;70.0;64.0
83;2021-09-02;2482;4968;754007;691983;70.2;64.4
83;2021-09-03;2325;5250;756332;697233;70.4;64.9
83;2021-09-04;1919;4645;758251;701878;70.6;65.4
83;2021-09-05;568;543;758819;702421;70.7;65.4
83;2021-09-06;1638;4111;760457;706532;70.8;65.8
83;2021-09-07;1653;3873;762110;710405;71.0;66.2
83;2021-09-08;1909;3860;764019;714265;71.1;66.5
83;2021-09-09;1484;3922;765503;718187;71.3;66.9
83;2021-09-10;1770;4332;767273;722519;71.5;67.3
83;2021-09-11;1372;3883;768645;726402;71.6;67.6
83;2021-09-12;204;497;768849;726899;71.6;67.7
83;2021-09-13;1213;3364;770062;730263;71.7;68.0
83;2021-09-14;1314;3485;771376;733748;71.8;68.3
83;2021-09-15;1353;2537;772729;736285;72.0;68.6
83;2021-09-16;1035;2170;773764;738455;72.1;68.8
83;2021-09-17;1026;2523;774790;740978;72.2;69.0
83;2021-09-18;1019;2999;775809;743977;72.2;69.3
83;2021-09-19;97;399;775906;744376;72.3;69.3
83;2021-09-20;668;2028;776574;746404;72.3;69.5
83;2021-09-21;718;1805;777292;748209;72.4;69.7
83;2021-09-22;758;2490;778050;750699;72.5;69.9
83;2021-09-23;710;2110;778760;752809;72.5;70.1
83;2021-09-24;720;2193;779480;755002;72.6;70.3
83;2021-09-25;733;2663;780213;757665;72.7;70.6
83;2021-09-26;71;449;780284;758114;72.7;70.6
83;2021-09-27;577;1724;780861;759838;72.7;70.8
83;2021-09-28;534;1498;781395;761336;72.8;70.9
84;2020-12-27;1;0;1;0;0.0;0.0
84;2020-12-28;1;0;2;0;0.0;0.0
84;2020-12-29;2;0;4;0;0.0;0.0
84;2020-12-30;1;0;5;0;0.0;0.0
84;2020-12-31;2;0;7;0;0.0;0.0
84;2021-01-01;0;0;7;0;0.0;0.0
84;2021-01-02;0;0;7;0;0.0;0.0
84;2021-01-03;0;0;7;0;0.0;0.0
84;2021-01-04;0;0;7;0;0.0;0.0
84;2021-01-05;0;0;7;0;0.0;0.0
84;2021-01-06;0;0;7;0;0.0;0.0
84;2021-01-07;69;0;76;0;0.0;0.0
84;2021-01-08;84;0;160;0;0.0;0.0
84;2021-01-09;31;0;191;0;0.0;0.0
84;2021-01-10;0;0;191;0;0.0;0.0
84;2021-01-11;219;0;410;0;0.1;0.0
84;2021-01-12;624;2;1034;2;0.2;0.0
84;2021-01-13;359;0;1393;2;0.2;0.0
84;2021-01-14;959;12;2352;14;0.4;0.0
84;2021-01-15;619;9;2971;23;0.5;0.0
84;2021-01-16;167;0;3138;23;0.6;0.0
84;2021-01-17;29;1;3167;24;0.6;0.0
84;2021-01-18;696;2;3863;26;0.7;0.0
84;2021-01-19;881;2;4744;28;0.8;0.0
84;2021-01-20;1023;3;5767;31;1.0;0.0
84;2021-01-21;1050;5;6817;36;1.2;0.0
84;2021-01-22;1135;1;7952;37;1.4;0.0
84;2021-01-23;250;0;8202;37;1.5;0.0
84;2021-01-24;3;0;8205;37;1.5;0.0
84;2021-01-25;809;0;9014;37;1.6;0.0
84;2021-01-26;939;4;9953;41;1.8;0.0
84;2021-01-27;1072;2;11025;43;2.0;0.0
84;2021-01-28;1622;16;12647;59;2.3;0.0
84;2021-01-29;1203;57;13850;116;2.5;0.0
84;2021-01-30;171;16;14021;132;2.5;0.0
84;2021-01-31;7;0;14028;132;2.5;0.0
84;2021-02-01;660;124;14688;256;2.6;0.0
84;2021-02-02;788;245;15476;501;2.8;0.1
84;2021-02-03;761;228;16237;729;2.9;0.1
84;2021-02-04;912;370;17149;1099;3.1;0.2
84;2021-02-05;727;377;17876;1476;3.2;0.3
84;2021-02-06;127;40;18003;1516;3.2;0.3
84;2021-02-07;1;0;18004;1516;3.2;0.3
84;2021-02-08;569;231;18573;1747;3.3;0.3
84;2021-02-09;694;609;19267;2356;3.4;0.4
84;2021-02-10;558;491;19825;2847;3.5;0.5
84;2021-02-11;549;491;20374;3338;3.6;0.6
84;2021-02-12;561;592;20935;3930;3.7;0.7
84;2021-02-13;47;138;20982;4068;3.7;0.7
84;2021-02-14;3;0;20985;4068;3.7;0.7
84;2021-02-15;207;717;21192;4785;3.8;0.9
84;2021-02-16;222;672;21414;5457;3.8;1.0
84;2021-02-17;448;651;21862;6108;3.9;1.1
84;2021-02-18;557;936;22419;7044;4.0;1.3
84;2021-02-19;739;979;23158;8023;4.1;1.4
84;2021-02-20;68;114;23226;8137;4.1;1.5
84;2021-02-21;6;35;23232;8172;4.1;1.5
84;2021-02-22;370;613;23602;8785;4.2;1.6
84;2021-02-23;272;604;23874;9389;4.3;1.7
84;2021-02-24;395;603;24269;9992;4.3;1.8
84;2021-02-25;714;699;24983;10691;4.5;1.9
84;2021-02-26;823;568;25806;11259;4.6;2.0
84;2021-02-27;133;100;25939;11359;4.6;2.0
84;2021-02-28;17;0;25956;11359;4.6;2.0
84;2021-03-01;458;549;26414;11908;4.7;2.1
84;2021-03-02;633;696;27047;12604;4.8;2.2
84;2021-03-03;820;815;27867;13419;5.0;2.4
84;2021-03-04;1099;612;28966;14031;5.2;2.5
84;2021-03-05;1313;474;30279;14505;5.4;2.6
84;2021-03-06;1460;64;31739;14569;5.7;2.6
84;2021-03-07;481;16;32220;14585;5.7;2.6
84;2021-03-08;812;539;33032;15124;5.9;2.7
84;2021-03-09;1387;699;34419;15823;6.1;2.8
84;2021-03-10;1475;604;35894;16427;6.4;2.9
84;2021-03-11;1984;600;37878;17027;6.8;3.0
84;2021-03-12;2081;576;39959;17603;7.1;3.1
84;2021-03-13;747;36;40706;17639;7.3;3.1
84;2021-03-14;247;53;40953;17692;7.3;3.2
84;2021-03-15;1070;300;42023;17992;7.5;3.2
84;2021-03-16;1180;314;43203;18306;7.7;3.3
84;2021-03-17;1146;423;44349;18729;7.9;3.3
84;2021-03-18;1457;387;45806;19116;8.2;3.4
84;2021-03-19;2179;453;47985;19569;8.6;3.5
84;2021-03-20;841;26;48826;19595;8.7;3.5
84;2021-03-21;150;11;48976;19606;8.7;3.5
84;2021-03-22;1162;461;50138;20067;8.9;3.6
84;2021-03-23;1914;428;52052;20495;9.3;3.7
84;2021-03-24;2177;394;54229;20889;9.7;3.7
84;2021-03-25;3654;392;57883;21281;10.3;3.8
84;2021-03-26;3318;473;61201;21754;10.9;3.9
84;2021-03-27;915;58;62116;21812;11.1;3.9
84;2021-03-28;74;2;62190;21814;11.1;3.9
84;2021-03-29;1716;528;63906;22342;11.4;4.0
84;2021-03-30;2674;688;66580;23030;11.9;4.1
84;2021-03-31;2404;639;68984;23669;12.3;4.2
84;2021-04-01;3021;574;72005;24243;12.8;4.3
84;2021-04-02;2452;525;74457;24768;13.3;4.4
84;2021-04-03;510;29;74967;24797;13.4;4.4
84;2021-04-04;14;0;74981;24797;13.4;4.4
84;2021-04-05;814;100;75795;24897;13.5;4.4
84;2021-04-06;2144;841;77939;25738;13.9;4.6
84;2021-04-07;2404;862;80343;26600;14.3;4.7
84;2021-04-08;3653;1043;83996;27643;15.0;4.9
84;2021-04-09;4116;947;88112;28590;15.7;5.1
84;2021-04-10;1308;131;89420;28721;15.9;5.1
84;2021-04-11;37;12;89457;28733;15.9;5.1
84;2021-04-12;2094;806;91551;29539;16.3;5.3
84;2021-04-13;2940;1364;94491;30903;16.8;5.5
84;2021-04-14;2811;1350;97302;32253;17.3;5.7
84;2021-04-15;3272;1417;100574;33670;17.9;6.0
84;2021-04-16;3431;1551;104005;35221;18.5;6.3
84;2021-04-17;1666;200;105671;35421;18.8;6.3
84;2021-04-18;38;1;105709;35422;18.8;6.3
84;2021-04-19;2507;921;108216;36343;19.3;6.5
84;2021-04-20;2627;1527;110843;37870;19.8;6.8
84;2021-04-21;2651;1482;113494;39352;20.2;7.0
84;2021-04-22;3013;1740;116507;41092;20.8;7.3
84;2021-04-23;3041;1908;119548;43000;21.3;7.7
84;2021-04-24;1530;288;121078;43288;21.6;7.7
84;2021-04-25;27;2;121105;43290;21.6;7.7
84;2021-04-26;2199;1364;123304;44654;22.0;8.0
84;2021-04-27;2556;1977;125860;46631;22.4;8.3
84;2021-04-28;2819;1842;128679;48473;22.9;8.6
84;2021-04-29;3420;2047;132099;50520;23.5;9.0
84;2021-04-30;3134;2424;135233;52944;24.1;9.4
84;2021-05-01;457;259;135690;53203;24.2;9.5
84;2021-05-02;2;0;135692;53203;24.2;9.5
84;2021-05-03;2162;1626;137854;54829;24.6;9.8
84;2021-05-04;2488;2535;140342;57364;25.0;10.2
84;2021-05-05;2353;2226;142695;59590;25.4;10.6
84;2021-05-06;3223;2259;145918;61849;26.0;11.0
84;2021-05-07;2766;2559;148684;64408;26.5;11.5
84;2021-05-08;1158;527;149842;64935;26.7;11.6
84;2021-05-09;8;53;149850;64988;26.7;11.6
84;2021-05-10;2159;2466;152009;67454;27.1;12.0
84;2021-05-11;2905;3153;154914;70607;27.6;12.6
84;2021-05-12;2849;2920;157763;73527;28.1;13.1
84;2021-05-13;2160;848;159923;74375;28.5;13.3
84;2021-05-14;2727;2036;162650;76411;29.0;13.6
84;2021-05-15;2001;986;164651;77397;29.3;13.8
84;2021-05-16;1340;187;165991;77584;29.6;13.8
84;2021-05-17;2224;2156;168215;79740;30.0;14.2
84;2021-05-18;2904;2113;171119;81853;30.5;14.6
84;2021-05-19;3230;1665;174349;83518;31.1;14.9
84;2021-05-20;3698;2208;178047;85726;31.7;15.3
84;2021-05-21;3471;2331;181518;88057;32.4;15.7
84;2021-05-22;1582;682;183100;88739;32.6;15.8
84;2021-05-23;6;9;183106;88748;32.6;15.8
84;2021-05-24;1840;424;184946;89172;33.0;15.9
84;2021-05-25;2984;2188;187930;91360;33.5;16.3
84;2021-05-26;3075;2090;191005;93450;34.0;16.7
84;2021-05-27;3857;2311;194862;95761;34.7;17.1
84;2021-05-28;3179;3303;198041;99064;35.3;17.7
84;2021-05-29;1093;1649;199134;100713;35.5;18.0
84;2021-05-30;10;85;199144;100798;35.5;18.0
84;2021-05-31;2191;2638;201335;103436;35.9;18.4
84;2021-06-01;3141;3158;204476;106594;36.4;19.0
84;2021-06-02;3170;2629;207646;109223;37.0;19.5
84;2021-06-03;4114;2998;211760;112221;37.7;20.0
84;2021-06-04;3613;3021;215373;115242;38.4;20.5
84;2021-06-05;1781;1501;217154;116743;38.7;20.8
84;2021-06-06;984;208;218138;116951;38.9;20.8
84;2021-06-07;2451;2758;220589;119709;39.3;21.3
84;2021-06-08;3317;3054;223906;122763;39.9;21.9
84;2021-06-09;3033;2686;226939;125449;40.5;22.4
84;2021-06-10;3512;2794;230451;128243;41.1;22.9
84;2021-06-11;3031;3068;233482;131311;41.6;23.4
84;2021-06-12;1965;1308;235447;132619;42.0;23.6
84;2021-06-13;413;213;235860;132832;42.0;23.7
84;2021-06-14;1930;3153;237790;135985;42.4;24.2
84;2021-06-15;2573;3453;240363;139438;42.8;24.9
84;2021-06-16;2527;2962;242890;142400;43.3;25.4
84;2021-06-17;2992;3479;245882;145879;43.8;26.0
84;2021-06-18;2424;3553;248306;149432;44.3;26.6
84;2021-06-19;1287;1551;249593;150983;44.5;26.9
84;2021-06-20;546;354;250139;151337;44.6;27.0
84;2021-06-21;1569;3135;251708;154472;44.9;27.5
84;2021-06-22;2163;4010;253871;158482;45.3;28.3
84;2021-06-23;2117;3306;255988;161788;45.6;28.8
84;2021-06-24;2201;3484;258189;165272;46.0;29.5
84;2021-06-25;1836;3888;260025;169160;46.4;30.2
84;2021-06-26;1132;1817;261157;170977;46.6;30.5
84;2021-06-27;297;345;261454;171322;46.6;30.5
84;2021-06-28;1207;3224;262661;174546;46.8;31.1
84;2021-06-29;1477;4051;264138;178597;47.1;31.8
84;2021-06-30;1716;3969;265854;182566;47.4;32.5
84;2021-07-01;1819;3955;267673;186521;47.7;33.2
84;2021-07-02;1758;3898;269431;190419;48.0;33.9
84;2021-07-03;1102;2030;270533;192449;48.2;34.3
84;2021-07-04;395;416;270928;192865;48.3;34.4
84;2021-07-05;1550;3540;272478;196405;48.6;35.0
84;2021-07-06;1637;4164;274115;200569;48.9;35.8
84;2021-07-07;1676;3102;275791;203671;49.2;36.3
84;2021-07-08;2157;3742;277948;207413;49.5;37.0
84;2021-07-09;1874;3970;279822;211383;49.9;37.7
84;2021-07-10;1253;2162;281075;213545;50.1;38.1
84;2021-07-11;354;300;281429;213845;50.2;38.1
84;2021-07-12;1409;3836;282838;217681;50.4;38.8
84;2021-07-13;2334;5009;285172;222690;50.8;39.7
84;2021-07-14;1885;1249;287057;223939;51.2;39.9
84;2021-07-15;2708;4557;289765;228496;51.7;40.7
84;2021-07-16;2778;4603;292543;233099;52.1;41.6
84;2021-07-17;1588;2449;294131;235548;52.4;42.0
84;2021-07-18;1017;552;295148;236100;52.6;42.1
84;2021-07-19;2415;3743;297563;239843;53.0;42.8
84;2021-07-20;2954;4168;300517;244011;53.6;43.5
84;2021-07-21;3187;3653;303704;247664;54.1;44.1
84;2021-07-22;3778;3791;307482;251455;54.8;44.8
84;2021-07-23;3520;3678;311002;255133;55.4;45.5
84;2021-07-24;1470;2248;312472;257381;55.7;45.9
84;2021-07-25;1033;513;313505;257894;55.9;46.0
84;2021-07-26;2725;3038;316230;260932;56.4;46.5
84;2021-07-27;3443;3568;319673;264500;57.0;47.1
84;2021-07-28;3866;3307;323539;267807;57.7;47.7
84;2021-07-29;4224;3157;327763;270964;58.4;48.3
84;2021-07-30;4026;3326;331789;274290;59.1;48.9
84;2021-07-31;2000;1694;333789;275984;59.5;49.2
84;2021-08-01;819;437;334608;276421;59.6;49.3
84;2021-08-02;2992;2695;337600;279116;60.2;49.8
84;2021-08-03;4108;2795;341708;281911;60.9;50.3
84;2021-08-04;3918;2611;345626;284522;61.6;50.7
84;2021-08-05;3888;2585;349514;287107;62.3;51.2
84;2021-08-06;3695;2868;353209;289975;63.0;51.7
84;2021-08-07;2078;1743;355287;291718;63.3;52.0
84;2021-08-08;386;735;355673;292453;63.4;52.1
84;2021-08-09;2940;2603;358613;295056;63.9;52.6
84;2021-08-10;3745;2956;362358;298012;64.6;53.1
84;2021-08-11;3269;2675;365627;300687;65.2;53.6
84;2021-08-12;3173;2980;368800;303667;65.7;54.1
84;2021-08-13;2922;2699;371722;306366;66.3;54.6
84;2021-08-14;1735;1746;373457;308112;66.6;54.9
84;2021-08-15;314;227;373771;308339;66.6;55.0
84;2021-08-16;2447;3086;376218;311425;67.1;55.5
84;2021-08-17;2736;3260;378954;314685;67.6;56.1
84;2021-08-18;2418;2797;381372;317482;68.0;56.6
84;2021-08-19;2278;3120;383650;320602;68.4;57.1
84;2021-08-20;2199;3305;385849;323907;68.8;57.7
84;2021-08-21;1228;1885;387077;325792;69.0;58.1
84;2021-08-22;167;738;387244;326530;69.0;58.2
84;2021-08-23;1775;3297;389019;329827;69.3;58.8
84;2021-08-24;1923;3468;390942;333295;69.7;59.4
84;2021-08-25;1844;3352;392786;336647;70.0;60.0
84;2021-08-26;1639;3627;394425;340274;70.3;60.7
84;2021-08-27;1629;3813;396054;344087;70.6;61.3
84;2021-08-28;919;2180;396973;346267;70.8;61.7
84;2021-08-29;174;607;397147;346874;70.8;61.8
84;2021-08-30;1389;3278;398536;350152;71.0;62.4
84;2021-08-31;1363;4152;399899;354304;71.3;63.2
84;2021-09-01;1246;3595;401145;357899;71.5;63.8
84;2021-09-02;1204;3208;402349;361107;71.7;64.4
84;2021-09-03;1275;3550;403624;364657;71.9;65.0
84;2021-09-04;746;2177;404370;366834;72.1;65.4
84;2021-09-05;124;475;404494;367309;72.1;65.5
84;2021-09-06;811;2475;405305;369784;72.2;65.9
84;2021-09-07;1026;2751;406331;372535;72.4;66.4
84;2021-09-08;905;2915;407236;375450;72.6;66.9
84;2021-09-09;884;2437;408120;377887;72.7;67.4
84;2021-09-10;926;2908;409046;380795;72.9;67.9
84;2021-09-11;573;1915;409619;382710;73.0;68.2
84;2021-09-12;115;300;409734;383010;73.0;68.3
84;2021-09-13;696;1934;410430;384944;73.2;68.6
84;2021-09-14;812;2041;411242;386985;73.3;69.0
84;2021-09-15;820;1932;412062;388917;73.5;69.3
84;2021-09-16;600;1332;412662;390249;73.6;69.6
84;2021-09-17;612;1612;413274;391861;73.7;69.9
84;2021-09-18;515;1497;413789;393358;73.8;70.1
84;2021-09-19;46;177;413835;393535;73.8;70.1
84;2021-09-20;326;890;414161;394425;73.8;70.3
84;2021-09-21;363;1112;414524;395537;73.9;70.5
84;2021-09-22;417;1585;414941;397122;74.0;70.8
84;2021-09-23;396;1113;415337;398235;74.0;71.0
84;2021-09-24;396;1249;415733;399484;74.1;71.2
84;2021-09-25;323;1245;416056;400729;74.2;71.4
84;2021-09-26;51;142;416107;400871;74.2;71.5
84;2021-09-27;312;784;416419;401655;74.2;71.6
84;2021-09-28;300;753;416719;402408;74.3;71.7
85;2020-12-27;1;0;1;0;0.0;0.0
85;2020-12-28;0;0;1;0;0.0;0.0
85;2020-12-29;0;0;1;0;0.0;0.0
85;2020-12-30;0;0;1;0;0.0;0.0
85;2020-12-31;0;0;1;0;0.0;0.0
85;2021-01-01;0;0;1;0;0.0;0.0
85;2021-01-02;0;0;1;0;0.0;0.0
85;2021-01-03;1;0;2;0;0.0;0.0
85;2021-01-04;26;0;28;0;0.0;0.0
85;2021-01-05;62;0;90;0;0.0;0.0
85;2021-01-06;107;1;197;1;0.0;0.0
85;2021-01-07;203;0;400;1;0.1;0.0
85;2021-01-08;293;2;693;3;0.1;0.0
85;2021-01-09;288;1;981;4;0.1;0.0
85;2021-01-10;59;0;1040;4;0.2;0.0
85;2021-01-11;453;0;1493;4;0.2;0.0
85;2021-01-12;584;1;2077;5;0.3;0.0
85;2021-01-13;543;2;2620;7;0.4;0.0
85;2021-01-14;683;4;3303;11;0.5;0.0
85;2021-01-15;439;3;3742;14;0.5;0.0
85;2021-01-16;264;2;4006;16;0.6;0.0
85;2021-01-17;37;0;4043;16;0.6;0.0
85;2021-01-18;999;1;5042;17;0.7;0.0
85;2021-01-19;1429;10;6471;27;0.9;0.0
85;2021-01-20;1891;2;8362;29;1.2;0.0
85;2021-01-21;3221;7;11583;36;1.7;0.0
85;2021-01-22;1700;16;13283;52;1.9;0.0
85;2021-01-23;466;1;13749;53;2.0;0.0
85;2021-01-24;50;0;13799;53;2.0;0.0
85;2021-01-25;577;0;14376;53;2.1;0.0
85;2021-01-26;877;33;15253;86;2.2;0.0
85;2021-01-27;1809;32;17062;118;2.5;0.0
85;2021-01-28;1636;39;18698;157;2.7;0.0
85;2021-01-29;875;63;19573;220;2.9;0.0
85;2021-01-30;149;5;19722;225;2.9;0.0
85;2021-01-31;2;40;19724;265;2.9;0.0
85;2021-02-01;484;98;20208;363;3.0;0.1
85;2021-02-02;536;170;20744;533;3.0;0.1
85;2021-02-03;415;248;21159;781;3.1;0.1
85;2021-02-04;622;252;21781;1033;3.2;0.2
85;2021-02-05;624;253;22405;1286;3.3;0.2
85;2021-02-06;157;211;22562;1497;3.3;0.2
85;2021-02-07;1;0;22563;1497;3.3;0.2
85;2021-02-08;388;497;22951;1994;3.4;0.3
85;2021-02-09;663;981;23614;2975;3.5;0.4
85;2021-02-10;583;1035;24197;4010;3.5;0.6
85;2021-02-11;1524;2784;25721;6794;3.8;1.0
85;2021-02-12;1015;1162;26736;7956;3.9;1.2
85;2021-02-13;251;432;26987;8388;4.0;1.2
85;2021-02-14;2;84;26989;8472;4.0;1.2
85;2021-02-15;336;646;27325;9118;4.0;1.3
85;2021-02-16;569;958;27894;10076;4.1;1.5
85;2021-02-17;784;1451;28678;11527;4.2;1.7
85;2021-02-18;1277;1719;29955;13246;4.4;1.9
85;2021-02-19;956;1087;30911;14333;4.5;2.1
85;2021-02-20;174;186;31085;14519;4.5;2.1
85;2021-02-21;1;11;31086;14530;4.6;2.1
85;2021-02-22;815;745;31901;15275;4.7;2.2
85;2021-02-23;826;373;32727;15648;4.8;2.3
85;2021-02-24;757;237;33484;15885;4.9;2.3
85;2021-02-25;1336;313;34820;16198;5.1;2.4
85;2021-02-26;1229;248;36049;16446;5.3;2.4
85;2021-02-27;401;77;36450;16523;5.3;2.4
85;2021-02-28;7;1;36457;16524;5.3;2.4
85;2021-03-01;766;351;37223;16875;5.4;2.5
85;2021-03-02;1099;669;38322;17544;5.6;2.6
85;2021-03-03;844;438;39166;17982;5.7;2.6
85;2021-03-04;1577;1082;40743;19064;6.0;2.8
85;2021-03-05;1741;742;42484;19806;6.2;2.9
85;2021-03-06;1227;116;43711;19922;6.4;2.9
85;2021-03-07;333;27;44044;19949;6.4;2.9
85;2021-03-08;1741;405;45785;20354;6.7;3.0
85;2021-03-09;2239;516;48024;20870;7.0;3.1
85;2021-03-10;1862;617;49886;21487;7.3;3.1
85;2021-03-11;3118;1030;53004;22517;7.8;3.3
85;2021-03-12;2730;816;55734;23333;8.2;3.4
85;2021-03-13;1372;155;57106;23488;8.4;3.4
85;2021-03-14;182;3;57288;23491;8.4;3.4
85;2021-03-15;1919;507;59207;23998;8.7;3.5
85;2021-03-16;1631;512;60838;24510;8.9;3.6
85;2021-03-17;980;524;61818;25034;9.0;3.7
85;2021-03-18;1904;449;63722;25483;9.3;3.7
85;2021-03-19;2199;365;65921;25848;9.6;3.8
85;2021-03-20;1069;178;66990;26026;9.8;3.8
85;2021-03-21;272;5;67262;26031;9.8;3.8
85;2021-03-22;1763;555;69025;26586;10.1;3.9
85;2021-03-23;2420;729;71445;27315;10.5;4.0
85;2021-03-24;2206;520;73651;27835;10.8;4.1
85;2021-03-25;3649;596;77300;28431;11.3;4.2
85;2021-03-26;3357;645;80657;29076;11.8;4.3
85;2021-03-27;1729;124;82386;29200;12.1;4.3
85;2021-03-28;540;4;82926;29204;12.1;4.3
85;2021-03-29;2414;758;85340;29962;12.5;4.4
85;2021-03-30;2866;1022;88206;30984;12.9;4.5
85;2021-03-31;2200;676;90406;31660;13.2;4.6
85;2021-04-01;3880;913;94286;32573;13.8;4.8
85;2021-04-02;2710;1104;96996;33677;14.2;4.9
85;2021-04-03;1411;323;98407;34000;14.4;5.0
85;2021-04-04;324;29;98731;34029;14.5;5.0
85;2021-04-05;104;175;98835;34204;14.5;5.0
85;2021-04-06;2196;1592;101031;35796;14.8;5.2
85;2021-04-07;3094;1189;104125;36985;15.2;5.4
85;2021-04-08;4544;1601;108669;38586;15.9;5.6
85;2021-04-09;4604;1225;113273;39811;16.6;5.8
85;2021-04-10;1866;401;115139;40212;16.9;5.9
85;2021-04-11;27;10;115166;40222;16.9;5.9
85;2021-04-12;4283;1490;119449;41712;17.5;6.1
85;2021-04-13;4836;1867;124285;43579;18.2;6.4
85;2021-04-14;3961;1011;128246;44590;18.8;6.5
85;2021-04-15;5517;1740;133763;46330;19.6;6.8
85;2021-04-16;5240;1541;139003;47871;20.3;7.0
85;2021-04-17;1382;436;140385;48307;20.5;7.1
85;2021-04-18;351;12;140736;48319;20.6;7.1
85;2021-04-19;3368;1698;144104;50017;21.1;7.3
85;2021-04-20;3694;1928;147798;51945;21.6;7.6
85;2021-04-21;2692;1693;150490;53638;22.0;7.9
85;2021-04-22;3805;2231;154295;55869;22.6;8.2
85;2021-04-23;3902;2090;158197;57959;23.2;8.5
85;2021-04-24;1663;1532;159860;59491;23.4;8.7
85;2021-04-25;981;565;160841;60056;23.5;8.8
85;2021-04-26;3589;2352;164430;62408;24.1;9.1
85;2021-04-27;4394;2152;168824;64560;24.7;9.4
85;2021-04-28;5747;1256;174571;65816;25.6;9.6
85;2021-04-29;5635;1996;180206;67812;26.4;9.9
85;2021-04-30;5574;1663;185780;69475;27.2;10.2
85;2021-05-01;1736;638;187516;70113;27.4;10.3
85;2021-05-02;873;471;188389;70584;27.6;10.3
85;2021-05-03;3494;2387;191883;72971;28.1;10.7
85;2021-05-04;3487;3082;195370;76053;28.6;11.1
85;2021-05-05;4532;2165;199902;78218;29.3;11.4
85;2021-05-06;4922;2598;204824;80816;30.0;11.8
85;2021-05-07;3932;3849;208756;84665;30.6;12.4
85;2021-05-08;2246;232;211002;84897;30.9;12.4
85;2021-05-09;1507;183;212509;85080;31.1;12.5
85;2021-05-10;3209;4914;215718;89994;31.6;13.2
85;2021-05-11;4027;4964;219745;94958;32.2;13.9
85;2021-05-12;5019;3933;224764;98891;32.9;14.5
85;2021-05-13;5144;613;229908;99504;33.7;14.6
85;2021-05-14;4355;3166;234263;102670;34.3;15.0
85;2021-05-15;2325;771;236588;103441;34.6;15.1
85;2021-05-16;2212;162;238800;103603;35.0;15.2
85;2021-05-17;4145;3375;242945;106978;35.6;15.7
85;2021-05-18;5215;2854;248160;109832;36.3;16.1
85;2021-05-19;6493;1770;254653;111602;37.3;16.3
85;2021-05-20;6773;2174;261426;113776;38.3;16.7
85;2021-05-21;5497;2735;266923;116511;39.1;17.1
85;2021-05-22;2584;749;269507;117260;39.4;17.2
85;2021-05-23;1329;161;270836;117421;39.6;17.2
85;2021-05-24;4572;436;275408;117857;40.3;17.3
85;2021-05-25;4516;3563;279924;121420;41.0;17.8
85;2021-05-26;4945;2678;284869;124098;41.7;18.2
85;2021-05-27;4959;3694;289828;127792;42.4;18.7
85;2021-05-28;5251;4054;295079;131846;43.2;19.3
85;2021-05-29;3961;1530;299040;133376;43.8;19.5
85;2021-05-30;1291;126;300331;133502;44.0;19.5
85;2021-05-31;4689;3376;305020;136878;44.6;20.0
85;2021-06-01;5405;3397;310425;140275;45.4;20.5
85;2021-06-02;5554;2515;315979;142790;46.3;20.9
85;2021-06-03;5915;3231;321894;146021;47.1;21.4
85;2021-06-04;5837;3807;327731;149828;48.0;21.9
85;2021-06-05;2848;1934;330579;151762;48.4;22.2
85;2021-06-06;1511;804;332090;152566;48.6;22.3
85;2021-06-07;3236;4859;335326;157425;49.1;23.0
85;2021-06-08;4090;4523;339416;161948;49.7;23.7
85;2021-06-09;4844;3501;344260;165449;50.4;24.2
85;2021-06-10;5199;3698;349459;169147;51.2;24.8
85;2021-06-11;4506;4657;353965;173804;51.8;25.4
85;2021-06-12;1491;1795;355456;175599;52.0;25.7
85;2021-06-13;1219;672;356675;176271;52.2;25.8
85;2021-06-14;2682;5093;359357;181364;52.6;26.5
85;2021-06-15;3715;4927;363072;186291;53.1;27.3
85;2021-06-16;4083;3907;367155;190198;53.7;27.8
85;2021-06-17;3940;3902;371095;194100;54.3;28.4
85;2021-06-18;3625;5684;374720;199784;54.8;29.2
85;2021-06-19;1213;2029;375933;201813;55.0;29.5
85;2021-06-20;140;520;376073;202333;55.0;29.6
85;2021-06-21;2375;5810;378448;208143;55.4;30.5
85;2021-06-22;2849;5728;381297;213871;55.8;31.3
85;2021-06-23;3390;4499;384687;218370;56.3;32.0
85;2021-06-24;3642;4561;388329;222931;56.8;32.6
85;2021-06-25;2289;6181;390618;229112;57.2;33.5
85;2021-06-26;791;3757;391409;232869;57.3;34.1
85;2021-06-27;125;1369;391534;234238;57.3;34.3
85;2021-06-28;1186;6713;392720;240951;57.5;35.3
85;2021-06-29;1757;6870;394477;247821;57.7;36.3
85;2021-06-30;2212;6208;396689;254029;58.1;37.2
85;2021-07-01;2842;6056;399531;260085;58.5;38.1
85;2021-07-02;2268;7015;401799;267100;58.8;39.1
85;2021-07-03;618;3165;402417;270265;58.9;39.6
85;2021-07-04;145;1084;402562;271349;58.9;39.7
85;2021-07-05;1064;6649;403626;277998;59.1;40.7
85;2021-07-06;1582;6453;405208;284451;59.3;41.6
85;2021-07-07;1649;5859;406857;290310;59.6;42.5
85;2021-07-08;2164;5435;409021;295745;59.9;43.3
85;2021-07-09;1646;7094;410667;302839;60.1;44.3
85;2021-07-10;566;2835;411233;305674;60.2;44.7
85;2021-07-11;529;1287;411762;306961;60.3;44.9
85;2021-07-12;1408;7046;413170;314007;60.5;46.0
85;2021-07-13;2059;7383;415229;321390;60.8;47.0
85;2021-07-14;1451;2047;416680;323437;61.0;47.3
85;2021-07-15;2681;6936;419361;330373;61.4;48.4
85;2021-07-16;3432;6829;422793;337202;61.9;49.4
85;2021-07-17;1565;2148;424358;339350;62.1;49.7
85;2021-07-18;1150;1154;425508;340504;62.3;49.8
85;2021-07-19;3559;6220;429067;346724;62.8;50.8
85;2021-07-20;4300;6213;433367;352937;63.4;51.7
85;2021-07-21;3996;6192;437363;359129;64.0;52.6
85;2021-07-22;3908;6188;441271;365317;64.6;53.5
85;2021-07-23;4530;6703;445801;372020;65.3;54.5
85;2021-07-24;1045;2293;446846;374313;65.4;54.8
85;2021-07-25;491;303;447337;374616;65.5;54.8
85;2021-07-26;4514;5361;451851;379977;66.1;55.6
85;2021-07-27;5320;5396;457171;385373;66.9;56.4
85;2021-07-28;4963;4969;462134;390342;67.6;57.1
85;2021-07-29;5879;4730;468013;395072;68.5;57.8
85;2021-07-30;6028;4951;474041;400023;69.4;58.6
85;2021-07-31;1226;1576;475267;401599;69.6;58.8
85;2021-08-01;470;195;475737;401794;69.6;58.8
85;2021-08-02;4949;3950;480686;405744;70.4;59.4
85;2021-08-03;6523;3352;487209;409096;71.3;59.9
85;2021-08-04;6630;3421;493839;412517;72.3;60.4
85;2021-08-05;6198;3601;500037;416118;73.2;60.9
85;2021-08-06;5810;4513;505847;420631;74.0;61.6
85;2021-08-07;1505;1179;507352;421810;74.3;61.7
85;2021-08-08;331;232;507683;422042;74.3;61.8
85;2021-08-09;4154;3275;511837;425317;74.9;62.3
85;2021-08-10;4830;3419;516667;428736;75.6;62.8
85;2021-08-11;4672;4216;521339;432952;76.3;63.4
85;2021-08-12;4473;4298;525812;437250;77.0;64.0
85;2021-08-13;3897;3648;529709;440898;77.5;64.5
85;2021-08-14;1028;1088;530737;441986;77.7;64.7
85;2021-08-15;160;237;530897;442223;77.7;64.7
85;2021-08-16;2843;4773;533740;446996;78.1;65.4
85;2021-08-17;2977;4358;536717;451354;78.6;66.1
85;2021-08-18;3154;4106;539871;455460;79.0;66.7
85;2021-08-19;2730;4279;542601;459739;79.4;67.3
85;2021-08-20;2481;5229;545082;464968;79.8;68.1
85;2021-08-21;701;1398;545783;466366;79.9;68.3
85;2021-08-22;344;1019;546127;467385;79.9;68.4
85;2021-08-23;1874;5373;548001;472758;80.2;69.2
85;2021-08-24;1823;4873;549824;477631;80.5;69.9
85;2021-08-25;1648;4832;551472;482463;80.7;70.6
85;2021-08-26;1541;4765;553013;487228;80.9;71.3
85;2021-08-27;1702;5519;554715;492747;81.2;72.1
85;2021-08-28;573;1343;555288;494090;81.3;72.3
85;2021-08-29;128;989;555416;495079;81.3;72.5
85;2021-08-30;1122;4948;556538;500027;81.5;73.2
85;2021-08-31;1132;5439;557670;505466;81.6;74.0
85;2021-09-01;1137;5169;558807;510635;81.8;74.7
85;2021-09-02;992;4372;559799;515007;81.9;75.4
85;2021-09-03;1240;4537;561039;519544;82.1;76.0
85;2021-09-04;369;1385;561408;520929;82.2;76.2
85;2021-09-05;42;195;561450;521124;82.2;76.3
85;2021-09-06;849;3824;562299;524948;82.3;76.8
85;2021-09-07;841;3314;563140;528262;82.4;77.3
85;2021-09-08;866;3657;564006;531919;82.6;77.9
85;2021-09-09;647;2975;564653;534894;82.6;78.3
85;2021-09-10;792;3644;565445;538538;82.8;78.8
85;2021-09-11;243;1403;565688;539941;82.8;79.0
85;2021-09-12;17;58;565705;539999;82.8;79.0
85;2021-09-13;543;2607;566248;542606;82.9;79.4
85;2021-09-14;543;2374;566791;544980;83.0;79.8
85;2021-09-15;607;2529;567398;547509;83.1;80.1
85;2021-09-16;399;1357;567797;548866;83.1;80.3
85;2021-09-17;737;2387;568534;551253;83.2;80.7
85;2021-09-18;189;915;568723;552168;83.2;80.8
85;2021-09-19;5;22;568728;552190;83.2;80.8
85;2021-09-20;352;1355;569080;553545;83.3;81.0
85;2021-09-21;429;1067;569509;554612;83.4;81.2
85;2021-09-22;429;1899;569938;556511;83.4;81.5
85;2021-09-23;809;981;570747;557492;83.5;81.6
85;2021-09-24;591;1927;571338;559419;83.6;81.9
85;2021-09-25;153;879;571491;560298;83.7;82.0
85;2021-09-26;0;12;571491;560310;83.7;82.0
85;2021-09-27;364;929;571855;561239;83.7;82.2
85;2021-09-28;231;565;572086;561804;83.7;82.2
86;2020-12-27;0;0;0;0;0.0;0.0
86;2020-12-28;1;0;1;0;0.0;0.0
86;2020-12-29;1;0;2;0;0.0;0.0
86;2020-12-30;0;0;2;0;0.0;0.0
86;2020-12-31;0;0;2;0;0.0;0.0
86;2021-01-01;0;0;2;0;0.0;0.0
86;2021-01-02;1;0;3;0;0.0;0.0
86;2021-01-03;2;0;5;0;0.0;0.0
86;2021-01-04;0;0;5;0;0.0;0.0
86;2021-01-05;1;0;6;0;0.0;0.0
86;2021-01-06;178;0;184;0;0.0;0.0
86;2021-01-07;672;0;856;0;0.2;0.0
86;2021-01-08;609;2;1465;2;0.3;0.0
86;2021-01-09;0;0;1465;2;0.3;0.0
86;2021-01-10;173;0;1638;2;0.4;0.0
86;2021-01-11;305;0;1943;2;0.4;0.0
86;2021-01-12;460;0;2403;2;0.5;0.0
86;2021-01-13;337;0;2740;2;0.6;0.0
86;2021-01-14;552;1;3292;3;0.8;0.0
86;2021-01-15;543;0;3835;3;0.9;0.0
86;2021-01-16;2;0;3837;3;0.9;0.0
86;2021-01-17;0;0;3837;3;0.9;0.0
86;2021-01-18;564;0;4401;3;1.0;0.0
86;2021-01-19;1917;1;6318;4;1.4;0.0
86;2021-01-20;1463;10;7781;14;1.8;0.0
86;2021-01-21;1292;0;9073;14;2.1;0.0
86;2021-01-22;834;0;9907;14;2.3;0.0
86;2021-01-23;314;0;10221;14;2.3;0.0
86;2021-01-24;0;0;10221;14;2.3;0.0
86;2021-01-25;586;102;10807;116;2.5;0.0
86;2021-01-26;751;108;11558;224;2.6;0.1
86;2021-01-27;765;141;12323;365;2.8;0.1
86;2021-01-28;1055;382;13378;747;3.1;0.2
86;2021-01-29;880;195;14258;942;3.3;0.2
86;2021-01-30;276;94;14534;1036;3.3;0.2
86;2021-01-31;57;157;14591;1193;3.3;0.3
86;2021-02-01;434;193;15025;1386;3.4;0.3
86;2021-02-02;573;368;15598;1754;3.6;0.4
86;2021-02-03;526;213;16124;1967;3.7;0.4
86;2021-02-04;479;349;16603;2316;3.8;0.5
86;2021-02-05;437;664;17040;2980;3.9;0.7
86;2021-02-06;148;171;17188;3151;3.9;0.7
86;2021-02-07;120;8;17308;3159;4.0;0.7
86;2021-02-08;362;246;17670;3405;4.0;0.8
86;2021-02-09;753;957;18423;4362;4.2;1.0
86;2021-02-10;973;819;19396;5181;4.4;1.2
86;2021-02-11;1009;871;20405;6052;4.7;1.4
86;2021-02-12;746;308;21151;6360;4.8;1.5
86;2021-02-13;193;69;21344;6429;4.9;1.5
86;2021-02-14;1;34;21345;6463;4.9;1.5
86;2021-02-15;243;346;21588;6809;4.9;1.6
86;2021-02-16;384;629;21972;7438;5.0;1.7
86;2021-02-17;453;774;22425;8212;5.1;1.9
86;2021-02-18;422;761;22847;8973;5.2;2.1
86;2021-02-19;602;509;23449;9482;5.4;2.2
86;2021-02-20;115;132;23564;9614;5.4;2.2
86;2021-02-21;1;0;23565;9614;5.4;2.2
86;2021-02-22;241;333;23806;9947;5.4;2.3
86;2021-02-23;369;497;24175;10444;5.5;2.4
86;2021-02-24;409;488;24584;10932;5.6;2.5
86;2021-02-25;903;569;25487;11501;5.8;2.6
86;2021-02-26;1029;467;26516;11968;6.1;2.7
86;2021-02-27;460;126;26976;12094;6.2;2.8
86;2021-02-28;3;2;26979;12096;6.2;2.8
86;2021-03-01;232;450;27211;12546;6.2;2.9
86;2021-03-02;1142;742;28353;13288;6.5;3.0
86;2021-03-03;794;552;29147;13840;6.7;3.2
86;2021-03-04;1496;588;30643;14428;7.0;3.3
86;2021-03-05;1577;291;32220;14719;7.4;3.4
86;2021-03-06;995;150;33215;14869;7.6;3.4
86;2021-03-07;371;29;33586;14898;7.7;3.4
86;2021-03-08;473;493;34059;15391;7.8;3.5
86;2021-03-09;1368;485;35427;15876;8.1;3.6
86;2021-03-10;948;572;36375;16448;8.3;3.8
86;2021-03-11;1798;450;38173;16898;8.7;3.9
86;2021-03-12;2208;413;40381;17311;9.2;4.0
86;2021-03-13;1444;95;41825;17406;9.6;4.0
86;2021-03-14;133;16;41958;17422;9.6;4.0
86;2021-03-15;784;151;42742;17573;9.8;4.0
86;2021-03-16;847;194;43589;17767;10.0;4.1
86;2021-03-17;786;200;44375;17967;10.1;4.1
86;2021-03-18;1005;101;45380;18068;10.4;4.1
86;2021-03-19;2146;309;47526;18377;10.9;4.2
86;2021-03-20;592;130;48118;18507;11.0;4.2
86;2021-03-21;10;0;48128;18507;11.0;4.2
86;2021-03-22;852;273;48980;18780;11.2;4.3
86;2021-03-23;2016;324;50996;19104;11.7;4.4
86;2021-03-24;1557;287;52553;19391;12.0;4.4
86;2021-03-25;2489;343;55042;19734;12.6;4.5
86;2021-03-26;3044;362;58086;20096;13.3;4.6
86;2021-03-27;733;142;58819;20238;13.4;4.6
86;2021-03-28;5;124;58824;20362;13.4;4.7
86;2021-03-29;1260;384;60084;20746;13.7;4.7
86;2021-03-30;2404;820;62488;21566;14.3;4.9
86;2021-03-31;1511;623;63999;22189;14.6;5.1
86;2021-04-01;2246;939;66245;23128;15.1;5.3
86;2021-04-02;1902;552;68147;23680;15.6;5.4
86;2021-04-03;826;324;68973;24004;15.8;5.5
86;2021-04-04;83;109;69056;24113;15.8;5.5
86;2021-04-05;314;5;69370;24118;15.9;5.5
86;2021-04-06;1532;958;70902;25076;16.2;5.7
86;2021-04-07;1633;620;72535;25696;16.6;5.9
86;2021-04-08;2569;760;75104;26456;17.2;6.0
86;2021-04-09;3250;650;78354;27106;17.9;6.2
86;2021-04-10;1662;192;80016;27298;18.3;6.2
86;2021-04-11;442;11;80458;27309;18.4;6.2
86;2021-04-12;819;762;81277;28071;18.6;6.4
86;2021-04-13;2454;938;83731;29009;19.1;6.6
86;2021-04-14;1870;875;85601;29884;19.6;6.8
86;2021-04-15;2276;726;87877;30610;20.1;7.0
86;2021-04-16;2471;1227;90348;31837;20.7;7.3
86;2021-04-17;1039;264;91387;32101;20.9;7.3
86;2021-04-18;119;4;91506;32105;20.9;7.3
86;2021-04-19;745;797;92251;32902;21.1;7.5
86;2021-04-20;2301;1503;94552;34405;21.6;7.9
86;2021-04-21;2108;1126;96660;35531;22.1;8.1
86;2021-04-22;2329;1437;98989;36968;22.6;8.5
86;2021-04-23;2392;1576;101381;38544;23.2;8.8
86;2021-04-24;1299;511;102680;39055;23.5;8.9
86;2021-04-25;825;27;103505;39082;23.7;8.9
86;2021-04-26;2080;889;105585;39971;24.1;9.1
86;2021-04-27;3155;1661;108740;41632;24.9;9.5
86;2021-04-28;3002;1508;111742;43140;25.5;9.9
86;2021-04-29;3558;1829;115300;44969;26.4;10.3
86;2021-04-30;2969;1478;118269;46447;27.0;10.6
86;2021-05-01;1580;197;119849;46644;27.4;10.7
86;2021-05-02;1279;45;121128;46689;27.7;10.7
86;2021-05-03;2563;1006;123691;47695;28.3;10.9
86;2021-05-04;3508;1893;127199;49588;29.1;11.3
86;2021-05-05;3989;1484;131188;51072;30.0;11.7
86;2021-05-06;4289;1650;135477;52722;31.0;12.1
86;2021-05-07;4043;1824;139520;54546;31.9;12.5
86;2021-05-08;1976;396;141496;54942;32.3;12.6
86;2021-05-09;1641;203;143137;55145;32.7;12.6
86;2021-05-10;1957;1173;145094;56318;33.2;12.9
86;2021-05-11;3603;2682;148697;59000;34.0;13.5
86;2021-05-12;2252;1649;150949;60649;34.5;13.9
86;2021-05-13;1687;299;152636;60948;34.9;13.9
86;2021-05-14;2097;788;154733;61736;35.4;14.1
86;2021-05-15;1467;499;156200;62235;35.7;14.2
86;2021-05-16;778;164;156978;62399;35.9;14.3
86;2021-05-17;3218;1056;160196;63455;36.6;14.5
86;2021-05-18;4306;1662;164502;65117;37.6;14.9
86;2021-05-19;3587;1432;168089;66549;38.4;15.2
86;2021-05-20;4372;1618;172461;68167;39.4;15.6
86;2021-05-21;3438;1771;175899;69938;40.2;16.0
86;2021-05-22;2076;664;177975;70602;40.7;16.1
86;2021-05-23;1438;183;179413;70785;41.0;16.2
86;2021-05-24;1845;204;181258;70989;41.4;16.2
86;2021-05-25;2851;1640;184109;72629;42.1;16.6
86;2021-05-26;2725;1529;186834;74158;42.7;17.0
86;2021-05-27;3546;1848;190380;76006;43.5;17.4
86;2021-05-28;2164;2532;192544;78538;44.0;18.0
86;2021-05-29;1527;1286;194071;79824;44.4;18.2
86;2021-05-30;934;132;195005;79956;44.6;18.3
86;2021-05-31;1922;1818;196927;81774;45.0;18.7
86;2021-06-01;2664;2579;199591;84353;45.6;19.3
86;2021-06-02;2305;2659;201896;87012;46.2;19.9
86;2021-06-03;3337;2407;205233;89419;46.9;20.4
86;2021-06-04;2237;2857;207470;92276;47.4;21.1
86;2021-06-05;1502;1575;208972;93851;47.8;21.5
86;2021-06-06;819;900;209791;94751;48.0;21.7
86;2021-06-07;1120;2465;210911;97216;48.2;22.2
86;2021-06-08;1990;3695;212901;100911;48.7;23.1
86;2021-06-09;1901;3314;214802;104225;49.1;23.8
86;2021-06-10;2349;3240;217151;107465;49.6;24.6
86;2021-06-11;1517;2783;218668;110248;50.0;25.2
86;2021-06-12;746;2242;219414;112490;50.2;25.7
86;2021-06-13;214;1477;219628;113967;50.2;26.1
86;2021-06-14;1158;2901;220786;116868;50.5;26.7
86;2021-06-15;1688;4258;222474;121126;50.9;27.7
86;2021-06-16;1808;3135;224282;124261;51.3;28.4
86;2021-06-17;1777;4445;226059;128706;51.7;29.4
86;2021-06-18;1882;4585;227941;133291;52.1;30.5
86;2021-06-19;636;2097;228577;135388;52.3;31.0
86;2021-06-20;172;1319;228749;136707;52.3;31.3
86;2021-06-21;1106;2234;229855;138941;52.6;31.8
86;2021-06-22;1298;3458;231153;142399;52.8;32.6
86;2021-06-23;1364;2399;232517;144798;53.2;33.1
86;2021-06-24;1590;2725;234107;147523;53.5;33.7
86;2021-06-25;1192;3543;235299;151066;53.8;34.5
86;2021-06-26;391;2651;235690;153717;53.9;35.1
86;2021-06-27;138;1633;235828;155350;53.9;35.5
86;2021-06-28;270;3339;236098;158689;54.0;36.3
86;2021-06-29;858;4602;236956;163291;54.2;37.3
86;2021-06-30;1051;2973;238007;166264;54.4;38.0
86;2021-07-01;1549;3003;239556;169267;54.8;38.7
86;2021-07-02;1111;3636;240667;172903;55.0;39.5
86;2021-07-03;516;2393;241183;175296;55.1;40.1
86;2021-07-04;115;1346;241298;176642;55.2;40.4
86;2021-07-05;472;2832;241770;179474;55.3;41.0
86;2021-07-06;988;4108;242758;183582;55.5;42.0
86;2021-07-07;1260;2627;244018;186209;55.8;42.6
86;2021-07-08;1618;3148;245636;189357;56.2;43.3
86;2021-07-09;1746;3080;247382;192437;56.6;44.0
86;2021-07-10;1304;1954;248686;194391;56.9;44.4
86;2021-07-11;482;839;249168;195230;57.0;44.6
86;2021-07-12;848;2400;250016;197630;57.2;45.2
86;2021-07-13;1780;3367;251796;200997;57.6;46.0
86;2021-07-14;785;1232;252581;202229;57.7;46.2
86;2021-07-15;1882;3289;254463;205518;58.2;47.0
86;2021-07-16;1671;2659;256134;208177;58.6;47.6
86;2021-07-17;1352;1601;257486;209778;58.9;48.0
86;2021-07-18;382;908;257868;210686;59.0;48.2
86;2021-07-19;1377;1887;259245;212573;59.3;48.6
86;2021-07-20;2353;2733;261598;215306;59.8;49.2
86;2021-07-21;2305;2162;263903;217468;60.3;49.7
86;2021-07-22;2902;2800;266805;220268;61.0;50.4
86;2021-07-23;2465;2162;269270;222430;61.6;50.9
86;2021-07-24;1546;1225;270816;223655;61.9;51.1
86;2021-07-25;718;322;271534;223977;62.1;51.2
86;2021-07-26;1588;2103;273122;226080;62.4;51.7
86;2021-07-27;3558;2755;276680;228835;63.3;52.3
86;2021-07-28;3284;2140;279964;230975;64.0;52.8
86;2021-07-29;3266;2542;283230;233517;64.8;53.4
86;2021-07-30;2247;2370;285477;235887;65.3;53.9
86;2021-07-31;1429;1059;286906;236946;65.6;54.2
86;2021-08-01;651;338;287557;237284;65.7;54.2
86;2021-08-02;1944;1679;289501;238963;66.2;54.6
86;2021-08-03;3290;1991;292791;240954;66.9;55.1
86;2021-08-04;2740;1786;295531;242740;67.6;55.5
86;2021-08-05;3572;2055;299103;244795;68.4;56.0
86;2021-08-06;2420;1761;301523;246556;68.9;56.4
86;2021-08-07;1576;997;303099;247553;69.3;56.6
86;2021-08-08;958;553;304057;248106;69.5;56.7
86;2021-08-09;1885;1305;305942;249411;69.9;57.0
86;2021-08-10;2683;1779;308625;251190;70.6;57.4
86;2021-08-11;2365;1437;310990;252627;71.1;57.8
86;2021-08-12;2485;1832;313475;254459;71.7;58.2
86;2021-08-13;1838;1487;315313;255946;72.1;58.5
86;2021-08-14;1331;1153;316644;257099;72.4;58.8
86;2021-08-15;562;623;317206;257722;72.5;58.9
86;2021-08-16;1142;1788;318348;259510;72.8;59.3
86;2021-08-17;1558;2215;319906;261725;73.1;59.8
86;2021-08-18;1266;1861;321172;263586;73.4;60.3
86;2021-08-19;1500;2633;322672;266219;73.8;60.9
86;2021-08-20;1257;2608;323929;268827;74.1;61.5
86;2021-08-21;888;2008;324817;270835;74.3;61.9
86;2021-08-22;350;721;325167;271556;74.3;62.1
86;2021-08-23;724;1824;325891;273380;74.5;62.5
86;2021-08-24;1081;2752;326972;276132;74.8;63.1
86;2021-08-25;933;2064;327905;278196;75.0;63.6
86;2021-08-26;914;2813;328819;281009;75.2;64.2
86;2021-08-27;862;2174;329681;283183;75.4;64.7
86;2021-08-28;555;1775;330236;284958;75.5;65.1
86;2021-08-29;114;828;330350;285786;75.5;65.3
86;2021-08-30;686;2123;331036;287909;75.7;65.8
86;2021-08-31;961;3204;331997;291113;75.9;66.6
86;2021-09-01;569;2750;332566;293863;76.0;67.2
86;2021-09-02;753;2830;333319;296693;76.2;67.8
86;2021-09-03;757;2403;334076;299096;76.4;68.4
86;2021-09-04;365;2218;334441;301314;76.5;68.9
86;2021-09-05;27;918;334468;302232;76.5;69.1
86;2021-09-06;356;1753;334824;303985;76.5;69.5
86;2021-09-07;508;2207;335332;306192;76.7;70.0
86;2021-09-08;557;2400;335889;308592;76.8;70.6
86;2021-09-09;573;2024;336462;310616;76.9;71.0
86;2021-09-10;520;2134;336982;312750;77.0;71.5
86;2021-09-11;354;1893;337336;314643;77.1;71.9
86;2021-09-12;102;797;337438;315440;77.1;72.1
86;2021-09-13;320;1432;337758;316872;77.2;72.4
86;2021-09-14;400;2011;338158;318883;77.3;72.9
86;2021-09-15;472;1555;338630;320438;77.4;73.3
86;2021-09-16;437;1010;339067;321448;77.5;73.5
86;2021-09-17;488;1062;339555;322510;77.6;73.7
86;2021-09-18;294;1269;339849;323779;77.7;74.0
86;2021-09-19;85;415;339934;324194;77.7;74.1
86;2021-09-20;223;641;340157;324835;77.8;74.3
86;2021-09-21;266;825;340423;325660;77.8;74.5
86;2021-09-22;336;1183;340759;326843;77.9;74.7
86;2021-09-23;353;580;341112;327423;78.0;74.9
86;2021-09-24;308;840;341420;328263;78.1;75.0
86;2021-09-25;289;1063;341709;329326;78.1;75.3
86;2021-09-26;45;166;341754;329492;78.1;75.3
86;2021-09-27;159;359;341913;329851;78.2;75.4
86;2021-09-28;237;366;342150;330217;78.2;75.5
87;2020-12-27;0;0;0;0;0.0;0.0
87;2020-12-28;3;0;3;0;0.0;0.0
87;2020-12-29;0;0;3;0;0.0;0.0
87;2020-12-30;0;0;3;0;0.0;0.0
87;2020-12-31;0;0;3;0;0.0;0.0
87;2021-01-01;0;0;3;0;0.0;0.0
87;2021-01-02;0;0;3;0;0.0;0.0
87;2021-01-03;0;0;3;0;0.0;0.0
87;2021-01-04;2;0;5;0;0.0;0.0
87;2021-01-05;1;0;6;0;0.0;0.0
87;2021-01-06;10;0;16;0;0.0;0.0
87;2021-01-07;301;0;317;0;0.1;0.0
87;2021-01-08;407;0;724;0;0.2;0.0
87;2021-01-09;65;0;789;0;0.2;0.0
87;2021-01-10;35;0;824;0;0.2;0.0
87;2021-01-11;424;0;1248;0;0.3;0.0
87;2021-01-12;653;0;1901;0;0.5;0.0
87;2021-01-13;660;2;2561;2;0.7;0.0
87;2021-01-14;517;10;3078;12;0.8;0.0
87;2021-01-15;534;3;3612;15;1.0;0.0
87;2021-01-16;204;1;3816;16;1.0;0.0
87;2021-01-17;1;0;3817;16;1.0;0.0
87;2021-01-18;645;5;4462;21;1.2;0.0
87;2021-01-19;657;1;5119;22;1.4;0.0
87;2021-01-20;674;3;5793;25;1.6;0.0
87;2021-01-21;717;0;6510;25;1.8;0.0
87;2021-01-22;758;4;7268;29;2.0;0.0
87;2021-01-23;287;0;7555;29;2.0;0.0
87;2021-01-24;1;0;7556;29;2.0;0.0
87;2021-01-25;620;10;8176;39;2.2;0.0
87;2021-01-26;570;47;8746;86;2.4;0.0
87;2021-01-27;572;36;9318;122;2.5;0.0
87;2021-01-28;856;91;10174;213;2.7;0.1
87;2021-01-29;741;239;10915;452;2.9;0.1
87;2021-01-30;325;66;11240;518;3.0;0.1
87;2021-01-31;34;71;11274;589;3.0;0.2
87;2021-02-01;413;280;11687;869;3.2;0.2
87;2021-02-02;452;407;12139;1276;3.3;0.3
87;2021-02-03;540;350;12679;1626;3.4;0.4
87;2021-02-04;612;528;13291;2154;3.6;0.6
87;2021-02-05;344;352;13635;2506;3.7;0.7
87;2021-02-06;55;109;13690;2615;3.7;0.7
87;2021-02-07;20;0;13710;2615;3.7;0.7
87;2021-02-08;245;369;13955;2984;3.8;0.8
87;2021-02-09;219;439;14174;3423;3.8;0.9
87;2021-02-10;262;462;14436;3885;3.9;1.0
87;2021-02-11;286;408;14722;4293;4.0;1.2
87;2021-02-12;287;402;15009;4695;4.0;1.3
87;2021-02-13;25;135;15034;4830;4.1;1.3
87;2021-02-14;0;2;15034;4832;4.1;1.3
87;2021-02-15;237;300;15271;5132;4.1;1.4
87;2021-02-16;332;235;15603;5367;4.2;1.4
87;2021-02-17;329;296;15932;5663;4.3;1.5
87;2021-02-18;478;537;16410;6200;4.4;1.7
87;2021-02-19;404;390;16814;6590;4.5;1.8
87;2021-02-20;124;143;16938;6733;4.6;1.8
87;2021-02-21;2;9;16940;6742;4.6;1.8
87;2021-02-22;440;444;17380;7186;4.7;1.9
87;2021-02-23;557;492;17937;7678;4.8;2.1
87;2021-02-24;451;465;18388;8143;5.0;2.2
87;2021-02-25;790;581;19178;8724;5.2;2.4
87;2021-02-26;841;379;20019;9103;5.4;2.5
87;2021-02-27;405;150;20424;9253;5.5;2.5
87;2021-02-28;3;0;20427;9253;5.5;2.5
87;2021-03-01;518;303;20945;9556;5.6;2.6
87;2021-03-02;1030;319;21975;9875;5.9;2.7
87;2021-03-03;1174;281;23149;10156;6.2;2.7
87;2021-03-04;1406;307;24555;10463;6.6;2.8
87;2021-03-05;1770;241;26325;10704;7.1;2.9
87;2021-03-06;1048;37;27373;10741;7.4;2.9
87;2021-03-07;257;6;27630;10747;7.5;2.9
87;2021-03-08;863;207;28493;10954;7.7;3.0
87;2021-03-09;1288;207;29781;11161;8.0;3.0
87;2021-03-10;1299;214;31080;11375;8.4;3.1
87;2021-03-11;1754;236;32834;11611;8.9;3.1
87;2021-03-12;2128;253;34962;11864;9.4;3.2
87;2021-03-13;1309;22;36271;11886;9.8;3.2
87;2021-03-14;80;1;36351;11887;9.8;3.2
87;2021-03-15;987;348;37338;12235;10.1;3.3
87;2021-03-16;1060;231;38398;12466;10.4;3.4
87;2021-03-17;1070;219;39468;12685;10.6;3.4
87;2021-03-18;1186;336;40654;13021;11.0;3.5
87;2021-03-19;1685;277;42339;13298;11.4;3.6
87;2021-03-20;926;86;43265;13384;11.7;3.6
87;2021-03-21;32;0;43297;13384;11.7;3.6
87;2021-03-22;1049;365;44346;13749;12.0;3.7
87;2021-03-23;1386;426;45732;14175;12.3;3.8
87;2021-03-24;1508;363;47240;14538;12.7;3.9
87;2021-03-25;2500;397;49740;14935;13.4;4.0
87;2021-03-26;2532;451;52272;15386;14.1;4.1
87;2021-03-27;891;123;53163;15509;14.3;4.2
87;2021-03-28;270;18;53433;15527;14.4;4.2
87;2021-03-29;1119;412;54552;15939;14.7;4.3
87;2021-03-30;1907;660;56459;16599;15.2;4.5
87;2021-03-31;1660;692;58119;17291;15.7;4.7
87;2021-04-01;2237;571;60356;17862;16.3;4.8
87;2021-04-02;1843;628;62199;18490;16.8;5.0
87;2021-04-03;455;266;62654;18756;16.9;5.1
87;2021-04-04;2;0;62656;18756;16.9;5.1
87;2021-04-05;82;1;62738;18757;16.9;5.1
87;2021-04-06;1004;904;63742;19661;17.2;5.3
87;2021-04-07;1487;922;65229;20583;17.6;5.6
87;2021-04-08;1785;1030;67014;21613;18.1;5.8
87;2021-04-09;2647;741;69661;22354;18.8;6.0
87;2021-04-10;1189;306;70850;22660;19.1;6.1
87;2021-04-11;69;0;70919;22660;19.1;6.1
87;2021-04-12;1619;826;72538;23486;19.6;6.3
87;2021-04-13;2288;1064;74826;24550;20.2;6.6
87;2021-04-14;2529;1185;77355;25735;20.9;6.9
87;2021-04-15;2222;1073;79577;26808;21.5;7.2
87;2021-04-16;2735;1068;82312;27876;22.2;7.5
87;2021-04-17;731;388;83043;28264;22.4;7.6
87;2021-04-18;111;139;83154;28403;22.4;7.7
87;2021-04-19;1661;838;84815;29241;22.9;7.9
87;2021-04-20;2084;884;86899;30125;23.4;8.1
87;2021-04-21;2295;990;89194;31115;24.1;8.4
87;2021-04-22;2564;1163;91758;32278;24.7;8.7
87;2021-04-23;1997;1180;93755;33458;25.3;9.0
87;2021-04-24;824;619;94579;34077;25.5;9.2
87;2021-04-25;64;103;94643;34180;25.5;9.2
87;2021-04-26;1356;910;95999;35090;25.9;9.5
87;2021-04-27;2398;1196;98397;36286;26.5;9.8
87;2021-04-28;3867;1431;102264;37717;27.6;10.2
87;2021-04-29;3078;1827;105342;39544;28.4;10.7
87;2021-04-30;3172;1345;108514;40889;29.3;11.0
87;2021-05-01;614;59;109128;40948;29.4;11.0
87;2021-05-02;361;5;109489;40953;29.5;11.0
87;2021-05-03;2322;931;111811;41884;30.2;11.3
87;2021-05-04;2902;1067;114713;42951;30.9;11.6
87;2021-05-05;2989;1505;117702;44456;31.7;12.0
87;2021-05-06;2532;1698;120234;46154;32.4;12.4
87;2021-05-07;2945;1710;123179;47864;33.2;12.9
87;2021-05-08;772;291;123951;48155;33.4;13.0
87;2021-05-09;18;133;123969;48288;33.4;13.0
87;2021-05-10;1938;1584;125907;49872;34.0;13.5
87;2021-05-11;2465;1902;128372;51774;34.6;14.0
87;2021-05-12;2623;2062;130995;53836;35.3;14.5
87;2021-05-13;1085;292;132080;54128;35.6;14.6
87;2021-05-14;2245;1773;134325;55901;36.2;15.1
87;2021-05-15;950;409;135275;56310;36.5;15.2
87;2021-05-16;141;73;135416;56383;36.5;15.2
87;2021-05-17;1628;1761;137044;58144;37.0;15.7
87;2021-05-18;2632;1818;139676;59962;37.7;16.2
87;2021-05-19;2822;1553;142498;61515;38.4;16.6
87;2021-05-20;3302;1724;145800;63239;39.3;17.1
87;2021-05-21;2764;1841;148564;65080;40.1;17.6
87;2021-05-22;1457;628;150021;65708;40.5;17.7
87;2021-05-23;211;92;150232;65800;40.5;17.7
87;2021-05-24;1055;141;151287;65941;40.8;17.8
87;2021-05-25;2117;1810;153404;67751;41.4;18.3
87;2021-05-26;3219;2476;156623;70227;42.2;18.9
87;2021-05-27;3022;2354;159645;72581;43.1;19.6
87;2021-05-28;2675;2511;162320;75092;43.8;20.3
87;2021-05-29;1061;1306;163381;76398;44.1;20.6
87;2021-05-30;258;60;163639;76458;44.1;20.6
87;2021-05-31;2287;1357;165926;77815;44.8;21.0
87;2021-06-01;2547;1858;168473;79673;45.4;21.5
87;2021-06-02;2525;1850;170998;81523;46.1;22.0
87;2021-06-03;3212;2525;174210;84048;47.0;22.7
87;2021-06-04;2838;2053;177048;86101;47.8;23.2
87;2021-06-05;1309;569;178357;86670;48.1;23.4
87;2021-06-06;261;95;178618;86765;48.2;23.4
87;2021-06-07;2098;1894;180716;88659;48.7;23.9
87;2021-06-08;2958;2597;183674;91256;49.5;24.6
87;2021-06-09;2303;2809;185977;94065;50.2;25.4
87;2021-06-10;2974;2552;188951;96617;51.0;26.1
87;2021-06-11;2363;3062;191314;99679;51.6;26.9
87;2021-06-12;1219;1099;192533;100778;51.9;27.2
87;2021-06-13;294;485;192827;101263;52.0;27.3
87;2021-06-14;980;2729;193807;103992;52.3;28.0
87;2021-06-15;1361;3317;195168;107309;52.6;28.9
87;2021-06-16;1650;3424;196818;110733;53.1;29.9
87;2021-06-17;2438;2314;199256;113047;53.7;30.5
87;2021-06-18;1790;3012;201046;116059;54.2;31.3
87;2021-06-19;1047;1177;202093;117236;54.5;31.6
87;2021-06-20;205;206;202298;117442;54.6;31.7
87;2021-06-21;1040;2647;203338;120089;54.8;32.4
87;2021-06-22;1029;2879;204367;122968;55.1;33.2
87;2021-06-23;1256;3081;205623;126049;55.5;34.0
87;2021-06-24;1616;2561;207239;128610;55.9;34.7
87;2021-06-25;1448;2708;208687;131318;56.3;35.4
87;2021-06-26;529;1199;209216;132517;56.4;35.7
87;2021-06-27;26;212;209242;132729;56.4;35.8
87;2021-06-28;717;2575;209959;135304;56.6;36.5
87;2021-06-29;1156;3415;211115;138719;56.9;37.4
87;2021-06-30;1125;2651;212240;141370;57.2;38.1
87;2021-07-01;1482;2552;213722;143922;57.6;38.8
87;2021-07-02;1204;3461;214926;147383;58.0;39.8
87;2021-07-03;415;1512;215341;148895;58.1;40.2
87;2021-07-04;24;384;215365;149279;58.1;40.3
87;2021-07-05;685;2391;216050;151670;58.3;40.9
87;2021-07-06;583;3220;216633;154890;58.4;41.8
87;2021-07-07;862;3343;217495;158233;58.7;42.7
87;2021-07-08;1119;3671;218614;161904;59.0;43.7
87;2021-07-09;1113;3701;219727;165605;59.3;44.7
87;2021-07-10;290;1360;220017;166965;59.3;45.0
87;2021-07-11;49;284;220066;167249;59.4;45.1
87;2021-07-12;559;3192;220625;170441;59.5;46.0
87;2021-07-13;833;3509;221458;173950;59.7;46.9
87;2021-07-14;517;538;221975;174488;59.9;47.1
87;2021-07-15;1361;3461;223336;177949;60.2;48.0
87;2021-07-16;1731;3593;225067;181542;60.7;49.0
87;2021-07-17;655;1373;225722;182915;60.9;49.3
87;2021-07-18;81;285;225803;183200;60.9;49.4
87;2021-07-19;1434;3400;227237;186600;61.3;50.3
87;2021-07-20;1805;3590;229042;190190;61.8;51.3
87;2021-07-21;1451;3149;230493;193339;62.2;52.1
87;2021-07-22;1876;3243;232369;196582;62.7;53.0
87;2021-07-23;1875;3171;234244;199753;63.2;53.9
87;2021-07-24;816;1284;235060;201037;63.4;54.2
87;2021-07-25;106;241;235166;201278;63.4;54.3
87;2021-07-26;1541;2328;236707;203606;63.8;54.9
87;2021-07-27;2556;2062;239263;205668;64.5;55.5
87;2021-07-28;2390;2005;241653;207673;65.2;56.0
87;2021-07-29;3009;1997;244662;209670;66.0;56.5
87;2021-07-30;2543;2072;247205;211742;66.7;57.1
87;2021-07-31;1103;837;248308;212579;67.0;57.3
87;2021-08-01;283;151;248591;212730;67.0;57.4
87;2021-08-02;2119;1519;250710;214249;67.6;57.8
87;2021-08-03;2495;1331;253205;215580;68.3;58.1
87;2021-08-04;2314;1061;255519;216641;68.9;58.4
87;2021-08-05;2528;1412;258047;218053;69.6;58.8
87;2021-08-06;2144;1659;260191;219712;70.2;59.3
87;2021-08-07;1110;783;261301;220495;70.5;59.5
87;2021-08-08;208;124;261509;220619;70.5;59.5
87;2021-08-09;1818;1526;263327;222145;71.0;59.9
87;2021-08-10;2199;1533;265526;223678;71.6;60.3
87;2021-08-11;1912;1273;267438;224951;72.1;60.7
87;2021-08-12;2104;1481;269542;226432;72.7;61.1
87;2021-08-13;1724;1620;271266;228052;73.2;61.5
87;2021-08-14;671;733;271937;228785;73.3;61.7
87;2021-08-15;72;104;272009;228889;73.4;61.7
87;2021-08-16;1505;1739;273514;230628;73.8;62.2
87;2021-08-17;1351;1668;274865;232296;74.1;62.7
87;2021-08-18;1244;1998;276109;234294;74.5;63.2
87;2021-08-19;1222;1798;277331;236092;74.8;63.7
87;2021-08-20;917;2205;278248;238297;75.0;64.3
87;2021-08-21;318;965;278566;239262;75.1;64.5
87;2021-08-22;92;235;278658;239497;75.2;64.6
87;2021-08-23;745;2393;279403;241890;75.4;65.2
87;2021-08-24;765;2135;280168;244025;75.6;65.8
87;2021-08-25;710;2062;280878;246087;75.8;66.4
87;2021-08-26;857;2156;281735;248243;76.0;67.0
87;2021-08-27;788;2666;282523;250909;76.2;67.7
87;2021-08-28;331;1300;282854;252209;76.3;68.0
87;2021-08-29;65;244;282919;252453;76.3;68.1
87;2021-08-30;472;2214;283391;254667;76.4;68.7
87;2021-08-31;606;1932;283997;256599;76.6;69.2
87;2021-09-01;748;2469;284745;259068;76.8;69.9
87;2021-09-02;556;2342;285301;261410;76.9;70.5
87;2021-09-03;648;2483;285949;263893;77.1;71.2
87;2021-09-04;276;1130;286225;265023;77.2;71.5
87;2021-09-05;9;7;286234;265030;77.2;71.5
87;2021-09-06;395;1986;286629;267016;77.3;72.0
87;2021-09-07;384;1523;287013;268539;77.4;72.4
87;2021-09-08;456;1820;287469;270359;77.5;72.9
87;2021-09-09;323;1285;287792;271644;77.6;73.3
87;2021-09-10;465;1695;288257;273339;77.7;73.7
87;2021-09-11;319;972;288576;274311;77.8;74.0
87;2021-09-12;3;13;288579;274324;77.8;74.0
87;2021-09-13;310;1106;288889;275430;77.9;74.3
87;2021-09-14;284;1019;289173;276449;78.0;74.6
87;2021-09-15;367;963;289540;277412;78.1;74.8
87;2021-09-16;347;789;289887;278201;78.2;75.0
87;2021-09-17;404;884;290291;279085;78.3;75.3
87;2021-09-18;286;727;290577;279812;78.4;75.5
87;2021-09-19;4;14;290581;279826;78.4;75.5
87;2021-09-20;203;465;290784;280291;78.4;75.6
87;2021-09-21;260;507;291044;280798;78.5;75.7
87;2021-09-22;235;758;291279;281556;78.6;75.9
87;2021-09-23;218;529;291497;282085;78.6;76.1
87;2021-09-24;293;740;291790;282825;78.7;76.3
87;2021-09-25;167;511;291957;283336;78.7;76.4
87;2021-09-26;1;5;291958;283341;78.7;76.4
87;2021-09-27;193;401;292151;283742;78.8;76.5
87;2021-09-28;204;320;292355;284062;78.8;76.6
88;2020-12-27;0;0;0;0;0.0;0.0
88;2020-12-28;0;0;0;0;0.0;0.0
88;2020-12-29;0;0;0;0;0.0;0.0
88;2020-12-30;0;0;0;0;0.0;0.0
88;2020-12-31;0;0;0;0;0.0;0.0
88;2021-01-01;2;0;2;0;0.0;0.0
88;2021-01-02;0;0;2;0;0.0;0.0
88;2021-01-03;0;0;2;0;0.0;0.0
88;2021-01-04;0;0;2;0;0.0;0.0
88;2021-01-05;1;0;3;0;0.0;0.0
88;2021-01-06;3;0;6;0;0.0;0.0
88;2021-01-07;71;1;77;1;0.0;0.0
88;2021-01-08;189;2;266;3;0.1;0.0
88;2021-01-09;190;2;456;5;0.1;0.0
88;2021-01-10;0;0;456;5;0.1;0.0
88;2021-01-11;227;0;683;5;0.2;0.0
88;2021-01-12;422;0;1105;5;0.3;0.0
88;2021-01-13;491;2;1596;7;0.4;0.0
88;2021-01-14;347;2;1943;9;0.5;0.0
88;2021-01-15;380;1;2323;10;0.6;0.0
88;2021-01-16;62;0;2385;10;0.7;0.0
88;2021-01-17;1;0;2386;10;0.7;0.0
88;2021-01-18;461;0;2847;10;0.8;0.0
88;2021-01-19;451;0;3298;10;0.9;0.0
88;2021-01-20;462;1;3760;11;1.0;0.0
88;2021-01-21;1547;5;5307;16;1.5;0.0
88;2021-01-22;1182;2;6489;18;1.8;0.0
88;2021-01-23;285;0;6774;18;1.9;0.0
88;2021-01-24;298;2;7072;20;2.0;0.0
88;2021-01-25;937;4;8009;24;2.2;0.0
88;2021-01-26;388;5;8397;29;2.3;0.0
88;2021-01-27;4;0;8401;29;2.3;0.0
88;2021-01-28;162;34;8563;63;2.4;0.0
88;2021-01-29;526;145;9089;208;2.5;0.1
88;2021-01-30;288;79;9377;287;2.6;0.1
88;2021-01-31;0;0;9377;287;2.6;0.1
88;2021-02-01;406;261;9783;548;2.7;0.2
88;2021-02-02;333;346;10116;894;2.8;0.2
88;2021-02-03;437;223;10553;1117;2.9;0.3
88;2021-02-04;315;210;10868;1327;3.0;0.4
88;2021-02-05;457;236;11325;1563;3.2;0.4
88;2021-02-06;110;49;11435;1612;3.2;0.4
88;2021-02-07;0;0;11435;1612;3.2;0.4
88;2021-02-08;360;160;11795;1772;3.3;0.5
88;2021-02-09;291;237;12086;2009;3.4;0.6
88;2021-02-10;416;299;12502;2308;3.5;0.6
88;2021-02-11;850;950;13352;3258;3.7;0.9
88;2021-02-12;939;658;14291;3916;4.0;1.1
88;2021-02-13;162;201;14453;4117;4.0;1.1
88;2021-02-14;81;195;14534;4312;4.0;1.2
88;2021-02-15;639;891;15173;5203;4.2;1.4
88;2021-02-16;472;532;15645;5735;4.4;1.6
88;2021-02-17;455;341;16100;6076;4.5;1.7
88;2021-02-18;516;270;16616;6346;4.6;1.8
88;2021-02-19;536;381;17152;6727;4.8;1.9
88;2021-02-20;156;86;17308;6813;4.8;1.9
88;2021-02-21;1;25;17309;6838;4.8;1.9
88;2021-02-22;425;252;17734;7090;4.9;2.0
88;2021-02-23;403;187;18137;7277;5.0;2.0
88;2021-02-24;505;168;18642;7445;5.2;2.1
88;2021-02-25;675;219;19317;7664;5.4;2.1
88;2021-02-26;863;230;20180;7894;5.6;2.2
88;2021-02-27;269;31;20449;7925;5.7;2.2
88;2021-02-28;30;1;20479;7926;5.7;2.2
88;2021-03-01;358;378;20837;8304;5.8;2.3
88;2021-03-02;431;389;21268;8693;5.9;2.4
88;2021-03-03;650;364;21918;9057;6.1;2.5
88;2021-03-04;1044;659;22962;9716;6.4;2.7
88;2021-03-05;933;626;23895;10342;6.6;2.9
88;2021-03-06;1873;112;25768;10454;7.2;2.9
88;2021-03-07;1060;77;26828;10531;7.5;2.9
88;2021-03-08;726;625;27554;11156;7.7;3.1
88;2021-03-09;1095;468;28649;11624;8.0;3.2
88;2021-03-10;1083;451;29732;12075;8.3;3.4
88;2021-03-11;1441;362;31173;12437;8.7;3.5
88;2021-03-12;1309;460;32482;12897;9.0;3.6
88;2021-03-13;1210;129;33692;13026;9.4;3.6
88;2021-03-14;166;5;33858;13031;9.4;3.6
88;2021-03-15;928;436;34786;13467;9.7;3.7
88;2021-03-16;1024;337;35810;13804;10.0;3.8
88;2021-03-17;906;406;36716;14210;10.2;4.0
88;2021-03-18;1303;398;38019;14608;10.6;4.1
88;2021-03-19;1465;500;39484;15108;11.0;4.2
88;2021-03-20;1319;55;40803;15163;11.3;4.2
88;2021-03-21;37;0;40840;15163;11.4;4.2
88;2021-03-22;1233;541;42073;15704;11.7;4.4
88;2021-03-23;1780;443;43853;16147;12.2;4.5
88;2021-03-24;1877;466;45730;16613;12.7;4.6
88;2021-03-25;2497;490;48227;17103;13.4;4.8
88;2021-03-26;2479;443;50706;17546;14.1;4.9
88;2021-03-27;884;297;51590;17843;14.3;5.0
88;2021-03-28;61;3;51651;17846;14.4;5.0
88;2021-03-29;1305;436;52956;18282;14.7;5.1
88;2021-03-30;2062;392;55018;18674;15.3;5.2
88;2021-03-31;1619;575;56637;19249;15.8;5.4
88;2021-04-01;2117;717;58754;19966;16.3;5.6
88;2021-04-02;2812;647;61566;20613;17.1;5.7
88;2021-04-03;745;215;62311;20828;17.3;5.8
88;2021-04-04;16;1;62327;20829;17.3;5.8
88;2021-04-05;23;2;62350;20831;17.3;5.8
88;2021-04-06;1140;678;63490;21509;17.7;6.0
88;2021-04-07;1600;714;65090;22223;18.1;6.2
88;2021-04-08;1857;788;66947;23011;18.6;6.4
88;2021-04-09;3078;741;70025;23752;19.5;6.6
88;2021-04-10;724;648;70749;24400;19.7;6.8
88;2021-04-11;33;1;70782;24401;19.7;6.8
88;2021-04-12;1537;987;72319;25388;20.1;7.1
88;2021-04-13;2035;1088;74354;26476;20.7;7.4
88;2021-04-14;1910;949;76264;27425;21.2;7.6
88;2021-04-15;1967;1244;78231;28669;21.8;8.0
88;2021-04-16;2109;1048;80340;29717;22.3;8.3
88;2021-04-17;1430;765;81770;30482;22.7;8.5
88;2021-04-18;268;23;82038;30505;22.8;8.5
88;2021-04-19;1172;1237;83210;31742;23.1;8.8
88;2021-04-20;1190;1396;84400;33138;23.5;9.2
88;2021-04-21;1503;1296;85903;34434;23.9;9.6
88;2021-04-22;1899;1632;87802;36066;24.4;10.0
88;2021-04-23;1825;2046;89627;38112;24.9;10.6
88;2021-04-24;1184;783;90811;38895;25.3;10.8
88;2021-04-25;34;2;90845;38897;25.3;10.8
88;2021-04-26;1181;1168;92026;40065;25.6;11.1
88;2021-04-27;1277;1727;93303;41792;26.0;11.6
88;2021-04-28;1634;1496;94937;43288;26.4;12.0
88;2021-04-29;2082;1455;97019;44743;27.0;12.4
88;2021-04-30;2450;1623;99469;46366;27.7;12.9
88;2021-05-01;2008;289;101477;46655;28.2;13.0
88;2021-05-02;1301;119;102778;46774;28.6;13.0
88;2021-05-03;1559;1218;104337;47992;29.0;13.3
88;2021-05-04;1444;1464;105781;49456;29.4;13.8
88;2021-05-05;2426;1598;108207;51054;30.1;14.2
88;2021-05-06;3210;1204;111417;52258;31.0;14.5
88;2021-05-07;2938;1345;114355;53603;31.8;14.9
88;2021-05-08;1532;467;115887;54070;32.2;15.0
88;2021-05-09;1734;163;117621;54233;32.7;15.1
88;2021-05-10;1763;1568;119384;55801;33.2;15.5
88;2021-05-11;2655;1908;122039;57709;33.9;16.1
88;2021-05-12;2532;1853;124571;59562;34.6;16.6
88;2021-05-13;3258;684;127829;60246;35.6;16.8
88;2021-05-14;2500;1539;130329;61785;36.3;17.2
88;2021-05-15;1624;744;131953;62529;36.7;17.4
88;2021-05-16;1332;103;133285;62632;37.1;17.4
88;2021-05-17;1987;944;135272;63576;37.6;17.7
88;2021-05-18;2255;1116;137527;64692;38.3;18.0
88;2021-05-19;2721;1148;140248;65840;39.0;18.3
88;2021-05-20;3348;1237;143596;67077;39.9;18.7
88;2021-05-21;2875;1149;146471;68226;40.7;19.0
88;2021-05-22;1431;713;147902;68939;41.1;19.2
88;2021-05-23;558;74;148460;69013;41.3;19.2
88;2021-05-24;1675;435;150135;69448;41.8;19.3
88;2021-05-25;1646;1174;151781;70622;42.2;19.6
88;2021-05-26;2368;1140;154149;71762;42.9;20.0
88;2021-05-27;2200;1361;156349;73123;43.5;20.3
88;2021-05-28;1891;1963;158240;75086;44.0;20.9
88;2021-05-29;1230;1755;159470;76841;44.4;21.4
88;2021-05-30;587;418;160057;77259;44.5;21.5
88;2021-05-31;1327;1849;161384;79108;44.9;22.0
88;2021-06-01;1720;1983;163104;81091;45.4;22.6
88;2021-06-02;2076;1871;165180;82962;45.9;23.1
88;2021-06-03;2738;1612;167918;84574;46.7;23.5
88;2021-06-04;2042;1926;169960;86500;47.3;24.1
88;2021-06-05;1531;1135;171491;87635;47.7;24.4
88;2021-06-06;692;156;172183;87791;47.9;24.4
88;2021-06-07;1290;1710;173473;89501;48.3;24.9
88;2021-06-08;1666;1933;175139;91434;48.7;25.4
88;2021-06-09;1619;1909;176758;93343;49.2;26.0
88;2021-06-10;1781;2047;178539;95390;49.7;26.5
88;2021-06-11;1549;2211;180088;97601;50.1;27.1
88;2021-06-12;669;1657;180757;99258;50.3;27.6
88;2021-06-13;464;377;181221;99635;50.4;27.7
88;2021-06-14;1030;2249;182251;101884;50.7;28.3
88;2021-06-15;1928;2458;184179;104342;51.2;29.0
88;2021-06-16;1485;2873;185664;107215;51.6;29.8
88;2021-06-17;1601;2732;187265;109947;52.1;30.6
88;2021-06-18;1355;2460;188620;112407;52.5;31.3
88;2021-06-19;701;1089;189321;113496;52.7;31.6
88;2021-06-20;78;79;189399;113575;52.7;31.6
88;2021-06-21;672;2578;190071;116153;52.9;32.3
88;2021-06-22;869;3433;190940;119586;53.1;33.3
88;2021-06-23;1144;2876;192084;122462;53.4;34.1
88;2021-06-24;702;2604;192786;125066;53.6;34.8
88;2021-06-25;1435;3179;194221;128245;54.0;35.7
88;2021-06-26;903;2073;195124;130318;54.3;36.2
88;2021-06-27;543;635;195667;130953;54.4;36.4
88;2021-06-28;758;2514;196425;133467;54.6;37.1
88;2021-06-29;960;3354;197385;136821;54.9;38.1
88;2021-06-30;1136;3114;198521;139935;55.2;38.9
88;2021-07-01;1056;2686;199577;142621;55.5;39.7
88;2021-07-02;992;3144;200569;145765;55.8;40.5
88;2021-07-03;692;1699;201261;147464;56.0;41.0
88;2021-07-04;258;815;201519;148279;56.1;41.2
88;2021-07-05;993;2020;202512;150299;56.3;41.8
88;2021-07-06;1020;2414;203532;152713;56.6;42.5
88;2021-07-07;1177;2586;204709;155299;56.9;43.2
88;2021-07-08;1082;2063;205791;157362;57.2;43.8
88;2021-07-09;1583;2704;207374;160066;57.7;44.5
88;2021-07-10;721;1818;208095;161884;57.9;45.0
88;2021-07-11;468;696;208563;162580;58.0;45.2
88;2021-07-12;1055;2520;209618;165100;58.3;45.9
88;2021-07-13;1313;2654;210931;167754;58.7;46.7
88;2021-07-14;1206;799;212137;168553;59.0;46.9
88;2021-07-15;1744;3306;213881;171859;59.5;47.8
88;2021-07-16;1469;2960;215350;174819;59.9;48.6
88;2021-07-17;802;1587;216152;176406;60.1;49.1
88;2021-07-18;180;679;216332;177085;60.2;49.3
88;2021-07-19;1563;2232;217895;179317;60.6;49.9
88;2021-07-20;2144;2385;220039;181702;61.2;50.5
88;2021-07-21;1938;2215;221977;183917;61.7;51.2
88;2021-07-22;1699;2107;223676;186024;62.2;51.7
88;2021-07-23;2508;2777;226184;188801;62.9;52.5
88;2021-07-24;1059;1186;227243;189987;63.2;52.8
88;2021-07-25;432;608;227675;190595;63.3;53.0
88;2021-07-26;1715;2074;229390;192669;63.8;53.6
88;2021-07-27;2350;2060;231740;194729;64.5;54.2
88;2021-07-28;2210;2248;233950;196977;65.1;54.8
88;2021-07-29;3033;1635;236983;198612;65.9;55.2
88;2021-07-30;2272;2294;239255;200906;66.5;55.9
88;2021-07-31;1105;1036;240360;201942;66.9;56.2
88;2021-08-01;449;461;240809;202403;67.0;56.3
88;2021-08-02;2376;1770;243185;204173;67.6;56.8
88;2021-08-03;2875;1591;246060;205764;68.4;57.2
88;2021-08-04;2519;1529;248579;207293;69.1;57.7
88;2021-08-05;1994;1378;250573;208671;69.7;58.0
88;2021-08-06;2947;2010;253520;210681;70.5;58.6
88;2021-08-07;1175;912;254695;211593;70.8;58.9
88;2021-08-08;751;319;255446;211912;71.1;58.9
88;2021-08-09;1547;1648;256993;213560;71.5;59.4
88;2021-08-10;1941;2039;258934;215599;72.0;60.0
88;2021-08-11;1869;1756;260803;217355;72.5;60.5
88;2021-08-12;1669;1349;262472;218704;73.0;60.8
88;2021-08-13;1952;2136;264424;220840;73.5;61.4
88;2021-08-14;580;912;265004;221752;73.7;61.7
88;2021-08-15;337;520;265341;222272;73.8;61.8
88;2021-08-16;1149;1988;266490;224260;74.1;62.4
88;2021-08-17;1267;2058;267757;226318;74.5;63.0
88;2021-08-18;1208;1925;268965;228243;74.8;63.5
88;2021-08-19;1042;1582;270007;229825;75.1;63.9
88;2021-08-20;1020;2330;271027;232155;75.4;64.6
88;2021-08-21;405;1144;271432;233299;75.5;64.9
88;2021-08-22;100;479;271532;233778;75.5;65.0
88;2021-08-23;734;1640;272266;235418;75.7;65.5
88;2021-08-24;918;1973;273184;237391;76.0;66.0
88;2021-08-25;891;2458;274075;239849;76.2;66.7
88;2021-08-26;868;2049;274943;241898;76.5;67.3
88;2021-08-27;844;2711;275787;244609;76.7;68.0
88;2021-08-28;490;1350;276277;245959;76.8;68.4
88;2021-08-29;130;693;276407;246652;76.9;68.6
88;2021-08-30;699;2383;277106;249035;77.1;69.3
88;2021-08-31;781;2375;277887;251410;77.3;69.9
88;2021-09-01;685;2076;278572;253486;77.5;70.5
88;2021-09-02;666;1746;279238;255232;77.7;71.0
88;2021-09-03;728;2259;279966;257491;77.9;71.6
88;2021-09-04;426;1159;280392;258650;78.0;71.9
88;2021-09-05;188;425;280580;259075;78.0;72.1
88;2021-09-06;505;1362;281085;260437;78.2;72.4
88;2021-09-07;566;1412;281651;261849;78.3;72.8
88;2021-09-08;455;1492;282106;263341;78.5;73.2
88;2021-09-09;536;1100;282642;264441;78.6;73.6
88;2021-09-10;590;1583;283232;266024;78.8;74.0
88;2021-09-11;350;851;283582;266875;78.9;74.2
88;2021-09-12;70;142;283652;267017;78.9;74.3
88;2021-09-13;427;1074;284079;268091;79.0;74.6
88;2021-09-14;548;1275;284627;269366;79.2;74.9
88;2021-09-15;424;971;285051;270337;79.3;75.2
88;2021-09-16;255;535;285306;270872;79.4;75.3
88;2021-09-17;432;1027;285738;271899;79.5;75.6
88;2021-09-18;233;679;285971;272578;79.5;75.8
88;2021-09-19;51;164;286022;272742;79.6;75.9
88;2021-09-20;222;564;286244;273306;79.6;76.0
88;2021-09-21;206;596;286450;273902;79.7;76.2
88;2021-09-22;206;779;286656;274681;79.7;76.4
88;2021-09-23;287;624;286943;275305;79.8;76.6
88;2021-09-24;280;801;287223;276106;79.9;76.8
88;2021-09-25;126;565;287349;276671;79.9;77.0
88;2021-09-26;18;159;287367;276830;79.9;77.0
88;2021-09-27;163;451;287530;277281;80.0;77.1
88;2021-09-28;175;523;287705;277804;80.0;77.3
89;2020-12-27;0;0;0;0;0.0;0.0
89;2020-12-28;2;0;2;0;0.0;0.0
89;2020-12-29;0;0;2;0;0.0;0.0
89;2020-12-30;0;0;2;0;0.0;0.0
89;2020-12-31;0;0;2;0;0.0;0.0
89;2021-01-01;0;0;2;0;0.0;0.0
89;2021-01-02;0;0;2;0;0.0;0.0
89;2021-01-03;0;0;2;0;0.0;0.0
89;2021-01-04;0;0;2;0;0.0;0.0
89;2021-01-05;0;0;2;0;0.0;0.0
89;2021-01-06;48;0;50;0;0.0;0.0
89;2021-01-07;201;0;251;0;0.1;0.0
89;2021-01-08;48;0;299;0;0.1;0.0
89;2021-01-09;1;0;300;0;0.1;0.0
89;2021-01-10;0;0;300;0;0.1;0.0
89;2021-01-11;221;0;521;0;0.2;0.0
89;2021-01-12;349;0;870;0;0.3;0.0
89;2021-01-13;533;3;1403;3;0.4;0.0
89;2021-01-14;711;7;2114;10;0.6;0.0
89;2021-01-15;277;2;2391;12;0.7;0.0
89;2021-01-16;90;3;2481;15;0.7;0.0
89;2021-01-17;0;0;2481;15;0.7;0.0
89;2021-01-18;503;1;2984;16;0.9;0.0
89;2021-01-19;841;3;3825;19;1.2;0.0
89;2021-01-20;762;0;4587;19;1.4;0.0
89;2021-01-21;940;3;5527;22;1.7;0.0
89;2021-01-22;1020;1;6547;23;2.0;0.0
89;2021-01-23;200;0;6747;23;2.0;0.0
89;2021-01-24;107;0;6854;23;2.1;0.0
89;2021-01-25;483;3;7337;26;2.2;0.0
89;2021-01-26;582;13;7919;39;2.4;0.0
89;2021-01-27;473;37;8392;76;2.5;0.0
89;2021-01-28;551;123;8943;199;2.7;0.1
89;2021-01-29;958;39;9901;238;3.0;0.1
89;2021-01-30;184;13;10085;251;3.0;0.1
89;2021-01-31;24;1;10109;252;3.0;0.1
89;2021-02-01;255;138;10364;390;3.1;0.1
89;2021-02-02;283;312;10647;702;3.2;0.2
89;2021-02-03;292;318;10939;1020;3.3;0.3
89;2021-02-04;434;559;11373;1579;3.4;0.5
89;2021-02-05;387;178;11760;1757;3.5;0.5
89;2021-02-06;77;66;11837;1823;3.6;0.5
89;2021-02-07;0;0;11837;1823;3.6;0.5
89;2021-02-08;288;158;12125;1981;3.7;0.6
89;2021-02-09;284;397;12409;2378;3.7;0.7
89;2021-02-10;396;278;12805;2656;3.9;0.8
89;2021-02-11;332;526;13137;3182;4.0;1.0
89;2021-02-12;432;561;13569;3743;4.1;1.1
89;2021-02-13;51;122;13620;3865;4.1;1.2
89;2021-02-14;21;116;13641;3981;4.1;1.2
89;2021-02-15;218;306;13859;4287;4.2;1.3
89;2021-02-16;134;426;13993;4713;4.2;1.4
89;2021-02-17;263;334;14256;5047;4.3;1.5
89;2021-02-18;225;420;14481;5467;4.4;1.6
89;2021-02-19;245;568;14726;6035;4.4;1.8
89;2021-02-20;33;126;14759;6161;4.4;1.9
89;2021-02-21;0;10;14759;6171;4.4;1.9
89;2021-02-22;233;355;14992;6526;4.5;2.0
89;2021-02-23;170;383;15162;6909;4.6;2.1
89;2021-02-24;343;290;15505;7199;4.7;2.2
89;2021-02-25;370;371;15875;7570;4.8;2.3
89;2021-02-26;385;279;16260;7849;4.9;2.4
89;2021-02-27;138;62;16398;7911;4.9;2.4
89;2021-02-28;6;12;16404;7923;4.9;2.4
89;2021-03-01;541;198;16945;8121;5.1;2.4
89;2021-03-02;753;307;17698;8428;5.3;2.5
89;2021-03-03;647;231;18345;8659;5.5;2.6
89;2021-03-04;633;335;18978;8994;5.7;2.7
89;2021-03-05;728;455;19706;9449;5.9;2.8
89;2021-03-06;549;119;20255;9568;6.1;2.9
89;2021-03-07;288;40;20543;9608;6.2;2.9
89;2021-03-08;559;300;21102;9908;6.4;3.0
89;2021-03-09;1003;241;22105;10149;6.7;3.1
89;2021-03-10;984;232;23089;10381;7.0;3.1
89;2021-03-11;1076;284;24165;10665;7.3;3.2
89;2021-03-12;1280;308;25445;10973;7.7;3.3
89;2021-03-13;637;44;26082;11017;7.9;3.3
89;2021-03-14;1;0;26083;11017;7.9;3.3
89;2021-03-15;816;310;26899;11327;8.1;3.4
89;2021-03-16;948;217;27847;11544;8.4;3.5
89;2021-03-17;920;266;28767;11810;8.7;3.6
89;2021-03-18;885;253;29652;12063;8.9;3.6
89;2021-03-19;1149;196;30801;12259;9.3;3.7
89;2021-03-20;844;29;31645;12288;9.5;3.7
89;2021-03-21;173;6;31818;12294;9.6;3.7
89;2021-03-22;1044;221;32862;12515;9.9;3.8
89;2021-03-23;1744;257;34606;12772;10.4;3.8
89;2021-03-24;1968;324;36574;13096;11.0;3.9
89;2021-03-25;1821;170;38395;13266;11.6;4.0
89;2021-03-26;2628;184;41023;13450;12.4;4.1
89;2021-03-27;1775;48;42798;13498;12.9;4.1
89;2021-03-28;32;3;42830;13501;12.9;4.1
89;2021-03-29;965;570;43795;14071;13.2;4.2
89;2021-03-30;1155;568;44950;14639;13.5;4.4
89;2021-03-31;2005;471;46955;15110;14.1;4.5
89;2021-04-01;2121;459;49076;15569;14.8;4.7
89;2021-04-02;2140;446;51216;16015;15.4;4.8
89;2021-04-03;1004;243;52220;16258;15.7;4.9
89;2021-04-04;16;1;52236;16259;15.7;4.9
89;2021-04-05;92;2;52328;16261;15.8;4.9
89;2021-04-06;1032;754;53360;17015;16.1;5.1
89;2021-04-07;1027;799;54387;17814;16.4;5.4
89;2021-04-08;1731;727;56118;18541;16.9;5.6
89;2021-04-09;2164;767;58282;19308;17.5;5.8
89;2021-04-10;891;180;59173;19488;17.8;5.9
89;2021-04-11;38;51;59211;19539;17.8;5.9
89;2021-04-12;1010;791;60221;20330;18.1;6.1
89;2021-04-13;1356;1081;61577;21411;18.5;6.4
89;2021-04-14;1214;1036;62791;22447;18.9;6.8
89;2021-04-15;1412;942;64203;23389;19.3;7.0
89;2021-04-16;1330;939;65533;24328;19.7;7.3
89;2021-04-17;1070;455;66603;24783;20.1;7.5
89;2021-04-18;27;154;66630;24937;20.1;7.5
89;2021-04-19;748;1038;67378;25975;20.3;7.8
89;2021-04-20;1016;1533;68394;27508;20.6;8.3
89;2021-04-21;814;1100;69208;28608;20.8;8.6
89;2021-04-22;1106;1164;70314;29772;21.2;9.0
89;2021-04-23;1820;1964;72134;31736;21.7;9.6
89;2021-04-24;1173;1173;73307;32909;22.1;9.9
89;2021-04-25;139;6;73446;32915;22.1;9.9
89;2021-04-26;1503;775;74949;33690;22.6;10.1
89;2021-04-27;1733;1053;76682;34743;23.1;10.5
89;2021-04-28;1596;1854;78278;36597;23.6;11.0
89;2021-04-29;1970;1923;80248;38520;24.2;11.6
89;2021-04-30;1803;1767;82051;40287;24.7;12.1
89;2021-05-01;846;721;82897;41008;25.0;12.3
89;2021-05-02;134;31;83031;41039;25.0;12.4
89;2021-05-03;1606;762;84637;41801;25.5;12.6
89;2021-05-04;1619;1125;86256;42926;26.0;12.9
89;2021-05-05;2319;1265;88575;44191;26.7;13.3
89;2021-05-06;2411;1382;90986;45573;27.4;13.7
89;2021-05-07;2718;1313;93704;46886;28.2;14.1
89;2021-05-08;1787;534;95491;47420;28.8;14.3
89;2021-05-09;196;18;95687;47438;28.8;14.3
89;2021-05-10;1201;960;96888;48398;29.2;14.6
89;2021-05-11;2491;1463;99379;49861;29.9;15.0
89;2021-05-12;2058;1215;101437;51076;30.5;15.4
89;2021-05-13;415;332;101852;51408;30.7;15.5
89;2021-05-14;1880;1095;103732;52503;31.2;15.8
89;2021-05-15;2247;394;105979;52897;31.9;15.9
89;2021-05-16;10;35;105989;52932;31.9;15.9
89;2021-05-17;2091;635;108080;53567;32.5;16.1
89;2021-05-18;2324;830;110404;54397;33.2;16.4
89;2021-05-19;2861;882;113265;55279;34.1;16.6
89;2021-05-20;2927;887;116192;56166;35.0;16.9
89;2021-05-21;2481;877;118673;57043;35.7;17.2
89;2021-05-22;1430;560;120103;57603;36.2;17.3
89;2021-05-23;108;10;120211;57613;36.2;17.3
89;2021-05-24;288;226;120499;57839;36.3;17.4
89;2021-05-25;1558;982;122057;58821;36.8;17.7
89;2021-05-26;1815;1024;123872;59845;37.3;18.0
89;2021-05-27;2118;1358;125990;61203;37.9;18.4
89;2021-05-28;2143;1418;128133;62621;38.6;18.9
89;2021-05-29;541;658;128674;63279;38.7;19.1
89;2021-05-30;25;22;128699;63301;38.8;19.1
89;2021-05-31;1248;971;129947;64272;39.1;19.4
89;2021-06-01;1505;979;131452;65251;39.6;19.6
89;2021-06-02;1946;1278;133398;66529;40.2;20.0
89;2021-06-03;2428;1522;135826;68051;40.9;20.5
89;2021-06-04;2140;1884;137966;69935;41.5;21.1
89;2021-06-05;1185;1223;139151;71158;41.9;21.4
89;2021-06-06;23;37;139174;71195;41.9;21.4
89;2021-06-07;2107;1448;141281;72643;42.5;21.9
89;2021-06-08;2194;1447;143475;74090;43.2;22.3
89;2021-06-09;2321;1509;145796;75599;43.9;22.8
89;2021-06-10;2790;1598;148586;77197;44.7;23.2
89;2021-06-11;1950;1746;150536;78943;45.3;23.8
89;2021-06-12;1103;757;151639;79700;45.7;24.0
89;2021-06-13;156;417;151795;80117;45.7;24.1
89;2021-06-14;1311;1825;153106;81942;46.1;24.7
89;2021-06-15;1401;2011;154507;83953;46.5;25.3
89;2021-06-16;1129;2583;155636;86536;46.9;26.1
89;2021-06-17;1432;2335;157068;88871;47.3;26.8
89;2021-06-18;1623;2877;158691;91748;47.8;27.6
89;2021-06-19;686;1660;159377;93408;48.0;28.1
89;2021-06-20;55;125;159432;93533;48.0;28.2
89;2021-06-21;758;1528;160190;95061;48.2;28.6
89;2021-06-22;1049;2679;161239;97740;48.6;29.4
89;2021-06-23;1154;1797;162393;99537;48.9;30.0
89;2021-06-24;1077;1497;163470;101034;49.2;30.4
89;2021-06-25;1008;2425;164478;103459;49.5;31.2
89;2021-06-26;560;2482;165038;105941;49.7;31.9
89;2021-06-27;14;28;165052;105969;49.7;31.9
89;2021-06-28;1033;2494;166085;108463;50.0;32.7
89;2021-06-29;691;2403;166776;110866;50.2;33.4
89;2021-06-30;1083;3182;167859;114048;50.5;34.3
89;2021-07-01;1022;2989;168881;117037;50.9;35.2
89;2021-07-02;1106;2748;169987;119785;51.2;36.1
89;2021-07-03;554;1574;170541;121359;51.4;36.5
89;2021-07-04;11;36;170552;121395;51.4;36.6
89;2021-07-05;1295;1838;171847;123233;51.7;37.1
89;2021-07-06;1051;2312;172898;125545;52.1;37.8
89;2021-07-07;666;1787;173564;127332;52.3;38.3
89;2021-07-08;793;1873;174357;129205;52.5;38.9
89;2021-07-09;1140;2606;175497;131811;52.8;39.7
89;2021-07-10;719;816;176216;132627;53.1;39.9
89;2021-07-11;26;39;176242;132666;53.1;39.9
89;2021-07-12;1422;1899;177664;134565;53.5;40.5
89;2021-07-13;2135;2745;179799;137310;54.1;41.3
89;2021-07-14;314;324;180113;137634;54.2;41.4
89;2021-07-15;2245;3156;182358;140790;54.9;42.4
89;2021-07-16;2389;2863;184747;143653;55.6;43.3
89;2021-07-17;1235;1229;185982;144882;56.0;43.6
89;2021-07-18;277;97;186259;144979;56.1;43.7
89;2021-07-19;1566;2811;187825;147790;56.6;44.5
89;2021-07-20;1927;3283;189752;151073;57.1;45.5
89;2021-07-21;2080;2725;191832;153798;57.8;46.3
89;2021-07-22;2476;2992;194308;156790;58.5;47.2
89;2021-07-23;2473;3105;196781;159895;59.3;48.1
89;2021-07-24;1241;1247;198022;161142;59.6;48.5
89;2021-07-25;69;185;198091;161327;59.6;48.6
89;2021-07-26;1719;2322;199810;163649;60.2;49.3
89;2021-07-27;2345;1911;202155;165560;60.9;49.9
89;2021-07-28;2538;1339;204693;166899;61.6;50.3
89;2021-07-29;2525;1621;207218;168520;62.4;50.7
89;2021-07-30;2678;1625;209896;170145;63.2;51.2
89;2021-07-31;1121;1073;211017;171218;63.5;51.6
89;2021-08-01;69;31;211086;171249;63.6;51.6
89;2021-08-02;1792;1287;212878;172536;64.1;52.0
89;2021-08-03;2492;1254;215370;173790;64.9;52.3
89;2021-08-04;1528;1641;216898;175431;65.3;52.8
89;2021-08-05;1534;1692;218432;177123;65.8;53.3
89;2021-08-06;2175;1651;220607;178774;66.4;53.8
89;2021-08-07;929;1096;221536;179870;66.7;54.2
89;2021-08-08;56;48;221592;179918;66.7;54.2
89;2021-08-09;1107;1175;222699;181093;67.1;54.5
89;2021-08-10;1799;1816;224498;182909;67.6;55.1
89;2021-08-11;1533;1584;226031;184493;68.1;55.6
89;2021-08-12;1363;1390;227394;185883;68.5;56.0
89;2021-08-13;1279;1951;228673;187834;68.9;56.6
89;2021-08-14;526;1024;229199;188858;69.0;56.9
89;2021-08-15;20;43;229219;188901;69.0;56.9
89;2021-08-16;1021;1968;230240;190869;69.3;57.5
89;2021-08-17;844;1572;231084;192441;69.6;57.9
89;2021-08-18;623;1897;231707;194338;69.8;58.5
89;2021-08-19;671;1387;232378;195725;70.0;58.9
89;2021-08-20;1028;2263;233406;197988;70.3;59.6
89;2021-08-21;297;1003;233703;198991;70.4;59.9
89;2021-08-22;32;34;233735;199025;70.4;59.9
89;2021-08-23;766;2251;234501;201276;70.6;60.6
89;2021-08-24;848;2365;235349;203641;70.9;61.3
89;2021-08-25;582;1429;235931;205070;71.0;61.8
89;2021-08-26;607;2053;236538;207123;71.2;62.4
89;2021-08-27;837;2263;237375;209386;71.5;63.0
89;2021-08-28;358;1303;237733;210689;71.6;63.4
89;2021-08-29;30;70;237763;210759;71.6;63.5
89;2021-08-30;631;2234;238394;212993;71.8;64.1
89;2021-08-31;598;1625;238992;214618;72.0;64.6
89;2021-09-01;509;1372;239501;215990;72.1;65.0
89;2021-09-02;434;1457;239935;217447;72.2;65.5
89;2021-09-03;578;2090;240513;219537;72.4;66.1
89;2021-09-04;494;996;241007;220533;72.6;66.4
89;2021-09-05;21;18;241028;220551;72.6;66.4
89;2021-09-06;416;1857;241444;222408;72.7;67.0
89;2021-09-07;353;1146;241797;223554;72.8;67.3
89;2021-09-08;326;1013;242123;224567;72.9;67.6
89;2021-09-09;267;959;242390;225526;73.0;67.9
89;2021-09-10;460;1557;242850;227083;73.1;68.4
89;2021-09-11;272;823;243122;227906;73.2;68.6
89;2021-09-12;11;45;243133;227951;73.2;68.6
89;2021-09-13;381;1286;243514;229237;73.3;69.0
89;2021-09-14;368;842;243882;230079;73.4;69.3
89;2021-09-15;228;693;244110;230772;73.5;69.5
89;2021-09-16;242;567;244352;231339;73.6;69.7
89;2021-09-17;495;1115;244847;232454;73.7;70.0
89;2021-09-18;177;743;245024;233197;73.8;70.2
89;2021-09-19;4;17;245028;233214;73.8;70.2
89;2021-09-20;247;723;245275;233937;73.9;70.4
89;2021-09-21;291;477;245566;234414;73.9;70.6
89;2021-09-22;195;575;245761;234989;74.0;70.8
89;2021-09-23;222;464;245983;235453;74.1;70.9
89;2021-09-24;298;866;246281;236319;74.2;71.2
89;2021-09-25;106;464;246387;236783;74.2;71.3
89;2021-09-26;3;19;246390;236802;74.2;71.3
89;2021-09-27;188;502;246578;237304;74.2;71.5
89;2021-09-28;220;392;246798;237696;74.3;71.6
90;2020-12-27;0;0;0;0;0.0;0.0
90;2020-12-28;0;0;0;0;0.0;0.0
90;2020-12-29;0;0;0;0;0.0;0.0
90;2020-12-30;1;0;1;0;0.0;0.0
90;2020-12-31;0;0;1;0;0.0;0.0
90;2021-01-01;0;0;1;0;0.0;0.0
90;2021-01-02;1;0;2;0;0.0;0.0
90;2021-01-03;0;0;2;0;0.0;0.0
90;2021-01-04;2;0;4;0;0.0;0.0
90;2021-01-05;0;0;4;0;0.0;0.0
90;2021-01-06;0;0;4;0;0.0;0.0
90;2021-01-07;1;0;5;0;0.0;0.0
90;2021-01-08;170;0;175;0;0.1;0.0
90;2021-01-09;46;0;221;0;0.2;0.0
90;2021-01-10;0;0;221;0;0.2;0.0
90;2021-01-11;200;0;421;0;0.3;0.0
90;2021-01-12;431;1;852;1;0.6;0.0
90;2021-01-13;467;2;1319;3;0.9;0.0
90;2021-01-14;414;2;1733;5;1.2;0.0
90;2021-01-15;404;8;2137;13;1.5;0.0
90;2021-01-16;111;2;2248;15;1.6;0.0
90;2021-01-17;1;0;2249;15;1.6;0.0
90;2021-01-18;365;2;2614;17;1.9;0.0
90;2021-01-19;462;4;3076;21;2.2;0.0
90;2021-01-20;393;2;3469;23;2.5;0.0
90;2021-01-21;351;1;3820;24;2.7;0.0
90;2021-01-22;345;2;4165;26;3.0;0.0
90;2021-01-23;98;0;4263;26;3.0;0.0
90;2021-01-24;0;0;4263;26;3.0;0.0
90;2021-01-25;322;1;4585;27;3.3;0.0
90;2021-01-26;224;0;4809;27;3.4;0.0
90;2021-01-27;254;0;5063;27;3.6;0.0
90;2021-01-28;328;29;5391;56;3.8;0.0
90;2021-01-29;291;155;5682;211;4.1;0.2
90;2021-01-30;176;40;5858;251;4.2;0.2
90;2021-01-31;118;0;5976;251;4.3;0.2
90;2021-02-01;275;103;6251;354;4.5;0.3
90;2021-02-02;290;151;6541;505;4.7;0.4
90;2021-02-03;256;242;6797;747;4.8;0.5
90;2021-02-04;257;293;7054;1040;5.0;0.7
90;2021-02-05;266;262;7320;1302;5.2;0.9
90;2021-02-06;89;59;7409;1361;5.3;1.0
90;2021-02-07;0;0;7409;1361;5.3;1.0
90;2021-02-08;170;205;7579;1566;5.4;1.1
90;2021-02-09;139;157;7718;1723;5.5;1.2
90;2021-02-10;182;27;7900;1750;5.6;1.2
90;2021-02-11;229;95;8129;1845;5.8;1.3
90;2021-02-12;126;231;8255;2076;5.9;1.5
90;2021-02-13;96;40;8351;2116;6.0;1.5
90;2021-02-14;0;0;8351;2116;6.0;1.5
90;2021-02-15;112;244;8463;2360;6.0;1.7
90;2021-02-16;92;249;8555;2609;6.1;1.9
90;2021-02-17;178;169;8733;2778;6.2;2.0
90;2021-02-18;128;198;8861;2976;6.3;2.1
90;2021-02-19;64;211;8925;3187;6.4;2.3
90;2021-02-20;40;62;8965;3249;6.4;2.3
90;2021-02-21;0;0;8965;3249;6.4;2.3
90;2021-02-22;77;270;9042;3519;6.5;2.5
90;2021-02-23;40;197;9082;3716;6.5;2.7
90;2021-02-24;109;251;9191;3967;6.6;2.8
90;2021-02-25;89;254;9280;4221;6.6;3.0
90;2021-02-26;89;335;9369;4556;6.7;3.3
90;2021-02-27;140;146;9509;4702;6.8;3.4
90;2021-02-28;8;98;9517;4800;6.8;3.4
90;2021-03-01;211;205;9728;5005;6.9;3.6
90;2021-03-02;178;247;9906;5252;7.1;3.7
90;2021-03-03;239;323;10145;5575;7.2;4.0
90;2021-03-04;260;255;10405;5830;7.4;4.2
90;2021-03-05;359;252;10764;6082;7.7;4.3
90;2021-03-06;291;97;11055;6179;7.9;4.4
90;2021-03-07;18;1;11073;6180;7.9;4.4
90;2021-03-08;246;224;11319;6404;8.1;4.6
90;2021-03-09;430;154;11749;6558;8.4;4.7
90;2021-03-10;348;193;12097;6751;8.6;4.8
90;2021-03-11;347;116;12444;6867;8.9;4.9
90;2021-03-12;519;129;12963;6996;9.2;5.0
90;2021-03-13;539;48;13502;7044;9.6;5.0
90;2021-03-14;21;0;13523;7044;9.6;5.0
90;2021-03-15;388;117;13911;7161;9.9;5.1
90;2021-03-16;402;101;14313;7262;10.2;5.2
90;2021-03-17;323;76;14636;7338;10.4;5.2
90;2021-03-18;348;78;14984;7416;10.7;5.3
90;2021-03-19;468;78;15452;7494;11.0;5.3
90;2021-03-20;427;48;15879;7542;11.3;5.4
90;2021-03-21;7;1;15886;7543;11.3;5.4
90;2021-03-22;399;30;16285;7573;11.6;5.4
90;2021-03-23;740;77;17025;7650;12.1;5.5
90;2021-03-24;817;46;17842;7696;12.7;5.5
90;2021-03-25;949;75;18791;7771;13.4;5.5
90;2021-03-26;1226;62;20017;7833;14.3;5.6
90;2021-03-27;439;34;20456;7867;14.6;5.6
90;2021-03-28;34;0;20490;7867;14.6;5.6
90;2021-03-29;712;142;21202;8009;15.1;5.7
90;2021-03-30;675;155;21877;8164;15.6;5.8
90;2021-03-31;728;85;22605;8249;16.1;5.9
90;2021-04-01;602;123;23207;8372;16.6;6.0
90;2021-04-02;657;98;23864;8470;17.0;6.0
90;2021-04-03;370;40;24234;8510;17.3;6.1
90;2021-04-04;1;0;24235;8510;17.3;6.1
90;2021-04-05;0;0;24235;8510;17.3;6.1
90;2021-04-06;529;250;24764;8760;17.7;6.3
90;2021-04-07;485;267;25249;9027;18.0;6.4
90;2021-04-08;510;246;25759;9273;18.4;6.6
90;2021-04-09;751;266;26510;9539;18.9;6.8
90;2021-04-10;224;8;26734;9547;19.1;6.8
90;2021-04-11;7;0;26741;9547;19.1;6.8
90;2021-04-12;557;480;27298;10027;19.5;7.2
90;2021-04-13;632;531;27930;10558;19.9;7.5
90;2021-04-14;526;351;28456;10909;20.3;7.8
90;2021-04-15;905;291;29361;11200;21.0;8.0
90;2021-04-16;370;404;29731;11604;21.2;8.3
90;2021-04-17;189;128;29920;11732;21.3;8.4
90;2021-04-18;21;0;29941;11732;21.4;8.4
90;2021-04-19;435;572;30376;12304;21.7;8.8
90;2021-04-20;493;617;30869;12921;22.0;9.2
90;2021-04-21;353;497;31222;13418;22.3;9.6
90;2021-04-22;569;602;31791;14020;22.7;10.0
90;2021-04-23;504;742;32295;14762;23.0;10.5
90;2021-04-24;305;202;32600;14964;23.3;10.7
90;2021-04-25;1;0;32601;14964;23.3;10.7
90;2021-04-26;509;750;33110;15714;23.6;11.2
90;2021-04-27;640;680;33750;16394;24.1;11.7
90;2021-04-28;765;445;34515;16839;24.6;12.0
90;2021-04-29;1003;449;35518;17288;25.3;12.3
90;2021-04-30;1120;460;36638;17748;26.1;12.7
90;2021-05-01;60;42;36698;17790;26.2;12.7
90;2021-05-02;4;0;36702;17790;26.2;12.7
90;2021-05-03;903;285;37605;18075;26.8;12.9
90;2021-05-04;784;637;38389;18712;27.4;13.4
90;2021-05-05;891;504;39280;19216;28.0;13.7
90;2021-05-06;851;626;40131;19842;28.6;14.2
90;2021-05-07;440;507;40571;20349;28.9;14.5
90;2021-05-08;26;27;40597;20376;29.0;14.5
90;2021-05-09;5;33;40602;20409;29.0;14.6
90;2021-05-10;506;581;41108;20990;29.3;15.0
90;2021-05-11;778;638;41886;21628;29.9;15.4
90;2021-05-12;531;598;42417;22226;30.3;15.9
90;2021-05-13;1113;265;43530;22491;31.1;16.0
90;2021-05-14;865;403;44395;22894;31.7;16.3
90;2021-05-15;14;125;44409;23019;31.7;16.4
90;2021-05-16;2;7;44411;23026;31.7;16.4
90;2021-05-17;792;290;45203;23316;32.3;16.6
90;2021-05-18;1024;472;46227;23788;33.0;17.0
90;2021-05-19;1264;384;47491;24172;33.9;17.2
90;2021-05-20;1201;270;48692;24442;34.7;17.4
90;2021-05-21;1264;434;49956;24876;35.6;17.8
90;2021-05-22;9;131;49965;25007;35.7;17.8
90;2021-05-23;4;0;49969;25007;35.7;17.8
90;2021-05-24;368;265;50337;25272;35.9;18.0
90;2021-05-25;635;791;50972;26063;36.4;18.6
90;2021-05-26;630;569;51602;26632;36.8;19.0
90;2021-05-27;962;380;52564;27012;37.5;19.3
90;2021-05-28;668;827;53232;27839;38.0;19.9
90;2021-05-29;93;296;53325;28135;38.0;20.1
90;2021-05-30;4;1;53329;28136;38.1;20.1
90;2021-05-31;808;713;54137;28849;38.6;20.6
90;2021-06-01;969;739;55106;29588;39.3;21.1
90;2021-06-02;760;676;55866;30264;39.9;21.6
90;2021-06-03;758;744;56624;31008;40.4;22.1
90;2021-06-04;833;971;57457;31979;41.0;22.8
90;2021-06-05;54;427;57511;32406;41.0;23.1
90;2021-06-06;1;16;57512;32422;41.0;23.1
90;2021-06-07;1265;1081;58777;33503;41.9;23.9
90;2021-06-08;1482;937;60259;34440;43.0;24.6
90;2021-06-09;964;659;61223;35099;43.7;25.0
90;2021-06-10;627;498;61850;35597;44.1;25.4
90;2021-06-11;787;1126;62637;36723;44.7;26.2
90;2021-06-12;806;297;63443;37020;45.3;26.4
90;2021-06-13;10;12;63453;37032;45.3;26.4
90;2021-06-14;264;972;63717;38004;45.5;27.1
90;2021-06-15;566;882;64283;38886;45.9;27.7
90;2021-06-16;509;548;64792;39434;46.2;28.1
90;2021-06-17;443;638;65235;40072;46.5;28.6
90;2021-06-18;623;997;65858;41069;47.0;29.3
90;2021-06-19;450;170;66308;41239;47.3;29.4
90;2021-06-20;0;28;66308;41267;47.3;29.4
90;2021-06-21;256;1176;66564;42443;47.5;30.3
90;2021-06-22;384;950;66948;43393;47.8;31.0
90;2021-06-23;415;633;67363;44026;48.1;31.4
90;2021-06-24;317;599;67680;44625;48.3;31.8
90;2021-06-25;431;1270;68111;45895;48.6;32.7
90;2021-06-26;420;561;68531;46456;48.9;33.1
90;2021-06-27;2;6;68533;46462;48.9;33.2
90;2021-06-28;379;1298;68912;47760;49.2;34.1
90;2021-06-29;305;1305;69217;49065;49.4;35.0
90;2021-06-30;485;1227;69702;50292;49.7;35.9
90;2021-07-01;355;920;70057;51212;50.0;36.5
90;2021-07-02;506;1205;70563;52417;50.3;37.4
90;2021-07-03;52;129;70615;52546;50.4;37.5
90;2021-07-04;0;21;70615;52567;50.4;37.5
90;2021-07-05;400;1014;71015;53581;50.7;38.2
90;2021-07-06;514;971;71529;54552;51.0;38.9
90;2021-07-07;381;998;71910;55550;51.3;39.6
90;2021-07-08;304;607;72214;56157;51.5;40.1
90;2021-07-09;439;949;72653;57106;51.8;40.7
90;2021-07-10;32;91;72685;57197;51.9;40.8
90;2021-07-11;7;17;72692;57214;51.9;40.8
90;2021-07-12;246;1074;72938;58288;52.0;41.6
90;2021-07-13;474;1162;73412;59450;52.4;42.4
90;2021-07-14;4;9;73416;59459;52.4;42.4
90;2021-07-15;789;1455;74205;60914;52.9;43.5
90;2021-07-16;826;1681;75031;62595;53.5;44.7
90;2021-07-17;484;955;75515;63550;53.9;45.3
90;2021-07-18;4;2;75519;63552;53.9;45.3
90;2021-07-19;1186;1460;76705;65012;54.7;46.4
90;2021-07-20;1339;1135;78044;66147;55.7;47.2
90;2021-07-21;1395;983;79439;67130;56.7;47.9
90;2021-07-22;1127;697;80566;67827;57.5;48.4
90;2021-07-23;968;1020;81534;68847;58.2;49.1
90;2021-07-24;121;66;81655;68913;58.3;49.2
90;2021-07-25;2;1;81657;68914;58.3;49.2
90;2021-07-26;1072;801;82729;69715;59.0;49.7
90;2021-07-27;1081;746;83810;70461;59.8;50.3
90;2021-07-28;825;712;84635;71173;60.4;50.8
90;2021-07-29;843;441;85478;71614;61.0;51.1
90;2021-07-30;786;506;86264;72120;61.6;51.5
90;2021-07-31;484;313;86748;72433;61.9;51.7
90;2021-08-01;0;3;86748;72436;61.9;51.7
90;2021-08-02;850;510;87598;72946;62.5;52.1
90;2021-08-03;929;494;88527;73440;63.2;52.4
90;2021-08-04;1067;460;89594;73900;63.9;52.7
90;2021-08-05;521;223;90115;74123;64.3;52.9
90;2021-08-06;649;388;90764;74511;64.8;53.2
90;2021-08-07;36;63;90800;74574;64.8;53.2
90;2021-08-08;18;3;90818;74577;64.8;53.2
90;2021-08-09;730;947;91548;75524;65.3;53.9
90;2021-08-10;536;1152;92084;76676;65.7;54.7
90;2021-08-11;537;948;92621;77624;66.1;55.4
90;2021-08-12;449;820;93070;78444;66.4;56.0
90;2021-08-13;544;898;93614;79342;66.8;56.6
90;2021-08-14;30;98;93644;79440;66.8;56.7
90;2021-08-15;2;7;93646;79447;66.8;56.7
90;2021-08-16;452;632;94098;80079;67.1;57.1
90;2021-08-17;347;1167;94445;81246;67.4;58.0
90;2021-08-18;274;880;94719;82126;67.6;58.6
90;2021-08-19;248;627;94967;82753;67.8;59.0
90;2021-08-20;359;771;95326;83524;68.0;59.6
90;2021-08-21;32;71;95358;83595;68.0;59.6
90;2021-08-22;0;7;95358;83602;68.0;59.7
90;2021-08-23;308;489;95666;84091;68.3;60.0
90;2021-08-24;334;958;96000;85049;68.5;60.7
90;2021-08-25;250;915;96250;85964;68.7;61.3
90;2021-08-26;243;675;96493;86639;68.9;61.8
90;2021-08-27;270;737;96763;87376;69.0;62.3
90;2021-08-28;21;64;96784;87440;69.1;62.4
90;2021-08-29;3;6;96787;87446;69.1;62.4
90;2021-08-30;319;639;97106;88085;69.3;62.9
90;2021-08-31;276;1021;97382;89106;69.5;63.6
90;2021-09-01;267;787;97649;89893;69.7;64.1
90;2021-09-02;158;408;97807;90301;69.8;64.4
90;2021-09-03;222;531;98029;90832;69.9;64.8
90;2021-09-04;55;157;98084;90989;70.0;64.9
90;2021-09-05;9;25;98093;91014;70.0;64.9
90;2021-09-06;134;741;98227;91755;70.1;65.5
90;2021-09-07;220;675;98447;92430;70.2;66.0
90;2021-09-08;219;654;98666;93084;70.4;66.4
90;2021-09-09;187;321;98853;93405;70.5;66.6
90;2021-09-10;188;551;99041;93956;70.7;67.0
90;2021-09-11;12;12;99053;93968;70.7;67.1
90;2021-09-12;0;7;99053;93975;70.7;67.1
90;2021-09-13;211;513;99264;94488;70.8;67.4
90;2021-09-14;156;453;99420;94941;70.9;67.7
90;2021-09-15;181;392;99601;95333;71.1;68.0
90;2021-09-16;154;239;99755;95572;71.2;68.2
90;2021-09-17;183;340;99938;95912;71.3;68.4
90;2021-09-18;17;24;99955;95936;71.3;68.5
90;2021-09-19;7;4;99962;95940;71.3;68.5
90;2021-09-20;153;250;100115;96190;71.4;68.6
90;2021-09-21;105;247;100220;96437;71.5;68.8
90;2021-09-22;102;353;100322;96790;71.6;69.1
90;2021-09-23;80;137;100402;96927;71.6;69.2
90;2021-09-24;102;285;100504;97212;71.7;69.4
90;2021-09-25;16;31;100520;97243;71.7;69.4
90;2021-09-26;0;7;100520;97250;71.7;69.4
90;2021-09-27;93;198;100613;97448;71.8;69.5
90;2021-09-28;90;141;100703;97589;71.9;69.6
91;2020-12-27;0;0;0;0;0.0;0.0
91;2020-12-28;0;0;0;0;0.0;0.0
91;2020-12-29;1;0;1;0;0.0;0.0
91;2020-12-30;1;0;2;0;0.0;0.0
91;2020-12-31;0;0;2;0;0.0;0.0
91;2021-01-01;5;0;7;0;0.0;0.0
91;2021-01-02;0;0;7;0;0.0;0.0
91;2021-01-03;0;0;7;0;0.0;0.0
91;2021-01-04;1;0;8;0;0.0;0.0
91;2021-01-05;71;0;79;0;0.0;0.0
91;2021-01-06;188;2;267;2;0.0;0.0
91;2021-01-07;522;6;789;8;0.1;0.0
91;2021-01-08;394;1;1183;9;0.1;0.0
91;2021-01-09;89;2;1272;11;0.1;0.0
91;2021-01-10;1;0;1273;11;0.1;0.0
91;2021-01-11;595;2;1868;13;0.1;0.0
91;2021-01-12;899;8;2767;21;0.2;0.0
91;2021-01-13;703;7;3470;28;0.3;0.0
91;2021-01-14;721;11;4191;39;0.3;0.0
91;2021-01-15;569;4;4760;43;0.4;0.0
91;2021-01-16;316;7;5076;50;0.4;0.0
91;2021-01-17;118;1;5194;51;0.4;0.0
91;2021-01-18;991;3;6185;54;0.5;0.0
91;2021-01-19;1876;12;8061;66;0.6;0.0
91;2021-01-20;2377;17;10438;83;0.8;0.0
91;2021-01-21;2108;16;12546;99;1.0;0.0
91;2021-01-22;1862;10;14408;109;1.1;0.0
91;2021-01-23;413;1;14821;110;1.1;0.0
91;2021-01-24;53;0;14874;110;1.1;0.0
91;2021-01-25;1049;3;15923;113;1.2;0.0
91;2021-01-26;1577;35;17500;148;1.3;0.0
91;2021-01-27;2423;90;19923;238;1.5;0.0
91;2021-01-28;1986;175;21909;413;1.7;0.0
91;2021-01-29;1748;60;23657;473;1.8;0.0
91;2021-01-30;422;6;24079;479;1.8;0.0
91;2021-01-31;54;0;24133;479;1.8;0.0
91;2021-02-01;965;213;25098;692;1.9;0.1
91;2021-02-02;859;346;25957;1038;2.0;0.1
91;2021-02-03;938;541;26895;1579;2.0;0.1
91;2021-02-04;885;267;27780;1846;2.1;0.1
91;2021-02-05;1037;330;28817;2176;2.2;0.2
91;2021-02-06;340;83;29157;2259;2.2;0.2
91;2021-02-07;14;0;29171;2259;2.2;0.2
91;2021-02-08;906;532;30077;2791;2.3;0.2
91;2021-02-09;963;700;31040;3491;2.4;0.3
91;2021-02-10;1065;935;32105;4426;2.4;0.3
91;2021-02-11;1124;939;33229;5365;2.5;0.4
91;2021-02-12;1064;744;34293;6109;2.6;0.5
91;2021-02-13;332;317;34625;6426;2.6;0.5
91;2021-02-14;18;102;34643;6528;2.6;0.5
91;2021-02-15;368;887;35011;7415;2.7;0.6
91;2021-02-16;555;1426;35566;8841;2.7;0.7
91;2021-02-17;814;2257;36380;11098;2.8;0.8
91;2021-02-18;942;1718;37322;12816;2.8;1.0
91;2021-02-19;872;1143;38194;13959;2.9;1.1
91;2021-02-20;167;256;38361;14215;2.9;1.1
91;2021-02-21;13;39;38374;14254;2.9;1.1
91;2021-02-22;334;896;38708;15150;2.9;1.1
91;2021-02-23;398;833;39106;15983;3.0;1.2
91;2021-02-24;473;819;39579;16802;3.0;1.3
91;2021-02-25;735;803;40314;17605;3.1;1.3
91;2021-02-26;1096;832;41410;18437;3.1;1.4
91;2021-02-27;612;244;42022;18681;3.2;1.4
91;2021-02-28;65;59;42087;18740;3.2;1.4
91;2021-03-01;932;846;43019;19586;3.3;1.5
91;2021-03-02;1260;919;44279;20505;3.4;1.6
91;2021-03-03;1467;1101;45746;21606;3.5;1.6
91;2021-03-04;2435;1006;48181;22612;3.7;1.7
91;2021-03-05;3354;993;51535;23605;3.9;1.8
91;2021-03-06;4912;409;56447;24014;4.3;1.8
91;2021-03-07;3208;116;59655;24130;4.5;1.8
91;2021-03-08;1474;914;61129;25044;4.6;1.9
91;2021-03-09;2625;882;63754;25926;4.8;2.0
91;2021-03-10;2624;957;66378;26883;5.0;2.0
91;2021-03-11;3786;1064;70164;27947;5.3;2.1
91;2021-03-12;4792;989;74956;28936;5.7;2.2
91;2021-03-13;5258;330;80214;29266;6.1;2.2
91;2021-03-14;304;28;80518;29294;6.1;2.2
91;2021-03-15;2985;425;83503;29719;6.3;2.3
91;2021-03-16;2617;376;86120;30095;6.5;2.3
91;2021-03-17;2227;341;88347;30436;6.7;2.3
91;2021-03-18;2394;407;90741;30843;6.9;2.3
91;2021-03-19;4093;382;94834;31225;7.2;2.4
91;2021-03-20;3609;180;98443;31405;7.5;2.4
91;2021-03-21;138;21;98581;31426;7.5;2.4
91;2021-03-22;3148;592;101729;32018;7.7;2.4
91;2021-03-23;4139;685;105868;32703;8.0;2.5
91;2021-03-24;3937;495;109805;33198;8.3;2.5
91;2021-03-25;5058;523;114863;33721;8.7;2.6
91;2021-03-26;5550;550;120413;34271;9.1;2.6
91;2021-03-27;4982;343;125395;34614;9.5;2.6
91;2021-03-28;282;57;125677;34671;9.5;2.6
91;2021-03-29;3305;1023;128982;35694;9.8;2.7
91;2021-03-30;4426;1214;133408;36908;10.1;2.8
91;2021-03-31;3368;1328;136776;38236;10.4;2.9
91;2021-04-01;3740;1684;140516;39920;10.6;3.0
91;2021-04-02;3887;2309;144403;42229;10.9;3.2
91;2021-04-03;1874;2856;146277;45085;11.1;3.4
91;2021-04-04;647;1319;146924;46404;11.1;3.5
91;2021-04-05;562;132;147486;46536;11.2;3.5
91;2021-04-06;3403;1779;150889;48315;11.4;3.7
91;2021-04-07;3422;1926;154311;50241;11.7;3.8
91;2021-04-08;4665;2154;158976;52395;12.0;4.0
91;2021-04-09;5348;2161;164324;54556;12.5;4.1
91;2021-04-10;2733;2807;167057;57363;12.7;4.3
91;2021-04-11;191;141;167248;57504;12.7;4.4
91;2021-04-12;2854;2278;170102;59782;12.9;4.5
91;2021-04-13;3758;2643;173860;62425;13.2;4.7
91;2021-04-14;3706;2319;177566;64744;13.5;4.9
91;2021-04-15;4475;2516;182041;67260;13.8;5.1
91;2021-04-16;4548;2801;186589;70061;14.1;5.3
91;2021-04-17;2983;2072;189572;72133;14.4;5.5
91;2021-04-18;269;73;189841;72206;14.4;5.5
91;2021-04-19;2306;2731;192147;74937;14.6;5.7
91;2021-04-20;3178;2978;195325;77915;14.8;5.9
91;2021-04-21;2990;2894;198315;80809;15.0;6.1
91;2021-04-22;3170;3364;201485;84173;15.3;6.4
91;2021-04-23;3717;3329;205202;87502;15.6;6.6
91;2021-04-24;3480;3732;208682;91234;15.8;6.9
91;2021-04-25;2618;643;211300;91877;16.0;7.0
91;2021-04-26;3485;2799;214785;94676;16.3;7.2
91;2021-04-27;4486;2921;219271;97597;16.6;7.4
91;2021-04-28;4569;2693;223840;100290;17.0;7.6
91;2021-04-29;5744;3056;229584;103346;17.4;7.8
91;2021-04-30;5385;2846;234969;106192;17.8;8.0
91;2021-05-01;3517;520;238486;106712;18.1;8.1
91;2021-05-02;628;131;239114;106843;18.1;8.1
91;2021-05-03;5202;2288;244316;109131;18.5;8.3
91;2021-05-04;5589;3170;249905;112301;18.9;8.5
91;2021-05-05;4850;2873;254755;115174;19.3;8.7
91;2021-05-06;5247;3373;260002;118547;19.7;9.0
91;2021-05-07;6122;3740;266124;122287;20.2;9.3
91;2021-05-08;6518;965;272642;123252;20.7;9.3
91;2021-05-09;4804;564;277446;123816;21.0;9.4
91;2021-05-10;5901;3002;283347;126818;21.5;9.6
91;2021-05-11;6826;3833;290173;130651;22.0;9.9
91;2021-05-12;5895;3440;296068;134091;22.4;10.2
91;2021-05-13;4825;1082;300893;135173;22.8;10.2
91;2021-05-14;6549;2395;307442;137568;23.3;10.4
91;2021-05-15;7792;1928;315234;139496;23.9;10.6
91;2021-05-16;4583;371;319817;139867;24.2;10.6
91;2021-05-17;6951;1703;326768;141570;24.8;10.7
91;2021-05-18;8120;1739;334888;143309;25.4;10.9
91;2021-05-19;7098;1694;341986;145003;25.9;11.0
91;2021-05-20;8200;2140;350186;147143;26.5;11.2
91;2021-05-21;8144;2580;358330;149723;27.2;11.3
91;2021-05-22;7660;1538;365990;151261;27.7;11.5
91;2021-05-23;4792;534;370782;151795;28.1;11.5
91;2021-05-24;5013;595;375795;152390;28.5;11.5
91;2021-05-25;7621;2652;383416;155042;29.1;11.8
91;2021-05-26;6874;2941;390290;157983;29.6;12.0
91;2021-05-27;7971;3438;398261;161421;30.2;12.2
91;2021-05-28;7534;4323;405795;165744;30.8;12.6
91;2021-05-29;9301;3501;415096;169245;31.5;12.8
91;2021-05-30;5948;963;421044;170208;31.9;12.9
91;2021-05-31;6738;3696;427782;173904;32.4;13.2
91;2021-06-01;7787;4764;435569;178668;33.0;13.5
91;2021-06-02;7454;3949;443023;182617;33.6;13.8
91;2021-06-03;7859;4777;450882;187394;34.2;14.2
91;2021-06-04;7192;5716;458074;193110;34.7;14.6
91;2021-06-05;6385;5819;464459;198929;35.2;15.1
91;2021-06-06;4087;2512;468546;201441;35.5;15.3
91;2021-06-07;5878;5478;474424;206919;36.0;15.7
91;2021-06-08;7038;5793;481462;212712;36.5;16.1
91;2021-06-09;6469;5139;487931;217851;37.0;16.5
91;2021-06-10;7177;5779;495108;223630;37.5;16.9
91;2021-06-11;6545;7109;501653;230739;38.0;17.5
91;2021-06-12;6217;7366;507870;238105;38.5;18.0
91;2021-06-13;2845;2314;510715;240419;38.7;18.2
91;2021-06-14;4225;7194;514940;247613;39.0;18.8
91;2021-06-15;5575;7258;520515;254871;39.5;19.3
91;2021-06-16;5297;6445;525812;261316;39.9;19.8
91;2021-06-17;6250;7130;532062;268446;40.3;20.3
91;2021-06-18;4629;8737;536691;277183;40.7;21.0
91;2021-06-19;4189;7153;540880;284336;41.0;21.6
91;2021-06-20;1007;4211;541887;288547;41.1;21.9
91;2021-06-21;3232;7237;545119;295784;41.3;22.4
91;2021-06-22;4157;9230;549276;305014;41.6;23.1
91;2021-06-23;4315;7957;553591;312971;42.0;23.7
91;2021-06-24;4912;8482;558503;321453;42.3;24.4
91;2021-06-25;3477;9166;561980;330619;42.6;25.1
91;2021-06-26;2989;8032;564969;338651;42.8;25.7
91;2021-06-27;550;2996;565519;341647;42.9;25.9
91;2021-06-28;3129;8237;568648;349884;43.1;26.5
91;2021-06-29;3588;9632;572236;359516;43.4;27.2
91;2021-06-30;3954;8700;576190;368216;43.7;27.9
91;2021-07-01;4101;8871;580291;377087;44.0;28.6
91;2021-07-02;3774;9316;584065;386403;44.3;29.3
91;2021-07-03;2880;9788;586945;396191;44.5;30.0
91;2021-07-04;852;4725;587797;400916;44.6;30.4
91;2021-07-05;2661;7257;590458;408173;44.8;30.9
91;2021-07-06;3758;9429;594216;417602;45.0;31.7
91;2021-07-07;3806;8591;598022;426193;45.3;32.3
91;2021-07-08;4359;8990;602381;435183;45.7;33.0
91;2021-07-09;3968;9950;606349;445133;46.0;33.7
91;2021-07-10;3397;10235;609746;455368;46.2;34.5
91;2021-07-11;986;4803;610732;460171;46.3;34.9
91;2021-07-12;2803;8887;613535;469058;46.5;35.6
91;2021-07-13;4467;10391;618002;479449;46.8;36.3
91;2021-07-14;2303;3585;620305;483034;47.0;36.6
91;2021-07-15;4537;9824;624842;492858;47.4;37.4
91;2021-07-16;6287;9765;631129;502623;47.8;38.1
91;2021-07-17;5750;9067;636879;511690;48.3;38.8
91;2021-07-18;3401;3684;640280;515374;48.5;39.1
91;2021-07-19;3778;7534;644058;522908;48.8;39.6
91;2021-07-20;6073;9307;650131;532215;49.3;40.3
91;2021-07-21;6250;7731;656381;539946;49.7;40.9
91;2021-07-22;6498;8400;662879;548346;50.2;41.6
91;2021-07-23;6925;8286;669804;556632;50.8;42.2
91;2021-07-24;5013;6476;674817;563108;51.1;42.7
91;2021-07-25;3267;1408;678084;564516;51.4;42.8
91;2021-07-26;4934;6592;683018;571108;51.8;43.3
91;2021-07-27;7564;7082;690582;578190;52.3;43.8
91;2021-07-28;7365;5923;697947;584113;52.9;44.3
91;2021-07-29;7397;5911;705344;590024;53.5;44.7
91;2021-07-30;6913;5782;712257;595806;54.0;45.2
91;2021-07-31;4910;4789;717167;600595;54.4;45.5
91;2021-08-01;2660;1338;719827;601933;54.6;45.6
91;2021-08-02;4773;4235;724600;606168;54.9;45.9
91;2021-08-03;5891;4693;730491;610861;55.4;46.3
91;2021-08-04;5699;4140;736190;615001;55.8;46.6
91;2021-08-05;5602;4270;741792;619271;56.2;46.9
91;2021-08-06;5708;5626;747500;624897;56.7;47.4
91;2021-08-07;3084;2419;750584;627316;56.9;47.5
91;2021-08-08;621;1102;751205;628418;56.9;47.6
91;2021-08-09;3832;3975;755037;632393;57.2;47.9
91;2021-08-10;4648;4552;759685;636945;57.6;48.3
91;2021-08-11;4150;4486;763835;641431;57.9;48.6
91;2021-08-12;4087;4781;767922;646212;58.2;49.0
91;2021-08-13;4300;4865;772222;651077;58.5;49.3
91;2021-08-14;2245;2402;774467;653479;58.7;49.5
91;2021-08-15;95;171;774562;653650;58.7;49.5
91;2021-08-16;3075;4659;777637;658309;58.9;49.9
91;2021-08-17;3651;5817;781288;664126;59.2;50.3
91;2021-08-18;3026;5795;784314;669921;59.4;50.8
91;2021-08-19;3478;5773;787792;675694;59.7;51.2
91;2021-08-20;3215;6959;791007;682653;60.0;51.7
91;2021-08-21;2465;3355;793472;686008;60.1;52.0
91;2021-08-22;738;1297;794210;687305;60.2;52.1
91;2021-08-23;2419;5312;796629;692617;60.4;52.5
91;2021-08-24;2981;6959;799610;699576;60.6;53.0
91;2021-08-25;3421;6721;803031;706297;60.9;53.5
91;2021-08-26;2748;5951;805779;712248;61.1;54.0
91;2021-08-27;2833;7503;808612;719751;61.3;54.6
91;2021-08-28;2386;4836;810998;724587;61.5;54.9
91;2021-08-29;1772;2793;812770;727380;61.6;55.1
91;2021-08-30;1790;5610;814560;732990;61.7;55.6
91;2021-08-31;2255;6096;816815;739086;61.9;56.0
91;2021-09-01;2434;4607;819249;743693;62.1;56.4
91;2021-09-02;1904;3900;821153;747593;62.2;56.7
91;2021-09-03;2144;4972;823297;752565;62.4;57.0
91;2021-09-04;2064;4233;825361;756798;62.6;57.4
91;2021-09-05;746;943;826107;757741;62.6;57.4
91;2021-09-06;1663;3503;827770;761244;62.7;57.7
91;2021-09-07;1546;3281;829316;764525;62.9;57.9
91;2021-09-08;1778;3549;831094;768074;63.0;58.2
91;2021-09-09;1281;3363;832375;771437;63.1;58.5
91;2021-09-10;1779;4032;834154;775469;63.2;58.8
91;2021-09-11;1736;4472;835890;779941;63.4;59.1
91;2021-09-12;623;1029;836513;780970;63.4;59.2
91;2021-09-13;1261;2909;837774;783879;63.5;59.4
91;2021-09-14;1787;3500;839561;787379;63.6;59.7
91;2021-09-15;1617;3284;841178;790663;63.8;59.9
91;2021-09-16;1472;2377;842650;793040;63.9;60.1
91;2021-09-17;1435;2992;844085;796032;64.0;60.3
91;2021-09-18;1384;3664;845469;799696;64.1;60.6
91;2021-09-19;455;1146;845924;800842;64.1;60.7
91;2021-09-20;752;1596;846676;802438;64.2;60.8
91;2021-09-21;879;1742;847555;804180;64.2;61.0
91;2021-09-22;917;2635;848472;806815;64.3;61.2
91;2021-09-23;918;1730;849390;808545;64.4;61.3
91;2021-09-24;893;2195;850283;810740;64.4;61.4
91;2021-09-25;1049;3479;851332;814219;64.5;61.7
91;2021-09-26;220;820;851552;815039;64.5;61.8
91;2021-09-27;724;1567;852276;816606;64.6;61.9
91;2021-09-28;872;1436;853148;818042;64.7;62.0
92;2020-12-27;42;0;42;0;0.0;0.0
92;2020-12-28;28;0;70;0;0.0;0.0
92;2020-12-29;65;0;135;0;0.0;0.0
92;2020-12-30;52;0;187;0;0.0;0.0
92;2020-12-31;13;0;200;0;0.0;0.0
92;2021-01-01;34;0;234;0;0.0;0.0
92;2021-01-02;14;0;248;0;0.0;0.0
92;2021-01-03;16;0;264;0;0.0;0.0
92;2021-01-04;77;1;341;1;0.0;0.0
92;2021-01-05;236;1;577;2;0.0;0.0
92;2021-01-06;417;3;994;5;0.1;0.0
92;2021-01-07;674;4;1668;9;0.1;0.0
92;2021-01-08;849;4;2517;13;0.2;0.0
92;2021-01-09;130;1;2647;14;0.2;0.0
92;2021-01-10;51;0;2698;14;0.2;0.0
92;2021-01-11;852;5;3550;19;0.2;0.0
92;2021-01-12;1307;9;4857;28;0.3;0.0
92;2021-01-13;1252;13;6109;41;0.4;0.0
92;2021-01-14;1237;16;7346;57;0.5;0.0
92;2021-01-15;986;7;8332;64;0.5;0.0
92;2021-01-16;185;1;8517;65;0.5;0.0
92;2021-01-17;30;0;8547;65;0.5;0.0
92;2021-01-18;1554;20;10101;85;0.6;0.0
92;2021-01-19;1571;20;11672;105;0.7;0.0
92;2021-01-20;1820;11;13492;116;0.8;0.0
92;2021-01-21;3455;21;16947;137;1.1;0.0
92;2021-01-22;2624;40;19571;177;1.2;0.0
92;2021-01-23;153;0;19724;177;1.2;0.0
92;2021-01-24;32;0;19756;177;1.2;0.0
92;2021-01-25;861;13;20617;190;1.3;0.0
92;2021-01-26;1218;10;21835;200;1.4;0.0
92;2021-01-27;2226;90;24061;290;1.5;0.0
92;2021-01-28;4201;175;28262;465;1.8;0.0
92;2021-01-29;2719;232;30981;697;1.9;0.0
92;2021-01-30;325;11;31306;708;1.9;0.0
92;2021-01-31;35;1;31341;709;1.9;0.0
92;2021-02-01;876;290;32217;999;2.0;0.1
92;2021-02-02;1069;320;33286;1319;2.1;0.1
92;2021-02-03;1004;412;34290;1731;2.1;0.1
92;2021-02-04;1055;485;35345;2216;2.2;0.1
92;2021-02-05;1336;457;36681;2673;2.3;0.2
92;2021-02-06;127;18;36808;2691;2.3;0.2
92;2021-02-07;23;13;36831;2704;2.3;0.2
92;2021-02-08;586;625;37417;3329;2.3;0.2
92;2021-02-09;1072;1146;38489;4475;2.4;0.3
92;2021-02-10;1090;1190;39579;5665;2.5;0.4
92;2021-02-11;1516;1690;41095;7355;2.5;0.5
92;2021-02-12;1424;1372;42519;8727;2.6;0.5
92;2021-02-13;79;57;42598;8784;2.6;0.5
92;2021-02-14;29;0;42627;8784;2.6;0.5
92;2021-02-15;583;1227;43210;10011;2.7;0.6
92;2021-02-16;791;1610;44001;11621;2.7;0.7
92;2021-02-17;626;1475;44627;13096;2.8;0.8
92;2021-02-18;1581;2918;46208;16014;2.9;1.0
92;2021-02-19;1735;2270;47943;18284;3.0;1.1
92;2021-02-20;147;337;48090;18621;3.0;1.2
92;2021-02-21;47;49;48137;18670;3.0;1.2
92;2021-02-22;504;964;48641;19634;3.0;1.2
92;2021-02-23;742;1069;49383;20703;3.1;1.3
92;2021-02-24;616;1017;49999;21720;3.1;1.3
92;2021-02-25;928;1422;50927;23142;3.2;1.4
92;2021-02-26;1465;1119;52392;24261;3.2;1.5
92;2021-02-27;506;167;52898;24428;3.3;1.5
92;2021-02-28;75;44;52973;24472;3.3;1.5
92;2021-03-01;1104;813;54077;25285;3.4;1.6
92;2021-03-02;1983;1081;56060;26366;3.5;1.6
92;2021-03-03;2806;898;58866;27264;3.6;1.7
92;2021-03-04;3604;1268;62470;28532;3.9;1.8
92;2021-03-05;4985;1452;67455;29984;4.2;1.9
92;2021-03-06;5723;322;73178;30306;4.5;1.9
92;2021-03-07;2908;228;76086;30534;4.7;1.9
92;2021-03-08;2424;691;78510;31225;4.9;1.9
92;2021-03-09;3449;873;81959;32098;5.1;2.0
92;2021-03-10;3949;875;85908;32973;5.3;2.0
92;2021-03-11;5024;1296;90932;34269;5.6;2.1
92;2021-03-12;6777;1470;97709;35739;6.1;2.2
92;2021-03-13;5162;236;102871;35975;6.4;2.2
92;2021-03-14;1745;76;104616;36051;6.5;2.2
92;2021-03-15;3808;586;108424;36637;6.7;2.3
92;2021-03-16;3697;562;112121;37199;6.9;2.3
92;2021-03-17;3879;417;116000;37616;7.2;2.3
92;2021-03-18;4145;737;120145;38353;7.4;2.4
92;2021-03-19;5934;718;126079;39071;7.8;2.4
92;2021-03-20;2540;75;128619;39146;8.0;2.4
92;2021-03-21;154;29;128773;39175;8.0;2.4
92;2021-03-22;4119;475;132892;39650;8.2;2.5
92;2021-03-23;6110;862;139002;40512;8.6;2.5
92;2021-03-24;6382;656;145384;41168;9.0;2.6
92;2021-03-25;8443;643;153827;41811;9.5;2.6
92;2021-03-26;8359;891;162186;42702;10.1;2.6
92;2021-03-27;2837;279;165023;42981;10.2;2.7
92;2021-03-28;543;39;165566;43020;10.3;2.7
92;2021-03-29;4668;1054;170234;44074;10.5;2.7
92;2021-03-30;6394;1544;176628;45618;10.9;2.8
92;2021-03-31;5555;2232;182183;47850;11.3;3.0
92;2021-04-01;6275;3663;188458;51513;11.7;3.2
92;2021-04-02;5639;3411;194097;54924;12.0;3.4
92;2021-04-03;876;1409;194973;56333;12.1;3.5
92;2021-04-04;492;1053;195465;57386;12.1;3.6
92;2021-04-05;816;157;196281;57543;12.2;3.6
92;2021-04-06;3667;1945;199948;59488;12.4;3.7
92;2021-04-07;5003;2887;204951;62375;12.7;3.9
92;2021-04-08;5991;3182;210942;65557;13.1;4.1
92;2021-04-09;8035;3048;218977;68605;13.6;4.3
92;2021-04-10;2641;1290;221618;69895;13.7;4.3
92;2021-04-11;165;805;221783;70700;13.7;4.4
92;2021-04-12;3686;2511;225469;73211;14.0;4.5
92;2021-04-13;4387;4420;229856;77631;14.2;4.8
92;2021-04-14;4875;4037;234731;81668;14.5;5.1
92;2021-04-15;5302;3951;240033;85619;14.9;5.3
92;2021-04-16;5076;3855;245109;89474;15.2;5.5
92;2021-04-17;1806;1188;246915;90662;15.3;5.6
92;2021-04-18;351;94;247266;90756;15.3;5.6
92;2021-04-19;2819;2842;250085;93598;15.5;5.8
92;2021-04-20;4197;3757;254282;97355;15.8;6.0
92;2021-04-21;4616;4514;258898;101869;16.0;6.3
92;2021-04-22;4662;5121;263560;106990;16.3;6.6
92;2021-04-23;5252;4699;268812;111689;16.7;6.9
92;2021-04-24;4942;1902;273754;113591;17.0;7.0
92;2021-04-25;1792;148;275546;113739;17.1;7.0
92;2021-04-26;4002;3617;279548;117356;17.3;7.3
92;2021-04-27;6047;5252;285595;122608;17.7;7.6
92;2021-04-28;7382;4489;292977;127097;18.2;7.9
92;2021-04-29;7989;4767;300966;131864;18.6;8.2
92;2021-04-30;8847;4838;309813;136702;19.2;8.5
92;2021-05-01;1201;405;311014;137107;19.3;8.5
92;2021-05-02;667;139;311681;137246;19.3;8.5
92;2021-05-03;6785;3879;318466;141125;19.7;8.7
92;2021-05-04;10429;4355;328895;145480;20.4;9.0
92;2021-05-05;10075;5243;338970;150723;21.0;9.3
92;2021-05-06;11426;4897;350396;155620;21.7;9.6
92;2021-05-07;9869;5293;360265;160913;22.3;10.0
92;2021-05-08;7215;1921;367480;162834;22.8;10.1
92;2021-05-09;3787;600;371267;163434;23.0;10.1
92;2021-05-10;9546;3995;380813;167429;23.6;10.4
92;2021-05-11;13978;5682;394791;173111;24.5;10.7
92;2021-05-12;14286;4577;409077;177688;25.3;11.0
92;2021-05-13;9167;903;418244;178591;25.9;11.1
92;2021-05-14;12030;2303;430274;180894;26.7;11.2
92;2021-05-15;8392;1226;438666;182120;27.2;11.3
92;2021-05-16;4141;453;442807;182573;27.4;11.3
92;2021-05-17;10647;2216;453454;184789;28.1;11.5
92;2021-05-18;16412;3117;469866;187906;29.1;11.6
92;2021-05-19;16038;3715;485904;191621;30.1;11.9
92;2021-05-20;16836;3980;502740;195601;31.2;12.1
92;2021-05-21;14071;3613;516811;199214;32.0;12.3
92;2021-05-22;8318;1512;525129;200726;32.5;12.4
92;2021-05-23;4082;454;529211;201180;32.8;12.5
92;2021-05-24;6119;855;535330;202035;33.2;12.5
92;2021-05-25;13110;4563;548440;206598;34.0;12.8
92;2021-05-26;11924;5036;560364;211634;34.7;13.1
92;2021-05-27;12735;6324;573099;217958;35.5;13.5
92;2021-05-28;11232;6276;584331;224234;36.2;13.9
92;2021-05-29;5451;2305;589782;226539;36.5;14.0
92;2021-05-30;2252;389;592034;226928;36.7;14.1
92;2021-05-31;12049;5296;604083;232224;37.4;14.4
92;2021-06-01;12633;7632;616716;239856;38.2;14.9
92;2021-06-02;14378;7203;631094;247059;39.1;15.3
92;2021-06-03;14596;8022;645690;255081;40.0;15.8
92;2021-06-04;12234;8219;657924;263300;40.8;16.3
92;2021-06-05;7382;6229;665306;269529;41.2;16.7
92;2021-06-06;3597;1675;668903;271204;41.4;16.8
92;2021-06-07;11433;7635;680336;278839;42.2;17.3
92;2021-06-08;12761;9602;693097;288441;42.9;17.9
92;2021-06-09;11659;9472;704756;297913;43.7;18.5
92;2021-06-10;11965;10563;716721;308476;44.4;19.1
92;2021-06-11;8150;11033;724871;319509;44.9;19.8
92;2021-06-12;6364;5091;731235;324600;45.3;20.1
92;2021-06-13;3969;2720;735204;327320;45.6;20.3
92;2021-06-14;5211;11169;740415;338489;45.9;21.0
92;2021-06-15;6535;13122;746950;351611;46.3;21.8
92;2021-06-16;6949;12990;753899;364601;46.7;22.6
92;2021-06-17;7429;13999;761328;378600;47.2;23.5
92;2021-06-18;6904;14385;768232;392985;47.6;24.4
92;2021-06-19;3965;9106;772197;402091;47.9;24.9
92;2021-06-20;1968;5607;774165;407698;48.0;25.3
92;2021-06-21;4837;12274;779002;419972;48.3;26.0
92;2021-06-22;5878;17536;784880;437508;48.6;27.1
92;2021-06-23;5483;15990;790363;453498;49.0;28.1
92;2021-06-24;6208;15118;796571;468616;49.4;29.0
92;2021-06-25;5118;16098;801689;484714;49.7;30.0
92;2021-06-26;4069;10454;805758;495168;49.9;30.7
92;2021-06-27;1858;6046;807616;501214;50.0;31.1
92;2021-06-28;3673;12047;811289;513261;50.3;31.8
92;2021-06-29;4679;18150;815968;531411;50.6;32.9
92;2021-06-30;4454;16226;820422;547637;50.8;33.9
92;2021-07-01;5527;16303;825949;563940;51.2;34.9
92;2021-07-02;4941;15278;830890;579218;51.5;35.9
92;2021-07-03;3304;10185;834194;589403;51.7;36.5
92;2021-07-04;1124;4208;835318;593611;51.8;36.8
92;2021-07-05;4825;12330;840143;605941;52.1;37.5
92;2021-07-06;5284;15810;845427;621751;52.4;38.5
92;2021-07-07;4266;11459;849693;633210;52.7;39.2
92;2021-07-08;5409;14638;855102;647848;53.0;40.1
92;2021-07-09;5896;14203;860998;662051;53.4;41.0
92;2021-07-10;4377;8456;865375;670507;53.6;41.5
92;2021-07-11;1486;2615;866861;673122;53.7;41.7
92;2021-07-12;4416;14640;871277;687762;54.0;42.6
92;2021-07-13;7883;17456;879160;705218;54.5;43.7
92;2021-07-14;5113;5745;884273;710963;54.8;44.1
92;2021-07-15;9569;16254;893842;727217;55.4;45.1
92;2021-07-16;9063;14184;902905;741401;56.0;45.9
92;2021-07-17;6581;7603;909486;749004;56.4;46.4
92;2021-07-18;1841;2482;911327;751486;56.5;46.6
92;2021-07-19;6480;13196;917807;764682;56.9;47.4
92;2021-07-20;10090;14104;927897;778786;57.5;48.3
92;2021-07-21;10465;12122;938362;790908;58.1;49.0
92;2021-07-22;12056;12992;950418;803900;58.9;49.8
92;2021-07-23;11590;11357;962008;815257;59.6;50.5
92;2021-07-24;6732;6267;968740;821524;60.0;50.9
92;2021-07-25;2778;2329;971518;823853;60.2;51.1
92;2021-07-26;9488;9178;981006;833031;60.8;51.6
92;2021-07-27;11519;9618;992525;842649;61.5;52.2
92;2021-07-28;12949;8205;1005474;850854;62.3;52.7
92;2021-07-29;10452;8635;1015926;859489;63.0;53.3
92;2021-07-30;9128;8359;1025054;867848;63.5;53.8
92;2021-07-31;5699;4816;1030753;872664;63.9;54.1
92;2021-08-01;2215;1300;1032968;873964;64.0;54.2
92;2021-08-02;4685;4935;1037653;878899;64.3;54.5
92;2021-08-03;5141;6147;1042794;885046;64.6;54.8
92;2021-08-04;4772;4874;1047566;889920;64.9;55.1
92;2021-08-05;4523;5686;1052089;895606;65.2;55.5
92;2021-08-06;4549;5971;1056638;901577;65.5;55.9
92;2021-08-07;2833;4181;1059471;905758;65.7;56.1
92;2021-08-08;963;1082;1060434;906840;65.7;56.2
92;2021-08-09;3211;4253;1063645;911093;65.9;56.5
92;2021-08-10;3827;5615;1067472;916708;66.1;56.8
92;2021-08-11;3236;4436;1070708;921144;66.3;57.1
92;2021-08-12;3393;5602;1074101;926746;66.6;57.4
92;2021-08-13;2995;5145;1077096;931891;66.7;57.7
92;2021-08-14;1885;3930;1078981;935821;66.9;58.0
92;2021-08-15;587;839;1079568;936660;66.9;58.0
92;2021-08-16;2399;5324;1081967;941984;67.0;58.4
92;2021-08-17;2634;6989;1084601;948973;67.2;58.8
92;2021-08-18;2426;5255;1087027;954228;67.4;59.1
92;2021-08-19;2519;5745;1089546;959973;67.5;59.5
92;2021-08-20;2271;5194;1091817;965167;67.7;59.8
92;2021-08-21;1386;4221;1093203;969388;67.7;60.1
92;2021-08-22;426;1598;1093629;970986;67.8;60.2
92;2021-08-23;2493;6598;1096122;977584;67.9;60.6
92;2021-08-24;3152;8348;1099274;985932;68.1;61.1
92;2021-08-25;2859;7582;1102133;993514;68.3;61.6
92;2021-08-26;3012;7575;1105145;1001089;68.5;62.0
92;2021-08-27;3090;7010;1108235;1008099;68.7;62.5
92;2021-08-28;1613;4517;1109848;1012616;68.8;62.7
92;2021-08-29;345;789;1110193;1013405;68.8;62.8
92;2021-08-30;2248;4899;1112441;1018304;68.9;63.1
92;2021-08-31;3090;7040;1115531;1025344;69.1;63.5
92;2021-09-01;3274;7606;1118805;1032950;69.3;64.0
92;2021-09-02;2628;6831;1121433;1039781;69.5;64.4
92;2021-09-03;2661;6595;1124094;1046376;69.7;64.8
92;2021-09-04;2199;5054;1126293;1051430;69.8;65.2
92;2021-09-05;444;1051;1126737;1052481;69.8;65.2
92;2021-09-06;1306;3705;1128043;1056186;69.9;65.4
92;2021-09-07;1685;4196;1129728;1060382;70.0;65.7
92;2021-09-08;2175;4318;1131903;1064700;70.1;66.0
92;2021-09-09;1218;3272;1133121;1067972;70.2;66.2
92;2021-09-10;1772;4249;1134893;1072221;70.3;66.4
92;2021-09-11;1547;2937;1136440;1075158;70.4;66.6
92;2021-09-12;209;466;1136649;1075624;70.4;66.7
92;2021-09-13;1100;3090;1137749;1078714;70.5;66.8
92;2021-09-14;1224;3591;1138973;1082305;70.6;67.1
92;2021-09-15;1579;3627;1140552;1085932;70.7;67.3
92;2021-09-16;1077;2153;1141629;1088085;70.7;67.4
92;2021-09-17;1428;3094;1143057;1091179;70.8;67.6
92;2021-09-18;930;2230;1143987;1093409;70.9;67.8
92;2021-09-19;129;292;1144116;1093701;70.9;67.8
92;2021-09-20;774;1829;1144890;1095530;70.9;67.9
92;2021-09-21;779;1867;1145669;1097397;71.0;68.0
92;2021-09-22;1074;3812;1146743;1101209;71.1;68.2
92;2021-09-23;733;1816;1147476;1103025;71.1;68.4
92;2021-09-24;1086;2846;1148562;1105871;71.2;68.5
92;2021-09-25;615;2205;1149177;1108076;71.2;68.7
92;2021-09-26;95;249;1149272;1108325;71.2;68.7
92;2021-09-27;757;1615;1150029;1109940;71.3;68.8
92;2021-09-28;772;1567;1150801;1111507;71.3;68.9
93;2020-12-27;12;3;12;3;0.0;0.0
93;2020-12-28;6;0;18;3;0.0;0.0
93;2020-12-29;2;0;20;3;0.0;0.0
93;2020-12-30;44;1;64;4;0.0;0.0
93;2020-12-31;10;0;74;4;0.0;0.0
93;2021-01-01;5;0;79;4;0.0;0.0
93;2021-01-02;0;0;79;4;0.0;0.0
93;2021-01-03;4;0;83;4;0.0;0.0
93;2021-01-04;3;0;86;4;0.0;0.0
93;2021-01-05;66;1;152;5;0.0;0.0
93;2021-01-06;179;0;331;5;0.0;0.0
93;2021-01-07;381;1;712;6;0.0;0.0
93;2021-01-08;632;1;1344;7;0.1;0.0
93;2021-01-09;21;0;1365;7;0.1;0.0
93;2021-01-10;2;0;1367;7;0.1;0.0
93;2021-01-11;505;3;1872;10;0.1;0.0
93;2021-01-12;753;7;2625;17;0.2;0.0
93;2021-01-13;751;6;3376;23;0.2;0.0
93;2021-01-14;689;18;4065;41;0.2;0.0
93;2021-01-15;515;3;4580;44;0.3;0.0
93;2021-01-16;138;3;4718;47;0.3;0.0
93;2021-01-17;6;1;4724;48;0.3;0.0
93;2021-01-18;1198;11;5922;59;0.4;0.0
93;2021-01-19;1613;17;7535;76;0.5;0.0
93;2021-01-20;1556;18;9091;94;0.5;0.0
93;2021-01-21;1921;35;11012;129;0.7;0.0
93;2021-01-22;1391;14;12403;143;0.7;0.0
93;2021-01-23;713;4;13116;147;0.8;0.0
93;2021-01-24;0;0;13116;147;0.8;0.0
93;2021-01-25;1208;13;14324;160;0.9;0.0
93;2021-01-26;1295;28;15619;188;0.9;0.0
93;2021-01-27;2158;63;17777;251;1.1;0.0
93;2021-01-28;2267;172;20044;423;1.2;0.0
93;2021-01-29;1625;206;21669;629;1.3;0.0
93;2021-01-30;927;36;22596;665;1.4;0.0
93;2021-01-31;9;5;22605;670;1.4;0.0
93;2021-02-01;1186;146;23791;816;1.4;0.0
93;2021-02-02;1171;284;24962;1100;1.5;0.1
93;2021-02-03;1231;389;26193;1489;1.6;0.1
93;2021-02-04;926;538;27119;2027;1.6;0.1
93;2021-02-05;799;396;27918;2423;1.7;0.1
93;2021-02-06;694;64;28612;2487;1.7;0.1
93;2021-02-07;6;0;28618;2487;1.7;0.1
93;2021-02-08;913;546;29531;3033;1.8;0.2
93;2021-02-09;851;552;30382;3585;1.8;0.2
93;2021-02-10;882;616;31264;4201;1.9;0.3
93;2021-02-11;1244;719;32508;4920;1.9;0.3
93;2021-02-12;1041;565;33549;5485;2.0;0.3
93;2021-02-13;395;209;33944;5694;2.0;0.3
93;2021-02-14;13;58;33957;5752;2.0;0.3
93;2021-02-15;415;906;34372;6658;2.1;0.4
93;2021-02-16;550;989;34922;7647;2.1;0.5
93;2021-02-17;541;1326;35463;8973;2.1;0.5
93;2021-02-18;1135;1630;36598;10603;2.2;0.6
93;2021-02-19;993;1290;37591;11893;2.3;0.7
93;2021-02-20;303;529;37894;12422;2.3;0.7
93;2021-02-21;10;24;37904;12446;2.3;0.7
93;2021-02-22;602;985;38506;13431;2.3;0.8
93;2021-02-23;562;874;39068;14305;2.3;0.9
93;2021-02-24;643;959;39711;15264;2.4;0.9
93;2021-02-25;901;863;40612;16127;2.4;1.0
93;2021-02-26;1121;819;41733;16946;2.5;1.0
93;2021-02-27;543;515;42276;17461;2.5;1.0
93;2021-02-28;88;57;42364;17518;2.5;1.0
93;2021-03-01;1083;854;43447;18372;2.6;1.1
93;2021-03-02;1447;949;44894;19321;2.7;1.2
93;2021-03-03;1745;1018;46639;20339;2.8;1.2
93;2021-03-04;2717;1019;49356;21358;3.0;1.3
93;2021-03-05;3822;802;53178;22160;3.2;1.3
93;2021-03-06;5050;525;58228;22685;3.5;1.4
93;2021-03-07;4299;238;62527;22923;3.7;1.4
93;2021-03-08;2035;1117;64562;24040;3.9;1.4
93;2021-03-09;2915;885;67477;24925;4.0;1.5
93;2021-03-10;2860;1032;70337;25957;4.2;1.6
93;2021-03-11;3574;1184;73911;27141;4.4;1.6
93;2021-03-12;4124;1247;78035;28388;4.7;1.7
93;2021-03-13;4289;611;82324;28999;4.9;1.7
93;2021-03-14;884;70;83208;29069;5.0;1.7
93;2021-03-15;3556;660;86764;29729;5.2;1.8
93;2021-03-16;3159;606;89923;30335;5.4;1.8
93;2021-03-17;2656;597;92579;30932;5.5;1.9
93;2021-03-18;3314;716;95893;31648;5.7;1.9
93;2021-03-19;3767;633;99660;32281;6.0;1.9
93;2021-03-20;3460;300;103120;32581;6.2;2.0
93;2021-03-21;814;266;103934;32847;6.2;2.0
93;2021-03-22;3851;617;107785;33464;6.5;2.0
93;2021-03-23;4767;808;112552;34272;6.7;2.1
93;2021-03-24;4114;685;116666;34957;7.0;2.1
93;2021-03-25;5586;870;122252;35827;7.3;2.1
93;2021-03-26;5547;893;127799;36720;7.7;2.2
93;2021-03-27;4283;322;132082;37042;7.9;2.2
93;2021-03-28;613;42;132695;37084;7.9;2.2
93;2021-03-29;3851;964;136546;38048;8.2;2.3
93;2021-03-30;4726;1269;141272;39317;8.5;2.4
93;2021-03-31;3914;1247;145186;40564;8.7;2.4
93;2021-04-01;4055;3140;149241;43704;8.9;2.6
93;2021-04-02;3224;3552;152465;47256;9.1;2.8
93;2021-04-03;2518;2259;154983;49515;9.3;3.0
93;2021-04-04;764;160;155747;49675;9.3;3.0
93;2021-04-05;708;87;156455;49762;9.4;3.0
93;2021-04-06;4563;2351;161018;52113;9.6;3.1
93;2021-04-07;4902;2093;165920;54206;9.9;3.2
93;2021-04-08;5814;2683;171734;56889;10.3;3.4
93;2021-04-09;6097;3178;177831;60067;10.6;3.6
93;2021-04-10;4198;2484;182029;62551;10.9;3.7
93;2021-04-11;575;434;182604;62985;10.9;3.8
93;2021-04-12;4100;2914;186704;65899;11.2;3.9
93;2021-04-13;4606;3650;191310;69549;11.5;4.2
93;2021-04-14;4366;2476;195676;72025;11.7;4.3
93;2021-04-15;4557;3036;200233;75061;12.0;4.5
93;2021-04-16;4442;2991;204675;78052;12.3;4.7
93;2021-04-17;3517;2500;208192;80552;12.5;4.8
93;2021-04-18;290;434;208482;80986;12.5;4.8
93;2021-04-19;3776;2864;212258;83850;12.7;5.0
93;2021-04-20;4307;3262;216565;87112;13.0;5.2
93;2021-04-21;4145;2768;220710;89880;13.2;5.4
93;2021-04-22;4512;4021;225222;93901;13.5;5.6
93;2021-04-23;5626;3244;230848;97145;13.8;5.8
93;2021-04-24;5921;3326;236769;100471;14.2;6.0
93;2021-04-25;1733;598;238502;101069;14.3;6.1
93;2021-04-26;4864;3076;243366;104145;14.6;6.2
93;2021-04-27;6453;3621;249819;107766;15.0;6.5
93;2021-04-28;6071;3430;255890;111196;15.3;6.7
93;2021-04-29;7301;3243;263191;114439;15.8;6.9
93;2021-04-30;8268;3114;271459;117553;16.3;7.0
93;2021-05-01;4948;1191;276407;118744;16.5;7.1
93;2021-05-02;419;646;276826;119390;16.6;7.1
93;2021-05-03;8171;5115;284997;124505;17.1;7.5
93;2021-05-04;7822;5395;292819;129900;17.5;7.8
93;2021-05-05;7575;4803;300394;134703;18.0;8.1
93;2021-05-06;8250;4777;308644;139480;18.5;8.4
93;2021-05-07;7013;5426;315657;144906;18.9;8.7
93;2021-05-08;8363;2392;324020;147298;19.4;8.8
93;2021-05-09;6125;1368;330145;148666;19.8;8.9
93;2021-05-10;8255;4071;338400;152737;20.3;9.1
93;2021-05-11;9309;4799;347709;157536;20.8;9.4
93;2021-05-12;9193;3655;356902;161191;21.4;9.7
93;2021-05-13;8301;1652;365203;162843;21.9;9.8
93;2021-05-14;10420;3527;375623;166370;22.5;10.0
93;2021-05-15;11124;3008;386747;169378;23.2;10.1
93;2021-05-16;5558;727;392305;170105;23.5;10.2
93;2021-05-17;11904;2268;404209;172373;24.2;10.3
93;2021-05-18;14098;2388;418307;174761;25.0;10.5
93;2021-05-19;11430;2943;429737;177704;25.7;10.6
93;2021-05-20;12623;3485;442360;181189;26.5;10.8
93;2021-05-21;13015;2884;455375;184073;27.3;11.0
93;2021-05-22;12377;2199;467752;186272;28.0;11.2
93;2021-05-23;8478;1106;476230;187378;28.5;11.2
93;2021-05-24;11206;1941;487436;189319;29.2;11.3
93;2021-05-25;12290;4318;499726;193637;29.9;11.6
93;2021-05-26;11078;3758;510804;197395;30.6;11.8
93;2021-05-27;12708;3894;523512;201289;31.3;12.1
93;2021-05-28;12653;5255;536165;206544;32.1;12.4
93;2021-05-29;11395;4264;547560;210808;32.8;12.6
93;2021-05-30;8211;1380;555771;212188;33.3;12.7
93;2021-05-31;9180;5173;564951;217361;33.8;13.0
93;2021-06-01;11398;6277;576349;223638;34.5;13.4
93;2021-06-02;10718;5194;587067;228832;35.2;13.7
93;2021-06-03;10813;5517;597880;234349;35.8;14.0
93;2021-06-04;10591;7790;608471;242139;36.4;14.5
93;2021-06-05;9018;7357;617489;249496;37.0;14.9
93;2021-06-06;8403;1746;625892;251242;37.5;15.0
93;2021-06-07;10065;7511;635957;258753;38.1;15.5
93;2021-06-08;10366;7376;646323;266129;38.7;15.9
93;2021-06-09;10242;7291;656565;273420;39.3;16.4
93;2021-06-10;9011;8194;665576;281614;39.9;16.9
93;2021-06-11;8823;8812;674399;290426;40.4;17.4
93;2021-06-12;9862;6655;684261;297081;41.0;17.8
93;2021-06-13;7168;2130;691429;299211;41.4;17.9
93;2021-06-14;5399;9732;696828;308943;41.7;18.5
93;2021-06-15;6235;9659;703063;318602;42.1;19.1
93;2021-06-16;6645;9059;709708;327661;42.5;19.6
93;2021-06-17;5752;8462;715460;336123;42.8;20.1
93;2021-06-18;7226;11120;722686;347243;43.3;20.8
93;2021-06-19;7075;11099;729761;358342;43.7;21.5
93;2021-06-20;4943;6877;734704;365219;44.0;21.9
93;2021-06-21;4071;10728;738775;375947;44.2;22.5
93;2021-06-22;4696;11314;743471;387261;44.5;23.2
93;2021-06-23;4537;10594;748008;397855;44.8;23.8
93;2021-06-24;4199;10297;752207;408152;45.0;24.4
93;2021-06-25;5188;13053;757395;421205;45.3;25.2
93;2021-06-26;5301;13928;762696;435133;45.7;26.1
93;2021-06-27;3285;7104;765981;442237;45.9;26.5
93;2021-06-28;3699;12507;769680;454744;46.1;27.2
93;2021-06-29;4016;12353;773696;467097;46.3;28.0
93;2021-06-30;4144;11302;777840;478399;46.6;28.6
93;2021-07-01;6089;11163;783929;489562;46.9;29.3
93;2021-07-02;5794;12380;789723;501942;47.3;30.1
93;2021-07-03;5550;13463;795273;515405;47.6;30.9
93;2021-07-04;3080;7888;798353;523293;47.8;31.3
93;2021-07-05;4590;10848;802943;534141;48.1;32.0
93;2021-07-06;4849;11759;807792;545900;48.4;32.7
93;2021-07-07;5227;11412;813019;557312;48.7;33.4
93;2021-07-08;5059;10266;818078;567578;49.0;34.0
93;2021-07-09;5923;13034;824001;580612;49.3;34.8
93;2021-07-10;5919;14293;829920;594905;49.7;35.6
93;2021-07-11;3690;9091;833610;603996;49.9;36.2
93;2021-07-12;5606;12078;839216;616074;50.2;36.9
93;2021-07-13;11144;13309;850360;629383;50.9;37.7
93;2021-07-14;10669;6797;861029;636180;51.6;38.1
93;2021-07-15;12553;14138;873582;650318;52.3;38.9
93;2021-07-16;13241;13697;886823;664015;53.1;39.8
93;2021-07-17;11370;13917;898193;677932;53.8;40.6
93;2021-07-18;7395;8959;905588;686891;54.2;41.1
93;2021-07-19;9637;10929;915225;697820;54.8;41.8
93;2021-07-20;12661;10688;927886;708508;55.6;42.4
93;2021-07-21;14408;10955;942294;719463;56.4;43.1
93;2021-07-22;14179;9480;956473;728943;57.3;43.6
93;2021-07-23;14619;10661;971092;739604;58.1;44.3
93;2021-07-24;13920;10649;985012;750253;59.0;44.9
93;2021-07-25;9036;6363;994048;756616;59.5;45.3
93;2021-07-26;12795;7796;1006843;764412;60.3;45.8
93;2021-07-27;15180;7466;1022023;771878;61.2;46.2
93;2021-07-28;15025;8308;1037048;780186;62.1;46.7
93;2021-07-29;13604;7080;1050652;787266;62.9;47.1
93;2021-07-30;14171;7868;1064823;795134;63.8;47.6
93;2021-07-31;12249;7720;1077072;802854;64.5;48.1
93;2021-08-01;7506;4603;1084578;807457;64.9;48.3
93;2021-08-02;11483;5724;1096061;813181;65.6;48.7
93;2021-08-03;8029;6868;1104090;820049;66.1;49.1
93;2021-08-04;8140;8006;1112230;828055;66.6;49.6
93;2021-08-05;6278;6866;1118508;834921;67.0;50.0
93;2021-08-06;7351;8339;1125859;843260;67.4;50.5
93;2021-08-07;7406;9051;1133265;852311;67.9;51.0
93;2021-08-08;4542;5565;1137807;857876;68.1;51.4
93;2021-08-09;7615;8087;1145422;865963;68.6;51.8
93;2021-08-10;7460;8851;1152882;874814;69.0;52.4
93;2021-08-11;7652;9692;1160534;884506;69.5;53.0
93;2021-08-12;6618;9044;1167152;893550;69.9;53.5
93;2021-08-13;6827;9027;1173979;902577;70.3;54.0
93;2021-08-14;6547;10493;1180526;913070;70.7;54.7
93;2021-08-15;2951;3621;1183477;916691;70.9;54.9
93;2021-08-16;6270;11219;1189747;927910;71.2;55.6
93;2021-08-17;6279;10917;1196026;938827;71.6;56.2
93;2021-08-18;5699;11209;1201725;950036;72.0;56.9
93;2021-08-19;5019;9672;1206744;959708;72.3;57.5
93;2021-08-20;5097;11232;1211841;970940;72.6;58.1
93;2021-08-21;4533;11946;1216374;982886;72.8;58.9
93;2021-08-22;2255;7051;1218629;989937;73.0;59.3
93;2021-08-23;4476;9332;1223105;999269;73.2;59.8
93;2021-08-24;4440;8428;1227545;1007697;73.5;60.3
93;2021-08-25;4302;8607;1231847;1016304;73.8;60.9
93;2021-08-26;3768;7105;1235615;1023409;74.0;61.3
93;2021-08-27;4058;8546;1239673;1031955;74.2;61.8
93;2021-08-28;3894;9586;1243567;1041541;74.5;62.4
93;2021-08-29;1805;4801;1245372;1046342;74.6;62.6
93;2021-08-30;3033;7615;1248405;1053957;74.7;63.1
93;2021-08-31;3105;7810;1251510;1061767;74.9;63.6
93;2021-09-01;3476;7770;1254986;1069537;75.1;64.0
93;2021-09-02;2742;6021;1257728;1075558;75.3;64.4
93;2021-09-03;2903;7305;1260631;1082863;75.5;64.8
93;2021-09-04;3389;8959;1264020;1091822;75.7;65.4
93;2021-09-05;1297;3709;1265317;1095531;75.8;65.6
93;2021-09-06;1857;5324;1267174;1100855;75.9;65.9
93;2021-09-07;1832;4848;1269006;1105703;76.0;66.2
93;2021-09-08;2233;5634;1271239;1111337;76.1;66.5
93;2021-09-09;1999;4922;1273238;1116259;76.2;66.8
93;2021-09-10;2732;5757;1275970;1122016;76.4;67.2
93;2021-09-11;2372;7028;1278342;1129044;76.5;67.6
93;2021-09-12;870;2887;1279212;1131931;76.6;67.8
93;2021-09-13;1759;4961;1280971;1136892;76.7;68.1
93;2021-09-14;1908;4605;1282879;1141497;76.8;68.3
93;2021-09-15;1844;4245;1284723;1145742;76.9;68.6
93;2021-09-16;1557;3035;1286280;1148777;77.0;68.8
93;2021-09-17;1949;4543;1288229;1153320;77.1;69.1
93;2021-09-18;1644;5567;1289873;1158887;77.2;69.4
93;2021-09-19;531;2102;1290404;1160989;77.3;69.5
93;2021-09-20;1239;2894;1291643;1163883;77.3;69.7
93;2021-09-21;1007;2483;1292650;1166366;77.4;69.8
93;2021-09-22;1467;3907;1294117;1170273;77.5;70.1
93;2021-09-23;1011;2409;1295128;1172682;77.5;70.2
93;2021-09-24;1324;3411;1296452;1176093;77.6;70.4
93;2021-09-25;1095;4515;1297547;1180608;77.7;70.7
93;2021-09-26;420;1669;1297967;1182277;77.7;70.8
93;2021-09-27;869;2238;1298836;1184515;77.8;70.9
93;2021-09-28;820;2016;1299656;1186531;77.8;71.0
94;2020-12-27;7;0;7;0;0.0;0.0
94;2020-12-28;11;0;18;0;0.0;0.0
94;2020-12-29;0;0;18;0;0.0;0.0
94;2020-12-30;1;0;19;0;0.0;0.0
94;2020-12-31;7;0;26;0;0.0;0.0
94;2021-01-01;4;0;30;0;0.0;0.0
94;2021-01-02;0;0;30;0;0.0;0.0
94;2021-01-03;3;0;33;0;0.0;0.0
94;2021-01-04;39;2;72;2;0.0;0.0
94;2021-01-05;233;2;305;4;0.0;0.0
94;2021-01-06;332;4;637;8;0.0;0.0
94;2021-01-07;694;11;1331;19;0.1;0.0
94;2021-01-08;925;10;2256;29;0.2;0.0
94;2021-01-09;47;0;2303;29;0.2;0.0
94;2021-01-10;18;0;2321;29;0.2;0.0
94;2021-01-11;1015;10;3336;39;0.2;0.0
94;2021-01-12;1343;25;4679;64;0.3;0.0
94;2021-01-13;1408;26;6087;90;0.4;0.0
94;2021-01-14;1543;27;7630;117;0.5;0.0
94;2021-01-15;1222;23;8852;140;0.6;0.0
94;2021-01-16;197;1;9049;141;0.6;0.0
94;2021-01-17;99;0;9148;141;0.7;0.0
94;2021-01-18;1499;25;10647;166;0.8;0.0
94;2021-01-19;1951;27;12598;193;0.9;0.0
94;2021-01-20;2186;25;14784;218;1.1;0.0
94;2021-01-21;3032;17;17816;235;1.3;0.0
94;2021-01-22;2192;26;20008;261;1.4;0.0
94;2021-01-23;735;3;20743;264;1.5;0.0
94;2021-01-24;285;0;21028;264;1.5;0.0
94;2021-01-25;1474;21;22502;285;1.6;0.0
94;2021-01-26;1581;19;24083;304;1.7;0.0
94;2021-01-27;1846;31;25929;335;1.8;0.0
94;2021-01-28;1558;128;27487;463;2.0;0.0
94;2021-01-29;1382;137;28869;600;2.1;0.0
94;2021-01-30;580;4;29449;604;2.1;0.0
94;2021-01-31;123;8;29572;612;2.1;0.0
94;2021-02-01;931;140;30503;752;2.2;0.1
94;2021-02-02;854;225;31357;977;2.2;0.1
94;2021-02-03;763;342;32120;1319;2.3;0.1
94;2021-02-04;900;389;33020;1708;2.3;0.1
94;2021-02-05;875;521;33895;2229;2.4;0.2
94;2021-02-06;408;60;34303;2289;2.4;0.2
94;2021-02-07;123;0;34426;2289;2.4;0.2
94;2021-02-08;635;463;35061;2752;2.5;0.2
94;2021-02-09;1035;931;36096;3683;2.6;0.3
94;2021-02-10;1103;1259;37199;4942;2.6;0.4
94;2021-02-11;1432;1469;38631;6411;2.7;0.5
94;2021-02-12;1394;1540;40025;7951;2.8;0.6
94;2021-02-13;299;194;40324;8145;2.9;0.6
94;2021-02-14;30;70;40354;8215;2.9;0.6
94;2021-02-15;753;1475;41107;9690;2.9;0.7
94;2021-02-16;703;2317;41810;12007;3.0;0.9
94;2021-02-17;719;1264;42529;13271;3.0;0.9
94;2021-02-18;797;1408;43326;14679;3.1;1.0
94;2021-02-19;968;1178;44294;15857;3.2;1.1
94;2021-02-20;132;719;44426;16576;3.2;1.2
94;2021-02-21;21;144;44447;16720;3.2;1.2
94;2021-02-22;523;1024;44970;17744;3.2;1.3
94;2021-02-23;624;992;45594;18736;3.2;1.3
94;2021-02-24;693;664;46287;19400;3.3;1.4
94;2021-02-25;1071;1303;47358;20703;3.4;1.5
94;2021-02-26;1323;825;48681;21528;3.5;1.5
94;2021-02-27;518;431;49199;21959;3.5;1.6
94;2021-02-28;91;72;49290;22031;3.5;1.6
94;2021-03-01;885;766;50175;22797;3.6;1.6
94;2021-03-02;1568;798;51743;23595;3.7;1.7
94;2021-03-03;1952;866;53695;24461;3.8;1.7
94;2021-03-04;2857;1014;56552;25475;4.0;1.8
94;2021-03-05;3837;1230;60389;26705;4.3;1.9
94;2021-03-06;4820;526;65209;27231;4.6;1.9
94;2021-03-07;3689;533;68898;27764;4.9;2.0
94;2021-03-08;1919;682;70817;28446;5.0;2.0
94;2021-03-09;2558;801;73375;29247;5.2;2.1
94;2021-03-10;3201;947;76576;30194;5.4;2.1
94;2021-03-11;3839;897;80415;31091;5.7;2.2
94;2021-03-12;4584;769;84999;31860;6.0;2.3
94;2021-03-13;4132;390;89131;32250;6.3;2.3
94;2021-03-14;2115;154;91246;32404;6.5;2.3
94;2021-03-15;3170;758;94416;33162;6.7;2.4
94;2021-03-16;2776;435;97192;33597;6.9;2.4
94;2021-03-17;2860;459;100052;34056;7.1;2.4
94;2021-03-18;3265;441;103317;34497;7.3;2.5
94;2021-03-19;4272;702;107589;35199;7.7;2.5
94;2021-03-20;3692;299;111281;35498;7.9;2.5
94;2021-03-21;1465;383;112746;35881;8.0;2.6
94;2021-03-22;3221;658;115967;36539;8.2;2.6
94;2021-03-23;4516;731;120483;37270;8.6;2.7
94;2021-03-24;4627;624;125110;37894;8.9;2.7
94;2021-03-25;6321;690;131431;38584;9.3;2.7
94;2021-03-26;6091;813;137522;39397;9.8;2.8
94;2021-03-27;4470;281;141992;39678;10.1;2.8
94;2021-03-28;1892;112;143884;39790;10.2;2.8
94;2021-03-29;4130;1218;148014;41008;10.5;2.9
94;2021-03-30;5298;1353;153312;42361;10.9;3.0
94;2021-03-31;4912;1784;158224;44145;11.3;3.1
94;2021-04-01;5830;2311;164054;46456;11.7;3.3
94;2021-04-02;5246;2311;169300;48767;12.0;3.5
94;2021-04-03;3087;2497;172387;51264;12.3;3.6
94;2021-04-04;1051;764;173438;52028;12.3;3.7
94;2021-04-05;837;142;174275;52170;12.4;3.7
94;2021-04-06;3583;2528;177858;54698;12.6;3.9
94;2021-04-07;3864;2257;181722;56955;12.9;4.1
94;2021-04-08;4628;2063;186350;59018;13.3;4.2
94;2021-04-09;5364;2473;191714;61491;13.6;4.4
94;2021-04-10;2957;3004;194671;64495;13.8;4.6
94;2021-04-11;1268;1766;195939;66261;13.9;4.7
94;2021-04-12;3440;2273;199379;68534;14.2;4.9
94;2021-04-13;4312;3405;203691;71939;14.5;5.1
94;2021-04-14;3905;2699;207596;74638;14.8;5.3
94;2021-04-15;4452;2997;212048;77635;15.1;5.5
94;2021-04-16;4709;2849;216757;80484;15.4;5.7
94;2021-04-17;2461;2774;219218;83258;15.6;5.9
94;2021-04-18;919;1244;220137;84502;15.7;6.0
94;2021-04-19;2977;2447;223114;86949;15.9;6.2
94;2021-04-20;3275;2714;226389;89663;16.1;6.4
94;2021-04-21;3220;3166;229609;92829;16.3;6.6
94;2021-04-22;3911;3655;233520;96484;16.6;6.9
94;2021-04-23;4120;3995;237640;100479;16.9;7.1
94;2021-04-24;4265;3401;241905;103880;17.2;7.4
94;2021-04-25;2408;1512;244313;105392;17.4;7.5
94;2021-04-26;4011;3280;248324;108672;17.7;7.7
94;2021-04-27;5097;3369;253421;112041;18.0;8.0
94;2021-04-28;4832;3640;258253;115681;18.4;8.2
94;2021-04-29;6418;3808;264671;119489;18.8;8.5
94;2021-04-30;6487;3923;271158;123412;19.3;8.8
94;2021-05-01;4057;1066;275215;124478;19.6;8.9
94;2021-05-02;3050;1474;278265;125952;19.8;9.0
94;2021-05-03;5734;5327;283999;131279;20.2;9.3
94;2021-05-04;6097;3565;290096;134844;20.6;9.6
94;2021-05-05;6183;3427;296279;138271;21.1;9.8
94;2021-05-06;7163;3529;303442;141800;21.6;10.1
94;2021-05-07;6674;4118;310116;145918;22.1;10.4
94;2021-05-08;4906;2557;315022;148475;22.4;10.6
94;2021-05-09;4226;2252;319248;150727;22.7;10.7
94;2021-05-10;7713;3124;326961;153851;23.3;10.9
94;2021-05-11;8969;3932;335930;157783;23.9;11.2
94;2021-05-12;9576;3598;345506;161381;24.6;11.5
94;2021-05-13;8676;1369;354182;162750;25.2;11.6
94;2021-05-14;9867;3310;364049;166060;25.9;11.8
94;2021-05-15;8939;2163;372988;168223;26.5;12.0
94;2021-05-16;5067;911;378055;169134;26.9;12.0
94;2021-05-17;10836;2248;388891;171382;27.7;12.2
94;2021-05-18;11294;2449;400185;173831;28.5;12.4
94;2021-05-19;11674;3595;411859;177426;29.3;12.6
94;2021-05-20;12157;4360;424016;181786;30.2;12.9
94;2021-05-21;11873;3164;435889;184950;31.0;13.2
94;2021-05-22;10283;1972;446172;186922;31.7;13.3
94;2021-05-23;4998;712;451170;187634;32.1;13.3
94;2021-05-24;9669;1349;460839;188983;32.8;13.4
94;2021-05-25;9996;4268;470835;193251;33.5;13.7
94;2021-05-26;10292;3310;481127;196561;34.2;14.0
94;2021-05-27;10864;4588;491991;201149;35.0;14.3
94;2021-05-28;10443;4950;502434;206099;35.7;14.7
94;2021-05-29;9867;3457;512301;209556;36.4;14.9
94;2021-05-30;4785;931;517086;210487;36.8;15.0
94;2021-05-31;9985;4235;527071;214722;37.5;15.3
94;2021-06-01;10308;5091;537379;219813;38.2;15.6
94;2021-06-02;9353;4587;546732;224400;38.9;16.0
94;2021-06-03;9562;5604;556294;230004;39.6;16.4
94;2021-06-04;10403;6538;566697;236542;40.3;16.8
94;2021-06-05;9180;6249;575877;242791;41.0;17.3
94;2021-06-06;3984;1848;579861;244639;41.2;17.4
94;2021-06-07;8663;5971;588524;250610;41.9;17.8
94;2021-06-08;8996;7515;597520;258125;42.5;18.4
94;2021-06-09;8955;8166;606475;266291;43.1;18.9
94;2021-06-10;8800;10972;615275;277263;43.8;19.7
94;2021-06-11;7845;8393;623120;285656;44.3;20.3
94;2021-06-12;10259;6853;633379;292509;45.0;20.8
94;2021-06-13;3469;3263;636848;295772;45.3;21.0
94;2021-06-14;6958;8203;643806;303975;45.8;21.6
94;2021-06-15;7736;8820;651542;312795;46.3;22.2
94;2021-06-16;7243;8269;658785;321064;46.9;22.8
94;2021-06-17;6698;9060;665483;330124;47.3;23.5
94;2021-06-18;6573;11957;672056;342081;47.8;24.3
94;2021-06-19;6001;9585;678057;351666;48.2;25.0
94;2021-06-20;1888;4009;679945;355675;48.4;25.3
94;2021-06-21;4527;11184;684472;366859;48.7;26.1
94;2021-06-22;4843;10812;689315;377671;49.0;26.9
94;2021-06-23;4179;11151;693494;388822;49.3;27.7
94;2021-06-24;4970;10333;698464;399155;49.7;28.4
94;2021-06-25;4287;13732;702751;412887;50.0;29.4
94;2021-06-26;3136;12003;705887;424890;50.2;30.2
94;2021-06-27;1059;4998;706946;429888;50.3;30.6
94;2021-06-28;3494;12074;710440;441962;50.5;31.4
94;2021-06-29;4052;12175;714492;454137;50.8;32.3
94;2021-06-30;4364;11642;718856;465779;51.1;33.1
94;2021-07-01;5672;11115;724528;476894;51.5;33.9
94;2021-07-02;5327;12193;729855;489087;51.9;34.8
94;2021-07-03;3710;11799;733565;500886;52.2;35.6
94;2021-07-04;1517;5091;735082;505977;52.3;36.0
94;2021-07-05;4488;11425;739570;517402;52.6;36.8
94;2021-07-06;4619;10891;744189;528293;52.9;37.6
94;2021-07-07;5041;11083;749230;539376;53.3;38.4
94;2021-07-08;5102;10022;754332;549398;53.6;39.1
94;2021-07-09;6107;11877;760439;561275;54.1;39.9
94;2021-07-10;4122;11358;764561;572633;54.4;40.7
94;2021-07-11;1555;4719;766116;577352;54.5;41.1
94;2021-07-12;4336;11965;770452;589317;54.8;41.9
94;2021-07-13;6491;12045;776943;601362;55.3;42.8
94;2021-07-14;4294;5296;781237;606658;55.6;43.1
94;2021-07-15;7321;12367;788558;619025;56.1;44.0
94;2021-07-16;7847;11321;796405;630346;56.6;44.8
94;2021-07-17;6103;11326;802508;641672;57.1;45.6
94;2021-07-18;2629;4024;805137;645696;57.3;45.9
94;2021-07-19;6912;10448;812049;656144;57.8;46.7
94;2021-07-20;8567;10382;820616;666526;58.4;47.4
94;2021-07-21;8803;9584;829419;676110;59.0;48.1
94;2021-07-22;9791;9427;839210;685537;59.7;48.8
94;2021-07-23;9432;9411;848642;694948;60.4;49.4
94;2021-07-24;7214;8882;855856;703830;60.9;50.1
94;2021-07-25;2191;2742;858047;706572;61.0;50.3
94;2021-07-26;7971;8044;866018;714616;61.6;50.8
94;2021-07-27;8622;7003;874640;721619;62.2;51.3
94;2021-07-28;8811;6319;883451;727938;62.8;51.8
94;2021-07-29;9059;6375;892510;734313;63.5;52.2
94;2021-07-30;8207;6597;900717;740910;64.1;52.7
94;2021-07-31;7212;6309;907929;747219;64.6;53.1
94;2021-08-01;3203;1783;911132;749002;64.8;53.3
94;2021-08-02;6663;5470;917795;754472;65.3;53.7
94;2021-08-03;6369;5210;924164;759682;65.7;54.0
94;2021-08-04;6306;5132;930470;764814;66.2;54.4
94;2021-08-05;5848;5466;936318;770280;66.6;54.8
94;2021-08-06;5809;5845;942127;776125;67.0;55.2
94;2021-08-07;4248;4479;946375;780604;67.3;55.5
94;2021-08-08;1370;1717;947745;782321;67.4;55.6
94;2021-08-09;4890;6530;952635;788851;67.8;56.1
94;2021-08-10;5401;6311;958036;795162;68.1;56.6
94;2021-08-11;4275;5720;962311;800882;68.4;57.0
94;2021-08-12;4415;6504;966726;807386;68.8;57.4
94;2021-08-13;3781;5752;970507;813138;69.0;57.8
94;2021-08-14;2903;5737;973410;818875;69.2;58.2
94;2021-08-15;459;736;973869;819611;69.3;58.3
94;2021-08-16;3484;8281;977353;827892;69.5;58.9
94;2021-08-17;3374;8131;980727;836023;69.8;59.5
94;2021-08-18;3270;8608;983997;844631;70.0;60.1
94;2021-08-19;3333;6910;987330;851541;70.2;60.6
94;2021-08-20;3084;7754;990414;859295;70.4;61.1
94;2021-08-21;2564;7151;992978;866446;70.6;61.6
94;2021-08-22;895;2737;993873;869183;70.7;61.8
94;2021-08-23;2825;8449;996698;877632;70.9;62.4
94;2021-08-24;3142;7513;999840;885145;71.1;63.0
94;2021-08-25;2743;6745;1002583;891890;71.3;63.4
94;2021-08-26;2593;6146;1005176;898036;71.5;63.9
94;2021-08-27;2647;6572;1007823;904608;71.7;64.3
94;2021-08-28;2573;6490;1010396;911098;71.9;64.8
94;2021-08-29;866;2345;1011262;913443;71.9;65.0
94;2021-08-30;2827;7885;1014089;921328;72.1;65.5
94;2021-08-31;2598;7444;1016687;928772;72.3;66.1
94;2021-09-01;2323;6202;1019010;934974;72.5;66.5
94;2021-09-02;1963;5211;1020973;940185;72.6;66.9
94;2021-09-03;2098;5813;1023071;945998;72.8;67.3
94;2021-09-04;2389;5415;1025460;951413;72.9;67.7
94;2021-09-05;704;1287;1026164;952700;73.0;67.8
94;2021-09-06;1535;4079;1027699;956779;73.1;68.0
94;2021-09-07;1456;3740;1029155;960519;73.2;68.3
94;2021-09-08;1471;3723;1030626;964242;73.3;68.6
94;2021-09-09;1255;3445;1031881;967687;73.4;68.8
94;2021-09-10;1555;4072;1033436;971759;73.5;69.1
94;2021-09-11;1689;4507;1035125;976266;73.6;69.4
94;2021-09-12;415;1185;1035540;977451;73.6;69.5
94;2021-09-13;1038;2815;1036578;980266;73.7;69.7
94;2021-09-14;1314;3353;1037892;983619;73.8;70.0
94;2021-09-15;1275;3102;1039167;986721;73.9;70.2
94;2021-09-16;1035;2181;1040202;988902;74.0;70.3
94;2021-09-17;1146;2680;1041348;991582;74.1;70.5
94;2021-09-18;1104;3686;1042452;995268;74.1;70.8
94;2021-09-19;294;1038;1042746;996306;74.2;70.9
94;2021-09-20;777;1961;1043523;998267;74.2;71.0
94;2021-09-21;996;1777;1044519;1000044;74.3;71.1
94;2021-09-22;951;2364;1045470;1002408;74.4;71.3
94;2021-09-23;769;1693;1046239;1004101;74.4;71.4
94;2021-09-24;987;1964;1047226;1006065;74.5;71.6
94;2021-09-25;950;3049;1048176;1009114;74.5;71.8
94;2021-09-26;269;699;1048445;1009813;74.6;71.8
94;2021-09-27;665;1460;1049110;1011273;74.6;71.9
94;2021-09-28;652;1417;1049762;1012690;74.7;72.0
95;2020-12-27;3;0;3;0;0.0;0.0
95;2020-12-28;6;0;9;0;0.0;0.0
95;2020-12-29;0;0;9;0;0.0;0.0
95;2020-12-30;0;0;9;0;0.0;0.0
95;2020-12-31;2;0;11;0;0.0;0.0
95;2021-01-01;0;0;11;0;0.0;0.0
95;2021-01-02;13;0;24;0;0.0;0.0
95;2021-01-03;1;0;25;0;0.0;0.0
95;2021-01-04;50;0;75;0;0.0;0.0
95;2021-01-05;317;0;392;0;0.0;0.0
95;2021-01-06;191;0;583;0;0.0;0.0
95;2021-01-07;130;1;713;1;0.1;0.0
95;2021-01-08;279;2;992;3;0.1;0.0
95;2021-01-09;251;0;1243;3;0.1;0.0
95;2021-01-10;384;1;1627;4;0.1;0.0
95;2021-01-11;491;1;2118;5;0.2;0.0
95;2021-01-12;864;1;2982;6;0.2;0.0
95;2021-01-13;782;11;3764;17;0.3;0.0
95;2021-01-14;886;12;4650;29;0.4;0.0
95;2021-01-15;758;5;5408;34;0.4;0.0
95;2021-01-16;298;2;5706;36;0.5;0.0
95;2021-01-17;224;1;5930;37;0.5;0.0
95;2021-01-18;1338;5;7268;42;0.6;0.0
95;2021-01-19;1576;5;8844;47;0.7;0.0
95;2021-01-20;2039;3;10883;50;0.9;0.0
95;2021-01-21;1855;5;12738;55;1.0;0.0
95;2021-01-22;1325;6;14063;61;1.1;0.0
95;2021-01-23;648;0;14711;61;1.2;0.0
95;2021-01-24;182;0;14893;61;1.2;0.0
95;2021-01-25;796;32;15689;93;1.3;0.0
95;2021-01-26;986;159;16675;252;1.3;0.0
95;2021-01-27;1251;154;17926;406;1.4;0.0
95;2021-01-28;1720;20;19646;426;1.6;0.0
95;2021-01-29;1250;177;20896;603;1.7;0.0
95;2021-01-30;478;4;21374;607;1.7;0.0
95;2021-01-31;212;1;21586;608;1.7;0.0
95;2021-02-01;566;245;22152;853;1.8;0.1
95;2021-02-02;528;262;22680;1115;1.8;0.1
95;2021-02-03;614;489;23294;1604;1.9;0.1
95;2021-02-04;1068;350;24362;1954;2.0;0.2
95;2021-02-05;733;276;25095;2230;2.0;0.2
95;2021-02-06;338;211;25433;2441;2.0;0.2
95;2021-02-07;142;346;25575;2787;2.0;0.2
95;2021-02-08;765;307;26340;3094;2.1;0.2
95;2021-02-09;1134;1001;27474;4095;2.2;0.3
95;2021-02-10;1263;1316;28737;5411;2.3;0.4
95;2021-02-11;1386;1079;30123;6490;2.4;0.5
95;2021-02-12;1031;903;31154;7393;2.5;0.6
95;2021-02-13;329;261;31483;7654;2.5;0.6
95;2021-02-14;43;148;31526;7802;2.5;0.6
95;2021-02-15;430;786;31956;8588;2.6;0.7
95;2021-02-16;493;626;32449;9214;2.6;0.7
95;2021-02-17;654;909;33103;10123;2.7;0.8
95;2021-02-18;724;1313;33827;11436;2.7;0.9
95;2021-02-19;783;1050;34610;12486;2.8;1.0
95;2021-02-20;306;374;34916;12860;2.8;1.0
95;2021-02-21;165;252;35081;13112;2.8;1.1
95;2021-02-22;327;780;35408;13892;2.8;1.1
95;2021-02-23;368;549;35776;14441;2.9;1.2
95;2021-02-24;310;696;36086;15137;2.9;1.2
95;2021-02-25;729;880;36815;16017;2.9;1.3
95;2021-02-26;991;683;37806;16700;3.0;1.3
95;2021-02-27;365;356;38171;17056;3.1;1.4
95;2021-02-28;61;192;38232;17248;3.1;1.4
95;2021-03-01;772;479;39004;17727;3.1;1.4
95;2021-03-02;1321;758;40325;18485;3.2;1.5
95;2021-03-03;1599;835;41924;19320;3.4;1.5
95;2021-03-04;3196;1051;45120;20371;3.6;1.6
95;2021-03-05;3647;1004;48767;21375;3.9;1.7
95;2021-03-06;4005;457;52772;21832;4.2;1.7
95;2021-03-07;4218;302;56990;22134;4.6;1.8
95;2021-03-08;1541;777;58531;22911;4.7;1.8
95;2021-03-09;2622;464;61153;23375;4.9;1.9
95;2021-03-10;2344;789;63497;24164;5.1;1.9
95;2021-03-11;3140;1092;66637;25256;5.3;2.0
95;2021-03-12;3519;774;70156;26030;5.6;2.1
95;2021-03-13;3515;411;73671;26441;5.9;2.1
95;2021-03-14;1981;293;75652;26734;6.1;2.1
95;2021-03-15;2371;304;78023;27038;6.3;2.2
95;2021-03-16;1575;407;79598;27445;6.4;2.2
95;2021-03-17;2103;410;81701;27855;6.5;2.2
95;2021-03-18;2799;370;84500;28225;6.8;2.3
95;2021-03-19;3475;362;87975;28587;7.0;2.3
95;2021-03-20;2592;204;90567;28791;7.3;2.3
95;2021-03-21;1205;244;91772;29035;7.4;2.3
95;2021-03-22;2936;365;94708;29400;7.6;2.4
95;2021-03-23;3439;459;98147;29859;7.9;2.4
95;2021-03-24;3946;519;102093;30378;8.2;2.4
95;2021-03-25;5859;654;107952;31032;8.6;2.5
95;2021-03-26;5429;688;113381;31720;9.1;2.5
95;2021-03-27;3748;227;117129;31947;9.4;2.6
95;2021-03-28;1535;121;118664;32068;9.5;2.6
95;2021-03-29;2894;572;121558;32640;9.7;2.6
95;2021-03-30;3886;1236;125444;33876;10.0;2.7
95;2021-03-31;3657;1669;129101;35545;10.3;2.8
95;2021-04-01;5484;2270;134585;37815;10.8;3.0
95;2021-04-02;3561;2748;138146;40563;11.1;3.2
95;2021-04-03;2095;2476;140241;43039;11.2;3.4
95;2021-04-04;1247;1198;141488;44237;11.3;3.5
95;2021-04-05;596;64;142084;44301;11.4;3.5
95;2021-04-06;1859;1538;143943;45839;11.5;3.7
95;2021-04-07;4953;2193;148896;48032;11.9;3.8
95;2021-04-08;4897;2467;153793;50499;12.3;4.0
95;2021-04-09;5435;2339;159228;52838;12.8;4.2
95;2021-04-10;3709;1435;162937;54273;13.1;4.3
95;2021-04-11;1567;1038;164504;55311;13.2;4.4
95;2021-04-12;3254;1609;167758;56920;13.4;4.6
95;2021-04-13;3141;1691;170899;58611;13.7;4.7
95;2021-04-14;2751;1989;173650;60600;13.9;4.9
95;2021-04-15;3902;3349;177552;63949;14.2;5.1
95;2021-04-16;4064;3036;181616;66985;14.5;5.4
95;2021-04-17;2375;1757;183991;68742;14.7;5.5
95;2021-04-18;1511;1021;185502;69763;14.9;5.6
95;2021-04-19;2570;2371;188072;72134;15.1;5.8
95;2021-04-20;2121;2456;190193;74590;15.2;6.0
95;2021-04-21;3931;2630;194124;77220;15.6;6.2
95;2021-04-22;3413;4632;197537;81852;15.8;6.6
95;2021-04-23;2765;3555;200302;85407;16.0;6.8
95;2021-04-24;3571;2587;203873;87994;16.3;7.0
95;2021-04-25;1959;1550;205832;89544;16.5;7.2
95;2021-04-26;2752;2701;208584;92245;16.7;7.4
95;2021-04-27;3852;2180;212436;94425;17.0;7.6
95;2021-04-28;3890;2661;216326;97086;17.3;7.8
95;2021-04-29;6142;4540;222468;101626;17.8;8.1
95;2021-04-30;6904;2933;229372;104559;18.4;8.4
95;2021-05-01;2370;918;231742;105477;18.6;8.4
95;2021-05-02;2448;1501;234190;106978;18.8;8.6
95;2021-05-03;5126;1927;239316;108905;19.2;8.7
95;2021-05-04;6352;2723;245668;111628;19.7;8.9
95;2021-05-05;5146;3801;250814;115429;20.1;9.2
95;2021-05-06;8206;4923;259020;120352;20.7;9.6
95;2021-05-07;5778;4748;264798;125100;21.2;10.0
95;2021-05-08;5742;1535;270540;126635;21.7;10.1
95;2021-05-09;2829;1592;273369;128227;21.9;10.3
95;2021-05-10;9970;3191;283339;131418;22.7;10.5
95;2021-05-11;8449;3454;291788;134872;23.4;10.8
95;2021-05-12;9465;3223;301253;138095;24.1;11.1
95;2021-05-13;7953;1202;309206;139297;24.8;11.2
95;2021-05-14;7014;1910;316220;141207;25.3;11.3
95;2021-05-15;4512;1063;320732;142270;25.7;11.4
95;2021-05-16;4824;846;325556;143116;26.1;11.5
95;2021-05-17;7737;1351;333293;144467;26.7;11.6
95;2021-05-18;9465;1857;342758;146324;27.5;11.7
95;2021-05-19;9244;2496;352002;148820;28.2;11.9
95;2021-05-20;12585;2445;364587;151265;29.2;12.1
95;2021-05-21;10174;2537;374761;153802;30.0;12.3
95;2021-05-22;9394;1569;384155;155371;30.8;12.4
95;2021-05-23;4143;960;388298;156331;31.1;12.5
95;2021-05-24;2396;535;390694;156866;31.3;12.6
95;2021-05-25;7210;2082;397904;158948;31.9;12.7
95;2021-05-26;8850;3119;406754;162067;32.6;13.0
95;2021-05-27;10360;4429;417114;166496;33.4;13.3
95;2021-05-28;7683;4413;424797;170909;34.0;13.7
95;2021-05-29;5265;2760;430062;173669;34.5;13.9
95;2021-05-30;3733;1709;433795;175378;34.7;14.0
95;2021-05-31;6424;3327;440219;178705;35.3;14.3
95;2021-06-01;8782;3810;449001;182515;36.0;14.6
95;2021-06-02;8730;4749;457731;187264;36.7;15.0
95;2021-06-03;8524;6561;466255;193825;37.3;15.5
95;2021-06-04;8882;4404;475137;198229;38.1;15.9
95;2021-06-05;8335;3747;483472;201976;38.7;16.2
95;2021-06-06;4834;1622;488306;203598;39.1;16.3
95;2021-06-07;6058;4543;494364;208141;39.6;16.7
95;2021-06-08;6550;5514;500914;213655;40.1;17.1
95;2021-06-09;6252;6476;507166;220131;40.6;17.6
95;2021-06-10;6428;6813;513594;226944;41.1;18.2
95;2021-06-11;7222;6442;520816;233386;41.7;18.7
95;2021-06-12;6002;4373;526818;237759;42.2;19.0
95;2021-06-13;2082;3289;528900;241048;42.4;19.3
95;2021-06-14;5371;5989;534271;247037;42.8;19.8
95;2021-06-15;5739;8070;540010;255107;43.3;20.4
95;2021-06-16;5492;7536;545502;262643;43.7;21.0
95;2021-06-17;6599;8162;552101;270805;44.2;21.7
95;2021-06-18;5822;7861;557923;278666;44.7;22.3
95;2021-06-19;4966;8926;562889;287592;45.1;23.0
95;2021-06-20;1423;3315;564312;290907;45.2;23.3
95;2021-06-21;3533;7713;567845;298620;45.5;23.9
95;2021-06-22;5067;9055;572912;307675;45.9;24.6
95;2021-06-23;4775;10875;577687;318550;46.3;25.5
95;2021-06-24;4941;10722;582628;329272;46.7;26.4
95;2021-06-25;4878;10356;587506;339628;47.1;27.2
95;2021-06-26;4320;8478;591826;348106;47.4;27.9
95;2021-06-27;1032;3994;592858;352100;47.5;28.2
95;2021-06-28;2739;9486;595597;361586;47.7;29.0
95;2021-06-29;2537;8785;598134;370371;47.9;29.7
95;2021-06-30;3954;9996;602088;380367;48.2;30.5
95;2021-07-01;4866;11165;606954;391532;48.6;31.4
95;2021-07-02;4264;10544;611218;402076;49.0;32.2
95;2021-07-03;3528;9154;614746;411230;49.2;32.9
95;2021-07-04;1278;3399;616024;414629;49.3;33.2
95;2021-07-05;2357;4374;618381;419003;49.5;33.6
95;2021-07-06;2773;7752;621154;426755;49.8;34.2
95;2021-07-07;3960;9620;625114;436375;50.1;35.0
95;2021-07-08;5310;9820;630424;446195;50.5;35.7
95;2021-07-09;4552;10076;634976;456271;50.9;36.5
95;2021-07-10;3399;7390;638375;463661;51.1;37.1
95;2021-07-11;1526;3603;639901;467264;51.3;37.4
95;2021-07-12;2991;9692;642892;476956;51.5;38.2
95;2021-07-13;5054;10069;647946;487025;51.9;39.0
95;2021-07-14;4427;5740;652373;492765;52.3;39.5
95;2021-07-15;7400;12362;659773;505127;52.9;40.5
95;2021-07-16;7985;12003;667758;517130;53.5;41.4
95;2021-07-17;5054;7823;672812;524953;53.9;42.1
95;2021-07-18;3481;2912;676293;527865;54.2;42.3
95;2021-07-19;4832;6866;681125;534731;54.6;42.8
95;2021-07-20;6957;8382;688082;543113;55.1;43.5
95;2021-07-21;9258;9451;697340;552564;55.9;44.3
95;2021-07-22;10147;9724;707487;562288;56.7;45.0
95;2021-07-23;10913;10204;718400;572492;57.5;45.9
95;2021-07-24;5259;6235;723659;578727;58.0;46.4
95;2021-07-25;2251;2284;725910;581011;58.1;46.5
95;2021-07-26;4522;4022;730432;585033;58.5;46.9
95;2021-07-27;8500;7045;738932;592078;59.2;47.4
95;2021-07-28;9718;7559;748650;599637;60.0;48.0
95;2021-07-29;8430;5470;757080;605107;60.6;48.5
95;2021-07-30;8518;7774;765598;612881;61.3;49.1
95;2021-07-31;4239;4102;769837;616983;61.7;49.4
95;2021-08-01;2330;1374;772167;618357;61.9;49.5
95;2021-08-02;4157;3917;776324;622274;62.2;49.8
95;2021-08-03;6154;5538;782478;627812;62.7;50.3
95;2021-08-04;6508;6087;788986;633899;63.2;50.8
95;2021-08-05;6867;5730;795853;639629;63.8;51.2
95;2021-08-06;6512;7075;802365;646704;64.3;51.8
95;2021-08-07;2842;3038;805207;649742;64.5;52.0
95;2021-08-08;1369;1888;806576;651630;64.6;52.2
95;2021-08-09;3926;5035;810502;656665;64.9;52.6
95;2021-08-10;5242;5842;815744;662507;65.3;53.1
95;2021-08-11;5366;6562;821110;669069;65.8;53.6
95;2021-08-12;5223;6363;826333;675432;66.2;54.1
95;2021-08-13;3906;5472;830239;680904;66.5;54.5
95;2021-08-14;3566;3322;833805;684226;66.8;54.8
95;2021-08-15;282;361;834087;684587;66.8;54.8
95;2021-08-16;2855;6055;836942;690642;67.0;55.3
95;2021-08-17;3621;7263;840563;697905;67.3;55.9
95;2021-08-18;4274;8073;844837;705978;67.7;56.6
95;2021-08-19;3792;6590;848629;712568;68.0;57.1
95;2021-08-20;3791;7928;852420;720496;68.3;57.7
95;2021-08-21;2715;4302;855135;724798;68.5;58.1
95;2021-08-22;857;2398;855992;727196;68.6;58.3
95;2021-08-23;2466;5650;858458;732846;68.8;58.7
95;2021-08-24;2958;6461;861416;739307;69.0;59.2
95;2021-08-25;3767;8293;865183;747600;69.3;59.9
95;2021-08-26;3161;7534;868344;755134;69.6;60.5
95;2021-08-27;3514;8719;871858;763853;69.8;61.2
95;2021-08-28;2796;5494;874654;769347;70.1;61.6
95;2021-08-29;638;1711;875292;771058;70.1;61.8
95;2021-08-30;2760;6189;878052;777247;70.3;62.3
95;2021-08-31;2809;6505;880861;783752;70.6;62.8
95;2021-09-01;2687;6481;883548;790233;70.8;63.3
95;2021-09-02;1680;4634;885228;794867;70.9;63.7
95;2021-09-03;2202;5837;887430;800704;71.1;64.1
95;2021-09-04;2520;5853;889950;806557;71.3;64.6
95;2021-09-05;412;639;890362;807196;71.3;64.7
95;2021-09-06;1224;3541;891586;810737;71.4;64.9
95;2021-09-07;1383;3456;892969;814193;71.5;65.2
95;2021-09-08;1639;4246;894608;818439;71.7;65.6
95;2021-09-09;1274;3695;895882;822134;71.8;65.9
95;2021-09-10;1549;4002;897431;826136;71.9;66.2
95;2021-09-11;1532;3823;898963;829959;72.0;66.5
95;2021-09-12;313;796;899276;830755;72.0;66.5
95;2021-09-13;871;2573;900147;833328;72.1;66.8
95;2021-09-14;1102;2752;901249;836080;72.2;67.0
95;2021-09-15;1273;3568;902522;839648;72.3;67.3
95;2021-09-16;886;1887;903408;841535;72.4;67.4
95;2021-09-17;1155;2875;904563;844410;72.5;67.6
95;2021-09-18;1255;4199;905818;848609;72.6;68.0
95;2021-09-19;232;583;906050;849192;72.6;68.0
95;2021-09-20;585;1413;906635;850605;72.6;68.1
95;2021-09-21;825;1805;907460;852410;72.7;68.3
95;2021-09-22;929;3074;908389;855484;72.8;68.5
95;2021-09-23;743;1190;909132;856674;72.8;68.6
95;2021-09-24;747;2039;909879;858713;72.9;68.8
95;2021-09-25;1010;3793;910889;862506;73.0;69.1
95;2021-09-26;133;409;911022;862915;73.0;69.1
95;2021-09-27;662;1186;911684;864101;73.0;69.2
95;2021-09-28;743;1397;912427;865498;73.1;69.3
971;2020-12-27;0;0;0;0;0.0;0.0
971;2020-12-28;0;0;0;0;0.0;0.0
971;2020-12-29;0;0;0;0;0.0;0.0
971;2020-12-30;0;0;0;0;0.0;0.0
971;2020-12-31;0;0;0;0;0.0;0.0
971;2021-01-01;1;0;1;0;0.0;0.0
971;2021-01-02;0;0;1;0;0.0;0.0
971;2021-01-03;0;0;1;0;0.0;0.0
971;2021-01-04;1;0;2;0;0.0;0.0
971;2021-01-05;0;0;2;0;0.0;0.0
971;2021-01-06;1;0;3;0;0.0;0.0
971;2021-01-07;0;0;3;0;0.0;0.0
971;2021-01-08;58;1;61;1;0.0;0.0
971;2021-01-09;20;0;81;1;0.0;0.0
971;2021-01-10;0;0;81;1;0.0;0.0
971;2021-01-11;60;0;141;1;0.0;0.0
971;2021-01-12;46;0;187;1;0.0;0.0
971;2021-01-13;47;1;234;2;0.1;0.0
971;2021-01-14;63;0;297;2;0.1;0.0
971;2021-01-15;77;0;374;2;0.1;0.0
971;2021-01-16;0;0;374;2;0.1;0.0
971;2021-01-17;0;0;374;2;0.1;0.0
971;2021-01-18;82;1;456;3;0.1;0.0
971;2021-01-19;147;0;603;3;0.2;0.0
971;2021-01-20;134;0;737;3;0.2;0.0
971;2021-01-21;155;1;892;4;0.2;0.0
971;2021-01-22;135;0;1027;4;0.3;0.0
971;2021-01-23;1;0;1028;4;0.3;0.0
971;2021-01-24;0;0;1028;4;0.3;0.0
971;2021-01-25;203;1;1231;5;0.3;0.0
971;2021-01-26;218;1;1449;6;0.4;0.0
971;2021-01-27;237;0;1686;6;0.4;0.0
971;2021-01-28;242;2;1928;8;0.5;0.0
971;2021-01-29;199;2;2127;10;0.6;0.0
971;2021-01-30;25;0;2152;10;0.6;0.0
971;2021-01-31;1;0;2153;10;0.6;0.0
971;2021-02-01;228;3;2381;13;0.6;0.0
971;2021-02-02;246;13;2627;26;0.7;0.0
971;2021-02-03;228;3;2855;29;0.8;0.0
971;2021-02-04;306;21;3161;50;0.8;0.0
971;2021-02-05;287;25;3448;75;0.9;0.0
971;2021-02-06;49;1;3497;76;0.9;0.0
971;2021-02-07;0;0;3497;76;0.9;0.0
971;2021-02-08;260;18;3757;94;1.0;0.0
971;2021-02-09;321;25;4078;119;1.1;0.0
971;2021-02-10;254;21;4332;140;1.1;0.0
971;2021-02-11;301;99;4633;239;1.2;0.1
971;2021-02-12;291;26;4924;265;1.3;0.1
971;2021-02-13;51;4;4975;269;1.3;0.1
971;2021-02-14;19;36;4994;305;1.3;0.1
971;2021-02-15;86;45;5080;350;1.3;0.1
971;2021-02-16;16;1;5096;351;1.4;0.1
971;2021-02-17;17;1;5113;352;1.4;0.1
971;2021-02-18;254;11;5367;363;1.4;0.1
971;2021-02-19;250;15;5617;378;1.5;0.1
971;2021-02-20;49;0;5666;378;1.5;0.1
971;2021-02-21;2;0;5668;378;1.5;0.1
971;2021-02-22;193;47;5861;425;1.6;0.1
971;2021-02-23;206;59;6067;484;1.6;0.1
971;2021-02-24;345;113;6412;597;1.7;0.2
971;2021-02-25;386;65;6798;662;1.8;0.2
971;2021-02-26;231;72;7029;734;1.9;0.2
971;2021-02-27;65;0;7094;734;1.9;0.2
971;2021-02-28;1;0;7095;734;1.9;0.2
971;2021-03-01;180;76;7275;810;1.9;0.2
971;2021-03-02;277;115;7552;925;2.0;0.2
971;2021-03-03;245;99;7797;1024;2.1;0.3
971;2021-03-04;336;74;8133;1098;2.2;0.3
971;2021-03-05;375;133;8508;1231;2.3;0.3
971;2021-03-06;598;9;9106;1240;2.4;0.3
971;2021-03-07;1;0;9107;1240;2.4;0.3
971;2021-03-08;327;132;9434;1372;2.5;0.4
971;2021-03-09;391;135;9825;1507;2.6;0.4
971;2021-03-10;436;155;10261;1662;2.7;0.4
971;2021-03-11;122;43;10383;1705;2.8;0.5
971;2021-03-12;503;216;10886;1921;2.9;0.5
971;2021-03-13;137;3;11023;1924;2.9;0.5
971;2021-03-14;14;21;11037;1945;2.9;0.5
971;2021-03-15;425;45;11462;1990;3.0;0.5
971;2021-03-16;488;81;11950;2071;3.2;0.5
971;2021-03-17;471;70;12421;2141;3.3;0.6
971;2021-03-18;588;82;13009;2223;3.5;0.6
971;2021-03-19;584;91;13593;2314;3.6;0.6
971;2021-03-20;177;15;13770;2329;3.7;0.6
971;2021-03-21;8;0;13778;2329;3.7;0.6
971;2021-03-22;360;87;14138;2416;3.8;0.6
971;2021-03-23;538;155;14676;2571;3.9;0.7
971;2021-03-24;474;97;15150;2668;4.0;0.7
971;2021-03-25;759;180;15909;2848;4.2;0.8
971;2021-03-26;644;120;16553;2968;4.4;0.8
971;2021-03-27;296;33;16849;3001;4.5;0.8
971;2021-03-28;24;2;16873;3003;4.5;0.8
971;2021-03-29;383;85;17256;3088;4.6;0.8
971;2021-03-30;626;164;17882;3252;4.7;0.9
971;2021-03-31;545;132;18427;3384;4.9;0.9
971;2021-04-01;663;197;19090;3581;5.1;1.0
971;2021-04-02;40;34;19130;3615;5.1;1.0
971;2021-04-03;62;2;19192;3617;5.1;1.0
971;2021-04-04;4;17;19196;3634;5.1;1.0
971;2021-04-05;13;0;19209;3634;5.1;1.0
971;2021-04-06;487;195;19696;3829;5.2;1.0
971;2021-04-07;581;118;20277;3947;5.4;1.0
971;2021-04-08;525;156;20802;4103;5.5;1.1
971;2021-04-09;486;210;21288;4313;5.6;1.1
971;2021-04-10;101;5;21389;4318;5.7;1.1
971;2021-04-11;8;9;21397;4327;5.7;1.1
971;2021-04-12;304;259;21701;4586;5.8;1.2
971;2021-04-13;555;325;22256;4911;5.9;1.3
971;2021-04-14;448;228;22704;5139;6.0;1.4
971;2021-04-15;553;311;23257;5450;6.2;1.4
971;2021-04-16;563;274;23820;5724;6.3;1.5
971;2021-04-17;216;4;24036;5728;6.4;1.5
971;2021-04-18;6;13;24042;5741;6.4;1.5
971;2021-04-19;405;243;24447;5984;6.5;1.6
971;2021-04-20;727;344;25174;6328;6.7;1.7
971;2021-04-21;627;319;25801;6647;6.8;1.8
971;2021-04-22;819;322;26620;6969;7.1;1.8
971;2021-04-23;845;249;27465;7218;7.3;1.9
971;2021-04-24;391;68;27856;7286;7.4;1.9
971;2021-04-25;601;63;28457;7349;7.6;1.9
971;2021-04-26;981;219;29438;7568;7.8;2.0
971;2021-04-27;716;235;30154;7803;8.0;2.1
971;2021-04-28;864;268;31018;8071;8.2;2.1
971;2021-04-29;1201;204;32219;8275;8.5;2.2
971;2021-04-30;1269;188;33488;8463;8.9;2.2
971;2021-05-01;607;39;34095;8502;9.0;2.3
971;2021-05-02;357;19;34452;8521;9.1;2.3
971;2021-05-03;925;191;35377;8712;9.4;2.3
971;2021-05-04;960;209;36337;8921;9.6;2.4
971;2021-05-05;1022;251;37359;9172;9.9;2.4
971;2021-05-06;1146;174;38505;9346;10.2;2.5
971;2021-05-07;1266;271;39771;9617;10.6;2.6
971;2021-05-08;324;38;40095;9655;10.6;2.6
971;2021-05-09;183;11;40278;9666;10.7;2.6
971;2021-05-10;848;218;41126;9884;10.9;2.6
971;2021-05-11;965;314;42091;10198;11.2;2.7
971;2021-05-12;907;325;42998;10523;11.4;2.8
971;2021-05-13;212;78;43210;10601;11.5;2.8
971;2021-05-14;861;271;44071;10872;11.7;2.9
971;2021-05-15;486;14;44557;10886;11.8;2.9
971;2021-05-16;182;35;44739;10921;11.9;2.9
971;2021-05-17;721;275;45460;11196;12.1;3.0
971;2021-05-18;743;389;46203;11585;12.3;3.1
971;2021-05-19;705;529;46908;12114;12.4;3.2
971;2021-05-20;811;376;47719;12490;12.7;3.3
971;2021-05-21;827;405;48546;12895;12.9;3.4
971;2021-05-22;508;214;49054;13109;13.0;3.5
971;2021-05-23;200;114;49254;13223;13.1;3.5
971;2021-05-24;201;173;49455;13396;13.1;3.6
971;2021-05-25;551;661;50006;14057;13.3;3.7
971;2021-05-26;595;491;50601;14548;13.4;3.9
971;2021-05-27;133;179;50734;14727;13.5;3.9
971;2021-05-28;520;525;51254;15252;13.6;4.0
971;2021-05-29;238;140;51492;15392;13.7;4.1
971;2021-05-30;75;112;51567;15504;13.7;4.1
971;2021-05-31;453;535;52020;16039;13.8;4.3
971;2021-06-01;591;706;52611;16745;14.0;4.4
971;2021-06-02;576;705;53187;17450;14.1;4.6
971;2021-06-03;509;558;53696;18008;14.2;4.8
971;2021-06-04;834;799;54530;18807;14.5;5.0
971;2021-06-05;317;644;54847;19451;14.6;5.2
971;2021-06-06;139;528;54986;19979;14.6;5.3
971;2021-06-07;421;781;55407;20760;14.7;5.5
971;2021-06-08;490;885;55897;21645;14.8;5.7
971;2021-06-09;503;857;56400;22502;15.0;6.0
971;2021-06-10;537;848;56937;23350;15.1;6.2
971;2021-06-11;470;1233;57407;24583;15.2;6.5
971;2021-06-12;303;658;57710;25241;15.3;6.7
971;2021-06-13;126;312;57836;25553;15.3;6.8
971;2021-06-14;371;3681;58207;29234;15.4;7.8
971;2021-06-15;483;1981;58690;31215;15.6;8.3
971;2021-06-16;478;1432;59168;32647;15.7;8.7
971;2021-06-17;432;1008;59600;33655;15.8;8.9
971;2021-06-18;483;1020;60083;34675;15.9;9.2
971;2021-06-19;313;509;60396;35184;16.0;9.3
971;2021-06-20;111;231;60507;35415;16.1;9.4
971;2021-06-21;348;674;60855;36089;16.1;9.6
971;2021-06-22;332;870;61187;36959;16.2;9.8
971;2021-06-23;370;891;61557;37850;16.3;10.0
971;2021-06-24;417;731;61974;38581;16.4;10.2
971;2021-06-25;456;757;62430;39338;16.6;10.4
971;2021-06-26;301;512;62731;39850;16.6;10.6
971;2021-06-27;116;148;62847;39998;16.7;10.6
971;2021-06-28;304;682;63151;40680;16.8;10.8
971;2021-06-29;387;780;63538;41460;16.9;11.0
971;2021-06-30;441;924;63979;42384;17.0;11.2
971;2021-07-01;364;649;64343;43033;17.1;11.4
971;2021-07-02;433;693;64776;43726;17.2;11.6
971;2021-07-03;274;464;65050;44190;17.3;11.7
971;2021-07-04;112;238;65162;44428;17.3;11.8
971;2021-07-05;331;505;65493;44933;17.4;11.9
971;2021-07-06;388;769;65881;45702;17.5;12.1
971;2021-07-07;378;842;66259;46544;17.6;12.3
971;2021-07-08;416;791;66675;47335;17.7;12.6
971;2021-07-09;435;796;67110;48131;17.8;12.8
971;2021-07-10;245;295;67355;48426;17.9;12.8
971;2021-07-11;170;137;67525;48563;17.9;12.9
971;2021-07-12;477;603;68002;49166;18.0;13.0
971;2021-07-13;882;1001;68884;50167;18.3;13.3
971;2021-07-14;476;283;69360;50450;18.4;13.4
971;2021-07-15;883;841;70243;51291;18.6;13.6
971;2021-07-16;1095;1041;71338;52332;18.9;13.9
971;2021-07-17;647;445;71985;52777;19.1;14.0
971;2021-07-18;401;221;72386;52998;19.2;14.1
971;2021-07-19;579;579;72965;53577;19.4;14.2
971;2021-07-20;839;735;73804;54312;19.6;14.4
971;2021-07-21;767;500;74571;54812;19.8;14.5
971;2021-07-22;988;876;75559;55688;20.0;14.8
971;2021-07-23;1033;756;76592;56444;20.3;15.0
971;2021-07-24;426;386;77018;56830;20.4;15.1
971;2021-07-25;247;262;77265;57092;20.5;15.1
971;2021-07-26;636;563;77901;57655;20.7;15.3
971;2021-07-27;881;587;78782;58242;20.9;15.5
971;2021-07-28;795;655;79577;58897;21.1;15.6
971;2021-07-29;970;673;80547;59570;21.4;15.8
971;2021-07-30;1321;755;81868;60325;21.7;16.0
971;2021-07-31;557;412;82425;60737;21.9;16.1
971;2021-08-01;315;251;82740;60988;22.0;16.2
971;2021-08-02;764;420;83504;61408;22.2;16.3
971;2021-08-03;763;675;84267;62083;22.4;16.5
971;2021-08-04;690;673;84957;62756;22.5;16.7
971;2021-08-05;698;594;85655;63350;22.7;16.8
971;2021-08-06;933;641;86588;63991;23.0;17.0
971;2021-08-07;452;391;87040;64382;23.1;17.1
971;2021-08-08;278;313;87318;64695;23.2;17.2
971;2021-08-09;592;584;87910;65279;23.3;17.3
971;2021-08-10;759;796;88669;66075;23.5;17.5
971;2021-08-11;925;791;89594;66866;23.8;17.7
971;2021-08-12;1013;801;90607;67667;24.0;18.0
971;2021-08-13;975;443;91582;68110;24.3;18.1
971;2021-08-14;634;701;92216;68811;24.5;18.3
971;2021-08-15;436;413;92652;69224;24.6;18.4
971;2021-08-16;823;742;93475;69966;24.8;18.6
971;2021-08-17;905;871;94380;70837;25.0;18.8
971;2021-08-18;1273;975;95653;71812;25.4;19.1
971;2021-08-19;1339;927;96992;72739;25.7;19.3
971;2021-08-20;1528;1046;98520;73785;26.1;19.6
971;2021-08-21;731;518;99251;74303;26.3;19.7
971;2021-08-22;363;272;99614;74575;26.4;19.8
971;2021-08-23;874;629;100488;75204;26.7;20.0
971;2021-08-24;1292;794;101780;75998;27.0;20.2
971;2021-08-25;1388;801;103168;76799;27.4;20.4
971;2021-08-26;1404;775;104572;77574;27.7;20.6
971;2021-08-27;1491;1099;106063;78673;28.1;20.9
971;2021-08-28;933;579;106996;79252;28.4;21.0
971;2021-08-29;222;239;107218;79491;28.4;21.1
971;2021-08-30;931;750;108149;80241;28.7;21.3
971;2021-08-31;1252;900;109401;81141;29.0;21.5
971;2021-09-01;1125;914;110526;82055;29.3;21.8
971;2021-09-02;1062;884;111588;82939;29.6;22.0
971;2021-09-03;975;1135;112563;84074;29.9;22.3
971;2021-09-04;533;629;113096;84703;30.0;22.5
971;2021-09-05;126;240;113222;84943;30.0;22.5
971;2021-09-06;604;705;113826;85648;30.2;22.7
971;2021-09-07;620;745;114446;86393;30.4;22.9
971;2021-09-08;692;1055;115138;87448;30.6;23.2
971;2021-09-09;634;1136;115772;88584;30.7;23.5
971;2021-09-10;734;1342;116506;89926;30.9;23.9
971;2021-09-11;402;696;116908;90622;31.0;24.0
971;2021-09-12;84;359;116992;90981;31.0;24.1
971;2021-09-13;357;655;117349;91636;31.1;24.3
971;2021-09-14;542;1146;117891;92782;31.3;24.6
971;2021-09-15;546;1166;118437;93948;31.4;24.9
971;2021-09-16;438;1084;118875;95032;31.5;25.2
971;2021-09-17;542;1478;119417;96510;31.7;25.6
971;2021-09-18;280;1019;119697;97529;31.8;25.9
971;2021-09-19;87;336;119784;97865;31.8;26.0
971;2021-09-20;233;963;120017;98828;31.8;26.2
971;2021-09-21;277;1190;120294;100018;31.9;26.5
971;2021-09-22;370;1194;120664;101212;32.0;26.9
971;2021-09-23;368;1223;121032;102435;32.1;27.2
971;2021-09-24;442;1279;121474;103714;32.2;27.5
971;2021-09-25;217;776;121691;104490;32.3;27.7
971;2021-09-26;72;227;121763;104717;32.3;27.8
971;2021-09-27;247;662;122010;105379;32.4;28.0
971;2021-09-28;241;831;122251;106210;32.4;28.2
972;2020-12-27;0;0;0;0;0.0;0.0
972;2020-12-28;0;0;0;0;0.0;0.0
972;2020-12-29;0;0;0;0;0.0;0.0
972;2020-12-30;0;0;0;0;0.0;0.0
972;2020-12-31;0;0;0;0;0.0;0.0
972;2021-01-01;0;0;0;0;0.0;0.0
972;2021-01-02;0;0;0;0;0.0;0.0
972;2021-01-03;0;0;0;0;0.0;0.0
972;2021-01-04;0;0;0;0;0.0;0.0
972;2021-01-05;0;0;0;0;0.0;0.0
972;2021-01-06;5;0;5;0;0.0;0.0
972;2021-01-07;31;0;36;0;0.0;0.0
972;2021-01-08;90;0;126;0;0.0;0.0
972;2021-01-09;20;0;146;0;0.0;0.0
972;2021-01-10;0;0;146;0;0.0;0.0
972;2021-01-11;122;0;268;0;0.1;0.0
972;2021-01-12;79;0;347;0;0.1;0.0
972;2021-01-13;65;0;412;0;0.1;0.0
972;2021-01-14;88;1;500;1;0.1;0.0
972;2021-01-15;171;0;671;1;0.2;0.0
972;2021-01-16;51;0;722;1;0.2;0.0
972;2021-01-17;0;0;722;1;0.2;0.0
972;2021-01-18;158;0;880;1;0.2;0.0
972;2021-01-19;168;1;1048;2;0.3;0.0
972;2021-01-20;170;0;1218;2;0.3;0.0
972;2021-01-21;181;2;1399;4;0.4;0.0
972;2021-01-22;173;0;1572;4;0.4;0.0
972;2021-01-23;58;0;1630;4;0.5;0.0
972;2021-01-24;0;0;1630;4;0.5;0.0
972;2021-01-25;161;1;1791;5;0.5;0.0
972;2021-01-26;138;1;1929;6;0.5;0.0
972;2021-01-27;163;4;2092;10;0.6;0.0
972;2021-01-28;152;10;2244;20;0.6;0.0
972;2021-01-29;143;39;2387;59;0.7;0.0
972;2021-01-30;96;16;2483;75;0.7;0.0
972;2021-01-31;0;0;2483;75;0.7;0.0
972;2021-02-01;119;56;2602;131;0.7;0.0
972;2021-02-02;184;74;2786;205;0.8;0.1
972;2021-02-03;132;63;2918;268;0.8;0.1
972;2021-02-04;160;58;3078;326;0.9;0.1
972;2021-02-05;123;74;3201;400;0.9;0.1
972;2021-02-06;63;18;3264;418;0.9;0.1
972;2021-02-07;1;0;3265;418;0.9;0.1
972;2021-02-08;137;54;3402;472;0.9;0.1
972;2021-02-09;177;58;3579;530;1.0;0.1
972;2021-02-10;153;66;3732;596;1.0;0.2
972;2021-02-11;149;74;3881;670;1.1;0.2
972;2021-02-12;152;99;4033;769;1.1;0.2
972;2021-02-13;47;26;4080;795;1.1;0.2
972;2021-02-14;0;0;4080;795;1.1;0.2
972;2021-02-15;51;63;4131;858;1.2;0.2
972;2021-02-16;0;0;4131;858;1.2;0.2
972;2021-02-17;1;3;4132;861;1.2;0.2
972;2021-02-18;69;101;4201;962;1.2;0.3
972;2021-02-19;69;106;4270;1068;1.2;0.3
972;2021-02-20;48;50;4318;1118;1.2;0.3
972;2021-02-21;0;0;4318;1118;1.2;0.3
972;2021-02-22;102;52;4420;1170;1.2;0.3
972;2021-02-23;113;203;4533;1373;1.3;0.4
972;2021-02-24;106;192;4639;1565;1.3;0.4
972;2021-02-25;93;123;4732;1688;1.3;0.5
972;2021-02-26;132;144;4864;1832;1.4;0.5
972;2021-02-27;69;46;4933;1878;1.4;0.5
972;2021-02-28;0;0;4933;1878;1.4;0.5
972;2021-03-01;138;124;5071;2002;1.4;0.6
972;2021-03-02;158;63;5229;2065;1.5;0.6
972;2021-03-03;179;129;5408;2194;1.5;0.6
972;2021-03-04;152;122;5560;2316;1.5;0.6
972;2021-03-05;236;105;5796;2421;1.6;0.7
972;2021-03-06;119;52;5915;2473;1.6;0.7
972;2021-03-07;100;3;6015;2476;1.7;0.7
972;2021-03-08;196;123;6211;2599;1.7;0.7
972;2021-03-09;283;94;6494;2693;1.8;0.8
972;2021-03-10;322;122;6816;2815;1.9;0.8
972;2021-03-11;336;70;7152;2885;2.0;0.8
972;2021-03-12;413;52;7565;2937;2.1;0.8
972;2021-03-13;155;16;7720;2953;2.2;0.8
972;2021-03-14;4;1;7724;2954;2.2;0.8
972;2021-03-15;277;88;8001;3042;2.2;0.8
972;2021-03-16;305;54;8306;3096;2.3;0.9
972;2021-03-17;388;44;8694;3140;2.4;0.9
972;2021-03-18;437;44;9131;3184;2.5;0.9
972;2021-03-19;401;58;9532;3242;2.7;0.9
972;2021-03-20;149;47;9681;3289;2.7;0.9
972;2021-03-21;25;1;9706;3290;2.7;0.9
972;2021-03-22;361;114;10067;3404;2.8;0.9
972;2021-03-23;404;121;10471;3525;2.9;1.0
972;2021-03-24;429;104;10900;3629;3.0;1.0
972;2021-03-25;491;97;11391;3726;3.2;1.0
972;2021-03-26;634;105;12025;3831;3.4;1.1
972;2021-03-27;154;69;12179;3900;3.4;1.1
972;2021-03-28;81;0;12260;3900;3.4;1.1
972;2021-03-29;423;164;12683;4064;3.5;1.1
972;2021-03-30;469;239;13152;4303;3.7;1.2
972;2021-03-31;1150;189;14302;4492;4.0;1.3
972;2021-04-01;955;169;15257;4661;4.3;1.3
972;2021-04-02;896;14;16153;4675;4.5;1.3
972;2021-04-03;789;57;16942;4732;4.7;1.3
972;2021-04-04;751;13;17693;4745;4.9;1.3
972;2021-04-05;828;44;18521;4789;5.2;1.3
972;2021-04-06;885;136;19406;4925;5.4;1.4
972;2021-04-07;1437;326;20843;5251;5.8;1.5
972;2021-04-08;1307;272;22150;5523;6.2;1.5
972;2021-04-09;1239;316;23389;5839;6.5;1.6
972;2021-04-10;838;164;24227;6003;6.8;1.7
972;2021-04-11;620;14;24847;6017;6.9;1.7
972;2021-04-12;867;317;25714;6334;7.2;1.8
972;2021-04-13;881;327;26595;6661;7.4;1.9
972;2021-04-14;959;321;27554;6982;7.7;1.9
972;2021-04-15;959;299;28513;7281;7.9;2.0
972;2021-04-16;997;296;29510;7577;8.2;2.1
972;2021-04-17;529;161;30039;7738;8.4;2.2
972;2021-04-18;339;56;30378;7794;8.5;2.2
972;2021-04-19;668;342;31046;8136;8.7;2.3
972;2021-04-20;866;307;31912;8443;8.9;2.4
972;2021-04-21;1002;353;32914;8796;9.2;2.5
972;2021-04-22;605;308;33519;9104;9.3;2.5
972;2021-04-23;614;463;34133;9567;9.5;2.7
972;2021-04-24;364;197;34497;9764;9.6;2.7
972;2021-04-25;168;199;34665;9963;9.7;2.8
972;2021-04-26;516;540;35181;10503;9.8;2.9
972;2021-04-27;568;606;35749;11109;10.0;3.1
972;2021-04-28;448;690;36197;11799;10.1;3.3
972;2021-04-29;654;640;36851;12439;10.3;3.5
972;2021-04-30;771;682;37622;13121;10.5;3.7
972;2021-05-01;244;246;37866;13367;10.6;3.7
972;2021-05-02;227;512;38093;13879;10.6;3.9
972;2021-05-03;569;769;38662;14648;10.8;4.1
972;2021-05-04;525;678;39187;15326;10.9;4.3
972;2021-05-05;548;896;39735;16222;11.1;4.5
972;2021-05-06;546;785;40281;17007;11.2;4.7
972;2021-05-07;629;1015;40910;18022;11.4;5.0
972;2021-05-08;225;525;41135;18547;11.5;5.2
972;2021-05-09;172;505;41307;19052;11.5;5.3
972;2021-05-10;519;855;41826;19907;11.7;5.5
972;2021-05-11;476;869;42302;20776;11.8;5.8
972;2021-05-12;560;910;42862;21686;11.9;6.0
972;2021-05-13;275;532;43137;22218;12.0;6.2
972;2021-05-14;388;746;43525;22964;12.1;6.4
972;2021-05-15;233;578;43758;23542;12.2;6.6
972;2021-05-16;155;442;43913;23984;12.2;6.7
972;2021-05-17;474;753;44387;24737;12.4;6.9
972;2021-05-18;445;678;44832;25415;12.5;7.1
972;2021-05-19;453;744;45285;26159;12.6;7.3
972;2021-05-20;594;498;45879;26657;12.8;7.4
972;2021-05-21;544;683;46423;27340;12.9;7.6
972;2021-05-22;186;359;46609;27699;13.0;7.7
972;2021-05-23;111;182;46720;27881;13.0;7.8
972;2021-05-24;135;241;46855;28122;13.1;7.8
972;2021-05-25;350;697;47205;28819;13.2;8.0
972;2021-05-26;382;712;47587;29531;13.3;8.2
972;2021-05-27;271;647;47858;30178;13.3;8.4
972;2021-05-28;280;815;48138;30993;13.4;8.6
972;2021-05-29;154;513;48292;31506;13.5;8.8
972;2021-05-30;17;33;48309;31539;13.5;8.8
972;2021-05-31;346;678;48655;32217;13.6;9.0
972;2021-06-01;299;543;48954;32760;13.6;9.1
972;2021-06-02;325;575;49279;33335;13.7;9.3
972;2021-06-03;247;424;49526;33759;13.8;9.4
972;2021-06-04;350;642;49876;34401;13.9;9.6
972;2021-06-05;260;371;50136;34772;14.0;9.7
972;2021-06-06;25;32;50161;34804;14.0;9.7
972;2021-06-07;260;735;50421;35539;14.1;9.9
972;2021-06-08;255;585;50676;36124;14.1;10.1
972;2021-06-09;303;697;50979;36821;14.2;10.3
972;2021-06-10;308;450;51287;37271;14.3;10.4
972;2021-06-11;358;533;51645;37804;14.4;10.5
972;2021-06-12;232;320;51877;38124;14.5;10.6
972;2021-06-13;32;29;51909;38153;14.5;10.6
972;2021-06-14;367;547;52276;38700;14.6;10.8
972;2021-06-15;410;487;52686;39187;14.7;10.9
972;2021-06-16;436;435;53122;39622;14.8;11.0
972;2021-06-17;354;573;53476;40195;14.9;11.2
972;2021-06-18;458;537;53934;40732;15.0;11.4
972;2021-06-19;225;196;54159;40928;15.1;11.4
972;2021-06-20;25;17;54184;40945;15.1;11.4
972;2021-06-21;332;579;54516;41524;15.2;11.6
972;2021-06-22;297;462;54813;41986;15.3;11.7
972;2021-06-23;421;562;55234;42548;15.4;11.9
972;2021-06-24;329;437;55563;42985;15.5;12.0
972;2021-06-25;313;387;55876;43372;15.6;12.1
972;2021-06-26;222;201;56098;43573;15.6;12.1
972;2021-06-27;16;23;56114;43596;15.6;12.2
972;2021-06-28;336;421;56450;44017;15.7;12.3
972;2021-06-29;329;430;56779;44447;15.8;12.4
972;2021-06-30;440;420;57219;44867;15.9;12.5
972;2021-07-01;351;394;57570;45261;16.0;12.6
972;2021-07-02;124;200;57694;45461;16.1;12.7
972;2021-07-03;100;118;57794;45579;16.1;12.7
972;2021-07-04;24;36;57818;45615;16.1;12.7
972;2021-07-05;494;580;58312;46195;16.3;12.9
972;2021-07-06;488;429;58800;46624;16.4;13.0
972;2021-07-07;612;493;59412;47117;16.6;13.1
972;2021-07-08;491;422;59903;47539;16.7;13.3
972;2021-07-09;629;581;60532;48120;16.9;13.4
972;2021-07-10;405;308;60937;48428;17.0;13.5
972;2021-07-11;52;38;60989;48466;17.0;13.5
972;2021-07-12;847;697;61836;49163;17.2;13.7
972;2021-07-13;1474;706;63310;49869;17.6;13.9
972;2021-07-14;133;65;63443;49934;17.7;13.9
972;2021-07-15;1603;680;65046;50614;18.1;14.1
972;2021-07-16;1632;660;66678;51274;18.6;14.3
972;2021-07-17;1094;367;67772;51641;18.9;14.4
972;2021-07-18;56;39;67828;51680;18.9;14.4
972;2021-07-19;1147;652;68975;52332;19.2;14.6
972;2021-07-20;1129;577;70104;52909;19.5;14.7
972;2021-07-21;1089;601;71193;53510;19.8;14.9
972;2021-07-22;906;519;72099;54029;20.1;15.1
972;2021-07-23;967;484;73066;54513;20.4;15.2
972;2021-07-24;505;223;73571;54736;20.5;15.3
972;2021-07-25;50;63;73621;54799;20.5;15.3
972;2021-07-26;685;524;74306;55323;20.7;15.4
972;2021-07-27;1029;515;75335;55838;21.0;15.6
972;2021-07-28;645;561;75980;56399;21.2;15.7
972;2021-07-29;840;548;76820;56947;21.4;15.9
972;2021-07-30;902;615;77722;57562;21.7;16.0
972;2021-07-31;559;275;78281;57837;21.8;16.1
972;2021-08-01;83;33;78364;57870;21.8;16.1
972;2021-08-02;812;815;79176;58685;22.1;16.4
972;2021-08-03;730;742;79906;59427;22.3;16.6
972;2021-08-04;786;568;80692;59995;22.5;16.7
972;2021-08-05;915;590;81607;60585;22.7;16.9
972;2021-08-06;1197;894;82804;61479;23.1;17.1
972;2021-08-07;667;570;83471;62049;23.3;17.3
972;2021-08-08;85;83;83556;62132;23.3;17.3
972;2021-08-09;1129;1064;84685;63196;23.6;17.6
972;2021-08-10;1199;1040;85884;64236;23.9;17.9
972;2021-08-11;1234;920;87118;65156;24.3;18.2
972;2021-08-12;1450;930;88568;66086;24.7;18.4
972;2021-08-13;1316;644;89884;66730;25.1;18.6
972;2021-08-14;846;322;90730;67052;25.3;18.7
972;2021-08-15;70;55;90800;67107;25.3;18.7
972;2021-08-16;1278;1045;92078;68152;25.7;19.0
972;2021-08-17;1177;1187;93255;69339;26.0;19.3
972;2021-08-18;1237;1173;94492;70512;26.3;19.7
972;2021-08-19;1285;892;95777;71404;26.7;19.9
972;2021-08-20;1328;893;97105;72297;27.1;20.2
972;2021-08-21;758;626;97863;72923;27.3;20.3
972;2021-08-22;47;82;97910;73005;27.3;20.3
972;2021-08-23;1181;859;99091;73864;27.6;20.6
972;2021-08-24;1374;878;100465;74742;28.0;20.8
972;2021-08-25;1076;768;101541;75510;28.3;21.0
972;2021-08-26;1279;801;102820;76311;28.7;21.3
972;2021-08-27;1282;1077;104102;77388;29.0;21.6
972;2021-08-28;778;755;104880;78143;29.2;21.8
972;2021-08-29;100;64;104980;78207;29.3;21.8
972;2021-08-30;1141;1126;106121;79333;29.6;22.1
972;2021-08-31;906;1106;107027;80439;29.8;22.4
972;2021-09-01;811;1133;107838;81572;30.1;22.7
972;2021-09-02;871;1213;108709;82785;30.3;23.1
972;2021-09-03;766;1315;109475;84100;30.5;23.4
972;2021-09-04;613;908;110088;85008;30.7;23.7
972;2021-09-05;144;135;110232;85143;30.7;23.7
972;2021-09-06;597;1064;110829;86207;30.9;24.0
972;2021-09-07;629;985;111458;87192;31.1;24.3
972;2021-09-08;586;1146;112044;88338;31.2;24.6
972;2021-09-09;516;1118;112560;89456;31.4;24.9
972;2021-09-10;579;1346;113139;90802;31.5;25.3
972;2021-09-11;486;921;113625;91723;31.7;25.6
972;2021-09-12;107;113;113732;91836;31.7;25.6
972;2021-09-13;460;1128;114192;92964;31.8;25.9
972;2021-09-14;477;1151;114669;94115;32.0;26.2
972;2021-09-15;385;1088;115054;95203;32.1;26.5
972;2021-09-16;375;1069;115429;96272;32.2;26.8
972;2021-09-17;587;1269;116016;97541;32.3;27.2
972;2021-09-18;422;928;116438;98469;32.5;27.4
972;2021-09-19;41;120;116479;98589;32.5;27.5
972;2021-09-20;357;921;116836;99510;32.6;27.7
972;2021-09-21;425;985;117261;100495;32.7;28.0
972;2021-09-22;354;853;117615;101348;32.8;28.3
972;2021-09-23;399;824;118014;102172;32.9;28.5
972;2021-09-24;448;974;118462;103146;33.0;28.8
972;2021-09-25;329;835;118791;103981;33.1;29.0
972;2021-09-26;29;184;118820;104165;33.1;29.0
972;2021-09-27;297;664;119117;104829;33.2;29.2
972;2021-09-28;374;665;119491;105494;33.3;29.4
973;2020-12-27;0;0;0;0;0.0;0.0
973;2020-12-28;0;0;0;0;0.0;0.0
973;2020-12-29;0;0;0;0;0.0;0.0
973;2020-12-30;0;0;0;0;0.0;0.0
973;2020-12-31;0;0;0;0;0.0;0.0
973;2021-01-01;0;0;0;0;0.0;0.0
973;2021-01-02;1;1;1;1;0.0;0.0
973;2021-01-03;0;0;1;1;0.0;0.0
973;2021-01-04;0;0;1;1;0.0;0.0
973;2021-01-05;0;0;1;1;0.0;0.0
973;2021-01-06;0;0;1;1;0.0;0.0
973;2021-01-07;0;0;1;1;0.0;0.0
973;2021-01-08;0;0;1;1;0.0;0.0
973;2021-01-09;0;0;1;1;0.0;0.0
973;2021-01-10;0;0;1;1;0.0;0.0
973;2021-01-11;0;0;1;1;0.0;0.0
973;2021-01-12;0;0;1;1;0.0;0.0
973;2021-01-13;30;0;31;1;0.0;0.0
973;2021-01-14;46;0;77;1;0.0;0.0
973;2021-01-15;35;0;112;1;0.0;0.0
973;2021-01-16;18;1;130;2;0.0;0.0
973;2021-01-17;0;0;130;2;0.0;0.0
973;2021-01-18;63;0;193;2;0.1;0.0
973;2021-01-19;151;1;344;3;0.1;0.0
973;2021-01-20;134;0;478;3;0.2;0.0
973;2021-01-21;118;0;596;3;0.2;0.0
973;2021-01-22;76;0;672;3;0.2;0.0
973;2021-01-23;0;0;672;3;0.2;0.0
973;2021-01-24;0;0;672;3;0.2;0.0
973;2021-01-25;56;0;728;3;0.3;0.0
973;2021-01-26;100;2;828;5;0.3;0.0
973;2021-01-27;109;1;937;6;0.3;0.0
973;2021-01-28;96;3;1033;9;0.4;0.0
973;2021-01-29;104;3;1137;12;0.4;0.0
973;2021-01-30;0;0;1137;12;0.4;0.0
973;2021-01-31;0;0;1137;12;0.4;0.0
973;2021-02-01;54;0;1191;12;0.4;0.0
973;2021-02-02;122;5;1313;17;0.5;0.0
973;2021-02-03;119;6;1432;23;0.5;0.0
973;2021-02-04;79;25;1511;48;0.5;0.0
973;2021-02-05;65;8;1576;56;0.5;0.0
973;2021-02-06;0;0;1576;56;0.5;0.0
973;2021-02-07;0;0;1576;56;0.5;0.0
973;2021-02-08;52;12;1628;68;0.6;0.0
973;2021-02-09;92;38;1720;106;0.6;0.0
973;2021-02-10;101;37;1821;143;0.6;0.0
973;2021-02-11;105;90;1926;233;0.7;0.1
973;2021-02-12;89;59;2015;292;0.7;0.1
973;2021-02-13;0;0;2015;292;0.7;0.1
973;2021-02-14;0;0;2015;292;0.7;0.1
973;2021-02-15;27;57;2042;349;0.7;0.1
973;2021-02-16;123;45;2165;394;0.7;0.1
973;2021-02-17;145;111;2310;505;0.8;0.2
973;2021-02-18;103;124;2413;629;0.8;0.2
973;2021-02-19;122;70;2535;699;0.9;0.2
973;2021-02-20;0;0;2535;699;0.9;0.2
973;2021-02-21;0;0;2535;699;0.9;0.2
973;2021-02-22;78;46;2613;745;0.9;0.3
973;2021-02-23;158;99;2771;844;1.0;0.3
973;2021-02-24;190;118;2961;962;1.0;0.3
973;2021-02-25;259;86;3220;1048;1.1;0.4
973;2021-02-26;264;62;3484;1110;1.2;0.4
973;2021-02-27;121;1;3605;1111;1.2;0.4
973;2021-02-28;0;0;3605;1111;1.2;0.4
973;2021-03-01;182;83;3787;1194;1.3;0.4
973;2021-03-02;256;103;4043;1297;1.4;0.4
973;2021-03-03;255;122;4298;1419;1.5;0.5
973;2021-03-04;281;84;4579;1503;1.6;0.5
973;2021-03-05;274;46;4853;1549;1.7;0.5
973;2021-03-06;118;2;4971;1551;1.7;0.5
973;2021-03-07;0;0;4971;1551;1.7;0.5
973;2021-03-08;188;39;5159;1590;1.8;0.5
973;2021-03-09;353;87;5512;1677;1.9;0.6
973;2021-03-10;360;105;5872;1782;2.0;0.6
973;2021-03-11;271;110;6143;1892;2.1;0.7
973;2021-03-12;288;96;6431;1988;2.2;0.7
973;2021-03-13;112;4;6543;1992;2.3;0.7
973;2021-03-14;0;0;6543;1992;2.3;0.7
973;2021-03-15;181;27;6724;2019;2.3;0.7
973;2021-03-16;243;140;6967;2159;2.4;0.7
973;2021-03-17;274;127;7241;2286;2.5;0.8
973;2021-03-18;249;154;7490;2440;2.6;0.8
973;2021-03-19;283;128;7773;2568;2.7;0.9
973;2021-03-20;259;17;8032;2585;2.8;0.9
973;2021-03-21;119;2;8151;2587;2.8;0.9
973;2021-03-22;219;109;8370;2696;2.9;0.9
973;2021-03-23;275;193;8645;2889;3.0;1.0
973;2021-03-24;235;215;8880;3104;3.1;1.1
973;2021-03-25;167;179;9047;3283;3.1;1.1
973;2021-03-26;189;301;9236;3584;3.2;1.2
973;2021-03-27;58;93;9294;3677;3.2;1.3
973;2021-03-28;0;0;9294;3677;3.2;1.3
973;2021-03-29;175;246;9469;3923;3.3;1.3
973;2021-03-30;446;237;9915;4160;3.4;1.4
973;2021-03-31;318;291;10233;4451;3.5;1.5
973;2021-04-01;446;260;10679;4711;3.7;1.6
973;2021-04-02;309;277;10988;4988;3.8;1.7
973;2021-04-03;159;121;11147;5109;3.8;1.8
973;2021-04-04;0;0;11147;5109;3.8;1.8
973;2021-04-05;118;14;11265;5123;3.9;1.8
973;2021-04-06;441;334;11706;5457;4.0;1.9
973;2021-04-07;502;344;12208;5801;4.2;2.0
973;2021-04-08;513;269;12721;6070;4.4;2.1
973;2021-04-09;498;226;13219;6296;4.5;2.2
973;2021-04-10;147;90;13366;6386;4.6;2.2
973;2021-04-11;2;0;13368;6386;4.6;2.2
973;2021-04-12;551;267;13919;6653;4.8;2.3
973;2021-04-13;673;244;14592;6897;5.0;2.4
973;2021-04-14;721;313;15313;7210;5.3;2.5
973;2021-04-15;776;248;16089;7458;5.5;2.6
973;2021-04-16;761;304;16850;7762;5.8;2.7
973;2021-04-17;499;137;17349;7899;6.0;2.7
973;2021-04-18;499;46;17848;7945;6.1;2.7
973;2021-04-19;715;252;18563;8197;6.4;2.8
973;2021-04-20;607;280;19170;8477;6.6;2.9
973;2021-04-21;873;250;20043;8727;6.9;3.0
973;2021-04-22;727;231;20770;8958;7.1;3.1
973;2021-04-23;705;232;21475;9190;7.4;3.2
973;2021-04-24;524;97;21999;9287;7.6;3.2
973;2021-04-25;611;50;22610;9337;7.8;3.2
973;2021-04-26;779;233;23389;9570;8.0;3.3
973;2021-04-27;818;344;24207;9914;8.3;3.4
973;2021-04-28;746;331;24953;10245;8.6;3.5
973;2021-04-29;665;285;25618;10530;8.8;3.6
973;2021-04-30;711;260;26329;10790;9.1;3.7
973;2021-05-01;211;29;26540;10819;9.1;3.7
973;2021-05-02;602;85;27142;10904;9.3;3.8
973;2021-05-03;554;390;27696;11294;9.5;3.9
973;2021-05-04;664;327;28360;11621;9.8;4.0
973;2021-05-05;700;455;29060;12076;10.0;4.2
973;2021-05-06;694;477;29754;12553;10.2;4.3
973;2021-05-07;595;474;30349;13027;10.4;4.5
973;2021-05-08;343;59;30692;13086;10.6;4.5
973;2021-05-09;262;72;30954;13158;10.6;4.5
973;2021-05-10;440;611;31394;13769;10.8;4.7
973;2021-05-11;398;497;31792;14266;10.9;4.9
973;2021-05-12;515;647;32307;14913;11.1;5.1
973;2021-05-13;333;99;32640;15012;11.2;5.2
973;2021-05-14;485;555;33125;15567;11.4;5.4
973;2021-05-15;256;348;33381;15915;11.5;5.5
973;2021-05-16;207;210;33588;16125;11.6;5.5
973;2021-05-17;445;599;34033;16724;11.7;5.8
973;2021-05-18;564;568;34597;17292;11.9;5.9
973;2021-05-19;534;552;35131;17844;12.1;6.1
973;2021-05-20;643;451;35774;18295;12.3;6.3
973;2021-05-21;505;609;36279;18904;12.5;6.5
973;2021-05-22;167;500;36446;19404;12.5;6.7
973;2021-05-23;271;475;36717;19879;12.6;6.8
973;2021-05-24;562;249;37279;20128;12.8;6.9
973;2021-05-25;501;745;37780;20873;13.0;7.2
973;2021-05-26;453;684;38233;21557;13.2;7.4
973;2021-05-27;712;527;38945;22084;13.4;7.6
973;2021-05-28;579;554;39524;22638;13.6;7.8
973;2021-05-29;259;360;39783;22998;13.7;7.9
973;2021-05-30;151;399;39934;23397;13.7;8.0
973;2021-05-31;356;573;40290;23970;13.9;8.2
973;2021-06-01;421;467;40711;24437;14.0;8.4
973;2021-06-02;563;554;41274;24991;14.2;8.6
973;2021-06-03;524;470;41798;25461;14.4;8.8
973;2021-06-04;601;496;42399;25957;14.6;8.9
973;2021-06-05;273;292;42672;26249;14.7;9.0
973;2021-06-06;211;301;42883;26550;14.8;9.1
973;2021-06-07;488;452;43371;27002;14.9;9.3
973;2021-06-08;544;315;43915;27317;15.1;9.4
973;2021-06-09;530;390;44445;27707;15.3;9.5
973;2021-06-10;358;290;44803;27997;15.4;9.6
973;2021-06-11;436;466;45239;28463;15.6;9.8
973;2021-06-12;170;283;45409;28746;15.6;9.9
973;2021-06-13;214;269;45623;29015;15.7;10.0
973;2021-06-14;384;549;46007;29564;15.8;10.2
973;2021-06-15;376;445;46383;30009;16.0;10.3
973;2021-06-16;486;459;46869;30468;16.1;10.5
973;2021-06-17;436;578;47305;31046;16.3;10.7
973;2021-06-18;386;562;47691;31608;16.4;10.9
973;2021-06-19;235;260;47926;31868;16.5;11.0
973;2021-06-20;126;270;48052;32138;16.5;11.1
973;2021-06-21;335;601;48387;32739;16.6;11.3
973;2021-06-22;375;462;48762;33201;16.8;11.4
973;2021-06-23;342;539;49104;33740;16.9;11.6
973;2021-06-24;444;500;49548;34240;17.0;11.8
973;2021-06-25;445;559;49993;34799;17.2;12.0
973;2021-06-26;172;320;50165;35119;17.3;12.1
973;2021-06-27;121;170;50286;35289;17.3;12.1
973;2021-06-28;314;593;50600;35882;17.4;12.3
973;2021-06-29;376;506;50976;36388;17.5;12.5
973;2021-06-30;410;680;51386;37068;17.7;12.8
973;2021-07-01;431;399;51817;37467;17.8;12.9
973;2021-07-02;511;524;52328;37991;18.0;13.1
973;2021-07-03;210;275;52538;38266;18.1;13.2
973;2021-07-04;86;243;52624;38509;18.1;13.2
973;2021-07-05;361;546;52985;39055;18.2;13.4
973;2021-07-06;373;473;53358;39528;18.4;13.6
973;2021-07-07;375;415;53733;39943;18.5;13.7
973;2021-07-08;316;328;54049;40271;18.6;13.9
973;2021-07-09;393;434;54442;40705;18.7;14.0
973;2021-07-10;168;278;54610;40983;18.8;14.1
973;2021-07-11;102;163;54712;41146;18.8;14.2
973;2021-07-12;403;497;55115;41643;19.0;14.3
973;2021-07-13;682;560;55797;42203;19.2;14.5
973;2021-07-14;392;161;56189;42364;19.3;14.6
973;2021-07-15;658;527;56847;42891;19.6;14.8
973;2021-07-16;602;485;57449;43376;19.8;14.9
973;2021-07-17;345;285;57794;43661;19.9;15.0
973;2021-07-18;251;124;58045;43785;20.0;15.1
973;2021-07-19;524;459;58569;44244;20.1;15.2
973;2021-07-20;571;494;59140;44738;20.3;15.4
973;2021-07-21;709;397;59849;45135;20.6;15.5
973;2021-07-22;660;452;60509;45587;20.8;15.7
973;2021-07-23;609;370;61118;45957;21.0;15.8
973;2021-07-24;325;241;61443;46198;21.1;15.9
973;2021-07-25;166;111;61609;46309;21.2;15.9
973;2021-07-26;446;345;62055;46654;21.3;16.0
973;2021-07-27;551;358;62606;47012;21.5;16.2
973;2021-07-28;468;370;63074;47382;21.7;16.3
973;2021-07-29;536;431;63610;47813;21.9;16.4
973;2021-07-30;541;408;64151;48221;22.1;16.6
973;2021-07-31;203;163;64354;48384;22.1;16.6
973;2021-08-01;139;132;64493;48516;22.2;16.7
973;2021-08-02;397;432;64890;48948;22.3;16.8
973;2021-08-03;432;402;65322;49350;22.5;17.0
973;2021-08-04;308;373;65630;49723;22.6;17.1
973;2021-08-05;343;363;65973;50086;22.7;17.2
973;2021-08-06;364;525;66337;50611;22.8;17.4
973;2021-08-07;164;266;66501;50877;22.9;17.5
973;2021-08-08;123;177;66624;51054;22.9;17.6
973;2021-08-09;332;473;66956;51527;23.0;17.7
973;2021-08-10;361;516;67317;52043;23.2;17.9
973;2021-08-11;584;517;67901;52560;23.4;18.1
973;2021-08-12;550;584;68451;53144;23.5;18.3
973;2021-08-13;367;234;68818;53378;23.7;18.4
973;2021-08-14;253;401;69071;53779;23.8;18.5
973;2021-08-15;122;138;69193;53917;23.8;18.5
973;2021-08-16;307;472;69500;54389;23.9;18.7
973;2021-08-17;371;400;69871;54789;24.0;18.8
973;2021-08-18;368;445;70239;55234;24.2;19.0
973;2021-08-19;331;481;70570;55715;24.3;19.2
973;2021-08-20;313;400;70883;56115;24.4;19.3
973;2021-08-21;161;257;71044;56372;24.4;19.4
973;2021-08-22;115;183;71159;56555;24.5;19.5
973;2021-08-23;286;384;71445;56939;24.6;19.6
973;2021-08-24;310;465;71755;57404;24.7;19.7
973;2021-08-25;284;347;72039;57751;24.8;19.9
973;2021-08-26;314;404;72353;58155;24.9;20.0
973;2021-08-27;365;426;72718;58581;25.0;20.2
973;2021-08-28;143;266;72861;58847;25.1;20.2
973;2021-08-29;87;186;72948;59033;25.1;20.3
973;2021-08-30;218;348;73166;59381;25.2;20.4
973;2021-08-31;298;377;73464;59758;25.3;20.6
973;2021-09-01;254;400;73718;60158;25.4;20.7
973;2021-09-02;298;410;74016;60568;25.5;20.8
973;2021-09-03;272;353;74288;60921;25.6;21.0
973;2021-09-04;147;201;74435;61122;25.6;21.0
973;2021-09-05;71;93;74506;61215;25.6;21.1
973;2021-09-06;168;239;74674;61454;25.7;21.1
973;2021-09-07;202;264;74876;61718;25.8;21.2
973;2021-09-08;217;421;75093;62139;25.8;21.4
973;2021-09-09;215;313;75308;62452;25.9;21.5
973;2021-09-10;224;325;75532;62777;26.0;21.6
973;2021-09-11;124;295;75656;63072;26.0;21.7
973;2021-09-12;60;98;75716;63170;26.0;21.7
973;2021-09-13;219;236;75935;63406;26.1;21.8
973;2021-09-14;264;307;76199;63713;26.2;21.9
973;2021-09-15;345;330;76544;64043;26.3;22.0
973;2021-09-16;264;239;76808;64282;26.4;22.1
973;2021-09-17;215;242;77023;64524;26.5;22.2
973;2021-09-18;113;242;77136;64766;26.5;22.3
973;2021-09-19;55;150;77191;64916;26.6;22.3
973;2021-09-20;146;185;77337;65101;26.6;22.4
973;2021-09-21;194;201;77531;65302;26.7;22.5
973;2021-09-22;184;348;77715;65650;26.7;22.6
973;2021-09-23;245;236;77960;65886;26.8;22.7
973;2021-09-24;256;306;78216;66192;26.9;22.8
973;2021-09-25;113;257;78329;66449;26.9;22.9
973;2021-09-26;39;93;78368;66542;27.0;22.9
973;2021-09-27;158;165;78526;66707;27.0;22.9
973;2021-09-28;155;203;78681;66910;27.1;23.0
974;2020-12-27;0;0;0;0;0.0;0.0
974;2020-12-28;0;0;0;0;0.0;0.0
974;2020-12-29;0;0;0;0;0.0;0.0
974;2020-12-30;0;0;0;0;0.0;0.0
974;2020-12-31;0;0;0;0;0.0;0.0
974;2021-01-01;1;0;1;0;0.0;0.0
974;2021-01-02;0;0;1;0;0.0;0.0
974;2021-01-03;0;0;1;0;0.0;0.0
974;2021-01-04;0;0;1;0;0.0;0.0
974;2021-01-05;2;0;3;0;0.0;0.0
974;2021-01-06;0;0;3;0;0.0;0.0
974;2021-01-07;0;0;3;0;0.0;0.0
974;2021-01-08;0;0;3;0;0.0;0.0
974;2021-01-09;1;0;4;0;0.0;0.0
974;2021-01-10;0;0;4;0;0.0;0.0
974;2021-01-11;0;0;4;0;0.0;0.0
974;2021-01-12;0;0;4;0;0.0;0.0
974;2021-01-13;0;0;4;0;0.0;0.0
974;2021-01-14;0;0;4;0;0.0;0.0
974;2021-01-15;335;0;339;0;0.0;0.0
974;2021-01-16;27;0;366;0;0.0;0.0
974;2021-01-17;0;0;366;0;0.0;0.0
974;2021-01-18;49;1;415;1;0.0;0.0
974;2021-01-19;395;0;810;1;0.1;0.0
974;2021-01-20;485;1;1295;2;0.2;0.0
974;2021-01-21;614;2;1909;4;0.2;0.0
974;2021-01-22;414;1;2323;5;0.3;0.0
974;2021-01-23;75;0;2398;5;0.3;0.0
974;2021-01-24;0;0;2398;5;0.3;0.0
974;2021-01-25;273;2;2671;7;0.3;0.0
974;2021-01-26;429;0;3100;7;0.4;0.0
974;2021-01-27;316;0;3416;7;0.4;0.0
974;2021-01-28;409;0;3825;7;0.4;0.0
974;2021-01-29;422;3;4247;10;0.5;0.0
974;2021-01-30;421;1;4668;11;0.5;0.0
974;2021-01-31;0;0;4668;11;0.5;0.0
974;2021-02-01;373;4;5041;15;0.6;0.0
974;2021-02-02;502;3;5543;18;0.6;0.0
974;2021-02-03;602;9;6145;27;0.7;0.0
974;2021-02-04;629;16;6774;43;0.8;0.0
974;2021-02-05;564;97;7338;140;0.9;0.0
974;2021-02-06;501;6;7839;146;0.9;0.0
974;2021-02-07;0;8;7839;154;0.9;0.0
974;2021-02-08;470;32;8309;186;1.0;0.0
974;2021-02-09;787;63;9096;249;1.1;0.0
974;2021-02-10;820;86;9916;335;1.2;0.0
974;2021-02-11;795;86;10711;421;1.2;0.0
974;2021-02-12;638;91;11349;512;1.3;0.1
974;2021-02-13;655;75;12004;587;1.4;0.1
974;2021-02-14;1;0;12005;587;1.4;0.1
974;2021-02-15;526;123;12531;710;1.5;0.1
974;2021-02-16;651;524;13182;1234;1.5;0.1
974;2021-02-17;593;311;13775;1545;1.6;0.2
974;2021-02-18;495;383;14270;1928;1.7;0.2
974;2021-02-19;497;305;14767;2233;1.7;0.3
974;2021-02-20;577;106;15344;2339;1.8;0.3
974;2021-02-21;0;0;15344;2339;1.8;0.3
974;2021-02-22;403;208;15747;2547;1.8;0.3
974;2021-02-23;608;201;16355;2748;1.9;0.3
974;2021-02-24;583;219;16938;2967;2.0;0.3
974;2021-02-25;649;247;17587;3214;2.0;0.4
974;2021-02-26;485;407;18072;3621;2.1;0.4
974;2021-02-27;384;396;18456;4017;2.1;0.5
974;2021-02-28;0;0;18456;4017;2.1;0.5
974;2021-03-01;293;327;18749;4344;2.2;0.5
974;2021-03-02;487;434;19236;4778;2.2;0.6
974;2021-03-03;757;487;19993;5265;2.3;0.6
974;2021-03-04;778;450;20771;5715;2.4;0.7
974;2021-03-05;729;470;21500;6185;2.5;0.7
974;2021-03-06;813;496;22313;6681;2.6;0.8
974;2021-03-07;0;0;22313;6681;2.6;0.8
974;2021-03-08;436;494;22749;7175;2.6;0.8
974;2021-03-09;671;742;23420;7917;2.7;0.9
974;2021-03-10;644;795;24064;8712;2.8;1.0
974;2021-03-11;700;603;24764;9315;2.9;1.1
974;2021-03-12;731;644;25495;9959;3.0;1.2
974;2021-03-13;669;577;26164;10536;3.0;1.2
974;2021-03-14;2;0;26166;10536;3.0;1.2
974;2021-03-15;508;485;26674;11021;3.1;1.3
974;2021-03-16;681;675;27355;11696;3.2;1.4
974;2021-03-17;848;517;28203;12213;3.3;1.4
974;2021-03-18;1022;492;29225;12705;3.4;1.5
974;2021-03-19;786;524;30011;13229;3.5;1.5
974;2021-03-20;578;585;30589;13814;3.6;1.6
974;2021-03-21;0;0;30589;13814;3.6;1.6
974;2021-03-22;566;459;31155;14273;3.6;1.7
974;2021-03-23;780;633;31935;14906;3.7;1.7
974;2021-03-24;791;640;32726;15546;3.8;1.8
974;2021-03-25;934;531;33660;16077;3.9;1.9
974;2021-03-26;923;447;34583;16524;4.0;1.9
974;2021-03-27;781;334;35364;16858;4.1;2.0
974;2021-03-28;1;0;35365;16858;4.1;2.0
974;2021-03-29;960;270;36325;17128;4.2;2.0
974;2021-03-30;884;493;37209;17621;4.3;2.0
974;2021-03-31;736;652;37945;18273;4.4;2.1
974;2021-04-01;718;705;38663;18978;4.5;2.2
974;2021-04-02;688;753;39351;19731;4.6;2.3
974;2021-04-03;699;696;40050;20427;4.7;2.4
974;2021-04-04;0;0;40050;20427;4.7;2.4
974;2021-04-05;0;0;40050;20427;4.7;2.4
974;2021-04-06;796;635;40846;21062;4.7;2.4
974;2021-04-07;1367;780;42213;21842;4.9;2.5
974;2021-04-08;1792;771;44005;22613;5.1;2.6
974;2021-04-09;1509;775;45514;23388;5.3;2.7
974;2021-04-10;1137;643;46651;24031;5.4;2.8
974;2021-04-11;2;0;46653;24031;5.4;2.8
974;2021-04-12;1237;547;47890;24578;5.6;2.9
974;2021-04-13;1439;750;49329;25328;5.7;2.9
974;2021-04-14;2068;769;51397;26097;6.0;3.0
974;2021-04-15;2506;954;53903;27051;6.3;3.1
974;2021-04-16;1936;783;55839;27834;6.5;3.2
974;2021-04-17;1290;603;57129;28437;6.6;3.3
974;2021-04-18;0;0;57129;28437;6.6;3.3
974;2021-04-19;1374;562;58503;28999;6.8;3.4
974;2021-04-20;1651;804;60154;29803;7.0;3.5
974;2021-04-21;2124;626;62278;30429;7.2;3.5
974;2021-04-22;2952;821;65230;31250;7.6;3.6
974;2021-04-23;2311;820;67541;32070;7.9;3.7
974;2021-04-24;1111;803;68652;32873;8.0;3.8
974;2021-04-25;3;0;68655;32873;8.0;3.8
974;2021-04-26;1172;912;69827;33785;8.1;3.9
974;2021-04-27;1687;1027;71514;34812;8.3;4.0
974;2021-04-28;2900;747;74414;35559;8.7;4.1
974;2021-04-29;3947;814;78361;36373;9.1;4.2
974;2021-04-30;3450;905;81811;37278;9.5;4.3
974;2021-05-01;2106;227;83917;37505;9.8;4.4
974;2021-05-02;1;0;83918;37505;9.8;4.4
974;2021-05-03;1865;575;85783;38080;10.0;4.4
974;2021-05-04;2127;1092;87910;39172;10.2;4.6
974;2021-05-05;3119;1642;91029;40814;10.6;4.7
974;2021-05-06;4001;1587;95030;42401;11.1;4.9
974;2021-05-07;3229;1524;98259;43925;11.4;5.1
974;2021-05-08;1578;504;99837;44429;11.6;5.2
974;2021-05-09;2;1;99839;44430;11.6;5.2
974;2021-05-10;2413;1001;102252;45431;11.9;5.3
974;2021-05-11;3650;1640;105902;47071;12.3;5.5
974;2021-05-12;4721;2403;110623;49474;12.9;5.8
974;2021-05-13;3553;597;114176;50071;13.3;5.8
974;2021-05-14;5276;2519;119452;52590;13.9;6.1
974;2021-05-15;3157;1536;122609;54126;14.3;6.3
974;2021-05-16;17;18;122626;54144;14.3;6.3
974;2021-05-17;2996;1496;125622;55640;14.6;6.5
974;2021-05-18;3763;1804;129385;57444;15.0;6.7
974;2021-05-19;4688;2433;134073;59877;15.6;7.0
974;2021-05-20;5139;2853;139212;62730;16.2;7.3
974;2021-05-21;4996;2629;144208;65359;16.8;7.6
974;2021-05-22;3371;1255;147579;66614;17.2;7.7
974;2021-05-23;6;3;147585;66617;17.2;7.7
974;2021-05-24;3644;1078;151229;67695;17.6;7.9
974;2021-05-25;4248;1916;155477;69611;18.1;8.1
974;2021-05-26;4987;2992;160464;72603;18.7;8.4
974;2021-05-27;4620;4101;165084;76704;19.2;8.9
974;2021-05-28;4385;3837;169469;80541;19.7;9.4
974;2021-05-29;2554;2456;172023;82997;20.0;9.7
974;2021-05-30;8;14;172031;83011;20.0;9.7
974;2021-05-31;2347;2247;174378;85258;20.3;9.9
974;2021-06-01;3301;2761;177679;88019;20.7;10.2
974;2021-06-02;3968;3363;181647;91382;21.1;10.6
974;2021-06-03;4041;3652;185688;95034;21.6;11.1
974;2021-06-04;3849;3759;189537;98793;22.0;11.5
974;2021-06-05;2213;1931;191750;100724;22.3;11.7
974;2021-06-06;1074;134;192824;100858;22.4;11.7
974;2021-06-07;2012;2526;194836;103384;22.7;12.0
974;2021-06-08;2558;3338;197394;106722;23.0;12.4
974;2021-06-09;2983;4836;200377;111558;23.3;13.0
974;2021-06-10;3411;4462;203788;116020;23.7;13.5
974;2021-06-11;2840;4622;206628;120642;24.0;14.0
974;2021-06-12;1726;3376;208354;124018;24.2;14.4
974;2021-06-13;1324;246;209678;124264;24.4;14.4
974;2021-06-14;1488;3183;211166;127447;24.6;14.8
974;2021-06-15;2060;3616;213226;131063;24.8;15.2
974;2021-06-16;2748;4658;215974;135721;25.1;15.8
974;2021-06-17;2521;4894;218495;140615;25.4;16.4
974;2021-06-18;2595;4889;221090;145504;25.7;16.9
974;2021-06-19;1300;3516;222390;149020;25.9;17.3
974;2021-06-20;633;289;223023;149309;25.9;17.4
974;2021-06-21;1265;3235;224288;152544;26.1;17.7
974;2021-06-22;1620;3760;225908;156304;26.3;18.2
974;2021-06-23;2257;4993;228165;161297;26.5;18.8
974;2021-06-24;2280;4069;230445;165366;26.8;19.2
974;2021-06-25;2188;4106;232633;169472;27.1;19.7
974;2021-06-26;1401;2712;234034;172184;27.2;20.0
974;2021-06-27;664;268;234698;172452;27.3;20.1
974;2021-06-28;1307;2480;236005;174932;27.4;20.3
974;2021-06-29;1755;2846;237760;177778;27.6;20.7
974;2021-06-30;2561;3843;240321;181621;27.9;21.1
974;2021-07-01;2699;3826;243020;185447;28.3;21.6
974;2021-07-02;2511;3708;245531;189155;28.6;22.0
974;2021-07-03;1613;2456;247144;191611;28.7;22.3
974;2021-07-04;881;1038;248025;192649;28.8;22.4
974;2021-07-05;1696;2221;249721;194870;29.0;22.7
974;2021-07-06;2569;2545;252290;197415;29.3;23.0
974;2021-07-07;2664;3134;254954;200549;29.6;23.3
974;2021-07-08;2417;3172;257371;203721;29.9;23.7
974;2021-07-09;2761;3427;260132;207148;30.2;24.1
974;2021-07-10;1618;2192;261750;209340;30.4;24.3
974;2021-07-11;729;1017;262479;210357;30.5;24.5
974;2021-07-12;1745;2604;264224;212961;30.7;24.8
974;2021-07-13;4431;3345;268655;216306;31.2;25.2
974;2021-07-14;3300;607;271955;216913;31.6;25.2
974;2021-07-15;5556;4022;277511;220935;32.3;25.7
974;2021-07-16;6240;3299;283751;224234;33.0;26.1
974;2021-07-17;4373;1912;288124;226146;33.5;26.3
974;2021-07-18;2674;764;290798;226910;33.8;26.4
974;2021-07-19;4650;2030;295448;228940;34.4;26.6
974;2021-07-20;6233;2426;301681;231366;35.1;26.9
974;2021-07-21;6746;2860;308427;234226;35.9;27.2
974;2021-07-22;7140;2825;315567;237051;36.7;27.6
974;2021-07-23;6643;2980;322210;240031;37.5;27.9
974;2021-07-24;3800;2066;326010;242097;37.9;28.2
974;2021-07-25;2522;754;328532;242851;38.2;28.2
974;2021-07-26;4371;2097;332903;244948;38.7;28.5
974;2021-07-27;5442;2560;338345;247508;39.3;28.8
974;2021-07-28;5396;2904;343741;250412;40.0;29.1
974;2021-07-29;5743;2809;349484;253221;40.6;29.4
974;2021-07-30;5874;2581;355358;255802;41.3;29.7
974;2021-07-31;3936;1648;359294;257450;41.8;29.9
974;2021-08-01;1907;715;361201;258165;42.0;30.0
974;2021-08-02;3434;1865;364635;260030;42.4;30.2
974;2021-08-03;4300;4072;368935;264102;42.9;30.7
974;2021-08-04;4877;4232;373812;268334;43.5;31.2
974;2021-08-05;4444;4667;378256;273001;44.0;31.7
974;2021-08-06;4082;5104;382338;278105;44.5;32.3
974;2021-08-07;2748;4040;385086;282145;44.8;32.8
974;2021-08-08;1481;2265;386567;284410;45.0;33.1
974;2021-08-09;2574;4523;389141;288933;45.3;33.6
974;2021-08-10;3790;4961;392931;293894;45.7;34.2
974;2021-08-11;4634;5448;397565;299342;46.2;34.8
974;2021-08-12;4714;5917;402279;305259;46.8;35.5
974;2021-08-13;4457;5827;406736;311086;47.3;36.2
974;2021-08-14;2607;4329;409343;315415;47.6;36.7
974;2021-08-15;1573;2175;410916;317590;47.8;36.9
974;2021-08-16;2344;4180;413260;321770;48.1;37.4
974;2021-08-17;3184;4525;416444;326295;48.4;37.9
974;2021-08-18;3347;5901;419791;332196;48.8;38.6
974;2021-08-19;3311;4907;423102;337103;49.2;39.2
974;2021-08-20;3440;5273;426542;342376;49.6;39.8
974;2021-08-21;1835;4615;428377;346991;49.8;40.3
974;2021-08-22;1019;1944;429396;348935;49.9;40.6
974;2021-08-23;1814;3326;431210;352261;50.1;41.0
974;2021-08-24;2460;3773;433670;356034;50.4;41.4
974;2021-08-25;2904;5216;436574;361250;50.8;42.0
974;2021-08-26;2664;3870;439238;365120;51.1;42.5
974;2021-08-27;2777;4009;442015;369129;51.4;42.9
974;2021-08-28;1863;3880;443878;373009;51.6;43.4
974;2021-08-29;760;1573;444638;374582;51.7;43.6
974;2021-08-30;1565;2532;446203;377114;51.9;43.9
974;2021-08-31;1863;3350;448066;380464;52.1;44.2
974;2021-09-01;2408;4908;450474;385372;52.4;44.8
974;2021-09-02;2252;4316;452726;389688;52.6;45.3
974;2021-09-03;2337;4540;455063;394228;52.9;45.8
974;2021-09-04;1583;3920;456646;398148;53.1;46.3
974;2021-09-05;606;1338;457252;399486;53.2;46.5
974;2021-09-06;1213;2552;458465;402038;53.3;46.8
974;2021-09-07;1368;3204;459833;405242;53.5;47.1
974;2021-09-08;2094;3960;461927;409202;53.7;47.6
974;2021-09-09;1786;3431;463713;412633;53.9;48.0
974;2021-09-10;1918;3817;465631;416450;54.1;48.4
974;2021-09-11;1521;2509;467152;418959;54.3;48.7
974;2021-09-12;389;969;467541;419928;54.4;48.8
974;2021-09-13;1073;1940;468614;421868;54.5;49.1
974;2021-09-14;1504;2457;470118;424325;54.7;49.3
974;2021-09-15;1814;3025;471932;427350;54.9;49.7
974;2021-09-16;1381;2781;473313;430131;55.0;50.0
974;2021-09-17;1481;3061;474794;433192;55.2;50.4
974;2021-09-18;1197;1956;475991;435148;55.4;50.6
974;2021-09-19;290;717;476281;435865;55.4;50.7
974;2021-09-20;715;1631;476996;437496;55.5;50.9
974;2021-09-21;836;1814;477832;439310;55.6;51.1
974;2021-09-22;1244;2516;479076;441826;55.7;51.4
974;2021-09-23;839;2119;479915;443945;55.8;51.6
974;2021-09-24;1082;2466;480997;446411;55.9;51.9
974;2021-09-25;768;1879;481765;448290;56.0;52.1
974;2021-09-26;160;516;481925;448806;56.0;52.2
974;2021-09-27;607;1069;482532;449875;56.1;52.3
974;2021-09-28;819;1526;483351;451401;56.2;52.5
976;2020-12-27;0;0;0;0;0.0;0.0
976;2020-12-28;0;0;0;0;0.0;0.0
976;2020-12-29;0;0;0;0;0.0;0.0
976;2020-12-30;0;0;0;0;0.0;0.0
976;2020-12-31;0;0;0;0;0.0;0.0
976;2021-01-01;0;0;0;0;0.0;0.0
976;2021-01-02;0;0;0;0;0.0;0.0
976;2021-01-03;0;0;0;0;0.0;0.0
976;2021-01-04;0;0;0;0;0.0;0.0
976;2021-01-05;0;0;0;0;0.0;0.0
976;2021-01-06;0;0;0;0;0.0;0.0
976;2021-01-07;0;0;0;0;0.0;0.0
976;2021-01-08;0;0;0;0;0.0;0.0
976;2021-01-09;0;0;0;0;0.0;0.0
976;2021-01-10;0;0;0;0;0.0;0.0
976;2021-01-11;9;0;9;0;0.0;0.0
976;2021-01-12;0;0;9;0;0.0;0.0
976;2021-01-13;0;0;9;0;0.0;0.0
976;2021-01-14;0;0;9;0;0.0;0.0
976;2021-01-15;1;0;10;0;0.0;0.0
976;2021-01-16;1;0;11;0;0.0;0.0
976;2021-01-17;0;0;11;0;0.0;0.0
976;2021-01-18;1;0;12;0;0.0;0.0
976;2021-01-19;0;0;12;0;0.0;0.0
976;2021-01-20;0;0;12;0;0.0;0.0
976;2021-01-21;1;1;13;1;0.0;0.0
976;2021-01-22;0;0;13;1;0.0;0.0
976;2021-01-23;1;0;14;1;0.0;0.0
976;2021-01-24;0;0;14;1;0.0;0.0
976;2021-01-25;143;3;157;4;0.1;0.0
976;2021-01-26;167;2;324;6;0.1;0.0
976;2021-01-27;250;3;574;9;0.2;0.0
976;2021-01-28;104;7;678;16;0.2;0.0
976;2021-01-29;233;3;911;19;0.3;0.0
976;2021-01-30;286;11;1197;30;0.4;0.0
976;2021-01-31;1;0;1198;30;0.4;0.0
976;2021-02-01;161;2;1359;32;0.5;0.0
976;2021-02-02;328;11;1687;43;0.6;0.0
976;2021-02-03;228;4;1915;47;0.7;0.0
976;2021-02-04;215;9;2130;56;0.8;0.0
976;2021-02-05;213;1;2343;57;0.8;0.0
976;2021-02-06;83;10;2426;67;0.9;0.0
976;2021-02-07;0;0;2426;67;0.9;0.0
976;2021-02-08;82;3;2508;70;0.9;0.0
976;2021-02-09;194;1;2702;71;1.0;0.0
976;2021-02-10;187;5;2889;76;1.0;0.0
976;2021-02-11;236;4;3125;80;1.1;0.0
976;2021-02-12;288;4;3413;84;1.2;0.0
976;2021-02-13;56;0;3469;84;1.2;0.0
976;2021-02-14;1;0;3470;84;1.2;0.0
976;2021-02-15;359;9;3829;93;1.4;0.0
976;2021-02-16;266;10;4095;103;1.5;0.0
976;2021-02-17;167;9;4262;112;1.5;0.0
976;2021-02-18;217;15;4479;127;1.6;0.0
976;2021-02-19;237;24;4716;151;1.7;0.1
976;2021-02-20;138;9;4854;160;1.7;0.1
976;2021-02-21;0;0;4854;160;1.7;0.1
976;2021-02-22;130;117;4984;277;1.8;0.1
976;2021-02-23;184;152;5168;429;1.8;0.2
976;2021-02-24;176;146;5344;575;1.9;0.2
976;2021-02-25;227;273;5571;848;2.0;0.3
976;2021-02-26;242;245;5813;1093;2.1;0.4
976;2021-02-27;0;0;5813;1093;2.1;0.4
976;2021-02-28;0;0;5813;1093;2.1;0.4
976;2021-03-01;146;255;5959;1348;2.1;0.5
976;2021-03-02;228;258;6187;1606;2.2;0.6
976;2021-03-03;202;190;6389;1796;2.3;0.6
976;2021-03-04;205;143;6594;1939;2.4;0.7
976;2021-03-05;225;116;6819;2055;2.4;0.7
976;2021-03-06;1;0;6820;2055;2.4;0.7
976;2021-03-07;1;0;6821;2055;2.4;0.7
976;2021-03-08;189;112;7010;2167;2.5;0.8
976;2021-03-09;390;163;7400;2330;2.6;0.8
976;2021-03-10;179;178;7579;2508;2.7;0.9
976;2021-03-11;167;207;7746;2715;2.8;1.0
976;2021-03-12;237;293;7983;3008;2.9;1.1
976;2021-03-13;3;0;7986;3008;2.9;1.1
976;2021-03-14;0;0;7986;3008;2.9;1.1
976;2021-03-15;157;295;8143;3303;2.9;1.2
976;2021-03-16;238;226;8381;3529;3.0;1.3
976;2021-03-17;264;145;8645;3674;3.1;1.3
976;2021-03-18;174;235;8819;3909;3.2;1.4
976;2021-03-19;173;296;8992;4205;3.2;1.5
976;2021-03-20;0;0;8992;4205;3.2;1.5
976;2021-03-21;0;0;8992;4205;3.2;1.5
976;2021-03-22;97;136;9089;4341;3.3;1.6
976;2021-03-23;136;238;9225;4579;3.3;1.6
976;2021-03-24;160;146;9385;4725;3.4;1.7
976;2021-03-25;184;206;9569;4931;3.4;1.8
976;2021-03-26;160;212;9729;5143;3.5;1.8
976;2021-03-27;18;0;9747;5143;3.5;1.8
976;2021-03-28;1;0;9748;5143;3.5;1.8
976;2021-03-29;0;2;9748;5145;3.5;1.8
976;2021-03-30;272;337;10020;5482;3.6;2.0
976;2021-03-31;225;124;10245;5606;3.7;2.0
976;2021-04-01;246;104;10491;5710;3.8;2.0
976;2021-04-02;285;262;10776;5972;3.9;2.1
976;2021-04-03;905;310;11681;6282;4.2;2.2
976;2021-04-04;2;0;11683;6282;4.2;2.2
976;2021-04-05;1;0;11684;6282;4.2;2.2
976;2021-04-06;161;277;11845;6559;4.2;2.3
976;2021-04-07;237;266;12082;6825;4.3;2.4
976;2021-04-08;284;140;12366;6965;4.4;2.5
976;2021-04-09;248;172;12614;7137;4.5;2.6
976;2021-04-10;181;114;12795;7251;4.6;2.6
976;2021-04-11;7;0;12802;7251;4.6;2.6
976;2021-04-12;0;18;12802;7269;4.6;2.6
976;2021-04-13;394;345;13196;7614;4.7;2.7
976;2021-04-14;239;205;13435;7819;4.8;2.8
976;2021-04-15;209;117;13644;7936;4.9;2.8
976;2021-04-16;214;127;13858;8063;5.0;2.9
976;2021-04-17;225;130;14083;8193;5.0;2.9
976;2021-04-18;1;0;14084;8193;5.0;2.9
976;2021-04-19;7;1;14091;8194;5.0;2.9
976;2021-04-20;367;221;14458;8415;5.2;3.0
976;2021-04-21;411;150;14869;8565;5.3;3.1
976;2021-04-22;410;150;15279;8715;5.5;3.1
976;2021-04-23;366;166;15645;8881;5.6;3.2
976;2021-04-24;413;128;16058;9009;5.7;3.2
976;2021-04-25;3;0;16061;9009;5.7;3.2
976;2021-04-26;55;8;16116;9017;5.8;3.2
976;2021-04-27;351;292;16467;9309;5.9;3.3
976;2021-04-28;355;512;16822;9821;6.0;3.5
976;2021-04-29;559;344;17381;10165;6.2;3.6
976;2021-04-30;408;238;17789;10403;6.4;3.7
976;2021-05-01;671;286;18460;10689;6.6;3.8
976;2021-05-02;0;0;18460;10689;6.6;3.8
976;2021-05-03;140;6;18600;10695;6.7;3.8
976;2021-05-04;354;425;18954;11120;6.8;4.0
976;2021-05-05;447;318;19401;11438;6.9;4.1
976;2021-05-06;320;202;19721;11640;7.1;4.2
976;2021-05-07;341;133;20062;11773;7.2;4.2
976;2021-05-08;309;141;20371;11914;7.3;4.3
976;2021-05-09;0;0;20371;11914;7.3;4.3
976;2021-05-10;9;9;20380;11923;7.3;4.3
976;2021-05-11;363;492;20743;12415;7.4;4.4
976;2021-05-12;334;310;21077;12725;7.5;4.6
976;2021-05-13;126;96;21203;12821;7.6;4.6
976;2021-05-14;0;0;21203;12821;7.6;4.6
976;2021-05-15;485;282;21688;13103;7.8;4.7
976;2021-05-16;1;0;21689;13103;7.8;4.7
976;2021-05-17;124;51;21813;13154;7.8;4.7
976;2021-05-18;518;430;22331;13584;8.0;4.9
976;2021-05-19;652;663;22983;14247;8.2;5.1
976;2021-05-20;1057;499;24040;14746;8.6;5.3
976;2021-05-21;1046;313;25086;15059;9.0;5.4
976;2021-05-22;1240;298;26326;15357;9.4;5.5
976;2021-05-23;0;0;26326;15357;9.4;5.5
976;2021-05-24;1;0;26327;15357;9.4;5.5
976;2021-05-25;886;622;27213;15979;9.7;5.7
976;2021-05-26;1033;842;28246;16821;10.1;6.0
976;2021-05-27;1321;512;29567;17333;10.6;6.2
976;2021-05-28;956;375;30523;17708;10.9;6.3
976;2021-05-29;1130;392;31653;18100;11.3;6.5
976;2021-05-30;1;1;31654;18101;11.3;6.5
976;2021-05-31;107;6;31761;18107;11.4;6.5
976;2021-06-01;1149;651;32910;18758;11.8;6.7
976;2021-06-02;1243;531;34153;19289;12.2;6.9
976;2021-06-03;813;355;34966;19644;12.5;7.0
976;2021-06-04;1000;325;35966;19969;12.9;7.1
976;2021-06-05;680;299;36646;20268;13.1;7.3
976;2021-06-06;1;0;36647;20268;13.1;7.3
976;2021-06-07;91;12;36738;20280;13.1;7.3
976;2021-06-08;952;442;37690;20722;13.5;7.4
976;2021-06-09;969;550;38659;21272;13.8;7.6
976;2021-06-10;703;232;39362;21504;14.1;7.7
976;2021-06-11;850;365;40212;21869;14.4;7.8
976;2021-06-12;583;275;40795;22144;14.6;7.9
976;2021-06-13;2;0;40797;22144;14.6;7.9
976;2021-06-14;187;112;40984;22256;14.7;8.0
976;2021-06-15;413;838;41397;23094;14.8;8.3
976;2021-06-16;891;1441;42288;24535;15.1;8.8
976;2021-06-17;797;661;43085;25196;15.4;9.0
976;2021-06-18;705;620;43790;25816;15.7;9.2
976;2021-06-19;537;644;44327;26460;15.9;9.5
976;2021-06-20;1;0;44328;26460;15.9;9.5
976;2021-06-21;127;132;44455;26592;15.9;9.5
976;2021-06-22;429;1150;44884;27742;16.1;9.9
976;2021-06-23;691;1186;45575;28928;16.3;10.4
976;2021-06-24;480;544;46055;29472;16.5;10.5
976;2021-06-25;542;479;46597;29951;16.7;10.7
976;2021-06-26;386;692;46983;30643;16.8;11.0
976;2021-06-27;1;0;46984;30643;16.8;11.0
976;2021-06-28;108;191;47092;30834;16.9;11.0
976;2021-06-29;742;973;47834;31807;17.1;11.4
976;2021-06-30;708;948;48542;32755;17.4;11.7
976;2021-07-01;580;547;49122;33302;17.6;11.9
976;2021-07-02;451;432;49573;33734;17.7;12.1
976;2021-07-03;444;422;50017;34156;17.9;12.2
976;2021-07-04;2;0;50019;34156;17.9;12.2
976;2021-07-05;121;223;50140;34379;17.9;12.3
976;2021-07-06;498;865;50638;35244;18.1;12.6
976;2021-07-07;769;1014;51407;36258;18.4;13.0
976;2021-07-08;827;636;52234;36894;18.7;13.2
976;2021-07-09;786;519;53020;37413;19.0;13.4
976;2021-07-10;441;319;53461;37732;19.1;13.5
976;2021-07-11;0;0;53461;37732;19.1;13.5
976;2021-07-12;164;170;53625;37902;19.2;13.6
976;2021-07-13;847;999;54472;38901;19.5;13.9
976;2021-07-14;0;5;54472;38906;19.5;13.9
976;2021-07-15;1220;812;55692;39718;19.9;14.2
976;2021-07-16;1292;657;56984;40375;20.4;14.4
976;2021-07-17;1033;376;58017;40751;20.8;14.6
976;2021-07-18;0;0;58017;40751;20.8;14.6
976;2021-07-19;206;134;58223;40885;20.8;14.6
976;2021-07-20;1155;877;59378;41762;21.2;14.9
976;2021-07-21;34;29;59412;41791;21.3;15.0
976;2021-07-22;1123;665;60535;42456;21.7;15.2
976;2021-07-23;1206;545;61741;43001;22.1;15.4
976;2021-07-24;855;440;62596;43441;22.4;15.5
976;2021-07-25;2;0;62598;43441;22.4;15.5
976;2021-07-26;180;37;62778;43478;22.5;15.6
976;2021-07-27;1137;826;63915;44304;22.9;15.9
976;2021-07-28;1040;634;64955;44938;23.2;16.1
976;2021-07-29;1232;567;66187;45505;23.7;16.3
976;2021-07-30;1212;411;67399;45916;24.1;16.4
976;2021-07-31;760;277;68159;46193;24.4;16.5
976;2021-08-01;5;3;68164;46196;24.4;16.5
976;2021-08-02;339;174;68503;46370;24.5;16.6
976;2021-08-03;1504;935;70007;47305;25.0;16.9
976;2021-08-04;1828;808;71835;48113;25.7;17.2
976;2021-08-05;1462;504;73297;48617;26.2;17.4
976;2021-08-06;1689;509;74986;49126;26.8;17.6
976;2021-08-07;912;357;75898;49483;27.2;17.7
976;2021-08-08;7;1;75905;49484;27.2;17.7
976;2021-08-09;529;236;76434;49720;27.3;17.8
976;2021-08-10;1641;1380;78075;51100;27.9;18.3
976;2021-08-11;2042;1239;80117;52339;28.7;18.7
976;2021-08-12;1709;619;81826;52958;29.3;18.9
976;2021-08-13;1573;533;83399;53491;29.8;19.1
976;2021-08-14;833;456;84232;53947;30.1;19.3
976;2021-08-15;0;0;84232;53947;30.1;19.3
976;2021-08-16;568;291;84800;54238;30.3;19.4
976;2021-08-17;1827;1300;86627;55538;31.0;19.9
976;2021-08-18;2230;1225;88857;56763;31.8;20.3
976;2021-08-19;1978;552;90835;57315;32.5;20.5
976;2021-08-20;1796;547;92631;57862;33.1;20.7
976;2021-08-21;1054;522;93685;58384;33.5;20.9
976;2021-08-22;10;0;93695;58384;33.5;20.9
976;2021-08-23;574;271;94269;58655;33.7;21.0
976;2021-08-24;1062;1008;95331;59663;34.1;21.3
976;2021-08-25;1074;1292;96405;60955;34.5;21.8
976;2021-08-26;907;574;97312;61529;34.8;22.0
976;2021-08-27;738;565;98050;62094;35.1;22.2
976;2021-08-28;471;856;98521;62950;35.3;22.5
976;2021-08-29;0;12;98521;62962;35.3;22.5
976;2021-08-30;148;256;98669;63218;35.3;22.6
976;2021-08-31;654;1162;99323;64380;35.5;23.0
976;2021-09-01;759;1396;100082;65776;35.8;23.5
976;2021-09-02;840;902;100922;66678;36.1;23.9
976;2021-09-03;909;1295;101831;67973;36.4;24.3
976;2021-09-04;432;1000;102263;68973;36.6;24.7
976;2021-09-05;0;1;102263;68974;36.6;24.7
976;2021-09-06;445;401;102708;69375;36.8;24.8
976;2021-09-07;721;700;103429;70075;37.0;25.1
976;2021-09-08;1073;1263;104502;71338;37.4;25.5
976;2021-09-09;848;1016;105350;72354;37.7;25.9
976;2021-09-10;1154;1084;106504;73438;38.1;26.3
976;2021-09-11;523;1037;107027;74475;38.3;26.6
976;2021-09-12;0;32;107027;74507;38.3;26.7
976;2021-09-13;701;617;107728;75124;38.5;26.9
976;2021-09-14;1043;722;108771;75846;38.9;27.1
976;2021-09-15;1682;1181;110453;77027;39.5;27.6
976;2021-09-16;1729;893;112182;77920;40.1;27.9
976;2021-09-17;1841;1060;114023;78980;40.8;28.3
976;2021-09-18;951;780;114974;79760;41.1;28.5
976;2021-09-19;1;52;114975;79812;41.1;28.6
976;2021-09-20;1004;543;115979;80355;41.5;28.8
976;2021-09-21;1645;762;117624;81117;42.1;29.0
976;2021-09-22;1437;964;119061;82081;42.6;29.4
976;2021-09-23;1019;879;120080;82960;43.0;29.7
976;2021-09-24;1084;1010;121164;83970;43.4;30.0
976;2021-09-25;489;477;121653;84447;43.5;30.2
976;2021-09-26;0;21;121653;84468;43.5;30.2
976;2021-09-27;688;422;122341;84890;43.8;30.4
976;2021-09-28;1164;922;123505;85812;44.2;30.7
977;2020-12-27;0;0;0;0;0.0;0.0
977;2020-12-28;0;0;0;0;0.0;0.0
977;2020-12-29;0;0;0;0;0.0;0.0
977;2020-12-30;0;0;0;0;0.0;0.0
977;2020-12-31;0;0;0;0;0.0;0.0
977;2021-01-01;0;0;0;0;0.0;0.0
977;2021-01-02;0;0;0;0;0.0;0.0
977;2021-01-03;0;0;0;0;0.0;0.0
977;2021-01-04;0;0;0;0;0.0;0.0
977;2021-01-05;0;0;0;0;0.0;0.0
977;2021-01-06;0;0;0;0;0.0;0.0
977;2021-01-07;0;0;0;0;0.0;0.0
977;2021-01-08;0;0;0;0;0.0;0.0
977;2021-01-09;0;0;0;0;0.0;0.0
977;2021-01-10;0;0;0;0;0.0;0.0
977;2021-01-11;0;0;0;0;0.0;0.0
977;2021-01-12;0;0;0;0;0.0;0.0
977;2021-01-13;0;0;0;0;0.0;0.0
977;2021-01-14;0;0;0;0;0.0;0.0
977;2021-01-15;0;0;0;0;0.0;0.0
977;2021-01-16;0;0;0;0;0.0;0.0
977;2021-01-17;0;0;0;0;0.0;0.0
977;2021-01-18;1;0;1;0;0.0;0.0
977;2021-01-19;0;0;1;0;0.0;0.0
977;2021-01-20;0;0;1;0;0.0;0.0
977;2021-01-21;12;0;13;0;0.1;0.0
977;2021-01-22;12;0;25;0;0.3;0.0
977;2021-01-23;0;0;25;0;0.3;0.0
977;2021-01-24;0;0;25;0;0.3;0.0
977;2021-01-25;0;0;25;0;0.3;0.0
977;2021-01-26;0;0;25;0;0.3;0.0
977;2021-01-27;12;0;37;0;0.4;0.0
977;2021-01-28;1;0;38;0;0.4;0.0
977;2021-01-29;6;0;44;0;0.4;0.0
977;2021-01-30;0;0;44;0;0.4;0.0
977;2021-01-31;0;0;44;0;0.4;0.0
977;2021-02-01;0;0;44;0;0.4;0.0
977;2021-02-02;0;0;44;0;0.4;0.0
977;2021-02-03;11;0;55;0;0.6;0.0
977;2021-02-04;12;0;67;0;0.7;0.0
977;2021-02-05;11;0;78;0;0.8;0.0
977;2021-02-06;0;0;78;0;0.8;0.0
977;2021-02-07;0;0;78;0;0.8;0.0
977;2021-02-08;0;0;78;0;0.8;0.0
977;2021-02-09;14;0;92;0;0.9;0.0
977;2021-02-10;0;0;92;0;0.9;0.0
977;2021-02-11;18;0;110;0;1.1;0.0
977;2021-02-12;46;0;156;0;1.6;0.0
977;2021-02-13;0;0;156;0;1.6;0.0
977;2021-02-14;0;0;156;0;1.6;0.0
977;2021-02-15;0;0;156;0;1.6;0.0
977;2021-02-16;0;0;156;0;1.6;0.0
977;2021-02-17;0;0;156;0;1.6;0.0
977;2021-02-18;19;0;175;0;1.8;0.0
977;2021-02-19;35;0;210;0;2.1;0.0
977;2021-02-20;0;0;210;0;2.1;0.0
977;2021-02-21;0;0;210;0;2.1;0.0
977;2021-02-22;0;0;210;0;2.1;0.0
977;2021-02-23;0;18;210;18;2.1;0.2
977;2021-02-24;0;0;210;18;2.1;0.2
977;2021-02-25;15;3;225;21;2.3;0.2
977;2021-02-26;33;17;258;38;2.6;0.4
977;2021-02-27;0;0;258;38;2.6;0.4
977;2021-02-28;0;0;258;38;2.6;0.4
977;2021-03-01;0;0;258;38;2.6;0.4
977;2021-03-02;19;11;277;49;2.8;0.5
977;2021-03-03;0;0;277;49;2.8;0.5
977;2021-03-04;16;9;293;58;2.9;0.6
977;2021-03-05;35;16;328;74;3.3;0.7
977;2021-03-06;0;0;328;74;3.3;0.7
977;2021-03-07;0;0;328;74;3.3;0.7
977;2021-03-08;0;0;328;74;3.3;0.7
977;2021-03-09;1;0;329;74;3.3;0.7
977;2021-03-10;0;0;329;74;3.3;0.7
977;2021-03-11;20;26;349;100;3.5;1.0
977;2021-03-12;62;42;411;142;4.1;1.4
977;2021-03-13;0;0;411;142;4.1;1.4
977;2021-03-14;0;0;411;142;4.1;1.4
977;2021-03-15;0;0;411;142;4.1;1.4
977;2021-03-16;30;10;441;152;4.4;1.5
977;2021-03-17;0;0;441;152;4.4;1.5
977;2021-03-18;30;16;471;168;4.7;1.7
977;2021-03-19;58;27;529;195;5.3;2.0
977;2021-03-20;0;0;529;195;5.3;2.0
977;2021-03-21;0;0;529;195;5.3;2.0
977;2021-03-22;0;0;529;195;5.3;2.0
977;2021-03-23;0;0;529;195;5.3;2.0
977;2021-03-24;0;0;529;195;5.3;2.0
977;2021-03-25;65;17;594;212;6.0;2.1
977;2021-03-26;73;25;667;237;6.7;2.4
977;2021-03-27;0;0;667;237;6.7;2.4
977;2021-03-28;0;0;667;237;6.7;2.4
977;2021-03-29;0;0;667;237;6.7;2.4
977;2021-03-30;39;16;706;253;7.1;2.5
977;2021-03-31;26;14;732;267;7.3;2.7
977;2021-04-01;25;32;757;299;7.6;3.0
977;2021-04-02;0;0;757;299;7.6;3.0
977;2021-04-03;0;0;757;299;7.6;3.0
977;2021-04-04;0;0;757;299;7.6;3.0
977;2021-04-05;9;0;766;299;7.7;3.0
977;2021-04-06;0;0;766;299;7.7;3.0
977;2021-04-07;0;0;766;299;7.7;3.0
977;2021-04-08;57;46;823;345;8.3;3.5
977;2021-04-09;58;31;881;376;8.8;3.8
977;2021-04-10;0;0;881;376;8.8;3.8
977;2021-04-11;0;0;881;376;8.8;3.8
977;2021-04-12;0;0;881;376;8.8;3.8
977;2021-04-13;0;0;881;376;8.8;3.8
977;2021-04-14;5;5;886;381;8.9;3.8
977;2021-04-15;57;70;943;451;9.5;4.5
977;2021-04-16;89;35;1032;486;10.4;4.9
977;2021-04-17;0;1;1032;487;10.4;4.9
977;2021-04-18;0;0;1032;487;10.4;4.9
977;2021-04-19;1;0;1033;487;10.4;4.9
977;2021-04-20;335;62;1368;549;13.7;5.5
977;2021-04-21;337;30;1705;579;17.1;5.8
977;2021-04-22;284;47;1989;626;20.0;6.3
977;2021-04-23;260;42;2249;668;22.6;6.7
977;2021-04-24;231;1;2480;669;24.9;6.7
977;2021-04-25;0;0;2480;669;24.9;6.7
977;2021-04-26;283;19;2763;688;27.7;6.9
977;2021-04-27;224;67;2987;755;30.0;7.6
977;2021-04-28;192;26;3179;781;31.9;7.8
977;2021-04-29;170;23;3349;804;33.6;8.1
977;2021-04-30;171;16;3520;820;35.3;8.2
977;2021-05-01;202;11;3722;831;37.4;8.3
977;2021-05-02;0;0;3722;831;37.4;8.3
977;2021-05-03;135;9;3857;840;38.7;8.4
977;2021-05-04;161;54;4018;894;40.3;9.0
977;2021-05-05;221;28;4239;922;42.6;9.3
977;2021-05-06;175;33;4414;955;44.3;9.6
977;2021-05-07;149;32;4563;987;45.8;9.9
977;2021-05-08;1;0;4564;987;45.8;9.9
977;2021-05-09;0;0;4564;987;45.8;9.9
977;2021-05-10;0;0;4564;987;45.8;9.9
977;2021-05-11;3;41;4567;1028;45.8;10.3
977;2021-05-12;6;36;4573;1064;45.9;10.7
977;2021-05-13;0;0;4573;1064;45.9;10.7
977;2021-05-14;28;98;4601;1162;46.2;11.7
977;2021-05-15;0;0;4601;1162;46.2;11.7
977;2021-05-16;1;0;4602;1162;46.2;11.7
977;2021-05-17;1;14;4603;1176;46.2;11.8
977;2021-05-18;17;32;4620;1208;46.4;12.1
977;2021-05-19;1;2;4621;1210;46.4;12.1
977;2021-05-20;0;8;4621;1218;46.4;12.2
977;2021-05-21;12;31;4633;1249;46.5;12.5
977;2021-05-22;0;0;4633;1249;46.5;12.5
977;2021-05-23;0;0;4633;1249;46.5;12.5
977;2021-05-24;0;0;4633;1249;46.5;12.5
977;2021-05-25;50;331;4683;1580;47.0;15.9
977;2021-05-26;54;360;4737;1940;47.6;19.5
977;2021-05-27;34;317;4771;2257;47.9;22.7
977;2021-05-28;27;256;4798;2513;48.2;25.2
977;2021-05-29;35;375;4833;2888;48.5;29.0
977;2021-05-30;1;0;4834;2888;48.5;29.0
977;2021-05-31;45;216;4879;3104;49.0;31.2
977;2021-06-01;48;227;4927;3331;49.5;33.4
977;2021-06-02;69;273;4996;3604;50.2;36.2
977;2021-06-03;43;252;5039;3856;50.6;38.7
977;2021-06-04;82;270;5121;4126;51.4;41.4
977;2021-06-05;1;0;5122;4126;51.4;41.4
977;2021-06-06;0;0;5122;4126;51.4;41.4
977;2021-06-07;1;1;5123;4127;51.4;41.4
977;2021-06-08;8;2;5131;4129;51.5;41.5
977;2021-06-09;0;3;5131;4132;51.5;41.5
977;2021-06-10;8;4;5139;4136;51.6;41.5
977;2021-06-11;4;8;5143;4144;51.6;41.6
977;2021-06-12;15;59;5158;4203;51.8;42.2
977;2021-06-13;0;0;5158;4203;51.8;42.2
977;2021-06-14;0;0;5158;4203;51.8;42.2
977;2021-06-15;0;1;5158;4204;51.8;42.2
977;2021-06-16;0;0;5158;4204;51.8;42.2
977;2021-06-17;2;6;5160;4210;51.8;42.3
977;2021-06-18;0;2;5160;4212;51.8;42.3
977;2021-06-19;25;49;5185;4261;52.1;42.8
977;2021-06-20;0;0;5185;4261;52.1;42.8
977;2021-06-21;1;2;5186;4263;52.1;42.8
977;2021-06-22;9;0;5195;4263;52.2;42.8
977;2021-06-23;15;9;5210;4272;52.3;42.9
977;2021-06-24;10;5;5220;4277;52.4;42.9
977;2021-06-25;0;0;5220;4277;52.4;42.9
977;2021-06-26;25;45;5245;4322;52.7;43.4
977;2021-06-27;0;0;5245;4322;52.7;43.4
977;2021-06-28;0;0;5245;4322;52.7;43.4
977;2021-06-29;0;0;5245;4322;52.7;43.4
977;2021-06-30;0;0;5245;4322;52.7;43.4
977;2021-07-01;28;36;5273;4358;52.9;43.8
977;2021-07-02;26;31;5299;4389;53.2;44.1
977;2021-07-03;30;215;5329;4604;53.5;46.2
977;2021-07-04;0;0;5329;4604;53.5;46.2
977;2021-07-05;4;8;5333;4612;53.5;46.3
977;2021-07-06;0;0;5333;4612;53.5;46.3
977;2021-07-07;8;0;5341;4612;53.6;46.3
977;2021-07-08;33;23;5374;4635;54.0;46.5
977;2021-07-09;23;31;5397;4666;54.2;46.8
977;2021-07-10;33;45;5430;4711;54.5;47.3
977;2021-07-11;0;0;5430;4711;54.5;47.3
977;2021-07-12;0;1;5430;4712;54.5;47.3
977;2021-07-13;10;10;5440;4722;54.6;47.4
977;2021-07-14;0;0;5440;4722;54.6;47.4
977;2021-07-15;1;11;5441;4733;54.6;47.5
977;2021-07-16;44;51;5485;4784;55.1;48.0
977;2021-07-17;34;39;5519;4823;55.4;48.4
977;2021-07-18;1;0;5520;4823;55.4;48.4
977;2021-07-19;3;2;5523;4825;55.4;48.4
977;2021-07-20;3;1;5526;4826;55.5;48.4
977;2021-07-21;33;16;5559;4842;55.8;48.6
977;2021-07-22;36;33;5595;4875;56.2;48.9
977;2021-07-23;32;31;5627;4906;56.5;49.3
977;2021-07-24;42;25;5669;4931;56.9;49.5
977;2021-07-25;0;0;5669;4931;56.9;49.5
977;2021-07-26;13;10;5682;4941;57.0;49.6
977;2021-07-27;0;10;5682;4951;57.0;49.7
977;2021-07-28;31;14;5713;4965;57.4;49.8
977;2021-07-29;33;32;5746;4997;57.7;50.2
977;2021-07-30;31;28;5777;5025;58.0;50.4
977;2021-07-31;53;24;5830;5049;58.5;50.7
977;2021-08-01;0;0;5830;5049;58.5;50.7
977;2021-08-02;11;1;5841;5050;58.6;50.7
977;2021-08-03;0;0;5841;5050;58.6;50.7
977;2021-08-04;40;14;5881;5064;59.0;50.8
977;2021-08-05;28;30;5909;5094;59.3;51.1
977;2021-08-06;35;35;5944;5129;59.7;51.5
977;2021-08-07;56;25;6000;5154;60.2;51.7
977;2021-08-08;0;0;6000;5154;60.2;51.7
977;2021-08-09;7;5;6007;5159;60.3;51.8
977;2021-08-10;15;9;6022;5168;60.5;51.9
977;2021-08-11;36;18;6058;5186;60.8;52.1
977;2021-08-12;24;30;6082;5216;61.1;52.4
977;2021-08-13;32;14;6114;5230;61.4;52.5
977;2021-08-14;20;26;6134;5256;61.6;52.8
977;2021-08-15;0;0;6134;5256;61.6;52.8
977;2021-08-16;14;29;6148;5285;61.7;53.1
977;2021-08-17;15;8;6163;5293;61.9;53.1
977;2021-08-18;25;28;6188;5321;62.1;53.4
977;2021-08-19;31;36;6219;5357;62.4;53.8
977;2021-08-20;27;41;6246;5398;62.7;54.2
977;2021-08-21;34;41;6280;5439;63.0;54.6
977;2021-08-22;6;0;6286;5439;63.1;54.6
977;2021-08-23;3;11;6289;5450;63.1;54.7
977;2021-08-24;8;3;6297;5453;63.2;54.7
977;2021-08-25;20;37;6317;5490;63.4;55.1
977;2021-08-26;27;41;6344;5531;63.7;55.5
977;2021-08-27;27;35;6371;5566;64.0;55.9
977;2021-08-28;27;56;6398;5622;64.2;56.4
977;2021-08-29;0;0;6398;5622;64.2;56.4
977;2021-08-30;1;4;6399;5626;64.2;56.5
977;2021-08-31;1;2;6400;5628;64.3;56.5
977;2021-09-01;10;28;6410;5656;64.4;56.8
977;2021-09-02;22;35;6432;5691;64.6;57.1
977;2021-09-03;26;25;6458;5716;64.8;57.4
977;2021-09-04;37;49;6495;5765;65.2;57.9
977;2021-09-05;0;0;6495;5765;65.2;57.9
977;2021-09-06;4;16;6499;5781;65.2;58.0
977;2021-09-07;1;4;6500;5785;65.3;58.1
977;2021-09-08;12;13;6512;5798;65.4;58.2
977;2021-09-09;20;36;6532;5834;65.6;58.6
977;2021-09-10;6;31;6538;5865;65.6;58.9
977;2021-09-11;36;31;6574;5896;66.0;59.2
977;2021-09-12;0;6;6574;5902;66.0;59.3
977;2021-09-13;4;4;6578;5906;66.0;59.3
977;2021-09-14;1;0;6579;5906;66.0;59.3
977;2021-09-15;11;26;6590;5932;66.2;59.6
977;2021-09-16;15;31;6605;5963;66.3;59.9
977;2021-09-17;10;32;6615;5995;66.4;60.2
977;2021-09-18;21;39;6636;6034;66.6;60.6
977;2021-09-19;0;0;6636;6034;66.6;60.6
977;2021-09-20;0;2;6636;6036;66.6;60.6
977;2021-09-21;0;1;6636;6037;66.6;60.6
977;2021-09-22;10;11;6646;6048;66.7;60.7
977;2021-09-23;7;30;6653;6078;66.8;61.0
977;2021-09-24;0;0;6653;6078;66.8;61.0
977;2021-09-25;11;49;6664;6127;66.9;61.5
977;2021-09-26;0;0;6664;6127;66.9;61.5
977;2021-09-27;0;0;6664;6127;66.9;61.5
977;2021-09-28;0;1;6664;6128;66.9;61.5
978;2020-12-27;0;0;0;0;0.0;0.0
978;2020-12-28;0;0;0;0;0.0;0.0
978;2020-12-29;0;0;0;0;0.0;0.0
978;2020-12-30;0;0;0;0;0.0;0.0
978;2020-12-31;0;0;0;0;0.0;0.0
978;2021-01-01;0;0;0;0;0.0;0.0
978;2021-01-02;0;0;0;0;0.0;0.0
978;2021-01-03;0;0;0;0;0.0;0.0
978;2021-01-04;0;0;0;0;0.0;0.0
978;2021-01-05;0;0;0;0;0.0;0.0
978;2021-01-06;0;0;0;0;0.0;0.0
978;2021-01-07;0;0;0;0;0.0;0.0
978;2021-01-08;0;0;0;0;0.0;0.0
978;2021-01-09;0;0;0;0;0.0;0.0
978;2021-01-10;0;0;0;0;0.0;0.0
978;2021-01-11;0;0;0;0;0.0;0.0
978;2021-01-12;0;0;0;0;0.0;0.0
978;2021-01-13;10;0;10;0;0.0;0.0
978;2021-01-14;12;0;22;0;0.1;0.0
978;2021-01-15;9;0;31;0;0.1;0.0
978;2021-01-16;0;0;31;0;0.1;0.0
978;2021-01-17;0;0;31;0;0.1;0.0
978;2021-01-18;0;0;31;0;0.1;0.0
978;2021-01-19;12;0;43;0;0.1;0.0
978;2021-01-20;13;0;56;0;0.2;0.0
978;2021-01-21;6;0;62;0;0.2;0.0
978;2021-01-22;0;0;62;0;0.2;0.0
978;2021-01-23;0;0;62;0;0.2;0.0
978;2021-01-24;0;0;62;0;0.2;0.0
978;2021-01-25;0;0;62;0;0.2;0.0
978;2021-01-26;9;0;71;0;0.2;0.0
978;2021-01-27;10;0;81;0;0.2;0.0
978;2021-01-28;6;1;87;1;0.2;0.0
978;2021-01-29;0;0;87;1;0.2;0.0
978;2021-01-30;0;0;87;1;0.2;0.0
978;2021-01-31;0;0;87;1;0.2;0.0
978;2021-02-01;1;0;88;1;0.2;0.0
978;2021-02-02;39;0;127;1;0.4;0.0
978;2021-02-03;11;0;138;1;0.4;0.0
978;2021-02-04;32;0;170;1;0.5;0.0
978;2021-02-05;6;0;176;1;0.5;0.0
978;2021-02-06;0;0;176;1;0.5;0.0
978;2021-02-07;0;0;176;1;0.5;0.0
978;2021-02-08;0;0;176;1;0.5;0.0
978;2021-02-09;38;0;214;1;0.6;0.0
978;2021-02-10;27;1;241;2;0.7;0.0
978;2021-02-11;0;0;241;2;0.7;0.0
978;2021-02-12;36;0;277;2;0.8;0.0
978;2021-02-13;0;0;277;2;0.8;0.0
978;2021-02-14;0;0;277;2;0.8;0.0
978;2021-02-15;50;1;327;3;0.9;0.0
978;2021-02-16;0;0;327;3;0.9;0.0
978;2021-02-17;0;0;327;3;0.9;0.0
978;2021-02-18;28;0;355;3;1.0;0.0
978;2021-02-19;44;0;399;3;1.1;0.0
978;2021-02-20;0;0;399;3;1.1;0.0
978;2021-02-21;0;0;399;3;1.1;0.0
978;2021-02-22;45;4;444;7;1.3;0.0
978;2021-02-23;41;25;485;32;1.4;0.1
978;2021-02-24;36;1;521;33;1.5;0.1
978;2021-02-25;55;34;576;67;1.6;0.2
978;2021-02-26;39;5;615;72;1.7;0.2
978;2021-02-27;0;0;615;72;1.7;0.2
978;2021-02-28;0;0;615;72;1.7;0.2
978;2021-03-01;49;4;664;76;1.9;0.2
978;2021-03-02;7;19;671;95;1.9;0.3
978;2021-03-03;53;23;724;118;2.0;0.3
978;2021-03-04;31;18;755;136;2.1;0.4
978;2021-03-05;46;10;801;146;2.3;0.4
978;2021-03-06;0;0;801;146;2.3;0.4
978;2021-03-07;0;0;801;146;2.3;0.4
978;2021-03-08;32;5;833;151;2.4;0.4
978;2021-03-09;21;23;854;174;2.4;0.5
978;2021-03-10;35;25;889;199;2.5;0.6
978;2021-03-11;2;0;891;199;2.5;0.6
978;2021-03-12;53;20;944;219;2.7;0.6
978;2021-03-13;13;0;957;219;2.7;0.6
978;2021-03-14;0;0;957;219;2.7;0.6
978;2021-03-15;31;41;988;260;2.8;0.7
978;2021-03-16;73;5;1061;265;3.0;0.7
978;2021-03-17;67;13;1128;278;3.2;0.8
978;2021-03-18;82;38;1210;316;3.4;0.9
978;2021-03-19;32;50;1242;366;3.5;1.0
978;2021-03-20;0;0;1242;366;3.5;1.0
978;2021-03-21;0;0;1242;366;3.5;1.0
978;2021-03-22;35;45;1277;411;3.6;1.2
978;2021-03-23;30;43;1307;454;3.7;1.3
978;2021-03-24;38;42;1345;496;3.8;1.4
978;2021-03-25;97;34;1442;530;4.1;1.5
978;2021-03-26;45;33;1487;563;4.2;1.6
978;2021-03-27;94;3;1581;566;4.5;1.6
978;2021-03-28;0;0;1581;566;4.5;1.6
978;2021-03-29;69;46;1650;612;4.7;1.7
978;2021-03-30;99;24;1749;636;4.9;1.8
978;2021-03-31;91;49;1840;685;5.2;1.9
978;2021-04-01;57;48;1897;733;5.4;2.1
978;2021-04-02;0;0;1897;733;5.4;2.1
978;2021-04-03;1;0;1898;733;5.4;2.1
978;2021-04-04;0;0;1898;733;5.4;2.1
978;2021-04-05;2;0;1900;733;5.4;2.1
978;2021-04-06;49;63;1949;796;5.5;2.3
978;2021-04-07;93;33;2042;829;5.8;2.3
978;2021-04-08;122;7;2164;836;6.1;2.4
978;2021-04-09;91;39;2255;875;6.4;2.5
978;2021-04-10;170;13;2425;888;6.9;2.5
978;2021-04-11;0;0;2425;888;6.9;2.5
978;2021-04-12;42;74;2467;962;7.0;2.7
978;2021-04-13;49;71;2516;1033;7.1;2.9
978;2021-04-14;82;45;2598;1078;7.4;3.1
978;2021-04-15;92;22;2690;1100;7.6;3.1
978;2021-04-16;77;42;2767;1142;7.8;3.2
978;2021-04-17;165;5;2932;1147;8.3;3.2
978;2021-04-18;0;0;2932;1147;8.3;3.2
978;2021-04-19;52;67;2984;1214;8.4;3.4
978;2021-04-20;83;27;3067;1241;8.7;3.5
978;2021-04-21;91;29;3158;1270;8.9;3.6
978;2021-04-22;101;20;3259;1290;9.2;3.7
978;2021-04-23;45;65;3304;1355;9.4;3.8
978;2021-04-24;99;78;3403;1433;9.6;4.1
978;2021-04-25;0;0;3403;1433;9.6;4.1
978;2021-04-26;29;91;3432;1524;9.7;4.3
978;2021-04-27;59;63;3491;1587;9.9;4.5
978;2021-04-28;93;40;3584;1627;10.1;4.6
978;2021-04-29;89;31;3673;1658;10.4;4.7
978;2021-04-30;103;14;3776;1672;10.7;4.7
978;2021-05-01;0;8;3776;1680;10.7;4.8
978;2021-05-02;0;0;3776;1680;10.7;4.8
978;2021-05-03;25;99;3801;1779;10.8;5.0
978;2021-05-04;159;101;3960;1880;11.2;5.3
978;2021-05-05;142;59;4102;1939;11.6;5.5
978;2021-05-06;199;49;4301;1988;12.2;5.6
978;2021-05-07;127;71;4428;2059;12.5;5.8
978;2021-05-08;69;122;4497;2181;12.7;6.2
978;2021-05-09;0;0;4497;2181;12.7;6.2
978;2021-05-10;124;100;4621;2281;13.1;6.5
978;2021-05-11;132;72;4753;2353;13.5;6.7
978;2021-05-12;155;78;4908;2431;13.9;6.9
978;2021-05-13;83;6;4991;2437;14.1;6.9
978;2021-05-14;130;62;5121;2499;14.5;7.1
978;2021-05-15;86;4;5207;2503;14.7;7.1
978;2021-05-16;0;0;5207;2503;14.7;7.1
978;2021-05-17;146;115;5353;2618;15.1;7.4
978;2021-05-18;151;94;5504;2712;15.6;7.7
978;2021-05-19;84;69;5588;2781;15.8;7.9
978;2021-05-20;104;26;5692;2807;16.1;7.9
978;2021-05-21;98;52;5790;2859;16.4;8.1
978;2021-05-22;99;11;5889;2870;16.7;8.1
978;2021-05-23;0;0;5889;2870;16.7;8.1
978;2021-05-24;33;7;5922;2877;16.8;8.1
978;2021-05-25;119;78;6041;2955;17.1;8.4
978;2021-05-26;108;49;6149;3004;17.4;8.5
978;2021-05-27;112;42;6261;3046;17.7;8.6
978;2021-05-28;33;1;6294;3047;17.8;8.6
978;2021-05-29;60;213;6354;3260;18.0;9.2
978;2021-05-30;0;0;6354;3260;18.0;9.2
978;2021-05-31;111;63;6465;3323;18.3;9.4
978;2021-06-01;116;62;6581;3385;18.6;9.6
978;2021-06-02;131;33;6712;3418;19.0;9.7
978;2021-06-03;101;38;6813;3456;19.3;9.8
978;2021-06-04;128;70;6941;3526;19.6;10.0
978;2021-06-05;83;21;7024;3547;19.9;10.0
978;2021-06-06;0;0;7024;3547;19.9;10.0
978;2021-06-07;96;96;7120;3643;20.2;10.3
978;2021-06-08;82;89;7202;3732;20.4;10.6
978;2021-06-09;99;73;7301;3805;20.7;10.8
978;2021-06-10;112;63;7413;3868;21.0;10.9
978;2021-06-11;116;106;7529;3974;21.3;11.2
978;2021-06-12;57;30;7586;4004;21.5;11.3
978;2021-06-13;0;0;7586;4004;21.5;11.3
978;2021-06-14;105;127;7691;4131;21.8;11.7
978;2021-06-15;88;120;7779;4251;22.0;12.0
978;2021-06-16;105;148;7884;4399;22.3;12.4
978;2021-06-17;85;72;7969;4471;22.6;12.7
978;2021-06-18;67;98;8036;4569;22.7;12.9
978;2021-06-19;65;79;8101;4648;22.9;13.2
978;2021-06-20;0;0;8101;4648;22.9;13.2
978;2021-06-21;78;150;8179;4798;23.1;13.6
978;2021-06-22;71;103;8250;4901;23.3;13.9
978;2021-06-23;68;115;8318;5016;23.5;14.2
978;2021-06-24;43;75;8361;5091;23.7;14.4
978;2021-06-25;64;100;8425;5191;23.8;14.7
978;2021-06-26;35;61;8460;5252;23.9;14.9
978;2021-06-27;0;0;8460;5252;23.9;14.9
978;2021-06-28;73;131;8533;5383;24.1;15.2
978;2021-06-29;62;104;8595;5487;24.3;15.5
978;2021-06-30;56;110;8651;5597;24.5;15.8
978;2021-07-01;42;87;8693;5684;24.6;16.1
978;2021-07-02;52;90;8745;5774;24.7;16.3
978;2021-07-03;40;90;8785;5864;24.9;16.6
978;2021-07-04;0;1;8785;5865;24.9;16.6
978;2021-07-05;67;93;8852;5958;25.1;16.9
978;2021-07-06;55;74;8907;6032;25.2;17.1
978;2021-07-07;55;123;8962;6155;25.4;17.4
978;2021-07-08;54;107;9016;6262;25.5;17.7
978;2021-07-09;45;92;9061;6354;25.6;18.0
978;2021-07-10;38;85;9099;6439;25.8;18.2
978;2021-07-11;0;4;9099;6443;25.8;18.2
978;2021-07-12;71;130;9170;6573;26.0;18.6
978;2021-07-13;146;162;9316;6735;26.4;19.1
978;2021-07-14;3;0;9319;6735;26.4;19.1
978;2021-07-15;161;195;9480;6930;26.8;19.6
978;2021-07-16;113;113;9593;7043;27.1;19.9
978;2021-07-17;52;100;9645;7143;27.3;20.2
978;2021-07-18;0;0;9645;7143;27.3;20.2
978;2021-07-19;99;133;9744;7276;27.6;20.6
978;2021-07-20;80;74;9824;7350;27.8;20.8
978;2021-07-21;63;50;9887;7400;28.0;20.9
978;2021-07-22;97;114;9984;7514;28.3;21.3
978;2021-07-23;67;98;10051;7612;28.4;21.5
978;2021-07-24;20;35;10071;7647;28.5;21.6
978;2021-07-25;0;0;10071;7647;28.5;21.6
978;2021-07-26;99;116;10170;7763;28.8;22.0
978;2021-07-27;72;144;10242;7907;29.0;22.4
978;2021-07-28;72;126;10314;8033;29.2;22.7
978;2021-07-29;80;98;10394;8131;29.4;23.0
978;2021-07-30;82;115;10476;8246;29.6;23.3
978;2021-07-31;49;68;10525;8314;29.8;23.5
978;2021-08-01;0;0;10525;8314;29.8;23.5
978;2021-08-02;65;95;10590;8409;30.0;23.8
978;2021-08-03;60;94;10650;8503;30.1;24.1
978;2021-08-04;64;55;10714;8558;30.3;24.2
978;2021-08-05;48;70;10762;8628;30.5;24.4
978;2021-08-06;73;127;10835;8755;30.7;24.8
978;2021-08-07;44;46;10879;8801;30.8;24.9
978;2021-08-08;0;0;10879;8801;30.8;24.9
978;2021-08-09;138;150;11017;8951;31.2;25.3
978;2021-08-10;81;93;11098;9044;31.4;25.6
978;2021-08-11;106;99;11204;9143;31.7;25.9
978;2021-08-12;99;99;11303;9242;32.0;26.2
978;2021-08-13;132;75;11435;9317;32.4;26.4
978;2021-08-14;74;100;11509;9417;32.6;26.7
978;2021-08-15;0;0;11509;9417;32.6;26.7
978;2021-08-16;45;71;11554;9488;32.7;26.9
978;2021-08-17;33;33;11587;9521;32.8;26.9
978;2021-08-18;35;55;11622;9576;32.9;27.1
978;2021-08-19;34;26;11656;9602;33.0;27.2
978;2021-08-20;46;61;11702;9663;33.1;27.3
978;2021-08-21;0;0;11702;9663;33.1;27.3
978;2021-08-22;0;0;11702;9663;33.1;27.3
978;2021-08-23;51;87;11753;9750;33.3;27.6
978;2021-08-24;31;52;11784;9802;33.4;27.7
978;2021-08-25;26;51;11810;9853;33.4;27.9
978;2021-08-26;31;26;11841;9879;33.5;28.0
978;2021-08-27;47;88;11888;9967;33.6;28.2
978;2021-08-28;3;0;11891;9967;33.7;28.2
978;2021-08-29;0;0;11891;9967;33.7;28.2
978;2021-08-30;39;113;11930;10080;33.8;28.5
978;2021-08-31;46;81;11976;10161;33.9;28.8
978;2021-09-01;30;85;12006;10246;34.0;29.0
978;2021-09-02;38;70;12044;10316;34.1;29.2
978;2021-09-03;15;96;12059;10412;34.1;29.5
978;2021-09-04;0;0;12059;10412;34.1;29.5
978;2021-09-05;0;0;12059;10412;34.1;29.5
978;2021-09-06;32;80;12091;10492;34.2;29.7
978;2021-09-07;35;51;12126;10543;34.3;29.8
978;2021-09-08;21;45;12147;10588;34.4;30.0
978;2021-09-09;21;58;12168;10646;34.4;30.1
978;2021-09-10;43;81;12211;10727;34.6;30.4
978;2021-09-11;1;0;12212;10727;34.6;30.4
978;2021-09-12;4;1;12216;10728;34.6;30.4
978;2021-09-13;32;56;12248;10784;34.7;30.5
978;2021-09-14;23;33;12271;10817;34.7;30.6
978;2021-09-15;24;43;12295;10860;34.8;30.7
978;2021-09-16;8;33;12303;10893;34.8;30.8
978;2021-09-17;13;45;12316;10938;34.9;31.0
978;2021-09-18;0;0;12316;10938;34.9;31.0
978;2021-09-19;0;0;12316;10938;34.9;31.0
978;2021-09-20;10;35;12326;10973;34.9;31.1
978;2021-09-21;15;37;12341;11010;34.9;31.2
978;2021-09-22;13;34;12354;11044;35.0;31.3
978;2021-09-23;25;41;12379;11085;35.0;31.4
978;2021-09-24;19;27;12398;11112;35.1;31.4
978;2021-09-25;0;1;12398;11113;35.1;31.5
978;2021-09-26;0;0;12398;11113;35.1;31.5
978;2021-09-27;11;31;12409;11144;35.1;31.5
978;2021-09-28;19;25;12428;11169;35.2;31.6
