dep;jour;n_dose1;n_complet;n_cum_dose1;n_cum_complet;couv_dose1;couv_complet
01;2020-12-27;1;0;1;0;0.0;0.0
01;2020-12-28;0;0;1;0;0.0;0.0
01;2020-12-29;0;0;1;0;0.0;0.0
01;2020-12-30;0;0;1;0;0.0;0.0
01;2020-12-31;0;0;1;0;0.0;0.0
01;2021-01-01;1;0;2;0;0.0;0.0
01;2021-01-02;0;0;2;0;0.0;0.0
01;2021-01-03;0;0;2;0;0.0;0.0
01;2021-01-04;2;0;4;0;0.0;0.0
01;2021-01-05;2;0;6;0;0.0;0.0
01;2021-01-06;1;0;7;0;0.0;0.0
01;2021-01-07;67;0;74;0;0.0;0.0
01;2021-01-08;159;0;233;0;0.0;0.0
01;2021-01-09;2;1;235;1;0.0;0.0
01;2021-01-10;0;0;235;1;0.0;0.0
01;2021-01-11;148;0;383;1;0.1;0.0
01;2021-01-12;317;2;700;3;0.1;0.0
01;2021-01-13;444;1;1144;4;0.2;0.0
01;2021-01-14;529;3;1673;7;0.3;0.0
01;2021-01-15;397;3;2070;10;0.3;0.0
01;2021-01-16;202;0;2272;10;0.3;0.0
01;2021-01-17;128;0;2400;10;0.4;0.0
01;2021-01-18;378;1;2778;11;0.4;0.0
01;2021-01-19;1040;1;3818;12;0.6;0.0
01;2021-01-20;1262;2;5080;14;0.8;0.0
01;2021-01-21;1098;4;6178;18;0.9;0.0
01;2021-01-22;645;0;6823;18;1.0;0.0
01;2021-01-23;222;0;7045;18;1.1;0.0
01;2021-01-24;71;1;7116;19;1.1;0.0
01;2021-01-25;484;1;7600;20;1.2;0.0
01;2021-01-26;741;3;8341;23;1.3;0.0
01;2021-01-27;518;4;8859;27;1.3;0.0
01;2021-01-28;682;54;9541;81;1.5;0.0
01;2021-01-29;637;102;10178;183;1.5;0.0
01;2021-01-30;236;15;10414;198;1.6;0.0
01;2021-01-31;62;0;10476;198;1.6;0.0
01;2021-02-01;458;73;10934;271;1.7;0.0
01;2021-02-02;515;180;11449;451;1.7;0.1
01;2021-02-03;374;287;11823;738;1.8;0.1
01;2021-02-04;478;411;12301;1149;1.9;0.2
01;2021-02-05;441;275;12742;1424;1.9;0.2
01;2021-02-06;261;135;13003;1559;2.0;0.2
01;2021-02-07;2;104;13005;1663;2.0;0.3
01;2021-02-08;505;385;13510;2048;2.1;0.3
01;2021-02-09;774;851;14284;2899;2.2;0.4
01;2021-02-10;952;708;15236;3607;2.3;0.5
01;2021-02-11;791;765;16027;4372;2.4;0.7
01;2021-02-12;637;544;16664;4916;2.5;0.7
01;2021-02-13;161;144;16825;5060;2.6;0.8
01;2021-02-14;0;9;16825;5069;2.6;0.8
01;2021-02-15;437;441;17262;5510;2.6;0.8
01;2021-02-16;659;400;17921;5910;2.7;0.9
01;2021-02-17;519;245;18440;6155;2.8;0.9
01;2021-02-18;589;563;19029;6718;2.9;1.0
01;2021-02-19;580;242;19609;6960;3.0;1.1
01;2021-02-20;201;150;19810;7110;3.0;1.1
01;2021-02-21;0;1;19810;7111;3.0;1.1
01;2021-02-22;427;545;20237;7656;3.1;1.2
01;2021-02-23;482;513;20719;8169;3.2;1.2
01;2021-02-24;433;456;21152;8625;3.2;1.3
01;2021-02-25;826;603;21978;9228;3.3;1.4
01;2021-02-26;874;538;22852;9766;3.5;1.5
01;2021-02-27;480;115;23332;9881;3.6;1.5
01;2021-02-28;20;3;23352;9884;3.6;1.5
01;2021-03-01;629;453;23981;10337;3.7;1.6
01;2021-03-02;962;553;24943;10890;3.8;1.7
01;2021-03-03;939;661;25882;11551;3.9;1.8
01;2021-03-04;1198;642;27080;12193;4.1;1.9
01;2021-03-05;1354;495;28434;12688;4.3;1.9
01;2021-03-06;781;99;29215;12787;4.4;1.9
01;2021-03-07;43;1;29258;12788;4.5;1.9
01;2021-03-08;669;624;29927;13412;4.6;2.0
01;2021-03-09;1339;609;31266;14021;4.8;2.1
01;2021-03-10;1160;557;32426;14578;4.9;2.2
01;2021-03-11;1684;641;34110;15219;5.2;2.3
01;2021-03-12;2004;639;36114;15858;5.5;2.4
01;2021-03-13;1500;95;37614;15953;5.7;2.4
01;2021-03-14;132;59;37746;16012;5.7;2.4
01;2021-03-15;1157;404;38903;16416;5.9;2.5
01;2021-03-16;1011;563;39914;16979;6.1;2.6
01;2021-03-17;839;345;40753;17324;6.2;2.6
01;2021-03-18;1294;469;42047;17793;6.4;2.7
01;2021-03-19;1746;541;43793;18334;6.7;2.8
01;2021-03-20;1445;132;45238;18466;6.9;2.8
01;2021-03-21;97;11;45335;18477;6.9;2.8
01;2021-03-22;1575;493;46910;18970;7.1;2.9
01;2021-03-23;2196;648;49106;19618;7.5;3.0
01;2021-03-24;1616;414;50722;20032;7.7;3.0
01;2021-03-25;2910;632;53632;20664;8.2;3.1
01;2021-03-26;2872;614;56504;21278;8.6;3.2
01;2021-03-27;1310;159;57814;21437;8.8;3.3
01;2021-03-28;22;1;57836;21438;8.8;3.3
01;2021-03-29;1930;545;59766;21983;9.1;3.3
01;2021-03-30;2515;763;62281;22746;9.5;3.5
01;2021-03-31;1868;629;64149;23375;9.8;3.6
01;2021-04-01;2570;857;66719;24232;10.2;3.7
01;2021-04-02;2814;725;69533;24957;10.6;3.8
01;2021-04-03;1256;133;70789;25090;10.8;3.8
01;2021-04-04;2;0;70791;25090;10.8;3.8
01;2021-04-05;1261;63;72052;25153;11.0;3.8
01;2021-04-06;2822;791;74874;25944;11.4;3.9
01;2021-04-07;2739;708;77613;26652;11.8;4.1
01;2021-04-08;3241;999;80854;27651;12.3;4.2
01;2021-04-09;3989;1334;84843;28985;12.9;4.4
01;2021-04-10;1824;303;86667;29288;13.2;4.5
01;2021-04-11;44;22;86711;29310;13.2;4.5
01;2021-04-12;2717;1222;89428;30532;13.6;4.6
01;2021-04-13;2941;1322;92369;31854;14.1;4.8
01;2021-04-14;3127;1081;95496;32935;14.5;5.0
01;2021-04-15;3073;1478;98569;34413;15.0;5.2
01;2021-04-16;2861;1576;101430;35989;15.4;5.5
01;2021-04-17;1654;681;103084;36670;15.7;5.6
01;2021-04-18;13;0;103097;36670;15.7;5.6
01;2021-04-19;2039;1518;105136;38188;16.0;5.8
01;2021-04-20;2663;1572;107799;39760;16.4;6.1
01;2021-04-21;2686;1349;110485;41109;16.8;6.3
01;2021-04-22;2835;1533;113320;42642;17.2;6.5
01;2021-04-23;2764;1531;116084;44173;17.7;6.7
01;2021-04-24;1447;652;117531;44825;17.9;6.8
01;2021-04-25;9;0;117540;44825;17.9;6.8
01;2021-04-26;1970;1730;119510;46555;18.2;7.1
01;2021-04-27;2574;1558;122084;48113;18.6;7.3
01;2021-04-28;2500;1572;124584;49685;19.0;7.6
01;2021-04-29;2715;1773;127299;51458;19.4;7.8
01;2021-04-30;2983;2250;130282;53708;19.8;8.2
01;2021-05-01;1472;855;131754;54563;20.1;8.3
01;2021-05-02;546;76;132300;54639;20.1;8.3
01;2021-05-03;2294;2480;134594;57119;20.5;8.7
01;2021-05-04;2540;2642;137134;59761;20.9;9.1
01;2021-05-05;2529;2503;139663;62264;21.3;9.5
01;2021-05-06;2996;2530;142659;64794;21.7;9.9
01;2021-05-07;3217;2781;145876;67575;22.2;10.3
01;2021-05-08;1646;922;147522;68497;22.5;10.4
01;2021-05-09;1023;162;148545;68659;22.6;10.5
01;2021-05-10;2501;3074;151046;71733;23.0;10.9
01;2021-05-11;3581;3064;154627;74797;23.5;11.4
01;2021-05-12;3651;3002;158278;77799;24.1;11.8
01;2021-05-13;4087;1502;162365;79301;24.7;12.1
01;2021-05-14;4270;2345;166635;81646;25.4;12.4
01;2021-05-15;3157;1436;169792;83082;25.8;12.6
01;2021-05-16;1413;150;171205;83232;26.1;12.7
01;2021-05-17;3446;2468;174651;85700;26.6;13.0
01;2021-05-18;4075;1961;178726;87661;27.2;13.3
01;2021-05-19;3973;1905;182699;89566;27.8;13.6
01;2021-05-20;4529;2018;187228;91584;28.5;13.9
01;2021-05-21;4620;2197;191848;93781;29.2;14.3
01;2021-05-22;3369;957;195217;94738;29.7;14.4
01;2021-05-23;834;82;196051;94820;29.8;14.4
01;2021-05-24;2765;500;198816;95320;30.3;14.5
01;2021-05-25;3558;2430;202374;97750;30.8;14.9
01;2021-05-26;3571;2249;205945;99999;31.3;15.2
01;2021-05-27;3853;2099;209798;102098;31.9;15.5
01;2021-05-28;3665;2639;213463;104737;32.5;15.9
01;2021-05-29;3060;1303;216523;106040;33.0;16.1
01;2021-05-30;613;88;217136;106128;33.1;16.2
01;2021-05-31;2405;2516;219541;108644;33.4;16.5
01;2021-06-01;2769;2589;222310;111233;33.8;16.9
01;2021-06-02;2882;2203;225192;113436;34.3;17.3
01;2021-06-03;3365;2434;228557;115870;34.8;17.6
01;2021-06-04;4499;3361;233056;119231;35.5;18.1
01;2021-06-05;3253;1726;236309;120957;36.0;18.4
01;2021-06-06;670;78;236979;121035;36.1;18.4
01;2021-06-07;3389;2873;240368;123908;36.6;18.9
01;2021-06-08;3650;2713;244018;126621;37.1;19.3
01;2021-06-09;2947;2638;246965;129259;37.6;19.7
01;2021-06-10;2765;2043;249730;131302;38.0;20.0
01;2021-06-11;3070;3368;252800;134670;38.5;20.5
01;2021-06-12;2404;2199;255204;136869;38.8;20.8
01;2021-06-13;200;479;255404;137348;38.9;20.9
01;2021-06-14;2122;3166;257526;140514;39.2;21.4
01;2021-06-15;2004;3364;259530;143878;39.5;21.9
01;2021-06-16;2179;3289;261709;147167;39.8;22.4
01;2021-06-17;1958;3175;263667;150342;40.1;22.9
01;2021-06-18;2645;4163;266312;154505;40.5;23.5
01;2021-06-19;1727;2555;268039;157060;40.8;23.9
01;2021-06-20;159;498;268198;157558;40.8;24.0
01;2021-06-21;1800;3705;269998;161263;41.1;24.5
01;2021-06-22;1549;3998;271547;165261;41.3;25.2
01;2021-06-23;1585;3755;273132;169016;41.6;25.7
01;2021-06-24;1471;3568;274603;172584;41.8;26.3
01;2021-06-25;1889;4563;276492;177147;42.1;27.0
01;2021-06-26;1210;2946;277702;180093;42.3;27.4
01;2021-06-27;170;339;277872;180432;42.3;27.5
01;2021-06-28;1384;4026;279256;184458;42.5;28.1
01;2021-06-29;1411;3851;280667;188309;42.7;28.7
01;2021-06-30;1378;4159;282045;192468;42.9;29.3
01;2021-07-01;1432;4092;283477;196560;43.2;29.9
01;2021-07-02;1588;4987;285065;201547;43.4;30.7
01;2021-07-03;858;3377;285923;204924;43.5;31.2
01;2021-07-04;105;499;286028;205423;43.5;31.3
01;2021-07-05;1488;4084;287516;209507;43.8;31.9
01;2021-07-06;1105;4277;288621;213784;43.9;32.5
01;2021-07-07;1755;3698;290376;217482;44.2;33.1
01;2021-07-08;1472;3675;291848;221157;44.4;33.7
01;2021-07-09;1885;4362;293733;225519;44.7;34.3
01;2021-07-10;1120;3439;294853;228958;44.9;34.9
01;2021-07-11;105;418;294958;229376;44.9;34.9
01;2021-07-12;1422;3841;296380;233217;45.1;35.5
01;2021-07-13;2058;4116;298438;237333;45.4;36.1
01;2021-07-14;148;179;298586;237512;45.4;36.2
01;2021-07-15;3088;4193;301674;241705;45.9;36.8
01;2021-07-16;3746;4840;305420;246545;46.5;37.5
01;2021-07-17;2203;3049;307623;249594;46.8;38.0
01;2021-07-18;289;551;307912;250145;46.9;38.1
01;2021-07-19;2915;3869;310827;254014;47.3;38.7
01;2021-07-20;3299;3689;314126;257703;47.8;39.2
01;2021-07-21;3936;3561;318062;261264;48.4;39.8
01;2021-07-22;4217;3493;322279;264757;49.1;40.3
01;2021-07-23;3939;4215;326218;268972;49.7;40.9
01;2021-07-24;2730;2714;328948;271686;50.1;41.4
01;2021-07-25;59;59;329007;271745;50.1;41.4
01;2021-07-26;3347;3240;332354;274985;50.6;41.9
01;2021-07-27;4100;2788;336454;277773;51.2;42.3
01;2021-07-28;3986;2651;340440;280424;51.8;42.7
01;2021-07-29;4697;2436;345137;282860;52.5;43.1
01;2021-07-30;4452;3432;349589;286292;53.2;43.6
01;2021-07-31;3642;1778;353231;288070;53.8;43.8
01;2021-08-01;397;74;353628;288144;53.8;43.9
01;2021-08-02;3063;2456;356691;290600;54.3;44.2
01;2021-08-03;3063;2452;359754;293052;54.8;44.6
01;2021-08-04;2542;1732;362296;294784;55.1;44.9
01;2021-08-05;2240;2360;364536;297144;55.5;45.2
01;2021-08-06;2747;3114;367283;300258;55.9;45.7
01;2021-08-07;2061;1837;369344;302095;56.2;46.0
01;2021-08-08;245;260;369589;302355;56.3;46.0
01;2021-08-09;1127;2633;370716;304988;56.4;46.4
01;2021-08-10;1443;2417;372159;307405;56.6;46.8
01;2021-08-11;1463;2594;373622;309999;56.9;47.2
01;2021-08-12;1608;2822;375230;312821;57.1;47.6
01;2021-08-13;1797;2719;377027;315540;57.4;48.0
01;2021-08-14;1382;2233;378409;317773;57.6;48.4
01;2021-08-15;11;21;378420;317794;57.6;48.4
01;2021-08-16;973;3010;379393;320804;57.8;48.8
01;2021-08-17;1343;2756;380736;323560;58.0;49.3
01;2021-08-18;1249;2905;381985;326465;58.1;49.7
01;2021-08-19;1292;2421;383277;328886;58.3;50.1
01;2021-08-20;1449;3951;384726;332837;58.6;50.7
01;2021-08-21;881;2845;385607;335682;58.7;51.1
01;2021-08-22;18;20;385625;335702;58.7;51.1
01;2021-08-23;1113;3020;386738;338722;58.9;51.6
01;2021-08-24;1222;3145;387960;341867;59.1;52.0
01;2021-08-25;1122;2986;389082;344853;59.2;52.5
01;2021-08-26;1638;2729;390720;347582;59.5;52.9
01;2021-08-27;1634;3643;392354;351225;59.7;53.5
01;2021-08-28;1039;2585;393393;353810;59.9;53.9
01;2021-08-29;16;31;393409;353841;59.9;53.9
01;2021-08-30;1170;2719;394579;356560;60.1;54.3
01;2021-08-31;1085;1938;395664;358498;60.2;54.6
01;2021-09-01;901;1858;396565;360356;60.4;54.9
02;2020-12-27;0;0;0;0;0.0;0.0
02;2020-12-28;0;0;0;0;0.0;0.0
02;2020-12-29;0;0;0;0;0.0;0.0
02;2020-12-30;0;0;0;0;0.0;0.0
02;2020-12-31;0;0;0;0;0.0;0.0
02;2021-01-01;0;0;0;0;0.0;0.0
02;2021-01-02;0;0;0;0;0.0;0.0
02;2021-01-03;0;0;0;0;0.0;0.0
02;2021-01-04;0;0;0;0;0.0;0.0
02;2021-01-05;0;0;0;0;0.0;0.0
02;2021-01-06;22;0;22;0;0.0;0.0
02;2021-01-07;261;2;283;2;0.1;0.0
02;2021-01-08;489;3;772;5;0.1;0.0
02;2021-01-09;74;0;846;5;0.2;0.0
02;2021-01-10;49;0;895;5;0.2;0.0
02;2021-01-11;267;0;1162;5;0.2;0.0
02;2021-01-12;355;1;1517;6;0.3;0.0
02;2021-01-13;468;4;1985;10;0.4;0.0
02;2021-01-14;651;11;2636;21;0.5;0.0
02;2021-01-15;631;7;3267;28;0.6;0.0
02;2021-01-16;333;4;3600;32;0.7;0.0
02;2021-01-17;62;0;3662;32;0.7;0.0
02;2021-01-18;811;8;4473;40;0.9;0.0
02;2021-01-19;942;5;5415;45;1.0;0.0
02;2021-01-20;1430;5;6845;50;1.3;0.0
02;2021-01-21;2601;6;9446;56;1.8;0.0
02;2021-01-22;1421;5;10867;61;2.1;0.0
02;2021-01-23;291;1;11158;62;2.1;0.0
02;2021-01-24;67;0;11225;62;2.1;0.0
02;2021-01-25;432;10;11657;72;2.2;0.0
02;2021-01-26;704;15;12361;87;2.3;0.0
02;2021-01-27;161;2;12522;89;2.4;0.0
02;2021-01-28;69;245;12591;334;2.4;0.1
02;2021-01-29;119;412;12710;746;2.4;0.1
02;2021-01-30;4;13;12714;759;2.4;0.1
02;2021-01-31;0;10;12714;769;2.4;0.1
02;2021-02-01;11;209;12725;978;2.4;0.2
02;2021-02-02;45;326;12770;1304;2.4;0.2
02;2021-02-03;124;331;12894;1635;2.5;0.3
02;2021-02-04;227;351;13121;1986;2.5;0.4
02;2021-02-05;178;407;13299;2393;2.5;0.5
02;2021-02-06;66;173;13365;2566;2.5;0.5
02;2021-02-07;9;0;13374;2566;2.5;0.5
02;2021-02-08;305;429;13679;2995;2.6;0.6
02;2021-02-09;322;667;14001;3662;2.7;0.7
02;2021-02-10;485;1031;14486;4693;2.8;0.9
02;2021-02-11;937;1852;15423;6545;2.9;1.2
02;2021-02-12;885;1113;16308;7658;3.1;1.5
02;2021-02-13;290;129;16598;7787;3.2;1.5
02;2021-02-14;1;5;16599;7792;3.2;1.5
02;2021-02-15;344;656;16943;8448;3.2;1.6
02;2021-02-16;413;535;17356;8983;3.3;1.7
02;2021-02-17;498;609;17854;9592;3.4;1.8
02;2021-02-18;507;430;18361;10022;3.5;1.9
02;2021-02-19;444;554;18805;10576;3.6;2.0
02;2021-02-20;372;221;19177;10797;3.6;2.1
02;2021-02-21;39;17;19216;10814;3.7;2.1
02;2021-02-22;377;310;19593;11124;3.7;2.1
02;2021-02-23;432;355;20025;11479;3.8;2.2
02;2021-02-24;600;146;20625;11625;3.9;2.2
02;2021-02-25;870;136;21495;11761;4.1;2.2
02;2021-02-26;808;73;22303;11834;4.2;2.2
02;2021-02-27;445;14;22748;11848;4.3;2.3
02;2021-02-28;55;2;22803;11850;4.3;2.3
02;2021-03-01;638;24;23441;11874;4.5;2.3
02;2021-03-02;1032;127;24473;12001;4.7;2.3
02;2021-03-03;754;205;25227;12206;4.8;2.3
02;2021-03-04;1162;653;26389;12859;5.0;2.4
02;2021-03-05;1049;506;27438;13365;5.2;2.5
02;2021-03-06;2139;99;29577;13464;5.6;2.6
02;2021-03-07;1505;49;31082;13513;5.9;2.6
02;2021-03-08;573;367;31655;13880;6.0;2.6
02;2021-03-09;999;405;32654;14285;6.2;2.7
02;2021-03-10;895;470;33549;14755;6.4;2.8
02;2021-03-11;1293;391;34842;15146;6.6;2.9
02;2021-03-12;1705;416;36547;15562;6.9;3.0
02;2021-03-13;2592;238;39139;15800;7.4;3.0
02;2021-03-14;1457;43;40596;15843;7.7;3.0
02;2021-03-15;612;453;41208;16296;7.8;3.1
02;2021-03-16;863;403;42071;16699;8.0;3.2
02;2021-03-17;759;452;42830;17151;8.1;3.3
02;2021-03-18;608;616;43438;17767;8.3;3.4
02;2021-03-19;1172;300;44610;18067;8.5;3.4
02;2021-03-20;2430;159;47040;18226;8.9;3.5
02;2021-03-21;1488;81;48528;18307;9.2;3.5
02;2021-03-22;762;496;49290;18803;9.4;3.6
02;2021-03-23;1194;550;50484;19353;9.6;3.7
02;2021-03-24;1582;503;52066;19856;9.9;3.8
02;2021-03-25;1694;595;53760;20451;10.2;3.9
02;2021-03-26;2412;492;56172;20943;10.7;4.0
02;2021-03-27;2495;133;58667;21076;11.2;4.0
02;2021-03-28;638;14;59305;21090;11.3;4.0
02;2021-03-29;1038;860;60343;21950;11.5;4.2
02;2021-03-30;1554;846;61897;22796;11.8;4.3
02;2021-03-31;1299;717;63196;23513;12.0;4.5
02;2021-04-01;1290;862;64486;24375;12.3;4.6
02;2021-04-02;1184;1230;65670;25605;12.5;4.9
02;2021-04-03;2647;852;68317;26457;13.0;5.0
02;2021-04-04;727;240;69044;26697;13.1;5.1
02;2021-04-05;1509;133;70553;26830;13.4;5.1
02;2021-04-06;1540;856;72093;27686;13.7;5.3
02;2021-04-07;1871;780;73964;28466;14.1;5.4
02;2021-04-08;1918;1107;75882;29573;14.4;5.6
02;2021-04-09;2433;1093;78315;30666;14.9;5.8
02;2021-04-10;2430;1212;80745;31878;15.3;6.1
02;2021-04-11;476;418;81221;32296;15.4;6.1
02;2021-04-12;1824;629;83045;32925;15.8;6.3
02;2021-04-13;1601;926;84646;33851;16.1;6.4
02;2021-04-14;2584;975;87230;34826;16.6;6.6
02;2021-04-15;2497;776;89727;35602;17.1;6.8
02;2021-04-16;2439;1130;92166;36732;17.5;7.0
02;2021-04-17;1890;2145;94056;38877;17.9;7.4
02;2021-04-18;270;814;94326;39691;17.9;7.5
02;2021-04-19;1158;633;95484;40324;18.2;7.7
02;2021-04-20;1676;766;97160;41090;18.5;7.8
02;2021-04-21;1550;993;98710;42083;18.8;8.0
02;2021-04-22;1748;704;100458;42787;19.1;8.1
02;2021-04-23;1930;1413;102388;44200;19.5;8.4
02;2021-04-24;1714;1642;104102;45842;19.8;8.7
02;2021-04-25;462;235;104564;46077;19.9;8.8
02;2021-04-26;1339;563;105903;46640;20.1;8.9
02;2021-04-27;1627;1095;107530;47735;20.4;9.1
02;2021-04-28;1592;1438;109122;49173;20.7;9.3
02;2021-04-29;1885;1175;111007;50348;21.1;9.6
02;2021-04-30;2716;1656;113723;52004;21.6;9.9
02;2021-05-01;1991;1233;115714;53237;22.0;10.1
02;2021-05-02;1982;420;117696;53657;22.4;10.2
02;2021-05-03;2225;984;119921;54641;22.8;10.4
02;2021-05-04;1523;1318;121444;55959;23.1;10.6
02;2021-05-05;2329;1842;123773;57801;23.5;11.0
02;2021-05-06;2123;1738;125896;59539;23.9;11.3
02;2021-05-07;2357;2175;128253;61714;24.4;11.7
02;2021-05-08;2920;950;131173;62664;24.9;11.9
02;2021-05-09;1822;423;132995;63087;25.3;12.0
02;2021-05-10;2375;1482;135370;64569;25.7;12.3
02;2021-05-11;2878;1575;138248;66144;26.3;12.6
02;2021-05-12;2674;1624;140922;67768;26.8;12.9
02;2021-05-13;2991;1038;143913;68806;27.4;13.1
02;2021-05-14;3382;1206;147295;70012;28.0;13.3
02;2021-05-15;4374;1091;151669;71103;28.8;13.5
02;2021-05-16;2799;213;154468;71316;29.4;13.6
02;2021-05-17;2147;664;156615;71980;29.8;13.7
02;2021-05-18;2635;977;159250;72957;30.3;13.9
02;2021-05-19;2852;999;162102;73956;30.8;14.1
02;2021-05-20;3552;1231;165654;75187;31.5;14.3
02;2021-05-21;3819;1071;169473;76258;32.2;14.5
02;2021-05-22;5848;966;175321;77224;33.3;14.7
02;2021-05-23;2659;239;177980;77463;33.8;14.7
02;2021-05-24;3541;542;181521;78005;34.5;14.8
02;2021-05-25;2260;1164;183781;79169;34.9;15.0
02;2021-05-26;3080;1498;186861;80667;35.5;15.3
02;2021-05-27;3651;1491;190512;82158;36.2;15.6
02;2021-05-28;3514;1588;194026;83746;36.9;15.9
02;2021-05-29;4081;1574;198107;85320;37.7;16.2
02;2021-05-30;1449;187;199556;85507;37.9;16.3
02;2021-05-31;2575;1194;202131;86701;38.4;16.5
02;2021-06-01;2869;1872;205000;88573;39.0;16.8
02;2021-06-02;3161;1652;208161;90225;39.6;17.2
02;2021-06-03;2857;1835;211018;92060;40.1;17.5
02;2021-06-04;3142;2064;214160;94124;40.7;17.9
02;2021-06-05;3441;1734;217601;95858;41.4;18.2
02;2021-06-06;1738;258;219339;96116;41.7;18.3
02;2021-06-07;1613;1500;220952;97616;42.0;18.6
02;2021-06-08;2063;1850;223015;99466;42.4;18.9
02;2021-06-09;2057;1650;225072;101116;42.8;19.2
02;2021-06-10;2013;1838;227085;102954;43.2;19.6
02;2021-06-11;2195;3069;229280;106023;43.6;20.2
02;2021-06-12;2312;2598;231592;108621;44.0;20.6
02;2021-06-13;684;1387;232276;110008;44.2;20.9
02;2021-06-14;1049;2393;233325;112401;44.4;21.4
02;2021-06-15;1519;2463;234844;114864;44.6;21.8
02;2021-06-16;1534;2750;236378;117614;44.9;22.4
02;2021-06-17;1782;2860;238160;120474;45.3;22.9
02;2021-06-18;2312;3573;240472;124047;45.7;23.6
02;2021-06-19;1841;3820;242313;127867;46.1;24.3
02;2021-06-20;644;1522;242957;129389;46.2;24.6
02;2021-06-21;807;3195;243764;132584;46.3;25.2
02;2021-06-22;1155;3668;244919;136252;46.6;25.9
02;2021-06-23;1227;3588;246146;139840;46.8;26.6
02;2021-06-24;1327;3149;247473;142989;47.0;27.2
02;2021-06-25;1399;4545;248872;147534;47.3;28.0
02;2021-06-26;1346;4227;250218;151761;47.6;28.8
02;2021-06-27;600;2334;250818;154095;47.7;29.3
02;2021-06-28;877;3021;251695;157116;47.8;29.9
02;2021-06-29;919;2929;252614;160045;48.0;30.4
02;2021-06-30;1510;3162;254124;163207;48.3;31.0
02;2021-07-01;1196;3592;255320;166799;48.5;31.7
02;2021-07-02;1360;5137;256680;171936;48.8;32.7
02;2021-07-03;998;5990;257678;177926;49.0;33.8
02;2021-07-04;509;2367;258187;180293;49.1;34.3
02;2021-07-05;661;3937;258848;184230;49.2;35.0
02;2021-07-06;673;3047;259521;187277;49.3;35.6
02;2021-07-07;1322;3724;260843;191001;49.6;36.3
02;2021-07-08;1394;3872;262237;194873;49.9;37.0
02;2021-07-09;1281;4217;263518;199090;50.1;37.8
02;2021-07-10;1332;4609;264850;203699;50.3;38.7
02;2021-07-11;481;1968;265331;205667;50.4;39.1
02;2021-07-12;1416;3729;266747;209396;50.7;39.8
02;2021-07-13;2067;3661;268814;213057;51.1;40.5
02;2021-07-14;1755;1599;270569;214656;51.4;40.8
02;2021-07-15;2725;3560;273294;218216;52.0;41.5
02;2021-07-16;3166;4220;276460;222436;52.6;42.3
02;2021-07-17;3561;4227;280021;226663;53.2;43.1
02;2021-07-18;2038;1615;282059;228278;53.6;43.4
02;2021-07-19;3440;3040;285499;231318;54.3;44.0
02;2021-07-20;3500;3303;288999;234621;54.9;44.6
02;2021-07-21;3910;2952;292909;237573;55.7;45.2
02;2021-07-22;3321;2805;296230;240378;56.3;45.7
02;2021-07-23;3205;3560;299435;243938;56.9;46.4
02;2021-07-24;4448;3723;303883;247661;57.8;47.1
02;2021-07-25;2192;1088;306075;248749;58.2;47.3
02;2021-07-26;3878;2250;309953;250999;58.9;47.7
02;2021-07-27;3660;2149;313613;253148;59.6;48.1
02;2021-07-28;3282;2094;316895;255242;60.2;48.5
02;2021-07-29;2582;2219;319477;257461;60.7;48.9
02;2021-07-30;3314;2309;322791;259770;61.4;49.4
02;2021-07-31;4182;2277;326973;262047;62.2;49.8
02;2021-08-01;1473;691;328446;262738;62.4;49.9
02;2021-08-02;2035;1601;330481;264339;62.8;50.2
02;2021-08-03;2532;1902;333013;266241;63.3;50.6
02;2021-08-04;2559;1705;335572;267946;63.8;50.9
02;2021-08-05;1849;2268;337421;270214;64.1;51.4
02;2021-08-06;2093;2745;339514;272959;64.5;51.9
02;2021-08-07;2519;2783;342033;275742;65.0;52.4
02;2021-08-08;1027;1572;343060;277314;65.2;52.7
02;2021-08-09;1897;2746;344957;280060;65.6;53.2
02;2021-08-10;1765;2459;346722;282519;65.9;53.7
02;2021-08-11;1479;2109;348201;284628;66.2;54.1
02;2021-08-12;1205;2333;349406;286961;66.4;54.6
02;2021-08-13;1610;2910;351016;289871;66.7;55.1
02;2021-08-14;1647;3692;352663;293563;67.0;55.8
02;2021-08-15;160;572;352823;294135;67.1;55.9
02;2021-08-16;1269;3761;354092;297896;67.3;56.6
02;2021-08-17;1417;2835;355509;300731;67.6;57.2
02;2021-08-18;1574;3182;357083;303913;67.9;57.8
02;2021-08-19;1134;3217;358217;307130;68.1;58.4
02;2021-08-20;1190;2947;359407;310077;68.3;58.9
02;2021-08-21;1442;4080;360849;314157;68.6;59.7
02;2021-08-22;406;1655;361255;315812;68.7;60.0
02;2021-08-23;1151;3074;362406;318886;68.9;60.6
02;2021-08-24;902;2182;363308;321068;69.1;61.0
02;2021-08-25;1019;2592;364327;323660;69.3;61.5
02;2021-08-26;908;2333;365235;325993;69.4;62.0
02;2021-08-27;964;2616;366199;328609;69.6;62.5
02;2021-08-28;1294;3415;367493;332024;69.9;63.1
02;2021-08-29;328;1169;367821;333193;69.9;63.3
02;2021-08-30;992;2467;368813;335660;70.1;63.8
02;2021-08-31;851;2251;369664;337911;70.3;64.2
02;2021-09-01;686;1537;370350;339448;70.4;64.5
03;2020-12-27;0;0;0;0;0.0;0.0
03;2020-12-28;1;0;1;0;0.0;0.0
03;2020-12-29;0;0;1;0;0.0;0.0
03;2020-12-30;1;0;2;0;0.0;0.0
03;2020-12-31;0;0;2;0;0.0;0.0
03;2021-01-01;0;0;2;0;0.0;0.0
03;2021-01-02;0;0;2;0;0.0;0.0
03;2021-01-03;0;0;2;0;0.0;0.0
03;2021-01-04;0;0;2;0;0.0;0.0
03;2021-01-05;0;0;2;0;0.0;0.0
03;2021-01-06;10;0;12;0;0.0;0.0
03;2021-01-07;61;0;73;0;0.0;0.0
03;2021-01-08;146;1;219;1;0.1;0.0
03;2021-01-09;122;0;341;1;0.1;0.0
03;2021-01-10;6;0;347;1;0.1;0.0
03;2021-01-11;412;1;759;2;0.2;0.0
03;2021-01-12;631;0;1390;2;0.4;0.0
03;2021-01-13;669;2;2059;4;0.6;0.0
03;2021-01-14;861;4;2920;8;0.9;0.0
03;2021-01-15;387;3;3307;11;1.0;0.0
03;2021-01-16;278;0;3585;11;1.1;0.0
03;2021-01-17;42;0;3627;11;1.1;0.0
03;2021-01-18;878;0;4505;11;1.4;0.0
03;2021-01-19;1149;1;5654;12;1.7;0.0
03;2021-01-20;1291;4;6945;16;2.1;0.0
03;2021-01-21;1201;5;8146;21;2.5;0.0
03;2021-01-22;1117;4;9263;25;2.8;0.0
03;2021-01-23;466;0;9729;25;2.9;0.0
03;2021-01-24;0;0;9729;25;2.9;0.0
03;2021-01-25;187;0;9916;25;3.0;0.0
03;2021-01-26;679;14;10595;39;3.2;0.0
03;2021-01-27;695;11;11290;50;3.4;0.0
03;2021-01-28;1020;46;12310;96;3.7;0.0
03;2021-01-29;856;80;13166;176;4.0;0.1
03;2021-01-30;600;2;13766;178;4.2;0.1
03;2021-01-31;0;0;13766;178;4.2;0.1
03;2021-02-01;160;76;13926;254;4.2;0.1
03;2021-02-02;767;265;14693;519;4.4;0.2
03;2021-02-03;1056;475;15749;994;4.8;0.3
03;2021-02-04;1549;629;17298;1623;5.2;0.5
03;2021-02-05;947;315;18245;1938;5.5;0.6
03;2021-02-06;152;13;18397;1951;5.6;0.6
03;2021-02-07;5;0;18402;1951;5.6;0.6
03;2021-02-08;128;56;18530;2007;5.6;0.6
03;2021-02-09;612;448;19142;2455;5.8;0.7
03;2021-02-10;485;343;19627;2798;5.9;0.8
03;2021-02-11;1026;580;20653;3378;6.2;1.0
03;2021-02-12;1076;544;21729;3922;6.6;1.2
03;2021-02-13;126;166;21855;4088;6.6;1.2
03;2021-02-14;0;1;21855;4089;6.6;1.2
03;2021-02-15;309;840;22164;4929;6.7;1.5
03;2021-02-16;548;1144;22712;6073;6.9;1.8
03;2021-02-17;453;1315;23165;7388;7.0;2.2
03;2021-02-18;368;1234;23533;8622;7.1;2.6
03;2021-02-19;496;787;24029;9409;7.3;2.8
03;2021-02-20;128;179;24157;9588;7.3;2.9
03;2021-02-21;2;1;24159;9589;7.3;2.9
03;2021-02-22;158;199;24317;9788;7.3;3.0
03;2021-02-23;721;943;25038;10731;7.6;3.2
03;2021-02-24;609;1017;25647;11748;7.7;3.5
03;2021-02-25;1089;1814;26736;13562;8.1;4.1
03;2021-02-26;821;1366;27557;14928;8.3;4.5
03;2021-02-27;96;254;27653;15182;8.3;4.6
03;2021-02-28;0;15;27653;15197;8.3;4.6
03;2021-03-01;178;240;27831;15437;8.4;4.7
03;2021-03-02;818;659;28649;16096;8.6;4.9
03;2021-03-03;894;449;29543;16545;8.9;5.0
03;2021-03-04;1540;584;31083;17129;9.4;5.2
03;2021-03-05;1121;734;32204;17863;9.7;5.4
03;2021-03-06;915;113;33119;17976;10.0;5.4
03;2021-03-07;2;0;33121;17976;10.0;5.4
03;2021-03-08;239;244;33360;18220;10.1;5.5
03;2021-03-09;1016;438;34376;18658;10.4;5.6
03;2021-03-10;941;547;35317;19205;10.7;5.8
03;2021-03-11;1677;654;36994;19859;11.2;6.0
03;2021-03-12;1302;866;38296;20725;11.6;6.3
03;2021-03-13;863;113;39159;20838;11.8;6.3
03;2021-03-14;2;7;39161;20845;11.8;6.3
03;2021-03-15;250;200;39411;21045;11.9;6.4
03;2021-03-16;650;404;40061;21449;12.1;6.5
03;2021-03-17;1302;443;41363;21892;12.5;6.6
03;2021-03-18;1720;393;43083;22285;13.0;6.7
03;2021-03-19;1728;365;44811;22650;13.5;6.8
03;2021-03-20;301;26;45112;22676;13.6;6.8
03;2021-03-21;1;0;45113;22676;13.6;6.8
03;2021-03-22;222;397;45335;23073;13.7;7.0
03;2021-03-23;1355;353;46690;23426;14.1;7.1
03;2021-03-24;1824;349;48514;23775;14.6;7.2
03;2021-03-25;2368;566;50882;24341;15.4;7.3
03;2021-03-26;2239;446;53121;24787;16.0;7.5
03;2021-03-27;817;21;53938;24808;16.3;7.5
03;2021-03-28;1;39;53939;24847;16.3;7.5
03;2021-03-29;659;176;54598;25023;16.5;7.6
03;2021-03-30;1907;447;56505;25470;17.1;7.7
03;2021-03-31;1014;985;57519;26455;17.4;8.0
03;2021-04-01;1372;1095;58891;27550;17.8;8.3
03;2021-04-02;1706;614;60597;28164;18.3;8.5
03;2021-04-03;366;97;60963;28261;18.4;8.5
03;2021-04-04;3;0;60966;28261;18.4;8.5
03;2021-04-05;18;14;60984;28275;18.4;8.5
03;2021-04-06;1073;413;62057;28688;18.7;8.7
03;2021-04-07;1562;522;63619;29210;19.2;8.8
03;2021-04-08;2121;482;65740;29692;19.8;9.0
03;2021-04-09;2057;1161;67797;30853;20.5;9.3
03;2021-04-10;1013;73;68810;30926;20.8;9.3
03;2021-04-11;478;9;69288;30935;20.9;9.3
03;2021-04-12;985;226;70273;31161;21.2;9.4
03;2021-04-13;1873;986;72146;32147;21.8;9.7
03;2021-04-14;2337;1221;74483;33368;22.5;10.1
03;2021-04-15;2621;1401;77104;34769;23.3;10.5
03;2021-04-16;2835;1177;79939;35946;24.1;10.8
03;2021-04-17;1082;443;81021;36389;24.5;11.0
03;2021-04-18;0;0;81021;36389;24.5;11.0
03;2021-04-19;1191;587;82212;36976;24.8;11.2
03;2021-04-20;1748;1276;83960;38252;25.3;11.5
03;2021-04-21;1122;1295;85082;39547;25.7;11.9
03;2021-04-22;1675;996;86757;40543;26.2;12.2
03;2021-04-23;2479;1267;89236;41810;26.9;12.6
03;2021-04-24;1301;922;90537;42732;27.3;12.9
03;2021-04-25;350;16;90887;42748;27.4;12.9
03;2021-04-26;1331;464;92218;43212;27.8;13.0
03;2021-04-27;1767;1525;93985;44737;28.4;13.5
03;2021-04-28;1930;1123;95915;45860;28.9;13.8
03;2021-04-29;2371;1246;98286;47106;29.7;14.2
03;2021-04-30;1931;807;100217;47913;30.2;14.5
03;2021-05-01;437;491;100654;48404;30.4;14.6
03;2021-05-02;2;1;100656;48405;30.4;14.6
03;2021-05-03;1912;773;102568;49178;31.0;14.8
03;2021-05-04;2845;1632;105413;50810;31.8;15.3
03;2021-05-05;2603;1321;108016;52131;32.6;15.7
03;2021-05-06;3097;2011;111113;54142;33.5;16.3
03;2021-05-07;4729;1792;115842;55934;35.0;16.9
03;2021-05-08;661;380;116503;56314;35.2;17.0
03;2021-05-09;49;511;116552;56825;35.2;17.2
03;2021-05-10;1892;1481;118444;58306;35.7;17.6
03;2021-05-11;3900;1839;122344;60145;36.9;18.2
03;2021-05-12;2971;1522;125315;61667;37.8;18.6
03;2021-05-13;4381;408;129696;62075;39.1;18.7
03;2021-05-14;3655;1696;133351;63771;40.2;19.2
03;2021-05-15;1942;491;135293;64262;40.8;19.4
03;2021-05-16;517;57;135810;64319;41.0;19.4
03;2021-05-17;1277;863;137087;65182;41.4;19.7
03;2021-05-18;3070;1503;140157;66685;42.3;20.1
03;2021-05-19;2623;967;142780;67652;43.1;20.4
03;2021-05-20;3336;1144;146116;68796;44.1;20.8
03;2021-05-21;4195;1284;150311;70080;45.4;21.2
03;2021-05-22;2012;359;152323;70439;46.0;21.3
03;2021-05-23;641;73;152964;70512;46.2;21.3
03;2021-05-24;2655;215;155619;70727;47.0;21.3
03;2021-05-25;3070;1692;158689;72419;47.9;21.9
03;2021-05-26;2338;1045;161027;73464;48.6;22.2
03;2021-05-27;2947;1127;163974;74591;49.5;22.5
03;2021-05-28;3846;2286;167820;76877;50.7;23.2
03;2021-05-29;1748;603;169568;77480;51.2;23.4
03;2021-05-30;242;23;169810;77503;51.3;23.4
03;2021-05-31;697;574;170507;78077;51.5;23.6
03;2021-06-01;2303;2345;172810;80422;52.2;24.3
03;2021-06-02;1535;1750;174345;82172;52.6;24.8
03;2021-06-03;2060;2754;176405;84926;53.2;25.6
03;2021-06-04;1699;2506;178104;87432;53.8;26.4
03;2021-06-05;1076;1143;179180;88575;54.1;26.7
03;2021-06-06;59;7;179239;88582;54.1;26.7
03;2021-06-07;785;1815;180024;90397;54.3;27.3
03;2021-06-08;1458;2556;181482;92953;54.8;28.1
03;2021-06-09;1268;1875;182750;94828;55.2;28.6
03;2021-06-10;1381;2124;184131;96952;55.6;29.3
03;2021-06-11;1504;3450;185635;100402;56.0;30.3
03;2021-06-12;831;823;186466;101225;56.3;30.6
03;2021-06-13;20;10;186486;101235;56.3;30.6
03;2021-06-14;381;2175;186867;103410;56.4;31.2
03;2021-06-15;1316;3835;188183;107245;56.8;32.4
03;2021-06-16;788;2888;188971;110133;57.0;33.2
03;2021-06-17;1083;3334;190054;113467;57.4;34.2
03;2021-06-18;1109;3979;191163;117446;57.7;35.4
03;2021-06-19;641;1618;191804;119064;57.9;35.9
03;2021-06-20;20;8;191824;119072;57.9;35.9
03;2021-06-21;462;2636;192286;121708;58.0;36.7
03;2021-06-22;1026;4004;193312;125712;58.3;37.9
03;2021-06-23;716;3285;194028;128997;58.6;38.9
03;2021-06-24;984;3864;195012;132861;58.9;40.1
03;2021-06-25;1019;3893;196031;136754;59.2;41.3
03;2021-06-26;513;2040;196544;138794;59.3;41.9
03;2021-06-27;65;486;196609;139280;59.3;42.0
03;2021-06-28;640;2101;197249;141381;59.5;42.7
03;2021-06-29;1029;3332;198278;144713;59.8;43.7
03;2021-06-30;831;3119;199109;147832;60.1;44.6
03;2021-07-01;986;2937;200095;150769;60.4;45.5
03;2021-07-02;920;4095;201015;154864;60.7;46.7
03;2021-07-03;487;1884;201502;156748;60.8;47.3
03;2021-07-04;19;332;201521;157080;60.8;47.4
03;2021-07-05;817;2379;202338;159459;61.1;48.1
03;2021-07-06;1171;3462;203509;162921;61.4;49.2
03;2021-07-07;805;2619;204314;165540;61.7;50.0
03;2021-07-08;1060;3042;205374;168582;62.0;50.9
03;2021-07-09;1472;3626;206846;172208;62.4;52.0
03;2021-07-10;509;1926;207355;174134;62.6;52.6
03;2021-07-11;61;492;207416;174626;62.6;52.7
03;2021-07-12;939;1149;208355;175775;62.9;53.1
03;2021-07-13;2613;3151;210968;178926;63.7;54.0
03;2021-07-14;195;25;211163;178951;63.7;54.0
03;2021-07-15;2613;2455;213776;181406;64.5;54.8
03;2021-07-16;2736;2276;216512;183682;65.3;55.4
03;2021-07-17;1030;1626;217542;185308;65.7;55.9
03;2021-07-18;31;6;217573;185314;65.7;55.9
03;2021-07-19;2392;1277;219965;186591;66.4;56.3
03;2021-07-20;3076;3032;223041;189623;67.3;57.2
03;2021-07-21;3213;1437;226254;191060;68.3;57.7
03;2021-07-22;2851;1886;229105;192946;69.2;58.2
03;2021-07-23;3205;1305;232310;194251;70.1;58.6
03;2021-07-24;588;581;232898;194832;70.3;58.8
03;2021-07-25;18;5;232916;194837;70.3;58.8
03;2021-07-26;2043;1580;234959;196417;70.9;59.3
03;2021-07-27;3323;2232;238282;198649;71.9;60.0
03;2021-07-28;2714;1116;240996;199765;72.7;60.3
03;2021-07-29;2546;1662;243542;201427;73.5;60.8
03;2021-07-30;2134;1451;245676;202878;74.2;61.2
03;2021-07-31;963;892;246639;203770;74.4;61.5
03;2021-08-01;13;20;246652;203790;74.4;61.5
03;2021-08-02;1678;1605;248330;205395;75.0;62.0
03;2021-08-03;2220;2777;250550;208172;75.6;62.8
03;2021-08-04;2194;888;252744;209060;76.3;63.1
03;2021-08-05;1264;1939;254008;210999;76.7;63.7
03;2021-08-06;1281;1024;255289;212023;77.1;64.0
03;2021-08-07;607;494;255896;212517;77.2;64.1
03;2021-08-08;66;29;255962;212546;77.3;64.2
03;2021-08-09;597;1306;256559;213852;77.4;64.5
03;2021-08-10;1662;3470;258221;217322;77.9;65.6
03;2021-08-11;1334;2530;259555;219852;78.3;66.4
03;2021-08-12;1132;3513;260687;223365;78.7;67.4
03;2021-08-13;690;1053;261377;224418;78.9;67.7
03;2021-08-14;379;567;261756;224985;79.0;67.9
03;2021-08-15;9;61;261765;225046;79.0;67.9
03;2021-08-16;713;2693;262478;227739;79.2;68.7
03;2021-08-17;1078;3222;263556;230961;79.5;69.7
03;2021-08-18;1157;2155;264713;233116;79.9;70.4
03;2021-08-19;1003;3049;265716;236165;80.2;71.3
03;2021-08-20;718;1138;266434;237303;80.4;71.6
03;2021-08-21;419;722;266853;238025;80.5;71.8
03;2021-08-22;8;6;266861;238031;80.5;71.8
03;2021-08-23;774;2285;267635;240316;80.8;72.5
03;2021-08-24;891;2408;268526;242724;81.0;73.3
03;2021-08-25;927;2025;269453;244749;81.3;73.9
03;2021-08-26;563;1434;270016;246183;81.5;74.3
03;2021-08-27;456;1580;270472;247763;81.6;74.8
03;2021-08-28;218;673;270690;248436;81.7;75.0
03;2021-08-29;4;0;270694;248436;81.7;75.0
03;2021-08-30;762;1466;271456;249902;81.9;75.4
03;2021-08-31;684;2048;272140;251950;82.1;76.0
03;2021-09-01;592;1455;272732;253405;82.3;76.5
04;2020-12-27;0;0;0;0;0.0;0.0
04;2020-12-28;1;0;1;0;0.0;0.0
04;2020-12-29;0;0;1;0;0.0;0.0
04;2020-12-30;0;0;1;0;0.0;0.0
04;2020-12-31;0;0;1;0;0.0;0.0
04;2021-01-01;0;0;1;0;0.0;0.0
04;2021-01-02;0;0;1;0;0.0;0.0
04;2021-01-03;0;0;1;0;0.0;0.0
04;2021-01-04;0;0;1;0;0.0;0.0
04;2021-01-05;4;0;5;0;0.0;0.0
04;2021-01-06;0;0;5;0;0.0;0.0
04;2021-01-07;61;0;66;0;0.0;0.0
04;2021-01-08;88;0;154;0;0.1;0.0
04;2021-01-09;57;0;211;0;0.1;0.0
04;2021-01-10;0;0;211;0;0.1;0.0
04;2021-01-11;77;0;288;0;0.2;0.0
04;2021-01-12;420;0;708;0;0.4;0.0
04;2021-01-13;245;1;953;1;0.6;0.0
04;2021-01-14;90;2;1043;3;0.6;0.0
04;2021-01-15;164;4;1207;7;0.7;0.0
04;2021-01-16;105;2;1312;9;0.8;0.0
04;2021-01-17;14;0;1326;9;0.8;0.0
04;2021-01-18;236;9;1562;18;0.9;0.0
04;2021-01-19;468;4;2030;22;1.2;0.0
04;2021-01-20;573;9;2603;31;1.6;0.0
04;2021-01-21;614;6;3217;37;1.9;0.0
04;2021-01-22;638;1;3855;38;2.3;0.0
04;2021-01-23;111;0;3966;38;2.4;0.0
04;2021-01-24;0;0;3966;38;2.4;0.0
04;2021-01-25;240;0;4206;38;2.5;0.0
04;2021-01-26;656;1;4862;39;2.9;0.0
04;2021-01-27;480;0;5342;39;3.2;0.0
04;2021-01-28;665;22;6007;61;3.6;0.0
04;2021-01-29;367;42;6374;103;3.9;0.1
04;2021-01-30;65;41;6439;144;3.9;0.1
04;2021-01-31;1;5;6440;149;3.9;0.1
04;2021-02-01;269;148;6709;297;4.1;0.2
04;2021-02-02;560;225;7269;522;4.4;0.3
04;2021-02-03;368;160;7637;682;4.6;0.4
04;2021-02-04;356;53;7993;735;4.8;0.4
04;2021-02-05;379;218;8372;953;5.1;0.6
04;2021-02-06;50;93;8422;1046;5.1;0.6
04;2021-02-07;2;22;8424;1068;5.1;0.6
04;2021-02-08;163;70;8587;1138;5.2;0.7
04;2021-02-09;194;142;8781;1280;5.3;0.8
04;2021-02-10;252;167;9033;1447;5.5;0.9
04;2021-02-11;364;287;9397;1734;5.7;1.0
04;2021-02-12;293;317;9690;2051;5.9;1.2
04;2021-02-13;26;94;9716;2145;5.9;1.3
04;2021-02-14;0;0;9716;2145;5.9;1.3
04;2021-02-15;31;161;9747;2306;5.9;1.4
04;2021-02-16;80;509;9827;2815;5.9;1.7
04;2021-02-17;67;426;9894;3241;6.0;2.0
04;2021-02-18;45;607;9939;3848;6.0;2.3
04;2021-02-19;52;368;9991;4216;6.0;2.6
04;2021-02-20;5;71;9996;4287;6.1;2.6
04;2021-02-21;0;0;9996;4287;6.1;2.6
04;2021-02-22;7;296;10003;4583;6.1;2.8
04;2021-02-23;19;593;10022;5176;6.1;3.1
04;2021-02-24;38;430;10060;5606;6.1;3.4
04;2021-02-25;72;373;10132;5979;6.1;3.6
04;2021-02-26;217;328;10349;6307;6.3;3.8
04;2021-02-27;179;75;10528;6382;6.4;3.9
04;2021-02-28;1;0;10529;6382;6.4;3.9
04;2021-03-01;18;72;10547;6454;6.4;3.9
04;2021-03-02;135;41;10682;6495;6.5;3.9
04;2021-03-03;375;643;11057;7138;6.7;4.3
04;2021-03-04;208;488;11265;7626;6.8;4.6
04;2021-03-05;236;357;11501;7983;7.0;4.8
04;2021-03-06;912;77;12413;8060;7.5;4.9
04;2021-03-07;498;24;12911;8084;7.8;4.9
04;2021-03-08;45;83;12956;8167;7.8;4.9
04;2021-03-09;215;257;13171;8424;8.0;5.1
04;2021-03-10;400;373;13571;8797;8.2;5.3
04;2021-03-11;495;340;14066;9137;8.5;5.5
04;2021-03-12;699;207;14765;9344;8.9;5.7
04;2021-03-13;1088;61;15853;9405;9.6;5.7
04;2021-03-14;460;3;16313;9408;9.9;5.7
04;2021-03-15;93;14;16406;9422;9.9;5.7
04;2021-03-16;74;9;16480;9431;10.0;5.7
04;2021-03-17;534;82;17014;9513;10.3;5.8
04;2021-03-18;815;25;17829;9538;10.8;5.8
04;2021-03-19;724;33;18553;9571;11.2;5.8
04;2021-03-20;159;3;18712;9574;11.3;5.8
04;2021-03-21;0;0;18712;9574;11.3;5.8
04;2021-03-22;105;13;18817;9587;11.4;5.8
04;2021-03-23;244;7;19061;9594;11.5;5.8
04;2021-03-24;1023;51;20084;9645;12.2;5.8
04;2021-03-25;1325;46;21409;9691;13.0;5.9
04;2021-03-26;1449;66;22858;9757;13.8;5.9
04;2021-03-27;266;20;23124;9777;14.0;5.9
04;2021-03-28;2;0;23126;9777;14.0;5.9
04;2021-03-29;681;13;23807;9790;14.4;5.9
04;2021-03-30;1085;148;24892;9938;15.1;6.0
04;2021-03-31;1327;107;26219;10045;15.9;6.1
04;2021-04-01;1133;130;27352;10175;16.6;6.2
04;2021-04-02;1184;111;28536;10286;17.3;6.2
04;2021-04-03;250;20;28786;10306;17.4;6.2
04;2021-04-04;1;0;28787;10306;17.4;6.2
04;2021-04-05;36;1;28823;10307;17.4;6.2
04;2021-04-06;928;148;29751;10455;18.0;6.3
04;2021-04-07;881;435;30632;10890;18.5;6.6
04;2021-04-08;926;698;31558;11588;19.1;7.0
04;2021-04-09;678;420;32236;12008;19.5;7.3
04;2021-04-10;231;192;32467;12200;19.7;7.4
04;2021-04-11;153;65;32620;12265;19.7;7.4
04;2021-04-12;593;101;33213;12366;20.1;7.5
04;2021-04-13;1189;240;34402;12606;20.8;7.6
04;2021-04-14;995;499;35397;13105;21.4;7.9
04;2021-04-15;921;673;36318;13778;22.0;8.3
04;2021-04-16;819;457;37137;14235;22.5;8.6
04;2021-04-17;211;69;37348;14304;22.6;8.7
04;2021-04-18;0;13;37348;14317;22.6;8.7
04;2021-04-19;338;288;37686;14605;22.8;8.8
04;2021-04-20;1005;445;38691;15050;23.4;9.1
04;2021-04-21;656;747;39347;15797;23.8;9.6
04;2021-04-22;759;853;40106;16650;24.3;10.1
04;2021-04-23;695;537;40801;17187;24.7;10.4
04;2021-04-24;165;65;40966;17252;24.8;10.4
04;2021-04-25;0;0;40966;17252;24.8;10.4
04;2021-04-26;172;611;41138;17863;24.9;10.8
04;2021-04-27;395;967;41533;18830;25.1;11.4
04;2021-04-28;432;1089;41965;19919;25.4;12.1
04;2021-04-29;687;1127;42652;21046;25.8;12.7
04;2021-04-30;436;849;43088;21895;26.1;13.3
04;2021-05-01;104;22;43192;21917;26.1;13.3
04;2021-05-02;8;131;43200;22048;26.2;13.3
04;2021-05-03;151;552;43351;22600;26.2;13.7
04;2021-05-04;564;838;43915;23438;26.6;14.2
04;2021-05-05;514;927;44429;24365;26.9;14.7
04;2021-05-06;1162;592;45591;24957;27.6;15.1
04;2021-05-07;657;762;46248;25719;28.0;15.6
04;2021-05-08;48;98;46296;25817;28.0;15.6
04;2021-05-09;0;0;46296;25817;28.0;15.6
04;2021-05-10;467;295;46763;26112;28.3;15.8
04;2021-05-11;1200;908;47963;27020;29.0;16.4
04;2021-05-12;1389;740;49352;27760;29.9;16.8
04;2021-05-13;378;131;49730;27891;30.1;16.9
04;2021-05-14;440;295;50170;28186;30.4;17.1
04;2021-05-15;99;163;50269;28349;30.4;17.2
04;2021-05-16;4;6;50273;28355;30.4;17.2
04;2021-05-17;154;298;50427;28653;30.5;17.3
04;2021-05-18;392;976;50819;29629;30.8;17.9
04;2021-05-19;774;690;51593;30319;31.2;18.4
04;2021-05-20;1258;551;52851;30870;32.0;18.7
04;2021-05-21;853;789;53704;31659;32.5;19.2
04;2021-05-22;105;146;53809;31805;32.6;19.3
04;2021-05-23;1;1;53810;31806;32.6;19.3
04;2021-05-24;2;36;53812;31842;32.6;19.3
04;2021-05-25;868;595;54680;32437;33.1;19.6
04;2021-05-26;1048;789;55728;33226;33.7;20.1
04;2021-05-27;1357;633;57085;33859;34.6;20.5
04;2021-05-28;1119;659;58204;34518;35.2;20.9
04;2021-05-29;90;398;58294;34916;35.3;21.1
04;2021-05-30;3;1;58297;34917;35.3;21.1
04;2021-05-31;421;417;58718;35334;35.5;21.4
04;2021-06-01;643;639;59361;35973;35.9;21.8
04;2021-06-02;872;1064;60233;37037;36.5;22.4
04;2021-06-03;1196;853;61429;37890;37.2;22.9
04;2021-06-04;977;780;62406;38670;37.8;23.4
04;2021-06-05;142;201;62548;38871;37.9;23.5
04;2021-06-06;7;13;62555;38884;37.9;23.5
04;2021-06-07;563;318;63118;39202;38.2;23.7
04;2021-06-08;843;595;63961;39797;38.7;24.1
04;2021-06-09;1149;689;65110;40486;39.4;24.5
04;2021-06-10;1147;586;66257;41072;40.1;24.9
04;2021-06-11;945;612;67202;41684;40.7;25.2
04;2021-06-12;212;148;67414;41832;40.8;25.3
04;2021-06-13;1;1;67415;41833;40.8;25.3
04;2021-06-14;478;304;67893;42137;41.1;25.5
04;2021-06-15;645;1003;68538;43140;41.5;26.1
04;2021-06-16;1021;787;69559;43927;42.1;26.6
04;2021-06-17;1001;961;70560;44888;42.7;27.2
04;2021-06-18;765;886;71325;45774;43.2;27.7
04;2021-06-19;40;85;71365;45859;43.2;27.8
04;2021-06-20;7;9;71372;45868;43.2;27.8
04;2021-06-21;306;615;71678;46483;43.4;28.1
04;2021-06-22;361;1308;72039;47791;43.6;28.9
04;2021-06-23;476;1313;72515;49104;43.9;29.7
04;2021-06-24;852;820;73367;49924;44.4;30.2
04;2021-06-25;462;638;73829;50562;44.7;30.6
04;2021-06-26;56;129;73885;50691;44.7;30.7
04;2021-06-27;4;4;73889;50695;44.7;30.7
04;2021-06-28;158;341;74047;51036;44.8;30.9
04;2021-06-29;371;838;74418;51874;45.0;31.4
04;2021-06-30;542;1121;74960;52995;45.4;32.1
04;2021-07-01;579;1219;75539;54214;45.7;32.8
04;2021-07-02;557;1089;76096;55303;46.1;33.5
04;2021-07-03;65;162;76161;55465;46.1;33.6
04;2021-07-04;6;6;76167;55471;46.1;33.6
04;2021-07-05;106;297;76273;55768;46.2;33.8
04;2021-07-06;505;1382;76778;57150;46.5;34.6
04;2021-07-07;495;1342;77273;58492;46.8;35.4
04;2021-07-08;725;1362;77998;59854;47.2;36.2
04;2021-07-09;581;1064;78579;60918;47.6;36.9
04;2021-07-10;92;177;78671;61095;47.6;37.0
04;2021-07-11;0;21;78671;61116;47.6;37.0
04;2021-07-12;128;651;78799;61767;47.7;37.4
04;2021-07-13;880;1542;79679;63309;48.2;38.3
04;2021-07-14;26;43;79705;63352;48.2;38.3
04;2021-07-15;1220;1735;80925;65087;49.0;39.4
04;2021-07-16;1082;1118;82007;66205;49.6;40.1
04;2021-07-17;446;234;82453;66439;49.9;40.2
04;2021-07-18;114;18;82567;66457;50.0;40.2
04;2021-07-19;484;655;83051;67112;50.3;40.6
04;2021-07-20;1314;1467;84365;68579;51.1;41.5
04;2021-07-21;1127;1165;85492;69744;51.8;42.2
04;2021-07-22;1500;1372;86992;71116;52.7;43.0
04;2021-07-23;1151;1143;88143;72259;53.4;43.7
04;2021-07-24;685;213;88828;72472;53.8;43.9
04;2021-07-25;42;20;88870;72492;53.8;43.9
04;2021-07-26;445;639;89315;73131;54.1;44.3
04;2021-07-27;1370;1047;90685;74178;54.9;44.9
04;2021-07-28;1073;1038;91758;75216;55.5;45.5
04;2021-07-29;1558;1300;93316;76516;56.5;46.3
04;2021-07-30;1246;928;94562;77444;57.2;46.9
04;2021-07-31;252;176;94814;77620;57.4;47.0
04;2021-08-01;48;19;94862;77639;57.4;47.0
04;2021-08-02;138;111;95000;77750;57.5;47.1
04;2021-08-03;1345;1117;96345;78867;58.3;47.7
04;2021-08-04;1177;862;97522;79729;59.0;48.3
04;2021-08-05;1190;738;98712;80467;59.8;48.7
04;2021-08-06;517;396;99229;80863;60.1;48.9
04;2021-08-07;160;162;99389;81025;60.2;49.0
04;2021-08-08;25;12;99414;81037;60.2;49.1
04;2021-08-09;104;120;99518;81157;60.2;49.1
04;2021-08-10;655;980;100173;82137;60.6;49.7
04;2021-08-11;1148;1027;101321;83164;61.3;50.3
04;2021-08-12;1120;1298;102441;84462;62.0;51.1
04;2021-08-13;440;384;102881;84846;62.3;51.4
04;2021-08-14;99;72;102980;84918;62.3;51.4
04;2021-08-15;0;0;102980;84918;62.3;51.4
04;2021-08-16;103;136;103083;85054;62.4;51.5
04;2021-08-17;494;1015;103577;86069;62.7;52.1
04;2021-08-18;717;1320;104294;87389;63.1;52.9
04;2021-08-19;738;1407;105032;88796;63.6;53.8
04;2021-08-20;746;1365;105778;90161;64.0;54.6
04;2021-08-21;65;111;105843;90272;64.1;54.6
04;2021-08-22;15;45;105858;90317;64.1;54.7
04;2021-08-23;54;109;105912;90426;64.1;54.7
04;2021-08-24;680;1491;106592;91917;64.5;55.6
04;2021-08-25;656;1183;107248;93100;64.9;56.4
04;2021-08-26;488;1210;107736;94310;65.2;57.1
04;2021-08-27;448;929;108184;95239;65.5;57.7
04;2021-08-28;123;243;108307;95482;65.6;57.8
04;2021-08-29;27;23;108334;95505;65.6;57.8
04;2021-08-30;120;242;108454;95747;65.7;58.0
04;2021-08-31;502;996;108956;96743;66.0;58.6
04;2021-09-01;504;1246;109460;97989;66.3;59.3
05;2020-12-27;0;0;0;0;0.0;0.0
05;2020-12-28;1;0;1;0;0.0;0.0
05;2020-12-29;1;0;2;0;0.0;0.0
05;2020-12-30;2;0;4;0;0.0;0.0
05;2020-12-31;0;0;4;0;0.0;0.0
05;2021-01-01;2;0;6;0;0.0;0.0
05;2021-01-02;2;0;8;0;0.0;0.0
05;2021-01-03;1;0;9;0;0.0;0.0
05;2021-01-04;2;0;11;0;0.0;0.0
05;2021-01-05;0;0;11;0;0.0;0.0
05;2021-01-06;21;0;32;0;0.0;0.0
05;2021-01-07;128;0;160;0;0.1;0.0
05;2021-01-08;146;0;306;0;0.2;0.0
05;2021-01-09;11;0;317;0;0.2;0.0
05;2021-01-10;0;0;317;0;0.2;0.0
05;2021-01-11;44;0;361;0;0.3;0.0
05;2021-01-12;105;0;466;0;0.3;0.0
05;2021-01-13;140;0;606;0;0.4;0.0
05;2021-01-14;167;0;773;0;0.5;0.0
05;2021-01-15;128;1;901;1;0.6;0.0
05;2021-01-16;14;0;915;1;0.6;0.0
05;2021-01-17;0;0;915;1;0.6;0.0
05;2021-01-18;226;1;1141;2;0.8;0.0
05;2021-01-19;228;0;1369;2;1.0;0.0
05;2021-01-20;213;0;1582;2;1.1;0.0
05;2021-01-21;255;0;1837;2;1.3;0.0
05;2021-01-22;195;1;2032;3;1.4;0.0
05;2021-01-23;112;0;2144;3;1.5;0.0
05;2021-01-24;0;0;2144;3;1.5;0.0
05;2021-01-25;317;0;2461;3;1.7;0.0
05;2021-01-26;486;0;2947;3;2.1;0.0
05;2021-01-27;389;4;3336;7;2.4;0.0
05;2021-01-28;363;55;3699;62;2.6;0.0
05;2021-01-29;364;112;4063;174;2.9;0.1
05;2021-01-30;97;9;4160;183;2.9;0.1
05;2021-01-31;4;0;4164;183;2.9;0.1
05;2021-02-01;177;20;4341;203;3.1;0.1
05;2021-02-02;187;121;4528;324;3.2;0.2
05;2021-02-03;207;63;4735;387;3.3;0.3
05;2021-02-04;197;125;4932;512;3.5;0.4
05;2021-02-05;183;111;5115;623;3.6;0.4
05;2021-02-06;76;24;5191;647;3.7;0.5
05;2021-02-07;0;5;5191;652;3.7;0.5
05;2021-02-08;84;118;5275;770;3.7;0.5
05;2021-02-09;97;110;5372;880;3.8;0.6
05;2021-02-10;81;176;5453;1056;3.8;0.7
05;2021-02-11;87;134;5540;1190;3.9;0.8
05;2021-02-12;84;143;5624;1333;4.0;0.9
05;2021-02-13;75;32;5699;1365;4.0;1.0
05;2021-02-14;0;0;5699;1365;4.0;1.0
05;2021-02-15;97;183;5796;1548;4.1;1.1
05;2021-02-16;110;281;5906;1829;4.2;1.3
05;2021-02-17;136;226;6042;2055;4.3;1.4
05;2021-02-18;154;289;6196;2344;4.4;1.7
05;2021-02-19;158;320;6354;2664;4.5;1.9
05;2021-02-20;31;87;6385;2751;4.5;1.9
05;2021-02-21;0;0;6385;2751;4.5;1.9
05;2021-02-22;70;246;6455;2997;4.6;2.1
05;2021-02-23;18;233;6473;3230;4.6;2.3
05;2021-02-24;20;184;6493;3414;4.6;2.4
05;2021-02-25;56;164;6549;3578;4.6;2.5
05;2021-02-26;145;203;6694;3781;4.7;2.7
05;2021-02-27;65;170;6759;3951;4.8;2.8
05;2021-02-28;11;0;6770;3951;4.8;2.8
05;2021-03-01;92;164;6862;4115;4.8;2.9
05;2021-03-02;92;194;6954;4309;4.9;3.0
05;2021-03-03;112;229;7066;4538;5.0;3.2
05;2021-03-04;242;162;7308;4700;5.2;3.3
05;2021-03-05;578;190;7886;4890;5.6;3.4
05;2021-03-06;668;58;8554;4948;6.0;3.5
05;2021-03-07;516;19;9070;4967;6.4;3.5
05;2021-03-08;556;136;9626;5103;6.8;3.6
05;2021-03-09;520;163;10146;5266;7.2;3.7
05;2021-03-10;498;143;10644;5409;7.5;3.8
05;2021-03-11;376;138;11020;5547;7.8;3.9
05;2021-03-12;435;91;11455;5638;8.1;4.0
05;2021-03-13;796;95;12251;5733;8.6;4.0
05;2021-03-14;670;11;12921;5744;9.1;4.1
05;2021-03-15;354;124;13275;5868;9.4;4.1
05;2021-03-16;148;141;13423;6009;9.5;4.2
05;2021-03-17;262;121;13685;6130;9.7;4.3
05;2021-03-18;364;35;14049;6165;9.9;4.3
05;2021-03-19;450;59;14499;6224;10.2;4.4
05;2021-03-20;167;32;14666;6256;10.3;4.4
05;2021-03-21;1;0;14667;6256;10.3;4.4
05;2021-03-22;717;36;15384;6292;10.9;4.4
05;2021-03-23;804;15;16188;6307;11.4;4.4
05;2021-03-24;790;77;16978;6384;12.0;4.5
05;2021-03-25;901;59;17879;6443;12.6;4.5
05;2021-03-26;1023;49;18902;6492;13.3;4.6
05;2021-03-27;467;34;19369;6526;13.7;4.6
05;2021-03-28;10;0;19379;6526;13.7;4.6
05;2021-03-29;905;63;20284;6589;14.3;4.6
05;2021-03-30;1142;79;21426;6668;15.1;4.7
05;2021-03-31;823;253;22249;6921;15.7;4.9
05;2021-04-01;900;243;23149;7164;16.3;5.1
05;2021-04-02;665;378;23814;7542;16.8;5.3
05;2021-04-03;550;184;24364;7726;17.2;5.5
05;2021-04-04;350;63;24714;7789;17.4;5.5
05;2021-04-05;158;12;24872;7801;17.5;5.5
05;2021-04-06;646;276;25518;8077;18.0;5.7
05;2021-04-07;773;323;26291;8400;18.5;5.9
05;2021-04-08;734;336;27025;8736;19.1;6.2
05;2021-04-09;882;411;27907;9147;19.7;6.5
05;2021-04-10;713;387;28620;9534;20.2;6.7
05;2021-04-11;191;174;28811;9708;20.3;6.8
05;2021-04-12;732;262;29543;9970;20.8;7.0
05;2021-04-13;921;248;30464;10218;21.5;7.2
05;2021-04-14;667;328;31131;10546;22.0;7.4
05;2021-04-15;768;398;31899;10944;22.5;7.7
05;2021-04-16;731;411;32630;11355;23.0;8.0
05;2021-04-17;671;240;33301;11595;23.5;8.2
05;2021-04-18;305;23;33606;11618;23.7;8.2
05;2021-04-19;363;537;33969;12155;24.0;8.6
05;2021-04-20;482;630;34451;12785;24.3;9.0
05;2021-04-21;494;629;34945;13414;24.7;9.5
05;2021-04-22;385;549;35330;13963;24.9;9.9
05;2021-04-23;523;657;35853;14620;25.3;10.3
05;2021-04-24;347;383;36200;15003;25.5;10.6
05;2021-04-25;288;23;36488;15026;25.7;10.6
05;2021-04-26;367;705;36855;15731;26.0;11.1
05;2021-04-27;657;749;37512;16480;26.5;11.6
05;2021-04-28;468;720;37980;17200;26.8;12.1
05;2021-04-29;703;748;38683;17948;27.3;12.7
05;2021-04-30;509;755;39192;18703;27.6;13.2
05;2021-05-01;138;110;39330;18813;27.7;13.3
05;2021-05-02;267;115;39597;18928;27.9;13.4
05;2021-05-03;457;494;40054;19422;28.3;13.7
05;2021-05-04;384;503;40438;19925;28.5;14.1
05;2021-05-05;462;671;40900;20596;28.9;14.5
05;2021-05-06;647;724;41547;21320;29.3;15.0
05;2021-05-07;596;801;42143;22121;29.7;15.6
05;2021-05-08;481;176;42624;22297;30.1;15.7
05;2021-05-09;208;57;42832;22354;30.2;15.8
05;2021-05-10;500;697;43332;23051;30.6;16.3
05;2021-05-11;669;915;44001;23966;31.0;16.9
05;2021-05-12;648;733;44649;24699;31.5;17.4
05;2021-05-13;960;116;45609;24815;32.2;17.5
05;2021-05-14;826;495;46435;25310;32.8;17.9
05;2021-05-15;1043;354;47478;25664;33.5;18.1
05;2021-05-16;235;52;47713;25716;33.7;18.1
05;2021-05-17;484;430;48197;26146;34.0;18.4
05;2021-05-18;519;419;48716;26565;34.4;18.7
05;2021-05-19;728;460;49444;27025;34.9;19.1
05;2021-05-20;747;434;50191;27459;35.4;19.4
05;2021-05-21;705;511;50896;27970;35.9;19.7
05;2021-05-22;606;239;51502;28209;36.3;19.9
05;2021-05-23;277;59;51779;28268;36.5;19.9
05;2021-05-24;509;157;52288;28425;36.9;20.1
05;2021-05-25;515;483;52803;28908;37.2;20.4
05;2021-05-26;696;363;53499;29271;37.7;20.6
05;2021-05-27;799;571;54298;29842;38.3;21.1
05;2021-05-28;666;649;54964;30491;38.8;21.5
05;2021-05-29;566;544;55530;31035;39.2;21.9
05;2021-05-30;212;82;55742;31117;39.3;22.0
05;2021-05-31;575;496;56317;31613;39.7;22.3
05;2021-06-01;589;585;56906;32198;40.1;22.7
05;2021-06-02;685;703;57591;32901;40.6;23.2
05;2021-06-03;716;652;58307;33553;41.1;23.7
05;2021-06-04;1018;819;59325;34372;41.9;24.2
05;2021-06-05;807;508;60132;34880;42.4;24.6
05;2021-06-06;200;89;60332;34969;42.6;24.7
05;2021-06-07;605;833;60937;35802;43.0;25.3
05;2021-06-08;702;659;61639;36461;43.5;25.7
05;2021-06-09;648;782;62287;37243;43.9;26.3
05;2021-06-10;544;718;62831;37961;44.3;26.8
05;2021-06-11;766;723;63597;38684;44.9;27.3
05;2021-06-12;593;484;64190;39168;45.3;27.6
05;2021-06-13;112;91;64302;39259;45.4;27.7
05;2021-06-14;403;668;64705;39927;45.6;28.2
05;2021-06-15;543;911;65248;40838;46.0;28.8
05;2021-06-16;433;670;65681;41508;46.3;29.3
05;2021-06-17;361;805;66042;42313;46.6;29.8
05;2021-06-18;396;724;66438;43037;46.9;30.4
05;2021-06-19;421;571;66859;43608;47.2;30.8
05;2021-06-20;64;77;66923;43685;47.2;30.8
05;2021-06-21;319;641;67242;44326;47.4;31.3
05;2021-06-22;356;829;67598;45155;47.7;31.9
05;2021-06-23;354;764;67952;45919;47.9;32.4
05;2021-06-24;388;1023;68340;46942;48.2;33.1
05;2021-06-25;229;893;68569;47835;48.4;33.7
05;2021-06-26;292;1074;68861;48909;48.6;34.5
05;2021-06-27;128;170;68989;49079;48.7;34.6
05;2021-06-28;254;793;69243;49872;48.8;35.2
05;2021-06-29;250;785;69493;50657;49.0;35.7
05;2021-06-30;329;790;69822;51447;49.3;36.3
05;2021-07-01;383;790;70205;52237;49.5;36.8
05;2021-07-02;370;871;70575;53108;49.8;37.5
05;2021-07-03;305;741;70880;53849;50.0;38.0
05;2021-07-04;179;177;71059;54026;50.1;38.1
05;2021-07-05;264;781;71323;54807;50.3;38.7
05;2021-07-06;336;859;71659;55666;50.6;39.3
05;2021-07-07;401;782;72060;56448;50.8;39.8
05;2021-07-08;431;848;72491;57296;51.1;40.4
05;2021-07-09;422;994;72913;58290;51.4;41.1
05;2021-07-10;314;729;73227;59019;51.7;41.6
05;2021-07-11;176;119;73403;59138;51.8;41.7
05;2021-07-12;416;1014;73819;60152;52.1;42.4
05;2021-07-13;483;870;74302;61022;52.4;43.0
05;2021-07-14;838;299;75140;61321;53.0;43.3
05;2021-07-15;709;994;75849;62315;53.5;44.0
05;2021-07-16;1028;1459;76877;63774;54.2;45.0
05;2021-07-17;674;1307;77551;65081;54.7;45.9
05;2021-07-18;285;129;77836;65210;54.9;46.0
05;2021-07-19;572;791;78408;66001;55.3;46.6
05;2021-07-20;762;801;79170;66802;55.8;47.1
05;2021-07-21;883;841;80053;67643;56.5;47.7
05;2021-07-22;814;869;80867;68512;57.0;48.3
05;2021-07-23;1447;1238;82314;69750;58.1;49.2
05;2021-07-24;864;835;83178;70585;58.7;49.8
05;2021-07-25;305;160;83483;70745;58.9;49.9
05;2021-07-26;779;562;84262;71307;59.4;50.3
05;2021-07-27;1261;754;85523;72061;60.3;50.8
05;2021-07-28;1523;719;87046;72780;61.4;51.3
05;2021-07-29;1346;722;88392;73502;62.4;51.9
05;2021-07-30;961;593;89353;74095;63.0;52.3
05;2021-07-31;782;524;90135;74619;63.6;52.6
05;2021-08-01;192;178;90327;74797;63.7;52.8
05;2021-08-02;835;548;91162;75345;64.3;53.2
05;2021-08-03;828;609;91990;75954;64.9;53.6
05;2021-08-04;990;756;92980;76710;65.6;54.1
05;2021-08-05;977;721;93957;77431;66.3;54.6
05;2021-08-06;873;792;94830;78223;66.9;55.2
05;2021-08-07;631;642;95461;78865;67.3;55.6
05;2021-08-08;196;270;95657;79135;67.5;55.8
05;2021-08-09;771;848;96428;79983;68.0;56.4
05;2021-08-10;650;697;97078;80680;68.5;56.9
05;2021-08-11;742;856;97820;81536;69.0;57.5
05;2021-08-12;787;783;98607;82319;69.6;58.1
05;2021-08-13;625;894;99232;83213;70.0;58.7
05;2021-08-14;408;782;99640;83995;70.3;59.3
05;2021-08-15;188;223;99828;84218;70.4;59.4
05;2021-08-16;487;1083;100315;85301;70.8;60.2
05;2021-08-17;431;883;100746;86184;71.1;60.8
05;2021-08-18;434;971;101180;87155;71.4;61.5
05;2021-08-19;500;963;101680;88118;71.7;62.2
05;2021-08-20;477;1113;102157;89231;72.1;62.9
05;2021-08-21;356;848;102513;90079;72.3;63.5
05;2021-08-22;117;254;102630;90333;72.4;63.7
05;2021-08-23;321;829;102951;91162;72.6;64.3
05;2021-08-24;401;779;103352;91941;72.9;64.9
05;2021-08-25;407;923;103759;92864;73.2;65.5
05;2021-08-26;302;812;104061;93676;73.4;66.1
05;2021-08-27;333;918;104394;94594;73.6;66.7
05;2021-08-28;244;655;104638;95249;73.8;67.2
05;2021-08-29;66;255;104704;95504;73.9;67.4
05;2021-08-30;268;802;104972;96306;74.1;67.9
05;2021-08-31;250;712;105222;97018;74.2;68.4
05;2021-09-01;261;653;105483;97671;74.4;68.9
06;2020-12-27;12;0;12;0;0.0;0.0
06;2020-12-28;21;0;33;0;0.0;0.0
06;2020-12-29;10;0;43;0;0.0;0.0
06;2020-12-30;8;0;51;0;0.0;0.0
06;2020-12-31;29;0;80;0;0.0;0.0
06;2021-01-01;20;0;100;0;0.0;0.0
06;2021-01-02;7;0;107;0;0.0;0.0
06;2021-01-03;7;0;114;0;0.0;0.0
06;2021-01-04;154;1;268;1;0.0;0.0
06;2021-01-05;182;1;450;2;0.0;0.0
06;2021-01-06;239;1;689;3;0.1;0.0
06;2021-01-07;513;0;1202;3;0.1;0.0
06;2021-01-08;687;2;1889;5;0.2;0.0
06;2021-01-09;392;3;2281;8;0.2;0.0
06;2021-01-10;80;0;2361;8;0.2;0.0
06;2021-01-11;1152;0;3513;8;0.3;0.0
06;2021-01-12;2244;5;5757;13;0.5;0.0
06;2021-01-13;1742;5;7499;18;0.7;0.0
06;2021-01-14;2155;17;9654;35;0.9;0.0
06;2021-01-15;1876;5;11530;40;1.1;0.0
06;2021-01-16;987;4;12517;44;1.2;0.0
06;2021-01-17;240;0;12757;44;1.2;0.0
06;2021-01-18;2487;8;15244;52;1.4;0.0
06;2021-01-19;2771;12;18015;64;1.7;0.0
06;2021-01-20;3363;12;21378;76;2.0;0.0
06;2021-01-21;3038;24;24416;100;2.3;0.0
06;2021-01-22;2973;17;27389;117;2.5;0.0
06;2021-01-23;1304;3;28693;120;2.7;0.0
06;2021-01-24;32;0;28725;120;2.7;0.0
06;2021-01-25;2079;14;30804;134;2.9;0.0
06;2021-01-26;3402;41;34206;175;3.2;0.0
06;2021-01-27;2566;98;36772;273;3.4;0.0
06;2021-01-28;2817;200;39589;473;3.7;0.0
06;2021-01-29;2516;306;42105;779;3.9;0.1
06;2021-01-30;671;43;42776;822;4.0;0.1
06;2021-01-31;4;1;42780;823;4.0;0.1
06;2021-02-01;1030;465;43810;1288;4.1;0.1
06;2021-02-02;1504;407;45314;1695;4.2;0.2
06;2021-02-03;330;133;45644;1828;4.2;0.2
06;2021-02-04;719;881;46363;2709;4.3;0.3
06;2021-02-05;1015;1076;47378;3785;4.4;0.4
06;2021-02-06;163;455;47541;4240;4.4;0.4
06;2021-02-07;10;48;47551;4288;4.4;0.4
06;2021-02-08;537;1074;48088;5362;4.5;0.5
06;2021-02-09;321;729;48409;6091;4.5;0.6
06;2021-02-10;378;639;48787;6730;4.5;0.6
06;2021-02-11;478;1021;49265;7751;4.6;0.7
06;2021-02-12;658;1277;49923;9028;4.6;0.8
06;2021-02-13;205;492;50128;9520;4.6;0.9
06;2021-02-14;16;1;50144;9521;4.6;0.9
06;2021-02-15;470;1238;50614;10759;4.7;1.0
06;2021-02-16;869;1990;51483;12749;4.8;1.2
06;2021-02-17;835;2106;52318;14855;4.8;1.4
06;2021-02-18;1815;2666;54133;17521;5.0;1.6
06;2021-02-19;1768;2124;55901;19645;5.2;1.8
06;2021-02-20;286;520;56187;20165;5.2;1.9
06;2021-02-21;24;55;56211;20220;5.2;1.9
06;2021-02-22;1085;1603;57296;21823;5.3;2.0
06;2021-02-23;1756;1495;59052;23318;5.5;2.2
06;2021-02-24;2117;1257;61169;24575;5.7;2.3
06;2021-02-25;3856;1634;65025;26209;6.0;2.4
06;2021-02-26;3404;1584;68429;27793;6.3;2.6
06;2021-02-27;1439;331;69868;28124;6.5;2.6
06;2021-02-28;97;24;69965;28148;6.5;2.6
06;2021-03-01;2418;817;72383;28965;6.7;2.7
06;2021-03-02;2458;981;74841;29946;6.9;2.8
06;2021-03-03;2859;569;77700;30515;7.2;2.8
06;2021-03-04;4631;620;82331;31135;7.6;2.9
06;2021-03-05;3907;1026;86238;32161;8.0;3.0
06;2021-03-06;11959;358;98197;32519;9.1;3.0
06;2021-03-07;10208;313;108405;32832;10.0;3.0
06;2021-03-08;4168;1191;112573;34023;10.4;3.2
06;2021-03-09;4996;925;117569;34948;10.9;3.2
06;2021-03-10;4722;843;122291;35791;11.3;3.3
06;2021-03-11;6732;902;129023;36693;12.0;3.4
06;2021-03-12;6883;1010;135906;37703;12.6;3.5
06;2021-03-13;11256;355;147162;38058;13.6;3.5
06;2021-03-14;512;47;147674;38105;13.7;3.5
06;2021-03-15;4841;761;152515;38866;14.1;3.6
06;2021-03-16;3773;1055;156288;39921;14.5;3.7
06;2021-03-17;6200;1884;162488;41805;15.1;3.9
06;2021-03-18;5130;1824;167618;43629;15.5;4.0
06;2021-03-19;6826;2025;174444;45654;16.2;4.2
06;2021-03-20;2374;559;176818;46213;16.4;4.3
06;2021-03-21;410;23;177228;46236;16.4;4.3
06;2021-03-22;3984;707;181212;46943;16.8;4.3
06;2021-03-23;5989;1220;187201;48163;17.3;4.5
06;2021-03-24;4225;3320;191426;51483;17.7;4.8
06;2021-03-25;5872;3239;197298;54722;18.3;5.1
06;2021-03-26;6366;1996;203664;56718;18.9;5.3
06;2021-03-27;2040;366;205704;57084;19.1;5.3
06;2021-03-28;212;5;205916;57089;19.1;5.3
06;2021-03-29;3204;2091;209120;59180;19.4;5.5
06;2021-03-30;5195;2538;214315;61718;19.9;5.7
06;2021-03-31;8058;1662;222373;63380;20.6;5.9
06;2021-04-01;7665;2471;230038;65851;21.3;6.1
06;2021-04-02;7237;2710;237275;68561;22.0;6.4
06;2021-04-03;2725;1374;240000;69935;22.2;6.5
06;2021-04-04;301;549;240301;70484;22.3;6.5
06;2021-04-05;1407;693;241708;71177;22.4;6.6
06;2021-04-06;6668;3313;248376;74490;23.0;6.9
06;2021-04-07;6221;3894;254597;78384;23.6;7.3
06;2021-04-08;5750;5657;260347;84041;24.1;7.8
06;2021-04-09;9385;5861;269732;89902;25.0;8.3
06;2021-04-10;2396;2783;272128;92685;25.2;8.6
06;2021-04-11;188;58;272316;92743;25.2;8.6
06;2021-04-12;4386;3530;276702;96273;25.6;8.9
06;2021-04-13;6374;5129;283076;101402;26.2;9.4
06;2021-04-14;5463;4492;288539;105894;26.7;9.8
06;2021-04-15;5552;4392;294091;110286;27.2;10.2
06;2021-04-16;7086;5199;301177;115485;27.9;10.7
06;2021-04-17;2784;3052;303961;118537;28.2;11.0
06;2021-04-18;265;224;304226;118761;28.2;11.0
06;2021-04-19;5496;4047;309722;122808;28.7;11.4
06;2021-04-20;5664;4873;315386;127681;29.2;11.8
06;2021-04-21;8326;4165;323712;131846;30.0;12.2
06;2021-04-22;8572;4197;332284;136043;30.8;12.6
06;2021-04-23;8817;4266;341101;140309;31.6;13.0
06;2021-04-24;2356;1495;343457;141804;31.8;13.1
06;2021-04-25;122;29;343579;141833;31.8;13.1
06;2021-04-26;4154;2312;347733;144145;32.2;13.4
06;2021-04-27;4586;4041;352319;148186;32.6;13.7
06;2021-04-28;4152;4578;356471;152764;33.0;14.2
06;2021-04-29;6091;5461;362562;158225;33.6;14.7
06;2021-04-30;6775;5166;369337;163391;34.2;15.1
06;2021-05-01;4165;832;373502;164223;34.6;15.2
06;2021-05-02;492;158;373994;164381;34.6;15.2
06;2021-05-03;6918;3552;380912;167933;35.3;15.6
06;2021-05-04;5750;5385;386662;173318;35.8;16.1
06;2021-05-05;4546;3913;391208;177231;36.2;16.4
06;2021-05-06;5232;4738;396440;181969;36.7;16.9
06;2021-05-07;5660;5682;402100;187651;37.3;17.4
06;2021-05-08;4870;1326;406970;188977;37.7;17.5
06;2021-05-09;206;308;407176;189285;37.7;17.5
06;2021-05-10;4826;5046;412002;194331;38.2;18.0
06;2021-05-11;4939;5567;416941;199898;38.6;18.5
06;2021-05-12;9105;4893;426046;204791;39.5;19.0
06;2021-05-13;9274;2139;435320;206930;40.3;19.2
06;2021-05-14;10846;3364;446166;210294;41.3;19.5
06;2021-05-15;9295;2214;455461;212508;42.2;19.7
06;2021-05-16;1503;286;456964;212794;42.3;19.7
06;2021-05-17;7508;3753;464472;216547;43.0;20.1
06;2021-05-18;9741;3224;474213;219771;43.9;20.4
06;2021-05-19;7704;2983;481917;222754;44.6;20.6
06;2021-05-20;7948;3669;489865;226423;45.4;21.0
06;2021-05-21;8804;3943;498669;230366;46.2;21.3
06;2021-05-22;3033;1326;501702;231692;46.5;21.5
06;2021-05-23;132;628;501834;232320;46.5;21.5
06;2021-05-24;3198;998;505032;233318;46.8;21.6
06;2021-05-25;4758;4933;509790;238251;47.2;22.1
06;2021-05-26;5688;6628;515478;244879;47.8;22.7
06;2021-05-27;5580;6282;521058;251161;48.3;23.3
06;2021-05-28;4988;7292;526046;258453;48.7;23.9
06;2021-05-29;1644;2933;527690;261386;48.9;24.2
06;2021-05-30;258;1122;527948;262508;48.9;24.3
06;2021-05-31;4418;5130;532366;267638;49.3;24.8
06;2021-06-01;5743;7428;538109;275066;49.9;25.5
06;2021-06-02;3319;8555;541428;283621;50.2;26.3
06;2021-06-03;4549;8310;545977;291931;50.6;27.0
06;2021-06-04;5497;7743;551474;299674;51.1;27.8
06;2021-06-05;2463;3348;553937;303022;51.3;28.1
06;2021-06-06;181;236;554118;303258;51.3;28.1
06;2021-06-07;4147;5589;558265;308847;51.7;28.6
06;2021-06-08;4478;5209;562743;314056;52.1;29.1
06;2021-06-09;4120;7373;566863;321429;52.5;29.8
06;2021-06-10;4791;6870;571654;328299;53.0;30.4
06;2021-06-11;3914;8368;575568;336667;53.3;31.2
06;2021-06-12;1742;3747;577310;340414;53.5;31.5
06;2021-06-13;149;440;577459;340854;53.5;31.6
06;2021-06-14;2736;8608;580195;349462;53.8;32.4
06;2021-06-15;3285;9494;583480;358956;54.1;33.3
06;2021-06-16;3516;7012;586996;365968;54.4;33.9
06;2021-06-17;3689;7197;590685;373165;54.7;34.6
06;2021-06-18;2639;5931;593324;379096;55.0;35.1
06;2021-06-19;1313;1685;594637;380781;55.1;35.3
06;2021-06-20;210;347;594847;381128;55.1;35.3
06;2021-06-21;1724;6309;596571;387437;55.3;35.9
06;2021-06-22;2364;7370;598935;394807;55.5;36.6
06;2021-06-23;2092;6552;601027;401359;55.7;37.2
06;2021-06-24;3482;8983;604509;410342;56.0;38.0
06;2021-06-25;2296;9615;606805;419957;56.2;38.9
06;2021-06-26;892;2287;607697;422244;56.3;39.1
06;2021-06-27;379;1187;608076;423431;56.3;39.2
06;2021-06-28;2494;8141;610570;431572;56.6;40.0
06;2021-06-29;2387;7724;612957;439296;56.8;40.7
06;2021-06-30;1519;7696;614476;446992;56.9;41.4
06;2021-07-01;3469;7488;617945;454480;57.2;42.1
06;2021-07-02;4395;8274;622340;462754;57.7;42.9
06;2021-07-03;1240;4307;623580;467061;57.8;43.3
06;2021-07-04;318;303;623898;467364;57.8;43.3
06;2021-07-05;4035;5146;627933;472510;58.2;43.8
06;2021-07-06;2056;5828;629989;478338;58.4;44.3
06;2021-07-07;4147;5981;634136;484319;58.7;44.9
06;2021-07-08;3618;6328;637754;490647;59.1;45.5
06;2021-07-09;4555;6237;642309;496884;59.5;46.0
06;2021-07-10;1766;2333;644075;499217;59.7;46.2
06;2021-07-11;330;322;644405;499539;59.7;46.3
06;2021-07-12;4123;7162;648528;506701;60.1;46.9
06;2021-07-13;5934;9028;654462;515729;60.6;47.8
06;2021-07-14;1091;436;655553;516165;60.7;47.8
06;2021-07-15;6612;8044;662165;524209;61.3;48.6
06;2021-07-16;8127;9022;670292;533231;62.1;49.4
06;2021-07-17;3162;5469;673454;538700;62.4;49.9
06;2021-07-18;1076;5333;674530;544033;62.5;50.4
06;2021-07-19;5970;8039;680500;552072;63.0;51.1
06;2021-07-20;7462;10265;687962;562337;63.7;52.1
06;2021-07-21;8306;8711;696268;571048;64.5;52.9
06;2021-07-22;10409;7885;706677;578933;65.5;53.6
06;2021-07-23;9463;6938;716140;585871;66.3;54.3
06;2021-07-24;3291;3191;719431;589062;66.7;54.6
06;2021-07-25;998;478;720429;589540;66.7;54.6
06;2021-07-26;7572;6896;728001;596436;67.4;55.3
06;2021-07-27;9172;5589;737173;602025;68.3;55.8
06;2021-07-28;7422;5412;744595;607437;69.0;56.3
06;2021-07-29;8801;5784;753396;613221;69.8;56.8
06;2021-07-30;8418;5539;761814;618760;70.6;57.3
06;2021-07-31;3740;3080;765554;621840;70.9;57.6
06;2021-08-01;816;434;766370;622274;71.0;57.7
06;2021-08-02;6157;4607;772527;626881;71.6;58.1
06;2021-08-03;6419;5475;778946;632356;72.2;58.6
06;2021-08-04;5636;3514;784582;635870;72.7;58.9
06;2021-08-05;6312;4455;790894;640325;73.3;59.3
06;2021-08-06;5841;6129;796735;646454;73.8;59.9
06;2021-08-07;2265;2468;799000;648922;74.0;60.1
06;2021-08-08;588;632;799588;649554;74.1;60.2
06;2021-08-09;4427;6015;804015;655569;74.5;60.7
06;2021-08-10;5367;6899;809382;662468;75.0;61.4
06;2021-08-11;4295;6197;813677;668665;75.4;61.9
06;2021-08-12;4305;6730;817982;675395;75.8;62.6
06;2021-08-13;3491;6439;821473;681834;76.1;63.2
06;2021-08-14;1454;2274;822927;684108;76.2;63.4
06;2021-08-15;394;636;823321;684744;76.3;63.4
06;2021-08-16;2995;6879;826316;691623;76.6;64.1
06;2021-08-17;3641;7767;829957;699390;76.9;64.8
06;2021-08-18;2885;6391;832842;705781;77.2;65.4
06;2021-08-19;3905;8104;836747;713885;77.5;66.1
06;2021-08-20;3116;6475;839863;720360;77.8;66.7
06;2021-08-21;1788;3586;841651;723946;78.0;67.1
06;2021-08-22;364;704;842015;724650;78.0;67.1
06;2021-08-23;2356;6516;844371;731166;78.2;67.7
06;2021-08-24;2789;6452;847160;737618;78.5;68.3
06;2021-08-25;2528;5639;849688;743257;78.7;68.9
06;2021-08-26;2613;6842;852301;750099;79.0;69.5
06;2021-08-27;2409;7048;854710;757147;79.2;70.1
06;2021-08-28;1266;3317;855976;760464;79.3;70.5
06;2021-08-29;276;815;856252;761279;79.3;70.5
06;2021-08-30;2309;6333;858561;767612;79.5;71.1
06;2021-08-31;2646;7096;861207;774708;79.8;71.8
06;2021-09-01;2168;5771;863375;780479;80.0;72.3
07;2020-12-27;0;0;0;0;0.0;0.0
07;2020-12-28;0;0;0;0;0.0;0.0
07;2020-12-29;0;0;0;0;0.0;0.0
07;2020-12-30;0;0;0;0;0.0;0.0
07;2020-12-31;0;0;0;0;0.0;0.0
07;2021-01-01;7;0;7;0;0.0;0.0
07;2021-01-02;0;0;7;0;0.0;0.0
07;2021-01-03;0;0;7;0;0.0;0.0
07;2021-01-04;0;0;7;0;0.0;0.0
07;2021-01-05;0;0;7;0;0.0;0.0
07;2021-01-06;31;0;38;0;0.0;0.0
07;2021-01-07;130;1;168;1;0.1;0.0
07;2021-01-08;45;1;213;2;0.1;0.0
07;2021-01-09;17;0;230;2;0.1;0.0
07;2021-01-10;0;0;230;2;0.1;0.0
07;2021-01-11;157;1;387;3;0.1;0.0
07;2021-01-12;309;0;696;3;0.2;0.0
07;2021-01-13;308;1;1004;4;0.3;0.0
07;2021-01-14;477;0;1481;4;0.5;0.0
07;2021-01-15;188;0;1669;4;0.5;0.0
07;2021-01-16;17;0;1686;4;0.5;0.0
07;2021-01-17;2;0;1688;4;0.5;0.0
07;2021-01-18;363;4;2051;8;0.6;0.0
07;2021-01-19;831;2;2882;10;0.9;0.0
07;2021-01-20;605;2;3487;12;1.1;0.0
07;2021-01-21;452;3;3939;15;1.2;0.0
07;2021-01-22;291;0;4230;15;1.3;0.0
07;2021-01-23;107;0;4337;15;1.3;0.0
07;2021-01-24;0;0;4337;15;1.3;0.0
07;2021-01-25;164;0;4501;15;1.4;0.0
07;2021-01-26;491;4;4992;19;1.5;0.0
07;2021-01-27;555;7;5547;26;1.7;0.0
07;2021-01-28;1206;101;6753;127;2.1;0.0
07;2021-01-29;707;18;7460;145;2.3;0.0
07;2021-01-30;213;4;7673;149;2.3;0.0
07;2021-01-31;7;0;7680;149;2.3;0.0
07;2021-02-01;267;33;7947;182;2.4;0.1
07;2021-02-02;664;241;8611;423;2.6;0.1
07;2021-02-03;1045;221;9656;644;3.0;0.2
07;2021-02-04;722;258;10378;902;3.2;0.3
07;2021-02-05;484;254;10862;1156;3.3;0.4
07;2021-02-06;98;3;10960;1159;3.4;0.4
07;2021-02-07;12;1;10972;1160;3.4;0.4
07;2021-02-08;239;171;11211;1331;3.4;0.4
07;2021-02-09;488;322;11699;1653;3.6;0.5
07;2021-02-10;538;395;12237;2048;3.7;0.6
07;2021-02-11;400;269;12637;2317;3.9;0.7
07;2021-02-12;267;158;12904;2475;3.9;0.8
07;2021-02-13;69;20;12973;2495;4.0;0.8
07;2021-02-14;0;0;12973;2495;4.0;0.8
07;2021-02-15;270;127;13243;2622;4.1;0.8
07;2021-02-16;348;359;13591;2981;4.2;0.9
07;2021-02-17;466;324;14057;3305;4.3;1.0
07;2021-02-18;562;764;14619;4069;4.5;1.2
07;2021-02-19;457;498;15076;4567;4.6;1.4
07;2021-02-20;109;69;15185;4636;4.6;1.4
07;2021-02-21;15;0;15200;4636;4.7;1.4
07;2021-02-22;425;212;15625;4848;4.8;1.5
07;2021-02-23;646;616;16271;5464;5.0;1.7
07;2021-02-24;928;706;17199;6170;5.3;1.9
07;2021-02-25;710;534;17909;6704;5.5;2.1
07;2021-02-26;845;289;18754;6993;5.7;2.1
07;2021-02-27;190;145;18944;7138;5.8;2.2
07;2021-02-28;1;0;18945;7138;5.8;2.2
07;2021-03-01;438;210;19383;7348;5.9;2.2
07;2021-03-02;655;563;20038;7911;6.1;2.4
07;2021-03-03;691;537;20729;8448;6.3;2.6
07;2021-03-04;1100;358;21829;8806;6.7;2.7
07;2021-03-05;1084;372;22913;9178;7.0;2.8
07;2021-03-06;1125;99;24038;9277;7.4;2.8
07;2021-03-07;718;23;24756;9300;7.6;2.8
07;2021-03-08;352;319;25108;9619;7.7;2.9
07;2021-03-09;1088;438;26196;10057;8.0;3.1
07;2021-03-10;867;517;27063;10574;8.3;3.2
07;2021-03-11;1373;468;28436;11042;8.7;3.4
07;2021-03-12;1618;568;30054;11610;9.2;3.6
07;2021-03-13;680;100;30734;11710;9.4;3.6
07;2021-03-14;4;0;30738;11710;9.4;3.6
07;2021-03-15;527;289;31265;11999;9.6;3.7
07;2021-03-16;1208;484;32473;12483;9.9;3.8
07;2021-03-17;1188;781;33661;13264;10.3;4.1
07;2021-03-18;1219;415;34880;13679;10.7;4.2
07;2021-03-19;1268;422;36148;14101;11.1;4.3
07;2021-03-20;467;109;36615;14210;11.2;4.3
07;2021-03-21;3;2;36618;14212;11.2;4.3
07;2021-03-22;790;538;37408;14750;11.4;4.5
07;2021-03-23;1516;722;38924;15472;11.9;4.7
07;2021-03-24;1277;666;40201;16138;12.3;4.9
07;2021-03-25;1852;516;42053;16654;12.9;5.1
07;2021-03-26;1834;443;43887;17097;13.4;5.2
07;2021-03-27;385;101;44272;17198;13.5;5.3
07;2021-03-28;6;1;44278;17199;13.5;5.3
07;2021-03-29;789;359;45067;17558;13.8;5.4
07;2021-03-30;1526;510;46593;18068;14.3;5.5
07;2021-03-31;1660;506;48253;18574;14.8;5.7
07;2021-04-01;1587;659;49840;19233;15.2;5.9
07;2021-04-02;1522;439;51362;19672;15.7;6.0
07;2021-04-03;230;106;51592;19778;15.8;6.1
07;2021-04-04;3;1;51595;19779;15.8;6.1
07;2021-04-05;0;66;51595;19845;15.8;6.1
07;2021-04-06;1161;757;52756;20602;16.1;6.3
07;2021-04-07;1317;898;54073;21500;16.5;6.6
07;2021-04-08;1969;1180;56042;22680;17.1;6.9
07;2021-04-09;2424;567;58466;23247;17.9;7.1
07;2021-04-10;807;162;59273;23409;18.1;7.2
07;2021-04-11;339;12;59612;23421;18.2;7.2
07;2021-04-12;1287;601;60899;24022;18.6;7.3
07;2021-04-13;1768;1337;62667;25359;19.2;7.8
07;2021-04-14;1678;1009;64345;26368;19.7;8.1
07;2021-04-15;1443;842;65788;27210;20.1;8.3
07;2021-04-16;1506;908;67294;28118;20.6;8.6
07;2021-04-17;870;216;68164;28334;20.9;8.7
07;2021-04-18;700;38;68864;28372;21.1;8.7
07;2021-04-19;1161;572;70025;28944;21.4;8.9
07;2021-04-20;1441;1319;71466;30263;21.9;9.3
07;2021-04-21;1719;919;73185;31182;22.4;9.5
07;2021-04-22;1817;968;75002;32150;22.9;9.8
07;2021-04-23;1411;973;76413;33123;23.4;10.1
07;2021-04-24;961;251;77374;33374;23.7;10.2
07;2021-04-25;717;69;78091;33443;23.9;10.2
07;2021-04-26;1138;681;79229;34124;24.2;10.4
07;2021-04-27;1395;1566;80624;35690;24.7;10.9
07;2021-04-28;1636;1759;82260;37449;25.2;11.5
07;2021-04-29;1939;1533;84199;38982;25.8;11.9
07;2021-04-30;1662;1483;85861;40465;26.3;12.4
07;2021-05-01;960;118;86821;40583;26.6;12.4
07;2021-05-02;845;155;87666;40738;26.8;12.5
07;2021-05-03;1280;435;88946;41173;27.2;12.6
07;2021-05-04;2171;1567;91117;42740;27.9;13.1
07;2021-05-05;1745;1386;92862;44126;28.4;13.5
07;2021-05-06;2104;1586;94966;45712;29.1;14.0
07;2021-05-07;1595;1556;96561;47268;29.5;14.5
07;2021-05-08;1227;405;97788;47673;29.9;14.6
07;2021-05-09;1030;328;98818;48001;30.2;14.7
07;2021-05-10;1406;1175;100224;49176;30.7;15.0
07;2021-05-11;2472;1696;102696;50872;31.4;15.6
07;2021-05-12;2164;1278;104860;52150;32.1;16.0
07;2021-05-13;1712;273;106572;52423;32.6;16.0
07;2021-05-14;1735;998;108307;53421;33.1;16.3
07;2021-05-15;1627;500;109934;53921;33.6;16.5
07;2021-05-16;1444;213;111378;54134;34.1;16.6
07;2021-05-17;1772;859;113150;54993;34.6;16.8
07;2021-05-18;2296;1304;115446;56297;35.3;17.2
07;2021-05-19;2375;999;117821;57296;36.0;17.5
07;2021-05-20;2165;1314;119986;58610;36.7;17.9
07;2021-05-21;1758;1314;121744;59924;37.2;18.3
07;2021-05-22;935;544;122679;60468;37.5;18.5
07;2021-05-23;857;157;123536;60625;37.8;18.5
07;2021-05-24;1650;339;125186;60964;38.3;18.7
07;2021-05-25;2187;1480;127373;62444;39.0;19.1
07;2021-05-26;1530;1381;128903;63825;39.4;19.5
07;2021-05-27;2018;1410;130921;65235;40.1;20.0
07;2021-05-28;1770;2081;132691;67316;40.6;20.6
07;2021-05-29;943;684;133634;68000;40.9;20.8
07;2021-05-30;622;570;134256;68570;41.1;21.0
07;2021-05-31;1133;1283;135389;69853;41.4;21.4
07;2021-06-01;2153;2004;137542;71857;42.1;22.0
07;2021-06-02;1530;1653;139072;73510;42.5;22.5
07;2021-06-03;1712;1256;140784;74766;43.1;22.9
07;2021-06-04;1675;1594;142459;76360;43.6;23.4
07;2021-06-05;988;955;143447;77315;43.9;23.7
07;2021-06-06;598;623;144045;77938;44.1;23.8
07;2021-06-07;962;1195;145007;79133;44.4;24.2
07;2021-06-08;1549;1770;146556;80903;44.8;24.8
07;2021-06-09;1030;1422;147586;82325;45.2;25.2
07;2021-06-10;788;1390;148374;83715;45.4;25.6
07;2021-06-11;1154;2034;149528;85749;45.7;26.2
07;2021-06-12;643;1217;150171;86966;45.9;26.6
07;2021-06-13;395;444;150566;87410;46.1;26.7
07;2021-06-14;566;1962;151132;89372;46.2;27.3
07;2021-06-15;936;2552;152068;91924;46.5;28.1
07;2021-06-16;1024;1852;153092;93776;46.8;28.7
07;2021-06-17;886;1950;153978;95726;47.1;29.3
07;2021-06-18;872;2284;154850;98010;47.4;30.0
07;2021-06-19;604;1453;155454;99463;47.6;30.4
07;2021-06-20;369;727;155823;100190;47.7;30.7
07;2021-06-21;517;2144;156340;102334;47.8;31.3
07;2021-06-22;655;2662;156995;104996;48.0;32.1
07;2021-06-23;680;1962;157675;106958;48.2;32.7
07;2021-06-24;646;1853;158321;108811;48.4;33.3
07;2021-06-25;701;2177;159022;110988;48.6;34.0
07;2021-06-26;360;1431;159382;112419;48.8;34.4
07;2021-06-27;285;1073;159667;113492;48.8;34.7
07;2021-06-28;506;2242;160173;115734;49.0;35.4
07;2021-06-29;540;2987;160713;118721;49.2;36.3
07;2021-06-30;822;2288;161535;121009;49.4;37.0
07;2021-07-01;774;1971;162309;122980;49.7;37.6
07;2021-07-02;882;2303;163191;125283;49.9;38.3
07;2021-07-03;421;1139;163612;126422;50.1;38.7
07;2021-07-04;211;852;163823;127274;50.1;38.9
07;2021-07-05;670;1686;164493;128960;50.3;39.5
07;2021-07-06;880;2634;165373;131594;50.6;40.3
07;2021-07-07;970;1947;166343;133541;50.9;40.9
07;2021-07-08;928;1970;167271;135511;51.2;41.5
07;2021-07-09;996;2262;168267;137773;51.5;42.1
07;2021-07-10;598;1101;168865;138874;51.7;42.5
07;2021-07-11;239;614;169104;139488;51.7;42.7
07;2021-07-12;809;1769;169913;141257;52.0;43.2
07;2021-07-13;1768;3178;171681;144435;52.5;44.2
07;2021-07-14;167;133;171848;144568;52.6;44.2
07;2021-07-15;1960;2463;173808;147031;53.2;45.0
07;2021-07-16;2054;1986;175862;149017;53.8;45.6
07;2021-07-17;1484;1251;177346;150268;54.3;46.0
07;2021-07-18;771;481;178117;150749;54.5;46.1
07;2021-07-19;1515;1688;179632;152437;55.0;46.6
07;2021-07-20;2523;2682;182155;155119;55.7;47.5
07;2021-07-21;1854;1917;184009;157036;56.3;48.0
07;2021-07-22;1918;1373;185927;158409;56.9;48.5
07;2021-07-23;2266;1686;188193;160095;57.6;49.0
07;2021-07-24;1640;1110;189833;161205;58.1;49.3
07;2021-07-25;34;22;189867;161227;58.1;49.3
07;2021-07-26;2197;1541;192064;162768;58.8;49.8
07;2021-07-27;3009;1908;195073;164676;59.7;50.4
07;2021-07-28;1643;1307;196716;165983;60.2;50.8
07;2021-07-29;2540;1274;199256;167257;61.0;51.2
07;2021-07-30;1352;1413;200608;168670;61.4;51.6
07;2021-07-31;1504;924;202112;169594;61.8;51.9
07;2021-08-01;73;26;202185;169620;61.9;51.9
07;2021-08-02;1511;1135;203696;170755;62.3;52.2
07;2021-08-03;2414;1913;206110;172668;63.1;52.8
07;2021-08-04;1944;1031;208054;173699;63.6;53.1
07;2021-08-05;1883;1292;209937;174991;64.2;53.5
07;2021-08-06;2029;1710;211966;176701;64.8;54.1
07;2021-08-07;995;553;212961;177254;65.2;54.2
07;2021-08-08;5;23;212966;177277;65.2;54.2
07;2021-08-09;1254;1380;214220;178657;65.5;54.7
07;2021-08-10;1594;2258;215814;180915;66.0;55.3
07;2021-08-11;1397;1603;217211;182518;66.5;55.8
07;2021-08-12;1094;1481;218305;183999;66.8;56.3
07;2021-08-13;1167;1786;219472;185785;67.1;56.8
07;2021-08-14;504;767;219976;186552;67.3;57.1
07;2021-08-15;9;28;219985;186580;67.3;57.1
07;2021-08-16;753;1327;220738;187907;67.5;57.5
07;2021-08-17;1319;2274;222057;190181;67.9;58.2
07;2021-08-18;871;1514;222928;191695;68.2;58.6
07;2021-08-19;1143;1694;224071;193389;68.5;59.2
07;2021-08-20;895;2086;224966;195475;68.8;59.8
07;2021-08-21;361;547;225327;196022;68.9;60.0
07;2021-08-22;7;23;225334;196045;68.9;60.0
07;2021-08-23;465;1307;225799;197352;69.1;60.4
07;2021-08-24;1121;2306;226920;199658;69.4;61.1
07;2021-08-25;683;1830;227603;201488;69.6;61.6
07;2021-08-26;683;2016;228286;203504;69.8;62.3
07;2021-08-27;777;1822;229063;205326;70.1;62.8
07;2021-08-28;335;605;229398;205931;70.2;63.0
07;2021-08-29;1;33;229399;205964;70.2;63.0
07;2021-08-30;425;1324;229824;207288;70.3;63.4
07;2021-08-31;1083;2266;230907;209554;70.6;64.1
07;2021-09-01;510;1388;231417;210942;70.8;64.5
08;2020-12-27;1;0;1;0;0.0;0.0
08;2020-12-28;0;0;1;0;0.0;0.0
08;2020-12-29;0;0;1;0;0.0;0.0
08;2020-12-30;0;0;1;0;0.0;0.0
08;2020-12-31;0;0;1;0;0.0;0.0
08;2021-01-01;0;0;1;0;0.0;0.0
08;2021-01-02;0;0;1;0;0.0;0.0
08;2021-01-03;2;0;3;0;0.0;0.0
08;2021-01-04;24;0;27;0;0.0;0.0
08;2021-01-05;1;0;28;0;0.0;0.0
08;2021-01-06;0;0;28;0;0.0;0.0
08;2021-01-07;188;0;216;0;0.1;0.0
08;2021-01-08;314;0;530;0;0.2;0.0
08;2021-01-09;113;0;643;0;0.2;0.0
08;2021-01-10;1;0;644;0;0.2;0.0
08;2021-01-11;67;0;711;0;0.3;0.0
08;2021-01-12;157;0;868;0;0.3;0.0
08;2021-01-13;480;1;1348;1;0.5;0.0
08;2021-01-14;537;9;1885;10;0.7;0.0
08;2021-01-15;287;2;2172;12;0.8;0.0
08;2021-01-16;106;0;2278;12;0.9;0.0
08;2021-01-17;2;0;2280;12;0.9;0.0
08;2021-01-18;371;2;2651;14;1.0;0.0
08;2021-01-19;873;1;3524;15;1.3;0.0
08;2021-01-20;910;4;4434;19;1.7;0.0
08;2021-01-21;743;1;5177;20;1.9;0.0
08;2021-01-22;677;1;5854;21;2.2;0.0
08;2021-01-23;237;0;6091;21;2.3;0.0
08;2021-01-24;0;0;6091;21;2.3;0.0
08;2021-01-25;207;0;6298;21;2.4;0.0
08;2021-01-26;303;1;6601;22;2.5;0.0
08;2021-01-27;410;1;7011;23;2.6;0.0
08;2021-01-28;565;182;7576;205;2.9;0.1
08;2021-01-29;587;181;8163;386;3.1;0.1
08;2021-01-30;222;63;8385;449;3.2;0.2
08;2021-01-31;0;0;8385;449;3.2;0.2
08;2021-02-01;80;45;8465;494;3.2;0.2
08;2021-02-02;192;170;8657;664;3.3;0.3
08;2021-02-03;141;166;8798;830;3.3;0.3
08;2021-02-04;309;286;9107;1116;3.4;0.4
08;2021-02-05;499;358;9606;1474;3.6;0.6
08;2021-02-06;149;73;9755;1547;3.7;0.6
08;2021-02-07;8;0;9763;1547;3.7;0.6
08;2021-02-08;40;170;9803;1717;3.7;0.6
08;2021-02-09;220;639;10023;2356;3.8;0.9
08;2021-02-10;334;634;10357;2990;3.9;1.1
08;2021-02-11;465;354;10822;3344;4.1;1.3
08;2021-02-12;676;386;11498;3730;4.3;1.4
08;2021-02-13;140;112;11638;3842;4.4;1.4
08;2021-02-14;3;60;11641;3902;4.4;1.5
08;2021-02-15;227;203;11868;4105;4.5;1.5
08;2021-02-16;130;366;11998;4471;4.5;1.7
08;2021-02-17;112;402;12110;4873;4.6;1.8
08;2021-02-18;215;505;12325;5378;4.6;2.0
08;2021-02-19;305;413;12630;5791;4.8;2.2
08;2021-02-20;7;202;12637;5993;4.8;2.3
08;2021-02-21;0;0;12637;5993;4.8;2.3
08;2021-02-22;132;176;12769;6169;4.8;2.3
08;2021-02-23;150;316;12919;6485;4.9;2.4
08;2021-02-24;163;381;13082;6866;4.9;2.6
08;2021-02-25;500;520;13582;7386;5.1;2.8
08;2021-02-26;603;617;14185;8003;5.3;3.0
08;2021-02-27;318;192;14503;8195;5.5;3.1
08;2021-02-28;19;1;14522;8196;5.5;3.1
08;2021-03-01;200;103;14722;8299;5.5;3.1
08;2021-03-02;654;279;15376;8578;5.8;3.2
08;2021-03-03;897;198;16273;8776;6.1;3.3
08;2021-03-04;734;331;17007;9107;6.4;3.4
08;2021-03-05;1022;538;18029;9645;6.8;3.6
08;2021-03-06;694;140;18723;9785;7.1;3.7
08;2021-03-07;75;2;18798;9787;7.1;3.7
08;2021-03-08;217;125;19015;9912;7.2;3.7
08;2021-03-09;687;152;19702;10064;7.4;3.8
08;2021-03-10;1037;119;20739;10183;7.8;3.8
08;2021-03-11;982;251;21721;10434;8.2;3.9
08;2021-03-12;1631;515;23352;10949;8.8;4.1
08;2021-03-13;797;123;24149;11072;9.1;4.2
08;2021-03-14;22;0;24171;11072;9.1;4.2
08;2021-03-15;291;73;24462;11145;9.2;4.2
08;2021-03-16;563;40;25025;11185;9.4;4.2
08;2021-03-17;802;63;25827;11248;9.7;4.2
08;2021-03-18;816;156;26643;11404;10.0;4.3
08;2021-03-19;1135;285;27778;11689;10.5;4.4
08;2021-03-20;510;18;28288;11707;10.7;4.4
08;2021-03-21;13;1;28301;11708;10.7;4.4
08;2021-03-22;367;44;28668;11752;10.8;4.4
08;2021-03-23;733;63;29401;11815;11.1;4.4
08;2021-03-24;1327;71;30728;11886;11.6;4.5
08;2021-03-25;1904;93;32632;11979;12.3;4.5
08;2021-03-26;2570;172;35202;12151;13.3;4.6
08;2021-03-27;898;124;36100;12275;13.6;4.6
08;2021-03-28;228;6;36328;12281;13.7;4.6
08;2021-03-29;261;184;36589;12465;13.8;4.7
08;2021-03-30;832;485;37421;12950;14.1;4.9
08;2021-03-31;852;533;38273;13483;14.4;5.1
08;2021-04-01;1685;447;39958;13930;15.0;5.2
08;2021-04-02;1499;519;41457;14449;15.6;5.4
08;2021-04-03;1329;203;42786;14652;16.1;5.5
08;2021-04-04;134;4;42920;14656;16.2;5.5
08;2021-04-05;17;0;42937;14656;16.2;5.5
08;2021-04-06;703;483;43640;15139;16.4;5.7
08;2021-04-07;910;704;44550;15843;16.8;6.0
08;2021-04-08;1743;522;46293;16365;17.4;6.2
08;2021-04-09;2348;725;48641;17090;18.3;6.4
08;2021-04-10;1449;226;50090;17316;18.9;6.5
08;2021-04-11;10;6;50100;17322;18.9;6.5
08;2021-04-12;671;213;50771;17535;19.1;6.6
08;2021-04-13;1309;611;52080;18146;19.6;6.8
08;2021-04-14;1281;867;53361;19013;20.1;7.2
08;2021-04-15;1606;805;54967;19818;20.7;7.5
08;2021-04-16;1873;878;56840;20696;21.4;7.8
08;2021-04-17;1112;401;57952;21097;21.8;7.9
08;2021-04-18;23;14;57975;21111;21.8;8.0
08;2021-04-19;1151;298;59126;21409;22.3;8.1
08;2021-04-20;1121;542;60247;21951;22.7;8.3
08;2021-04-21;1139;744;61386;22695;23.1;8.5
08;2021-04-22;1327;880;62713;23575;23.6;8.9
08;2021-04-23;1676;1175;64389;24750;24.2;9.3
08;2021-04-24;1325;647;65714;25397;24.7;9.6
08;2021-04-25;26;198;65740;25595;24.8;9.6
08;2021-04-26;1040;155;66780;25750;25.1;9.7
08;2021-04-27;1338;598;68118;26348;25.7;9.9
08;2021-04-28;1453;681;69571;27029;26.2;10.2
08;2021-04-29;1173;1314;70744;28343;26.6;10.7
08;2021-04-30;1769;1615;72513;29958;27.3;11.3
08;2021-05-01;1049;495;73562;30453;27.7;11.5
08;2021-05-02;627;183;74189;30636;27.9;11.5
08;2021-05-03;1169;373;75358;31009;28.4;11.7
08;2021-05-04;1328;872;76686;31881;28.9;12.0
08;2021-05-05;1567;1335;78253;33216;29.5;12.5
08;2021-05-06;1971;1660;80224;34876;30.2;13.1
08;2021-05-07;1861;2101;82085;36977;30.9;13.9
08;2021-05-08;923;767;83008;37744;31.3;14.2
08;2021-05-09;443;71;83451;37815;31.4;14.2
08;2021-05-10;1192;666;84643;38481;31.9;14.5
08;2021-05-11;1910;943;86553;39424;32.6;14.8
08;2021-05-12;1810;1240;88363;40664;33.3;15.3
08;2021-05-13;1306;620;89669;41284;33.8;15.5
08;2021-05-14;2535;1037;92204;42321;34.7;15.9
08;2021-05-15;1821;713;94025;43034;35.4;16.2
08;2021-05-16;820;102;94845;43136;35.7;16.2
08;2021-05-17;700;905;95545;44041;36.0;16.6
08;2021-05-18;1251;841;96796;44882;36.5;16.9
08;2021-05-19;1610;959;98406;45841;37.1;17.3
08;2021-05-20;2147;963;100553;46804;37.9;17.6
08;2021-05-21;2338;1273;102891;48077;38.7;18.1
08;2021-05-22;1817;763;104708;48840;39.4;18.4
08;2021-05-23;864;90;105572;48930;39.8;18.4
08;2021-05-24;715;105;106287;49035;40.0;18.5
08;2021-05-25;1456;671;107743;49706;40.6;18.7
08;2021-05-26;1527;1011;109270;50717;41.2;19.1
08;2021-05-27;2006;1146;111276;51863;41.9;19.5
08;2021-05-28;1973;1822;113249;53685;42.7;20.2
08;2021-05-29;1768;966;115017;54651;43.3;20.6
08;2021-05-30;836;102;115853;54753;43.6;20.6
08;2021-05-31;755;569;116608;55322;43.9;20.8
08;2021-06-01;1351;878;117959;56200;44.4;21.2
08;2021-06-02;1295;1196;119254;57396;44.9;21.6
08;2021-06-03;1386;1524;120640;58920;45.4;22.2
08;2021-06-04;1777;2422;122417;61342;46.1;23.1
08;2021-06-05;1177;1379;123594;62721;46.5;23.6
08;2021-06-06;907;107;124501;62828;46.9;23.7
08;2021-06-07;661;1175;125162;64003;47.1;24.1
08;2021-06-08;931;1495;126093;65498;47.5;24.7
08;2021-06-09;841;1392;126934;66890;47.8;25.2
08;2021-06-10;1718;1558;128652;68448;48.5;25.8
08;2021-06-11;1721;2211;130373;70659;49.1;26.6
08;2021-06-12;1418;1528;131791;72187;49.6;27.2
08;2021-06-13;386;598;132177;72785;49.8;27.4
08;2021-06-14;380;1304;132557;74089;49.9;27.9
08;2021-06-15;740;1550;133297;75639;50.2;28.5
08;2021-06-16;808;2056;134105;77695;50.5;29.3
08;2021-06-17;1285;1854;135390;79549;51.0;30.0
08;2021-06-18;1609;2595;136999;82144;51.6;30.9
08;2021-06-19;1325;1407;138324;83551;52.1;31.5
08;2021-06-20;117;423;138441;83974;52.1;31.6
08;2021-06-21;494;1397;138935;85371;52.3;32.2
08;2021-06-22;809;2023;139744;87394;52.6;32.9
08;2021-06-23;860;1673;140604;89067;53.0;33.5
08;2021-06-24;1037;1924;141641;90991;53.3;34.3
08;2021-06-25;1084;2735;142725;93726;53.8;35.3
08;2021-06-26;1011;1784;143736;95510;54.1;36.0
08;2021-06-27;351;643;144087;96153;54.3;36.2
08;2021-06-28;397;1323;144484;97476;54.4;36.7
08;2021-06-29;628;1472;145112;98948;54.6;37.3
08;2021-06-30;856;1690;145968;100638;55.0;37.9
08;2021-07-01;887;2194;146855;102832;55.3;38.7
08;2021-07-02;939;2642;147794;105474;55.7;39.7
08;2021-07-03;784;2145;148578;107619;56.0;40.5
08;2021-07-04;128;861;148706;108480;56.0;40.9
08;2021-07-05;104;1195;148810;109675;56.0;41.3
08;2021-07-06;425;1835;149235;111510;56.2;42.0
08;2021-07-07;365;1781;149600;113291;56.3;42.7
08;2021-07-08;717;2016;150317;115307;56.6;43.4
08;2021-07-09;734;2435;151051;117742;56.9;44.3
08;2021-07-10;652;1999;151703;119741;57.1;45.1
08;2021-07-11;238;726;151941;120467;57.2;45.4
08;2021-07-12;312;1192;152253;121659;57.3;45.8
08;2021-07-13;946;1788;153199;123447;57.7;46.5
08;2021-07-14;178;329;153377;123776;57.8;46.6
08;2021-07-15;760;2448;154137;126224;58.0;47.5
08;2021-07-16;1083;2407;155220;128631;58.5;48.4
08;2021-07-17;993;2107;156213;130738;58.8;49.2
08;2021-07-18;346;741;156559;131479;59.0;49.5
08;2021-07-19;457;920;157016;132399;59.1;49.9
08;2021-07-20;878;1435;157894;133834;59.5;50.4
08;2021-07-21;1235;1720;159129;135554;59.9;51.1
08;2021-07-22;1150;2167;160279;137721;60.4;51.9
08;2021-07-23;1586;2444;161865;140165;61.0;52.8
08;2021-07-24;1310;1923;163175;142088;61.5;53.5
08;2021-07-25;774;444;163949;142532;61.7;53.7
08;2021-07-26;1322;846;165271;143378;62.2;54.0
08;2021-07-27;2188;1409;167459;144787;63.1;54.5
08;2021-07-28;2414;1452;169873;146239;64.0;55.1
08;2021-07-29;2604;1347;172477;147586;65.0;55.6
08;2021-07-30;2600;1587;175077;149173;65.9;56.2
08;2021-07-31;1973;1074;177050;150247;66.7;56.6
08;2021-08-01;934;300;177984;150547;67.0;56.7
08;2021-08-02;1254;681;179238;151228;67.5;57.0
08;2021-08-03;1631;822;180869;152050;68.1;57.3
08;2021-08-04;1491;664;182360;152714;68.7;57.5
08;2021-08-05;1904;975;184264;153689;69.4;57.9
08;2021-08-06;2585;1099;186849;154788;70.4;58.3
08;2021-08-07;1671;1164;188520;155952;71.0;58.7
08;2021-08-08;584;374;189104;156326;71.2;58.9
08;2021-08-09;672;535;189776;156861;71.5;59.1
08;2021-08-10;877;752;190653;157613;71.8;59.4
08;2021-08-11;523;791;191176;158404;72.0;59.7
08;2021-08-12;1148;1078;192324;159482;72.4;60.1
08;2021-08-13;1142;1016;193466;160498;72.9;60.4
08;2021-08-14;587;913;194053;161411;73.1;60.8
08;2021-08-15;137;274;194190;161685;73.1;60.9
08;2021-08-16;219;1178;194409;162863;73.2;61.3
08;2021-08-17;513;1209;194922;164072;73.4;61.8
08;2021-08-18;278;1264;195200;165336;73.5;62.3
08;2021-08-19;605;1889;195805;167225;73.7;63.0
08;2021-08-20;682;2177;196487;169402;74.0;63.8
08;2021-08-21;273;1339;196760;170741;74.1;64.3
08;2021-08-22;105;900;196865;171641;74.1;64.6
08;2021-08-23;160;1448;197025;173089;74.2;65.2
08;2021-08-24;360;1753;197385;174842;74.3;65.8
08;2021-08-25;320;1247;197705;176089;74.5;66.3
08;2021-08-26;501;2063;198206;178152;74.6;67.1
08;2021-08-27;449;2324;198655;180476;74.8;68.0
08;2021-08-28;260;1284;198915;181760;74.9;68.5
08;2021-08-29;167;561;199082;182321;75.0;68.7
08;2021-08-30;294;1162;199376;183483;75.1;69.1
08;2021-08-31;359;1276;199735;184759;75.2;69.6
08;2021-09-01;408;1347;200143;186106;75.4;70.1
09;2020-12-27;0;0;0;0;0.0;0.0
09;2020-12-28;1;0;1;0;0.0;0.0
09;2020-12-29;0;0;1;0;0.0;0.0
09;2020-12-30;0;0;1;0;0.0;0.0
09;2020-12-31;0;0;1;0;0.0;0.0
09;2021-01-01;0;0;1;0;0.0;0.0
09;2021-01-02;0;0;1;0;0.0;0.0
09;2021-01-03;0;0;1;0;0.0;0.0
09;2021-01-04;2;1;3;1;0.0;0.0
09;2021-01-05;0;0;3;1;0.0;0.0
09;2021-01-06;3;0;6;1;0.0;0.0
09;2021-01-07;257;2;263;3;0.2;0.0
09;2021-01-08;228;0;491;3;0.3;0.0
09;2021-01-09;103;0;594;3;0.4;0.0
09;2021-01-10;59;0;653;3;0.4;0.0
09;2021-01-11;175;0;828;3;0.5;0.0
09;2021-01-12;304;0;1132;3;0.7;0.0
09;2021-01-13;196;0;1328;3;0.9;0.0
09;2021-01-14;432;8;1760;11;1.2;0.0
09;2021-01-15;223;1;1983;12;1.3;0.0
09;2021-01-16;194;2;2177;14;1.4;0.0
09;2021-01-17;123;0;2300;14;1.5;0.0
09;2021-01-18;267;1;2567;15;1.7;0.0
09;2021-01-19;258;1;2825;16;1.9;0.0
09;2021-01-20;346;1;3171;17;2.1;0.0
09;2021-01-21;333;1;3504;18;2.3;0.0
09;2021-01-22;331;1;3835;19;2.5;0.0
09;2021-01-23;237;0;4072;19;2.7;0.0
09;2021-01-24;85;1;4157;20;2.7;0.0
09;2021-01-25;204;11;4361;31;2.9;0.0
09;2021-01-26;634;25;4995;56;3.3;0.0
09;2021-01-27;472;48;5467;104;3.6;0.1
09;2021-01-28;285;165;5752;269;3.8;0.2
09;2021-01-29;250;125;6002;394;3.9;0.3
09;2021-01-30;143;55;6145;449;4.0;0.3
09;2021-01-31;56;10;6201;459;4.1;0.3
09;2021-02-01;82;138;6283;597;4.1;0.4
09;2021-02-02;57;295;6340;892;4.2;0.6
09;2021-02-03;87;201;6427;1093;4.2;0.7
09;2021-02-04;49;293;6476;1386;4.2;0.9
09;2021-02-05;89;140;6565;1526;4.3;1.0
09;2021-02-06;68;47;6633;1573;4.4;1.0
09;2021-02-07;6;64;6639;1637;4.4;1.1
09;2021-02-08;22;169;6661;1806;4.4;1.2
09;2021-02-09;54;274;6715;2080;4.4;1.4
09;2021-02-10;15;180;6730;2260;4.4;1.5
09;2021-02-11;6;207;6736;2467;4.4;1.6
09;2021-02-12;149;153;6885;2620;4.5;1.7
09;2021-02-13;7;140;6892;2760;4.5;1.8
09;2021-02-14;0;51;6892;2811;4.5;1.8
09;2021-02-15;75;127;6967;2938;4.6;1.9
09;2021-02-16;227;502;7194;3440;4.7;2.3
09;2021-02-17;83;375;7277;3815;4.8;2.5
09;2021-02-18;87;435;7364;4250;4.8;2.8
09;2021-02-19;65;273;7429;4523;4.9;3.0
09;2021-02-20;59;190;7488;4713;4.9;3.1
09;2021-02-21;0;48;7488;4761;4.9;3.1
09;2021-02-22;127;211;7615;4972;5.0;3.3
09;2021-02-23;161;136;7776;5108;5.1;3.4
09;2021-02-24;74;177;7850;5285;5.2;3.5
09;2021-02-25;211;162;8061;5447;5.3;3.6
09;2021-02-26;162;169;8223;5616;5.4;3.7
09;2021-02-27;65;69;8288;5685;5.4;3.7
09;2021-02-28;44;17;8332;5702;5.5;3.7
09;2021-03-01;247;94;8579;5796;5.6;3.8
09;2021-03-02;284;75;8863;5871;5.8;3.9
09;2021-03-03;252;131;9115;6002;6.0;3.9
09;2021-03-04;413;30;9528;6032;6.3;4.0
09;2021-03-05;331;64;9859;6096;6.5;4.0
09;2021-03-06;397;46;10256;6142;6.7;4.0
09;2021-03-07;124;4;10380;6146;6.8;4.0
09;2021-03-08;380;64;10760;6210;7.1;4.1
09;2021-03-09;437;140;11197;6350;7.3;4.2
09;2021-03-10;560;71;11757;6421;7.7;4.2
09;2021-03-11;695;79;12452;6500;8.2;4.3
09;2021-03-12;660;33;13112;6533;8.6;4.3
09;2021-03-13;385;3;13497;6536;8.9;4.3
09;2021-03-14;120;3;13617;6539;8.9;4.3
09;2021-03-15;467;50;14084;6589;9.2;4.3
09;2021-03-16;370;80;14454;6669;9.5;4.4
09;2021-03-17;399;72;14853;6741;9.7;4.4
09;2021-03-18;454;43;15307;6784;10.0;4.5
09;2021-03-19;525;56;15832;6840;10.4;4.5
09;2021-03-20;313;39;16145;6879;10.6;4.5
09;2021-03-21;105;0;16250;6879;10.7;4.5
09;2021-03-22;424;119;16674;6998;10.9;4.6
09;2021-03-23;566;173;17240;7171;11.3;4.7
09;2021-03-24;711;43;17951;7214;11.8;4.7
09;2021-03-25;869;138;18820;7352;12.3;4.8
09;2021-03-26;751;46;19571;7398;12.8;4.9
09;2021-03-27;622;70;20193;7468;13.3;4.9
09;2021-03-28;132;24;20325;7492;13.3;4.9
09;2021-03-29;498;279;20823;7771;13.7;5.1
09;2021-03-30;729;156;21552;7927;14.1;5.2
09;2021-03-31;802;182;22354;8109;14.7;5.3
09;2021-04-01;734;253;23088;8362;15.1;5.5
09;2021-04-02;693;266;23781;8628;15.6;5.7
09;2021-04-03;771;117;24552;8745;16.1;5.7
09;2021-04-04;122;57;24674;8802;16.2;5.8
09;2021-04-05;237;61;24911;8863;16.3;5.8
09;2021-04-06;1057;394;25968;9257;17.0;6.1
09;2021-04-07;1209;359;27177;9616;17.8;6.3
09;2021-04-08;1470;407;28647;10023;18.8;6.6
09;2021-04-09;1138;414;29785;10437;19.5;6.8
09;2021-04-10;1349;195;31134;10632;20.4;7.0
09;2021-04-11;173;102;31307;10734;20.5;7.0
09;2021-04-12;737;346;32044;11080;21.0;7.3
09;2021-04-13;1047;415;33091;11495;21.7;7.5
09;2021-04-14;1332;511;34423;12006;22.6;7.9
09;2021-04-15;1148;505;35571;12511;23.3;8.2
09;2021-04-16;1032;413;36603;12924;24.0;8.5
09;2021-04-17;1193;356;37796;13280;24.8;8.7
09;2021-04-18;102;96;37898;13376;24.9;8.8
09;2021-04-19;697;407;38595;13783;25.3;9.0
09;2021-04-20;766;532;39361;14315;25.8;9.4
09;2021-04-21;940;590;40301;14905;26.4;9.8
09;2021-04-22;666;607;40967;15512;26.9;10.2
09;2021-04-23;773;430;41740;15942;27.4;10.5
09;2021-04-24;741;671;42481;16613;27.9;10.9
09;2021-04-25;75;113;42556;16726;27.9;11.0
09;2021-04-26;382;533;42938;17259;28.2;11.3
09;2021-04-27;443;721;43381;17980;28.5;11.8
09;2021-04-28;806;795;44187;18775;29.0;12.3
09;2021-04-29;550;776;44737;19551;29.4;12.8
09;2021-04-30;621;724;45358;20275;29.8;13.3
09;2021-05-01;478;455;45836;20730;30.1;13.6
09;2021-05-02;51;100;45887;20830;30.1;13.7
09;2021-05-03;521;663;46408;21493;30.5;14.1
09;2021-05-04;555;1349;46963;22842;30.8;15.0
09;2021-05-05;822;1348;47785;24190;31.4;15.9
09;2021-05-06;849;1033;48634;25223;31.9;16.6
09;2021-05-07;977;822;49611;26045;32.6;17.1
09;2021-05-08;395;461;50006;26506;32.8;17.4
09;2021-05-09;264;84;50270;26590;33.0;17.4
09;2021-05-10;504;966;50774;27556;33.3;18.1
09;2021-05-11;742;1052;51516;28608;33.8;18.8
09;2021-05-12;1535;1402;53051;30010;34.8;19.7
09;2021-05-13;1383;425;54434;30435;35.7;20.0
09;2021-05-14;986;654;55420;31089;36.4;20.4
09;2021-05-15;1236;790;56656;31879;37.2;20.9
09;2021-05-16;296;48;56952;31927;37.4;20.9
09;2021-05-17;873;413;57825;32340;37.9;21.2
09;2021-05-18;1291;396;59116;32736;38.8;21.5
09;2021-05-19;1495;370;60611;33106;39.8;21.7
09;2021-05-20;1380;404;61991;33510;40.7;22.0
09;2021-05-21;1164;496;63155;34006;41.4;22.3
09;2021-05-22;1546;365;64701;34371;42.5;22.6
09;2021-05-23;273;25;64974;34396;42.6;22.6
09;2021-05-24;177;100;65151;34496;42.8;22.6
09;2021-05-25;998;500;66149;34996;43.4;23.0
09;2021-05-26;1285;446;67434;35442;44.2;23.3
09;2021-05-27;966;403;68400;35845;44.9;23.5
09;2021-05-28;958;513;69358;36358;45.5;23.9
09;2021-05-29;1797;600;71155;36958;46.7;24.3
09;2021-05-30;541;197;71696;37155;47.0;24.4
09;2021-05-31;717;593;72413;37748;47.5;24.8
09;2021-06-01;969;639;73382;38387;48.2;25.2
09;2021-06-02;1009;896;74391;39283;48.8;25.8
09;2021-06-03;810;682;75201;39965;49.3;26.2
09;2021-06-04;877;799;76078;40764;49.9;26.7
09;2021-06-05;1320;874;77398;41638;50.8;27.3
09;2021-06-06;304;108;77702;41746;51.0;27.4
09;2021-06-07;623;518;78325;42264;51.4;27.7
09;2021-06-08;823;488;79148;42752;51.9;28.1
09;2021-06-09;806;835;79954;43587;52.5;28.6
09;2021-06-10;642;534;80596;44121;52.9;29.0
09;2021-06-11;831;762;81427;44883;53.4;29.5
09;2021-06-12;636;809;82063;45692;53.8;30.0
09;2021-06-13;94;130;82157;45822;53.9;30.1
09;2021-06-14;630;708;82787;46530;54.3;30.5
09;2021-06-15;824;889;83611;47419;54.9;31.1
09;2021-06-16;627;1078;84238;48497;55.3;31.8
09;2021-06-17;780;853;85018;49350;55.8;32.4
09;2021-06-18;635;1150;85653;50500;56.2;33.1
09;2021-06-19;517;1580;86170;52080;56.5;34.2
09;2021-06-20;8;279;86178;52359;56.5;34.4
09;2021-06-21;474;699;86652;53058;56.9;34.8
09;2021-06-22;463;1066;87115;54124;57.2;35.5
09;2021-06-23;435;1224;87550;55348;57.4;36.3
09;2021-06-24;581;772;88131;56120;57.8;36.8
09;2021-06-25;411;1063;88542;57183;58.1;37.5
09;2021-06-26;443;1087;88985;58270;58.4;38.2
09;2021-06-27;2;275;88987;58545;58.4;38.4
09;2021-06-28;239;1046;89226;59591;58.5;39.1
09;2021-06-29;314;1229;89540;60820;58.8;39.9
09;2021-06-30;457;1491;89997;62311;59.1;40.9
09;2021-07-01;384;1430;90381;63741;59.3;41.8
09;2021-07-02;308;1162;90689;64903;59.5;42.6
09;2021-07-03;210;1619;90899;66522;59.6;43.7
09;2021-07-04;4;254;90903;66776;59.6;43.8
09;2021-07-05;189;713;91092;67489;59.8;44.3
09;2021-07-06;293;1223;91385;68712;60.0;45.1
09;2021-07-07;419;1398;91804;70110;60.2;46.0
09;2021-07-08;325;1059;92129;71169;60.5;46.7
09;2021-07-09;293;1154;92422;72323;60.6;47.5
09;2021-07-10;345;1727;92767;74050;60.9;48.6
09;2021-07-11;147;392;92914;74442;61.0;48.8
09;2021-07-12;187;1074;93101;75516;61.1;49.6
09;2021-07-13;642;1307;93743;76823;61.5;50.4
09;2021-07-14;490;220;94233;77043;61.8;50.6
09;2021-07-15;819;1166;95052;78209;62.4;51.3
09;2021-07-16;610;1191;95662;79400;62.8;52.1
09;2021-07-17;1016;1443;96678;80843;63.4;53.0
09;2021-07-18;301;221;96979;81064;63.6;53.2
09;2021-07-19;483;972;97462;82036;64.0;53.8
09;2021-07-20;830;1260;98292;83296;64.5;54.7
09;2021-07-21;1017;1167;99309;84463;65.2;55.4
09;2021-07-22;847;907;100156;85370;65.7;56.0
09;2021-07-23;724;909;100880;86279;66.2;56.6
09;2021-07-24;928;463;101808;86742;66.8;56.9
09;2021-07-25;559;134;102367;86876;67.2;57.0
09;2021-07-26;647;765;103014;87641;67.6;57.5
09;2021-07-27;1179;945;104193;88586;68.4;58.1
09;2021-07-28;1194;985;105387;89571;69.2;58.8
09;2021-07-29;1040;735;106427;90306;69.8;59.3
09;2021-07-30;779;623;107206;90929;70.3;59.7
09;2021-07-31;1378;416;108584;91345;71.3;59.9
09;2021-08-01;141;125;108725;91470;71.3;60.0
09;2021-08-02;614;479;109339;91949;71.7;60.3
09;2021-08-03;1254;767;110593;92716;72.6;60.8
09;2021-08-04;1398;654;111991;93370;73.5;61.3
09;2021-08-05;998;675;112989;94045;74.1;61.7
09;2021-08-06;1014;640;114003;94685;74.8;62.1
09;2021-08-07;826;427;114829;95112;75.3;62.4
09;2021-08-08;129;131;114958;95243;75.4;62.5
09;2021-08-09;690;649;115648;95892;75.9;62.9
09;2021-08-10;938;694;116586;96586;76.5;63.4
09;2021-08-11;894;870;117480;97456;77.1;63.9
09;2021-08-12;630;730;118110;98186;77.5;64.4
09;2021-08-13;460;645;118570;98831;77.8;64.9
09;2021-08-14;311;828;118881;99659;78.0;65.4
09;2021-08-15;67;138;118948;99797;78.1;65.5
09;2021-08-16;545;619;119493;100416;78.4;65.9
09;2021-08-17;672;777;120165;101193;78.8;66.4
09;2021-08-18;619;930;120784;102123;79.3;67.0
09;2021-08-19;432;721;121216;102844;79.5;67.5
09;2021-08-20;363;749;121579;103593;79.8;68.0
09;2021-08-21;344;1381;121923;104974;80.0;68.9
09;2021-08-22;67;168;121990;105142;80.0;69.0
09;2021-08-23;336;759;122326;105901;80.3;69.5
09;2021-08-24;402;955;122728;106856;80.5;70.1
09;2021-08-25;283;1004;123011;107860;80.7;70.8
09;2021-08-26;315;927;123326;108787;80.9;71.4
09;2021-08-27;223;740;123549;109527;81.1;71.9
09;2021-08-28;256;969;123805;110496;81.2;72.5
09;2021-08-29;15;144;123820;110640;81.2;72.6
09;2021-08-30;275;747;124095;111387;81.4;73.1
09;2021-08-31;316;1147;124411;112534;81.6;73.8
09;2021-09-01;360;954;124771;113488;81.9;74.5
10;2020-12-27;0;0;0;0;0.0;0.0
10;2020-12-28;0;0;0;0;0.0;0.0
10;2020-12-29;0;0;0;0;0.0;0.0
10;2020-12-30;0;0;0;0;0.0;0.0
10;2020-12-31;0;0;0;0;0.0;0.0
10;2021-01-01;0;0;0;0;0.0;0.0
10;2021-01-02;1;0;1;0;0.0;0.0
10;2021-01-03;0;0;1;0;0.0;0.0
10;2021-01-04;0;0;1;0;0.0;0.0
10;2021-01-05;1;0;2;0;0.0;0.0
10;2021-01-06;0;0;2;0;0.0;0.0
10;2021-01-07;84;0;86;0;0.0;0.0
10;2021-01-08;255;0;341;0;0.1;0.0
10;2021-01-09;0;0;341;0;0.1;0.0
10;2021-01-10;0;0;341;0;0.1;0.0
10;2021-01-11;117;0;458;0;0.1;0.0
10;2021-01-12;191;0;649;0;0.2;0.0
10;2021-01-13;313;0;962;0;0.3;0.0
10;2021-01-14;391;7;1353;7;0.4;0.0
10;2021-01-15;359;3;1712;10;0.6;0.0
10;2021-01-16;56;0;1768;10;0.6;0.0
10;2021-01-17;0;0;1768;10;0.6;0.0
10;2021-01-18;702;1;2470;11;0.8;0.0
10;2021-01-19;1388;3;3858;14;1.2;0.0
10;2021-01-20;1079;9;4937;23;1.6;0.0
10;2021-01-21;1152;2;6089;25;2.0;0.0
10;2021-01-22;819;2;6908;27;2.2;0.0
10;2021-01-23;309;0;7217;27;2.3;0.0
10;2021-01-24;0;0;7217;27;2.3;0.0
10;2021-01-25;445;8;7662;35;2.5;0.0
10;2021-01-26;487;17;8149;52;2.6;0.0
10;2021-01-27;459;15;8608;67;2.8;0.0
10;2021-01-28;358;48;8966;115;2.9;0.0
10;2021-01-29;430;189;9396;304;3.0;0.1
10;2021-01-30;30;0;9426;304;3.0;0.1
10;2021-01-31;0;0;9426;304;3.0;0.1
10;2021-02-01;405;138;9831;442;3.2;0.1
10;2021-02-02;182;148;10013;590;3.2;0.2
10;2021-02-03;361;215;10374;805;3.3;0.3
10;2021-02-04;342;268;10716;1073;3.5;0.3
10;2021-02-05;327;316;11043;1389;3.6;0.4
10;2021-02-06;3;35;11046;1424;3.6;0.5
10;2021-02-07;0;0;11046;1424;3.6;0.5
10;2021-02-08;190;405;11236;1829;3.6;0.6
10;2021-02-09;486;585;11722;2414;3.8;0.8
10;2021-02-10;666;480;12388;2894;4.0;0.9
10;2021-02-11;781;593;13169;3487;4.2;1.1
10;2021-02-12;580;551;13749;4038;4.4;1.3
10;2021-02-13;37;111;13786;4149;4.4;1.3
10;2021-02-14;0;0;13786;4149;4.4;1.3
10;2021-02-15;142;426;13928;4575;4.5;1.5
10;2021-02-16;116;535;14044;5110;4.5;1.6
10;2021-02-17;129;594;14173;5704;4.6;1.8
10;2021-02-18;216;546;14389;6250;4.6;2.0
10;2021-02-19;187;468;14576;6718;4.7;2.2
10;2021-02-20;24;181;14600;6899;4.7;2.2
10;2021-02-21;0;0;14600;6899;4.7;2.2
10;2021-02-22;77;435;14677;7334;4.7;2.4
10;2021-02-23;76;550;14753;7884;4.8;2.5
10;2021-02-24;113;370;14866;8254;4.8;2.7
10;2021-02-25;324;371;15190;8625;4.9;2.8
10;2021-02-26;351;281;15541;8906;5.0;2.9
10;2021-02-27;275;126;15816;9032;5.1;2.9
10;2021-02-28;0;0;15816;9032;5.1;2.9
10;2021-03-01;257;332;16073;9364;5.2;3.0
10;2021-03-02;435;370;16508;9734;5.3;3.1
10;2021-03-03;454;579;16962;10313;5.5;3.3
10;2021-03-04;636;498;17598;10811;5.7;3.5
10;2021-03-05;677;253;18275;11064;5.9;3.6
10;2021-03-06;950;44;19225;11108;6.2;3.6
10;2021-03-07;769;7;19994;11115;6.5;3.6
10;2021-03-08;502;443;20496;11558;6.6;3.7
10;2021-03-09;673;433;21169;11991;6.8;3.9
10;2021-03-10;660;362;21829;12353;7.0;4.0
10;2021-03-11;1174;234;23003;12587;7.4;4.1
10;2021-03-12;1338;246;24341;12833;7.9;4.1
10;2021-03-13;891;38;25232;12871;8.1;4.2
10;2021-03-14;1381;15;26613;12886;8.6;4.2
10;2021-03-15;821;80;27434;12966;8.9;4.2
10;2021-03-16;688;64;28122;13030;9.1;4.2
10;2021-03-17;831;67;28953;13097;9.3;4.2
10;2021-03-18;885;81;29838;13178;9.6;4.3
10;2021-03-19;951;70;30789;13248;9.9;4.3
10;2021-03-20;552;18;31341;13266;10.1;4.3
10;2021-03-21;1849;43;33190;13309;10.7;4.3
10;2021-03-22;879;73;34069;13382;11.0;4.3
10;2021-03-23;1245;92;35314;13474;11.4;4.3
10;2021-03-24;1311;59;36625;13533;11.8;4.4
10;2021-03-25;1676;229;38301;13762;12.4;4.4
10;2021-03-26;1431;116;39732;13878;12.8;4.5
10;2021-03-27;762;79;40494;13957;13.1;4.5
10;2021-03-28;1221;29;41715;13986;13.5;4.5
10;2021-03-29;648;304;42363;14290;13.7;4.6
10;2021-03-30;927;376;43290;14666;14.0;4.7
10;2021-03-31;617;360;43907;15026;14.2;4.8
10;2021-04-01;884;684;44791;15710;14.5;5.1
10;2021-04-02;1069;588;45860;16298;14.8;5.3
10;2021-04-03;540;605;46400;16903;15.0;5.5
10;2021-04-04;1826;260;48226;17163;15.6;5.5
10;2021-04-05;1843;43;50069;17206;16.2;5.6
10;2021-04-06;514;650;50583;17856;16.3;5.8
10;2021-04-07;589;540;51172;18396;16.5;5.9
10;2021-04-08;1057;608;52229;19004;16.9;6.1
10;2021-04-09;1130;612;53359;19616;17.2;6.3
10;2021-04-10;1770;348;55129;19964;17.8;6.4
10;2021-04-11;55;1221;55184;21185;17.8;6.8
10;2021-04-12;1003;807;56187;21992;18.1;7.1
10;2021-04-13;1506;893;57693;22885;18.6;7.4
10;2021-04-14;820;601;58513;23486;18.9;7.6
10;2021-04-15;1454;893;59967;24379;19.3;7.9
10;2021-04-16;1109;697;61076;25076;19.7;8.1
10;2021-04-17;2391;362;63467;25438;20.5;8.2
10;2021-04-18;1421;1786;64888;27224;20.9;8.8
10;2021-04-19;838;833;65726;28057;21.2;9.1
10;2021-04-20;546;1034;66272;29091;21.4;9.4
10;2021-04-21;636;974;66908;30065;21.6;9.7
10;2021-04-22;932;963;67840;31028;21.9;10.0
10;2021-04-23;2173;777;70013;31805;22.6;10.3
10;2021-04-24;2296;375;72309;32180;23.3;10.4
10;2021-04-25;1989;1215;74298;33395;24.0;10.8
10;2021-04-26;773;621;75071;34016;24.2;11.0
10;2021-04-27;895;537;75966;34553;24.5;11.1
10;2021-04-28;873;406;76839;34959;24.8;11.3
10;2021-04-29;1433;673;78272;35632;25.3;11.5
10;2021-04-30;2173;768;80445;36400;26.0;11.7
10;2021-05-01;1988;2168;82433;38568;26.6;12.4
10;2021-05-02;1948;1894;84381;40462;27.2;13.1
10;2021-05-03;622;447;85003;40909;27.4;13.2
10;2021-05-04;1144;1246;86147;42155;27.8;13.6
10;2021-05-05;1755;1021;87902;43176;28.4;13.9
10;2021-05-06;2257;948;90159;44124;29.1;14.2
10;2021-05-07;2217;1141;92376;45265;29.8;14.6
10;2021-05-08;2272;860;94648;46125;30.5;14.9
10;2021-05-09;2005;100;96653;46225;31.2;14.9
10;2021-05-10;530;1093;97183;47318;31.4;15.3
10;2021-05-11;1051;1029;98234;48347;31.7;15.6
10;2021-05-12;2061;884;100295;49231;32.4;15.9
10;2021-05-13;2180;434;102475;49665;33.1;16.0
10;2021-05-14;2729;673;105204;50338;33.9;16.2
10;2021-05-15;2426;2049;107630;52387;34.7;16.9
10;2021-05-16;2081;1448;109711;53835;35.4;17.4
10;2021-05-17;1451;443;111162;54278;35.9;17.5
10;2021-05-18;2511;640;113673;54918;36.7;17.7
10;2021-05-19;1553;641;115226;55559;37.2;17.9
10;2021-05-20;1892;847;117118;56406;37.8;18.2
10;2021-05-21;2318;618;119436;57024;38.5;18.4
10;2021-05-22;2180;422;121616;57446;39.2;18.5
10;2021-05-23;1817;139;123433;57585;39.8;18.6
10;2021-05-24;1968;177;125401;57762;40.5;18.6
10;2021-05-25;2195;492;127596;58254;41.2;18.8
10;2021-05-26;1677;421;129273;58675;41.7;18.9
10;2021-05-27;1660;755;130933;59430;42.2;19.2
10;2021-05-28;1719;1185;132652;60615;42.8;19.6
10;2021-05-29;2170;642;134822;61257;43.5;19.8
10;2021-05-30;1029;135;135851;61392;43.8;19.8
10;2021-05-31;1040;750;136891;62142;44.2;20.1
10;2021-06-01;1134;886;138025;63028;44.5;20.3
10;2021-06-02;1032;719;139057;63747;44.9;20.6
10;2021-06-03;1473;1071;140530;64818;45.3;20.9
10;2021-06-04;1768;2601;142298;67419;45.9;21.8
10;2021-06-05;1519;2452;143817;69871;46.4;22.5
10;2021-06-06;1005;1876;144822;71747;46.7;23.2
10;2021-06-07;698;1112;145520;72859;47.0;23.5
10;2021-06-08;896;1171;146416;74030;47.2;23.9
10;2021-06-09;877;913;147293;74943;47.5;24.2
10;2021-06-10;678;1072;147971;76015;47.7;24.5
10;2021-06-11;1199;2205;149170;78220;48.1;25.2
10;2021-06-12;855;2388;150025;80608;48.4;26.0
10;2021-06-13;401;1835;150426;82443;48.5;26.6
10;2021-06-14;535;742;150961;83185;48.7;26.8
10;2021-06-15;740;2133;151701;85318;49.0;27.5
10;2021-06-16;740;1860;152441;87178;49.2;28.1
10;2021-06-17;850;2458;153291;89636;49.5;28.9
10;2021-06-18;1031;2473;154322;92109;49.8;29.7
10;2021-06-19;981;2595;155303;94704;50.1;30.6
10;2021-06-20;549;1599;155852;96303;50.3;31.1
10;2021-06-21;682;1045;156534;97348;50.5;31.4
10;2021-06-22;744;1525;157278;98873;50.8;31.9
10;2021-06-23;651;2408;157929;101281;51.0;32.7
10;2021-06-24;784;2618;158713;103899;51.2;33.5
10;2021-06-25;730;3044;159443;106943;51.4;34.5
10;2021-06-26;513;2746;159956;109689;51.6;35.4
10;2021-06-27;403;1939;160359;111628;51.7;36.0
10;2021-06-28;685;1787;161044;113415;52.0;36.6
10;2021-06-29;617;2694;161661;116109;52.2;37.5
10;2021-06-30;534;1524;162195;117633;52.3;38.0
10;2021-07-01;553;2172;162748;119805;52.5;38.7
10;2021-07-02;668;2727;163416;122532;52.7;39.5
10;2021-07-03;529;2600;163945;125132;52.9;40.4
10;2021-07-04;411;1727;164356;126859;53.0;40.9
10;2021-07-05;668;2222;165024;129081;53.2;41.7
10;2021-07-06;652;2190;165676;131271;53.5;42.4
10;2021-07-07;636;1703;166312;132974;53.7;42.9
10;2021-07-08;749;1458;167061;134432;53.9;43.4
10;2021-07-09;815;1947;167876;136379;54.2;44.0
10;2021-07-10;633;2096;168509;138475;54.4;44.7
10;2021-07-11;500;1383;169009;139858;54.5;45.1
10;2021-07-12;780;1623;169789;141481;54.8;45.7
10;2021-07-13;1125;1873;170914;143354;55.2;46.3
10;2021-07-14;1170;1056;172084;144410;55.5;46.6
10;2021-07-15;1474;1979;173558;146389;56.0;47.2
10;2021-07-16;1240;2274;174798;148663;56.4;48.0
10;2021-07-17;1288;1739;176086;150402;56.8;48.5
10;2021-07-18;942;1225;177028;151627;57.1;48.9
10;2021-07-19;1359;1620;178387;153247;57.6;49.4
10;2021-07-20;1686;1433;180073;154680;58.1;49.9
10;2021-07-21;1395;1487;181468;156167;58.6;50.4
10;2021-07-22;1935;1599;183403;157766;59.2;50.9
10;2021-07-23;1595;1545;184998;159311;59.7;51.4
10;2021-07-24;1391;1228;186389;160539;60.1;51.8
10;2021-07-25;1251;789;187640;161328;60.5;52.1
10;2021-07-26;1913;1315;189553;162643;61.2;52.5
10;2021-07-27;2138;1089;191691;163732;61.9;52.8
10;2021-07-28;2095;1018;193786;164750;62.5;53.2
10;2021-07-29;2436;1200;196222;165950;63.3;53.5
10;2021-07-30;2162;1310;198384;167260;64.0;54.0
10;2021-07-31;1677;936;200061;168196;64.6;54.3
10;2021-08-01;1235;572;201296;168768;65.0;54.5
10;2021-08-02;1336;1337;202632;170105;65.4;54.9
10;2021-08-03;1563;897;204195;171002;65.9;55.2
10;2021-08-04;1318;1067;205513;172069;66.3;55.5
10;2021-08-05;1628;1347;207141;173416;66.8;56.0
10;2021-08-06;1800;1332;208941;174748;67.4;56.4
10;2021-08-07;1150;1133;210091;175881;67.8;56.8
10;2021-08-08;659;752;210750;176633;68.0;57.0
10;2021-08-09;1304;1542;212054;178175;68.4;57.5
10;2021-08-10;1630;1349;213684;179524;69.0;57.9
10;2021-08-11;822;1106;214506;180630;69.2;58.3
10;2021-08-12;1023;1226;215529;181856;69.5;58.7
10;2021-08-13;729;1075;216258;182931;69.8;59.0
10;2021-08-14;571;1237;216829;184168;70.0;59.4
10;2021-08-15;302;778;217131;184946;70.1;59.7
10;2021-08-16;700;1617;217831;186563;70.3;60.2
10;2021-08-17;861;1773;218692;188336;70.6;60.8
10;2021-08-18;693;1618;219385;189954;70.8;61.3
10;2021-08-19;538;1568;219923;191522;71.0;61.8
10;2021-08-20;602;1742;220525;193264;71.2;62.4
10;2021-08-21;419;1437;220944;194701;71.3;62.8
10;2021-08-22;187;1061;221131;195762;71.4;63.2
10;2021-08-23;478;1558;221609;197320;71.5;63.7
10;2021-08-24;663;1769;222272;199089;71.7;64.2
10;2021-08-25;453;1376;222725;200465;71.9;64.7
10;2021-08-26;427;1485;223152;201950;72.0;65.2
10;2021-08-27;619;1586;223771;203536;72.2;65.7
10;2021-08-28;385;1331;224156;204867;72.3;66.1
10;2021-08-29;225;946;224381;205813;72.4;66.4
10;2021-08-30;431;1392;224812;207205;72.5;66.9
10;2021-08-31;459;1448;225271;208653;72.7;67.3
10;2021-09-01;283;1198;225554;209851;72.8;67.7
11;2020-12-27;0;0;0;0;0.0;0.0
11;2020-12-28;1;0;1;0;0.0;0.0
11;2020-12-29;1;0;2;0;0.0;0.0
11;2020-12-30;0;0;2;0;0.0;0.0
11;2020-12-31;0;0;2;0;0.0;0.0
11;2021-01-01;0;0;2;0;0.0;0.0
11;2021-01-02;5;0;7;0;0.0;0.0
11;2021-01-03;0;0;7;0;0.0;0.0
11;2021-01-04;1;0;8;0;0.0;0.0
11;2021-01-05;95;0;103;0;0.0;0.0
11;2021-01-06;25;0;128;0;0.0;0.0
11;2021-01-07;119;0;247;0;0.1;0.0
11;2021-01-08;91;1;338;1;0.1;0.0
11;2021-01-09;86;0;424;1;0.1;0.0
11;2021-01-10;67;0;491;1;0.1;0.0
11;2021-01-11;136;0;627;1;0.2;0.0
11;2021-01-12;545;3;1172;4;0.3;0.0
11;2021-01-13;410;1;1582;5;0.4;0.0
11;2021-01-14;644;8;2226;13;0.6;0.0
11;2021-01-15;342;4;2568;17;0.7;0.0
11;2021-01-16;77;1;2645;18;0.7;0.0
11;2021-01-17;47;1;2692;19;0.7;0.0
11;2021-01-18;388;0;3080;19;0.8;0.0
11;2021-01-19;528;4;3608;23;1.0;0.0
11;2021-01-20;693;6;4301;29;1.2;0.0
11;2021-01-21;648;4;4949;33;1.3;0.0
11;2021-01-22;524;2;5473;35;1.5;0.0
11;2021-01-23;160;0;5633;35;1.5;0.0
11;2021-01-24;139;0;5772;35;1.5;0.0
11;2021-01-25;375;19;6147;54;1.6;0.0
11;2021-01-26;847;85;6994;139;1.9;0.0
11;2021-01-27;799;25;7793;164;2.1;0.0
11;2021-01-28;649;61;8442;225;2.3;0.1
11;2021-01-29;440;122;8882;347;2.4;0.1
11;2021-01-30;134;1;9016;348;2.4;0.1
11;2021-01-31;82;0;9098;348;2.4;0.1
11;2021-02-01;344;194;9442;542;2.5;0.1
11;2021-02-02;412;406;9854;948;2.6;0.3
11;2021-02-03;391;351;10245;1299;2.7;0.3
11;2021-02-04;376;496;10621;1795;2.8;0.5
11;2021-02-05;317;334;10938;2129;2.9;0.6
11;2021-02-06;208;61;11146;2190;3.0;0.6
11;2021-02-07;108;13;11254;2203;3.0;0.6
11;2021-02-08;316;154;11570;2357;3.1;0.6
11;2021-02-09;300;276;11870;2633;3.2;0.7
11;2021-02-10;341;431;12211;3064;3.3;0.8
11;2021-02-11;610;629;12821;3693;3.4;1.0
11;2021-02-12;403;377;13224;4070;3.5;1.1
11;2021-02-13;194;115;13418;4185;3.6;1.1
11;2021-02-14;72;26;13490;4211;3.6;1.1
11;2021-02-15;241;204;13731;4415;3.7;1.2
11;2021-02-16;265;510;13996;4925;3.8;1.3
11;2021-02-17;453;612;14449;5537;3.9;1.5
11;2021-02-18;456;566;14905;6103;4.0;1.6
11;2021-02-19;300;530;15205;6633;4.1;1.8
11;2021-02-20;147;74;15352;6707;4.1;1.8
11;2021-02-21;59;44;15411;6751;4.1;1.8
11;2021-02-22;124;323;15535;7074;4.2;1.9
11;2021-02-23;283;316;15818;7390;4.2;2.0
11;2021-02-24;251;362;16069;7752;4.3;2.1
11;2021-02-25;563;323;16632;8075;4.5;2.2
11;2021-02-26;523;311;17155;8386;4.6;2.3
11;2021-02-27;319;98;17474;8484;4.7;2.3
11;2021-02-28;95;24;17569;8508;4.7;2.3
11;2021-03-01;339;311;17908;8819;4.8;2.4
11;2021-03-02;562;385;18470;9204;5.0;2.5
11;2021-03-03;600;428;19070;9632;5.1;2.6
11;2021-03-04;1077;406;20147;10038;5.4;2.7
11;2021-03-05;1003;408;21150;10446;5.7;2.8
11;2021-03-06;1094;205;22244;10651;6.0;2.9
11;2021-03-07;658;33;22902;10684;6.1;2.9
11;2021-03-08;370;348;23272;11032;6.2;3.0
11;2021-03-09;997;398;24269;11430;6.5;3.1
11;2021-03-10;1174;545;25443;11975;6.8;3.2
11;2021-03-11;1571;445;27014;12420;7.2;3.3
11;2021-03-12;1456;442;28470;12862;7.6;3.5
11;2021-03-13;1159;239;29629;13101;7.9;3.5
11;2021-03-14;523;55;30152;13156;8.1;3.5
11;2021-03-15;651;239;30803;13395;8.3;3.6
11;2021-03-16;853;199;31656;13594;8.5;3.6
11;2021-03-17;906;220;32562;13814;8.7;3.7
11;2021-03-18;1172;282;33734;14096;9.1;3.8
11;2021-03-19;1371;248;35105;14344;9.4;3.8
11;2021-03-20;790;176;35895;14520;9.6;3.9
11;2021-03-21;225;67;36120;14587;9.7;3.9
11;2021-03-22;808;218;36928;14805;9.9;4.0
11;2021-03-23;1806;392;38734;15197;10.4;4.1
11;2021-03-24;1846;319;40580;15516;10.9;4.2
11;2021-03-25;2190;373;42770;15889;11.5;4.3
11;2021-03-26;2125;446;44895;16335;12.0;4.4
11;2021-03-27;1178;145;46073;16480;12.4;4.4
11;2021-03-28;265;43;46338;16523;12.4;4.4
11;2021-03-29;1182;223;47520;16746;12.8;4.5
11;2021-03-30;1993;323;49513;17069;13.3;4.6
11;2021-03-31;1614;384;51127;17453;13.7;4.7
11;2021-04-01;2146;423;53273;17876;14.3;4.8
11;2021-04-02;1643;429;54916;18305;14.7;4.9
11;2021-04-03;720;146;55636;18451;14.9;5.0
11;2021-04-04;198;76;55834;18527;15.0;5.0
11;2021-04-05;257;4;56091;18531;15.0;5.0
11;2021-04-06;1574;553;57665;19084;15.5;5.1
11;2021-04-07;1777;574;59442;19658;15.9;5.3
11;2021-04-08;1785;684;61227;20342;16.4;5.5
11;2021-04-09;2263;604;63490;20946;17.0;5.6
11;2021-04-10;1169;179;64659;21125;17.3;5.7
11;2021-04-11;549;107;65208;21232;17.5;5.7
11;2021-04-12;1615;538;66823;21770;17.9;5.8
11;2021-04-13;2261;886;69084;22656;18.5;6.1
11;2021-04-14;1661;1019;70745;23675;19.0;6.4
11;2021-04-15;1844;1131;72589;24806;19.5;6.7
11;2021-04-16;1836;849;74425;25655;20.0;6.9
11;2021-04-17;1773;564;76198;26219;20.4;7.0
11;2021-04-18;114;155;76312;26374;20.5;7.1
11;2021-04-19;1383;737;77695;27111;20.8;7.3
11;2021-04-20;1729;1282;79424;28393;21.3;7.6
11;2021-04-21;1779;1323;81203;29716;21.8;8.0
11;2021-04-22;1749;1322;82952;31038;22.3;8.3
11;2021-04-23;2012;1234;84964;32272;22.8;8.7
11;2021-04-24;1735;469;86699;32741;23.3;8.8
11;2021-04-25;659;180;87358;32921;23.4;8.8
11;2021-04-26;1380;839;88738;33760;23.8;9.1
11;2021-04-27;1838;1551;90576;35311;24.3;9.5
11;2021-04-28;2009;1468;92585;36779;24.8;9.9
11;2021-04-29;2248;1638;94833;38417;25.4;10.3
11;2021-04-30;2158;1428;96991;39845;26.0;10.7
11;2021-05-01;1338;342;98329;40187;26.4;10.8
11;2021-05-02;588;336;98917;40523;26.5;10.9
11;2021-05-03;1487;739;100404;41262;26.9;11.1
11;2021-05-04;1879;1430;102283;42692;27.4;11.5
11;2021-05-05;1895;1439;104178;44131;28.0;11.8
11;2021-05-06;2192;1476;106370;45607;28.5;12.2
11;2021-05-07;2104;1562;108474;47169;29.1;12.7
11;2021-05-08;898;727;109372;47896;29.3;12.9
11;2021-05-09;628;543;110000;48439;29.5;13.0
11;2021-05-10;1328;1652;111328;50091;29.9;13.4
11;2021-05-11;2041;1872;113369;51963;30.4;13.9
11;2021-05-12;1849;1654;115218;53617;30.9;14.4
11;2021-05-13;1406;414;116624;54031;31.3;14.5
11;2021-05-14;1714;1183;118338;55214;31.8;14.8
11;2021-05-15;1157;898;119495;56112;32.1;15.1
11;2021-05-16;808;164;120303;56276;32.3;15.1
11;2021-05-17;1471;1049;121774;57325;32.7;15.4
11;2021-05-18;1898;1196;123672;58521;33.2;15.7
11;2021-05-19;1847;1123;125519;59644;33.7;16.0
11;2021-05-20;1970;1091;127489;60735;34.2;16.3
11;2021-05-21;2275;1090;129764;61825;34.8;16.6
11;2021-05-22;1485;727;131249;62552;35.2;16.8
11;2021-05-23;768;71;132017;62623;35.4;16.8
11;2021-05-24;1411;226;133428;62849;35.8;16.9
11;2021-05-25;1811;1354;135239;64203;36.3;17.2
11;2021-05-26;1933;1304;137172;65507;36.8;17.6
11;2021-05-27;1985;1720;139157;67227;37.3;18.0
11;2021-05-28;1759;1899;140916;69126;37.8;18.5
11;2021-05-29;1427;1601;142343;70727;38.2;19.0
11;2021-05-30;486;396;142829;71123;38.3;19.1
11;2021-05-31;1261;1619;144090;72742;38.7;19.5
11;2021-06-01;1856;1904;145946;74646;39.2;20.0
11;2021-06-02;1761;2074;147707;76720;39.6;20.6
11;2021-06-03;2599;2414;150306;79134;40.3;21.2
11;2021-06-04;2146;2674;152452;81808;40.9;21.9
11;2021-06-05;1590;1904;154042;83712;41.3;22.5
11;2021-06-06;877;860;154919;84572;41.6;22.7
11;2021-06-07;1527;1714;156446;86286;42.0;23.2
11;2021-06-08;2038;1997;158484;88283;42.5;23.7
11;2021-06-09;1789;2188;160273;90471;43.0;24.3
11;2021-06-10;1807;2427;162080;92898;43.5;24.9
11;2021-06-11;1864;2494;163944;95392;44.0;25.6
11;2021-06-12;1457;1624;165401;97016;44.4;26.0
11;2021-06-13;713;723;166114;97739;44.6;26.2
11;2021-06-14;1033;1969;167147;99708;44.8;26.8
11;2021-06-15;1395;2688;168542;102396;45.2;27.5
11;2021-06-16;1337;2529;169879;104925;45.6;28.2
11;2021-06-17;1473;2540;171352;107465;46.0;28.8
11;2021-06-18;1520;2490;172872;109955;46.4;29.5
11;2021-06-19;1237;1411;174109;111366;46.7;29.9
11;2021-06-20;299;599;174408;111965;46.8;30.0
11;2021-06-21;838;2122;175246;114087;47.0;30.6
11;2021-06-22;1016;2609;176262;116696;47.3;31.3
11;2021-06-23;1097;2089;177359;118785;47.6;31.9
11;2021-06-24;907;2246;178266;121031;47.8;32.5
11;2021-06-25;991;2546;179257;123577;48.1;33.2
11;2021-06-26;776;1656;180033;125233;48.3;33.6
11;2021-06-27;210;688;180243;125921;48.4;33.8
11;2021-06-28;697;2299;180940;128220;48.5;34.4
11;2021-06-29;964;2601;181904;130821;48.8;35.1
11;2021-06-30;905;2521;182809;133342;49.0;35.8
11;2021-07-01;1004;1889;183813;135231;49.3;36.3
11;2021-07-02;968;2544;184781;137775;49.6;37.0
11;2021-07-03;728;1805;185509;139580;49.8;37.5
11;2021-07-04;340;1109;185849;140689;49.9;37.7
11;2021-07-05;696;2133;186545;142822;50.1;38.3
11;2021-07-06;972;2520;187517;145342;50.3;39.0
11;2021-07-07;946;2511;188463;147853;50.6;39.7
11;2021-07-08;1191;1912;189654;149765;50.9;40.2
11;2021-07-09;823;1794;190477;151559;51.1;40.7
11;2021-07-10;369;1301;190846;152860;51.2;41.0
11;2021-07-11;313;564;191159;153424;51.3;41.2
11;2021-07-12;505;2671;191664;156095;51.4;41.9
11;2021-07-13;1305;3068;192969;159163;51.8;42.7
11;2021-07-14;211;234;193180;159397;51.8;42.8
11;2021-07-15;1450;2969;194630;162366;52.2;43.6
11;2021-07-16;1875;2736;196505;165102;52.7;44.3
11;2021-07-17;1075;2166;197580;167268;53.0;44.9
11;2021-07-18;653;945;198233;168213;53.2;45.1
11;2021-07-19;1355;2094;199588;170307;53.6;45.7
11;2021-07-20;1997;2408;201585;172715;54.1;46.3
11;2021-07-21;2015;2441;203600;175156;54.6;47.0
11;2021-07-22;2414;1892;206014;177048;55.3;47.5
11;2021-07-23;2230;2280;208244;179328;55.9;48.1
11;2021-07-24;1274;1628;209518;180956;56.2;48.6
11;2021-07-25;750;693;210268;181649;56.4;48.7
11;2021-07-26;1663;1426;211931;183075;56.9;49.1
11;2021-07-27;2332;1999;214263;185074;57.5;49.7
11;2021-07-28;2478;1990;216741;187064;58.2;50.2
11;2021-07-29;2773;1793;219514;188857;58.9;50.7
11;2021-07-30;2574;1800;222088;190657;59.6;51.2
11;2021-07-31;2008;1137;224096;191794;60.1;51.5
11;2021-08-01;1012;483;225108;192277;60.4;51.6
11;2021-08-02;1925;1153;227033;193430;60.9;51.9
11;2021-08-03;2438;1596;229471;195026;61.6;52.3
11;2021-08-04;2557;1266;232028;196292;62.3;52.7
11;2021-08-05;2373;1337;234401;197629;62.9;53.0
11;2021-08-06;2252;1660;236653;199289;63.5;53.5
11;2021-08-07;1663;1169;238316;200458;63.9;53.8
11;2021-08-08;596;206;238912;200664;64.1;53.8
11;2021-08-09;1031;1433;239943;202097;64.4;54.2
11;2021-08-10;1739;1992;241682;204089;64.8;54.8
11;2021-08-11;1713;1690;243395;205779;65.3;55.2
11;2021-08-12;1690;1852;245085;207631;65.8;55.7
11;2021-08-13;1345;1659;246430;209290;66.1;56.2
11;2021-08-14;978;1593;247408;210883;66.4;56.6
11;2021-08-15;137;125;247545;211008;66.4;56.6
11;2021-08-16;715;1912;248260;212920;66.6;57.1
11;2021-08-17;1045;2394;249305;215314;66.9;57.8
11;2021-08-18;1103;2030;250408;217344;67.2;58.3
11;2021-08-19;995;2290;251403;219634;67.5;58.9
11;2021-08-20;965;2292;252368;221926;67.7;59.5
11;2021-08-21;574;1838;252942;223764;67.9;60.0
11;2021-08-22;190;512;253132;224276;67.9;60.2
11;2021-08-23;522;1817;253654;226093;68.1;60.7
11;2021-08-24;795;2251;254449;228344;68.3;61.3
11;2021-08-25;788;2151;255237;230495;68.5;61.8
11;2021-08-26;748;2001;255985;232496;68.7;62.4
11;2021-08-27;700;2221;256685;234717;68.9;63.0
11;2021-08-28;435;1743;257120;236460;69.0;63.4
11;2021-08-29;143;514;257263;236974;69.0;63.6
11;2021-08-30;448;1344;257711;238318;69.1;63.9
11;2021-08-31;568;1941;258279;240259;69.3;64.5
11;2021-09-01;596;1809;258875;242068;69.5;64.9
12;2020-12-27;0;0;0;0;0.0;0.0
12;2020-12-28;0;0;0;0;0.0;0.0
12;2020-12-29;0;0;0;0;0.0;0.0
12;2020-12-30;0;0;0;0;0.0;0.0
12;2020-12-31;0;0;0;0;0.0;0.0
12;2021-01-01;0;0;0;0;0.0;0.0
12;2021-01-02;0;0;0;0;0.0;0.0
12;2021-01-03;0;0;0;0;0.0;0.0
12;2021-01-04;1;0;1;0;0.0;0.0
12;2021-01-05;1;0;2;0;0.0;0.0
12;2021-01-06;12;0;14;0;0.0;0.0
12;2021-01-07;202;0;216;0;0.1;0.0
12;2021-01-08;65;0;281;0;0.1;0.0
12;2021-01-09;0;0;281;0;0.1;0.0
12;2021-01-10;1;0;282;0;0.1;0.0
12;2021-01-11;99;0;381;0;0.1;0.0
12;2021-01-12;360;1;741;1;0.3;0.0
12;2021-01-13;285;0;1026;1;0.4;0.0
12;2021-01-14;600;12;1626;13;0.6;0.0
12;2021-01-15;367;10;1993;23;0.7;0.0
12;2021-01-16;138;2;2131;25;0.8;0.0
12;2021-01-17;0;0;2131;25;0.8;0.0
12;2021-01-18;453;0;2584;25;0.9;0.0
12;2021-01-19;606;3;3190;28;1.1;0.0
12;2021-01-20;879;2;4069;30;1.5;0.0
12;2021-01-21;735;0;4804;30;1.7;0.0
12;2021-01-22;798;1;5602;31;2.0;0.0
12;2021-01-23;382;0;5984;31;2.1;0.0
12;2021-01-24;0;0;5984;31;2.1;0.0
12;2021-01-25;453;0;6437;31;2.3;0.0
12;2021-01-26;650;0;7087;31;2.5;0.0
12;2021-01-27;1885;25;8972;56;3.2;0.0
12;2021-01-28;1885;214;10857;270;3.9;0.1
12;2021-01-29;1332;45;12189;315;4.4;0.1
12;2021-01-30;359;2;12548;317;4.5;0.1
12;2021-01-31;0;0;12548;317;4.5;0.1
12;2021-02-01;333;88;12881;405;4.6;0.1
12;2021-02-02;457;238;13338;643;4.8;0.2
12;2021-02-03;457;166;13795;809;5.0;0.3
12;2021-02-04;459;523;14254;1332;5.1;0.5
12;2021-02-05;449;182;14703;1514;5.3;0.5
12;2021-02-06;220;64;14923;1578;5.4;0.6
12;2021-02-07;8;0;14931;1578;5.4;0.6
12;2021-02-08;105;312;15036;1890;5.4;0.7
12;2021-02-09;208;331;15244;2221;5.5;0.8
12;2021-02-10;464;466;15708;2687;5.6;1.0
12;2021-02-11;539;337;16247;3024;5.8;1.1
12;2021-02-12;570;334;16817;3358;6.0;1.2
12;2021-02-13;175;131;16992;3489;6.1;1.3
12;2021-02-14;1;0;16993;3489;6.1;1.3
12;2021-02-15;175;368;17168;3857;6.2;1.4
12;2021-02-16;171;501;17339;4358;6.2;1.6
12;2021-02-17;366;1418;17705;5776;6.4;2.1
12;2021-02-18;676;1645;18381;7421;6.6;2.7
12;2021-02-19;594;967;18975;8388;6.8;3.0
12;2021-02-20;103;390;19078;8778;6.9;3.2
12;2021-02-21;0;0;19078;8778;6.9;3.2
12;2021-02-22;150;389;19228;9167;6.9;3.3
12;2021-02-23;157;546;19385;9713;7.0;3.5
12;2021-02-24;157;677;19542;10390;7.0;3.7
12;2021-02-25;201;762;19743;11152;7.1;4.0
12;2021-02-26;320;646;20063;11798;7.2;4.2
12;2021-02-27;190;347;20253;12145;7.3;4.4
12;2021-02-28;13;0;20266;12145;7.3;4.4
12;2021-03-01;51;347;20317;12492;7.3;4.5
12;2021-03-02;190;506;20507;12998;7.4;4.7
12;2021-03-03;244;386;20751;13384;7.5;4.8
12;2021-03-04;278;363;21029;13747;7.6;4.9
12;2021-03-05;421;368;21450;14115;7.7;5.1
12;2021-03-06;793;129;22243;14244;8.0;5.1
12;2021-03-07;140;32;22383;14276;8.0;5.1
12;2021-03-08;234;206;22617;14482;8.1;5.2
12;2021-03-09;716;232;23333;14714;8.4;5.3
12;2021-03-10;784;737;24117;15451;8.7;5.6
12;2021-03-11;919;660;25036;16111;9.0;5.8
12;2021-03-12;1260;525;26296;16636;9.4;6.0
12;2021-03-13;896;140;27192;16776;9.8;6.0
12;2021-03-14;45;2;27237;16778;9.8;6.0
12;2021-03-15;559;155;27796;16933;10.0;6.1
12;2021-03-16;818;162;28614;17095;10.3;6.1
12;2021-03-17;1504;165;30118;17260;10.8;6.2
12;2021-03-18;996;251;31114;17511;11.2;6.3
12;2021-03-19;1383;281;32497;17792;11.7;6.4
12;2021-03-20;724;79;33221;17871;11.9;6.4
12;2021-03-21;264;10;33485;17881;12.0;6.4
12;2021-03-22;606;175;34091;18056;12.2;6.5
12;2021-03-23;1214;175;35305;18231;12.7;6.5
12;2021-03-24;1422;205;36727;18436;13.2;6.6
12;2021-03-25;1846;206;38573;18642;13.9;6.7
12;2021-03-26;1978;227;40551;18869;14.6;6.8
12;2021-03-27;981;67;41532;18936;14.9;6.8
12;2021-03-28;60;1;41592;18937;14.9;6.8
12;2021-03-29;963;84;42555;19021;15.3;6.8
12;2021-03-30;1737;123;44292;19144;15.9;6.9
12;2021-03-31;1461;107;45753;19251;16.4;6.9
12;2021-04-01;1958;162;47711;19413;17.1;7.0
12;2021-04-02;1615;343;49326;19756;17.7;7.1
12;2021-04-03;882;95;50208;19851;18.0;7.1
12;2021-04-04;1;0;50209;19851;18.0;7.1
12;2021-04-05;645;11;50854;19862;18.3;7.1
12;2021-04-06;1154;537;52008;20399;18.7;7.3
12;2021-04-07;1651;639;53659;21038;19.3;7.6
12;2021-04-08;2098;568;55757;21606;20.0;7.8
12;2021-04-09;2112;650;57869;22256;20.8;8.0
12;2021-04-10;1427;219;59296;22475;21.3;8.1
12;2021-04-11;120;1;59416;22476;21.3;8.1
12;2021-04-12;1837;504;61253;22980;22.0;8.3
12;2021-04-13;1907;779;63160;23759;22.7;8.5
12;2021-04-14;1831;1319;64991;25078;23.3;9.0
12;2021-04-15;1938;898;66929;25976;24.0;9.3
12;2021-04-16;1676;1203;68605;27179;24.6;9.8
12;2021-04-17;1554;567;70159;27746;25.2;10.0
12;2021-04-18;0;0;70159;27746;25.2;10.0
12;2021-04-19;1688;549;71847;28295;25.8;10.2
12;2021-04-20;1545;983;73392;29278;26.4;10.5
12;2021-04-21;1693;1183;75085;30461;27.0;10.9
12;2021-04-22;1691;1096;76776;31557;27.6;11.3
12;2021-04-23;1383;1335;78159;32892;28.1;11.8
12;2021-04-24;1451;720;79610;33612;28.6;12.1
12;2021-04-25;60;0;79670;33612;28.6;12.1
12;2021-04-26;1459;897;81129;34509;29.1;12.4
12;2021-04-27;1320;1279;82449;35788;29.6;12.9
12;2021-04-28;1113;1869;83562;37657;30.0;13.5
12;2021-04-29;1571;1911;85133;39568;30.6;14.2
12;2021-04-30;1812;1837;86945;41405;31.2;14.9
12;2021-05-01;1616;260;88561;41665;31.8;15.0
12;2021-05-02;8;0;88569;41665;31.8;15.0
12;2021-05-03;1713;1251;90282;42916;32.4;15.4
12;2021-05-04;1482;1392;91764;44308;33.0;15.9
12;2021-05-05;1293;1673;93057;45981;33.4;16.5
12;2021-05-06;1752;1378;94809;47359;34.1;17.0
12;2021-05-07;1482;1776;96291;49135;34.6;17.7
12;2021-05-08;1330;461;97621;49596;35.1;17.8
12;2021-05-09;13;34;97634;49630;35.1;17.8
12;2021-05-10;828;2215;98462;51845;35.4;18.6
12;2021-05-11;930;1852;99392;53697;35.7;19.3
12;2021-05-12;949;1820;100341;55517;36.0;19.9
12;2021-05-13;1587;810;101928;56327;36.6;20.2
12;2021-05-14;1235;1533;103163;57860;37.1;20.8
12;2021-05-15;1068;1116;104231;58976;37.4;21.2
12;2021-05-16;2;19;104233;58995;37.4;21.2
12;2021-05-17;1082;1810;105315;60805;37.8;21.8
12;2021-05-18;1427;1534;106742;62339;38.3;22.4
12;2021-05-19;1915;1330;108657;63669;39.0;22.9
12;2021-05-20;2119;875;110776;64544;39.8;23.2
12;2021-05-21;1821;1253;112597;65797;40.5;23.6
12;2021-05-22;1206;1015;113803;66812;40.9;24.0
12;2021-05-23;7;12;113810;66824;40.9;24.0
12;2021-05-24;1956;538;115766;67362;41.6;24.2
12;2021-05-25;1744;1160;117510;68522;42.2;24.6
12;2021-05-26;1998;777;119508;69299;42.9;24.9
12;2021-05-27;2164;744;121672;70043;43.7;25.2
12;2021-05-28;1928;1031;123600;71074;44.4;25.5
12;2021-05-29;1637;805;125237;71879;45.0;25.8
12;2021-05-30;9;43;125246;71922;45.0;25.8
12;2021-05-31;1699;817;126945;72739;45.6;26.1
12;2021-06-01;1889;1027;128834;73766;46.3;26.5
12;2021-06-02;1979;1053;130813;74819;47.0;26.9
12;2021-06-03;2121;830;132934;75649;47.8;27.2
12;2021-06-04;1967;1418;134901;77067;48.5;27.7
12;2021-06-05;1739;985;136640;78052;49.1;28.0
12;2021-06-06;5;6;136645;78058;49.1;28.0
12;2021-06-07;1091;1808;137736;79866;49.5;28.7
12;2021-06-08;1333;1201;139069;81067;50.0;29.1
12;2021-06-09;896;1291;139965;82358;50.3;29.6
12;2021-06-10;1022;921;140987;83279;50.6;29.9
12;2021-06-11;1204;2082;142191;85361;51.1;30.7
12;2021-06-12;1033;1321;143224;86682;51.5;31.1
12;2021-06-13;6;47;143230;86729;51.5;31.2
12;2021-06-14;662;1829;143892;88558;51.7;31.8
12;2021-06-15;745;1882;144637;90440;52.0;32.5
12;2021-06-16;821;1818;145458;92258;52.3;33.1
12;2021-06-17;678;995;146136;93253;52.5;33.5
12;2021-06-18;1134;1840;147270;95093;52.9;34.2
12;2021-06-19;914;1406;148184;96499;53.2;34.7
12;2021-06-20;4;10;148188;96509;53.2;34.7
12;2021-06-21;512;1738;148700;98247;53.4;35.3
12;2021-06-22;503;1474;149203;99721;53.6;35.8
12;2021-06-23;578;1306;149781;101027;53.8;36.3
12;2021-06-24;249;545;150030;101572;53.9;36.5
12;2021-06-25;876;1840;150906;103412;54.2;37.2
12;2021-06-26;674;1527;151580;104939;54.5;37.7
12;2021-06-27;1;9;151581;104948;54.5;37.7
12;2021-06-28;468;2452;152049;107400;54.6;38.6
12;2021-06-29;565;1957;152614;109357;54.8;39.3
12;2021-06-30;830;2133;153444;111490;55.1;40.1
12;2021-07-01;343;1086;153787;112576;55.2;40.4
12;2021-07-02;796;2626;154583;115202;55.5;41.4
12;2021-07-03;565;1873;155148;117075;55.7;42.1
12;2021-07-04;1;0;155149;117075;55.7;42.1
12;2021-07-05;440;2407;155589;119482;55.9;42.9
12;2021-07-06;640;2497;156229;121979;56.1;43.8
12;2021-07-07;688;2117;156917;124096;56.4;44.6
12;2021-07-08;294;912;157211;125008;56.5;44.9
12;2021-07-09;724;2589;157935;127597;56.7;45.8
12;2021-07-10;445;2077;158380;129674;56.9;46.6
12;2021-07-11;0;0;158380;129674;56.9;46.6
12;2021-07-12;584;2437;158964;132111;57.1;47.5
12;2021-07-13;842;2590;159806;134701;57.4;48.4
12;2021-07-14;44;25;159850;134726;57.4;48.4
12;2021-07-15;792;2107;160642;136833;57.7;49.2
12;2021-07-16;1248;2555;161890;139388;58.2;50.1
12;2021-07-17;790;2007;162680;141395;58.4;50.8
12;2021-07-18;25;11;162705;141406;58.5;50.8
12;2021-07-19;1319;2004;164024;143410;58.9;51.5
12;2021-07-20;1421;1473;165445;144883;59.4;52.0
12;2021-07-21;1021;940;166466;145823;59.8;52.4
12;2021-07-22;2229;1307;168695;147130;60.6;52.9
12;2021-07-23;1865;2064;170560;149194;61.3;53.6
12;2021-07-24;1604;1564;172164;150758;61.8;54.2
12;2021-07-25;98;28;172262;150786;61.9;54.2
12;2021-07-26;1931;1436;174193;152222;62.6;54.7
12;2021-07-27;2237;1006;176430;153228;63.4;55.0
12;2021-07-28;1716;675;178146;153903;64.0;55.3
12;2021-07-29;1188;807;179334;154710;64.4;55.6
12;2021-07-30;2508;1280;181842;155990;65.3;56.0
12;2021-07-31;1963;1003;183805;156993;66.0;56.4
12;2021-08-01;225;38;184030;157031;66.1;56.4
12;2021-08-02;1812;830;185842;157861;66.8;56.7
12;2021-08-03;1956;772;187798;158633;67.5;57.0
12;2021-08-04;1690;833;189488;159466;68.1;57.3
12;2021-08-05;1635;684;191123;160150;68.7;57.5
12;2021-08-06;1703;1313;192826;161463;69.3;58.0
12;2021-08-07;1446;743;194272;162206;69.8;58.3
12;2021-08-08;0;3;194272;162209;69.8;58.3
12;2021-08-09;1348;1417;195620;163626;70.3;58.8
12;2021-08-10;1340;1255;196960;164881;70.8;59.2
12;2021-08-11;816;1195;197776;166076;71.1;59.7
12;2021-08-12;730;1070;198506;167146;71.3;60.0
12;2021-08-13;1051;1338;199557;168484;71.7;60.5
12;2021-08-14;732;1354;200289;169838;72.0;61.0
12;2021-08-15;254;75;200543;169913;72.0;61.0
12;2021-08-16;667;1815;201210;171728;72.3;61.7
12;2021-08-17;902;1991;202112;173719;72.6;62.4
12;2021-08-18;449;1520;202561;175239;72.8;63.0
12;2021-08-19;636;1115;203197;176354;73.0;63.4
12;2021-08-20;792;1887;203989;178241;73.3;64.0
12;2021-08-21;472;1525;204461;179766;73.5;64.6
12;2021-08-22;93;27;204554;179793;73.5;64.6
12;2021-08-23;452;1920;205006;181713;73.6;65.3
12;2021-08-24;485;1915;205491;183628;73.8;66.0
12;2021-08-25;329;1580;205820;185208;73.9;66.5
12;2021-08-26;481;1609;206301;186817;74.1;67.1
12;2021-08-27;595;1692;206896;188509;74.3;67.7
12;2021-08-28;332;1549;207228;190058;74.4;68.3
12;2021-08-29;175;140;207403;190198;74.5;68.3
12;2021-08-30;560;1910;207963;192108;74.7;69.0
12;2021-08-31;413;1391;208376;193499;74.9;69.5
12;2021-09-01;405;1003;208781;194502;75.0;69.9
13;2020-12-27;4;0;4;0;0.0;0.0
13;2020-12-28;3;0;7;0;0.0;0.0
13;2020-12-29;0;0;7;0;0.0;0.0
13;2020-12-30;2;0;9;0;0.0;0.0
13;2020-12-31;6;0;15;0;0.0;0.0
13;2021-01-01;4;0;19;0;0.0;0.0
13;2021-01-02;4;0;23;0;0.0;0.0
13;2021-01-03;9;0;32;0;0.0;0.0
13;2021-01-04;0;0;32;0;0.0;0.0
13;2021-01-05;78;1;110;1;0.0;0.0
13;2021-01-06;122;0;232;1;0.0;0.0
13;2021-01-07;174;1;406;2;0.0;0.0
13;2021-01-08;188;0;594;2;0.0;0.0
13;2021-01-09;13;0;607;2;0.0;0.0
13;2021-01-10;3;0;610;2;0.0;0.0
13;2021-01-11;480;1;1090;3;0.1;0.0
13;2021-01-12;814;1;1904;4;0.1;0.0
13;2021-01-13;1085;1;2989;5;0.1;0.0
13;2021-01-14;1570;17;4559;22;0.2;0.0
13;2021-01-15;1535;7;6094;29;0.3;0.0
13;2021-01-16;407;2;6501;31;0.3;0.0
13;2021-01-17;44;0;6545;31;0.3;0.0
13;2021-01-18;2383;8;8928;39;0.4;0.0
13;2021-01-19;7408;38;16336;77;0.8;0.0
13;2021-01-20;5562;17;21898;94;1.1;0.0
13;2021-01-21;5362;28;27260;122;1.3;0.0
13;2021-01-22;4000;22;31260;144;1.5;0.0
13;2021-01-23;1349;6;32609;150;1.6;0.0
13;2021-01-24;490;5;33099;155;1.6;0.0
13;2021-01-25;2339;29;35438;184;1.7;0.0
13;2021-01-26;2953;90;38391;274;1.9;0.0
13;2021-01-27;3118;122;41509;396;2.0;0.0
13;2021-01-28;3246;190;44755;586;2.2;0.0
13;2021-01-29;2509;130;47264;716;2.3;0.0
13;2021-01-30;1025;10;48289;726;2.4;0.0
13;2021-01-31;249;0;48538;726;2.4;0.0
13;2021-02-01;1861;290;50399;1016;2.5;0.0
13;2021-02-02;2255;606;52654;1622;2.6;0.1
13;2021-02-03;1864;579;54518;2201;2.7;0.1
13;2021-02-04;1906;923;56424;3124;2.8;0.2
13;2021-02-05;2626;1549;59050;4673;2.9;0.2
13;2021-02-06;851;307;59901;4980;2.9;0.2
13;2021-02-07;277;6;60178;4986;3.0;0.2
13;2021-02-08;1899;1522;62077;6508;3.1;0.3
13;2021-02-09;3314;4409;65391;10917;3.2;0.5
13;2021-02-10;3233;3395;68624;14312;3.4;0.7
13;2021-02-11;3576;3555;72200;17867;3.5;0.9
13;2021-02-12;2837;3124;75037;20991;3.7;1.0
13;2021-02-13;733;587;75770;21578;3.7;1.1
13;2021-02-14;72;378;75842;21956;3.7;1.1
13;2021-02-15;969;2000;76811;23956;3.8;1.2
13;2021-02-16;1392;2603;78203;26559;3.8;1.3
13;2021-02-17;1345;2966;79548;29525;3.9;1.5
13;2021-02-18;1903;2665;81451;32190;4.0;1.6
13;2021-02-19;1515;2160;82966;34350;4.1;1.7
13;2021-02-20;458;774;83424;35124;4.1;1.7
13;2021-02-21;33;280;83457;35404;4.1;1.7
13;2021-02-22;1021;2235;84478;37639;4.2;1.9
13;2021-02-23;1283;2650;85761;40289;4.2;2.0
13;2021-02-24;1518;2602;87279;42891;4.3;2.1
13;2021-02-25;2383;2131;89662;45022;4.4;2.2
13;2021-02-26;2457;2115;92119;47137;4.5;2.3
13;2021-02-27;982;744;93101;47881;4.6;2.4
13;2021-02-28;193;201;93294;48082;4.6;2.4
13;2021-03-01;1923;1514;95217;49596;4.7;2.4
13;2021-03-02;3008;2619;98225;52215;4.8;2.6
13;2021-03-03;3486;2571;101711;54786;5.0;2.7
13;2021-03-04;4206;3135;105917;57921;5.2;2.8
13;2021-03-05;4044;2783;109961;60704;5.4;3.0
13;2021-03-06;5302;834;115263;61538;5.7;3.0
13;2021-03-07;4292;376;119555;61914;5.9;3.0
13;2021-03-08;3927;1999;123482;63913;6.1;3.1
13;2021-03-09;5072;2280;128554;66193;6.3;3.3
13;2021-03-10;5180;1992;133734;68185;6.6;3.4
13;2021-03-11;7308;2142;141042;70327;6.9;3.5
13;2021-03-12;8329;2114;149371;72441;7.3;3.6
13;2021-03-13;6376;733;155747;73174;7.7;3.6
13;2021-03-14;2311;167;158058;73341;7.8;3.6
13;2021-03-15;6356;1315;164414;74656;8.1;3.7
13;2021-03-16;5077;1538;169491;76194;8.3;3.7
13;2021-03-17;5174;1417;174665;77611;8.6;3.8
13;2021-03-18;5818;1882;180483;79493;8.9;3.9
13;2021-03-19;6810;1615;187293;81108;9.2;4.0
13;2021-03-20;4041;704;191334;81812;9.4;4.0
13;2021-03-21;724;85;192058;81897;9.4;4.0
13;2021-03-22;7299;1560;199357;83457;9.8;4.1
13;2021-03-23;9126;1751;208483;85208;10.2;4.2
13;2021-03-24;8858;2189;217341;87397;10.7;4.3
13;2021-03-25;10914;2126;228255;89523;11.2;4.4
13;2021-03-26;10714;1917;238969;91440;11.7;4.5
13;2021-03-27;4866;832;243835;92272;12.0;4.5
13;2021-03-28;1119;81;244954;92353;12.0;4.5
13;2021-03-29;7577;2006;252531;94359;12.4;4.6
13;2021-03-30;12619;2531;265150;96890;13.0;4.8
13;2021-03-31;10817;3166;275967;100056;13.6;4.9
13;2021-04-01;12269;3065;288236;103121;14.2;5.1
13;2021-04-02;9792;3900;298028;107021;14.6;5.3
13;2021-04-03;4009;2807;302037;109828;14.8;5.4
13;2021-04-04;630;305;302667;110133;14.9;5.4
13;2021-04-05;3532;730;306199;110863;15.1;5.4
13;2021-04-06;8518;4256;314717;115119;15.5;5.7
13;2021-04-07;10082;4690;324799;119809;16.0;5.9
13;2021-04-08;10118;5464;334917;125273;16.5;6.2
13;2021-04-09;11272;5118;346189;130391;17.0;6.4
13;2021-04-10;7301;2096;353490;132487;17.4;6.5
13;2021-04-11;1379;533;354869;133020;17.4;6.5
13;2021-04-12;7983;4791;362852;137811;17.8;6.8
13;2021-04-13;9144;5505;371996;143316;18.3;7.0
13;2021-04-14;9534;5824;381530;149140;18.8;7.3
13;2021-04-15;9877;5964;391407;155104;19.2;7.6
13;2021-04-16;9968;5568;401375;160672;19.7;7.9
13;2021-04-17;4081;2022;405456;162694;19.9;8.0
13;2021-04-18;2523;1423;407979;164117;20.1;8.1
13;2021-04-19;6452;6410;414431;170527;20.4;8.4
13;2021-04-20;7406;7599;421837;178126;20.7;8.8
13;2021-04-21;7774;7382;429611;185508;21.1;9.1
13;2021-04-22;8469;7933;438080;193441;21.5;9.5
13;2021-04-23;8387;6812;446467;200253;21.9;9.8
13;2021-04-24;4624;3819;451091;204072;22.2;10.0
13;2021-04-25;875;524;451966;204596;22.2;10.1
13;2021-04-26;6170;7119;458136;211715;22.5;10.4
13;2021-04-27;7263;8034;465399;219749;22.9;10.8
13;2021-04-28;9454;7716;474853;227465;23.3;11.2
13;2021-04-29;11406;7614;486259;235079;23.9;11.6
13;2021-04-30;10924;7385;497183;242464;24.4;11.9
13;2021-05-01;5366;3794;502549;246258;24.7;12.1
13;2021-05-02;2099;749;504648;247007;24.8;12.1
13;2021-05-03;7299;7864;511947;254871;25.2;12.5
13;2021-05-04;8455;8517;520402;263388;25.6;12.9
13;2021-05-05;8230;8972;528632;272360;26.0;13.4
13;2021-05-06;10143;8589;538775;280949;26.5;13.8
13;2021-05-07;8853;10040;547628;290989;26.9;14.3
13;2021-05-08;4572;3932;552200;294921;27.1;14.5
13;2021-05-09;937;686;553137;295607;27.2;14.5
13;2021-05-10;7715;8768;560852;304375;27.6;15.0
13;2021-05-11;10979;9578;571831;313953;28.1;15.4
13;2021-05-12;12842;8730;584673;322683;28.7;15.9
13;2021-05-13;9511;3639;594184;326322;29.2;16.0
13;2021-05-14;13658;6453;607842;332775;29.9;16.4
13;2021-05-15;10200;4534;618042;337309;30.4;16.6
13;2021-05-16;3125;790;621167;338099;30.5;16.6
13;2021-05-17;10846;6816;632013;344915;31.1;17.0
13;2021-05-18;11919;6478;643932;351393;31.7;17.3
13;2021-05-19;12159;6356;656091;357749;32.2;17.6
13;2021-05-20;13451;6465;669542;364214;32.9;17.9
13;2021-05-21;13001;6782;682543;370996;33.5;18.2
13;2021-05-22;7522;3637;690065;374633;33.9;18.4
13;2021-05-23;863;639;690928;375272;34.0;18.4
13;2021-05-24;6769;2474;697697;377746;34.3;18.6
13;2021-05-25;9273;7605;706970;385351;34.7;18.9
13;2021-05-26;10143;7843;717113;393194;35.2;19.3
13;2021-05-27;10351;8432;727464;401626;35.8;19.7
13;2021-05-28;9006;9176;736470;410802;36.2;20.2
13;2021-05-29;7178;4628;743648;415430;36.6;20.4
13;2021-05-30;891;527;744539;415957;36.6;20.4
13;2021-05-31;8194;8034;752733;423991;37.0;20.8
13;2021-06-01;9590;9305;762323;433296;37.5;21.3
13;2021-06-02;10090;8796;772413;442092;38.0;21.7
13;2021-06-03;12298;9493;784711;451585;38.6;22.2
13;2021-06-04;12038;10049;796749;461634;39.2;22.7
13;2021-06-05;7831;5586;804580;467220;39.5;23.0
13;2021-06-06;1671;886;806251;468106;39.6;23.0
13;2021-06-07;6686;9885;812937;477991;40.0;23.5
13;2021-06-08;8316;9992;821253;487983;40.4;24.0
13;2021-06-09;8399;9743;829652;497726;40.8;24.5
13;2021-06-10;8944;9780;838596;507506;41.2;24.9
13;2021-06-11;8235;12714;846831;520220;41.6;25.6
13;2021-06-12;5788;6707;852619;526927;41.9;25.9
13;2021-06-13;953;1215;853572;528142;42.0;26.0
13;2021-06-14;6007;11146;859579;539288;42.3;26.5
13;2021-06-15;7294;11409;866873;550697;42.6;27.1
13;2021-06-16;7345;9880;874218;560577;43.0;27.6
13;2021-06-17;7442;10718;881660;571295;43.3;28.1
13;2021-06-18;7547;11077;889207;582372;43.7;28.6
13;2021-06-19;4617;7501;893824;589873;43.9;29.0
13;2021-06-20;961;1045;894785;590918;44.0;29.0
13;2021-06-21;4469;12268;899254;603186;44.2;29.6
13;2021-06-22;4941;13874;904195;617060;44.4;30.3
13;2021-06-23;5153;13574;909348;630634;44.7;31.0
13;2021-06-24;5339;12855;914687;643489;45.0;31.6
13;2021-06-25;5264;14688;919951;658177;45.2;32.4
13;2021-06-26;3022;9683;922973;667860;45.4;32.8
13;2021-06-27;535;931;923508;668791;45.4;32.9
13;2021-06-28;3734;12560;927242;681351;45.6;33.5
13;2021-06-29;4503;12909;931745;694260;45.8;34.1
13;2021-06-30;4903;12695;936648;706955;46.0;34.7
13;2021-07-01;5590;11497;942238;718452;46.3;35.3
13;2021-07-02;5584;12404;947822;730856;46.6;35.9
13;2021-07-03;3512;9165;951334;740021;46.8;36.4
13;2021-07-04;475;867;951809;740888;46.8;36.4
13;2021-07-05;3876;11781;955685;752669;47.0;37.0
13;2021-07-06;5468;11683;961153;764352;47.2;37.6
13;2021-07-07;5825;10706;966978;775058;47.5;38.1
13;2021-07-08;6230;10324;973208;785382;47.8;38.6
13;2021-07-09;5938;11928;979146;797310;48.1;39.2
13;2021-07-10;3167;8637;982313;805947;48.3;39.6
13;2021-07-11;437;1013;982750;806960;48.3;39.7
13;2021-07-12;4490;10957;987240;817917;48.5;40.2
13;2021-07-13;8971;13178;996211;831095;49.0;40.9
13;2021-07-14;5613;4863;1001824;835958;49.2;41.1
13;2021-07-15;11450;12946;1013274;848904;49.8;41.7
13;2021-07-16;12198;12915;1025472;861819;50.4;42.4
13;2021-07-17;6584;8495;1032056;870314;50.7;42.8
13;2021-07-18;726;1060;1032782;871374;50.8;42.8
13;2021-07-19;9805;11148;1042587;882522;51.2;43.4
13;2021-07-20;12274;11650;1054861;894172;51.8;44.0
13;2021-07-21;12693;10340;1067554;904512;52.5;44.5
13;2021-07-22;14547;10453;1082101;914965;53.2;45.0
13;2021-07-23;14471;10952;1096572;925917;53.9;45.5
13;2021-07-24;8341;7988;1104913;933905;54.3;45.9
13;2021-07-25;1014;785;1105927;934690;54.4;45.9
13;2021-07-26;11656;9106;1117583;943796;54.9;46.4
13;2021-07-27;13609;9401;1131192;953197;55.6;46.9
13;2021-07-28;12336;8172;1143528;961369;56.2;47.3
13;2021-07-29;13838;8155;1157366;969524;56.9;47.7
13;2021-07-30;13727;8652;1171093;978176;57.6;48.1
13;2021-07-31;8693;5851;1179786;984027;58.0;48.4
13;2021-08-01;1104;724;1180890;984751;58.0;48.4
13;2021-08-02;10019;6712;1190909;991463;58.5;48.7
13;2021-08-03;11063;7291;1201972;998754;59.1;49.1
13;2021-08-04;9423;6549;1211395;1005303;59.5;49.4
13;2021-08-05;9428;7546;1220823;1012849;60.0;49.8
13;2021-08-06;9134;9004;1229957;1021853;60.5;50.2
13;2021-08-07;5419;5556;1235376;1027409;60.7;50.5
13;2021-08-08;900;798;1236276;1028207;60.8;50.5
13;2021-08-09;8278;9056;1244554;1037263;61.2;51.0
13;2021-08-10;9007;8881;1253561;1046144;61.6;51.4
13;2021-08-11;7760;8516;1261321;1054660;62.0;51.8
13;2021-08-12;7586;9634;1268907;1064294;62.4;52.3
13;2021-08-13;6825;9173;1275732;1073467;62.7;52.8
13;2021-08-14;3672;6438;1279404;1079905;62.9;53.1
13;2021-08-15;475;732;1279879;1080637;62.9;53.1
13;2021-08-16;6391;11051;1286270;1091688;63.2;53.7
13;2021-08-17;6612;10593;1292882;1102281;63.5;54.2
13;2021-08-18;6280;10154;1299162;1112435;63.9;54.7
13;2021-08-19;6637;10567;1305799;1123002;64.2;55.2
13;2021-08-20;5756;11212;1311555;1134214;64.5;55.7
13;2021-08-21;2595;7552;1314150;1141766;64.6;56.1
13;2021-08-22;367;1088;1314517;1142854;64.6;56.2
13;2021-08-23;4905;11199;1319422;1154053;64.9;56.7
13;2021-08-24;5393;10891;1324815;1164944;65.1;57.3
13;2021-08-25;5147;10064;1329962;1175008;65.4;57.8
13;2021-08-26;5081;9741;1335043;1184749;65.6;58.2
13;2021-08-27;4952;10580;1339995;1195329;65.9;58.8
13;2021-08-28;2314;6433;1342309;1201762;66.0;59.1
13;2021-08-29;327;1133;1342636;1202895;66.0;59.1
13;2021-08-30;4165;9814;1346801;1212709;66.2;59.6
13;2021-08-31;4434;10054;1351235;1222763;66.4;60.1
13;2021-09-01;4105;8519;1355340;1231282;66.6;60.5
14;2020-12-27;0;0;0;0;0.0;0.0
14;2020-12-28;1;1;1;1;0.0;0.0
14;2020-12-29;0;0;1;1;0.0;0.0
14;2020-12-30;0;0;1;1;0.0;0.0
14;2020-12-31;3;0;4;1;0.0;0.0
14;2021-01-01;1;0;5;1;0.0;0.0
14;2021-01-02;1;0;6;1;0.0;0.0
14;2021-01-03;0;0;6;1;0.0;0.0
14;2021-01-04;10;0;16;1;0.0;0.0
14;2021-01-05;24;0;40;1;0.0;0.0
14;2021-01-06;349;0;389;1;0.1;0.0
14;2021-01-07;402;2;791;3;0.1;0.0
14;2021-01-08;631;2;1422;5;0.2;0.0
14;2021-01-09;127;0;1549;5;0.2;0.0
14;2021-01-10;41;0;1590;5;0.2;0.0
14;2021-01-11;673;1;2263;6;0.3;0.0
14;2021-01-12;953;2;3216;8;0.5;0.0
14;2021-01-13;850;1;4066;9;0.6;0.0
14;2021-01-14;2837;17;6903;26;1.0;0.0
14;2021-01-15;1896;20;8799;46;1.3;0.0
14;2021-01-16;271;2;9070;48;1.3;0.0
14;2021-01-17;145;7;9215;55;1.3;0.0
14;2021-01-18;1085;5;10300;60;1.5;0.0
14;2021-01-19;1152;2;11452;62;1.7;0.0
14;2021-01-20;1988;4;13440;66;1.9;0.0
14;2021-01-21;1815;6;15255;72;2.2;0.0
14;2021-01-22;1494;5;16749;77;2.4;0.0
14;2021-01-23;297;1;17046;78;2.5;0.0
14;2021-01-24;72;0;17118;78;2.5;0.0
14;2021-01-25;911;10;18029;88;2.6;0.0
14;2021-01-26;848;36;18877;124;2.7;0.0
14;2021-01-27;882;158;19759;282;2.9;0.0
14;2021-01-28;782;145;20541;427;3.0;0.1
14;2021-01-29;783;226;21324;653;3.1;0.1
14;2021-01-30;270;12;21594;665;3.1;0.1
14;2021-01-31;58;3;21652;668;3.1;0.1
14;2021-02-01;727;225;22379;893;3.2;0.1
14;2021-02-02;828;419;23207;1312;3.4;0.2
14;2021-02-03;761;382;23968;1694;3.5;0.2
14;2021-02-04;1170;2052;25138;3746;3.6;0.5
14;2021-02-05;1294;1304;26432;5050;3.8;0.7
14;2021-02-06;396;232;26828;5282;3.9;0.8
14;2021-02-07;179;70;27007;5352;3.9;0.8
14;2021-02-08;774;789;27781;6141;4.0;0.9
14;2021-02-09;722;988;28503;7129;4.1;1.0
14;2021-02-10;825;1598;29328;8727;4.2;1.3
14;2021-02-11;1351;1423;30679;10150;4.4;1.5
14;2021-02-12;1382;1059;32061;11209;4.6;1.6
14;2021-02-13;308;185;32369;11394;4.7;1.6
14;2021-02-14;84;62;32453;11456;4.7;1.7
14;2021-02-15;441;1038;32894;12494;4.8;1.8
14;2021-02-16;679;941;33573;13435;4.9;1.9
14;2021-02-17;405;947;33978;14382;4.9;2.1
14;2021-02-18;706;859;34684;15241;5.0;2.2
14;2021-02-19;733;766;35417;16007;5.1;2.3
14;2021-02-20;88;263;35505;16270;5.1;2.4
14;2021-02-21;6;87;35511;16357;5.1;2.4
14;2021-02-22;431;1017;35942;17374;5.2;2.5
14;2021-02-23;486;893;36428;18267;5.3;2.6
14;2021-02-24;439;872;36867;19139;5.3;2.8
14;2021-02-25;1223;1165;38090;20304;5.5;2.9
14;2021-02-26;1576;1144;39666;21448;5.7;3.1
14;2021-02-27;507;262;40173;21710;5.8;3.1
14;2021-02-28;27;41;40200;21751;5.8;3.1
14;2021-03-01;522;915;40722;22666;5.9;3.3
14;2021-03-02;966;795;41688;23461;6.0;3.4
14;2021-03-03;1080;831;42768;24292;6.2;3.5
14;2021-03-04;1949;787;44717;25079;6.5;3.6
14;2021-03-05;2432;869;47149;25948;6.8;3.8
14;2021-03-06;3075;207;50224;26155;7.3;3.8
14;2021-03-07;1196;63;51420;26218;7.4;3.8
14;2021-03-08;1249;807;52669;27025;7.6;3.9
14;2021-03-09;1741;694;54410;27719;7.9;4.0
14;2021-03-10;1835;589;56245;28308;8.1;4.1
14;2021-03-11;2757;471;59002;28779;8.5;4.2
14;2021-03-12;4045;573;63047;29352;9.1;4.2
14;2021-03-13;1853;176;64900;29528;9.4;4.3
14;2021-03-14;31;39;64931;29567;9.4;4.3
14;2021-03-15;2005;143;66936;29710;9.7;4.3
14;2021-03-16;1401;276;68337;29986;9.9;4.3
14;2021-03-17;1155;195;69492;30181;10.1;4.4
14;2021-03-18;1480;302;70972;30483;10.3;4.4
14;2021-03-19;2608;268;73580;30751;10.6;4.4
14;2021-03-20;2658;41;76238;30792;11.0;4.5
14;2021-03-21;454;8;76692;30800;11.1;4.5
14;2021-03-22;1872;363;78564;31163;11.4;4.5
14;2021-03-23;2177;322;80741;31485;11.7;4.6
14;2021-03-24;2432;194;83173;31679;12.0;4.6
14;2021-03-25;3292;322;86465;32001;12.5;4.6
14;2021-03-26;4607;478;91072;32479;13.2;4.7
14;2021-03-27;2231;231;93303;32710;13.5;4.7
14;2021-03-28;36;1;93339;32711;13.5;4.7
14;2021-03-29;1614;482;94953;33193;13.7;4.8
14;2021-03-30;2722;516;97675;33709;14.1;4.9
14;2021-03-31;2325;925;100000;34634;14.5;5.0
14;2021-04-01;4174;1683;104174;36317;15.1;5.3
14;2021-04-02;3868;1273;108042;37590;15.6;5.4
14;2021-04-03;1128;1204;109170;38794;15.8;5.6
14;2021-04-04;25;482;109195;39276;15.8;5.7
14;2021-04-05;1219;325;110414;39601;16.0;5.7
14;2021-04-06;2383;999;112797;40600;16.3;5.9
14;2021-04-07;2729;1035;115526;41635;16.7;6.0
14;2021-04-08;4301;1120;119827;42755;17.3;6.2
14;2021-04-09;6030;1188;125857;43943;18.2;6.4
14;2021-04-10;2895;439;128752;44382;18.6;6.4
14;2021-04-11;628;121;129380;44503;18.7;6.4
14;2021-04-12;2915;1587;132295;46090;19.1;6.7
14;2021-04-13;3471;1448;135766;47538;19.6;6.9
14;2021-04-14;3121;1168;138887;48706;20.1;7.0
14;2021-04-15;4400;1510;143287;50216;20.7;7.3
14;2021-04-16;4600;1565;147887;51781;21.4;7.5
14;2021-04-17;2312;1666;150199;53447;21.7;7.7
14;2021-04-18;539;327;150738;53774;21.8;7.8
14;2021-04-19;2759;1706;153497;55480;22.2;8.0
14;2021-04-20;3390;1834;156887;57314;22.7;8.3
14;2021-04-21;3015;1473;159902;58787;23.1;8.5
14;2021-04-22;4227;2089;164129;60876;23.7;8.8
14;2021-04-23;4648;2304;168777;63180;24.4;9.1
14;2021-04-24;1852;1756;170629;64936;24.7;9.4
14;2021-04-25;456;28;171085;64964;24.7;9.4
14;2021-04-26;3378;1571;174463;66535;25.2;9.6
14;2021-04-27;3504;2575;177967;69110;25.7;10.0
14;2021-04-28;3245;1898;181212;71008;26.2;10.3
14;2021-04-29;4545;2311;185757;73319;26.9;10.6
14;2021-04-30;5125;2643;190882;75962;27.6;11.0
14;2021-05-01;3554;197;194436;76159;28.1;11.0
14;2021-05-02;1237;55;195673;76214;28.3;11.0
14;2021-05-03;2483;2770;198156;78984;28.7;11.4
14;2021-05-04;3127;2910;201283;81894;29.1;11.8
14;2021-05-05;3687;2758;204970;84652;29.6;12.2
14;2021-05-06;4930;3487;209900;88139;30.4;12.7
14;2021-05-07;4868;3853;214768;91992;31.1;13.3
14;2021-05-08;2728;1263;217496;93255;31.5;13.5
14;2021-05-09;1915;670;219411;93925;31.7;13.6
14;2021-05-10;3635;3151;223046;97076;32.3;14.0
14;2021-05-11;4346;3611;227392;100687;32.9;14.6
14;2021-05-12;4051;3218;231443;103905;33.5;15.0
14;2021-05-13;4690;1130;236133;105035;34.2;15.2
14;2021-05-14;6675;2630;242808;107665;35.1;15.6
14;2021-05-15;5150;778;247958;108443;35.9;15.7
14;2021-05-16;2319;120;250277;108563;36.2;15.7
14;2021-05-17;2820;2261;253097;110824;36.6;16.0
14;2021-05-18;4089;2243;257186;113067;37.2;16.4
14;2021-05-19;3752;2021;260938;115088;37.7;16.6
14;2021-05-20;4482;2768;265420;117856;38.4;17.0
14;2021-05-21;4276;3527;269696;121383;39.0;17.6
14;2021-05-22;1670;865;271366;122248;39.2;17.7
14;2021-05-23;649;71;272015;122319;39.3;17.7
14;2021-05-24;2845;750;274860;123069;39.8;17.8
14;2021-05-25;3636;3387;278496;126456;40.3;18.3
14;2021-05-26;3435;2408;281931;128864;40.8;18.6
14;2021-05-27;4771;3240;286702;132104;41.5;19.1
14;2021-05-28;5093;3887;291795;135991;42.2;19.7
14;2021-05-29;2341;2457;294136;138448;42.5;20.0
14;2021-05-30;760;238;294896;138686;42.6;20.1
14;2021-05-31;4092;2965;298988;141651;43.2;20.5
14;2021-06-01;5741;3219;304729;144870;44.1;21.0
14;2021-06-02;5028;2858;309757;147728;44.8;21.4
14;2021-06-03;6661;4020;316418;151748;45.8;21.9
14;2021-06-04;6446;5137;322864;156885;46.7;22.7
14;2021-06-05;4360;1866;327224;158751;47.3;23.0
14;2021-06-06;2045;83;329269;158834;47.6;23.0
14;2021-06-07;4251;3451;333520;162285;48.2;23.5
14;2021-06-08;5238;3134;338758;165419;49.0;23.9
14;2021-06-09;4273;2965;343031;168384;49.6;24.4
14;2021-06-10;5082;2974;348113;171358;50.3;24.8
14;2021-06-11;4843;4888;352956;176246;51.0;25.5
14;2021-06-12;3680;4519;356636;180765;51.6;26.1
14;2021-06-13;849;1090;357485;181855;51.7;26.3
14;2021-06-14;2186;3793;359671;185648;52.0;26.8
14;2021-06-15;3316;3972;362987;189620;52.5;27.4
14;2021-06-16;3449;4554;366436;194174;53.0;28.1
14;2021-06-17;4234;5270;370670;199444;53.6;28.8
14;2021-06-18;3734;6121;374404;205565;54.1;29.7
14;2021-06-19;2591;2952;376995;208517;54.5;30.2
14;2021-06-20;580;1556;377575;210073;54.6;30.4
14;2021-06-21;2123;4360;379698;214433;54.9;31.0
14;2021-06-22;2583;5178;382281;219611;55.3;31.8
14;2021-06-23;2502;4348;384783;223959;55.6;32.4
14;2021-06-24;3450;5810;388233;229769;56.1;33.2
14;2021-06-25;2750;7276;390983;237045;56.5;34.3
14;2021-06-26;2176;4540;393159;241585;56.9;34.9
14;2021-06-27;440;1828;393599;243413;56.9;35.2
14;2021-06-28;1311;3968;394910;247381;57.1;35.8
14;2021-06-29;1791;5365;396701;252746;57.4;36.6
14;2021-06-30;2023;4619;398724;257365;57.7;37.2
14;2021-07-01;2932;5066;401656;262431;58.1;38.0
14;2021-07-02;2600;6668;404256;269099;58.5;38.9
14;2021-07-03;1429;2646;405685;271745;58.7;39.3
14;2021-07-04;422;713;406107;272458;58.7;39.4
14;2021-07-05;1191;4780;407298;277238;58.9;40.1
14;2021-07-06;2093;6003;409391;283241;59.2;41.0
14;2021-07-07;2259;4576;411650;287817;59.5;41.6
14;2021-07-08;2911;5526;414561;293343;60.0;42.4
14;2021-07-09;2770;6434;417331;299777;60.4;43.4
14;2021-07-10;2041;3202;419372;302979;60.7;43.8
14;2021-07-11;900;872;420272;303851;60.8;43.9
14;2021-07-12;1634;5902;421906;309753;61.0;44.8
14;2021-07-13;3084;7344;424990;317097;61.5;45.9
14;2021-07-14;2259;3062;427249;320159;61.8;46.3
14;2021-07-15;4171;7657;431420;327816;62.4;47.4
14;2021-07-16;4709;7690;436129;335506;63.1;48.5
14;2021-07-17;2116;4211;438245;339717;63.4;49.1
14;2021-07-18;821;1869;439066;341586;63.5;49.4
14;2021-07-19;2599;6126;441665;347712;63.9;50.3
14;2021-07-20;3246;7256;444911;354968;64.3;51.3
14;2021-07-21;4103;5843;449014;360811;64.9;52.2
14;2021-07-22;4854;6607;453868;367418;65.6;53.1
14;2021-07-23;5383;6765;459251;374183;66.4;54.1
14;2021-07-24;3083;3796;462334;377979;66.9;54.7
14;2021-07-25;1505;1247;463839;379226;67.1;54.8
14;2021-07-26;4683;4188;468522;383414;67.8;55.5
14;2021-07-27;5402;4367;473924;387781;68.5;56.1
14;2021-07-28;5112;3970;479036;391751;69.3;56.7
14;2021-07-29;6443;4883;485479;396634;70.2;57.4
14;2021-07-30;5841;5168;491320;401802;71.1;58.1
14;2021-07-31;2771;2510;494091;404312;71.5;58.5
14;2021-08-01;1894;933;495985;405245;71.7;58.6
14;2021-08-02;3947;4290;499932;409535;72.3;59.2
14;2021-08-03;4474;4171;504406;413706;72.9;59.8
14;2021-08-04;4553;3539;508959;417245;73.6;60.3
14;2021-08-05;4648;4032;513607;421277;74.3;60.9
14;2021-08-06;4427;4807;518034;426084;74.9;61.6
14;2021-08-07;2130;2298;520164;428382;75.2;62.0
14;2021-08-08;636;854;520800;429236;75.3;62.1
14;2021-08-09;2125;2880;522925;432116;75.6;62.5
14;2021-08-10;3655;4175;526580;436291;76.2;63.1
14;2021-08-11;3068;3464;529648;439755;76.6;63.6
14;2021-08-12;3470;4349;533118;444104;77.1;64.2
14;2021-08-13;2624;4142;535742;448246;77.5;64.8
14;2021-08-14;1410;2005;537152;450251;77.7;65.1
14;2021-08-15;391;1485;537543;451736;77.7;65.3
14;2021-08-16;1823;2779;539366;454515;78.0;65.7
14;2021-08-17;2259;4564;541625;459079;78.3;66.4
14;2021-08-18;2058;4524;543683;463603;78.6;67.0
14;2021-08-19;2324;5083;546007;468686;79.0;67.8
14;2021-08-20;2182;5405;548189;474091;79.3;68.6
14;2021-08-21;1011;2832;549200;476923;79.4;69.0
14;2021-08-22;170;1564;549370;478487;79.5;69.2
14;2021-08-23;1259;4167;550629;482654;79.6;69.8
14;2021-08-24;1325;4303;551954;486957;79.8;70.4
14;2021-08-25;1390;4396;553344;491353;80.0;71.1
14;2021-08-26;1420;5078;554764;496431;80.2;71.8
14;2021-08-27;1465;5286;556229;501717;80.4;72.6
14;2021-08-28;727;2999;556956;504716;80.5;73.0
14;2021-08-29;183;1013;557139;505729;80.6;73.1
14;2021-08-30;1008;3629;558147;509358;80.7;73.7
14;2021-08-31;1312;4790;559459;514148;80.9;74.4
14;2021-09-01;1053;3899;560512;518047;81.1;74.9
15;2020-12-27;2;0;2;0;0.0;0.0
15;2020-12-28;0;0;2;0;0.0;0.0
15;2020-12-29;0;0;2;0;0.0;0.0
15;2020-12-30;0;0;2;0;0.0;0.0
15;2020-12-31;0;0;2;0;0.0;0.0
15;2021-01-01;1;0;3;0;0.0;0.0
15;2021-01-02;0;0;3;0;0.0;0.0
15;2021-01-03;0;0;3;0;0.0;0.0
15;2021-01-04;0;0;3;0;0.0;0.0
15;2021-01-05;0;0;3;0;0.0;0.0
15;2021-01-06;0;0;3;0;0.0;0.0
15;2021-01-07;72;0;75;0;0.1;0.0
15;2021-01-08;110;0;185;0;0.1;0.0
15;2021-01-09;0;0;185;0;0.1;0.0
15;2021-01-10;2;0;187;0;0.1;0.0
15;2021-01-11;99;0;286;0;0.2;0.0
15;2021-01-12;94;0;380;0;0.3;0.0
15;2021-01-13;230;0;610;0;0.4;0.0
15;2021-01-14;313;1;923;1;0.6;0.0
15;2021-01-15;138;0;1061;1;0.7;0.0
15;2021-01-16;90;0;1151;1;0.8;0.0
15;2021-01-17;0;0;1151;1;0.8;0.0
15;2021-01-18;404;2;1555;3;1.1;0.0
15;2021-01-19;550;0;2105;3;1.5;0.0
15;2021-01-20;627;1;2732;4;1.9;0.0
15;2021-01-21;577;4;3309;8;2.3;0.0
15;2021-01-22;503;2;3812;10;2.7;0.0
15;2021-01-23;432;1;4244;11;3.0;0.0
15;2021-01-24;6;0;4250;11;3.0;0.0
15;2021-01-25;400;0;4650;11;3.3;0.0
15;2021-01-26;437;0;5087;11;3.6;0.0
15;2021-01-27;735;7;5822;18;4.1;0.0
15;2021-01-28;624;53;6446;71;4.5;0.0
15;2021-01-29;336;82;6782;153;4.7;0.1
15;2021-01-30;218;3;7000;156;4.9;0.1
15;2021-01-31;1;1;7001;157;4.9;0.1
15;2021-02-01;239;88;7240;245;5.1;0.2
15;2021-02-02;188;89;7428;334;5.2;0.2
15;2021-02-03;267;158;7695;492;5.4;0.3
15;2021-02-04;663;204;8358;696;5.9;0.5
15;2021-02-05;296;254;8654;950;6.1;0.7
15;2021-02-06;98;76;8752;1026;6.1;0.7
15;2021-02-07;0;0;8752;1026;6.1;0.7
15;2021-02-08;233;107;8985;1133;6.3;0.8
15;2021-02-09;205;119;9190;1252;6.4;0.9
15;2021-02-10;338;299;9528;1551;6.7;1.1
15;2021-02-11;117;239;9645;1790;6.8;1.3
15;2021-02-12;136;159;9781;1949;6.8;1.4
15;2021-02-13;92;78;9873;2027;6.9;1.4
15;2021-02-14;0;0;9873;2027;6.9;1.4
15;2021-02-15;63;211;9936;2238;7.0;1.6
15;2021-02-16;52;293;9988;2531;7.0;1.8
15;2021-02-17;134;470;10122;3001;7.1;2.1
15;2021-02-18;87;755;10209;3756;7.1;2.6
15;2021-02-19;90;424;10299;4180;7.2;2.9
15;2021-02-20;20;255;10319;4435;7.2;3.1
15;2021-02-21;0;0;10319;4435;7.2;3.1
15;2021-02-22;23;493;10342;4928;7.2;3.5
15;2021-02-23;180;452;10522;5380;7.4;3.8
15;2021-02-24;31;454;10553;5834;7.4;4.1
15;2021-02-25;228;1000;10781;6834;7.5;4.8
15;2021-02-26;186;475;10967;7309;7.7;5.1
15;2021-02-27;145;88;11112;7397;7.8;5.2
15;2021-02-28;1;0;11113;7397;7.8;5.2
15;2021-03-01;121;222;11234;7619;7.9;5.3
15;2021-03-02;250;306;11484;7925;8.0;5.5
15;2021-03-03;207;29;11691;7954;8.2;5.6
15;2021-03-04;246;248;11937;8202;8.4;5.7
15;2021-03-05;348;175;12285;8377;8.6;5.9
15;2021-03-06;680;11;12965;8388;9.1;5.9
15;2021-03-07;81;2;13046;8390;9.1;5.9
15;2021-03-08;93;105;13139;8495;9.2;5.9
15;2021-03-09;281;293;13420;8788;9.4;6.2
15;2021-03-10;417;180;13837;8968;9.7;6.3
15;2021-03-11;434;296;14271;9264;10.0;6.5
15;2021-03-12;525;96;14796;9360;10.4;6.6
15;2021-03-13;355;7;15151;9367;10.6;6.6
15;2021-03-14;18;0;15169;9367;10.6;6.6
15;2021-03-15;542;64;15711;9431;11.0;6.6
15;2021-03-16;328;21;16039;9452;11.2;6.6
15;2021-03-17;130;53;16169;9505;11.3;6.7
15;2021-03-18;250;96;16419;9601;11.5;6.7
15;2021-03-19;669;32;17088;9633;12.0;6.7
15;2021-03-20;148;36;17236;9669;12.1;6.8
15;2021-03-21;6;0;17242;9669;12.1;6.8
15;2021-03-22;575;79;17817;9748;12.5;6.8
15;2021-03-23;776;98;18593;9846;13.0;6.9
15;2021-03-24;937;35;19530;9881;13.7;6.9
15;2021-03-25;1282;33;20812;9914;14.6;6.9
15;2021-03-26;1009;61;21821;9975;15.3;7.0
15;2021-03-27;301;6;22122;9981;15.5;7.0
15;2021-03-28;20;0;22142;9981;15.5;7.0
15;2021-03-29;781;18;22923;9999;16.1;7.0
15;2021-03-30;1134;202;24057;10201;16.8;7.1
15;2021-03-31;941;23;24998;10224;17.5;7.2
15;2021-04-01;1233;60;26231;10284;18.4;7.2
15;2021-04-02;1142;61;27373;10345;19.2;7.2
15;2021-04-03;120;18;27493;10363;19.3;7.3
15;2021-04-04;0;0;27493;10363;19.3;7.3
15;2021-04-05;33;3;27526;10366;19.3;7.3
15;2021-04-06;834;87;28360;10453;19.9;7.3
15;2021-04-07;663;106;29023;10559;20.3;7.4
15;2021-04-08;1247;149;30270;10708;21.2;7.5
15;2021-04-09;1277;103;31547;10811;22.1;7.6
15;2021-04-10;364;20;31911;10831;22.3;7.6
15;2021-04-11;14;0;31925;10831;22.4;7.6
15;2021-04-12;644;458;32569;11289;22.8;7.9
15;2021-04-13;1124;323;33693;11612;23.6;8.1
15;2021-04-14;1039;199;34732;11811;24.3;8.3
15;2021-04-15;1183;310;35915;12121;25.1;8.5
15;2021-04-16;1038;555;36953;12676;25.9;8.9
15;2021-04-17;445;14;37398;12690;26.2;8.9
15;2021-04-18;0;10;37398;12700;26.2;8.9
15;2021-04-19;539;514;37937;13214;26.6;9.3
15;2021-04-20;846;615;38783;13829;27.2;9.7
15;2021-04-21;594;651;39377;14480;27.6;10.1
15;2021-04-22;728;776;40105;15256;28.1;10.7
15;2021-04-23;731;681;40836;15937;28.6;11.2
15;2021-04-24;363;123;41199;16060;28.8;11.2
15;2021-04-25;1;3;41200;16063;28.8;11.2
15;2021-04-26;325;632;41525;16695;29.1;11.7
15;2021-04-27;469;941;41994;17636;29.4;12.3
15;2021-04-28;383;788;42377;18424;29.7;12.9
15;2021-04-29;587;1012;42964;19436;30.1;13.6
15;2021-04-30;547;1077;43511;20513;30.5;14.4
15;2021-05-01;283;30;43794;20543;30.7;14.4
15;2021-05-02;0;0;43794;20543;30.7;14.4
15;2021-05-03;881;331;44675;20874;31.3;14.6
15;2021-05-04;802;856;45477;21730;31.8;15.2
15;2021-05-05;676;680;46153;22410;32.3;15.7
15;2021-05-06;826;967;46979;23377;32.9;16.4
15;2021-05-07;1154;906;48133;24283;33.7;17.0
15;2021-05-08;491;55;48624;24338;34.0;17.0
15;2021-05-09;24;9;48648;24347;34.1;17.0
15;2021-05-10;705;914;49353;25261;34.6;17.7
15;2021-05-11;1186;1185;50539;26446;35.4;18.5
15;2021-05-12;1147;837;51686;27283;36.2;19.1
15;2021-05-13;1165;440;52851;27723;37.0;19.4
15;2021-05-14;1504;583;54355;28306;38.1;19.8
15;2021-05-15;1410;418;55765;28724;39.0;20.1
15;2021-05-16;1;10;55766;28734;39.0;20.1
15;2021-05-17;999;606;56765;29340;39.7;20.5
15;2021-05-18;1222;971;57987;30311;40.6;21.2
15;2021-05-19;1020;460;59007;30771;41.3;21.5
15;2021-05-20;1240;781;60247;31552;42.2;22.1
15;2021-05-21;1349;749;61596;32301;43.1;22.6
15;2021-05-22;527;188;62123;32489;43.5;22.7
15;2021-05-23;2;11;62125;32500;43.5;22.8
15;2021-05-24;693;257;62818;32757;44.0;22.9
15;2021-05-25;1151;620;63969;33377;44.8;23.4
15;2021-05-26;1095;459;65064;33836;45.6;23.7
15;2021-05-27;1270;660;66334;34496;46.4;24.2
15;2021-05-28;1509;886;67843;35382;47.5;24.8
15;2021-05-29;984;361;68827;35743;48.2;25.0
15;2021-05-30;14;25;68841;35768;48.2;25.0
15;2021-05-31;1201;480;70042;36248;49.0;25.4
15;2021-06-01;1400;571;71442;36819;50.0;25.8
15;2021-06-02;865;419;72307;37238;50.6;26.1
15;2021-06-03;932;708;73239;37946;51.3;26.6
15;2021-06-04;1076;719;74315;38665;52.0;27.1
15;2021-06-05;651;264;74966;38929;52.5;27.3
15;2021-06-06;16;20;74982;38949;52.5;27.3
15;2021-06-07;797;350;75779;39299;53.1;27.5
15;2021-06-08;477;396;76256;39695;53.4;27.8
15;2021-06-09;377;377;76633;40072;53.7;28.1
15;2021-06-10;275;423;76908;40495;53.9;28.4
15;2021-06-11;661;1100;77569;41595;54.3;29.1
15;2021-06-12;377;467;77946;42062;54.6;29.5
15;2021-06-13;11;6;77957;42068;54.6;29.5
15;2021-06-14;542;977;78499;43045;55.0;30.1
15;2021-06-15;450;1164;78949;44209;55.3;31.0
15;2021-06-16;543;899;79492;45108;55.7;31.6
15;2021-06-17;290;935;79782;46043;55.9;32.2
15;2021-06-18;741;1205;80523;47248;56.4;33.1
15;2021-06-19;543;705;81066;47953;56.8;33.6
15;2021-06-20;11;1;81077;47954;56.8;33.6
15;2021-06-21;280;1040;81357;48994;57.0;34.3
15;2021-06-22;232;1479;81589;50473;57.1;35.3
15;2021-06-23;346;1445;81935;51918;57.4;36.4
15;2021-06-24;292;1093;82227;53011;57.6;37.1
15;2021-06-25;379;1642;82606;54653;57.8;38.3
15;2021-06-26;165;908;82771;55561;58.0;38.9
15;2021-06-27;0;0;82771;55561;58.0;38.9
15;2021-06-28;176;1227;82947;56788;58.1;39.8
15;2021-06-29;303;1265;83250;58053;58.3;40.7
15;2021-06-30;268;982;83518;59035;58.5;41.3
15;2021-07-01;381;1220;83899;60255;58.7;42.2
15;2021-07-02;410;1348;84309;61603;59.0;43.1
15;2021-07-03;251;707;84560;62310;59.2;43.6
15;2021-07-04;1;1;84561;62311;59.2;43.6
15;2021-07-05;248;1257;84809;63568;59.4;44.5
15;2021-07-06;274;1468;85083;65036;59.6;45.5
15;2021-07-07;256;1345;85339;66381;59.8;46.5
15;2021-07-08;489;1353;85828;67734;60.1;47.4
15;2021-07-09;488;1785;86316;69519;60.4;48.7
15;2021-07-10;215;865;86531;70384;60.6;49.3
15;2021-07-11;9;5;86540;70389;60.6;49.3
15;2021-07-12;277;1484;86817;71873;60.8;50.3
15;2021-07-13;587;1767;87404;73640;61.2;51.6
15;2021-07-14;15;130;87419;73770;61.2;51.7
15;2021-07-15;1132;729;88551;74499;62.0;52.2
15;2021-07-16;1139;1337;89690;75836;62.8;53.1
15;2021-07-17;820;953;90510;76789;63.4;53.8
15;2021-07-18;0;3;90510;76792;63.4;53.8
15;2021-07-19;1075;1270;91585;78062;64.1;54.7
15;2021-07-20;1614;569;93199;78631;65.3;55.1
15;2021-07-21;1189;603;94388;79234;66.1;55.5
15;2021-07-22;894;513;95282;79747;66.7;55.8
15;2021-07-23;1339;1064;96621;80811;67.7;56.6
15;2021-07-24;628;770;97249;81581;68.1;57.1
15;2021-07-25;1;24;97250;81605;68.1;57.1
15;2021-07-26;1248;596;98498;82201;69.0;57.6
15;2021-07-27;1692;573;100190;82774;70.2;58.0
15;2021-07-28;1239;584;101429;83358;71.0;58.4
15;2021-07-29;837;401;102266;83759;71.6;58.7
15;2021-07-30;1008;1132;103274;84891;72.3;59.4
15;2021-07-31;604;637;103878;85528;72.7;59.9
15;2021-08-01;21;12;103899;85540;72.8;59.9
15;2021-08-02;1142;542;105041;86082;73.6;60.3
15;2021-08-03;1163;383;106204;86465;74.4;60.5
15;2021-08-04;789;409;106993;86874;74.9;60.8
15;2021-08-05;383;284;107376;87158;75.2;61.0
15;2021-08-06;789;1240;108165;88398;75.7;61.9
15;2021-08-07;264;1163;108429;89561;75.9;62.7
15;2021-08-08;3;6;108432;89567;75.9;62.7
15;2021-08-09;512;1165;108944;90732;76.3;63.5
15;2021-08-10;432;726;109376;91458;76.6;64.0
15;2021-08-11;411;1007;109787;92465;76.9;64.7
15;2021-08-12;522;1185;110309;93650;77.2;65.6
15;2021-08-13;680;1139;110989;94789;77.7;66.4
15;2021-08-14;179;552;111168;95341;77.8;66.8
15;2021-08-15;17;9;111185;95350;77.9;66.8
15;2021-08-16;387;1134;111572;96484;78.1;67.6
15;2021-08-17;398;1141;111970;97625;78.4;68.4
15;2021-08-18;368;802;112338;98427;78.7;68.9
15;2021-08-19;298;879;112636;99306;78.9;69.5
15;2021-08-20;601;1213;113237;100519;79.3;70.4
15;2021-08-21;217;866;113454;101385;79.4;71.0
15;2021-08-22;12;26;113466;101411;79.5;71.0
15;2021-08-23;227;611;113693;102022;79.6;71.4
15;2021-08-24;245;589;113938;102611;79.8;71.9
15;2021-08-25;150;493;114088;103104;79.9;72.2
15;2021-08-26;136;363;114224;103467;80.0;72.5
15;2021-08-27;365;1337;114589;104804;80.2;73.4
15;2021-08-28;213;857;114802;105661;80.4;74.0
15;2021-08-29;7;13;114809;105674;80.4;74.0
15;2021-08-30;223;1061;115032;106735;80.5;74.7
15;2021-08-31;401;663;115433;107398;80.8;75.2
15;2021-09-01;181;444;115614;107842;81.0;75.5
16;2020-12-27;0;0;0;0;0.0;0.0
16;2020-12-28;2;0;2;0;0.0;0.0
16;2020-12-29;0;0;2;0;0.0;0.0
16;2020-12-30;0;0;2;0;0.0;0.0
16;2020-12-31;0;0;2;0;0.0;0.0
16;2021-01-01;0;0;2;0;0.0;0.0
16;2021-01-02;0;0;2;0;0.0;0.0
16;2021-01-03;0;0;2;0;0.0;0.0
16;2021-01-04;1;0;3;0;0.0;0.0
16;2021-01-05;1;0;4;0;0.0;0.0
16;2021-01-06;88;0;92;0;0.0;0.0
16;2021-01-07;239;0;331;0;0.1;0.0
16;2021-01-08;465;2;796;2;0.2;0.0
16;2021-01-09;1;0;797;2;0.2;0.0
16;2021-01-10;1;0;798;2;0.2;0.0
16;2021-01-11;304;0;1102;2;0.3;0.0
16;2021-01-12;437;1;1539;3;0.4;0.0
16;2021-01-13;480;0;2019;3;0.6;0.0
16;2021-01-14;600;7;2619;10;0.8;0.0
16;2021-01-15;504;3;3123;13;0.9;0.0
16;2021-01-16;0;0;3123;13;0.9;0.0
16;2021-01-17;0;0;3123;13;0.9;0.0
16;2021-01-18;430;5;3553;18;1.0;0.0
16;2021-01-19;833;2;4386;20;1.3;0.0
16;2021-01-20;1185;2;5571;22;1.6;0.0
16;2021-01-21;1367;3;6938;25;2.0;0.0
16;2021-01-22;1114;0;8052;25;2.3;0.0
16;2021-01-23;183;0;8235;25;2.4;0.0
16;2021-01-24;0;0;8235;25;2.4;0.0
16;2021-01-25;641;2;8876;27;2.5;0.0
16;2021-01-26;1026;1;9902;28;2.8;0.0
16;2021-01-27;1406;105;11308;133;3.2;0.0
16;2021-01-28;1261;59;12569;192;3.6;0.1
16;2021-01-29;742;139;13311;331;3.8;0.1
16;2021-01-30;36;0;13347;331;3.8;0.1
16;2021-01-31;0;0;13347;331;3.8;0.1
16;2021-02-01;394;202;13741;533;3.9;0.2
16;2021-02-02;576;173;14317;706;4.1;0.2
16;2021-02-03;621;350;14938;1056;4.3;0.3
16;2021-02-04;464;267;15402;1323;4.4;0.4
16;2021-02-05;505;273;15907;1596;4.6;0.5
16;2021-02-06;3;80;15910;1676;4.6;0.5
16;2021-02-07;41;3;15951;1679;4.6;0.5
16;2021-02-08;356;211;16307;1890;4.7;0.5
16;2021-02-09;649;290;16956;2180;4.9;0.6
16;2021-02-10;693;678;17649;2858;5.1;0.8
16;2021-02-11;800;597;18449;3455;5.3;1.0
16;2021-02-12;623;830;19072;4285;5.5;1.2
16;2021-02-13;43;78;19115;4363;5.5;1.3
16;2021-02-14;2;7;19117;4370;5.5;1.3
16;2021-02-15;216;647;19333;5017;5.6;1.4
16;2021-02-16;374;922;19707;5939;5.7;1.7
16;2021-02-17;347;1274;20054;7213;5.8;2.1
16;2021-02-18;511;1231;20565;8444;5.9;2.4
16;2021-02-19;389;772;20954;9216;6.0;2.6
16;2021-02-20;2;8;20956;9224;6.0;2.6
16;2021-02-21;2;0;20958;9224;6.0;2.6
16;2021-02-22;136;523;21094;9747;6.1;2.8
16;2021-02-23;205;896;21299;10643;6.1;3.1
16;2021-02-24;274;883;21573;11526;6.2;3.3
16;2021-02-25;395;674;21968;12200;6.3;3.5
16;2021-02-26;479;495;22447;12695;6.4;3.6
16;2021-02-27;249;1;22696;12696;6.5;3.6
16;2021-02-28;5;5;22701;12701;6.5;3.6
16;2021-03-01;152;323;22853;13024;6.6;3.7
16;2021-03-02;272;666;23125;13690;6.6;3.9
16;2021-03-03;391;716;23516;14406;6.8;4.1
16;2021-03-04;805;567;24321;14973;7.0;4.3
16;2021-03-05;1142;541;25463;15514;7.3;4.5
16;2021-03-06;751;13;26214;15527;7.5;4.5
16;2021-03-07;94;18;26308;15545;7.6;4.5
16;2021-03-08;436;318;26744;15863;7.7;4.6
16;2021-03-09;774;697;27518;16560;7.9;4.8
16;2021-03-10;606;663;28124;17223;8.1;4.9
16;2021-03-11;1445;531;29569;17754;8.5;5.1
16;2021-03-12;1164;460;30733;18214;8.8;5.2
16;2021-03-13;765;14;31498;18228;9.0;5.2
16;2021-03-14;1;0;31499;18228;9.0;5.2
16;2021-03-15;462;184;31961;18412;9.2;5.3
16;2021-03-16;860;421;32821;18833;9.4;5.4
16;2021-03-17;590;284;33411;19117;9.6;5.5
16;2021-03-18;1033;282;34444;19399;9.9;5.6
16;2021-03-19;1101;248;35545;19647;10.2;5.6
16;2021-03-20;396;5;35941;19652;10.3;5.6
16;2021-03-21;9;0;35950;19652;10.3;5.6
16;2021-03-22;727;100;36677;19752;10.5;5.7
16;2021-03-23;1464;104;38141;19856;11.0;5.7
16;2021-03-24;1119;185;39260;20041;11.3;5.8
16;2021-03-25;2046;89;41306;20130;11.9;5.8
16;2021-03-26;1916;99;43222;20229;12.4;5.8
16;2021-03-27;433;22;43655;20251;12.5;5.8
16;2021-03-28;0;0;43655;20251;12.5;5.8
16;2021-03-29;925;60;44580;20311;12.8;5.8
16;2021-03-30;1883;180;46463;20491;13.3;5.9
16;2021-03-31;1514;134;47977;20625;13.8;5.9
16;2021-04-01;2009;400;49986;21025;14.4;6.0
16;2021-04-02;1442;380;51428;21405;14.8;6.1
16;2021-04-03;288;5;51716;21410;14.9;6.1
16;2021-04-04;1;0;51717;21410;14.9;6.1
16;2021-04-05;2;0;51719;21410;14.9;6.1
16;2021-04-06;2013;545;53732;21955;15.4;6.3
16;2021-04-07;1954;405;55686;22360;16.0;6.4
16;2021-04-08;2823;587;58509;22947;16.8;6.6
16;2021-04-09;2695;555;61204;23502;17.6;6.7
16;2021-04-10;1291;37;62495;23539;17.9;6.8
16;2021-04-11;2;0;62497;23539;17.9;6.8
16;2021-04-12;1431;316;63928;23855;18.4;6.9
16;2021-04-13;2124;840;66052;24695;19.0;7.1
16;2021-04-14;1951;633;68003;25328;19.5;7.3
16;2021-04-15;2102;984;70105;26312;20.1;7.6
16;2021-04-16;2045;788;72150;27100;20.7;7.8
16;2021-04-17;1507;91;73657;27191;21.2;7.8
16;2021-04-18;197;3;73854;27194;21.2;7.8
16;2021-04-19;1440;524;75294;27718;21.6;8.0
16;2021-04-20;2054;1233;77348;28951;22.2;8.3
16;2021-04-21;1777;750;79125;29701;22.7;8.5
16;2021-04-22;2292;1007;81417;30708;23.4;8.8
16;2021-04-23;2363;1172;83780;31880;24.1;9.2
16;2021-04-24;829;38;84609;31918;24.3;9.2
16;2021-04-25;117;5;84726;31923;24.3;9.2
16;2021-04-26;1401;809;86127;32732;24.7;9.4
16;2021-04-27;2057;1418;88184;34150;25.3;9.8
16;2021-04-28;1591;1128;89775;35278;25.8;10.1
16;2021-04-29;2250;1497;92025;36775;26.4;10.6
16;2021-04-30;2856;1343;94881;38118;27.3;10.9
16;2021-05-01;353;60;95234;38178;27.4;11.0
16;2021-05-02;155;13;95389;38191;27.4;11.0
16;2021-05-03;2611;534;98000;38725;28.1;11.1
16;2021-05-04;2061;2046;100061;40771;28.7;11.7
16;2021-05-05;1687;1831;101748;42602;29.2;12.2
16;2021-05-06;1888;2245;103636;44847;29.8;12.9
16;2021-05-07;3071;2123;106707;46970;30.6;13.5
16;2021-05-08;1197;468;107904;47438;31.0;13.6
16;2021-05-09;530;27;108434;47465;31.1;13.6
16;2021-05-10;1930;1625;110364;49090;31.7;14.1
16;2021-05-11;2354;1962;112718;51052;32.4;14.7
16;2021-05-12;1732;1799;114450;52851;32.9;15.2
16;2021-05-13;1461;355;115911;53206;33.3;15.3
16;2021-05-14;1989;1562;117900;54768;33.9;15.7
16;2021-05-15;596;896;118496;55664;34.0;16.0
16;2021-05-16;132;6;118628;55670;34.1;16.0
16;2021-05-17;1609;1286;120237;56956;34.5;16.4
16;2021-05-18;2759;1425;122996;58381;35.3;16.8
16;2021-05-19;2006;1241;125002;59622;35.9;17.1
16;2021-05-20;2833;1389;127835;61011;36.7;17.5
16;2021-05-21;2945;1399;130780;62410;37.6;17.9
16;2021-05-22;412;711;131192;63121;37.7;18.1
16;2021-05-23;210;11;131402;63132;37.7;18.1
16;2021-05-24;1263;234;132665;63366;38.1;18.2
16;2021-05-25;2761;1461;135426;64827;38.9;18.6
16;2021-05-26;1834;1188;137260;66015;39.4;19.0
16;2021-05-27;2418;1581;139678;67596;40.1;19.4
16;2021-05-28;2899;1569;142577;69165;40.9;19.9
16;2021-05-29;814;883;143391;70048;41.2;20.1
16;2021-05-30;1;4;143392;70052;41.2;20.1
16;2021-05-31;1984;1104;145376;71156;41.8;20.4
16;2021-06-01;2344;1715;147720;72871;42.4;20.9
16;2021-06-02;1822;1503;149542;74374;42.9;21.4
16;2021-06-03;2622;1762;152164;76136;43.7;21.9
16;2021-06-04;2834;2032;154998;78168;44.5;22.5
16;2021-06-05;1006;549;156004;78717;44.8;22.6
16;2021-06-06;161;29;156165;78746;44.9;22.6
16;2021-06-07;1991;1282;158156;80028;45.4;23.0
16;2021-06-08;2395;2000;160551;82028;46.1;23.6
16;2021-06-09;2529;1616;163080;83644;46.8;24.0
16;2021-06-10;2571;2003;165651;85647;47.6;24.6
16;2021-06-11;2152;2736;167803;88383;48.2;25.4
16;2021-06-12;1614;517;169417;88900;48.7;25.5
16;2021-06-13;261;72;169678;88972;48.7;25.6
16;2021-06-14;796;2797;170474;91769;49.0;26.4
16;2021-06-15;1865;2623;172339;94392;49.5;27.1
16;2021-06-16;1577;2087;173916;96479;50.0;27.7
16;2021-06-17;2041;2507;175957;98986;50.5;28.4
16;2021-06-18;2061;3219;178018;102205;51.1;29.4
16;2021-06-19;1352;1311;179370;103516;51.5;29.7
16;2021-06-20;243;28;179613;103544;51.6;29.7
16;2021-06-21;1411;2171;181024;105715;52.0;30.4
16;2021-06-22;1675;2943;182699;108658;52.5;31.2
16;2021-06-23;1565;2019;184264;110677;52.9;31.8
16;2021-06-24;1927;2167;186191;112844;53.5;32.4
16;2021-06-25;1983;2727;188174;115571;54.0;33.2
16;2021-06-26;1061;725;189235;116296;54.3;33.4
16;2021-06-27;132;25;189367;116321;54.4;33.4
16;2021-06-28;1164;1965;190531;118286;54.7;34.0
16;2021-06-29;1282;3358;191813;121644;55.1;34.9
16;2021-06-30;1337;2714;193150;124358;55.5;35.7
16;2021-07-01;1863;3158;195013;127516;56.0;36.6
16;2021-07-02;1424;3581;196437;131097;56.4;37.7
16;2021-07-03;694;1111;197131;132208;56.6;38.0
16;2021-07-04;3;15;197134;132223;56.6;38.0
16;2021-07-05;816;2297;197950;134520;56.9;38.6
16;2021-07-06;1278;3365;199228;137885;57.2;39.6
16;2021-07-07;871;2276;200099;140161;57.5;40.3
16;2021-07-08;1234;2737;201333;142898;57.8;41.0
16;2021-07-09;1111;3709;202444;146607;58.1;42.1
16;2021-07-10;338;1339;202782;147946;58.2;42.5
16;2021-07-11;2;13;202784;147959;58.2;42.5
16;2021-07-12;634;2439;203418;150398;58.4;43.2
16;2021-07-13;1391;3531;204809;153929;58.8;44.2
16;2021-07-14;799;877;205608;154806;59.1;44.5
16;2021-07-15;1249;3410;206857;158216;59.4;45.4
16;2021-07-16;1498;3385;208355;161601;59.8;46.4
16;2021-07-17;538;1188;208893;162789;60.0;46.8
16;2021-07-18;14;6;208907;162795;60.0;46.8
16;2021-07-19;618;2855;209525;165650;60.2;47.6
16;2021-07-20;1126;3289;210651;168939;60.5;48.5
16;2021-07-21;1118;2618;211769;171557;60.8;49.3
16;2021-07-22;1871;2862;213640;174419;61.4;50.1
16;2021-07-23;1553;3545;215193;177964;61.8;51.1
16;2021-07-24;638;1208;215831;179172;62.0;51.5
16;2021-07-25;11;11;215842;179183;62.0;51.5
16;2021-07-26;1527;2128;217369;181311;62.4;52.1
16;2021-07-27;1868;2817;219237;184128;63.0;52.9
16;2021-07-28;1861;2318;221098;186446;63.5;53.5
16;2021-07-29;2244;2474;223342;188920;64.1;54.3
16;2021-07-30;2357;3107;225699;192027;64.8;55.2
16;2021-07-31;959;1355;226658;193382;65.1;55.5
16;2021-08-01;190;22;226848;193404;65.2;55.5
16;2021-08-02;2118;1830;228966;195234;65.8;56.1
16;2021-08-03;2118;2328;231084;197562;66.4;56.7
16;2021-08-04;2117;1886;233201;199448;67.0;57.3
16;2021-08-05;2765;1655;235966;201103;67.8;57.8
16;2021-08-06;2507;2366;238473;203469;68.5;58.4
16;2021-08-07;829;561;239302;204030;68.7;58.6
16;2021-08-08;34;37;239336;204067;68.7;58.6
16;2021-08-09;2179;1061;241515;205128;69.4;58.9
16;2021-08-10;2885;1588;244400;206716;70.2;59.4
16;2021-08-11;2603;1235;247003;207951;70.9;59.7
16;2021-08-12;1994;1739;248997;209690;71.5;60.2
16;2021-08-13;2667;1463;251664;211153;72.3;60.6
16;2021-08-14;755;453;252419;211606;72.5;60.8
16;2021-08-15;27;4;252446;211610;72.5;60.8
16;2021-08-16;1335;1581;253781;213191;72.9;61.2
16;2021-08-17;1816;1624;255597;214815;73.4;61.7
16;2021-08-18;1585;1471;257182;216286;73.9;62.1
16;2021-08-19;1510;1773;258692;218059;74.3;62.6
16;2021-08-20;1600;1901;260292;219960;74.8;63.2
16;2021-08-21;558;827;260850;220787;74.9;63.4
16;2021-08-22;4;5;260854;220792;74.9;63.4
16;2021-08-23;989;2065;261843;222857;75.2;64.0
16;2021-08-24;1039;2376;262882;225233;75.5;64.7
16;2021-08-25;882;1777;263764;227010;75.8;65.2
16;2021-08-26;868;2526;264632;229536;76.0;65.9
16;2021-08-27;852;2406;265484;231942;76.2;66.6
16;2021-08-28;260;770;265744;232712;76.3;66.8
16;2021-08-29;2;16;265746;232728;76.3;66.8
16;2021-08-30;640;2396;266386;235124;76.5;67.5
16;2021-08-31;667;2632;267053;237756;76.7;68.3
16;2021-09-01;463;2540;267516;240296;76.8;69.0
17;2020-12-27;0;0;0;0;0.0;0.0
17;2020-12-28;0;0;0;0;0.0;0.0
17;2020-12-29;0;0;0;0;0.0;0.0
17;2020-12-30;1;0;1;0;0.0;0.0
17;2020-12-31;0;0;1;0;0.0;0.0
17;2021-01-01;1;0;2;0;0.0;0.0
17;2021-01-02;1;0;3;0;0.0;0.0
17;2021-01-03;0;0;3;0;0.0;0.0
17;2021-01-04;56;0;59;0;0.0;0.0
17;2021-01-05;98;0;157;0;0.0;0.0
17;2021-01-06;132;0;289;0;0.0;0.0
17;2021-01-07;485;1;774;1;0.1;0.0
17;2021-01-08;418;0;1192;1;0.2;0.0
17;2021-01-09;0;0;1192;1;0.2;0.0
17;2021-01-10;1;0;1193;1;0.2;0.0
17;2021-01-11;380;1;1573;2;0.2;0.0
17;2021-01-12;749;1;2322;3;0.4;0.0
17;2021-01-13;654;2;2976;5;0.5;0.0
17;2021-01-14;617;9;3593;14;0.6;0.0
17;2021-01-15;680;1;4273;15;0.7;0.0
17;2021-01-16;129;2;4402;17;0.7;0.0
17;2021-01-17;19;0;4421;17;0.7;0.0
17;2021-01-18;886;2;5307;19;0.8;0.0
17;2021-01-19;1910;3;7217;22;1.1;0.0
17;2021-01-20;2394;2;9611;24;1.5;0.0
17;2021-01-21;2499;4;12110;28;1.9;0.0
17;2021-01-22;1892;7;14002;35;2.2;0.0
17;2021-01-23;738;1;14740;36;2.3;0.0
17;2021-01-24;48;0;14788;36;2.3;0.0
17;2021-01-25;1383;5;16171;41;2.5;0.0
17;2021-01-26;2110;3;18281;44;2.8;0.0
17;2021-01-27;1675;33;19956;77;3.1;0.0
17;2021-01-28;2475;229;22431;306;3.5;0.0
17;2021-01-29;1739;221;24170;527;3.7;0.1
17;2021-01-30;528;5;24698;532;3.8;0.1
17;2021-01-31;37;2;24735;534;3.8;0.1
17;2021-02-01;740;206;25475;740;3.9;0.1
17;2021-02-02;1202;349;26677;1089;4.1;0.2
17;2021-02-03;1296;396;27973;1485;4.3;0.2
17;2021-02-04;1160;496;29133;1981;4.5;0.3
17;2021-02-05;603;752;29736;2733;4.6;0.4
17;2021-02-06;23;42;29759;2775;4.6;0.4
17;2021-02-07;31;13;29790;2788;4.6;0.4
17;2021-02-08;706;398;30496;3186;4.7;0.5
17;2021-02-09;1100;1307;31596;4493;4.9;0.7
17;2021-02-10;865;1276;32461;5769;5.0;0.9
17;2021-02-11;1241;1382;33702;7151;5.2;1.1
17;2021-02-12;771;953;34473;8104;5.3;1.3
17;2021-02-13;43;99;34516;8203;5.3;1.3
17;2021-02-14;1;10;34517;8213;5.3;1.3
17;2021-02-15;620;1187;35137;9400;5.4;1.5
17;2021-02-16;749;1801;35886;11201;5.5;1.7
17;2021-02-17;795;1332;36681;12533;5.7;1.9
17;2021-02-18;966;2154;37647;14687;5.8;2.3
17;2021-02-19;1067;1523;38714;16210;6.0;2.5
17;2021-02-20;105;301;38819;16511;6.0;2.6
17;2021-02-21;9;2;38828;16513;6.0;2.6
17;2021-02-22;647;1621;39475;18134;6.1;2.8
17;2021-02-23;781;1518;40256;19652;6.2;3.0
17;2021-02-24;1080;1574;41336;21226;6.4;3.3
17;2021-02-25;1087;1693;42423;22919;6.6;3.5
17;2021-02-26;1307;1283;43730;24202;6.8;3.7
17;2021-02-27;527;242;44257;24444;6.8;3.8
17;2021-02-28;19;9;44276;24453;6.8;3.8
17;2021-03-01;634;1039;44910;25492;6.9;3.9
17;2021-03-02;1094;868;46004;26360;7.1;4.1
17;2021-03-03;1618;795;47622;27155;7.4;4.2
17;2021-03-04;2426;1135;50048;28290;7.7;4.4
17;2021-03-05;2663;677;52711;28967;8.1;4.5
17;2021-03-06;1029;29;53740;28996;8.3;4.5
17;2021-03-07;183;47;53923;29043;8.3;4.5
17;2021-03-08;1017;830;54940;29873;8.5;4.6
17;2021-03-09;1746;614;56686;30487;8.8;4.7
17;2021-03-10;2047;646;58733;31133;9.1;4.8
17;2021-03-11;3226;998;61959;32131;9.6;5.0
17;2021-03-12;3356;625;65315;32756;10.1;5.1
17;2021-03-13;1202;11;66517;32767;10.3;5.1
17;2021-03-14;32;0;66549;32767;10.3;5.1
17;2021-03-15;1241;993;67790;33760;10.5;5.2
17;2021-03-16;893;536;68683;34296;10.6;5.3
17;2021-03-17;1460;704;70143;35000;10.8;5.4
17;2021-03-18;1683;765;71826;35765;11.1;5.5
17;2021-03-19;2096;548;73922;36313;11.4;5.6
17;2021-03-20;1083;57;75005;36370;11.6;5.6
17;2021-03-21;37;43;75042;36413;11.6;5.6
17;2021-03-22;1578;690;76620;37103;11.8;5.7
17;2021-03-23;2491;581;79111;37684;12.2;5.8
17;2021-03-24;3545;855;82656;38539;12.8;6.0
17;2021-03-25;4713;643;87369;39182;13.5;6.1
17;2021-03-26;4944;476;92313;39658;14.3;6.1
17;2021-03-27;1737;69;94050;39727;14.5;6.1
17;2021-03-28;369;45;94419;39772;14.6;6.1
17;2021-03-29;2361;564;96780;40336;15.0;6.2
17;2021-03-30;2655;988;99435;41324;15.4;6.4
17;2021-03-31;3842;904;103277;42228;16.0;6.5
17;2021-04-01;4013;1169;107290;43397;16.6;6.7
17;2021-04-02;3709;835;110999;44232;17.2;6.8
17;2021-04-03;1152;187;112151;44419;17.3;6.9
17;2021-04-04;501;6;112652;44425;17.4;6.9
17;2021-04-05;445;128;113097;44553;17.5;6.9
17;2021-04-06;3480;1030;116577;45583;18.0;7.0
17;2021-04-07;4130;1154;120707;46737;18.7;7.2
17;2021-04-08;4570;1476;125277;48213;19.4;7.5
17;2021-04-09;6495;843;131772;49056;20.4;7.6
17;2021-04-10;2583;68;134355;49124;20.8;7.6
17;2021-04-11;788;16;135143;49140;20.9;7.6
17;2021-04-12;2889;1619;138032;50759;21.3;7.8
17;2021-04-13;4151;1290;142183;52049;22.0;8.0
17;2021-04-14;4419;1206;146602;53255;22.7;8.2
17;2021-04-15;4600;1137;151202;54392;23.4;8.4
17;2021-04-16;4298;1154;155500;55546;24.0;8.6
17;2021-04-17;1682;382;157182;55928;24.3;8.6
17;2021-04-18;472;81;157654;56009;24.4;8.7
17;2021-04-19;2340;2058;159994;58067;24.7;9.0
17;2021-04-20;2928;2552;162922;60619;25.2;9.4
17;2021-04-21;2973;1941;165895;62560;25.6;9.7
17;2021-04-22;3122;2361;169017;64921;26.1;10.0
17;2021-04-23;2447;2729;171464;67650;26.5;10.5
17;2021-04-24;1669;927;173133;68577;26.8;10.6
17;2021-04-25;665;246;173798;68823;26.9;10.6
17;2021-04-26;2578;2628;176376;71451;27.3;11.0
17;2021-04-27;3152;2673;179528;74124;27.7;11.5
17;2021-04-28;3103;2938;182631;77062;28.2;11.9
17;2021-04-29;4149;2862;186780;79924;28.9;12.4
17;2021-04-30;4355;2633;191135;82557;29.5;12.8
17;2021-05-01;848;541;191983;83098;29.7;12.8
17;2021-05-02;553;839;192536;83937;29.8;13.0
17;2021-05-03;2542;2961;195078;86898;30.1;13.4
17;2021-05-04;2317;3724;197395;90622;30.5;14.0
17;2021-05-05;2909;3702;200304;94324;31.0;14.6
17;2021-05-06;4122;3405;204426;97729;31.6;15.1
17;2021-05-07;4356;3630;208782;101359;32.3;15.7
17;2021-05-08;1306;754;210088;102113;32.5;15.8
17;2021-05-09;1310;705;211398;102818;32.7;15.9
17;2021-05-10;2726;3692;214124;106510;33.1;16.5
17;2021-05-11;3500;3994;217624;110504;33.6;17.1
17;2021-05-12;3531;3810;221155;114314;34.2;17.7
17;2021-05-13;2545;693;223700;115007;34.6;17.8
17;2021-05-14;3032;2397;226732;117404;35.0;18.1
17;2021-05-15;2127;661;228859;118065;35.4;18.2
17;2021-05-16;1734;318;230593;118383;35.6;18.3
17;2021-05-17;4288;1998;234881;120381;36.3;18.6
17;2021-05-18;4746;1637;239627;122018;37.0;18.9
17;2021-05-19;5069;1280;244696;123298;37.8;19.1
17;2021-05-20;4943;1949;249639;125247;38.6;19.4
17;2021-05-21;4998;1958;254637;127205;39.4;19.7
17;2021-05-22;2393;532;257030;127737;39.7;19.7
17;2021-05-23;1899;129;258929;127866;40.0;19.8
17;2021-05-24;1426;208;260355;128074;40.2;19.8
17;2021-05-25;4030;1770;264385;129844;40.9;20.1
17;2021-05-26;4366;2041;268751;131885;41.5;20.4
17;2021-05-27;5216;2136;273967;134021;42.3;20.7
17;2021-05-28;4468;3432;278435;137453;43.0;21.2
17;2021-05-29;1561;1707;279996;139160;43.3;21.5
17;2021-05-30;857;411;280853;139571;43.4;21.6
17;2021-05-31;2946;3012;283799;142583;43.9;22.0
17;2021-06-01;4296;2923;288095;145506;44.5;22.5
17;2021-06-02;4202;3177;292297;148683;45.2;23.0
17;2021-06-03;5055;3166;297352;151849;46.0;23.5
17;2021-06-04;4516;3856;301868;155705;46.7;24.1
17;2021-06-05;1991;1600;303859;157305;47.0;24.3
17;2021-06-06;851;734;304710;158039;47.1;24.4
17;2021-06-07;3139;4345;307849;162384;47.6;25.1
17;2021-06-08;3789;4496;311638;166880;48.2;25.8
17;2021-06-09;4346;3055;315984;169935;48.8;26.3
17;2021-06-10;4929;2793;320913;172728;49.6;26.7
17;2021-06-11;4793;3690;325706;176418;50.3;27.3
17;2021-06-12;1812;1403;327518;177821;50.6;27.5
17;2021-06-13;610;415;328128;178236;50.7;27.5
17;2021-06-14;2834;4537;330962;182773;51.1;28.2
17;2021-06-15;3622;4379;334584;187152;51.7;28.9
17;2021-06-16;4132;3694;338716;190846;52.3;29.5
17;2021-06-17;4368;4120;343084;194966;53.0;30.1
17;2021-06-18;4054;4439;347138;199405;53.6;30.8
17;2021-06-19;1450;1990;348588;201395;53.9;31.1
17;2021-06-20;595;1035;349183;202430;54.0;31.3
17;2021-06-21;2563;4373;351746;206803;54.4;32.0
17;2021-06-22;3529;4451;355275;211254;54.9;32.6
17;2021-06-23;3795;3993;359070;215247;55.5;33.3
17;2021-06-24;3600;3959;362670;219206;56.0;33.9
17;2021-06-25;2719;4988;365389;224194;56.5;34.6
17;2021-06-26;906;2335;366295;226529;56.6;35.0
17;2021-06-27;396;1902;366691;228431;56.7;35.3
17;2021-06-28;1523;5417;368214;233848;56.9;36.1
17;2021-06-29;1684;5892;369898;239740;57.2;37.0
17;2021-06-30;2030;5548;371928;245288;57.5;37.9
17;2021-07-01;2265;5559;374193;250847;57.8;38.8
17;2021-07-02;2487;5983;376680;256830;58.2;39.7
17;2021-07-03;627;2546;377307;259376;58.3;40.1
17;2021-07-04;155;1250;377462;260626;58.3;40.3
17;2021-07-05;1890;5179;379352;265805;58.6;41.1
17;2021-07-06;2132;5600;381484;271405;59.0;41.9
17;2021-07-07;2407;5498;383891;276903;59.3;42.8
17;2021-07-08;2914;5441;386805;282344;59.8;43.6
17;2021-07-09;2526;6078;389331;288422;60.2;44.6
17;2021-07-10;828;2473;390159;290895;60.3;45.0
17;2021-07-11;380;907;390539;291802;60.4;45.1
17;2021-07-12;2007;5620;392546;297422;60.7;46.0
17;2021-07-13;2373;6719;394919;304141;61.0;47.0
17;2021-07-14;71;71;394990;304212;61.0;47.0
17;2021-07-15;2191;6861;397181;311073;61.4;48.1
17;2021-07-16;2779;6970;399960;318043;61.8;49.2
17;2021-07-17;1051;2276;401011;320319;62.0;49.5
17;2021-07-18;313;1037;401324;321356;62.0;49.7
17;2021-07-19;2635;5907;403959;327263;62.4;50.6
17;2021-07-20;3319;6315;407278;333578;62.9;51.6
17;2021-07-21;3803;6031;411081;339609;63.5;52.5
17;2021-07-22;4251;6276;415332;345885;64.2;53.5
17;2021-07-23;3898;6568;419230;352453;64.8;54.5
17;2021-07-24;2068;1399;421298;353852;65.1;54.7
17;2021-07-25;1043;416;422341;354268;65.3;54.7
17;2021-07-26;3737;5426;426078;359694;65.8;55.6
17;2021-07-27;4729;5437;430807;365131;66.6;56.4
17;2021-07-28;5217;5175;436024;370306;67.4;57.2
17;2021-07-29;5165;5342;441189;375648;68.2;58.1
17;2021-07-30;5505;5570;446694;381218;69.0;58.9
17;2021-07-31;2119;1214;448813;382432;69.4;59.1
17;2021-08-01;1092;359;449905;382791;69.5;59.2
17;2021-08-02;4612;4390;454517;387181;70.2;59.8
17;2021-08-03;5761;4164;460278;391345;71.1;60.5
17;2021-08-04;6192;3374;466470;394719;72.1;61.0
17;2021-08-05;6374;3152;472844;397871;73.1;61.5
17;2021-08-06;5880;3604;478724;401475;74.0;62.0
17;2021-08-07;1985;868;480709;402343;74.3;62.2
17;2021-08-08;974;219;481683;402562;74.4;62.2
17;2021-08-09;3917;3698;485600;406260;75.0;62.8
17;2021-08-10;5068;3494;490668;409754;75.8;63.3
17;2021-08-11;4895;3808;495563;413562;76.6;63.9
17;2021-08-12;4859;3956;500422;417518;77.3;64.5
17;2021-08-13;4500;4140;504922;421658;78.0;65.2
17;2021-08-14;1227;1381;506149;423039;78.2;65.4
17;2021-08-15;404;377;506553;423416;78.3;65.4
17;2021-08-16;2815;4061;509368;427477;78.7;66.1
17;2021-08-17;3038;4285;512406;431762;79.2;66.7
17;2021-08-18;2615;4547;515021;436309;79.6;67.4
17;2021-08-19;2721;4378;517742;440687;80.0;68.1
17;2021-08-20;2477;5025;520219;445712;80.4;68.9
17;2021-08-21;684;1353;520903;447065;80.5;69.1
17;2021-08-22;216;457;521119;447522;80.5;69.2
17;2021-08-23;1976;4952;523095;452474;80.8;69.9
17;2021-08-24;1936;5092;525031;457566;81.1;70.7
17;2021-08-25;1657;5503;526688;463069;81.4;71.6
17;2021-08-26;1591;5759;528279;468828;81.6;72.5
17;2021-08-27;1542;5949;529821;474777;81.9;73.4
17;2021-08-28;514;1452;530335;476229;82.0;73.6
17;2021-08-29;87;575;530422;476804;82.0;73.7
17;2021-08-30;1424;5109;531846;481913;82.2;74.5
17;2021-08-31;1313;5345;533159;487258;82.4;75.3
17;2021-09-01;1185;5018;534344;492276;82.6;76.1
18;2020-12-27;0;0;0;0;0.0;0.0
18;2020-12-28;0;0;0;0;0.0;0.0
18;2020-12-29;0;0;0;0;0.0;0.0
18;2020-12-30;1;0;1;0;0.0;0.0
18;2020-12-31;0;0;1;0;0.0;0.0
18;2021-01-01;0;0;1;0;0.0;0.0
18;2021-01-02;0;0;1;0;0.0;0.0
18;2021-01-03;0;0;1;0;0.0;0.0
18;2021-01-04;3;0;4;0;0.0;0.0
18;2021-01-05;0;0;4;0;0.0;0.0
18;2021-01-06;1;0;5;0;0.0;0.0
18;2021-01-07;30;1;35;1;0.0;0.0
18;2021-01-08;65;0;100;1;0.0;0.0
18;2021-01-09;225;0;325;1;0.1;0.0
18;2021-01-10;146;0;471;1;0.2;0.0
18;2021-01-11;170;1;641;2;0.2;0.0
18;2021-01-12;372;0;1013;2;0.3;0.0
18;2021-01-13;270;2;1283;4;0.4;0.0
18;2021-01-14;269;2;1552;6;0.5;0.0
18;2021-01-15;332;2;1884;8;0.6;0.0
18;2021-01-16;288;3;2172;11;0.7;0.0
18;2021-01-17;1;0;2173;11;0.7;0.0
18;2021-01-18;290;0;2463;11;0.8;0.0
18;2021-01-19;1374;2;3837;13;1.3;0.0
18;2021-01-20;1239;2;5076;15;1.7;0.0
18;2021-01-21;965;0;6041;15;2.0;0.0
18;2021-01-22;780;2;6821;17;2.3;0.0
18;2021-01-23;249;2;7070;19;2.4;0.0
18;2021-01-24;0;0;7070;19;2.4;0.0
18;2021-01-25;509;0;7579;19;2.6;0.0
18;2021-01-26;395;1;7974;20;2.7;0.0
18;2021-01-27;390;2;8364;22;2.8;0.0
18;2021-01-28;566;8;8930;30;3.0;0.0
18;2021-01-29;492;72;9422;102;3.2;0.0
18;2021-01-30;432;156;9854;258;3.3;0.1
18;2021-01-31;82;109;9936;367;3.4;0.1
18;2021-02-01;328;132;10264;499;3.5;0.2
18;2021-02-02;507;240;10771;739;3.6;0.2
18;2021-02-03;398;204;11169;943;3.8;0.3
18;2021-02-04;630;226;11799;1169;4.0;0.4
18;2021-02-05;449;192;12248;1361;4.1;0.5
18;2021-02-06;283;99;12531;1460;4.2;0.5
18;2021-02-07;108;1;12639;1461;4.3;0.5
18;2021-02-08;268;226;12907;1687;4.4;0.6
18;2021-02-09;583;779;13490;2466;4.6;0.8
18;2021-02-10;740;691;14230;3157;4.8;1.1
18;2021-02-11;655;450;14885;3607;5.0;1.2
18;2021-02-12;502;322;15387;3929;5.2;1.3
18;2021-02-13;286;123;15673;4052;5.3;1.4
18;2021-02-14;364;97;16037;4149;5.4;1.4
18;2021-02-15;378;375;16415;4524;5.5;1.5
18;2021-02-16;399;389;16814;4913;5.7;1.7
18;2021-02-17;403;448;17217;5361;5.8;1.8
18;2021-02-18;344;530;17561;5891;5.9;2.0
18;2021-02-19;472;299;18033;6190;6.1;2.1
18;2021-02-20;721;229;18754;6419;6.3;2.2
18;2021-02-21;316;4;19070;6423;6.4;2.2
18;2021-02-22;217;354;19287;6777;6.5;2.3
18;2021-02-23;204;344;19491;7121;6.6;2.4
18;2021-02-24;241;265;19732;7386;6.7;2.5
18;2021-02-25;293;509;20025;7895;6.8;2.7
18;2021-02-26;582;230;20607;8125;7.0;2.7
18;2021-02-27;510;381;21117;8506;7.1;2.9
18;2021-02-28;7;68;21124;8574;7.1;2.9
18;2021-03-01;236;405;21360;8979;7.2;3.0
18;2021-03-02;284;516;21644;9495;7.3;3.2
18;2021-03-03;346;585;21990;10080;7.4;3.4
18;2021-03-04;475;569;22465;10649;7.6;3.6
18;2021-03-05;524;369;22989;11018;7.8;3.7
18;2021-03-06;1071;344;24060;11362;8.1;3.8
18;2021-03-07;7;140;24067;11502;8.1;3.9
18;2021-03-08;335;359;24402;11861;8.2;4.0
18;2021-03-09;410;364;24812;12225;8.4;4.1
18;2021-03-10;423;452;25235;12677;8.5;4.3
18;2021-03-11;518;421;25753;13098;8.7;4.4
18;2021-03-12;704;302;26457;13400;8.9;4.5
18;2021-03-13;1164;250;27621;13650;9.3;4.6
18;2021-03-14;301;214;27922;13864;9.4;4.7
18;2021-03-15;491;381;28413;14245;9.6;4.8
18;2021-03-16;392;312;28805;14557;9.7;4.9
18;2021-03-17;383;415;29188;14972;9.8;5.1
18;2021-03-18;512;229;29700;15201;10.0;5.1
18;2021-03-19;755;227;30455;15428;10.3;5.2
18;2021-03-20;986;618;31441;16046;10.6;5.4
18;2021-03-21;308;306;31749;16352;10.7;5.5
18;2021-03-22;602;296;32351;16648;10.9;5.6
18;2021-03-23;706;294;33057;16942;11.2;5.7
18;2021-03-24;1051;299;34108;17241;11.5;5.8
18;2021-03-25;1049;301;35157;17542;11.9;5.9
18;2021-03-26;1210;349;36367;17891;12.3;6.0
18;2021-03-27;1489;322;37856;18213;12.8;6.1
18;2021-03-28;215;0;38071;18213;12.8;6.1
18;2021-03-29;1102;198;39173;18411;13.2;6.2
18;2021-03-30;1084;305;40257;18716;13.6;6.3
18;2021-03-31;1305;253;41562;18969;14.0;6.4
18;2021-04-01;1377;347;42939;19316;14.5;6.5
18;2021-04-02;1229;311;44168;19627;14.9;6.6
18;2021-04-03;581;181;44749;19808;15.1;6.7
18;2021-04-04;71;5;44820;19813;15.1;6.7
18;2021-04-05;199;0;45019;19813;15.2;6.7
18;2021-04-06;1026;351;46045;20164;15.5;6.8
18;2021-04-07;1322;363;47367;20527;16.0;6.9
18;2021-04-08;1692;345;49059;20872;16.6;7.0
18;2021-04-09;1833;283;50892;21155;17.2;7.1
18;2021-04-10;2633;650;53525;21805;18.1;7.4
18;2021-04-11;1986;315;55511;22120;18.7;7.5
18;2021-04-12;1402;404;56913;22524;19.2;7.6
18;2021-04-13;1784;469;58697;22993;19.8;7.8
18;2021-04-14;1378;518;60075;23511;20.3;7.9
18;2021-04-15;1532;530;61607;24041;20.8;8.1
18;2021-04-16;1614;593;63221;24634;21.3;8.3
18;2021-04-17;1599;520;64820;25154;21.9;8.5
18;2021-04-18;377;232;65197;25386;22.0;8.6
18;2021-04-19;1316;594;66513;25980;22.4;8.8
18;2021-04-20;1445;712;67958;26692;22.9;9.0
18;2021-04-21;1272;909;69230;27601;23.4;9.3
18;2021-04-22;1402;704;70632;28305;23.8;9.5
18;2021-04-23;1387;734;72019;29039;24.3;9.8
18;2021-04-24;1355;1272;73374;30311;24.8;10.2
18;2021-04-25;288;217;73662;30528;24.9;10.3
18;2021-04-26;1204;953;74866;31481;25.3;10.6
18;2021-04-27;1545;765;76411;32246;25.8;10.9
18;2021-04-28;1358;875;77769;33121;26.2;11.2
18;2021-04-29;1850;734;79619;33855;26.9;11.4
18;2021-04-30;1570;997;81189;34852;27.4;11.8
18;2021-05-01;788;211;81977;35063;27.7;11.8
18;2021-05-02;806;60;82783;35123;27.9;11.8
18;2021-05-03;1627;1012;84410;36135;28.5;12.2
18;2021-05-04;1731;1285;86141;37420;29.1;12.6
18;2021-05-05;1735;1216;87876;38636;29.6;13.0
18;2021-05-06;2163;1366;90039;40002;30.4;13.5
18;2021-05-07;1234;1402;91273;41404;30.8;14.0
18;2021-05-08;994;1468;92267;42872;31.1;14.5
18;2021-05-09;500;2259;92767;45131;31.3;15.2
18;2021-05-10;1158;1508;93925;46639;31.7;15.7
18;2021-05-11;1696;1751;95621;48390;32.3;16.3
18;2021-05-12;1808;1494;97429;49884;32.9;16.8
18;2021-05-13;1061;370;98490;50254;33.2;17.0
18;2021-05-14;1346;945;99836;51199;33.7;17.3
18;2021-05-15;1810;1163;101646;52362;34.3;17.7
18;2021-05-16;538;582;102184;52944;34.5;17.9
18;2021-05-17;1245;1091;103429;54035;34.9;18.2
18;2021-05-18;2148;935;105577;54970;35.6;18.5
18;2021-05-19;2162;919;107739;55889;36.3;18.9
18;2021-05-20;2277;984;110016;56873;37.1;19.2
18;2021-05-21;1497;765;111513;57638;37.6;19.4
18;2021-05-22;1724;1074;113237;58712;38.2;19.8
18;2021-05-23;485;336;113722;59048;38.4;19.9
18;2021-05-24;462;292;114184;59340;38.5;20.0
18;2021-05-25;1842;1064;116026;60404;39.1;20.4
18;2021-05-26;2154;844;118180;61248;39.9;20.7
18;2021-05-27;2208;1233;120388;62481;40.6;21.1
18;2021-05-28;1713;1306;122101;63787;41.2;21.5
18;2021-05-29;2619;1659;124720;65446;42.1;22.1
18;2021-05-30;1484;504;126204;65950;42.6;22.3
18;2021-05-31;1786;692;127990;66642;43.2;22.5
18;2021-06-01;2040;949;130030;67591;43.9;22.8
18;2021-06-02;2009;1020;132039;68611;44.5;23.1
18;2021-06-03;2283;1201;134322;69812;45.3;23.6
18;2021-06-04;1909;1124;136231;70936;46.0;23.9
18;2021-06-05;2802;1450;139033;72386;46.9;24.4
18;2021-06-06;365;381;139398;72767;47.0;24.5
18;2021-06-07;1296;1233;140694;74000;47.5;25.0
18;2021-06-08;1491;1395;142185;75395;48.0;25.4
18;2021-06-09;1328;1067;143513;76462;48.4;25.8
18;2021-06-10;1631;1407;145144;77869;49.0;26.3
18;2021-06-11;1496;1404;146640;79273;49.5;26.7
18;2021-06-12;1245;2511;147885;81784;49.9;27.6
18;2021-06-13;126;262;148011;82046;49.9;27.7
18;2021-06-14;657;1828;148668;83874;50.2;28.3
18;2021-06-15;1093;1822;149761;85696;50.5;28.9
18;2021-06-16;1258;1440;151019;87136;51.0;29.4
18;2021-06-17;1205;1670;152224;88806;51.4;30.0
18;2021-06-18;1292;1667;153516;90473;51.8;30.5
18;2021-06-19;1564;1251;155080;91724;52.3;30.9
18;2021-06-20;246;159;155326;91883;52.4;31.0
18;2021-06-21;665;1602;155991;93485;52.6;31.5
18;2021-06-22;1068;1644;157059;95129;53.0;32.1
18;2021-06-23;944;1642;158003;96771;53.3;32.6
18;2021-06-24;1033;1062;159036;97833;53.7;33.0
18;2021-06-25;893;1745;159929;99578;54.0;33.6
18;2021-06-26;1098;1472;161027;101050;54.3;34.1
18;2021-06-27;31;372;161058;101422;54.3;34.2
18;2021-06-28;423;1924;161481;103346;54.5;34.9
18;2021-06-29;595;2378;162076;105724;54.7;35.7
18;2021-06-30;601;2544;162677;108268;54.9;36.5
18;2021-07-01;961;2156;163638;110424;55.2;37.3
18;2021-07-02;615;1687;164253;112111;55.4;37.8
18;2021-07-03;755;2576;165008;114687;55.7;38.7
18;2021-07-04;164;1033;165172;115720;55.7;39.0
18;2021-07-05;765;1877;165937;117597;56.0;39.7
18;2021-07-06;560;2302;166497;119899;56.2;40.5
18;2021-07-07;767;2115;167264;122014;56.4;41.2
18;2021-07-08;1031;1984;168295;123998;56.8;41.8
18;2021-07-09;704;2310;168999;126308;57.0;42.6
18;2021-07-10;781;3175;169780;129483;57.3;43.7
18;2021-07-11;81;665;169861;130148;57.3;43.9
18;2021-07-12;223;2253;170084;132401;57.4;44.7
18;2021-07-13;619;2906;170703;135307;57.6;45.6
18;2021-07-14;194;937;170897;136244;57.7;46.0
18;2021-07-15;1396;2816;172293;139060;58.1;46.9
18;2021-07-16;1185;2122;173478;141182;58.5;47.6
18;2021-07-17;1130;2473;174608;143655;58.9;48.5
18;2021-07-18;229;332;174837;143987;59.0;48.6
18;2021-07-19;1056;1659;175893;145646;59.3;49.1
18;2021-07-20;1625;2268;177518;147914;59.9;49.9
18;2021-07-21;1902;2063;179420;149977;60.5;50.6
18;2021-07-22;2214;1897;181634;151874;61.3;51.2
18;2021-07-23;1399;1610;183033;153484;61.8;51.8
18;2021-07-24;890;1535;183923;155019;62.1;52.3
18;2021-07-25;192;398;184115;155417;62.1;52.4
18;2021-07-26;1400;1506;185515;156923;62.6;52.9
18;2021-07-27;1824;1537;187339;158460;63.2;53.5
18;2021-07-28;2199;1795;189538;160255;63.9;54.1
18;2021-07-29;2142;1818;191680;162073;64.7;54.7
18;2021-07-30;1585;1342;193265;163415;65.2;55.1
18;2021-07-31;1236;1282;194501;164697;65.6;55.6
18;2021-08-01;90;34;194591;164731;65.7;55.6
18;2021-08-02;1411;765;196002;165496;66.1;55.8
18;2021-08-03;1718;1628;197720;167124;66.7;56.4
18;2021-08-04;2424;1101;200144;168225;67.5;56.8
18;2021-08-05;1526;1246;201670;169471;68.0;57.2
18;2021-08-06;1582;1142;203252;170613;68.6;57.6
18;2021-08-07;608;763;203860;171376;68.8;57.8
18;2021-08-08;49;60;203909;171436;68.8;57.8
18;2021-08-09;1104;875;205013;172311;69.2;58.1
18;2021-08-10;1206;1511;206219;173822;69.6;58.6
18;2021-08-11;1607;1504;207826;175326;70.1;59.2
18;2021-08-12;1549;1594;209375;176920;70.6;59.7
18;2021-08-13;1082;1169;210457;178089;71.0;60.1
18;2021-08-14;757;604;211214;178693;71.3;60.3
18;2021-08-15;35;17;211249;178710;71.3;60.3
18;2021-08-16;827;1203;212076;179913;71.5;60.7
18;2021-08-17;978;1997;213054;181910;71.9;61.4
18;2021-08-18;1153;1958;214207;183868;72.3;62.0
18;2021-08-19;1089;1609;215296;185477;72.6;62.6
18;2021-08-20;911;1757;216207;187234;72.9;63.2
18;2021-08-21;419;704;216626;187938;73.1;63.4
18;2021-08-22;21;73;216647;188011;73.1;63.4
18;2021-08-23;484;1681;217131;189692;73.3;64.0
18;2021-08-24;901;1493;218032;191185;73.6;64.5
18;2021-08-25;838;1865;218870;193050;73.8;65.1
18;2021-08-26;770;1529;219640;194579;74.1;65.6
18;2021-08-27;572;1995;220212;196574;74.3;66.3
18;2021-08-28;501;869;220713;197443;74.5;66.6
18;2021-08-29;91;176;220804;197619;74.5;66.7
18;2021-08-30;525;1441;221329;199060;74.7;67.2
18;2021-08-31;503;1441;221832;200501;74.8;67.6
18;2021-09-01;571;1638;222403;202139;75.0;68.2
19;2020-12-27;0;0;0;0;0.0;0.0
19;2020-12-28;0;0;0;0;0.0;0.0
19;2020-12-29;1;0;1;0;0.0;0.0
19;2020-12-30;0;0;1;0;0.0;0.0
19;2020-12-31;0;0;1;0;0.0;0.0
19;2021-01-01;0;0;1;0;0.0;0.0
19;2021-01-02;0;0;1;0;0.0;0.0
19;2021-01-03;0;0;1;0;0.0;0.0
19;2021-01-04;0;0;1;0;0.0;0.0
19;2021-01-05;0;0;1;0;0.0;0.0
19;2021-01-06;0;0;1;0;0.0;0.0
19;2021-01-07;344;1;345;1;0.1;0.0
19;2021-01-08;247;1;592;2;0.2;0.0
19;2021-01-09;1;0;593;2;0.2;0.0
19;2021-01-10;1;0;594;2;0.2;0.0
19;2021-01-11;38;0;632;2;0.3;0.0
19;2021-01-12;415;1;1047;3;0.4;0.0
19;2021-01-13;424;2;1471;5;0.6;0.0
19;2021-01-14;475;1;1946;6;0.8;0.0
19;2021-01-15;226;0;2172;6;0.9;0.0
19;2021-01-16;0;0;2172;6;0.9;0.0
19;2021-01-17;1;0;2173;6;0.9;0.0
19;2021-01-18;251;2;2424;8;1.0;0.0
19;2021-01-19;519;0;2943;8;1.2;0.0
19;2021-01-20;922;4;3865;12;1.6;0.0
19;2021-01-21;506;4;4371;16;1.8;0.0
19;2021-01-22;1317;4;5688;20;2.4;0.0
19;2021-01-23;281;0;5969;20;2.5;0.0
19;2021-01-24;37;0;6006;20;2.5;0.0
19;2021-01-25;233;0;6239;20;2.6;0.0
19;2021-01-26;607;4;6846;24;2.8;0.0
19;2021-01-27;334;3;7180;27;3.0;0.0
19;2021-01-28;297;212;7477;239;3.1;0.1
19;2021-01-29;348;59;7825;298;3.3;0.1
19;2021-01-30;130;24;7955;322;3.3;0.1
19;2021-01-31;41;0;7996;322;3.3;0.1
19;2021-02-01;158;95;8154;417;3.4;0.2
19;2021-02-02;303;428;8457;845;3.5;0.4
19;2021-02-03;284;242;8741;1087;3.6;0.5
19;2021-02-04;255;375;8996;1462;3.7;0.6
19;2021-02-05;310;76;9306;1538;3.9;0.6
19;2021-02-06;213;2;9519;1540;4.0;0.6
19;2021-02-07;48;2;9567;1542;4.0;0.6
19;2021-02-08;177;149;9744;1691;4.1;0.7
19;2021-02-09;333;273;10077;1964;4.2;0.8
19;2021-02-10;517;293;10594;2257;4.4;0.9
19;2021-02-11;412;317;11006;2574;4.6;1.1
19;2021-02-12;797;1161;11803;3735;4.9;1.6
19;2021-02-13;352;185;12155;3920;5.1;1.6
19;2021-02-14;98;13;12253;3933;5.1;1.6
19;2021-02-15;200;239;12453;4172;5.2;1.7
19;2021-02-16;386;171;12839;4343;5.3;1.8
19;2021-02-17;306;460;13145;4803;5.5;2.0
19;2021-02-18;174;501;13319;5304;5.5;2.2
19;2021-02-19;469;300;13788;5604;5.7;2.3
19;2021-02-20;133;206;13921;5810;5.8;2.4
19;2021-02-21;20;40;13941;5850;5.8;2.4
19;2021-02-22;221;210;14162;6060;5.9;2.5
19;2021-02-23;268;341;14430;6401;6.0;2.7
19;2021-02-24;361;207;14791;6608;6.2;2.7
19;2021-02-25;519;380;15310;6988;6.4;2.9
19;2021-02-26;395;313;15705;7301;6.5;3.0
19;2021-02-27;348;159;16053;7460;6.7;3.1
19;2021-02-28;68;36;16121;7496;6.7;3.1
19;2021-03-01;266;221;16387;7717;6.8;3.2
19;2021-03-02;428;256;16815;7973;7.0;3.3
19;2021-03-03;692;339;17507;8312;7.3;3.5
19;2021-03-04;826;350;18333;8662;7.6;3.6
19;2021-03-05;891;736;19224;9398;8.0;3.9
19;2021-03-06;1073;211;20297;9609;8.4;4.0
19;2021-03-07;463;37;20760;9646;8.6;4.0
19;2021-03-08;638;163;21398;9809;8.9;4.1
19;2021-03-09;836;248;22234;10057;9.3;4.2
19;2021-03-10;1155;321;23389;10378;9.7;4.3
19;2021-03-11;1274;309;24663;10687;10.3;4.4
19;2021-03-12;1136;405;25799;11092;10.7;4.6
19;2021-03-13;1111;168;26910;11260;11.2;4.7
19;2021-03-14;160;84;27070;11344;11.3;4.7
19;2021-03-15;699;137;27769;11481;11.6;4.8
19;2021-03-16;688;301;28457;11782;11.8;4.9
19;2021-03-17;839;280;29296;12062;12.2;5.0
19;2021-03-18;767;283;30063;12345;12.5;5.1
19;2021-03-19;1014;488;31077;12833;12.9;5.3
19;2021-03-20;783;131;31860;12964;13.3;5.4
19;2021-03-21;128;4;31988;12968;13.3;5.4
19;2021-03-22;548;177;32536;13145;13.5;5.5
19;2021-03-23;1045;233;33581;13378;14.0;5.6
19;2021-03-24;1171;373;34752;13751;14.5;5.7
19;2021-03-25;1189;415;35941;14166;15.0;5.9
19;2021-03-26;1323;276;37264;14442;15.5;6.0
19;2021-03-27;854;188;38118;14630;15.9;6.1
19;2021-03-28;63;60;38181;14690;15.9;6.1
19;2021-03-29;612;177;38793;14867;16.1;6.2
19;2021-03-30;971;345;39764;15212;16.5;6.3
19;2021-03-31;1157;496;40921;15708;17.0;6.5
19;2021-04-01;1491;426;42412;16134;17.6;6.7
19;2021-04-02;1007;524;43419;16658;18.1;6.9
19;2021-04-03;597;283;44016;16941;18.3;7.0
19;2021-04-04;130;3;44146;16944;18.4;7.1
19;2021-04-05;40;75;44186;17019;18.4;7.1
19;2021-04-06;735;605;44921;17624;18.7;7.3
19;2021-04-07;978;732;45899;18356;19.1;7.6
19;2021-04-08;1116;1018;47015;19374;19.6;8.1
19;2021-04-09;1642;614;48657;19988;20.2;8.3
19;2021-04-10;946;557;49603;20545;20.6;8.5
19;2021-04-11;558;74;50161;20619;20.9;8.6
19;2021-04-12;681;522;50842;21141;21.2;8.8
19;2021-04-13;915;576;51757;21717;21.5;9.0
19;2021-04-14;1333;844;53090;22561;22.1;9.4
19;2021-04-15;1229;873;54319;23434;22.6;9.8
19;2021-04-16;1505;820;55824;24254;23.2;10.1
19;2021-04-17;762;478;56586;24732;23.5;10.3
19;2021-04-18;661;69;57247;24801;23.8;10.3
19;2021-04-19;730;440;57977;25241;24.1;10.5
19;2021-04-20;979;749;58956;25990;24.5;10.8
19;2021-04-21;1271;700;60227;26690;25.1;11.1
19;2021-04-22;1189;899;61416;27589;25.6;11.5
19;2021-04-23;1129;1021;62545;28610;26.0;11.9
19;2021-04-24;679;675;63224;29285;26.3;12.2
19;2021-04-25;675;69;63899;29354;26.6;12.2
19;2021-04-26;1056;331;64955;29685;27.0;12.4
19;2021-04-27;1028;568;65983;30253;27.5;12.6
19;2021-04-28;1553;556;67536;30809;28.1;12.8
19;2021-04-29;1453;1186;68989;31995;28.7;13.3
19;2021-04-30;1876;1060;70865;33055;29.5;13.8
19;2021-05-01;670;170;71535;33225;29.8;13.8
19;2021-05-02;550;152;72085;33377;30.0;13.9
19;2021-05-03;854;547;72939;33924;30.3;14.1
19;2021-05-04;1025;708;73964;34632;30.8;14.4
19;2021-05-05;1255;741;75219;35373;31.3;14.7
19;2021-05-06;1127;1198;76346;36571;31.8;15.2
19;2021-05-07;1664;1191;78010;37762;32.5;15.7
19;2021-05-08;712;207;78722;37969;32.8;15.8
19;2021-05-09;487;546;79209;38515;33.0;16.0
19;2021-05-10;1164;670;80373;39185;33.4;16.3
19;2021-05-11;1640;859;82013;40044;34.1;16.7
19;2021-05-12;1945;1318;83958;41362;34.9;17.2
19;2021-05-13;571;242;84529;41604;35.2;17.3
19;2021-05-14;1646;988;86175;42592;35.9;17.7
19;2021-05-15;1443;591;87618;43183;36.5;18.0
19;2021-05-16;350;82;87968;43265;36.6;18.0
19;2021-05-17;1498;560;89466;43825;37.2;18.2
19;2021-05-18;1670;497;91136;44322;37.9;18.4
19;2021-05-19;2009;832;93145;45154;38.8;18.8
19;2021-05-20;1722;889;94867;46043;39.5;19.2
19;2021-05-21;1965;816;96832;46859;40.3;19.5
19;2021-05-22;1272;652;98104;47511;40.8;19.8
19;2021-05-23;324;131;98428;47642;41.0;19.8
19;2021-05-24;139;46;98567;47688;41.0;19.8
19;2021-05-25;1502;492;100069;48180;41.6;20.0
19;2021-05-26;1926;666;101995;48846;42.4;20.3
19;2021-05-27;1786;835;103781;49681;43.2;20.7
19;2021-05-28;1937;992;105718;50673;44.0;21.1
19;2021-05-29;1375;705;107093;51378;44.6;21.4
19;2021-05-30;191;497;107284;51875;44.6;21.6
19;2021-05-31;1199;537;108483;52412;45.1;21.8
19;2021-06-01;1284;886;109767;53298;45.7;22.2
19;2021-06-02;1817;955;111584;54253;46.4;22.6
19;2021-06-03;1447;1252;113031;55505;47.0;23.1
19;2021-06-04;1848;1357;114879;56862;47.8;23.7
19;2021-06-05;1210;815;116089;57677;48.3;24.0
19;2021-06-06;87;648;116176;58325;48.3;24.3
19;2021-06-07;922;934;117098;59259;48.7;24.7
19;2021-06-08;1104;907;118202;60166;49.2;25.0
19;2021-06-09;1329;1463;119531;61629;49.7;25.6
19;2021-06-10;1284;1581;120815;63210;50.3;26.3
19;2021-06-11;1315;1918;122130;65128;50.8;27.1
19;2021-06-12;1357;1317;123487;66445;51.4;27.6
19;2021-06-13;543;424;124030;66869;51.6;27.8
19;2021-06-14;736;1016;124766;67885;51.9;28.2
19;2021-06-15;979;1143;125745;69028;52.3;28.7
19;2021-06-16;1223;1364;126968;70392;52.8;29.3
19;2021-06-17;869;1792;127837;72184;53.2;30.0
19;2021-06-18;1057;2136;128894;74320;53.6;30.9
19;2021-06-19;919;1302;129813;75622;54.0;31.5
19;2021-06-20;395;327;130208;75949;54.2;31.6
19;2021-06-21;500;1075;130708;77024;54.4;32.0
19;2021-06-22;698;1490;131406;78514;54.7;32.7
19;2021-06-23;744;1986;132150;80500;55.0;33.5
19;2021-06-24;687;1663;132837;82163;55.3;34.2
19;2021-06-25;562;2216;133399;84379;55.5;35.1
19;2021-06-26;472;1741;133871;86120;55.7;35.8
19;2021-06-27;289;445;134160;86565;55.8;36.0
19;2021-06-28;315;1500;134475;88065;56.0;36.6
19;2021-06-29;354;1894;134829;89959;56.1;37.4
19;2021-06-30;795;2152;135624;92111;56.4;38.3
19;2021-07-01;361;2321;135985;94432;56.6;39.3
19;2021-07-02;781;2317;136766;96749;56.9;40.3
19;2021-07-03;513;1742;137279;98491;57.1;41.0
19;2021-07-04;1;73;137280;98564;57.1;41.0
19;2021-07-05;600;1015;137880;99579;57.4;41.4
19;2021-07-06;506;1541;138386;101120;57.6;42.1
19;2021-07-07;705;2045;139091;103165;57.9;42.9
19;2021-07-08;770;2149;139861;105314;58.2;43.8
19;2021-07-09;716;2659;140577;107973;58.5;44.9
19;2021-07-10;587;1709;141164;109682;58.7;45.6
19;2021-07-11;45;212;141209;109894;58.8;45.7
19;2021-07-12;447;1489;141656;111383;58.9;46.3
19;2021-07-13;685;1829;142341;113212;59.2;47.1
19;2021-07-14;202;273;142543;113485;59.3;47.2
19;2021-07-15;871;2050;143414;115535;59.7;48.1
19;2021-07-16;1230;2445;144644;117980;60.2;49.1
19;2021-07-17;703;1718;145347;119698;60.5;49.8
19;2021-07-18;365;673;145712;120371;60.6;50.1
19;2021-07-19;969;1405;146681;121776;61.0;50.7
19;2021-07-20;967;1675;147648;123451;61.4;51.4
19;2021-07-21;1083;1713;148731;125164;61.9;52.1
19;2021-07-22;1390;1856;150121;127020;62.5;52.9
19;2021-07-23;1781;1994;151902;129014;63.2;53.7
19;2021-07-24;908;1753;152810;130767;63.6;54.4
19;2021-07-25;165;513;152975;131280;63.7;54.6
19;2021-07-26;911;910;153886;132190;64.0;55.0
19;2021-07-27;1421;1116;155307;133306;64.6;55.5
19;2021-07-28;2044;1225;157351;134531;65.5;56.0
19;2021-07-29;1623;1202;158974;135733;66.1;56.5
19;2021-07-30;1908;1023;160882;136756;66.9;56.9
19;2021-07-31;1128;1016;162010;137772;67.4;57.3
19;2021-08-01;347;372;162357;138144;67.6;57.5
19;2021-08-02;1147;808;163504;138952;68.0;57.8
19;2021-08-03;1450;1052;164954;140004;68.6;58.3
19;2021-08-04;1984;761;166938;140765;69.5;58.6
19;2021-08-05;1628;953;168566;141718;70.1;59.0
19;2021-08-06;1959;1216;170525;142934;71.0;59.5
19;2021-08-07;1330;998;171855;143932;71.5;59.9
19;2021-08-08;184;233;172039;144165;71.6;60.0
19;2021-08-09;1004;787;173043;144952;72.0;60.3
19;2021-08-10;1278;1010;174321;145962;72.5;60.7
19;2021-08-11;1349;1005;175670;146967;73.1;61.2
19;2021-08-12;1016;1278;176686;148245;73.5;61.7
19;2021-08-13;1168;1277;177854;149522;74.0;62.2
19;2021-08-14;975;1163;178829;150685;74.4;62.7
19;2021-08-15;30;54;178859;150739;74.4;62.7
19;2021-08-16;590;1027;179449;151766;74.7;63.1
19;2021-08-17;629;1166;180078;152932;74.9;63.6
19;2021-08-18;650;982;180728;153914;75.2;64.0
19;2021-08-19;436;1260;181164;155174;75.4;64.6
19;2021-08-20;861;1927;182025;157101;75.7;65.4
19;2021-08-21;489;1373;182514;158474;75.9;65.9
19;2021-08-22;52;93;182566;158567;76.0;66.0
19;2021-08-23;222;1157;182788;159724;76.1;66.5
19;2021-08-24;535;1318;183323;161042;76.3;67.0
19;2021-08-25;633;1552;183956;162594;76.5;67.7
19;2021-08-26;475;1461;184431;164055;76.7;68.3
19;2021-08-27;498;1688;184929;165743;76.9;69.0
19;2021-08-28;361;1278;185290;167021;77.1;69.5
19;2021-08-29;60;182;185350;167203;77.1;69.6
19;2021-08-30;226;1094;185576;168297;77.2;70.0
19;2021-08-31;322;1451;185898;169748;77.3;70.6
19;2021-09-01;345;1478;186243;171226;77.5;71.2
21;2020-12-27;4;0;4;0;0.0;0.0
21;2020-12-28;2;0;6;0;0.0;0.0
21;2020-12-29;19;0;25;0;0.0;0.0
21;2020-12-30;22;0;47;0;0.0;0.0
21;2020-12-31;0;0;47;0;0.0;0.0
21;2021-01-01;0;0;47;0;0.0;0.0
21;2021-01-02;1;0;48;0;0.0;0.0
21;2021-01-03;1;0;49;0;0.0;0.0
21;2021-01-04;22;0;71;0;0.0;0.0
21;2021-01-05;250;2;321;2;0.1;0.0
21;2021-01-06;300;0;621;2;0.1;0.0
21;2021-01-07;387;0;1008;2;0.2;0.0
21;2021-01-08;455;2;1463;4;0.3;0.0
21;2021-01-09;252;0;1715;4;0.3;0.0
21;2021-01-10;2;0;1717;4;0.3;0.0
21;2021-01-11;624;1;2341;5;0.4;0.0
21;2021-01-12;655;0;2996;5;0.6;0.0
21;2021-01-13;703;2;3699;7;0.7;0.0
21;2021-01-14;1190;6;4889;13;0.9;0.0
21;2021-01-15;717;5;5606;18;1.1;0.0
21;2021-01-16;162;0;5768;18;1.1;0.0
21;2021-01-17;5;0;5773;18;1.1;0.0
21;2021-01-18;1317;5;7090;23;1.3;0.0
21;2021-01-19;1370;2;8460;25;1.6;0.0
21;2021-01-20;1297;45;9757;70;1.8;0.0
21;2021-01-21;1540;3;11297;73;2.1;0.0
21;2021-01-22;1246;5;12543;78;2.4;0.0
21;2021-01-23;487;0;13030;78;2.4;0.0
21;2021-01-24;123;0;13153;78;2.5;0.0
21;2021-01-25;926;18;14079;96;2.6;0.0
21;2021-01-26;1542;143;15621;239;2.9;0.0
21;2021-01-27;2049;153;17670;392;3.3;0.1
21;2021-01-28;1453;225;19123;617;3.6;0.1
21;2021-01-29;1023;211;20146;828;3.8;0.2
21;2021-01-30;470;31;20616;859;3.9;0.2
21;2021-01-31;97;3;20713;862;3.9;0.2
21;2021-02-01;453;285;21166;1147;4.0;0.2
21;2021-02-02;456;436;21622;1583;4.1;0.3
21;2021-02-03;443;278;22065;1861;4.1;0.3
21;2021-02-04;417;542;22482;2403;4.2;0.5
21;2021-02-05;490;524;22972;2927;4.3;0.5
21;2021-02-06;155;219;23127;3146;4.3;0.6
21;2021-02-07;2;2;23129;3148;4.3;0.6
21;2021-02-08;433;387;23562;3535;4.4;0.7
21;2021-02-09;514;515;24076;4050;4.5;0.8
21;2021-02-10;461;572;24537;4622;4.6;0.9
21;2021-02-11;485;748;25022;5370;4.7;1.0
21;2021-02-12;356;926;25378;6296;4.8;1.2
21;2021-02-13;360;309;25738;6605;4.8;1.2
21;2021-02-14;240;149;25978;6754;4.9;1.3
21;2021-02-15;120;1366;26098;8120;4.9;1.5
21;2021-02-16;206;1532;26304;9652;4.9;1.8
21;2021-02-17;399;1963;26703;11615;5.0;2.2
21;2021-02-18;603;1338;27306;12953;5.1;2.4
21;2021-02-19;217;1121;27523;14074;5.2;2.6
21;2021-02-20;122;421;27645;14495;5.2;2.7
21;2021-02-21;1;83;27646;14578;5.2;2.7
21;2021-02-22;83;769;27729;15347;5.2;2.9
21;2021-02-23;169;1027;27898;16374;5.2;3.1
21;2021-02-24;225;737;28123;17111;5.3;3.2
21;2021-02-25;647;820;28770;17931;5.4;3.4
21;2021-02-26;926;708;29696;18639;5.6;3.5
21;2021-02-27;534;299;30230;18938;5.7;3.6
21;2021-02-28;24;135;30254;19073;5.7;3.6
21;2021-03-01;679;627;30933;19700;5.8;3.7
21;2021-03-02;1054;555;31987;20255;6.0;3.8
21;2021-03-03;1167;438;33154;20693;6.2;3.9
21;2021-03-04;1685;516;34839;21209;6.5;4.0
21;2021-03-05;2196;662;37035;21871;6.9;4.1
21;2021-03-06;1592;197;38627;22068;7.2;4.1
21;2021-03-07;4;16;38631;22084;7.2;4.1
21;2021-03-08;772;447;39403;22531;7.4;4.2
21;2021-03-09;1571;571;40974;23102;7.7;4.3
21;2021-03-10;1627;563;42601;23665;8.0;4.4
21;2021-03-11;2194;694;44795;24359;8.4;4.6
21;2021-03-12;2905;438;47700;24797;9.0;4.7
21;2021-03-13;1932;188;49632;24985;9.3;4.7
21;2021-03-14;38;49;49670;25034;9.3;4.7
21;2021-03-15;1414;86;51084;25120;9.6;4.7
21;2021-03-16;1884;152;52968;25272;9.9;4.7
21;2021-03-17;1809;114;54777;25386;10.3;4.8
21;2021-03-18;2127;265;56904;25651;10.7;4.8
21;2021-03-19;1963;146;58867;25797;11.0;4.8
21;2021-03-20;1228;38;60095;25835;11.3;4.8
21;2021-03-21;2;0;60097;25835;11.3;4.8
21;2021-03-22;1556;92;61653;25927;11.6;4.9
21;2021-03-23;2695;105;64348;26032;12.1;4.9
21;2021-03-24;2890;162;67238;26194;12.6;4.9
21;2021-03-25;3731;244;70969;26438;13.3;5.0
21;2021-03-26;3655;203;74624;26641;14.0;5.0
21;2021-03-27;1731;59;76355;26700;14.3;5.0
21;2021-03-28;200;37;76555;26737;14.4;5.0
21;2021-03-29;1789;518;78344;27255;14.7;5.1
21;2021-03-30;2347;802;80691;28057;15.1;5.3
21;2021-03-31;2718;652;83409;28709;15.7;5.4
21;2021-04-01;2692;722;86101;29431;16.2;5.5
21;2021-04-02;2247;742;88348;30173;16.6;5.7
21;2021-04-03;1018;281;89366;30454;16.8;5.7
21;2021-04-04;2;12;89368;30466;16.8;5.7
21;2021-04-05;9;0;89377;30466;16.8;5.7
21;2021-04-06;1360;1136;90737;31602;17.0;5.9
21;2021-04-07;1751;968;92488;32570;17.4;6.1
21;2021-04-08;3216;1142;95704;33712;18.0;6.3
21;2021-04-09;3480;1187;99184;34899;18.6;6.5
21;2021-04-10;1376;744;100560;35643;18.9;6.7
21;2021-04-11;145;3;100705;35646;18.9;6.7
21;2021-04-12;1118;1347;101823;36993;19.1;6.9
21;2021-04-13;1655;1783;103478;38776;19.4;7.3
21;2021-04-14;1483;1469;104961;40245;19.7;7.6
21;2021-04-15;1902;1593;106863;41838;20.1;7.9
21;2021-04-16;2322;1314;109185;43152;20.5;8.1
21;2021-04-17;1018;972;110203;44124;20.7;8.3
21;2021-04-18;15;4;110218;44128;20.7;8.3
21;2021-04-19;1110;1323;111328;45451;20.9;8.5
21;2021-04-20;1240;1834;112568;47285;21.1;8.9
21;2021-04-21;1095;1723;113663;49008;21.3;9.2
21;2021-04-22;1273;2214;114936;51222;21.6;9.6
21;2021-04-23;1983;1728;116919;52950;21.9;9.9
21;2021-04-24;1003;872;117922;53822;22.1;10.1
21;2021-04-25;9;168;117931;53990;22.1;10.1
21;2021-04-26;1013;1595;118944;55585;22.3;10.4
21;2021-04-27;1841;1941;120785;57526;22.7;10.8
21;2021-04-28;2231;2224;123016;59750;23.1;11.2
21;2021-04-29;3135;2266;126151;62016;23.7;11.6
21;2021-04-30;3560;1865;129711;63881;24.3;12.0
21;2021-05-01;962;227;130673;64108;24.5;12.0
21;2021-05-02;2;5;130675;64113;24.5;12.0
21;2021-05-03;2081;1350;132756;65463;24.9;12.3
21;2021-05-04;2576;1649;135332;67112;25.4;12.6
21;2021-05-05;2248;1691;137580;68803;25.8;12.9
21;2021-05-06;3015;2245;140595;71048;26.4;13.3
21;2021-05-07;2805;2181;143400;73229;26.9;13.7
21;2021-05-08;1068;271;144468;73500;27.1;13.8
21;2021-05-09;26;177;144494;73677;27.1;13.8
21;2021-05-10;3170;1732;147664;75409;27.7;14.2
21;2021-05-11;4922;2006;152586;77415;28.6;14.5
21;2021-05-12;4804;1749;157390;79164;29.5;14.9
21;2021-05-13;3846;368;161236;79532;30.3;14.9
21;2021-05-14;5202;1471;166438;81003;31.2;15.2
21;2021-05-15;3429;648;169867;81651;31.9;15.3
21;2021-05-16;49;4;169916;81655;31.9;15.3
21;2021-05-17;4129;1260;174045;82915;32.7;15.6
21;2021-05-18;4359;1505;178404;84420;33.5;15.8
21;2021-05-19;3471;1132;181875;85552;34.1;16.1
21;2021-05-20;3899;1359;185774;86911;34.9;16.3
21;2021-05-21;3624;2158;189398;89069;35.5;16.7
21;2021-05-22;1669;772;191067;89841;35.9;16.9
21;2021-05-23;4;17;191071;89858;35.9;16.9
21;2021-05-24;1816;266;192887;90124;36.2;16.9
21;2021-05-25;2648;1968;195535;92092;36.7;17.3
21;2021-05-26;2604;1998;198139;94090;37.2;17.7
21;2021-05-27;4014;2103;202153;96193;37.9;18.1
21;2021-05-28;3572;2829;205725;99022;38.6;18.6
21;2021-05-29;1930;1468;207655;100490;39.0;18.9
21;2021-05-30;98;13;207753;100503;39.0;18.9
21;2021-05-31;2503;1781;210256;102284;39.5;19.2
21;2021-06-01;3455;2257;213711;104541;40.1;19.6
21;2021-06-02;2619;1765;216330;106306;40.6;19.9
21;2021-06-03;3147;2078;219477;108384;41.2;20.3
21;2021-06-04;3284;2589;222761;110973;41.8;20.8
21;2021-06-05;2924;1654;225685;112627;42.4;21.1
21;2021-06-06;51;85;225736;112712;42.4;21.2
21;2021-06-07;4316;1351;230052;114063;43.2;21.4
21;2021-06-08;4941;2142;234993;116205;44.1;21.8
21;2021-06-09;4502;1630;239495;117835;44.9;22.1
21;2021-06-10;3934;2598;243429;120433;45.7;22.6
21;2021-06-11;4169;3107;247598;123540;46.5;23.2
21;2021-06-12;2198;1608;249796;125148;46.9;23.5
21;2021-06-13;29;11;249825;125159;46.9;23.5
21;2021-06-14;2197;2566;252022;127725;47.3;24.0
21;2021-06-15;2960;3093;254982;130818;47.8;24.5
21;2021-06-16;2854;2613;257836;133431;48.4;25.0
21;2021-06-17;3422;3042;261258;136473;49.0;25.6
21;2021-06-18;2427;3802;263685;140275;49.5;26.3
21;2021-06-19;2044;1864;265729;142139;49.9;26.7
21;2021-06-20;26;13;265755;142152;49.9;26.7
21;2021-06-21;1843;3411;267598;145563;50.2;27.3
21;2021-06-22;1883;5830;269481;151393;50.6;28.4
21;2021-06-23;2029;5014;271510;156407;51.0;29.4
21;2021-06-24;2366;4667;273876;161074;51.4;30.2
21;2021-06-25;1531;5899;275407;166973;51.7;31.3
21;2021-06-26;1441;3900;276848;170873;52.0;32.1
21;2021-06-27;18;125;276866;170998;52.0;32.1
21;2021-06-28;1398;4020;278264;175018;52.2;32.8
21;2021-06-29;1636;4179;279900;179197;52.5;33.6
21;2021-06-30;1569;3376;281469;182573;52.8;34.3
21;2021-07-01;1666;4151;283135;186724;53.1;35.0
21;2021-07-02;2178;4232;285313;190956;53.5;35.8
21;2021-07-03;1095;2101;286408;193057;53.7;36.2
21;2021-07-04;37;55;286445;193112;53.8;36.2
21;2021-07-05;1608;3628;288053;196740;54.1;36.9
21;2021-07-06;1347;3587;289400;200327;54.3;37.6
21;2021-07-07;1455;3241;290855;203568;54.6;38.2
21;2021-07-08;1878;4159;292733;207727;54.9;39.0
21;2021-07-09;2084;4352;294817;212079;55.3;39.8
21;2021-07-10;1089;2544;295906;214623;55.5;40.3
21;2021-07-11;21;74;295927;214697;55.5;40.3
21;2021-07-12;1658;3728;297585;218425;55.8;41.0
21;2021-07-13;2345;4897;299930;223322;56.3;41.9
21;2021-07-14;2873;2017;302803;225339;56.8;42.3
21;2021-07-15;3815;4558;306618;229897;57.5;43.1
21;2021-07-16;3889;5259;310507;235156;58.3;44.1
21;2021-07-17;2774;4171;313281;239327;58.8;44.9
21;2021-07-18;157;82;313438;239409;58.8;44.9
21;2021-07-19;2378;4628;315816;244037;59.3;45.8
21;2021-07-20;2758;5491;318574;249528;59.8;46.8
21;2021-07-21;2909;4792;321483;254320;60.3;47.7
21;2021-07-22;3021;4727;324504;259047;60.9;48.6
21;2021-07-23;4355;4894;328859;263941;61.7;49.5
21;2021-07-24;3037;3019;331896;266960;62.3;50.1
21;2021-07-25;68;40;331964;267000;62.3;50.1
21;2021-07-26;2664;3591;334628;270591;62.8;50.8
21;2021-07-27;3411;3780;338039;274371;63.4;51.5
21;2021-07-28;3572;3346;341611;277717;64.1;52.1
21;2021-07-29;4132;3369;345743;281086;64.9;52.7
21;2021-07-30;4605;3345;350348;284431;65.7;53.4
21;2021-07-31;3423;2372;353771;286803;66.4;53.8
21;2021-08-01;331;57;354102;286860;66.4;53.8
21;2021-08-02;2530;3162;356632;290022;66.9;54.4
21;2021-08-03;2612;2762;359244;292784;67.4;54.9
21;2021-08-04;2365;2486;361609;295270;67.9;55.4
21;2021-08-05;2213;3081;363822;298351;68.3;56.0
21;2021-08-06;2570;3303;366392;301654;68.8;56.6
21;2021-08-07;1897;2656;368289;304310;69.1;57.1
21;2021-08-08;74;68;368363;304378;69.1;57.1
21;2021-08-09;1643;2929;370006;307307;69.4;57.7
21;2021-08-10;1408;2715;371414;310022;69.7;58.2
21;2021-08-11;1657;2445;373071;312467;70.0;58.6
21;2021-08-12;1142;2421;374213;314888;70.2;59.1
21;2021-08-13;1489;2742;375702;317630;70.5;59.6
21;2021-08-14;838;2430;376540;320060;70.7;60.1
21;2021-08-15;51;64;376591;320124;70.7;60.1
21;2021-08-16;1387;2819;377978;322943;70.9;60.6
21;2021-08-17;1196;2775;379174;325718;71.2;61.1
21;2021-08-18;1017;2874;380191;328592;71.3;61.7
21;2021-08-19;949;3067;381140;331659;71.5;62.2
21;2021-08-20;1048;4186;382188;335845;71.7;63.0
21;2021-08-21;834;3140;383022;338985;71.9;63.6
21;2021-08-22;32;116;383054;339101;71.9;63.6
21;2021-08-23;905;3213;383959;342314;72.1;64.2
21;2021-08-24;963;2872;384922;345186;72.2;64.8
21;2021-08-25;859;2548;385781;347734;72.4;65.3
21;2021-08-26;706;2419;386487;350153;72.5;65.7
21;2021-08-27;1025;3384;387512;353537;72.7;66.3
21;2021-08-28;704;2750;388216;356287;72.9;66.9
21;2021-08-29;43;215;388259;356502;72.9;66.9
21;2021-08-30;772;2259;389031;358761;73.0;67.3
21;2021-08-31;933;2101;389964;360862;73.2;67.7
21;2021-09-01;597;1767;390561;362629;73.3;68.1
22;2020-12-27;0;0;0;0;0.0;0.0
22;2020-12-28;0;0;0;0;0.0;0.0
22;2020-12-29;0;0;0;0;0.0;0.0
22;2020-12-30;0;0;0;0;0.0;0.0
22;2020-12-31;0;0;0;0;0.0;0.0
22;2021-01-01;0;0;0;0;0.0;0.0
22;2021-01-02;2;0;2;0;0.0;0.0
22;2021-01-03;0;0;2;0;0.0;0.0
22;2021-01-04;5;0;7;0;0.0;0.0
22;2021-01-05;61;0;68;0;0.0;0.0
22;2021-01-06;114;1;182;1;0.0;0.0
22;2021-01-07;67;0;249;1;0.0;0.0
22;2021-01-08;174;0;423;1;0.1;0.0
22;2021-01-09;1;0;424;1;0.1;0.0
22;2021-01-10;0;0;424;1;0.1;0.0
22;2021-01-11;234;3;658;4;0.1;0.0
22;2021-01-12;627;0;1285;4;0.2;0.0
22;2021-01-13;676;1;1961;5;0.3;0.0
22;2021-01-14;716;8;2677;13;0.4;0.0
22;2021-01-15;529;2;3206;15;0.5;0.0
22;2021-01-16;96;0;3302;15;0.6;0.0
22;2021-01-17;1;0;3303;15;0.6;0.0
22;2021-01-18;311;1;3614;16;0.6;0.0
22;2021-01-19;687;1;4301;17;0.7;0.0
22;2021-01-20;598;0;4899;17;0.8;0.0
22;2021-01-21;947;1;5846;18;1.0;0.0
22;2021-01-22;839;2;6685;20;1.1;0.0
22;2021-01-23;219;0;6904;20;1.2;0.0
22;2021-01-24;1;0;6905;20;1.2;0.0
22;2021-01-25;748;10;7653;30;1.3;0.0
22;2021-01-26;1017;59;8670;89;1.5;0.0
22;2021-01-27;3859;111;12529;200;2.1;0.0
22;2021-01-28;4510;85;17039;285;2.9;0.0
22;2021-01-29;1898;126;18937;411;3.2;0.1
22;2021-01-30;287;0;19224;411;3.2;0.1
22;2021-01-31;3;0;19227;411;3.2;0.1
22;2021-02-01;641;80;19868;491;3.3;0.1
22;2021-02-02;903;434;20771;925;3.5;0.2
22;2021-02-03;690;499;21461;1424;3.6;0.2
22;2021-02-04;965;632;22426;2056;3.8;0.3
22;2021-02-05;721;559;23147;2615;3.9;0.4
22;2021-02-06;253;0;23400;2615;3.9;0.4
22;2021-02-07;0;0;23400;2615;3.9;0.4
22;2021-02-08;531;130;23931;2745;4.0;0.5
22;2021-02-09;614;340;24545;3085;4.1;0.5
22;2021-02-10;425;201;24970;3286;4.2;0.6
22;2021-02-11;1086;324;26056;3610;4.4;0.6
22;2021-02-12;594;324;26650;3934;4.5;0.7
22;2021-02-13;319;78;26969;4012;4.5;0.7
22;2021-02-14;0;4;26969;4016;4.5;0.7
22;2021-02-15;672;421;27641;4437;4.6;0.7
22;2021-02-16;1042;692;28683;5129;4.8;0.9
22;2021-02-17;1202;2452;29885;7581;5.0;1.3
22;2021-02-18;2142;2991;32027;10572;5.4;1.8
22;2021-02-19;1637;1937;33664;12509;5.6;2.1
22;2021-02-20;479;207;34143;12716;5.7;2.1
22;2021-02-21;6;49;34149;12765;5.7;2.1
22;2021-02-22;403;708;34552;13473;5.8;2.3
22;2021-02-23;665;915;35217;14388;5.9;2.4
22;2021-02-24;695;923;35912;15311;6.0;2.6
22;2021-02-25;1201;1189;37113;16500;6.2;2.8
22;2021-02-26;1066;704;38179;17204;6.4;2.9
22;2021-02-27;564;285;38743;17489;6.5;2.9
22;2021-02-28;16;8;38759;17497;6.5;2.9
22;2021-03-01;958;523;39717;18020;6.7;3.0
22;2021-03-02;1206;873;40923;18893;6.9;3.2
22;2021-03-03;1325;855;42248;19748;7.1;3.3
22;2021-03-04;1600;925;43848;20673;7.4;3.5
22;2021-03-05;2108;808;45956;21481;7.7;3.6
22;2021-03-06;1113;298;47069;21779;7.9;3.7
22;2021-03-07;219;1;47288;21780;7.9;3.7
22;2021-03-08;1291;658;48579;22438;8.1;3.8
22;2021-03-09;1824;755;50403;23193;8.5;3.9
22;2021-03-10;1987;1002;52390;24195;8.8;4.1
22;2021-03-11;2375;1652;54765;25847;9.2;4.3
22;2021-03-12;3102;961;57867;26808;9.7;4.5
22;2021-03-13;1720;292;59587;27100;10.0;4.5
22;2021-03-14;245;23;59832;27123;10.0;4.5
22;2021-03-15;1619;566;61451;27689;10.3;4.6
22;2021-03-16;1602;855;63053;28544;10.6;4.8
22;2021-03-17;2650;702;65703;29246;11.0;4.9
22;2021-03-18;2552;1109;68255;30355;11.4;5.1
22;2021-03-19;3282;799;71537;31154;12.0;5.2
22;2021-03-20;2208;286;73745;31440;12.4;5.3
22;2021-03-21;16;0;73761;31440;12.4;5.3
22;2021-03-22;2364;364;76125;31804;12.8;5.3
22;2021-03-23;3142;786;79267;32590;13.3;5.5
22;2021-03-24;3486;684;82753;33274;13.9;5.6
22;2021-03-25;3962;608;86715;33882;14.5;5.7
22;2021-03-26;4003;484;90718;34366;15.2;5.8
22;2021-03-27;2088;180;92806;34546;15.6;5.8
22;2021-03-28;67;1;92873;34547;15.6;5.8
22;2021-03-29;2766;911;95639;35458;16.0;5.9
22;2021-03-30;3568;1156;99207;36614;16.6;6.1
22;2021-03-31;3675;1086;102882;37700;17.3;6.3
22;2021-04-01;4943;1129;107825;38829;18.1;6.5
22;2021-04-02;4391;1035;112216;39864;18.8;6.7
22;2021-04-03;1997;403;114213;40267;19.2;6.8
22;2021-04-04;37;0;114250;40267;19.2;6.8
22;2021-04-05;15;0;114265;40267;19.2;6.8
22;2021-04-06;3291;1137;117556;41404;19.7;6.9
22;2021-04-07;3430;1367;120986;42771;20.3;7.2
22;2021-04-08;4448;1322;125434;44093;21.0;7.4
22;2021-04-09;5185;1358;130619;45451;21.9;7.6
22;2021-04-10;2445;365;133064;45816;22.3;7.7
22;2021-04-11;485;10;133549;45826;22.4;7.7
22;2021-04-12;2987;1005;136536;46831;22.9;7.9
22;2021-04-13;3321;1518;139857;48349;23.5;8.1
22;2021-04-14;3169;2487;143026;50836;24.0;8.5
22;2021-04-15;3600;2434;146626;53270;24.6;8.9
22;2021-04-16;3631;2488;150257;55758;25.2;9.4
22;2021-04-17;1919;1792;152176;57550;25.5;9.7
22;2021-04-18;17;0;152193;57550;25.5;9.7
22;2021-04-19;3021;2148;155214;59698;26.0;10.0
22;2021-04-20;3310;2796;158524;62494;26.6;10.5
22;2021-04-21;3223;2729;161747;65223;27.1;10.9
22;2021-04-22;3594;3133;165341;68356;27.7;11.5
22;2021-04-23;3729;3173;169070;71529;28.4;12.0
22;2021-04-24;2006;1963;171076;73492;28.7;12.3
22;2021-04-25;17;0;171093;73492;28.7;12.3
22;2021-04-26;3213;2852;174306;76344;29.2;12.8
22;2021-04-27;3373;3143;177679;79487;29.8;13.3
22;2021-04-28;3490;3153;181169;82640;30.4;13.9
22;2021-04-29;4081;3271;185250;85911;31.1;14.4
22;2021-04-30;3904;3226;189154;89137;31.7;15.0
22;2021-05-01;60;69;189214;89206;31.7;15.0
22;2021-05-02;1237;60;190451;89266;31.9;15.0
22;2021-05-03;2030;2711;192481;91977;32.3;15.4
22;2021-05-04;2154;2900;194635;94877;32.6;15.9
22;2021-05-05;2052;3006;196687;97883;33.0;16.4
22;2021-05-06;2509;3495;199196;101378;33.4;17.0
22;2021-05-07;2831;3408;202027;104786;33.9;17.6
22;2021-05-08;45;121;202072;104907;33.9;17.6
22;2021-05-09;600;436;202672;105343;34.0;17.7
22;2021-05-10;4475;2730;207147;108073;34.7;18.1
22;2021-05-11;5107;2905;212254;110978;35.6;18.6
22;2021-05-12;6598;1022;218852;112000;36.7;18.8
22;2021-05-13;528;35;219380;112035;36.8;18.8
22;2021-05-14;6408;1088;225788;113123;37.9;19.0
22;2021-05-15;3987;428;229775;113551;38.5;19.0
22;2021-05-16;419;36;230194;113587;38.6;19.1
22;2021-05-17;5669;520;235863;114107;39.6;19.1
22;2021-05-18;6010;947;241873;115054;40.6;19.3
22;2021-05-19;6130;708;248003;115762;41.6;19.4
22;2021-05-20;6586;1375;254589;117137;42.7;19.6
22;2021-05-21;5897;1459;260486;118596;43.7;19.9
22;2021-05-22;4092;773;264578;119369;44.4;20.0
22;2021-05-23;407;16;264985;119385;44.4;20.0
22;2021-05-24;5312;221;270297;119606;45.3;20.1
22;2021-05-25;5638;1179;275935;120785;46.3;20.3
22;2021-05-26;4221;2808;280156;123593;47.0;20.7
22;2021-05-27;4506;3841;284662;127434;47.7;21.4
22;2021-05-28;4384;4437;289046;131871;48.5;22.1
22;2021-05-29;3046;1770;292092;133641;49.0;22.4
22;2021-05-30;19;7;292111;133648;49.0;22.4
22;2021-05-31;3655;3154;295766;136802;49.6;22.9
22;2021-06-01;3523;3690;299289;140492;50.2;23.6
22;2021-06-02;3086;3382;302375;143874;50.7;24.1
22;2021-06-03;3197;4100;305572;147974;51.3;24.8
22;2021-06-04;3373;4545;308945;152519;51.8;25.6
22;2021-06-05;3544;2026;312489;154545;52.4;25.9
22;2021-06-06;214;30;312703;154575;52.5;25.9
22;2021-06-07;3044;3256;315747;157831;53.0;26.5
22;2021-06-08;2800;3531;318547;161362;53.4;27.1
22;2021-06-09;2543;3508;321090;164870;53.9;27.7
22;2021-06-10;2517;4252;323607;169122;54.3;28.4
22;2021-06-11;2552;4228;326159;173350;54.7;29.1
22;2021-06-12;2414;1455;328573;174805;55.1;29.3
22;2021-06-13;133;1093;328706;175898;55.1;29.5
22;2021-06-14;2643;2468;331349;178366;55.6;29.9
22;2021-06-15;3096;2996;334445;181362;56.1;30.4
22;2021-06-16;3008;2807;337453;184169;56.6;30.9
22;2021-06-17;2563;3180;340016;187349;57.0;31.4
22;2021-06-18;3099;4114;343115;191463;57.6;32.1
22;2021-06-19;2986;1455;346101;192918;58.1;32.4
22;2021-06-20;155;8;346256;192926;58.1;32.4
22;2021-06-21;1780;5021;348036;197947;58.4;33.2
22;2021-06-22;2404;5553;350440;203500;58.8;34.1
22;2021-06-23;1283;6204;351723;209704;59.0;35.2
22;2021-06-24;2577;3912;354300;213616;59.4;35.8
22;2021-06-25;1567;6814;355867;220430;59.7;37.0
22;2021-06-26;783;3855;356650;224285;59.8;37.6
22;2021-06-27;4;511;356654;224796;59.8;37.7
22;2021-06-28;1051;5585;357705;230381;60.0;38.6
22;2021-06-29;1375;5951;359080;236332;60.2;39.6
22;2021-06-30;1131;5738;360211;242070;60.4;40.6
22;2021-07-01;1381;6038;361592;248108;60.7;41.6
22;2021-07-02;1713;6093;363305;254201;60.9;42.6
22;2021-07-03;1007;3818;364312;258019;61.1;43.3
22;2021-07-04;149;365;364461;258384;61.1;43.3
22;2021-07-05;1595;5803;366056;264187;61.4;44.3
22;2021-07-06;2315;5996;368371;270183;61.8;45.3
22;2021-07-07;2291;4932;370662;275115;62.2;46.1
22;2021-07-08;2502;5097;373164;280212;62.6;47.0
22;2021-07-09;2497;5385;375661;285597;63.0;47.9
22;2021-07-10;1808;3356;377469;288953;63.3;48.5
22;2021-07-11;484;74;377953;289027;63.4;48.5
22;2021-07-12;2331;4734;380284;293761;63.8;49.3
22;2021-07-13;3782;5055;384066;298816;64.4;50.1
22;2021-07-14;699;2496;384765;301312;64.5;50.5
22;2021-07-15;3866;4623;388631;305935;65.2;51.3
22;2021-07-16;3834;5291;392465;311226;65.8;52.2
22;2021-07-17;2553;3410;395018;314636;66.3;52.8
22;2021-07-18;569;87;395587;314723;66.4;52.8
22;2021-07-19;2773;4107;398360;318830;66.8;53.5
22;2021-07-20;3919;4133;402279;322963;67.5;54.2
22;2021-07-21;3992;3410;406271;326373;68.1;54.7
22;2021-07-22;4854;3706;411125;330079;69.0;55.4
22;2021-07-23;4448;4218;415573;334297;69.7;56.1
22;2021-07-24;2258;2618;417831;336915;70.1;56.5
22;2021-07-25;118;150;417949;337065;70.1;56.5
22;2021-07-26;3021;3921;420970;340986;70.6;57.2
22;2021-07-27;3715;4915;424685;345901;71.2;58.0
22;2021-07-28;3694;3657;428379;349558;71.9;58.6
22;2021-07-29;4278;3779;432657;353337;72.6;59.3
22;2021-07-30;4026;3975;436683;357312;73.2;59.9
22;2021-07-31;2397;2801;439080;360113;73.6;60.4
22;2021-08-01;117;152;439197;360265;73.7;60.4
22;2021-08-02;4657;2546;443854;362811;74.4;60.9
22;2021-08-03;4770;3425;448624;366236;75.2;61.4
22;2021-08-04;5748;2494;454372;368730;76.2;61.8
22;2021-08-05;4104;3806;458476;372536;76.9;62.5
22;2021-08-06;3641;3815;462117;376351;77.5;63.1
22;2021-08-07;2336;2267;464453;378618;77.9;63.5
22;2021-08-08;421;71;464874;378689;78.0;63.5
22;2021-08-09;2706;2701;467580;381390;78.4;64.0
22;2021-08-10;2699;3507;470279;384897;78.9;64.6
22;2021-08-11;2390;3118;472669;388015;79.3;65.1
22;2021-08-12;2153;3480;474822;391495;79.6;65.7
22;2021-08-13;1866;2975;476688;394470;80.0;66.2
22;2021-08-14;1314;1912;478002;396382;80.2;66.5
22;2021-08-15;85;198;478087;396580;80.2;66.5
22;2021-08-16;1458;3179;479545;399759;80.4;67.1
22;2021-08-17;1730;3460;481275;403219;80.7;67.6
22;2021-08-18;1397;3307;482672;406526;81.0;68.2
22;2021-08-19;1299;3608;483971;410134;81.2;68.8
22;2021-08-20;1444;3597;485415;413731;81.4;69.4
22;2021-08-21;802;2256;486217;415987;81.6;69.8
22;2021-08-22;151;308;486368;416295;81.6;69.8
22;2021-08-23;1951;3610;488319;419905;81.9;70.4
22;2021-08-24;1420;3247;489739;423152;82.1;71.0
22;2021-08-25;838;2508;490577;425660;82.3;71.4
22;2021-08-26;1053;4293;491630;429953;82.5;72.1
22;2021-08-27;1310;4599;492940;434552;82.7;72.9
22;2021-08-28;729;2516;493669;437068;82.8;73.3
22;2021-08-29;35;26;493704;437094;82.8;73.3
22;2021-08-30;921;2963;494625;440057;83.0;73.8
22;2021-08-31;962;3794;495587;443851;83.1;74.4
22;2021-09-01;935;3388;496522;447239;83.3;75.0
23;2020-12-27;0;0;0;0;0.0;0.0
23;2020-12-28;1;0;1;0;0.0;0.0
23;2020-12-29;0;0;1;0;0.0;0.0
23;2020-12-30;0;0;1;0;0.0;0.0
23;2020-12-31;0;0;1;0;0.0;0.0
23;2021-01-01;0;0;1;0;0.0;0.0
23;2021-01-02;1;0;2;0;0.0;0.0
23;2021-01-03;0;0;2;0;0.0;0.0
23;2021-01-04;1;0;3;0;0.0;0.0
23;2021-01-05;3;0;6;0;0.0;0.0
23;2021-01-06;10;0;16;0;0.0;0.0
23;2021-01-07;116;1;132;1;0.1;0.0
23;2021-01-08;117;0;249;1;0.2;0.0
23;2021-01-09;36;0;285;1;0.2;0.0
23;2021-01-10;1;0;286;1;0.2;0.0
23;2021-01-11;176;1;462;2;0.4;0.0
23;2021-01-12;238;3;700;5;0.6;0.0
23;2021-01-13;308;0;1008;5;0.9;0.0
23;2021-01-14;293;4;1301;9;1.1;0.0
23;2021-01-15;334;5;1635;14;1.4;0.0
23;2021-01-16;163;1;1798;15;1.5;0.0
23;2021-01-17;0;0;1798;15;1.5;0.0
23;2021-01-18;342;3;2140;18;1.8;0.0
23;2021-01-19;497;2;2637;20;2.3;0.0
23;2021-01-20;362;1;2999;21;2.6;0.0
23;2021-01-21;698;1;3697;22;3.2;0.0
23;2021-01-22;479;0;4176;22;3.6;0.0
23;2021-01-23;368;1;4544;23;3.9;0.0
23;2021-01-24;0;0;4544;23;3.9;0.0
23;2021-01-25;382;17;4926;40;4.2;0.0
23;2021-01-26;301;5;5227;45;4.5;0.0
23;2021-01-27;228;3;5455;48;4.7;0.0
23;2021-01-28;232;43;5687;91;4.9;0.1
23;2021-01-29;303;102;5990;193;5.2;0.2
23;2021-01-30;100;28;6090;221;5.2;0.2
23;2021-01-31;2;33;6092;254;5.2;0.2
23;2021-02-01;148;101;6240;355;5.4;0.3
23;2021-02-02;157;122;6397;477;5.5;0.4
23;2021-02-03;105;207;6502;684;5.6;0.6
23;2021-02-04;78;263;6580;947;5.7;0.8
23;2021-02-05;117;309;6697;1256;5.8;1.1
23;2021-02-06;14;166;6711;1422;5.8;1.2
23;2021-02-07;1;0;6712;1422;5.8;1.2
23;2021-02-08;125;210;6837;1632;5.9;1.4
23;2021-02-09;86;295;6923;1927;6.0;1.7
23;2021-02-10;91;279;7014;2206;6.0;1.9
23;2021-02-11;244;586;7258;2792;6.2;2.4
23;2021-02-12;174;283;7432;3075;6.4;2.6
23;2021-02-13;8;190;7440;3265;6.4;2.8
23;2021-02-14;8;0;7448;3265;6.4;2.8
23;2021-02-15;157;362;7605;3627;6.5;3.1
23;2021-02-16;103;436;7708;4063;6.6;3.5
23;2021-02-17;65;479;7773;4542;6.7;3.9
23;2021-02-18;142;365;7915;4907;6.8;4.2
23;2021-02-19;109;253;8024;5160;6.9;4.4
23;2021-02-20;2;93;8026;5253;6.9;4.5
23;2021-02-21;0;0;8026;5253;6.9;4.5
23;2021-02-22;104;212;8130;5465;7.0;4.7
23;2021-02-23;109;216;8239;5681;7.1;4.9
23;2021-02-24;176;163;8415;5844;7.2;5.0
23;2021-02-25;183;109;8598;5953;7.4;5.1
23;2021-02-26;287;168;8885;6121;7.6;5.3
23;2021-02-27;112;11;8997;6132;7.7;5.3
23;2021-02-28;1;31;8998;6163;7.7;5.3
23;2021-03-01;88;201;9086;6364;7.8;5.5
23;2021-03-02;229;131;9315;6495;8.0;5.6
23;2021-03-03;133;90;9448;6585;8.1;5.7
23;2021-03-04;307;138;9755;6723;8.4;5.8
23;2021-03-05;517;111;10272;6834;8.8;5.9
23;2021-03-06;494;7;10766;6841;9.3;5.9
23;2021-03-07;313;3;11079;6844;9.5;5.9
23;2021-03-08;197;73;11276;6917;9.7;5.9
23;2021-03-09;421;102;11697;7019;10.1;6.0
23;2021-03-10;348;38;12045;7057;10.4;6.1
23;2021-03-11;324;47;12369;7104;10.6;6.1
23;2021-03-12;618;33;12987;7137;11.2;6.1
23;2021-03-13;287;12;13274;7149;11.4;6.1
23;2021-03-14;47;34;13321;7183;11.5;6.2
23;2021-03-15;220;125;13541;7308;11.6;6.3
23;2021-03-16;192;90;13733;7398;11.8;6.4
23;2021-03-17;131;101;13864;7499;11.9;6.4
23;2021-03-18;193;97;14057;7596;12.1;6.5
23;2021-03-19;205;120;14262;7716;12.3;6.6
23;2021-03-20;631;37;14893;7753;12.8;6.7
23;2021-03-21;128;0;15021;7753;12.9;6.7
23;2021-03-22;274;157;15295;7910;13.2;6.8
23;2021-03-23;504;106;15799;8016;13.6;6.9
23;2021-03-24;423;124;16222;8140;14.0;7.0
23;2021-03-25;819;188;17041;8328;14.7;7.2
23;2021-03-26;735;195;17776;8523;15.3;7.3
23;2021-03-27;505;50;18281;8573;15.7;7.4
23;2021-03-28;3;9;18284;8582;15.7;7.4
23;2021-03-29;358;111;18642;8693;16.0;7.5
23;2021-03-30;537;178;19179;8871;16.5;7.6
23;2021-03-31;411;175;19590;9046;16.8;7.8
23;2021-04-01;600;172;20190;9218;17.4;7.9
23;2021-04-02;498;298;20688;9516;17.8;8.2
23;2021-04-03;715;44;21403;9560;18.4;8.2
23;2021-04-04;4;0;21407;9560;18.4;8.2
23;2021-04-05;2;3;21409;9563;18.4;8.2
23;2021-04-06;382;293;21791;9856;18.7;8.5
23;2021-04-07;707;310;22498;10166;19.3;8.7
23;2021-04-08;803;236;23301;10402;20.0;8.9
23;2021-04-09;939;367;24240;10769;20.8;9.3
23;2021-04-10;1097;111;25337;10880;21.8;9.4
23;2021-04-11;21;2;25358;10882;21.8;9.4
23;2021-04-12;692;235;26050;11117;22.4;9.6
23;2021-04-13;669;302;26719;11419;23.0;9.8
23;2021-04-14;586;178;27305;11597;23.5;10.0
23;2021-04-15;930;185;28235;11782;24.3;10.1
23;2021-04-16;902;212;29137;11994;25.1;10.3
23;2021-04-17;996;553;30133;12547;25.9;10.8
23;2021-04-18;3;136;30136;12683;25.9;10.9
23;2021-04-19;613;297;30749;12980;26.4;11.2
23;2021-04-20;721;292;31470;13272;27.1;11.4
23;2021-04-21;733;397;32203;13669;27.7;11.8
23;2021-04-22;657;474;32860;14143;28.3;12.2
23;2021-04-23;596;345;33456;14488;28.8;12.5
23;2021-04-24;855;448;34311;14936;29.5;12.8
23;2021-04-25;0;0;34311;14936;29.5;12.8
23;2021-04-26;615;252;34926;15188;30.0;13.1
23;2021-04-27;675;426;35601;15614;30.6;13.4
23;2021-04-28;628;277;36229;15891;31.2;13.7
23;2021-04-29;883;379;37112;16270;31.9;14.0
23;2021-04-30;719;787;37831;17057;32.5;14.7
23;2021-05-01;1229;41;39060;17098;33.6;14.7
23;2021-05-02;14;0;39074;17098;33.6;14.7
23;2021-05-03;431;520;39505;17618;34.0;15.2
23;2021-05-04;617;513;40122;18131;34.5;15.6
23;2021-05-05;538;711;40660;18842;35.0;16.2
23;2021-05-06;728;701;41388;19543;35.6;16.8
23;2021-05-07;684;645;42072;20188;36.2;17.4
23;2021-05-08;1409;588;43481;20776;37.4;17.9
23;2021-05-09;3;0;43484;20776;37.4;17.9
23;2021-05-10;555;656;44039;21432;37.9;18.4
23;2021-05-11;561;765;44600;22197;38.4;19.1
23;2021-05-12;720;662;45320;22859;39.0;19.7
23;2021-05-13;537;56;45857;22915;39.4;19.7
23;2021-05-14;788;459;46645;23374;40.1;20.1
23;2021-05-15;995;235;47640;23609;41.0;20.3
23;2021-05-16;0;0;47640;23609;41.0;20.3
23;2021-05-17;568;448;48208;24057;41.5;20.7
23;2021-05-18;777;292;48985;24349;42.1;20.9
23;2021-05-19;1050;258;50035;24607;43.0;21.2
23;2021-05-20;837;315;50872;24922;43.8;21.4
23;2021-05-21;1108;311;51980;25233;44.7;21.7
23;2021-05-22;740;125;52720;25358;45.3;21.8
23;2021-05-23;3;20;52723;25378;45.3;21.8
23;2021-05-24;363;166;53086;25544;45.7;22.0
23;2021-05-25;908;336;53994;25880;46.4;22.3
23;2021-05-26;1077;227;55071;26107;47.4;22.5
23;2021-05-27;932;435;56003;26542;48.2;22.8
23;2021-05-28;781;743;56784;27285;48.8;23.5
23;2021-05-29;638;1100;57422;28385;49.4;24.4
23;2021-05-30;6;63;57428;28448;49.4;24.5
23;2021-05-31;433;541;57861;28989;49.8;24.9
23;2021-06-01;583;828;58444;29817;50.3;25.6
23;2021-06-02;625;521;59069;30338;50.8;26.1
23;2021-06-03;708;551;59777;30889;51.4;26.6
23;2021-06-04;779;614;60556;31503;52.1;27.1
23;2021-06-05;545;777;61101;32280;52.6;27.8
23;2021-06-06;0;0;61101;32280;52.6;27.8
23;2021-06-07;393;697;61494;32977;52.9;28.4
23;2021-06-08;322;776;61816;33753;53.2;29.0
23;2021-06-09;287;649;62103;34402;53.4;29.6
23;2021-06-10;373;693;62476;35095;53.7;30.2
23;2021-06-11;383;808;62859;35903;54.1;30.9
23;2021-06-12;377;1267;63236;37170;54.4;32.0
23;2021-06-13;13;5;63249;37175;54.4;32.0
23;2021-06-14;235;590;63484;37765;54.6;32.5
23;2021-06-15;231;861;63715;38626;54.8;33.2
23;2021-06-16;362;581;64077;39207;55.1;33.7
23;2021-06-17;339;810;64416;40017;55.4;34.4
23;2021-06-18;356;767;64772;40784;55.7;35.1
23;2021-06-19;492;1523;65264;42307;56.1;36.4
23;2021-06-20;2;11;65266;42318;56.1;36.4
23;2021-06-21;205;620;65471;42938;56.3;36.9
23;2021-06-22;216;687;65687;43625;56.5;37.5
23;2021-06-23;221;750;65908;44375;56.7;38.2
23;2021-06-24;200;606;66108;44981;56.9;38.7
23;2021-06-25;303;816;66411;45797;57.1;39.4
23;2021-06-26;221;999;66632;46796;57.3;40.2
23;2021-06-27;3;0;66635;46796;57.3;40.2
23;2021-06-28;115;693;66750;47489;57.4;40.8
23;2021-06-29;189;823;66939;48312;57.6;41.6
23;2021-06-30;169;944;67108;49256;57.7;42.4
23;2021-07-01;168;870;67276;50126;57.9;43.1
23;2021-07-02;192;1069;67468;51195;58.0;44.0
23;2021-07-03;250;979;67718;52174;58.2;44.9
23;2021-07-04;1;0;67719;52174;58.2;44.9
23;2021-07-05;160;805;67879;52979;58.4;45.6
23;2021-07-06;214;1043;68093;54022;58.6;46.5
23;2021-07-07;210;852;68303;54874;58.7;47.2
23;2021-07-08;254;739;68557;55613;59.0;47.8
23;2021-07-09;274;1012;68831;56625;59.2;48.7
23;2021-07-10;234;644;69065;57269;59.4;49.3
23;2021-07-11;0;0;69065;57269;59.4;49.3
23;2021-07-12;232;702;69297;57971;59.6;49.9
23;2021-07-13;471;917;69768;58888;60.0;50.6
23;2021-07-14;212;320;69980;59208;60.2;50.9
23;2021-07-15;480;810;70460;60018;60.6;51.6
23;2021-07-16;765;569;71225;60587;61.3;52.1
23;2021-07-17;220;478;71445;61065;61.4;52.5
23;2021-07-18;0;1;71445;61066;61.4;52.5
23;2021-07-19;704;630;72149;61696;62.1;53.1
23;2021-07-20;633;568;72782;62264;62.6;53.6
23;2021-07-21;702;635;73484;62899;63.2;54.1
23;2021-07-22;944;437;74428;63336;64.0;54.5
23;2021-07-23;842;507;75270;63843;64.7;54.9
23;2021-07-24;1011;439;76281;64282;65.6;55.3
23;2021-07-25;13;16;76294;64298;65.6;55.3
23;2021-07-26;787;567;77081;64865;66.3;55.8
23;2021-07-27;929;436;78010;65301;67.1;56.2
23;2021-07-28;878;412;78888;65713;67.8;56.5
23;2021-07-29;1050;400;79938;66113;68.8;56.9
23;2021-07-30;947;522;80885;66635;69.6;57.3
23;2021-07-31;1166;306;82051;66941;70.6;57.6
23;2021-08-01;18;8;82069;66949;70.6;57.6
23;2021-08-02;673;506;82742;67455;71.2;58.0
23;2021-08-03;765;459;83507;67914;71.8;58.4
23;2021-08-04;613;297;84120;68211;72.3;58.7
23;2021-08-05;692;365;84812;68576;72.9;59.0
23;2021-08-06;421;484;85233;69060;73.3;59.4
23;2021-08-07;299;189;85532;69249;73.6;59.6
23;2021-08-08;146;38;85678;69287;73.7;59.6
23;2021-08-09;492;493;86170;69780;74.1;60.0
23;2021-08-10;466;611;86636;70391;74.5;60.5
23;2021-08-11;426;489;87062;70880;74.9;61.0
23;2021-08-12;510;568;87572;71448;75.3;61.5
23;2021-08-13;416;578;87988;72026;75.7;61.9
23;2021-08-14;286;390;88274;72416;75.9;62.3
23;2021-08-15;27;9;88301;72425;75.9;62.3
23;2021-08-16;278;713;88579;73138;76.2;62.9
23;2021-08-17;276;730;88855;73868;76.4;63.5
23;2021-08-18;178;635;89033;74503;76.6;64.1
23;2021-08-19;257;727;89290;75230;76.8;64.7
23;2021-08-20;213;682;89503;75912;77.0;65.3
23;2021-08-21;138;499;89641;76411;77.1;65.7
23;2021-08-22;54;48;89695;76459;77.1;65.8
23;2021-08-23;149;819;89844;77278;77.3;66.5
23;2021-08-24;262;912;90106;78190;77.5;67.2
23;2021-08-25;185;791;90291;78981;77.7;67.9
23;2021-08-26;215;744;90506;79725;77.8;68.6
23;2021-08-27;213;641;90719;80366;78.0;69.1
23;2021-08-28;218;453;90937;80819;78.2;69.5
23;2021-08-29;15;88;90952;80907;78.2;69.6
23;2021-08-30;187;665;91139;81572;78.4;70.2
23;2021-08-31;228;671;91367;82243;78.6;70.7
23;2021-09-01;159;427;91526;82670;78.7;71.1
24;2020-12-27;0;0;0;0;0.0;0.0
24;2020-12-28;1;0;1;0;0.0;0.0
24;2020-12-29;2;0;3;0;0.0;0.0
24;2020-12-30;1;0;4;0;0.0;0.0
24;2020-12-31;1;0;5;0;0.0;0.0
24;2021-01-01;0;0;5;0;0.0;0.0
24;2021-01-02;0;0;5;0;0.0;0.0
24;2021-01-03;0;0;5;0;0.0;0.0
24;2021-01-04;1;0;6;0;0.0;0.0
24;2021-01-05;1;0;7;0;0.0;0.0
24;2021-01-06;2;0;9;0;0.0;0.0
24;2021-01-07;190;0;199;0;0.0;0.0
24;2021-01-08;282;0;481;0;0.1;0.0
24;2021-01-09;185;13;666;13;0.2;0.0
24;2021-01-10;35;0;701;13;0.2;0.0
24;2021-01-11;269;0;970;13;0.2;0.0
24;2021-01-12;280;0;1250;13;0.3;0.0
24;2021-01-13;233;1;1483;14;0.4;0.0
24;2021-01-14;1013;23;2496;37;0.6;0.0
24;2021-01-15;605;5;3101;42;0.8;0.0
24;2021-01-16;87;0;3188;42;0.8;0.0
24;2021-01-17;2;1;3190;43;0.8;0.0
24;2021-01-18;300;0;3490;43;0.9;0.0
24;2021-01-19;467;1;3957;44;1.0;0.0
24;2021-01-20;553;0;4510;44;1.1;0.0
24;2021-01-21;645;6;5155;50;1.3;0.0
24;2021-01-22;514;1;5669;51;1.4;0.0
24;2021-01-23;152;1;5821;52;1.4;0.0
24;2021-01-24;3;0;5824;52;1.4;0.0
24;2021-01-25;442;0;6266;52;1.5;0.0
24;2021-01-26;637;66;6903;118;1.7;0.0
24;2021-01-27;1266;12;8169;130;2.0;0.0
24;2021-01-28;983;129;9152;259;2.2;0.1
24;2021-01-29;932;139;10084;398;2.5;0.1
24;2021-01-30;282;1;10366;399;2.5;0.1
24;2021-01-31;0;0;10366;399;2.5;0.1
24;2021-02-01;377;168;10743;567;2.6;0.1
24;2021-02-02;616;299;11359;866;2.8;0.2
24;2021-02-03;653;488;12012;1354;2.9;0.3
24;2021-02-04;978;391;12990;1745;3.2;0.4
24;2021-02-05;690;410;13680;2155;3.3;0.5
24;2021-02-06;141;35;13821;2190;3.4;0.5
24;2021-02-07;33;1;13854;2191;3.4;0.5
24;2021-02-08;309;235;14163;2426;3.5;0.6
24;2021-02-09;454;230;14617;2656;3.6;0.7
24;2021-02-10;378;107;14995;2763;3.7;0.7
24;2021-02-11;561;512;15556;3275;3.8;0.8
24;2021-02-12;495;390;16051;3665;3.9;0.9
24;2021-02-13;202;45;16253;3710;4.0;0.9
24;2021-02-14;89;0;16342;3710;4.0;0.9
24;2021-02-15;187;238;16529;3948;4.0;1.0
24;2021-02-16;335;515;16864;4463;4.1;1.1
24;2021-02-17;584;844;17448;5307;4.3;1.3
24;2021-02-18;443;724;17891;6031;4.4;1.5
24;2021-02-19;462;675;18353;6706;4.5;1.6
24;2021-02-20;163;137;18516;6843;4.5;1.7
24;2021-02-21;109;0;18625;6843;4.6;1.7
24;2021-02-22;426;519;19051;7362;4.7;1.8
24;2021-02-23;562;669;19613;8031;4.8;2.0
24;2021-02-24;538;821;20151;8852;4.9;2.2
24;2021-02-25;728;857;20879;9709;5.1;2.4
24;2021-02-26;977;962;21856;10671;5.4;2.6
24;2021-02-27;363;264;22219;10935;5.4;2.7
24;2021-02-28;25;4;22244;10939;5.4;2.7
24;2021-03-01;292;366;22536;11305;5.5;2.8
24;2021-03-02;539;414;23075;11719;5.7;2.9
24;2021-03-03;681;342;23756;12061;5.8;3.0
24;2021-03-04;915;506;24671;12567;6.0;3.1
24;2021-03-05;1066;566;25737;13133;6.3;3.2
24;2021-03-06;1126;141;26863;13274;6.6;3.3
24;2021-03-07;232;63;27095;13337;6.6;3.3
24;2021-03-08;531;256;27626;13593;6.8;3.3
24;2021-03-09;1173;442;28799;14035;7.1;3.4
24;2021-03-10;1142;453;29941;14488;7.3;3.5
24;2021-03-11;1604;465;31545;14953;7.7;3.7
24;2021-03-12;2052;444;33597;15397;8.2;3.8
24;2021-03-13;1347;201;34944;15598;8.6;3.8
24;2021-03-14;141;93;35085;15691;8.6;3.8
24;2021-03-15;953;171;36038;15862;8.8;3.9
24;2021-03-16;1144;232;37182;16094;9.1;3.9
24;2021-03-17;1216;286;38398;16380;9.4;4.0
24;2021-03-18;1055;557;39453;16937;9.7;4.1
24;2021-03-19;1252;541;40705;17478;10.0;4.3
24;2021-03-20;1055;150;41760;17628;10.2;4.3
24;2021-03-21;25;11;41785;17639;10.2;4.3
24;2021-03-22;1224;422;43009;18061;10.5;4.4
24;2021-03-23;1881;400;44890;18461;11.0;4.5
24;2021-03-24;1889;384;46779;18845;11.5;4.6
24;2021-03-25;1991;472;48770;19317;11.9;4.7
24;2021-03-26;2374;285;51144;19602;12.5;4.8
24;2021-03-27;1350;42;52494;19644;12.9;4.8
24;2021-03-28;63;9;52557;19653;12.9;4.8
24;2021-03-29;1673;327;54230;19980;13.3;4.9
24;2021-03-30;2408;398;56638;20378;13.9;5.0
24;2021-03-31;2182;310;58820;20688;14.4;5.1
24;2021-04-01;2195;311;61015;20999;14.9;5.1
24;2021-04-02;2071;396;63086;21395;15.4;5.2
24;2021-04-03;1376;122;64462;21517;15.8;5.3
24;2021-04-04;74;1;64536;21518;15.8;5.3
24;2021-04-05;947;59;65483;21577;16.0;5.3
24;2021-04-06;2353;702;67836;22279;16.6;5.5
24;2021-04-07;2717;693;70553;22972;17.3;5.6
24;2021-04-08;3007;963;73560;23935;18.0;5.9
24;2021-04-09;3488;1008;77048;24943;18.9;6.1
24;2021-04-10;2594;314;79642;25257;19.5;6.2
24;2021-04-11;1102;20;80744;25277;19.8;6.2
24;2021-04-12;2498;815;83242;26092;20.4;6.4
24;2021-04-13;2902;1203;86144;27295;21.1;6.7
24;2021-04-14;2939;1195;89083;28490;21.8;7.0
24;2021-04-15;2792;1102;91875;29592;22.5;7.2
24;2021-04-16;3266;974;95141;30566;23.3;7.5
24;2021-04-17;2272;501;97413;31067;23.9;7.6
24;2021-04-18;424;6;97837;31073;24.0;7.6
24;2021-04-19;1599;1013;99436;32086;24.3;7.9
24;2021-04-20;2268;1432;101704;33518;24.9;8.2
24;2021-04-21;2146;1442;103850;34960;25.4;8.6
24;2021-04-22;2062;1257;105912;36217;25.9;8.9
24;2021-04-23;1955;1333;107867;37550;26.4;9.2
24;2021-04-24;863;724;108730;38274;26.6;9.4
24;2021-04-25;54;4;108784;38278;26.6;9.4
24;2021-04-26;1296;1478;110080;39756;27.0;9.7
24;2021-04-27;1852;1880;111932;41636;27.4;10.2
24;2021-04-28;1506;1955;113438;43591;27.8;10.7
24;2021-04-29;1730;1893;115168;45484;28.2;11.1
24;2021-04-30;2271;1777;117439;47261;28.8;11.6
24;2021-05-01;2057;1067;119496;48328;29.3;11.8
24;2021-05-02;1924;215;121420;48543;29.7;11.9
24;2021-05-03;1474;1835;122894;50378;30.1;12.3
24;2021-05-04;2227;2304;125121;52682;30.6;12.9
24;2021-05-05;1890;2721;127011;55403;31.1;13.6
24;2021-05-06;1889;2797;128900;58200;31.6;14.3
24;2021-05-07;2265;2790;131165;60990;32.1;14.9
24;2021-05-08;1286;1152;132451;62142;32.4;15.2
24;2021-05-09;1169;902;133620;63044;32.7;15.4
24;2021-05-10;1095;2629;134715;65673;33.0;16.1
24;2021-05-11;2040;2795;136755;68468;33.5;16.8
24;2021-05-12;1924;2257;138679;70725;34.0;17.3
24;2021-05-13;1465;1216;140144;71941;34.3;17.6
24;2021-05-14;2378;1332;142522;73273;34.9;17.9
24;2021-05-15;2047;817;144569;74090;35.4;18.1
24;2021-05-16;1171;347;145740;74437;35.7;18.2
24;2021-05-17;2242;1255;147982;75692;36.2;18.5
24;2021-05-18;2484;1821;150466;77513;36.8;19.0
24;2021-05-19;2284;1378;152750;78891;37.4;19.3
24;2021-05-20;2374;1576;155124;80467;38.0;19.7
24;2021-05-21;2433;1416;157557;81883;38.6;20.1
24;2021-05-22;1719;409;159276;82292;39.0;20.2
24;2021-05-23;952;72;160228;82364;39.2;20.2
24;2021-05-24;1516;334;161744;82698;39.6;20.2
24;2021-05-25;2298;1386;164042;84084;40.2;20.6
24;2021-05-26;2149;1320;166191;85404;40.7;20.9
24;2021-05-27;1748;2195;167939;87599;41.1;21.4
24;2021-05-28;2145;2006;170084;89605;41.6;21.9
24;2021-05-29;1153;2088;171237;91693;41.9;22.5
24;2021-05-30;1418;171;172655;91864;42.3;22.5
24;2021-05-31;1743;1365;174398;93229;42.7;22.8
24;2021-06-01;2583;1979;176981;95208;43.3;23.3
24;2021-06-02;2653;1786;179634;96994;44.0;23.8
24;2021-06-03;2290;1465;181924;98459;44.5;24.1
24;2021-06-04;2381;1900;184305;100359;45.1;24.6
24;2021-06-05;2007;1418;186312;101777;45.6;24.9
24;2021-06-06;767;223;187079;102000;45.8;25.0
24;2021-06-07;1432;1497;188511;103497;46.2;25.3
24;2021-06-08;1678;1907;190189;105404;46.6;25.8
24;2021-06-09;1323;1599;191512;107003;46.9;26.2
24;2021-06-10;1576;1912;193088;108915;47.3;26.7
24;2021-06-11;1335;2079;194423;110994;47.6;27.2
24;2021-06-12;1122;2545;195545;113539;47.9;27.8
24;2021-06-13;1238;921;196783;114460;48.2;28.0
24;2021-06-14;1165;1858;197948;116318;48.5;28.5
24;2021-06-15;1486;2991;199434;119309;48.8;29.2
24;2021-06-16;1670;2733;201104;122042;49.2;29.9
24;2021-06-17;1544;2177;202648;124219;49.6;30.4
24;2021-06-18;1400;2862;204048;127081;50.0;31.1
24;2021-06-19;1275;1523;205323;128604;50.3;31.5
24;2021-06-20;514;501;205837;129105;50.4;31.6
24;2021-06-21;932;1836;206769;130941;50.6;32.1
24;2021-06-22;1453;2593;208222;133534;51.0;32.7
24;2021-06-23;1427;2421;209649;135955;51.3;33.3
24;2021-06-24;1138;1916;210787;137871;51.6;33.8
24;2021-06-25;968;2818;211755;140689;51.9;34.4
24;2021-06-26;866;2106;212621;142795;52.1;35.0
24;2021-06-27;402;979;213023;143774;52.2;35.2
24;2021-06-28;818;2483;213841;146257;52.4;35.8
24;2021-06-29;939;2869;214780;149126;52.6;36.5
24;2021-06-30;1113;2459;215893;151585;52.9;37.1
24;2021-07-01;1132;2301;217025;153886;53.1;37.7
24;2021-07-02;1097;2743;218122;156629;53.4;38.4
24;2021-07-03;811;1904;218933;158533;53.6;38.8
24;2021-07-04;410;1014;219343;159547;53.7;39.1
24;2021-07-05;795;2316;220138;161863;53.9;39.6
24;2021-07-06;880;3355;221018;165218;54.1;40.5
24;2021-07-07;1084;3042;222102;168260;54.4;41.2
24;2021-07-08;1342;2123;223444;170383;54.7;41.7
24;2021-07-09;1178;3219;224622;173602;55.0;42.5
24;2021-07-10;480;1963;225102;175565;55.1;43.0
24;2021-07-11;587;1189;225689;176754;55.3;43.3
24;2021-07-12;906;2519;226595;179273;55.5;43.9
24;2021-07-13;1324;3216;227919;182489;55.8;44.7
24;2021-07-14;617;1188;228536;183677;56.0;45.0
24;2021-07-15;1697;2777;230233;186454;56.4;45.7
24;2021-07-16;2149;2597;232382;189051;56.9;46.3
24;2021-07-17;1528;2236;233910;191287;57.3;46.8
24;2021-07-18;709;886;234619;192173;57.4;47.1
24;2021-07-19;1578;2188;236197;194361;57.8;47.6
24;2021-07-20;2020;2439;238217;196800;58.3;48.2
24;2021-07-21;1876;2328;240093;199128;58.8;48.8
24;2021-07-22;2348;2442;242441;201570;59.4;49.4
24;2021-07-23;2303;2622;244744;204192;59.9;50.0
24;2021-07-24;1808;1546;246552;205738;60.4;50.4
24;2021-07-25;817;874;247369;206612;60.6;50.6
24;2021-07-26;1573;2015;248942;208627;61.0;51.1
24;2021-07-27;2849;2292;251791;210919;61.7;51.6
24;2021-07-28;2763;1940;254554;212859;62.3;52.1
24;2021-07-29;3067;2236;257621;215095;63.1;52.7
24;2021-07-30;2466;1921;260087;217016;63.7;53.1
24;2021-07-31;1651;1565;261738;218581;64.1;53.5
24;2021-08-01;1118;655;262856;219236;64.4;53.7
24;2021-08-02;1943;1618;264799;220854;64.8;54.1
24;2021-08-03;2888;1909;267687;222763;65.5;54.5
24;2021-08-04;3079;1627;270766;224390;66.3;54.9
24;2021-08-05;3043;1436;273809;225826;67.0;55.3
24;2021-08-06;2532;1536;276341;227362;67.7;55.7
24;2021-08-07;1788;1119;278129;228481;68.1;55.9
24;2021-08-08;1103;681;279232;229162;68.4;56.1
24;2021-08-09;1737;1386;280969;230548;68.8;56.5
24;2021-08-10;2265;1781;283234;232329;69.4;56.9
24;2021-08-11;2268;1694;285502;234023;69.9;57.3
24;2021-08-12;1906;1960;287408;235983;70.4;57.8
24;2021-08-13;1529;1625;288937;237608;70.7;58.2
24;2021-08-14;1165;1243;290102;238851;71.0;58.5
24;2021-08-15;739;579;290841;239430;71.2;58.6
24;2021-08-16;1113;1705;291954;241135;71.5;59.0
24;2021-08-17;1625;2105;293579;243240;71.9;59.6
24;2021-08-18;1558;1920;295137;245160;72.3;60.0
24;2021-08-19;1116;2634;296253;247794;72.5;60.7
24;2021-08-20;1095;2427;297348;250221;72.8;61.3
24;2021-08-21;872;1629;298220;251850;73.0;61.7
24;2021-08-22;349;1100;298569;252950;73.1;61.9
24;2021-08-23;664;2036;299233;254986;73.3;62.4
24;2021-08-24;805;2391;300038;257377;73.5;63.0
24;2021-08-25;808;2317;300846;259694;73.7;63.6
24;2021-08-26;741;2839;301587;262533;73.8;64.3
24;2021-08-27;799;2760;302386;265293;74.0;65.0
24;2021-08-28;513;1909;302899;267202;74.2;65.4
24;2021-08-29;170;1029;303069;268231;74.2;65.7
24;2021-08-30;368;1965;303437;270196;74.3;66.2
24;2021-08-31;584;2486;304021;272682;74.4;66.8
24;2021-09-01;614;2472;304635;275154;74.6;67.4
25;2020-12-27;0;0;0;0;0.0;0.0
25;2020-12-28;1;0;1;0;0.0;0.0
25;2020-12-29;0;0;1;0;0.0;0.0
25;2020-12-30;0;0;1;0;0.0;0.0
25;2020-12-31;2;0;3;0;0.0;0.0
25;2021-01-01;0;0;3;0;0.0;0.0
25;2021-01-02;1;0;4;0;0.0;0.0
25;2021-01-03;0;0;4;0;0.0;0.0
25;2021-01-04;0;0;4;0;0.0;0.0
25;2021-01-05;1;0;5;0;0.0;0.0
25;2021-01-06;75;1;80;1;0.0;0.0
25;2021-01-07;236;1;316;2;0.1;0.0
25;2021-01-08;345;1;661;3;0.1;0.0
25;2021-01-09;102;0;763;3;0.1;0.0
25;2021-01-10;0;0;763;3;0.1;0.0
25;2021-01-11;502;5;1265;8;0.2;0.0
25;2021-01-12;683;2;1948;10;0.4;0.0
25;2021-01-13;627;9;2575;19;0.5;0.0
25;2021-01-14;898;17;3473;36;0.6;0.0
25;2021-01-15;785;9;4258;45;0.8;0.0
25;2021-01-16;206;1;4464;46;0.8;0.0
25;2021-01-17;112;0;4576;46;0.8;0.0
25;2021-01-18;1297;6;5873;52;1.1;0.0
25;2021-01-19;1411;5;7284;57;1.4;0.0
25;2021-01-20;1420;4;8704;61;1.6;0.0
25;2021-01-21;1841;3;10545;64;2.0;0.0
25;2021-01-22;1506;4;12051;68;2.2;0.0
25;2021-01-23;499;1;12550;69;2.3;0.0
25;2021-01-24;119;0;12669;69;2.3;0.0
25;2021-01-25;991;0;13660;69;2.5;0.0
25;2021-01-26;1488;42;15148;111;2.8;0.0
25;2021-01-27;1249;70;16397;181;3.0;0.0
25;2021-01-28;1090;75;17487;256;3.2;0.0
25;2021-01-29;906;231;18393;487;3.4;0.1
25;2021-01-30;293;87;18686;574;3.5;0.1
25;2021-01-31;2;0;18688;574;3.5;0.1
25;2021-02-01;612;219;19300;793;3.6;0.1
25;2021-02-02;674;409;19974;1202;3.7;0.2
25;2021-02-03;758;244;20732;1446;3.8;0.3
25;2021-02-04;715;443;21447;1889;4.0;0.4
25;2021-02-05;519;464;21966;2353;4.1;0.4
25;2021-02-06;198;154;22164;2507;4.1;0.5
25;2021-02-07;2;34;22166;2541;4.1;0.5
25;2021-02-08;612;504;22778;3045;4.2;0.6
25;2021-02-09;615;480;23393;3525;4.3;0.7
25;2021-02-10;817;480;24210;4005;4.5;0.7
25;2021-02-11;587;831;24797;4836;4.6;0.9
25;2021-02-12;413;533;25210;5369;4.7;1.0
25;2021-02-13;97;136;25307;5505;4.7;1.0
25;2021-02-14;0;0;25307;5505;4.7;1.0
25;2021-02-15;187;1006;25494;6511;4.7;1.2
25;2021-02-16;214;1399;25708;7910;4.8;1.5
25;2021-02-17;109;1297;25817;9207;4.8;1.7
25;2021-02-18;147;1397;25964;10604;4.8;2.0
25;2021-02-19;102;1234;26066;11838;4.8;2.2
25;2021-02-20;26;476;26092;12314;4.8;2.3
25;2021-02-21;1;140;26093;12454;4.8;2.3
25;2021-02-22;83;1043;26176;13497;4.9;2.5
25;2021-02-23;195;1062;26371;14559;4.9;2.7
25;2021-02-24;104;956;26475;15515;4.9;2.9
25;2021-02-25;522;977;26997;16492;5.0;3.1
25;2021-02-26;607;965;27604;17457;5.1;3.2
25;2021-02-27;228;366;27832;17823;5.2;3.3
25;2021-02-28;5;1;27837;17824;5.2;3.3
25;2021-03-01;443;618;28280;18442;5.2;3.4
25;2021-03-02;654;829;28934;19271;5.4;3.6
25;2021-03-03;542;731;29476;20002;5.5;3.7
25;2021-03-04;1157;658;30633;20660;5.7;3.8
25;2021-03-05;1853;386;32486;21046;6.0;3.9
25;2021-03-06;1170;225;33656;21271;6.2;3.9
25;2021-03-07;9;8;33665;21279;6.2;3.9
25;2021-03-08;548;706;34213;21985;6.3;4.1
25;2021-03-09;1040;779;35253;22764;6.5;4.2
25;2021-03-10;1151;652;36404;23416;6.7;4.3
25;2021-03-11;1658;581;38062;23997;7.1;4.4
25;2021-03-12;1996;462;40058;24459;7.4;4.5
25;2021-03-13;1120;99;41178;24558;7.6;4.6
25;2021-03-14;35;0;41213;24558;7.6;4.6
25;2021-03-15;1126;142;42339;24700;7.8;4.6
25;2021-03-16;1286;120;43625;24820;8.1;4.6
25;2021-03-17;1414;139;45039;24959;8.3;4.6
25;2021-03-18;1528;84;46567;25043;8.6;4.6
25;2021-03-19;1595;127;48162;25170;8.9;4.7
25;2021-03-20;822;41;48984;25211;9.1;4.7
25;2021-03-21;24;0;49008;25211;9.1;4.7
25;2021-03-22;1485;87;50493;25298;9.4;4.7
25;2021-03-23;2162;142;52655;25440;9.8;4.7
25;2021-03-24;2419;93;55074;25533;10.2;4.7
25;2021-03-25;2838;195;57912;25728;10.7;4.8
25;2021-03-26;3159;180;61071;25908;11.3;4.8
25;2021-03-27;1110;89;62181;25997;11.5;4.8
25;2021-03-28;121;64;62302;26061;11.5;4.8
25;2021-03-29;1788;279;64090;26340;11.9;4.9
25;2021-03-30;2213;392;66303;26732;12.3;5.0
25;2021-03-31;2221;361;68524;27093;12.7;5.0
25;2021-04-01;2450;523;70974;27616;13.2;5.1
25;2021-04-02;2027;603;73001;28219;13.5;5.2
25;2021-04-03;447;110;73448;28329;13.6;5.3
25;2021-04-04;39;21;73487;28350;13.6;5.3
25;2021-04-05;145;4;73632;28354;13.6;5.3
25;2021-04-06;1937;687;75569;29041;14.0;5.4
25;2021-04-07;1878;851;77447;29892;14.4;5.5
25;2021-04-08;2435;825;79882;30717;14.8;5.7
25;2021-04-09;2597;998;82479;31715;15.3;5.9
25;2021-04-10;977;290;83456;32005;15.5;5.9
25;2021-04-11;105;28;83561;32033;15.5;5.9
25;2021-04-12;1558;968;85119;33001;15.8;6.1
25;2021-04-13;1989;1320;87108;34321;16.1;6.4
25;2021-04-14;1750;1217;88858;35538;16.5;6.6
25;2021-04-15;1999;1329;90857;36867;16.8;6.8
25;2021-04-16;2084;1005;92941;37872;17.2;7.0
25;2021-04-17;1105;416;94046;38288;17.4;7.1
25;2021-04-18;118;18;94164;38306;17.5;7.1
25;2021-04-19;1327;1244;95491;39550;17.7;7.3
25;2021-04-20;1615;1462;97106;41012;18.0;7.6
25;2021-04-21;1717;1633;98823;42645;18.3;7.9
25;2021-04-22;1858;1711;100681;44356;18.7;8.2
25;2021-04-23;1902;1767;102583;46123;19.0;8.6
25;2021-04-24;1281;704;103864;46827;19.3;8.7
25;2021-04-25;140;114;104004;46941;19.3;8.7
25;2021-04-26;1722;1685;105726;48626;19.6;9.0
25;2021-04-27;2804;1524;108530;50150;20.1;9.3
25;2021-04-28;2426;1558;110956;51708;20.6;9.6
25;2021-04-29;2649;1832;113605;53540;21.1;9.9
25;2021-04-30;3107;1576;116712;55116;21.6;10.2
25;2021-05-01;1789;334;118501;55450;22.0;10.3
25;2021-05-02;442;22;118943;55472;22.0;10.3
25;2021-05-03;2902;842;121845;56314;22.6;10.4
25;2021-05-04;2641;1884;124486;58198;23.1;10.8
25;2021-05-05;2598;1667;127084;59865;23.6;11.1
25;2021-05-06;2927;2167;130011;62032;24.1;11.5
25;2021-05-07;3063;2127;133074;64159;24.7;11.9
25;2021-05-08;1334;229;134408;64388;24.9;11.9
25;2021-05-09;244;87;134652;64475;25.0;12.0
25;2021-05-10;3130;1638;137782;66113;25.5;12.3
25;2021-05-11;3748;2041;141530;68154;26.2;12.6
25;2021-05-12;3688;1792;145218;69946;26.9;13.0
25;2021-05-13;3522;599;148740;70545;27.6;13.1
25;2021-05-14;4484;1306;153224;71851;28.4;13.3
25;2021-05-15;3282;711;156506;72562;29.0;13.5
25;2021-05-16;723;92;157229;72654;29.1;13.5
25;2021-05-17;4090;1094;161319;73748;29.9;13.7
25;2021-05-18;5205;1190;166524;74938;30.9;13.9
25;2021-05-19;5245;1133;171769;76071;31.8;14.1
25;2021-05-20;5134;1455;176903;77526;32.8;14.4
25;2021-05-21;5764;1981;182667;79507;33.9;14.7
25;2021-05-22;3177;722;185844;80229;34.5;14.9
25;2021-05-23;781;156;186625;80385;34.6;14.9
25;2021-05-24;1528;152;188153;80537;34.9;14.9
25;2021-05-25;3514;1646;191667;82183;35.5;15.2
25;2021-05-26;3976;1554;195643;83737;36.3;15.5
25;2021-05-27;4518;1901;200161;85638;37.1;15.9
25;2021-05-28;3994;2649;204155;88287;37.8;16.4
25;2021-05-29;2015;1022;206170;89309;38.2;16.6
25;2021-05-30;175;96;206345;89405;38.3;16.6
25;2021-05-31;2673;1711;209018;91116;38.7;16.9
25;2021-06-01;2729;2158;211747;93274;39.3;17.3
25;2021-06-02;2609;2251;214356;95525;39.7;17.7
25;2021-06-03;3274;2044;217630;97569;40.3;18.1
25;2021-06-04;3210;2408;220840;99977;40.9;18.5
25;2021-06-05;1492;1402;222332;101379;41.2;18.8
25;2021-06-06;986;259;223318;101638;41.4;18.8
25;2021-06-07;2783;2573;226101;104211;41.9;19.3
25;2021-06-08;2605;2761;228706;106972;42.4;19.8
25;2021-06-09;2382;2763;231088;109735;42.8;20.3
25;2021-06-10;2323;2655;233411;112390;43.3;20.8
25;2021-06-11;2711;3307;236122;115697;43.8;21.4
25;2021-06-12;1572;1861;237694;117558;44.1;21.8
25;2021-06-13;496;257;238190;117815;44.2;21.8
25;2021-06-14;1422;3755;239612;121570;44.4;22.5
25;2021-06-15;1643;3568;241255;125138;44.7;23.2
25;2021-06-16;1954;3272;243209;128410;45.1;23.8
25;2021-06-17;1474;3324;244683;131734;45.4;24.4
25;2021-06-18;2289;4296;246972;136030;45.8;25.2
25;2021-06-19;1351;1976;248323;138006;46.0;25.6
25;2021-06-20;59;239;248382;138245;46.0;25.6
25;2021-06-21;1139;4139;249521;142384;46.3;26.4
25;2021-06-22;1150;4676;250671;147060;46.5;27.3
25;2021-06-23;1405;4073;252076;151133;46.7;28.0
25;2021-06-24;1194;4085;253270;155218;46.9;28.8
25;2021-06-25;1641;5607;254911;160825;47.3;29.8
25;2021-06-26;626;3384;255537;164209;47.4;30.4
25;2021-06-27;451;878;255988;165087;47.5;30.6
25;2021-06-28;907;4475;256895;169562;47.6;31.4
25;2021-06-29;1132;5470;258027;175032;47.8;32.4
25;2021-06-30;1311;5369;259338;180401;48.1;33.4
25;2021-07-01;1709;5230;261047;185631;48.4;34.4
25;2021-07-02;1751;5059;262798;190690;48.7;35.3
25;2021-07-03;1041;2694;263839;193384;48.9;35.8
25;2021-07-04;409;722;264248;194106;49.0;36.0
25;2021-07-05;1300;2579;265548;196685;49.2;36.5
25;2021-07-06;1571;4748;267119;201433;49.5;37.3
25;2021-07-07;1600;4504;268719;205937;49.8;38.2
25;2021-07-08;1553;3932;270272;209869;50.1;38.9
25;2021-07-09;1799;4585;272071;214454;50.4;39.8
25;2021-07-10;781;2372;272852;216826;50.6;40.2
25;2021-07-11;127;307;272979;217133;50.6;40.3
25;2021-07-12;1405;3859;274384;220992;50.9;41.0
25;2021-07-13;2473;4770;276857;225762;51.3;41.9
25;2021-07-14;379;561;277236;226323;51.4;42.0
25;2021-07-15;2403;3655;279639;229978;51.8;42.6
25;2021-07-16;3487;3835;283126;233813;52.5;43.3
25;2021-07-17;2208;2037;285334;235850;52.9;43.7
25;2021-07-18;807;1300;286141;237150;53.0;44.0
25;2021-07-19;2545;4209;288686;241359;53.5;44.7
25;2021-07-20;3383;3711;292069;245070;54.1;45.4
25;2021-07-21;3301;3371;295370;248441;54.8;46.1
25;2021-07-22;3348;2984;298718;251425;55.4;46.6
25;2021-07-23;3566;3356;302284;254781;56.0;47.2
25;2021-07-24;1415;2271;303699;257052;56.3;47.7
25;2021-07-25;677;708;304376;257760;56.4;47.8
25;2021-07-26;3057;3013;307433;260773;57.0;48.3
25;2021-07-27;3835;2127;311268;262900;57.7;48.7
25;2021-07-28;3694;2118;314962;265018;58.4;49.1
25;2021-07-29;4319;2087;319281;267105;59.2;49.5
25;2021-07-30;4272;2485;323553;269590;60.0;50.0
25;2021-07-31;1820;1468;325373;271058;60.3;50.2
25;2021-08-01;1351;199;326724;271257;60.6;50.3
25;2021-08-02;2734;2213;329458;273470;61.1;50.7
25;2021-08-03;2835;2201;332293;275671;61.6;51.1
25;2021-08-04;2936;1427;335229;277098;62.1;51.4
25;2021-08-05;2197;1730;337426;278828;62.6;51.7
25;2021-08-06;2278;2348;339704;281176;63.0;52.1
25;2021-08-07;1291;1202;340995;282378;63.2;52.3
25;2021-08-08;321;477;341316;282855;63.3;52.4
25;2021-08-09;2021;2225;343337;285080;63.6;52.8
25;2021-08-10;1961;2516;345298;287596;64.0;53.3
25;2021-08-11;1830;2033;347128;289629;64.3;53.7
25;2021-08-12;2136;2497;349264;292126;64.7;54.2
25;2021-08-13;1685;2023;350949;294149;65.1;54.5
25;2021-08-14;952;1783;351901;295932;65.2;54.9
25;2021-08-15;9;45;351910;295977;65.2;54.9
25;2021-08-16;1246;3256;353156;299233;65.5;55.5
25;2021-08-17;1438;3287;354594;302520;65.7;56.1
25;2021-08-18;1228;2803;355822;305323;66.0;56.6
25;2021-08-19;985;2868;356807;308191;66.1;57.1
25;2021-08-20;1415;3693;358222;311884;66.4;57.8
25;2021-08-21;565;1780;358787;313664;66.5;58.1
25;2021-08-22;212;1270;358999;314934;66.5;58.4
25;2021-08-23;1099;3329;360098;318263;66.8;59.0
25;2021-08-24;1065;3229;361163;321492;67.0;59.6
25;2021-08-25;1016;3058;362179;324550;67.1;60.2
25;2021-08-26;1136;3000;363315;327550;67.3;60.7
25;2021-08-27;1198;3060;364513;330610;67.6;61.3
25;2021-08-28;589;1785;365102;332395;67.7;61.6
25;2021-08-29;158;509;365260;332904;67.7;61.7
25;2021-08-30;928;2821;366188;335725;67.9;62.2
25;2021-08-31;959;2411;367147;338136;68.1;62.7
25;2021-09-01;837;2568;367984;340704;68.2;63.2
26;2020-12-27;0;0;0;0;0.0;0.0
26;2020-12-28;0;0;0;0;0.0;0.0
26;2020-12-29;0;0;0;0;0.0;0.0
26;2020-12-30;0;0;0;0;0.0;0.0
26;2020-12-31;0;0;0;0;0.0;0.0
26;2021-01-01;0;0;0;0;0.0;0.0
26;2021-01-02;0;0;0;0;0.0;0.0
26;2021-01-03;0;0;0;0;0.0;0.0
26;2021-01-04;0;0;0;0;0.0;0.0
26;2021-01-05;0;0;0;0;0.0;0.0
26;2021-01-06;0;0;0;0;0.0;0.0
26;2021-01-07;168;0;168;0;0.0;0.0
26;2021-01-08;125;0;293;0;0.1;0.0
26;2021-01-09;2;0;295;0;0.1;0.0
26;2021-01-10;0;0;295;0;0.1;0.0
26;2021-01-11;266;1;561;1;0.1;0.0
26;2021-01-12;176;1;737;2;0.1;0.0
26;2021-01-13;417;1;1154;3;0.2;0.0
26;2021-01-14;488;0;1642;3;0.3;0.0
26;2021-01-15;563;1;2205;4;0.4;0.0
26;2021-01-16;250;1;2455;5;0.5;0.0
26;2021-01-17;0;0;2455;5;0.5;0.0
26;2021-01-18;637;1;3092;6;0.6;0.0
26;2021-01-19;785;3;3877;9;0.7;0.0
26;2021-01-20;742;0;4619;9;0.9;0.0
26;2021-01-21;806;4;5425;13;1.0;0.0
26;2021-01-22;787;4;6212;17;1.2;0.0
26;2021-01-23;563;3;6775;20;1.3;0.0
26;2021-01-24;24;0;6799;20;1.3;0.0
26;2021-01-25;697;2;7496;22;1.4;0.0
26;2021-01-26;801;4;8297;26;1.6;0.0
26;2021-01-27;822;8;9119;34;1.8;0.0
26;2021-01-28;1329;156;10448;190;2.0;0.0
26;2021-01-29;970;67;11418;257;2.2;0.0
26;2021-01-30;606;5;12024;262;2.3;0.1
26;2021-01-31;24;0;12048;262;2.3;0.1
26;2021-02-01;709;186;12757;448;2.5;0.1
26;2021-02-02;1274;209;14031;657;2.7;0.1
26;2021-02-03;1241;259;15272;916;2.9;0.2
26;2021-02-04;985;441;16257;1357;3.1;0.3
26;2021-02-05;673;330;16930;1687;3.3;0.3
26;2021-02-06;407;225;17337;1912;3.3;0.4
26;2021-02-07;57;2;17394;1914;3.3;0.4
26;2021-02-08;544;405;17938;2319;3.4;0.4
26;2021-02-09;616;465;18554;2784;3.6;0.5
26;2021-02-10;665;333;19219;3117;3.7;0.6
26;2021-02-11;753;307;19972;3424;3.8;0.7
26;2021-02-12;590;436;20562;3860;3.9;0.7
26;2021-02-13;388;313;20950;4173;4.0;0.8
26;2021-02-14;36;0;20986;4173;4.0;0.8
26;2021-02-15;414;514;21400;4687;4.1;0.9
26;2021-02-16;294;539;21694;5226;4.2;1.0
26;2021-02-17;196;722;21890;5948;4.2;1.1
26;2021-02-18;337;872;22227;6820;4.3;1.3
26;2021-02-19;341;796;22568;7616;4.3;1.5
26;2021-02-20;95;468;22663;8084;4.4;1.6
26;2021-02-21;3;22;22666;8106;4.4;1.6
26;2021-02-22;144;685;22810;8791;4.4;1.7
26;2021-02-23;398;980;23208;9771;4.5;1.9
26;2021-02-24;344;1211;23552;10982;4.5;2.1
26;2021-02-25;737;1053;24289;12035;4.7;2.3
26;2021-02-26;926;629;25215;12664;4.8;2.4
26;2021-02-27;279;506;25494;13170;4.9;2.5
26;2021-02-28;3;30;25497;13200;4.9;2.5
26;2021-03-01;458;651;25955;13851;5.0;2.7
26;2021-03-02;741;631;26696;14482;5.1;2.8
26;2021-03-03;730;676;27426;15158;5.3;2.9
26;2021-03-04;1045;579;28471;15737;5.5;3.0
26;2021-03-05;1710;528;30181;16265;5.8;3.1
26;2021-03-06;2773;494;32954;16759;6.3;3.2
26;2021-03-07;2989;219;35943;16978;6.9;3.3
26;2021-03-08;910;652;36853;17630;7.1;3.4
26;2021-03-09;1325;555;38178;18185;7.3;3.5
26;2021-03-10;1219;510;39397;18695;7.6;3.6
26;2021-03-11;1609;654;41006;19349;7.9;3.7
26;2021-03-12;2215;478;43221;19827;8.3;3.8
26;2021-03-13;1886;345;45107;20172;8.7;3.9
26;2021-03-14;69;39;45176;20211;8.7;3.9
26;2021-03-15;1652;249;46828;20460;9.0;3.9
26;2021-03-16;1232;515;48060;20975;9.2;4.0
26;2021-03-17;1369;306;49429;21281;9.5;4.1
26;2021-03-18;1587;283;51016;21564;9.8;4.1
26;2021-03-19;2444;350;53460;21914;10.3;4.2
26;2021-03-20;1289;150;54749;22064;10.5;4.2
26;2021-03-21;61;20;54810;22084;10.5;4.2
26;2021-03-22;1846;198;56656;22282;10.9;4.3
26;2021-03-23;2475;279;59131;22561;11.4;4.3
26;2021-03-24;2551;244;61682;22805;11.8;4.4
26;2021-03-25;3042;339;64724;23144;12.4;4.4
26;2021-03-26;3050;355;67774;23499;13.0;4.5
26;2021-03-27;1245;159;69019;23658;13.3;4.5
26;2021-03-28;94;7;69113;23665;13.3;4.5
26;2021-03-29;1908;407;71021;24072;13.6;4.6
26;2021-03-30;2383;550;73404;24622;14.1;4.7
26;2021-03-31;2229;583;75633;25205;14.5;4.8
26;2021-04-01;2277;781;77910;25986;15.0;5.0
26;2021-04-02;2214;990;80124;26976;15.4;5.2
26;2021-04-03;552;1201;80676;28177;15.5;5.4
26;2021-04-04;215;888;80891;29065;15.5;5.6
26;2021-04-05;556;53;81447;29118;15.6;5.6
26;2021-04-06;1486;833;82933;29951;15.9;5.8
26;2021-04-07;1792;900;84725;30851;16.3;5.9
26;2021-04-08;3005;934;87730;31785;16.9;6.1
26;2021-04-09;3416;1008;91146;32793;17.5;6.3
26;2021-04-10;1356;922;92502;33715;17.8;6.5
26;2021-04-11;89;35;92591;33750;17.8;6.5
26;2021-04-12;1714;1127;94305;34877;18.1;6.7
26;2021-04-13;2797;1455;97102;36332;18.7;7.0
26;2021-04-14;2207;1486;99309;37818;19.1;7.3
26;2021-04-15;2275;1587;101584;39405;19.5;7.6
26;2021-04-16;2271;1592;103855;40997;20.0;7.9
26;2021-04-17;1096;841;104951;41838;20.2;8.0
26;2021-04-18;35;52;104986;41890;20.2;8.0
26;2021-04-19;1547;1573;106533;43463;20.5;8.3
26;2021-04-20;1799;1727;108332;45190;20.8;8.7
26;2021-04-21;2012;1511;110344;46701;21.2;9.0
26;2021-04-22;2291;1604;112635;48305;21.6;9.3
26;2021-04-23;2011;1635;114646;49940;22.0;9.6
26;2021-04-24;1655;845;116301;50785;22.3;9.8
26;2021-04-25;629;95;116930;50880;22.5;9.8
26;2021-04-26;1377;1600;118307;52480;22.7;10.1
26;2021-04-27;1986;1685;120293;54165;23.1;10.4
26;2021-04-28;1867;1547;122160;55712;23.5;10.7
26;2021-04-29;2866;1893;125026;57605;24.0;11.1
26;2021-04-30;2627;1766;127653;59371;24.5;11.4
26;2021-05-01;1538;377;129191;59748;24.8;11.5
26;2021-05-02;1086;118;130277;59866;25.0;11.5
26;2021-05-03;2201;1789;132478;61655;25.4;11.8
26;2021-05-04;2614;2358;135092;64013;26.0;12.3
26;2021-05-05;2772;2201;137864;66214;26.5;12.7
26;2021-05-06;3321;2219;141185;68433;27.1;13.1
26;2021-05-07;2859;2261;144044;70694;27.7;13.6
26;2021-05-08;1959;621;146003;71315;28.0;13.7
26;2021-05-09;713;123;146716;71438;28.2;13.7
26;2021-05-10;3022;1822;149738;73260;28.8;14.1
26;2021-05-11;4444;2187;154182;75447;29.6;14.5
26;2021-05-12;4828;1694;159010;77141;30.5;14.8
26;2021-05-13;4363;616;163373;77757;31.4;14.9
26;2021-05-14;4643;1549;168016;79306;32.3;15.2
26;2021-05-15;4469;626;172485;79932;33.1;15.4
26;2021-05-16;3631;343;176116;80275;33.8;15.4
26;2021-05-17;3657;1482;179773;81757;34.5;15.7
26;2021-05-18;4476;1743;184249;83500;35.4;16.0
26;2021-05-19;4486;1451;188735;84951;36.3;16.3
26;2021-05-20;4685;1758;193420;86709;37.2;16.7
26;2021-05-21;4729;1801;198149;88510;38.1;17.0
26;2021-05-22;3189;688;201338;89198;38.7;17.1
26;2021-05-23;1598;183;202936;89381;39.0;17.2
26;2021-05-24;3791;743;206727;90124;39.7;17.3
26;2021-05-25;3593;2338;210320;92462;40.4;17.8
26;2021-05-26;4180;2272;214500;94734;41.2;18.2
26;2021-05-27;4215;2464;218715;97198;42.0;18.7
26;2021-05-28;3777;2769;222492;99967;42.7;19.2
26;2021-05-29;3087;1654;225579;101621;43.3;19.5
26;2021-05-30;322;71;225901;101692;43.4;19.5
26;2021-05-31;3081;1851;228982;103543;44.0;19.9
26;2021-06-01;3108;2305;232090;105848;44.6;20.3
26;2021-06-02;2871;2214;234961;108062;45.1;20.8
26;2021-06-03;2851;2493;237812;110555;45.7;21.2
26;2021-06-04;2660;2903;240472;113458;46.2;21.8
26;2021-06-05;1805;1695;242277;115153;46.5;22.1
26;2021-06-06;9;0;242286;115153;46.5;22.1
26;2021-06-07;2348;2426;244634;117579;47.0;22.6
26;2021-06-08;2454;2291;247088;119870;47.5;23.0
26;2021-06-09;2095;2388;249183;122258;47.9;23.5
26;2021-06-10;1980;2761;251163;125019;48.2;24.0
26;2021-06-11;1896;3272;253059;128291;48.6;24.6
26;2021-06-12;1219;1790;254278;130081;48.8;25.0
26;2021-06-13;97;214;254375;130295;48.9;25.0
26;2021-06-14;1416;3497;255791;133792;49.1;25.7
26;2021-06-15;1585;3962;257376;137754;49.4;26.5
26;2021-06-16;1785;3467;259161;141221;49.8;27.1
26;2021-06-17;1510;3167;260671;144388;50.1;27.7
26;2021-06-18;1796;4367;262467;148755;50.4;28.6
26;2021-06-19;933;3180;263400;151935;50.6;29.2
26;2021-06-20;264;876;263664;152811;50.7;29.4
26;2021-06-21;1005;4549;264669;157360;50.8;30.2
26;2021-06-22;1061;5117;265730;162477;51.0;31.2
26;2021-06-23;1167;5072;266897;167549;51.3;32.2
26;2021-06-24;1260;4540;268157;172089;51.5;33.1
26;2021-06-25;1016;5540;269173;177629;51.7;34.1
26;2021-06-26;662;3822;269835;181451;51.8;34.9
26;2021-06-27;300;1273;270135;182724;51.9;35.1
26;2021-06-28;778;4755;270913;187479;52.0;36.0
26;2021-06-29;1099;4962;272012;192441;52.3;37.0
26;2021-06-30;1412;4891;273424;197332;52.5;37.9
26;2021-07-01;1651;4393;275075;201725;52.8;38.8
26;2021-07-02;1334;5163;276409;206888;53.1;39.7
26;2021-07-03;771;3323;277180;210211;53.2;40.4
26;2021-07-04;332;633;277512;210844;53.3;40.5
26;2021-07-05;889;4678;278401;215522;53.5;41.4
26;2021-07-06;1266;4201;279667;219723;53.7;42.2
26;2021-07-07;1442;3796;281109;223519;54.0;42.9
26;2021-07-08;2387;3329;283496;226848;54.5;43.6
26;2021-07-09;1558;4790;285054;231638;54.8;44.5
26;2021-07-10;910;2914;285964;234552;54.9;45.1
26;2021-07-11;333;348;286297;234900;55.0;45.1
26;2021-07-12;1113;4219;287410;239119;55.2;45.9
26;2021-07-13;2301;4342;289711;243461;55.7;46.8
26;2021-07-14;1059;813;290770;244274;55.9;46.9
26;2021-07-15;3169;3656;293939;247930;56.5;47.6
26;2021-07-16;3002;3691;296941;251621;57.0;48.3
26;2021-07-17;1877;1814;298818;253435;57.4;48.7
26;2021-07-18;20;24;298838;253459;57.4;48.7
26;2021-07-19;2725;3265;301563;256724;57.9;49.3
26;2021-07-20;3706;3368;305269;260092;58.6;50.0
26;2021-07-21;3588;3086;308857;263178;59.3;50.6
26;2021-07-22;4122;2968;312979;266146;60.1;51.1
26;2021-07-23;3861;3400;316840;269546;60.9;51.8
26;2021-07-24;2345;1360;319185;270906;61.3;52.0
26;2021-07-25;608;94;319793;271000;61.4;52.1
26;2021-07-26;3428;2581;323221;273581;62.1;52.6
26;2021-07-27;4842;2621;328063;276202;63.0;53.1
26;2021-07-28;4536;2389;332599;278591;63.9;53.5
26;2021-07-29;3903;2889;336502;281480;64.6;54.1
26;2021-07-30;3483;2669;339985;284149;65.3;54.6
26;2021-07-31;1145;1009;341130;285158;65.5;54.8
26;2021-08-01;415;108;341545;285266;65.6;54.8
26;2021-08-02;2942;2361;344487;287627;66.2;55.3
26;2021-08-03;3294;2293;347781;289920;66.8;55.7
26;2021-08-04;3990;2015;351771;291935;67.6;56.1
26;2021-08-05;3143;2199;354914;294134;68.2;56.5
26;2021-08-06;3132;2638;358046;296772;68.8;57.0
26;2021-08-07;639;844;358685;297616;68.9;57.2
26;2021-08-08;28;13;358713;297629;68.9;57.2
26;2021-08-09;2189;3062;360902;300691;69.3;57.8
26;2021-08-10;2334;3043;363236;303734;69.8;58.3
26;2021-08-11;2070;2718;365306;306452;70.2;58.9
26;2021-08-12;1771;2585;367077;309037;70.5;59.4
26;2021-08-13;1662;2420;368739;311457;70.8;59.8
26;2021-08-14;271;872;369010;312329;70.9;60.0
26;2021-08-15;6;8;369016;312337;70.9;60.0
26;2021-08-16;1177;3289;370193;315626;71.1;60.6
26;2021-08-17;1506;3149;371699;318775;71.4;61.2
26;2021-08-18;1621;3378;373320;322153;71.7;61.9
26;2021-08-19;1552;3067;374872;325220;72.0;62.5
26;2021-08-20;1422;2979;376294;328199;72.3;63.0
26;2021-08-21;592;1089;376886;329288;72.4;63.3
26;2021-08-22;61;379;376947;329667;72.4;63.3
26;2021-08-23;1590;3616;378537;333283;72.7;64.0
26;2021-08-24;1728;3587;380265;336870;73.0;64.7
26;2021-08-25;1603;3658;381868;340528;73.4;65.4
26;2021-08-26;1482;3151;383350;343679;73.6;66.0
26;2021-08-27;1557;3604;384907;347283;73.9;66.7
26;2021-08-28;395;1100;385302;348383;74.0;66.9
26;2021-08-29;10;25;385312;348408;74.0;66.9
26;2021-08-30;1452;3437;386764;351845;74.3;67.6
26;2021-08-31;1279;3424;388043;355269;74.5;68.2
26;2021-09-01;1364;2809;389407;358078;74.8;68.8
27;2020-12-27;1;0;1;0;0.0;0.0
27;2020-12-28;1;0;2;0;0.0;0.0
27;2020-12-29;2;0;4;0;0.0;0.0
27;2020-12-30;0;0;4;0;0.0;0.0
27;2020-12-31;0;0;4;0;0.0;0.0
27;2021-01-01;0;0;4;0;0.0;0.0
27;2021-01-02;0;0;4;0;0.0;0.0
27;2021-01-03;2;0;6;0;0.0;0.0
27;2021-01-04;0;0;6;0;0.0;0.0
27;2021-01-05;15;0;21;0;0.0;0.0
27;2021-01-06;161;0;182;0;0.0;0.0
27;2021-01-07;372;1;554;1;0.1;0.0
27;2021-01-08;442;0;996;1;0.2;0.0
27;2021-01-09;72;1;1068;2;0.2;0.0
27;2021-01-10;101;0;1169;2;0.2;0.0
27;2021-01-11;383;0;1552;2;0.3;0.0
27;2021-01-12;409;2;1961;4;0.3;0.0
27;2021-01-13;839;1;2800;5;0.5;0.0
27;2021-01-14;1629;26;4429;31;0.7;0.0
27;2021-01-15;1221;5;5650;36;0.9;0.0
27;2021-01-16;333;2;5983;38;1.0;0.0
27;2021-01-17;205;0;6188;38;1.0;0.0
27;2021-01-18;799;2;6987;40;1.2;0.0
27;2021-01-19;773;3;7760;43;1.3;0.0
27;2021-01-20;871;1;8631;44;1.4;0.0
27;2021-01-21;655;1;9286;45;1.5;0.0
27;2021-01-22;779;4;10065;49;1.7;0.0
27;2021-01-23;350;0;10415;49;1.7;0.0
27;2021-01-24;169;5;10584;54;1.8;0.0
27;2021-01-25;635;15;11219;69;1.9;0.0
27;2021-01-26;462;16;11681;85;1.9;0.0
27;2021-01-27;506;104;12187;189;2.0;0.0
27;2021-01-28;517;295;12704;484;2.1;0.1
27;2021-01-29;509;107;13213;591;2.2;0.1
27;2021-01-30;242;29;13455;620;2.2;0.1
27;2021-01-31;27;24;13482;644;2.2;0.1
27;2021-02-01;349;190;13831;834;2.3;0.1
27;2021-02-02;307;279;14138;1113;2.4;0.2
27;2021-02-03;488;396;14626;1509;2.4;0.3
27;2021-02-04;716;879;15342;2388;2.6;0.4
27;2021-02-05;663;1135;16005;3523;2.7;0.6
27;2021-02-06;125;217;16130;3740;2.7;0.6
27;2021-02-07;25;42;16155;3782;2.7;0.6
27;2021-02-08;312;359;16467;4141;2.7;0.7
27;2021-02-09;341;540;16808;4681;2.8;0.8
27;2021-02-10;303;505;17111;5186;2.8;0.9
27;2021-02-11;318;437;17429;5623;2.9;0.9
27;2021-02-12;229;522;17658;6145;2.9;1.0
27;2021-02-13;151;128;17809;6273;3.0;1.0
27;2021-02-14;6;84;17815;6357;3.0;1.1
27;2021-02-15;390;576;18205;6933;3.0;1.2
27;2021-02-16;295;702;18500;7635;3.1;1.3
27;2021-02-17;247;611;18747;8246;3.1;1.4
27;2021-02-18;363;658;19110;8904;3.2;1.5
27;2021-02-19;218;664;19328;9568;3.2;1.6
27;2021-02-20;129;247;19457;9815;3.2;1.6
27;2021-02-21;12;130;19469;9945;3.2;1.7
27;2021-02-22;482;554;19951;10499;3.3;1.7
27;2021-02-23;495;612;20446;11111;3.4;1.8
27;2021-02-24;543;631;20989;11742;3.5;2.0
27;2021-02-25;845;740;21834;12482;3.6;2.1
27;2021-02-26;953;684;22787;13166;3.8;2.2
27;2021-02-27;406;151;23193;13317;3.9;2.2
27;2021-02-28;173;30;23366;13347;3.9;2.2
27;2021-03-01;487;436;23853;13783;4.0;2.3
27;2021-03-02;765;363;24618;14146;4.1;2.4
27;2021-03-03;852;360;25470;14506;4.2;2.4
27;2021-03-04;887;230;26357;14736;4.4;2.5
27;2021-03-05;1304;236;27661;14972;4.6;2.5
27;2021-03-06;1637;108;29298;15080;4.9;2.5
27;2021-03-07;620;17;29918;15097;5.0;2.5
27;2021-03-08;1204;304;31122;15401;5.2;2.6
27;2021-03-09;1827;266;32949;15667;5.5;2.6
27;2021-03-10;2116;343;35065;16010;5.8;2.7
27;2021-03-11;2156;222;37221;16232;6.2;2.7
27;2021-03-12;2818;199;40039;16431;6.7;2.7
27;2021-03-13;1919;124;41958;16555;7.0;2.8
27;2021-03-14;655;15;42613;16570;7.1;2.8
27;2021-03-15;1556;217;44169;16787;7.4;2.8
27;2021-03-16;1488;239;45657;17026;7.6;2.8
27;2021-03-17;1854;344;47511;17370;7.9;2.9
27;2021-03-18;1687;345;49198;17715;8.2;2.9
27;2021-03-19;1833;172;51031;17887;8.5;3.0
27;2021-03-20;904;41;51935;17928;8.6;3.0
27;2021-03-21;258;3;52193;17931;8.7;3.0
27;2021-03-22;1233;544;53426;18475;8.9;3.1
27;2021-03-23;1626;457;55052;18932;9.2;3.2
27;2021-03-24;1523;475;56575;19407;9.4;3.2
27;2021-03-25;2162;510;58737;19917;9.8;3.3
27;2021-03-26;2531;441;61268;20358;10.2;3.4
27;2021-03-27;1568;200;62836;20558;10.5;3.4
27;2021-03-28;1149;49;63985;20607;10.7;3.4
27;2021-03-29;1376;831;65361;21438;10.9;3.6
27;2021-03-30;1391;846;66752;22284;11.1;3.7
27;2021-03-31;1487;877;68239;23161;11.4;3.9
27;2021-04-01;1956;812;70195;23973;11.7;4.0
27;2021-04-02;2000;1181;72195;25154;12.0;4.2
27;2021-04-03;1562;737;73757;25891;12.3;4.3
27;2021-04-04;978;175;74735;26066;12.4;4.3
27;2021-04-05;283;6;75018;26072;12.5;4.3
27;2021-04-06;1416;1803;76434;27875;12.7;4.6
27;2021-04-07;1323;1746;77757;29621;12.9;4.9
27;2021-04-08;1683;1681;79440;31302;13.2;5.2
27;2021-04-09;2947;1564;82387;32866;13.7;5.5
27;2021-04-10;2033;986;84420;33852;14.1;5.6
27;2021-04-11;946;211;85366;34063;14.2;5.7
27;2021-04-12;2435;1512;87801;35575;14.6;5.9
27;2021-04-13;2393;1549;90194;37124;15.0;6.2
27;2021-04-14;2085;1629;92279;38753;15.4;6.5
27;2021-04-15;1875;1664;94154;40417;15.7;6.7
27;2021-04-16;2753;1116;96907;41533;16.1;6.9
27;2021-04-17;2170;496;99077;42029;16.5;7.0
27;2021-04-18;453;16;99530;42045;16.6;7.0
27;2021-04-19;1713;1175;101243;43220;16.9;7.2
27;2021-04-20;2386;1303;103629;44523;17.3;7.4
27;2021-04-21;2209;1081;105838;45604;17.6;7.6
27;2021-04-22;2179;1415;108017;47019;18.0;7.8
27;2021-04-23;2447;1178;110464;48197;18.4;8.0
27;2021-04-24;3258;1145;113722;49342;18.9;8.2
27;2021-04-25;1130;1052;114852;50394;19.1;8.4
27;2021-04-26;1924;1147;116776;51541;19.4;8.6
27;2021-04-27;2529;1093;119305;52634;19.9;8.8
27;2021-04-28;2393;1314;121698;53948;20.3;9.0
27;2021-04-29;2491;1473;124189;55421;20.7;9.2
27;2021-04-30;2371;1613;126560;57034;21.1;9.5
27;2021-05-01;2638;889;129198;57923;21.5;9.6
27;2021-05-02;1953;898;131151;58821;21.8;9.8
27;2021-05-03;3064;880;134215;59701;22.3;9.9
27;2021-05-04;2781;1648;136996;61349;22.8;10.2
27;2021-05-05;2817;1651;139813;63000;23.3;10.5
27;2021-05-06;3184;1293;142997;64293;23.8;10.7
27;2021-05-07;3323;2002;146320;66295;24.4;11.0
27;2021-05-08;2803;1331;149123;67626;24.8;11.3
27;2021-05-09;1696;296;150819;67922;25.1;11.3
27;2021-05-10;2950;2271;153769;70193;25.6;11.7
27;2021-05-11;3357;1759;157126;71952;26.2;12.0
27;2021-05-12;3463;1728;160589;73680;26.7;12.3
27;2021-05-13;1892;255;162481;73935;27.0;12.3
27;2021-05-14;3884;1789;166365;75724;27.7;12.6
27;2021-05-15;6603;956;172968;76680;28.8;12.8
27;2021-05-16;3668;436;176636;77116;29.4;12.8
27;2021-05-17;2776;1163;179412;78279;29.9;13.0
27;2021-05-18;3845;1293;183257;79572;30.5;13.2
27;2021-05-19;3967;1154;187224;80726;31.2;13.4
27;2021-05-20;3873;1167;191097;81893;31.8;13.6
27;2021-05-21;3968;1800;195065;83693;32.5;13.9
27;2021-05-22;4369;802;199434;84495;33.2;14.1
27;2021-05-23;799;173;200233;84668;33.3;14.1
27;2021-05-24;1490;341;201723;85009;33.6;14.2
27;2021-05-25;3513;1609;205236;86618;34.2;14.4
27;2021-05-26;3857;1741;209093;88359;34.8;14.7
27;2021-05-27;3789;1487;212882;89846;35.4;15.0
27;2021-05-28;3399;2627;216281;92473;36.0;15.4
27;2021-05-29;4824;2300;221105;94773;36.8;15.8
27;2021-05-30;1118;248;222223;95021;37.0;15.8
27;2021-05-31;3467;2277;225690;97298;37.6;16.2
27;2021-06-01;3816;2248;229506;99546;38.2;16.6
27;2021-06-02;3341;2185;232847;101731;38.8;16.9
27;2021-06-03;4430;2125;237277;103856;39.5;17.3
27;2021-06-04;3603;2976;240880;106832;40.1;17.8
27;2021-06-05;3209;3352;244089;110184;40.6;18.3
27;2021-06-06;2004;1007;246093;111191;41.0;18.5
27;2021-06-07;2569;2357;248662;113548;41.4;18.9
27;2021-06-08;3127;2379;251789;115927;41.9;19.3
27;2021-06-09;2304;2470;254093;118397;42.3;19.7
27;2021-06-10;2431;2040;256524;120437;42.7;20.0
27;2021-06-11;2889;3774;259413;124211;43.2;20.7
27;2021-06-12;1982;4191;261395;128402;43.5;21.4
27;2021-06-13;1084;2686;262479;131088;43.7;21.8
27;2021-06-14;1995;3110;264474;134198;44.0;22.3
27;2021-06-15;2687;3021;267161;137219;44.5;22.8
27;2021-06-16;2502;3261;269663;140480;44.9;23.4
27;2021-06-17;2296;3284;271959;143764;45.3;23.9
27;2021-06-18;2746;4419;274705;148183;45.7;24.7
27;2021-06-19;1863;3393;276568;151576;46.0;25.2
27;2021-06-20;608;711;277176;152287;46.1;25.4
27;2021-06-21;1703;3493;278879;155780;46.4;25.9
27;2021-06-22;2384;3718;281263;159498;46.8;26.6
27;2021-06-23;2074;3570;283337;163068;47.2;27.1
27;2021-06-24;2256;3413;285593;166481;47.5;27.7
27;2021-06-25;1935;4458;287528;170939;47.9;28.5
27;2021-06-26;884;5353;288412;176292;48.0;29.3
27;2021-06-27;377;1427;288789;177719;48.1;29.6
27;2021-06-28;1128;3405;289917;181124;48.3;30.2
27;2021-06-29;1702;4367;291619;185491;48.5;30.9
27;2021-06-30;2117;4095;293736;189586;48.9;31.6
27;2021-07-01;2225;3909;295961;193495;49.3;32.2
27;2021-07-02;1590;4617;297551;198112;49.5;33.0
27;2021-07-03;1308;4775;298859;202887;49.8;33.8
27;2021-07-04;504;1405;299363;204292;49.8;34.0
27;2021-07-05;1419;3530;300782;207822;50.1;34.6
27;2021-07-06;1369;4181;302151;212003;50.3;35.3
27;2021-07-07;1759;4903;303910;216906;50.6;36.1
27;2021-07-08;2088;4351;305998;221257;50.9;36.8
27;2021-07-09;1985;5287;307983;226544;51.3;37.7
27;2021-07-10;1167;4178;309150;230722;51.5;38.4
27;2021-07-11;426;1139;309576;231861;51.5;38.6
27;2021-07-12;1254;4374;310830;236235;51.7;39.3
27;2021-07-13;2761;5352;313591;241587;52.2;40.2
27;2021-07-14;1519;1751;315110;243338;52.5;40.5
27;2021-07-15;3033;5468;318143;248806;53.0;41.4
27;2021-07-16;3821;5287;321964;254093;53.6;42.3
27;2021-07-17;2734;3877;324698;257970;54.1;42.9
27;2021-07-18;551;1265;325249;259235;54.1;43.2
27;2021-07-19;3688;3789;328937;263024;54.8;43.8
27;2021-07-20;3460;3587;332397;266611;55.3;44.4
27;2021-07-21;4253;3900;336650;270511;56.0;45.0
27;2021-07-22;4750;3709;341400;274220;56.8;45.7
27;2021-07-23;3591;3400;344991;277620;57.4;46.2
27;2021-07-24;3114;2328;348105;279948;58.0;46.6
27;2021-07-25;493;545;348598;280493;58.0;46.7
27;2021-07-26;3069;3175;351667;283668;58.5;47.2
27;2021-07-27;3598;3103;355265;286771;59.1;47.7
27;2021-07-28;3592;3243;358857;290014;59.7;48.3
27;2021-07-29;4589;3509;363446;293523;60.5;48.9
27;2021-07-30;3814;3143;367260;296666;61.1;49.4
27;2021-07-31;3063;2579;370323;299245;61.6;49.8
27;2021-08-01;538;498;370861;299743;61.7;49.9
27;2021-08-02;3320;2581;374181;302324;62.3;50.3
27;2021-08-03;3428;2772;377609;305096;62.9;50.8
27;2021-08-04;3033;2335;380642;307431;63.4;51.2
27;2021-08-05;2674;2358;383316;309789;63.8;51.6
27;2021-08-06;3263;3251;386579;313040;64.4;52.1
27;2021-08-07;1798;2559;388377;315599;64.7;52.5
27;2021-08-08;219;197;388596;315796;64.7;52.6
27;2021-08-09;2209;2812;390805;318608;65.1;53.0
27;2021-08-10;2810;3505;393615;322113;65.5;53.6
27;2021-08-11;2626;3099;396241;325212;66.0;54.1
27;2021-08-12;2349;3907;398590;329119;66.4;54.8
27;2021-08-13;1734;2562;400324;331681;66.6;55.2
27;2021-08-14;1159;2891;401483;334572;66.8;55.7
27;2021-08-15;17;22;401500;334594;66.8;55.7
27;2021-08-16;1806;3810;403306;338404;67.1;56.3
27;2021-08-17;2040;3439;405346;341843;67.5;56.9
27;2021-08-18;1451;2982;406797;344825;67.7;57.4
27;2021-08-19;1705;3357;408502;348182;68.0;58.0
27;2021-08-20;1629;3439;410131;351621;68.3;58.5
27;2021-08-21;982;2845;411113;354466;68.4;59.0
27;2021-08-22;184;157;411297;354623;68.5;59.0
27;2021-08-23;1076;4004;412373;358627;68.7;59.7
27;2021-08-24;1431;3966;413804;362593;68.9;60.4
27;2021-08-25;1715;3411;415519;366004;69.2;60.9
27;2021-08-26;1145;2920;416664;368924;69.4;61.4
27;2021-08-27;1263;3215;417927;372139;69.6;62.0
27;2021-08-28;908;2861;418835;375000;69.7;62.4
27;2021-08-29;85;136;418920;375136;69.7;62.5
27;2021-08-30;906;3312;419826;378448;69.9;63.0
27;2021-08-31;1216;3203;421042;381651;70.1;63.5
27;2021-09-01;984;3135;422026;384786;70.3;64.1
28;2020-12-27;0;0;0;0;0.0;0.0
28;2020-12-28;0;0;0;0;0.0;0.0
28;2020-12-29;0;0;0;0;0.0;0.0
28;2020-12-30;0;0;0;0;0.0;0.0
28;2020-12-31;0;0;0;0;0.0;0.0
28;2021-01-01;1;0;1;0;0.0;0.0
28;2021-01-02;0;0;1;0;0.0;0.0
28;2021-01-03;0;0;1;0;0.0;0.0
28;2021-01-04;0;0;1;0;0.0;0.0
28;2021-01-05;5;0;6;0;0.0;0.0
28;2021-01-06;84;0;90;0;0.0;0.0
28;2021-01-07;102;0;192;0;0.0;0.0
28;2021-01-08;134;2;326;2;0.1;0.0
28;2021-01-09;78;0;404;2;0.1;0.0
28;2021-01-10;1;0;405;2;0.1;0.0
28;2021-01-11;205;0;610;2;0.1;0.0
28;2021-01-12;265;2;875;4;0.2;0.0
28;2021-01-13;397;3;1272;7;0.3;0.0
28;2021-01-14;449;5;1721;12;0.4;0.0
28;2021-01-15;374;3;2095;15;0.5;0.0
28;2021-01-16;206;2;2301;17;0.5;0.0
28;2021-01-17;21;0;2322;17;0.5;0.0
28;2021-01-18;372;2;2694;19;0.6;0.0
28;2021-01-19;503;4;3197;23;0.7;0.0
28;2021-01-20;636;1;3833;24;0.9;0.0
28;2021-01-21;796;3;4629;27;1.1;0.0
28;2021-01-22;478;1;5107;28;1.2;0.0
28;2021-01-23;354;0;5461;28;1.3;0.0
28;2021-01-24;1;0;5462;28;1.3;0.0
28;2021-01-25;456;4;5918;32;1.4;0.0
28;2021-01-26;718;4;6636;36;1.5;0.0
28;2021-01-27;1213;50;7849;86;1.8;0.0
28;2021-01-28;1587;93;9436;179;2.2;0.0
28;2021-01-29;896;95;10332;274;2.4;0.1
28;2021-01-30;248;52;10580;326;2.5;0.1
28;2021-01-31;2;22;10582;348;2.5;0.1
28;2021-02-01;324;121;10906;469;2.5;0.1
28;2021-02-02;368;239;11274;708;2.6;0.2
28;2021-02-03;473;254;11747;962;2.7;0.2
28;2021-02-04;525;276;12272;1238;2.9;0.3
28;2021-02-05;436;225;12708;1463;3.0;0.3
28;2021-02-06;200;129;12908;1592;3.0;0.4
28;2021-02-07;0;0;12908;1592;3.0;0.4
28;2021-02-08;331;241;13239;1833;3.1;0.4
28;2021-02-09;281;334;13520;2167;3.1;0.5
28;2021-02-10;443;394;13963;2561;3.3;0.6
28;2021-02-11;561;481;14524;3042;3.4;0.7
28;2021-02-12;453;421;14977;3463;3.5;0.8
28;2021-02-13;181;182;15158;3645;3.5;0.8
28;2021-02-14;0;2;15158;3647;3.5;0.8
28;2021-02-15;280;462;15438;4109;3.6;1.0
28;2021-02-16;394;699;15832;4808;3.7;1.1
28;2021-02-17;585;1136;16417;5944;3.8;1.4
28;2021-02-18;666;1387;17083;7331;4.0;1.7
28;2021-02-19;548;755;17631;8086;4.1;1.9
28;2021-02-20;114;140;17745;8226;4.1;1.9
28;2021-02-21;7;33;17752;8259;4.1;1.9
28;2021-02-22;223;506;17975;8765;4.2;2.0
28;2021-02-23;203;369;18178;9134;4.2;2.1
28;2021-02-24;244;462;18422;9596;4.3;2.2
28;2021-02-25;574;440;18996;10036;4.4;2.3
28;2021-02-26;764;375;19760;10411;4.6;2.4
28;2021-02-27;265;85;20025;10496;4.7;2.4
28;2021-02-28;23;17;20048;10513;4.7;2.4
28;2021-03-01;291;214;20339;10727;4.7;2.5
28;2021-03-02;397;274;20736;11001;4.8;2.6
28;2021-03-03;369;394;21105;11395;4.9;2.7
28;2021-03-04;720;487;21825;11882;5.1;2.8
28;2021-03-05;1319;414;23144;12296;5.4;2.9
28;2021-03-06;1998;88;25142;12384;5.9;2.9
28;2021-03-07;974;30;26116;12414;6.1;2.9
28;2021-03-08;398;307;26514;12721;6.2;3.0
28;2021-03-09;980;359;27494;13080;6.4;3.0
28;2021-03-10;1357;545;28851;13625;6.7;3.2
28;2021-03-11;1536;702;30387;14327;7.1;3.3
28;2021-03-12;2258;642;32645;14969;7.6;3.5
28;2021-03-13;1235;133;33880;15102;7.9;3.5
28;2021-03-14;518;18;34398;15120;8.0;3.5
28;2021-03-15;755;232;35153;15352;8.2;3.6
28;2021-03-16;716;225;35869;15577;8.4;3.6
28;2021-03-17;746;289;36615;15866;8.5;3.7
28;2021-03-18;1202;276;37817;16142;8.8;3.8
28;2021-03-19;1557;333;39374;16475;9.2;3.8
28;2021-03-20;639;21;40013;16496;9.3;3.8
28;2021-03-21;29;8;40042;16504;9.3;3.8
28;2021-03-22;767;321;40809;16825;9.5;3.9
28;2021-03-23;1027;194;41836;17019;9.7;4.0
28;2021-03-24;1312;278;43148;17297;10.0;4.0
28;2021-03-25;1797;289;44945;17586;10.5;4.1
28;2021-03-26;2083;344;47028;17930;11.0;4.2
28;2021-03-27;402;38;47430;17968;11.0;4.2
28;2021-03-28;12;0;47442;17968;11.0;4.2
28;2021-03-29;1140;357;48582;18325;11.3;4.3
28;2021-03-30;1711;251;50293;18576;11.7;4.3
28;2021-03-31;2018;481;52311;19057;12.2;4.4
28;2021-04-01;1796;587;54107;19644;12.6;4.6
28;2021-04-02;1585;1317;55692;20961;13.0;4.9
28;2021-04-03;607;1071;56299;22032;13.1;5.1
28;2021-04-04;33;302;56332;22334;13.1;5.2
28;2021-04-05;40;3;56372;22337;13.1;5.2
28;2021-04-06;1225;460;57597;22797;13.4;5.3
28;2021-04-07;1890;1006;59487;23803;13.9;5.5
28;2021-04-08;2086;1074;61573;24877;14.3;5.8
28;2021-04-09;3235;923;64808;25800;15.1;6.0
28;2021-04-10;1581;199;66389;25999;15.5;6.1
28;2021-04-11;141;451;66530;26450;15.5;6.2
28;2021-04-12;1674;562;68204;27012;15.9;6.3
28;2021-04-13;1875;672;70079;27684;16.3;6.4
28;2021-04-14;2771;903;72850;28587;17.0;6.7
28;2021-04-15;2555;1144;75405;29731;17.6;6.9
28;2021-04-16;2553;805;77958;30536;18.2;7.1
28;2021-04-17;2309;134;80267;30670;18.7;7.1
28;2021-04-18;45;8;80312;30678;18.7;7.1
28;2021-04-19;1577;649;81889;31327;19.1;7.3
28;2021-04-20;1841;598;83730;31925;19.5;7.4
28;2021-04-21;2679;963;86409;32888;20.1;7.7
28;2021-04-22;1782;1217;88191;34105;20.5;7.9
28;2021-04-23;2325;1104;90516;35209;21.1;8.2
28;2021-04-24;3657;138;94173;35347;21.9;8.2
28;2021-04-25;1012;38;95185;35385;22.2;8.2
28;2021-04-26;1331;926;96516;36311;22.5;8.5
28;2021-04-27;1436;1283;97952;37594;22.8;8.8
28;2021-04-28;2374;1830;100326;39424;23.4;9.2
28;2021-04-29;2129;1506;102455;40930;23.9;9.5
28;2021-04-30;2973;1226;105428;42156;24.6;9.8
28;2021-05-01;127;120;105555;42276;24.6;9.8
28;2021-05-02;2;65;105557;42341;24.6;9.9
28;2021-05-03;1047;1020;106604;43361;24.8;10.1
28;2021-05-04;1360;1669;107964;45030;25.1;10.5
28;2021-05-05;2830;1652;110794;46682;25.8;10.9
28;2021-05-06;2457;1473;113251;48155;26.4;11.2
28;2021-05-07;2310;1933;115561;50088;26.9;11.7
28;2021-05-08;1077;117;116638;50205;27.2;11.7
28;2021-05-09;105;610;116743;50815;27.2;11.8
28;2021-05-10;1308;1893;118051;52708;27.5;12.3
28;2021-05-11;2028;2339;120079;55047;28.0;12.8
28;2021-05-12;2619;3233;122698;58280;28.6;13.6
28;2021-05-13;290;451;122988;58731;28.6;13.7
28;2021-05-14;1899;1616;124887;60347;29.1;14.1
28;2021-05-15;1436;1674;126323;62021;29.4;14.4
28;2021-05-16;1987;131;128310;62152;29.9;14.5
28;2021-05-17;2875;1493;131185;63645;30.5;14.8
28;2021-05-18;3382;1380;134567;65025;31.3;15.1
28;2021-05-19;5092;1282;139659;66307;32.5;15.4
28;2021-05-20;4150;1230;143809;67537;33.5;15.7
28;2021-05-21;3465;1587;147274;69124;34.3;16.1
28;2021-05-22;728;1161;148002;70285;34.5;16.4
28;2021-05-23;1957;138;149959;70423;34.9;16.4
28;2021-05-24;1429;395;151388;70818;35.3;16.5
28;2021-05-25;1877;1408;153265;72226;35.7;16.8
28;2021-05-26;2767;1346;156032;73572;36.3;17.1
28;2021-05-27;2756;1235;158788;74807;37.0;17.4
28;2021-05-28;3081;1734;161869;76541;37.7;17.8
28;2021-05-29;1869;876;163738;77417;38.1;18.0
28;2021-05-30;16;47;163754;77464;38.1;18.0
28;2021-05-31;2014;937;165768;78401;38.6;18.3
28;2021-06-01;2133;1663;167901;80064;39.1;18.6
28;2021-06-02;2077;2458;169978;82522;39.6;19.2
28;2021-06-03;2498;1563;172476;84085;40.2;19.6
28;2021-06-04;2608;2356;175084;86441;40.8;20.1
28;2021-06-05;1909;2527;176993;88968;41.2;20.7
28;2021-06-06;1059;1043;178052;90011;41.5;21.0
28;2021-06-07;3577;1574;181629;91585;42.3;21.3
28;2021-06-08;3197;1518;184826;93103;43.0;21.7
28;2021-06-09;3676;2130;188502;95233;43.9;22.2
28;2021-06-10;3142;1262;191644;96495;44.6;22.5
28;2021-06-11;3792;2133;195436;98628;45.5;23.0
28;2021-06-12;1305;560;196741;99188;45.8;23.1
28;2021-06-13;385;108;197126;99296;45.9;23.1
28;2021-06-14;2208;2001;199334;101297;46.4;23.6
28;2021-06-15;2092;2225;201426;103522;46.9;24.1
28;2021-06-16;2510;3982;203936;107504;47.5;25.0
28;2021-06-17;1926;3135;205862;110639;47.9;25.8
28;2021-06-18;2473;3788;208335;114427;48.5;26.6
28;2021-06-19;776;1613;209111;116040;48.7;27.0
28;2021-06-20;23;24;209134;116064;48.7;27.0
28;2021-06-21;1685;1991;210819;118055;49.1;27.5
28;2021-06-22;1371;2108;212190;120163;49.4;28.0
28;2021-06-23;1782;3164;213972;123327;49.8;28.7
28;2021-06-24;733;930;214705;124257;50.0;28.9
28;2021-06-25;1891;3028;216596;127285;50.4;29.6
28;2021-06-26;310;2116;216906;129401;50.5;30.1
28;2021-06-27;588;1284;217494;130685;50.6;30.4
28;2021-06-28;1226;3656;218720;134341;50.9;31.3
28;2021-06-29;1342;3796;220062;138137;51.2;32.2
28;2021-06-30;1493;4259;221555;142396;51.6;33.2
28;2021-07-01;1278;3500;222833;145896;51.9;34.0
28;2021-07-02;1313;4653;224146;150549;52.2;35.1
28;2021-07-03;1132;2370;225278;152919;52.5;35.6
28;2021-07-04;146;1325;225424;154244;52.5;35.9
28;2021-07-05;1362;2513;226786;156757;52.8;36.5
28;2021-07-06;1510;2870;228296;159627;53.2;37.2
28;2021-07-07;1636;4144;229932;163771;53.5;38.1
28;2021-07-08;1470;3238;231402;167009;53.9;38.9
28;2021-07-09;1393;4520;232795;171529;54.2;39.9
28;2021-07-10;528;2208;233323;173737;54.3;40.5
28;2021-07-11;2;1;233325;173738;54.3;40.5
28;2021-07-12;1527;3929;234852;177667;54.7;41.4
28;2021-07-13;2264;4141;237116;181808;55.2;42.3
28;2021-07-14;1329;1396;238445;183204;55.5;42.7
28;2021-07-15;2986;3978;241431;187182;56.2;43.6
28;2021-07-16;2443;4751;243874;191933;56.8;44.7
28;2021-07-17;1263;2430;245137;194363;57.1;45.3
28;2021-07-18;369;944;245506;195307;57.2;45.5
28;2021-07-19;1808;4339;247314;199646;57.6;46.5
28;2021-07-20;2474;4088;249788;203734;58.2;47.4
28;2021-07-21;2965;4286;252753;208020;58.9;48.4
28;2021-07-22;3667;3429;256420;211449;59.7;49.2
28;2021-07-23;2962;4000;259382;215449;60.4;50.2
28;2021-07-24;1694;1477;261076;216926;60.8;50.5
28;2021-07-25;68;61;261144;216987;60.8;50.5
28;2021-07-26;2931;3385;264075;220372;61.5;51.3
28;2021-07-27;3885;2620;267960;222992;62.4;51.9
28;2021-07-28;3948;2740;271908;225732;63.3;52.6
28;2021-07-29;4464;2090;276372;227822;64.4;53.1
28;2021-07-30;3818;2840;280190;230662;65.2;53.7
28;2021-07-31;762;824;280952;231486;65.4;53.9
28;2021-08-01;378;65;281330;231551;65.5;53.9
28;2021-08-02;1791;1519;283121;233070;65.9;54.3
28;2021-08-03;2685;2162;285806;235232;66.6;54.8
28;2021-08-04;1932;2300;287738;237532;67.0;55.3
28;2021-08-05;1660;1733;289398;239265;67.4;55.7
28;2021-08-06;1614;1969;291012;241234;67.8;56.2
28;2021-08-07;798;1002;291810;242236;68.0;56.4
28;2021-08-08;22;33;291832;242269;68.0;56.4
28;2021-08-09;1384;1096;293216;243365;68.3;56.7
28;2021-08-10;1707;2026;294923;245391;68.7;57.1
28;2021-08-11;1273;1572;296196;246963;69.0;57.5
28;2021-08-12;1161;1885;297357;248848;69.2;57.9
28;2021-08-13;1289;1647;298646;250495;69.5;58.3
28;2021-08-14;655;843;299301;251338;69.7;58.5
28;2021-08-15;265;60;299566;251398;69.8;58.5
28;2021-08-16;858;2144;300424;253542;70.0;59.0
28;2021-08-17;1120;2797;301544;256339;70.2;59.7
28;2021-08-18;887;2413;302431;258752;70.4;60.3
28;2021-08-19;882;2615;303313;261367;70.6;60.9
28;2021-08-20;935;2750;304248;264117;70.9;61.5
28;2021-08-21;378;1001;304626;265118;70.9;61.7
28;2021-08-22;8;31;304634;265149;70.9;61.7
28;2021-08-23;1040;2145;305674;267294;71.2;62.2
28;2021-08-24;861;2582;306535;269876;71.4;62.8
28;2021-08-25;1068;2206;307603;272082;71.6;63.4
28;2021-08-26;693;1812;308296;273894;71.8;63.8
28;2021-08-27;749;2359;309045;276253;72.0;64.3
28;2021-08-28;519;1093;309564;277346;72.1;64.6
28;2021-08-29;5;26;309569;277372;72.1;64.6
28;2021-08-30;992;2181;310561;279553;72.3;65.1
28;2021-08-31;795;2241;311356;281794;72.5;65.6
28;2021-09-01;738;2600;312094;284394;72.7;66.2
29;2020-12-27;0;0;0;0;0.0;0.0
29;2020-12-28;1;0;1;0;0.0;0.0
29;2020-12-29;0;0;1;0;0.0;0.0
29;2020-12-30;0;0;1;0;0.0;0.0
29;2020-12-31;0;0;1;0;0.0;0.0
29;2021-01-01;2;0;3;0;0.0;0.0
29;2021-01-02;0;0;3;0;0.0;0.0
29;2021-01-03;1;0;4;0;0.0;0.0
29;2021-01-04;32;0;36;0;0.0;0.0
29;2021-01-05;31;0;67;0;0.0;0.0
29;2021-01-06;43;0;110;0;0.0;0.0
29;2021-01-07;137;0;247;0;0.0;0.0
29;2021-01-08;408;0;655;0;0.1;0.0
29;2021-01-09;2;0;657;0;0.1;0.0
29;2021-01-10;2;0;659;0;0.1;0.0
29;2021-01-11;667;0;1326;0;0.1;0.0
29;2021-01-12;1120;0;2446;0;0.3;0.0
29;2021-01-13;1101;1;3547;1;0.4;0.0
29;2021-01-14;894;4;4441;5;0.5;0.0
29;2021-01-15;1221;7;5662;12;0.6;0.0
29;2021-01-16;168;1;5830;13;0.6;0.0
29;2021-01-17;112;1;5942;14;0.7;0.0
29;2021-01-18;839;3;6781;17;0.7;0.0
29;2021-01-19;1313;1;8094;18;0.9;0.0
29;2021-01-20;2396;2;10490;20;1.2;0.0
29;2021-01-21;5657;6;16147;26;1.8;0.0
29;2021-01-22;3774;5;19921;31;2.2;0.0
29;2021-01-23;538;0;20459;31;2.3;0.0
29;2021-01-24;200;1;20659;32;2.3;0.0
29;2021-01-25;575;7;21234;39;2.3;0.0
29;2021-01-26;951;34;22185;73;2.4;0.0
29;2021-01-27;1286;54;23471;127;2.6;0.0
29;2021-01-28;802;136;24273;263;2.7;0.0
29;2021-01-29;780;205;25053;468;2.8;0.1
29;2021-01-30;281;4;25334;472;2.8;0.1
29;2021-01-31;80;5;25414;477;2.8;0.1
29;2021-02-01;429;443;25843;920;2.9;0.1
29;2021-02-02;876;823;26719;1743;2.9;0.2
29;2021-02-03;810;893;27529;2636;3.0;0.3
29;2021-02-04;867;640;28396;3276;3.1;0.4
29;2021-02-05;675;584;29071;3860;3.2;0.4
29;2021-02-06;247;101;29318;3961;3.2;0.4
29;2021-02-07;78;105;29396;4066;3.2;0.4
29;2021-02-08;383;443;29779;4509;3.3;0.5
29;2021-02-09;863;852;30642;5361;3.4;0.6
29;2021-02-10;1150;1013;31792;6374;3.5;0.7
29;2021-02-11;1796;4156;33588;10530;3.7;1.2
29;2021-02-12;2324;2501;35912;13031;4.0;1.4
29;2021-02-13;638;413;36550;13444;4.0;1.5
29;2021-02-14;12;225;36562;13669;4.0;1.5
29;2021-02-15;266;921;36828;14590;4.1;1.6
29;2021-02-16;887;1043;37715;15633;4.2;1.7
29;2021-02-17;801;830;38516;16463;4.2;1.8
29;2021-02-18;1530;830;40046;17293;4.4;1.9
29;2021-02-19;1415;987;41461;18280;4.6;2.0
29;2021-02-20;204;359;41665;18639;4.6;2.1
29;2021-02-21;162;166;41827;18805;4.6;2.1
29;2021-02-22;773;556;42600;19361;4.7;2.1
29;2021-02-23;1271;879;43871;20240;4.8;2.2
29;2021-02-24;1471;796;45342;21036;5.0;2.3
29;2021-02-25;2509;883;47851;21919;5.3;2.4
29;2021-02-26;2676;698;50527;22617;5.6;2.5
29;2021-02-27;1284;269;51811;22886;5.7;2.5
29;2021-02-28;200;71;52011;22957;5.7;2.5
29;2021-03-01;945;475;52956;23432;5.8;2.6
29;2021-03-02;1817;791;54773;24223;6.0;2.7
29;2021-03-03;2093;1011;56866;25234;6.3;2.8
29;2021-03-04;2844;1552;59710;26786;6.6;3.0
29;2021-03-05;3540;1678;63250;28464;7.0;3.1
29;2021-03-06;2000;439;65250;28903;7.2;3.2
29;2021-03-07;412;81;65662;28984;7.2;3.2
29;2021-03-08;1274;592;66936;29576;7.4;3.3
29;2021-03-09;2605;973;69541;30549;7.7;3.4
29;2021-03-10;2427;869;71968;31418;7.9;3.5
29;2021-03-11;4519;998;76487;32416;8.4;3.6
29;2021-03-12;5271;968;81758;33384;9.0;3.7
29;2021-03-13;2825;410;84583;33794;9.3;3.7
29;2021-03-14;365;3;84948;33797;9.4;3.7
29;2021-03-15;2050;270;86998;34067;9.6;3.8
29;2021-03-16;1823;741;88821;34808;9.8;3.8
29;2021-03-17;1861;715;90682;35523;10.0;3.9
29;2021-03-18;1865;1038;92547;36561;10.2;4.0
29;2021-03-19;3270;879;95817;37440;10.6;4.1
29;2021-03-20;1914;222;97731;37662;10.8;4.2
29;2021-03-21;132;11;97863;37673;10.8;4.2
29;2021-03-22;1647;556;99510;38229;11.0;4.2
29;2021-03-23;3442;1035;102952;39264;11.4;4.3
29;2021-03-24;3781;1025;106733;40289;11.8;4.4
29;2021-03-25;4820;1069;111553;41358;12.3;4.6
29;2021-03-26;5423;1168;116976;42526;12.9;4.7
29;2021-03-27;2429;332;119405;42858;13.2;4.7
29;2021-03-28;198;50;119603;42908;13.2;4.7
29;2021-03-29;2041;823;121644;43731;13.4;4.8
29;2021-03-30;3977;1331;125621;45062;13.9;5.0
29;2021-03-31;3937;1153;129558;46215;14.3;5.1
29;2021-04-01;5025;1145;134583;47360;14.8;5.2
29;2021-04-02;4766;1166;139349;48526;15.4;5.4
29;2021-04-03;2500;538;141849;49064;15.6;5.4
29;2021-04-04;146;33;141995;49097;15.7;5.4
29;2021-04-05;972;331;142967;49428;15.8;5.5
29;2021-04-06;3198;1236;146165;50664;16.1;5.6
29;2021-04-07;3654;942;149819;51606;16.5;5.7
29;2021-04-08;5287;2056;155106;53662;17.1;5.9
29;2021-04-09;6750;1564;161856;55226;17.9;6.1
29;2021-04-10;3499;707;165355;55933;18.2;6.2
29;2021-04-11;120;80;165475;56013;18.3;6.2
29;2021-04-12;3854;1480;169329;57493;18.7;6.3
29;2021-04-13;5863;1759;175192;59252;19.3;6.5
29;2021-04-14;4762;1744;179954;60996;19.9;6.7
29;2021-04-15;7175;1729;187129;62725;20.6;6.9
29;2021-04-16;6704;1354;193833;64079;21.4;7.1
29;2021-04-17;3828;970;197661;65049;21.8;7.2
29;2021-04-18;489;40;198150;65089;21.9;7.2
29;2021-04-19;3881;1464;202031;66553;22.3;7.3
29;2021-04-20;4397;2134;206428;68687;22.8;7.6
29;2021-04-21;4375;2200;210803;70887;23.3;7.8
29;2021-04-22;6643;2855;217446;73742;24.0;8.1
29;2021-04-23;6048;2199;223494;75941;24.7;8.4
29;2021-04-24;4008;1317;227502;77258;25.1;8.5
29;2021-04-25;433;169;227935;77427;25.1;8.5
29;2021-04-26;5261;1879;233196;79306;25.7;8.7
29;2021-04-27;5334;3190;238530;82496;26.3;9.1
29;2021-04-28;5356;2904;243886;85400;26.9;9.4
29;2021-04-29;6595;3341;250481;88741;27.6;9.8
29;2021-04-30;6268;3906;256749;92647;28.3;10.2
29;2021-05-01;1987;979;258736;93626;28.5;10.3
29;2021-05-02;1249;195;259985;93821;28.7;10.3
29;2021-05-03;4541;2290;264526;96111;29.2;10.6
29;2021-05-04;4111;3744;268637;99855;29.6;11.0
29;2021-05-05;4518;3408;273155;103263;30.1;11.4
29;2021-05-06;6236;3717;279391;106980;30.8;11.8
29;2021-05-07;5984;4620;285375;111600;31.5;12.3
29;2021-05-08;2096;563;287471;112163;31.7;12.4
29;2021-05-09;1727;137;289198;112300;31.9;12.4
29;2021-05-10;4760;3769;293958;116069;32.4;12.8
29;2021-05-11;4711;4997;298669;121066;32.9;13.4
29;2021-05-12;5025;4383;303694;125449;33.5;13.8
29;2021-05-13;3441;1501;307135;126950;33.9;14.0
29;2021-05-14;5649;4006;312784;130956;34.5;14.4
29;2021-05-15;4048;2313;316832;133269;34.9;14.7
29;2021-05-16;1588;294;318420;133563;35.1;14.7
29;2021-05-17;5563;3133;323983;136696;35.7;15.1
29;2021-05-18;5732;3098;329715;139794;36.4;15.4
29;2021-05-19;6212;2972;335927;142766;37.1;15.7
29;2021-05-20;7176;4570;343103;147336;37.8;16.3
29;2021-05-21;7216;3814;350319;151150;38.6;16.7
29;2021-05-22;5342;2128;355661;153278;39.2;16.9
29;2021-05-23;1631;65;357292;153343;39.4;16.9
29;2021-05-24;3485;535;360777;153878;39.8;17.0
29;2021-05-25;5835;3045;366612;156923;40.4;17.3
29;2021-05-26;5893;2997;372505;159920;41.1;17.6
29;2021-05-27;6827;3989;379332;163909;41.8;18.1
29;2021-05-28;6547;4447;385879;168356;42.6;18.6
29;2021-05-29;4382;2808;390261;171164;43.0;18.9
29;2021-05-30;1115;360;391376;171524;43.2;18.9
29;2021-05-31;6384;3459;397760;174983;43.9;19.3
29;2021-06-01;6603;4353;404363;179336;44.6;19.8
29;2021-06-02;6166;4133;410529;183469;45.3;20.2
29;2021-06-03;7696;4528;418225;187997;46.1;20.7
29;2021-06-04;6814;6161;425039;194158;46.9;21.4
29;2021-06-05;5351;3036;430390;197194;47.5;21.8
29;2021-06-06;1285;538;431675;197732;47.6;21.8
29;2021-06-07;4660;5563;436335;203295;48.1;22.4
29;2021-06-08;7175;5211;443510;208506;48.9;23.0
29;2021-06-09;6409;4754;449919;213260;49.6;23.5
29;2021-06-10;7774;5065;457693;218325;50.5;24.1
29;2021-06-11;8478;5875;466171;224200;51.4;24.7
29;2021-06-12;6568;2816;472739;227016;52.1;25.0
29;2021-06-13;2352;1372;475091;228388;52.4;25.2
29;2021-06-14;4035;6322;479126;234710;52.9;25.9
29;2021-06-15;5478;6189;484604;240899;53.5;26.6
29;2021-06-16;5571;5626;490175;246525;54.1;27.2
29;2021-06-17;6368;6310;496543;252835;54.8;27.9
29;2021-06-18;6116;7491;502659;260326;55.4;28.7
29;2021-06-19;4623;3526;507282;263852;56.0;29.1
29;2021-06-20;891;1452;508173;265304;56.1;29.3
29;2021-06-21;3761;6496;511934;271800;56.5;30.0
29;2021-06-22;4489;6427;516423;278227;57.0;30.7
29;2021-06-23;4674;6132;521097;284359;57.5;31.4
29;2021-06-24;4809;6747;525906;291106;58.0;32.1
29;2021-06-25;3598;7533;529504;298639;58.4;32.9
29;2021-06-26;2131;4094;531635;302733;58.6;33.4
29;2021-06-27;968;1632;532603;304365;58.8;33.6
29;2021-06-28;2842;6863;535445;311228;59.1;34.3
29;2021-06-29;2811;7730;538256;318958;59.4;35.2
29;2021-06-30;3047;7510;541303;326468;59.7;36.0
29;2021-07-01;3788;8417;545091;334885;60.1;36.9
29;2021-07-02;3607;9670;548698;344555;60.5;38.0
29;2021-07-03;2328;6055;551026;350610;60.8;38.7
29;2021-07-04;816;1771;551842;352381;60.9;38.9
29;2021-07-05;1915;7159;553757;359540;61.1;39.7
29;2021-07-06;1540;8009;555297;367549;61.3;40.5
29;2021-07-07;1707;7042;557004;374591;61.4;41.3
29;2021-07-08;2454;8208;559458;382799;61.7;42.2
29;2021-07-09;2631;9073;562089;391872;62.0;43.2
29;2021-07-10;1919;6106;564008;397978;62.2;43.9
29;2021-07-11;449;1064;564457;399042;62.3;44.0
29;2021-07-12;1983;8378;566440;407420;62.5;44.9
29;2021-07-13;2754;8665;569194;416085;62.8;45.9
29;2021-07-14;2086;3370;571280;419455;63.0;46.3
29;2021-07-15;3860;9734;575140;429189;63.4;47.3
29;2021-07-16;4618;9197;579758;438386;64.0;48.4
29;2021-07-17;3223;6116;582981;444502;64.3;49.0
29;2021-07-18;668;1078;583649;445580;64.4;49.2
29;2021-07-19;3156;7549;586805;453129;64.7;50.0
29;2021-07-20;3557;9436;590362;462565;65.1;51.0
29;2021-07-21;3658;7727;594020;470292;65.5;51.9
29;2021-07-22;3415;8538;597435;478830;65.9;52.8
29;2021-07-23;4061;10711;601496;489541;66.3;54.0
29;2021-07-24;2534;5959;604030;495500;66.6;54.7
29;2021-07-25;655;2360;604685;497860;66.7;54.9
29;2021-07-26;3391;7279;608076;505139;67.1;55.7
29;2021-07-27;3722;7113;611798;512252;67.5;56.5
29;2021-07-28;4206;6031;616004;518283;68.0;57.2
29;2021-07-29;5693;6363;621697;524646;68.6;57.9
29;2021-07-30;5457;6538;627154;531184;69.2;58.6
29;2021-07-31;2933;4932;630087;536116;69.5;59.1
29;2021-08-01;657;922;630744;537038;69.6;59.2
29;2021-08-02;4289;5221;635033;542259;70.0;59.8
29;2021-08-03;5483;4407;640516;546666;70.7;60.3
29;2021-08-04;5738;3606;646254;550272;71.3;60.7
29;2021-08-05;6639;4114;652893;554386;72.0;61.2
29;2021-08-06;6187;4338;659080;558724;72.7;61.6
29;2021-08-07;4281;2954;663361;561678;73.2;62.0
29;2021-08-08;842;753;664203;562431;73.3;62.0
29;2021-08-09;3075;4742;667278;567173;73.6;62.6
29;2021-08-10;4481;3869;671759;571042;74.1;63.0
29;2021-08-11;3949;3187;675708;574229;74.5;63.3
29;2021-08-12;4626;4497;680334;578726;75.0;63.8
29;2021-08-13;4143;3721;684477;582447;75.5;64.2
29;2021-08-14;2958;2842;687435;585289;75.8;64.6
29;2021-08-15;337;403;687772;585692;75.9;64.6
29;2021-08-16;3273;4382;691045;590074;76.2;65.1
29;2021-08-17;4394;3415;695439;593489;76.7;65.5
29;2021-08-18;3664;3617;699103;597106;77.1;65.9
29;2021-08-19;3899;4717;703002;601823;77.5;66.4
29;2021-08-20;3499;4601;706501;606424;77.9;66.9
29;2021-08-21;2265;3165;708766;609589;78.2;67.2
29;2021-08-22;214;416;708980;610005;78.2;67.3
29;2021-08-23;2495;4625;711475;614630;78.5;67.8
29;2021-08-24;2441;4950;713916;619580;78.8;68.3
29;2021-08-25;2150;4227;716066;623807;79.0;68.8
29;2021-08-26;2336;5337;718402;629144;79.2;69.4
29;2021-08-27;2043;5914;720445;635058;79.5;70.1
29;2021-08-28;1468;3996;721913;639054;79.6;70.5
29;2021-08-29;447;1318;722360;640372;79.7;70.6
29;2021-08-30;1452;4229;723812;644601;79.8;71.1
29;2021-08-31;1584;4530;725396;649131;80.0;71.6
29;2021-09-01;1330;3997;726726;653128;80.2;72.0
2A;2020-12-27;0;0;0;0;0.0;0.0
2A;2020-12-28;0;0;0;0;0.0;0.0
2A;2020-12-29;0;0;0;0;0.0;0.0
2A;2020-12-30;0;0;0;0;0.0;0.0
2A;2020-12-31;0;0;0;0;0.0;0.0
2A;2021-01-01;0;0;0;0;0.0;0.0
2A;2021-01-02;1;0;1;0;0.0;0.0
2A;2021-01-03;0;0;1;0;0.0;0.0
2A;2021-01-04;0;0;1;0;0.0;0.0
2A;2021-01-05;0;0;1;0;0.0;0.0
2A;2021-01-06;6;0;7;0;0.0;0.0
2A;2021-01-07;122;1;129;1;0.1;0.0
2A;2021-01-08;113;0;242;1;0.1;0.0
2A;2021-01-09;39;0;281;1;0.2;0.0
2A;2021-01-10;33;0;314;1;0.2;0.0
2A;2021-01-11;76;0;390;1;0.2;0.0
2A;2021-01-12;85;0;475;1;0.3;0.0
2A;2021-01-13;111;0;586;1;0.4;0.0
2A;2021-01-14;191;1;777;2;0.5;0.0
2A;2021-01-15;149;0;926;2;0.6;0.0
2A;2021-01-16;160;1;1086;3;0.7;0.0
2A;2021-01-17;85;1;1171;4;0.7;0.0
2A;2021-01-18;201;2;1372;6;0.8;0.0
2A;2021-01-19;488;0;1860;6;1.1;0.0
2A;2021-01-20;356;0;2216;6;1.4;0.0
2A;2021-01-21;453;1;2669;7;1.6;0.0
2A;2021-01-22;367;0;3036;7;1.9;0.0
2A;2021-01-23;183;0;3219;7;2.0;0.0
2A;2021-01-24;118;1;3337;8;2.1;0.0
2A;2021-01-25;214;0;3551;8;2.2;0.0
2A;2021-01-26;402;7;3953;15;2.4;0.0
2A;2021-01-27;324;5;4277;20;2.6;0.0
2A;2021-01-28;335;79;4612;99;2.8;0.1
2A;2021-01-29;341;61;4953;160;3.0;0.1
2A;2021-01-30;127;38;5080;198;3.1;0.1
2A;2021-01-31;92;12;5172;210;3.2;0.1
2A;2021-02-01;231;49;5403;259;3.3;0.2
2A;2021-02-02;288;117;5691;376;3.5;0.2
2A;2021-02-03;265;75;5956;451;3.7;0.3
2A;2021-02-04;256;120;6212;571;3.8;0.4
2A;2021-02-05;267;105;6479;676;4.0;0.4
2A;2021-02-06;121;59;6600;735;4.1;0.5
2A;2021-02-07;68;54;6668;789;4.1;0.5
2A;2021-02-08;91;202;6759;991;4.2;0.6
2A;2021-02-09;128;298;6887;1289;4.2;0.8
2A;2021-02-10;161;232;7048;1521;4.3;0.9
2A;2021-02-11;296;358;7344;1879;4.5;1.2
2A;2021-02-12;345;294;7689;2173;4.7;1.3
2A;2021-02-13;225;59;7914;2232;4.9;1.4
2A;2021-02-14;135;77;8049;2309;5.0;1.4
2A;2021-02-15;198;177;8247;2486;5.1;1.5
2A;2021-02-16;384;310;8631;2796;5.3;1.7
2A;2021-02-17;287;163;8918;2959;5.5;1.8
2A;2021-02-18;340;195;9258;3154;5.7;1.9
2A;2021-02-19;145;295;9403;3449;5.8;2.1
2A;2021-02-20;243;134;9646;3583;5.9;2.2
2A;2021-02-21;58;52;9704;3635;6.0;2.2
2A;2021-02-22;77;211;9781;3846;6.0;2.4
2A;2021-02-23;122;281;9903;4127;6.1;2.5
2A;2021-02-24;82;295;9985;4422;6.1;2.7
2A;2021-02-25;105;256;10090;4678;6.2;2.9
2A;2021-02-26;123;269;10213;4947;6.3;3.0
2A;2021-02-27;308;68;10521;5015;6.5;3.1
2A;2021-02-28;69;66;10590;5081;6.5;3.1
2A;2021-03-01;116;150;10706;5231;6.6;3.2
2A;2021-03-02;198;263;10904;5494;6.7;3.4
2A;2021-03-03;244;255;11148;5749;6.9;3.5
2A;2021-03-04;508;227;11656;5976;7.2;3.7
2A;2021-03-05;972;288;12628;6264;7.8;3.9
2A;2021-03-06;1166;75;13794;6339;8.5;3.9
2A;2021-03-07;1020;47;14814;6386;9.1;3.9
2A;2021-03-08;933;88;15747;6474;9.7;4.0
2A;2021-03-09;937;151;16684;6625;10.3;4.1
2A;2021-03-10;630;139;17314;6764;10.7;4.2
2A;2021-03-11;723;281;18037;7045;11.1;4.3
2A;2021-03-12;561;318;18598;7363;11.5;4.5
2A;2021-03-13;613;198;19211;7561;11.8;4.7
2A;2021-03-14;312;126;19523;7687;12.0;4.7
2A;2021-03-15;377;203;19900;7890;12.3;4.9
2A;2021-03-16;498;370;20398;8260;12.6;5.1
2A;2021-03-17;699;275;21097;8535;13.0;5.3
2A;2021-03-18;447;304;21544;8839;13.3;5.4
2A;2021-03-19;489;158;22033;8997;13.6;5.5
2A;2021-03-20;1079;261;23112;9258;14.2;5.7
2A;2021-03-21;695;54;23807;9312;14.7;5.7
2A;2021-03-22;347;67;24154;9379;14.9;5.8
2A;2021-03-23;518;59;24672;9438;15.2;5.8
2A;2021-03-24;864;92;25536;9530;15.7;5.9
2A;2021-03-25;930;143;26466;9673;16.3;6.0
2A;2021-03-26;1081;164;27547;9837;17.0;6.1
2A;2021-03-27;1189;201;28736;10038;17.7;6.2
2A;2021-03-28;241;97;28977;10135;17.8;6.2
2A;2021-03-29;283;138;29260;10273;18.0;6.3
2A;2021-03-30;383;237;29643;10510;18.3;6.5
2A;2021-03-31;446;226;30089;10736;18.5;6.6
2A;2021-04-01;638;453;30727;11189;18.9;6.9
2A;2021-04-02;904;785;31631;11974;19.5;7.4
2A;2021-04-03;646;983;32277;12957;19.9;8.0
2A;2021-04-04;579;784;32856;13741;20.2;8.5
2A;2021-04-05;525;697;33381;14438;20.6;8.9
2A;2021-04-06;549;558;33930;14996;20.9;9.2
2A;2021-04-07;789;427;34719;15423;21.4;9.5
2A;2021-04-08;1049;358;35768;15781;22.0;9.7
2A;2021-04-09;935;396;36703;16177;22.6;10.0
2A;2021-04-10;1059;382;37762;16559;23.2;10.2
2A;2021-04-11;362;256;38124;16815;23.5;10.4
2A;2021-04-12;669;342;38793;17157;23.9;10.6
2A;2021-04-13;329;380;39122;17537;24.1;10.8
2A;2021-04-14;1046;589;40168;18126;24.7;11.2
2A;2021-04-15;1044;526;41212;18652;25.4;11.5
2A;2021-04-16;872;393;42084;19045;25.9;11.7
2A;2021-04-17;1369;938;43453;19983;26.8;12.3
2A;2021-04-18;982;948;44435;20931;27.4;12.9
2A;2021-04-19;270;343;44705;21274;27.5;13.1
2A;2021-04-20;354;344;45059;21618;27.7;13.3
2A;2021-04-21;729;734;45788;22352;28.2;13.8
2A;2021-04-22;896;648;46684;23000;28.7;14.2
2A;2021-04-23;986;776;47670;23776;29.3;14.6
2A;2021-04-24;1750;984;49420;24760;30.4;15.2
2A;2021-04-25;975;305;50395;25065;31.0;15.4
2A;2021-04-26;308;226;50703;25291;31.2;15.6
2A;2021-04-27;344;348;51047;25639;31.4;15.8
2A;2021-04-28;1675;424;52722;26063;32.5;16.0
2A;2021-04-29;1054;361;53776;26424;33.1;16.3
2A;2021-04-30;1131;1061;54907;27485;33.8;16.9
2A;2021-05-01;971;575;55878;28060;34.4;17.3
2A;2021-05-02;675;708;56553;28768;34.8;17.7
2A;2021-05-03;583;576;57136;29344;35.2;18.1
2A;2021-05-04;752;535;57888;29879;35.6;18.4
2A;2021-05-05;1009;984;58897;30863;36.3;19.0
2A;2021-05-06;905;912;59802;31775;36.8;19.6
2A;2021-05-07;1156;837;60958;32612;37.5;20.1
2A;2021-05-08;422;500;61380;33112;37.8;20.4
2A;2021-05-09;783;638;62163;33750;38.3;20.8
2A;2021-05-10;454;741;62617;34491;38.6;21.2
2A;2021-05-11;652;415;63269;34906;39.0;21.5
2A;2021-05-12;922;488;64191;35394;39.5;21.8
2A;2021-05-13;920;139;65111;35533;40.1;21.9
2A;2021-05-14;797;679;65908;36212;40.6;22.3
2A;2021-05-15;780;649;66688;36861;41.1;22.7
2A;2021-05-16;738;500;67426;37361;41.5;23.0
2A;2021-05-17;583;561;68009;37922;41.9;23.3
2A;2021-05-18;614;476;68623;38398;42.3;23.6
2A;2021-05-19;787;481;69410;38879;42.7;23.9
2A;2021-05-20;692;540;70102;39419;43.2;24.3
2A;2021-05-21;535;483;70637;39902;43.5;24.6
2A;2021-05-22;441;310;71078;40212;43.8;24.8
2A;2021-05-23;533;284;71611;40496;44.1;24.9
2A;2021-05-24;125;33;71736;40529;44.2;25.0
2A;2021-05-25;416;503;72152;41032;44.4;25.3
2A;2021-05-26;426;1166;72578;42198;44.7;26.0
2A;2021-05-27;435;1111;73013;43309;45.0;26.7
2A;2021-05-28;298;916;73311;44225;45.1;27.2
2A;2021-05-29;334;900;73645;45125;45.3;27.8
2A;2021-05-30;182;507;73827;45632;45.5;28.1
2A;2021-05-31;191;414;74018;46046;45.6;28.3
2A;2021-06-01;342;729;74360;46775;45.8;28.8
2A;2021-06-02;285;940;74645;47715;46.0;29.4
2A;2021-06-03;306;852;74951;48567;46.1;29.9
2A;2021-06-04;271;1092;75222;49659;46.3;30.6
2A;2021-06-05;319;1442;75541;51101;46.5;31.5
2A;2021-06-06;173;907;75714;52008;46.6;32.0
2A;2021-06-07;170;661;75884;52669;46.7;32.4
2A;2021-06-08;324;707;76208;53376;46.9;32.9
2A;2021-06-09;297;1316;76505;54692;47.1;33.7
2A;2021-06-10;329;857;76834;55549;47.3;34.2
2A;2021-06-11;277;1021;77111;56570;47.5;34.8
2A;2021-06-12;232;665;77343;57235;47.6;35.2
2A;2021-06-13;189;797;77532;58032;47.7;35.7
2A;2021-06-14;251;922;77783;58954;47.9;36.3
2A;2021-06-15;217;507;78000;59461;48.0;36.6
2A;2021-06-16;212;776;78212;60237;48.2;37.1
2A;2021-06-17;235;591;78447;60828;48.3;37.5
2A;2021-06-18;246;914;78693;61742;48.5;38.0
2A;2021-06-19;208;690;78901;62432;48.6;38.4
2A;2021-06-20;150;692;79051;63124;48.7;38.9
2A;2021-06-21;181;791;79232;63915;48.8;39.4
2A;2021-06-22;235;842;79467;64757;48.9;39.9
2A;2021-06-23;217;569;79684;65326;49.1;40.2
2A;2021-06-24;149;369;79833;65695;49.2;40.4
2A;2021-06-25;167;472;80000;66167;49.3;40.7
2A;2021-06-26;203;873;80203;67040;49.4;41.3
2A;2021-06-27;174;794;80377;67834;49.5;41.8
2A;2021-06-28;194;704;80571;68538;49.6;42.2
2A;2021-06-29;215;689;80786;69227;49.7;42.6
2A;2021-06-30;242;493;81028;69720;49.9;42.9
2A;2021-07-01;212;486;81240;70206;50.0;43.2
2A;2021-07-02;294;370;81534;70576;50.2;43.5
2A;2021-07-03;211;617;81745;71193;50.3;43.8
2A;2021-07-04;178;664;81923;71857;50.4;44.2
2A;2021-07-05;163;235;82086;72092;50.5;44.4
2A;2021-07-06;250;391;82336;72483;50.7;44.6
2A;2021-07-07;432;610;82768;73093;51.0;45.0
2A;2021-07-08;593;707;83361;73800;51.3;45.4
2A;2021-07-09;383;421;83744;74221;51.6;45.7
2A;2021-07-10;281;346;84025;74567;51.7;45.9
2A;2021-07-11;92;161;84117;74728;51.8;46.0
2A;2021-07-12;315;349;84432;75077;52.0;46.2
2A;2021-07-13;1179;534;85611;75611;52.7;46.6
2A;2021-07-14;1624;341;87235;75952;53.7;46.8
2A;2021-07-15;1436;836;88671;76788;54.6;47.3
2A;2021-07-16;1167;467;89838;77255;55.3;47.6
2A;2021-07-17;1096;344;90934;77599;56.0;47.8
2A;2021-07-18;635;135;91569;77734;56.4;47.9
2A;2021-07-19;918;431;92487;78165;56.9;48.1
2A;2021-07-20;1284;474;93771;78639;57.7;48.4
2A;2021-07-21;1428;727;95199;79366;58.6;48.9
2A;2021-07-22;1398;767;96597;80133;59.5;49.3
2A;2021-07-23;1439;465;98036;80598;60.4;49.6
2A;2021-07-24;895;289;98931;80887;60.9;49.8
2A;2021-07-25;450;80;99381;80967;61.2;49.9
2A;2021-07-26;1199;507;100580;81474;61.9;50.2
2A;2021-07-27;1299;519;101879;81993;62.7;50.5
2A;2021-07-28;1200;590;103079;82583;63.5;50.8
2A;2021-07-29;1227;654;104306;83237;64.2;51.2
2A;2021-07-30;957;608;105263;83845;64.8;51.6
2A;2021-07-31;541;340;105804;84185;65.1;51.8
2A;2021-08-01;570;122;106374;84307;65.5;51.9
2A;2021-08-02;450;496;106824;84803;65.8;52.2
2A;2021-08-03;811;882;107635;85685;66.3;52.8
2A;2021-08-04;724;1161;108359;86846;66.7;53.5
2A;2021-08-05;953;1347;109312;88193;67.3;54.3
2A;2021-08-06;386;814;109698;89007;67.5;54.8
2A;2021-08-07;352;888;110050;89895;67.8;55.3
2A;2021-08-08;78;185;110128;90080;67.8;55.5
2A;2021-08-09;658;1140;110786;91220;68.2;56.2
2A;2021-08-10;635;1208;111421;92428;68.6;56.9
2A;2021-08-11;590;1058;112011;93486;69.0;57.6
2A;2021-08-12;733;1484;112744;94970;69.4;58.5
2A;2021-08-13;470;1066;113214;96036;69.7;59.1
2A;2021-08-14;407;765;113621;96801;70.0;59.6
2A;2021-08-15;21;26;113642;96827;70.0;59.6
2A;2021-08-16;480;1292;114122;98119;70.3;60.4
2A;2021-08-17;930;1557;115052;99676;70.8;61.4
2A;2021-08-18;523;1124;115575;100800;71.2;62.1
2A;2021-08-19;427;1008;116002;101808;71.4;62.7
2A;2021-08-20;325;574;116327;102382;71.6;63.0
2A;2021-08-21;228;536;116555;102918;71.8;63.4
2A;2021-08-22;193;618;116748;103536;71.9;63.7
2A;2021-08-23;323;745;117071;104281;72.1;64.2
2A;2021-08-24;323;856;117394;105137;72.3;64.7
2A;2021-08-25;393;878;117787;106015;72.5;65.3
2A;2021-08-26;336;767;118123;106782;72.7;65.7
2A;2021-08-27;240;710;118363;107492;72.9;66.2
2A;2021-08-28;254;352;118617;107844;73.0;66.4
2A;2021-08-29;94;115;118711;107959;73.1;66.5
2A;2021-08-30;243;653;118954;108612;73.2;66.9
2A;2021-08-31;167;520;119121;109132;73.3;67.2
2A;2021-09-01;330;820;119451;109952;73.5;67.7
2B;2020-12-27;0;0;0;0;0.0;0.0
2B;2020-12-28;0;0;0;0;0.0;0.0
2B;2020-12-29;0;0;0;0;0.0;0.0
2B;2020-12-30;0;0;0;0;0.0;0.0
2B;2020-12-31;0;0;0;0;0.0;0.0
2B;2021-01-01;0;0;0;0;0.0;0.0
2B;2021-01-02;0;0;0;0;0.0;0.0
2B;2021-01-03;0;0;0;0;0.0;0.0
2B;2021-01-04;2;0;2;0;0.0;0.0
2B;2021-01-05;0;0;2;0;0.0;0.0
2B;2021-01-06;48;1;50;1;0.0;0.0
2B;2021-01-07;210;0;260;1;0.1;0.0
2B;2021-01-08;196;2;456;3;0.3;0.0
2B;2021-01-09;39;0;495;3;0.3;0.0
2B;2021-01-10;1;0;496;3;0.3;0.0
2B;2021-01-11;75;0;571;3;0.3;0.0
2B;2021-01-12;128;1;699;4;0.4;0.0
2B;2021-01-13;93;0;792;4;0.4;0.0
2B;2021-01-14;72;0;864;4;0.5;0.0
2B;2021-01-15;259;0;1123;4;0.6;0.0
2B;2021-01-16;43;0;1166;4;0.6;0.0
2B;2021-01-17;8;0;1174;4;0.6;0.0
2B;2021-01-18;271;0;1445;4;0.8;0.0
2B;2021-01-19;501;0;1946;4;1.1;0.0
2B;2021-01-20;462;2;2408;6;1.3;0.0
2B;2021-01-21;358;0;2766;6;1.5;0.0
2B;2021-01-22;375;0;3141;6;1.7;0.0
2B;2021-01-23;61;0;3202;6;1.8;0.0
2B;2021-01-24;29;0;3231;6;1.8;0.0
2B;2021-01-25;210;2;3441;8;1.9;0.0
2B;2021-01-26;391;1;3832;9;2.1;0.0
2B;2021-01-27;342;47;4174;56;2.3;0.0
2B;2021-01-28;365;145;4539;201;2.5;0.1
2B;2021-01-29;293;162;4832;363;2.7;0.2
2B;2021-01-30;80;33;4912;396;2.7;0.2
2B;2021-01-31;60;0;4972;396;2.7;0.2
2B;2021-02-01;231;91;5203;487;2.9;0.3
2B;2021-02-02;357;76;5560;563;3.1;0.3
2B;2021-02-03;520;89;6080;652;3.3;0.4
2B;2021-02-04;458;173;6538;825;3.6;0.5
2B;2021-02-05;394;91;6932;916;3.8;0.5
2B;2021-02-06;87;14;7019;930;3.9;0.5
2B;2021-02-07;60;0;7079;930;3.9;0.5
2B;2021-02-08;230;144;7309;1074;4.0;0.6
2B;2021-02-09;586;311;7895;1385;4.3;0.8
2B;2021-02-10;485;192;8380;1577;4.6;0.9
2B;2021-02-11;382;124;8762;1701;4.8;0.9
2B;2021-02-12;298;123;9060;1824;5.0;1.0
2B;2021-02-13;77;12;9137;1836;5.0;1.0
2B;2021-02-14;62;1;9199;1837;5.0;1.0
2B;2021-02-15;190;126;9389;1963;5.2;1.1
2B;2021-02-16;253;274;9642;2237;5.3;1.2
2B;2021-02-17;312;306;9954;2543;5.5;1.4
2B;2021-02-18;215;334;10169;2877;5.6;1.6
2B;2021-02-19;163;304;10332;3181;5.7;1.7
2B;2021-02-20;32;60;10364;3241;5.7;1.8
2B;2021-02-21;28;29;10392;3270;5.7;1.8
2B;2021-02-22;133;187;10525;3457;5.8;1.9
2B;2021-02-23;231;355;10756;3812;5.9;2.1
2B;2021-02-24;229;309;10985;4121;6.0;2.3
2B;2021-02-25;245;337;11230;4458;6.2;2.4
2B;2021-02-26;300;273;11530;4731;6.3;2.6
2B;2021-02-27;60;83;11590;4814;6.4;2.6
2B;2021-02-28;1;57;11591;4871;6.4;2.7
2B;2021-03-01;246;260;11837;5131;6.5;2.8
2B;2021-03-02;352;388;12189;5519;6.7;3.0
2B;2021-03-03;299;435;12488;5954;6.9;3.3
2B;2021-03-04;447;409;12935;6363;7.1;3.5
2B;2021-03-05;619;384;13554;6747;7.4;3.7
2B;2021-03-06;682;100;14236;6847;7.8;3.8
2B;2021-03-07;361;59;14597;6906;8.0;3.8
2B;2021-03-08;301;240;14898;7146;8.2;3.9
2B;2021-03-09;383;504;15281;7650;8.4;4.2
2B;2021-03-10;631;443;15912;8093;8.7;4.4
2B;2021-03-11;584;355;16496;8448;9.1;4.6
2B;2021-03-12;966;227;17462;8675;9.6;4.8
2B;2021-03-13;511;110;17973;8785;9.9;4.8
2B;2021-03-14;226;62;18199;8847;10.0;4.9
2B;2021-03-15;515;202;18714;9049;10.3;5.0
2B;2021-03-16;570;278;19284;9327;10.6;5.1
2B;2021-03-17;529;262;19813;9589;10.9;5.3
2B;2021-03-18;551;230;20364;9819;11.2;5.4
2B;2021-03-19;804;195;21168;10014;11.6;5.5
2B;2021-03-20;656;37;21824;10051;12.0;5.5
2B;2021-03-21;428;37;22252;10088;12.2;5.5
2B;2021-03-22;546;125;22798;10213;12.5;5.6
2B;2021-03-23;789;259;23587;10472;12.9;5.7
2B;2021-03-24;831;215;24418;10687;13.4;5.9
2B;2021-03-25;824;164;25242;10851;13.8;6.0
2B;2021-03-26;958;192;26200;11043;14.4;6.1
2B;2021-03-27;1090;37;27290;11080;15.0;6.1
2B;2021-03-28;830;124;28120;11204;15.4;6.1
2B;2021-03-29;745;180;28865;11384;15.8;6.2
2B;2021-03-30;972;331;29837;11715;16.4;6.4
2B;2021-03-31;981;266;30818;11981;16.9;6.6
2B;2021-04-01;1003;228;31821;12209;17.5;6.7
2B;2021-04-02;966;414;32787;12623;18.0;6.9
2B;2021-04-03;1247;153;34034;12776;18.7;7.0
2B;2021-04-04;197;60;34231;12836;18.8;7.0
2B;2021-04-05;109;113;34340;12949;18.8;7.1
2B;2021-04-06;1033;362;35373;13311;19.4;7.3
2B;2021-04-07;1230;428;36603;13739;20.1;7.5
2B;2021-04-08;1129;408;37732;14147;20.7;7.8
2B;2021-04-09;1168;568;38900;14715;21.3;8.1
2B;2021-04-10;1353;267;40253;14982;22.1;8.2
2B;2021-04-11;815;65;41068;15047;22.5;8.3
2B;2021-04-12;853;559;41921;15606;23.0;8.6
2B;2021-04-13;1063;631;42984;16237;23.6;8.9
2B;2021-04-14;1046;494;44030;16731;24.2;9.2
2B;2021-04-15;886;518;44916;17249;24.6;9.5
2B;2021-04-16;910;649;45826;17898;25.1;9.8
2B;2021-04-17;386;447;46212;18345;25.4;10.1
2B;2021-04-18;253;342;46465;18687;25.5;10.3
2B;2021-04-19;822;437;47287;19124;25.9;10.5
2B;2021-04-20;898;846;48185;19970;26.4;11.0
2B;2021-04-21;1056;608;49241;20578;27.0;11.3
2B;2021-04-22;938;731;50179;21309;27.5;11.7
2B;2021-04-23;661;629;50840;21938;27.9;12.0
2B;2021-04-24;287;772;51127;22710;28.1;12.5
2B;2021-04-25;285;477;51412;23187;28.2;12.7
2B;2021-04-26;708;918;52120;24105;28.6;13.2
2B;2021-04-27;965;875;53085;24980;29.1;13.7
2B;2021-04-28;919;862;54004;25842;29.6;14.2
2B;2021-04-29;924;869;54928;26711;30.1;14.7
2B;2021-04-30;1133;832;56061;27543;30.8;15.1
2B;2021-05-01;460;1115;56521;28658;31.0;15.7
2B;2021-05-02;335;245;56856;28903;31.2;15.9
2B;2021-05-03;1017;495;57873;29398;31.8;16.1
2B;2021-05-04;810;1153;58683;30551;32.2;16.8
2B;2021-05-05;801;1377;59484;31928;32.6;17.5
2B;2021-05-06;1287;905;60771;32833;33.3;18.0
2B;2021-05-07;1062;988;61833;33821;33.9;18.6
2B;2021-05-08;459;855;62292;34676;34.2;19.0
2B;2021-05-09;394;684;62686;35360;34.4;19.4
2B;2021-05-10;926;802;63612;36162;34.9;19.8
2B;2021-05-11;933;1162;64545;37324;35.4;20.5
2B;2021-05-12;861;893;65406;38217;35.9;21.0
2B;2021-05-13;1028;377;66434;38594;36.5;21.2
2B;2021-05-14;719;578;67153;39172;36.8;21.5
2B;2021-05-15;702;353;67855;39525;37.2;21.7
2B;2021-05-16;300;180;68155;39705;37.4;21.8
2B;2021-05-17;1003;405;69158;40110;37.9;22.0
2B;2021-05-18;991;383;70149;40493;38.5;22.2
2B;2021-05-19;771;417;70920;40910;38.9;22.4
2B;2021-05-20;672;359;71592;41269;39.3;22.6
2B;2021-05-21;706;502;72298;41771;39.7;22.9
2B;2021-05-22;574;392;72872;42163;40.0;23.1
2B;2021-05-23;170;46;73042;42209;40.1;23.2
2B;2021-05-24;40;115;73082;42324;40.1;23.2
2B;2021-05-25;549;353;73631;42677;40.4;23.4
2B;2021-05-26;544;787;74175;43464;40.7;23.8
2B;2021-05-27;407;1131;74582;44595;40.9;24.5
2B;2021-05-28;553;906;75135;45501;41.2;25.0
2B;2021-05-29;311;353;75446;45854;41.4;25.2
2B;2021-05-30;46;45;75492;45899;41.4;25.2
2B;2021-05-31;376;832;75868;46731;41.6;25.6
2B;2021-06-01;414;1038;76282;47769;41.9;26.2
2B;2021-06-02;364;990;76646;48759;42.1;26.8
2B;2021-06-03;499;808;77145;49567;42.3;27.2
2B;2021-06-04;344;1254;77489;50821;42.5;27.9
2B;2021-06-05;257;494;77746;51315;42.7;28.2
2B;2021-06-06;51;129;77797;51444;42.7;28.2
2B;2021-06-07;283;948;78080;52392;42.8;28.7
2B;2021-06-08;399;1170;78479;53562;43.1;29.4
2B;2021-06-09;519;1177;78998;54739;43.3;30.0
2B;2021-06-10;368;939;79366;55678;43.5;30.5
2B;2021-06-11;432;1274;79798;56952;43.8;31.2
2B;2021-06-12;151;544;79949;57496;43.9;31.5
2B;2021-06-13;27;59;79976;57555;43.9;31.6
2B;2021-06-14;195;1115;80171;58670;44.0;32.2
2B;2021-06-15;345;1219;80516;59889;44.2;32.9
2B;2021-06-16;383;937;80899;60826;44.4;33.4
2B;2021-06-17;402;1046;81301;61872;44.6;33.9
2B;2021-06-18;348;960;81649;62832;44.8;34.5
2B;2021-06-19;142;328;81791;63160;44.9;34.7
2B;2021-06-20;44;194;81835;63354;44.9;34.8
2B;2021-06-21;265;962;82100;64316;45.0;35.3
2B;2021-06-22;317;1115;82417;65431;45.2;35.9
2B;2021-06-23;208;872;82625;66303;45.3;36.4
2B;2021-06-24;337;757;82962;67060;45.5;36.8
2B;2021-06-25;212;1075;83174;68135;45.6;37.4
2B;2021-06-26;105;550;83279;68685;45.7;37.7
2B;2021-06-27;32;215;83311;68900;45.7;37.8
2B;2021-06-28;329;954;83640;69854;45.9;38.3
2B;2021-06-29;270;988;83910;70842;46.0;38.9
2B;2021-06-30;380;950;84290;71792;46.2;39.4
2B;2021-07-01;226;509;84516;72301;46.4;39.7
2B;2021-07-02;219;557;84735;72858;46.5;40.0
2B;2021-07-03;91;397;84826;73255;46.5;40.2
2B;2021-07-04;2;0;84828;73255;46.5;40.2
2B;2021-07-05;264;666;85092;73921;46.7;40.6
2B;2021-07-06;450;707;85542;74628;46.9;40.9
2B;2021-07-07;376;908;85918;75536;47.1;41.4
2B;2021-07-08;183;348;86101;75884;47.2;41.6
2B;2021-07-09;249;373;86350;76257;47.4;41.8
2B;2021-07-10;197;199;86547;76456;47.5;41.9
2B;2021-07-11;13;14;86560;76470;47.5;42.0
2B;2021-07-12;496;747;87056;77217;47.8;42.4
2B;2021-07-13;822;1018;87878;78235;48.2;42.9
2B;2021-07-14;344;100;88222;78335;48.4;43.0
2B;2021-07-15;1269;584;89491;78919;49.1;43.3
2B;2021-07-16;1121;565;90612;79484;49.7;43.6
2B;2021-07-17;711;318;91323;79802;50.1;43.8
2B;2021-07-18;179;48;91502;79850;50.2;43.8
2B;2021-07-19;858;710;92360;80560;50.7;44.2
2B;2021-07-20;1212;683;93572;81243;51.3;44.6
2B;2021-07-21;1396;724;94968;81967;52.1;45.0
2B;2021-07-22;1327;604;96295;82571;52.8;45.3
2B;2021-07-23;1323;500;97618;83071;53.6;45.6
2B;2021-07-24;536;316;98154;83387;53.9;45.8
2B;2021-07-25;203;71;98357;83458;54.0;45.8
2B;2021-07-26;913;631;99270;84089;54.5;46.1
2B;2021-07-27;1576;709;100846;84798;55.3;46.5
2B;2021-07-28;1174;633;102020;85431;56.0;46.9
2B;2021-07-29;1145;450;103165;85881;56.6;47.1
2B;2021-07-30;767;347;103932;86228;57.0;47.3
2B;2021-07-31;537;232;104469;86460;57.3;47.4
2B;2021-08-01;230;57;104699;86517;57.4;47.5
2B;2021-08-02;802;471;105501;86988;57.9;47.7
2B;2021-08-03;1132;783;106633;87771;58.5;48.2
2B;2021-08-04;809;451;107442;88222;59.0;48.4
2B;2021-08-05;1014;556;108456;88778;59.5;48.7
2B;2021-08-06;699;524;109155;89302;59.9;49.0
2B;2021-08-07;304;406;109459;89708;60.1;49.2
2B;2021-08-08;93;142;109552;89850;60.1;49.3
2B;2021-08-09;534;747;110086;90597;60.4;49.7
2B;2021-08-10;737;1133;110823;91730;60.8;50.3
2B;2021-08-11;748;898;111571;92628;61.2;50.8
2B;2021-08-12;686;1046;112257;93674;61.6;51.4
2B;2021-08-13;486;949;112743;94623;61.9;51.9
2B;2021-08-14;196;439;112939;95062;62.0;52.2
2B;2021-08-15;116;173;113055;95235;62.0;52.3
2B;2021-08-16;508;1065;113563;96300;62.3;52.8
2B;2021-08-17;581;1305;114144;97605;62.6;53.6
2B;2021-08-18;509;1195;114653;98800;62.9;54.2
2B;2021-08-19;420;897;115073;99697;63.1;54.7
2B;2021-08-20;361;808;115434;100505;63.3;55.1
2B;2021-08-21;158;475;115592;100980;63.4;55.4
2B;2021-08-22;78;208;115670;101188;63.5;55.5
2B;2021-08-23;371;943;116041;102131;63.7;56.0
2B;2021-08-24;493;1211;116534;103342;63.9;56.7
2B;2021-08-25;341;966;116875;104308;64.1;57.2
2B;2021-08-26;396;816;117271;105124;64.3;57.7
2B;2021-08-27;258;572;117529;105696;64.5;58.0
2B;2021-08-28;166;433;117695;106129;64.6;58.2
2B;2021-08-29;52;126;117747;106255;64.6;58.3
2B;2021-08-30;362;851;118109;107106;64.8;58.8
2B;2021-08-31;377;907;118486;108013;65.0;59.3
2B;2021-09-01;359;977;118845;108990;65.2;59.8
30;2020-12-27;1;0;1;0;0.0;0.0
30;2020-12-28;1;0;2;0;0.0;0.0
30;2020-12-29;0;0;2;0;0.0;0.0
30;2020-12-30;0;0;2;0;0.0;0.0
30;2020-12-31;0;0;2;0;0.0;0.0
30;2021-01-01;0;0;2;0;0.0;0.0
30;2021-01-02;0;0;2;0;0.0;0.0
30;2021-01-03;0;0;2;0;0.0;0.0
30;2021-01-04;1;0;3;0;0.0;0.0
30;2021-01-05;3;0;6;0;0.0;0.0
30;2021-01-06;128;0;134;0;0.0;0.0
30;2021-01-07;313;0;447;0;0.1;0.0
30;2021-01-08;531;0;978;0;0.1;0.0
30;2021-01-09;270;0;1248;0;0.2;0.0
30;2021-01-10;0;0;1248;0;0.2;0.0
30;2021-01-11;537;0;1785;0;0.2;0.0
30;2021-01-12;800;3;2585;3;0.3;0.0
30;2021-01-13;640;0;3225;3;0.4;0.0
30;2021-01-14;652;5;3877;8;0.5;0.0
30;2021-01-15;756;2;4633;10;0.6;0.0
30;2021-01-16;313;0;4946;10;0.7;0.0
30;2021-01-17;3;0;4949;10;0.7;0.0
30;2021-01-18;941;5;5890;15;0.8;0.0
30;2021-01-19;1735;6;7625;21;1.0;0.0
30;2021-01-20;1303;2;8928;23;1.2;0.0
30;2021-01-21;1229;2;10157;25;1.4;0.0
30;2021-01-22;1076;5;11233;30;1.5;0.0
30;2021-01-23;634;2;11867;32;1.6;0.0
30;2021-01-24;0;0;11867;32;1.6;0.0
30;2021-01-25;831;4;12698;36;1.7;0.0
30;2021-01-26;1056;15;13754;51;1.8;0.0
30;2021-01-27;982;109;14736;160;2.0;0.0
30;2021-01-28;711;269;15447;429;2.1;0.1
30;2021-01-29;670;438;16117;867;2.2;0.1
30;2021-01-30;472;285;16589;1152;2.2;0.2
30;2021-01-31;3;7;16592;1159;2.2;0.2
30;2021-02-01;813;426;17405;1585;2.3;0.2
30;2021-02-02;1875;678;19280;2263;2.6;0.3
30;2021-02-03;1184;483;20464;2746;2.7;0.4
30;2021-02-04;968;656;21432;3402;2.9;0.5
30;2021-02-05;599;753;22031;4155;2.9;0.6
30;2021-02-06;294;259;22325;4414;3.0;0.6
30;2021-02-07;2;8;22327;4422;3.0;0.6
30;2021-02-08;574;731;22901;5153;3.1;0.7
30;2021-02-09;983;999;23884;6152;3.2;0.8
30;2021-02-10;986;1090;24870;7242;3.3;1.0
30;2021-02-11;929;1027;25799;8269;3.4;1.1
30;2021-02-12;619;983;26418;9252;3.5;1.2
30;2021-02-13;436;380;26854;9632;3.6;1.3
30;2021-02-14;1;21;26855;9653;3.6;1.3
30;2021-02-15;449;597;27304;10250;3.6;1.4
30;2021-02-16;460;829;27764;11079;3.7;1.5
30;2021-02-17;682;612;28446;11691;3.8;1.6
30;2021-02-18;796;515;29242;12206;3.9;1.6
30;2021-02-19;574;657;29816;12863;4.0;1.7
30;2021-02-20;223;222;30039;13085;4.0;1.7
30;2021-02-21;5;3;30044;13088;4.0;1.7
30;2021-02-22;501;752;30545;13840;4.1;1.8
30;2021-02-23;974;1460;31519;15300;4.2;2.0
30;2021-02-24;927;1178;32446;16478;4.3;2.2
30;2021-02-25;1208;889;33654;17367;4.5;2.3
30;2021-02-26;1337;588;34991;17955;4.7;2.4
30;2021-02-27;564;535;35555;18490;4.8;2.5
30;2021-02-28;3;7;35558;18497;4.8;2.5
30;2021-03-01;1340;819;36898;19316;4.9;2.6
30;2021-03-02;1712;899;38610;20215;5.2;2.7
30;2021-03-03;2310;763;40920;20978;5.5;2.8
30;2021-03-04;2638;874;43558;21852;5.8;2.9
30;2021-03-05;2763;619;46321;22471;6.2;3.0
30;2021-03-06;2997;365;49318;22836;6.6;3.1
30;2021-03-07;1862;47;51180;22883;6.8;3.1
30;2021-03-08;1552;785;52732;23668;7.0;3.2
30;2021-03-09;2275;866;55007;24534;7.3;3.3
30;2021-03-10;2356;650;57363;25184;7.7;3.4
30;2021-03-11;3055;703;60418;25887;8.1;3.5
30;2021-03-12;3112;392;63530;26279;8.5;3.5
30;2021-03-13;2227;297;65757;26576;8.8;3.6
30;2021-03-14;83;3;65840;26579;8.8;3.6
30;2021-03-15;1579;566;67419;27145;9.0;3.6
30;2021-03-16;1299;1069;68718;28214;9.2;3.8
30;2021-03-17;1456;647;70174;28861;9.4;3.9
30;2021-03-18;1649;713;71823;29574;9.6;4.0
30;2021-03-19;2249;552;74072;30126;9.9;4.0
30;2021-03-20;1400;142;75472;30268;10.1;4.0
30;2021-03-21;57;8;75529;30276;10.1;4.0
30;2021-03-22;2397;722;77926;30998;10.4;4.1
30;2021-03-23;3511;813;81437;31811;10.9;4.3
30;2021-03-24;3637;822;85074;32633;11.4;4.4
30;2021-03-25;4405;849;89479;33482;12.0;4.5
30;2021-03-26;4363;644;93842;34126;12.5;4.6
30;2021-03-27;1971;380;95813;34506;12.8;4.6
30;2021-03-28;35;29;95848;34535;12.8;4.6
30;2021-03-29;2815;1651;98663;36186;13.2;4.8
30;2021-03-30;3778;1883;102441;38069;13.7;5.1
30;2021-03-31;3507;1649;105948;39718;14.2;5.3
30;2021-04-01;4015;1464;109963;41182;14.7;5.5
30;2021-04-02;3604;1228;113567;42410;15.2;5.7
30;2021-04-03;1062;1228;114629;43638;15.3;5.8
30;2021-04-04;30;188;114659;43826;15.3;5.9
30;2021-04-05;766;288;115425;44114;15.4;5.9
30;2021-04-06;3044;1581;118469;45695;15.8;6.1
30;2021-04-07;2720;1631;121189;47326;16.2;6.3
30;2021-04-08;3920;1492;125109;48818;16.7;6.5
30;2021-04-09;4889;1521;129998;50339;17.4;6.7
30;2021-04-10;2426;1178;132424;51517;17.7;6.9
30;2021-04-11;950;59;133374;51576;17.8;6.9
30;2021-04-12;3146;1494;136520;53070;18.2;7.1
30;2021-04-13;4019;1937;140539;55007;18.8;7.3
30;2021-04-14;3386;1541;143925;56548;19.2;7.6
30;2021-04-15;3830;1468;147755;58016;19.7;7.8
30;2021-04-16;3703;1542;151458;59558;20.2;8.0
30;2021-04-17;1493;956;152951;60514;20.4;8.1
30;2021-04-18;961;67;153912;60581;20.6;8.1
30;2021-04-19;2450;2299;156362;62880;20.9;8.4
30;2021-04-20;2815;2831;159177;65711;21.3;8.8
30;2021-04-21;2603;2569;161780;68280;21.6;9.1
30;2021-04-22;3525;2315;165305;70595;22.1;9.4
30;2021-04-23;3580;2310;168885;72905;22.6;9.7
30;2021-04-24;1347;1232;170232;74137;22.7;9.9
30;2021-04-25;748;90;170980;74227;22.8;9.9
30;2021-04-26;2017;2391;172997;76618;23.1;10.2
30;2021-04-27;2952;2600;175949;79218;23.5;10.6
30;2021-04-28;2837;2489;178786;81707;23.9;10.9
30;2021-04-29;3621;2324;182407;84031;24.4;11.2
30;2021-04-30;3408;2027;185815;86058;24.8;11.5
30;2021-05-01;1749;604;187564;86662;25.1;11.6
30;2021-05-02;665;246;188229;86908;25.1;11.6
30;2021-05-03;3759;2504;191988;89412;25.7;11.9
30;2021-05-04;3983;3536;195971;92948;26.2;12.4
30;2021-05-05;3947;3129;199918;96077;26.7;12.8
30;2021-05-06;4203;3363;204121;99440;27.3;13.3
30;2021-05-07;4079;3066;208200;102506;27.8;13.7
30;2021-05-08;1605;720;209805;103226;28.0;13.8
30;2021-05-09;372;613;210177;103839;28.1;13.9
30;2021-05-10;2921;3123;213098;106962;28.5;14.3
30;2021-05-11;5388;3650;218486;110612;29.2;14.8
30;2021-05-12;5303;3220;223789;113832;29.9;15.2
30;2021-05-13;3232;1029;227021;114861;30.3;15.3
30;2021-05-14;4891;2462;231912;117323;31.0;15.7
30;2021-05-15;3409;1207;235321;118530;31.4;15.8
30;2021-05-16;397;339;235718;118869;31.5;15.9
30;2021-05-17;3798;3036;239516;121905;32.0;16.3
30;2021-05-18;4828;3037;244344;124942;32.6;16.7
30;2021-05-19;4775;2549;249119;127491;33.3;17.0
30;2021-05-20;5015;2579;254134;130070;34.0;17.4
30;2021-05-21;4888;2473;259022;132543;34.6;17.7
30;2021-05-22;3158;1293;262180;133836;35.0;17.9
30;2021-05-23;288;344;262468;134180;35.1;17.9
30;2021-05-24;785;766;263253;134946;35.2;18.0
30;2021-05-25;2656;3161;265909;138107;35.5;18.5
30;2021-05-26;2889;2566;268798;140673;35.9;18.8
30;2021-05-27;3761;2717;272559;143390;36.4;19.2
30;2021-05-28;3327;3278;275886;146668;36.9;19.6
30;2021-05-29;1687;1802;277573;148470;37.1;19.8
30;2021-05-30;360;584;277933;149054;37.1;19.9
30;2021-05-31;2830;2299;280763;151353;37.5;20.2
30;2021-06-01;3659;2796;284422;154149;38.0;20.6
30;2021-06-02;3319;2453;287741;156602;38.4;20.9
30;2021-06-03;4133;3356;291874;159958;39.0;21.4
30;2021-06-04;3904;3402;295778;163360;39.5;21.8
30;2021-06-05;1907;1312;297685;164672;39.8;22.0
30;2021-06-06;684;264;298369;164936;39.9;22.0
30;2021-06-07;4725;2526;303094;167462;40.5;22.4
30;2021-06-08;4832;3327;307926;170789;41.1;22.8
30;2021-06-09;4155;2991;312081;173780;41.7;23.2
30;2021-06-10;4612;3355;316693;177135;42.3;23.7
30;2021-06-11;4587;3815;321280;180950;42.9;24.2
30;2021-06-12;2485;1710;323765;182660;43.3;24.4
30;2021-06-13;494;343;324259;183003;43.3;24.5
30;2021-06-14;2470;4710;326729;187713;43.7;25.1
30;2021-06-15;3200;5306;329929;193019;44.1;25.8
30;2021-06-16;3109;4646;333038;197665;44.5;26.4
30;2021-06-17;3924;4373;336962;202038;45.0;27.0
30;2021-06-18;3714;4699;340676;206737;45.5;27.6
30;2021-06-19;1441;2003;342117;208740;45.7;27.9
30;2021-06-20;357;490;342474;209230;45.8;28.0
30;2021-06-21;2379;4909;344853;214139;46.1;28.6
30;2021-06-22;2364;5741;347217;219880;46.4;29.4
30;2021-06-23;2529;5345;349746;225225;46.7;30.1
30;2021-06-24;2339;4707;352085;229932;47.0;30.7
30;2021-06-25;2611;5605;354696;235537;47.4;31.5
30;2021-06-26;910;2940;355606;238477;47.5;31.9
30;2021-06-27;222;527;355828;239004;47.5;31.9
30;2021-06-28;1670;6027;357498;245031;47.8;32.7
30;2021-06-29;1837;6025;359335;251056;48.0;33.5
30;2021-06-30;2003;5257;361338;256313;48.3;34.2
30;2021-07-01;2987;4724;364325;261037;48.7;34.9
30;2021-07-02;2836;4626;367161;265663;49.1;35.5
30;2021-07-03;1155;3047;368316;268710;49.2;35.9
30;2021-07-04;115;393;368431;269103;49.2;36.0
30;2021-07-05;2027;4030;370458;273133;49.5;36.5
30;2021-07-06;2665;4974;373123;278107;49.9;37.2
30;2021-07-07;2538;4222;375661;282329;50.2;37.7
30;2021-07-08;2016;3421;377677;285750;50.5;38.2
30;2021-07-09;2410;5317;380087;291067;50.8;38.9
30;2021-07-10;1502;2157;381589;293224;51.0;39.2
30;2021-07-11;48;415;381637;293639;51.0;39.2
30;2021-07-12;2527;5152;384164;298791;51.3;39.9
30;2021-07-13;3300;6034;387464;304825;51.8;40.7
30;2021-07-14;500;549;387964;305374;51.8;40.8
30;2021-07-15;4137;5477;392101;310851;52.4;41.5
30;2021-07-16;4984;5726;397085;316577;53.1;42.3
30;2021-07-17;1705;2467;398790;319044;53.3;42.6
30;2021-07-18;146;601;398936;319645;53.3;42.7
30;2021-07-19;3374;6306;402310;325951;53.8;43.5
30;2021-07-20;4642;6525;406952;332476;54.4;44.4
30;2021-07-21;4060;5413;411012;337889;54.9;45.1
30;2021-07-22;4899;5739;415911;343628;55.6;45.9
30;2021-07-23;4995;5859;420906;349487;56.2;46.7
30;2021-07-24;2239;3263;423145;352750;56.5;47.1
30;2021-07-25;137;309;423282;353059;56.6;47.2
30;2021-07-26;4417;4128;427699;357187;57.1;47.7
30;2021-07-27;4858;4649;432557;361836;57.8;48.3
30;2021-07-28;4876;4017;437433;365853;58.4;48.9
30;2021-07-29;5923;4132;443356;369985;59.2;49.4
30;2021-07-30;5344;4385;448700;374370;59.9;50.0
30;2021-07-31;2650;1961;451350;376331;60.3;50.3
30;2021-08-01;733;311;452083;376642;60.4;50.3
30;2021-08-02;3674;4015;455757;380657;60.9;50.9
30;2021-08-03;4883;3945;460640;384602;61.5;51.4
30;2021-08-04;5269;3051;465909;387653;62.2;51.8
30;2021-08-05;4604;3781;470513;391434;62.9;52.3
30;2021-08-06;4275;4057;474788;395491;63.4;52.8
30;2021-08-07;1838;1949;476626;397440;63.7;53.1
30;2021-08-08;618;279;477244;397719;63.8;53.1
30;2021-08-09;3334;3755;480578;401474;64.2;53.6
30;2021-08-10;3915;4396;484493;405870;64.7;54.2
30;2021-08-11;3385;3480;487878;409350;65.2;54.7
30;2021-08-12;3749;4224;491627;413574;65.7;55.3
30;2021-08-13;3287;3331;494914;416905;66.1;55.7
30;2021-08-14;1114;2047;496028;418952;66.3;56.0
30;2021-08-15;270;175;496298;419127;66.3;56.0
30;2021-08-16;2155;4865;498453;423992;66.6;56.6
30;2021-08-17;2718;4191;501171;428183;67.0;57.2
30;2021-08-18;2791;3826;503962;432009;67.3;57.7
30;2021-08-19;2843;4324;506805;436333;67.7;58.3
30;2021-08-20;2586;4459;509391;440792;68.1;58.9
30;2021-08-21;1010;2881;510401;443673;68.2;59.3
30;2021-08-22;226;513;510627;444186;68.2;59.3
30;2021-08-23;1681;4474;512308;448660;68.4;59.9
30;2021-08-24;1948;4518;514256;453178;68.7;60.5
30;2021-08-25;1688;4344;515944;457522;68.9;61.1
30;2021-08-26;1841;4251;517785;461773;69.2;61.7
30;2021-08-27;1758;4349;519543;466122;69.4;62.3
30;2021-08-28;679;2471;520222;468593;69.5;62.6
30;2021-08-29;181;611;520403;469204;69.5;62.7
30;2021-08-30;1406;4298;521809;473502;69.7;63.3
30;2021-08-31;1316;4178;523125;477680;69.9;63.8
30;2021-09-01;1221;3604;524346;481284;70.1;64.3
31;2020-12-27;0;0;0;0;0.0;0.0
31;2020-12-28;1;0;1;0;0.0;0.0
31;2020-12-29;0;0;1;0;0.0;0.0
31;2020-12-30;0;0;1;0;0.0;0.0
31;2020-12-31;1;0;2;0;0.0;0.0
31;2021-01-01;4;0;6;0;0.0;0.0
31;2021-01-02;0;0;6;0;0.0;0.0
31;2021-01-03;2;0;8;0;0.0;0.0
31;2021-01-04;3;0;11;0;0.0;0.0
31;2021-01-05;50;0;61;0;0.0;0.0
31;2021-01-06;211;1;272;1;0.0;0.0
31;2021-01-07;284;1;556;2;0.0;0.0
31;2021-01-08;546;1;1102;3;0.1;0.0
31;2021-01-09;275;0;1377;3;0.1;0.0
31;2021-01-10;287;0;1664;3;0.1;0.0
31;2021-01-11;982;3;2646;6;0.2;0.0
31;2021-01-12;1192;0;3838;6;0.3;0.0
31;2021-01-13;1157;3;4995;9;0.4;0.0
31;2021-01-14;1179;18;6174;27;0.4;0.0
31;2021-01-15;1047;3;7221;30;0.5;0.0
31;2021-01-16;243;1;7464;31;0.5;0.0
31;2021-01-17;176;0;7640;31;0.5;0.0
31;2021-01-18;1614;5;9254;36;0.7;0.0
31;2021-01-19;2934;10;12188;46;0.9;0.0
31;2021-01-20;3666;12;15854;58;1.1;0.0
31;2021-01-21;2992;6;18846;64;1.3;0.0
31;2021-01-22;2271;5;21117;69;1.5;0.0
31;2021-01-23;728;2;21845;71;1.6;0.0
31;2021-01-24;212;1;22057;72;1.6;0.0
31;2021-01-25;1744;9;23801;81;1.7;0.0
31;2021-01-26;1838;60;25639;141;1.8;0.0
31;2021-01-27;1575;151;27214;292;1.9;0.0
31;2021-01-28;1385;297;28599;589;2.0;0.0
31;2021-01-29;1358;347;29957;936;2.1;0.1
31;2021-01-30;446;181;30403;1117;2.2;0.1
31;2021-01-31;61;208;30464;1325;2.2;0.1
31;2021-02-01;1159;727;31623;2052;2.3;0.1
31;2021-02-02;3038;798;34661;2850;2.5;0.2
31;2021-02-03;1917;776;36578;3626;2.6;0.3
31;2021-02-04;1809;839;38387;4465;2.7;0.3
31;2021-02-05;1340;574;39727;5039;2.8;0.4
31;2021-02-06;383;54;40110;5093;2.9;0.4
31;2021-02-07;37;41;40147;5134;2.9;0.4
31;2021-02-08;1115;661;41262;5795;2.9;0.4
31;2021-02-09;1678;1566;42940;7361;3.1;0.5
31;2021-02-10;1961;2452;44901;9813;3.2;0.7
31;2021-02-11;1814;1822;46715;11635;3.3;0.8
31;2021-02-12;1539;791;48254;12426;3.4;0.9
31;2021-02-13;504;227;48758;12653;3.5;0.9
31;2021-02-14;56;216;48814;12869;3.5;0.9
31;2021-02-15;443;1328;49257;14197;3.5;1.0
31;2021-02-16;464;1513;49721;15710;3.5;1.1
31;2021-02-17;471;1579;50192;17289;3.6;1.2
31;2021-02-18;477;1716;50669;19005;3.6;1.4
31;2021-02-19;393;1537;51062;20542;3.6;1.5
31;2021-02-20;69;515;51131;21057;3.6;1.5
31;2021-02-21;77;160;51208;21217;3.7;1.5
31;2021-02-22;433;1696;51641;22913;3.7;1.6
31;2021-02-23;865;2982;52506;25895;3.7;1.8
31;2021-02-24;652;2160;53158;28055;3.8;2.0
31;2021-02-25;1432;1830;54590;29885;3.9;2.1
31;2021-02-26;1711;1207;56301;31092;4.0;2.2
31;2021-02-27;638;396;56939;31488;4.1;2.2
31;2021-02-28;78;54;57017;31542;4.1;2.3
31;2021-03-01;873;1124;57890;32666;4.1;2.3
31;2021-03-02;1239;1655;59129;34321;4.2;2.4
31;2021-03-03;1355;1805;60484;36126;4.3;2.6
31;2021-03-04;2424;1502;62908;37628;4.5;2.7
31;2021-03-05;3054;1598;65962;39226;4.7;2.8
31;2021-03-06;2835;412;68797;39638;4.9;2.8
31;2021-03-07;5368;107;74165;39745;5.3;2.8
31;2021-03-08;1599;1087;75764;40832;5.4;2.9
31;2021-03-09;2791;1192;78555;42024;5.6;3.0
31;2021-03-10;2574;1096;81129;43120;5.8;3.1
31;2021-03-11;4380;1167;85509;44287;6.1;3.2
31;2021-03-12;5315;1196;90824;45483;6.5;3.2
31;2021-03-13;2837;507;93661;45990;6.7;3.3
31;2021-03-14;235;49;93896;46039;6.7;3.3
31;2021-03-15;2583;430;96479;46469;6.9;3.3
31;2021-03-16;1745;818;98224;47287;7.0;3.4
31;2021-03-17;1657;561;99881;47848;7.1;3.4
31;2021-03-18;1988;711;101869;48559;7.3;3.5
31;2021-03-19;3187;527;105056;49086;7.5;3.5
31;2021-03-20;1797;139;106853;49225;7.6;3.5
31;2021-03-21;210;35;107063;49260;7.6;3.5
31;2021-03-22;2578;371;109641;49631;7.8;3.5
31;2021-03-23;4055;320;113696;49951;8.1;3.6
31;2021-03-24;4357;292;118053;50243;8.4;3.6
31;2021-03-25;6040;528;124093;50771;8.9;3.6
31;2021-03-26;5466;515;129559;51286;9.2;3.7
31;2021-03-27;4350;210;133909;51496;9.6;3.7
31;2021-03-28;2291;49;136200;51545;9.7;3.7
31;2021-03-29;4206;432;140406;51977;10.0;3.7
31;2021-03-30;6594;557;147000;52534;10.5;3.7
31;2021-03-31;5649;385;152649;52919;10.9;3.8
31;2021-04-01;6965;561;159614;53480;11.4;3.8
31;2021-04-02;6102;585;165716;54065;11.8;3.9
31;2021-04-03;3927;153;169643;54218;12.1;3.9
31;2021-04-04;2060;114;171703;54332;12.3;3.9
31;2021-04-05;481;70;172184;54402;12.3;3.9
31;2021-04-06;4166;1152;176350;55554;12.6;4.0
31;2021-04-07;5986;983;182336;56537;13.0;4.0
31;2021-04-08;7568;1036;189904;57573;13.6;4.1
31;2021-04-09;8387;1258;198291;58831;14.2;4.2
31;2021-04-10;4717;545;203008;59376;14.5;4.2
31;2021-04-11;2068;137;205076;59513;14.6;4.2
31;2021-04-12;6000;1839;211076;61352;15.1;4.4
31;2021-04-13;8030;2025;219106;63377;15.6;4.5
31;2021-04-14;6651;1922;225757;65299;16.1;4.7
31;2021-04-15;7772;2238;233529;67537;16.7;4.8
31;2021-04-16;7182;2096;240711;69633;17.2;5.0
31;2021-04-17;4413;910;245124;70543;17.5;5.0
31;2021-04-18;2512;355;247636;70898;17.7;5.1
31;2021-04-19;5221;2029;252857;72927;18.0;5.2
31;2021-04-20;6073;2847;258930;75774;18.5;5.4
31;2021-04-21;5974;2799;264904;78573;18.9;5.6
31;2021-04-22;6381;3245;271285;81818;19.4;5.8
31;2021-04-23;6281;2578;277566;84396;19.8;6.0
31;2021-04-24;1614;3142;279180;87538;19.9;6.2
31;2021-04-25;687;2094;279867;89632;20.0;6.4
31;2021-04-26;3793;3224;283660;92856;20.2;6.6
31;2021-04-27;4517;3902;288177;96758;20.6;6.9
31;2021-04-28;4545;3573;292722;100331;20.9;7.2
31;2021-04-29;5183;4071;297905;104402;21.3;7.5
31;2021-04-30;5036;4131;302941;108533;21.6;7.7
31;2021-05-01;1488;3120;304429;111653;21.7;8.0
31;2021-05-02;1415;1981;305844;113634;21.8;8.1
31;2021-05-03;5657;2422;311501;116056;22.2;8.3
31;2021-05-04;4780;4741;316281;120797;22.6;8.6
31;2021-05-05;2995;5722;319276;126519;22.8;9.0
31;2021-05-06;3636;7383;322912;133902;23.0;9.6
31;2021-05-07;5257;7170;328169;141072;23.4;10.1
31;2021-05-08;3634;3105;331803;144177;23.7;10.3
31;2021-05-09;3760;2309;335563;146486;24.0;10.5
31;2021-05-10;5685;5480;341248;151966;24.4;10.8
31;2021-05-11;6654;6704;347902;158670;24.8;11.3
31;2021-05-12;6172;5936;354074;164606;25.3;11.7
31;2021-05-13;4643;2064;358717;166670;25.6;11.9
31;2021-05-14;6912;3984;365629;170654;26.1;12.2
31;2021-05-15;5144;1757;370773;172411;26.5;12.3
31;2021-05-16;3301;633;374074;173044;26.7;12.4
31;2021-05-17;5143;4149;379217;177193;27.1;12.6
31;2021-05-18;5589;4278;384806;181471;27.5;13.0
31;2021-05-19;5782;3762;390588;185233;27.9;13.2
31;2021-05-20;6475;4806;397063;190039;28.3;13.6
31;2021-05-21;5984;4609;403047;194648;28.8;13.9
31;2021-05-22;4085;1629;407132;196277;29.1;14.0
31;2021-05-23;3584;342;410716;196619;29.3;14.0
31;2021-05-24;3880;706;414596;197325;29.6;14.1
31;2021-05-25;6189;3606;420785;200931;30.0;14.3
31;2021-05-26;5609;4645;426394;205576;30.4;14.7
31;2021-05-27;4787;6202;431181;211778;30.8;15.1
31;2021-05-28;4116;6351;435297;218129;31.1;15.6
31;2021-05-29;1918;4030;437215;222159;31.2;15.9
31;2021-05-30;751;2362;437966;224521;31.3;16.0
31;2021-05-31;4398;5087;442364;229608;31.6;16.4
31;2021-06-01;5955;6564;448319;236172;32.0;16.9
31;2021-06-02;5801;6313;454120;242485;32.4;17.3
31;2021-06-03;7310;8142;461430;250627;32.9;17.9
31;2021-06-04;7544;7162;468974;257789;33.5;18.4
31;2021-06-05;9078;2770;478052;260559;34.1;18.6
31;2021-06-06;8113;1582;486165;262141;34.7;18.7
31;2021-06-07;7989;5471;494154;267612;35.3;19.1
31;2021-06-08;9108;6053;503262;273665;35.9;19.5
31;2021-06-09;8920;5556;512182;279221;36.6;19.9
31;2021-06-10;9784;6364;521966;285585;37.3;20.4
31;2021-06-11;10050;6640;532016;292225;38.0;20.9
31;2021-06-12;8792;3021;540808;295246;38.6;21.1
31;2021-06-13;8376;2018;549184;297264;39.2;21.2
31;2021-06-14;8431;6735;557615;303999;39.8;21.7
31;2021-06-15;9781;7448;567396;311447;40.5;22.2
31;2021-06-16;8739;5260;576135;316707;41.1;22.6
31;2021-06-17;8277;6602;584412;323309;41.7;23.1
31;2021-06-18;8554;7754;592966;331063;42.3;23.6
31;2021-06-19;7365;5438;600331;336501;42.9;24.0
31;2021-06-20;5573;3725;605904;340226;43.2;24.3
31;2021-06-21;5376;6919;611280;347145;43.6;24.8
31;2021-06-22;4988;8223;616268;355368;44.0;25.4
31;2021-06-23;5110;7279;621378;362647;44.4;25.9
31;2021-06-24;4634;8320;626012;370967;44.7;26.5
31;2021-06-25;5017;9312;631029;380279;45.0;27.1
31;2021-06-26;4283;6399;635312;386678;45.3;27.6
31;2021-06-27;3597;4106;638909;390784;45.6;27.9
31;2021-06-28;4101;6649;643010;397433;45.9;28.4
31;2021-06-29;3799;7566;646809;404999;46.2;28.9
31;2021-06-30;4281;7810;651090;412809;46.5;29.5
31;2021-07-01;4092;8469;655182;421278;46.8;30.1
31;2021-07-02;4110;9329;659292;430607;47.1;30.7
31;2021-07-03;4101;6110;663393;436717;47.4;31.2
31;2021-07-04;3204;4811;666597;441528;47.6;31.5
31;2021-07-05;4056;7098;670653;448626;47.9;32.0
31;2021-07-06;3889;8367;674542;456993;48.1;32.6
31;2021-07-07;3960;7965;678502;464958;48.4;33.2
31;2021-07-08;4054;8541;682556;473499;48.7;33.8
31;2021-07-09;4464;8802;687020;482301;49.0;34.4
31;2021-07-10;3919;5497;690939;487798;49.3;34.8
31;2021-07-11;3138;4134;694077;491932;49.5;35.1
31;2021-07-12;3826;8631;697903;500563;49.8;35.7
31;2021-07-13;6921;9436;704824;509999;50.3;36.4
31;2021-07-14;6166;3932;710990;513931;50.8;36.7
31;2021-07-15;8522;9444;719512;523375;51.4;37.4
31;2021-07-16;7777;9919;727289;533294;51.9;38.1
31;2021-07-17;8366;10547;735655;543841;52.5;38.8
31;2021-07-18;6629;9469;742284;553310;53.0;39.5
31;2021-07-19;4791;10773;747075;564083;53.3;40.3
31;2021-07-20;7162;11478;754237;575561;53.8;41.1
31;2021-07-21;7044;11530;761281;587091;54.3;41.9
31;2021-07-22;8164;11759;769445;598850;54.9;42.7
31;2021-07-23;7471;11809;776916;610659;55.5;43.6
31;2021-07-24;10316;10559;787232;621218;56.2;44.3
31;2021-07-25;7565;8798;794797;630016;56.7;45.0
31;2021-07-26;5521;9543;800318;639559;57.1;45.7
31;2021-07-27;7961;9196;808279;648755;57.7;46.3
31;2021-07-28;8680;8273;816959;657028;58.3;46.9
31;2021-07-29;8851;8047;825810;665075;58.9;47.5
31;2021-07-30;7666;7986;833476;673061;59.5;48.0
31;2021-07-31;6014;7392;839490;680453;59.9;48.6
31;2021-08-01;4432;4302;843922;684755;60.2;48.9
31;2021-08-02;5481;5415;849403;690170;60.6;49.3
31;2021-08-03;5855;5185;855258;695355;61.0;49.6
31;2021-08-04;5908;4804;861166;700159;61.5;50.0
31;2021-08-05;5571;7229;866737;707388;61.9;50.5
31;2021-08-06;5288;7339;872025;714727;62.2;51.0
31;2021-08-07;4589;6645;876614;721372;62.6;51.5
31;2021-08-08;3381;5571;879995;726943;62.8;51.9
31;2021-08-09;4383;7021;884378;733964;63.1;52.4
31;2021-08-10;4658;6282;889036;740246;63.5;52.8
31;2021-08-11;4511;5860;893547;746106;63.8;53.3
31;2021-08-12;4498;6754;898045;752860;64.1;53.7
31;2021-08-13;4115;6191;902160;759051;64.4;54.2
31;2021-08-14;3027;6457;905187;765508;64.6;54.6
31;2021-08-15;1288;4094;906475;769602;64.7;54.9
31;2021-08-16;3201;8122;909676;777724;64.9;55.5
31;2021-08-17;3407;7095;913083;784819;65.2;56.0
31;2021-08-18;3299;7001;916382;791820;65.4;56.5
31;2021-08-19;2958;6985;919340;798805;65.6;57.0
31;2021-08-20;2956;7383;922296;806188;65.8;57.5
31;2021-08-21;1966;6789;924262;812977;66.0;58.0
31;2021-08-22;1482;5632;925744;818609;66.1;58.4
31;2021-08-23;2321;7721;928065;826330;66.2;59.0
31;2021-08-24;2543;6169;930608;832499;66.4;59.4
31;2021-08-25;2356;5721;932964;838220;66.6;59.8
31;2021-08-26;2261;5786;935225;844006;66.8;60.2
31;2021-08-27;2344;6657;937569;850663;66.9;60.7
31;2021-08-28;1824;6783;939393;857446;67.1;61.2
31;2021-08-29;1269;5060;940662;862506;67.1;61.6
31;2021-08-30;2110;6628;942772;869134;67.3;62.0
31;2021-08-31;2240;5555;945012;874689;67.5;62.4
31;2021-09-01;1668;5043;946680;879732;67.6;62.8
32;2020-12-27;0;0;0;0;0.0;0.0
32;2020-12-28;0;0;0;0;0.0;0.0
32;2020-12-29;0;0;0;0;0.0;0.0
32;2020-12-30;0;0;0;0;0.0;0.0
32;2020-12-31;0;0;0;0;0.0;0.0
32;2021-01-01;0;0;0;0;0.0;0.0
32;2021-01-02;0;0;0;0;0.0;0.0
32;2021-01-03;1;0;1;0;0.0;0.0
32;2021-01-04;3;0;4;0;0.0;0.0
32;2021-01-05;1;0;5;0;0.0;0.0
32;2021-01-06;2;0;7;0;0.0;0.0
32;2021-01-07;155;0;162;0;0.1;0.0
32;2021-01-08;70;0;232;0;0.1;0.0
32;2021-01-09;5;0;237;0;0.1;0.0
32;2021-01-10;1;0;238;0;0.1;0.0
32;2021-01-11;11;0;249;0;0.1;0.0
32;2021-01-12;96;0;345;0;0.2;0.0
32;2021-01-13;325;0;670;0;0.4;0.0
32;2021-01-14;378;3;1048;3;0.6;0.0
32;2021-01-15;448;1;1496;4;0.8;0.0
32;2021-01-16;16;2;1512;6;0.8;0.0
32;2021-01-17;1;0;1513;6;0.8;0.0
32;2021-01-18;345;1;1858;7;1.0;0.0
32;2021-01-19;418;0;2276;7;1.2;0.0
32;2021-01-20;358;0;2634;7;1.4;0.0
32;2021-01-21;582;0;3216;7;1.7;0.0
32;2021-01-22;372;0;3588;7;1.9;0.0
32;2021-01-23;180;0;3768;7;2.0;0.0
32;2021-01-24;5;0;3773;7;2.0;0.0
32;2021-01-25;468;1;4241;8;2.2;0.0
32;2021-01-26;608;0;4849;8;2.6;0.0
32;2021-01-27;702;4;5551;12;2.9;0.0
32;2021-01-28;687;15;6238;27;3.3;0.0
32;2021-01-29;460;53;6698;80;3.5;0.0
32;2021-01-30;260;0;6958;80;3.7;0.0
32;2021-01-31;4;5;6962;85;3.7;0.0
32;2021-02-01;288;58;7250;143;3.8;0.1
32;2021-02-02;638;139;7888;282;4.2;0.1
32;2021-02-03;338;200;8226;482;4.3;0.3
32;2021-02-04;426;278;8652;760;4.6;0.4
32;2021-02-05;348;358;9000;1118;4.7;0.6
32;2021-02-06;147;0;9147;1118;4.8;0.6
32;2021-02-07;0;36;9147;1154;4.8;0.6
32;2021-02-08;278;121;9425;1275;5.0;0.7
32;2021-02-09;309;229;9734;1504;5.1;0.8
32;2021-02-10;271;252;10005;1756;5.3;0.9
32;2021-02-11;382;316;10387;2072;5.5;1.1
32;2021-02-12;297;279;10684;2351;5.6;1.2
32;2021-02-13;249;1;10933;2352;5.8;1.2
32;2021-02-14;0;28;10933;2380;5.8;1.3
32;2021-02-15;25;209;10958;2589;5.8;1.4
32;2021-02-16;393;365;11351;2954;6.0;1.6
32;2021-02-17;191;467;11542;3421;6.1;1.8
32;2021-02-18;331;491;11873;3912;6.2;2.1
32;2021-02-19;184;277;12057;4189;6.3;2.2
32;2021-02-20;1;116;12058;4305;6.3;2.3
32;2021-02-21;0;0;12058;4305;6.3;2.3
32;2021-02-22;158;383;12216;4688;6.4;2.5
32;2021-02-23;431;564;12647;5252;6.7;2.8
32;2021-02-24;277;368;12924;5620;6.8;3.0
32;2021-02-25;481;517;13405;6137;7.1;3.2
32;2021-02-26;444;385;13849;6522;7.3;3.4
32;2021-02-27;157;246;14006;6768;7.4;3.6
32;2021-02-28;4;0;14010;6768;7.4;3.6
32;2021-03-01;51;300;14061;7068;7.4;3.7
32;2021-03-02;414;446;14475;7514;7.6;4.0
32;2021-03-03;276;291;14751;7805;7.8;4.1
32;2021-03-04;540;339;15291;8144;8.0;4.3
32;2021-03-05;437;249;15728;8393;8.3;4.4
32;2021-03-06;522;166;16250;8559;8.6;4.5
32;2021-03-07;25;5;16275;8564;8.6;4.5
32;2021-03-08;234;291;16509;8855;8.7;4.7
32;2021-03-09;643;329;17152;9184;9.0;4.8
32;2021-03-10;482;327;17634;9511;9.3;5.0
32;2021-03-11;854;294;18488;9805;9.7;5.2
32;2021-03-12;882;340;19370;10145;10.2;5.3
32;2021-03-13;492;248;19862;10393;10.5;5.5
32;2021-03-14;1;0;19863;10393;10.5;5.5
32;2021-03-15;267;26;20130;10419;10.6;5.5
32;2021-03-16;314;308;20444;10727;10.8;5.6
32;2021-03-17;150;155;20594;10882;10.8;5.7
32;2021-03-18;375;308;20969;11190;11.0;5.9
32;2021-03-19;404;181;21373;11371;11.2;6.0
32;2021-03-20;136;33;21509;11404;11.3;6.0
32;2021-03-21;0;0;21509;11404;11.3;6.0
32;2021-03-22;340;170;21849;11574;11.5;6.1
32;2021-03-23;560;399;22409;11973;11.8;6.3
32;2021-03-24;643;270;23052;12243;12.1;6.4
32;2021-03-25;899;417;23951;12660;12.6;6.7
32;2021-03-26;657;294;24608;12954;12.9;6.8
32;2021-03-27;165;3;24773;12957;13.0;6.8
32;2021-03-28;1;1;24774;12958;13.0;6.8
32;2021-03-29;371;48;25145;13006;13.2;6.8
32;2021-03-30;766;290;25911;13296;13.6;7.0
32;2021-03-31;654;173;26565;13469;14.0;7.1
32;2021-04-01;1238;321;27803;13790;14.6;7.3
32;2021-04-02;575;167;28378;13957;14.9;7.3
32;2021-04-03;114;0;28492;13957;15.0;7.3
32;2021-04-04;0;0;28492;13957;15.0;7.3
32;2021-04-05;0;0;28492;13957;15.0;7.3
32;2021-04-06;2646;311;31138;14268;16.4;7.5
32;2021-04-07;1178;204;32316;14472;17.0;7.6
32;2021-04-08;1736;406;34052;14878;17.9;7.8
32;2021-04-09;883;218;34935;15096;18.4;7.9
32;2021-04-10;809;29;35744;15125;18.8;8.0
32;2021-04-11;14;0;35758;15125;18.8;8.0
32;2021-04-12;477;23;36235;15148;19.1;8.0
32;2021-04-13;2469;387;38704;15535;20.4;8.2
32;2021-04-14;1227;263;39931;15798;21.0;8.3
32;2021-04-15;1704;392;41635;16190;21.9;8.5
32;2021-04-16;638;282;42273;16472;22.2;8.7
32;2021-04-17;783;38;43056;16510;22.7;8.7
32;2021-04-18;13;1;43069;16511;22.7;8.7
32;2021-04-19;502;46;43571;16557;22.9;8.7
32;2021-04-20;2472;391;46043;16948;24.2;8.9
32;2021-04-21;1010;303;47053;17251;24.8;9.1
32;2021-04-22;1662;321;48715;17572;25.6;9.2
32;2021-04-23;549;159;49264;17731;25.9;9.3
32;2021-04-24;1391;55;50655;17786;26.7;9.4
32;2021-04-25;0;11;50655;17797;26.7;9.4
32;2021-04-26;387;359;51042;18156;26.9;9.6
32;2021-04-27;2552;554;53594;18710;28.2;9.8
32;2021-04-28;972;356;54566;19066;28.7;10.0
32;2021-04-29;1009;885;55575;19951;29.2;10.5
32;2021-04-30;453;362;56028;20313;29.5;10.7
32;2021-05-01;2607;97;58635;20410;30.9;10.7
32;2021-05-02;0;0;58635;20410;30.9;10.7
32;2021-05-03;171;321;58806;20731;30.9;10.9
32;2021-05-04;791;2497;59597;23228;31.4;12.2
32;2021-05-05;2361;1098;61958;24326;32.6;12.8
32;2021-05-06;516;1660;62474;25986;32.9;13.7
32;2021-05-07;2286;538;64760;26524;34.1;14.0
32;2021-05-08;71;516;64831;27040;34.1;14.2
32;2021-05-09;21;179;64852;27219;34.1;14.3
32;2021-05-10;1993;551;66845;27770;35.2;14.6
32;2021-05-11;651;2276;67496;30046;35.5;15.8
32;2021-05-12;2313;1138;69809;31184;36.7;16.4
32;2021-05-13;281;1417;70090;32601;36.9;17.2
32;2021-05-14;2222;327;72312;32928;38.1;17.3
32;2021-05-15;134;712;72446;33640;38.1;17.7
32;2021-05-16;2;0;72448;33640;38.1;17.7
32;2021-05-17;353;170;72801;33810;38.3;17.8
32;2021-05-18;1642;297;74443;34107;39.2;17.9
32;2021-05-19;2475;272;76918;34379;40.5;18.1
32;2021-05-20;2887;471;79805;34850;42.0;18.3
32;2021-05-21;2535;500;82340;35350;43.3;18.6
32;2021-05-22;334;111;82674;35461;43.5;18.7
32;2021-05-23;2;13;82676;35474;43.5;18.7
32;2021-05-24;3;0;82679;35474;43.5;18.7
32;2021-05-25;1983;373;84662;35847;44.5;18.9
32;2021-05-26;2548;555;87210;36402;45.9;19.2
32;2021-05-27;2877;626;90087;37028;47.4;19.5
32;2021-05-28;2310;766;92397;37794;48.6;19.9
32;2021-05-29;372;312;92769;38106;48.8;20.1
32;2021-05-30;4;6;92773;38112;48.8;20.1
32;2021-05-31;1414;625;94187;38737;49.6;20.4
32;2021-06-01;565;2889;94752;41626;49.9;21.9
32;2021-06-02;1579;1354;96331;42980;50.7;22.6
32;2021-06-03;396;2087;96727;45067;50.9;23.7
32;2021-06-04;1837;830;98564;45897;51.9;24.2
32;2021-06-05;206;1661;98770;47558;52.0;25.0
32;2021-06-06;8;14;98778;47572;52.0;25.0
32;2021-06-07;103;418;98881;47990;52.0;25.3
32;2021-06-08;663;2541;99544;50531;52.4;26.6
32;2021-06-09;1191;1055;100735;51586;53.0;27.1
32;2021-06-10;686;1226;101421;52812;53.4;27.8
32;2021-06-11;926;663;102347;53475;53.9;28.1
32;2021-06-12;150;2679;102497;56154;53.9;29.5
32;2021-06-13;1;1;102498;56155;53.9;29.5
32;2021-06-14;529;210;103027;56365;54.2;29.7
32;2021-06-15;1735;1027;104762;57392;55.1;30.2
32;2021-06-16;850;2777;105612;60169;55.6;31.7
32;2021-06-17;860;829;106472;60998;56.0;32.1
32;2021-06-18;315;2724;106787;63722;56.2;33.5
32;2021-06-19;914;436;107701;64158;56.7;33.8
32;2021-06-20;5;13;107706;64171;56.7;33.8
32;2021-06-21;67;1994;107773;66165;56.7;34.8
32;2021-06-22;1043;970;108816;67135;57.3;35.3
32;2021-06-23;516;2183;109332;69318;57.5;36.5
32;2021-06-24;528;520;109860;69838;57.8;36.7
32;2021-06-25;501;2359;110361;72197;58.1;38.0
32;2021-06-26;108;171;110469;72368;58.1;38.1
32;2021-06-27;2;5;110471;72373;58.1;38.1
32;2021-06-28;630;603;111101;72976;58.5;38.4
32;2021-06-29;800;1985;111901;74961;58.9;39.4
32;2021-06-30;757;2725;112658;77686;59.3;40.9
32;2021-07-01;540;2641;113198;80327;59.6;42.3
32;2021-07-02;641;2335;113839;82662;59.9;43.5
32;2021-07-03;482;506;114321;83168;60.2;43.8
32;2021-07-04;1;12;114322;83180;60.2;43.8
32;2021-07-05;76;391;114398;83571;60.2;44.0
32;2021-07-06;880;2083;115278;85654;60.7;45.1
32;2021-07-07;781;2757;116059;88411;61.1;46.5
32;2021-07-08;478;2267;116537;90678;61.3;47.7
32;2021-07-09;615;2226;117152;92904;61.6;48.9
32;2021-07-10;537;521;117689;93425;61.9;49.2
32;2021-07-11;0;5;117689;93430;61.9;49.2
32;2021-07-12;526;1243;118215;94673;62.2;49.8
32;2021-07-13;1696;1817;119911;96490;63.1;50.8
32;2021-07-14;491;35;120402;96525;63.4;50.8
32;2021-07-15;2095;891;122497;97416;64.5;51.3
32;2021-07-16;1169;1911;123666;99327;65.1;52.3
32;2021-07-17;78;129;123744;99456;65.1;52.3
32;2021-07-18;2;5;123746;99461;65.1;52.3
32;2021-07-19;1995;147;125741;99608;66.2;52.4
32;2021-07-20;2039;1268;127780;100876;67.2;53.1
32;2021-07-21;1615;1691;129395;102567;68.1;54.0
32;2021-07-22;1947;511;131342;103078;69.1;54.2
32;2021-07-23;1407;1732;132749;104810;69.9;55.2
32;2021-07-24;139;118;132888;104928;69.9;55.2
32;2021-07-25;34;10;132922;104938;69.9;55.2
32;2021-07-26;1071;1071;133993;106009;70.5;55.8
32;2021-07-27;1727;2097;135720;108106;71.4;56.9
32;2021-07-28;694;974;136414;109080;71.8;57.4
32;2021-07-29;1688;1604;138102;110684;72.7;58.2
32;2021-07-30;363;349;138465;111033;72.9;58.4
32;2021-07-31;186;351;138651;111384;73.0;58.6
32;2021-08-01;18;4;138669;111388;73.0;58.6
32;2021-08-02;80;76;138749;111464;73.0;58.7
32;2021-08-03;1176;1790;139925;113254;73.6;59.6
32;2021-08-04;632;654;140557;113908;74.0;59.9
32;2021-08-05;1105;1939;141662;115847;74.5;61.0
32;2021-08-06;561;495;142223;116342;74.8;61.2
32;2021-08-07;148;93;142371;116435;74.9;61.3
32;2021-08-08;0;0;142371;116435;74.9;61.3
32;2021-08-09;260;1826;142631;118261;75.1;62.2
32;2021-08-10;712;2080;143343;120341;75.4;63.3
32;2021-08-11;577;446;143920;120787;75.7;63.6
32;2021-08-12;932;2103;144852;122890;76.2;64.7
32;2021-08-13;177;251;145029;123141;76.3;64.8
32;2021-08-14;111;119;145140;123260;76.4;64.9
32;2021-08-15;12;21;145152;123281;76.4;64.9
32;2021-08-16;41;39;145193;123320;76.4;64.9
32;2021-08-17;573;2301;145766;125621;76.7;66.1
32;2021-08-18;308;558;146074;126179;76.9;66.4
32;2021-08-19;953;1410;147027;127589;77.4;67.1
32;2021-08-20;154;165;147181;127754;77.4;67.2
32;2021-08-21;149;191;147330;127945;77.5;67.3
32;2021-08-22;8;3;147338;127948;77.5;67.3
32;2021-08-23;42;101;147380;128049;77.6;67.4
32;2021-08-24;582;1448;147962;129497;77.9;68.1
32;2021-08-25;92;191;148054;129688;77.9;68.2
32;2021-08-26;321;2260;148375;131948;78.1;69.4
32;2021-08-27;270;553;148645;132501;78.2;69.7
32;2021-08-28;70;109;148715;132610;78.3;69.8
32;2021-08-29;1;8;148716;132618;78.3;69.8
32;2021-08-30;19;50;148735;132668;78.3;69.8
32;2021-08-31;195;1536;148930;134204;78.4;70.6
32;2021-09-01;648;823;149578;135027;78.7;71.1
33;2020-12-27;2;0;2;0;0.0;0.0
33;2020-12-28;3;0;5;0;0.0;0.0
33;2020-12-29;0;0;5;0;0.0;0.0
33;2020-12-30;0;0;5;0;0.0;0.0
33;2020-12-31;0;0;5;0;0.0;0.0
33;2021-01-01;0;0;5;0;0.0;0.0
33;2021-01-02;1;0;6;0;0.0;0.0
33;2021-01-03;0;0;6;0;0.0;0.0
33;2021-01-04;2;0;8;0;0.0;0.0
33;2021-01-05;2;0;10;0;0.0;0.0
33;2021-01-06;134;0;144;0;0.0;0.0
33;2021-01-07;1309;1;1453;1;0.1;0.0
33;2021-01-08;1199;2;2652;3;0.2;0.0
33;2021-01-09;298;0;2950;3;0.2;0.0
33;2021-01-10;229;0;3179;3;0.2;0.0
33;2021-01-11;627;0;3806;3;0.2;0.0
33;2021-01-12;1417;2;5223;5;0.3;0.0
33;2021-01-13;1313;9;6536;14;0.4;0.0
33;2021-01-14;1286;13;7822;27;0.5;0.0
33;2021-01-15;1607;11;9429;38;0.6;0.0
33;2021-01-16;566;8;9995;46;0.6;0.0
33;2021-01-17;406;4;10401;50;0.6;0.0
33;2021-01-18;1222;11;11623;61;0.7;0.0
33;2021-01-19;2925;4;14548;65;0.9;0.0
33;2021-01-20;3401;9;17949;74;1.1;0.0
33;2021-01-21;2858;5;20807;79;1.3;0.0
33;2021-01-22;2325;8;23132;87;1.4;0.0
33;2021-01-23;852;2;23984;89;1.5;0.0
33;2021-01-24;529;2;24513;91;1.5;0.0
33;2021-01-25;2171;60;26684;151;1.6;0.0
33;2021-01-26;2244;158;28928;309;1.8;0.0
33;2021-01-27;2258;200;31186;509;1.9;0.0
33;2021-01-28;2157;436;33343;945;2.0;0.1
33;2021-01-29;1820;676;35163;1621;2.2;0.1
33;2021-01-30;704;171;35867;1792;2.2;0.1
33;2021-01-31;389;153;36256;1945;2.2;0.1
33;2021-02-01;1456;641;37712;2586;2.3;0.2
33;2021-02-02;2643;1099;40355;3685;2.5;0.2
33;2021-02-03;2922;858;43277;4543;2.6;0.3
33;2021-02-04;4030;1344;47307;5887;2.9;0.4
33;2021-02-05;2190;1157;49497;7044;3.0;0.4
33;2021-02-06;643;195;50140;7239;3.1;0.4
33;2021-02-07;218;224;50358;7463;3.1;0.5
33;2021-02-08;1263;746;51621;8209;3.2;0.5
33;2021-02-09;1324;1669;52945;9878;3.2;0.6
33;2021-02-10;1263;1740;54208;11618;3.3;0.7
33;2021-02-11;1301;1433;55509;13051;3.4;0.8
33;2021-02-12;1115;1233;56624;14284;3.5;0.9
33;2021-02-13;203;282;56827;14566;3.5;0.9
33;2021-02-14;47;240;56874;14806;3.5;0.9
33;2021-02-15;684;1683;57558;16489;3.5;1.0
33;2021-02-16;812;2017;58370;18506;3.6;1.1
33;2021-02-17;668;2008;59038;20514;3.6;1.3
33;2021-02-18;898;2209;59936;22723;3.7;1.4
33;2021-02-19;916;2000;60852;24723;3.7;1.5
33;2021-02-20;77;636;60929;25359;3.7;1.6
33;2021-02-21;38;456;60967;25815;3.7;1.6
33;2021-02-22;706;1844;61673;27659;3.8;1.7
33;2021-02-23;1230;2708;62903;30367;3.9;1.9
33;2021-02-24;1399;2494;64302;32861;3.9;2.0
33;2021-02-25;2830;3732;67132;36593;4.1;2.2
33;2021-02-26;4056;2298;71188;38891;4.4;2.4
33;2021-02-27;1360;716;72548;39607;4.4;2.4
33;2021-02-28;126;511;72674;40118;4.4;2.5
33;2021-03-01;1534;1833;74208;41951;4.5;2.6
33;2021-03-02;2322;1727;76530;43678;4.7;2.7
33;2021-03-03;2307;1688;78837;45366;4.8;2.8
33;2021-03-04;3934;1664;82771;47030;5.1;2.9
33;2021-03-05;5758;1735;88529;48765;5.4;3.0
33;2021-03-06;3414;561;91943;49326;5.6;3.0
33;2021-03-07;741;159;92684;49485;5.7;3.0
33;2021-03-08;2715;1145;95399;50630;5.8;3.1
33;2021-03-09;4402;1335;99801;51965;6.1;3.2
33;2021-03-10;5120;1232;104921;53197;6.4;3.3
33;2021-03-11;7543;1231;112464;54428;6.9;3.3
33;2021-03-12;10119;1167;122583;55595;7.5;3.4
33;2021-03-13;5155;213;127738;55808;7.8;3.4
33;2021-03-14;715;27;128453;55835;7.9;3.4
33;2021-03-15;4441;680;132894;56515;8.1;3.5
33;2021-03-16;3582;879;136476;57394;8.4;3.5
33;2021-03-17;3638;949;140114;58343;8.6;3.6
33;2021-03-18;4038;1411;144152;59754;8.8;3.7
33;2021-03-19;6270;1034;150422;60788;9.2;3.7
33;2021-03-20;3368;104;153790;60892;9.4;3.7
33;2021-03-21;461;29;154251;60921;9.4;3.7
33;2021-03-22;4900;451;159151;61372;9.7;3.8
33;2021-03-23;6322;607;165473;61979;10.1;3.8
33;2021-03-24;7076;524;172549;62503;10.6;3.8
33;2021-03-25;8839;659;181388;63162;11.1;3.9
33;2021-03-26;10037;855;191425;64017;11.7;3.9
33;2021-03-27;3619;83;195044;64100;11.9;3.9
33;2021-03-28;577;34;195621;64134;12.0;3.9
33;2021-03-29;6769;701;202390;64835;12.4;4.0
33;2021-03-30;8100;1042;210490;65877;12.9;4.0
33;2021-03-31;7579;1070;218069;66947;13.4;4.1
33;2021-04-01;8821;1193;226890;68140;13.9;4.2
33;2021-04-02;8403;1558;235293;69698;14.4;4.3
33;2021-04-03;2832;524;238125;70222;14.6;4.3
33;2021-04-04;218;160;238343;70382;14.6;4.3
33;2021-04-05;692;123;239035;70505;14.6;4.3
33;2021-04-06;6049;2700;245084;73205;15.0;4.5
33;2021-04-07;7424;2571;252508;75776;15.5;4.6
33;2021-04-08;10323;2782;262831;78558;16.1;4.8
33;2021-04-09;12686;3095;275517;81653;16.9;5.0
33;2021-04-10;5356;1394;280873;83047;17.2;5.1
33;2021-04-11;1002;353;281875;83400;17.3;5.1
33;2021-04-12;7423;3277;289298;86677;17.7;5.3
33;2021-04-13;9317;3479;298615;90156;18.3;5.5
33;2021-04-14;9041;3655;307656;93811;18.8;5.7
33;2021-04-15;10109;3879;317765;97690;19.5;6.0
33;2021-04-16;9720;4227;327485;101917;20.0;6.2
33;2021-04-17;4652;1661;332137;103578;20.3;6.3
33;2021-04-18;929;413;333066;103991;20.4;6.4
33;2021-04-19;5616;3840;338682;107831;20.7;6.6
33;2021-04-20;7292;4266;345974;112097;21.2;6.9
33;2021-04-21;6596;4355;352570;116452;21.6;7.1
33;2021-04-22;7347;4477;359917;120929;22.0;7.4
33;2021-04-23;7707;4820;367624;125749;22.5;7.7
33;2021-04-24;4501;1801;372125;127550;22.8;7.8
33;2021-04-25;1651;418;373776;127968;22.9;7.8
33;2021-04-26;5265;5085;379041;133053;23.2;8.1
33;2021-04-27;6578;5627;385619;138680;23.6;8.5
33;2021-04-28;6784;5567;392403;144247;24.0;8.8
33;2021-04-29;8425;6237;400828;150484;24.5;9.2
33;2021-04-30;8739;6123;409567;156607;25.1;9.6
33;2021-05-01;2901;513;412468;157120;25.3;9.6
33;2021-05-02;1834;346;414302;157466;25.4;9.6
33;2021-05-03;7017;5220;421319;162686;25.8;10.0
33;2021-05-04;6827;6671;428146;169357;26.2;10.4
33;2021-05-05;7142;7570;435288;176927;26.6;10.8
33;2021-05-06;8704;8246;443992;185173;27.2;11.3
33;2021-05-07;8607;8910;452599;194083;27.7;11.9
33;2021-05-08;3542;1601;456141;195684;27.9;12.0
33;2021-05-09;1117;969;457258;196653;28.0;12.0
33;2021-05-10;6877;7310;464135;203963;28.4;12.5
33;2021-05-11;8637;7834;472772;211797;28.9;13.0
33;2021-05-12;9174;6697;481946;218494;29.5;13.4
33;2021-05-13;5209;2112;487155;220606;29.8;13.5
33;2021-05-14;8129;5359;495284;225965;30.3;13.8
33;2021-05-15;5183;2874;500467;228839;30.6;14.0
33;2021-05-16;1842;804;502309;229643;30.8;14.1
33;2021-05-17;8859;5110;511168;234753;31.3;14.4
33;2021-05-18;10624;4889;521792;239642;31.9;14.7
33;2021-05-19;10905;4795;532697;244437;32.6;15.0
33;2021-05-20;10912;5591;543609;250028;33.3;15.3
33;2021-05-21;10919;6257;554528;256285;33.9;15.7
33;2021-05-22;5123;2753;559651;259038;34.3;15.9
33;2021-05-23;1747;384;561398;259422;34.4;15.9
33;2021-05-24;5413;1000;566811;260422;34.7;15.9
33;2021-05-25;9390;5776;576201;266198;35.3;16.3
33;2021-05-26;9678;6043;585879;272241;35.9;16.7
33;2021-05-27;10907;7737;596786;279978;36.5;17.1
33;2021-05-28;10065;9523;606851;289501;37.2;17.7
33;2021-05-29;5041;4116;611892;293617;37.5;18.0
33;2021-05-30;1703;668;613595;294285;37.6;18.0
33;2021-05-31;8558;6427;622153;300712;38.1;18.4
33;2021-06-01;11808;8726;633961;309438;38.8;18.9
33;2021-06-02;11710;8227;645671;317665;39.5;19.4
33;2021-06-03;12715;9204;658386;326869;40.3;20.0
33;2021-06-04;12939;10955;671325;337824;41.1;20.7
33;2021-06-05;5277;5065;676602;342889;41.4;21.0
33;2021-06-06;2526;1193;679128;344082;41.6;21.1
33;2021-06-07;9760;8503;688888;352585;42.2;21.6
33;2021-06-08;11938;9461;700826;362046;42.9;22.2
33;2021-06-09;11776;8537;712602;370583;43.6;22.7
33;2021-06-10;12953;8389;725555;378972;44.4;23.2
33;2021-06-11;12521;11167;738076;390139;45.2;23.9
33;2021-06-12;6189;4476;744265;394615;45.6;24.2
33;2021-06-13;2614;1283;746879;395898;45.7;24.2
33;2021-06-14;8582;10155;755461;406053;46.2;24.9
33;2021-06-15;12060;10270;767521;416323;47.0;25.5
33;2021-06-16;12055;8872;779576;425195;47.7;26.0
33;2021-06-17;13112;9619;792688;434814;48.5;26.6
33;2021-06-18;11799;11441;804487;446255;49.3;27.3
33;2021-06-19;5611;4815;810098;451070;49.6;27.6
33;2021-06-20;2947;1475;813045;452545;49.8;27.7
33;2021-06-21;7876;10166;820921;462711;50.3;28.3
33;2021-06-22;9062;11087;829983;473798;50.8;29.0
33;2021-06-23;8665;10850;838648;484648;51.3;29.7
33;2021-06-24;9746;9983;848394;494631;51.9;30.3
33;2021-06-25;8050;13717;856444;508348;52.4;31.1
33;2021-06-26;4343;5918;860787;514266;52.7;31.5
33;2021-06-27;2468;1962;863255;516228;52.8;31.6
33;2021-06-28;4875;12770;868130;528998;53.1;32.4
33;2021-06-29;6445;13654;874575;542652;53.5;33.2
33;2021-06-30;6681;13397;881256;556049;54.0;34.0
33;2021-07-01;8053;11817;889309;567866;54.4;34.8
33;2021-07-02;6848;15112;896157;582978;54.9;35.7
33;2021-07-03;3228;6784;899385;589762;55.1;36.1
33;2021-07-04;2067;2379;901452;592141;55.2;36.3
33;2021-07-05;4401;12910;905853;605051;55.5;37.0
33;2021-07-06;6150;14593;912003;619644;55.8;37.9
33;2021-07-07;6892;13057;918895;632701;56.3;38.7
33;2021-07-08;7970;12754;926865;645455;56.7;39.5
33;2021-07-09;6473;15112;933338;660567;57.1;40.4
33;2021-07-10;3113;7162;936451;667729;57.3;40.9
33;2021-07-11;1844;2299;938295;670028;57.4;41.0
33;2021-07-12;3947;14704;942242;684732;57.7;41.9
33;2021-07-13;7162;16102;949404;700834;58.1;42.9
33;2021-07-14;3687;5319;953091;706153;58.3;43.2
33;2021-07-15;7623;15976;960714;722129;58.8;44.2
33;2021-07-16;8587;15148;969301;737277;59.3;45.1
33;2021-07-17;3157;6431;972458;743708;59.5;45.5
33;2021-07-18;1703;3206;974161;746914;59.6;45.7
33;2021-07-19;5868;15101;980029;762015;60.0;46.7
33;2021-07-20;7426;16132;987455;778147;60.5;47.6
33;2021-07-21;8372;14542;995827;792689;61.0;48.5
33;2021-07-22;9361;15108;1005188;807797;61.5;49.5
33;2021-07-23;9657;16354;1014845;824151;62.1;50.5
33;2021-07-24;3835;7553;1018680;831704;62.4;50.9
33;2021-07-25;2092;2666;1020772;834370;62.5;51.1
33;2021-07-26;6961;13423;1027733;847793;62.9;51.9
33;2021-07-27;10086;13397;1037819;861190;63.5;52.7
33;2021-07-28;10930;11969;1048749;873159;64.2;53.5
33;2021-07-29;11669;11908;1060418;885067;64.9;54.2
33;2021-07-30;11383;12220;1071801;897287;65.6;54.9
33;2021-07-31;4753;5649;1076554;902936;65.9;55.3
33;2021-08-01;2482;1950;1079036;904886;66.1;55.4
33;2021-08-02;8386;9893;1087422;914779;66.6;56.0
33;2021-08-03;11491;9014;1098913;923793;67.3;56.6
33;2021-08-04;11878;7352;1110791;931145;68.0;57.0
33;2021-08-05;11888;8032;1122679;939177;68.7;57.5
33;2021-08-06;11173;9059;1133852;948236;69.4;58.1
33;2021-08-07;5904;4515;1139756;952751;69.8;58.3
33;2021-08-08;3199;1818;1142955;954569;70.0;58.4
33;2021-08-09;8626;8723;1151581;963292;70.5;59.0
33;2021-08-10;9322;8438;1160903;971730;71.1;59.5
33;2021-08-11;8079;7581;1168982;979311;71.6;60.0
33;2021-08-12;7931;8018;1176913;987329;72.1;60.4
33;2021-08-13;7751;7682;1184664;995011;72.5;60.9
33;2021-08-14;3480;4330;1188144;999341;72.7;61.2
33;2021-08-15;1197;1877;1189341;1001218;72.8;61.3
33;2021-08-16;6399;8637;1195740;1009855;73.2;61.8
33;2021-08-17;6584;9063;1202324;1018918;73.6;62.4
33;2021-08-18;5569;8771;1207893;1027689;73.9;62.9
33;2021-08-19;5467;9113;1213360;1036802;74.3;63.5
33;2021-08-20;4896;9828;1218256;1046630;74.6;64.1
33;2021-08-21;2179;5030;1220435;1051660;74.7;64.4
33;2021-08-22;561;2367;1220996;1054027;74.7;64.5
33;2021-08-23;3886;10293;1224882;1064320;75.0;65.2
33;2021-08-24;4106;11091;1228988;1075411;75.2;65.8
33;2021-08-25;3695;10476;1232683;1085887;75.5;66.5
33;2021-08-26;3603;11040;1236286;1096927;75.7;67.2
33;2021-08-27;3755;12581;1240041;1109508;75.9;67.9
33;2021-08-28;1556;6628;1241597;1116136;76.0;68.3
33;2021-08-29;452;2427;1242049;1118563;76.0;68.5
33;2021-08-30;2314;10527;1244363;1129090;76.2;69.1
33;2021-08-31;3187;11016;1247550;1140106;76.4;69.8
33;2021-09-01;2729;8766;1250279;1148872;76.5;70.3
34;2020-12-27;1;0;1;0;0.0;0.0
34;2020-12-28;1;0;2;0;0.0;0.0
34;2020-12-29;0;0;2;0;0.0;0.0
34;2020-12-30;0;0;2;0;0.0;0.0
34;2020-12-31;0;0;2;0;0.0;0.0
34;2021-01-01;1;0;3;0;0.0;0.0
34;2021-01-02;2;0;5;0;0.0;0.0
34;2021-01-03;0;0;5;0;0.0;0.0
34;2021-01-04;21;0;26;0;0.0;0.0
34;2021-01-05;106;2;132;2;0.0;0.0
34;2021-01-06;198;1;330;3;0.0;0.0
34;2021-01-07;364;0;694;3;0.1;0.0
34;2021-01-08;606;0;1300;3;0.1;0.0
34;2021-01-09;244;0;1544;3;0.1;0.0
34;2021-01-10;95;1;1639;4;0.1;0.0
34;2021-01-11;567;2;2206;6;0.2;0.0
34;2021-01-12;1007;1;3213;7;0.3;0.0
34;2021-01-13;1098;6;4311;13;0.4;0.0
34;2021-01-14;1957;13;6268;26;0.5;0.0
34;2021-01-15;1469;5;7737;31;0.7;0.0
34;2021-01-16;331;7;8068;38;0.7;0.0
34;2021-01-17;233;1;8301;39;0.7;0.0
34;2021-01-18;1126;4;9427;43;0.8;0.0
34;2021-01-19;1610;8;11037;51;0.9;0.0
34;2021-01-20;2086;9;13123;60;1.1;0.0
34;2021-01-21;4234;10;17357;70;1.5;0.0
34;2021-01-22;2551;8;19908;78;1.7;0.0
34;2021-01-23;599;2;20507;80;1.7;0.0
34;2021-01-24;2;0;20509;80;1.7;0.0
34;2021-01-25;1243;5;21752;85;1.8;0.0
34;2021-01-26;1459;20;23211;105;2.0;0.0
34;2021-01-27;1468;23;24679;128;2.1;0.0
34;2021-01-28;1392;124;26071;252;2.2;0.0
34;2021-01-29;1260;135;27331;387;2.3;0.0
34;2021-01-30;479;21;27810;408;2.4;0.0
34;2021-01-31;4;0;27814;408;2.4;0.0
34;2021-02-01;1028;244;28842;652;2.5;0.1
34;2021-02-02;1458;436;30300;1088;2.6;0.1
34;2021-02-03;2656;516;32956;1604;2.8;0.1
34;2021-02-04;2313;879;35269;2483;3.0;0.2
34;2021-02-05;1889;1169;37158;3652;3.2;0.3
34;2021-02-06;497;230;37655;3882;3.2;0.3
34;2021-02-07;32;105;37687;3987;3.2;0.3
34;2021-02-08;860;1045;38547;5032;3.3;0.4
34;2021-02-09;1033;1288;39580;6320;3.4;0.5
34;2021-02-10;1295;1495;40875;7815;3.5;0.7
34;2021-02-11;1791;2685;42666;10500;3.6;0.9
34;2021-02-12;1923;1635;44589;12135;3.8;1.0
34;2021-02-13;356;497;44945;12632;3.8;1.1
34;2021-02-14;22;285;44967;12917;3.8;1.1
34;2021-02-15;673;1170;45640;14087;3.9;1.2
34;2021-02-16;664;1465;46304;15552;3.9;1.3
34;2021-02-17;712;1466;47016;17018;4.0;1.4
34;2021-02-18;835;1435;47851;18453;4.1;1.6
34;2021-02-19;815;1182;48666;19635;4.1;1.7
34;2021-02-20;301;453;48967;20088;4.2;1.7
34;2021-02-21;64;18;49031;20106;4.2;1.7
34;2021-02-22;630;1275;49661;21381;4.2;1.8
34;2021-02-23;562;1437;50223;22818;4.3;1.9
34;2021-02-24;938;2289;51161;25107;4.3;2.1
34;2021-02-25;1606;2235;52767;27342;4.5;2.3
34;2021-02-26;1849;1602;54616;28944;4.6;2.5
34;2021-02-27;701;417;55317;29361;4.7;2.5
34;2021-02-28;86;64;55403;29425;4.7;2.5
34;2021-03-01;929;1141;56332;30566;4.8;2.6
34;2021-03-02;1591;1266;57923;31832;4.9;2.7
34;2021-03-03;1833;1391;59756;33223;5.1;2.8
34;2021-03-04;2866;1619;62622;34842;5.3;3.0
34;2021-03-05;3686;1539;66308;36381;5.6;3.1
34;2021-03-06;2644;203;68952;36584;5.9;3.1
34;2021-03-07;1243;78;70195;36662;6.0;3.1
34;2021-03-08;2781;1005;72976;37667;6.2;3.2
34;2021-03-09;4016;1444;76992;39111;6.5;3.3
34;2021-03-10;3992;1335;80984;40446;6.9;3.4
34;2021-03-11;5436;1302;86420;41748;7.3;3.5
34;2021-03-12;6494;933;92914;42681;7.9;3.6
34;2021-03-13;3136;178;96050;42859;8.2;3.6
34;2021-03-14;1003;54;97053;42913;8.3;3.6
34;2021-03-15;3304;566;100357;43479;8.5;3.7
34;2021-03-16;2913;667;103270;44146;8.8;3.8
34;2021-03-17;3303;740;106573;44886;9.1;3.8
34;2021-03-18;3449;920;110022;45806;9.4;3.9
34;2021-03-19;4694;796;114716;46602;9.8;4.0
34;2021-03-20;3147;65;117863;46667;10.0;4.0
34;2021-03-21;1997;60;119860;46727;10.2;4.0
34;2021-03-22;3682;464;123542;47191;10.5;4.0
34;2021-03-23;4962;542;128504;47733;10.9;4.1
34;2021-03-24;5219;648;133723;48381;11.4;4.1
34;2021-03-25;7197;719;140920;49100;12.0;4.2
34;2021-03-26;7169;575;148089;49675;12.6;4.2
34;2021-03-27;2372;82;150461;49757;12.8;4.2
34;2021-03-28;699;21;151160;49778;12.9;4.2
34;2021-03-29;4185;762;155345;50540;13.2;4.3
34;2021-03-30;5221;970;160566;51510;13.7;4.4
34;2021-03-31;5067;1211;165633;52721;14.1;4.5
34;2021-04-01;7034;1038;172667;53759;14.7;4.6
34;2021-04-02;5823;1188;178490;54947;15.2;4.7
34;2021-04-03;1138;87;179628;55034;15.3;4.7
34;2021-04-04;166;5;179794;55039;15.3;4.7
34;2021-04-05;432;26;180226;55065;15.3;4.7
34;2021-04-06;3135;2456;183361;57521;15.6;4.9
34;2021-04-07;3385;2645;186746;60166;15.9;5.1
34;2021-04-08;5252;2813;191998;62979;16.3;5.4
34;2021-04-09;8073;2498;200071;65477;17.0;5.6
34;2021-04-10;3166;1373;203237;66850;17.3;5.7
34;2021-04-11;1715;807;204952;67657;17.4;5.8
34;2021-04-12;4492;2525;209444;70182;17.8;6.0
34;2021-04-13;5238;3060;214682;73242;18.3;6.2
34;2021-04-14;5618;3241;220300;76483;18.7;6.5
34;2021-04-15;6998;3173;227298;79656;19.3;6.8
34;2021-04-16;6576;3165;233874;82821;19.9;7.0
34;2021-04-17;2377;2069;236251;84890;20.1;7.2
34;2021-04-18;988;1722;237239;86612;20.2;7.4
34;2021-04-19;3421;3124;240660;89736;20.5;7.6
34;2021-04-20;3766;3667;244426;93403;20.8;7.9
34;2021-04-21;4243;3726;248669;97129;21.1;8.3
34;2021-04-22;4488;4616;253157;101745;21.5;8.7
34;2021-04-23;5376;3527;258533;105272;22.0;9.0
34;2021-04-24;3164;1583;261697;106855;22.3;9.1
34;2021-04-25;1919;647;263616;107502;22.4;9.1
34;2021-04-26;4225;3480;267841;110982;22.8;9.4
34;2021-04-27;5127;4026;272968;115008;23.2;9.8
34;2021-04-28;5769;3547;278737;118555;23.7;10.1
34;2021-04-29;6420;3939;285157;122494;24.2;10.4
34;2021-04-30;7872;3300;293029;125794;24.9;10.7
34;2021-05-01;2403;501;295432;126295;25.1;10.7
34;2021-05-02;3260;325;298692;126620;25.4;10.8
34;2021-05-03;6574;2906;305266;129526;26.0;11.0
34;2021-05-04;7110;3805;312376;133331;26.6;11.3
34;2021-05-05;6498;4535;318874;137866;27.1;11.7
34;2021-05-06;6946;5212;325820;143078;27.7;12.2
34;2021-05-07;6929;5685;332749;148763;28.3;12.6
34;2021-05-08;3609;1172;336358;149935;28.6;12.7
34;2021-05-09;2178;1287;338536;151222;28.8;12.9
34;2021-05-10;5855;4810;344391;156032;29.3;13.3
34;2021-05-11;7414;5330;351805;161362;29.9;13.7
34;2021-05-12;7756;4462;359561;165824;30.6;14.1
34;2021-05-13;6126;781;365687;166605;31.1;14.2
34;2021-05-14;7491;3745;373178;170350;31.7;14.5
34;2021-05-15;4865;1691;378043;172041;32.1;14.6
34;2021-05-16;4951;459;382994;172500;32.6;14.7
34;2021-05-17;8693;1985;391687;174485;33.3;14.8
34;2021-05-18;9143;1979;400830;176464;34.1;15.0
34;2021-05-19;8627;1809;409457;178273;34.8;15.2
34;2021-05-20;8868;2508;418325;180781;35.6;15.4
34;2021-05-21;8784;3228;427109;184009;36.3;15.6
34;2021-05-22;5788;1155;432897;185164;36.8;15.7
34;2021-05-23;3884;549;436781;185713;37.1;15.8
34;2021-05-24;1898;854;438679;186567;37.3;15.9
34;2021-05-25;7142;3814;445821;190381;37.9;16.2
34;2021-05-26;8325;3035;454146;193416;38.6;16.4
34;2021-05-27;8320;4306;462466;197722;39.3;16.8
34;2021-05-28;8053;5450;470519;203172;40.0;17.3
34;2021-05-29;4008;3110;474527;206282;40.3;17.5
34;2021-05-30;1988;1390;476515;207672;40.5;17.7
34;2021-05-31;5876;5258;482391;212930;41.0;18.1
34;2021-06-01;6954;6110;489345;219040;41.6;18.6
34;2021-06-02;6135;5811;495480;224851;42.1;19.1
34;2021-06-03;7715;6491;503195;231342;42.8;19.7
34;2021-06-04;7660;7588;510855;238930;43.4;20.3
34;2021-06-05;4141;3677;514996;242607;43.8;20.6
34;2021-06-06;3270;1865;518266;244472;44.1;20.8
34;2021-06-07;4421;6768;522687;251240;44.4;21.4
34;2021-06-08;5859;6828;528546;258068;44.9;21.9
34;2021-06-09;5829;6843;534375;264911;45.4;22.5
34;2021-06-10;6320;6874;540695;271785;46.0;23.1
34;2021-06-11;5400;9279;546095;281064;46.4;23.9
34;2021-06-12;3169;4727;549264;285791;46.7;24.3
34;2021-06-13;1080;1908;550344;287699;46.8;24.5
34;2021-06-14;3447;7817;553791;295516;47.1;25.1
34;2021-06-15;3955;8796;557746;304312;47.4;25.9
34;2021-06-16;4618;7855;562364;312167;47.8;26.5
34;2021-06-17;4225;7954;566589;320121;48.2;27.2
34;2021-06-18;4348;9332;570937;329453;48.5;28.0
34;2021-06-19;2735;4406;573672;333859;48.8;28.4
34;2021-06-20;891;2873;574563;336732;48.9;28.6
34;2021-06-21;2179;8559;576742;345291;49.0;29.4
34;2021-06-22;2977;9410;579719;354701;49.3;30.2
34;2021-06-23;3527;8973;583246;363674;49.6;30.9
34;2021-06-24;3560;8682;586806;372356;49.9;31.7
34;2021-06-25;3376;10437;590182;382793;50.2;32.5
34;2021-06-26;1643;6189;591825;388982;50.3;33.1
34;2021-06-27;308;4270;592133;393252;50.3;33.4
34;2021-06-28;2267;9437;594400;402689;50.5;34.2
34;2021-06-29;2686;10301;597086;412990;50.8;35.1
34;2021-06-30;3356;9552;600442;422542;51.1;35.9
34;2021-07-01;3526;9442;603968;431984;51.4;36.7
34;2021-07-02;3433;9744;607401;441728;51.6;37.6
34;2021-07-03;1682;6161;609083;447889;51.8;38.1
34;2021-07-04;312;2763;609395;450652;51.8;38.3
34;2021-07-05;3230;7998;612625;458650;52.1;39.0
34;2021-07-06;3534;9179;616159;467829;52.4;39.8
34;2021-07-07;3276;8646;619435;476475;52.7;40.5
34;2021-07-08;4300;8869;623735;485344;53.0;41.3
34;2021-07-09;4005;9345;627740;494689;53.4;42.1
34;2021-07-10;2142;5718;629882;500407;53.6;42.5
34;2021-07-11;924;2578;630806;502985;53.6;42.8
34;2021-07-12;2931;8969;633737;511954;53.9;43.5
34;2021-07-13;4661;10048;638398;522002;54.3;44.4
34;2021-07-14;780;354;639178;522356;54.3;44.4
34;2021-07-15;5909;10394;645087;532750;54.8;45.3
34;2021-07-16;5859;10730;650946;543480;55.3;46.2
34;2021-07-17;4494;4412;655440;547892;55.7;46.6
34;2021-07-18;233;199;655673;548091;55.7;46.6
34;2021-07-19;5118;8330;660791;556421;56.2;47.3
34;2021-07-20;6903;8382;667694;564803;56.8;48.0
34;2021-07-21;7656;7818;675350;572621;57.4;48.7
34;2021-07-22;7439;8173;682789;580794;58.1;49.4
34;2021-07-23;7835;8158;690624;588952;58.7;50.1
34;2021-07-24;6151;3056;696775;592008;59.2;50.3
34;2021-07-25;3214;538;699989;592546;59.5;50.4
34;2021-07-26;6239;6432;706228;598978;60.0;50.9
34;2021-07-27;8748;6047;714976;605025;60.8;51.4
34;2021-07-28;9694;5914;724670;610939;61.6;51.9
34;2021-07-29;11312;6041;735982;616980;62.6;52.5
34;2021-07-30;9840;6531;745822;623511;63.4;53.0
34;2021-07-31;6439;2181;752261;625692;64.0;53.2
34;2021-08-01;3317;615;755578;626307;64.2;53.3
34;2021-08-02;7335;5056;762913;631363;64.9;53.7
34;2021-08-03;8116;5383;771029;636746;65.6;54.1
34;2021-08-04;8318;4557;779347;641303;66.3;54.5
34;2021-08-05;7097;5013;786444;646316;66.9;55.0
34;2021-08-06;5871;5219;792315;651535;67.4;55.4
34;2021-08-07;3091;2428;795406;653963;67.6;55.6
34;2021-08-08;197;206;795603;654169;67.6;55.6
34;2021-08-09;4741;6167;800344;660336;68.0;56.1
34;2021-08-10;5375;6481;805719;666817;68.5;56.7
34;2021-08-11;4825;6536;810544;673353;68.9;57.3
34;2021-08-12;4540;6191;815084;679544;69.3;57.8
34;2021-08-13;4063;5727;819147;685271;69.6;58.3
34;2021-08-14;1788;2880;820935;688151;69.8;58.5
34;2021-08-15;198;190;821133;688341;69.8;58.5
34;2021-08-16;2844;7535;823977;695876;70.1;59.2
34;2021-08-17;3540;8272;827517;704148;70.4;59.9
34;2021-08-18;3177;7544;830694;711692;70.6;60.5
34;2021-08-19;3235;7768;833929;719460;70.9;61.2
34;2021-08-20;2705;7709;836634;727169;71.1;61.8
34;2021-08-21;1375;3559;838009;730728;71.3;62.1
34;2021-08-22;160;310;838169;731038;71.3;62.2
34;2021-08-23;2314;8650;840483;739688;71.5;62.9
34;2021-08-24;2714;8956;843197;748644;71.7;63.7
34;2021-08-25;2325;8533;845522;757177;71.9;64.4
34;2021-08-26;2573;7884;848095;765061;72.1;65.0
34;2021-08-27;2173;7554;850268;772615;72.3;65.7
34;2021-08-28;1106;3552;851374;776167;72.4;66.0
34;2021-08-29;349;1349;851723;777516;72.4;66.1
34;2021-08-30;2040;6878;853763;784394;72.6;66.7
34;2021-08-31;2100;6815;855863;791209;72.8;67.3
34;2021-09-01;1988;6378;857851;797587;72.9;67.8
35;2020-12-27;0;0;0;0;0.0;0.0
35;2020-12-28;0;0;0;0;0.0;0.0
35;2020-12-29;2;0;2;0;0.0;0.0
35;2020-12-30;0;0;2;0;0.0;0.0
35;2020-12-31;1;0;3;0;0.0;0.0
35;2021-01-01;3;0;6;0;0.0;0.0
35;2021-01-02;1;0;7;0;0.0;0.0
35;2021-01-03;0;0;7;0;0.0;0.0
35;2021-01-04;10;0;17;0;0.0;0.0
35;2021-01-05;110;0;127;0;0.0;0.0
35;2021-01-06;175;0;302;0;0.0;0.0
35;2021-01-07;440;1;742;1;0.1;0.0
35;2021-01-08;513;1;1255;2;0.1;0.0
35;2021-01-09;31;0;1286;2;0.1;0.0
35;2021-01-10;2;0;1288;2;0.1;0.0
35;2021-01-11;538;0;1826;2;0.2;0.0
35;2021-01-12;886;2;2712;4;0.3;0.0
35;2021-01-13;969;1;3681;5;0.3;0.0
35;2021-01-14;1261;19;4942;24;0.5;0.0
35;2021-01-15;729;2;5671;26;0.5;0.0
35;2021-01-16;189;2;5860;28;0.5;0.0
35;2021-01-17;43;0;5903;28;0.5;0.0
35;2021-01-18;1222;2;7125;30;0.7;0.0
35;2021-01-19;5406;14;12531;44;1.2;0.0
35;2021-01-20;3235;8;15766;52;1.5;0.0
35;2021-01-21;3637;5;19403;57;1.8;0.0
35;2021-01-22;2089;10;21492;67;2.0;0.0
35;2021-01-23;421;1;21913;68;2.0;0.0
35;2021-01-24;50;0;21963;68;2.0;0.0
35;2021-01-25;917;17;22880;85;2.1;0.0
35;2021-01-26;1129;140;24009;225;2.2;0.0
35;2021-01-27;1031;121;25040;346;2.3;0.0
35;2021-01-28;915;292;25955;638;2.4;0.1
35;2021-01-29;724;286;26679;924;2.5;0.1
35;2021-01-30;139;19;26818;943;2.5;0.1
35;2021-01-31;0;0;26818;943;2.5;0.1
35;2021-02-01;670;327;27488;1270;2.5;0.1
35;2021-02-02;726;477;28214;1747;2.6;0.2
35;2021-02-03;661;501;28875;2248;2.7;0.2
35;2021-02-04;589;642;29464;2890;2.7;0.3
35;2021-02-05;624;555;30088;3445;2.8;0.3
35;2021-02-06;173;5;30261;3450;2.8;0.3
35;2021-02-07;1;0;30262;3450;2.8;0.3
35;2021-02-08;446;636;30708;4086;2.8;0.4
35;2021-02-09;1715;3535;32423;7621;3.0;0.7
35;2021-02-10;1368;2708;33791;10329;3.1;1.0
35;2021-02-11;1947;3209;35738;13538;3.3;1.3
35;2021-02-12;1662;1698;37400;15236;3.5;1.4
35;2021-02-13;58;251;37458;15487;3.5;1.4
35;2021-02-14;7;68;37465;15555;3.5;1.4
35;2021-02-15;771;1053;38236;16608;3.5;1.5
35;2021-02-16;920;1001;39156;17609;3.6;1.6
35;2021-02-17;892;1062;40048;18671;3.7;1.7
35;2021-02-18;1015;957;41063;19628;3.8;1.8
35;2021-02-19;1011;947;42074;20575;3.9;1.9
35;2021-02-20;143;49;42217;20624;3.9;1.9
35;2021-02-21;5;0;42222;20624;3.9;1.9
35;2021-02-22;777;799;42999;21423;4.0;2.0
35;2021-02-23;1288;846;44287;22269;4.1;2.1
35;2021-02-24;1403;795;45690;23064;4.2;2.1
35;2021-02-25;2247;775;47937;23839;4.4;2.2
35;2021-02-26;2601;719;50538;24558;4.7;2.3
35;2021-02-27;869;103;51407;24661;4.8;2.3
35;2021-02-28;9;0;51416;24661;4.8;2.3
35;2021-03-01;961;684;52377;25345;4.8;2.3
35;2021-03-02;1634;1987;54011;27332;5.0;2.5
35;2021-03-03;1910;967;55921;28299;5.2;2.6
35;2021-03-04;2918;1406;58839;29705;5.4;2.7
35;2021-03-05;3714;1339;62553;31044;5.8;2.9
35;2021-03-06;1339;89;63892;31133;5.9;2.9
35;2021-03-07;1;40;63893;31173;5.9;2.9
35;2021-03-08;1473;583;65366;31756;6.0;2.9
35;2021-03-09;3233;609;68599;32365;6.3;3.0
35;2021-03-10;2905;561;71504;32926;6.6;3.0
35;2021-03-11;4198;716;75702;33642;7.0;3.1
35;2021-03-12;6047;599;81749;34241;7.6;3.2
35;2021-03-13;2426;135;84175;34376;7.8;3.2
35;2021-03-14;18;25;84193;34401;7.8;3.2
35;2021-03-15;1966;669;86159;35070;8.0;3.2
35;2021-03-16;2503;728;88662;35798;8.2;3.3
35;2021-03-17;2398;602;91060;36400;8.4;3.4
35;2021-03-18;2334;596;93394;36996;8.6;3.4
35;2021-03-19;3546;511;96940;37507;9.0;3.5
35;2021-03-20;1541;111;98481;37618;9.1;3.5
35;2021-03-21;38;1;98519;37619;9.1;3.5
35;2021-03-22;1750;842;100269;38461;9.3;3.6
35;2021-03-23;3626;1183;103895;39644;9.6;3.7
35;2021-03-24;3732;995;107627;40639;9.9;3.8
35;2021-03-25;5330;997;112957;41636;10.4;3.8
35;2021-03-26;5848;813;118805;42449;11.0;3.9
35;2021-03-27;1416;208;120221;42657;11.1;3.9
35;2021-03-28;4;0;120225;42657;11.1;3.9
35;2021-03-29;2780;910;123005;43567;11.4;4.0
35;2021-03-30;4291;1333;127296;44900;11.8;4.1
35;2021-03-31;3471;1337;130767;46237;12.1;4.3
35;2021-04-01;4250;1240;135017;47477;12.5;4.4
35;2021-04-02;4864;1207;139881;48684;12.9;4.5
35;2021-04-03;763;213;140644;48897;13.0;4.5
35;2021-04-04;6;0;140650;48897;13.0;4.5
35;2021-04-05;21;1;140671;48898;13.0;4.5
35;2021-04-06;3281;2030;143952;50928;13.3;4.7
35;2021-04-07;3965;1844;147917;52772;13.7;4.9
35;2021-04-08;5804;1593;153721;54365;14.2;5.0
35;2021-04-09;7426;1413;161147;55778;14.9;5.2
35;2021-04-10;1861;252;163008;56030;15.1;5.2
35;2021-04-11;35;23;163043;56053;15.1;5.2
35;2021-04-12;5137;1600;168180;57653;15.5;5.3
35;2021-04-13;7623;2786;175803;60439;16.2;5.6
35;2021-04-14;6312;2298;182115;62737;16.8;5.8
35;2021-04-15;7567;2177;189682;64914;17.5;6.0
35;2021-04-16;8080;1761;197762;66675;18.3;6.2
35;2021-04-17;1571;222;199333;66897;18.4;6.2
35;2021-04-18;10;4;199343;66901;18.4;6.2
35;2021-04-19;4819;1673;204162;68574;18.9;6.3
35;2021-04-20;5162;2641;209324;71215;19.3;6.6
35;2021-04-21;5134;2208;214458;73423;19.8;6.8
35;2021-04-22;6428;2325;220886;75748;20.4;7.0
35;2021-04-23;6822;2363;227708;78111;21.0;7.2
35;2021-04-24;1131;262;228839;78373;21.1;7.2
35;2021-04-25;8;16;228847;78389;21.1;7.2
35;2021-04-26;5101;2156;233948;80545;21.6;7.4
35;2021-04-27;6089;3206;240037;83751;22.2;7.7
35;2021-04-28;6174;2568;246211;86319;22.8;8.0
35;2021-04-29;7116;2754;253327;89073;23.4;8.2
35;2021-04-30;7562;2538;260889;91611;24.1;8.5
35;2021-05-01;618;239;261507;91850;24.2;8.5
35;2021-05-02;15;21;261522;91871;24.2;8.5
35;2021-05-03;5308;2331;266830;94202;24.7;8.7
35;2021-05-04;5073;5337;271903;99539;25.1;9.2
35;2021-05-05;4883;4448;276786;103987;25.6;9.6
35;2021-05-06;6175;5274;282961;109261;26.1;10.1
35;2021-05-07;5619;5251;288580;114512;26.7;10.6
35;2021-05-08;1720;135;290300;114647;26.8;10.6
35;2021-05-09;698;75;290998;114722;26.9;10.6
35;2021-05-10;3725;4958;294723;119680;27.2;11.1
35;2021-05-11;4777;5808;299500;125488;27.7;11.6
35;2021-05-12;5289;5499;304789;130987;28.2;12.1
35;2021-05-13;2702;1427;307491;132414;28.4;12.2
35;2021-05-14;5458;4282;312949;136696;28.9;12.6
35;2021-05-15;2930;718;315879;137414;29.2;12.7
35;2021-05-16;999;61;316878;137475;29.3;12.7
35;2021-05-17;4476;3886;321354;141361;29.7;13.1
35;2021-05-18;5837;4327;327191;145688;30.2;13.5
35;2021-05-19;5867;3636;333058;149324;30.8;13.8
35;2021-05-20;6447;4012;339505;153336;31.4;14.2
35;2021-05-21;6140;4769;345645;158105;31.9;14.6
35;2021-05-22;2118;739;347763;158844;32.1;14.7
35;2021-05-23;688;46;348451;158890;32.2;14.7
35;2021-05-24;3207;1297;351658;160187;32.5;14.8
35;2021-05-25;5543;4276;357201;164463;33.0;15.2
35;2021-05-26;5726;4166;362927;168629;33.5;15.6
35;2021-05-27;6529;4780;369456;173409;34.1;16.0
35;2021-05-28;6333;5576;375789;178985;34.7;16.5
35;2021-05-29;2875;1148;378664;180133;35.0;16.6
35;2021-05-30;877;39;379541;180172;35.1;16.7
35;2021-05-31;6311;4392;385852;184564;35.7;17.1
35;2021-06-01;7365;5124;393217;189688;36.3;17.5
35;2021-06-02;7222;3799;400439;193487;37.0;17.9
35;2021-06-03;8155;4997;408594;198484;37.8;18.3
35;2021-06-04;7275;7460;415869;205944;38.4;19.0
35;2021-06-05;4139;1583;420008;207527;38.8;19.2
35;2021-06-06;3055;147;423063;207674;39.1;19.2
35;2021-06-07;5782;5777;428845;213451;39.6;19.7
35;2021-06-08;7600;5956;436445;219407;40.3;20.3
35;2021-06-09;8464;4815;444909;224222;41.1;20.7
35;2021-06-10;9347;4752;454256;228974;42.0;21.2
35;2021-06-11;8637;7474;462893;236448;42.8;21.9
35;2021-06-12;4688;1209;467581;237657;43.2;22.0
35;2021-06-13;3386;225;470967;237882;43.5;22.0
35;2021-06-14;6233;6519;477200;244401;44.1;22.6
35;2021-06-15;7506;6965;484706;251366;44.8;23.2
35;2021-06-16;8322;5623;493028;256989;45.6;23.7
35;2021-06-17;8895;5907;501923;262896;46.4;24.3
35;2021-06-18;8718;8103;510641;270999;47.2;25.0
35;2021-06-19;1504;2510;512145;273509;47.3;25.3
35;2021-06-20;2955;883;515100;274392;47.6;25.4
35;2021-06-21;5933;6378;521033;280770;48.2;25.9
35;2021-06-22;6840;7498;527873;288268;48.8;26.6
35;2021-06-23;7253;6149;535126;294417;49.5;27.2
35;2021-06-24;8371;5927;543497;300344;50.2;27.8
35;2021-06-25;6631;8481;550128;308825;50.8;28.5
35;2021-06-26;1107;3077;551235;311902;50.9;28.8
35;2021-06-27;2637;1030;553872;312932;51.2;28.9
35;2021-06-28;4295;7760;558167;320692;51.6;29.6
35;2021-06-29;5090;7971;563257;328663;52.1;30.4
35;2021-06-30;5604;7893;568861;336556;52.6;31.1
35;2021-07-01;6586;7547;575447;344103;53.2;31.8
35;2021-07-02;5334;9858;580781;353961;53.7;32.7
35;2021-07-03;1083;2839;581864;356800;53.8;33.0
35;2021-07-04;2149;1555;584013;358355;54.0;33.1
35;2021-07-05;3735;8205;587748;366560;54.3;33.9
35;2021-07-06;4791;9477;592539;376037;54.8;34.8
35;2021-07-07;5056;8323;597595;384360;55.2;35.5
35;2021-07-08;5386;8489;602981;392849;55.7;36.3
35;2021-07-09;3908;11546;606889;404395;56.1;37.4
35;2021-07-10;891;3148;607780;407543;56.2;37.7
35;2021-07-11;1301;2355;609081;409898;56.3;37.9
35;2021-07-12;3118;9145;612199;419043;56.6;38.7
35;2021-07-13;3981;10748;616180;429791;56.9;39.7
35;2021-07-14;2150;4449;618330;434240;57.1;40.1
35;2021-07-15;4293;10180;622623;444420;57.5;41.1
35;2021-07-16;4800;11011;627423;455431;58.0;42.1
35;2021-07-17;1985;4065;629408;459496;58.2;42.5
35;2021-07-18;844;2569;630252;462065;58.2;42.7
35;2021-07-19;3252;8972;633504;471037;58.5;43.5
35;2021-07-20;4242;10591;637746;481628;58.9;44.5
35;2021-07-21;4365;9387;642111;491015;59.3;45.4
35;2021-07-22;4847;9662;646958;500677;59.8;46.3
35;2021-07-23;4563;11015;651521;511692;60.2;47.3
35;2021-07-24;1587;4272;653108;515964;60.4;47.7
35;2021-07-25;816;2846;653924;518810;60.4;47.9
35;2021-07-26;3890;8737;657814;527547;60.8;48.8
35;2021-07-27;5272;9657;663086;537204;61.3;49.6
35;2021-07-28;5314;8672;668400;545876;61.8;50.4
35;2021-07-29;6106;8339;674506;554215;62.3;51.2
35;2021-07-30;5892;9089;680398;563304;62.9;52.1
35;2021-07-31;2314;3654;682712;566958;63.1;52.4
35;2021-08-01;1524;2413;684236;569371;63.2;52.6
35;2021-08-02;4742;6948;688978;576319;63.7;53.3
35;2021-08-03;6705;7583;695683;583902;64.3;54.0
35;2021-08-04;6698;6591;702381;590493;64.9;54.6
35;2021-08-05;6672;6981;709053;597474;65.5;55.2
35;2021-08-06;6022;7321;715075;604795;66.1;55.9
35;2021-08-07;2102;3150;717177;607945;66.3;56.2
35;2021-08-08;1525;2254;718702;610199;66.4;56.4
35;2021-08-09;4595;5536;723297;615735;66.8;56.9
35;2021-08-10;6538;6368;729835;622103;67.4;57.5
35;2021-08-11;6445;5862;736280;627965;68.0;58.0
35;2021-08-12;6945;5583;743225;633548;68.7;58.5
35;2021-08-13;6595;5060;749820;638608;69.3;59.0
35;2021-08-14;3038;1982;752858;640590;69.6;59.2
35;2021-08-15;2466;1255;755324;641845;69.8;59.3
35;2021-08-16;4834;5290;760158;647135;70.3;59.8
35;2021-08-17;6343;6069;766501;653204;70.8;60.4
35;2021-08-18;6441;5622;772942;658826;71.4;60.9
35;2021-08-19;6250;5751;779192;664577;72.0;61.4
35;2021-08-20;5100;6341;784292;670918;72.5;62.0
35;2021-08-21;2376;2627;786668;673545;72.7;62.2
35;2021-08-22;1760;1791;788428;675336;72.9;62.4
35;2021-08-23;3086;6006;791514;681342;73.1;63.0
35;2021-08-24;3452;7220;794966;688562;73.5;63.6
35;2021-08-25;3269;6601;798235;695163;73.8;64.2
35;2021-08-26;2617;6886;800852;702049;74.0;64.9
35;2021-08-27;2736;7249;803588;709298;74.3;65.5
35;2021-08-28;1173;2949;804761;712247;74.4;65.8
35;2021-08-29;521;1757;805282;714004;74.4;66.0
35;2021-08-30;1952;5474;807234;719478;74.6;66.5
35;2021-08-31;2323;6493;809557;725971;74.8;67.1
35;2021-09-01;1908;6072;811465;732043;75.0;67.7
36;2020-12-27;0;0;0;0;0.0;0.0
36;2020-12-28;0;0;0;0;0.0;0.0
36;2020-12-29;0;0;0;0;0.0;0.0
36;2020-12-30;0;0;0;0;0.0;0.0
36;2020-12-31;0;0;0;0;0.0;0.0
36;2021-01-01;0;0;0;0;0.0;0.0
36;2021-01-02;0;0;0;0;0.0;0.0
36;2021-01-03;0;0;0;0;0.0;0.0
36;2021-01-04;2;0;2;0;0.0;0.0
36;2021-01-05;0;0;2;0;0.0;0.0
36;2021-01-06;24;0;26;0;0.0;0.0
36;2021-01-07;51;0;77;0;0.0;0.0
36;2021-01-08;111;0;188;0;0.1;0.0
36;2021-01-09;83;0;271;0;0.1;0.0
36;2021-01-10;142;0;413;0;0.2;0.0
36;2021-01-11;239;1;652;1;0.3;0.0
36;2021-01-12;282;0;934;1;0.4;0.0
36;2021-01-13;198;1;1132;2;0.5;0.0
36;2021-01-14;505;3;1637;5;0.8;0.0
36;2021-01-15;179;1;1816;6;0.8;0.0
36;2021-01-16;24;1;1840;7;0.8;0.0
36;2021-01-17;19;1;1859;8;0.9;0.0
36;2021-01-18;613;4;2472;12;1.1;0.0
36;2021-01-19;1175;2;3647;14;1.7;0.0
36;2021-01-20;1102;4;4749;18;2.2;0.0
36;2021-01-21;721;0;5470;18;2.5;0.0
36;2021-01-22;857;2;6327;20;2.9;0.0
36;2021-01-23;295;0;6622;20;3.0;0.0
36;2021-01-24;185;0;6807;20;3.1;0.0
36;2021-01-25;640;4;7447;24;3.4;0.0
36;2021-01-26;610;1;8057;25;3.7;0.0
36;2021-01-27;848;19;8905;44;4.1;0.0
36;2021-01-28;477;41;9382;85;4.3;0.0
36;2021-01-29;573;94;9955;179;4.6;0.1
36;2021-01-30;288;70;10243;249;4.7;0.1
36;2021-01-31;115;125;10358;374;4.8;0.2
36;2021-02-01;378;100;10736;474;4.9;0.2
36;2021-02-02;410;173;11146;647;5.1;0.3
36;2021-02-03;473;261;11619;908;5.4;0.4
36;2021-02-04;275;266;11894;1174;5.5;0.5
36;2021-02-05;302;164;12196;1338;5.6;0.6
36;2021-02-06;1;0;12197;1338;5.6;0.6
36;2021-02-07;1;0;12198;1338;5.6;0.6
36;2021-02-08;280;241;12478;1579;5.7;0.7
36;2021-02-09;328;604;12806;2183;5.9;1.0
36;2021-02-10;490;646;13296;2829;6.1;1.3
36;2021-02-11;384;582;13680;3411;6.3;1.6
36;2021-02-12;303;450;13983;3861;6.4;1.8
36;2021-02-13;126;73;14109;3934;6.5;1.8
36;2021-02-14;22;36;14131;3970;6.5;1.8
36;2021-02-15;42;550;14173;4520;6.5;2.1
36;2021-02-16;107;400;14280;4920;6.6;2.3
36;2021-02-17;117;593;14397;5513;6.6;2.5
36;2021-02-18;161;605;14558;6118;6.7;2.8
36;2021-02-19;181;519;14739;6637;6.8;3.1
36;2021-02-20;86;236;14825;6873;6.8;3.2
36;2021-02-21;87;152;14912;7025;6.9;3.2
36;2021-02-22;162;501;15074;7526;6.9;3.5
36;2021-02-23;62;566;15136;8092;7.0;3.7
36;2021-02-24;112;662;15248;8754;7.0;4.0
36;2021-02-25;251;273;15499;9027;7.1;4.2
36;2021-02-26;339;467;15838;9494;7.3;4.4
36;2021-02-27;73;274;15911;9768;7.3;4.5
36;2021-02-28;13;94;15924;9862;7.3;4.5
36;2021-03-01;218;338;16142;10200;7.4;4.7
36;2021-03-02;352;362;16494;10562;7.6;4.9
36;2021-03-03;394;526;16888;11088;7.8;5.1
36;2021-03-04;663;355;17551;11443;8.1;5.3
36;2021-03-05;799;298;18350;11741;8.5;5.4
36;2021-03-06;410;17;18760;11758;8.6;5.4
36;2021-03-07;339;7;19099;11765;8.8;5.4
36;2021-03-08;251;316;19350;12081;8.9;5.6
36;2021-03-09;449;267;19799;12348;9.1;5.7
36;2021-03-10;724;408;20523;12756;9.5;5.9
36;2021-03-11;839;245;21362;13001;9.8;6.0
36;2021-03-12;1446;297;22808;13298;10.5;6.1
36;2021-03-13;575;129;23383;13427;10.8;6.2
36;2021-03-14;113;1;23496;13428;10.8;6.2
36;2021-03-15;648;157;24144;13585;11.1;6.3
36;2021-03-16;447;67;24591;13652;11.3;6.3
36;2021-03-17;765;91;25356;13743;11.7;6.3
36;2021-03-18;414;72;25770;13815;11.9;6.4
36;2021-03-19;738;40;26508;13855;12.2;6.4
36;2021-03-20;451;27;26959;13882;12.4;6.4
36;2021-03-21;0;0;26959;13882;12.4;6.4
36;2021-03-22;497;60;27456;13942;12.6;6.4
36;2021-03-23;777;58;28233;14000;13.0;6.4
36;2021-03-24;1089;76;29322;14076;13.5;6.5
36;2021-03-25;1337;89;30659;14165;14.1;6.5
36;2021-03-26;1419;158;32078;14323;14.8;6.6
36;2021-03-27;475;43;32553;14366;15.0;6.6
36;2021-03-28;68;57;32621;14423;15.0;6.6
36;2021-03-29;462;185;33083;14608;15.2;6.7
36;2021-03-30;584;264;33667;14872;15.5;6.8
36;2021-03-31;1263;171;34930;15043;16.1;6.9
36;2021-04-01;1086;430;36016;15473;16.6;7.1
36;2021-04-02;965;140;36981;15613;17.0;7.2
36;2021-04-03;282;182;37263;15795;17.2;7.3
36;2021-04-04;42;2;37305;15797;17.2;7.3
36;2021-04-05;15;46;37320;15843;17.2;7.3
36;2021-04-06;821;362;38141;16205;17.6;7.5
36;2021-04-07;1073;542;39214;16747;18.1;7.7
36;2021-04-08;1347;480;40561;17227;18.7;7.9
36;2021-04-09;1939;405;42500;17632;19.6;8.1
36;2021-04-10;592;243;43092;17875;19.8;8.2
36;2021-04-11;256;90;43348;17965;20.0;8.3
36;2021-04-12;848;561;44196;18526;20.4;8.5
36;2021-04-13;1140;517;45336;19043;20.9;8.8
36;2021-04-14;1582;864;46918;19907;21.6;9.2
36;2021-04-15;1654;473;48572;20380;22.4;9.4
36;2021-04-16;1488;466;50060;20846;23.1;9.6
36;2021-04-17;893;250;50953;21096;23.5;9.7
36;2021-04-18;383;7;51336;21103;23.6;9.7
36;2021-04-19;874;444;52210;21547;24.0;9.9
36;2021-04-20;1145;522;53355;22069;24.6;10.2
36;2021-04-21;1240;878;54595;22947;25.1;10.6
36;2021-04-22;1593;872;56188;23819;25.9;11.0
36;2021-04-23;1327;616;57515;24435;26.5;11.3
36;2021-04-24;678;381;58193;24816;26.8;11.4
36;2021-04-25;413;95;58606;24911;27.0;11.5
36;2021-04-26;1134;449;59740;25360;27.5;11.7
36;2021-04-27;1278;553;61018;25913;28.1;11.9
36;2021-04-28;1488;1064;62506;26977;28.8;12.4
36;2021-04-29;2016;709;64522;27686;29.7;12.8
36;2021-04-30;1553;458;66075;28144;30.4;13.0
36;2021-05-01;724;64;66799;28208;30.8;13.0
36;2021-05-02;498;64;67297;28272;31.0;13.0
36;2021-05-03;1292;315;68589;28587;31.6;13.2
36;2021-05-04;780;806;69369;29393;31.9;13.5
36;2021-05-05;1283;1307;70652;30700;32.5;14.1
36;2021-05-06;2138;795;72790;31495;33.5;14.5
36;2021-05-07;1469;769;74259;32264;34.2;14.9
36;2021-05-08;306;105;74565;32369;34.3;14.9
36;2021-05-09;174;343;74739;32712;34.4;15.1
36;2021-05-10;1216;817;75955;33529;35.0;15.4
36;2021-05-11;1725;1250;77680;34779;35.8;16.0
36;2021-05-12;1827;1486;79507;36265;36.6;16.7
36;2021-05-13;548;306;80055;36571;36.9;16.8
36;2021-05-14;701;1039;80756;37610;37.2;17.3
36;2021-05-15;635;591;81391;38201;37.5;17.6
36;2021-05-16;337;377;81728;38578;37.6;17.8
36;2021-05-17;615;943;82343;39521;37.9;18.2
36;2021-05-18;874;937;83217;40458;38.3;18.6
36;2021-05-19;1333;846;84550;41304;38.9;19.0
36;2021-05-20;1611;1209;86161;42513;39.7;19.6
36;2021-05-21;1107;1069;87268;43582;40.2;20.1
36;2021-05-22;678;342;87946;43924;40.5;20.2
36;2021-05-23;429;297;88375;44221;40.7;20.4
36;2021-05-24;505;469;88880;44690;40.9;20.6
36;2021-05-25;1045;685;89925;45375;41.4;20.9
36;2021-05-26;1473;1166;91398;46541;42.1;21.4
36;2021-05-27;1397;978;92795;47519;42.7;21.9
36;2021-05-28;921;1482;93716;49001;43.2;22.6
36;2021-05-29;700;507;94416;49508;43.5;22.8
36;2021-05-30;111;573;94527;50081;43.5;23.1
36;2021-05-31;1138;764;95665;50845;44.1;23.4
36;2021-06-01;1412;829;97077;51674;44.7;23.8
36;2021-06-02;2062;614;99139;52288;45.7;24.1
36;2021-06-03;1902;1200;101041;53488;46.5;24.6
36;2021-06-04;1774;1045;102815;54533;47.3;25.1
36;2021-06-05;692;658;103507;55191;47.7;25.4
36;2021-06-06;336;273;103843;55464;47.8;25.5
36;2021-06-07;983;808;104826;56272;48.3;25.9
36;2021-06-08;958;981;105784;57253;48.7;26.4
36;2021-06-09;1674;1070;107458;58323;49.5;26.9
36;2021-06-10;1532;1382;108990;59705;50.2;27.5
36;2021-06-11;1289;1500;110279;61205;50.8;28.2
36;2021-06-12;920;783;111199;61988;51.2;28.5
36;2021-06-13;343;269;111542;62257;51.4;28.7
36;2021-06-14;606;1269;112148;63526;51.6;29.3
36;2021-06-15;734;1215;112882;64741;52.0;29.8
36;2021-06-16;902;1519;113784;66260;52.4;30.5
36;2021-06-17;750;1904;114534;68164;52.7;31.4
36;2021-06-18;706;1881;115240;70045;53.1;32.3
36;2021-06-19;295;395;115535;70440;53.2;32.4
36;2021-06-20;235;327;115770;70767;53.3;32.6
36;2021-06-21;686;1449;116456;72216;53.6;33.3
36;2021-06-22;841;1551;117297;73767;54.0;34.0
36;2021-06-23;773;1791;118070;75558;54.4;34.8
36;2021-06-24;855;1524;118925;77082;54.8;35.5
36;2021-06-25;943;1222;119868;78304;55.2;36.1
36;2021-06-26;325;602;120193;78906;55.4;36.3
36;2021-06-27;105;267;120298;79173;55.4;36.5
36;2021-06-28;697;925;120995;80098;55.7;36.9
36;2021-06-29;688;1459;121683;81557;56.0;37.6
36;2021-06-30;837;2149;122520;83706;56.4;38.5
36;2021-07-01;351;1081;122871;84787;56.6;39.0
36;2021-07-02;747;1845;123618;86632;56.9;39.9
36;2021-07-03;466;885;124084;87517;57.1;40.3
36;2021-07-04;185;325;124269;87842;57.2;40.5
36;2021-07-05;494;1335;124763;89177;57.5;41.1
36;2021-07-06;491;1221;125254;90398;57.7;41.6
36;2021-07-07;586;1793;125840;92191;58.0;42.5
36;2021-07-08;550;1706;126390;93897;58.2;43.2
36;2021-07-09;786;1654;127176;95551;58.6;44.0
36;2021-07-10;470;1119;127646;96670;58.8;44.5
36;2021-07-11;257;154;127903;96824;58.9;44.6
36;2021-07-12;332;1627;128235;98451;59.1;45.3
36;2021-07-13;312;1936;128547;100387;59.2;46.2
36;2021-07-14;376;763;128923;101150;59.4;46.6
36;2021-07-15;915;2167;129838;103317;59.8;47.6
36;2021-07-16;627;1874;130465;105191;60.1;48.4
36;2021-07-17;400;859;130865;106050;60.3;48.8
36;2021-07-18;199;408;131064;106458;60.4;49.0
36;2021-07-19;552;1457;131616;107915;60.6;49.7
36;2021-07-20;776;1409;132392;109324;61.0;50.3
36;2021-07-21;712;1982;133104;111306;61.3;51.3
36;2021-07-22;1139;1686;134243;112992;61.8;52.0
36;2021-07-23;969;1746;135212;114738;62.3;52.8
36;2021-07-24;606;801;135818;115539;62.5;53.2
36;2021-07-25;148;403;135966;115942;62.6;53.4
36;2021-07-26;950;1085;136916;117027;63.1;53.9
36;2021-07-27;816;1355;137732;118382;63.4;54.5
36;2021-07-28;1385;1400;139117;119782;64.1;55.2
36;2021-07-29;1707;1309;140824;121091;64.9;55.8
36;2021-07-30;1447;1324;142271;122415;65.5;56.4
36;2021-07-31;932;535;143203;122950;65.9;56.6
36;2021-08-01;207;239;143410;123189;66.0;56.7
36;2021-08-02;1114;894;144524;124083;66.6;57.1
36;2021-08-03;1271;995;145795;125078;67.1;57.6
36;2021-08-04;1692;938;147487;126016;67.9;58.0
36;2021-08-05;1821;910;149308;126926;68.8;58.5
36;2021-08-06;1419;875;150727;127801;69.4;58.9
36;2021-08-07;539;528;151266;128329;69.7;59.1
36;2021-08-08;292;154;151558;128483;69.8;59.2
36;2021-08-09;818;846;152376;129329;70.2;59.6
36;2021-08-10;1064;1013;153440;130342;70.7;60.0
36;2021-08-11;1347;856;154787;131198;71.3;60.4
36;2021-08-12;1156;855;155943;132053;71.8;60.8
36;2021-08-13;1182;778;157125;132831;72.4;61.2
36;2021-08-14;424;837;157549;133668;72.6;61.6
36;2021-08-15;363;113;157912;133781;72.7;61.6
36;2021-08-16;605;957;158517;134738;73.0;62.1
36;2021-08-17;766;1001;159283;135739;73.4;62.5
36;2021-08-18;1035;1163;160318;136902;73.8;63.0
36;2021-08-19;834;1181;161152;138083;74.2;63.6
36;2021-08-20;483;1477;161635;139560;74.4;64.3
36;2021-08-21;309;466;161944;140026;74.6;64.5
36;2021-08-22;27;64;161971;140090;74.6;64.5
36;2021-08-23;549;1177;162520;141267;74.8;65.1
36;2021-08-24;588;1203;163108;142470;75.1;65.6
36;2021-08-25;459;1092;163567;143562;75.3;66.1
36;2021-08-26;660;1477;164227;145039;75.6;66.8
36;2021-08-27;527;1407;164754;146446;75.9;67.4
36;2021-08-28;368;580;165122;147026;76.0;67.7
36;2021-08-29;220;239;165342;147265;76.1;67.8
36;2021-08-30;246;749;165588;148014;76.3;68.2
36;2021-08-31;387;933;165975;148947;76.4;68.6
36;2021-09-01;367;1218;166342;150165;76.6;69.2
37;2020-12-27;0;0;0;0;0.0;0.0
37;2020-12-28;17;0;17;0;0.0;0.0
37;2020-12-29;10;0;27;0;0.0;0.0
37;2020-12-30;0;0;27;0;0.0;0.0
37;2020-12-31;0;0;27;0;0.0;0.0
37;2021-01-01;0;0;27;0;0.0;0.0
37;2021-01-02;0;0;27;0;0.0;0.0
37;2021-01-03;0;0;27;0;0.0;0.0
37;2021-01-04;21;0;48;0;0.0;0.0
37;2021-01-05;47;0;95;0;0.0;0.0
37;2021-01-06;79;0;174;0;0.0;0.0
37;2021-01-07;115;0;289;0;0.0;0.0
37;2021-01-08;442;1;731;1;0.1;0.0
37;2021-01-09;80;1;811;2;0.1;0.0
37;2021-01-10;83;0;894;2;0.1;0.0
37;2021-01-11;280;0;1174;2;0.2;0.0
37;2021-01-12;659;4;1833;6;0.3;0.0
37;2021-01-13;560;1;2393;7;0.4;0.0
37;2021-01-14;522;3;2915;10;0.5;0.0
37;2021-01-15;628;1;3543;11;0.6;0.0
37;2021-01-16;304;2;3847;13;0.6;0.0
37;2021-01-17;262;1;4109;14;0.7;0.0
37;2021-01-18;734;10;4843;24;0.8;0.0
37;2021-01-19;1243;10;6086;34;1.0;0.0
37;2021-01-20;1038;3;7124;37;1.2;0.0
37;2021-01-21;856;1;7980;38;1.3;0.0
37;2021-01-22;767;2;8747;40;1.4;0.0
37;2021-01-23;173;0;8920;40;1.5;0.0
37;2021-01-24;0;0;8920;40;1.5;0.0
37;2021-01-25;540;15;9460;55;1.6;0.0
37;2021-01-26;1814;69;11274;124;1.9;0.0
37;2021-01-27;1524;70;12798;194;2.1;0.0
37;2021-01-28;1530;93;14328;287;2.4;0.0
37;2021-01-29;633;309;14961;596;2.5;0.1
37;2021-01-30;202;61;15163;657;2.5;0.1
37;2021-01-31;15;58;15178;715;2.5;0.1
37;2021-02-01;332;196;15510;911;2.6;0.2
37;2021-02-02;523;522;16033;1433;2.6;0.2
37;2021-02-03;659;346;16692;1779;2.8;0.3
37;2021-02-04;548;406;17240;2185;2.8;0.4
37;2021-02-05;465;432;17705;2617;2.9;0.4
37;2021-02-06;189;2;17894;2619;3.0;0.4
37;2021-02-07;20;1;17914;2620;3.0;0.4
37;2021-02-08;331;313;18245;2933;3.0;0.5
37;2021-02-09;625;700;18870;3633;3.1;0.6
37;2021-02-10;662;506;19532;4139;3.2;0.7
37;2021-02-11;612;557;20144;4696;3.3;0.8
37;2021-02-12;489;546;20633;5242;3.4;0.9
37;2021-02-13;155;198;20788;5440;3.4;0.9
37;2021-02-14;1;71;20789;5511;3.4;0.9
37;2021-02-15;425;454;21214;5965;3.5;1.0
37;2021-02-16;841;1424;22055;7389;3.6;1.2
37;2021-02-17;635;1348;22690;8737;3.7;1.4
37;2021-02-18;911;1400;23601;10137;3.9;1.7
37;2021-02-19;795;826;24396;10963;4.0;1.8
37;2021-02-20;245;202;24641;11165;4.1;1.8
37;2021-02-21;5;1;24646;11166;4.1;1.8
37;2021-02-22;334;567;24980;11733;4.1;1.9
37;2021-02-23;606;602;25586;12335;4.2;2.0
37;2021-02-24;572;607;26158;12942;4.3;2.1
37;2021-02-25;875;581;27033;13523;4.5;2.2
37;2021-02-26;1116;559;28149;14082;4.6;2.3
37;2021-02-27;584;180;28733;14262;4.7;2.4
37;2021-02-28;23;0;28756;14262;4.8;2.4
37;2021-03-01;603;355;29359;14617;4.8;2.4
37;2021-03-02;1090;539;30449;15156;5.0;2.5
37;2021-03-03;973;544;31422;15700;5.2;2.6
37;2021-03-04;1607;479;33029;16179;5.5;2.7
37;2021-03-05;2129;559;35158;16738;5.8;2.8
37;2021-03-06;1165;212;36323;16950;6.0;2.8
37;2021-03-07;472;66;36795;17016;6.1;2.8
37;2021-03-08;666;399;37461;17415;6.2;2.9
37;2021-03-09;1652;699;39113;18114;6.5;3.0
37;2021-03-10;1606;748;40719;18862;6.7;3.1
37;2021-03-11;2048;696;42767;19558;7.1;3.2
37;2021-03-12;3207;477;45974;20035;7.6;3.3
37;2021-03-13;1947;193;47921;20228;7.9;3.3
37;2021-03-14;206;4;48127;20232;7.9;3.3
37;2021-03-15;1069;250;49196;20482;8.1;3.4
37;2021-03-16;1048;531;50244;21013;8.3;3.5
37;2021-03-17;934;280;51178;21293;8.5;3.5
37;2021-03-18;1034;524;52212;21817;8.6;3.6
37;2021-03-19;2218;340;54430;22157;9.0;3.7
37;2021-03-20;1334;141;55764;22298;9.2;3.7
37;2021-03-21;204;4;55968;22302;9.2;3.7
37;2021-03-22;1287;241;57255;22543;9.5;3.7
37;2021-03-23;2256;570;59511;23113;9.8;3.8
37;2021-03-24;2246;463;61757;23576;10.2;3.9
37;2021-03-25;2982;445;64739;24021;10.7;4.0
37;2021-03-26;3524;410;68263;24431;11.3;4.0
37;2021-03-27;1175;128;69438;24559;11.5;4.1
37;2021-03-28;139;1;69577;24560;11.5;4.1
37;2021-03-29;1604;347;71181;24907;11.8;4.1
37;2021-03-30;2524;623;73705;25530;12.2;4.2
37;2021-03-31;2047;484;75752;26014;12.5;4.3
37;2021-04-01;2601;966;78353;26980;12.9;4.5
37;2021-04-02;2812;670;81165;27650;13.4;4.6
37;2021-04-03;817;224;81982;27874;13.5;4.6
37;2021-04-04;104;1;82086;27875;13.6;4.6
37;2021-04-05;4;0;82090;27875;13.6;4.6
37;2021-04-06;2240;780;84330;28655;13.9;4.7
37;2021-04-07;3172;873;87502;29528;14.5;4.9
37;2021-04-08;4045;966;91547;30494;15.1;5.0
37;2021-04-09;4543;948;96090;31442;15.9;5.2
37;2021-04-10;1328;432;97418;31874;16.1;5.3
37;2021-04-11;104;1;97522;31875;16.1;5.3
37;2021-04-12;2643;676;100165;32551;16.5;5.4
37;2021-04-13;4113;1164;104278;33715;17.2;5.6
37;2021-04-14;3044;895;107322;34610;17.7;5.7
37;2021-04-15;3760;1019;111082;35629;18.3;5.9
37;2021-04-16;4359;1228;115441;36857;19.1;6.1
37;2021-04-17;1147;223;116588;37080;19.3;6.1
37;2021-04-18;97;3;116685;37083;19.3;6.1
37;2021-04-19;2482;850;119167;37933;19.7;6.3
37;2021-04-20;3232;1338;122399;39271;20.2;6.5
37;2021-04-21;2930;1157;125329;40428;20.7;6.7
37;2021-04-22;3455;1401;128784;41829;21.3;6.9
37;2021-04-23;3691;1811;132475;43640;21.9;7.2
37;2021-04-24;1007;387;133482;44027;22.0;7.3
37;2021-04-25;46;2;133528;44029;22.1;7.3
37;2021-04-26;2971;1346;136499;45375;22.5;7.5
37;2021-04-27;4185;1813;140684;47188;23.2;7.8
37;2021-04-28;3462;1950;144146;49138;23.8;8.1
37;2021-04-29;4585;2018;148731;51156;24.6;8.5
37;2021-04-30;5055;1990;153786;53146;25.4;8.8
37;2021-05-01;637;212;154423;53358;25.5;8.8
37;2021-05-02;104;15;154527;53373;25.5;8.8
37;2021-05-03;2670;1955;157197;55328;26.0;9.1
37;2021-05-04;3732;2721;160929;58049;26.6;9.6
37;2021-05-05;3498;2087;164427;60136;27.2;9.9
37;2021-05-06;4994;1946;169421;62082;28.0;10.3
37;2021-05-07;4685;2885;174106;64967;28.8;10.7
37;2021-05-08;538;312;174644;65279;28.8;10.8
37;2021-05-09;63;41;174707;65320;28.9;10.8
37;2021-05-10;2160;3486;176867;68806;29.2;11.4
37;2021-05-11;3867;3881;180734;72687;29.9;12.0
37;2021-05-12;4041;2546;184775;75233;30.5;12.4
37;2021-05-13;1138;516;185913;75749;30.7;12.5
37;2021-05-14;4045;2683;189958;78432;31.4;13.0
37;2021-05-15;2323;743;192281;79175;31.8;13.1
37;2021-05-16;22;71;192303;79246;31.8;13.1
37;2021-05-17;2765;2052;195068;81298;32.2;13.4
37;2021-05-18;3874;2361;198942;83659;32.9;13.8
37;2021-05-19;3495;1806;202437;85465;33.4;14.1
37;2021-05-20;4752;1778;207189;87243;34.2;14.4
37;2021-05-21;4525;2573;211714;89816;35.0;14.8
37;2021-05-22;1078;752;212792;90568;35.2;15.0
37;2021-05-23;73;89;212865;90657;35.2;15.0
37;2021-05-24;513;106;213378;90763;35.2;15.0
37;2021-05-25;5124;2177;218502;92940;36.1;15.4
37;2021-05-26;4930;2099;223432;95039;36.9;15.7
37;2021-05-27;5987;2364;229419;97403;37.9;16.1
37;2021-05-28;6023;3266;235442;100669;38.9;16.6
37;2021-05-29;1520;1167;236962;101836;39.1;16.8
37;2021-05-30;55;160;237017;101996;39.2;16.8
37;2021-05-31;3648;2529;240665;104525;39.8;17.3
37;2021-06-01;5846;3622;246511;108147;40.7;17.9
37;2021-06-02;5077;2456;251588;110603;41.6;18.3
37;2021-06-03;6087;2881;257675;113484;42.6;18.7
37;2021-06-04;5511;4207;263186;117691;43.5;19.4
37;2021-06-05;1855;1305;265041;118996;43.8;19.7
37;2021-06-06;49;197;265090;119193;43.8;19.7
37;2021-06-07;3022;4169;268112;123362;44.3;20.4
37;2021-06-08;4202;4655;272314;128017;45.0;21.1
37;2021-06-09;3883;3571;276197;131588;45.6;21.7
37;2021-06-10;5269;3623;281466;135211;46.5;22.3
37;2021-06-11;4977;4837;286443;140048;47.3;23.1
37;2021-06-12;3553;1350;289996;141398;47.9;23.4
37;2021-06-13;15;164;290011;141562;47.9;23.4
37;2021-06-14;2667;4038;292678;145600;48.3;24.1
37;2021-06-15;3900;4782;296578;150382;49.0;24.8
37;2021-06-16;3258;3604;299836;153986;49.5;25.4
37;2021-06-17;4012;4496;303848;158482;50.2;26.2
37;2021-06-18;4705;5071;308553;163553;51.0;27.0
37;2021-06-19;2520;1103;311073;164656;51.4;27.2
37;2021-06-20;9;183;311082;164839;51.4;27.2
37;2021-06-21;2419;3827;313501;168666;51.8;27.9
37;2021-06-22;2969;5011;316470;173677;52.3;28.7
37;2021-06-23;2627;3646;319097;177323;52.7;29.3
37;2021-06-24;2874;3545;321971;180868;53.2;29.9
37;2021-06-25;3309;4883;325280;185751;53.7;30.7
37;2021-06-26;1240;3087;326520;188838;53.9;31.2
37;2021-06-27;23;142;326543;188980;53.9;31.2
37;2021-06-28;1702;4511;328245;193491;54.2;32.0
37;2021-06-29;1904;6222;330149;199713;54.5;33.0
37;2021-06-30;1871;4442;332020;204155;54.8;33.7
37;2021-07-01;2125;4794;334145;208949;55.2;34.5
37;2021-07-02;2680;5594;336825;214543;55.6;35.4
37;2021-07-03;945;2138;337770;216681;55.8;35.8
37;2021-07-04;5;105;337775;216786;55.8;35.8
37;2021-07-05;1708;5141;339483;221927;56.1;36.7
37;2021-07-06;2005;6762;341488;228689;56.4;37.8
37;2021-07-07;1945;5462;343433;234151;56.7;38.7
37;2021-07-08;2464;6663;345897;240814;57.1;39.8
37;2021-07-09;1988;7644;347885;248458;57.5;41.0
37;2021-07-10;1013;2615;348898;251073;57.6;41.5
37;2021-07-11;26;96;348924;251169;57.6;41.5
37;2021-07-12;1132;5984;350056;257153;57.8;42.5
37;2021-07-13;1616;7821;351672;264974;58.1;43.8
37;2021-07-14;524;407;352196;265381;58.2;43.8
37;2021-07-15;2624;7500;354820;272881;58.6;45.1
37;2021-07-16;2759;7804;357579;280685;59.1;46.4
37;2021-07-17;1202;2447;358781;283132;59.3;46.8
37;2021-07-18;50;53;358831;283185;59.3;46.8
37;2021-07-19;1652;6128;360483;289313;59.5;47.8
37;2021-07-20;2909;7069;363392;296382;60.0;49.0
37;2021-07-21;2984;5784;366376;302166;60.5;49.9
37;2021-07-22;4056;6533;370432;308699;61.2;51.0
37;2021-07-23;3810;7102;374242;315801;61.8;52.2
37;2021-07-24;1777;3308;376019;319109;62.1;52.7
37;2021-07-25;66;77;376085;319186;62.1;52.7
37;2021-07-26;3241;4322;379326;323508;62.7;53.4
37;2021-07-27;4433;4962;383759;328470;63.4;54.3
37;2021-07-28;4140;3659;387899;332129;64.1;54.9
37;2021-07-29;5086;4195;392985;336324;64.9;55.6
37;2021-07-30;5238;4930;398223;341254;65.8;56.4
37;2021-07-31;1922;1847;400145;343101;66.1;56.7
37;2021-08-01;31;51;400176;343152;66.1;56.7
37;2021-08-02;3294;3292;403470;346444;66.6;57.2
37;2021-08-03;5259;3144;408729;349588;67.5;57.7
37;2021-08-04;4556;1929;413285;351517;68.3;58.1
37;2021-08-05;4781;2600;418066;354117;69.1;58.5
37;2021-08-06;4847;3312;422913;357429;69.9;59.0
37;2021-08-07;1623;1122;424536;358551;70.1;59.2
37;2021-08-08;33;175;424569;358726;70.1;59.3
37;2021-08-09;2433;2258;427002;360984;70.5;59.6
37;2021-08-10;3024;2637;430026;363621;71.0;60.1
37;2021-08-11;2096;2107;432122;365728;71.4;60.4
37;2021-08-12;2611;2687;434733;368415;71.8;60.9
37;2021-08-13;2453;2772;437186;371187;72.2;61.3
37;2021-08-14;751;812;437937;371999;72.3;61.4
37;2021-08-15;12;57;437949;372056;72.3;61.5
37;2021-08-16;1460;3162;439409;375218;72.6;62.0
37;2021-08-17;1790;3973;441199;379191;72.9;62.6
37;2021-08-18;1390;3138;442589;382329;73.1;63.2
37;2021-08-19;1590;3841;444179;386170;73.4;63.8
37;2021-08-20;1588;4542;445767;390712;73.6;64.5
37;2021-08-21;610;1202;446377;391914;73.7;64.7
37;2021-08-22;4;31;446381;391945;73.7;64.7
37;2021-08-23;1282;3983;447663;395928;73.9;65.4
37;2021-08-24;1538;4844;449201;400772;74.2;66.2
37;2021-08-25;1053;4220;450254;404992;74.4;66.9
37;2021-08-26;1270;4513;451524;409505;74.6;67.6
37;2021-08-27;1431;5659;452955;415164;74.8;68.6
37;2021-08-28;404;1459;453359;416623;74.9;68.8
37;2021-08-29;1;18;453360;416641;74.9;68.8
37;2021-08-30;1064;3941;454424;420582;75.1;69.5
37;2021-08-31;1259;3818;455683;424400;75.3;70.1
37;2021-09-01;966;2687;456649;427087;75.4;70.5
38;2020-12-27;1;0;1;0;0.0;0.0
38;2020-12-28;1;0;2;0;0.0;0.0
38;2020-12-29;0;0;2;0;0.0;0.0
38;2020-12-30;2;0;4;0;0.0;0.0
38;2020-12-31;5;0;9;0;0.0;0.0
38;2021-01-01;2;0;11;0;0.0;0.0
38;2021-01-02;1;0;12;0;0.0;0.0
38;2021-01-03;2;0;14;0;0.0;0.0
38;2021-01-04;162;0;176;0;0.0;0.0
38;2021-01-05;258;1;434;1;0.0;0.0
38;2021-01-06;364;0;798;1;0.1;0.0
38;2021-01-07;636;1;1434;2;0.1;0.0
38;2021-01-08;695;0;2129;2;0.2;0.0
38;2021-01-09;30;0;2159;2;0.2;0.0
38;2021-01-10;2;0;2161;2;0.2;0.0
38;2021-01-11;801;2;2962;4;0.2;0.0
38;2021-01-12;1470;4;4432;8;0.4;0.0
38;2021-01-13;1083;5;5515;13;0.4;0.0
38;2021-01-14;1681;15;7196;28;0.6;0.0
38;2021-01-15;1676;7;8872;35;0.7;0.0
38;2021-01-16;307;1;9179;36;0.7;0.0
38;2021-01-17;3;0;9182;36;0.7;0.0
38;2021-01-18;1178;4;10360;40;0.8;0.0
38;2021-01-19;2239;6;12599;46;1.0;0.0
38;2021-01-20;1883;4;14482;50;1.1;0.0
38;2021-01-21;1641;7;16123;57;1.3;0.0
38;2021-01-22;1400;8;17523;65;1.4;0.0
38;2021-01-23;379;3;17902;68;1.4;0.0
38;2021-01-24;1;0;17903;68;1.4;0.0
38;2021-01-25;790;103;18693;171;1.5;0.0
38;2021-01-26;855;178;19548;349;1.5;0.0
38;2021-01-27;1091;273;20639;622;1.6;0.0
38;2021-01-28;1173;462;21812;1084;1.7;0.1
38;2021-01-29;952;370;22764;1454;1.8;0.1
38;2021-01-30;304;0;23068;1454;1.8;0.1
38;2021-01-31;0;0;23068;1454;1.8;0.1
38;2021-02-01;702;588;23770;2042;1.9;0.2
38;2021-02-02;966;947;24736;2989;2.0;0.2
38;2021-02-03;1230;685;25966;3674;2.1;0.3
38;2021-02-04;1278;955;27244;4629;2.2;0.4
38;2021-02-05;1400;833;28644;5462;2.3;0.4
38;2021-02-06;187;93;28831;5555;2.3;0.4
38;2021-02-07;3;48;28834;5603;2.3;0.4
38;2021-02-08;861;773;29695;6376;2.3;0.5
38;2021-02-09;1537;1288;31232;7664;2.5;0.6
38;2021-02-10;1581;1268;32813;8932;2.6;0.7
38;2021-02-11;1871;1132;34684;10064;2.7;0.8
38;2021-02-12;1508;1094;36192;11158;2.9;0.9
38;2021-02-13;466;188;36658;11346;2.9;0.9
38;2021-02-14;1;7;36659;11353;2.9;0.9
38;2021-02-15;977;917;37636;12270;3.0;1.0
38;2021-02-16;1378;944;39014;13214;3.1;1.0
38;2021-02-17;1376;1039;40390;14253;3.2;1.1
38;2021-02-18;1790;1044;42180;15297;3.3;1.2
38;2021-02-19;1256;854;43436;16151;3.4;1.3
38;2021-02-20;470;304;43906;16455;3.5;1.3
38;2021-02-21;0;0;43906;16455;3.5;1.3
38;2021-02-22;1074;882;44980;17337;3.6;1.4
38;2021-02-23;1540;928;46520;18265;3.7;1.4
38;2021-02-24;1733;1125;48253;19390;3.8;1.5
38;2021-02-25;2500;1039;50753;20429;4.0;1.6
38;2021-02-26;3311;967;54064;21396;4.3;1.7
38;2021-02-27;1511;432;55575;21828;4.4;1.7
38;2021-02-28;33;2;55608;21830;4.4;1.7
38;2021-03-01;2508;784;58116;22614;4.6;1.8
38;2021-03-02;4048;1056;62164;23670;4.9;1.9
38;2021-03-03;3368;1248;65532;24918;5.2;2.0
38;2021-03-04;4485;1385;70017;26303;5.5;2.1
38;2021-03-05;5231;1211;75248;27514;5.9;2.2
38;2021-03-06;3042;272;78290;27786;6.2;2.2
38;2021-03-07;115;2;78405;27788;6.2;2.2
38;2021-03-08;2442;904;80847;28692;6.4;2.3
38;2021-03-09;4025;1312;84872;30004;6.7;2.4
38;2021-03-10;3507;1083;88379;31087;7.0;2.5
38;2021-03-11;5141;1530;93520;32617;7.4;2.6
38;2021-03-12;7092;1178;100612;33795;8.0;2.7
38;2021-03-13;3772;222;104384;34017;8.3;2.7
38;2021-03-14;544;15;104928;34032;8.3;2.7
38;2021-03-15;2701;1010;107629;35042;8.5;2.8
38;2021-03-16;2082;1354;109711;36396;8.7;2.9
38;2021-03-17;2025;1210;111736;37606;8.8;3.0
38;2021-03-18;2641;1367;114377;38973;9.0;3.1
38;2021-03-19;4010;1066;118387;40039;9.4;3.2
38;2021-03-20;1824;248;120211;40287;9.5;3.2
38;2021-03-21;130;8;120341;40295;9.5;3.2
38;2021-03-22;2867;1004;123208;41299;9.7;3.3
38;2021-03-23;4781;1495;127989;42794;10.1;3.4
38;2021-03-24;3711;1581;131700;44375;10.4;3.5
38;2021-03-25;5791;1542;137491;45917;10.9;3.6
38;2021-03-26;6600;1737;144091;47654;11.4;3.8
38;2021-03-27;2512;762;146603;48416;11.6;3.8
38;2021-03-28;926;48;147529;48464;11.7;3.8
38;2021-03-29;2679;1848;150208;50312;11.9;4.0
38;2021-03-30;4564;2538;154772;52850;12.2;4.2
38;2021-03-31;3664;2225;158436;55075;12.5;4.4
38;2021-04-01;5131;2523;163567;57598;12.9;4.6
38;2021-04-02;3874;2529;167441;60127;13.2;4.8
38;2021-04-03;1418;944;168859;61071;13.3;4.8
38;2021-04-04;430;45;169289;61116;13.4;4.8
38;2021-04-05;2176;351;171465;61467;13.6;4.9
38;2021-04-06;4345;2398;175810;63865;13.9;5.0
38;2021-04-07;4415;2737;180225;66602;14.2;5.3
38;2021-04-08;5651;2668;185876;69270;14.7;5.5
38;2021-04-09;8562;2735;194438;72005;15.4;5.7
38;2021-04-10;3599;1477;198037;73482;15.7;5.8
38;2021-04-11;1048;100;199085;73582;15.7;5.8
38;2021-04-12;4198;2254;203283;75836;16.1;6.0
38;2021-04-13;6124;2474;209407;78310;16.6;6.2
38;2021-04-14;5120;2462;214527;80772;17.0;6.4
38;2021-04-15;6363;2770;220890;83542;17.5;6.6
38;2021-04-16;6216;2729;227106;86271;18.0;6.8
38;2021-04-17;2587;995;229693;87266;18.2;6.9
38;2021-04-18;1333;72;231026;87338;18.3;6.9
38;2021-04-19;3946;2838;234972;90176;18.6;7.1
38;2021-04-20;5424;2856;240396;93032;19.0;7.4
38;2021-04-21;4979;2707;245375;95739;19.4;7.6
38;2021-04-22;5784;2837;251159;98576;19.9;7.8
38;2021-04-23;6037;2821;257196;101397;20.3;8.0
38;2021-04-24;2665;1348;259861;102745;20.5;8.1
38;2021-04-25;803;590;260664;103335;20.6;8.2
38;2021-04-26;4487;2473;265151;105808;21.0;8.4
38;2021-04-27;6044;2729;271195;108537;21.4;8.6
38;2021-04-28;6197;2509;277392;111046;21.9;8.8
38;2021-04-29;8331;3070;285723;114116;22.6;9.0
38;2021-04-30;7673;4055;293396;118171;23.2;9.3
38;2021-05-01;1543;198;294939;118369;23.3;9.4
38;2021-05-02;846;73;295785;118442;23.4;9.4
38;2021-05-03;5299;3589;301084;122031;23.8;9.6
38;2021-05-04;6201;5079;307285;127110;24.3;10.0
38;2021-05-05;6068;4609;313353;131719;24.8;10.4
38;2021-05-06;6714;5332;320067;137051;25.3;10.8
38;2021-05-07;7283;6444;327350;143495;25.9;11.3
38;2021-05-08;3773;719;331123;144214;26.2;11.4
38;2021-05-09;2851;1930;333974;146144;26.4;11.6
38;2021-05-10;6153;5311;340127;151455;26.9;12.0
38;2021-05-11;8225;6029;348352;157484;27.5;12.4
38;2021-05-12;9049;4706;357401;162190;28.3;12.8
38;2021-05-13;6635;1415;364036;163605;28.8;12.9
38;2021-05-14;9565;3426;373601;167031;29.5;13.2
38;2021-05-15;6864;1454;380465;168485;30.1;13.3
38;2021-05-16;5474;652;385939;169137;30.5;13.4
38;2021-05-17;7672;3004;393611;172141;31.1;13.6
38;2021-05-18;8623;4036;402234;176177;31.8;13.9
38;2021-05-19;8158;3348;410392;179525;32.4;14.2
38;2021-05-20;8976;4495;419368;184020;33.2;14.5
38;2021-05-21;9960;4586;429328;188606;33.9;14.9
38;2021-05-22;7457;1907;436785;190513;34.5;15.1
38;2021-05-23;5589;579;442374;191092;35.0;15.1
38;2021-05-24;7501;1625;449875;192717;35.6;15.2
38;2021-05-25;9541;4856;459416;197573;36.3;15.6
38;2021-05-26;8123;4726;467539;202299;37.0;16.0
38;2021-05-27;9134;5658;476673;207957;37.7;16.4
38;2021-05-28;8787;6499;485460;214456;38.4;17.0
38;2021-05-29;5822;3260;491282;217716;38.8;17.2
38;2021-05-30;2694;1595;493976;219311;39.1;17.3
38;2021-05-31;8271;5138;502247;224449;39.7;17.7
38;2021-06-01;7964;6438;510211;230887;40.3;18.3
38;2021-06-02;7140;5625;517351;236512;40.9;18.7
38;2021-06-03;7397;6834;524748;243346;41.5;19.2
38;2021-06-04;8128;7617;532876;250963;42.1;19.8
38;2021-06-05;5796;3948;538672;254911;42.6;20.2
38;2021-06-06;2508;1462;541180;256373;42.8;20.3
38;2021-06-07;5552;6870;546732;263243;43.2;20.8
38;2021-06-08;5875;7534;552607;270777;43.7;21.4
38;2021-06-09;5050;6473;557657;277250;44.1;21.9
38;2021-06-10;5428;6792;563085;284042;44.5;22.5
38;2021-06-11;5887;7791;568972;291833;45.0;23.1
38;2021-06-12;3945;3259;572917;295092;45.3;23.3
38;2021-06-13;1256;1296;574173;296388;45.4;23.4
38;2021-06-14;3870;7666;578043;304054;45.7;24.0
38;2021-06-15;5234;8148;583277;312202;46.1;24.7
38;2021-06-16;5124;7408;588401;319610;46.5;25.3
38;2021-06-17;4522;7060;592923;326670;46.9;25.8
38;2021-06-18;6166;9231;599089;335901;47.4;26.6
38;2021-06-19;3595;4969;602684;340870;47.6;26.9
38;2021-06-20;1038;2901;603722;343771;47.7;27.2
38;2021-06-21;3750;8709;607472;352480;48.0;27.9
38;2021-06-22;3792;10106;611264;362586;48.3;28.7
38;2021-06-23;3155;9548;614419;372134;48.6;29.4
38;2021-06-24;3381;8589;617800;380723;48.8;30.1
38;2021-06-25;3783;11493;621583;392216;49.1;31.0
38;2021-06-26;2229;7853;623812;400069;49.3;31.6
38;2021-06-27;1098;4356;624910;404425;49.4;32.0
38;2021-06-28;2949;10304;627859;414729;49.6;32.8
38;2021-06-29;3786;10448;631645;425177;49.9;33.6
38;2021-06-30;4060;9939;635705;435116;50.3;34.4
38;2021-07-01;3545;9013;639250;444129;50.5;35.1
38;2021-07-02;3727;11612;642977;455741;50.8;36.0
38;2021-07-03;1738;8786;644715;464527;51.0;36.7
38;2021-07-04;1243;3207;645958;467734;51.1;37.0
38;2021-07-05;3062;10547;649020;478281;51.3;37.8
38;2021-07-06;3458;10240;652478;488521;51.6;38.6
38;2021-07-07;3567;9400;656045;497921;51.9;39.4
38;2021-07-08;3501;8225;659546;506146;52.1;40.0
38;2021-07-09;3893;10740;663439;516886;52.4;40.9
38;2021-07-10;2403;7807;665842;524693;52.6;41.5
38;2021-07-11;778;2027;666620;526720;52.7;41.6
38;2021-07-12;3477;10677;670097;537397;53.0;42.5
38;2021-07-13;6596;10935;676693;548332;53.5;43.3
38;2021-07-14;4675;3337;681368;551669;53.9;43.6
38;2021-07-15;8736;9675;690104;561344;54.6;44.4
38;2021-07-16;8757;10700;698861;572044;55.2;45.2
38;2021-07-17;4740;7482;703601;579526;55.6;45.8
38;2021-07-18;2573;2489;706174;582015;55.8;46.0
38;2021-07-19;5825;9225;711999;591240;56.3;46.7
38;2021-07-20;6287;8304;718286;599544;56.8;47.4
38;2021-07-21;7861;8029;726147;607573;57.4;48.0
38;2021-07-22;7599;6995;733746;614568;58.0;48.6
38;2021-07-23;8943;9038;742689;623606;58.7;49.3
38;2021-07-24;5574;5531;748263;629137;59.2;49.7
38;2021-07-25;2868;1650;751131;630787;59.4;49.9
38;2021-07-26;7871;7500;759002;638287;60.0;50.5
38;2021-07-27;7626;6267;766628;644554;60.6;51.0
38;2021-07-28;8626;5712;775254;650266;61.3;51.4
38;2021-07-29;7674;4679;782928;654945;61.9;51.8
38;2021-07-30;7761;6653;790689;661598;62.5;52.3
38;2021-07-31;4345;3603;795034;665201;62.8;52.6
38;2021-08-01;1296;1084;796330;666285;63.0;52.7
38;2021-08-02;3920;4446;800250;670731;63.3;53.0
38;2021-08-03;4572;4557;804822;675288;63.6;53.4
38;2021-08-04;4626;4354;809448;679642;64.0;53.7
38;2021-08-05;3717;4640;813165;684282;64.3;54.1
38;2021-08-06;4133;5946;817298;690228;64.6;54.6
38;2021-08-07;2304;3531;819602;693759;64.8;54.8
38;2021-08-08;791;2016;820393;695775;64.9;55.0
38;2021-08-09;3602;5574;823995;701349;65.1;55.4
38;2021-08-10;4860;6251;828855;707600;65.5;55.9
38;2021-08-11;3937;4661;832792;712261;65.8;56.3
38;2021-08-12;3344;4605;836136;716866;66.1;56.7
38;2021-08-13;4082;6034;840218;722900;66.4;57.1
38;2021-08-14;1735;4023;841953;726923;66.6;57.5
38;2021-08-15;527;1919;842480;728842;66.6;57.6
38;2021-08-16;2944;7923;845424;736765;66.8;58.2
38;2021-08-17;3392;5956;848816;742721;67.1;58.7
38;2021-08-18;2955;7144;851771;749865;67.3;59.3
38;2021-08-19;2557;4824;854328;754689;67.5;59.7
38;2021-08-20;2844;8414;857172;763103;67.8;60.3
38;2021-08-21;1181;5014;858353;768117;67.9;60.7
38;2021-08-22;495;1510;858848;769627;67.9;60.8
38;2021-08-23;2567;7621;861415;777248;68.1;61.4
38;2021-08-24;2549;5327;863964;782575;68.3;61.9
38;2021-08-25;2545;5861;866509;788436;68.5;62.3
38;2021-08-26;2236;4237;868745;792673;68.7;62.7
38;2021-08-27;2494;5918;871239;798591;68.9;63.1
38;2021-08-28;1406;3677;872645;802268;69.0;63.4
38;2021-08-29;372;1082;873017;803350;69.0;63.5
38;2021-08-30;2311;5771;875328;809121;69.2;64.0
38;2021-08-31;2196;4704;877524;813825;69.4;64.3
38;2021-09-01;2138;4326;879662;818151;69.5;64.7
39;2020-12-27;0;0;0;0;0.0;0.0
39;2020-12-28;0;0;0;0;0.0;0.0
39;2020-12-29;0;0;0;0;0.0;0.0
39;2020-12-30;0;0;0;0;0.0;0.0
39;2020-12-31;0;0;0;0;0.0;0.0
39;2021-01-01;0;0;0;0;0.0;0.0
39;2021-01-02;0;0;0;0;0.0;0.0
39;2021-01-03;0;0;0;0;0.0;0.0
39;2021-01-04;3;0;3;0;0.0;0.0
39;2021-01-05;3;0;6;0;0.0;0.0
39;2021-01-06;57;3;63;3;0.0;0.0
39;2021-01-07;333;2;396;5;0.2;0.0
39;2021-01-08;657;2;1053;7;0.4;0.0
39;2021-01-09;169;0;1222;7;0.5;0.0
39;2021-01-10;1;0;1223;7;0.5;0.0
39;2021-01-11;476;1;1699;8;0.7;0.0
39;2021-01-12;431;1;2130;9;0.8;0.0
39;2021-01-13;408;2;2538;11;1.0;0.0
39;2021-01-14;574;3;3112;14;1.2;0.0
39;2021-01-15;471;1;3583;15;1.4;0.0
39;2021-01-16;141;1;3724;16;1.4;0.0
39;2021-01-17;0;1;3724;17;1.4;0.0
39;2021-01-18;924;7;4648;24;1.8;0.0
39;2021-01-19;1181;6;5829;30;2.3;0.0
39;2021-01-20;906;4;6735;34;2.6;0.0
39;2021-01-21;1178;2;7913;36;3.1;0.0
39;2021-01-22;985;2;8898;38;3.5;0.0
39;2021-01-23;383;1;9281;39;3.6;0.0
39;2021-01-24;0;0;9281;39;3.6;0.0
39;2021-01-25;642;2;9923;41;3.8;0.0
39;2021-01-26;1121;12;11044;53;4.3;0.0
39;2021-01-27;925;17;11969;70;4.6;0.0
39;2021-01-28;740;241;12709;311;4.9;0.1
39;2021-01-29;582;418;13291;729;5.2;0.3
39;2021-01-30;265;109;13556;838;5.3;0.3
39;2021-01-31;1;0;13557;838;5.3;0.3
39;2021-02-01;562;256;14119;1094;5.5;0.4
39;2021-02-02;754;323;14873;1417;5.8;0.5
39;2021-02-03;531;513;15404;1930;6.0;0.7
39;2021-02-04;554;458;15958;2388;6.2;0.9
39;2021-02-05;439;427;16397;2815;6.4;1.1
39;2021-02-06;265;109;16662;2924;6.5;1.1
39;2021-02-07;0;1;16662;2925;6.5;1.1
39;2021-02-08;321;358;16983;3283;6.6;1.3
39;2021-02-09;383;478;17366;3761;6.7;1.5
39;2021-02-10;253;333;17619;4094;6.8;1.6
39;2021-02-11;586;507;18205;4601;7.1;1.8
39;2021-02-12;386;416;18591;5017;7.2;1.9
39;2021-02-13;99;66;18690;5083;7.2;2.0
39;2021-02-14;0;0;18690;5083;7.2;2.0
39;2021-02-15;99;739;18789;5822;7.3;2.3
39;2021-02-16;99;900;18888;6722;7.3;2.6
39;2021-02-17;58;678;18946;7400;7.3;2.9
39;2021-02-18;109;847;19055;8247;7.4;3.2
39;2021-02-19;100;473;19155;8720;7.4;3.4
39;2021-02-20;18;361;19173;9081;7.4;3.5
39;2021-02-21;0;0;19173;9081;7.4;3.5
39;2021-02-22;100;719;19273;9800;7.5;3.8
39;2021-02-23;4;762;19277;10562;7.5;4.1
39;2021-02-24;125;859;19402;11421;7.5;4.4
39;2021-02-25;214;742;19616;12163;7.6;4.7
39;2021-02-26;218;467;19834;12630;7.7;4.9
39;2021-02-27;169;291;20003;12921;7.8;5.0
39;2021-02-28;1;0;20004;12921;7.8;5.0
39;2021-03-01;218;639;20222;13560;7.8;5.3
39;2021-03-02;329;827;20551;14387;8.0;5.6
39;2021-03-03;602;529;21153;14916;8.2;5.8
39;2021-03-04;658;476;21811;15392;8.5;6.0
39;2021-03-05;670;330;22481;15722;8.7;6.1
39;2021-03-06;777;248;23258;15970;9.0;6.2
39;2021-03-07;242;84;23500;16054;9.1;6.2
39;2021-03-08;286;446;23786;16500;9.2;6.4
39;2021-03-09;843;461;24629;16961;9.6;6.6
39;2021-03-10;984;341;25613;17302;9.9;6.7
39;2021-03-11;829;462;26442;17764;10.3;6.9
39;2021-03-12;806;292;27248;18056;10.6;7.0
39;2021-03-13;788;104;28036;18160;10.9;7.0
39;2021-03-14;35;10;28071;18170;10.9;7.0
39;2021-03-15;513;106;28584;18276;11.1;7.1
39;2021-03-16;555;68;29139;18344;11.3;7.1
39;2021-03-17;612;57;29751;18401;11.5;7.1
39;2021-03-18;597;72;30348;18473;11.8;7.2
39;2021-03-19;393;72;30741;18545;11.9;7.2
39;2021-03-20;312;10;31053;18555;12.0;7.2
39;2021-03-21;3;0;31056;18555;12.0;7.2
39;2021-03-22;754;117;31810;18672;12.3;7.2
39;2021-03-23;1130;44;32940;18716;12.8;7.3
39;2021-03-24;1179;97;34119;18813;13.2;7.3
39;2021-03-25;2042;130;36161;18943;14.0;7.3
39;2021-03-26;797;116;36958;19059;14.3;7.4
39;2021-03-27;345;6;37303;19065;14.5;7.4
39;2021-03-28;36;4;37339;19069;14.5;7.4
39;2021-03-29;1037;195;38376;19264;14.9;7.5
39;2021-03-30;1400;270;39776;19534;15.4;7.6
39;2021-03-31;657;527;40433;20061;15.7;7.8
39;2021-04-01;1310;316;41743;20377;16.2;7.9
39;2021-04-02;626;130;42369;20507;16.4;8.0
39;2021-04-03;180;8;42549;20515;16.5;8.0
39;2021-04-04;4;1;42553;20516;16.5;8.0
39;2021-04-05;1;0;42554;20516;16.5;8.0
39;2021-04-06;824;632;43378;21148;16.8;8.2
39;2021-04-07;1133;678;44511;21826;17.3;8.5
39;2021-04-08;1790;582;46301;22408;18.0;8.7
39;2021-04-09;1676;293;47977;22701;18.6;8.8
39;2021-04-10;346;185;48323;22886;18.7;8.9
39;2021-04-11;2;0;48325;22886;18.7;8.9
39;2021-04-12;680;397;49005;23283;19.0;9.0
39;2021-04-13;1200;579;50205;23862;19.5;9.3
39;2021-04-14;845;641;51050;24503;19.8;9.5
39;2021-04-15;1481;719;52531;25222;20.4;9.8
39;2021-04-16;1090;175;53621;25397;20.8;9.8
39;2021-04-17;197;61;53818;25458;20.9;9.9
39;2021-04-18;0;0;53818;25458;20.9;9.9
39;2021-04-19;524;699;54342;26157;21.1;10.1
39;2021-04-20;766;545;55108;26702;21.4;10.4
39;2021-04-21;1142;722;56250;27424;21.8;10.6
39;2021-04-22;1012;1132;57262;28556;22.2;11.1
39;2021-04-23;457;363;57719;28919;22.4;11.2
39;2021-04-24;276;149;57995;29068;22.5;11.3
39;2021-04-25;12;3;58007;29071;22.5;11.3
39;2021-04-26;568;1039;58575;30110;22.7;11.7
39;2021-04-27;788;982;59363;31092;23.0;12.1
39;2021-04-28;1720;417;61083;31509;23.7;12.2
39;2021-04-29;2571;973;63654;32482;24.7;12.6
39;2021-04-30;2475;392;66129;32874;25.6;12.7
39;2021-05-01;41;53;66170;32927;25.7;12.8
39;2021-05-02;0;0;66170;32927;25.7;12.8
39;2021-05-03;917;807;67087;33734;26.0;13.1
39;2021-05-04;949;1128;68036;34862;26.4;13.5
39;2021-05-05;1954;889;69990;35751;27.1;13.9
39;2021-05-06;2424;1345;72414;37096;28.1;14.4
39;2021-05-07;1286;575;73700;37671;28.6;14.6
39;2021-05-08;179;55;73879;37726;28.7;14.6
39;2021-05-09;10;8;73889;37734;28.7;14.6
39;2021-05-10;1761;849;75650;38583;29.3;15.0
39;2021-05-11;1775;1515;77425;40098;30.0;15.6
39;2021-05-12;1809;1496;79234;41594;30.7;16.1
39;2021-05-13;246;23;79480;41617;30.8;16.1
39;2021-05-14;2392;336;81872;41953;31.8;16.3
39;2021-05-15;1849;257;83721;42210;32.5;16.4
39;2021-05-16;0;0;83721;42210;32.5;16.4
39;2021-05-17;1988;727;85709;42937;33.2;16.7
39;2021-05-18;1692;1183;87401;44120;33.9;17.1
39;2021-05-19;2496;556;89897;44676;34.9;17.3
39;2021-05-20;2465;756;92362;45432;35.8;17.6
39;2021-05-21;1800;565;94162;45997;36.5;17.8
39;2021-05-22;322;218;94484;46215;36.6;17.9
39;2021-05-23;7;36;94491;46251;36.6;17.9
39;2021-05-24;8;28;94499;46279;36.6;17.9
39;2021-05-25;1725;1204;96224;47483;37.3;18.4
39;2021-05-26;1644;1379;97868;48862;38.0;18.9
39;2021-05-27;1486;1625;99354;50487;38.5;19.6
39;2021-05-28;856;1219;100210;51706;38.9;20.1
39;2021-05-29;261;276;100471;51982;39.0;20.2
39;2021-05-30;2;40;100473;52022;39.0;20.2
39;2021-05-31;1626;1248;102099;53270;39.6;20.7
39;2021-06-01;1895;1321;103994;54591;40.3;21.2
39;2021-06-02;1707;1174;105701;55765;41.0;21.6
39;2021-06-03;1326;1159;107027;56924;41.5;22.1
39;2021-06-04;941;1071;107968;57995;41.9;22.5
39;2021-06-05;766;516;108734;58511;42.2;22.7
39;2021-06-06;1;36;108735;58547;42.2;22.7
39;2021-06-07;2104;916;110839;59463;43.0;23.1
39;2021-06-08;2211;1155;113050;60618;43.8;23.5
39;2021-06-09;1732;1244;114782;61862;44.5;24.0
39;2021-06-10;1617;2082;116399;63944;45.1;24.8
39;2021-06-11;1569;1271;117968;65215;45.8;25.3
39;2021-06-12;1263;348;119231;65563;46.2;25.4
39;2021-06-13;11;18;119242;65581;46.2;25.4
39;2021-06-14;1337;1895;120579;67476;46.8;26.2
39;2021-06-15;1388;1257;121967;68733;47.3;26.7
39;2021-06-16;1171;1538;123138;70271;47.8;27.3
39;2021-06-17;1043;1715;124181;71986;48.2;27.9
39;2021-06-18;1638;1179;125819;73165;48.8;28.4
39;2021-06-19;249;412;126068;73577;48.9;28.5
39;2021-06-20;2;18;126070;73595;48.9;28.5
39;2021-06-21;351;2494;126421;76089;49.0;29.5
39;2021-06-22;814;2294;127235;78383;49.3;30.4
39;2021-06-23;1201;1302;128436;79685;49.8;30.9
39;2021-06-24;736;1048;129172;80733;50.1;31.3
39;2021-06-25;680;2963;129852;83696;50.4;32.5
39;2021-06-26;207;1564;130059;85260;50.4;33.1
39;2021-06-27;0;0;130059;85260;50.4;33.1
39;2021-06-28;305;2745;130364;88005;50.6;34.1
39;2021-06-29;498;2697;130862;90702;50.8;35.2
39;2021-06-30;898;2423;131760;93125;51.1;36.1
39;2021-07-01;644;1938;132404;95063;51.3;36.9
39;2021-07-02;1112;1406;133516;96469;51.8;37.4
39;2021-07-03;554;524;134070;96993;52.0;37.6
39;2021-07-04;1;1;134071;96994;52.0;37.6
39;2021-07-05;602;2589;134673;99583;52.2;38.6
39;2021-07-06;836;1888;135509;101471;52.6;39.4
39;2021-07-07;591;1389;136100;102860;52.8;39.9
39;2021-07-08;698;906;136798;103766;53.1;40.2
39;2021-07-09;1080;1585;137878;105351;53.5;40.9
39;2021-07-10;739;476;138617;105827;53.8;41.0
39;2021-07-11;28;8;138645;105835;53.8;41.0
39;2021-07-12;577;2596;139222;108431;54.0;42.1
39;2021-07-13;1636;2657;140858;111088;54.6;43.1
39;2021-07-14;17;21;140875;111109;54.6;43.1
39;2021-07-15;1904;1837;142779;112946;55.4;43.8
39;2021-07-16;3226;2048;146005;114994;56.6;44.6
39;2021-07-17;2226;1162;148231;116156;57.5;45.0
39;2021-07-18;164;52;148395;116208;57.6;45.1
39;2021-07-19;1402;2959;149797;119167;58.1;46.2
39;2021-07-20;1842;2810;151639;121977;58.8;47.3
39;2021-07-21;2587;2582;154226;124559;59.8;48.3
39;2021-07-22;1935;1842;156161;126401;60.6;49.0
39;2021-07-23;1815;1928;157976;128329;61.3;49.8
39;2021-07-24;1400;1427;159376;129756;61.8;50.3
39;2021-07-25;0;1;159376;129757;61.8;50.3
39;2021-07-26;1320;2000;160696;131757;62.3;51.1
39;2021-07-27;2344;1903;163040;133660;63.2;51.8
39;2021-07-28;2686;1474;165726;135134;64.3;52.4
39;2021-07-29;2200;1740;167926;136874;65.1;53.1
39;2021-07-30;2041;1465;169967;138339;65.9;53.7
39;2021-07-31;1367;655;171334;138994;66.4;53.9
39;2021-08-01;10;18;171344;139012;66.5;53.9
39;2021-08-02;1203;1400;172547;140412;66.9;54.5
39;2021-08-03;1918;1484;174465;141896;67.7;55.0
39;2021-08-04;1046;661;175511;142557;68.1;55.3
39;2021-08-05;1235;736;176746;143293;68.5;55.6
39;2021-08-06;1377;2291;178123;145584;69.1;56.5
39;2021-08-07;1066;1211;179189;146795;69.5;56.9
39;2021-08-08;26;10;179215;146805;69.5;56.9
39;2021-08-09;436;302;179651;147107;69.7;57.1
39;2021-08-10;1227;931;180878;148038;70.1;57.4
39;2021-08-11;894;1530;181772;149568;70.5;58.0
39;2021-08-12;1584;2167;183356;151735;71.1;58.8
39;2021-08-13;1325;2117;184681;153852;71.6;59.7
39;2021-08-14;356;1104;185037;154956;71.8;60.1
39;2021-08-15;0;1;185037;154957;71.8;60.1
39;2021-08-16;486;735;185523;155692;72.0;60.4
39;2021-08-17;570;1439;186093;157131;72.2;60.9
39;2021-08-18;858;1728;186951;158859;72.5;61.6
39;2021-08-19;905;1594;187856;160453;72.9;62.2
39;2021-08-20;637;2501;188493;162954;73.1;63.2
39;2021-08-21;468;1290;188961;164244;73.3;63.7
39;2021-08-22;6;11;188967;164255;73.3;63.7
39;2021-08-23;263;972;189230;165227;73.4;64.1
39;2021-08-24;452;1609;189682;166836;73.6;64.7
39;2021-08-25;623;1602;190305;168438;73.8;65.3
39;2021-08-26;708;1859;191013;170297;74.1;66.0
39;2021-08-27;405;2060;191418;172357;74.2;66.8
39;2021-08-28;323;1360;191741;173717;74.4;67.4
39;2021-08-29;0;1;191741;173718;74.4;67.4
39;2021-08-30;345;1015;192086;174733;74.5;67.8
39;2021-08-31;394;1032;192480;175765;74.6;68.2
39;2021-09-01;505;1567;192985;177332;74.8;68.8
40;2020-12-27;0;0;0;0;0.0;0.0
40;2020-12-28;0;0;0;0;0.0;0.0
40;2020-12-29;0;0;0;0;0.0;0.0
40;2020-12-30;0;0;0;0;0.0;0.0
40;2020-12-31;1;0;1;0;0.0;0.0
40;2021-01-01;0;0;1;0;0.0;0.0
40;2021-01-02;0;0;1;0;0.0;0.0
40;2021-01-03;0;0;1;0;0.0;0.0
40;2021-01-04;0;0;1;0;0.0;0.0
40;2021-01-05;0;0;1;0;0.0;0.0
40;2021-01-06;1;0;2;0;0.0;0.0
40;2021-01-07;212;0;214;0;0.1;0.0
40;2021-01-08;392;2;606;2;0.1;0.0
40;2021-01-09;0;0;606;2;0.1;0.0
40;2021-01-10;1;0;607;2;0.1;0.0
40;2021-01-11;111;0;718;2;0.2;0.0
40;2021-01-12;0;0;718;2;0.2;0.0
40;2021-01-13;681;5;1399;7;0.3;0.0
40;2021-01-14;901;5;2300;12;0.6;0.0
40;2021-01-15;811;3;3111;15;0.8;0.0
40;2021-01-16;157;0;3268;15;0.8;0.0
40;2021-01-17;1;1;3269;16;0.8;0.0
40;2021-01-18;402;0;3671;16;0.9;0.0
40;2021-01-19;1204;3;4875;19;1.2;0.0
40;2021-01-20;879;2;5754;21;1.4;0.0
40;2021-01-21;1266;5;7020;26;1.7;0.0
40;2021-01-22;809;2;7829;28;1.9;0.0
40;2021-01-23;288;0;8117;28;2.0;0.0
40;2021-01-24;2;0;8119;28;2.0;0.0
40;2021-01-25;393;2;8512;30;2.1;0.0
40;2021-01-26;803;6;9315;36;2.3;0.0
40;2021-01-27;1118;11;10433;47;2.5;0.0
40;2021-01-28;708;111;11141;158;2.7;0.0
40;2021-01-29;600;228;11741;386;2.8;0.1
40;2021-01-30;235;3;11976;389;2.9;0.1
40;2021-01-31;1;0;11977;389;2.9;0.1
40;2021-02-01;358;130;12335;519;3.0;0.1
40;2021-02-02;923;51;13258;570;3.2;0.1
40;2021-02-03;894;299;14152;869;3.4;0.2
40;2021-02-04;1059;599;15211;1468;3.7;0.4
40;2021-02-05;794;418;16005;1886;3.9;0.5
40;2021-02-06;380;84;16385;1970;4.0;0.5
40;2021-02-07;10;0;16395;1970;4.0;0.5
40;2021-02-08;372;114;16767;2084;4.1;0.5
40;2021-02-09;809;538;17576;2622;4.3;0.6
40;2021-02-10;749;459;18325;3081;4.4;0.7
40;2021-02-11;739;676;19064;3757;4.6;0.9
40;2021-02-12;628;636;19692;4393;4.8;1.1
40;2021-02-13;400;94;20092;4487;4.9;1.1
40;2021-02-14;0;0;20092;4487;4.9;1.1
40;2021-02-15;48;381;20140;4868;4.9;1.2
40;2021-02-16;285;582;20425;5450;5.0;1.3
40;2021-02-17;360;875;20785;6325;5.0;1.5
40;2021-02-18;382;682;21167;7007;5.1;1.7
40;2021-02-19;144;629;21311;7636;5.2;1.9
40;2021-02-20;39;94;21350;7730;5.2;1.9
40;2021-02-21;1;66;21351;7796;5.2;1.9
40;2021-02-22;53;553;21404;8349;5.2;2.0
40;2021-02-23;179;821;21583;9170;5.2;2.2
40;2021-02-24;283;678;21866;9848;5.3;2.4
40;2021-02-25;727;973;22593;10821;5.5;2.6
40;2021-02-26;656;625;23249;11446;5.6;2.8
40;2021-02-27;384;100;23633;11546;5.7;2.8
40;2021-02-28;2;0;23635;11546;5.7;2.8
40;2021-03-01;418;494;24053;12040;5.8;2.9
40;2021-03-02;734;1030;24787;13070;6.0;3.2
40;2021-03-03;934;904;25721;13974;6.2;3.4
40;2021-03-04;1320;818;27041;14792;6.6;3.6
40;2021-03-05;1231;736;28272;15528;6.9;3.8
40;2021-03-06;866;387;29138;15915;7.1;3.9
40;2021-03-07;92;9;29230;15924;7.1;3.9
40;2021-03-08;838;497;30068;16421;7.3;4.0
40;2021-03-09;1505;641;31573;17062;7.7;4.1
40;2021-03-10;1750;713;33323;17775;8.1;4.3
40;2021-03-11;1985;694;35308;18469;8.6;4.5
40;2021-03-12;2049;548;37357;19017;9.1;4.6
40;2021-03-13;972;255;38329;19272;9.3;4.7
40;2021-03-14;98;0;38427;19272;9.3;4.7
40;2021-03-15;924;88;39351;19360;9.6;4.7
40;2021-03-16;987;271;40338;19631;9.8;4.8
40;2021-03-17;1576;345;41914;19976;10.2;4.8
40;2021-03-18;1560;339;43474;20315;10.6;4.9
40;2021-03-19;1808;143;45282;20458;11.0;5.0
40;2021-03-20;706;14;45988;20472;11.2;5.0
40;2021-03-21;52;1;46040;20473;11.2;5.0
40;2021-03-22;1174;35;47214;20508;11.5;5.0
40;2021-03-23;2324;166;49538;20674;12.0;5.0
40;2021-03-24;2326;231;51864;20905;12.6;5.1
40;2021-03-25;2767;381;54631;21286;13.3;5.2
40;2021-03-26;3122;209;57753;21495;14.0;5.2
40;2021-03-27;923;48;58676;21543;14.2;5.2
40;2021-03-28;178;47;58854;21590;14.3;5.2
40;2021-03-29;1153;379;60007;21969;14.6;5.3
40;2021-03-30;2298;390;62305;22359;15.1;5.4
40;2021-03-31;1998;303;64303;22662;15.6;5.5
40;2021-04-01;2413;330;66716;22992;16.2;5.6
40;2021-04-02;2362;219;69078;23211;16.8;5.6
40;2021-04-03;743;121;69821;23332;16.9;5.7
40;2021-04-04;362;8;70183;23340;17.0;5.7
40;2021-04-05;523;40;70706;23380;17.2;5.7
40;2021-04-06;2096;809;72802;24189;17.7;5.9
40;2021-04-07;2666;871;75468;25060;18.3;6.1
40;2021-04-08;3061;896;78529;25956;19.1;6.3
40;2021-04-09;3826;605;82355;26561;20.0;6.4
40;2021-04-10;1599;342;83954;26903;20.4;6.5
40;2021-04-11;51;6;84005;26909;20.4;6.5
40;2021-04-12;2177;734;86182;27643;20.9;6.7
40;2021-04-13;2567;1089;88749;28732;21.5;7.0
40;2021-04-14;2571;1375;91320;30107;22.2;7.3
40;2021-04-15;2987;1506;94307;31613;22.9;7.7
40;2021-04-16;2878;1185;97185;32798;23.6;8.0
40;2021-04-17;1464;348;98649;33146;23.9;8.0
40;2021-04-18;57;24;98706;33170;24.0;8.1
40;2021-04-19;1058;1019;99764;34189;24.2;8.3
40;2021-04-20;1622;1745;101386;35934;24.6;8.7
40;2021-04-21;1777;1739;103163;37673;25.0;9.1
40;2021-04-22;2113;1773;105276;39446;25.6;9.6
40;2021-04-23;2163;1398;107439;40844;26.1;9.9
40;2021-04-24;1328;624;108767;41468;26.4;10.1
40;2021-04-25;37;57;108804;41525;26.4;10.1
40;2021-04-26;1251;1137;110055;42662;26.7;10.4
40;2021-04-27;1487;2033;111542;44695;27.1;10.8
40;2021-04-28;2052;1369;113594;46064;27.6;11.2
40;2021-04-29;2608;1898;116202;47962;28.2;11.6
40;2021-04-30;2701;1616;118903;49578;28.9;12.0
40;2021-05-01;1229;783;120132;50361;29.2;12.2
40;2021-05-02;143;322;120275;50683;29.2;12.3
40;2021-05-03;1857;1502;122132;52185;29.6;12.7
40;2021-05-04;1882;2467;124014;54652;30.1;13.3
40;2021-05-05;2188;2668;126202;57320;30.6;13.9
40;2021-05-06;2237;2865;128439;60185;31.2;14.6
40;2021-05-07;1904;3004;130343;63189;31.6;15.3
40;2021-05-08;674;468;131017;63657;31.8;15.5
40;2021-05-09;316;21;131333;63678;31.9;15.5
40;2021-05-10;1399;2055;132732;65733;32.2;16.0
40;2021-05-11;2197;2510;134929;68243;32.8;16.6
40;2021-05-12;2731;1944;137660;70187;33.4;17.0
40;2021-05-13;1984;515;139644;70702;33.9;17.2
40;2021-05-14;2325;1658;141969;72360;34.5;17.6
40;2021-05-15;1340;963;143309;73323;34.8;17.8
40;2021-05-16;434;24;143743;73347;34.9;17.8
40;2021-05-17;2120;1312;145863;74659;35.4;18.1
40;2021-05-18;2509;1416;148372;76075;36.0;18.5
40;2021-05-19;2957;1106;151329;77181;36.7;18.7
40;2021-05-20;3586;1164;154915;78345;37.6;19.0
40;2021-05-21;2926;1330;157841;79675;38.3;19.3
40;2021-05-22;1146;796;158987;80471;38.6;19.5
40;2021-05-23;631;29;159618;80500;38.7;19.5
40;2021-05-24;1212;332;160830;80832;39.0;19.6
40;2021-05-25;2168;1309;162998;82141;39.6;19.9
40;2021-05-26;2615;1562;165613;83703;40.2;20.3
40;2021-05-27;2733;2012;168346;85715;40.9;20.8
40;2021-05-28;2569;2275;170915;87990;41.5;21.4
40;2021-05-29;1558;1257;172473;89247;41.9;21.7
40;2021-05-30;4;52;172477;89299;41.9;21.7
40;2021-05-31;2566;1209;175043;90508;42.5;22.0
40;2021-06-01;3011;1771;178054;92279;43.2;22.4
40;2021-06-02;3173;1991;181227;94270;44.0;22.9
40;2021-06-03;3592;2335;184819;96605;44.9;23.4
40;2021-06-04;3015;2801;187834;99406;45.6;24.1
40;2021-06-05;1780;1395;189614;100801;46.0;24.5
40;2021-06-06;459;79;190073;100880;46.1;24.5
40;2021-06-07;2186;2025;192259;102905;46.7;25.0
40;2021-06-08;2954;2102;195213;105007;47.4;25.5
40;2021-06-09;3215;2267;198428;107274;48.2;26.0
40;2021-06-10;2996;2097;201424;109371;48.9;26.5
40;2021-06-11;3139;2797;204563;112168;49.7;27.2
40;2021-06-12;1964;1636;206527;113804;50.1;27.6
40;2021-06-13;644;161;207171;113965;50.3;27.7
40;2021-06-14;1458;2497;208629;116462;50.6;28.3
40;2021-06-15;2237;2821;210866;119283;51.2;29.0
40;2021-06-16;2608;2457;213474;121740;51.8;29.6
40;2021-06-17;2432;2438;215906;124178;52.4;30.1
40;2021-06-18;2325;2903;218231;127081;53.0;30.8
40;2021-06-19;1798;1231;220029;128312;53.4;31.1
40;2021-06-20;345;276;220374;128588;53.5;31.2
40;2021-06-21;1395;2319;221769;130907;53.8;31.8
40;2021-06-22;1688;2996;223457;133903;54.2;32.5
40;2021-06-23;1606;3346;225063;137249;54.6;33.3
40;2021-06-24;1735;2385;226798;139634;55.1;33.9
40;2021-06-25;1760;3264;228558;142898;55.5;34.7
40;2021-06-26;1328;1713;229886;144611;55.8;35.1
40;2021-06-27;263;354;230149;144965;55.9;35.2
40;2021-06-28;1334;2821;231483;147786;56.2;35.9
40;2021-06-29;1711;3392;233194;151178;56.6;36.7
40;2021-06-30;1777;3644;234971;154822;57.0;37.6
40;2021-07-01;1714;3953;236685;158775;57.5;38.5
40;2021-07-02;1561;3808;238246;162583;57.8;39.5
40;2021-07-03;678;1922;238924;164505;58.0;39.9
40;2021-07-04;219;483;239143;164988;58.0;40.0
40;2021-07-05;1476;3020;240619;168008;58.4;40.8
40;2021-07-06;1769;3613;242388;171621;58.8;41.7
40;2021-07-07;1975;3846;244363;175467;59.3;42.6
40;2021-07-08;2102;3409;246465;178876;59.8;43.4
40;2021-07-09;2110;3948;248575;182824;60.3;44.4
40;2021-07-10;1005;2157;249580;184981;60.6;44.9
40;2021-07-11;207;294;249787;185275;60.6;45.0
40;2021-07-12;1313;4044;251100;189319;60.9;46.0
40;2021-07-13;2428;4698;253528;194017;61.5;47.1
40;2021-07-14;2199;2057;255727;196074;62.1;47.6
40;2021-07-15;2845;4859;258572;200933;62.8;48.8
40;2021-07-16;3316;3945;261888;204878;63.6;49.7
40;2021-07-17;2110;2593;263998;207471;64.1;50.4
40;2021-07-18;472;542;264470;208013;64.2;50.5
40;2021-07-19;2568;3702;267038;211715;64.8;51.4
40;2021-07-20;3061;4056;270099;215771;65.6;52.4
40;2021-07-21;3206;3886;273305;219657;66.3;53.3
40;2021-07-22;3854;3929;277159;223586;67.3;54.3
40;2021-07-23;4091;4109;281250;227695;68.3;55.3
40;2021-07-24;2793;2111;284043;229806;68.9;55.8
40;2021-07-25;955;489;284998;230295;69.2;55.9
40;2021-07-26;2941;3082;287939;233377;69.9;56.6
40;2021-07-27;3524;3601;291463;236978;70.7;57.5
40;2021-07-28;3380;3396;294843;240374;71.6;58.3
40;2021-07-29;3544;3431;298387;243805;72.4;59.2
40;2021-07-30;3130;3404;301517;247209;73.2;60.0
40;2021-07-31;1781;1909;303298;249118;73.6;60.5
40;2021-08-01;343;287;303641;249405;73.7;60.5
40;2021-08-02;2002;2379;305643;251784;74.2;61.1
40;2021-08-03;2331;2690;307974;254474;74.8;61.8
40;2021-08-04;2090;2320;310064;256794;75.3;62.3
40;2021-08-05;1968;2669;312032;259463;75.7;63.0
40;2021-08-06;1881;3069;313913;262532;76.2;63.7
40;2021-08-07;1218;1745;315131;264277;76.5;64.1
40;2021-08-08;84;154;315215;264431;76.5;64.2
40;2021-08-09;1598;3124;316813;267555;76.9;64.9
40;2021-08-10;1425;3164;318238;270719;77.2;65.7
40;2021-08-11;1417;2847;319655;273566;77.6;66.4
40;2021-08-12;1272;3102;320927;276668;77.9;67.2
40;2021-08-13;1128;2979;322055;279647;78.2;67.9
40;2021-08-14;617;2037;322672;281684;78.3;68.4
40;2021-08-15;5;172;322677;281856;78.3;68.4
40;2021-08-16;1104;3389;323781;285245;78.6;69.2
40;2021-08-17;1154;3420;324935;288665;78.9;70.1
40;2021-08-18;982;3261;325917;291926;79.1;70.9
40;2021-08-19;848;2971;326765;294897;79.3;71.6
40;2021-08-20;800;3033;327565;297930;79.5;72.3
40;2021-08-21;521;1899;328086;299829;79.6;72.8
40;2021-08-22;71;463;328157;300292;79.7;72.9
40;2021-08-23;726;2817;328883;303109;79.8;73.6
40;2021-08-24;692;2541;329575;305650;80.0;74.2
40;2021-08-25;669;2003;330244;307653;80.2;74.7
40;2021-08-26;487;1675;330731;309328;80.3;75.1
40;2021-08-27;636;2469;331367;311797;80.4;75.7
40;2021-08-28;324;1218;331691;313015;80.5;76.0
40;2021-08-29;1;9;331692;313024;80.5;76.0
40;2021-08-30;597;2159;332289;315183;80.7;76.5
40;2021-08-31;466;1466;332755;316649;80.8;76.9
40;2021-09-01;445;1541;333200;318190;80.9;77.2
41;2020-12-27;0;0;0;0;0.0;0.0
41;2020-12-28;0;0;0;0;0.0;0.0
41;2020-12-29;0;0;0;0;0.0;0.0
41;2020-12-30;0;0;0;0;0.0;0.0
41;2020-12-31;0;0;0;0;0.0;0.0
41;2021-01-01;0;0;0;0;0.0;0.0
41;2021-01-02;2;0;2;0;0.0;0.0
41;2021-01-03;0;0;2;0;0.0;0.0
41;2021-01-04;0;0;2;0;0.0;0.0
41;2021-01-05;35;0;37;0;0.0;0.0
41;2021-01-06;72;0;109;0;0.0;0.0
41;2021-01-07;21;0;130;0;0.0;0.0
41;2021-01-08;1;0;131;0;0.0;0.0
41;2021-01-09;0;0;131;0;0.0;0.0
41;2021-01-10;0;0;131;0;0.0;0.0
41;2021-01-11;133;0;264;0;0.1;0.0
41;2021-01-12;321;1;585;1;0.2;0.0
41;2021-01-13;271;0;856;1;0.3;0.0
41;2021-01-14;283;1;1139;2;0.3;0.0
41;2021-01-15;215;1;1354;3;0.4;0.0
41;2021-01-16;0;0;1354;3;0.4;0.0
41;2021-01-17;0;0;1354;3;0.4;0.0
41;2021-01-18;397;2;1751;5;0.5;0.0
41;2021-01-19;857;2;2608;7;0.8;0.0
41;2021-01-20;1056;3;3664;10;1.1;0.0
41;2021-01-21;1567;8;5231;18;1.6;0.0
41;2021-01-22;836;0;6067;18;1.9;0.0
41;2021-01-23;92;0;6159;18;1.9;0.0
41;2021-01-24;0;0;6159;18;1.9;0.0
41;2021-01-25;421;1;6580;19;2.0;0.0
41;2021-01-26;473;2;7053;21;2.2;0.0
41;2021-01-27;441;2;7494;23;2.3;0.0
41;2021-01-28;604;56;8098;79;2.5;0.0
41;2021-01-29;260;30;8358;109;2.5;0.0
41;2021-01-30;0;0;8358;109;2.5;0.0
41;2021-01-31;0;0;8358;109;2.5;0.0
41;2021-02-01;349;148;8707;257;2.7;0.1
41;2021-02-02;471;230;9178;487;2.8;0.1
41;2021-02-03;341;202;9519;689;2.9;0.2
41;2021-02-04;559;151;10078;840;3.1;0.3
41;2021-02-05;329;183;10407;1023;3.2;0.3
41;2021-02-06;4;0;10411;1023;3.2;0.3
41;2021-02-07;2;0;10413;1023;3.2;0.3
41;2021-02-08;306;303;10719;1326;3.3;0.4
41;2021-02-09;599;451;11318;1777;3.5;0.5
41;2021-02-10;486;688;11804;2465;3.6;0.8
41;2021-02-11;1066;1157;12870;3622;3.9;1.1
41;2021-02-12;688;359;13558;3981;4.1;1.2
41;2021-02-13;9;5;13567;3986;4.1;1.2
41;2021-02-14;3;27;13570;4013;4.1;1.2
41;2021-02-15;314;296;13884;4309;4.2;1.3
41;2021-02-16;354;550;14238;4859;4.3;1.5
41;2021-02-17;317;446;14555;5305;4.4;1.6
41;2021-02-18;617;318;15172;5623;4.6;1.7
41;2021-02-19;456;329;15628;5952;4.8;1.8
41;2021-02-20;69;58;15697;6010;4.8;1.8
41;2021-02-21;0;0;15697;6010;4.8;1.8
41;2021-02-22;310;403;16007;6413;4.9;2.0
41;2021-02-23;454;335;16461;6748;5.0;2.1
41;2021-02-24;281;434;16742;7182;5.1;2.2
41;2021-02-25;675;447;17417;7629;5.3;2.3
41;2021-02-26;630;244;18047;7873;5.5;2.4
41;2021-02-27;161;4;18208;7877;5.6;2.4
41;2021-02-28;4;31;18212;7908;5.6;2.4
41;2021-03-01;310;308;18522;8216;5.6;2.5
41;2021-03-02;649;409;19171;8625;5.8;2.6
41;2021-03-03;497;407;19668;9032;6.0;2.8
41;2021-03-04;784;833;20452;9865;6.2;3.0
41;2021-03-05;840;674;21292;10539;6.5;3.2
41;2021-03-06;715;22;22007;10561;6.7;3.2
41;2021-03-07;498;19;22505;10580;6.9;3.2
41;2021-03-08;300;375;22805;10955;7.0;3.3
41;2021-03-09;1042;450;23847;11405;7.3;3.5
41;2021-03-10;721;455;24568;11860;7.5;3.6
41;2021-03-11;1182;679;25750;12539;7.9;3.8
41;2021-03-12;1116;412;26866;12951;8.2;4.0
41;2021-03-13;1224;18;28090;12969;8.6;4.0
41;2021-03-14;392;6;28482;12975;8.7;4.0
41;2021-03-15;797;352;29279;13327;8.9;4.1
41;2021-03-16;1061;412;30340;13739;9.3;4.2
41;2021-03-17;587;239;30927;13978;9.4;4.3
41;2021-03-18;926;400;31853;14378;9.7;4.4
41;2021-03-19;911;335;32764;14713;10.0;4.5
41;2021-03-20;541;20;33305;14733;10.2;4.5
41;2021-03-21;1;0;33306;14733;10.2;4.5
41;2021-03-22;810;273;34116;15006;10.4;4.6
41;2021-03-23;1309;490;35425;15496;10.8;4.7
41;2021-03-24;1231;367;36656;15863;11.2;4.8
41;2021-03-25;2026;437;38682;16300;11.8;5.0
41;2021-03-26;1655;325;40337;16625;12.3;5.1
41;2021-03-27;452;58;40789;16683;12.4;5.1
41;2021-03-28;1;0;40790;16683;12.4;5.1
41;2021-03-29;938;307;41728;16990;12.7;5.2
41;2021-03-30;1496;594;43224;17584;13.2;5.4
41;2021-03-31;1147;493;44371;18077;13.5;5.5
41;2021-04-01;2253;564;46624;18641;14.2;5.7
41;2021-04-02;1242;475;47866;19116;14.6;5.8
41;2021-04-03;321;5;48187;19121;14.7;5.8
41;2021-04-04;39;0;48226;19121;14.7;5.8
41;2021-04-05;140;2;48366;19123;14.8;5.8
41;2021-04-06;1302;627;49668;19750;15.2;6.0
41;2021-04-07;1852;704;51520;20454;15.7;6.2
41;2021-04-08;2294;920;53814;21374;16.4;6.5
41;2021-04-09;2569;610;56383;21984;17.2;6.7
41;2021-04-10;954;497;57337;22481;17.5;6.9
41;2021-04-11;279;376;57616;22857;17.6;7.0
41;2021-04-12;1689;653;59305;23510;18.1;7.2
41;2021-04-13;2262;986;61567;24496;18.8;7.5
41;2021-04-14;1793;549;63360;25045;19.3;7.6
41;2021-04-15;2385;977;65745;26022;20.1;7.9
41;2021-04-16;1931;626;67676;26648;20.6;8.1
41;2021-04-17;647;137;68323;26785;20.8;8.2
41;2021-04-18;5;0;68328;26785;20.8;8.2
41;2021-04-19;1262;743;69590;27528;21.2;8.4
41;2021-04-20;2004;1201;71594;28729;21.8;8.8
41;2021-04-21;1503;918;73097;29647;22.3;9.0
41;2021-04-22;2236;1600;75333;31247;23.0;9.5
41;2021-04-23;1736;1080;77069;32327;23.5;9.9
41;2021-04-24;1544;283;78613;32610;24.0;9.9
41;2021-04-25;1007;19;79620;32629;24.3;10.0
41;2021-04-26;1356;625;80976;33254;24.7;10.1
41;2021-04-27;2094;1039;83070;34293;25.3;10.5
41;2021-04-28;1562;860;84632;35153;25.8;10.7
41;2021-04-29;2211;1378;86843;36531;26.5;11.1
41;2021-04-30;1963;869;88806;37400;27.1;11.4
41;2021-05-01;189;12;88995;37412;27.1;11.4
41;2021-05-02;107;17;89102;37429;27.2;11.4
41;2021-05-03;1866;894;90968;38323;27.7;11.7
41;2021-05-04;2094;1544;93062;39867;28.4;12.2
41;2021-05-05;1881;1190;94943;41057;29.0;12.5
41;2021-05-06;2448;1696;97391;42753;29.7;13.0
41;2021-05-07;2018;1801;99409;44554;30.3;13.6
41;2021-05-08;203;154;99612;44708;30.4;13.6
41;2021-05-09;11;354;99623;45062;30.4;13.7
41;2021-05-10;1590;1556;101213;46618;30.9;14.2
41;2021-05-11;2087;2101;103300;48719;31.5;14.9
41;2021-05-12;1952;1677;105252;50396;32.1;15.4
41;2021-05-13;1486;948;106738;51344;32.6;15.7
41;2021-05-14;1576;1303;108314;52647;33.0;16.1
41;2021-05-15;206;294;108520;52941;33.1;16.1
41;2021-05-16;4;0;108524;52941;33.1;16.1
41;2021-05-17;2483;564;111007;53505;33.9;16.3
41;2021-05-18;3137;1030;114144;54535;34.8;16.6
41;2021-05-19;2553;675;116697;55210;35.6;16.8
41;2021-05-20;3349;1152;120046;56362;36.6;17.2
41;2021-05-21;2727;968;122773;57330;37.4;17.5
41;2021-05-22;397;237;123170;57567;37.6;17.6
41;2021-05-23;6;2;123176;57569;37.6;17.6
41;2021-05-24;2605;149;125781;57718;38.4;17.6
41;2021-05-25;2992;577;128773;58295;39.3;17.8
41;2021-05-26;3038;651;131811;58946;40.2;18.0
41;2021-05-27;3296;1112;135107;60058;41.2;18.3
41;2021-05-28;3143;979;138250;61037;42.2;18.6
41;2021-05-29;2074;429;140324;61466;42.8;18.7
41;2021-05-30;344;22;140668;61488;42.9;18.8
41;2021-05-31;1711;1505;142379;62993;43.4;19.2
41;2021-06-01;2262;2013;144641;65006;44.1;19.8
41;2021-06-02;1832;1289;146473;66295;44.7;20.2
41;2021-06-03;2597;1943;149070;68238;45.5;20.8
41;2021-06-04;2303;1964;151373;70202;46.2;21.4
41;2021-06-05;611;1583;151984;71785;46.4;21.9
41;2021-06-06;109;927;152093;72712;46.4;22.2
41;2021-06-07;1516;1531;153609;74243;46.9;22.6
41;2021-06-08;1713;2414;155322;76657;47.4;23.4
41;2021-06-09;1615;1641;156937;78298;47.9;23.9
41;2021-06-10;1917;1817;158854;80115;48.5;24.4
41;2021-06-11;1572;1794;160426;81909;48.9;25.0
41;2021-06-12;663;650;161089;82559;49.1;25.2
41;2021-06-13;13;77;161102;82636;49.1;25.2
41;2021-06-14;1269;1963;162371;84599;49.5;25.8
41;2021-06-15;1835;2762;164206;87361;50.1;26.6
41;2021-06-16;1725;2310;165931;89671;50.6;27.4
41;2021-06-17;1811;2576;167742;92247;51.2;28.1
41;2021-06-18;1665;2401;169407;94648;51.7;28.9
41;2021-06-19;412;530;169819;95178;51.8;29.0
41;2021-06-20;11;32;169830;95210;51.8;29.0
41;2021-06-21;1325;1780;171155;96990;52.2;29.6
41;2021-06-22;1619;2564;172774;99554;52.7;30.4
41;2021-06-23;1375;2045;174149;101599;53.1;31.0
41;2021-06-24;1483;2309;175632;103908;53.6;31.7
41;2021-06-25;1293;2617;176925;106525;54.0;32.5
41;2021-06-26;435;614;177360;107139;54.1;32.7
41;2021-06-27;1;4;177361;107143;54.1;32.7
41;2021-06-28;404;2697;177765;109840;54.2;33.5
41;2021-06-29;666;3441;178431;113281;54.4;34.6
41;2021-06-30;552;3069;178983;116350;54.6;35.5
41;2021-07-01;767;3106;179750;119456;54.8;36.4
41;2021-07-02;590;3499;180340;122955;55.0;37.5
41;2021-07-03;158;647;180498;123602;55.1;37.7
41;2021-07-04;2;2;180500;123604;55.1;37.7
41;2021-07-05;287;2819;180787;126423;55.1;38.6
41;2021-07-06;666;3635;181453;130058;55.3;39.7
41;2021-07-07;479;3140;181932;133198;55.5;40.6
41;2021-07-08;941;3368;182873;136566;55.8;41.7
41;2021-07-09;540;3641;183413;140207;55.9;42.8
41;2021-07-10;247;2088;183660;142295;56.0;43.4
41;2021-07-11;5;281;183665;142576;56.0;43.5
41;2021-07-12;862;2292;184527;144868;56.3;44.2
41;2021-07-13;1198;3288;185725;148156;56.7;45.2
41;2021-07-14;140;1080;185865;149236;56.7;45.5
41;2021-07-15;1335;3321;187200;152557;57.1;46.5
41;2021-07-16;1091;3391;188291;155948;57.4;47.6
41;2021-07-17;342;807;188633;156755;57.5;47.8
41;2021-07-18;24;32;188657;156787;57.5;47.8
41;2021-07-19;1190;2320;189847;159107;57.9;48.5
41;2021-07-20;1641;2744;191488;161851;58.4;49.4
41;2021-07-21;1708;2085;193196;163936;58.9;50.0
41;2021-07-22;2261;2299;195457;166235;59.6;50.7
41;2021-07-23;2103;2468;197560;168703;60.3;51.5
41;2021-07-24;329;841;197889;169544;60.4;51.7
41;2021-07-25;19;23;197908;169567;60.4;51.7
41;2021-07-26;1902;1680;199810;171247;60.9;52.2
41;2021-07-27;2535;2342;202345;173589;61.7;53.0
41;2021-07-28;2161;1830;204506;175419;62.4;53.5
41;2021-07-29;2345;2025;206851;177444;63.1;54.1
41;2021-07-30;2152;2086;209003;179530;63.8;54.8
41;2021-07-31;378;579;209381;180109;63.9;54.9
41;2021-08-01;19;7;209400;180116;63.9;54.9
41;2021-08-02;1547;1607;210947;181723;64.3;55.4
41;2021-08-03;2514;1857;213461;183580;65.1;56.0
41;2021-08-04;2298;1198;215759;184778;65.8;56.4
41;2021-08-05;3046;1262;218805;186040;66.7;56.7
41;2021-08-06;2211;1301;221016;187341;67.4;57.1
41;2021-08-07;509;347;221525;187688;67.6;57.3
41;2021-08-08;13;20;221538;187708;67.6;57.3
41;2021-08-09;1689;1356;223227;189064;68.1;57.7
41;2021-08-10;2562;1417;225789;190481;68.9;58.1
41;2021-08-11;1592;1439;227381;191920;69.4;58.5
41;2021-08-12;1935;1336;229316;193256;69.9;58.9
41;2021-08-13;1457;1694;230773;194950;70.4;59.5
41;2021-08-14;362;205;231135;195155;70.5;59.5
41;2021-08-15;0;16;231135;195171;70.5;59.5
41;2021-08-16;865;2070;232000;197241;70.8;60.2
41;2021-08-17;1498;1640;233498;198881;71.2;60.7
41;2021-08-18;1132;1968;234630;200849;71.6;61.3
41;2021-08-19;1307;1554;235937;202403;72.0;61.7
41;2021-08-20;915;2308;236852;204711;72.2;62.4
41;2021-08-21;120;227;236972;204938;72.3;62.5
41;2021-08-22;1;32;236973;204970;72.3;62.5
41;2021-08-23;691;2295;237664;207265;72.5;63.2
41;2021-08-24;1409;2304;239073;209569;72.9;63.9
41;2021-08-25;618;2200;239691;211769;73.1;64.6
41;2021-08-26;842;2819;240533;214588;73.4;65.5
41;2021-08-27;617;2759;241150;217347;73.6;66.3
41;2021-08-28;98;622;241248;217969;73.6;66.5
41;2021-08-29;46;23;241294;217992;73.6;66.5
41;2021-08-30;667;2114;241961;220106;73.8;67.1
41;2021-08-31;760;2592;242721;222698;74.0;67.9
41;2021-09-01;496;1828;243217;224526;74.2;68.5
42;2020-12-27;2;0;2;0;0.0;0.0
42;2020-12-28;0;0;2;0;0.0;0.0
42;2020-12-29;0;0;2;0;0.0;0.0
42;2020-12-30;0;0;2;0;0.0;0.0
42;2020-12-31;0;0;2;0;0.0;0.0
42;2021-01-01;0;0;2;0;0.0;0.0
42;2021-01-02;0;0;2;0;0.0;0.0
42;2021-01-03;0;0;2;0;0.0;0.0
42;2021-01-04;1;0;3;0;0.0;0.0
42;2021-01-05;1;0;4;0;0.0;0.0
42;2021-01-06;178;1;182;1;0.0;0.0
42;2021-01-07;256;0;438;1;0.1;0.0
42;2021-01-08;264;1;702;2;0.1;0.0
42;2021-01-09;136;0;838;2;0.1;0.0
42;2021-01-10;0;0;838;2;0.1;0.0
42;2021-01-11;293;2;1131;4;0.1;0.0
42;2021-01-12;412;1;1543;5;0.2;0.0
42;2021-01-13;527;2;2070;7;0.3;0.0
42;2021-01-14;773;3;2843;10;0.4;0.0
42;2021-01-15;705;4;3548;14;0.5;0.0
42;2021-01-16;298;2;3846;16;0.5;0.0
42;2021-01-17;219;0;4065;16;0.5;0.0
42;2021-01-18;968;1;5033;17;0.7;0.0
42;2021-01-19;1329;10;6362;27;0.8;0.0
42;2021-01-20;956;4;7318;31;1.0;0.0
42;2021-01-21;1020;6;8338;37;1.1;0.0
42;2021-01-22;992;6;9330;43;1.2;0.0
42;2021-01-23;401;0;9731;43;1.3;0.0
42;2021-01-24;358;0;10089;43;1.3;0.0
42;2021-01-25;1099;13;11188;56;1.5;0.0
42;2021-01-26;1746;19;12934;75;1.7;0.0
42;2021-01-27;1458;123;14392;198;1.9;0.0
42;2021-01-28;1667;143;16059;341;2.1;0.0
42;2021-01-29;946;118;17005;459;2.2;0.1
42;2021-01-30;257;107;17262;566;2.3;0.1
42;2021-01-31;258;2;17520;568;2.3;0.1
42;2021-02-01;736;61;18256;629;2.4;0.1
42;2021-02-02;1807;294;20063;923;2.6;0.1
42;2021-02-03;1517;483;21580;1406;2.8;0.2
42;2021-02-04;1282;606;22862;2012;3.0;0.3
42;2021-02-05;684;520;23546;2532;3.1;0.3
42;2021-02-06;303;145;23849;2677;3.1;0.4
42;2021-02-07;275;149;24124;2826;3.2;0.4
42;2021-02-08;508;601;24632;3427;3.2;0.4
42;2021-02-09;703;786;25335;4213;3.3;0.6
42;2021-02-10;741;672;26076;4885;3.4;0.6
42;2021-02-11;772;665;26848;5550;3.5;0.7
42;2021-02-12;675;737;27523;6287;3.6;0.8
42;2021-02-13;427;295;27950;6582;3.7;0.9
42;2021-02-14;186;214;28136;6796;3.7;0.9
42;2021-02-15;521;804;28657;7600;3.7;1.0
42;2021-02-16;490;1228;29147;8828;3.8;1.2
42;2021-02-17;518;1519;29665;10347;3.9;1.4
42;2021-02-18;756;1364;30421;11711;4.0;1.5
42;2021-02-19;767;1012;31188;12723;4.1;1.7
42;2021-02-20;248;419;31436;13142;4.1;1.7
42;2021-02-21;63;314;31499;13456;4.1;1.8
42;2021-02-22;575;950;32074;14406;4.2;1.9
42;2021-02-23;1209;1423;33283;15829;4.4;2.1
42;2021-02-24;1245;1218;34528;17047;4.5;2.2
42;2021-02-25;1666;1412;36194;18459;4.7;2.4
42;2021-02-26;1647;920;37841;19379;4.9;2.5
42;2021-02-27;580;290;38421;19669;5.0;2.6
42;2021-02-28;166;120;38587;19789;5.0;2.6
42;2021-03-01;807;844;39394;20633;5.2;2.7
42;2021-03-02;1276;816;40670;21449;5.3;2.8
42;2021-03-03;1368;803;42038;22252;5.5;2.9
42;2021-03-04;1705;722;43743;22974;5.7;3.0
42;2021-03-05;2625;671;46368;23645;6.1;3.1
42;2021-03-06;1932;267;48300;23912;6.3;3.1
42;2021-03-07;1491;93;49791;24005;6.5;3.1
42;2021-03-08;1405;514;51196;24519;6.7;3.2
42;2021-03-09;1984;458;53180;24977;7.0;3.3
42;2021-03-10;2053;504;55233;25481;7.2;3.3
42;2021-03-11;3048;619;58281;26100;7.6;3.4
42;2021-03-12;3008;832;61289;26932;8.0;3.5
42;2021-03-13;1479;369;62768;27301;8.2;3.6
42;2021-03-14;472;174;63240;27475;8.3;3.6
42;2021-03-15;1571;602;64811;28077;8.5;3.7
42;2021-03-16;1473;778;66284;28855;8.7;3.8
42;2021-03-17;1725;1081;68009;29936;8.9;3.9
42;2021-03-18;1804;1029;69813;30965;9.1;4.0
42;2021-03-19;2567;678;72380;31643;9.5;4.1
42;2021-03-20;1672;232;74052;31875;9.7;4.2
42;2021-03-21;526;99;74578;31974;9.8;4.2
42;2021-03-22;1427;736;76005;32710;9.9;4.3
42;2021-03-23;2507;867;78512;33577;10.3;4.4
42;2021-03-24;2783;784;81295;34361;10.6;4.5
42;2021-03-25;3720;939;85015;35300;11.1;4.6
42;2021-03-26;3760;789;88775;36089;11.6;4.7
42;2021-03-27;1806;451;90581;36540;11.8;4.8
42;2021-03-28;1040;216;91621;36756;12.0;4.8
42;2021-03-29;2062;926;93683;37682;12.3;4.9
42;2021-03-30;3144;866;96827;38548;12.7;5.0
42;2021-03-31;2443;1071;99270;39619;13.0;5.2
42;2021-04-01;3392;1052;102662;40671;13.4;5.3
42;2021-04-02;2849;1229;105511;41900;13.8;5.5
42;2021-04-03;1418;610;106929;42510;14.0;5.6
42;2021-04-04;1404;395;108333;42905;14.2;5.6
42;2021-04-05;1900;298;110233;43203;14.4;5.6
42;2021-04-06;2292;1417;112525;44620;14.7;5.8
42;2021-04-07;2760;1832;115285;46452;15.1;6.1
42;2021-04-08;4025;1597;119310;48049;15.6;6.3
42;2021-04-09;5135;1559;124445;49608;16.3;6.5
42;2021-04-10;2591;769;127036;50377;16.6;6.6
42;2021-04-11;1956;429;128992;50806;16.9;6.6
42;2021-04-12;3699;1551;132691;52357;17.4;6.8
42;2021-04-13;4658;1809;137349;54166;18.0;7.1
42;2021-04-14;4311;1905;141660;56071;18.5;7.3
42;2021-04-15;4810;1830;146470;57901;19.2;7.6
42;2021-04-16;4618;1892;151088;59793;19.8;7.8
42;2021-04-17;2982;1074;154070;60867;20.1;8.0
42;2021-04-18;1884;414;155954;61281;20.4;8.0
42;2021-04-19;3090;1536;159044;62817;20.8;8.2
42;2021-04-20;3468;1955;162512;64772;21.3;8.5
42;2021-04-21;3478;1747;165990;66519;21.7;8.7
42;2021-04-22;3769;1953;169759;68472;22.2;9.0
42;2021-04-23;3838;2013;173597;70485;22.7;9.2
42;2021-04-24;2363;1518;175960;72003;23.0;9.4
42;2021-04-25;1659;943;177619;72946;23.2;9.5
42;2021-04-26;3279;1735;180898;74681;23.7;9.8
42;2021-04-27;3257;2210;184155;76891;24.1;10.1
42;2021-04-28;3464;2625;187619;79516;24.5;10.4
42;2021-04-29;3770;2807;191389;82323;25.0;10.8
42;2021-04-30;3361;3036;194750;85359;25.5;11.2
42;2021-05-01;2969;1050;197719;86409;25.9;11.3
42;2021-05-02;1935;1260;199654;87669;26.1;11.5
42;2021-05-03;2868;2767;202522;90436;26.5;11.8
42;2021-05-04;3417;3133;205939;93569;26.9;12.2
42;2021-05-05;3328;3401;209267;96970;27.4;12.7
42;2021-05-06;3888;3771;213155;100741;27.9;13.2
42;2021-05-07;3729;4036;216884;104777;28.4;13.7
42;2021-05-08;3165;1071;220049;105848;28.8;13.8
42;2021-05-09;1505;2214;221554;108062;29.0;14.1
42;2021-05-10;3249;3826;224803;111888;29.4;14.6
42;2021-05-11;5575;3916;230378;115804;30.1;15.1
42;2021-05-12;5342;3568;235720;119372;30.8;15.6
42;2021-05-13;5454;1145;241174;120517;31.5;15.8
42;2021-05-14;5241;2927;246415;123444;32.2;16.1
42;2021-05-15;4881;2126;251296;125570;32.9;16.4
42;2021-05-16;2873;1037;254169;126607;33.2;16.6
42;2021-05-17;5888;2839;260057;129446;34.0;16.9
42;2021-05-18;6252;2983;266309;132429;34.8;17.3
42;2021-05-19;6524;2750;272833;135179;35.7;17.7
42;2021-05-20;7105;2898;279938;138077;36.6;18.1
42;2021-05-21;6351;3274;286289;141351;37.4;18.5
42;2021-05-22;5836;2132;292125;143483;38.2;18.8
42;2021-05-23;2835;873;294960;144356;38.6;18.9
42;2021-05-24;5252;1430;300212;145786;39.3;19.1
42;2021-05-25;5153;3943;305365;149729;39.9;19.6
42;2021-05-26;5162;3460;310527;153189;40.6;20.0
42;2021-05-27;5370;3638;315897;156827;41.3;20.5
42;2021-05-28;5042;4207;320939;161034;42.0;21.1
42;2021-05-29;4342;2986;325281;164020;42.5;21.4
42;2021-05-30;1981;1211;327262;165231;42.8;21.6
42;2021-05-31;4242;3427;331504;168658;43.3;22.1
42;2021-06-01;4592;3568;336096;172226;43.9;22.5
42;2021-06-02;4478;3015;340574;175241;44.5;22.9
42;2021-06-03;4930;3841;345504;179082;45.2;23.4
42;2021-06-04;4767;4220;350271;183302;45.8;24.0
42;2021-06-05;3689;2427;353960;185729;46.3;24.3
42;2021-06-06;1446;1295;355406;187024;46.5;24.5
42;2021-06-07;3991;3377;359397;190401;47.0;24.9
42;2021-06-08;3465;3248;362862;193649;47.4;25.3
42;2021-06-09;2963;3205;365825;196854;47.8;25.7
42;2021-06-10;3243;2938;369068;199792;48.3;26.1
42;2021-06-11;3589;4117;372657;203909;48.7;26.7
42;2021-06-12;2863;2881;375520;206790;49.1;27.0
42;2021-06-13;944;1278;376464;208068;49.2;27.2
42;2021-06-14;2314;4063;378778;212131;49.5;27.7
42;2021-06-15;2831;4071;381609;216202;49.9;28.3
42;2021-06-16;2923;3551;384532;219753;50.3;28.7
42;2021-06-17;2639;3741;387171;223494;50.6;29.2
42;2021-06-18;3093;5148;390264;228642;51.0;29.9
42;2021-06-19;2849;4244;393113;232886;51.4;30.5
42;2021-06-20;857;1844;393970;234730;51.5;30.7
42;2021-06-21;1907;6278;395877;241008;51.8;31.5
42;2021-06-22;1877;5894;397754;246902;52.0;32.3
42;2021-06-23;1845;5321;399599;252223;52.3;33.0
42;2021-06-24;1787;4685;401386;256908;52.5;33.6
42;2021-06-25;2039;6951;403425;263859;52.8;34.5
42;2021-06-26;1409;5821;404834;269680;52.9;35.3
42;2021-06-27;756;2857;405590;272537;53.0;35.6
42;2021-06-28;1744;7059;407334;279596;53.3;36.6
42;2021-06-29;1528;6566;408862;286162;53.5;37.4
42;2021-06-30;1968;5763;410830;291925;53.7;38.2
42;2021-07-01;1779;5120;412609;297045;54.0;38.8
42;2021-07-02;2049;6747;414658;303792;54.2;39.7
42;2021-07-03;1760;5978;416418;309770;54.5;40.5
42;2021-07-04;854;2513;417272;312283;54.6;40.8
42;2021-07-05;1716;6285;418988;318568;54.8;41.7
42;2021-07-06;2106;5578;421094;324146;55.1;42.4
42;2021-07-07;2337;4660;423431;328806;55.4;43.0
42;2021-07-08;2273;3958;425704;332764;55.7;43.5
42;2021-07-09;2416;6099;428120;338863;56.0;44.3
42;2021-07-10;1694;5582;429814;344445;56.2;45.0
42;2021-07-11;921;2304;430735;346749;56.3;45.3
42;2021-07-12;1777;6290;432512;353039;56.6;46.2
42;2021-07-13;3612;6287;436124;359326;57.0;47.0
42;2021-07-14;4479;2052;440603;361378;57.6;47.3
42;2021-07-15;4559;5629;445162;367007;58.2;48.0
42;2021-07-16;4442;6194;449604;373201;58.8;48.8
42;2021-07-17;3221;4703;452825;377904;59.2;49.4
42;2021-07-18;1839;1744;454664;379648;59.5;49.6
42;2021-07-19;3806;5080;458470;384728;60.0;50.3
42;2021-07-20;4719;4863;463189;389591;60.6;50.9
42;2021-07-21;5176;4717;468365;394308;61.2;51.6
42;2021-07-22;5499;3936;473864;398244;62.0;52.1
42;2021-07-23;5498;5113;479362;403357;62.7;52.7
42;2021-07-24;4036;3830;483398;407187;63.2;53.2
42;2021-07-25;1656;1387;485054;408574;63.4;53.4
42;2021-07-26;4733;4326;489787;412900;64.0;54.0
42;2021-07-27;5330;3960;495117;416860;64.7;54.5
42;2021-07-28;5783;3672;500900;420532;65.5;55.0
42;2021-07-29;5678;3432;506578;423964;66.2;55.4
42;2021-07-30;5132;3773;511710;427737;66.9;55.9
42;2021-07-31;4757;3054;516467;430791;67.5;56.3
42;2021-08-01;2498;1312;518965;432103;67.9;56.5
42;2021-08-02;4357;3114;523322;435217;68.4;56.9
42;2021-08-03;3818;3277;527140;438494;68.9;57.3
42;2021-08-04;3471;3223;530611;441717;69.4;57.8
42;2021-08-05;3402;3316;534013;445033;69.8;58.2
42;2021-08-06;3617;3997;537630;449030;70.3;58.7
42;2021-08-07;3019;3063;540649;452093;70.7;59.1
42;2021-08-08;1196;1713;541845;453806;70.9;59.3
42;2021-08-09;2799;3851;544644;457657;71.2;59.8
42;2021-08-10;3265;3906;547909;461563;71.6;60.4
42;2021-08-11;2586;3517;550495;465080;72.0;60.8
42;2021-08-12;2504;3562;552999;468642;72.3;61.3
42;2021-08-13;2306;3906;555305;472548;72.6;61.8
42;2021-08-14;1636;3264;556941;475812;72.8;62.2
42;2021-08-15;596;1028;557537;476840;72.9;62.4
42;2021-08-16;2059;4564;559596;481404;73.2;63.0
42;2021-08-17;2235;4171;561831;485575;73.5;63.5
42;2021-08-18;2029;4143;563860;489718;73.7;64.0
42;2021-08-19;1920;3369;565780;493087;74.0;64.5
42;2021-08-20;2263;4599;568043;497686;74.3;65.1
42;2021-08-21;1078;3860;569121;501546;74.4;65.6
42;2021-08-22;494;2019;569615;503565;74.5;65.8
42;2021-08-23;1618;4663;571233;508228;74.7;66.5
42;2021-08-24;1730;4035;572963;512263;74.9;67.0
42;2021-08-25;1738;3882;574701;516145;75.2;67.5
42;2021-08-26;1434;3035;576135;519180;75.3;67.9
42;2021-08-27;1768;4549;577903;523729;75.6;68.5
42;2021-08-28;1299;3700;579202;527429;75.7;69.0
42;2021-08-29;376;1427;579578;528856;75.8;69.2
42;2021-08-30;1275;3411;580853;532267;76.0;69.6
42;2021-08-31;1232;2837;582085;535104;76.1;70.0
42;2021-09-01;1238;2977;583323;538081;76.3;70.4
43;2020-12-27;0;0;0;0;0.0;0.0
43;2020-12-28;0;0;0;0;0.0;0.0
43;2020-12-29;0;0;0;0;0.0;0.0
43;2020-12-30;0;0;0;0;0.0;0.0
43;2020-12-31;0;0;0;0;0.0;0.0
43;2021-01-01;0;0;0;0;0.0;0.0
43;2021-01-02;0;0;0;0;0.0;0.0
43;2021-01-03;0;0;0;0;0.0;0.0
43;2021-01-04;2;0;2;0;0.0;0.0
43;2021-01-05;0;0;2;0;0.0;0.0
43;2021-01-06;0;0;2;0;0.0;0.0
43;2021-01-07;167;0;169;0;0.1;0.0
43;2021-01-08;151;1;320;1;0.1;0.0
43;2021-01-09;0;0;320;1;0.1;0.0
43;2021-01-10;0;0;320;1;0.1;0.0
43;2021-01-11;137;0;457;1;0.2;0.0
43;2021-01-12;244;1;701;2;0.3;0.0
43;2021-01-13;244;2;945;4;0.4;0.0
43;2021-01-14;294;2;1239;6;0.5;0.0
43;2021-01-15;303;2;1542;8;0.7;0.0
43;2021-01-16;32;0;1574;8;0.7;0.0
43;2021-01-17;0;0;1574;8;0.7;0.0
43;2021-01-18;761;5;2335;13;1.0;0.0
43;2021-01-19;776;7;3111;20;1.4;0.0
43;2021-01-20;519;1;3630;21;1.6;0.0
43;2021-01-21;446;2;4076;23;1.8;0.0
43;2021-01-22;465;7;4541;30;2.0;0.0
43;2021-01-23;1;0;4542;30;2.0;0.0
43;2021-01-24;1;0;4543;30;2.0;0.0
43;2021-01-25;539;0;5082;30;2.2;0.0
43;2021-01-26;615;5;5697;35;2.5;0.0
43;2021-01-27;740;0;6437;35;2.8;0.0
43;2021-01-28;747;30;7184;65;3.2;0.0
43;2021-01-29;720;84;7904;149;3.5;0.1
43;2021-01-30;109;0;8013;149;3.5;0.1
43;2021-01-31;0;0;8013;149;3.5;0.1
43;2021-02-01;404;101;8417;250;3.7;0.1
43;2021-02-02;716;148;9133;398;4.0;0.2
43;2021-02-03;690;41;9823;439;4.3;0.2
43;2021-02-04;524;157;10347;596;4.6;0.3
43;2021-02-05;544;170;10891;766;4.8;0.3
43;2021-02-06;165;18;11056;784;4.9;0.3
43;2021-02-07;0;0;11056;784;4.9;0.3
43;2021-02-08;411;300;11467;1084;5.1;0.5
43;2021-02-09;369;431;11836;1515;5.2;0.7
43;2021-02-10;400;361;12236;1876;5.4;0.8
43;2021-02-11;388;395;12624;2271;5.6;1.0
43;2021-02-12;425;199;13049;2470;5.8;1.1
43;2021-02-13;570;41;13619;2511;6.0;1.1
43;2021-02-14;0;0;13619;2511;6.0;1.1
43;2021-02-15;68;465;13687;2976;6.0;1.3
43;2021-02-16;41;365;13728;3341;6.1;1.5
43;2021-02-17;87;476;13815;3817;6.1;1.7
43;2021-02-18;147;371;13962;4188;6.2;1.8
43;2021-02-19;278;505;14240;4693;6.3;2.1
43;2021-02-20;22;4;14262;4697;6.3;2.1
43;2021-02-21;0;0;14262;4697;6.3;2.1
43;2021-02-22;16;488;14278;5185;6.3;2.3
43;2021-02-23;202;791;14480;5976;6.4;2.6
43;2021-02-24;147;722;14627;6698;6.4;3.0
43;2021-02-25;227;687;14854;7385;6.5;3.3
43;2021-02-26;222;662;15076;8047;6.6;3.5
43;2021-02-27;138;76;15214;8123;6.7;3.6
43;2021-02-28;1;0;15215;8123;6.7;3.6
43;2021-03-01;210;475;15425;8598;6.8;3.8
43;2021-03-02;342;575;15767;9173;6.9;4.0
43;2021-03-03;338;588;16105;9761;7.1;4.3
43;2021-03-04;551;463;16656;10224;7.3;4.5
43;2021-03-05;566;453;17222;10677;7.6;4.7
43;2021-03-06;489;179;17711;10856;7.8;4.8
43;2021-03-07;12;0;17723;10856;7.8;4.8
43;2021-03-08;446;446;18169;11302;8.0;5.0
43;2021-03-09;621;358;18790;11660;8.3;5.1
43;2021-03-10;674;503;19464;12163;8.6;5.4
43;2021-03-11;953;442;20417;12605;9.0;5.6
43;2021-03-12;945;426;21362;13031;9.4;5.7
43;2021-03-13;792;118;22154;13149;9.8;5.8
43;2021-03-14;2;0;22156;13149;9.8;5.8
43;2021-03-15;706;141;22862;13290;10.1;5.9
43;2021-03-16;848;287;23710;13577;10.4;6.0
43;2021-03-17;638;136;24348;13713;10.7;6.0
43;2021-03-18;676;139;25024;13852;11.0;6.1
43;2021-03-19;839;108;25863;13960;11.4;6.2
43;2021-03-20;450;60;26313;14020;11.6;6.2
43;2021-03-21;0;0;26313;14020;11.6;6.2
43;2021-03-22;744;41;27057;14061;11.9;6.2
43;2021-03-23;872;48;27929;14109;12.3;6.2
43;2021-03-24;1174;95;29103;14204;12.8;6.3
43;2021-03-25;1594;154;30697;14358;13.5;6.3
43;2021-03-26;1609;188;32306;14546;14.2;6.4
43;2021-03-27;1449;78;33755;14624;14.9;6.4
43;2021-03-28;420;20;34175;14644;15.1;6.5
43;2021-03-29;1095;171;35270;14815;15.5;6.5
43;2021-03-30;1313;242;36583;15057;16.1;6.6
43;2021-03-31;1305;263;37888;15320;16.7;6.8
43;2021-04-01;1346;341;39234;15661;17.3;6.9
43;2021-04-02;1052;354;40286;16015;17.8;7.1
43;2021-04-03;340;198;40626;16213;17.9;7.1
43;2021-04-04;0;0;40626;16213;17.9;7.1
43;2021-04-05;3;0;40629;16213;17.9;7.1
43;2021-04-06;688;604;41317;16817;18.2;7.4
43;2021-04-07;868;574;42185;17391;18.6;7.7
43;2021-04-08;1087;463;43272;17854;19.1;7.9
43;2021-04-09;1148;662;44420;18516;19.6;8.2
43;2021-04-10;626;264;45046;18780;19.9;8.3
43;2021-04-11;0;0;45046;18780;19.9;8.3
43;2021-04-12;682;651;45728;19431;20.2;8.6
43;2021-04-13;917;725;46645;20156;20.6;8.9
43;2021-04-14;725;668;47370;20824;20.9;9.2
43;2021-04-15;959;700;48329;21524;21.3;9.5
43;2021-04-16;1009;693;49338;22217;21.7;9.8
43;2021-04-17;423;302;49761;22519;21.9;9.9
43;2021-04-18;3;5;49764;22524;21.9;9.9
43;2021-04-19;629;568;50393;23092;22.2;10.2
43;2021-04-20;840;677;51233;23769;22.6;10.5
43;2021-04-21;320;986;51553;24755;22.7;10.9
43;2021-04-22;680;1015;52233;25770;23.0;11.4
43;2021-04-23;401;1102;52634;26872;23.2;11.8
43;2021-04-24;347;1040;52981;27912;23.3;12.3
43;2021-04-25;23;403;53004;28315;23.4;12.5
43;2021-04-26;386;965;53390;29280;23.5;12.9
43;2021-04-27;825;987;54215;30267;23.9;13.3
43;2021-04-28;794;1108;55009;31375;24.2;13.8
43;2021-04-29;1238;1141;56247;32516;24.8;14.3
43;2021-04-30;1199;1066;57446;33582;25.3;14.8
43;2021-05-01;400;27;57846;33609;25.5;14.8
43;2021-05-02;1;0;57847;33609;25.5;14.8
43;2021-05-03;1218;408;59065;34017;26.0;15.0
43;2021-05-04;1236;953;60301;34970;26.6;15.4
43;2021-05-05;1144;848;61445;35818;27.1;15.8
43;2021-05-06;1404;937;62849;36755;27.7;16.2
43;2021-05-07;1088;1172;63937;37927;28.2;16.7
43;2021-05-08;521;136;64458;38063;28.4;16.8
43;2021-05-09;0;2;64458;38065;28.4;16.8
43;2021-05-10;1085;725;65543;38790;28.9;17.1
43;2021-05-11;1554;1009;67097;39799;29.6;17.5
43;2021-05-12;1481;808;68578;40607;30.2;17.9
43;2021-05-13;936;379;69514;40986;30.6;18.1
43;2021-05-14;2204;1110;71718;42096;31.6;18.6
43;2021-05-15;1271;315;72989;42411;32.2;18.7
43;2021-05-16;272;47;73261;42458;32.3;18.7
43;2021-05-17;1625;631;74886;43089;33.0;19.0
43;2021-05-18;1966;675;76852;43764;33.9;19.3
43;2021-05-19;2065;574;78917;44338;34.8;19.5
43;2021-05-20;2338;806;81255;45144;35.8;19.9
43;2021-05-21;2385;708;83640;45852;36.9;20.2
43;2021-05-22;1209;341;84849;46193;37.4;20.4
43;2021-05-23;1;0;84850;46193;37.4;20.4
43;2021-05-24;382;99;85232;46292;37.6;20.4
43;2021-05-25;1408;653;86640;46945;38.2;20.7
43;2021-05-26;1349;560;87989;47505;38.8;20.9
43;2021-05-27;1390;714;89379;48219;39.4;21.3
43;2021-05-28;1348;734;90727;48953;40.0;21.6
43;2021-05-29;1135;604;91862;49557;40.5;21.8
43;2021-05-30;149;17;92011;49574;40.6;21.8
43;2021-05-31;1208;442;93219;50016;41.1;22.0
43;2021-06-01;1279;985;94498;51001;41.6;22.5
43;2021-06-02;1086;700;95584;51701;42.1;22.8
43;2021-06-03;1193;858;96777;52559;42.7;23.2
43;2021-06-04;1351;858;98128;53417;43.2;23.5
43;2021-06-05;824;454;98952;53871;43.6;23.7
43;2021-06-06;10;5;98962;53876;43.6;23.7
43;2021-06-07;748;518;99710;54394;43.9;24.0
43;2021-06-08;664;705;100374;55099;44.2;24.3
43;2021-06-09;539;761;100913;55860;44.5;24.6
43;2021-06-10;808;1120;101721;56980;44.8;25.1
43;2021-06-11;760;1348;102481;58328;45.2;25.7
43;2021-06-12;914;514;103395;58842;45.6;25.9
43;2021-06-13;3;27;103398;58869;45.6;25.9
43;2021-06-14;446;1088;103844;59957;45.8;26.4
43;2021-06-15;630;1195;104474;61152;46.0;27.0
43;2021-06-16;549;975;105023;62127;46.3;27.4
43;2021-06-17;602;1503;105625;63630;46.6;28.0
43;2021-06-18;899;1464;106524;65094;46.9;28.7
43;2021-06-19;447;782;106971;65876;47.1;29.0
43;2021-06-20;0;12;106971;65888;47.1;29.0
43;2021-06-21;424;1307;107395;67195;47.3;29.6
43;2021-06-22;533;1959;107928;69154;47.6;30.5
43;2021-06-23;343;1743;108271;70897;47.7;31.2
43;2021-06-24;512;1494;108783;72391;47.9;31.9
43;2021-06-25;597;2345;109380;74736;48.2;32.9
43;2021-06-26;505;1245;109885;75981;48.4;33.5
43;2021-06-27;10;20;109895;76001;48.4;33.5
43;2021-06-28;341;1785;110236;77786;48.6;34.3
43;2021-06-29;524;2382;110760;80168;48.8;35.3
43;2021-06-30;460;2275;111220;82443;49.0;36.3
43;2021-07-01;473;1910;111693;84353;49.2;37.2
43;2021-07-02;499;1964;112192;86317;49.4;38.0
43;2021-07-03;258;1108;112450;87425;49.6;38.5
43;2021-07-04;1;0;112451;87425;49.6;38.5
43;2021-07-05;526;1202;112977;88627;49.8;39.1
43;2021-07-06;633;1680;113610;90307;50.1;39.8
43;2021-07-07;525;1423;114135;91730;50.3;40.4
43;2021-07-08;837;1418;114972;93148;50.7;41.1
43;2021-07-09;550;1500;115522;94648;50.9;41.7
43;2021-07-10;401;1337;115923;95985;51.1;42.3
43;2021-07-11;23;99;115946;96084;51.1;42.3
43;2021-07-12;602;1685;116548;97769;51.4;43.1
43;2021-07-13;1186;1848;117734;99617;51.9;43.9
43;2021-07-14;848;159;118582;99776;52.3;44.0
43;2021-07-15;1932;1841;120514;101617;53.1;44.8
43;2021-07-16;1752;1617;122266;103234;53.9;45.5
43;2021-07-17;1545;1198;123811;104432;54.6;46.0
43;2021-07-18;4;19;123815;104451;54.6;46.0
43;2021-07-19;1439;1257;125254;105708;55.2;46.6
43;2021-07-20;1894;1451;127148;107159;56.0;47.2
43;2021-07-21;1850;1111;128998;108270;56.9;47.7
43;2021-07-22;2109;1332;131107;109602;57.8;48.3
43;2021-07-23;1618;1325;132725;110927;58.5;48.9
43;2021-07-24;577;1000;133302;111927;58.7;49.3
43;2021-07-25;0;1;133302;111928;58.7;49.3
43;2021-07-26;1642;1071;134944;112999;59.5;49.8
43;2021-07-27;2282;1222;137226;114221;60.5;50.3
43;2021-07-28;1953;1089;139179;115310;61.3;50.8
43;2021-07-29;1987;1016;141166;116326;62.2;51.3
43;2021-07-30;1866;1337;143032;117663;63.0;51.9
43;2021-07-31;704;609;143736;118272;63.3;52.1
43;2021-08-01;13;20;143749;118292;63.4;52.1
43;2021-08-02;1539;969;145288;119261;64.0;52.6
43;2021-08-03;1401;1165;146689;120426;64.6;53.1
43;2021-08-04;1261;1107;147950;121533;65.2;53.6
43;2021-08-05;1252;1283;149202;122816;65.8;54.1
43;2021-08-06;1128;1471;150330;124287;66.3;54.8
43;2021-08-07;495;751;150825;125038;66.5;55.1
43;2021-08-08;5;0;150830;125038;66.5;55.1
43;2021-08-09;819;1635;151649;126673;66.8;55.8
43;2021-08-10;1022;1584;152671;128257;67.3;56.5
43;2021-08-11;681;1343;153352;129600;67.6;57.1
43;2021-08-12;871;1601;154223;131201;68.0;57.8
43;2021-08-13;629;1179;154852;132380;68.2;58.3
43;2021-08-14;332;547;155184;132927;68.4;58.6
43;2021-08-15;3;9;155187;132936;68.4;58.6
43;2021-08-16;681;1674;155868;134610;68.7;59.3
43;2021-08-17;711;1507;156579;136117;69.0;60.0
43;2021-08-18;556;1513;157135;137630;69.3;60.7
43;2021-08-19;642;1611;157777;139241;69.5;61.4
43;2021-08-20;516;1594;158293;140835;69.8;62.1
43;2021-08-21;237;556;158530;141391;69.9;62.3
43;2021-08-22;6;7;158536;141398;69.9;62.3
43;2021-08-23;499;1586;159035;142984;70.1;63.0
43;2021-08-24;514;1392;159549;144376;70.3;63.6
43;2021-08-25;510;1295;160059;145671;70.5;64.2
43;2021-08-26;473;1138;160532;146809;70.7;64.7
43;2021-08-27;528;1356;161060;148165;71.0;65.3
43;2021-08-28;176;497;161236;148662;71.1;65.5
43;2021-08-29;0;1;161236;148663;71.1;65.5
43;2021-08-30;484;1060;161720;149723;71.3;66.0
43;2021-08-31;375;884;162095;150607;71.4;66.4
43;2021-09-01;299;960;162394;151567;71.6;66.8
44;2020-12-27;1;0;1;0;0.0;0.0
44;2020-12-28;1;0;2;0;0.0;0.0
44;2020-12-29;1;0;3;0;0.0;0.0
44;2020-12-30;1;0;4;0;0.0;0.0
44;2020-12-31;1;0;5;0;0.0;0.0
44;2021-01-01;0;0;5;0;0.0;0.0
44;2021-01-02;0;0;5;0;0.0;0.0
44;2021-01-03;3;0;8;0;0.0;0.0
44;2021-01-04;0;0;8;0;0.0;0.0
44;2021-01-05;1;0;9;0;0.0;0.0
44;2021-01-06;20;1;29;1;0.0;0.0
44;2021-01-07;187;0;216;1;0.0;0.0
44;2021-01-08;528;0;744;1;0.1;0.0
44;2021-01-09;473;0;1217;1;0.1;0.0
44;2021-01-10;455;1;1672;2;0.1;0.0
44;2021-01-11;802;1;2474;3;0.2;0.0
44;2021-01-12;906;1;3380;4;0.2;0.0
44;2021-01-13;1087;1;4467;5;0.3;0.0
44;2021-01-14;1115;7;5582;12;0.4;0.0
44;2021-01-15;988;1;6570;13;0.5;0.0
44;2021-01-16;335;2;6905;15;0.5;0.0
44;2021-01-17;328;1;7233;16;0.5;0.0
44;2021-01-18;856;3;8089;19;0.6;0.0
44;2021-01-19;2622;5;10711;24;0.7;0.0
44;2021-01-20;2740;4;13451;28;0.9;0.0
44;2021-01-21;4533;8;17984;36;1.3;0.0
44;2021-01-22;2416;6;20400;42;1.4;0.0
44;2021-01-23;767;1;21167;43;1.5;0.0
44;2021-01-24;119;0;21286;43;1.5;0.0
44;2021-01-25;832;0;22118;43;1.5;0.0
44;2021-01-26;2563;18;24681;61;1.7;0.0
44;2021-01-27;2097;63;26778;124;1.9;0.0
44;2021-01-28;3733;193;30511;317;2.1;0.0
44;2021-01-29;2370;473;32881;790;2.3;0.1
44;2021-01-30;628;209;33509;999;2.3;0.1
44;2021-01-31;14;202;33523;1201;2.3;0.1
44;2021-02-01;593;536;34116;1737;2.4;0.1
44;2021-02-02;878;743;34994;2480;2.4;0.2
44;2021-02-03;890;875;35884;3355;2.5;0.2
44;2021-02-04;937;717;36821;4072;2.6;0.3
44;2021-02-05;895;617;37716;4689;2.6;0.3
44;2021-02-06;468;260;38184;4949;2.7;0.3
44;2021-02-07;72;197;38256;5146;2.7;0.4
44;2021-02-08;521;441;38777;5587;2.7;0.4
44;2021-02-09;992;1238;39769;6825;2.8;0.5
44;2021-02-10;1142;1291;40911;8116;2.8;0.6
44;2021-02-11;2289;3035;43200;11151;3.0;0.8
44;2021-02-12;1663;1745;44863;12896;3.1;0.9
44;2021-02-13;433;497;45296;13393;3.2;0.9
44;2021-02-14;10;177;45306;13570;3.2;0.9
44;2021-02-15;505;1063;45811;14633;3.2;1.0
44;2021-02-16;1440;2511;47251;17144;3.3;1.2
44;2021-02-17;1104;2124;48355;19268;3.4;1.3
44;2021-02-18;1959;3681;50314;22949;3.5;1.6
44;2021-02-19;1579;2503;51893;25452;3.6;1.8
44;2021-02-20;408;618;52301;26070;3.6;1.8
44;2021-02-21;6;177;52307;26247;3.6;1.8
44;2021-02-22;717;814;53024;27061;3.7;1.9
44;2021-02-23;1246;1099;54270;28160;3.8;2.0
44;2021-02-24;1239;1069;55509;29229;3.9;2.0
44;2021-02-25;2444;1049;57953;30278;4.0;2.1
44;2021-02-26;2291;925;60244;31203;4.2;2.2
44;2021-02-27;976;438;61220;31641;4.3;2.2
44;2021-02-28;7;32;61227;31673;4.3;2.2
44;2021-03-01;989;558;62216;32231;4.3;2.2
44;2021-03-02;1806;1040;64022;33271;4.5;2.3
44;2021-03-03;1861;1127;65883;34398;4.6;2.4
44;2021-03-04;2881;1575;68764;35973;4.8;2.5
44;2021-03-05;3481;1327;72245;37300;5.0;2.6
44;2021-03-06;2508;493;74753;37793;5.2;2.6
44;2021-03-07;988;89;75741;37882;5.3;2.6
44;2021-03-08;1785;612;77526;38494;5.4;2.7
44;2021-03-09;3353;1145;80879;39639;5.6;2.8
44;2021-03-10;3079;1115;83958;40754;5.8;2.8
44;2021-03-11;4439;1790;88397;42544;6.2;3.0
44;2021-03-12;5893;1308;94290;43852;6.6;3.1
44;2021-03-13;3632;300;97922;44152;6.8;3.1
44;2021-03-14;431;63;98353;44215;6.8;3.1
44;2021-03-15;2688;373;101041;44588;7.0;3.1
44;2021-03-16;2149;631;103190;45219;7.2;3.1
44;2021-03-17;1966;674;105156;45893;7.3;3.2
44;2021-03-18;2169;643;107325;46536;7.5;3.2
44;2021-03-19;3787;367;111112;46903;7.7;3.3
44;2021-03-20;3212;296;114324;47199;8.0;3.3
44;2021-03-21;914;19;115238;47218;8.0;3.3
44;2021-03-22;2462;444;117700;47662;8.2;3.3
44;2021-03-23;3960;703;121660;48365;8.5;3.4
44;2021-03-24;4303;633;125963;48998;8.8;3.4
44;2021-03-25;5625;931;131588;49929;9.2;3.5
44;2021-03-26;6506;760;138094;50689;9.6;3.5
44;2021-03-27;3216;426;141310;51115;9.8;3.6
44;2021-03-28;1244;39;142554;51154;9.9;3.6
44;2021-03-29;3122;789;145676;51943;10.1;3.6
44;2021-03-30;5137;1115;150813;53058;10.5;3.7
44;2021-03-31;4613;1307;155426;54365;10.8;3.8
44;2021-04-01;6137;1008;161563;55373;11.2;3.9
44;2021-04-02;5796;953;167359;56326;11.6;3.9
44;2021-04-03;2435;651;169794;56977;11.8;4.0
44;2021-04-04;665;21;170459;56998;11.9;4.0
44;2021-04-05;692;287;171151;57285;11.9;4.0
44;2021-04-06;4212;1376;175363;58661;12.2;4.1
44;2021-04-07;5077;1654;180440;60315;12.6;4.2
44;2021-04-08;7179;1665;187619;61980;13.1;4.3
44;2021-04-09;10067;1815;197686;63795;13.8;4.4
44;2021-04-10;4563;1453;202249;65248;14.1;4.5
44;2021-04-11;2149;429;204398;65677;14.2;4.6
44;2021-04-12;5466;1589;209864;67266;14.6;4.7
44;2021-04-13;6729;2259;216593;69525;15.1;4.8
44;2021-04-14;5911;2236;222504;71761;15.5;5.0
44;2021-04-15;6702;2207;229206;73968;15.9;5.1
44;2021-04-16;7784;2047;236990;76015;16.5;5.3
44;2021-04-17;4301;1384;241291;77399;16.8;5.4
44;2021-04-18;2254;819;243545;78218;16.9;5.4
44;2021-04-19;5046;1907;248591;80125;17.3;5.6
44;2021-04-20;6282;2645;254873;82770;17.7;5.8
44;2021-04-21;6007;2786;260880;85556;18.2;6.0
44;2021-04-22;6961;2513;267841;88069;18.6;6.1
44;2021-04-23;7335;3177;275176;91246;19.1;6.3
44;2021-04-24;3971;2047;279147;93293;19.4;6.5
44;2021-04-25;2076;1058;281223;94351;19.6;6.6
44;2021-04-26;5652;2761;286875;97112;20.0;6.8
44;2021-04-27;7420;4103;294295;101215;20.5;7.0
44;2021-04-28;7608;3786;301903;105001;21.0;7.3
44;2021-04-29;8966;4278;310869;109279;21.6;7.6
44;2021-04-30;9568;4697;320437;113976;22.3;7.9
44;2021-05-01;2849;924;323286;114900;22.5;8.0
44;2021-05-02;1901;619;325187;115519;22.6;8.0
44;2021-05-03;5548;4077;330735;119596;23.0;8.3
44;2021-05-04;6330;5133;337065;124729;23.5;8.7
44;2021-05-05;6071;4621;343136;129350;23.9;9.0
44;2021-05-06;7256;4882;350392;134232;24.4;9.3
44;2021-05-07;7453;5717;357845;139949;24.9;9.7
44;2021-05-08;2583;1267;360428;141216;25.1;9.8
44;2021-05-09;1801;1814;362229;143030;25.2;10.0
44;2021-05-10;6574;5772;368803;148802;25.7;10.4
44;2021-05-11;7788;6272;376591;155074;26.2;10.8
44;2021-05-12;8196;5724;384787;160798;26.8;11.2
44;2021-05-13;5304;1191;390091;161989;27.1;11.3
44;2021-05-14;7586;3975;397677;165964;27.7;11.5
44;2021-05-15;5008;2234;402685;168198;28.0;11.7
44;2021-05-16;2795;742;405480;168940;28.2;11.8
44;2021-05-17;6744;5153;412224;174093;28.7;12.1
44;2021-05-18;7966;5235;420190;179328;29.2;12.5
44;2021-05-19;8167;4287;428357;183615;29.8;12.8
44;2021-05-20;8365;4650;436722;188265;30.4;13.1
44;2021-05-21;8837;5218;445559;193483;31.0;13.5
44;2021-05-22;5099;2232;450658;195715;31.4;13.6
44;2021-05-23;1759;824;452417;196539;31.5;13.7
44;2021-05-24;4887;1618;457304;198157;31.8;13.8
44;2021-05-25;7741;5554;465045;203711;32.4;14.2
44;2021-05-26;8183;5047;473228;208758;32.9;14.5
44;2021-05-27;9660;5361;482888;214119;33.6;14.9
44;2021-05-28;9186;6915;492074;221034;34.2;15.4
44;2021-05-29;5886;3333;497960;224367;34.6;15.6
44;2021-05-30;1775;705;499735;225072;34.8;15.7
44;2021-05-31;8063;6189;507798;231261;35.3;16.1
44;2021-06-01;9906;6566;517704;237827;36.0;16.5
44;2021-06-02;9527;5695;527231;243522;36.7;16.9
44;2021-06-03;10864;5894;538095;249416;37.4;17.4
44;2021-06-04;9962;8078;548057;257494;38.1;17.9
44;2021-06-05;5781;4342;553838;261836;38.5;18.2
44;2021-06-06;2363;1130;556201;262966;38.7;18.3
44;2021-06-07;9554;6940;565755;269906;39.4;18.8
44;2021-06-08;10913;7504;576668;277410;40.1;19.3
44;2021-06-09;10557;6332;587225;283742;40.9;19.7
44;2021-06-10;11428;6044;598653;289786;41.7;20.2
44;2021-06-11;11958;8649;610611;298435;42.5;20.8
44;2021-06-12;7767;4093;618378;302528;43.0;21.1
44;2021-06-13;2793;1007;621171;303535;43.2;21.1
44;2021-06-14;8767;8417;629938;311952;43.8;21.7
44;2021-06-15;11709;8262;641647;320214;44.6;22.3
44;2021-06-16;10979;7659;652626;327873;45.4;22.8
44;2021-06-17;11733;8689;664359;336562;46.2;23.4
44;2021-06-18;10902;10113;675261;346675;47.0;24.1
44;2021-06-19;5884;4326;681145;351001;47.4;24.4
44;2021-06-20;2535;1341;683680;352342;47.6;24.5
44;2021-06-21;7353;10017;691033;362359;48.1;25.2
44;2021-06-22;8467;10630;699500;372989;48.7;26.0
44;2021-06-23;8556;9138;708056;382127;49.3;26.6
44;2021-06-24;9125;8569;717181;390696;49.9;27.2
44;2021-06-25;7647;10819;724828;401515;50.4;27.9
44;2021-06-26;2961;6470;727789;407985;50.6;28.4
44;2021-06-27;817;2406;728606;410391;50.7;28.6
44;2021-06-28;5228;10057;733834;420448;51.1;29.3
44;2021-06-29;6182;12088;740016;432536;51.5;30.1
44;2021-06-30;6184;10450;746200;442986;51.9;30.8
44;2021-07-01;6932;10488;753132;453474;52.4;31.6
44;2021-07-02;6693;12556;759825;466030;52.9;32.4
44;2021-07-03;2583;7002;762408;473032;53.1;32.9
44;2021-07-04;995;2236;763403;475268;53.1;33.1
44;2021-07-05;5320;11875;768723;487143;53.5;33.9
44;2021-07-06;6060;12600;774783;499743;53.9;34.8
44;2021-07-07;6495;11099;781278;510842;54.4;35.5
44;2021-07-08;7386;11960;788664;522802;54.9;36.4
44;2021-07-09;6258;14255;794922;537057;55.3;37.4
44;2021-07-10;2439;7008;797361;544065;55.5;37.9
44;2021-07-11;730;2262;798091;546327;55.5;38.0
44;2021-07-12;4394;14057;802485;560384;55.8;39.0
44;2021-07-13;5752;14848;808237;575232;56.2;40.0
44;2021-07-14;3669;5809;811906;581041;56.5;40.4
44;2021-07-15;7223;14289;819129;595330;57.0;41.4
44;2021-07-16;8219;14995;827348;610325;57.6;42.5
44;2021-07-17;3372;7577;830720;617902;57.8;43.0
44;2021-07-18;1434;2548;832154;620450;57.9;43.2
44;2021-07-19;4860;14692;837014;635142;58.2;44.2
44;2021-07-20;6011;15678;843025;650820;58.7;45.3
44;2021-07-21;5841;13987;848866;664807;59.1;46.3
44;2021-07-22;6718;13749;855584;678556;59.5;47.2
44;2021-07-23;6157;15640;861741;694196;60.0;48.3
44;2021-07-24;2847;8718;864588;702914;60.2;48.9
44;2021-07-25;945;3089;865533;706003;60.2;49.1
44;2021-07-26;6075;12688;871608;718691;60.6;50.0
44;2021-07-27;9689;12189;881297;730880;61.3;50.9
44;2021-07-28;9239;10846;890536;741726;62.0;51.6
44;2021-07-29;10267;10840;900803;752566;62.7;52.4
44;2021-07-30;9152;10927;909955;763493;63.3;53.1
44;2021-07-31;4772;5648;914727;769141;63.6;53.5
44;2021-08-01;2565;1407;917292;770548;63.8;53.6
44;2021-08-02;6356;9480;923648;780028;64.3;54.3
44;2021-08-03;8381;8542;932029;788570;64.9;54.9
44;2021-08-04;9057;6980;941086;795550;65.5;55.4
44;2021-08-05;11510;7520;952596;803070;66.3;55.9
44;2021-08-06;9641;8204;962237;811274;67.0;56.5
44;2021-08-07;4557;3701;966794;814975;67.3;56.7
44;2021-08-08;2533;1726;969327;816701;67.4;56.8
44;2021-08-09;8866;7975;978193;824676;68.1;57.4
44;2021-08-10;10234;7614;988427;832290;68.8;57.9
44;2021-08-11;10354;6782;998781;839072;69.5;58.4
44;2021-08-12;10294;7348;1009075;846420;70.2;58.9
44;2021-08-13;8309;6153;1017384;852573;70.8;59.3
44;2021-08-14;3189;3224;1020573;855797;71.0;59.5
44;2021-08-15;708;929;1021281;856726;71.1;59.6
44;2021-08-16;5830;8298;1027111;865024;71.5;60.2
44;2021-08-17;5564;8180;1032675;873204;71.9;60.8
44;2021-08-18;4798;7610;1037473;880814;72.2;61.3
44;2021-08-19;4932;8343;1042405;889157;72.5;61.9
44;2021-08-20;4474;8915;1046879;898072;72.8;62.5
44;2021-08-21;1943;4611;1048822;902683;73.0;62.8
44;2021-08-22;697;2441;1049519;905124;73.0;63.0
44;2021-08-23;3637;9424;1053156;914548;73.3;63.6
44;2021-08-24;3617;8695;1056773;923243;73.5;64.2
44;2021-08-25;3122;8579;1059895;931822;73.8;64.8
44;2021-08-26;2925;10333;1062820;942155;74.0;65.6
44;2021-08-27;3055;10448;1065875;952603;74.2;66.3
44;2021-08-28;1367;5849;1067242;958452;74.3;66.7
44;2021-08-29;561;2708;1067803;961160;74.3;66.9
44;2021-08-30;2640;10956;1070443;972116;74.5;67.6
44;2021-08-31;2786;11214;1073229;983330;74.7;68.4
44;2021-09-01;2654;9912;1075883;993242;74.9;69.1
45;2020-12-27;0;0;0;0;0.0;0.0
45;2020-12-28;1;0;1;0;0.0;0.0
45;2020-12-29;0;0;1;0;0.0;0.0
45;2020-12-30;0;0;1;0;0.0;0.0
45;2020-12-31;1;0;2;0;0.0;0.0
45;2021-01-01;0;0;2;0;0.0;0.0
45;2021-01-02;0;0;2;0;0.0;0.0
45;2021-01-03;0;0;2;0;0.0;0.0
45;2021-01-04;0;0;2;0;0.0;0.0
45;2021-01-05;76;0;78;0;0.0;0.0
45;2021-01-06;68;0;146;0;0.0;0.0
45;2021-01-07;207;0;353;0;0.1;0.0
45;2021-01-08;199;1;552;1;0.1;0.0
45;2021-01-09;42;0;594;1;0.1;0.0
45;2021-01-10;23;0;617;1;0.1;0.0
45;2021-01-11;254;0;871;1;0.1;0.0
45;2021-01-12;680;3;1551;4;0.2;0.0
45;2021-01-13;496;1;2047;5;0.3;0.0
45;2021-01-14;491;39;2538;44;0.4;0.0
45;2021-01-15;391;3;2929;47;0.4;0.0
45;2021-01-16;39;0;2968;47;0.4;0.0
45;2021-01-17;24;0;2992;47;0.4;0.0
45;2021-01-18;814;1;3806;48;0.6;0.0
45;2021-01-19;1196;6;5002;54;0.7;0.0
45;2021-01-20;2118;12;7120;66;1.0;0.0
45;2021-01-21;2523;6;9643;72;1.4;0.0
45;2021-01-22;1409;4;11052;76;1.6;0.0
45;2021-01-23;124;0;11176;76;1.6;0.0
45;2021-01-24;39;0;11215;76;1.6;0.0
45;2021-01-25;557;3;11772;79;1.7;0.0
45;2021-01-26;870;18;12642;97;1.9;0.0
45;2021-01-27;650;45;13292;142;1.9;0.0
45;2021-01-28;882;210;14174;352;2.1;0.1
45;2021-01-29;578;122;14752;474;2.2;0.1
45;2021-01-30;40;41;14792;515;2.2;0.1
45;2021-01-31;37;23;14829;538;2.2;0.1
45;2021-02-01;462;205;15291;743;2.2;0.1
45;2021-02-02;759;464;16050;1207;2.4;0.2
45;2021-02-03;773;473;16823;1680;2.5;0.2
45;2021-02-04;709;267;17532;1947;2.6;0.3
45;2021-02-05;417;151;17949;2098;2.6;0.3
45;2021-02-06;36;28;17985;2126;2.6;0.3
45;2021-02-07;7;31;17992;2157;2.6;0.3
45;2021-02-08;455;193;18447;2350;2.7;0.3
45;2021-02-09;1006;409;19453;2759;2.8;0.4
45;2021-02-10;1280;802;20733;3561;3.0;0.5
45;2021-02-11;1385;1521;22118;5082;3.2;0.7
45;2021-02-12;1052;1131;23170;6213;3.4;0.9
45;2021-02-13;85;158;23255;6371;3.4;0.9
45;2021-02-14;39;11;23294;6382;3.4;0.9
45;2021-02-15;523;583;23817;6965;3.5;1.0
45;2021-02-16;756;912;24573;7877;3.6;1.2
45;2021-02-17;642;1014;25215;8891;3.7;1.3
45;2021-02-18;841;826;26056;9717;3.8;1.4
45;2021-02-19;828;747;26884;10464;3.9;1.5
45;2021-02-20;59;94;26943;10558;3.9;1.5
45;2021-02-21;17;42;26960;10600;3.9;1.6
45;2021-02-22;408;620;27368;11220;4.0;1.6
45;2021-02-23;816;766;28184;11986;4.1;1.8
45;2021-02-24;651;905;28835;12891;4.2;1.9
45;2021-02-25;962;757;29797;13648;4.4;2.0
45;2021-02-26;1044;674;30841;14322;4.5;2.1
45;2021-02-27;290;52;31131;14374;4.6;2.1
45;2021-02-28;28;5;31159;14379;4.6;2.1
45;2021-03-01;534;329;31693;14708;4.6;2.2
45;2021-03-02;671;714;32364;15422;4.7;2.3
45;2021-03-03;982;890;33346;16312;4.9;2.4
45;2021-03-04;1108;987;34454;17299;5.0;2.5
45;2021-03-05;1444;865;35898;18164;5.3;2.7
45;2021-03-06;2021;133;37919;18297;5.6;2.7
45;2021-03-07;143;59;38062;18356;5.6;2.7
45;2021-03-08;752;847;38814;19203;5.7;2.8
45;2021-03-09;1256;712;40070;19915;5.9;2.9
45;2021-03-10;1592;903;41662;20818;6.1;3.0
45;2021-03-11;1721;753;43383;21571;6.4;3.2
45;2021-03-12;2073;611;45456;22182;6.7;3.2
45;2021-03-13;988;47;46444;22229;6.8;3.3
45;2021-03-14;24;43;46468;22272;6.8;3.3
45;2021-03-15;810;595;47278;22867;6.9;3.3
45;2021-03-16;942;836;48220;23703;7.1;3.5
45;2021-03-17;1053;688;49273;24391;7.2;3.6
45;2021-03-18;998;583;50271;24974;7.4;3.7
45;2021-03-19;1619;428;51890;25402;7.6;3.7
45;2021-03-20;498;80;52388;25482;7.7;3.7
45;2021-03-21;20;35;52408;25517;7.7;3.7
45;2021-03-22;914;529;53322;26046;7.8;3.8
45;2021-03-23;1984;724;55306;26770;8.1;3.9
45;2021-03-24;1897;554;57203;27324;8.4;4.0
45;2021-03-25;2983;454;60186;27778;8.8;4.1
45;2021-03-26;3389;486;63575;28264;9.3;4.1
45;2021-03-27;1796;124;65371;28388;9.6;4.2
45;2021-03-28;89;40;65460;28428;9.6;4.2
45;2021-03-29;1530;540;66990;28968;9.8;4.2
45;2021-03-30;2785;784;69775;29752;10.2;4.4
45;2021-03-31;2134;581;71909;30333;10.5;4.4
45;2021-04-01;2973;566;74882;30899;11.0;4.5
45;2021-04-02;2827;514;77709;31413;11.4;4.6
45;2021-04-03;810;73;78519;31486;11.5;4.6
45;2021-04-04;113;33;78632;31519;11.5;4.6
45;2021-04-05;14;2;78646;31521;11.5;4.6
45;2021-04-06;1735;794;80381;32315;11.8;4.7
45;2021-04-07;1774;1114;82155;33429;12.0;4.9
45;2021-04-08;2772;1020;84927;34449;12.4;5.0
45;2021-04-09;3675;647;88602;35096;13.0;5.1
45;2021-04-10;2323;112;90925;35208;13.3;5.2
45;2021-04-11;153;24;91078;35232;13.3;5.2
45;2021-04-12;2607;669;93685;35901;13.7;5.3
45;2021-04-13;3848;1091;97533;36992;14.3;5.4
45;2021-04-14;2930;1224;100463;38216;14.7;5.6
45;2021-04-15;3519;1037;103982;39253;15.2;5.7
45;2021-04-16;3775;686;107757;39939;15.8;5.8
45;2021-04-17;1614;113;109371;40052;16.0;5.9
45;2021-04-18;200;42;109571;40094;16.0;5.9
45;2021-04-19;1937;948;111508;41042;16.3;6.0
45;2021-04-20;3075;1700;114583;42742;16.8;6.3
45;2021-04-21;2722;1305;117305;44047;17.2;6.5
45;2021-04-22;3422;1842;120727;45889;17.7;6.7
45;2021-04-23;3279;1786;124006;47675;18.2;7.0
45;2021-04-24;2023;868;126029;48543;18.5;7.1
45;2021-04-25;291;86;126320;48629;18.5;7.1
45;2021-04-26;2230;1164;128550;49793;18.8;7.3
45;2021-04-27;3353;2351;131903;52144;19.3;7.6
45;2021-04-28;2803;1948;134706;54092;19.7;7.9
45;2021-04-29;3854;2339;138560;56431;20.3;8.3
45;2021-04-30;4391;1809;142951;58240;20.9;8.5
45;2021-05-01;451;61;143402;58301;21.0;8.5
45;2021-05-02;627;122;144029;58423;21.1;8.6
45;2021-05-03;2821;991;146850;59414;21.5;8.7
45;2021-05-04;3160;2349;150010;61763;22.0;9.0
45;2021-05-05;2716;2164;152726;63927;22.4;9.4
45;2021-05-06;3330;2541;156056;66468;22.9;9.7
45;2021-05-07;2873;3193;158929;69661;23.3;10.2
45;2021-05-08;611;250;159540;69911;23.4;10.2
45;2021-05-09;1498;127;161038;70038;23.6;10.3
45;2021-05-10;4142;2977;165180;73015;24.2;10.7
45;2021-05-11;5030;2969;170210;75984;24.9;11.1
45;2021-05-12;6078;2781;176288;78765;25.8;11.5
45;2021-05-13;2450;597;178738;79362;26.2;11.6
45;2021-05-14;4968;1633;183706;80995;26.9;11.9
45;2021-05-15;4066;616;187772;81611;27.5;12.0
45;2021-05-16;289;33;188061;81644;27.5;12.0
45;2021-05-17;3360;1540;191421;83184;28.0;12.2
45;2021-05-18;5118;1681;196539;84865;28.8;12.4
45;2021-05-19;4495;2063;201034;86928;29.4;12.7
45;2021-05-20;5268;2140;206302;89068;30.2;13.0
45;2021-05-21;5144;2228;211446;91296;31.0;13.4
45;2021-05-22;3042;632;214488;91928;31.4;13.5
45;2021-05-23;15;94;214503;92022;31.4;13.5
45;2021-05-24;2827;211;217330;92233;31.8;13.5
45;2021-05-25;4962;3033;222292;95266;32.6;14.0
45;2021-05-26;5113;2337;227405;97603;33.3;14.3
45;2021-05-27;5310;3239;232715;100842;34.1;14.8
45;2021-05-28;5663;3593;238378;104435;34.9;15.3
45;2021-05-29;3671;1290;242049;105725;35.4;15.5
45;2021-05-30;33;182;242082;105907;35.4;15.5
45;2021-05-31;4330;2517;246412;108424;36.1;15.9
45;2021-06-01;6092;3004;252504;111428;37.0;16.3
45;2021-06-02;4945;3109;257449;114537;37.7;16.8
45;2021-06-03;5621;3209;263070;117746;38.5;17.2
45;2021-06-04;5896;3187;268966;120933;39.4;17.7
45;2021-06-05;2033;1337;270999;122270;39.7;17.9
45;2021-06-06;88;198;271087;122468;39.7;17.9
45;2021-06-07;4081;2723;275168;125191;40.3;18.3
45;2021-06-08;4643;4078;279811;129269;41.0;18.9
45;2021-06-09;4359;3343;284170;132612;41.6;19.4
45;2021-06-10;4649;2688;288819;135300;42.3;19.8
45;2021-06-11;4120;3669;292939;138969;42.9;20.4
45;2021-06-12;2440;1508;295379;140477;43.3;20.6
45;2021-06-13;21;424;295400;140901;43.3;20.6
45;2021-06-14;3140;4154;298540;145055;43.7;21.2
45;2021-06-15;3389;4327;301929;149382;44.2;21.9
45;2021-06-16;3904;3454;305833;152836;44.8;22.4
45;2021-06-17;3525;3538;309358;156374;45.3;22.9
45;2021-06-18;3800;5031;313158;161405;45.9;23.6
45;2021-06-19;2395;1761;315553;163166;46.2;23.9
45;2021-06-20;48;142;315601;163308;46.2;23.9
45;2021-06-21;2162;5850;317763;169158;46.5;24.8
45;2021-06-22;2419;6531;320182;175689;46.9;25.7
45;2021-06-23;2283;5601;322465;181290;47.2;26.5
45;2021-06-24;2136;3532;324601;184822;47.5;27.1
45;2021-06-25;2443;6450;327044;191272;47.9;28.0
45;2021-06-26;1947;3094;328991;194366;48.2;28.5
45;2021-06-27;53;138;329044;194504;48.2;28.5
45;2021-06-28;2080;4836;331124;199340;48.5;29.2
45;2021-06-29;2847;6816;333971;206156;48.9;30.2
45;2021-06-30;2887;5852;336858;212008;49.3;31.0
45;2021-07-01;2400;5039;339258;217047;49.7;31.8
45;2021-07-02;2369;6284;341627;223331;50.0;32.7
45;2021-07-03;755;2542;342382;225873;50.1;33.1
45;2021-07-04;6;12;342388;225885;50.1;33.1
45;2021-07-05;2140;4989;344528;230874;50.5;33.8
45;2021-07-06;2805;6780;347333;237654;50.9;34.8
45;2021-07-07;2449;6059;349782;243713;51.2;35.7
45;2021-07-08;2828;5382;352610;249095;51.6;36.5
45;2021-07-09;2147;6987;354757;256082;51.9;37.5
45;2021-07-10;1547;3863;356304;259945;52.2;38.1
45;2021-07-11;24;31;356328;259976;52.2;38.1
45;2021-07-12;1591;5996;357919;265972;52.4;38.9
45;2021-07-13;3011;8236;360930;274208;52.9;40.2
45;2021-07-14;1474;1520;362404;275728;53.1;40.4
45;2021-07-15;3733;7289;366137;283017;53.6;41.4
45;2021-07-16;3258;7442;369395;290459;54.1;42.5
45;2021-07-17;1285;2333;370680;292792;54.3;42.9
45;2021-07-18;15;19;370695;292811;54.3;42.9
45;2021-07-19;1868;5938;372563;298749;54.6;43.7
45;2021-07-20;4758;6905;377321;305654;55.3;44.8
45;2021-07-21;5177;5477;382498;311131;56.0;45.6
45;2021-07-22;6179;4904;388677;316035;56.9;46.3
45;2021-07-23;4259;5481;392936;321516;57.5;47.1
45;2021-07-24;1862;2822;394798;324338;57.8;47.5
45;2021-07-25;5;14;394803;324352;57.8;47.5
45;2021-07-26;2917;4982;397720;329334;58.2;48.2
45;2021-07-27;5462;5078;403182;334412;59.0;49.0
45;2021-07-28;4989;4170;408171;338582;59.8;49.6
45;2021-07-29;5280;3254;413451;341836;60.5;50.1
45;2021-07-30;4757;4708;418208;346544;61.2;50.7
45;2021-07-31;848;1949;419056;348493;61.4;51.0
45;2021-08-01;2;4;419058;348497;61.4;51.0
45;2021-08-02;3613;3246;422671;351743;61.9;51.5
45;2021-08-03;4874;3008;427545;354751;62.6;51.9
45;2021-08-04;3739;2231;431284;356982;63.2;52.3
45;2021-08-05;3308;2638;434592;359620;63.6;52.7
45;2021-08-06;3746;3266;438338;362886;64.2;53.1
45;2021-08-07;1680;1048;440018;363934;64.4;53.3
45;2021-08-08;6;18;440024;363952;64.4;53.3
45;2021-08-09;2593;3015;442617;366967;64.8;53.7
45;2021-08-10;3501;3803;446118;370770;65.3;54.3
45;2021-08-11;2695;3720;448813;374490;65.7;54.8
45;2021-08-12;2089;3444;450902;377934;66.0;55.3
45;2021-08-13;1733;4225;452635;382159;66.3;56.0
45;2021-08-14;678;955;453313;383114;66.4;56.1
45;2021-08-15;58;30;453371;383144;66.4;56.1
45;2021-08-16;1148;2314;454519;385458;66.6;56.4
45;2021-08-17;1852;3447;456371;388905;66.8;56.9
45;2021-08-18;1774;4048;458145;392953;67.1;57.5
45;2021-08-19;1433;4273;459578;397226;67.3;58.2
45;2021-08-20;1406;3682;460984;400908;67.5;58.7
45;2021-08-21;900;1150;461884;402058;67.6;58.9
45;2021-08-22;4;8;461888;402066;67.6;58.9
45;2021-08-23;1324;4238;463212;406304;67.8;59.5
45;2021-08-24;1731;4514;464943;410818;68.1;60.2
45;2021-08-25;1577;3718;466520;414536;68.3;60.7
45;2021-08-26;1003;3446;467523;417982;68.5;61.2
45;2021-08-27;1384;4974;468907;422956;68.7;61.9
45;2021-08-28;868;2025;469775;424981;68.8;62.2
45;2021-08-29;100;38;469875;425019;68.8;62.2
45;2021-08-30;1211;4080;471086;429099;69.0;62.8
45;2021-08-31;1066;4480;472152;433579;69.1;63.5
45;2021-09-01;1071;3535;473223;437114;69.3;64.0
46;2020-12-27;4;0;4;0;0.0;0.0
46;2020-12-28;0;0;4;0;0.0;0.0
46;2020-12-29;0;0;4;0;0.0;0.0
46;2020-12-30;0;0;4;0;0.0;0.0
46;2020-12-31;0;0;4;0;0.0;0.0
46;2021-01-01;0;0;4;0;0.0;0.0
46;2021-01-02;0;0;4;0;0.0;0.0
46;2021-01-03;1;0;5;0;0.0;0.0
46;2021-01-04;0;0;5;0;0.0;0.0
46;2021-01-05;0;0;5;0;0.0;0.0
46;2021-01-06;3;0;8;0;0.0;0.0
46;2021-01-07;136;0;144;0;0.1;0.0
46;2021-01-08;181;0;325;0;0.2;0.0
46;2021-01-09;1;0;326;0;0.2;0.0
46;2021-01-10;2;0;328;0;0.2;0.0
46;2021-01-11;118;0;446;0;0.3;0.0
46;2021-01-12;140;0;586;0;0.3;0.0
46;2021-01-13;234;0;820;0;0.5;0.0
46;2021-01-14;241;2;1061;2;0.6;0.0
46;2021-01-15;306;2;1367;4;0.8;0.0
46;2021-01-16;18;0;1385;4;0.8;0.0
46;2021-01-17;0;0;1385;4;0.8;0.0
46;2021-01-18;274;2;1659;6;1.0;0.0
46;2021-01-19;390;0;2049;6;1.2;0.0
46;2021-01-20;937;2;2986;8;1.7;0.0
46;2021-01-21;996;0;3982;8;2.3;0.0
46;2021-01-22;390;2;4372;10;2.5;0.0
46;2021-01-23;0;0;4372;10;2.5;0.0
46;2021-01-24;0;0;4372;10;2.5;0.0
46;2021-01-25;203;1;4575;11;2.6;0.0
46;2021-01-26;262;1;4837;12;2.8;0.0
46;2021-01-27;277;0;5114;12;3.0;0.0
46;2021-01-28;278;43;5392;55;3.1;0.0
46;2021-01-29;233;92;5625;147;3.2;0.1
46;2021-01-30;1;0;5626;147;3.2;0.1
46;2021-01-31;1;0;5627;147;3.2;0.1
46;2021-02-01;234;171;5861;318;3.4;0.2
46;2021-02-02;210;236;6071;554;3.5;0.3
46;2021-02-03;227;96;6298;650;3.6;0.4
46;2021-02-04;372;85;6670;735;3.9;0.4
46;2021-02-05;226;176;6896;911;4.0;0.5
46;2021-02-06;9;0;6905;911;4.0;0.5
46;2021-02-07;43;0;6948;911;4.0;0.5
46;2021-02-08;197;155;7145;1066;4.1;0.6
46;2021-02-09;271;224;7416;1290;4.3;0.7
46;2021-02-10;280;540;7696;1830;4.4;1.1
46;2021-02-11;655;557;8351;2387;4.8;1.4
46;2021-02-12;322;340;8673;2727;5.0;1.6
46;2021-02-13;2;0;8675;2727;5.0;1.6
46;2021-02-14;0;62;8675;2789;5.0;1.6
46;2021-02-15;195;288;8870;3077;5.1;1.8
46;2021-02-16;218;278;9088;3355;5.2;1.9
46;2021-02-17;200;328;9288;3683;5.4;2.1
46;2021-02-18;336;265;9624;3948;5.6;2.3
46;2021-02-19;277;233;9901;4181;5.7;2.4
46;2021-02-20;0;0;9901;4181;5.7;2.4
46;2021-02-21;1;0;9902;4181;5.7;2.4
46;2021-02-22;132;188;10034;4369;5.8;2.5
46;2021-02-23;225;165;10259;4534;5.9;2.6
46;2021-02-24;179;322;10438;4856;6.0;2.8
46;2021-02-25;247;334;10685;5190;6.2;3.0
46;2021-02-26;401;343;11086;5533;6.4;3.2
46;2021-02-27;120;1;11206;5534;6.5;3.2
46;2021-02-28;0;3;11206;5537;6.5;3.2
46;2021-03-01;169;180;11375;5717;6.6;3.3
46;2021-03-02;406;230;11781;5947;6.8;3.4
46;2021-03-03;458;330;12239;6277;7.1;3.6
46;2021-03-04;607;453;12846;6730;7.4;3.9
46;2021-03-05;809;364;13655;7094;7.9;4.1
46;2021-03-06;476;17;14131;7111;8.2;4.1
46;2021-03-07;101;19;14232;7130;8.2;4.1
46;2021-03-08;349;246;14581;7376;8.4;4.3
46;2021-03-09;746;270;15327;7646;8.9;4.4
46;2021-03-10;685;248;16012;7894;9.2;4.6
46;2021-03-11;851;255;16863;8149;9.7;4.7
46;2021-03-12;927;227;17790;8376;10.3;4.8
46;2021-03-13;512;3;18302;8379;10.6;4.8
46;2021-03-14;0;0;18302;8379;10.6;4.8
46;2021-03-15;505;166;18807;8545;10.9;4.9
46;2021-03-16;752;175;19559;8720;11.3;5.0
46;2021-03-17;673;202;20232;8922;11.7;5.2
46;2021-03-18;758;213;20990;9135;12.1;5.3
46;2021-03-19;810;149;21800;9284;12.6;5.4
46;2021-03-20;292;3;22092;9287;12.8;5.4
46;2021-03-21;2;0;22094;9287;12.8;5.4
46;2021-03-22;555;241;22649;9528;13.1;5.5
46;2021-03-23;702;212;23351;9740;13.5;5.6
46;2021-03-24;674;239;24025;9979;13.9;5.8
46;2021-03-25;1134;183;25159;10162;14.5;5.9
46;2021-03-26;1025;341;26184;10503;15.1;6.1
46;2021-03-27;420;72;26604;10575;15.4;6.1
46;2021-03-28;127;1;26731;10576;15.4;6.1
46;2021-03-29;733;251;27464;10827;15.9;6.3
46;2021-03-30;767;365;28231;11192;16.3;6.5
46;2021-03-31;865;421;29096;11613;16.8;6.7
46;2021-04-01;1171;345;30267;11958;17.5;6.9
46;2021-04-02;924;396;31191;12354;18.0;7.1
46;2021-04-03;167;165;31358;12519;18.1;7.2
46;2021-04-04;0;71;31358;12590;18.1;7.3
46;2021-04-05;3;0;31361;12590;18.1;7.3
46;2021-04-06;545;518;31906;13108;18.4;7.6
46;2021-04-07;785;645;32691;13753;18.9;7.9
46;2021-04-08;962;541;33653;14294;19.4;8.3
46;2021-04-09;1018;506;34671;14800;20.0;8.5
46;2021-04-10;506;208;35177;15008;20.3;8.7
46;2021-04-11;232;1;35409;15009;20.4;8.7
46;2021-04-12;845;547;36254;15556;20.9;9.0
46;2021-04-13;1187;720;37441;16276;21.6;9.4
46;2021-04-14;1534;614;38975;16890;22.5;9.8
46;2021-04-15;1502;663;40477;17553;23.4;10.1
46;2021-04-16;1585;567;42062;18120;24.3;10.5
46;2021-04-17;994;135;43056;18255;24.9;10.5
46;2021-04-18;516;9;43572;18264;25.2;10.5
46;2021-04-19;1070;573;44642;18837;25.8;10.9
46;2021-04-20;1229;727;45871;19564;26.5;11.3
46;2021-04-21;1230;712;47101;20276;27.2;11.7
46;2021-04-22;1392;728;48493;21004;28.0;12.1
46;2021-04-23;1132;731;49625;21735;28.7;12.6
46;2021-04-24;472;19;50097;21754;28.9;12.6
46;2021-04-25;351;11;50448;21765;29.1;12.6
46;2021-04-26;852;730;51300;22495;29.6;13.0
46;2021-04-27;1221;665;52521;23160;30.3;13.4
46;2021-04-28;1289;668;53810;23828;31.1;13.8
46;2021-04-29;1416;524;55226;24352;31.9;14.1
46;2021-04-30;1438;563;56664;24915;32.7;14.4
46;2021-05-01;697;72;57361;24987;33.1;14.4
46;2021-05-02;346;4;57707;24991;33.3;14.4
46;2021-05-03;853;569;58560;25560;33.8;14.8
46;2021-05-04;1037;1063;59597;26623;34.4;15.4
46;2021-05-05;1374;789;60971;27412;35.2;15.8
46;2021-05-06;1376;742;62347;28154;36.0;16.3
46;2021-05-07;1398;792;63745;28946;36.8;16.7
46;2021-05-08;280;411;64025;29357;37.0;17.0
46;2021-05-09;23;225;64048;29582;37.0;17.1
46;2021-05-10;517;1139;64565;30721;37.3;17.7
46;2021-05-11;1034;1256;65599;31977;37.9;18.5
46;2021-05-12;993;1564;66592;33541;38.5;19.4
46;2021-05-13;600;144;67192;33685;38.8;19.5
46;2021-05-14;959;1097;68151;34782;39.4;20.1
46;2021-05-15;254;654;68405;35436;39.5;20.5
46;2021-05-16;78;297;68483;35733;39.5;20.6
46;2021-05-17;653;959;69136;36692;39.9;21.2
46;2021-05-18;1404;1024;70540;37716;40.7;21.8
46;2021-05-19;1306;904;71846;38620;41.5;22.3
46;2021-05-20;1453;811;73299;39431;42.3;22.8
46;2021-05-21;997;1158;74296;40589;42.9;23.4
46;2021-05-22;147;369;74443;40958;43.0;23.7
46;2021-05-23;450;25;74893;40983;43.2;23.7
46;2021-05-24;411;113;75304;41096;43.5;23.7
46;2021-05-25;961;1332;76265;42428;44.0;24.5
46;2021-05-26;1238;1150;77503;43578;44.8;25.2
46;2021-05-27;1432;1194;78935;44772;45.6;25.9
46;2021-05-28;1428;1211;80363;45983;46.4;26.6
46;2021-05-29;1052;399;81415;46382;47.0;26.8
46;2021-05-30;409;40;81824;46422;47.3;26.8
46;2021-05-31;970;976;82794;47398;47.8;27.4
46;2021-06-01;1277;999;84071;48397;48.5;27.9
46;2021-06-02;1321;1117;85392;49514;49.3;28.6
46;2021-06-03;1418;1011;86810;50525;50.1;29.2
46;2021-06-04;1332;978;88142;51503;50.9;29.7
46;2021-06-05;381;414;88523;51917;51.1;30.0
46;2021-06-06;209;96;88732;52013;51.2;30.0
46;2021-06-07;814;617;89546;52630;51.7;30.4
46;2021-06-08;1020;896;90566;53526;52.3;30.9
46;2021-06-09;1504;974;92070;54500;53.2;31.5
46;2021-06-10;982;852;93052;55352;53.7;32.0
46;2021-06-11;970;1322;94022;56674;54.3;32.7
46;2021-06-12;459;549;94481;57223;54.6;33.0
46;2021-06-13;27;86;94508;57309;54.6;33.1
46;2021-06-14;593;1137;95101;58446;54.9;33.8
46;2021-06-15;751;1248;95852;59694;55.4;34.5
46;2021-06-16;1001;1112;96853;60806;55.9;35.1
46;2021-06-17;527;896;97380;61702;56.2;35.6
46;2021-06-18;658;1255;98038;62957;56.6;36.4
46;2021-06-19;457;313;98495;63270;56.9;36.5
46;2021-06-20;39;161;98534;63431;56.9;36.6
46;2021-06-21;428;945;98962;64376;57.1;37.2
46;2021-06-22;350;1178;99312;65554;57.4;37.9
46;2021-06-23;520;1075;99832;66629;57.7;38.5
46;2021-06-24;251;821;100083;67450;57.8;39.0
46;2021-06-25;491;1118;100574;68568;58.1;39.6
46;2021-06-26;397;552;100971;69120;58.3;39.9
46;2021-06-27;3;4;100974;69124;58.3;39.9
46;2021-06-28;315;1339;101289;70463;58.5;40.7
46;2021-06-29;376;1682;101665;72145;58.7;41.7
46;2021-06-30;512;1578;102177;73723;59.0;42.6
46;2021-07-01;486;1153;102663;74876;59.3;43.2
46;2021-07-02;469;1085;103132;75961;59.6;43.9
46;2021-07-03;124;455;103256;76416;59.6;44.1
46;2021-07-04;58;127;103314;76543;59.7;44.2
46;2021-07-05;346;1188;103660;77731;59.9;44.9
46;2021-07-06;448;1458;104108;79189;60.1;45.7
46;2021-07-07;583;1728;104691;80917;60.5;46.7
46;2021-07-08;339;1165;105030;82082;60.7;47.4
46;2021-07-09;395;1707;105425;83789;60.9;48.4
46;2021-07-10;285;1040;105710;84829;61.0;49.0
46;2021-07-11;15;375;105725;85204;61.1;49.2
46;2021-07-12;248;1261;105973;86465;61.2;49.9
46;2021-07-13;626;1672;106599;88137;61.6;50.9
46;2021-07-14;73;144;106672;88281;61.6;51.0
46;2021-07-15;917;1467;107589;89748;62.1;51.8
46;2021-07-16;766;1396;108355;91144;62.6;52.6
46;2021-07-17;363;539;108718;91683;62.8;52.9
46;2021-07-18;2;0;108720;91683;62.8;52.9
46;2021-07-19;730;1189;109450;92872;63.2;53.6
46;2021-07-20;983;1436;110433;94308;63.8;54.5
46;2021-07-21;1002;1379;111435;95687;64.4;55.3
46;2021-07-22;1404;1117;112839;96804;65.2;55.9
46;2021-07-23;767;1322;113606;98126;65.6;56.7
46;2021-07-24;957;664;114563;98790;66.2;57.0
46;2021-07-25;136;17;114699;98807;66.2;57.1
46;2021-07-26;881;879;115580;99686;66.7;57.6
46;2021-07-27;1218;978;116798;100664;67.4;58.1
46;2021-07-28;1284;1113;118082;101777;68.2;58.8
46;2021-07-29;1579;849;119661;102626;69.1;59.3
46;2021-07-30;1928;954;121589;103580;70.2;59.8
46;2021-07-31;951;657;122540;104237;70.8;60.2
46;2021-08-01;11;3;122551;104240;70.8;60.2
46;2021-08-02;973;589;123524;104829;71.3;60.5
46;2021-08-03;1361;679;124885;105508;72.1;60.9
46;2021-08-04;1738;606;126623;106114;73.1;61.3
46;2021-08-05;1384;846;128007;106960;73.9;61.8
46;2021-08-06;1420;846;129427;107806;74.7;62.3
46;2021-08-07;707;542;130134;108348;75.1;62.6
46;2021-08-08;133;67;130267;108415;75.2;62.6
46;2021-08-09;1017;694;131284;109109;75.8;63.0
46;2021-08-10;1193;890;132477;109999;76.5;63.5
46;2021-08-11;1255;1067;133732;111066;77.2;64.1
46;2021-08-12;988;798;134720;111864;77.8;64.6
46;2021-08-13;945;1000;135665;112864;78.3;65.2
46;2021-08-14;583;777;136248;113641;78.7;65.6
46;2021-08-15;8;27;136256;113668;78.7;65.6
46;2021-08-16;793;804;137049;114472;79.1;66.1
46;2021-08-17;882;1289;137931;115761;79.7;66.8
46;2021-08-18;771;1050;138702;116811;80.1;67.5
46;2021-08-19;668;1361;139370;118172;80.5;68.2
46;2021-08-20;520;1554;139890;119726;80.8;69.1
46;2021-08-21;374;649;140264;120375;81.0;69.5
46;2021-08-22;2;31;140266;120406;81.0;69.5
46;2021-08-23;419;1205;140685;121611;81.2;70.2
46;2021-08-24;550;1338;141235;122949;81.6;71.0
46;2021-08-25;526;1398;141761;124347;81.9;71.8
46;2021-08-26;377;1096;142138;125443;82.1;72.4
46;2021-08-27;432;1913;142570;127356;82.3;73.5
46;2021-08-28;270;650;142840;128006;82.5;73.9
46;2021-08-29;5;11;142845;128017;82.5;73.9
46;2021-08-30;282;1133;143127;129150;82.7;74.6
46;2021-08-31;332;1278;143459;130428;82.8;75.3
46;2021-09-01;388;1143;143847;131571;83.1;76.0
47;2020-12-27;0;0;0;0;0.0;0.0
47;2020-12-28;0;0;0;0;0.0;0.0
47;2020-12-29;0;0;0;0;0.0;0.0
47;2020-12-30;0;0;0;0;0.0;0.0
47;2020-12-31;0;0;0;0;0.0;0.0
47;2021-01-01;4;0;4;0;0.0;0.0
47;2021-01-02;0;0;4;0;0.0;0.0
47;2021-01-03;0;0;4;0;0.0;0.0
47;2021-01-04;0;0;4;0;0.0;0.0
47;2021-01-05;0;0;4;0;0.0;0.0
47;2021-01-06;0;0;4;0;0.0;0.0
47;2021-01-07;71;0;75;0;0.0;0.0
47;2021-01-08;314;0;389;0;0.1;0.0
47;2021-01-09;113;0;502;0;0.2;0.0
47;2021-01-10;0;0;502;0;0.2;0.0
47;2021-01-11;249;1;751;1;0.2;0.0
47;2021-01-12;327;0;1078;1;0.3;0.0
47;2021-01-13;349;0;1427;1;0.4;0.0
47;2021-01-14;364;4;1791;5;0.5;0.0
47;2021-01-15;287;1;2078;6;0.6;0.0
47;2021-01-16;176;4;2254;10;0.7;0.0
47;2021-01-17;0;0;2254;10;0.7;0.0
47;2021-01-18;485;1;2739;11;0.8;0.0
47;2021-01-19;469;2;3208;13;1.0;0.0
47;2021-01-20;515;0;3723;13;1.1;0.0
47;2021-01-21;585;0;4308;13;1.3;0.0
47;2021-01-22;470;0;4778;13;1.4;0.0
47;2021-01-23;390;0;5168;13;1.6;0.0
47;2021-01-24;0;0;5168;13;1.6;0.0
47;2021-01-25;426;0;5594;13;1.7;0.0
47;2021-01-26;791;4;6385;17;1.9;0.0
47;2021-01-27;732;0;7117;17;2.2;0.0
47;2021-01-28;575;63;7692;80;2.3;0.0
47;2021-01-29;461;170;8153;250;2.5;0.1
47;2021-01-30;301;38;8454;288;2.6;0.1
47;2021-01-31;0;0;8454;288;2.6;0.1
47;2021-02-01;373;116;8827;404;2.7;0.1
47;2021-02-02;759;316;9586;720;2.9;0.2
47;2021-02-03;425;161;10011;881;3.0;0.3
47;2021-02-04;370;315;10381;1196;3.1;0.4
47;2021-02-05;300;308;10681;1504;3.2;0.5
47;2021-02-06;297;96;10978;1600;3.3;0.5
47;2021-02-07;0;0;10978;1600;3.3;0.5
47;2021-02-08;184;272;11162;1872;3.4;0.6
47;2021-02-09;231;254;11393;2126;3.4;0.6
47;2021-02-10;254;241;11647;2367;3.5;0.7
47;2021-02-11;356;375;12003;2742;3.6;0.8
47;2021-02-12;243;410;12246;3152;3.7;1.0
47;2021-02-13;226;110;12472;3262;3.8;1.0
47;2021-02-14;0;0;12472;3262;3.8;1.0
47;2021-02-15;194;378;12666;3640;3.8;1.1
47;2021-02-16;303;584;12969;4224;3.9;1.3
47;2021-02-17;326;454;13295;4678;4.0;1.4
47;2021-02-18;200;593;13495;5271;4.1;1.6
47;2021-02-19;193;364;13688;5635;4.1;1.7
47;2021-02-20;117;267;13805;5902;4.2;1.8
47;2021-02-21;0;0;13805;5902;4.2;1.8
47;2021-02-22;75;403;13880;6305;4.2;1.9
47;2021-02-23;149;648;14029;6953;4.2;2.1
47;2021-02-24;261;560;14290;7513;4.3;2.3
47;2021-02-25;304;408;14594;7921;4.4;2.4
47;2021-02-26;468;320;15062;8241;4.6;2.5
47;2021-02-27;324;207;15386;8448;4.7;2.6
47;2021-02-28;0;0;15386;8448;4.7;2.6
47;2021-03-01;124;396;15510;8844;4.7;2.7
47;2021-03-02;200;361;15710;9205;4.8;2.8
47;2021-03-03;244;345;15954;9550;4.8;2.9
47;2021-03-04;593;332;16547;9882;5.0;3.0
47;2021-03-05;844;287;17391;10169;5.3;3.1
47;2021-03-06;507;193;17898;10362;5.4;3.1
47;2021-03-07;331;6;18229;10368;5.5;3.1
47;2021-03-08;458;227;18687;10595;5.7;3.2
47;2021-03-09;508;492;19195;11087;5.8;3.4
47;2021-03-10;666;300;19861;11387;6.0;3.4
47;2021-03-11;938;379;20799;11766;6.3;3.6
47;2021-03-12;1373;297;22172;12063;6.7;3.7
47;2021-03-13;950;109;23122;12172;7.0;3.7
47;2021-03-14;51;0;23173;12172;7.0;3.7
47;2021-03-15;592;163;23765;12335;7.2;3.7
47;2021-03-16;750;177;24515;12512;7.4;3.8
47;2021-03-17;860;210;25375;12722;7.7;3.9
47;2021-03-18;917;178;26292;12900;8.0;3.9
47;2021-03-19;1272;129;27564;13029;8.3;3.9
47;2021-03-20;1087;59;28651;13088;8.7;4.0
47;2021-03-21;344;1;28995;13089;8.8;4.0
47;2021-03-22;1012;94;30007;13183;9.1;4.0
47;2021-03-23;1146;147;31153;13330;9.4;4.0
47;2021-03-24;1212;131;32365;13461;9.8;4.1
47;2021-03-25;1565;151;33930;13612;10.3;4.1
47;2021-03-26;1882;199;35812;13811;10.8;4.2
47;2021-03-27;980;129;36792;13940;11.1;4.2
47;2021-03-28;700;5;37492;13945;11.3;4.2
47;2021-03-29;1512;80;39004;14025;11.8;4.2
47;2021-03-30;1644;127;40648;14152;12.3;4.3
47;2021-03-31;1605;152;42253;14304;12.8;4.3
47;2021-04-01;1682;269;43935;14573;13.3;4.4
47;2021-04-02;1934;456;45869;15029;13.9;4.5
47;2021-04-03;1202;183;47071;15212;14.2;4.6
47;2021-04-04;475;13;47546;15225;14.4;4.6
47;2021-04-05;1296;58;48842;15283;14.8;4.6
47;2021-04-06;1386;387;50228;15670;15.2;4.7
47;2021-04-07;1695;592;51923;16262;15.7;4.9
47;2021-04-08;1834;478;53757;16740;16.3;5.1
47;2021-04-09;2083;544;55840;17284;16.9;5.2
47;2021-04-10;1564;326;57404;17610;17.4;5.3
47;2021-04-11;530;9;57934;17619;17.5;5.3
47;2021-04-12;1438;613;59372;18232;18.0;5.5
47;2021-04-13;1816;766;61188;18998;18.5;5.8
47;2021-04-14;1749;720;62937;19718;19.1;6.0
47;2021-04-15;2012;847;64949;20565;19.7;6.2
47;2021-04-16;1767;892;66716;21457;20.2;6.5
47;2021-04-17;1472;969;68188;22426;20.6;6.8
47;2021-04-18;23;0;68211;22426;20.6;6.8
47;2021-04-19;1331;933;69542;23359;21.1;7.1
47;2021-04-20;1626;909;71168;24268;21.5;7.3
47;2021-04-21;1626;774;72794;25042;22.0;7.6
47;2021-04-22;1872;1058;74666;26100;22.6;7.9
47;2021-04-23;1726;1071;76392;27171;23.1;8.2
47;2021-04-24;1549;803;77941;27974;23.6;8.5
47;2021-04-25;242;345;78183;28319;23.7;8.6
47;2021-04-26;1488;1363;79671;29682;24.1;9.0
47;2021-04-27;1922;1473;81593;31155;24.7;9.4
47;2021-04-28;2090;1592;83683;32747;25.3;9.9
47;2021-04-29;2534;1514;86217;34261;26.1;10.4
47;2021-04-30;2044;1781;88261;36042;26.7;10.9
47;2021-05-01;2263;985;90524;37027;27.4;11.2
47;2021-05-02;21;357;90545;37384;27.4;11.3
47;2021-05-03;1596;1418;92141;38802;27.9;11.7
47;2021-05-04;1647;1730;93788;40532;28.4;12.3
47;2021-05-05;1927;1641;95715;42173;29.0;12.8
47;2021-05-06;2106;1509;97821;43682;29.6;13.2
47;2021-05-07;2001;1624;99822;45306;30.2;13.7
47;2021-05-08;2098;464;101920;45770;30.9;13.9
47;2021-05-09;24;359;101944;46129;30.9;14.0
47;2021-05-10;1202;1671;103146;47800;31.2;14.5
47;2021-05-11;2174;1990;105320;49790;31.9;15.1
47;2021-05-12;2626;1451;107946;51241;32.7;15.5
47;2021-05-13;2381;658;110327;51899;33.4;15.7
47;2021-05-14;2062;858;112389;52757;34.0;16.0
47;2021-05-15;1935;863;114324;53620;34.6;16.2
47;2021-05-16;367;9;114691;53629;34.7;16.2
47;2021-05-17;1885;1123;116576;54752;35.3;16.6
47;2021-05-18;2358;1140;118934;55892;36.0;16.9
47;2021-05-19;2345;760;121279;56652;36.7;17.1
47;2021-05-20;2588;971;123867;57623;37.5;17.4
47;2021-05-21;1538;1135;125405;58758;38.0;17.8
47;2021-05-22;2369;838;127774;59596;38.7;18.0
47;2021-05-23;25;186;127799;59782;38.7;18.1
47;2021-05-24;1549;236;129348;60018;39.2;18.2
47;2021-05-25;1485;1323;130833;61341;39.6;18.6
47;2021-05-26;1599;1088;132432;62429;40.1;18.9
47;2021-05-27;1943;1270;134375;63699;40.7;19.3
47;2021-05-28;1458;1536;135833;65235;41.1;19.7
47;2021-05-29;1153;1126;136986;66361;41.5;20.1
47;2021-05-30;12;45;136998;66406;41.5;20.1
47;2021-05-31;1868;1422;138866;67828;42.0;20.5
47;2021-06-01;1922;1341;140788;69169;42.6;20.9
47;2021-06-02;2101;1333;142889;70502;43.3;21.3
47;2021-06-03;2486;1612;145375;72114;44.0;21.8
47;2021-06-04;1967;2116;147342;74230;44.6;22.5
47;2021-06-05;1640;1476;148982;75706;45.1;22.9
47;2021-06-06;212;70;149194;75776;45.2;22.9
47;2021-06-07;1663;2243;150857;78019;45.7;23.6
47;2021-06-08;1630;1904;152487;79923;46.2;24.2
47;2021-06-09;1823;2126;154310;82049;46.7;24.8
47;2021-06-10;2376;1621;156686;83670;47.4;25.3
47;2021-06-11;1827;2101;158513;85771;48.0;26.0
47;2021-06-12;1351;2103;159864;87874;48.4;26.6
47;2021-06-13;4;10;159868;87884;48.4;26.6
47;2021-06-14;1281;2446;161149;90330;48.8;27.3
47;2021-06-15;1465;2034;162614;92364;49.2;28.0
47;2021-06-16;1206;2188;163820;94552;49.6;28.6
47;2021-06-17;1656;1525;165476;96077;50.1;29.1
47;2021-06-18;1439;2497;166915;98574;50.5;29.8
47;2021-06-19;1540;2457;168455;101031;51.0;30.6
47;2021-06-20;4;33;168459;101064;51.0;30.6
47;2021-06-21;1136;2514;169595;103578;51.3;31.4
47;2021-06-22;760;2504;170355;106082;51.6;32.1
47;2021-06-23;998;2016;171353;108098;51.9;32.7
47;2021-06-24;1212;1936;172565;110034;52.2;33.3
47;2021-06-25;1006;2608;173571;112642;52.5;34.1
47;2021-06-26;988;2789;174559;115431;52.8;34.9
47;2021-06-27;16;349;174575;115780;52.8;35.0
47;2021-06-28;875;2407;175450;118187;53.1;35.8
47;2021-06-29;798;2316;176248;120503;53.4;36.5
47;2021-06-30;730;2307;176978;122810;53.6;37.2
47;2021-07-01;920;2107;177898;124917;53.9;37.8
47;2021-07-02;885;2276;178783;127193;54.1;38.5
47;2021-07-03;727;3042;179510;130235;54.3;39.4
47;2021-07-04;34;12;179544;130247;54.4;39.4
47;2021-07-05;980;2146;180524;132393;54.6;40.1
47;2021-07-06;1007;1958;181531;134351;55.0;40.7
47;2021-07-07;1301;2065;182832;136416;55.3;41.3
47;2021-07-08;1144;2195;183976;138611;55.7;42.0
47;2021-07-09;1049;2406;185025;141017;56.0;42.7
47;2021-07-10;952;2131;185977;143148;56.3;43.3
47;2021-07-11;1;6;185978;143154;56.3;43.3
47;2021-07-12;557;2581;186535;145735;56.5;44.1
47;2021-07-13;1094;2591;187629;148326;56.8;44.9
47;2021-07-14;1166;1577;188795;149903;57.2;45.4
47;2021-07-15;1717;3137;190512;153040;57.7;46.3
47;2021-07-16;1723;2680;192235;155720;58.2;47.1
47;2021-07-17;1202;2458;193437;158178;58.6;47.9
47;2021-07-18;36;188;193473;158366;58.6;47.9
47;2021-07-19;1115;2562;194588;160928;58.9;48.7
47;2021-07-20;1638;2341;196226;163269;59.4;49.4
47;2021-07-21;2191;2242;198417;165511;60.1;50.1
47;2021-07-22;2157;2300;200574;167811;60.7;50.8
47;2021-07-23;2121;2250;202695;170061;61.4;51.5
47;2021-07-24;1114;1912;203809;171973;61.7;52.1
47;2021-07-25;20;1;203829;171974;61.7;52.1
47;2021-07-26;1233;1944;205062;173918;62.1;52.6
47;2021-07-27;2121;1633;207183;175551;62.7;53.1
47;2021-07-28;1881;1607;209064;177158;63.3;53.6
47;2021-07-29;2324;1598;211388;178756;64.0;54.1
47;2021-07-30;1864;1627;213252;180383;64.6;54.6
47;2021-07-31;1482;1668;214734;182051;65.0;55.1
47;2021-08-01;18;8;214752;182059;65.0;55.1
47;2021-08-02;2030;1217;216782;183276;65.6;55.5
47;2021-08-03;2150;1103;218932;184379;66.3;55.8
47;2021-08-04;2171;1527;221103;185906;66.9;56.3
47;2021-08-05;2402;1444;223505;187350;67.7;56.7
47;2021-08-06;2000;1843;225505;189193;68.3;57.3
47;2021-08-07;1626;1418;227131;190611;68.8;57.7
47;2021-08-08;24;22;227155;190633;68.8;57.7
47;2021-08-09;1873;1209;229028;191842;69.3;58.1
47;2021-08-10;1911;1298;230939;193140;69.9;58.5
47;2021-08-11;1802;1401;232741;194541;70.5;58.9
47;2021-08-12;2043;1339;234784;195880;71.1;59.3
47;2021-08-13;1413;1664;236197;197544;71.5;59.8
47;2021-08-14;1348;1442;237545;198986;71.9;60.2
47;2021-08-15;11;18;237556;199004;71.9;60.2
47;2021-08-16;1434;1452;238990;200456;72.3;60.7
47;2021-08-17;1119;1697;240109;202153;72.7;61.2
47;2021-08-18;1168;1711;241277;203864;73.0;61.7
47;2021-08-19;1032;1812;242309;205676;73.4;62.3
47;2021-08-20;960;1707;243269;207383;73.6;62.8
47;2021-08-21;820;1273;244089;208656;73.9;63.2
47;2021-08-22;19;31;244108;208687;73.9;63.2
47;2021-08-23;608;1826;244716;210513;74.1;63.7
47;2021-08-24;810;1616;245526;212129;74.3;64.2
47;2021-08-25;802;1787;246328;213916;74.6;64.8
47;2021-08-26;729;2080;247057;215996;74.8;65.4
47;2021-08-27;697;1976;247754;217972;75.0;66.0
47;2021-08-28;549;1664;248303;219636;75.2;66.5
47;2021-08-29;2;16;248305;219652;75.2;66.5
47;2021-08-30;458;1925;248763;221577;75.3;67.1
47;2021-08-31;580;1817;249343;223394;75.5;67.6
47;2021-09-01;414;2017;249757;225411;75.6;68.2
48;2020-12-27;0;0;0;0;0.0;0.0
48;2020-12-28;0;0;0;0;0.0;0.0
48;2020-12-29;0;0;0;0;0.0;0.0
48;2020-12-30;0;0;0;0;0.0;0.0
48;2020-12-31;0;0;0;0;0.0;0.0
48;2021-01-01;0;0;0;0;0.0;0.0
48;2021-01-02;0;0;0;0;0.0;0.0
48;2021-01-03;0;0;0;0;0.0;0.0
48;2021-01-04;0;0;0;0;0.0;0.0
48;2021-01-05;0;0;0;0;0.0;0.0
48;2021-01-06;0;0;0;0;0.0;0.0
48;2021-01-07;56;0;56;0;0.1;0.0
48;2021-01-08;87;0;143;0;0.2;0.0
48;2021-01-09;1;0;144;0;0.2;0.0
48;2021-01-10;0;0;144;0;0.2;0.0
48;2021-01-11;13;0;157;0;0.2;0.0
48;2021-01-12;19;1;176;1;0.2;0.0
48;2021-01-13;104;0;280;1;0.4;0.0
48;2021-01-14;90;1;370;2;0.5;0.0
48;2021-01-15;63;0;433;2;0.6;0.0
48;2021-01-16;0;0;433;2;0.6;0.0
48;2021-01-17;0;0;433;2;0.6;0.0
48;2021-01-18;117;0;550;2;0.7;0.0
48;2021-01-19;345;2;895;4;1.2;0.0
48;2021-01-20;364;0;1259;4;1.7;0.0
48;2021-01-21;465;1;1724;5;2.3;0.0
48;2021-01-22;269;0;1993;5;2.6;0.0
48;2021-01-23;36;0;2029;5;2.7;0.0
48;2021-01-24;0;0;2029;5;2.7;0.0
48;2021-01-25;109;2;2138;7;2.8;0.0
48;2021-01-26;261;0;2399;7;3.1;0.0
48;2021-01-27;257;1;2656;8;3.5;0.0
48;2021-01-28;271;10;2927;18;3.8;0.0
48;2021-01-29;175;60;3102;78;4.1;0.1
48;2021-01-30;1;7;3103;85;4.1;0.1
48;2021-01-31;0;6;3103;91;4.1;0.1
48;2021-02-01;98;46;3201;137;4.2;0.2
48;2021-02-02;191;35;3392;172;4.4;0.2
48;2021-02-03;177;82;3569;254;4.7;0.3
48;2021-02-04;234;14;3803;268;5.0;0.4
48;2021-02-05;144;36;3947;304;5.2;0.4
48;2021-02-06;34;1;3981;305;5.2;0.4
48;2021-02-07;0;0;3981;305;5.2;0.4
48;2021-02-08;50;60;4031;365;5.3;0.5
48;2021-02-09;66;167;4097;532;5.4;0.7
48;2021-02-10;65;303;4162;835;5.5;1.1
48;2021-02-11;165;407;4327;1242;5.7;1.6
48;2021-02-12;120;155;4447;1397;5.8;1.8
48;2021-02-13;8;55;4455;1452;5.8;1.9
48;2021-02-14;0;0;4455;1452;5.8;1.9
48;2021-02-15;51;102;4506;1554;5.9;2.0
48;2021-02-16;43;167;4549;1721;6.0;2.3
48;2021-02-17;35;281;4584;2002;6.0;2.6
48;2021-02-18;252;105;4836;2107;6.3;2.8
48;2021-02-19;60;182;4896;2289;6.4;3.0
48;2021-02-20;0;1;4896;2290;6.4;3.0
48;2021-02-21;0;14;4896;2304;6.4;3.0
48;2021-02-22;24;127;4920;2431;6.4;3.2
48;2021-02-23;74;221;4994;2652;6.5;3.5
48;2021-02-24;68;264;5062;2916;6.6;3.8
48;2021-02-25;148;261;5210;3177;6.8;4.2
48;2021-02-26;51;224;5261;3401;6.9;4.5
48;2021-02-27;28;1;5289;3402;6.9;4.5
48;2021-02-28;3;14;5292;3416;6.9;4.5
48;2021-03-01;102;97;5394;3513;7.1;4.6
48;2021-03-02;199;88;5593;3601;7.3;4.7
48;2021-03-03;155;108;5748;3709;7.5;4.9
48;2021-03-04;194;181;5942;3890;7.8;5.1
48;2021-03-05;136;141;6078;4031;8.0;5.3
48;2021-03-06;180;53;6258;4084;8.2;5.4
48;2021-03-07;75;2;6333;4086;8.3;5.4
48;2021-03-08;352;124;6685;4210;8.8;5.5
48;2021-03-09;377;101;7062;4311;9.3;5.7
48;2021-03-10;263;61;7325;4372;9.6;5.7
48;2021-03-11;334;91;7659;4463;10.0;5.9
48;2021-03-12;255;153;7914;4616;10.4;6.1
48;2021-03-13;301;5;8215;4621;10.8;6.1
48;2021-03-14;8;0;8223;4621;10.8;6.1
48;2021-03-15;174;63;8397;4684;11.0;6.1
48;2021-03-16;167;66;8564;4750;11.2;6.2
48;2021-03-17;156;110;8720;4860;11.4;6.4
48;2021-03-18;190;104;8910;4964;11.7;6.5
48;2021-03-19;116;96;9026;5060;11.8;6.6
48;2021-03-20;101;0;9127;5060;12.0;6.6
48;2021-03-21;0;0;9127;5060;12.0;6.6
48;2021-03-22;160;22;9287;5082;12.2;6.7
48;2021-03-23;329;103;9616;5185;12.6;6.8
48;2021-03-24;284;99;9900;5284;13.0;6.9
48;2021-03-25;757;122;10657;5406;14.0;7.1
48;2021-03-26;269;61;10926;5467;14.3;7.2
48;2021-03-27;104;1;11030;5468;14.5;7.2
48;2021-03-28;80;20;11110;5488;14.6;7.2
48;2021-03-29;304;80;11414;5568;15.0;7.3
48;2021-03-30;364;131;11778;5699;15.4;7.5
48;2021-03-31;448;86;12226;5785;16.0;7.6
48;2021-04-01;729;73;12955;5858;17.0;7.7
48;2021-04-02;487;132;13442;5990;17.6;7.9
48;2021-04-03;140;83;13582;6073;17.8;8.0
48;2021-04-04;0;0;13582;6073;17.8;8.0
48;2021-04-05;43;1;13625;6074;17.9;8.0
48;2021-04-06;465;160;14090;6234;18.5;8.2
48;2021-04-07;465;141;14555;6375;19.1;8.4
48;2021-04-08;620;187;15175;6562;19.9;8.6
48;2021-04-09;446;121;15621;6683;20.5;8.8
48;2021-04-10;95;60;15716;6743;20.6;8.8
48;2021-04-11;2;0;15718;6743;20.6;8.8
48;2021-04-12;364;71;16082;6814;21.1;8.9
48;2021-04-13;361;92;16443;6906;21.6;9.1
48;2021-04-14;624;186;17067;7092;22.4;9.3
48;2021-04-15;702;360;17769;7452;23.3;9.8
48;2021-04-16;538;226;18307;7678;24.0;10.1
48;2021-04-17;89;72;18396;7750;24.1;10.2
48;2021-04-18;0;0;18396;7750;24.1;10.2
48;2021-04-19;197;106;18593;7856;24.4;10.3
48;2021-04-20;216;181;18809;8037;24.7;10.5
48;2021-04-21;284;208;19093;8245;25.0;10.8
48;2021-04-22;307;482;19400;8727;25.4;11.4
48;2021-04-23;255;242;19655;8969;25.8;11.8
48;2021-04-24;97;94;19752;9063;25.9;11.9
48;2021-04-25;1;9;19753;9072;25.9;11.9
48;2021-04-26;87;211;19840;9283;26.0;12.2
48;2021-04-27;172;292;20012;9575;26.2;12.6
48;2021-04-28;149;414;20161;9989;26.4;13.1
48;2021-04-29;204;490;20365;10479;26.7;13.7
48;2021-04-30;172;226;20537;10705;26.9;14.0
48;2021-05-01;0;0;20537;10705;26.9;14.0
48;2021-05-02;0;0;20537;10705;26.9;14.0
48;2021-05-03;106;386;20643;11091;27.1;14.5
48;2021-05-04;227;421;20870;11512;27.4;15.1
48;2021-05-05;84;485;20954;11997;27.5;15.7
48;2021-05-06;774;640;21728;12637;28.5;16.6
48;2021-05-07;96;503;21824;13140;28.6;17.2
48;2021-05-08;309;43;22133;13183;29.0;17.3
48;2021-05-09;285;9;22418;13192;29.4;17.3
48;2021-05-10;55;325;22473;13517;29.5;17.7
48;2021-05-11;221;290;22694;13807;29.7;18.1
48;2021-05-12;249;313;22943;14120;30.1;18.5
48;2021-05-13;472;158;23415;14278;30.7;18.7
48;2021-05-14;244;222;23659;14500;31.0;19.0
48;2021-05-15;84;47;23743;14547;31.1;19.1
48;2021-05-16;1;8;23744;14555;31.1;19.1
48;2021-05-17;474;266;24218;14821;31.7;19.4
48;2021-05-18;263;229;24481;15050;32.1;19.7
48;2021-05-19;207;278;24688;15328;32.4;20.1
48;2021-05-20;318;256;25006;15584;32.8;20.4
48;2021-05-21;174;266;25180;15850;33.0;20.8
48;2021-05-22;25;50;25205;15900;33.0;20.8
48;2021-05-23;0;6;25205;15906;33.0;20.9
48;2021-05-24;0;14;25205;15920;33.0;20.9
48;2021-05-25;180;266;25385;16186;33.3;21.2
48;2021-05-26;416;298;25801;16484;33.8;21.6
48;2021-05-27;1178;379;26979;16863;35.4;22.1
48;2021-05-28;316;349;27295;17212;35.8;22.6
48;2021-05-29;79;50;27374;17262;35.9;22.6
48;2021-05-30;0;1;27374;17263;35.9;22.6
48;2021-05-31;625;263;27999;17526;36.7;23.0
48;2021-06-01;272;305;28271;17831;37.1;23.4
48;2021-06-02;407;424;28678;18255;37.6;23.9
48;2021-06-03;629;432;29307;18687;38.4;24.5
48;2021-06-04;291;282;29598;18969;38.8;24.9
48;2021-06-05;121;77;29719;19046;39.0;25.0
48;2021-06-06;1;1;29720;19047;39.0;25.0
48;2021-06-07;440;161;30160;19208;39.5;25.2
48;2021-06-08;614;307;30774;19515;40.3;25.6
48;2021-06-09;379;190;31153;19705;40.8;25.8
48;2021-06-10;1002;241;32155;19946;42.2;26.1
48;2021-06-11;372;161;32527;20107;42.6;26.4
48;2021-06-12;74;57;32601;20164;42.7;26.4
48;2021-06-13;0;2;32601;20166;42.7;26.4
48;2021-06-14;124;115;32725;20281;42.9;26.6
48;2021-06-15;407;385;33132;20666;43.4;27.1
48;2021-06-16;260;144;33392;20810;43.8;27.3
48;2021-06-17;486;575;33878;21385;44.4;28.0
48;2021-06-18;254;315;34132;21700;44.7;28.4
48;2021-06-19;35;291;34167;21991;44.8;28.8
48;2021-06-20;123;224;34290;22215;44.9;29.1
48;2021-06-21;125;132;34415;22347;45.1;29.3
48;2021-06-22;258;334;34673;22681;45.5;29.7
48;2021-06-23;111;546;34784;23227;45.6;30.4
48;2021-06-24;364;610;35148;23837;46.1;31.2
48;2021-06-25;154;276;35302;24113;46.3;31.6
48;2021-06-26;15;45;35317;24158;46.3;31.7
48;2021-06-27;1;1;35318;24159;46.3;31.7
48;2021-06-28;81;177;35399;24336;46.4;31.9
48;2021-06-29;297;413;35696;24749;46.8;32.4
48;2021-06-30;97;465;35793;25214;46.9;33.1
48;2021-07-01;194;669;35987;25883;47.2;33.9
48;2021-07-02;148;369;36135;26252;47.4;34.4
48;2021-07-03;42;89;36177;26341;47.4;34.5
48;2021-07-04;7;0;36184;26341;47.4;34.5
48;2021-07-05;40;116;36224;26457;47.5;34.7
48;2021-07-06;277;597;36501;27054;47.8;35.5
48;2021-07-07;201;486;36702;27540;48.1;36.1
48;2021-07-08;224;1191;36926;28731;48.4;37.7
48;2021-07-09;157;552;37083;29283;48.6;38.4
48;2021-07-10;95;147;37178;29430;48.7;38.6
48;2021-07-11;0;4;37178;29434;48.7;38.6
48;2021-07-12;140;674;37318;30108;48.9;39.5
48;2021-07-13;212;431;37530;30539;49.2;40.0
48;2021-07-14;179;145;37709;30684;49.4;40.2
48;2021-07-15;187;459;37896;31143;49.7;40.8
48;2021-07-16;234;315;38130;31458;50.0;41.2
48;2021-07-17;129;118;38259;31576;50.2;41.4
48;2021-07-18;4;5;38263;31581;50.2;41.4
48;2021-07-19;105;306;38368;31887;50.3;41.8
48;2021-07-20;678;992;39046;32879;51.2;43.1
48;2021-07-21;69;371;39115;33250;51.3;43.6
48;2021-07-22;779;1124;39894;34374;52.3;45.1
48;2021-07-23;366;437;40260;34811;52.8;45.6
48;2021-07-24;509;170;40769;34981;53.4;45.9
48;2021-07-25;138;46;40907;35027;53.6;45.9
48;2021-07-26;101;198;41008;35225;53.8;46.2
48;2021-07-27;1195;643;42203;35868;55.3;47.0
48;2021-07-28;176;317;42379;36185;55.6;47.4
48;2021-07-29;710;644;43089;36829;56.5;48.3
48;2021-07-30;200;292;43289;37121;56.7;48.7
48;2021-07-31;337;180;43626;37301;57.2;48.9
48;2021-08-01;18;55;43644;37356;57.2;49.0
48;2021-08-02;228;162;43872;37518;57.5;49.2
48;2021-08-03;922;570;44794;38088;58.7;49.9
48;2021-08-04;328;221;45122;38309;59.1;50.2
48;2021-08-05;675;471;45797;38780;60.0;50.8
48;2021-08-06;442;276;46239;39056;60.6;51.2
48;2021-08-07;249;125;46488;39181;60.9;51.4
48;2021-08-08;2;5;46490;39186;60.9;51.4
48;2021-08-09;170;140;46660;39326;61.2;51.6
48;2021-08-10;724;553;47384;39879;62.1;52.3
48;2021-08-11;296;238;47680;40117;62.5;52.6
48;2021-08-12;418;412;48098;40529;63.0;53.1
48;2021-08-13;219;212;48317;40741;63.3;53.4
48;2021-08-14;134;165;48451;40906;63.5;53.6
48;2021-08-15;131;81;48582;40987;63.7;53.7
48;2021-08-16;121;191;48703;41178;63.8;54.0
48;2021-08-17;364;1188;49067;42366;64.3;55.5
48;2021-08-18;209;202;49276;42568;64.6;55.8
48;2021-08-19;240;324;49516;42892;64.9;56.2
48;2021-08-20;213;285;49729;43177;65.2;56.6
48;2021-08-21;85;233;49814;43410;65.3;56.9
48;2021-08-22;0;0;49814;43410;65.3;56.9
48;2021-08-23;65;153;49879;43563;65.4;57.1
48;2021-08-24;308;951;50187;44514;65.8;58.4
48;2021-08-25;156;349;50343;44863;66.0;58.8
48;2021-08-26;179;499;50522;45362;66.2;59.5
48;2021-08-27;152;336;50674;45698;66.4;59.9
48;2021-08-28;126;301;50800;45999;66.6;60.3
48;2021-08-29;0;1;50800;46000;66.6;60.3
48;2021-08-30;54;147;50854;46147;66.7;60.5
48;2021-08-31;258;1070;51112;47217;67.0;61.9
48;2021-09-01;122;346;51234;47563;67.2;62.3
49;2020-12-27;0;0;0;0;0.0;0.0
49;2020-12-28;2;0;2;0;0.0;0.0
49;2020-12-29;0;0;2;0;0.0;0.0
49;2020-12-30;0;0;2;0;0.0;0.0
49;2020-12-31;0;0;2;0;0.0;0.0
49;2021-01-01;2;0;4;0;0.0;0.0
49;2021-01-02;1;1;5;1;0.0;0.0
49;2021-01-03;0;0;5;1;0.0;0.0
49;2021-01-04;10;0;15;1;0.0;0.0
49;2021-01-05;92;0;107;1;0.0;0.0
49;2021-01-06;232;0;339;1;0.0;0.0
49;2021-01-07;366;0;705;1;0.1;0.0
49;2021-01-08;329;1;1034;2;0.1;0.0
49;2021-01-09;118;0;1152;2;0.1;0.0
49;2021-01-10;114;0;1266;2;0.2;0.0
49;2021-01-11;287;0;1553;2;0.2;0.0
49;2021-01-12;623;0;2176;2;0.3;0.0
49;2021-01-13;602;2;2778;4;0.3;0.0
49;2021-01-14;590;6;3368;10;0.4;0.0
49;2021-01-15;775;1;4143;11;0.5;0.0
49;2021-01-16;147;0;4290;11;0.5;0.0
49;2021-01-17;111;2;4401;13;0.5;0.0
49;2021-01-18;691;0;5092;13;0.6;0.0
49;2021-01-19;1204;1;6296;14;0.8;0.0
49;2021-01-20;1511;3;7807;17;1.0;0.0
49;2021-01-21;1941;5;9748;22;1.2;0.0
49;2021-01-22;1319;5;11067;27;1.4;0.0
49;2021-01-23;263;1;11330;28;1.4;0.0
49;2021-01-24;1;0;11331;28;1.4;0.0
49;2021-01-25;553;4;11884;32;1.5;0.0
49;2021-01-26;987;74;12871;106;1.6;0.0
49;2021-01-27;1856;37;14727;143;1.8;0.0
49;2021-01-28;2878;89;17605;232;2.2;0.0
49;2021-01-29;1589;90;19194;322;2.4;0.0
49;2021-01-30;300;45;19494;367;2.4;0.0
49;2021-01-31;62;50;19556;417;2.4;0.1
49;2021-02-01;662;163;20218;580;2.5;0.1
49;2021-02-02;743;381;20961;961;2.6;0.1
49;2021-02-03;675;378;21636;1339;2.7;0.2
49;2021-02-04;758;442;22394;1781;2.7;0.2
49;2021-02-05;707;597;23101;2378;2.8;0.3
49;2021-02-06;229;108;23330;2486;2.9;0.3
49;2021-02-07;59;80;23389;2566;2.9;0.3
49;2021-02-08;549;475;23938;3041;2.9;0.4
49;2021-02-09;714;630;24652;3671;3.0;0.4
49;2021-02-10;806;947;25458;4618;3.1;0.6
49;2021-02-11;1029;1400;26487;6018;3.2;0.7
49;2021-02-12;870;969;27357;6987;3.4;0.9
49;2021-02-13;266;116;27623;7103;3.4;0.9
49;2021-02-14;9;103;27632;7206;3.4;0.9
49;2021-02-15;731;657;28363;7863;3.5;1.0
49;2021-02-16;1106;1111;29469;8974;3.6;1.1
49;2021-02-17;1159;1861;30628;10835;3.8;1.3
49;2021-02-18;1811;2428;32439;13263;4.0;1.6
49;2021-02-19;1395;1100;33834;14363;4.1;1.8
49;2021-02-20;233;377;34067;14740;4.2;1.8
49;2021-02-21;0;64;34067;14804;4.2;1.8
49;2021-02-22;646;563;34713;15367;4.3;1.9
49;2021-02-23;734;850;35447;16217;4.3;2.0
49;2021-02-24;822;624;36269;16841;4.4;2.1
49;2021-02-25;1208;799;37477;17640;4.6;2.2
49;2021-02-26;1678;838;39155;18478;4.8;2.3
49;2021-02-27;435;279;39590;18757;4.9;2.3
49;2021-02-28;49;37;39639;18794;4.9;2.3
49;2021-03-01;766;582;40405;19376;5.0;2.4
49;2021-03-02;1082;695;41487;20071;5.1;2.5
49;2021-03-03;1559;672;43046;20743;5.3;2.5
49;2021-03-04;1768;935;44814;21678;5.5;2.7
49;2021-03-05;2213;692;47027;22370;5.8;2.7
49;2021-03-06;717;188;47744;22558;5.9;2.8
49;2021-03-07;627;12;48371;22570;5.9;2.8
49;2021-03-08;1397;714;49768;23284;6.1;2.9
49;2021-03-09;2051;737;51819;24021;6.4;2.9
49;2021-03-10;2528;870;54347;24891;6.7;3.1
49;2021-03-11;3195;1471;57542;26362;7.1;3.2
49;2021-03-12;3766;1006;61308;27368;7.5;3.4
49;2021-03-13;1501;218;62809;27586;7.7;3.4
49;2021-03-14;6;0;62815;27586;7.7;3.4
49;2021-03-15;2084;532;64899;28118;8.0;3.4
49;2021-03-16;1733;961;66632;29079;8.2;3.6
49;2021-03-17;1811;675;68443;29754;8.4;3.6
49;2021-03-18;2204;731;70647;30485;8.7;3.7
49;2021-03-19;3334;563;73981;31048;9.1;3.8
49;2021-03-20;1743;204;75724;31252;9.3;3.8
49;2021-03-21;499;22;76223;31274;9.3;3.8
49;2021-03-22;2247;549;78470;31823;9.6;3.9
49;2021-03-23;3405;680;81875;32503;10.0;4.0
49;2021-03-24;3602;499;85477;33002;10.5;4.0
49;2021-03-25;4226;652;89703;33654;11.0;4.1
49;2021-03-26;4885;506;94588;34160;11.6;4.2
49;2021-03-27;1674;99;96262;34259;11.8;4.2
49;2021-03-28;400;28;96662;34287;11.8;4.2
49;2021-03-29;2371;611;99033;34898;12.1;4.3
49;2021-03-30;3267;940;102300;35838;12.5;4.4
49;2021-03-31;2980;750;105280;36588;12.9;4.5
49;2021-04-01;4122;869;109402;37457;13.4;4.6
49;2021-04-02;4296;950;113698;38407;13.9;4.7
49;2021-04-03;971;193;114669;38600;14.1;4.7
49;2021-04-04;315;3;114984;38603;14.1;4.7
49;2021-04-05;944;22;115928;38625;14.2;4.7
49;2021-04-06;2331;1319;118259;39944;14.5;4.9
49;2021-04-07;3308;1364;121567;41308;14.9;5.1
49;2021-04-08;5183;1427;126750;42735;15.5;5.2
49;2021-04-09;6208;1435;132958;44170;16.3;5.4
49;2021-04-10;2068;500;135026;44670;16.5;5.5
49;2021-04-11;390;8;135416;44678;16.6;5.5
49;2021-04-12;4075;1572;139491;46250;17.1;5.7
49;2021-04-13;5380;1911;144871;48161;17.8;5.9
49;2021-04-14;4542;1878;149413;50039;18.3;6.1
49;2021-04-15;5379;1885;154792;51924;19.0;6.4
49;2021-04-16;5761;2139;160553;54063;19.7;6.6
49;2021-04-17;3336;850;163889;54913;20.1;6.7
49;2021-04-18;381;477;164270;55390;20.1;6.8
49;2021-04-19;3710;2057;167980;57447;20.6;7.0
49;2021-04-20;4375;2111;172355;59558;21.1;7.3
49;2021-04-21;3954;2206;176309;61764;21.6;7.6
49;2021-04-22;4834;2109;181143;63873;22.2;7.8
49;2021-04-23;4812;2332;185955;66205;22.8;8.1
49;2021-04-24;2939;1156;188894;67361;23.2;8.3
49;2021-04-25;40;282;188934;67643;23.2;8.3
49;2021-04-26;3743;2111;192677;69754;23.6;8.5
49;2021-04-27;4473;2508;197150;72262;24.2;8.9
49;2021-04-28;4617;2497;201767;74759;24.7;9.2
49;2021-04-29;5206;3025;206973;77784;25.4;9.5
49;2021-04-30;5556;3204;212529;80988;26.0;9.9
49;2021-05-01;2364;666;214893;81654;26.3;10.0
49;2021-05-02;5;40;214898;81694;26.3;10.0
49;2021-05-03;5012;2410;219910;84104;27.0;10.3
49;2021-05-04;4971;3043;224881;87147;27.6;10.7
49;2021-05-05;4788;3007;229669;90154;28.1;11.0
49;2021-05-06;5330;3094;234999;93248;28.8;11.4
49;2021-05-07;4281;5033;239280;98281;29.3;12.0
49;2021-05-08;3576;437;242856;98718;29.8;12.1
49;2021-05-09;10;41;242866;98759;29.8;12.1
49;2021-05-10;4831;4279;247697;103038;30.4;12.6
49;2021-05-11;5397;5092;253094;108130;31.0;13.3
49;2021-05-12;4799;4593;257893;112723;31.6;13.8
49;2021-05-13;4779;688;262672;113411;32.2;13.9
49;2021-05-14;5172;3272;267844;116683;32.8;14.3
49;2021-05-15;4155;1807;271999;118490;33.3;14.5
49;2021-05-16;2788;119;274787;118609;33.7;14.5
49;2021-05-17;4834;3691;279621;122300;34.3;15.0
49;2021-05-18;5473;3771;285094;126071;34.9;15.5
49;2021-05-19;5918;3232;291012;129303;35.7;15.8
49;2021-05-20;6809;2966;297821;132269;36.5;16.2
49;2021-05-21;6452;3746;304273;136015;37.3;16.7
49;2021-05-22;5186;1195;309459;137210;37.9;16.8
49;2021-05-23;1;12;309460;137222;37.9;16.8
49;2021-05-24;4215;449;313675;137671;38.4;16.9
49;2021-05-25;6331;3309;320006;140980;39.2;17.3
49;2021-05-26;6274;2666;326280;143646;40.0;17.6
49;2021-05-27;7111;2722;333391;146368;40.9;17.9
49;2021-05-28;6876;4025;340267;150393;41.7;18.4
49;2021-05-29;5024;1899;345291;152292;42.3;18.7
49;2021-05-30;20;13;345311;152305;42.3;18.7
49;2021-05-31;6038;3222;351349;155527;43.1;19.1
49;2021-06-01;6591;3989;357940;159516;43.9;19.6
49;2021-06-02;5794;3743;363734;163259;44.6;20.0
49;2021-06-03;6605;3423;370339;166682;45.4;20.4
49;2021-06-04;6471;4865;376810;171547;46.2;21.0
49;2021-06-05;4386;2696;381196;174243;46.7;21.4
49;2021-06-06;37;52;381233;174295;46.7;21.4
49;2021-06-07;4634;4760;385867;179055;47.3;21.9
49;2021-06-08;5187;5103;391054;184158;47.9;22.6
49;2021-06-09;5323;4503;396377;188661;48.6;23.1
49;2021-06-10;6001;3782;402378;192443;49.3;23.6
49;2021-06-11;4868;6038;407246;198481;49.9;24.3
49;2021-06-12;4100;3203;411346;201684;50.4;24.7
49;2021-06-13;19;989;411365;202673;50.4;24.8
49;2021-06-14;3411;6016;414776;208689;50.8;25.6
49;2021-06-15;4243;6399;419019;215088;51.4;26.4
49;2021-06-16;4152;5681;423171;220769;51.9;27.1
49;2021-06-17;5068;5079;428239;225848;52.5;27.7
49;2021-06-18;4134;6889;432373;232737;53.0;28.5
49;2021-06-19;3525;3973;435898;236710;53.4;29.0
49;2021-06-20;33;25;435931;236735;53.4;29.0
49;2021-06-21;2829;6512;438760;243247;53.8;29.8
49;2021-06-22;3207;7008;441967;250255;54.2;30.7
49;2021-06-23;3254;6314;445221;256569;54.6;31.4
49;2021-06-24;4318;4979;449539;261548;55.1;32.1
49;2021-06-25;3325;7452;452864;269000;55.5;33.0
49;2021-06-26;2570;4627;455434;273627;55.8;33.5
49;2021-06-27;15;1544;455449;275171;55.8;33.7
49;2021-06-28;2234;7187;457683;282358;56.1;34.6
49;2021-06-29;3029;7273;460712;289631;56.5;35.5
49;2021-06-30;2827;6804;463539;296435;56.8;36.3
49;2021-07-01;3391;6274;466930;302709;57.2;37.1
49;2021-07-02;3070;8072;470000;310781;57.6;38.1
49;2021-07-03;2008;5485;472008;316266;57.9;38.8
49;2021-07-04;7;53;472015;316319;57.9;38.8
49;2021-07-05;1742;7081;473757;323400;58.1;39.6
49;2021-07-06;1895;7552;475652;330952;58.3;40.6
49;2021-07-07;2101;6626;477753;337578;58.6;41.4
49;2021-07-08;2692;6359;480445;343937;58.9;42.2
49;2021-07-09;2362;8252;482807;352189;59.2;43.2
49;2021-07-10;1803;5344;484610;357533;59.4;43.8
49;2021-07-11;11;35;484621;357568;59.4;43.8
49;2021-07-12;1948;7715;486569;365283;59.6;44.8
49;2021-07-13;2570;8310;489139;373593;60.0;45.8
49;2021-07-14;2892;3374;492031;376967;60.3;46.2
49;2021-07-15;3168;7556;495199;384523;60.7;47.1
49;2021-07-16;3398;8302;498597;392825;61.1;48.1
49;2021-07-17;2101;5483;500698;398308;61.4;48.8
49;2021-07-18;3750;581;504448;398889;61.8;48.9
49;2021-07-19;2668;7450;507116;406339;62.2;49.8
49;2021-07-20;3588;7480;510704;413819;62.6;50.7
49;2021-07-21;4228;6465;514932;420284;63.1;51.5
49;2021-07-22;4809;5865;519741;426149;63.7;52.2
49;2021-07-23;5113;6626;524854;432775;64.3;53.0
49;2021-07-24;3689;4999;528543;437774;64.8;53.7
49;2021-07-25;67;33;528610;437807;64.8;53.7
49;2021-07-26;4516;5899;533126;443706;65.3;54.4
49;2021-07-27;5752;5447;538878;449153;66.0;55.1
49;2021-07-28;6012;4362;544890;453515;66.8;55.6
49;2021-07-29;6701;4153;551591;457668;67.6;56.1
49;2021-07-30;6144;4787;557735;462455;68.4;56.7
49;2021-07-31;3955;3420;561690;465875;68.8;57.1
49;2021-08-01;19;22;561709;465897;68.8;57.1
49;2021-08-02;4268;4655;565977;470552;69.4;57.7
49;2021-08-03;5429;3806;571406;474358;70.0;58.1
49;2021-08-04;5231;3716;576637;478074;70.7;58.6
49;2021-08-05;5244;3288;581881;481362;71.3;59.0
49;2021-08-06;5714;4280;587595;485642;72.0;59.5
49;2021-08-07;3912;3041;591507;488683;72.5;59.9
49;2021-08-08;23;36;591530;488719;72.5;59.9
49;2021-08-09;3493;4676;595023;493395;72.9;60.5
49;2021-08-10;4212;3899;599235;497294;73.4;61.0
49;2021-08-11;3973;3649;603208;500943;73.9;61.4
49;2021-08-12;2633;3054;605841;503997;74.3;61.8
49;2021-08-13;3813;4264;609654;508261;74.7;62.3
49;2021-08-14;2267;3148;611921;511409;75.0;62.7
49;2021-08-15;29;26;611950;511435;75.0;62.7
49;2021-08-16;2716;5061;614666;516496;75.3;63.3
49;2021-08-17;3259;4910;617925;521406;75.7;63.9
49;2021-08-18;2967;4113;620892;525519;76.1;64.4
49;2021-08-19;1536;3658;622428;529177;76.3;64.9
49;2021-08-20;2725;5774;625153;534951;76.6;65.6
49;2021-08-21;1377;4150;626530;539101;76.8;66.1
49;2021-08-22;6;41;626536;539142;76.8;66.1
49;2021-08-23;2247;5622;628783;544764;77.1;66.8
49;2021-08-24;2732;5777;631515;550541;77.4;67.5
49;2021-08-25;2325;5427;633840;555968;77.7;68.1
49;2021-08-26;1705;4828;635545;560796;77.9;68.7
49;2021-08-27;2437;6806;637982;567602;78.2;69.6
49;2021-08-28;902;4302;638884;571904;78.3;70.1
49;2021-08-29;4;94;638888;571998;78.3;70.1
49;2021-08-30;1149;4292;640037;576290;78.4;70.6
49;2021-08-31;2222;5999;642259;582289;78.7;71.4
49;2021-09-01;1670;4424;643929;586713;78.9;71.9
50;2020-12-27;0;0;0;0;0.0;0.0
50;2020-12-28;0;0;0;0;0.0;0.0
50;2020-12-29;1;0;1;0;0.0;0.0
50;2020-12-30;0;0;1;0;0.0;0.0
50;2020-12-31;0;0;1;0;0.0;0.0
50;2021-01-01;0;0;1;0;0.0;0.0
50;2021-01-02;0;0;1;0;0.0;0.0
50;2021-01-03;0;0;1;0;0.0;0.0
50;2021-01-04;1;0;2;0;0.0;0.0
50;2021-01-05;0;0;2;0;0.0;0.0
50;2021-01-06;126;0;128;0;0.0;0.0
50;2021-01-07;323;0;451;0;0.1;0.0
50;2021-01-08;436;2;887;2;0.2;0.0
50;2021-01-09;236;0;1123;2;0.2;0.0
50;2021-01-10;23;0;1146;2;0.2;0.0
50;2021-01-11;391;1;1537;3;0.3;0.0
50;2021-01-12;600;0;2137;3;0.4;0.0
50;2021-01-13;694;4;2831;7;0.6;0.0
50;2021-01-14;1046;5;3877;12;0.8;0.0
50;2021-01-15;709;2;4586;14;0.9;0.0
50;2021-01-16;215;3;4801;17;1.0;0.0
50;2021-01-17;1;0;4802;17;1.0;0.0
50;2021-01-18;620;1;5422;18;1.1;0.0
50;2021-01-19;898;3;6320;21;1.3;0.0
50;2021-01-20;965;0;7285;21;1.5;0.0
50;2021-01-21;917;4;8202;25;1.7;0.0
50;2021-01-22;713;2;8915;27;1.8;0.0
50;2021-01-23;667;4;9582;31;2.0;0.0
50;2021-01-24;880;3;10462;34;2.1;0.0
50;2021-01-25;2711;10;13173;44;2.7;0.0
50;2021-01-26;1336;15;14509;59;3.0;0.0
50;2021-01-27;766;56;15275;115;3.1;0.0
50;2021-01-28;718;165;15993;280;3.3;0.1
50;2021-01-29;581;303;16574;583;3.4;0.1
50;2021-01-30;381;163;16955;746;3.5;0.2
50;2021-01-31;0;0;16955;746;3.5;0.2
50;2021-02-01;449;222;17404;968;3.5;0.2
50;2021-02-02;416;231;17820;1199;3.6;0.2
50;2021-02-03;390;375;18210;1574;3.7;0.3
50;2021-02-04;485;445;18695;2019;3.8;0.4
50;2021-02-05;423;445;19118;2464;3.9;0.5
50;2021-02-06;179;112;19297;2576;3.9;0.5
50;2021-02-07;0;0;19297;2576;3.9;0.5
50;2021-02-08;255;497;19552;3073;4.0;0.6
50;2021-02-09;246;622;19798;3695;4.0;0.8
50;2021-02-10;570;539;20368;4234;4.2;0.9
50;2021-02-11;437;905;20805;5139;4.2;1.0
50;2021-02-12;329;656;21134;5795;4.3;1.2
50;2021-02-13;306;477;21440;6272;4.4;1.3
50;2021-02-14;185;826;21625;7098;4.4;1.4
50;2021-02-15;663;2006;22288;9104;4.5;1.9
50;2021-02-16;746;1602;23034;10706;4.7;2.2
50;2021-02-17;632;793;23666;11499;4.8;2.3
50;2021-02-18;569;795;24235;12294;4.9;2.5
50;2021-02-19;630;488;24865;12782;5.1;2.6
50;2021-02-20;423;182;25288;12964;5.2;2.6
50;2021-02-21;85;27;25373;12991;5.2;2.6
50;2021-02-22;291;707;25664;13698;5.2;2.8
50;2021-02-23;502;548;26166;14246;5.3;2.9
50;2021-02-24;624;561;26790;14807;5.5;3.0
50;2021-02-25;779;580;27569;15387;5.6;3.1
50;2021-02-26;999;383;28568;15770;5.8;3.2
50;2021-02-27;887;113;29455;15883;6.0;3.2
50;2021-02-28;111;0;29566;15883;6.0;3.2
50;2021-03-01;488;548;30054;16431;6.1;3.3
50;2021-03-02;651;518;30705;16949;6.3;3.5
50;2021-03-03;797;454;31502;17403;6.4;3.5
50;2021-03-04;1248;339;32750;17742;6.7;3.6
50;2021-03-05;1553;348;34303;18090;7.0;3.7
50;2021-03-06;1319;160;35622;18250;7.3;3.7
50;2021-03-07;550;42;36172;18292;7.4;3.7
50;2021-03-08;1025;625;37197;18917;7.6;3.9
50;2021-03-09;1558;578;38755;19495;7.9;4.0
50;2021-03-10;1608;322;40363;19817;8.2;4.0
50;2021-03-11;2352;359;42715;20176;8.7;4.1
50;2021-03-12;2866;249;45581;20425;9.3;4.2
50;2021-03-13;1994;137;47575;20562;9.7;4.2
50;2021-03-14;280;41;47855;20603;9.8;4.2
50;2021-03-15;1378;298;49233;20901;10.0;4.3
50;2021-03-16;1341;284;50574;21185;10.3;4.3
50;2021-03-17;1295;412;51869;21597;10.6;4.4
50;2021-03-18;1162;431;53031;22028;10.8;4.5
50;2021-03-19;1734;592;54765;22620;11.2;4.6
50;2021-03-20;1688;230;56453;22850;11.5;4.7
50;2021-03-21;794;12;57247;22862;11.7;4.7
50;2021-03-22;1508;336;58755;23198;12.0;4.7
50;2021-03-23;2077;398;60832;23596;12.4;4.8
50;2021-03-24;2281;555;63113;24151;12.9;4.9
50;2021-03-25;2812;473;65925;24624;13.4;5.0
50;2021-03-26;3206;470;69131;25094;14.1;5.1
50;2021-03-27;1823;376;70954;25470;14.5;5.2
50;2021-03-28;403;20;71357;25490;14.5;5.2
50;2021-03-29;2139;721;73496;26211;15.0;5.3
50;2021-03-30;2283;648;75779;26859;15.4;5.5
50;2021-03-31;2478;573;78257;27432;15.9;5.6
50;2021-04-01;3106;865;81363;28297;16.6;5.8
50;2021-04-02;2963;933;84326;29230;17.2;6.0
50;2021-04-03;1245;686;85571;29916;17.4;6.1
50;2021-04-04;321;136;85892;30052;17.5;6.1
50;2021-04-05;400;27;86292;30079;17.6;6.1
50;2021-04-06;2129;1224;88421;31303;18.0;6.4
50;2021-04-07;2559;1178;90980;32481;18.5;6.6
50;2021-04-08;3597;1211;94577;33692;19.3;6.9
50;2021-04-09;3936;1301;98513;34993;20.1;7.1
50;2021-04-10;2533;876;101046;35869;20.6;7.3
50;2021-04-11;411;145;101457;36014;20.7;7.3
50;2021-04-12;2439;1378;103896;37392;21.2;7.6
50;2021-04-13;2677;1520;106573;38912;21.7;7.9
50;2021-04-14;2608;1354;109181;40266;22.3;8.2
50;2021-04-15;3162;1118;112343;41384;22.9;8.4
50;2021-04-16;3365;1102;115708;42486;23.6;8.7
50;2021-04-17;2398;1186;118106;43672;24.1;8.9
50;2021-04-18;425;664;118531;44336;24.2;9.0
50;2021-04-19;1998;1472;120529;45808;24.6;9.3
50;2021-04-20;2276;1591;122805;47399;25.0;9.7
50;2021-04-21;2552;1759;125357;49158;25.5;10.0
50;2021-04-22;3079;1827;128436;50985;26.2;10.4
50;2021-04-23;2757;1917;131193;52902;26.7;10.8
50;2021-04-24;1900;1435;133093;54337;27.1;11.1
50;2021-04-25;470;273;133563;54610;27.2;11.1
50;2021-04-26;2120;1889;135683;56499;27.7;11.5
50;2021-04-27;2413;2004;138096;58503;28.1;11.9
50;2021-04-28;2708;1976;140804;60479;28.7;12.3
50;2021-04-29;3286;2045;144090;62524;29.4;12.7
50;2021-04-30;3000;1933;147090;64457;30.0;13.1
50;2021-05-01;1015;596;148105;65053;30.2;13.3
50;2021-05-02;523;448;148628;65501;30.3;13.3
50;2021-05-03;1771;1804;150399;67305;30.7;13.7
50;2021-05-04;1771;2331;152170;69636;31.0;14.2
50;2021-05-05;1661;2953;153831;72589;31.4;14.8
50;2021-05-06;2532;2586;156363;75175;31.9;15.3
50;2021-05-07;2150;2861;158513;78036;32.3;15.9
50;2021-05-08;1171;792;159684;78828;32.5;16.1
50;2021-05-09;624;363;160308;79191;32.7;16.1
50;2021-05-10;1705;2605;162013;81796;33.0;16.7
50;2021-05-11;2543;2848;164556;84644;33.5;17.3
50;2021-05-12;3180;2437;167736;87081;34.2;17.7
50;2021-05-13;3382;610;171118;87691;34.9;17.9
50;2021-05-14;3571;2278;174689;89969;35.6;18.3
50;2021-05-15;4000;1872;178689;91841;36.4;18.7
50;2021-05-16;947;267;179636;92108;36.6;18.8
50;2021-05-17;2140;1878;181776;93986;37.0;19.2
50;2021-05-18;2524;1620;184300;95606;37.6;19.5
50;2021-05-19;2503;1446;186803;97052;38.1;19.8
50;2021-05-20;3261;1623;190064;98675;38.7;20.1
50;2021-05-21;3159;1912;193223;100587;39.4;20.5
50;2021-05-22;2651;1329;195874;101916;39.9;20.8
50;2021-05-23;603;284;196477;102200;40.0;20.8
50;2021-05-24;1527;490;198004;102690;40.4;20.9
50;2021-05-25;2450;1672;200454;104362;40.9;21.3
50;2021-05-26;3000;1456;203454;105818;41.5;21.6
50;2021-05-27;3034;1975;206488;107793;42.1;22.0
50;2021-05-28;2946;2124;209434;109917;42.7;22.4
50;2021-05-29;2760;1404;212194;111321;43.2;22.7
50;2021-05-30;812;328;213006;111649;43.4;22.8
50;2021-05-31;2652;1818;215658;113467;44.0;23.1
50;2021-06-01;3332;2067;218990;115534;44.6;23.5
50;2021-06-02;3260;1791;222250;117325;45.3;23.9
50;2021-06-03;3914;2064;226164;119389;46.1;24.3
50;2021-06-04;3823;2887;229987;122276;46.9;24.9
50;2021-06-05;2961;1846;232948;124122;47.5;25.3
50;2021-06-06;813;443;233761;124565;47.6;25.4
50;2021-06-07;3513;2083;237274;126648;48.4;25.8
50;2021-06-08;4071;2228;241345;128876;49.2;26.3
50;2021-06-09;4254;1999;245599;130875;50.1;26.7
50;2021-06-10;4198;2119;249797;132994;50.9;27.1
50;2021-06-11;4226;2715;254023;135709;51.8;27.7
50;2021-06-12;3738;1610;257761;137319;52.5;28.0
50;2021-06-13;1143;451;258904;137770;52.8;28.1
50;2021-06-14;2693;2966;261597;140736;53.3;28.7
50;2021-06-15;3020;2604;264617;143340;53.9;29.2
50;2021-06-16;3096;1976;267713;145316;54.6;29.6
50;2021-06-17;2798;2488;270511;147804;55.1;30.1
50;2021-06-18;3240;3053;273751;150857;55.8;30.7
50;2021-06-19;3178;1926;276929;152783;56.4;31.1
50;2021-06-20;731;710;277660;153493;56.6;31.3
50;2021-06-21;1819;3133;279479;156626;57.0;31.9
50;2021-06-22;2064;3393;281543;160019;57.4;32.6
50;2021-06-23;1873;3874;283416;163893;57.8;33.4
50;2021-06-24;1713;4010;285129;167903;58.1;34.2
50;2021-06-25;2135;4010;287264;171913;58.5;35.0
50;2021-06-26;2145;3697;289409;175610;59.0;35.8
50;2021-06-27;616;895;290025;176505;59.1;36.0
50;2021-06-28;1926;3349;291951;179854;59.5;36.7
50;2021-06-29;1882;3407;293833;183261;59.9;37.3
50;2021-06-30;2183;3408;296016;186669;60.3;38.0
50;2021-07-01;1947;3284;297963;189953;60.7;38.7
50;2021-07-02;1899;3932;299862;193885;61.1;39.5
50;2021-07-03;1447;3447;301309;197332;61.4;40.2
50;2021-07-04;445;1066;301754;198398;61.5;40.4
50;2021-07-05;1263;3411;303017;201809;61.8;41.1
50;2021-07-06;1576;3894;304593;205703;62.1;41.9
50;2021-07-07;1803;3618;306396;209321;62.4;42.7
50;2021-07-08;1377;4106;307773;213427;62.7;43.5
50;2021-07-09;1394;4574;309167;218001;63.0;44.4
50;2021-07-10;1025;3599;310192;221600;63.2;45.2
50;2021-07-11;372;1018;310564;222618;63.3;45.4
50;2021-07-12;1316;4625;311880;227243;63.6;46.3
50;2021-07-13;1626;4858;313506;232101;63.9;47.3
50;2021-07-14;1476;2358;314982;234459;64.2;47.8
50;2021-07-15;1686;5056;316668;239515;64.5;48.8
50;2021-07-16;2991;5245;319659;244760;65.1;49.9
50;2021-07-17;2150;3730;321809;248490;65.6;50.6
50;2021-07-18;402;1092;322211;249582;65.7;50.9
50;2021-07-19;1573;5183;323784;254765;66.0;51.9
50;2021-07-20;1929;5411;325713;260176;66.4;53.0
50;2021-07-21;1800;5259;327513;265435;66.7;54.1
50;2021-07-22;1949;5007;329462;270442;67.1;55.1
50;2021-07-23;2071;5384;331533;275826;67.6;56.2
50;2021-07-24;1310;3834;332843;279660;67.8;57.0
50;2021-07-25;274;1037;333117;280697;67.9;57.2
50;2021-07-26;2289;3489;335406;284186;68.4;57.9
50;2021-07-27;2897;3347;338303;287533;68.9;58.6
50;2021-07-28;2991;3690;341294;291223;69.6;59.4
50;2021-07-29;3578;3232;344872;294455;70.3;60.0
50;2021-07-30;3073;3007;347945;297462;70.9;60.6
50;2021-07-31;2407;2672;350352;300134;71.4;61.2
50;2021-08-01;483;685;350835;300819;71.5;61.3
50;2021-08-02;2465;2740;353300;303559;72.0;61.9
50;2021-08-03;3394;2470;356694;306029;72.7;62.4
50;2021-08-04;3595;2324;360289;308353;73.4;62.8
50;2021-08-05;3174;2162;363463;310515;74.1;63.3
50;2021-08-06;3631;2798;367094;313313;74.8;63.9
50;2021-08-07;2444;2163;369538;315476;75.3;64.3
50;2021-08-08;510;713;370048;316189;75.4;64.4
50;2021-08-09;2482;2135;372530;318324;75.9;64.9
50;2021-08-10;2944;1987;375474;320311;76.5;65.3
50;2021-08-11;2818;2022;378292;322333;77.1;65.7
50;2021-08-12;2555;2440;380847;324773;77.6;66.2
50;2021-08-13;2447;1985;383294;326758;78.1;66.6
50;2021-08-14;1800;1747;385094;328505;78.5;67.0
50;2021-08-15;399;334;385493;328839;78.6;67.0
50;2021-08-16;1691;2232;387184;331071;78.9;67.5
50;2021-08-17;1946;2706;389130;333777;79.3;68.0
50;2021-08-18;1808;2387;390938;336164;79.7;68.5
50;2021-08-19;1686;2572;392624;338736;80.0;69.0
50;2021-08-20;1594;2740;394218;341476;80.3;69.6
50;2021-08-21;1004;2727;395222;344203;80.5;70.1
50;2021-08-22;384;519;395606;344722;80.6;70.3
50;2021-08-23;1135;2900;396741;347622;80.9;70.8
50;2021-08-24;1236;3219;397977;350841;81.1;71.5
50;2021-08-25;1080;2649;399057;353490;81.3;72.0
50;2021-08-26;856;3154;399913;356644;81.5;72.7
50;2021-08-27;929;3180;400842;359824;81.7;73.3
50;2021-08-28;788;2887;401630;362711;81.9;73.9
50;2021-08-29;282;573;401912;363284;81.9;74.0
50;2021-08-30;765;2942;402677;366226;82.1;74.6
50;2021-08-31;816;3030;403493;369256;82.2;75.3
50;2021-09-01;624;2879;404117;372135;82.4;75.8
51;2020-12-27;0;0;0;0;0.0;0.0
51;2020-12-28;0;0;0;0;0.0;0.0
51;2020-12-29;0;0;0;0;0.0;0.0
51;2020-12-30;0;0;0;0;0.0;0.0
51;2020-12-31;1;0;1;0;0.0;0.0
51;2021-01-01;0;0;1;0;0.0;0.0
51;2021-01-02;0;0;1;0;0.0;0.0
51;2021-01-03;0;0;1;0;0.0;0.0
51;2021-01-04;1;0;2;0;0.0;0.0
51;2021-01-05;1;0;3;0;0.0;0.0
51;2021-01-06;6;0;9;0;0.0;0.0
51;2021-01-07;262;1;271;1;0.0;0.0
51;2021-01-08;507;1;778;2;0.1;0.0
51;2021-01-09;91;0;869;2;0.2;0.0
51;2021-01-10;0;0;869;2;0.2;0.0
51;2021-01-11;545;2;1414;4;0.3;0.0
51;2021-01-12;1539;4;2953;8;0.5;0.0
51;2021-01-13;1290;5;4243;13;0.8;0.0
51;2021-01-14;1475;6;5718;19;1.0;0.0
51;2021-01-15;607;3;6325;22;1.1;0.0
51;2021-01-16;177;1;6502;23;1.2;0.0
51;2021-01-17;102;0;6604;23;1.2;0.0
51;2021-01-18;846;3;7450;26;1.3;0.0
51;2021-01-19;998;4;8448;30;1.5;0.0
51;2021-01-20;943;9;9391;39;1.7;0.0
51;2021-01-21;790;3;10181;42;1.8;0.0
51;2021-01-22;391;2;10572;44;1.9;0.0
51;2021-01-23;294;0;10866;44;1.9;0.0
51;2021-01-24;130;1;10996;45;2.0;0.0
51;2021-01-25;712;3;11708;48;2.1;0.0
51;2021-01-26;780;5;12488;53;2.2;0.0
51;2021-01-27;656;4;13144;57;2.3;0.0
51;2021-01-28;646;68;13790;125;2.4;0.0
51;2021-01-29;474;142;14264;267;2.5;0.0
51;2021-01-30;126;5;14390;272;2.6;0.0
51;2021-01-31;83;0;14473;272;2.6;0.0
51;2021-02-01;275;58;14748;330;2.6;0.1
51;2021-02-02;738;721;15486;1051;2.7;0.2
51;2021-02-03;642;469;16128;1520;2.9;0.3
51;2021-02-04;968;812;17096;2332;3.0;0.4
51;2021-02-05;973;510;18069;2842;3.2;0.5
51;2021-02-06;30;145;18099;2987;3.2;0.5
51;2021-02-07;0;18;18099;3005;3.2;0.5
51;2021-02-08;115;411;18214;3416;3.2;0.6
51;2021-02-09;222;466;18436;3882;3.3;0.7
51;2021-02-10;219;634;18655;4516;3.3;0.8
51;2021-02-11;299;526;18954;5042;3.4;0.9
51;2021-02-12;341;561;19295;5603;3.4;1.0
51;2021-02-13;8;109;19303;5712;3.4;1.0
51;2021-02-14;8;162;19311;5874;3.4;1.0
51;2021-02-15;265;818;19576;6692;3.5;1.2
51;2021-02-16;401;946;19977;7638;3.5;1.4
51;2021-02-17;367;852;20344;8490;3.6;1.5
51;2021-02-18;437;583;20781;9073;3.7;1.6
51;2021-02-19;530;422;21311;9495;3.8;1.7
51;2021-02-20;205;293;21516;9788;3.8;1.7
51;2021-02-21;10;101;21526;9889;3.8;1.8
51;2021-02-22;195;673;21721;10562;3.9;1.9
51;2021-02-23;262;1081;21983;11643;3.9;2.1
51;2021-02-24;414;675;22397;12318;4.0;2.2
51;2021-02-25;1050;871;23447;13189;4.2;2.3
51;2021-02-26;1227;665;24674;13854;4.4;2.5
51;2021-02-27;590;123;25264;13977;4.5;2.5
51;2021-02-28;7;71;25271;14048;4.5;2.5
51;2021-03-01;767;305;26038;14353;4.6;2.5
51;2021-03-02;1128;462;27166;14815;4.8;2.6
51;2021-03-03;1193;461;28359;15276;5.0;2.7
51;2021-03-04;1060;697;29419;15973;5.2;2.8
51;2021-03-05;1560;669;30979;16642;5.5;3.0
51;2021-03-06;1433;59;32412;16701;5.7;3.0
51;2021-03-07;250;6;32662;16707;5.8;3.0
51;2021-03-08;992;100;33654;16807;6.0;3.0
51;2021-03-09;1664;191;35318;16998;6.3;3.0
51;2021-03-10;1994;105;37312;17103;6.6;3.0
51;2021-03-11;2370;169;39682;17272;7.0;3.1
51;2021-03-12;3252;157;42934;17429;7.6;3.1
51;2021-03-13;2550;51;45484;17480;8.1;3.1
51;2021-03-14;190;5;45674;17485;8.1;3.1
51;2021-03-15;1580;150;47254;17635;8.4;3.1
51;2021-03-16;1479;184;48733;17819;8.6;3.2
51;2021-03-17;1497;208;50230;18027;8.9;3.2
51;2021-03-18;1615;286;51845;18313;9.2;3.2
51;2021-03-19;2311;301;54156;18614;9.6;3.3
51;2021-03-20;1662;216;55818;18830;9.9;3.3
51;2021-03-21;133;4;55951;18834;9.9;3.3
51;2021-03-22;1417;122;57368;18956;10.2;3.4
51;2021-03-23;2468;164;59836;19120;10.6;3.4
51;2021-03-24;2844;131;62680;19251;11.1;3.4
51;2021-03-25;3254;336;65934;19587;11.7;3.5
51;2021-03-26;3412;504;69346;20091;12.3;3.6
51;2021-03-27;1842;253;71188;20344;12.6;3.6
51;2021-03-28;213;3;71401;20347;12.7;3.6
51;2021-03-29;991;638;72392;20985;12.8;3.7
51;2021-03-30;1748;853;74140;21838;13.1;3.9
51;2021-03-31;1738;759;75878;22597;13.5;4.0
51;2021-04-01;2282;449;78160;23046;13.9;4.1
51;2021-04-02;2425;641;80585;23687;14.3;4.2
51;2021-04-03;1304;412;81889;24099;14.5;4.3
51;2021-04-04;106;2;81995;24101;14.5;4.3
51;2021-04-05;72;141;82067;24242;14.6;4.3
51;2021-04-06;763;1234;82830;25476;14.7;4.5
51;2021-04-07;1313;1410;84143;26886;14.9;4.8
51;2021-04-08;2206;1771;86349;28657;15.3;5.1
51;2021-04-09;2862;1731;89211;30388;15.8;5.4
51;2021-04-10;2218;497;91429;30885;16.2;5.5
51;2021-04-11;105;85;91534;30970;16.2;5.5
51;2021-04-12;1450;1343;92984;32313;16.5;5.7
51;2021-04-13;1936;1682;94920;33995;16.8;6.0
51;2021-04-14;2459;1556;97379;35551;17.3;6.3
51;2021-04-15;2855;1671;100234;37222;17.8;6.6
51;2021-04-16;3214;1595;103448;38817;18.3;6.9
51;2021-04-17;1965;774;105413;39591;18.7;7.0
51;2021-04-18;296;113;105709;39704;18.7;7.0
51;2021-04-19;1561;1162;107270;40866;19.0;7.2
51;2021-04-20;1794;1664;109064;42530;19.3;7.5
51;2021-04-21;2005;1744;111069;44274;19.7;7.9
51;2021-04-22;2406;1658;113475;45932;20.1;8.1
51;2021-04-23;2982;1829;116457;47761;20.7;8.5
51;2021-04-24;1750;953;118207;48714;21.0;8.6
51;2021-04-25;123;161;118330;48875;21.0;8.7
51;2021-04-26;1851;761;120181;49636;21.3;8.8
51;2021-04-27;2442;1234;122623;50870;21.7;9.0
51;2021-04-28;2552;1308;125175;52178;22.2;9.3
51;2021-04-29;2674;1464;127849;53642;22.7;9.5
51;2021-04-30;2976;1675;130825;55317;23.2;9.8
51;2021-05-01;1454;413;132279;55730;23.5;9.9
51;2021-05-02;107;99;132386;55829;23.5;9.9
51;2021-05-03;2484;765;134870;56594;23.9;10.0
51;2021-05-04;2788;1355;137658;57949;24.4;10.3
51;2021-05-05;2860;1638;140518;59587;24.9;10.6
51;2021-05-06;5344;1950;145862;61537;25.9;10.9
51;2021-05-07;3704;1938;149566;63475;26.5;11.3
51;2021-05-08;2861;819;152427;64294;27.0;11.4
51;2021-05-09;211;92;152638;64386;27.1;11.4
51;2021-05-10;3215;1867;155853;66253;27.6;11.8
51;2021-05-11;3640;2042;159493;68295;28.3;12.1
51;2021-05-12;4184;2237;163677;70532;29.0;12.5
51;2021-05-13;1777;504;165454;71036;29.3;12.6
51;2021-05-14;5402;1750;170856;72786;30.3;12.9
51;2021-05-15;4228;1355;175084;74141;31.1;13.1
51;2021-05-16;284;46;175368;74187;31.1;13.2
51;2021-05-17;3133;1528;178501;75715;31.7;13.4
51;2021-05-18;3917;1771;182418;77486;32.4;13.7
51;2021-05-19;4031;1733;186449;79219;33.1;14.1
51;2021-05-20;4650;1967;191099;81186;33.9;14.4
51;2021-05-21;3597;2484;194696;83670;34.5;14.8
51;2021-05-22;2076;1548;196772;85218;34.9;15.1
51;2021-05-23;308;210;197080;85428;35.0;15.2
51;2021-05-24;2019;717;199099;86145;35.3;15.3
51;2021-05-25;3130;1829;202229;87974;35.9;15.6
51;2021-05-26;3298;1716;205527;89690;36.5;15.9
51;2021-05-27;3268;2063;208795;91753;37.0;16.3
51;2021-05-28;3607;2825;212402;94578;37.7;16.8
51;2021-05-29;2402;1996;214804;96574;38.1;17.1
51;2021-05-30;401;133;215205;96707;38.2;17.2
51;2021-05-31;3350;1785;218555;98492;38.8;17.5
51;2021-06-01;3855;2333;222410;100825;39.4;17.9
51;2021-06-02;6098;2327;228508;103152;40.5;18.3
51;2021-06-03;3582;2429;232090;105581;41.2;18.7
51;2021-06-04;6345;2946;238435;108527;42.3;19.2
51;2021-06-05;2599;1818;241034;110345;42.7;19.6
51;2021-06-06;172;157;241206;110502;42.8;19.6
51;2021-06-07;4303;2165;245509;112667;43.5;20.0
51;2021-06-08;3925;2533;249434;115200;44.2;20.4
51;2021-06-09;4018;2751;253452;117951;45.0;20.9
51;2021-06-10;3206;2486;256658;120437;45.5;21.4
51;2021-06-11;3358;3429;260016;123866;46.1;22.0
51;2021-06-12;2166;2171;262182;126037;46.5;22.4
51;2021-06-13;191;149;262373;126186;46.5;22.4
51;2021-06-14;1627;3333;264000;129519;46.8;23.0
51;2021-06-15;3191;3577;267191;133096;47.4;23.6
51;2021-06-16;2208;3685;269399;136781;47.8;24.3
51;2021-06-17;2609;5406;272008;142187;48.2;25.2
51;2021-06-18;2357;5211;274365;147398;48.7;26.1
51;2021-06-19;1683;4426;276048;151824;49.0;26.9
51;2021-06-20;184;228;276232;152052;49.0;27.0
51;2021-06-21;1231;4441;277463;156493;49.2;27.8
51;2021-06-22;1558;4043;279021;160536;49.5;28.5
51;2021-06-23;3670;4239;282691;164775;50.1;29.2
51;2021-06-24;2246;3227;284937;168002;50.5;29.8
51;2021-06-25;1907;6526;286844;174528;50.9;31.0
51;2021-06-26;1204;5067;288048;179595;51.1;31.9
51;2021-06-27;103;336;288151;179931;51.1;31.9
51;2021-06-28;1401;4414;289552;184345;51.4;32.7
51;2021-06-29;1173;4463;290725;188808;51.6;33.5
51;2021-06-30;1687;6044;292412;194852;51.9;34.6
51;2021-07-01;1978;3767;294390;198619;52.2;35.2
51;2021-07-02;1836;6891;296226;205510;52.5;36.4
51;2021-07-03;1003;3198;297229;208708;52.7;37.0
51;2021-07-04;171;254;297400;208962;52.7;37.1
51;2021-07-05;768;5528;298168;214490;52.9;38.0
51;2021-07-06;1247;4782;299415;219272;53.1;38.9
51;2021-07-07;1615;4939;301030;224211;53.4;39.8
51;2021-07-08;2069;3431;303099;227642;53.8;40.4
51;2021-07-09;1855;5056;304954;232698;54.1;41.3
51;2021-07-10;1235;3205;306189;235903;54.3;41.8
51;2021-07-11;191;281;306380;236184;54.3;41.9
51;2021-07-12;994;4377;307374;240561;54.5;42.7
51;2021-07-13;1480;4773;308854;245334;54.8;43.5
51;2021-07-14;1070;1690;309924;247024;55.0;43.8
51;2021-07-15;2937;4912;312861;251936;55.5;44.7
51;2021-07-16;2363;5274;315224;257210;55.9;45.6
51;2021-07-17;1821;3483;317045;260693;56.2;46.2
51;2021-07-18;163;330;317208;261023;56.3;46.3
51;2021-07-19;1892;3979;319100;265002;56.6;47.0
51;2021-07-20;2584;5139;321684;270141;57.1;47.9
51;2021-07-21;3615;4070;325299;274211;57.7;48.6
51;2021-07-22;4413;3758;329712;277969;58.5;49.3
51;2021-07-23;3643;4381;333355;282350;59.1;50.1
51;2021-07-24;2085;2722;335440;285072;59.5;50.6
51;2021-07-25;356;257;335796;285329;59.6;50.6
51;2021-07-26;3115;2811;338911;288140;60.1;51.1
51;2021-07-27;5847;3273;344758;291413;61.1;51.7
51;2021-07-28;4137;4318;348895;295731;61.9;52.5
51;2021-07-29;4695;2721;353590;298452;62.7;52.9
51;2021-07-30;3619;3159;357209;301611;63.4;53.5
51;2021-07-31;2529;2131;359738;303742;63.8;53.9
51;2021-08-01;375;236;360113;303978;63.9;53.9
51;2021-08-02;3282;2311;363395;306289;64.5;54.3
51;2021-08-03;3775;1910;367170;308199;65.1;54.7
51;2021-08-04;4454;2124;371624;310323;65.9;55.0
51;2021-08-05;2652;1538;374276;311861;66.4;55.3
51;2021-08-06;3042;2552;377318;314413;66.9;55.8
51;2021-08-07;2160;1694;379478;316107;67.3;56.1
51;2021-08-08;366;209;379844;316316;67.4;56.1
51;2021-08-09;2599;1849;382443;318165;67.8;56.4
51;2021-08-10;2369;1981;384812;320146;68.3;56.8
51;2021-08-11;2913;2339;387725;322485;68.8;57.2
51;2021-08-12;1746;1947;389471;324432;69.1;57.5
51;2021-08-13;2029;2673;391500;327105;69.4;58.0
51;2021-08-14;1578;2037;393078;329142;69.7;58.4
51;2021-08-15;147;148;393225;329290;69.7;58.4
51;2021-08-16;1346;3020;394571;332310;70.0;58.9
51;2021-08-17;1541;3278;396112;335588;70.3;59.5
51;2021-08-18;1894;3685;398006;339273;70.6;60.2
51;2021-08-19;1399;2546;399405;341819;70.8;60.6
51;2021-08-20;1695;3968;401100;345787;71.1;61.3
51;2021-08-21;984;2495;402084;348282;71.3;61.8
51;2021-08-22;101;342;402185;348624;71.3;61.8
51;2021-08-23;1105;3603;403290;352227;71.5;62.5
51;2021-08-24;1165;3640;404455;355867;71.7;63.1
51;2021-08-25;1305;4482;405760;360349;72.0;63.9
51;2021-08-26;1051;2543;406811;362892;72.2;64.4
51;2021-08-27;1209;4176;408020;367068;72.4;65.1
51;2021-08-28;643;2627;408663;369695;72.5;65.6
51;2021-08-29;81;358;408744;370053;72.5;65.6
51;2021-08-30;1329;4825;410073;374878;72.7;66.5
51;2021-08-31;777;3008;410850;377886;72.9;67.0
51;2021-09-01;734;3366;411584;381252;73.0;67.6
52;2020-12-27;0;0;0;0;0.0;0.0
52;2020-12-28;1;0;1;0;0.0;0.0
52;2020-12-29;0;0;1;0;0.0;0.0
52;2020-12-30;0;0;1;0;0.0;0.0
52;2020-12-31;0;0;1;0;0.0;0.0
52;2021-01-01;0;0;1;0;0.0;0.0
52;2021-01-02;1;0;2;0;0.0;0.0
52;2021-01-03;0;0;2;0;0.0;0.0
52;2021-01-04;0;0;2;0;0.0;0.0
52;2021-01-05;0;0;2;0;0.0;0.0
52;2021-01-06;2;0;4;0;0.0;0.0
52;2021-01-07;0;0;4;0;0.0;0.0
52;2021-01-08;201;1;205;1;0.1;0.0
52;2021-01-09;93;0;298;1;0.2;0.0
52;2021-01-10;0;0;298;1;0.2;0.0
52;2021-01-11;207;0;505;1;0.3;0.0
52;2021-01-12;171;0;676;1;0.4;0.0
52;2021-01-13;562;2;1238;3;0.7;0.0
52;2021-01-14;677;10;1915;13;1.1;0.0
52;2021-01-15;411;1;2326;14;1.4;0.0
52;2021-01-16;16;1;2342;15;1.4;0.0
52;2021-01-17;0;0;2342;15;1.4;0.0
52;2021-01-18;427;0;2769;15;1.6;0.0
52;2021-01-19;439;0;3208;15;1.9;0.0
52;2021-01-20;420;0;3628;15;2.1;0.0
52;2021-01-21;424;1;4052;16;2.4;0.0
52;2021-01-22;321;2;4373;18;2.6;0.0
52;2021-01-23;73;1;4446;19;2.6;0.0
52;2021-01-24;0;0;4446;19;2.6;0.0
52;2021-01-25;235;0;4681;19;2.8;0.0
52;2021-01-26;307;0;4988;19;2.9;0.0
52;2021-01-27;238;1;5226;20;3.1;0.0
52;2021-01-28;174;4;5400;24;3.2;0.0
52;2021-01-29;74;124;5474;148;3.2;0.1
52;2021-01-30;91;95;5565;243;3.3;0.1
52;2021-01-31;0;0;5565;243;3.3;0.1
52;2021-02-01;117;186;5682;429;3.4;0.3
52;2021-02-02;61;176;5743;605;3.4;0.4
52;2021-02-03;90;409;5833;1014;3.4;0.6
52;2021-02-04;231;591;6064;1605;3.6;0.9
52;2021-02-05;113;500;6177;2105;3.6;1.2
52;2021-02-06;22;0;6199;2105;3.7;1.2
52;2021-02-07;0;1;6199;2106;3.7;1.2
52;2021-02-08;34;203;6233;2309;3.7;1.4
52;2021-02-09;47;208;6280;2517;3.7;1.5
52;2021-02-10;88;186;6368;2703;3.8;1.6
52;2021-02-11;129;146;6497;2849;3.8;1.7
52;2021-02-12;187;128;6684;2977;3.9;1.8
52;2021-02-13;5;1;6689;2978;4.0;1.8
52;2021-02-14;0;16;6689;2994;4.0;1.8
52;2021-02-15;79;272;6768;3266;4.0;1.9
52;2021-02-16;50;351;6818;3617;4.0;2.1
52;2021-02-17;37;310;6855;3927;4.1;2.3
52;2021-02-18;82;276;6937;4203;4.1;2.5
52;2021-02-19;51;190;6988;4393;4.1;2.6
52;2021-02-20;14;103;7002;4496;4.1;2.7
52;2021-02-21;0;0;7002;4496;4.1;2.7
52;2021-02-22;42;379;7044;4875;4.2;2.9
52;2021-02-23;57;277;7101;5152;4.2;3.0
52;2021-02-24;81;243;7182;5395;4.2;3.2
52;2021-02-25;161;237;7343;5632;4.3;3.3
52;2021-02-26;296;182;7639;5814;4.5;3.4
52;2021-02-27;149;49;7788;5863;4.6;3.5
52;2021-02-28;0;0;7788;5863;4.6;3.5
52;2021-03-01;163;14;7951;5877;4.7;3.5
52;2021-03-02;199;50;8150;5927;4.8;3.5
52;2021-03-03;356;36;8506;5963;5.0;3.5
52;2021-03-04;379;58;8885;6021;5.2;3.6
52;2021-03-05;531;53;9416;6074;5.6;3.6
52;2021-03-06;409;36;9825;6110;5.8;3.6
52;2021-03-07;0;0;9825;6110;5.8;3.6
52;2021-03-08;398;111;10223;6221;6.0;3.7
52;2021-03-09;549;108;10772;6329;6.4;3.7
52;2021-03-10;308;109;11080;6438;6.5;3.8
52;2021-03-11;587;35;11667;6473;6.9;3.8
52;2021-03-12;584;66;12251;6539;7.2;3.9
52;2021-03-13;492;9;12743;6548;7.5;3.9
52;2021-03-14;15;3;12758;6551;7.5;3.9
52;2021-03-15;318;27;13076;6578;7.7;3.9
52;2021-03-16;203;15;13279;6593;7.8;3.9
52;2021-03-17;367;13;13646;6606;8.1;3.9
52;2021-03-18;442;9;14088;6615;8.3;3.9
52;2021-03-19;452;54;14540;6669;8.6;3.9
52;2021-03-20;259;12;14799;6681;8.7;3.9
52;2021-03-21;15;1;14814;6682;8.8;3.9
52;2021-03-22;375;49;15189;6731;9.0;4.0
52;2021-03-23;685;88;15874;6819;9.4;4.0
52;2021-03-24;771;71;16645;6890;9.8;4.1
52;2021-03-25;1141;88;17786;6978;10.5;4.1
52;2021-03-26;1037;139;18823;7117;11.1;4.2
52;2021-03-27;477;76;19300;7193;11.4;4.2
52;2021-03-28;53;0;19353;7193;11.4;4.2
52;2021-03-29;506;184;19859;7377;11.7;4.4
52;2021-03-30;870;297;20729;7674;12.2;4.5
52;2021-03-31;956;292;21685;7966;12.8;4.7
52;2021-04-01;1145;184;22830;8150;13.5;4.8
52;2021-04-02;958;109;23788;8259;14.1;4.9
52;2021-04-03;461;3;24249;8262;14.3;4.9
52;2021-04-04;1;1;24250;8263;14.3;4.9
52;2021-04-05;1;0;24251;8263;14.3;4.9
52;2021-04-06;433;296;24684;8559;14.6;5.1
52;2021-04-07;505;450;25189;9009;14.9;5.3
52;2021-04-08;860;210;26049;9219;15.4;5.4
52;2021-04-09;1059;130;27108;9349;16.0;5.5
52;2021-04-10;852;102;27960;9451;16.5;5.6
52;2021-04-11;96;1;28056;9452;16.6;5.6
52;2021-04-12;932;277;28988;9729;17.1;5.7
52;2021-04-13;1251;378;30239;10107;17.9;6.0
52;2021-04-14;1345;456;31584;10563;18.7;6.2
52;2021-04-15;1506;439;33090;11002;19.6;6.5
52;2021-04-16;1574;364;34664;11366;20.5;6.7
52;2021-04-17;1311;131;35975;11497;21.3;6.8
52;2021-04-18;510;29;36485;11526;21.6;6.8
52;2021-04-19;697;611;37182;12137;22.0;7.2
52;2021-04-20;1080;677;38262;12814;22.6;7.6
52;2021-04-21;1060;675;39322;13489;23.2;8.0
52;2021-04-22;1468;735;40790;14224;24.1;8.4
52;2021-04-23;1253;667;42043;14891;24.8;8.8
52;2021-04-24;477;293;42520;15184;25.1;9.0
52;2021-04-25;3;77;42523;15261;25.1;9.0
52;2021-04-26;632;560;43155;15821;25.5;9.3
52;2021-04-27;933;671;44088;16492;26.0;9.7
52;2021-04-28;1441;564;45529;17056;26.9;10.1
52;2021-04-29;1452;581;46981;17637;27.8;10.4
52;2021-04-30;1316;610;48297;18247;28.5;10.8
52;2021-05-01;8;232;48305;18479;28.5;10.9
52;2021-05-02;0;1;48305;18480;28.5;10.9
52;2021-05-03;1159;628;49464;19108;29.2;11.3
52;2021-05-04;1445;720;50909;19828;30.1;11.7
52;2021-05-05;1768;647;52677;20475;31.1;12.1
52;2021-05-06;1963;536;54640;21011;32.3;12.4
52;2021-05-07;1442;1170;56082;22181;33.1;13.1
52;2021-05-08;589;318;56671;22499;33.5;13.3
52;2021-05-09;1;47;56672;22546;33.5;13.3
52;2021-05-10;793;1101;57465;23647;34.0;14.0
52;2021-05-11;868;1394;58333;25041;34.5;14.8
52;2021-05-12;1207;1382;59540;26423;35.2;15.6
52;2021-05-13;67;184;59607;26607;35.2;15.7
52;2021-05-14;1185;1364;60792;27971;35.9;16.5
52;2021-05-15;491;929;61283;28900;36.2;17.1
52;2021-05-16;8;43;61291;28943;36.2;17.1
52;2021-05-17;1144;705;62435;29648;36.9;17.5
52;2021-05-18;1217;677;63652;30325;37.6;17.9
52;2021-05-19;1542;415;65194;30740;38.5;18.2
52;2021-05-20;1546;421;66740;31161;39.4;18.4
52;2021-05-21;1625;614;68365;31775;40.4;18.8
52;2021-05-22;1089;209;69454;31984;41.0;18.9
52;2021-05-23;1;0;69455;31984;41.0;18.9
52;2021-05-24;405;33;69860;32017;41.3;18.9
52;2021-05-25;1351;385;71211;32402;42.1;19.1
52;2021-05-26;1479;672;72690;33074;42.9;19.5
52;2021-05-27;1565;788;74255;33862;43.9;20.0
52;2021-05-28;1493;672;75748;34534;44.8;20.4
52;2021-05-29;696;834;76444;35368;45.2;20.9
52;2021-05-30;16;550;76460;35918;45.2;21.2
52;2021-05-31;824;830;77284;36748;45.7;21.7
52;2021-06-01;956;816;78240;37564;46.2;22.2
52;2021-06-02;896;754;79136;38318;46.8;22.6
52;2021-06-03;825;824;79961;39142;47.2;23.1
52;2021-06-04;883;1340;80844;40482;47.8;23.9
52;2021-06-05;581;637;81425;41119;48.1;24.3
52;2021-06-06;27;55;81452;41174;48.1;24.3
52;2021-06-07;359;931;81811;42105;48.3;24.9
52;2021-06-08;556;1469;82367;43574;48.7;25.7
52;2021-06-09;612;1474;82979;45048;49.0;26.6
52;2021-06-10;794;1158;83773;46206;49.5;27.3
52;2021-06-11;830;1349;84603;47555;50.0;28.1
52;2021-06-12;422;586;85025;48141;50.2;28.4
52;2021-06-13;2;6;85027;48147;50.2;28.4
52;2021-06-14;171;1413;85198;49560;50.3;29.3
52;2021-06-15;221;1809;85419;51369;50.5;30.4
52;2021-06-16;352;1996;85771;53365;50.7;31.5
52;2021-06-17;265;1155;86036;54520;50.8;32.2
52;2021-06-18;308;1553;86344;56073;51.0;33.1
52;2021-06-19;502;690;86846;56763;51.3;33.5
52;2021-06-20;1;17;86847;56780;51.3;33.5
52;2021-06-21;522;897;87369;57677;51.6;34.1
52;2021-06-22;503;1048;87872;58725;51.9;34.7
52;2021-06-23;563;1043;88435;59768;52.3;35.3
52;2021-06-24;610;715;89045;60483;52.6;35.7
52;2021-06-25;661;1313;89706;61796;53.0;36.5
52;2021-06-26;264;722;89970;62518;53.2;36.9
52;2021-06-27;1;8;89971;62526;53.2;36.9
52;2021-06-28;185;1443;90156;63969;53.3;37.8
52;2021-06-29;164;1414;90320;65383;53.4;38.6
52;2021-06-30;219;1468;90539;66851;53.5;39.5
52;2021-07-01;320;1022;90859;67873;53.7;40.1
52;2021-07-02;430;1455;91289;69328;53.9;41.0
52;2021-07-03;302;1147;91591;70475;54.1;41.6
52;2021-07-04;0;11;91591;70486;54.1;41.6
52;2021-07-05;173;1448;91764;71934;54.2;42.5
52;2021-07-06;284;1449;92048;73383;54.4;43.4
52;2021-07-07;309;1165;92357;74548;54.6;44.0
52;2021-07-08;473;1165;92830;75713;54.8;44.7
52;2021-07-09;288;1619;93118;77332;55.0;45.7
52;2021-07-10;155;822;93273;78154;55.1;46.2
52;2021-07-11;13;12;93286;78166;55.1;46.2
52;2021-07-12;300;1466;93586;79632;55.3;47.0
52;2021-07-13;590;1369;94176;81001;55.6;47.9
52;2021-07-14;437;152;94613;81153;55.9;47.9
52;2021-07-15;614;1429;95227;82582;56.3;48.8
52;2021-07-16;900;1336;96127;83918;56.8;49.6
52;2021-07-17;530;342;96657;84260;57.1;49.8
52;2021-07-18;3;12;96660;84272;57.1;49.8
52;2021-07-19;690;985;97350;85257;57.5;50.4
52;2021-07-20;1110;832;98460;86089;58.2;50.9
52;2021-07-21;1161;738;99621;86827;58.9;51.3
52;2021-07-22;1445;866;101066;87693;59.7;51.8
52;2021-07-23;1396;957;102462;88650;60.5;52.4
52;2021-07-24;873;486;103335;89136;61.1;52.7
52;2021-07-25;22;21;103357;89157;61.1;52.7
52;2021-07-26;1009;614;104366;89771;61.7;53.0
52;2021-07-27;1342;655;105708;90426;62.5;53.4
52;2021-07-28;1379;642;107087;91068;63.3;53.8
52;2021-07-29;1262;622;108349;91690;64.0;54.2
52;2021-07-30;1364;709;109713;92399;64.8;54.6
52;2021-07-31;873;549;110586;92948;65.3;54.9
52;2021-08-01;1;14;110587;92962;65.3;54.9
52;2021-08-02;1179;562;111766;93524;66.0;55.3
52;2021-08-03;1359;538;113125;94062;66.8;55.6
52;2021-08-04;1148;581;114273;94643;67.5;55.9
52;2021-08-05;1021;575;115294;95218;68.1;56.3
52;2021-08-06;1052;700;116346;95918;68.7;56.7
52;2021-08-07;517;420;116863;96338;69.0;56.9
52;2021-08-08;0;6;116863;96344;69.0;56.9
52;2021-08-09;464;870;117327;97214;69.3;57.4
52;2021-08-10;714;749;118041;97963;69.7;57.9
52;2021-08-11;532;836;118573;98799;70.1;58.4
52;2021-08-12;614;750;119187;99549;70.4;58.8
52;2021-08-13;404;1027;119591;100576;70.7;59.4
52;2021-08-14;417;360;120008;100936;70.9;59.6
52;2021-08-15;12;13;120020;100949;70.9;59.6
52;2021-08-16;325;938;120345;101887;71.1;60.2
52;2021-08-17;406;910;120751;102797;71.3;60.7
52;2021-08-18;474;944;121225;103741;71.6;61.3
52;2021-08-19;456;835;121681;104576;71.9;61.8
52;2021-08-20;384;1210;122065;105786;72.1;62.5
52;2021-08-21;394;603;122459;106389;72.4;62.9
52;2021-08-22;4;11;122463;106400;72.4;62.9
52;2021-08-23;426;1056;122889;107456;72.6;63.5
52;2021-08-24;297;1077;123186;108533;72.8;64.1
52;2021-08-25;250;1061;123436;109594;72.9;64.8
52;2021-08-26;296;915;123732;110509;73.1;65.3
52;2021-08-27;426;1276;124158;111785;73.4;66.0
52;2021-08-28;243;495;124401;112280;73.5;66.3
52;2021-08-29;3;25;124404;112305;73.5;66.4
52;2021-08-30;203;998;124607;113303;73.6;66.9
52;2021-08-31;205;1055;124812;114358;73.7;67.6
52;2021-09-01;180;1067;124992;115425;73.9;68.2
53;2020-12-27;0;0;0;0;0.0;0.0
53;2020-12-28;0;0;0;0;0.0;0.0
53;2020-12-29;0;0;0;0;0.0;0.0
53;2020-12-30;0;0;0;0;0.0;0.0
53;2020-12-31;0;0;0;0;0.0;0.0
53;2021-01-01;0;0;0;0;0.0;0.0
53;2021-01-02;0;0;0;0;0.0;0.0
53;2021-01-03;0;0;0;0;0.0;0.0
53;2021-01-04;1;0;1;0;0.0;0.0
53;2021-01-05;0;0;1;0;0.0;0.0
53;2021-01-06;0;0;1;0;0.0;0.0
53;2021-01-07;102;0;103;0;0.0;0.0
53;2021-01-08;284;1;387;1;0.1;0.0
53;2021-01-09;134;1;521;2;0.2;0.0
53;2021-01-10;15;0;536;2;0.2;0.0
53;2021-01-11;176;0;712;2;0.2;0.0
53;2021-01-12;454;1;1166;3;0.4;0.0
53;2021-01-13;253;0;1419;3;0.5;0.0
53;2021-01-14;290;7;1709;10;0.6;0.0
53;2021-01-15;343;4;2052;14;0.7;0.0
53;2021-01-16;61;0;2113;14;0.7;0.0
53;2021-01-17;24;1;2137;15;0.7;0.0
53;2021-01-18;364;0;2501;15;0.8;0.0
53;2021-01-19;594;0;3095;15;1.0;0.0
53;2021-01-20;742;0;3837;15;1.3;0.0
53;2021-01-21;769;2;4606;17;1.5;0.0
53;2021-01-22;705;2;5311;19;1.7;0.0
53;2021-01-23;160;0;5471;19;1.8;0.0
53;2021-01-24;6;0;5477;19;1.8;0.0
53;2021-01-25;550;0;6027;19;2.0;0.0
53;2021-01-26;1198;6;7225;25;2.4;0.0
53;2021-01-27;696;6;7921;31;2.6;0.0
53;2021-01-28;737;95;8658;126;2.8;0.0
53;2021-01-29;422;185;9080;311;3.0;0.1
53;2021-01-30;129;0;9209;311;3.0;0.1
53;2021-01-31;0;0;9209;311;3.0;0.1
53;2021-02-01;298;149;9507;460;3.1;0.2
53;2021-02-02;309;230;9816;690;3.2;0.2
53;2021-02-03;227;374;10043;1064;3.3;0.3
53;2021-02-04;184;329;10227;1393;3.3;0.5
53;2021-02-05;234;302;10461;1695;3.4;0.6
53;2021-02-06;153;23;10614;1718;3.5;0.6
53;2021-02-07;0;0;10614;1718;3.5;0.6
53;2021-02-08;168;104;10782;1822;3.5;0.6
53;2021-02-09;369;213;11151;2035;3.7;0.7
53;2021-02-10;266;432;11417;2467;3.7;0.8
53;2021-02-11;432;490;11849;2957;3.9;1.0
53;2021-02-12;318;569;12167;3526;4.0;1.2
53;2021-02-13;96;63;12263;3589;4.0;1.2
53;2021-02-14;0;99;12263;3688;4.0;1.2
53;2021-02-15;239;417;12502;4105;4.1;1.3
53;2021-02-16;528;822;13030;4927;4.3;1.6
53;2021-02-17;391;606;13421;5533;4.4;1.8
53;2021-02-18;547;567;13968;6100;4.6;2.0
53;2021-02-19;895;413;14863;6513;4.9;2.1
53;2021-02-20;139;110;15002;6623;4.9;2.2
53;2021-02-21;1;20;15003;6643;4.9;2.2
53;2021-02-22;161;567;15164;7210;5.0;2.4
53;2021-02-23;59;641;15223;7851;5.0;2.6
53;2021-02-24;137;503;15360;8354;5.0;2.7
53;2021-02-25;457;355;15817;8709;5.2;2.9
53;2021-02-26;438;259;16255;8968;5.3;2.9
53;2021-02-27;86;113;16341;9081;5.4;3.0
53;2021-02-28;0;0;16341;9081;5.4;3.0
53;2021-03-01;230;275;16571;9356;5.4;3.1
53;2021-03-02;246;253;16817;9609;5.5;3.1
53;2021-03-03;321;391;17138;10000;5.6;3.3
53;2021-03-04;860;343;17998;10343;5.9;3.4
53;2021-03-05;659;280;18657;10623;6.1;3.5
53;2021-03-06;447;211;19104;10834;6.3;3.5
53;2021-03-07;276;5;19380;10839;6.3;3.5
53;2021-03-08;375;179;19755;11018;6.5;3.6
53;2021-03-09;878;247;20633;11265;6.8;3.7
53;2021-03-10;807;109;21440;11374;7.0;3.7
53;2021-03-11;1247;227;22687;11601;7.4;3.8
53;2021-03-12;1603;146;24290;11747;8.0;3.8
53;2021-03-13;824;12;25114;11759;8.2;3.9
53;2021-03-14;1;0;25115;11759;8.2;3.9
53;2021-03-15;1002;299;26117;12058;8.6;3.9
53;2021-03-16;1035;331;27152;12389;8.9;4.1
53;2021-03-17;685;259;27837;12648;9.1;4.1
53;2021-03-18;972;345;28809;12993;9.4;4.3
53;2021-03-19;1344;599;30153;13592;9.9;4.5
53;2021-03-20;592;17;30745;13609;10.1;4.5
53;2021-03-21;3;0;30748;13609;10.1;4.5
53;2021-03-22;1213;157;31961;13766;10.5;4.5
53;2021-03-23;1698;71;33659;13837;11.0;4.5
53;2021-03-24;1323;118;34982;13955;11.5;4.6
53;2021-03-25;2323;236;37305;14191;12.2;4.6
53;2021-03-26;1884;150;39189;14341;12.8;4.7
53;2021-03-27;339;3;39528;14344;12.9;4.7
53;2021-03-28;2;0;39530;14344;12.9;4.7
53;2021-03-29;1474;213;41004;14557;13.4;4.8
53;2021-03-30;1944;201;42948;14758;14.1;4.8
53;2021-03-31;1791;223;44739;14981;14.7;4.9
53;2021-04-01;1947;673;46686;15654;15.3;5.1
53;2021-04-02;2075;227;48761;15881;16.0;5.2
53;2021-04-03;414;1;49175;15882;16.1;5.2
53;2021-04-04;10;0;49185;15882;16.1;5.2
53;2021-04-05;9;15;49194;15897;16.1;5.2
53;2021-04-06;1304;502;50498;16399;16.5;5.4
53;2021-04-07;1176;925;51674;17324;16.9;5.7
53;2021-04-08;1663;1006;53337;18330;17.5;6.0
53;2021-04-09;1958;405;55295;18735;18.1;6.1
53;2021-04-10;543;13;55838;18748;18.3;6.1
53;2021-04-11;12;0;55850;18748;18.3;6.1
53;2021-04-12;694;1067;56544;19815;18.5;6.5
53;2021-04-13;1470;1108;58014;20923;19.0;6.9
53;2021-04-14;1024;737;59038;21660;19.3;7.1
53;2021-04-15;1158;1107;60196;22767;19.7;7.5
53;2021-04-16;1271;816;61467;23583;20.1;7.7
53;2021-04-17;281;274;61748;23857;20.2;7.8
53;2021-04-18;0;0;61748;23857;20.2;7.8
53;2021-04-19;681;1068;62429;24925;20.4;8.2
53;2021-04-20;936;1452;63365;26377;20.8;8.6
53;2021-04-21;851;1011;64216;27388;21.0;9.0
53;2021-04-22;1046;1613;65262;29001;21.4;9.5
53;2021-04-23;1328;1053;66590;30054;21.8;9.8
53;2021-04-24;68;7;66658;30061;21.8;9.8
53;2021-04-25;6;39;66664;30100;21.8;9.9
53;2021-04-26;368;1238;67032;31338;22.0;10.3
53;2021-04-27;724;1972;67756;33310;22.2;10.9
53;2021-04-28;978;1394;68734;34704;22.5;11.4
53;2021-04-29;1051;1712;69785;36416;22.9;11.9
53;2021-04-30;1367;1314;71152;37730;23.3;12.4
53;2021-05-01;36;50;71188;37780;23.3;12.4
53;2021-05-02;0;0;71188;37780;23.3;12.4
53;2021-05-03;1570;708;72758;38488;23.8;12.6
53;2021-05-04;1304;1443;74062;39931;24.3;13.1
53;2021-05-05;1611;827;75673;40758;24.8;13.3
53;2021-05-06;1391;1400;77064;42158;25.2;13.8
53;2021-05-07;1538;1302;78602;43460;25.7;14.2
53;2021-05-08;939;36;79541;43496;26.0;14.2
53;2021-05-09;11;2;79552;43498;26.1;14.2
53;2021-05-10;2416;815;81968;44313;26.8;14.5
53;2021-05-11;3097;1286;85065;45599;27.9;14.9
53;2021-05-12;2750;1093;87815;46692;28.8;15.3
53;2021-05-13;350;28;88165;46720;28.9;15.3
53;2021-05-14;2021;679;90186;47399;29.5;15.5
53;2021-05-15;1058;64;91244;47463;29.9;15.5
53;2021-05-16;3;0;91247;47463;29.9;15.5
53;2021-05-17;1701;1196;92948;48659;30.4;15.9
53;2021-05-18;1881;1550;94829;50209;31.1;16.4
53;2021-05-19;2303;745;97132;50954;31.8;16.7
53;2021-05-20;3217;867;100349;51821;32.9;17.0
53;2021-05-21;2798;830;103147;52651;33.8;17.2
53;2021-05-22;21;60;103168;52711;33.8;17.3
53;2021-05-23;0;0;103168;52711;33.8;17.3
53;2021-05-24;8;6;103176;52717;33.8;17.3
53;2021-05-25;1819;803;104995;53520;34.4;17.5
53;2021-05-26;1852;904;106847;54424;35.0;17.8
53;2021-05-27;3073;1078;109920;55502;36.0;18.2
53;2021-05-28;2562;879;112482;56381;36.8;18.5
53;2021-05-29;846;244;113328;56625;37.1;18.5
53;2021-05-30;18;6;113346;56631;37.1;18.5
53;2021-05-31;2564;803;115910;57434;38.0;18.8
53;2021-06-01;3490;1259;119400;58693;39.1;19.2
53;2021-06-02;3183;526;122583;59219;40.1;19.4
53;2021-06-03;4198;788;126781;60007;41.5;19.7
53;2021-06-04;3180;1266;129961;61273;42.6;20.1
53;2021-06-05;137;245;130098;61518;42.6;20.1
53;2021-06-06;1;4;130099;61522;42.6;20.1
53;2021-06-07;2629;923;132728;62445;43.5;20.4
53;2021-06-08;3589;1130;136317;63575;44.6;20.8
53;2021-06-09;2454;942;138771;64517;45.4;21.1
53;2021-06-10;3521;849;142292;65366;46.6;21.4
53;2021-06-11;2966;1214;145258;66580;47.6;21.8
53;2021-06-12;108;138;145366;66718;47.6;21.8
53;2021-06-13;10;2;145376;66720;47.6;21.8
53;2021-06-14;1600;1789;146976;68509;48.1;22.4
53;2021-06-15;1899;2264;148875;70773;48.8;23.2
53;2021-06-16;1826;1732;150701;72505;49.4;23.7
53;2021-06-17;3012;1650;153713;74155;50.3;24.3
53;2021-06-18;2702;1809;156415;75964;51.2;24.9
53;2021-06-19;762;1166;157177;77130;51.5;25.3
53;2021-06-20;3;479;157180;77609;51.5;25.4
53;2021-06-21;918;2526;158098;80135;51.8;26.2
53;2021-06-22;1299;3452;159397;83587;52.2;27.4
53;2021-06-23;1363;2892;160760;86479;52.6;28.3
53;2021-06-24;1802;2032;162562;88511;53.2;29.0
53;2021-06-25;1784;2045;164346;90556;53.8;29.7
53;2021-06-26;977;350;165323;90906;54.1;29.8
53;2021-06-27;8;8;165331;90914;54.1;29.8
53;2021-06-28;662;2901;165993;93815;54.4;30.7
53;2021-06-29;858;3646;166851;97461;54.6;31.9
53;2021-06-30;748;1519;167599;98980;54.9;32.4
53;2021-07-01;1507;2631;169106;101611;55.4;33.3
53;2021-07-02;1528;2026;170634;103637;55.9;33.9
53;2021-07-03;857;573;171491;104210;56.2;34.1
53;2021-07-04;0;4;171491;104214;56.2;34.1
53;2021-07-05;542;2060;172033;106274;56.3;34.8
53;2021-07-06;861;3616;172894;109890;56.6;36.0
53;2021-07-07;1024;2652;173918;112542;57.0;36.9
53;2021-07-08;1313;3118;175231;115660;57.4;37.9
53;2021-07-09;1131;3396;176362;119056;57.8;39.0
53;2021-07-10;422;1000;176784;120056;57.9;39.3
53;2021-07-11;12;20;176796;120076;57.9;39.3
53;2021-07-12;503;3708;177299;123784;58.1;40.5
53;2021-07-13;895;4764;178194;128548;58.4;42.1
53;2021-07-14;104;284;178298;128832;58.4;42.2
53;2021-07-15;1112;4348;179410;133180;58.8;43.6
53;2021-07-16;1248;3847;180658;137027;59.2;44.9
53;2021-07-17;1316;299;181974;137326;59.6;45.0
53;2021-07-18;27;20;182001;137346;59.6;45.0
53;2021-07-19;734;3428;182735;140774;59.8;46.1
53;2021-07-20;985;4124;183720;144898;60.2;47.5
53;2021-07-21;684;3276;184404;148174;60.4;48.5
53;2021-07-22;1512;3523;185916;151697;60.9;49.7
53;2021-07-23;1604;3762;187520;155459;61.4;50.9
53;2021-07-24;956;281;188476;155740;61.7;51.0
53;2021-07-25;60;24;188536;155764;61.7;51.0
53;2021-07-26;1727;1941;190263;157705;62.3;51.6
53;2021-07-27;2357;2823;192620;160528;63.1;52.6
53;2021-07-28;2145;2813;194765;163341;63.8;53.5
53;2021-07-29;2493;2545;197258;165886;64.6;54.3
53;2021-07-30;1828;2646;199086;168532;65.2;55.2
53;2021-07-31;626;231;199712;168763;65.4;55.3
53;2021-08-01;37;25;199749;168788;65.4;55.3
53;2021-08-02;2084;1732;201833;170520;66.1;55.8
53;2021-08-03;2410;1905;204243;172425;66.9;56.5
53;2021-08-04;2478;1858;206721;174283;67.7;57.1
53;2021-08-05;2866;1538;209587;175821;68.6;57.6
53;2021-08-06;2515;1719;212102;177540;69.5;58.1
53;2021-08-07;480;269;212582;177809;69.6;58.2
53;2021-08-08;6;19;212588;177828;69.6;58.2
53;2021-08-09;1838;1649;214426;179477;70.2;58.8
53;2021-08-10;2317;1748;216743;181225;71.0;59.3
53;2021-08-11;1679;861;218422;182086;71.5;59.6
53;2021-08-12;1998;983;220420;183069;72.2;60.0
53;2021-08-13;2036;1303;222456;184372;72.8;60.4
53;2021-08-14;66;63;222522;184435;72.9;60.4
53;2021-08-15;1;2;222523;184437;72.9;60.4
53;2021-08-16;1327;1596;223850;186033;73.3;60.9
53;2021-08-17;1546;1655;225396;187688;73.8;61.5
53;2021-08-18;1515;1602;226911;189290;74.3;62.0
53;2021-08-19;1372;1973;228283;191263;74.8;62.6
53;2021-08-20;1093;2081;229376;193344;75.1;63.3
53;2021-08-21;189;342;229565;193686;75.2;63.4
53;2021-08-22;0;0;229565;193686;75.2;63.4
53;2021-08-23;842;1910;230407;195596;75.5;64.1
53;2021-08-24;901;2114;231308;197710;75.7;64.7
53;2021-08-25;908;2271;232216;199981;76.0;65.5
53;2021-08-26;666;2611;232882;202592;76.3;66.3
53;2021-08-27;752;2642;233634;205234;76.5;67.2
53;2021-08-28;48;133;233682;205367;76.5;67.3
53;2021-08-29;11;31;233693;205398;76.5;67.3
53;2021-08-30;618;2104;234311;207502;76.7;68.0
53;2021-08-31;758;2917;235069;210419;77.0;68.9
53;2021-09-01;339;1632;235408;212051;77.1;69.4
54;2020-12-27;0;0;0;0;0.0;0.0
54;2020-12-28;1;0;1;0;0.0;0.0
54;2020-12-29;0;0;1;0;0.0;0.0
54;2020-12-30;0;0;1;0;0.0;0.0
54;2020-12-31;10;0;11;0;0.0;0.0
54;2021-01-01;0;0;11;0;0.0;0.0
54;2021-01-02;0;0;11;0;0.0;0.0
54;2021-01-03;1;0;12;0;0.0;0.0
54;2021-01-04;163;0;175;0;0.0;0.0
54;2021-01-05;395;0;570;0;0.1;0.0
54;2021-01-06;650;1;1220;1;0.2;0.0
54;2021-01-07;817;2;2037;3;0.3;0.0
54;2021-01-08;706;3;2743;6;0.4;0.0
54;2021-01-09;81;0;2824;6;0.4;0.0
54;2021-01-10;78;0;2902;6;0.4;0.0
54;2021-01-11;974;3;3876;9;0.5;0.0
54;2021-01-12;1181;1;5057;10;0.7;0.0
54;2021-01-13;2425;8;7482;18;1.0;0.0
54;2021-01-14;3400;30;10882;48;1.5;0.0
54;2021-01-15;2720;13;13602;61;1.9;0.0
54;2021-01-16;815;3;14417;64;2.0;0.0
54;2021-01-17;209;0;14626;64;2.0;0.0
54;2021-01-18;1557;6;16183;70;2.2;0.0
54;2021-01-19;1705;0;17888;70;2.4;0.0
54;2021-01-20;1525;4;19413;74;2.7;0.0
54;2021-01-21;1372;4;20785;78;2.8;0.0
54;2021-01-22;1092;8;21877;86;3.0;0.0
54;2021-01-23;478;1;22355;87;3.1;0.0
54;2021-01-24;66;0;22421;87;3.1;0.0
54;2021-01-25;946;30;23367;117;3.2;0.0
54;2021-01-26;142;5;23509;122;3.2;0.0
54;2021-01-27;12;156;23521;278;3.2;0.0
54;2021-01-28;32;222;23553;500;3.2;0.1
54;2021-01-29;18;270;23571;770;3.2;0.1
54;2021-01-30;7;0;23578;770;3.2;0.1
54;2021-01-31;1;0;23579;770;3.2;0.1
54;2021-02-01;13;772;23592;1542;3.2;0.2
54;2021-02-02;22;951;23614;2493;3.2;0.3
54;2021-02-03;363;1492;23977;3985;3.3;0.5
54;2021-02-04;738;2390;24715;6375;3.4;0.9
54;2021-02-05;797;1866;25512;8241;3.5;1.1
54;2021-02-06;204;319;25716;8560;3.5;1.2
54;2021-02-07;4;119;25720;8679;3.5;1.2
54;2021-02-08;117;970;25837;9649;3.5;1.3
54;2021-02-09;305;1047;26142;10696;3.6;1.5
54;2021-02-10;385;781;26527;11477;3.6;1.6
54;2021-02-11;294;792;26821;12269;3.7;1.7
54;2021-02-12;446;1259;27267;13528;3.7;1.9
54;2021-02-13;148;236;27415;13764;3.8;1.9
54;2021-02-14;9;11;27424;13775;3.8;1.9
54;2021-02-15;428;1098;27852;14873;3.8;2.0
54;2021-02-16;401;1190;28253;16063;3.9;2.2
54;2021-02-17;518;937;28771;17000;3.9;2.3
54;2021-02-18;595;766;29366;17766;4.0;2.4
54;2021-02-19;520;744;29886;18510;4.1;2.5
54;2021-02-20;33;277;29919;18787;4.1;2.6
54;2021-02-21;3;25;29922;18812;4.1;2.6
54;2021-02-22;484;585;30406;19397;4.2;2.7
54;2021-02-23;679;548;31085;19945;4.3;2.7
54;2021-02-24;728;351;31813;20296;4.4;2.8
54;2021-02-25;1475;716;33288;21012;4.6;2.9
54;2021-02-26;1775;783;35063;21795;4.8;3.0
54;2021-02-27;698;110;35761;21905;4.9;3.0
54;2021-02-28;11;28;35772;21933;4.9;3.0
54;2021-03-01;650;218;36422;22151;5.0;3.0
54;2021-03-02;1506;146;37928;22297;5.2;3.1
54;2021-03-03;1763;62;39691;22359;5.4;3.1
54;2021-03-04;2028;100;41719;22459;5.7;3.1
54;2021-03-05;2796;144;44515;22603;6.1;3.1
54;2021-03-06;4045;113;48560;22716;6.6;3.1
54;2021-03-07;2626;70;51186;22786;7.0;3.1
54;2021-03-08;1337;65;52523;22851;7.2;3.1
54;2021-03-09;2646;105;55169;22956;7.6;3.1
54;2021-03-10;3195;109;58364;23065;8.0;3.2
54;2021-03-11;3392;102;61756;23167;8.5;3.2
54;2021-03-12;4983;182;66739;23349;9.1;3.2
54;2021-03-13;4206;115;70945;23464;9.7;3.2
54;2021-03-14;543;40;71488;23504;9.8;3.2
54;2021-03-15;1719;104;73207;23608;10.0;3.2
54;2021-03-16;1735;176;74942;23784;10.3;3.3
54;2021-03-17;2082;151;77024;23935;10.5;3.3
54;2021-03-18;2060;171;79084;24106;10.8;3.3
54;2021-03-19;3319;274;82403;24380;11.3;3.3
54;2021-03-20;2311;77;84714;24457;11.6;3.3
54;2021-03-21;295;15;85009;24472;11.6;3.4
54;2021-03-22;1034;332;86043;24804;11.8;3.4
54;2021-03-23;1936;524;87979;25328;12.0;3.5
54;2021-03-24;2195;714;90174;26042;12.3;3.6
54;2021-03-25;3177;727;93351;26769;12.8;3.7
54;2021-03-26;3516;821;96867;27590;13.3;3.8
54;2021-03-27;2419;287;99286;27877;13.6;3.8
54;2021-03-28;278;6;99564;27883;13.6;3.8
54;2021-03-29;1669;387;101233;28270;13.9;3.9
54;2021-03-30;2558;982;103791;29252;14.2;4.0
54;2021-03-31;2598;1153;106389;30405;14.6;4.2
54;2021-04-01;3238;1284;109627;31689;15.0;4.3
54;2021-04-02;2964;1686;112591;33375;15.4;4.6
54;2021-04-03;1263;1308;113854;34683;15.6;4.7
54;2021-04-04;137;421;113991;35104;15.6;4.8
54;2021-04-05;145;574;114136;35678;15.6;4.9
54;2021-04-06;1269;1666;115405;37344;15.8;5.1
54;2021-04-07;926;2267;116331;39611;15.9;5.4
54;2021-04-08;2326;2445;118657;42056;16.2;5.8
54;2021-04-09;4123;3153;122780;45209;16.8;6.2
54;2021-04-10;3208;1682;125988;46891;17.2;6.4
54;2021-04-11;207;1002;126195;47893;17.3;6.6
54;2021-04-12;2198;1533;128393;49426;17.6;6.8
54;2021-04-13;3002;1977;131395;51403;18.0;7.0
54;2021-04-14;3263;1871;134658;53274;18.4;7.3
54;2021-04-15;2876;2296;137534;55570;18.8;7.6
54;2021-04-16;3143;2604;140677;58174;19.3;8.0
54;2021-04-17;3475;1491;144152;59665;19.7;8.2
54;2021-04-18;64;245;144216;59910;19.7;8.2
54;2021-04-19;2462;1082;146678;60992;20.1;8.4
54;2021-04-20;3011;1251;149689;62243;20.5;8.5
54;2021-04-21;4403;1634;154092;63877;21.1;8.7
54;2021-04-22;3721;2387;157813;66264;21.6;9.1
54;2021-04-23;3866;2077;161679;68341;22.1;9.4
54;2021-04-24;2345;1038;164024;69379;22.5;9.5
54;2021-04-25;283;276;164307;69655;22.5;9.5
54;2021-04-26;2305;1272;166612;70927;22.8;9.7
54;2021-04-27;3288;1439;169900;72366;23.3;9.9
54;2021-04-28;2978;1952;172878;74318;23.7;10.2
54;2021-04-29;3795;2081;176673;76399;24.2;10.5
54;2021-04-30;4491;1976;181164;78375;24.8;10.7
54;2021-05-01;2264;804;183428;79179;25.1;10.8
54;2021-05-02;229;68;183657;79247;25.1;10.8
54;2021-05-03;3097;943;186754;80190;25.6;11.0
54;2021-05-04;3517;1452;190271;81642;26.1;11.2
54;2021-05-05;4896;1414;195167;83056;26.7;11.4
54;2021-05-06;4437;2802;199604;85858;27.3;11.8
54;2021-05-07;4824;3412;204428;89270;28.0;12.2
54;2021-05-08;2030;644;206458;89914;28.3;12.3
54;2021-05-09;375;136;206833;90050;28.3;12.3
54;2021-05-10;3207;2240;210040;92290;28.8;12.6
54;2021-05-11;5491;2935;215531;95225;29.5;13.0
54;2021-05-12;4145;3390;219676;98615;30.1;13.5
54;2021-05-13;2646;491;222322;99106;30.4;13.6
54;2021-05-14;6885;1998;229207;101104;31.4;13.8
54;2021-05-15;5484;1318;234691;102422;32.1;14.0
54;2021-05-16;946;109;235637;102531;32.3;14.0
54;2021-05-17;3797;828;239434;103359;32.8;14.2
54;2021-05-18;3289;1103;242723;104462;33.2;14.3
54;2021-05-19;3465;1513;246188;105975;33.7;14.5
54;2021-05-20;4538;1623;250726;107598;34.3;14.7
54;2021-05-21;6753;2513;257479;110111;35.3;15.1
54;2021-05-22;5659;1372;263138;111483;36.0;15.3
54;2021-05-23;504;54;263642;111537;36.1;15.3
54;2021-05-24;1444;344;265086;111881;36.3;15.3
54;2021-05-25;4199;1539;269285;113420;36.9;15.5
54;2021-05-26;3535;2214;272820;115634;37.4;15.8
54;2021-05-27;4182;2438;277002;118072;37.9;16.2
54;2021-05-28;4980;3566;281982;121638;38.6;16.7
54;2021-05-29;3847;3990;285829;125628;39.1;17.2
54;2021-05-30;127;83;285956;125711;39.2;17.2
54;2021-05-31;2939;3066;288895;128777;39.6;17.6
54;2021-06-01;2621;4202;291516;132979;39.9;18.2
54;2021-06-02;2164;4098;293680;137077;40.2;18.8
54;2021-06-03;3145;5660;296825;142737;40.6;19.5
54;2021-06-04;5100;5485;301925;148222;41.3;20.3
54;2021-06-05;2342;3283;304267;151505;41.7;20.7
54;2021-06-06;71;236;304338;151741;41.7;20.8
54;2021-06-07;3704;2933;308042;154674;42.2;21.2
54;2021-06-08;4544;4266;312586;158940;42.8;21.8
54;2021-06-09;6005;3315;318591;162255;43.6;22.2
54;2021-06-10;5299;4450;323890;166705;44.3;22.8
54;2021-06-11;5021;4917;328911;171622;45.0;23.5
54;2021-06-12;4244;3230;333155;174852;45.6;23.9
54;2021-06-13;54;210;333209;175062;45.6;24.0
54;2021-06-14;2331;3593;335540;178655;45.9;24.5
54;2021-06-15;2831;4735;338371;183390;46.3;25.1
54;2021-06-16;3489;5660;341860;189050;46.8;25.9
54;2021-06-17;3138;5219;344998;194269;47.2;26.6
54;2021-06-18;4156;6239;349154;200508;47.8;27.5
54;2021-06-19;2646;3127;351800;203635;48.2;27.9
54;2021-06-20;101;339;351901;203974;48.2;27.9
54;2021-06-21;2558;4768;354459;208742;48.5;28.6
54;2021-06-22;2043;6226;356502;214968;48.8;29.4
54;2021-06-23;2245;5591;358747;220559;49.1;30.2
54;2021-06-24;2093;3457;360840;224016;49.4;30.7
54;2021-06-25;2201;7056;363041;231072;49.7;31.6
54;2021-06-26;2381;5669;365422;236741;50.0;32.4
54;2021-06-27;134;608;365556;237349;50.0;32.5
54;2021-06-28;1962;4351;367518;241700;50.3;33.1
54;2021-06-29;1937;5206;369455;246906;50.6;33.8
54;2021-06-30;1982;5120;371437;252026;50.9;34.5
54;2021-07-01;2139;5984;373576;258010;51.1;35.3
54;2021-07-02;2816;7563;376392;265573;51.5;36.4
54;2021-07-03;2835;4096;379227;269669;51.9;36.9
54;2021-07-04;195;498;379422;270167;51.9;37.0
54;2021-07-05;1671;4255;381093;274422;52.2;37.6
54;2021-07-06;2001;5076;383094;279498;52.5;38.3
54;2021-07-07;1905;4840;384999;284338;52.7;38.9
54;2021-07-08;1679;4111;386678;288449;52.9;39.5
54;2021-07-09;3203;6026;389881;294475;53.4;40.3
54;2021-07-10;2542;4373;392423;298848;53.7;40.9
54;2021-07-11;8;103;392431;298951;53.7;40.9
54;2021-07-12;2100;4688;394531;303639;54.0;41.6
54;2021-07-13;2621;4973;397152;308612;54.4;42.3
54;2021-07-14;1535;1503;398687;310115;54.6;42.5
54;2021-07-15;3174;4838;401861;314953;55.0;43.1
54;2021-07-16;4664;6224;406525;321177;55.7;44.0
54;2021-07-17;4007;4768;410532;325945;56.2;44.6
54;2021-07-18;1804;1681;412336;327626;56.5;44.9
54;2021-07-19;2590;4043;414926;331669;56.8;45.4
54;2021-07-20;2907;4814;417833;336483;57.2;46.1
54;2021-07-21;3132;6339;420965;342822;57.6;46.9
54;2021-07-22;3275;5735;424240;348557;58.1;47.7
54;2021-07-23;3982;6991;428222;355548;58.6;48.7
54;2021-07-24;2944;5323;431166;360871;59.0;49.4
54;2021-07-25;71;50;431237;360921;59.0;49.4
54;2021-07-26;2981;4175;434218;365096;59.4;50.0
54;2021-07-27;3712;4007;437930;369103;60.0;50.5
54;2021-07-28;5203;3863;443133;372966;60.7;51.1
54;2021-07-29;5153;3207;448286;376173;61.4;51.5
54;2021-07-30;5128;4997;453414;381170;62.1;52.2
54;2021-07-31;4526;3228;457940;384398;62.7;52.6
54;2021-08-01;256;73;458196;384471;62.7;52.6
54;2021-08-02;3078;3706;461274;388177;63.2;53.1
54;2021-08-03;4097;2916;465371;391093;63.7;53.5
54;2021-08-04;4407;2697;469778;393790;64.3;53.9
54;2021-08-05;4609;2432;474387;396222;64.9;54.2
54;2021-08-06;5428;3999;479815;400221;65.7;54.8
54;2021-08-07;3650;2828;483465;403049;66.2;55.2
54;2021-08-08;247;114;483712;403163;66.2;55.2
54;2021-08-09;2968;2693;486680;405856;66.6;55.6
54;2021-08-10;2549;3767;489229;409623;67.0;56.1
54;2021-08-11;2320;2567;491549;412190;67.3;56.4
54;2021-08-12;2147;3013;493696;415203;67.6;56.8
54;2021-08-13;2586;4453;496282;419656;67.9;57.5
54;2021-08-14;1409;2078;497691;421734;68.1;57.7
54;2021-08-15;30;43;497721;421777;68.1;57.7
54;2021-08-16;1824;3430;499545;425207;68.4;58.2
54;2021-08-17;1926;3312;501471;428519;68.7;58.7
54;2021-08-18;1483;4100;502954;432619;68.9;59.2
54;2021-08-19;1241;2788;504195;435407;69.0;59.6
54;2021-08-20;1840;4932;506035;440339;69.3;60.3
54;2021-08-21;1452;4017;507487;444356;69.5;60.8
54;2021-08-22;58;27;507545;444383;69.5;60.8
54;2021-08-23;1200;3843;508745;448226;69.7;61.4
54;2021-08-24;1115;3153;509860;451379;69.8;61.8
54;2021-08-25;1401;4373;511261;455752;70.0;62.4
54;2021-08-26;991;3106;512252;458858;70.1;62.8
54;2021-08-27;1494;5316;513746;464174;70.3;63.6
54;2021-08-28;1079;4254;514825;468428;70.5;64.1
54;2021-08-29;14;50;514839;468478;70.5;64.1
54;2021-08-30;1175;4186;516014;472664;70.6;64.7
54;2021-08-31;1033;4688;517047;477352;70.8;65.4
54;2021-09-01;1037;3717;518084;481069;70.9;65.9
55;2020-12-27;0;0;0;0;0.0;0.0
55;2020-12-28;0;0;0;0;0.0;0.0
55;2020-12-29;0;0;0;0;0.0;0.0
55;2020-12-30;0;0;0;0;0.0;0.0
55;2020-12-31;0;0;0;0;0.0;0.0
55;2021-01-01;0;0;0;0;0.0;0.0
55;2021-01-02;0;0;0;0;0.0;0.0
55;2021-01-03;0;0;0;0;0.0;0.0
55;2021-01-04;1;0;1;0;0.0;0.0
55;2021-01-05;0;0;1;0;0.0;0.0
55;2021-01-06;0;0;1;0;0.0;0.0
55;2021-01-07;122;0;123;0;0.1;0.0
55;2021-01-08;127;0;250;0;0.1;0.0
55;2021-01-09;52;0;302;0;0.2;0.0
55;2021-01-10;0;0;302;0;0.2;0.0
55;2021-01-11;128;1;430;1;0.2;0.0
55;2021-01-12;119;0;549;1;0.3;0.0
55;2021-01-13;135;0;684;1;0.4;0.0
55;2021-01-14;644;7;1328;8;0.7;0.0
55;2021-01-15;237;0;1565;8;0.9;0.0
55;2021-01-16;62;0;1627;8;0.9;0.0
55;2021-01-17;1;0;1628;8;0.9;0.0
55;2021-01-18;413;1;2041;9;1.1;0.0
55;2021-01-19;352;3;2393;12;1.3;0.0
55;2021-01-20;453;2;2846;14;1.6;0.0
55;2021-01-21;430;0;3276;14;1.8;0.0
55;2021-01-22;391;0;3667;14;2.0;0.0
55;2021-01-23;49;0;3716;14;2.0;0.0
55;2021-01-24;0;0;3716;14;2.0;0.0
55;2021-01-25;436;0;4152;14;2.3;0.0
55;2021-01-26;431;0;4583;14;2.5;0.0
55;2021-01-27;424;0;5007;14;2.8;0.0
55;2021-01-28;485;97;5492;111;3.0;0.1
55;2021-01-29;159;54;5651;165;3.1;0.1
55;2021-01-30;92;28;5743;193;3.2;0.1
55;2021-01-31;0;0;5743;193;3.2;0.1
55;2021-02-01;153;175;5896;368;3.2;0.2
55;2021-02-02;159;146;6055;514;3.3;0.3
55;2021-02-03;53;157;6108;671;3.4;0.4
55;2021-02-04;234;398;6342;1069;3.5;0.6
55;2021-02-05;174;139;6516;1208;3.6;0.7
55;2021-02-06;62;56;6578;1264;3.6;0.7
55;2021-02-07;2;53;6580;1317;3.6;0.7
55;2021-02-08;0;18;6580;1335;3.6;0.7
55;2021-02-09;92;116;6672;1451;3.7;0.8
55;2021-02-10;65;23;6737;1474;3.7;0.8
55;2021-02-11;175;98;6912;1572;3.8;0.9
55;2021-02-12;94;28;7006;1600;3.9;0.9
55;2021-02-13;0;0;7006;1600;3.9;0.9
55;2021-02-14;0;0;7006;1600;3.9;0.9
55;2021-02-15;15;401;7021;2001;3.9;1.1
55;2021-02-16;143;385;7164;2386;3.9;1.3
55;2021-02-17;26;485;7190;2871;4.0;1.6
55;2021-02-18;20;336;7210;3207;4.0;1.8
55;2021-02-19;125;282;7335;3489;4.0;1.9
55;2021-02-20;11;0;7346;3489;4.0;1.9
55;2021-02-21;0;0;7346;3489;4.0;1.9
55;2021-02-22;55;447;7401;3936;4.1;2.2
55;2021-02-23;85;434;7486;4370;4.1;2.4
55;2021-02-24;72;412;7558;4782;4.2;2.6
55;2021-02-25;270;679;7828;5461;4.3;3.0
55;2021-02-26;324;231;8152;5692;4.5;3.1
55;2021-02-27;125;87;8277;5779;4.6;3.2
55;2021-02-28;2;8;8279;5787;4.6;3.2
55;2021-03-01;77;139;8356;5926;4.6;3.3
55;2021-03-02;124;168;8480;6094;4.7;3.4
55;2021-03-03;198;3;8678;6097;4.8;3.4
55;2021-03-04;238;43;8916;6140;4.9;3.4
55;2021-03-05;362;47;9278;6187;5.1;3.4
55;2021-03-06;224;6;9502;6193;5.2;3.4
55;2021-03-07;74;1;9576;6194;5.3;3.4
55;2021-03-08;329;48;9905;6242;5.5;3.4
55;2021-03-09;635;50;10540;6292;5.8;3.5
55;2021-03-10;396;24;10936;6316;6.0;3.5
55;2021-03-11;597;146;11533;6462;6.3;3.6
55;2021-03-12;815;93;12348;6555;6.8;3.6
55;2021-03-13;523;12;12871;6567;7.1;3.6
55;2021-03-14;14;0;12885;6567;7.1;3.6
55;2021-03-15;393;24;13278;6591;7.3;3.6
55;2021-03-16;568;108;13846;6699;7.6;3.7
55;2021-03-17;683;21;14529;6720;8.0;3.7
55;2021-03-18;323;23;14852;6743;8.2;3.7
55;2021-03-19;471;59;15323;6802;8.4;3.7
55;2021-03-20;254;15;15577;6817;8.6;3.8
55;2021-03-21;1;1;15578;6818;8.6;3.8
55;2021-03-22;474;20;16052;6838;8.8;3.8
55;2021-03-23;972;65;17024;6903;9.4;3.8
55;2021-03-24;802;42;17826;6945;9.8;3.8
55;2021-03-25;1098;81;18924;7026;10.4;3.9
55;2021-03-26;602;35;19526;7061;10.7;3.9
55;2021-03-27;256;23;19782;7084;10.9;3.9
55;2021-03-28;0;0;19782;7084;10.9;3.9
55;2021-03-29;944;39;20726;7123;11.4;3.9
55;2021-03-30;1425;72;22151;7195;12.2;4.0
55;2021-03-31;1484;69;23635;7264;13.0;4.0
55;2021-04-01;1206;127;24841;7391;13.7;4.1
55;2021-04-02;902;74;25743;7465;14.2;4.1
55;2021-04-03;93;12;25836;7477;14.2;4.1
55;2021-04-04;2;0;25838;7477;14.2;4.1
55;2021-04-05;6;12;25844;7489;14.2;4.1
55;2021-04-06;933;277;26777;7766;14.7;4.3
55;2021-04-07;993;237;27770;8003;15.3;4.4
55;2021-04-08;1649;421;29419;8424;16.2;4.6
55;2021-04-09;1430;262;30849;8686;17.0;4.8
55;2021-04-10;242;174;31091;8860;17.1;4.9
55;2021-04-11;452;21;31543;8881;17.4;4.9
55;2021-04-12;855;329;32398;9210;17.8;5.1
55;2021-04-13;1355;529;33753;9739;18.6;5.4
55;2021-04-14;1372;728;35125;10467;19.3;5.8
55;2021-04-15;1636;459;36761;10926;20.2;6.0
55;2021-04-16;705;379;37466;11305;20.6;6.2
55;2021-04-17;677;31;38143;11336;21.0;6.2
55;2021-04-18;38;18;38181;11354;21.0;6.3
55;2021-04-19;961;347;39142;11701;21.5;6.4
55;2021-04-20;1173;775;40315;12476;22.2;6.9
55;2021-04-21;991;640;41306;13116;22.7;7.2
55;2021-04-22;1099;677;42405;13793;23.3;7.6
55;2021-04-23;1424;596;43829;14389;24.1;7.9
55;2021-04-24;313;124;44142;14513;24.3;8.0
55;2021-04-25;384;51;44526;14564;24.5;8.0
55;2021-04-26;478;816;45004;15380;24.8;8.5
55;2021-04-27;570;995;45574;16375;25.1;9.0
55;2021-04-28;931;816;46505;17191;25.6;9.5
55;2021-04-29;1118;858;47623;18049;26.2;9.9
55;2021-04-30;1280;622;48903;18671;26.9;10.3
55;2021-05-01;153;132;49056;18803;27.0;10.4
55;2021-05-02;2;3;49058;18806;27.0;10.4
55;2021-05-03;1208;629;50266;19435;27.7;10.7
55;2021-05-04;683;1179;50949;20614;28.0;11.3
55;2021-05-05;658;1074;51607;21688;28.4;11.9
55;2021-05-06;1347;1160;52954;22848;29.2;12.6
55;2021-05-07;1433;555;54387;23403;29.9;12.9
55;2021-05-08;156;77;54543;23480;30.0;12.9
55;2021-05-09;62;522;54605;24002;30.1;13.2
55;2021-05-10;860;1030;55465;25032;30.5;13.8
55;2021-05-11;1071;1378;56536;26410;31.1;14.5
55;2021-05-12;1031;1766;57567;28176;31.7;15.5
55;2021-05-13;99;75;57666;28251;31.7;15.6
55;2021-05-14;352;558;58018;28809;31.9;15.9
55;2021-05-15;292;492;58310;29301;32.1;16.1
55;2021-05-16;3;10;58313;29311;32.1;16.1
55;2021-05-17;1028;841;59341;30152;32.7;16.6
55;2021-05-18;1567;892;60908;31044;33.5;17.1
55;2021-05-19;1810;781;62718;31825;34.5;17.5
55;2021-05-20;2215;730;64933;32555;35.7;17.9
55;2021-05-21;2011;801;66944;33356;36.9;18.4
55;2021-05-22;198;166;67142;33522;37.0;18.5
55;2021-05-23;23;120;67165;33642;37.0;18.5
55;2021-05-24;0;0;67165;33642;37.0;18.5
55;2021-05-25;1347;653;68512;34295;37.7;18.9
55;2021-05-26;1674;1017;70186;35312;38.6;19.4
55;2021-05-27;1320;982;71506;36294;39.4;20.0
55;2021-05-28;1521;931;73027;37225;40.2;20.5
55;2021-05-29;1402;697;74429;37922;41.0;20.9
55;2021-05-30;15;206;74444;38128;41.0;21.0
55;2021-05-31;1049;1130;75493;39258;41.6;21.6
55;2021-06-01;918;957;76411;40215;42.1;22.1
55;2021-06-02;1163;986;77574;41201;42.7;22.7
55;2021-06-03;703;545;78277;41746;43.1;23.0
55;2021-06-04;1389;1101;79666;42847;43.9;23.6
55;2021-06-05;1366;277;81032;43124;44.6;23.7
55;2021-06-06;0;2;81032;43126;44.6;23.7
55;2021-06-07;790;714;81822;43840;45.0;24.1
55;2021-06-08;699;1075;82521;44915;45.4;24.7
55;2021-06-09;852;869;83373;45784;45.9;25.2
55;2021-06-10;379;275;83752;46059;46.1;25.4
55;2021-06-11;528;1287;84280;47346;46.4;26.1
55;2021-06-12;761;519;85041;47865;46.8;26.4
55;2021-06-13;265;33;85306;47898;47.0;26.4
55;2021-06-14;390;1363;85696;49261;47.2;27.1
55;2021-06-15;574;1212;86270;50473;47.5;27.8
55;2021-06-16;735;832;87005;51305;47.9;28.2
55;2021-06-17;425;859;87430;52164;48.1;28.7
55;2021-06-18;668;1475;88098;53639;48.5;29.5
55;2021-06-19;593;457;88691;54096;48.8;29.8
55;2021-06-20;0;0;88691;54096;48.8;29.8
55;2021-06-21;437;1023;89128;55119;49.1;30.3
55;2021-06-22;335;1014;89463;56133;49.3;30.9
55;2021-06-23;626;1210;90089;57343;49.6;31.6
55;2021-06-24;163;433;90252;57776;49.7;31.8
55;2021-06-25;642;1227;90894;59003;50.0;32.5
55;2021-06-26;418;339;91312;59342;50.3;32.7
55;2021-06-27;1;2;91313;59344;50.3;32.7
55;2021-06-28;149;1380;91462;60724;50.4;33.4
55;2021-06-29;202;1288;91664;62012;50.5;34.1
55;2021-06-30;272;1932;91936;63944;50.6;35.2
55;2021-07-01;387;1978;92323;65922;50.8;36.3
55;2021-07-02;391;1719;92714;67641;51.0;37.2
55;2021-07-03;108;262;92822;67903;51.1;37.4
55;2021-07-04;12;19;92834;67922;51.1;37.4
55;2021-07-05;222;1508;93056;69430;51.2;38.2
55;2021-07-06;327;900;93383;70330;51.4;38.7
55;2021-07-07;388;1801;93771;72131;51.6;39.7
55;2021-07-08;535;1594;94306;73725;51.9;40.6
55;2021-07-09;455;1479;94761;75204;52.2;41.4
55;2021-07-10;356;1112;95117;76316;52.4;42.0
55;2021-07-11;0;9;95117;76325;52.4;42.0
55;2021-07-12;608;1166;95725;77491;52.7;42.7
55;2021-07-13;599;1488;96324;78979;53.0;43.5
55;2021-07-14;0;13;96324;78992;53.0;43.5
55;2021-07-15;782;1645;97106;80637;53.5;44.4
55;2021-07-16;1254;1810;98360;82447;54.2;45.4
55;2021-07-17;1283;820;99643;83267;54.9;45.8
55;2021-07-18;1;2;99644;83269;54.9;45.8
55;2021-07-19;597;785;100241;84054;55.2;46.3
55;2021-07-20;1001;1022;101242;85076;55.7;46.8
55;2021-07-21;1484;1369;102726;86445;56.6;47.6
55;2021-07-22;1170;566;103896;87011;57.2;47.9
55;2021-07-23;1108;1355;105004;88366;57.8;48.6
55;2021-07-24;817;762;105821;89128;58.3;49.1
55;2021-07-25;119;229;105940;89357;58.3;49.2
55;2021-07-26;669;444;106609;89801;58.7;49.4
55;2021-07-27;1159;479;107768;90280;59.3;49.7
55;2021-07-28;1039;1065;108807;91345;59.9;50.3
55;2021-07-29;670;447;109477;91792;60.3;50.5
55;2021-07-30;1271;965;110748;92757;61.0;51.1
55;2021-07-31;711;612;111459;93369;61.4;51.4
55;2021-08-01;9;5;111468;93374;61.4;51.4
55;2021-08-02;627;443;112095;93817;61.7;51.6
55;2021-08-03;642;420;112737;94237;62.1;51.9
55;2021-08-04;1247;953;113984;95190;62.8;52.4
55;2021-08-05;999;322;114983;95512;63.3;52.6
55;2021-08-06;812;1098;115795;96610;63.7;53.2
55;2021-08-07;596;336;116391;96946;64.1;53.4
55;2021-08-08;0;0;116391;96946;64.1;53.4
55;2021-08-09;401;306;116792;97252;64.3;53.5
55;2021-08-10;435;775;117227;98027;64.5;54.0
55;2021-08-11;591;644;117818;98671;64.9;54.3
55;2021-08-12;322;488;118140;99159;65.0;54.6
55;2021-08-13;426;1109;118566;100268;65.3;55.2
55;2021-08-14;135;192;118701;100460;65.3;55.3
55;2021-08-15;11;5;118712;100465;65.4;55.3
55;2021-08-16;245;739;118957;101204;65.5;55.7
55;2021-08-17;254;291;119211;101495;65.6;55.9
55;2021-08-18;540;1241;119751;102736;65.9;56.6
55;2021-08-19;449;960;120200;103696;66.2;57.1
55;2021-08-20;562;1012;120762;104708;66.5;57.6
55;2021-08-21;292;771;121054;105479;66.6;58.1
55;2021-08-22;8;6;121062;105485;66.6;58.1
55;2021-08-23;353;610;121415;106095;66.8;58.4
55;2021-08-24;301;832;121716;106927;67.0;58.9
55;2021-08-25;664;1172;122380;108099;67.4;59.5
55;2021-08-26;448;1250;122828;109349;67.6;60.2
55;2021-08-27;311;1246;123139;110595;67.8;60.9
55;2021-08-28;375;576;123514;111171;68.0;61.2
55;2021-08-29;212;53;123726;111224;68.1;61.2
55;2021-08-30;129;677;123855;111901;68.2;61.6
55;2021-08-31;282;823;124137;112724;68.3;62.1
55;2021-09-01;530;1265;124667;113989;68.6;62.8
56;2020-12-27;0;0;0;0;0.0;0.0
56;2020-12-28;1;0;1;0;0.0;0.0
56;2020-12-29;0;0;1;0;0.0;0.0
56;2020-12-30;0;0;1;0;0.0;0.0
56;2020-12-31;0;0;1;0;0.0;0.0
56;2021-01-01;0;0;1;0;0.0;0.0
56;2021-01-02;1;0;2;0;0.0;0.0
56;2021-01-03;0;0;2;0;0.0;0.0
56;2021-01-04;1;0;3;0;0.0;0.0
56;2021-01-05;1;0;4;0;0.0;0.0
56;2021-01-06;2;0;6;0;0.0;0.0
56;2021-01-07;198;0;204;0;0.0;0.0
56;2021-01-08;119;0;323;0;0.0;0.0
56;2021-01-09;1;0;324;0;0.0;0.0
56;2021-01-10;1;0;325;0;0.0;0.0
56;2021-01-11;242;0;567;0;0.1;0.0
56;2021-01-12;754;0;1321;0;0.2;0.0
56;2021-01-13;638;1;1959;1;0.3;0.0
56;2021-01-14;970;2;2929;3;0.4;0.0
56;2021-01-15;843;5;3772;8;0.5;0.0
56;2021-01-16;234;3;4006;11;0.5;0.0
56;2021-01-17;27;0;4033;11;0.5;0.0
56;2021-01-18;1005;1;5038;12;0.7;0.0
56;2021-01-19;864;1;5902;13;0.8;0.0
56;2021-01-20;884;1;6786;14;0.9;0.0
56;2021-01-21;1449;2;8235;16;1.1;0.0
56;2021-01-22;1181;3;9416;19;1.2;0.0
56;2021-01-23;319;2;9735;21;1.3;0.0
56;2021-01-24;6;0;9741;21;1.3;0.0
56;2021-01-25;830;0;10571;21;1.4;0.0
56;2021-01-26;1034;4;11605;25;1.5;0.0
56;2021-01-27;1082;62;12687;87;1.7;0.0
56;2021-01-28;975;123;13662;210;1.8;0.0
56;2021-01-29;873;107;14535;317;1.9;0.0
56;2021-01-30;139;19;14674;336;1.9;0.0
56;2021-01-31;0;0;14674;336;1.9;0.0
56;2021-02-01;479;154;15153;490;2.0;0.1
56;2021-02-02;941;257;16094;747;2.1;0.1
56;2021-02-03;1023;268;17117;1015;2.3;0.1
56;2021-02-04;4701;349;21818;1364;2.9;0.2
56;2021-02-05;3591;430;25409;1794;3.4;0.2
56;2021-02-06;550;168;25959;1962;3.4;0.3
56;2021-02-07;136;26;26095;1988;3.5;0.3
56;2021-02-08;296;285;26391;2273;3.5;0.3
56;2021-02-09;795;495;27186;2768;3.6;0.4
56;2021-02-10;865;694;28051;3462;3.7;0.5
56;2021-02-11;973;1071;29024;4533;3.8;0.6
56;2021-02-12;1151;632;30175;5165;4.0;0.7
56;2021-02-13;220;97;30395;5262;4.0;0.7
56;2021-02-14;6;46;30401;5308;4.0;0.7
56;2021-02-15;622;1054;31023;6362;4.1;0.8
56;2021-02-16;1220;717;32243;7079;4.3;0.9
56;2021-02-17;1189;938;33432;8017;4.4;1.1
56;2021-02-18;1352;870;34784;8887;4.6;1.2
56;2021-02-19;1322;878;36106;9765;4.8;1.3
56;2021-02-20;365;242;36471;10007;4.8;1.3
56;2021-02-21;1;0;36472;10007;4.8;1.3
56;2021-02-22;375;680;36847;10687;4.9;1.4
56;2021-02-23;741;925;37588;11612;5.0;1.5
56;2021-02-24;915;1155;38503;12767;5.1;1.7
56;2021-02-25;2031;4235;40534;17002;5.4;2.3
56;2021-02-26;2356;2240;42890;19242;5.7;2.5
56;2021-02-27;745;444;43635;19686;5.8;2.6
56;2021-02-28;15;113;43650;19799;5.8;2.6
56;2021-03-01;648;546;44298;20345;5.9;2.7
56;2021-03-02;979;782;45277;21127;6.0;2.8
56;2021-03-03;1150;906;46427;22033;6.1;2.9
56;2021-03-04;1967;1036;48394;23069;6.4;3.1
56;2021-03-05;2582;1429;50976;24498;6.7;3.2
56;2021-03-06;1207;219;52183;24717;6.9;3.3
56;2021-03-07;282;24;52465;24741;6.9;3.3
56;2021-03-08;1140;391;53605;25132;7.1;3.3
56;2021-03-09;2042;630;55647;25762;7.4;3.4
56;2021-03-10;2001;937;57648;26699;7.6;3.5
56;2021-03-11;3253;737;60901;27436;8.1;3.6
56;2021-03-12;4208;826;65109;28262;8.6;3.7
56;2021-03-13;1882;148;66991;28410;8.9;3.8
56;2021-03-14;195;2;67186;28412;8.9;3.8
56;2021-03-15;1283;529;68469;28941;9.1;3.8
56;2021-03-16;1089;1029;69558;29970;9.2;4.0
56;2021-03-17;1371;768;70929;30738;9.4;4.1
56;2021-03-18;2000;1861;72929;32599;9.7;4.3
56;2021-03-19;2943;1387;75872;33986;10.0;4.5
56;2021-03-20;1493;207;77365;34193;10.2;4.5
56;2021-03-21;208;22;77573;34215;10.3;4.5
56;2021-03-22;1610;405;79183;34620;10.5;4.6
56;2021-03-23;2806;684;81989;35304;10.9;4.7
56;2021-03-24;3450;524;85439;35828;11.3;4.7
56;2021-03-25;4239;725;89678;36553;11.9;4.8
56;2021-03-26;5092;768;94770;37321;12.5;4.9
56;2021-03-27;1501;294;96271;37615;12.7;5.0
56;2021-03-28;264;11;96535;37626;12.8;5.0
56;2021-03-29;2235;504;98770;38130;13.1;5.0
56;2021-03-30;3519;784;102289;38914;13.5;5.2
56;2021-03-31;3116;720;105405;39634;14.0;5.2
56;2021-04-01;4078;819;109483;40453;14.5;5.4
56;2021-04-02;3927;946;113410;41399;15.0;5.5
56;2021-04-03;1186;270;114596;41669;15.2;5.5
56;2021-04-04;232;3;114828;41672;15.2;5.5
56;2021-04-05;244;8;115072;41680;15.2;5.5
56;2021-04-06;2825;1233;117897;42913;15.6;5.7
56;2021-04-07;4025;1191;121922;44104;16.1;5.8
56;2021-04-08;5298;1164;127220;45268;16.8;6.0
56;2021-04-09;7390;1282;134610;46550;17.8;6.2
56;2021-04-10;2578;427;137188;46977;18.2;6.2
56;2021-04-11;193;101;137381;47078;18.2;6.2
56;2021-04-12;3933;836;141314;47914;18.7;6.3
56;2021-04-13;5966;1265;147280;49179;19.5;6.5
56;2021-04-14;5167;1431;152447;50610;20.2;6.7
56;2021-04-15;7154;1774;159601;52384;21.1;6.9
56;2021-04-16;7843;2013;167444;54397;22.2;7.2
56;2021-04-17;3132;646;170576;55043;22.6;7.3
56;2021-04-18;528;108;171104;55151;22.6;7.3
56;2021-04-19;3719;1264;174823;56415;23.1;7.5
56;2021-04-20;4107;1979;178930;58394;23.7;7.7
56;2021-04-21;4061;2323;182991;60717;24.2;8.0
56;2021-04-22;5174;1923;188165;62640;24.9;8.3
56;2021-04-23;5171;2416;193336;65056;25.6;8.6
56;2021-04-24;2900;643;196236;65699;26.0;8.7
56;2021-04-25;465;150;196701;65849;26.0;8.7
56;2021-04-26;4708;1669;201409;67518;26.7;8.9
56;2021-04-27;5098;2550;206507;70068;27.3;9.3
56;2021-04-28;4968;2242;211475;72310;28.0;9.6
56;2021-04-29;5841;2941;217316;75251;28.8;10.0
56;2021-04-30;6246;2800;223562;78051;29.6;10.3
56;2021-05-01;2489;362;226051;78413;29.9;10.4
56;2021-05-02;307;254;226358;78667;30.0;10.4
56;2021-05-03;3865;2069;230223;80736;30.5;10.7
56;2021-05-04;4382;3906;234605;84642;31.1;11.2
56;2021-05-05;3523;3875;238128;88517;31.5;11.7
56;2021-05-06;4375;5441;242503;93958;32.1;12.4
56;2021-05-07;4268;5011;246771;98969;32.7;13.1
56;2021-05-08;1644;319;248415;99288;32.9;13.1
56;2021-05-09;495;227;248910;99515;32.9;13.2
56;2021-05-10;3750;3811;252660;103326;33.4;13.7
56;2021-05-11;4170;5052;256830;108378;34.0;14.3
56;2021-05-12;4342;4777;261172;113155;34.6;15.0
56;2021-05-13;2397;1013;263569;114168;34.9;15.1
56;2021-05-14;4228;4361;267797;118529;35.4;15.7
56;2021-05-15;2487;1894;270284;120423;35.8;15.9
56;2021-05-16;237;488;270521;120911;35.8;16.0
56;2021-05-17;2512;3668;273033;124579;36.1;16.5
56;2021-05-18;3520;4100;276553;128679;36.6;17.0
56;2021-05-19;3528;3402;280081;132081;37.1;17.5
56;2021-05-20;3803;4820;283884;136901;37.6;18.1
56;2021-05-21;3746;5229;287630;142130;38.1;18.8
56;2021-05-22;1698;2208;289328;144338;38.3;19.1
56;2021-05-23;284;197;289612;144535;38.3;19.1
56;2021-05-24;2058;498;291670;145033;38.6;19.2
56;2021-05-25;3140;4471;294810;149504;39.0;19.8
56;2021-05-26;3735;3938;298545;153442;39.5;20.3
56;2021-05-27;4361;4869;302906;158311;40.1;21.0
56;2021-05-28;4637;5959;307543;164270;40.7;21.7
56;2021-05-29;1886;1635;309429;165905;41.0;22.0
56;2021-05-30;318;67;309747;165972;41.0;22.0
56;2021-05-31;4502;3224;314249;169196;41.6;22.4
56;2021-06-01;5664;3383;319913;172579;42.3;22.8
56;2021-06-02;5638;2955;325551;175534;43.1;23.2
56;2021-06-03;6188;3308;331739;178842;43.9;23.7
56;2021-06-04;5814;4410;337553;183252;44.7;24.3
56;2021-06-05;4346;2384;341899;185636;45.3;24.6
56;2021-06-06;496;616;342395;186252;45.3;24.7
56;2021-06-07;5104;3173;347499;189425;46.0;25.1
56;2021-06-08;6071;3378;353570;192803;46.8;25.5
56;2021-06-09;6433;2812;360003;195615;47.6;25.9
56;2021-06-10;7479;2873;367482;198488;48.6;26.3
56;2021-06-11;6765;3870;374247;202358;49.5;26.8
56;2021-06-12;5102;2065;379349;204423;50.2;27.1
56;2021-06-13;1980;439;381329;204862;50.5;27.1
56;2021-06-14;3311;4593;384640;209455;50.9;27.7
56;2021-06-15;4204;4897;388844;214352;51.5;28.4
56;2021-06-16;4497;4503;393341;218855;52.1;29.0
56;2021-06-17;4258;4751;397599;223606;52.6;29.6
56;2021-06-18;4517;5975;402116;229581;53.2;30.4
56;2021-06-19;3837;2144;405953;231725;53.7;30.7
56;2021-06-20;1504;340;407457;232065;53.9;30.7
56;2021-06-21;3308;4463;410765;236528;54.4;31.3
56;2021-06-22;3485;5446;414250;241974;54.8;32.0
56;2021-06-23;3764;5062;418014;247036;55.3;32.7
56;2021-06-24;3477;5320;421491;252356;55.8;33.4
56;2021-06-25;3883;6279;425374;258635;56.3;34.2
56;2021-06-26;3203;2917;428577;261552;56.7;34.6
56;2021-06-27;305;162;428882;261714;56.8;34.6
56;2021-06-28;1576;3982;430458;265696;57.0;35.2
56;2021-06-29;2435;5768;432893;271464;57.3;35.9
56;2021-06-30;2498;5560;435391;277024;57.6;36.7
56;2021-07-01;2734;4958;438125;281982;58.0;37.3
56;2021-07-02;2657;6206;440782;288188;58.3;38.1
56;2021-07-03;2205;2683;442987;290871;58.6;38.5
56;2021-07-04;779;811;443766;291682;58.7;38.6
56;2021-07-05;1872;5443;445638;297125;59.0;39.3
56;2021-07-06;2190;5932;447828;303057;59.3;40.1
56;2021-07-07;2845;5644;450673;308701;59.6;40.9
56;2021-07-08;3085;6037;453758;314738;60.1;41.7
56;2021-07-09;2218;7099;455976;321837;60.3;42.6
56;2021-07-10;1127;3004;457103;324841;60.5;43.0
56;2021-07-11;256;344;457359;325185;60.5;43.0
56;2021-07-12;2183;6606;459542;331791;60.8;43.9
56;2021-07-13;3261;7465;462803;339256;61.3;44.9
56;2021-07-14;1784;2589;464587;341845;61.5;45.2
56;2021-07-15;3820;7067;468407;348912;62.0;46.2
56;2021-07-16;4078;8093;472485;357005;62.5;47.3
56;2021-07-17;2319;3521;474804;360526;62.8;47.7
56;2021-07-18;256;478;475060;361004;62.9;47.8
56;2021-07-19;2865;6357;477925;367361;63.3;48.6
56;2021-07-20;3723;7917;481648;375278;63.7;49.7
56;2021-07-21;3094;7520;484742;382798;64.2;50.7
56;2021-07-22;4391;8032;489133;390830;64.7;51.7
56;2021-07-23;4389;8410;493522;399240;65.3;52.8
56;2021-07-24;1686;4600;495208;403840;65.5;53.4
56;2021-07-25;552;1919;495760;405759;65.6;53.7
56;2021-07-26;3678;5464;499438;411223;66.1;54.4
56;2021-07-27;5374;6201;504812;417424;66.8;55.2
56;2021-07-28;4689;5465;509501;422889;67.4;56.0
56;2021-07-29;5380;5627;514881;428516;68.1;56.7
56;2021-07-30;5382;5856;520263;434372;68.9;57.5
56;2021-07-31;2153;2693;522416;437065;69.1;57.8
56;2021-08-01;1239;976;523655;438041;69.3;58.0
56;2021-08-02;4510;4602;528165;442643;69.9;58.6
56;2021-08-03;6375;4960;534540;447603;70.7;59.2
56;2021-08-04;5949;4363;540489;451966;71.5;59.8
56;2021-08-05;6090;4607;546579;456573;72.3;60.4
56;2021-08-06;5834;4917;552413;461490;73.1;61.1
56;2021-08-07;2847;2226;555260;463716;73.5;61.4
56;2021-08-08;1823;562;557083;464278;73.7;61.4
56;2021-08-09;3907;4267;560990;468545;74.2;62.0
56;2021-08-10;4923;4609;565913;473154;74.9;62.6
56;2021-08-11;4547;4142;570460;477296;75.5;63.2
56;2021-08-12;4464;4539;574924;481835;76.1;63.8
56;2021-08-13;4197;4807;579121;486642;76.6;64.4
56;2021-08-14;1771;2138;580892;488780;76.9;64.7
56;2021-08-15;349;485;581241;489265;76.9;64.8
56;2021-08-16;3049;4518;584290;493783;77.3;65.4
56;2021-08-17;3744;5050;588034;498833;77.8;66.0
56;2021-08-18;3725;4606;591759;503439;78.3;66.6
56;2021-08-19;3052;4988;594811;508427;78.7;67.3
56;2021-08-20;2889;5261;597700;513688;79.1;68.0
56;2021-08-21;1151;2397;598851;516085;79.3;68.3
56;2021-08-22;129;503;598980;516588;79.3;68.4
56;2021-08-23;1915;4961;600895;521549;79.5;69.0
56;2021-08-24;1921;5515;602816;527064;79.8;69.8
56;2021-08-25;1701;5057;604517;532121;80.0;70.4
56;2021-08-26;1394;5318;605911;537439;80.2;71.1
56;2021-08-27;1726;5870;607637;543309;80.4;71.9
56;2021-08-28;591;2800;608228;546109;80.5;72.3
56;2021-08-29;79;477;608307;546586;80.5;72.3
56;2021-08-30;1372;4745;609679;551331;80.7;73.0
56;2021-08-31;1472;4788;611151;556119;80.9;73.6
56;2021-09-01;1310;4198;612461;560317;81.1;74.2
57;2020-12-27;2;0;2;0;0.0;0.0
57;2020-12-28;0;0;2;0;0.0;0.0
57;2020-12-29;1;0;3;0;0.0;0.0
57;2020-12-30;1;0;4;0;0.0;0.0
57;2020-12-31;0;0;4;0;0.0;0.0
57;2021-01-01;1;0;5;0;0.0;0.0
57;2021-01-02;3;0;8;0;0.0;0.0
57;2021-01-03;0;0;8;0;0.0;0.0
57;2021-01-04;17;0;25;0;0.0;0.0
57;2021-01-05;199;0;224;0;0.0;0.0
57;2021-01-06;226;1;450;1;0.0;0.0
57;2021-01-07;584;2;1034;3;0.1;0.0
57;2021-01-08;509;2;1543;5;0.1;0.0
57;2021-01-09;202;0;1745;5;0.2;0.0
57;2021-01-10;108;1;1853;6;0.2;0.0
57;2021-01-11;470;1;2323;7;0.2;0.0
57;2021-01-12;613;6;2936;13;0.3;0.0
57;2021-01-13;695;2;3631;15;0.4;0.0
57;2021-01-14;707;6;4338;21;0.4;0.0
57;2021-01-15;636;5;4974;26;0.5;0.0
57;2021-01-16;452;1;5426;27;0.5;0.0
57;2021-01-17;493;1;5919;28;0.6;0.0
57;2021-01-18;2715;20;8634;48;0.8;0.0
57;2021-01-19;2567;20;11201;68;1.1;0.0
57;2021-01-20;2763;22;13964;90;1.3;0.0
57;2021-01-21;1797;5;15761;95;1.5;0.0
57;2021-01-22;1325;8;17086;103;1.6;0.0
57;2021-01-23;543;15;17629;118;1.7;0.0
57;2021-01-24;1;0;17630;118;1.7;0.0
57;2021-01-25;869;184;18499;302;1.8;0.0
57;2021-01-26;1112;208;19611;510;1.9;0.0
57;2021-01-27;1070;179;20681;689;2.0;0.1
57;2021-01-28;1040;291;21721;980;2.1;0.1
57;2021-01-29;982;388;22703;1368;2.2;0.1
57;2021-01-30;440;89;23143;1457;2.2;0.1
57;2021-01-31;11;26;23154;1483;2.2;0.1
57;2021-02-01;827;345;23981;1828;2.3;0.2
57;2021-02-02;989;359;24970;2187;2.4;0.2
57;2021-02-03;986;316;25956;2503;2.5;0.2
57;2021-02-04;1138;801;27094;3304;2.6;0.3
57;2021-02-05;930;350;28024;3654;2.7;0.4
57;2021-02-06;481;338;28505;3992;2.8;0.4
57;2021-02-07;103;335;28608;4327;2.8;0.4
57;2021-02-08;1258;1539;29866;5866;2.9;0.6
57;2021-02-09;1762;1666;31628;7532;3.1;0.7
57;2021-02-10;1712;2066;33340;9598;3.2;0.9
57;2021-02-11;1486;1326;34826;10924;3.4;1.1
57;2021-02-12;1227;671;36053;11595;3.5;1.1
57;2021-02-13;1152;170;37205;11765;3.6;1.1
57;2021-02-14;1210;28;38415;11793;3.7;1.1
57;2021-02-15;766;839;39181;12632;3.8;1.2
57;2021-02-16;1073;777;40254;13409;3.9;1.3
57;2021-02-17;1009;938;41263;14347;4.0;1.4
57;2021-02-18;974;1137;42237;15484;4.1;1.5
57;2021-02-19;956;906;43193;16390;4.2;1.6
57;2021-02-20;1173;595;44366;16985;4.3;1.6
57;2021-02-21;323;13;44689;16998;4.3;1.6
57;2021-02-22;1230;881;45919;17879;4.4;1.7
57;2021-02-23;2235;1069;48154;18948;4.6;1.8
57;2021-02-24;2286;976;50440;19924;4.9;1.9
57;2021-02-25;3298;1103;53738;21027;5.2;2.0
57;2021-02-26;3590;948;57328;21975;5.5;2.1
57;2021-02-27;3696;532;61024;22507;5.9;2.2
57;2021-02-28;1896;60;62920;22567;6.1;2.2
57;2021-03-01;2051;1330;64971;23897;6.3;2.3
57;2021-03-02;2857;1599;67828;25496;6.5;2.5
57;2021-03-03;2806;1609;70634;27105;6.8;2.6
57;2021-03-04;3274;1304;73908;28409;7.1;2.7
57;2021-03-05;4457;1249;78365;29658;7.6;2.9
57;2021-03-06;7246;792;85611;30450;8.3;2.9
57;2021-03-07;6071;278;91682;30728;8.9;3.0
57;2021-03-08;2298;1004;93980;31732;9.1;3.1
57;2021-03-09;3387;1306;97367;33038;9.4;3.2
57;2021-03-10;3582;973;100949;34011;9.7;3.3
57;2021-03-11;4037;1253;104986;35264;10.1;3.4
57;2021-03-12;5107;1212;110093;36476;10.6;3.5
57;2021-03-13;6283;984;116376;37460;11.2;3.6
57;2021-03-14;2425;429;118801;37889;11.5;3.7
57;2021-03-15;2962;880;121763;38769;11.8;3.7
57;2021-03-16;3061;1281;124824;40050;12.1;3.9
57;2021-03-17;3051;1142;127875;41192;12.3;4.0
57;2021-03-18;3401;1077;131276;42269;12.7;4.1
57;2021-03-19;4626;1040;135902;43309;13.1;4.2
57;2021-03-20;4702;1034;140604;44343;13.6;4.3
57;2021-03-21;1895;255;142499;44598;13.8;4.3
57;2021-03-22;2480;1473;144979;46071;14.0;4.4
57;2021-03-23;3442;2340;148421;48411;14.3;4.7
57;2021-03-24;3896;2148;152317;50559;14.7;4.9
57;2021-03-25;4740;2594;157057;53153;15.2;5.1
57;2021-03-26;4842;2259;161899;55412;15.6;5.3
57;2021-03-27;3710;3155;165609;58567;16.0;5.7
57;2021-03-28;1401;1849;167010;60416;16.1;5.8
57;2021-03-29;1935;2174;168945;62590;16.3;6.0
57;2021-03-30;3300;2487;172245;65077;16.6;6.3
57;2021-03-31;2824;2303;175069;67380;16.9;6.5
57;2021-04-01;3222;3168;178291;70548;17.2;6.8
57;2021-04-02;2392;2579;180683;73127;17.4;7.1
57;2021-04-03;2566;2666;183249;75793;17.7;7.3
57;2021-04-04;593;969;183842;76762;17.7;7.4
57;2021-04-05;1922;670;185764;77432;17.9;7.5
57;2021-04-06;2452;2831;188216;80263;18.2;7.7
57;2021-04-07;3812;3095;192028;83358;18.5;8.0
57;2021-04-08;5614;2909;197642;86267;19.1;8.3
57;2021-04-09;5013;2730;202655;88997;19.6;8.6
57;2021-04-10;2352;3641;205007;92638;19.8;8.9
57;2021-04-11;1099;1891;206106;94529;19.9;9.1
57;2021-04-12;1793;2753;207899;97282;20.1;9.4
57;2021-04-13;1976;3030;209875;100312;20.3;9.7
57;2021-04-14;1919;2991;211794;103303;20.4;10.0
57;2021-04-15;2367;3429;214161;106732;20.7;10.3
57;2021-04-16;2701;3293;216862;110025;20.9;10.6
57;2021-04-17;2473;3182;219335;113207;21.2;10.9
57;2021-04-18;1244;1774;220579;114981;21.3;11.1
57;2021-04-19;2141;2260;222720;117241;21.5;11.3
57;2021-04-20;2514;2783;225234;120024;21.7;11.6
57;2021-04-21;2569;2379;227803;122403;22.0;11.8
57;2021-04-22;3207;2252;231010;124655;22.3;12.0
57;2021-04-23;4055;2578;235065;127233;22.7;12.3
57;2021-04-24;3394;2562;238459;129795;23.0;12.5
57;2021-04-25;757;1126;239216;130921;23.1;12.6
57;2021-04-26;2971;1997;242187;132918;23.4;12.8
57;2021-04-27;3899;2378;246086;135296;23.8;13.1
57;2021-04-28;4212;2591;250298;137887;24.2;13.3
57;2021-04-29;5259;3455;255557;141342;24.7;13.6
57;2021-04-30;4730;3549;260287;144891;25.1;14.0
57;2021-05-01;2352;1685;262639;146576;25.4;14.2
57;2021-05-02;790;913;263429;147489;25.4;14.2
57;2021-05-03;3565;2995;266994;150484;25.8;14.5
57;2021-05-04;4871;3166;271865;153650;26.2;14.8
57;2021-05-05;6123;3168;277988;156818;26.8;15.1
57;2021-05-06;5991;3284;283979;160102;27.4;15.5
57;2021-05-07;6852;3443;290831;163545;28.1;15.8
57;2021-05-08;4053;1607;294884;165152;28.5;15.9
57;2021-05-09;2049;1114;296933;166266;28.7;16.1
57;2021-05-10;5129;3070;302062;169336;29.2;16.3
57;2021-05-11;7450;2850;309512;172186;29.9;16.6
57;2021-05-12;7847;3248;317359;175434;30.6;16.9
57;2021-05-13;4511;913;321870;176347;31.1;17.0
57;2021-05-14;7838;2632;329708;178979;31.8;17.3
57;2021-05-15;5967;2054;335675;181033;32.4;17.5
57;2021-05-16;3309;577;338984;181610;32.7;17.5
57;2021-05-17;3866;2067;342850;183677;33.1;17.7
57;2021-05-18;6292;2105;349142;185782;33.7;17.9
57;2021-05-19;7024;2330;356166;188112;34.4;18.2
57;2021-05-20;6051;2183;362217;190295;35.0;18.4
57;2021-05-21;7565;2921;369782;193216;35.7;18.7
57;2021-05-22;4894;2169;374676;195385;36.2;18.9
57;2021-05-23;1964;431;376640;195816;36.4;18.9
57;2021-05-24;3032;1065;379672;196881;36.7;19.0
57;2021-05-25;5577;2803;385249;199684;37.2;19.3
57;2021-05-26;6377;3181;391626;202865;37.8;19.6
57;2021-05-27;5795;3123;397421;205988;38.4;19.9
57;2021-05-28;7026;4745;404447;210733;39.0;20.3
57;2021-05-29;5224;4251;409671;214984;39.5;20.8
57;2021-05-30;1967;1743;411638;216727;39.7;20.9
57;2021-05-31;4319;3339;415957;220066;40.2;21.2
57;2021-06-01;5936;3715;421893;223781;40.7;21.6
57;2021-06-02;6341;3906;428234;227687;41.3;22.0
57;2021-06-03;6215;3702;434449;231389;41.9;22.3
57;2021-06-04;7570;4991;442019;236380;42.7;22.8
57;2021-06-05;4768;4032;446787;240412;43.1;23.2
57;2021-06-06;1993;890;448780;241302;43.3;23.3
57;2021-06-07;4325;4038;453105;245340;43.7;23.7
57;2021-06-08;6720;4317;459825;249657;44.4;24.1
57;2021-06-09;6884;4158;466709;253815;45.1;24.5
57;2021-06-10;6220;4595;472929;258410;45.7;24.9
57;2021-06-11;5368;5368;478297;263778;46.2;25.5
57;2021-06-12;5742;4450;484039;268228;46.7;25.9
57;2021-06-13;1500;1142;485539;269370;46.9;26.0
57;2021-06-14;3383;4706;488922;274076;47.2;26.5
57;2021-06-15;3817;6021;492739;280097;47.6;27.0
57;2021-06-16;4402;6597;497141;286694;48.0;27.7
57;2021-06-17;4198;6071;501339;292765;48.4;28.3
57;2021-06-18;4275;7306;505614;300071;48.8;29.0
57;2021-06-19;4157;6292;509771;306363;49.2;29.6
57;2021-06-20;987;1667;510758;308030;49.3;29.7
57;2021-06-21;2067;5970;512825;314000;49.5;30.3
57;2021-06-22;2642;7986;515467;321986;49.8;31.1
57;2021-06-23;3075;8386;518542;330372;50.1;31.9
57;2021-06-24;2456;5292;520998;335664;50.3;32.4
57;2021-06-25;2857;7826;523855;343490;50.6;33.2
57;2021-06-26;2871;7260;526726;350750;50.8;33.9
57;2021-06-27;754;2987;527480;353737;50.9;34.1
57;2021-06-28;1590;5078;529070;358815;51.1;34.6
57;2021-06-29;2086;6832;531156;365647;51.3;35.3
57;2021-06-30;3067;7323;534223;372970;51.6;36.0
57;2021-07-01;2695;5960;536918;378930;51.8;36.6
57;2021-07-02;2700;8081;539618;387011;52.1;37.4
57;2021-07-03;3240;6528;542858;393539;52.4;38.0
57;2021-07-04;946;2468;543804;396007;52.5;38.2
57;2021-07-05;1711;4607;545515;400614;52.7;38.7
57;2021-07-06;2426;6480;547941;407094;52.9;39.3
57;2021-07-07;2729;7090;550670;414184;53.2;40.0
57;2021-07-08;2495;5878;553165;420062;53.4;40.6
57;2021-07-09;3428;8416;556593;428478;53.7;41.4
57;2021-07-10;3096;6939;559689;435417;54.0;42.0
57;2021-07-11;855;2232;560544;437649;54.1;42.2
57;2021-07-12;2439;6437;562983;444086;54.3;42.9
57;2021-07-13;4415;7506;567398;451592;54.8;43.6
57;2021-07-14;2824;3843;570222;455435;55.0;44.0
57;2021-07-15;3956;7785;574178;463220;55.4;44.7
57;2021-07-16;5642;9829;579820;473049;56.0;45.7
57;2021-07-17;5826;7289;585646;480338;56.5;46.4
57;2021-07-18;1492;2661;587138;482999;56.7;46.6
57;2021-07-19;2370;6205;589508;489204;56.9;47.2
57;2021-07-20;4323;6912;593831;496116;57.3;47.9
57;2021-07-21;5300;6901;599131;503017;57.8;48.6
57;2021-07-22;5953;5960;605084;508977;58.4;49.1
57;2021-07-23;7021;6398;612105;515375;59.1;49.8
57;2021-07-24;4533;7036;616638;522411;59.5;50.4
57;2021-07-25;1335;1769;617973;524180;59.7;50.6
57;2021-07-26;3722;4493;621695;528673;60.0;51.0
57;2021-07-27;6868;4944;628563;533617;60.7;51.5
57;2021-07-28;7481;4561;636044;538178;61.4;52.0
57;2021-07-29;7622;4588;643666;542766;62.1;52.4
57;2021-07-30;6870;4892;650536;547658;62.8;52.9
57;2021-07-31;5707;5017;656243;552675;63.4;53.4
57;2021-08-01;2024;1115;658267;553790;63.5;53.5
57;2021-08-02;3522;3179;661789;556969;63.9;53.8
57;2021-08-03;5494;4276;667283;561245;64.4;54.2
57;2021-08-04;5221;3459;672504;564704;64.9;54.5
57;2021-08-05;5375;3773;677879;568477;65.4;54.9
57;2021-08-06;5619;4847;683498;573324;66.0;55.3
57;2021-08-07;4571;5153;688069;578477;66.4;55.8
57;2021-08-08;1474;1505;689543;579982;66.6;56.0
57;2021-08-09;2612;3170;692155;583152;66.8;56.3
57;2021-08-10;3506;3788;695661;586940;67.2;56.7
57;2021-08-11;3700;4021;699361;590961;67.5;57.0
57;2021-08-12;3132;5218;702493;596179;67.8;57.6
57;2021-08-13;3456;4725;705949;600904;68.2;58.0
57;2021-08-14;2144;5182;708093;606086;68.4;58.5
57;2021-08-15;528;1092;708621;607178;68.4;58.6
57;2021-08-16;1777;3564;710398;610742;68.6;59.0
57;2021-08-17;2361;5358;712759;616100;68.8;59.5
57;2021-08-18;2436;5374;715195;621474;69.0;60.0
57;2021-08-19;2201;5481;717396;626955;69.3;60.5
57;2021-08-20;2043;6016;719439;632971;69.5;61.1
57;2021-08-21;1860;5380;721299;638351;69.6;61.6
57;2021-08-22;453;1528;721752;639879;69.7;61.8
57;2021-08-23;1142;3715;722894;643594;69.8;62.1
57;2021-08-24;1804;5609;724698;649203;70.0;62.7
57;2021-08-25;1600;5312;726298;654515;70.1;63.2
57;2021-08-26;1566;4663;727864;659178;70.3;63.6
57;2021-08-27;1761;5880;729625;665058;70.4;64.2
57;2021-08-28;2001;5370;731626;670428;70.6;64.7
57;2021-08-29;340;1088;731966;671516;70.7;64.8
57;2021-08-30;1028;3255;732994;674771;70.8;65.1
57;2021-08-31;1521;4407;734515;679178;70.9;65.6
57;2021-09-01;1420;4124;735935;683302;71.0;66.0
58;2020-12-27;0;0;0;0;0.0;0.0
58;2020-12-28;0;0;0;0;0.0;0.0
58;2020-12-29;1;0;1;0;0.0;0.0
58;2020-12-30;0;0;1;0;0.0;0.0
58;2020-12-31;0;0;1;0;0.0;0.0
58;2021-01-01;0;0;1;0;0.0;0.0
58;2021-01-02;0;0;1;0;0.0;0.0
58;2021-01-03;1;0;2;0;0.0;0.0
58;2021-01-04;0;0;2;0;0.0;0.0
58;2021-01-05;2;0;4;0;0.0;0.0
58;2021-01-06;145;0;149;0;0.1;0.0
58;2021-01-07;241;0;390;0;0.2;0.0
58;2021-01-08;63;0;453;0;0.2;0.0
58;2021-01-09;1;0;454;0;0.2;0.0
58;2021-01-10;0;0;454;0;0.2;0.0
58;2021-01-11;54;0;508;0;0.3;0.0
58;2021-01-12;258;0;766;0;0.4;0.0
58;2021-01-13;406;0;1172;0;0.6;0.0
58;2021-01-14;291;1;1463;1;0.7;0.0
58;2021-01-15;141;0;1604;1;0.8;0.0
58;2021-01-16;10;1;1614;2;0.8;0.0
58;2021-01-17;0;0;1614;2;0.8;0.0
58;2021-01-18;413;1;2027;3;1.0;0.0
58;2021-01-19;987;2;3014;5;1.5;0.0
58;2021-01-20;1206;2;4220;7;2.1;0.0
58;2021-01-21;962;4;5182;11;2.6;0.0
58;2021-01-22;779;3;5961;14;3.0;0.0
58;2021-01-23;251;0;6212;14;3.1;0.0
58;2021-01-24;2;0;6214;14;3.1;0.0
58;2021-01-25;439;0;6653;14;3.3;0.0
58;2021-01-26;650;3;7303;17;3.7;0.0
58;2021-01-27;604;44;7907;61;4.0;0.0
58;2021-01-28;756;66;8663;127;4.3;0.1
58;2021-01-29;837;6;9500;133;4.8;0.1
58;2021-01-30;281;0;9781;133;4.9;0.1
58;2021-01-31;10;0;9791;133;4.9;0.1
58;2021-02-01;200;71;9991;204;5.0;0.1
58;2021-02-02;566;82;10557;286;5.3;0.1
58;2021-02-03;279;145;10836;431;5.4;0.2
58;2021-02-04;285;92;11121;523;5.6;0.3
58;2021-02-05;184;91;11305;614;5.7;0.3
58;2021-02-06;89;0;11394;614;5.7;0.3
58;2021-02-07;0;0;11394;614;5.7;0.3
58;2021-02-08;306;68;11700;682;5.9;0.3
58;2021-02-09;503;311;12203;993;6.1;0.5
58;2021-02-10;350;376;12553;1369;6.3;0.7
58;2021-02-11;287;377;12840;1746;6.4;0.9
58;2021-02-12;243;200;13083;1946;6.6;1.0
58;2021-02-13;83;29;13166;1975;6.6;1.0
58;2021-02-14;0;3;13166;1978;6.6;1.0
58;2021-02-15;114;505;13280;2483;6.7;1.2
58;2021-02-16;208;907;13488;3390;6.8;1.7
58;2021-02-17;221;738;13709;4128;6.9;2.1
58;2021-02-18;187;767;13896;4895;7.0;2.5
58;2021-02-19;241;705;14137;5600;7.1;2.8
58;2021-02-20;62;225;14199;5825;7.1;2.9
58;2021-02-21;0;30;14199;5855;7.1;2.9
58;2021-02-22;78;391;14277;6246;7.2;3.1
58;2021-02-23;49;606;14326;6852;7.2;3.4
58;2021-02-24;39;616;14365;7468;7.2;3.7
58;2021-02-25;252;691;14617;8159;7.3;4.1
58;2021-02-26;246;604;14863;8763;7.4;4.4
58;2021-02-27;104;186;14967;8949;7.5;4.5
58;2021-02-28;11;8;14978;8957;7.5;4.5
58;2021-03-01;145;243;15123;9200;7.6;4.6
58;2021-03-02;416;636;15539;9836;7.8;4.9
58;2021-03-03;524;293;16063;10129;8.0;5.1
58;2021-03-04;725;277;16788;10406;8.4;5.2
58;2021-03-05;867;205;17655;10611;8.8;5.3
58;2021-03-06;574;87;18229;10698;9.1;5.4
58;2021-03-07;63;12;18292;10710;9.2;5.4
58;2021-03-08;156;298;18448;11008;9.2;5.5
58;2021-03-09;544;546;18992;11554;9.5;5.8
58;2021-03-10;838;242;19830;11796;9.9;5.9
58;2021-03-11;857;273;20687;12069;10.4;6.0
58;2021-03-12;862;200;21549;12269;10.8;6.1
58;2021-03-13;506;66;22055;12335;11.0;6.2
58;2021-03-14;34;0;22089;12335;11.1;6.2
58;2021-03-15;528;109;22617;12444;11.3;6.2
58;2021-03-16;726;222;23343;12666;11.7;6.3
58;2021-03-17;756;195;24099;12861;12.1;6.4
58;2021-03-18;584;175;24683;13036;12.4;6.5
58;2021-03-19;537;104;25220;13140;12.6;6.6
58;2021-03-20;322;64;25542;13204;12.8;6.6
58;2021-03-21;17;0;25559;13204;12.8;6.6
58;2021-03-22;795;25;26354;13229;13.2;6.6
58;2021-03-23;1636;44;27990;13273;14.0;6.6
58;2021-03-24;1367;74;29357;13347;14.7;6.7
58;2021-03-25;1840;44;31197;13391;15.6;6.7
58;2021-03-26;1414;54;32611;13445;16.3;6.7
58;2021-03-27;358;7;32969;13452;16.5;6.7
58;2021-03-28;20;0;32989;13452;16.5;6.7
58;2021-03-29;638;153;33627;13605;16.8;6.8
58;2021-03-30;1186;255;34813;13860;17.4;6.9
58;2021-03-31;1116;395;35929;14255;18.0;7.1
58;2021-04-01;1548;402;37477;14657;18.8;7.3
58;2021-04-02;1464;368;38941;15025;19.5;7.5
58;2021-04-03;568;149;39509;15174;19.8;7.6
58;2021-04-04;1;1;39510;15175;19.8;7.6
58;2021-04-05;47;0;39557;15175;19.8;7.6
58;2021-04-06;823;344;40380;15519;20.2;7.8
58;2021-04-07;695;552;41075;16071;20.6;8.1
58;2021-04-08;1493;427;42568;16498;21.3;8.3
58;2021-04-09;1774;485;44342;16983;22.2;8.5
58;2021-04-10;652;200;44994;17183;22.5;8.6
58;2021-04-11;17;3;45011;17186;22.6;8.6
58;2021-04-12;1117;502;46128;17688;23.1;8.9
58;2021-04-13;1436;630;47564;18318;23.8;9.2
58;2021-04-14;1339;678;48903;18996;24.5;9.5
58;2021-04-15;1433;602;50336;19598;25.2;9.8
58;2021-04-16;1734;512;52070;20110;26.1;10.1
58;2021-04-17;721;232;52791;20342;26.4;10.2
58;2021-04-18;20;7;52811;20349;26.5;10.2
58;2021-04-19;531;604;53342;20953;26.7;10.5
58;2021-04-20;486;1120;53828;22073;27.0;11.1
58;2021-04-21;626;967;54454;23040;27.3;11.5
58;2021-04-22;767;1524;55221;24564;27.7;12.3
58;2021-04-23;919;785;56140;25349;28.1;12.7
58;2021-04-24;211;206;56351;25555;28.2;12.8
58;2021-04-25;109;9;56460;25564;28.3;12.8
58;2021-04-26;762;247;57222;25811;28.7;12.9
58;2021-04-27;1499;1110;58721;26921;29.4;13.5
58;2021-04-28;1536;1049;60257;27970;30.2;14.0
58;2021-04-29;1442;1045;61699;29015;30.9;14.5
58;2021-04-30;1257;940;62956;29955;31.5;15.0
58;2021-05-01;6;17;62962;29972;31.5;15.0
58;2021-05-02;4;2;62966;29974;31.5;15.0
58;2021-05-03;1042;406;64008;30380;32.1;15.2
58;2021-05-04;1075;1348;65083;31728;32.6;15.9
58;2021-05-05;952;1093;66035;32821;33.1;16.4
58;2021-05-06;1363;1061;67398;33882;33.8;17.0
58;2021-05-07;1111;1091;68509;34973;34.3;17.5
58;2021-05-08;59;60;68568;35033;34.4;17.6
58;2021-05-09;7;21;68575;35054;34.4;17.6
58;2021-05-10;875;993;69450;36047;34.8;18.1
58;2021-05-11;1185;1984;70635;38031;35.4;19.1
58;2021-05-12;1662;1557;72297;39588;36.2;19.8
58;2021-05-13;49;183;72346;39771;36.2;19.9
58;2021-05-14;2312;909;74658;40680;37.4;20.4
58;2021-05-15;1725;456;76383;41136;38.3;20.6
58;2021-05-16;118;33;76501;41169;38.3;20.6
58;2021-05-17;793;610;77294;41779;38.7;20.9
58;2021-05-18;1332;1181;78626;42960;39.4;21.5
58;2021-05-19;1737;549;80363;43509;40.3;21.8
58;2021-05-20;1701;672;82064;44181;41.1;22.1
58;2021-05-21;854;728;82918;44909;41.5;22.5
58;2021-05-22;304;240;83222;45149;41.7;22.6
58;2021-05-23;2;21;83224;45170;41.7;22.6
58;2021-05-24;21;42;83245;45212;41.7;22.7
58;2021-05-25;1386;1156;84631;46368;42.4;23.2
58;2021-05-26;845;841;85476;47209;42.8;23.7
58;2021-05-27;753;941;86229;48150;43.2;24.1
58;2021-05-28;430;910;86659;49060;43.4;24.6
58;2021-05-29;151;209;86810;49269;43.5;24.7
58;2021-05-30;21;19;86831;49288;43.5;24.7
58;2021-05-31;757;399;87588;49687;43.9;24.9
58;2021-06-01;1373;1658;88961;51345;44.6;25.7
58;2021-06-02;1465;1047;90426;52392;45.3;26.2
58;2021-06-03;1026;960;91452;53352;45.8;26.7
58;2021-06-04;843;910;92295;54262;46.2;27.2
58;2021-06-05;272;263;92567;54525;46.4;27.3
58;2021-06-06;24;49;92591;54574;46.4;27.3
58;2021-06-07;712;793;93303;55367;46.7;27.7
58;2021-06-08;1324;1758;94627;57125;47.4;28.6
58;2021-06-09;1419;1008;96046;58133;48.1;29.1
58;2021-06-10;1108;980;97154;59113;48.7;29.6
58;2021-06-11;1030;906;98184;60019;49.2;30.1
58;2021-06-12;1055;415;99239;60434;49.7;30.3
58;2021-06-13;36;33;99275;60467;49.7;30.3
58;2021-06-14;516;1016;99791;61483;50.0;30.8
58;2021-06-15;1595;1757;101386;63240;50.8;31.7
58;2021-06-16;1806;993;103192;64233;51.7;32.2
58;2021-06-17;2024;1112;105216;65345;52.7;32.7
58;2021-06-18;987;1063;106203;66408;53.2;33.3
58;2021-06-19;581;319;106784;66727;53.5;33.4
58;2021-06-20;9;2;106793;66729;53.5;33.4
58;2021-06-21;472;553;107265;67282;53.7;33.7
58;2021-06-22;1028;1966;108293;69248;54.3;34.7
58;2021-06-23;1479;1512;109772;70760;55.0;35.5
58;2021-06-24;728;1025;110500;71785;55.4;36.0
58;2021-06-25;826;1719;111326;73504;55.8;36.8
58;2021-06-26;554;1229;111880;74733;56.1;37.4
58;2021-06-27;18;26;111898;74759;56.1;37.5
58;2021-06-28;463;987;112361;75746;56.3;37.9
58;2021-06-29;623;2160;112984;77906;56.6;39.0
58;2021-06-30;998;1625;113982;79531;57.1;39.8
58;2021-07-01;760;1674;114742;81205;57.5;40.7
58;2021-07-02;444;851;115186;82056;57.7;41.1
58;2021-07-03;249;512;115435;82568;57.8;41.4
58;2021-07-04;12;30;115447;82598;57.8;41.4
58;2021-07-05;511;771;115958;83369;58.1;41.8
58;2021-07-06;695;2121;116653;85490;58.4;42.8
58;2021-07-07;389;954;117042;86444;58.6;43.3
58;2021-07-08;399;1019;117441;87463;58.8;43.8
58;2021-07-09;709;1418;118150;88881;59.2;44.5
58;2021-07-10;260;412;118410;89293;59.3;44.7
58;2021-07-11;175;53;118585;89346;59.4;44.8
58;2021-07-12;197;966;118782;90312;59.5;45.2
58;2021-07-13;932;2501;119714;92813;60.0;46.5
58;2021-07-14;27;60;119741;92873;60.0;46.5
58;2021-07-15;1135;1936;120876;94809;60.6;47.5
58;2021-07-16;1411;1448;122287;96257;61.3;48.2
58;2021-07-17;463;288;122750;96545;61.5;48.4
58;2021-07-18;102;21;122852;96566;61.6;48.4
58;2021-07-19;1651;986;124503;97552;62.4;48.9
58;2021-07-20;1407;2454;125910;100006;63.1;50.1
58;2021-07-21;1177;2008;127087;102014;63.7;51.1
58;2021-07-22;1144;1668;128231;103682;64.2;51.9
58;2021-07-23;1265;1445;129496;105127;64.9;52.7
58;2021-07-24;1001;1271;130497;106398;65.4;53.3
58;2021-07-25;89;39;130586;106437;65.4;53.3
58;2021-07-26;981;862;131567;107299;65.9;53.8
58;2021-07-27;1569;2577;133136;109876;66.7;55.0
58;2021-07-28;1574;1971;134710;111847;67.5;56.0
58;2021-07-29;1579;1625;136289;113472;68.3;56.9
58;2021-07-30;1465;1427;137754;114899;69.0;57.6
58;2021-07-31;569;525;138323;115424;69.3;57.8
58;2021-08-01;35;13;138358;115437;69.3;57.8
58;2021-08-02;1588;863;139946;116300;70.1;58.3
58;2021-08-03;2049;1781;141995;118081;71.1;59.2
58;2021-08-04;1309;1183;143304;119264;71.8;59.8
58;2021-08-05;1621;1177;144925;120441;72.6;60.3
58;2021-08-06;1357;1032;146282;121473;73.3;60.9
58;2021-08-07;312;400;146594;121873;73.4;61.1
58;2021-08-08;30;58;146624;121931;73.5;61.1
58;2021-08-09;1080;1386;147704;123317;74.0;61.8
58;2021-08-10;1777;1390;149481;124707;74.9;62.5
58;2021-08-11;1128;783;150609;125490;75.5;62.9
58;2021-08-12;1062;1112;151671;126602;76.0;63.4
58;2021-08-13;923;953;152594;127555;76.5;63.9
58;2021-08-14;231;316;152825;127871;76.6;64.1
58;2021-08-15;13;27;152838;127898;76.6;64.1
58;2021-08-16;310;1404;153148;129302;76.7;64.8
58;2021-08-17;797;1336;153945;130638;77.1;65.5
58;2021-08-18;763;1173;154708;131811;77.5;66.0
58;2021-08-19;721;1342;155429;133153;77.9;66.7
58;2021-08-20;705;1295;156134;134448;78.2;67.4
58;2021-08-21;248;476;156382;134924;78.3;67.6
58;2021-08-22;9;86;156391;135010;78.4;67.6
58;2021-08-23;416;814;156807;135824;78.6;68.0
58;2021-08-24;511;1480;157318;137304;78.8;68.8
58;2021-08-25;435;1543;157753;138847;79.0;69.6
58;2021-08-26;551;1732;158304;140579;79.3;70.4
58;2021-08-27;490;1563;158794;142142;79.6;71.2
58;2021-08-28;240;635;159034;142777;79.7;71.5
58;2021-08-29;9;42;159043;142819;79.7;71.6
58;2021-08-30;357;808;159400;143627;79.9;72.0
58;2021-08-31;462;1591;159862;145218;80.1;72.8
58;2021-09-01;406;1668;160268;146886;80.3;73.6
59;2020-12-27;1;0;1;0;0.0;0.0
59;2020-12-28;27;0;28;0;0.0;0.0
59;2020-12-29;0;0;28;0;0.0;0.0
59;2020-12-30;0;0;28;0;0.0;0.0
59;2020-12-31;1;0;29;0;0.0;0.0
59;2021-01-01;3;0;32;0;0.0;0.0
59;2021-01-02;1;0;33;0;0.0;0.0
59;2021-01-03;4;0;37;0;0.0;0.0
59;2021-01-04;79;0;116;0;0.0;0.0
59;2021-01-05;217;0;333;0;0.0;0.0
59;2021-01-06;430;2;763;2;0.0;0.0
59;2021-01-07;1314;0;2077;2;0.1;0.0
59;2021-01-08;1262;4;3339;6;0.1;0.0
59;2021-01-09;609;3;3948;9;0.2;0.0
59;2021-01-10;427;0;4375;9;0.2;0.0
59;2021-01-11;1846;5;6221;14;0.2;0.0
59;2021-01-12;2471;2;8692;16;0.3;0.0
59;2021-01-13;2367;3;11059;19;0.4;0.0
59;2021-01-14;2758;22;13817;41;0.5;0.0
59;2021-01-15;2275;16;16092;57;0.6;0.0
59;2021-01-16;771;1;16863;58;0.7;0.0
59;2021-01-17;560;1;17423;59;0.7;0.0
59;2021-01-18;3510;15;20933;74;0.8;0.0
59;2021-01-19;4754;9;25687;83;1.0;0.0
59;2021-01-20;4135;13;29822;96;1.2;0.0
59;2021-01-21;4730;40;34552;136;1.3;0.0
59;2021-01-22;4027;11;38579;147;1.5;0.0
59;2021-01-23;1215;3;39794;150;1.5;0.0
59;2021-01-24;168;0;39962;150;1.5;0.0
59;2021-01-25;2729;58;42691;208;1.6;0.0
59;2021-01-26;2809;137;45500;345;1.8;0.0
59;2021-01-27;1736;305;47236;650;1.8;0.0
59;2021-01-28;3399;757;50635;1407;2.0;0.1
59;2021-01-29;2541;782;53176;2189;2.1;0.1
59;2021-01-30;288;173;53464;2362;2.1;0.1
59;2021-01-31;24;0;53488;2362;2.1;0.1
59;2021-02-01;78;851;53566;3213;2.1;0.1
59;2021-02-02;686;1419;54252;4632;2.1;0.2
59;2021-02-03;3749;1428;58001;6060;2.2;0.2
59;2021-02-04;2965;1715;60966;7775;2.4;0.3
59;2021-02-05;1052;1373;62018;9148;2.4;0.4
59;2021-02-06;206;348;62224;9496;2.4;0.4
59;2021-02-07;268;49;62492;9545;2.4;0.4
59;2021-02-08;683;1560;63175;11105;2.4;0.4
59;2021-02-09;1014;1777;64189;12882;2.5;0.5
59;2021-02-10;976;1592;65165;14474;2.5;0.6
59;2021-02-11;1347;1776;66512;16250;2.6;0.6
59;2021-02-12;1413;1604;67925;17854;2.6;0.7
59;2021-02-13;207;716;68132;18570;2.6;0.7
59;2021-02-14;13;42;68145;18612;2.6;0.7
59;2021-02-15;1394;2921;69539;21533;2.7;0.8
59;2021-02-16;1436;3592;70975;25125;2.7;1.0
59;2021-02-17;1620;3656;72595;28781;2.8;1.1
59;2021-02-18;3105;5042;75700;33823;2.9;1.3
59;2021-02-19;3211;3545;78911;37368;3.0;1.4
59;2021-02-20;1414;1544;80325;38912;3.1;1.5
59;2021-02-21;242;259;80567;39171;3.1;1.5
59;2021-02-22;1431;2498;81998;41669;3.2;1.6
59;2021-02-23;2659;2813;84657;44482;3.3;1.7
59;2021-02-24;4107;4031;88764;48513;3.4;1.9
59;2021-02-25;6916;3695;95680;52208;3.7;2.0
59;2021-02-26;6494;1856;102174;54064;3.9;2.1
59;2021-02-27;3095;187;105269;54251;4.1;2.1
59;2021-02-28;208;60;105477;54311;4.1;2.1
59;2021-03-01;3693;659;109170;54970;4.2;2.1
59;2021-03-02;4794;568;113964;55538;4.4;2.1
59;2021-03-03;5747;994;119711;56532;4.6;2.2
59;2021-03-04;7085;948;126796;57480;4.9;2.2
59;2021-03-05;7832;976;134628;58456;5.2;2.3
59;2021-03-06;11559;525;146187;58981;5.6;2.3
59;2021-03-07;7586;349;153773;59330;5.9;2.3
59;2021-03-08;4496;1094;158269;60424;6.1;2.3
59;2021-03-09;6582;1426;164851;61850;6.4;2.4
59;2021-03-10;7027;1196;171878;63046;6.6;2.4
59;2021-03-11;9476;1882;181354;64928;7.0;2.5
59;2021-03-12;12155;1556;193509;66484;7.5;2.6
59;2021-03-13;16553;1091;210062;67575;8.1;2.6
59;2021-03-14;6962;326;217024;67901;8.4;2.6
59;2021-03-15;5616;1492;222640;69393;8.6;2.7
59;2021-03-16;3738;1329;226378;70722;8.7;2.7
59;2021-03-17;3855;2095;230233;72817;8.9;2.8
59;2021-03-18;3957;2490;234190;75307;9.0;2.9
59;2021-03-19;7742;1832;241932;77139;9.3;3.0
59;2021-03-20;16025;1280;257957;78419;10.0;3.0
59;2021-03-21;6315;447;264272;78866;10.2;3.0
59;2021-03-22;5447;1770;269719;80636;10.4;3.1
59;2021-03-23;7767;2812;277486;83448;10.7;3.2
59;2021-03-24;6861;2972;284347;86420;11.0;3.3
59;2021-03-25;10532;2558;294879;88978;11.4;3.4
59;2021-03-26;12251;2841;307130;91819;11.9;3.5
59;2021-03-27;15277;1144;322407;92963;12.5;3.6
59;2021-03-28;7983;358;330390;93321;12.8;3.6
59;2021-03-29;5495;3200;335885;96521;13.0;3.7
59;2021-03-30;7540;3757;343425;100278;13.3;3.9
59;2021-03-31;6154;4100;349579;104378;13.5;4.0
59;2021-04-01;7488;4921;357067;109299;13.8;4.2
59;2021-04-02;7646;5517;364713;114816;14.1;4.4
59;2021-04-03;13019;4301;377732;119117;14.6;4.6
59;2021-04-04;5350;2182;383082;121299;14.8;4.7
59;2021-04-05;6015;1536;389097;122835;15.0;4.7
59;2021-04-06;5405;4492;394502;127327;15.2;4.9
59;2021-04-07;7626;5437;402128;132764;15.5;5.1
59;2021-04-08;10393;5765;412521;138529;15.9;5.4
59;2021-04-09;13419;5931;425940;144460;16.5;5.6
59;2021-04-10;11479;6142;437419;150602;16.9;5.8
59;2021-04-11;4636;3565;442055;154167;17.1;6.0
59;2021-04-12;6305;4349;448360;158516;17.3;6.1
59;2021-04-13;8935;4794;457295;163310;17.7;6.3
59;2021-04-14;8788;4342;466083;167652;18.0;6.5
59;2021-04-15;10310;4849;476393;172501;18.4;6.7
59;2021-04-16;10881;5503;487274;178004;18.8;6.9
59;2021-04-17;7299;9084;494573;187088;19.1;7.2
59;2021-04-18;3230;4166;497803;191254;19.2;7.4
59;2021-04-19;5045;4300;502848;195554;19.4;7.6
59;2021-04-20;6896;4211;509744;199765;19.7;7.7
59;2021-04-21;6274;4429;516018;204194;19.9;7.9
59;2021-04-22;8613;5519;524631;209713;20.3;8.1
59;2021-04-23;8459;5690;533090;215403;20.6;8.3
59;2021-04-24;5538;8064;538628;223467;20.8;8.6
59;2021-04-25;3244;6079;541872;229546;20.9;8.9
59;2021-04-26;6492;3800;548364;233346;21.2;9.0
59;2021-04-27;8365;5194;556729;238540;21.5;9.2
59;2021-04-28;8771;6579;565500;245119;21.8;9.5
59;2021-04-29;9415;8570;574915;253689;22.2;9.8
59;2021-04-30;10605;8551;585520;262240;22.6;10.1
59;2021-05-01;11999;7595;597519;269835;23.1;10.4
59;2021-05-02;8646;5990;606165;275825;23.4;10.7
59;2021-05-03;9555;5066;615720;280891;23.8;10.8
59;2021-05-04;11424;6005;627144;286896;24.2;11.1
59;2021-05-05;10296;6219;637440;293115;24.6;11.3
59;2021-05-06;11197;8460;648637;301575;25.1;11.6
59;2021-05-07;13299;9628;661936;311203;25.6;12.0
59;2021-05-08;14745;4168;676681;315371;26.1;12.2
59;2021-05-09;11491;3335;688172;318706;26.6;12.3
59;2021-05-10;12746;6645;700918;325351;27.1;12.6
59;2021-05-11;15112;8337;716030;333688;27.7;12.9
59;2021-05-12;16629;8649;732659;342337;28.3;13.2
59;2021-05-13;18443;3457;751102;345794;29.0;13.4
59;2021-05-14;15781;6976;766883;352770;29.6;13.6
59;2021-05-15;23448;5298;790331;358068;30.5;13.8
59;2021-05-16;21184;2414;811515;360482;31.3;13.9
59;2021-05-17;15073;5274;826588;365756;31.9;14.1
59;2021-05-18;16927;5679;843515;371435;32.6;14.3
59;2021-05-19;18323;5115;861838;376550;33.3;14.5
59;2021-05-20;17932;7016;879770;383566;34.0;14.8
59;2021-05-21;18372;8303;898142;391869;34.7;15.1
59;2021-05-22;23815;5692;921957;397561;35.6;15.4
59;2021-05-23;17922;2273;939879;399834;36.3;15.4
59;2021-05-24;16688;2136;956567;401970;36.9;15.5
59;2021-05-25;14991;6676;971558;408646;37.5;15.8
59;2021-05-26;15895;7050;987453;415696;38.1;16.1
59;2021-05-27;16150;9178;1003603;424874;38.8;16.4
59;2021-05-28;15888;11474;1019491;436348;39.4;16.9
59;2021-05-29;14374;8723;1033865;445071;39.9;17.2
59;2021-05-30;8407;1842;1042272;446913;40.3;17.3
59;2021-05-31;14210;7980;1056482;454893;40.8;17.6
59;2021-06-01;15092;10417;1071574;465310;41.4;18.0
59;2021-06-02;14768;9942;1086342;475252;42.0;18.4
59;2021-06-03;15631;12144;1101973;487396;42.6;18.8
59;2021-06-04;15609;13491;1117582;500887;43.2;19.3
59;2021-06-05;14982;9344;1132564;510231;43.7;19.7
59;2021-06-06;8832;3207;1141396;513438;44.1;19.8
59;2021-06-07;10526;9442;1151922;522880;44.5;20.2
59;2021-06-08;11763;11094;1163685;533974;44.9;20.6
59;2021-06-09;10763;11916;1174448;545890;45.4;21.1
59;2021-06-10;11501;12346;1185949;558236;45.8;21.6
59;2021-06-11;10978;16009;1196927;574245;46.2;22.2
59;2021-06-12;11075;13683;1208002;587928;46.7;22.7
59;2021-06-13;6344;7031;1214346;594959;46.9;23.0
59;2021-06-14;6509;12696;1220855;607655;47.2;23.5
59;2021-06-15;8237;15957;1229092;623612;47.5;24.1
59;2021-06-16;9205;13555;1238297;637167;47.8;24.6
59;2021-06-17;9191;15661;1247488;652828;48.2;25.2
59;2021-06-18;9087;20060;1256575;672888;48.5;26.0
59;2021-06-19;8956;17493;1265531;690381;48.9;26.7
59;2021-06-20;4900;10191;1270431;700572;49.1;27.1
59;2021-06-21;5280;15969;1275711;716541;49.3;27.7
59;2021-06-22;6334;18686;1282045;735227;49.5;28.4
59;2021-06-23;6168;19088;1288213;754315;49.8;29.1
59;2021-06-24;7336;20534;1295549;774849;50.0;29.9
59;2021-06-25;6508;21206;1302057;796055;50.3;30.7
59;2021-06-26;6487;23755;1308544;819810;50.5;31.7
59;2021-06-27;4755;17078;1313299;836888;50.7;32.3
59;2021-06-28;5005;19828;1318304;856716;50.9;33.1
59;2021-06-29;5553;20378;1323857;877094;51.1;33.9
59;2021-06-30;6134;20103;1329991;897197;51.4;34.7
59;2021-07-01;6792;20842;1336783;918039;51.6;35.5
59;2021-07-02;6839;23251;1343622;941290;51.9;36.4
59;2021-07-03;5563;24622;1349185;965912;52.1;37.3
59;2021-07-04;4416;15978;1353601;981890;52.3;37.9
59;2021-07-05;5670;17491;1359271;999381;52.5;38.6
59;2021-07-06;6602;18803;1365873;1018184;52.8;39.3
59;2021-07-07;6944;17457;1372817;1035641;53.0;40.0
59;2021-07-08;8024;17700;1380841;1053341;53.3;40.7
59;2021-07-09;7705;20303;1388546;1073644;53.6;41.5
59;2021-07-10;7448;18538;1395994;1092182;53.9;42.2
59;2021-07-11;4452;10231;1400446;1102413;54.1;42.6
59;2021-07-12;5912;18045;1406358;1120458;54.3;43.3
59;2021-07-13;9910;20767;1416268;1141225;54.7;44.1
59;2021-07-14;9783;8454;1426051;1149679;55.1;44.4
59;2021-07-15;11633;20414;1437684;1170093;55.5;45.2
59;2021-07-16;13220;20514;1450904;1190607;56.0;46.0
59;2021-07-17;12395;17470;1463299;1208077;56.5;46.7
59;2021-07-18;7964;8681;1471263;1216758;56.8;47.0
59;2021-07-19;10403;16457;1481666;1233215;57.2;47.6
59;2021-07-20;13413;17130;1495079;1250345;57.7;48.3
59;2021-07-21;14524;15599;1509603;1265944;58.3;48.9
59;2021-07-22;17067;15213;1526670;1281157;59.0;49.5
59;2021-07-23;15725;15843;1542395;1297000;59.6;50.1
59;2021-07-24;16352;12294;1558747;1309294;60.2;50.6
59;2021-07-25;11920;7331;1570667;1316625;60.7;50.9
59;2021-07-26;13040;12609;1583707;1329234;61.2;51.3
59;2021-07-27;16236;11979;1599943;1341213;61.8;51.8
59;2021-07-28;17451;11664;1617394;1352877;62.5;52.3
59;2021-07-29;17413;11665;1634807;1364542;63.1;52.7
59;2021-07-30;15913;11607;1650720;1376149;63.8;53.2
59;2021-07-31;14013;9191;1664733;1385340;64.3;53.5
59;2021-08-01;9951;4562;1674684;1389902;64.7;53.7
59;2021-08-02;12169;10022;1686853;1399924;65.2;54.1
59;2021-08-03;13419;10050;1700272;1409974;65.7;54.5
59;2021-08-04;11214;8284;1711486;1418258;66.1;54.8
59;2021-08-05;12693;9790;1724179;1428048;66.6;55.2
59;2021-08-06;12530;11039;1736709;1439087;67.1;55.6
59;2021-08-07;9723;9298;1746432;1448385;67.5;55.9
59;2021-08-08;6952;5253;1753384;1453638;67.7;56.1
59;2021-08-09;8384;10821;1761768;1464459;68.0;56.6
59;2021-08-10;10370;10778;1772138;1475237;68.4;57.0
59;2021-08-11;8635;9312;1780773;1484549;68.8;57.3
59;2021-08-12;8963;12069;1789736;1496618;69.1;57.8
59;2021-08-13;8449;11743;1798185;1508361;69.5;58.3
59;2021-08-14;5927;10383;1804112;1518744;69.7;58.7
59;2021-08-15;3367;4662;1807479;1523406;69.8;58.8
59;2021-08-16;5836;13856;1813315;1537262;70.0;59.4
59;2021-08-17;6922;12760;1820237;1550022;70.3;59.9
59;2021-08-18;5877;11463;1826114;1561485;70.5;60.3
59;2021-08-19;6297;13850;1832411;1575335;70.8;60.8
59;2021-08-20;5798;14566;1838209;1589901;71.0;61.4
59;2021-08-21;4155;10270;1842364;1600171;71.2;61.8
59;2021-08-22;2831;7638;1845195;1607809;71.3;62.1
59;2021-08-23;4754;15713;1849949;1623522;71.5;62.7
59;2021-08-24;5256;15175;1855205;1638697;71.7;63.3
59;2021-08-25;4627;13064;1859832;1651761;71.8;63.8
59;2021-08-26;5177;14324;1865009;1666085;72.0;64.4
59;2021-08-27;4949;15391;1869958;1681476;72.2;64.9
59;2021-08-28;3781;12340;1873739;1693816;72.4;65.4
59;2021-08-29;1926;8420;1875665;1702236;72.4;65.7
59;2021-08-30;3827;12904;1879492;1715140;72.6;66.2
59;2021-08-31;3781;12912;1883273;1728052;72.7;66.7
59;2021-09-01;3217;10651;1886490;1738703;72.9;67.2
60;2020-12-27;0;0;0;0;0.0;0.0
60;2020-12-28;0;0;0;0;0.0;0.0
60;2020-12-29;1;0;1;0;0.0;0.0
60;2020-12-30;0;0;1;0;0.0;0.0
60;2020-12-31;0;0;1;0;0.0;0.0
60;2021-01-01;0;0;1;0;0.0;0.0
60;2021-01-02;5;0;6;0;0.0;0.0
60;2021-01-03;1;0;7;0;0.0;0.0
60;2021-01-04;1;0;8;0;0.0;0.0
60;2021-01-05;37;0;45;0;0.0;0.0
60;2021-01-06;188;4;233;4;0.0;0.0
60;2021-01-07;236;4;469;8;0.1;0.0
60;2021-01-08;380;3;849;11;0.1;0.0
60;2021-01-09;3;0;852;11;0.1;0.0
60;2021-01-10;60;0;912;11;0.1;0.0
60;2021-01-11;342;2;1254;13;0.2;0.0
60;2021-01-12;535;2;1789;15;0.2;0.0
60;2021-01-13;476;5;2265;20;0.3;0.0
60;2021-01-14;507;6;2772;26;0.3;0.0
60;2021-01-15;702;7;3474;33;0.4;0.0
60;2021-01-16;124;1;3598;34;0.4;0.0
60;2021-01-17;32;0;3630;34;0.4;0.0
60;2021-01-18;859;7;4489;41;0.5;0.0
60;2021-01-19;1201;11;5690;52;0.7;0.0
60;2021-01-20;1716;12;7406;64;0.9;0.0
60;2021-01-21;2261;10;9667;74;1.2;0.0
60;2021-01-22;1543;15;11210;89;1.4;0.0
60;2021-01-23;499;4;11709;93;1.4;0.0
60;2021-01-24;61;1;11770;94;1.4;0.0
60;2021-01-25;897;14;12667;108;1.5;0.0
60;2021-01-26;950;14;13617;122;1.7;0.0
60;2021-01-27;646;7;14263;129;1.7;0.0
60;2021-01-28;395;168;14658;297;1.8;0.0
60;2021-01-29;77;105;14735;402;1.8;0.0
60;2021-01-30;0;1;14735;403;1.8;0.0
60;2021-01-31;22;60;14757;463;1.8;0.1
60;2021-02-01;39;105;14796;568;1.8;0.1
60;2021-02-02;26;156;14822;724;1.8;0.1
60;2021-02-03;164;236;14986;960;1.8;0.1
60;2021-02-04;170;338;15156;1298;1.8;0.2
60;2021-02-05;315;474;15471;1772;1.9;0.2
60;2021-02-06;65;79;15536;1851;1.9;0.2
60;2021-02-07;31;31;15567;1882;1.9;0.2
60;2021-02-08;328;512;15895;2394;1.9;0.3
60;2021-02-09;319;466;16214;2860;2.0;0.3
60;2021-02-10;554;982;16768;3842;2.0;0.5
60;2021-02-11;937;1127;17705;4969;2.1;0.6
60;2021-02-12;913;854;18618;5823;2.3;0.7
60;2021-02-13;91;307;18709;6130;2.3;0.7
60;2021-02-14;24;86;18733;6216;2.3;0.8
60;2021-02-15;612;786;19345;7002;2.3;0.8
60;2021-02-16;580;911;19925;7913;2.4;1.0
60;2021-02-17;633;914;20558;8827;2.5;1.1
60;2021-02-18;684;812;21242;9639;2.6;1.2
60;2021-02-19;641;758;21883;10397;2.7;1.3
60;2021-02-20;104;185;21987;10582;2.7;1.3
60;2021-02-21;23;116;22010;10698;2.7;1.3
60;2021-02-22;461;860;22471;11558;2.7;1.4
60;2021-02-23;535;773;23006;12331;2.8;1.5
60;2021-02-24;794;544;23800;12875;2.9;1.6
60;2021-02-25;1095;299;24895;13174;3.0;1.6
60;2021-02-26;1298;191;26193;13365;3.2;1.6
60;2021-02-27;666;35;26859;13400;3.3;1.6
60;2021-02-28;7;10;26866;13410;3.3;1.6
60;2021-03-01;894;50;27760;13460;3.4;1.6
60;2021-03-02;1013;168;28773;13628;3.5;1.7
60;2021-03-03;1321;451;30094;14079;3.6;1.7
60;2021-03-04;1725;520;31819;14599;3.9;1.8
60;2021-03-05;1821;291;33640;14890;4.1;1.8
60;2021-03-06;1920;143;35560;15033;4.3;1.8
60;2021-03-07;885;33;36445;15066;4.4;1.8
60;2021-03-08;978;314;37423;15380;4.5;1.9
60;2021-03-09;1642;359;39065;15739;4.7;1.9
60;2021-03-10;1938;433;41003;16172;5.0;2.0
60;2021-03-11;2325;386;43328;16558;5.3;2.0
60;2021-03-12;2595;544;45923;17102;5.6;2.1
60;2021-03-13;3839;214;49762;17316;6.0;2.1
60;2021-03-14;1782;58;51544;17374;6.2;2.1
60;2021-03-15;2090;502;53634;17876;6.5;2.2
60;2021-03-16;1583;626;55217;18502;6.7;2.2
60;2021-03-17;1658;620;56875;19122;6.9;2.3
60;2021-03-18;1759;739;58634;19861;7.1;2.4
60;2021-03-19;2591;532;61225;20393;7.4;2.5
60;2021-03-20;3241;194;64466;20587;7.8;2.5
60;2021-03-21;2125;99;66591;20686;8.1;2.5
60;2021-03-22;2133;711;68724;21397;8.3;2.6
60;2021-03-23;3308;728;72032;22125;8.7;2.7
60;2021-03-24;3070;878;75102;23003;9.1;2.8
60;2021-03-25;3849;852;78951;23855;9.6;2.9
60;2021-03-26;4217;877;83168;24732;10.1;3.0
60;2021-03-27;4142;317;87310;25049;10.6;3.0
60;2021-03-28;2449;83;89759;25132;10.9;3.0
60;2021-03-29;2610;1088;92369;26220;11.2;3.2
60;2021-03-30;3285;1081;95654;27301;11.6;3.3
60;2021-03-31;2669;1143;98323;28444;11.9;3.4
60;2021-04-01;2562;1104;100885;29548;12.2;3.6
60;2021-04-02;3308;1108;104193;30656;12.6;3.7
60;2021-04-03;3171;1011;107364;31667;13.0;3.8
60;2021-04-04;876;486;108240;32153;13.1;3.9
60;2021-04-05;458;82;108698;32235;13.2;3.9
60;2021-04-06;1966;1624;110664;33859;13.4;4.1
60;2021-04-07;1984;1751;112648;35610;13.7;4.3
60;2021-04-08;2612;1497;115260;37107;14.0;4.5
60;2021-04-09;2998;1523;118258;38630;14.3;4.7
60;2021-04-10;2928;1586;121186;40216;14.7;4.9
60;2021-04-11;1046;1000;122232;41216;14.8;5.0
60;2021-04-12;2045;1722;124277;42938;15.1;5.2
60;2021-04-13;2749;1786;127026;44724;15.4;5.4
60;2021-04-14;3144;1823;130170;46547;15.8;5.6
60;2021-04-15;3561;1894;133731;48441;16.2;5.9
60;2021-04-16;3289;1951;137020;50392;16.6;6.1
60;2021-04-17;2848;2172;139868;52564;17.0;6.4
60;2021-04-18;573;1833;140441;54397;17.0;6.6
60;2021-04-19;1742;2216;142183;56613;17.2;6.9
60;2021-04-20;2129;2679;144312;59292;17.5;7.2
60;2021-04-21;2653;2208;146965;61500;17.8;7.5
60;2021-04-22;2631;2511;149596;64011;18.1;7.8
60;2021-04-23;2650;2503;152246;66514;18.5;8.1
60;2021-04-24;2471;3459;154717;69973;18.8;8.5
60;2021-04-25;1161;1963;155878;71936;18.9;8.7
60;2021-04-26;1890;2532;157768;74468;19.1;9.0
60;2021-04-27;2310;2847;160078;77315;19.4;9.4
60;2021-04-28;3062;2400;163140;79715;19.8;9.7
60;2021-04-29;3154;2626;166294;82341;20.2;10.0
60;2021-04-30;3459;2968;169753;85309;20.6;10.3
60;2021-05-01;2355;1123;172108;86432;20.9;10.5
60;2021-05-02;2148;845;174256;87277;21.1;10.6
60;2021-05-03;2955;1854;177211;89131;21.5;10.8
60;2021-05-04;3018;2359;180229;91490;21.8;11.1
60;2021-05-05;3260;2810;183489;94300;22.2;11.4
60;2021-05-06;3649;2482;187138;96782;22.7;11.7
60;2021-05-07;3985;2522;191123;99304;23.2;12.0
60;2021-05-08;3583;973;194706;100277;23.6;12.2
60;2021-05-09;3459;956;198165;101233;24.0;12.3
60;2021-05-10;2391;2293;200556;103526;24.3;12.5
60;2021-05-11;3670;2470;204226;105996;24.8;12.8
60;2021-05-12;4718;2550;208944;108546;25.3;13.2
60;2021-05-13;5292;1129;214236;109675;26.0;13.3
60;2021-05-14;5603;1810;219839;111485;26.6;13.5
60;2021-05-15;6173;1719;226012;113204;27.4;13.7
60;2021-05-16;4861;690;230873;113894;28.0;13.8
60;2021-05-17;3716;1677;234589;115571;28.4;14.0
60;2021-05-18;4049;2082;238638;117653;28.9;14.3
60;2021-05-19;5098;1856;243736;119509;29.5;14.5
60;2021-05-20;5458;1800;249194;121309;30.2;14.7
60;2021-05-21;5974;1979;255168;123288;30.9;14.9
60;2021-05-22;5356;1978;260524;125266;31.6;15.2
60;2021-05-23;4267;659;264791;125925;32.1;15.3
60;2021-05-24;2951;535;267742;126460;32.5;15.3
60;2021-05-25;4139;2003;271881;128463;33.0;15.6
60;2021-05-26;4466;1834;276347;130297;33.5;15.8
60;2021-05-27;4613;1996;280960;132293;34.1;16.0
60;2021-05-28;4628;2507;285588;134800;34.6;16.3
60;2021-05-29;4612;2275;290200;137075;35.2;16.6
60;2021-05-30;1086;348;291286;137423;35.3;16.7
60;2021-05-31;3831;2083;295117;139506;35.8;16.9
60;2021-06-01;4444;2854;299561;142360;36.3;17.3
60;2021-06-02;3915;2452;303476;144812;36.8;17.6
60;2021-06-03;3905;2380;307381;147192;37.3;17.8
60;2021-06-04;4652;2907;312033;150099;37.8;18.2
60;2021-06-05;4303;3422;316336;153521;38.3;18.6
60;2021-06-06;2159;794;318495;154315;38.6;18.7
60;2021-06-07;2777;2761;321272;157076;38.9;19.0
60;2021-06-08;3802;3015;325074;160091;39.4;19.4
60;2021-06-09;3246;3401;328320;163492;39.8;19.8
60;2021-06-10;3456;3371;331776;166863;40.2;20.2
60;2021-06-11;3881;4195;335657;171058;40.7;20.7
60;2021-06-12;3779;4281;339436;175339;41.1;21.3
60;2021-06-13;1156;2225;340592;177564;41.3;21.5
60;2021-06-14;1910;3305;342502;180869;41.5;21.9
60;2021-06-15;3016;4167;345518;185036;41.9;22.4
60;2021-06-16;3252;4490;348770;189526;42.3;23.0
60;2021-06-17;2977;4785;351747;194311;42.6;23.6
60;2021-06-18;2984;4604;354731;198915;43.0;24.1
60;2021-06-19;3145;4726;357876;203641;43.4;24.7
60;2021-06-20;1430;1934;359306;205575;43.5;24.9
60;2021-06-21;1408;4041;360714;209616;43.7;25.4
60;2021-06-22;1759;5295;362473;214911;43.9;26.0
60;2021-06-23;1862;5241;364335;220152;44.2;26.7
60;2021-06-24;1804;5604;366139;225756;44.4;27.4
60;2021-06-25;1903;5732;368042;231488;44.6;28.1
60;2021-06-26;1861;6978;369903;238466;44.8;28.9
60;2021-06-27;715;2594;370618;241060;44.9;29.2
60;2021-06-28;1782;4142;372400;245202;45.1;29.7
60;2021-06-29;2014;5469;374414;250671;45.4;30.4
60;2021-06-30;2298;5360;376712;256031;45.7;31.0
60;2021-07-01;1891;4917;378603;260948;45.9;31.6
60;2021-07-02;2370;5883;380973;266831;46.2;32.3
60;2021-07-03;2402;6163;383375;272994;46.5;33.1
60;2021-07-04;792;2726;384167;275720;46.6;33.4
60;2021-07-05;1658;4401;385825;280121;46.8;34.0
60;2021-07-06;2145;4503;387970;284624;47.0;34.5
60;2021-07-07;2172;5121;390142;289745;47.3;35.1
60;2021-07-08;2673;4693;392815;294438;47.6;35.7
60;2021-07-09;2642;5565;395457;300003;47.9;36.4
60;2021-07-10;2581;5876;398038;305879;48.2;37.1
60;2021-07-11;1215;1942;399253;307821;48.4;37.3
60;2021-07-12;1445;4739;400698;312560;48.6;37.9
60;2021-07-13;2912;5024;403610;317584;48.9;38.5
60;2021-07-14;2582;1410;406192;318994;49.2;38.7
60;2021-07-15;3430;4874;409622;323868;49.6;39.3
60;2021-07-16;3699;5242;413321;329110;50.1;39.9
60;2021-07-17;4079;5136;417400;334246;50.6;40.5
60;2021-07-18;2186;2129;419586;336375;50.9;40.8
60;2021-07-19;2542;3892;422128;340267;51.2;41.2
60;2021-07-20;4194;4905;426322;345172;51.7;41.8
60;2021-07-21;4352;4279;430674;349451;52.2;42.4
60;2021-07-22;4628;4332;435302;353783;52.8;42.9
60;2021-07-23;4982;4907;440284;358690;53.4;43.5
60;2021-07-24;4316;4674;444600;363364;53.9;44.0
60;2021-07-25;2603;1828;447203;365192;54.2;44.3
60;2021-07-26;3378;3763;450581;368955;54.6;44.7
60;2021-07-27;4437;4633;455018;373588;55.1;45.3
60;2021-07-28;4547;3766;459565;377354;55.7;45.7
60;2021-07-29;4897;3710;464462;381064;56.3;46.2
60;2021-07-30;5025;4255;469487;385319;56.9;46.7
60;2021-07-31;4059;3969;473546;389288;57.4;47.2
60;2021-08-01;1683;862;475229;390150;57.6;47.3
60;2021-08-02;3171;2754;478400;392904;58.0;47.6
60;2021-08-03;3581;2895;481981;395799;58.4;48.0
60;2021-08-04;3304;2799;485285;398598;58.8;48.3
60;2021-08-05;3025;2256;488310;400854;59.2;48.6
60;2021-08-06;3825;3064;492135;403918;59.6;49.0
60;2021-08-07;3364;3075;495499;406993;60.1;49.3
60;2021-08-08;1533;908;497032;407901;60.2;49.4
60;2021-08-09;2195;2867;499227;410768;60.5;49.8
60;2021-08-10;3269;3307;502496;414075;60.9;50.2
60;2021-08-11;2783;3233;505279;417308;61.2;50.6
60;2021-08-12;2350;2660;507629;419968;61.5;50.9
60;2021-08-13;2737;2999;510366;422967;61.9;51.3
60;2021-08-14;2536;2728;512902;425695;62.2;51.6
60;2021-08-15;1358;548;514260;426243;62.3;51.7
60;2021-08-16;2036;3776;516296;430019;62.6;52.1
60;2021-08-17;2337;3822;518633;433841;62.9;52.6
60;2021-08-18;1934;3289;520567;437130;63.1;53.0
60;2021-08-19;1639;3090;522206;440220;63.3;53.4
60;2021-08-20;1851;3995;524057;444215;63.5;53.8
60;2021-08-21;1598;3488;525655;447703;63.7;54.3
60;2021-08-22;572;1335;526227;449038;63.8;54.4
60;2021-08-23;1097;3234;527324;452272;63.9;54.8
60;2021-08-24;1366;4488;528690;456760;64.1;55.4
60;2021-08-25;1431;3576;530121;460336;64.3;55.8
60;2021-08-26;1423;3447;531544;463783;64.4;56.2
60;2021-08-27;1422;4162;532966;467945;64.6;56.7
60;2021-08-28;1368;4468;534334;472413;64.8;57.3
60;2021-08-29;547;2032;534881;474445;64.8;57.5
60;2021-08-30;1224;2996;536105;477441;65.0;57.9
60;2021-08-31;1614;3829;537719;481270;65.2;58.3
60;2021-09-01;1212;2780;538931;484050;65.3;58.7
61;2020-12-27;0;0;0;0;0.0;0.0
61;2020-12-28;0;0;0;0;0.0;0.0
61;2020-12-29;0;0;0;0;0.0;0.0
61;2020-12-30;0;0;0;0;0.0;0.0
61;2020-12-31;0;0;0;0;0.0;0.0
61;2021-01-01;1;0;1;0;0.0;0.0
61;2021-01-02;1;0;2;0;0.0;0.0
61;2021-01-03;0;0;2;0;0.0;0.0
61;2021-01-04;1;0;3;0;0.0;0.0
61;2021-01-05;3;0;6;0;0.0;0.0
61;2021-01-06;76;0;82;0;0.0;0.0
61;2021-01-07;175;2;257;2;0.1;0.0
61;2021-01-08;406;1;663;3;0.2;0.0
61;2021-01-09;165;1;828;4;0.3;0.0
61;2021-01-10;49;0;877;4;0.3;0.0
61;2021-01-11;396;1;1273;5;0.5;0.0
61;2021-01-12;681;2;1954;7;0.7;0.0
61;2021-01-13;740;1;2694;8;1.0;0.0
61;2021-01-14;530;8;3224;16;1.2;0.0
61;2021-01-15;537;4;3761;20;1.4;0.0
61;2021-01-16;289;1;4050;21;1.5;0.0
61;2021-01-17;856;7;4906;28;1.8;0.0
61;2021-01-18;1913;3;6819;31;2.5;0.0
61;2021-01-19;1323;3;8142;34;2.9;0.0
61;2021-01-20;683;0;8825;34;3.2;0.0
61;2021-01-21;847;1;9672;35;3.5;0.0
61;2021-01-22;764;1;10436;36;3.8;0.0
61;2021-01-23;257;2;10693;38;3.9;0.0
61;2021-01-24;228;0;10921;38;3.9;0.0
61;2021-01-25;578;1;11499;39;4.2;0.0
61;2021-01-26;559;0;12058;39;4.4;0.0
61;2021-01-27;569;14;12627;53;4.6;0.0
61;2021-01-28;464;52;13091;105;4.7;0.0
61;2021-01-29;479;204;13570;309;4.9;0.1
61;2021-01-30;212;3;13782;312;5.0;0.1
61;2021-01-31;106;0;13888;312;5.0;0.1
61;2021-02-01;430;186;14318;498;5.2;0.2
61;2021-02-02;387;424;14705;922;5.3;0.3
61;2021-02-03;413;488;15118;1410;5.5;0.5
61;2021-02-04;390;336;15508;1746;5.6;0.6
61;2021-02-05;538;360;16046;2106;5.8;0.8
61;2021-02-06;200;92;16246;2198;5.9;0.8
61;2021-02-07;45;199;16291;2397;5.9;0.9
61;2021-02-08;540;1389;16831;3786;6.1;1.4
61;2021-02-09;405;797;17236;4583;6.2;1.7
61;2021-02-10;277;548;17513;5131;6.3;1.9
61;2021-02-11;432;551;17945;5682;6.5;2.1
61;2021-02-12;402;718;18347;6400;6.6;2.3
61;2021-02-13;132;421;18479;6821;6.7;2.5
61;2021-02-14;2;307;18481;7128;6.7;2.6
61;2021-02-15;172;821;18653;7949;6.7;2.9
61;2021-02-16;203;668;18856;8617;6.8;3.1
61;2021-02-17;44;626;18900;9243;6.8;3.3
61;2021-02-18;161;505;19061;9748;6.9;3.5
61;2021-02-19;101;377;19162;10125;6.9;3.7
61;2021-02-20;40;236;19202;10361;6.9;3.7
61;2021-02-21;2;154;19204;10515;6.9;3.8
61;2021-02-22;88;550;19292;11065;7.0;4.0
61;2021-02-23;111;487;19403;11552;7.0;4.2
61;2021-02-24;173;554;19576;12106;7.1;4.4
61;2021-02-25;265;435;19841;12541;7.2;4.5
61;2021-02-26;266;457;20107;12998;7.3;4.7
61;2021-02-27;109;224;20216;13222;7.3;4.8
61;2021-02-28;4;121;20220;13343;7.3;4.8
61;2021-03-01;217;606;20437;13949;7.4;5.0
61;2021-03-02;148;698;20585;14647;7.4;5.3
61;2021-03-03;142;445;20727;15092;7.5;5.5
61;2021-03-04;431;444;21158;15536;7.6;5.6
61;2021-03-05;701;295;21859;15831;7.9;5.7
61;2021-03-06;436;231;22295;16062;8.1;5.8
61;2021-03-07;155;2;22450;16064;8.1;5.8
61;2021-03-08;298;314;22748;16378;8.2;5.9
61;2021-03-09;622;185;23370;16563;8.4;6.0
61;2021-03-10;672;189;24042;16752;8.7;6.0
61;2021-03-11;1121;130;25163;16882;9.1;6.1
61;2021-03-12;1467;102;26630;16984;9.6;6.1
61;2021-03-13;775;53;27405;17037;9.9;6.2
61;2021-03-14;226;6;27631;17043;10.0;6.2
61;2021-03-15;814;35;28445;17078;10.3;6.2
61;2021-03-16;720;22;29165;17100;10.5;6.2
61;2021-03-17;761;13;29926;17113;10.8;6.2
61;2021-03-18;858;28;30784;17141;11.1;6.2
61;2021-03-19;1027;50;31811;17191;11.5;6.2
61;2021-03-20;471;14;32282;17205;11.7;6.2
61;2021-03-21;71;2;32353;17207;11.7;6.2
61;2021-03-22;796;90;33149;17297;12.0;6.2
61;2021-03-23;920;39;34069;17336;12.3;6.3
61;2021-03-24;1372;70;35441;17406;12.8;6.3
61;2021-03-25;1876;65;37317;17471;13.5;6.3
61;2021-03-26;1799;44;39116;17515;14.1;6.3
61;2021-03-27;1083;18;40199;17533;14.5;6.3
61;2021-03-28;359;9;40558;17542;14.6;6.3
61;2021-03-29;1271;183;41829;17725;15.1;6.4
61;2021-03-30;1471;96;43300;17821;15.6;6.4
61;2021-03-31;1686;51;44986;17872;16.2;6.5
61;2021-04-01;2051;229;47037;18101;17.0;6.5
61;2021-04-02;1520;434;48557;18535;17.5;6.7
61;2021-04-03;640;288;49197;18823;17.8;6.8
61;2021-04-04;193;1;49390;18824;17.8;6.8
61;2021-04-05;532;8;49922;18832;18.0;6.8
61;2021-04-06;1354;620;51276;19452;18.5;7.0
61;2021-04-07;1699;661;52975;20113;19.1;7.3
61;2021-04-08;2268;832;55243;20945;20.0;7.6
61;2021-04-09;2138;839;57381;21784;20.7;7.9
61;2021-04-10;1534;487;58915;22271;21.3;8.0
61;2021-04-11;238;199;59153;22470;21.4;8.1
61;2021-04-12;1289;736;60442;23206;21.8;8.4
61;2021-04-13;1741;705;62183;23911;22.5;8.6
61;2021-04-14;1735;785;63918;24696;23.1;8.9
61;2021-04-15;2268;781;66186;25477;23.9;9.2
61;2021-04-16;2223;686;68409;26163;24.7;9.4
61;2021-04-17;1487;324;69896;26487;25.2;9.6
61;2021-04-18;538;99;70434;26586;25.4;9.6
61;2021-04-19;938;748;71372;27334;25.8;9.9
61;2021-04-20;1524;786;72896;28120;26.3;10.2
61;2021-04-21;1352;1041;74248;29161;26.8;10.5
61;2021-04-22;1293;1219;75541;30380;27.3;11.0
61;2021-04-23;1217;1150;76758;31530;27.7;11.4
61;2021-04-24;1437;818;78195;32348;28.2;11.7
61;2021-04-25;361;333;78556;32681;28.4;11.8
61;2021-04-26;670;1144;79226;33825;28.6;12.2
61;2021-04-27;1464;1145;80690;34970;29.1;12.6
61;2021-04-28;1386;1391;82076;36361;29.6;13.1
61;2021-04-29;1247;1861;83323;38222;30.1;13.8
61;2021-04-30;1721;1171;85044;39393;30.7;14.2
61;2021-05-01;788;321;85832;39714;31.0;14.3
61;2021-05-02;438;225;86270;39939;31.2;14.4
61;2021-05-03;844;1250;87114;41189;31.5;14.9
61;2021-05-04;1326;1754;88440;42943;31.9;15.5
61;2021-05-05;1009;2030;89449;44973;32.3;16.2
61;2021-05-06;1772;2211;91221;47184;32.9;17.0
61;2021-05-07;1376;1971;92597;49155;33.4;17.8
61;2021-05-08;930;473;93527;49628;33.8;17.9
61;2021-05-09;394;293;93921;49921;33.9;18.0
61;2021-05-10;988;1754;94909;51675;34.3;18.7
61;2021-05-11;1375;1516;96284;53191;34.8;19.2
61;2021-05-12;1870;1593;98154;54784;35.4;19.8
61;2021-05-13;889;491;99043;55275;35.8;20.0
61;2021-05-14;1852;1191;100895;56466;36.4;20.4
61;2021-05-15;2103;1119;102998;57585;37.2;20.8
61;2021-05-16;984;300;103982;57885;37.6;20.9
61;2021-05-17;1312;914;105294;58799;38.0;21.2
61;2021-05-18;2424;894;107718;59693;38.9;21.6
61;2021-05-19;2401;804;110119;60497;39.8;21.8
61;2021-05-20;2214;818;112333;61315;40.6;22.1
61;2021-05-21;2150;861;114483;62176;41.3;22.5
61;2021-05-22;1780;718;116263;62894;42.0;22.7
61;2021-05-23;714;53;116977;62947;42.2;22.7
61;2021-05-24;913;110;117890;63057;42.6;22.8
61;2021-05-25;1991;923;119881;63980;43.3;23.1
61;2021-05-26;2043;931;121924;64911;44.0;23.4
61;2021-05-27;2040;1096;123964;66007;44.8;23.8
61;2021-05-28;2052;1380;126016;67387;45.5;24.3
61;2021-05-29;1464;556;127480;67943;46.0;24.5
61;2021-05-30;450;44;127930;67987;46.2;24.6
61;2021-05-31;1561;939;129491;68926;46.8;24.9
61;2021-06-01;1876;1389;131367;70315;47.4;25.4
61;2021-06-02;1675;1137;133042;71452;48.0;25.8
61;2021-06-03;2250;1111;135292;72563;48.9;26.2
61;2021-06-04;1894;1346;137186;73909;49.5;26.7
61;2021-06-05;1668;1240;138854;75149;50.1;27.1
61;2021-06-06;318;230;139172;75379;50.3;27.2
61;2021-06-07;2189;868;141361;76247;51.1;27.5
61;2021-06-08;1847;1569;143208;77816;51.7;28.1
61;2021-06-09;1975;1185;145183;79001;52.4;28.5
61;2021-06-10;1974;1192;147157;80193;53.1;29.0
61;2021-06-11;1821;1580;148978;81773;53.8;29.5
61;2021-06-12;1423;998;150401;82771;54.3;29.9
61;2021-06-13;340;377;150741;83148;54.4;30.0
61;2021-06-14;1107;1189;151848;84337;54.8;30.5
61;2021-06-15;1213;1695;153061;86032;55.3;31.1
61;2021-06-16;1112;1363;154173;87395;55.7;31.6
61;2021-06-17;1020;1730;155193;89125;56.0;32.2
61;2021-06-18;1522;1670;156715;90795;56.6;32.8
61;2021-06-19;1245;1303;157960;92098;57.0;33.3
61;2021-06-20;289;345;158249;92443;57.1;33.4
61;2021-06-21;808;1630;159057;94073;57.4;34.0
61;2021-06-22;1023;1683;160080;95756;57.8;34.6
61;2021-06-23;967;2438;161047;98194;58.2;35.5
61;2021-06-24;650;1359;161697;99553;58.4;36.0
61;2021-06-25;839;2168;162536;101721;58.7;36.7
61;2021-06-26;624;1953;163160;103674;58.9;37.4
61;2021-06-27;139;799;163299;104473;59.0;37.7
61;2021-06-28;478;2248;163777;106721;59.1;38.5
61;2021-06-29;699;2858;164476;109579;59.4;39.6
61;2021-06-30;771;2463;165247;112042;59.7;40.5
61;2021-07-01;633;1696;165880;113738;59.9;41.1
61;2021-07-02;842;2499;166722;116237;60.2;42.0
61;2021-07-03;417;1912;167139;118149;60.4;42.7
61;2021-07-04;75;638;167214;118787;60.4;42.9
61;2021-07-05;684;1774;167898;120561;60.6;43.5
61;2021-07-06;990;2794;168888;123355;61.0;44.5
61;2021-07-07;734;2362;169622;125717;61.3;45.4
61;2021-07-08;842;1945;170464;127662;61.6;46.1
61;2021-07-09;723;2375;171187;130037;61.8;47.0
61;2021-07-10;464;1771;171651;131808;62.0;47.6
61;2021-07-11;244;489;171895;132297;62.1;47.8
61;2021-07-12;438;2290;172333;134587;62.2;48.6
61;2021-07-13;646;2488;172979;137075;62.5;49.5
61;2021-07-14;149;334;173128;137409;62.5;49.6
61;2021-07-15;815;2813;173943;140222;62.8;50.6
61;2021-07-16;968;2574;174911;142796;63.2;51.6
61;2021-07-17;704;2231;175615;145027;63.4;52.4
61;2021-07-18;339;368;175954;145395;63.5;52.5
61;2021-07-19;935;2404;176889;147799;63.9;53.4
61;2021-07-20;1327;2355;178216;150154;64.4;54.2
61;2021-07-21;1503;2182;179719;152336;64.9;55.0
61;2021-07-22;1751;2189;181470;154525;65.5;55.8
61;2021-07-23;1793;2306;183263;156831;66.2;56.6
61;2021-07-24;1457;2004;184720;158835;66.7;57.4
61;2021-07-25;324;393;185044;159228;66.8;57.5
61;2021-07-26;1251;1931;186295;161159;67.3;58.2
61;2021-07-27;2420;1585;188715;162744;68.2;58.8
61;2021-07-28;2458;1353;191173;164097;69.0;59.3
61;2021-07-29;2561;1575;193734;165672;70.0;59.8
61;2021-07-30;2398;1392;196132;167064;70.8;60.3
61;2021-07-31;1281;1298;197413;168362;71.3;60.8
61;2021-08-01;503;260;197916;168622;71.5;60.9
61;2021-08-02;1911;1120;199827;169742;72.2;61.3
61;2021-08-03;2450;913;202277;170655;73.0;61.6
61;2021-08-04;2344;781;204621;171436;73.9;61.9
61;2021-08-05;1899;991;206520;172427;74.6;62.3
61;2021-08-06;2160;1162;208680;173589;75.4;62.7
61;2021-08-07;1422;798;210102;174387;75.9;63.0
61;2021-08-08;447;263;210549;174650;76.0;63.1
61;2021-08-09;1305;1111;211854;175761;76.5;63.5
61;2021-08-10;1315;1107;213169;176868;77.0;63.9
61;2021-08-11;1116;1258;214285;178126;77.4;64.3
61;2021-08-12;1025;1321;215310;179447;77.8;64.8
61;2021-08-13;867;1609;216177;181056;78.1;65.4
61;2021-08-14;712;860;216889;181916;78.3;65.7
61;2021-08-15;93;184;216982;182100;78.4;65.8
61;2021-08-16;907;1542;217889;183642;78.7;66.3
61;2021-08-17;1145;1696;219034;185338;79.1;66.9
61;2021-08-18;806;1479;219840;186817;79.4;67.5
61;2021-08-19;734;1570;220574;188387;79.7;68.0
61;2021-08-20;800;2130;221374;190517;79.9;68.8
61;2021-08-21;490;1340;221864;191857;80.1;69.3
61;2021-08-22;137;446;222001;192303;80.2;69.4
61;2021-08-23;413;1704;222414;194007;80.3;70.1
61;2021-08-24;522;1897;222936;195904;80.5;70.7
61;2021-08-25;411;1733;223347;197637;80.7;71.4
61;2021-08-26;426;1597;223773;199234;80.8;72.0
61;2021-08-27;498;1885;224271;201119;81.0;72.6
61;2021-08-28;284;1366;224555;202485;81.1;73.1
61;2021-08-29;50;417;224605;202902;81.1;73.3
61;2021-08-30;381;1623;224986;204525;81.3;73.9
61;2021-08-31;505;1713;225491;206238;81.4;74.5
61;2021-09-01;446;1494;225937;207732;81.6;75.0
62;2020-12-27;2;0;2;0;0.0;0.0
62;2020-12-28;2;0;4;0;0.0;0.0
62;2020-12-29;0;0;4;0;0.0;0.0
62;2020-12-30;0;0;4;0;0.0;0.0
62;2020-12-31;0;0;4;0;0.0;0.0
62;2021-01-01;0;0;4;0;0.0;0.0
62;2021-01-02;0;0;4;0;0.0;0.0
62;2021-01-03;0;0;4;0;0.0;0.0
62;2021-01-04;2;0;6;0;0.0;0.0
62;2021-01-05;47;0;53;0;0.0;0.0
62;2021-01-06;123;0;176;0;0.0;0.0
62;2021-01-07;351;0;527;0;0.0;0.0
62;2021-01-08;712;6;1239;6;0.1;0.0
62;2021-01-09;164;1;1403;7;0.1;0.0
62;2021-01-10;84;0;1487;7;0.1;0.0
62;2021-01-11;555;1;2042;8;0.1;0.0
62;2021-01-12;1257;3;3299;11;0.2;0.0
62;2021-01-13;1139;6;4438;17;0.3;0.0
62;2021-01-14;1387;8;5825;25;0.4;0.0
62;2021-01-15;1296;8;7121;33;0.5;0.0
62;2021-01-16;308;3;7429;36;0.5;0.0
62;2021-01-17;107;1;7536;37;0.5;0.0
62;2021-01-18;1666;10;9202;47;0.6;0.0
62;2021-01-19;2103;4;11305;51;0.8;0.0
62;2021-01-20;2055;6;13360;57;0.9;0.0
62;2021-01-21;2238;5;15598;62;1.1;0.0
62;2021-01-22;1835;7;17433;69;1.2;0.0
62;2021-01-23;512;1;17945;70;1.2;0.0
62;2021-01-24;0;0;17945;70;1.2;0.0
62;2021-01-25;1282;7;19227;77;1.3;0.0
62;2021-01-26;1544;13;20771;90;1.4;0.0
62;2021-01-27;1500;171;22271;261;1.5;0.0
62;2021-01-28;4163;383;26434;644;1.8;0.0
62;2021-01-29;2033;327;28467;971;2.0;0.1
62;2021-01-30;159;150;28626;1121;2.0;0.1
62;2021-01-31;22;3;28648;1124;2.0;0.1
62;2021-02-01;46;350;28694;1474;2.0;0.1
62;2021-02-02;59;779;28753;2253;2.0;0.2
62;2021-02-03;44;623;28797;2876;2.0;0.2
62;2021-02-04;81;799;28878;3675;2.0;0.3
62;2021-02-05;80;740;28958;4415;2.0;0.3
62;2021-02-06;27;191;28985;4606;2.0;0.3
62;2021-02-07;237;30;29222;4636;2.0;0.3
62;2021-02-08;130;823;29352;5459;2.0;0.4
62;2021-02-09;227;1070;29579;6529;2.0;0.4
62;2021-02-10;385;1148;29964;7677;2.1;0.5
62;2021-02-11;724;973;30688;8650;2.1;0.6
62;2021-02-12;966;760;31654;9410;2.2;0.6
62;2021-02-13;159;261;31813;9671;2.2;0.7
62;2021-02-14;0;0;31813;9671;2.2;0.7
62;2021-02-15;665;1216;32478;10887;2.2;0.7
62;2021-02-16;923;1716;33401;12603;2.3;0.9
62;2021-02-17;1074;2055;34475;14658;2.4;1.0
62;2021-02-18;2221;3756;36696;18414;2.5;1.3
62;2021-02-19;2310;2522;39006;20936;2.7;1.4
62;2021-02-20;616;469;39622;21405;2.7;1.5
62;2021-02-21;87;50;39709;21455;2.7;1.5
62;2021-02-22;848;937;40557;22392;2.8;1.5
62;2021-02-23;1419;1194;41976;23586;2.9;1.6
62;2021-02-24;1547;638;43523;24224;3.0;1.7
62;2021-02-25;3169;410;46692;24634;3.2;1.7
62;2021-02-26;2910;339;49602;24973;3.4;1.7
62;2021-02-27;1830;97;51432;25070;3.5;1.7
62;2021-02-28;52;42;51484;25112;3.5;1.7
62;2021-03-01;1322;119;52806;25231;3.6;1.7
62;2021-03-02;3157;174;55963;25405;3.9;1.7
62;2021-03-03;3270;133;59233;25538;4.1;1.8
62;2021-03-04;3810;220;63043;25758;4.3;1.8
62;2021-03-05;4644;235;67687;25993;4.7;1.8
62;2021-03-06;9621;273;77308;26266;5.3;1.8
62;2021-03-07;8075;234;85383;26500;5.9;1.8
62;2021-03-08;2195;265;87578;26765;6.0;1.8
62;2021-03-09;3808;388;91386;27153;6.3;1.9
62;2021-03-10;4233;615;95619;27768;6.6;1.9
62;2021-03-11;5994;1539;101613;29307;7.0;2.0
62;2021-03-12;6636;1430;108249;30737;7.5;2.1
62;2021-03-13;14722;811;122971;31548;8.5;2.2
62;2021-03-14;9586;415;132557;31963;9.1;2.2
62;2021-03-15;3763;1021;136320;32984;9.4;2.3
62;2021-03-16;2737;858;139057;33842;9.6;2.3
62;2021-03-17;2805;734;141862;34576;9.8;2.4
62;2021-03-18;2724;944;144586;35520;10.0;2.4
62;2021-03-19;4781;933;149367;36453;10.3;2.5
62;2021-03-20;11067;620;160434;37073;11.0;2.6
62;2021-03-21;9448;374;169882;37447;11.7;2.6
62;2021-03-22;2942;1110;172824;38557;11.9;2.7
62;2021-03-23;4996;1493;177820;40050;12.2;2.8
62;2021-03-24;4695;1380;182515;41430;12.6;2.9
62;2021-03-25;6555;1475;189070;42905;13.0;3.0
62;2021-03-26;7052;1506;196122;44411;13.5;3.1
62;2021-03-27;12591;750;208713;45161;14.4;3.1
62;2021-03-28;6941;287;215654;45448;14.8;3.1
62;2021-03-29;3472;1215;219126;46663;15.1;3.2
62;2021-03-30;4549;2217;223675;48880;15.4;3.4
62;2021-03-31;4224;2480;227899;51360;15.7;3.5
62;2021-04-01;4975;2765;232874;54125;16.0;3.7
62;2021-04-02;5067;3242;237941;57367;16.4;3.9
62;2021-04-03;8210;3361;246151;60728;16.9;4.2
62;2021-04-04;4582;1935;250733;62663;17.3;4.3
62;2021-04-05;944;467;251677;63130;17.3;4.3
62;2021-04-06;4124;3009;255801;66139;17.6;4.6
62;2021-04-07;5060;3513;260861;69652;18.0;4.8
62;2021-04-08;6488;4003;267349;73655;18.4;5.1
62;2021-04-09;7628;3481;274977;77136;18.9;5.3
62;2021-04-10;6634;8078;281611;85214;19.4;5.9
62;2021-04-11;2808;6898;284419;92112;19.6;6.3
62;2021-04-12;3423;2382;287842;94494;19.8;6.5
62;2021-04-13;6172;3165;294014;97659;20.2;6.7
62;2021-04-14;5306;3068;299320;100727;20.6;6.9
62;2021-04-15;5736;2988;305056;103715;21.0;7.1
62;2021-04-16;5418;3201;310474;106916;21.4;7.4
62;2021-04-17;4357;7364;314831;114280;21.7;7.9
62;2021-04-18;1956;6850;316787;121130;21.8;8.3
62;2021-04-19;2779;1927;319566;123057;22.0;8.5
62;2021-04-20;4150;3887;323716;126944;22.3;8.7
62;2021-04-21;3747;3985;327463;130929;22.5;9.0
62;2021-04-22;3949;5197;331412;136126;22.8;9.4
62;2021-04-23;4060;5319;335472;141445;23.1;9.7
62;2021-04-24;4404;6736;339876;148181;23.4;10.2
62;2021-04-25;1910;3502;341786;151683;23.5;10.4
62;2021-04-26;2224;2432;344010;154115;23.7;10.6
62;2021-04-27;4410;3716;348420;157831;24.0;10.9
62;2021-04-28;4588;4411;353008;162242;24.3;11.2
62;2021-04-29;4790;5902;357798;168144;24.6;11.6
62;2021-04-30;5214;5726;363012;173870;25.0;12.0
62;2021-05-01;5726;3474;368738;177344;25.4;12.2
62;2021-05-02;7826;3155;376564;180499;25.9;12.4
62;2021-05-03;4508;2348;381072;182847;26.2;12.6
62;2021-05-04;5397;4980;386469;187827;26.6;12.9
62;2021-05-05;4733;4839;391202;192666;26.9;13.3
62;2021-05-06;5620;4946;396822;197612;27.3;13.6
62;2021-05-07;7686;4682;404508;202294;27.8;13.9
62;2021-05-08;10653;2326;415161;204620;28.6;14.1
62;2021-05-09;8626;1637;423787;206257;29.2;14.2
62;2021-05-10;4866;4027;428653;210284;29.5;14.5
62;2021-05-11;6415;5055;435068;215339;29.9;14.8
62;2021-05-12;8623;4603;443691;219942;30.5;15.1
62;2021-05-13;9998;1491;453689;221433;31.2;15.2
62;2021-05-14;11881;3414;465570;224847;32.0;15.5
62;2021-05-15;19784;3298;485354;228145;33.4;15.7
62;2021-05-16;16396;1415;501750;229560;34.5;15.8
62;2021-05-17;8181;2664;509931;232224;35.1;16.0
62;2021-05-18;9327;3134;519258;235358;35.7;16.2
62;2021-05-19;8614;2930;527872;238288;36.3;16.4
62;2021-05-20;8342;3847;536214;242135;36.9;16.7
62;2021-05-21;9398;4223;545612;246358;37.6;17.0
62;2021-05-22;17875;3541;563487;249899;38.8;17.2
62;2021-05-23;12377;1162;575864;251061;39.6;17.3
62;2021-05-24;3910;586;579774;251647;39.9;17.3
62;2021-05-25;7225;4095;586999;255742;40.4;17.6
62;2021-05-26;6779;4916;593778;260658;40.9;17.9
62;2021-05-27;6384;5696;600162;266354;41.3;18.3
62;2021-05-28;6520;6764;606682;273118;41.8;18.8
62;2021-05-29;10852;5547;617534;278665;42.5;19.2
62;2021-05-30;4037;984;621571;279649;42.8;19.2
62;2021-05-31;4795;3974;626366;283623;43.1;19.5
62;2021-06-01;6520;6537;632886;290160;43.6;20.0
62;2021-06-02;7441;5816;640327;295976;44.1;20.4
62;2021-06-03;7858;5893;648185;301869;44.6;20.8
62;2021-06-04;7905;6262;656090;308131;45.2;21.2
62;2021-06-05;8275;6237;664365;314368;45.7;21.6
62;2021-06-06;3129;1290;667494;315658;45.9;21.7
62;2021-06-07;4621;3769;672115;319427;46.3;22.0
62;2021-06-08;6208;5912;678323;325339;46.7;22.4
62;2021-06-09;5496;4770;683819;330109;47.1;22.7
62;2021-06-10;5207;5888;689026;335997;47.4;23.1
62;2021-06-11;6212;8870;695238;344867;47.9;23.7
62;2021-06-12;5935;8645;701173;353512;48.3;24.3
62;2021-06-13;3230;3802;704403;357314;48.5;24.6
62;2021-06-14;2610;6782;707013;364096;48.7;25.1
62;2021-06-15;4675;8542;711688;372638;49.0;25.7
62;2021-06-16;5083;7432;716771;380070;49.3;26.2
62;2021-06-17;5233;8042;722004;388112;49.7;26.7
62;2021-06-18;4824;10488;726828;398600;50.0;27.4
62;2021-06-19;5799;13443;732627;412043;50.4;28.4
62;2021-06-20;2100;4370;734727;416413;50.6;28.7
62;2021-06-21;2972;8929;737699;425342;50.8;29.3
62;2021-06-22;3431;10176;741130;435518;51.0;30.0
62;2021-06-23;3388;10321;744518;445839;51.2;30.7
62;2021-06-24;3345;11783;747863;457622;51.5;31.5
62;2021-06-25;3726;15770;751589;473392;51.7;32.6
62;2021-06-26;3550;18426;755139;491818;52.0;33.9
62;2021-06-27;1121;9815;756260;501633;52.1;34.5
62;2021-06-28;1926;8869;758186;510502;52.2;35.1
62;2021-06-29;2975;11466;761161;521968;52.4;35.9
62;2021-06-30;4143;10819;765304;532787;52.7;36.7
62;2021-07-01;4482;10484;769786;543271;53.0;37.4
62;2021-07-02;4166;11985;773952;555256;53.3;38.2
62;2021-07-03;2996;18056;776948;573312;53.5;39.5
62;2021-07-04;1450;9195;778398;582507;53.6;40.1
62;2021-07-05;2417;6920;780815;589427;53.7;40.6
62;2021-07-06;3824;10018;784639;599445;54.0;41.3
62;2021-07-07;3916;8913;788555;608358;54.3;41.9
62;2021-07-08;5243;9090;793798;617448;54.6;42.5
62;2021-07-09;4465;10852;798263;628300;54.9;43.2
62;2021-07-10;4972;11894;803235;640194;55.3;44.1
62;2021-07-11;1337;2092;804572;642286;55.4;44.2
62;2021-07-12;2328;7135;806900;649421;55.5;44.7
62;2021-07-13;5175;12163;812075;661584;55.9;45.5
62;2021-07-14;3636;3162;815711;664746;56.1;45.8
62;2021-07-15;7585;11501;823296;676247;56.7;46.5
62;2021-07-16;7625;11045;830921;687292;57.2;47.3
62;2021-07-17;9720;10326;840641;697618;57.9;48.0
62;2021-07-18;2714;3459;843355;701077;58.1;48.3
62;2021-07-19;6012;7020;849367;708097;58.5;48.7
62;2021-07-20;7937;10725;857304;718822;59.0;49.5
62;2021-07-21;9776;9412;867080;728234;59.7;50.1
62;2021-07-22;9798;9023;876878;737257;60.4;50.7
62;2021-07-23;10623;8417;887501;745674;61.1;51.3
62;2021-07-24;9662;10313;897163;755987;61.8;52.0
62;2021-07-25;5548;1871;902711;757858;62.1;52.2
62;2021-07-26;6239;5391;908950;763249;62.6;52.5
62;2021-07-27;9836;8125;918786;771374;63.2;53.1
62;2021-07-28;10391;7486;929177;778860;64.0;53.6
62;2021-07-29;11992;7653;941169;786513;64.8;54.1
62;2021-07-30;9079;6295;950248;792808;65.4;54.6
62;2021-07-31;6635;4022;956883;796830;65.9;54.8
62;2021-08-01;2341;1103;959224;797933;66.0;54.9
62;2021-08-02;6859;4756;966083;802689;66.5;55.3
62;2021-08-03;8615;7481;974698;810170;67.1;55.8
62;2021-08-04;9467;5477;984165;815647;67.7;56.1
62;2021-08-05;8350;5627;992515;821274;68.3;56.5
62;2021-08-06;7314;5947;999829;827221;68.8;56.9
62;2021-08-07;5485;4959;1005314;832180;69.2;57.3
62;2021-08-08;1873;1301;1007187;833481;69.3;57.4
62;2021-08-09;5244;5038;1012431;838519;69.7;57.7
62;2021-08-10;6208;7359;1018639;845878;70.1;58.2
62;2021-08-11;5404;7398;1024043;853276;70.5;58.7
62;2021-08-12;5981;7034;1030024;860310;70.9;59.2
62;2021-08-13;4461;6060;1034485;866370;71.2;59.6
62;2021-08-14;3809;6867;1038294;873237;71.5;60.1
62;2021-08-15;1138;1208;1039432;874445;71.5;60.2
62;2021-08-16;3163;5878;1042595;880323;71.8;60.6
62;2021-08-17;4152;7350;1046747;887673;72.1;61.1
62;2021-08-18;4329;7245;1051076;894918;72.3;61.6
62;2021-08-19;4335;8615;1055411;903533;72.6;62.2
62;2021-08-20;3362;8470;1058773;912003;72.9;62.8
62;2021-08-21;2453;9760;1061226;921763;73.0;63.4
62;2021-08-22;389;2816;1061615;924579;73.1;63.6
62;2021-08-23;2716;7830;1064331;932409;73.3;64.2
62;2021-08-24;3822;10400;1068153;942809;73.5;64.9
62;2021-08-25;3497;9192;1071650;952001;73.8;65.5
62;2021-08-26;3171;9767;1074821;961768;74.0;66.2
62;2021-08-27;2567;8808;1077388;970576;74.2;66.8
62;2021-08-28;2019;7983;1079407;978559;74.3;67.4
62;2021-08-29;861;2247;1080268;980806;74.4;67.5
62;2021-08-30;2020;7373;1082288;988179;74.5;68.0
62;2021-08-31;2114;7997;1084402;996176;74.6;68.6
62;2021-09-01;1790;6149;1086192;1002325;74.8;69.0
63;2020-12-27;0;0;0;0;0.0;0.0
63;2020-12-28;1;0;1;0;0.0;0.0
63;2020-12-29;0;0;1;0;0.0;0.0
63;2020-12-30;0;0;1;0;0.0;0.0
63;2020-12-31;0;0;1;0;0.0;0.0
63;2021-01-01;1;0;2;0;0.0;0.0
63;2021-01-02;0;0;2;0;0.0;0.0
63;2021-01-03;1;0;3;0;0.0;0.0
63;2021-01-04;0;0;3;0;0.0;0.0
63;2021-01-05;1;0;4;0;0.0;0.0
63;2021-01-06;4;1;8;1;0.0;0.0
63;2021-01-07;310;0;318;1;0.0;0.0
63;2021-01-08;214;0;532;1;0.1;0.0
63;2021-01-09;91;0;623;1;0.1;0.0
63;2021-01-10;82;0;705;1;0.1;0.0
63;2021-01-11;430;2;1135;3;0.2;0.0
63;2021-01-12;661;1;1796;4;0.3;0.0
63;2021-01-13;873;2;2669;6;0.4;0.0
63;2021-01-14;544;8;3213;14;0.5;0.0
63;2021-01-15;431;3;3644;17;0.6;0.0
63;2021-01-16;157;0;3801;17;0.6;0.0
63;2021-01-17;133;0;3934;17;0.6;0.0
63;2021-01-18;631;2;4565;19;0.7;0.0
63;2021-01-19;866;1;5431;20;0.8;0.0
63;2021-01-20;1063;2;6494;22;1.0;0.0
63;2021-01-21;1012;3;7506;25;1.1;0.0
63;2021-01-22;968;3;8474;28;1.3;0.0
63;2021-01-23;192;0;8666;28;1.3;0.0
63;2021-01-24;164;1;8830;29;1.3;0.0
63;2021-01-25;829;1;9659;30;1.5;0.0
63;2021-01-26;972;2;10631;32;1.6;0.0
63;2021-01-27;1001;5;11632;37;1.8;0.0
63;2021-01-28;1320;68;12952;105;2.0;0.0
63;2021-01-29;1066;65;14018;170;2.1;0.0
63;2021-01-30;68;0;14086;170;2.1;0.0
63;2021-01-31;6;0;14092;170;2.1;0.0
63;2021-02-01;575;179;14667;349;2.2;0.1
63;2021-02-02;885;230;15552;579;2.4;0.1
63;2021-02-03;1473;282;17025;861;2.6;0.1
63;2021-02-04;2118;509;19143;1370;2.9;0.2
63;2021-02-05;1145;269;20288;1639;3.1;0.2
63;2021-02-06;117;0;20405;1639;3.1;0.2
63;2021-02-07;9;1;20414;1640;3.1;0.2
63;2021-02-08;538;404;20952;2044;3.2;0.3
63;2021-02-09;671;426;21623;2470;3.3;0.4
63;2021-02-10;608;596;22231;3066;3.4;0.5
63;2021-02-11;751;467;22982;3533;3.5;0.5
63;2021-02-12;820;802;23802;4335;3.6;0.7
63;2021-02-13;82;1;23884;4336;3.6;0.7
63;2021-02-14;0;65;23884;4401;3.6;0.7
63;2021-02-15;202;762;24086;5163;3.6;0.8
63;2021-02-16;411;1114;24497;6277;3.7;1.0
63;2021-02-17;348;840;24845;7117;3.8;1.1
63;2021-02-18;607;805;25452;7922;3.9;1.2
63;2021-02-19;449;949;25901;8871;3.9;1.3
63;2021-02-20;35;32;25936;8903;3.9;1.3
63;2021-02-21;2;17;25938;8920;3.9;1.4
63;2021-02-22;291;899;26229;9819;4.0;1.5
63;2021-02-23;580;1100;26809;10919;4.1;1.7
63;2021-02-24;697;1400;27506;12319;4.2;1.9
63;2021-02-25;1603;1655;29109;13974;4.4;2.1
63;2021-02-26;1625;1354;30734;15328;4.7;2.3
63;2021-02-27;642;71;31376;15399;4.8;2.3
63;2021-02-28;4;178;31380;15577;4.8;2.4
63;2021-03-01;586;505;31966;16082;4.8;2.4
63;2021-03-02;906;789;32872;16871;5.0;2.6
63;2021-03-03;1036;718;33908;17589;5.1;2.7
63;2021-03-04;1752;494;35660;18083;5.4;2.7
63;2021-03-05;2612;693;38272;18776;5.8;2.8
63;2021-03-06;1551;53;39823;18829;6.0;2.9
63;2021-03-07;511;19;40334;18848;6.1;2.9
63;2021-03-08;967;648;41301;19496;6.3;3.0
63;2021-03-09;1538;1057;42839;20553;6.5;3.1
63;2021-03-10;1653;613;44492;21166;6.7;3.2
63;2021-03-11;3052;890;47544;22056;7.2;3.3
63;2021-03-12;3514;387;51058;22443;7.7;3.4
63;2021-03-13;2049;84;53107;22527;8.0;3.4
63;2021-03-14;61;22;53168;22549;8.1;3.4
63;2021-03-15;1765;367;54933;22916;8.3;3.5
63;2021-03-16;1746;413;56679;23329;8.6;3.5
63;2021-03-17;1639;683;58318;24012;8.8;3.6
63;2021-03-18;1941;747;60259;24759;9.1;3.8
63;2021-03-19;2741;495;63000;25254;9.5;3.8
63;2021-03-20;1121;70;64121;25324;9.7;3.8
63;2021-03-21;50;45;64171;25369;9.7;3.8
63;2021-03-22;1983;257;66154;25626;10.0;3.9
63;2021-03-23;2886;348;69040;25974;10.5;3.9
63;2021-03-24;3221;345;72261;26319;10.9;4.0
63;2021-03-25;4596;389;76857;26708;11.6;4.0
63;2021-03-26;4691;570;81548;27278;12.4;4.1
63;2021-03-27;2454;233;84002;27511;12.7;4.2
63;2021-03-28;1047;83;85049;27594;12.9;4.2
63;2021-03-29;2480;522;87529;28116;13.3;4.3
63;2021-03-30;3284;628;90813;28744;13.8;4.4
63;2021-03-31;2967;752;93780;29496;14.2;4.5
63;2021-04-01;3840;529;97620;30025;14.8;4.5
63;2021-04-02;3483;710;101103;30735;15.3;4.7
63;2021-04-03;1174;181;102277;30916;15.5;4.7
63;2021-04-04;877;27;103154;30943;15.6;4.7
63;2021-04-05;803;85;103957;31028;15.7;4.7
63;2021-04-06;2477;939;106434;31967;16.1;4.8
63;2021-04-07;3208;871;109642;32838;16.6;5.0
63;2021-04-08;4722;1222;114364;34060;17.3;5.2
63;2021-04-09;5314;1003;119678;35063;18.1;5.3
63;2021-04-10;2221;481;121899;35544;18.5;5.4
63;2021-04-11;834;39;122733;35583;18.6;5.4
63;2021-04-12;1598;1312;124331;36895;18.8;5.6
63;2021-04-13;1986;1966;126317;38861;19.1;5.9
63;2021-04-14;2629;1438;128946;40299;19.5;6.1
63;2021-04-15;3808;1544;132754;41843;20.1;6.3
63;2021-04-16;2841;2158;135595;44001;20.5;6.7
63;2021-04-17;1233;673;136828;44674;20.7;6.8
63;2021-04-18;802;61;137630;44735;20.8;6.8
63;2021-04-19;1656;2103;139286;46838;21.1;7.1
63;2021-04-20;1702;2299;140988;49137;21.4;7.4
63;2021-04-21;1518;2405;142506;51542;21.6;7.8
63;2021-04-22;1915;2262;144421;53804;21.9;8.1
63;2021-04-23;2018;3114;146439;56918;22.2;8.6
63;2021-04-24;1192;1127;147631;58045;22.4;8.8
63;2021-04-25;554;412;148185;58457;22.4;8.9
63;2021-04-26;1438;2241;149623;60698;22.7;9.2
63;2021-04-27;2327;2613;151950;63311;23.0;9.6
63;2021-04-28;2345;3163;154295;66474;23.4;10.1
63;2021-04-29;2881;2838;157176;69312;23.8;10.5
63;2021-04-30;2862;2820;160038;72132;24.2;10.9
63;2021-05-01;1127;1050;161165;73182;24.4;11.1
63;2021-05-02;897;640;162062;73822;24.5;11.2
63;2021-05-03;2685;2250;164747;76072;25.0;11.5
63;2021-05-04;2879;2698;167626;78770;25.4;11.9
63;2021-05-05;2935;3122;170561;81892;25.8;12.4
63;2021-05-06;3671;3057;174232;84949;26.4;12.9
63;2021-05-07;4034;3538;178266;88487;27.0;13.4
63;2021-05-08;2000;653;180266;89140;27.3;13.5
63;2021-05-09;1802;608;182068;89748;27.6;13.6
63;2021-05-10;4196;2765;186264;92513;28.2;14.0
63;2021-05-11;5339;2766;191603;95279;29.0;14.4
63;2021-05-12;5269;2910;196872;98189;29.8;14.9
63;2021-05-13;4131;698;201003;98887;30.4;15.0
63;2021-05-14;4771;1512;205774;100399;31.2;15.2
63;2021-05-15;3722;986;209496;101385;31.7;15.4
63;2021-05-16;3521;447;213017;101832;32.3;15.4
63;2021-05-17;3898;1991;216915;103823;32.9;15.7
63;2021-05-18;5120;1615;222035;105438;33.6;16.0
63;2021-05-19;5221;1626;227256;107064;34.4;16.2
63;2021-05-20;6800;2091;234056;109155;35.5;16.5
63;2021-05-21;6254;2332;240310;111487;36.4;16.9
63;2021-05-22;3353;849;243663;112336;36.9;17.0
63;2021-05-23;2385;245;246048;112581;37.3;17.1
63;2021-05-24;2639;580;248687;113161;37.7;17.1
63;2021-05-25;4269;2644;252956;115805;38.3;17.5
63;2021-05-26;5451;2417;258407;118222;39.1;17.9
63;2021-05-27;6502;2802;264909;121024;40.1;18.3
63;2021-05-28;5420;3896;270329;124920;40.9;18.9
63;2021-05-29;3360;1503;273689;126423;41.5;19.1
63;2021-05-30;1579;217;275268;126640;41.7;19.2
63;2021-05-31;4153;2287;279421;128927;42.3;19.5
63;2021-06-01;3804;2962;283225;131889;42.9;20.0
63;2021-06-02;3888;2527;287113;134416;43.5;20.4
63;2021-06-03;4903;3142;292016;137558;44.2;20.8
63;2021-06-04;5097;3621;297113;141179;45.0;21.4
63;2021-06-05;2812;1746;299925;142925;45.4;21.6
63;2021-06-06;1308;697;301233;143622;45.6;21.8
63;2021-06-07;3165;2518;304398;146140;46.1;22.1
63;2021-06-08;2879;2756;307277;148896;46.5;22.6
63;2021-06-09;3022;2275;310299;151171;47.0;22.9
63;2021-06-10;3222;2688;313521;153859;47.5;23.3
63;2021-06-11;3100;4048;316621;157907;48.0;23.9
63;2021-06-12;1637;1969;318258;159876;48.2;24.2
63;2021-06-13;480;1098;318738;160974;48.3;24.4
63;2021-06-14;1825;3474;320563;164448;48.6;24.9
63;2021-06-15;2210;3480;322773;167928;48.9;25.4
63;2021-06-16;2573;3313;325346;171241;49.3;25.9
63;2021-06-17;2400;4315;327746;175556;49.6;26.6
63;2021-06-18;2478;5829;330224;181385;50.0;27.5
63;2021-06-19;1639;2834;331863;184219;50.3;27.9
63;2021-06-20;676;2441;332539;186660;50.4;28.3
63;2021-06-21;1272;5390;333811;192050;50.6;29.1
63;2021-06-22;1233;5540;335044;197590;50.7;29.9
63;2021-06-23;1528;4761;336572;202351;51.0;30.6
63;2021-06-24;1926;5382;338498;207733;51.3;31.5
63;2021-06-25;1752;5899;340250;213632;51.5;32.4
63;2021-06-26;1073;3352;341323;216984;51.7;32.9
63;2021-06-27;713;3487;342036;220471;51.8;33.4
63;2021-06-28;1136;5664;343172;226135;52.0;34.3
63;2021-06-29;1225;5161;344397;231296;52.2;35.0
63;2021-06-30;1603;5293;346000;236589;52.4;35.8
63;2021-07-01;1912;8066;347912;244655;52.7;37.1
63;2021-07-02;2060;6544;349972;251199;53.0;38.0
63;2021-07-03;963;2927;350935;254126;53.2;38.5
63;2021-07-04;1064;1885;351999;256011;53.3;38.8
63;2021-07-05;1538;6279;353537;262290;53.5;39.7
63;2021-07-06;1601;4804;355138;267094;53.8;40.5
63;2021-07-07;1972;4087;357110;271181;54.1;41.1
63;2021-07-08;2207;4590;359317;275771;54.4;41.8
63;2021-07-09;1923;5719;361240;281490;54.7;42.6
63;2021-07-10;1534;3414;362774;284904;54.9;43.2
63;2021-07-11;910;1536;363684;286440;55.1;43.4
63;2021-07-12;1594;8705;365278;295145;55.3;44.7
63;2021-07-13;3601;6139;368879;301284;55.9;45.6
63;2021-07-14;3618;1790;372497;303074;56.4;45.9
63;2021-07-15;4413;5032;376910;308106;57.1;46.7
63;2021-07-16;4692;5785;381602;313891;57.8;47.5
63;2021-07-17;3014;2474;384616;316365;58.3;47.9
63;2021-07-18;2826;1088;387442;317453;58.7;48.1
63;2021-07-19;4002;4853;391444;322306;59.3;48.8
63;2021-07-20;4740;5456;396184;327762;60.0;49.6
63;2021-07-21;4791;3980;400975;331742;60.7;50.2
63;2021-07-22;5508;4404;406483;336146;61.6;50.9
63;2021-07-23;5157;4648;411640;340794;62.3;51.6
63;2021-07-24;3674;1951;415314;342745;62.9;51.9
63;2021-07-25;3066;1438;418380;344183;63.4;52.1
63;2021-07-26;4038;3230;422418;347413;64.0;52.6
63;2021-07-27;3932;3160;426350;350573;64.6;53.1
63;2021-07-28;3851;2714;430201;353287;65.2;53.5
63;2021-07-29;4451;3159;434652;356446;65.8;54.0
63;2021-07-30;3808;3577;438460;360023;66.4;54.5
63;2021-07-31;2161;1720;440621;361743;66.7;54.8
63;2021-08-01;1196;836;441817;362579;66.9;54.9
63;2021-08-02;2226;3069;444043;365648;67.3;55.4
63;2021-08-03;2728;3267;446771;368915;67.7;55.9
63;2021-08-04;2805;3243;449576;372158;68.1;56.4
63;2021-08-05;2433;3477;452009;375635;68.5;56.9
63;2021-08-06;2353;4156;454362;379791;68.8;57.5
63;2021-08-07;1301;2799;455663;382590;69.0;57.9
63;2021-08-08;323;1205;455986;383795;69.1;58.1
63;2021-08-09;1844;4226;457830;388021;69.3;58.8
63;2021-08-10;2215;3995;460045;392016;69.7;59.4
63;2021-08-11;2100;3628;462145;395644;70.0;59.9
63;2021-08-12;1845;4624;463990;400268;70.3;60.6
63;2021-08-13;1665;4010;465655;404278;70.5;61.2
63;2021-08-14;838;3236;466493;407514;70.7;61.7
63;2021-08-15;183;1450;466676;408964;70.7;61.9
63;2021-08-16;1163;4390;467839;413354;70.9;62.6
63;2021-08-17;1593;4048;469432;417402;71.1;63.2
63;2021-08-18;1438;3301;470870;420703;71.3;63.7
63;2021-08-19;1323;3447;472193;424150;71.5;64.2
63;2021-08-20;1372;3711;473565;427861;71.7;64.8
63;2021-08-21;674;2165;474239;430026;71.8;65.1
63;2021-08-22;212;1092;474451;431118;71.9;65.3
63;2021-08-23;1054;3587;475505;434705;72.0;65.8
63;2021-08-24;1081;2984;476586;437689;72.2;66.3
63;2021-08-25;1000;2784;477586;440473;72.3;66.7
63;2021-08-26;1124;2703;478710;443176;72.5;67.1
63;2021-08-27;1142;3152;479852;446328;72.7;67.6
63;2021-08-28;695;1705;480547;448033;72.8;67.9
63;2021-08-29;106;576;480653;448609;72.8;67.9
63;2021-08-30;784;2439;481437;451048;72.9;68.3
63;2021-08-31;981;2555;482418;453603;73.1;68.7
63;2021-09-01;898;2122;483316;455725;73.2;69.0
64;2020-12-27;1;0;1;0;0.0;0.0
64;2020-12-28;2;0;3;0;0.0;0.0
64;2020-12-29;0;0;3;0;0.0;0.0
64;2020-12-30;0;0;3;0;0.0;0.0
64;2020-12-31;0;0;3;0;0.0;0.0
64;2021-01-01;0;0;3;0;0.0;0.0
64;2021-01-02;0;0;3;0;0.0;0.0
64;2021-01-03;0;0;3;0;0.0;0.0
64;2021-01-04;29;0;32;0;0.0;0.0
64;2021-01-05;25;0;57;0;0.0;0.0
64;2021-01-06;188;0;245;0;0.0;0.0
64;2021-01-07;842;1;1087;1;0.2;0.0
64;2021-01-08;879;2;1966;3;0.3;0.0
64;2021-01-09;54;0;2020;3;0.3;0.0
64;2021-01-10;2;0;2022;3;0.3;0.0
64;2021-01-11;543;0;2565;3;0.4;0.0
64;2021-01-12;760;3;3325;6;0.5;0.0
64;2021-01-13;865;2;4190;8;0.6;0.0
64;2021-01-14;1045;3;5235;11;0.8;0.0
64;2021-01-15;929;4;6164;15;0.9;0.0
64;2021-01-16;70;0;6234;15;0.9;0.0
64;2021-01-17;5;0;6239;15;0.9;0.0
64;2021-01-18;942;7;7181;22;1.1;0.0
64;2021-01-19;1447;4;8628;26;1.3;0.0
64;2021-01-20;1617;3;10245;29;1.5;0.0
64;2021-01-21;2602;1;12847;30;1.9;0.0
64;2021-01-22;1649;3;14496;33;2.1;0.0
64;2021-01-23;524;1;15020;34;2.2;0.0
64;2021-01-24;89;0;15109;34;2.2;0.0
64;2021-01-25;974;8;16083;42;2.4;0.0
64;2021-01-26;1357;20;17440;62;2.6;0.0
64;2021-01-27;1243;118;18683;180;2.7;0.0
64;2021-01-28;1648;623;20331;803;3.0;0.1
64;2021-01-29;973;647;21304;1450;3.1;0.2
64;2021-01-30;468;59;21772;1509;3.2;0.2
64;2021-01-31;92;0;21864;1509;3.2;0.2
64;2021-02-01;674;306;22538;1815;3.3;0.3
64;2021-02-02;1134;547;23672;2362;3.5;0.3
64;2021-02-03;1042;633;24714;2995;3.6;0.4
64;2021-02-04;1027;531;25741;3526;3.8;0.5
64;2021-02-05;867;454;26608;3980;3.9;0.6
64;2021-02-06;501;33;27109;4013;4.0;0.6
64;2021-02-07;131;4;27240;4017;4.0;0.6
64;2021-02-08;769;301;28009;4318;4.1;0.6
64;2021-02-09;946;702;28955;5020;4.2;0.7
64;2021-02-10;916;784;29871;5804;4.4;0.8
64;2021-02-11;1200;1487;31071;7291;4.5;1.1
64;2021-02-12;1076;1047;32147;8338;4.7;1.2
64;2021-02-13;225;295;32372;8633;4.7;1.3
64;2021-02-14;37;46;32409;8679;4.7;1.3
64;2021-02-15;221;1086;32630;9765;4.8;1.4
64;2021-02-16;258;1372;32888;11137;4.8;1.6
64;2021-02-17;290;1201;33178;12338;4.9;1.8
64;2021-02-18;508;1664;33686;14002;4.9;2.0
64;2021-02-19;415;1262;34101;15264;5.0;2.2
64;2021-02-20;119;421;34220;15685;5.0;2.3
64;2021-02-21;20;82;34240;15767;5.0;2.3
64;2021-02-22;477;957;34717;16724;5.1;2.4
64;2021-02-23;720;1110;35437;17834;5.2;2.6
64;2021-02-24;731;990;36168;18824;5.3;2.8
64;2021-02-25;1094;936;37262;19760;5.5;2.9
64;2021-02-26;1216;889;38478;20649;5.6;3.0
64;2021-02-27;864;393;39342;21042;5.8;3.1
64;2021-02-28;42;78;39384;21120;5.8;3.1
64;2021-03-01;765;788;40149;21908;5.9;3.2
64;2021-03-02;1078;914;41227;22822;6.0;3.3
64;2021-03-03;1251;992;42478;23814;6.2;3.5
64;2021-03-04;1879;1181;44357;24995;6.5;3.7
64;2021-03-05;2196;1070;46553;26065;6.8;3.8
64;2021-03-06;1543;516;48096;26581;7.0;3.9
64;2021-03-07;594;110;48690;26691;7.1;3.9
64;2021-03-08;1535;761;50225;27452;7.4;4.0
64;2021-03-09;2069;839;52294;28291;7.7;4.1
64;2021-03-10;2081;761;54375;29052;8.0;4.3
64;2021-03-11;2972;1069;57347;30121;8.4;4.4
64;2021-03-12;3486;603;60833;30724;8.9;4.5
64;2021-03-13;2257;167;63090;30891;9.2;4.5
64;2021-03-14;233;15;63323;30906;9.3;4.5
64;2021-03-15;2334;226;65657;31132;9.6;4.6
64;2021-03-16;1993;266;67650;31398;9.9;4.6
64;2021-03-17;2072;237;69722;31635;10.2;4.6
64;2021-03-18;2464;208;72186;31843;10.6;4.7
64;2021-03-19;3014;287;75200;32130;11.0;4.7
64;2021-03-20;2468;90;77668;32220;11.4;4.7
64;2021-03-21;1280;26;78948;32246;11.6;4.7
64;2021-03-22;2589;552;81537;32798;11.9;4.8
64;2021-03-23;3198;651;84735;33449;12.4;4.9
64;2021-03-24;3564;700;88299;34149;12.9;5.0
64;2021-03-25;4351;804;92650;34953;13.6;5.1
64;2021-03-26;4428;700;97078;35653;14.2;5.2
64;2021-03-27;2971;432;100049;36085;14.6;5.3
64;2021-03-28;521;56;100570;36141;14.7;5.3
64;2021-03-29;3028;886;103598;37027;15.2;5.4
64;2021-03-30;4137;871;107735;37898;15.8;5.5
64;2021-03-31;3593;788;111328;38686;16.3;5.7
64;2021-04-01;4782;935;116110;39621;17.0;5.8
64;2021-04-02;4445;745;120555;40366;17.6;5.9
64;2021-04-03;2059;586;122614;40952;17.9;6.0
64;2021-04-04;308;49;122922;41001;18.0;6.0
64;2021-04-05;1689;142;124611;41143;18.2;6.0
64;2021-04-06;3654;1389;128265;42532;18.8;6.2
64;2021-04-07;3949;1515;132214;44047;19.4;6.4
64;2021-04-08;5195;1599;137409;45646;20.1;6.7
64;2021-04-09;5900;1638;143309;47284;21.0;6.9
64;2021-04-10;3222;1050;146531;48334;21.4;7.1
64;2021-04-11;446;251;146977;48585;21.5;7.1
64;2021-04-12;4047;1865;151024;50450;22.1;7.4
64;2021-04-13;4464;2165;155488;52615;22.8;7.7
64;2021-04-14;4089;2139;159577;54754;23.4;8.0
64;2021-04-15;4395;2296;163972;57050;24.0;8.4
64;2021-04-16;4297;2257;168269;59307;24.6;8.7
64;2021-04-17;2480;1497;170749;60804;25.0;8.9
64;2021-04-18;1096;1181;171845;61985;25.2;9.1
64;2021-04-19;2733;2444;174578;64429;25.6;9.4
64;2021-04-20;3208;2429;177786;66858;26.0;9.8
64;2021-04-21;3225;2564;181011;69422;26.5;10.2
64;2021-04-22;3389;2785;184400;72207;27.0;10.6
64;2021-04-23;3434;2612;187834;74819;27.5;11.0
64;2021-04-24;2067;1588;189901;76407;27.8;11.2
64;2021-04-25;290;237;190191;76644;27.8;11.2
64;2021-04-26;2659;2651;192850;79295;28.2;11.6
64;2021-04-27;3061;3131;195911;82426;28.7;12.1
64;2021-04-28;3604;3060;199515;85486;29.2;12.5
64;2021-04-29;4653;3460;204168;88946;29.9;13.0
64;2021-04-30;4085;3611;208253;92557;30.5;13.5
64;2021-05-01;1481;1030;209734;93587;30.7;13.7
64;2021-05-02;446;325;210180;93912;30.8;13.7
64;2021-05-03;2909;3523;213089;97435;31.2;14.3
64;2021-05-04;3645;3992;216734;101427;31.7;14.8
64;2021-05-05;3360;4014;220094;105441;32.2;15.4
64;2021-05-06;4109;3990;224203;109431;32.8;16.0
64;2021-05-07;3922;4195;228125;113626;33.4;16.6
64;2021-05-08;2620;1237;230745;114863;33.8;16.8
64;2021-05-09;720;305;231465;115168;33.9;16.9
64;2021-05-10;2862;4237;234327;119405;34.3;17.5
64;2021-05-11;4186;4151;238513;123556;34.9;18.1
64;2021-05-12;4485;3946;242998;127502;35.6;18.7
64;2021-05-13;3198;886;246196;128388;36.0;18.8
64;2021-05-14;5153;3151;251349;131539;36.8;19.3
64;2021-05-15;3526;1868;254875;133407;37.3;19.5
64;2021-05-16;498;225;255373;133632;37.4;19.6
64;2021-05-17;4191;2384;259564;136016;38.0;19.9
64;2021-05-18;5166;2304;264730;138320;38.8;20.2
64;2021-05-19;4978;2166;269708;140486;39.5;20.6
64;2021-05-20;5570;2158;275278;142644;40.3;20.9
64;2021-05-21;5273;2248;280551;144892;41.1;21.2
64;2021-05-22;3582;1511;284133;146403;41.6;21.4
64;2021-05-23;431;206;284564;146609;41.7;21.5
64;2021-05-24;2997;1232;287561;147841;42.1;21.6
64;2021-05-25;4334;2851;291895;150692;42.7;22.1
64;2021-05-26;4356;2717;296251;153409;43.4;22.5
64;2021-05-27;5285;3158;301536;156567;44.1;22.9
64;2021-05-28;4620;3440;306156;160007;44.8;23.4
64;2021-05-29;2810;2116;308966;162123;45.2;23.7
64;2021-05-30;439;204;309405;162327;45.3;23.8
64;2021-05-31;3891;3674;313296;166001;45.9;24.3
64;2021-06-01;5337;3571;318633;169572;46.6;24.8
64;2021-06-02;4934;3179;323567;172751;47.4;25.3
64;2021-06-03;6367;3268;329934;176019;48.3;25.8
64;2021-06-04;5149;4557;335083;180576;49.0;26.4
64;2021-06-05;3485;2526;338568;183102;49.6;26.8
64;2021-06-06;2014;330;340582;183432;49.9;26.9
64;2021-06-07;4130;4332;344712;187764;50.5;27.5
64;2021-06-08;5155;4128;349867;191892;51.2;28.1
64;2021-06-09;5153;3658;355020;195550;52.0;28.6
64;2021-06-10;6181;3144;361201;198694;52.9;29.1
64;2021-06-11;5590;4873;366791;203567;53.7;29.8
64;2021-06-12;3951;2328;370742;205895;54.3;30.1
64;2021-06-13;1556;392;372298;206287;54.5;30.2
64;2021-06-14;3670;4792;375968;211079;55.0;30.9
64;2021-06-15;4576;4708;380544;215787;55.7;31.6
64;2021-06-16;4471;4667;385015;220454;56.4;32.3
64;2021-06-17;3641;4304;388656;224758;56.9;32.9
64;2021-06-18;4424;5175;393080;229933;57.5;33.7
64;2021-06-19;2985;3284;396065;233217;58.0;34.1
64;2021-06-20;881;539;396946;233756;58.1;34.2
64;2021-06-21;2314;5126;399260;238882;58.4;35.0
64;2021-06-22;2559;5731;401819;244613;58.8;35.8
64;2021-06-23;3105;5485;404924;250098;59.3;36.6
64;2021-06-24;2720;3808;407644;253906;59.7;37.2
64;2021-06-25;2902;6439;410546;260345;60.1;38.1
64;2021-06-26;1799;3838;412345;264183;60.4;38.7
64;2021-06-27;492;713;412837;264896;60.4;38.8
64;2021-06-28;1933;6067;414770;270963;60.7;39.7
64;2021-06-29;1965;6267;416735;277230;61.0;40.6
64;2021-06-30;2255;6002;418990;283232;61.3;41.5
64;2021-07-01;2412;5344;421402;288576;61.7;42.2
64;2021-07-02;2303;6410;423705;294986;62.0;43.2
64;2021-07-03;1263;3784;424968;298770;62.2;43.7
64;2021-07-04;411;847;425379;299617;62.3;43.9
64;2021-07-05;1379;5411;426758;305028;62.5;44.6
64;2021-07-06;1996;6152;428754;311180;62.8;45.5
64;2021-07-07;2065;5753;430819;316933;63.1;46.4
64;2021-07-08;1802;4398;432621;321331;63.3;47.0
64;2021-07-09;1824;6540;434445;327871;63.6;48.0
64;2021-07-10;1170;3881;435615;331752;63.8;48.6
64;2021-07-11;253;860;435868;332612;63.8;48.7
64;2021-07-12;1502;6088;437370;338700;64.0;49.6
64;2021-07-13;2364;7250;439734;345950;64.4;50.6
64;2021-07-14;2372;3406;442106;349356;64.7;51.1
64;2021-07-15;2104;5482;444210;354838;65.0;51.9
64;2021-07-16;2847;6779;447057;361617;65.4;52.9
64;2021-07-17;2338;4590;449395;366207;65.8;53.6
64;2021-07-18;716;2050;450111;368257;65.9;53.9
64;2021-07-19;2348;6119;452459;374376;66.2;54.8
64;2021-07-20;3126;6553;455585;380929;66.7;55.8
64;2021-07-21;3344;6046;458929;386975;67.2;56.6
64;2021-07-22;3814;5718;462743;392693;67.7;57.5
64;2021-07-23;3727;5617;466470;398310;68.3;58.3
64;2021-07-24;2546;4430;469016;402740;68.7;59.0
64;2021-07-25;753;1060;469769;403800;68.8;59.1
64;2021-07-26;3089;5134;472858;408934;69.2;59.9
64;2021-07-27;4265;5144;477123;414078;69.8;60.6
64;2021-07-28;4315;4596;481438;418674;70.5;61.3
64;2021-07-29;5518;3900;486956;422574;71.3;61.9
64;2021-07-30;5147;4221;492103;426795;72.0;62.5
64;2021-07-31;3170;3346;495273;430141;72.5;63.0
64;2021-08-01;1145;585;496418;430726;72.7;63.0
64;2021-08-02;4354;2650;500772;433376;73.3;63.4
64;2021-08-03;4540;3173;505312;436549;74.0;63.9
64;2021-08-04;4124;2997;509436;439546;74.6;64.3
64;2021-08-05;4014;2618;513450;442164;75.2;64.7
64;2021-08-06;3838;3342;517288;445506;75.7;65.2
64;2021-08-07;2479;2702;519767;448208;76.1;65.6
64;2021-08-08;488;609;520255;448817;76.2;65.7
64;2021-08-09;2736;3196;522991;452013;76.6;66.2
64;2021-08-10;3340;3435;526331;455448;77.0;66.7
64;2021-08-11;3059;3264;529390;458712;77.5;67.1
64;2021-08-12;3172;3302;532562;462014;78.0;67.6
64;2021-08-13;2540;3653;535102;465667;78.3;68.2
64;2021-08-14;1626;2678;536728;468345;78.6;68.6
64;2021-08-15;202;691;536930;469036;78.6;68.7
64;2021-08-16;2096;3231;539026;472267;78.9;69.1
64;2021-08-17;2274;3699;541300;475966;79.2;69.7
64;2021-08-18;2022;3520;543322;479486;79.5;70.2
64;2021-08-19;1929;3526;545251;483012;79.8;70.7
64;2021-08-20;1574;3978;546825;486990;80.0;71.3
64;2021-08-21;969;2882;547794;489872;80.2;71.7
64;2021-08-22;160;893;547954;490765;80.2;71.8
64;2021-08-23;1254;3238;549208;494003;80.4;72.3
64;2021-08-24;1370;4593;550578;498596;80.6;73.0
64;2021-08-25;1251;3741;551829;502337;80.8;73.5
64;2021-08-26;1099;3533;552928;505870;80.9;74.0
64;2021-08-27;1188;4225;554116;510095;81.1;74.7
64;2021-08-28;731;2495;554847;512590;81.2;75.0
64;2021-08-29;90;532;554937;513122;81.2;75.1
64;2021-08-30;984;3608;555921;516730;81.4;75.6
64;2021-08-31;988;3968;556909;520698;81.5;76.2
64;2021-09-01;907;3189;557816;523887;81.7;76.7
65;2020-12-27;0;0;0;0;0.0;0.0
65;2020-12-28;0;0;0;0;0.0;0.0
65;2020-12-29;0;0;0;0;0.0;0.0
65;2020-12-30;0;0;0;0;0.0;0.0
65;2020-12-31;0;0;0;0;0.0;0.0
65;2021-01-01;0;0;0;0;0.0;0.0
65;2021-01-02;0;0;0;0;0.0;0.0
65;2021-01-03;0;0;0;0;0.0;0.0
65;2021-01-04;0;0;0;0;0.0;0.0
65;2021-01-05;1;0;1;0;0.0;0.0
65;2021-01-06;3;0;4;0;0.0;0.0
65;2021-01-07;167;0;171;0;0.1;0.0
65;2021-01-08;253;1;424;1;0.2;0.0
65;2021-01-09;176;1;600;2;0.3;0.0
65;2021-01-10;1;0;601;2;0.3;0.0
65;2021-01-11;275;3;876;5;0.4;0.0
65;2021-01-12;272;1;1148;6;0.5;0.0
65;2021-01-13;587;1;1735;7;0.8;0.0
65;2021-01-14;579;5;2314;12;1.0;0.0
65;2021-01-15;527;2;2841;14;1.3;0.0
65;2021-01-16;221;2;3062;16;1.3;0.0
65;2021-01-17;1;0;3063;16;1.4;0.0
65;2021-01-18;553;5;3616;21;1.6;0.0
65;2021-01-19;570;2;4186;23;1.8;0.0
65;2021-01-20;584;5;4770;28;2.1;0.0
65;2021-01-21;584;0;5354;28;2.4;0.0
65;2021-01-22;597;0;5951;28;2.6;0.0
65;2021-01-23;174;1;6125;29;2.7;0.0
65;2021-01-24;3;1;6128;30;2.7;0.0
65;2021-01-25;551;4;6679;34;2.9;0.0
65;2021-01-26;882;2;7561;36;3.3;0.0
65;2021-01-27;588;11;8149;47;3.6;0.0
65;2021-01-28;507;71;8656;118;3.8;0.1
65;2021-01-29;426;136;9082;254;4.0;0.1
65;2021-01-30;183;74;9265;328;4.1;0.1
65;2021-01-31;15;0;9280;328;4.1;0.1
65;2021-02-01;321;89;9601;417;4.2;0.2
65;2021-02-02;418;185;10019;602;4.4;0.3
65;2021-02-03;463;242;10482;844;4.6;0.4
65;2021-02-04;307;323;10789;1167;4.8;0.5
65;2021-02-05;285;359;11074;1526;4.9;0.7
65;2021-02-06;99;94;11173;1620;4.9;0.7
65;2021-02-07;10;0;11183;1620;4.9;0.7
65;2021-02-08;425;215;11608;1835;5.1;0.8
65;2021-02-09;272;371;11880;2206;5.2;1.0
65;2021-02-10;296;266;12176;2472;5.4;1.1
65;2021-02-11;320;271;12496;2743;5.5;1.2
65;2021-02-12;277;221;12773;2964;5.6;1.3
65;2021-02-13;125;96;12898;3060;5.7;1.3
65;2021-02-14;3;16;12901;3076;5.7;1.4
65;2021-02-15;202;403;13103;3479;5.8;1.5
65;2021-02-16;489;564;13592;4043;6.0;1.8
65;2021-02-17;230;492;13822;4535;6.1;2.0
65;2021-02-18;285;575;14107;5110;6.2;2.3
65;2021-02-19;156;474;14263;5584;6.3;2.5
65;2021-02-20;53;158;14316;5742;6.3;2.5
65;2021-02-21;3;48;14319;5790;6.3;2.6
65;2021-02-22;166;526;14485;6316;6.4;2.8
65;2021-02-23;248;523;14733;6839;6.5;3.0
65;2021-02-24;232;630;14965;7469;6.6;3.3
65;2021-02-25;212;177;15177;7646;6.7;3.4
65;2021-02-26;350;768;15527;8414;6.8;3.7
65;2021-02-27;109;200;15636;8614;6.9;3.8
65;2021-02-28;1;0;15637;8614;6.9;3.8
65;2021-03-01;378;370;16015;8984;7.1;4.0
65;2021-03-02;454;360;16469;9344;7.3;4.1
65;2021-03-03;381;387;16850;9731;7.4;4.3
65;2021-03-04;695;328;17545;10059;7.7;4.4
65;2021-03-05;678;286;18223;10345;8.0;4.6
65;2021-03-06;1187;85;19410;10430;8.6;4.6
65;2021-03-07;258;12;19668;10442;8.7;4.6
65;2021-03-08;412;342;20080;10784;8.9;4.8
65;2021-03-09;669;335;20749;11119;9.1;4.9
65;2021-03-10;625;371;21374;11490;9.4;5.1
65;2021-03-11;778;357;22152;11847;9.8;5.2
65;2021-03-12;1058;190;23210;12037;10.2;5.3
65;2021-03-13;354;92;23564;12129;10.4;5.3
65;2021-03-14;3;30;23567;12159;10.4;5.4
65;2021-03-15;816;185;24383;12344;10.7;5.4
65;2021-03-16;692;218;25075;12562;11.1;5.5
65;2021-03-17;711;206;25786;12768;11.4;5.6
65;2021-03-18;536;235;26322;13003;11.6;5.7
65;2021-03-19;878;163;27200;13166;12.0;5.8
65;2021-03-20;244;45;27444;13211;12.1;5.8
65;2021-03-21;12;2;27456;13213;12.1;5.8
65;2021-03-22;735;152;28191;13365;12.4;5.9
65;2021-03-23;837;367;29028;13732;12.8;6.1
65;2021-03-24;868;254;29896;13986;13.2;6.2
65;2021-03-25;1251;189;31147;14175;13.7;6.2
65;2021-03-26;1225;140;32372;14315;14.3;6.3
65;2021-03-27;1357;93;33729;14408;14.9;6.4
65;2021-03-28;1;2;33730;14410;14.9;6.4
65;2021-03-29;1492;358;35222;14768;15.5;6.5
65;2021-03-30;1357;406;36579;15174;16.1;6.7
65;2021-03-31;1208;372;37787;15546;16.7;6.9
65;2021-04-01;1510;397;39297;15943;17.3;7.0
65;2021-04-02;1684;288;40981;16231;18.1;7.2
65;2021-04-03;247;45;41228;16276;18.2;7.2
65;2021-04-04;4;2;41232;16278;18.2;7.2
65;2021-04-05;158;44;41390;16322;18.2;7.2
65;2021-04-06;1295;492;42685;16814;18.8;7.4
65;2021-04-07;1958;459;44643;17273;19.7;7.6
65;2021-04-08;1640;415;46283;17688;20.4;7.8
65;2021-04-09;1644;471;47927;18159;21.1;8.0
65;2021-04-10;1591;149;49518;18308;21.8;8.1
65;2021-04-11;3;0;49521;18308;21.8;8.1
65;2021-04-12;1349;737;50870;19045;22.4;8.4
65;2021-04-13;1572;590;52442;19635;23.1;8.7
65;2021-04-14;1904;745;54346;20380;24.0;9.0
65;2021-04-15;1700;671;56046;21051;24.7;9.3
65;2021-04-16;1824;529;57870;21580;25.5;9.5
65;2021-04-17;2156;132;60026;21712;26.5;9.6
65;2021-04-18;7;27;60033;21739;26.5;9.6
65;2021-04-19;1337;773;61370;22512;27.1;9.9
65;2021-04-20;1530;709;62900;23221;27.7;10.2
65;2021-04-21;1053;1047;63953;24268;28.2;10.7
65;2021-04-22;1645;724;65598;24992;28.9;11.0
65;2021-04-23;1160;1147;66758;26139;29.4;11.5
65;2021-04-24;1264;610;68022;26749;30.0;11.8
65;2021-04-25;31;15;68053;26764;30.0;11.8
65;2021-04-26;1608;1297;69661;28061;30.7;12.4
65;2021-04-27;1423;1340;71084;29401;31.3;13.0
65;2021-04-28;1730;1023;72814;30424;32.1;13.4
65;2021-04-29;1959;1035;74773;31459;33.0;13.9
65;2021-04-30;1782;923;76555;32382;33.7;14.3
65;2021-05-01;1574;230;78129;32612;34.4;14.4
65;2021-05-02;671;24;78800;32636;34.7;14.4
65;2021-05-03;1280;1620;80080;34256;35.3;15.1
65;2021-05-04;1535;1244;81615;35500;36.0;15.6
65;2021-05-05;1373;1645;82988;37145;36.6;16.4
65;2021-05-06;1557;1178;84545;38323;37.3;16.9
65;2021-05-07;1274;1569;85819;39892;37.8;17.6
65;2021-05-08;1647;443;87466;40335;38.6;17.8
65;2021-05-09;0;89;87466;40424;38.6;17.8
65;2021-05-10;953;1883;88419;42307;39.0;18.7
65;2021-05-11;1059;1810;89478;44117;39.4;19.4
65;2021-05-12;1237;1635;90715;45752;40.0;20.2
65;2021-05-13;1345;170;92060;45922;40.6;20.2
65;2021-05-14;1575;1095;93635;47017;41.3;20.7
65;2021-05-15;1401;511;95036;47528;41.9;21.0
65;2021-05-16;1444;70;96480;47598;42.5;21.0
65;2021-05-17;1036;1614;97516;49212;43.0;21.7
65;2021-05-18;1612;1209;99128;50421;43.7;22.2
65;2021-05-19;1684;1009;100812;51430;44.4;22.7
65;2021-05-20;1844;1053;102656;52483;45.3;23.1
65;2021-05-21;1791;1234;104447;53717;46.0;23.7
65;2021-05-22;1287;638;105734;54355;46.6;24.0
65;2021-05-23;689;32;106423;54387;46.9;24.0
65;2021-05-24;703;77;107126;54464;47.2;24.0
65;2021-05-25;1358;1548;108484;56012;47.8;24.7
65;2021-05-26;1472;1356;109956;57368;48.5;25.3
65;2021-05-27;1622;1464;111578;58832;49.2;25.9
65;2021-05-28;1600;1671;113178;60503;49.9;26.7
65;2021-05-29;1187;1514;114365;62017;50.4;27.3
65;2021-05-30;6;10;114371;62027;50.4;27.3
65;2021-05-31;1324;1300;115695;63327;51.0;27.9
65;2021-06-01;1833;936;117528;64263;51.8;28.3
65;2021-06-02;1575;951;119103;65214;52.5;28.7
65;2021-06-03;1341;1103;120444;66317;53.1;29.2
65;2021-06-04;1791;1560;122235;67877;53.9;29.9
65;2021-06-05;433;1240;122668;69117;54.1;30.5
65;2021-06-06;3;13;122671;69130;54.1;30.5
65;2021-06-07;674;1984;123345;71114;54.4;31.3
65;2021-06-08;956;1538;124301;72652;54.8;32.0
65;2021-06-09;827;1548;125128;74200;55.2;32.7
65;2021-06-10;740;1155;125868;75355;55.5;33.2
65;2021-06-11;911;1808;126779;77163;55.9;34.0
65;2021-06-12;150;639;126929;77802;56.0;34.3
65;2021-06-13;5;7;126934;77809;56.0;34.3
65;2021-06-14;503;2423;127437;80232;56.2;35.4
65;2021-06-15;941;1804;128378;82036;56.6;36.2
65;2021-06-16;1065;1366;129443;83402;57.1;36.8
65;2021-06-17;814;1049;130257;84451;57.4;37.2
65;2021-06-18;1018;1632;131275;86083;57.9;37.9
65;2021-06-19;691;1688;131966;87771;58.2;38.7
65;2021-06-20;2;2;131968;87773;58.2;38.7
65;2021-06-21;736;1940;132704;89713;58.5;39.5
65;2021-06-22;1046;1479;133750;91192;59.0;40.2
65;2021-06-23;1064;1233;134814;92425;59.4;40.7
65;2021-06-24;959;1144;135773;93569;59.9;41.2
65;2021-06-25;831;1967;136604;95536;60.2;42.1
65;2021-06-26;168;1658;136772;97194;60.3;42.8
65;2021-06-27;15;1101;136787;98295;60.3;43.3
65;2021-06-28;444;2301;137231;100596;60.5;44.3
65;2021-06-29;684;1920;137915;102516;60.8;45.2
65;2021-06-30;932;1679;138847;104195;61.2;45.9
65;2021-07-01;606;752;139453;104947;61.5;46.3
65;2021-07-02;1167;1734;140620;106681;62.0;47.0
65;2021-07-03;197;1916;140817;108597;62.1;47.9
65;2021-07-04;416;185;141233;108782;62.3;48.0
65;2021-07-05;640;1994;141873;110776;62.5;48.8
65;2021-07-06;897;2126;142770;112902;62.9;49.8
65;2021-07-07;973;1517;143743;114419;63.4;50.4
65;2021-07-08;326;662;144069;115081;63.5;50.7
65;2021-07-09;550;1594;144619;116675;63.8;51.4
65;2021-07-10;302;956;144921;117631;63.9;51.9
65;2021-07-11;0;0;144921;117631;63.9;51.9
65;2021-07-12;480;2221;145401;119852;64.1;52.8
65;2021-07-13;698;2148;146099;122000;64.4;53.8
65;2021-07-14;213;52;146312;122052;64.5;53.8
65;2021-07-15;1048;1662;147360;123714;65.0;54.5
65;2021-07-16;1186;1883;148546;125597;65.5;55.4
65;2021-07-17;431;543;148977;126140;65.7;55.6
65;2021-07-18;22;11;148999;126151;65.7;55.6
65;2021-07-19;632;1496;149631;127647;66.0;56.3
65;2021-07-20;1446;1705;151077;129352;66.6;57.0
65;2021-07-21;1418;1661;152495;131013;67.2;57.8
65;2021-07-22;2196;1292;154691;132305;68.2;58.3
65;2021-07-23;1622;1792;156313;134097;68.9;59.1
65;2021-07-24;1043;649;157356;134746;69.4;59.4
65;2021-07-25;24;21;157380;134767;69.4;59.4
65;2021-07-26;1142;1245;158522;136012;69.9;60.0
65;2021-07-27;1793;1955;160315;137967;70.7;60.8
65;2021-07-28;1601;1324;161916;139291;71.4;61.4
65;2021-07-29;2887;1138;164803;140429;72.7;61.9
65;2021-07-30;2447;1397;167250;141826;73.7;62.5
65;2021-07-31;2295;352;169545;142178;74.7;62.7
65;2021-08-01;14;16;169559;142194;74.7;62.7
65;2021-08-02;986;833;170545;143027;75.2;63.1
65;2021-08-03;2091;1067;172636;144094;76.1;63.5
65;2021-08-04;1795;640;174431;144734;76.9;63.8
65;2021-08-05;1815;836;176246;145570;77.7;64.2
65;2021-08-06;1661;970;177907;146540;78.4;64.6
65;2021-08-07;723;484;178630;147024;78.7;64.8
65;2021-08-08;2;9;178632;147033;78.7;64.8
65;2021-08-09;694;943;179326;147976;79.1;65.2
65;2021-08-10;1181;1546;180507;149522;79.6;65.9
65;2021-08-11;729;1264;181236;150786;79.9;66.5
65;2021-08-12;764;1081;182000;151867;80.2;66.9
65;2021-08-13;412;1008;182412;152875;80.4;67.4
65;2021-08-14;592;565;183004;153440;80.7;67.6
65;2021-08-15;7;19;183011;153459;80.7;67.7
65;2021-08-16;395;1537;183406;154996;80.9;68.3
65;2021-08-17;718;2177;184124;157173;81.2;69.3
65;2021-08-18;587;1544;184711;158717;81.4;70.0
65;2021-08-19;722;1311;185433;160028;81.7;70.5
65;2021-08-20;447;1335;185880;161363;81.9;71.1
65;2021-08-21;39;105;185919;161468;82.0;71.2
65;2021-08-22;11;13;185930;161481;82.0;71.2
65;2021-08-23;262;1682;186192;163163;82.1;71.9
65;2021-08-24;543;2444;186735;165607;82.3;73.0
65;2021-08-25;413;1958;187148;167565;82.5;73.9
65;2021-08-26;453;2306;187601;169871;82.7;74.9
65;2021-08-27;426;1945;188027;171816;82.9;75.7
65;2021-08-28;159;193;188186;172009;83.0;75.8
65;2021-08-29;9;18;188195;172027;83.0;75.8
65;2021-08-30;256;1055;188451;173082;83.1;76.3
65;2021-08-31;438;1583;188889;174665;83.3;77.0
65;2021-09-01;444;1156;189333;175821;83.5;77.5
66;2020-12-27;0;0;0;0;0.0;0.0
66;2020-12-28;2;0;2;0;0.0;0.0
66;2020-12-29;0;0;2;0;0.0;0.0
66;2020-12-30;0;0;2;0;0.0;0.0
66;2020-12-31;1;0;3;0;0.0;0.0
66;2021-01-01;1;0;4;0;0.0;0.0
66;2021-01-02;0;0;4;0;0.0;0.0
66;2021-01-03;0;0;4;0;0.0;0.0
66;2021-01-04;30;0;34;0;0.0;0.0
66;2021-01-05;135;0;169;0;0.0;0.0
66;2021-01-06;195;0;364;0;0.1;0.0
66;2021-01-07;182;0;546;0;0.1;0.0
66;2021-01-08;212;0;758;0;0.2;0.0
66;2021-01-09;232;0;990;0;0.2;0.0
66;2021-01-10;11;0;1001;0;0.2;0.0
66;2021-01-11;404;3;1405;3;0.3;0.0
66;2021-01-12;587;2;1992;5;0.4;0.0
66;2021-01-13;877;7;2869;12;0.6;0.0
66;2021-01-14;892;12;3761;24;0.8;0.0
66;2021-01-15;588;1;4349;25;0.9;0.0
66;2021-01-16;106;2;4455;27;0.9;0.0
66;2021-01-17;46;1;4501;28;0.9;0.0
66;2021-01-18;655;3;5156;31;1.1;0.0
66;2021-01-19;717;3;5873;34;1.2;0.0
66;2021-01-20;1169;3;7042;37;1.5;0.0
66;2021-01-21;2402;4;9444;41;2.0;0.0
66;2021-01-22;1439;9;10883;50;2.3;0.0
66;2021-01-23;399;3;11282;53;2.4;0.0
66;2021-01-24;226;9;11508;62;2.4;0.0
66;2021-01-25;738;40;12246;102;2.6;0.0
66;2021-01-26;787;66;13033;168;2.7;0.0
66;2021-01-27;867;103;13900;271;2.9;0.1
66;2021-01-28;877;126;14777;397;3.1;0.1
66;2021-01-29;818;124;15595;521;3.3;0.1
66;2021-01-30;480;68;16075;589;3.4;0.1
66;2021-01-31;202;27;16277;616;3.4;0.1
66;2021-02-01;562;185;16839;801;3.5;0.2
66;2021-02-02;621;284;17460;1085;3.6;0.2
66;2021-02-03;737;619;18197;1704;3.8;0.4
66;2021-02-04;688;617;18885;2321;3.9;0.5
66;2021-02-05;778;410;19663;2731;4.1;0.6
66;2021-02-06;418;145;20081;2876;4.2;0.6
66;2021-02-07;169;138;20250;3014;4.2;0.6
66;2021-02-08;501;374;20751;3388;4.3;0.7
66;2021-02-09;533;392;21284;3780;4.4;0.8
66;2021-02-10;616;752;21900;4532;4.6;0.9
66;2021-02-11;1104;1566;23004;6098;4.8;1.3
66;2021-02-12;1121;1197;24125;7295;5.0;1.5
66;2021-02-13;366;297;24491;7592;5.1;1.6
66;2021-02-14;111;193;24602;7785;5.1;1.6
66;2021-02-15;425;677;25027;8462;5.2;1.8
66;2021-02-16;304;771;25331;9233;5.3;1.9
66;2021-02-17;379;686;25710;9919;5.4;2.1
66;2021-02-18;366;756;26076;10675;5.4;2.2
66;2021-02-19;400;691;26476;11366;5.5;2.4
66;2021-02-20;184;402;26660;11768;5.6;2.5
66;2021-02-21;41;167;26701;11935;5.6;2.5
66;2021-02-22;416;623;27117;12558;5.7;2.6
66;2021-02-23;508;650;27625;13208;5.8;2.8
66;2021-02-24;342;729;27967;13937;5.8;2.9
66;2021-02-25;717;695;28684;14632;6.0;3.1
66;2021-02-26;954;737;29638;15369;6.2;3.2
66;2021-02-27;363;423;30001;15792;6.3;3.3
66;2021-02-28;59;168;30060;15960;6.3;3.3
66;2021-03-01;378;635;30438;16595;6.4;3.5
66;2021-03-02;334;654;30772;17249;6.4;3.6
66;2021-03-03;528;640;31300;17889;6.5;3.7
66;2021-03-04;991;1053;32291;18942;6.7;4.0
66;2021-03-05;1527;796;33818;19738;7.1;4.1
66;2021-03-06;1146;345;34964;20083;7.3;4.2
66;2021-03-07;1097;97;36061;20180;7.5;4.2
66;2021-03-08;696;542;36757;20722;7.7;4.3
66;2021-03-09;1225;591;37982;21313;7.9;4.4
66;2021-03-10;1301;504;39283;21817;8.2;4.6
66;2021-03-11;1474;593;40757;22410;8.5;4.7
66;2021-03-12;2395;579;43152;22989;9.0;4.8
66;2021-03-13;1081;304;44233;23293;9.2;4.9
66;2021-03-14;192;84;44425;23377;9.3;4.9
66;2021-03-15;1109;395;45534;23772;9.5;5.0
66;2021-03-16;952;259;46486;24031;9.7;5.0
66;2021-03-17;866;397;47352;24428;9.9;5.1
66;2021-03-18;969;345;48321;24773;10.1;5.2
66;2021-03-19;1292;317;49613;25090;10.4;5.2
66;2021-03-20;837;122;50450;25212;10.5;5.3
66;2021-03-21;185;44;50635;25256;10.6;5.3
66;2021-03-22;1114;393;51749;25649;10.8;5.4
66;2021-03-23;1757;387;53506;26036;11.2;5.4
66;2021-03-24;1796;519;55302;26555;11.5;5.5
66;2021-03-25;2537;470;57839;27025;12.1;5.6
66;2021-03-26;2577;365;60416;27390;12.6;5.7
66;2021-03-27;1210;299;61626;27689;12.9;5.8
66;2021-03-28;321;3;61947;27692;12.9;5.8
66;2021-03-29;1830;257;63777;27949;13.3;5.8
66;2021-03-30;2241;174;66018;28123;13.8;5.9
66;2021-03-31;1987;250;68005;28373;14.2;5.9
66;2021-04-01;2672;303;70677;28676;14.8;6.0
66;2021-04-02;2421;255;73098;28931;15.3;6.0
66;2021-04-03;1148;335;74246;29266;15.5;6.1
66;2021-04-04;107;125;74353;29391;15.5;6.1
66;2021-04-05;196;142;74549;29533;15.6;6.2
66;2021-04-06;1334;649;75883;30182;15.8;6.3
66;2021-04-07;1397;598;77280;30780;16.1;6.4
66;2021-04-08;2072;548;79352;31328;16.6;6.5
66;2021-04-09;3481;661;82833;31989;17.3;6.7
66;2021-04-10;2307;525;85140;32514;17.8;6.8
66;2021-04-11;1200;169;86340;32683;18.0;6.8
66;2021-04-12;2703;1023;89043;33706;18.6;7.0
66;2021-04-13;3609;1063;92652;34769;19.3;7.3
66;2021-04-14;3292;923;95944;35692;20.0;7.5
66;2021-04-15;3557;1048;99501;36740;20.8;7.7
66;2021-04-16;3591;1034;103092;37774;21.5;7.9
66;2021-04-17;2263;592;105355;38366;22.0;8.0
66;2021-04-18;1445;132;106800;38498;22.3;8.0
66;2021-04-19;2256;1122;109056;39620;22.8;8.3
66;2021-04-20;2374;1078;111430;40698;23.3;8.5
66;2021-04-21;2870;1179;114300;41877;23.9;8.7
66;2021-04-22;2660;1230;116960;43107;24.4;9.0
66;2021-04-23;2380;1237;119340;44344;24.9;9.3
66;2021-04-24;2744;882;122084;45226;25.5;9.4
66;2021-04-25;1207;266;123291;45492;25.7;9.5
66;2021-04-26;1998;1255;125289;46747;26.2;9.8
66;2021-04-27;2748;1305;128037;48052;26.7;10.0
66;2021-04-28;2421;1658;130458;49710;27.2;10.4
66;2021-04-29;2704;2130;133162;51840;27.8;10.8
66;2021-04-30;3055;1559;136217;53399;28.4;11.1
66;2021-05-01;2001;470;138218;53869;28.9;11.2
66;2021-05-02;1529;264;139747;54133;29.2;11.3
66;2021-05-03;2939;1111;142686;55244;29.8;11.5
66;2021-05-04;3169;1343;145855;56587;30.4;11.8
66;2021-05-05;3053;1545;148908;58132;31.1;12.1
66;2021-05-06;3753;2084;152661;60216;31.9;12.6
66;2021-05-07;2968;3080;155629;63296;32.5;13.2
66;2021-05-08;1731;1171;157360;64467;32.9;13.5
66;2021-05-09;887;1369;158247;65836;33.0;13.7
66;2021-05-10;1805;2973;160052;68809;33.4;14.4
66;2021-05-11;2741;3128;162793;71937;34.0;15.0
66;2021-05-12;2431;2568;165224;74505;34.5;15.6
66;2021-05-13;2260;1385;167484;75890;35.0;15.8
66;2021-05-14;2772;2118;170256;78008;35.5;16.3
66;2021-05-15;2329;1576;172585;79584;36.0;16.6
66;2021-05-16;2286;1250;174871;80834;36.5;16.9
66;2021-05-17;2051;1825;176922;82659;36.9;17.3
66;2021-05-18;3237;1808;180159;84467;37.6;17.6
66;2021-05-19;2878;1342;183037;85809;38.2;17.9
66;2021-05-20;4375;1447;187412;87256;39.1;18.2
66;2021-05-21;3268;1461;190680;88717;39.8;18.5
66;2021-05-22;3066;781;193746;89498;40.4;18.7
66;2021-05-23;1510;236;195256;89734;40.8;18.7
66;2021-05-24;1955;429;197211;90163;41.2;18.8
66;2021-05-25;2796;1690;200007;91853;41.8;19.2
66;2021-05-26;2780;1494;202787;93347;42.3;19.5
66;2021-05-27;3386;2257;206173;95604;43.0;20.0
66;2021-05-28;2686;3048;208859;98652;43.6;20.6
66;2021-05-29;2147;1518;211006;100170;44.1;20.9
66;2021-05-30;786;989;211792;101159;44.2;21.1
66;2021-05-31;2120;1779;213912;102938;44.7;21.5
66;2021-06-01;2637;2004;216549;104942;45.2;21.9
66;2021-06-02;2810;2337;219359;107279;45.8;22.4
66;2021-06-03;2480;2966;221839;110245;46.3;23.0
66;2021-06-04;1952;3355;223791;113600;46.7;23.7
66;2021-06-05;1411;2601;225202;116201;47.0;24.3
66;2021-06-06;294;1228;225496;117429;47.1;24.5
66;2021-06-07;1343;2959;226839;120388;47.4;25.1
66;2021-06-08;1739;3021;228578;123409;47.7;25.8
66;2021-06-09;2068;2788;230646;126197;48.2;26.3
66;2021-06-10;2080;2962;232726;129159;48.6;27.0
66;2021-06-11;2103;3861;234829;133020;49.0;27.8
66;2021-06-12;872;2411;235701;135431;49.2;28.3
66;2021-06-13;517;1334;236218;136765;49.3;28.6
66;2021-06-14;1359;3496;237577;140261;49.6;29.3
66;2021-06-15;2130;3573;239707;143834;50.0;30.0
66;2021-06-16;1790;3568;241497;147402;50.4;30.8
66;2021-06-17;2436;3607;243933;151009;50.9;31.5
66;2021-06-18;2227;3824;246160;154833;51.4;32.3
66;2021-06-19;1542;2321;247702;157154;51.7;32.8
66;2021-06-20;998;1266;248700;158420;51.9;33.1
66;2021-06-21;1163;2879;249863;161299;52.2;33.7
66;2021-06-22;1510;3763;251373;165062;52.5;34.5
66;2021-06-23;1325;3028;252698;168090;52.8;35.1
66;2021-06-24;1516;3230;254214;171320;53.1;35.8
66;2021-06-25;1400;3536;255614;174856;53.4;36.5
66;2021-06-26;963;2680;256577;177536;53.6;37.1
66;2021-06-27;679;1557;257256;179093;53.7;37.4
66;2021-06-28;977;2976;258233;182069;53.9;38.0
66;2021-06-29;1148;3797;259381;185866;54.2;38.8
66;2021-06-30;1276;3307;260657;189173;54.4;39.5
66;2021-07-01;1470;4046;262127;193219;54.7;40.3
66;2021-07-02;1342;3603;263469;196822;55.0;41.1
66;2021-07-03;1153;3903;264622;200725;55.2;41.9
66;2021-07-04;717;1791;265339;202516;55.4;42.3
66;2021-07-05;1293;3007;266632;205523;55.7;42.9
66;2021-07-06;1452;3786;268084;209309;56.0;43.7
66;2021-07-07;1430;3247;269514;212556;56.3;44.4
66;2021-07-08;1375;3385;270889;215941;56.6;45.1
66;2021-07-09;1423;3463;272312;219404;56.9;45.8
66;2021-07-10;1004;2402;273316;221806;57.1;46.3
66;2021-07-11;540;1540;273856;223346;57.2;46.6
66;2021-07-12;1030;3640;274886;226986;57.4;47.4
66;2021-07-13;2227;4271;277113;231257;57.9;48.3
66;2021-07-14;1950;1236;279063;232493;58.3;48.5
66;2021-07-15;2781;3115;281844;235608;58.8;49.2
66;2021-07-16;3338;3208;285182;238816;59.5;49.9
66;2021-07-17;2122;2037;287304;240853;60.0;50.3
66;2021-07-18;1198;1062;288502;241915;60.2;50.5
66;2021-07-19;2793;3087;291295;245002;60.8;51.1
66;2021-07-20;3656;2884;294951;247886;61.6;51.8
66;2021-07-21;3963;2949;298914;250835;62.4;52.4
66;2021-07-22;3911;2818;302825;253653;63.2;53.0
66;2021-07-23;3894;3032;306719;256685;64.0;53.6
66;2021-07-24;2584;1922;309303;258607;64.6;54.0
66;2021-07-25;2022;1239;311325;259846;65.0;54.2
66;2021-07-26;2866;2626;314191;262472;65.6;54.8
66;2021-07-27;3231;2886;317422;265358;66.3;55.4
66;2021-07-28;3353;2573;320775;267931;67.0;55.9
66;2021-07-29;3856;2539;324631;270470;67.8;56.5
66;2021-07-30;4230;2467;328861;272937;68.7;57.0
66;2021-07-31;2231;1715;331092;274652;69.1;57.3
66;2021-08-01;1820;898;332912;275550;69.5;57.5
66;2021-08-02;2331;1921;335243;277471;70.0;57.9
66;2021-08-03;2615;2069;337858;279540;70.5;58.4
66;2021-08-04;2619;1998;340477;281538;71.1;58.8
66;2021-08-05;2432;2506;342909;284044;71.6;59.3
66;2021-08-06;2314;2645;345223;286689;72.1;59.9
66;2021-08-07;1502;2089;346725;288778;72.4;60.3
66;2021-08-08;613;1456;347338;290234;72.5;60.6
66;2021-08-09;1337;2801;348675;293035;72.8;61.2
66;2021-08-10;1639;3073;350314;296108;73.1;61.8
66;2021-08-11;1621;3017;351935;299125;73.5;62.4
66;2021-08-12;1653;2992;353588;302117;73.8;63.1
66;2021-08-13;1390;2974;354978;305091;74.1;63.7
66;2021-08-14;655;2508;355633;307599;74.2;64.2
66;2021-08-15;136;1629;355769;309228;74.3;64.6
66;2021-08-16;1266;2593;357035;311821;74.5;65.1
66;2021-08-17;1487;2979;358522;314800;74.8;65.7
66;2021-08-18;1332;3070;359854;317870;75.1;66.4
66;2021-08-19;1100;2919;360954;320789;75.4;67.0
66;2021-08-20;979;3317;361933;324106;75.6;67.7
66;2021-08-21;562;2011;362495;326117;75.7;68.1
66;2021-08-22;232;1352;362727;327469;75.7;68.4
66;2021-08-23;1140;2759;363867;330228;76.0;68.9
66;2021-08-24;1046;2946;364913;333174;76.2;69.6
66;2021-08-25;900;2304;365813;335478;76.4;70.0
66;2021-08-26;955;2182;366768;337660;76.6;70.5
66;2021-08-27;907;2367;367675;340027;76.8;71.0
66;2021-08-28;514;1136;368189;341163;76.9;71.2
66;2021-08-29;243;332;368432;341495;76.9;71.3
66;2021-08-30;828;2595;369260;344090;77.1;71.8
66;2021-08-31;813;2716;370073;346806;77.3;72.4
66;2021-09-01;719;2152;370792;348958;77.4;72.9
67;2020-12-27;7;0;7;0;0.0;0.0
67;2020-12-28;4;0;11;0;0.0;0.0
67;2020-12-29;2;0;13;0;0.0;0.0
67;2020-12-30;0;0;13;0;0.0;0.0
67;2020-12-31;0;0;13;0;0.0;0.0
67;2021-01-01;4;0;17;0;0.0;0.0
67;2021-01-02;1;0;18;0;0.0;0.0
67;2021-01-03;1;0;19;0;0.0;0.0
67;2021-01-04;41;0;60;0;0.0;0.0
67;2021-01-05;167;0;227;0;0.0;0.0
67;2021-01-06;121;0;348;0;0.0;0.0
67;2021-01-07;235;1;583;1;0.1;0.0
67;2021-01-08;233;1;816;2;0.1;0.0
67;2021-01-09;113;1;929;3;0.1;0.0
67;2021-01-10;67;0;996;3;0.1;0.0
67;2021-01-11;182;1;1178;4;0.1;0.0
67;2021-01-12;511;1;1689;5;0.1;0.0
67;2021-01-13;654;2;2343;7;0.2;0.0
67;2021-01-14;1081;7;3424;14;0.3;0.0
67;2021-01-15;938;7;4362;21;0.4;0.0
67;2021-01-16;196;3;4558;24;0.4;0.0
67;2021-01-17;99;0;4657;24;0.4;0.0
67;2021-01-18;899;3;5556;27;0.5;0.0
67;2021-01-19;1424;5;6980;32;0.6;0.0
67;2021-01-20;1854;12;8834;44;0.8;0.0
67;2021-01-21;2208;9;11042;53;1.0;0.0
67;2021-01-22;1987;7;13029;60;1.2;0.0
67;2021-01-23;813;5;13842;65;1.2;0.0
67;2021-01-24;380;1;14222;66;1.3;0.0
67;2021-01-25;526;30;14748;96;1.3;0.0
67;2021-01-26;159;107;14907;203;1.3;0.0
67;2021-01-27;1396;90;16303;293;1.4;0.0
67;2021-01-28;3052;223;19355;516;1.7;0.0
67;2021-01-29;2029;158;21384;674;1.9;0.1
67;2021-01-30;1094;78;22478;752;2.0;0.1
67;2021-01-31;1162;29;23640;781;2.1;0.1
67;2021-02-01;3392;250;27032;1031;2.4;0.1
67;2021-02-02;2692;422;29724;1453;2.6;0.1
67;2021-02-03;1573;397;31297;1850;2.8;0.2
67;2021-02-04;1193;746;32490;2596;2.9;0.2
67;2021-02-05;1193;632;33683;3228;3.0;0.3
67;2021-02-06;792;142;34475;3370;3.0;0.3
67;2021-02-07;291;41;34766;3411;3.1;0.3
67;2021-02-08;839;434;35605;3845;3.1;0.3
67;2021-02-09;958;717;36563;4562;3.2;0.4
67;2021-02-10;931;770;37494;5332;3.3;0.5
67;2021-02-11;1151;1114;38645;6446;3.4;0.6
67;2021-02-12;1245;756;39890;7202;3.5;0.6
67;2021-02-13;765;268;40655;7470;3.6;0.7
67;2021-02-14;244;92;40899;7562;3.6;0.7
67;2021-02-15;780;800;41679;8362;3.7;0.7
67;2021-02-16;929;1075;42608;9437;3.8;0.8
67;2021-02-17;783;1131;43391;10568;3.8;0.9
67;2021-02-18;1400;2520;44791;13088;4.0;1.2
67;2021-02-19;1374;2047;46165;15135;4.1;1.3
67;2021-02-20;632;857;46797;15992;4.1;1.4
67;2021-02-21;209;1176;47006;17168;4.2;1.5
67;2021-02-22;1404;2154;48410;19322;4.3;1.7
67;2021-02-23;1462;1534;49872;20856;4.4;1.8
67;2021-02-24;1435;1020;51307;21876;4.5;1.9
67;2021-02-25;1615;1421;52922;23297;4.7;2.1
67;2021-02-26;2226;1377;55148;24674;4.9;2.2
67;2021-02-27;1257;748;56405;25422;5.0;2.2
67;2021-02-28;147;341;56552;25763;5.0;2.3
67;2021-03-01;640;979;57192;26742;5.0;2.4
67;2021-03-02;893;1184;58085;27926;5.1;2.5
67;2021-03-03;1410;1268;59495;29194;5.3;2.6
67;2021-03-04;1961;1048;61456;30242;5.4;2.7
67;2021-03-05;3256;1102;64712;31344;5.7;2.8
67;2021-03-06;2335;766;67047;32110;5.9;2.8
67;2021-03-07;466;282;67513;32392;6.0;2.9
67;2021-03-08;1187;788;68700;33180;6.1;2.9
67;2021-03-09;2223;896;70923;34076;6.3;3.0
67;2021-03-10;2448;1185;73371;35261;6.5;3.1
67;2021-03-11;3207;1355;76578;36616;6.8;3.2
67;2021-03-12;5257;1370;81835;37986;7.2;3.4
67;2021-03-13;3997;883;85832;38869;7.6;3.4
67;2021-03-14;483;388;86315;39257;7.6;3.5
67;2021-03-15;2188;1156;88503;40413;7.8;3.6
67;2021-03-16;1551;1231;90054;41644;8.0;3.7
67;2021-03-17;2069;917;92123;42561;8.1;3.8
67;2021-03-18;2386;732;94509;43293;8.3;3.8
67;2021-03-19;3671;747;98180;44040;8.7;3.9
67;2021-03-20;3062;510;101242;44550;8.9;3.9
67;2021-03-21;335;17;101577;44567;9.0;3.9
67;2021-03-22;2331;776;103908;45343;9.2;4.0
67;2021-03-23;3400;776;107308;46119;9.5;4.1
67;2021-03-24;3909;810;111217;46929;9.8;4.1
67;2021-03-25;5313;538;116530;47467;10.3;4.2
67;2021-03-26;6867;477;123397;47944;10.9;4.2
67;2021-03-27;3925;343;127322;48287;11.2;4.3
67;2021-03-28;580;100;127902;48387;11.3;4.3
67;2021-03-29;3819;426;131721;48813;11.6;4.3
67;2021-03-30;4845;666;136566;49479;12.1;4.4
67;2021-03-31;4845;693;141411;50172;12.5;4.4
67;2021-04-01;5147;930;146558;51102;12.9;4.5
67;2021-04-02;1007;174;147565;51276;13.0;4.5
67;2021-04-03;1689;286;149254;51562;13.2;4.6
67;2021-04-04;327;5;149581;51567;13.2;4.6
67;2021-04-05;371;3;149952;51570;13.2;4.6
67;2021-04-06;3480;1180;153432;52750;13.5;4.7
67;2021-04-07;4531;1282;157963;54032;13.9;4.8
67;2021-04-08;5660;1407;163623;55439;14.4;4.9
67;2021-04-09;7109;1354;170732;56793;15.1;5.0
67;2021-04-10;4333;889;175065;57682;15.5;5.1
67;2021-04-11;855;427;175920;58109;15.5;5.1
67;2021-04-12;3886;1404;179806;59513;15.9;5.3
67;2021-04-13;4892;1579;184698;61092;16.3;5.4
67;2021-04-14;5286;1899;189984;62991;16.8;5.6
67;2021-04-15;6079;2106;196063;65097;17.3;5.7
67;2021-04-16;7837;2422;203900;67519;18.0;6.0
67;2021-04-17;4007;1578;207907;69097;18.4;6.1
67;2021-04-18;1112;646;209019;69743;18.5;6.2
67;2021-04-19;3630;2139;212649;71882;18.8;6.3
67;2021-04-20;4256;1921;216905;73803;19.2;6.5
67;2021-04-21;4068;2513;220973;76316;19.5;6.7
67;2021-04-22;4478;2915;225451;79231;19.9;7.0
67;2021-04-23;5244;3002;230695;82233;20.4;7.3
67;2021-04-24;3100;2024;233795;84257;20.6;7.4
67;2021-04-25;1028;451;234823;84708;20.7;7.5
67;2021-04-26;3191;2617;238014;87325;21.0;7.7
67;2021-04-27;4023;2918;242037;90243;21.4;8.0
67;2021-04-28;4253;3432;246290;93675;21.7;8.3
67;2021-04-29;5125;3508;251415;97183;22.2;8.6
67;2021-04-30;7179;2490;258594;99673;22.8;8.8
67;2021-05-01;2685;785;261279;100458;23.1;8.9
67;2021-05-02;2181;677;263460;101135;23.3;8.9
67;2021-05-03;5561;2614;269021;103749;23.8;9.2
67;2021-05-04;5854;3607;274875;107356;24.3;9.5
67;2021-05-05;5217;4200;280092;111556;24.7;9.8
67;2021-05-06;6715;4926;286807;116482;25.3;10.3
67;2021-05-07;6434;6912;293241;123394;25.9;10.9
67;2021-05-08;3575;1021;296816;124415;26.2;11.0
67;2021-05-09;3371;593;300187;125008;26.5;11.0
67;2021-05-10;4696;4531;304883;129539;26.9;11.4
67;2021-05-11;5649;4932;310532;134471;27.4;11.9
67;2021-05-12;6599;4849;317131;139320;28.0;12.3
67;2021-05-13;7314;1676;324445;140996;28.6;12.4
67;2021-05-14;8880;5361;333325;146357;29.4;12.9
67;2021-05-15;8195;3660;341520;150017;30.2;13.2
67;2021-05-16;6178;969;347698;150986;30.7;13.3
67;2021-05-17;5695;3888;353393;154874;31.2;13.7
67;2021-05-18;6900;3984;360293;158858;31.8;14.0
67;2021-05-19;7377;4174;367670;163032;32.5;14.4
67;2021-05-20;8693;4236;376363;167268;33.2;14.8
67;2021-05-21;8165;5864;384528;173132;34.0;15.3
67;2021-05-22;5937;3423;390465;176555;34.5;15.6
67;2021-05-23;2659;593;393124;177148;34.7;15.6
67;2021-05-24;4417;865;397541;178013;35.1;15.7
67;2021-05-25;5415;4773;402956;182786;35.6;16.1
67;2021-05-26;6061;4883;409017;187669;36.1;16.6
67;2021-05-27;7314;4905;416331;192574;36.8;17.0
67;2021-05-28;7968;6505;424299;199079;37.5;17.6
67;2021-05-29;6651;3876;430950;202955;38.0;17.9
67;2021-05-30;1147;809;432097;203764;38.2;18.0
67;2021-05-31;6408;4059;438505;207823;38.7;18.3
67;2021-06-01;7329;4406;445834;212229;39.4;18.7
67;2021-06-02;8066;4180;453900;216409;40.1;19.1
67;2021-06-03;8842;4867;462742;221276;40.9;19.5
67;2021-06-04;8595;6138;471337;227414;41.6;20.1
67;2021-06-05;6554;3983;477891;231397;42.2;20.4
67;2021-06-06;3478;874;481369;232271;42.5;20.5
67;2021-06-07;7415;4258;488784;236529;43.2;20.9
67;2021-06-08;8630;4927;497414;241456;43.9;21.3
67;2021-06-09;9262;4801;506676;246257;44.7;21.7
67;2021-06-10;9774;5013;516450;251270;45.6;22.2
67;2021-06-11;8072;8329;524522;259599;46.3;22.9
67;2021-06-12;6791;5205;531313;264804;46.9;23.4
67;2021-06-13;3108;1044;534421;265848;47.2;23.5
67;2021-06-14;5511;6459;539932;272307;47.7;24.0
67;2021-06-15;6687;6753;546619;279060;48.3;24.6
67;2021-06-16;6952;6706;553571;285766;48.9;25.2
67;2021-06-17;7274;9057;560845;294823;49.5;26.0
67;2021-06-18;7604;8510;568449;303333;50.2;26.8
67;2021-06-19;6385;5962;574834;309295;50.8;27.3
67;2021-06-20;1450;1412;576284;310707;50.9;27.4
67;2021-06-21;4267;6774;580551;317481;51.3;28.0
67;2021-06-22;4243;9098;584794;326579;51.6;28.8
67;2021-06-23;5291;8189;590085;334768;52.1;29.6
67;2021-06-24;4519;9099;594604;343867;52.5;30.4
67;2021-06-25;5341;9955;599945;353822;53.0;31.2
67;2021-06-26;3467;9108;603412;362930;53.3;32.0
67;2021-06-27;1023;3523;604435;366453;53.4;32.4
67;2021-06-28;2847;8732;607282;375185;53.6;33.1
67;2021-06-29;2898;8613;610180;383798;53.9;33.9
67;2021-06-30;3382;8746;613562;392544;54.2;34.7
67;2021-07-01;3609;8432;617171;400976;54.5;35.4
67;2021-07-02;3737;10938;620908;411914;54.8;36.4
67;2021-07-03;2977;7747;623885;419661;55.1;37.1
67;2021-07-04;763;1870;624648;421531;55.2;37.2
67;2021-07-05;2623;8254;627271;429785;55.4;37.9
67;2021-07-06;3102;8443;630373;438228;55.7;38.7
67;2021-07-07;3923;8738;634296;446966;56.0;39.5
67;2021-07-08;4194;7787;638490;454753;56.4;40.2
67;2021-07-09;3767;11374;642257;466127;56.7;41.2
67;2021-07-10;2859;8210;645116;474337;57.0;41.9
67;2021-07-11;944;1995;646060;476332;57.0;42.1
67;2021-07-12;2477;9724;648537;486056;57.3;42.9
67;2021-07-13;4106;9889;652643;495945;57.6;43.8
67;2021-07-14;3489;4407;656132;500352;57.9;44.2
67;2021-07-15;5139;12230;661271;512582;58.4;45.3
67;2021-07-16;4866;12293;666137;524875;58.8;46.3
67;2021-07-17;3734;8828;669871;533703;59.1;47.1
67;2021-07-18;1464;2550;671335;536253;59.3;47.3
67;2021-07-19;4645;9745;675980;545998;59.7;48.2
67;2021-07-20;5773;9822;681753;555820;60.2;49.1
67;2021-07-21;5868;10652;687621;566472;60.7;50.0
67;2021-07-22;6439;10229;694060;576701;61.3;50.9
67;2021-07-23;7400;11193;701460;587894;61.9;51.9
67;2021-07-24;5424;7578;706884;595472;62.4;52.6
67;2021-07-25;2317;1969;709201;597441;62.6;52.7
67;2021-07-26;5004;7247;714205;604688;63.1;53.4
67;2021-07-27;6626;7322;720831;612010;63.6;54.0
67;2021-07-28;7542;7210;728373;619220;64.3;54.7
67;2021-07-29;8391;6434;736764;625654;65.1;55.2
67;2021-07-30;8657;7306;745421;632960;65.8;55.9
67;2021-07-31;5107;4875;750528;637835;66.3;56.3
67;2021-08-01;2477;1430;753005;639265;66.5;56.4
67;2021-08-02;6330;5092;759335;644357;67.0;56.9
67;2021-08-03;7295;4714;766630;649071;67.7;57.3
67;2021-08-04;6881;4600;773511;653671;68.3;57.7
67;2021-08-05;5737;4224;779248;657895;68.8;58.1
67;2021-08-06;6318;5427;785566;663322;69.4;58.6
67;2021-08-07;4662;4275;790228;667597;69.8;58.9
67;2021-08-08;1305;1435;791533;669032;69.9;59.1
67;2021-08-09;3120;4481;794653;673513;70.2;59.5
67;2021-08-10;3205;4788;797858;678301;70.4;59.9
67;2021-08-11;3411;4678;801269;682979;70.7;60.3
67;2021-08-12;3109;4888;804378;687867;71.0;60.7
67;2021-08-13;3145;5390;807523;693257;71.3;61.2
67;2021-08-14;2187;5079;809710;698336;71.5;61.7
67;2021-08-15;706;1601;810416;699937;71.6;61.8
67;2021-08-16;2063;5230;812479;705167;71.7;62.3
67;2021-08-17;2071;5270;814550;710437;71.9;62.7
67;2021-08-18;2347;6341;816897;716778;72.1;63.3
67;2021-08-19;1876;6149;818773;722927;72.3;63.8
67;2021-08-20;2299;7448;821072;730375;72.5;64.5
67;2021-08-21;1516;5565;822588;735940;72.6;65.0
67;2021-08-22;377;2049;822965;737989;72.7;65.2
67;2021-08-23;1902;6840;824867;744829;72.8;65.8
67;2021-08-24;1978;6612;826845;751441;73.0;66.3
67;2021-08-25;2086;7209;828931;758650;73.2;67.0
67;2021-08-26;1831;5542;830762;764192;73.3;67.5
67;2021-08-27;2182;7030;832944;771222;73.5;68.1
67;2021-08-28;1695;6089;834639;777311;73.7;68.6
67;2021-08-29;439;1598;835078;778909;73.7;68.8
67;2021-08-30;1391;4418;836469;783327;73.9;69.2
67;2021-08-31;1410;4192;837879;787519;74.0;69.5
67;2021-09-01;1763;4529;839642;792048;74.1;69.9
68;2020-12-27;0;0;0;0;0.0;0.0
68;2020-12-28;0;0;0;0;0.0;0.0
68;2020-12-29;0;0;0;0;0.0;0.0
68;2020-12-30;2;0;2;0;0.0;0.0
68;2020-12-31;0;0;2;0;0.0;0.0
68;2021-01-01;0;0;2;0;0.0;0.0
68;2021-01-02;0;0;2;0;0.0;0.0
68;2021-01-03;1;0;3;0;0.0;0.0
68;2021-01-04;1;0;4;0;0.0;0.0
68;2021-01-05;11;0;15;0;0.0;0.0
68;2021-01-06;245;1;260;1;0.0;0.0
68;2021-01-07;75;0;335;1;0.0;0.0
68;2021-01-08;118;1;453;2;0.1;0.0
68;2021-01-09;20;0;473;2;0.1;0.0
68;2021-01-10;1;0;474;2;0.1;0.0
68;2021-01-11;82;0;556;2;0.1;0.0
68;2021-01-12;386;1;942;3;0.1;0.0
68;2021-01-13;703;2;1645;5;0.2;0.0
68;2021-01-14;372;2;2017;7;0.3;0.0
68;2021-01-15;204;1;2221;8;0.3;0.0
68;2021-01-16;1;0;2222;8;0.3;0.0
68;2021-01-17;0;0;2222;8;0.3;0.0
68;2021-01-18;379;5;2601;13;0.3;0.0
68;2021-01-19;559;5;3160;18;0.4;0.0
68;2021-01-20;707;10;3867;28;0.5;0.0
68;2021-01-21;1394;12;5261;40;0.7;0.0
68;2021-01-22;1499;12;6760;52;0.9;0.0
68;2021-01-23;215;3;6975;55;0.9;0.0
68;2021-01-24;698;1;7673;56;1.0;0.0
68;2021-01-25;1390;45;9063;101;1.2;0.0
68;2021-01-26;1555;80;10618;181;1.4;0.0
68;2021-01-27;2768;151;13386;332;1.8;0.0
68;2021-01-28;2354;60;15740;392;2.1;0.1
68;2021-01-29;1509;116;17249;508;2.3;0.1
68;2021-01-30;165;3;17414;511;2.3;0.1
68;2021-01-31;0;0;17414;511;2.3;0.1
68;2021-02-01;737;116;18151;627;2.4;0.1
68;2021-02-02;869;304;19020;931;2.5;0.1
68;2021-02-03;1000;614;20020;1545;2.6;0.2
68;2021-02-04;1001;319;21021;1864;2.8;0.2
68;2021-02-05;948;233;21969;2097;2.9;0.3
68;2021-02-06;140;2;22109;2099;2.9;0.3
68;2021-02-07;1;16;22110;2115;2.9;0.3
68;2021-02-08;893;23;23003;2138;3.0;0.3
68;2021-02-09;1359;44;24362;2182;3.2;0.3
68;2021-02-10;1453;63;25815;2245;3.4;0.3
68;2021-02-11;1486;466;27301;2711;3.6;0.4
68;2021-02-12;1550;445;28851;3156;3.8;0.4
68;2021-02-13;132;1;28983;3157;3.8;0.4
68;2021-02-14;58;232;29041;3389;3.8;0.4
68;2021-02-15;663;1070;29704;4459;3.9;0.6
68;2021-02-16;863;1351;30567;5810;4.0;0.8
68;2021-02-17;1284;2115;31851;7925;4.2;1.0
68;2021-02-18;1658;2043;33509;9968;4.4;1.3
68;2021-02-19;987;1345;34496;11313;4.5;1.5
68;2021-02-20;93;125;34589;11438;4.5;1.5
68;2021-02-21;1;40;34590;11478;4.5;1.5
68;2021-02-22;446;779;35036;12257;4.6;1.6
68;2021-02-23;639;1056;35675;13313;4.7;1.7
68;2021-02-24;854;1138;36529;14451;4.8;1.9
68;2021-02-25;1209;1246;37738;15697;4.9;2.1
68;2021-02-26;1200;975;38938;16672;5.1;2.2
68;2021-02-27;549;175;39487;16847;5.2;2.2
68;2021-02-28;12;1;39499;16848;5.2;2.2
68;2021-03-01;941;763;40440;17611;5.3;2.3
68;2021-03-02;1216;917;41656;18528;5.5;2.4
68;2021-03-03;1592;964;43248;19492;5.7;2.6
68;2021-03-04;1992;1044;45240;20536;5.9;2.7
68;2021-03-05;2356;1041;47596;21577;6.2;2.8
68;2021-03-06;2286;245;49882;21822;6.5;2.9
68;2021-03-07;839;108;50721;21930;6.6;2.9
68;2021-03-08;1474;973;52195;22903;6.8;3.0
68;2021-03-09;1698;1326;53893;24229;7.1;3.2
68;2021-03-10;1964;1797;55857;26026;7.3;3.4
68;2021-03-11;2639;1907;58496;27933;7.7;3.7
68;2021-03-12;2629;1417;61125;29350;8.0;3.8
68;2021-03-13;3342;258;64467;29608;8.4;3.9
68;2021-03-14;1543;67;66010;29675;8.6;3.9
68;2021-03-15;1794;621;67804;30296;8.9;4.0
68;2021-03-16;2001;604;69805;30900;9.1;4.0
68;2021-03-17;1957;731;71762;31631;9.4;4.1
68;2021-03-18;2220;948;73982;32579;9.7;4.3
68;2021-03-19;3085;737;77067;33316;10.1;4.4
68;2021-03-20;973;123;78040;33439;10.2;4.4
68;2021-03-21;68;2;78108;33441;10.2;4.4
68;2021-03-22;1965;595;80073;34036;10.5;4.5
68;2021-03-23;2860;620;82933;34656;10.9;4.5
68;2021-03-24;3178;813;86111;35469;11.3;4.6
68;2021-03-25;3502;788;89613;36257;11.7;4.8
68;2021-03-26;3893;728;93506;36985;12.3;4.8
68;2021-03-27;1102;167;94608;37152;12.4;4.9
68;2021-03-28;56;3;94664;37155;12.4;4.9
68;2021-03-29;2263;1368;96927;38523;12.7;5.0
68;2021-03-30;2934;1303;99861;39826;13.1;5.2
68;2021-03-31;2642;1363;102503;41189;13.4;5.4
68;2021-04-01;2748;1550;105251;42739;13.8;5.6
68;2021-04-02;244;88;105495;42827;13.8;5.6
68;2021-04-03;240;124;105735;42951;13.9;5.6
68;2021-04-04;5;0;105740;42951;13.9;5.6
68;2021-04-05;49;3;105789;42954;13.9;5.6
68;2021-04-06;1792;1326;107581;44280;14.1;5.8
68;2021-04-07;2585;1537;110166;45817;14.4;6.0
68;2021-04-08;3234;1501;113400;47318;14.9;6.2
68;2021-04-09;4201;1526;117601;48844;15.4;6.4
68;2021-04-10;1205;1974;118806;50818;15.6;6.7
68;2021-04-11;126;1318;118932;52136;15.6;6.8
68;2021-04-12;2667;1636;121599;53772;15.9;7.0
68;2021-04-13;2760;2110;124359;55882;16.3;7.3
68;2021-04-14;3607;2265;127966;58147;16.8;7.6
68;2021-04-15;4051;2160;132017;60307;17.3;7.9
68;2021-04-16;3943;2082;135960;62389;17.8;8.2
68;2021-04-17;1075;442;137035;62831;18.0;8.2
68;2021-04-18;85;9;137120;62840;18.0;8.2
68;2021-04-19;2358;1834;139478;64674;18.3;8.5
68;2021-04-20;2442;2327;141920;67001;18.6;8.8
68;2021-04-21;2831;2477;144751;69478;19.0;9.1
68;2021-04-22;3287;1976;148038;71454;19.4;9.4
68;2021-04-23;3413;2074;151451;73528;19.8;9.6
68;2021-04-24;842;488;152293;74016;20.0;9.7
68;2021-04-25;214;20;152507;74036;20.0;9.7
68;2021-04-26;2329;2105;154836;76141;20.3;10.0
68;2021-04-27;2600;2216;157436;78357;20.6;10.3
68;2021-04-28;3573;1763;161009;80120;21.1;10.5
68;2021-04-29;4167;1749;165176;81869;21.6;10.7
68;2021-04-30;4833;1369;170009;83238;22.3;10.9
68;2021-05-01;947;121;170956;83359;22.4;10.9
68;2021-05-02;732;70;171688;83429;22.5;10.9
68;2021-05-03;3623;1818;175311;85247;23.0;11.2
68;2021-05-04;3936;2363;179247;87610;23.5;11.5
68;2021-05-05;3632;3246;182879;90856;24.0;11.9
68;2021-05-06;4809;2865;187688;93721;24.6;12.3
68;2021-05-07;4522;2910;192210;96631;25.2;12.7
68;2021-05-08;1671;211;193881;96842;25.4;12.7
68;2021-05-09;1077;107;194958;96949;25.5;12.7
68;2021-05-10;3159;3720;198117;100669;26.0;13.2
68;2021-05-11;4718;3619;202835;104288;26.6;13.7
68;2021-05-12;5789;3295;208624;107583;27.3;14.1
68;2021-05-13;4763;840;213387;108423;28.0;14.2
68;2021-05-14;5962;2136;219349;110559;28.7;14.5
68;2021-05-15;3560;910;222909;111469;29.2;14.6
68;2021-05-16;669;120;223578;111589;29.3;14.6
68;2021-05-17;4449;2501;228027;114090;29.9;14.9
68;2021-05-18;6140;2307;234167;116397;30.7;15.3
68;2021-05-19;5871;2887;240038;119284;31.5;15.6
68;2021-05-20;5930;2416;245968;121700;32.2;15.9
68;2021-05-21;5778;2868;251746;124568;33.0;16.3
68;2021-05-22;2578;927;254324;125495;33.3;16.4
68;2021-05-23;15;17;254339;125512;33.3;16.4
68;2021-05-24;2307;970;256646;126482;33.6;16.6
68;2021-05-25;4347;3438;260993;129920;34.2;17.0
68;2021-05-26;4882;3382;265875;133302;34.8;17.5
68;2021-05-27;5408;3406;271283;136708;35.5;17.9
68;2021-05-28;5621;3730;276904;140438;36.3;18.4
68;2021-05-29;1540;1187;278444;141625;36.5;18.6
68;2021-05-30;41;46;278485;141671;36.5;18.6
68;2021-05-31;5160;2364;283645;144035;37.2;18.9
68;2021-06-01;5989;2800;289634;146835;37.9;19.2
68;2021-06-02;4887;3011;294521;149846;38.6;19.6
68;2021-06-03;5942;3100;300463;152946;39.4;20.0
68;2021-06-04;4897;3304;305360;156250;40.0;20.5
68;2021-06-05;780;1169;306140;157419;40.1;20.6
68;2021-06-06;69;115;306209;157534;40.1;20.6
68;2021-06-07;4758;3035;310967;160569;40.7;21.0
68;2021-06-08;4941;3557;315908;164126;41.4;21.5
68;2021-06-09;4995;3447;320903;167573;42.0;22.0
68;2021-06-10;5202;3150;326105;170723;42.7;22.4
68;2021-06-11;5059;4153;331164;174876;43.4;22.9
68;2021-06-12;3035;1769;334199;176645;43.8;23.1
68;2021-06-13;515;682;334714;177327;43.9;23.2
68;2021-06-14;2517;4391;337231;181718;44.2;23.8
68;2021-06-15;3112;4723;340343;186441;44.6;24.4
68;2021-06-16;3389;4442;343732;190883;45.0;25.0
68;2021-06-17;2361;4457;346093;195340;45.3;25.6
68;2021-06-18;3356;5178;349449;200518;45.8;26.3
68;2021-06-19;2256;2170;351705;202688;46.1;26.6
68;2021-06-20;258;893;351963;203581;46.1;26.7
68;2021-06-21;2062;5154;354025;208735;46.4;27.3
68;2021-06-22;1901;5176;355926;213911;46.6;28.0
68;2021-06-23;2317;5743;358243;219654;46.9;28.8
68;2021-06-24;2155;4899;360398;224553;47.2;29.4
68;2021-06-25;2287;6660;362685;231213;47.5;30.3
68;2021-06-26;1304;2610;363989;233823;47.7;30.6
68;2021-06-27;151;880;364140;234703;47.7;30.8
68;2021-06-28;1601;6444;365741;241147;47.9;31.6
68;2021-06-29;1539;6634;367280;247781;48.1;32.5
68;2021-06-30;1799;6555;369079;254336;48.4;33.3
68;2021-07-01;2110;5353;371189;259689;48.6;34.0
68;2021-07-02;2101;6484;373290;266173;48.9;34.9
68;2021-07-03;988;1935;374278;268108;49.0;35.1
68;2021-07-04;242;200;374520;268308;49.1;35.2
68;2021-07-05;1458;5517;375978;273825;49.3;35.9
68;2021-07-06;2002;5886;377980;279711;49.5;36.6
68;2021-07-07;2457;4974;380437;284685;49.8;37.3
68;2021-07-08;2436;4752;382873;289437;50.2;37.9
68;2021-07-09;2091;7368;384964;296805;50.4;38.9
68;2021-07-10;1026;2004;385990;298809;50.6;39.2
68;2021-07-11;147;156;386137;298965;50.6;39.2
68;2021-07-12;1646;6773;387783;305738;50.8;40.1
68;2021-07-13;2909;6550;390692;312288;51.2;40.9
68;2021-07-14;1841;983;392533;313271;51.4;41.0
68;2021-07-15;3188;6656;395721;319927;51.8;41.9
68;2021-07-16;3818;6762;399539;326689;52.4;42.8
68;2021-07-17;3364;2299;402903;328988;52.8;43.1
68;2021-07-18;1054;230;403957;329218;52.9;43.1
68;2021-07-19;3049;6086;407006;335304;53.3;43.9
68;2021-07-20;4003;5675;411009;340979;53.9;44.7
68;2021-07-21;4338;5823;415347;346802;54.4;45.4
68;2021-07-22;4191;4843;419538;351645;55.0;46.1
68;2021-07-23;5041;5759;424579;357404;55.6;46.8
68;2021-07-24;3349;2128;427928;359532;56.1;47.1
68;2021-07-25;826;537;428754;360069;56.2;47.2
68;2021-07-26;4837;4445;433591;364514;56.8;47.8
68;2021-07-27;6373;3753;439964;368267;57.6;48.3
68;2021-07-28;6850;3878;446814;372145;58.5;48.8
68;2021-07-29;6397;3421;453211;375566;59.4;49.2
68;2021-07-30;6338;4376;459549;379942;60.2;49.8
68;2021-07-31;3915;1424;463464;381366;60.7;50.0
68;2021-08-01;1652;492;465116;381858;60.9;50.0
68;2021-08-02;4600;3147;469716;385005;61.5;50.4
68;2021-08-03;3535;2441;473251;387446;62.0;50.8
68;2021-08-04;3139;2686;476390;390132;62.4;51.1
68;2021-08-05;2740;2639;479130;392771;62.8;51.5
68;2021-08-06;3990;4322;483120;397093;63.3;52.0
68;2021-08-07;1224;1305;484344;398398;63.5;52.2
68;2021-08-08;362;813;484706;399211;63.5;52.3
68;2021-08-09;2569;3686;487275;402897;63.8;52.8
68;2021-08-10;2213;2780;489488;405677;64.1;53.2
68;2021-08-11;1898;2730;491386;408407;64.4;53.5
68;2021-08-12;1739;2660;493125;411067;64.6;53.9
68;2021-08-13;2696;4760;495821;415827;65.0;54.5
68;2021-08-14;707;1437;496528;417264;65.1;54.7
68;2021-08-15;45;446;496573;417710;65.1;54.7
68;2021-08-16;1991;5060;498564;422770;65.3;55.4
68;2021-08-17;1788;4844;500352;427614;65.6;56.0
68;2021-08-18;1172;3688;501524;431302;65.7;56.5
68;2021-08-19;1356;3741;502880;435043;65.9;57.0
68;2021-08-20;2218;6060;505098;441103;66.2;57.8
68;2021-08-21;491;1378;505589;442481;66.2;58.0
68;2021-08-22;112;454;505701;442935;66.3;58.0
68;2021-08-23;1186;5422;506887;448357;66.4;58.7
68;2021-08-24;1401;5943;508288;454300;66.6;59.5
68;2021-08-25;1655;3748;509943;458048;66.8;60.0
68;2021-08-26;1984;4495;511927;462543;67.1;60.6
68;2021-08-27;1836;6277;513763;468820;67.3;61.4
68;2021-08-28;419;1068;514182;469888;67.4;61.6
68;2021-08-29;36;418;514218;470306;67.4;61.6
68;2021-08-30;1342;4550;515560;474856;67.6;62.2
68;2021-08-31;1281;4230;516841;479086;67.7;62.8
68;2021-09-01;835;2264;517676;481350;67.8;63.1
69;2020-12-27;5;0;5;0;0.0;0.0
69;2020-12-28;8;0;13;0;0.0;0.0
69;2020-12-29;5;0;18;0;0.0;0.0
69;2020-12-30;6;0;24;0;0.0;0.0
69;2020-12-31;12;0;36;0;0.0;0.0
69;2021-01-01;2;0;38;0;0.0;0.0
69;2021-01-02;1;0;39;0;0.0;0.0
69;2021-01-03;1;0;40;0;0.0;0.0
69;2021-01-04;11;0;51;0;0.0;0.0
69;2021-01-05;217;0;268;0;0.0;0.0
69;2021-01-06;519;0;787;0;0.0;0.0
69;2021-01-07;812;0;1599;0;0.1;0.0
69;2021-01-08;826;0;2425;0;0.1;0.0
69;2021-01-09;39;1;2464;1;0.1;0.0
69;2021-01-10;3;1;2467;2;0.1;0.0
69;2021-01-11;1135;2;3602;4;0.2;0.0
69;2021-01-12;1396;7;4998;11;0.3;0.0
69;2021-01-13;1392;3;6390;14;0.3;0.0
69;2021-01-14;2281;20;8671;34;0.5;0.0
69;2021-01-15;1826;8;10497;42;0.6;0.0
69;2021-01-16;929;4;11426;46;0.6;0.0
69;2021-01-17;260;2;11686;48;0.6;0.0
69;2021-01-18;1694;18;13380;66;0.7;0.0
69;2021-01-19;3511;35;16891;101;0.9;0.0
69;2021-01-20;4455;30;21346;131;1.1;0.0
69;2021-01-21;4076;28;25422;159;1.4;0.0
69;2021-01-22;3169;20;28591;179;1.5;0.0
69;2021-01-23;1285;5;29876;184;1.6;0.0
69;2021-01-24;101;1;29977;185;1.6;0.0
69;2021-01-25;2240;42;32217;227;1.7;0.0
69;2021-01-26;2562;89;34779;316;1.9;0.0
69;2021-01-27;2355;176;37134;492;2.0;0.0
69;2021-01-28;2236;371;39370;863;2.1;0.0
69;2021-01-29;2113;286;41483;1149;2.2;0.1
69;2021-01-30;889;3;42372;1152;2.3;0.1
69;2021-01-31;65;0;42437;1152;2.3;0.1
69;2021-02-01;1112;399;43549;1551;2.3;0.1
69;2021-02-02;1553;412;45102;1963;2.4;0.1
69;2021-02-03;1443;534;46545;2497;2.5;0.1
69;2021-02-04;1794;948;48339;3445;2.6;0.2
69;2021-02-05;820;817;49159;4262;2.6;0.2
69;2021-02-06;369;53;49528;4315;2.6;0.2
69;2021-02-07;0;0;49528;4315;2.6;0.2
69;2021-02-08;1133;1066;50661;5381;2.7;0.3
69;2021-02-09;2048;2105;52709;7486;2.8;0.4
69;2021-02-10;1855;2639;54564;10125;2.9;0.5
69;2021-02-11;1863;3287;56427;13412;3.0;0.7
69;2021-02-12;1903;2092;58330;15504;3.1;0.8
69;2021-02-13;458;785;58788;16289;3.1;0.9
69;2021-02-14;89;39;58877;16328;3.1;0.9
69;2021-02-15;1014;1755;59891;18083;3.2;1.0
69;2021-02-16;984;2424;60875;20507;3.2;1.1
69;2021-02-17;1027;2367;61902;22874;3.3;1.2
69;2021-02-18;967;2279;62869;25153;3.4;1.3
69;2021-02-19;891;1856;63760;27009;3.4;1.4
69;2021-02-20;321;902;64081;27911;3.4;1.5
69;2021-02-21;53;68;64134;27979;3.4;1.5
69;2021-02-22;610;2082;64744;30061;3.5;1.6
69;2021-02-23;740;2201;65484;32262;3.5;1.7
69;2021-02-24;972;2229;66456;34491;3.5;1.8
69;2021-02-25;2217;2663;68673;37154;3.7;2.0
69;2021-02-26;2775;1908;71448;39062;3.8;2.1
69;2021-02-27;925;570;72373;39632;3.9;2.1
69;2021-02-28;148;101;72521;39733;3.9;2.1
69;2021-03-01;2165;912;74686;40645;4.0;2.2
69;2021-03-02;3297;1404;77983;42049;4.2;2.2
69;2021-03-03;3670;1236;81653;43285;4.4;2.3
69;2021-03-04;4885;1298;86538;44583;4.6;2.4
69;2021-03-05;5875;1266;92413;45849;4.9;2.4
69;2021-03-06;3417;426;95830;46275;5.1;2.5
69;2021-03-07;641;42;96471;46317;5.1;2.5
69;2021-03-08;2960;1118;99431;47435;5.3;2.5
69;2021-03-09;4609;1270;104040;48705;5.5;2.6
69;2021-03-10;5067;1055;109107;49760;5.8;2.7
69;2021-03-11;6601;1056;115708;50816;6.2;2.7
69;2021-03-12;8858;1219;124566;52035;6.6;2.8
69;2021-03-13;4928;248;129494;52283;6.9;2.8
69;2021-03-14;2742;154;132236;52437;7.0;2.8
69;2021-03-15;4807;716;137043;53153;7.3;2.8
69;2021-03-16;3819;663;140862;53816;7.5;2.9
69;2021-03-17;3952;895;144814;54711;7.7;2.9
69;2021-03-18;4966;1613;149780;56324;8.0;3.0
69;2021-03-19;6687;1064;156467;57388;8.3;3.1
69;2021-03-20;3593;275;160060;57663;8.5;3.1
69;2021-03-21;1977;101;162037;57764;8.6;3.1
69;2021-03-22;4549;817;166586;58581;8.9;3.1
69;2021-03-23;7365;833;173951;59414;9.3;3.2
69;2021-03-24;6456;1018;180407;60432;9.6;3.2
69;2021-03-25;8589;1124;188996;61556;10.1;3.3
69;2021-03-26;8814;1256;197810;62812;10.5;3.3
69;2021-03-27;3157;800;200967;63612;10.7;3.4
69;2021-03-28;2219;192;203186;63804;10.8;3.4
69;2021-03-29;4098;2192;207284;65996;11.0;3.5
69;2021-03-30;7642;2557;214926;68553;11.5;3.7
69;2021-03-31;6356;3174;221282;71727;11.8;3.8
69;2021-04-01;8459;2746;229741;74473;12.2;4.0
69;2021-04-02;8311;3137;238052;77610;12.7;4.1
69;2021-04-03;5425;2167;243477;79777;13.0;4.3
69;2021-04-04;6611;549;250088;80326;13.3;4.3
69;2021-04-05;6193;818;256281;81144;13.7;4.3
69;2021-04-06;5116;3485;261397;84629;13.9;4.5
69;2021-04-07;5169;3898;266566;88527;14.2;4.7
69;2021-04-08;6427;4046;272993;92573;14.6;4.9
69;2021-04-09;9166;3784;282159;96357;15.0;5.1
69;2021-04-10;3053;2503;285212;98860;15.2;5.3
69;2021-04-11;2039;1903;287251;100763;15.3;5.4
69;2021-04-12;5471;3583;292722;104346;15.6;5.6
69;2021-04-13;7069;4127;299791;108473;16.0;5.8
69;2021-04-14;6718;4158;306509;112631;16.3;6.0
69;2021-04-15;7943;4604;314452;117235;16.8;6.2
69;2021-04-16;7864;4507;322316;121742;17.2;6.5
69;2021-04-17;5038;2319;327354;124061;17.4;6.6
69;2021-04-18;1716;1794;329070;125855;17.5;6.7
69;2021-04-19;7019;3777;336089;129632;17.9;6.9
69;2021-04-20;6487;4766;342576;134398;18.3;7.2
69;2021-04-21;5688;4417;348264;138815;18.6;7.4
69;2021-04-22;6428;5443;354692;144258;18.9;7.7
69;2021-04-23;6737;4903;361429;149161;19.3;8.0
69;2021-04-24;3157;2031;364586;151192;19.4;8.1
69;2021-04-25;2119;1545;366705;152737;19.5;8.1
69;2021-04-26;4498;3881;371203;156618;19.8;8.3
69;2021-04-27;6517;5330;377720;161948;20.1;8.6
69;2021-04-28;6274;4868;383994;166816;20.5;8.9
69;2021-04-29;6701;5393;390695;172209;20.8;9.2
69;2021-04-30;6933;6181;397628;178390;21.2;9.5
69;2021-05-01;3302;642;400930;179032;21.4;9.5
69;2021-05-02;1627;5885;402557;184917;21.5;9.9
69;2021-05-03;5858;8250;408415;193167;21.8;10.3
69;2021-05-04;7608;8169;416023;201336;22.2;10.7
69;2021-05-05;11213;5658;427236;206994;22.8;11.0
69;2021-05-06;12475;6302;439711;213296;23.4;11.4
69;2021-05-07;11689;7159;451400;220455;24.1;11.8
69;2021-05-08;4305;1656;455705;222111;24.3;11.8
69;2021-05-09;6635;2683;462340;224794;24.6;12.0
69;2021-05-10;6939;6072;469279;230866;25.0;12.3
69;2021-05-11;9831;7043;479110;237909;25.5;12.7
69;2021-05-12;12462;6815;491572;244724;26.2;13.0
69;2021-05-13;10843;2562;502415;247286;26.8;13.2
69;2021-05-14;12595;5224;515010;252510;27.5;13.5
69;2021-05-15;9141;2595;524151;255105;27.9;13.6
69;2021-05-16;8408;1878;532559;256983;28.4;13.7
69;2021-05-17;11307;5656;543866;262639;29.0;14.0
69;2021-05-18;13228;6409;557094;269048;29.7;14.3
69;2021-05-19;13702;5897;570796;274945;30.4;14.7
69;2021-05-20;11389;6087;582185;281032;31.0;15.0
69;2021-05-21;11043;6570;593228;287602;31.6;15.3
69;2021-05-22;5580;2576;598808;290178;31.9;15.5
69;2021-05-23;4570;1547;603378;291725;32.2;15.5
69;2021-05-24;8431;1863;611809;293588;32.6;15.6
69;2021-05-25;9747;6179;621556;299767;33.1;16.0
69;2021-05-26;10287;6116;631843;305883;33.7;16.3
69;2021-05-27;10439;6793;642282;312676;34.2;16.7
69;2021-05-28;11622;8753;653904;321429;34.9;17.1
69;2021-05-29;7394;6045;661298;327474;35.2;17.5
69;2021-05-30;7385;3170;668683;330644;35.6;17.6
69;2021-05-31;10966;6381;679649;337025;36.2;18.0
69;2021-06-01;12850;7521;692499;344546;36.9;18.4
69;2021-06-02;14899;6723;707398;351269;37.7;18.7
69;2021-06-03;16647;7431;724045;358700;38.6;19.1
69;2021-06-04;16209;8563;740254;367263;39.5;19.6
69;2021-06-05;10109;3416;750363;370679;40.0;19.8
69;2021-06-06;7490;1719;757853;372398;40.4;19.9
69;2021-06-07;12825;7038;770678;379436;41.1;20.2
69;2021-06-08;16379;8285;787057;387721;42.0;20.7
69;2021-06-09;15222;7365;802279;395086;42.8;21.1
69;2021-06-10;16287;7339;818566;402425;43.6;21.5
69;2021-06-11;16653;9695;835219;412120;44.5;22.0
69;2021-06-12;8540;4191;843759;416311;45.0;22.2
69;2021-06-13;5624;2147;849383;418458;45.3;22.3
69;2021-06-14;8585;9089;857968;427547;45.7;22.8
69;2021-06-15;10946;11026;868914;438573;46.3;23.4
69;2021-06-16;11354;12329;880268;450902;46.9;24.0
69;2021-06-17;11478;13259;891746;464161;47.5;24.7
69;2021-06-18;12078;14782;903824;478943;48.2;25.5
69;2021-06-19;6835;8359;910659;487302;48.5;26.0
69;2021-06-20;5276;4768;915935;492070;48.8;26.2
69;2021-06-21;6556;12126;922491;504196;49.2;26.9
69;2021-06-22;7220;13843;929711;518039;49.6;27.6
69;2021-06-23;8361;13037;938072;531076;50.0;28.3
69;2021-06-24;9306;13744;947378;544820;50.5;29.0
69;2021-06-25;7077;16317;954455;561137;50.9;29.9
69;2021-06-26;3953;9078;958408;570215;51.1;30.4
69;2021-06-27;3293;7422;961701;577637;51.3;30.8
69;2021-06-28;4550;14890;966251;592527;51.5;31.6
69;2021-06-29;5372;15667;971623;608194;51.8;32.4
69;2021-06-30;6392;14454;978015;622648;52.1;33.2
69;2021-07-01;8666;11977;986681;634625;52.6;33.8
69;2021-07-02;10651;14133;997332;648758;53.2;34.6
69;2021-07-03;6000;7773;1003332;656531;53.5;35.0
69;2021-07-04;4150;5552;1007482;662083;53.7;35.3
69;2021-07-05;6229;13025;1013711;675108;54.0;36.0
69;2021-07-06;5563;14288;1019274;689396;54.3;36.7
69;2021-07-07;7320;13564;1026594;702960;54.7;37.5
69;2021-07-08;7565;13417;1034159;716377;55.1;38.2
69;2021-07-09;7586;16479;1041745;732856;55.5;39.1
69;2021-07-10;3122;10318;1044867;743174;55.7;39.6
69;2021-07-11;4332;5833;1049199;749007;55.9;39.9
69;2021-07-12;4209;16974;1053408;765981;56.2;40.8
69;2021-07-13;6226;20732;1059634;786713;56.5;41.9
69;2021-07-14;5056;8493;1064690;795206;56.8;42.4
69;2021-07-15;7494;22606;1072184;817812;57.2;43.6
69;2021-07-16;9842;20143;1082026;837955;57.7;44.7
69;2021-07-17;4880;12239;1086906;850194;57.9;45.3
69;2021-07-18;3414;8904;1090320;859098;58.1;45.8
69;2021-07-19;7081;16478;1097401;875576;58.5;46.7
69;2021-07-20;9452;19315;1106853;894891;59.0;47.7
69;2021-07-21;9379;17410;1116232;912301;59.5;48.6
69;2021-07-22;11421;16462;1127653;928763;60.1;49.5
69;2021-07-23;11119;17691;1138772;946454;60.7;50.4
69;2021-07-24;5696;11058;1144468;957512;61.0;51.0
69;2021-07-25;4704;6633;1149172;964145;61.3;51.4
69;2021-07-26;8901;12962;1158073;977107;61.7;52.1
69;2021-07-27;12939;12161;1171012;989268;62.4;52.7
69;2021-07-28;12082;12159;1183094;1001427;63.1;53.4
69;2021-07-29;14728;12330;1197822;1013757;63.8;54.0
69;2021-07-30;13838;12251;1211660;1026008;64.6;54.7
69;2021-07-31;8252;7244;1219912;1033252;65.0;55.1
69;2021-08-01;5058;5870;1224970;1039122;65.3;55.4
69;2021-08-02;11078;9601;1236048;1048723;65.9;55.9
69;2021-08-03;12951;8996;1248999;1057719;66.6;56.4
69;2021-08-04;12784;8157;1261783;1065876;67.3;56.8
69;2021-08-05;11196;7523;1272979;1073399;67.9;57.2
69;2021-08-06;9793;7785;1282772;1081184;68.4;57.6
69;2021-08-07;4864;4813;1287636;1085997;68.6;57.9
69;2021-08-08;4301;3557;1291937;1089554;68.9;58.1
69;2021-08-09;7239;9218;1299176;1098772;69.3;58.6
69;2021-08-10;7822;7017;1306998;1105789;69.7;58.9
69;2021-08-11;7734;8109;1314732;1113898;70.1;59.4
69;2021-08-12;6956;7332;1321688;1121230;70.5;59.8
69;2021-08-13;6251;8350;1327939;1129580;70.8;60.2
69;2021-08-14;4159;5360;1332098;1134940;71.0;60.5
69;2021-08-15;2336;2521;1334434;1137461;71.1;60.6
69;2021-08-16;4863;8881;1339297;1146342;71.4;61.1
69;2021-08-17;6126;8275;1345423;1154617;71.7;61.5
69;2021-08-18;5982;9454;1351405;1164071;72.0;62.0
69;2021-08-19;6019;9312;1357424;1173383;72.4;62.5
69;2021-08-20;5738;8820;1363162;1182203;72.7;63.0
69;2021-08-21;2692;3952;1365854;1186155;72.8;63.2
69;2021-08-22;1850;2416;1367704;1188571;72.9;63.4
69;2021-08-23;3513;12373;1371217;1200944;73.1;64.0
69;2021-08-24;4988;13604;1376205;1214548;73.4;64.7
69;2021-08-25;4294;12875;1380499;1227423;73.6;65.4
69;2021-08-26;4407;11707;1384906;1239130;73.8;66.0
69;2021-08-27;4226;14449;1389132;1253579;74.0;66.8
69;2021-08-28;1844;8619;1390976;1262198;74.1;67.3
69;2021-08-29;1286;6516;1392262;1268714;74.2;67.6
69;2021-08-30;3124;11786;1395386;1280500;74.4;68.3
69;2021-08-31;4067;10154;1399453;1290654;74.6;68.8
69;2021-09-01;3456;9645;1402909;1300299;74.8;69.3
70;2020-12-27;0;0;0;0;0.0;0.0
70;2020-12-28;0;0;0;0;0.0;0.0
70;2020-12-29;0;0;0;0;0.0;0.0
70;2020-12-30;0;0;0;0;0.0;0.0
70;2020-12-31;0;0;0;0;0.0;0.0
70;2021-01-01;0;0;0;0;0.0;0.0
70;2021-01-02;0;0;0;0;0.0;0.0
70;2021-01-03;0;0;0;0;0.0;0.0
70;2021-01-04;0;0;0;0;0.0;0.0
70;2021-01-05;0;0;0;0;0.0;0.0
70;2021-01-06;24;0;24;0;0.0;0.0
70;2021-01-07;121;0;145;0;0.1;0.0
70;2021-01-08;22;0;167;0;0.1;0.0
70;2021-01-09;0;0;167;0;0.1;0.0
70;2021-01-10;0;0;167;0;0.1;0.0
70;2021-01-11;148;1;315;1;0.1;0.0
70;2021-01-12;201;1;516;2;0.2;0.0
70;2021-01-13;172;2;688;4;0.3;0.0
70;2021-01-14;149;6;837;10;0.4;0.0
70;2021-01-15;153;1;990;11;0.4;0.0
70;2021-01-16;65;0;1055;11;0.5;0.0
70;2021-01-17;0;0;1055;11;0.5;0.0
70;2021-01-18;394;0;1449;11;0.6;0.0
70;2021-01-19;503;2;1952;13;0.8;0.0
70;2021-01-20;494;2;2446;15;1.0;0.0
70;2021-01-21;673;2;3119;17;1.3;0.0
70;2021-01-22;458;3;3577;20;1.5;0.0
70;2021-01-23;261;2;3838;22;1.6;0.0
70;2021-01-24;4;0;3842;22;1.6;0.0
70;2021-01-25;371;1;4213;23;1.8;0.0
70;2021-01-26;335;1;4548;24;2.0;0.0
70;2021-01-27;329;10;4877;34;2.1;0.0
70;2021-01-28;365;35;5242;69;2.2;0.0
70;2021-01-29;329;52;5571;121;2.4;0.1
70;2021-01-30;228;0;5799;121;2.5;0.1
70;2021-01-31;0;0;5799;121;2.5;0.1
70;2021-02-01;260;52;6059;173;2.6;0.1
70;2021-02-02;272;97;6331;270;2.7;0.1
70;2021-02-03;251;59;6582;329;2.8;0.1
70;2021-02-04;264;123;6846;452;2.9;0.2
70;2021-02-05;254;75;7100;527;3.0;0.2
70;2021-02-06;209;38;7309;565;3.1;0.2
70;2021-02-07;0;0;7309;565;3.1;0.2
70;2021-02-08;179;215;7488;780;3.2;0.3
70;2021-02-09;205;215;7693;995;3.3;0.4
70;2021-02-10;196;286;7889;1281;3.4;0.5
70;2021-02-11;351;318;8240;1599;3.5;0.7
70;2021-02-12;239;481;8479;2080;3.6;0.9
70;2021-02-13;75;201;8554;2281;3.7;1.0
70;2021-02-14;0;29;8554;2310;3.7;1.0
70;2021-02-15;70;324;8624;2634;3.7;1.1
70;2021-02-16;113;346;8737;2980;3.7;1.3
70;2021-02-17;167;304;8904;3284;3.8;1.4
70;2021-02-18;205;250;9109;3534;3.9;1.5
70;2021-02-19;197;204;9306;3738;4.0;1.6
70;2021-02-20;192;68;9498;3806;4.1;1.6
70;2021-02-21;1;0;9499;3806;4.1;1.6
70;2021-02-22;106;228;9605;4034;4.1;1.7
70;2021-02-23;125;249;9730;4283;4.2;1.8
70;2021-02-24;131;226;9861;4509;4.2;1.9
70;2021-02-25;315;251;10176;4760;4.4;2.0
70;2021-02-26;395;147;10571;4907;4.5;2.1
70;2021-02-27;147;198;10718;5105;4.6;2.2
70;2021-02-28;0;0;10718;5105;4.6;2.2
70;2021-03-01;249;238;10967;5343;4.7;2.3
70;2021-03-02;487;271;11454;5614;4.9;2.4
70;2021-03-03;467;258;11921;5872;5.1;2.5
70;2021-03-04;693;270;12614;6142;5.4;2.6
70;2021-03-05;767;257;13381;6399;5.7;2.7
70;2021-03-06;540;115;13921;6514;6.0;2.8
70;2021-03-07;216;23;14137;6537;6.1;2.8
70;2021-03-08;554;211;14691;6748;6.3;2.9
70;2021-03-09;866;175;15557;6923;6.7;3.0
70;2021-03-10;659;178;16216;7101;7.0;3.0
70;2021-03-11;698;255;16914;7356;7.3;3.2
70;2021-03-12;985;180;17899;7536;7.7;3.2
70;2021-03-13;582;122;18481;7658;7.9;3.3
70;2021-03-14;20;1;18501;7659;7.9;3.3
70;2021-03-15;774;111;19275;7770;8.3;3.3
70;2021-03-16;655;99;19930;7869;8.5;3.4
70;2021-03-17;595;183;20525;8052;8.8;3.5
70;2021-03-18;633;141;21158;8193;9.1;3.5
70;2021-03-19;1019;143;22177;8336;9.5;3.6
70;2021-03-20;641;186;22818;8522;9.8;3.7
70;2021-03-21;9;0;22827;8522;9.8;3.7
70;2021-03-22;757;98;23584;8620;10.1;3.7
70;2021-03-23;1309;159;24893;8779;10.7;3.8
70;2021-03-24;1270;108;26163;8887;11.2;3.8
70;2021-03-25;1246;198;27409;9085;11.8;3.9
70;2021-03-26;1487;298;28896;9383;12.4;4.0
70;2021-03-27;957;129;29853;9512;12.8;4.1
70;2021-03-28;0;10;29853;9522;12.8;4.1
70;2021-03-29;720;414;30573;9936;13.1;4.3
70;2021-03-30;1093;316;31666;10252;13.6;4.4
70;2021-03-31;878;318;32544;10570;14.0;4.5
70;2021-04-01;1154;427;33698;10997;14.5;4.7
70;2021-04-02;1310;347;35008;11344;15.0;4.9
70;2021-04-03;639;321;35647;11665;15.3;5.0
70;2021-04-04;11;0;35658;11665;15.3;5.0
70;2021-04-05;4;2;35662;11667;15.3;5.0
70;2021-04-06;832;556;36494;12223;15.6;5.2
70;2021-04-07;858;589;37352;12812;16.0;5.5
70;2021-04-08;1320;564;38672;13376;16.6;5.7
70;2021-04-09;1403;536;40075;13912;17.2;6.0
70;2021-04-10;859;347;40934;14259;17.6;6.1
70;2021-04-11;23;1;40957;14260;17.6;6.1
70;2021-04-12;696;662;41653;14922;17.9;6.4
70;2021-04-13;921;770;42574;15692;18.3;6.7
70;2021-04-14;815;575;43389;16267;18.6;7.0
70;2021-04-15;1079;605;44468;16872;19.1;7.2
70;2021-04-16;1243;554;45711;17426;19.6;7.5
70;2021-04-17;689;468;46400;17894;19.9;7.7
70;2021-04-18;62;4;46462;17898;19.9;7.7
70;2021-04-19;540;807;47002;18705;20.2;8.0
70;2021-04-20;664;852;47666;19557;20.4;8.4
70;2021-04-21;483;930;48149;20487;20.6;8.8
70;2021-04-22;775;799;48924;21286;21.0;9.1
70;2021-04-23;875;743;49799;22029;21.4;9.4
70;2021-04-24;432;642;50231;22671;21.5;9.7
70;2021-04-25;11;0;50242;22671;21.5;9.7
70;2021-04-26;925;603;51167;23274;21.9;10.0
70;2021-04-27;1209;754;52376;24028;22.5;10.3
70;2021-04-28;889;811;53265;24839;22.8;10.7
70;2021-04-29;1343;930;54608;25769;23.4;11.1
70;2021-04-30;1533;875;56141;26644;24.1;11.4
70;2021-05-01;1694;120;57835;26764;24.8;11.5
70;2021-05-02;2;0;57837;26764;24.8;11.5
70;2021-05-03;1189;580;59026;27344;25.3;11.7
70;2021-05-04;1354;756;60380;28100;25.9;12.1
70;2021-05-05;1190;879;61570;28979;26.4;12.4
70;2021-05-06;1846;1269;63416;30248;27.2;13.0
70;2021-05-07;2127;1246;65543;31494;28.1;13.5
70;2021-05-08;1341;192;66884;31686;28.7;13.6
70;2021-05-09;9;58;66893;31744;28.7;13.6
70;2021-05-10;960;946;67853;32690;29.1;14.0
70;2021-05-11;1240;1076;69093;33766;29.6;14.5
70;2021-05-12;1176;867;70269;34633;30.1;14.9
70;2021-05-13;1544;148;71813;34781;30.8;14.9
70;2021-05-14;2062;758;73875;35539;31.7;15.2
70;2021-05-15;2657;532;76532;36071;32.8;15.5
70;2021-05-16;999;72;77531;36143;33.2;15.5
70;2021-05-17;1238;386;78769;36529;33.8;15.7
70;2021-05-18;1296;591;80065;37120;34.3;15.9
70;2021-05-19;1476;480;81541;37600;35.0;16.1
70;2021-05-20;1780;633;83321;38233;35.7;16.4
70;2021-05-21;1693;823;85014;39056;36.5;16.7
70;2021-05-22;1221;665;86235;39721;37.0;17.0
70;2021-05-23;8;14;86243;39735;37.0;17.0
70;2021-05-24;227;26;86470;39761;37.1;17.1
70;2021-05-25;837;926;87307;40687;37.4;17.4
70;2021-05-26;1048;947;88355;41634;37.9;17.9
70;2021-05-27;1263;997;89618;42631;38.4;18.3
70;2021-05-28;1546;1161;91164;43792;39.1;18.8
70;2021-05-29;1371;588;92535;44380;39.7;19.0
70;2021-05-30;1;8;92536;44388;39.7;19.0
70;2021-05-31;969;679;93505;45067;40.1;19.3
70;2021-06-01;1213;847;94718;45914;40.6;19.7
70;2021-06-02;1265;680;95983;46594;41.2;20.0
70;2021-06-03;1430;838;97413;47432;41.8;20.3
70;2021-06-04;1335;1111;98748;48543;42.3;20.8
70;2021-06-05;1024;664;99772;49207;42.8;21.1
70;2021-06-06;599;79;100371;49286;43.0;21.1
70;2021-06-07;941;850;101312;50136;43.4;21.5
70;2021-06-08;1216;1185;102528;51321;44.0;22.0
70;2021-06-09;1156;988;103684;52309;44.5;22.4
70;2021-06-10;1569;831;105253;53140;45.1;22.8
70;2021-06-11;1587;1956;106840;55096;45.8;23.6
70;2021-06-12;829;1972;107669;57068;46.2;24.5
70;2021-06-13;143;15;107812;57083;46.2;24.5
70;2021-06-14;558;1245;108370;58328;46.5;25.0
70;2021-06-15;451;1506;108821;59834;46.7;25.7
70;2021-06-16;800;1393;109621;61227;47.0;26.3
70;2021-06-17;1150;2097;110771;63324;47.5;27.2
70;2021-06-18;997;2255;111768;65579;47.9;28.1
70;2021-06-19;1091;1640;112859;67219;48.4;28.8
70;2021-06-20;1;3;112860;67222;48.4;28.8
70;2021-06-21;693;1453;113553;68675;48.7;29.4
70;2021-06-22;654;1511;114207;70186;49.0;30.1
70;2021-06-23;662;1570;114869;71756;49.3;30.8
70;2021-06-24;877;2050;115746;73806;49.6;31.7
70;2021-06-25;682;2646;116428;76452;49.9;32.8
70;2021-06-26;943;2136;117371;78588;50.3;33.7
70;2021-06-27;141;762;117512;79350;50.4;34.0
70;2021-06-28;336;1351;117848;80701;50.5;34.6
70;2021-06-29;411;1611;118259;82312;50.7;35.3
70;2021-06-30;391;1635;118650;83947;50.9;36.0
70;2021-07-01;640;1752;119290;85699;51.2;36.8
70;2021-07-02;815;1578;120105;87277;51.5;37.4
70;2021-07-03;841;1082;120946;88359;51.9;37.9
70;2021-07-04;29;70;120975;88429;51.9;37.9
70;2021-07-05;610;1037;121585;89466;52.1;38.4
70;2021-07-06;681;1275;122266;90741;52.4;38.9
70;2021-07-07;508;1424;122774;92165;52.6;39.5
70;2021-07-08;816;1573;123590;93738;53.0;40.2
70;2021-07-09;871;1662;124461;95400;53.4;40.9
70;2021-07-10;831;1032;125292;96432;53.7;41.4
70;2021-07-11;7;20;125299;96452;53.7;41.4
70;2021-07-12;431;1391;125730;97843;53.9;42.0
70;2021-07-13;906;1868;126636;99711;54.3;42.8
70;2021-07-14;33;6;126669;99717;54.3;42.8
70;2021-07-15;1383;1695;128052;101412;54.9;43.5
70;2021-07-16;1627;2064;129679;103476;55.6;44.4
70;2021-07-17;1501;1454;131180;104930;56.3;45.0
70;2021-07-18;1145;641;132325;105571;56.7;45.3
70;2021-07-19;883;974;133208;106545;57.1;45.7
70;2021-07-20;1350;1352;134558;107897;57.7;46.3
70;2021-07-21;1288;1404;135846;109301;58.3;46.9
70;2021-07-22;1869;1823;137715;111124;59.1;47.7
70;2021-07-23;1830;2493;139545;113617;59.8;48.7
70;2021-07-24;1364;1805;140909;115422;60.4;49.5
70;2021-07-25;27;3;140936;115425;60.4;49.5
70;2021-07-26;1055;976;141991;116401;60.9;49.9
70;2021-07-27;1404;974;143395;117375;61.5;50.3
70;2021-07-28;1404;1162;144799;118537;62.1;50.8
70;2021-07-29;1873;1389;146672;119926;62.9;51.4
70;2021-07-30;1972;1347;148644;121273;63.7;52.0
70;2021-07-31;1751;1163;150395;122436;64.5;52.5
70;2021-08-01;2;4;150397;122440;64.5;52.5
70;2021-08-02;775;738;151172;123178;64.8;52.8
70;2021-08-03;1296;1039;152468;124217;65.4;53.3
70;2021-08-04;1211;919;153679;125136;65.9;53.7
70;2021-08-05;1659;1189;155338;126325;66.6;54.2
70;2021-08-06;1795;1331;157133;127656;67.4;54.7
70;2021-08-07;1190;1030;158323;128686;67.9;55.2
70;2021-08-08;35;28;158358;128714;67.9;55.2
70;2021-08-09;530;705;158888;129419;68.1;55.5
70;2021-08-10;896;1133;159784;130552;68.5;56.0
70;2021-08-11;805;723;160589;131275;68.9;56.3
70;2021-08-12;902;1274;161491;132549;69.3;56.8
70;2021-08-13;1039;1624;162530;134173;69.7;57.5
70;2021-08-14;770;973;163300;135146;70.0;58.0
70;2021-08-15;36;28;163336;135174;70.0;58.0
70;2021-08-16;544;907;163880;136081;70.3;58.4
70;2021-08-17;675;1196;164555;137277;70.6;58.9
70;2021-08-18;536;939;165091;138216;70.8;59.3
70;2021-08-19;565;1386;165656;139602;71.0;59.9
70;2021-08-20;511;1900;166167;141502;71.3;60.7
70;2021-08-21;446;1158;166613;142660;71.4;61.2
70;2021-08-22;2;6;166615;142666;71.4;61.2
70;2021-08-23;281;879;166896;143545;71.6;61.6
70;2021-08-24;387;1374;167283;144919;71.7;62.1
70;2021-08-25;353;1342;167636;146261;71.9;62.7
70;2021-08-26;434;1560;168070;147821;72.1;63.4
70;2021-08-27;384;2126;168454;149947;72.2;64.3
70;2021-08-28;362;1704;168816;151651;72.4;65.0
70;2021-08-29;11;6;168827;151657;72.4;65.0
70;2021-08-30;297;835;169124;152492;72.5;65.4
70;2021-08-31;357;1121;169481;153613;72.7;65.9
70;2021-09-01;307;1187;169788;154800;72.8;66.4
71;2020-12-27;0;0;0;0;0.0;0.0
71;2020-12-28;0;0;0;0;0.0;0.0
71;2020-12-29;0;0;0;0;0.0;0.0
71;2020-12-30;0;0;0;0;0.0;0.0
71;2020-12-31;0;0;0;0;0.0;0.0
71;2021-01-01;1;0;1;0;0.0;0.0
71;2021-01-02;0;0;1;0;0.0;0.0
71;2021-01-03;1;0;2;0;0.0;0.0
71;2021-01-04;1;0;3;0;0.0;0.0
71;2021-01-05;12;0;15;0;0.0;0.0
71;2021-01-06;72;0;87;0;0.0;0.0
71;2021-01-07;67;0;154;0;0.0;0.0
71;2021-01-08;146;0;300;0;0.1;0.0
71;2021-01-09;117;0;417;0;0.1;0.0
71;2021-01-10;1;0;418;0;0.1;0.0
71;2021-01-11;245;1;663;1;0.1;0.0
71;2021-01-12;846;1;1509;2;0.3;0.0
71;2021-01-13;563;2;2072;4;0.4;0.0
71;2021-01-14;581;10;2653;14;0.5;0.0
71;2021-01-15;666;2;3319;16;0.6;0.0
71;2021-01-16;9;0;3328;16;0.6;0.0
71;2021-01-17;0;0;3328;16;0.6;0.0
71;2021-01-18;1094;8;4422;24;0.8;0.0
71;2021-01-19;1696;7;6118;31;1.1;0.0
71;2021-01-20;1515;6;7633;37;1.4;0.0
71;2021-01-21;2059;17;9692;54;1.8;0.0
71;2021-01-22;1413;6;11105;60;2.0;0.0
71;2021-01-23;815;6;11920;66;2.2;0.0
71;2021-01-24;0;0;11920;66;2.2;0.0
71;2021-01-25;1065;6;12985;72;2.4;0.0
71;2021-01-26;1505;25;14490;97;2.6;0.0
71;2021-01-27;1248;34;15738;131;2.9;0.0
71;2021-01-28;1082;94;16820;225;3.1;0.0
71;2021-01-29;1014;143;17834;368;3.3;0.1
71;2021-01-30;605;1;18439;369;3.4;0.1
71;2021-01-31;1;15;18440;384;3.4;0.1
71;2021-02-01;751;235;19191;619;3.5;0.1
71;2021-02-02;754;355;19945;974;3.6;0.2
71;2021-02-03;817;418;20762;1392;3.8;0.3
71;2021-02-04;780;561;21542;1953;3.9;0.4
71;2021-02-05;705;521;22247;2474;4.1;0.5
71;2021-02-06;535;9;22782;2483;4.2;0.5
71;2021-02-07;4;50;22786;2533;4.2;0.5
71;2021-02-08;603;676;23389;3209;4.3;0.6
71;2021-02-09;368;986;23757;4195;4.3;0.8
71;2021-02-10;412;953;24169;5148;4.4;0.9
71;2021-02-11;472;1147;24641;6295;4.5;1.1
71;2021-02-12;535;1023;25176;7318;4.6;1.3
71;2021-02-13;124;477;25300;7795;4.6;1.4
71;2021-02-14;2;7;25302;7802;4.6;1.4
71;2021-02-15;323;884;25625;8686;4.7;1.6
71;2021-02-16;442;1326;26067;10012;4.8;1.8
71;2021-02-17;427;1095;26494;11107;4.8;2.0
71;2021-02-18;548;916;27042;12023;4.9;2.2
71;2021-02-19;573;832;27615;12855;5.0;2.3
71;2021-02-20;224;360;27839;13215;5.1;2.4
71;2021-02-21;4;13;27843;13228;5.1;2.4
71;2021-02-22;237;854;28080;14082;5.1;2.6
71;2021-02-23;452;912;28532;14994;5.2;2.7
71;2021-02-24;445;707;28977;15701;5.3;2.9
71;2021-02-25;533;718;29510;16419;5.4;3.0
71;2021-02-26;830;531;30340;16950;5.5;3.1
71;2021-02-27;457;329;30797;17279;5.6;3.2
71;2021-02-28;54;14;30851;17293;5.6;3.2
71;2021-03-01;1187;669;32038;17962;5.8;3.3
71;2021-03-02;1574;644;33612;18606;6.1;3.4
71;2021-03-03;1820;770;35432;19376;6.5;3.5
71;2021-03-04;2003;813;37435;20189;6.8;3.7
71;2021-03-05;2289;692;39724;20881;7.3;3.8
71;2021-03-06;754;65;40478;20946;7.4;3.8
71;2021-03-07;40;21;40518;20967;7.4;3.8
71;2021-03-08;1452;783;41970;21750;7.7;4.0
71;2021-03-09;2160;534;44130;22284;8.1;4.1
71;2021-03-10;2173;472;46303;22756;8.5;4.2
71;2021-03-11;2629;666;48932;23422;8.9;4.3
71;2021-03-12;2606;628;51538;24050;9.4;4.4
71;2021-03-13;995;101;52533;24151;9.6;4.4
71;2021-03-14;36;0;52569;24151;9.6;4.4
71;2021-03-15;1798;498;54367;24649;9.9;4.5
71;2021-03-16;1821;201;56188;24850;10.3;4.5
71;2021-03-17;2134;251;58322;25101;10.6;4.6
71;2021-03-18;1953;436;60275;25537;11.0;4.7
71;2021-03-19;2370;335;62645;25872;11.4;4.7
71;2021-03-20;1084;40;63729;25912;11.6;4.7
71;2021-03-21;17;5;63746;25917;11.6;4.7
71;2021-03-22;2576;382;66322;26299;12.1;4.8
71;2021-03-23;3346;507;69668;26806;12.7;4.9
71;2021-03-24;3350;467;73018;27273;13.3;5.0
71;2021-03-25;4028;589;77046;27862;14.1;5.1
71;2021-03-26;4058;340;81104;28202;14.8;5.1
71;2021-03-27;997;106;82101;28308;15.0;5.2
71;2021-03-28;57;8;82158;28316;15.0;5.2
71;2021-03-29;2409;1171;84567;29487;15.4;5.4
71;2021-03-30;2952;1362;87519;30849;16.0;5.6
71;2021-03-31;2549;1528;90068;32377;16.4;5.9
71;2021-04-01;2717;1300;92785;33677;16.9;6.1
71;2021-04-02;2503;1420;95288;35097;17.4;6.4
71;2021-04-03;268;34;95556;35131;17.4;6.4
71;2021-04-04;6;0;95562;35131;17.4;6.4
71;2021-04-05;61;0;95623;35131;17.5;6.4
71;2021-04-06;2259;1879;97882;37010;17.9;6.8
71;2021-04-07;2390;1792;100272;38802;18.3;7.1
71;2021-04-08;3283;1805;103555;40607;18.9;7.4
71;2021-04-09;4042;1670;107597;42277;19.6;7.7
71;2021-04-10;769;47;108366;42324;19.8;7.7
71;2021-04-11;100;4;108466;42328;19.8;7.7
71;2021-04-12;2355;1701;110821;44029;20.2;8.0
71;2021-04-13;2585;1888;113406;45917;20.7;8.4
71;2021-04-14;2374;1925;115780;47842;21.1;8.7
71;2021-04-15;2779;1690;118559;49532;21.6;9.0
71;2021-04-16;2628;1648;121187;51180;22.1;9.3
71;2021-04-17;952;344;122139;51524;22.3;9.4
71;2021-04-18;106;6;122245;51530;22.3;9.4
71;2021-04-19;1759;2572;124004;54102;22.6;9.9
71;2021-04-20;2222;2600;126226;56702;23.0;10.4
71;2021-04-21;2124;2592;128350;59294;23.4;10.8
71;2021-04-22;2511;2446;130861;61740;23.9;11.3
71;2021-04-23;2923;2269;133784;64009;24.4;11.7
71;2021-04-24;517;53;134301;64062;24.5;11.7
71;2021-04-25;26;0;134327;64062;24.5;11.7
71;2021-04-26;2568;2139;136895;66201;25.0;12.1
71;2021-04-27;2990;2269;139885;68470;25.5;12.5
71;2021-04-28;3074;2130;142959;70600;26.1;12.9
71;2021-04-29;3780;2236;146739;72836;26.8;13.3
71;2021-04-30;3929;1730;150668;74566;27.5;13.6
71;2021-05-01;39;53;150707;74619;27.5;13.6
71;2021-05-02;23;18;150730;74637;27.5;13.6
71;2021-05-03;4289;1385;155019;76022;28.3;13.9
71;2021-05-04;2956;2359;157975;78381;28.8;14.3
71;2021-05-05;3427;2092;161402;80473;29.5;14.7
71;2021-05-06;3466;2371;164868;82844;30.1;15.1
71;2021-05-07;3678;2813;168546;85657;30.8;15.6
71;2021-05-08;180;183;168726;85840;30.8;15.7
71;2021-05-09;44;47;168770;85887;30.8;15.7
71;2021-05-10;3699;2288;172469;88175;31.5;16.1
71;2021-05-11;4664;2361;177133;90536;32.3;16.5
71;2021-05-12;3977;2603;181110;93139;33.1;17.0
71;2021-05-13;1576;155;182686;93294;33.3;17.0
71;2021-05-14;3765;2196;186451;95490;34.0;17.4
71;2021-05-15;242;331;186693;95821;34.1;17.5
71;2021-05-16;2;0;186695;95821;34.1;17.5
71;2021-05-17;3864;1888;190559;97709;34.8;17.8
71;2021-05-18;3496;2429;194055;100138;35.4;18.3
71;2021-05-19;3720;2281;197775;102419;36.1;18.7
71;2021-05-20;4183;2301;201958;104720;36.9;19.1
71;2021-05-21;3724;2577;205682;107297;37.5;19.6
71;2021-05-22;168;306;205850;107603;37.6;19.6
71;2021-05-23;14;55;205864;107658;37.6;19.7
71;2021-05-24;19;96;205883;107754;37.6;19.7
71;2021-05-25;2690;3007;208573;110761;38.1;20.2
71;2021-05-26;2973;2432;211546;113193;38.6;20.7
71;2021-05-27;3387;2590;214933;115783;39.2;21.1
71;2021-05-28;2920;3162;217853;118945;39.8;21.7
71;2021-05-29;482;661;218335;119606;39.9;21.8
71;2021-05-30;75;57;218410;119663;39.9;21.8
71;2021-05-31;2776;3460;221186;123123;40.4;22.5
71;2021-06-01;3674;3545;224860;126668;41.0;23.1
71;2021-06-02;3998;2635;228858;129303;41.8;23.6
71;2021-06-03;4436;2528;233294;131831;42.6;24.1
71;2021-06-04;3717;3714;237011;135545;43.3;24.7
71;2021-06-05;683;646;237694;136191;43.4;24.9
71;2021-06-06;57;91;237751;136282;43.4;24.9
71;2021-06-07;3283;4154;241034;140436;44.0;25.6
71;2021-06-08;3899;4014;244933;144450;44.7;26.4
71;2021-06-09;4694;2752;249627;147202;45.6;26.9
71;2021-06-10;5268;2747;254895;149949;46.5;27.4
71;2021-06-11;4435;3724;259330;153673;47.3;28.1
71;2021-06-12;716;596;260046;154269;47.5;28.2
71;2021-06-13;104;187;260150;154456;47.5;28.2
71;2021-06-14;3512;3786;263662;158242;48.1;28.9
71;2021-06-15;4207;3556;267869;161798;48.9;29.5
71;2021-06-16;4596;2730;272465;164528;49.7;30.0
71;2021-06-17;4269;3001;276734;167529;50.5;30.6
71;2021-06-18;4325;3772;281059;171301;51.3;31.3
71;2021-06-19;1269;655;282328;171956;51.5;31.4
71;2021-06-20;37;27;282365;171983;51.5;31.4
71;2021-06-21;2270;4283;284635;176266;52.0;32.2
71;2021-06-22;2687;4355;287322;180621;52.4;33.0
71;2021-06-23;3061;3421;290383;184042;53.0;33.6
71;2021-06-24;3328;3023;293711;187065;53.6;34.1
71;2021-06-25;2654;4472;296365;191537;54.1;35.0
71;2021-06-26;372;551;296737;192088;54.2;35.1
71;2021-06-27;29;68;296766;192156;54.2;35.1
71;2021-06-28;1535;4624;298301;196780;54.5;35.9
71;2021-06-29;1992;4824;300293;201604;54.8;36.8
71;2021-06-30;2505;3937;302798;205541;55.3;37.5
71;2021-07-01;2826;3906;305624;209447;55.8;38.2
71;2021-07-02;3031;3985;308655;213432;56.3;39.0
71;2021-07-03;318;711;308973;214143;56.4;39.1
71;2021-07-04;28;132;309001;214275;56.4;39.1
71;2021-07-05;2477;4321;311478;218596;56.9;39.9
71;2021-07-06;2462;4565;313940;223161;57.3;40.7
71;2021-07-07;2984;3724;316924;226885;57.9;41.4
71;2021-07-08;2768;4112;319692;230997;58.4;42.2
71;2021-07-09;2381;5022;322073;236019;58.8;43.1
71;2021-07-10;212;656;322285;236675;58.8;43.2
71;2021-07-11;15;65;322300;236740;58.8;43.2
71;2021-07-12;1913;5307;324213;242047;59.2;44.2
71;2021-07-13;2541;5864;326754;247911;59.6;45.3
71;2021-07-14;950;400;327704;248311;59.8;45.3
71;2021-07-15;3022;5738;330726;254049;60.4;46.4
71;2021-07-16;3296;6010;334022;260059;61.0;47.5
71;2021-07-17;505;781;334527;260840;61.1;47.6
71;2021-07-18;89;93;334616;260933;61.1;47.6
71;2021-07-19;2864;5559;337480;266492;61.6;48.6
71;2021-07-20;3369;5916;340849;272408;62.2;49.7
71;2021-07-21;3411;5468;344260;277876;62.8;50.7
71;2021-07-22;3945;5334;348205;283210;63.6;51.7
71;2021-07-23;3235;6002;351440;289212;64.2;52.8
71;2021-07-24;713;596;352153;289808;64.3;52.9
71;2021-07-25;148;82;352301;289890;64.3;52.9
71;2021-07-26;3592;4893;355893;294783;65.0;53.8
71;2021-07-27;4089;5123;359982;299906;65.7;54.7
71;2021-07-28;4248;4817;364230;304723;66.5;55.6
71;2021-07-29;4210;4642;368440;309365;67.3;56.5
71;2021-07-30;4240;4924;372680;314289;68.0;57.4
71;2021-07-31;722;725;373402;315014;68.2;57.5
71;2021-08-01;105;35;373507;315049;68.2;57.5
71;2021-08-02;3966;3760;377473;318809;68.9;58.2
71;2021-08-03;4404;3818;381877;322627;69.7;58.9
71;2021-08-04;4383;2988;386260;325615;70.5;59.4
71;2021-08-05;4176;3264;390436;328879;71.3;60.0
71;2021-08-06;3690;4008;394126;332887;71.9;60.8
71;2021-08-07;494;329;394620;333216;72.0;60.8
71;2021-08-08;51;65;394671;333281;72.0;60.8
71;2021-08-09;3047;3420;397718;336701;72.6;61.5
71;2021-08-10;3069;3389;400787;340090;73.2;62.1
71;2021-08-11;3178;3079;403965;343169;73.7;62.6
71;2021-08-12;2998;3103;406963;346272;74.3;63.2
71;2021-08-13;2641;3334;409604;349606;74.8;63.8
71;2021-08-14;279;521;409883;350127;74.8;63.9
71;2021-08-15;49;109;409932;350236;74.8;63.9
71;2021-08-16;1702;3527;411634;353763;75.1;64.6
71;2021-08-17;1733;3436;413367;357199;75.5;65.2
71;2021-08-18;1447;3167;414814;360366;75.7;65.8
71;2021-08-19;1266;3116;416080;363482;76.0;66.4
71;2021-08-20;1279;3699;417359;367181;76.2;67.0
71;2021-08-21;145;413;417504;367594;76.2;67.1
71;2021-08-22;40;99;417544;367693;76.2;67.1
71;2021-08-23;1422;4541;418966;372234;76.5;67.9
71;2021-08-24;1325;3797;420291;376031;76.7;68.6
71;2021-08-25;947;3771;421238;379802;76.9;69.3
71;2021-08-26;956;3392;422194;383194;77.1;69.9
71;2021-08-27;1146;4460;423340;387654;77.3;70.8
71;2021-08-28;194;413;423534;388067;77.3;70.8
71;2021-08-29;28;106;423562;388173;77.3;70.9
71;2021-08-30;1248;3937;424810;392110;77.5;71.6
71;2021-08-31;1013;3616;425823;395726;77.7;72.2
71;2021-09-01;917;3531;426740;399257;77.9;72.9
72;2020-12-27;0;0;0;0;0.0;0.0
72;2020-12-28;0;0;0;0;0.0;0.0
72;2020-12-29;0;0;0;0;0.0;0.0
72;2020-12-30;0;0;0;0;0.0;0.0
72;2020-12-31;0;0;0;0;0.0;0.0
72;2021-01-01;2;0;2;0;0.0;0.0
72;2021-01-02;0;0;2;0;0.0;0.0
72;2021-01-03;0;0;2;0;0.0;0.0
72;2021-01-04;0;0;2;0;0.0;0.0
72;2021-01-05;14;0;16;0;0.0;0.0
72;2021-01-06;27;0;43;0;0.0;0.0
72;2021-01-07;110;0;153;0;0.0;0.0
72;2021-01-08;232;0;385;0;0.1;0.0
72;2021-01-09;36;0;421;0;0.1;0.0
72;2021-01-10;0;0;421;0;0.1;0.0
72;2021-01-11;485;1;906;1;0.2;0.0
72;2021-01-12;615;1;1521;2;0.3;0.0
72;2021-01-13;500;1;2021;3;0.4;0.0
72;2021-01-14;644;3;2665;6;0.5;0.0
72;2021-01-15;478;1;3143;7;0.6;0.0
72;2021-01-16;94;0;3237;7;0.6;0.0
72;2021-01-17;0;0;3237;7;0.6;0.0
72;2021-01-18;293;0;3530;7;0.6;0.0
72;2021-01-19;777;3;4307;10;0.8;0.0
72;2021-01-20;1538;6;5845;16;1.0;0.0
72;2021-01-21;1776;5;7621;21;1.4;0.0
72;2021-01-22;1149;6;8770;27;1.6;0.0
72;2021-01-23;32;0;8802;27;1.6;0.0
72;2021-01-24;0;0;8802;27;1.6;0.0
72;2021-01-25;503;7;9305;34;1.7;0.0
72;2021-01-26;1164;21;10469;55;1.9;0.0
72;2021-01-27;882;20;11351;75;2.0;0.0
72;2021-01-28;777;68;12128;143;2.2;0.0
72;2021-01-29;712;67;12840;210;2.3;0.0
72;2021-01-30;58;0;12898;210;2.3;0.0
72;2021-01-31;1;0;12899;210;2.3;0.0
72;2021-02-01;499;228;13398;438;2.4;0.1
72;2021-02-02;507;292;13905;730;2.5;0.1
72;2021-02-03;487;229;14392;959;2.6;0.2
72;2021-02-04;476;341;14868;1300;2.7;0.2
72;2021-02-05;514;405;15382;1705;2.7;0.3
72;2021-02-06;83;12;15465;1717;2.8;0.3
72;2021-02-07;19;3;15484;1720;2.8;0.3
72;2021-02-08;310;393;15794;2113;2.8;0.4
72;2021-02-09;489;524;16283;2637;2.9;0.5
72;2021-02-10;567;921;16850;3558;3.0;0.6
72;2021-02-11;861;1339;17711;4897;3.2;0.9
72;2021-02-12;851;589;18562;5486;3.3;1.0
72;2021-02-13;109;38;18671;5524;3.3;1.0
72;2021-02-14;1;22;18672;5546;3.3;1.0
72;2021-02-15;220;474;18892;6020;3.4;1.1
72;2021-02-16;502;1017;19394;7037;3.5;1.3
72;2021-02-17;463;705;19857;7742;3.5;1.4
72;2021-02-18;594;619;20451;8361;3.7;1.5
72;2021-02-19;521;584;20972;8945;3.7;1.6
72;2021-02-20;79;56;21051;9001;3.8;1.6
72;2021-02-21;0;0;21051;9001;3.8;1.6
72;2021-02-22;328;566;21379;9567;3.8;1.7
72;2021-02-23;569;500;21948;10067;3.9;1.8
72;2021-02-24;435;467;22383;10534;4.0;1.9
72;2021-02-25;922;558;23305;11092;4.2;2.0
72;2021-02-26;600;497;23905;11589;4.3;2.1
72;2021-02-27;322;64;24227;11653;4.3;2.1
72;2021-02-28;15;17;24242;11670;4.3;2.1
72;2021-03-01;378;472;24620;12142;4.4;2.2
72;2021-03-02;503;603;25123;12745;4.5;2.3
72;2021-03-03;732;649;25855;13394;4.6;2.4
72;2021-03-04;741;786;26596;14180;4.7;2.5
72;2021-03-05;935;765;27531;14945;4.9;2.7
72;2021-03-06;761;135;28292;15080;5.1;2.7
72;2021-03-07;448;26;28740;15106;5.1;2.7
72;2021-03-08;560;446;29300;15552;5.2;2.8
72;2021-03-09;1046;643;30346;16195;5.4;2.9
72;2021-03-10;1137;657;31483;16852;5.6;3.0
72;2021-03-11;1611;494;33094;17346;5.9;3.1
72;2021-03-12;1364;519;34458;17865;6.2;3.2
72;2021-03-13;983;120;35441;17985;6.3;3.2
72;2021-03-14;14;10;35455;17995;6.3;3.2
72;2021-03-15;1159;224;36614;18219;6.5;3.3
72;2021-03-16;1052;188;37666;18407;6.7;3.3
72;2021-03-17;1035;262;38701;18669;6.9;3.3
72;2021-03-18;1087;367;39788;19036;7.1;3.4
72;2021-03-19;1275;291;41063;19327;7.3;3.4
72;2021-03-20;487;91;41550;19418;7.4;3.5
72;2021-03-21;19;0;41569;19418;7.4;3.5
72;2021-03-22;1347;341;42916;19759;7.7;3.5
72;2021-03-23;1725;480;44641;20239;8.0;3.6
72;2021-03-24;1840;300;46481;20539;8.3;3.7
72;2021-03-25;2445;464;48926;21003;8.7;3.7
72;2021-03-26;2336;373;51262;21376;9.2;3.8
72;2021-03-27;614;31;51876;21407;9.3;3.8
72;2021-03-28;22;0;51898;21407;9.3;3.8
72;2021-03-29;1616;382;53514;21789;9.6;3.9
72;2021-03-30;2496;386;56010;22175;10.0;4.0
72;2021-03-31;2145;366;58155;22541;10.4;4.0
72;2021-04-01;2852;350;61007;22891;10.9;4.1
72;2021-04-02;2249;402;63256;23293;11.3;4.2
72;2021-04-03;292;39;63548;23332;11.3;4.2
72;2021-04-04;14;3;63562;23335;11.3;4.2
72;2021-04-05;51;49;63613;23384;11.4;4.2
72;2021-04-06;1759;469;65372;23853;11.7;4.3
72;2021-04-07;2575;599;67947;24452;12.1;4.4
72;2021-04-08;2724;781;70671;25233;12.6;4.5
72;2021-04-09;3863;584;74534;25817;13.3;4.6
72;2021-04-10;1111;49;75645;25866;13.5;4.6
72;2021-04-11;8;1;75653;25867;13.5;4.6
72;2021-04-12;1850;901;77503;26768;13.8;4.8
72;2021-04-13;2372;1076;79875;27844;14.3;5.0
72;2021-04-14;2250;1096;82125;28940;14.7;5.2
72;2021-04-15;2422;1115;84547;30055;15.1;5.4
72;2021-04-16;2562;962;87109;31017;15.5;5.5
72;2021-04-17;707;144;87816;31161;15.7;5.6
72;2021-04-18;57;2;87873;31163;15.7;5.6
72;2021-04-19;1396;1093;89269;32256;15.9;5.8
72;2021-04-20;2997;1303;92266;33559;16.5;6.0
72;2021-04-21;2517;1564;94783;35123;16.9;6.3
72;2021-04-22;2815;1794;97598;36917;17.4;6.6
72;2021-04-23;3212;1454;100810;38371;18.0;6.8
72;2021-04-24;1400;269;102210;38640;18.2;6.9
72;2021-04-25;881;18;103091;38658;18.4;6.9
72;2021-04-26;3514;1480;106605;40138;19.0;7.2
72;2021-04-27;4091;1859;110696;41997;19.8;7.5
72;2021-04-28;3834;1872;114530;43869;20.4;7.8
72;2021-04-29;4160;1812;118690;45681;21.2;8.2
72;2021-04-30;3615;1712;122305;47393;21.8;8.5
72;2021-05-01;1642;226;123947;47619;22.1;8.5
72;2021-05-02;1533;161;125480;47780;22.4;8.5
72;2021-05-03;3456;1153;128936;48933;23.0;8.7
72;2021-05-04;4012;1801;132948;50734;23.7;9.1
72;2021-05-05;3868;2178;136816;52912;24.4;9.4
72;2021-05-06;3597;1946;140413;54858;25.1;9.8
72;2021-05-07;3544;2148;143957;57006;25.7;10.2
72;2021-05-08;1899;154;145856;57160;26.0;10.2
72;2021-05-09;2082;212;147938;57372;26.4;10.2
72;2021-05-10;3769;1523;151707;58895;27.1;10.5
72;2021-05-11;4598;1994;156305;60889;27.9;10.9
72;2021-05-12;4081;1821;160386;62710;28.6;11.2
72;2021-05-13;3031;272;163417;62982;29.2;11.2
72;2021-05-14;3663;1393;167080;64375;29.8;11.5
72;2021-05-15;3121;367;170201;64742;30.4;11.6
72;2021-05-16;2502;153;172703;64895;30.8;11.6
72;2021-05-17;3724;1285;176427;66180;31.5;11.8
72;2021-05-18;4331;1687;180758;67867;32.3;12.1
72;2021-05-19;3977;1509;184735;69376;33.0;12.4
72;2021-05-20;4262;1452;188997;70828;33.7;12.6
72;2021-05-21;3789;1390;192786;72218;34.4;12.9
72;2021-05-22;2561;506;195347;72724;34.9;13.0
72;2021-05-23;1391;164;196738;72888;35.1;13.0
72;2021-05-24;2353;295;199091;73183;35.5;13.1
72;2021-05-25;4075;1412;203166;74595;36.3;13.3
72;2021-05-26;4096;1414;207262;76009;37.0;13.6
72;2021-05-27;4346;2048;211608;78057;37.8;13.9
72;2021-05-28;4106;2019;215714;80076;38.5;14.3
72;2021-05-29;2668;810;218382;80886;39.0;14.4
72;2021-05-30;1142;870;219524;81756;39.2;14.6
72;2021-05-31;3121;2329;222645;84085;39.7;15.0
72;2021-06-01;3568;2669;226213;86754;40.4;15.5
72;2021-06-02;3613;2784;229826;89538;41.0;16.0
72;2021-06-03;4242;2997;234068;92535;41.8;16.5
72;2021-06-04;3892;2752;237960;95287;42.5;17.0
72;2021-06-05;1440;2568;239400;97855;42.7;17.5
72;2021-06-06;908;1541;240308;99396;42.9;17.7
72;2021-06-07;1746;3423;242054;102819;43.2;18.4
72;2021-06-08;2929;3831;244983;106650;43.7;19.0
72;2021-06-09;2648;3369;247631;110019;44.2;19.6
72;2021-06-10;2825;3315;250456;113334;44.7;20.2
72;2021-06-11;2841;3772;253297;117106;45.2;20.9
72;2021-06-12;1243;2600;254540;119706;45.4;21.4
72;2021-06-13;388;1860;254928;121566;45.5;21.7
72;2021-06-14;1336;4128;256264;125694;45.7;22.4
72;2021-06-15;2755;3512;259019;129206;46.2;23.1
72;2021-06-16;2428;3577;261447;132783;46.7;23.7
72;2021-06-17;2320;3875;263767;136658;47.1;24.4
72;2021-06-18;2308;4313;266075;140971;47.5;25.2
72;2021-06-19;1127;2764;267202;143735;47.7;25.7
72;2021-06-20;339;2057;267541;145792;47.8;26.0
72;2021-06-21;1564;4032;269105;149824;48.0;26.7
72;2021-06-22;1712;4992;270817;154816;48.3;27.6
72;2021-06-23;2006;4220;272823;159036;48.7;28.4
72;2021-06-24;2233;4012;275056;163048;49.1;29.1
72;2021-06-25;1774;4837;276830;167885;49.4;30.0
72;2021-06-26;1190;2879;278020;170764;49.6;30.5
72;2021-06-27;392;2111;278412;172875;49.7;30.9
72;2021-06-28;1440;4293;279852;177168;50.0;31.6
72;2021-06-29;1770;4743;281622;181911;50.3;32.5
72;2021-06-30;1980;4168;283602;186079;50.6;33.2
72;2021-07-01;1951;4415;285553;190494;51.0;34.0
72;2021-07-02;1853;4715;287406;195209;51.3;34.8
72;2021-07-03;1293;3123;288699;198332;51.5;35.4
72;2021-07-04;584;1949;289283;200281;51.6;35.7
72;2021-07-05;1192;4165;290475;204446;51.8;36.5
72;2021-07-06;1462;5163;291937;209609;52.1;37.4
72;2021-07-07;1582;4611;293519;214220;52.4;38.2
72;2021-07-08;1646;4326;295165;218546;52.7;39.0
72;2021-07-09;2107;4607;297272;223153;53.1;39.8
72;2021-07-10;1595;2691;298867;225844;53.3;40.3
72;2021-07-11;949;1587;299816;227431;53.5;40.6
72;2021-07-12;1592;3758;301408;231189;53.8;41.3
72;2021-07-13;2088;4774;303496;235963;54.2;42.1
72;2021-07-14;1327;2366;304823;238329;54.4;42.5
72;2021-07-15;3488;3423;308311;241752;55.0;43.2
72;2021-07-16;3173;4125;311484;245877;55.6;43.9
72;2021-07-17;2646;1759;314130;247636;56.1;44.2
72;2021-07-18;1710;822;315840;248458;56.4;44.3
72;2021-07-19;2919;3506;318759;251964;56.9;45.0
72;2021-07-20;3038;4285;321797;256249;57.4;45.7
72;2021-07-21;2882;3590;324679;259839;58.0;46.4
72;2021-07-22;3769;2917;328448;262756;58.6;46.9
72;2021-07-23;3476;3789;331924;266545;59.2;47.6
72;2021-07-24;2819;1460;334743;268005;59.8;47.8
72;2021-07-25;1451;1079;336194;269084;60.0;48.0
72;2021-07-26;2723;2917;338917;272001;60.5;48.6
72;2021-07-27;3857;3819;342774;275820;61.2;49.2
72;2021-07-28;3568;3120;346342;278940;61.8;49.8
72;2021-07-29;3565;2709;349907;281649;62.5;50.3
72;2021-07-30;3781;3382;353688;285031;63.1;50.9
72;2021-07-31;2548;1745;356236;286776;63.6;51.2
72;2021-08-01;1830;432;358066;287208;63.9;51.3
72;2021-08-02;3213;2286;361279;289494;64.5;51.7
72;2021-08-03;3233;3299;364512;292793;65.1;52.3
72;2021-08-04;3763;2550;368275;295343;65.7;52.7
72;2021-08-05;3765;2460;372040;297803;66.4;53.2
72;2021-08-06;3336;2693;375376;300496;67.0;53.6
72;2021-08-07;2347;1613;377723;302109;67.4;53.9
72;2021-08-08;1619;696;379342;302805;67.7;54.1
72;2021-08-09;2693;2669;382035;305474;68.2;54.5
72;2021-08-10;2915;2744;384950;308218;68.7;55.0
72;2021-08-11;2364;2203;387314;310421;69.1;55.4
72;2021-08-12;2371;2597;389685;313018;69.6;55.9
72;2021-08-13;2136;2287;391821;315305;69.9;56.3
72;2021-08-14;1158;1547;392979;316852;70.1;56.6
72;2021-08-15;622;613;393601;317465;70.3;56.7
72;2021-08-16;1651;2376;395252;319841;70.6;57.1
72;2021-08-17;1711;2888;396963;322729;70.9;57.6
72;2021-08-18;1706;2875;398669;325604;71.2;58.1
72;2021-08-19;1246;2915;399915;328519;71.4;58.6
72;2021-08-20;1650;3170;401565;331689;71.7;59.2
72;2021-08-21;697;2030;402262;333719;71.8;59.6
72;2021-08-22;256;1150;402518;334869;71.8;59.8
72;2021-08-23;1735;3420;404253;338289;72.2;60.4
72;2021-08-24;1523;4126;405776;342415;72.4;61.1
72;2021-08-25;1593;3447;407369;345862;72.7;61.7
72;2021-08-26;1263;4443;408632;350305;72.9;62.5
72;2021-08-27;1185;4105;409817;354410;73.2;63.3
72;2021-08-28;877;2653;410694;357063;73.3;63.7
72;2021-08-29;355;1683;411049;358746;73.4;64.0
72;2021-08-30;1131;3462;412180;362208;73.6;64.7
72;2021-08-31;1216;4009;413396;366217;73.8;65.4
72;2021-09-01;1066;3304;414462;369521;74.0;66.0
73;2020-12-27;0;0;0;0;0.0;0.0
73;2020-12-28;1;0;1;0;0.0;0.0
73;2020-12-29;0;0;1;0;0.0;0.0
73;2020-12-30;0;0;1;0;0.0;0.0
73;2020-12-31;0;0;1;0;0.0;0.0
73;2021-01-01;0;0;1;0;0.0;0.0
73;2021-01-02;0;0;1;0;0.0;0.0
73;2021-01-03;0;0;1;0;0.0;0.0
73;2021-01-04;1;0;2;0;0.0;0.0
73;2021-01-05;0;0;2;0;0.0;0.0
73;2021-01-06;1;0;3;0;0.0;0.0
73;2021-01-07;30;0;33;0;0.0;0.0
73;2021-01-08;81;0;114;0;0.0;0.0
73;2021-01-09;0;0;114;0;0.0;0.0
73;2021-01-10;0;0;114;0;0.0;0.0
73;2021-01-11;100;0;214;0;0.0;0.0
73;2021-01-12;303;1;517;1;0.1;0.0
73;2021-01-13;360;1;877;2;0.2;0.0
73;2021-01-14;514;2;1391;4;0.3;0.0
73;2021-01-15;617;1;2008;5;0.5;0.0
73;2021-01-16;128;0;2136;5;0.5;0.0
73;2021-01-17;0;0;2136;5;0.5;0.0
73;2021-01-18;624;0;2760;5;0.6;0.0
73;2021-01-19;1240;2;4000;7;0.9;0.0
73;2021-01-20;951;2;4951;9;1.1;0.0
73;2021-01-21;984;4;5935;13;1.4;0.0
73;2021-01-22;947;0;6882;13;1.6;0.0
73;2021-01-23;387;0;7269;13;1.7;0.0
73;2021-01-24;0;0;7269;13;1.7;0.0
73;2021-01-25;656;6;7925;19;1.8;0.0
73;2021-01-26;761;2;8686;21;2.0;0.0
73;2021-01-27;1105;5;9791;26;2.3;0.0
73;2021-01-28;961;5;10752;31;2.5;0.0
73;2021-01-29;683;5;11435;36;2.6;0.0
73;2021-01-30;345;3;11780;39;2.7;0.0
73;2021-01-31;0;0;11780;39;2.7;0.0
73;2021-02-01;607;39;12387;78;2.9;0.0
73;2021-02-02;752;334;13139;412;3.0;0.1
73;2021-02-03;650;350;13789;762;3.2;0.2
73;2021-02-04;625;232;14414;994;3.3;0.2
73;2021-02-05;680;406;15094;1400;3.5;0.3
73;2021-02-06;261;38;15355;1438;3.5;0.3
73;2021-02-07;1;0;15356;1438;3.6;0.3
73;2021-02-08;523;252;15879;1690;3.7;0.4
73;2021-02-09;793;446;16672;2136;3.9;0.5
73;2021-02-10;899;395;17571;2531;4.1;0.6
73;2021-02-11;960;711;18531;3242;4.3;0.7
73;2021-02-12;810;503;19341;3745;4.5;0.9
73;2021-02-13;263;59;19604;3804;4.5;0.9
73;2021-02-14;1;0;19605;3804;4.5;0.9
73;2021-02-15;347;518;19952;4322;4.6;1.0
73;2021-02-16;453;743;20405;5065;4.7;1.2
73;2021-02-17;451;958;20856;6023;4.8;1.4
73;2021-02-18;468;545;21324;6568;4.9;1.5
73;2021-02-19;445;620;21769;7188;5.0;1.7
73;2021-02-20;69;241;21838;7429;5.0;1.7
73;2021-02-21;0;0;21838;7429;5.0;1.7
73;2021-02-22;240;437;22078;7866;5.1;1.8
73;2021-02-23;327;517;22405;8383;5.2;1.9
73;2021-02-24;487;737;22892;9120;5.3;2.1
73;2021-02-25;503;507;23395;9627;5.4;2.2
73;2021-02-26;730;567;24125;10194;5.6;2.4
73;2021-02-27;330;235;24455;10429;5.7;2.4
73;2021-02-28;1;1;24456;10430;5.7;2.4
73;2021-03-01;557;507;25013;10937;5.8;2.5
73;2021-03-02;668;897;25681;11834;5.9;2.7
73;2021-03-03;642;1181;26323;13015;6.1;3.0
73;2021-03-04;1039;896;27362;13911;6.3;3.2
73;2021-03-05;1240;609;28602;14520;6.6;3.4
73;2021-03-06;1091;335;29693;14855;6.9;3.4
73;2021-03-07;455;93;30148;14948;7.0;3.5
73;2021-03-08;606;426;30754;15374;7.1;3.6
73;2021-03-09;982;536;31736;15910;7.3;3.7
73;2021-03-10;1035;870;32771;16780;7.6;3.9
73;2021-03-11;1556;657;34327;17437;7.9;4.0
73;2021-03-12;2018;534;36345;17971;8.4;4.2
73;2021-03-13;1179;205;37524;18176;8.7;4.2
73;2021-03-14;66;3;37590;18179;8.7;4.2
73;2021-03-15;1185;398;38775;18577;9.0;4.3
73;2021-03-16;796;400;39571;18977;9.1;4.4
73;2021-03-17;877;480;40448;19457;9.4;4.5
73;2021-03-18;1351;257;41799;19714;9.7;4.6
73;2021-03-19;1765;395;43564;20109;10.1;4.6
73;2021-03-20;886;128;44450;20237;10.3;4.7
73;2021-03-21;123;2;44573;20239;10.3;4.7
73;2021-03-22;1183;395;45756;20634;10.6;4.8
73;2021-03-23;1447;237;47203;20871;10.9;4.8
73;2021-03-24;1593;345;48796;21216;11.3;4.9
73;2021-03-25;2062;384;50858;21600;11.8;5.0
73;2021-03-26;2472;364;53330;21964;12.3;5.1
73;2021-03-27;885;145;54215;22109;12.5;5.1
73;2021-03-28;312;14;54527;22123;12.6;5.1
73;2021-03-29;1508;238;56035;22361;13.0;5.2
73;2021-03-30;2088;485;58123;22846;13.4;5.3
73;2021-03-31;2089;403;60212;23249;13.9;5.4
73;2021-04-01;2086;332;62298;23581;14.4;5.5
73;2021-04-02;2363;228;64661;23809;14.9;5.5
73;2021-04-03;848;147;65509;23956;15.1;5.5
73;2021-04-04;188;18;65697;23974;15.2;5.5
73;2021-04-05;212;26;65909;24000;15.2;5.5
73;2021-04-06;1509;508;67418;24508;15.6;5.7
73;2021-04-07;1947;651;69365;25159;16.0;5.8
73;2021-04-08;2491;822;71856;25981;16.6;6.0
73;2021-04-09;3060;523;74916;26504;17.3;6.1
73;2021-04-10;1135;318;76051;26822;17.6;6.2
73;2021-04-11;163;10;76214;26832;17.6;6.2
73;2021-04-12;1694;977;77908;27809;18.0;6.4
73;2021-04-13;1892;1129;79800;28938;18.4;6.7
73;2021-04-14;2018;1091;81818;30029;18.9;6.9
73;2021-04-15;2416;1189;84234;31218;19.5;7.2
73;2021-04-16;1894;930;86128;32148;19.9;7.4
73;2021-04-17;1176;558;87304;32706;20.2;7.6
73;2021-04-18;155;76;87459;32782;20.2;7.6
73;2021-04-19;1382;1060;88841;33842;20.5;7.8
73;2021-04-20;1790;1323;90631;35165;21.0;8.1
73;2021-04-21;1574;1301;92205;36466;21.3;8.4
73;2021-04-22;1813;1226;94018;37692;21.7;8.7
73;2021-04-23;1896;1253;95914;38945;22.2;9.0
73;2021-04-24;980;673;96894;39618;22.4;9.2
73;2021-04-25;79;97;96973;39715;22.4;9.2
73;2021-04-26;1164;1319;98137;41034;22.7;9.5
73;2021-04-27;1441;1471;99578;42505;23.0;9.8
73;2021-04-28;1732;1460;101310;43965;23.4;10.2
73;2021-04-29;2413;1564;103723;45529;24.0;10.5
73;2021-04-30;2396;1441;106119;46970;24.5;10.9
73;2021-05-01;1068;309;107187;47279;24.8;10.9
73;2021-05-02;34;165;107221;47444;24.8;11.0
73;2021-05-03;1392;1594;108613;49038;25.1;11.3
73;2021-05-04;1711;1830;110324;50868;25.5;11.8
73;2021-05-05;1975;1687;112299;52555;26.0;12.2
73;2021-05-06;2430;1698;114729;54253;26.5;12.5
73;2021-05-07;2261;1848;116990;56101;27.0;13.0
73;2021-05-08;1836;377;118826;56478;27.5;13.1
73;2021-05-09;127;125;118953;56603;27.5;13.1
73;2021-05-10;1608;1894;120561;58497;27.9;13.5
73;2021-05-11;2379;2367;122940;60864;28.4;14.1
73;2021-05-12;3555;2095;126495;62959;29.2;14.6
73;2021-05-13;1554;276;128049;63235;29.6;14.6
73;2021-05-14;1588;1494;129637;64729;30.0;15.0
73;2021-05-15;1448;944;131085;65673;30.3;15.2
73;2021-05-16;131;62;131216;65735;30.3;15.2
73;2021-05-17;1710;1952;132926;67687;30.7;15.6
73;2021-05-18;2495;1735;135421;69422;31.3;16.0
73;2021-05-19;2539;1624;137960;71046;31.9;16.4
73;2021-05-20;3161;1503;141121;72549;32.6;16.8
73;2021-05-21;2473;1850;143594;74399;33.2;17.2
73;2021-05-22;1989;922;145583;75321;33.7;17.4
73;2021-05-23;212;14;145795;75335;33.7;17.4
73;2021-05-24;2565;327;148360;75662;34.3;17.5
73;2021-05-25;2138;1741;150498;77403;34.8;17.9
73;2021-05-26;2342;2001;152840;79404;35.3;18.4
73;2021-05-27;3082;1715;155922;81119;36.0;18.8
73;2021-05-28;2919;2375;158841;83494;36.7;19.3
73;2021-05-29;2316;1320;161157;84814;37.3;19.6
73;2021-05-30;187;14;161344;84828;37.3;19.6
73;2021-05-31;2410;1629;163754;86457;37.9;20.0
73;2021-06-01;3178;1791;166932;88248;38.6;20.4
73;2021-06-02;3106;1454;170038;89702;39.3;20.7
73;2021-06-03;4424;1743;174462;91445;40.3;21.1
73;2021-06-04;4277;2183;178739;93628;41.3;21.6
73;2021-06-05;3159;1281;181898;94909;42.1;21.9
73;2021-06-06;1882;298;183780;95207;42.5;22.0
73;2021-06-07;2759;2147;186539;97354;43.1;22.5
73;2021-06-08;2685;1873;189224;99227;43.7;22.9
73;2021-06-09;2365;1790;191589;101017;44.3;23.4
73;2021-06-10;2005;1647;193594;102664;44.8;23.7
73;2021-06-11;2191;2441;195785;105105;45.3;24.3
73;2021-06-12;2246;1332;198031;106437;45.8;24.6
73;2021-06-13;44;82;198075;106519;45.8;24.6
73;2021-06-14;1347;2930;199422;109449;46.1;25.3
73;2021-06-15;1592;2755;201014;112204;46.5;25.9
73;2021-06-16;1467;2568;202481;114772;46.8;26.5
73;2021-06-17;945;1728;203426;116500;47.0;26.9
73;2021-06-18;1884;2932;205310;119432;47.5;27.6
73;2021-06-19;1422;1986;206732;121418;47.8;28.1
73;2021-06-20;448;306;207180;121724;47.9;28.1
73;2021-06-21;1110;2938;208290;124662;48.2;28.8
73;2021-06-22;1093;2871;209383;127533;48.4;29.5
73;2021-06-23;1085;3136;210468;130669;48.7;30.2
73;2021-06-24;883;1795;211351;132464;48.9;30.6
73;2021-06-25;1325;2798;212676;135262;49.2;31.3
73;2021-06-26;967;2396;213643;137658;49.4;31.8
73;2021-06-27;328;549;213971;138207;49.5;32.0
73;2021-06-28;970;3557;214941;141764;49.7;32.8
73;2021-06-29;1075;3339;216016;145103;49.9;33.5
73;2021-06-30;1240;3120;217256;148223;50.2;34.3
73;2021-07-01;1137;2365;218393;150588;50.5;34.8
73;2021-07-02;1206;3618;219599;154206;50.8;35.7
73;2021-07-03;961;2794;220560;157000;51.0;36.3
73;2021-07-04;301;619;220861;157619;51.1;36.4
73;2021-07-05;1156;3683;222017;161302;51.3;37.3
73;2021-07-06;1251;2950;223268;164252;51.6;38.0
73;2021-07-07;1444;2950;224712;167202;52.0;38.7
73;2021-07-08;1369;2300;226081;169502;52.3;39.2
73;2021-07-09;1430;4026;227511;173528;52.6;40.1
73;2021-07-10;890;3011;228401;176539;52.8;40.8
73;2021-07-11;561;1469;228962;178008;52.9;41.2
73;2021-07-12;1060;4197;230022;182205;53.2;42.1
73;2021-07-13;1729;4227;231751;186432;53.6;43.1
73;2021-07-14;1844;1919;233595;188351;54.0;43.5
73;2021-07-15;2747;3794;236342;192145;54.6;44.4
73;2021-07-16;2416;4017;238758;196162;55.2;45.4
73;2021-07-17;1515;2606;240273;198768;55.5;46.0
73;2021-07-18;1176;1217;241449;199985;55.8;46.2
73;2021-07-19;2450;3248;243899;203233;56.4;47.0
73;2021-07-20;3368;2858;247267;206091;57.2;47.6
73;2021-07-21;3382;2789;250649;208880;57.9;48.3
73;2021-07-22;2732;2213;253381;211093;58.6;48.8
73;2021-07-23;3415;2902;256796;213995;59.4;49.5
73;2021-07-24;2058;2278;258854;216273;59.8;50.0
73;2021-07-25;624;795;259478;217068;60.0;50.2
73;2021-07-26;2634;2492;262112;219560;60.6;50.8
73;2021-07-27;3813;2274;265925;221834;61.5;51.3
73;2021-07-28;3534;2093;269459;223927;62.3;51.8
73;2021-07-29;3980;2153;273439;226080;63.2;52.3
73;2021-07-30;3562;2473;277001;228553;64.0;52.8
73;2021-07-31;2476;1591;279477;230144;64.6;53.2
73;2021-08-01;833;620;280310;230764;64.8;53.3
73;2021-08-02;3089;2102;283399;232866;65.5;53.8
73;2021-08-03;3485;2000;286884;234866;66.3;54.3
73;2021-08-04;3297;2021;290181;236887;67.1;54.8
73;2021-08-05;2868;2231;293049;239118;67.7;55.3
73;2021-08-06;2507;2381;295556;241499;68.3;55.8
73;2021-08-07;1398;1484;296954;242983;68.7;56.2
73;2021-08-08;426;620;297380;243603;68.8;56.3
73;2021-08-09;1776;2389;299156;245992;69.2;56.9
73;2021-08-10;1870;2492;301026;248484;69.6;57.4
73;2021-08-11;1800;2536;302826;251020;70.0;58.0
73;2021-08-12;1665;2502;304491;253522;70.4;58.6
73;2021-08-13;1445;2843;305936;256365;70.7;59.3
73;2021-08-14;980;1533;306916;257898;71.0;59.6
73;2021-08-15;92;160;307008;258058;71.0;59.7
73;2021-08-16;934;1395;307942;259453;71.2;60.0
73;2021-08-17;951;1961;308893;261414;71.4;60.4
73;2021-08-18;936;2836;309829;264250;71.6;61.1
73;2021-08-19;953;3051;310782;267301;71.8;61.8
73;2021-08-20;785;3143;311567;270444;72.0;62.5
73;2021-08-21;412;1835;311979;272279;72.1;62.9
73;2021-08-22;268;935;312247;273214;72.2;63.2
73;2021-08-23;650;2966;312897;276180;72.3;63.8
73;2021-08-24;891;3155;313788;279335;72.5;64.6
73;2021-08-25;709;2903;314497;282238;72.7;65.3
73;2021-08-26;681;2421;315178;284659;72.9;65.8
73;2021-08-27;787;2747;315965;287406;73.0;66.4
73;2021-08-28;456;1744;316421;289150;73.2;66.8
73;2021-08-29;300;1012;316721;290162;73.2;67.1
73;2021-08-30;814;2585;317535;292747;73.4;67.7
73;2021-08-31;808;2384;318343;295131;73.6;68.2
73;2021-09-01;732;2234;319075;297365;73.8;68.7
74;2020-12-27;7;0;7;0;0.0;0.0
74;2020-12-28;3;0;10;0;0.0;0.0
74;2020-12-29;0;0;10;0;0.0;0.0
74;2020-12-30;1;0;11;0;0.0;0.0
74;2020-12-31;0;0;11;0;0.0;0.0
74;2021-01-01;0;0;11;0;0.0;0.0
74;2021-01-02;1;1;12;1;0.0;0.0
74;2021-01-03;0;0;12;1;0.0;0.0
74;2021-01-04;2;0;14;1;0.0;0.0
74;2021-01-05;2;0;16;1;0.0;0.0
74;2021-01-06;44;0;60;1;0.0;0.0
74;2021-01-07;219;1;279;2;0.0;0.0
74;2021-01-08;291;2;570;4;0.1;0.0
74;2021-01-09;78;0;648;4;0.1;0.0
74;2021-01-10;74;0;722;4;0.1;0.0
74;2021-01-11;375;0;1097;4;0.1;0.0
74;2021-01-12;405;3;1502;7;0.2;0.0
74;2021-01-13;396;0;1898;7;0.2;0.0
74;2021-01-14;477;1;2375;8;0.3;0.0
74;2021-01-15;644;4;3019;12;0.4;0.0
74;2021-01-16;252;1;3271;13;0.4;0.0
74;2021-01-17;131;1;3402;14;0.4;0.0
74;2021-01-18;522;0;3924;14;0.5;0.0
74;2021-01-19;808;2;4732;16;0.6;0.0
74;2021-01-20;1277;4;6009;20;0.7;0.0
74;2021-01-21;1567;2;7576;22;0.9;0.0
74;2021-01-22;1242;6;8818;28;1.1;0.0
74;2021-01-23;344;1;9162;29;1.1;0.0
74;2021-01-24;90;0;9252;29;1.1;0.0
74;2021-01-25;800;2;10052;31;1.2;0.0
74;2021-01-26;1363;14;11415;45;1.4;0.0
74;2021-01-27;1081;11;12496;56;1.5;0.0
74;2021-01-28;999;29;13495;85;1.6;0.0
74;2021-01-29;879;41;14374;126;1.7;0.0
74;2021-01-30;305;1;14679;127;1.8;0.0
74;2021-01-31;84;1;14763;128;1.8;0.0
74;2021-02-01;630;44;15393;172;1.9;0.0
74;2021-02-02;645;153;16038;325;1.9;0.0
74;2021-02-03;604;119;16642;444;2.0;0.1
74;2021-02-04;613;134;17255;578;2.1;0.1
74;2021-02-05;548;213;17803;791;2.1;0.1
74;2021-02-06;272;129;18075;920;2.2;0.1
74;2021-02-07;94;116;18169;1036;2.2;0.1
74;2021-02-08;618;340;18787;1376;2.3;0.2
74;2021-02-09;537;516;19324;1892;2.3;0.2
74;2021-02-10;688;508;20012;2400;2.4;0.3
74;2021-02-11;1068;1007;21080;3407;2.5;0.4
74;2021-02-12;911;612;21991;4019;2.7;0.5
74;2021-02-13;405;236;22396;4255;2.7;0.5
74;2021-02-14;316;110;22712;4365;2.7;0.5
74;2021-02-15;275;799;22987;5164;2.8;0.6
74;2021-02-16;487;1018;23474;6182;2.8;0.7
74;2021-02-17;530;1066;24004;7248;2.9;0.9
74;2021-02-18;470;973;24474;8221;3.0;1.0
74;2021-02-19;617;646;25091;8867;3.0;1.1
74;2021-02-20;114;182;25205;9049;3.0;1.1
74;2021-02-21;47;57;25252;9106;3.0;1.1
74;2021-02-22;319;761;25571;9867;3.1;1.2
74;2021-02-23;303;797;25874;10664;3.1;1.3
74;2021-02-24;240;663;26114;11327;3.2;1.4
74;2021-02-25;521;740;26635;12067;3.2;1.5
74;2021-02-26;973;681;27608;12748;3.3;1.5
74;2021-02-27;254;175;27862;12923;3.4;1.6
74;2021-02-28;125;71;27987;12994;3.4;1.6
74;2021-03-01;721;624;28708;13618;3.5;1.6
74;2021-03-02;1092;684;29800;14302;3.6;1.7
74;2021-03-03;1018;635;30818;14937;3.7;1.8
74;2021-03-04;1611;1012;32429;15949;3.9;1.9
74;2021-03-05;2089;890;34518;16839;4.2;2.0
74;2021-03-06;1760;323;36278;17162;4.4;2.1
74;2021-03-07;1386;108;37664;17270;4.5;2.1
74;2021-03-08;1197;956;38861;18226;4.7;2.2
74;2021-03-09;1952;669;40813;18895;4.9;2.3
74;2021-03-10;1747;908;42560;19803;5.1;2.4
74;2021-03-11;2446;728;45006;20531;5.4;2.5
74;2021-03-12;3243;1025;48249;21556;5.8;2.6
74;2021-03-13;2000;280;50249;21836;6.1;2.6
74;2021-03-14;608;103;50857;21939;6.1;2.6
74;2021-03-15;2127;558;52984;22497;6.4;2.7
74;2021-03-16;1959;414;54943;22911;6.6;2.8
74;2021-03-17;1973;320;56916;23231;6.9;2.8
74;2021-03-18;2135;288;59051;23519;7.1;2.8
74;2021-03-19;2633;297;61684;23816;7.4;2.9
74;2021-03-20;1374;102;63058;23918;7.6;2.9
74;2021-03-21;289;32;63347;23950;7.6;2.9
74;2021-03-22;2053;330;65400;24280;7.9;2.9
74;2021-03-23;2720;337;68120;24617;8.2;3.0
74;2021-03-24;2945;303;71065;24920;8.6;3.0
74;2021-03-25;3871;307;74936;25227;9.0;3.0
74;2021-03-26;4093;383;79029;25610;9.5;3.1
74;2021-03-27;1941;263;80970;25873;9.8;3.1
74;2021-03-28;437;78;81407;25951;9.8;3.1
74;2021-03-29;3032;717;84439;26668;10.2;3.2
74;2021-03-30;3542;775;87981;27443;10.6;3.3
74;2021-03-31;3143;734;91124;28177;11.0;3.4
74;2021-04-01;4236;900;95360;29077;11.5;3.5
74;2021-04-02;3704;791;99064;29868;12.0;3.6
74;2021-04-03;1699;542;100763;30410;12.2;3.7
74;2021-04-04;236;122;100999;30532;12.2;3.7
74;2021-04-05;432;16;101431;30548;12.2;3.7
74;2021-04-06;2625;1213;104056;31761;12.6;3.8
74;2021-04-07;3194;1252;107250;33013;12.9;4.0
74;2021-04-08;3865;1187;111115;34200;13.4;4.1
74;2021-04-09;4105;1179;115220;35379;13.9;4.3
74;2021-04-10;1946;1036;117166;36415;14.1;4.4
74;2021-04-11;254;184;117420;36599;14.2;4.4
74;2021-04-12;2721;1781;120141;38380;14.5;4.6
74;2021-04-13;3126;2102;123267;40482;14.9;4.9
74;2021-04-14;2901;1977;126168;42459;15.2;5.1
74;2021-04-15;3456;1917;129624;44376;15.6;5.4
74;2021-04-16;3385;1785;133009;46161;16.1;5.6
74;2021-04-17;1936;1038;134945;47199;16.3;5.7
74;2021-04-18;218;209;135163;47408;16.3;5.7
74;2021-04-19;2098;2102;137261;49510;16.6;6.0
74;2021-04-20;3069;2428;140330;51938;16.9;6.3
74;2021-04-21;2464;2379;142794;54317;17.2;6.6
74;2021-04-22;2629;2336;145423;56653;17.6;6.8
74;2021-04-23;2569;2254;147992;58907;17.9;7.1
74;2021-04-24;1485;1543;149477;60450;18.0;7.3
74;2021-04-25;227;150;149704;60600;18.1;7.3
74;2021-04-26;2395;2465;152099;63065;18.4;7.6
74;2021-04-27;3275;2914;155374;65979;18.8;8.0
74;2021-04-28;3461;2637;158835;68616;19.2;8.3
74;2021-04-29;3911;2699;162746;71315;19.6;8.6
74;2021-04-30;4075;2227;166821;73542;20.1;8.9
74;2021-05-01;2122;390;168943;73932;20.4;8.9
74;2021-05-02;205;236;169148;74168;20.4;9.0
74;2021-05-03;2593;3021;171741;77189;20.7;9.3
74;2021-05-04;3219;3109;174960;80298;21.1;9.7
74;2021-05-05;3392;3017;178352;83315;21.5;10.1
74;2021-05-06;3858;2635;182210;85950;22.0;10.4
74;2021-05-07;3595;3554;185805;89504;22.4;10.8
74;2021-05-08;1147;825;186952;90329;22.6;10.9
74;2021-05-09;194;248;187146;90577;22.6;10.9
74;2021-05-10;3469;3146;190615;93723;23.0;11.3
74;2021-05-11;4318;3427;194933;97150;23.5;11.7
74;2021-05-12;5305;2967;200238;100117;24.2;12.1
74;2021-05-13;2362;950;202600;101067;24.5;12.2
74;2021-05-14;5954;2408;208554;103475;25.2;12.5
74;2021-05-15;4517;1853;213071;105328;25.7;12.7
74;2021-05-16;3009;334;216080;105662;26.1;12.8
74;2021-05-17;5397;2890;221477;108552;26.7;13.1
74;2021-05-18;6789;2813;228266;111365;27.6;13.4
74;2021-05-19;6234;2296;234500;113661;28.3;13.7
74;2021-05-20;6646;2559;241146;116220;29.1;14.0
74;2021-05-21;6526;2993;247672;119213;29.9;14.4
74;2021-05-22;5294;1567;252966;120780;30.5;14.6
74;2021-05-23;2052;282;255018;121062;30.8;14.6
74;2021-05-24;2363;661;257381;121723;31.1;14.7
74;2021-05-25;5071;3334;262452;125057;31.7;15.1
74;2021-05-26;5255;2567;267707;127624;32.3;15.4
74;2021-05-27;6003;2982;273710;130606;33.0;15.8
74;2021-05-28;5658;3589;279368;134195;33.7;16.2
74;2021-05-29;3799;2154;283167;136349;34.2;16.5
74;2021-05-30;488;309;283655;136658;34.2;16.5
74;2021-05-31;5070;3555;288725;140213;34.9;16.9
74;2021-06-01;4936;3729;293661;143942;35.4;17.4
74;2021-06-02;5270;3208;298931;147150;36.1;17.8
74;2021-06-03;6897;3255;305828;150405;36.9;18.2
74;2021-06-04;6913;4434;312741;154839;37.8;18.7
74;2021-06-05;4611;2707;317352;157546;38.3;19.0
74;2021-06-06;123;112;317475;157658;38.3;19.0
74;2021-06-07;5031;4151;322506;161809;38.9;19.5
74;2021-06-08;5028;3947;327534;165756;39.5;20.0
74;2021-06-09;5080;3485;332614;169241;40.2;20.4
74;2021-06-10;5126;2877;337740;172118;40.8;20.8
74;2021-06-11;5214;3814;342954;175932;41.4;21.2
74;2021-06-12;3573;2387;346527;178319;41.8;21.5
74;2021-06-13;120;89;346647;178408;41.8;21.5
74;2021-06-14;3599;4481;350246;182889;42.3;22.1
74;2021-06-15;3669;3897;353915;186786;42.7;22.5
74;2021-06-16;4828;3126;358743;189912;43.3;22.9
74;2021-06-17;3820;2956;362563;192868;43.8;23.3
74;2021-06-18;4116;4666;366679;197534;44.3;23.8
74;2021-06-19;2997;3101;369676;200635;44.6;24.2
74;2021-06-20;125;97;369801;200732;44.6;24.2
74;2021-06-21;2387;5423;372188;206155;44.9;24.9
74;2021-06-22;2492;5316;374680;211471;45.2;25.5
74;2021-06-23;2977;4621;377657;216092;45.6;26.1
74;2021-06-24;2865;4627;380522;220719;45.9;26.6
74;2021-06-25;2930;6767;383452;227486;46.3;27.5
74;2021-06-26;1709;5400;385161;232886;46.5;28.1
74;2021-06-27;65;1663;385226;234549;46.5;28.3
74;2021-06-28;1916;7220;387142;241769;46.7;29.2
74;2021-06-29;2302;7428;389444;249197;47.0;30.1
74;2021-06-30;2747;6545;392191;255742;47.3;30.9
74;2021-07-01;3441;5425;395632;261167;47.8;31.5
74;2021-07-02;3118;6641;398750;267808;48.1;32.3
74;2021-07-03;1699;5083;400449;272891;48.3;32.9
74;2021-07-04;82;1022;400531;273913;48.3;33.1
74;2021-07-05;2080;6838;402611;280751;48.6;33.9
74;2021-07-06;2803;6493;405414;287244;48.9;34.7
74;2021-07-07;3097;5450;408511;292694;49.3;35.3
74;2021-07-08;3861;4914;412372;297608;49.8;35.9
74;2021-07-09;2673;6980;415045;304588;50.1;36.8
74;2021-07-10;1626;5131;416671;309719;50.3;37.4
74;2021-07-11;76;142;416747;309861;50.3;37.4
74;2021-07-12;2094;7898;418841;317759;50.6;38.4
74;2021-07-13;3967;7589;422808;325348;51.0;39.3
74;2021-07-14;1967;2239;424775;327587;51.3;39.5
74;2021-07-15;3590;6870;428365;334457;51.7;40.4
74;2021-07-16;4243;7744;432608;342201;52.2;41.3
74;2021-07-17;3004;5330;435612;347531;52.6;42.0
74;2021-07-18;155;155;435767;347686;52.6;42.0
74;2021-07-19;4292;7352;440059;355038;53.1;42.9
74;2021-07-20;5869;6467;445928;361505;53.8;43.6
74;2021-07-21;5627;6672;451555;368177;54.5;44.4
74;2021-07-22;4774;5326;456329;373503;55.1;45.1
74;2021-07-23;6222;6987;462551;380490;55.8;45.9
74;2021-07-24;3153;4314;465704;384804;56.2;46.5
74;2021-07-25;180;171;465884;384975;56.2;46.5
74;2021-07-26;5616;6131;471500;391106;56.9;47.2
74;2021-07-27;6837;5172;478337;396278;57.7;47.8
74;2021-07-28;6532;5104;484869;401382;58.5;48.5
74;2021-07-29;5272;3928;490141;405310;59.2;48.9
74;2021-07-30;6686;5501;496827;410811;60.0;49.6
74;2021-07-31;4371;3121;501198;413932;60.5;50.0
74;2021-08-01;182;148;501380;414080;60.5;50.0
74;2021-08-02;5919;4404;507299;418484;61.2;50.5
74;2021-08-03;5926;3853;513225;422337;62.0;51.0
74;2021-08-04;6291;3503;519516;425840;62.7;51.4
74;2021-08-05;4901;3267;524417;429107;63.3;51.8
74;2021-08-06;4983;4179;529400;433286;63.9;52.3
74;2021-08-07;3199;2895;532599;436181;64.3;52.7
74;2021-08-08;154;134;532753;436315;64.3;52.7
74;2021-08-09;4915;4824;537668;441139;64.9;53.3
74;2021-08-10;4917;4676;542585;445815;65.5;53.8
74;2021-08-11;4348;4892;546933;450707;66.0;54.4
74;2021-08-12;3552;3609;550485;454316;66.5;54.8
74;2021-08-13;3625;4610;554110;458926;66.9;55.4
74;2021-08-14;2158;3342;556268;462268;67.1;55.8
74;2021-08-15;59;101;556327;462369;67.2;55.8
74;2021-08-16;3143;5862;559470;468231;67.5;56.5
74;2021-08-17;2968;5483;562438;473714;67.9;57.2
74;2021-08-18;2940;5444;565378;479158;68.2;57.8
74;2021-08-19;2317;3896;567695;483054;68.5;58.3
74;2021-08-20;2505;5687;570200;488741;68.8;59.0
74;2021-08-21;1193;4267;571393;493008;69.0;59.5
74;2021-08-22;56;136;571449;493144;69.0;59.5
74;2021-08-23;1909;6688;573358;499832;69.2;60.3
74;2021-08-24;2077;5935;575435;505767;69.5;61.1
74;2021-08-25;1884;6289;577319;512056;69.7;61.8
74;2021-08-26;1517;3779;578836;515835;69.9;62.3
74;2021-08-27;1807;5497;580643;521332;70.1;62.9
74;2021-08-28;900;4028;581543;525360;70.2;63.4
74;2021-08-29;54;183;581597;525543;70.2;63.4
74;2021-08-30;1691;5479;583288;531022;70.4;64.1
74;2021-08-31;1610;5109;584898;536131;70.6;64.7
74;2021-09-01;1593;4114;586491;540245;70.8;65.2
75;2020-12-27;56;1;56;1;0.0;0.0
75;2020-12-28;56;0;112;1;0.0;0.0
75;2020-12-29;25;0;137;1;0.0;0.0
75;2020-12-30;80;0;217;1;0.0;0.0
75;2020-12-31;35;0;252;1;0.0;0.0
75;2021-01-01;55;3;307;4;0.0;0.0
75;2021-01-02;61;1;368;5;0.0;0.0
75;2021-01-03;102;1;470;6;0.0;0.0
75;2021-01-04;303;1;773;7;0.0;0.0
75;2021-01-05;876;12;1649;19;0.1;0.0
75;2021-01-06;1361;16;3010;35;0.1;0.0
75;2021-01-07;2062;19;5072;54;0.2;0.0
75;2021-01-08;2872;31;7944;85;0.4;0.0
75;2021-01-09;1096;2;9040;87;0.4;0.0
75;2021-01-10;1098;4;10138;91;0.5;0.0
75;2021-01-11;3084;47;13222;138;0.6;0.0
75;2021-01-12;3482;53;16704;191;0.8;0.0
75;2021-01-13;3560;42;20264;233;0.9;0.0
75;2021-01-14;3734;62;23998;295;1.1;0.0
75;2021-01-15;3321;47;27319;342;1.3;0.0
75;2021-01-16;1135;16;28454;358;1.3;0.0
75;2021-01-17;556;14;29010;372;1.4;0.0
75;2021-01-18;3274;73;32284;445;1.5;0.0
75;2021-01-19;3858;48;36142;493;1.7;0.0
75;2021-01-20;4414;62;40556;555;1.9;0.0
75;2021-01-21;4917;78;45473;633;2.1;0.0
75;2021-01-22;4587;79;50060;712;2.3;0.0
75;2021-01-23;1759;15;51819;727;2.4;0.0
75;2021-01-24;749;7;52568;734;2.4;0.0
75;2021-01-25;1723;27;54291;761;2.5;0.0
75;2021-01-26;2553;86;56844;847;2.6;0.0
75;2021-01-27;3156;168;60000;1015;2.8;0.0
75;2021-01-28;4773;257;64773;1272;3.0;0.1
75;2021-01-29;4054;261;68827;1533;3.2;0.1
75;2021-01-30;1355;26;70182;1559;3.3;0.1
75;2021-01-31;221;3;70403;1562;3.3;0.1
75;2021-02-01;1618;370;72021;1932;3.4;0.1
75;2021-02-02;2137;635;74158;2567;3.5;0.1
75;2021-02-03;1877;672;76035;3239;3.5;0.2
75;2021-02-04;2141;1102;78176;4341;3.6;0.2
75;2021-02-05;2216;836;80392;5177;3.7;0.2
75;2021-02-06;1110;85;81502;5262;3.8;0.2
75;2021-02-07;176;6;81678;5268;3.8;0.2
75;2021-02-08;1257;1426;82935;6694;3.9;0.3
75;2021-02-09;1786;2353;84721;9047;3.9;0.4
75;2021-02-10;2416;2369;87137;11416;4.1;0.5
75;2021-02-11;2935;5984;90072;17400;4.2;0.8
75;2021-02-12;3122;2368;93194;19768;4.3;0.9
75;2021-02-13;850;996;94044;20764;4.4;1.0
75;2021-02-14;207;41;94251;20805;4.4;1.0
75;2021-02-15;1002;2322;95253;23127;4.4;1.1
75;2021-02-16;1451;6209;96704;29336;4.5;1.4
75;2021-02-17;1325;3077;98029;32413;4.6;1.5
75;2021-02-18;1759;5607;99788;38020;4.6;1.8
75;2021-02-19;2217;3980;102005;42000;4.7;2.0
75;2021-02-20;476;1607;102481;43607;4.8;2.0
75;2021-02-21;194;154;102675;43761;4.8;2.0
75;2021-02-22;1223;1840;103898;45601;4.8;2.1
75;2021-02-23;1448;2587;105346;48188;4.9;2.2
75;2021-02-24;1690;2234;107036;50422;5.0;2.3
75;2021-02-25;2771;5126;109807;55548;5.1;2.6
75;2021-02-26;3370;2601;113177;58149;5.3;2.7
75;2021-02-27;1401;902;114578;59051;5.3;2.7
75;2021-02-28;323;138;114901;59189;5.3;2.8
75;2021-03-01;2593;1634;117494;60823;5.5;2.8
75;2021-03-02;4173;2169;121667;62992;5.7;2.9
75;2021-03-03;5423;2320;127090;65312;5.9;3.0
75;2021-03-04;8042;2585;135132;67897;6.3;3.2
75;2021-03-05;10557;2738;145689;70635;6.8;3.3
75;2021-03-06;11075;1106;156764;71741;7.3;3.3
75;2021-03-07;9502;1521;166266;73262;7.7;3.4
75;2021-03-08;5896;1564;172162;74826;8.0;3.5
75;2021-03-09;7514;2138;179676;76964;8.4;3.6
75;2021-03-10;7499;2142;187175;79106;8.7;3.7
75;2021-03-11;10338;2544;197513;81650;9.2;3.8
75;2021-03-12;12059;2584;209572;84234;9.8;3.9
75;2021-03-13;8544;786;218116;85020;10.2;4.0
75;2021-03-14;4166;258;222282;85278;10.3;4.0
75;2021-03-15;7454;985;229736;86263;10.7;4.0
75;2021-03-16;5147;696;234883;86959;10.9;4.0
75;2021-03-17;5426;848;240309;87807;11.2;4.1
75;2021-03-18;6617;881;246926;88688;11.5;4.1
75;2021-03-19;9746;1006;256672;89694;11.9;4.2
75;2021-03-20;5940;613;262612;90307;12.2;4.2
75;2021-03-21;1589;435;264201;90742;12.3;4.2
75;2021-03-22;8646;1031;272847;91773;12.7;4.3
75;2021-03-23;10949;1272;283796;93045;13.2;4.3
75;2021-03-24;10994;1341;294790;94386;13.7;4.4
75;2021-03-25;14206;1553;308996;95939;14.4;4.5
75;2021-03-26;13967;1709;322963;97648;15.0;4.5
75;2021-03-27;7277;778;330240;98426;15.4;4.6
75;2021-03-28;1776;150;332016;98576;15.5;4.6
75;2021-03-29;7968;2206;339984;100782;15.8;4.7
75;2021-03-30;10933;3249;350917;104031;16.3;4.8
75;2021-03-31;9736;3619;360653;107650;16.8;5.0
75;2021-04-01;10685;5213;371338;112863;17.3;5.3
75;2021-04-02;9047;5585;380385;118448;17.7;5.5
75;2021-04-03;4112;4894;384497;123342;17.9;5.7
75;2021-04-04;1415;1485;385912;124827;18.0;5.8
75;2021-04-05;2244;1403;388156;126230;18.1;5.9
75;2021-04-06;6898;4301;395054;130531;18.4;6.1
75;2021-04-07;8074;4417;403128;134948;18.8;6.3
75;2021-04-08;11074;4179;414202;139127;19.3;6.5
75;2021-04-09;12198;4632;426400;143759;19.8;6.7
75;2021-04-10;5834;4269;432234;148028;20.1;6.9
75;2021-04-11;1933;1792;434167;149820;20.2;7.0
75;2021-04-12;7474;3793;441641;153613;20.6;7.2
75;2021-04-13;8561;6829;450202;160442;21.0;7.5
75;2021-04-14;8284;5221;458486;165663;21.3;7.7
75;2021-04-15;8897;6135;467383;171798;21.8;8.0
75;2021-04-16;9380;6113;476763;177911;22.2;8.3
75;2021-04-17;4818;3648;481581;181559;22.4;8.5
75;2021-04-18;1663;878;483244;182437;22.5;8.5
75;2021-04-19;5573;4951;488817;187388;22.8;8.7
75;2021-04-20;6461;5959;495278;193347;23.1;9.0
75;2021-04-21;6866;5575;502144;198922;23.4;9.3
75;2021-04-22;7540;5915;509684;204837;23.7;9.5
75;2021-04-23;8590;6383;518274;211220;24.1;9.8
75;2021-04-24;6167;3351;524441;214571;24.4;10.0
75;2021-04-25;2965;761;527406;215332;24.6;10.0
75;2021-04-26;7027;4722;534433;220054;24.9;10.2
75;2021-04-27;10590;6424;545023;226478;25.4;10.5
75;2021-04-28;12197;6025;557220;232503;25.9;10.8
75;2021-04-29;13757;6340;570977;238843;26.6;11.1
75;2021-04-30;13663;6183;584640;245026;27.2;11.4
75;2021-05-01;5075;1327;589715;246353;27.5;11.5
75;2021-05-02;2382;797;592097;247150;27.6;11.5
75;2021-05-03;10281;13488;602378;260638;28.0;12.1
75;2021-05-04;11180;8082;613558;268720;28.6;12.5
75;2021-05-05;13558;6713;627116;275433;29.2;12.8
75;2021-05-06;13997;8194;641113;283627;29.8;13.2
75;2021-05-07;13972;8589;655085;292216;30.5;13.6
75;2021-05-08;10081;5517;665166;297733;31.0;13.9
75;2021-05-09;3817;3190;668983;300923;31.1;14.0
75;2021-05-10;14295;6729;683278;307652;31.8;14.3
75;2021-05-11;16842;8419;700120;316071;32.6;14.7
75;2021-05-12;17958;8160;718078;324231;33.4;15.1
75;2021-05-13;13635;2506;731713;326737;34.1;15.2
75;2021-05-14;18387;5138;750100;331875;34.9;15.4
75;2021-05-15;12313;2651;762413;334526;35.5;15.6
75;2021-05-16;3851;760;766264;335286;35.7;15.6
75;2021-05-17;16001;4654;782265;339940;36.4;15.8
75;2021-05-18;19155;5332;801420;345272;37.3;16.1
75;2021-05-19;20721;10728;822141;356000;38.3;16.6
75;2021-05-20;21587;8675;843728;364675;39.3;17.0
75;2021-05-21;21029;6553;864757;371228;40.3;17.3
75;2021-05-22;15921;3310;880678;374538;41.0;17.4
75;2021-05-23;5636;1338;886314;375876;41.3;17.5
75;2021-05-24;15637;2561;901951;378437;42.0;17.6
75;2021-05-25;18026;9591;919977;388028;42.8;18.1
75;2021-05-26;18880;8218;938857;396246;43.7;18.4
75;2021-05-27;20143;9817;959000;406063;44.6;18.9
75;2021-05-28;19345;10867;978345;416930;45.5;19.4
75;2021-05-29;16122;5850;994467;422780;46.3;19.7
75;2021-05-30;7038;2161;1001505;424941;46.6;19.8
75;2021-05-31;18102;9460;1019607;434401;47.5;20.2
75;2021-06-01;18683;12984;1038290;447385;48.3;20.8
75;2021-06-02;18117;10309;1056407;457694;49.2;21.3
75;2021-06-03;20257;11981;1076664;469675;50.1;21.9
75;2021-06-04;18125;12865;1094789;482540;51.0;22.5
75;2021-06-05;11990;9624;1106779;492164;51.5;22.9
75;2021-06-06;6726;3157;1113505;495321;51.8;23.1
75;2021-06-07;13905;11839;1127410;507160;52.5;23.6
75;2021-06-08;14804;13982;1142214;521142;53.2;24.3
75;2021-06-09;16513;15252;1158727;536394;53.9;25.0
75;2021-06-10;18374;26323;1177101;562717;54.8;26.2
75;2021-06-11;15322;16474;1192423;579191;55.5;27.0
75;2021-06-12;13289;10000;1205712;589191;56.1;27.4
75;2021-06-13;6276;3798;1211988;592989;56.4;27.6
75;2021-06-14;11837;15423;1223825;608412;57.0;28.3
75;2021-06-15;12744;19563;1236569;627975;57.6;29.2
75;2021-06-16;12209;17247;1248778;645222;58.1;30.0
75;2021-06-17;12653;17688;1261431;662910;58.7;30.9
75;2021-06-18;11286;22626;1272717;685536;59.2;31.9
75;2021-06-19;7536;11828;1280253;697364;59.6;32.5
75;2021-06-20;2820;5486;1283073;702850;59.7;32.7
75;2021-06-21;8510;16343;1291583;719193;60.1;33.5
75;2021-06-22;8804;21809;1300387;741002;60.5;34.5
75;2021-06-23;10310;21442;1310697;762444;61.0;35.5
75;2021-06-24;11309;20647;1322006;783091;61.5;36.5
75;2021-06-25;9868;24701;1331874;807792;62.0;37.6
75;2021-06-26;7947;15428;1339821;823220;62.4;38.3
75;2021-06-27;2699;6330;1342520;829550;62.5;38.6
75;2021-06-28;8474;20153;1350994;849703;62.9;39.6
75;2021-06-29;9345;23842;1360339;873545;63.3;40.7
75;2021-06-30;10200;23631;1370539;897176;63.8;41.8
75;2021-07-01;11441;23526;1381980;920702;64.3;42.9
75;2021-07-02;10879;24790;1392859;945492;64.8;44.0
75;2021-07-03;7822;19819;1400681;965311;65.2;44.9
75;2021-07-04;3910;9556;1404591;974867;65.4;45.4
75;2021-07-05;9307;21586;1413898;996453;65.8;46.4
75;2021-07-06;10154;24013;1424052;1020466;66.3;47.5
75;2021-07-07;10136;25100;1434188;1045566;66.8;48.7
75;2021-07-08;10649;25022;1444837;1070588;67.3;49.8
75;2021-07-09;10764;24039;1455601;1094627;67.8;51.0
75;2021-07-10;7933;18512;1463534;1113139;68.1;51.8
75;2021-07-11;4348;8534;1467882;1121673;68.3;52.2
75;2021-07-12;9803;23096;1477685;1144769;68.8;53.3
75;2021-07-13;14316;24827;1492001;1169596;69.5;54.4
75;2021-07-14;8274;9725;1500275;1179321;69.8;54.9
75;2021-07-15;15228;25678;1515503;1204999;70.5;56.1
75;2021-07-16;15705;22164;1531208;1227163;71.3;57.1
75;2021-07-17;11711;16904;1542919;1244067;71.8;57.9
75;2021-07-18;6279;6834;1549198;1250901;72.1;58.2
75;2021-07-19;14358;21320;1563556;1272221;72.8;59.2
75;2021-07-20;16057;21892;1579613;1294113;73.5;60.2
75;2021-07-21;15672;20728;1595285;1314841;74.3;61.2
75;2021-07-22;17127;20095;1612412;1334936;75.1;62.1
75;2021-07-23;17004;19106;1629416;1354042;75.8;63.0
75;2021-07-24;11191;14078;1640607;1368120;76.4;63.7
75;2021-07-25;5006;5076;1645613;1373196;76.6;63.9
75;2021-07-26;15162;16890;1660775;1390086;77.3;64.7
75;2021-07-27;18099;16658;1678874;1406744;78.2;65.5
75;2021-07-28;17094;15484;1695968;1422228;78.9;66.2
75;2021-07-29;16727;15083;1712695;1437311;79.7;66.9
75;2021-07-30;16255;14316;1728950;1451627;80.5;67.6
75;2021-07-31;9323;9857;1738273;1461484;80.9;68.0
75;2021-08-01;3589;3297;1741862;1464781;81.1;68.2
75;2021-08-02;10617;12002;1752479;1476783;81.6;68.7
75;2021-08-03;10998;10829;1763477;1487612;82.1;69.2
75;2021-08-04;9451;9497;1772928;1497109;82.5;69.7
75;2021-08-05;8577;9534;1781505;1506643;82.9;70.1
75;2021-08-06;8097;9971;1789602;1516614;83.3;70.6
75;2021-08-07;5661;7139;1795263;1523753;83.6;70.9
75;2021-08-08;1928;3274;1797191;1527027;83.7;71.1
75;2021-08-09;8425;11461;1805616;1538488;84.0;71.6
75;2021-08-10;8977;11577;1814593;1550065;84.5;72.2
75;2021-08-11;7618;10129;1822211;1560194;84.8;72.6
75;2021-08-12;6757;10625;1828968;1570819;85.1;73.1
75;2021-08-13;6035;8909;1835003;1579728;85.4;73.5
75;2021-08-14;4019;7194;1839022;1586922;85.6;73.9
75;2021-08-15;922;1929;1839944;1588851;85.6;74.0
75;2021-08-16;5976;14022;1845920;1602873;85.9;74.6
75;2021-08-17;5680;13584;1851600;1616457;86.2;75.2
75;2021-08-18;4898;11984;1856498;1628441;86.4;75.8
75;2021-08-19;4627;12678;1861125;1641119;86.6;76.4
75;2021-08-20;4426;11760;1865551;1652879;86.8;76.9
75;2021-08-21;3137;8793;1868688;1661672;87.0;77.3
75;2021-08-22;984;3165;1869672;1664837;87.0;77.5
75;2021-08-23;4814;15288;1874486;1680125;87.3;78.2
75;2021-08-24;4721;14517;1879207;1694642;87.5;78.9
75;2021-08-25;4407;12294;1883614;1706936;87.7;79.5
75;2021-08-26;3967;10242;1887581;1717178;87.9;79.9
75;2021-08-27;4360;11632;1891941;1728810;88.1;80.5
75;2021-08-28;2992;8278;1894933;1737088;88.2;80.9
75;2021-08-29;743;2005;1895676;1739093;88.2;81.0
75;2021-08-30;4427;14623;1900103;1753716;88.4;81.6
75;2021-08-31;4265;13739;1904368;1767455;88.6;82.3
75;2021-09-01;3773;11314;1908141;1778769;88.8;82.8
76;2020-12-27;0;0;0;0;0.0;0.0
76;2020-12-28;0;0;0;0;0.0;0.0
76;2020-12-29;0;0;0;0;0.0;0.0
76;2020-12-30;0;0;0;0;0.0;0.0
76;2020-12-31;0;0;0;0;0.0;0.0
76;2021-01-01;0;0;0;0;0.0;0.0
76;2021-01-02;0;0;0;0;0.0;0.0
76;2021-01-03;0;0;0;0;0.0;0.0
76;2021-01-04;17;0;17;0;0.0;0.0
76;2021-01-05;138;0;155;0;0.0;0.0
76;2021-01-06;682;2;837;2;0.1;0.0
76;2021-01-07;1355;7;2192;9;0.2;0.0
76;2021-01-08;1536;2;3728;11;0.3;0.0
76;2021-01-09;736;2;4464;13;0.4;0.0
76;2021-01-10;492;1;4956;14;0.4;0.0
76;2021-01-11;1358;2;6314;16;0.5;0.0
76;2021-01-12;1358;2;7672;18;0.6;0.0
76;2021-01-13;1187;4;8859;22;0.7;0.0
76;2021-01-14;2175;24;11034;46;0.9;0.0
76;2021-01-15;1911;9;12945;55;1.0;0.0
76;2021-01-16;990;7;13935;62;1.1;0.0
76;2021-01-17;2897;20;16832;82;1.4;0.0
76;2021-01-18;4396;16;21228;98;1.7;0.0
76;2021-01-19;3014;8;24242;106;1.9;0.0
76;2021-01-20;2069;7;26311;113;2.1;0.0
76;2021-01-21;1773;4;28084;117;2.3;0.0
76;2021-01-22;1706;4;29790;121;2.4;0.0
76;2021-01-23;449;1;30239;122;2.4;0.0
76;2021-01-24;99;0;30338;122;2.4;0.0
76;2021-01-25;1474;139;31812;261;2.6;0.0
76;2021-01-26;1391;333;33203;594;2.7;0.0
76;2021-01-27;1342;427;34545;1021;2.8;0.1
76;2021-01-28;1283;381;35828;1402;2.9;0.1
76;2021-01-29;1153;452;36981;1854;3.0;0.1
76;2021-01-30;283;300;37264;2154;3.0;0.2
76;2021-01-31;4;98;37268;2252;3.0;0.2
76;2021-02-01;841;796;38109;3048;3.1;0.2
76;2021-02-02;1057;1012;39166;4060;3.1;0.3
76;2021-02-03;919;982;40085;5042;3.2;0.4
76;2021-02-04;976;1431;41061;6473;3.3;0.5
76;2021-02-05;974;1097;42035;7570;3.4;0.6
76;2021-02-06;262;868;42297;8438;3.4;0.7
76;2021-02-07;468;1649;42765;10087;3.4;0.8
76;2021-02-08;1924;3702;44689;13789;3.6;1.1
76;2021-02-09;1757;2941;46446;16730;3.7;1.3
76;2021-02-10;1489;1788;47935;18518;3.9;1.5
76;2021-02-11;1677;1500;49612;20018;4.0;1.6
76;2021-02-12;1707;1542;51319;21560;4.1;1.7
76;2021-02-13;230;332;51549;21892;4.1;1.8
76;2021-02-14;9;82;51558;21974;4.1;1.8
76;2021-02-15;554;1664;52112;23638;4.2;1.9
76;2021-02-16;741;1599;52853;25237;4.2;2.0
76;2021-02-17;625;1402;53478;26639;4.3;2.1
76;2021-02-18;780;1352;54258;27991;4.4;2.3
76;2021-02-19;869;1304;55127;29295;4.4;2.4
76;2021-02-20;270;276;55397;29571;4.5;2.4
76;2021-02-21;0;0;55397;29571;4.5;2.4
76;2021-02-22;371;1269;55768;30840;4.5;2.5
76;2021-02-23;575;1209;56343;32049;4.5;2.6
76;2021-02-24;599;1175;56942;33224;4.6;2.7
76;2021-02-25;1664;1224;58606;34448;4.7;2.8
76;2021-02-26;2171;1018;60777;35466;4.9;2.9
76;2021-02-27;1108;272;61885;35738;5.0;2.9
76;2021-02-28;27;196;61912;35934;5.0;2.9
76;2021-03-01;828;2065;62740;37999;5.0;3.1
76;2021-03-02;1381;1710;64121;39709;5.2;3.2
76;2021-03-03;1942;1386;66063;41095;5.3;3.3
76;2021-03-04;2818;1107;68881;42202;5.5;3.4
76;2021-03-05;4180;813;73061;43015;5.9;3.5
76;2021-03-06;3365;167;76426;43182;6.1;3.5
76;2021-03-07;1257;35;77683;43217;6.2;3.5
76;2021-03-08;2102;1254;79785;44471;6.4;3.6
76;2021-03-09;3575;1170;83360;45641;6.7;3.7
76;2021-03-10;3593;1070;86953;46711;7.0;3.8
76;2021-03-11;5633;939;92586;47650;7.4;3.8
76;2021-03-12;6828;602;99414;48252;8.0;3.9
76;2021-03-13;4647;149;104061;48401;8.4;3.9
76;2021-03-14;1068;28;105129;48429;8.5;3.9
76;2021-03-15;2918;233;108047;48662;8.7;3.9
76;2021-03-16;2557;401;110604;49063;8.9;3.9
76;2021-03-17;2697;313;113301;49376;9.1;4.0
76;2021-03-18;3002;310;116303;49686;9.4;4.0
76;2021-03-19;4396;432;120699;50118;9.7;4.0
76;2021-03-20;3974;291;124673;50409;10.0;4.1
76;2021-03-21;838;15;125511;50424;10.1;4.1
76;2021-03-22;3992;347;129503;50771;10.4;4.1
76;2021-03-23;5711;358;135214;51129;10.9;4.1
76;2021-03-24;5701;395;140915;51524;11.3;4.1
76;2021-03-25;7508;574;148423;52098;11.9;4.2
76;2021-03-26;8722;589;157145;52687;12.6;4.2
76;2021-03-27;4810;389;161955;53076;13.0;4.3
76;2021-03-28;1021;32;162976;53108;13.1;4.3
76;2021-03-29;5390;825;168366;53933;13.5;4.3
76;2021-03-30;6585;1058;174951;54991;14.1;4.4
76;2021-03-31;6448;1257;181399;56248;14.6;4.5
76;2021-04-01;6787;2035;188186;58283;15.1;4.7
76;2021-04-02;6488;2681;194674;60964;15.7;4.9
76;2021-04-03;2442;1081;197116;62045;15.8;5.0
76;2021-04-04;264;10;197380;62055;15.9;5.0
76;2021-04-05;868;379;198248;62434;15.9;5.0
76;2021-04-06;3558;2789;201806;65223;16.2;5.2
76;2021-04-07;4417;2404;206223;67627;16.6;5.4
76;2021-04-08;5841;2784;212064;70411;17.0;5.7
76;2021-04-09;8806;3072;220870;73483;17.8;5.9
76;2021-04-10;4877;1422;225747;74905;18.1;6.0
76;2021-04-11;814;531;226561;75436;18.2;6.1
76;2021-04-12;4726;2849;231287;78285;18.6;6.3
76;2021-04-13;5928;2865;237215;81150;19.1;6.5
76;2021-04-14;4804;3127;242019;84277;19.5;6.8
76;2021-04-15;5564;3361;247583;87638;19.9;7.0
76;2021-04-16;7353;3437;254936;91075;20.5;7.3
76;2021-04-17;4388;1430;259324;92505;20.8;7.4
76;2021-04-18;339;140;259663;92645;20.9;7.4
76;2021-04-19;3478;3776;263141;96421;21.2;7.8
76;2021-04-20;4343;4276;267484;100697;21.5;8.1
76;2021-04-21;4193;4692;271677;105389;21.8;8.5
76;2021-04-22;4562;5438;276239;110827;22.2;8.9
76;2021-04-23;5439;5963;281678;116790;22.6;9.4
76;2021-04-24;4165;2195;285843;118985;23.0;9.6
76;2021-04-25;893;268;286736;119253;23.1;9.6
76;2021-04-26;4483;4476;291219;123729;23.4;9.9
76;2021-04-27;4998;5006;296217;128735;23.8;10.4
76;2021-04-28;5348;4168;301565;132903;24.2;10.7
76;2021-04-29;6926;4161;308491;137064;24.8;11.0
76;2021-04-30;8219;4641;316710;141705;25.5;11.4
76;2021-05-01;4828;1014;321538;142719;25.9;11.5
76;2021-05-02;1843;264;323381;142983;26.0;11.5
76;2021-05-03;4703;3309;328084;146292;26.4;11.8
76;2021-05-04;4823;4555;332907;150847;26.8;12.1
76;2021-05-05;4784;5176;337691;156023;27.2;12.5
76;2021-05-06;5923;5588;343614;161611;27.6;13.0
76;2021-05-07;6138;6766;349752;168377;28.1;13.5
76;2021-05-08;5056;907;354808;169284;28.5;13.6
76;2021-05-09;2539;235;357347;169519;28.7;13.6
76;2021-05-10;4947;5068;362294;174587;29.1;14.0
76;2021-05-11;6518;5688;368812;180275;29.7;14.5
76;2021-05-12;6263;5084;375075;185359;30.2;14.9
76;2021-05-13;8846;1282;383921;186641;30.9;15.0
76;2021-05-14;10417;4667;394338;191308;31.7;15.4
76;2021-05-15;9119;2454;403457;193762;32.4;15.6
76;2021-05-16;6234;479;409691;194241;32.9;15.6
76;2021-05-17;7226;3282;416917;197523;33.5;15.9
76;2021-05-18;8304;2815;425221;200338;34.2;16.1
76;2021-05-19;8403;3199;433624;203537;34.9;16.4
76;2021-05-20;9649;3427;443273;206964;35.6;16.6
76;2021-05-21;8369;4096;451642;211060;36.3;17.0
76;2021-05-22;7165;2362;458807;213422;36.9;17.2
76;2021-05-23;6390;416;465197;213838;37.4;17.2
76;2021-05-24;6865;1531;472062;215369;38.0;17.3
76;2021-05-25;8025;4092;480087;219461;38.6;17.6
76;2021-05-26;7574;3611;487661;223072;39.2;17.9
76;2021-05-27;8346;4714;496007;227786;39.9;18.3
76;2021-05-28;8233;6574;504240;234360;40.5;18.8
76;2021-05-29;6223;3518;510463;237878;41.0;19.1
76;2021-05-30;3147;431;513610;238309;41.3;19.2
76;2021-05-31;8169;3971;521779;242280;42.0;19.5
76;2021-06-01;9212;5036;530991;247316;42.7;19.9
76;2021-06-02;7932;4446;538923;251762;43.3;20.2
76;2021-06-03;9540;5411;548463;257173;44.1;20.7
76;2021-06-04;9244;6692;557707;263865;44.8;21.2
76;2021-06-05;6289;3816;563996;267681;45.3;21.5
76;2021-06-06;2554;649;566550;268330;45.6;21.6
76;2021-06-07;6982;5452;573532;273782;46.1;22.0
76;2021-06-08;8655;6286;582187;280068;46.8;22.5
76;2021-06-09;7212;6085;589399;286153;47.4;23.0
76;2021-06-10;7995;6569;597394;292722;48.0;23.5
76;2021-06-11;7581;8238;604975;300960;48.6;24.2
76;2021-06-12;7167;5877;612142;306837;49.2;24.7
76;2021-06-13;2962;1296;615104;308133;49.5;24.8
76;2021-06-14;6490;6740;621594;314873;50.0;25.3
76;2021-06-15;6298;7476;627892;322349;50.5;25.9
76;2021-06-16;6655;7485;634547;329834;51.0;26.5
76;2021-06-17;7011;7760;641558;337594;51.6;27.1
76;2021-06-18;7689;9240;649247;346834;52.2;27.9
76;2021-06-19;5986;6264;655233;353098;52.7;28.4
76;2021-06-20;2811;1816;658044;354914;52.9;28.5
76;2021-06-21;5588;8174;663632;363088;53.4;29.2
76;2021-06-22;4926;9880;668558;372968;53.8;30.0
76;2021-06-23;4729;9435;673287;382403;54.1;30.7
76;2021-06-24;4798;9922;678085;392325;54.5;31.5
76;2021-06-25;5226;11579;683311;403904;54.9;32.5
76;2021-06-26;3454;7878;686765;411782;55.2;33.1
76;2021-06-27;1367;5164;688132;416946;55.3;33.5
76;2021-06-28;3614;9948;691746;426894;55.6;34.3
76;2021-06-29;3875;10232;695621;437126;55.9;35.1
76;2021-06-30;4272;9844;699893;446970;56.3;35.9
76;2021-07-01;4593;9912;704486;456882;56.6;36.7
76;2021-07-02;4370;12008;708856;468890;57.0;37.7
76;2021-07-03;3586;8451;712442;477341;57.3;38.4
76;2021-07-04;1487;5306;713929;482647;57.4;38.8
76;2021-07-05;3954;9334;717883;491981;57.7;39.6
76;2021-07-06;4055;10077;721938;502058;58.0;40.4
76;2021-07-07;4014;9329;725952;511387;58.4;41.1
76;2021-07-08;4466;9455;730418;520842;58.7;41.9
76;2021-07-09;4366;12409;734784;533251;59.1;42.9
76;2021-07-10;3138;8552;737922;541803;59.3;43.6
76;2021-07-11;1777;2820;739699;544623;59.5;43.8
76;2021-07-12;3156;11152;742855;555775;59.7;44.7
76;2021-07-13;4935;12259;747790;568034;60.1;45.7
76;2021-07-14;4804;5543;752594;573577;60.5;46.1
76;2021-07-15;5914;11792;758508;585369;61.0;47.1
76;2021-07-16;6722;12017;765230;597386;61.5;48.0
76;2021-07-17;5279;8706;770509;606092;61.9;48.7
76;2021-07-18;2258;3357;772767;609449;62.1;49.0
76;2021-07-19;5161;11154;777928;620603;62.5;49.9
76;2021-07-20;6278;11626;784206;632229;63.0;50.8
76;2021-07-21;6341;10566;790547;642795;63.6;51.7
76;2021-07-22;8241;9655;798788;652450;64.2;52.5
76;2021-07-23;7639;11997;806427;664447;64.8;53.4
76;2021-07-24;4993;7718;811420;672165;65.2;54.0
76;2021-07-25;2873;3142;814293;675307;65.5;54.3
76;2021-07-26;5440;10150;819733;685457;65.9;55.1
76;2021-07-27;8334;9556;828067;695013;66.6;55.9
76;2021-07-28;8250;7822;836317;702835;67.2;56.5
76;2021-07-29;9582;6975;845899;709810;68.0;57.1
76;2021-07-30;8013;7835;853912;717645;68.7;57.7
76;2021-07-31;6600;5325;860512;722970;69.2;58.1
76;2021-08-01;3863;2083;864375;725053;69.5;58.3
76;2021-08-02;6558;7096;870933;732149;70.0;58.9
76;2021-08-03;7972;6354;878905;738503;70.7;59.4
76;2021-08-04;7240;5847;886145;744350;71.2;59.8
76;2021-08-05;8076;5723;894221;750073;71.9;60.3
76;2021-08-06;6795;6869;901016;756942;72.4;60.9
76;2021-08-07;4785;4379;905801;761321;72.8;61.2
76;2021-08-08;2407;2159;908208;763480;73.0;61.4
76;2021-08-09;5629;6738;913837;770218;73.5;61.9
76;2021-08-10;6335;6555;920172;776773;74.0;62.5
76;2021-08-11;6442;5494;926614;782267;74.5;62.9
76;2021-08-12;6013;6061;932627;788328;75.0;63.4
76;2021-08-13;5030;6208;937657;794536;75.4;63.9
76;2021-08-14;3823;4599;941480;799135;75.7;64.3
76;2021-08-15;1573;2352;943053;801487;75.8;64.4
76;2021-08-16;3611;6722;946664;808209;76.1;65.0
76;2021-08-17;3890;6943;950554;815152;76.4;65.5
76;2021-08-18;3729;6740;954283;821892;76.7;66.1
76;2021-08-19;3360;7170;957643;829062;77.0;66.7
76;2021-08-20;3419;7825;961062;836887;77.3;67.3
76;2021-08-21;1814;4216;962876;841103;77.4;67.6
76;2021-08-22;865;3291;963741;844394;77.5;67.9
76;2021-08-23;2614;7755;966355;852149;77.7;68.5
76;2021-08-24;2814;7580;969169;859729;77.9;69.1
76;2021-08-25;2616;7071;971785;866800;78.1;69.7
76;2021-08-26;2069;5793;973854;872593;78.3;70.2
76;2021-08-27;2681;7943;976535;880536;78.5;70.8
76;2021-08-28;2132;6057;978667;886593;78.7;71.3
76;2021-08-29;693;3007;979360;889600;78.7;71.5
76;2021-08-30;2158;7431;981518;897031;78.9;72.1
76;2021-08-31;1934;7319;983452;904350;79.1;72.7
76;2021-09-01;1701;6876;985153;911226;79.2;73.3
77;2020-12-27;1;0;1;0;0.0;0.0
77;2020-12-28;1;0;2;0;0.0;0.0
77;2020-12-29;0;0;2;0;0.0;0.0
77;2020-12-30;0;0;2;0;0.0;0.0
77;2020-12-31;0;0;2;0;0.0;0.0
77;2021-01-01;4;0;6;0;0.0;0.0
77;2021-01-02;0;0;6;0;0.0;0.0
77;2021-01-03;0;0;6;0;0.0;0.0
77;2021-01-04;7;0;13;0;0.0;0.0
77;2021-01-05;199;0;212;0;0.0;0.0
77;2021-01-06;235;2;447;2;0.0;0.0
77;2021-01-07;521;3;968;5;0.1;0.0
77;2021-01-08;621;0;1589;5;0.1;0.0
77;2021-01-09;273;1;1862;6;0.1;0.0
77;2021-01-10;235;2;2097;8;0.1;0.0
77;2021-01-11;784;3;2881;11;0.2;0.0
77;2021-01-12;884;1;3765;12;0.3;0.0
77;2021-01-13;941;2;4706;14;0.3;0.0
77;2021-01-14;848;7;5554;21;0.4;0.0
77;2021-01-15;859;11;6413;32;0.5;0.0
77;2021-01-16;168;1;6581;33;0.5;0.0
77;2021-01-17;132;2;6713;35;0.5;0.0
77;2021-01-18;1194;5;7907;40;0.6;0.0
77;2021-01-19;1722;22;9629;62;0.7;0.0
77;2021-01-20;2541;6;12170;68;0.9;0.0
77;2021-01-21;2054;24;14224;92;1.0;0.0
77;2021-01-22;1147;8;15371;100;1.1;0.0
77;2021-01-23;350;0;15721;100;1.1;0.0
77;2021-01-24;44;0;15765;100;1.1;0.0
77;2021-01-25;941;24;16706;124;1.2;0.0
77;2021-01-26;1712;21;18418;145;1.3;0.0
77;2021-01-27;1363;27;19781;172;1.4;0.0
77;2021-01-28;1698;92;21479;264;1.5;0.0
77;2021-01-29;1285;145;22764;409;1.6;0.0
77;2021-01-30;211;2;22975;411;1.6;0.0
77;2021-01-31;1;0;22976;411;1.6;0.0
77;2021-02-01;569;208;23545;619;1.7;0.0
77;2021-02-02;871;262;24416;881;1.7;0.1
77;2021-02-03;795;517;25211;1398;1.8;0.1
77;2021-02-04;789;801;26000;2199;1.8;0.2
77;2021-02-05;857;839;26857;3038;1.9;0.2
77;2021-02-06;165;101;27022;3139;1.9;0.2
77;2021-02-07;16;92;27038;3231;1.9;0.2
77;2021-02-08;496;916;27534;4147;1.9;0.3
77;2021-02-09;590;1444;28124;5591;2.0;0.4
77;2021-02-10;1029;1810;29153;7401;2.0;0.5
77;2021-02-11;1059;1634;30212;9035;2.1;0.6
77;2021-02-12;1098;1157;31310;10192;2.2;0.7
77;2021-02-13;187;174;31497;10366;2.2;0.7
77;2021-02-14;12;56;31509;10422;2.2;0.7
77;2021-02-15;555;994;32064;11416;2.3;0.8
77;2021-02-16;599;1490;32663;12906;2.3;0.9
77;2021-02-17;515;1149;33178;14055;2.3;1.0
77;2021-02-18;840;1571;34018;15626;2.4;1.1
77;2021-02-19;777;1112;34795;16738;2.4;1.2
77;2021-02-20;54;174;34849;16912;2.4;1.2
77;2021-02-21;7;31;34856;16943;2.4;1.2
77;2021-02-22;303;744;35159;17687;2.5;1.2
77;2021-02-23;360;1090;35519;18777;2.5;1.3
77;2021-02-24;513;867;36032;19644;2.5;1.4
77;2021-02-25;794;938;36826;20582;2.6;1.4
77;2021-02-26;841;815;37667;21397;2.6;1.5
77;2021-02-27;459;167;38126;21564;2.7;1.5
77;2021-02-28;33;5;38159;21569;2.7;1.5
77;2021-03-01;676;705;38835;22274;2.7;1.6
77;2021-03-02;1093;1020;39928;23294;2.8;1.6
77;2021-03-03;1957;1176;41885;24470;2.9;1.7
77;2021-03-04;2799;1131;44684;25601;3.1;1.8
77;2021-03-05;3380;1050;48064;26651;3.4;1.9
77;2021-03-06;4824;267;52888;26918;3.7;1.9
77;2021-03-07;3193;115;56081;27033;3.9;1.9
77;2021-03-08;1230;506;57311;27539;4.0;1.9
77;2021-03-09;2504;633;59815;28172;4.2;2.0
77;2021-03-10;2398;579;62213;28751;4.4;2.0
77;2021-03-11;3500;787;65713;29538;4.6;2.1
77;2021-03-12;3890;686;69603;30224;4.9;2.1
77;2021-03-13;4481;206;74084;30430;5.2;2.1
77;2021-03-14;2153;123;76237;30553;5.4;2.1
77;2021-03-15;2511;277;78748;30830;5.5;2.2
77;2021-03-16;2444;374;81192;31204;5.7;2.2
77;2021-03-17;2554;429;83746;31633;5.9;2.2
77;2021-03-18;3010;399;86756;32032;6.1;2.3
77;2021-03-19;3358;439;90114;32471;6.3;2.3
77;2021-03-20;1966;77;92080;32548;6.5;2.3
77;2021-03-21;243;14;92323;32562;6.5;2.3
77;2021-03-22;3021;406;95344;32968;6.7;2.3
77;2021-03-23;4520;532;99864;33500;7.0;2.4
77;2021-03-24;4154;618;104018;34118;7.3;2.4
77;2021-03-25;5908;406;109926;34524;7.7;2.4
77;2021-03-26;6269;450;116195;34974;8.2;2.5
77;2021-03-27;3321;122;119516;35096;8.4;2.5
77;2021-03-28;1730;47;121246;35143;8.5;2.5
77;2021-03-29;2655;689;123901;35832;8.7;2.5
77;2021-03-30;3995;1191;127896;37023;9.0;2.6
77;2021-03-31;3753;1220;131649;38243;9.2;2.7
77;2021-04-01;4143;1820;135792;40063;9.5;2.8
77;2021-04-02;3992;2012;139784;42075;9.8;3.0
77;2021-04-03;1746;2279;141530;44354;9.9;3.1
77;2021-04-04;423;1427;141953;45781;10.0;3.2
77;2021-04-05;162;164;142115;45945;10.0;3.2
77;2021-04-06;2720;1924;144835;47869;10.2;3.4
77;2021-04-07;3319;2085;148154;49954;10.4;3.5
77;2021-04-08;4534;2363;152688;52317;10.7;3.7
77;2021-04-09;4850;2089;157538;54406;11.1;3.8
77;2021-04-10;3074;2750;160612;57156;11.3;4.0
77;2021-04-11;586;717;161198;57873;11.3;4.1
77;2021-04-12;2230;1827;163428;59700;11.5;4.2
77;2021-04-13;3357;2637;166785;62337;11.7;4.4
77;2021-04-14;2521;2648;169306;64985;11.9;4.6
77;2021-04-15;3323;3118;172629;68103;12.1;4.8
77;2021-04-16;3575;2723;176204;70826;12.4;5.0
77;2021-04-17;1386;475;177590;71301;12.5;5.0
77;2021-04-18;150;11;177740;71312;12.5;5.0
77;2021-04-19;2085;2508;179825;73820;12.6;5.2
77;2021-04-20;2573;3381;182398;77201;12.8;5.4
77;2021-04-21;2195;3476;184593;80677;13.0;5.7
77;2021-04-22;3003;3855;187596;84532;13.2;5.9
77;2021-04-23;3532;3641;191128;88173;13.4;6.2
77;2021-04-24;4901;2514;196029;90687;13.8;6.4
77;2021-04-25;4080;1239;200109;91926;14.1;6.5
77;2021-04-26;3226;2041;203335;93967;14.3;6.6
77;2021-04-27;3996;2515;207331;96482;14.6;6.8
77;2021-04-28;4069;2617;211400;99099;14.8;7.0
77;2021-04-29;4483;3084;215883;102183;15.2;7.2
77;2021-04-30;4909;3334;220792;105517;15.5;7.4
77;2021-05-01;2465;594;223257;106111;15.7;7.5
77;2021-05-02;3142;275;226399;106386;15.9;7.5
77;2021-05-03;5990;2070;232389;108456;16.3;7.6
77;2021-05-04;6441;2992;238830;111448;16.8;7.8
77;2021-05-05;6020;3025;244850;114473;17.2;8.0
77;2021-05-06;6888;3597;251738;118070;17.7;8.3
77;2021-05-07;8205;3264;259943;121334;18.3;8.5
77;2021-05-08;5714;810;265657;122144;18.7;8.6
77;2021-05-09;4908;484;270565;122628;19.0;8.6
77;2021-05-10;8089;2328;278654;124956;19.6;8.8
77;2021-05-11;9581;2918;288235;127874;20.2;9.0
77;2021-05-12;8980;2285;297215;130159;20.9;9.1
77;2021-05-13;9305;883;306520;131042;21.5;9.2
77;2021-05-14;10435;1668;316955;132710;22.3;9.3
77;2021-05-15;8993;1251;325948;133961;22.9;9.4
77;2021-05-16;5152;469;331100;134430;23.3;9.4
77;2021-05-17;10373;1478;341473;135908;24.0;9.5
77;2021-05-18;11784;1808;353257;137716;24.8;9.7
77;2021-05-19;10915;1606;364172;139322;25.6;9.8
77;2021-05-20;12212;2158;376384;141480;26.4;9.9
77;2021-05-21;11656;2700;388040;144180;27.3;10.1
77;2021-05-22;9822;1741;397862;145921;27.9;10.3
77;2021-05-23;6987;810;404849;146731;28.4;10.3
77;2021-05-24;6764;778;411613;147509;28.9;10.4
77;2021-05-25;8316;2817;419929;150326;29.5;10.6
77;2021-05-26;7564;2982;427493;153308;30.0;10.8
77;2021-05-27;7552;3965;435045;157273;30.6;11.0
77;2021-05-28;7637;4012;442682;161285;31.1;11.3
77;2021-05-29;7356;2333;450038;163618;31.6;11.5
77;2021-05-30;4361;893;454399;164511;31.9;11.6
77;2021-05-31;8383;3834;462782;168345;32.5;11.8
77;2021-06-01;9647;4382;472429;172727;33.2;12.1
77;2021-06-02;9005;3924;481434;176651;33.8;12.4
77;2021-06-03;9004;5278;490438;181929;34.5;12.8
77;2021-06-04;9119;5489;499557;187418;35.1;13.2
77;2021-06-05;6663;4988;506220;192406;35.6;13.5
77;2021-06-06;4910;3210;511130;195616;35.9;13.7
77;2021-06-07;6420;4543;517550;200159;36.4;14.1
77;2021-06-08;5726;5228;523276;205387;36.8;14.4
77;2021-06-09;5057;4963;528333;210350;37.1;14.8
77;2021-06-10;5015;5464;533348;215814;37.5;15.2
77;2021-06-11;5757;6035;539105;221849;37.9;15.6
77;2021-06-12;6545;4752;545650;226601;38.3;15.9
77;2021-06-13;3507;3050;549157;229651;38.6;16.1
77;2021-06-14;3219;7931;552376;237582;38.8;16.7
77;2021-06-15;4125;8483;556501;246065;39.1;17.3
77;2021-06-16;4808;8378;561309;254443;39.4;17.9
77;2021-06-17;4472;9027;565781;263470;39.7;18.5
77;2021-06-18;4367;9792;570148;273262;40.0;19.2
77;2021-06-19;5307;6930;575455;280192;40.4;19.7
77;2021-06-20;2094;3799;577549;283991;40.6;19.9
77;2021-06-21;3227;9581;580776;293572;40.8;20.6
77;2021-06-22;3668;11372;584444;304944;41.1;21.4
77;2021-06-23;3440;10053;587884;314997;41.3;22.1
77;2021-06-24;3362;10916;591246;325913;41.5;22.9
77;2021-06-25;3625;10805;594871;336718;41.8;23.7
77;2021-06-26;4089;10071;598960;346789;42.1;24.4
77;2021-06-27;2124;6427;601084;353216;42.2;24.8
77;2021-06-28;2800;10831;603884;364047;42.4;25.6
77;2021-06-29;3418;12530;607302;376577;42.7;26.5
77;2021-06-30;3289;11448;610591;388025;42.9;27.3
77;2021-07-01;3290;11661;613881;399686;43.1;28.1
77;2021-07-02;3458;12257;617339;411943;43.4;28.9
77;2021-07-03;3184;10799;620523;422742;43.6;29.7
77;2021-07-04;1995;6493;622518;429235;43.7;30.2
77;2021-07-05;3590;9546;626108;438781;44.0;30.8
77;2021-07-06;3738;9531;629846;448312;44.2;31.5
77;2021-07-07;4059;8957;633905;457269;44.5;32.1
77;2021-07-08;3925;8760;637830;466029;44.8;32.7
77;2021-07-09;4704;10341;642534;476370;45.1;33.5
77;2021-07-10;4047;9843;646581;486213;45.4;34.2
77;2021-07-11;3090;5093;649671;491306;45.6;34.5
77;2021-07-12;3285;10864;652956;502170;45.9;35.3
77;2021-07-13;6119;12032;659075;514202;46.3;36.1
77;2021-07-14;3553;6440;662628;520642;46.5;36.6
77;2021-07-15;7172;11971;669800;532613;47.0;37.4
77;2021-07-16;7829;9899;677629;542512;47.6;38.1
77;2021-07-17;5794;9460;683423;551972;48.0;38.8
77;2021-07-18;4140;5329;687563;557301;48.3;39.1
77;2021-07-19;7515;8942;695078;566243;48.8;39.8
77;2021-07-20;9596;8033;704674;574276;49.5;40.3
77;2021-07-21;9517;7478;714191;581754;50.2;40.9
77;2021-07-22;10558;7548;724749;589302;50.9;41.4
77;2021-07-23;9863;8194;734612;597496;51.6;42.0
77;2021-07-24;7209;7868;741821;605364;52.1;42.5
77;2021-07-25;5892;4029;747713;609393;52.5;42.8
77;2021-07-26;9210;5971;756923;615364;53.2;43.2
77;2021-07-27;10933;6039;767856;621403;53.9;43.6
77;2021-07-28;9467;6419;777323;627822;54.6;44.1
77;2021-07-29;9538;5505;786861;633327;55.3;44.5
77;2021-07-30;9729;6355;796590;639682;56.0;44.9
77;2021-07-31;7263;6628;803853;646310;56.5;45.4
77;2021-08-01;2954;1213;806807;647523;56.7;45.5
77;2021-08-02;7065;5732;813872;653255;57.2;45.9
77;2021-08-03;5791;4515;819663;657770;57.6;46.2
77;2021-08-04;4709;4387;824372;662157;57.9;46.5
77;2021-08-05;3237;2970;827609;665127;58.1;46.7
77;2021-08-06;5873;5261;833482;670388;58.5;47.1
77;2021-08-07;5282;6795;838764;677183;58.9;47.6
77;2021-08-08;1968;1863;840732;679046;59.1;47.7
77;2021-08-09;5050;6585;845782;685631;59.4;48.2
77;2021-08-10;2668;3580;848450;689211;59.6;48.4
77;2021-08-11;3093;6188;851543;695399;59.8;48.8
77;2021-08-12;2237;3568;853780;698967;60.0;49.1
77;2021-08-13;2690;4895;856470;703862;60.2;49.4
77;2021-08-14;2910;7331;859380;711193;60.4;50.0
77;2021-08-15;786;773;860166;711966;60.4;50.0
77;2021-08-16;2359;6981;862525;718947;60.6;50.5
77;2021-08-17;2865;7201;865390;726148;60.8;51.0
77;2021-08-18;2658;6555;868048;732703;61.0;51.5
77;2021-08-19;2620;5102;870668;737805;61.2;51.8
77;2021-08-20;2659;5688;873327;743493;61.3;52.2
77;2021-08-21;2709;7325;876036;750818;61.5;52.7
77;2021-08-22;1729;5336;877765;756154;61.7;53.1
77;2021-08-23;2425;9614;880190;765768;61.8;53.8
77;2021-08-24;3043;9232;883233;775000;62.0;54.4
77;2021-08-25;2535;6525;885768;781525;62.2;54.9
77;2021-08-26;2544;6242;888312;787767;62.4;55.3
77;2021-08-27;2708;6984;891020;794751;62.6;55.8
77;2021-08-28;1958;7241;892978;801992;62.7;56.3
77;2021-08-29;1480;5143;894458;807135;62.8;56.7
77;2021-08-30;2511;8142;896969;815277;63.0;57.3
77;2021-08-31;2816;5711;899785;820988;63.2;57.7
77;2021-09-01;2190;3813;901975;824801;63.4;57.9
78;2020-12-27;2;0;2;0;0.0;0.0
78;2020-12-28;0;0;2;0;0.0;0.0
78;2020-12-29;0;0;2;0;0.0;0.0
78;2020-12-30;0;0;2;0;0.0;0.0
78;2020-12-31;15;0;17;0;0.0;0.0
78;2021-01-01;1;0;18;0;0.0;0.0
78;2021-01-02;1;0;19;0;0.0;0.0
78;2021-01-03;2;0;21;0;0.0;0.0
78;2021-01-04;145;3;166;3;0.0;0.0
78;2021-01-05;175;1;341;4;0.0;0.0
78;2021-01-06;208;4;549;8;0.0;0.0
78;2021-01-07;469;2;1018;10;0.1;0.0
78;2021-01-08;651;3;1669;13;0.1;0.0
78;2021-01-09;22;0;1691;13;0.1;0.0
78;2021-01-10;2;0;1693;13;0.1;0.0
78;2021-01-11;792;3;2485;16;0.2;0.0
78;2021-01-12;945;5;3430;21;0.2;0.0
78;2021-01-13;740;8;4170;29;0.3;0.0
78;2021-01-14;811;9;4981;38;0.3;0.0
78;2021-01-15;847;10;5828;48;0.4;0.0
78;2021-01-16;32;1;5860;49;0.4;0.0
78;2021-01-17;0;0;5860;49;0.4;0.0
78;2021-01-18;1382;21;7242;70;0.5;0.0
78;2021-01-19;1841;27;9083;97;0.6;0.0
78;2021-01-20;1658;15;10741;112;0.7;0.0
78;2021-01-21;3253;16;13994;128;1.0;0.0
78;2021-01-22;2217;17;16211;145;1.1;0.0
78;2021-01-23;279;0;16490;145;1.1;0.0
78;2021-01-24;5;0;16495;145;1.1;0.0
78;2021-01-25;959;30;17454;175;1.2;0.0
78;2021-01-26;1560;20;19014;195;1.3;0.0
78;2021-01-27;2061;47;21075;242;1.5;0.0
78;2021-01-28;2436;108;23511;350;1.6;0.0
78;2021-01-29;1490;61;25001;411;1.7;0.0
78;2021-01-30;210;3;25211;414;1.7;0.0
78;2021-01-31;3;0;25214;414;1.7;0.0
78;2021-02-01;786;222;26000;636;1.8;0.0
78;2021-02-02;968;341;26968;977;1.9;0.1
78;2021-02-03;975;237;27943;1214;1.9;0.1
78;2021-02-04;1117;444;29060;1658;2.0;0.1
78;2021-02-05;1190;492;30250;2150;2.1;0.1
78;2021-02-06;198;44;30448;2194;2.1;0.2
78;2021-02-07;139;14;30587;2208;2.1;0.2
78;2021-02-08;760;594;31347;2802;2.2;0.2
78;2021-02-09;1122;934;32469;3736;2.2;0.3
78;2021-02-10;1248;1169;33717;4905;2.3;0.3
78;2021-02-11;1820;1878;35537;6783;2.5;0.5
78;2021-02-12;1820;1368;37357;8151;2.6;0.6
78;2021-02-13;173;75;37530;8226;2.6;0.6
78;2021-02-14;26;25;37556;8251;2.6;0.6
78;2021-02-15;447;1402;38003;9653;2.6;0.7
78;2021-02-16;629;1518;38632;11171;2.7;0.8
78;2021-02-17;587;2184;39219;13355;2.7;0.9
78;2021-02-18;997;2249;40216;15604;2.8;1.1
78;2021-02-19;820;1703;41036;17307;2.8;1.2
78;2021-02-20;148;118;41184;17425;2.8;1.2
78;2021-02-21;0;12;41184;17437;2.8;1.2
78;2021-02-22;501;1028;41685;18465;2.9;1.3
78;2021-02-23;540;1097;42225;19562;2.9;1.4
78;2021-02-24;619;1221;42844;20783;3.0;1.4
78;2021-02-25;866;1127;43710;21910;3.0;1.5
78;2021-02-26;1132;1222;44842;23132;3.1;1.6
78;2021-02-27;740;148;45582;23280;3.1;1.6
78;2021-02-28;68;18;45650;23298;3.2;1.6
78;2021-03-01;965;889;46615;24187;3.2;1.7
78;2021-03-02;1727;1052;48342;25239;3.3;1.7
78;2021-03-03;1964;1231;50306;26470;3.5;1.8
78;2021-03-04;2949;1584;53255;28054;3.7;1.9
78;2021-03-05;3254;1660;56509;29714;3.9;2.1
78;2021-03-06;6243;299;62752;30013;4.3;2.1
78;2021-03-07;3444;102;66196;30115;4.6;2.1
78;2021-03-08;1458;760;67654;30875;4.7;2.1
78;2021-03-09;2942;907;70596;31782;4.9;2.2
78;2021-03-10;3075;1115;73671;32897;5.1;2.3
78;2021-03-11;4176;1314;77847;34211;5.4;2.4
78;2021-03-12;5371;1349;83218;35560;5.7;2.5
78;2021-03-13;4656;197;87874;35757;6.1;2.5
78;2021-03-14;1036;41;88910;35798;6.1;2.5
78;2021-03-15;3621;268;92531;36066;6.4;2.5
78;2021-03-16;2566;569;95097;36635;6.6;2.5
78;2021-03-17;2967;438;98064;37073;6.8;2.6
78;2021-03-18;3780;446;101844;37519;7.0;2.6
78;2021-03-19;5317;488;107161;38007;7.4;2.6
78;2021-03-20;2258;127;109419;38134;7.6;2.6
78;2021-03-21;165;7;109584;38141;7.6;2.6
78;2021-03-22;3532;380;113116;38521;7.8;2.7
78;2021-03-23;5230;544;118346;39065;8.2;2.7
78;2021-03-24;4892;552;123238;39617;8.5;2.7
78;2021-03-25;6941;565;130179;40182;9.0;2.8
78;2021-03-26;6941;717;137120;40899;9.5;2.8
78;2021-03-27;3745;194;140865;41093;9.7;2.8
78;2021-03-28;1919;52;142784;41145;9.9;2.8
78;2021-03-29;3865;762;146649;41907;10.1;2.9
78;2021-03-30;5524;1060;152173;42967;10.5;3.0
78;2021-03-31;5331;1290;157504;44257;10.9;3.1
78;2021-04-01;5595;2354;163099;46611;11.3;3.2
78;2021-04-02;5194;2628;168293;49239;11.6;3.4
78;2021-04-03;2198;2564;170491;51803;11.8;3.6
78;2021-04-04;173;14;170664;51817;11.8;3.6
78;2021-04-05;199;19;170863;51836;11.8;3.6
78;2021-04-06;3618;2307;174481;54143;12.0;3.7
78;2021-04-07;4357;2585;178838;56728;12.3;3.9
78;2021-04-08;5525;2676;184363;59404;12.7;4.1
78;2021-04-09;6909;2452;191272;61856;13.2;4.3
78;2021-04-10;3994;1900;195266;63756;13.5;4.4
78;2021-04-11;374;607;195640;64363;13.5;4.4
78;2021-04-12;3532;2367;199172;66730;13.7;4.6
78;2021-04-13;5459;2497;204631;69227;14.1;4.8
78;2021-04-14;4956;3393;209587;72620;14.5;5.0
78;2021-04-15;4616;3849;214203;76469;14.8;5.3
78;2021-04-16;5626;4021;219829;80490;15.2;5.6
78;2021-04-17;3615;716;223444;81206;15.4;5.6
78;2021-04-18;272;42;223716;81248;15.4;5.6
78;2021-04-19;3242;2813;226958;84061;15.7;5.8
78;2021-04-20;4709;3685;231667;87746;16.0;6.1
78;2021-04-21;4534;3508;236201;91254;16.3;6.3
78;2021-04-22;4565;4692;240766;95946;16.6;6.6
78;2021-04-23;5059;4432;245825;100378;17.0;6.9
78;2021-04-24;4865;2622;250690;103000;17.3;7.1
78;2021-04-25;3047;1731;253737;104731;17.5;7.2
78;2021-04-26;4769;3321;258506;108052;17.8;7.5
78;2021-04-27;5471;4311;263977;112363;18.2;7.8
78;2021-04-28;5651;4787;269628;117150;18.6;8.1
78;2021-04-29;6261;4070;275889;121220;19.0;8.4
78;2021-04-30;7208;4463;283097;125683;19.5;8.7
78;2021-05-01;612;255;283709;125938;19.6;8.7
78;2021-05-02;2008;166;285717;126104;19.7;8.7
78;2021-05-03;7461;1277;293178;127381;20.2;8.8
78;2021-05-04;6077;3979;299255;131360;20.7;9.1
78;2021-05-05;7299;4555;306554;135915;21.2;9.4
78;2021-05-06;6481;5177;313035;141092;21.6;9.7
78;2021-05-07;8313;5143;321348;146235;22.2;10.1
78;2021-05-08;2917;1449;324265;147684;22.4;10.2
78;2021-05-09;2819;354;327084;148038;22.6;10.2
78;2021-05-10;7343;4451;334427;152489;23.1;10.5
78;2021-05-11;8142;5418;342569;157907;23.6;10.9
78;2021-05-12;8732;3920;351301;161827;24.3;11.2
78;2021-05-13;6631;600;357932;162427;24.7;11.2
78;2021-05-14;10217;2216;368149;164643;25.4;11.4
78;2021-05-15;4934;2363;373083;167006;25.8;11.5
78;2021-05-16;3697;792;376780;167798;26.0;11.6
78;2021-05-17;8744;1348;385524;169146;26.6;11.7
78;2021-05-18;9887;1889;395411;171035;27.3;11.8
78;2021-05-19;11651;1711;407062;172746;28.1;11.9
78;2021-05-20;11596;2269;418658;175015;28.9;12.1
78;2021-05-21;12131;2637;430789;177652;29.7;12.3
78;2021-05-22;6546;1370;437335;179022;30.2;12.4
78;2021-05-23;3126;390;440461;179412;30.4;12.4
78;2021-05-24;3523;416;443984;179828;30.6;12.4
78;2021-05-25;9988;2505;453972;182333;31.3;12.6
78;2021-05-26;10166;3780;464138;186113;32.0;12.8
78;2021-05-27;10959;4643;475097;190756;32.8;13.2
78;2021-05-28;11415;6034;486512;196790;33.6;13.6
78;2021-05-29;4228;3386;490740;200176;33.9;13.8
78;2021-05-30;136;347;490876;200523;33.9;13.8
78;2021-05-31;7971;5363;498847;205886;34.4;14.2
78;2021-06-01;10031;6528;508878;212414;35.1;14.7
78;2021-06-02;8586;6211;517464;218625;35.7;15.1
78;2021-06-03;9899;6478;527363;225103;36.4;15.5
78;2021-06-04;9794;8147;537157;233250;37.1;16.1
78;2021-06-05;5520;6139;542677;239389;37.5;16.5
78;2021-06-06;2150;2010;544827;241399;37.6;16.7
78;2021-06-07;8123;6520;552950;247919;38.2;17.1
78;2021-06-08;8065;7321;561015;255240;38.7;17.6
78;2021-06-09;7325;6730;568340;261970;39.2;18.1
78;2021-06-10;7111;7106;575451;269076;39.7;18.6
78;2021-06-11;7583;8184;583034;277260;40.2;19.1
78;2021-06-12;6375;2919;589409;280179;40.7;19.3
78;2021-06-13;946;2458;590355;282637;40.8;19.5
78;2021-06-14;3415;9812;593770;292449;41.0;20.2
78;2021-06-15;5803;8293;599573;300742;41.4;20.8
78;2021-06-16;5432;8630;605005;309372;41.8;21.4
78;2021-06-17;5486;8538;610491;317910;42.1;21.9
78;2021-06-18;6167;9797;616658;327707;42.6;22.6
78;2021-06-19;5221;4820;621879;332527;42.9;23.0
78;2021-06-20;624;2838;622503;335365;43.0;23.2
78;2021-06-21;4099;9470;626602;344835;43.3;23.8
78;2021-06-22;3349;10318;629951;355153;43.5;24.5
78;2021-06-23;3839;10394;633790;365547;43.8;25.2
78;2021-06-24;3799;9979;637589;375526;44.0;25.9
78;2021-06-25;4002;13150;641591;388676;44.3;26.8
78;2021-06-26;4211;7956;645802;396632;44.6;27.4
78;2021-06-27;1040;2541;646842;399173;44.7;27.6
78;2021-06-28;3294;10904;650136;410077;44.9;28.3
78;2021-06-29;3539;11252;653675;421329;45.1;29.1
78;2021-06-30;4113;13225;657788;434554;45.4;30.0
78;2021-07-01;4108;12700;661896;447254;45.7;30.9
78;2021-07-02;4260;13938;666156;461192;46.0;31.8
78;2021-07-03;3160;8624;669316;469816;46.2;32.4
78;2021-07-04;777;1743;670093;471559;46.3;32.6
78;2021-07-05;3384;9694;673477;481253;46.5;33.2
78;2021-07-06;3526;12043;677003;493296;46.7;34.1
78;2021-07-07;3762;11605;680765;504901;47.0;34.9
78;2021-07-08;3866;11676;684631;516577;47.3;35.7
78;2021-07-09;4776;12742;689407;529319;47.6;36.5
78;2021-07-10;2626;6610;692033;535929;47.8;37.0
78;2021-07-11;748;2047;692781;537976;47.8;37.1
78;2021-07-12;2999;11744;695780;549720;48.0;37.9
78;2021-07-13;5345;11976;701125;561696;48.4;38.8
78;2021-07-14;2533;4990;703658;566686;48.6;39.1
78;2021-07-15;5667;11956;709325;578642;49.0;39.9
78;2021-07-16;7262;10783;716587;589425;49.5;40.7
78;2021-07-17;4726;4897;721313;594322;49.8;41.0
78;2021-07-18;1123;470;722436;594792;49.9;41.1
78;2021-07-19;3840;10345;726276;605137;50.1;41.8
78;2021-07-20;5610;9921;731886;615058;50.5;42.5
78;2021-07-21;5902;9860;737788;624918;50.9;43.1
78;2021-07-22;5948;9289;743736;634207;51.3;43.8
78;2021-07-23;6226;9223;749962;643430;51.8;44.4
78;2021-07-24;2938;4970;752900;648400;52.0;44.8
78;2021-07-25;987;374;753887;648774;52.0;44.8
78;2021-07-26;4859;6987;758746;655761;52.4;45.3
78;2021-07-27;7591;6906;766337;662667;52.9;45.7
78;2021-07-28;6943;5928;773280;668595;53.4;46.2
78;2021-07-29;7903;5994;781183;674589;53.9;46.6
78;2021-07-30;7735;7041;788918;681630;54.5;47.1
78;2021-07-31;2647;2731;791565;684361;54.6;47.2
78;2021-08-01;107;72;791672;684433;54.6;47.2
78;2021-08-02;2381;2120;794053;686553;54.8;47.4
78;2021-08-03;4228;4246;798281;690799;55.1;47.7
78;2021-08-04;4361;2809;802642;693608;55.4;47.9
78;2021-08-05;3860;3164;806502;696772;55.7;48.1
78;2021-08-06;3862;3716;810364;700488;55.9;48.4
78;2021-08-07;2813;3436;813177;703924;56.1;48.6
78;2021-08-08;476;343;813653;704267;56.2;48.6
78;2021-08-09;1864;1655;815517;705922;56.3;48.7
78;2021-08-10;3385;3975;818902;709897;56.5;49.0
78;2021-08-11;2962;3380;821864;713277;56.7;49.2
78;2021-08-12;2721;3535;824585;716812;56.9;49.5
78;2021-08-13;2839;3178;827424;719990;57.1;49.7
78;2021-08-14;2292;3082;829716;723072;57.3;49.9
78;2021-08-15;273;376;829989;723448;57.3;49.9
78;2021-08-16;901;2340;830890;725788;57.4;50.1
78;2021-08-17;2770;4418;833660;730206;57.5;50.4
78;2021-08-18;2453;3815;836113;734021;57.7;50.7
78;2021-08-19;2226;3577;838339;737598;57.9;50.9
78;2021-08-20;2083;3999;840422;741597;58.0;51.2
78;2021-08-21;1884;3576;842306;745173;58.1;51.4
78;2021-08-22;85;147;842391;745320;58.2;51.5
78;2021-08-23;2141;4240;844532;749560;58.3;51.7
78;2021-08-24;3618;6968;848150;756528;58.5;52.2
78;2021-08-25;3273;6578;851423;763106;58.8;52.7
78;2021-08-26;2966;7223;854389;770329;59.0;53.2
78;2021-08-27;2837;7349;857226;777678;59.2;53.7
78;2021-08-28;2415;5261;859641;782939;59.3;54.0
78;2021-08-29;369;350;860010;783289;59.4;54.1
78;2021-08-30;2848;5057;862858;788346;59.6;54.4
78;2021-08-31;3436;5798;866294;794144;59.8;54.8
78;2021-09-01;2700;5245;868994;799389;60.0;55.2
79;2020-12-27;0;0;0;0;0.0;0.0
79;2020-12-28;3;0;3;0;0.0;0.0
79;2020-12-29;0;0;3;0;0.0;0.0
79;2020-12-30;0;0;3;0;0.0;0.0
79;2020-12-31;0;0;3;0;0.0;0.0
79;2021-01-01;0;0;3;0;0.0;0.0
79;2021-01-02;0;0;3;0;0.0;0.0
79;2021-01-03;0;0;3;0;0.0;0.0
79;2021-01-04;1;0;4;0;0.0;0.0
79;2021-01-05;0;0;4;0;0.0;0.0
79;2021-01-06;0;0;4;0;0.0;0.0
79;2021-01-07;158;0;162;0;0.0;0.0
79;2021-01-08;165;0;327;0;0.1;0.0
79;2021-01-09;98;0;425;0;0.1;0.0
79;2021-01-10;3;0;428;0;0.1;0.0
79;2021-01-11;184;1;612;1;0.2;0.0
79;2021-01-12;245;1;857;2;0.2;0.0
79;2021-01-13;258;0;1115;2;0.3;0.0
79;2021-01-14;505;8;1620;10;0.4;0.0
79;2021-01-15;616;5;2236;15;0.6;0.0
79;2021-01-16;66;0;2302;15;0.6;0.0
79;2021-01-17;0;0;2302;15;0.6;0.0
79;2021-01-18;477;2;2779;17;0.7;0.0
79;2021-01-19;1360;1;4139;18;1.1;0.0
79;2021-01-20;1677;1;5816;19;1.6;0.0
79;2021-01-21;1998;7;7814;26;2.1;0.0
79;2021-01-22;874;4;8688;30;2.3;0.0
79;2021-01-23;65;0;8753;30;2.3;0.0
79;2021-01-24;0;0;8753;30;2.3;0.0
79;2021-01-25;645;7;9398;37;2.5;0.0
79;2021-01-26;592;13;9990;50;2.7;0.0
79;2021-01-27;740;83;10730;133;2.9;0.0
79;2021-01-28;733;150;11463;283;3.1;0.1
79;2021-01-29;492;88;11955;371;3.2;0.1
79;2021-01-30;0;0;11955;371;3.2;0.1
79;2021-01-31;0;0;11955;371;3.2;0.1
79;2021-02-01;207;109;12162;480;3.3;0.1
79;2021-02-02;334;73;12496;553;3.4;0.1
79;2021-02-03;390;60;12886;613;3.5;0.2
79;2021-02-04;324;109;13210;722;3.5;0.2
79;2021-02-05;360;275;13570;997;3.6;0.3
79;2021-02-06;3;0;13573;997;3.6;0.3
79;2021-02-07;22;0;13595;997;3.6;0.3
79;2021-02-08;283;167;13878;1164;3.7;0.3
79;2021-02-09;457;781;14335;1945;3.8;0.5
79;2021-02-10;619;1193;14954;3138;4.0;0.8
79;2021-02-11;777;1232;15731;4370;4.2;1.2
79;2021-02-12;467;761;16198;5131;4.3;1.4
79;2021-02-13;53;73;16251;5204;4.4;1.4
79;2021-02-14;0;0;16251;5204;4.4;1.4
79;2021-02-15;186;500;16437;5704;4.4;1.5
79;2021-02-16;333;728;16770;6432;4.5;1.7
79;2021-02-17;249;864;17019;7296;4.6;2.0
79;2021-02-18;353;939;17372;8235;4.7;2.2
79;2021-02-19;267;557;17639;8792;4.7;2.4
79;2021-02-20;4;22;17643;8814;4.7;2.4
79;2021-02-21;1;0;17644;8814;4.7;2.4
79;2021-02-22;136;455;17780;9269;4.8;2.5
79;2021-02-23;248;554;18028;9823;4.8;2.6
79;2021-02-24;245;537;18273;10360;4.9;2.8
79;2021-02-25;517;466;18790;10826;5.0;2.9
79;2021-02-26;599;394;19389;11220;5.2;3.0
79;2021-02-27;407;5;19796;11225;5.3;3.0
79;2021-02-28;35;0;19831;11225;5.3;3.0
79;2021-03-01;89;360;19920;11585;5.3;3.1
79;2021-03-02;302;507;20222;12092;5.4;3.2
79;2021-03-03;661;543;20883;12635;5.6;3.4
79;2021-03-04;904;569;21787;13204;5.8;3.5
79;2021-03-05;1217;448;23004;13652;6.2;3.7
79;2021-03-06;611;6;23615;13658;6.3;3.7
79;2021-03-07;77;1;23692;13659;6.4;3.7
79;2021-03-08;344;308;24036;13967;6.5;3.7
79;2021-03-09;841;343;24877;14310;6.7;3.8
79;2021-03-10;1146;406;26023;14716;7.0;3.9
79;2021-03-11;1640;325;27663;15041;7.4;4.0
79;2021-03-12;1721;119;29384;15160;7.9;4.1
79;2021-03-13;1136;12;30520;15172;8.2;4.1
79;2021-03-14;50;0;30570;15172;8.2;4.1
79;2021-03-15;497;158;31067;15330;8.3;4.1
79;2021-03-16;735;146;31802;15476;8.5;4.2
79;2021-03-17;577;107;32379;15583;8.7;4.2
79;2021-03-18;553;202;32932;15785;8.8;4.2
79;2021-03-19;662;258;33594;16043;9.0;4.3
79;2021-03-20;1007;14;34601;16057;9.3;4.3
79;2021-03-21;3;0;34604;16057;9.3;4.3
79;2021-03-22;955;207;35559;16264;9.5;4.4
79;2021-03-23;1592;170;37151;16434;10.0;4.4
79;2021-03-24;1829;162;38980;16596;10.5;4.5
79;2021-03-25;2499;189;41479;16785;11.1;4.5
79;2021-03-26;2406;136;43885;16921;11.8;4.5
79;2021-03-27;769;18;44654;16939;12.0;4.5
79;2021-03-28;1;0;44655;16939;12.0;4.5
79;2021-03-29;2148;114;46803;17053;12.6;4.6
79;2021-03-30;2816;63;49619;17116;13.3;4.6
79;2021-03-31;2777;381;52396;17497;14.1;4.7
79;2021-04-01;2697;382;55093;17879;14.8;4.8
79;2021-04-02;2823;393;57916;18272;15.5;4.9
79;2021-04-03;634;54;58550;18326;15.7;4.9
79;2021-04-04;3;0;58553;18326;15.7;4.9
79;2021-04-05;380;4;58933;18330;15.8;4.9
79;2021-04-06;1794;584;60727;18914;16.3;5.1
79;2021-04-07;3117;736;63844;19650;17.1;5.3
79;2021-04-08;2631;695;66475;20345;17.8;5.5
79;2021-04-09;3738;547;70213;20892;18.8;5.6
79;2021-04-10;1466;385;71679;21277;19.2;5.7
79;2021-04-11;4;0;71683;21277;19.2;5.7
79;2021-04-12;1753;354;73436;21631;19.7;5.8
79;2021-04-13;2174;750;75610;22381;20.3;6.0
79;2021-04-14;2481;674;78091;23055;21.0;6.2
79;2021-04-15;2215;667;80306;23722;21.6;6.4
79;2021-04-16;1414;441;81720;24163;21.9;6.5
79;2021-04-17;581;352;82301;24515;22.1;6.6
79;2021-04-18;1;14;82302;24529;22.1;6.6
79;2021-04-19;1089;841;83391;25370;22.4;6.8
79;2021-04-20;1507;1229;84898;26599;22.8;7.1
79;2021-04-21;1419;1440;86317;28039;23.2;7.5
79;2021-04-22;1572;1085;87889;29124;23.6;7.8
79;2021-04-23;1317;1188;89206;30312;23.9;8.1
79;2021-04-24;653;462;89859;30774;24.1;8.3
79;2021-04-25;1;0;89860;30774;24.1;8.3
79;2021-04-26;1343;1813;91203;32587;24.5;8.7
79;2021-04-27;1898;2351;93101;34938;25.0;9.4
79;2021-04-28;1456;2867;94557;37805;25.4;10.1
79;2021-04-29;2105;2255;96662;40060;25.9;10.8
79;2021-04-30;2114;2460;98776;42520;26.5;11.4
79;2021-05-01;521;379;99297;42899;26.6;11.5
79;2021-05-02;1;11;99298;42910;26.6;11.5
79;2021-05-03;1182;1292;100480;44202;27.0;11.9
79;2021-05-04;1733;2332;102213;46534;27.4;12.5
79;2021-05-05;1695;2483;103908;49017;27.9;13.2
79;2021-05-06;2328;2223;106236;51240;28.5;13.8
79;2021-05-07;2087;2804;108323;54044;29.1;14.5
79;2021-05-08;199;506;108522;54550;29.1;14.6
79;2021-05-09;0;0;108522;54550;29.1;14.6
79;2021-05-10;1584;1788;110106;56338;29.5;15.1
79;2021-05-11;2310;1650;112416;57988;30.2;15.6
79;2021-05-12;2000;2678;114416;60666;30.7;16.3
79;2021-05-13;640;290;115056;60956;30.9;16.4
79;2021-05-14;2100;673;117156;61629;31.4;16.5
79;2021-05-15;1399;499;118555;62128;31.8;16.7
79;2021-05-16;1;22;118556;62150;31.8;16.7
79;2021-05-17;1876;1087;120432;63237;32.3;17.0
79;2021-05-18;2971;1272;123403;64509;33.1;17.3
79;2021-05-19;2897;969;126300;65478;33.9;17.6
79;2021-05-20;3106;1249;129406;66727;34.7;17.9
79;2021-05-21;2768;1066;132174;67793;35.5;18.2
79;2021-05-22;1084;261;133258;68054;35.8;18.3
79;2021-05-23;1;0;133259;68054;35.8;18.3
79;2021-05-24;161;20;133420;68074;35.8;18.3
79;2021-05-25;3199;990;136619;69064;36.7;18.5
79;2021-05-26;3314;853;139933;69917;37.6;18.8
79;2021-05-27;3590;1719;143523;71636;38.5;19.2
79;2021-05-28;3330;1824;146853;73460;39.4;19.7
79;2021-05-29;1073;451;147926;73911;39.7;19.8
79;2021-05-30;3;1;147929;73912;39.7;19.8
79;2021-05-31;2382;735;150311;74647;40.3;20.0
79;2021-06-01;3021;1576;153332;76223;41.1;20.5
79;2021-06-02;4065;1167;157397;77390;42.2;20.8
79;2021-06-03;4089;1756;161486;79146;43.3;21.2
79;2021-06-04;4144;2034;165630;81180;44.4;21.8
79;2021-06-05;2802;758;168432;81938;45.2;22.0
79;2021-06-06;696;39;169128;81977;45.4;22.0
79;2021-06-07;2809;1413;171937;83390;46.1;22.4
79;2021-06-08;2982;2068;174919;85458;46.9;22.9
79;2021-06-09;3631;1936;178550;87394;47.9;23.5
79;2021-06-10;3020;1975;181570;89369;48.7;24.0
79;2021-06-11;3767;2316;185337;91685;49.7;24.6
79;2021-06-12;1704;610;187041;92295;50.2;24.8
79;2021-06-13;214;24;187255;92319;50.3;24.8
79;2021-06-14;1247;1692;188502;94011;50.6;25.2
79;2021-06-15;1881;2362;190383;96373;51.1;25.9
79;2021-06-16;2206;2248;192589;98621;51.7;26.5
79;2021-06-17;2238;2616;194827;101237;52.3;27.2
79;2021-06-18;2413;2324;197240;103561;52.9;27.8
79;2021-06-19;1246;581;198486;104142;53.3;27.9
79;2021-06-20;3;2;198489;104144;53.3;27.9
79;2021-06-21;1233;2282;199722;106426;53.6;28.6
79;2021-06-22;1548;2875;201270;109301;54.0;29.3
79;2021-06-23;1771;2548;203041;111849;54.5;30.0
79;2021-06-24;2107;2004;205148;113853;55.1;30.6
79;2021-06-25;1488;2843;206636;116696;55.5;31.3
79;2021-06-26;870;808;207506;117504;55.7;31.5
79;2021-06-27;13;6;207519;117510;55.7;31.5
79;2021-06-28;1056;2622;208575;120132;56.0;32.2
79;2021-06-29;1474;3550;210049;123682;56.4;33.2
79;2021-06-30;1355;3448;211404;127130;56.7;34.1
79;2021-07-01;1203;3785;212607;130915;57.1;35.1
79;2021-07-02;1490;3347;214097;134262;57.5;36.0
79;2021-07-03;399;1504;214496;135766;57.6;36.4
79;2021-07-04;2;9;214498;135775;57.6;36.4
79;2021-07-05;751;2118;215249;137893;57.8;37.0
79;2021-07-06;947;3666;216196;141559;58.0;38.0
79;2021-07-07;1332;4308;217528;145867;58.4;39.1
79;2021-07-08;1103;4045;218631;149912;58.7;40.2
79;2021-07-09;837;3719;219468;153631;58.9;41.2
79;2021-07-10;515;1316;219983;154947;59.0;41.6
79;2021-07-11;2;12;219985;154959;59.0;41.6
79;2021-07-12;545;3694;220530;158653;59.2;42.6
79;2021-07-13;999;5188;221529;163841;59.5;44.0
79;2021-07-14;133;874;221662;164715;59.5;44.2
79;2021-07-15;1234;4684;222896;169399;59.8;45.5
79;2021-07-16;1333;4364;224229;173763;60.2;46.6
79;2021-07-17;577;2425;224806;176188;60.3;47.3
79;2021-07-18;44;498;224850;176686;60.3;47.4
79;2021-07-19;735;3316;225585;180002;60.5;48.3
79;2021-07-20;1226;3947;226811;183949;60.9;49.4
79;2021-07-21;1179;4199;227990;188148;61.2;50.5
79;2021-07-22;1355;3977;229345;192125;61.5;51.6
79;2021-07-23;1350;4555;230695;196680;61.9;52.8
79;2021-07-24;865;1499;231560;198179;62.1;53.2
79;2021-07-25;55;326;231615;198505;62.2;53.3
79;2021-07-26;1374;2598;232989;201103;62.5;54.0
79;2021-07-27;2084;2997;235073;204100;63.1;54.8
79;2021-07-28;2497;2494;237570;206594;63.8;55.4
79;2021-07-29;3007;2861;240577;209455;64.6;56.2
79;2021-07-30;2138;2821;242715;212276;65.1;57.0
79;2021-07-31;888;1157;243603;213433;65.4;57.3
79;2021-08-01;5;3;243608;213436;65.4;57.3
79;2021-08-02;1795;1544;245403;214980;65.9;57.7
79;2021-08-03;2819;2051;248222;217031;66.6;58.2
79;2021-08-04;2986;1744;251208;218775;67.4;58.7
79;2021-08-05;2899;2213;254107;220988;68.2;59.3
79;2021-08-06;2526;1640;256633;222628;68.9;59.7
79;2021-08-07;870;813;257503;223441;69.1;60.0
79;2021-08-08;1;3;257504;223444;69.1;60.0
79;2021-08-09;2488;1085;259992;224529;69.8;60.3
79;2021-08-10;2973;1542;262965;226071;70.6;60.7
79;2021-08-11;2574;1663;265539;227734;71.3;61.1
79;2021-08-12;2760;1425;268299;229159;72.0;61.5
79;2021-08-13;2841;1061;271140;230220;72.8;61.8
79;2021-08-14;517;391;271657;230611;72.9;61.9
79;2021-08-15;6;5;271663;230616;72.9;61.9
79;2021-08-16;1762;1197;273425;231813;73.4;62.2
79;2021-08-17;2099;1592;275524;233405;73.9;62.6
79;2021-08-18;1919;1914;277443;235319;74.5;63.2
79;2021-08-19;1612;1710;279055;237029;74.9;63.6
79;2021-08-20;1507;2158;280562;239187;75.3;64.2
79;2021-08-21;236;542;280798;239729;75.4;64.3
79;2021-08-22;1;21;280799;239750;75.4;64.3
79;2021-08-23;858;2175;281657;241925;75.6;64.9
79;2021-08-24;1065;2483;282722;244408;75.9;65.6
79;2021-08-25;1044;2756;283766;247164;76.2;66.3
79;2021-08-26;1015;2329;284781;249493;76.4;67.0
79;2021-08-27;609;2056;285390;251549;76.6;67.5
79;2021-08-28;294;839;285684;252388;76.7;67.7
79;2021-08-29;7;5;285691;252393;76.7;67.7
79;2021-08-30;552;2365;286243;254758;76.8;68.4
79;2021-08-31;633;2536;286876;257294;77.0;69.0
79;2021-09-01;646;2689;287522;259983;77.2;69.8
80;2020-12-27;0;0;0;0;0.0;0.0
80;2020-12-28;0;0;0;0;0.0;0.0
80;2020-12-29;11;0;11;0;0.0;0.0
80;2020-12-30;0;0;11;0;0.0;0.0
80;2020-12-31;0;0;11;0;0.0;0.0
80;2021-01-01;0;0;11;0;0.0;0.0
80;2021-01-02;0;0;11;0;0.0;0.0
80;2021-01-03;1;0;12;0;0.0;0.0
80;2021-01-04;0;0;12;0;0.0;0.0
80;2021-01-05;0;0;12;0;0.0;0.0
80;2021-01-06;30;0;42;0;0.0;0.0
80;2021-01-07;276;2;318;2;0.1;0.0
80;2021-01-08;330;0;648;2;0.1;0.0
80;2021-01-09;108;0;756;2;0.1;0.0
80;2021-01-10;21;0;777;2;0.1;0.0
80;2021-01-11;276;0;1053;2;0.2;0.0
80;2021-01-12;428;1;1481;3;0.3;0.0
80;2021-01-13;514;4;1995;7;0.4;0.0
80;2021-01-14;453;4;2448;11;0.4;0.0
80;2021-01-15;330;1;2778;12;0.5;0.0
80;2021-01-16;103;1;2881;13;0.5;0.0
80;2021-01-17;102;1;2983;14;0.5;0.0
80;2021-01-18;412;2;3395;16;0.6;0.0
80;2021-01-19;962;16;4357;32;0.8;0.0
80;2021-01-20;1086;9;5443;41;1.0;0.0
80;2021-01-21;1010;9;6453;50;1.1;0.0
80;2021-01-22;1113;4;7566;54;1.3;0.0
80;2021-01-23;908;3;8474;57;1.5;0.0
80;2021-01-24;824;5;9298;62;1.6;0.0
80;2021-01-25;1541;9;10839;71;1.9;0.0
80;2021-01-26;1480;11;12319;82;2.2;0.0
80;2021-01-27;822;26;13141;108;2.3;0.0
80;2021-01-28;623;167;13764;275;2.4;0.0
80;2021-01-29;637;212;14401;487;2.5;0.1
80;2021-01-30;85;59;14486;546;2.5;0.1
80;2021-01-31;0;0;14486;546;2.5;0.1
80;2021-02-01;26;251;14512;797;2.5;0.1
80;2021-02-02;21;439;14533;1236;2.6;0.2
80;2021-02-03;29;536;14562;1772;2.6;0.3
80;2021-02-04;278;347;14840;2119;2.6;0.4
80;2021-02-05;347;209;15187;2328;2.7;0.4
80;2021-02-06;168;67;15355;2395;2.7;0.4
80;2021-02-07;1;0;15356;2395;2.7;0.4
80;2021-02-08;426;240;15782;2635;2.8;0.5
80;2021-02-09;686;242;16468;2877;2.9;0.5
80;2021-02-10;606;491;17074;3368;3.0;0.6
80;2021-02-11;862;348;17936;3716;3.1;0.7
80;2021-02-12;945;315;18881;4031;3.3;0.7
80;2021-02-13;196;425;19077;4456;3.3;0.8
80;2021-02-14;78;572;19155;5028;3.4;0.9
80;2021-02-15;606;1014;19761;6042;3.5;1.1
80;2021-02-16;688;1115;20449;7157;3.6;1.3
80;2021-02-17;485;1158;20934;8315;3.7;1.5
80;2021-02-18;569;1114;21503;9429;3.8;1.7
80;2021-02-19;503;833;22006;10262;3.9;1.8
80;2021-02-20;22;500;22028;10762;3.9;1.9
80;2021-02-21;47;45;22075;10807;3.9;1.9
80;2021-02-22;149;565;22224;11372;3.9;2.0
80;2021-02-23;471;680;22695;12052;4.0;2.1
80;2021-02-24;431;663;23126;12715;4.1;2.2
80;2021-02-25;815;526;23941;13241;4.2;2.3
80;2021-02-26;1063;508;25004;13749;4.4;2.4
80;2021-02-27;476;68;25480;13817;4.5;2.4
80;2021-02-28;49;24;25529;13841;4.5;2.4
80;2021-03-01;728;66;26257;13907;4.6;2.4
80;2021-03-02;1013;90;27270;13997;4.8;2.5
80;2021-03-03;982;57;28252;14054;5.0;2.5
80;2021-03-04;1391;231;29643;14285;5.2;2.5
80;2021-03-05;1874;330;31517;14615;5.5;2.6
80;2021-03-06;2918;332;34435;14947;6.0;2.6
80;2021-03-07;1843;80;36278;15027;6.4;2.6
80;2021-03-08;715;605;36993;15632;6.5;2.7
80;2021-03-09;1310;904;38303;16536;6.7;2.9
80;2021-03-10;1724;753;40027;17289;7.0;3.0
80;2021-03-11;1910;817;41937;18106;7.4;3.2
80;2021-03-12;3138;747;45075;18853;7.9;3.3
80;2021-03-13;4008;205;49083;19058;8.6;3.3
80;2021-03-14;350;14;49433;19072;8.7;3.3
80;2021-03-15;1014;248;50447;19320;8.9;3.4
80;2021-03-16;882;344;51329;19664;9.0;3.5
80;2021-03-17;665;278;51994;19942;9.1;3.5
80;2021-03-18;1002;297;52996;20239;9.3;3.6
80;2021-03-19;1738;383;54734;20622;9.6;3.6
80;2021-03-20;3822;116;58556;20738;10.3;3.6
80;2021-03-21;486;31;59042;20769;10.4;3.6
80;2021-03-22;903;291;59945;21060;10.5;3.7
80;2021-03-23;1713;418;61658;21478;10.8;3.8
80;2021-03-24;1755;467;63413;21945;11.1;3.9
80;2021-03-25;2714;448;66127;22393;11.6;3.9
80;2021-03-26;3105;422;69232;22815;12.2;4.0
80;2021-03-27;2236;226;71468;23041;12.5;4.0
80;2021-03-28;676;95;72144;23136;12.7;4.1
80;2021-03-29;1980;753;74124;23889;13.0;4.2
80;2021-03-30;1969;871;76093;24760;13.4;4.3
80;2021-03-31;1495;985;77588;25745;13.6;4.5
80;2021-04-01;1951;1488;79539;27233;14.0;4.8
80;2021-04-02;2811;1572;82350;28805;14.5;5.1
80;2021-04-03;3046;854;85396;29659;15.0;5.2
80;2021-04-04;134;8;85530;29667;15.0;5.2
80;2021-04-05;684;200;86214;29867;15.1;5.2
80;2021-04-06;1280;965;87494;30832;15.4;5.4
80;2021-04-07;1624;1199;89118;32031;15.6;5.6
80;2021-04-08;2154;841;91272;32872;16.0;5.8
80;2021-04-09;3529;1351;94801;34223;16.6;6.0
80;2021-04-10;2737;1945;97538;36168;17.1;6.3
80;2021-04-11;189;176;97727;36344;17.2;6.4
80;2021-04-12;1814;486;99541;36830;17.5;6.5
80;2021-04-13;2385;1035;101926;37865;17.9;6.6
80;2021-04-14;2770;1147;104696;39012;18.4;6.8
80;2021-04-15;3730;872;108426;39884;19.0;7.0
80;2021-04-16;3337;871;111763;40755;19.6;7.2
80;2021-04-17;1653;2297;113416;43052;19.9;7.6
80;2021-04-18;372;390;113788;43442;20.0;7.6
80;2021-04-19;951;773;114739;44215;20.1;7.8
80;2021-04-20;1612;818;116351;45033;20.4;7.9
80;2021-04-21;1612;998;117963;46031;20.7;8.1
80;2021-04-22;2167;1252;120130;47283;21.1;8.3
80;2021-04-23;2638;1246;122768;48529;21.5;8.5
80;2021-04-24;1356;1191;124124;49720;21.8;8.7
80;2021-04-25;209;531;124333;50251;21.8;8.8
80;2021-04-26;1295;1444;125628;51695;22.0;9.1
80;2021-04-27;2024;1396;127652;53091;22.4;9.3
80;2021-04-28;2199;1392;129851;54483;22.8;9.6
80;2021-04-29;3219;1882;133070;56365;23.4;9.9
80;2021-04-30;3081;2853;136151;59218;23.9;10.4
80;2021-05-01;987;659;137138;59877;24.1;10.5
80;2021-05-02;371;53;137509;59930;24.1;10.5
80;2021-05-03;2722;1187;140231;61117;24.6;10.7
80;2021-05-04;2495;1706;142726;62823;25.0;11.0
80;2021-05-05;3365;1895;146091;64718;25.6;11.4
80;2021-05-06;3172;2556;149263;67274;26.2;11.8
80;2021-05-07;3455;2697;152718;69971;26.8;12.3
80;2021-05-08;2782;927;155500;70898;27.3;12.4
80;2021-05-09;1408;268;156908;71166;27.5;12.5
80;2021-05-10;1881;1833;158789;72999;27.9;12.8
80;2021-05-11;3276;1803;162065;74802;28.4;13.1
80;2021-05-12;4702;1576;166767;76378;29.3;13.4
80;2021-05-13;3836;368;170603;76746;29.9;13.5
80;2021-05-14;5189;1399;175792;78145;30.9;13.7
80;2021-05-15;5918;1054;181710;79199;31.9;13.9
80;2021-05-16;2678;309;184388;79508;32.4;14.0
80;2021-05-17;2372;818;186760;80326;32.8;14.1
80;2021-05-18;3948;857;190708;81183;33.5;14.2
80;2021-05-19;4020;945;194728;82128;34.2;14.4
80;2021-05-20;4569;1222;199297;83350;35.0;14.6
80;2021-05-21;4892;1672;204189;85022;35.8;14.9
80;2021-05-22;5032;1158;209221;86180;36.7;15.1
80;2021-05-23;1783;241;211004;86421;37.0;15.2
80;2021-05-24;1469;159;212473;86580;37.3;15.2
80;2021-05-25;2622;1135;215095;87715;37.8;15.4
80;2021-05-26;4251;1703;219346;89418;38.5;15.7
80;2021-05-27;3978;2471;223324;91889;39.2;16.1
80;2021-05-28;3866;2979;227190;94868;39.9;16.7
80;2021-05-29;3699;1634;230889;96502;40.5;16.9
80;2021-05-30;1182;198;232071;96700;40.7;17.0
80;2021-05-31;2605;1373;234676;98073;41.2;17.2
80;2021-06-01;4032;2435;238708;100508;41.9;17.6
80;2021-06-02;3336;2008;242044;102516;42.5;18.0
80;2021-06-03;4268;2930;246312;105446;43.2;18.5
80;2021-06-04;4794;3085;251106;108531;44.1;19.0
80;2021-06-05;3561;2072;254667;110603;44.7;19.4
80;2021-06-06;802;211;255469;110814;44.8;19.4
80;2021-06-07;1753;1946;257222;112760;45.1;19.8
80;2021-06-08;2746;2553;259968;115313;45.6;20.2
80;2021-06-09;3010;2733;262978;118046;46.2;20.7
80;2021-06-10;3167;3171;266145;121217;46.7;21.3
80;2021-06-11;3224;3898;269369;125115;47.3;22.0
80;2021-06-12;3043;2326;272412;127441;47.8;22.4
80;2021-06-13;473;405;272885;127846;47.9;22.4
80;2021-06-14;1265;2851;274150;130697;48.1;22.9
80;2021-06-15;2315;3421;276465;134118;48.5;23.5
80;2021-06-16;1563;4214;278028;138332;48.8;24.3
80;2021-06-17;2362;3624;280390;141956;49.2;24.9
80;2021-06-18;2554;3904;282944;145860;49.7;25.6
80;2021-06-19;2989;4341;285933;150201;50.2;26.4
80;2021-06-20;203;1077;286136;151278;50.2;26.6
80;2021-06-21;1017;2618;287153;153896;50.4;27.0
80;2021-06-22;1152;3936;288305;157832;50.6;27.7
80;2021-06-23;1855;5292;290160;163124;50.9;28.6
80;2021-06-24;1701;4686;291861;167810;51.2;29.5
80;2021-06-25;1375;6123;293236;173933;51.5;30.5
80;2021-06-26;1936;6181;295172;180114;51.8;31.6
80;2021-06-27;332;2031;295504;182145;51.9;32.0
80;2021-06-28;909;3169;296413;185314;52.0;32.5
80;2021-06-29;1923;4620;298336;189934;52.4;33.3
80;2021-06-30;1251;4784;299587;194718;52.6;34.2
80;2021-07-01;1631;5000;301218;199718;52.9;35.1
80;2021-07-02;1880;5987;303098;205705;53.2;36.1
80;2021-07-03;1331;5268;304429;210973;53.4;37.0
80;2021-07-04;692;1469;305121;212442;53.6;37.3
80;2021-07-05;907;2963;306028;215405;53.7;37.8
80;2021-07-06;1873;3986;307901;219391;54.0;38.5
80;2021-07-07;1577;4508;309478;223899;54.3;39.3
80;2021-07-08;2097;5004;311575;228903;54.7;40.2
80;2021-07-09;2619;5470;314194;234373;55.1;41.1
80;2021-07-10;1634;4018;315828;238391;55.4;41.8
80;2021-07-11;406;804;316234;239195;55.5;42.0
80;2021-07-12;882;3379;317116;242574;55.7;42.6
80;2021-07-13;2101;5088;319217;247662;56.0;43.5
80;2021-07-14;2803;1746;322020;249408;56.5;43.8
80;2021-07-15;2809;5297;324829;254705;57.0;44.7
80;2021-07-16;3897;5890;328726;260595;57.7;45.7
80;2021-07-17;3385;4462;332111;265057;58.3;46.5
80;2021-07-18;875;895;332986;265952;58.4;46.7
80;2021-07-19;2162;2884;335148;268836;58.8;47.2
80;2021-07-20;3331;4903;338479;273739;59.4;48.0
80;2021-07-21;3509;4493;341988;278232;60.0;48.8
80;2021-07-22;4374;4572;346362;282804;60.8;49.6
80;2021-07-23;5406;4828;351768;287632;61.7;50.5
80;2021-07-24;4375;4344;356143;291976;62.5;51.2
80;2021-07-25;1185;648;357328;292624;62.7;51.4
80;2021-07-26;2681;2336;360009;294960;63.2;51.8
80;2021-07-27;4370;3710;364379;298670;64.0;52.4
80;2021-07-28;5101;2797;369480;301467;64.8;52.9
80;2021-07-29;4993;3226;374473;304693;65.7;53.5
80;2021-07-30;5028;3640;379501;308333;66.6;54.1
80;2021-07-31;4155;2927;383656;311260;67.3;54.6
80;2021-08-01;1288;362;384944;311622;67.6;54.7
80;2021-08-02;2057;1760;387001;313382;67.9;55.0
80;2021-08-03;3717;2364;390718;315746;68.6;55.4
80;2021-08-04;3367;2492;394085;318238;69.2;55.9
80;2021-08-05;3131;2574;397216;320812;69.7;56.3
80;2021-08-06;3243;2905;400459;323717;70.3;56.8
80;2021-08-07;2420;2661;402879;326378;70.7;57.3
80;2021-08-08;616;723;403495;327101;70.8;57.4
80;2021-08-09;1382;2122;404877;329223;71.1;57.8
80;2021-08-10;2339;2848;407216;332071;71.5;58.3
80;2021-08-11;1936;2485;409152;334556;71.8;58.7
80;2021-08-12;2236;2675;411388;337231;72.2;59.2
80;2021-08-13;1879;3156;413267;340387;72.5;59.7
80;2021-08-14;1410;2144;414677;342531;72.8;60.1
80;2021-08-15;318;672;414995;343203;72.8;60.2
80;2021-08-16;894;2520;415889;345723;73.0;60.7
80;2021-08-17;1703;3547;417592;349270;73.3;61.3
80;2021-08-18;1232;3711;418824;352981;73.5;62.0
80;2021-08-19;1558;3819;420382;356800;73.8;62.6
80;2021-08-20;1258;4429;421640;361229;74.0;63.4
80;2021-08-21;1068;2681;422708;363910;74.2;63.9
80;2021-08-22;145;679;422853;364589;74.2;64.0
80;2021-08-23;581;2997;423434;367586;74.3;64.5
80;2021-08-24;1091;4364;424525;371950;74.5;65.3
80;2021-08-25;970;3672;425495;375622;74.7;65.9
80;2021-08-26;954;3814;426449;379436;74.8;66.6
80;2021-08-27;1012;4449;427461;383885;75.0;67.4
80;2021-08-28;715;3348;428176;387233;75.1;68.0
80;2021-08-29;197;554;428373;387787;75.2;68.1
80;2021-08-30;495;2345;428868;390132;75.3;68.5
80;2021-08-31;748;3181;429616;393313;75.4;69.0
80;2021-09-01;662;2467;430278;395780;75.5;69.5
81;2020-12-27;0;0;0;0;0.0;0.0
81;2020-12-28;0;0;0;0;0.0;0.0
81;2020-12-29;0;0;0;0;0.0;0.0
81;2020-12-30;0;0;0;0;0.0;0.0
81;2020-12-31;0;0;0;0;0.0;0.0
81;2021-01-01;0;0;0;0;0.0;0.0
81;2021-01-02;0;0;0;0;0.0;0.0
81;2021-01-03;0;0;0;0;0.0;0.0
81;2021-01-04;1;0;1;0;0.0;0.0
81;2021-01-05;0;0;1;0;0.0;0.0
81;2021-01-06;5;0;6;0;0.0;0.0
81;2021-01-07;266;0;272;0;0.1;0.0
81;2021-01-08;312;1;584;1;0.2;0.0
81;2021-01-09;74;1;658;2;0.2;0.0
81;2021-01-10;1;0;659;2;0.2;0.0
81;2021-01-11;133;0;792;2;0.2;0.0
81;2021-01-12;167;0;959;2;0.2;0.0
81;2021-01-13;233;1;1192;3;0.3;0.0
81;2021-01-14;963;8;2155;11;0.6;0.0
81;2021-01-15;524;3;2679;14;0.7;0.0
81;2021-01-16;72;0;2751;14;0.7;0.0
81;2021-01-17;0;0;2751;14;0.7;0.0
81;2021-01-18;580;2;3331;16;0.9;0.0
81;2021-01-19;662;4;3993;20;1.0;0.0
81;2021-01-20;752;2;4745;22;1.2;0.0
81;2021-01-21;1180;5;5925;27;1.5;0.0
81;2021-01-22;855;2;6780;29;1.7;0.0
81;2021-01-23;221;2;7001;31;1.8;0.0
81;2021-01-24;102;0;7103;31;1.8;0.0
81;2021-01-25;568;3;7671;34;2.0;0.0
81;2021-01-26;634;5;8305;39;2.1;0.0
81;2021-01-27;551;3;8856;42;2.3;0.0
81;2021-01-28;700;207;9556;249;2.5;0.1
81;2021-01-29;302;181;9858;430;2.5;0.1
81;2021-01-30;204;37;10062;467;2.6;0.1
81;2021-01-31;104;1;10166;468;2.6;0.1
81;2021-02-01;320;127;10486;595;2.7;0.2
81;2021-02-02;446;139;10932;734;2.8;0.2
81;2021-02-03;476;219;11408;953;2.9;0.2
81;2021-02-04;1415;689;12823;1642;3.3;0.4
81;2021-02-05;869;314;13692;1956;3.5;0.5
81;2021-02-06;274;19;13966;1975;3.6;0.5
81;2021-02-07;103;0;14069;1975;3.6;0.5
81;2021-02-08;275;211;14344;2186;3.7;0.6
81;2021-02-09;419;215;14763;2401;3.8;0.6
81;2021-02-10;371;283;15134;2684;3.9;0.7
81;2021-02-11;651;384;15785;3068;4.1;0.8
81;2021-02-12;579;541;16364;3609;4.2;0.9
81;2021-02-13;188;147;16552;3756;4.3;1.0
81;2021-02-14;100;1;16652;3757;4.3;1.0
81;2021-02-15;234;463;16886;4220;4.4;1.1
81;2021-02-16;281;592;17167;4812;4.4;1.2
81;2021-02-17;242;505;17409;5317;4.5;1.4
81;2021-02-18;482;657;17891;5974;4.6;1.5
81;2021-02-19;567;399;18458;6373;4.8;1.6
81;2021-02-20;322;272;18780;6645;4.8;1.7
81;2021-02-21;23;80;18803;6725;4.8;1.7
81;2021-02-22;232;527;19035;7252;4.9;1.9
81;2021-02-23;168;584;19203;7836;5.0;2.0
81;2021-02-24;291;615;19494;8451;5.0;2.2
81;2021-02-25;716;1042;20210;9493;5.2;2.4
81;2021-02-26;909;944;21119;10437;5.4;2.7
81;2021-02-27;275;238;21394;10675;5.5;2.8
81;2021-02-28;21;86;21415;10761;5.5;2.8
81;2021-03-01;208;406;21623;11167;5.6;2.9
81;2021-03-02;364;540;21987;11707;5.7;3.0
81;2021-03-03;462;420;22449;12127;5.8;3.1
81;2021-03-04;1061;460;23510;12587;6.1;3.2
81;2021-03-05;1407;395;24917;12982;6.4;3.3
81;2021-03-06;981;167;25898;13149;6.7;3.4
81;2021-03-07;154;102;26052;13251;6.7;3.4
81;2021-03-08;465;358;26517;13609;6.8;3.5
81;2021-03-09;813;365;27330;13974;7.0;3.6
81;2021-03-10;899;393;28229;14367;7.3;3.7
81;2021-03-11;1352;359;29581;14726;7.6;3.8
81;2021-03-12;1690;303;31271;15029;8.1;3.9
81;2021-03-13;1030;188;32301;15217;8.3;3.9
81;2021-03-14;66;82;32367;15299;8.3;3.9
81;2021-03-15;1093;225;33460;15524;8.6;4.0
81;2021-03-16;724;226;34184;15750;8.8;4.1
81;2021-03-17;893;280;35077;16030;9.0;4.1
81;2021-03-18;969;577;36046;16607;9.3;4.3
81;2021-03-19;1271;458;37317;17065;9.6;4.4
81;2021-03-20;677;285;37994;17350;9.8;4.5
81;2021-03-21;139;22;38133;17372;9.8;4.5
81;2021-03-22;933;279;39066;17651;10.1;4.6
81;2021-03-23;1421;222;40487;17873;10.4;4.6
81;2021-03-24;1606;264;42093;18137;10.9;4.7
81;2021-03-25;2028;326;44121;18463;11.4;4.8
81;2021-03-26;2102;286;46223;18749;11.9;4.8
81;2021-03-27;1092;37;47315;18786;12.2;4.8
81;2021-03-28;734;40;48049;18826;12.4;4.9
81;2021-03-29;2867;185;50916;19011;13.1;4.9
81;2021-03-30;3055;211;53971;19222;13.9;5.0
81;2021-03-31;2690;299;56661;19521;14.6;5.0
81;2021-04-01;3313;563;59974;20084;15.5;5.2
81;2021-04-02;2615;370;62589;20454;16.1;5.3
81;2021-04-03;1147;306;63736;20760;16.4;5.4
81;2021-04-04;1403;24;65139;20784;16.8;5.4
81;2021-04-05;718;18;65857;20802;17.0;5.4
81;2021-04-06;1597;511;67454;21313;17.4;5.5
81;2021-04-07;1815;584;69269;21897;17.9;5.6
81;2021-04-08;2618;821;71887;22718;18.5;5.9
81;2021-04-09;3051;476;74938;23194;19.3;6.0
81;2021-04-10;1476;513;76414;23707;19.7;6.1
81;2021-04-11;1298;67;77712;23774;20.0;6.1
81;2021-04-12;1220;685;78932;24459;20.3;6.3
81;2021-04-13;2529;792;81461;25251;21.0;6.5
81;2021-04-14;2507;835;83968;26086;21.6;6.7
81;2021-04-15;3098;1201;87066;27287;22.4;7.0
81;2021-04-16;2821;1090;89887;28377;23.2;7.3
81;2021-04-17;1145;296;91032;28673;23.5;7.4
81;2021-04-18;519;145;91551;28818;23.6;7.4
81;2021-04-19;913;821;92464;29639;23.8;7.6
81;2021-04-20;2270;1171;94734;30810;24.4;7.9
81;2021-04-21;2224;1006;96958;31816;25.0;8.2
81;2021-04-22;2817;1059;99775;32875;25.7;8.5
81;2021-04-23;2886;969;102661;33844;26.5;8.7
81;2021-04-24;1327;743;103988;34587;26.8;8.9
81;2021-04-25;454;716;104442;35303;26.9;9.1
81;2021-04-26;1060;2421;105502;37724;27.2;9.7
81;2021-04-27;1597;2353;107099;40077;27.6;10.3
81;2021-04-28;1427;2395;108526;42472;28.0;10.9
81;2021-04-29;1818;2743;110344;45215;28.4;11.7
81;2021-04-30;2014;2351;112358;47566;29.0;12.3
81;2021-05-01;362;685;112720;48251;29.1;12.4
81;2021-05-02;291;1378;113011;49629;29.1;12.8
81;2021-05-03;1116;1170;114127;50799;29.4;13.1
81;2021-05-04;2622;1910;116749;52709;30.1;13.6
81;2021-05-05;2015;1932;118764;54641;30.6;14.1
81;2021-05-06;2748;3457;121512;58098;31.3;15.0
81;2021-05-07;2128;2881;123640;60979;31.9;15.7
81;2021-05-08;963;878;124603;61857;32.1;15.9
81;2021-05-09;534;1351;125137;63208;32.3;16.3
81;2021-05-10;825;1600;125962;64808;32.5;16.7
81;2021-05-11;1661;2575;127623;67383;32.9;17.4
81;2021-05-12;1640;2466;129263;69849;33.3;18.0
81;2021-05-13;1216;564;130479;70413;33.6;18.2
81;2021-05-14;1890;1725;132369;72138;34.1;18.6
81;2021-05-15;1511;621;133880;72759;34.5;18.8
81;2021-05-16;1368;415;135248;73174;34.9;18.9
81;2021-05-17;1167;864;136415;74038;35.2;19.1
81;2021-05-18;1701;1429;138116;75467;35.6;19.5
81;2021-05-19;2643;1245;140759;76712;36.3;19.8
81;2021-05-20;2968;1352;143727;78064;37.1;20.1
81;2021-05-21;2739;1117;146466;79181;37.8;20.4
81;2021-05-22;2815;520;149281;79701;38.5;20.5
81;2021-05-23;1178;74;150459;79775;38.8;20.6
81;2021-05-24;837;81;151296;79856;39.0;20.6
81;2021-05-25;2493;1107;153789;80963;39.6;20.9
81;2021-05-26;1891;800;155680;81763;40.1;21.1
81;2021-05-27;2556;1547;158236;83310;40.8;21.5
81;2021-05-28;2566;1663;160802;84973;41.5;21.9
81;2021-05-29;1400;542;162202;85515;41.8;22.0
81;2021-05-30;935;219;163137;85734;42.1;22.1
81;2021-05-31;1183;1338;164320;87072;42.4;22.4
81;2021-06-01;1781;2696;166101;89768;42.8;23.1
81;2021-06-02;2006;2448;168107;92216;43.3;23.8
81;2021-06-03;2004;2534;170111;94750;43.9;24.4
81;2021-06-04;1845;2947;171956;97697;44.3;25.2
81;2021-06-05;1757;1307;173713;99004;44.8;25.5
81;2021-06-06;370;366;174083;99370;44.9;25.6
81;2021-06-07;1209;1541;175292;100911;45.2;26.0
81;2021-06-08;2371;2388;177663;103299;45.8;26.6
81;2021-06-09;2440;1869;180103;105168;46.4;27.1
81;2021-06-10;1279;1564;181382;106732;46.8;27.5
81;2021-06-11;2658;2202;184040;108934;47.4;28.1
81;2021-06-12;1659;1038;185699;109972;47.9;28.4
81;2021-06-13;444;475;186143;110447;48.0;28.5
81;2021-06-14;774;1420;186917;111867;48.2;28.8
81;2021-06-15;1678;3500;188595;115367;48.6;29.7
81;2021-06-16;1269;3013;189864;118380;48.9;30.5
81;2021-06-17;1344;2525;191208;120905;49.3;31.2
81;2021-06-18;1837;2771;193045;123676;49.8;31.9
81;2021-06-19;825;949;193870;124625;50.0;32.1
81;2021-06-20;405;536;194275;125161;50.1;32.3
81;2021-06-21;426;1040;194701;126201;50.2;32.5
81;2021-06-22;1061;2566;195762;128767;50.5;33.2
81;2021-06-23;1142;2158;196904;130925;50.8;33.8
81;2021-06-24;1115;1938;198019;132863;51.0;34.3
81;2021-06-25;1241;2868;199260;135731;51.4;35.0
81;2021-06-26;722;1712;199982;137443;51.6;35.4
81;2021-06-27;526;1646;200508;139089;51.7;35.9
81;2021-06-28;476;1541;200984;140630;51.8;36.3
81;2021-06-29;1083;2638;202067;143268;52.1;36.9
81;2021-06-30;1042;3155;203109;146423;52.4;37.7
81;2021-07-01;951;2628;204060;149051;52.6;38.4
81;2021-07-02;998;2860;205058;151911;52.9;39.2
81;2021-07-03;732;2829;205790;154740;53.1;39.9
81;2021-07-04;268;1010;206058;155750;53.1;40.2
81;2021-07-05;703;1624;206761;157374;53.3;40.6
81;2021-07-06;975;3177;207736;160551;53.6;41.4
81;2021-07-07;1059;2436;208795;162987;53.8;42.0
81;2021-07-08;1030;2235;209825;165222;54.1;42.6
81;2021-07-09;1147;2704;210972;167926;54.4;43.3
81;2021-07-10;807;1523;211779;169449;54.6;43.7
81;2021-07-11;436;1012;212215;170461;54.7;43.9
81;2021-07-12;737;1726;212952;172187;54.9;44.4
81;2021-07-13;2066;3143;215018;175330;55.4;45.2
81;2021-07-14;1443;1572;216461;176902;55.8;45.6
81;2021-07-15;2546;2759;219007;179661;56.5;46.3
81;2021-07-16;2027;3031;221034;182692;57.0;47.1
81;2021-07-17;1219;2454;222253;185146;57.3;47.7
81;2021-07-18;672;1130;222925;186276;57.5;48.0
81;2021-07-19;1254;1733;224179;188009;57.8;48.5
81;2021-07-20;3065;2808;227244;190817;58.6;49.2
81;2021-07-21;3492;2345;230736;193162;59.5;49.8
81;2021-07-22;3556;2098;234292;195260;60.4;50.3
81;2021-07-23;3174;3248;237466;198508;61.2;51.2
81;2021-07-24;2519;1722;239985;200230;61.9;51.6
81;2021-07-25;1685;710;241670;200940;62.3;51.8
81;2021-07-26;2015;1546;243685;202486;62.8;52.2
81;2021-07-27;3619;2542;247304;205028;63.8;52.9
81;2021-07-28;3049;2203;250353;207231;64.5;53.4
81;2021-07-29;3353;1778;253706;209009;65.4;53.9
81;2021-07-30;2829;2262;256535;211271;66.1;54.5
81;2021-07-31;1948;1010;258483;212281;66.6;54.7
81;2021-08-01;836;636;259319;212917;66.9;54.9
81;2021-08-02;1075;990;260394;213907;67.1;55.1
81;2021-08-03;2320;2116;262714;216023;67.7;55.7
81;2021-08-04;2025;1537;264739;217560;68.2;56.1
81;2021-08-05;1530;1875;266269;219435;68.6;56.6
81;2021-08-06;1726;1975;267995;221410;69.1;57.1
81;2021-08-07;982;1042;268977;222452;69.3;57.3
81;2021-08-08;437;709;269414;223161;69.5;57.5
81;2021-08-09;803;657;270217;223818;69.7;57.7
81;2021-08-10;1603;2755;271820;226573;70.1;58.4
81;2021-08-11;1107;2408;272927;228981;70.4;59.0
81;2021-08-12;1037;2249;273964;231230;70.6;59.6
81;2021-08-13;871;2470;274835;233700;70.9;60.2
81;2021-08-14;493;1873;275328;235573;71.0;60.7
81;2021-08-15;141;1100;275469;236673;71.0;61.0
81;2021-08-16;625;1820;276094;238493;71.2;61.5
81;2021-08-17;1335;3099;277429;241592;71.5;62.3
81;2021-08-18;1057;2359;278486;243951;71.8;62.9
81;2021-08-19;937;2266;279423;246217;72.0;63.5
81;2021-08-20;915;2352;280338;248569;72.3;64.1
81;2021-08-21;466;1535;280804;250104;72.4;64.5
81;2021-08-22;184;930;280988;251034;72.4;64.7
81;2021-08-23;482;1264;281470;252298;72.6;65.0
81;2021-08-24;837;2535;282307;254833;72.8;65.7
81;2021-08-25;699;2053;283006;256886;73.0;66.2
81;2021-08-26;851;2107;283857;258993;73.2;66.8
81;2021-08-27;839;2180;284696;261173;73.4;67.3
81;2021-08-28;472;1413;285168;262586;73.5;67.7
81;2021-08-29;163;829;285331;263415;73.6;67.9
81;2021-08-30;416;1210;285747;264625;73.7;68.2
81;2021-08-31;825;2114;286572;266739;73.9;68.8
81;2021-09-01;643;1407;287215;268146;74.0;69.1
82;2020-12-27;0;0;0;0;0.0;0.0
82;2020-12-28;2;0;2;0;0.0;0.0
82;2020-12-29;0;0;2;0;0.0;0.0
82;2020-12-30;0;0;2;0;0.0;0.0
82;2020-12-31;0;0;2;0;0.0;0.0
82;2021-01-01;0;0;2;0;0.0;0.0
82;2021-01-02;0;0;2;0;0.0;0.0
82;2021-01-03;0;0;2;0;0.0;0.0
82;2021-01-04;0;0;2;0;0.0;0.0
82;2021-01-05;86;0;88;0;0.0;0.0
82;2021-01-06;1;0;89;0;0.0;0.0
82;2021-01-07;75;0;164;0;0.1;0.0
82;2021-01-08;46;0;210;0;0.1;0.0
82;2021-01-09;77;0;287;0;0.1;0.0
82;2021-01-10;0;0;287;0;0.1;0.0
82;2021-01-11;94;0;381;0;0.1;0.0
82;2021-01-12;284;0;665;0;0.3;0.0
82;2021-01-13;336;1;1001;1;0.4;0.0
82;2021-01-14;442;3;1443;4;0.5;0.0
82;2021-01-15;612;2;2055;6;0.8;0.0
82;2021-01-16;230;3;2285;9;0.9;0.0
82;2021-01-17;89;0;2374;9;0.9;0.0
82;2021-01-18;433;0;2807;9;1.1;0.0
82;2021-01-19;482;1;3289;10;1.3;0.0
82;2021-01-20;663;2;3952;12;1.5;0.0
82;2021-01-21;447;1;4399;13;1.7;0.0
82;2021-01-22;483;2;4882;15;1.9;0.0
82;2021-01-23;151;0;5033;15;1.9;0.0
82;2021-01-24;0;0;5033;15;1.9;0.0
82;2021-01-25;376;0;5409;15;2.1;0.0
82;2021-01-26;468;0;5877;15;2.2;0.0
82;2021-01-27;519;0;6396;15;2.4;0.0
82;2021-01-28;586;34;6982;49;2.7;0.0
82;2021-01-29;405;108;7387;157;2.8;0.1
82;2021-01-30;44;22;7431;179;2.8;0.1
82;2021-01-31;0;0;7431;179;2.8;0.1
82;2021-02-01;294;55;7725;234;2.9;0.1
82;2021-02-02;344;100;8069;334;3.1;0.1
82;2021-02-03;462;66;8531;400;3.2;0.2
82;2021-02-04;765;218;9296;618;3.5;0.2
82;2021-02-05;480;145;9776;763;3.7;0.3
82;2021-02-06;93;39;9869;802;3.8;0.3
82;2021-02-07;29;79;9898;881;3.8;0.3
82;2021-02-08;149;221;10047;1102;3.8;0.4
82;2021-02-09;238;393;10285;1495;3.9;0.6
82;2021-02-10;271;594;10556;2089;4.0;0.8
82;2021-02-11;225;399;10781;2488;4.1;0.9
82;2021-02-12;190;605;10971;3093;4.2;1.2
82;2021-02-13;60;117;11031;3210;4.2;1.2
82;2021-02-14;4;79;11035;3289;4.2;1.3
82;2021-02-15;217;303;11252;3592;4.3;1.4
82;2021-02-16;280;385;11532;3977;4.4;1.5
82;2021-02-17;359;520;11891;4497;4.5;1.7
82;2021-02-18;507;503;12398;5000;4.7;1.9
82;2021-02-19;490;541;12888;5541;4.9;2.1
82;2021-02-20;78;138;12966;5679;4.9;2.2
82;2021-02-21;0;0;12966;5679;4.9;2.2
82;2021-02-22;200;400;13166;6079;5.0;2.3
82;2021-02-23;277;468;13443;6547;5.1;2.5
82;2021-02-24;283;448;13726;6995;5.2;2.7
82;2021-02-25;637;506;14363;7501;5.5;2.9
82;2021-02-26;648;395;15011;7896;5.7;3.0
82;2021-02-27;214;73;15225;7969;5.8;3.0
82;2021-02-28;30;7;15255;7976;5.8;3.0
82;2021-03-01;291;228;15546;8204;5.9;3.1
82;2021-03-02;495;403;16041;8607;6.1;3.3
82;2021-03-03;440;383;16481;8990;6.3;3.4
82;2021-03-04;600;300;17081;9290;6.5;3.5
82;2021-03-05;680;381;17761;9671;6.8;3.7
82;2021-03-06;693;43;18454;9714;7.0;3.7
82;2021-03-07;302;3;18756;9717;7.1;3.7
82;2021-03-08;603;154;19359;9871;7.4;3.8
82;2021-03-09;582;257;19941;10128;7.6;3.9
82;2021-03-10;779;248;20720;10376;7.9;4.0
82;2021-03-11;975;284;21695;10660;8.3;4.1
82;2021-03-12;992;103;22687;10763;8.6;4.1
82;2021-03-13;564;53;23251;10816;8.9;4.1
82;2021-03-14;61;5;23312;10821;8.9;4.1
82;2021-03-15;485;324;23797;11145;9.1;4.2
82;2021-03-16;197;332;23994;11477;9.1;4.4
82;2021-03-17;191;294;24185;11771;9.2;4.5
82;2021-03-18;279;350;24464;12121;9.3;4.6
82;2021-03-19;533;312;24997;12433;9.5;4.7
82;2021-03-20;251;58;25248;12491;9.6;4.8
82;2021-03-21;23;0;25271;12491;9.6;4.8
82;2021-03-22;406;320;25677;12811;9.8;4.9
82;2021-03-23;601;314;26278;13125;10.0;5.0
82;2021-03-24;620;332;26898;13457;10.2;5.1
82;2021-03-25;928;245;27826;13702;10.6;5.2
82;2021-03-26;1216;270;29042;13972;11.1;5.3
82;2021-03-27;479;77;29521;14049;11.2;5.3
82;2021-03-28;136;2;29657;14051;11.3;5.4
82;2021-03-29;925;379;30582;14430;11.6;5.5
82;2021-03-30;1188;280;31770;14710;12.1;5.6
82;2021-03-31;1019;262;32789;14972;12.5;5.7
82;2021-04-01;1072;198;33861;15170;12.9;5.8
82;2021-04-02;1212;286;35073;15456;13.4;5.9
82;2021-04-03;715;132;35788;15588;13.6;5.9
82;2021-04-04;276;14;36064;15602;13.7;5.9
82;2021-04-05;388;20;36452;15622;13.9;5.9
82;2021-04-06;953;511;37405;16133;14.2;6.1
82;2021-04-07;1017;498;38422;16631;14.6;6.3
82;2021-04-08;1454;418;39876;17049;15.2;6.5
82;2021-04-09;1656;472;41532;17521;15.8;6.7
82;2021-04-10;1716;102;43248;17623;16.5;6.7
82;2021-04-11;559;19;43807;17642;16.7;6.7
82;2021-04-12;1348;293;45155;17935;17.2;6.8
82;2021-04-13;1626;272;46781;18207;17.8;6.9
82;2021-04-14;1410;296;48191;18503;18.4;7.0
82;2021-04-15;1782;324;49973;18827;19.0;7.2
82;2021-04-16;1541;335;51514;19162;19.6;7.3
82;2021-04-17;1243;70;52757;19232;20.1;7.3
82;2021-04-18;561;15;53318;19247;20.3;7.3
82;2021-04-19;958;359;54276;19606;20.7;7.5
82;2021-04-20;1268;401;55544;20007;21.2;7.6
82;2021-04-21;1219;373;56763;20380;21.6;7.8
82;2021-04-22;1452;294;58215;20674;22.2;7.9
82;2021-04-23;1076;683;59291;21357;22.6;8.1
82;2021-04-24;1188;264;60479;21621;23.0;8.2
82;2021-04-25;736;48;61215;21669;23.3;8.3
82;2021-04-26;748;809;61963;22478;23.6;8.6
82;2021-04-27;905;924;62868;23402;23.9;8.9
82;2021-04-28;921;899;63789;24301;24.3;9.3
82;2021-04-29;1107;912;64896;25213;24.7;9.6
82;2021-04-30;1042;889;65938;26102;25.1;9.9
82;2021-05-01;1143;258;67081;26360;25.5;10.0
82;2021-05-02;697;145;67778;26505;25.8;10.1
82;2021-05-03;410;1215;68188;27720;26.0;10.6
82;2021-05-04;864;1170;69052;28890;26.3;11.0
82;2021-05-05;568;1173;69620;30063;26.5;11.4
82;2021-05-06;848;1419;70468;31482;26.8;12.0
82;2021-05-07;734;1456;71202;32938;27.1;12.5
82;2021-05-08;935;519;72137;33457;27.5;12.7
82;2021-05-09;753;579;72890;34036;27.8;13.0
82;2021-05-10;850;1365;73740;35401;28.1;13.5
82;2021-05-11;1158;1348;74898;36749;28.5;14.0
82;2021-05-12;1016;1346;75914;38095;28.9;14.5
82;2021-05-13;1454;432;77368;38527;29.5;14.7
82;2021-05-14;1691;1239;79059;39766;30.1;15.1
82;2021-05-15;1935;697;80994;40463;30.8;15.4
82;2021-05-16;558;115;81552;40578;31.1;15.5
82;2021-05-17;1090;1173;82642;41751;31.5;15.9
82;2021-05-18;1466;1190;84108;42941;32.0;16.4
82;2021-05-19;1271;978;85379;43919;32.5;16.7
82;2021-05-20;1408;1161;86787;45080;33.0;17.2
82;2021-05-21;1411;1218;88198;46298;33.6;17.6
82;2021-05-22;2069;631;90267;46929;34.4;17.9
82;2021-05-23;705;117;90972;47046;34.6;17.9
82;2021-05-24;1441;265;92413;47311;35.2;18.0
82;2021-05-25;1445;964;93858;48275;35.7;18.4
82;2021-05-26;1413;921;95271;49196;36.3;18.7
82;2021-05-27;1460;1025;96731;50221;36.8;19.1
82;2021-05-28;1540;1143;98271;51364;37.4;19.6
82;2021-05-29;1496;546;99767;51910;38.0;19.8
82;2021-05-30;402;101;100169;52011;38.1;19.8
82;2021-05-31;1491;991;101660;53002;38.7;20.2
82;2021-06-01;1751;1052;103411;54054;39.4;20.6
82;2021-06-02;1476;1008;104887;55062;39.9;21.0
82;2021-06-03;1490;1184;106377;56246;40.5;21.4
82;2021-06-04;2250;1305;108627;57551;41.4;21.9
82;2021-06-05;2271;987;110898;58538;42.2;22.3
82;2021-06-06;329;133;111227;58671;42.4;22.3
82;2021-06-07;958;1275;112185;59946;42.7;22.8
82;2021-06-08;1445;1141;113630;61087;43.3;23.3
82;2021-06-09;1709;1143;115339;62230;43.9;23.7
82;2021-06-10;1441;1208;116780;63438;44.5;24.2
82;2021-06-11;1922;1125;118702;64563;45.2;24.6
82;2021-06-12;2392;1396;121094;65959;46.1;25.1
82;2021-06-13;379;113;121473;66072;46.3;25.2
82;2021-06-14;1213;1082;122686;67154;46.7;25.6
82;2021-06-15;1462;1245;124148;68399;47.3;26.0
82;2021-06-16;1751;1168;125899;69567;47.9;26.5
82;2021-06-17;1219;1472;127118;71039;48.4;27.1
82;2021-06-18;1469;1439;128587;72478;49.0;27.6
82;2021-06-19;2271;982;130858;73460;49.8;28.0
82;2021-06-20;268;174;131126;73634;49.9;28.0
82;2021-06-21;483;1360;131609;74994;50.1;28.6
82;2021-06-22;892;1709;132501;76703;50.5;29.2
82;2021-06-23;1238;1588;133739;78291;50.9;29.8
82;2021-06-24;757;1905;134496;80196;51.2;30.5
82;2021-06-25;741;1938;135237;82134;51.5;31.3
82;2021-06-26;1240;2144;136477;84278;52.0;32.1
82;2021-06-27;195;438;136672;84716;52.0;32.3
82;2021-06-28;330;1412;137002;86128;52.2;32.8
82;2021-06-29;518;1842;137520;87970;52.4;33.5
82;2021-06-30;948;1912;138468;89882;52.7;34.2
82;2021-07-01;659;1633;139127;91515;53.0;34.8
82;2021-07-02;931;2296;140058;93811;53.3;35.7
82;2021-07-03;859;2340;140917;96151;53.7;36.6
82;2021-07-04;120;439;141037;96590;53.7;36.8
82;2021-07-05;444;1561;141481;98151;53.9;37.4
82;2021-07-06;512;1867;141993;100018;54.1;38.1
82;2021-07-07;791;1776;142784;101794;54.4;38.8
82;2021-07-08;504;1503;143288;103297;54.6;39.3
82;2021-07-09;781;2155;144069;105452;54.9;40.2
82;2021-07-10;706;2215;144775;107667;55.1;41.0
82;2021-07-11;38;380;144813;108047;55.1;41.1
82;2021-07-12;579;1884;145392;109931;55.4;41.9
82;2021-07-13;715;2004;146107;111935;55.6;42.6
82;2021-07-14;617;741;146724;112676;55.9;42.9
82;2021-07-15;858;1751;147582;114427;56.2;43.6
82;2021-07-16;1438;2639;149020;117066;56.7;44.6
82;2021-07-17;561;2185;149581;119251;57.0;45.4
82;2021-07-18;14;41;149595;119292;57.0;45.4
82;2021-07-19;737;2071;150332;121363;57.2;46.2
82;2021-07-20;920;1884;151252;123247;57.6;46.9
82;2021-07-21;1289;1764;152541;125011;58.1;47.6
82;2021-07-22;1082;1766;153623;126777;58.5;48.3
82;2021-07-23;1053;2986;154676;129763;58.9;49.4
82;2021-07-24;1103;1491;155779;131254;59.3;50.0
82;2021-07-25;303;73;156082;131327;59.4;50.0
82;2021-07-26;951;1897;157033;133224;59.8;50.7
82;2021-07-27;1341;1641;158374;134865;60.3;51.4
82;2021-07-28;1468;1498;159842;136363;60.9;51.9
82;2021-07-29;1327;1534;161169;137897;61.4;52.5
82;2021-07-30;1536;2474;162705;140371;62.0;53.5
82;2021-07-31;459;294;163164;140665;62.1;53.6
82;2021-08-01;273;50;163437;140715;62.2;53.6
82;2021-08-02;1272;878;164709;141593;62.7;53.9
82;2021-08-03;1431;831;166140;142424;63.3;54.2
82;2021-08-04;1364;1030;167504;143454;63.8;54.6
82;2021-08-05;1489;599;168993;144053;64.3;54.9
82;2021-08-06;994;647;169987;144700;64.7;55.1
82;2021-08-07;921;1194;170908;145894;65.1;55.6
82;2021-08-08;155;65;171063;145959;65.1;55.6
82;2021-08-09;1072;894;172135;146853;65.5;55.9
82;2021-08-10;1288;916;173423;147769;66.0;56.3
82;2021-08-11;1261;1123;174684;148892;66.5;56.7
82;2021-08-12;1469;945;176153;149837;67.1;57.1
82;2021-08-13;1406;997;177559;150834;67.6;57.4
82;2021-08-14;311;483;177870;151317;67.7;57.6
82;2021-08-15;61;34;177931;151351;67.8;57.6
82;2021-08-16;781;1461;178712;152812;68.1;58.2
82;2021-08-17;1060;1234;179772;154046;68.5;58.7
82;2021-08-18;612;849;180384;154895;68.7;59.0
82;2021-08-19;1005;1146;181389;156041;69.1;59.4
82;2021-08-20;1032;1899;182421;157940;69.5;60.1
82;2021-08-21;495;989;182916;158929;69.7;60.5
82;2021-08-22;21;55;182937;158984;69.7;60.5
82;2021-08-23;741;1294;183678;160278;69.9;61.0
82;2021-08-24;858;1116;184536;161394;70.3;61.5
82;2021-08-25;847;1535;185383;162929;70.6;62.0
82;2021-08-26;594;1095;185977;164024;70.8;62.5
82;2021-08-27;892;1678;186869;165702;71.2;63.1
82;2021-08-28;210;615;187079;166317;71.2;63.3
82;2021-08-29;37;49;187116;166366;71.3;63.3
82;2021-08-30;420;1021;187536;167387;71.4;63.7
82;2021-08-31;338;1022;187874;168409;71.5;64.1
82;2021-09-01;713;1395;188587;169804;71.8;64.7
83;2020-12-27;1;0;1;0;0.0;0.0
83;2020-12-28;0;0;1;0;0.0;0.0
83;2020-12-29;1;0;2;0;0.0;0.0
83;2020-12-30;1;0;3;0;0.0;0.0
83;2020-12-31;0;0;3;0;0.0;0.0
83;2021-01-01;1;0;4;0;0.0;0.0
83;2021-01-02;0;0;4;0;0.0;0.0
83;2021-01-03;1;0;5;0;0.0;0.0
83;2021-01-04;1;0;6;0;0.0;0.0
83;2021-01-05;3;0;9;0;0.0;0.0
83;2021-01-06;69;0;78;0;0.0;0.0
83;2021-01-07;324;0;402;0;0.0;0.0
83;2021-01-08;421;0;823;0;0.1;0.0
83;2021-01-09;48;0;871;0;0.1;0.0
83;2021-01-10;1;0;872;0;0.1;0.0
83;2021-01-11;475;0;1347;0;0.1;0.0
83;2021-01-12;1002;4;2349;4;0.2;0.0
83;2021-01-13;961;7;3310;11;0.3;0.0
83;2021-01-14;843;5;4153;16;0.4;0.0
83;2021-01-15;702;1;4855;17;0.5;0.0
83;2021-01-16;41;1;4896;18;0.5;0.0
83;2021-01-17;1;0;4897;18;0.5;0.0
83;2021-01-18;1223;4;6120;22;0.6;0.0
83;2021-01-19;2017;7;8137;29;0.8;0.0
83;2021-01-20;1659;10;9796;39;0.9;0.0
83;2021-01-21;2101;8;11897;47;1.1;0.0
83;2021-01-22;1658;5;13555;52;1.3;0.0
83;2021-01-23;244;0;13799;52;1.3;0.0
83;2021-01-24;21;1;13820;53;1.3;0.0
83;2021-01-25;1554;7;15374;60;1.4;0.0
83;2021-01-26;1757;15;17131;75;1.6;0.0
83;2021-01-27;2153;83;19284;158;1.8;0.0
83;2021-01-28;5085;358;24369;516;2.3;0.0
83;2021-01-29;2948;347;27317;863;2.5;0.1
83;2021-01-30;235;45;27552;908;2.6;0.1
83;2021-01-31;46;0;27598;908;2.6;0.1
83;2021-02-01;1280;405;28878;1313;2.7;0.1
83;2021-02-02;1438;715;30316;2028;2.8;0.2
83;2021-02-03;1526;624;31842;2652;3.0;0.2
83;2021-02-04;1483;737;33325;3389;3.1;0.3
83;2021-02-05;1219;670;34544;4059;3.2;0.4
83;2021-02-06;23;14;34567;4073;3.2;0.4
83;2021-02-07;1;0;34568;4073;3.2;0.4
83;2021-02-08;1089;611;35657;4684;3.3;0.4
83;2021-02-09;1324;905;36981;5589;3.4;0.5
83;2021-02-10;1533;794;38514;6383;3.6;0.6
83;2021-02-11;1605;1019;40119;7402;3.7;0.7
83;2021-02-12;1347;819;41466;8221;3.9;0.8
83;2021-02-13;54;25;41520;8246;3.9;0.8
83;2021-02-14;0;0;41520;8246;3.9;0.8
83;2021-02-15;671;1013;42191;9259;3.9;0.9
83;2021-02-16;541;1340;42732;10599;4.0;1.0
83;2021-02-17;804;1798;43536;12397;4.1;1.2
83;2021-02-18;1627;3828;45163;16225;4.2;1.5
83;2021-02-19;1478;2294;46641;18519;4.3;1.7
83;2021-02-20;63;169;46704;18688;4.3;1.7
83;2021-02-21;25;35;46729;18723;4.4;1.7
83;2021-02-22;503;1710;47232;20433;4.4;1.9
83;2021-02-23;671;1408;47903;21841;4.5;2.0
83;2021-02-24;723;1445;48626;23286;4.5;2.2
83;2021-02-25;1250;1373;49876;24659;4.6;2.3
83;2021-02-26;1299;1219;51175;25878;4.8;2.4
83;2021-02-27;552;55;51727;25933;4.8;2.4
83;2021-02-28;10;13;51737;25946;4.8;2.4
83;2021-03-01;811;1216;52548;27162;4.9;2.5
83;2021-03-02;989;1299;53537;28461;5.0;2.7
83;2021-03-03;1438;1520;54975;29981;5.1;2.8
83;2021-03-04;1889;1373;56864;31354;5.3;2.9
83;2021-03-05;2218;1233;59082;32587;5.5;3.0
83;2021-03-06;3009;113;62091;32700;5.8;3.0
83;2021-03-07;2226;42;64317;32742;6.0;3.0
83;2021-03-08;850;1311;65167;34053;6.1;3.2
83;2021-03-09;1931;1220;67098;35273;6.2;3.3
83;2021-03-10;2376;1361;69474;36634;6.5;3.4
83;2021-03-11;3675;2199;73149;38833;6.8;3.6
83;2021-03-12;3643;1510;76792;40343;7.2;3.8
83;2021-03-13;4607;177;81399;40520;7.6;3.8
83;2021-03-14;2339;53;83738;40573;7.8;3.8
83;2021-03-15;3337;668;87075;41241;8.1;3.8
83;2021-03-16;2600;698;89675;41939;8.4;3.9
83;2021-03-17;2847;784;92522;42723;8.6;4.0
83;2021-03-18;3549;793;96071;43516;8.9;4.1
83;2021-03-19;4175;586;100246;44102;9.3;4.1
83;2021-03-20;3476;73;103722;44175;9.7;4.1
83;2021-03-21;2011;30;105733;44205;9.8;4.1
83;2021-03-22;3967;894;109700;45099;10.2;4.2
83;2021-03-23;4753;592;114453;45691;10.7;4.3
83;2021-03-24;5051;721;119504;46412;11.1;4.3
83;2021-03-25;6533;851;126037;47263;11.7;4.4
83;2021-03-26;7176;747;133213;48010;12.4;4.5
83;2021-03-27;3969;387;137182;48397;12.8;4.5
83;2021-03-28;2183;34;139365;48431;13.0;4.5
83;2021-03-29;4555;765;143920;49196;13.4;4.6
83;2021-03-30;5966;952;149886;50148;14.0;4.7
83;2021-03-31;5551;1075;155437;51223;14.5;4.8
83;2021-04-01;5979;1260;161416;52483;15.0;4.9
83;2021-04-02;5763;1074;167179;53557;15.6;5.0
83;2021-04-03;1801;633;168980;54190;15.7;5.0
83;2021-04-04;855;348;169835;54538;15.8;5.1
83;2021-04-05;190;66;170025;54604;15.8;5.1
83;2021-04-06;4730;1402;174755;56006;16.3;5.2
83;2021-04-07;5832;1660;180587;57666;16.8;5.4
83;2021-04-08;7883;1999;188470;59665;17.6;5.6
83;2021-04-09;7598;2200;196068;61865;18.3;5.8
83;2021-04-10;2947;2651;199015;64516;18.5;6.0
83;2021-04-11;1715;2136;200730;66652;18.7;6.2
83;2021-04-12;4952;2875;205682;69527;19.2;6.5
83;2021-04-13;5409;3004;211091;72531;19.7;6.8
83;2021-04-14;5896;2944;216987;75475;20.2;7.0
83;2021-04-15;6776;3040;223763;78515;20.8;7.3
83;2021-04-16;6125;3517;229888;82032;21.4;7.6
83;2021-04-17;3510;2191;233398;84223;21.7;7.8
83;2021-04-18;2176;1295;235574;85518;21.9;8.0
83;2021-04-19;4106;3903;239680;89421;22.3;8.3
83;2021-04-20;4358;3871;244038;93292;22.7;8.7
83;2021-04-21;4303;4153;248341;97445;23.1;9.1
83;2021-04-22;5009;4301;253350;101746;23.6;9.5
83;2021-04-23;4530;4567;257880;106313;24.0;9.9
83;2021-04-24;2630;2712;260510;109025;24.3;10.2
83;2021-04-25;1925;1571;262435;110596;24.4;10.3
83;2021-04-26;3569;3851;266004;114447;24.8;10.7
83;2021-04-27;4138;4555;270142;119002;25.2;11.1
83;2021-04-28;4315;4367;274457;123369;25.6;11.5
83;2021-04-29;5819;5125;280276;128494;26.1;12.0
83;2021-04-30;5788;4308;286064;132802;26.6;12.4
83;2021-05-01;1691;428;287755;133230;26.8;12.4
83;2021-05-02;1237;756;288992;133986;26.9;12.5
83;2021-05-03;3750;4282;292742;138268;27.3;12.9
83;2021-05-04;3345;5101;296087;143369;27.6;13.4
83;2021-05-05;3642;4971;299729;148340;27.9;13.8
83;2021-05-06;4673;4956;304402;153296;28.3;14.3
83;2021-05-07;4167;5313;308569;158609;28.7;14.8
83;2021-05-08;2763;1015;311332;159624;29.0;14.9
83;2021-05-09;2153;1236;313485;160860;29.2;15.0
83;2021-05-10;3204;5427;316689;166287;29.5;15.5
83;2021-05-11;5128;5686;321817;171973;30.0;16.0
83;2021-05-12;6292;4846;328109;176819;30.6;16.5
83;2021-05-13;6582;1346;334691;178165;31.2;16.6
83;2021-05-14;7421;4118;342112;182283;31.9;17.0
83;2021-05-15;7754;2204;349866;184487;32.6;17.2
83;2021-05-16;6628;1251;356494;185738;33.2;17.3
83;2021-05-17;4894;4216;361388;189954;33.7;17.7
83;2021-05-18;5538;3867;366926;193821;34.2;18.0
83;2021-05-19;6210;3411;373136;197232;34.7;18.4
83;2021-05-20;6757;3798;379893;201030;35.4;18.7
83;2021-05-21;7907;3873;387800;204903;36.1;19.1
83;2021-05-22;6091;1721;393891;206624;36.7;19.2
83;2021-05-23;4686;714;398577;207338;37.1;19.3
83;2021-05-24;5810;973;404387;208311;37.7;19.4
83;2021-05-25;5514;4756;409901;213067;38.2;19.8
83;2021-05-26;4859;4441;414760;217508;38.6;20.3
83;2021-05-27;5070;5263;419830;222771;39.1;20.7
83;2021-05-28;4506;5771;424336;228542;39.5;21.3
83;2021-05-29;2707;4274;427043;232816;39.8;21.7
83;2021-05-30;1257;1376;428300;234192;39.9;21.8
83;2021-05-31;5488;4767;433788;238959;40.4;22.3
83;2021-06-01;5729;5308;439517;244267;40.9;22.7
83;2021-06-02;5261;4591;444778;248858;41.4;23.2
83;2021-06-03;5744;5131;450522;253989;42.0;23.7
83;2021-06-04;5447;6049;455969;260038;42.5;24.2
83;2021-06-05;3925;3200;459894;263238;42.8;24.5
83;2021-06-06;1936;1383;461830;264621;43.0;24.6
83;2021-06-07;3918;5095;465748;269716;43.4;25.1
83;2021-06-08;4177;4826;469925;274542;43.8;25.6
83;2021-06-09;4007;4700;473932;279242;44.1;26.0
83;2021-06-10;3997;4262;477929;283504;44.5;26.4
83;2021-06-11;3658;5446;481587;288950;44.8;26.9
83;2021-06-12;2913;2981;484500;291931;45.1;27.2
83;2021-06-13;995;1391;485495;293322;45.2;27.3
83;2021-06-14;2857;5656;488352;298978;45.5;27.8
83;2021-06-15;3167;4861;491519;303839;45.8;28.3
83;2021-06-16;2964;4510;494483;308349;46.0;28.7
83;2021-06-17;2778;5286;497261;313635;46.3;29.2
83;2021-06-18;3159;5962;500420;319597;46.6;29.8
83;2021-06-19;2321;4098;502741;323695;46.8;30.1
83;2021-06-20;674;1888;503415;325583;46.9;30.3
83;2021-06-21;2111;7587;505526;333170;47.1;31.0
83;2021-06-22;2102;7164;507628;340334;47.3;31.7
83;2021-06-23;1936;6927;509564;347261;47.5;32.3
83;2021-06-24;1961;7370;511525;354631;47.6;33.0
83;2021-06-25;2112;8397;513637;363028;47.8;33.8
83;2021-06-26;1463;6808;515100;369836;48.0;34.4
83;2021-06-27;692;3186;515792;373022;48.0;34.7
83;2021-06-28;1571;7887;517363;380909;48.2;35.5
83;2021-06-29;1908;7811;519271;388720;48.4;36.2
83;2021-06-30;2238;7273;521509;395993;48.6;36.9
83;2021-07-01;2556;6568;524065;402561;48.8;37.5
83;2021-07-02;2265;7800;526330;410361;49.0;38.2
83;2021-07-03;1510;5686;527840;416047;49.2;38.7
83;2021-07-04;572;2751;528412;418798;49.2;39.0
83;2021-07-05;1924;7533;530336;426331;49.4;39.7
83;2021-07-06;2573;5939;532909;432270;49.6;40.3
83;2021-07-07;2685;4673;535594;436943;49.9;40.7
83;2021-07-08;3248;4472;538842;441415;50.2;41.1
83;2021-07-09;3042;6962;541884;448377;50.5;41.8
83;2021-07-10;1577;4931;543461;453308;50.6;42.2
83;2021-07-11;1009;1765;544470;455073;50.7;42.4
83;2021-07-12;2140;7685;546610;462758;50.9;43.1
83;2021-07-13;4039;7091;550649;469849;51.3;43.8
83;2021-07-14;2096;1323;552745;471172;51.5;43.9
83;2021-07-15;4585;6845;557330;478017;51.9;44.5
83;2021-07-16;5273;7123;562603;485140;52.4;45.2
83;2021-07-17;3652;5000;566255;490140;52.7;45.6
83;2021-07-18;1605;1312;567860;491452;52.9;45.8
83;2021-07-19;3955;6314;571815;497766;53.2;46.4
83;2021-07-20;5986;6186;577801;503952;53.8;46.9
83;2021-07-21;6027;5207;583828;509159;54.4;47.4
83;2021-07-22;7117;5540;590945;514699;55.0;47.9
83;2021-07-23;7102;5909;598047;520608;55.7;48.5
83;2021-07-24;4645;4563;602692;525171;56.1;48.9
83;2021-07-25;1329;734;604021;525905;56.2;49.0
83;2021-07-26;5549;4934;609570;530839;56.8;49.4
83;2021-07-27;6836;4896;616406;535735;57.4;49.9
83;2021-07-28;6590;4414;622996;540149;58.0;50.3
83;2021-07-29;7492;4849;630488;544998;58.7;50.8
83;2021-07-30;6961;4753;637449;549751;59.4;51.2
83;2021-07-31;4666;3216;642115;552967;59.8;51.5
83;2021-08-01;1065;849;643180;553816;59.9;51.6
83;2021-08-02;5759;3695;648939;557511;60.4;51.9
83;2021-08-03;6372;3988;655311;561499;61.0;52.3
83;2021-08-04;5901;3699;661212;565198;61.6;52.6
83;2021-08-05;6153;4070;667365;569268;62.1;53.0
83;2021-08-06;6144;4907;673509;574175;62.7;53.5
83;2021-08-07;3748;3546;677257;577721;63.1;53.8
83;2021-08-08;1063;820;678320;578541;63.2;53.9
83;2021-08-09;4704;4633;683024;583174;63.6;54.3
83;2021-08-10;5224;5147;688248;588321;64.1;54.8
83;2021-08-11;4574;5064;692822;593385;64.5;55.3
83;2021-08-12;4900;5557;697722;598942;65.0;55.8
83;2021-08-13;4906;5742;702628;604684;65.4;56.3
83;2021-08-14;3194;3885;705822;608569;65.7;56.7
83;2021-08-15;202;391;706024;608960;65.7;56.7
83;2021-08-16;3618;5464;709642;614424;66.1;57.2
83;2021-08-17;3553;5265;713195;619689;66.4;57.7
83;2021-08-18;3571;4992;716766;624681;66.7;58.2
83;2021-08-19;4157;6243;720923;630924;67.1;58.8
83;2021-08-20;3597;6498;724520;637422;67.5;59.4
83;2021-08-21;2337;4483;726857;641905;67.7;59.8
83;2021-08-22;629;1027;727486;642932;67.7;59.9
83;2021-08-23;2493;5777;729979;648709;68.0;60.4
83;2021-08-24;2875;5901;732854;654610;68.2;61.0
83;2021-08-25;2560;5272;735414;659882;68.5;61.5
83;2021-08-26;2775;5828;738189;665710;68.7;62.0
83;2021-08-27;2891;5905;741080;671615;69.0;62.5
83;2021-08-28;1912;4519;742992;676134;69.2;63.0
83;2021-08-29;472;1162;743464;677296;69.2;63.1
83;2021-08-30;2353;4949;745817;682245;69.5;63.5
83;2021-08-31;2488;5461;748305;687706;69.7;64.0
83;2021-09-01;2459;5031;750764;692737;69.9;64.5
84;2020-12-27;0;0;0;0;0.0;0.0
84;2020-12-28;0;0;0;0;0.0;0.0
84;2020-12-29;0;0;0;0;0.0;0.0
84;2020-12-30;0;0;0;0;0.0;0.0
84;2020-12-31;0;0;0;0;0.0;0.0
84;2021-01-01;0;0;0;0;0.0;0.0
84;2021-01-02;0;0;0;0;0.0;0.0
84;2021-01-03;0;0;0;0;0.0;0.0
84;2021-01-04;0;0;0;0;0.0;0.0
84;2021-01-05;0;0;0;0;0.0;0.0
84;2021-01-06;0;0;0;0;0.0;0.0
84;2021-01-07;69;0;69;0;0.0;0.0
84;2021-01-08;81;0;150;0;0.0;0.0
84;2021-01-09;30;0;180;0;0.0;0.0
84;2021-01-10;0;0;180;0;0.0;0.0
84;2021-01-11;219;0;399;0;0.1;0.0
84;2021-01-12;623;2;1022;2;0.2;0.0
84;2021-01-13;358;0;1380;2;0.2;0.0
84;2021-01-14;947;12;2327;14;0.4;0.0
84;2021-01-15;618;10;2945;24;0.5;0.0
84;2021-01-16;166;0;3111;24;0.6;0.0
84;2021-01-17;29;1;3140;25;0.6;0.0
84;2021-01-18;696;3;3836;28;0.7;0.0
84;2021-01-19;879;2;4715;30;0.8;0.0
84;2021-01-20;1018;4;5733;34;1.0;0.0
84;2021-01-21;1049;5;6782;39;1.2;0.0
84;2021-01-22;1134;1;7916;40;1.4;0.0
84;2021-01-23;248;0;8164;40;1.5;0.0
84;2021-01-24;3;0;8167;40;1.5;0.0
84;2021-01-25;806;0;8973;40;1.6;0.0
84;2021-01-26;938;5;9911;45;1.8;0.0
84;2021-01-27;1071;2;10982;47;2.0;0.0
84;2021-01-28;1621;18;12603;65;2.2;0.0
84;2021-01-29;1201;63;13804;128;2.5;0.0
84;2021-01-30;171;20;13975;148;2.5;0.0
84;2021-01-31;7;0;13982;148;2.5;0.0
84;2021-02-01;657;145;14639;293;2.6;0.1
84;2021-02-02;786;267;15425;560;2.7;0.1
84;2021-02-03;759;241;16184;801;2.9;0.1
84;2021-02-04;911;392;17095;1193;3.0;0.2
84;2021-02-05;727;412;17822;1605;3.2;0.3
84;2021-02-06;127;46;17949;1651;3.2;0.3
84;2021-02-07;0;0;17949;1651;3.2;0.3
84;2021-02-08;568;271;18517;1922;3.3;0.3
84;2021-02-09;692;707;19209;2629;3.4;0.5
84;2021-02-10;557;560;19766;3189;3.5;0.6
84;2021-02-11;546;581;20312;3770;3.6;0.7
84;2021-02-12;562;668;20874;4438;3.7;0.8
84;2021-02-13;46;167;20920;4605;3.7;0.8
84;2021-02-14;3;0;20923;4605;3.7;0.8
84;2021-02-15;209;875;21132;5480;3.8;1.0
84;2021-02-16;222;804;21354;6284;3.8;1.1
84;2021-02-17;447;773;21801;7057;3.9;1.3
84;2021-02-18;557;1090;22358;8147;4.0;1.5
84;2021-02-19;737;1177;23095;9324;4.1;1.7
84;2021-02-20;65;151;23160;9475;4.1;1.7
84;2021-02-21;6;37;23166;9512;4.1;1.7
84;2021-02-22;369;741;23535;10253;4.2;1.8
84;2021-02-23;271;690;23806;10943;4.2;2.0
84;2021-02-24;393;717;24199;11660;4.3;2.1
84;2021-02-25;713;845;24912;12505;4.4;2.2
84;2021-02-26;823;675;25735;13180;4.6;2.3
84;2021-02-27;133;126;25868;13306;4.6;2.4
84;2021-02-28;17;0;25885;13306;4.6;2.4
84;2021-03-01;456;658;26341;13964;4.7;2.5
84;2021-03-02;631;803;26972;14767;4.8;2.6
84;2021-03-03;820;947;27792;15714;5.0;2.8
84;2021-03-04;1098;690;28890;16404;5.1;2.9
84;2021-03-05;1311;521;30201;16925;5.4;3.0
84;2021-03-06;1460;65;31661;16990;5.6;3.0
84;2021-03-07;481;16;32142;17006;5.7;3.0
84;2021-03-08;812;608;32954;17614;5.9;3.1
84;2021-03-09;1387;778;34341;18392;6.1;3.3
84;2021-03-10;1473;666;35814;19058;6.4;3.4
84;2021-03-11;1984;643;37798;19701;6.7;3.5
84;2021-03-12;2080;633;39878;20334;7.1;3.6
84;2021-03-13;747;36;40625;20370;7.2;3.6
84;2021-03-14;247;53;40872;20423;7.3;3.6
84;2021-03-15;1069;310;41941;20733;7.5;3.7
84;2021-03-16;1180;330;43121;21063;7.7;3.8
84;2021-03-17;1146;442;44267;21505;7.9;3.8
84;2021-03-18;1457;398;45724;21903;8.2;3.9
84;2021-03-19;2175;457;47899;22360;8.5;4.0
84;2021-03-20;839;25;48738;22385;8.7;4.0
84;2021-03-21;150;11;48888;22396;8.7;4.0
84;2021-03-22;1158;462;50046;22858;8.9;4.1
84;2021-03-23;1915;453;51961;23311;9.3;4.2
84;2021-03-24;2178;401;54139;23712;9.7;4.2
84;2021-03-25;3655;401;57794;24113;10.3;4.3
84;2021-03-26;3318;487;61112;24600;10.9;4.4
84;2021-03-27;914;58;62026;24658;11.1;4.4
84;2021-03-28;73;2;62099;24660;11.1;4.4
84;2021-03-29;1717;531;63816;25191;11.4;4.5
84;2021-03-30;2669;685;66485;25876;11.9;4.6
84;2021-03-31;2405;648;68890;26524;12.3;4.7
84;2021-04-01;3021;577;71911;27101;12.8;4.8
84;2021-04-02;2451;531;74362;27632;13.3;4.9
84;2021-04-03;510;28;74872;27660;13.3;4.9
84;2021-04-04;12;0;74884;27660;13.3;4.9
84;2021-04-05;812;103;75696;27763;13.5;4.9
84;2021-04-06;2145;845;77841;28608;13.9;5.1
84;2021-04-07;2404;865;80245;29473;14.3;5.3
84;2021-04-08;3653;1038;83898;30511;15.0;5.4
84;2021-04-09;4117;948;88015;31459;15.7;5.6
84;2021-04-10;1308;132;89323;31591;15.9;5.6
84;2021-04-11;37;12;89360;31603;15.9;5.6
84;2021-04-12;2091;805;91451;32408;16.3;5.8
84;2021-04-13;2942;1370;94393;33778;16.8;6.0
84;2021-04-14;2811;1358;97204;35136;17.3;6.3
84;2021-04-15;3274;1423;100478;36559;17.9;6.5
84;2021-04-16;3431;1548;103909;38107;18.5;6.8
84;2021-04-17;1666;198;105575;38305;18.8;6.8
84;2021-04-18;38;1;105613;38306;18.8;6.8
84;2021-04-19;2505;920;108118;39226;19.3;7.0
84;2021-04-20;2626;1531;110744;40757;19.7;7.3
84;2021-04-21;2651;1489;113395;42246;20.2;7.5
84;2021-04-22;3011;1736;116406;43982;20.7;7.8
84;2021-04-23;3036;1899;119442;45881;21.3;8.2
84;2021-04-24;1531;288;120973;46169;21.6;8.2
84;2021-04-25;27;2;121000;46171;21.6;8.2
84;2021-04-26;2196;1368;123196;47539;22.0;8.5
84;2021-04-27;2553;1987;125749;49526;22.4;8.8
84;2021-04-28;2817;1853;128566;51379;22.9;9.2
84;2021-04-29;3420;2034;131986;53413;23.5;9.5
84;2021-04-30;3135;2427;135121;55840;24.1;10.0
84;2021-05-01;457;259;135578;56099;24.2;10.0
84;2021-05-02;2;0;135580;56099;24.2;10.0
84;2021-05-03;2164;1635;137744;57734;24.6;10.3
84;2021-05-04;2489;2536;140233;60270;25.0;10.7
84;2021-05-05;2352;2221;142585;62491;25.4;11.1
84;2021-05-06;3223;2260;145808;64751;26.0;11.5
84;2021-05-07;2766;2561;148574;67312;26.5;12.0
84;2021-05-08;1158;527;149732;67839;26.7;12.1
84;2021-05-09;6;52;149738;67891;26.7;12.1
84;2021-05-10;2158;2461;151896;70352;27.1;12.5
84;2021-05-11;2907;3157;154803;73509;27.6;13.1
84;2021-05-12;2848;2925;157651;76434;28.1;13.6
84;2021-05-13;2159;847;159810;77281;28.5;13.8
84;2021-05-14;2728;2038;162538;79319;29.0;14.1
84;2021-05-15;2001;985;164539;80304;29.3;14.3
84;2021-05-16;1341;186;165880;80490;29.6;14.3
84;2021-05-17;2223;2156;168103;82646;30.0;14.7
84;2021-05-18;2904;2119;171007;84765;30.5;15.1
84;2021-05-19;3230;1667;174237;86432;31.1;15.4
84;2021-05-20;3700;2208;177937;88640;31.7;15.8
84;2021-05-21;3470;2337;181407;90977;32.3;16.2
84;2021-05-22;1584;680;182991;91657;32.6;16.3
84;2021-05-23;6;9;182997;91666;32.6;16.3
84;2021-05-24;1840;425;184837;92091;32.9;16.4
84;2021-05-25;2984;2183;187821;94274;33.5;16.8
84;2021-05-26;3076;2089;190897;96363;34.0;17.2
84;2021-05-27;3858;2317;194755;98680;34.7;17.6
84;2021-05-28;3183;3309;197938;101989;35.3;18.2
84;2021-05-29;1093;1653;199031;103642;35.5;18.5
84;2021-05-30;8;85;199039;103727;35.5;18.5
84;2021-05-31;2191;2637;201230;106364;35.9;19.0
84;2021-06-01;3144;3161;204374;109525;36.4;19.5
84;2021-06-02;3173;2631;207547;112156;37.0;20.0
84;2021-06-03;4114;2990;211661;115146;37.7;20.5
84;2021-06-04;3616;3037;215277;118183;38.4;21.1
84;2021-06-05;1783;1499;217060;119682;38.7;21.3
84;2021-06-06;989;208;218049;119890;38.9;21.4
84;2021-06-07;2453;2759;220502;122649;39.3;21.9
84;2021-06-08;3319;3055;223821;125704;39.9;22.4
84;2021-06-09;3032;2687;226853;128391;40.4;22.9
84;2021-06-10;3515;2791;230368;131182;41.1;23.4
84;2021-06-11;3028;3070;233396;134252;41.6;23.9
84;2021-06-12;1965;1311;235361;135563;42.0;24.2
84;2021-06-13;414;213;235775;135776;42.0;24.2
84;2021-06-14;1929;3157;237704;138933;42.4;24.8
84;2021-06-15;2575;3458;240279;142391;42.8;25.4
84;2021-06-16;2528;2961;242807;145352;43.3;25.9
84;2021-06-17;2997;3481;245804;148833;43.8;26.5
84;2021-06-18;2425;3552;248229;152385;44.2;27.2
84;2021-06-19;1288;1547;249517;153932;44.5;27.4
84;2021-06-20;549;354;250066;154286;44.6;27.5
84;2021-06-21;1570;3134;251636;157420;44.9;28.1
84;2021-06-22;2164;4013;253800;161433;45.2;28.8
84;2021-06-23;2117;3310;255917;164743;45.6;29.4
84;2021-06-24;2203;3484;258120;168227;46.0;30.0
84;2021-06-25;1836;3887;259956;172114;46.3;30.7
84;2021-06-26;1132;1816;261088;173930;46.5;31.0
84;2021-06-27;297;345;261385;174275;46.6;31.1
84;2021-06-28;1210;3224;262595;177499;46.8;31.6
84;2021-06-29;1482;4052;264077;181551;47.1;32.4
84;2021-06-30;1716;3967;265793;185518;47.4;33.1
84;2021-07-01;1816;3952;267609;189470;47.7;33.8
84;2021-07-02;1752;3898;269361;193368;48.0;34.5
84;2021-07-03;1103;2030;270464;195398;48.2;34.8
84;2021-07-04;395;416;270859;195814;48.3;34.9
84;2021-07-05;1545;3540;272404;199354;48.6;35.5
84;2021-07-06;1637;4166;274041;203520;48.8;36.3
84;2021-07-07;1675;3102;275716;206622;49.1;36.8
84;2021-07-08;2161;3748;277877;210370;49.5;37.5
84;2021-07-09;1874;3970;279751;214340;49.9;38.2
84;2021-07-10;1255;2159;281006;216499;50.1;38.6
84;2021-07-11;357;303;281363;216802;50.2;38.6
84;2021-07-12;1412;3839;282775;220641;50.4;39.3
84;2021-07-13;2336;5011;285111;225652;50.8;40.2
84;2021-07-14;1886;1248;286997;226900;51.2;40.4
84;2021-07-15;2705;4554;289702;231454;51.6;41.3
84;2021-07-16;2781;4604;292483;236058;52.1;42.1
84;2021-07-17;1587;2448;294070;238506;52.4;42.5
84;2021-07-18;1018;551;295088;239057;52.6;42.6
84;2021-07-19;2415;3743;297503;242800;53.0;43.3
84;2021-07-20;2956;4167;300459;246967;53.6;44.0
84;2021-07-21;3186;3657;303645;250624;54.1;44.7
84;2021-07-22;3779;3791;307424;254415;54.8;45.4
84;2021-07-23;3523;3680;310947;258095;55.4;46.0
84;2021-07-24;1471;2249;312418;260344;55.7;46.4
84;2021-07-25;1033;510;313451;260854;55.9;46.5
84;2021-07-26;2723;3033;316174;263887;56.4;47.0
84;2021-07-27;3443;3569;319617;267456;57.0;47.7
84;2021-07-28;3866;3309;323483;270765;57.7;48.3
84;2021-07-29;4226;3151;327709;273916;58.4;48.8
84;2021-07-30;4026;3327;331735;277243;59.1;49.4
84;2021-07-31;1999;1685;333734;278928;59.5;49.7
84;2021-08-01;819;430;334553;279358;59.6;49.8
84;2021-08-02;2956;2689;337509;282047;60.2;50.3
84;2021-08-03;4101;2791;341610;284838;60.9;50.8
84;2021-08-04;3901;2605;345511;287443;61.6;51.2
84;2021-08-05;3865;2581;349376;290024;62.3;51.7
84;2021-08-06;3686;2866;353062;292890;62.9;52.2
84;2021-08-07;2068;1739;355130;294629;63.3;52.5
84;2021-08-08;386;735;355516;295364;63.4;52.6
84;2021-08-09;2875;2590;358391;297954;63.9;53.1
84;2021-08-10;3731;2945;362122;300899;64.5;53.6
84;2021-08-11;3263;2664;365385;303563;65.1;54.1
84;2021-08-12;3148;2979;368533;306542;65.7;54.6
84;2021-08-13;2877;2691;371410;309233;66.2;55.1
84;2021-08-14;1674;1742;373084;310975;66.5;55.4
84;2021-08-15;286;228;373370;311203;66.6;55.5
84;2021-08-16;2335;3072;375705;314275;67.0;56.0
84;2021-08-17;2692;3254;378397;317529;67.5;56.6
84;2021-08-18;2397;2794;380794;320323;67.9;57.1
84;2021-08-19;2263;3114;383057;323437;68.3;57.7
84;2021-08-20;2159;3296;385216;326733;68.7;58.2
84;2021-08-21;1222;1879;386438;328612;68.9;58.6
84;2021-08-22;168;739;386606;329351;68.9;58.7
84;2021-08-23;1733;3286;388339;332637;69.2;59.3
84;2021-08-24;1899;3460;390238;336097;69.6;59.9
84;2021-08-25;1835;3348;392073;339445;69.9;60.5
84;2021-08-26;1629;3624;393702;343069;70.2;61.2
84;2021-08-27;1595;3811;395297;346880;70.5;61.8
84;2021-08-28;912;2176;396209;349056;70.6;62.2
84;2021-08-29;174;606;396383;349662;70.7;62.3
84;2021-08-30;1367;3271;397750;352933;70.9;62.9
84;2021-08-31;1352;4144;399102;357077;71.1;63.7
84;2021-09-01;1225;3579;400327;360656;71.4;64.3
85;2020-12-27;1;0;1;0;0.0;0.0
85;2020-12-28;0;0;1;0;0.0;0.0
85;2020-12-29;0;0;1;0;0.0;0.0
85;2020-12-30;0;0;1;0;0.0;0.0
85;2020-12-31;0;0;1;0;0.0;0.0
85;2021-01-01;0;0;1;0;0.0;0.0
85;2021-01-02;0;0;1;0;0.0;0.0
85;2021-01-03;1;0;2;0;0.0;0.0
85;2021-01-04;26;0;28;0;0.0;0.0
85;2021-01-05;62;0;90;0;0.0;0.0
85;2021-01-06;107;1;197;1;0.0;0.0
85;2021-01-07;203;0;400;1;0.1;0.0
85;2021-01-08;293;2;693;3;0.1;0.0
85;2021-01-09;288;1;981;4;0.1;0.0
85;2021-01-10;59;0;1040;4;0.2;0.0
85;2021-01-11;453;0;1493;4;0.2;0.0
85;2021-01-12;586;1;2079;5;0.3;0.0
85;2021-01-13;544;2;2623;7;0.4;0.0
85;2021-01-14;682;4;3305;11;0.5;0.0
85;2021-01-15;439;3;3744;14;0.5;0.0
85;2021-01-16;264;3;4008;17;0.6;0.0
85;2021-01-17;37;0;4045;17;0.6;0.0
85;2021-01-18;999;3;5044;20;0.7;0.0
85;2021-01-19;1428;14;6472;34;0.9;0.0
85;2021-01-20;1874;3;8346;37;1.2;0.0
85;2021-01-21;3223;11;11569;48;1.7;0.0
85;2021-01-22;1698;19;13267;67;1.9;0.0
85;2021-01-23;466;2;13733;69;2.0;0.0
85;2021-01-24;50;0;13783;69;2.0;0.0
85;2021-01-25;577;1;14360;70;2.1;0.0
85;2021-01-26;877;34;15237;104;2.2;0.0
85;2021-01-27;1810;32;17047;136;2.5;0.0
85;2021-01-28;1635;38;18682;174;2.7;0.0
85;2021-01-29;875;63;19557;237;2.9;0.0
85;2021-01-30;149;5;19706;242;2.9;0.0
85;2021-01-31;2;45;19708;287;2.9;0.0
85;2021-02-01;483;103;20191;390;3.0;0.1
85;2021-02-02;537;175;20728;565;3.0;0.1
85;2021-02-03;415;259;21143;824;3.1;0.1
85;2021-02-04;620;263;21763;1087;3.2;0.2
85;2021-02-05;624;262;22387;1349;3.3;0.2
85;2021-02-06;158;241;22545;1590;3.3;0.2
85;2021-02-07;1;0;22546;1590;3.3;0.2
85;2021-02-08;388;639;22934;2229;3.4;0.3
85;2021-02-09;663;1055;23597;3284;3.5;0.5
85;2021-02-10;583;1120;24180;4404;3.5;0.6
85;2021-02-11;1542;3035;25722;7439;3.8;1.1
85;2021-02-12;1013;1255;26735;8694;3.9;1.3
85;2021-02-13;251;492;26986;9186;4.0;1.3
85;2021-02-14;2;118;26988;9304;4.0;1.4
85;2021-02-15;337;796;27325;10100;4.0;1.5
85;2021-02-16;569;1171;27894;11271;4.1;1.6
85;2021-02-17;786;1556;28680;12827;4.2;1.9
85;2021-02-18;1277;1924;29957;14751;4.4;2.2
85;2021-02-19;957;1200;30914;15951;4.5;2.3
85;2021-02-20;174;256;31088;16207;4.6;2.4
85;2021-02-21;1;11;31089;16218;4.6;2.4
85;2021-02-22;814;880;31903;17098;4.7;2.5
85;2021-02-23;828;485;32731;17583;4.8;2.6
85;2021-02-24;756;308;33487;17891;4.9;2.6
85;2021-02-25;1336;395;34823;18286;5.1;2.7
85;2021-02-26;1228;327;36051;18613;5.3;2.7
85;2021-02-27;400;99;36451;18712;5.3;2.7
85;2021-02-28;7;1;36458;18713;5.3;2.7
85;2021-03-01;765;428;37223;19141;5.4;2.8
85;2021-03-02;1100;791;38323;19932;5.6;2.9
85;2021-03-03;844;516;39167;20448;5.7;3.0
85;2021-03-04;1576;1177;40743;21625;6.0;3.2
85;2021-03-05;1741;851;42484;22476;6.2;3.3
85;2021-03-06;1227;130;43711;22606;6.4;3.3
85;2021-03-07;333;35;44044;22641;6.4;3.3
85;2021-03-08;1741;464;45785;23105;6.7;3.4
85;2021-03-09;2239;576;48024;23681;7.0;3.5
85;2021-03-10;1863;652;49887;24333;7.3;3.6
85;2021-03-11;3119;1095;53006;25428;7.8;3.7
85;2021-03-12;2728;869;55734;26297;8.2;3.8
85;2021-03-13;1372;162;57106;26459;8.4;3.9
85;2021-03-14;182;3;57288;26462;8.4;3.9
85;2021-03-15;1919;516;59207;26978;8.7;3.9
85;2021-03-16;1630;519;60837;27497;8.9;4.0
85;2021-03-17;980;526;61817;28023;9.0;4.1
85;2021-03-18;1904;455;63721;28478;9.3;4.2
85;2021-03-19;2200;374;65921;28852;9.6;4.2
85;2021-03-20;1069;179;66990;29031;9.8;4.2
85;2021-03-21;272;5;67262;29036;9.8;4.3
85;2021-03-22;1764;558;69026;29594;10.1;4.3
85;2021-03-23;2421;735;71447;30329;10.5;4.4
85;2021-03-24;2207;531;73654;30860;10.8;4.5
85;2021-03-25;3649;597;77303;31457;11.3;4.6
85;2021-03-26;3358;652;80661;32109;11.8;4.7
85;2021-03-27;1729;123;82390;32232;12.1;4.7
85;2021-03-28;539;4;82929;32236;12.1;4.7
85;2021-03-29;2413;759;85342;32995;12.5;4.8
85;2021-03-30;2863;1026;88205;34021;12.9;5.0
85;2021-03-31;2199;676;90404;34697;13.2;5.1
85;2021-04-01;3878;913;94282;35610;13.8;5.2
85;2021-04-02;2707;1104;96989;36714;14.2;5.4
85;2021-04-03;1413;324;98402;37038;14.4;5.4
85;2021-04-04;324;29;98726;37067;14.5;5.4
85;2021-04-05;104;175;98830;37242;14.5;5.5
85;2021-04-06;2200;1597;101030;38839;14.8;5.7
85;2021-04-07;3093;1190;104123;40029;15.2;5.9
85;2021-04-08;4544;1604;108667;41633;15.9;6.1
85;2021-04-09;4602;1226;113269;42859;16.6;6.3
85;2021-04-10;1867;400;115136;43259;16.9;6.3
85;2021-04-11;27;10;115163;43269;16.9;6.3
85;2021-04-12;4285;1490;119448;44759;17.5;6.6
85;2021-04-13;4835;1875;124283;46634;18.2;6.8
85;2021-04-14;3962;1011;128245;47645;18.8;7.0
85;2021-04-15;5518;1742;133763;49387;19.6;7.2
85;2021-04-16;5241;1543;139004;50930;20.3;7.5
85;2021-04-17;1382;436;140386;51366;20.5;7.5
85;2021-04-18;351;12;140737;51378;20.6;7.5
85;2021-04-19;3367;1702;144104;53080;21.1;7.8
85;2021-04-20;3694;1928;147798;55008;21.6;8.1
85;2021-04-21;2693;1693;150491;56701;22.0;8.3
85;2021-04-22;3806;2233;154297;58934;22.6;8.6
85;2021-04-23;3901;2091;158198;61025;23.2;8.9
85;2021-04-24;1662;1534;159860;62559;23.4;9.2
85;2021-04-25;981;563;160841;63122;23.5;9.2
85;2021-04-26;3590;2350;164431;65472;24.1;9.6
85;2021-04-27;4395;2166;168826;67638;24.7;9.9
85;2021-04-28;5747;1259;174573;68897;25.6;10.1
85;2021-04-29;5635;2005;180208;70902;26.4;10.4
85;2021-04-30;5576;1678;185784;72580;27.2;10.6
85;2021-05-01;1736;638;187520;73218;27.4;10.7
85;2021-05-02;873;471;188393;73689;27.6;10.8
85;2021-05-03;3493;2384;191886;76073;28.1;11.1
85;2021-05-04;3488;3088;195374;79161;28.6;11.6
85;2021-05-05;4532;2168;199906;81329;29.3;11.9
85;2021-05-06;4920;2602;204826;83931;30.0;12.3
85;2021-05-07;3933;3860;208759;87791;30.6;12.9
85;2021-05-08;2246;230;211005;88021;30.9;12.9
85;2021-05-09;1509;183;212514;88204;31.1;12.9
85;2021-05-10;3212;4927;215726;93131;31.6;13.6
85;2021-05-11;4027;4978;219753;98109;32.2;14.4
85;2021-05-12;5019;3938;224772;102047;32.9;14.9
85;2021-05-13;5146;613;229918;102660;33.7;15.0
85;2021-05-14;4358;3166;234276;105826;34.3;15.5
85;2021-05-15;2327;776;236603;106602;34.6;15.6
85;2021-05-16;2213;162;238816;106764;35.0;15.6
85;2021-05-17;4145;3377;242961;110141;35.6;16.1
85;2021-05-18;5215;2853;248176;112994;36.3;16.5
85;2021-05-19;6493;1769;254669;114763;37.3;16.8
85;2021-05-20;6775;2177;261444;116940;38.3;17.1
85;2021-05-21;5499;2746;266943;119686;39.1;17.5
85;2021-05-22;2584;754;269527;120440;39.5;17.6
85;2021-05-23;1329;161;270856;120601;39.6;17.7
85;2021-05-24;4573;435;275429;121036;40.3;17.7
85;2021-05-25;4517;3568;279946;124604;41.0;18.2
85;2021-05-26;4946;2681;284892;127285;41.7;18.6
85;2021-05-27;4960;3696;289852;130981;42.4;19.2
85;2021-05-28;5253;4063;295105;135044;43.2;19.8
85;2021-05-29;3962;1529;299067;136573;43.8;20.0
85;2021-05-30;1292;125;300359;136698;44.0;20.0
85;2021-05-31;4689;3380;305048;140078;44.7;20.5
85;2021-06-01;5406;3397;310454;143475;45.4;21.0
85;2021-06-02;5557;2520;316011;145995;46.3;21.4
85;2021-06-03;5917;3235;321928;149230;47.1;21.8
85;2021-06-04;5841;3822;327769;153052;48.0;22.4
85;2021-06-05;2848;1943;330617;154995;48.4;22.7
85;2021-06-06;1511;803;332128;155798;48.6;22.8
85;2021-06-07;3237;4861;335365;160659;49.1;23.5
85;2021-06-08;4091;4529;339456;165188;49.7;24.2
85;2021-06-09;4848;3515;344304;168703;50.4;24.7
85;2021-06-10;5199;3703;349503;172406;51.2;25.2
85;2021-06-11;4507;4663;354010;177069;51.8;25.9
85;2021-06-12;1492;1800;355502;178869;52.0;26.2
85;2021-06-13;1220;673;356722;179542;52.2;26.3
85;2021-06-14;2682;5095;359404;184637;52.6;27.0
85;2021-06-15;3715;4937;363119;189574;53.2;27.7
85;2021-06-16;4083;3907;367202;193481;53.7;28.3
85;2021-06-17;3940;3898;371142;197379;54.3;28.9
85;2021-06-18;3626;5684;374768;203063;54.9;29.7
85;2021-06-19;1213;2030;375981;205093;55.0;30.0
85;2021-06-20;140;521;376121;205614;55.1;30.1
85;2021-06-21;2376;5813;378497;211427;55.4;30.9
85;2021-06-22;2848;5734;381345;217161;55.8;31.8
85;2021-06-23;3391;4500;384736;221661;56.3;32.4
85;2021-06-24;3641;4560;388377;226221;56.8;33.1
85;2021-06-25;2289;6178;390666;232399;57.2;34.0
85;2021-06-26;791;3761;391457;236160;57.3;34.6
85;2021-06-27;125;1370;391582;237530;57.3;34.8
85;2021-06-28;1186;6713;392768;244243;57.5;35.8
85;2021-06-29;1756;6874;394524;251117;57.7;36.8
85;2021-06-30;2213;6206;396737;257323;58.1;37.7
85;2021-07-01;2843;6059;399580;263382;58.5;38.6
85;2021-07-02;2336;7018;401916;270400;58.8;39.6
85;2021-07-03;618;3165;402534;273565;58.9;40.0
85;2021-07-04;145;1086;402679;274651;58.9;40.2
85;2021-07-05;1083;6652;403762;281303;59.1;41.2
85;2021-07-06;1581;6457;405343;287760;59.3;42.1
85;2021-07-07;1650;5866;406993;293626;59.6;43.0
85;2021-07-08;2166;5443;409159;299069;59.9;43.8
85;2021-07-09;1648;7098;410807;306167;60.1;44.8
85;2021-07-10;565;2836;411372;309003;60.2;45.2
85;2021-07-11;529;1288;411901;310291;60.3;45.4
85;2021-07-12;1409;7049;413310;317340;60.5;46.4
85;2021-07-13;2061;7392;415371;324732;60.8;47.5
85;2021-07-14;1453;2047;416824;326779;61.0;47.8
85;2021-07-15;2681;6941;419505;333720;61.4;48.8
85;2021-07-16;3431;6835;422936;340555;61.9;49.8
85;2021-07-17;1565;2152;424501;342707;62.1;50.2
85;2021-07-18;1150;1154;425651;343861;62.3;50.3
85;2021-07-19;3557;6232;429208;350093;62.8;51.2
85;2021-07-20;4302;6214;433510;356307;63.5;52.2
85;2021-07-21;3999;6199;437509;362506;64.0;53.1
85;2021-07-22;3906;6186;441415;368692;64.6;54.0
85;2021-07-23;4532;6710;445947;375402;65.3;54.9
85;2021-07-24;1047;2295;446994;377697;65.4;55.3
85;2021-07-25;491;304;447485;378001;65.5;55.3
85;2021-07-26;4513;5358;451998;383359;66.2;56.1
85;2021-07-27;5320;5394;457318;388753;66.9;56.9
85;2021-07-28;4964;4970;462282;393723;67.7;57.6
85;2021-07-29;5879;4737;468161;398460;68.5;58.3
85;2021-07-30;6025;4951;474186;403411;69.4;59.0
85;2021-07-31;1233;1575;475419;404986;69.6;59.3
85;2021-08-01;471;195;475890;405181;69.7;59.3
85;2021-08-02;4948;3957;480838;409138;70.4;59.9
85;2021-08-03;6518;3353;487356;412491;71.3;60.4
85;2021-08-04;6620;3425;493976;415916;72.3;60.9
85;2021-08-05;6186;3604;500162;419520;73.2;61.4
85;2021-08-06;5801;4517;505963;424037;74.1;62.1
85;2021-08-07;1504;1180;507467;425217;74.3;62.2
85;2021-08-08;331;231;507798;425448;74.3;62.3
85;2021-08-09;4141;3278;511939;428726;74.9;62.8
85;2021-08-10;4809;3420;516748;432146;75.6;63.3
85;2021-08-11;4659;4211;521407;436357;76.3;63.9
85;2021-08-12;4453;4300;525860;440657;77.0;64.5
85;2021-08-13;3824;3649;529684;444306;77.5;65.0
85;2021-08-14;1016;1091;530700;445397;77.7;65.2
85;2021-08-15;160;239;530860;445636;77.7;65.2
85;2021-08-16;2835;4774;533695;450410;78.1;65.9
85;2021-08-17;2957;4351;536652;454761;78.6;66.6
85;2021-08-18;3139;4099;539791;458860;79.0;67.2
85;2021-08-19;2725;4273;542516;463133;79.4;67.8
85;2021-08-20;2473;5223;544989;468356;79.8;68.6
85;2021-08-21;690;1393;545679;469749;79.9;68.8
85;2021-08-22;343;1018;546022;470767;79.9;68.9
85;2021-08-23;1869;5370;547891;476137;80.2;69.7
85;2021-08-24;1821;4865;549712;481002;80.5;70.4
85;2021-08-25;1644;4830;551356;485832;80.7;71.1
85;2021-08-26;1538;4760;552894;490592;80.9;71.8
85;2021-08-27;1688;5516;554582;496108;81.2;72.6
85;2021-08-28;569;1344;555151;497452;81.3;72.8
85;2021-08-29;127;988;555278;498440;81.3;73.0
85;2021-08-30;1119;4972;556397;503412;81.4;73.7
85;2021-08-31;1125;5440;557522;508852;81.6;74.5
85;2021-09-01;1117;5227;558639;514079;81.8;75.2
86;2020-12-27;0;0;0;0;0.0;0.0
86;2020-12-28;1;0;1;0;0.0;0.0
86;2020-12-29;1;0;2;0;0.0;0.0
86;2020-12-30;0;0;2;0;0.0;0.0
86;2020-12-31;0;0;2;0;0.0;0.0
86;2021-01-01;0;0;2;0;0.0;0.0
86;2021-01-02;0;0;2;0;0.0;0.0
86;2021-01-03;2;0;4;0;0.0;0.0
86;2021-01-04;0;0;4;0;0.0;0.0
86;2021-01-05;1;0;5;0;0.0;0.0
86;2021-01-06;178;0;183;0;0.0;0.0
86;2021-01-07;673;0;856;0;0.2;0.0
86;2021-01-08;609;3;1465;3;0.3;0.0
86;2021-01-09;0;0;1465;3;0.3;0.0
86;2021-01-10;173;0;1638;3;0.4;0.0
86;2021-01-11;305;0;1943;3;0.4;0.0
86;2021-01-12;459;0;2402;3;0.5;0.0
86;2021-01-13;336;0;2738;3;0.6;0.0
86;2021-01-14;551;1;3289;4;0.8;0.0
86;2021-01-15;543;1;3832;5;0.9;0.0
86;2021-01-16;2;0;3834;5;0.9;0.0
86;2021-01-17;0;0;3834;5;0.9;0.0
86;2021-01-18;564;0;4398;5;1.0;0.0
86;2021-01-19;1915;1;6313;6;1.4;0.0
86;2021-01-20;1461;20;7774;26;1.8;0.0
86;2021-01-21;1292;0;9066;26;2.1;0.0
86;2021-01-22;833;0;9899;26;2.3;0.0
86;2021-01-23;313;0;10212;26;2.3;0.0
86;2021-01-24;0;0;10212;26;2.3;0.0
86;2021-01-25;583;106;10795;132;2.5;0.0
86;2021-01-26;749;118;11544;250;2.6;0.1
86;2021-01-27;764;150;12308;400;2.8;0.1
86;2021-01-28;1048;425;13356;825;3.1;0.2
86;2021-01-29;880;212;14236;1037;3.3;0.2
86;2021-01-30;275;102;14511;1139;3.3;0.3
86;2021-01-31;57;157;14568;1296;3.3;0.3
86;2021-02-01;433;208;15001;1504;3.4;0.3
86;2021-02-02;573;385;15574;1889;3.6;0.4
86;2021-02-03;525;221;16099;2110;3.7;0.5
86;2021-02-04;478;361;16577;2471;3.8;0.6
86;2021-02-05;437;728;17014;3199;3.9;0.7
86;2021-02-06;148;198;17162;3397;3.9;0.8
86;2021-02-07;120;8;17282;3405;4.0;0.8
86;2021-02-08;361;317;17643;3722;4.0;0.9
86;2021-02-09;753;1117;18396;4839;4.2;1.1
86;2021-02-10;976;927;19372;5766;4.4;1.3
86;2021-02-11;1007;964;20379;6730;4.7;1.5
86;2021-02-12;747;374;21126;7104;4.8;1.6
86;2021-02-13;192;89;21318;7193;4.9;1.6
86;2021-02-14;1;34;21319;7227;4.9;1.7
86;2021-02-15;243;497;21562;7724;4.9;1.8
86;2021-02-16;384;845;21946;8569;5.0;2.0
86;2021-02-17;453;890;22399;9459;5.1;2.2
86;2021-02-18;422;855;22821;10314;5.2;2.4
86;2021-02-19;601;639;23422;10953;5.4;2.5
86;2021-02-20;115;170;23537;11123;5.4;2.5
86;2021-02-21;1;0;23538;11123;5.4;2.5
86;2021-02-22;240;422;23778;11545;5.4;2.6
86;2021-02-23;370;592;24148;12137;5.5;2.8
86;2021-02-24;409;582;24557;12719;5.6;2.9
86;2021-02-25;902;664;25459;13383;5.8;3.1
86;2021-02-26;1030;534;26489;13917;6.1;3.2
86;2021-02-27;460;148;26949;14065;6.2;3.2
86;2021-02-28;3;2;26952;14067;6.2;3.2
86;2021-03-01;232;522;27184;14589;6.2;3.3
86;2021-03-02;1142;849;28326;15438;6.5;3.5
86;2021-03-03;793;625;29119;16063;6.7;3.7
86;2021-03-04;1496;621;30615;16684;7.0;3.8
86;2021-03-05;1578;314;32193;16998;7.4;3.9
86;2021-03-06;995;167;33188;17165;7.6;3.9
86;2021-03-07;371;32;33559;17197;7.7;3.9
86;2021-03-08;472;541;34031;17738;7.8;4.1
86;2021-03-09;1368;529;35399;18267;8.1;4.2
86;2021-03-10;948;609;36347;18876;8.3;4.3
86;2021-03-11;1799;477;38146;19353;8.7;4.4
86;2021-03-12;2208;439;40354;19792;9.2;4.5
86;2021-03-13;1444;100;41798;19892;9.6;4.5
86;2021-03-14;133;16;41931;19908;9.6;4.6
86;2021-03-15;784;159;42715;20067;9.8;4.6
86;2021-03-16;848;203;43563;20270;10.0;4.6
86;2021-03-17;786;204;44349;20474;10.1;4.7
86;2021-03-18;1005;102;45354;20576;10.4;4.7
86;2021-03-19;2143;323;47497;20899;10.9;4.8
86;2021-03-20;592;132;48089;21031;11.0;4.8
86;2021-03-21;10;0;48099;21031;11.0;4.8
86;2021-03-22;852;277;48951;21308;11.2;4.9
86;2021-03-23;2015;326;50966;21634;11.7;4.9
86;2021-03-24;1557;291;52523;21925;12.0;5.0
86;2021-03-25;2488;352;55011;22277;12.6;5.1
86;2021-03-26;3043;360;58054;22637;13.3;5.2
86;2021-03-27;733;143;58787;22780;13.4;5.2
86;2021-03-28;5;127;58792;22907;13.4;5.2
86;2021-03-29;1259;391;60051;23298;13.7;5.3
86;2021-03-30;2403;821;62454;24119;14.3;5.5
86;2021-03-31;1511;625;63965;24744;14.6;5.7
86;2021-04-01;2244;943;66209;25687;15.1;5.9
86;2021-04-02;1902;554;68111;26241;15.6;6.0
86;2021-04-03;825;322;68936;26563;15.8;6.1
86;2021-04-04;83;109;69019;26672;15.8;6.1
86;2021-04-05;314;5;69333;26677;15.9;6.1
86;2021-04-06;1534;960;70867;27637;16.2;6.3
86;2021-04-07;1634;630;72501;28267;16.6;6.5
86;2021-04-08;2567;759;75068;29026;17.2;6.6
86;2021-04-09;3251;651;78319;29677;17.9;6.8
86;2021-04-10;1663;192;79982;29869;18.3;6.8
86;2021-04-11;442;10;80424;29879;18.4;6.8
86;2021-04-12;821;766;81245;30645;18.6;7.0
86;2021-04-13;2452;939;83697;31584;19.1;7.2
86;2021-04-14;1870;879;85567;32463;19.6;7.4
86;2021-04-15;2275;728;87842;33191;20.1;7.6
86;2021-04-16;2471;1231;90313;34422;20.6;7.9
86;2021-04-17;1039;264;91352;34686;20.9;7.9
86;2021-04-18;119;4;91471;34690;20.9;7.9
86;2021-04-19;745;795;92216;35485;21.1;8.1
86;2021-04-20;2302;1502;94518;36987;21.6;8.5
86;2021-04-21;2107;1126;96625;38113;22.1;8.7
86;2021-04-22;2331;1443;98956;39556;22.6;9.0
86;2021-04-23;2393;1578;101349;41134;23.2;9.4
86;2021-04-24;1300;512;102649;41646;23.5;9.5
86;2021-04-25;825;26;103474;41672;23.7;9.5
86;2021-04-26;2080;892;105554;42564;24.1;9.7
86;2021-04-27;3156;1671;108710;44235;24.9;10.1
86;2021-04-28;3004;1522;111714;45757;25.5;10.5
86;2021-04-29;3557;1831;115271;47588;26.4;10.9
86;2021-04-30;2970;1485;118241;49073;27.0;11.2
86;2021-05-01;1580;198;119821;49271;27.4;11.3
86;2021-05-02;1280;45;121101;49316;27.7;11.3
86;2021-05-03;2562;1005;123663;50321;28.3;11.5
86;2021-05-04;3509;1901;127172;52222;29.1;11.9
86;2021-05-05;3990;1486;131162;53708;30.0;12.3
86;2021-05-06;4291;1656;135453;55364;31.0;12.7
86;2021-05-07;4047;1828;139500;57192;31.9;13.1
86;2021-05-08;1976;398;141476;57590;32.3;13.2
86;2021-05-09;1641;203;143117;57793;32.7;13.2
86;2021-05-10;1958;1176;145075;58969;33.2;13.5
86;2021-05-11;3604;2688;148679;61657;34.0;14.1
86;2021-05-12;2253;1650;150932;63307;34.5;14.5
86;2021-05-13;1687;298;152619;63605;34.9;14.5
86;2021-05-14;2098;789;154717;64394;35.4;14.7
86;2021-05-15;1467;503;156184;64897;35.7;14.8
86;2021-05-16;778;164;156962;65061;35.9;14.9
86;2021-05-17;3220;1061;160182;66122;36.6;15.1
86;2021-05-18;4307;1667;164489;67789;37.6;15.5
86;2021-05-19;3592;1437;168081;69226;38.4;15.8
86;2021-05-20;4376;1624;172457;70850;39.4;16.2
86;2021-05-21;3438;1773;175895;72623;40.2;16.6
86;2021-05-22;2076;664;177971;73287;40.7;16.8
86;2021-05-23;1439;183;179410;73470;41.0;16.8
86;2021-05-24;1848;203;181258;73673;41.4;16.8
86;2021-05-25;2849;1642;184107;75315;42.1;17.2
86;2021-05-26;2727;1527;186834;76842;42.7;17.6
86;2021-05-27;3547;1853;190381;78695;43.5;18.0
86;2021-05-28;2163;2538;192544;81233;44.0;18.6
86;2021-05-29;1527;1288;194071;82521;44.4;18.9
86;2021-05-30;934;133;195005;82654;44.6;18.9
86;2021-05-31;1922;1822;196927;84476;45.0;19.3
86;2021-06-01;2664;2592;199591;87068;45.6;19.9
86;2021-06-02;2305;2669;201896;89737;46.2;20.5
86;2021-06-03;3337;2416;205233;92153;46.9;21.1
86;2021-06-04;2239;2862;207472;95015;47.4;21.7
86;2021-06-05;1502;1582;208974;96597;47.8;22.1
86;2021-06-06;819;900;209793;97497;48.0;22.3
86;2021-06-07;1118;2466;210911;99963;48.2;22.9
86;2021-06-08;1990;3697;212901;103660;48.7;23.7
86;2021-06-09;1902;3321;214803;106981;49.1;24.5
86;2021-06-10;2352;3241;217155;110222;49.6;25.2
86;2021-06-11;1517;2793;218672;113015;50.0;25.8
86;2021-06-12;746;2244;219418;115259;50.2;26.4
86;2021-06-13;214;1477;219632;116736;50.2;26.7
86;2021-06-14;1159;2904;220791;119640;50.5;27.4
86;2021-06-15;1688;4261;222479;123901;50.9;28.3
86;2021-06-16;1809;3135;224288;127036;51.3;29.0
86;2021-06-17;1776;4446;226064;131482;51.7;30.1
86;2021-06-18;1884;4591;227948;136073;52.1;31.1
86;2021-06-19;636;2101;228584;138174;52.3;31.6
86;2021-06-20;173;1319;228757;139493;52.3;31.9
86;2021-06-21;1106;2237;229863;141730;52.6;32.4
86;2021-06-22;1298;3459;231161;145189;52.8;33.2
86;2021-06-23;1364;2402;232525;147591;53.2;33.7
86;2021-06-24;1590;2725;234115;150316;53.5;34.4
86;2021-06-25;1193;3551;235308;153867;53.8;35.2
86;2021-06-26;391;2652;235699;156519;53.9;35.8
86;2021-06-27;138;1633;235837;158152;53.9;36.2
86;2021-06-28;271;3342;236108;161494;54.0;36.9
86;2021-06-29;857;4605;236965;166099;54.2;38.0
86;2021-06-30;1051;2974;238016;169073;54.4;38.7
86;2021-07-01;1541;3005;239557;172078;54.8;39.3
86;2021-07-02;1107;3644;240664;175722;55.0;40.2
86;2021-07-03;517;2394;241181;178116;55.1;40.7
86;2021-07-04;116;1347;241297;179463;55.2;41.0
86;2021-07-05;469;2832;241766;182295;55.3;41.7
86;2021-07-06;989;4105;242755;186400;55.5;42.6
86;2021-07-07;1261;2628;244016;189028;55.8;43.2
86;2021-07-08;1618;3149;245634;192177;56.2;43.9
86;2021-07-09;1747;3085;247381;195262;56.6;44.6
86;2021-07-10;1304;1953;248685;197215;56.9;45.1
86;2021-07-11;482;839;249167;198054;57.0;45.3
86;2021-07-12;850;2405;250017;200459;57.2;45.8
86;2021-07-13;1781;3368;251798;203827;57.6;46.6
86;2021-07-14;785;1232;252583;205059;57.7;46.9
86;2021-07-15;1886;3293;254469;208352;58.2;47.6
86;2021-07-16;1672;2664;256141;211016;58.6;48.2
86;2021-07-17;1350;1598;257491;212614;58.9;48.6
86;2021-07-18;381;906;257872;213520;59.0;48.8
86;2021-07-19;1376;1888;259248;215408;59.3;49.2
86;2021-07-20;2352;2733;261600;218141;59.8;49.9
86;2021-07-21;2304;2164;263904;220305;60.3;50.4
86;2021-07-22;2902;2796;266806;223101;61.0;51.0
86;2021-07-23;2468;2167;269274;225268;61.6;51.5
86;2021-07-24;1544;1226;270818;226494;61.9;51.8
86;2021-07-25;714;322;271532;226816;62.1;51.9
86;2021-07-26;1588;2106;273120;228922;62.4;52.3
86;2021-07-27;3552;2760;276672;231682;63.3;53.0
86;2021-07-28;3281;2137;279953;233819;64.0;53.5
86;2021-07-29;3262;2543;283215;236362;64.7;54.0
86;2021-07-30;2245;2379;285460;238741;65.3;54.6
86;2021-07-31;1426;1058;286886;239799;65.6;54.8
86;2021-08-01;649;338;287535;240137;65.7;54.9
86;2021-08-02;1938;1680;289473;241817;66.2;55.3
86;2021-08-03;3281;1990;292754;243807;66.9;55.7
86;2021-08-04;2738;1785;295492;245592;67.6;56.1
86;2021-08-05;3566;2057;299058;247649;68.4;56.6
86;2021-08-06;2370;1764;301428;249413;68.9;57.0
86;2021-08-07;1574;997;303002;250410;69.3;57.2
86;2021-08-08;948;552;303950;250962;69.5;57.4
86;2021-08-09;1882;1300;305832;252262;69.9;57.7
86;2021-08-10;2676;1783;308508;254045;70.5;58.1
86;2021-08-11;2355;1438;310863;255483;71.1;58.4
86;2021-08-12;2473;1835;313336;257318;71.6;58.8
86;2021-08-13;1826;1492;315162;258810;72.1;59.2
86;2021-08-14;1327;1151;316489;259961;72.4;59.4
86;2021-08-15;561;622;317050;260583;72.5;59.6
86;2021-08-16;1137;1790;318187;262373;72.7;60.0
86;2021-08-17;1552;2218;319739;264591;73.1;60.5
86;2021-08-18;1250;1858;320989;266449;73.4;60.9
86;2021-08-19;1497;2631;322486;269080;73.7;61.5
86;2021-08-20;1254;2606;323740;271686;74.0;62.1
86;2021-08-21;884;2007;324624;273693;74.2;62.6
86;2021-08-22;350;721;324974;274414;74.3;62.7
86;2021-08-23;722;1820;325696;276234;74.5;63.2
86;2021-08-24;1076;2752;326772;278986;74.7;63.8
86;2021-08-25;931;2066;327703;281052;74.9;64.3
86;2021-08-26;912;2812;328615;283864;75.1;64.9
86;2021-08-27;858;2170;329473;286034;75.3;65.4
86;2021-08-28;546;1773;330019;287807;75.5;65.8
86;2021-08-29;112;827;330131;288634;75.5;66.0
86;2021-08-30;684;2119;330815;290753;75.6;66.5
86;2021-08-31;956;3200;331771;293953;75.9;67.2
86;2021-09-01;569;2740;332340;296693;76.0;67.8
87;2020-12-27;0;0;0;0;0.0;0.0
87;2020-12-28;1;0;1;0;0.0;0.0
87;2020-12-29;0;0;1;0;0.0;0.0
87;2020-12-30;0;0;1;0;0.0;0.0
87;2020-12-31;0;0;1;0;0.0;0.0
87;2021-01-01;0;0;1;0;0.0;0.0
87;2021-01-02;0;0;1;0;0.0;0.0
87;2021-01-03;0;0;1;0;0.0;0.0
87;2021-01-04;1;0;2;0;0.0;0.0
87;2021-01-05;1;0;3;0;0.0;0.0
87;2021-01-06;10;0;13;0;0.0;0.0
87;2021-01-07;301;0;314;0;0.1;0.0
87;2021-01-08;407;0;721;0;0.2;0.0
87;2021-01-09;64;0;785;0;0.2;0.0
87;2021-01-10;35;0;820;0;0.2;0.0
87;2021-01-11;424;0;1244;0;0.3;0.0
87;2021-01-12;652;0;1896;0;0.5;0.0
87;2021-01-13;660;3;2556;3;0.7;0.0
87;2021-01-14;517;10;3073;13;0.8;0.0
87;2021-01-15;533;3;3606;16;1.0;0.0
87;2021-01-16;204;1;3810;17;1.0;0.0
87;2021-01-17;1;0;3811;17;1.0;0.0
87;2021-01-18;646;5;4457;22;1.2;0.0
87;2021-01-19;656;1;5113;23;1.4;0.0
87;2021-01-20;674;3;5787;26;1.6;0.0
87;2021-01-21;717;1;6504;27;1.8;0.0
87;2021-01-22;758;4;7262;31;2.0;0.0
87;2021-01-23;286;0;7548;31;2.0;0.0
87;2021-01-24;0;0;7548;31;2.0;0.0
87;2021-01-25;620;10;8168;41;2.2;0.0
87;2021-01-26;570;52;8738;93;2.4;0.0
87;2021-01-27;572;39;9310;132;2.5;0.0
87;2021-01-28;857;110;10167;242;2.7;0.1
87;2021-01-29;740;270;10907;512;2.9;0.1
87;2021-01-30;327;72;11234;584;3.0;0.2
87;2021-01-31;34;71;11268;655;3.0;0.2
87;2021-02-01;413;300;11681;955;3.2;0.3
87;2021-02-02;453;480;12134;1435;3.3;0.4
87;2021-02-03;540;419;12674;1854;3.4;0.5
87;2021-02-04;613;593;13287;2447;3.6;0.7
87;2021-02-05;342;380;13629;2827;3.7;0.8
87;2021-02-06;54;153;13683;2980;3.7;0.8
87;2021-02-07;20;0;13703;2980;3.7;0.8
87;2021-02-08;245;442;13948;3422;3.8;0.9
87;2021-02-09;217;537;14165;3959;3.8;1.1
87;2021-02-10;262;616;14427;4575;3.9;1.2
87;2021-02-11;286;531;14713;5106;4.0;1.4
87;2021-02-12;287;556;15000;5662;4.0;1.5
87;2021-02-13;25;168;15025;5830;4.1;1.6
87;2021-02-14;0;3;15025;5833;4.1;1.6
87;2021-02-15;237;383;15262;6216;4.1;1.7
87;2021-02-16;330;322;15592;6538;4.2;1.8
87;2021-02-17;330;377;15922;6915;4.3;1.9
87;2021-02-18;478;640;16400;7555;4.4;2.0
87;2021-02-19;404;480;16804;8035;4.5;2.2
87;2021-02-20;123;195;16927;8230;4.6;2.2
87;2021-02-21;2;9;16929;8239;4.6;2.2
87;2021-02-22;438;566;17367;8805;4.7;2.4
87;2021-02-23;557;627;17924;9432;4.8;2.5
87;2021-02-24;450;590;18374;10022;5.0;2.7
87;2021-02-25;790;700;19164;10722;5.2;2.9
87;2021-02-26;840;476;20004;11198;5.4;3.0
87;2021-02-27;405;210;20409;11408;5.5;3.1
87;2021-02-28;3;0;20412;11408;5.5;3.1
87;2021-03-01;518;365;20930;11773;5.6;3.2
87;2021-03-02;1031;383;21961;12156;5.9;3.3
87;2021-03-03;1174;352;23135;12508;6.2;3.4
87;2021-03-04;1406;339;24541;12847;6.6;3.5
87;2021-03-05;1770;285;26311;13132;7.1;3.5
87;2021-03-06;1048;40;27359;13172;7.4;3.6
87;2021-03-07;257;6;27616;13178;7.4;3.6
87;2021-03-08;864;245;28480;13423;7.7;3.6
87;2021-03-09;1288;232;29768;13655;8.0;3.7
87;2021-03-10;1299;233;31067;13888;8.4;3.7
87;2021-03-11;1754;251;32821;14139;8.9;3.8
87;2021-03-12;2129;289;34950;14428;9.4;3.9
87;2021-03-13;1308;20;36258;14448;9.8;3.9
87;2021-03-14;80;1;36338;14449;9.8;3.9
87;2021-03-15;989;356;37327;14805;10.1;4.0
87;2021-03-16;1061;243;38388;15048;10.4;4.1
87;2021-03-17;1070;220;39458;15268;10.6;4.1
87;2021-03-18;1185;342;40643;15610;11.0;4.2
87;2021-03-19;1683;280;42326;15890;11.4;4.3
87;2021-03-20;923;87;43249;15977;11.7;4.3
87;2021-03-21;32;0;43281;15977;11.7;4.3
87;2021-03-22;1049;382;44330;16359;12.0;4.4
87;2021-03-23;1386;431;45716;16790;12.3;4.5
87;2021-03-24;1508;367;47224;17157;12.7;4.6
87;2021-03-25;2500;395;49724;17552;13.4;4.7
87;2021-03-26;2531;454;52255;18006;14.1;4.9
87;2021-03-27;890;125;53145;18131;14.3;4.9
87;2021-03-28;269;18;53414;18149;14.4;4.9
87;2021-03-29;1118;418;54532;18567;14.7;5.0
87;2021-03-30;1908;665;56440;19232;15.2;5.2
87;2021-03-31;1660;693;58100;19925;15.7;5.4
87;2021-04-01;2239;572;60339;20497;16.3;5.5
87;2021-04-02;1843;634;62182;21131;16.8;5.7
87;2021-04-03;455;266;62637;21397;16.9;5.8
87;2021-04-04;2;0;62639;21397;16.9;5.8
87;2021-04-05;82;1;62721;21398;16.9;5.8
87;2021-04-06;1000;905;63721;22303;17.2;6.0
87;2021-04-07;1486;925;65207;23228;17.6;6.3
87;2021-04-08;1785;1034;66992;24262;18.1;6.5
87;2021-04-09;2647;738;69639;25000;18.8;6.7
87;2021-04-10;1190;306;70829;25306;19.1;6.8
87;2021-04-11;69;0;70898;25306;19.1;6.8
87;2021-04-12;1619;826;72517;26132;19.6;7.0
87;2021-04-13;2289;1061;74806;27193;20.2;7.3
87;2021-04-14;2529;1186;77335;28379;20.9;7.7
87;2021-04-15;2223;1076;79558;29455;21.5;7.9
87;2021-04-16;2736;1072;82294;30527;22.2;8.2
87;2021-04-17;731;388;83025;30915;22.4;8.3
87;2021-04-18;111;141;83136;31056;22.4;8.4
87;2021-04-19;1659;838;84795;31894;22.9;8.6
87;2021-04-20;2085;881;86880;32775;23.4;8.8
87;2021-04-21;2297;994;89177;33769;24.1;9.1
87;2021-04-22;2564;1162;91741;34931;24.7;9.4
87;2021-04-23;1997;1183;93738;36114;25.3;9.7
87;2021-04-24;825;621;94563;36735;25.5;9.9
87;2021-04-25;64;103;94627;36838;25.5;9.9
87;2021-04-26;1356;911;95983;37749;25.9;10.2
87;2021-04-27;2398;1206;98381;38955;26.5;10.5
87;2021-04-28;3867;1443;102248;40398;27.6;10.9
87;2021-04-29;3078;1843;105326;42241;28.4;11.4
87;2021-04-30;3174;1361;108500;43602;29.3;11.8
87;2021-05-01;614;59;109114;43661;29.4;11.8
87;2021-05-02;361;5;109475;43666;29.5;11.8
87;2021-05-03;2322;940;111797;44606;30.2;12.0
87;2021-05-04;2906;1071;114703;45677;30.9;12.3
87;2021-05-05;2989;1510;117692;47187;31.7;12.7
87;2021-05-06;2531;1724;120223;48911;32.4;13.2
87;2021-05-07;2944;1719;123167;50630;33.2;13.7
87;2021-05-08;772;295;123939;50925;33.4;13.7
87;2021-05-09;18;133;123957;51058;33.4;13.8
87;2021-05-10;1937;1603;125894;52661;34.0;14.2
87;2021-05-11;2466;1909;128360;54570;34.6;14.7
87;2021-05-12;2624;2065;130984;56635;35.3;15.3
87;2021-05-13;1085;292;132069;56927;35.6;15.4
87;2021-05-14;2244;1772;134313;58699;36.2;15.8
87;2021-05-15;950;409;135263;59108;36.5;15.9
87;2021-05-16;141;74;135404;59182;36.5;16.0
87;2021-05-17;1628;1762;137032;60944;37.0;16.4
87;2021-05-18;2634;1818;139666;62762;37.7;16.9
87;2021-05-19;2822;1554;142488;64316;38.4;17.3
87;2021-05-20;3303;1724;145791;66040;39.3;17.8
87;2021-05-21;2765;1841;148556;67881;40.1;18.3
87;2021-05-22;1458;628;150014;68509;40.5;18.5
87;2021-05-23;211;92;150225;68601;40.5;18.5
87;2021-05-24;1055;142;151280;68743;40.8;18.5
87;2021-05-25;2117;1811;153397;70554;41.4;19.0
87;2021-05-26;3221;2478;156618;73032;42.2;19.7
87;2021-05-27;3023;2356;159641;75388;43.1;20.3
87;2021-05-28;2673;2523;162314;77911;43.8;21.0
87;2021-05-29;1061;1314;163375;79225;44.1;21.4
87;2021-05-30;258;60;163633;79285;44.1;21.4
87;2021-05-31;2287;1359;165920;80644;44.7;21.8
87;2021-06-01;2548;1865;168468;82509;45.4;22.3
87;2021-06-02;2525;1856;170993;84365;46.1;22.8
87;2021-06-03;3211;2528;174204;86893;47.0;23.4
87;2021-06-04;2839;2061;177043;88954;47.7;24.0
87;2021-06-05;1311;576;178354;89530;48.1;24.1
87;2021-06-06;262;95;178616;89625;48.2;24.2
87;2021-06-07;2102;1901;180718;91526;48.7;24.7
87;2021-06-08;2961;2603;183679;94129;49.5;25.4
87;2021-06-09;2305;2813;185984;96942;50.2;26.1
87;2021-06-10;2974;2554;188958;99496;51.0;26.8
87;2021-06-11;2364;3073;191322;102569;51.6;27.7
87;2021-06-12;1220;1104;192542;103673;51.9;28.0
87;2021-06-13;293;484;192835;104157;52.0;28.1
87;2021-06-14;980;2730;193815;106887;52.3;28.8
87;2021-06-15;1361;3320;195176;110207;52.6;29.7
87;2021-06-16;1650;3422;196826;113629;53.1;30.6
87;2021-06-17;2438;2317;199264;115946;53.7;31.3
87;2021-06-18;1790;3018;201054;118964;54.2;32.1
87;2021-06-19;1047;1177;202101;120141;54.5;32.4
87;2021-06-20;205;206;202306;120347;54.6;32.5
87;2021-06-21;1041;2643;203347;122990;54.8;33.2
87;2021-06-22;1029;2882;204376;125872;55.1;33.9
87;2021-06-23;1257;3081;205633;128953;55.5;34.8
87;2021-06-24;1620;2559;207253;131512;55.9;35.5
87;2021-06-25;1450;2713;208703;134225;56.3;36.2
87;2021-06-26;529;1200;209232;135425;56.4;36.5
87;2021-06-27;26;212;209258;135637;56.4;36.6
87;2021-06-28;717;2574;209975;138211;56.6;37.3
87;2021-06-29;1156;3417;211131;141628;56.9;38.2
87;2021-06-30;1124;2651;212255;144279;57.2;38.9
87;2021-07-01;1481;2549;213736;146828;57.6;39.6
87;2021-07-02;1200;3462;214936;150290;58.0;40.5
87;2021-07-03;413;1511;215349;151801;58.1;40.9
87;2021-07-04;24;384;215373;152185;58.1;41.0
87;2021-07-05;686;2394;216059;154579;58.3;41.7
87;2021-07-06;583;3221;216642;157800;58.4;42.6
87;2021-07-07;863;3346;217505;161146;58.7;43.5
87;2021-07-08;1119;3672;218624;164818;59.0;44.5
87;2021-07-09;1110;3701;219734;168519;59.3;45.5
87;2021-07-10;290;1360;220024;169879;59.3;45.8
87;2021-07-11;49;284;220073;170163;59.4;45.9
87;2021-07-12;559;3191;220632;173354;59.5;46.8
87;2021-07-13;833;3513;221465;176867;59.7;47.7
87;2021-07-14;518;540;221983;177407;59.9;47.8
87;2021-07-15;1361;3461;223344;180868;60.2;48.8
87;2021-07-16;1731;3600;225075;184468;60.7;49.8
87;2021-07-17;655;1373;225730;185841;60.9;50.1
87;2021-07-18;81;285;225811;186126;60.9;50.2
87;2021-07-19;1433;3401;227244;189527;61.3;51.1
87;2021-07-20;1806;3593;229050;193120;61.8;52.1
87;2021-07-21;1452;3151;230502;196271;62.2;52.9
87;2021-07-22;1878;3252;232380;199523;62.7;53.8
87;2021-07-23;1875;3172;234255;202695;63.2;54.7
87;2021-07-24;816;1283;235071;203978;63.4;55.0
87;2021-07-25;106;241;235177;204219;63.4;55.1
87;2021-07-26;1542;2330;236719;206549;63.8;55.7
87;2021-07-27;2553;2060;239272;208609;64.5;56.3
87;2021-07-28;2389;2007;241661;210616;65.2;56.8
87;2021-07-29;3004;1997;244665;212613;66.0;57.3
87;2021-07-30;2541;2075;247206;214688;66.7;57.9
87;2021-07-31;1105;837;248311;215525;67.0;58.1
87;2021-08-01;284;151;248595;215676;67.0;58.2
87;2021-08-02;2115;1514;250710;217190;67.6;58.6
87;2021-08-03;2494;1333;253204;218523;68.3;58.9
87;2021-08-04;2314;1063;255518;219586;68.9;59.2
87;2021-08-05;2523;1408;258041;220994;69.6;59.6
87;2021-08-06;2138;1659;260179;222653;70.2;60.1
87;2021-08-07;1105;781;261284;223434;70.5;60.3
87;2021-08-08;208;123;261492;223557;70.5;60.3
87;2021-08-09;1819;1532;263311;225089;71.0;60.7
87;2021-08-10;2198;1538;265509;226627;71.6;61.1
87;2021-08-11;1906;1271;267415;227898;72.1;61.5
87;2021-08-12;2089;1479;269504;229377;72.7;61.9
87;2021-08-13;1717;1634;271221;231011;73.1;62.3
87;2021-08-14;668;731;271889;231742;73.3;62.5
87;2021-08-15;72;104;271961;231846;73.3;62.5
87;2021-08-16;1499;1748;273460;233594;73.8;63.0
87;2021-08-17;1343;1667;274803;235261;74.1;63.5
87;2021-08-18;1242;1996;276045;237257;74.5;64.0
87;2021-08-19;1219;1799;277264;239056;74.8;64.5
87;2021-08-20;913;2202;278177;241258;75.0;65.1
87;2021-08-21;317;964;278494;242222;75.1;65.3
87;2021-08-22;92;235;278586;242457;75.1;65.4
87;2021-08-23;742;2391;279328;244848;75.3;66.0
87;2021-08-24;758;2134;280086;246982;75.5;66.6
87;2021-08-25;708;2062;280794;249044;75.7;67.2
87;2021-08-26;855;2155;281649;251199;76.0;67.7
87;2021-08-27;780;2665;282429;253864;76.2;68.5
87;2021-08-28;323;1295;282752;255159;76.3;68.8
87;2021-08-29;65;244;282817;255403;76.3;68.9
87;2021-08-30;471;2212;283288;257615;76.4;69.5
87;2021-08-31;602;1928;283890;259543;76.6;70.0
87;2021-09-01;733;2456;284623;261999;76.8;70.7
88;2020-12-27;0;0;0;0;0.0;0.0
88;2020-12-28;0;0;0;0;0.0;0.0
88;2020-12-29;0;0;0;0;0.0;0.0
88;2020-12-30;0;0;0;0;0.0;0.0
88;2020-12-31;0;0;0;0;0.0;0.0
88;2021-01-01;2;0;2;0;0.0;0.0
88;2021-01-02;0;0;2;0;0.0;0.0
88;2021-01-03;0;0;2;0;0.0;0.0
88;2021-01-04;0;0;2;0;0.0;0.0
88;2021-01-05;1;0;3;0;0.0;0.0
88;2021-01-06;3;0;6;0;0.0;0.0
88;2021-01-07;71;1;77;1;0.0;0.0
88;2021-01-08;189;2;266;3;0.1;0.0
88;2021-01-09;190;0;456;3;0.1;0.0
88;2021-01-10;0;0;456;3;0.1;0.0
88;2021-01-11;227;0;683;3;0.2;0.0
88;2021-01-12;422;0;1105;3;0.3;0.0
88;2021-01-13;491;2;1596;5;0.4;0.0
88;2021-01-14;347;2;1943;7;0.5;0.0
88;2021-01-15;380;2;2323;9;0.6;0.0
88;2021-01-16;62;0;2385;9;0.7;0.0
88;2021-01-17;1;0;2386;9;0.7;0.0
88;2021-01-18;461;0;2847;9;0.8;0.0
88;2021-01-19;451;0;3298;9;0.9;0.0
88;2021-01-20;460;1;3758;10;1.0;0.0
88;2021-01-21;1545;5;5303;15;1.5;0.0
88;2021-01-22;1181;2;6484;17;1.8;0.0
88;2021-01-23;284;0;6768;17;1.9;0.0
88;2021-01-24;298;2;7066;19;2.0;0.0
88;2021-01-25;938;4;8004;23;2.2;0.0
88;2021-01-26;388;5;8392;28;2.3;0.0
88;2021-01-27;4;0;8396;28;2.3;0.0
88;2021-01-28;162;37;8558;65;2.4;0.0
88;2021-01-29;526;160;9084;225;2.5;0.1
88;2021-01-30;288;126;9372;351;2.6;0.1
88;2021-01-31;0;0;9372;351;2.6;0.1
88;2021-02-01;406;277;9778;628;2.7;0.2
88;2021-02-02;333;363;10111;991;2.8;0.3
88;2021-02-03;437;237;10548;1228;2.9;0.3
88;2021-02-04;315;226;10863;1454;3.0;0.4
88;2021-02-05;457;248;11320;1702;3.1;0.5
88;2021-02-06;110;53;11430;1755;3.2;0.5
88;2021-02-07;0;0;11430;1755;3.2;0.5
88;2021-02-08;359;188;11789;1943;3.3;0.5
88;2021-02-09;291;285;12080;2228;3.4;0.6
88;2021-02-10;416;338;12496;2566;3.5;0.7
88;2021-02-11;851;1092;13347;3658;3.7;1.0
88;2021-02-12;938;695;14285;4353;4.0;1.2
88;2021-02-13;162;209;14447;4562;4.0;1.3
88;2021-02-14;81;216;14528;4778;4.0;1.3
88;2021-02-15;641;1067;15169;5845;4.2;1.6
88;2021-02-16;472;719;15641;6564;4.4;1.8
88;2021-02-17;456;430;16097;6994;4.5;1.9
88;2021-02-18;516;380;16613;7374;4.6;2.1
88;2021-02-19;536;454;17149;7828;4.8;2.2
88;2021-02-20;156;99;17305;7927;4.8;2.2
88;2021-02-21;1;25;17306;7952;4.8;2.2
88;2021-02-22;425;337;17731;8289;4.9;2.3
88;2021-02-23;403;225;18134;8514;5.0;2.4
88;2021-02-24;506;206;18640;8720;5.2;2.4
88;2021-02-25;675;281;19315;9001;5.4;2.5
88;2021-02-26;863;272;20178;9273;5.6;2.6
88;2021-02-27;269;34;20447;9307;5.7;2.6
88;2021-02-28;30;1;20477;9308;5.7;2.6
88;2021-03-01;359;461;20836;9769;5.8;2.7
88;2021-03-02;431;491;21267;10260;5.9;2.9
88;2021-03-03;649;461;21916;10721;6.1;3.0
88;2021-03-04;1039;760;22955;11481;6.4;3.2
88;2021-03-05;934;704;23889;12185;6.6;3.4
88;2021-03-06;1874;119;25763;12304;7.2;3.4
88;2021-03-07;1059;79;26822;12383;7.5;3.4
88;2021-03-08;727;687;27549;13070;7.7;3.6
88;2021-03-09;1095;532;28644;13602;8.0;3.8
88;2021-03-10;1084;494;29728;14096;8.3;3.9
88;2021-03-11;1441;402;31169;14498;8.7;4.0
88;2021-03-12;1309;487;32478;14985;9.0;4.2
88;2021-03-13;1210;128;33688;15113;9.4;4.2
88;2021-03-14;166;5;33854;15118;9.4;4.2
88;2021-03-15;929;447;34783;15565;9.7;4.3
88;2021-03-16;1024;346;35807;15911;10.0;4.4
88;2021-03-17;904;424;36711;16335;10.2;4.5
88;2021-03-18;1301;399;38012;16734;10.6;4.7
88;2021-03-19;1465;503;39477;17237;11.0;4.8
88;2021-03-20;1317;55;40794;17292;11.3;4.8
88;2021-03-21;37;0;40831;17292;11.4;4.8
88;2021-03-22;1232;544;42063;17836;11.7;5.0
88;2021-03-23;1780;443;43843;18279;12.2;5.1
88;2021-03-24;1876;472;45719;18751;12.7;5.2
88;2021-03-25;2499;495;48218;19246;13.4;5.4
88;2021-03-26;2480;457;50698;19703;14.1;5.5
88;2021-03-27;883;299;51581;20002;14.3;5.6
88;2021-03-28;61;4;51642;20006;14.4;5.6
88;2021-03-29;1305;446;52947;20452;14.7;5.7
88;2021-03-30;2062;393;55009;20845;15.3;5.8
88;2021-03-31;1619;576;56628;21421;15.8;6.0
88;2021-04-01;2118;716;58746;22137;16.3;6.2
88;2021-04-02;2816;648;61562;22785;17.1;6.3
88;2021-04-03;745;215;62307;23000;17.3;6.4
88;2021-04-04;16;1;62323;23001;17.3;6.4
88;2021-04-05;23;2;62346;23003;17.3;6.4
88;2021-04-06;1140;679;63486;23682;17.7;6.6
88;2021-04-07;1600;715;65086;24397;18.1;6.8
88;2021-04-08;1859;788;66945;25185;18.6;7.0
88;2021-04-09;3080;742;70025;25927;19.5;7.2
88;2021-04-10;724;650;70749;26577;19.7;7.4
88;2021-04-11;33;1;70782;26578;19.7;7.4
88;2021-04-12;1538;986;72320;27564;20.1;7.7
88;2021-04-13;2037;1092;74357;28656;20.7;8.0
88;2021-04-14;1911;950;76268;29606;21.2;8.2
88;2021-04-15;1968;1244;78236;30850;21.8;8.6
88;2021-04-16;2109;1048;80345;31898;22.3;8.9
88;2021-04-17;1429;766;81774;32664;22.7;9.1
88;2021-04-18;268;23;82042;32687;22.8;9.1
88;2021-04-19;1173;1237;83215;33924;23.1;9.4
88;2021-04-20;1190;1398;84405;35322;23.5;9.8
88;2021-04-21;1503;1297;85908;36619;23.9;10.2
88;2021-04-22;1899;1632;87807;38251;24.4;10.6
88;2021-04-23;1825;2047;89632;40298;24.9;11.2
88;2021-04-24;1184;782;90816;41080;25.3;11.4
88;2021-04-25;34;2;90850;41082;25.3;11.4
88;2021-04-26;1180;1173;92030;42255;25.6;11.8
88;2021-04-27;1278;1734;93308;43989;26.0;12.2
88;2021-04-28;1634;1497;94942;45486;26.4;12.7
88;2021-04-29;2082;1465;97024;46951;27.0;13.1
88;2021-04-30;2451;1630;99475;48581;27.7;13.5
88;2021-05-01;2008;287;101483;48868;28.2;13.6
88;2021-05-02;1301;120;102784;48988;28.6;13.6
88;2021-05-03;1558;1218;104342;50206;29.0;14.0
88;2021-05-04;1444;1467;105786;51673;29.4;14.4
88;2021-05-05;2427;1599;108213;53272;30.1;14.8
88;2021-05-06;3210;1211;111423;54483;31.0;15.2
88;2021-05-07;2938;1356;114361;55839;31.8;15.5
88;2021-05-08;1533;469;115894;56308;32.2;15.7
88;2021-05-09;1734;159;117628;56467;32.7;15.7
88;2021-05-10;1764;1571;119392;58038;33.2;16.1
88;2021-05-11;2657;1912;122049;59950;33.9;16.7
88;2021-05-12;2531;1853;124580;61803;34.7;17.2
88;2021-05-13;3258;681;127838;62484;35.6;17.4
88;2021-05-14;2501;1542;130339;64026;36.3;17.8
88;2021-05-15;1625;742;131964;64768;36.7;18.0
88;2021-05-16;1333;103;133297;64871;37.1;18.0
88;2021-05-17;1988;947;135285;65818;37.6;18.3
88;2021-05-18;2256;1115;137541;66933;38.3;18.6
88;2021-05-19;2723;1150;140264;68083;39.0;18.9
88;2021-05-20;3347;1239;143611;69322;39.9;19.3
88;2021-05-21;2876;1150;146487;70472;40.7;19.6
88;2021-05-22;1432;713;147919;71185;41.1;19.8
88;2021-05-23;558;74;148477;71259;41.3;19.8
88;2021-05-24;1675;434;150152;71693;41.8;19.9
88;2021-05-25;1648;1174;151800;72867;42.2;20.3
88;2021-05-26;2368;1140;154168;74007;42.9;20.6
88;2021-05-27;2201;1363;156369;75370;43.5;21.0
88;2021-05-28;1891;1989;158260;77359;44.0;21.5
88;2021-05-29;1231;1754;159491;79113;44.4;22.0
88;2021-05-30;587;418;160078;79531;44.5;22.1
88;2021-05-31;1327;1854;161405;81385;44.9;22.6
88;2021-06-01;1720;1988;163125;83373;45.4;23.2
88;2021-06-02;2076;1872;165201;85245;46.0;23.7
88;2021-06-03;2739;1621;167940;86866;46.7;24.2
88;2021-06-04;2043;1935;169983;88801;47.3;24.7
88;2021-06-05;1531;1139;171514;89940;47.7;25.0
88;2021-06-06;693;156;172207;90096;47.9;25.1
88;2021-06-07;1292;1709;173499;91805;48.3;25.5
88;2021-06-08;1666;1934;175165;93739;48.7;26.1
88;2021-06-09;1618;1910;176783;95649;49.2;26.6
88;2021-06-10;1781;2048;178564;97697;49.7;27.2
88;2021-06-11;1549;2217;180113;99914;50.1;27.8
88;2021-06-12;669;1656;180782;101570;50.3;28.3
88;2021-06-13;464;377;181246;101947;50.4;28.4
88;2021-06-14;1030;2249;182276;104196;50.7;29.0
88;2021-06-15;1929;2460;184205;106656;51.2;29.7
88;2021-06-16;1486;2872;185691;109528;51.6;30.5
88;2021-06-17;1599;2730;187290;112258;52.1;31.2
88;2021-06-18;1356;2461;188646;114719;52.5;31.9
88;2021-06-19;701;1090;189347;115809;52.7;32.2
88;2021-06-20;78;79;189425;115888;52.7;32.2
88;2021-06-21;672;2581;190097;118469;52.9;33.0
88;2021-06-22;869;3432;190966;121901;53.1;33.9
88;2021-06-23;1144;2878;192110;124779;53.4;34.7
88;2021-06-24;703;2603;192813;127382;53.6;35.4
88;2021-06-25;1436;3180;194249;130562;54.0;36.3
88;2021-06-26;903;2071;195152;132633;54.3;36.9
88;2021-06-27;543;635;195695;133268;54.4;37.1
88;2021-06-28;760;2516;196455;135784;54.6;37.8
88;2021-06-29;961;3355;197416;139139;54.9;38.7
88;2021-06-30;1136;3114;198552;142253;55.2;39.6
88;2021-07-01;1057;2687;199609;144940;55.5;40.3
88;2021-07-02;988;3147;200597;148087;55.8;41.2
88;2021-07-03;694;1699;201291;149786;56.0;41.7
88;2021-07-04;258;815;201549;150601;56.1;41.9
88;2021-07-05;993;2020;202542;152621;56.3;42.5
88;2021-07-06;1020;2415;203562;155036;56.6;43.1
88;2021-07-07;1179;2587;204741;157623;56.9;43.8
88;2021-07-08;1085;2064;205826;159687;57.3;44.4
88;2021-07-09;1583;2707;207409;162394;57.7;45.2
88;2021-07-10;720;1818;208129;164212;57.9;45.7
88;2021-07-11;468;696;208597;164908;58.0;45.9
88;2021-07-12;1055;2521;209652;167429;58.3;46.6
88;2021-07-13;1313;2654;210965;170083;58.7;47.3
88;2021-07-14;1206;801;212171;170884;59.0;47.5
88;2021-07-15;1744;3315;213915;174199;59.5;48.5
88;2021-07-16;1470;2964;215385;177163;59.9;49.3
88;2021-07-17;802;1588;216187;178751;60.1;49.7
88;2021-07-18;180;679;216367;179430;60.2;49.9
88;2021-07-19;1563;2232;217930;181662;60.6;50.5
88;2021-07-20;2143;2389;220073;184051;61.2;51.2
88;2021-07-21;1938;2219;222011;186270;61.8;51.8
88;2021-07-22;1698;2110;223709;188380;62.2;52.4
88;2021-07-23;2508;2784;226217;191164;62.9;53.2
88;2021-07-24;1059;1186;227276;192350;63.2;53.5
88;2021-07-25;432;608;227708;192958;63.3;53.7
88;2021-07-26;1715;2075;229423;195033;63.8;54.2
88;2021-07-27;2349;2060;231772;197093;64.5;54.8
88;2021-07-28;2212;2250;233984;199343;65.1;55.4
88;2021-07-29;3032;1636;237016;200979;65.9;55.9
88;2021-07-30;2274;2295;239290;203274;66.6;56.5
88;2021-07-31;1105;1037;240395;204311;66.9;56.8
88;2021-08-01;446;462;240841;204773;67.0;57.0
88;2021-08-02;2375;1767;243216;206540;67.7;57.4
88;2021-08-03;2874;1590;246090;208130;68.4;57.9
88;2021-08-04;2517;1530;248607;209660;69.1;58.3
88;2021-08-05;1994;1380;250601;211040;69.7;58.7
88;2021-08-06;2922;2012;253523;213052;70.5;59.3
88;2021-08-07;1172;913;254695;213965;70.8;59.5
88;2021-08-08;750;319;255445;214284;71.1;59.6
88;2021-08-09;1545;1649;256990;215933;71.5;60.1
88;2021-08-10;1936;2060;258926;217993;72.0;60.6
88;2021-08-11;1864;1750;260790;219743;72.5;61.1
88;2021-08-12;1658;1347;262448;221090;73.0;61.5
88;2021-08-13;1926;2124;264374;223214;73.5;62.1
88;2021-08-14;576;910;264950;224124;73.7;62.3
88;2021-08-15;336;522;265286;224646;73.8;62.5
88;2021-08-16;1145;1988;266431;226634;74.1;63.0
88;2021-08-17;1266;2054;267697;228688;74.5;63.6
88;2021-08-18;1203;1920;268900;230608;74.8;64.1
88;2021-08-19;1037;1582;269937;232190;75.1;64.6
88;2021-08-20;1014;2329;270951;234519;75.4;65.2
88;2021-08-21;402;1141;271353;235660;75.5;65.5
88;2021-08-22;100;478;271453;236138;75.5;65.7
88;2021-08-23;730;1641;272183;237779;75.7;66.1
88;2021-08-24;914;1971;273097;239750;76.0;66.7
88;2021-08-25;889;2456;273986;242206;76.2;67.4
88;2021-08-26;863;2046;274849;244252;76.4;67.9
88;2021-08-27;843;2707;275692;246959;76.7;68.7
88;2021-08-28;484;1346;276176;248305;76.8;69.1
88;2021-08-29;130;694;276306;248999;76.9;69.3
88;2021-08-30;689;2378;276995;251377;77.0;69.9
88;2021-08-31;778;2370;277773;253747;77.3;70.6
88;2021-09-01;678;2067;278451;255814;77.5;71.2
89;2020-12-27;0;0;0;0;0.0;0.0
89;2020-12-28;1;0;1;0;0.0;0.0
89;2020-12-29;0;0;1;0;0.0;0.0
89;2020-12-30;0;0;1;0;0.0;0.0
89;2020-12-31;0;0;1;0;0.0;0.0
89;2021-01-01;0;0;1;0;0.0;0.0
89;2021-01-02;0;0;1;0;0.0;0.0
89;2021-01-03;0;0;1;0;0.0;0.0
89;2021-01-04;0;0;1;0;0.0;0.0
89;2021-01-05;0;0;1;0;0.0;0.0
89;2021-01-06;48;0;49;0;0.0;0.0
89;2021-01-07;201;0;250;0;0.1;0.0
89;2021-01-08;48;0;298;0;0.1;0.0
89;2021-01-09;1;0;299;0;0.1;0.0
89;2021-01-10;0;0;299;0;0.1;0.0
89;2021-01-11;220;0;519;0;0.2;0.0
89;2021-01-12;349;0;868;0;0.3;0.0
89;2021-01-13;533;3;1401;3;0.4;0.0
89;2021-01-14;710;7;2111;10;0.6;0.0
89;2021-01-15;275;2;2386;12;0.7;0.0
89;2021-01-16;90;3;2476;15;0.7;0.0
89;2021-01-17;0;0;2476;15;0.7;0.0
89;2021-01-18;503;1;2979;16;0.9;0.0
89;2021-01-19;840;3;3819;19;1.1;0.0
89;2021-01-20;760;1;4579;20;1.4;0.0
89;2021-01-21;939;4;5518;24;1.7;0.0
89;2021-01-22;1020;1;6538;25;2.0;0.0
89;2021-01-23;200;0;6738;25;2.0;0.0
89;2021-01-24;107;0;6845;25;2.1;0.0
89;2021-01-25;482;4;7327;29;2.2;0.0
89;2021-01-26;582;13;7909;42;2.4;0.0
89;2021-01-27;473;38;8382;80;2.5;0.0
89;2021-01-28;550;126;8932;206;2.7;0.1
89;2021-01-29;958;42;9890;248;3.0;0.1
89;2021-01-30;184;67;10074;315;3.0;0.1
89;2021-01-31;24;2;10098;317;3.0;0.1
89;2021-02-01;255;151;10353;468;3.1;0.1
89;2021-02-02;282;332;10635;800;3.2;0.2
89;2021-02-03;292;340;10927;1140;3.3;0.3
89;2021-02-04;432;593;11359;1733;3.4;0.5
89;2021-02-05;387;201;11746;1934;3.5;0.6
89;2021-02-06;77;66;11823;2000;3.6;0.6
89;2021-02-07;0;0;11823;2000;3.6;0.6
89;2021-02-08;288;186;12111;2186;3.6;0.7
89;2021-02-09;285;436;12396;2622;3.7;0.8
89;2021-02-10;396;309;12792;2931;3.9;0.9
89;2021-02-11;332;546;13124;3477;4.0;1.0
89;2021-02-12;433;599;13557;4076;4.1;1.2
89;2021-02-13;52;131;13609;4207;4.1;1.3
89;2021-02-14;21;116;13630;4323;4.1;1.3
89;2021-02-15;218;401;13848;4724;4.2;1.4
89;2021-02-16;134;524;13982;5248;4.2;1.6
89;2021-02-17;263;428;14245;5676;4.3;1.7
89;2021-02-18;225;533;14470;6209;4.4;1.9
89;2021-02-19;244;649;14714;6858;4.4;2.1
89;2021-02-20;33;140;14747;6998;4.4;2.1
89;2021-02-21;0;10;14747;7008;4.4;2.1
89;2021-02-22;233;441;14980;7449;4.5;2.2
89;2021-02-23;171;484;15151;7933;4.6;2.4
89;2021-02-24;343;378;15494;8311;4.7;2.5
89;2021-02-25;370;459;15864;8770;4.8;2.6
89;2021-02-26;385;331;16249;9101;4.9;2.7
89;2021-02-27;138;80;16387;9181;4.9;2.8
89;2021-02-28;6;13;16393;9194;4.9;2.8
89;2021-03-01;541;234;16934;9428;5.1;2.8
89;2021-03-02;754;351;17688;9779;5.3;2.9
89;2021-03-03;647;276;18335;10055;5.5;3.0
89;2021-03-04;633;378;18968;10433;5.7;3.1
89;2021-03-05;728;503;19696;10936;5.9;3.3
89;2021-03-06;549;130;20245;11066;6.1;3.3
89;2021-03-07;288;40;20533;11106;6.2;3.3
89;2021-03-08;558;328;21091;11434;6.4;3.4
89;2021-03-09;1001;276;22092;11710;6.7;3.5
89;2021-03-10;984;256;23076;11966;6.9;3.6
89;2021-03-11;1074;301;24150;12267;7.3;3.7
89;2021-03-12;1281;335;25431;12602;7.7;3.8
89;2021-03-13;637;44;26068;12646;7.8;3.8
89;2021-03-14;1;0;26069;12646;7.8;3.8
89;2021-03-15;815;312;26884;12958;8.1;3.9
89;2021-03-16;948;226;27832;13184;8.4;4.0
89;2021-03-17;920;268;28752;13452;8.7;4.1
89;2021-03-18;884;256;29636;13708;8.9;4.1
89;2021-03-19;1149;197;30785;13905;9.3;4.2
89;2021-03-20;844;28;31629;13933;9.5;4.2
89;2021-03-21;173;6;31802;13939;9.6;4.2
89;2021-03-22;1044;225;32846;14164;9.9;4.3
89;2021-03-23;1742;259;34588;14423;10.4;4.3
89;2021-03-24;1967;326;36555;14749;11.0;4.4
89;2021-03-25;1821;171;38376;14920;11.6;4.5
89;2021-03-26;2627;184;41003;15104;12.3;4.5
89;2021-03-27;1774;49;42777;15153;12.9;4.6
89;2021-03-28;32;3;42809;15156;12.9;4.6
89;2021-03-29;965;579;43774;15735;13.2;4.7
89;2021-03-30;1154;569;44928;16304;13.5;4.9
89;2021-03-31;2005;474;46933;16778;14.1;5.1
89;2021-04-01;2120;460;49053;17238;14.8;5.2
89;2021-04-02;2139;448;51192;17686;15.4;5.3
89;2021-04-03;1004;243;52196;17929;15.7;5.4
89;2021-04-04;16;1;52212;17930;15.7;5.4
89;2021-04-05;92;2;52304;17932;15.7;5.4
89;2021-04-06;1034;758;53338;18690;16.1;5.6
89;2021-04-07;1029;805;54367;19495;16.4;5.9
89;2021-04-08;1729;726;56096;20221;16.9;6.1
89;2021-04-09;2163;768;58259;20989;17.5;6.3
89;2021-04-10;892;181;59151;21170;17.8;6.4
89;2021-04-11;38;51;59189;21221;17.8;6.4
89;2021-04-12;1012;793;60201;22014;18.1;6.6
89;2021-04-13;1357;1079;61558;23093;18.5;7.0
89;2021-04-14;1211;1038;62769;24131;18.9;7.3
89;2021-04-15;1415;945;64184;25076;19.3;7.6
89;2021-04-16;1329;940;65513;26016;19.7;7.8
89;2021-04-17;1068;455;66581;26471;20.0;8.0
89;2021-04-18;27;154;66608;26625;20.1;8.0
89;2021-04-19;749;1039;67357;27664;20.3;8.3
89;2021-04-20;1017;1535;68374;29199;20.6;8.8
89;2021-04-21;814;1106;69188;30305;20.8;9.1
89;2021-04-22;1108;1166;70296;31471;21.2;9.5
89;2021-04-23;1823;1966;72119;33437;21.7;10.1
89;2021-04-24;1174;1174;73293;34611;22.1;10.4
89;2021-04-25;139;6;73432;34617;22.1;10.4
89;2021-04-26;1503;774;74935;35391;22.6;10.7
89;2021-04-27;1733;1053;76668;36444;23.1;11.0
89;2021-04-28;1595;1855;78263;38299;23.6;11.5
89;2021-04-29;1968;1924;80231;40223;24.2;12.1
89;2021-04-30;1804;1769;82035;41992;24.7;12.6
89;2021-05-01;846;721;82881;42713;25.0;12.9
89;2021-05-02;134;31;83015;42744;25.0;12.9
89;2021-05-03;1606;765;84621;43509;25.5;13.1
89;2021-05-04;1620;1127;86241;44636;26.0;13.4
89;2021-05-05;2319;1268;88560;45904;26.7;13.8
89;2021-05-06;2413;1380;90973;47284;27.4;14.2
89;2021-05-07;2719;1318;93692;48602;28.2;14.6
89;2021-05-08;1787;534;95479;49136;28.8;14.8
89;2021-05-09;196;18;95675;49154;28.8;14.8
89;2021-05-10;1201;962;96876;50116;29.2;15.1
89;2021-05-11;2489;1462;99365;51578;29.9;15.5
89;2021-05-12;2059;1218;101424;52796;30.5;15.9
89;2021-05-13;414;332;101838;53128;30.7;16.0
89;2021-05-14;1880;1096;103718;54224;31.2;16.3
89;2021-05-15;2248;394;105966;54618;31.9;16.4
89;2021-05-16;10;35;105976;54653;31.9;16.5
89;2021-05-17;2092;637;108068;55290;32.5;16.6
89;2021-05-18;2324;829;110392;56119;33.2;16.9
89;2021-05-19;2861;883;113253;57002;34.1;17.2
89;2021-05-20;2927;890;116180;57892;35.0;17.4
89;2021-05-21;2481;879;118661;58771;35.7;17.7
89;2021-05-22;1430;567;120091;59338;36.2;17.9
89;2021-05-23;108;10;120199;59348;36.2;17.9
89;2021-05-24;286;224;120485;59572;36.3;17.9
89;2021-05-25;1559;984;122044;60556;36.7;18.2
89;2021-05-26;1817;1022;123861;61578;37.3;18.5
89;2021-05-27;2118;1359;125979;62937;37.9;19.0
89;2021-05-28;2143;1422;128122;64359;38.6;19.4
89;2021-05-29;540;658;128662;65017;38.7;19.6
89;2021-05-30;25;22;128687;65039;38.7;19.6
89;2021-05-31;1248;971;129935;66010;39.1;19.9
89;2021-06-01;1506;983;131441;66993;39.6;20.2
89;2021-06-02;1945;1279;133386;68272;40.2;20.6
89;2021-06-03;2428;1523;135814;69795;40.9;21.0
89;2021-06-04;2140;1889;137954;71684;41.5;21.6
89;2021-06-05;1186;1224;139140;72908;41.9;22.0
89;2021-06-06;23;37;139163;72945;41.9;22.0
89;2021-06-07;2109;1452;141272;74397;42.5;22.4
89;2021-06-08;2196;1457;143468;75854;43.2;22.8
89;2021-06-09;2321;1510;145789;77364;43.9;23.3
89;2021-06-10;2791;1601;148580;78965;44.7;23.8
89;2021-06-11;1948;1750;150528;80715;45.3;24.3
89;2021-06-12;1103;759;151631;81474;45.7;24.5
89;2021-06-13;156;424;151787;81898;45.7;24.7
89;2021-06-14;1311;1824;153098;83722;46.1;25.2
89;2021-06-15;1401;2013;154499;85735;46.5;25.8
89;2021-06-16;1128;2583;155627;88318;46.9;26.6
89;2021-06-17;1431;2337;157058;90655;47.3;27.3
89;2021-06-18;1623;2879;158681;93534;47.8;28.2
89;2021-06-19;687;1661;159368;95195;48.0;28.7
89;2021-06-20;55;127;159423;95322;48.0;28.7
89;2021-06-21;759;1528;160182;96850;48.2;29.2
89;2021-06-22;1048;2679;161230;99529;48.5;30.0
89;2021-06-23;1156;1796;162386;101325;48.9;30.5
89;2021-06-24;1077;1497;163463;102822;49.2;31.0
89;2021-06-25;1008;2426;164471;105248;49.5;31.7
89;2021-06-26;560;2483;165031;107731;49.7;32.4
89;2021-06-27;14;28;165045;107759;49.7;32.4
89;2021-06-28;1033;2494;166078;110253;50.0;33.2
89;2021-06-29;692;2403;166770;112656;50.2;33.9
89;2021-06-30;1083;3182;167853;115838;50.5;34.9
89;2021-07-01;1022;2987;168875;118825;50.9;35.8
89;2021-07-02;1106;2749;169981;121574;51.2;36.6
89;2021-07-03;554;1574;170535;123148;51.4;37.1
89;2021-07-04;11;36;170546;123184;51.4;37.1
89;2021-07-05;1296;1840;171842;125024;51.7;37.6
89;2021-07-06;1050;2310;172892;127334;52.1;38.3
89;2021-07-07;669;1788;173561;129122;52.3;38.9
89;2021-07-08;792;1871;174353;130993;52.5;39.4
89;2021-07-09;1141;2606;175494;133599;52.8;40.2
89;2021-07-10;718;816;176212;134415;53.1;40.5
89;2021-07-11;26;39;176238;134454;53.1;40.5
89;2021-07-12;1423;1900;177661;136354;53.5;41.1
89;2021-07-13;2136;2742;179797;139096;54.1;41.9
89;2021-07-14;314;326;180111;139422;54.2;42.0
89;2021-07-15;2243;3157;182354;142579;54.9;42.9
89;2021-07-16;2390;2860;184744;145439;55.6;43.8
89;2021-07-17;1233;1226;185977;146665;56.0;44.2
89;2021-07-18;276;97;186253;146762;56.1;44.2
89;2021-07-19;1566;2812;187819;149574;56.6;45.0
89;2021-07-20;1929;3283;189748;152857;57.1;46.0
89;2021-07-21;2080;2725;191828;155582;57.8;46.8
89;2021-07-22;2474;2993;194302;158575;58.5;47.7
89;2021-07-23;2478;3104;196780;161679;59.3;48.7
89;2021-07-24;1240;1247;198020;162926;59.6;49.1
89;2021-07-25;69;186;198089;163112;59.6;49.1
89;2021-07-26;1720;2320;199809;165432;60.2;49.8
89;2021-07-27;2344;1909;202153;167341;60.9;50.4
89;2021-07-28;2536;1335;204689;168676;61.6;50.8
89;2021-07-29;2524;1619;207213;170295;62.4;51.3
89;2021-07-30;2676;1621;209889;171916;63.2;51.8
89;2021-07-31;1122;1071;211011;172987;63.5;52.1
89;2021-08-01;69;33;211080;173020;63.6;52.1
89;2021-08-02;1782;1284;212862;174304;64.1;52.5
89;2021-08-03;2464;1255;215326;175559;64.8;52.9
89;2021-08-04;1528;1642;216854;177201;65.3;53.4
89;2021-08-05;1529;1692;218383;178893;65.8;53.9
89;2021-08-06;2162;1648;220545;180541;66.4;54.4
89;2021-08-07;926;1093;221471;181634;66.7;54.7
89;2021-08-08;56;48;221527;181682;66.7;54.7
89;2021-08-09;1087;1174;222614;182856;67.0;55.1
89;2021-08-10;1775;1814;224389;184670;67.6;55.6
89;2021-08-11;1513;1579;225902;186249;68.0;56.1
89;2021-08-12;1348;1390;227250;187639;68.4;56.5
89;2021-08-13;1246;1951;228496;189590;68.8;57.1
89;2021-08-14;514;1016;229010;190606;69.0;57.4
89;2021-08-15;19;43;229029;190649;69.0;57.4
89;2021-08-16;985;1965;230014;192614;69.3;58.0
89;2021-08-17;828;1571;230842;194185;69.5;58.5
89;2021-08-18;605;1897;231447;196082;69.7;59.0
89;2021-08-19;654;1390;232101;197472;69.9;59.5
89;2021-08-20;1003;2261;233104;199733;70.2;60.1
89;2021-08-21;291;1003;233395;200736;70.3;60.4
89;2021-08-22;32;34;233427;200770;70.3;60.5
89;2021-08-23;752;2247;234179;203017;70.5;61.1
89;2021-08-24;832;2365;235011;205382;70.8;61.8
89;2021-08-25;553;1429;235564;206811;70.9;62.3
89;2021-08-26;575;2051;236139;208862;71.1;62.9
89;2021-08-27;777;2260;236916;211122;71.3;63.6
89;2021-08-28;353;1302;237269;212424;71.4;64.0
89;2021-08-29;30;70;237299;212494;71.5;64.0
89;2021-08-30;625;2228;237924;214722;71.6;64.7
89;2021-08-31;597;1623;238521;216345;71.8;65.1
89;2021-09-01;503;1367;239024;217712;72.0;65.6
90;2020-12-27;0;0;0;0;0.0;0.0
90;2020-12-28;0;0;0;0;0.0;0.0
90;2020-12-29;0;0;0;0;0.0;0.0
90;2020-12-30;1;0;1;0;0.0;0.0
90;2020-12-31;0;0;1;0;0.0;0.0
90;2021-01-01;0;0;1;0;0.0;0.0
90;2021-01-02;1;0;2;0;0.0;0.0
90;2021-01-03;0;0;2;0;0.0;0.0
90;2021-01-04;2;0;4;0;0.0;0.0
90;2021-01-05;0;0;4;0;0.0;0.0
90;2021-01-06;0;0;4;0;0.0;0.0
90;2021-01-07;1;0;5;0;0.0;0.0
90;2021-01-08;170;0;175;0;0.1;0.0
90;2021-01-09;46;0;221;0;0.2;0.0
90;2021-01-10;0;0;221;0;0.2;0.0
90;2021-01-11;200;0;421;0;0.3;0.0
90;2021-01-12;430;1;851;1;0.6;0.0
90;2021-01-13;468;2;1319;3;0.9;0.0
90;2021-01-14;414;2;1733;5;1.2;0.0
90;2021-01-15;405;10;2138;15;1.5;0.0
90;2021-01-16;111;2;2249;17;1.6;0.0
90;2021-01-17;1;0;2250;17;1.6;0.0
90;2021-01-18;364;2;2614;19;1.9;0.0
90;2021-01-19;462;5;3076;24;2.2;0.0
90;2021-01-20;392;2;3468;26;2.5;0.0
90;2021-01-21;351;1;3819;27;2.7;0.0
90;2021-01-22;346;2;4165;29;3.0;0.0
90;2021-01-23;98;0;4263;29;3.0;0.0
90;2021-01-24;0;0;4263;29;3.0;0.0
90;2021-01-25;322;3;4585;32;3.3;0.0
90;2021-01-26;224;0;4809;32;3.4;0.0
90;2021-01-27;255;0;5064;32;3.6;0.0
90;2021-01-28;328;32;5392;64;3.8;0.0
90;2021-01-29;291;163;5683;227;4.1;0.2
90;2021-01-30;176;45;5859;272;4.2;0.2
90;2021-01-31;118;0;5977;272;4.3;0.2
90;2021-02-01;275;109;6252;381;4.5;0.3
90;2021-02-02;290;160;6542;541;4.7;0.4
90;2021-02-03;256;278;6798;819;4.9;0.6
90;2021-02-04;257;304;7055;1123;5.0;0.8
90;2021-02-05;266;270;7321;1393;5.2;1.0
90;2021-02-06;89;68;7410;1461;5.3;1.0
90;2021-02-07;0;0;7410;1461;5.3;1.0
90;2021-02-08;170;216;7580;1677;5.4;1.2
90;2021-02-09;139;162;7719;1839;5.5;1.3
90;2021-02-10;182;30;7901;1869;5.6;1.3
90;2021-02-11;229;106;8130;1975;5.8;1.4
90;2021-02-12;126;238;8256;2213;5.9;1.6
90;2021-02-13;96;44;8352;2257;6.0;1.6
90;2021-02-14;0;0;8352;2257;6.0;1.6
90;2021-02-15;113;275;8465;2532;6.0;1.8
90;2021-02-16;92;274;8557;2806;6.1;2.0
90;2021-02-17;178;199;8735;3005;6.2;2.1
90;2021-02-18;128;234;8863;3239;6.3;2.3
90;2021-02-19;64;264;8927;3503;6.4;2.5
90;2021-02-20;40;72;8967;3575;6.4;2.6
90;2021-02-21;0;0;8967;3575;6.4;2.6
90;2021-02-22;77;324;9044;3899;6.5;2.8
90;2021-02-23;40;252;9084;4151;6.5;3.0
90;2021-02-24;109;286;9193;4437;6.6;3.2
90;2021-02-25;89;305;9282;4742;6.6;3.4
90;2021-02-26;89;389;9371;5131;6.7;3.7
90;2021-02-27;140;174;9511;5305;6.8;3.8
90;2021-02-28;8;112;9519;5417;6.8;3.9
90;2021-03-01;212;232;9731;5649;6.9;4.0
90;2021-03-02;178;284;9909;5933;7.1;4.2
90;2021-03-03;239;354;10148;6287;7.2;4.5
90;2021-03-04;260;278;10408;6565;7.4;4.7
90;2021-03-05;359;270;10767;6835;7.7;4.9
90;2021-03-06;291;103;11058;6938;7.9;5.0
90;2021-03-07;18;1;11076;6939;7.9;5.0
90;2021-03-08;246;248;11322;7187;8.1;5.1
90;2021-03-09;430;165;11752;7352;8.4;5.2
90;2021-03-10;348;196;12100;7548;8.6;5.4
90;2021-03-11;348;120;12448;7668;8.9;5.5
90;2021-03-12;519;130;12967;7798;9.3;5.6
90;2021-03-13;539;47;13506;7845;9.6;5.6
90;2021-03-14;21;0;13527;7845;9.7;5.6
90;2021-03-15;387;117;13914;7962;9.9;5.7
90;2021-03-16;401;99;14315;8061;10.2;5.8
90;2021-03-17;323;76;14638;8137;10.4;5.8
90;2021-03-18;348;80;14986;8217;10.7;5.9
90;2021-03-19;468;79;15454;8296;11.0;5.9
90;2021-03-20;427;48;15881;8344;11.3;6.0
90;2021-03-21;7;1;15888;8345;11.3;6.0
90;2021-03-22;399;30;16287;8375;11.6;6.0
90;2021-03-23;739;76;17026;8451;12.1;6.0
90;2021-03-24;817;45;17843;8496;12.7;6.1
90;2021-03-25;948;75;18791;8571;13.4;6.1
90;2021-03-26;1227;61;20018;8632;14.3;6.2
90;2021-03-27;439;34;20457;8666;14.6;6.2
90;2021-03-28;34;0;20491;8666;14.6;6.2
90;2021-03-29;712;144;21203;8810;15.1;6.3
90;2021-03-30;675;155;21878;8965;15.6;6.4
90;2021-03-31;728;84;22606;9049;16.1;6.5
90;2021-04-01;602;123;23208;9172;16.6;6.5
90;2021-04-02;657;98;23865;9270;17.0;6.6
90;2021-04-03;370;40;24235;9310;17.3;6.6
90;2021-04-04;1;0;24236;9310;17.3;6.6
90;2021-04-05;0;0;24236;9310;17.3;6.6
90;2021-04-06;528;252;24764;9562;17.7;6.8
90;2021-04-07;485;265;25249;9827;18.0;7.0
90;2021-04-08;510;245;25759;10072;18.4;7.2
90;2021-04-09;752;268;26511;10340;18.9;7.4
90;2021-04-10;224;8;26735;10348;19.1;7.4
90;2021-04-11;7;0;26742;10348;19.1;7.4
90;2021-04-12;557;481;27299;10829;19.5;7.7
90;2021-04-13;631;530;27930;11359;19.9;8.1
90;2021-04-14;527;351;28457;11710;20.3;8.4
90;2021-04-15;905;291;29362;12001;21.0;8.6
90;2021-04-16;370;404;29732;12405;21.2;8.9
90;2021-04-17;189;128;29921;12533;21.4;8.9
90;2021-04-18;21;0;29942;12533;21.4;8.9
90;2021-04-19;435;570;30377;13103;21.7;9.3
90;2021-04-20;494;618;30871;13721;22.0;9.8
90;2021-04-21;353;497;31224;14218;22.3;10.1
90;2021-04-22;569;602;31793;14820;22.7;10.6
90;2021-04-23;504;742;32297;15562;23.0;11.1
90;2021-04-24;305;202;32602;15764;23.3;11.2
90;2021-04-25;1;0;32603;15764;23.3;11.2
90;2021-04-26;509;750;33112;16514;23.6;11.8
90;2021-04-27;641;679;33753;17193;24.1;12.3
90;2021-04-28;765;445;34518;17638;24.6;12.6
90;2021-04-29;1003;451;35521;18089;25.3;12.9
90;2021-04-30;1120;459;36641;18548;26.1;13.2
90;2021-05-01;60;42;36701;18590;26.2;13.3
90;2021-05-02;4;0;36705;18590;26.2;13.3
90;2021-05-03;904;286;37609;18876;26.8;13.5
90;2021-05-04;784;637;38393;19513;27.4;13.9
90;2021-05-05;892;504;39285;20017;28.0;14.3
90;2021-05-06;852;626;40137;20643;28.6;14.7
90;2021-05-07;440;509;40577;21152;29.0;15.1
90;2021-05-08;26;27;40603;21179;29.0;15.1
90;2021-05-09;5;33;40608;21212;29.0;15.1
90;2021-05-10;506;585;41114;21797;29.3;15.6
90;2021-05-11;778;637;41892;22434;29.9;16.0
90;2021-05-12;532;598;42424;23032;30.3;16.4
90;2021-05-13;1113;264;43537;23296;31.1;16.6
90;2021-05-14;865;403;44402;23699;31.7;16.9
90;2021-05-15;14;125;44416;23824;31.7;17.0
90;2021-05-16;2;7;44418;23831;31.7;17.0
90;2021-05-17;793;290;45211;24121;32.3;17.2
90;2021-05-18;1024;472;46235;24593;33.0;17.5
90;2021-05-19;1265;384;47500;24977;33.9;17.8
90;2021-05-20;1201;270;48701;25247;34.8;18.0
90;2021-05-21;1265;432;49966;25679;35.7;18.3
90;2021-05-22;9;131;49975;25810;35.7;18.4
90;2021-05-23;4;0;49979;25810;35.7;18.4
90;2021-05-24;368;266;50347;26076;35.9;18.6
90;2021-05-25;636;792;50983;26868;36.4;19.2
90;2021-05-26;630;568;51613;27436;36.8;19.6
90;2021-05-27;963;383;52576;27819;37.5;19.9
90;2021-05-28;668;827;53244;28646;38.0;20.4
90;2021-05-29;93;296;53337;28942;38.1;20.7
90;2021-05-30;4;1;53341;28943;38.1;20.7
90;2021-05-31;809;714;54150;29657;38.6;21.2
90;2021-06-01;968;740;55118;30397;39.3;21.7
90;2021-06-02;760;676;55878;31073;39.9;22.2
90;2021-06-03;758;744;56636;31817;40.4;22.7
90;2021-06-04;833;973;57469;32790;41.0;23.4
90;2021-06-05;54;427;57523;33217;41.0;23.7
90;2021-06-06;1;16;57524;33233;41.0;23.7
90;2021-06-07;1265;1081;58789;34314;41.9;24.5
90;2021-06-08;1481;936;60270;35250;43.0;25.2
90;2021-06-09;965;659;61235;35909;43.7;25.6
90;2021-06-10;626;498;61861;36407;44.1;26.0
90;2021-06-11;787;1127;62648;37534;44.7;26.8
90;2021-06-12;806;297;63454;37831;45.3;27.0
90;2021-06-13;10;12;63464;37843;45.3;27.0
90;2021-06-14;265;975;63729;38818;45.5;27.7
90;2021-06-15;567;880;64296;39698;45.9;28.3
90;2021-06-16;510;548;64806;40246;46.2;28.7
90;2021-06-17;444;638;65250;40884;46.6;29.2
90;2021-06-18;624;997;65874;41881;47.0;29.9
90;2021-06-19;450;171;66324;42052;47.3;30.0
90;2021-06-20;0;28;66324;42080;47.3;30.0
90;2021-06-21;257;1178;66581;43258;47.5;30.9
90;2021-06-22;384;950;66965;44208;47.8;31.5
90;2021-06-23;415;633;67380;44841;48.1;32.0
90;2021-06-24;318;603;67698;45444;48.3;32.4
90;2021-06-25;431;1273;68129;46717;48.6;33.3
90;2021-06-26;420;561;68549;47278;48.9;33.7
90;2021-06-27;2;6;68551;47284;48.9;33.7
90;2021-06-28;378;1299;68929;48583;49.2;34.7
90;2021-06-29;305;1307;69234;49890;49.4;35.6
90;2021-06-30;485;1228;69719;51118;49.7;36.5
90;2021-07-01;355;919;70074;52037;50.0;37.1
90;2021-07-02;507;1206;70581;53243;50.4;38.0
90;2021-07-03;52;129;70633;53372;50.4;38.1
90;2021-07-04;0;21;70633;53393;50.4;38.1
90;2021-07-05;401;1014;71034;54407;50.7;38.8
90;2021-07-06;514;972;71548;55379;51.1;39.5
90;2021-07-07;381;995;71929;56374;51.3;40.2
90;2021-07-08;304;608;72233;56982;51.5;40.7
90;2021-07-09;440;951;72673;57933;51.9;41.3
90;2021-07-10;32;91;72705;58024;51.9;41.4
90;2021-07-11;7;17;72712;58041;51.9;41.4
90;2021-07-12;244;1076;72956;59117;52.1;42.2
90;2021-07-13;474;1162;73430;60279;52.4;43.0
90;2021-07-14;3;9;73433;60288;52.4;43.0
90;2021-07-15;791;1454;74224;61742;53.0;44.1
90;2021-07-16;827;1682;75051;63424;53.6;45.3
90;2021-07-17;485;954;75536;64378;53.9;45.9
90;2021-07-18;4;2;75540;64380;53.9;45.9
90;2021-07-19;1187;1462;76727;65842;54.7;47.0
90;2021-07-20;1338;1136;78065;66978;55.7;47.8
90;2021-07-21;1398;983;79463;67961;56.7;48.5
90;2021-07-22;1126;698;80589;68659;57.5;49.0
90;2021-07-23;969;1023;81558;69682;58.2;49.7
90;2021-07-24;120;65;81678;69747;58.3;49.8
90;2021-07-25;2;1;81680;69748;58.3;49.8
90;2021-07-26;1072;804;82752;70552;59.0;50.3
90;2021-07-27;1084;746;83836;71298;59.8;50.9
90;2021-07-28;823;711;84659;72009;60.4;51.4
90;2021-07-29;838;441;85497;72450;61.0;51.7
90;2021-07-30;780;503;86277;72953;61.6;52.1
90;2021-07-31;486;313;86763;73266;61.9;52.3
90;2021-08-01;0;3;86763;73269;61.9;52.3
90;2021-08-02;836;511;87599;73780;62.5;52.6
90;2021-08-03;911;491;88510;74271;63.2;53.0
90;2021-08-04;1064;459;89574;74730;63.9;53.3
90;2021-08-05;520;221;90094;74951;64.3;53.5
90;2021-08-06;639;390;90733;75341;64.7;53.8
90;2021-08-07;35;63;90768;75404;64.8;53.8
90;2021-08-08;18;3;90786;75407;64.8;53.8
90;2021-08-09;721;947;91507;76354;65.3;54.5
90;2021-08-10;533;1151;92040;77505;65.7;55.3
90;2021-08-11;536;948;92576;78453;66.1;56.0
90;2021-08-12;444;817;93020;79270;66.4;56.6
90;2021-08-13;525;894;93545;80164;66.7;57.2
90;2021-08-14;30;99;93575;80263;66.8;57.3
90;2021-08-15;2;8;93577;80271;66.8;57.3
90;2021-08-16;444;633;94021;80904;67.1;57.7
90;2021-08-17;342;1166;94363;82070;67.3;58.6
90;2021-08-18;267;878;94630;82948;67.5;59.2
90;2021-08-19;239;627;94869;83575;67.7;59.6
90;2021-08-20;354;770;95223;84345;67.9;60.2
90;2021-08-21;32;70;95255;84415;68.0;60.2
90;2021-08-22;0;7;95255;84422;68.0;60.2
90;2021-08-23;301;489;95556;84911;68.2;60.6
90;2021-08-24;332;957;95888;85868;68.4;61.3
90;2021-08-25;249;915;96137;86783;68.6;61.9
90;2021-08-26;241;672;96378;87455;68.8;62.4
90;2021-08-27;270;737;96648;88192;69.0;62.9
90;2021-08-28;19;64;96667;88256;69.0;63.0
90;2021-08-29;2;6;96669;88262;69.0;63.0
90;2021-08-30;319;639;96988;88901;69.2;63.4
90;2021-08-31;273;1024;97261;89925;69.4;64.2
90;2021-09-01;263;783;97524;90708;69.6;64.7
91;2020-12-27;0;0;0;0;0.0;0.0
91;2020-12-28;0;0;0;0;0.0;0.0
91;2020-12-29;1;0;1;0;0.0;0.0
91;2020-12-30;1;0;2;0;0.0;0.0
91;2020-12-31;0;0;2;0;0.0;0.0
91;2021-01-01;5;0;7;0;0.0;0.0
91;2021-01-02;0;0;7;0;0.0;0.0
91;2021-01-03;0;0;7;0;0.0;0.0
91;2021-01-04;1;0;8;0;0.0;0.0
91;2021-01-05;71;0;79;0;0.0;0.0
91;2021-01-06;188;2;267;2;0.0;0.0
91;2021-01-07;523;6;790;8;0.1;0.0
91;2021-01-08;394;1;1184;9;0.1;0.0
91;2021-01-09;89;3;1273;12;0.1;0.0
91;2021-01-10;1;0;1274;12;0.1;0.0
91;2021-01-11;595;2;1869;14;0.1;0.0
91;2021-01-12;899;8;2768;22;0.2;0.0
91;2021-01-13;702;8;3470;30;0.3;0.0
91;2021-01-14;721;11;4191;41;0.3;0.0
91;2021-01-15;569;4;4760;45;0.4;0.0
91;2021-01-16;316;7;5076;52;0.4;0.0
91;2021-01-17;117;1;5193;53;0.4;0.0
91;2021-01-18;992;3;6185;56;0.5;0.0
91;2021-01-19;1868;16;8053;72;0.6;0.0
91;2021-01-20;2370;17;10423;89;0.8;0.0
91;2021-01-21;2096;15;12519;104;0.9;0.0
91;2021-01-22;1861;10;14380;114;1.1;0.0
91;2021-01-23;413;1;14793;115;1.1;0.0
91;2021-01-24;53;0;14846;115;1.1;0.0
91;2021-01-25;1049;4;15895;119;1.2;0.0
91;2021-01-26;1578;36;17473;155;1.3;0.0
91;2021-01-27;2416;97;19889;252;1.5;0.0
91;2021-01-28;1983;226;21872;478;1.7;0.0
91;2021-01-29;1749;68;23621;546;1.8;0.0
91;2021-01-30;422;6;24043;552;1.8;0.0
91;2021-01-31;54;0;24097;552;1.8;0.0
91;2021-02-01;965;218;25062;770;1.9;0.1
91;2021-02-02;857;361;25919;1131;2.0;0.1
91;2021-02-03;937;564;26856;1695;2.0;0.1
91;2021-02-04;885;280;27741;1975;2.1;0.1
91;2021-02-05;1036;357;28777;2332;2.2;0.2
91;2021-02-06;338;91;29115;2423;2.2;0.2
91;2021-02-07;13;0;29128;2423;2.2;0.2
91;2021-02-08;905;601;30033;3024;2.3;0.2
91;2021-02-09;963;854;30996;3878;2.3;0.3
91;2021-02-10;1065;989;32061;4867;2.4;0.4
91;2021-02-11;1122;1013;33183;5880;2.5;0.4
91;2021-02-12;1063;824;34246;6704;2.6;0.5
91;2021-02-13;330;352;34576;7056;2.6;0.5
91;2021-02-14;18;112;34594;7168;2.6;0.5
91;2021-02-15;368;1208;34962;8376;2.6;0.6
91;2021-02-16;554;1718;35516;10094;2.7;0.8
91;2021-02-17;813;2620;36329;12714;2.8;1.0
91;2021-02-18;941;1984;37270;14698;2.8;1.1
91;2021-02-19;865;1346;38135;16044;2.9;1.2
91;2021-02-20;167;346;38302;16390;2.9;1.2
91;2021-02-21;13;48;38315;16438;2.9;1.2
91;2021-02-22;334;1161;38649;17599;2.9;1.3
91;2021-02-23;397;1050;39046;18649;3.0;1.4
91;2021-02-24;473;1036;39519;19685;3.0;1.5
91;2021-02-25;735;995;40254;20680;3.1;1.6
91;2021-02-26;1096;1034;41350;21714;3.1;1.6
91;2021-02-27;611;322;41961;22036;3.2;1.7
91;2021-02-28;65;66;42026;22102;3.2;1.7
91;2021-03-01;931;1051;42957;23153;3.3;1.8
91;2021-03-02;1261;1090;44218;24243;3.4;1.8
91;2021-03-03;1468;1270;45686;25513;3.5;1.9
91;2021-03-04;2432;1126;48118;26639;3.6;2.0
91;2021-03-05;3353;1161;51471;27800;3.9;2.1
91;2021-03-06;4911;459;56382;28259;4.3;2.1
91;2021-03-07;3208;118;59590;28377;4.5;2.2
91;2021-03-08;1474;1063;61064;29440;4.6;2.2
91;2021-03-09;2623;992;63687;30432;4.8;2.3
91;2021-03-10;2620;1037;66307;31469;5.0;2.4
91;2021-03-11;3786;1134;70093;32603;5.3;2.5
91;2021-03-12;4789;1056;74882;33659;5.7;2.6
91;2021-03-13;5259;344;80141;34003;6.1;2.6
91;2021-03-14;304;28;80445;34031;6.1;2.6
91;2021-03-15;2984;434;83429;34465;6.3;2.6
91;2021-03-16;2617;381;86046;34846;6.5;2.6
91;2021-03-17;2229;351;88275;35197;6.7;2.7
91;2021-03-18;2393;411;90668;35608;6.9;2.7
91;2021-03-19;4094;386;94762;35994;7.2;2.7
91;2021-03-20;3609;182;98371;36176;7.5;2.7
91;2021-03-21;138;30;98509;36206;7.5;2.7
91;2021-03-22;3149;606;101658;36812;7.7;2.8
91;2021-03-23;4139;700;105797;37512;8.0;2.8
91;2021-03-24;3936;501;109733;38013;8.3;2.9
91;2021-03-25;5059;531;114792;38544;8.7;2.9
91;2021-03-26;5551;554;120343;39098;9.1;3.0
91;2021-03-27;4984;347;125327;39445;9.5;3.0
91;2021-03-28;282;59;125609;39504;9.5;3.0
91;2021-03-29;3304;1041;128913;40545;9.8;3.1
91;2021-03-30;4424;1229;133337;41774;10.1;3.2
91;2021-03-31;3368;1341;136705;43115;10.4;3.3
91;2021-04-01;3739;1689;140444;44804;10.6;3.4
91;2021-04-02;3890;2318;144334;47122;10.9;3.6
91;2021-04-03;1871;2871;146205;49993;11.1;3.8
91;2021-04-04;648;1320;146853;51313;11.1;3.9
91;2021-04-05;562;131;147415;51444;11.2;3.9
91;2021-04-06;3401;1787;150816;53231;11.4;4.0
91;2021-04-07;3420;1936;154236;55167;11.7;4.2
91;2021-04-08;4664;2165;158900;57332;12.0;4.3
91;2021-04-09;5348;2158;164248;59490;12.4;4.5
91;2021-04-10;2731;2817;166979;62307;12.7;4.7
91;2021-04-11;191;141;167170;62448;12.7;4.7
91;2021-04-12;2854;2280;170024;64728;12.9;4.9
91;2021-04-13;3757;2651;173781;67379;13.2;5.1
91;2021-04-14;3708;2324;177489;69703;13.5;5.3
91;2021-04-15;4476;2515;181965;72218;13.8;5.5
91;2021-04-16;4550;2807;186515;75025;14.1;5.7
91;2021-04-17;2983;2079;189498;77104;14.4;5.8
91;2021-04-18;269;72;189767;77176;14.4;5.8
91;2021-04-19;2305;2732;192072;79908;14.6;6.1
91;2021-04-20;3179;2987;195251;82895;14.8;6.3
91;2021-04-21;2989;2900;198240;85795;15.0;6.5
91;2021-04-22;3168;3367;201408;89162;15.3;6.8
91;2021-04-23;3717;3356;205125;92518;15.5;7.0
91;2021-04-24;3482;3730;208607;96248;15.8;7.3
91;2021-04-25;2618;642;211225;96890;16.0;7.3
91;2021-04-26;3488;2801;214713;99691;16.3;7.6
91;2021-04-27;4486;2922;219199;102613;16.6;7.8
91;2021-04-28;4567;2706;223766;105319;17.0;8.0
91;2021-04-29;5746;3064;229512;108383;17.4;8.2
91;2021-04-30;5388;2854;234900;111237;17.8;8.4
91;2021-05-01;3517;522;238417;111759;18.1;8.5
91;2021-05-02;625;132;239042;111891;18.1;8.5
91;2021-05-03;5203;2291;244245;114182;18.5;8.7
91;2021-05-04;5591;3178;249836;117360;18.9;8.9
91;2021-05-05;4853;2871;254689;120231;19.3;9.1
91;2021-05-06;5248;3376;259937;123607;19.7;9.4
91;2021-05-07;6120;3747;266057;127354;20.2;9.7
91;2021-05-08;6520;965;272577;128319;20.7;9.7
91;2021-05-09;4803;562;277380;128881;21.0;9.8
91;2021-05-10;5903;3010;283283;131891;21.5;10.0
91;2021-05-11;6830;3840;290113;135731;22.0;10.3
91;2021-05-12;5897;3442;296010;139173;22.4;10.5
91;2021-05-13;4826;1082;300836;140255;22.8;10.6
91;2021-05-14;6548;2397;307384;142652;23.3;10.8
91;2021-05-15;7797;1928;315181;144580;23.9;11.0
91;2021-05-16;4584;372;319765;144952;24.2;11.0
91;2021-05-17;6952;1710;326717;146662;24.8;11.1
91;2021-05-18;8121;1740;334838;148402;25.4;11.2
91;2021-05-19;7097;1699;341935;150101;25.9;11.4
91;2021-05-20;8202;2145;350137;152246;26.5;11.5
91;2021-05-21;8145;2582;358282;154828;27.2;11.7
91;2021-05-22;7664;1541;365946;156369;27.7;11.9
91;2021-05-23;4799;532;370745;156901;28.1;11.9
91;2021-05-24;5018;602;375763;157503;28.5;11.9
91;2021-05-25;7626;2650;383389;160153;29.1;12.1
91;2021-05-26;6873;2939;390262;163092;29.6;12.4
91;2021-05-27;7974;3440;398236;166532;30.2;12.6
91;2021-05-28;7537;4322;405773;170854;30.8;12.9
91;2021-05-29;9302;3513;415075;174367;31.5;13.2
91;2021-05-30;5954;962;421029;175329;31.9;13.3
91;2021-05-31;6743;3700;427772;179029;32.4;13.6
91;2021-06-01;7787;4779;435559;183808;33.0;13.9
91;2021-06-02;7452;3960;443011;187768;33.6;14.2
91;2021-06-03;7860;4782;450871;192550;34.2;14.6
91;2021-06-04;7186;5718;458057;198268;34.7;15.0
91;2021-06-05;6385;5819;464442;204087;35.2;15.5
91;2021-06-06;4089;2512;468531;206599;35.5;15.7
91;2021-06-07;5881;5483;474412;212082;36.0;16.1
91;2021-06-08;7042;5795;481454;217877;36.5;16.5
91;2021-06-09;6472;5148;487926;223025;37.0;16.9
91;2021-06-10;7179;5776;495105;228801;37.5;17.3
91;2021-06-11;6545;7111;501650;235912;38.0;17.9
91;2021-06-12;6221;7364;507871;243276;38.5;18.4
91;2021-06-13;2852;2317;510723;245593;38.7;18.6
91;2021-06-14;4225;7199;514948;252792;39.0;19.2
91;2021-06-15;5576;7259;520524;260051;39.5;19.7
91;2021-06-16;5304;6444;525828;266495;39.9;20.2
91;2021-06-17;6247;7136;532075;273631;40.3;20.7
91;2021-06-18;4634;8739;536709;282370;40.7;21.4
91;2021-06-19;4192;7154;540901;289524;41.0;21.9
91;2021-06-20;1008;4212;541909;293736;41.1;22.3
91;2021-06-21;3231;7238;545140;300974;41.3;22.8
91;2021-06-22;4161;9230;549301;310204;41.6;23.5
91;2021-06-23;4317;7963;553618;318167;42.0;24.1
91;2021-06-24;4909;8478;558527;326645;42.3;24.8
91;2021-06-25;3475;9174;562002;335819;42.6;25.5
91;2021-06-26;2988;8036;564990;343855;42.8;26.1
91;2021-06-27;549;2996;565539;346851;42.9;26.3
91;2021-06-28;3129;8239;568668;355090;43.1;26.9
91;2021-06-29;3586;9639;572254;364729;43.4;27.6
91;2021-06-30;3957;8701;576211;373430;43.7;28.3
91;2021-07-01;4098;8876;580309;382306;44.0;29.0
91;2021-07-02;3769;9316;584078;391622;44.3;29.7
91;2021-07-03;2880;9790;586958;401412;44.5;30.4
91;2021-07-04;851;4724;587809;406136;44.6;30.8
91;2021-07-05;2660;7258;590469;413394;44.8;31.3
91;2021-07-06;3755;9430;594224;422824;45.0;32.0
91;2021-07-07;3810;8592;598034;431416;45.3;32.7
91;2021-07-08;4360;8993;602394;440409;45.7;33.4
91;2021-07-09;3964;9958;606358;450367;46.0;34.1
91;2021-07-10;3400;10234;609758;460601;46.2;34.9
91;2021-07-11;985;4804;610743;465405;46.3;35.3
91;2021-07-12;2801;8891;613544;474296;46.5;35.9
91;2021-07-13;4464;10387;618008;484683;46.8;36.7
91;2021-07-14;2302;3582;620310;488265;47.0;37.0
91;2021-07-15;4542;9825;624852;498090;47.4;37.8
91;2021-07-16;6291;9758;631143;507848;47.8;38.5
91;2021-07-17;5752;9066;636895;516914;48.3;39.2
91;2021-07-18;3399;3680;640294;520594;48.5;39.5
91;2021-07-19;3775;7531;644069;528125;48.8;40.0
91;2021-07-20;6070;9302;650139;537427;49.3;40.7
91;2021-07-21;6250;7726;656389;545153;49.7;41.3
91;2021-07-22;6492;8399;662881;553552;50.2;42.0
91;2021-07-23;6918;8278;669799;561830;50.8;42.6
91;2021-07-24;5016;6478;674815;568308;51.1;43.1
91;2021-07-25;3264;1399;678079;569707;51.4;43.2
91;2021-07-26;4932;6590;683011;576297;51.8;43.7
91;2021-07-27;7560;7075;690571;583372;52.3;44.2
91;2021-07-28;7295;5908;697866;589280;52.9;44.7
91;2021-07-29;7391;5906;705257;595186;53.5;45.1
91;2021-07-30;6901;5772;712158;600958;54.0;45.5
91;2021-07-31;4882;4780;717040;605738;54.3;45.9
91;2021-08-01;2621;1337;719661;607075;54.5;46.0
91;2021-08-02;4683;4230;724344;611305;54.9;46.3
91;2021-08-03;5788;4688;730132;615993;55.3;46.7
91;2021-08-04;5686;4130;735818;620123;55.8;47.0
91;2021-08-05;5590;4262;741408;624385;56.2;47.3
91;2021-08-06;5685;5625;747093;630010;56.6;47.7
91;2021-08-07;3060;2415;750153;632425;56.9;47.9
91;2021-08-08;596;1101;750749;633526;56.9;48.0
91;2021-08-09;3773;3970;754522;637496;57.2;48.3
91;2021-08-10;4531;4543;759053;642039;57.5;48.7
91;2021-08-11;4094;4481;763147;646520;57.8;49.0
91;2021-08-12;4001;4766;767148;651286;58.1;49.4
91;2021-08-13;4251;4846;771399;656132;58.5;49.7
91;2021-08-14;2205;2395;773604;658527;58.6;49.9
91;2021-08-15;92;170;773696;658697;58.6;49.9
91;2021-08-16;2907;4650;776603;663347;58.9;50.3
91;2021-08-17;3588;5807;780191;669154;59.1;50.7
91;2021-08-18;2997;5784;783188;674938;59.4;51.2
91;2021-08-19;3439;5764;786627;680702;59.6;51.6
91;2021-08-20;3174;6950;789801;687652;59.9;52.1
91;2021-08-21;2438;3343;792239;690995;60.0;52.4
91;2021-08-22;732;1301;792971;692296;60.1;52.5
91;2021-08-23;2380;5299;795351;697595;60.3;52.9
91;2021-08-24;2955;6953;798306;704548;60.5;53.4
91;2021-08-25;3391;6703;801697;711251;60.8;53.9
91;2021-08-26;2722;5939;804419;717190;61.0;54.4
91;2021-08-27;2814;7487;807233;724677;61.2;54.9
91;2021-08-28;2363;4812;809596;729489;61.4;55.3
91;2021-08-29;1753;2760;811349;732249;61.5;55.5
91;2021-08-30;1758;5603;813107;737852;61.6;55.9
91;2021-08-31;2225;6089;815332;743941;61.8;56.4
91;2021-09-01;2381;4567;817713;748508;62.0;56.7
92;2020-12-27;24;0;24;0;0.0;0.0
92;2020-12-28;17;0;41;0;0.0;0.0
92;2020-12-29;58;0;99;0;0.0;0.0
92;2020-12-30;41;0;140;0;0.0;0.0
92;2020-12-31;6;0;146;0;0.0;0.0
92;2021-01-01;23;0;169;0;0.0;0.0
92;2021-01-02;5;0;174;0;0.0;0.0
92;2021-01-03;9;0;183;0;0.0;0.0
92;2021-01-04;66;1;249;1;0.0;0.0
92;2021-01-05;232;1;481;2;0.0;0.0
92;2021-01-06;415;3;896;5;0.1;0.0
92;2021-01-07;665;4;1561;9;0.1;0.0
92;2021-01-08;841;4;2402;13;0.1;0.0
92;2021-01-09;123;1;2525;14;0.2;0.0
92;2021-01-10;45;0;2570;14;0.2;0.0
92;2021-01-11;848;5;3418;19;0.2;0.0
92;2021-01-12;1299;9;4717;28;0.3;0.0
92;2021-01-13;1241;14;5958;42;0.4;0.0
92;2021-01-14;1210;17;7168;59;0.4;0.0
92;2021-01-15;980;7;8148;66;0.5;0.0
92;2021-01-16;182;1;8330;67;0.5;0.0
92;2021-01-17;25;0;8355;67;0.5;0.0
92;2021-01-18;1543;21;9898;88;0.6;0.0
92;2021-01-19;1557;20;11455;108;0.7;0.0
92;2021-01-20;1810;13;13265;121;0.8;0.0
92;2021-01-21;3439;21;16704;142;1.0;0.0
92;2021-01-22;2611;42;19315;184;1.2;0.0
92;2021-01-23;139;0;19454;184;1.2;0.0
92;2021-01-24;26;0;19480;184;1.2;0.0
92;2021-01-25;848;14;20328;198;1.3;0.0
92;2021-01-26;1215;10;21543;208;1.3;0.0
92;2021-01-27;2215;94;23758;302;1.5;0.0
92;2021-01-28;4184;186;27942;488;1.7;0.0
92;2021-01-29;2712;257;30654;745;1.9;0.0
92;2021-01-30;322;12;30976;757;1.9;0.0
92;2021-01-31;22;2;30998;759;1.9;0.0
92;2021-02-01;865;314;31863;1073;2.0;0.1
92;2021-02-02;1049;343;32912;1416;2.0;0.1
92;2021-02-03;1000;440;33912;1856;2.1;0.1
92;2021-02-04;1044;534;34956;2390;2.2;0.1
92;2021-02-05;1331;495;36287;2885;2.2;0.2
92;2021-02-06;113;17;36400;2902;2.3;0.2
92;2021-02-07;13;14;36413;2916;2.3;0.2
92;2021-02-08;574;706;36987;3622;2.3;0.2
92;2021-02-09;1065;1278;38052;4900;2.4;0.3
92;2021-02-10;1068;1275;39120;6175;2.4;0.4
92;2021-02-11;1499;1900;40619;8075;2.5;0.5
92;2021-02-12;1416;1466;42035;9541;2.6;0.6
92;2021-02-13;73;60;42108;9601;2.6;0.6
92;2021-02-14;22;0;42130;9601;2.6;0.6
92;2021-02-15;568;1581;42698;11182;2.6;0.7
92;2021-02-16;786;1963;43484;13145;2.7;0.8
92;2021-02-17;619;1702;44103;14847;2.7;0.9
92;2021-02-18;1572;3575;45675;18422;2.8;1.1
92;2021-02-19;1728;2614;47403;21036;2.9;1.3
92;2021-02-20;144;392;47547;21428;2.9;1.3
92;2021-02-21;35;52;47582;21480;2.9;1.3
92;2021-02-22;493;1153;48075;22633;3.0;1.4
92;2021-02-23;731;1311;48806;23944;3.0;1.5
92;2021-02-24;609;1248;49415;25192;3.1;1.6
92;2021-02-25;920;1732;50335;26924;3.1;1.7
92;2021-02-26;1455;1332;51790;28256;3.2;1.8
92;2021-02-27;503;187;52293;28443;3.2;1.8
92;2021-02-28;66;56;52359;28499;3.2;1.8
92;2021-03-01;1102;1020;53461;29519;3.3;1.8
92;2021-03-02;1969;1344;55430;30863;3.4;1.9
92;2021-03-03;2793;1087;58223;31950;3.6;2.0
92;2021-03-04;3590;1516;61813;33466;3.8;2.1
92;2021-03-05;4975;1709;66788;35175;4.1;2.2
92;2021-03-06;5718;334;72506;35509;4.5;2.2
92;2021-03-07;2900;236;75406;35745;4.7;2.2
92;2021-03-08;2418;819;77824;36564;4.8;2.3
92;2021-03-09;3436;1019;81260;37583;5.0;2.3
92;2021-03-10;3941;952;85201;38535;5.3;2.4
92;2021-03-11;5014;1395;90215;39930;5.6;2.5
92;2021-03-12;6767;1555;96982;41485;6.0;2.6
92;2021-03-13;5158;241;102140;41726;6.3;2.6
92;2021-03-14;1739;75;103879;41801;6.4;2.6
92;2021-03-15;3800;600;107679;42401;6.7;2.6
92;2021-03-16;3696;595;111375;42996;6.9;2.7
92;2021-03-17;3874;421;115249;43417;7.1;2.7
92;2021-03-18;4128;756;119377;44173;7.4;2.7
92;2021-03-19;5919;730;125296;44903;7.8;2.8
92;2021-03-20;2536;75;127832;44978;7.9;2.8
92;2021-03-21;150;29;127982;45007;7.9;2.8
92;2021-03-22;4114;486;132096;45493;8.2;2.8
92;2021-03-23;6101;880;138197;46373;8.6;2.9
92;2021-03-24;6378;653;144575;47026;9.0;2.9
92;2021-03-25;8437;648;153012;47674;9.5;3.0
92;2021-03-26;8354;902;161366;48576;10.0;3.0
92;2021-03-27;2836;274;164202;48850;10.2;3.0
92;2021-03-28;543;38;164745;48888;10.2;3.0
92;2021-03-29;4659;1058;169404;49946;10.5;3.1
92;2021-03-30;6390;1551;175794;51497;10.9;3.2
92;2021-03-31;5545;2262;181339;53759;11.2;3.3
92;2021-04-01;6266;3679;187605;57438;11.6;3.6
92;2021-04-02;5632;3424;193237;60862;12.0;3.8
92;2021-04-03;872;1420;194109;62282;12.0;3.9
92;2021-04-04;488;1062;194597;63344;12.1;3.9
92;2021-04-05;812;159;195409;63503;12.1;3.9
92;2021-04-06;3661;1956;199070;65459;12.3;4.1
92;2021-04-07;4993;2890;204063;68349;12.6;4.2
92;2021-04-08;5979;3185;210042;71534;13.0;4.4
92;2021-04-09;8031;3058;218073;74592;13.5;4.6
92;2021-04-10;2633;1294;220706;75886;13.7;4.7
92;2021-04-11;158;807;220864;76693;13.7;4.8
92;2021-04-12;3686;2519;224550;79212;13.9;4.9
92;2021-04-13;4381;4428;228931;83640;14.2;5.2
92;2021-04-14;4867;4046;233798;87686;14.5;5.4
92;2021-04-15;5299;3953;239097;91639;14.8;5.7
92;2021-04-16;5074;3863;244171;95502;15.1;5.9
92;2021-04-17;1801;1191;245972;96693;15.2;6.0
92;2021-04-18;348;94;246320;96787;15.3;6.0
92;2021-04-19;2812;2841;249132;99628;15.4;6.2
92;2021-04-20;4191;3754;253323;103382;15.7;6.4
92;2021-04-21;4615;4522;257938;107904;16.0;6.7
92;2021-04-22;4660;5125;262598;113029;16.3;7.0
92;2021-04-23;5237;4705;267835;117734;16.6;7.3
92;2021-04-24;4941;1909;272776;119643;16.9;7.4
92;2021-04-25;1790;150;274566;119793;17.0;7.4
92;2021-04-26;4001;3624;278567;123417;17.3;7.6
92;2021-04-27;6043;5266;284610;128683;17.6;8.0
92;2021-04-28;7381;4503;291991;133186;18.1;8.3
92;2021-04-29;7988;4793;299979;137979;18.6;8.6
92;2021-04-30;8843;4847;308822;142826;19.1;8.9
92;2021-05-01;1200;406;310022;143232;19.2;8.9
92;2021-05-02;663;139;310685;143371;19.3;8.9
92;2021-05-03;6778;3891;317463;147262;19.7;9.1
92;2021-05-04;10423;4367;327886;151629;20.3;9.4
92;2021-05-05;10075;5261;337961;156890;20.9;9.7
92;2021-05-06;11424;4905;349385;161795;21.7;10.0
92;2021-05-07;9864;5297;359249;167092;22.3;10.4
92;2021-05-08;7215;1925;366464;169017;22.7;10.5
92;2021-05-09;3788;599;370252;169616;22.9;10.5
92;2021-05-10;9536;4001;379788;173617;23.5;10.8
92;2021-05-11;13981;5695;393769;179312;24.4;11.1
92;2021-05-12;14288;4585;408057;183897;25.3;11.4
92;2021-05-13;9165;912;417222;184809;25.9;11.5
92;2021-05-14;12031;2313;429253;187122;26.6;11.6
92;2021-05-15;8392;1229;437645;188351;27.1;11.7
92;2021-05-16;4139;452;441784;188803;27.4;11.7
92;2021-05-17;10649;2219;452433;191022;28.0;11.8
92;2021-05-18;16413;3130;468846;194152;29.1;12.0
92;2021-05-19;16036;3721;484882;197873;30.0;12.3
92;2021-05-20;16837;3985;501719;201858;31.1;12.5
92;2021-05-21;14078;3630;515797;205488;32.0;12.7
92;2021-05-22;8318;1516;524115;207004;32.5;12.8
92;2021-05-23;4085;454;528200;207458;32.7;12.9
92;2021-05-24;6123;855;534323;208313;33.1;12.9
92;2021-05-25;13111;4559;547434;212872;33.9;13.2
92;2021-05-26;11932;5041;559366;217913;34.7;13.5
92;2021-05-27;12736;6329;572102;224242;35.5;13.9
92;2021-05-28;11231;6284;583333;230526;36.1;14.3
92;2021-05-29;5454;2302;588787;232828;36.5;14.4
92;2021-05-30;2250;389;591037;233217;36.6;14.5
92;2021-05-31;12057;5306;603094;238523;37.4;14.8
92;2021-06-01;12628;7641;615722;246164;38.2;15.3
92;2021-06-02;14381;7214;630103;253378;39.0;15.7
92;2021-06-03;14594;8033;644697;261411;39.9;16.2
92;2021-06-04;12230;8227;656927;269638;40.7;16.7
92;2021-06-05;7384;6240;664311;275878;41.2;17.1
92;2021-06-06;3594;1674;667905;277552;41.4;17.2
92;2021-06-07;11443;7631;679348;285183;42.1;17.7
92;2021-06-08;12760;9606;692108;294789;42.9;18.3
92;2021-06-09;11663;9480;703771;304269;43.6;18.9
92;2021-06-10;11967;10571;715738;314840;44.4;19.5
92;2021-06-11;8148;11043;723886;325883;44.9;20.2
92;2021-06-12;6366;5099;730252;330982;45.3;20.5
92;2021-06-13;3966;2721;734218;333703;45.5;20.7
92;2021-06-14;5216;11170;739434;344873;45.8;21.4
92;2021-06-15;6535;13131;745969;358004;46.2;22.2
92;2021-06-16;6955;12990;752924;370994;46.7;23.0
92;2021-06-17;7425;14012;760349;385006;47.1;23.9
92;2021-06-18;6898;14393;767247;399399;47.5;24.7
92;2021-06-19;3959;9112;771206;408511;47.8;25.3
92;2021-06-20;1966;5610;773172;414121;47.9;25.7
92;2021-06-21;4839;12277;778011;426398;48.2;26.4
92;2021-06-22;5882;17546;783893;443944;48.6;27.5
92;2021-06-23;5487;15995;789380;459939;48.9;28.5
92;2021-06-24;6206;15123;795586;475062;49.3;29.4
92;2021-06-25;5120;16102;800706;491164;49.6;30.4
92;2021-06-26;4067;10458;804773;501622;49.9;31.1
92;2021-06-27;1860;6051;806633;507673;50.0;31.5
92;2021-06-28;3676;12050;810309;519723;50.2;32.2
92;2021-06-29;4686;18160;814995;537883;50.5;33.3
92;2021-06-30;4450;16233;819445;554116;50.8;34.3
92;2021-07-01;5550;16311;824995;570427;51.1;35.3
92;2021-07-02;4947;15285;829942;585712;51.4;36.3
92;2021-07-03;3306;10184;833248;595896;51.6;36.9
92;2021-07-04;1122;4207;834370;600103;51.7;37.2
92;2021-07-05;4823;12331;839193;612434;52.0;38.0
92;2021-07-06;5286;15816;844479;628250;52.3;38.9
92;2021-07-07;4258;11456;848737;639706;52.6;39.6
92;2021-07-08;5411;14639;854148;654345;52.9;40.5
92;2021-07-09;5883;14212;860031;668557;53.3;41.4
92;2021-07-10;4377;8457;864408;677014;53.6;42.0
92;2021-07-11;1484;2617;865892;679631;53.7;42.1
92;2021-07-12;4414;14636;870306;694267;53.9;43.0
92;2021-07-13;7880;17457;878186;711724;54.4;44.1
92;2021-07-14;5110;5739;883296;717463;54.7;44.5
92;2021-07-15;9575;16246;892871;733709;55.3;45.5
92;2021-07-16;9060;14180;901931;747889;55.9;46.3
92;2021-07-17;6577;7610;908508;755499;56.3;46.8
92;2021-07-18;1839;2480;910347;757979;56.4;47.0
92;2021-07-19;6470;13209;916817;771188;56.8;47.8
92;2021-07-20;10085;14100;926902;785288;57.4;48.7
92;2021-07-21;10467;12124;937369;797412;58.1;49.4
92;2021-07-22;12053;12982;949422;810394;58.8;50.2
92;2021-07-23;11594;11362;961016;821756;59.6;50.9
92;2021-07-24;6729;6258;967745;828014;60.0;51.3
92;2021-07-25;2777;2323;970522;830337;60.1;51.5
92;2021-07-26;9488;9175;980010;839512;60.7;52.0
92;2021-07-27;11489;9603;991499;849115;61.4;52.6
92;2021-07-28;11985;8173;1003484;857288;62.2;53.1
92;2021-07-29;10428;8624;1013912;865912;62.8;53.7
92;2021-07-30;9101;8335;1023013;874247;63.4;54.2
92;2021-07-31;5700;4811;1028713;879058;63.7;54.5
92;2021-08-01;2194;1297;1030907;880355;63.9;54.6
92;2021-08-02;4659;4933;1035566;885288;64.2;54.9
92;2021-08-03;5115;6137;1040681;891425;64.5;55.2
92;2021-08-04;4750;4860;1045431;896285;64.8;55.5
92;2021-08-05;4439;5674;1049870;901959;65.1;55.9
92;2021-08-06;4516;5966;1054386;907925;65.3;56.3
92;2021-08-07;2809;4223;1057195;912148;65.5;56.5
92;2021-08-08;954;1080;1058149;913228;65.6;56.6
92;2021-08-09;3180;4247;1061329;917475;65.8;56.9
92;2021-08-10;3780;5608;1065109;923083;66.0;57.2
92;2021-08-11;3178;4430;1068287;927513;66.2;57.5
92;2021-08-12;3350;5588;1071637;933101;66.4;57.8
92;2021-08-13;2941;5132;1074578;938233;66.6;58.1
92;2021-08-14;1866;3930;1076444;942163;66.7;58.4
92;2021-08-15;572;839;1077016;943002;66.7;58.4
92;2021-08-16;2349;5310;1079365;948312;66.9;58.8
92;2021-08-17;2610;6983;1081975;955295;67.0;59.2
92;2021-08-18;2387;5253;1084362;960548;67.2;59.5
92;2021-08-19;2487;5733;1086849;966281;67.3;59.9
92;2021-08-20;2245;5181;1089094;971462;67.5;60.2
92;2021-08-21;1378;4216;1090472;975678;67.6;60.5
92;2021-08-22;420;1594;1090892;977272;67.6;60.6
92;2021-08-23;2422;6588;1093314;983860;67.7;61.0
92;2021-08-24;3128;8338;1096442;992198;67.9;61.5
92;2021-08-25;2834;7566;1099276;999764;68.1;62.0
92;2021-08-26;2946;7566;1102222;1007330;68.3;62.4
92;2021-08-27;3053;7006;1105275;1014336;68.5;62.9
92;2021-08-28;1610;4510;1106885;1018846;68.6;63.1
92;2021-08-29;341;783;1107226;1019629;68.6;63.2
92;2021-08-30;2202;4877;1109428;1024506;68.7;63.5
92;2021-08-31;3067;6990;1112495;1031496;68.9;63.9
92;2021-09-01;3223;7562;1115718;1039058;69.1;64.4
93;2020-12-27;11;3;11;3;0.0;0.0
93;2020-12-28;4;0;15;3;0.0;0.0
93;2020-12-29;0;0;15;3;0.0;0.0
93;2020-12-30;44;1;59;4;0.0;0.0
93;2020-12-31;9;0;68;4;0.0;0.0
93;2021-01-01;5;0;73;4;0.0;0.0
93;2021-01-02;0;0;73;4;0.0;0.0
93;2021-01-03;3;0;76;4;0.0;0.0
93;2021-01-04;2;0;78;4;0.0;0.0
93;2021-01-05;63;1;141;5;0.0;0.0
93;2021-01-06;179;0;320;5;0.0;0.0
93;2021-01-07;381;3;701;8;0.0;0.0
93;2021-01-08;631;1;1332;9;0.1;0.0
93;2021-01-09;21;0;1353;9;0.1;0.0
93;2021-01-10;2;0;1355;9;0.1;0.0
93;2021-01-11;503;4;1858;13;0.1;0.0
93;2021-01-12;753;7;2611;20;0.2;0.0
93;2021-01-13;751;6;3362;26;0.2;0.0
93;2021-01-14;688;18;4050;44;0.2;0.0
93;2021-01-15;516;3;4566;47;0.3;0.0
93;2021-01-16;139;3;4705;50;0.3;0.0
93;2021-01-17;6;1;4711;51;0.3;0.0
93;2021-01-18;1198;10;5909;61;0.4;0.0
93;2021-01-19;1613;17;7522;78;0.5;0.0
93;2021-01-20;1557;19;9079;97;0.5;0.0
93;2021-01-21;1918;36;10997;133;0.7;0.0
93;2021-01-22;1387;15;12384;148;0.7;0.0
93;2021-01-23;712;6;13096;154;0.8;0.0
93;2021-01-24;0;0;13096;154;0.8;0.0
93;2021-01-25;1209;14;14305;168;0.9;0.0
93;2021-01-26;1291;32;15596;200;0.9;0.0
93;2021-01-27;2158;68;17754;268;1.1;0.0
93;2021-01-28;2265;184;20019;452;1.2;0.0
93;2021-01-29;1621;219;21640;671;1.3;0.0
93;2021-01-30;927;44;22567;715;1.4;0.0
93;2021-01-31;9;6;22576;721;1.4;0.0
93;2021-02-01;1184;161;23760;882;1.4;0.1
93;2021-02-02;1169;298;24929;1180;1.5;0.1
93;2021-02-03;1231;393;26160;1573;1.6;0.1
93;2021-02-04;923;558;27083;2131;1.6;0.1
93;2021-02-05;798;427;27881;2558;1.7;0.2
93;2021-02-06;694;67;28575;2625;1.7;0.2
93;2021-02-07;6;0;28581;2625;1.7;0.2
93;2021-02-08;912;630;29493;3255;1.8;0.2
93;2021-02-09;851;594;30344;3849;1.8;0.2
93;2021-02-10;881;657;31225;4506;1.9;0.3
93;2021-02-11;1243;828;32468;5334;1.9;0.3
93;2021-02-12;1042;622;33510;5956;2.0;0.4
93;2021-02-13;395;248;33905;6204;2.0;0.4
93;2021-02-14;13;59;33918;6263;2.0;0.4
93;2021-02-15;412;1190;34330;7453;2.1;0.4
93;2021-02-16;549;1189;34879;8642;2.1;0.5
93;2021-02-17;541;1697;35420;10339;2.1;0.6
93;2021-02-18;1133;1831;36553;12170;2.2;0.7
93;2021-02-19;992;1515;37545;13685;2.2;0.8
93;2021-02-20;304;650;37849;14335;2.3;0.9
93;2021-02-21;9;23;37858;14358;2.3;0.9
93;2021-02-22;602;1237;38460;15595;2.3;0.9
93;2021-02-23;564;1082;39024;16677;2.3;1.0
93;2021-02-24;643;1180;39667;17857;2.4;1.1
93;2021-02-25;903;1040;40570;18897;2.4;1.1
93;2021-02-26;1121;959;41691;19856;2.5;1.2
93;2021-02-27;543;612;42234;20468;2.5;1.2
93;2021-02-28;87;57;42321;20525;2.5;1.2
93;2021-03-01;1083;1044;43404;21569;2.6;1.3
93;2021-03-02;1443;1132;44847;22701;2.7;1.4
93;2021-03-03;1741;1180;46588;23881;2.8;1.4
93;2021-03-04;2717;1123;49305;25004;3.0;1.5
93;2021-03-05;3821;899;53126;25903;3.2;1.6
93;2021-03-06;5049;572;58175;26475;3.5;1.6
93;2021-03-07;4301;234;62476;26709;3.7;1.6
93;2021-03-08;2035;1245;64511;27954;3.9;1.7
93;2021-03-09;2916;971;67427;28925;4.0;1.7
93;2021-03-10;2859;1114;70286;30039;4.2;1.8
93;2021-03-11;3566;1255;73852;31294;4.4;1.9
93;2021-03-12;4126;1307;77978;32601;4.7;2.0
93;2021-03-13;4289;640;82267;33241;4.9;2.0
93;2021-03-14;883;74;83150;33315;5.0;2.0
93;2021-03-15;3552;691;86702;34006;5.2;2.0
93;2021-03-16;3161;620;89863;34626;5.4;2.1
93;2021-03-17;2657;603;92520;35229;5.5;2.1
93;2021-03-18;3314;723;95834;35952;5.7;2.2
93;2021-03-19;3766;651;99600;36603;6.0;2.2
93;2021-03-20;3462;305;103062;36908;6.2;2.2
93;2021-03-21;813;272;103875;37180;6.2;2.2
93;2021-03-22;3848;624;107723;37804;6.4;2.3
93;2021-03-23;4764;814;112487;38618;6.7;2.3
93;2021-03-24;4113;689;116600;39307;7.0;2.4
93;2021-03-25;5583;870;122183;40177;7.3;2.4
93;2021-03-26;5549;895;127732;41072;7.6;2.5
93;2021-03-27;4282;316;132014;41388;7.9;2.5
93;2021-03-28;613;42;132627;41430;7.9;2.5
93;2021-03-29;3853;968;136480;42398;8.2;2.5
93;2021-03-30;4726;1271;141206;43669;8.5;2.6
93;2021-03-31;3913;1247;145119;44916;8.7;2.7
93;2021-04-01;4056;3149;149175;48065;8.9;2.9
93;2021-04-02;3225;3560;152400;51625;9.1;3.1
93;2021-04-03;2520;2265;154920;53890;9.3;3.2
93;2021-04-04;764;160;155684;54050;9.3;3.2
93;2021-04-05;708;90;156392;54140;9.4;3.2
93;2021-04-06;4562;2351;160954;56491;9.6;3.4
93;2021-04-07;4904;2102;165858;58593;9.9;3.5
93;2021-04-08;5813;2687;171671;61280;10.3;3.7
93;2021-04-09;6093;3188;177764;64468;10.6;3.9
93;2021-04-10;4198;2495;181962;66963;10.9;4.0
93;2021-04-11;575;433;182537;67396;10.9;4.0
93;2021-04-12;4099;2923;186636;70319;11.2;4.2
93;2021-04-13;4601;3662;191237;73981;11.5;4.4
93;2021-04-14;4363;2481;195600;76462;11.7;4.6
93;2021-04-15;4559;3037;200159;79499;12.0;4.8
93;2021-04-16;4440;2993;204599;82492;12.3;4.9
93;2021-04-17;3517;2504;208116;84996;12.5;5.1
93;2021-04-18;291;434;208407;85430;12.5;5.1
93;2021-04-19;3778;2865;212185;88295;12.7;5.3
93;2021-04-20;4308;3271;216493;91566;13.0;5.5
93;2021-04-21;4143;2773;220636;94339;13.2;5.6
93;2021-04-22;4511;4017;225147;98356;13.5;5.9
93;2021-04-23;5625;3243;230772;101599;13.8;6.1
93;2021-04-24;5924;3329;236696;104928;14.2;6.3
93;2021-04-25;1732;595;238428;105523;14.3;6.3
93;2021-04-26;4859;3084;243287;108607;14.6;6.5
93;2021-04-27;6458;3629;249745;112236;15.0;6.7
93;2021-04-28;6077;3434;255822;115670;15.3;6.9
93;2021-04-29;7302;3250;263124;118920;15.8;7.1
93;2021-04-30;8263;3120;271387;122040;16.2;7.3
93;2021-05-01;4949;1192;276336;123232;16.5;7.4
93;2021-05-02;419;647;276755;123879;16.6;7.4
93;2021-05-03;8173;5125;284928;129004;17.1;7.7
93;2021-05-04;7825;5407;292753;134411;17.5;8.0
93;2021-05-05;7577;4810;300330;139221;18.0;8.3
93;2021-05-06;8250;4781;308580;144002;18.5;8.6
93;2021-05-07;7013;5429;315593;149431;18.9;8.9
93;2021-05-08;8363;2393;323956;151824;19.4;9.1
93;2021-05-09;6123;1366;330079;153190;19.8;9.2
93;2021-05-10;8257;4080;338336;157270;20.3;9.4
93;2021-05-11;9309;4812;347645;162082;20.8;9.7
93;2021-05-12;9189;3655;356834;165737;21.4;9.9
93;2021-05-13;8298;1655;365132;167392;21.9;10.0
93;2021-05-14;10424;3534;375556;170926;22.5;10.2
93;2021-05-15;11127;3011;386683;173937;23.2;10.4
93;2021-05-16;5557;728;392240;174665;23.5;10.5
93;2021-05-17;11896;2267;404136;176932;24.2;10.6
93;2021-05-18;14103;2399;418239;179331;25.0;10.7
93;2021-05-19;11435;2951;429674;182282;25.7;10.9
93;2021-05-20;12622;3482;442296;185764;26.5;11.1
93;2021-05-21;13016;2889;455312;188653;27.3;11.3
93;2021-05-22;12386;2202;467698;190855;28.0;11.4
93;2021-05-23;8480;1104;476178;191959;28.5;11.5
93;2021-05-24;11201;1939;487379;193898;29.2;11.6
93;2021-05-25;12295;4315;499674;198213;29.9;11.9
93;2021-05-26;11077;3756;510751;201969;30.6;12.1
93;2021-05-27;12709;3892;523460;205861;31.3;12.3
93;2021-05-28;12654;5263;536114;211124;32.1;12.6
93;2021-05-29;11395;4271;547509;215395;32.8;12.9
93;2021-05-30;8215;1378;555724;216773;33.3;13.0
93;2021-05-31;9182;5182;564906;221955;33.8;13.3
93;2021-06-01;11391;6281;576297;228236;34.5;13.7
93;2021-06-02;10711;5199;587008;233435;35.1;14.0
93;2021-06-03;10816;5521;597824;238956;35.8;14.3
93;2021-06-04;10608;7802;608432;246758;36.4;14.8
93;2021-06-05;9020;7356;617452;254114;37.0;15.2
93;2021-06-06;8407;1749;625859;255863;37.5;15.3
93;2021-06-07;10071;7529;635930;263392;38.1;15.8
93;2021-06-08;10381;7379;646311;270771;38.7;16.2
93;2021-06-09;10241;7295;656552;278066;39.3;16.6
93;2021-06-10;9007;8197;665559;286263;39.9;17.1
93;2021-06-11;8842;8822;674401;295085;40.4;17.7
93;2021-06-12;9869;6659;684270;301744;41.0;18.1
93;2021-06-13;7172;2129;691442;303873;41.4;18.2
93;2021-06-14;5400;9736;696842;313609;41.7;18.8
93;2021-06-15;6241;9663;703083;323272;42.1;19.4
93;2021-06-16;6644;9056;709727;332328;42.5;19.9
93;2021-06-17;5751;8476;715478;340804;42.8;20.4
93;2021-06-18;7224;11126;722702;351930;43.3;21.1
93;2021-06-19;7078;11096;729780;363026;43.7;21.7
93;2021-06-20;4954;6877;734734;369903;44.0;22.1
93;2021-06-21;4071;10733;738805;380636;44.2;22.8
93;2021-06-22;4692;11314;743497;391950;44.5;23.5
93;2021-06-23;4540;10600;748037;402550;44.8;24.1
93;2021-06-24;4207;10302;752244;412852;45.0;24.7
93;2021-06-25;5184;13054;757428;425906;45.4;25.5
93;2021-06-26;5299;13923;762727;439829;45.7;26.3
93;2021-06-27;3291;7108;766018;446937;45.9;26.8
93;2021-06-28;3700;12512;769718;459449;46.1;27.5
93;2021-06-29;4016;12351;773734;471800;46.3;28.2
93;2021-06-30;4137;11308;777871;483108;46.6;28.9
93;2021-07-01;6019;11159;783890;494267;46.9;29.6
93;2021-07-02;5746;12380;789636;506647;47.3;30.3
93;2021-07-03;5372;13447;795008;520094;47.6;31.1
93;2021-07-04;3083;7887;798091;527981;47.8;31.6
93;2021-07-05;4564;10847;802655;538828;48.1;32.3
93;2021-07-06;4820;11757;807475;550585;48.3;33.0
93;2021-07-07;5076;11411;812551;561996;48.7;33.6
93;2021-07-08;5031;10263;817582;572259;49.0;34.3
93;2021-07-09;5914;13030;823496;585289;49.3;35.0
93;2021-07-10;5900;14290;829396;599579;49.7;35.9
93;2021-07-11;3692;9091;833088;608670;49.9;36.4
93;2021-07-12;5571;12076;838659;620746;50.2;37.2
93;2021-07-13;11121;13298;849780;634044;50.9;38.0
93;2021-07-14;10636;6797;860416;640841;51.5;38.4
93;2021-07-15;12501;14135;872917;654976;52.3;39.2
93;2021-07-16;13167;13691;886084;668667;53.1;40.0
93;2021-07-17;11382;13914;897466;682581;53.7;40.9
93;2021-07-18;7407;8956;904873;691537;54.2;41.4
93;2021-07-19;9623;10925;914496;702462;54.8;42.1
93;2021-07-20;12617;10685;927113;713147;55.5;42.7
93;2021-07-21;14219;10951;941332;724098;56.4;43.4
93;2021-07-22;14140;9470;955472;733568;57.2;43.9
93;2021-07-23;14574;10654;970046;744222;58.1;44.6
93;2021-07-24;13920;10630;983966;754852;58.9;45.2
93;2021-07-25;9044;6354;993010;761206;59.5;45.6
93;2021-07-26;12627;7783;1005637;768989;60.2;46.0
93;2021-07-27;15067;7430;1020704;776419;61.1;46.5
93;2021-07-28;14885;8272;1035589;784691;62.0;47.0
93;2021-07-29;13522;7043;1049111;791734;62.8;47.4
93;2021-07-30;13871;7845;1062982;799579;63.6;47.9
93;2021-07-31;12224;7708;1075206;807287;64.4;48.3
93;2021-08-01;7327;4595;1082533;811882;64.8;48.6
93;2021-08-02;7808;5690;1090341;817572;65.3;49.0
93;2021-08-03;7261;6856;1097602;824428;65.7;49.4
93;2021-08-04;7601;7983;1105203;832411;66.2;49.8
93;2021-08-05;5766;6855;1110969;839266;66.5;50.3
93;2021-08-06;6890;8325;1117859;847591;66.9;50.7
93;2021-08-07;7307;9048;1125166;856639;67.4;51.3
93;2021-08-08;4407;5549;1129573;862188;67.6;51.6
93;2021-08-09;6660;8072;1136233;870260;68.0;52.1
93;2021-08-10;7177;8834;1143410;879094;68.5;52.6
93;2021-08-11;7340;9690;1150750;888784;68.9;53.2
93;2021-08-12;6184;9021;1156934;897805;69.3;53.8
93;2021-08-13;6237;9008;1163171;906813;69.6;54.3
93;2021-08-14;5776;10474;1168947;917287;70.0;54.9
93;2021-08-15;2651;3612;1171598;920899;70.1;55.1
93;2021-08-16;5392;11197;1176990;932096;70.5;55.8
93;2021-08-17;5766;10904;1182756;943000;70.8;56.5
93;2021-08-18;5380;11169;1188136;954169;71.1;57.1
93;2021-08-19;4424;9652;1192560;963821;71.4;57.7
93;2021-08-20;4762;11210;1197322;975031;71.7;58.4
93;2021-08-21;4252;11935;1201574;986966;71.9;59.1
93;2021-08-22;2196;7047;1203770;994013;72.1;59.5
93;2021-08-23;4327;9306;1208097;1003319;72.3;60.1
93;2021-08-24;4309;8405;1212406;1011724;72.6;60.6
93;2021-08-25;4137;8579;1216543;1020303;72.8;61.1
93;2021-08-26;3629;7070;1220172;1027373;73.1;61.5
93;2021-08-27;3888;8507;1224060;1035880;73.3;62.0
93;2021-08-28;3780;9534;1227840;1045414;73.5;62.6
93;2021-08-29;1757;4801;1229597;1050215;73.6;62.9
93;2021-08-30;2930;7577;1232527;1057792;73.8;63.3
93;2021-08-31;2953;7736;1235480;1065528;74.0;63.8
93;2021-09-01;3130;7629;1238610;1073157;74.2;64.3
94;2020-12-27;6;0;6;0;0.0;0.0
94;2020-12-28;10;0;16;0;0.0;0.0
94;2020-12-29;0;0;16;0;0.0;0.0
94;2020-12-30;1;0;17;0;0.0;0.0
94;2020-12-31;5;0;22;0;0.0;0.0
94;2021-01-01;4;0;26;0;0.0;0.0
94;2021-01-02;0;0;26;0;0.0;0.0
94;2021-01-03;3;0;29;0;0.0;0.0
94;2021-01-04;39;2;68;2;0.0;0.0
94;2021-01-05;231;2;299;4;0.0;0.0
94;2021-01-06;332;4;631;8;0.0;0.0
94;2021-01-07;691;11;1322;19;0.1;0.0
94;2021-01-08;922;10;2244;29;0.2;0.0
94;2021-01-09;47;0;2291;29;0.2;0.0
94;2021-01-10;18;0;2309;29;0.2;0.0
94;2021-01-11;1013;9;3322;38;0.2;0.0
94;2021-01-12;1345;26;4667;64;0.3;0.0
94;2021-01-13;1407;24;6074;88;0.4;0.0
94;2021-01-14;1543;28;7617;116;0.5;0.0
94;2021-01-15;1221;23;8838;139;0.6;0.0
94;2021-01-16;197;1;9035;140;0.6;0.0
94;2021-01-17;98;0;9133;140;0.6;0.0
94;2021-01-18;1498;25;10631;165;0.8;0.0
94;2021-01-19;1951;28;12582;193;0.9;0.0
94;2021-01-20;2182;22;14764;215;1.1;0.0
94;2021-01-21;3005;17;17769;232;1.3;0.0
94;2021-01-22;2189;26;19958;258;1.4;0.0
94;2021-01-23;732;3;20690;261;1.5;0.0
94;2021-01-24;284;0;20974;261;1.5;0.0
94;2021-01-25;1467;22;22441;283;1.6;0.0
94;2021-01-26;1575;20;24016;303;1.7;0.0
94;2021-01-27;1837;33;25853;336;1.8;0.0
94;2021-01-28;1537;132;27390;468;1.9;0.0
94;2021-01-29;1380;147;28770;615;2.0;0.0
94;2021-01-30;580;4;29350;619;2.1;0.0
94;2021-01-31;121;8;29471;627;2.1;0.0
94;2021-02-01;929;150;30400;777;2.2;0.1
94;2021-02-02;852;246;31252;1023;2.2;0.1
94;2021-02-03;762;363;32014;1386;2.3;0.1
94;2021-02-04;901;423;32915;1809;2.3;0.1
94;2021-02-05;873;569;33788;2378;2.4;0.2
94;2021-02-06;405;73;34193;2451;2.4;0.2
94;2021-02-07;122;0;34315;2451;2.4;0.2
94;2021-02-08;634;531;34949;2982;2.5;0.2
94;2021-02-09;1036;981;35985;3963;2.6;0.3
94;2021-02-10;1101;1350;37086;5313;2.6;0.4
94;2021-02-11;1429;1548;38515;6861;2.7;0.5
94;2021-02-12;1390;1637;39905;8498;2.8;0.6
94;2021-02-13;300;254;40205;8752;2.9;0.6
94;2021-02-14;30;72;40235;8824;2.9;0.6
94;2021-02-15;752;1722;40987;10546;2.9;0.8
94;2021-02-16;702;2662;41689;13208;3.0;0.9
94;2021-02-17;716;1555;42405;14763;3.0;1.0
94;2021-02-18;788;1669;43193;16432;3.1;1.2
94;2021-02-19;966;1426;44159;17858;3.1;1.3
94;2021-02-20;133;893;44292;18751;3.2;1.3
94;2021-02-21;21;178;44313;18929;3.2;1.3
94;2021-02-22;523;1303;44836;20232;3.2;1.4
94;2021-02-23;624;1249;45460;21481;3.2;1.5
94;2021-02-24;693;894;46153;22375;3.3;1.6
94;2021-02-25;1070;1525;47223;23900;3.4;1.7
94;2021-02-26;1324;1041;48547;24941;3.5;1.8
94;2021-02-27;518;547;49065;25488;3.5;1.8
94;2021-02-28;91;81;49156;25569;3.5;1.8
94;2021-03-01;883;920;50039;26489;3.6;1.9
94;2021-03-02;1567;986;51606;27475;3.7;2.0
94;2021-03-03;1948;1022;53554;28497;3.8;2.0
94;2021-03-04;2861;1187;56415;29684;4.0;2.1
94;2021-03-05;3835;1354;60250;31038;4.3;2.2
94;2021-03-06;4819;595;65069;31633;4.6;2.2
94;2021-03-07;3689;566;68758;32199;4.9;2.3
94;2021-03-08;1918;808;70676;33007;5.0;2.3
94;2021-03-09;2555;934;73231;33941;5.2;2.4
94;2021-03-10;3199;1049;76430;34990;5.4;2.5
94;2021-03-11;3839;948;80269;35938;5.7;2.6
94;2021-03-12;4581;837;84850;36775;6.0;2.6
94;2021-03-13;4131;404;88981;37179;6.3;2.6
94;2021-03-14;2115;158;91096;37337;6.5;2.7
94;2021-03-15;3171;802;94267;38139;6.7;2.7
94;2021-03-16;2775;450;97042;38589;6.9;2.7
94;2021-03-17;2859;469;99901;39058;7.1;2.8
94;2021-03-18;3263;447;103164;39505;7.3;2.8
94;2021-03-19;4272;719;107436;40224;7.6;2.9
94;2021-03-20;3692;302;111128;40526;7.9;2.9
94;2021-03-21;1464;391;112592;40917;8.0;2.9
94;2021-03-22;3220;675;115812;41592;8.2;3.0
94;2021-03-23;4512;744;120324;42336;8.6;3.0
94;2021-03-24;4628;636;124952;42972;8.9;3.1
94;2021-03-25;6323;682;131275;43654;9.3;3.1
94;2021-03-26;6088;846;137363;44500;9.8;3.2
94;2021-03-27;4472;283;141835;44783;10.1;3.2
94;2021-03-28;1889;108;143724;44891;10.2;3.2
94;2021-03-29;4124;1237;147848;46128;10.5;3.3
94;2021-03-30;5300;1361;153148;47489;10.9;3.4
94;2021-03-31;4905;1816;158053;49305;11.2;3.5
94;2021-04-01;5829;2322;163882;51627;11.7;3.7
94;2021-04-02;5247;2335;169129;53962;12.0;3.8
94;2021-04-03;3088;2519;172217;56481;12.2;4.0
94;2021-04-04;1052;778;173269;57259;12.3;4.1
94;2021-04-05;837;160;174106;57419;12.4;4.1
94;2021-04-06;3579;2588;177685;60007;12.6;4.3
94;2021-04-07;3867;2277;181552;62284;12.9;4.4
94;2021-04-08;4625;2073;186177;64357;13.2;4.6
94;2021-04-09;5363;2485;191540;66842;13.6;4.8
94;2021-04-10;2958;3007;194498;69849;13.8;5.0
94;2021-04-11;1268;1768;195766;71617;13.9;5.1
94;2021-04-12;3440;2293;199206;73910;14.2;5.3
94;2021-04-13;4313;3426;203519;77336;14.5;5.5
94;2021-04-14;3906;2704;207425;80040;14.8;5.7
94;2021-04-15;4444;3000;211869;83040;15.1;5.9
94;2021-04-16;4707;2848;216576;85888;15.4;6.1
94;2021-04-17;2462;2770;219038;88658;15.6;6.3
94;2021-04-18;921;1246;219959;89904;15.6;6.4
94;2021-04-19;2975;2447;222934;92351;15.9;6.6
94;2021-04-20;3272;2715;226206;95066;16.1;6.8
94;2021-04-21;3219;3169;229425;98235;16.3;7.0
94;2021-04-22;3913;3655;233338;101890;16.6;7.2
94;2021-04-23;4117;3996;237455;105886;16.9;7.5
94;2021-04-24;4264;3410;241719;109296;17.2;7.8
94;2021-04-25;2409;1507;244128;110803;17.4;7.9
94;2021-04-26;4012;3285;248140;114088;17.6;8.1
94;2021-04-27;5095;3379;253235;117467;18.0;8.4
94;2021-04-28;4832;3643;258067;121110;18.4;8.6
94;2021-04-29;6419;3821;264486;124931;18.8;8.9
94;2021-04-30;6486;3945;270972;128876;19.3;9.2
94;2021-05-01;4057;1064;275029;129940;19.6;9.2
94;2021-05-02;3054;1475;278083;131415;19.8;9.3
94;2021-05-03;5737;5343;283820;136758;20.2;9.7
94;2021-05-04;6100;3577;289920;140335;20.6;10.0
94;2021-05-05;6185;3430;296105;143765;21.1;10.2
94;2021-05-06;7159;3542;303264;147307;21.6;10.5
94;2021-05-07;6675;4127;309939;151434;22.0;10.8
94;2021-05-08;4902;2558;314841;153992;22.4;11.0
94;2021-05-09;4226;2256;319067;156248;22.7;11.1
94;2021-05-10;7718;3135;326785;159383;23.2;11.3
94;2021-05-11;8976;3939;335761;163322;23.9;11.6
94;2021-05-12;9576;3606;345337;166928;24.6;11.9
94;2021-05-13;8677;1370;354014;168298;25.2;12.0
94;2021-05-14;9874;3320;363888;171618;25.9;12.2
94;2021-05-15;8942;2169;372830;173787;26.5;12.4
94;2021-05-16;5069;912;377899;174699;26.9;12.4
94;2021-05-17;10838;2256;388737;176955;27.6;12.6
94;2021-05-18;11296;2454;400033;179409;28.5;12.8
94;2021-05-19;11671;3603;411704;183012;29.3;13.0
94;2021-05-20;12153;4362;423857;187374;30.1;13.3
94;2021-05-21;11880;3163;435737;190537;31.0;13.6
94;2021-05-22;10291;1974;446028;192511;31.7;13.7
94;2021-05-23;5003;711;451031;193222;32.1;13.7
94;2021-05-24;9666;1349;460697;194571;32.8;13.8
94;2021-05-25;10005;4269;470702;198840;33.5;14.1
94;2021-05-26;10283;3318;480985;202158;34.2;14.4
94;2021-05-27;10870;4591;491855;206749;35.0;14.7
94;2021-05-28;10451;4953;502306;211702;35.7;15.1
94;2021-05-29;9873;3460;512179;215162;36.4;15.3
94;2021-05-30;4788;931;516967;216093;36.8;15.4
94;2021-05-31;9989;4237;526956;220330;37.5;15.7
94;2021-06-01;10320;5109;537276;225439;38.2;16.0
94;2021-06-02;9365;4593;546641;230032;38.9;16.4
94;2021-06-03;9566;5602;556207;235634;39.6;16.8
94;2021-06-04;10415;6541;566622;242175;40.3;17.2
94;2021-06-05;9201;6263;575823;248438;41.0;17.7
94;2021-06-06;3984;1850;579807;250288;41.2;17.8
94;2021-06-07;8677;5984;588484;256272;41.9;18.2
94;2021-06-08;9014;7534;597498;263806;42.5;18.8
94;2021-06-09;8954;8165;606452;271971;43.1;19.3
94;2021-06-10;8811;10985;615263;282956;43.8;20.1
94;2021-06-11;7854;8395;623117;291351;44.3;20.7
94;2021-06-12;10265;6853;633382;298204;45.0;21.2
94;2021-06-13;3470;3261;636852;301465;45.3;21.4
94;2021-06-14;6966;8214;643818;309679;45.8;22.0
94;2021-06-15;7736;8820;651554;318499;46.3;22.7
94;2021-06-16;7241;8275;658795;326774;46.9;23.2
94;2021-06-17;6707;9071;665502;335845;47.3;23.9
94;2021-06-18;6581;11961;672083;347806;47.8;24.7
94;2021-06-19;6013;9596;678096;357402;48.2;25.4
94;2021-06-20;1889;4012;679985;361414;48.4;25.7
94;2021-06-21;4532;11186;684517;372600;48.7;26.5
94;2021-06-22;4844;10811;689361;383411;49.0;27.3
94;2021-06-23;4175;11161;693536;394572;49.3;28.1
94;2021-06-24;4972;10337;698508;404909;49.7;28.8
94;2021-06-25;4294;13740;702802;418649;50.0;29.8
94;2021-06-26;3141;12002;705943;430651;50.2;30.6
94;2021-06-27;1059;4997;707002;435648;50.3;31.0
94;2021-06-28;3502;12080;710504;447728;50.5;31.8
94;2021-06-29;4049;12186;714553;459914;50.8;32.7
94;2021-06-30;4457;11651;719010;471565;51.1;33.5
94;2021-07-01;5562;11119;724572;482684;51.5;34.3
94;2021-07-02;5655;12200;730227;494884;51.9;35.2
94;2021-07-03;3719;11806;733946;506690;52.2;36.0
94;2021-07-04;1515;5087;735461;511777;52.3;36.4
94;2021-07-05;4539;11439;740000;523216;52.6;37.2
94;2021-07-06;4632;10902;744632;534118;53.0;38.0
94;2021-07-07;5034;11085;749666;545203;53.3;38.8
94;2021-07-08;5139;10032;754805;555235;53.7;39.5
94;2021-07-09;6083;11872;760888;567107;54.1;40.3
94;2021-07-10;4116;11367;765004;578474;54.4;41.1
94;2021-07-11;1555;4718;766559;583192;54.5;41.5
94;2021-07-12;4326;11971;770885;595163;54.8;42.3
94;2021-07-13;6426;12048;777311;607211;55.3;43.2
94;2021-07-14;4194;5293;781505;612504;55.6;43.6
94;2021-07-15;7257;12372;788762;624876;56.1;44.4
94;2021-07-16;7731;11311;796493;636187;56.6;45.2
94;2021-07-17;6100;11325;802593;647512;57.1;46.1
94;2021-07-18;2628;4023;805221;651535;57.3;46.3
94;2021-07-19;6930;10445;812151;661980;57.8;47.1
94;2021-07-20;8517;10388;820668;672368;58.4;47.8
94;2021-07-21;8756;9584;829424;681952;59.0;48.5
94;2021-07-22;9761;9424;839185;691376;59.7;49.2
94;2021-07-23;9290;9418;848475;700794;60.3;49.8
94;2021-07-24;7204;8881;855679;709675;60.9;50.5
94;2021-07-25;2192;2740;857871;712415;61.0;50.7
94;2021-07-26;8019;8091;865890;720506;61.6;51.2
94;2021-07-27;8764;7138;874654;727644;62.2;51.8
94;2021-07-28;9057;6571;883711;734215;62.9;52.2
94;2021-07-29;9027;6355;892738;740570;63.5;52.7
94;2021-07-30;7933;6588;900671;747158;64.1;53.1
94;2021-07-31;7213;6306;907884;753464;64.6;53.6
94;2021-08-01;3199;1787;911083;755251;64.8;53.7
94;2021-08-02;6377;5479;917460;760730;65.3;54.1
94;2021-08-03;6250;5206;923710;765936;65.7;54.5
94;2021-08-04;6183;5124;929893;771060;66.1;54.8
94;2021-08-05;5766;5457;935659;776517;66.5;55.2
94;2021-08-06;5559;5831;941218;782348;66.9;55.6
94;2021-08-07;4224;4471;945442;786819;67.2;56.0
94;2021-08-08;1357;1713;946799;788532;67.3;56.1
94;2021-08-09;4850;6802;951649;795334;67.7;56.6
94;2021-08-10;5327;6534;956976;801868;68.1;57.0
94;2021-08-11;4204;5912;961180;807780;68.4;57.5
94;2021-08-12;4312;6498;965492;814278;68.7;57.9
94;2021-08-13;3668;5793;969160;820071;68.9;58.3
94;2021-08-14;2852;5740;972012;825811;69.1;58.7
94;2021-08-15;448;734;972460;826545;69.2;58.8
94;2021-08-16;3457;8279;975917;834824;69.4;59.4
94;2021-08-17;3331;8133;979248;842957;69.6;60.0
94;2021-08-18;3228;8610;982476;851567;69.9;60.6
94;2021-08-19;3275;6894;985751;858461;70.1;61.1
94;2021-08-20;2943;7739;988694;866200;70.3;61.6
94;2021-08-21;2515;7156;991209;873356;70.5;62.1
94;2021-08-22;888;2733;992097;876089;70.6;62.3
94;2021-08-23;2799;8450;994896;884539;70.8;62.9
94;2021-08-24;3096;7495;997992;892034;71.0;63.4
94;2021-08-25;2713;6722;1000705;898756;71.2;63.9
94;2021-08-26;2544;6119;1003249;904875;71.4;64.4
94;2021-08-27;2609;6547;1005858;911422;71.5;64.8
94;2021-08-28;2535;6481;1008393;917903;71.7;65.3
94;2021-08-29;862;2335;1009255;920238;71.8;65.4
94;2021-08-30;2724;7856;1011979;928094;72.0;66.0
94;2021-08-31;2541;7399;1014520;935493;72.2;66.5
94;2021-09-01;2228;6161;1016748;941654;72.3;67.0
95;2020-12-27;3;0;3;0;0.0;0.0
95;2020-12-28;4;0;7;0;0.0;0.0
95;2020-12-29;0;0;7;0;0.0;0.0
95;2020-12-30;0;0;7;0;0.0;0.0
95;2020-12-31;2;0;9;0;0.0;0.0
95;2021-01-01;0;0;9;0;0.0;0.0
95;2021-01-02;13;0;22;0;0.0;0.0
95;2021-01-03;1;0;23;0;0.0;0.0
95;2021-01-04;49;0;72;0;0.0;0.0
95;2021-01-05;316;0;388;0;0.0;0.0
95;2021-01-06;192;0;580;0;0.0;0.0
95;2021-01-07;130;1;710;1;0.1;0.0
95;2021-01-08;277;2;987;3;0.1;0.0
95;2021-01-09;251;0;1238;3;0.1;0.0
95;2021-01-10;383;1;1621;4;0.1;0.0
95;2021-01-11;492;1;2113;5;0.2;0.0
95;2021-01-12;862;1;2975;6;0.2;0.0
95;2021-01-13;781;12;3756;18;0.3;0.0
95;2021-01-14;887;12;4643;30;0.4;0.0
95;2021-01-15;758;5;5401;35;0.4;0.0
95;2021-01-16;298;3;5699;38;0.5;0.0
95;2021-01-17;223;1;5922;39;0.5;0.0
95;2021-01-18;1338;6;7260;45;0.6;0.0
95;2021-01-19;1574;6;8834;51;0.7;0.0
95;2021-01-20;2040;5;10874;56;0.9;0.0
95;2021-01-21;1853;5;12727;61;1.0;0.0
95;2021-01-22;1326;5;14053;66;1.1;0.0
95;2021-01-23;648;0;14701;66;1.2;0.0
95;2021-01-24;181;0;14882;66;1.2;0.0
95;2021-01-25;796;36;15678;102;1.3;0.0
95;2021-01-26;987;160;16665;262;1.3;0.0
95;2021-01-27;1251;188;17916;450;1.4;0.0
95;2021-01-28;1720;31;19636;481;1.6;0.0
95;2021-01-29;1248;202;20884;683;1.7;0.1
95;2021-01-30;477;5;21361;688;1.7;0.1
95;2021-01-31;212;1;21573;689;1.7;0.1
95;2021-02-01;566;271;22139;960;1.8;0.1
95;2021-02-02;527;270;22666;1230;1.8;0.1
95;2021-02-03;613;514;23279;1744;1.9;0.1
95;2021-02-04;1065;366;24344;2110;2.0;0.2
95;2021-02-05;733;302;25077;2412;2.0;0.2
95;2021-02-06;335;245;25412;2657;2.0;0.2
95;2021-02-07;141;399;25553;3056;2.0;0.2
95;2021-02-08;765;338;26318;3394;2.1;0.3
95;2021-02-09;1131;1087;27449;4481;2.2;0.4
95;2021-02-10;1261;1406;28710;5887;2.3;0.5
95;2021-02-11;1387;1138;30097;7025;2.4;0.6
95;2021-02-12;1032;966;31129;7991;2.5;0.6
95;2021-02-13;329;307;31458;8298;2.5;0.7
95;2021-02-14;41;175;31499;8473;2.5;0.7
95;2021-02-15;427;997;31926;9470;2.6;0.8
95;2021-02-16;493;868;32419;10338;2.6;0.8
95;2021-02-17;654;1097;33073;11435;2.6;0.9
95;2021-02-18;724;1629;33797;13064;2.7;1.0
95;2021-02-19;783;1263;34580;14327;2.8;1.1
95;2021-02-20;306;474;34886;14801;2.8;1.2
95;2021-02-21;165;305;35051;15106;2.8;1.2
95;2021-02-22;327;983;35378;16089;2.8;1.3
95;2021-02-23;368;710;35746;16799;2.9;1.3
95;2021-02-24;310;857;36056;17656;2.9;1.4
95;2021-02-25;730;1087;36786;18743;2.9;1.5
95;2021-02-26;989;859;37775;19602;3.0;1.6
95;2021-02-27;365;417;38140;20019;3.1;1.6
95;2021-02-28;61;231;38201;20250;3.1;1.6
95;2021-03-01;770;580;38971;20830;3.1;1.7
95;2021-03-02;1321;849;40292;21679;3.2;1.7
95;2021-03-03;1598;975;41890;22654;3.4;1.8
95;2021-03-04;3192;1193;45082;23847;3.6;1.9
95;2021-03-05;3651;1092;48733;24939;3.9;2.0
95;2021-03-06;4005;503;52738;25442;4.2;2.0
95;2021-03-07;4222;322;56960;25764;4.6;2.1
95;2021-03-08;1541;868;58501;26632;4.7;2.1
95;2021-03-09;2621;506;61122;27138;4.9;2.2
95;2021-03-10;2341;850;63463;27988;5.1;2.2
95;2021-03-11;3138;1149;66601;29137;5.3;2.3
95;2021-03-12;3520;808;70121;29945;5.6;2.4
95;2021-03-13;3519;421;73640;30366;5.9;2.4
95;2021-03-14;1983;304;75623;30670;6.1;2.5
95;2021-03-15;2373;321;77996;30991;6.2;2.5
95;2021-03-16;1574;421;79570;31412;6.4;2.5
95;2021-03-17;2104;418;81674;31830;6.5;2.5
95;2021-03-18;2798;373;84472;32203;6.8;2.6
95;2021-03-19;3476;368;87948;32571;7.0;2.6
95;2021-03-20;2592;205;90540;32776;7.3;2.6
95;2021-03-21;1203;249;91743;33025;7.3;2.6
95;2021-03-22;2938;369;94681;33394;7.6;2.7
95;2021-03-23;3437;461;98118;33855;7.9;2.7
95;2021-03-24;3944;521;102062;34376;8.2;2.8
95;2021-03-25;5859;658;107921;35034;8.6;2.8
95;2021-03-26;5430;688;113351;35722;9.1;2.9
95;2021-03-27;3749;221;117100;35943;9.4;2.9
95;2021-03-28;1533;121;118633;36064;9.5;2.9
95;2021-03-29;2894;578;121527;36642;9.7;2.9
95;2021-03-30;3886;1246;125413;37888;10.0;3.0
95;2021-03-31;3657;1669;129070;39557;10.3;3.2
95;2021-04-01;5484;2276;134554;41833;10.8;3.4
95;2021-04-02;3561;2767;138115;44600;11.1;3.6
95;2021-04-03;2095;2489;140210;47089;11.2;3.8
95;2021-04-04;1247;1204;141457;48293;11.3;3.9
95;2021-04-05;596;64;142053;48357;11.4;3.9
95;2021-04-06;1857;1539;143910;49896;11.5;4.0
95;2021-04-07;4953;2195;148863;52091;11.9;4.2
95;2021-04-08;4898;2465;153761;54556;12.3;4.4
95;2021-04-09;5435;2338;159196;56894;12.8;4.6
95;2021-04-10;3709;1434;162905;58328;13.0;4.7
95;2021-04-11;1567;1038;164472;59366;13.2;4.8
95;2021-04-12;3253;1619;167725;60985;13.4;4.9
95;2021-04-13;3141;1689;170866;62674;13.7;5.0
95;2021-04-14;2752;1997;173618;64671;13.9;5.2
95;2021-04-15;3902;3346;177520;68017;14.2;5.4
95;2021-04-16;4064;3037;181584;71054;14.5;5.7
95;2021-04-17;2375;1757;183959;72811;14.7;5.8
95;2021-04-18;1510;1018;185469;73829;14.9;5.9
95;2021-04-19;2569;2371;188038;76200;15.1;6.1
95;2021-04-20;2121;2457;190159;78657;15.2;6.3
95;2021-04-21;3931;2635;194090;81292;15.5;6.5
95;2021-04-22;3411;4632;197501;85924;15.8;6.9
95;2021-04-23;2767;3561;200268;89485;16.0;7.2
95;2021-04-24;3572;2590;203840;92075;16.3;7.4
95;2021-04-25;1961;1550;205801;93625;16.5;7.5
95;2021-04-26;2751;2703;208552;96328;16.7;7.7
95;2021-04-27;3851;2177;212403;98505;17.0;7.9
95;2021-04-28;3889;2674;216292;101179;17.3;8.1
95;2021-04-29;6142;4555;222434;105734;17.8;8.5
95;2021-04-30;6904;2937;229338;108671;18.4;8.7
95;2021-05-01;2368;920;231706;109591;18.6;8.8
95;2021-05-02;2448;1502;234154;111093;18.8;8.9
95;2021-05-03;5127;1930;239281;113023;19.2;9.1
95;2021-05-04;6354;2724;245635;115747;19.7;9.3
95;2021-05-05;5146;3807;250781;119554;20.1;9.6
95;2021-05-06;8203;4934;258984;124488;20.7;10.0
95;2021-05-07;5777;4757;264761;129245;21.2;10.4
95;2021-05-08;5743;1531;270504;130776;21.7;10.5
95;2021-05-09;2827;1588;273331;132364;21.9;10.6
95;2021-05-10;9968;3192;283299;135556;22.7;10.9
95;2021-05-11;8448;3464;291747;139020;23.4;11.1
95;2021-05-12;9465;3221;301212;142241;24.1;11.4
95;2021-05-13;7956;1203;309168;143444;24.8;11.5
95;2021-05-14;7015;1911;316183;145355;25.3;11.6
95;2021-05-15;4515;1073;320698;146428;25.7;11.7
95;2021-05-16;4825;839;325523;147267;26.1;11.8
95;2021-05-17;7743;1351;333266;148618;26.7;11.9
95;2021-05-18;9468;1860;342734;150478;27.5;12.1
95;2021-05-19;9244;2501;351978;152979;28.2;12.3
95;2021-05-20;12584;2450;364562;155429;29.2;12.5
95;2021-05-21;10174;2537;374736;157966;30.0;12.7
95;2021-05-22;9396;1571;384132;159537;30.8;12.8
95;2021-05-23;4143;958;388275;160495;31.1;12.9
95;2021-05-24;2398;538;390673;161033;31.3;12.9
95;2021-05-25;7209;2081;397882;163114;31.9;13.1
95;2021-05-26;8852;3124;406734;166238;32.6;13.3
95;2021-05-27;10365;4440;417099;170678;33.4;13.7
95;2021-05-28;7687;4425;424786;175103;34.0;14.0
95;2021-05-29;5266;2764;430052;177867;34.4;14.2
95;2021-05-30;3731;1702;433783;179569;34.7;14.4
95;2021-05-31;6430;3332;440213;182901;35.3;14.7
95;2021-06-01;8784;3810;448997;186711;36.0;15.0
95;2021-06-02;8802;4745;457799;191456;36.7;15.3
95;2021-06-03;8529;6563;466328;198019;37.4;15.9
95;2021-06-04;8888;4403;475216;202422;38.1;16.2
95;2021-06-05;8342;3745;483558;206167;38.7;16.5
95;2021-06-06;4837;1615;488395;207782;39.1;16.6
95;2021-06-07;6061;4547;494456;212329;39.6;17.0
95;2021-06-08;6555;5517;501011;217846;40.1;17.5
95;2021-06-09;6266;6471;507277;224317;40.6;18.0
95;2021-06-10;6433;6818;513710;231135;41.2;18.5
95;2021-06-11;7235;6442;520945;237577;41.7;19.0
95;2021-06-12;6006;4375;526951;241952;42.2;19.4
95;2021-06-13;2084;3284;529035;245236;42.4;19.6
95;2021-06-14;5372;5990;534407;251226;42.8;20.1
95;2021-06-15;5744;8074;540151;259300;43.3;20.8
95;2021-06-16;5491;7534;545642;266834;43.7;21.4
95;2021-06-17;6608;8166;552250;275000;44.2;22.0
95;2021-06-18;5833;7857;558083;282857;44.7;22.7
95;2021-06-19;4969;8925;563052;291782;45.1;23.4
95;2021-06-20;1430;3312;564482;295094;45.2;23.6
95;2021-06-21;3542;7715;568024;302809;45.5;24.3
95;2021-06-22;5071;9050;573095;311859;45.9;25.0
95;2021-06-23;4782;10877;577877;322736;46.3;25.9
95;2021-06-24;4941;10723;582818;333459;46.7;26.7
95;2021-06-25;4889;10357;587707;343816;47.1;27.5
95;2021-06-26;4325;8485;592032;352301;47.4;28.2
95;2021-06-27;1035;3997;593067;356298;47.5;28.5
95;2021-06-28;2742;9491;595809;365789;47.7;29.3
95;2021-06-29;2537;8788;598346;374577;47.9;30.0
95;2021-06-30;3955;9993;602301;384570;48.2;30.8
95;2021-07-01;4748;11162;607049;395732;48.6;31.7
95;2021-07-02;4275;10550;611324;406282;49.0;32.5
95;2021-07-03;3539;9158;614863;415440;49.3;33.3
95;2021-07-04;1274;3401;616137;418841;49.4;33.6
95;2021-07-05;2356;4376;618493;423217;49.5;33.9
95;2021-07-06;2695;7751;621188;430968;49.8;34.5
95;2021-07-07;3962;9623;625150;440591;50.1;35.3
95;2021-07-08;5317;9819;630467;450410;50.5;36.1
95;2021-07-09;4555;10078;635022;460488;50.9;36.9
95;2021-07-10;3397;7391;638419;467879;51.1;37.5
95;2021-07-11;1528;3602;639947;471481;51.3;37.8
95;2021-07-12;2987;9689;642934;481170;51.5;38.5
95;2021-07-13;5059;10071;647993;491241;51.9;39.4
95;2021-07-14;4428;5735;652421;496976;52.3;39.8
95;2021-07-15;7400;12358;659821;509334;52.9;40.8
95;2021-07-16;7980;11990;667801;521324;53.5;41.8
95;2021-07-17;5057;7821;672858;529145;53.9;42.4
95;2021-07-18;3491;2907;676349;532052;54.2;42.6
95;2021-07-19;4837;6865;681186;538917;54.6;43.2
95;2021-07-20;6957;8377;688143;547294;55.1;43.8
95;2021-07-21;9261;9445;697404;556739;55.9;44.6
95;2021-07-22;10143;9715;707547;566454;56.7;45.4
95;2021-07-23;10909;10203;718456;576657;57.6;46.2
95;2021-07-24;5259;6234;723715;582891;58.0;46.7
95;2021-07-25;2247;2283;725962;585174;58.2;46.9
95;2021-07-26;4511;4016;730473;589190;58.5;47.2
95;2021-07-27;8504;7041;738977;596231;59.2;47.8
95;2021-07-28;9717;7557;748694;603788;60.0;48.4
95;2021-07-29;8428;5462;757122;609250;60.6;48.8
95;2021-07-30;8512;7771;765634;617021;61.3;49.4
95;2021-07-31;4236;4120;769870;621141;61.7;49.8
95;2021-08-01;2324;1374;772194;622515;61.9;49.9
95;2021-08-02;4136;3911;776330;626426;62.2;50.2
95;2021-08-03;6135;5535;782465;631961;62.7;50.6
95;2021-08-04;6480;6082;788945;638043;63.2;51.1
95;2021-08-05;6857;5721;795802;643764;63.7;51.6
95;2021-08-06;6492;7079;802294;650843;64.3;52.1
95;2021-08-07;2832;3203;805126;654046;64.5;52.4
95;2021-08-08;1366;1890;806492;655936;64.6;52.5
95;2021-08-09;3899;5037;810391;660973;64.9;52.9
95;2021-08-10;5215;5850;815606;666823;65.3;53.4
95;2021-08-11;5331;6553;820937;673376;65.8;53.9
95;2021-08-12;5183;6355;826120;679731;66.2;54.5
95;2021-08-13;3799;5467;829919;685198;66.5;54.9
95;2021-08-14;3543;3316;833462;688514;66.8;55.2
95;2021-08-15;271;352;833733;688866;66.8;55.2
95;2021-08-16;2799;6043;836532;694909;67.0;55.7
95;2021-08-17;3549;7257;840081;702166;67.3;56.2
95;2021-08-18;4225;8072;844306;710238;67.6;56.9
95;2021-08-19;3706;6580;848012;716818;67.9;57.4
95;2021-08-20;3752;7921;851764;724739;68.2;58.1
95;2021-08-21;2701;4295;854465;729034;68.4;58.4
95;2021-08-22;827;2391;855292;731425;68.5;58.6
95;2021-08-23;2452;5643;857744;737068;68.7;59.0
95;2021-08-24;2909;6451;860653;743519;68.9;59.6
95;2021-08-25;3740;8275;864393;751794;69.2;60.2
95;2021-08-26;3121;7528;867514;759322;69.5;60.8
95;2021-08-27;3424;8712;870938;768034;69.8;61.5
95;2021-08-28;2787;5479;873725;773513;70.0;62.0
95;2021-08-29;618;1703;874343;775216;70.0;62.1
95;2021-08-30;2735;6180;877078;781396;70.3;62.6
95;2021-08-31;2763;6484;879841;787880;70.5;63.1
95;2021-09-01;2633;6433;882474;794313;70.7;63.6
971;2020-12-27;0;0;0;0;0.0;0.0
971;2020-12-28;0;0;0;0;0.0;0.0
971;2020-12-29;0;0;0;0;0.0;0.0
971;2020-12-30;0;0;0;0;0.0;0.0
971;2020-12-31;0;0;0;0;0.0;0.0
971;2021-01-01;1;0;1;0;0.0;0.0
971;2021-01-02;0;0;1;0;0.0;0.0
971;2021-01-03;0;0;1;0;0.0;0.0
971;2021-01-04;1;0;2;0;0.0;0.0
971;2021-01-05;0;0;2;0;0.0;0.0
971;2021-01-06;1;0;3;0;0.0;0.0
971;2021-01-07;0;0;3;0;0.0;0.0
971;2021-01-08;56;1;59;1;0.0;0.0
971;2021-01-09;20;0;79;1;0.0;0.0
971;2021-01-10;0;0;79;1;0.0;0.0
971;2021-01-11;60;0;139;1;0.0;0.0
971;2021-01-12;45;0;184;1;0.0;0.0
971;2021-01-13;47;1;231;2;0.1;0.0
971;2021-01-14;63;0;294;2;0.1;0.0
971;2021-01-15;77;0;371;2;0.1;0.0
971;2021-01-16;0;0;371;2;0.1;0.0
971;2021-01-17;0;0;371;2;0.1;0.0
971;2021-01-18;81;1;452;3;0.1;0.0
971;2021-01-19;145;0;597;3;0.2;0.0
971;2021-01-20;135;0;732;3;0.2;0.0
971;2021-01-21;154;1;886;4;0.2;0.0
971;2021-01-22;135;0;1021;4;0.3;0.0
971;2021-01-23;1;0;1022;4;0.3;0.0
971;2021-01-24;0;0;1022;4;0.3;0.0
971;2021-01-25;203;1;1225;5;0.3;0.0
971;2021-01-26;217;1;1442;6;0.4;0.0
971;2021-01-27;236;0;1678;6;0.4;0.0
971;2021-01-28;242;4;1920;10;0.5;0.0
971;2021-01-29;197;2;2117;12;0.6;0.0
971;2021-01-30;25;0;2142;12;0.6;0.0
971;2021-01-31;1;0;2143;12;0.6;0.0
971;2021-02-01;229;4;2372;16;0.6;0.0
971;2021-02-02;245;19;2617;35;0.7;0.0
971;2021-02-03;225;3;2842;38;0.8;0.0
971;2021-02-04;304;24;3146;62;0.8;0.0
971;2021-02-05;279;32;3425;94;0.9;0.0
971;2021-02-06;49;1;3474;95;0.9;0.0
971;2021-02-07;0;0;3474;95;0.9;0.0
971;2021-02-08;257;21;3731;116;1.0;0.0
971;2021-02-09;317;25;4048;141;1.1;0.0
971;2021-02-10;249;26;4297;167;1.1;0.0
971;2021-02-11;297;112;4594;279;1.2;0.1
971;2021-02-12;290;26;4884;305;1.3;0.1
971;2021-02-13;50;7;4934;312;1.3;0.1
971;2021-02-14;19;36;4953;348;1.3;0.1
971;2021-02-15;85;46;5038;394;1.3;0.1
971;2021-02-16;16;1;5054;395;1.3;0.1
971;2021-02-17;17;1;5071;396;1.3;0.1
971;2021-02-18;249;14;5320;410;1.4;0.1
971;2021-02-19;249;18;5569;428;1.5;0.1
971;2021-02-20;49;0;5618;428;1.5;0.1
971;2021-02-21;1;0;5619;428;1.5;0.1
971;2021-02-22;192;60;5811;488;1.5;0.1
971;2021-02-23;204;70;6015;558;1.6;0.1
971;2021-02-24;343;125;6358;683;1.7;0.2
971;2021-02-25;386;76;6744;759;1.8;0.2
971;2021-02-26;232;84;6976;843;1.9;0.2
971;2021-02-27;65;0;7041;843;1.9;0.2
971;2021-02-28;1;0;7042;843;1.9;0.2
971;2021-03-01;179;82;7221;925;1.9;0.2
971;2021-03-02;278;129;7499;1054;2.0;0.3
971;2021-03-03;244;119;7743;1173;2.1;0.3
971;2021-03-04;335;85;8078;1258;2.1;0.3
971;2021-03-05;375;151;8453;1409;2.2;0.4
971;2021-03-06;599;10;9052;1419;2.4;0.4
971;2021-03-07;1;0;9053;1419;2.4;0.4
971;2021-03-08;324;139;9377;1558;2.5;0.4
971;2021-03-09;388;156;9765;1714;2.6;0.5
971;2021-03-10;425;161;10190;1875;2.7;0.5
971;2021-03-11;123;46;10313;1921;2.7;0.5
971;2021-03-12;506;226;10819;2147;2.9;0.6
971;2021-03-13;137;3;10956;2150;2.9;0.6
971;2021-03-14;14;23;10970;2173;2.9;0.6
971;2021-03-15;424;46;11394;2219;3.0;0.6
971;2021-03-16;485;84;11879;2303;3.2;0.6
971;2021-03-17;470;73;12349;2376;3.3;0.6
971;2021-03-18;586;86;12935;2462;3.4;0.7
971;2021-03-19;584;91;13519;2553;3.6;0.7
971;2021-03-20;177;19;13696;2572;3.6;0.7
971;2021-03-21;8;0;13704;2572;3.6;0.7
971;2021-03-22;359;89;14063;2661;3.7;0.7
971;2021-03-23;539;157;14602;2818;3.9;0.7
971;2021-03-24;473;109;15075;2927;4.0;0.8
971;2021-03-25;760;183;15835;3110;4.2;0.8
971;2021-03-26;644;123;16479;3233;4.4;0.9
971;2021-03-27;292;36;16771;3269;4.4;0.9
971;2021-03-28;24;2;16795;3271;4.5;0.9
971;2021-03-29;383;83;17178;3354;4.6;0.9
971;2021-03-30;625;164;17803;3518;4.7;0.9
971;2021-03-31;545;133;18348;3651;4.9;1.0
971;2021-04-01;661;196;19009;3847;5.0;1.0
971;2021-04-02;39;35;19048;3882;5.1;1.0
971;2021-04-03;59;2;19107;3884;5.1;1.0
971;2021-04-04;4;18;19111;3902;5.1;1.0
971;2021-04-05;13;0;19124;3902;5.1;1.0
971;2021-04-06;483;193;19607;4095;5.2;1.1
971;2021-04-07;579;118;20186;4213;5.4;1.1
971;2021-04-08;516;158;20702;4371;5.5;1.2
971;2021-04-09;490;210;21192;4581;5.6;1.2
971;2021-04-10;101;5;21293;4586;5.6;1.2
971;2021-04-11;8;12;21301;4598;5.7;1.2
971;2021-04-12;304;262;21605;4860;5.7;1.3
971;2021-04-13;556;325;22161;5185;5.9;1.4
971;2021-04-14;441;228;22602;5413;6.0;1.4
971;2021-04-15;553;313;23155;5726;6.1;1.5
971;2021-04-16;564;275;23719;6001;6.3;1.6
971;2021-04-17;216;4;23935;6005;6.4;1.6
971;2021-04-18;6;14;23941;6019;6.4;1.6
971;2021-04-19;405;243;24346;6262;6.5;1.7
971;2021-04-20;724;347;25070;6609;6.7;1.8
971;2021-04-21;625;316;25695;6925;6.8;1.8
971;2021-04-22;816;334;26511;7259;7.0;1.9
971;2021-04-23;844;248;27355;7507;7.3;2.0
971;2021-04-24;391;73;27746;7580;7.4;2.0
971;2021-04-25;602;64;28348;7644;7.5;2.0
971;2021-04-26;972;219;29320;7863;7.8;2.1
971;2021-04-27;709;236;30029;8099;8.0;2.1
971;2021-04-28;865;267;30894;8366;8.2;2.2
971;2021-04-29;1203;204;32097;8570;8.5;2.3
971;2021-04-30;1269;186;33366;8756;8.9;2.3
971;2021-05-01;606;42;33972;8798;9.0;2.3
971;2021-05-02;355;18;34327;8816;9.1;2.3
971;2021-05-03;922;189;35249;9005;9.4;2.4
971;2021-05-04;962;207;36211;9212;9.6;2.4
971;2021-05-05;1026;253;37237;9465;9.9;2.5
971;2021-05-06;1147;177;38384;9642;10.2;2.6
971;2021-05-07;1264;273;39648;9915;10.5;2.6
971;2021-05-08;323;37;39971;9952;10.6;2.6
971;2021-05-09;183;10;40154;9962;10.7;2.6
971;2021-05-10;838;217;40992;10179;10.9;2.7
971;2021-05-11;963;316;41955;10495;11.1;2.8
971;2021-05-12;907;325;42862;10820;11.4;2.9
971;2021-05-13;212;79;43074;10899;11.4;2.9
971;2021-05-14;862;275;43936;11174;11.7;3.0
971;2021-05-15;487;15;44423;11189;11.8;3.0
971;2021-05-16;182;36;44605;11225;11.8;3.0
971;2021-05-17;720;277;45325;11502;12.0;3.1
971;2021-05-18;742;390;46067;11892;12.2;3.2
971;2021-05-19;701;531;46768;12423;12.4;3.3
971;2021-05-20;809;378;47577;12801;12.6;3.4
971;2021-05-21;824;409;48401;13210;12.8;3.5
971;2021-05-22;506;216;48907;13426;13.0;3.6
971;2021-05-23;201;114;49108;13540;13.0;3.6
971;2021-05-24;201;173;49309;13713;13.1;3.6
971;2021-05-25;548;664;49857;14377;13.2;3.8
971;2021-05-26;595;493;50452;14870;13.4;3.9
971;2021-05-27;133;182;50585;15052;13.4;4.0
971;2021-05-28;518;526;51103;15578;13.6;4.1
971;2021-05-29;238;141;51341;15719;13.6;4.2
971;2021-05-30;75;112;51416;15831;13.6;4.2
971;2021-05-31;449;537;51865;16368;13.8;4.3
971;2021-06-01;593;710;52458;17078;13.9;4.5
971;2021-06-02;577;707;53035;17785;14.1;4.7
971;2021-06-03;508;561;53543;18346;14.2;4.9
971;2021-06-04;836;804;54379;19150;14.4;5.1
971;2021-06-05;317;644;54696;19794;14.5;5.3
971;2021-06-06;139;529;54835;20323;14.5;5.4
971;2021-06-07;420;781;55255;21104;14.7;5.6
971;2021-06-08;494;891;55749;21995;14.8;5.8
971;2021-06-09;503;860;56252;22855;14.9;6.1
971;2021-06-10;538;850;56790;23705;15.1;6.3
971;2021-06-11;468;1241;57258;24946;15.2;6.6
971;2021-06-12;301;659;57559;25605;15.3;6.8
971;2021-06-13;128;313;57687;25918;15.3;6.9
971;2021-06-14;372;3775;58059;29693;15.4;7.9
971;2021-06-15;483;1999;58542;31692;15.5;8.4
971;2021-06-16;478;1473;59020;33165;15.7;8.8
971;2021-06-17;433;1013;59453;34178;15.8;9.1
971;2021-06-18;481;1020;59934;35198;15.9;9.3
971;2021-06-19;316;509;60250;35707;16.0;9.5
971;2021-06-20;111;231;60361;35938;16.0;9.5
971;2021-06-21;336;678;60697;36616;16.1;9.7
971;2021-06-22;333;873;61030;37489;16.2;9.9
971;2021-06-23;370;890;61400;38379;16.3;10.2
971;2021-06-24;416;734;61816;39113;16.4;10.4
971;2021-06-25;454;761;62270;39874;16.5;10.6
971;2021-06-26;301;515;62571;40389;16.6;10.7
971;2021-06-27;116;148;62687;40537;16.6;10.8
971;2021-06-28;303;688;62990;41225;16.7;10.9
971;2021-06-29;387;784;63377;42009;16.8;11.1
971;2021-06-30;441;924;63818;42933;16.9;11.4
971;2021-07-01;364;651;64182;43584;17.0;11.6
971;2021-07-02;429;693;64611;44277;17.1;11.7
971;2021-07-03;275;466;64886;44743;17.2;11.9
971;2021-07-04;112;239;64998;44982;17.2;11.9
971;2021-07-05;329;509;65327;45491;17.3;12.1
971;2021-07-06;384;769;65711;46260;17.4;12.3
971;2021-07-07;376;844;66087;47104;17.5;12.5
971;2021-07-08;412;790;66499;47894;17.6;12.7
971;2021-07-09;431;795;66930;48689;17.8;12.9
971;2021-07-10;245;294;67175;48983;17.8;13.0
971;2021-07-11;170;137;67345;49120;17.9;13.0
971;2021-07-12;477;607;67822;49727;18.0;13.2
971;2021-07-13;868;1010;68690;50737;18.2;13.5
971;2021-07-14;475;283;69165;51020;18.4;13.5
971;2021-07-15;877;845;70042;51865;18.6;13.8
971;2021-07-16;1091;1041;71133;52906;18.9;14.0
971;2021-07-17;648;443;71781;53349;19.0;14.2
971;2021-07-18;400;217;72181;53566;19.2;14.2
971;2021-07-19;574;581;72755;54147;19.3;14.4
971;2021-07-20;832;733;73587;54880;19.5;14.6
971;2021-07-21;766;498;74353;55378;19.7;14.7
971;2021-07-22;987;872;75340;56250;20.0;14.9
971;2021-07-23;1026;757;76366;57007;20.3;15.1
971;2021-07-24;416;383;76782;57390;20.4;15.2
971;2021-07-25;248;260;77030;57650;20.4;15.3
971;2021-07-26;636;560;77666;58210;20.6;15.4
971;2021-07-27;868;582;78534;58792;20.8;15.6
971;2021-07-28;794;653;79328;59445;21.0;15.8
971;2021-07-29;950;665;80278;60110;21.3;15.9
971;2021-07-30;1309;752;81587;60862;21.6;16.1
971;2021-07-31;558;410;82145;61272;21.8;16.3
971;2021-08-01;313;248;82458;61520;21.9;16.3
971;2021-08-02;756;417;83214;61937;22.1;16.4
971;2021-08-03;753;675;83967;62612;22.3;16.6
971;2021-08-04;674;670;84641;63282;22.5;16.8
971;2021-08-05;676;589;85317;63871;22.6;16.9
971;2021-08-06;926;635;86243;64506;22.9;17.1
971;2021-08-07;451;391;86694;64897;23.0;17.2
971;2021-08-08;272;313;86966;65210;23.1;17.3
971;2021-08-09;586;587;87552;65797;23.2;17.5
971;2021-08-10;748;800;88300;66597;23.4;17.7
971;2021-08-11;921;794;89221;67391;23.7;17.9
971;2021-08-12;944;792;90165;68183;23.9;18.1
971;2021-08-13;911;439;91076;68622;24.2;18.2
971;2021-08-14;622;700;91698;69322;24.3;18.4
971;2021-08-15;435;411;92133;69733;24.4;18.5
971;2021-08-16;754;735;92887;70468;24.6;18.7
971;2021-08-17;865;869;93752;71337;24.9;18.9
971;2021-08-18;1252;964;95004;72301;25.2;19.2
971;2021-08-19;1272;923;96276;73224;25.5;19.4
971;2021-08-20;1480;1043;97756;74267;25.9;19.7
971;2021-08-21;703;508;98459;74775;26.1;19.8
971;2021-08-22;349;270;98808;75045;26.2;19.9
971;2021-08-23;856;627;99664;75672;26.4;20.1
971;2021-08-24;1212;792;100876;76464;26.8;20.3
971;2021-08-25;1356;800;102232;77264;27.1;20.5
971;2021-08-26;1346;767;103578;78031;27.5;20.7
971;2021-08-27;1427;1095;105005;79126;27.9;21.0
971;2021-08-28;883;575;105888;79701;28.1;21.1
971;2021-08-29;211;238;106099;79939;28.2;21.2
971;2021-08-30;904;747;107003;80686;28.4;21.4
971;2021-08-31;1204;892;108207;81578;28.7;21.6
971;2021-09-01;1031;895;109238;82473;29.0;21.9
972;2020-12-27;0;0;0;0;0.0;0.0
972;2020-12-28;0;0;0;0;0.0;0.0
972;2020-12-29;0;0;0;0;0.0;0.0
972;2020-12-30;0;0;0;0;0.0;0.0
972;2020-12-31;0;0;0;0;0.0;0.0
972;2021-01-01;0;0;0;0;0.0;0.0
972;2021-01-02;0;0;0;0;0.0;0.0
972;2021-01-03;0;0;0;0;0.0;0.0
972;2021-01-04;0;0;0;0;0.0;0.0
972;2021-01-05;0;0;0;0;0.0;0.0
972;2021-01-06;5;0;5;0;0.0;0.0
972;2021-01-07;31;0;36;0;0.0;0.0
972;2021-01-08;90;1;126;1;0.0;0.0
972;2021-01-09;20;0;146;1;0.0;0.0
972;2021-01-10;0;0;146;1;0.0;0.0
972;2021-01-11;122;0;268;1;0.1;0.0
972;2021-01-12;79;0;347;1;0.1;0.0
972;2021-01-13;65;0;412;1;0.1;0.0
972;2021-01-14;88;1;500;2;0.1;0.0
972;2021-01-15;164;0;664;2;0.2;0.0
972;2021-01-16;51;0;715;2;0.2;0.0
972;2021-01-17;0;0;715;2;0.2;0.0
972;2021-01-18;158;0;873;2;0.2;0.0
972;2021-01-19;168;1;1041;3;0.3;0.0
972;2021-01-20;170;0;1211;3;0.3;0.0
972;2021-01-21;181;2;1392;5;0.4;0.0
972;2021-01-22;173;0;1565;5;0.4;0.0
972;2021-01-23;58;0;1623;5;0.5;0.0
972;2021-01-24;0;0;1623;5;0.5;0.0
972;2021-01-25;161;0;1784;5;0.5;0.0
972;2021-01-26;138;1;1922;6;0.5;0.0
972;2021-01-27;163;5;2085;11;0.6;0.0
972;2021-01-28;152;12;2237;23;0.6;0.0
972;2021-01-29;143;41;2380;64;0.7;0.0
972;2021-01-30;96;16;2476;80;0.7;0.0
972;2021-01-31;0;0;2476;80;0.7;0.0
972;2021-02-01;119;73;2595;153;0.7;0.0
972;2021-02-02;184;94;2779;247;0.8;0.1
972;2021-02-03;132;70;2911;317;0.8;0.1
972;2021-02-04;160;71;3071;388;0.9;0.1
972;2021-02-05;123;92;3194;480;0.9;0.1
972;2021-02-06;62;26;3256;506;0.9;0.1
972;2021-02-07;1;0;3257;506;0.9;0.1
972;2021-02-08;137;78;3394;584;0.9;0.2
972;2021-02-09;177;76;3571;660;1.0;0.2
972;2021-02-10;153;90;3724;750;1.0;0.2
972;2021-02-11;150;97;3874;847;1.1;0.2
972;2021-02-12;148;127;4022;974;1.1;0.3
972;2021-02-13;47;37;4069;1011;1.1;0.3
972;2021-02-14;0;0;4069;1011;1.1;0.3
972;2021-02-15;51;66;4120;1077;1.1;0.3
972;2021-02-16;0;0;4120;1077;1.1;0.3
972;2021-02-17;1;3;4121;1080;1.1;0.3
972;2021-02-18;69;125;4190;1205;1.2;0.3
972;2021-02-19;69;124;4259;1329;1.2;0.4
972;2021-02-20;48;67;4307;1396;1.2;0.4
972;2021-02-21;0;0;4307;1396;1.2;0.4
972;2021-02-22;102;59;4409;1455;1.2;0.4
972;2021-02-23;113;234;4522;1689;1.3;0.5
972;2021-02-24;106;218;4628;1907;1.3;0.5
972;2021-02-25;93;149;4721;2056;1.3;0.6
972;2021-02-26;132;166;4853;2222;1.4;0.6
972;2021-02-27;69;52;4922;2274;1.4;0.6
972;2021-02-28;0;0;4922;2274;1.4;0.6
972;2021-03-01;137;142;5059;2416;1.4;0.7
972;2021-03-02;158;79;5217;2495;1.5;0.7
972;2021-03-03;179;145;5396;2640;1.5;0.7
972;2021-03-04;152;135;5548;2775;1.5;0.8
972;2021-03-05;238;128;5786;2903;1.6;0.8
972;2021-03-06;119;58;5905;2961;1.6;0.8
972;2021-03-07;100;3;6005;2964;1.7;0.8
972;2021-03-08;196;132;6201;3096;1.7;0.9
972;2021-03-09;283;98;6484;3194;1.8;0.9
972;2021-03-10;322;134;6806;3328;1.9;0.9
972;2021-03-11;336;79;7142;3407;2.0;0.9
972;2021-03-12;413;55;7555;3462;2.1;1.0
972;2021-03-13;155;21;7710;3483;2.1;1.0
972;2021-03-14;4;1;7714;3484;2.2;1.0
972;2021-03-15;277;89;7991;3573;2.2;1.0
972;2021-03-16;305;56;8296;3629;2.3;1.0
972;2021-03-17;388;46;8684;3675;2.4;1.0
972;2021-03-18;435;44;9119;3719;2.5;1.0
972;2021-03-19;401;63;9520;3782;2.7;1.1
972;2021-03-20;149;48;9669;3830;2.7;1.1
972;2021-03-21;25;1;9694;3831;2.7;1.1
972;2021-03-22;362;118;10056;3949;2.8;1.1
972;2021-03-23;403;122;10459;4071;2.9;1.1
972;2021-03-24;429;108;10888;4179;3.0;1.2
972;2021-03-25;485;97;11373;4276;3.2;1.2
972;2021-03-26;634;103;12007;4379;3.3;1.2
972;2021-03-27;154;71;12161;4450;3.4;1.2
972;2021-03-28;81;2;12242;4452;3.4;1.2
972;2021-03-29;423;164;12665;4616;3.5;1.3
972;2021-03-30;469;244;13134;4860;3.7;1.4
972;2021-03-31;1150;191;14284;5051;4.0;1.4
972;2021-04-01;955;172;15239;5223;4.2;1.5
972;2021-04-02;896;15;16135;5238;4.5;1.5
972;2021-04-03;788;55;16923;5293;4.7;1.5
972;2021-04-04;751;13;17674;5306;4.9;1.5
972;2021-04-05;829;44;18503;5350;5.2;1.5
972;2021-04-06;885;136;19388;5486;5.4;1.5
972;2021-04-07;1436;326;20824;5812;5.8;1.6
972;2021-04-08;1308;272;22132;6084;6.2;1.7
972;2021-04-09;1240;315;23372;6399;6.5;1.8
972;2021-04-10;838;164;24210;6563;6.7;1.8
972;2021-04-11;620;14;24830;6577;6.9;1.8
972;2021-04-12;868;317;25698;6894;7.2;1.9
972;2021-04-13;881;330;26579;7224;7.4;2.0
972;2021-04-14;960;321;27539;7545;7.7;2.1
972;2021-04-15;959;298;28498;7843;7.9;2.2
972;2021-04-16;996;300;29494;8143;8.2;2.3
972;2021-04-17;530;161;30024;8304;8.4;2.3
972;2021-04-18;339;56;30363;8360;8.5;2.3
972;2021-04-19;668;342;31031;8702;8.6;2.4
972;2021-04-20;868;309;31899;9011;8.9;2.5
972;2021-04-21;1002;354;32901;9365;9.2;2.6
972;2021-04-22;605;312;33506;9677;9.3;2.7
972;2021-04-23;614;465;34120;10142;9.5;2.8
972;2021-04-24;363;197;34483;10339;9.6;2.9
972;2021-04-25;168;199;34651;10538;9.7;2.9
972;2021-04-26;516;541;35167;11079;9.8;3.1
972;2021-04-27;568;607;35735;11686;10.0;3.3
972;2021-04-28;448;690;36183;12376;10.1;3.4
972;2021-04-29;653;642;36836;13018;10.3;3.6
972;2021-04-30;771;686;37607;13704;10.5;3.8
972;2021-05-01;244;246;37851;13950;10.6;3.9
972;2021-05-02;227;513;38078;14463;10.6;4.0
972;2021-05-03;569;771;38647;15234;10.8;4.2
972;2021-05-04;525;678;39172;15912;10.9;4.4
972;2021-05-05;548;896;39720;16808;11.1;4.7
972;2021-05-06;546;785;40266;17593;11.2;4.9
972;2021-05-07;629;1014;40895;18607;11.4;5.2
972;2021-05-08;226;526;41121;19133;11.5;5.3
972;2021-05-09;172;506;41293;19639;11.5;5.5
972;2021-05-10;519;856;41812;20495;11.7;5.7
972;2021-05-11;476;871;42288;21366;11.8;6.0
972;2021-05-12;560;910;42848;22276;11.9;6.2
972;2021-05-13;274;533;43122;22809;12.0;6.4
972;2021-05-14;388;752;43510;23561;12.1;6.6
972;2021-05-15;234;577;43744;24138;12.2;6.7
972;2021-05-16;155;442;43899;24580;12.2;6.9
972;2021-05-17;474;754;44373;25334;12.4;7.1
972;2021-05-18;446;680;44819;26014;12.5;7.3
972;2021-05-19;453;743;45272;26757;12.6;7.5
972;2021-05-20;595;500;45867;27257;12.8;7.6
972;2021-05-21;545;704;46412;27961;12.9;7.8
972;2021-05-22;186;363;46598;28324;13.0;7.9
972;2021-05-23;111;182;46709;28506;13.0;7.9
972;2021-05-24;136;241;46845;28747;13.1;8.0
972;2021-05-25;351;698;47196;29445;13.2;8.2
972;2021-05-26;382;714;47578;30159;13.3;8.4
972;2021-05-27;270;647;47848;30806;13.3;8.6
972;2021-05-28;279;815;48127;31621;13.4;8.8
972;2021-05-29;154;513;48281;32134;13.5;9.0
972;2021-05-30;17;33;48298;32167;13.5;9.0
972;2021-05-31;347;681;48645;32848;13.6;9.2
972;2021-06-01;300;547;48945;33395;13.6;9.3
972;2021-06-02;325;575;49270;33970;13.7;9.5
972;2021-06-03;247;425;49517;34395;13.8;9.6
972;2021-06-04;350;643;49867;35038;13.9;9.8
972;2021-06-05;260;373;50127;35411;14.0;9.9
972;2021-06-06;25;32;50152;35443;14.0;9.9
972;2021-06-07;260;736;50412;36179;14.1;10.1
972;2021-06-08;256;589;50668;36768;14.1;10.2
972;2021-06-09;303;698;50971;37466;14.2;10.4
972;2021-06-10;308;453;51279;37919;14.3;10.6
972;2021-06-11;361;534;51640;38453;14.4;10.7
972;2021-06-12;246;321;51886;38774;14.5;10.8
972;2021-06-13;32;29;51918;38803;14.5;10.8
972;2021-06-14;367;551;52285;39354;14.6;11.0
972;2021-06-15;410;488;52695;39842;14.7;11.1
972;2021-06-16;436;436;53131;40278;14.8;11.2
972;2021-06-17;355;576;53486;40854;14.9;11.4
972;2021-06-18;458;538;53944;41392;15.0;11.5
972;2021-06-19;225;196;54169;41588;15.1;11.6
972;2021-06-20;25;17;54194;41605;15.1;11.6
972;2021-06-21;332;580;54526;42185;15.2;11.8
972;2021-06-22;297;462;54823;42647;15.3;11.9
972;2021-06-23;425;562;55248;43209;15.4;12.0
972;2021-06-24;328;437;55576;43646;15.5;12.2
972;2021-06-25;313;387;55889;44033;15.6;12.3
972;2021-06-26;221;201;56110;44234;15.6;12.3
972;2021-06-27;16;23;56126;44257;15.6;12.3
972;2021-06-28;337;425;56463;44682;15.7;12.5
972;2021-06-29;329;431;56792;45113;15.8;12.6
972;2021-06-30;441;421;57233;45534;16.0;12.7
972;2021-07-01;350;393;57583;45927;16.1;12.8
972;2021-07-02;124;201;57707;46128;16.1;12.9
972;2021-07-03;100;118;57807;46246;16.1;12.9
972;2021-07-04;24;36;57831;46282;16.1;12.9
972;2021-07-05;494;580;58325;46862;16.3;13.1
972;2021-07-06;488;428;58813;47290;16.4;13.2
972;2021-07-07;611;492;59424;47782;16.6;13.3
972;2021-07-08;494;422;59918;48204;16.7;13.4
972;2021-07-09;628;582;60546;48786;16.9;13.6
972;2021-07-10;405;309;60951;49095;17.0;13.7
972;2021-07-11;52;38;61003;49133;17.0;13.7
972;2021-07-12;847;698;61850;49831;17.2;13.9
972;2021-07-13;1473;707;63323;50538;17.7;14.1
972;2021-07-14;133;65;63456;50603;17.7;14.1
972;2021-07-15;1604;679;65060;51282;18.1;14.3
972;2021-07-16;1638;658;66698;51940;18.6;14.5
972;2021-07-17;1096;368;67794;52308;18.9;14.6
972;2021-07-18;56;39;67850;52347;18.9;14.6
972;2021-07-19;1144;654;68994;53001;19.2;14.8
972;2021-07-20;1131;576;70125;53577;19.5;14.9
972;2021-07-21;1093;596;71218;54173;19.9;15.1
972;2021-07-22;905;520;72123;54693;20.1;15.2
972;2021-07-23;964;482;73087;55175;20.4;15.4
972;2021-07-24;505;223;73592;55398;20.5;15.4
972;2021-07-25;51;63;73643;55461;20.5;15.5
972;2021-07-26;685;521;74328;55982;20.7;15.6
972;2021-07-27;1028;513;75356;56495;21.0;15.7
972;2021-07-28;645;561;76001;57056;21.2;15.9
972;2021-07-29;838;547;76839;57603;21.4;16.1
972;2021-07-30;901;616;77740;58219;21.7;16.2
972;2021-07-31;559;274;78299;58493;21.8;16.3
972;2021-08-01;83;33;78382;58526;21.8;16.3
972;2021-08-02;812;813;79194;59339;22.1;16.5
972;2021-08-03;731;739;79925;60078;22.3;16.7
972;2021-08-04;782;567;80707;60645;22.5;16.9
972;2021-08-05;911;589;81618;61234;22.8;17.1
972;2021-08-06;1187;893;82805;62127;23.1;17.3
972;2021-08-07;668;569;83473;62696;23.3;17.5
972;2021-08-08;85;83;83558;62779;23.3;17.5
972;2021-08-09;1123;1063;84681;63842;23.6;17.8
972;2021-08-10;1192;1039;85873;64881;23.9;18.1
972;2021-08-11;1230;921;87103;65802;24.3;18.3
972;2021-08-12;1446;930;88549;66732;24.7;18.6
972;2021-08-13;1279;637;89828;67369;25.0;18.8
972;2021-08-14;776;316;90604;67685;25.3;18.9
972;2021-08-15;70;55;90674;67740;25.3;18.9
972;2021-08-16;1272;1042;91946;68782;25.6;19.2
972;2021-08-17;1166;1186;93112;69968;26.0;19.5
972;2021-08-18;1228;1174;94340;71142;26.3;19.8
972;2021-08-19;1275;889;95615;72031;26.7;20.1
972;2021-08-20;1323;893;96938;72924;27.0;20.3
972;2021-08-21;756;622;97694;73546;27.2;20.5
972;2021-08-22;47;82;97741;73628;27.2;20.5
972;2021-08-23;1173;856;98914;74484;27.6;20.8
972;2021-08-24;1365;878;100279;75362;28.0;21.0
972;2021-08-25;1065;767;101344;76129;28.2;21.2
972;2021-08-26;1275;799;102619;76928;28.6;21.4
972;2021-08-27;1262;1075;103881;78003;29.0;21.7
972;2021-08-28;760;747;104641;78750;29.2;22.0
972;2021-08-29;98;63;104739;78813;29.2;22.0
972;2021-08-30;1124;1117;105863;79930;29.5;22.3
972;2021-08-31;884;1103;106747;81033;29.8;22.6
972;2021-09-01;699;1120;107446;82153;30.0;22.9
973;2020-12-27;0;0;0;0;0.0;0.0
973;2020-12-28;0;0;0;0;0.0;0.0
973;2020-12-29;0;0;0;0;0.0;0.0
973;2020-12-30;0;0;0;0;0.0;0.0
973;2020-12-31;0;0;0;0;0.0;0.0
973;2021-01-01;0;0;0;0;0.0;0.0
973;2021-01-02;1;1;1;1;0.0;0.0
973;2021-01-03;0;0;1;1;0.0;0.0
973;2021-01-04;0;0;1;1;0.0;0.0
973;2021-01-05;0;0;1;1;0.0;0.0
973;2021-01-06;0;0;1;1;0.0;0.0
973;2021-01-07;0;0;1;1;0.0;0.0
973;2021-01-08;0;0;1;1;0.0;0.0
973;2021-01-09;0;0;1;1;0.0;0.0
973;2021-01-10;0;0;1;1;0.0;0.0
973;2021-01-11;0;0;1;1;0.0;0.0
973;2021-01-12;0;0;1;1;0.0;0.0
973;2021-01-13;30;0;31;1;0.0;0.0
973;2021-01-14;46;0;77;1;0.0;0.0
973;2021-01-15;35;0;112;1;0.0;0.0
973;2021-01-16;18;1;130;2;0.0;0.0
973;2021-01-17;0;0;130;2;0.0;0.0
973;2021-01-18;63;0;193;2;0.1;0.0
973;2021-01-19;150;1;343;3;0.1;0.0
973;2021-01-20;134;0;477;3;0.2;0.0
973;2021-01-21;118;0;595;3;0.2;0.0
973;2021-01-22;76;0;671;3;0.2;0.0
973;2021-01-23;0;0;671;3;0.2;0.0
973;2021-01-24;0;0;671;3;0.2;0.0
973;2021-01-25;56;0;727;3;0.3;0.0
973;2021-01-26;100;2;827;5;0.3;0.0
973;2021-01-27;109;1;936;6;0.3;0.0
973;2021-01-28;96;3;1032;9;0.4;0.0
973;2021-01-29;104;3;1136;12;0.4;0.0
973;2021-01-30;0;0;1136;12;0.4;0.0
973;2021-01-31;0;0;1136;12;0.4;0.0
973;2021-02-01;54;0;1190;12;0.4;0.0
973;2021-02-02;122;5;1312;17;0.5;0.0
973;2021-02-03;119;7;1431;24;0.5;0.0
973;2021-02-04;79;25;1510;49;0.5;0.0
973;2021-02-05;66;8;1576;57;0.5;0.0
973;2021-02-06;0;0;1576;57;0.5;0.0
973;2021-02-07;0;0;1576;57;0.5;0.0
973;2021-02-08;52;12;1628;69;0.6;0.0
973;2021-02-09;92;39;1720;108;0.6;0.0
973;2021-02-10;101;41;1821;149;0.6;0.1
973;2021-02-11;105;93;1926;242;0.7;0.1
973;2021-02-12;89;63;2015;305;0.7;0.1
973;2021-02-13;0;0;2015;305;0.7;0.1
973;2021-02-14;0;0;2015;305;0.7;0.1
973;2021-02-15;27;64;2042;369;0.7;0.1
973;2021-02-16;123;51;2165;420;0.7;0.1
973;2021-02-17;145;117;2310;537;0.8;0.2
973;2021-02-18;103;137;2413;674;0.8;0.2
973;2021-02-19;122;71;2535;745;0.9;0.3
973;2021-02-20;0;0;2535;745;0.9;0.3
973;2021-02-21;0;0;2535;745;0.9;0.3
973;2021-02-22;78;48;2613;793;0.9;0.3
973;2021-02-23;158;103;2771;896;1.0;0.3
973;2021-02-24;190;122;2961;1018;1.0;0.4
973;2021-02-25;259;92;3220;1110;1.1;0.4
973;2021-02-26;264;70;3484;1180;1.2;0.4
973;2021-02-27;120;1;3604;1181;1.2;0.4
973;2021-02-28;0;0;3604;1181;1.2;0.4
973;2021-03-01;182;87;3786;1268;1.3;0.4
973;2021-03-02;256;107;4042;1375;1.4;0.5
973;2021-03-03;255;131;4297;1506;1.5;0.5
973;2021-03-04;281;84;4578;1590;1.6;0.5
973;2021-03-05;274;48;4852;1638;1.7;0.6
973;2021-03-06;118;2;4970;1640;1.7;0.6
973;2021-03-07;0;0;4970;1640;1.7;0.6
973;2021-03-08;188;41;5158;1681;1.8;0.6
973;2021-03-09;351;93;5509;1774;1.9;0.6
973;2021-03-10;359;105;5868;1879;2.0;0.6
973;2021-03-11;271;111;6139;1990;2.1;0.7
973;2021-03-12;288;93;6427;2083;2.2;0.7
973;2021-03-13;112;4;6539;2087;2.2;0.7
973;2021-03-14;0;0;6539;2087;2.2;0.7
973;2021-03-15;181;27;6720;2114;2.3;0.7
973;2021-03-16;243;139;6963;2253;2.4;0.8
973;2021-03-17;274;128;7237;2381;2.5;0.8
973;2021-03-18;249;155;7486;2536;2.6;0.9
973;2021-03-19;283;129;7769;2665;2.7;0.9
973;2021-03-20;259;18;8028;2683;2.8;0.9
973;2021-03-21;119;2;8147;2685;2.8;0.9
973;2021-03-22;219;109;8366;2794;2.9;1.0
973;2021-03-23;275;194;8641;2988;3.0;1.0
973;2021-03-24;235;215;8876;3203;3.1;1.1
973;2021-03-25;168;180;9044;3383;3.1;1.2
973;2021-03-26;190;306;9234;3689;3.2;1.3
973;2021-03-27;58;94;9292;3783;3.2;1.3
973;2021-03-28;0;0;9292;3783;3.2;1.3
973;2021-03-29;175;248;9467;4031;3.3;1.4
973;2021-03-30;445;237;9912;4268;3.4;1.5
973;2021-03-31;319;293;10231;4561;3.5;1.6
973;2021-04-01;446;260;10677;4821;3.7;1.7
973;2021-04-02;307;278;10984;5099;3.8;1.8
973;2021-04-03;153;121;11137;5220;3.8;1.8
973;2021-04-04;1;0;11138;5220;3.8;1.8
973;2021-04-05;118;14;11256;5234;3.9;1.8
973;2021-04-06;438;335;11694;5569;4.0;1.9
973;2021-04-07;503;345;12197;5914;4.2;2.0
973;2021-04-08;514;269;12711;6183;4.4;2.1
973;2021-04-09;497;226;13208;6409;4.5;2.2
973;2021-04-10;146;90;13354;6499;4.6;2.2
973;2021-04-11;2;0;13356;6499;4.6;2.2
973;2021-04-12;551;267;13907;6766;4.8;2.3
973;2021-04-13;673;244;14580;7010;5.0;2.4
973;2021-04-14;721;314;15301;7324;5.3;2.5
973;2021-04-15;777;247;16078;7571;5.5;2.6
973;2021-04-16;760;302;16838;7873;5.8;2.7
973;2021-04-17;499;136;17337;8009;6.0;2.8
973;2021-04-18;499;46;17836;8055;6.1;2.8
973;2021-04-19;715;252;18551;8307;6.4;2.9
973;2021-04-20;607;280;19158;8587;6.6;3.0
973;2021-04-21;874;251;20032;8838;6.9;3.0
973;2021-04-22;727;231;20759;9069;7.1;3.1
973;2021-04-23;705;231;21464;9300;7.4;3.2
973;2021-04-24;524;97;21988;9397;7.6;3.2
973;2021-04-25;611;50;22599;9447;7.8;3.2
973;2021-04-26;780;233;23379;9680;8.0;3.3
973;2021-04-27;819;344;24198;10024;8.3;3.4
973;2021-04-28;746;332;24944;10356;8.6;3.6
973;2021-04-29;665;285;25609;10641;8.8;3.7
973;2021-04-30;710;260;26319;10901;9.1;3.8
973;2021-05-01;211;27;26530;10928;9.1;3.8
973;2021-05-02;602;85;27132;11013;9.3;3.8
973;2021-05-03;556;391;27688;11404;9.5;3.9
973;2021-05-04;665;326;28353;11730;9.8;4.0
973;2021-05-05;701;452;29054;12182;10.0;4.2
973;2021-05-06;694;476;29748;12658;10.2;4.4
973;2021-05-07;595;473;30343;13131;10.4;4.5
973;2021-05-08;343;59;30686;13190;10.6;4.5
973;2021-05-09;263;72;30949;13262;10.6;4.6
973;2021-05-10;439;611;31388;13873;10.8;4.8
973;2021-05-11;398;497;31786;14370;10.9;4.9
973;2021-05-12;513;647;32299;15017;11.1;5.2
973;2021-05-13;334;99;32633;15116;11.2;5.2
973;2021-05-14;486;555;33119;15671;11.4;5.4
973;2021-05-15;258;348;33377;16019;11.5;5.5
973;2021-05-16;207;210;33584;16229;11.6;5.6
973;2021-05-17;447;599;34031;16828;11.7;5.8
973;2021-05-18;563;568;34594;17396;11.9;6.0
973;2021-05-19;534;553;35128;17949;12.1;6.2
973;2021-05-20;643;452;35771;18401;12.3;6.3
973;2021-05-21;502;609;36273;19010;12.5;6.5
973;2021-05-22;167;500;36440;19510;12.5;6.7
973;2021-05-23;271;474;36711;19984;12.6;6.9
973;2021-05-24;562;248;37273;20232;12.8;7.0
973;2021-05-25;500;745;37773;20977;13.0;7.2
973;2021-05-26;452;683;38225;21660;13.1;7.5
973;2021-05-27;707;527;38932;22187;13.4;7.6
973;2021-05-28;580;553;39512;22740;13.6;7.8
973;2021-05-29;258;360;39770;23100;13.7;7.9
973;2021-05-30;151;399;39921;23499;13.7;8.1
973;2021-05-31;356;574;40277;24073;13.9;8.3
973;2021-06-01;421;467;40698;24540;14.0;8.4
973;2021-06-02;564;555;41262;25095;14.2;8.6
973;2021-06-03;526;470;41788;25565;14.4;8.8
973;2021-06-04;603;495;42391;26060;14.6;9.0
973;2021-06-05;273;292;42664;26352;14.7;9.1
973;2021-06-06;211;301;42875;26653;14.7;9.2
973;2021-06-07;489;452;43364;27105;14.9;9.3
973;2021-06-08;547;314;43911;27419;15.1;9.4
973;2021-06-09;521;389;44432;27808;15.3;9.6
973;2021-06-10;357;291;44789;28099;15.4;9.7
973;2021-06-11;434;467;45223;28566;15.6;9.8
973;2021-06-12;170;283;45393;28849;15.6;9.9
973;2021-06-13;214;268;45607;29117;15.7;10.0
973;2021-06-14;377;549;45984;29666;15.8;10.2
973;2021-06-15;376;445;46360;30111;15.9;10.4
973;2021-06-16;486;459;46846;30570;16.1;10.5
973;2021-06-17;437;579;47283;31149;16.3;10.7
973;2021-06-18;394;563;47677;31712;16.4;10.9
973;2021-06-19;235;260;47912;31972;16.5;11.0
973;2021-06-20;127;270;48039;32242;16.5;11.1
973;2021-06-21;332;603;48371;32845;16.6;11.3
973;2021-06-22;373;463;48744;33308;16.8;11.5
973;2021-06-23;344;539;49088;33847;16.9;11.6
973;2021-06-24;443;500;49531;34347;17.0;11.8
973;2021-06-25;444;557;49975;34904;17.2;12.0
973;2021-06-26;172;320;50147;35224;17.3;12.1
973;2021-06-27;121;170;50268;35394;17.3;12.2
973;2021-06-28;317;593;50585;35987;17.4;12.4
973;2021-06-29;379;507;50964;36494;17.5;12.6
973;2021-06-30;411;680;51375;37174;17.7;12.8
973;2021-07-01;424;399;51799;37573;17.8;12.9
973;2021-07-02;503;524;52302;38097;18.0;13.1
973;2021-07-03;209;274;52511;38371;18.1;13.2
973;2021-07-04;86;243;52597;38614;18.1;13.3
973;2021-07-05;360;547;52957;39161;18.2;13.5
973;2021-07-06;349;473;53306;39634;18.3;13.6
973;2021-07-07;361;415;53667;40049;18.5;13.8
973;2021-07-08;298;329;53965;40378;18.6;13.9
973;2021-07-09;389;435;54354;40813;18.7;14.0
973;2021-07-10;167;278;54521;41091;18.8;14.1
973;2021-07-11;102;163;54623;41254;18.8;14.2
973;2021-07-12;401;497;55024;41751;18.9;14.4
973;2021-07-13;668;560;55692;42311;19.2;14.6
973;2021-07-14;389;161;56081;42472;19.3;14.6
973;2021-07-15;648;527;56729;42999;19.5;14.8
973;2021-07-16;593;486;57322;43485;19.7;15.0
973;2021-07-17;346;285;57668;43770;19.8;15.1
973;2021-07-18;252;123;57920;43893;19.9;15.1
973;2021-07-19;518;457;58438;44350;20.1;15.3
973;2021-07-20;557;494;58995;44844;20.3;15.4
973;2021-07-21;668;398;59663;45242;20.5;15.6
973;2021-07-22;654;451;60317;45693;20.7;15.7
973;2021-07-23;593;368;60910;46061;21.0;15.8
973;2021-07-24;327;241;61237;46302;21.1;15.9
973;2021-07-25;165;111;61402;46413;21.1;16.0
973;2021-07-26;442;346;61844;46759;21.3;16.1
973;2021-07-27;535;357;62379;47116;21.5;16.2
973;2021-07-28;442;371;62821;47487;21.6;16.3
973;2021-07-29;533;431;63354;47918;21.8;16.5
973;2021-07-30;509;407;63863;48325;22.0;16.6
973;2021-07-31;204;163;64067;48488;22.0;16.7
973;2021-08-01;139;132;64206;48620;22.1;16.7
973;2021-08-02;394;431;64600;49051;22.2;16.9
973;2021-08-03;431;402;65031;49453;22.4;17.0
973;2021-08-04;306;372;65337;49825;22.5;17.1
973;2021-08-05;338;361;65675;50186;22.6;17.3
973;2021-08-06;362;522;66037;50708;22.7;17.4
973;2021-08-07;163;268;66200;50976;22.8;17.5
973;2021-08-08;117;177;66317;51153;22.8;17.6
973;2021-08-09;330;473;66647;51626;22.9;17.8
973;2021-08-10;356;515;67003;52141;23.0;17.9
973;2021-08-11;530;515;67533;52656;23.2;18.1
973;2021-08-12;537;581;68070;53237;23.4;18.3
973;2021-08-13;350;234;68420;53471;23.5;18.4
973;2021-08-14;254;401;68674;53872;23.6;18.5
973;2021-08-15;121;139;68795;54011;23.7;18.6
973;2021-08-16;303;470;69098;54481;23.8;18.7
973;2021-08-17;351;397;69449;54878;23.9;18.9
973;2021-08-18;293;440;69742;55318;24.0;19.0
973;2021-08-19;318;480;70060;55798;24.1;19.2
973;2021-08-20;305;401;70365;56199;24.2;19.3
973;2021-08-21;159;256;70524;56455;24.3;19.4
973;2021-08-22;114;183;70638;56638;24.3;19.5
973;2021-08-23;279;380;70917;57018;24.4;19.6
973;2021-08-24;307;466;71224;57484;24.5;19.8
973;2021-08-25;274;342;71498;57826;24.6;19.9
973;2021-08-26;308;401;71806;58227;24.7;20.0
973;2021-08-27;348;426;72154;58653;24.8;20.2
973;2021-08-28;141;265;72295;58918;24.9;20.3
973;2021-08-29;83;184;72378;59102;24.9;20.3
973;2021-08-30;218;345;72596;59447;25.0;20.5
973;2021-08-31;284;364;72880;59811;25.1;20.6
973;2021-09-01;245;394;73125;60205;25.2;20.7
974;2020-12-27;0;0;0;0;0.0;0.0
974;2020-12-28;0;0;0;0;0.0;0.0
974;2020-12-29;0;0;0;0;0.0;0.0
974;2020-12-30;0;0;0;0;0.0;0.0
974;2020-12-31;0;0;0;0;0.0;0.0
974;2021-01-01;1;0;1;0;0.0;0.0
974;2021-01-02;0;0;1;0;0.0;0.0
974;2021-01-03;0;0;1;0;0.0;0.0
974;2021-01-04;0;0;1;0;0.0;0.0
974;2021-01-05;2;0;3;0;0.0;0.0
974;2021-01-06;0;0;3;0;0.0;0.0
974;2021-01-07;0;0;3;0;0.0;0.0
974;2021-01-08;0;0;3;0;0.0;0.0
974;2021-01-09;1;0;4;0;0.0;0.0
974;2021-01-10;0;0;4;0;0.0;0.0
974;2021-01-11;0;0;4;0;0.0;0.0
974;2021-01-12;0;0;4;0;0.0;0.0
974;2021-01-13;0;0;4;0;0.0;0.0
974;2021-01-14;0;0;4;0;0.0;0.0
974;2021-01-15;333;0;337;0;0.0;0.0
974;2021-01-16;27;0;364;0;0.0;0.0
974;2021-01-17;0;0;364;0;0.0;0.0
974;2021-01-18;49;1;413;1;0.0;0.0
974;2021-01-19;394;0;807;1;0.1;0.0
974;2021-01-20;482;1;1289;2;0.1;0.0
974;2021-01-21;614;2;1903;4;0.2;0.0
974;2021-01-22;414;1;2317;5;0.3;0.0
974;2021-01-23;75;0;2392;5;0.3;0.0
974;2021-01-24;0;0;2392;5;0.3;0.0
974;2021-01-25;273;2;2665;7;0.3;0.0
974;2021-01-26;429;0;3094;7;0.4;0.0
974;2021-01-27;316;0;3410;7;0.4;0.0
974;2021-01-28;409;0;3819;7;0.4;0.0
974;2021-01-29;422;3;4241;10;0.5;0.0
974;2021-01-30;421;1;4662;11;0.5;0.0
974;2021-01-31;0;0;4662;11;0.5;0.0
974;2021-02-01;373;4;5035;15;0.6;0.0
974;2021-02-02;500;4;5535;19;0.6;0.0
974;2021-02-03;602;13;6137;32;0.7;0.0
974;2021-02-04;629;20;6766;52;0.8;0.0
974;2021-02-05;564;97;7330;149;0.9;0.0
974;2021-02-06;501;5;7831;154;0.9;0.0
974;2021-02-07;0;8;7831;162;0.9;0.0
974;2021-02-08;470;34;8301;196;1.0;0.0
974;2021-02-09;787;93;9088;289;1.1;0.0
974;2021-02-10;820;87;9908;376;1.2;0.0
974;2021-02-11;796;88;10704;464;1.2;0.1
974;2021-02-12;638;93;11342;557;1.3;0.1
974;2021-02-13;654;75;11996;632;1.4;0.1
974;2021-02-14;1;0;11997;632;1.4;0.1
974;2021-02-15;526;127;12523;759;1.5;0.1
974;2021-02-16;651;533;13174;1292;1.5;0.2
974;2021-02-17;592;325;13766;1617;1.6;0.2
974;2021-02-18;494;403;14260;2020;1.7;0.2
974;2021-02-19;497;318;14757;2338;1.7;0.3
974;2021-02-20;577;117;15334;2455;1.8;0.3
974;2021-02-21;0;0;15334;2455;1.8;0.3
974;2021-02-22;403;236;15737;2691;1.8;0.3
974;2021-02-23;608;234;16345;2925;1.9;0.3
974;2021-02-24;584;250;16929;3175;2.0;0.4
974;2021-02-25;649;294;17578;3469;2.0;0.4
974;2021-02-26;485;460;18063;3929;2.1;0.5
974;2021-02-27;384;464;18447;4393;2.1;0.5
974;2021-02-28;0;0;18447;4393;2.1;0.5
974;2021-03-01;293;382;18740;4775;2.2;0.6
974;2021-03-02;486;499;19226;5274;2.2;0.6
974;2021-03-03;757;535;19983;5809;2.3;0.7
974;2021-03-04;777;490;20760;6299;2.4;0.7
974;2021-03-05;729;516;21489;6815;2.5;0.8
974;2021-03-06;812;523;22301;7338;2.6;0.9
974;2021-03-07;0;0;22301;7338;2.6;0.9
974;2021-03-08;436;553;22737;7891;2.6;0.9
974;2021-03-09;671;767;23408;8658;2.7;1.0
974;2021-03-10;643;833;24051;9491;2.8;1.1
974;2021-03-11;701;626;24752;10117;2.9;1.2
974;2021-03-12;731;651;25483;10768;3.0;1.3
974;2021-03-13;669;600;26152;11368;3.0;1.3
974;2021-03-14;2;0;26154;11368;3.0;1.3
974;2021-03-15;509;491;26663;11859;3.1;1.4
974;2021-03-16;681;690;27344;12549;3.2;1.5
974;2021-03-17;848;520;28192;13069;3.3;1.5
974;2021-03-18;1021;504;29213;13573;3.4;1.6
974;2021-03-19;786;528;29999;14101;3.5;1.6
974;2021-03-20;578;592;30577;14693;3.6;1.7
974;2021-03-21;0;0;30577;14693;3.6;1.7
974;2021-03-22;566;467;31143;15160;3.6;1.8
974;2021-03-23;780;636;31923;15796;3.7;1.8
974;2021-03-24;792;643;32715;16439;3.8;1.9
974;2021-03-25;934;538;33649;16977;3.9;2.0
974;2021-03-26;922;451;34571;17428;4.0;2.0
974;2021-03-27;782;336;35353;17764;4.1;2.1
974;2021-03-28;1;0;35354;17764;4.1;2.1
974;2021-03-29;961;270;36315;18034;4.2;2.1
974;2021-03-30;884;495;37199;18529;4.3;2.2
974;2021-03-31;739;657;37938;19186;4.4;2.2
974;2021-04-01;718;705;38656;19891;4.5;2.3
974;2021-04-02;688;756;39344;20647;4.6;2.4
974;2021-04-03;699;698;40043;21345;4.7;2.5
974;2021-04-04;0;0;40043;21345;4.7;2.5
974;2021-04-05;0;0;40043;21345;4.7;2.5
974;2021-04-06;796;635;40839;21980;4.7;2.6
974;2021-04-07;1368;782;42207;22762;4.9;2.6
974;2021-04-08;1792;769;43999;23531;5.1;2.7
974;2021-04-09;1509;775;45508;24306;5.3;2.8
974;2021-04-10;1137;646;46645;24952;5.4;2.9
974;2021-04-11;2;0;46647;24952;5.4;2.9
974;2021-04-12;1238;546;47885;25498;5.6;3.0
974;2021-04-13;1439;751;49324;26249;5.7;3.1
974;2021-04-14;2070;766;51394;27015;6.0;3.1
974;2021-04-15;2506;954;53900;27969;6.3;3.3
974;2021-04-16;1935;783;55835;28752;6.5;3.3
974;2021-04-17;1290;603;57125;29355;6.6;3.4
974;2021-04-18;0;0;57125;29355;6.6;3.4
974;2021-04-19;1374;563;58499;29918;6.8;3.5
974;2021-04-20;1651;805;60150;30723;7.0;3.6
974;2021-04-21;2126;626;62276;31349;7.2;3.6
974;2021-04-22;2953;821;65229;32170;7.6;3.7
974;2021-04-23;2312;818;67541;32988;7.9;3.8
974;2021-04-24;1110;804;68651;33792;8.0;3.9
974;2021-04-25;3;0;68654;33792;8.0;3.9
974;2021-04-26;1173;913;69827;34705;8.1;4.0
974;2021-04-27;1686;1027;71513;35732;8.3;4.2
974;2021-04-28;2900;750;74413;36482;8.7;4.2
974;2021-04-29;3949;815;78362;37297;9.1;4.3
974;2021-04-30;3449;905;81811;38202;9.5;4.4
974;2021-05-01;2106;226;83917;38428;9.8;4.5
974;2021-05-02;1;0;83918;38428;9.8;4.5
974;2021-05-03;1865;575;85783;39003;10.0;4.5
974;2021-05-04;2127;1093;87910;40096;10.2;4.7
974;2021-05-05;3121;1644;91031;41740;10.6;4.9
974;2021-05-06;4004;1586;95035;43326;11.1;5.0
974;2021-05-07;3229;1524;98264;44850;11.4;5.2
974;2021-05-08;1576;503;99840;45353;11.6;5.3
974;2021-05-09;2;1;99842;45354;11.6;5.3
974;2021-05-10;2413;1000;102255;46354;11.9;5.4
974;2021-05-11;3652;1640;105907;47994;12.3;5.6
974;2021-05-12;4723;2405;110630;50399;12.9;5.9
974;2021-05-13;3556;598;114186;50997;13.3;5.9
974;2021-05-14;5277;2515;119463;53512;13.9;6.2
974;2021-05-15;3158;1536;122621;55048;14.3;6.4
974;2021-05-16;16;19;122637;55067;14.3;6.4
974;2021-05-17;2998;1497;125635;56564;14.6;6.6
974;2021-05-18;3765;1803;129400;58367;15.0;6.8
974;2021-05-19;4692;2434;134092;60801;15.6;7.1
974;2021-05-20;5139;2854;139231;63655;16.2;7.4
974;2021-05-21;4996;2633;144227;66288;16.8;7.7
974;2021-05-22;3371;1256;147598;67544;17.2;7.9
974;2021-05-23;5;3;147603;67547;17.2;7.9
974;2021-05-24;3644;1078;151247;68625;17.6;8.0
974;2021-05-25;4247;1915;155494;70540;18.1;8.2
974;2021-05-26;4992;2992;160486;73532;18.7;8.6
974;2021-05-27;4620;4100;165106;77632;19.2;9.0
974;2021-05-28;4386;3835;169492;81467;19.7;9.5
974;2021-05-29;2555;2455;172047;83922;20.0;9.8
974;2021-05-30;8;14;172055;83936;20.0;9.8
974;2021-05-31;2348;2253;174403;86189;20.3;10.0
974;2021-06-01;3302;2760;177705;88949;20.7;10.3
974;2021-06-02;3971;3364;181676;92313;21.1;10.7
974;2021-06-03;4044;3651;185720;95964;21.6;11.2
974;2021-06-04;3850;3757;189570;99721;22.0;11.6
974;2021-06-05;2214;1927;191784;101648;22.3;11.8
974;2021-06-06;1073;134;192857;101782;22.4;11.8
974;2021-06-07;2013;2525;194870;104307;22.7;12.1
974;2021-06-08;2558;3339;197428;107646;23.0;12.5
974;2021-06-09;2984;4838;200412;112484;23.3;13.1
974;2021-06-10;3413;4465;203825;116949;23.7;13.6
974;2021-06-11;2841;4622;206666;121571;24.0;14.1
974;2021-06-12;1727;3377;208393;124948;24.2;14.5
974;2021-06-13;1324;246;209717;125194;24.4;14.6
974;2021-06-14;1490;3183;211207;128377;24.6;14.9
974;2021-06-15;2060;3615;213267;131992;24.8;15.3
974;2021-06-16;2751;4657;216018;136649;25.1;15.9
974;2021-06-17;2522;4895;218540;141544;25.4;16.5
974;2021-06-18;2598;4891;221138;146435;25.7;17.0
974;2021-06-19;1304;3517;222442;149952;25.9;17.4
974;2021-06-20;632;289;223074;150241;25.9;17.5
974;2021-06-21;1265;3234;224339;153475;26.1;17.8
974;2021-06-22;1623;3763;225962;157238;26.3;18.3
974;2021-06-23;2258;4995;228220;162233;26.5;18.9
974;2021-06-24;2283;4070;230503;166303;26.8;19.3
974;2021-06-25;2188;4106;232691;170409;27.1;19.8
974;2021-06-26;1401;2710;234092;173119;27.2;20.1
974;2021-06-27;665;268;234757;173387;27.3;20.2
974;2021-06-28;1307;2478;236064;175865;27.5;20.5
974;2021-06-29;1758;2847;237822;178712;27.7;20.8
974;2021-06-30;2563;3846;240385;182558;28.0;21.2
974;2021-07-01;2699;3826;243084;186384;28.3;21.7
974;2021-07-02;2513;3714;245597;190098;28.6;22.1
974;2021-07-03;1614;2459;247211;192557;28.7;22.4
974;2021-07-04;882;1039;248093;193596;28.8;22.5
974;2021-07-05;1696;2222;249789;195818;29.0;22.8
974;2021-07-06;2575;2543;252364;198361;29.3;23.1
974;2021-07-07;2663;3134;255027;201495;29.7;23.4
974;2021-07-08;2418;3173;257445;204668;29.9;23.8
974;2021-07-09;2762;3429;260207;208097;30.3;24.2
974;2021-07-10;1619;2192;261826;210289;30.4;24.5
974;2021-07-11;729;1017;262555;211306;30.5;24.6
974;2021-07-12;1747;2603;264302;213909;30.7;24.9
974;2021-07-13;4430;3340;268732;217249;31.2;25.3
974;2021-07-14;3295;604;272027;217853;31.6;25.3
974;2021-07-15;5557;4017;277584;221870;32.3;25.8
974;2021-07-16;6239;3299;283823;225169;33.0;26.2
974;2021-07-17;4373;1912;288196;227081;33.5;26.4
974;2021-07-18;2673;765;290869;227846;33.8;26.5
974;2021-07-19;4651;2030;295520;229876;34.4;26.7
974;2021-07-20;6232;2426;301752;232302;35.1;27.0
974;2021-07-21;6742;2854;308494;235156;35.9;27.3
974;2021-07-22;7142;2811;315636;237967;36.7;27.7
974;2021-07-23;6640;2982;322276;240949;37.5;28.0
974;2021-07-24;3800;2062;326076;243011;37.9;28.3
974;2021-07-25;2521;756;328597;243767;38.2;28.3
974;2021-07-26;4373;2090;332970;245857;38.7;28.6
974;2021-07-27;5440;2561;338410;248418;39.4;28.9
974;2021-07-28;5392;2904;343802;251322;40.0;29.2
974;2021-07-29;5743;2803;349545;254125;40.6;29.6
974;2021-07-30;5872;2577;355417;256702;41.3;29.9
974;2021-07-31;3939;1645;359356;258347;41.8;30.0
974;2021-08-01;1904;713;361260;259060;42.0;30.1
974;2021-08-02;3398;1867;364658;260927;42.4;30.3
974;2021-08-03;4297;4072;368955;264999;42.9;30.8
974;2021-08-04;4872;4231;373827;269230;43.5;31.3
974;2021-08-05;4429;4673;378256;273903;44.0;31.9
974;2021-08-06;4071;5098;382327;279001;44.5;32.4
974;2021-08-07;2744;4041;385071;283042;44.8;32.9
974;2021-08-08;1476;2263;386547;285305;44.9;33.2
974;2021-08-09;2562;4527;389109;289832;45.2;33.7
974;2021-08-10;3778;4964;392887;294796;45.7;34.3
974;2021-08-11;4600;5436;397487;300232;46.2;34.9
974;2021-08-12;4681;5923;402168;306155;46.8;35.6
974;2021-08-13;4444;5836;406612;311991;47.3;36.3
974;2021-08-14;2569;4327;409181;316318;47.6;36.8
974;2021-08-15;1566;2178;410747;318496;47.8;37.0
974;2021-08-16;2329;4176;413076;322672;48.0;37.5
974;2021-08-17;3137;4530;416213;327202;48.4;38.0
974;2021-08-18;3309;5896;419522;333098;48.8;38.7
974;2021-08-19;3278;4898;422800;337996;49.2;39.3
974;2021-08-20;3413;5270;426213;343266;49.6;39.9
974;2021-08-21;1803;4618;428016;347884;49.8;40.5
974;2021-08-22;1016;1941;429032;349825;49.9;40.7
974;2021-08-23;1790;3326;430822;353151;50.1;41.1
974;2021-08-24;2430;3774;433252;356925;50.4;41.5
974;2021-08-25;2873;5199;436125;362124;50.7;42.1
974;2021-08-26;2651;3861;438776;365985;51.0;42.6
974;2021-08-27;2759;3998;441535;369983;51.3;43.0
974;2021-08-28;1826;3868;443361;373851;51.6;43.5
974;2021-08-29;735;1573;444096;375424;51.6;43.7
974;2021-08-30;1554;2532;445650;377956;51.8;44.0
974;2021-08-31;1839;3342;447489;381298;52.0;44.3
974;2021-09-01;2313;4883;449802;386181;52.3;44.9
975;2020-12-27;0;0;0;0;0.0;0.0
975;2020-12-28;0;0;0;0;0.0;0.0
975;2020-12-29;0;0;0;0;0.0;0.0
975;2020-12-30;0;0;0;0;0.0;0.0
975;2020-12-31;0;0;0;0;0.0;0.0
975;2021-01-01;0;0;0;0;0.0;0.0
975;2021-01-02;0;0;0;0;0.0;0.0
975;2021-01-03;0;0;0;0;0.0;0.0
975;2021-01-04;0;0;0;0;0.0;0.0
975;2021-01-05;0;0;0;0;0.0;0.0
975;2021-01-06;0;0;0;0;0.0;0.0
975;2021-01-07;0;0;0;0;0.0;0.0
975;2021-01-08;0;0;0;0;0.0;0.0
975;2021-01-09;0;0;0;0;0.0;0.0
975;2021-01-10;0;0;0;0;0.0;0.0
975;2021-01-11;0;0;0;0;0.0;0.0
975;2021-01-12;0;0;0;0;0.0;0.0
975;2021-01-13;0;0;0;0;0.0;0.0
975;2021-01-14;0;0;0;0;0.0;0.0
975;2021-01-15;0;0;0;0;0.0;0.0
975;2021-01-16;0;0;0;0;0.0;0.0
975;2021-01-17;0;0;0;0;0.0;0.0
975;2021-01-18;0;0;0;0;0.0;0.0
975;2021-01-19;0;0;0;0;0.0;0.0
975;2021-01-20;0;0;0;0;0.0;0.0
975;2021-01-21;0;0;0;0;0.0;0.0
975;2021-01-22;0;0;0;0;0.0;0.0
975;2021-01-23;0;0;0;0;0.0;0.0
975;2021-01-24;0;0;0;0;0.0;0.0
975;2021-01-25;0;0;0;0;0.0;0.0
975;2021-01-26;0;0;0;0;0.0;0.0
975;2021-01-27;0;0;0;0;0.0;0.0
975;2021-01-28;0;0;0;0;0.0;0.0
975;2021-01-29;0;0;0;0;0.0;0.0
975;2021-01-30;0;0;0;0;0.0;0.0
975;2021-01-31;0;0;0;0;0.0;0.0
975;2021-02-01;0;0;0;0;0.0;0.0
975;2021-02-02;0;0;0;0;0.0;0.0
975;2021-02-03;0;0;0;0;0.0;0.0
975;2021-02-04;0;0;0;0;0.0;0.0
975;2021-02-05;0;0;0;0;0.0;0.0
975;2021-02-06;0;0;0;0;0.0;0.0
975;2021-02-07;0;0;0;0;0.0;0.0
975;2021-02-08;0;0;0;0;0.0;0.0
975;2021-02-09;0;0;0;0;0.0;0.0
975;2021-02-10;0;0;0;0;0.0;0.0
975;2021-02-11;0;0;0;0;0.0;0.0
975;2021-02-12;0;0;0;0;0.0;0.0
975;2021-02-13;0;0;0;0;0.0;0.0
975;2021-02-14;0;0;0;0;0.0;0.0
975;2021-02-15;0;0;0;0;0.0;0.0
975;2021-02-16;0;0;0;0;0.0;0.0
975;2021-02-17;0;0;0;0;0.0;0.0
975;2021-02-18;0;0;0;0;0.0;0.0
975;2021-02-19;0;0;0;0;0.0;0.0
975;2021-02-20;0;0;0;0;0.0;0.0
975;2021-02-21;0;0;0;0;0.0;0.0
975;2021-02-22;0;0;0;0;0.0;0.0
975;2021-02-23;0;0;0;0;0.0;0.0
975;2021-02-24;0;0;0;0;0.0;0.0
975;2021-02-25;0;0;0;0;0.0;0.0
975;2021-02-26;0;0;0;0;0.0;0.0
975;2021-02-27;0;0;0;0;0.0;0.0
975;2021-02-28;0;0;0;0;0.0;0.0
975;2021-03-01;0;0;0;0;0.0;0.0
975;2021-03-02;0;0;0;0;0.0;0.0
975;2021-03-03;0;0;0;0;0.0;0.0
975;2021-03-04;0;0;0;0;0.0;0.0
975;2021-03-05;0;0;0;0;0.0;0.0
975;2021-03-06;0;0;0;0;0.0;0.0
975;2021-03-07;0;0;0;0;0.0;0.0
975;2021-03-08;0;0;0;0;0.0;0.0
975;2021-03-09;0;0;0;0;0.0;0.0
975;2021-03-10;0;0;0;0;0.0;0.0
975;2021-03-11;0;0;0;0;0.0;0.0
975;2021-03-12;0;0;0;0;0.0;0.0
975;2021-03-13;0;0;0;0;0.0;0.0
975;2021-03-14;0;0;0;0;0.0;0.0
975;2021-03-15;0;0;0;0;0.0;0.0
975;2021-03-16;0;0;0;0;0.0;0.0
975;2021-03-17;0;0;0;0;0.0;0.0
975;2021-03-18;0;0;0;0;0.0;0.0
975;2021-03-19;0;0;0;0;0.0;0.0
975;2021-03-20;0;0;0;0;0.0;0.0
975;2021-03-21;0;0;0;0;0.0;0.0
975;2021-03-22;0;0;0;0;0.0;0.0
975;2021-03-23;0;0;0;0;0.0;0.0
975;2021-03-24;0;0;0;0;0.0;0.0
975;2021-03-25;0;0;0;0;0.0;0.0
975;2021-03-26;0;0;0;0;0.0;0.0
975;2021-03-27;0;0;0;0;0.0;0.0
975;2021-03-28;0;0;0;0;0.0;0.0
975;2021-03-29;2;0;2;0;0.0;0.0
975;2021-03-30;0;0;2;0;0.0;0.0
975;2021-03-31;0;0;2;0;0.0;0.0
975;2021-04-01;0;0;2;0;0.0;0.0
975;2021-04-02;0;0;2;0;0.0;0.0
975;2021-04-03;0;0;2;0;0.0;0.0
975;2021-04-04;0;0;2;0;0.0;0.0
975;2021-04-05;0;0;2;0;0.0;0.0
975;2021-04-06;0;0;2;0;0.0;0.0
975;2021-04-07;0;0;2;0;0.0;0.0
975;2021-04-08;1;0;3;0;0.1;0.0
975;2021-04-09;0;0;3;0;0.1;0.0
975;2021-04-10;0;0;3;0;0.1;0.0
975;2021-04-11;0;0;3;0;0.1;0.0
975;2021-04-12;0;0;3;0;0.1;0.0
975;2021-04-13;0;0;3;0;0.1;0.0
975;2021-04-14;0;0;3;0;0.1;0.0
975;2021-04-15;0;0;3;0;0.1;0.0
975;2021-04-16;0;0;3;0;0.1;0.0
975;2021-04-17;0;0;3;0;0.1;0.0
975;2021-04-18;0;0;3;0;0.1;0.0
975;2021-04-19;0;0;3;0;0.1;0.0
975;2021-04-20;0;0;3;0;0.1;0.0
975;2021-04-21;0;0;3;0;0.1;0.0
975;2021-04-22;0;0;3;0;0.1;0.0
975;2021-04-23;0;0;3;0;0.1;0.0
975;2021-04-24;0;0;3;0;0.1;0.0
975;2021-04-25;0;0;3;0;0.1;0.0
975;2021-04-26;0;0;3;0;0.1;0.0
975;2021-04-27;0;0;3;0;0.1;0.0
975;2021-04-28;0;0;3;0;0.1;0.0
975;2021-04-29;0;0;3;0;0.1;0.0
975;2021-04-30;0;0;3;0;0.1;0.0
975;2021-05-01;0;0;3;0;0.1;0.0
975;2021-05-02;0;0;3;0;0.1;0.0
975;2021-05-03;0;0;3;0;0.1;0.0
975;2021-05-04;0;0;3;0;0.1;0.0
975;2021-05-05;0;0;3;0;0.1;0.0
975;2021-05-06;0;0;3;0;0.1;0.0
975;2021-05-07;0;0;3;0;0.1;0.0
975;2021-05-08;0;0;3;0;0.1;0.0
975;2021-05-09;0;0;3;0;0.1;0.0
975;2021-05-10;0;0;3;0;0.1;0.0
975;2021-05-11;0;0;3;0;0.1;0.0
975;2021-05-12;0;0;3;0;0.1;0.0
975;2021-05-13;0;0;3;0;0.1;0.0
975;2021-05-14;0;0;3;0;0.1;0.0
975;2021-05-15;0;0;3;0;0.1;0.0
975;2021-05-16;0;0;3;0;0.1;0.0
975;2021-05-17;0;0;3;0;0.1;0.0
975;2021-05-18;0;0;3;0;0.1;0.0
975;2021-05-19;0;0;3;0;0.1;0.0
975;2021-05-20;0;0;3;0;0.1;0.0
975;2021-05-21;0;0;3;0;0.1;0.0
975;2021-05-22;0;0;3;0;0.1;0.0
975;2021-05-23;0;0;3;0;0.1;0.0
975;2021-05-24;0;0;3;0;0.1;0.0
975;2021-05-25;0;0;3;0;0.1;0.0
975;2021-05-26;0;0;3;0;0.1;0.0
975;2021-05-27;0;0;3;0;0.1;0.0
975;2021-05-28;0;0;3;0;0.1;0.0
975;2021-05-29;0;2;3;2;0.1;0.0
975;2021-05-30;0;0;3;2;0.1;0.0
975;2021-05-31;0;0;3;2;0.1;0.0
975;2021-06-01;0;0;3;2;0.1;0.0
975;2021-06-02;0;0;3;2;0.1;0.0
975;2021-06-03;0;0;3;2;0.1;0.0
975;2021-06-04;0;0;3;2;0.1;0.0
975;2021-06-05;0;0;3;2;0.1;0.0
975;2021-06-06;0;0;3;2;0.1;0.0
975;2021-06-07;0;0;3;2;0.1;0.0
975;2021-06-08;0;0;3;2;0.1;0.0
975;2021-06-09;0;0;3;2;0.1;0.0
975;2021-06-10;0;0;3;2;0.1;0.0
975;2021-06-11;0;0;3;2;0.1;0.0
975;2021-06-12;0;0;3;2;0.1;0.0
975;2021-06-13;0;0;3;2;0.1;0.0
975;2021-06-14;0;0;3;2;0.1;0.0
975;2021-06-15;0;0;3;2;0.1;0.0
975;2021-06-16;0;0;3;2;0.1;0.0
975;2021-06-17;0;0;3;2;0.1;0.0
975;2021-06-18;0;0;3;2;0.1;0.0
975;2021-06-19;0;0;3;2;0.1;0.0
975;2021-06-20;0;0;3;2;0.1;0.0
975;2021-06-21;1;0;4;2;0.1;0.0
975;2021-06-22;0;0;4;2;0.1;0.0
975;2021-06-23;0;0;4;2;0.1;0.0
975;2021-06-24;0;0;4;2;0.1;0.0
975;2021-06-25;0;0;4;2;0.1;0.0
975;2021-06-26;0;0;4;2;0.1;0.0
975;2021-06-27;0;0;4;2;0.1;0.0
975;2021-06-28;0;0;4;2;0.1;0.0
975;2021-06-29;0;0;4;2;0.1;0.0
975;2021-06-30;0;0;4;2;0.1;0.0
975;2021-07-01;0;0;4;2;0.1;0.0
975;2021-07-02;0;0;4;2;0.1;0.0
975;2021-07-03;0;0;4;2;0.1;0.0
975;2021-07-04;0;0;4;2;0.1;0.0
975;2021-07-05;0;0;4;2;0.1;0.0
975;2021-07-06;1;0;5;2;0.1;0.0
975;2021-07-07;7;0;12;2;0.2;0.0
975;2021-07-08;0;0;12;2;0.2;0.0
975;2021-07-09;1;0;13;2;0.2;0.0
975;2021-07-10;0;0;13;2;0.2;0.0
975;2021-07-11;0;0;13;2;0.2;0.0
975;2021-07-12;1;0;14;2;0.2;0.0
975;2021-07-13;0;0;14;2;0.2;0.0
975;2021-07-14;0;0;14;2;0.2;0.0
975;2021-07-15;0;0;14;2;0.2;0.0
975;2021-07-16;0;0;14;2;0.2;0.0
975;2021-07-17;0;0;14;2;0.2;0.0
975;2021-07-18;0;0;14;2;0.2;0.0
975;2021-07-19;0;0;14;2;0.2;0.0
975;2021-07-20;0;0;14;2;0.2;0.0
975;2021-07-21;0;0;14;2;0.2;0.0
975;2021-07-22;0;0;14;2;0.2;0.0
975;2021-07-23;0;0;14;2;0.2;0.0
975;2021-07-24;0;0;14;2;0.2;0.0
975;2021-07-25;0;0;14;2;0.2;0.0
975;2021-07-26;0;0;14;2;0.2;0.0
975;2021-07-27;0;0;14;2;0.2;0.0
975;2021-07-28;0;0;14;2;0.2;0.0
975;2021-07-29;0;0;14;2;0.2;0.0
975;2021-07-30;0;0;14;2;0.2;0.0
975;2021-07-31;0;0;14;2;0.2;0.0
975;2021-08-01;0;0;14;2;0.2;0.0
975;2021-08-02;1;0;15;2;0.3;0.0
975;2021-08-03;0;0;15;2;0.3;0.0
975;2021-08-04;0;0;15;2;0.3;0.0
975;2021-08-05;0;0;15;2;0.3;0.0
975;2021-08-06;0;0;15;2;0.3;0.0
975;2021-08-07;0;0;15;2;0.3;0.0
975;2021-08-08;0;0;15;2;0.3;0.0
975;2021-08-09;0;0;15;2;0.3;0.0
975;2021-08-10;0;0;15;2;0.3;0.0
975;2021-08-11;0;0;15;2;0.3;0.0
975;2021-08-12;0;0;15;2;0.3;0.0
975;2021-08-13;0;0;15;2;0.3;0.0
975;2021-08-14;0;0;15;2;0.3;0.0
975;2021-08-15;0;0;15;2;0.3;0.0
975;2021-08-16;0;0;15;2;0.3;0.0
975;2021-08-17;0;0;15;2;0.3;0.0
975;2021-08-18;0;0;15;2;0.3;0.0
975;2021-08-19;0;1;15;3;0.3;0.1
975;2021-08-20;0;0;15;3;0.3;0.1
975;2021-08-21;0;0;15;3;0.3;0.1
975;2021-08-22;0;0;15;3;0.3;0.1
975;2021-08-23;0;0;15;3;0.3;0.1
975;2021-08-24;0;0;15;3;0.3;0.1
975;2021-08-25;0;0;15;3;0.3;0.1
975;2021-08-26;0;0;15;3;0.3;0.1
975;2021-08-27;0;0;15;3;0.3;0.1
975;2021-08-28;0;0;15;3;0.3;0.1
975;2021-08-29;0;0;15;3;0.3;0.1
975;2021-08-30;0;0;15;3;0.3;0.1
975;2021-08-31;0;0;15;3;0.3;0.1
975;2021-09-01;0;0;15;3;0.3;0.1
976;2020-12-27;0;0;0;0;0.0;0.0
976;2020-12-28;0;0;0;0;0.0;0.0
976;2020-12-29;0;0;0;0;0.0;0.0
976;2020-12-30;0;0;0;0;0.0;0.0
976;2020-12-31;0;0;0;0;0.0;0.0
976;2021-01-01;0;0;0;0;0.0;0.0
976;2021-01-02;0;0;0;0;0.0;0.0
976;2021-01-03;0;0;0;0;0.0;0.0
976;2021-01-04;0;0;0;0;0.0;0.0
976;2021-01-05;0;0;0;0;0.0;0.0
976;2021-01-06;0;0;0;0;0.0;0.0
976;2021-01-07;0;0;0;0;0.0;0.0
976;2021-01-08;0;0;0;0;0.0;0.0
976;2021-01-09;0;0;0;0;0.0;0.0
976;2021-01-10;0;0;0;0;0.0;0.0
976;2021-01-11;9;0;9;0;0.0;0.0
976;2021-01-12;0;0;9;0;0.0;0.0
976;2021-01-13;0;0;9;0;0.0;0.0
976;2021-01-14;0;0;9;0;0.0;0.0
976;2021-01-15;1;0;10;0;0.0;0.0
976;2021-01-16;1;0;11;0;0.0;0.0
976;2021-01-17;0;0;11;0;0.0;0.0
976;2021-01-18;1;0;12;0;0.0;0.0
976;2021-01-19;0;0;12;0;0.0;0.0
976;2021-01-20;0;0;12;0;0.0;0.0
976;2021-01-21;1;1;13;1;0.0;0.0
976;2021-01-22;0;0;13;1;0.0;0.0
976;2021-01-23;1;0;14;1;0.0;0.0
976;2021-01-24;0;0;14;1;0.0;0.0
976;2021-01-25;143;3;157;4;0.1;0.0
976;2021-01-26;167;3;324;7;0.1;0.0
976;2021-01-27;250;3;574;10;0.2;0.0
976;2021-01-28;102;8;676;18;0.2;0.0
976;2021-01-29;231;3;907;21;0.3;0.0
976;2021-01-30;285;11;1192;32;0.4;0.0
976;2021-01-31;1;0;1193;32;0.4;0.0
976;2021-02-01;161;1;1354;33;0.5;0.0
976;2021-02-02;330;9;1684;42;0.6;0.0
976;2021-02-03;228;3;1912;45;0.7;0.0
976;2021-02-04;216;9;2128;54;0.8;0.0
976;2021-02-05;213;0;2341;54;0.8;0.0
976;2021-02-06;83;10;2424;64;0.9;0.0
976;2021-02-07;0;0;2424;64;0.9;0.0
976;2021-02-08;82;4;2506;68;0.9;0.0
976;2021-02-09;194;1;2700;69;1.0;0.0
976;2021-02-10;187;5;2887;74;1.0;0.0
976;2021-02-11;236;4;3123;78;1.1;0.0
976;2021-02-12;289;4;3412;82;1.2;0.0
976;2021-02-13;56;0;3468;82;1.2;0.0
976;2021-02-14;1;0;3469;82;1.2;0.0
976;2021-02-15;359;7;3828;89;1.4;0.0
976;2021-02-16;266;9;4094;98;1.5;0.0
976;2021-02-17;167;8;4261;106;1.5;0.0
976;2021-02-18;218;13;4479;119;1.6;0.0
976;2021-02-19;237;24;4716;143;1.7;0.1
976;2021-02-20;139;9;4855;152;1.7;0.1
976;2021-02-21;0;0;4855;152;1.7;0.1
976;2021-02-22;130;120;4985;272;1.8;0.1
976;2021-02-23;185;155;5170;427;1.8;0.2
976;2021-02-24;176;145;5346;572;1.9;0.2
976;2021-02-25;227;277;5573;849;2.0;0.3
976;2021-02-26;242;243;5815;1092;2.1;0.4
976;2021-02-27;0;0;5815;1092;2.1;0.4
976;2021-02-28;0;0;5815;1092;2.1;0.4
976;2021-03-01;146;259;5961;1351;2.1;0.5
976;2021-03-02;228;261;6189;1612;2.2;0.6
976;2021-03-03;202;189;6391;1801;2.3;0.6
976;2021-03-04;205;144;6596;1945;2.4;0.7
976;2021-03-05;224;116;6820;2061;2.4;0.7
976;2021-03-06;1;0;6821;2061;2.4;0.7
976;2021-03-07;1;0;6822;2061;2.4;0.7
976;2021-03-08;189;111;7011;2172;2.5;0.8
976;2021-03-09;391;162;7402;2334;2.6;0.8
976;2021-03-10;180;178;7582;2512;2.7;0.9
976;2021-03-11;167;207;7749;2719;2.8;1.0
976;2021-03-12;237;294;7986;3013;2.9;1.1
976;2021-03-13;2;0;7988;3013;2.9;1.1
976;2021-03-14;0;0;7988;3013;2.9;1.1
976;2021-03-15;157;294;8145;3307;2.9;1.2
976;2021-03-16;238;226;8383;3533;3.0;1.3
976;2021-03-17;264;145;8647;3678;3.1;1.3
976;2021-03-18;174;236;8821;3914;3.2;1.4
976;2021-03-19;173;298;8994;4212;3.2;1.5
976;2021-03-20;0;0;8994;4212;3.2;1.5
976;2021-03-21;0;0;8994;4212;3.2;1.5
976;2021-03-22;97;136;9091;4348;3.3;1.6
976;2021-03-23;136;239;9227;4587;3.3;1.6
976;2021-03-24;160;147;9387;4734;3.4;1.7
976;2021-03-25;185;206;9572;4940;3.4;1.8
976;2021-03-26;160;212;9732;5152;3.5;1.8
976;2021-03-27;18;0;9750;5152;3.5;1.8
976;2021-03-28;1;0;9751;5152;3.5;1.8
976;2021-03-29;0;2;9751;5154;3.5;1.8
976;2021-03-30;273;336;10024;5490;3.6;2.0
976;2021-03-31;225;125;10249;5615;3.7;2.0
976;2021-04-01;246;104;10495;5719;3.8;2.0
976;2021-04-02;289;262;10784;5981;3.9;2.1
976;2021-04-03;905;310;11689;6291;4.2;2.3
976;2021-04-04;2;0;11691;6291;4.2;2.3
976;2021-04-05;1;0;11692;6291;4.2;2.3
976;2021-04-06;162;277;11854;6568;4.2;2.4
976;2021-04-07;237;266;12091;6834;4.3;2.4
976;2021-04-08;284;139;12375;6973;4.4;2.5
976;2021-04-09;249;171;12624;7144;4.5;2.6
976;2021-04-10;181;114;12805;7258;4.6;2.6
976;2021-04-11;7;0;12812;7258;4.6;2.6
976;2021-04-12;0;19;12812;7277;4.6;2.6
976;2021-04-13;394;345;13206;7622;4.7;2.7
976;2021-04-14;239;205;13445;7827;4.8;2.8
976;2021-04-15;209;117;13654;7944;4.9;2.8
976;2021-04-16;214;127;13868;8071;5.0;2.9
976;2021-04-17;226;131;14094;8202;5.0;2.9
976;2021-04-18;1;0;14095;8202;5.0;2.9
976;2021-04-19;7;1;14102;8203;5.0;2.9
976;2021-04-20;369;222;14471;8425;5.2;3.0
976;2021-04-21;412;149;14883;8574;5.3;3.1
976;2021-04-22;410;150;15293;8724;5.5;3.1
976;2021-04-23;367;166;15660;8890;5.6;3.2
976;2021-04-24;413;128;16073;9018;5.8;3.2
976;2021-04-25;2;0;16075;9018;5.8;3.2
976;2021-04-26;55;8;16130;9026;5.8;3.2
976;2021-04-27;351;293;16481;9319;5.9;3.3
976;2021-04-28;357;513;16838;9832;6.0;3.5
976;2021-04-29;559;344;17397;10176;6.2;3.6
976;2021-04-30;408;238;17805;10414;6.4;3.7
976;2021-05-01;673;286;18478;10700;6.6;3.8
976;2021-05-02;0;0;18478;10700;6.6;3.8
976;2021-05-03;141;6;18619;10706;6.7;3.8
976;2021-05-04;353;426;18972;11132;6.8;4.0
976;2021-05-05;448;318;19420;11450;6.9;4.1
976;2021-05-06;320;202;19740;11652;7.1;4.2
976;2021-05-07;341;133;20081;11785;7.2;4.2
976;2021-05-08;305;139;20386;11924;7.3;4.3
976;2021-05-09;0;0;20386;11924;7.3;4.3
976;2021-05-10;9;9;20395;11933;7.3;4.3
976;2021-05-11;363;490;20758;12423;7.4;4.4
976;2021-05-12;334;310;21092;12733;7.5;4.6
976;2021-05-13;126;96;21218;12829;7.6;4.6
976;2021-05-14;0;0;21218;12829;7.6;4.6
976;2021-05-15;486;283;21704;13112;7.8;4.7
976;2021-05-16;1;0;21705;13112;7.8;4.7
976;2021-05-17;124;51;21829;13163;7.8;4.7
976;2021-05-18;517;430;22346;13593;8.0;4.9
976;2021-05-19;653;663;22999;14256;8.2;5.1
976;2021-05-20;1059;498;24058;14754;8.6;5.3
976;2021-05-21;1046;313;25104;15067;9.0;5.4
976;2021-05-22;1243;299;26347;15366;9.4;5.5
976;2021-05-23;0;0;26347;15366;9.4;5.5
976;2021-05-24;1;0;26348;15366;9.4;5.5
976;2021-05-25;890;623;27238;15989;9.7;5.7
976;2021-05-26;1036;842;28274;16831;10.1;6.0
976;2021-05-27;1325;512;29599;17343;10.6;6.2
976;2021-05-28;957;375;30556;17718;10.9;6.3
976;2021-05-29;1131;392;31687;18110;11.3;6.5
976;2021-05-30;1;1;31688;18111;11.3;6.5
976;2021-05-31;105;6;31793;18117;11.4;6.5
976;2021-06-01;1153;652;32946;18769;11.8;6.7
976;2021-06-02;1241;530;34187;19299;12.2;6.9
976;2021-06-03;812;354;34999;19653;12.5;7.0
976;2021-06-04;1003;323;36002;19976;12.9;7.1
976;2021-06-05;680;299;36682;20275;13.1;7.3
976;2021-06-06;1;0;36683;20275;13.1;7.3
976;2021-06-07;91;12;36774;20287;13.2;7.3
976;2021-06-08;961;444;37735;20731;13.5;7.4
976;2021-06-09;972;550;38707;21281;13.9;7.6
976;2021-06-10;704;232;39411;21513;14.1;7.7
976;2021-06-11;849;366;40260;21879;14.4;7.8
976;2021-06-12;586;276;40846;22155;14.6;7.9
976;2021-06-13;2;0;40848;22155;14.6;7.9
976;2021-06-14;187;112;41035;22267;14.7;8.0
976;2021-06-15;415;839;41450;23106;14.8;8.3
976;2021-06-16;892;1442;42342;24548;15.2;8.8
976;2021-06-17;802;660;43144;25208;15.4;9.0
976;2021-06-18;710;621;43854;25829;15.7;9.2
976;2021-06-19;538;643;44392;26472;15.9;9.5
976;2021-06-20;1;0;44393;26472;15.9;9.5
976;2021-06-21;128;132;44521;26604;15.9;9.5
976;2021-06-22;431;1150;44952;27754;16.1;9.9
976;2021-06-23;685;1187;45637;28941;16.3;10.4
976;2021-06-24;481;546;46118;29487;16.5;10.6
976;2021-06-25;546;479;46664;29966;16.7;10.7
976;2021-06-26;391;693;47055;30659;16.8;11.0
976;2021-06-27;1;0;47056;30659;16.8;11.0
976;2021-06-28;107;191;47163;30850;16.9;11.0
976;2021-06-29;740;974;47903;31824;17.1;11.4
976;2021-06-30;704;947;48607;32771;17.4;11.7
976;2021-07-01;582;546;49189;33317;17.6;11.9
976;2021-07-02;454;430;49643;33747;17.8;12.1
976;2021-07-03;446;423;50089;34170;17.9;12.2
976;2021-07-04;2;0;50091;34170;17.9;12.2
976;2021-07-05;121;224;50212;34394;18.0;12.3
976;2021-07-06;503;865;50715;35259;18.1;12.6
976;2021-07-07;771;1016;51486;36275;18.4;13.0
976;2021-07-08;818;635;52304;36910;18.7;13.2
976;2021-07-09;791;519;53095;37429;19.0;13.4
976;2021-07-10;441;320;53536;37749;19.2;13.5
976;2021-07-11;0;0;53536;37749;19.2;13.5
976;2021-07-12;164;172;53700;37921;19.2;13.6
976;2021-07-13;857;1001;54557;38922;19.5;13.9
976;2021-07-14;0;5;54557;38927;19.5;13.9
976;2021-07-15;1229;816;55786;39743;20.0;14.2
976;2021-07-16;1310;660;57096;40403;20.4;14.5
976;2021-07-17;1049;377;58145;40780;20.8;14.6
976;2021-07-18;0;0;58145;40780;20.8;14.6
976;2021-07-19;205;134;58350;40914;20.9;14.6
976;2021-07-20;1160;879;59510;41793;21.3;15.0
976;2021-07-21;35;29;59545;41822;21.3;15.0
976;2021-07-22;1127;664;60672;42486;21.7;15.2
976;2021-07-23;1209;547;61881;43033;22.1;15.4
976;2021-07-24;863;439;62744;43472;22.5;15.6
976;2021-07-25;2;0;62746;43472;22.5;15.6
976;2021-07-26;181;36;62927;43508;22.5;15.6
976;2021-07-27;1145;823;64072;44331;22.9;15.9
976;2021-07-28;1041;635;65113;44966;23.3;16.1
976;2021-07-29;1241;567;66354;45533;23.7;16.3
976;2021-07-30;1216;411;67570;45944;24.2;16.4
976;2021-07-31;767;277;68337;46221;24.5;16.5
976;2021-08-01;1;0;68338;46221;24.5;16.5
976;2021-08-02;317;176;68655;46397;24.6;16.6
976;2021-08-03;1509;937;70164;47334;25.1;16.9
976;2021-08-04;1835;811;71999;48145;25.8;17.2
976;2021-08-05;1472;501;73471;48646;26.3;17.4
976;2021-08-06;1682;506;75153;49152;26.9;17.6
976;2021-08-07;917;356;76070;49508;27.2;17.7
976;2021-08-08;6;1;76076;49509;27.2;17.7
976;2021-08-09;521;235;76597;49744;27.4;17.8
976;2021-08-10;1628;1379;78225;51123;28.0;18.3
976;2021-08-11;2023;1240;80248;52363;28.7;18.7
976;2021-08-12;1693;611;81941;52974;29.3;19.0
976;2021-08-13;1530;531;83471;53505;29.9;19.1
976;2021-08-14;827;451;84298;53956;30.2;19.3
976;2021-08-15;0;0;84298;53956;30.2;19.3
976;2021-08-16;537;287;84835;54243;30.4;19.4
976;2021-08-17;1794;1300;86629;55543;31.0;19.9
976;2021-08-18;2191;1218;88820;56761;31.8;20.3
976;2021-08-19;1940;544;90760;57305;32.5;20.5
976;2021-08-20;1725;541;92485;57846;33.1;20.7
976;2021-08-21;1026;518;93511;58364;33.5;20.9
976;2021-08-22;7;0;93518;58364;33.5;20.9
976;2021-08-23;510;270;94028;58634;33.6;21.0
976;2021-08-24;1029;1004;95057;59638;34.0;21.3
976;2021-08-25;1057;1289;96114;60927;34.4;21.8
976;2021-08-26;883;570;96997;61497;34.7;22.0
976;2021-08-27;725;560;97722;62057;35.0;22.2
976;2021-08-28;466;853;98188;62910;35.1;22.5
976;2021-08-29;0;12;98188;62922;35.1;22.5
976;2021-08-30;142;256;98330;63178;35.2;22.6
976;2021-08-31;568;1157;98898;64335;35.4;23.0
976;2021-09-01;679;1386;99577;65721;35.6;23.5
977;2020-12-27;0;0;0;0;0.0;0.0
977;2020-12-28;0;0;0;0;0.0;0.0
977;2020-12-29;0;0;0;0;0.0;0.0
977;2020-12-30;0;0;0;0;0.0;0.0
977;2020-12-31;0;0;0;0;0.0;0.0
977;2021-01-01;0;0;0;0;0.0;0.0
977;2021-01-02;0;0;0;0;0.0;0.0
977;2021-01-03;0;0;0;0;0.0;0.0
977;2021-01-04;0;0;0;0;0.0;0.0
977;2021-01-05;0;0;0;0;0.0;0.0
977;2021-01-06;0;0;0;0;0.0;0.0
977;2021-01-07;0;0;0;0;0.0;0.0
977;2021-01-08;0;0;0;0;0.0;0.0
977;2021-01-09;0;0;0;0;0.0;0.0
977;2021-01-10;0;0;0;0;0.0;0.0
977;2021-01-11;0;0;0;0;0.0;0.0
977;2021-01-12;0;0;0;0;0.0;0.0
977;2021-01-13;0;0;0;0;0.0;0.0
977;2021-01-14;0;0;0;0;0.0;0.0
977;2021-01-15;0;0;0;0;0.0;0.0
977;2021-01-16;0;0;0;0;0.0;0.0
977;2021-01-17;0;0;0;0;0.0;0.0
977;2021-01-18;1;0;1;0;0.0;0.0
977;2021-01-19;0;0;1;0;0.0;0.0
977;2021-01-20;0;0;1;0;0.0;0.0
977;2021-01-21;12;0;13;0;0.1;0.0
977;2021-01-22;12;0;25;0;0.3;0.0
977;2021-01-23;0;0;25;0;0.3;0.0
977;2021-01-24;0;0;25;0;0.3;0.0
977;2021-01-25;0;0;25;0;0.3;0.0
977;2021-01-26;0;0;25;0;0.3;0.0
977;2021-01-27;12;0;37;0;0.4;0.0
977;2021-01-28;1;0;38;0;0.4;0.0
977;2021-01-29;6;0;44;0;0.4;0.0
977;2021-01-30;0;0;44;0;0.4;0.0
977;2021-01-31;0;0;44;0;0.4;0.0
977;2021-02-01;0;0;44;0;0.4;0.0
977;2021-02-02;0;0;44;0;0.4;0.0
977;2021-02-03;11;0;55;0;0.6;0.0
977;2021-02-04;12;0;67;0;0.7;0.0
977;2021-02-05;11;0;78;0;0.8;0.0
977;2021-02-06;0;0;78;0;0.8;0.0
977;2021-02-07;0;0;78;0;0.8;0.0
977;2021-02-08;0;0;78;0;0.8;0.0
977;2021-02-09;14;0;92;0;0.9;0.0
977;2021-02-10;0;0;92;0;0.9;0.0
977;2021-02-11;17;0;109;0;1.1;0.0
977;2021-02-12;45;0;154;0;1.5;0.0
977;2021-02-13;0;0;154;0;1.5;0.0
977;2021-02-14;0;0;154;0;1.5;0.0
977;2021-02-15;0;0;154;0;1.5;0.0
977;2021-02-16;0;0;154;0;1.5;0.0
977;2021-02-17;0;0;154;0;1.5;0.0
977;2021-02-18;18;0;172;0;1.7;0.0
977;2021-02-19;35;0;207;0;2.1;0.0
977;2021-02-20;0;0;207;0;2.1;0.0
977;2021-02-21;0;0;207;0;2.1;0.0
977;2021-02-22;0;0;207;0;2.1;0.0
977;2021-02-23;0;21;207;21;2.1;0.2
977;2021-02-24;0;0;207;21;2.1;0.2
977;2021-02-25;15;9;222;30;2.2;0.3
977;2021-02-26;33;18;255;48;2.6;0.5
977;2021-02-27;0;0;255;48;2.6;0.5
977;2021-02-28;0;0;255;48;2.6;0.5
977;2021-03-01;0;0;255;48;2.6;0.5
977;2021-03-02;19;11;274;59;2.8;0.6
977;2021-03-03;0;0;274;59;2.8;0.6
977;2021-03-04;16;12;290;71;2.9;0.7
977;2021-03-05;35;17;325;88;3.3;0.9
977;2021-03-06;0;0;325;88;3.3;0.9
977;2021-03-07;0;0;325;88;3.3;0.9
977;2021-03-08;0;0;325;88;3.3;0.9
977;2021-03-09;1;0;326;88;3.3;0.9
977;2021-03-10;0;0;326;88;3.3;0.9
977;2021-03-11;20;30;346;118;3.5;1.2
977;2021-03-12;62;41;408;159;4.1;1.6
977;2021-03-13;0;0;408;159;4.1;1.6
977;2021-03-14;0;0;408;159;4.1;1.6
977;2021-03-15;0;0;408;159;4.1;1.6
977;2021-03-16;30;10;438;169;4.4;1.7
977;2021-03-17;0;0;438;169;4.4;1.7
977;2021-03-18;30;16;468;185;4.7;1.9
977;2021-03-19;57;27;525;212;5.3;2.1
977;2021-03-20;0;0;525;212;5.3;2.1
977;2021-03-21;0;0;525;212;5.3;2.1
977;2021-03-22;0;0;525;212;5.3;2.1
977;2021-03-23;0;0;525;212;5.3;2.1
977;2021-03-24;0;0;525;212;5.3;2.1
977;2021-03-25;65;17;590;229;5.9;2.3
977;2021-03-26;73;26;663;255;6.7;2.6
977;2021-03-27;0;0;663;255;6.7;2.6
977;2021-03-28;0;0;663;255;6.7;2.6
977;2021-03-29;0;0;663;255;6.7;2.6
977;2021-03-30;40;18;703;273;7.1;2.7
977;2021-03-31;26;15;729;288;7.3;2.9
977;2021-04-01;25;32;754;320;7.6;3.2
977;2021-04-02;0;0;754;320;7.6;3.2
977;2021-04-03;0;0;754;320;7.6;3.2
977;2021-04-04;0;0;754;320;7.6;3.2
977;2021-04-05;9;0;763;320;7.7;3.2
977;2021-04-06;0;0;763;320;7.7;3.2
977;2021-04-07;0;0;763;320;7.7;3.2
977;2021-04-08;57;46;820;366;8.2;3.7
977;2021-04-09;58;31;878;397;8.8;4.0
977;2021-04-10;0;0;878;397;8.8;4.0
977;2021-04-11;0;0;878;397;8.8;4.0
977;2021-04-12;0;0;878;397;8.8;4.0
977;2021-04-13;0;0;878;397;8.8;4.0
977;2021-04-14;5;5;883;402;8.9;4.0
977;2021-04-15;57;70;940;472;9.4;4.7
977;2021-04-16;90;35;1030;507;10.3;5.1
977;2021-04-17;0;1;1030;508;10.3;5.1
977;2021-04-18;0;0;1030;508;10.3;5.1
977;2021-04-19;1;0;1031;508;10.4;5.1
977;2021-04-20;335;62;1366;570;13.7;5.7
977;2021-04-21;337;30;1703;600;17.1;6.0
977;2021-04-22;284;47;1987;647;19.9;6.5
977;2021-04-23;260;42;2247;689;22.6;6.9
977;2021-04-24;231;1;2478;690;24.9;6.9
977;2021-04-25;0;0;2478;690;24.9;6.9
977;2021-04-26;283;19;2761;709;27.7;7.1
977;2021-04-27;224;67;2985;776;30.0;7.8
977;2021-04-28;192;26;3177;802;31.9;8.1
977;2021-04-29;170;23;3347;825;33.6;8.3
977;2021-04-30;172;17;3519;842;35.3;8.5
977;2021-05-01;203;11;3722;853;37.4;8.6
977;2021-05-02;0;0;3722;853;37.4;8.6
977;2021-05-03;135;9;3857;862;38.7;8.7
977;2021-05-04;161;54;4018;916;40.3;9.2
977;2021-05-05;221;28;4239;944;42.6;9.5
977;2021-05-06;175;33;4414;977;44.3;9.8
977;2021-05-07;149;31;4563;1008;45.8;10.1
977;2021-05-08;1;0;4564;1008;45.8;10.1
977;2021-05-09;0;0;4564;1008;45.8;10.1
977;2021-05-10;0;0;4564;1008;45.8;10.1
977;2021-05-11;3;41;4567;1049;45.8;10.5
977;2021-05-12;6;36;4573;1085;45.9;10.9
977;2021-05-13;0;0;4573;1085;45.9;10.9
977;2021-05-14;28;98;4601;1183;46.2;11.9
977;2021-05-15;0;0;4601;1183;46.2;11.9
977;2021-05-16;1;0;4602;1183;46.2;11.9
977;2021-05-17;1;14;4603;1197;46.2;12.0
977;2021-05-18;17;32;4620;1229;46.4;12.3
977;2021-05-19;0;1;4620;1230;46.4;12.3
977;2021-05-20;0;8;4620;1238;46.4;12.4
977;2021-05-21;12;31;4632;1269;46.5;12.7
977;2021-05-22;0;0;4632;1269;46.5;12.7
977;2021-05-23;0;0;4632;1269;46.5;12.7
977;2021-05-24;0;0;4632;1269;46.5;12.7
977;2021-05-25;50;331;4682;1600;47.0;16.1
977;2021-05-26;54;360;4736;1960;47.5;19.7
977;2021-05-27;34;317;4770;2277;47.9;22.9
977;2021-05-28;27;256;4797;2533;48.2;25.4
977;2021-05-29;35;375;4832;2908;48.5;29.2
977;2021-05-30;1;0;4833;2908;48.5;29.2
977;2021-05-31;45;216;4878;3124;49.0;31.4
977;2021-06-01;48;227;4926;3351;49.5;33.6
977;2021-06-02;69;273;4995;3624;50.1;36.4
977;2021-06-03;42;252;5037;3876;50.6;38.9
977;2021-06-04;81;270;5118;4146;51.4;41.6
977;2021-06-05;1;0;5119;4146;51.4;41.6
977;2021-06-06;0;0;5119;4146;51.4;41.6
977;2021-06-07;1;1;5120;4147;51.4;41.6
977;2021-06-08;8;2;5128;4149;51.5;41.7
977;2021-06-09;0;3;5128;4152;51.5;41.7
977;2021-06-10;8;4;5136;4156;51.6;41.7
977;2021-06-11;4;8;5140;4164;51.6;41.8
977;2021-06-12;16;59;5156;4223;51.8;42.4
977;2021-06-13;0;0;5156;4223;51.8;42.4
977;2021-06-14;0;0;5156;4223;51.8;42.4
977;2021-06-15;0;1;5156;4224;51.8;42.4
977;2021-06-16;0;0;5156;4224;51.8;42.4
977;2021-06-17;2;6;5158;4230;51.8;42.5
977;2021-06-18;0;2;5158;4232;51.8;42.5
977;2021-06-19;25;49;5183;4281;52.0;43.0
977;2021-06-20;0;0;5183;4281;52.0;43.0
977;2021-06-21;1;2;5184;4283;52.0;43.0
977;2021-06-22;9;0;5193;4283;52.1;43.0
977;2021-06-23;15;9;5208;4292;52.3;43.1
977;2021-06-24;10;5;5218;4297;52.4;43.1
977;2021-06-25;0;0;5218;4297;52.4;43.1
977;2021-06-26;25;45;5243;4342;52.6;43.6
977;2021-06-27;0;0;5243;4342;52.6;43.6
977;2021-06-28;0;0;5243;4342;52.6;43.6
977;2021-06-29;0;0;5243;4342;52.6;43.6
977;2021-06-30;0;0;5243;4342;52.6;43.6
977;2021-07-01;28;36;5271;4378;52.9;44.0
977;2021-07-02;26;31;5297;4409;53.2;44.3
977;2021-07-03;29;215;5326;4624;53.5;46.4
977;2021-07-04;0;0;5326;4624;53.5;46.4
977;2021-07-05;4;8;5330;4632;53.5;46.5
977;2021-07-06;0;0;5330;4632;53.5;46.5
977;2021-07-07;8;0;5338;4632;53.6;46.5
977;2021-07-08;33;23;5371;4655;53.9;46.7
977;2021-07-09;23;31;5394;4686;54.2;47.0
977;2021-07-10;33;45;5427;4731;54.5;47.5
977;2021-07-11;0;0;5427;4731;54.5;47.5
977;2021-07-12;0;1;5427;4732;54.5;47.5
977;2021-07-13;10;10;5437;4742;54.6;47.6
977;2021-07-14;0;0;5437;4742;54.6;47.6
977;2021-07-15;1;11;5438;4753;54.6;47.7
977;2021-07-16;44;51;5482;4804;55.0;48.2
977;2021-07-17;34;39;5516;4843;55.4;48.6
977;2021-07-18;1;0;5517;4843;55.4;48.6
977;2021-07-19;3;2;5520;4845;55.4;48.6
977;2021-07-20;3;1;5523;4846;55.4;48.6
977;2021-07-21;33;16;5556;4862;55.8;48.8
977;2021-07-22;36;33;5592;4895;56.1;49.1
977;2021-07-23;32;29;5624;4924;56.5;49.4
977;2021-07-24;43;26;5667;4950;56.9;49.7
977;2021-07-25;0;0;5667;4950;56.9;49.7
977;2021-07-26;13;9;5680;4959;57.0;49.8
977;2021-07-27;0;10;5680;4969;57.0;49.9
977;2021-07-28;31;14;5711;4983;57.3;50.0
977;2021-07-29;33;32;5744;5015;57.7;50.3
977;2021-07-30;31;28;5775;5043;58.0;50.6
977;2021-07-31;53;24;5828;5067;58.5;50.9
977;2021-08-01;0;0;5828;5067;58.5;50.9
977;2021-08-02;11;1;5839;5068;58.6;50.9
977;2021-08-03;0;0;5839;5068;58.6;50.9
977;2021-08-04;41;14;5880;5082;59.0;51.0
977;2021-08-05;28;30;5908;5112;59.3;51.3
977;2021-08-06;35;35;5943;5147;59.7;51.7
977;2021-08-07;56;27;5999;5174;60.2;51.9
977;2021-08-08;0;0;5999;5174;60.2;51.9
977;2021-08-09;7;5;6006;5179;60.3;52.0
977;2021-08-10;15;9;6021;5188;60.4;52.1
977;2021-08-11;36;18;6057;5206;60.8;52.3
977;2021-08-12;24;30;6081;5236;61.0;52.6
977;2021-08-13;32;14;6113;5250;61.4;52.7
977;2021-08-14;20;27;6133;5277;61.6;53.0
977;2021-08-15;0;0;6133;5277;61.6;53.0
977;2021-08-16;14;31;6147;5308;61.7;53.3
977;2021-08-17;15;8;6162;5316;61.9;53.4
977;2021-08-18;24;28;6186;5344;62.1;53.6
977;2021-08-19;31;35;6217;5379;62.4;54.0
977;2021-08-20;27;41;6244;5420;62.7;54.4
977;2021-08-21;34;40;6278;5460;63.0;54.8
977;2021-08-22;6;0;6284;5460;63.1;54.8
977;2021-08-23;3;11;6287;5471;63.1;54.9
977;2021-08-24;8;3;6295;5474;63.2;55.0
977;2021-08-25;20;37;6315;5511;63.4;55.3
977;2021-08-26;27;39;6342;5550;63.7;55.7
977;2021-08-27;27;34;6369;5584;63.9;56.1
977;2021-08-28;27;56;6396;5640;64.2;56.6
977;2021-08-29;0;0;6396;5640;64.2;56.6
977;2021-08-30;1;4;6397;5644;64.2;56.7
977;2021-08-31;1;2;6398;5646;64.2;56.7
977;2021-09-01;9;28;6407;5674;64.3;57.0
978;2020-12-27;0;0;0;0;0.0;0.0
978;2020-12-28;0;0;0;0;0.0;0.0
978;2020-12-29;0;0;0;0;0.0;0.0
978;2020-12-30;0;0;0;0;0.0;0.0
978;2020-12-31;0;0;0;0;0.0;0.0
978;2021-01-01;0;0;0;0;0.0;0.0
978;2021-01-02;0;0;0;0;0.0;0.0
978;2021-01-03;0;0;0;0;0.0;0.0
978;2021-01-04;0;0;0;0;0.0;0.0
978;2021-01-05;0;0;0;0;0.0;0.0
978;2021-01-06;0;0;0;0;0.0;0.0
978;2021-01-07;0;0;0;0;0.0;0.0
978;2021-01-08;0;0;0;0;0.0;0.0
978;2021-01-09;0;0;0;0;0.0;0.0
978;2021-01-10;0;0;0;0;0.0;0.0
978;2021-01-11;0;0;0;0;0.0;0.0
978;2021-01-12;0;0;0;0;0.0;0.0
978;2021-01-13;10;0;10;0;0.0;0.0
978;2021-01-14;12;0;22;0;0.1;0.0
978;2021-01-15;9;0;31;0;0.1;0.0
978;2021-01-16;0;0;31;0;0.1;0.0
978;2021-01-17;0;0;31;0;0.1;0.0
978;2021-01-18;0;0;31;0;0.1;0.0
978;2021-01-19;12;0;43;0;0.1;0.0
978;2021-01-20;13;0;56;0;0.2;0.0
978;2021-01-21;6;0;62;0;0.2;0.0
978;2021-01-22;0;0;62;0;0.2;0.0
978;2021-01-23;0;0;62;0;0.2;0.0
978;2021-01-24;0;0;62;0;0.2;0.0
978;2021-01-25;0;0;62;0;0.2;0.0
978;2021-01-26;9;0;71;0;0.2;0.0
978;2021-01-27;10;0;81;0;0.2;0.0
978;2021-01-28;6;1;87;1;0.2;0.0
978;2021-01-29;0;0;87;1;0.2;0.0
978;2021-01-30;0;0;87;1;0.2;0.0
978;2021-01-31;0;0;87;1;0.2;0.0
978;2021-02-01;1;0;88;1;0.2;0.0
978;2021-02-02;39;0;127;1;0.4;0.0
978;2021-02-03;11;0;138;1;0.4;0.0
978;2021-02-04;31;0;169;1;0.5;0.0
978;2021-02-05;6;0;175;1;0.5;0.0
978;2021-02-06;0;0;175;1;0.5;0.0
978;2021-02-07;0;0;175;1;0.5;0.0
978;2021-02-08;0;0;175;1;0.5;0.0
978;2021-02-09;38;0;213;1;0.6;0.0
978;2021-02-10;27;1;240;2;0.7;0.0
978;2021-02-11;0;0;240;2;0.7;0.0
978;2021-02-12;36;0;276;2;0.8;0.0
978;2021-02-13;0;0;276;2;0.8;0.0
978;2021-02-14;0;0;276;2;0.8;0.0
978;2021-02-15;50;1;326;3;0.9;0.0
978;2021-02-16;0;0;326;3;0.9;0.0
978;2021-02-17;0;0;326;3;0.9;0.0
978;2021-02-18;28;0;354;3;1.0;0.0
978;2021-02-19;44;0;398;3;1.1;0.0
978;2021-02-20;0;0;398;3;1.1;0.0
978;2021-02-21;0;0;398;3;1.1;0.0
978;2021-02-22;45;4;443;7;1.3;0.0
978;2021-02-23;41;29;484;36;1.4;0.1
978;2021-02-24;35;1;519;37;1.5;0.1
978;2021-02-25;55;34;574;71;1.6;0.2
978;2021-02-26;39;5;613;76;1.7;0.2
978;2021-02-27;0;0;613;76;1.7;0.2
978;2021-02-28;0;0;613;76;1.7;0.2
978;2021-03-01;49;5;662;81;1.9;0.2
978;2021-03-02;7;26;669;107;1.9;0.3
978;2021-03-03;52;28;721;135;2.0;0.4
978;2021-03-04;31;26;752;161;2.1;0.5
978;2021-03-05;46;10;798;171;2.3;0.5
978;2021-03-06;0;0;798;171;2.3;0.5
978;2021-03-07;0;0;798;171;2.3;0.5
978;2021-03-08;32;7;830;178;2.3;0.5
978;2021-03-09;21;27;851;205;2.4;0.6
978;2021-03-10;35;28;886;233;2.5;0.7
978;2021-03-11;2;0;888;233;2.5;0.7
978;2021-03-12;52;21;940;254;2.7;0.7
978;2021-03-13;13;0;953;254;2.7;0.7
978;2021-03-14;0;0;953;254;2.7;0.7
978;2021-03-15;31;41;984;295;2.8;0.8
978;2021-03-16;73;6;1057;301;3.0;0.9
978;2021-03-17;67;13;1124;314;3.2;0.9
978;2021-03-18;82;39;1206;353;3.4;1.0
978;2021-03-19;32;50;1238;403;3.5;1.1
978;2021-03-20;0;0;1238;403;3.5;1.1
978;2021-03-21;0;0;1238;403;3.5;1.1
978;2021-03-22;35;45;1273;448;3.6;1.3
978;2021-03-23;30;43;1303;491;3.7;1.4
978;2021-03-24;38;42;1341;533;3.8;1.5
978;2021-03-25;97;34;1438;567;4.1;1.6
978;2021-03-26;45;33;1483;600;4.2;1.7
978;2021-03-27;94;3;1577;603;4.5;1.7
978;2021-03-28;0;0;1577;603;4.5;1.7
978;2021-03-29;69;48;1646;651;4.7;1.8
978;2021-03-30;98;24;1744;675;4.9;1.9
978;2021-03-31;90;49;1834;724;5.2;2.0
978;2021-04-01;57;48;1891;772;5.4;2.2
978;2021-04-02;0;0;1891;772;5.4;2.2
978;2021-04-03;1;0;1892;772;5.4;2.2
978;2021-04-04;0;0;1892;772;5.4;2.2
978;2021-04-05;2;0;1894;772;5.4;2.2
978;2021-04-06;49;63;1943;835;5.5;2.4
978;2021-04-07;93;33;2036;868;5.8;2.5
978;2021-04-08;121;7;2157;875;6.1;2.5
978;2021-04-09;90;39;2247;914;6.4;2.6
978;2021-04-10;170;13;2417;927;6.8;2.6
978;2021-04-11;0;0;2417;927;6.8;2.6
978;2021-04-12;42;75;2459;1002;7.0;2.8
978;2021-04-13;49;71;2508;1073;7.1;3.0
978;2021-04-14;82;45;2590;1118;7.3;3.2
978;2021-04-15;92;22;2682;1140;7.6;3.2
978;2021-04-16;77;42;2759;1182;7.8;3.3
978;2021-04-17;165;4;2924;1186;8.3;3.4
978;2021-04-18;0;0;2924;1186;8.3;3.4
978;2021-04-19;52;67;2976;1253;8.4;3.5
978;2021-04-20;83;27;3059;1280;8.7;3.6
978;2021-04-21;91;29;3150;1309;8.9;3.7
978;2021-04-22;101;20;3251;1329;9.2;3.8
978;2021-04-23;45;66;3296;1395;9.3;3.9
978;2021-04-24;99;78;3395;1473;9.6;4.2
978;2021-04-25;0;0;3395;1473;9.6;4.2
978;2021-04-26;29;91;3424;1564;9.7;4.4
978;2021-04-27;59;63;3483;1627;9.9;4.6
978;2021-04-28;93;39;3576;1666;10.1;4.7
978;2021-04-29;89;31;3665;1697;10.4;4.8
978;2021-04-30;103;14;3768;1711;10.7;4.8
978;2021-05-01;0;8;3768;1719;10.7;4.9
978;2021-05-02;0;0;3768;1719;10.7;4.9
978;2021-05-03;25;99;3793;1818;10.7;5.1
978;2021-05-04;159;102;3952;1920;11.2;5.4
978;2021-05-05;142;59;4094;1979;11.6;5.6
978;2021-05-06;199;49;4293;2028;12.1;5.7
978;2021-05-07;127;71;4420;2099;12.5;5.9
978;2021-05-08;69;122;4489;2221;12.7;6.3
978;2021-05-09;0;0;4489;2221;12.7;6.3
978;2021-05-10;124;99;4613;2320;13.1;6.6
978;2021-05-11;132;72;4745;2392;13.4;6.8
978;2021-05-12;156;78;4901;2470;13.9;7.0
978;2021-05-13;83;6;4984;2476;14.1;7.0
978;2021-05-14;130;62;5114;2538;14.5;7.2
978;2021-05-15;87;4;5201;2542;14.7;7.2
978;2021-05-16;0;0;5201;2542;14.7;7.2
978;2021-05-17;146;115;5347;2657;15.1;7.5
978;2021-05-18;151;94;5498;2751;15.6;7.8
978;2021-05-19;84;69;5582;2820;15.8;8.0
978;2021-05-20;104;26;5686;2846;16.1;8.1
978;2021-05-21;98;52;5784;2898;16.4;8.2
978;2021-05-22;100;11;5884;2909;16.7;8.2
978;2021-05-23;0;0;5884;2909;16.7;8.2
978;2021-05-24;33;7;5917;2916;16.7;8.3
978;2021-05-25;119;78;6036;2994;17.1;8.5
978;2021-05-26;109;49;6145;3043;17.4;8.6
978;2021-05-27;112;42;6257;3085;17.7;8.7
978;2021-05-28;33;1;6290;3086;17.8;8.7
978;2021-05-29;60;213;6350;3299;18.0;9.3
978;2021-05-30;0;0;6350;3299;18.0;9.3
978;2021-05-31;112;63;6462;3362;18.3;9.5
978;2021-06-01;116;62;6578;3424;18.6;9.7
978;2021-06-02;131;33;6709;3457;19.0;9.8
978;2021-06-03;102;38;6811;3495;19.3;9.9
978;2021-06-04;128;70;6939;3565;19.6;10.1
978;2021-06-05;83;21;7022;3586;19.9;10.1
978;2021-06-06;0;0;7022;3586;19.9;10.1
978;2021-06-07;96;96;7118;3682;20.1;10.4
978;2021-06-08;82;89;7200;3771;20.4;10.7
978;2021-06-09;99;73;7299;3844;20.7;10.9
978;2021-06-10;112;63;7411;3907;21.0;11.1
978;2021-06-11;116;106;7527;4013;21.3;11.4
978;2021-06-12;57;30;7584;4043;21.5;11.4
978;2021-06-13;0;0;7584;4043;21.5;11.4
978;2021-06-14;106;127;7690;4170;21.8;11.8
978;2021-06-15;88;120;7778;4290;22.0;12.1
978;2021-06-16;105;148;7883;4438;22.3;12.6
978;2021-06-17;85;72;7968;4510;22.6;12.8
978;2021-06-18;67;99;8035;4609;22.7;13.0
978;2021-06-19;65;79;8100;4688;22.9;13.3
978;2021-06-20;0;0;8100;4688;22.9;13.3
978;2021-06-21;78;150;8178;4838;23.1;13.7
978;2021-06-22;71;103;8249;4941;23.3;14.0
978;2021-06-23;68;115;8317;5056;23.5;14.3
978;2021-06-24;44;75;8361;5131;23.7;14.5
978;2021-06-25;64;100;8425;5231;23.8;14.8
978;2021-06-26;35;61;8460;5292;23.9;15.0
978;2021-06-27;0;0;8460;5292;23.9;15.0
978;2021-06-28;74;131;8534;5423;24.2;15.3
978;2021-06-29;62;104;8596;5527;24.3;15.6
978;2021-06-30;56;110;8652;5637;24.5;16.0
978;2021-07-01;42;87;8694;5724;24.6;16.2
978;2021-07-02;52;90;8746;5814;24.8;16.5
978;2021-07-03;40;90;8786;5904;24.9;16.7
978;2021-07-04;0;1;8786;5905;24.9;16.7
978;2021-07-05;67;93;8853;5998;25.1;17.0
978;2021-07-06;55;75;8908;6073;25.2;17.2
978;2021-07-07;55;123;8963;6196;25.4;17.5
978;2021-07-08;54;107;9017;6303;25.5;17.8
978;2021-07-09;46;92;9063;6395;25.6;18.1
978;2021-07-10;38;85;9101;6480;25.8;18.3
978;2021-07-11;0;4;9101;6484;25.8;18.4
978;2021-07-12;71;130;9172;6614;26.0;18.7
978;2021-07-13;146;162;9318;6776;26.4;19.2
978;2021-07-14;3;0;9321;6776;26.4;19.2
978;2021-07-15;162;195;9483;6971;26.8;19.7
978;2021-07-16;113;113;9596;7084;27.2;20.0
978;2021-07-17;52;100;9648;7184;27.3;20.3
978;2021-07-18;0;0;9648;7184;27.3;20.3
978;2021-07-19;99;133;9747;7317;27.6;20.7
978;2021-07-20;80;74;9827;7391;27.8;20.9
978;2021-07-21;63;50;9890;7441;28.0;21.1
978;2021-07-22;99;115;9989;7556;28.3;21.4
978;2021-07-23;67;98;10056;7654;28.5;21.7
978;2021-07-24;20;35;10076;7689;28.5;21.8
978;2021-07-25;0;0;10076;7689;28.5;21.8
978;2021-07-26;99;116;10175;7805;28.8;22.1
978;2021-07-27;70;144;10245;7949;29.0;22.5
978;2021-07-28;72;126;10317;8075;29.2;22.9
978;2021-07-29;80;98;10397;8173;29.4;23.1
978;2021-07-30;82;116;10479;8289;29.7;23.5
978;2021-07-31;49;67;10528;8356;29.8;23.6
978;2021-08-01;0;0;10528;8356;29.8;23.6
978;2021-08-02;65;95;10593;8451;30.0;23.9
978;2021-08-03;60;94;10653;8545;30.1;24.2
978;2021-08-04;64;55;10717;8600;30.3;24.3
978;2021-08-05;48;70;10765;8670;30.5;24.5
978;2021-08-06;74;128;10839;8798;30.7;24.9
978;2021-08-07;44;45;10883;8843;30.8;25.0
978;2021-08-08;0;0;10883;8843;30.8;25.0
978;2021-08-09;139;150;11022;8993;31.2;25.5
978;2021-08-10;82;93;11104;9086;31.4;25.7
978;2021-08-11;106;99;11210;9185;31.7;26.0
978;2021-08-12;99;99;11309;9284;32.0;26.3
978;2021-08-13;131;74;11440;9358;32.4;26.5
978;2021-08-14;74;99;11514;9457;32.6;26.8
978;2021-08-15;0;0;11514;9457;32.6;26.8
978;2021-08-16;45;70;11559;9527;32.7;27.0
978;2021-08-17;32;33;11591;9560;32.8;27.1
978;2021-08-18;35;55;11626;9615;32.9;27.2
978;2021-08-19;34;25;11660;9640;33.0;27.3
978;2021-08-20;46;60;11706;9700;33.1;27.5
978;2021-08-21;0;0;11706;9700;33.1;27.5
978;2021-08-22;0;0;11706;9700;33.1;27.5
978;2021-08-23;51;86;11757;9786;33.3;27.7
978;2021-08-24;31;51;11788;9837;33.4;27.8
978;2021-08-25;26;51;11814;9888;33.4;28.0
978;2021-08-26;30;26;11844;9914;33.5;28.1
978;2021-08-27;46;87;11890;10001;33.7;28.3
978;2021-08-28;0;0;11890;10001;33.7;28.3
978;2021-08-29;0;0;11890;10001;33.7;28.3
978;2021-08-30;39;113;11929;10114;33.8;28.6
978;2021-08-31;45;80;11974;10194;33.9;28.9
978;2021-09-01;30;85;12004;10279;34.0;29.1
