dep;jour;n_dose1;n_complet;n_rappel;n_cum_dose1;n_cum_complet;n_cum_rappel;couv_dose1;couv_complet;couv_rappel
01;2020-12-27;0;0;0;0;0;0;0.0;0.0;0.0
01;2020-12-28;0;0;0;0;0;0;0.0;0.0;0.0
01;2020-12-29;0;0;0;0;0;0;0.0;0.0;0.0
01;2020-12-30;0;0;0;0;0;0;0.0;0.0;0.0
01;2020-12-31;0;0;0;0;0;0;0.0;0.0;0.0
01;2021-01-01;0;0;0;0;0;0;0.0;0.0;0.0
01;2021-01-02;0;0;0;0;0;0;0.0;0.0;0.0
01;2021-01-03;0;0;0;0;0;0;0.0;0.0;0.0
01;2021-01-04;0;0;0;0;0;0;0.0;0.0;0.0
01;2021-01-05;10;2;0;10;2;0;0.0;0.0;0.0
01;2021-01-06;21;0;0;31;2;0;0.0;0.0;0.0
01;2021-01-07;112;0;0;143;2;0;0.0;0.0;0.0
01;2021-01-08;234;1;0;377;3;0;0.1;0.0;0.0
01;2021-01-09;30;1;0;407;4;0;0.1;0.0;0.0
01;2021-01-10;0;0;0;407;4;0;0.1;0.0;0.0
01;2021-01-11;224;0;0;631;4;0;0.1;0.0;0.0
01;2021-01-12;408;1;0;1039;5;0;0.2;0.0;0.0
01;2021-01-13;534;1;0;1573;6;0;0.2;0.0;0.0
01;2021-01-14;637;6;0;2210;12;0;0.3;0.0;0.0
01;2021-01-15;536;5;0;2746;17;0;0.4;0.0;0.0
01;2021-01-16;222;0;0;2968;17;0;0.5;0.0;0.0
01;2021-01-17;127;0;0;3095;17;0;0.5;0.0;0.0
01;2021-01-18;529;5;0;3624;22;0;0.6;0.0;0.0
01;2021-01-19;1103;3;0;4727;25;0;0.7;0.0;0.0
01;2021-01-20;1348;5;0;6075;30;0;0.9;0.0;0.0
01;2021-01-21;1224;9;0;7299;39;0;1.1;0.0;0.0
01;2021-01-22;827;3;0;8126;42;0;1.2;0.0;0.0
01;2021-01-23;283;2;0;8409;44;0;1.3;0.0;0.0
01;2021-01-24;72;1;0;8481;45;0;1.3;0.0;0.0
01;2021-01-25;634;2;0;9115;47;0;1.4;0.0;0.0
01;2021-01-26;813;5;0;9928;52;0;1.5;0.0;0.0
01;2021-01-27;663;15;0;10591;67;0;1.6;0.0;0.0
01;2021-01-28;753;81;0;11344;148;0;1.7;0.0;0.0
01;2021-01-29;689;141;0;12033;289;0;1.8;0.0;0.0
01;2021-01-30;229;14;0;12262;303;0;1.9;0.0;0.0
01;2021-01-31;57;0;0;12319;303;0;1.9;0.0;0.0
01;2021-02-01;522;130;0;12841;433;0;2.0;0.1;0.0
01;2021-02-02;528;230;0;13369;663;0;2.0;0.1;0.0
01;2021-02-03;450;325;0;13819;988;0;2.1;0.2;0.0
01;2021-02-04;547;484;0;14366;1472;0;2.2;0.2;0.0
01;2021-02-05;472;337;0;14838;1809;0;2.3;0.3;0.0
01;2021-02-06;263;139;0;15101;1948;0;2.3;0.3;0.0
01;2021-02-07;6;103;0;15107;2051;0;2.3;0.3;0.0
01;2021-02-08;553;468;0;15660;2519;0;2.4;0.4;0.0
01;2021-02-09;810;908;0;16470;3427;0;2.5;0.5;0.0
01;2021-02-10;889;756;0;17359;4183;0;2.6;0.6;0.0
01;2021-02-11;852;877;0;18211;5060;0;2.8;0.8;0.0
01;2021-02-12;700;608;0;18911;5668;0;2.9;0.9;0.0
01;2021-02-13;201;175;0;19112;5843;0;2.9;0.9;0.0
01;2021-02-14;6;12;0;19118;5855;0;2.9;0.9;0.0
01;2021-02-15;447;534;0;19565;6389;0;3.0;1.0;0.0
01;2021-02-16;656;498;0;20221;6887;0;3.1;1.0;0.0
01;2021-02-17;534;388;0;20755;7275;0;3.2;1.1;0.0
01;2021-02-18;610;636;0;21365;7911;0;3.3;1.2;0.0
01;2021-02-19;601;330;0;21966;8241;0;3.3;1.3;0.0
01;2021-02-20;170;137;0;22136;8378;0;3.4;1.3;0.0
01;2021-02-21;2;0;0;22138;8378;0;3.4;1.3;0.0
01;2021-02-22;461;639;0;22599;9017;0;3.4;1.4;0.0
01;2021-02-23;483;666;0;23082;9683;0;3.5;1.5;0.0
01;2021-02-24;447;534;0;23529;10217;0;3.6;1.6;0.0
01;2021-02-25;839;688;0;24368;10905;0;3.7;1.7;0.0
01;2021-02-26;968;581;0;25336;11486;0;3.9;1.7;0.0
01;2021-02-27;449;111;0;25785;11597;0;3.9;1.8;0.0
01;2021-02-28;29;8;0;25814;11605;0;3.9;1.8;0.0
01;2021-03-01;651;503;0;26465;12108;0;4.0;1.8;0.0
01;2021-03-02;1065;590;0;27530;12698;0;4.2;1.9;0.0
01;2021-03-03;1072;669;0;28602;13367;0;4.4;2.0;0.0
01;2021-03-04;1380;664;0;29982;14031;0;4.6;2.1;0.0
01;2021-03-05;1519;548;0;31501;14579;0;4.8;2.2;0.0
01;2021-03-06;873;117;0;32374;14696;0;4.9;2.2;0.0
01;2021-03-07;97;3;0;32471;14699;0;4.9;2.2;0.0
01;2021-03-08;846;729;0;33317;15428;0;5.1;2.3;0.0
01;2021-03-09;1518;654;0;34835;16082;0;5.3;2.4;0.0
01;2021-03-10;1316;632;0;36151;16714;0;5.5;2.5;0.0
01;2021-03-11;1915;718;0;38066;17432;0;5.8;2.7;0.0
01;2021-03-12;2332;748;0;40398;18180;0;6.1;2.8;0.0
01;2021-03-13;1682;97;0;42080;18277;0;6.4;2.8;0.0
01;2021-03-14;280;59;0;42360;18336;0;6.4;2.8;0.0
01;2021-03-15;1277;473;0;43637;18809;0;6.6;2.9;0.0
01;2021-03-16;1224;557;0;44861;19366;0;6.8;2.9;0.0
01;2021-03-17;1111;361;0;45972;19727;0;7.0;3.0;0.0
01;2021-03-18;1492;549;0;47464;20276;0;7.2;3.1;0.0
01;2021-03-19;1891;581;0;49355;20857;0;7.5;3.2;0.0
01;2021-03-20;1449;109;0;50804;20966;0;7.7;3.2;0.0
01;2021-03-21;148;12;0;50952;20978;0;7.8;3.2;0.0
01;2021-03-22;1640;533;0;52592;21511;0;8.0;3.3;0.0
01;2021-03-23;2325;656;0;54917;22167;0;8.4;3.4;0.0
01;2021-03-24;1732;485;0;56649;22652;0;8.6;3.4;0.0
01;2021-03-25;3016;661;0;59665;23313;0;9.1;3.5;0.0
01;2021-03-26;3034;590;0;62699;23903;0;9.5;3.6;0.0
01;2021-03-27;1346;144;0;64045;24047;0;9.7;3.7;0.0
01;2021-03-28;79;9;0;64124;24056;0;9.8;3.7;0.0
01;2021-03-29;1931;647;0;66055;24703;0;10.1;3.8;0.0
01;2021-03-30;2539;828;0;68594;25531;0;10.4;3.9;0.0
01;2021-03-31;1970;806;0;70564;26337;0;10.7;4.0;0.0
01;2021-04-01;2717;944;0;73281;27281;0;11.2;4.2;0.0
01;2021-04-02;2920;833;0;76201;28114;0;11.6;4.3;0.0
01;2021-04-03;1356;215;0;77557;28329;0;11.8;4.3;0.0
01;2021-04-04;247;34;0;77804;28363;0;11.8;4.3;0.0
01;2021-04-05;1315;85;0;79119;28448;0;12.0;4.3;0.0
01;2021-04-06;2780;961;0;81899;29409;0;12.5;4.5;0.0
01;2021-04-07;2736;909;0;84635;30318;0;12.9;4.6;0.0
01;2021-04-08;3376;1201;0;88011;31519;0;13.4;4.8;0.0
01;2021-04-09;4033;1505;0;92044;33024;0;14.0;5.0;0.0
01;2021-04-10;1749;359;0;93793;33383;0;14.3;5.1;0.0
01;2021-04-11;156;109;0;93949;33492;0;14.3;5.1;0.0
01;2021-04-12;2728;1341;0;96677;34833;0;14.7;5.3;0.0
01;2021-04-13;2883;1547;0;99560;36380;0;15.2;5.5;0.0
01;2021-04-14;3034;1290;0;102594;37670;0;15.6;5.7;0.0
01;2021-04-15;3138;1550;0;105732;39220;0;16.1;6.0;0.0
01;2021-04-16;2977;1604;0;108709;40824;0;16.5;6.2;0.0
01;2021-04-17;1747;722;0;110456;41546;0;16.8;6.3;0.0
01;2021-04-18;166;61;0;110622;41607;0;16.8;6.3;0.0
01;2021-04-19;2234;1664;0;112856;43271;0;17.2;6.6;0.0
01;2021-04-20;2630;1667;0;115486;44938;0;17.6;6.8;0.0
01;2021-04-21;2722;1518;0;118208;46456;0;18.0;7.1;0.0
01;2021-04-22;2924;1769;0;121132;48225;0;18.4;7.3;0.0
01;2021-04-23;2854;1603;0;123986;49828;0;18.9;7.6;0.0
01;2021-04-24;1335;591;0;125321;50419;0;19.1;7.7;0.0
01;2021-04-25;142;30;0;125463;50449;0;19.1;7.7;0.0
01;2021-04-26;2111;1807;0;127574;52256;0;19.4;8.0;0.0
01;2021-04-27;2651;1656;0;130225;53912;0;19.8;8.2;0.0
01;2021-04-28;2642;1596;0;132867;55508;0;20.2;8.4;0.0
01;2021-04-29;2955;1882;0;135822;57390;0;20.7;8.7;0.0
01;2021-04-30;3276;2397;0;139098;59787;0;21.2;9.1;0.0
01;2021-05-01;1368;793;0;140466;60580;0;21.4;9.2;0.0
01;2021-05-02;673;298;0;141139;60878;0;21.5;9.3;0.0
01;2021-05-03;2567;2654;0;143706;63532;0;21.9;9.7;0.0
01;2021-05-04;2706;2813;0;146412;66345;0;22.3;10.1;0.0
01;2021-05-05;3073;2594;0;149485;68939;0;22.8;10.5;0.0
01;2021-05-06;3486;2735;0;152971;71674;0;23.3;10.9;0.0
01;2021-05-07;3624;2892;0;156595;74566;0;23.8;11.4;0.0
01;2021-05-08;1564;940;0;158159;75506;0;24.1;11.5;0.0
01;2021-05-09;1164;253;0;159323;75759;0;24.3;11.5;0.0
01;2021-05-10;2859;3075;0;162182;78834;0;24.7;12.0;0.0
01;2021-05-11;3980;3137;0;166162;81971;0;25.3;12.5;0.0
01;2021-05-12;4062;3124;0;170224;85095;0;25.9;13.0;0.0
01;2021-05-13;3535;1411;0;173759;86506;0;26.4;13.2;0.0
01;2021-05-14;4448;2405;0;178207;88911;0;27.1;13.5;0.0
01;2021-05-15;3038;1444;0;181245;90355;0;27.6;13.8;0.0
01;2021-05-16;1561;223;0;182806;90578;0;27.8;13.8;0.0
01;2021-05-17;3657;2591;0;186463;93169;0;28.4;14.2;0.0
01;2021-05-18;4285;2228;0;190748;95397;0;29.0;14.5;0.0
01;2021-05-19;4434;2068;0;195182;97465;0;29.7;14.8;0.0
01;2021-05-20;4558;2209;0;199740;99674;0;30.4;15.2;0.0
01;2021-05-21;4488;2380;0;204228;102054;0;31.1;15.5;0.0
01;2021-05-22;3197;1027;0;207425;103081;0;31.6;15.7;0.0
01;2021-05-23;1012;136;0;208437;103217;0;31.7;15.7;0.0
01;2021-05-24;2519;469;0;210956;103686;0;32.1;15.8;0.0
01;2021-05-25;3508;2565;0;214464;106251;0;32.6;16.2;0.0
01;2021-05-26;3617;2386;0;218081;108637;0;33.2;16.5;0.0
01;2021-05-27;3952;2335;0;222033;110972;0;33.8;16.9;0.0
01;2021-05-28;3726;2855;0;225759;113827;0;34.4;17.3;0.0
01;2021-05-29;2823;1522;0;228582;115349;0;34.8;17.6;0.0
01;2021-05-30;720;278;0;229302;115627;0;34.9;17.6;0.0
01;2021-05-31;2918;2564;0;232220;118191;0;35.3;18.0;0.0
01;2021-06-01;3305;2778;0;235525;120969;0;35.9;18.4;0.0
01;2021-06-02;3489;2371;0;239014;123340;0;36.4;18.8;0.0
01;2021-06-03;4082;2625;0;243096;125965;0;37.0;19.2;0.0
01;2021-06-04;4834;3577;0;247930;129542;0;37.7;19.7;0.0
01;2021-06-05;3432;1684;0;251362;131226;0;38.3;20.0;0.0
01;2021-06-06;1099;202;0;252461;131428;0;38.4;20.0;0.0
01;2021-06-07;3966;3068;0;256427;134496;0;39.0;20.5;0.0
01;2021-06-08;4461;3058;0;260888;137554;0;39.7;20.9;0.0
01;2021-06-09;3686;2678;0;264574;140232;0;40.3;21.3;0.0
01;2021-06-10;3648;2481;0;268222;142713;0;40.8;21.7;0.0
01;2021-06-11;4032;3714;0;272254;146427;0;41.4;22.3;0.0
01;2021-06-12;2813;2150;0;275067;148577;0;41.9;22.6;0.0
01;2021-06-13;542;614;0;275609;149191;0;42.0;22.7;0.0
01;2021-06-14;2667;3366;0;278276;152557;0;42.4;23.2;0.0
01;2021-06-15;2731;3647;0;281007;156204;0;42.8;23.8;0.0
01;2021-06-16;2942;3619;0;283949;159823;0;43.2;24.3;0.0
01;2021-06-17;2697;3676;0;286646;163499;0;43.6;24.9;0.0
01;2021-06-18;3286;4649;0;289932;168148;0;44.1;25.6;0.0
01;2021-06-19;2187;2645;0;292119;170793;0;44.5;26.0;0.0
01;2021-06-20;532;823;0;292651;171616;0;44.5;26.1;0.0
01;2021-06-21;2041;4052;0;294692;175668;0;44.9;26.7;0.0
01;2021-06-22;1875;4427;0;296567;180095;0;45.1;27.4;0.0
01;2021-06-23;1953;4000;0;298520;184095;0;45.4;28.0;0.0
01;2021-06-24;1893;4014;0;300413;188109;0;45.7;28.6;0.0
01;2021-06-25;2254;5054;0;302667;193163;0;46.1;29.4;0.0
01;2021-06-26;1344;3036;0;304011;196199;0;46.3;29.9;0.0
01;2021-06-27;356;853;0;304367;197052;0;46.3;30.0;0.0
01;2021-06-28;1542;4540;0;305909;201592;0;46.6;30.7;0.0
01;2021-06-29;1659;4433;0;307568;206025;0;46.8;31.4;0.0
01;2021-06-30;1714;4707;0;309282;210732;0;47.1;32.1;0.0
01;2021-07-01;1919;4458;0;311201;215190;0;47.4;32.8;0.0
01;2021-07-02;2088;5229;0;313289;220419;0;47.7;33.6;0.0
01;2021-07-03;1154;3447;0;314443;223866;0;47.9;34.1;0.0
01;2021-07-04;352;891;0;314795;224757;0;47.9;34.2;0.0
01;2021-07-05;1932;4477;0;316727;229234;0;48.2;34.9;0.0
01;2021-07-06;1553;4783;0;318280;234017;0;48.4;35.6;0.0
01;2021-07-07;2130;4059;0;320410;238076;0;48.8;36.2;0.0
01;2021-07-08;1920;4007;0;322330;242083;0;49.1;36.8;0.0
01;2021-07-09;2296;5028;0;324626;247111;0;49.4;37.6;0.0
01;2021-07-10;1306;3508;0;325932;250619;0;49.6;38.1;0.0
01;2021-07-11;405;752;0;326337;251371;0;49.7;38.3;0.0
01;2021-07-12;1792;4786;0;328129;256157;0;49.9;39.0;0.0
01;2021-07-13;2504;5173;0;330633;261330;0;50.3;39.8;0.0
01;2021-07-14;672;749;0;331305;262079;0;50.4;39.9;0.0
01;2021-07-15;3379;5249;0;334684;267328;0;50.9;40.7;0.0
01;2021-07-16;4201;5761;0;338885;273089;0;51.6;41.6;0.0
01;2021-07-17;2418;3533;0;341303;276622;0;52.0;42.1;0.0
01;2021-07-18;607;1118;0;341910;277740;0;52.0;42.3;0.0
01;2021-07-19;3129;4784;0;345039;282524;0;52.5;43.0;0.0
01;2021-07-20;3767;4768;0;348806;287292;0;53.1;43.7;0.0
01;2021-07-21;4282;4582;0;353088;291874;0;53.7;44.4;0.0
01;2021-07-22;4541;4333;0;357629;296207;0;54.4;45.1;0.0
01;2021-07-23;4466;5207;0;362095;301414;0;55.1;45.9;0.0
01;2021-07-24;2652;3187;0;364747;304601;0;55.5;46.4;0.0
01;2021-07-25;451;531;0;365198;305132;0;55.6;46.4;0.0
01;2021-07-26;3864;4022;0;369062;309154;0;56.2;47.1;0.0
01;2021-07-27;4621;3535;0;373683;312689;0;56.9;47.6;0.0
01;2021-07-28;4577;3397;0;378260;316086;0;57.6;48.1;0.0
01;2021-07-29;5175;3070;0;383435;319156;0;58.4;48.6;0.0
01;2021-07-30;5082;4064;0;388517;323220;0;59.1;49.2;0.0
01;2021-07-31;3601;2125;0;392118;325345;0;59.7;49.5;0.0
01;2021-08-01;820;408;0;392938;325753;0;59.8;49.6;0.0
01;2021-08-02;3672;3030;1;396610;328783;1;60.4;50.0;0.0
01;2021-08-03;3750;2883;0;400360;331666;1;60.9;50.5;0.0
01;2021-08-04;3437;2253;0;403797;333919;1;61.5;50.8;0.0
01;2021-08-05;2932;2793;0;406729;336712;1;61.9;51.3;0.0
01;2021-08-06;3289;3596;0;410018;340308;1;62.4;51.8;0.0
01;2021-08-07;1989;1882;0;412007;342190;1;62.7;52.1;0.0
01;2021-08-08;512;328;0;412519;342518;1;62.8;52.1;0.0
01;2021-08-09;1771;3162;0;414290;345680;1;63.1;52.6;0.0
01;2021-08-10;2057;2999;0;416347;348679;1;63.4;53.1;0.0
01;2021-08-11;1971;3034;0;418318;351713;1;63.7;53.5;0.0
01;2021-08-12;1962;3322;0;420280;355035;1;64.0;54.0;0.0
01;2021-08-13;2147;3392;0;422427;358427;1;64.3;54.6;0.0
01;2021-08-14;1453;2212;0;423880;360639;1;64.5;54.9;0.0
01;2021-08-15;98;259;0;423978;360898;1;64.5;54.9;0.0
01;2021-08-16;1300;3514;0;425278;364412;1;64.7;55.5;0.0
01;2021-08-17;1636;3173;0;426914;367585;1;65.0;56.0;0.0
01;2021-08-18;1385;3243;0;428299;370828;1;65.2;56.4;0.0
01;2021-08-19;1369;2837;0;429668;373665;1;65.4;56.9;0.0
01;2021-08-20;1605;4278;0;431273;377943;1;65.6;57.5;0.0
01;2021-08-21;848;2608;0;432121;380551;1;65.8;57.9;0.0
01;2021-08-22;90;126;0;432211;380677;1;65.8;57.9;0.0
01;2021-08-23;1183;3785;0;433394;384462;1;66.0;58.5;0.0
01;2021-08-24;1372;3855;0;434766;388317;1;66.2;59.1;0.0
01;2021-08-25;1225;3719;0;435991;392036;1;66.4;59.7;0.0
01;2021-08-26;1665;3304;0;437656;395340;1;66.6;60.2;0.0
01;2021-08-27;1636;4352;0;439292;399692;1;66.9;60.8;0.0
01;2021-08-28;927;2718;0;440219;402410;1;67.0;61.3;0.0
01;2021-08-29;76;484;0;440295;402894;1;67.0;61.3;0.0
01;2021-08-30;1245;3500;26;441540;406394;27;67.2;61.9;0.0
01;2021-08-31;1209;2696;71;442749;409090;98;67.4;62.3;0.0
01;2021-09-01;1214;2279;205;443963;411369;303;67.6;62.6;0.0
01;2021-09-02;982;1903;301;444945;413272;604;67.7;62.9;0.1
01;2021-09-03;1236;2717;255;446181;415989;859;67.9;63.3;0.1
01;2021-09-04;778;2184;88;446959;418173;947;68.0;63.7;0.1
01;2021-09-05;185;246;32;447144;418419;979;68.1;63.7;0.1
01;2021-09-06;676;1321;381;447820;419740;1360;68.2;63.9;0.2
01;2021-09-07;612;1268;255;448432;421008;1615;68.3;64.1;0.2
01;2021-09-08;865;1629;248;449297;422637;1863;68.4;64.3;0.3
01;2021-09-09;765;1219;225;450062;423856;2088;68.5;64.5;0.3
01;2021-09-10;1054;1796;362;451116;425652;2450;68.7;64.8;0.4
01;2021-09-11;690;1468;68;451806;427120;2518;68.8;65.0;0.4
01;2021-09-12;43;96;5;451849;427216;2523;68.8;65.0;0.4
01;2021-09-13;616;1177;355;452465;428393;2878;68.9;65.2;0.4
01;2021-09-14;617;1051;514;453082;429444;3392;69.0;65.4;0.5
01;2021-09-15;771;1531;458;453853;430975;3850;69.1;65.6;0.6
01;2021-09-16;567;990;479;454420;431965;4329;69.2;65.8;0.7
01;2021-09-17;729;1572;508;455149;433537;4837;69.3;66.0;0.7
01;2021-09-18;364;1220;56;455513;434757;4893;69.3;66.2;0.7
01;2021-09-19;47;104;16;455560;434861;4909;69.3;66.2;0.7
01;2021-09-20;365;717;503;455925;435578;5412;69.4;66.3;0.8
01;2021-09-21;409;808;691;456334;436386;6103;69.5;66.4;0.9
01;2021-09-22;369;1109;480;456703;437495;6583;69.5;66.6;1.0
01;2021-09-23;344;778;474;457047;438273;7057;69.6;66.7;1.1
01;2021-09-24;408;1077;410;457455;439350;7467;69.6;66.9;1.1
01;2021-09-25;277;969;82;457732;440319;7549;69.7;67.0;1.1
01;2021-09-26;19;115;2;457751;440434;7551;69.7;67.0;1.1
01;2021-09-27;195;604;200;457946;441038;7751;69.7;67.1;1.2
01;2021-09-28;320;1144;546;458266;442182;8297;69.8;67.3;1.3
01;2021-09-29;450;1333;457;458716;443515;8754;69.8;67.5;1.3
01;2021-09-30;374;809;446;459090;444324;9200;69.9;67.6;1.4
01;2021-10-01;546;1203;520;459636;445527;9720;70.0;67.8;1.5
01;2021-10-02;417;1243;179;460053;446770;9899;70.0;68.0;1.5
01;2021-10-03;27;62;13;460080;446832;9912;70.0;68.0;1.5
01;2021-10-04;226;566;380;460306;447398;10292;70.1;68.1;1.6
01;2021-10-05;244;547;536;460550;447945;10828;70.1;68.2;1.6
01;2021-10-06;402;804;498;460952;448749;11326;70.2;68.3;1.7
01;2021-10-07;235;516;504;461187;449265;11830;70.2;68.4;1.8
01;2021-10-08;389;778;585;461576;450043;12415;70.3;68.5;1.9
01;2021-10-09;343;678;269;461919;450721;12684;70.3;68.6;1.9
01;2021-10-10;12;28;2;461931;450749;12686;70.3;68.6;1.9
01;2021-10-11;205;478;536;462136;451227;13222;70.3;68.7;2.0
01;2021-10-12;203;391;537;462339;451618;13759;70.4;68.7;2.1
01;2021-10-13;368;591;817;462707;452209;14576;70.4;68.8;2.2
01;2021-10-14;189;579;508;462896;452788;15084;70.5;68.9;2.3
01;2021-10-15;382;564;765;463278;453352;15849;70.5;69.0;2.4
01;2021-10-16;294;447;318;463572;453799;16167;70.6;69.1;2.5
01;2021-10-17;10;30;1;463582;453829;16168;70.6;69.1;2.5
01;2021-10-18;171;265;662;463753;454094;16830;70.6;69.1;2.6
01;2021-10-19;129;301;628;463882;454395;17458;70.6;69.2;2.7
01;2021-10-20;232;475;932;464114;454870;18390;70.6;69.2;2.8
01;2021-10-21;103;377;622;464217;455247;19012;70.7;69.3;2.9
01;2021-10-22;162;543;766;464379;455790;19778;70.7;69.4;3.0
01;2021-10-23;113;467;374;464492;456257;20152;70.7;69.5;3.1
01;2021-10-24;5;7;8;464497;456264;20160;70.7;69.5;3.1
01;2021-10-25;146;242;781;464643;456506;20941;70.7;69.5;3.2
01;2021-10-26;95;186;641;464738;456692;21582;70.7;69.5;3.3
01;2021-10-27;190;394;906;464928;457086;22488;70.8;69.6;3.4
01;2021-10-28;95;173;596;465023;457259;23084;70.8;69.6;3.5
01;2021-10-29;144;315;893;465167;457574;23977;70.8;69.7;3.6
01;2021-10-30;100;346;470;465267;457920;24447;70.8;69.7;3.7
01;2021-10-31;3;11;12;465270;457931;24459;70.8;69.7;3.7
01;2021-11-01;8;11;8;465278;457942;24467;70.8;69.7;3.7
01;2021-11-02;66;185;632;465344;458127;25099;70.8;69.7;3.8
01;2021-11-03;164;391;1301;465508;458518;26400;70.9;69.8;4.0
01;2021-11-04;93;152;815;465601;458670;27215;70.9;69.8;4.1
01;2021-11-05;151;312;1125;465752;458982;28340;70.9;69.9;4.3
01;2021-11-06;89;297;684;465841;459279;29024;70.9;69.9;4.4
01;2021-11-07;1;14;8;465842;459293;29032;70.9;69.9;4.4
01;2021-11-08;99;229;1377;465941;459522;30409;70.9;69.9;4.6
01;2021-11-09;81;192;1294;466022;459714;31703;70.9;70.0;4.8
01;2021-11-10;188;303;1957;466210;460017;33660;71.0;70.0;5.1
01;2021-11-11;9;11;47;466219;460028;33707;71.0;70.0;5.1
01;2021-11-12;102;203;1528;466321;460231;35235;71.0;70.1;5.4
01;2021-11-13;139;164;1117;466460;460395;36352;71.0;70.1;5.5
01;2021-11-14;4;11;18;466464;460406;36370;71.0;70.1;5.5
01;2021-11-15;82;118;1674;466546;460524;38044;71.0;70.1;5.8
01;2021-11-16;91;159;1718;466637;460683;39762;71.0;70.1;6.1
01;2021-11-17;155;279;2384;466792;460962;42146;71.1;70.2;6.4
01;2021-11-18;94;141;1702;466886;461103;43848;71.1;70.2;6.7
01;2021-11-19;149;240;2244;467035;461343;46092;71.1;70.2;7.0
01;2021-11-20;158;152;1294;467193;461495;47386;71.1;70.2;7.2
01;2021-11-21;4;20;12;467197;461515;47398;71.1;70.3;7.2
01;2021-11-22;77;130;2138;467274;461645;49536;71.1;70.3;7.5
01;2021-11-23;108;112;2250;467382;461757;51786;71.1;70.3;7.9
01;2021-11-24;230;250;2819;467612;462007;54605;71.2;70.3;8.3
01;2021-11-25;98;120;2318;467710;462127;56923;71.2;70.3;8.7
01;2021-11-26;159;183;3628;467869;462310;60551;71.2;70.4;9.2
01;2021-11-27;169;189;2273;468038;462499;62824;71.2;70.4;9.6
01;2021-11-28;4;7;498;468042;462506;63322;71.2;70.4;9.6
01;2021-11-29;91;141;3960;468133;462647;67282;71.3;70.4;10.2
01;2021-11-30;87;116;3837;468220;462763;71119;71.3;70.4;10.8
01;2021-12-01;87;172;3364;468307;462935;74483;71.3;70.5;11.3
01;2021-12-02;88;109;4353;468395;463044;78836;71.3;70.5;12.0
01;2021-12-03;118;184;5600;468513;463228;84436;71.3;70.5;12.9
01;2021-12-04;87;177;3001;468600;463405;87437;71.3;70.5;13.3
01;2021-12-05;14;18;1034;468614;463423;88471;71.3;70.5;13.5
01;2021-12-06;82;128;4824;468696;463551;93295;71.3;70.6;14.2
01;2021-12-07;125;147;6640;468821;463698;99935;71.4;70.6;15.2
01;2021-12-08;102;207;5207;468923;463905;105142;71.4;70.6;16.0
01;2021-12-09;90;120;6005;469013;464025;111147;71.4;70.6;16.9
02;2020-12-27;1;0;0;1;0;0;0.0;0.0;0.0
02;2020-12-28;0;0;0;1;0;0;0.0;0.0;0.0
02;2020-12-29;0;0;0;1;0;0;0.0;0.0;0.0
02;2020-12-30;0;0;0;1;0;0;0.0;0.0;0.0
02;2020-12-31;0;0;0;1;0;0;0.0;0.0;0.0
02;2021-01-01;0;0;0;1;0;0;0.0;0.0;0.0
02;2021-01-02;0;0;0;1;0;0;0.0;0.0;0.0
02;2021-01-03;0;0;0;1;0;0;0.0;0.0;0.0
02;2021-01-04;1;0;0;2;0;0;0.0;0.0;0.0
02;2021-01-05;2;0;0;4;0;0;0.0;0.0;0.0
02;2021-01-06;25;0;0;29;0;0;0.0;0.0;0.0
02;2021-01-07;262;2;0;291;2;0;0.1;0.0;0.0
02;2021-01-08;503;2;0;794;4;0;0.2;0.0;0.0
02;2021-01-09;77;0;0;871;4;0;0.2;0.0;0.0
02;2021-01-10;52;0;0;923;4;0;0.2;0.0;0.0
02;2021-01-11;267;0;0;1190;4;0;0.2;0.0;0.0
02;2021-01-12;356;1;0;1546;5;0;0.3;0.0;0.0
02;2021-01-13;457;4;0;2003;9;0;0.4;0.0;0.0
02;2021-01-14;653;9;0;2656;18;0;0.5;0.0;0.0
02;2021-01-15;614;7;0;3270;25;0;0.6;0.0;0.0
02;2021-01-16;315;4;0;3585;29;0;0.7;0.0;0.0
02;2021-01-17;56;0;0;3641;29;0;0.7;0.0;0.0
02;2021-01-18;757;8;0;4398;37;0;0.8;0.0;0.0
02;2021-01-19;935;5;0;5333;42;0;1.0;0.0;0.0
02;2021-01-20;1320;7;0;6653;49;0;1.3;0.0;0.0
02;2021-01-21;2337;12;0;8990;61;0;1.7;0.0;0.0
02;2021-01-22;1375;6;0;10365;67;0;2.0;0.0;0.0
02;2021-01-23;296;3;0;10661;70;0;2.0;0.0;0.0
02;2021-01-24;61;1;0;10722;71;0;2.0;0.0;0.0
02;2021-01-25;430;13;0;11152;84;0;2.1;0.0;0.0
02;2021-01-26;648;18;0;11800;102;0;2.2;0.0;0.0
02;2021-01-27;188;4;0;11988;106;0;2.3;0.0;0.0
02;2021-01-28;112;229;0;12100;335;0;2.3;0.1;0.0
02;2021-01-29;142;416;0;12242;751;0;2.3;0.1;0.0
02;2021-01-30;13;16;0;12255;767;0;2.3;0.1;0.0
02;2021-01-31;1;10;0;12256;777;0;2.3;0.1;0.0
02;2021-02-01;18;208;0;12274;985;0;2.3;0.2;0.0
02;2021-02-02;71;307;0;12345;1292;0;2.3;0.2;0.0
02;2021-02-03;142;331;0;12487;1623;0;2.4;0.3;0.0
02;2021-02-04;255;363;0;12742;1986;0;2.4;0.4;0.0
02;2021-02-05;234;415;0;12976;2401;0;2.5;0.5;0.0
02;2021-02-06;65;162;0;13041;2563;0;2.5;0.5;0.0
02;2021-02-07;8;1;0;13049;2564;0;2.5;0.5;0.0
02;2021-02-08;297;428;0;13346;2992;0;2.5;0.6;0.0
02;2021-02-09;328;667;0;13674;3659;0;2.6;0.7;0.0
02;2021-02-10;464;991;0;14138;4650;0;2.7;0.9;0.0
02;2021-02-11;882;1671;0;15020;6321;0;2.9;1.2;0.0
02;2021-02-12;834;1007;0;15854;7328;0;3.0;1.4;0.0
02;2021-02-13;280;157;0;16134;7485;0;3.1;1.4;0.0
02;2021-02-14;1;3;0;16135;7488;0;3.1;1.4;0.0
02;2021-02-15;337;680;0;16472;8168;0;3.1;1.6;0.0
02;2021-02-16;423;550;0;16895;8718;0;3.2;1.7;0.0
02;2021-02-17;501;621;0;17396;9339;0;3.3;1.8;0.0
02;2021-02-18;521;452;0;17917;9791;0;3.4;1.9;0.0
02;2021-02-19;442;558;0;18359;10349;0;3.5;2.0;0.0
02;2021-02-20;365;226;0;18724;10575;0;3.6;2.0;0.0
02;2021-02-21;31;19;0;18755;10594;0;3.6;2.0;0.0
02;2021-02-22;368;334;0;19123;10928;0;3.6;2.1;0.0
02;2021-02-23;445;372;0;19568;11300;0;3.7;2.1;0.0
02;2021-02-24;608;175;0;20176;11475;0;3.8;2.2;0.0
02;2021-02-25;883;182;0;21059;11657;0;4.0;2.2;0.0
02;2021-02-26;835;113;0;21894;11770;0;4.2;2.2;0.0
02;2021-02-27;455;24;0;22349;11794;0;4.2;2.2;0.0
02;2021-02-28;49;1;0;22398;11795;0;4.3;2.2;0.0
02;2021-03-01;665;33;0;23063;11828;0;4.4;2.2;0.0
02;2021-03-02;999;162;0;24062;11990;0;4.6;2.3;0.0
02;2021-03-03;768;206;0;24830;12196;0;4.7;2.3;0.0
02;2021-03-04;1188;626;0;26018;12822;0;4.9;2.4;0.0
02;2021-03-05;1098;511;0;27116;13333;0;5.2;2.5;0.0
02;2021-03-06;2180;118;0;29296;13451;0;5.6;2.6;0.0
02;2021-03-07;1497;56;0;30793;13507;0;5.9;2.6;0.0
02;2021-03-08;609;363;0;31402;13870;0;6.0;2.6;0.0
02;2021-03-09;1014;418;0;32416;14288;0;6.2;2.7;0.0
02;2021-03-10;926;453;0;33342;14741;0;6.3;2.8;0.0
02;2021-03-11;1366;387;0;34708;15128;0;6.6;2.9;0.0
02;2021-03-12;1767;404;0;36475;15532;0;6.9;3.0;0.0
02;2021-03-13;2654;243;0;39129;15775;0;7.4;3.0;0.0
02;2021-03-14;1390;46;0;40519;15821;0;7.7;3.0;0.0
02;2021-03-15;636;406;0;41155;16227;0;7.8;3.1;0.0
02;2021-03-16;881;410;0;42036;16637;0;8.0;3.2;0.0
02;2021-03-17;789;456;0;42825;17093;0;8.1;3.2;0.0
02;2021-03-18;691;631;0;43516;17724;0;8.3;3.4;0.0
02;2021-03-19;1249;306;0;44765;18030;0;8.5;3.4;0.0
02;2021-03-20;2472;163;0;47237;18193;0;9.0;3.5;0.0
02;2021-03-21;1407;77;0;48644;18270;0;9.2;3.5;0.0
02;2021-03-22;801;483;0;49445;18753;0;9.4;3.6;0.0
02;2021-03-23;1270;556;0;50715;19309;0;9.6;3.7;0.0
02;2021-03-24;1674;516;0;52389;19825;0;10.0;3.8;0.0
02;2021-03-25;1836;607;0;54225;20432;0;10.3;3.9;0.0
02;2021-03-26;2508;500;0;56733;20932;0;10.8;4.0;0.0
02;2021-03-27;2524;158;0;59257;21090;0;11.3;4.0;0.0
02;2021-03-28;692;21;0;59949;21111;0;11.4;4.0;0.0
02;2021-03-29;1117;851;0;61066;21962;0;11.6;4.2;0.0
02;2021-03-30;1633;838;0;62699;22800;0;11.9;4.3;0.0
02;2021-03-31;1401;733;0;64100;23533;0;12.2;4.5;0.0
02;2021-04-01;1408;871;0;65508;24404;0;12.5;4.6;0.0
02;2021-04-02;1348;1212;0;66856;25616;0;12.7;4.9;0.0
02;2021-04-03;2645;869;0;69501;26485;0;13.2;5.0;0.0
02;2021-04-04;729;240;0;70230;26725;0;13.4;5.1;0.0
02;2021-04-05;1533;133;0;71763;26858;0;13.6;5.1;0.0
02;2021-04-06;1561;867;0;73324;27725;0;13.9;5.3;0.0
02;2021-04-07;1861;801;0;75185;28526;0;14.3;5.4;0.0
02;2021-04-08;1981;1143;0;77166;29669;0;14.7;5.6;0.0
02;2021-04-09;2574;1140;0;79740;30809;0;15.2;5.9;0.0
02;2021-04-10;2553;1213;0;82293;32022;0;15.6;6.1;0.0
02;2021-04-11;497;420;0;82790;32442;0;15.7;6.2;0.0
02;2021-04-12;1836;645;0;84626;33087;0;16.1;6.3;0.0
02;2021-04-13;1704;945;0;86330;34032;0;16.4;6.5;0.0
02;2021-04-14;2725;1005;0;89055;35037;0;16.9;6.7;0.0
02;2021-04-15;2739;869;0;91794;35906;0;17.4;6.8;0.0
02;2021-04-16;2589;1184;0;94383;37090;0;17.9;7.1;0.0
02;2021-04-17;1921;2131;0;96304;39221;0;18.3;7.5;0.0
02;2021-04-18;272;786;0;96576;40007;0;18.4;7.6;0.0
02;2021-04-19;1228;689;0;97804;40696;0;18.6;7.7;0.0
02;2021-04-20;1718;839;0;99522;41535;0;18.9;7.9;0.0
02;2021-04-21;1663;1067;0;101185;42602;0;19.2;8.1;0.0
02;2021-04-22;1883;842;0;103068;43444;0;19.6;8.3;0.0
02;2021-04-23;2074;1442;0;105142;44886;0;20.0;8.5;0.0
02;2021-04-24;1722;1677;0;106864;46563;0;20.3;8.9;0.0
02;2021-04-25;480;303;0;107344;46866;0;20.4;8.9;0.0
02;2021-04-26;1401;674;0;108745;47540;0;20.7;9.0;0.0
02;2021-04-27;1780;1176;0;110525;48716;0;21.0;9.3;0.0
02;2021-04-28;1786;1488;0;112311;50204;0;21.3;9.5;0.0
02;2021-04-29;2013;1273;0;114324;51477;0;21.7;9.8;0.0
02;2021-04-30;2840;1689;0;117164;53166;0;22.3;10.1;0.0
02;2021-05-01;2208;1245;0;119372;54411;0;22.7;10.3;0.0
02;2021-05-02;1927;547;0;121299;54958;0;23.1;10.4;0.0
02;2021-05-03;2360;1039;0;123659;55997;0;23.5;10.6;0.0
02;2021-05-04;1745;1393;0;125404;57390;0;23.8;10.9;0.0
02;2021-05-05;2628;1931;0;128032;59321;0;24.3;11.3;0.0
02;2021-05-06;2529;1925;0;130561;61246;0;24.8;11.6;0.0
02;2021-05-07;2674;2294;0;133235;63540;0;25.3;12.1;0.0
02;2021-05-08;2939;1067;0;136174;64607;0;25.9;12.3;0.0
02;2021-05-09;1906;445;0;138080;65052;0;26.2;12.4;0.0
02;2021-05-10;2538;1640;0;140618;66692;0;26.7;12.7;0.0
02;2021-05-11;3147;1673;0;143765;68365;0;27.3;13.0;0.0
02;2021-05-12;2937;1777;0;146702;70142;0;27.9;13.3;0.0
02;2021-05-13;3045;1013;0;149747;71155;0;28.5;13.5;0.0
02;2021-05-14;3688;1327;0;153435;72482;0;29.2;13.8;0.0
02;2021-05-15;4408;1205;0;157843;73687;0;30.0;14.0;0.0
02;2021-05-16;2860;222;0;160703;73909;0;30.5;14.0;0.0
02;2021-05-17;2414;776;0;163117;74685;0;31.0;14.2;0.0
02;2021-05-18;3028;1076;0;166145;75761;0;31.6;14.4;0.0
02;2021-05-19;3063;1128;0;169208;76889;0;32.2;14.6;0.0
02;2021-05-20;3671;1303;0;172879;78192;0;32.9;14.9;0.0
02;2021-05-21;3819;1168;0;176698;79360;0;33.6;15.1;0.0
02;2021-05-22;5286;1044;0;181984;80404;0;34.6;15.3;0.0
02;2021-05-23;2582;249;0;184566;80653;0;35.1;15.3;0.0
02;2021-05-24;3268;542;0;187834;81195;0;35.7;15.4;0.0
02;2021-05-25;2317;1281;0;190151;82476;0;36.1;15.7;0.0
02;2021-05-26;3108;1565;0;193259;84041;0;36.7;16.0;0.0
02;2021-05-27;3770;1580;0;197029;85621;0;37.5;16.3;0.0
02;2021-05-28;3630;1737;0;200659;87358;0;38.1;16.6;0.0
02;2021-05-29;3978;1645;0;204637;89003;0;38.9;16.9;0.0
02;2021-05-30;1368;200;0;206005;89203;0;39.2;17.0;0.0
02;2021-05-31;2574;1279;0;208579;90482;0;39.7;17.2;0.0
02;2021-06-01;2996;1913;0;211575;92395;0;40.2;17.6;0.0
02;2021-06-02;3281;1786;0;214856;94181;0;40.8;17.9;0.0
02;2021-06-03;3074;1953;0;217930;96134;0;41.4;18.3;0.0
02;2021-06-04;3353;2154;0;221283;98288;0;42.1;18.7;0.0
02;2021-06-05;3313;1858;0;224596;100146;0;42.7;19.0;0.0
02;2021-06-06;1585;278;0;226181;100424;0;43.0;19.1;0.0
02;2021-06-07;1827;1647;0;228008;102071;0;43.3;19.4;0.0
02;2021-06-08;2184;1972;0;230192;104043;0;43.8;19.8;0.0
02;2021-06-09;2237;1899;0;232429;105942;0;44.2;20.1;0.0
02;2021-06-10;2154;2083;0;234583;108025;0;44.6;20.5;0.0
02;2021-06-11;2300;3229;0;236883;111254;0;45.0;21.1;0.0
02;2021-06-12;2238;2809;0;239121;114063;0;45.5;21.7;0.0
02;2021-06-13;634;1455;0;239755;115518;0;45.6;22.0;0.0
02;2021-06-14;1116;2618;0;240871;118136;0;45.8;22.5;0.0
02;2021-06-15;1705;2697;0;242576;120833;0;46.1;23.0;0.0
02;2021-06-16;1595;2994;0;244171;123827;0;46.4;23.5;0.0
02;2021-06-17;1884;3162;0;246055;126989;0;46.8;24.1;0.0
02;2021-06-18;2322;3826;0;248377;130815;0;47.2;24.9;0.0
02;2021-06-19;1796;3910;0;250173;134725;0;47.6;25.6;0.0
02;2021-06-20;615;1559;0;250788;136284;0;47.7;25.9;0.0
02;2021-06-21;852;3349;0;251640;139633;0;47.8;26.5;0.0
02;2021-06-22;1236;3847;2;252876;143480;2;48.1;27.3;0.0
02;2021-06-23;1403;3732;0;254279;147212;2;48.3;28.0;0.0
02;2021-06-24;1413;3314;0;255692;150526;2;48.6;28.6;0.0
02;2021-06-25;1464;4867;0;257156;155393;2;48.9;29.5;0.0
02;2021-06-26;1323;4445;0;258479;159838;2;49.1;30.4;0.0
02;2021-06-27;564;2343;0;259043;162181;2;49.2;30.8;0.0
02;2021-06-28;903;3267;0;259946;165448;2;49.4;31.5;0.0
02;2021-06-29;999;3237;0;260945;168685;2;49.6;32.1;0.0
02;2021-06-30;1447;3426;0;262392;172111;2;49.9;32.7;0.0
02;2021-07-01;1369;3771;0;263761;175882;2;50.1;33.4;0.0
02;2021-07-02;1426;5192;0;265187;181074;2;50.4;34.4;0.0
02;2021-07-03;1044;5794;0;266231;186868;2;50.6;35.5;0.0
02;2021-07-04;528;2300;0;266759;189168;2;50.7;36.0;0.0
02;2021-07-05;689;3994;0;267448;193162;2;50.8;36.7;0.0
02;2021-07-06;870;3356;1;268318;196518;3;51.0;37.4;0.0
02;2021-07-07;1405;3858;1;269723;200376;4;51.3;38.1;0.0
02;2021-07-08;1550;3952;0;271273;204328;4;51.6;38.8;0.0
02;2021-07-09;1411;4360;0;272684;208688;4;51.8;39.7;0.0
02;2021-07-10;1382;4484;0;274066;213172;4;52.1;40.5;0.0
02;2021-07-11;491;1866;0;274557;215038;4;52.2;40.9;0.0
02;2021-07-12;1445;3808;0;276002;218846;4;52.5;41.6;0.0
02;2021-07-13;2213;3853;0;278215;222699;4;52.9;42.3;0.0
02;2021-07-14;1528;1631;0;279743;224330;4;53.2;42.6;0.0
02;2021-07-15;2868;3799;0;282611;228129;4;53.7;43.4;0.0
02;2021-07-16;3293;4485;0;285904;232614;4;54.3;44.2;0.0
02;2021-07-17;3442;4272;0;289346;236886;4;55.0;45.0;0.0
02;2021-07-18;1717;1512;0;291063;238398;4;55.3;45.3;0.0
02;2021-07-19;3243;3134;0;294306;241532;4;55.9;45.9;0.0
02;2021-07-20;3547;3501;0;297853;245033;4;56.6;46.6;0.0
02;2021-07-21;3948;3125;0;301801;248158;4;57.4;47.2;0.0
02;2021-07-22;3544;2988;0;305345;251146;4;58.0;47.7;0.0
02;2021-07-23;3487;3694;0;308832;254840;4;58.7;48.4;0.0
02;2021-07-24;4234;3576;0;313066;258416;4;59.5;49.1;0.0
02;2021-07-25;1937;1005;0;315003;259421;4;59.9;49.3;0.0
02;2021-07-26;3782;2278;0;318785;261699;4;60.6;49.7;0.0
02;2021-07-27;3829;2331;0;322614;264030;4;61.3;50.2;0.0
02;2021-07-28;3523;2311;0;326137;266341;4;62.0;50.6;0.0
02;2021-07-29;2997;2342;0;329134;268683;4;62.6;51.1;0.0
02;2021-07-30;3543;2486;0;332677;271169;4;63.2;51.5;0.0
02;2021-07-31;4079;2335;0;336756;273504;4;64.0;52.0;0.0
02;2021-08-01;1443;668;0;338199;274172;4;64.3;52.1;0.0
02;2021-08-02;2324;1684;0;340523;275856;4;64.7;52.4;0.0
02;2021-08-03;2894;2043;0;343417;277899;4;65.3;52.8;0.0
02;2021-08-04;2961;1833;0;346378;279732;4;65.8;53.2;0.0
02;2021-08-05;2228;2402;0;348606;282134;4;66.3;53.6;0.0
02;2021-08-06;2394;2832;0;351000;284966;4;66.7;54.2;0.0
02;2021-08-07;2732;2800;0;353732;287766;4;67.2;54.7;0.0
02;2021-08-08;1011;1346;0;354743;289112;4;67.4;55.0;0.0
02;2021-08-09;1950;2698;0;356693;291810;4;67.8;55.5;0.0
02;2021-08-10;1975;2653;0;358668;294463;4;68.2;56.0;0.0
02;2021-08-11;1759;2253;0;360427;296716;4;68.5;56.4;0.0
02;2021-08-12;1391;2401;0;361818;299117;4;68.8;56.9;0.0
02;2021-08-13;1742;2951;0;363560;302068;4;69.1;57.4;0.0
02;2021-08-14;1805;3621;0;365365;305689;4;69.5;58.1;0.0
02;2021-08-15;207;572;0;365572;306261;4;69.5;58.2;0.0
02;2021-08-16;1335;3715;0;366907;309976;4;69.7;58.9;0.0
02;2021-08-17;1497;2991;0;368404;312967;4;70.0;59.5;0.0
02;2021-08-18;1610;3210;0;370014;316177;4;70.3;60.1;0.0
02;2021-08-19;1201;3339;0;371215;319516;4;70.6;60.7;0.0
02;2021-08-20;1265;3144;0;372480;322660;4;70.8;61.3;0.0
02;2021-08-21;1495;4030;0;373975;326690;4;71.1;62.1;0.0
02;2021-08-22;401;1550;0;374376;328240;4;71.2;62.4;0.0
02;2021-08-23;1126;3164;0;375502;331404;4;71.4;63.0;0.0
02;2021-08-24;964;2496;0;376466;333900;4;71.6;63.5;0.0
02;2021-08-25;1076;2836;0;377542;336736;4;71.8;64.0;0.0
02;2021-08-26;956;2619;0;378498;339355;4;72.0;64.5;0.0
02;2021-08-27;1018;2826;0;379516;342181;4;72.1;65.0;0.0
02;2021-08-28;1275;3588;0;380791;345769;4;72.4;65.7;0.0
02;2021-08-29;318;1174;0;381109;346943;4;72.4;66.0;0.0
02;2021-08-30;951;2642;44;382060;349585;48;72.6;66.5;0.0
02;2021-08-31;876;2300;97;382936;351885;145;72.8;66.9;0.0
02;2021-09-01;741;1663;146;383677;353548;291;72.9;67.2;0.1
02;2021-09-02;673;1721;171;384350;355269;462;73.1;67.5;0.1
02;2021-09-03;679;1894;192;385029;357163;654;73.2;67.9;0.1
02;2021-09-04;872;2974;90;385901;360137;744;73.4;68.5;0.1
02;2021-09-05;229;456;72;386130;360593;816;73.4;68.5;0.2
02;2021-09-06;447;999;156;386577;361592;972;73.5;68.7;0.2
02;2021-09-07;452;1302;217;387029;362894;1189;73.6;69.0;0.2
02;2021-09-08;520;1777;159;387549;364671;1348;73.7;69.3;0.3
02;2021-09-09;435;1231;164;387984;365902;1512;73.8;69.6;0.3
02;2021-09-10;574;1415;213;388558;367317;1725;73.9;69.8;0.3
02;2021-09-11;746;2226;176;389304;369543;1901;74.0;70.2;0.4
02;2021-09-12;97;288;18;389401;369831;1919;74.0;70.3;0.4
02;2021-09-13;439;971;280;389840;370802;2199;74.1;70.5;0.4
02;2021-09-14;441;890;356;390281;371692;2555;74.2;70.7;0.5
02;2021-09-15;445;1361;572;390726;373053;3127;74.3;70.9;0.6
02;2021-09-16;450;846;412;391176;373899;3539;74.4;71.1;0.7
02;2021-09-17;585;979;463;391761;374878;4002;74.5;71.3;0.8
02;2021-09-18;550;2038;228;392311;376916;4230;74.6;71.7;0.8
02;2021-09-19;76;242;27;392387;377158;4257;74.6;71.7;0.8
02;2021-09-20;295;636;484;392682;377794;4741;74.6;71.8;0.9
02;2021-09-21;278;637;503;392960;378431;5244;74.7;71.9;1.0
02;2021-09-22;351;940;527;393311;379371;5771;74.8;72.1;1.1
02;2021-09-23;262;577;517;393573;379948;6288;74.8;72.2;1.2
02;2021-09-24;283;730;383;393856;380678;6671;74.9;72.4;1.3
02;2021-09-25;313;1205;300;394169;381883;6971;74.9;72.6;1.3
02;2021-09-26;39;159;13;394208;382042;6984;74.9;72.6;1.3
02;2021-09-27;169;395;420;394377;382437;7404;75.0;72.7;1.4
02;2021-09-28;166;386;455;394543;382823;7859;75.0;72.8;1.5
02;2021-09-29;227;464;528;394770;383287;8387;75.0;72.9;1.6
02;2021-09-30;232;473;458;395002;383760;8845;75.1;73.0;1.7
02;2021-10-01;356;672;506;395358;384432;9351;75.2;73.1;1.8
02;2021-10-02;393;874;323;395751;385306;9674;75.2;73.2;1.8
02;2021-10-03;33;69;23;395784;385375;9697;75.2;73.3;1.8
02;2021-10-04;156;386;529;395940;385761;10226;75.3;73.3;1.9
02;2021-10-05;177;332;402;396117;386093;10628;75.3;73.4;2.0
02;2021-10-06;254;437;532;396371;386530;11160;75.3;73.5;2.1
02;2021-10-07;219;434;588;396590;386964;11748;75.4;73.6;2.2
02;2021-10-08;310;602;691;396900;387566;12439;75.4;73.7;2.4
02;2021-10-09;315;700;498;397215;388266;12937;75.5;73.8;2.5
02;2021-10-10;31;67;23;397246;388333;12960;75.5;73.8;2.5
02;2021-10-11;176;325;414;397422;388658;13374;75.5;73.9;2.5
02;2021-10-12;138;297;509;397560;388955;13883;75.6;73.9;2.6
02;2021-10-13;237;403;662;397797;389358;14545;75.6;74.0;2.8
02;2021-10-14;210;319;566;398007;389677;15111;75.7;74.1;2.9
02;2021-10-15;283;430;763;398290;390107;15874;75.7;74.2;3.0
02;2021-10-16;307;409;495;398597;390516;16369;75.8;74.2;3.1
02;2021-10-17;15;31;10;398612;390547;16379;75.8;74.2;3.1
02;2021-10-18;158;242;565;398770;390789;16944;75.8;74.3;3.2
02;2021-10-19;121;228;419;398891;391017;17363;75.8;74.3;3.3
02;2021-10-20;259;293;887;399150;391310;18250;75.9;74.4;3.5
02;2021-10-21;151;249;611;399301;391559;18861;75.9;74.4;3.6
02;2021-10-22;293;415;987;399594;391974;19848;76.0;74.5;3.8
02;2021-10-23;226;384;446;399820;392358;20294;76.0;74.6;3.9
02;2021-10-24;6;8;11;399826;392366;20305;76.0;74.6;3.9
02;2021-10-25;146;216;721;399972;392582;21026;76.0;74.6;4.0
02;2021-10-26;80;150;601;400052;392732;21627;76.0;74.7;4.1
02;2021-10-27;168;252;839;400220;392984;22466;76.1;74.7;4.3
02;2021-10-28;160;207;719;400380;393191;23185;76.1;74.7;4.4
02;2021-10-29;270;377;1080;400650;393568;24265;76.2;74.8;4.6
02;2021-10-30;140;288;483;400790;393856;24748;76.2;74.9;4.7
02;2021-10-31;11;15;33;400801;393871;24781;76.2;74.9;4.7
02;2021-11-01;13;13;9;400814;393884;24790;76.2;74.9;4.7
02;2021-11-02;133;195;697;400947;394079;25487;76.2;74.9;4.8
02;2021-11-03;219;284;1043;401166;394363;26530;76.3;75.0;5.0
02;2021-11-04;141;231;745;401307;394594;27275;76.3;75.0;5.2
02;2021-11-05;203;320;1226;401510;394914;28501;76.3;75.1;5.4
02;2021-11-06;152;235;496;401662;395149;28997;76.4;75.1;5.5
02;2021-11-07;23;28;101;401685;395177;29098;76.4;75.1;5.5
02;2021-11-08;102;140;839;401787;395317;29937;76.4;75.1;5.7
02;2021-11-09;114;162;1147;401901;395479;31084;76.4;75.2;5.9
02;2021-11-10;175;280;1455;402076;395759;32539;76.4;75.2;6.2
02;2021-11-11;7;21;72;402083;395780;32611;76.4;75.2;6.2
02;2021-11-12;218;317;1539;402301;396097;34150;76.5;75.3;6.5
02;2021-11-13;173;261;1038;402474;396358;35188;76.5;75.3;6.7
02;2021-11-14;9;9;87;402483;396367;35275;76.5;75.3;6.7
02;2021-11-15;94;138;1173;402577;396505;36448;76.5;75.4;6.9
02;2021-11-16;118;120;1275;402695;396625;37723;76.6;75.4;7.2
02;2021-11-17;220;231;1616;402915;396856;39339;76.6;75.4;7.5
02;2021-11-18;144;201;1841;403059;397057;41180;76.6;75.5;7.8
02;2021-11-19;242;266;1974;403301;397323;43154;76.7;75.5;8.2
02;2021-11-20;175;192;923;403476;397515;44077;76.7;75.6;8.4
02;2021-11-21;7;10;69;403483;397525;44146;76.7;75.6;8.4
02;2021-11-22;165;102;1412;403648;397627;45558;76.7;75.6;8.7
02;2021-11-23;136;113;1279;403784;397740;46837;76.8;75.6;8.9
02;2021-11-24;184;217;1658;403968;397957;48495;76.8;75.7;9.2
02;2021-11-25;172;159;1853;404140;398116;50348;76.8;75.7;9.6
02;2021-11-26;242;238;3315;404382;398354;53663;76.9;75.7;10.2
02;2021-11-27;231;176;2498;404613;398530;56161;76.9;75.8;10.7
02;2021-11-28;40;24;1596;404653;398554;57757;76.9;75.8;11.0
02;2021-11-29;103;110;2644;404756;398664;60401;76.9;75.8;11.5
02;2021-11-30;140;144;3558;404896;398808;63959;77.0;75.8;12.2
02;2021-12-01;149;185;3713;405045;398993;67672;77.0;75.8;12.9
02;2021-12-02;135;80;4146;405180;399073;71818;77.0;75.9;13.7
02;2021-12-03;172;208;5191;405352;399281;77009;77.1;75.9;14.6
02;2021-12-04;134;172;4316;405486;399453;81325;77.1;75.9;15.5
02;2021-12-05;21;20;1097;405507;399473;82422;77.1;75.9;15.7
02;2021-12-06;112;118;3759;405619;399591;86181;77.1;76.0;16.4
02;2021-12-07;132;127;4556;405751;399718;90737;77.1;76.0;17.2
02;2021-12-08;140;164;5271;405891;399882;96008;77.2;76.0;18.3
02;2021-12-09;142;189;4823;406033;400071;100831;77.2;76.1;19.2
03;2020-12-27;0;0;0;0;0;0;0.0;0.0;0.0
03;2020-12-28;1;0;0;1;0;0;0.0;0.0;0.0
03;2020-12-29;0;0;0;1;0;0;0.0;0.0;0.0
03;2020-12-30;1;0;0;2;0;0;0.0;0.0;0.0
03;2020-12-31;0;0;0;2;0;0;0.0;0.0;0.0
03;2021-01-01;0;0;0;2;0;0;0.0;0.0;0.0
03;2021-01-02;0;0;0;2;0;0;0.0;0.0;0.0
03;2021-01-03;0;0;0;2;0;0;0.0;0.0;0.0
03;2021-01-04;0;0;0;2;0;0;0.0;0.0;0.0
03;2021-01-05;1;0;0;3;0;0;0.0;0.0;0.0
03;2021-01-06;12;0;0;15;0;0;0.0;0.0;0.0
03;2021-01-07;73;0;0;88;0;0;0.0;0.0;0.0
03;2021-01-08;141;1;0;229;1;0;0.1;0.0;0.0
03;2021-01-09;113;0;0;342;1;0;0.1;0.0;0.0
03;2021-01-10;4;0;0;346;1;0;0.1;0.0;0.0
03;2021-01-11;411;1;0;757;2;0;0.2;0.0;0.0
03;2021-01-12;607;1;0;1364;3;0;0.4;0.0;0.0
03;2021-01-13;743;2;0;2107;5;0;0.6;0.0;0.0
03;2021-01-14;837;5;0;2944;10;0;0.9;0.0;0.0
03;2021-01-15;374;3;0;3318;13;0;1.0;0.0;0.0
03;2021-01-16;260;0;0;3578;13;0;1.1;0.0;0.0
03;2021-01-17;37;0;0;3615;13;0;1.1;0.0;0.0
03;2021-01-18;874;1;0;4489;14;0;1.4;0.0;0.0
03;2021-01-19;1190;2;0;5679;16;0;1.7;0.0;0.0
03;2021-01-20;1327;3;0;7006;19;0;2.1;0.0;0.0
03;2021-01-21;1202;3;0;8208;22;0;2.5;0.0;0.0
03;2021-01-22;1108;4;0;9316;26;0;2.8;0.0;0.0
03;2021-01-23;449;1;0;9765;27;0;2.9;0.0;0.0
03;2021-01-24;1;0;0;9766;27;0;2.9;0.0;0.0
03;2021-01-25;213;0;0;9979;27;0;3.0;0.0;0.0
03;2021-01-26;739;14;0;10718;41;0;3.2;0.0;0.0
03;2021-01-27;703;10;0;11421;51;0;3.4;0.0;0.0
03;2021-01-28;1014;56;0;12435;107;0;3.8;0.0;0.0
03;2021-01-29;824;78;0;13259;185;0;4.0;0.1;0.0
03;2021-01-30;556;6;0;13815;191;0;4.2;0.1;0.0
03;2021-01-31;0;1;0;13815;192;0;4.2;0.1;0.0
03;2021-02-01;176;82;0;13991;274;0;4.2;0.1;0.0
03;2021-02-02;731;263;0;14722;537;0;4.4;0.2;0.0
03;2021-02-03;972;454;0;15694;991;0;4.7;0.3;0.0
03;2021-02-04;1513;646;0;17207;1637;0;5.2;0.5;0.0
03;2021-02-05;884;305;0;18091;1942;0;5.5;0.6;0.0
03;2021-02-06;146;15;0;18237;1957;0;5.5;0.6;0.0
03;2021-02-07;2;0;0;18239;1957;0;5.5;0.6;0.0
03;2021-02-08;145;63;0;18384;2020;0;5.5;0.6;0.0
03;2021-02-09;587;431;0;18971;2451;0;5.7;0.7;0.0
03;2021-02-10;489;416;0;19460;2867;0;5.9;0.9;0.0
03;2021-02-11;935;530;0;20395;3397;0;6.2;1.0;0.0
03;2021-02-12;1042;563;0;21437;3960;0;6.5;1.2;0.0
03;2021-02-13;125;160;0;21562;4120;0;6.5;1.2;0.0
03;2021-02-14;3;4;0;21565;4124;0;6.5;1.2;0.0
03;2021-02-15;301;855;0;21866;4979;0;6.6;1.5;0.0
03;2021-02-16;547;1132;0;22413;6111;0;6.8;1.8;0.0
03;2021-02-17;431;1305;0;22844;7416;0;6.9;2.2;0.0
03;2021-02-18;344;1240;0;23188;8656;0;7.0;2.6;0.0
03;2021-02-19;492;766;0;23680;9422;0;7.1;2.8;0.0
03;2021-02-20;115;181;0;23795;9603;0;7.2;2.9;0.0
03;2021-02-21;2;1;0;23797;9604;0;7.2;2.9;0.0
03;2021-02-22;170;211;0;23967;9815;0;7.2;3.0;0.0
03;2021-02-23;656;835;0;24623;10650;0;7.4;3.2;0.0
03;2021-02-24;582;975;0;25205;11625;0;7.6;3.5;0.0
03;2021-02-25;1047;1758;0;26252;13383;0;7.9;4.0;0.0
03;2021-02-26;780;1292;0;27032;14675;0;8.2;4.4;0.0
03;2021-02-27;97;246;0;27129;14921;0;8.2;4.5;0.0
03;2021-02-28;1;16;0;27130;14937;0;8.2;4.5;0.0
03;2021-03-01;186;243;0;27316;15180;0;8.2;4.6;0.0
03;2021-03-02;783;663;0;28099;15843;0;8.5;4.8;0.0
03;2021-03-03;857;452;0;28956;16295;0;8.7;4.9;0.0
03;2021-03-04;1490;578;0;30446;16873;0;9.2;5.1;0.0
03;2021-03-05;1064;714;0;31510;17587;0;9.5;5.3;0.0
03;2021-03-06;895;117;0;32405;17704;0;9.8;5.3;0.0
03;2021-03-07;14;2;0;32419;17706;0;9.8;5.3;0.0
03;2021-03-08;249;249;0;32668;17955;0;9.9;5.4;0.0
03;2021-03-09;942;448;0;33610;18403;0;10.1;5.6;0.0
03;2021-03-10;924;540;0;34534;18943;0;10.4;5.7;0.0
03;2021-03-11;1616;667;0;36150;19610;0;10.9;5.9;0.0
03;2021-03-12;1257;840;0;37407;20450;0;11.3;6.2;0.0
03;2021-03-13;858;112;0;38265;20562;0;11.5;6.2;0.0
03;2021-03-14;12;7;0;38277;20569;0;11.6;6.2;0.0
03;2021-03-15;301;205;0;38578;20774;0;11.6;6.3;0.0
03;2021-03-16;647;406;0;39225;21180;0;11.8;6.4;0.0
03;2021-03-17;1278;420;0;40503;21600;0;12.2;6.5;0.0
03;2021-03-18;1680;405;0;42183;22005;0;12.7;6.6;0.0
03;2021-03-19;1657;346;0;43840;22351;0;13.2;6.7;0.0
03;2021-03-20;303;29;0;44143;22380;0;13.3;6.8;0.0
03;2021-03-21;4;0;0;44147;22380;0;13.3;6.8;0.0
03;2021-03-22;258;392;0;44405;22772;0;13.4;6.9;0.0
03;2021-03-23;1308;360;0;45713;23132;0;13.8;7.0;0.0
03;2021-03-24;1808;336;0;47521;23468;0;14.3;7.1;0.0
03;2021-03-25;2320;545;0;49841;24013;0;15.0;7.2;0.0
03;2021-03-26;2267;436;0;52108;24449;0;15.7;7.4;0.0
03;2021-03-27;818;28;0;52926;24477;0;16.0;7.4;0.0
03;2021-03-28;14;35;0;52940;24512;0;16.0;7.4;0.0
03;2021-03-29;677;176;0;53617;24688;0;16.2;7.5;0.0
03;2021-03-30;1897;452;0;55514;25140;0;16.8;7.6;0.0
03;2021-03-31;1052;924;0;56566;26064;0;17.1;7.9;0.0
03;2021-04-01;1412;1065;0;57978;27129;0;17.5;8.2;0.0
03;2021-04-02;1711;628;0;59689;27757;0;18.0;8.4;0.0
03;2021-04-03;374;109;0;60063;27866;0;18.1;8.4;0.0
03;2021-04-04;32;0;0;60095;27866;0;18.1;8.4;0.0
03;2021-04-05;40;15;0;60135;27881;0;18.2;8.4;0.0
03;2021-04-06;1122;430;0;61257;28311;0;18.5;8.5;0.0
03;2021-04-07;1571;531;0;62828;28842;0;19.0;8.7;0.0
03;2021-04-08;2130;541;0;64958;29383;0;19.6;8.9;0.0
03;2021-04-09;2046;1104;0;67004;30487;0;20.2;9.2;0.0
03;2021-04-10;951;87;0;67955;30574;0;20.5;9.2;0.0
03;2021-04-11;364;11;0;68319;30585;0;20.6;9.2;0.0
03;2021-04-12;1012;253;0;69331;30838;0;20.9;9.3;0.0
03;2021-04-13;1831;962;0;71162;31800;0;21.5;9.6;0.0
03;2021-04-14;2192;1166;0;73354;32966;0;22.1;10.0;0.0
03;2021-04-15;2535;1365;0;75889;34331;0;22.9;10.4;0.0
03;2021-04-16;2670;1175;0;78559;35506;0;23.7;10.7;0.0
03;2021-04-17;1056;419;0;79615;35925;0;24.0;10.8;0.0
03;2021-04-18;26;7;0;79641;35932;0;24.0;10.8;0.0
03;2021-04-19;1164;608;0;80805;36540;0;24.4;11.0;0.0
03;2021-04-20;1705;1273;0;82510;37813;0;24.9;11.4;0.0
03;2021-04-21;1148;1265;0;83658;39078;0;25.3;11.8;0.0
03;2021-04-22;1659;1003;0;85317;40081;0;25.8;12.1;0.0
03;2021-04-23;2370;1282;0;87687;41363;0;26.5;12.5;0.0
03;2021-04-24;1257;919;0;88944;42282;0;26.8;12.8;0.0
03;2021-04-25;370;25;0;89314;42307;0;27.0;12.8;0.0
03;2021-04-26;1301;496;0;90615;42803;0;27.4;12.9;0.0
03;2021-04-27;1686;1580;0;92301;44383;0;27.9;13.4;0.0
03;2021-04-28;1878;1173;0;94179;45556;0;28.4;13.8;0.0
03;2021-04-29;2275;1211;0;96454;46767;0;29.1;14.1;0.0
03;2021-04-30;1819;835;0;98273;47602;0;29.7;14.4;0.0
03;2021-05-01;449;492;0;98722;48094;0;29.8;14.5;0.0
03;2021-05-02;27;12;0;98749;48106;0;29.8;14.5;0.0
03;2021-05-03;1799;789;0;100548;48895;0;30.3;14.8;0.0
03;2021-05-04;2654;1653;0;103202;50548;0;31.1;15.3;0.0
03;2021-05-05;2408;1324;0;105610;51872;0;31.9;15.7;0.0
03;2021-05-06;2849;1928;0;108459;53800;0;32.7;16.2;0.0
03;2021-05-07;4321;1754;0;112780;55554;0;34.0;16.8;0.0
03;2021-05-08;562;344;0;113342;55898;0;34.2;16.9;0.0
03;2021-05-09;56;366;0;113398;56264;0;34.2;17.0;0.0
03;2021-05-10;1751;1503;0;115149;57767;0;34.8;17.4;0.0
03;2021-05-11;3431;1854;0;118580;59621;0;35.8;18.0;0.0
03;2021-05-12;2583;1471;0;121163;61092;0;36.6;18.4;0.0
03;2021-05-13;3434;350;0;124597;61442;0;37.6;18.5;0.0
03;2021-05-14;3129;1643;0;127726;63085;0;38.6;19.0;0.0
03;2021-05-15;1707;473;0;129433;63558;0;39.1;19.2;0.0
03;2021-05-16;508;54;0;129941;63612;0;39.2;19.2;0.0
03;2021-05-17;1218;877;0;131159;64489;0;39.6;19.5;0.0
03;2021-05-18;2867;1493;0;134026;65982;0;40.5;19.9;0.0
03;2021-05-19;2361;932;0;136387;66914;0;41.2;20.2;0.0
03;2021-05-20;2969;1083;0;139356;67997;0;42.1;20.5;0.0
03;2021-05-21;3552;1260;0;142908;69257;0;43.1;20.9;0.0
03;2021-05-22;1742;350;0;144650;69607;0;43.7;21.0;0.0
03;2021-05-23;599;67;0;145249;69674;0;43.8;21.0;0.0
03;2021-05-24;1938;157;0;147187;69831;0;44.4;21.1;0.0
03;2021-05-25;2758;1651;0;149945;71482;0;45.3;21.6;0.0
03;2021-05-26;1966;1034;0;151911;72516;0;45.9;21.9;0.0
03;2021-05-27;2646;1165;0;154557;73681;0;46.6;22.2;0.0
03;2021-05-28;3116;2195;0;157673;75876;0;47.6;22.9;0.0
03;2021-05-29;1312;596;0;158985;76472;0;48.0;23.1;0.0
03;2021-05-30;173;27;0;159158;76499;0;48.0;23.1;0.0
03;2021-05-31;679;597;0;159837;77096;0;48.2;23.3;0.0
03;2021-06-01;2077;2294;0;161914;79390;0;48.9;24.0;0.0
03;2021-06-02;1425;1706;0;163339;81096;0;49.3;24.5;0.0
03;2021-06-03;1872;2589;0;165211;83685;0;49.9;25.3;0.0
03;2021-06-04;1538;2438;0;166749;86123;0;50.3;26.0;0.0
03;2021-06-05;911;1109;0;167660;87232;0;50.6;26.3;0.0
03;2021-06-06;77;23;0;167737;87255;0;50.6;26.3;0.0
03;2021-06-07;631;1822;0;168368;89077;0;50.8;26.9;0.0
03;2021-06-08;1386;2483;0;169754;91560;0;51.2;27.6;0.0
03;2021-06-09;1128;1788;0;170882;93348;0;51.6;28.2;0.0
03;2021-06-10;1225;2023;0;172107;95371;0;51.9;28.8;0.0
03;2021-06-11;1298;3224;0;173405;98595;0;52.3;29.8;0.0
03;2021-06-12;729;831;0;174134;99426;0;52.6;30.0;0.0
03;2021-06-13;42;28;0;174176;99454;0;52.6;30.0;0.0
03;2021-06-14;427;2005;0;174603;101459;0;52.7;30.6;0.0
03;2021-06-15;1168;3539;0;175771;104998;0;53.1;31.7;0.0
03;2021-06-16;773;2657;0;176544;107655;0;53.3;32.5;0.0
03;2021-06-17;1010;3058;0;177554;110713;0;53.6;33.4;0.0
03;2021-06-18;1052;3649;0;178606;114362;0;53.9;34.5;0.0
03;2021-06-19;571;1370;0;179177;115732;0;54.1;34.9;0.0
03;2021-06-20;29;26;0;179206;115758;0;54.1;34.9;0.0
03;2021-06-21;450;2360;0;179656;118118;0;54.2;35.7;0.0
03;2021-06-22;881;3586;0;180537;121704;0;54.5;36.7;0.0
03;2021-06-23;599;2797;0;181136;124501;0;54.7;37.6;0.0
03;2021-06-24;836;3508;0;181972;128009;0;54.9;38.6;0.0
03;2021-06-25;852;3451;0;182824;131460;0;55.2;39.7;0.0
03;2021-06-26;480;1813;0;183304;133273;0;55.3;40.2;0.0
03;2021-06-27;58;488;0;183362;133761;0;55.3;40.4;0.0
03;2021-06-28;604;1865;0;183966;135626;0;55.5;40.9;0.0
03;2021-06-29;973;3148;0;184939;138774;0;55.8;41.9;0.0
03;2021-06-30;772;2843;0;185711;141617;0;56.1;42.7;0.0
03;2021-07-01;906;2757;0;186617;144374;0;56.3;43.6;0.0
03;2021-07-02;875;3629;0;187492;148003;0;56.6;44.7;0.0
03;2021-07-03;450;1639;0;187942;149642;0;56.7;45.2;0.0
03;2021-07-04;35;294;0;187977;149936;0;56.7;45.3;0.0
03;2021-07-05;722;2074;0;188699;152010;0;57.0;45.9;0.0
03;2021-07-06;1074;3188;0;189773;155198;0;57.3;46.8;0.0
03;2021-07-07;789;2279;0;190562;157477;0;57.5;47.5;0.0
03;2021-07-08;942;2768;0;191504;160245;0;57.8;48.4;0.0
03;2021-07-09;1213;3035;0;192717;163280;0;58.2;49.3;0.0
03;2021-07-10;406;1470;0;193123;164750;0;58.3;49.7;0.0
03;2021-07-11;73;387;0;193196;165137;0;58.3;49.8;0.0
03;2021-07-12;833;1241;0;194029;166378;0;58.6;50.2;0.0
03;2021-07-13;2216;2924;0;196245;169302;0;59.2;51.1;0.0
03;2021-07-14;229;84;0;196474;169386;0;59.3;51.1;0.0
03;2021-07-15;2246;2212;0;198720;171598;0;60.0;51.8;0.0
03;2021-07-16;2334;2036;0;201054;173634;0;60.7;52.4;0.0
03;2021-07-17;921;1385;0;201975;175019;0;61.0;52.8;0.0
03;2021-07-18;82;21;0;202057;175040;0;61.0;52.8;0.0
03;2021-07-19;2081;1259;0;204138;176299;0;61.6;53.2;0.0
03;2021-07-20;2701;2826;0;206839;179125;0;62.4;54.1;0.0
03;2021-07-21;2712;1312;0;209551;180437;0;63.2;54.5;0.0
03;2021-07-22;2494;1734;0;212045;182171;0;64.0;55.0;0.0
03;2021-07-23;2732;1184;0;214777;183355;0;64.8;55.3;0.0
03;2021-07-24;648;541;0;215425;183896;0;65.0;55.5;0.0
03;2021-07-25;102;44;0;215527;183940;0;65.1;55.5;0.0
03;2021-07-26;1807;1441;0;217334;185381;0;65.6;56.0;0.0
03;2021-07-27;2915;1916;0;220249;187297;0;66.5;56.5;0.0
03;2021-07-28;2335;995;0;222584;188292;0;67.2;56.8;0.0
03;2021-07-29;2145;1352;0;224729;189644;0;67.8;57.2;0.0
03;2021-07-30;1930;1251;0;226659;190895;0;68.4;57.6;0.0
03;2021-07-31;837;736;0;227496;191631;0;68.7;57.8;0.0
03;2021-08-01;55;31;0;227551;191662;0;68.7;57.8;0.0
03;2021-08-02;1515;1460;0;229066;193122;0;69.1;58.3;0.0
03;2021-08-03;1978;2483;0;231044;195605;0;69.7;59.0;0.0
03;2021-08-04;1826;839;0;232870;196444;0;70.3;59.3;0.0
03;2021-08-05;1233;1652;0;234103;198096;0;70.7;59.8;0.0
03;2021-08-06;1261;977;0;235364;199073;0;71.0;60.1;0.0
03;2021-08-07;564;536;0;235928;199609;0;71.2;60.2;0.0
03;2021-08-08;81;71;0;236009;199680;0;71.2;60.3;0.0
03;2021-08-09;660;1319;0;236669;200999;0;71.4;60.7;0.0
03;2021-08-10;1569;2987;0;238238;203986;0;71.9;61.6;0.0
03;2021-08-11;1212;2125;0;239450;206111;0;72.3;62.2;0.0
03;2021-08-12;1045;2872;0;240495;208983;0;72.6;63.1;0.0
03;2021-08-13;815;1147;0;241310;210130;0;72.8;63.4;0.0
03;2021-08-14;387;594;0;241697;210724;0;73.0;63.6;0.0
03;2021-08-15;17;98;0;241714;210822;0;73.0;63.6;0.0
03;2021-08-16;678;2388;0;242392;213210;0;73.2;64.4;0.0
03;2021-08-17;1006;2795;0;243398;216005;0;73.5;65.2;0.0
03;2021-08-18;1094;1950;0;244492;217955;0;73.8;65.8;0.0
03;2021-08-19;926;2523;0;245418;220478;0;74.1;66.5;0.0
03;2021-08-20;725;1190;0;246143;221668;0;74.3;66.9;0.0
03;2021-08-21;395;722;0;246538;222390;0;74.4;67.1;0.0
03;2021-08-22;23;34;0;246561;222424;0;74.4;67.1;0.0
03;2021-08-23;715;2062;0;247276;224486;0;74.6;67.8;0.0
03;2021-08-24;843;2131;0;248119;226617;0;74.9;68.4;0.0
03;2021-08-25;835;1726;0;248954;228343;0;75.1;68.9;0.0
03;2021-08-26;528;1321;0;249482;229664;0;75.3;69.3;0.0
03;2021-08-27;457;1549;0;249939;231213;0;75.4;69.8;0.0
03;2021-08-28;217;621;0;250156;231834;0;75.5;70.0;0.0
03;2021-08-29;11;17;0;250167;231851;0;75.5;70.0;0.0
03;2021-08-30;717;1335;18;250884;233186;18;75.7;70.4;0.0
03;2021-08-31;683;1876;98;251567;235062;116;75.9;70.9;0.0
03;2021-09-01;571;1278;206;252138;236340;322;76.1;71.3;0.1
03;2021-09-02;452;1003;145;252590;237343;467;76.2;71.6;0.1
03;2021-09-03;482;1106;124;253072;238449;591;76.4;72.0;0.2
03;2021-09-04;252;601;27;253324;239050;618;76.5;72.2;0.2
03;2021-09-05;12;35;3;253336;239085;621;76.5;72.2;0.2
03;2021-09-06;313;691;416;253649;239776;1037;76.6;72.4;0.3
03;2021-09-07;566;1093;462;254215;240869;1499;76.7;72.7;0.5
03;2021-09-08;383;1203;305;254598;242072;1804;76.8;73.1;0.5
03;2021-09-09;242;612;291;254840;242684;2095;76.9;73.2;0.6
03;2021-09-10;409;914;326;255249;243598;2421;77.0;73.5;0.7
03;2021-09-11;200;601;42;255449;244199;2463;77.1;73.7;0.7
03;2021-09-12;7;19;2;255456;244218;2465;77.1;73.7;0.7
03;2021-09-13;275;603;314;255731;244821;2779;77.2;73.9;0.8
03;2021-09-14;412;884;526;256143;245705;3305;77.3;74.2;1.0
03;2021-09-15;337;960;386;256480;246665;3691;77.4;74.5;1.1
03;2021-09-16;200;547;421;256680;247212;4112;77.5;74.6;1.2
03;2021-09-17;166;383;334;256846;247595;4446;77.5;74.7;1.3
03;2021-09-18;144;324;103;256990;247919;4549;77.6;74.8;1.4
03;2021-09-19;3;19;0;256993;247938;4549;77.6;74.8;1.4
03;2021-09-20;181;423;422;257174;248361;4971;77.6;75.0;1.5
03;2021-09-21;239;671;672;257413;249032;5643;77.7;75.2;1.7
03;2021-09-22;259;664;656;257672;249696;6299;77.8;75.4;1.9
03;2021-09-23;160;424;629;257832;250120;6928;77.8;75.5;2.1
03;2021-09-24;146;350;302;257978;250470;7230;77.9;75.6;2.2
03;2021-09-25;61;268;44;258039;250738;7274;77.9;75.7;2.2
03;2021-09-26;2;2;0;258041;250740;7274;77.9;75.7;2.2
03;2021-09-27;120;336;286;258161;251076;7560;77.9;75.8;2.3
03;2021-09-28;171;583;692;258332;251659;8252;78.0;76.0;2.5
03;2021-09-29;195;463;601;258527;252122;8853;78.0;76.1;2.7
03;2021-09-30;119;236;467;258646;252358;9320;78.1;76.2;2.8
03;2021-10-01;163;477;326;258809;252835;9646;78.1;76.3;2.9
03;2021-10-02;89;191;136;258898;253026;9782;78.1;76.4;3.0
03;2021-10-03;0;1;6;258898;253027;9788;78.1;76.4;3.0
03;2021-10-04;51;118;228;258949;253145;10016;78.2;76.4;3.0
03;2021-10-05;158;369;622;259107;253514;10638;78.2;76.5;3.2
03;2021-10-06;260;496;749;259367;254010;11387;78.3;76.7;3.4
03;2021-10-07;95;202;539;259462;254212;11926;78.3;76.7;3.6
03;2021-10-08;136;284;500;259598;254496;12426;78.4;76.8;3.8
03;2021-10-09;105;175;229;259703;254671;12655;78.4;76.9;3.8
03;2021-10-10;6;8;72;259709;254679;12727;78.4;76.9;3.8
03;2021-10-11;168;276;568;259877;254955;13295;78.4;77.0;4.0
03;2021-10-12;167;275;711;260044;255230;14006;78.5;77.0;4.2
03;2021-10-13;243;364;755;260287;255594;14761;78.6;77.1;4.5
03;2021-10-14;90;159;578;260377;255753;15339;78.6;77.2;4.6
03;2021-10-15;97;188;306;260474;255941;15645;78.6;77.3;4.7
03;2021-10-16;72;100;149;260546;256041;15794;78.6;77.3;4.8
03;2021-10-17;2;2;4;260548;256043;15798;78.6;77.3;4.8
03;2021-10-18;71;121;372;260619;256164;16170;78.7;77.3;4.9
03;2021-10-19;92;136;547;260711;256300;16717;78.7;77.4;5.0
03;2021-10-20;165;323;1043;260876;256623;17760;78.7;77.5;5.4
03;2021-10-21;68;102;732;260944;256725;18492;78.8;77.5;5.6
03;2021-10-22;93;184;578;261037;256909;19070;78.8;77.5;5.8
03;2021-10-23;25;91;152;261062;257000;19222;78.8;77.6;5.8
03;2021-10-24;3;1;10;261065;257001;19232;78.8;77.6;5.8
03;2021-10-25;61;57;486;261126;257058;19718;78.8;77.6;6.0
03;2021-10-26;69;116;457;261195;257174;20175;78.8;77.6;6.1
03;2021-10-27;128;262;1285;261323;257436;21460;78.9;77.7;6.5
03;2021-10-28;70;95;689;261393;257531;22149;78.9;77.7;6.7
03;2021-10-29;59;118;491;261452;257649;22640;78.9;77.8;6.8
03;2021-10-30;28;58;149;261480;257707;22789;78.9;77.8;6.9
03;2021-10-31;0;2;5;261480;257709;22794;78.9;77.8;6.9
03;2021-11-01;7;20;34;261487;257729;22828;78.9;77.8;6.9
03;2021-11-02;57;133;643;261544;257862;23471;78.9;77.8;7.1
03;2021-11-03;144;314;1318;261688;258176;24789;79.0;77.9;7.5
03;2021-11-04;46;117;895;261734;258293;25684;79.0;78.0;7.8
03;2021-11-05;80;122;771;261814;258415;26455;79.0;78.0;8.0
03;2021-11-06;20;72;243;261834;258487;26698;79.0;78.0;8.1
03;2021-11-07;1;4;16;261835;258491;26714;79.0;78.0;8.1
03;2021-11-08;40;101;649;261875;258592;27363;79.0;78.1;8.3
03;2021-11-09;58;98;975;261933;258690;28338;79.1;78.1;8.6
03;2021-11-10;144;236;2030;262077;258926;30368;79.1;78.2;9.2
03;2021-11-11;3;5;44;262080;258931;30412;79.1;78.2;9.2
03;2021-11-12;38;95;656;262118;259026;31068;79.1;78.2;9.4
03;2021-11-13;21;22;344;262139;259048;31412;79.1;78.2;9.5
03;2021-11-14;1;5;8;262140;259053;31420;79.1;78.2;9.5
03;2021-11-15;41;63;853;262181;259116;32273;79.1;78.2;9.7
03;2021-11-16;61;82;1243;262242;259198;33516;79.2;78.2;10.1
03;2021-11-17;148;180;1983;262390;259378;35499;79.2;78.3;10.7
03;2021-11-18;69;73;1678;262459;259451;37177;79.2;78.3;11.2
03;2021-11-19;102;115;1453;262561;259566;38630;79.2;78.3;11.7
03;2021-11-20;47;37;570;262608;259603;39200;79.3;78.4;11.8
03;2021-11-21;0;4;16;262608;259607;39216;79.3;78.4;11.8
03;2021-11-22;57;31;932;262665;259638;40148;79.3;78.4;12.1
03;2021-11-23;59;44;1241;262724;259682;41389;79.3;78.4;12.5
03;2021-11-24;136;134;2005;262860;259816;43394;79.3;78.4;13.1
03;2021-11-25;67;66;1789;262927;259882;45183;79.4;78.4;13.6
03;2021-11-26;88;96;1918;263015;259978;47101;79.4;78.5;14.2
03;2021-11-27;31;41;656;263046;260019;47757;79.4;78.5;14.4
03;2021-11-28;1;3;34;263047;260022;47791;79.4;78.5;14.4
03;2021-11-29;42;58;1636;263089;260080;49427;79.4;78.5;14.9
03;2021-11-30;79;72;3137;263168;260152;52564;79.4;78.5;15.9
03;2021-12-01;78;125;3118;263246;260277;55682;79.5;78.6;16.8
03;2021-12-02;52;42;3672;263298;260319;59354;79.5;78.6;17.9
03;2021-12-03;66;60;3126;263364;260379;62480;79.5;78.6;18.9
03;2021-12-04;51;33;1649;263415;260412;64129;79.5;78.6;19.4
03;2021-12-05;1;3;74;263416;260415;64203;79.5;78.6;19.4
03;2021-12-06;38;50;2866;263454;260465;67069;79.5;78.6;20.2
03;2021-12-07;70;77;4292;263524;260542;71361;79.5;78.6;21.5
03;2021-12-08;46;143;3826;263570;260685;75187;79.6;78.7;22.7
03;2021-12-09;77;72;4226;263647;260757;79413;79.6;78.7;24.0
04;2020-12-27;0;0;0;0;0;0;0.0;0.0;0.0
04;2020-12-28;0;0;0;0;0;0;0.0;0.0;0.0
04;2020-12-29;0;0;0;0;0;0;0.0;0.0;0.0
04;2020-12-30;0;0;0;0;0;0;0.0;0.0;0.0
04;2020-12-31;0;0;0;0;0;0;0.0;0.0;0.0
04;2021-01-01;0;0;0;0;0;0;0.0;0.0;0.0
04;2021-01-02;0;0;0;0;0;0;0.0;0.0;0.0
04;2021-01-03;0;0;0;0;0;0;0.0;0.0;0.0
04;2021-01-04;1;0;0;1;0;0;0.0;0.0;0.0
04;2021-01-05;3;0;0;4;0;0;0.0;0.0;0.0
04;2021-01-06;2;0;0;6;0;0;0.0;0.0;0.0
04;2021-01-07;53;0;0;59;0;0;0.0;0.0;0.0
04;2021-01-08;91;0;0;150;0;0;0.1;0.0;0.0
04;2021-01-09;29;0;0;179;0;0;0.1;0.0;0.0
04;2021-01-10;0;0;0;179;0;0;0.1;0.0;0.0
04;2021-01-11;75;0;0;254;0;0;0.2;0.0;0.0
04;2021-01-12;356;0;0;610;0;0;0.4;0.0;0.0
04;2021-01-13;209;2;0;819;2;0;0.5;0.0;0.0
04;2021-01-14;95;3;0;914;5;0;0.6;0.0;0.0
04;2021-01-15;172;4;0;1086;9;0;0.7;0.0;0.0
04;2021-01-16;80;2;0;1166;11;0;0.7;0.0;0.0
04;2021-01-17;14;0;0;1180;11;0;0.7;0.0;0.0
04;2021-01-18;223;5;0;1403;16;0;0.8;0.0;0.0
04;2021-01-19;445;4;0;1848;20;0;1.1;0.0;0.0
04;2021-01-20;531;9;0;2379;29;0;1.4;0.0;0.0
04;2021-01-21;531;3;0;2910;32;0;1.8;0.0;0.0
04;2021-01-22;541;1;0;3451;33;0;2.1;0.0;0.0
04;2021-01-23;95;1;0;3546;34;0;2.1;0.0;0.0
04;2021-01-24;0;0;0;3546;34;0;2.1;0.0;0.0
04;2021-01-25;225;0;0;3771;34;0;2.3;0.0;0.0
04;2021-01-26;584;2;0;4355;36;0;2.6;0.0;0.0
04;2021-01-27;449;1;0;4804;37;0;2.9;0.0;0.0
04;2021-01-28;565;22;0;5369;59;0;3.3;0.0;0.0
04;2021-01-29;326;64;0;5695;123;0;3.4;0.1;0.0
04;2021-01-30;49;28;0;5744;151;0;3.5;0.1;0.0
04;2021-01-31;1;3;0;5745;154;0;3.5;0.1;0.0
04;2021-02-01;251;126;0;5996;280;0;3.6;0.2;0.0
04;2021-02-02;512;208;0;6508;488;0;3.9;0.3;0.0
04;2021-02-03;296;134;0;6804;622;0;4.1;0.4;0.0
04;2021-02-04;302;65;0;7106;687;0;4.3;0.4;0.0
04;2021-02-05;352;192;0;7458;879;0;4.5;0.5;0.0
04;2021-02-06;33;74;0;7491;953;0;4.5;0.6;0.0
04;2021-02-07;3;12;0;7494;965;0;4.5;0.6;0.0
04;2021-02-08;159;74;0;7653;1039;0;4.6;0.6;0.0
04;2021-02-09;154;147;0;7807;1186;0;4.7;0.7;0.0
04;2021-02-10;253;177;0;8060;1363;0;4.9;0.8;0.0
04;2021-02-11;321;279;0;8381;1642;0;5.1;1.0;0.0
04;2021-02-12;286;308;0;8667;1950;0;5.2;1.2;0.0
04;2021-02-13;22;88;0;8689;2038;0;5.3;1.2;0.0
04;2021-02-14;0;1;0;8689;2039;0;5.3;1.2;0.0
04;2021-02-15;29;149;0;8718;2188;0;5.3;1.3;0.0
04;2021-02-16;79;455;0;8797;2643;0;5.3;1.6;0.0
04;2021-02-17;64;388;0;8861;3031;0;5.4;1.8;0.0
04;2021-02-18;55;547;0;8916;3578;0;5.4;2.2;0.0
04;2021-02-19;61;327;0;8977;3905;0;5.4;2.4;0.0
04;2021-02-20;7;59;0;8984;3964;0;5.4;2.4;0.0
04;2021-02-21;0;0;0;8984;3964;0;5.4;2.4;0.0
04;2021-02-22;15;284;0;8999;4248;0;5.4;2.6;0.0
04;2021-02-23;29;529;0;9028;4777;0;5.5;2.9;0.0
04;2021-02-24;43;400;0;9071;5177;0;5.5;3.1;0.0
04;2021-02-25;71;327;0;9142;5504;0;5.5;3.3;0.0
04;2021-02-26;206;299;0;9348;5803;0;5.7;3.5;0.0
04;2021-02-27;158;64;0;9506;5867;0;5.8;3.6;0.0
04;2021-02-28;0;0;0;9506;5867;0;5.8;3.6;0.0
04;2021-03-01;24;79;0;9530;5946;0;5.8;3.6;0.0
04;2021-03-02;141;45;0;9671;5991;0;5.9;3.6;0.0
04;2021-03-03;354;553;0;10025;6544;0;6.1;4.0;0.0
04;2021-03-04;212;438;0;10237;6982;0;6.2;4.2;0.0
04;2021-03-05;247;303;0;10484;7285;0;6.3;4.4;0.0
04;2021-03-06;849;60;0;11333;7345;0;6.9;4.4;0.0
04;2021-03-07;469;24;0;11802;7369;0;7.1;4.5;0.0
04;2021-03-08;62;86;0;11864;7455;0;7.2;4.5;0.0
04;2021-03-09;215;208;0;12079;7663;0;7.3;4.6;0.0
04;2021-03-10;400;302;0;12479;7965;0;7.6;4.8;0.0
04;2021-03-11;488;325;0;12967;8290;0;7.8;5.0;0.0
04;2021-03-12;681;207;0;13648;8497;0;8.3;5.1;0.0
04;2021-03-13;994;56;0;14642;8553;0;8.9;5.2;0.0
04;2021-03-14;410;7;0;15052;8560;0;9.1;5.2;0.0
04;2021-03-15;115;14;0;15167;8574;0;9.2;5.2;0.0
04;2021-03-16;88;14;0;15255;8588;0;9.2;5.2;0.0
04;2021-03-17;541;87;0;15796;8675;0;9.6;5.3;0.0
04;2021-03-18;786;34;0;16582;8709;0;10.0;5.3;0.0
04;2021-03-19;719;40;0;17301;8749;0;10.5;5.3;0.0
04;2021-03-20;150;4;0;17451;8753;0;10.6;5.3;0.0
04;2021-03-21;2;0;0;17453;8753;0;10.6;5.3;0.0
04;2021-03-22;151;19;0;17604;8772;0;10.7;5.3;0.0
04;2021-03-23;264;17;0;17868;8789;0;10.8;5.3;0.0
04;2021-03-24;1006;40;0;18874;8829;0;11.4;5.3;0.0
04;2021-03-25;1218;60;0;20092;8889;0;12.2;5.4;0.0
04;2021-03-26;1394;77;0;21486;8966;0;13.0;5.4;0.0
04;2021-03-27;239;17;0;21725;8983;0;13.2;5.4;0.0
04;2021-03-28;11;0;0;21736;8983;0;13.2;5.4;0.0
04;2021-03-29;663;27;0;22399;9010;0;13.6;5.5;0.0
04;2021-03-30;1035;143;0;23434;9153;0;14.2;5.5;0.0
04;2021-03-31;1260;112;0;24694;9265;0;14.9;5.6;0.0
04;2021-04-01;1054;133;0;25748;9398;0;15.6;5.7;0.0
04;2021-04-02;1120;127;0;26868;9525;0;16.3;5.8;0.0
04;2021-04-03;219;29;0;27087;9554;0;16.4;5.8;0.0
04;2021-04-04;11;4;0;27098;9558;0;16.4;5.8;0.0
04;2021-04-05;43;4;0;27141;9562;0;16.4;5.8;0.0
04;2021-04-06;894;153;0;28035;9715;0;17.0;5.9;0.0
04;2021-04-07;840;431;0;28875;10146;0;17.5;6.1;0.0
04;2021-04-08;876;636;0;29751;10782;0;18.0;6.5;0.0
04;2021-04-09;672;424;0;30423;11206;0;18.4;6.8;0.0
04;2021-04-10;238;160;0;30661;11366;0;18.6;6.9;0.0
04;2021-04-11;134;51;0;30795;11417;0;18.6;6.9;0.0
04;2021-04-12;604;127;0;31399;11544;0;19.0;7.0;0.0
04;2021-04-13;1050;238;0;32449;11782;0;19.6;7.1;0.0
04;2021-04-14;909;493;0;33358;12275;0;20.2;7.4;0.0
04;2021-04-15;831;641;0;34189;12916;0;20.7;7.8;0.0
04;2021-04-16;781;468;0;34970;13384;0;21.2;8.1;0.0
04;2021-04-17;217;86;0;35187;13470;0;21.3;8.2;0.0
04;2021-04-18;11;15;0;35198;13485;0;21.3;8.2;0.0
04;2021-04-19;355;295;0;35553;13780;0;21.5;8.3;0.0
04;2021-04-20;892;435;0;36445;14215;0;22.1;8.6;0.0
04;2021-04-21;630;716;0;37075;14931;0;22.4;9.0;0.0
04;2021-04-22;659;773;0;37734;15704;0;22.8;9.5;0.0
04;2021-04-23;676;535;0;38410;16239;0;23.3;9.8;0.0
04;2021-04-24;147;68;0;38557;16307;0;23.3;9.9;0.0
04;2021-04-25;5;8;0;38562;16315;0;23.3;9.9;0.0
04;2021-04-26;201;616;0;38763;16931;0;23.5;10.2;0.0
04;2021-04-27;388;882;0;39151;17813;0;23.7;10.8;0.0
04;2021-04-28;455;1012;0;39606;18825;0;24.0;11.4;0.0
04;2021-04-29;667;1025;0;40273;19850;0;24.4;12.0;0.0
04;2021-04-30;489;814;0;40762;20664;0;24.7;12.5;0.0
04;2021-05-01;94;25;0;40856;20689;0;24.7;12.5;0.0
04;2021-05-02;19;116;0;40875;20805;0;24.7;12.6;0.0
04;2021-05-03;191;545;0;41066;21350;0;24.9;12.9;0.0
04;2021-05-04;535;810;0;41601;22160;0;25.2;13.4;0.0
04;2021-05-05;474;881;0;42075;23041;0;25.5;13.9;0.0
04;2021-05-06;1047;559;0;43122;23600;0;26.1;14.3;0.0
04;2021-05-07;665;707;0;43787;24307;0;26.5;14.7;0.0
04;2021-05-08;87;78;0;43874;24385;0;26.6;14.8;0.0
04;2021-05-09;14;6;0;43888;24391;0;26.6;14.8;0.0
04;2021-05-10;482;359;0;44370;24750;0;26.9;15.0;0.0
04;2021-05-11;1157;851;0;45527;25601;0;27.6;15.5;0.0
04;2021-05-12;1357;680;0;46884;26281;0;28.4;15.9;0.0
04;2021-05-13;398;116;0;47282;26397;0;28.6;16.0;0.0
04;2021-05-14;490;300;0;47772;26697;0;28.9;16.2;0.0
04;2021-05-15;203;128;0;47975;26825;0;29.0;16.2;0.0
04;2021-05-16;50;8;0;48025;26833;0;29.1;16.2;0.0
04;2021-05-17;219;310;0;48244;27143;0;29.2;16.4;0.0
04;2021-05-18;451;924;0;48695;28067;0;29.5;17.0;0.0
04;2021-05-19;789;659;0;49484;28726;0;30.0;17.4;0.0
04;2021-05-20;1190;574;0;50674;29300;0;30.7;17.7;0.0
04;2021-05-21;909;766;0;51583;30066;0;31.2;18.2;0.0
04;2021-05-22;167;131;0;51750;30197;0;31.3;18.3;0.0
04;2021-05-23;24;6;0;51774;30203;0;31.3;18.3;0.0
04;2021-05-24;75;41;0;51849;30244;0;31.4;18.3;0.0
04;2021-05-25;854;548;0;52703;30792;0;31.9;18.6;0.0
04;2021-05-26;1019;760;0;53722;31552;0;32.5;19.1;0.0
04;2021-05-27;1280;608;0;55002;32160;0;33.3;19.5;0.0
04;2021-05-28;1073;650;0;56075;32810;0;33.9;19.9;0.0
04;2021-05-29;149;366;0;56224;33176;0;34.0;20.1;0.0
04;2021-05-30;15;8;0;56239;33184;0;34.0;20.1;0.0
04;2021-05-31;508;443;0;56747;33627;0;34.4;20.4;0.0
04;2021-06-01;724;615;0;57471;34242;0;34.8;20.7;0.0
04;2021-06-02;928;1017;0;58399;35259;0;35.4;21.3;0.0
04;2021-06-03;1127;773;0;59526;36032;0;36.0;21.8;0.0
04;2021-06-04;1002;790;0;60528;36822;0;36.6;22.3;0.0
04;2021-06-05;184;212;0;60712;37034;0;36.8;22.4;0.0
04;2021-06-06;23;27;0;60735;37061;0;36.8;22.4;0.0
04;2021-06-07;587;368;0;61322;37429;0;37.1;22.7;0.0
04;2021-06-08;790;581;0;62112;38010;0;37.6;23.0;0.0
04;2021-06-09;1084;683;0;63196;38693;0;38.3;23.4;0.0
04;2021-06-10;1050;578;0;64246;39271;0;38.9;23.8;0.0
04;2021-06-11;872;661;0;65118;39932;0;39.4;24.2;0.0
04;2021-06-12;255;167;0;65373;40099;0;39.6;24.3;0.0
04;2021-06-13;18;10;0;65391;40109;0;39.6;24.3;0.0
04;2021-06-14;468;386;0;65859;40495;0;39.9;24.5;0.0
04;2021-06-15;621;939;0;66480;41434;0;40.2;25.1;0.0
04;2021-06-16;903;740;0;67383;42174;0;40.8;25.5;0.0
04;2021-06-17;861;892;0;68244;43066;0;41.3;26.1;0.0
04;2021-06-18;713;859;0;68957;43925;0;41.7;26.6;0.0
04;2021-06-19;98;161;0;69055;44086;0;41.8;26.7;0.0
04;2021-06-20;12;22;0;69067;44108;0;41.8;26.7;0.0
04;2021-06-21;294;635;0;69361;44743;0;42.0;27.1;0.0
04;2021-06-22;374;1277;0;69735;46020;0;42.2;27.9;0.0
04;2021-06-23;431;1256;0;70166;47276;0;42.5;28.6;0.0
04;2021-06-24;699;794;0;70865;48070;0;42.9;29.1;0.0
04;2021-06-25;444;693;0;71309;48763;0;43.2;29.5;0.0
04;2021-06-26;79;241;0;71388;49004;0;43.2;29.7;0.0
04;2021-06-27;10;25;0;71398;49029;0;43.2;29.7;0.0
04;2021-06-28;159;416;0;71557;49445;0;43.3;29.9;0.0
04;2021-06-29;362;856;0;71919;50301;0;43.5;30.4;0.0
04;2021-06-30;493;1106;0;72412;51407;0;43.8;31.1;0.0
04;2021-07-01;523;1160;0;72935;52567;0;44.2;31.8;0.0
04;2021-07-02;497;1096;0;73432;53663;0;44.5;32.5;0.0
04;2021-07-03;90;221;0;73522;53884;0;44.5;32.6;0.0
04;2021-07-04;14;28;0;73536;53912;0;44.5;32.6;0.0
04;2021-07-05;155;418;0;73691;54330;0;44.6;32.9;0.0
04;2021-07-06;441;1349;0;74132;55679;0;44.9;33.7;0.0
04;2021-07-07;472;1268;0;74604;56947;0;45.2;34.5;0.0
04;2021-07-08;627;1207;0;75231;58154;0;45.5;35.2;0.0
04;2021-07-09;553;1079;0;75784;59233;0;45.9;35.9;0.0
04;2021-07-10;121;215;0;75905;59448;0;45.9;36.0;0.0
04;2021-07-11;14;45;0;75919;59493;0;46.0;36.0;0.0
04;2021-07-12;154;708;0;76073;60201;0;46.0;36.4;0.0
04;2021-07-13;746;1462;0;76819;61663;0;46.5;37.3;0.0
04;2021-07-14;92;81;0;76911;61744;0;46.6;37.4;0.0
04;2021-07-15;999;1500;0;77910;63244;0;47.2;38.3;0.0
04;2021-07-16;1049;1140;0;78959;64384;0;47.8;39.0;0.0
04;2021-07-17;455;276;0;79414;64660;0;48.1;39.1;0.0
04;2021-07-18;121;42;0;79535;64702;0;48.1;39.2;0.0
04;2021-07-19;512;695;0;80047;65397;0;48.5;39.6;0.0
04;2021-07-20;1187;1323;0;81234;66720;0;49.2;40.4;0.0
04;2021-07-21;948;1088;0;82182;67808;0;49.7;41.0;0.0
04;2021-07-22;1327;1189;0;83509;68997;0;50.6;41.8;0.0
04;2021-07-23;1149;1096;0;84658;70093;0;51.2;42.4;0.0
04;2021-07-24;594;250;0;85252;70343;0;51.6;42.6;0.0
04;2021-07-25;55;30;0;85307;70373;0;51.6;42.6;0.0
04;2021-07-26;516;637;0;85823;71010;0;52.0;43.0;0.0
04;2021-07-27;1232;927;0;87055;71937;0;52.7;43.5;0.0
04;2021-07-28;1116;990;0;88171;72927;0;53.4;44.1;0.0
04;2021-07-29;1367;1083;0;89538;74010;0;54.2;44.8;0.0
04;2021-07-30;1167;820;0;90705;74830;0;54.9;45.3;0.0
04;2021-07-31;293;193;0;90998;75023;0;55.1;45.4;0.0
04;2021-08-01;55;27;0;91053;75050;0;55.1;45.4;0.0
04;2021-08-02;256;175;0;91309;75225;0;55.3;45.5;0.0
04;2021-08-03;1156;934;0;92465;76159;0;56.0;46.1;0.0
04;2021-08-04;1077;714;0;93542;76873;0;56.6;46.5;0.0
04;2021-08-05;977;564;0;94519;77437;0;57.2;46.9;0.0
04;2021-08-06;575;461;0;95094;77898;0;57.6;47.2;0.0
04;2021-08-07;206;228;0;95300;78126;0;57.7;47.3;0.0
04;2021-08-08;44;25;0;95344;78151;0;57.7;47.3;0.0
04;2021-08-09;204;223;0;95548;78374;0;57.8;47.4;0.0
04;2021-08-10;588;845;0;96136;79219;0;58.2;48.0;0.0
04;2021-08-11;1072;911;0;97208;80130;0;58.8;48.5;0.0
04;2021-08-12;977;1078;0;98185;81208;0;59.4;49.2;0.0
04;2021-08-13;486;438;0;98671;81646;0;59.7;49.4;0.0
04;2021-08-14;144;161;0;98815;81807;0;59.8;49.5;0.0
04;2021-08-15;16;21;0;98831;81828;0;59.8;49.5;0.0
04;2021-08-16;203;306;0;99034;82134;0;59.9;49.7;0.0
04;2021-08-17;456;969;0;99490;83103;0;60.2;50.3;0.0
04;2021-08-18;643;1269;0;100133;84372;0;60.6;51.1;0.0
04;2021-08-19;608;1246;0;100741;85618;0;61.0;51.8;0.0
04;2021-08-20;716;1353;0;101457;86971;0;61.4;52.6;0.0
04;2021-08-21;107;213;0;101564;87184;0;61.5;52.8;0.0
04;2021-08-22;13;47;0;101577;87231;0;61.5;52.8;0.0
04;2021-08-23;104;226;0;101681;87457;0;61.6;52.9;0.0
04;2021-08-24;589;1318;0;102270;88775;0;61.9;53.7;0.0
04;2021-08-25;581;1137;0;102851;89912;0;62.3;54.4;0.0
04;2021-08-26;427;1053;0;103278;90965;0;62.5;55.1;0.0
04;2021-08-27;428;940;0;103706;91905;0;62.8;55.6;0.0
04;2021-08-28;148;285;0;103854;92190;0;62.9;55.8;0.0
04;2021-08-29;31;43;0;103885;92233;0;62.9;55.8;0.0
04;2021-08-30;131;342;8;104016;92575;8;63.0;56.0;0.0
04;2021-08-31;495;925;25;104511;93500;33;63.3;56.6;0.0
04;2021-09-01;492;1135;49;105003;94635;82;63.6;57.3;0.0
04;2021-09-02;322;838;80;105325;95473;162;63.8;57.8;0.1
04;2021-09-03;292;770;56;105617;96243;218;63.9;58.3;0.1
04;2021-09-04;151;283;13;105768;96526;231;64.0;58.4;0.1
04;2021-09-05;26;16;0;105794;96542;231;64.0;58.4;0.1
04;2021-09-06;98;202;6;105892;96744;237;64.1;58.6;0.1
04;2021-09-07;344;770;194;106236;97514;431;64.3;59.0;0.3
04;2021-09-08;331;728;152;106567;98242;583;64.5;59.5;0.4
04;2021-09-09;301;609;204;106868;98851;787;64.7;59.8;0.5
04;2021-09-10;281;674;128;107149;99525;915;64.9;60.2;0.6
04;2021-09-11;105;185;39;107254;99710;954;64.9;60.4;0.6
04;2021-09-12;8;20;3;107262;99730;957;64.9;60.4;0.6
04;2021-09-13;109;117;32;107371;99847;989;65.0;60.4;0.6
04;2021-09-14;319;535;307;107690;100382;1296;65.2;60.8;0.8
04;2021-09-15;283;632;344;107973;101014;1640;65.4;61.1;1.0
04;2021-09-16;274;446;296;108247;101460;1936;65.5;61.4;1.2
04;2021-09-17;186;493;145;108433;101953;2081;65.6;61.7;1.3
04;2021-09-18;53;161;61;108486;102114;2142;65.7;61.8;1.3
04;2021-09-19;7;18;1;108493;102132;2143;65.7;61.8;1.3
04;2021-09-20;86;89;37;108579;102221;2180;65.7;61.9;1.3
04;2021-09-21;171;523;285;108750;102744;2465;65.8;62.2;1.5
04;2021-09-22;148;627;213;108898;103371;2678;65.9;62.6;1.6
04;2021-09-23;165;321;214;109063;103692;2892;66.0;62.8;1.8
04;2021-09-24;157;433;153;109220;104125;3045;66.1;63.0;1.8
04;2021-09-25;47;137;105;109267;104262;3150;66.1;63.1;1.9
04;2021-09-26;4;22;4;109271;104284;3154;66.1;63.1;1.9
04;2021-09-27;33;98;17;109304;104382;3171;66.2;63.2;1.9
04;2021-09-28;120;255;220;109424;104637;3391;66.2;63.3;2.1
04;2021-09-29;134;353;205;109558;104990;3596;66.3;63.6;2.2
04;2021-09-30;108;236;154;109666;105226;3750;66.4;63.7;2.3
04;2021-10-01;158;205;124;109824;105431;3874;66.5;63.8;2.3
04;2021-10-02;70;158;82;109894;105589;3956;66.5;63.9;2.4
04;2021-10-03;0;5;0;109894;105594;3956;66.5;63.9;2.4
04;2021-10-04;48;71;22;109942;105665;3978;66.6;64.0;2.4
04;2021-10-05;159;311;269;110101;105976;4247;66.6;64.2;2.6
04;2021-10-06;165;308;195;110266;106284;4442;66.7;64.3;2.7
04;2021-10-07;99;248;211;110365;106532;4653;66.8;64.5;2.8
04;2021-10-08;115;185;181;110480;106717;4834;66.9;64.6;2.9
04;2021-10-09;38;106;70;110518;106823;4904;66.9;64.7;3.0
04;2021-10-10;5;6;0;110523;106829;4904;66.9;64.7;3.0
04;2021-10-11;45;125;69;110568;106954;4973;66.9;64.7;3.0
04;2021-10-12;111;169;310;110679;107123;5283;67.0;64.8;3.2
04;2021-10-13;151;249;270;110830;107372;5553;67.1;65.0;3.4
04;2021-10-14;81;178;211;110911;107550;5764;67.1;65.1;3.5
04;2021-10-15;80;147;243;110991;107697;6007;67.2;65.2;3.6
04;2021-10-16;37;74;87;111028;107771;6094;67.2;65.2;3.7
04;2021-10-17;1;4;0;111029;107775;6094;67.2;65.2;3.7
04;2021-10-18;64;104;110;111093;107879;6204;67.2;65.3;3.8
04;2021-10-19;71;176;318;111164;108055;6522;67.3;65.4;3.9
04;2021-10-20;110;185;352;111274;108240;6874;67.4;65.5;4.2
04;2021-10-21;53;111;286;111327;108351;7160;67.4;65.6;4.3
04;2021-10-22;70;115;178;111397;108466;7338;67.4;65.7;4.4
04;2021-10-23;54;65;138;111451;108531;7476;67.5;65.7;4.5
04;2021-10-24;3;8;3;111454;108539;7479;67.5;65.7;4.5
04;2021-10-25;35;40;42;111489;108579;7521;67.5;65.7;4.6
04;2021-10-26;72;89;300;111561;108668;7821;67.5;65.8;4.7
04;2021-10-27;107;187;477;111668;108855;8298;67.6;65.9;5.0
04;2021-10-28;69;73;317;111737;108928;8615;67.6;65.9;5.2
04;2021-10-29;62;81;183;111799;109009;8798;67.7;66.0;5.3
04;2021-10-30;59;57;194;111858;109066;8992;67.7;66.0;5.4
04;2021-10-31;3;11;11;111861;109077;9003;67.7;66.0;5.4
04;2021-11-01;15;9;15;111876;109086;9018;67.7;66.0;5.5
04;2021-11-02;56;66;292;111932;109152;9310;67.8;66.1;5.6
04;2021-11-03;78;134;388;112010;109286;9698;67.8;66.2;5.9
04;2021-11-04;54;83;412;112064;109369;10110;67.8;66.2;6.1
04;2021-11-05;70;125;467;112134;109494;10577;67.9;66.3;6.4
04;2021-11-06;44;56;238;112178;109550;10815;67.9;66.3;6.5
04;2021-11-07;23;17;7;112201;109567;10822;67.9;66.3;6.6
04;2021-11-08;35;44;146;112236;109611;10968;67.9;66.4;6.6
04;2021-11-09;59;96;462;112295;109707;11430;68.0;66.4;6.9
04;2021-11-10;84;129;570;112379;109836;12000;68.0;66.5;7.3
04;2021-11-11;11;13;12;112390;109849;12012;68.0;66.5;7.3
04;2021-11-12;62;78;377;112452;109927;12389;68.1;66.5;7.5
04;2021-11-13;29;47;205;112481;109974;12594;68.1;66.6;7.6
04;2021-11-14;3;9;17;112484;109983;12611;68.1;66.6;7.6
04;2021-11-15;49;48;290;112533;110031;12901;68.1;66.6;7.8
04;2021-11-16;48;82;582;112581;110113;13483;68.1;66.7;8.2
04;2021-11-17;84;92;576;112665;110205;14059;68.2;66.7;8.5
04;2021-11-18;72;74;631;112737;110279;14690;68.2;66.8;8.9
04;2021-11-19;88;106;633;112825;110385;15323;68.3;66.8;9.3
04;2021-11-20;69;63;352;112894;110448;15675;68.3;66.9;9.5
04;2021-11-21;4;9;13;112898;110457;15688;68.3;66.9;9.5
04;2021-11-22;39;43;327;112937;110500;16015;68.4;66.9;9.7
04;2021-11-23;54;64;739;112991;110564;16754;68.4;66.9;10.1
04;2021-11-24;93;96;788;113084;110660;17542;68.5;67.0;10.6
04;2021-11-25;77;59;856;113161;110719;18398;68.5;67.0;11.1
04;2021-11-26;99;75;1052;113260;110794;19450;68.6;67.1;11.8
04;2021-11-27;58;64;478;113318;110858;19928;68.6;67.1;12.1
04;2021-11-28;2;15;27;113320;110873;19955;68.6;67.1;12.1
04;2021-11-29;60;63;874;113380;110936;20829;68.6;67.2;12.6
04;2021-11-30;99;75;1476;113479;111011;22305;68.7;67.2;13.5
04;2021-12-01;101;132;1265;113580;111143;23570;68.8;67.3;14.3
04;2021-12-02;59;62;1401;113639;111205;24971;68.8;67.3;15.1
04;2021-12-03;51;81;1296;113690;111286;26267;68.8;67.4;15.9
04;2021-12-04;69;75;939;113759;111361;27206;68.9;67.4;16.5
04;2021-12-05;8;8;152;113767;111369;27358;68.9;67.4;16.6
04;2021-12-06;51;72;692;113818;111441;28050;68.9;67.5;17.0
04;2021-12-07;83;86;1797;113901;111527;29847;68.9;67.5;18.1
04;2021-12-08;92;90;1898;113993;111617;31745;69.0;67.6;19.2
04;2021-12-09;82;69;1563;114075;111686;33308;69.1;67.6;20.2
05;2020-12-27;0;0;0;0;0;0;0.0;0.0;0.0
05;2020-12-28;1;0;0;1;0;0;0.0;0.0;0.0
05;2020-12-29;1;0;0;2;0;0;0.0;0.0;0.0
05;2020-12-30;2;0;0;4;0;0;0.0;0.0;0.0
05;2020-12-31;0;0;0;4;0;0;0.0;0.0;0.0
05;2021-01-01;1;0;0;5;0;0;0.0;0.0;0.0
05;2021-01-02;2;0;0;7;0;0;0.0;0.0;0.0
05;2021-01-03;2;0;0;9;0;0;0.0;0.0;0.0
05;2021-01-04;1;0;0;10;0;0;0.0;0.0;0.0
05;2021-01-05;1;0;0;11;0;0;0.0;0.0;0.0
05;2021-01-06;22;0;0;33;0;0;0.0;0.0;0.0
05;2021-01-07;127;0;0;160;0;0;0.1;0.0;0.0
05;2021-01-08;126;1;0;286;1;0;0.2;0.0;0.0
05;2021-01-09;28;0;0;314;1;0;0.2;0.0;0.0
05;2021-01-10;0;0;0;314;1;0;0.2;0.0;0.0
05;2021-01-11;45;0;0;359;1;0;0.3;0.0;0.0
05;2021-01-12;106;0;0;465;1;0;0.3;0.0;0.0
05;2021-01-13;146;0;0;611;1;0;0.4;0.0;0.0
05;2021-01-14;166;0;0;777;1;0;0.5;0.0;0.0
05;2021-01-15;126;2;0;903;3;0;0.6;0.0;0.0
05;2021-01-16;18;0;0;921;3;0;0.6;0.0;0.0
05;2021-01-17;0;0;0;921;3;0;0.6;0.0;0.0
05;2021-01-18;215;3;0;1136;6;0;0.8;0.0;0.0
05;2021-01-19;232;0;0;1368;6;0;1.0;0.0;0.0
05;2021-01-20;214;0;0;1582;6;0;1.1;0.0;0.0
05;2021-01-21;251;0;0;1833;6;0;1.3;0.0;0.0
05;2021-01-22;189;1;0;2022;7;0;1.4;0.0;0.0
05;2021-01-23;112;0;0;2134;7;0;1.5;0.0;0.0
05;2021-01-24;2;0;0;2136;7;0;1.5;0.0;0.0
05;2021-01-25;295;0;0;2431;7;0;1.7;0.0;0.0
05;2021-01-26;452;1;0;2883;8;0;2.0;0.0;0.0
05;2021-01-27;357;5;0;3240;13;0;2.3;0.0;0.0
05;2021-01-28;347;54;0;3587;67;0;2.5;0.0;0.0
05;2021-01-29;350;88;0;3937;155;0;2.8;0.1;0.0
05;2021-01-30;95;8;0;4032;163;0;2.8;0.1;0.0
05;2021-01-31;3;0;0;4035;163;0;2.8;0.1;0.0
05;2021-02-01;175;28;0;4210;191;0;3.0;0.1;0.0
05;2021-02-02;183;127;0;4393;318;0;3.1;0.2;0.0
05;2021-02-03;202;77;0;4595;395;0;3.2;0.3;0.0
05;2021-02-04;192;125;0;4787;520;0;3.4;0.4;0.0
05;2021-02-05;175;106;0;4962;626;0;3.5;0.4;0.0
05;2021-02-06;74;24;0;5036;650;0;3.6;0.5;0.0
05;2021-02-07;0;6;0;5036;656;0;3.6;0.5;0.0
05;2021-02-08;85;124;0;5121;780;0;3.6;0.6;0.0
05;2021-02-09;100;123;0;5221;903;0;3.7;0.6;0.0
05;2021-02-10;81;171;0;5302;1074;0;3.7;0.8;0.0
05;2021-02-11;90;138;0;5392;1212;0;3.8;0.9;0.0
05;2021-02-12;88;137;0;5480;1349;0;3.9;1.0;0.0
05;2021-02-13;77;30;0;5557;1379;0;3.9;1.0;0.0
05;2021-02-14;1;0;0;5558;1379;0;3.9;1.0;0.0
05;2021-02-15;94;187;0;5652;1566;0;4.0;1.1;0.0
05;2021-02-16;113;276;0;5765;1842;0;4.1;1.3;0.0
05;2021-02-17;133;220;0;5898;2062;0;4.2;1.5;0.0
05;2021-02-18;152;284;0;6050;2346;0;4.3;1.7;0.0
05;2021-02-19;158;299;0;6208;2645;0;4.4;1.9;0.0
05;2021-02-20;34;88;0;6242;2733;0;4.4;1.9;0.0
05;2021-02-21;0;0;0;6242;2733;0;4.4;1.9;0.0
05;2021-02-22;66;244;0;6308;2977;0;4.4;2.1;0.0
05;2021-02-23;19;222;0;6327;3199;0;4.5;2.3;0.0
05;2021-02-24;30;183;0;6357;3382;0;4.5;2.4;0.0
05;2021-02-25;75;176;0;6432;3558;0;4.5;2.5;0.0
05;2021-02-26;166;206;0;6598;3764;0;4.7;2.7;0.0
05;2021-02-27;73;156;0;6671;3920;0;4.7;2.8;0.0
05;2021-02-28;10;0;0;6681;3920;0;4.7;2.8;0.0
05;2021-03-01;98;155;0;6779;4075;0;4.8;2.9;0.0
05;2021-03-02;100;192;0;6879;4267;0;4.9;3.0;0.0
05;2021-03-03;125;218;0;7004;4485;0;4.9;3.2;0.0
05;2021-03-04;257;170;0;7261;4655;0;5.1;3.3;0.0
05;2021-03-05;560;188;0;7821;4843;0;5.5;3.4;0.0
05;2021-03-06;654;60;0;8475;4903;0;6.0;3.5;0.0
05;2021-03-07;482;24;0;8957;4927;0;6.3;3.5;0.0
05;2021-03-08;518;135;0;9475;5062;0;6.7;3.6;0.0
05;2021-03-09;516;153;0;9991;5215;0;7.0;3.7;0.0
05;2021-03-10;508;143;0;10499;5358;0;7.4;3.8;0.0
05;2021-03-11;372;134;0;10871;5492;0;7.7;3.9;0.0
05;2021-03-12;451;93;0;11322;5585;0;8.0;3.9;0.0
05;2021-03-13;766;101;0;12088;5686;0;8.5;4.0;0.0
05;2021-03-14;645;12;0;12733;5698;0;9.0;4.0;0.0
05;2021-03-15;339;119;0;13072;5817;0;9.2;4.1;0.0
05;2021-03-16;153;144;0;13225;5961;0;9.3;4.2;0.0
05;2021-03-17;260;126;0;13485;6087;0;9.5;4.3;0.0
05;2021-03-18;351;44;0;13836;6131;0;9.8;4.3;0.0
05;2021-03-19;448;60;0;14284;6191;0;10.1;4.4;0.0
05;2021-03-20;172;34;0;14456;6225;0;10.2;4.4;0.0
05;2021-03-21;1;0;0;14457;6225;0;10.2;4.4;0.0
05;2021-03-22;697;51;0;15154;6276;0;10.7;4.4;0.0
05;2021-03-23;771;22;0;15925;6298;0;11.2;4.4;0.0
05;2021-03-24;769;90;0;16694;6388;0;11.8;4.5;0.0
05;2021-03-25;874;75;0;17568;6463;0;12.4;4.6;0.0
05;2021-03-26;997;56;0;18565;6519;0;13.1;4.6;0.0
05;2021-03-27;457;41;0;19022;6560;0;13.4;4.6;0.0
05;2021-03-28;19;0;0;19041;6560;0;13.4;4.6;0.0
05;2021-03-29;857;62;0;19898;6622;0;14.0;4.7;0.0
05;2021-03-30;1083;87;0;20981;6709;0;14.8;4.7;0.0
05;2021-03-31;773;256;0;21754;6965;0;15.3;4.9;0.0
05;2021-04-01;845;241;0;22599;7206;0;15.9;5.1;0.0
05;2021-04-02;629;370;0;23228;7576;0;16.4;5.3;0.0
05;2021-04-03;507;182;0;23735;7758;0;16.7;5.5;0.0
05;2021-04-04;314;61;0;24049;7819;0;17.0;5.5;0.0
05;2021-04-05;132;12;0;24181;7831;0;17.1;5.5;0.0
05;2021-04-06;600;266;0;24781;8097;0;17.5;5.7;0.0
05;2021-04-07;761;325;0;25542;8422;0;18.0;5.9;0.0
05;2021-04-08;690;339;0;26232;8761;0;18.5;6.2;0.0
05;2021-04-09;834;406;0;27066;9167;0;19.1;6.5;0.0
05;2021-04-10;665;382;0;27731;9549;0;19.6;6.7;0.0
05;2021-04-11;188;161;0;27919;9710;0;19.7;6.8;0.0
05;2021-04-12;681;259;0;28600;9969;0;20.2;7.0;0.0
05;2021-04-13;846;255;0;29446;10224;0;20.8;7.2;0.0
05;2021-04-14;647;323;0;30093;10547;0;21.2;7.4;0.0
05;2021-04-15;729;370;0;30822;10917;0;21.7;7.7;0.0
05;2021-04-16;721;404;0;31543;11321;0;22.3;8.0;0.0
05;2021-04-17;607;234;0;32150;11555;0;22.7;8.2;0.0
05;2021-04-18;293;22;0;32443;11577;0;22.9;8.2;0.0
05;2021-04-19;330;503;0;32773;12080;0;23.1;8.5;0.0
05;2021-04-20;460;617;0;33233;12697;0;23.4;9.0;0.0
05;2021-04-21;467;609;0;33700;13306;0;23.8;9.4;0.0
05;2021-04-22;397;544;0;34097;13850;0;24.1;9.8;0.0
05;2021-04-23;513;642;0;34610;14492;0;24.4;10.2;0.0
05;2021-04-24;315;372;0;34925;14864;0;24.6;10.5;0.0
05;2021-04-25;269;31;0;35194;14895;0;24.8;10.5;0.0
05;2021-04-26;350;665;0;35544;15560;0;25.1;11.0;0.0
05;2021-04-27;635;702;0;36179;16262;0;25.5;11.5;0.0
05;2021-04-28;463;685;0;36642;16947;0;25.8;12.0;0.0
05;2021-04-29;686;693;0;37328;17640;0;26.3;12.4;0.0
05;2021-04-30;527;703;0;37855;18343;0;26.7;12.9;0.0
05;2021-05-01;150;91;0;38005;18434;0;26.8;13.0;0.0
05;2021-05-02;259;104;0;38264;18538;0;27.0;13.1;0.0
05;2021-05-03;453;456;0;38717;18994;0;27.3;13.4;0.0
05;2021-05-04;393;491;0;39110;19485;0;27.6;13.7;0.0
05;2021-05-05;482;644;0;39592;20129;0;27.9;14.2;0.0
05;2021-05-06;643;698;0;40235;20827;0;28.4;14.7;0.0
05;2021-05-07;580;754;0;40815;21581;0;28.8;15.2;0.0
05;2021-05-08;477;175;0;41292;21756;0;29.1;15.3;0.0
05;2021-05-09;207;62;0;41499;21818;0;29.3;15.4;0.0
05;2021-05-10;526;675;0;42025;22493;0;29.6;15.9;0.0
05;2021-05-11;657;896;0;42682;23389;0;30.1;16.5;0.0
05;2021-05-12;657;701;0;43339;24090;0;30.6;17.0;0.0
05;2021-05-13;891;111;0;44230;24201;0;31.2;17.1;0.0
05;2021-05-14;735;473;0;44965;24674;0;31.7;17.4;0.0
05;2021-05-15;976;314;0;45941;24988;0;32.4;17.6;0.0
05;2021-05-16;226;58;0;46167;25046;0;32.6;17.7;0.0
05;2021-05-17;498;411;0;46665;25457;0;32.9;18.0;0.0
05;2021-05-18;510;398;0;47175;25855;0;33.3;18.2;0.0
05;2021-05-19;700;449;0;47875;26304;0;33.8;18.6;0.0
05;2021-05-20;765;451;0;48640;26755;0;34.3;18.9;0.0
05;2021-05-21;689;515;0;49329;27270;0;34.8;19.2;0.0
05;2021-05-22;580;227;0;49909;27497;0;35.2;19.4;0.0
05;2021-05-23;278;59;0;50187;27556;0;35.4;19.4;0.0
05;2021-05-24;494;153;0;50681;27709;0;35.8;19.5;0.0
05;2021-05-25;553;483;0;51234;28192;0;36.1;19.9;0.0
05;2021-05-26;702;369;0;51936;28561;0;36.6;20.1;0.0
05;2021-05-27;803;559;0;52739;29120;0;37.2;20.5;0.0
05;2021-05-28;663;681;0;53402;29801;0;37.7;21.0;0.0
05;2021-05-29;514;510;0;53916;30311;0;38.0;21.4;0.0
05;2021-05-30;200;80;0;54116;30391;0;38.2;21.4;0.0
05;2021-05-31;559;494;0;54675;30885;0;38.6;21.8;0.0
05;2021-06-01;577;584;0;55252;31469;0;39.0;22.2;0.0
05;2021-06-02;651;667;0;55903;32136;0;39.4;22.7;0.0
05;2021-06-03;719;646;0;56622;32782;0;39.9;23.1;0.0
05;2021-06-04;959;791;0;57581;33573;0;40.6;23.7;0.0
05;2021-06-05;767;474;0;58348;34047;0;41.2;24.0;0.0
05;2021-06-06;194;84;0;58542;34131;0;41.3;24.1;0.0
05;2021-06-07;559;812;0;59101;34943;0;41.7;24.7;0.0
05;2021-06-08;650;641;0;59751;35584;0;42.2;25.1;0.0
05;2021-06-09;622;749;0;60373;36333;0;42.6;25.6;0.0
05;2021-06-10;556;697;0;60929;37030;0;43.0;26.1;0.0
05;2021-06-11;723;721;0;61652;37751;0;43.5;26.6;0.0
05;2021-06-12;552;464;0;62204;38215;0;43.9;27.0;0.0
05;2021-06-13;109;96;0;62313;38311;0;44.0;27.0;0.0
05;2021-06-14;354;631;0;62667;38942;0;44.2;27.5;0.0
05;2021-06-15;519;869;0;63186;39811;0;44.6;28.1;0.0
05;2021-06-16;431;666;0;63617;40477;0;44.9;28.6;0.0
05;2021-06-17;364;782;0;63981;41259;0;45.1;29.1;0.0
05;2021-06-18;396;724;0;64377;41983;0;45.4;29.6;0.0
05;2021-06-19;363;571;0;64740;42554;0;45.7;30.0;0.0
05;2021-06-20;54;89;0;64794;42643;0;45.7;30.1;0.0
05;2021-06-21;291;639;0;65085;43282;0;45.9;30.5;0.0
05;2021-06-22;316;791;0;65401;44073;0;46.1;31.1;0.0
05;2021-06-23;341;742;0;65742;44815;0;46.4;31.6;0.0
05;2021-06-24;381;960;0;66123;45775;0;46.6;32.3;0.0
05;2021-06-25;200;841;0;66323;46616;0;46.8;32.9;0.0
05;2021-06-26;251;1011;0;66574;47627;0;47.0;33.6;0.0
05;2021-06-27;111;162;0;66685;47789;0;47.0;33.7;0.0
05;2021-06-28;230;747;0;66915;48536;0;47.2;34.2;0.0
05;2021-06-29;227;756;0;67142;49292;0;47.4;34.8;0.0
05;2021-06-30;328;772;0;67470;50064;0;47.6;35.3;0.0
05;2021-07-01;362;742;0;67832;50806;0;47.9;35.8;0.0
05;2021-07-02;360;871;0;68192;51677;0;48.1;36.5;0.0
05;2021-07-03;269;701;0;68461;52378;0;48.3;36.9;0.0
05;2021-07-04;146;149;0;68607;52527;0;48.4;37.1;0.0
05;2021-07-05;236;723;0;68843;53250;0;48.6;37.6;0.0
05;2021-07-06;313;796;0;69156;54046;0;48.8;38.1;0.0
05;2021-07-07;354;744;0;69510;54790;0;49.0;38.7;0.0
05;2021-07-08;385;787;0;69895;55577;0;49.3;39.2;0.0
05;2021-07-09;372;931;0;70267;56508;0;49.6;39.9;0.0
05;2021-07-10;262;644;0;70529;57152;0;49.8;40.3;0.0
05;2021-07-11;148;120;0;70677;57272;0;49.9;40.4;0.0
05;2021-07-12;336;922;0;71013;58194;0;50.1;41.1;0.0
05;2021-07-13;421;790;0;71434;58984;0;50.4;41.6;0.0
05;2021-07-14;611;249;0;72045;59233;0;50.8;41.8;0.0
05;2021-07-15;650;920;0;72695;60153;0;51.3;42.4;0.0
05;2021-07-16;872;1295;0;73567;61448;0;51.9;43.3;0.0
05;2021-07-17;533;1133;0;74100;62581;0;52.3;44.1;0.0
05;2021-07-18;243;126;0;74343;62707;0;52.4;44.2;0.0
05;2021-07-19;461;696;0;74804;63403;0;52.8;44.7;0.0
05;2021-07-20;637;712;0;75441;64115;0;53.2;45.2;0.0
05;2021-07-21;743;745;0;76184;64860;0;53.7;45.8;0.0
05;2021-07-22;741;787;0;76925;65647;0;54.3;46.3;0.0
05;2021-07-23;1201;1032;0;78126;66679;0;55.1;47.0;0.0
05;2021-07-24;700;676;0;78826;67355;0;55.6;47.5;0.0
05;2021-07-25;252;121;0;79078;67476;0;55.8;47.6;0.0
05;2021-07-26;594;501;0;79672;67977;0;56.2;48.0;0.0
05;2021-07-27;898;575;0;80570;68552;0;56.8;48.4;0.0
05;2021-07-28;1215;578;0;81785;69130;0;57.7;48.8;0.0
05;2021-07-29;1090;583;0;82875;69713;0;58.5;49.2;0.0
05;2021-07-30;824;527;0;83699;70240;0;59.0;49.5;0.0
05;2021-07-31;632;428;0;84331;70668;0;59.5;49.9;0.0
05;2021-08-01;164;146;0;84495;70814;0;59.6;50.0;0.0
05;2021-08-02;656;380;0;85151;71194;0;60.1;50.2;0.0
05;2021-08-03;674;483;0;85825;71677;0;60.5;50.6;0.0
05;2021-08-04;754;577;0;86579;72254;0;61.1;51.0;0.0
05;2021-08-05;817;577;0;87396;72831;0;61.7;51.4;0.0
05;2021-08-06;724;652;0;88120;73483;0;62.2;51.8;0.0
05;2021-08-07;493;467;0;88613;73950;0;62.5;52.2;0.0
05;2021-08-08;175;212;0;88788;74162;0;62.6;52.3;0.0
05;2021-08-09;589;638;0;89377;74800;0;63.0;52.8;0.0
05;2021-08-10;562;532;0;89939;75332;0;63.4;53.1;0.0
05;2021-08-11;582;620;0;90521;75952;0;63.9;53.6;0.0
05;2021-08-12;639;577;0;91160;76529;0;64.3;54.0;0.0
05;2021-08-13;519;704;0;91679;77233;0;64.7;54.5;0.0
05;2021-08-14;327;598;0;92006;77831;0;64.9;54.9;0.0
05;2021-08-15;145;165;0;92151;77996;0;65.0;55.0;0.0
05;2021-08-16;379;805;0;92530;78801;0;65.3;55.6;0.0
05;2021-08-17;365;714;0;92895;79515;0;65.5;56.1;0.0
05;2021-08-18;373;795;0;93268;80310;0;65.8;56.7;0.0
05;2021-08-19;420;773;0;93688;81083;0;66.1;57.2;0.0
05;2021-08-20;403;905;0;94091;81988;0;66.4;57.8;0.0
05;2021-08-21;278;660;0;94369;82648;0;66.6;58.3;0.0
05;2021-08-22;102;224;0;94471;82872;0;66.6;58.5;0.0
05;2021-08-23;280;697;0;94751;83569;0;66.8;59.0;0.0
05;2021-08-24;347;637;0;95098;84206;0;67.1;59.4;0.0
05;2021-08-25;369;791;0;95467;84997;0;67.3;60.0;0.0
05;2021-08-26;273;723;0;95740;85720;0;67.5;60.5;0.0
05;2021-08-27;295;811;0;96035;86531;0;67.7;61.0;0.0
05;2021-08-28;213;552;0;96248;87083;0;67.9;61.4;0.0
05;2021-08-29;60;232;0;96308;87315;0;67.9;61.6;0.0
05;2021-08-30;231;695;20;96539;88010;20;68.1;62.1;0.0
05;2021-08-31;246;647;20;96785;88657;40;68.3;62.5;0.0
05;2021-09-01;288;545;69;97073;89202;109;68.5;62.9;0.1
05;2021-09-02;248;568;84;97321;89770;193;68.7;63.3;0.1
05;2021-09-03;233;501;76;97554;90271;269;68.8;63.7;0.2
05;2021-09-04;189;530;52;97743;90801;321;69.0;64.1;0.2
05;2021-09-05;54;147;19;97797;90948;340;69.0;64.2;0.2
05;2021-09-06;153;284;88;97950;91232;428;69.1;64.4;0.3
05;2021-09-07;196;441;107;98146;91673;535;69.2;64.7;0.4
05;2021-09-08;190;489;66;98336;92162;601;69.4;65.0;0.4
05;2021-09-09;177;400;81;98513;92562;682;69.5;65.3;0.5
05;2021-09-10;182;313;113;98695;92875;795;69.6;65.5;0.6
05;2021-09-11;131;410;17;98826;93285;812;69.7;65.8;0.6
05;2021-09-12;34;98;2;98860;93383;814;69.7;65.9;0.6
05;2021-09-13;155;269;131;99015;93652;945;69.8;66.1;0.7
05;2021-09-14;229;280;114;99244;93932;1059;70.0;66.3;0.7
05;2021-09-15;180;363;173;99424;94295;1232;70.1;66.5;0.9
05;2021-09-16;171;249;140;99595;94544;1372;70.3;66.7;1.0
05;2021-09-17;138;308;135;99733;94852;1507;70.4;66.9;1.1
05;2021-09-18;99;324;61;99832;95176;1568;70.4;67.1;1.1
05;2021-09-19;14;36;12;99846;95212;1580;70.4;67.2;1.1
05;2021-09-20;65;163;86;99911;95375;1666;70.5;67.3;1.2
05;2021-09-21;85;213;95;99996;95588;1761;70.5;67.4;1.2
05;2021-09-22;108;265;72;100104;95853;1833;70.6;67.6;1.3
05;2021-09-23;99;227;111;100203;96080;1944;70.7;67.8;1.4
05;2021-09-24;93;267;101;100296;96347;2045;70.8;68.0;1.4
05;2021-09-25;87;221;30;100383;96568;2075;70.8;68.1;1.5
05;2021-09-26;13;30;15;100396;96598;2090;70.8;68.1;1.5
05;2021-09-27;63;140;66;100459;96738;2156;70.9;68.2;1.5
05;2021-09-28;68;153;79;100527;96891;2235;70.9;68.4;1.6
05;2021-09-29;88;190;76;100615;97081;2311;71.0;68.5;1.6
05;2021-09-30;62;109;162;100677;97190;2473;71.0;68.6;1.7
05;2021-10-01;179;225;149;100856;97415;2622;71.1;68.7;1.8
05;2021-10-02;85;157;65;100941;97572;2687;71.2;68.8;1.9
05;2021-10-03;18;32;15;100959;97604;2702;71.2;68.9;1.9
05;2021-10-04;91;148;116;101050;97752;2818;71.3;69.0;2.0
05;2021-10-05;77;182;128;101127;97934;2946;71.3;69.1;2.1
05;2021-10-06;89;159;218;101216;98093;3164;71.4;69.2;2.2
05;2021-10-07;67;122;136;101283;98215;3300;71.4;69.3;2.3
05;2021-10-08;117;171;147;101400;98386;3447;71.5;69.4;2.4
05;2021-10-09;66;157;120;101466;98543;3567;71.6;69.5;2.5
05;2021-10-10;14;24;3;101480;98567;3570;71.6;69.5;2.5
05;2021-10-11;64;99;214;101544;98666;3784;71.6;69.6;2.7
05;2021-10-12;58;113;119;101602;98779;3903;71.7;69.7;2.8
05;2021-10-13;82;137;180;101684;98916;4083;71.7;69.8;2.9
05;2021-10-14;65;108;138;101749;99024;4221;71.8;69.9;3.0
05;2021-10-15;58;103;112;101807;99127;4333;71.8;69.9;3.1
05;2021-10-16;80;153;141;101887;99280;4474;71.9;70.0;3.2
05;2021-10-17;8;13;17;101895;99293;4491;71.9;70.0;3.2
05;2021-10-18;48;96;270;101943;99389;4761;71.9;70.1;3.4
05;2021-10-19;51;96;236;101994;99485;4997;72.0;70.2;3.5
05;2021-10-20;62;116;391;102056;99601;5388;72.0;70.3;3.8
05;2021-10-21;46;72;233;102102;99673;5621;72.0;70.3;4.0
05;2021-10-22;45;87;145;102147;99760;5766;72.1;70.4;4.1
05;2021-10-23;85;97;213;102232;99857;5979;72.1;70.4;4.2
05;2021-10-24;12;16;38;102244;99873;6017;72.1;70.5;4.2
05;2021-10-25;57;97;247;102301;99970;6264;72.2;70.5;4.4
05;2021-10-26;44;48;245;102345;100018;6509;72.2;70.6;4.6
05;2021-10-27;82;98;435;102427;100116;6944;72.3;70.6;4.9
05;2021-10-28;42;51;247;102469;100167;7191;72.3;70.7;5.1
05;2021-10-29;55;71;259;102524;100238;7450;72.3;70.7;5.3
05;2021-10-30;59;90;273;102583;100328;7723;72.4;70.8;5.4
05;2021-10-31;10;10;57;102593;100338;7780;72.4;70.8;5.5
05;2021-11-01;15;13;19;102608;100351;7799;72.4;70.8;5.5
05;2021-11-02;79;82;284;102687;100433;8083;72.4;70.8;5.7
05;2021-11-03;66;69;297;102753;100502;8380;72.5;70.9;5.9
05;2021-11-04;32;49;230;102785;100551;8610;72.5;70.9;6.1
05;2021-11-05;72;81;328;102857;100632;8938;72.6;71.0;6.3
05;2021-11-06;37;93;286;102894;100725;9224;72.6;71.1;6.5
05;2021-11-07;16;9;36;102910;100734;9260;72.6;71.1;6.5
05;2021-11-08;47;60;297;102957;100794;9557;72.6;71.1;6.7
05;2021-11-09;55;61;491;103012;100855;10048;72.7;71.1;7.1
05;2021-11-10;92;103;812;103104;100958;10860;72.7;71.2;7.7
05;2021-11-11;16;17;106;103120;100975;10966;72.7;71.2;7.7
05;2021-11-12;51;72;324;103171;101047;11290;72.8;71.3;8.0
05;2021-11-13;56;87;352;103227;101134;11642;72.8;71.3;8.2
05;2021-11-14;17;21;55;103244;101155;11697;72.8;71.4;8.3
05;2021-11-15;42;56;381;103286;101211;12078;72.9;71.4;8.5
05;2021-11-16;86;61;631;103372;101272;12709;72.9;71.4;9.0
05;2021-11-17;64;83;477;103436;101355;13186;73.0;71.5;9.3
05;2021-11-18;76;41;428;103512;101396;13614;73.0;71.5;9.6
05;2021-11-19;64;59;504;103576;101455;14118;73.1;71.6;10.0
05;2021-11-20;88;78;428;103664;101533;14546;73.1;71.6;10.3
05;2021-11-21;13;12;53;103677;101545;14599;73.1;71.6;10.3
05;2021-11-22;68;53;387;103745;101598;14986;73.2;71.7;10.6
05;2021-11-23;106;66;726;103851;101664;15712;73.3;71.7;11.1
05;2021-11-24;61;72;562;103912;101736;16274;73.3;71.8;11.5
05;2021-11-25;69;68;567;103981;101804;16841;73.4;71.8;11.9
05;2021-11-26;100;70;691;104081;101874;17532;73.4;71.9;12.4
05;2021-11-27;86;67;777;104167;101941;18309;73.5;71.9;12.9
05;2021-11-28;14;29;168;104181;101970;18477;73.5;71.9;13.0
05;2021-11-29;86;65;789;104267;102035;19266;73.6;72.0;13.6
05;2021-11-30;117;75;1315;104384;102110;20581;73.6;72.0;14.5
05;2021-12-01;114;119;1562;104498;102229;22143;73.7;72.1;15.6
05;2021-12-02;89;70;1108;104587;102299;23251;73.8;72.2;16.4
05;2021-12-03;88;97;1282;104675;102396;24533;73.8;72.2;17.3
05;2021-12-04;87;84;1038;104762;102480;25571;73.9;72.3;18.0
05;2021-12-05;15;23;307;104777;102503;25878;73.9;72.3;18.3
05;2021-12-06;52;60;796;104829;102563;26674;74.0;72.4;18.8
05;2021-12-07;120;107;1808;104949;102670;28482;74.0;72.4;20.1
05;2021-12-08;82;94;1303;105031;102764;29785;74.1;72.5;21.0
05;2021-12-09;87;93;1546;105118;102857;31331;74.2;72.6;22.1
06;2020-12-27;5;0;0;5;0;0;0.0;0.0;0.0
06;2020-12-28;4;0;0;9;0;0;0.0;0.0;0.0
06;2020-12-29;0;0;0;9;0;0;0.0;0.0;0.0
06;2020-12-30;3;0;0;12;0;0;0.0;0.0;0.0
06;2020-12-31;23;0;0;35;0;0;0.0;0.0;0.0
06;2021-01-01;10;0;0;45;0;0;0.0;0.0;0.0
06;2021-01-02;7;0;0;52;0;0;0.0;0.0;0.0
06;2021-01-03;5;0;0;57;0;0;0.0;0.0;0.0
06;2021-01-04;131;1;0;188;1;0;0.0;0.0;0.0
06;2021-01-05;175;2;0;363;3;0;0.0;0.0;0.0
06;2021-01-06;221;1;0;584;4;0;0.1;0.0;0.0
06;2021-01-07;505;0;0;1089;4;0;0.1;0.0;0.0
06;2021-01-08;678;3;0;1767;7;0;0.2;0.0;0.0
06;2021-01-09;369;3;0;2136;10;0;0.2;0.0;0.0
06;2021-01-10;69;0;0;2205;10;0;0.2;0.0;0.0
06;2021-01-11;1021;6;0;3226;16;0;0.3;0.0;0.0
06;2021-01-12;2128;11;0;5354;27;0;0.5;0.0;0.0
06;2021-01-13;1708;12;0;7062;39;0;0.7;0.0;0.0
06;2021-01-14;2030;23;0;9092;62;0;0.8;0.0;0.0
06;2021-01-15;1666;5;0;10758;67;0;1.0;0.0;0.0
06;2021-01-16;958;7;0;11716;74;0;1.1;0.0;0.0
06;2021-01-17;211;0;0;11927;74;0;1.1;0.0;0.0
06;2021-01-18;2193;22;0;14120;96;0;1.3;0.0;0.0
06;2021-01-19;2663;26;0;16783;122;0;1.6;0.0;0.0
06;2021-01-20;3245;16;0;20028;138;0;1.9;0.0;0.0
06;2021-01-21;2958;31;0;22986;169;0;2.1;0.0;0.0
06;2021-01-22;2957;30;0;25943;199;0;2.4;0.0;0.0
06;2021-01-23;1243;3;0;27186;202;0;2.5;0.0;0.0
06;2021-01-24;33;0;0;27219;202;0;2.5;0.0;0.0
06;2021-01-25;2108;14;0;29327;216;0;2.7;0.0;0.0
06;2021-01-26;3150;49;0;32477;265;0;3.0;0.0;0.0
06;2021-01-27;2462;116;0;34939;381;0;3.2;0.0;0.0
06;2021-01-28;2810;224;0;37749;605;0;3.5;0.1;0.0
06;2021-01-29;2532;326;0;40281;931;0;3.7;0.1;0.0
06;2021-01-30;725;55;0;41006;986;0;3.8;0.1;0.0
06;2021-01-31;11;3;0;41017;989;0;3.8;0.1;0.0
06;2021-02-01;1103;455;0;42120;1444;0;3.9;0.1;0.0
06;2021-02-02;1557;426;0;43677;1870;0;4.0;0.2;0.0
06;2021-02-03;382;154;0;44059;2024;0;4.1;0.2;0.0
06;2021-02-04;807;882;0;44866;2906;0;4.2;0.3;0.0
06;2021-02-05;1072;1098;0;45938;4004;0;4.3;0.4;0.0
06;2021-02-06;184;439;0;46122;4443;0;4.3;0.4;0.0
06;2021-02-07;8;50;0;46130;4493;0;4.3;0.4;0.0
06;2021-02-08;541;1030;0;46671;5523;0;4.3;0.5;0.0
06;2021-02-09;339;759;0;47010;6282;0;4.4;0.6;0.0
06;2021-02-10;415;687;0;47425;6969;0;4.4;0.6;0.0
06;2021-02-11;494;1076;0;47919;8045;0;4.4;0.7;0.0
06;2021-02-12;642;1286;0;48561;9331;0;4.5;0.9;0.0
06;2021-02-13;198;504;0;48759;9835;0;4.5;0.9;0.0
06;2021-02-14;9;5;0;48768;9840;0;4.5;0.9;0.0
06;2021-02-15;438;1236;0;49206;11076;0;4.6;1.0;0.0
06;2021-02-16;842;1952;0;50048;13028;0;4.6;1.2;0.0
06;2021-02-17;807;2062;0;50855;15090;0;4.7;1.4;0.0
06;2021-02-18;1833;2650;0;52688;17740;0;4.9;1.6;0.0
06;2021-02-19;1766;2084;0;54454;19824;0;5.0;1.8;0.0
06;2021-02-20;350;484;0;54804;20308;0;5.1;1.9;0.0
06;2021-02-21;18;59;0;54822;20367;0;5.1;1.9;0.0
06;2021-02-22;1025;1602;0;55847;21969;0;5.2;2.0;0.0
06;2021-02-23;1653;1551;0;57500;23520;0;5.3;2.2;0.0
06;2021-02-24;2003;1298;0;59503;24818;0;5.5;2.3;0.0
06;2021-02-25;3620;1668;0;63123;26486;0;5.8;2.5;0.0
06;2021-02-26;3223;1613;0;66346;28099;0;6.1;2.6;0.0
06;2021-02-27;1340;323;0;67686;28422;0;6.3;2.6;0.0
06;2021-02-28;90;18;0;67776;28440;0;6.3;2.6;0.0
06;2021-03-01;2323;848;0;70099;29288;0;6.5;2.7;0.0
06;2021-03-02;2357;978;0;72456;30266;0;6.7;2.8;0.0
06;2021-03-03;2731;577;0;75187;30843;0;7.0;2.9;0.0
06;2021-03-04;4419;648;0;79606;31491;0;7.4;2.9;0.0
06;2021-03-05;3760;1019;0;83366;32510;0;7.7;3.0;0.0
06;2021-03-06;11097;387;0;94463;32897;0;8.8;3.0;0.0
06;2021-03-07;9492;327;0;103955;33224;0;9.6;3.1;0.0
06;2021-03-08;3833;1190;0;107788;34414;0;10.0;3.2;0.0
06;2021-03-09;4730;934;0;112518;35348;0;10.4;3.3;0.0
06;2021-03-10;4487;903;0;117005;36251;0;10.8;3.4;0.0
06;2021-03-11;6431;945;0;123436;37196;0;11.4;3.4;0.0
06;2021-03-12;6532;1016;0;129968;38212;0;12.0;3.5;0.0
06;2021-03-13;10586;383;0;140554;38595;0;13.0;3.6;0.0
06;2021-03-14;500;60;0;141054;38655;0;13.1;3.6;0.0
06;2021-03-15;4559;759;0;145613;39414;0;13.5;3.7;0.0
06;2021-03-16;3582;1046;0;149195;40460;0;13.8;3.7;0.0
06;2021-03-17;5813;1836;0;155008;42296;0;14.4;3.9;0.0
06;2021-03-18;4915;1784;0;159923;44080;0;14.8;4.1;0.0
06;2021-03-19;6445;1962;0;166368;46042;0;15.4;4.3;0.0
06;2021-03-20;2266;538;0;168634;46580;0;15.6;4.3;0.0
06;2021-03-21;381;24;0;169015;46604;0;15.7;4.3;0.0
06;2021-03-22;3727;695;0;172742;47299;0;16.0;4.4;0.0
06;2021-03-23;5640;1184;0;178382;48483;0;16.5;4.5;0.0
06;2021-03-24;4049;3195;0;182431;51678;0;16.9;4.8;0.0
06;2021-03-25;5630;3144;0;188061;54822;0;17.4;5.1;0.0
06;2021-03-26;5967;1932;0;194028;56754;0;18.0;5.3;0.0
06;2021-03-27;1954;370;0;195982;57124;0;18.2;5.3;0.0
06;2021-03-28;198;8;0;196180;57132;0;18.2;5.3;0.0
06;2021-03-29;3011;2017;0;199191;59149;0;18.5;5.5;0.0
06;2021-03-30;4951;2465;0;204142;61614;0;18.9;5.7;0.0
06;2021-03-31;7508;1691;0;211650;63305;0;19.6;5.9;0.0
06;2021-04-01;7225;2429;0;218875;65734;0;20.3;6.1;0.0
06;2021-04-02;6682;2592;0;225557;68326;0;20.9;6.3;0.0
06;2021-04-03;2534;1322;0;228091;69648;0;21.1;6.5;0.0
06;2021-04-04;266;540;0;228357;70188;0;21.2;6.5;0.0
06;2021-04-05;1328;675;0;229685;70863;0;21.3;6.6;0.0
06;2021-04-06;6193;3254;0;235878;74117;0;21.9;6.9;0.0
06;2021-04-07;5785;3807;0;241663;77924;0;22.4;7.2;0.0
06;2021-04-08;5408;5497;0;247071;83421;0;22.9;7.7;0.0
06;2021-04-09;8756;5651;0;255827;89072;0;23.7;8.3;0.0
06;2021-04-10;2248;2695;0;258075;91767;0;23.9;8.5;0.0
06;2021-04-11;158;97;0;258233;91864;0;23.9;8.5;0.0
06;2021-04-12;4008;3391;0;262241;95255;0;24.3;8.8;0.0
06;2021-04-13;5931;4952;0;268172;100207;0;24.8;9.3;0.0
06;2021-04-14;5000;4224;0;273172;104431;0;25.3;9.7;0.0
06;2021-04-15;5080;4225;0;278252;108656;0;25.8;10.1;0.0
06;2021-04-16;6380;5000;0;284632;113656;0;26.4;10.5;0.0
06;2021-04-17;2561;2921;0;287193;116577;0;26.6;10.8;0.0
06;2021-04-18;225;238;0;287418;116815;0;26.6;10.8;0.0
06;2021-04-19;4797;3899;0;292215;120714;0;27.1;11.2;0.0
06;2021-04-20;4990;4686;0;297205;125400;0;27.5;11.6;0.0
06;2021-04-21;7237;4018;0;304442;129418;0;28.2;12.0;0.0
06;2021-04-22;7416;4116;0;311858;133534;0;28.9;12.4;0.0
06;2021-04-23;7462;4040;0;319320;137574;0;29.6;12.7;0.0
06;2021-04-24;2197;1475;0;321517;139049;0;29.8;12.9;0.0
06;2021-04-25;108;42;0;321625;139091;0;29.8;12.9;0.0
06;2021-04-26;3680;2241;0;325305;141332;0;30.1;13.1;0.0
06;2021-04-27;4149;3928;0;329454;145260;0;30.5;13.5;0.0
06;2021-04-28;3742;4341;0;333196;149601;0;30.9;13.9;0.0
06;2021-04-29;5382;5262;0;338578;154863;0;31.4;14.3;0.0
06;2021-04-30;5882;4933;0;344460;159796;0;31.9;14.8;0.0
06;2021-05-01;3215;792;0;347675;160588;0;32.2;14.9;0.0
06;2021-05-02;467;168;0;348142;160756;0;32.3;14.9;0.0
06;2021-05-03;6023;3387;0;354165;164143;0;32.8;15.2;0.0
06;2021-05-04;4997;5094;0;359162;169237;0;33.3;15.7;0.0
06;2021-05-05;4046;3772;0;363208;173009;0;33.6;16.0;0.0
06;2021-05-06;4669;4563;0;367877;177572;0;34.1;16.5;0.0
06;2021-05-07;5023;5390;0;372900;182962;0;34.5;17.0;0.0
06;2021-05-08;3908;1285;0;376808;184247;0;34.9;17.1;0.0
06;2021-05-09;213;321;0;377021;184568;0;34.9;17.1;0.0
06;2021-05-10;4236;4752;0;381257;189320;0;35.3;17.5;0.0
06;2021-05-11;4210;5230;0;385467;194550;0;35.7;18.0;0.0
06;2021-05-12;7445;4576;0;392912;199126;0;36.4;18.4;0.0
06;2021-05-13;6933;1983;0;399845;201109;0;37.0;18.6;0.0
06;2021-05-14;8755;3086;0;408600;204195;0;37.9;18.9;0.0
06;2021-05-15;7170;1984;0;415770;206179;0;38.5;19.1;0.0
06;2021-05-16;1342;262;0;417112;206441;0;38.6;19.1;0.0
06;2021-05-17;6393;3465;0;423505;209906;0;39.2;19.4;0.0
06;2021-05-18;8135;2987;0;431640;212893;0;40.0;19.7;0.0
06;2021-05-19;6463;2695;0;438103;215588;0;40.6;20.0;0.0
06;2021-05-20;6582;3349;0;444685;218937;0;41.2;20.3;0.0
06;2021-05-21;7143;3620;0;451828;222557;0;41.9;20.6;0.0
06;2021-05-22;2627;1246;0;454455;223803;0;42.1;20.7;0.0
06;2021-05-23;193;628;0;454648;224431;0;42.1;20.8;0.0
06;2021-05-24;2601;900;0;457249;225331;0;42.4;20.9;0.0
06;2021-05-25;4131;4724;0;461380;230055;0;42.7;21.3;0.0
06;2021-05-26;4512;6282;0;465892;236337;0;43.2;21.9;0.0
06;2021-05-27;4542;5944;0;470434;242281;0;43.6;22.4;0.0
06;2021-05-28;3975;6792;0;474409;249073;0;44.0;23.1;0.0
06;2021-05-29;1412;2768;0;475821;251841;0;44.1;23.3;0.0
06;2021-05-30;303;1094;0;476124;252935;0;44.1;23.4;0.0
06;2021-05-31;3551;4744;0;479675;257679;0;44.4;23.9;0.0
06;2021-06-01;4711;6826;0;484386;264505;0;44.9;24.5;0.0
06;2021-06-02;2815;7910;0;487201;272415;0;45.1;25.2;0.0
06;2021-06-03;3745;7631;0;490946;280046;0;45.5;25.9;0.0
06;2021-06-04;4528;7100;0;495474;287146;0;45.9;26.6;0.0
06;2021-06-05;2105;3175;0;497579;290321;0;46.1;26.9;0.0
06;2021-06-06;239;243;0;497818;290564;0;46.1;26.9;0.0
06;2021-06-07;3373;5034;0;501191;295598;0;46.4;27.4;0.0
06;2021-06-08;3626;4853;0;504817;300451;0;46.8;27.8;0.0
06;2021-06-09;3339;6722;0;508156;307173;0;47.1;28.5;0.0
06;2021-06-10;3919;6194;0;512075;313367;0;47.4;29.0;0.0
06;2021-06-11;3075;7511;0;515150;320878;0;47.7;29.7;0.0
06;2021-06-12;1489;3493;0;516639;324371;0;47.9;30.1;0.0
06;2021-06-13;196;435;0;516835;324806;0;47.9;30.1;0.0
06;2021-06-14;2228;7828;0;519063;332634;0;48.1;30.8;0.0
06;2021-06-15;2974;8740;0;522037;341374;0;48.4;31.6;0.0
06;2021-06-16;2816;6348;0;524853;347722;0;48.6;32.2;0.0
06;2021-06-17;3041;6528;0;527894;354250;0;48.9;32.8;0.0
06;2021-06-18;2079;5365;0;529973;359615;0;49.1;33.3;0.0
06;2021-06-19;1156;1529;0;531129;361144;0;49.2;33.5;0.0
06;2021-06-20;215;350;0;531344;361494;0;49.2;33.5;0.0
06;2021-06-21;1458;5578;0;532802;367072;0;49.4;34.0;0.0
06;2021-06-22;1928;6470;0;534730;373542;0;49.5;34.6;0.0
06;2021-06-23;1763;5688;0;536493;379230;0;49.7;35.1;0.0
06;2021-06-24;2840;7961;0;539333;387191;0;50.0;35.9;0.0
06;2021-06-25;1836;8440;0;541169;395631;0;50.1;36.7;0.0
06;2021-06-26;745;2111;0;541914;397742;0;50.2;36.8;0.0
06;2021-06-27;321;1135;0;542235;398877;0;50.2;37.0;0.0
06;2021-06-28;1991;6830;0;544226;405707;0;50.4;37.6;0.0
06;2021-06-29;2008;6628;0;546234;412335;0;50.6;38.2;0.0
06;2021-06-30;1229;6870;0;547463;419205;0;50.7;38.8;0.0
06;2021-07-01;3011;6295;0;550474;425500;0;51.0;39.4;0.0
06;2021-07-02;3534;6998;0;554008;432498;0;51.3;40.1;0.0
06;2021-07-03;1104;3965;0;555112;436463;0;51.4;40.4;0.0
06;2021-07-04;291;328;0;555403;436791;0;51.5;40.5;0.0
06;2021-07-05;3097;4358;0;558500;441149;0;51.7;40.9;0.0
06;2021-07-06;1821;4874;0;560321;446023;0;51.9;41.3;0.0
06;2021-07-07;2862;4785;0;563183;450808;0;52.2;41.8;0.0
06;2021-07-08;2928;5179;0;566111;455987;0;52.4;42.2;0.0
06;2021-07-09;3545;5107;0;569656;461094;0;52.8;42.7;0.0
06;2021-07-10;1459;1996;0;571115;463090;0;52.9;42.9;0.0
06;2021-07-11;319;342;0;571434;463432;0;52.9;42.9;0.0
06;2021-07-12;3253;5670;0;574687;469102;0;53.2;43.5;0.0
06;2021-07-13;5038;7488;0;579725;476590;0;53.7;44.2;0.0
06;2021-07-14;1006;428;0;580731;477018;0;53.8;44.2;0.0
06;2021-07-15;5632;6905;0;586363;483923;0;54.3;44.8;0.0
06;2021-07-16;6621;7854;0;592984;491777;0;54.9;45.6;0.0
06;2021-07-17;2881;4645;0;595865;496422;0;55.2;46.0;0.0
06;2021-07-18;965;4667;0;596830;501089;0;55.3;46.4;0.0
06;2021-07-19;5096;6863;0;601926;507952;0;55.8;47.1;0.0
06;2021-07-20;6435;8576;0;608361;516528;0;56.4;47.9;0.0
06;2021-07-21;6945;7135;0;615306;523663;0;57.0;48.5;0.0
06;2021-07-22;8860;6567;0;624166;530230;0;57.8;49.1;0.0
06;2021-07-23;8110;5736;0;632276;535966;0;58.6;49.7;0.0
06;2021-07-24;2917;2706;0;635193;538672;0;58.8;49.9;0.0
06;2021-07-25;877;457;0;636070;539129;0;58.9;49.9;0.0
06;2021-07-26;6384;5586;0;642454;544715;0;59.5;50.5;0.0
06;2021-07-27;7856;4738;0;650310;549453;0;60.2;50.9;0.0
06;2021-07-28;6638;4329;0;656948;553782;0;60.9;51.3;0.0
06;2021-07-29;7458;4619;0;664406;558401;0;61.6;51.7;0.0
06;2021-07-30;6918;4413;0;671324;562814;0;62.2;52.1;0.0
06;2021-07-31;3109;2491;0;674433;565305;0;62.5;52.4;0.0
06;2021-08-01;701;381;0;675134;565686;0;62.5;52.4;0.0
06;2021-08-02;5469;3644;0;680603;569330;0;63.1;52.7;0.0
06;2021-08-03;5481;4400;0;686084;573730;0;63.6;53.2;0.0
06;2021-08-04;4763;2896;0;690847;576626;0;64.0;53.4;0.0
06;2021-08-05;5359;3727;0;696206;580353;0;64.5;53.8;0.0
06;2021-08-06;4969;5101;0;701175;585454;0;65.0;54.2;0.0
06;2021-08-07;2049;2154;0;703224;587608;0;65.1;54.4;0.0
06;2021-08-08;494;634;0;703718;588242;0;65.2;54.5;0.0
06;2021-08-09;3744;4956;0;707462;593198;0;65.5;55.0;0.0
06;2021-08-10;4408;5727;0;711870;598925;0;66.0;55.5;0.0
06;2021-08-11;3596;5189;0;715466;604114;0;66.3;56.0;0.0
06;2021-08-12;3766;5654;0;719232;609768;0;66.6;56.5;0.0
06;2021-08-13;3065;5535;0;722297;615303;0;66.9;57.0;0.0
06;2021-08-14;1383;2194;0;723680;617497;0;67.0;57.2;0.0
06;2021-08-15;348;570;0;724028;618067;0;67.1;57.3;0.0
06;2021-08-16;2700;5764;0;726728;623831;0;67.3;57.8;0.0
06;2021-08-17;2980;6476;0;729708;630307;0;67.6;58.4;0.0
06;2021-08-18;2536;5494;0;732244;635801;0;67.8;58.9;0.0
06;2021-08-19;3419;6931;0;735663;642732;0;68.2;59.5;0.0
06;2021-08-20;2778;5605;0;738441;648337;0;68.4;60.1;0.0
06;2021-08-21;1476;3110;0;739917;651447;0;68.5;60.4;0.0
06;2021-08-22;321;709;0;740238;652156;0;68.6;60.4;0.0
06;2021-08-23;2083;5459;0;742321;657615;0;68.8;60.9;0.0
06;2021-08-24;2427;5500;0;744748;663115;0;69.0;61.4;0.0
06;2021-08-25;2168;4816;0;746916;667931;0;69.2;61.9;0.0
06;2021-08-26;2303;5574;0;749219;673505;0;69.4;62.4;0.0
06;2021-08-27;2291;5659;0;751510;679164;0;69.6;62.9;0.0
06;2021-08-28;1127;2522;0;752637;681686;0;69.7;63.2;0.0
06;2021-08-29;252;596;0;752889;682282;0;69.8;63.2;0.0
06;2021-08-30;1989;4544;160;754878;686826;160;69.9;63.6;0.0
06;2021-08-31;2211;5017;258;757089;691843;418;70.1;64.1;0.0
06;2021-09-01;2391;3663;508;759480;695506;926;70.4;64.4;0.1
06;2021-09-02;2110;3677;964;761590;699183;1890;70.6;64.8;0.2
06;2021-09-03;1835;3937;979;763425;703120;2869;70.7;65.1;0.3
06;2021-09-04;1176;2254;202;764601;705374;3071;70.8;65.3;0.3
06;2021-09-05;263;392;25;764864;705766;3096;70.9;65.4;0.3
06;2021-09-06;1422;2509;967;766286;708275;4063;71.0;65.6;0.4
06;2021-09-07;1385;2814;1375;767671;711089;5438;71.1;65.9;0.5
06;2021-09-08;1440;2798;1288;769111;713887;6726;71.3;66.1;0.6
06;2021-09-09;1365;2909;1174;770476;716796;7900;71.4;66.4;0.7
06;2021-09-10;1770;3029;930;772246;719825;8830;71.5;66.7;0.8
06;2021-09-11;960;2060;178;773206;721885;9008;71.6;66.9;0.8
06;2021-09-12;128;301;15;773334;722186;9023;71.6;66.9;0.8
06;2021-09-13;1208;2257;966;774542;724443;9989;71.8;67.1;0.9
06;2021-09-14;1382;2046;1258;775924;726489;11247;71.9;67.3;1.0
06;2021-09-15;1357;2383;1279;777281;728872;12526;72.0;67.5;1.2
06;2021-09-16;1167;2069;1880;778448;730941;14406;72.1;67.7;1.3
06;2021-09-17;1346;2537;1246;779794;733478;15652;72.2;68.0;1.5
06;2021-09-18;601;1691;222;780395;735169;15874;72.3;68.1;1.5
06;2021-09-19;83;250;20;780478;735419;15894;72.3;68.1;1.5
06;2021-09-20;787;1804;1048;781265;737223;16942;72.4;68.3;1.6
06;2021-09-21;874;2034;1634;782139;739257;18576;72.5;68.5;1.7
06;2021-09-22;928;2170;1023;783067;741427;19599;72.5;68.7;1.8
06;2021-09-23;749;1927;1080;783816;743354;20679;72.6;68.9;1.9
06;2021-09-24;818;2053;1087;784634;745407;21766;72.7;69.1;2.0
06;2021-09-25;399;1497;301;785033;746904;22067;72.7;69.2;2.0
06;2021-09-26;75;204;21;785108;747108;22088;72.7;69.2;2.0
06;2021-09-27;605;1378;1366;785713;748486;23454;72.8;69.3;2.2
06;2021-09-28;502;1349;1206;786215;749835;24660;72.8;69.5;2.3
06;2021-09-29;684;1524;775;786899;751359;25435;72.9;69.6;2.4
06;2021-09-30;658;1423;1473;787557;752782;26908;73.0;69.7;2.5
06;2021-10-01;1396;1687;1291;788953;754469;28199;73.1;69.9;2.6
06;2021-10-02;500;1136;400;789453;755605;28599;73.1;70.0;2.6
06;2021-10-03;96;169;29;789549;755774;28628;73.1;70.0;2.7
06;2021-10-04;833;963;1202;790382;756737;29830;73.2;70.1;2.8
06;2021-10-05;651;1296;1745;791033;758033;31575;73.3;70.2;2.9
06;2021-10-06;751;1421;1983;791784;759454;33558;73.4;70.4;3.1
06;2021-10-07;579;1353;1959;792363;760807;35517;73.4;70.5;3.3
06;2021-10-08;884;1569;2160;793247;762376;37677;73.5;70.6;3.5
06;2021-10-09;483;956;570;793730;763332;38247;73.5;70.7;3.5
06;2021-10-10;92;180;30;793822;763512;38277;73.5;70.7;3.5
06;2021-10-11;532;1080;1737;794354;764592;40014;73.6;70.8;3.7
06;2021-10-12;512;933;2073;794866;765525;42087;73.6;70.9;3.9
06;2021-10-13;707;1183;1805;795573;766708;43892;73.7;71.0;4.1
06;2021-10-14;617;1037;1970;796190;767745;45862;73.8;71.1;4.2
06;2021-10-15;886;1224;2161;797076;768969;48023;73.8;71.2;4.4
06;2021-10-16;501;702;611;797577;769671;48634;73.9;71.3;4.5
06;2021-10-17;68;164;45;797645;769835;48679;73.9;71.3;4.5
06;2021-10-18;493;900;2021;798138;770735;50700;73.9;71.4;4.7
06;2021-10-19;503;729;2403;798641;771464;53103;74.0;71.5;4.9
06;2021-10-20;574;896;2617;799215;772360;55720;74.0;71.6;5.2
06;2021-10-21;492;957;2437;799707;773317;58157;74.1;71.6;5.4
06;2021-10-22;665;1065;2354;800372;774382;60511;74.1;71.7;5.6
06;2021-10-23;378;516;768;800750;774898;61279;74.2;71.8;5.7
06;2021-10-24;17;124;13;800767;775022;61292;74.2;71.8;5.7
06;2021-10-25;426;650;1791;801193;775672;63083;74.2;71.9;5.8
06;2021-10-26;425;693;2531;801618;776365;65614;74.3;71.9;6.1
06;2021-10-27;459;815;2452;802077;777180;68066;74.3;72.0;6.3
06;2021-10-28;404;628;2554;802481;777808;70620;74.3;72.1;6.5
06;2021-10-29;520;728;2333;803001;778536;72953;74.4;72.1;6.8
06;2021-10-30;286;459;858;803287;778995;73811;74.4;72.2;6.8
06;2021-10-31;36;62;51;803323;779057;73862;74.4;72.2;6.8
06;2021-11-01;98;120;28;803421;779177;73890;74.4;72.2;6.8
06;2021-11-02;425;691;2491;803846;779868;76381;74.5;72.3;7.1
06;2021-11-03;489;792;3004;804335;780660;79385;74.5;72.3;7.4
06;2021-11-04;404;636;2769;804739;781296;82154;74.6;72.4;7.6
06;2021-11-05;543;742;2583;805282;782038;84737;74.6;72.5;7.9
06;2021-11-06;322;557;1022;805604;782595;85759;74.6;72.5;7.9
06;2021-11-07;63;114;87;805667;782709;85846;74.6;72.5;8.0
06;2021-11-08;388;678;2675;806055;783387;88521;74.7;72.6;8.2
06;2021-11-09;383;620;3319;806438;784007;91840;74.7;72.6;8.5
06;2021-11-10;589;872;4179;807027;784879;96019;74.8;72.7;8.9
06;2021-11-11;75;146;217;807102;785025;96236;74.8;72.7;8.9
06;2021-11-12;508;783;3293;807610;785808;99529;74.8;72.8;9.2
06;2021-11-13;304;371;1125;807914;786179;100654;74.8;72.8;9.3
06;2021-11-14;77;93;139;807991;786272;100793;74.9;72.8;9.3
06;2021-11-15;381;651;3079;808372;786923;103872;74.9;72.9;9.6
06;2021-11-16;379;603;4327;808751;787526;108199;74.9;73.0;10.0
06;2021-11-17;519;731;3857;809270;788257;112056;75.0;73.0;10.4
06;2021-11-18;422;622;4215;809692;788879;116271;75.0;73.1;10.8
06;2021-11-19;596;818;5117;810288;789697;121388;75.1;73.2;11.2
06;2021-11-20;338;475;1605;810626;790172;122993;75.1;73.2;11.4
06;2021-11-21;56;112;126;810682;790284;123119;75.1;73.2;11.4
06;2021-11-22;423;479;3752;811105;790763;126871;75.1;73.3;11.8
06;2021-11-23;408;524;5264;811513;791287;132135;75.2;73.3;12.2
06;2021-11-24;534;695;4809;812047;791982;136944;75.2;73.4;12.7
06;2021-11-25;476;604;5743;812523;792586;142687;75.3;73.4;13.2
06;2021-11-26;571;735;7149;813094;793321;149836;75.3;73.5;13.9
06;2021-11-27;365;479;3546;813459;793800;153382;75.4;73.5;14.2
06;2021-11-28;64;121;732;813523;793921;154114;75.4;73.6;14.3
06;2021-11-29;388;544;7285;813911;794465;161399;75.4;73.6;15.0
06;2021-11-30;425;593;8509;814336;795058;169908;75.4;73.7;15.7
06;2021-12-01;603;746;10161;814939;795804;180069;75.5;73.7;16.7
06;2021-12-02;461;593;12807;815400;796397;192876;75.5;73.8;17.9
06;2021-12-03;479;812;13165;815879;797209;206041;75.6;73.9;19.1
06;2021-12-04;382;497;6309;816261;797706;212350;75.6;73.9;19.7
06;2021-12-05;119;178;1401;816380;797884;213751;75.6;73.9;19.8
06;2021-12-06;436;667;10704;816816;798551;224455;75.7;74.0;20.8
06;2021-12-07;526;681;13875;817342;799232;238330;75.7;74.0;22.1
06;2021-12-08;550;809;11598;817892;800041;249928;75.8;74.1;23.2
06;2021-12-09;524;760;12456;818416;800801;262384;75.8;74.2;24.3
07;2020-12-27;0;0;0;0;0;0;0.0;0.0;0.0
07;2020-12-28;0;0;0;0;0;0;0.0;0.0;0.0
07;2020-12-29;0;0;0;0;0;0;0.0;0.0;0.0
07;2020-12-30;0;0;0;0;0;0;0.0;0.0;0.0
07;2020-12-31;0;0;0;0;0;0;0.0;0.0;0.0
07;2021-01-01;5;0;0;5;0;0;0.0;0.0;0.0
07;2021-01-02;0;0;0;5;0;0;0.0;0.0;0.0
07;2021-01-03;0;0;0;5;0;0;0.0;0.0;0.0
07;2021-01-04;0;0;0;5;0;0;0.0;0.0;0.0
07;2021-01-05;0;0;0;5;0;0;0.0;0.0;0.0
07;2021-01-06;31;0;0;36;0;0;0.0;0.0;0.0
07;2021-01-07;133;1;0;169;1;0;0.1;0.0;0.0
07;2021-01-08;68;1;0;237;2;0;0.1;0.0;0.0
07;2021-01-09;14;0;0;251;2;0;0.1;0.0;0.0
07;2021-01-10;0;0;0;251;2;0;0.1;0.0;0.0
07;2021-01-11;175;1;0;426;3;0;0.1;0.0;0.0
07;2021-01-12;309;1;0;735;4;0;0.2;0.0;0.0
07;2021-01-13;308;2;0;1043;6;0;0.3;0.0;0.0
07;2021-01-14;463;0;0;1506;6;0;0.5;0.0;0.0
07;2021-01-15;235;0;0;1741;6;0;0.5;0.0;0.0
07;2021-01-16;42;0;0;1783;6;0;0.5;0.0;0.0
07;2021-01-17;3;0;0;1786;6;0;0.5;0.0;0.0
07;2021-01-18;363;3;0;2149;9;0;0.7;0.0;0.0
07;2021-01-19;796;3;0;2945;12;0;0.9;0.0;0.0
07;2021-01-20;556;4;0;3501;16;0;1.1;0.0;0.0
07;2021-01-21;493;5;0;3994;21;0;1.2;0.0;0.0
07;2021-01-22;352;3;0;4346;24;0;1.3;0.0;0.0
07;2021-01-23;153;2;0;4499;26;0;1.4;0.0;0.0
07;2021-01-24;10;0;0;4509;26;0;1.4;0.0;0.0
07;2021-01-25;232;2;0;4741;28;0;1.5;0.0;0.0
07;2021-01-26;528;4;0;5269;32;0;1.6;0.0;0.0
07;2021-01-27;574;12;0;5843;44;0;1.8;0.0;0.0
07;2021-01-28;1165;111;0;7008;155;0;2.1;0.0;0.0
07;2021-01-29;728;28;0;7736;183;0;2.4;0.1;0.0
07;2021-01-30;236;2;0;7972;185;0;2.4;0.1;0.0
07;2021-01-31;11;0;0;7983;185;0;2.4;0.1;0.0
07;2021-02-01;319;50;0;8302;235;0;2.5;0.1;0.0
07;2021-02-02;639;247;0;8941;482;0;2.7;0.1;0.0
07;2021-02-03;1059;236;0;10000;718;0;3.1;0.2;0.0
07;2021-02-04;686;292;0;10686;1010;0;3.3;0.3;0.0
07;2021-02-05;506;254;0;11192;1264;0;3.4;0.4;0.0
07;2021-02-06;138;17;0;11330;1281;0;3.5;0.4;0.0
07;2021-02-07;29;2;0;11359;1283;0;3.5;0.4;0.0
07;2021-02-08;264;193;0;11623;1476;0;3.6;0.5;0.0
07;2021-02-09;509;365;0;12132;1841;0;3.7;0.6;0.0
07;2021-02-10;536;357;0;12668;2198;0;3.9;0.7;0.0
07;2021-02-11;423;292;0;13091;2490;0;4.0;0.8;0.0
07;2021-02-12;294;213;0;13385;2703;0;4.1;0.8;0.0
07;2021-02-13;118;52;0;13503;2755;0;4.1;0.8;0.0
07;2021-02-14;4;0;0;13507;2755;0;4.1;0.8;0.0
07;2021-02-15;302;175;0;13809;2930;0;4.2;0.9;0.0
07;2021-02-16;352;383;0;14161;3313;0;4.3;1.0;0.0
07;2021-02-17;434;358;0;14595;3671;0;4.5;1.1;0.0
07;2021-02-18;538;714;0;15133;4385;0;4.6;1.3;0.0
07;2021-02-19;457;486;0;15590;4871;0;4.8;1.5;0.0
07;2021-02-20;105;91;0;15695;4962;0;4.8;1.5;0.0
07;2021-02-21;16;11;0;15711;4973;0;4.8;1.5;0.0
07;2021-02-22;412;281;0;16123;5254;0;4.9;1.6;0.0
07;2021-02-23;628;615;0;16751;5869;0;5.1;1.8;0.0
07;2021-02-24;884;782;0;17635;6651;0;5.4;2.0;0.0
07;2021-02-25;715;569;0;18350;7220;0;5.6;2.2;0.0
07;2021-02-26;819;333;0;19169;7553;0;5.9;2.3;0.0
07;2021-02-27;202;196;0;19371;7749;0;5.9;2.4;0.0
07;2021-02-28;2;7;0;19373;7756;0;5.9;2.4;0.0
07;2021-03-01;446;243;0;19819;7999;0;6.1;2.4;0.0
07;2021-03-02;656;548;0;20475;8547;0;6.3;2.6;0.0
07;2021-03-03;710;547;0;21185;9094;0;6.5;2.8;0.0
07;2021-03-04;1104;383;0;22289;9477;0;6.8;2.9;0.0
07;2021-03-05;1124;403;0;23413;9880;0;7.2;3.0;0.0
07;2021-03-06;1306;139;0;24719;10019;0;7.6;3.1;0.0
07;2021-03-07;920;32;0;25639;10051;0;7.8;3.1;0.0
07;2021-03-08;425;354;0;26064;10405;0;8.0;3.2;0.0
07;2021-03-09;1110;463;0;27174;10868;0;8.3;3.3;0.0
07;2021-03-10;900;515;0;28074;11383;0;8.6;3.5;0.0
07;2021-03-11;1436;467;0;29510;11850;0;9.0;3.6;0.0
07;2021-03-12;1642;539;0;31152;12389;0;9.5;3.8;0.0
07;2021-03-13;746;143;0;31898;12532;0;9.8;3.8;0.0
07;2021-03-14;18;10;0;31916;12542;0;9.8;3.8;0.0
07;2021-03-15;582;288;0;32498;12830;0;9.9;3.9;0.0
07;2021-03-16;1232;476;0;33730;13306;0;10.3;4.1;0.0
07;2021-03-17;1168;756;0;34898;14062;0;10.7;4.3;0.0
07;2021-03-18;1198;438;0;36096;14500;0;11.0;4.4;0.0
07;2021-03-19;1244;422;0;37340;14922;0;11.4;4.6;0.0
07;2021-03-20;523;115;0;37863;15037;0;11.6;4.6;0.0
07;2021-03-21;20;4;0;37883;15041;0;11.6;4.6;0.0
07;2021-03-22;834;518;0;38717;15559;0;11.8;4.8;0.0
07;2021-03-23;1440;658;0;40157;16217;0;12.3;5.0;0.0
07;2021-03-24;1252;628;0;41409;16845;0;12.7;5.2;0.0
07;2021-03-25;1835;495;0;43244;17340;0;13.2;5.3;0.0
07;2021-03-26;1817;432;0;45061;17772;0;13.8;5.4;0.0
07;2021-03-27;455;115;0;45516;17887;0;13.9;5.5;0.0
07;2021-03-28;31;4;0;45547;17891;0;13.9;5.5;0.0
07;2021-03-29;840;366;0;46387;18257;0;14.2;5.6;0.0
07;2021-03-30;1587;536;0;47974;18793;0;14.7;5.7;0.0
07;2021-03-31;1482;493;0;49456;19286;0;15.1;5.9;0.0
07;2021-04-01;1661;665;0;51117;19951;0;15.6;6.1;0.0
07;2021-04-02;1495;504;0;52612;20455;0;16.1;6.3;0.0
07;2021-04-03;276;236;0;52888;20691;0;16.2;6.3;0.0
07;2021-04-04;34;93;0;52922;20784;0;16.2;6.4;0.0
07;2021-04-05;79;65;0;53001;20849;0;16.2;6.4;0.0
07;2021-04-06;1158;781;0;54159;21630;0;16.6;6.6;0.0
07;2021-04-07;1252;930;0;55411;22560;0;17.0;6.9;0.0
07;2021-04-08;1908;1141;0;57319;23701;0;17.5;7.3;0.0
07;2021-04-09;2295;603;0;59614;24304;0;18.2;7.4;0.0
07;2021-04-10;829;230;0;60443;24534;0;18.5;7.5;0.0
07;2021-04-11;313;16;0;60756;24550;0;18.6;7.5;0.0
07;2021-04-12;1236;637;0;61992;25187;0;19.0;7.7;0.0
07;2021-04-13;1700;1280;0;63692;26467;0;19.5;8.1;0.0
07;2021-04-14;1535;1028;0;65227;27495;0;20.0;8.4;0.0
07;2021-04-15;1368;858;0;66595;28353;0;20.4;8.7;0.0
07;2021-04-16;1422;894;0;68017;29247;0;20.8;8.9;0.0
07;2021-04-17;896;253;0;68913;29500;0;21.1;9.0;0.0
07;2021-04-18;589;45;0;69502;29545;0;21.3;9.0;0.0
07;2021-04-19;1092;607;0;70594;30152;0;21.6;9.2;0.0
07;2021-04-20;1363;1263;0;71957;31415;0;22.0;9.6;0.0
07;2021-04-21;1612;906;0;73569;32321;0;22.5;9.9;0.0
07;2021-04-22;1639;932;0;75208;33253;0;23.0;10.2;0.0
07;2021-04-23;1350;966;0;76558;34219;0;23.4;10.5;0.0
07;2021-04-24;925;306;0;77483;34525;0;23.7;10.6;0.0
07;2021-04-25;717;81;0;78200;34606;0;23.9;10.6;0.0
07;2021-04-26;1056;769;0;79256;35375;0;24.2;10.8;0.0
07;2021-04-27;1352;1489;0;80608;36864;0;24.7;11.3;0.0
07;2021-04-28;1464;1462;0;82072;38326;0;25.1;11.7;0.0
07;2021-04-29;1842;1457;0;83914;39783;0;25.7;12.2;0.0
07;2021-04-30;1494;1384;0;85408;41167;0;26.1;12.6;0.0
07;2021-05-01;916;144;0;86324;41311;0;26.4;12.6;0.0
07;2021-05-02;748;151;0;87072;41462;0;26.6;12.7;0.0
07;2021-05-03;1283;491;0;88355;41953;0;27.0;12.8;0.0
07;2021-05-04;1942;1550;0;90297;43503;0;27.6;13.3;0.0
07;2021-05-05;1682;1364;0;91979;44867;0;28.1;13.7;0.0
07;2021-05-06;2050;1588;0;94029;46455;0;28.8;14.2;0.0
07;2021-05-07;1631;1486;0;95660;47941;0;29.3;14.7;0.0
07;2021-05-08;1150;415;0;96810;48356;0;29.6;14.8;0.0
07;2021-05-09;887;306;0;97697;48662;0;29.9;14.9;0.0
07;2021-05-10;1467;1124;0;99164;49786;0;30.3;15.2;0.0
07;2021-05-11;2350;1541;0;101514;51327;0;31.1;15.7;0.0
07;2021-05-12;2132;1152;0;103646;52479;0;31.7;16.1;0.0
07;2021-05-13;1655;273;0;105301;52752;0;32.2;16.1;0.0
07;2021-05-14;1733;881;0;107034;53633;0;32.7;16.4;0.0
07;2021-05-15;1708;473;0;108742;54106;0;33.3;16.6;0.0
07;2021-05-16;1489;201;0;110231;54307;0;33.7;16.6;0.0
07;2021-05-17;1794;835;0;112025;55142;0;34.3;16.9;0.0
07;2021-05-18;2238;1234;0;114263;56376;0;35.0;17.2;0.0
07;2021-05-19;2246;920;0;116509;57296;0;35.6;17.5;0.0
07;2021-05-20;2069;1228;0;118578;58524;0;36.3;17.9;0.0
07;2021-05-21;1732;1243;0;120310;59767;0;36.8;18.3;0.0
07;2021-05-22;966;530;0;121276;60297;0;37.1;18.4;0.0
07;2021-05-23;657;146;0;121933;60443;0;37.3;18.5;0.0
07;2021-05-24;1467;343;0;123400;60786;0;37.8;18.6;0.0
07;2021-05-25;1977;1348;0;125377;62134;0;38.4;19.0;0.0
07;2021-05-26;1613;1296;0;126990;63430;0;38.8;19.4;0.0
07;2021-05-27;1882;1415;0;128872;64845;0;39.4;19.8;0.0
07;2021-05-28;1729;2001;0;130601;66846;0;40.0;20.5;0.0
07;2021-05-29;972;724;0;131573;67570;0;40.3;20.7;0.0
07;2021-05-30;415;482;0;131988;68052;0;40.4;20.8;0.0
07;2021-05-31;1163;1192;0;133151;69244;0;40.7;21.2;0.0
07;2021-06-01;1767;1903;0;134918;71147;0;41.3;21.8;0.0
07;2021-06-02;1472;1545;0;136390;72692;0;41.7;22.2;0.0
07;2021-06-03;1588;1321;0;137978;74013;0;42.2;22.6;0.0
07;2021-06-04;1603;1628;0;139581;75641;0;42.7;23.1;0.0
07;2021-06-05;920;920;0;140501;76561;0;43.0;23.4;0.0
07;2021-06-06;388;552;0;140889;77113;0;43.1;23.6;0.0
07;2021-06-07;937;1205;0;141826;78318;0;43.4;24.0;0.0
07;2021-06-08;1436;1691;0;143262;80009;0;43.8;24.5;0.0
07;2021-06-09;1055;1444;0;144317;81453;0;44.2;24.9;0.0
07;2021-06-10;865;1433;0;145182;82886;0;44.4;25.4;0.0
07;2021-06-11;1174;2066;0;146356;84952;0;44.8;26.0;0.0
07;2021-06-12;572;1192;0;146928;86144;0;44.9;26.4;0.0
07;2021-06-13;248;367;0;147176;86511;0;45.0;26.5;0.0
07;2021-06-14;638;1936;0;147814;88447;0;45.2;27.1;0.0
07;2021-06-15;975;2452;0;148789;90899;0;45.5;27.8;0.0
07;2021-06-16;995;1864;0;149784;92763;0;45.8;28.4;0.0
07;2021-06-17;884;1934;0;150668;94697;0;46.1;29.0;0.0
07;2021-06-18;917;2374;0;151585;97071;0;46.4;29.7;0.0
07;2021-06-19;522;1392;0;152107;98463;0;46.5;30.1;0.0
07;2021-06-20;282;637;0;152389;99100;0;46.6;30.3;0.0
07;2021-06-21;531;2131;0;152920;101231;0;46.8;31.0;0.0
07;2021-06-22;656;2580;0;153576;103811;0;47.0;31.8;0.0
07;2021-06-23;680;2068;0;154256;105879;0;47.2;32.4;0.0
07;2021-06-24;642;1906;0;154898;107785;0;47.4;33.0;0.0
07;2021-06-25;664;2358;0;155562;110143;0;47.6;33.7;0.0
07;2021-06-26;339;1599;0;155901;111742;0;47.7;34.2;0.0
07;2021-06-27;203;903;0;156104;112645;0;47.8;34.5;0.0
07;2021-06-28;502;2226;0;156606;114871;0;47.9;35.1;0.0
07;2021-06-29;545;2852;0;157151;117723;0;48.1;36.0;0.0
07;2021-06-30;823;2293;0;157974;120016;0;48.3;36.7;0.0
07;2021-07-01;857;1924;0;158831;121940;0;48.6;37.3;0.0
07;2021-07-02;864;2233;0;159695;124173;0;48.9;38.0;0.0
07;2021-07-03;401;1262;0;160096;125435;0;49.0;38.4;0.0
07;2021-07-04;202;608;0;160298;126043;0;49.0;38.6;0.0
07;2021-07-05;646;1737;0;160944;127780;0;49.2;39.1;0.0
07;2021-07-06;859;2378;0;161803;130158;0;49.5;39.8;0.0
07;2021-07-07;935;1874;0;162738;132032;0;49.8;40.4;0.0
07;2021-07-08;1027;1844;0;163765;133876;0;50.1;41.0;0.0
07;2021-07-09;951;2245;0;164716;136121;0;50.4;41.6;0.0
07;2021-07-10;559;1171;0;165275;137292;0;50.6;42.0;0.0
07;2021-07-11;206;518;0;165481;137810;0;50.6;42.2;0.0
07;2021-07-12;755;1798;0;166236;139608;0;50.9;42.7;0.0
07;2021-07-13;1523;2680;0;167759;142288;0;51.3;43.5;0.0
07;2021-07-14;395;236;0;168154;142524;0;51.4;43.6;0.0
07;2021-07-15;1846;2174;0;170000;144698;0;52.0;44.3;0.0
07;2021-07-16;1975;1964;0;171975;146662;0;52.6;44.9;0.0
07;2021-07-17;1292;1102;0;173267;147764;0;53.0;45.2;0.0
07;2021-07-18;313;221;0;173580;147985;0;53.1;45.3;0.0
07;2021-07-19;1427;1595;0;175007;149580;0;53.5;45.8;0.0
07;2021-07-20;2393;2260;0;177400;151840;0;54.3;46.5;0.0
07;2021-07-21;1893;1818;0;179293;153658;0;54.9;47.0;0.0
07;2021-07-22;1996;1372;0;181289;155030;0;55.5;47.4;0.0
07;2021-07-23;2287;1613;0;183576;156643;0;56.2;47.9;0.0
07;2021-07-24;1508;960;0;185084;157603;0;56.6;48.2;0.0
07;2021-07-25;192;56;0;185276;157659;0;56.7;48.2;0.0
07;2021-07-26;2013;1461;0;187289;159120;0;57.3;48.7;0.0
07;2021-07-27;2756;1598;0;190045;160718;0;58.1;49.2;0.0
07;2021-07-28;1907;1239;0;191952;161957;0;58.7;49.5;0.0
07;2021-07-29;2390;1259;0;194342;163216;0;59.5;49.9;0.0
07;2021-07-30;1706;1460;0;196048;164676;0;60.0;50.4;0.0
07;2021-07-31;1217;748;0;197265;165424;0;60.3;50.6;0.0
07;2021-08-01;118;53;0;197383;165477;0;60.4;50.6;0.0
07;2021-08-02;1563;1118;0;198946;166595;0;60.9;51.0;0.0
07;2021-08-03;2213;1727;0;201159;168322;0;61.5;51.5;0.0
07;2021-08-04;1865;956;0;203024;169278;0;62.1;51.8;0.0
07;2021-08-05;1835;1288;0;204859;170566;0;62.7;52.2;0.0
07;2021-08-06;1860;1646;0;206719;172212;0;63.2;52.7;0.0
07;2021-08-07;733;562;0;207452;172774;0;63.5;52.9;0.0
07;2021-08-08;28;47;0;207480;172821;0;63.5;52.9;0.0
07;2021-08-09;1127;1452;0;208607;174273;0;63.8;53.3;0.0
07;2021-08-10;1416;2141;0;210023;176414;0;64.3;54.0;0.0
07;2021-08-11;1301;1620;0;211324;178034;0;64.6;54.5;0.0
07;2021-08-12;1088;1519;0;212412;179553;0;65.0;54.9;0.0
07;2021-08-13;1137;1714;0;213549;181267;0;65.3;55.5;0.0
07;2021-08-14;424;747;0;213973;182014;0;65.5;55.7;0.0
07;2021-08-15;26;53;0;213999;182067;0;65.5;55.7;0.0
07;2021-08-16;747;1580;0;214746;183647;0;65.7;56.2;0.0
07;2021-08-17;1187;2219;0;215933;185866;0;66.1;56.9;0.0
07;2021-08-18;952;1632;0;216885;187498;0;66.4;57.4;0.0
07;2021-08-19;1101;1732;0;217986;189230;0;66.7;57.9;0.0
07;2021-08-20;920;2121;0;218906;191351;0;67.0;58.5;0.0
07;2021-08-21;349;657;0;219255;192008;0;67.1;58.7;0.0
07;2021-08-22;7;41;0;219262;192049;0;67.1;58.8;0.0
07;2021-08-23;544;1569;0;219806;193618;0;67.2;59.2;0.0
07;2021-08-24;1064;2251;0;220870;195869;0;67.6;59.9;0.0
07;2021-08-25;761;1837;0;221631;197706;0;67.8;60.5;0.0
07;2021-08-26;712;1909;0;222343;199615;0;68.0;61.1;0.0
07;2021-08-27;843;1972;0;223186;201587;0;68.3;61.7;0.0
07;2021-08-28;332;684;0;223518;202271;0;68.4;61.9;0.0
07;2021-08-29;11;71;0;223529;202342;0;68.4;61.9;0.0
07;2021-08-30;494;1534;21;224023;203876;21;68.5;62.4;0.0
07;2021-08-31;1033;2112;73;225056;205988;94;68.9;63.0;0.0
07;2021-09-01;676;1366;67;225732;207354;161;69.1;63.4;0.0
07;2021-09-02;614;1323;170;226346;208677;331;69.2;63.8;0.1
07;2021-09-03;778;1720;129;227124;210397;460;69.5;64.4;0.1
07;2021-09-04;346;654;24;227470;211051;484;69.6;64.6;0.1
07;2021-09-05;19;29;4;227489;211080;488;69.6;64.6;0.1
07;2021-09-06;436;846;151;227925;211926;639;69.7;64.8;0.2
07;2021-09-07;509;1064;165;228434;212990;804;69.9;65.2;0.2
07;2021-09-08;485;1060;144;228919;214050;948;70.0;65.5;0.3
07;2021-09-09;446;859;206;229365;214909;1154;70.2;65.7;0.4
07;2021-09-10;551;1243;197;229916;216152;1351;70.3;66.1;0.4
07;2021-09-11;178;605;40;230094;216757;1391;70.4;66.3;0.4
07;2021-09-12;4;16;3;230098;216773;1394;70.4;66.3;0.4
07;2021-09-13;366;577;134;230464;217350;1528;70.5;66.5;0.5
07;2021-09-14;578;880;329;231042;218230;1857;70.7;66.8;0.6
07;2021-09-15;344;844;201;231386;219074;2058;70.8;67.0;0.6
07;2021-09-16;436;599;319;231822;219673;2377;70.9;67.2;0.7
07;2021-09-17;365;886;310;232187;220559;2687;71.0;67.5;0.8
07;2021-09-18;139;504;59;232326;221063;2746;71.1;67.6;0.8
07;2021-09-19;6;26;4;232332;221089;2750;71.1;67.6;0.8
07;2021-09-20;231;427;404;232563;221516;3154;71.1;67.8;1.0
07;2021-09-21;270;687;364;232833;222203;3518;71.2;68.0;1.1
07;2021-09-22;202;773;201;233035;222976;3719;71.3;68.2;1.1
07;2021-09-23;200;556;339;233235;223532;4058;71.4;68.4;1.2
07;2021-09-24;275;882;361;233510;224414;4419;71.4;68.7;1.4
07;2021-09-25;93;330;63;233603;224744;4482;71.5;68.8;1.4
07;2021-09-26;5;13;6;233608;224757;4488;71.5;68.8;1.4
07;2021-09-27;190;499;323;233798;225256;4811;71.5;68.9;1.5
07;2021-09-28;181;475;529;233979;225731;5340;71.6;69.1;1.6
07;2021-09-29;179;563;377;234158;226294;5717;71.6;69.2;1.7
07;2021-09-30;184;438;345;234342;226732;6062;71.7;69.4;1.9
07;2021-10-01;285;617;367;234627;227349;6429;71.8;69.6;2.0
07;2021-10-02;110;214;59;234737;227563;6488;71.8;69.6;2.0
07;2021-10-03;5;17;2;234742;227580;6490;71.8;69.6;2.0
07;2021-10-04;171;385;361;234913;227965;6851;71.9;69.7;2.1
07;2021-10-05;215;484;480;235128;228449;7331;71.9;69.9;2.2
07;2021-10-06;177;365;500;235305;228814;7831;72.0;70.0;2.4
07;2021-10-07;127;402;357;235432;229216;8188;72.0;70.1;2.5
07;2021-10-08;229;480;510;235661;229696;8698;72.1;70.3;2.7
07;2021-10-09;100;171;140;235761;229867;8838;72.1;70.3;2.7
07;2021-10-10;1;4;2;235762;229871;8840;72.1;70.3;2.7
07;2021-10-11;117;293;489;235879;230164;9329;72.2;70.4;2.9
07;2021-10-12;171;390;504;236050;230554;9833;72.2;70.5;3.0
07;2021-10-13;150;274;402;236200;230828;10235;72.3;70.6;3.1
07;2021-10-14;152;239;368;236352;231067;10603;72.3;70.7;3.2
07;2021-10-15;236;375;567;236588;231442;11170;72.4;70.8;3.4
07;2021-10-16;108;130;175;236696;231572;11345;72.4;70.8;3.5
07;2021-10-17;1;5;1;236697;231577;11346;72.4;70.8;3.5
07;2021-10-18;183;240;389;236880;231817;11735;72.5;70.9;3.6
07;2021-10-19;114;148;563;236994;231965;12298;72.5;71.0;3.8
07;2021-10-20;106;201;439;237100;232166;12737;72.5;71.0;3.9
07;2021-10-21;65;156;543;237165;232322;13280;72.6;71.1;4.1
07;2021-10-22;86;270;623;237251;232592;13903;72.6;71.2;4.3
07;2021-10-23;53;72;133;237304;232664;14036;72.6;71.2;4.3
07;2021-10-24;3;8;2;237307;232672;14038;72.6;71.2;4.3
07;2021-10-25;77;155;362;237384;232827;14400;72.6;71.2;4.4
07;2021-10-26;97;172;747;237481;232999;15147;72.7;71.3;4.6
07;2021-10-27;77;173;407;237558;233172;15554;72.7;71.3;4.8
07;2021-10-28;61;115;405;237619;233287;15959;72.7;71.4;4.9
07;2021-10-29;88;207;730;237707;233494;16689;72.7;71.4;5.1
07;2021-10-30;53;85;191;237760;233579;16880;72.7;71.5;5.2
07;2021-10-31;0;2;3;237760;233581;16883;72.7;71.5;5.2
07;2021-11-01;6;10;17;237766;233591;16900;72.7;71.5;5.2
07;2021-11-02;88;192;700;237854;233783;17600;72.8;71.5;5.4
07;2021-11-03;94;125;629;237948;233908;18229;72.8;71.6;5.6
07;2021-11-04;72;122;680;238020;234030;18909;72.8;71.6;5.8
07;2021-11-05;97;227;820;238117;234257;19729;72.8;71.7;6.0
07;2021-11-06;33;86;230;238150;234343;19959;72.9;71.7;6.1
07;2021-11-07;2;11;2;238152;234354;19961;72.9;71.7;6.1
07;2021-11-08;64;158;766;238216;234512;20727;72.9;71.7;6.3
07;2021-11-09;69;133;1050;238285;234645;21777;72.9;71.8;6.7
07;2021-11-10;77;184;1124;238362;234829;22901;72.9;71.8;7.0
07;2021-11-11;4;3;27;238366;234832;22928;72.9;71.8;7.0
07;2021-11-12;110;166;1181;238476;234998;24109;73.0;71.9;7.4
07;2021-11-13;44;85;275;238520;235083;24384;73.0;71.9;7.5
07;2021-11-14;0;10;10;238520;235093;24394;73.0;71.9;7.5
07;2021-11-15;69;105;1054;238589;235198;25448;73.0;72.0;7.8
07;2021-11-16;84;107;1540;238673;235305;26988;73.0;72.0;8.3
07;2021-11-17;101;124;1155;238774;235429;28143;73.0;72.0;8.6
07;2021-11-18;81;109;1059;238855;235538;29202;73.1;72.1;8.9
07;2021-11-19;92;130;1491;238947;235668;30693;73.1;72.1;9.4
07;2021-11-20;78;56;366;239025;235724;31059;73.1;72.1;9.5
07;2021-11-21;0;2;13;239025;235726;31072;73.1;72.1;9.5
07;2021-11-22;70;55;1137;239095;235781;32209;73.1;72.1;9.9
07;2021-11-23;123;94;1797;239218;235875;34006;73.2;72.2;10.4
07;2021-11-24;135;116;1422;239353;235991;35428;73.2;72.2;10.8
07;2021-11-25;98;92;1899;239451;236083;37327;73.3;72.2;11.4
07;2021-11-26;141;123;2581;239592;236206;39908;73.3;72.3;12.2
07;2021-11-27;69;60;1328;239661;236266;41236;73.3;72.3;12.6
07;2021-11-28;12;7;470;239673;236273;41706;73.3;72.3;12.8
07;2021-11-29;63;69;2153;239736;236342;43859;73.3;72.3;13.4
07;2021-11-30;80;88;3321;239816;236430;47180;73.4;72.3;14.4
07;2021-12-01;100;88;2629;239916;236518;49809;73.4;72.4;15.2
07;2021-12-02;55;59;2921;239971;236577;52730;73.4;72.4;16.1
07;2021-12-03;93;118;3622;240064;236695;56352;73.4;72.4;17.2
07;2021-12-04;60;50;1572;240124;236745;57924;73.5;72.4;17.7
07;2021-12-05;6;12;346;240130;236757;58270;73.5;72.4;17.8
07;2021-12-06;62;71;2700;240192;236828;60970;73.5;72.5;18.7
07;2021-12-07;104;114;4343;240296;236942;65313;73.5;72.5;20.0
07;2021-12-08;86;94;3441;240382;237036;68754;73.5;72.5;21.0
07;2021-12-09;94;78;3540;240476;237114;72294;73.6;72.5;22.1
08;2020-12-27;0;0;0;0;0;0;0.0;0.0;0.0
08;2020-12-28;0;0;0;0;0;0;0.0;0.0;0.0
08;2020-12-29;0;0;0;0;0;0;0.0;0.0;0.0
08;2020-12-30;0;0;0;0;0;0;0.0;0.0;0.0
08;2020-12-31;0;0;0;0;0;0;0.0;0.0;0.0
08;2021-01-01;0;0;0;0;0;0;0.0;0.0;0.0
08;2021-01-02;0;0;0;0;0;0;0.0;0.0;0.0
08;2021-01-03;1;0;0;1;0;0;0.0;0.0;0.0
08;2021-01-04;23;0;0;24;0;0;0.0;0.0;0.0
08;2021-01-05;0;0;0;24;0;0;0.0;0.0;0.0
08;2021-01-06;0;0;0;24;0;0;0.0;0.0;0.0
08;2021-01-07;187;0;0;211;0;0;0.1;0.0;0.0
08;2021-01-08;302;0;0;513;0;0;0.2;0.0;0.0
08;2021-01-09;106;0;0;619;0;0;0.2;0.0;0.0
08;2021-01-10;1;0;0;620;0;0;0.2;0.0;0.0
08;2021-01-11;79;1;0;699;1;0;0.3;0.0;0.0
08;2021-01-12;174;0;0;873;1;0;0.3;0.0;0.0
08;2021-01-13;484;1;0;1357;2;0;0.5;0.0;0.0
08;2021-01-14;540;8;0;1897;10;0;0.7;0.0;0.0
08;2021-01-15;294;2;0;2191;12;0;0.8;0.0;0.0
08;2021-01-16;105;0;0;2296;12;0;0.9;0.0;0.0
08;2021-01-17;1;0;0;2297;12;0;0.9;0.0;0.0
08;2021-01-18;383;2;0;2680;14;0;1.0;0.0;0.0
08;2021-01-19;842;1;0;3522;15;0;1.3;0.0;0.0
08;2021-01-20;891;4;0;4413;19;0;1.7;0.0;0.0
08;2021-01-21;730;1;0;5143;20;0;1.9;0.0;0.0
08;2021-01-22;678;2;0;5821;22;0;2.2;0.0;0.0
08;2021-01-23;237;0;0;6058;22;0;2.3;0.0;0.0
08;2021-01-24;1;0;0;6059;22;0;2.3;0.0;0.0
08;2021-01-25;204;0;0;6263;22;0;2.4;0.0;0.0
08;2021-01-26;288;1;0;6551;23;0;2.5;0.0;0.0
08;2021-01-27;413;1;0;6964;24;0;2.6;0.0;0.0
08;2021-01-28;564;173;0;7528;197;0;2.8;0.1;0.0
08;2021-01-29;574;172;0;8102;369;0;3.1;0.1;0.0
08;2021-01-30;207;60;0;8309;429;0;3.1;0.2;0.0
08;2021-01-31;0;0;0;8309;429;0;3.1;0.2;0.0
08;2021-02-01;84;49;0;8393;478;0;3.2;0.2;0.0
08;2021-02-02;201;166;0;8594;644;0;3.2;0.2;0.0
08;2021-02-03;144;169;0;8738;813;0;3.3;0.3;0.0
08;2021-02-04;329;295;0;9067;1108;0;3.4;0.4;0.0
08;2021-02-05;515;343;0;9582;1451;0;3.6;0.5;0.0
08;2021-02-06;142;75;0;9724;1526;0;3.7;0.6;0.0
08;2021-02-07;8;0;0;9732;1526;0;3.7;0.6;0.0
08;2021-02-08;44;174;0;9776;1700;0;3.7;0.6;0.0
08;2021-02-09;217;623;0;9993;2323;0;3.8;0.9;0.0
08;2021-02-10;325;617;0;10318;2940;0;3.9;1.1;0.0
08;2021-02-11;463;358;0;10781;3298;0;4.1;1.2;0.0
08;2021-02-12;663;386;0;11444;3684;0;4.3;1.4;0.0
08;2021-02-13;128;113;0;11572;3797;0;4.4;1.4;0.0
08;2021-02-14;4;61;0;11576;3858;0;4.4;1.5;0.0
08;2021-02-15;225;204;0;11801;4062;0;4.4;1.5;0.0
08;2021-02-16;138;381;0;11939;4443;0;4.5;1.7;0.0
08;2021-02-17;127;409;0;12066;4852;0;4.5;1.8;0.0
08;2021-02-18;228;518;0;12294;5370;0;4.6;2.0;0.0
08;2021-02-19;311;425;0;12605;5795;0;4.7;2.2;0.0
08;2021-02-20;16;205;0;12621;6000;0;4.8;2.3;0.0
08;2021-02-21;0;0;0;12621;6000;0;4.8;2.3;0.0
08;2021-02-22;139;181;0;12760;6181;0;4.8;2.3;0.0
08;2021-02-23;163;324;0;12923;6505;0;4.9;2.4;0.0
08;2021-02-24;169;387;0;13092;6892;0;4.9;2.6;0.0
08;2021-02-25;497;528;0;13589;7420;0;5.1;2.8;0.0
08;2021-02-26;616;631;0;14205;8051;0;5.3;3.0;0.0
08;2021-02-27;308;185;0;14513;8236;0;5.5;3.1;0.0
08;2021-02-28;21;1;0;14534;8237;0;5.5;3.1;0.0
08;2021-03-01;200;103;0;14734;8340;0;5.5;3.1;0.0
08;2021-03-02;623;275;0;15357;8615;0;5.8;3.2;0.0
08;2021-03-03;871;196;0;16228;8811;0;6.1;3.3;0.0
08;2021-03-04;722;345;0;16950;9156;0;6.4;3.4;0.0
08;2021-03-05;1007;546;0;17957;9702;0;6.8;3.7;0.0
08;2021-03-06;651;132;0;18608;9834;0;7.0;3.7;0.0
08;2021-03-07;57;0;0;18665;9834;0;7.0;3.7;0.0
08;2021-03-08;210;126;0;18875;9960;0;7.1;3.8;0.0
08;2021-03-09;686;165;0;19561;10125;0;7.4;3.8;0.0
08;2021-03-10;1042;125;0;20603;10250;0;7.8;3.9;0.0
08;2021-03-11;961;255;0;21564;10505;0;8.1;4.0;0.0
08;2021-03-12;1621;519;0;23185;11024;0;8.7;4.2;0.0
08;2021-03-13;795;112;0;23980;11136;0;9.0;4.2;0.0
08;2021-03-14;28;0;0;24008;11136;0;9.0;4.2;0.0
08;2021-03-15;291;74;0;24299;11210;0;9.2;4.2;0.0
08;2021-03-16;559;43;0;24858;11253;0;9.4;4.2;0.0
08;2021-03-17;802;80;0;25660;11333;0;9.7;4.3;0.0
08;2021-03-18;806;171;0;26466;11504;0;10.0;4.3;0.0
08;2021-03-19;1141;290;0;27607;11794;0;10.4;4.4;0.0
08;2021-03-20;507;27;0;28114;11821;0;10.6;4.5;0.0
08;2021-03-21;17;1;0;28131;11822;0;10.6;4.5;0.0
08;2021-03-22;381;50;0;28512;11872;0;10.7;4.5;0.0
08;2021-03-23;769;69;0;29281;11941;0;11.0;4.5;0.0
08;2021-03-24;1344;76;0;30625;12017;0;11.5;4.5;0.0
08;2021-03-25;1909;104;0;32534;12121;0;12.3;4.6;0.0
08;2021-03-26;2468;175;0;35002;12296;0;13.2;4.6;0.0
08;2021-03-27;911;125;0;35913;12421;0;13.5;4.7;0.0
08;2021-03-28;233;8;0;36146;12429;0;13.6;4.7;0.0
08;2021-03-29;290;182;0;36436;12611;0;13.7;4.7;0.0
08;2021-03-30;845;471;0;37281;13082;0;14.0;4.9;0.0
08;2021-03-31;868;512;0;38149;13594;0;14.4;5.1;0.0
08;2021-04-01;1688;438;0;39837;14032;0;15.0;5.3;0.0
08;2021-04-02;1486;511;0;41323;14543;0;15.6;5.5;0.0
08;2021-04-03;1287;196;0;42610;14739;0;16.0;5.6;0.0
08;2021-04-04;125;5;0;42735;14744;0;16.1;5.6;0.0
08;2021-04-05;13;2;0;42748;14746;0;16.1;5.6;0.0
08;2021-04-06;706;482;0;43454;15228;0;16.4;5.7;0.0
08;2021-04-07;907;692;0;44361;15920;0;16.7;6.0;0.0
08;2021-04-08;1738;518;0;46099;16438;0;17.4;6.2;0.0
08;2021-04-09;2330;727;0;48429;17165;0;18.2;6.5;0.0
08;2021-04-10;1429;228;0;49858;17393;0;18.8;6.6;0.0
08;2021-04-11;16;10;0;49874;17403;0;18.8;6.6;0.0
08;2021-04-12;666;216;0;50540;17619;0;19.0;6.6;0.0
08;2021-04-13;1287;611;0;51827;18230;0;19.5;6.9;0.0
08;2021-04-14;1287;853;0;53114;19083;0;20.0;7.2;0.0
08;2021-04-15;1610;808;0;54724;19891;0;20.6;7.5;0.0
08;2021-04-16;1878;874;0;56602;20765;0;21.3;7.8;0.0
08;2021-04-17;1074;400;0;57676;21165;0;21.7;8.0;0.0
08;2021-04-18;42;16;0;57718;21181;0;21.7;8.0;0.0
08;2021-04-19;1128;312;0;58846;21493;0;22.2;8.1;0.0
08;2021-04-20;1085;572;0;59931;22065;0;22.6;8.3;0.0
08;2021-04-21;1105;768;0;61036;22833;0;23.0;8.6;0.0
08;2021-04-22;1260;885;0;62296;23718;0;23.5;8.9;0.0
08;2021-04-23;1606;1166;0;63902;24884;0;24.1;9.4;0.0
08;2021-04-24;1232;637;0;65134;25521;0;24.5;9.6;0.0
08;2021-04-25;32;204;0;65166;25725;0;24.5;9.7;0.0
08;2021-04-26;946;162;0;66112;25887;0;24.9;9.7;0.0
08;2021-04-27;1258;607;0;67370;26494;0;25.4;10.0;0.0
08;2021-04-28;1370;697;0;68740;27191;0;25.9;10.2;0.0
08;2021-04-29;1104;1304;0;69844;28495;0;26.3;10.7;0.0
08;2021-04-30;1676;1592;0;71520;30087;0;26.9;11.3;0.0
08;2021-05-01;928;475;0;72448;30562;0;27.3;11.5;0.0
08;2021-05-02;581;179;0;73029;30741;0;27.5;11.6;0.0
08;2021-05-03;1094;383;0;74123;31124;0;27.9;11.7;0.0
08;2021-05-04;1270;878;0;75393;32002;0;28.4;12.1;0.0
08;2021-05-05;1514;1314;0;76907;33316;0;29.0;12.5;0.0
08;2021-05-06;1838;1646;0;78745;34962;0;29.7;13.2;0.0
08;2021-05-07;1812;2052;0;80557;37014;0;30.3;13.9;0.0
08;2021-05-08;882;759;0;81439;37773;0;30.7;14.2;0.0
08;2021-05-09;414;59;0;81853;37832;0;30.8;14.2;0.0
08;2021-05-10;1162;666;0;83015;38498;0;31.3;14.5;0.0
08;2021-05-11;1836;966;0;84851;39464;0;32.0;14.9;0.0
08;2021-05-12;1727;1241;0;86578;40705;0;32.6;15.3;0.0
08;2021-05-13;1267;596;0;87845;41301;0;33.1;15.6;0.0
08;2021-05-14;2426;1009;0;90271;42310;0;34.0;15.9;0.0
08;2021-05-15;1738;698;0;92009;43008;0;34.7;16.2;0.0
08;2021-05-16;795;94;0;92804;43102;0;35.0;16.2;0.0
08;2021-05-17;668;885;0;93472;43987;0;35.2;16.6;0.0
08;2021-05-18;1249;837;0;94721;44824;0;35.7;16.9;0.0
08;2021-05-19;1512;958;0;96233;45782;0;36.2;17.2;0.0
08;2021-05-20;1956;949;0;98189;46731;0;37.0;17.6;0.0
08;2021-05-21;2192;1246;0;100381;47977;0;37.8;18.1;0.0
08;2021-05-22;1749;748;0;102130;48725;0;38.5;18.4;0.0
08;2021-05-23;856;89;0;102986;48814;0;38.8;18.4;0.0
08;2021-05-24;747;111;0;103733;48925;0;39.1;18.4;0.0
08;2021-05-25;1316;677;0;105049;49602;0;39.6;18.7;0.0
08;2021-05-26;1433;1022;0;106482;50624;0;40.1;19.1;0.0
08;2021-05-27;1817;1102;0;108299;51726;0;40.8;19.5;0.0
08;2021-05-28;1877;1807;0;110176;53533;0;41.5;20.2;0.0
08;2021-05-29;1582;937;0;111758;54470;0;42.1;20.5;0.0
08;2021-05-30;807;104;0;112565;54574;0;42.4;20.6;0.0
08;2021-05-31;715;555;0;113280;55129;0;42.7;20.8;0.0
08;2021-06-01;1319;889;0;114599;56018;0;43.2;21.1;0.0
08;2021-06-02;1328;1170;0;115927;57188;0;43.7;21.5;0.0
08;2021-06-03;1356;1485;0;117283;58673;0;44.2;22.1;0.0
08;2021-06-04;1719;2338;0;119002;61011;0;44.8;23.0;0.0
08;2021-06-05;1158;1288;0;120160;62299;0;45.3;23.5;0.0
08;2021-06-06;899;105;0;121059;62404;0;45.6;23.5;0.0
08;2021-06-07;701;1113;0;121760;63517;0;45.9;23.9;0.0
08;2021-06-08;923;1445;0;122683;64962;0;46.2;24.5;0.0
08;2021-06-09;867;1359;0;123550;66321;0;46.5;25.0;0.0
08;2021-06-10;1620;1485;0;125170;67806;0;47.1;25.5;0.0
08;2021-06-11;1672;2126;0;126842;69932;0;47.8;26.3;0.0
08;2021-06-12;1275;1428;0;128117;71360;0;48.2;26.9;0.0
08;2021-06-13;388;590;0;128505;71950;0;48.4;27.1;0.0
08;2021-06-14;398;1258;0;128903;73208;0;48.5;27.6;0.0
08;2021-06-15;781;1509;0;129684;74717;0;48.8;28.1;0.0
08;2021-06-16;815;2020;0;130499;76737;0;49.1;28.9;0.0
08;2021-06-17;1260;1784;0;131759;78521;0;49.6;29.6;0.0
08;2021-06-18;1536;2538;0;133295;81059;0;50.2;30.5;0.0
08;2021-06-19;1246;1343;0;134541;82402;0;50.7;31.0;0.0
08;2021-06-20;123;403;0;134664;82805;0;50.7;31.2;0.0
08;2021-06-21;496;1341;0;135160;84146;0;50.9;31.7;0.0
08;2021-06-22;821;1973;0;135981;86119;0;51.2;32.4;0.0
08;2021-06-23;906;1636;0;136887;87755;0;51.6;33.0;0.0
08;2021-06-24;991;1866;0;137878;89621;0;51.9;33.8;0.0
08;2021-06-25;1042;2651;0;138920;92272;0;52.3;34.7;0.0
08;2021-06-26;959;1753;0;139879;94025;0;52.7;35.4;0.0
08;2021-06-27;346;648;0;140225;94673;0;52.8;35.7;0.0
08;2021-06-28;403;1316;0;140628;95989;0;53.0;36.1;0.0
08;2021-06-29;619;1410;0;141247;97399;0;53.2;36.7;0.0
08;2021-06-30;838;1612;0;142085;99011;0;53.5;37.3;0.0
08;2021-07-01;850;2064;0;142935;101075;0;53.8;38.1;0.0
08;2021-07-02;912;2550;0;143847;103625;0;54.2;39.0;0.0
08;2021-07-03;725;2021;0;144572;105646;0;54.4;39.8;0.0
08;2021-07-04;142;850;0;144714;106496;0;54.5;40.1;0.0
08;2021-07-05;117;1188;0;144831;107684;0;54.5;40.6;0.0
08;2021-07-06;447;1707;2;145278;109391;2;54.7;41.2;0.0
08;2021-07-07;408;1728;0;145686;111119;2;54.9;41.8;0.0
08;2021-07-08;671;1839;0;146357;112958;2;55.1;42.5;0.0
08;2021-07-09;728;2371;0;147085;115329;2;55.4;43.4;0.0
08;2021-07-10;611;1850;0;147696;117179;2;55.6;44.1;0.0
08;2021-07-11;236;721;0;147932;117900;2;55.7;44.4;0.0
08;2021-07-12;333;1204;0;148265;119104;2;55.8;44.9;0.0
08;2021-07-13;943;1775;0;149208;120879;2;56.2;45.5;0.0
08;2021-07-14;224;369;0;149432;121248;2;56.3;45.7;0.0
08;2021-07-15;814;2411;0;150246;123659;2;56.6;46.6;0.0
08;2021-07-16;1079;2352;0;151325;126011;2;57.0;47.5;0.0
08;2021-07-17;1030;2021;0;152355;128032;2;57.4;48.2;0.0
08;2021-07-18;349;734;0;152704;128766;2;57.5;48.5;0.0
08;2021-07-19;515;943;0;153219;129709;2;57.7;48.8;0.0
08;2021-07-20;971;1505;0;154190;131214;2;58.1;49.4;0.0
08;2021-07-21;1315;1736;0;155505;132950;2;58.6;50.1;0.0
08;2021-07-22;1308;2088;1;156813;135038;3;59.1;50.9;0.0
08;2021-07-23;1616;2418;0;158429;137456;3;59.7;51.8;0.0
08;2021-07-24;1378;1860;0;159807;139316;3;60.2;52.5;0.0
08;2021-07-25;782;458;0;160589;139774;3;60.5;52.6;0.0
08;2021-07-26;1352;879;0;161941;140653;3;61.0;53.0;0.0
08;2021-07-27;2142;1422;0;164083;142075;3;61.8;53.5;0.0
08;2021-07-28;2346;1487;0;166429;143562;3;62.7;54.1;0.0
08;2021-07-29;2525;1312;0;168954;144874;3;63.6;54.6;0.0
08;2021-07-30;2507;1542;0;171461;146416;3;64.6;55.1;0.0
08;2021-07-31;1875;1030;0;173336;147446;3;65.3;55.5;0.0
08;2021-08-01;899;303;0;174235;147749;3;65.6;55.6;0.0
08;2021-08-02;1266;693;0;175501;148442;3;66.1;55.9;0.0
08;2021-08-03;1659;848;0;177160;149290;3;66.7;56.2;0.0
08;2021-08-04;1514;662;0;178674;149952;3;67.3;56.5;0.0
08;2021-08-05;1813;953;0;180487;150905;3;68.0;56.8;0.0
08;2021-08-06;2414;1110;1;182901;152015;4;68.9;57.2;0.0
08;2021-08-07;1530;1115;0;184431;153130;4;69.5;57.7;0.0
08;2021-08-08;557;370;0;184988;153500;4;69.7;57.8;0.0
08;2021-08-09;680;573;0;185668;154073;4;69.9;58.0;0.0
08;2021-08-10;877;800;0;186545;154873;4;70.3;58.3;0.0
08;2021-08-11;576;834;0;187121;155707;4;70.5;58.6;0.0
08;2021-08-12;1033;1068;0;188154;156775;4;70.9;59.0;0.0
08;2021-08-13;1113;1053;0;189267;157828;4;71.3;59.4;0.0
08;2021-08-14;564;902;0;189831;158730;4;71.5;59.8;0.0
08;2021-08-15;138;262;0;189969;158992;4;71.5;59.9;0.0
08;2021-08-16;241;1256;0;190210;160248;4;71.6;60.4;0.0
08;2021-08-17;521;1263;0;190731;161511;4;71.8;60.8;0.0
08;2021-08-18;329;1319;0;191060;162830;4;72.0;61.3;0.0
08;2021-08-19;588;1826;0;191648;164656;4;72.2;62.0;0.0
08;2021-08-20;677;2177;0;192325;166833;4;72.4;62.8;0.0
08;2021-08-21;266;1329;0;192591;168162;4;72.5;63.3;0.0
08;2021-08-22;107;863;0;192698;169025;4;72.6;63.7;0.0
08;2021-08-23;181;1478;0;192879;170503;4;72.6;64.2;0.0
08;2021-08-24;390;1779;0;193269;172282;4;72.8;64.9;0.0
08;2021-08-25;327;1295;0;193596;173577;4;72.9;65.4;0.0
08;2021-08-26;484;1989;0;194080;175566;4;73.1;66.1;0.0
08;2021-08-27;444;2208;0;194524;177774;4;73.3;67.0;0.0
08;2021-08-28;265;1326;0;194789;179100;4;73.4;67.4;0.0
08;2021-08-29;163;557;0;194952;179657;4;73.4;67.7;0.0
08;2021-08-30;321;1213;11;195273;180870;15;73.5;68.1;0.0
08;2021-08-31;351;1249;42;195624;182119;57;73.7;68.6;0.0
08;2021-09-01;434;1237;115;196058;183356;172;73.8;69.1;0.1
08;2021-09-02;466;1088;148;196524;184444;320;74.0;69.5;0.1
08;2021-09-03;464;1528;149;196988;185972;469;74.2;70.0;0.2
08;2021-09-04;332;1299;55;197320;187271;524;74.3;70.5;0.2
08;2021-09-05;105;165;34;197425;187436;558;74.4;70.6;0.2
08;2021-09-06;187;387;131;197612;187823;689;74.4;70.7;0.3
08;2021-09-07;205;485;149;197817;188308;838;74.5;70.9;0.3
08;2021-09-08;261;517;112;198078;188825;950;74.6;71.1;0.4
08;2021-09-09;316;580;161;198394;189405;1111;74.7;71.3;0.4
08;2021-09-10;479;761;280;198873;190166;1391;74.9;71.6;0.5
08;2021-09-11;348;686;126;199221;190852;1517;75.0;71.9;0.6
08;2021-09-12;48;69;21;199269;190921;1538;75.0;71.9;0.6
08;2021-09-13;357;179;99;199626;191100;1637;75.2;72.0;0.6
08;2021-09-14;236;276;141;199862;191376;1778;75.3;72.1;0.7
08;2021-09-15;230;340;260;200092;191716;2038;75.4;72.2;0.8
08;2021-09-16;215;409;236;200307;192125;2274;75.4;72.4;0.9
08;2021-09-17;313;500;347;200620;192625;2621;75.6;72.5;1.0
08;2021-09-18;175;441;186;200795;193066;2807;75.6;72.7;1.1
08;2021-09-19;24;85;6;200819;193151;2813;75.6;72.7;1.1
08;2021-09-20;62;230;180;200881;193381;2993;75.7;72.8;1.1
08;2021-09-21;120;269;299;201001;193650;3292;75.7;72.9;1.2
08;2021-09-22;132;376;293;201133;194026;3585;75.7;73.1;1.4
08;2021-09-23;170;375;309;201303;194401;3894;75.8;73.2;1.5
08;2021-09-24;164;525;411;201467;194926;4305;75.9;73.4;1.6
08;2021-09-25;105;404;161;201572;195330;4466;75.9;73.6;1.7
08;2021-09-26;20;101;11;201592;195431;4477;75.9;73.6;1.7
08;2021-09-27;48;207;178;201640;195638;4655;75.9;73.7;1.8
08;2021-09-28;80;220;239;201720;195858;4894;76.0;73.8;1.8
08;2021-09-29;114;321;238;201834;196179;5132;76.0;73.9;1.9
08;2021-09-30;143;345;251;201977;196524;5383;76.1;74.0;2.0
08;2021-10-01;171;470;389;202148;196994;5772;76.1;74.2;2.2
08;2021-10-02;133;284;169;202281;197278;5941;76.2;74.3;2.2
08;2021-10-03;24;68;17;202305;197346;5958;76.2;74.3;2.2
08;2021-10-04;79;330;141;202384;197676;6099;76.2;74.4;2.3
08;2021-10-05;78;178;279;202462;197854;6378;76.2;74.5;2.4
08;2021-10-06;96;237;250;202558;198091;6628;76.3;74.6;2.5
08;2021-10-07;100;181;303;202658;198272;6931;76.3;74.7;2.6
08;2021-10-08;157;339;496;202815;198611;7427;76.4;74.8;2.8
08;2021-10-09;128;315;279;202943;198926;7706;76.4;74.9;2.9
08;2021-10-10;32;44;30;202975;198970;7736;76.4;74.9;2.9
08;2021-10-11;59;87;263;203034;199057;7999;76.5;75.0;3.0
08;2021-10-12;79;137;260;203113;199194;8259;76.5;75.0;3.1
08;2021-10-13;112;165;225;203225;199359;8484;76.5;75.1;3.2
08;2021-10-14;60;170;294;203285;199529;8778;76.6;75.1;3.3
08;2021-10-15;211;286;705;203496;199815;9483;76.6;75.3;3.6
08;2021-10-16;72;118;238;203568;199933;9721;76.7;75.3;3.7
08;2021-10-17;34;28;28;203602;199961;9749;76.7;75.3;3.7
08;2021-10-18;78;68;275;203680;200029;10024;76.7;75.3;3.8
08;2021-10-19;60;73;324;203740;200102;10348;76.7;75.4;3.9
08;2021-10-20;109;144;497;203849;200246;10845;76.8;75.4;4.1
08;2021-10-21;72;85;365;203921;200331;11210;76.8;75.4;4.2
08;2021-10-22;141;197;578;204062;200528;11788;76.9;75.5;4.4
08;2021-10-23;69;148;281;204131;200676;12069;76.9;75.6;4.5
08;2021-10-24;20;37;39;204151;200713;12108;76.9;75.6;4.6
08;2021-10-25;67;64;268;204218;200777;12376;76.9;75.6;4.7
08;2021-10-26;82;73;384;204300;200850;12760;76.9;75.6;4.8
08;2021-10-27;79;104;401;204379;200954;13161;77.0;75.7;5.0
08;2021-10-28;84;85;471;204463;201039;13632;77.0;75.7;5.1
08;2021-10-29;147;168;704;204610;201207;14336;77.1;75.8;5.4
08;2021-10-30;54;71;242;204664;201278;14578;77.1;75.8;5.5
08;2021-10-31;15;29;66;204679;201307;14644;77.1;75.8;5.5
08;2021-11-01;2;1;3;204681;201308;14647;77.1;75.8;5.5
08;2021-11-02;66;114;463;204747;201422;15110;77.1;75.9;5.7
08;2021-11-03;76;100;459;204823;201522;15569;77.1;75.9;5.9
08;2021-11-04;72;81;499;204895;201603;16068;77.2;75.9;6.1
08;2021-11-05;84;191;752;204979;201794;16820;77.2;76.0;6.3
08;2021-11-06;68;96;396;205047;201890;17216;77.2;76.0;6.5
08;2021-11-07;10;34;47;205057;201924;17263;77.2;76.0;6.5
08;2021-11-08;36;71;308;205093;201995;17571;77.2;76.1;6.6
08;2021-11-09;76;104;658;205169;202099;18229;77.3;76.1;6.9
08;2021-11-10;81;141;761;205250;202240;18990;77.3;76.2;7.2
08;2021-11-11;3;4;27;205253;202244;19017;77.3;76.2;7.2
08;2021-11-12;133;185;1071;205386;202429;20088;77.3;76.2;7.6
08;2021-11-13;46;61;418;205432;202490;20506;77.4;76.3;7.7
08;2021-11-14;11;17;72;205443;202507;20578;77.4;76.3;7.7
08;2021-11-15;32;68;466;205475;202575;21044;77.4;76.3;7.9
08;2021-11-16;51;77;761;205526;202652;21805;77.4;76.3;8.2
08;2021-11-17;56;86;580;205582;202738;22385;77.4;76.4;8.4
08;2021-11-18;59;112;934;205641;202850;23319;77.4;76.4;8.8
08;2021-11-19;118;197;1368;205759;203047;24687;77.5;76.5;9.3
08;2021-11-20;60;62;534;205819;203109;25221;77.5;76.5;9.5
08;2021-11-21;21;19;100;205840;203128;25321;77.5;76.5;9.5
08;2021-11-22;44;30;530;205884;203158;25851;77.5;76.5;9.7
08;2021-11-23;80;64;884;205964;203222;26735;77.6;76.5;10.1
08;2021-11-24;68;108;837;206032;203330;27572;77.6;76.6;10.4
08;2021-11-25;72;83;1196;206104;203413;28768;77.6;76.6;10.8
08;2021-11-26;142;141;2128;206246;203554;30896;77.7;76.7;11.6
08;2021-11-27;84;65;903;206330;203619;31799;77.7;76.7;12.0
08;2021-11-28;23;21;287;206353;203640;32086;77.7;76.7;12.1
08;2021-11-29;46;33;985;206399;203673;33071;77.7;76.7;12.5
08;2021-11-30;81;84;1816;206480;203757;34887;77.8;76.7;13.1
08;2021-12-01;79;79;1892;206559;203836;36779;77.8;76.8;13.9
08;2021-12-02;66;44;2401;206625;203880;39180;77.8;76.8;14.8
08;2021-12-03;120;151;2991;206745;204031;42171;77.9;76.8;15.9
08;2021-12-04;59;73;1589;206804;204104;43760;77.9;76.9;16.5
08;2021-12-05;12;16;369;206816;204120;44129;77.9;76.9;16.6
08;2021-12-06;29;59;1554;206845;204179;45683;77.9;76.9;17.2
08;2021-12-07;75;69;2585;206920;204248;48268;77.9;76.9;18.2
08;2021-12-08;52;74;1844;206972;204322;50112;77.9;76.9;18.9
08;2021-12-09;60;75;2824;207032;204397;52936;78.0;77.0;19.9
09;2020-12-27;0;0;0;0;0;0;0.0;0.0;0.0
09;2020-12-28;1;0;0;1;0;0;0.0;0.0;0.0
09;2020-12-29;0;0;0;1;0;0;0.0;0.0;0.0
09;2020-12-30;0;0;0;1;0;0;0.0;0.0;0.0
09;2020-12-31;0;0;0;1;0;0;0.0;0.0;0.0
09;2021-01-01;0;0;0;1;0;0;0.0;0.0;0.0
09;2021-01-02;0;0;0;1;0;0;0.0;0.0;0.0
09;2021-01-03;0;0;0;1;0;0;0.0;0.0;0.0
09;2021-01-04;1;0;0;2;0;0;0.0;0.0;0.0
09;2021-01-05;1;0;0;3;0;0;0.0;0.0;0.0
09;2021-01-06;3;0;0;6;0;0;0.0;0.0;0.0
09;2021-01-07;231;2;0;237;2;0;0.2;0.0;0.0
09;2021-01-08;196;0;0;433;2;0;0.3;0.0;0.0
09;2021-01-09;88;0;0;521;2;0;0.3;0.0;0.0
09;2021-01-10;55;0;0;576;2;0;0.4;0.0;0.0
09;2021-01-11;177;0;0;753;2;0;0.5;0.0;0.0
09;2021-01-12;282;0;0;1035;2;0;0.7;0.0;0.0
09;2021-01-13;191;0;0;1226;2;0;0.8;0.0;0.0
09;2021-01-14;431;6;0;1657;8;0;1.1;0.0;0.0
09;2021-01-15;223;2;0;1880;10;0;1.2;0.0;0.0
09;2021-01-16;168;2;0;2048;12;0;1.3;0.0;0.0
09;2021-01-17;93;0;0;2141;12;0;1.4;0.0;0.0
09;2021-01-18;272;1;0;2413;13;0;1.6;0.0;0.0
09;2021-01-19;261;1;0;2674;14;0;1.8;0.0;0.0
09;2021-01-20;368;2;0;3042;16;0;2.0;0.0;0.0
09;2021-01-21;325;1;0;3367;17;0;2.2;0.0;0.0
09;2021-01-22;349;1;0;3716;18;0;2.4;0.0;0.0
09;2021-01-23;212;0;0;3928;18;0;2.6;0.0;0.0
09;2021-01-24;73;1;0;4001;19;0;2.6;0.0;0.0
09;2021-01-25;206;9;0;4207;28;0;2.8;0.0;0.0
09;2021-01-26;570;26;0;4777;54;0;3.1;0.0;0.0
09;2021-01-27;407;41;0;5184;95;0;3.4;0.1;0.0
09;2021-01-28;310;188;0;5494;283;0;3.6;0.2;0.0
09;2021-01-29;233;112;0;5727;395;0;3.8;0.3;0.0
09;2021-01-30;141;52;0;5868;447;0;3.9;0.3;0.0
09;2021-01-31;43;10;0;5911;457;0;3.9;0.3;0.0
09;2021-02-01;90;129;0;6001;586;0;3.9;0.4;0.0
09;2021-02-02;75;280;0;6076;866;0;4.0;0.6;0.0
09;2021-02-03;90;182;0;6166;1048;0;4.0;0.7;0.0
09;2021-02-04;59;304;0;6225;1352;0;4.1;0.9;0.0
09;2021-02-05;92;148;0;6317;1500;0;4.1;1.0;0.0
09;2021-02-06;72;47;0;6389;1547;0;4.2;1.0;0.0
09;2021-02-07;9;56;0;6398;1603;0;4.2;1.1;0.0
09;2021-02-08;35;203;0;6433;1806;0;4.2;1.2;0.0
09;2021-02-09;56;283;0;6489;2089;0;4.3;1.4;0.0
09;2021-02-10;33;210;0;6522;2299;0;4.3;1.5;0.0
09;2021-02-11;36;216;0;6558;2515;0;4.3;1.7;0.0
09;2021-02-12;140;184;0;6698;2699;0;4.4;1.8;0.0
09;2021-02-13;8;131;0;6706;2830;0;4.4;1.9;0.0
09;2021-02-14;0;46;0;6706;2876;0;4.4;1.9;0.0
09;2021-02-15;69;137;0;6775;3013;0;4.4;2.0;0.0
09;2021-02-16;206;469;0;6981;3482;0;4.6;2.3;0.0
09;2021-02-17;94;319;0;7075;3801;0;4.6;2.5;0.0
09;2021-02-18;91;434;0;7166;4235;0;4.7;2.8;0.0
09;2021-02-19;54;271;0;7220;4506;0;4.7;3.0;0.0
09;2021-02-20;44;172;0;7264;4678;0;4.8;3.1;0.0
09;2021-02-21;0;46;0;7264;4724;0;4.8;3.1;0.0
09;2021-02-22;119;226;0;7383;4950;0;4.8;3.2;0.0
09;2021-02-23;152;162;0;7535;5112;0;4.9;3.4;0.0
09;2021-02-24;80;180;0;7615;5292;0;5.0;3.5;0.0
09;2021-02-25;206;175;0;7821;5467;0;5.1;3.6;0.0
09;2021-02-26;146;167;0;7967;5634;0;5.2;3.7;0.0
09;2021-02-27;56;68;0;8023;5702;0;5.3;3.7;0.0
09;2021-02-28;25;15;0;8048;5717;0;5.3;3.8;0.0
09;2021-03-01;220;94;0;8268;5811;0;5.4;3.8;0.0
09;2021-03-02;261;87;0;8529;5898;0;5.6;3.9;0.0
09;2021-03-03;215;122;0;8744;6020;0;5.7;4.0;0.0
09;2021-03-04;374;49;0;9118;6069;0;6.0;4.0;0.0
09;2021-03-05;316;75;0;9434;6144;0;6.2;4.0;0.0
09;2021-03-06;352;39;0;9786;6183;0;6.4;4.1;0.0
09;2021-03-07;128;4;0;9914;6187;0;6.5;4.1;0.0
09;2021-03-08;327;68;0;10241;6255;0;6.7;4.1;0.0
09;2021-03-09;418;144;0;10659;6399;0;7.0;4.2;0.0
09;2021-03-10;523;82;0;11182;6481;0;7.3;4.3;0.0
09;2021-03-11;646;91;0;11828;6572;0;7.8;4.3;0.0
09;2021-03-12;627;35;0;12455;6607;0;8.2;4.3;0.0
09;2021-03-13;359;2;0;12814;6609;0;8.4;4.3;0.0
09;2021-03-14;101;5;0;12915;6614;0;8.5;4.3;0.0
09;2021-03-15;414;53;0;13329;6667;0;8.7;4.4;0.0
09;2021-03-16;313;89;0;13642;6756;0;9.0;4.4;0.0
09;2021-03-17;327;76;0;13969;6832;0;9.2;4.5;0.0
09;2021-03-18;390;39;0;14359;6871;0;9.4;4.5;0.0
09;2021-03-19;479;53;0;14838;6924;0;9.7;4.5;0.0
09;2021-03-20;281;37;0;15119;6961;0;9.9;4.6;0.0
09;2021-03-21;79;0;0;15198;6961;0;10.0;4.6;0.0
09;2021-03-22;373;115;0;15571;7076;0;10.2;4.6;0.0
09;2021-03-23;506;156;0;16077;7232;0;10.5;4.7;0.0
09;2021-03-24;664;39;0;16741;7271;0;11.0;4.8;0.0
09;2021-03-25;797;126;0;17538;7397;0;11.5;4.9;0.0
09;2021-03-26;692;41;0;18230;7438;0;12.0;4.9;0.0
09;2021-03-27;540;65;0;18770;7503;0;12.3;4.9;0.0
09;2021-03-28;122;15;0;18892;7518;0;12.4;4.9;0.0
09;2021-03-29;491;233;0;19383;7751;0;12.7;5.1;0.0
09;2021-03-30;784;145;0;20167;7896;0;13.2;5.2;0.0
09;2021-03-31;728;167;0;20895;8063;0;13.7;5.3;0.0
09;2021-04-01;695;226;0;21590;8289;0;14.2;5.4;0.0
09;2021-04-02;618;234;0;22208;8523;0;14.6;5.6;0.0
09;2021-04-03;604;90;0;22812;8613;0;15.0;5.7;0.0
09;2021-04-04;122;51;0;22934;8664;0;15.0;5.7;0.0
09;2021-04-05;207;57;0;23141;8721;0;15.2;5.7;0.0
09;2021-04-06;878;356;0;24019;9077;0;15.8;6.0;0.0
09;2021-04-07;970;321;0;24989;9398;0;16.4;6.2;0.0
09;2021-04-08;1223;374;0;26212;9772;0;17.2;6.4;0.0
09;2021-04-09;1003;352;0;27215;10124;0;17.9;6.6;0.0
09;2021-04-10;989;154;0;28204;10278;0;18.5;6.7;0.0
09;2021-04-11;169;87;0;28373;10365;0;18.6;6.8;0.0
09;2021-04-12;629;299;0;29002;10664;0;19.0;7.0;0.0
09;2021-04-13;914;369;0;29916;11033;0;19.6;7.2;0.0
09;2021-04-14;1122;419;0;31038;11452;0;20.4;7.5;0.0
09;2021-04-15;989;441;0;32027;11893;0;21.0;7.8;0.0
09;2021-04-16;867;364;0;32894;12257;0;21.6;8.0;0.0
09;2021-04-17;966;285;0;33860;12542;0;22.2;8.2;0.0
09;2021-04-18;96;85;0;33956;12627;0;22.3;8.3;0.0
09;2021-04-19;620;354;0;34576;12981;0;22.7;8.5;0.0
09;2021-04-20;738;479;0;35314;13460;0;23.2;8.8;0.0
09;2021-04-21;811;519;0;36125;13979;0;23.7;9.2;0.0
09;2021-04-22;596;534;0;36721;14513;0;24.1;9.5;0.0
09;2021-04-23;715;388;0;37436;14901;0;24.6;9.8;0.0
09;2021-04-24;617;542;0;38053;15443;0;25.0;10.1;0.0
09;2021-04-25;74;112;0;38127;15555;0;25.0;10.2;0.0
09;2021-04-26;381;475;0;38508;16030;0;25.3;10.5;0.0
09;2021-04-27;423;638;0;38931;16668;0;25.5;10.9;0.0
09;2021-04-28;744;687;0;39675;17355;0;26.0;11.4;0.0
09;2021-04-29;539;691;0;40214;18046;0;26.4;11.8;0.0
09;2021-04-30;589;558;0;40803;18604;0;26.8;12.2;0.0
09;2021-05-01;388;313;0;41191;18917;0;27.0;12.4;0.0
09;2021-05-02;59;100;0;41250;19017;0;27.1;12.5;0.0
09;2021-05-03;507;575;0;41757;19592;0;27.4;12.9;0.0
09;2021-05-04;531;1071;0;42288;20663;0;27.7;13.6;0.0
09;2021-05-05;709;984;0;42997;21647;0;28.2;14.2;0.0
09;2021-05-06;759;880;0;43756;22527;0;28.7;14.8;0.0
09;2021-05-07;858;669;0;44614;23196;0;29.3;15.2;0.0
09;2021-05-08;326;349;0;44940;23545;0;29.5;15.4;0.0
09;2021-05-09;197;87;0;45137;23632;0;29.6;15.5;0.0
09;2021-05-10;444;806;0;45581;24438;0;29.9;16.0;0.0
09;2021-05-11;645;883;0;46226;25321;0;30.3;16.6;0.0
09;2021-05-12;1146;1127;0;47372;26448;0;31.1;17.4;0.0
09;2021-05-13;896;323;0;48268;26771;0;31.7;17.6;0.0
09;2021-05-14;688;534;0;48956;27305;0;32.1;17.9;0.0
09;2021-05-15;784;553;0;49740;27858;0;32.6;18.3;0.0
09;2021-05-16;165;44;0;49905;27902;0;32.7;18.3;0.0
09;2021-05-17;597;384;0;50502;28286;0;33.1;18.6;0.0
09;2021-05-18;1004;399;0;51506;28685;0;33.8;18.8;0.0
09;2021-05-19;1067;348;0;52573;29033;0;34.5;19.1;0.0
09;2021-05-20;983;382;0;53556;29415;0;35.1;19.3;0.0
09;2021-05-21;764;429;0;54320;29844;0;35.6;19.6;0.0
09;2021-05-22;908;297;0;55228;30141;0;36.2;19.8;0.0
09;2021-05-23;117;17;0;55345;30158;0;36.3;19.8;0.0
09;2021-05-24;119;81;0;55464;30239;0;36.4;19.8;0.0
09;2021-05-25;758;478;0;56222;30717;0;36.9;20.2;0.0
09;2021-05-26;809;422;0;57031;31139;0;37.4;20.4;0.0
09;2021-05-27;596;365;0;57627;31504;0;37.8;20.7;0.0
09;2021-05-28;619;470;0;58246;31974;0;38.2;21.0;0.0
09;2021-05-29;820;536;0;59066;32510;0;38.8;21.3;0.0
09;2021-05-30;265;180;0;59331;32690;0;38.9;21.5;0.0
09;2021-05-31;438;558;0;59769;33248;0;39.2;21.8;0.0
09;2021-06-01;713;620;0;60482;33868;0;39.7;22.2;0.0
09;2021-06-02;796;785;0;61278;34653;0;40.2;22.7;0.0
09;2021-06-03;594;637;0;61872;35290;0;40.6;23.2;0.0
09;2021-06-04;707;754;0;62579;36044;0;41.1;23.7;0.0
09;2021-06-05;794;733;0;63373;36777;0;41.6;24.1;0.0
09;2021-06-06;179;92;0;63552;36869;0;41.7;24.2;0.0
09;2021-06-07;499;504;0;64051;37373;0;42.0;24.5;0.0
09;2021-06-08;713;488;0;64764;37861;0;42.5;24.8;0.0
09;2021-06-09;581;717;0;65345;38578;0;42.9;25.3;0.0
09;2021-06-10;507;540;0;65852;39118;0;43.2;25.7;0.0
09;2021-06-11;688;705;0;66540;39823;0;43.7;26.1;0.0
09;2021-06-12;429;604;0;66969;40427;0;43.9;26.5;0.0
09;2021-06-13;93;127;0;67062;40554;0;44.0;26.6;0.0
09;2021-06-14;500;660;0;67562;41214;0;44.3;27.0;0.0
09;2021-06-15;699;865;0;68261;42079;0;44.8;27.6;0.0
09;2021-06-16;476;876;0;68737;42955;0;45.1;28.2;0.0
09;2021-06-17;596;692;0;69333;43647;0;45.5;28.6;0.0
09;2021-06-18;524;974;0;69857;44621;0;45.8;29.3;0.0
09;2021-06-19;360;1102;0;70217;45723;0;46.1;30.0;0.0
09;2021-06-20;24;208;0;70241;45931;0;46.1;30.1;0.0
09;2021-06-21;387;611;0;70628;46542;0;46.3;30.5;0.0
09;2021-06-22;377;876;0;71005;47418;0;46.6;31.1;0.0
09;2021-06-23;324;890;0;71329;48308;0;46.8;31.7;0.0
09;2021-06-24;456;620;0;71785;48928;0;47.1;32.1;0.0
09;2021-06-25;369;780;0;72154;49708;0;47.3;32.6;0.0
09;2021-06-26;326;733;0;72480;50441;0;47.6;33.1;0.0
09;2021-06-27;10;154;0;72490;50595;0;47.6;33.2;0.0
09;2021-06-28;204;750;0;72694;51345;0;47.7;33.7;0.0
09;2021-06-29;255;973;0;72949;52318;0;47.9;34.3;0.0
09;2021-06-30;394;1128;0;73343;53446;0;48.1;35.1;0.0
09;2021-07-01;344;1116;0;73687;54562;0;48.4;35.8;0.0
09;2021-07-02;288;822;0;73975;55384;0;48.5;36.3;0.0
09;2021-07-03;175;979;0;74150;56363;0;48.7;37.0;0.0
09;2021-07-04;15;135;0;74165;56498;0;48.7;37.1;0.0
09;2021-07-05;190;559;0;74355;57057;0;48.8;37.4;0.0
09;2021-07-06;269;984;0;74624;58041;0;49.0;38.1;0.0
09;2021-07-07;347;954;0;74971;58995;0;49.2;38.7;0.0
09;2021-07-08;294;815;0;75265;59810;0;49.4;39.2;0.0
09;2021-07-09;287;825;0;75552;60635;0;49.6;39.8;0.0
09;2021-07-10;261;983;0;75813;61618;0;49.7;40.4;0.0
09;2021-07-11;135;231;0;75948;61849;0;49.8;40.6;0.0
09;2021-07-12;168;785;0;76116;62634;0;49.9;41.1;0.0
09;2021-07-13;607;1004;0;76723;63638;0;50.3;41.8;0.0
09;2021-07-14;402;159;0;77125;63797;0;50.6;41.9;0.0
09;2021-07-15;744;849;0;77869;64646;0;51.1;42.4;0.0
09;2021-07-16;560;988;0;78429;65634;0;51.5;43.1;0.0
09;2021-07-17;751;942;0;79180;66576;0;52.0;43.7;0.0
09;2021-07-18;297;183;0;79477;66759;0;52.2;43.8;0.0
09;2021-07-19;450;786;0;79927;67545;0;52.4;44.3;0.0
09;2021-07-20;724;1033;0;80651;68578;0;52.9;45.0;0.0
09;2021-07-21;849;937;0;81500;69515;0;53.5;45.6;0.0
09;2021-07-22;769;763;0;82269;70278;0;54.0;46.1;0.0
09;2021-07-23;679;748;0;82948;71026;0;54.4;46.6;0.0
09;2021-07-24;792;403;0;83740;71429;0;54.9;46.9;0.0
09;2021-07-25;502;129;0;84242;71558;0;55.3;47.0;0.0
09;2021-07-26;563;637;0;84805;72195;0;55.6;47.4;0.0
09;2021-07-27;1001;790;0;85806;72985;0;56.3;47.9;0.0
09;2021-07-28;967;761;0;86773;73746;0;56.9;48.4;0.0
09;2021-07-29;879;599;0;87652;74345;0;57.5;48.8;0.0
09;2021-07-30;688;528;0;88340;74873;0;58.0;49.1;0.0
09;2021-07-31;1116;335;0;89456;75208;0;58.7;49.3;0.0
09;2021-08-01;151;125;0;89607;75333;0;58.8;49.4;0.0
09;2021-08-02;737;418;0;90344;75751;0;59.3;49.7;0.0
09;2021-08-03;1059;686;0;91403;76437;0;60.0;50.2;0.0
09;2021-08-04;1111;525;0;92514;76962;0;60.7;50.5;0.0
09;2021-08-05;803;559;0;93317;77521;0;61.2;50.9;0.0
09;2021-08-06;862;557;0;94179;78078;0;61.8;51.2;0.0
09;2021-08-07;654;348;0;94833;78426;0;62.2;51.5;0.0
09;2021-08-08;122;152;0;94955;78578;0;62.3;51.6;0.0
09;2021-08-09;562;558;0;95517;79136;0;62.7;51.9;0.0
09;2021-08-10;803;619;0;96320;79755;0;63.2;52.3;0.0
09;2021-08-11;720;731;0;97040;80486;0;63.7;52.8;0.0
09;2021-08-12;527;655;0;97567;81141;0;64.0;53.2;0.0
09;2021-08-13;444;574;0;98011;81715;0;64.3;53.6;0.0
09;2021-08-14;282;674;0;98293;82389;0;64.5;54.1;0.0
09;2021-08-15;58;146;0;98351;82535;0;64.5;54.2;0.0
09;2021-08-16;466;553;0;98817;83088;0;64.8;54.5;0.0
09;2021-08-17;601;673;0;99418;83761;0;65.2;55.0;0.0
09;2021-08-18;502;770;0;99920;84531;0;65.6;55.5;0.0
09;2021-08-19;373;602;0;100293;85133;0;65.8;55.9;0.0
09;2021-08-20;338;675;0;100631;85808;0;66.0;56.3;0.0
09;2021-08-21;268;1118;0;100899;86926;0;66.2;57.0;0.0
09;2021-08-22;62;172;0;100961;87098;0;66.2;57.2;0.0
09;2021-08-23;296;684;0;101257;87782;0;66.4;57.6;0.0
09;2021-08-24;356;834;0;101613;88616;0;66.7;58.1;0.0
09;2021-08-25;225;807;0;101838;89423;0;66.8;58.7;0.0
09;2021-08-26;267;813;0;102105;90236;0;67.0;59.2;0.0
09;2021-08-27;223;688;0;102328;90924;0;67.1;59.7;0.0
09;2021-08-28;227;823;0;102555;91747;0;67.3;60.2;0.0
09;2021-08-29;19;138;0;102574;91885;0;67.3;60.3;0.0
09;2021-08-30;244;629;29;102818;92514;29;67.5;60.7;0.0
09;2021-08-31;286;953;69;103104;93467;98;67.7;61.3;0.1
09;2021-09-01;304;641;182;103408;94108;280;67.9;61.8;0.2
09;2021-09-02;153;443;92;103561;94551;372;68.0;62.0;0.2
09;2021-09-03;220;646;122;103781;95197;494;68.1;62.5;0.3
09;2021-09-04;142;416;58;103923;95613;552;68.2;62.7;0.4
09;2021-09-05;23;77;22;103946;95690;574;68.2;62.8;0.4
09;2021-09-06;165;457;121;104111;96147;695;68.3;63.1;0.5
09;2021-09-07;142;494;139;104253;96641;834;68.4;63.4;0.5
09;2021-09-08;178;696;81;104431;97337;915;68.5;63.9;0.6
09;2021-09-09;150;357;110;104581;97694;1025;68.6;64.1;0.7
09;2021-09-10;126;399;41;104707;98093;1066;68.7;64.4;0.7
09;2021-09-11;114;318;75;104821;98411;1141;68.8;64.6;0.7
09;2021-09-12;18;64;8;104839;98475;1149;68.8;64.6;0.8
09;2021-09-13;133;507;132;104972;98982;1281;68.9;64.9;0.8
09;2021-09-14;142;442;161;105114;99424;1442;69.0;65.2;0.9
09;2021-09-15;168;486;124;105282;99910;1566;69.1;65.6;1.0
09;2021-09-16;119;299;170;105401;100209;1736;69.2;65.8;1.1
09;2021-09-17;153;379;115;105554;100588;1851;69.3;66.0;1.2
09;2021-09-18;110;277;72;105664;100865;1923;69.3;66.2;1.3
09;2021-09-19;1;11;0;105665;100876;1923;69.3;66.2;1.3
09;2021-09-20;63;247;124;105728;101123;2047;69.4;66.4;1.3
09;2021-09-21;86;205;127;105814;101328;2174;69.4;66.5;1.4
09;2021-09-22;144;413;120;105958;101741;2294;69.5;66.8;1.5
09;2021-09-23;73;157;116;106031;101898;2410;69.6;66.9;1.6
09;2021-09-24;110;264;97;106141;102162;2507;69.6;67.0;1.6
09;2021-09-25;38;161;42;106179;102323;2549;69.7;67.1;1.7
09;2021-09-26;1;16;3;106180;102339;2552;69.7;67.2;1.7
09;2021-09-27;66;288;86;106246;102627;2638;69.7;67.3;1.7
09;2021-09-28;76;156;151;106322;102783;2789;69.8;67.4;1.8
09;2021-09-29;82;212;89;106404;102995;2878;69.8;67.6;1.9
09;2021-09-30;44;120;286;106448;103115;3164;69.8;67.7;2.1
09;2021-10-01;89;129;89;106537;103244;3253;69.9;67.7;2.1
09;2021-10-02;61;157;56;106598;103401;3309;69.9;67.8;2.2
09;2021-10-03;1;9;0;106599;103410;3309;69.9;67.9;2.2
09;2021-10-04;67;99;134;106666;103509;3443;70.0;67.9;2.3
09;2021-10-05;60;127;212;106726;103636;3655;70.0;68.0;2.4
09;2021-10-06;117;194;186;106843;103830;3841;70.1;68.1;2.5
09;2021-10-07;60;124;201;106903;103954;4042;70.1;68.2;2.7
09;2021-10-08;103;186;143;107006;104140;4185;70.2;68.3;2.7
09;2021-10-09;46;102;62;107052;104242;4247;70.2;68.4;2.8
09;2021-10-10;0;7;9;107052;104249;4256;70.2;68.4;2.8
09;2021-10-11;59;99;150;107111;104348;4406;70.3;68.5;2.9
09;2021-10-12;51;74;152;107162;104422;4558;70.3;68.5;3.0
09;2021-10-13;86;151;181;107248;104573;4739;70.4;68.6;3.1
09;2021-10-14;51;94;142;107299;104667;4881;70.4;68.7;3.2
09;2021-10-15;73;121;212;107372;104788;5093;70.5;68.8;3.3
09;2021-10-16;66;61;104;107438;104849;5197;70.5;68.8;3.4
09;2021-10-17;3;3;7;107441;104852;5204;70.5;68.8;3.4
09;2021-10-18;44;108;175;107485;104960;5379;70.5;68.9;3.5
09;2021-10-19;50;83;135;107535;105043;5514;70.6;68.9;3.6
09;2021-10-20;79;134;265;107614;105177;5779;70.6;69.0;3.8
09;2021-10-21;54;89;158;107668;105266;5937;70.6;69.1;3.9
09;2021-10-22;51;87;177;107719;105353;6114;70.7;69.1;4.0
09;2021-10-23;42;64;176;107761;105417;6290;70.7;69.2;4.1
09;2021-10-24;0;0;17;107761;105417;6307;70.7;69.2;4.1
09;2021-10-25;43;63;225;107804;105480;6532;70.7;69.2;4.3
09;2021-10-26;44;55;196;107848;105535;6728;70.8;69.2;4.4
09;2021-10-27;57;137;289;107905;105672;7017;70.8;69.3;4.6
09;2021-10-28;61;64;272;107966;105736;7289;70.8;69.4;4.8
09;2021-10-29;72;135;269;108038;105871;7558;70.9;69.5;5.0
09;2021-10-30;27;34;84;108065;105905;7642;70.9;69.5;5.0
09;2021-10-31;1;5;0;108066;105910;7642;70.9;69.5;5.0
09;2021-11-01;9;30;32;108075;105940;7674;70.9;69.5;5.0
09;2021-11-02;41;53;190;108116;105993;7864;70.9;69.6;5.2
09;2021-11-03;60;91;350;108176;106084;8214;71.0;69.6;5.4
09;2021-11-04;49;77;350;108225;106161;8564;71.0;69.7;5.6
09;2021-11-05;60;104;371;108285;106265;8935;71.1;69.7;5.9
09;2021-11-06;58;59;286;108343;106324;9221;71.1;69.8;6.1
09;2021-11-07;5;7;23;108348;106331;9244;71.1;69.8;6.1
09;2021-11-08;43;53;320;108391;106384;9564;71.1;69.8;6.3
09;2021-11-09;61;66;500;108452;106450;10064;71.2;69.8;6.6
09;2021-11-10;65;87;490;108517;106537;10554;71.2;69.9;6.9
09;2021-11-11;6;6;78;108523;106543;10632;71.2;69.9;7.0
09;2021-11-12;46;63;445;108569;106606;11077;71.2;70.0;7.3
09;2021-11-13;24;39;199;108593;106645;11276;71.3;70.0;7.4
09;2021-11-14;0;3;2;108593;106648;11278;71.3;70.0;7.4
09;2021-11-15;37;55;431;108630;106703;11709;71.3;70.0;7.7
09;2021-11-16;33;47;534;108663;106750;12243;71.3;70.0;8.0
09;2021-11-17;69;59;623;108732;106809;12866;71.3;70.1;8.4
09;2021-11-18;33;62;606;108765;106871;13472;71.4;70.1;8.8
09;2021-11-19;56;53;618;108821;106924;14090;71.4;70.2;9.2
09;2021-11-20;61;44;307;108882;106968;14397;71.4;70.2;9.4
09;2021-11-21;0;3;5;108882;106971;14402;71.4;70.2;9.5
09;2021-11-22;47;71;524;108929;107042;14926;71.5;70.2;9.8
09;2021-11-23;77;46;606;109006;107088;15532;71.5;70.3;10.2
09;2021-11-24;60;82;576;109066;107170;16108;71.6;70.3;10.6
09;2021-11-25;58;55;727;109124;107225;16835;71.6;70.4;11.0
09;2021-11-26;80;79;790;109204;107304;17625;71.7;70.4;11.6
09;2021-11-27;45;40;359;109249;107344;17984;71.7;70.4;11.8
09;2021-11-28;3;3;31;109252;107347;18015;71.7;70.4;11.8
09;2021-11-29;56;49;682;109308;107396;18697;71.7;70.5;12.3
09;2021-11-30;75;67;1158;109383;107463;19855;71.8;70.5;13.0
09;2021-12-01;38;56;982;109421;107519;20837;71.8;70.6;13.7
09;2021-12-02;65;46;1295;109486;107565;22132;71.8;70.6;14.5
09;2021-12-03;55;45;1145;109541;107610;23277;71.9;70.6;15.3
09;2021-12-04;43;41;465;109584;107651;23742;71.9;70.6;15.6
09;2021-12-05;2;4;195;109586;107655;23937;71.9;70.6;15.7
09;2021-12-06;39;44;899;109625;107699;24836;71.9;70.7;16.3
09;2021-12-07;53;43;1442;109678;107742;26278;72.0;70.7;17.2
09;2021-12-08;81;64;1330;109759;107806;27608;72.0;70.7;18.1
09;2021-12-09;72;61;1504;109831;107867;29112;72.1;70.8;19.1
10;2020-12-27;0;0;0;0;0;0;0.0;0.0;0.0
10;2020-12-28;0;0;0;0;0;0;0.0;0.0;0.0
10;2020-12-29;0;0;0;0;0;0;0.0;0.0;0.0
10;2020-12-30;0;0;0;0;0;0;0.0;0.0;0.0
10;2020-12-31;0;0;0;0;0;0;0.0;0.0;0.0
10;2021-01-01;0;0;0;0;0;0;0.0;0.0;0.0
10;2021-01-02;1;0;0;1;0;0;0.0;0.0;0.0
10;2021-01-03;0;0;0;1;0;0;0.0;0.0;0.0
10;2021-01-04;0;0;0;1;0;0;0.0;0.0;0.0
10;2021-01-05;2;0;0;3;0;0;0.0;0.0;0.0
10;2021-01-06;1;0;0;4;0;0;0.0;0.0;0.0
10;2021-01-07;77;0;0;81;0;0;0.0;0.0;0.0
10;2021-01-08;237;0;0;318;0;0;0.1;0.0;0.0
10;2021-01-09;2;0;0;320;0;0;0.1;0.0;0.0
10;2021-01-10;1;0;0;321;0;0;0.1;0.0;0.0
10;2021-01-11;112;0;0;433;0;0;0.1;0.0;0.0
10;2021-01-12;182;0;0;615;0;0;0.2;0.0;0.0
10;2021-01-13;307;1;0;922;1;0;0.3;0.0;0.0
10;2021-01-14;368;9;0;1290;10;0;0.4;0.0;0.0
10;2021-01-15;367;3;0;1657;13;0;0.5;0.0;0.0
10;2021-01-16;56;0;0;1713;13;0;0.6;0.0;0.0
10;2021-01-17;0;0;0;1713;13;0;0.6;0.0;0.0
10;2021-01-18;625;3;0;2338;16;0;0.8;0.0;0.0
10;2021-01-19;1317;6;0;3655;22;0;1.2;0.0;0.0
10;2021-01-20;1092;8;0;4747;30;0;1.5;0.0;0.0
10;2021-01-21;1118;2;0;5865;32;0;1.9;0.0;0.0
10;2021-01-22;778;2;0;6643;34;0;2.1;0.0;0.0
10;2021-01-23;313;0;0;6956;34;0;2.2;0.0;0.0
10;2021-01-24;0;0;0;6956;34;0;2.2;0.0;0.0
10;2021-01-25;446;7;0;7402;41;0;2.4;0.0;0.0
10;2021-01-26;492;14;0;7894;55;0;2.5;0.0;0.0
10;2021-01-27;454;15;0;8348;70;0;2.7;0.0;0.0
10;2021-01-28;362;47;0;8710;117;0;2.8;0.0;0.0
10;2021-01-29;417;177;0;9127;294;0;2.9;0.1;0.0
10;2021-01-30;33;0;0;9160;294;0;3.0;0.1;0.0
10;2021-01-31;0;0;0;9160;294;0;3.0;0.1;0.0
10;2021-02-01;397;138;0;9557;432;0;3.1;0.1;0.0
10;2021-02-02;183;147;0;9740;579;0;3.1;0.2;0.0
10;2021-02-03;350;187;0;10090;766;0;3.3;0.2;0.0
10;2021-02-04;342;249;0;10432;1015;0;3.4;0.3;0.0
10;2021-02-05;309;308;0;10741;1323;0;3.5;0.4;0.0
10;2021-02-06;6;37;0;10747;1360;0;3.5;0.4;0.0
10;2021-02-07;0;0;0;10747;1360;0;3.5;0.4;0.0
10;2021-02-08;179;392;0;10926;1752;0;3.5;0.6;0.0
10;2021-02-09;454;574;0;11380;2326;0;3.7;0.8;0.0
10;2021-02-10;631;491;0;12011;2817;0;3.9;0.9;0.0
10;2021-02-11;729;577;0;12740;3394;0;4.1;1.1;0.0
10;2021-02-12;570;500;0;13310;3894;0;4.3;1.3;0.0
10;2021-02-13;34;113;0;13344;4007;0;4.3;1.3;0.0
10;2021-02-14;3;2;0;13347;4009;0;4.3;1.3;0.0
10;2021-02-15;136;444;0;13483;4453;0;4.4;1.4;0.0
10;2021-02-16;111;544;0;13594;4997;0;4.4;1.6;0.0
10;2021-02-17;138;599;0;13732;5596;0;4.4;1.8;0.0
10;2021-02-18;213;557;0;13945;6153;0;4.5;2.0;0.0
10;2021-02-19;190;450;0;14135;6603;0;4.6;2.1;0.0
10;2021-02-20;24;193;0;14159;6796;0;4.6;2.2;0.0
10;2021-02-21;0;0;0;14159;6796;0;4.6;2.2;0.0
10;2021-02-22;83;444;0;14242;7240;0;4.6;2.3;0.0
10;2021-02-23;86;552;0;14328;7792;0;4.6;2.5;0.0
10;2021-02-24;125;376;0;14453;8168;0;4.7;2.6;0.0
10;2021-02-25;340;379;0;14793;8547;0;4.8;2.8;0.0
10;2021-02-26;349;282;0;15142;8829;0;4.9;2.8;0.0
10;2021-02-27;255;124;0;15397;8953;0;5.0;2.9;0.0
10;2021-02-28;0;1;0;15397;8954;0;5.0;2.9;0.0
10;2021-03-01;258;323;0;15655;9277;0;5.1;3.0;0.0
10;2021-03-02;437;352;0;16092;9629;0;5.2;3.1;0.0
10;2021-03-03;465;571;0;16557;10200;0;5.3;3.3;0.0
10;2021-03-04;587;470;0;17144;10670;0;5.5;3.4;0.0
10;2021-03-05;679;270;0;17823;10940;0;5.8;3.5;0.0
10;2021-03-06;922;44;0;18745;10984;0;6.0;3.5;0.0
10;2021-03-07;744;6;0;19489;10990;0;6.3;3.5;0.0
10;2021-03-08;507;434;0;19996;11424;0;6.5;3.7;0.0
10;2021-03-09;644;399;0;20640;11823;0;6.7;3.8;0.0
10;2021-03-10;655;359;0;21295;12182;0;6.9;3.9;0.0
10;2021-03-11;1121;225;0;22416;12407;0;7.2;4.0;0.0
10;2021-03-12;1275;246;0;23691;12653;0;7.6;4.1;0.0
10;2021-03-13;882;33;0;24573;12686;0;7.9;4.1;0.0
10;2021-03-14;1326;20;0;25899;12706;0;8.4;4.1;0.0
10;2021-03-15;807;76;0;26706;12782;0;8.6;4.1;0.0
10;2021-03-16;681;64;0;27387;12846;0;8.8;4.1;0.0
10;2021-03-17;771;67;0;28158;12913;0;9.1;4.2;0.0
10;2021-03-18;832;73;0;28990;12986;0;9.4;4.2;0.0
10;2021-03-19;916;75;0;29906;13061;0;9.6;4.2;0.0
10;2021-03-20;534;16;0;30440;13077;0;9.8;4.2;0.0
10;2021-03-21;1767;43;0;32207;13120;0;10.4;4.2;0.0
10;2021-03-22;816;71;0;33023;13191;0;10.7;4.3;0.0
10;2021-03-23;1181;93;0;34204;13284;0;11.0;4.3;0.0
10;2021-03-24;1272;62;0;35476;13346;0;11.4;4.3;0.0
10;2021-03-25;1604;211;0;37080;13557;0;12.0;4.4;0.0
10;2021-03-26;1379;120;0;38459;13677;0;12.4;4.4;0.0
10;2021-03-27;781;75;0;39240;13752;0;12.7;4.4;0.0
10;2021-03-28;1197;29;0;40437;13781;0;13.0;4.4;0.0
10;2021-03-29;652;304;0;41089;14085;0;13.3;4.5;0.0
10;2021-03-30;915;372;0;42004;14457;0;13.6;4.7;0.0
10;2021-03-31;625;360;0;42629;14817;0;13.8;4.8;0.0
10;2021-04-01;895;666;0;43524;15483;0;14.0;5.0;0.0
10;2021-04-02;1077;582;0;44601;16065;0;14.4;5.2;0.0
10;2021-04-03;560;554;0;45161;16619;0;14.6;5.4;0.0
10;2021-04-04;1746;248;0;46907;16867;0;15.1;5.4;0.0
10;2021-04-05;1731;43;0;48638;16910;0;15.7;5.5;0.0
10;2021-04-06;525;626;0;49163;17536;0;15.9;5.7;0.0
10;2021-04-07;580;524;0;49743;18060;0;16.1;5.8;0.0
10;2021-04-08;1057;582;0;50800;18642;0;16.4;6.0;0.0
10;2021-04-09;1143;582;0;51943;19224;0;16.8;6.2;0.0
10;2021-04-10;1725;343;0;53668;19567;0;17.3;6.3;0.0
10;2021-04-11;70;1224;0;53738;20791;0;17.3;6.7;0.0
10;2021-04-12;984;782;0;54722;21573;0;17.7;7.0;0.0
10;2021-04-13;1460;868;0;56182;22441;0;18.1;7.2;0.0
10;2021-04-14;850;597;0;57032;23038;0;18.4;7.4;0.0
10;2021-04-15;1415;847;0;58447;23885;0;18.9;7.7;0.0
10;2021-04-16;1106;676;0;59553;24561;0;19.2;7.9;0.0
10;2021-04-17;2233;353;0;61786;24914;0;19.9;8.0;0.0
10;2021-04-18;1336;1712;0;63122;26626;0;20.4;8.6;0.0
10;2021-04-19;828;774;0;63950;27400;0;20.6;8.8;0.0
10;2021-04-20;556;950;0;64506;28350;0;20.8;9.1;0.0
10;2021-04-21;614;967;0;65120;29317;0;21.0;9.5;0.0
10;2021-04-22;888;941;0;66008;30258;0;21.3;9.8;0.0
10;2021-04-23;2020;753;0;68028;31011;0;22.0;10.0;0.0
10;2021-04-24;2091;400;0;70119;31411;0;22.6;10.1;0.0
10;2021-04-25;1867;1178;0;71986;32589;0;23.2;10.5;0.0
10;2021-04-26;714;636;0;72700;33225;0;23.5;10.7;0.0
10;2021-04-27;848;544;0;73548;33769;0;23.7;10.9;0.0
10;2021-04-28;861;400;0;74409;34169;0;24.0;11.0;0.0
10;2021-04-29;1435;671;0;75844;34840;0;24.5;11.2;0.0
10;2021-04-30;2083;785;0;77927;35625;0;25.1;11.5;0.0
10;2021-05-01;1846;2039;0;79773;37664;0;25.7;12.2;0.0
10;2021-05-02;1833;1809;0;81606;39473;0;26.3;12.7;0.0
10;2021-05-03;559;475;0;82165;39948;0;26.5;12.9;0.0
10;2021-05-04;1076;1241;0;83241;41189;0;26.9;13.3;0.0
10;2021-05-05;1704;1005;0;84945;42194;0;27.4;13.6;0.0
10;2021-05-06;2195;953;0;87140;43147;0;28.1;13.9;0.0
10;2021-05-07;2152;1105;0;89292;44252;0;28.8;14.3;0.0
10;2021-05-08;2165;892;0;91457;45144;0;29.5;14.6;0.0
10;2021-05-09;1884;106;0;93341;45250;0;30.1;14.6;0.0
10;2021-05-10;531;1092;0;93872;46342;0;30.3;15.0;0.0
10;2021-05-11;1056;1030;0;94928;47372;0;30.6;15.3;0.0
10;2021-05-12;1963;869;0;96891;48241;0;31.3;15.6;0.0
10;2021-05-13;2076;418;0;98967;48659;0;31.9;15.7;0.0
10;2021-05-14;2513;643;0;101480;49302;0;32.7;15.9;0.0
10;2021-05-15;2245;1900;0;103725;51202;0;33.5;16.5;0.0
10;2021-05-16;1885;1350;0;105610;52552;0;34.1;17.0;0.0
10;2021-05-17;1421;445;0;107031;52997;0;34.5;17.1;0.0
10;2021-05-18;2384;593;0;109415;53590;0;35.3;17.3;0.0
10;2021-05-19;1514;631;0;110929;54221;0;35.8;17.5;0.0
10;2021-05-20;1783;823;0;112712;55044;0;36.4;17.8;0.0
10;2021-05-21;2172;609;0;114884;55653;0;37.1;18.0;0.0
10;2021-05-22;2017;408;0;116901;56061;0;37.7;18.1;0.0
10;2021-05-23;1551;125;0;118452;56186;0;38.2;18.1;0.0
10;2021-05-24;1690;162;0;120142;56348;0;38.8;18.2;0.0
10;2021-05-25;1751;487;0;121893;56835;0;39.3;18.3;0.0
10;2021-05-26;1491;418;0;123384;57253;0;39.8;18.5;0.0
10;2021-05-27;1515;725;0;124899;57978;0;40.3;18.7;0.0
10;2021-05-28;1579;1143;0;126478;59121;0;40.8;19.1;0.0
10;2021-05-29;1848;614;0;128326;59735;0;41.4;19.3;0.0
10;2021-05-30;893;126;0;129219;59861;0;41.7;19.3;0.0
10;2021-05-31;1014;744;0;130233;60605;0;42.0;19.6;0.0
10;2021-06-01;1115;859;0;131348;61464;0;42.4;19.8;0.0
10;2021-06-02;1016;699;0;132364;62163;0;42.7;20.1;0.0
10;2021-06-03;1364;1028;0;133728;63191;0;43.2;20.4;0.0
10;2021-06-04;1727;2470;0;135455;65661;0;43.7;21.2;0.0
10;2021-06-05;1361;2259;0;136816;67920;0;44.1;21.9;0.0
10;2021-06-06;930;1741;0;137746;69661;0;44.4;22.5;0.0
10;2021-06-07;722;1087;0;138468;70748;0;44.7;22.8;0.0
10;2021-06-08;909;1108;0;139377;71856;0;45.0;23.2;0.0
10;2021-06-09;877;924;0;140254;72780;0;45.3;23.5;0.0
10;2021-06-10;724;1006;0;140978;73786;0;45.5;23.8;0.0
10;2021-06-11;1180;2117;0;142158;75903;0;45.9;24.5;0.0
10;2021-06-12;861;2259;0;143019;78162;0;46.1;25.2;0.0
10;2021-06-13;378;1724;0;143397;79886;0;46.3;25.8;0.0
10;2021-06-14;551;713;0;143948;80599;0;46.4;26.0;0.0
10;2021-06-15;735;2035;0;144683;82634;0;46.7;26.7;0.0
10;2021-06-16;763;1843;0;145446;84477;0;46.9;27.3;0.0
10;2021-06-17;854;2358;0;146300;86835;0;47.2;28.0;0.0
10;2021-06-18;1043;2472;0;147343;89307;0;47.5;28.8;0.0
10;2021-06-19;982;2423;0;148325;91730;0;47.9;29.6;0.0
10;2021-06-20;518;1491;0;148843;93221;0;48.0;30.1;0.0
10;2021-06-21;647;1030;0;149490;94251;0;48.2;30.4;0.0
10;2021-06-22;702;1500;0;150192;95751;0;48.5;30.9;0.0
10;2021-06-23;673;2300;0;150865;98051;0;48.7;31.6;0.0
10;2021-06-24;789;2474;0;151654;100525;0;48.9;32.4;0.0
10;2021-06-25;720;2873;0;152374;103398;0;49.2;33.4;0.0
10;2021-06-26;504;2523;0;152878;105921;0;49.3;34.2;0.0
10;2021-06-27;405;1787;0;153283;107708;0;49.5;34.8;0.0
10;2021-06-28;633;1660;0;153916;109368;0;49.7;35.3;0.0
10;2021-06-29;617;2539;0;154533;111907;0;49.9;36.1;0.0
10;2021-06-30;574;1543;0;155107;113450;0;50.0;36.6;0.0
10;2021-07-01;580;2027;0;155687;115477;0;50.2;37.3;0.0
10;2021-07-02;701;2579;0;156388;118056;0;50.5;38.1;0.0
10;2021-07-03;528;2394;0;156916;120450;0;50.6;38.9;0.0
10;2021-07-04;400;1527;0;157316;121977;0;50.8;39.4;0.0
10;2021-07-05;665;2046;1;157981;124023;1;51.0;40.0;0.0
10;2021-07-06;675;1901;3;158656;125924;4;51.2;40.6;0.0
10;2021-07-07;660;1634;1;159316;127558;5;51.4;41.2;0.0
10;2021-07-08;750;1423;0;160066;128981;5;51.6;41.6;0.0
10;2021-07-09;812;1896;0;160878;130877;5;51.9;42.2;0.0
10;2021-07-10;638;1872;0;161516;132749;5;52.1;42.8;0.0
10;2021-07-11;490;1258;0;162006;134007;5;52.3;43.2;0.0
10;2021-07-12;774;1589;0;162780;135596;5;52.5;43.8;0.0
10;2021-07-13;1124;1836;0;163904;137432;5;52.9;44.3;0.0
10;2021-07-14;1160;1035;0;165064;138467;5;53.3;44.7;0.0
10;2021-07-15;1437;1994;0;166501;140461;5;53.7;45.3;0.0
10;2021-07-16;1303;2200;0;167804;142661;5;54.1;46.0;0.0
10;2021-07-17;1225;1642;0;169029;144303;5;54.5;46.6;0.0
10;2021-07-18;918;1167;0;169947;145470;5;54.8;46.9;0.0
10;2021-07-19;1359;1601;0;171306;147071;5;55.3;47.5;0.0
10;2021-07-20;1688;1471;0;172994;148542;5;55.8;47.9;0.0
10;2021-07-21;1452;1504;0;174446;150046;5;56.3;48.4;0.0
10;2021-07-22;1923;1599;0;176369;151645;5;56.9;48.9;0.0
10;2021-07-23;1697;1581;0;178066;153226;5;57.5;49.4;0.0
10;2021-07-24;1371;1239;0;179437;154465;5;57.9;49.8;0.0
10;2021-07-25;1224;763;0;180661;155228;5;58.3;50.1;0.0
10;2021-07-26;1808;1309;0;182469;156537;5;58.9;50.5;0.0
10;2021-07-27;2098;1080;0;184567;157617;5;59.6;50.9;0.0
10;2021-07-28;2130;1032;0;186697;158649;5;60.2;51.2;0.0
10;2021-07-29;2298;1162;0;188995;159811;5;61.0;51.6;0.0
10;2021-07-30;2156;1259;0;191151;161070;5;61.7;52.0;0.0
10;2021-07-31;1585;950;0;192736;162020;5;62.2;52.3;0.0
10;2021-08-01;1203;561;0;193939;162581;5;62.6;52.5;0.0
10;2021-08-02;1382;1283;0;195321;163864;5;63.0;52.9;0.0
10;2021-08-03;1522;920;0;196843;164784;5;63.5;53.2;0.0
10;2021-08-04;1307;1071;0;198150;165855;5;63.9;53.5;0.0
10;2021-08-05;1568;1278;0;199718;167133;5;64.4;53.9;0.0
10;2021-08-06;1736;1348;0;201454;168481;5;65.0;54.4;0.0
10;2021-08-07;1107;1082;0;202561;169563;5;65.4;54.7;0.0
10;2021-08-08;637;716;0;203198;170279;5;65.6;54.9;0.0
10;2021-08-09;1265;1454;0;204463;171733;5;66.0;55.4;0.0
10;2021-08-10;1532;1358;0;205995;173091;5;66.5;55.9;0.0
10;2021-08-11;827;1128;0;206822;174219;5;66.7;56.2;0.0
10;2021-08-12;997;1274;0;207819;175493;5;67.1;56.6;0.0
10;2021-08-13;743;1157;0;208562;176650;5;67.3;57.0;0.0
10;2021-08-14;587;1198;0;209149;177848;5;67.5;57.4;0.0
10;2021-08-15;271;771;0;209420;178619;5;67.6;57.6;0.0
10;2021-08-16;662;1587;0;210082;180206;5;67.8;58.1;0.0
10;2021-08-17;769;1729;0;210851;181935;5;68.0;58.7;0.0
10;2021-08-18;702;1612;0;211553;183547;5;68.3;59.2;0.0
10;2021-08-19;530;1543;0;212083;185090;5;68.4;59.7;0.0
10;2021-08-20;584;1765;0;212667;186855;5;68.6;60.3;0.0
10;2021-08-21;439;1410;0;213106;188265;5;68.8;60.7;0.0
10;2021-08-22;199;1011;0;213305;189276;5;68.8;61.1;0.0
10;2021-08-23;475;1603;0;213780;190879;5;69.0;61.6;0.0
10;2021-08-24;617;1721;0;214397;192600;5;69.2;62.1;0.0
10;2021-08-25;473;1389;0;214870;193989;5;69.3;62.6;0.0
10;2021-08-26;436;1511;0;215306;195500;5;69.5;63.1;0.0
10;2021-08-27;590;1636;0;215896;197136;5;69.7;63.6;0.0
10;2021-08-28;383;1306;0;216279;198442;5;69.8;64.0;0.0
10;2021-08-29;222;910;0;216501;199352;5;69.9;64.3;0.0
10;2021-08-30;416;1423;15;216917;200775;20;70.0;64.8;0.0
10;2021-08-31;471;1400;24;217388;202175;44;70.1;65.2;0.0
10;2021-09-01;333;1111;100;217721;203286;144;70.3;65.6;0.0
10;2021-09-02;282;937;177;218003;204223;321;70.3;65.9;0.1
10;2021-09-03;430;1074;158;218433;205297;479;70.5;66.2;0.2
10;2021-09-04;332;1023;82;218765;206320;561;70.6;66.6;0.2
10;2021-09-05;161;360;56;218926;206680;617;70.6;66.7;0.2
10;2021-09-06;255;585;166;219181;207265;783;70.7;66.9;0.3
10;2021-09-07;309;581;161;219490;207846;944;70.8;67.1;0.3
10;2021-09-08;272;585;121;219762;208431;1065;70.9;67.3;0.3
10;2021-09-09;313;681;219;220075;209112;1284;71.0;67.5;0.4
10;2021-09-10;411;742;151;220486;209854;1435;71.1;67.7;0.5
10;2021-09-11;273;648;88;220759;210502;1523;71.2;67.9;0.5
10;2021-09-12;85;195;19;220844;210697;1542;71.3;68.0;0.5
10;2021-09-13;214;401;214;221058;211098;1756;71.3;68.1;0.6
10;2021-09-14;237;548;426;221295;211646;2182;71.4;68.3;0.7
10;2021-09-15;222;470;308;221517;212116;2490;71.5;68.4;0.8
10;2021-09-16;272;419;332;221789;212535;2822;71.6;68.6;0.9
10;2021-09-17;245;726;242;222034;213261;3064;71.6;68.8;1.0
10;2021-09-18;197;549;71;222231;213810;3135;71.7;69.0;1.0
10;2021-09-19;53;208;34;222284;214018;3169;71.7;69.1;1.0
10;2021-09-20;128;496;241;222412;214514;3410;71.8;69.2;1.1
10;2021-09-21;153;499;237;222565;215013;3647;71.8;69.4;1.2
10;2021-09-22;136;320;195;222701;215333;3842;71.9;69.5;1.2
10;2021-09-23;207;340;279;222908;215673;4121;71.9;69.6;1.3
10;2021-09-24;216;514;250;223124;216187;4371;72.0;69.8;1.4
10;2021-09-25;124;431;80;223248;216618;4451;72.0;69.9;1.4
10;2021-09-26;50;187;25;223298;216805;4476;72.1;70.0;1.4
10;2021-09-27;219;261;216;223517;217066;4692;72.1;70.0;1.5
10;2021-09-28;194;327;381;223711;217393;5073;72.2;70.1;1.6
10;2021-09-29;191;278;204;223902;217671;5277;72.2;70.2;1.7
10;2021-09-30;164;203;225;224066;217874;5502;72.3;70.3;1.8
10;2021-10-01;207;451;276;224273;218325;5778;72.4;70.4;1.9
10;2021-10-02;172;303;140;224445;218628;5918;72.4;70.5;1.9
10;2021-10-03;56;101;25;224501;218729;5943;72.4;70.6;1.9
10;2021-10-04;115;201;250;224616;218930;6193;72.5;70.6;2.0
10;2021-10-05;112;216;353;224728;219146;6546;72.5;70.7;2.1
10;2021-10-06;126;209;195;224854;219355;6741;72.6;70.8;2.2
10;2021-10-07;128;309;365;224982;219664;7106;72.6;70.9;2.3
10;2021-10-08;170;269;305;225152;219933;7411;72.7;71.0;2.4
10;2021-10-09;145;246;147;225297;220179;7558;72.7;71.0;2.4
10;2021-10-10;49;78;67;225346;220257;7625;72.7;71.1;2.5
10;2021-10-11;113;192;305;225459;220449;7930;72.8;71.1;2.6
10;2021-10-12;118;190;399;225577;220639;8329;72.8;71.2;2.7
10;2021-10-13;131;187;375;225708;220826;8704;72.8;71.3;2.8
10;2021-10-14;122;207;456;225830;221033;9160;72.9;71.3;3.0
10;2021-10-15;145;287;437;225975;221320;9597;72.9;71.4;3.1
10;2021-10-16;117;187;153;226092;221507;9750;73.0;71.5;3.1
10;2021-10-17;40;50;32;226132;221557;9782;73.0;71.5;3.2
10;2021-10-18;101;161;423;226233;221718;10205;73.0;71.5;3.3
10;2021-10-19;105;196;461;226338;221914;10666;73.0;71.6;3.4
10;2021-10-20;118;180;489;226456;222094;11155;73.1;71.7;3.6
10;2021-10-21;103;220;615;226559;222314;11770;73.1;71.7;3.8
10;2021-10-22;147;225;485;226706;222539;12255;73.2;71.8;4.0
10;2021-10-23;87;185;282;226793;222724;12537;73.2;71.9;4.0
10;2021-10-24;36;43;70;226829;222767;12607;73.2;71.9;4.1
10;2021-10-25;96;125;453;226925;222892;13060;73.2;71.9;4.2
10;2021-10-26;99;124;561;227024;223016;13621;73.3;72.0;4.4
10;2021-10-27;74;132;421;227098;223148;14042;73.3;72.0;4.5
10;2021-10-28;51;94;455;227149;223242;14497;73.3;72.0;4.7
10;2021-10-29;97;172;437;227246;223414;14934;73.3;72.1;4.8
10;2021-10-30;81;119;205;227327;223533;15139;73.4;72.1;4.9
10;2021-10-31;27;44;126;227354;223577;15265;73.4;72.1;4.9
10;2021-11-01;21;18;34;227375;223595;15299;73.4;72.1;4.9
10;2021-11-02;104;132;602;227479;223727;15901;73.4;72.2;5.1
10;2021-11-03;76;117;641;227555;223844;16542;73.4;72.2;5.3
10;2021-11-04;87;96;777;227642;223940;17319;73.5;72.3;5.6
10;2021-11-05;129;184;703;227771;224124;18022;73.5;72.3;5.8
10;2021-11-06;84;115;389;227855;224239;18411;73.5;72.4;5.9
10;2021-11-07;23;48;170;227878;224287;18581;73.5;72.4;6.0
10;2021-11-08;63;95;719;227941;224382;19300;73.6;72.4;6.2
10;2021-11-09;82;130;972;228023;224512;20272;73.6;72.4;6.5
10;2021-11-10;95;143;819;228118;224655;21091;73.6;72.5;6.8
10;2021-11-11;6;6;39;228124;224661;21130;73.6;72.5;6.8
10;2021-11-12;101;137;719;228225;224798;21849;73.6;72.5;7.1
10;2021-11-13;83;92;663;228308;224890;22512;73.7;72.6;7.3
10;2021-11-14;34;45;260;228342;224935;22772;73.7;72.6;7.3
10;2021-11-15;77;115;932;228419;225050;23704;73.7;72.6;7.6
10;2021-11-16;81;107;1195;228500;225157;24899;73.7;72.7;8.0
10;2021-11-17;99;100;990;228599;225257;25889;73.8;72.7;8.4
10;2021-11-18;61;99;1026;228660;225356;26915;73.8;72.7;8.7
10;2021-11-19;127;145;1058;228787;225501;27973;73.8;72.8;9.0
10;2021-11-20;109;149;963;228896;225650;28936;73.9;72.8;9.3
10;2021-11-21;48;35;250;228944;225685;29186;73.9;72.8;9.4
10;2021-11-22;79;71;832;229023;225756;30018;73.9;72.8;9.7
10;2021-11-23;85;94;1307;229108;225850;31325;73.9;72.9;10.1
10;2021-11-24;106;96;1004;229214;225946;32329;74.0;72.9;10.4
10;2021-11-25;90;72;1246;229304;226018;33575;74.0;72.9;10.8
10;2021-11-26;143;165;1662;229447;226183;35237;74.0;73.0;11.4
10;2021-11-27;131;115;1495;229578;226298;36732;74.1;73.0;11.9
10;2021-11-28;43;32;519;229621;226330;37251;74.1;73.0;12.0
10;2021-11-29;80;86;2081;229701;226416;39332;74.1;73.1;12.7
10;2021-11-30;127;100;2675;229828;226516;42007;74.2;73.1;13.6
10;2021-12-01;96;85;2269;229924;226601;44276;74.2;73.1;14.3
10;2021-12-02;82;59;2834;230006;226660;47110;74.2;73.1;15.2
10;2021-12-03;111;105;2882;230117;226765;49992;74.3;73.2;16.1
10;2021-12-04;106;102;2058;230223;226867;52050;74.3;73.2;16.8
10;2021-12-05;47;41;1164;230270;226908;53214;74.3;73.2;17.2
10;2021-12-06;71;89;2755;230341;226997;55969;74.3;73.2;18.1
10;2021-12-07;95;87;3666;230436;227084;59635;74.4;73.3;19.2
10;2021-12-08;103;105;2653;230539;227189;62288;74.4;73.3;20.1
10;2021-12-09;78;101;3366;230617;227290;65654;74.4;73.3;21.2
11;2020-12-27;0;0;0;0;0;0;0.0;0.0;0.0
11;2020-12-28;0;0;0;0;0;0;0.0;0.0;0.0
11;2020-12-29;0;0;0;0;0;0;0.0;0.0;0.0
11;2020-12-30;0;0;0;0;0;0;0.0;0.0;0.0
11;2020-12-31;0;0;0;0;0;0;0.0;0.0;0.0
11;2021-01-01;1;0;0;1;0;0;0.0;0.0;0.0
11;2021-01-02;3;0;0;4;0;0;0.0;0.0;0.0
11;2021-01-03;0;0;0;4;0;0;0.0;0.0;0.0
11;2021-01-04;1;0;0;5;0;0;0.0;0.0;0.0
11;2021-01-05;89;1;0;94;1;0;0.0;0.0;0.0
11;2021-01-06;26;0;0;120;1;0;0.0;0.0;0.0
11;2021-01-07;115;0;0;235;1;0;0.1;0.0;0.0
11;2021-01-08;98;1;0;333;2;0;0.1;0.0;0.0
11;2021-01-09;85;0;0;418;2;0;0.1;0.0;0.0
11;2021-01-10;68;0;0;486;2;0;0.1;0.0;0.0
11;2021-01-11;149;0;0;635;2;0;0.2;0.0;0.0
11;2021-01-12;506;3;0;1141;5;0;0.3;0.0;0.0
11;2021-01-13;411;1;0;1552;6;0;0.4;0.0;0.0
11;2021-01-14;612;8;0;2164;14;0;0.6;0.0;0.0
11;2021-01-15;327;3;0;2491;17;0;0.7;0.0;0.0
11;2021-01-16;79;1;0;2570;18;0;0.7;0.0;0.0
11;2021-01-17;49;2;0;2619;20;0;0.7;0.0;0.0
11;2021-01-18;468;1;0;3087;21;0;0.8;0.0;0.0
11;2021-01-19;631;11;0;3718;32;0;1.0;0.0;0.0
11;2021-01-20;776;7;0;4494;39;0;1.2;0.0;0.0
11;2021-01-21;742;5;0;5236;44;0;1.4;0.0;0.0
11;2021-01-22;649;3;0;5885;47;0;1.6;0.0;0.0
11;2021-01-23;252;2;0;6137;49;0;1.6;0.0;0.0
11;2021-01-24;178;2;0;6315;51;0;1.7;0.0;0.0
11;2021-01-25;456;15;0;6771;66;0;1.8;0.0;0.0
11;2021-01-26;922;80;0;7693;146;0;2.1;0.0;0.0
11;2021-01-27;868;25;0;8561;171;0;2.3;0.0;0.0
11;2021-01-28;747;70;0;9308;241;0;2.5;0.1;0.0
11;2021-01-29;559;122;0;9867;363;0;2.6;0.1;0.0
11;2021-01-30;174;8;0;10041;371;0;2.7;0.1;0.0
11;2021-01-31;114;1;0;10155;372;0;2.7;0.1;0.0
11;2021-02-01;408;199;0;10563;571;0;2.8;0.2;0.0
11;2021-02-02;522;384;0;11085;955;0;3.0;0.3;0.0
11;2021-02-03;488;348;0;11573;1303;0;3.1;0.3;0.0
11;2021-02-04;498;488;0;12071;1791;0;3.2;0.5;0.0
11;2021-02-05;429;335;0;12500;2126;0;3.4;0.6;0.0
11;2021-02-06;237;61;0;12737;2187;0;3.4;0.6;0.0
11;2021-02-07;122;21;0;12859;2208;0;3.5;0.6;0.0
11;2021-02-08;377;207;0;13236;2415;0;3.6;0.6;0.0
11;2021-02-09;367;321;0;13603;2736;0;3.6;0.7;0.0
11;2021-02-10;412;451;0;14015;3187;0;3.8;0.9;0.0
11;2021-02-11;581;653;0;14596;3840;0;3.9;1.0;0.0
11;2021-02-12;482;416;0;15078;4256;0;4.0;1.1;0.0
11;2021-02-13;192;146;0;15270;4402;0;4.1;1.2;0.0
11;2021-02-14;73;60;0;15343;4462;0;4.1;1.2;0.0
11;2021-02-15;262;270;0;15605;4732;0;4.2;1.3;0.0
11;2021-02-16;303;555;0;15908;5287;0;4.3;1.4;0.0
11;2021-02-17;467;665;0;16375;5952;0;4.4;1.6;0.0
11;2021-02-18;469;599;0;16844;6551;0;4.5;1.8;0.0
11;2021-02-19;336;564;0;17180;7115;0;4.6;1.9;0.0
11;2021-02-20;153;126;0;17333;7241;0;4.7;1.9;0.0
11;2021-02-21;62;61;0;17395;7302;0;4.7;2.0;0.0
11;2021-02-22;141;403;0;17536;7705;0;4.7;2.1;0.0
11;2021-02-23;311;425;0;17847;8130;0;4.8;2.2;0.0
11;2021-02-24;272;442;0;18119;8572;0;4.9;2.3;0.0
11;2021-02-25;595;465;0;18714;9037;0;5.0;2.4;0.0
11;2021-02-26;591;414;0;19305;9451;0;5.2;2.5;0.0
11;2021-02-27;337;148;0;19642;9599;0;5.3;2.6;0.0
11;2021-02-28;101;54;0;19743;9653;0;5.3;2.6;0.0
11;2021-03-01;344;333;0;20087;9986;0;5.4;2.7;0.0
11;2021-03-02;554;396;0;20641;10382;0;5.5;2.8;0.0
11;2021-03-03;614;432;0;21255;10814;0;5.7;2.9;0.0
11;2021-03-04;1076;402;0;22331;11216;0;6.0;3.0;0.0
11;2021-03-05;1015;426;0;23346;11642;0;6.3;3.1;0.0
11;2021-03-06;1095;202;0;24441;11844;0;6.6;3.2;0.0
11;2021-03-07;708;39;0;25149;11883;0;6.7;3.2;0.0
11;2021-03-08;428;362;0;25577;12245;0;6.9;3.3;0.0
11;2021-03-09;1004;416;0;26581;12661;0;7.1;3.4;0.0
11;2021-03-10;1195;536;0;27776;13197;0;7.5;3.5;0.0
11;2021-03-11;1567;464;0;29343;13661;0;7.9;3.7;0.0
11;2021-03-12;1475;439;0;30818;14100;0;8.3;3.8;0.0
11;2021-03-13;1155;223;0;31973;14323;0;8.6;3.8;0.0
11;2021-03-14;521;54;0;32494;14377;0;8.7;3.9;0.0
11;2021-03-15;706;247;0;33200;14624;0;8.9;3.9;0.0
11;2021-03-16;853;206;0;34053;14830;0;9.1;4.0;0.0
11;2021-03-17;916;231;0;34969;15061;0;9.4;4.0;0.0
11;2021-03-18;1125;307;0;36094;15368;0;9.7;4.1;0.0
11;2021-03-19;1327;245;0;37421;15613;0;10.0;4.2;0.0
11;2021-03-20;766;164;0;38187;15777;0;10.2;4.2;0.0
11;2021-03-21;218;67;0;38405;15844;0;10.3;4.3;0.0
11;2021-03-22;787;240;0;39192;16084;0;10.5;4.3;0.0
11;2021-03-23;1768;389;0;40960;16473;0;11.0;4.4;0.0
11;2021-03-24;1793;323;0;42753;16796;0;11.5;4.5;0.0
11;2021-03-25;2154;343;0;44907;17139;0;12.0;4.6;0.0
11;2021-03-26;2073;448;0;46980;17587;0;12.6;4.7;0.0
11;2021-03-27;1144;152;0;48124;17739;0;12.9;4.8;0.0
11;2021-03-28;254;50;0;48378;17789;0;13.0;4.8;0.0
11;2021-03-29;1155;244;0;49533;18033;0;13.3;4.8;0.0
11;2021-03-30;1977;329;0;51510;18362;0;13.8;4.9;0.0
11;2021-03-31;1620;384;0;53130;18746;0;14.3;5.0;0.0
11;2021-04-01;2123;439;0;55253;19185;0;14.8;5.1;0.0
11;2021-04-02;1625;447;0;56878;19632;0;15.3;5.3;0.0
11;2021-04-03;722;152;0;57600;19784;0;15.5;5.3;0.0
11;2021-04-04;215;80;0;57815;19864;0;15.5;5.3;0.0
11;2021-04-05;270;14;0;58085;19878;0;15.6;5.3;0.0
11;2021-04-06;1633;576;0;59718;20454;0;16.0;5.5;0.0
11;2021-04-07;1818;610;0;61536;21064;0;16.5;5.7;0.0
11;2021-04-08;1909;675;0;63445;21739;0;17.0;5.8;0.0
11;2021-04-09;2326;622;0;65771;22361;0;17.6;6.0;0.0
11;2021-04-10;1168;209;0;66939;22570;0;18.0;6.1;0.0
11;2021-04-11;594;129;0;67533;22699;0;18.1;6.1;0.0
11;2021-04-12;1588;580;0;69121;23279;0;18.5;6.2;0.0
11;2021-04-13;2307;860;0;71428;24139;0;19.2;6.5;0.0
11;2021-04-14;1729;1021;0;73157;25160;0;19.6;6.8;0.0
11;2021-04-15;1938;1094;0;75095;26254;0;20.1;7.0;0.0
11;2021-04-16;1917;844;0;77012;27098;0;20.7;7.3;0.0
11;2021-04-17;1699;541;0;78711;27639;0;21.1;7.4;0.0
11;2021-04-18;166;147;0;78877;27786;0;21.2;7.5;0.0
11;2021-04-19;1367;714;0;80244;28500;0;21.5;7.6;0.0
11;2021-04-20;1697;1229;0;81941;29729;0;22.0;8.0;0.0
11;2021-04-21;1765;1243;0;83706;30972;0;22.5;8.3;0.0
11;2021-04-22;1813;1285;0;85519;32257;0;22.9;8.7;0.0
11;2021-04-23;1986;1198;0;87505;33455;0;23.5;9.0;0.0
11;2021-04-24;1693;434;0;89198;33889;0;23.9;9.1;0.0
11;2021-04-25;697;172;0;89895;34061;0;24.1;9.1;0.0
11;2021-04-26;1354;810;0;91249;34871;0;24.5;9.4;0.0
11;2021-04-27;1839;1500;0;93088;36371;0;25.0;9.8;0.0
11;2021-04-28;1937;1386;0;95025;37757;0;25.5;10.1;0.0
11;2021-04-29;2206;1655;0;97231;39412;0;26.1;10.6;0.0
11;2021-04-30;2098;1403;0;99329;40815;0;26.7;11.0;0.0
11;2021-05-01;1337;359;0;100666;41174;0;27.0;11.0;0.0
11;2021-05-02;647;345;0;101313;41519;0;27.2;11.1;0.0
11;2021-05-03;1542;763;0;102855;42282;0;27.6;11.3;0.0
11;2021-05-04;1901;1526;0;104756;43808;0;28.1;11.8;0.0
11;2021-05-05;1891;1541;0;106647;45349;0;28.6;12.2;0.0
11;2021-05-06;2130;1545;0;108777;46894;0;29.2;12.6;0.0
11;2021-05-07;2086;1608;0;110863;48502;0;29.7;13.0;0.0
11;2021-05-08;918;735;0;111781;49237;0;30.0;13.2;0.0
11;2021-05-09;667;584;0;112448;49821;0;30.2;13.4;0.0
11;2021-05-10;1401;1673;0;113849;51494;0;30.5;13.8;0.0
11;2021-05-11;2162;1935;0;116011;53429;0;31.1;14.3;0.0
11;2021-05-12;2031;1661;0;118042;55090;0;31.7;14.8;0.0
11;2021-05-13;1516;437;0;119558;55527;0;32.1;14.9;0.0
11;2021-05-14;1749;1187;0;121307;56714;0;32.5;15.2;0.0
11;2021-05-15;1311;864;0;122618;57578;0;32.9;15.4;0.0
11;2021-05-16;972;207;0;123590;57785;0;33.2;15.5;0.0
11;2021-05-17;1637;1036;0;125227;58821;0;33.6;15.8;0.0
11;2021-05-18;2146;1178;0;127373;59999;0;34.2;16.1;0.0
11;2021-05-19;2092;1127;0;129465;61126;0;34.7;16.4;0.0
11;2021-05-20;2278;1124;0;131743;62250;0;35.3;16.7;0.0
11;2021-05-21;2498;1125;0;134241;63375;0;36.0;17.0;0.0
11;2021-05-22;1680;659;0;135921;64034;0;36.5;17.2;0.0
11;2021-05-23;863;84;0;136784;64118;0;36.7;17.2;0.0
11;2021-05-24;1494;226;0;138278;64344;0;37.1;17.3;0.0
11;2021-05-25;1926;1355;0;140204;65699;0;37.6;17.6;0.0
11;2021-05-26;2029;1291;0;142233;66990;0;38.2;18.0;0.0
11;2021-05-27;2087;1715;0;144320;68705;0;38.7;18.4;0.0
11;2021-05-28;1813;1875;0;146133;70580;0;39.2;18.9;0.0
11;2021-05-29;1410;1560;0;147543;72140;0;39.6;19.4;0.0
11;2021-05-30;560;418;0;148103;72558;0;39.7;19.5;0.0
11;2021-05-31;1339;1604;0;149442;74162;0;40.1;19.9;0.0
11;2021-06-01;1861;1896;0;151303;76058;0;40.6;20.4;0.0
11;2021-06-02;1748;2107;0;153051;78165;0;41.1;21.0;0.0
11;2021-06-03;2534;2453;0;155585;80618;0;41.7;21.6;0.0
11;2021-06-04;2087;2615;0;157672;83233;0;42.3;22.3;0.0
11;2021-06-05;1503;1836;0;159175;85069;0;42.7;22.8;0.0
11;2021-06-06;811;868;0;159986;85937;0;42.9;23.1;0.0
11;2021-06-07;1489;1729;0;161475;87666;0;43.3;23.5;0.0
11;2021-06-08;1990;1981;0;163465;89647;0;43.9;24.1;0.0
11;2021-06-09;1797;2177;0;165262;91824;0;44.3;24.6;0.0
11;2021-06-10;1790;2328;0;167052;94152;0;44.8;25.3;0.0
11;2021-06-11;1846;2444;0;168898;96596;0;45.3;25.9;0.0
11;2021-06-12;1324;1600;0;170222;98196;0;45.7;26.3;0.0
11;2021-06-13;683;720;0;170905;98916;0;45.9;26.5;0.0
11;2021-06-14;1070;2033;0;171975;100949;0;46.1;27.1;0.0
11;2021-06-15;1356;2643;0;173331;103592;0;46.5;27.8;0.0
11;2021-06-16;1333;2485;0;174664;106077;0;46.9;28.5;0.0
11;2021-06-17;1457;2496;0;176121;108573;0;47.3;29.1;0.0
11;2021-06-18;1514;2527;0;177635;111100;0;47.7;29.8;0.0
11;2021-06-19;1155;1428;0;178790;112528;0;48.0;30.2;0.0
11;2021-06-20;308;644;0;179098;113172;0;48.1;30.4;0.0
11;2021-06-21;802;2175;0;179900;115347;0;48.3;30.9;0.0
11;2021-06-22;1008;2703;0;180908;118050;0;48.5;31.7;0.0
11;2021-06-23;1082;2223;0;181990;120273;0;48.8;32.3;0.0
11;2021-06-24;901;2310;0;182891;122583;0;49.1;32.9;0.0
11;2021-06-25;966;2624;0;183857;125207;0;49.3;33.6;0.0
11;2021-06-26;719;1754;0;184576;126961;0;49.5;34.1;0.0
11;2021-06-27;227;780;0;184803;127741;0;49.6;34.3;0.0
11;2021-06-28;698;2377;0;185501;130118;0;49.8;34.9;0.0
11;2021-06-29;902;2677;0;186403;132795;0;50.0;35.6;0.0
11;2021-06-30;874;2658;0;187277;135453;0;50.2;36.3;0.0
11;2021-07-01;972;2003;0;188249;137456;0;50.5;36.9;0.0
11;2021-07-02;1012;2673;0;189261;140129;0;50.8;37.6;0.0
11;2021-07-03;668;1900;0;189929;142029;0;51.0;38.1;0.0
11;2021-07-04;331;1164;0;190260;143193;0;51.0;38.4;0.0
11;2021-07-05;706;2188;0;190966;145381;0;51.2;39.0;0.0
11;2021-07-06;939;2505;0;191905;147886;0;51.5;39.7;0.0
11;2021-07-07;926;2547;0;192831;150433;0;51.7;40.4;0.0
11;2021-07-08;1171;1930;0;194002;152363;0;52.1;40.9;0.0
11;2021-07-09;856;1851;0;194858;154214;0;52.3;41.4;0.0
11;2021-07-10;394;1318;0;195252;155532;0;52.4;41.7;0.0
11;2021-07-11;328;624;0;195580;156156;0;52.5;41.9;0.0
11;2021-07-12;518;2612;0;196098;158768;0;52.6;42.6;0.0
11;2021-07-13;1387;2971;0;197485;161739;0;53.0;43.4;0.0
11;2021-07-14;353;298;0;197838;162037;0;53.1;43.5;0.0
11;2021-07-15;1575;2886;0;199413;164923;0;53.5;44.3;0.0
11;2021-07-16;1928;2737;0;201341;167660;0;54.0;45.0;0.0
11;2021-07-17;1103;2076;0;202444;169736;0;54.3;45.5;0.0
11;2021-07-18;662;895;0;203106;170631;0;54.5;45.8;0.0
11;2021-07-19;1370;2021;0;204476;172652;0;54.9;46.3;0.0
11;2021-07-20;2021;2329;0;206497;174981;0;55.4;46.9;0.0
11;2021-07-21;2025;2428;0;208522;177409;0;55.9;47.6;0.0
11;2021-07-22;2308;1907;0;210830;179316;0;56.6;48.1;0.0
11;2021-07-23;2188;2231;0;213018;181547;0;57.2;48.7;0.0
11;2021-07-24;1409;1592;0;214427;183139;0;57.5;49.1;0.0
11;2021-07-25;823;683;0;215250;183822;0;57.8;49.3;0.0
11;2021-07-26;1658;1376;0;216908;185198;0;58.2;49.7;0.0
11;2021-07-27;2320;1894;0;219228;187092;0;58.8;50.2;0.0
11;2021-07-28;2453;1848;0;221681;188940;0;59.5;50.7;0.0
11;2021-07-29;2666;1684;0;224347;190624;0;60.2;51.1;0.0
11;2021-07-30;2484;1692;0;226831;192316;0;60.9;51.6;0.0
11;2021-07-31;1895;1032;0;228726;193348;0;61.4;51.9;0.0
11;2021-08-01;998;465;0;229724;193813;0;61.6;52.0;0.0
11;2021-08-02;1584;1015;0;231308;194828;0;62.1;52.3;0.0
11;2021-08-03;2255;1456;0;233563;196284;0;62.7;52.7;0.0
11;2021-08-04;2371;1147;0;235934;197431;0;63.3;53.0;0.0
11;2021-08-05;2188;1233;0;238122;198664;0;63.9;53.3;0.0
11;2021-08-06;2058;1506;0;240180;200170;0;64.4;53.7;0.0
11;2021-08-07;1543;1088;0;241723;201258;0;64.9;54.0;0.0
11;2021-08-08;528;238;0;242251;201496;0;65.0;54.1;0.0
11;2021-08-09;1005;1391;0;243256;202887;0;65.3;54.4;0.0
11;2021-08-10;1618;1787;0;244874;204674;0;65.7;54.9;0.0
11;2021-08-11;1534;1598;0;246408;206272;0;66.1;55.3;0.0
11;2021-08-12;1548;1712;0;247956;207984;0;66.5;55.8;0.0
11;2021-08-13;1202;1578;0;249158;209562;0;66.9;56.2;0.0
11;2021-08-14;897;1495;0;250055;211057;0;67.1;56.6;0.0
11;2021-08-15;129;154;0;250184;211211;0;67.1;56.7;0.0
11;2021-08-16;695;1875;0;250879;213086;0;67.3;57.2;0.0
11;2021-08-17;978;2191;0;251857;215277;0;67.6;57.8;0.0
11;2021-08-18;1011;1928;1;252868;217205;1;67.8;58.3;0.0
11;2021-08-19;936;2191;0;253804;219396;1;68.1;58.9;0.0
11;2021-08-20;919;2183;0;254723;221579;1;68.3;59.5;0.0
11;2021-08-21;512;1725;0;255235;223304;1;68.5;59.9;0.0
11;2021-08-22;164;530;0;255399;223834;1;68.5;60.1;0.0
11;2021-08-23;499;1765;0;255898;225599;1;68.7;60.5;0.0
11;2021-08-24;763;2150;0;256661;227749;1;68.9;61.1;0.0
11;2021-08-25;750;2103;0;257411;229852;1;69.1;61.7;0.0
11;2021-08-26;686;1967;0;258097;231819;1;69.2;62.2;0.0
11;2021-08-27;669;2169;0;258766;233988;1;69.4;62.8;0.0
11;2021-08-28;408;1715;0;259174;235703;1;69.5;63.2;0.0
11;2021-08-29;145;505;0;259319;236208;1;69.6;63.4;0.0
11;2021-08-30;446;1316;20;259765;237524;21;69.7;63.7;0.0
11;2021-08-31;585;1816;85;260350;239340;106;69.9;64.2;0.0
11;2021-09-01;634;1645;99;260984;240985;205;70.0;64.7;0.1
11;2021-09-02;572;1570;181;261556;242555;386;70.2;65.1;0.1
11;2021-09-03;535;1513;174;262091;244068;560;70.3;65.5;0.2
11;2021-09-04;476;1434;82;262567;245502;642;70.4;65.9;0.2
11;2021-09-05;149;221;40;262716;245723;682;70.5;65.9;0.2
11;2021-09-06;309;694;186;263025;246417;868;70.6;66.1;0.2
11;2021-09-07;366;896;225;263391;247313;1093;70.7;66.4;0.3
11;2021-09-08;456;1151;175;263847;248464;1268;70.8;66.7;0.3
11;2021-09-09;389;855;205;264236;249319;1473;70.9;66.9;0.4
11;2021-09-10;404;968;198;264640;250287;1671;71.0;67.2;0.4
11;2021-09-11;380;974;84;265020;251261;1755;71.1;67.4;0.5
11;2021-09-12;65;118;18;265085;251379;1773;71.1;67.4;0.5
11;2021-09-13;241;562;361;265326;251941;2134;71.2;67.6;0.6
11;2021-09-14;361;626;431;265687;252567;2565;71.3;67.8;0.7
11;2021-09-15;372;957;254;266059;253524;2819;71.4;68.0;0.8
11;2021-09-16;321;562;616;266380;254086;3435;71.5;68.2;0.9
11;2021-09-17;317;670;261;266697;254756;3696;71.6;68.4;1.0
11;2021-09-18;293;755;149;266990;255511;3845;71.6;68.6;1.0
11;2021-09-19;63;113;28;267053;255624;3873;71.7;68.6;1.0
11;2021-09-20;163;367;387;267216;255991;4260;71.7;68.7;1.1
11;2021-09-21;272;411;286;267488;256402;4546;71.8;68.8;1.2
11;2021-09-22;213;742;392;267701;257144;4938;71.8;69.0;1.3
11;2021-09-23;183;406;350;267884;257550;5288;71.9;69.1;1.4
11;2021-09-24;251;506;564;268135;258056;5852;71.9;69.2;1.6
11;2021-09-25;227;630;114;268362;258686;5966;72.0;69.4;1.6
11;2021-09-26;36;133;32;268398;258819;5998;72.0;69.4;1.6
11;2021-09-27;123;386;303;268521;259205;6301;72.0;69.5;1.7
11;2021-09-28;212;356;300;268733;259561;6601;72.1;69.6;1.8
11;2021-09-29;233;541;353;268966;260102;6954;72.2;69.8;1.9
11;2021-09-30;189;354;320;269155;260456;7274;72.2;69.9;2.0
11;2021-10-01;256;383;462;269411;260839;7736;72.3;70.0;2.1
11;2021-10-02;221;456;136;269632;261295;7872;72.3;70.1;2.1
11;2021-10-03;6;15;1;269638;261310;7873;72.3;70.1;2.1
11;2021-10-04;155;303;311;269793;261613;8184;72.4;70.2;2.2
11;2021-10-05;182;320;463;269975;261933;8647;72.4;70.3;2.3
11;2021-10-06;259;444;469;270234;262377;9116;72.5;70.4;2.4
11;2021-10-07;163;302;413;270397;262679;9529;72.5;70.5;2.6
11;2021-10-08;243;425;473;270640;263104;10002;72.6;70.6;2.7
11;2021-10-09;150;363;203;270790;263467;10205;72.7;70.7;2.7
11;2021-10-10;9;7;0;270799;263474;10205;72.7;70.7;2.7
11;2021-10-11;137;252;287;270936;263726;10492;72.7;70.8;2.8
11;2021-10-12;154;308;446;271090;264034;10938;72.7;70.8;2.9
11;2021-10-13;218;295;482;271308;264329;11420;72.8;70.9;3.1
11;2021-10-14;180;248;484;271488;264577;11904;72.8;71.0;3.2
11;2021-10-15;247;327;571;271735;264904;12475;72.9;71.1;3.3
11;2021-10-16;187;258;181;271922;265162;12656;73.0;71.1;3.4
11;2021-10-17;17;28;13;271939;265190;12669;73.0;71.2;3.4
11;2021-10-18;110;155;274;272049;265345;12943;73.0;71.2;3.5
11;2021-10-19;113;192;467;272162;265537;13410;73.0;71.2;3.6
11;2021-10-20;208;287;677;272370;265824;14087;73.1;71.3;3.8
11;2021-10-21;101;219;527;272471;266043;14614;73.1;71.4;3.9
11;2021-10-22;205;321;797;272676;266364;15411;73.2;71.5;4.1
11;2021-10-23;170;253;363;272846;266617;15774;73.2;71.5;4.2
11;2021-10-24;13;10;2;272859;266627;15776;73.2;71.5;4.2
11;2021-10-25;141;156;601;273000;266783;16377;73.2;71.6;4.4
11;2021-10-26;100;157;489;273100;266940;16866;73.3;71.6;4.5
11;2021-10-27;170;254;750;273270;267194;17616;73.3;71.7;4.7
11;2021-10-28;125;148;613;273395;267342;18229;73.4;71.7;4.9
11;2021-10-29;110;185;766;273505;267527;18995;73.4;71.8;5.1
11;2021-10-30;112;183;320;273617;267710;19315;73.4;71.8;5.2
11;2021-10-31;11;13;0;273628;267723;19315;73.4;71.8;5.2
11;2021-11-01;4;5;3;273632;267728;19318;73.4;71.8;5.2
11;2021-11-02;113;150;668;273745;267878;19986;73.4;71.9;5.4
11;2021-11-03;178;271;1162;273923;268149;21148;73.5;71.9;5.7
11;2021-11-04;148;153;700;274071;268302;21848;73.5;72.0;5.9
11;2021-11-05;108;198;912;274179;268500;22760;73.6;72.0;6.1
11;2021-11-06;132;223;426;274311;268723;23186;73.6;72.1;6.2
11;2021-11-07;10;17;8;274321;268740;23194;73.6;72.1;6.2
11;2021-11-08;104;137;730;274425;268877;23924;73.6;72.1;6.4
11;2021-11-09;82;139;1118;274507;269016;25042;73.7;72.2;6.7
11;2021-11-10;161;275;1307;274668;269291;26349;73.7;72.3;7.1
11;2021-11-11;8;12;19;274676;269303;26368;73.7;72.3;7.1
11;2021-11-12;105;156;985;274781;269459;27353;73.7;72.3;7.3
11;2021-11-13;88;140;482;274869;269599;27835;73.7;72.3;7.5
11;2021-11-14;8;4;18;274877;269603;27853;73.8;72.3;7.5
11;2021-11-15;57;131;728;274934;269734;28581;73.8;72.4;7.7
11;2021-11-16;109;134;1538;275043;269868;30119;73.8;72.4;8.1
11;2021-11-17;126;217;1570;275169;270085;31689;73.8;72.5;8.5
11;2021-11-18;152;177;1679;275321;270262;33368;73.9;72.5;9.0
11;2021-11-19;149;138;1618;275470;270400;34986;73.9;72.6;9.4
11;2021-11-20;96;160;418;275566;270560;35404;73.9;72.6;9.5
11;2021-11-21;23;17;166;275589;270577;35570;73.9;72.6;9.5
11;2021-11-22;98;85;926;275687;270662;36496;74.0;72.6;9.8
11;2021-11-23;155;110;1758;275842;270772;38254;74.0;72.7;10.3
11;2021-11-24;169;171;1490;276011;270943;39744;74.1;72.7;10.7
11;2021-11-25;161;170;1838;276172;271113;41582;74.1;72.7;11.2
11;2021-11-26;199;176;2370;276371;271289;43952;74.2;72.8;11.8
11;2021-11-27;94;142;1144;276465;271431;45096;74.2;72.8;12.1
11;2021-11-28;18;13;88;276483;271444;45184;74.2;72.8;12.1
11;2021-11-29;90;91;1741;276573;271535;46925;74.2;72.9;12.6
11;2021-11-30;152;146;2865;276725;271681;49790;74.2;72.9;13.4
11;2021-12-01;150;186;2933;276875;271867;52723;74.3;72.9;14.1
11;2021-12-02;102;113;3372;276977;271980;56095;74.3;73.0;15.1
11;2021-12-03;145;159;3695;277122;272139;59790;74.4;73.0;16.0
11;2021-12-04;89;78;1757;277211;272217;61547;74.4;73.0;16.5
11;2021-12-05;14;22;93;277225;272239;61640;74.4;73.0;16.5
11;2021-12-06;80;79;2351;277305;272318;63991;74.4;73.1;17.2
11;2021-12-07;113;169;4005;277418;272487;67996;74.4;73.1;18.2
11;2021-12-08;150;190;4279;277568;272677;72275;74.5;73.2;19.4
11;2021-12-09;129;154;4347;277697;272831;76622;74.5;73.2;20.6
12;2020-12-27;1;0;0;1;0;0;0.0;0.0;0.0
12;2020-12-28;0;0;0;1;0;0;0.0;0.0;0.0
12;2020-12-29;0;0;0;1;0;0;0.0;0.0;0.0
12;2020-12-30;0;0;0;1;0;0;0.0;0.0;0.0
12;2020-12-31;0;0;0;1;0;0;0.0;0.0;0.0
12;2021-01-01;2;0;0;3;0;0;0.0;0.0;0.0
12;2021-01-02;0;0;0;3;0;0;0.0;0.0;0.0
12;2021-01-03;0;0;0;3;0;0;0.0;0.0;0.0
12;2021-01-04;2;0;0;5;0;0;0.0;0.0;0.0
12;2021-01-05;1;0;0;6;0;0;0.0;0.0;0.0
12;2021-01-06;12;1;0;18;1;0;0.0;0.0;0.0
12;2021-01-07;197;0;0;215;1;0;0.1;0.0;0.0
12;2021-01-08;67;0;0;282;1;0;0.1;0.0;0.0
12;2021-01-09;3;0;0;285;1;0;0.1;0.0;0.0
12;2021-01-10;1;0;0;286;1;0;0.1;0.0;0.0
12;2021-01-11;110;1;0;396;2;0;0.1;0.0;0.0
12;2021-01-12;351;1;0;747;3;0;0.3;0.0;0.0
12;2021-01-13;287;0;0;1034;3;0;0.4;0.0;0.0
12;2021-01-14;564;11;0;1598;14;0;0.6;0.0;0.0
12;2021-01-15;374;7;0;1972;21;0;0.7;0.0;0.0
12;2021-01-16;136;1;0;2108;22;0;0.8;0.0;0.0
12;2021-01-17;1;0;0;2109;22;0;0.8;0.0;0.0
12;2021-01-18;410;0;0;2519;22;0;0.9;0.0;0.0
12;2021-01-19;600;4;0;3119;26;0;1.1;0.0;0.0
12;2021-01-20;881;4;0;4000;30;0;1.4;0.0;0.0
12;2021-01-21;764;1;0;4764;31;0;1.7;0.0;0.0
12;2021-01-22;732;1;0;5496;32;0;2.0;0.0;0.0
12;2021-01-23;390;0;0;5886;32;0;2.1;0.0;0.0
12;2021-01-24;2;0;0;5888;32;0;2.1;0.0;0.0
12;2021-01-25;459;0;0;6347;32;0;2.3;0.0;0.0
12;2021-01-26;654;2;0;7001;34;0;2.5;0.0;0.0
12;2021-01-27;1808;38;0;8809;72;0;3.2;0.0;0.0
12;2021-01-28;1856;228;0;10665;300;0;3.8;0.1;0.0
12;2021-01-29;1253;45;0;11918;345;0;4.3;0.1;0.0
12;2021-01-30;374;3;0;12292;348;0;4.4;0.1;0.0
12;2021-01-31;1;0;0;12293;348;0;4.4;0.1;0.0
12;2021-02-01;343;91;0;12636;439;0;4.5;0.2;0.0
12;2021-02-02;459;247;0;13095;686;0;4.7;0.2;0.0
12;2021-02-03;487;168;0;13582;854;0;4.9;0.3;0.0
12;2021-02-04;462;482;0;14044;1336;0;5.0;0.5;0.0
12;2021-02-05;449;184;0;14493;1520;0;5.2;0.5;0.0
12;2021-02-06;200;67;0;14693;1587;0;5.3;0.6;0.0
12;2021-02-07;11;0;0;14704;1587;0;5.3;0.6;0.0
12;2021-02-08;127;291;0;14831;1878;0;5.3;0.7;0.0
12;2021-02-09;206;343;0;15037;2221;0;5.4;0.8;0.0
12;2021-02-10;431;478;0;15468;2699;0;5.6;1.0;0.0
12;2021-02-11;534;367;0;16002;3066;0;5.7;1.1;0.0
12;2021-02-12;569;324;0;16571;3390;0;6.0;1.2;0.0
12;2021-02-13;153;127;0;16724;3517;0;6.0;1.3;0.0
12;2021-02-14;2;1;0;16726;3518;0;6.0;1.3;0.0
12;2021-02-15;174;364;0;16900;3882;0;6.1;1.4;0.0
12;2021-02-16;159;498;0;17059;4380;0;6.1;1.6;0.0
12;2021-02-17;324;1453;0;17383;5833;0;6.2;2.1;0.0
12;2021-02-18;668;1595;0;18051;7428;0;6.5;2.7;0.0
12;2021-02-19;580;959;0;18631;8387;0;6.7;3.0;0.0
12;2021-02-20;100;386;0;18731;8773;0;6.7;3.2;0.0
12;2021-02-21;0;1;0;18731;8774;0;6.7;3.2;0.0
12;2021-02-22;148;417;0;18879;9191;0;6.8;3.3;0.0
12;2021-02-23;168;543;0;19047;9734;0;6.8;3.5;0.0
12;2021-02-24;126;658;0;19173;10392;0;6.9;3.7;0.0
12;2021-02-25;219;784;0;19392;11176;0;7.0;4.0;0.0
12;2021-02-26;324;643;0;19716;11819;0;7.1;4.2;0.0
12;2021-02-27;180;335;0;19896;12154;0;7.1;4.4;0.0
12;2021-02-28;9;2;0;19905;12156;0;7.2;4.4;0.0
12;2021-03-01;65;352;0;19970;12508;0;7.2;4.5;0.0
12;2021-03-02;217;506;0;20187;13014;0;7.3;4.7;0.0
12;2021-03-03;258;386;0;20445;13400;0;7.3;4.8;0.0
12;2021-03-04;308;363;0;20753;13763;0;7.5;4.9;0.0
12;2021-03-05;447;362;0;21200;14125;0;7.6;5.1;0.0
12;2021-03-06;792;115;0;21992;14240;0;7.9;5.1;0.0
12;2021-03-07;138;32;0;22130;14272;0;8.0;5.1;0.0
12;2021-03-08;253;215;0;22383;14487;0;8.0;5.2;0.0
12;2021-03-09;742;274;0;23125;14761;0;8.3;5.3;0.0
12;2021-03-10;785;715;0;23910;15476;0;8.6;5.6;0.0
12;2021-03-11;958;641;0;24868;16117;0;8.9;5.8;0.0
12;2021-03-12;1226;513;0;26094;16630;0;9.4;6.0;0.0
12;2021-03-13;863;126;0;26957;16756;0;9.7;6.0;0.0
12;2021-03-14;43;4;0;27000;16760;0;9.7;6.0;0.0
12;2021-03-15;605;156;0;27605;16916;0;9.9;6.1;0.0
12;2021-03-16;811;152;0;28416;17068;0;10.2;6.1;0.0
12;2021-03-17;1389;179;0;29805;17247;0;10.7;6.2;0.0
12;2021-03-18;978;252;0;30783;17499;0;11.1;6.3;0.0
12;2021-03-19;1328;271;0;32111;17770;0;11.5;6.4;0.0
12;2021-03-20;722;76;0;32833;17846;0;11.8;6.4;0.0
12;2021-03-21;261;10;0;33094;17856;0;11.9;6.4;0.0
12;2021-03-22;609;168;0;33703;18024;0;12.1;6.5;0.0
12;2021-03-23;1203;189;0;34906;18213;0;12.5;6.5;0.0
12;2021-03-24;1369;201;0;36275;18414;0;13.0;6.6;0.0
12;2021-03-25;1775;203;0;38050;18617;0;13.7;6.7;0.0
12;2021-03-26;1921;231;0;39971;18848;0;14.4;6.8;0.0
12;2021-03-27;940;59;0;40911;18907;0;14.7;6.8;0.0
12;2021-03-28;76;7;0;40987;18914;0;14.7;6.8;0.0
12;2021-03-29;1006;95;0;41993;19009;0;15.1;6.8;0.0
12;2021-03-30;1660;134;0;43653;19143;0;15.7;6.9;0.0
12;2021-03-31;1409;124;0;45062;19267;0;16.2;6.9;0.0
12;2021-04-01;1902;188;0;46964;19455;0;16.9;7.0;0.0
12;2021-04-02;1507;346;0;48471;19801;0;17.4;7.1;0.0
12;2021-04-03;820;102;0;49291;19903;0;17.7;7.2;0.0
12;2021-04-04;22;2;0;49313;19905;0;17.7;7.2;0.0
12;2021-04-05;547;12;0;49860;19917;0;17.9;7.2;0.0
12;2021-04-06;1079;544;0;50939;20461;0;18.3;7.4;0.0
12;2021-04-07;1595;628;0;52534;21089;0;18.9;7.6;0.0
12;2021-04-08;1975;577;0;54509;21666;0;19.6;7.8;0.0
12;2021-04-09;1992;646;0;56501;22312;0;20.3;8.0;0.0
12;2021-04-10;1333;203;0;57834;22515;0;20.8;8.1;0.0
12;2021-04-11;126;5;0;57960;22520;0;20.8;8.1;0.0
12;2021-04-12;1727;534;0;59687;23054;0;21.4;8.3;0.0
12;2021-04-13;1859;759;0;61546;23813;0;22.1;8.6;0.0
12;2021-04-14;1761;1211;0;63307;25024;0;22.7;9.0;0.0
12;2021-04-15;1949;884;0;65256;25908;0;23.4;9.3;0.0
12;2021-04-16;1677;1214;0;66933;27122;0;24.0;9.7;0.0
12;2021-04-17;1467;548;0;68400;27670;0;24.6;9.9;0.0
12;2021-04-18;10;2;0;68410;27672;0;24.6;9.9;0.0
12;2021-04-19;1610;556;0;70020;28228;0;25.2;10.1;0.0
12;2021-04-20;1515;977;0;71535;29205;0;25.7;10.5;0.0
12;2021-04-21;1630;1161;0;73165;30366;0;26.3;10.9;0.0
12;2021-04-22;1680;1062;0;74845;31428;0;26.9;11.3;0.0
12;2021-04-23;1365;1296;0;76210;32724;0;27.4;11.8;0.0
12;2021-04-24;1328;676;0;77538;33400;0;27.9;12.0;0.0
12;2021-04-25;72;7;0;77610;33407;0;27.9;12.0;0.0
12;2021-04-26;1352;897;0;78962;34304;0;28.4;12.3;0.0
12;2021-04-27;1258;1252;0;80220;35556;0;28.8;12.8;0.0
12;2021-04-28;1094;1757;0;81314;37313;0;29.2;13.4;0.0
12;2021-04-29;1463;1781;0;82777;39094;0;29.7;14.0;0.0
12;2021-04-30;1748;1715;0;84525;40809;0;30.4;14.7;0.0
12;2021-05-01;1470;255;0;85995;41064;0;30.9;14.8;0.0
12;2021-05-02;95;21;0;86090;41085;0;30.9;14.8;0.0
12;2021-05-03;1666;1156;0;87756;42241;0;31.5;15.2;0.0
12;2021-05-04;1449;1329;0;89205;43570;0;32.0;15.7;0.0
12;2021-05-05;1299;1587;0;90504;45157;0;32.5;16.2;0.0
12;2021-05-06;1729;1368;0;92233;46525;0;33.1;16.7;0.0
12;2021-05-07;1483;1721;0;93716;48246;0;33.7;17.3;0.0
12;2021-05-08;1204;437;0;94920;48683;0;34.1;17.5;0.0
12;2021-05-09;27;42;0;94947;48725;0;34.1;17.5;0.0
12;2021-05-10;793;2133;0;95740;50858;0;34.4;18.3;0.0
12;2021-05-11;883;1827;0;96623;52685;0;34.7;18.9;0.0
12;2021-05-12;933;1796;0;97556;54481;0;35.0;19.6;0.0
12;2021-05-13;1500;789;0;99056;55270;0;35.6;19.9;0.0
12;2021-05-14;1179;1479;0;100235;56749;0;36.0;20.4;0.0
12;2021-05-15;993;1028;0;101228;57777;0;36.4;20.8;0.0
12;2021-05-16;14;19;0;101242;57796;0;36.4;20.8;0.0
12;2021-05-17;980;1737;0;102222;59533;0;36.7;21.4;0.0
12;2021-05-18;1422;1531;0;103644;61064;0;37.2;21.9;0.0
12;2021-05-19;1810;1287;0;105454;62351;0;37.9;22.4;0.0
12;2021-05-20;2206;930;0;107660;63281;0;38.7;22.7;0.0
12;2021-05-21;1758;1228;0;109418;64509;0;39.3;23.2;0.0
12;2021-05-22;1138;930;0;110556;65439;0;39.7;23.5;0.0
12;2021-05-23;39;16;0;110595;65455;0;39.7;23.5;0.0
12;2021-05-24;1722;499;0;112317;65954;0;40.3;23.7;0.0
12;2021-05-25;1679;1154;0;113996;67108;0;41.0;24.1;0.0
12;2021-05-26;1877;780;0;115873;67888;0;41.6;24.4;0.0
12;2021-05-27;2038;761;0;117911;68649;0;42.4;24.7;0.0
12;2021-05-28;1876;1047;0;119787;69696;0;43.0;25.0;0.0
12;2021-05-29;1531;773;0;121318;70469;0;43.6;25.3;0.0
12;2021-05-30;107;39;0;121425;70508;0;43.6;25.3;0.0
12;2021-05-31;1637;824;0;123062;71332;0;44.2;25.6;0.0
12;2021-06-01;1816;1048;0;124878;72380;0;44.9;26.0;0.0
12;2021-06-02;1918;1076;0;126796;73456;0;45.6;26.4;0.0
12;2021-06-03;2020;886;0;128816;74342;0;46.3;26.7;0.0
12;2021-06-04;1900;1342;0;130716;75684;0;47.0;27.2;0.0
12;2021-06-05;1577;904;0;132293;76588;0;47.5;27.5;0.0
12;2021-06-06;44;23;0;132337;76611;0;47.5;27.5;0.0
12;2021-06-07;1085;1738;0;133422;78349;0;47.9;28.1;0.0
12;2021-06-08;1360;1188;0;134782;79537;0;48.4;28.6;0.0
12;2021-06-09;992;1248;0;135774;80785;0;48.8;29.0;0.0
12;2021-06-10;1053;896;0;136827;81681;0;49.2;29.3;0.0
12;2021-06-11;1195;1990;0;138022;83671;0;49.6;30.1;0.0
12;2021-06-12;969;1265;0;138991;84936;0;49.9;30.5;0.0
12;2021-06-13;39;62;0;139030;84998;0;49.9;30.5;0.0
12;2021-06-14;695;1782;0;139725;86780;0;50.2;31.2;0.0
12;2021-06-15;782;1841;0;140507;88621;0;50.5;31.8;0.0
12;2021-06-16;856;1752;0;141363;90373;0;50.8;32.5;0.0
12;2021-06-17;693;998;0;142056;91371;0;51.0;32.8;0.0
12;2021-06-18;1097;1759;0;143153;93130;0;51.4;33.5;0.0
12;2021-06-19;858;1296;0;144011;94426;0;51.7;33.9;0.0
12;2021-06-20;17;24;0;144028;94450;0;51.7;33.9;0.0
12;2021-06-21;519;1644;0;144547;96094;0;51.9;34.5;0.0
12;2021-06-22;508;1474;0;145055;97568;0;52.1;35.1;0.0
12;2021-06-23;586;1296;0;145641;98864;0;52.3;35.5;0.0
12;2021-06-24;273;609;0;145914;99473;0;52.4;35.7;0.0
12;2021-06-25;805;1774;0;146719;101247;0;52.7;36.4;0.0
12;2021-06-26;620;1437;0;147339;102684;0;52.9;36.9;0.0
12;2021-06-27;14;28;0;147353;102712;0;52.9;36.9;0.0
12;2021-06-28;467;2384;0;147820;105096;0;53.1;37.8;0.0
12;2021-06-29;542;1924;0;148362;107020;0;53.3;38.4;0.0
12;2021-06-30;789;2079;0;149151;109099;0;53.6;39.2;0.0
12;2021-07-01;356;1100;0;149507;110199;0;53.7;39.6;0.0
12;2021-07-02;747;2487;0;150254;112686;0;54.0;40.5;0.0
12;2021-07-03;547;1770;0;150801;114456;0;54.2;41.1;0.0
12;2021-07-04;13;33;0;150814;114489;0;54.2;41.1;0.0
12;2021-07-05;439;2293;0;151253;116782;0;54.3;42.0;0.0
12;2021-07-06;628;2413;0;151881;119195;0;54.6;42.8;0.0
12;2021-07-07;678;2072;0;152559;121267;0;54.8;43.6;0.0
12;2021-07-08;314;934;0;152873;122201;0;54.9;43.9;0.0
12;2021-07-09;694;2506;0;153567;124707;0;55.2;44.8;0.0
12;2021-07-10;451;1976;0;154018;126683;0;55.3;45.5;0.0
12;2021-07-11;28;100;0;154046;126783;0;55.3;45.5;0.0
12;2021-07-12;535;2329;0;154581;129112;0;55.5;46.4;0.0
12;2021-07-13;819;2513;0;155400;131625;0;55.8;47.3;0.0
12;2021-07-14;111;69;0;155511;131694;0;55.9;47.3;0.0
12;2021-07-15;835;2037;0;156346;133731;0;56.2;48.0;0.0
12;2021-07-16;1174;2445;0;157520;136176;0;56.6;48.9;0.0
12;2021-07-17;727;1879;0;158247;138055;0;56.8;49.6;0.0
12;2021-07-18;52;52;0;158299;138107;0;56.9;49.6;0.0
12;2021-07-19;1226;1954;0;159525;140061;0;57.3;50.3;0.0
12;2021-07-20;1401;1452;0;160926;141513;0;57.8;50.8;0.0
12;2021-07-21;1086;1032;0;162012;142545;0;58.2;51.2;0.0
12;2021-07-22;2109;1311;0;164121;143856;0;59.0;51.7;0.0
12;2021-07-23;1770;1931;0;165891;145787;0;59.6;52.4;0.0
12;2021-07-24;1529;1438;0;167420;147225;0;60.1;52.9;0.0
12;2021-07-25;170;51;0;167590;147276;0;60.2;52.9;0.0
12;2021-07-26;1721;1319;0;169311;148595;0;60.8;53.4;0.0
12;2021-07-27;2129;1020;0;171440;149615;0;61.6;53.7;0.0
12;2021-07-28;1675;710;0;173115;150325;0;62.2;54.0;0.0
12;2021-07-29;1212;744;0;174327;151069;0;62.6;54.3;0.0
12;2021-07-30;2282;1223;0;176609;152292;0;63.4;54.7;0.0
12;2021-07-31;1751;907;0;178360;153199;0;64.1;55.0;0.0
12;2021-08-01;208;52;0;178568;153251;0;64.2;55.1;0.0
12;2021-08-02;1631;757;0;180199;154008;0;64.7;55.3;0.0
12;2021-08-03;1814;716;0;182013;154724;0;65.4;55.6;0.0
12;2021-08-04;1645;756;0;183658;155480;0;66.0;55.9;0.0
12;2021-08-05;1522;656;0;185180;156136;0;66.5;56.1;0.0
12;2021-08-06;1606;1161;0;186786;157297;0;67.1;56.5;0.0
12;2021-08-07;1286;651;0;188072;157948;0;67.6;56.7;0.0
12;2021-08-08;29;35;0;188101;157983;0;67.6;56.8;0.0
12;2021-08-09;1233;1183;0;189334;159166;0;68.0;57.2;0.0
12;2021-08-10;1222;1156;0;190556;160322;0;68.5;57.6;0.0
12;2021-08-11;823;1134;0;191379;161456;0;68.8;58.0;0.0
12;2021-08-12;742;1075;0;192121;162531;0;69.0;58.4;0.0
12;2021-08-13;986;1270;0;193107;163801;0;69.4;58.8;0.0
12;2021-08-14;662;1244;0;193769;165045;0;69.6;59.3;0.0
12;2021-08-15;197;97;0;193966;165142;0;69.7;59.3;0.0
12;2021-08-16;644;1634;0;194610;166776;0;69.9;59.9;0.0
12;2021-08-17;820;1849;0;195430;168625;0;70.2;60.6;0.0
12;2021-08-18;479;1459;0;195909;170084;0;70.4;61.1;0.0
12;2021-08-19;637;1073;0;196546;171157;0;70.6;61.5;0.0
12;2021-08-20;738;1779;0;197284;172936;0;70.9;62.1;0.0
12;2021-08-21;475;1434;0;197759;174370;0;71.0;62.6;0.0
12;2021-08-22;84;66;0;197843;174436;0;71.1;62.7;0.0
12;2021-08-23;435;1812;0;198278;176248;0;71.2;63.3;0.0
12;2021-08-24;484;1825;0;198762;178073;0;71.4;64.0;0.0
12;2021-08-25;354;1547;0;199116;179620;0;71.5;64.5;0.0
12;2021-08-26;474;1565;0;199590;181185;0;71.7;65.1;0.0
12;2021-08-27;581;1689;0;200171;182874;0;71.9;65.7;0.0
12;2021-08-28;323;1488;0;200494;184362;0;72.0;66.2;0.0
12;2021-08-29;156;149;0;200650;184511;0;72.1;66.3;0.0
12;2021-08-30;533;1803;35;201183;186314;35;72.3;66.9;0.0
12;2021-08-31;430;1300;45;201613;187614;80;72.4;67.4;0.0
12;2021-09-01;412;946;85;202025;188560;165;72.6;67.7;0.1
12;2021-09-02;299;769;89;202324;189329;254;72.7;68.0;0.1
12;2021-09-03;476;1190;191;202800;190519;445;72.9;68.4;0.2
12;2021-09-04;432;1020;101;203232;191539;546;73.0;68.8;0.2
12;2021-09-05;52;170;14;203284;191709;560;73.0;68.9;0.2
12;2021-09-06;236;615;214;203520;192324;774;73.1;69.1;0.3
12;2021-09-07;262;464;194;203782;192788;968;73.2;69.3;0.3
12;2021-09-08;265;506;154;204047;193294;1122;73.3;69.4;0.4
12;2021-09-09;198;445;53;204245;193739;1175;73.4;69.6;0.4
12;2021-09-10;486;973;270;204731;194712;1445;73.5;69.9;0.5
12;2021-09-11;369;880;137;205100;195592;1582;73.7;70.3;0.6
12;2021-09-12;22;75;15;205122;195667;1597;73.7;70.3;0.6
12;2021-09-13;188;391;234;205310;196058;1831;73.8;70.4;0.7
12;2021-09-14;278;367;227;205588;196425;2058;73.9;70.6;0.7
12;2021-09-15;241;439;350;205829;196864;2408;73.9;70.7;0.9
12;2021-09-16;366;416;502;206195;197280;2910;74.1;70.9;1.0
12;2021-09-17;325;518;467;206520;197798;3377;74.2;71.1;1.2
12;2021-09-18;232;679;161;206752;198477;3538;74.3;71.3;1.3
12;2021-09-19;4;22;2;206756;198499;3540;74.3;71.3;1.3
12;2021-09-20;108;437;318;206864;198936;3858;74.3;71.5;1.4
12;2021-09-21;119;253;517;206983;199189;4375;74.4;71.6;1.6
12;2021-09-22;148;561;325;207131;199750;4700;74.4;71.8;1.7
12;2021-09-23;104;186;395;207235;199936;5095;74.4;71.8;1.8
12;2021-09-24;193;540;343;207428;200476;5438;74.5;72.0;2.0
12;2021-09-25;156;640;117;207584;201116;5555;74.6;72.3;2.0
12;2021-09-26;1;11;2;207585;201127;5557;74.6;72.3;2.0
12;2021-09-27;79;259;310;207664;201386;5867;74.6;72.3;2.1
12;2021-09-28;103;259;483;207767;201645;6350;74.6;72.4;2.3
12;2021-09-29;106;320;269;207873;201965;6619;74.7;72.6;2.4
12;2021-09-30;63;141;341;207936;202106;6960;74.7;72.6;2.5
12;2021-10-01;185;410;248;208121;202516;7208;74.8;72.8;2.6
12;2021-10-02;178;454;124;208299;202970;7332;74.8;72.9;2.6
12;2021-10-03;1;9;2;208300;202979;7334;74.8;72.9;2.6
12;2021-10-04;94;190;138;208394;203169;7472;74.9;73.0;2.7
12;2021-10-05;69;198;299;208463;203367;7771;74.9;73.1;2.8
12;2021-10-06;127;253;521;208590;203620;8292;74.9;73.1;3.0
12;2021-10-07;82;309;243;208672;203929;8535;75.0;73.3;3.1
12;2021-10-08;143;380;421;208815;204309;8956;75.0;73.4;3.2
12;2021-10-09;156;322;242;208971;204631;9198;75.1;73.5;3.3
12;2021-10-10;1;9;8;208972;204640;9206;75.1;73.5;3.3
12;2021-10-11;62;113;177;209034;204753;9383;75.1;73.6;3.4
12;2021-10-12;51;118;179;209085;204871;9562;75.1;73.6;3.4
12;2021-10-13;141;276;468;209226;205147;10030;75.2;73.7;3.6
12;2021-10-14;74;140;336;209300;205287;10366;75.2;73.7;3.7
12;2021-10-15;93;188;472;209393;205475;10838;75.2;73.8;3.9
12;2021-10-16;177;234;434;209570;205709;11272;75.3;73.9;4.0
12;2021-10-17;2;8;0;209572;205717;11272;75.3;73.9;4.0
12;2021-10-18;72;97;218;209644;205814;11490;75.3;73.9;4.1
12;2021-10-19;53;82;202;209697;205896;11692;75.3;74.0;4.2
12;2021-10-20;138;190;550;209835;206086;12242;75.4;74.0;4.4
12;2021-10-21;71;52;274;209906;206138;12516;75.4;74.1;4.5
12;2021-10-22;90;119;560;209996;206257;13076;75.4;74.1;4.7
12;2021-10-23;155;235;504;210151;206492;13580;75.5;74.2;4.9
12;2021-10-24;2;4;3;210153;206496;13583;75.5;74.2;4.9
12;2021-10-25;19;32;61;210172;206528;13644;75.5;74.2;4.9
12;2021-10-26;106;124;530;210278;206652;14174;75.5;74.2;5.1
12;2021-10-27;66;103;506;210344;206755;14680;75.6;74.3;5.3
12;2021-10-28;64;66;259;210408;206821;14939;75.6;74.3;5.4
12;2021-10-29;53;104;560;210461;206925;15499;75.6;74.3;5.6
12;2021-10-30;100;167;519;210561;207092;16018;75.6;74.4;5.8
12;2021-10-31;0;1;2;210561;207093;16020;75.6;74.4;5.8
12;2021-11-01;5;6;1;210566;207099;16021;75.6;74.4;5.8
12;2021-11-02;37;54;246;210603;207153;16267;75.7;74.4;5.8
12;2021-11-03;135;204;964;210738;207357;17231;75.7;74.5;6.2
12;2021-11-04;32;67;410;210770;207424;17641;75.7;74.5;6.3
12;2021-11-05;61;84;545;210831;207508;18186;75.7;74.5;6.5
12;2021-11-06;136;178;538;210967;207686;18724;75.8;74.6;6.7
12;2021-11-07;1;4;3;210968;207690;18727;75.8;74.6;6.7
12;2021-11-08;65;94;600;211033;207784;19327;75.8;74.6;6.9
12;2021-11-09;34;60;685;211067;207844;20012;75.8;74.7;7.2
12;2021-11-10;114;152;981;211181;207996;20993;75.9;74.7;7.5
12;2021-11-11;5;2;5;211186;207998;20998;75.9;74.7;7.5
12;2021-11-12;67;84;799;211253;208082;21797;75.9;74.8;7.8
12;2021-11-13;139;173;734;211392;208255;22531;75.9;74.8;8.1
12;2021-11-14;0;2;8;211392;208257;22539;75.9;74.8;8.1
12;2021-11-15;60;60;872;211452;208317;23411;76.0;74.8;8.4
12;2021-11-16;69;81;1377;211521;208398;24788;76.0;74.9;8.9
12;2021-11-17;113;114;1093;211634;208512;25881;76.0;74.9;9.3
12;2021-11-18;63;106;983;211697;208618;26864;76.1;74.9;9.7
12;2021-11-19;78;74;1214;211775;208692;28078;76.1;75.0;10.1
12;2021-11-20;101;116;847;211876;208808;28925;76.1;75.0;10.4
12;2021-11-21;2;5;19;211878;208813;28944;76.1;75.0;10.4
12;2021-11-22;59;42;1144;211937;208855;30088;76.1;75.0;10.8
12;2021-11-23;77;39;1247;212014;208894;31335;76.2;75.0;11.3
12;2021-11-24;95;105;1295;212109;208999;32630;76.2;75.1;11.7
12;2021-11-25;86;79;1396;212195;209078;34026;76.2;75.1;12.2
12;2021-11-26;131;86;1780;212326;209164;35806;76.3;75.1;12.9
12;2021-11-27;71;136;1220;212397;209300;37026;76.3;75.2;13.3
12;2021-11-28;13;7;198;212410;209307;37224;76.3;75.2;13.4
12;2021-11-29;52;56;1544;212462;209363;38768;76.3;75.2;13.9
12;2021-11-30;83;72;2001;212545;209435;40769;76.4;75.2;14.6
12;2021-12-01;78;97;1944;212623;209532;42713;76.4;75.3;15.3
12;2021-12-02;65;53;2026;212688;209585;44739;76.4;75.3;16.1
12;2021-12-03;78;81;2454;212766;209666;47193;76.4;75.3;17.0
12;2021-12-04;87;139;1504;212853;209805;48697;76.5;75.4;17.5
12;2021-12-05;12;11;52;212865;209816;48749;76.5;75.4;17.5
12;2021-12-06;55;73;1788;212920;209889;50537;76.5;75.4;18.2
12;2021-12-07;74;95;3291;212994;209984;53828;76.5;75.4;19.3
12;2021-12-08;71;116;2332;213065;210100;56160;76.5;75.5;20.2
12;2021-12-09;68;68;2847;213133;210168;59007;76.6;75.5;21.2
13;2020-12-27;4;0;0;4;0;0;0.0;0.0;0.0
13;2020-12-28;7;0;0;11;0;0;0.0;0.0;0.0
13;2020-12-29;0;0;0;11;0;0;0.0;0.0;0.0
13;2020-12-30;4;0;0;15;0;0;0.0;0.0;0.0
13;2020-12-31;4;0;0;19;0;0;0.0;0.0;0.0
13;2021-01-01;3;0;0;22;0;0;0.0;0.0;0.0
13;2021-01-02;4;1;0;26;1;0;0.0;0.0;0.0
13;2021-01-03;6;1;0;32;2;0;0.0;0.0;0.0
13;2021-01-04;2;1;0;34;3;0;0.0;0.0;0.0
13;2021-01-05;82;1;0;116;4;0;0.0;0.0;0.0
13;2021-01-06;125;1;0;241;5;0;0.0;0.0;0.0
13;2021-01-07;214;1;0;455;6;0;0.0;0.0;0.0
13;2021-01-08;237;0;0;692;6;0;0.0;0.0;0.0
13;2021-01-09;32;0;0;724;6;0;0.0;0.0;0.0
13;2021-01-10;3;0;0;727;6;0;0.0;0.0;0.0
13;2021-01-11;521;2;0;1248;8;0;0.1;0.0;0.0
13;2021-01-12;923;1;0;2171;9;0;0.1;0.0;0.0
13;2021-01-13;1134;2;0;3305;11;0;0.2;0.0;0.0
13;2021-01-14;1660;23;0;4965;34;0;0.2;0.0;0.0
13;2021-01-15;1533;7;0;6498;41;0;0.3;0.0;0.0
13;2021-01-16;458;4;0;6956;45;0;0.3;0.0;0.0
13;2021-01-17;51;0;0;7007;45;0;0.3;0.0;0.0
13;2021-01-18;2312;14;0;9319;59;0;0.5;0.0;0.0
13;2021-01-19;7064;54;0;16383;113;0;0.8;0.0;0.0
13;2021-01-20;5296;27;0;21679;140;0;1.1;0.0;0.0
13;2021-01-21;5340;40;0;27019;180;0;1.3;0.0;0.0
13;2021-01-22;3891;23;0;30910;203;0;1.5;0.0;0.0
13;2021-01-23;1291;8;0;32201;211;0;1.6;0.0;0.0
13;2021-01-24;424;4;0;32625;215;0;1.6;0.0;0.0
13;2021-01-25;2272;25;0;34897;240;0;1.7;0.0;0.0
13;2021-01-26;2798;89;0;37695;329;0;1.9;0.0;0.0
13;2021-01-27;3048;126;0;40743;455;0;2.0;0.0;0.0
13;2021-01-28;3287;227;0;44030;682;0;2.2;0.0;0.0
13;2021-01-29;2548;149;0;46578;831;0;2.3;0.0;0.0
13;2021-01-30;977;29;0;47555;860;0;2.3;0.0;0.0
13;2021-01-31;214;0;0;47769;860;0;2.3;0.0;0.0
13;2021-02-01;1803;308;0;49572;1168;0;2.4;0.1;0.0
13;2021-02-02;2249;674;0;51821;1842;0;2.5;0.1;0.0
13;2021-02-03;1771;587;0;53592;2429;0;2.6;0.1;0.0
13;2021-02-04;1878;957;0;55470;3386;0;2.7;0.2;0.0
13;2021-02-05;2449;1486;0;57919;4872;0;2.8;0.2;0.0
13;2021-02-06;799;336;0;58718;5208;0;2.9;0.3;0.0
13;2021-02-07;250;6;0;58968;5214;0;2.9;0.3;0.0
13;2021-02-08;1796;1510;0;60764;6724;0;3.0;0.3;0.0
13;2021-02-09;3187;4300;0;63951;11024;0;3.1;0.5;0.0
13;2021-02-10;3070;3305;0;67021;14329;0;3.3;0.7;0.0
13;2021-02-11;3489;3527;0;70510;17856;0;3.5;0.9;0.0
13;2021-02-12;2660;3091;0;73170;20947;0;3.6;1.0;0.0
13;2021-02-13;715;608;0;73885;21555;0;3.6;1.1;0.0
13;2021-02-14;69;333;0;73954;21888;0;3.6;1.1;0.0
13;2021-02-15;896;2007;0;74850;23895;0;3.7;1.2;0.0
13;2021-02-16;1264;2579;0;76114;26474;0;3.7;1.3;0.0
13;2021-02-17;1330;2905;0;77444;29379;0;3.8;1.4;0.0
13;2021-02-18;1854;2736;0;79298;32115;0;3.9;1.6;0.0
13;2021-02-19;1502;2254;0;80800;34369;0;4.0;1.7;0.0
13;2021-02-20;435;779;0;81235;35148;0;4.0;1.7;0.0
13;2021-02-21;31;265;0;81266;35413;0;4.0;1.7;0.0
13;2021-02-22;1006;2231;0;82272;37644;0;4.0;1.9;0.0
13;2021-02-23;1243;2494;0;83515;40138;0;4.1;2.0;0.0
13;2021-02-24;1442;2537;0;84957;42675;0;4.2;2.1;0.0
13;2021-02-25;2331;2054;0;87288;44729;0;4.3;2.2;0.0
13;2021-02-26;2402;1997;0;89690;46726;0;4.4;2.3;0.0
13;2021-02-27;955;741;0;90645;47467;0;4.5;2.3;0.0
13;2021-02-28;183;179;0;90828;47646;0;4.5;2.3;0.0
13;2021-03-01;1846;1551;0;92674;49197;0;4.6;2.4;0.0
13;2021-03-02;2918;2614;0;95592;51811;0;4.7;2.5;0.0
13;2021-03-03;3431;2603;0;99023;54414;0;4.9;2.7;0.0
13;2021-03-04;4064;3089;0;103087;57503;0;5.1;2.8;0.0
13;2021-03-05;4029;2710;0;107116;60213;0;5.3;3.0;0.0
13;2021-03-06;5290;820;0;112406;61033;0;5.5;3.0;0.0
13;2021-03-07;4175;370;0;116581;61403;0;5.7;3.0;0.0
13;2021-03-08;3843;1991;0;120424;63394;0;5.9;3.1;0.0
13;2021-03-09;4882;2320;0;125306;65714;0;6.2;3.2;0.0
13;2021-03-10;5182;2071;0;130488;67785;0;6.4;3.3;0.0
13;2021-03-11;7202;2205;0;137690;69990;0;6.8;3.4;0.0
13;2021-03-12;8198;2078;0;145888;72068;0;7.2;3.5;0.0
13;2021-03-13;6213;740;0;152101;72808;0;7.5;3.6;0.0
13;2021-03-14;2219;176;0;154320;72984;0;7.6;3.6;0.0
13;2021-03-15;6157;1246;0;160477;74230;0;7.9;3.6;0.0
13;2021-03-16;4931;1565;0;165408;75795;0;8.1;3.7;0.0
13;2021-03-17;5082;1429;0;170490;77224;0;8.4;3.8;0.0
13;2021-03-18;5709;1805;0;176199;79029;0;8.7;3.9;0.0
13;2021-03-19;6662;1581;0;182861;80610;0;9.0;4.0;0.0
13;2021-03-20;3942;681;0;186803;81291;0;9.2;4.0;0.0
13;2021-03-21;762;91;0;187565;81382;0;9.2;4.0;0.0
13;2021-03-22;6923;1514;0;194488;82896;0;9.6;4.1;0.0
13;2021-03-23;8872;1727;0;203360;84623;0;10.0;4.2;0.0
13;2021-03-24;8609;2148;0;211969;86771;0;10.4;4.3;0.0
13;2021-03-25;10687;2061;0;222656;88832;0;10.9;4.4;0.0
13;2021-03-26;10376;1867;0;233032;90699;0;11.5;4.5;0.0
13;2021-03-27;4693;812;0;237725;91511;0;11.7;4.5;0.0
13;2021-03-28;1088;82;0;238813;91593;0;11.7;4.5;0.0
13;2021-03-29;7176;1958;0;245989;93551;0;12.1;4.6;0.0
13;2021-03-30;11964;2518;0;257953;96069;0;12.7;4.7;0.0
13;2021-03-31;10354;3180;0;268307;99249;0;13.2;4.9;0.0
13;2021-04-01;11739;3049;0;280046;102298;0;13.8;5.0;0.0
13;2021-04-02;9447;3782;0;289493;106080;0;14.2;5.2;0.0
13;2021-04-03;3873;2725;0;293366;108805;0;14.4;5.3;0.0
13;2021-04-04;625;314;0;293991;109119;0;14.5;5.4;0.0
13;2021-04-05;3411;721;0;297402;109840;0;14.6;5.4;0.0
13;2021-04-06;8284;4138;0;305686;113978;0;15.0;5.6;0.0
13;2021-04-07;9719;4593;0;315405;118571;0;15.5;5.8;0.0
13;2021-04-08;9763;5349;0;325168;123920;0;16.0;6.1;0.0
13;2021-04-09;10839;5010;0;336007;128930;0;16.5;6.3;0.0
13;2021-04-10;7018;2120;0;343025;131050;0;16.9;6.4;0.0
13;2021-04-11;1384;555;0;344409;131605;0;16.9;6.5;0.0
13;2021-04-12;7675;4658;0;352084;136263;0;17.3;6.7;0.0
13;2021-04-13;8795;5358;0;360879;141621;0;17.7;7.0;0.0
13;2021-04-14;9216;5700;0;370095;147321;0;18.2;7.2;0.0
13;2021-04-15;9564;5771;0;379659;153092;0;18.7;7.5;0.0
13;2021-04-16;9582;5461;0;389241;158553;0;19.1;7.8;0.0
13;2021-04-17;4016;1990;0;393257;160543;0;19.3;7.9;0.0
13;2021-04-18;2453;1405;0;395710;161948;0;19.5;8.0;0.0
13;2021-04-19;6233;6138;0;401943;168086;0;19.8;8.3;0.0
13;2021-04-20;7187;7285;0;409130;175371;0;20.1;8.6;0.0
13;2021-04-21;7579;7104;0;416709;182475;0;20.5;9.0;0.0
13;2021-04-22;8134;7604;0;424843;190079;0;20.9;9.3;0.0
13;2021-04-23;8117;6618;0;432960;196697;0;21.3;9.7;0.0
13;2021-04-24;4535;3651;0;437495;200348;0;21.5;9.8;0.0
13;2021-04-25;915;534;0;438410;200882;0;21.5;9.9;0.0
13;2021-04-26;5996;6754;0;444406;207636;0;21.8;10.2;0.0
13;2021-04-27;7112;7607;0;451518;215243;0;22.2;10.6;0.0
13;2021-04-28;9159;7441;0;460677;222684;0;22.6;10.9;0.0
13;2021-04-29;11184;7391;0;471861;230075;0;23.2;11.3;0.0
13;2021-04-30;10559;7125;0;482420;237200;0;23.7;11.7;0.0
13;2021-05-01;5071;3591;0;487491;240791;0;24.0;11.8;0.0
13;2021-05-02;2051;734;0;489542;241525;0;24.1;11.9;0.0
13;2021-05-03;6959;7548;0;496501;249073;0;24.4;12.2;0.0
13;2021-05-04;8084;8334;0;504585;257407;0;24.8;12.7;0.0
13;2021-05-05;7917;8727;0;512502;266134;0;25.2;13.1;0.0
13;2021-05-06;9884;8387;0;522386;274521;0;25.7;13.5;0.0
13;2021-05-07;8635;9681;0;531021;284202;0;26.1;14.0;0.0
13;2021-05-08;4463;3773;0;535484;287975;0;26.3;14.2;0.0
13;2021-05-09;976;701;0;536460;288676;0;26.4;14.2;0.0
13;2021-05-10;7392;8497;0;543852;297173;0;26.7;14.6;0.0
13;2021-05-11;10619;9246;0;554471;306419;0;27.3;15.1;0.0
13;2021-05-12;12283;8531;0;566754;314950;0;27.9;15.5;0.0
13;2021-05-13;9133;3507;0;575887;318457;0;28.3;15.7;0.0
13;2021-05-14;12816;6309;0;588703;324766;0;28.9;16.0;0.0
13;2021-05-15;9721;4377;0;598424;329143;0;29.4;16.2;0.0
13;2021-05-16;3167;786;0;601591;329929;0;29.6;16.2;0.0
13;2021-05-17;10015;6651;0;611606;336580;0;30.1;16.5;0.0
13;2021-05-18;11363;6374;0;622969;342954;0;30.6;16.9;0.0
13;2021-05-19;11630;6212;0;634599;349166;0;31.2;17.2;0.0
13;2021-05-20;12648;6247;0;647247;355413;0;31.8;17.5;0.0
13;2021-05-21;12297;6618;0;659544;362031;0;32.4;17.8;0.0
13;2021-05-22;7387;3562;0;666931;365593;0;32.8;18.0;0.0
13;2021-05-23;1109;665;0;668040;366258;0;32.8;18.0;0.0
13;2021-05-24;6466;2364;0;674506;368622;0;33.2;18.1;0.0
13;2021-05-25;8758;7363;0;683264;375985;0;33.6;18.5;0.0
13;2021-05-26;9680;7624;0;692944;383609;0;34.1;18.9;0.0
13;2021-05-27;9771;8206;0;702715;391815;0;34.5;19.3;0.0
13;2021-05-28;8832;8930;0;711547;400745;0;35.0;19.7;0.0
13;2021-05-29;6710;4542;0;718257;405287;0;35.3;19.9;0.0
13;2021-05-30;933;551;0;719190;405838;0;35.4;19.9;0.0
13;2021-05-31;7747;7709;0;726937;413547;0;35.7;20.3;0.0
13;2021-06-01;9127;8961;0;736064;422508;0;36.2;20.8;0.0
13;2021-06-02;9357;8433;0;745421;430941;0;36.6;21.2;0.0
13;2021-06-03;11678;9225;0;757099;440166;0;37.2;21.6;0.0
13;2021-06-04;11447;9786;0;768546;449952;0;37.8;22.1;0.0
13;2021-06-05;7035;5453;0;775581;455405;0;38.1;22.4;0.0
13;2021-06-06;1680;905;0;777261;456310;0;38.2;22.4;0.0
13;2021-06-07;6527;9480;0;783788;465790;0;38.5;22.9;0.0
13;2021-06-08;8114;9669;0;791902;475459;0;38.9;23.4;0.0
13;2021-06-09;8094;9443;0;799996;484902;0;39.3;23.8;0.0
13;2021-06-10;8697;9487;0;808693;494389;0;39.7;24.3;0.0
13;2021-06-11;8008;12130;0;816701;506519;0;40.1;24.9;0.0
13;2021-06-12;5600;6475;0;822301;512994;0;40.4;25.2;0.0
13;2021-06-13;984;1221;0;823285;514215;0;40.5;25.3;0.0
13;2021-06-14;5740;10614;0;829025;524829;0;40.7;25.8;0.0
13;2021-06-15;7017;10925;0;836042;535754;0;41.1;26.3;0.0
13;2021-06-16;6888;9580;0;842930;545334;0;41.4;26.8;0.0
13;2021-06-17;7153;10365;0;850083;555699;0;41.8;27.3;0.0
13;2021-06-18;7079;10670;0;857162;566369;0;42.1;27.8;0.0
13;2021-06-19;4501;7218;0;861663;573587;0;42.4;28.2;0.0
13;2021-06-20;947;1034;0;862610;574621;0;42.4;28.2;0.0
13;2021-06-21;4359;11739;0;866969;586360;0;42.6;28.8;0.0
13;2021-06-22;4689;13495;0;871658;599855;0;42.8;29.5;0.0
13;2021-06-23;4822;13068;0;876480;612923;0;43.1;30.1;0.0
13;2021-06-24;5059;12164;0;881539;625087;0;43.3;30.7;0.0
13;2021-06-25;4880;13964;0;886419;639051;0;43.6;31.4;0.0
13;2021-06-26;2903;9239;0;889322;648290;0;43.7;31.9;0.0
13;2021-06-27;527;1024;0;889849;649314;0;43.7;31.9;0.0
13;2021-06-28;3616;12039;0;893465;661353;0;43.9;32.5;0.0
13;2021-06-29;4267;12551;0;897732;673904;0;44.1;33.1;0.0
13;2021-06-30;4720;12300;0;902452;686204;0;44.4;33.7;0.0
13;2021-07-01;5635;11001;0;908087;697205;0;44.6;34.3;0.0
13;2021-07-02;5559;11909;0;913646;709114;0;44.9;34.9;0.0
13;2021-07-03;3332;8798;0;916978;717912;0;45.1;35.3;0.0
13;2021-07-04;553;986;0;917531;718898;0;45.1;35.3;0.0
13;2021-07-05;3763;10929;0;921294;729827;0;45.3;35.9;0.0
13;2021-07-06;5252;11137;0;926546;740964;0;45.5;36.4;0.0
13;2021-07-07;5345;10231;0;931891;751195;0;45.8;36.9;0.0
13;2021-07-08;5905;9762;1;937796;760957;1;46.1;37.4;0.0
13;2021-07-09;5843;11353;0;943639;772310;1;46.4;38.0;0.0
13;2021-07-10;3115;8322;0;946754;780632;1;46.5;38.4;0.0
13;2021-07-11;529;1092;0;947283;781724;1;46.6;38.4;0.0
13;2021-07-12;4412;10646;0;951695;792370;1;46.8;38.9;0.0
13;2021-07-13;8750;12829;0;960445;805199;1;47.2;39.6;0.0
13;2021-07-14;5443;4565;0;965888;809764;1;47.5;39.8;0.0
13;2021-07-15;10886;12474;0;976774;822238;1;48.0;40.4;0.0
13;2021-07-16;11863;12513;0;988637;834751;1;48.6;41.0;0.0
13;2021-07-17;6473;8283;0;995110;843034;1;48.9;41.4;0.0
13;2021-07-18;932;1126;0;996042;844160;1;49.0;41.5;0.0
13;2021-07-19;9442;10718;0;1005484;854878;1;49.4;42.0;0.0
13;2021-07-20;11625;11151;0;1017109;866029;1;50.0;42.6;0.0
13;2021-07-21;12042;10000;0;1029151;876029;1;50.6;43.1;0.0
13;2021-07-22;13734;9897;0;1042885;885926;1;51.3;43.5;0.0
13;2021-07-23;13775;10569;0;1056660;896495;1;51.9;44.1;0.0
13;2021-07-24;8000;7400;0;1064660;903895;1;52.3;44.4;0.0
13;2021-07-25;1169;836;0;1065829;904731;1;52.4;44.5;0.0
13;2021-07-26;10559;8638;0;1076388;913369;1;52.9;44.9;0.0
13;2021-07-27;12721;8828;0;1089109;922197;1;53.5;45.3;0.0
13;2021-07-28;11854;7786;0;1100963;929983;1;54.1;45.7;0.0
13;2021-07-29;13186;7722;0;1114149;937705;1;54.8;46.1;0.0
13;2021-07-30;12968;8400;0;1127117;946105;1;55.4;46.5;0.0
13;2021-07-31;8188;5622;0;1135305;951727;1;55.8;46.8;0.0
13;2021-08-01;1211;733;0;1136516;952460;1;55.9;46.8;0.0
13;2021-08-02;10061;6477;0;1146577;958937;1;56.4;47.1;0.0
13;2021-08-03;10893;7104;0;1157470;966041;1;56.9;47.5;0.0
13;2021-08-04;9365;6529;0;1166835;972570;1;57.4;47.8;0.0
13;2021-08-05;9120;7300;0;1175955;979870;1;57.8;48.2;0.0
13;2021-08-06;9051;8740;0;1185006;988610;1;58.2;48.6;0.0
13;2021-08-07;5261;5375;0;1190267;993985;1;58.5;48.9;0.0
13;2021-08-08;975;887;0;1191242;994872;1;58.6;48.9;0.0
13;2021-08-09;7913;8606;0;1199155;1003478;1;58.9;49.3;0.0
13;2021-08-10;8540;8654;0;1207695;1012132;1;59.4;49.7;0.0
13;2021-08-11;7481;8378;0;1215176;1020510;1;59.7;50.2;0.0
13;2021-08-12;7328;9236;0;1222504;1029746;1;60.1;50.6;0.0
13;2021-08-13;6636;8672;0;1229140;1038418;1;60.4;51.0;0.0
13;2021-08-14;3776;6281;0;1232916;1044699;1;60.6;51.3;0.0
13;2021-08-15;525;702;0;1233441;1045401;1;60.6;51.4;0.0
13;2021-08-16;6199;10535;0;1239640;1055936;1;60.9;51.9;0.0
13;2021-08-17;6275;10160;0;1245915;1066096;1;61.2;52.4;0.0
13;2021-08-18;6019;9667;0;1251934;1075763;1;61.5;52.9;0.0
13;2021-08-19;6158;10168;0;1258092;1085931;1;61.8;53.4;0.0
13;2021-08-20;5480;10715;0;1263572;1096646;1;62.1;53.9;0.0
13;2021-08-21;2532;6951;0;1266104;1103597;1;62.2;54.2;0.0
13;2021-08-22;402;1010;0;1266506;1104607;1;62.3;54.3;0.0
13;2021-08-23;4595;10762;0;1271101;1115369;1;62.5;54.8;0.0
13;2021-08-24;4987;10612;0;1276088;1125981;1;62.7;55.3;0.0
13;2021-08-25;4770;9804;0;1280858;1135785;1;63.0;55.8;0.0
13;2021-08-26;4668;9433;0;1285526;1145218;1;63.2;56.3;0.0
13;2021-08-27;4683;10288;0;1290209;1155506;1;63.4;56.8;0.0
13;2021-08-28;2279;6387;0;1292488;1161893;1;63.5;57.1;0.0
13;2021-08-29;345;1213;0;1292833;1163106;1;63.5;57.2;0.0
13;2021-08-30;3909;9381;144;1296742;1172487;145;63.7;57.6;0.0
13;2021-08-31;4179;9627;211;1300921;1182114;356;63.9;58.1;0.0
13;2021-09-01;4662;8062;358;1305583;1190176;714;64.2;58.5;0.0
13;2021-09-02;4031;7593;539;1309614;1197769;1253;64.4;58.9;0.1
13;2021-09-03;4096;8281;787;1313710;1206050;2040;64.6;59.3;0.1
13;2021-09-04;2196;5489;182;1315906;1211539;2222;64.7;59.6;0.1
13;2021-09-05;225;467;54;1316131;1212006;2276;64.7;59.6;0.1
13;2021-09-06;3163;5612;716;1319294;1217618;2992;64.8;59.8;0.1
13;2021-09-07;3075;5979;1071;1322369;1223597;4063;65.0;60.1;0.2
13;2021-09-08;3343;6089;848;1325712;1229686;4911;65.2;60.4;0.2
13;2021-09-09;2931;5335;1074;1328643;1235021;5985;65.3;60.7;0.3
13;2021-09-10;3419;6405;1082;1332062;1241426;7067;65.5;61.0;0.3
13;2021-09-11;2249;4981;340;1334311;1246407;7407;65.6;61.3;0.4
13;2021-09-12;263;388;53;1334574;1246795;7460;65.6;61.3;0.4
13;2021-09-13;2526;3980;989;1337100;1250775;8449;65.7;61.5;0.4
13;2021-09-14;3025;4352;1938;1340125;1255127;10387;65.9;61.7;0.5
13;2021-09-15;2792;5060;2011;1342917;1260187;12398;66.0;61.9;0.6
13;2021-09-16;2113;3592;2079;1345030;1263779;14477;66.1;62.1;0.7
13;2021-09-17;2259;4540;1674;1347289;1268319;16151;66.2;62.3;0.8
13;2021-09-18;1511;4070;536;1348800;1272389;16687;66.3;62.5;0.8
13;2021-09-19;100;188;55;1348900;1272577;16742;66.3;62.6;0.8
13;2021-09-20;1468;3043;1522;1350368;1275620;18264;66.4;62.7;0.9
13;2021-09-21;1427;2770;1825;1351795;1278390;20089;66.4;62.8;1.0
13;2021-09-22;1589;4185;1424;1353384;1282575;21513;66.5;63.0;1.1
13;2021-09-23;1500;3346;2072;1354884;1285921;23585;66.6;63.2;1.2
13;2021-09-24;1503;3825;1367;1356387;1289746;24952;66.7;63.4;1.2
13;2021-09-25;1143;3693;485;1357530;1293439;25437;66.7;63.6;1.3
13;2021-09-26;101;256;49;1357631;1293695;25486;66.7;63.6;1.3
13;2021-09-27;1196;2718;1257;1358827;1296413;26743;66.8;63.7;1.3
13;2021-09-28;1227;2423;1270;1360054;1298836;28013;66.9;63.8;1.4
13;2021-09-29;1522;3297;1389;1361576;1302133;29402;66.9;64.0;1.4
13;2021-09-30;1339;2875;1771;1362915;1305008;31173;67.0;64.1;1.5
13;2021-10-01;2198;3143;1637;1365113;1308151;32810;67.1;64.3;1.6
13;2021-10-02;1165;2648;613;1366278;1310799;33423;67.2;64.4;1.6
13;2021-10-03;110;219;29;1366388;1311018;33452;67.2;64.4;1.6
13;2021-10-04;951;1555;1170;1367339;1312573;34622;67.2;64.5;1.7
13;2021-10-05;1213;2309;1990;1368552;1314882;36612;67.3;64.6;1.8
13;2021-10-06;1328;2742;1975;1369880;1317624;38587;67.3;64.8;1.9
13;2021-10-07;1099;2204;2252;1370979;1319828;40839;67.4;64.9;2.0
13;2021-10-08;1470;2747;2398;1372449;1322575;43237;67.5;65.0;2.1
13;2021-10-09;939;2100;916;1373388;1324675;44153;67.5;65.1;2.2
13;2021-10-10;92;139;66;1373480;1324814;44219;67.5;65.1;2.2
13;2021-10-11;972;1695;1901;1374452;1326509;46120;67.6;65.2;2.3
13;2021-10-12;1142;1756;2252;1375594;1328265;48372;67.6;65.3;2.4
13;2021-10-13;1215;2094;2365;1376809;1330359;50737;67.7;65.4;2.5
13;2021-10-14;1049;1787;2441;1377858;1332146;53178;67.7;65.5;2.6
13;2021-10-15;1438;2191;3346;1379296;1334337;56524;67.8;65.6;2.8
13;2021-10-16;907;1528;972;1380203;1335865;57496;67.8;65.7;2.8
13;2021-10-17;80;132;57;1380283;1335997;57553;67.8;65.7;2.8
13;2021-10-18;909;1379;2070;1381192;1337376;59623;67.9;65.7;2.9
13;2021-10-19;938;1461;2574;1382130;1338837;62197;67.9;65.8;3.1
13;2021-10-20;1148;1699;3042;1383278;1340536;65239;68.0;65.9;3.2
13;2021-10-21;895;1466;3011;1384173;1342002;68250;68.0;66.0;3.4
13;2021-10-22;1199;1934;3930;1385372;1343936;72180;68.1;66.1;3.5
13;2021-10-23;728;1177;1327;1386100;1345113;73507;68.1;66.1;3.6
13;2021-10-24;105;134;138;1386205;1345247;73645;68.1;66.1;3.6
13;2021-10-25;800;1125;2699;1387005;1346372;76344;68.2;66.2;3.8
13;2021-10-26;820;1074;2931;1387825;1347446;79275;68.2;66.2;3.9
13;2021-10-27;894;1269;3268;1388719;1348715;82543;68.3;66.3;4.1
13;2021-10-28;733;1038;3328;1389452;1349753;85871;68.3;66.3;4.2
13;2021-10-29;954;1377;3846;1390406;1351130;89717;68.3;66.4;4.4
13;2021-10-30;607;956;1582;1391013;1352086;91299;68.4;66.5;4.5
13;2021-10-31;65;93;128;1391078;1352179;91427;68.4;66.5;4.5
13;2021-11-01;168;165;103;1391246;1352344;91530;68.4;66.5;4.5
13;2021-11-02;789;1200;3260;1392035;1353544;94790;68.4;66.5;4.7
13;2021-11-03;926;1303;3756;1392961;1354847;98546;68.5;66.6;4.8
13;2021-11-04;857;1058;4002;1393818;1355905;102548;68.5;66.6;5.0
13;2021-11-05;965;1345;4432;1394783;1357250;106980;68.6;66.7;5.3
13;2021-11-06;663;920;2002;1395446;1358170;108982;68.6;66.8;5.4
13;2021-11-07;67;128;104;1395513;1358298;109086;68.6;66.8;5.4
13;2021-11-08;628;1063;3700;1396141;1359361;112786;68.6;66.8;5.5
13;2021-11-09;799;1304;5354;1396940;1360665;118140;68.7;66.9;5.8
13;2021-11-10;1042;1524;6473;1397982;1362189;124613;68.7;67.0;6.1
13;2021-11-11;148;205;745;1398130;1362394;125358;68.7;67.0;6.2
13;2021-11-12;850;1218;6458;1398980;1363612;131816;68.8;67.0;6.5
13;2021-11-13;570;784;2343;1399550;1364396;134159;68.8;67.1;6.6
13;2021-11-14;67;150;286;1399617;1364546;134445;68.8;67.1;6.6
13;2021-11-15;616;1050;4848;1400233;1365596;139293;68.8;67.1;6.8
13;2021-11-16;792;1118;6768;1401025;1366714;146061;68.9;67.2;7.2
13;2021-11-17;1014;1174;6959;1402039;1367888;153020;68.9;67.2;7.5
13;2021-11-18;837;1081;6655;1402876;1368969;159675;69.0;67.3;7.8
13;2021-11-19;991;1197;7671;1403867;1370166;167346;69.0;67.3;8.2
13;2021-11-20;807;942;3435;1404674;1371108;170781;69.0;67.4;8.4
13;2021-11-21;62;104;298;1404736;1371212;171079;69.0;67.4;8.4
13;2021-11-22;741;781;5535;1405477;1371993;176614;69.1;67.4;8.7
13;2021-11-23;859;990;7819;1406336;1372983;184433;69.1;67.5;9.1
13;2021-11-24;1135;1247;8084;1407471;1374230;192517;69.2;67.5;9.5
13;2021-11-25;900;1021;9551;1408371;1375251;202068;69.2;67.6;9.9
13;2021-11-26;1067;1140;11650;1409438;1376391;213718;69.3;67.7;10.5
13;2021-11-27;763;974;5986;1410201;1377365;219704;69.3;67.7;10.8
13;2021-11-28;48;136;451;1410249;1377501;220155;69.3;67.7;10.8
13;2021-11-29;816;924;12220;1411065;1378425;232375;69.4;67.8;11.4
13;2021-11-30;905;968;14502;1411970;1379393;246877;69.4;67.8;12.1
13;2021-12-01;950;1066;17025;1412920;1380459;263902;69.4;67.9;13.0
13;2021-12-02;872;932;16728;1413792;1381391;280630;69.5;67.9;13.8
13;2021-12-03;979;1232;19856;1414771;1382623;300486;69.5;68.0;14.8
13;2021-12-04;647;848;9729;1415418;1383471;310215;69.6;68.0;15.2
13;2021-12-05;109;177;1073;1415527;1383648;311288;69.6;68.0;15.3
13;2021-12-06;760;995;16735;1416287;1384643;328023;69.6;68.1;16.1
13;2021-12-07;971;1151;21183;1417258;1385794;349206;69.7;68.1;17.2
13;2021-12-08;1056;1346;20121;1418314;1387140;369327;69.7;68.2;18.2
13;2021-12-09;875;1153;18060;1419189;1388293;387387;69.8;68.2;19.0
14;2020-12-27;0;0;0;0;0;0;0.0;0.0;0.0
14;2020-12-28;0;0;0;0;0;0;0.0;0.0;0.0
14;2020-12-29;0;0;0;0;0;0;0.0;0.0;0.0
14;2020-12-30;0;0;0;0;0;0;0.0;0.0;0.0
14;2020-12-31;5;0;0;5;0;0;0.0;0.0;0.0
14;2021-01-01;3;0;0;8;0;0;0.0;0.0;0.0
14;2021-01-02;2;0;0;10;0;0;0.0;0.0;0.0
14;2021-01-03;0;0;0;10;0;0;0.0;0.0;0.0
14;2021-01-04;5;0;0;15;0;0;0.0;0.0;0.0
14;2021-01-05;28;0;0;43;0;0;0.0;0.0;0.0
14;2021-01-06;351;0;0;394;0;0;0.1;0.0;0.0
14;2021-01-07;421;1;0;815;1;0;0.1;0.0;0.0
14;2021-01-08;651;5;0;1466;6;0;0.2;0.0;0.0
14;2021-01-09;134;0;0;1600;6;0;0.2;0.0;0.0
14;2021-01-10;49;0;0;1649;6;0;0.2;0.0;0.0
14;2021-01-11;678;6;0;2327;12;0;0.3;0.0;0.0
14;2021-01-12;949;6;0;3276;18;0;0.5;0.0;0.0
14;2021-01-13;886;1;0;4162;19;0;0.6;0.0;0.0
14;2021-01-14;2747;28;0;6909;47;0;1.0;0.0;0.0
14;2021-01-15;1832;22;0;8741;69;0;1.3;0.0;0.0
14;2021-01-16;274;3;0;9015;72;0;1.3;0.0;0.0
14;2021-01-17;169;7;0;9184;79;0;1.3;0.0;0.0
14;2021-01-18;1084;6;0;10268;85;0;1.5;0.0;0.0
14;2021-01-19;1155;4;0;11423;89;0;1.7;0.0;0.0
14;2021-01-20;1901;5;0;13324;94;0;1.9;0.0;0.0
14;2021-01-21;1796;9;0;15120;103;0;2.2;0.0;0.0
14;2021-01-22;1432;7;0;16552;110;0;2.4;0.0;0.0
14;2021-01-23;299;1;0;16851;111;0;2.4;0.0;0.0
14;2021-01-24;98;0;0;16949;111;0;2.5;0.0;0.0
14;2021-01-25;929;14;0;17878;125;0;2.6;0.0;0.0
14;2021-01-26;839;42;0;18717;167;0;2.7;0.0;0.0
14;2021-01-27;856;161;0;19573;328;0;2.8;0.0;0.0
14;2021-01-28;755;160;0;20328;488;0;2.9;0.1;0.0
14;2021-01-29;727;245;0;21055;733;0;3.0;0.1;0.0
14;2021-01-30;271;18;0;21326;751;0;3.1;0.1;0.0
14;2021-01-31;62;6;0;21388;757;0;3.1;0.1;0.0
14;2021-02-01;691;233;0;22079;990;0;3.2;0.1;0.0
14;2021-02-02;731;414;0;22810;1404;0;3.3;0.2;0.0
14;2021-02-03;719;431;0;23529;1835;0;3.4;0.3;0.0
14;2021-02-04;1097;1953;0;24626;3788;0;3.6;0.5;0.0
14;2021-02-05;1223;1265;0;25849;5053;0;3.7;0.7;0.0
14;2021-02-06;391;224;0;26240;5277;0;3.8;0.8;0.0
14;2021-02-07;179;80;0;26419;5357;0;3.8;0.8;0.0
14;2021-02-08;728;825;0;27147;6182;0;3.9;0.9;0.0
14;2021-02-09;677;1015;0;27824;7197;0;4.0;1.0;0.0
14;2021-02-10;802;1576;0;28626;8773;0;4.1;1.3;0.0
14;2021-02-11;1280;1445;0;29906;10218;0;4.3;1.5;0.0
14;2021-02-12;1254;1081;0;31160;11299;0;4.5;1.6;0.0
14;2021-02-13;303;222;0;31463;11521;0;4.6;1.7;0.0
14;2021-02-14;85;87;0;31548;11608;0;4.6;1.7;0.0
14;2021-02-15;442;1061;0;31990;12669;0;4.6;1.8;0.0
14;2021-02-16;676;1005;0;32666;13674;0;4.7;2.0;0.0
14;2021-02-17;389;956;0;33055;14630;0;4.8;2.1;0.0
14;2021-02-18;718;882;0;33773;15512;0;4.9;2.2;0.0
14;2021-02-19;708;757;0;34481;16269;0;5.0;2.4;0.0
14;2021-02-20;95;275;0;34576;16544;0;5.0;2.4;0.0
14;2021-02-21;5;101;0;34581;16645;0;5.0;2.4;0.0
14;2021-02-22;416;975;0;34997;17620;0;5.1;2.5;0.0
14;2021-02-23;467;885;0;35464;18505;0;5.1;2.7;0.0
14;2021-02-24;439;888;0;35903;19393;0;5.2;2.8;0.0
14;2021-02-25;1187;1117;0;37090;20510;0;5.4;3.0;0.0
14;2021-02-26;1496;1106;0;38586;21616;0;5.6;3.1;0.0
14;2021-02-27;508;282;0;39094;21898;0;5.7;3.2;0.0
14;2021-02-28;33;49;0;39127;21947;0;5.7;3.2;0.0
14;2021-03-01;519;850;0;39646;22797;0;5.7;3.3;0.0
14;2021-03-02;979;769;0;40625;23566;0;5.9;3.4;0.0
14;2021-03-03;1061;798;0;41686;24364;0;6.0;3.5;0.0
14;2021-03-04;1915;784;0;43601;25148;0;6.3;3.6;0.0
14;2021-03-05;2420;803;0;46021;25951;0;6.7;3.8;0.0
14;2021-03-06;3000;201;0;49021;26152;0;7.1;3.8;0.0
14;2021-03-07;1158;67;0;50179;26219;0;7.3;3.8;0.0
14;2021-03-08;1177;772;0;51356;26991;0;7.4;3.9;0.0
14;2021-03-09;1751;676;0;53107;27667;0;7.7;4.0;0.0
14;2021-03-10;1796;576;0;54903;28243;0;7.9;4.1;0.0
14;2021-03-11;2706;455;0;57609;28698;0;8.3;4.2;0.0
14;2021-03-12;3842;541;0;61451;29239;0;8.9;4.2;0.0
14;2021-03-13;1930;176;0;63381;29415;0;9.2;4.3;0.0
14;2021-03-14;96;41;0;63477;29456;0;9.2;4.3;0.0
14;2021-03-15;1982;143;0;65459;29599;0;9.5;4.3;0.0
14;2021-03-16;1434;280;0;66893;29879;0;9.7;4.3;0.0
14;2021-03-17;1127;192;0;68020;30071;0;9.8;4.3;0.0
14;2021-03-18;1407;288;0;69427;30359;0;10.0;4.4;0.0
14;2021-03-19;2532;259;0;71959;30618;0;10.4;4.4;0.0
14;2021-03-20;2594;45;0;74553;30663;0;10.8;4.4;0.0
14;2021-03-21;480;10;0;75033;30673;0;10.9;4.4;0.0
14;2021-03-22;1812;363;0;76845;31036;0;11.1;4.5;0.0
14;2021-03-23;2201;331;0;79046;31367;0;11.4;4.5;0.0
14;2021-03-24;2428;207;0;81474;31574;0;11.8;4.6;0.0
14;2021-03-25;3213;328;0;84687;31902;0;12.2;4.6;0.0
14;2021-03-26;4464;458;0;89151;32360;0;12.9;4.7;0.0
14;2021-03-27;2337;210;0;91488;32570;0;13.2;4.7;0.0
14;2021-03-28;116;7;0;91604;32577;0;13.2;4.7;0.0
14;2021-03-29;1656;508;0;93260;33085;0;13.5;4.8;0.0
14;2021-03-30;2696;535;0;95956;33620;0;13.9;4.9;0.0
14;2021-03-31;2317;938;0;98273;34558;0;14.2;5.0;0.0
14;2021-04-01;4074;1666;0;102347;36224;0;14.8;5.2;0.0
14;2021-04-02;3698;1260;0;106045;37484;0;15.3;5.4;0.0
14;2021-04-03;1112;1173;0;107157;38657;0;15.5;5.6;0.0
14;2021-04-04;53;441;0;107210;39098;0;15.5;5.7;0.0
14;2021-04-05;1131;303;0;108341;39401;0;15.7;5.7;0.0
14;2021-04-06;2338;1037;0;110679;40438;0;16.0;5.8;0.0
14;2021-04-07;2568;1040;0;113247;41478;0;16.4;6.0;0.0
14;2021-04-08;4120;1131;0;117367;42609;0;17.0;6.2;0.0
14;2021-04-09;5672;1118;0;123039;43727;0;17.8;6.3;0.0
14;2021-04-10;2860;462;0;125899;44189;0;18.2;6.4;0.0
14;2021-04-11;593;157;0;126492;44346;0;18.3;6.4;0.0
14;2021-04-12;2762;1559;0;129254;45905;0;18.7;6.6;0.0
14;2021-04-13;3334;1462;0;132588;47367;0;19.2;6.9;0.0
14;2021-04-14;2948;1147;0;135536;48514;0;19.6;7.0;0.0
14;2021-04-15;4242;1466;0;139778;49980;0;20.2;7.2;0.0
14;2021-04-16;4370;1501;0;144148;51481;0;20.8;7.4;0.0
14;2021-04-17;2349;1624;0;146497;53105;0;21.2;7.7;0.0
14;2021-04-18;519;344;0;147016;53449;0;21.3;7.7;0.0
14;2021-04-19;2644;1642;0;149660;55091;0;21.6;8.0;0.0
14;2021-04-20;3268;1859;0;152928;56950;0;22.1;8.2;0.0
14;2021-04-21;2837;1459;0;155765;58409;0;22.5;8.4;0.0
14;2021-04-22;4002;2070;0;159767;60479;0;23.1;8.7;0.0
14;2021-04-23;4431;2246;0;164198;62725;0;23.7;9.1;0.0
14;2021-04-24;1855;1793;0;166053;64518;0;24.0;9.3;0.0
14;2021-04-25;462;79;0;166515;64597;0;24.1;9.3;0.0
14;2021-04-26;3152;1570;0;169667;66167;0;24.5;9.6;0.0
14;2021-04-27;3381;2498;0;173048;68665;0;25.0;9.9;0.0
14;2021-04-28;3110;1838;0;176158;70503;0;25.5;10.2;0.0
14;2021-04-29;4308;2259;0;180466;72762;0;26.1;10.5;0.0
14;2021-04-30;4871;2603;0;185337;75365;0;26.8;10.9;0.0
14;2021-05-01;3495;222;0;188832;75587;0;27.3;10.9;0.0
14;2021-05-02;1226;76;0;190058;75663;0;27.5;10.9;0.0
14;2021-05-03;2278;2652;0;192336;78315;0;27.8;11.3;0.0
14;2021-05-04;2923;2858;0;195259;81173;0;28.2;11.7;0.0
14;2021-05-05;3523;2593;0;198782;83766;0;28.7;12.1;0.0
14;2021-05-06;4679;3384;0;203461;87150;0;29.4;12.6;0.0
14;2021-05-07;4551;3638;0;208012;90788;0;30.1;13.1;0.0
14;2021-05-08;2788;1221;0;210800;92009;0;30.5;13.3;0.0
14;2021-05-09;1879;615;0;212679;92624;0;30.8;13.4;0.0
14;2021-05-10;3431;3033;0;216110;95657;0;31.3;13.8;0.0
14;2021-05-11;4090;3458;0;220200;99115;0;31.8;14.3;0.0
14;2021-05-12;3957;3104;0;224157;102219;0;32.4;14.8;0.0
14;2021-05-13;4302;1047;0;228459;103266;0;33.0;14.9;0.0
14;2021-05-14;6212;2483;0;234671;105749;0;33.9;15.3;0.0
14;2021-05-15;5107;840;0;239778;106589;0;34.7;15.4;0.0
14;2021-05-16;2379;136;0;242157;106725;0;35.0;15.4;0.0
14;2021-05-17;2747;2125;0;244904;108850;0;35.4;15.7;0.0
14;2021-05-18;3899;2142;0;248803;110992;0;36.0;16.1;0.0
14;2021-05-19;3743;1956;0;252546;112948;0;36.5;16.3;0.0
14;2021-05-20;4382;2624;0;256928;115572;0;37.2;16.7;0.0
14;2021-05-21;4125;3324;0;261053;118896;0;37.8;17.2;0.0
14;2021-05-22;1862;868;0;262915;119764;0;38.0;17.3;0.0
14;2021-05-23;831;83;0;263746;119847;0;38.1;17.3;0.0
14;2021-05-24;2750;687;0;266496;120534;0;38.5;17.4;0.0
14;2021-05-25;3519;3269;0;270015;123803;0;39.1;17.9;0.0
14;2021-05-26;3332;2307;0;273347;126110;0;39.5;18.2;0.0
14;2021-05-27;4529;3147;0;277876;129257;0;40.2;18.7;0.0
14;2021-05-28;4803;3713;0;282679;132970;0;40.9;19.2;0.0
14;2021-05-29;2372;2463;0;285051;135433;0;41.2;19.6;0.0
14;2021-05-30;845;268;0;285896;135701;0;41.3;19.6;0.0
14;2021-05-31;3860;2829;0;289756;138530;0;41.9;20.0;0.0
14;2021-06-01;5380;3122;0;295136;141652;0;42.7;20.5;0.0
14;2021-06-02;4725;2747;0;299861;144399;0;43.4;20.9;0.0
14;2021-06-03;6164;3907;0;306025;148306;0;44.3;21.4;0.0
14;2021-06-04;6055;4929;0;312080;153235;0;45.1;22.2;0.0
14;2021-06-05;4167;1829;0;316247;155064;0;45.7;22.4;0.0
14;2021-06-06;2019;136;0;318266;155200;0;46.0;22.4;0.0
14;2021-06-07;4125;3262;0;322391;158462;0;46.6;22.9;0.0
14;2021-06-08;4923;2965;0;327314;161427;0;47.3;23.3;0.0
14;2021-06-09;4028;2871;0;331342;164298;0;47.9;23.8;0.0
14;2021-06-10;4787;2908;0;336129;167206;0;48.6;24.2;0.0
14;2021-06-11;4639;4674;0;340768;171880;0;49.3;24.9;0.0
14;2021-06-12;3562;4485;0;344330;176365;0;49.8;25.5;0.0
14;2021-06-13;933;1149;0;345263;177514;0;49.9;25.7;0.0
14;2021-06-14;2202;3516;0;347465;181030;0;50.3;26.2;0.0
14;2021-06-15;3194;3727;0;350659;184757;0;50.7;26.7;0.0
14;2021-06-16;3330;4389;0;353989;189146;0;51.2;27.4;0.0
14;2021-06-17;4033;5088;0;358022;194234;0;51.8;28.1;0.0
14;2021-06-18;3671;5820;0;361693;200054;0;52.3;28.9;0.0
14;2021-06-19;2603;2966;0;364296;203020;0;52.7;29.4;0.0
14;2021-06-20;643;1601;0;364939;204621;0;52.8;29.6;0.0
14;2021-06-21;2062;4150;0;367001;208771;0;53.1;30.2;0.0
14;2021-06-22;2444;4981;0;369445;213752;0;53.4;30.9;0.0
14;2021-06-23;2436;4249;0;371881;218001;0;53.8;31.5;0.0
14;2021-06-24;3282;5602;0;375163;223603;0;54.3;32.3;0.0
14;2021-06-25;2643;6952;0;377806;230555;0;54.6;33.3;0.0
14;2021-06-26;2103;4589;0;379909;235144;0;54.9;34.0;0.0
14;2021-06-27;469;1975;0;380378;237119;0;55.0;34.3;0.0
14;2021-06-28;1276;3836;0;381654;240955;0;55.2;34.8;0.0
14;2021-06-29;1721;5130;0;383375;246085;0;55.4;35.6;0.0
14;2021-06-30;1908;4592;0;385283;250677;0;55.7;36.3;0.0
14;2021-07-01;2820;5082;0;388103;255759;0;56.1;37.0;0.0
14;2021-07-02;2462;6407;0;390565;262166;0;56.5;37.9;0.0
14;2021-07-03;1406;2799;0;391971;264965;0;56.7;38.3;0.0
14;2021-07-04;466;910;0;392437;265875;0;56.8;38.5;0.0
14;2021-07-05;1192;4598;0;393629;270473;0;56.9;39.1;0.0
14;2021-07-06;2031;5818;0;395660;276291;0;57.2;40.0;0.0
14;2021-07-07;2139;4394;0;397799;280685;0;57.5;40.6;0.0
14;2021-07-08;2754;5368;0;400553;286053;0;57.9;41.4;0.0
14;2021-07-09;2664;6153;0;403217;292206;0;58.3;42.3;0.0
14;2021-07-10;1934;3234;0;405151;295440;0;58.6;42.7;0.0
14;2021-07-11;928;978;0;406079;296418;0;58.7;42.9;0.0
14;2021-07-12;1522;5660;0;407601;302078;0;58.9;43.7;0.0
14;2021-07-13;2931;7104;0;410532;309182;0;59.4;44.7;0.0
14;2021-07-14;2159;2892;0;412691;312074;0;59.7;45.1;0.0
14;2021-07-15;3909;7249;0;416600;319323;0;60.2;46.2;0.0
14;2021-07-16;4542;7301;0;421142;326624;0;60.9;47.2;0.0
14;2021-07-17;2101;4038;0;423243;330662;0;61.2;47.8;0.0
14;2021-07-18;819;1931;0;424062;332593;0;61.3;48.1;0.0
14;2021-07-19;2576;5811;0;426638;338404;0;61.7;48.9;0.0
14;2021-07-20;3246;6879;0;429884;345283;0;62.2;49.9;0.0
14;2021-07-21;3976;5594;0;433860;350877;0;62.7;50.7;0.0
14;2021-07-22;4851;6211;0;438711;357088;0;63.4;51.6;0.0
14;2021-07-23;5176;6489;0;443887;363577;0;64.2;52.6;0.0
14;2021-07-24;2900;3668;0;446787;367245;0;64.6;53.1;0.0
14;2021-07-25;1459;1308;0;448246;368553;0;64.8;53.3;0.0
14;2021-07-26;4328;3944;0;452574;372497;0;65.5;53.9;0.0
14;2021-07-27;5078;4217;0;457652;376714;0;66.2;54.5;0.0
14;2021-07-28;4914;3807;0;462566;380521;0;66.9;55.0;0.0
14;2021-07-29;6079;4626;0;468645;385147;0;67.8;55.7;0.0
14;2021-07-30;5463;4770;0;474108;389917;0;68.6;56.4;0.0
14;2021-07-31;2738;2446;0;476846;392363;0;69.0;56.7;0.0
14;2021-08-01;1793;943;0;478639;393306;0;69.2;56.9;0.0
14;2021-08-02;3665;4027;0;482304;397333;0;69.8;57.5;0.0
14;2021-08-03;4249;3870;0;486553;401203;0;70.4;58.0;0.0
14;2021-08-04;4210;3314;0;490763;404517;0;71.0;58.5;0.0
14;2021-08-05;4320;3795;0;495083;408312;0;71.6;59.1;0.0
14;2021-08-06;4026;4540;0;499109;412852;0;72.2;59.7;0.0
14;2021-08-07;1944;2172;0;501053;415024;0;72.5;60.0;0.0
14;2021-08-08;673;891;0;501726;415915;0;72.6;60.2;0.0
14;2021-08-09;2074;2832;0;503800;418747;0;72.9;60.6;0.0
14;2021-08-10;3358;3802;0;507158;422549;0;73.3;61.1;0.0
14;2021-08-11;2807;3194;0;509965;425743;0;73.8;61.6;0.0
14;2021-08-12;3097;4179;0;513062;429922;0;74.2;62.2;0.0
14;2021-08-13;2401;3957;0;515463;433879;0;74.5;62.7;0.0
14;2021-08-14;1290;1911;0;516753;435790;0;74.7;63.0;0.0
14;2021-08-15;365;1414;0;517118;437204;0;74.8;63.2;0.0
14;2021-08-16;1692;2813;0;518810;440017;0;75.0;63.6;0.0
14;2021-08-17;2064;4342;0;520874;444359;0;75.3;64.3;0.0
14;2021-08-18;1865;4278;0;522739;448637;0;75.6;64.9;0.0
14;2021-08-19;2147;4843;0;524886;453480;0;75.9;65.6;0.0
14;2021-08-20;1970;5129;0;526856;458609;0;76.2;66.3;0.0
14;2021-08-21;934;2784;0;527790;461393;0;76.3;66.7;0.0
14;2021-08-22;195;1628;0;527985;463021;0;76.4;67.0;0.0
14;2021-08-23;1145;4059;0;529130;467080;0;76.5;67.6;0.0
14;2021-08-24;1246;4211;0;530376;471291;0;76.7;68.2;0.0
14;2021-08-25;1298;4022;0;531674;475313;0;76.9;68.7;0.0
14;2021-08-26;1322;4686;0;532996;479999;0;77.1;69.4;0.0
14;2021-08-27;1347;4975;0;534343;484974;0;77.3;70.1;0.0
14;2021-08-28;714;2821;0;535057;487795;0;77.4;70.5;0.0
14;2021-08-29;201;1049;0;535258;488844;0;77.4;70.7;0.0
14;2021-08-30;921;3387;69;536179;492231;69;77.5;71.2;0.0
14;2021-08-31;1225;4431;155;537404;496662;224;77.7;71.8;0.0
14;2021-09-01;1002;3418;348;538406;500080;572;77.9;72.3;0.1
14;2021-09-02;816;2813;312;539222;502893;884;78.0;72.7;0.1
14;2021-09-03;1053;3500;478;540275;506393;1362;78.1;73.2;0.2
14;2021-09-04;677;2205;144;540952;508598;1506;78.2;73.6;0.2
14;2021-09-05;145;432;54;541097;509030;1560;78.3;73.6;0.2
14;2021-09-06;448;1736;373;541545;510766;1933;78.3;73.9;0.3
14;2021-09-07;474;1800;347;542019;512566;2280;78.4;74.1;0.3
14;2021-09-08;647;2535;432;542666;515101;2712;78.5;74.5;0.4
14;2021-09-09;566;1676;399;543232;516777;3111;78.6;74.7;0.4
14;2021-09-10;732;2292;577;543964;519069;3688;78.7;75.1;0.5
14;2021-09-11;513;1428;142;544477;520497;3830;78.7;75.3;0.6
14;2021-09-12;72;265;51;544549;520762;3881;78.8;75.3;0.6
14;2021-09-13;318;1084;506;544867;521846;4387;78.8;75.5;0.6
14;2021-09-14;634;1224;838;545501;523070;5225;78.9;75.6;0.8
14;2021-09-15;690;1868;711;546191;524938;5936;79.0;75.9;0.9
14;2021-09-16;530;1178;743;546721;526116;6679;79.1;76.1;1.0
14;2021-09-17;569;1324;634;547290;527440;7313;79.2;76.3;1.1
14;2021-09-18;249;985;110;547539;528425;7423;79.2;76.4;1.1
14;2021-09-19;45;150;10;547584;528575;7433;79.2;76.4;1.1
14;2021-09-20;331;729;704;547915;529304;8137;79.2;76.5;1.2
14;2021-09-21;465;765;840;548380;530069;8977;79.3;76.7;1.3
14;2021-09-22;405;1569;808;548785;531638;9785;79.4;76.9;1.4
14;2021-09-23;396;723;772;549181;532361;10557;79.4;77.0;1.5
14;2021-09-24;411;1229;927;549592;533590;11484;79.5;77.2;1.7
14;2021-09-25;200;713;117;549792;534303;11601;79.5;77.3;1.7
14;2021-09-26;41;144;18;549833;534447;11619;79.5;77.3;1.7
14;2021-09-27;270;681;645;550103;535128;12264;79.6;77.4;1.8
14;2021-09-28;344;640;669;550447;535768;12933;79.6;77.5;1.9
14;2021-09-29;299;882;627;550746;536650;13560;79.7;77.6;2.0
14;2021-09-30;313;616;895;551059;537266;14455;79.7;77.7;2.1
14;2021-10-01;440;788;624;551499;538054;15079;79.8;77.8;2.2
14;2021-10-02;264;546;189;551763;538600;15268;79.8;77.9;2.2
14;2021-10-03;35;67;13;551798;538667;15281;79.8;77.9;2.2
14;2021-10-04;265;459;671;552063;539126;15952;79.8;78.0;2.3
14;2021-10-05;261;452;793;552324;539578;16745;79.9;78.0;2.4
14;2021-10-06;365;767;790;552689;540345;17535;79.9;78.1;2.5
14;2021-10-07;218;409;640;552907;540754;18175;80.0;78.2;2.6
14;2021-10-08;380;761;945;553287;541515;19120;80.0;78.3;2.8
14;2021-10-09;193;356;149;553480;541871;19269;80.0;78.4;2.8
14;2021-10-10;8;8;5;553488;541879;19274;80.0;78.4;2.8
14;2021-10-11;173;447;624;553661;542326;19898;80.1;78.4;2.9
14;2021-10-12;286;554;1027;553947;542880;20925;80.1;78.5;3.0
14;2021-10-13;330;471;817;554277;543351;21742;80.2;78.6;3.1
14;2021-10-14;198;418;730;554475;543769;22472;80.2;78.6;3.2
14;2021-10-15;420;551;1372;554895;544320;23844;80.3;78.7;3.4
14;2021-10-16;185;261;552;555080;544581;24396;80.3;78.8;3.5
14;2021-10-17;3;9;11;555083;544590;24407;80.3;78.8;3.5
14;2021-10-18;199;327;729;555282;544917;25136;80.3;78.8;3.6
14;2021-10-19;194;405;981;555476;545322;26117;80.3;78.9;3.8
14;2021-10-20;217;326;900;555693;545648;27017;80.4;78.9;3.9
14;2021-10-21;213;459;968;555906;546107;27985;80.4;79.0;4.0
14;2021-10-22;344;473;1371;556250;546580;29356;80.4;79.0;4.2
14;2021-10-23;166;247;309;556416;546827;29665;80.5;79.1;4.3
14;2021-10-24;10;11;78;556426;546838;29743;80.5;79.1;4.3
14;2021-10-25;193;272;1233;556619;547110;30976;80.5;79.1;4.5
14;2021-10-26;181;217;944;556800;547327;31920;80.5;79.2;4.6
14;2021-10-27;202;436;1448;557002;547763;33368;80.6;79.2;4.8
14;2021-10-28;139;162;822;557141;547925;34190;80.6;79.2;4.9
14;2021-10-29;282;412;1731;557423;548337;35921;80.6;79.3;5.2
14;2021-10-30;97;188;238;557520;548525;36159;80.6;79.3;5.2
14;2021-10-31;2;7;15;557522;548532;36174;80.6;79.3;5.2
14;2021-11-01;4;4;10;557526;548536;36184;80.6;79.3;5.2
14;2021-11-02;182;298;1025;557708;548834;37209;80.7;79.4;5.4
14;2021-11-03;215;319;1441;557923;549153;38650;80.7;79.4;5.6
14;2021-11-04;154;218;1220;558077;549371;39870;80.7;79.5;5.8
14;2021-11-05;257;365;1825;558334;549736;41695;80.7;79.5;6.0
14;2021-11-06;88;150;326;558422;549886;42021;80.8;79.5;6.1
14;2021-11-07;11;14;16;558433;549900;42037;80.8;79.5;6.1
14;2021-11-08;109;243;1708;558542;550143;43745;80.8;79.6;6.3
14;2021-11-09;180;315;2327;558722;550458;46072;80.8;79.6;6.7
14;2021-11-10;259;386;2166;558981;550844;48238;80.8;79.7;7.0
14;2021-11-11;18;22;41;558999;550866;48279;80.8;79.7;7.0
14;2021-11-12;242;375;2138;559241;551241;50417;80.9;79.7;7.3
14;2021-11-13;128;210;696;559369;551451;51113;80.9;79.8;7.4
14;2021-11-14;8;11;30;559377;551462;51143;80.9;79.8;7.4
14;2021-11-15;133;262;2400;559510;551724;53543;80.9;79.8;7.7
14;2021-11-16;171;204;2575;559681;551928;56118;80.9;79.8;8.1
14;2021-11-17;259;311;2835;559940;552239;58953;81.0;79.9;8.5
14;2021-11-18;171;220;2230;560111;552459;61183;81.0;79.9;8.8
14;2021-11-19;358;431;4024;560469;552890;65207;81.1;80.0;9.4
14;2021-11-20;151;155;822;560620;553045;66029;81.1;80.0;9.5
14;2021-11-21;15;19;42;560635;553064;66071;81.1;80.0;9.6
14;2021-11-22;138;139;2391;560773;553203;68462;81.1;80.0;9.9
14;2021-11-23;231;164;3379;561004;553367;71841;81.1;80.0;10.4
14;2021-11-24;333;306;2875;561337;553673;74716;81.2;80.1;10.8
14;2021-11-25;177;140;2647;561514;553813;77363;81.2;80.1;11.2
14;2021-11-26;292;353;6054;561806;554166;83417;81.3;80.1;12.1
14;2021-11-27;146;170;2808;561952;554336;86225;81.3;80.2;12.5
14;2021-11-28;45;24;1570;561997;554360;87795;81.3;80.2;12.7
14;2021-11-29;127;157;4262;562124;554517;92057;81.3;80.2;13.3
14;2021-11-30;239;217;7154;562363;554734;99211;81.3;80.2;14.3
14;2021-12-01;235;222;7141;562598;554956;106352;81.4;80.3;15.4
14;2021-12-02;193;165;7952;562791;555121;114304;81.4;80.3;16.5
14;2021-12-03;210;244;10298;563001;555365;124602;81.4;80.3;18.0
14;2021-12-04;108;136;3908;563109;555501;128510;81.4;80.3;18.6
14;2021-12-05;33;25;2158;563142;555526;130668;81.4;80.3;18.9
14;2021-12-06;115;144;5385;563257;555670;136053;81.5;80.4;19.7
14;2021-12-07;205;201;8748;563462;555871;144801;81.5;80.4;20.9
14;2021-12-08;188;228;7405;563650;556099;152206;81.5;80.4;22.0
14;2021-12-09;193;198;8458;563843;556297;160664;81.5;80.5;23.2
15;2020-12-27;0;0;0;0;0;0;0.0;0.0;0.0
15;2020-12-28;0;0;0;0;0;0;0.0;0.0;0.0
15;2020-12-29;0;0;0;0;0;0;0.0;0.0;0.0
15;2020-12-30;0;0;0;0;0;0;0.0;0.0;0.0
15;2020-12-31;0;0;0;0;0;0;0.0;0.0;0.0
15;2021-01-01;1;0;0;1;0;0;0.0;0.0;0.0
15;2021-01-02;0;0;0;1;0;0;0.0;0.0;0.0
15;2021-01-03;0;0;0;1;0;0;0.0;0.0;0.0
15;2021-01-04;0;0;0;1;0;0;0.0;0.0;0.0
15;2021-01-05;0;0;0;1;0;0;0.0;0.0;0.0
15;2021-01-06;1;0;0;2;0;0;0.0;0.0;0.0
15;2021-01-07;71;1;0;73;1;0;0.1;0.0;0.0
15;2021-01-08;102;2;0;175;3;0;0.1;0.0;0.0
15;2021-01-09;1;0;0;176;3;0;0.1;0.0;0.0
15;2021-01-10;3;0;0;179;3;0;0.1;0.0;0.0
15;2021-01-11;95;1;0;274;4;0;0.2;0.0;0.0
15;2021-01-12;98;0;0;372;4;0;0.3;0.0;0.0
15;2021-01-13;246;0;0;618;4;0;0.4;0.0;0.0
15;2021-01-14;305;5;0;923;9;0;0.6;0.0;0.0
15;2021-01-15;137;0;0;1060;9;0;0.7;0.0;0.0
15;2021-01-16;83;0;0;1143;9;0;0.8;0.0;0.0
15;2021-01-17;0;0;0;1143;9;0;0.8;0.0;0.0
15;2021-01-18;384;2;0;1527;11;0;1.1;0.0;0.0
15;2021-01-19;483;0;0;2010;11;0;1.4;0.0;0.0
15;2021-01-20;577;2;0;2587;13;0;1.8;0.0;0.0
15;2021-01-21;523;4;0;3110;17;0;2.2;0.0;0.0
15;2021-01-22;496;4;0;3606;21;0;2.5;0.0;0.0
15;2021-01-23;400;1;0;4006;22;0;2.8;0.0;0.0
15;2021-01-24;4;0;0;4010;22;0;2.8;0.0;0.0
15;2021-01-25;382;0;0;4392;22;0;3.1;0.0;0.0
15;2021-01-26;418;0;0;4810;22;0;3.4;0.0;0.0
15;2021-01-27;755;8;0;5565;30;0;3.9;0.0;0.0
15;2021-01-28;628;50;0;6193;80;0;4.3;0.1;0.0
15;2021-01-29;332;73;0;6525;153;0;4.6;0.1;0.0
15;2021-01-30;200;2;0;6725;155;0;4.7;0.1;0.0
15;2021-01-31;0;0;0;6725;155;0;4.7;0.1;0.0
15;2021-02-01;230;90;0;6955;245;0;4.9;0.2;0.0
15;2021-02-02;177;86;0;7132;331;0;5.0;0.2;0.0
15;2021-02-03;263;177;0;7395;508;0;5.2;0.4;0.0
15;2021-02-04;621;196;0;8016;704;0;5.6;0.5;0.0
15;2021-02-05;277;236;0;8293;940;0;5.8;0.7;0.0
15;2021-02-06;89;70;0;8382;1010;0;5.9;0.7;0.0
15;2021-02-07;0;0;0;8382;1010;0;5.9;0.7;0.0
15;2021-02-08;220;106;0;8602;1116;0;6.0;0.8;0.0
15;2021-02-09;192;100;0;8794;1216;0;6.2;0.9;0.0
15;2021-02-10;339;234;0;9133;1450;0;6.4;1.0;0.0
15;2021-02-11;132;211;0;9265;1661;0;6.5;1.2;0.0
15;2021-02-12;141;165;0;9406;1826;0;6.6;1.3;0.0
15;2021-02-13;91;74;0;9497;1900;0;6.7;1.3;0.0
15;2021-02-14;0;0;0;9497;1900;0;6.7;1.3;0.0
15;2021-02-15;62;216;0;9559;2116;0;6.7;1.5;0.0
15;2021-02-16;54;278;0;9613;2394;0;6.7;1.7;0.0
15;2021-02-17;130;448;0;9743;2842;0;6.8;2.0;0.0
15;2021-02-18;105;738;0;9848;3580;0;6.9;2.5;0.0
15;2021-02-19;101;421;0;9949;4001;0;7.0;2.8;0.0
15;2021-02-20;19;241;0;9968;4242;0;7.0;3.0;0.0
15;2021-02-21;0;1;0;9968;4243;0;7.0;3.0;0.0
15;2021-02-22;25;484;0;9993;4727;0;7.0;3.3;0.0
15;2021-02-23;181;448;0;10174;5175;0;7.1;3.6;0.0
15;2021-02-24;48;421;0;10222;5596;0;7.2;3.9;0.0
15;2021-02-25;221;949;0;10443;6545;0;7.3;4.6;0.0
15;2021-02-26;176;446;0;10619;6991;0;7.4;4.9;0.0
15;2021-02-27;123;81;0;10742;7072;0;7.5;5.0;0.0
15;2021-02-28;1;0;0;10743;7072;0;7.5;5.0;0.0
15;2021-03-01;112;213;0;10855;7285;0;7.6;5.1;0.0
15;2021-03-02;249;299;0;11104;7584;0;7.8;5.3;0.0
15;2021-03-03;237;37;0;11341;7621;0;7.9;5.3;0.0
15;2021-03-04;253;265;0;11594;7886;0;8.1;5.5;0.0
15;2021-03-05;348;162;0;11942;8048;0;8.4;5.6;0.0
15;2021-03-06;669;14;0;12611;8062;0;8.8;5.6;0.0
15;2021-03-07;98;3;0;12709;8065;0;8.9;5.6;0.0
15;2021-03-08;102;106;0;12811;8171;0;9.0;5.7;0.0
15;2021-03-09;293;282;0;13104;8453;0;9.2;5.9;0.0
15;2021-03-10;455;173;0;13559;8626;0;9.5;6.0;0.0
15;2021-03-11;417;308;0;13976;8934;0;9.8;6.3;0.0
15;2021-03-12;536;102;0;14512;9036;0;10.2;6.3;0.0
15;2021-03-13;354;9;0;14866;9045;0;10.4;6.3;0.0
15;2021-03-14;18;1;0;14884;9046;0;10.4;6.3;0.0
15;2021-03-15;557;60;0;15441;9106;0;10.8;6.4;0.0
15;2021-03-16;333;31;0;15774;9137;0;11.0;6.4;0.0
15;2021-03-17;204;42;0;15978;9179;0;11.2;6.4;0.0
15;2021-03-18;245;113;0;16223;9292;0;11.4;6.5;0.0
15;2021-03-19;698;48;0;16921;9340;0;11.8;6.5;0.0
15;2021-03-20;140;34;0;17061;9374;0;11.9;6.6;0.0
15;2021-03-21;7;0;0;17068;9374;0;12.0;6.6;0.0
15;2021-03-22;591;79;0;17659;9453;0;12.4;6.6;0.0
15;2021-03-23;773;100;0;18432;9553;0;12.9;6.7;0.0
15;2021-03-24;923;44;0;19355;9597;0;13.6;6.7;0.0
15;2021-03-25;1245;50;0;20600;9647;0;14.4;6.8;0.0
15;2021-03-26;1003;66;0;21603;9713;0;15.1;6.8;0.0
15;2021-03-27;312;8;0;21915;9721;0;15.3;6.8;0.0
15;2021-03-28;25;0;0;21940;9721;0;15.4;6.8;0.0
15;2021-03-29;734;24;0;22674;9745;0;15.9;6.8;0.0
15;2021-03-30;1097;191;0;23771;9936;0;16.6;7.0;0.0
15;2021-03-31;923;39;0;24694;9975;0;17.3;7.0;0.0
15;2021-04-01;1198;102;0;25892;10077;0;18.1;7.1;0.0
15;2021-04-02;1083;70;0;26975;10147;0;18.9;7.1;0.0
15;2021-04-03;133;24;0;27108;10171;0;19.0;7.1;0.0
15;2021-04-04;4;0;0;27112;10171;0;19.0;7.1;0.0
15;2021-04-05;37;2;0;27149;10173;0;19.0;7.1;0.0
15;2021-04-06;783;102;0;27932;10275;0;19.6;7.2;0.0
15;2021-04-07;679;104;0;28611;10379;0;20.0;7.3;0.0
15;2021-04-08;1135;186;0;29746;10565;0;20.8;7.4;0.0
15;2021-04-09;1170;126;0;30916;10691;0;21.6;7.5;0.0
15;2021-04-10;341;41;0;31257;10732;0;21.9;7.5;0.0
15;2021-04-11;35;2;0;31292;10734;0;21.9;7.5;0.0
15;2021-04-12;611;461;0;31903;11195;0;22.3;7.8;0.0
15;2021-04-13;1087;333;0;32990;11528;0;23.1;8.1;0.0
15;2021-04-14;1012;237;0;34002;11765;0;23.8;8.2;0.0
15;2021-04-15;1124;342;0;35126;12107;0;24.6;8.5;0.0
15;2021-04-16;977;562;0;36103;12669;0;25.3;8.9;0.0
15;2021-04-17;414;23;0;36517;12692;0;25.6;8.9;0.0
15;2021-04-18;11;12;0;36528;12704;0;25.6;8.9;0.0
15;2021-04-19;527;529;0;37055;13233;0;25.9;9.3;0.0
15;2021-04-20;798;617;0;37853;13850;0;26.5;9.7;0.0
15;2021-04-21;608;599;0;38461;14449;0;26.9;10.1;0.0
15;2021-04-22;674;789;0;39135;15238;0;27.4;10.7;0.0
15;2021-04-23;719;649;0;39854;15887;0;27.9;11.1;0.0
15;2021-04-24;376;138;0;40230;16025;0;28.2;11.2;0.0
15;2021-04-25;9;9;0;40239;16034;0;28.2;11.2;0.0
15;2021-04-26;328;600;0;40567;16634;0;28.4;11.6;0.0
15;2021-04-27;489;875;0;41056;17509;0;28.7;12.3;0.0
15;2021-04-28;430;755;0;41486;18264;0;29.0;12.8;0.0
15;2021-04-29;647;999;0;42133;19263;0;29.5;13.5;0.0
15;2021-04-30;556;1029;0;42689;20292;0;29.9;14.2;0.0
15;2021-05-01;324;35;0;43013;20327;0;30.1;14.2;0.0
15;2021-05-02;38;5;0;43051;20332;0;30.1;14.2;0.0
15;2021-05-03;849;320;0;43900;20652;0;30.7;14.5;0.0
15;2021-05-04;789;792;0;44689;21444;0;31.3;15.0;0.0
15;2021-05-05;701;661;0;45390;22105;0;31.8;15.5;0.0
15;2021-05-06;858;913;0;46248;23018;0;32.4;16.1;0.0
15;2021-05-07;1115;841;0;47363;23859;0;33.2;16.7;0.0
15;2021-05-08;506;68;0;47869;23927;0;33.5;16.8;0.0
15;2021-05-09;45;25;0;47914;23952;0;33.6;16.8;0.0
15;2021-05-10;626;844;0;48540;24796;0;34.0;17.4;0.0
15;2021-05-11;1112;1141;0;49652;25937;0;34.8;18.2;0.0
15;2021-05-12;1079;813;0;50731;26750;0;35.5;18.7;0.0
15;2021-05-13;1082;398;0;51813;27148;0;36.3;19.0;0.0
15;2021-05-14;1422;563;0;53235;27711;0;37.3;19.4;0.0
15;2021-05-15;1294;396;0;54529;28107;0;38.2;19.7;0.0
15;2021-05-16;23;15;0;54552;28122;0;38.2;19.7;0.0
15;2021-05-17;1029;579;0;55581;28701;0;38.9;20.1;0.0
15;2021-05-18;1213;884;0;56794;29585;0;39.8;20.7;0.0
15;2021-05-19;1049;455;0;57843;30040;0;40.5;21.0;0.0
15;2021-05-20;1230;760;0;59073;30800;0;41.4;21.6;0.0
15;2021-05-21;1321;702;0;60394;31502;0;42.3;22.1;0.0
15;2021-05-22;508;182;0;60902;31684;0;42.6;22.2;0.0
15;2021-05-23;26;19;0;60928;31703;0;42.7;22.2;0.0
15;2021-05-24;671;241;0;61599;31944;0;43.1;22.4;0.0
15;2021-05-25;1124;602;0;62723;32546;0;43.9;22.8;0.0
15;2021-05-26;1093;479;0;63816;33025;0;44.7;23.1;0.0
15;2021-05-27;1267;689;0;65083;33714;0;45.6;23.6;0.0
15;2021-05-28;1468;893;0;66551;34607;0;46.6;24.2;0.0
15;2021-05-29;930;355;0;67481;34962;0;47.3;24.5;0.0
15;2021-05-30;55;34;0;67536;34996;0;47.3;24.5;0.0
15;2021-05-31;1156;488;0;68692;35484;0;48.1;24.8;0.0
15;2021-06-01;1332;580;0;70024;36064;0;49.0;25.3;0.0
15;2021-06-02;859;433;0;70883;36497;0;49.6;25.6;0.0
15;2021-06-03;904;731;0;71787;37228;0;50.3;26.1;0.0
15;2021-06-04;1047;726;0;72834;37954;0;51.0;26.6;0.0
15;2021-06-05;638;268;0;73472;38222;0;51.4;26.8;0.0
15;2021-06-06;35;32;0;73507;38254;0;51.5;26.8;0.0
15;2021-06-07;749;375;0;74256;38629;0;52.0;27.0;0.0
15;2021-06-08;491;418;0;74747;39047;0;52.3;27.3;0.0
15;2021-06-09;441;412;0;75188;39459;0;52.6;27.6;0.0
15;2021-06-10;309;519;0;75497;39978;0;52.9;28.0;0.0
15;2021-06-11;608;1078;0;76105;41056;0;53.3;28.7;0.0
15;2021-06-12;373;485;0;76478;41541;0;53.6;29.1;0.0
15;2021-06-13;25;25;0;76503;41566;0;53.6;29.1;0.0
15;2021-06-14;518;928;0;77021;42494;0;53.9;29.8;0.0
15;2021-06-15;438;1141;0;77459;43635;0;54.2;30.6;0.0
15;2021-06-16;605;898;0;78064;44533;0;54.7;31.2;0.0
15;2021-06-17;305;972;0;78369;45505;0;54.9;31.9;0.0
15;2021-06-18;733;1180;0;79102;46685;0;55.4;32.7;0.0
15;2021-06-19;502;698;0;79604;47383;0;55.7;33.2;0.0
15;2021-06-20;22;18;0;79626;47401;0;55.8;33.2;0.0
15;2021-06-21;280;983;0;79906;48384;0;56.0;33.9;0.0
15;2021-06-22;238;1384;0;80144;49768;0;56.1;34.8;0.0
15;2021-06-23;355;1400;0;80499;51168;0;56.4;35.8;0.0
15;2021-06-24;295;1106;0;80794;52274;0;56.6;36.6;0.0
15;2021-06-25;368;1565;0;81162;53839;0;56.8;37.7;0.0
15;2021-06-26;163;879;0;81325;54718;0;56.9;38.3;0.0
15;2021-06-27;6;27;0;81331;54745;0;57.0;38.3;0.0
15;2021-06-28;189;1237;0;81520;55982;0;57.1;39.2;0.0
15;2021-06-29;280;1223;0;81800;57205;0;57.3;40.1;0.0
15;2021-06-30;301;1017;0;82101;58222;0;57.5;40.8;0.0
15;2021-07-01;373;1207;0;82474;59429;0;57.8;41.6;0.0
15;2021-07-02;397;1332;0;82871;60761;0;58.0;42.5;0.0
15;2021-07-03;240;691;0;83111;61452;0;58.2;43.0;0.0
15;2021-07-04;4;21;0;83115;61473;0;58.2;43.0;0.0
15;2021-07-05;227;1214;0;83342;62687;0;58.4;43.9;0.0
15;2021-07-06;244;1437;0;83586;64124;0;58.5;44.9;0.0
15;2021-07-07;277;1312;0;83863;65436;0;58.7;45.8;0.0
15;2021-07-08;459;1327;0;84322;66763;0;59.0;46.7;0.0
15;2021-07-09;459;1708;0;84781;68471;0;59.4;47.9;0.0
15;2021-07-10;216;872;0;84997;69343;0;59.5;48.6;0.0
15;2021-07-11;9;27;0;85006;69370;0;59.5;48.6;0.0
15;2021-07-12;246;1422;0;85252;70792;0;59.7;49.6;0.0
15;2021-07-13;565;1665;0;85817;72457;0;60.1;50.7;0.0
15;2021-07-14;47;133;0;85864;72590;0;60.1;50.8;0.0
15;2021-07-15;1048;750;0;86912;73340;0;60.9;51.4;0.0
15;2021-07-16;1061;1228;0;87973;74568;0;61.6;52.2;0.0
15;2021-07-17;753;898;0;88726;75466;0;62.1;52.8;0.0
15;2021-07-18;37;18;0;88763;75484;0;62.2;52.9;0.0
15;2021-07-19;973;1160;0;89736;76644;0;62.8;53.7;0.0
15;2021-07-20;1409;554;0;91145;77198;0;63.8;54.1;0.0
15;2021-07-21;1050;595;0;92195;77793;0;64.6;54.5;0.0
15;2021-07-22;818;528;0;93013;78321;0;65.1;54.8;0.0
15;2021-07-23;1221;1014;0;94234;79335;0;66.0;55.6;0.0
15;2021-07-24;615;733;0;94849;80068;0;66.4;56.1;0.0
15;2021-07-25;25;43;0;94874;80111;0;66.4;56.1;0.0
15;2021-07-26;1064;491;0;95938;80602;0;67.2;56.4;0.0
15;2021-07-27;1426;530;0;97364;81132;0;68.2;56.8;0.0
15;2021-07-28;1090;531;0;98454;81663;0;68.9;57.2;0.0
15;2021-07-29;791;433;0;99245;82096;0;69.5;57.5;0.0
15;2021-07-30;912;1030;0;100157;83126;0;70.1;58.2;0.0
15;2021-07-31;563;597;0;100720;83723;0;70.5;58.6;0.0
15;2021-08-01;42;24;0;100762;83747;0;70.6;58.6;0.0
15;2021-08-02;933;486;0;101695;84233;0;71.2;59.0;0.0
15;2021-08-03;981;358;0;102676;84591;0;71.9;59.2;0.0
15;2021-08-04;771;383;0;103447;84974;0;72.4;59.5;0.0
15;2021-08-05;441;311;0;103888;85285;0;72.7;59.7;0.0
15;2021-08-06;749;1131;0;104637;86416;0;73.3;60.5;0.0
15;2021-08-07;250;1065;0;104887;87481;0;73.4;61.3;0.0
15;2021-08-08;9;19;0;104896;87500;0;73.5;61.3;0.0
15;2021-08-09;462;1005;0;105358;88505;0;73.8;62.0;0.0
15;2021-08-10;382;652;0;105740;89157;0;74.0;62.4;0.0
15;2021-08-11;431;872;0;106171;90029;0;74.3;63.0;0.0
15;2021-08-12;488;1098;0;106659;91127;0;74.7;63.8;0.0
15;2021-08-13;611;1003;0;107270;92130;0;75.1;64.5;0.0
15;2021-08-14;170;538;0;107440;92668;0;75.2;64.9;0.0
15;2021-08-15;32;30;0;107472;92698;0;75.3;64.9;0.0
15;2021-08-16;359;981;0;107831;93679;0;75.5;65.6;0.0
15;2021-08-17;366;1017;0;108197;94696;0;75.8;66.3;0.0
15;2021-08-18;392;747;0;108589;95443;0;76.0;66.8;0.0
15;2021-08-19;277;834;0;108866;96277;0;76.2;67.4;0.0
15;2021-08-20;518;1101;0;109384;97378;0;76.6;68.2;0.0
15;2021-08-21;190;765;0;109574;98143;0;76.7;68.7;0.0
15;2021-08-22;17;39;0;109591;98182;0;76.7;68.7;0.0
15;2021-08-23;214;570;0;109805;98752;0;76.9;69.1;0.0
15;2021-08-24;226;535;0;110031;99287;0;77.0;69.5;0.0
15;2021-08-25;200;510;0;110231;99797;0;77.2;69.9;0.0
15;2021-08-26;139;455;0;110370;100252;0;77.3;70.2;0.0
15;2021-08-27;325;1230;0;110695;101482;0;77.5;71.1;0.0
15;2021-08-28;192;806;0;110887;102288;0;77.6;71.6;0.0
15;2021-08-29;14;22;0;110901;102310;0;77.7;71.6;0.0
15;2021-08-30;202;981;3;111103;103291;3;77.8;72.3;0.0
15;2021-08-31;358;651;18;111461;103942;21;78.0;72.8;0.0
15;2021-09-01;183;420;42;111644;104362;63;78.2;73.1;0.0
15;2021-09-02;104;308;36;111748;104670;99;78.2;73.3;0.1
15;2021-09-03;187;815;117;111935;105485;216;78.4;73.9;0.2
15;2021-09-04;148;332;66;112083;105817;282;78.5;74.1;0.2
15;2021-09-05;4;20;1;112087;105837;283;78.5;74.1;0.2
15;2021-09-06;104;320;170;112191;106157;453;78.6;74.3;0.3
15;2021-09-07;106;204;68;112297;106361;521;78.6;74.5;0.4
15;2021-09-08;200;416;185;112497;106777;706;78.8;74.8;0.5
15;2021-09-09;111;366;84;112608;107143;790;78.9;75.0;0.6
15;2021-09-10;212;672;238;112820;107815;1028;79.0;75.5;0.7
15;2021-09-11;92;276;68;112912;108091;1096;79.1;75.7;0.8
15;2021-09-12;4;9;1;112916;108100;1097;79.1;75.7;0.8
15;2021-09-13;93;253;150;113009;108353;1247;79.1;75.9;0.9
15;2021-09-14;127;124;138;113136;108477;1385;79.2;76.0;1.0
15;2021-09-15;74;244;109;113210;108721;1494;79.3;76.1;1.0
15;2021-09-16;45;136;188;113255;108857;1682;79.3;76.2;1.2
15;2021-09-17;238;550;271;113493;109407;1953;79.5;76.6;1.4
15;2021-09-18;71;334;75;113564;109741;2028;79.5;76.8;1.4
15;2021-09-19;2;7;1;113566;109748;2029;79.5;76.8;1.4
15;2021-09-20;103;205;207;113669;109953;2236;79.6;77.0;1.6
15;2021-09-21;41;110;135;113710;110063;2371;79.6;77.1;1.7
15;2021-09-22;79;312;212;113789;110375;2583;79.7;77.3;1.8
15;2021-09-23;41;109;162;113830;110484;2745;79.7;77.4;1.9
15;2021-09-24;128;311;299;113958;110795;3044;79.8;77.6;2.1
15;2021-09-25;38;208;66;113996;111003;3110;79.8;77.7;2.2
15;2021-09-26;2;5;0;113998;111008;3110;79.8;77.7;2.2
15;2021-09-27;84;134;173;114082;111142;3283;79.9;77.8;2.3
15;2021-09-28;79;131;82;114161;111273;3365;79.9;77.9;2.4
15;2021-09-29;67;206;210;114228;111479;3575;80.0;78.1;2.5
15;2021-09-30;31;93;109;114259;111572;3684;80.0;78.1;2.6
15;2021-10-01;113;205;224;114372;111777;3908;80.1;78.3;2.7
15;2021-10-02;29;138;58;114401;111915;3966;80.1;78.4;2.8
15;2021-10-03;0;2;0;114401;111917;3966;80.1;78.4;2.8
15;2021-10-04;54;61;138;114455;111978;4104;80.1;78.4;2.9
15;2021-10-05;32;64;164;114487;112042;4268;80.2;78.5;3.0
15;2021-10-06;71;117;200;114558;112159;4468;80.2;78.5;3.1
15;2021-10-07;40;88;146;114598;112247;4614;80.2;78.6;3.2
15;2021-10-08;52;148;132;114650;112395;4746;80.3;78.7;3.3
15;2021-10-09;53;101;87;114703;112496;4833;80.3;78.8;3.4
15;2021-10-10;1;6;5;114704;112502;4838;80.3;78.8;3.4
15;2021-10-11;48;148;168;114752;112650;5006;80.4;78.9;3.5
15;2021-10-12;37;56;138;114789;112706;5144;80.4;78.9;3.6
15;2021-10-13;74;160;221;114863;112866;5365;80.4;79.0;3.8
15;2021-10-14;25;26;84;114888;112892;5449;80.4;79.0;3.8
15;2021-10-15;61;109;224;114949;113001;5673;80.5;79.1;4.0
15;2021-10-16;47;97;85;114996;113098;5758;80.5;79.2;4.0
15;2021-10-17;1;2;0;114997;113100;5758;80.5;79.2;4.0
15;2021-10-18;44;110;229;115041;113210;5987;80.6;79.3;4.2
15;2021-10-19;22;62;216;115063;113272;6203;80.6;79.3;4.3
15;2021-10-20;28;76;323;115091;113348;6526;80.6;79.4;4.6
15;2021-10-21;28;40;198;115119;113388;6724;80.6;79.4;4.7
15;2021-10-22;16;68;191;115135;113456;6915;80.6;79.4;4.8
15;2021-10-23;15;70;171;115150;113526;7086;80.6;79.5;5.0
15;2021-10-24;0;0;10;115150;113526;7096;80.6;79.5;5.0
15;2021-10-25;28;55;205;115178;113581;7301;80.7;79.5;5.1
15;2021-10-26;15;34;175;115193;113615;7476;80.7;79.6;5.2
15;2021-10-27;31;81;440;115224;113696;7916;80.7;79.6;5.5
15;2021-10-28;14;10;88;115238;113706;8004;80.7;79.6;5.6
15;2021-10-29;18;57;160;115256;113763;8164;80.7;79.7;5.7
15;2021-10-30;13;49;227;115269;113812;8391;80.7;79.7;5.9
15;2021-10-31;1;1;4;115270;113813;8395;80.7;79.7;5.9
15;2021-11-01;0;1;2;115270;113814;8397;80.7;79.7;5.9
15;2021-11-02;18;56;262;115288;113870;8659;80.7;79.7;6.1
15;2021-11-03;40;86;463;115328;113956;9122;80.8;79.8;6.4
15;2021-11-04;37;40;382;115365;113996;9504;80.8;79.8;6.7
15;2021-11-05;20;30;242;115385;114026;9746;80.8;79.8;6.8
15;2021-11-06;19;42;202;115404;114068;9948;80.8;79.9;7.0
15;2021-11-07;0;0;10;115404;114068;9958;80.8;79.9;7.0
15;2021-11-08;36;95;530;115440;114163;10488;80.8;79.9;7.3
15;2021-11-09;16;32;387;115456;114195;10875;80.8;80.0;7.6
15;2021-11-10;32;43;773;115488;114238;11648;80.9;80.0;8.2
15;2021-11-11;0;6;16;115488;114244;11664;80.9;80.0;8.2
15;2021-11-12;13;28;284;115501;114272;11948;80.9;80.0;8.4
15;2021-11-13;29;36;347;115530;114308;12295;80.9;80.0;8.6
15;2021-11-14;0;3;13;115530;114311;12308;80.9;80.0;8.6
15;2021-11-15;14;20;445;115544;114331;12753;80.9;80.1;8.9
15;2021-11-16;21;24;799;115565;114355;13552;80.9;80.1;9.5
15;2021-11-17;42;44;859;115607;114399;14411;81.0;80.1;10.1
15;2021-11-18;27;36;697;115634;114435;15108;81.0;80.1;10.6
15;2021-11-19;23;29;405;115657;114464;15513;81.0;80.2;10.9
15;2021-11-20;28;22;521;115685;114486;16034;81.0;80.2;11.2
15;2021-11-21;0;1;15;115685;114487;16049;81.0;80.2;11.2
15;2021-11-22;17;20;535;115702;114507;16584;81.0;80.2;11.6
15;2021-11-23;23;25;577;115725;114532;17161;81.0;80.2;12.0
15;2021-11-24;47;43;1034;115772;114575;18195;81.1;80.2;12.7
15;2021-11-25;26;15;529;115798;114590;18724;81.1;80.2;13.1
15;2021-11-26;31;24;825;115829;114614;19549;81.1;80.3;13.7
15;2021-11-27;51;34;1172;115880;114648;20721;81.1;80.3;14.5
15;2021-11-28;3;1;54;115883;114649;20775;81.1;80.3;14.5
15;2021-11-29;24;21;826;115907;114670;21601;81.2;80.3;15.1
15;2021-11-30;24;23;1004;115931;114693;22605;81.2;80.3;15.8
15;2021-12-01;24;46;1907;115955;114739;24512;81.2;80.3;17.2
15;2021-12-02;26;28;1197;115981;114767;25709;81.2;80.4;18.0
15;2021-12-03;30;29;943;116011;114796;26652;81.2;80.4;18.7
15;2021-12-04;18;28;1288;116029;114824;27940;81.2;80.4;19.6
15;2021-12-05;4;0;77;116033;114824;28017;81.2;80.4;19.6
15;2021-12-06;22;36;2136;116055;114860;30153;81.3;80.4;21.1
15;2021-12-07;19;19;1384;116074;114879;31537;81.3;80.4;22.1
15;2021-12-08;27;53;2051;116101;114932;33588;81.3;80.5;23.5
15;2021-12-09;16;19;1135;116117;114951;34723;81.3;80.5;24.3
16;2020-12-27;0;0;0;0;0;0;0.0;0.0;0.0
16;2020-12-28;0;0;0;0;0;0;0.0;0.0;0.0
16;2020-12-29;0;0;0;0;0;0;0.0;0.0;0.0
16;2020-12-30;1;0;0;1;0;0;0.0;0.0;0.0
16;2020-12-31;0;0;0;1;0;0;0.0;0.0;0.0
16;2021-01-01;0;0;0;1;0;0;0.0;0.0;0.0
16;2021-01-02;0;0;0;1;0;0;0.0;0.0;0.0
16;2021-01-03;0;0;0;1;0;0;0.0;0.0;0.0
16;2021-01-04;2;0;0;3;0;0;0.0;0.0;0.0
16;2021-01-05;10;0;0;13;0;0;0.0;0.0;0.0
16;2021-01-06;81;0;0;94;0;0;0.0;0.0;0.0
16;2021-01-07;237;0;0;331;0;0;0.1;0.0;0.0
16;2021-01-08;428;2;0;759;2;0;0.2;0.0;0.0
16;2021-01-09;2;0;0;761;2;0;0.2;0.0;0.0
16;2021-01-10;2;0;0;763;2;0;0.2;0.0;0.0
16;2021-01-11;300;0;0;1063;2;0;0.3;0.0;0.0
16;2021-01-12;406;1;0;1469;3;0;0.4;0.0;0.0
16;2021-01-13;460;1;0;1929;4;0;0.6;0.0;0.0
16;2021-01-14;576;7;0;2505;11;0;0.7;0.0;0.0
16;2021-01-15;482;4;0;2987;15;0;0.9;0.0;0.0
16;2021-01-16;1;0;0;2988;15;0;0.9;0.0;0.0
16;2021-01-17;0;0;0;2988;15;0;0.9;0.0;0.0
16;2021-01-18;426;5;0;3414;20;0;1.0;0.0;0.0
16;2021-01-19;793;1;0;4207;21;0;1.2;0.0;0.0
16;2021-01-20;1153;2;0;5360;23;0;1.5;0.0;0.0
16;2021-01-21;1336;13;0;6696;36;0;1.9;0.0;0.0
16;2021-01-22;1131;5;0;7827;41;0;2.2;0.0;0.0
16;2021-01-23;173;1;0;8000;42;0;2.3;0.0;0.0
16;2021-01-24;2;0;0;8002;42;0;2.3;0.0;0.0
16;2021-01-25;586;3;0;8588;45;0;2.5;0.0;0.0
16;2021-01-26;935;2;0;9523;47;0;2.7;0.0;0.0
16;2021-01-27;1276;95;0;10799;142;0;3.1;0.0;0.0
16;2021-01-28;1182;72;0;11981;214;0;3.4;0.1;0.0
16;2021-01-29;742;137;0;12723;351;0;3.7;0.1;0.0
16;2021-01-30;41;1;0;12764;352;0;3.7;0.1;0.0
16;2021-01-31;0;1;0;12764;353;0;3.7;0.1;0.0
16;2021-02-01;381;202;0;13145;555;0;3.8;0.2;0.0
16;2021-02-02;555;174;0;13700;729;0;3.9;0.2;0.0
16;2021-02-03;548;318;0;14248;1047;0;4.1;0.3;0.0
16;2021-02-04;491;263;0;14739;1310;0;4.2;0.4;0.0
16;2021-02-05;458;265;0;15197;1575;0;4.4;0.5;0.0
16;2021-02-06;4;74;0;15201;1649;0;4.4;0.5;0.0
16;2021-02-07;37;3;0;15238;1652;0;4.4;0.5;0.0
16;2021-02-08;361;232;0;15599;1884;0;4.5;0.5;0.0
16;2021-02-09;642;370;0;16241;2254;0;4.7;0.6;0.0
16;2021-02-10;684;703;0;16925;2957;0;4.9;0.8;0.0
16;2021-02-11;795;611;0;17720;3568;0;5.1;1.0;0.0
16;2021-02-12;607;785;0;18327;4353;0;5.3;1.3;0.0
16;2021-02-13;44;65;0;18371;4418;0;5.3;1.3;0.0
16;2021-02-14;0;6;0;18371;4424;0;5.3;1.3;0.0
16;2021-02-15;211;642;0;18582;5066;0;5.3;1.5;0.0
16;2021-02-16;367;932;0;18949;5998;0;5.4;1.7;0.0
16;2021-02-17;323;1179;0;19272;7177;0;5.5;2.1;0.0
16;2021-02-18;480;1147;0;19752;8324;0;5.7;2.4;0.0
16;2021-02-19;378;790;0;20130;9114;0;5.8;2.6;0.0
16;2021-02-20;3;12;0;20133;9126;0;5.8;2.6;0.0
16;2021-02-21;3;0;0;20136;9126;0;5.8;2.6;0.0
16;2021-02-22;149;507;0;20285;9633;0;5.8;2.8;0.0
16;2021-02-23;214;886;0;20499;10519;0;5.9;3.0;0.0
16;2021-02-24;252;791;0;20751;11310;0;6.0;3.2;0.0
16;2021-02-25;403;674;0;21154;11984;0;6.1;3.4;0.0
16;2021-02-26;470;478;0;21624;12462;0;6.2;3.6;0.0
16;2021-02-27;239;4;0;21863;12466;0;6.3;3.6;0.0
16;2021-02-28;5;4;0;21868;12470;0;6.3;3.6;0.0
16;2021-03-01;156;326;0;22024;12796;0;6.3;3.7;0.0
16;2021-03-02;258;633;0;22282;13429;0;6.4;3.9;0.0
16;2021-03-03;391;680;0;22673;14109;0;6.5;4.1;0.0
16;2021-03-04;826;560;0;23499;14669;0;6.7;4.2;0.0
16;2021-03-05;1118;542;0;24617;15211;0;7.1;4.4;0.0
16;2021-03-06;699;8;0;25316;15219;0;7.3;4.4;0.0
16;2021-03-07;109;19;0;25425;15238;0;7.3;4.4;0.0
16;2021-03-08;431;317;0;25856;15555;0;7.4;4.5;0.0
16;2021-03-09;790;693;0;26646;16248;0;7.7;4.7;0.0
16;2021-03-10;615;625;0;27261;16873;0;7.8;4.8;0.0
16;2021-03-11;1424;506;0;28685;17379;0;8.2;5.0;0.0
16;2021-03-12;1174;454;0;29859;17833;0;8.6;5.1;0.0
16;2021-03-13;718;13;0;30577;17846;0;8.8;5.1;0.0
16;2021-03-14;5;0;0;30582;17846;0;8.8;5.1;0.0
16;2021-03-15;483;178;0;31065;18024;0;8.9;5.2;0.0
16;2021-03-16;829;407;0;31894;18431;0;9.2;5.3;0.0
16;2021-03-17;583;251;0;32477;18682;0;9.3;5.4;0.0
16;2021-03-18;986;285;0;33463;18967;0;9.6;5.4;0.0
16;2021-03-19;1080;228;0;34543;19195;0;9.9;5.5;0.0
16;2021-03-20;392;9;0;34935;19204;0;10.0;5.5;0.0
16;2021-03-21;10;0;0;34945;19204;0;10.0;5.5;0.0
16;2021-03-22;761;112;0;35706;19316;0;10.3;5.5;0.0
16;2021-03-23;1417;111;0;37123;19427;0;10.7;5.6;0.0
16;2021-03-24;1142;163;0;38265;19590;0;11.0;5.6;0.0
16;2021-03-25;2031;96;0;40296;19686;0;11.6;5.7;0.0
16;2021-03-26;1925;105;0;42221;19791;0;12.1;5.7;0.0
16;2021-03-27;436;23;0;42657;19814;0;12.3;5.7;0.0
16;2021-03-28;1;0;0;42658;19814;0;12.3;5.7;0.0
16;2021-03-29;931;64;0;43589;19878;0;12.5;5.7;0.0
16;2021-03-30;1866;182;0;45455;20060;0;13.1;5.8;0.0
16;2021-03-31;1505;137;0;46960;20197;0;13.5;5.8;0.0
16;2021-04-01;1926;408;0;48886;20605;0;14.0;5.9;0.0
16;2021-04-02;1429;364;0;50315;20969;0;14.5;6.0;0.0
16;2021-04-03;284;7;0;50599;20976;0;14.5;6.0;0.0
16;2021-04-04;7;0;0;50606;20976;0;14.5;6.0;0.0
16;2021-04-05;38;1;0;50644;20977;0;14.5;6.0;0.0
16;2021-04-06;1972;557;0;52616;21534;0;15.1;6.2;0.0
16;2021-04-07;1871;402;0;54487;21936;0;15.6;6.3;0.0
16;2021-04-08;2714;573;0;57201;22509;0;16.4;6.5;0.0
16;2021-04-09;2627;517;0;59828;23026;0;17.2;6.6;0.0
16;2021-04-10;1234;41;0;61062;23067;0;17.5;6.6;0.0
16;2021-04-11;24;3;0;61086;23070;0;17.5;6.6;0.0
16;2021-04-12;1351;326;0;62437;23396;0;17.9;6.7;0.0
16;2021-04-13;2072;795;0;64509;24191;0;18.5;6.9;0.0
16;2021-04-14;1922;621;0;66431;24812;0;19.1;7.1;0.0
16;2021-04-15;1999;958;0;68430;25770;0;19.7;7.4;0.0
16;2021-04-16;2001;772;0;70431;26542;0;20.2;7.6;0.0
16;2021-04-17;1392;98;0;71823;26640;0;20.6;7.7;0.0
16;2021-04-18;210;8;0;72033;26648;0;20.7;7.7;0.0
16;2021-04-19;1308;534;0;73341;27182;0;21.1;7.8;0.0
16;2021-04-20;1953;1186;0;75294;28368;0;21.6;8.1;0.0
16;2021-04-21;1677;755;0;76971;29123;0;22.1;8.4;0.0
16;2021-04-22;2126;1009;0;79097;30132;0;22.7;8.7;0.0
16;2021-04-23;2234;1133;0;81331;31265;0;23.4;9.0;0.0
16;2021-04-24;779;55;0;82110;31320;0;23.6;9.0;0.0
16;2021-04-25;122;10;0;82232;31330;0;23.6;9.0;0.0
16;2021-04-26;1292;803;0;83524;32133;0;24.0;9.2;0.0
16;2021-04-27;1997;1368;0;85521;33501;0;24.6;9.6;0.0
16;2021-04-28;1561;1123;0;87082;34624;0;25.0;9.9;0.0
16;2021-04-29;2151;1431;0;89233;36055;0;25.6;10.4;0.0
16;2021-04-30;2681;1303;0;91914;37358;0;26.4;10.7;0.0
16;2021-05-01;385;77;0;92299;37435;0;26.5;10.8;0.0
16;2021-05-02;154;17;0;92453;37452;0;26.6;10.8;0.0
16;2021-05-03;2462;564;0;94915;38016;0;27.3;10.9;0.0
16;2021-05-04;1952;2007;0;96867;40023;0;27.8;11.5;0.0
16;2021-05-05;1640;1750;0;98507;41773;0;28.3;12.0;0.0
16;2021-05-06;1757;2180;0;100264;43953;0;28.8;12.6;0.0
16;2021-05-07;2827;2045;0;103091;45998;0;29.6;13.2;0.0
16;2021-05-08;1070;438;0;104161;46436;0;29.9;13.3;0.0
16;2021-05-09;475;27;0;104636;46463;0;30.1;13.3;0.0
16;2021-05-10;1781;1533;0;106417;47996;0;30.6;13.8;0.0
16;2021-05-11;2272;1904;0;108689;49900;0;31.2;14.3;0.0
16;2021-05-12;1699;1723;0;110388;51623;0;31.7;14.8;0.0
16;2021-05-13;1379;349;0;111767;51972;0;32.1;14.9;0.0
16;2021-05-14;1873;1476;0;113640;53448;0;32.6;15.4;0.0
16;2021-05-15;590;811;0;114230;54259;0;32.8;15.6;0.0
16;2021-05-16;197;32;0;114427;54291;0;32.9;15.6;0.0
16;2021-05-17;1568;1156;0;115995;55447;0;33.3;15.9;0.0
16;2021-05-18;2650;1341;0;118645;56788;0;34.1;16.3;0.0
16;2021-05-19;1969;1169;0;120614;57957;0;34.6;16.6;0.0
16;2021-05-20;2787;1352;0;123401;59309;0;35.4;17.0;0.0
16;2021-05-21;2860;1377;0;126261;60686;0;36.3;17.4;0.0
16;2021-05-22;488;636;0;126749;61322;0;36.4;17.6;0.0
16;2021-05-23;278;15;0;127027;61337;0;36.5;17.6;0.0
16;2021-05-24;1341;222;0;128368;61559;0;36.9;17.7;0.0
16;2021-05-25;2736;1400;0;131104;62959;0;37.7;18.1;0.0
16;2021-05-26;1842;1141;0;132946;64100;0;38.2;18.4;0.0
16;2021-05-27;2468;1559;0;135414;65659;0;38.9;18.9;0.0
16;2021-05-28;2830;1508;0;138244;67167;0;39.7;19.3;0.0
16;2021-05-29;828;867;0;139072;68034;0;39.9;19.5;0.0
16;2021-05-30;98;10;0;139170;68044;0;40.0;19.5;0.0
16;2021-05-31;1965;1096;0;141135;69140;0;40.5;19.9;0.0
16;2021-06-01;2323;1662;0;143458;70802;0;41.2;20.3;0.0
16;2021-06-02;1896;1449;0;145354;72251;0;41.7;20.8;0.0
16;2021-06-03;2676;1764;0;148030;74015;0;42.5;21.3;0.0
16;2021-06-04;2789;1997;0;150819;76012;0;43.3;21.8;0.0
16;2021-06-05;1041;568;0;151860;76580;0;43.6;22.0;0.0
16;2021-06-06;203;34;0;152063;76614;0;43.7;22.0;0.0
16;2021-06-07;1942;1256;0;154005;77870;0;44.2;22.4;0.0
16;2021-06-08;2377;1936;0;156382;79806;0;44.9;22.9;0.0
16;2021-06-09;2498;1574;0;158880;81380;0;45.6;23.4;0.0
16;2021-06-10;2537;1931;0;161417;83311;0;46.4;23.9;0.0
16;2021-06-11;2157;2583;0;163574;85894;0;47.0;24.7;0.0
16;2021-06-12;1545;540;0;165119;86434;0;47.4;24.8;0.0
16;2021-06-13;287;84;0;165406;86518;0;47.5;24.8;0.0
16;2021-06-14;848;2644;0;166254;89162;0;47.7;25.6;0.0
16;2021-06-15;1845;2510;0;168099;91672;0;48.3;26.3;0.0
16;2021-06-16;1612;1963;0;169711;93635;0;48.7;26.9;0.0
16;2021-06-17;2015;2341;0;171726;95976;0;49.3;27.6;0.0
16;2021-06-18;2005;3024;0;173731;99000;0;49.9;28.4;0.0
16;2021-06-19;1279;1228;0;175010;100228;0;50.3;28.8;0.0
16;2021-06-20;252;66;0;175262;100294;0;50.3;28.8;0.0
16;2021-06-21;1370;2085;0;176632;102379;0;50.7;29.4;0.0
16;2021-06-22;1659;2863;0;178291;105242;0;51.2;30.2;0.0
16;2021-06-23;1503;2023;0;179794;107265;0;51.6;30.8;0.0
16;2021-06-24;1916;2141;0;181710;109406;0;52.2;31.4;0.0
16;2021-06-25;1893;2598;0;183603;112004;0;52.7;32.2;0.0
16;2021-06-26;1007;762;0;184610;112766;0;53.0;32.4;0.0
16;2021-06-27;146;102;0;184756;112868;0;53.1;32.4;0.0
16;2021-06-28;1113;1963;0;185869;114831;0;53.4;33.0;0.0
16;2021-06-29;1194;3353;0;187063;118184;0;53.7;33.9;0.0
16;2021-06-30;1297;2670;0;188360;120854;0;54.1;34.7;0.0
16;2021-07-01;1800;3087;0;190160;123941;0;54.6;35.6;0.0
16;2021-07-02;1375;3531;0;191535;127472;0;55.0;36.6;0.0
16;2021-07-03;647;1128;0;192182;128600;0;55.2;36.9;0.0
16;2021-07-04;29;97;0;192211;128697;0;55.2;37.0;0.0
16;2021-07-05;805;2329;0;193016;131026;0;55.4;37.6;0.0
16;2021-07-06;1238;3327;0;194254;134353;0;55.8;38.6;0.0
16;2021-07-07;861;2340;0;195115;136693;0;56.0;39.3;0.0
16;2021-07-08;1195;2739;0;196310;139432;0;56.4;40.0;0.0
16;2021-07-09;1136;3602;0;197446;143034;0;56.7;41.1;0.0
16;2021-07-10;347;1345;0;197793;144379;0;56.8;41.5;0.0
16;2021-07-11;32;86;0;197825;144465;0;56.8;41.5;0.0
16;2021-07-12;657;2474;0;198482;146939;0;57.0;42.2;0.0
16;2021-07-13;1362;3486;0;199844;150425;0;57.4;43.2;0.0
16;2021-07-14;813;901;0;200657;151326;0;57.6;43.5;0.0
16;2021-07-15;1293;3369;0;201950;154695;0;58.0;44.4;0.0
16;2021-07-16;1559;3368;0;203509;158063;0;58.4;45.4;0.0
16;2021-07-17;613;1232;0;204122;159295;0;58.6;45.8;0.0
16;2021-07-18;60;73;0;204182;159368;0;58.6;45.8;0.0
16;2021-07-19;720;2818;0;204902;162186;0;58.8;46.6;0.0
16;2021-07-20;1255;3216;0;206157;165402;0;59.2;47.5;0.0
16;2021-07-21;1272;2638;0;207429;168040;0;59.6;48.3;0.0
16;2021-07-22;1962;2853;0;209391;170893;0;60.1;49.1;0.0
16;2021-07-23;1637;3470;0;211028;174363;0;60.6;50.1;0.0
16;2021-07-24;734;1214;0;211762;175577;0;60.8;50.4;0.0
16;2021-07-25;103;71;0;211865;175648;0;60.8;50.4;0.0
16;2021-07-26;1612;2132;0;213477;177780;0;61.3;51.1;0.0
16;2021-07-27;2067;2790;0;215544;180570;0;61.9;51.9;0.0
16;2021-07-28;2032;2288;0;217576;182858;0;62.5;52.5;0.0
16;2021-07-29;2449;2422;0;220025;185280;0;63.2;53.2;0.0
16;2021-07-30;2602;3002;0;222627;188282;0;63.9;54.1;0.0
16;2021-07-31;1052;1321;0;223679;189603;0;64.2;54.5;0.0
16;2021-08-01;273;46;0;223952;189649;0;64.3;54.5;0.0
16;2021-08-02;2196;1791;0;226148;191440;0;65.0;55.0;0.0
16;2021-08-03;2293;2278;0;228441;193718;0;65.6;55.6;0.0
16;2021-08-04;2282;1793;0;230723;195511;0;66.3;56.2;0.0
16;2021-08-05;2889;1587;0;233612;197098;0;67.1;56.6;0.0
16;2021-08-06;2616;2307;0;236228;199405;0;67.8;57.3;0.0
16;2021-08-07;885;628;0;237113;200033;0;68.1;57.5;0.0
16;2021-08-08;100;75;0;237213;200108;0;68.1;57.5;0.0
16;2021-08-09;2178;1127;0;239391;201235;0;68.8;57.8;0.0
16;2021-08-10;2859;1551;0;242250;202786;0;69.6;58.2;0.0
16;2021-08-11;2540;1207;0;244790;203993;0;70.3;58.6;0.0
16;2021-08-12;2037;1709;0;246827;205702;0;70.9;59.1;0.0
16;2021-08-13;2488;1424;0;249315;207126;0;71.6;59.5;0.0
16;2021-08-14;768;481;0;250083;207607;0;71.8;59.6;0.0
16;2021-08-15;62;44;0;250145;207651;0;71.8;59.6;0.0
16;2021-08-16;1296;1614;0;251441;209265;0;72.2;60.1;0.0
16;2021-08-17;1640;1686;0;253081;210951;0;72.7;60.6;0.0
16;2021-08-18;1513;1529;0;254594;212480;0;73.1;61.0;0.0
16;2021-08-19;1424;1867;0;256018;214347;0;73.5;61.6;0.0
16;2021-08-20;1452;1974;0;257470;216321;0;73.9;62.1;0.0
16;2021-08-21;525;843;0;257995;217164;0;74.1;62.4;0.0
16;2021-08-22;15;67;0;258010;217231;0;74.1;62.4;0.0
16;2021-08-23;912;2114;0;258922;219345;0;74.4;63.0;0.0
16;2021-08-24;999;2445;0;259921;221790;0;74.7;63.7;0.0
16;2021-08-25;810;1885;0;260731;223675;0;74.9;64.2;0.0
16;2021-08-26;828;2597;0;261559;226272;0;75.1;65.0;0.0
16;2021-08-27;813;2531;0;262372;228803;0;75.4;65.7;0.0
16;2021-08-28;277;847;0;262649;229650;0;75.4;66.0;0.0
16;2021-08-29;15;67;0;262664;229717;0;75.4;66.0;0.0
16;2021-08-30;610;2371;21;263274;232088;21;75.6;66.7;0.0
16;2021-08-31;669;2657;79;263943;234745;100;75.8;67.4;0.0
16;2021-09-01;481;2340;182;264424;237085;282;75.9;68.1;0.1
16;2021-09-02;538;2109;290;264962;239194;572;76.1;68.7;0.2
16;2021-09-03;530;2509;273;265492;241703;845;76.3;69.4;0.2
16;2021-09-04;329;937;56;265821;242640;901;76.3;69.7;0.3
16;2021-09-05;14;55;3;265835;242695;904;76.3;69.7;0.3
16;2021-09-06;287;1400;291;266122;244095;1195;76.4;70.1;0.3
16;2021-09-07;355;1617;319;266477;245712;1514;76.5;70.6;0.4
16;2021-09-08;360;1891;216;266837;247603;1730;76.6;71.1;0.5
16;2021-09-09;335;1478;216;267172;249081;1946;76.7;71.5;0.6
16;2021-09-10;416;1690;317;267588;250771;2263;76.9;72.0;0.6
16;2021-09-11;197;765;69;267785;251536;2332;76.9;72.2;0.7
16;2021-09-12;17;28;1;267802;251564;2333;76.9;72.3;0.7
16;2021-09-13;241;974;348;268043;252538;2681;77.0;72.5;0.8
16;2021-09-14;365;924;650;268408;253462;3331;77.1;72.8;1.0
16;2021-09-15;354;1301;418;268762;254763;3749;77.2;73.2;1.1
16;2021-09-16;319;831;759;269081;255594;4508;77.3;73.4;1.3
16;2021-09-17;471;1255;400;269552;256849;4908;77.4;73.8;1.4
16;2021-09-18;107;511;46;269659;257360;4954;77.4;73.9;1.4
16;2021-09-19;3;17;5;269662;257377;4959;77.4;73.9;1.4
16;2021-09-20;175;635;583;269837;258012;5542;77.5;74.1;1.6
16;2021-09-21;183;663;633;270020;258675;6175;77.6;74.3;1.8
16;2021-09-22;187;923;360;270207;259598;6535;77.6;74.6;1.9
16;2021-09-23;159;518;458;270366;260116;6993;77.7;74.7;2.0
16;2021-09-24;300;974;465;270666;261090;7458;77.7;75.0;2.1
16;2021-09-25;74;424;42;270740;261514;7500;77.8;75.1;2.2
16;2021-09-26;3;10;26;270743;261524;7526;77.8;75.1;2.2
16;2021-09-27;187;541;559;270930;262065;8085;77.8;75.3;2.3
16;2021-09-28;128;509;537;271058;262574;8622;77.8;75.4;2.5
16;2021-09-29;179;556;584;271237;263130;9206;77.9;75.6;2.6
16;2021-09-30;111;455;498;271348;263585;9704;77.9;75.7;2.8
16;2021-10-01;243;481;457;271591;264066;10161;78.0;75.8;2.9
16;2021-10-02;83;308;73;271674;264374;10234;78.0;75.9;2.9
16;2021-10-03;1;12;9;271675;264386;10243;78.0;75.9;2.9
16;2021-10-04;123;323;398;271798;264709;10641;78.1;76.0;3.1
16;2021-10-05;129;357;449;271927;265066;11090;78.1;76.1;3.2
16;2021-10-06;175;482;428;272102;265548;11518;78.1;76.3;3.3
16;2021-10-07;126;311;326;272228;265859;11844;78.2;76.4;3.4
16;2021-10-08;226;624;639;272454;266483;12483;78.3;76.5;3.6
16;2021-10-09;75;167;73;272529;266650;12556;78.3;76.6;3.6
16;2021-10-10;2;13;13;272531;266663;12569;78.3;76.6;3.6
16;2021-10-11;107;247;556;272638;266910;13125;78.3;76.7;3.8
16;2021-10-12;103;229;404;272741;267139;13529;78.3;76.7;3.9
16;2021-10-13;189;324;456;272930;267463;13985;78.4;76.8;4.0
16;2021-10-14;94;182;347;273024;267645;14332;78.4;76.9;4.1
16;2021-10-15;192;397;594;273216;268042;14926;78.5;77.0;4.3
16;2021-10-16;84;107;125;273300;268149;15051;78.5;77.0;4.3
16;2021-10-17;6;6;7;273306;268155;15058;78.5;77.0;4.3
16;2021-10-18;127;267;542;273433;268422;15600;78.5;77.1;4.5
16;2021-10-19;105;145;578;273538;268567;16178;78.6;77.1;4.6
16;2021-10-20;121;213;522;273659;268780;16700;78.6;77.2;4.8
16;2021-10-21;66;138;419;273725;268918;17119;78.6;77.2;4.9
16;2021-10-22;233;323;639;273958;269241;17758;78.7;77.3;5.1
16;2021-10-23;76;106;79;274034;269347;17837;78.7;77.4;5.1
16;2021-10-24;1;4;5;274035;269351;17842;78.7;77.4;5.1
16;2021-10-25;124;170;682;274159;269521;18524;78.7;77.4;5.3
16;2021-10-26;58;124;506;274217;269645;19030;78.8;77.4;5.5
16;2021-10-27;108;158;462;274325;269803;19492;78.8;77.5;5.6
16;2021-10-28;102;124;473;274427;269927;19965;78.8;77.5;5.7
16;2021-10-29;173;222;938;274600;270149;20903;78.9;77.6;6.0
16;2021-10-30;51;86;170;274651;270235;21073;78.9;77.6;6.1
16;2021-10-31;2;5;12;274653;270240;21085;78.9;77.6;6.1
16;2021-11-01;1;3;20;274654;270243;21105;78.9;77.6;6.1
16;2021-11-02;104;149;852;274758;270392;21957;78.9;77.7;6.3
16;2021-11-03;95;142;482;274853;270534;22439;78.9;77.7;6.4
16;2021-11-04;87;114;570;274940;270648;23009;79.0;77.7;6.6
16;2021-11-05;148;197;933;275088;270845;23942;79.0;77.8;6.9
16;2021-11-06;61;80;262;275149;270925;24204;79.0;77.8;7.0
16;2021-11-07;2;10;17;275151;270935;24221;79.0;77.8;7.0
16;2021-11-08;50;119;896;275201;271054;25117;79.0;77.8;7.2
16;2021-11-09;74;112;1008;275275;271166;26125;79.1;77.9;7.5
16;2021-11-10;93;133;968;275368;271299;27093;79.1;77.9;7.8
16;2021-11-11;4;6;27;275372;271305;27120;79.1;77.9;7.8
16;2021-11-12;82;151;1022;275454;271456;28142;79.1;78.0;8.1
16;2021-11-13;38;75;244;275492;271531;28386;79.1;78.0;8.2
16;2021-11-14;0;2;10;275492;271533;28396;79.1;78.0;8.2
16;2021-11-15;48;115;1096;275540;271648;29492;79.1;78.0;8.5
16;2021-11-16;73;103;1048;275613;271751;30540;79.2;78.0;8.8
16;2021-11-17;113;153;1068;275726;271904;31608;79.2;78.1;9.1
16;2021-11-18;79;130;1077;275805;272034;32685;79.2;78.1;9.4
16;2021-11-19;153;225;1465;275958;272259;34150;79.3;78.2;9.8
16;2021-11-20;59;88;482;276017;272347;34632;79.3;78.2;9.9
16;2021-11-21;2;2;34;276019;272349;34666;79.3;78.2;10.0
16;2021-11-22;71;62;1244;276090;272411;35910;79.3;78.2;10.3
16;2021-11-23;100;90;1467;276190;272501;37377;79.3;78.3;10.7
16;2021-11-24;124;120;1431;276314;272621;38808;79.4;78.3;11.1
16;2021-11-25;115;92;1602;276429;272713;40410;79.4;78.3;11.6
16;2021-11-26;143;150;2108;276572;272863;42518;79.4;78.4;12.2
16;2021-11-27;95;120;1715;276667;272983;44233;79.5;78.4;12.7
16;2021-11-28;35;18;1065;276702;273001;45298;79.5;78.4;13.0
16;2021-11-29;77;81;1836;276779;273082;47134;79.5;78.4;13.5
16;2021-11-30;106;96;2532;276885;273178;49666;79.5;78.5;14.3
16;2021-12-01;111;112;2497;276996;273290;52163;79.6;78.5;15.0
16;2021-12-02;102;72;3200;277098;273362;55363;79.6;78.5;15.9
16;2021-12-03;96;119;3158;277194;273481;58521;79.6;78.5;16.8
16;2021-12-04;76;68;1478;277270;273549;59999;79.6;78.6;17.2
16;2021-12-05;6;5;359;277276;273554;60358;79.6;78.6;17.3
16;2021-12-06;62;80;2590;277338;273634;62948;79.7;78.6;18.1
16;2021-12-07;58;80;3194;277396;273714;66142;79.7;78.6;19.0
16;2021-12-08;122;113;3018;277518;273827;69160;79.7;78.6;19.9
16;2021-12-09;100;104;4055;277618;273931;73215;79.7;78.7;21.0
17;2020-12-27;1;0;0;1;0;0;0.0;0.0;0.0
17;2020-12-28;1;0;0;2;0;0;0.0;0.0;0.0
17;2020-12-29;0;0;0;2;0;0;0.0;0.0;0.0
17;2020-12-30;0;0;0;2;0;0;0.0;0.0;0.0
17;2020-12-31;0;0;0;2;0;0;0.0;0.0;0.0
17;2021-01-01;2;0;0;4;0;0;0.0;0.0;0.0
17;2021-01-02;0;0;0;4;0;0;0.0;0.0;0.0
17;2021-01-03;0;0;0;4;0;0;0.0;0.0;0.0
17;2021-01-04;52;0;0;56;0;0;0.0;0.0;0.0
17;2021-01-05;87;0;0;143;0;0;0.0;0.0;0.0
17;2021-01-06;124;0;0;267;0;0;0.0;0.0;0.0
17;2021-01-07;470;1;0;737;1;0;0.1;0.0;0.0
17;2021-01-08;428;1;0;1165;2;0;0.2;0.0;0.0
17;2021-01-09;8;0;0;1173;2;0;0.2;0.0;0.0
17;2021-01-10;4;0;0;1177;2;0;0.2;0.0;0.0
17;2021-01-11;388;2;0;1565;4;0;0.2;0.0;0.0
17;2021-01-12;704;1;0;2269;5;0;0.4;0.0;0.0
17;2021-01-13;660;2;0;2929;7;0;0.5;0.0;0.0
17;2021-01-14;641;11;0;3570;18;0;0.6;0.0;0.0
17;2021-01-15;717;2;0;4287;20;0;0.7;0.0;0.0
17;2021-01-16;129;2;0;4416;22;0;0.7;0.0;0.0
17;2021-01-17;19;0;0;4435;22;0;0.7;0.0;0.0
17;2021-01-18;847;5;0;5282;27;0;0.8;0.0;0.0
17;2021-01-19;1871;18;0;7153;45;0;1.1;0.0;0.0
17;2021-01-20;2266;4;0;9419;49;0;1.5;0.0;0.0
17;2021-01-21;2409;12;0;11828;61;0;1.8;0.0;0.0
17;2021-01-22;1829;15;0;13657;76;0;2.1;0.0;0.0
17;2021-01-23;709;2;0;14366;78;0;2.2;0.0;0.0
17;2021-01-24;45;0;0;14411;78;0;2.2;0.0;0.0
17;2021-01-25;1371;6;0;15782;84;0;2.4;0.0;0.0
17;2021-01-26;2043;5;0;17825;89;0;2.8;0.0;0.0
17;2021-01-27;1683;38;0;19508;127;0;3.0;0.0;0.0
17;2021-01-28;2438;231;0;21946;358;0;3.4;0.1;0.0
17;2021-01-29;1715;222;0;23661;580;0;3.7;0.1;0.0
17;2021-01-30;517;5;0;24178;585;0;3.7;0.1;0.0
17;2021-01-31;34;5;0;24212;590;0;3.7;0.1;0.0
17;2021-02-01;735;211;0;24947;801;0;3.9;0.1;0.0
17;2021-02-02;1167;343;0;26114;1144;0;4.0;0.2;0.0
17;2021-02-03;1246;412;0;27360;1556;0;4.2;0.2;0.0
17;2021-02-04;1118;502;0;28478;2058;0;4.4;0.3;0.0
17;2021-02-05;615;766;0;29093;2824;0;4.5;0.4;0.0
17;2021-02-06;25;45;0;29118;2869;0;4.5;0.4;0.0
17;2021-02-07;35;3;0;29153;2872;0;4.5;0.4;0.0
17;2021-02-08;690;428;0;29843;3300;0;4.6;0.5;0.0
17;2021-02-09;1104;1261;0;30947;4561;0;4.8;0.7;0.0
17;2021-02-10;838;1242;0;31785;5803;0;4.9;0.9;0.0
17;2021-02-11;1235;1272;0;33020;7075;0;5.1;1.1;0.0
17;2021-02-12;778;985;0;33798;8060;0;5.2;1.2;0.0
17;2021-02-13;50;137;0;33848;8197;0;5.2;1.3;0.0
17;2021-02-14;1;10;0;33849;8207;0;5.2;1.3;0.0
17;2021-02-15;612;1176;0;34461;9383;0;5.3;1.5;0.0
17;2021-02-16;757;1798;0;35218;11181;0;5.4;1.7;0.0
17;2021-02-17;773;1364;0;35991;12545;0;5.6;1.9;0.0
17;2021-02-18;947;2162;0;36938;14707;0;5.7;2.3;0.0
17;2021-02-19;1050;1533;0;37988;16240;0;5.9;2.5;0.0
17;2021-02-20;103;333;0;38091;16573;0;5.9;2.6;0.0
17;2021-02-21;8;0;0;38099;16573;0;5.9;2.6;0.0
17;2021-02-22;639;1593;0;38738;18166;0;6.0;2.8;0.0
17;2021-02-23;728;1511;0;39466;19677;0;6.1;3.0;0.0
17;2021-02-24;1065;1557;0;40531;21234;0;6.3;3.3;0.0
17;2021-02-25;1097;1657;0;41628;22891;0;6.4;3.5;0.0
17;2021-02-26;1320;1278;0;42948;24169;0;6.6;3.7;0.0
17;2021-02-27;516;234;0;43464;24403;0;6.7;3.8;0.0
17;2021-02-28;24;9;0;43488;24412;0;6.7;3.8;0.0
17;2021-03-01;628;1039;0;44116;25451;0;6.8;3.9;0.0
17;2021-03-02;1087;869;0;45203;26320;0;7.0;4.1;0.0
17;2021-03-03;1594;777;0;46797;27097;0;7.2;4.2;0.0
17;2021-03-04;2401;1126;0;49198;28223;0;7.6;4.4;0.0
17;2021-03-05;2603;683;0;51801;28906;0;8.0;4.5;0.0
17;2021-03-06;1058;38;0;52859;28944;0;8.2;4.5;0.0
17;2021-03-07;182;48;0;53041;28992;0;8.2;4.5;0.0
17;2021-03-08;1016;821;0;54057;29813;0;8.4;4.6;0.0
17;2021-03-09;1716;627;0;55773;30440;0;8.6;4.7;0.0
17;2021-03-10;2064;657;0;57837;31097;0;8.9;4.8;0.0
17;2021-03-11;3200;981;0;61037;32078;0;9.4;5.0;0.0
17;2021-03-12;3300;627;0;64337;32705;0;9.9;5.1;0.0
17;2021-03-13;1211;19;0;65548;32724;0;10.1;5.1;0.0
17;2021-03-14;50;1;0;65598;32725;0;10.1;5.1;0.0
17;2021-03-15;1244;979;0;66842;33704;0;10.3;5.2;0.0
17;2021-03-16;906;538;0;67748;34242;0;10.5;5.3;0.0
17;2021-03-17;1482;715;0;69230;34957;0;10.7;5.4;0.0
17;2021-03-18;1693;751;0;70923;35708;0;11.0;5.5;0.0
17;2021-03-19;2080;536;0;73003;36244;0;11.3;5.6;0.0
17;2021-03-20;1094;54;0;74097;36298;0;11.5;5.6;0.0
17;2021-03-21;38;40;0;74135;36338;0;11.5;5.6;0.0
17;2021-03-22;1554;678;0;75689;37016;0;11.7;5.7;0.0
17;2021-03-23;2451;571;0;78140;37587;0;12.1;5.8;0.0
17;2021-03-24;3465;831;0;81605;38418;0;12.6;5.9;0.0
17;2021-03-25;4630;640;0;86235;39058;0;13.3;6.0;0.0
17;2021-03-26;4840;471;0;91075;39529;0;14.1;6.1;0.0
17;2021-03-27;1719;68;0;92794;39597;0;14.3;6.1;0.0
17;2021-03-28;366;42;0;93160;39639;0;14.4;6.1;0.0
17;2021-03-29;2340;558;0;95500;40197;0;14.8;6.2;0.0
17;2021-03-30;2615;976;0;98115;41173;0;15.2;6.4;0.0
17;2021-03-31;3763;891;0;101878;42064;0;15.7;6.5;0.0
17;2021-04-01;3974;1170;0;105852;43234;0;16.4;6.7;0.0
17;2021-04-02;3609;843;0;109461;44077;0;16.9;6.8;0.0
17;2021-04-03;1152;185;0;110613;44262;0;17.1;6.8;0.0
17;2021-04-04;464;12;0;111077;44274;0;17.2;6.8;0.0
17;2021-04-05;433;120;0;111510;44394;0;17.2;6.9;0.0
17;2021-04-06;3365;1026;0;114875;45420;0;17.8;7.0;0.0
17;2021-04-07;4033;1155;0;118908;46575;0;18.4;7.2;0.0
17;2021-04-08;4529;1468;0;123437;48043;0;19.1;7.4;0.0
17;2021-04-09;6315;839;0;129752;48882;0;20.1;7.6;0.0
17;2021-04-10;2558;86;0;132310;48968;0;20.4;7.6;0.0
17;2021-04-11;749;23;0;133059;48991;0;20.6;7.6;0.0
17;2021-04-12;2875;1614;0;135934;50605;0;21.0;7.8;0.0
17;2021-04-13;4089;1264;0;140023;51869;0;21.6;8.0;0.0
17;2021-04-14;4282;1194;0;144305;53063;0;22.3;8.2;0.0
17;2021-04-15;4540;1164;0;148845;54227;0;23.0;8.4;0.0
17;2021-04-16;4183;1165;0;153028;55392;0;23.6;8.6;0.0
17;2021-04-17;1711;377;0;154739;55769;0;23.9;8.6;0.0
17;2021-04-18;440;79;0;155179;55848;0;24.0;8.6;0.0
17;2021-04-19;2324;2007;0;157503;57855;0;24.3;8.9;0.0
17;2021-04-20;2863;2485;0;160366;60340;0;24.8;9.3;0.0
17;2021-04-21;2963;1876;0;163329;62216;0;25.2;9.6;0.0
17;2021-04-22;3173;2306;0;166502;64522;0;25.7;10.0;0.0
17;2021-04-23;2450;2674;0;168952;67196;0;26.1;10.4;0.0
17;2021-04-24;1666;939;0;170618;68135;0;26.4;10.5;0.0
17;2021-04-25;621;227;0;171239;68362;0;26.5;10.6;0.0
17;2021-04-26;2549;2530;0;173788;70892;0;26.9;11.0;0.0
17;2021-04-27;3112;2603;0;176900;73495;0;27.3;11.4;0.0
17;2021-04-28;3130;2879;0;180030;76374;0;27.8;11.8;0.0
17;2021-04-29;4151;2782;0;184181;79156;0;28.5;12.2;0.0
17;2021-04-30;4414;2566;0;188595;81722;0;29.1;12.6;0.0
17;2021-05-01;898;525;0;189493;82247;0;29.3;12.7;0.0
17;2021-05-02;561;760;0;190054;83007;0;29.4;12.8;0.0
17;2021-05-03;2622;2893;0;192676;85900;0;29.8;13.3;0.0
17;2021-05-04;2399;3658;0;195075;89558;0;30.1;13.8;0.0
17;2021-05-05;2949;3696;0;198024;93254;0;30.6;14.4;0.0
17;2021-05-06;4135;3367;0;202159;96621;0;31.2;14.9;0.0
17;2021-05-07;4405;3649;0;206564;100270;0;31.9;15.5;0.0
17;2021-05-08;1374;775;0;207938;101045;0;32.1;15.6;0.0
17;2021-05-09;1280;676;0;209218;101721;0;32.3;15.7;0.0
17;2021-05-10;2761;3640;0;211979;105361;0;32.8;16.3;0.0
17;2021-05-11;3505;3937;0;215484;109298;0;33.3;16.9;0.0
17;2021-05-12;3595;3706;0;219079;113004;0;33.9;17.5;0.0
17;2021-05-13;2664;694;0;221743;113698;0;34.3;17.6;0.0
17;2021-05-14;3121;2385;0;224864;116083;0;34.8;17.9;0.0
17;2021-05-15;2169;706;0;227033;116789;0;35.1;18.0;0.0
17;2021-05-16;1599;305;0;228632;117094;0;35.3;18.1;0.0
17;2021-05-17;4182;1984;0;232814;119078;0;36.0;18.4;0.0
17;2021-05-18;4723;1642;0;237537;120720;0;36.7;18.7;0.0
17;2021-05-19;5041;1301;0;242578;122021;0;37.5;18.9;0.0
17;2021-05-20;4812;1914;0;247390;123935;0;38.2;19.2;0.0
17;2021-05-21;4775;1904;0;252165;125839;0;39.0;19.4;0.0
17;2021-05-22;2102;545;0;254267;126384;0;39.3;19.5;0.0
17;2021-05-23;1555;110;0;255822;126494;0;39.5;19.5;0.0
17;2021-05-24;1267;211;0;257089;126705;0;39.7;19.6;0.0
17;2021-05-25;3793;1754;0;260882;128459;0;40.3;19.9;0.0
17;2021-05-26;4184;2002;0;265066;130461;0;41.0;20.2;0.0
17;2021-05-27;4924;2121;0;269990;132582;0;41.7;20.5;0.0
17;2021-05-28;4226;3285;0;274216;135867;0;42.4;21.0;0.0
17;2021-05-29;1502;1677;0;275718;137544;0;42.6;21.3;0.0
17;2021-05-30;650;369;0;276368;137913;0;42.7;21.3;0.0
17;2021-05-31;2897;2930;0;279265;140843;0;43.2;21.8;0.0
17;2021-06-01;4300;2882;0;283565;143725;0;43.8;22.2;0.0
17;2021-06-02;4294;3143;0;287859;146868;0;44.5;22.7;0.0
17;2021-06-03;5074;3107;0;292933;149975;0;45.3;23.2;0.0
17;2021-06-04;4537;3768;0;297470;153743;0;46.0;23.8;0.0
17;2021-06-05;2062;1574;0;299532;155317;0;46.3;24.0;0.0
17;2021-06-06;814;690;0;300346;156007;0;46.4;24.1;0.0
17;2021-06-07;3192;4186;0;303538;160193;0;46.9;24.8;0.0
17;2021-06-08;3845;4431;0;307383;164624;0;47.5;25.4;0.0
17;2021-06-09;4477;3078;0;311860;167702;0;48.2;25.9;0.0
17;2021-06-10;4878;2826;0;316738;170528;0;48.9;26.4;0.0
17;2021-06-11;4742;3709;0;321480;174237;0;49.7;26.9;0.0
17;2021-06-12;1979;1410;0;323459;175647;0;50.0;27.1;0.0
17;2021-06-13;621;412;0;324080;176059;0;50.1;27.2;0.0
17;2021-06-14;2687;4504;0;326767;180563;0;50.5;27.9;0.0
17;2021-06-15;3522;4323;0;330289;184886;0;51.0;28.6;0.0
17;2021-06-16;3960;3638;0;334249;188524;0;51.7;29.1;0.0
17;2021-06-17;4194;4117;0;338443;192641;0;52.3;29.8;0.0
17;2021-06-18;3930;4393;0;342373;197034;0;52.9;30.4;0.0
17;2021-06-19;1541;2006;0;343914;199040;0;53.1;30.8;0.0
17;2021-06-20;565;988;0;344479;200028;0;53.2;30.9;0.0
17;2021-06-21;2426;4325;0;346905;204353;0;53.6;31.6;0.0
17;2021-06-22;3340;4375;0;350245;208728;0;54.1;32.3;0.0
17;2021-06-23;3589;3989;0;353834;212717;0;54.7;32.9;0.0
17;2021-06-24;3386;3872;0;357220;216589;0;55.2;33.5;0.0
17;2021-06-25;2580;4910;0;359800;221499;0;55.6;34.2;0.0
17;2021-06-26;944;2300;0;360744;223799;0;55.7;34.6;0.0
17;2021-06-27;381;1747;0;361125;225546;0;55.8;34.9;0.0
17;2021-06-28;1444;5250;0;362569;230796;0;56.0;35.7;0.0
17;2021-06-29;1623;5714;0;364192;236510;0;56.3;36.6;0.0
17;2021-06-30;1962;5518;0;366154;242028;0;56.6;37.4;0.0
17;2021-07-01;2142;5360;0;368296;247388;0;56.9;38.2;0.0
17;2021-07-02;2328;5651;0;370624;253039;0;57.3;39.1;0.0
17;2021-07-03;655;2374;0;371279;255413;0;57.4;39.5;0.0
17;2021-07-04;139;1069;0;371418;256482;0;57.4;39.6;0.0
17;2021-07-05;1648;4792;0;373066;261274;0;57.7;40.4;0.0
17;2021-07-06;1951;5248;0;375017;266522;0;58.0;41.2;0.0
17;2021-07-07;2233;5295;0;377250;271817;0;58.3;42.0;0.0
17;2021-07-08;2590;5108;0;379840;276925;0;58.7;42.8;0.0
17;2021-07-09;2288;5747;0;382128;282672;0;59.1;43.7;0.0
17;2021-07-10;827;2400;0;382955;285072;0;59.2;44.1;0.0
17;2021-07-11;310;793;0;383265;285865;0;59.2;44.2;0.0
17;2021-07-12;1695;5310;0;384960;291175;0;59.5;45.0;0.0
17;2021-07-13;2071;6357;0;387031;297532;0;59.8;46.0;0.0
17;2021-07-14;210;239;0;387241;297771;0;59.8;46.0;0.0
17;2021-07-15;2007;6562;0;389248;304333;0;60.2;47.0;0.0
17;2021-07-16;2594;6511;0;391842;310844;0;60.6;48.0;0.0
17;2021-07-17;1056;2329;0;392898;313173;0;60.7;48.4;0.0
17;2021-07-18;320;936;0;393218;314109;0;60.8;48.5;0.0
17;2021-07-19;2351;5646;0;395569;319755;0;61.1;49.4;0.0
17;2021-07-20;2973;6015;0;398542;325770;0;61.6;50.3;0.0
17;2021-07-21;3468;5704;0;402010;331474;0;62.1;51.2;0.0
17;2021-07-22;3821;5805;0;405831;337279;0;62.7;52.1;0.0
17;2021-07-23;3588;6064;0;409419;343343;0;63.3;53.1;0.0
17;2021-07-24;1807;1575;0;411226;344918;0;63.6;53.3;0.0
17;2021-07-25;798;345;0;412024;345263;0;63.7;53.4;0.0
17;2021-07-26;3190;4975;0;415214;350238;0;64.2;54.1;0.0
17;2021-07-27;4208;4901;0;419422;355139;0;64.8;54.9;0.0
17;2021-07-28;4704;4674;0;424126;359813;0;65.5;55.6;0.0
17;2021-07-29;4689;4750;0;428815;364563;0;66.3;56.3;0.0
17;2021-07-30;4837;5002;0;433652;369565;0;67.0;57.1;0.0
17;2021-07-31;1920;1217;0;435572;370782;0;67.3;57.3;0.0
17;2021-08-01;857;298;0;436429;371080;0;67.4;57.3;0.0
17;2021-08-02;4009;3735;0;440438;374815;0;68.1;57.9;0.0
17;2021-08-03;4997;3518;0;445435;378333;0;68.8;58.5;0.0
17;2021-08-04;5484;2720;0;450919;381053;0;69.7;58.9;0.0
17;2021-08-05;5553;2548;0;456472;383601;0;70.5;59.3;0.0
17;2021-08-06;5138;2963;0;461610;386564;0;71.3;59.7;0.0
17;2021-08-07;1840;851;0;463450;387415;0;71.6;59.9;0.0
17;2021-08-08;764;144;0;464214;387559;0;71.7;59.9;0.0
17;2021-08-09;3479;2867;0;467693;390426;0;72.3;60.3;0.0
17;2021-08-10;4560;2825;0;472253;393251;0;73.0;60.8;0.0
17;2021-08-11;4389;3059;0;476642;396310;0;73.7;61.2;0.0
17;2021-08-12;4398;3153;0;481040;399463;0;74.3;61.7;0.0
17;2021-08-13;4044;3335;0;485084;402798;0;75.0;62.2;0.0
17;2021-08-14;1203;1271;0;486287;404069;0;75.2;62.4;0.0
17;2021-08-15;340;235;0;486627;404304;0;75.2;62.5;0.0
17;2021-08-16;2570;3251;0;489197;407555;0;75.6;63.0;0.0
17;2021-08-17;2782;3574;0;491979;411129;0;76.0;63.5;0.0
17;2021-08-18;2402;3840;0;494381;414969;0;76.4;64.1;0.0
17;2021-08-19;2453;3724;0;496834;418693;0;76.8;64.7;0.0
17;2021-08-20;2286;4247;0;499120;422940;0;77.1;65.4;0.0
17;2021-08-21;695;1337;0;499815;424277;0;77.2;65.6;0.0
17;2021-08-22;160;400;0;499975;424677;0;77.3;65.6;0.0
17;2021-08-23;1836;4340;0;501811;429017;0;77.6;66.3;0.0
17;2021-08-24;1799;4543;0;503610;433560;0;77.8;67.0;0.0
17;2021-08-25;1542;4969;0;505152;438529;0;78.1;67.8;0.0
17;2021-08-26;1554;5063;0;506706;443592;0;78.3;68.6;0.0
17;2021-08-27;1438;5453;0;508144;449045;0;78.5;69.4;0.0
17;2021-08-28;527;1495;0;508671;450540;0;78.6;69.6;0.0
17;2021-08-29;90;528;1;508761;451068;1;78.6;69.7;0.0
17;2021-08-30;1361;4732;49;510122;455800;50;78.8;70.4;0.0
17;2021-08-31;1248;4906;119;511370;460706;169;79.0;71.2;0.0
17;2021-09-01;1196;4536;321;512566;465242;490;79.2;71.9;0.1
17;2021-09-02;1080;3969;383;513646;469211;873;79.4;72.5;0.1
17;2021-09-03;1124;4658;383;514770;473869;1256;79.6;73.2;0.2
17;2021-09-04;332;1148;48;515102;475017;1304;79.6;73.4;0.2
17;2021-09-05;52;120;27;515154;475137;1331;79.6;73.4;0.2
17;2021-09-06;723;3065;513;515877;478202;1844;79.7;73.9;0.3
17;2021-09-07;712;2547;581;516589;480749;2425;79.8;74.3;0.4
17;2021-09-08;798;3479;525;517387;484228;2950;80.0;74.8;0.5
17;2021-09-09;778;2345;732;518165;486573;3682;80.1;75.2;0.6
17;2021-09-10;786;3237;584;518951;489810;4266;80.2;75.7;0.7
17;2021-09-11;322;1035;148;519273;490845;4414;80.2;75.9;0.7
17;2021-09-12;13;35;10;519286;490880;4424;80.3;75.9;0.7
17;2021-09-13;608;1892;859;519894;492772;5283;80.3;76.2;0.8
17;2021-09-14;606;1605;1265;520500;494377;6548;80.4;76.4;1.0
17;2021-09-15;866;2261;947;521366;496638;7495;80.6;76.8;1.2
17;2021-09-16;530;1429;893;521896;498067;8388;80.7;77.0;1.3
17;2021-09-17;628;1888;762;522524;499955;9150;80.8;77.3;1.4
17;2021-09-18;210;687;169;522734;500642;9319;80.8;77.4;1.4
17;2021-09-19;15;18;11;522749;500660;9330;80.8;77.4;1.4
17;2021-09-20;411;1217;949;523160;501877;10279;80.8;77.6;1.6
17;2021-09-21;340;875;784;523500;502752;11063;80.9;77.7;1.7
17;2021-09-22;418;1661;788;523918;504413;11851;81.0;78.0;1.8
17;2021-09-23;362;972;1078;524280;505385;12929;81.0;78.1;2.0
17;2021-09-24;386;1773;1164;524666;507158;14093;81.1;78.4;2.2
17;2021-09-25;155;569;237;524821;507727;14330;81.1;78.5;2.2
17;2021-09-26;9;28;2;524830;507755;14332;81.1;78.5;2.2
17;2021-09-27;402;1135;948;525232;508890;15280;81.2;78.6;2.4
17;2021-09-28;257;679;863;525489;509569;16143;81.2;78.7;2.5
17;2021-09-29;453;1216;955;525942;510785;17098;81.3;78.9;2.6
17;2021-09-30;349;694;895;526291;511479;17993;81.3;79.0;2.8
17;2021-10-01;391;767;800;526682;512246;18793;81.4;79.2;2.9
17;2021-10-02;135;378;147;526817;512624;18940;81.4;79.2;2.9
17;2021-10-03;4;30;2;526821;512654;18942;81.4;79.2;2.9
17;2021-10-04;359;812;1064;527180;513466;20006;81.5;79.4;3.1
17;2021-10-05;354;572;919;527534;514038;20925;81.5;79.4;3.2
17;2021-10-06;408;1069;1095;527942;515107;22020;81.6;79.6;3.4
17;2021-10-07;260;530;800;528202;515637;22820;81.6;79.7;3.5
17;2021-10-08;427;868;1059;528629;516505;23879;81.7;79.8;3.7
17;2021-10-09;170;347;215;528799;516852;24094;81.7;79.9;3.7
17;2021-10-10;6;19;5;528805;516871;24099;81.7;79.9;3.7
17;2021-10-11;351;535;814;529156;517406;24913;81.8;80.0;3.9
17;2021-10-12;226;382;834;529382;517788;25747;81.8;80.0;4.0
17;2021-10-13;354;657;1254;529736;518445;27001;81.9;80.1;4.2
17;2021-10-14;231;397;879;529967;518842;27880;81.9;80.2;4.3
17;2021-10-15;381;633;1235;530348;519475;29115;82.0;80.3;4.5
17;2021-10-16;108;176;243;530456;519651;29358;82.0;80.3;4.5
17;2021-10-17;10;12;0;530466;519663;29358;82.0;80.3;4.5
17;2021-10-18;321;338;950;530787;520001;30308;82.0;80.4;4.7
17;2021-10-19;226;346;934;531013;520347;31242;82.1;80.4;4.8
17;2021-10-20;340;580;1466;531353;520927;32708;82.1;80.5;5.1
17;2021-10-21;215;343;998;531568;521270;33706;82.1;80.6;5.2
17;2021-10-22;320;538;1359;531888;521808;35065;82.2;80.6;5.4
17;2021-10-23;96;179;281;531984;521987;35346;82.2;80.7;5.5
17;2021-10-24;0;5;3;531984;521992;35349;82.2;80.7;5.5
17;2021-10-25;233;339;1212;532217;522331;36561;82.2;80.7;5.7
17;2021-10-26;153;253;971;532370;522584;37532;82.3;80.8;5.8
17;2021-10-27;256;440;2060;532626;523024;39592;82.3;80.8;6.1
17;2021-10-28;160;244;1059;532786;523268;40651;82.3;80.9;6.3
17;2021-10-29;232;411;1741;533018;523679;42392;82.4;80.9;6.6
17;2021-10-30;74;131;414;533092;523810;42806;82.4;80.9;6.6
17;2021-10-31;9;8;3;533101;523818;42809;82.4;81.0;6.6
17;2021-11-01;15;16;22;533116;523834;42831;82.4;81.0;6.6
17;2021-11-02;234;318;1219;533350;524152;44050;82.4;81.0;6.8
17;2021-11-03;232;334;1668;533582;524486;45718;82.5;81.1;7.1
17;2021-11-04;136;211;1335;533718;524697;47053;82.5;81.1;7.3
17;2021-11-05;229;339;1644;533947;525036;48697;82.5;81.1;7.5
17;2021-11-06;83;137;359;534030;525173;49056;82.5;81.2;7.6
17;2021-11-07;1;6;8;534031;525179;49064;82.5;81.2;7.6
17;2021-11-08;189;414;2145;534220;525593;51209;82.6;81.2;7.9
17;2021-11-09;197;387;2329;534417;525980;53538;82.6;81.3;8.3
17;2021-11-10;303;465;2829;534720;526445;56367;82.6;81.4;8.7
17;2021-11-11;4;9;72;534724;526454;56439;82.6;81.4;8.7
17;2021-11-12;162;244;2113;534886;526698;58552;82.7;81.4;9.0
17;2021-11-13;61;63;552;534947;526761;59104;82.7;81.4;9.1
17;2021-11-14;2;25;15;534949;526786;59119;82.7;81.4;9.1
17;2021-11-15;183;233;2310;535132;527019;61429;82.7;81.4;9.5
17;2021-11-16;195;262;2479;535327;527281;63908;82.7;81.5;9.9
17;2021-11-17;296;359;2938;535623;527640;66846;82.8;81.5;10.3
17;2021-11-18;226;197;2590;535849;527837;69436;82.8;81.6;10.7
17;2021-11-19;260;366;2817;536109;528203;72253;82.9;81.6;11.2
17;2021-11-20;115;146;649;536224;528349;72902;82.9;81.7;11.3
17;2021-11-21;9;6;21;536233;528355;72923;82.9;81.7;11.3
17;2021-11-22;283;183;2987;536516;528538;75910;82.9;81.7;11.7
17;2021-11-23;280;212;3300;536796;528750;79210;83.0;81.7;12.2
17;2021-11-24;291;343;3220;537087;529093;82430;83.0;81.8;12.7
17;2021-11-25;275;213;3376;537362;529306;85806;83.0;81.8;13.3
17;2021-11-26;306;321;4118;537668;529627;89924;83.1;81.8;13.9
17;2021-11-27;89;104;1040;537757;529731;90964;83.1;81.9;14.1
17;2021-11-28;12;6;156;537769;529737;91120;83.1;81.9;14.1
17;2021-11-29;162;247;4046;537931;529984;95166;83.1;81.9;14.7
17;2021-11-30;227;200;5455;538158;530184;100621;83.2;81.9;15.6
17;2021-12-01;218;329;5515;538376;530513;106136;83.2;82.0;16.4
17;2021-12-02;209;179;5834;538585;530692;111970;83.2;82.0;17.3
17;2021-12-03;232;256;6166;538817;530948;118136;83.3;82.1;18.3
17;2021-12-04;64;78;1571;538881;531026;119707;83.3;82.1;18.5
17;2021-12-05;9;19;229;538890;531045;119936;83.3;82.1;18.5
17;2021-12-06;128;213;5756;539018;531258;125692;83.3;82.1;19.4
17;2021-12-07;192;190;7237;539210;531448;132929;83.3;82.1;20.5
17;2021-12-08;174;316;6789;539384;531764;139718;83.4;82.2;21.6
17;2021-12-09;182;233;7424;539566;531997;147142;83.4;82.2;22.7
18;2020-12-27;0;0;0;0;0;0;0.0;0.0;0.0
18;2020-12-28;0;0;0;0;0;0;0.0;0.0;0.0
18;2020-12-29;0;0;0;0;0;0;0.0;0.0;0.0
18;2020-12-30;1;0;0;1;0;0;0.0;0.0;0.0
18;2020-12-31;0;0;0;1;0;0;0.0;0.0;0.0
18;2021-01-01;0;0;0;1;0;0;0.0;0.0;0.0
18;2021-01-02;0;0;0;1;0;0;0.0;0.0;0.0
18;2021-01-03;0;0;0;1;0;0;0.0;0.0;0.0
18;2021-01-04;2;0;0;3;0;0;0.0;0.0;0.0
18;2021-01-05;5;0;0;8;0;0;0.0;0.0;0.0
18;2021-01-06;7;0;0;15;0;0;0.0;0.0;0.0
18;2021-01-07;36;1;0;51;1;0;0.0;0.0;0.0
18;2021-01-08;74;0;0;125;1;0;0.0;0.0;0.0
18;2021-01-09;214;0;0;339;1;0;0.1;0.0;0.0
18;2021-01-10;149;0;0;488;1;0;0.2;0.0;0.0
18;2021-01-11;184;0;0;672;1;0;0.2;0.0;0.0
18;2021-01-12;332;0;0;1004;1;0;0.3;0.0;0.0
18;2021-01-13;243;2;0;1247;3;0;0.4;0.0;0.0
18;2021-01-14;288;2;0;1535;5;0;0.5;0.0;0.0
18;2021-01-15;275;2;0;1810;7;0;0.6;0.0;0.0
18;2021-01-16;169;1;0;1979;8;0;0.7;0.0;0.0
18;2021-01-17;2;0;0;1981;8;0;0.7;0.0;0.0
18;2021-01-18;318;0;0;2299;8;0;0.8;0.0;0.0
18;2021-01-19;1281;4;0;3580;12;0;1.2;0.0;0.0
18;2021-01-20;1074;2;0;4654;14;0;1.6;0.0;0.0
18;2021-01-21;887;1;0;5541;15;0;1.9;0.0;0.0
18;2021-01-22;667;1;0;6208;16;0;2.1;0.0;0.0
18;2021-01-23;210;2;0;6418;18;0;2.2;0.0;0.0
18;2021-01-24;4;0;0;6422;18;0;2.2;0.0;0.0
18;2021-01-25;441;1;0;6863;19;0;2.3;0.0;0.0
18;2021-01-26;380;1;0;7243;20;0;2.4;0.0;0.0
18;2021-01-27;410;11;0;7653;31;0;2.6;0.0;0.0
18;2021-01-28;519;12;0;8172;43;0;2.8;0.0;0.0
18;2021-01-29;440;70;0;8612;113;0;2.9;0.0;0.0
18;2021-01-30;362;154;0;8974;267;0;3.0;0.1;0.0
18;2021-01-31;80;120;0;9054;387;0;3.1;0.1;0.0
18;2021-02-01;271;136;0;9325;523;0;3.1;0.2;0.0
18;2021-02-02;442;229;0;9767;752;0;3.3;0.3;0.0
18;2021-02-03;413;192;0;10180;944;0;3.4;0.3;0.0
18;2021-02-04;595;189;0;10775;1133;0;3.6;0.4;0.0
18;2021-02-05;382;169;0;11157;1302;0;3.8;0.4;0.0
18;2021-02-06;274;97;0;11431;1399;0;3.9;0.5;0.0
18;2021-02-07;108;2;0;11539;1401;0;3.9;0.5;0.0
18;2021-02-08;306;235;0;11845;1636;0;4.0;0.6;0.0
18;2021-02-09;593;740;0;12438;2376;0;4.2;0.8;0.0
18;2021-02-10;752;666;0;13190;3042;0;4.5;1.0;0.0
18;2021-02-11;670;456;0;13860;3498;0;4.7;1.2;0.0
18;2021-02-12;493;291;0;14353;3789;0;4.8;1.3;0.0
18;2021-02-13;274;122;0;14627;3911;0;4.9;1.3;0.0
18;2021-02-14;350;92;0;14977;4003;0;5.1;1.4;0.0
18;2021-02-15;370;405;0;15347;4408;0;5.2;1.5;0.0
18;2021-02-16;390;450;0;15737;4858;0;5.3;1.6;0.0
18;2021-02-17;410;500;0;16147;5358;0;5.4;1.8;0.0
18;2021-02-18;270;556;0;16417;5914;0;5.5;2.0;0.0
18;2021-02-19;323;368;0;16740;6282;0;5.6;2.1;0.0
18;2021-02-20;615;230;0;17355;6512;0;5.9;2.2;0.0
18;2021-02-21;313;5;0;17668;6517;0;6.0;2.2;0.0
18;2021-02-22;215;412;0;17883;6929;0;6.0;2.3;0.0
18;2021-02-23;237;383;0;18120;7312;0;6.1;2.5;0.0
18;2021-02-24;225;284;0;18345;7596;0;6.2;2.6;0.0
18;2021-02-25;329;570;0;18674;8166;0;6.3;2.8;0.0
18;2021-02-26;587;292;0;19261;8458;0;6.5;2.9;0.0
18;2021-02-27;495;389;0;19756;8847;0;6.7;3.0;0.0
18;2021-02-28;6;73;0;19762;8920;0;6.7;3.0;0.0
18;2021-03-01;249;424;0;20011;9344;0;6.8;3.2;0.0
18;2021-03-02;323;560;0;20334;9904;0;6.9;3.3;0.0
18;2021-03-03;360;609;0;20694;10513;0;7.0;3.5;0.0
18;2021-03-04;519;606;0;21213;11119;0;7.2;3.8;0.0
18;2021-03-05;588;365;0;21801;11484;0;7.4;3.9;0.0
18;2021-03-06;1077;341;0;22878;11825;0;7.7;4.0;0.0
18;2021-03-07;51;136;0;22929;11961;0;7.7;4.0;0.0
18;2021-03-08;339;379;0;23268;12340;0;7.9;4.2;0.0
18;2021-03-09;463;397;0;23731;12737;0;8.0;4.3;0.0
18;2021-03-10;493;464;0;24224;13201;0;8.2;4.5;0.0
18;2021-03-11;552;408;0;24776;13609;0;8.4;4.6;0.0
18;2021-03-12;799;322;0;25575;13931;0;8.6;4.7;0.0
18;2021-03-13;1193;240;0;26768;14171;0;9.0;4.8;0.0
18;2021-03-14;299;209;0;27067;14380;0;9.1;4.9;0.0
18;2021-03-15;528;392;0;27595;14772;0;9.3;5.0;0.0
18;2021-03-16;446;319;0;28041;15091;0;9.5;5.1;0.0
18;2021-03-17;408;414;0;28449;15505;0;9.6;5.2;0.0
18;2021-03-18;513;249;0;28962;15754;0;9.8;5.3;0.0
18;2021-03-19;792;243;0;29754;15997;0;10.0;5.4;0.0
18;2021-03-20;967;606;0;30721;16603;0;10.4;5.6;0.0
18;2021-03-21;310;303;0;31031;16906;0;10.5;5.7;0.0
18;2021-03-22;600;286;0;31631;17192;0;10.7;5.8;0.0
18;2021-03-23;828;278;0;32459;17470;0;11.0;5.9;0.0
18;2021-03-24;1117;284;0;33576;17754;0;11.3;6.0;0.0
18;2021-03-25;1242;308;0;34818;18062;0;11.7;6.1;0.0
18;2021-03-26;1314;347;0;36132;18409;0;12.2;6.2;0.0
18;2021-03-27;1479;312;0;37611;18721;0;12.7;6.3;0.0
18;2021-03-28;213;5;0;37824;18726;0;12.8;6.3;0.0
18;2021-03-29;1054;218;0;38878;18944;0;13.1;6.4;0.0
18;2021-03-30;1116;323;0;39994;19267;0;13.5;6.5;0.0
18;2021-03-31;1372;273;0;41366;19540;0;14.0;6.6;0.0
18;2021-04-01;1433;357;0;42799;19897;0;14.4;6.7;0.0
18;2021-04-02;1280;327;0;44079;20224;0;14.9;6.8;0.0
18;2021-04-03;622;174;0;44701;20398;0;15.1;6.9;0.0
18;2021-04-04;78;6;0;44779;20404;0;15.1;6.9;0.0
18;2021-04-05;205;2;0;44984;20406;0;15.2;6.9;0.0
18;2021-04-06;1087;367;0;46071;20773;0;15.5;7.0;0.0
18;2021-04-07;1290;412;0;47361;21185;0;16.0;7.1;0.0
18;2021-04-08;1728;368;0;49089;21553;0;16.6;7.3;0.0
18;2021-04-09;1899;328;0;50988;21881;0;17.2;7.4;0.0
18;2021-04-10;2551;653;0;53539;22534;0;18.1;7.6;0.0
18;2021-04-11;1878;325;0;55417;22859;0;18.7;7.7;0.0
18;2021-04-12;1382;423;0;56799;23282;0;19.2;7.9;0.0
18;2021-04-13;1711;491;0;58510;23773;0;19.7;8.0;0.0
18;2021-04-14;1362;530;0;59872;24303;0;20.2;8.2;0.0
18;2021-04-15;1501;578;0;61373;24881;0;20.7;8.4;0.0
18;2021-04-16;1692;635;0;63065;25516;0;21.3;8.6;0.0
18;2021-04-17;1501;525;0;64566;26041;0;21.8;8.8;0.0
18;2021-04-18;369;234;0;64935;26275;0;21.9;8.9;0.0
18;2021-04-19;1309;590;0;66244;26865;0;22.3;9.1;0.0
18;2021-04-20;1365;799;0;67609;27664;0;22.8;9.3;0.0
18;2021-04-21;1232;965;0;68841;28629;0;23.2;9.7;0.0
18;2021-04-22;1350;848;0;70191;29477;0;23.7;9.9;0.0
18;2021-04-23;1387;761;0;71578;30238;0;24.1;10.2;0.0
18;2021-04-24;1326;1255;0;72904;31493;0;24.6;10.6;0.0
18;2021-04-25;299;205;0;73203;31698;0;24.7;10.7;0.0
18;2021-04-26;1186;892;0;74389;32590;0;25.1;11.0;0.0
18;2021-04-27;1455;802;0;75844;33392;0;25.6;11.3;0.0
18;2021-04-28;1344;971;0;77188;34363;0;26.0;11.6;0.0
18;2021-04-29;1745;808;0;78933;35171;0;26.6;11.9;0.0
18;2021-04-30;1516;1047;0;80449;36218;0;27.1;12.2;0.0
18;2021-05-01;783;225;0;81232;36443;0;27.4;12.3;0.0
18;2021-05-02;764;63;0;81996;36506;0;27.7;12.3;0.0
18;2021-05-03;1638;1006;0;83634;37512;0;28.2;12.7;0.0
18;2021-05-04;1677;1332;0;85311;38844;0;28.8;13.1;0.0
18;2021-05-05;1675;1194;0;86986;40038;0;29.3;13.5;0.0
18;2021-05-06;2161;1376;0;89147;41414;0;30.1;14.0;0.0
18;2021-05-07;1283;1406;0;90430;42820;0;30.5;14.4;0.0
18;2021-05-08;976;1434;0;91406;44254;0;30.8;14.9;0.0
18;2021-05-09;482;2150;0;91888;46404;0;31.0;15.7;0.0
18;2021-05-10;1190;1500;0;93078;47904;0;31.4;16.2;0.0
18;2021-05-11;1734;1692;0;94812;49596;0;32.0;16.7;0.0
18;2021-05-12;1857;1386;0;96669;50982;0;32.6;17.2;0.0
18;2021-05-13;1083;325;0;97752;51307;0;33.0;17.3;0.0
18;2021-05-14;1440;981;0;99192;52288;0;33.5;17.6;0.0
18;2021-05-15;1882;1090;0;101074;53378;0;34.1;18.0;0.0
18;2021-05-16;544;555;0;101618;53933;0;34.3;18.2;0.0
18;2021-05-17;1291;1071;0;102909;55004;0;34.7;18.6;0.0
18;2021-05-18;2086;935;0;104995;55939;0;35.4;18.9;0.0
18;2021-05-19;2103;924;0;107098;56863;0;36.1;19.2;0.0
18;2021-05-20;2181;961;0;109279;57824;0;36.9;19.5;0.0
18;2021-05-21;1566;827;0;110845;58651;0;37.4;19.8;0.0
18;2021-05-22;1690;1042;0;112535;59693;0;38.0;20.1;0.0
18;2021-05-23;494;335;0;113029;60028;0;38.1;20.3;0.0
18;2021-05-24;576;302;0;113605;60330;0;38.3;20.4;0.0
18;2021-05-25;1706;1037;0;115311;61367;0;38.9;20.7;0.0
18;2021-05-26;2029;868;0;117340;62235;0;39.6;21.0;0.0
18;2021-05-27;1993;1165;0;119333;63400;0;40.3;21.4;0.0
18;2021-05-28;1707;1363;0;121040;64763;0;40.8;21.8;0.0
18;2021-05-29;2454;1616;0;123494;66379;0;41.7;22.4;0.0
18;2021-05-30;1481;488;0;124975;66867;0;42.2;22.6;0.0
18;2021-05-31;1585;680;0;126560;67547;0;42.7;22.8;0.0
18;2021-06-01;1920;952;0;128480;68499;0;43.3;23.1;0.0
18;2021-06-02;1874;1008;0;130354;69507;0;44.0;23.5;0.0
18;2021-06-03;2055;1215;0;132409;70722;0;44.7;23.9;0.0
18;2021-06-04;1815;1139;0;134224;71861;0;45.3;24.2;0.0
18;2021-06-05;2326;1397;0;136550;73258;0;46.1;24.7;0.0
18;2021-06-06;371;395;0;136921;73653;0;46.2;24.8;0.0
18;2021-06-07;1211;1191;0;138132;74844;0;46.6;25.3;0.0
18;2021-06-08;1478;1318;0;139610;76162;0;47.1;25.7;0.0
18;2021-06-09;1341;1060;0;140951;77222;0;47.6;26.1;0.0
18;2021-06-10;1548;1349;0;142499;78571;0;48.1;26.5;0.0
18;2021-06-11;1463;1403;0;143962;79974;0;48.6;27.0;0.0
18;2021-06-12;1205;2479;0;145167;82453;0;49.0;27.8;0.0
18;2021-06-13;145;259;0;145312;82712;0;49.0;27.9;0.0
18;2021-06-14;654;1852;0;145966;84564;0;49.2;28.5;0.0
18;2021-06-15;1183;1811;0;147149;86375;0;49.6;29.1;0.0
18;2021-06-16;1286;1445;0;148435;87820;0;50.1;29.6;0.0
18;2021-06-17;1325;1662;0;149760;89482;0;50.5;30.2;0.0
18;2021-06-18;1346;1734;0;151106;91216;0;51.0;30.8;0.0
18;2021-06-19;1511;1211;0;152617;92427;0;51.5;31.2;0.0
18;2021-06-20;251;179;0;152868;92606;0;51.6;31.2;0.0
18;2021-06-21;663;1690;0;153531;94296;0;51.8;31.8;0.0
18;2021-06-22;1095;1752;0;154626;96048;0;52.2;32.4;0.0
18;2021-06-23;1035;1704;0;155661;97752;0;52.5;33.0;0.0
18;2021-06-24;1053;1146;0;156714;98898;0;52.9;33.4;0.0
18;2021-06-25;963;1908;0;157677;100806;0;53.2;34.0;0.0
18;2021-06-26;1054;1533;0;158731;102339;0;53.6;34.5;0.0
18;2021-06-27;34;383;0;158765;102722;0;53.6;34.7;0.0
18;2021-06-28;433;1868;0;159198;104590;0;53.7;35.3;0.0
18;2021-06-29;614;2393;0;159812;106983;0;53.9;36.1;0.0
18;2021-06-30;643;2480;0;160455;109463;0;54.1;36.9;0.0
18;2021-07-01;1017;2059;0;161472;111522;0;54.5;37.6;0.0
18;2021-07-02;650;1667;0;162122;113189;0;54.7;38.2;0.0
18;2021-07-03;700;2440;0;162822;115629;0;54.9;39.0;0.0
18;2021-07-04;166;1006;0;162988;116635;0;55.0;39.4;0.0
18;2021-07-05;752;1823;0;163740;118458;0;55.2;40.0;0.0
18;2021-07-06;652;2305;0;164392;120763;0;55.5;40.7;0.0
18;2021-07-07;747;2061;0;165139;122824;0;55.7;41.4;0.0
18;2021-07-08;958;1877;0;166097;124701;0;56.0;42.1;0.0
18;2021-07-09;743;2350;0;166840;127051;0;56.3;42.9;0.0
18;2021-07-10;774;2987;0;167614;130038;0;56.5;43.9;0.0
18;2021-07-11;116;694;0;167730;130732;0;56.6;44.1;0.0
18;2021-07-12;280;2072;0;168010;132804;0;56.7;44.8;0.0
18;2021-07-13;708;2709;0;168718;135513;0;56.9;45.7;0.0
18;2021-07-14;256;903;0;168974;136416;0;57.0;46.0;0.0
18;2021-07-15;1483;2676;0;170457;139092;0;57.5;46.9;0.0
18;2021-07-16;1432;2179;0;171889;141271;0;58.0;47.7;0.0
18;2021-07-17;1128;2156;0;173017;143427;0;58.4;48.4;0.0
18;2021-07-18;259;336;0;173276;143763;0;58.5;48.5;0.0
18;2021-07-19;1265;1640;0;174541;145403;0;58.9;49.1;0.0
18;2021-07-20;1683;2327;0;176224;147730;0;59.5;49.8;0.0
18;2021-07-21;1868;2012;0;178092;149742;0;60.1;50.5;0.0
18;2021-07-22;2108;1956;0;180200;151698;0;60.8;51.2;0.0
18;2021-07-23;1518;1707;0;181718;153405;0;61.3;51.8;0.0
18;2021-07-24;1032;1516;0;182750;154921;0;61.7;52.3;0.0
18;2021-07-25;229;414;0;182979;155335;0;61.7;52.4;0.0
18;2021-07-26;1432;1494;0;184411;156829;0;62.2;52.9;0.0
18;2021-07-27;1875;1718;0;186286;158547;0;62.8;53.5;0.0
18;2021-07-28;2297;1866;0;188583;160413;0;63.6;54.1;0.0
18;2021-07-29;2208;1821;0;190791;162234;0;64.4;54.7;0.0
18;2021-07-30;1714;1439;0;192505;163673;0;64.9;55.2;0.0
18;2021-07-31;1170;1281;0;193675;164954;0;65.3;55.7;0.0
18;2021-08-01;125;39;0;193800;164993;0;65.4;55.7;0.0
18;2021-08-02;1491;824;0;195291;165817;0;65.9;55.9;0.0
18;2021-08-03;1859;1678;0;197150;167495;0;66.5;56.5;0.0
18;2021-08-04;2240;1101;0;199390;168596;0;67.3;56.9;0.0
18;2021-08-05;1721;1234;0;201111;169830;0;67.9;57.3;0.0
18;2021-08-06;1776;1155;0;202887;170985;0;68.4;57.7;0.0
18;2021-08-07;717;831;0;203604;171816;0;68.7;58.0;0.0
18;2021-08-08;62;79;0;203666;171895;0;68.7;58.0;0.0
18;2021-08-09;1122;1034;0;204788;172929;0;69.1;58.3;0.0
18;2021-08-10;1378;1642;0;206166;174571;0;69.6;58.9;0.0
18;2021-08-11;1708;1537;0;207874;176108;0;70.1;59.4;0.0
18;2021-08-12;1617;1621;0;209491;177729;0;70.7;60.0;0.0
18;2021-08-13;1099;1164;0;210590;178893;0;71.0;60.4;0.0
18;2021-08-14;772;657;0;211362;179550;0;71.3;60.6;0.0
18;2021-08-15;39;36;0;211401;179586;0;71.3;60.6;0.0
18;2021-08-16;815;1410;0;212216;180996;0;71.6;61.1;0.0
18;2021-08-17;1007;1977;0;213223;182973;0;71.9;61.7;0.0
18;2021-08-18;1141;1888;0;214364;184861;0;72.3;62.4;0.0
18;2021-08-19;1041;1726;0;215405;186587;0;72.7;63.0;0.0
18;2021-08-20;906;1764;0;216311;188351;0;73.0;63.5;0.0
18;2021-08-21;436;804;0;216747;189155;0;73.1;63.8;0.0
18;2021-08-22;24;88;0;216771;189243;0;73.1;63.8;0.0
18;2021-08-23;535;1664;0;217306;190907;0;73.3;64.4;0.0
18;2021-08-24;843;1734;0;218149;192641;0;73.6;65.0;0.0
18;2021-08-25;793;1882;0;218942;194523;0;73.9;65.6;0.0
18;2021-08-26;745;1697;0;219687;196220;0;74.1;66.2;0.0
18;2021-08-27;563;2061;0;220250;198281;0;74.3;66.9;0.0
18;2021-08-28;515;934;0;220765;199215;0;74.5;67.2;0.0
18;2021-08-29;92;181;0;220857;199396;0;74.5;67.3;0.0
18;2021-08-30;525;1388;33;221382;200784;33;74.7;67.7;0.0
18;2021-08-31;498;1534;48;221880;202318;81;74.9;68.3;0.0
18;2021-09-01;586;1602;131;222466;203920;212;75.1;68.8;0.1
18;2021-09-02;408;1265;154;222874;205185;366;75.2;69.2;0.1
18;2021-09-03;458;1192;165;223332;206377;531;75.3;69.6;0.2
18;2021-09-04;375;847;75;223707;207224;606;75.5;69.9;0.2
18;2021-09-05;32;62;23;223739;207286;629;75.5;69.9;0.2
18;2021-09-06;267;917;211;224006;208203;840;75.6;70.2;0.3
18;2021-09-07;315;947;160;224321;209150;1000;75.7;70.6;0.3
18;2021-09-08;402;1093;120;224723;210243;1120;75.8;70.9;0.4
18;2021-09-09;351;951;175;225074;211194;1295;75.9;71.3;0.4
18;2021-09-10;414;913;173;225488;212107;1468;76.1;71.6;0.5
18;2021-09-11;261;824;93;225749;212931;1561;76.2;71.8;0.5
18;2021-09-12;7;28;13;225756;212959;1574;76.2;71.8;0.5
18;2021-09-13;334;742;158;226090;213701;1732;76.3;72.1;0.6
18;2021-09-14;284;786;274;226374;214487;2006;76.4;72.4;0.7
18;2021-09-15;337;1031;339;226711;215518;2345;76.5;72.7;0.8
18;2021-09-16;466;853;293;227177;216371;2638;76.6;73.0;0.9
18;2021-09-17;350;704;361;227527;217075;2999;76.8;73.2;1.0
18;2021-09-18;197;655;132;227724;217730;3131;76.8;73.5;1.1
18;2021-09-19;8;10;11;227732;217740;3142;76.8;73.5;1.1
18;2021-09-20;153;546;288;227885;218286;3430;76.9;73.6;1.2
18;2021-09-21;128;453;270;228013;218739;3700;76.9;73.8;1.2
18;2021-09-22;182;776;356;228195;219515;4056;77.0;74.1;1.4
18;2021-09-23;246;442;527;228441;219957;4583;77.1;74.2;1.5
18;2021-09-24;140;492;355;228581;220449;4938;77.1;74.4;1.7
18;2021-09-25;149;712;172;228730;221161;5110;77.2;74.6;1.7
18;2021-09-26;16;96;48;228746;221257;5158;77.2;74.6;1.7
18;2021-09-27;111;324;276;228857;221581;5434;77.2;74.8;1.8
18;2021-09-28;85;287;306;228942;221868;5740;77.2;74.9;1.9
18;2021-09-29;83;299;220;229025;222167;5960;77.3;75.0;2.0
18;2021-09-30;120;281;528;229145;222448;6488;77.3;75.0;2.2
18;2021-10-01;167;303;336;229312;222751;6824;77.4;75.2;2.3
18;2021-10-02;79;212;77;229391;222963;6901;77.4;75.2;2.3
18;2021-10-03;8;13;32;229399;222976;6933;77.4;75.2;2.3
18;2021-10-04;141;423;364;229540;223399;7297;77.4;75.4;2.5
18;2021-10-05;137;311;418;229677;223710;7715;77.5;75.5;2.6
18;2021-10-06;134;424;459;229811;224134;8174;77.5;75.6;2.8
18;2021-10-07;109;383;343;229920;224517;8517;77.6;75.7;2.9
18;2021-10-08;159;503;571;230079;225020;9088;77.6;75.9;3.1
18;2021-10-09;123;298;159;230202;225318;9247;77.7;76.0;3.1
18;2021-10-10;6;13;36;230208;225331;9283;77.7;76.0;3.1
18;2021-10-11;152;201;510;230360;225532;9793;77.7;76.1;3.3
18;2021-10-12;146;198;630;230506;225730;10423;77.8;76.2;3.5
18;2021-10-13;156;226;450;230662;225956;10873;77.8;76.2;3.7
18;2021-10-14;63;231;327;230725;226187;11200;77.8;76.3;3.8
18;2021-10-15;164;288;768;230889;226475;11968;77.9;76.4;4.0
18;2021-10-16;152;245;824;231041;226720;12792;77.9;76.5;4.3
18;2021-10-17;8;19;36;231049;226739;12828;78.0;76.5;4.3
18;2021-10-18;124;169;463;231173;226908;13291;78.0;76.6;4.5
18;2021-10-19;101;106;447;231274;227014;13738;78.0;76.6;4.6
18;2021-10-20;143;132;651;231417;227146;14389;78.1;76.6;4.9
18;2021-10-21;66;82;404;231483;227228;14793;78.1;76.7;5.0
18;2021-10-22;126;188;582;231609;227416;15375;78.1;76.7;5.2
18;2021-10-23;92;91;313;231701;227507;15688;78.2;76.8;5.3
18;2021-10-24;6;7;27;231707;227514;15715;78.2;76.8;5.3
18;2021-10-25;104;145;542;231811;227659;16257;78.2;76.8;5.5
18;2021-10-26;88;146;430;231899;227805;16687;78.2;76.9;5.6
18;2021-10-27;110;160;600;232009;227965;17287;78.3;76.9;5.8
18;2021-10-28;58;78;531;232067;228043;17818;78.3;76.9;6.0
18;2021-10-29;130;166;641;232197;228209;18459;78.3;77.0;6.2
18;2021-10-30;80;114;200;232277;228323;18659;78.4;77.0;6.3
18;2021-10-31;0;1;2;232277;228324;18661;78.4;77.0;6.3
18;2021-11-01;5;10;2;232282;228334;18663;78.4;77.0;6.3
18;2021-11-02;71;145;508;232353;228479;19171;78.4;77.1;6.5
18;2021-11-03;103;219;795;232456;228698;19966;78.4;77.2;6.7
18;2021-11-04;62;73;459;232518;228771;20425;78.4;77.2;6.9
18;2021-11-05;72;134;720;232590;228905;21145;78.5;77.2;7.1
18;2021-11-06;74;144;1284;232664;229049;22429;78.5;77.3;7.6
18;2021-11-07;6;14;45;232670;229063;22474;78.5;77.3;7.6
18;2021-11-08;61;113;905;232731;229176;23379;78.5;77.3;7.9
18;2021-11-09;78;113;885;232809;229289;24264;78.5;77.4;8.2
18;2021-11-10;113;154;1051;232922;229443;25315;78.6;77.4;8.5
18;2021-11-11;0;2;11;232922;229445;25326;78.6;77.4;8.5
18;2021-11-12;67;127;701;232989;229572;26027;78.6;77.5;8.8
18;2021-11-13;49;106;385;233038;229678;26412;78.6;77.5;8.9
18;2021-11-14;0;3;7;233038;229681;26419;78.6;77.5;8.9
18;2021-11-15;72;110;1173;233110;229791;27592;78.6;77.5;9.3
18;2021-11-16;98;96;1452;233208;229887;29044;78.7;77.6;9.8
18;2021-11-17;159;152;1600;233367;230039;30644;78.7;77.6;10.3
18;2021-11-18;57;75;1074;233424;230114;31718;78.8;77.6;10.7
18;2021-11-19;101;147;1322;233525;230261;33040;78.8;77.7;11.1
18;2021-11-20;76;112;905;233601;230373;33945;78.8;77.7;11.5
18;2021-11-21;16;16;75;233617;230389;34020;78.8;77.7;11.5
18;2021-11-22;99;53;1216;233716;230442;35236;78.9;77.7;11.9
18;2021-11-23;113;89;1476;233829;230531;36712;78.9;77.8;12.4
18;2021-11-24;146;106;1504;233975;230637;38216;78.9;77.8;12.9
18;2021-11-25;51;75;1178;234026;230712;39394;79.0;77.8;13.3
18;2021-11-26;130;117;1796;234156;230829;41190;79.0;77.9;13.9
18;2021-11-27;109;81;990;234265;230910;42180;79.0;77.9;14.2
18;2021-11-28;9;13;416;234274;230923;42596;79.0;77.9;14.4
18;2021-11-29;107;75;2008;234381;230998;44604;79.1;77.9;15.0
18;2021-11-30;82;79;2268;234463;231077;46872;79.1;78.0;15.8
18;2021-12-01;78;111;2525;234541;231188;49397;79.1;78.0;16.7
18;2021-12-02;81;59;2749;234622;231247;52146;79.2;78.0;17.6
18;2021-12-03;74;80;2487;234696;231327;54633;79.2;78.0;18.4
18;2021-12-04;42;90;2187;234738;231417;56820;79.2;78.1;19.2
18;2021-12-05;6;3;118;234744;231420;56938;79.2;78.1;19.2
18;2021-12-06;41;91;2551;234785;231511;59489;79.2;78.1;20.1
18;2021-12-07;51;96;3543;234836;231607;63032;79.2;78.1;21.3
18;2021-12-08;61;142;2908;234897;231749;65940;79.2;78.2;22.2
18;2021-12-09;85;102;3168;234982;231851;69108;79.3;78.2;23.3
19;2020-12-27;0;0;0;0;0;0;0.0;0.0;0.0
19;2020-12-28;0;0;0;0;0;0;0.0;0.0;0.0
19;2020-12-29;1;0;0;1;0;0;0.0;0.0;0.0
19;2020-12-30;0;0;0;1;0;0;0.0;0.0;0.0
19;2020-12-31;0;0;0;1;0;0;0.0;0.0;0.0
19;2021-01-01;0;0;0;1;0;0;0.0;0.0;0.0
19;2021-01-02;0;0;0;1;0;0;0.0;0.0;0.0
19;2021-01-03;0;0;0;1;0;0;0.0;0.0;0.0
19;2021-01-04;0;0;0;1;0;0;0.0;0.0;0.0
19;2021-01-05;0;0;0;1;0;0;0.0;0.0;0.0
19;2021-01-06;0;0;0;1;0;0;0.0;0.0;0.0
19;2021-01-07;323;2;0;324;2;0;0.1;0.0;0.0
19;2021-01-08;236;1;0;560;3;0;0.2;0.0;0.0
19;2021-01-09;2;0;0;562;3;0;0.2;0.0;0.0
19;2021-01-10;1;0;0;563;3;0;0.2;0.0;0.0
19;2021-01-11;45;0;0;608;3;0;0.3;0.0;0.0
19;2021-01-12;383;2;0;991;5;0;0.4;0.0;0.0
19;2021-01-13;340;2;0;1331;7;0;0.6;0.0;0.0
19;2021-01-14;452;1;0;1783;8;0;0.7;0.0;0.0
19;2021-01-15;229;18;0;2012;26;0;0.8;0.0;0.0
19;2021-01-16;11;0;0;2023;26;0;0.8;0.0;0.0
19;2021-01-17;3;0;0;2026;26;0;0.8;0.0;0.0
19;2021-01-18;263;1;0;2289;27;0;1.0;0.0;0.0
19;2021-01-19;470;0;0;2759;27;0;1.1;0.0;0.0
19;2021-01-20;884;10;0;3643;37;0;1.5;0.0;0.0
19;2021-01-21;468;4;0;4111;41;0;1.7;0.0;0.0
19;2021-01-22;1210;13;0;5321;54;0;2.2;0.0;0.0
19;2021-01-23;269;0;0;5590;54;0;2.3;0.0;0.0
19;2021-01-24;38;0;0;5628;54;0;2.3;0.0;0.0
19;2021-01-25;234;0;0;5862;54;0;2.4;0.0;0.0
19;2021-01-26;540;1;0;6402;55;0;2.7;0.0;0.0
19;2021-01-27;300;2;0;6702;57;0;2.8;0.0;0.0
19;2021-01-28;284;237;0;6986;294;0;2.9;0.1;0.0
19;2021-01-29;315;60;0;7301;354;0;3.0;0.1;0.0
19;2021-01-30;128;20;0;7429;374;0;3.1;0.2;0.0
19;2021-01-31;41;1;0;7470;375;0;3.1;0.2;0.0
19;2021-02-01;164;92;0;7634;467;0;3.2;0.2;0.0
19;2021-02-02;308;399;0;7942;866;0;3.3;0.4;0.0
19;2021-02-03;272;215;0;8214;1081;0;3.4;0.4;0.0
19;2021-02-04;262;353;0;8476;1434;0;3.5;0.6;0.0
19;2021-02-05;312;85;0;8788;1519;0;3.7;0.6;0.0
19;2021-02-06;191;5;0;8979;1524;0;3.7;0.6;0.0
19;2021-02-07;45;2;0;9024;1526;0;3.8;0.6;0.0
19;2021-02-08;182;154;0;9206;1680;0;3.8;0.7;0.0
19;2021-02-09;285;264;0;9491;1944;0;3.9;0.8;0.0
19;2021-02-10;488;277;0;9979;2221;0;4.2;0.9;0.0
19;2021-02-11;411;322;0;10390;2543;0;4.3;1.1;0.0
19;2021-02-12;749;1086;0;11139;3629;0;4.6;1.5;0.0
19;2021-02-13;332;178;0;11471;3807;0;4.8;1.6;0.0
19;2021-02-14;95;12;0;11566;3819;0;4.8;1.6;0.0
19;2021-02-15;195;235;0;11761;4054;0;4.9;1.7;0.0
19;2021-02-16;348;176;0;12109;4230;0;5.0;1.8;0.0
19;2021-02-17;291;487;0;12400;4717;0;5.2;2.0;0.0
19;2021-02-18;182;480;0;12582;5197;0;5.2;2.2;0.0
19;2021-02-19;451;281;0;13033;5478;0;5.4;2.3;0.0
19;2021-02-20;128;194;0;13161;5672;0;5.5;2.4;0.0
19;2021-02-21;20;42;0;13181;5714;0;5.5;2.4;0.0
19;2021-02-22;210;207;0;13391;5921;0;5.6;2.5;0.0
19;2021-02-23;249;324;0;13640;6245;0;5.7;2.6;0.0
19;2021-02-24;333;218;0;13973;6463;0;5.8;2.7;0.0
19;2021-02-25;507;364;0;14480;6827;0;6.0;2.8;0.0
19;2021-02-26;425;327;0;14905;7154;0;6.2;3.0;0.0
19;2021-02-27;352;149;0;15257;7303;0;6.3;3.0;0.0
19;2021-02-28;67;36;0;15324;7339;0;6.4;3.1;0.0
19;2021-03-01;261;217;0;15585;7556;0;6.5;3.1;0.0
19;2021-03-02;409;240;0;15994;7796;0;6.7;3.2;0.0
19;2021-03-03;668;347;0;16662;8143;0;6.9;3.4;0.0
19;2021-03-04;797;321;0;17459;8464;0;7.3;3.5;0.0
19;2021-03-05;901;697;0;18360;9161;0;7.6;3.8;0.0
19;2021-03-06;1041;192;0;19401;9353;0;8.1;3.9;0.0
19;2021-03-07;449;38;0;19850;9391;0;8.3;3.9;0.0
19;2021-03-08;582;179;0;20432;9570;0;8.5;4.0;0.0
19;2021-03-09;851;248;0;21283;9818;0;8.9;4.1;0.0
19;2021-03-10;1096;309;0;22379;10127;0;9.3;4.2;0.0
19;2021-03-11;1280;286;0;23659;10413;0;9.8;4.3;0.0
19;2021-03-12;1243;385;0;24902;10798;0;10.4;4.5;0.0
19;2021-03-13;1079;155;0;25981;10953;0;10.8;4.6;0.0
19;2021-03-14;145;78;0;26126;11031;0;10.9;4.6;0.0
19;2021-03-15;661;152;0;26787;11183;0;11.1;4.7;0.0
19;2021-03-16;653;266;0;27440;11449;0;11.4;4.8;0.0
19;2021-03-17;772;289;0;28212;11738;0;11.7;4.9;0.0
19;2021-03-18;734;259;0;28946;11997;0;12.0;5.0;0.0
19;2021-03-19;991;450;0;29937;12447;0;12.5;5.2;0.0
19;2021-03-20;752;122;0;30689;12569;0;12.8;5.2;0.0
19;2021-03-21;117;4;0;30806;12573;0;12.8;5.2;0.0
19;2021-03-22;554;172;0;31360;12745;0;13.0;5.3;0.0
19;2021-03-23;1003;227;0;32363;12972;0;13.5;5.4;0.0
19;2021-03-24;1114;356;0;33477;13328;0;13.9;5.5;0.0
19;2021-03-25;1208;391;0;34685;13719;0;14.4;5.7;0.0
19;2021-03-26;1331;295;0;36016;14014;0;15.0;5.8;0.0
19;2021-03-27;817;187;0;36833;14201;0;15.3;5.9;0.0
19;2021-03-28;72;59;0;36905;14260;0;15.4;5.9;0.0
19;2021-03-29;606;173;0;37511;14433;0;15.6;6.0;0.0
19;2021-03-30;931;349;0;38442;14782;0;16.0;6.2;0.0
19;2021-03-31;1084;498;0;39526;15280;0;16.4;6.4;0.0
19;2021-04-01;1454;374;0;40980;15654;0;17.1;6.5;0.0
19;2021-04-02;1021;529;0;42001;16183;0;17.5;6.7;0.0
19;2021-04-03;585;261;0;42586;16444;0;17.7;6.8;0.0
19;2021-04-04;135;4;0;42721;16448;0;17.8;6.8;0.0
19;2021-04-05;64;73;0;42785;16521;0;17.8;6.9;0.0
19;2021-04-06;731;577;0;43516;17098;0;18.1;7.1;0.0
19;2021-04-07;925;728;0;44441;17826;0;18.5;7.4;0.0
19;2021-04-08;1126;960;0;45567;18786;0;19.0;7.8;0.0
19;2021-04-09;1629;670;0;47196;19456;0;19.6;8.1;0.0
19;2021-04-10;939;522;0;48135;19978;0;20.0;8.3;0.0
19;2021-04-11;511;66;0;48646;20044;0;20.2;8.3;0.0
19;2021-04-12;715;500;0;49361;20544;0;20.5;8.5;0.0
19;2021-04-13;926;561;0;50287;21105;0;20.9;8.8;0.0
19;2021-04-14;1353;815;0;51640;21920;0;21.5;9.1;0.0
19;2021-04-15;1251;800;0;52891;22720;0;22.0;9.5;0.0
19;2021-04-16;1530;814;0;54421;23534;0;22.6;9.8;0.0
19;2021-04-17;776;460;0;55197;23994;0;23.0;10.0;0.0
19;2021-04-18;582;65;0;55779;24059;0;23.2;10.0;0.0
19;2021-04-19;733;430;0;56512;24489;0;23.5;10.2;0.0
19;2021-04-20;922;700;0;57434;25189;0;23.9;10.5;0.0
19;2021-04-21;1184;700;0;58618;25889;0;24.4;10.8;0.0
19;2021-04-22;1089;879;0;59707;26768;0;24.8;11.1;0.0
19;2021-04-23;1187;977;0;60894;27745;0;25.3;11.5;0.0
19;2021-04-24;659;652;0;61553;28397;0;25.6;11.8;0.0
19;2021-04-25;641;72;0;62194;28469;0;25.9;11.8;0.0
19;2021-04-26;1102;339;0;63296;28808;0;26.3;12.0;0.0
19;2021-04-27;1071;551;0;64367;29359;0;26.8;12.2;0.0
19;2021-04-28;1539;567;0;65906;29926;0;27.4;12.5;0.0
19;2021-04-29;1464;1087;0;67370;31013;0;28.0;12.9;0.0
19;2021-04-30;1914;1083;0;69284;32096;0;28.8;13.4;0.0
19;2021-05-01;673;183;0;69957;32279;0;29.1;13.4;0.0
19;2021-05-02;552;150;0;70509;32429;0;29.3;13.5;0.0
19;2021-05-03;959;546;0;71468;32975;0;29.7;13.7;0.0
19;2021-05-04;1143;713;0;72611;33688;0;30.2;14.0;0.0
19;2021-05-05;1386;759;0;73997;34447;0;30.8;14.3;0.0
19;2021-05-06;1344;1162;0;75341;35609;0;31.3;14.8;0.0
19;2021-05-07;1731;1196;0;77072;36805;0;32.1;15.3;0.0
19;2021-05-08;855;228;0;77927;37033;0;32.4;15.4;0.0
19;2021-05-09;470;510;0;78397;37543;0;32.6;15.6;0.0
19;2021-05-10;1210;742;0;79607;38285;0;33.1;15.9;0.0
19;2021-05-11;1651;879;0;81258;39164;0;33.8;16.3;0.0
19;2021-05-12;1936;1339;0;83194;40503;0;34.6;16.9;0.0
19;2021-05-13;634;294;0;83828;40797;0;34.9;17.0;0.0
19;2021-05-14;1593;973;0;85421;41770;0;35.5;17.4;0.0
19;2021-05-15;1341;585;0;86762;42355;0;36.1;17.6;0.0
19;2021-05-16;287;95;0;87049;42450;0;36.2;17.7;0.0
19;2021-05-17;1432;586;0;88481;43036;0;36.8;17.9;0.0
19;2021-05-18;1642;518;0;90123;43554;0;37.5;18.1;0.0
19;2021-05-19;1969;852;0;92092;44406;0;38.3;18.5;0.0
19;2021-05-20;1756;896;0;93848;45302;0;39.0;18.8;0.0
19;2021-05-21;1967;875;0;95815;46177;0;39.9;19.2;0.0
19;2021-05-22;1205;632;0;97020;46809;0;40.4;19.5;0.0
19;2021-05-23;291;126;0;97311;46935;0;40.5;19.5;0.0
19;2021-05-24;217;58;0;97528;46993;0;40.6;19.6;0.0
19;2021-05-25;1485;556;0;99013;47549;0;41.2;19.8;0.0
19;2021-05-26;1932;692;0;100945;48241;0;42.0;20.1;0.0
19;2021-05-27;1807;879;0;102752;49120;0;42.8;20.4;0.0
19;2021-05-28;1939;1065;0;104691;50185;0;43.6;20.9;0.0
19;2021-05-29;1345;699;0;106036;50884;0;44.1;21.2;0.0
19;2021-05-30;181;458;0;106217;51342;0;44.2;21.4;0.0
19;2021-05-31;1176;550;0;107393;51892;0;44.7;21.6;0.0
19;2021-06-01;1292;898;0;108685;52790;0;45.2;22.0;0.0
19;2021-06-02;1759;1016;0;110444;53806;0;46.0;22.4;0.0
19;2021-06-03;1495;1172;0;111939;54978;0;46.6;22.9;0.0
19;2021-06-04;1833;1397;0;113772;56375;0;47.3;23.5;0.0
19;2021-06-05;1135;794;0;114907;57169;0;47.8;23.8;0.0
19;2021-06-06;102;593;0;115009;57762;0;47.9;24.0;0.0
19;2021-06-07;917;1013;0;115926;58775;0;48.2;24.5;0.0
19;2021-06-08;1102;963;0;117028;59738;0;48.7;24.9;0.0
19;2021-06-09;1245;1461;0;118273;61199;0;49.2;25.5;0.0
19;2021-06-10;1260;1535;0;119533;62734;0;49.7;26.1;0.0
19;2021-06-11;1279;1954;0;120812;64688;0;50.3;26.9;0.0
19;2021-06-12;1254;1298;0;122066;65986;0;50.8;27.5;0.0
19;2021-06-13;472;418;0;122538;66404;0;51.0;27.6;0.0
19;2021-06-14;687;1150;0;123225;67554;0;51.3;28.1;0.0
19;2021-06-15;944;1288;0;124169;68842;0;51.7;28.6;0.0
19;2021-06-16;1168;1514;0;125337;70356;0;52.2;29.3;0.0
19;2021-06-17;870;1855;0;126207;72211;0;52.5;30.0;0.0
19;2021-06-18;1013;2160;0;127220;74371;0;52.9;30.9;0.0
19;2021-06-19;846;1392;0;128066;75763;0;53.3;31.5;0.0
19;2021-06-20;341;319;0;128407;76082;0;53.4;31.7;0.0
19;2021-06-21;498;1144;0;128905;77226;0;53.6;32.1;0.0
19;2021-06-22;649;1550;0;129554;78776;0;53.9;32.8;0.0
19;2021-06-23;681;1995;0;130235;80771;0;54.2;33.6;0.0
19;2021-06-24;653;1596;0;130888;82367;0;54.5;34.3;0.0
19;2021-06-25;557;2175;0;131445;84542;0;54.7;35.2;0.0
19;2021-06-26;454;1668;0;131899;86210;0;54.9;35.9;0.0
19;2021-06-27;252;376;0;132151;86586;0;55.0;36.0;0.0
19;2021-06-28;298;1527;0;132449;88113;0;55.1;36.7;0.0
19;2021-06-29;370;1908;0;132819;90021;0;55.3;37.5;0.0
19;2021-06-30;718;2080;0;133537;92101;0;55.6;38.3;0.0
19;2021-07-01;341;2267;0;133878;94368;0;55.7;39.3;0.0
19;2021-07-02;749;2291;0;134627;96659;0;56.0;40.2;0.0
19;2021-07-03;479;1694;0;135106;98353;0;56.2;40.9;0.0
19;2021-07-04;20;65;0;135126;98418;0;56.2;41.0;0.0
19;2021-07-05;585;1048;0;135711;99466;0;56.5;41.4;0.0
19;2021-07-06;470;1541;0;136181;101007;0;56.7;42.0;0.0
19;2021-07-07;611;2127;0;136792;103134;0;56.9;42.9;0.0
19;2021-07-08;724;2106;0;137516;105240;0;57.2;43.8;0.0
19;2021-07-09;683;2609;0;138199;107849;0;57.5;44.9;0.0
19;2021-07-10;530;1644;0;138729;109493;0;57.7;45.6;0.0
19;2021-07-11;60;215;0;138789;109708;0;57.7;45.6;0.0
19;2021-07-12;444;1502;0;139233;111210;0;57.9;46.3;0.0
19;2021-07-13;665;1835;0;139898;113045;0;58.2;47.0;0.0
19;2021-07-14;218;273;0;140116;113318;0;58.3;47.1;0.0
19;2021-07-15;849;1967;0;140965;115285;0;58.7;48.0;0.0
19;2021-07-16;1117;2353;0;142082;117638;0;59.1;48.9;0.0
19;2021-07-17;716;1583;0;142798;119221;0;59.4;49.6;0.0
19;2021-07-18;312;582;0;143110;119803;0;59.5;49.8;0.0
19;2021-07-19;918;1354;0;144028;121157;0;59.9;50.4;0.0
19;2021-07-20;968;1595;0;144996;122752;0;60.3;51.1;0.0
19;2021-07-21;1053;1625;0;146049;124377;0;60.8;51.8;0.0
19;2021-07-22;1334;1721;0;147383;126098;0;61.3;52.5;0.0
19;2021-07-23;1682;1928;0;149065;128026;0;62.0;53.3;0.0
19;2021-07-24;909;1607;0;149974;129633;0;62.4;53.9;0.0
19;2021-07-25;168;457;0;150142;130090;0;62.5;54.1;0.0
19;2021-07-26;905;921;0;151047;131011;0;62.8;54.5;0.0
19;2021-07-27;1370;1049;0;152417;132060;0;63.4;54.9;0.0
19;2021-07-28;1929;1176;0;154346;133236;0;64.2;55.4;0.0
19;2021-07-29;1563;1124;0;155909;134360;0;64.9;55.9;0.0
19;2021-07-30;1830;1033;0;157739;135393;0;65.6;56.3;0.0
19;2021-07-31;1099;965;0;158838;136358;0;66.1;56.7;0.0
19;2021-08-01;344;320;0;159182;136678;0;66.2;56.9;0.0
19;2021-08-02;1059;747;0;160241;137425;0;66.7;57.2;0.0
19;2021-08-03;1389;938;0;161630;138363;0;67.3;57.6;0.0
19;2021-08-04;1678;642;0;163308;139005;0;67.9;57.8;0.0
19;2021-08-05;1418;852;0;164726;139857;0;68.5;58.2;0.0
19;2021-08-06;1787;1138;0;166513;140995;0;69.3;58.7;0.0
19;2021-08-07;1188;896;0;167701;141891;0;69.8;59.0;0.0
19;2021-08-08;184;184;0;167885;142075;0;69.9;59.1;0.0
19;2021-08-09;931;739;0;168816;142814;0;70.2;59.4;0.0
19;2021-08-10;1117;943;0;169933;143757;0;70.7;59.8;0.0
19;2021-08-11;1169;905;0;171102;144662;0;71.2;60.2;0.0
19;2021-08-12;933;1100;0;172035;145762;0;71.6;60.6;0.0
19;2021-08-13;1071;1112;0;173106;146874;0;72.0;61.1;0.0
19;2021-08-14;844;1065;0;173950;147939;0;72.4;61.6;0.0
19;2021-08-15;40;63;0;173990;148002;0;72.4;61.6;0.0
19;2021-08-16;538;964;0;174528;148966;0;72.6;62.0;0.0
19;2021-08-17;554;1121;0;175082;150087;0;72.8;62.4;0.0
19;2021-08-18;570;910;0;175652;150997;0;73.1;62.8;0.0
19;2021-08-19;438;1194;0;176090;152191;0;73.3;63.3;0.0
19;2021-08-20;784;1761;0;176874;153952;0;73.6;64.1;0.0
19;2021-08-21;419;1256;0;177293;155208;0;73.8;64.6;0.0
19;2021-08-22;49;105;0;177342;155313;0;73.8;64.6;0.0
19;2021-08-23;220;1106;0;177562;156419;0;73.9;65.1;0.0
19;2021-08-24;438;1180;0;178000;157599;0;74.1;65.6;0.0
19;2021-08-25;562;1461;0;178562;159060;0;74.3;66.2;0.0
19;2021-08-26;444;1303;0;179006;160363;0;74.5;66.7;0.0
19;2021-08-27;448;1585;0;179454;161948;0;74.7;67.4;0.0
19;2021-08-28;338;1198;0;179792;163146;0;74.8;67.9;0.0
19;2021-08-29;51;170;0;179843;163316;0;74.8;68.0;0.0
19;2021-08-30;228;1071;5;180071;164387;5;74.9;68.4;0.0
19;2021-08-31;316;1260;97;180387;165647;102;75.1;68.9;0.0
19;2021-09-01;363;1333;43;180750;166980;145;75.2;69.5;0.1
19;2021-09-02;342;1087;117;181092;168067;262;75.3;69.9;0.1
19;2021-09-03;379;1373;93;181471;169440;355;75.5;70.5;0.1
19;2021-09-04;270;1253;26;181741;170693;381;75.6;71.0;0.2
19;2021-09-05;25;98;128;181766;170791;509;75.6;71.1;0.2
19;2021-09-06;189;589;69;181955;171380;578;75.7;71.3;0.2
19;2021-09-07;216;680;70;182171;172060;648;75.8;71.6;0.3
19;2021-09-08;266;715;187;182437;172775;835;75.9;71.9;0.3
19;2021-09-09;252;519;94;182689;173294;929;76.0;72.1;0.4
19;2021-09-10;252;697;147;182941;173991;1076;76.1;72.4;0.4
19;2021-09-11;268;949;95;183209;174940;1171;76.2;72.8;0.5
19;2021-09-12;26;48;74;183235;174988;1245;76.2;72.8;0.5
19;2021-09-13;98;249;243;183333;175237;1488;76.3;72.9;0.6
19;2021-09-14;172;340;253;183505;175577;1741;76.4;73.1;0.7
19;2021-09-15;229;560;312;183734;176137;2053;76.4;73.3;0.9
19;2021-09-16;213;355;257;183947;176492;2310;76.5;73.4;1.0
19;2021-09-17;249;522;171;184196;177014;2481;76.6;73.7;1.0
19;2021-09-18;163;628;87;184359;177642;2568;76.7;73.9;1.1
19;2021-09-19;12;23;4;184371;177665;2572;76.7;73.9;1.1
19;2021-09-20;116;212;283;184487;177877;2855;76.8;74.0;1.2
19;2021-09-21;126;267;417;184613;178144;3272;76.8;74.1;1.4
19;2021-09-22;134;365;272;184747;178509;3544;76.9;74.3;1.5
19;2021-09-23;78;277;241;184825;178786;3785;76.9;74.4;1.6
19;2021-09-24;131;333;374;184956;179119;4159;77.0;74.5;1.7
19;2021-09-25;128;507;127;185084;179626;4286;77.0;74.7;1.8
19;2021-09-26;15;24;4;185099;179650;4290;77.0;74.7;1.8
19;2021-09-27;42;201;286;185141;179851;4576;77.0;74.8;1.9
19;2021-09-28;65;197;280;185206;180048;4856;77.1;74.9;2.0
19;2021-09-29;83;334;263;185289;180382;5119;77.1;75.1;2.1
19;2021-09-30;105;279;224;185394;180661;5343;77.1;75.2;2.2
19;2021-10-01;123;233;217;185517;180894;5560;77.2;75.3;2.3
19;2021-10-02;134;302;184;185651;181196;5744;77.2;75.4;2.4
19;2021-10-03;9;12;10;185660;181208;5754;77.3;75.4;2.4
19;2021-10-04;56;119;208;185716;181327;5962;77.3;75.4;2.5
19;2021-10-05;79;161;325;185795;181488;6287;77.3;75.5;2.6
19;2021-10-06;108;239;309;185903;181727;6596;77.4;75.6;2.7
19;2021-10-07;62;231;289;185965;181958;6885;77.4;75.7;2.9
19;2021-10-08;79;235;266;186044;182193;7151;77.4;75.8;3.0
19;2021-10-09;133;245;263;186177;182438;7414;77.5;75.9;3.1
19;2021-10-10;3;8;23;186180;182446;7437;77.5;75.9;3.1
19;2021-10-11;59;148;257;186239;182594;7694;77.5;76.0;3.2
19;2021-10-12;77;159;443;186316;182753;8137;77.5;76.0;3.4
19;2021-10-13;105;184;324;186421;182937;8461;77.6;76.1;3.5
19;2021-10-14;71;98;349;186492;183035;8810;77.6;76.2;3.7
19;2021-10-15;97;152;278;186589;183187;9088;77.6;76.2;3.8
19;2021-10-16;121;218;272;186710;183405;9360;77.7;76.3;3.9
19;2021-10-17;0;21;1;186710;183426;9361;77.7;76.3;3.9
19;2021-10-18;45;73;309;186755;183499;9670;77.7;76.4;4.0
19;2021-10-19;62;79;418;186817;183578;10088;77.7;76.4;4.2
19;2021-10-20;60;141;462;186877;183719;10550;77.8;76.4;4.4
19;2021-10-21;60;105;434;186937;183824;10984;77.8;76.5;4.6
19;2021-10-22;91;111;364;187028;183935;11348;77.8;76.5;4.7
19;2021-10-23;98;186;443;187126;184121;11791;77.9;76.6;4.9
19;2021-10-24;2;13;9;187128;184134;11800;77.9;76.6;4.9
19;2021-10-25;46;70;381;187174;184204;12181;77.9;76.6;5.1
19;2021-10-26;53;66;479;187227;184270;12660;77.9;76.7;5.3
19;2021-10-27;49;84;520;187276;184354;13180;77.9;76.7;5.5
19;2021-10-28;62;90;521;187338;184444;13701;77.9;76.7;5.7
19;2021-10-29;59;95;360;187397;184539;14061;78.0;76.8;5.9
19;2021-10-30;76;125;425;187473;184664;14486;78.0;76.8;6.0
19;2021-10-31;5;5;32;187478;184669;14518;78.0;76.8;6.0
19;2021-11-01;3;2;8;187481;184671;14526;78.0;76.8;6.0
19;2021-11-02;58;76;589;187539;184747;15115;78.0;76.9;6.3
19;2021-11-03;54;98;531;187593;184845;15646;78.1;76.9;6.5
19;2021-11-04;54;63;522;187647;184908;16168;78.1;76.9;6.7
19;2021-11-05;62;101;518;187709;185009;16686;78.1;77.0;6.9
19;2021-11-06;95;123;470;187804;185132;17156;78.1;77.0;7.1
19;2021-11-07;2;3;11;187806;185135;17167;78.1;77.0;7.1
19;2021-11-08;38;70;481;187844;185205;17648;78.2;77.1;7.3
19;2021-11-09;48;92;885;187892;185297;18533;78.2;77.1;7.7
19;2021-11-10;62;83;740;187954;185380;19273;78.2;77.1;8.0
19;2021-11-11;3;1;13;187957;185381;19286;78.2;77.1;8.0
19;2021-11-12;63;76;579;188020;185457;19865;78.2;77.2;8.3
19;2021-11-13;51;70;488;188071;185527;20353;78.3;77.2;8.5
19;2021-11-14;13;3;39;188084;185530;20392;78.3;77.2;8.5
19;2021-11-15;33;56;544;188117;185586;20936;78.3;77.2;8.7
19;2021-11-16;44;51;1042;188161;185637;21978;78.3;77.2;9.1
19;2021-11-17;57;69;843;188218;185706;22821;78.3;77.3;9.5
19;2021-11-18;51;64;691;188269;185770;23512;78.3;77.3;9.8
19;2021-11-19;88;94;995;188357;185864;24507;78.4;77.3;10.2
19;2021-11-20;79;107;691;188436;185971;25198;78.4;77.4;10.5
19;2021-11-21;10;7;52;188446;185978;25250;78.4;77.4;10.5
19;2021-11-22;48;31;728;188494;186009;25978;78.4;77.4;10.8
19;2021-11-23;73;65;1235;188567;186074;27213;78.5;77.4;11.3
19;2021-11-24;71;70;952;188638;186144;28165;78.5;77.5;11.7
19;2021-11-25;69;58;1018;188707;186202;29183;78.5;77.5;12.1
19;2021-11-26;94;61;1255;188801;186263;30438;78.6;77.5;12.7
19;2021-11-27;91;106;1322;188892;186369;31760;78.6;77.5;13.2
19;2021-11-28;31;17;811;188923;186386;32571;78.6;77.6;13.6
19;2021-11-29;29;28;1103;188952;186414;33674;78.6;77.6;14.0
19;2021-11-30;62;68;1823;189014;186482;35497;78.6;77.6;14.8
19;2021-12-01;33;42;1348;189047;186524;36845;78.7;77.6;15.3
19;2021-12-02;37;30;2115;189084;186554;38960;78.7;77.6;16.2
19;2021-12-03;75;86;2165;189159;186640;41125;78.7;77.7;17.1
19;2021-12-04;45;73;1663;189204;186713;42788;78.7;77.7;17.8
19;2021-12-05;8;12;314;189212;186725;43102;78.7;77.7;17.9
19;2021-12-06;32;33;1489;189244;186758;44591;78.7;77.7;18.6
19;2021-12-07;46;46;2278;189290;186804;46869;78.8;77.7;19.5
19;2021-12-08;47;65;1910;189337;186869;48779;78.8;77.8;20.3
19;2021-12-09;42;60;2117;189379;186929;50896;78.8;77.8;21.2
21;2020-12-27;4;0;0;4;0;0;0.0;0.0;0.0
21;2020-12-28;1;0;0;5;0;0;0.0;0.0;0.0
21;2020-12-29;18;0;0;23;0;0;0.0;0.0;0.0
21;2020-12-30;21;0;0;44;0;0;0.0;0.0;0.0
21;2020-12-31;0;0;0;44;0;0;0.0;0.0;0.0
21;2021-01-01;0;0;0;44;0;0;0.0;0.0;0.0
21;2021-01-02;1;0;0;45;0;0;0.0;0.0;0.0
21;2021-01-03;0;0;0;45;0;0;0.0;0.0;0.0
21;2021-01-04;19;0;0;64;0;0;0.0;0.0;0.0
21;2021-01-05;239;1;0;303;1;0;0.1;0.0;0.0
21;2021-01-06;299;0;0;602;1;0;0.1;0.0;0.0
21;2021-01-07;368;0;0;970;1;0;0.2;0.0;0.0
21;2021-01-08;460;2;0;1430;3;0;0.3;0.0;0.0
21;2021-01-09;248;0;0;1678;3;0;0.3;0.0;0.0
21;2021-01-10;2;0;0;1680;3;0;0.3;0.0;0.0
21;2021-01-11;627;1;0;2307;4;0;0.4;0.0;0.0
21;2021-01-12;637;0;0;2944;4;0;0.6;0.0;0.0
21;2021-01-13;692;1;0;3636;5;0;0.7;0.0;0.0
21;2021-01-14;1138;8;0;4774;13;0;0.9;0.0;0.0
21;2021-01-15;696;4;0;5470;17;0;1.0;0.0;0.0
21;2021-01-16;156;2;0;5626;19;0;1.1;0.0;0.0
21;2021-01-17;5;0;0;5631;19;0;1.1;0.0;0.0
21;2021-01-18;1259;6;0;6890;25;0;1.3;0.0;0.0
21;2021-01-19;1244;4;0;8134;29;0;1.5;0.0;0.0
21;2021-01-20;1203;49;0;9337;78;0;1.8;0.0;0.0
21;2021-01-21;1494;8;0;10831;86;0;2.0;0.0;0.0
21;2021-01-22;1240;5;0;12071;91;0;2.3;0.0;0.0
21;2021-01-23;482;0;0;12553;91;0;2.4;0.0;0.0
21;2021-01-24;124;0;0;12677;91;0;2.4;0.0;0.0
21;2021-01-25;907;16;0;13584;107;0;2.5;0.0;0.0
21;2021-01-26;1478;142;0;15062;249;0;2.8;0.0;0.0
21;2021-01-27;1971;158;0;17033;407;0;3.2;0.1;0.0
21;2021-01-28;1458;228;0;18491;635;0;3.5;0.1;0.0
21;2021-01-29;1047;225;0;19538;860;0;3.7;0.2;0.0
21;2021-01-30;480;38;0;20018;898;0;3.8;0.2;0.0
21;2021-01-31;93;4;0;20111;902;0;3.8;0.2;0.0
21;2021-02-01;470;297;0;20581;1199;0;3.9;0.2;0.0
21;2021-02-02;448;370;0;21029;1569;0;3.9;0.3;0.0
21;2021-02-03;497;291;0;21526;1860;0;4.0;0.3;0.0
21;2021-02-04;437;526;0;21963;2386;0;4.1;0.4;0.0
21;2021-02-05;544;514;0;22507;2900;0;4.2;0.5;0.0
21;2021-02-06;159;216;0;22666;3116;0;4.3;0.6;0.0
21;2021-02-07;1;4;0;22667;3120;0;4.3;0.6;0.0
21;2021-02-08;428;398;0;23095;3518;0;4.3;0.7;0.0
21;2021-02-09;514;541;0;23609;4059;0;4.4;0.8;0.0
21;2021-02-10;468;590;0;24077;4649;0;4.5;0.9;0.0
21;2021-02-11;484;732;0;24561;5381;0;4.6;1.0;0.0
21;2021-02-12;391;950;0;24952;6331;0;4.7;1.2;0.0
21;2021-02-13;336;298;0;25288;6629;0;4.7;1.2;0.0
21;2021-02-14;219;152;0;25507;6781;0;4.8;1.3;0.0
21;2021-02-15;129;1343;0;25636;8124;0;4.8;1.5;0.0
21;2021-02-16;219;1492;0;25855;9616;0;4.9;1.8;0.0
21;2021-02-17;381;1920;0;26236;11536;0;4.9;2.2;0.0
21;2021-02-18;576;1316;0;26812;12852;0;5.0;2.4;0.0
21;2021-02-19;216;1083;0;27028;13935;0;5.1;2.6;0.0
21;2021-02-20;119;382;0;27147;14317;0;5.1;2.7;0.0
21;2021-02-21;0;73;0;27147;14390;0;5.1;2.7;0.0
21;2021-02-22;92;782;0;27239;15172;0;5.1;2.8;0.0
21;2021-02-23;179;1006;0;27418;16178;0;5.1;3.0;0.0
21;2021-02-24;212;738;0;27630;16916;0;5.2;3.2;0.0
21;2021-02-25;636;826;0;28266;17742;0;5.3;3.3;0.0
21;2021-02-26;926;708;0;29192;18450;0;5.5;3.5;0.0
21;2021-02-27;520;304;0;29712;18754;0;5.6;3.5;0.0
21;2021-02-28;24;99;0;29736;18853;0;5.6;3.5;0.0
21;2021-03-01;690;611;0;30426;19464;0;5.7;3.7;0.0
21;2021-03-02;1076;540;0;31502;20004;0;5.9;3.8;0.0
21;2021-03-03;1124;456;0;32626;20460;0;6.1;3.8;0.0
21;2021-03-04;1638;516;0;34264;20976;0;6.4;3.9;0.0
21;2021-03-05;2171;657;0;36435;21633;0;6.8;4.1;0.0
21;2021-03-06;1576;207;0;38011;21840;0;7.1;4.1;0.0
21;2021-03-07;36;24;0;38047;21864;0;7.1;4.1;0.0
21;2021-03-08;746;449;0;38793;22313;0;7.3;4.2;0.0
21;2021-03-09;1572;569;0;40365;22882;0;7.6;4.3;0.0
21;2021-03-10;1629;563;0;41994;23445;0;7.9;4.4;0.0
21;2021-03-11;2155;693;0;44149;24138;0;8.3;4.5;0.0
21;2021-03-12;2861;457;0;47010;24595;0;8.8;4.6;0.0
21;2021-03-13;1907;192;0;48917;24787;0;9.2;4.7;0.0
21;2021-03-14;46;47;0;48963;24834;0;9.2;4.7;0.0
21;2021-03-15;1400;94;0;50363;24928;0;9.5;4.7;0.0
21;2021-03-16;1784;158;0;52147;25086;0;9.8;4.7;0.0
21;2021-03-17;1727;124;0;53874;25210;0;10.1;4.7;0.0
21;2021-03-18;2024;271;0;55898;25481;0;10.5;4.8;0.0
21;2021-03-19;1912;152;0;57810;25633;0;10.8;4.8;0.0
21;2021-03-20;1213;41;0;59023;25674;0;11.1;4.8;0.0
21;2021-03-21;6;0;0;59029;25674;0;11.1;4.8;0.0
21;2021-03-22;1516;95;0;60545;25769;0;11.4;4.8;0.0
21;2021-03-23;2624;119;0;63169;25888;0;11.9;4.9;0.0
21;2021-03-24;2797;156;0;65966;26044;0;12.4;4.9;0.0
21;2021-03-25;3641;252;0;69607;26296;0;13.1;4.9;0.0
21;2021-03-26;3615;207;0;73222;26503;0;13.7;5.0;0.0
21;2021-03-27;1636;65;0;74858;26568;0;14.0;5.0;0.0
21;2021-03-28;204;37;0;75062;26605;0;14.1;5.0;0.0
21;2021-03-29;1736;530;0;76798;27135;0;14.4;5.1;0.0
21;2021-03-30;2270;788;0;79068;27923;0;14.8;5.2;0.0
21;2021-03-31;2670;659;0;81738;28582;0;15.3;5.4;0.0
21;2021-04-01;2636;728;0;84374;29310;0;15.8;5.5;0.0
21;2021-04-02;2247;755;0;86621;30065;0;16.3;5.6;0.0
21;2021-04-03;987;280;0;87608;30345;0;16.4;5.7;0.0
21;2021-04-04;4;16;0;87612;30361;0;16.4;5.7;0.0
21;2021-04-05;20;1;0;87632;30362;0;16.4;5.7;0.0
21;2021-04-06;1321;1138;0;88953;31500;0;16.7;5.9;0.0
21;2021-04-07;1696;968;0;90649;32468;0;17.0;6.1;0.0
21;2021-04-08;3108;1111;0;93757;33579;0;17.6;6.3;0.0
21;2021-04-09;3357;1177;0;97114;34756;0;18.2;6.5;0.0
21;2021-04-10;1337;737;0;98451;35493;0;18.5;6.7;0.0
21;2021-04-11;140;9;0;98591;35502;0;18.5;6.7;0.0
21;2021-04-12;1141;1339;0;99732;36841;0;18.7;6.9;0.0
21;2021-04-13;1689;1712;0;101421;38553;0;19.0;7.2;0.0
21;2021-04-14;1488;1437;0;102909;39990;0;19.3;7.5;0.0
21;2021-04-15;1945;1544;0;104854;41534;0;19.7;7.8;0.0
21;2021-04-16;2336;1265;0;107190;42799;0;20.1;8.0;0.0
21;2021-04-17;1048;977;0;108238;43776;0;20.3;8.2;0.0
21;2021-04-18;27;11;0;108265;43787;0;20.3;8.2;0.0
21;2021-04-19;1141;1325;0;109406;45112;0;20.5;8.5;0.0
21;2021-04-20;1270;1780;0;110676;46892;0;20.8;8.8;0.0
21;2021-04-21;1156;1692;0;111832;48584;0;21.0;9.1;0.0
21;2021-04-22;1313;2146;0;113145;50730;0;21.2;9.5;0.0
21;2021-04-23;2037;1750;0;115182;52480;0;21.6;9.8;0.0
21;2021-04-24;1011;838;0;116193;53318;0;21.8;10.0;0.0
21;2021-04-25;21;164;0;116214;53482;0;21.8;10.0;0.0
21;2021-04-26;1118;1570;0;117332;55052;0;22.0;10.3;0.0
21;2021-04-27;1921;1899;0;119253;56951;0;22.4;10.7;0.0
21;2021-04-28;2384;2198;0;121637;59149;0;22.8;11.1;0.0
21;2021-04-29;3294;2261;0;124931;61410;0;23.4;11.5;0.0
21;2021-04-30;3661;1836;0;128592;63246;0;24.1;11.9;0.0
21;2021-05-01;1015;233;0;129607;63479;0;24.3;11.9;0.0
21;2021-05-02;20;10;0;129627;63489;0;24.3;11.9;0.0
21;2021-05-03;2181;1277;0;131808;64766;0;24.7;12.2;0.0
21;2021-05-04;2664;1606;0;134472;66372;0;25.2;12.5;0.0
21;2021-05-05;2492;1710;0;136964;68082;0;25.7;12.8;0.0
21;2021-05-06;3186;2250;0;140150;70332;0;26.3;13.2;0.0
21;2021-05-07;2914;2119;0;143064;72451;0;26.8;13.6;0.0
21;2021-05-08;1165;276;0;144229;72727;0;27.1;13.6;0.0
21;2021-05-09;58;171;0;144287;72898;0;27.1;13.7;0.0
21;2021-05-10;3177;1732;0;147464;74630;0;27.7;14.0;0.0
21;2021-05-11;4826;2038;0;152290;76668;0;28.6;14.4;0.0
21;2021-05-12;4826;1771;0;157116;78439;0;29.5;14.7;0.0
21;2021-05-13;3752;377;0;160868;78816;0;30.2;14.8;0.0
21;2021-05-14;5113;1514;0;165981;80330;0;31.1;15.1;0.0
21;2021-05-15;3452;673;0;169433;81003;0;31.8;15.2;0.0
21;2021-05-16;87;13;0;169520;81016;0;31.8;15.2;0.0
21;2021-05-17;3997;1249;0;173517;82265;0;32.6;15.4;0.0
21;2021-05-18;4246;1542;0;177763;83807;0;33.4;15.7;0.0
21;2021-05-19;3524;1123;0;181287;84930;0;34.0;15.9;0.0
21;2021-05-20;3945;1375;0;185232;86305;0;34.8;16.2;0.0
21;2021-05-21;3711;2132;0;188943;88437;0;35.5;16.6;0.0
21;2021-05-22;1636;750;0;190579;89187;0;35.8;16.7;0.0
21;2021-05-23;54;33;0;190633;89220;0;35.8;16.7;0.0
21;2021-05-24;1716;257;0;192349;89477;0;36.1;16.8;0.0
21;2021-05-25;2688;2011;0;195037;91488;0;36.6;17.2;0.0
21;2021-05-26;2638;2035;0;197675;93523;0;37.1;17.6;0.0
21;2021-05-27;3931;2136;0;201606;95659;0;37.8;18.0;0.0
21;2021-05-28;3533;2819;0;205139;98478;0;38.5;18.5;0.0
21;2021-05-29;1908;1426;0;207047;99904;0;38.9;18.7;0.0
21;2021-05-30;132;29;0;207179;99933;0;38.9;18.8;0.0
21;2021-05-31;2500;1780;0;209679;101713;0;39.3;19.1;0.0
21;2021-06-01;3376;2250;0;213055;103963;0;40.0;19.5;0.0
21;2021-06-02;2823;1830;0;215878;105793;0;40.5;19.9;0.0
21;2021-06-03;3286;2073;0;219164;107866;0;41.1;20.2;0.0
21;2021-06-04;3446;2673;0;222610;110539;0;41.8;20.7;0.0
21;2021-06-05;2838;1639;0;225448;112178;0;42.3;21.1;0.0
21;2021-06-06;101;98;0;225549;112276;0;42.3;21.1;0.0
21;2021-06-07;4211;1504;0;229760;113780;0;43.1;21.4;0.0
21;2021-06-08;4674;2253;0;234434;116033;0;44.0;21.8;0.0
21;2021-06-09;4465;1788;0;238899;117821;0;44.8;22.1;0.0
21;2021-06-10;3847;2603;0;242746;120424;0;45.6;22.6;0.0
21;2021-06-11;4150;3182;0;246896;123606;0;46.3;23.2;0.0
21;2021-06-12;2120;1653;0;249016;125259;0;46.7;23.5;0.0
21;2021-06-13;72;26;0;249088;125285;0;46.7;23.5;0.0
21;2021-06-14;2221;2681;0;251309;127966;0;47.2;24.0;0.0
21;2021-06-15;2917;3168;0;254226;131134;0;47.7;24.6;0.0
21;2021-06-16;2904;2812;0;257130;133946;0;48.3;25.1;0.0
21;2021-06-17;3314;3110;0;260444;137056;0;48.9;25.7;0.0
21;2021-06-18;2482;3873;0;262926;140929;0;49.3;26.4;0.0
21;2021-06-19;1979;1886;0;264905;142815;0;49.7;26.8;0.0
21;2021-06-20;42;37;0;264947;142852;0;49.7;26.8;0.0
21;2021-06-21;1798;3537;0;266745;146389;0;50.1;27.5;0.0
21;2021-06-22;1846;5810;0;268591;152199;0;50.4;28.6;0.0
21;2021-06-23;1999;5047;0;270590;157246;0;50.8;29.5;0.0
21;2021-06-24;2317;4632;0;272907;161878;0;51.2;30.4;0.0
21;2021-06-25;1512;5868;0;274419;167746;0;51.5;31.5;0.0
21;2021-06-26;1355;3841;0;275774;171587;0;51.8;32.2;0.0
21;2021-06-27;30;160;0;275804;171747;0;51.8;32.2;0.0
21;2021-06-28;1352;4081;0;277156;175828;0;52.0;33.0;0.0
21;2021-06-29;1572;4257;0;278728;180085;0;52.3;33.8;0.0
21;2021-06-30;1576;3508;0;280304;183593;0;52.6;34.5;0.0
21;2021-07-01;1721;4221;0;282025;187814;0;52.9;35.2;0.0
21;2021-07-02;2229;4210;0;284254;192024;0;53.3;36.0;0.0
21;2021-07-03;1096;2028;0;285350;194052;0;53.5;36.4;0.0
21;2021-07-04;57;96;0;285407;194148;0;53.6;36.4;0.0
21;2021-07-05;1581;3661;0;286988;197809;0;53.9;37.1;0.0
21;2021-07-06;1395;3652;0;288383;201461;0;54.1;37.8;0.0
21;2021-07-07;1531;3346;0;289914;204807;0;54.4;38.4;0.0
21;2021-07-08;1893;4100;0;291807;208907;0;54.8;39.2;0.0
21;2021-07-09;2049;4402;0;293856;213309;0;55.1;40.0;0.0
21;2021-07-10;1062;2550;0;294918;215859;0;55.3;40.5;0.0
21;2021-07-11;53;122;0;294971;215981;0;55.4;40.5;0.0
21;2021-07-12;1633;3791;0;296604;219772;0;55.7;41.2;0.0
21;2021-07-13;2309;4994;0;298913;224766;0;56.1;42.2;0.0
21;2021-07-14;2617;1947;0;301530;226713;0;56.6;42.5;0.0
21;2021-07-15;3736;4670;0;305266;231383;0;57.3;43.4;0.0
21;2021-07-16;3809;5198;0;309075;236581;0;58.0;44.4;0.0
21;2021-07-17;2567;3989;0;311642;240570;0;58.5;45.1;0.0
21;2021-07-18;213;140;0;311855;240710;0;58.5;45.2;0.0
21;2021-07-19;2298;4730;0;314153;245440;0;59.0;46.1;0.0
21;2021-07-20;2772;5439;0;316925;250879;0;59.5;47.1;0.0
21;2021-07-21;2905;4815;0;319830;255694;0;60.0;48.0;0.0
21;2021-07-22;3068;4733;0;322898;260427;0;60.6;48.9;0.0
21;2021-07-23;4110;4934;0;327008;265361;0;61.4;49.8;0.0
21;2021-07-24;2933;2893;0;329941;268254;0;61.9;50.3;0.0
21;2021-07-25;127;103;0;330068;268357;0;61.9;50.4;0.0
21;2021-07-26;2653;3631;0;332721;271988;0;62.4;51.0;0.0
21;2021-07-27;3442;3879;0;336163;275867;0;63.1;51.8;0.0
21;2021-07-28;3641;3399;0;339804;279266;0;63.8;52.4;0.0
21;2021-07-29;4082;3395;0;343886;282661;0;64.5;53.0;0.0
21;2021-07-30;4342;3392;0;348228;286053;0;65.3;53.7;0.0
21;2021-07-31;3218;2331;0;351446;288384;0;66.0;54.1;0.0
21;2021-08-01;351;100;0;351797;288484;0;66.0;54.1;0.0
21;2021-08-02;2592;3155;0;354389;291639;0;66.5;54.7;0.0
21;2021-08-03;2670;2765;0;357059;294404;0;67.0;55.2;0.0
21;2021-08-04;2365;2435;0;359424;296839;0;67.4;55.7;0.0
21;2021-08-05;2218;3081;0;361642;299920;0;67.9;56.3;0.0
21;2021-08-06;2585;3389;0;364227;303309;0;68.3;56.9;0.0
21;2021-08-07;1851;2568;0;366078;305877;0;68.7;57.4;0.0
21;2021-08-08;120;130;0;366198;306007;0;68.7;57.4;0.0
21;2021-08-09;1643;2911;0;367841;308918;0;69.0;58.0;0.0
21;2021-08-10;1452;2759;0;369293;311677;0;69.3;58.5;0.0
21;2021-08-11;1697;2476;0;370990;314153;0;69.6;59.0;0.0
21;2021-08-12;1277;2506;0;372267;316659;0;69.9;59.4;0.0
21;2021-08-13;1496;2828;0;373763;319487;0;70.1;60.0;0.0
21;2021-08-14;874;2424;0;374637;321911;0;70.3;60.4;0.0
21;2021-08-15;69;104;0;374706;322015;0;70.3;60.4;0.0
21;2021-08-16;1247;2773;0;375953;324788;0;70.6;60.9;0.0
21;2021-08-17;1204;2811;0;377157;327599;0;70.8;61.5;0.0
21;2021-08-18;1041;2899;0;378198;330498;0;71.0;62.0;0.0
21;2021-08-19;970;3045;0;379168;333543;0;71.2;62.6;0.0
21;2021-08-20;1038;4060;0;380206;337603;0;71.3;63.4;0.0
21;2021-08-21;788;3018;0;380994;340621;0;71.5;63.9;0.0
21;2021-08-22;37;147;0;381031;340768;0;71.5;63.9;0.0
21;2021-08-23;877;3272;0;381908;344040;0;71.7;64.6;0.0
21;2021-08-24;981;2988;0;382889;347028;0;71.9;65.1;0.0
21;2021-08-25;850;2637;0;383739;349665;0;72.0;65.6;0.0
21;2021-08-26;713;2506;0;384452;352171;0;72.1;66.1;0.0
21;2021-08-27;1025;3488;0;385477;355659;0;72.3;66.7;0.0
21;2021-08-28;689;2774;0;386166;358433;0;72.5;67.3;0.0
21;2021-08-29;53;233;0;386219;358666;0;72.5;67.3;0.0
21;2021-08-30;786;2230;56;387005;360896;56;72.6;67.7;0.0
21;2021-08-31;913;1996;114;387918;362892;170;72.8;68.1;0.0
21;2021-09-01;693;1650;183;388611;364542;353;72.9;68.4;0.1
21;2021-09-02;524;1316;267;389135;365858;620;73.0;68.7;0.1
21;2021-09-03;762;1860;317;389897;367718;937;73.2;69.0;0.2
21;2021-09-04;738;1455;234;390635;369173;1171;73.3;69.3;0.2
21;2021-09-05;71;73;27;390706;369246;1198;73.3;69.3;0.2
21;2021-09-06;396;1245;244;391102;370491;1442;73.4;69.5;0.3
21;2021-09-07;370;1006;282;391472;371497;1724;73.5;69.7;0.3
21;2021-09-08;565;1270;328;392037;372767;2052;73.6;70.0;0.4
21;2021-09-09;419;907;450;392456;373674;2502;73.6;70.1;0.5
21;2021-09-10;608;1351;414;393064;375025;2916;73.8;70.4;0.5
21;2021-09-11;437;1250;171;393501;376275;3087;73.8;70.6;0.6
21;2021-09-12;28;37;3;393529;376312;3090;73.8;70.6;0.6
21;2021-09-13;233;667;247;393762;376979;3337;73.9;70.7;0.6
21;2021-09-14;449;942;461;394211;377921;3798;74.0;70.9;0.7
21;2021-09-15;451;906;611;394662;378827;4409;74.1;71.1;0.8
21;2021-09-16;338;750;524;395000;379577;4933;74.1;71.2;0.9
21;2021-09-17;528;1026;484;395528;380603;5417;74.2;71.4;1.0
21;2021-09-18;303;950;189;395831;381553;5606;74.3;71.6;1.1
21;2021-09-19;9;35;2;395840;381588;5608;74.3;71.6;1.1
21;2021-09-20;218;579;270;396058;382167;5878;74.3;71.7;1.1
21;2021-09-21;363;655;567;396421;382822;6445;74.4;71.8;1.2
21;2021-09-22;321;909;429;396742;383731;6874;74.5;72.0;1.3
21;2021-09-23;272;470;455;397014;384201;7329;74.5;72.1;1.4
21;2021-09-24;332;783;658;397346;384984;7987;74.6;72.2;1.5
21;2021-09-25;186;843;215;397532;385827;8202;74.6;72.4;1.5
21;2021-09-26;9;33;7;397541;385860;8209;74.6;72.4;1.5
21;2021-09-27;208;427;487;397749;386287;8696;74.6;72.5;1.6
21;2021-09-28;205;451;599;397954;386738;9295;74.7;72.6;1.7
21;2021-09-29;234;511;428;398188;387249;9723;74.7;72.7;1.8
21;2021-09-30;256;405;653;398444;387654;10376;74.8;72.7;1.9
21;2021-10-01;431;783;777;398875;388437;11153;74.9;72.9;2.1
21;2021-10-02;226;556;195;399101;388993;11348;74.9;73.0;2.1
21;2021-10-03;7;26;7;399108;389019;11355;74.9;73.0;2.1
21;2021-10-04;202;292;385;399310;389311;11740;74.9;73.1;2.2
21;2021-10-05;157;417;593;399467;389728;12333;75.0;73.1;2.3
21;2021-10-06;228;490;590;399695;390218;12923;75.0;73.2;2.4
21;2021-10-07;141;324;530;399836;390542;13453;75.0;73.3;2.5
21;2021-10-08;372;691;986;400208;391233;14439;75.1;73.4;2.7
21;2021-10-09;243;423;490;400451;391656;14929;75.1;73.5;2.8
21;2021-10-10;9;22;6;400460;391678;14935;75.1;73.5;2.8
21;2021-10-11;129;282;437;400589;391960;15372;75.2;73.6;2.9
21;2021-10-12;166;397;706;400755;392357;16078;75.2;73.6;3.0
21;2021-10-13;222;385;722;400977;392742;16800;75.2;73.7;3.2
21;2021-10-14;169;334;608;401146;393076;17408;75.3;73.8;3.3
21;2021-10-15;276;449;1007;401422;393525;18415;75.3;73.8;3.5
21;2021-10-16;195;282;478;401617;393807;18893;75.4;73.9;3.5
21;2021-10-17;6;14;5;401623;393821;18898;75.4;73.9;3.5
21;2021-10-18;114;234;578;401737;394055;19476;75.4;73.9;3.7
21;2021-10-19;113;260;599;401850;394315;20075;75.4;74.0;3.8
21;2021-10-20;254;295;853;402104;394610;20928;75.5;74.1;3.9
21;2021-10-21;122;259;653;402226;394869;21581;75.5;74.1;4.0
21;2021-10-22;269;420;1100;402495;395289;22681;75.5;74.2;4.3
21;2021-10-23;163;244;393;402658;395533;23074;75.6;74.2;4.3
21;2021-10-24;17;14;33;402675;395547;23107;75.6;74.2;4.3
21;2021-10-25;167;228;627;402842;395775;23734;75.6;74.3;4.5
21;2021-10-26;124;145;690;402966;395920;24424;75.6;74.3;4.6
21;2021-10-27;207;271;1215;403173;396191;25639;75.7;74.3;4.8
21;2021-10-28;132;172;747;403305;396363;26386;75.7;74.4;5.0
21;2021-10-29;188;304;1350;403493;396667;27736;75.7;74.4;5.2
21;2021-10-30;112;184;383;403605;396851;28119;75.7;74.5;5.3
21;2021-10-31;2;10;13;403607;396861;28132;75.7;74.5;5.3
21;2021-11-01;11;19;1;403618;396880;28133;75.7;74.5;5.3
21;2021-11-02;144;205;774;403762;397085;28907;75.8;74.5;5.4
21;2021-11-03;174;266;1162;403936;397351;30069;75.8;74.6;5.6
21;2021-11-04;124;143;936;404060;397494;31005;75.8;74.6;5.8
21;2021-11-05;203;328;1609;404263;397822;32614;75.9;74.7;6.1
21;2021-11-06;135;240;808;404398;398062;33422;75.9;74.7;6.3
21;2021-11-07;4;4;1;404402;398066;33423;75.9;74.7;6.3
21;2021-11-08;130;170;1263;404532;398236;34686;75.9;74.7;6.5
21;2021-11-09;114;163;1523;404646;398399;36209;75.9;74.8;6.8
21;2021-11-10;193;276;1863;404839;398675;38072;76.0;74.8;7.1
21;2021-11-11;10;16;38;404849;398691;38110;76.0;74.8;7.2
21;2021-11-12;216;275;1878;405065;398966;39988;76.0;74.9;7.5
21;2021-11-13;133;171;564;405198;399137;40552;76.0;74.9;7.6
21;2021-11-14;2;13;14;405200;399150;40566;76.0;74.9;7.6
21;2021-11-15;116;130;1432;405316;399280;41998;76.1;74.9;7.9
21;2021-11-16;104;151;1545;405420;399431;43543;76.1;75.0;8.2
21;2021-11-17;210;253;1896;405630;399684;45439;76.1;75.0;8.5
21;2021-11-18;123;172;1469;405753;399856;46908;76.1;75.0;8.8
21;2021-11-19;225;305;2464;405978;400161;49372;76.2;75.1;9.3
21;2021-11-20;171;207;807;406149;400368;50179;76.2;75.1;9.4
21;2021-11-21;12;6;8;406161;400374;50187;76.2;75.1;9.4
21;2021-11-22;122;115;1620;406283;400489;51807;76.2;75.2;9.7
21;2021-11-23;108;113;1913;406391;400602;53720;76.3;75.2;10.1
21;2021-11-24;232;246;2321;406623;400848;56041;76.3;75.2;10.5
21;2021-11-25;120;133;2225;406743;400981;58266;76.3;75.2;10.9
21;2021-11-26;257;255;4710;407000;401236;62976;76.4;75.3;11.8
21;2021-11-27;169;171;2624;407169;401407;65600;76.4;75.3;12.3
21;2021-11-28;7;5;261;407176;401412;65861;76.4;75.3;12.4
21;2021-11-29;100;112;3970;407276;401524;69831;76.4;75.3;13.1
21;2021-11-30;135;136;4625;407411;401660;74456;76.5;75.4;14.0
21;2021-12-01;168;201;5037;407579;401861;79493;76.5;75.4;14.9
21;2021-12-02;94;131;4941;407673;401992;84434;76.5;75.4;15.8
21;2021-12-03;188;216;6154;407861;402208;90588;76.5;75.5;17.0
21;2021-12-04;149;187;3446;408010;402395;94034;76.6;75.5;17.6
21;2021-12-05;25;8;632;408035;402403;94666;76.6;75.5;17.8
21;2021-12-06;78;147;4563;408113;402550;99229;76.6;75.5;18.6
21;2021-12-07;144;164;5959;408257;402714;105188;76.6;75.6;19.7
21;2021-12-08;140;200;5451;408397;402914;110639;76.6;75.6;20.8
21;2021-12-09;136;137;5295;408533;403051;115934;76.7;75.6;21.8
22;2020-12-27;0;0;0;0;0;0;0.0;0.0;0.0
22;2020-12-28;0;0;0;0;0;0;0.0;0.0;0.0
22;2020-12-29;0;0;0;0;0;0;0.0;0.0;0.0
22;2020-12-30;0;0;0;0;0;0;0.0;0.0;0.0
22;2020-12-31;0;0;0;0;0;0;0.0;0.0;0.0
22;2021-01-01;0;0;0;0;0;0;0.0;0.0;0.0
22;2021-01-02;2;0;0;2;0;0;0.0;0.0;0.0
22;2021-01-03;1;0;0;3;0;0;0.0;0.0;0.0
22;2021-01-04;3;0;0;6;0;0;0.0;0.0;0.0
22;2021-01-05;51;0;0;57;0;0;0.0;0.0;0.0
22;2021-01-06;113;1;0;170;1;0;0.0;0.0;0.0
22;2021-01-07;72;0;0;242;1;0;0.0;0.0;0.0
22;2021-01-08;186;0;0;428;1;0;0.1;0.0;0.0
22;2021-01-09;1;0;0;429;1;0;0.1;0.0;0.0
22;2021-01-10;1;0;0;430;1;0;0.1;0.0;0.0
22;2021-01-11;239;3;0;669;4;0;0.1;0.0;0.0
22;2021-01-12;609;0;0;1278;4;0;0.2;0.0;0.0
22;2021-01-13;663;1;0;1941;5;0;0.3;0.0;0.0
22;2021-01-14;729;8;0;2670;13;0;0.4;0.0;0.0
22;2021-01-15;534;1;0;3204;14;0;0.5;0.0;0.0
22;2021-01-16;101;0;0;3305;14;0;0.6;0.0;0.0
22;2021-01-17;3;0;0;3308;14;0;0.6;0.0;0.0
22;2021-01-18;352;2;0;3660;16;0;0.6;0.0;0.0
22;2021-01-19;753;0;0;4413;16;0;0.7;0.0;0.0
22;2021-01-20;652;2;0;5065;18;0;0.8;0.0;0.0
22;2021-01-21;1003;2;0;6068;20;0;1.0;0.0;0.0
22;2021-01-22;846;2;0;6914;22;0;1.2;0.0;0.0
22;2021-01-23;230;0;0;7144;22;0;1.2;0.0;0.0
22;2021-01-24;12;0;0;7156;22;0;1.2;0.0;0.0
22;2021-01-25;795;11;0;7951;33;0;1.3;0.0;0.0
22;2021-01-26;977;57;0;8928;90;0;1.5;0.0;0.0
22;2021-01-27;3558;115;0;12486;205;0;2.1;0.0;0.0
22;2021-01-28;4258;84;0;16744;289;0;2.8;0.0;0.0
22;2021-01-29;1802;132;0;18546;421;0;3.1;0.1;0.0
22;2021-01-30;282;1;0;18828;422;0;3.2;0.1;0.0
22;2021-01-31;6;0;0;18834;422;0;3.2;0.1;0.0
22;2021-02-01;651;97;0;19485;519;0;3.3;0.1;0.0
22;2021-02-02;869;426;0;20354;945;0;3.4;0.2;0.0
22;2021-02-03;699;486;0;21053;1431;0;3.5;0.2;0.0
22;2021-02-04;937;640;0;21990;2071;0;3.7;0.3;0.0
22;2021-02-05;722;558;0;22712;2629;0;3.8;0.4;0.0
22;2021-02-06;248;2;0;22960;2631;0;3.9;0.4;0.0
22;2021-02-07;13;0;0;22973;2631;0;3.9;0.4;0.0
22;2021-02-08;553;149;0;23526;2780;0;3.9;0.5;0.0
22;2021-02-09;625;425;0;24151;3205;0;4.1;0.5;0.0
22;2021-02-10;450;281;0;24601;3486;0;4.1;0.6;0.0
22;2021-02-11;1059;387;0;25660;3873;0;4.3;0.6;0.0
22;2021-02-12;628;321;0;26288;4194;0;4.4;0.7;0.0
22;2021-02-13;318;92;0;26606;4286;0;4.5;0.7;0.0
22;2021-02-14;4;12;0;26610;4298;0;4.5;0.7;0.0
22;2021-02-15;688;481;0;27298;4779;0;4.6;0.8;0.0
22;2021-02-16;1020;717;0;28318;5496;0;4.7;0.9;0.0
22;2021-02-17;1174;2262;0;29492;7758;0;4.9;1.3;0.0
22;2021-02-18;2087;2847;0;31579;10605;0;5.3;1.8;0.0
22;2021-02-19;1577;1876;0;33156;12481;0;5.6;2.1;0.0
22;2021-02-20;478;210;0;33634;12691;0;5.6;2.1;0.0
22;2021-02-21;12;49;0;33646;12740;0;5.6;2.1;0.0
22;2021-02-22;417;729;0;34063;13469;0;5.7;2.3;0.0
22;2021-02-23;620;944;0;34683;14413;0;5.8;2.4;0.0
22;2021-02-24;711;894;0;35394;15307;0;5.9;2.6;0.0
22;2021-02-25;1202;1198;0;36596;16505;0;6.1;2.8;0.0
22;2021-02-26;1079;714;0;37675;17219;0;6.3;2.9;0.0
22;2021-02-27;575;279;0;38250;17498;0;6.4;2.9;0.0
22;2021-02-28;21;11;0;38271;17509;0;6.4;2.9;0.0
22;2021-03-01;962;553;0;39233;18062;0;6.6;3.0;0.0
22;2021-03-02;1196;879;0;40429;18941;0;6.8;3.2;0.0
22;2021-03-03;1297;864;0;41726;19805;0;7.0;3.3;0.0
22;2021-03-04;1606;913;0;43332;20718;0;7.3;3.5;0.0
22;2021-03-05;2145;808;0;45477;21526;0;7.6;3.6;0.0
22;2021-03-06;1097;285;0;46574;21811;0;7.8;3.7;0.0
22;2021-03-07;224;10;0;46798;21821;0;7.8;3.7;0.0
22;2021-03-08;1282;660;0;48080;22481;0;8.1;3.8;0.0
22;2021-03-09;1819;748;0;49899;23229;0;8.4;3.9;0.0
22;2021-03-10;1945;954;0;51844;24183;0;8.7;4.1;0.0
22;2021-03-11;2365;1591;0;54209;25774;0;9.1;4.3;0.0
22;2021-03-12;3171;963;0;57380;26737;0;9.6;4.5;0.0
22;2021-03-13;1716;285;0;59096;27022;0;9.9;4.5;0.0
22;2021-03-14;258;30;0;59354;27052;0;10.0;4.5;0.0
22;2021-03-15;1596;587;0;60950;27639;0;10.2;4.6;0.0
22;2021-03-16;1551;833;0;62501;28472;0;10.5;4.8;0.0
22;2021-03-17;2458;706;0;64959;29178;0;10.9;4.9;0.0
22;2021-03-18;2436;1102;0;67395;30280;0;11.3;5.1;0.0
22;2021-03-19;3193;811;0;70588;31091;0;11.8;5.2;0.0
22;2021-03-20;2085;281;0;72673;31372;0;12.2;5.3;0.0
22;2021-03-21;45;2;0;72718;31374;0;12.2;5.3;0.0
22;2021-03-22;2283;375;0;75001;31749;0;12.6;5.3;0.0
22;2021-03-23;3025;705;0;78026;32454;0;13.1;5.4;0.0
22;2021-03-24;3379;701;0;81405;33155;0;13.7;5.6;0.0
22;2021-03-25;3819;629;0;85224;33784;0;14.3;5.7;0.0
22;2021-03-26;3870;491;0;89094;34275;0;14.9;5.7;0.0
22;2021-03-27;1926;195;0;91020;34470;0;15.3;5.8;0.0
22;2021-03-28;132;6;0;91152;34476;0;15.3;5.8;0.0
22;2021-03-29;2574;897;0;93726;35373;0;15.7;5.9;0.0
22;2021-03-30;3360;1113;0;97086;36486;0;16.3;6.1;0.0
22;2021-03-31;3312;1059;0;100398;37545;0;16.8;6.3;0.0
22;2021-04-01;4433;1095;0;104831;38640;0;17.6;6.5;0.0
22;2021-04-02;3982;1018;0;108813;39658;0;18.3;6.7;0.0
22;2021-04-03;1664;391;0;110477;40049;0;18.5;6.7;0.0
22;2021-04-04;61;2;0;110538;40051;0;18.5;6.7;0.0
22;2021-04-05;76;19;0;110614;40070;0;18.6;6.7;0.0
22;2021-04-06;2997;1095;0;113611;41165;0;19.1;6.9;0.0
22;2021-04-07;3126;1303;0;116737;42468;0;19.6;7.1;0.0
22;2021-04-08;4106;1264;0;120843;43732;0;20.3;7.3;0.0
22;2021-04-09;4882;1353;0;125725;45085;0;21.1;7.6;0.0
22;2021-04-10;2125;382;0;127850;45467;0;21.4;7.6;0.0
22;2021-04-11;487;26;0;128337;45493;0;21.5;7.6;0.0
22;2021-04-12;2738;1023;0;131075;46516;0;22.0;7.8;0.0
22;2021-04-13;3229;1492;0;134304;48008;0;22.5;8.1;0.0
22;2021-04-14;3079;2321;0;137383;50329;0;23.0;8.4;0.0
22;2021-04-15;3505;2335;0;140888;52664;0;23.6;8.8;0.0
22;2021-04-16;3454;2401;0;144342;55065;0;24.2;9.2;0.0
22;2021-04-17;1670;1646;0;146012;56711;0;24.5;9.5;0.0
22;2021-04-18;52;14;0;146064;56725;0;24.5;9.5;0.0
22;2021-04-19;2816;2109;0;148880;58834;0;25.0;9.9;0.0
22;2021-04-20;3242;2668;0;152122;61502;0;25.5;10.3;0.0
22;2021-04-21;3107;2589;0;155229;64091;0;26.0;10.8;0.0
22;2021-04-22;3435;2998;0;158664;67089;0;26.6;11.3;0.0
22;2021-04-23;3641;2975;0;162305;70064;0;27.2;11.8;0.0
22;2021-04-24;1805;1685;0;164110;71749;0;27.5;12.0;0.0
22;2021-04-25;60;28;0;164170;71777;0;27.5;12.0;0.0
22;2021-04-26;3134;2627;0;167304;74404;0;28.1;12.5;0.0
22;2021-04-27;3397;2807;0;170701;77211;0;28.6;13.0;0.0
22;2021-04-28;3451;2724;0;174152;79935;0;29.2;13.4;0.0
22;2021-04-29;4060;2910;0;178212;82845;0;29.9;13.9;0.0
22;2021-04-30;3933;2834;0;182145;85679;0;30.6;14.4;0.0
22;2021-05-01;133;116;0;182278;85795;0;30.6;14.4;0.0
22;2021-05-02;1241;106;0;183519;85901;0;30.8;14.4;0.0
22;2021-05-03;2062;2432;0;185581;88333;0;31.1;14.8;0.0
22;2021-05-04;2219;2713;0;187800;91046;0;31.5;15.3;0.0
22;2021-05-05;2120;2693;0;189920;93739;0;31.9;15.7;0.0
22;2021-05-06;2607;3275;0;192527;97014;0;32.3;16.3;0.0
22;2021-05-07;2931;3217;0;195458;100231;0;32.8;16.8;0.0
22;2021-05-08;131;165;0;195589;100396;0;32.8;16.8;0.0
22;2021-05-09;643;447;0;196232;100843;0;32.9;16.9;0.0
22;2021-05-10;4303;2538;0;200535;103381;0;33.6;17.3;0.0
22;2021-05-11;4813;2770;0;205348;106151;0;34.4;17.8;0.0
22;2021-05-12;6047;1119;0;211395;107270;0;35.5;18.0;0.0
22;2021-05-13;714;125;0;212109;107395;0;35.6;18.0;0.0
22;2021-05-14;5677;1212;0;217786;108607;0;36.5;18.2;0.0
22;2021-05-15;3575;458;0;221361;109065;0;37.1;18.3;0.0
22;2021-05-16;378;61;0;221739;109126;0;37.2;18.3;0.0
22;2021-05-17;5202;609;0;226941;109735;0;38.1;18.4;0.0
22;2021-05-18;5556;1072;0;232497;110807;0;39.0;18.6;0.0
22;2021-05-19;5710;837;0;238207;111644;0;40.0;18.7;0.0
22;2021-05-20;6135;1449;0;244342;113093;0;41.0;19.0;0.0
22;2021-05-21;5440;1553;0;249782;114646;0;41.9;19.2;0.0
22;2021-05-22;3589;757;0;253371;115403;0;42.5;19.4;0.0
22;2021-05-23;449;28;0;253820;115431;0;42.6;19.4;0.0
22;2021-05-24;4549;245;0;258369;115676;0;43.3;19.4;0.0
22;2021-05-25;4987;1248;0;263356;116924;0;44.2;19.6;0.0
22;2021-05-26;3842;2578;0;267198;119502;0;44.8;20.0;0.0
22;2021-05-27;4150;3567;0;271348;123069;0;45.5;20.6;0.0
22;2021-05-28;4009;4190;0;275357;127259;0;46.2;21.3;0.0
22;2021-05-29;2763;1623;0;278120;128882;0;46.6;21.6;0.0
22;2021-05-30;145;23;0;278265;128905;0;46.7;21.6;0.0
22;2021-05-31;3413;3034;0;281678;131939;0;47.2;22.1;0.0
22;2021-06-01;3449;3562;0;285127;135501;0;47.8;22.7;0.0
22;2021-06-02;2994;3174;0;288121;138675;0;48.3;23.3;0.0
22;2021-06-03;3284;3899;0;291405;142574;0;48.9;23.9;0.0
22;2021-06-04;3364;4420;0;294769;146994;0;49.4;24.7;0.0
22;2021-06-05;3122;1895;0;297891;148889;0;50.0;25.0;0.0
22;2021-06-06;343;55;0;298234;148944;0;50.0;25.0;0.0
22;2021-06-07;2913;3211;0;301147;152155;0;50.5;25.5;0.0
22;2021-06-08;2819;3473;0;303966;155628;0;51.0;26.1;0.0
22;2021-06-09;2643;3504;0;306609;159132;0;51.4;26.7;0.0
22;2021-06-10;2712;4112;0;309321;163244;0;51.9;27.4;0.0
22;2021-06-11;2752;4303;0;312073;167547;0;52.3;28.1;0.0
22;2021-06-12;2211;1397;0;314284;168944;0;52.7;28.3;0.0
22;2021-06-13;303;1124;0;314587;170068;0;52.8;28.5;0.0
22;2021-06-14;2595;2537;0;317182;172605;0;53.2;29.0;0.0
22;2021-06-15;3105;3138;0;320287;175743;0;53.7;29.5;0.0
22;2021-06-16;3043;2921;0;323330;178664;0;54.2;30.0;0.0
22;2021-06-17;2725;3256;0;326055;181920;0;54.7;30.5;0.0
22;2021-06-18;3207;4223;0;329262;186143;0;55.2;31.2;0.0
22;2021-06-19;2754;1422;0;332016;187565;0;55.7;31.5;0.0
22;2021-06-20;239;89;0;332255;187654;0;55.7;31.5;0.0
22;2021-06-21;1885;4885;0;334140;192539;0;56.0;32.3;0.0
22;2021-06-22;2501;5489;0;336641;198028;0;56.5;33.2;0.0
22;2021-06-23;1499;5982;0;338140;204010;0;56.7;34.2;0.0
22;2021-06-24;2700;3910;0;340840;207920;0;57.2;34.9;0.0
22;2021-06-25;1684;6504;0;342524;214424;0;57.5;36.0;0.0
22;2021-06-26;797;3544;0;343321;217968;0;57.6;36.6;0.0
22;2021-06-27;67;475;0;343388;218443;0;57.6;36.6;0.0
22;2021-06-28;1081;5330;0;344469;223773;0;57.8;37.5;0.0
22;2021-06-29;1471;5832;0;345940;229605;0;58.0;38.5;0.0
22;2021-06-30;1243;5655;0;347183;235260;0;58.2;39.5;0.0
22;2021-07-01;1510;5885;0;348693;241145;0;58.5;40.4;0.0
22;2021-07-02;1766;5946;0;350459;247091;0;58.8;41.4;0.0
22;2021-07-03;959;3417;0;351418;250508;0;58.9;42.0;0.0
22;2021-07-04;186;440;0;351604;250948;0;59.0;42.1;0.0
22;2021-07-05;1642;5537;0;353246;256485;0;59.3;43.0;0.0
22;2021-07-06;2302;5774;0;355548;262259;0;59.6;44.0;0.0
22;2021-07-07;2193;4762;0;357741;267021;0;60.0;44.8;0.0
22;2021-07-08;2328;4926;0;360069;271947;0;60.4;45.6;0.0
22;2021-07-09;2320;5252;0;362389;277199;0;60.8;46.5;0.0
22;2021-07-10;1605;3111;0;363994;280310;0;61.1;47.0;0.0
22;2021-07-11;459;145;0;364453;280455;0;61.1;47.0;0.0
22;2021-07-12;2123;4540;0;366576;284995;0;61.5;47.8;0.0
22;2021-07-13;3467;5034;0;370043;290029;0;62.1;48.6;0.0
22;2021-07-14;769;2548;0;370812;292577;0;62.2;49.1;0.0
22;2021-07-15;3393;4678;0;374205;297255;0;62.8;49.9;0.0
22;2021-07-16;3498;5240;0;377703;302495;0;63.4;50.7;0.0
22;2021-07-17;2271;3071;0;379974;305566;0;63.7;51.3;0.0
22;2021-07-18;579;209;0;380553;305775;0;63.8;51.3;0.0
22;2021-07-19;2530;3957;1;383083;309732;1;64.3;52.0;0.0
22;2021-07-20;3539;4055;0;386622;313787;1;64.8;52.6;0.0
22;2021-07-21;3586;3377;0;390208;317164;1;65.5;53.2;0.0
22;2021-07-22;4325;3691;0;394533;320855;1;66.2;53.8;0.0
22;2021-07-23;4033;4243;0;398566;325098;1;66.9;54.5;0.0
22;2021-07-24;1981;2409;0;400547;327507;1;67.2;54.9;0.0
22;2021-07-25;221;278;0;400768;327785;1;67.2;55.0;0.0
22;2021-07-26;2750;3857;0;403518;331642;1;67.7;55.6;0.0
22;2021-07-27;3339;4712;0;406857;336354;1;68.2;56.4;0.0
22;2021-07-28;3352;3581;0;410209;339935;1;68.8;57.0;0.0
22;2021-07-29;3785;3729;0;413994;343664;1;69.4;57.6;0.0
22;2021-07-30;3560;3959;0;417554;347623;1;70.0;58.3;0.0
22;2021-07-31;2032;2654;0;419586;350277;1;70.4;58.8;0.0
22;2021-08-01;247;258;0;419833;350535;1;70.4;58.8;0.0
22;2021-08-02;4192;2436;0;424025;352971;1;71.1;59.2;0.0
22;2021-08-03;4347;3326;0;428372;356297;1;71.9;59.8;0.0
22;2021-08-04;5033;2405;0;433405;358702;1;72.7;60.2;0.0
22;2021-08-05;3721;3544;0;437126;362246;1;73.3;60.8;0.0
22;2021-08-06;3291;3576;0;440417;365822;1;73.9;61.4;0.0
22;2021-08-07;2094;2077;0;442511;367899;1;74.2;61.7;0.0
22;2021-08-08;369;153;0;442880;368052;1;74.3;61.7;0.0
22;2021-08-09;2499;2595;0;445379;370647;1;74.7;62.2;0.0
22;2021-08-10;2597;3319;0;447976;373966;1;75.1;62.7;0.0
22;2021-08-11;2338;2935;0;450314;376901;1;75.5;63.2;0.0
22;2021-08-12;2142;3300;0;452456;380201;1;75.9;63.8;0.0
22;2021-08-13;1974;2896;0;454430;383097;1;76.2;64.3;0.0
22;2021-08-14;1265;1732;0;455695;384829;1;76.4;64.5;0.0
22;2021-08-15;147;270;0;455842;385099;1;76.5;64.6;0.0
22;2021-08-16;1503;3005;0;457345;388104;1;76.7;65.1;0.0
22;2021-08-17;1765;3336;0;459110;391440;1;77.0;65.7;0.0
22;2021-08-18;1490;3135;0;460600;394575;1;77.3;66.2;0.0
22;2021-08-19;1437;3436;0;462037;398011;1;77.5;66.8;0.0
22;2021-08-20;1495;3548;0;463532;401559;1;77.7;67.4;0.0
22;2021-08-21;747;2101;0;464279;403660;1;77.9;67.7;0.0
22;2021-08-22;203;386;0;464482;404046;1;77.9;67.8;0.0
22;2021-08-23;1863;3529;0;466345;407575;1;78.2;68.4;0.0
22;2021-08-24;1411;3234;0;467756;410809;1;78.5;68.9;0.0
22;2021-08-25;866;2595;0;468622;413404;1;78.6;69.3;0.0
22;2021-08-26;1106;4214;0;469728;417618;1;78.8;70.0;0.0
22;2021-08-27;1285;4535;0;471013;422153;1;79.0;70.8;0.0
22;2021-08-28;699;2354;0;471712;424507;1;79.1;71.2;0.0
22;2021-08-29;69;136;0;471781;424643;1;79.1;71.2;0.0
22;2021-08-30;918;3018;54;472699;427661;55;79.3;71.7;0.0
22;2021-08-31;995;3736;71;473694;431397;126;79.5;72.4;0.0
22;2021-09-01;1024;3236;171;474718;434633;297;79.6;72.9;0.0
22;2021-09-02;845;2840;233;475563;437473;530;79.8;73.4;0.1
22;2021-09-03;935;2865;313;476498;440338;843;79.9;73.9;0.1
22;2021-09-04;762;2439;130;477260;442777;973;80.1;74.3;0.2
22;2021-09-05;119;109;29;477379;442886;1002;80.1;74.3;0.2
22;2021-09-06;501;1942;320;477880;444828;1322;80.2;74.6;0.2
22;2021-09-07;537;1980;309;478417;446808;1631;80.2;74.9;0.3
22;2021-09-08;626;1959;324;479043;448767;1955;80.4;75.3;0.3
22;2021-09-09;650;1926;385;479693;450693;2340;80.5;75.6;0.4
22;2021-09-10;717;2136;368;480410;452829;2708;80.6;76.0;0.5
22;2021-09-11;536;1557;130;480946;454386;2838;80.7;76.2;0.5
22;2021-09-12;41;123;8;480987;454509;2846;80.7;76.2;0.5
22;2021-09-13;506;2056;559;481493;456565;3405;80.8;76.6;0.6
22;2021-09-14;600;1565;843;482093;458130;4248;80.9;76.8;0.7
22;2021-09-15;456;1716;616;482549;459846;4864;80.9;77.1;0.8
22;2021-09-16;560;1088;991;483109;460934;5855;81.0;77.3;1.0
22;2021-09-17;630;1628;941;483739;462562;6796;81.1;77.6;1.1
22;2021-09-18;280;2015;104;484019;464577;6900;81.2;77.9;1.2
22;2021-09-19;10;57;7;484029;464634;6907;81.2;77.9;1.2
22;2021-09-20;373;736;676;484402;465370;7583;81.3;78.1;1.3
22;2021-09-21;360;914;1010;484762;466284;8593;81.3;78.2;1.4
22;2021-09-22;302;1202;533;485064;467486;9126;81.4;78.4;1.5
22;2021-09-23;390;730;937;485454;468216;10063;81.4;78.5;1.7
22;2021-09-24;375;1150;931;485829;469366;10994;81.5;78.7;1.8
22;2021-09-25;215;1304;176;486044;470670;11170;81.5;78.9;1.9
22;2021-09-26;17;90;15;486061;470760;11185;81.5;79.0;1.9
22;2021-09-27;336;780;694;486397;471540;11879;81.6;79.1;2.0
22;2021-09-28;228;605;699;486625;472145;12578;81.6;79.2;2.1
22;2021-09-29;234;873;896;486859;473018;13474;81.7;79.3;2.3
22;2021-09-30;275;706;1019;487134;473724;14493;81.7;79.5;2.4
22;2021-10-01;325;802;861;487459;474526;15354;81.8;79.6;2.6
22;2021-10-02;306;848;239;487765;475374;15593;81.8;79.7;2.6
22;2021-10-03;5;3;4;487770;475377;15597;81.8;79.7;2.6
22;2021-10-04;149;452;601;487919;475829;16198;81.8;79.8;2.7
22;2021-10-05;217;635;904;488136;476464;17102;81.9;79.9;2.9
22;2021-10-06;235;397;757;488371;476861;17859;81.9;80.0;3.0
22;2021-10-07;233;652;937;488604;477513;18796;82.0;80.1;3.2
22;2021-10-08;312;785;962;488916;478298;19758;82.0;80.2;3.3
22;2021-10-09;225;436;387;489141;478734;20145;82.0;80.3;3.4
22;2021-10-10;5;11;4;489146;478745;20149;82.0;80.3;3.4
22;2021-10-11;157;304;674;489303;479049;20823;82.1;80.4;3.5
22;2021-10-12;106;183;534;489409;479232;21357;82.1;80.4;3.6
22;2021-10-13;183;263;660;489592;479495;22017;82.1;80.4;3.7
22;2021-10-14;209;713;1217;489801;480208;23234;82.2;80.5;3.9
22;2021-10-15;269;482;1359;490070;480690;24593;82.2;80.6;4.1
22;2021-10-16;307;449;669;490377;481139;25262;82.3;80.7;4.2
22;2021-10-17;2;6;3;490379;481145;25265;82.3;80.7;4.2
22;2021-10-18;139;330;1009;490518;481475;26274;82.3;80.8;4.4
22;2021-10-19;70;131;391;490588;481606;26665;82.3;80.8;4.5
22;2021-10-20;167;272;1339;490755;481878;28004;82.3;80.8;4.7
22;2021-10-21;214;419;1734;490969;482297;29738;82.4;80.9;5.0
22;2021-10-22;195;427;1196;491164;482724;30934;82.4;81.0;5.2
22;2021-10-23;233;414;1033;491397;483138;31967;82.4;81.0;5.4
22;2021-10-24;2;10;1;491399;483148;31968;82.4;81.0;5.4
22;2021-10-25;178;162;1505;491577;483310;33473;82.5;81.1;5.6
22;2021-10-26;68;80;419;491645;483390;33892;82.5;81.1;5.7
22;2021-10-27;124;142;1110;491769;483532;35002;82.5;81.1;5.9
22;2021-10-28;204;257;1672;491973;483789;36674;82.5;81.1;6.2
22;2021-10-29;176;337;1410;492149;484126;38084;82.5;81.2;6.4
22;2021-10-30;154;251;889;492303;484377;38973;82.6;81.2;6.5
22;2021-10-31;1;10;7;492304;484387;38980;82.6;81.2;6.5
22;2021-11-01;5;4;9;492309;484391;38989;82.6;81.2;6.5
22;2021-11-02;71;80;539;492380;484471;39528;82.6;81.3;6.6
22;2021-11-03;157;182;1592;492537;484653;41120;82.6;81.3;6.9
22;2021-11-04;211;278;1951;492748;484931;43071;82.7;81.3;7.2
22;2021-11-05;189;314;1782;492937;485245;44853;82.7;81.4;7.5
22;2021-11-06;205;313;1347;493142;485558;46200;82.7;81.4;7.7
22;2021-11-07;3;4;6;493145;485562;46206;82.7;81.4;7.8
22;2021-11-08;110;192;2479;493255;485754;48685;82.7;81.5;8.2
22;2021-11-09;150;161;2105;493405;485915;50790;82.8;81.5;8.5
22;2021-11-10;123;174;1599;493528;486089;52389;82.8;81.5;8.8
22;2021-11-11;1;13;56;493529;486102;52445;82.8;81.5;8.8
22;2021-11-12;194;412;2800;493723;486514;55245;82.8;81.6;9.3
22;2021-11-13;207;301;1670;493930;486815;56915;82.8;81.7;9.5
22;2021-11-14;1;8;2;493931;486823;56917;82.8;81.7;9.5
22;2021-11-15;134;139;2026;494065;486962;58943;82.9;81.7;9.9
22;2021-11-16;136;129;2348;494201;487091;61291;82.9;81.7;10.3
22;2021-11-17;152;166;1953;494353;487257;63244;82.9;81.7;10.6
22;2021-11-18;207;207;2739;494560;487464;65983;83.0;81.8;11.1
22;2021-11-19;234;274;2934;494794;487738;68917;83.0;81.8;11.6
22;2021-11-20;265;270;1253;495059;488008;70170;83.0;81.9;11.8
22;2021-11-21;1;3;1;495060;488011;70171;83.0;81.9;11.8
22;2021-11-22;162;115;2106;495222;488126;72277;83.1;81.9;12.1
22;2021-11-23;174;138;2653;495396;488264;74930;83.1;81.9;12.6
22;2021-11-24;227;196;1960;495623;488460;76890;83.1;81.9;12.9
22;2021-11-25;170;155;3135;495793;488615;80025;83.2;82.0;13.4
22;2021-11-26;229;232;4662;496022;488847;84687;83.2;82.0;14.2
22;2021-11-27;205;255;2056;496227;489102;86743;83.2;82.0;14.5
22;2021-11-28;4;2;53;496231;489104;86796;83.2;82.0;14.6
22;2021-11-29;125;113;4746;496356;489217;91542;83.3;82.1;15.4
22;2021-11-30;159;139;6120;496515;489356;97662;83.3;82.1;16.4
22;2021-12-01;167;146;5421;496682;489502;103083;83.3;82.1;17.3
22;2021-12-02;125;118;5870;496807;489620;108953;83.3;82.1;18.3
22;2021-12-03;145;203;6848;496952;489823;115801;83.4;82.2;19.4
22;2021-12-04;98;254;2425;497050;490077;118226;83.4;82.2;19.8
22;2021-12-05;5;4;119;497055;490081;118345;83.4;82.2;19.9
22;2021-12-06;112;162;5845;497167;490243;124190;83.4;82.2;20.8
22;2021-12-07;126;142;7073;497293;490385;131263;83.4;82.3;22.0
22;2021-12-08;152;190;6796;497445;490575;138059;83.4;82.3;23.2
22;2021-12-09;162;169;7803;497607;490744;145862;83.5;82.3;24.5
23;2020-12-27;0;0;0;0;0;0;0.0;0.0;0.0
23;2020-12-28;1;0;0;1;0;0;0.0;0.0;0.0
23;2020-12-29;0;0;0;1;0;0;0.0;0.0;0.0
23;2020-12-30;0;0;0;1;0;0;0.0;0.0;0.0
23;2020-12-31;0;0;0;1;0;0;0.0;0.0;0.0
23;2021-01-01;0;0;0;1;0;0;0.0;0.0;0.0
23;2021-01-02;1;0;0;2;0;0;0.0;0.0;0.0
23;2021-01-03;0;0;0;2;0;0;0.0;0.0;0.0
23;2021-01-04;2;0;0;4;0;0;0.0;0.0;0.0
23;2021-01-05;3;0;0;7;0;0;0.0;0.0;0.0
23;2021-01-06;8;0;0;15;0;0;0.0;0.0;0.0
23;2021-01-07;99;1;0;114;1;0;0.1;0.0;0.0
23;2021-01-08;111;0;0;225;1;0;0.2;0.0;0.0
23;2021-01-09;26;0;0;251;1;0;0.2;0.0;0.0
23;2021-01-10;3;0;0;254;1;0;0.2;0.0;0.0
23;2021-01-11;150;1;0;404;2;0;0.3;0.0;0.0
23;2021-01-12;209;5;0;613;7;0;0.5;0.0;0.0
23;2021-01-13;239;0;0;852;7;0;0.7;0.0;0.0
23;2021-01-14;238;3;0;1090;10;0;0.9;0.0;0.0
23;2021-01-15;294;5;0;1384;15;0;1.2;0.0;0.0
23;2021-01-16;154;1;0;1538;16;0;1.3;0.0;0.0
23;2021-01-17;0;0;0;1538;16;0;1.3;0.0;0.0
23;2021-01-18;307;3;0;1845;19;0;1.6;0.0;0.0
23;2021-01-19;451;1;0;2296;20;0;2.0;0.0;0.0
23;2021-01-20;327;1;0;2623;21;0;2.3;0.0;0.0
23;2021-01-21;631;1;0;3254;22;0;2.8;0.0;0.0
23;2021-01-22;444;0;0;3698;22;0;3.2;0.0;0.0
23;2021-01-23;347;1;0;4045;23;0;3.5;0.0;0.0
23;2021-01-24;8;0;0;4053;23;0;3.5;0.0;0.0
23;2021-01-25;360;16;0;4413;39;0;3.8;0.0;0.0
23;2021-01-26;280;6;0;4693;45;0;4.0;0.0;0.0
23;2021-01-27;231;2;0;4924;47;0;4.2;0.0;0.0
23;2021-01-28;229;34;0;5153;81;0;4.4;0.1;0.0
23;2021-01-29;288;98;0;5441;179;0;4.7;0.2;0.0
23;2021-01-30;98;26;0;5539;205;0;4.8;0.2;0.0
23;2021-01-31;2;24;0;5541;229;0;4.8;0.2;0.0
23;2021-02-01;144;93;0;5685;322;0;4.9;0.3;0.0
23;2021-02-02;157;104;0;5842;426;0;5.0;0.4;0.0
23;2021-02-03;99;146;0;5941;572;0;5.1;0.5;0.0
23;2021-02-04;87;209;0;6028;781;0;5.2;0.7;0.0
23;2021-02-05;125;287;0;6153;1068;0;5.3;0.9;0.0
23;2021-02-06;17;163;0;6170;1231;0;5.3;1.1;0.0
23;2021-02-07;1;0;0;6171;1231;0;5.3;1.1;0.0
23;2021-02-08;110;199;0;6281;1430;0;5.4;1.2;0.0
23;2021-02-09;75;276;0;6356;1706;0;5.5;1.5;0.0
23;2021-02-10;88;257;0;6444;1963;0;5.5;1.7;0.0
23;2021-02-11;228;516;0;6672;2479;0;5.7;2.1;0.0
23;2021-02-12;210;252;0;6882;2731;0;5.9;2.3;0.0
23;2021-02-13;8;175;0;6890;2906;0;5.9;2.5;0.0
23;2021-02-14;11;1;0;6901;2907;0;5.9;2.5;0.0
23;2021-02-15;152;330;0;7053;3237;0;6.1;2.8;0.0
23;2021-02-16;95;412;0;7148;3649;0;6.1;3.1;0.0
23;2021-02-17;74;471;0;7222;4120;0;6.2;3.5;0.0
23;2021-02-18;126;371;0;7348;4491;0;6.3;3.9;0.0
23;2021-02-19;107;240;0;7455;4731;0;6.4;4.1;0.0
23;2021-02-20;9;97;0;7464;4828;0;6.4;4.2;0.0
23;2021-02-21;0;0;0;7464;4828;0;6.4;4.2;0.0
23;2021-02-22;99;196;0;7563;5024;0;6.5;4.3;0.0
23;2021-02-23;91;204;0;7654;5228;0;6.6;4.5;0.0
23;2021-02-24;148;152;0;7802;5380;0;6.7;4.6;0.0
23;2021-02-25;164;111;0;7966;5491;0;6.9;4.7;0.0
23;2021-02-26;269;142;0;8235;5633;0;7.1;4.8;0.0
23;2021-02-27;92;15;0;8327;5648;0;7.2;4.9;0.0
23;2021-02-28;3;30;0;8330;5678;0;7.2;4.9;0.0
23;2021-03-01;89;176;0;8419;5854;0;7.2;5.0;0.0
23;2021-03-02;225;128;0;8644;5982;0;7.4;5.1;0.0
23;2021-03-03;139;99;0;8783;6081;0;7.6;5.2;0.0
23;2021-03-04;279;119;0;9062;6200;0;7.8;5.3;0.0
23;2021-03-05;512;129;0;9574;6329;0;8.2;5.4;0.0
23;2021-03-06;493;14;0;10067;6343;0;8.7;5.5;0.0
23;2021-03-07;288;4;0;10355;6347;0;8.9;5.5;0.0
23;2021-03-08;210;78;0;10565;6425;0;9.1;5.5;0.0
23;2021-03-09;360;95;0;10925;6520;0;9.4;5.6;0.0
23;2021-03-10;306;43;0;11231;6563;0;9.7;5.6;0.0
23;2021-03-11;295;53;0;11526;6616;0;9.9;5.7;0.0
23;2021-03-12;528;50;0;12054;6666;0;10.4;5.7;0.0
23;2021-03-13;293;15;0;12347;6681;0;10.6;5.7;0.0
23;2021-03-14;46;34;0;12393;6715;0;10.7;5.8;0.0
23;2021-03-15;219;115;0;12612;6830;0;10.8;5.9;0.0
23;2021-03-16;207;92;0;12819;6922;0;11.0;6.0;0.0
23;2021-03-17;127;100;0;12946;7022;0;11.1;6.0;0.0
23;2021-03-18;189;90;0;13135;7112;0;11.3;6.1;0.0
23;2021-03-19;240;122;0;13375;7234;0;11.5;6.2;0.0
23;2021-03-20;604;34;0;13979;7268;0;12.0;6.3;0.0
23;2021-03-21;107;0;0;14086;7268;0;12.1;6.3;0.0
23;2021-03-22;254;126;0;14340;7394;0;12.3;6.4;0.0
23;2021-03-23;465;85;0;14805;7479;0;12.7;6.4;0.0
23;2021-03-24;427;108;0;15232;7587;0;13.1;6.5;0.0
23;2021-03-25;814;173;0;16046;7760;0;13.8;6.7;0.0
23;2021-03-26;714;172;0;16760;7932;0;14.4;6.8;0.0
23;2021-03-27;506;37;0;17266;7969;0;14.8;6.9;0.0
23;2021-03-28;4;12;0;17270;7981;0;14.9;6.9;0.0
23;2021-03-29;360;106;0;17630;8087;0;15.2;7.0;0.0
23;2021-03-30;538;167;0;18168;8254;0;15.6;7.1;0.0
23;2021-03-31;431;178;0;18599;8432;0;16.0;7.3;0.0
23;2021-04-01;602;169;0;19201;8601;0;16.5;7.4;0.0
23;2021-04-02;509;286;0;19710;8887;0;17.0;7.6;0.0
23;2021-04-03;637;49;0;20347;8936;0;17.5;7.7;0.0
23;2021-04-04;4;1;0;20351;8937;0;17.5;7.7;0.0
23;2021-04-05;7;4;0;20358;8941;0;17.5;7.7;0.0
23;2021-04-06;391;264;0;20749;9205;0;17.8;7.9;0.0
23;2021-04-07;689;261;0;21438;9466;0;18.4;8.1;0.0
23;2021-04-08;784;223;0;22222;9689;0;19.1;8.3;0.0
23;2021-04-09;899;292;0;23121;9981;0;19.9;8.6;0.0
23;2021-04-10;1018;125;0;24139;10106;0;20.8;8.7;0.0
23;2021-04-11;31;5;0;24170;10111;0;20.8;8.7;0.0
23;2021-04-12;638;209;0;24808;10320;0;21.3;8.9;0.0
23;2021-04-13;646;275;0;25454;10595;0;21.9;9.1;0.0
23;2021-04-14;570;181;0;26024;10776;0;22.4;9.3;0.0
23;2021-04-15;878;186;0;26902;10962;0;23.1;9.4;0.0
23;2021-04-16;837;225;0;27739;11187;0;23.9;9.6;0.0
23;2021-04-17;882;529;0;28621;11716;0;24.6;10.1;0.0
23;2021-04-18;20;118;0;28641;11834;0;24.6;10.2;0.0
23;2021-04-19;544;282;0;29185;12116;0;25.1;10.4;0.0
23;2021-04-20;659;299;0;29844;12415;0;25.7;10.7;0.0
23;2021-04-21;673;384;0;30517;12799;0;26.2;11.0;0.0
23;2021-04-22;579;484;0;31096;13283;0;26.7;11.4;0.0
23;2021-04-23;526;341;0;31622;13624;0;27.2;11.7;0.0
23;2021-04-24;767;424;0;32389;14048;0;27.9;12.1;0.0
23;2021-04-25;14;2;0;32403;14050;0;27.9;12.1;0.0
23;2021-04-26;563;267;0;32966;14317;0;28.4;12.3;0.0
23;2021-04-27;634;431;0;33600;14748;0;28.9;12.7;0.0
23;2021-04-28;622;277;0;34222;15025;0;29.4;12.9;0.0
23;2021-04-29;860;378;0;35082;15403;0;30.2;13.2;0.0
23;2021-04-30;665;701;0;35747;16104;0;30.7;13.9;0.0
23;2021-05-01;1147;50;0;36894;16154;0;31.7;13.9;0.0
23;2021-05-02;24;5;0;36918;16159;0;31.8;13.9;0.0
23;2021-05-03;414;502;0;37332;16661;0;32.1;14.3;0.0
23;2021-05-04;616;491;0;37948;17152;0;32.6;14.8;0.0
23;2021-05-05;538;688;0;38486;17840;0;33.1;15.3;0.0
23;2021-05-06;593;676;0;39079;18516;0;33.6;15.9;0.0
23;2021-05-07;663;616;0;39742;19132;0;34.2;16.5;0.0
23;2021-05-08;1062;502;0;40804;19634;0;35.1;16.9;0.0
23;2021-05-09;12;13;0;40816;19647;0;35.1;16.9;0.0
23;2021-05-10;504;639;0;41320;20286;0;35.5;17.4;0.0
23;2021-05-11;562;707;0;41882;20993;0;36.0;18.1;0.0
23;2021-05-12;557;670;0;42439;21663;0;36.5;18.6;0.0
23;2021-05-13;489;60;0;42928;21723;0;36.9;18.7;0.0
23;2021-05-14;627;440;0;43555;22163;0;37.5;19.1;0.0
23;2021-05-15;863;193;0;44418;22356;0;38.2;19.2;0.0
23;2021-05-16;14;4;0;44432;22360;0;38.2;19.2;0.0
23;2021-05-17;500;438;0;44932;22798;0;38.6;19.6;0.0
23;2021-05-18;658;287;0;45590;23085;0;39.2;19.9;0.0
23;2021-05-19;770;258;0;46360;23343;0;39.9;20.1;0.0
23;2021-05-20;714;298;0;47074;23641;0;40.5;20.3;0.0
23;2021-05-21;835;301;0;47909;23942;0;41.2;20.6;0.0
23;2021-05-22;568;119;0;48477;24061;0;41.7;20.7;0.0
23;2021-05-23;10;21;0;48487;24082;0;41.7;20.7;0.0
23;2021-05-24;278;141;0;48765;24223;0;41.9;20.8;0.0
23;2021-05-25;732;334;0;49497;24557;0;42.6;21.1;0.0
23;2021-05-26;871;244;0;50368;24801;0;43.3;21.3;0.0
23;2021-05-27;800;430;0;51168;25231;0;44.0;21.7;0.0
23;2021-05-28;683;663;0;51851;25894;0;44.6;22.3;0.0
23;2021-05-29;530;1003;0;52381;26897;0;45.1;23.1;0.0
23;2021-05-30;23;46;0;52404;26943;0;45.1;23.2;0.0
23;2021-05-31;373;479;0;52777;27422;0;45.4;23.6;0.0
23;2021-06-01;543;756;0;53320;28178;0;45.9;24.2;0.0
23;2021-06-02;534;494;0;53854;28672;0;46.3;24.7;0.0
23;2021-06-03;664;529;0;54518;29201;0;46.9;25.1;0.0
23;2021-06-04;709;550;0;55227;29751;0;47.5;25.6;0.0
23;2021-06-05;476;716;0;55703;30467;0;47.9;26.2;0.0
23;2021-06-06;8;15;0;55711;30482;0;47.9;26.2;0.0
23;2021-06-07;365;631;0;56076;31113;0;48.2;26.8;0.0
23;2021-06-08;337;772;0;56413;31885;0;48.5;27.4;0.0
23;2021-06-09;275;649;0;56688;32534;0;48.8;28.0;0.0
23;2021-06-10;391;684;0;57079;33218;0;49.1;28.6;0.0
23;2021-06-11;376;797;0;57455;34015;0;49.4;29.3;0.0
23;2021-06-12;335;1211;0;57790;35226;0;49.7;30.3;0.0
23;2021-06-13;21;8;0;57811;35234;0;49.7;30.3;0.0
23;2021-06-14;213;556;0;58024;35790;0;49.9;30.8;0.0
23;2021-06-15;247;835;0;58271;36625;0;50.1;31.5;0.0
23;2021-06-16;354;554;0;58625;37179;0;50.4;32.0;0.0
23;2021-06-17;328;717;0;58953;37896;0;50.7;32.6;0.0
23;2021-06-18;371;727;0;59324;38623;0;51.0;33.2;0.0
23;2021-06-19;435;1196;0;59759;39819;0;51.4;34.2;0.0
23;2021-06-20;10;20;0;59769;39839;0;51.4;34.3;0.0
23;2021-06-21;204;583;0;59973;40422;0;51.6;34.8;0.0
23;2021-06-22;227;643;0;60200;41065;0;51.8;35.3;0.0
23;2021-06-23;232;639;0;60432;41704;0;52.0;35.9;0.0
23;2021-06-24;195;583;0;60627;42287;0;52.1;36.4;0.0
23;2021-06-25;291;753;0;60918;43040;0;52.4;37.0;0.0
23;2021-06-26;211;903;0;61129;43943;0;52.6;37.8;0.0
23;2021-06-27;4;15;0;61133;43958;0;52.6;37.8;0.0
23;2021-06-28;110;606;0;61243;44564;0;52.7;38.3;0.0
23;2021-06-29;216;796;0;61459;45360;0;52.9;39.0;0.0
23;2021-06-30;173;778;0;61632;46138;0;53.0;39.7;0.0
23;2021-07-01;183;800;0;61815;46938;0;53.2;40.4;0.0
23;2021-07-02;200;940;0;62015;47878;0;53.3;41.2;0.0
23;2021-07-03;238;829;0;62253;48707;0;53.5;41.9;0.0
23;2021-07-04;0;7;0;62253;48714;0;53.5;41.9;0.0
23;2021-07-05;157;706;0;62410;49420;0;53.7;42.5;0.0
23;2021-07-06;215;887;0;62625;50307;0;53.9;43.3;0.0
23;2021-07-07;221;785;0;62846;51092;0;54.1;43.9;0.0
23;2021-07-08;270;720;0;63116;51812;0;54.3;44.6;0.0
23;2021-07-09;284;993;0;63400;52805;0;54.5;45.4;0.0
23;2021-07-10;230;574;0;63630;53379;0;54.7;45.9;0.0
23;2021-07-11;10;11;0;63640;53390;0;54.7;45.9;0.0
23;2021-07-12;253;660;0;63893;54050;0;55.0;46.5;0.0
23;2021-07-13;486;847;0;64379;54897;0;55.4;47.2;0.0
23;2021-07-14;208;294;0;64587;55191;0;55.5;47.5;0.0
23;2021-07-15;470;754;0;65057;55945;0;56.0;48.1;0.0
23;2021-07-16;765;525;0;65822;56470;0;56.6;48.6;0.0
23;2021-07-17;222;443;0;66044;56913;0;56.8;48.9;0.0
23;2021-07-18;16;15;0;66060;56928;0;56.8;49.0;0.0
23;2021-07-19;668;618;0;66728;57546;0;57.4;49.5;0.0
23;2021-07-20;573;571;0;67301;58117;0;57.9;50.0;0.0
23;2021-07-21;676;616;0;67977;58733;0;58.5;50.5;0.0
23;2021-07-22;823;467;0;68800;59200;0;59.2;50.9;0.0
23;2021-07-23;813;546;0;69613;59746;0;59.9;51.4;0.0
23;2021-07-24;845;419;0;70458;60165;0;60.6;51.7;0.0
23;2021-07-25;20;27;0;70478;60192;0;60.6;51.8;0.0
23;2021-07-26;706;545;0;71184;60737;0;61.2;52.2;0.0
23;2021-07-27;873;444;0;72057;61181;0;62.0;52.6;0.0
23;2021-07-28;837;414;0;72894;61595;0;62.7;53.0;0.0
23;2021-07-29;958;380;0;73852;61975;0;63.5;53.3;0.0
23;2021-07-30;813;488;0;74665;62463;0;64.2;53.7;0.0
23;2021-07-31;910;284;0;75575;62747;0;65.0;54.0;0.0
23;2021-08-01;21;21;0;75596;62768;0;65.0;54.0;0.0
23;2021-08-02;596;495;0;76192;63263;0;65.5;54.4;0.0
23;2021-08-03;726;500;0;76918;63763;0;66.2;54.8;0.0
23;2021-08-04;613;291;0;77531;64054;0;66.7;55.1;0.0
23;2021-08-05;639;336;0;78170;64390;0;67.2;55.4;0.0
23;2021-08-06;435;474;0;78605;64864;0;67.6;55.8;0.0
23;2021-08-07;278;208;0;78883;65072;0;67.8;56.0;0.0
23;2021-08-08;130;36;0;79013;65108;0;68.0;56.0;0.0
23;2021-08-09;436;435;0;79449;65543;0;68.3;56.4;0.0
23;2021-08-10;447;655;0;79896;66198;0;68.7;56.9;0.0
23;2021-08-11;372;467;0;80268;66665;0;69.0;57.3;0.0
23;2021-08-12;484;594;0;80752;67259;0;69.5;57.8;0.0
23;2021-08-13;407;547;0;81159;67806;0;69.8;58.3;0.0
23;2021-08-14;259;366;0;81418;68172;0;70.0;58.6;0.0
23;2021-08-15;27;19;0;81445;68191;0;70.0;58.6;0.0
23;2021-08-16;279;655;0;81724;68846;0;70.3;59.2;0.0
23;2021-08-17;263;733;0;81987;69579;0;70.5;59.8;0.0
23;2021-08-18;196;624;0;82183;70203;0;70.7;60.4;0.0
23;2021-08-19;271;753;0;82454;70956;0;70.9;61.0;0.0
23;2021-08-20;222;666;0;82676;71622;0;71.1;61.6;0.0
23;2021-08-21;135;452;0;82811;72074;0;71.2;62.0;0.0
23;2021-08-22;50;39;0;82861;72113;0;71.3;62.0;0.0
23;2021-08-23;152;779;0;83013;72892;0;71.4;62.7;0.0
23;2021-08-24;265;850;0;83278;73742;0;71.6;63.4;0.0
23;2021-08-25;198;765;0;83476;74507;0;71.8;64.1;0.0
23;2021-08-26;210;699;0;83686;75206;0;72.0;64.7;0.0
23;2021-08-27;205;664;1;83891;75870;1;72.2;65.3;0.0
23;2021-08-28;206;429;0;84097;76299;1;72.3;65.6;0.0
23;2021-08-29;16;73;0;84113;76372;1;72.3;65.7;0.0
23;2021-08-30;189;617;11;84302;76989;12;72.5;66.2;0.0
23;2021-08-31;239;630;12;84541;77619;24;72.7;66.8;0.0
23;2021-09-01;164;392;36;84705;78011;60;72.9;67.1;0.1
23;2021-09-02;128;316;41;84833;78327;101;73.0;67.4;0.1
23;2021-09-03;210;518;69;85043;78845;170;73.1;67.8;0.1
23;2021-09-04;154;687;51;85197;79532;221;73.3;68.4;0.2
23;2021-09-05;5;9;2;85202;79541;223;73.3;68.4;0.2
23;2021-09-06;132;379;99;85334;79920;322;73.4;68.7;0.3
23;2021-09-07;91;368;169;85425;80288;491;73.5;69.1;0.4
23;2021-09-08;107;361;112;85532;80649;603;73.6;69.4;0.5
23;2021-09-09;110;319;74;85642;80968;677;73.7;69.6;0.6
23;2021-09-10;156;329;136;85798;81297;813;73.8;69.9;0.7
23;2021-09-11;99;211;22;85897;81508;835;73.9;70.1;0.7
23;2021-09-12;4;10;8;85901;81518;843;73.9;70.1;0.7
23;2021-09-13;111;319;80;86012;81837;923;74.0;70.4;0.8
23;2021-09-14;101;295;172;86113;82132;1095;74.1;70.6;0.9
23;2021-09-15;87;269;85;86200;82401;1180;74.1;70.9;1.0
23;2021-09-16;119;150;144;86319;82551;1324;74.2;71.0;1.1
23;2021-09-17;152;245;126;86471;82796;1450;74.4;71.2;1.2
23;2021-09-18;40;213;26;86511;83009;1476;74.4;71.4;1.3
23;2021-09-19;6;6;1;86517;83015;1477;74.4;71.4;1.3
23;2021-09-20;61;212;138;86578;83227;1615;74.5;71.6;1.4
23;2021-09-21;75;180;222;86653;83407;1837;74.5;71.7;1.6
23;2021-09-22;67;255;187;86720;83662;2024;74.6;72.0;1.7
23;2021-09-23;64;139;216;86784;83801;2240;74.6;72.1;1.9
23;2021-09-24;80;231;174;86864;84032;2414;74.7;72.3;2.1
23;2021-09-25;37;136;57;86901;84168;2471;74.7;72.4;2.1
23;2021-09-26;1;2;3;86902;84170;2474;74.7;72.4;2.1
23;2021-09-27;37;153;158;86939;84323;2632;74.8;72.5;2.3
23;2021-09-28;44;121;180;86983;84444;2812;74.8;72.6;2.4
23;2021-09-29;66;154;234;87049;84598;3046;74.9;72.8;2.6
23;2021-09-30;47;63;139;87096;84661;3185;74.9;72.8;2.7
23;2021-10-01;93;179;204;87189;84840;3389;75.0;73.0;2.9
23;2021-10-02;28;96;50;87217;84936;3439;75.0;73.1;3.0
23;2021-10-03;2;6;18;87219;84942;3457;75.0;73.1;3.0
23;2021-10-04;46;82;177;87265;85024;3634;75.1;73.1;3.1
23;2021-10-05;36;83;214;87301;85107;3848;75.1;73.2;3.3
23;2021-10-06;50;95;128;87351;85202;3976;75.1;73.3;3.4
23;2021-10-07;60;119;203;87411;85321;4179;75.2;73.4;3.6
23;2021-10-08;59;191;223;87470;85512;4402;75.2;73.5;3.8
23;2021-10-09;22;50;43;87492;85562;4445;75.2;73.6;3.8
23;2021-10-10;0;0;0;87492;85562;4445;75.2;73.6;3.8
23;2021-10-11;20;93;214;87512;85655;4659;75.3;73.7;4.0
23;2021-10-12;50;87;171;87562;85742;4830;75.3;73.7;4.2
23;2021-10-13;46;76;176;87608;85818;5006;75.3;73.8;4.3
23;2021-10-14;38;68;106;87646;85886;5112;75.4;73.9;4.4
23;2021-10-15;76;101;211;87722;85987;5323;75.4;74.0;4.6
23;2021-10-16;34;43;53;87756;86030;5376;75.5;74.0;4.6
23;2021-10-17;1;3;1;87757;86033;5377;75.5;74.0;4.6
23;2021-10-18;49;71;216;87806;86104;5593;75.5;74.1;4.8
23;2021-10-19;35;42;171;87841;86146;5764;75.5;74.1;5.0
23;2021-10-20;46;52;187;87887;86198;5951;75.6;74.1;5.1
23;2021-10-21;24;62;155;87911;86260;6106;75.6;74.2;5.3
23;2021-10-22;36;123;296;87947;86383;6402;75.6;74.3;5.5
23;2021-10-23;27;45;86;87974;86428;6488;75.7;74.3;5.6
23;2021-10-24;6;3;9;87980;86431;6497;75.7;74.3;5.6
23;2021-10-25;43;58;292;88023;86489;6789;75.7;74.4;5.8
23;2021-10-26;34;39;280;88057;86528;7069;75.7;74.4;6.1
23;2021-10-27;20;33;210;88077;86561;7279;75.8;74.4;6.3
23;2021-10-28;31;41;253;88108;86602;7532;75.8;74.5;6.5
23;2021-10-29;45;76;277;88153;86678;7809;75.8;74.5;6.7
23;2021-10-30;33;17;32;88186;86695;7841;75.8;74.6;6.7
23;2021-10-31;1;0;0;88187;86695;7841;75.8;74.6;6.7
23;2021-11-01;0;0;0;88187;86695;7841;75.8;74.6;6.7
23;2021-11-02;37;45;350;88224;86740;8191;75.9;74.6;7.0
23;2021-11-03;26;40;292;88250;86780;8483;75.9;74.6;7.3
23;2021-11-04;25;32;240;88275;86812;8723;75.9;74.7;7.5
23;2021-11-05;44;86;456;88319;86898;9179;76.0;74.7;7.9
23;2021-11-06;22;23;114;88341;86921;9293;76.0;74.8;8.0
23;2021-11-07;3;8;27;88344;86929;9320;76.0;74.8;8.0
23;2021-11-08;21;42;341;88365;86971;9661;76.0;74.8;8.3
23;2021-11-09;40;47;496;88405;87018;10157;76.0;74.8;8.7
23;2021-11-10;33;62;284;88438;87080;10441;76.1;74.9;9.0
23;2021-11-11;0;1;21;88438;87081;10462;76.1;74.9;9.0
23;2021-11-12;31;56;447;88469;87137;10909;76.1;74.9;9.4
23;2021-11-13;14;30;131;88483;87167;11040;76.1;75.0;9.5
23;2021-11-14;0;1;2;88483;87168;11042;76.1;75.0;9.5
23;2021-11-15;26;41;342;88509;87209;11384;76.1;75.0;9.8
23;2021-11-16;25;48;594;88534;87257;11978;76.1;75.0;10.3
23;2021-11-17;30;39;385;88564;87296;12363;76.2;75.1;10.6
23;2021-11-18;39;35;484;88603;87331;12847;76.2;75.1;11.0
23;2021-11-19;49;69;573;88652;87400;13420;76.2;75.2;11.5
23;2021-11-20;18;28;190;88670;87428;13610;76.3;75.2;11.7
23;2021-11-21;0;2;12;88670;87430;13622;76.3;75.2;11.7
23;2021-11-22;32;17;392;88702;87447;14014;76.3;75.2;12.1
23;2021-11-23;40;34;672;88742;87481;14686;76.3;75.2;12.6
23;2021-11-24;49;36;598;88791;87517;15284;76.4;75.3;13.1
23;2021-11-25;35;20;486;88826;87537;15770;76.4;75.3;13.6
23;2021-11-26;60;56;805;88886;87593;16575;76.4;75.3;14.3
23;2021-11-27;38;36;545;88924;87629;17120;76.5;75.4;14.7
23;2021-11-28;5;1;19;88929;87630;17139;76.5;75.4;14.7
23;2021-11-29;14;21;535;88943;87651;17674;76.5;75.4;15.2
23;2021-11-30;46;47;985;88989;87698;18659;76.5;75.4;16.0
23;2021-12-01;49;34;1175;89038;87732;19834;76.6;75.5;17.1
23;2021-12-02;30;18;1220;89068;87750;21054;76.6;75.5;18.1
23;2021-12-03;42;27;1165;89110;87777;22219;76.6;75.5;19.1
23;2021-12-04;32;27;947;89142;87804;23166;76.7;75.5;19.9
23;2021-12-05;8;0;256;89150;87804;23422;76.7;75.5;20.1
23;2021-12-06;18;24;675;89168;87828;24097;76.7;75.5;20.7
23;2021-12-07;32;20;1270;89200;87848;25367;76.7;75.6;21.8
23;2021-12-08;44;39;1385;89244;87887;26752;76.8;75.6;23.0
23;2021-12-09;27;34;1222;89271;87921;27974;76.8;75.6;24.1
24;2020-12-27;0;0;0;0;0;0;0.0;0.0;0.0
24;2020-12-28;0;0;0;0;0;0;0.0;0.0;0.0
24;2020-12-29;2;0;0;2;0;0;0.0;0.0;0.0
24;2020-12-30;1;0;0;3;0;0;0.0;0.0;0.0
24;2020-12-31;0;0;0;3;0;0;0.0;0.0;0.0
24;2021-01-01;1;0;0;4;0;0;0.0;0.0;0.0
24;2021-01-02;0;0;0;4;0;0;0.0;0.0;0.0
24;2021-01-03;1;0;0;5;0;0;0.0;0.0;0.0
24;2021-01-04;1;0;0;6;0;0;0.0;0.0;0.0
24;2021-01-05;0;0;0;6;0;0;0.0;0.0;0.0
24;2021-01-06;4;0;0;10;0;0;0.0;0.0;0.0
24;2021-01-07;201;0;0;211;0;0;0.1;0.0;0.0
24;2021-01-08;284;0;0;495;0;0;0.1;0.0;0.0
24;2021-01-09;184;13;0;679;13;0;0.2;0.0;0.0
24;2021-01-10;36;0;0;715;13;0;0.2;0.0;0.0
24;2021-01-11;257;0;0;972;13;0;0.2;0.0;0.0
24;2021-01-12;309;0;0;1281;13;0;0.3;0.0;0.0
24;2021-01-13;263;1;0;1544;14;0;0.4;0.0;0.0
24;2021-01-14;982;24;0;2526;38;0;0.6;0.0;0.0
24;2021-01-15;601;6;0;3127;44;0;0.8;0.0;0.0
24;2021-01-16;92;0;0;3219;44;0;0.8;0.0;0.0
24;2021-01-17;4;1;0;3223;45;0;0.8;0.0;0.0
24;2021-01-18;348;2;0;3571;47;0;0.9;0.0;0.0
24;2021-01-19;512;1;0;4083;48;0;1.0;0.0;0.0
24;2021-01-20;585;0;0;4668;48;0;1.1;0.0;0.0
24;2021-01-21;690;5;0;5358;53;0;1.3;0.0;0.0
24;2021-01-22;585;1;0;5943;54;0;1.5;0.0;0.0
24;2021-01-23;163;1;0;6106;55;0;1.5;0.0;0.0
24;2021-01-24;13;0;0;6119;55;0;1.5;0.0;0.0
24;2021-01-25;488;0;0;6607;55;0;1.6;0.0;0.0
24;2021-01-26;680;64;0;7287;119;0;1.8;0.0;0.0
24;2021-01-27;1162;14;0;8449;133;0;2.1;0.0;0.0
24;2021-01-28;1000;115;0;9449;248;0;2.3;0.1;0.0
24;2021-01-29;911;140;0;10360;388;0;2.5;0.1;0.0
24;2021-01-30;267;1;0;10627;389;0;2.6;0.1;0.0
24;2021-01-31;10;4;0;10637;393;0;2.6;0.1;0.0
24;2021-02-01;396;175;0;11033;568;0;2.7;0.1;0.0
24;2021-02-02;624;323;0;11657;891;0;2.9;0.2;0.0
24;2021-02-03;648;487;0;12305;1378;0;3.0;0.3;0.0
24;2021-02-04;985;427;0;13290;1805;0;3.3;0.4;0.0
24;2021-02-05;667;416;0;13957;2221;0;3.4;0.5;0.0
24;2021-02-06;143;35;0;14100;2256;0;3.5;0.6;0.0
24;2021-02-07;31;3;0;14131;2259;0;3.5;0.6;0.0
24;2021-02-08;330;246;0;14461;2505;0;3.5;0.6;0.0
24;2021-02-09;481;252;0;14942;2757;0;3.7;0.7;0.0
24;2021-02-10;428;175;0;15370;2932;0;3.8;0.7;0.0
24;2021-02-11;589;558;0;15959;3490;0;3.9;0.9;0.0
24;2021-02-12;515;387;0;16474;3877;0;4.0;0.9;0.0
24;2021-02-13;198;51;0;16672;3928;0;4.1;1.0;0.0
24;2021-02-14;90;8;0;16762;3936;0;4.1;1.0;0.0
24;2021-02-15;200;275;0;16962;4211;0;4.2;1.0;0.0
24;2021-02-16;338;541;0;17300;4752;0;4.2;1.2;0.0
24;2021-02-17;547;827;0;17847;5579;0;4.4;1.4;0.0
24;2021-02-18;435;771;0;18282;6350;0;4.5;1.6;0.0
24;2021-02-19;473;677;0;18755;7027;0;4.6;1.7;0.0
24;2021-02-20;164;151;0;18919;7178;0;4.6;1.8;0.0
24;2021-02-21;107;3;0;19026;7181;0;4.7;1.8;0.0
24;2021-02-22;447;516;0;19473;7697;0;4.8;1.9;0.0
24;2021-02-23;546;677;0;20019;8374;0;4.9;2.1;0.0
24;2021-02-24;534;795;0;20553;9169;0;5.0;2.2;0.0
24;2021-02-25;754;881;0;21307;10050;0;5.2;2.5;0.0
24;2021-02-26;1009;928;0;22316;10978;0;5.5;2.7;0.0
24;2021-02-27;384;265;0;22700;11243;0;5.6;2.8;0.0
24;2021-02-28;19;14;0;22719;11257;0;5.6;2.8;0.0
24;2021-03-01;347;412;0;23066;11669;0;5.6;2.9;0.0
24;2021-03-02;558;478;0;23624;12147;0;5.8;3.0;0.0
24;2021-03-03;678;368;0;24302;12515;0;6.0;3.1;0.0
24;2021-03-04;943;546;0;25245;13061;0;6.2;3.2;0.0
24;2021-03-05;1059;577;0;26304;13638;0;6.4;3.3;0.0
24;2021-03-06;1166;146;0;27470;13784;0;6.7;3.4;0.0
24;2021-03-07;201;62;0;27671;13846;0;6.8;3.4;0.0
24;2021-03-08;613;282;0;28284;14128;0;6.9;3.5;0.0
24;2021-03-09;1172;463;0;29456;14591;0;7.2;3.6;0.0
24;2021-03-10;1194;478;0;30650;15069;0;7.5;3.7;0.0
24;2021-03-11;1701;497;0;32351;15566;0;7.9;3.8;0.0
24;2021-03-12;2185;457;0;34536;16023;0;8.5;3.9;0.0
24;2021-03-13;1424;188;0;35960;16211;0;8.8;4.0;0.0
24;2021-03-14;132;95;0;36092;16306;0;8.8;4.0;0.0
24;2021-03-15;1030;194;0;37122;16500;0;9.1;4.0;0.0
24;2021-03-16;1221;237;0;38343;16737;0;9.4;4.1;0.0
24;2021-03-17;1237;282;0;39580;17019;0;9.7;4.2;0.0
24;2021-03-18;1138;540;0;40718;17559;0;10.0;4.3;0.0
24;2021-03-19;1327;529;0;42045;18088;0;10.3;4.4;0.0
24;2021-03-20;1002;155;0;43047;18243;0;10.5;4.5;0.0
24;2021-03-21;28;12;0;43075;18255;0;10.5;4.5;0.0
24;2021-03-22;1367;429;0;44442;18684;0;10.9;4.6;0.0
24;2021-03-23;1986;396;0;46428;19080;0;11.4;4.7;0.0
24;2021-03-24;1917;384;0;48345;19464;0;11.8;4.8;0.0
24;2021-03-25;2096;511;0;50441;19975;0;12.4;4.9;0.0
24;2021-03-26;2408;296;0;52849;20271;0;12.9;5.0;0.0
24;2021-03-27;1383;44;0;54232;20315;0;13.3;5.0;0.0
24;2021-03-28;74;8;0;54306;20323;0;13.3;5.0;0.0
24;2021-03-29;1719;352;0;56025;20675;0;13.7;5.1;0.0
24;2021-03-30;2487;422;0;58512;21097;0;14.3;5.2;0.0
24;2021-03-31;2183;327;0;60695;21424;0;14.9;5.2;0.0
24;2021-04-01;2280;347;0;62975;21771;0;15.4;5.3;0.0
24;2021-04-02;2131;453;0;65106;22224;0;15.9;5.4;0.0
24;2021-04-03;1331;153;0;66437;22377;0;16.3;5.5;0.0
24;2021-04-04;73;7;0;66510;22384;0;16.3;5.5;0.0
24;2021-04-05;889;68;0;67399;22452;0;16.5;5.5;0.0
24;2021-04-06;2277;787;0;69676;23239;0;17.1;5.7;0.0
24;2021-04-07;2664;709;0;72340;23948;0;17.7;5.9;0.0
24;2021-04-08;2968;1028;0;75308;24976;0;18.4;6.1;0.0
24;2021-04-09;3335;1064;0;78643;26040;0;19.3;6.4;0.0
24;2021-04-10;2480;357;0;81123;26397;0;19.9;6.5;0.0
24;2021-04-11;1017;24;0;82140;26421;0;20.1;6.5;0.0
24;2021-04-12;2376;899;0;84516;27320;0;20.7;6.7;0.0
24;2021-04-13;2804;1241;0;87320;28561;0;21.4;7.0;0.0
24;2021-04-14;2910;1206;0;90230;29767;0;22.1;7.3;0.0
24;2021-04-15;2813;1173;0;93043;30940;0;22.8;7.6;0.0
24;2021-04-16;3228;1048;0;96271;31988;0;23.6;7.8;0.0
24;2021-04-17;2245;452;0;98516;32440;0;24.1;7.9;0.0
24;2021-04-18;437;3;0;98953;32443;0;24.2;7.9;0.0
24;2021-04-19;1635;1121;0;100588;33564;0;24.6;8.2;0.0
24;2021-04-20;2327;1542;0;102915;35106;0;25.2;8.6;0.0
24;2021-04-21;2347;1488;0;105262;36594;0;25.8;9.0;0.0
24;2021-04-22;2234;1399;0;107496;37993;0;26.3;9.3;0.0
24;2021-04-23;1986;1442;0;109482;39435;0;26.8;9.7;0.0
24;2021-04-24;738;736;0;110220;40171;0;27.0;9.8;0.0
24;2021-04-25;66;10;0;110286;40181;0;27.0;9.8;0.0
24;2021-04-26;1416;1499;0;111702;41680;0;27.4;10.2;0.0
24;2021-04-27;1917;1922;0;113619;43602;0;27.8;10.7;0.0
24;2021-04-28;1673;1949;0;115292;45551;0;28.2;11.2;0.0
24;2021-04-29;1824;1942;0;117116;47493;0;28.7;11.6;0.0
24;2021-04-30;2331;1775;0;119447;49268;0;29.2;12.1;0.0
24;2021-05-01;1914;1011;0;121361;50279;0;29.7;12.3;0.0
24;2021-05-02;1835;206;0;123196;50485;0;30.2;12.4;0.0
24;2021-05-03;1675;1783;0;124871;52268;0;30.6;12.8;0.0
24;2021-05-04;2394;2272;0;127265;54540;0;31.2;13.4;0.0
24;2021-05-05;2049;2667;0;129314;57207;0;31.7;14.0;0.0
24;2021-05-06;2137;2713;0;131451;59920;0;32.2;14.7;0.0
24;2021-05-07;2450;2743;0;133901;62663;0;32.8;15.3;0.0
24;2021-05-08;1338;1100;0;135239;63763;0;33.1;15.6;0.0
24;2021-05-09;1113;822;0;136352;64585;0;33.4;15.8;0.0
24;2021-05-10;1364;2542;0;137716;67127;0;33.7;16.4;0.0
24;2021-05-11;2232;2682;0;139948;69809;0;34.3;17.1;0.0
24;2021-05-12;2058;2299;0;142006;72108;0;34.8;17.7;0.0
24;2021-05-13;1591;1169;0;143597;73277;0;35.2;17.9;0.0
24;2021-05-14;2569;1397;0;146166;74674;0;35.8;18.3;0.0
24;2021-05-15;2073;867;0;148239;75541;0;36.3;18.5;0.0
24;2021-05-16;1095;351;0;149334;75892;0;36.6;18.6;0.0
24;2021-05-17;2293;1291;0;151627;77183;0;37.1;18.9;0.0
24;2021-05-18;2605;1799;0;154232;78982;0;37.8;19.3;0.0
24;2021-05-19;2397;1369;0;156629;80351;0;38.4;19.7;0.0
24;2021-05-20;2599;1539;0;159228;81890;0;39.0;20.1;0.0
24;2021-05-21;2553;1378;0;161781;83268;0;39.6;20.4;0.0
24;2021-05-22;1696;455;0;163477;83723;0;40.0;20.5;0.0
24;2021-05-23;817;64;0;164294;83787;0;40.2;20.5;0.0
24;2021-05-24;1367;304;0;165661;84091;0;40.6;20.6;0.0
24;2021-05-25;2253;1412;0;167914;85503;0;41.1;20.9;0.0
24;2021-05-26;2171;1344;0;170085;86847;0;41.6;21.3;0.0
24;2021-05-27;1899;2134;0;171984;88981;0;42.1;21.8;0.0
24;2021-05-28;2182;2028;0;174166;91009;0;42.6;22.3;0.0
24;2021-05-29;1119;2062;0;175285;93071;0;42.9;22.8;0.0
24;2021-05-30;1149;163;0;176434;93234;0;43.2;22.8;0.0
24;2021-05-31;1732;1416;0;178166;94650;0;43.6;23.2;0.0
24;2021-06-01;2633;2004;0;180799;96654;0;44.3;23.7;0.0
24;2021-06-02;2591;1884;0;183390;98538;0;44.9;24.1;0.0
24;2021-06-03;2279;1549;0;185669;100087;0;45.5;24.5;0.0
24;2021-06-04;2373;2019;0;188042;102106;0;46.0;25.0;0.0
24;2021-06-05;1821;1398;0;189863;103504;0;46.5;25.3;0.0
24;2021-06-06;690;221;0;190553;103725;0;46.7;25.4;0.0
24;2021-06-07;1464;1651;0;192017;105376;0;47.0;25.8;0.0
24;2021-06-08;1677;2108;0;193694;107484;0;47.4;26.3;0.0
24;2021-06-09;1422;1729;0;195116;109213;0;47.8;26.7;0.0
24;2021-06-10;1697;1948;0;196813;111161;0;48.2;27.2;0.0
24;2021-06-11;1376;2319;0;198189;113480;0;48.5;27.8;0.0
24;2021-06-12;1099;2504;0;199288;115984;0;48.8;28.4;0.0
24;2021-06-13;1053;882;0;200341;116866;0;49.1;28.6;0.0
24;2021-06-14;1164;2115;0;201505;118981;0;49.3;29.1;0.0
24;2021-06-15;1541;3244;0;203046;122225;0;49.7;29.9;0.0
24;2021-06-16;1717;2884;0;204763;125109;0;50.1;30.6;0.0
24;2021-06-17;1594;2296;0;206357;127405;0;50.5;31.2;0.0
24;2021-06-18;1496;3033;0;207853;130438;0;50.9;31.9;0.0
24;2021-06-19;1202;1609;0;209055;132047;0;51.2;32.3;0.0
24;2021-06-20;470;466;0;209525;132513;0;51.3;32.4;0.0
24;2021-06-21;919;2062;0;210444;134575;0;51.5;33.0;0.0
24;2021-06-22;1349;2652;0;211793;137227;0;51.9;33.6;0.0
24;2021-06-23;1354;2524;0;213147;139751;0;52.2;34.2;0.0
24;2021-06-24;1174;2041;0;214321;141792;0;52.5;34.7;0.0
24;2021-06-25;1023;3010;0;215344;144802;0;52.7;35.5;0.0
24;2021-06-26;803;2158;0;216147;146960;0;52.9;36.0;0.0
24;2021-06-27;385;925;0;216532;147885;0;53.0;36.2;0.0
24;2021-06-28;797;2659;0;217329;150544;0;53.2;36.9;0.0
24;2021-06-29;936;3033;0;218265;153577;0;53.4;37.6;0.0
24;2021-06-30;1078;2653;0;219343;156230;0;53.7;38.3;0.0
24;2021-07-01;1141;2455;0;220484;158685;0;54.0;38.9;0.0
24;2021-07-02;1086;2841;0;221570;161526;0;54.3;39.6;0.0
24;2021-07-03;753;1864;0;222323;163390;0;54.4;40.0;0.0
24;2021-07-04;357;909;0;222680;164299;0;54.5;40.2;0.0
24;2021-07-05;758;2359;0;223438;166658;0;54.7;40.8;0.0
24;2021-07-06;892;3414;0;224330;170072;0;54.9;41.6;0.0
24;2021-07-07;1026;3065;0;225356;173137;0;55.2;42.4;0.0
24;2021-07-08;1345;2156;0;226701;175293;0;55.5;42.9;0.0
24;2021-07-09;1115;3186;0;227816;178479;0;55.8;43.7;0.0
24;2021-07-10;486;1891;0;228302;180370;0;55.9;44.2;0.0
24;2021-07-11;538;983;0;228840;181353;0;56.0;44.4;0.0
24;2021-07-12;865;2575;0;229705;183928;0;56.2;45.0;0.0
24;2021-07-13;1323;3233;0;231028;187161;0;56.6;45.8;0.0
24;2021-07-14;629;1066;0;231657;188227;0;56.7;46.1;0.0
24;2021-07-15;1618;2727;0;233275;190954;0;57.1;46.8;0.0
24;2021-07-16;2102;2537;0;235377;193491;0;57.6;47.4;0.0
24;2021-07-17;1376;2092;0;236753;195583;0;58.0;47.9;0.0
24;2021-07-18;645;806;0;237398;196389;0;58.1;48.1;0.0
24;2021-07-19;1554;2213;0;238952;198602;0;58.5;48.6;0.0
24;2021-07-20;2003;2500;0;240955;201102;0;59.0;49.2;0.0
24;2021-07-21;1925;2311;0;242880;203413;0;59.5;49.8;0.0
24;2021-07-22;2492;2436;0;245372;205849;0;60.1;50.4;0.0
24;2021-07-23;2311;2538;0;247683;208387;0;60.6;51.0;0.0
24;2021-07-24;1735;1528;0;249418;209915;0;61.1;51.4;0.0
24;2021-07-25;796;760;0;250214;210675;0;61.3;51.6;0.0
24;2021-07-26;1553;2005;0;251767;212680;0;61.6;52.1;0.0
24;2021-07-27;2813;2215;0;254580;214895;0;62.3;52.6;0.0
24;2021-07-28;2644;1860;0;257224;216755;0;63.0;53.1;0.0
24;2021-07-29;2982;2164;0;260206;218919;0;63.7;53.6;0.0
24;2021-07-30;2541;1917;0;262747;220836;0;64.3;54.1;0.0
24;2021-07-31;1579;1463;0;264326;222299;0;64.7;54.4;0.0
24;2021-08-01;1017;587;0;265343;222886;0;65.0;54.6;0.0
24;2021-08-02;1947;1581;0;267290;224467;0;65.4;55.0;0.0
24;2021-08-03;2737;1826;0;270027;226293;0;66.1;55.4;0.0
24;2021-08-04;2884;1468;0;272911;227761;0;66.8;55.8;0.0
24;2021-08-05;2851;1348;0;275762;229109;0;67.5;56.1;0.0
24;2021-08-06;2391;1463;0;278153;230572;0;68.1;56.5;0.0
24;2021-08-07;1723;1039;0;279876;231611;0;68.5;56.7;0.0
24;2021-08-08;1005;562;0;280881;232173;0;68.8;56.9;0.0
24;2021-08-09;1583;1339;0;282464;233512;0;69.2;57.2;0.0
24;2021-08-10;2204;1748;0;284668;235260;0;69.7;57.6;0.0
24;2021-08-11;2128;1609;0;286796;236869;0;70.2;58.0;0.0
24;2021-08-12;1873;1867;0;288669;238736;0;70.7;58.5;0.0
24;2021-08-13;1536;1584;0;290205;240320;0;71.1;58.8;0.0
24;2021-08-14;1095;1166;0;291300;241486;0;71.3;59.1;0.0
24;2021-08-15;624;488;0;291924;241974;0;71.5;59.3;0.0
24;2021-08-16;1138;1610;0;293062;243584;0;71.8;59.6;0.0
24;2021-08-17;1541;2031;0;294603;245615;0;72.1;60.1;0.0
24;2021-08-18;1412;1783;0;296015;247398;0;72.5;60.6;0.0
24;2021-08-19;1110;2461;0;297125;249859;0;72.8;61.2;0.0
24;2021-08-20;1092;2412;0;298217;252271;0;73.0;61.8;0.0
24;2021-08-21;783;1565;0;299000;253836;0;73.2;62.2;0.0
24;2021-08-22;290;974;0;299290;254810;0;73.3;62.4;0.0
24;2021-08-23;701;2060;0;299991;256870;0;73.5;62.9;0.0
24;2021-08-24;833;2355;0;300824;259225;0;73.7;63.5;0.0
24;2021-08-25;818;2309;0;301642;261534;0;73.9;64.0;0.0
24;2021-08-26;749;2712;0;302391;264246;0;74.0;64.7;0.0
24;2021-08-27;824;2814;0;303215;267060;0;74.2;65.4;0.0
24;2021-08-28;505;1804;0;303720;268864;0;74.4;65.8;0.0
24;2021-08-29;157;897;0;303877;269761;0;74.4;66.1;0.0
24;2021-08-30;431;2065;17;304308;271826;17;74.5;66.6;0.0
24;2021-08-31;635;2495;55;304943;274321;72;74.7;67.2;0.0
24;2021-09-01;663;2284;101;305606;276605;173;74.8;67.7;0.0
24;2021-09-02;486;1858;122;306092;278463;295;75.0;68.2;0.1
24;2021-09-03;576;2153;179;306668;280616;474;75.1;68.7;0.1
24;2021-09-04;365;1849;64;307033;282465;538;75.2;69.2;0.1
24;2021-09-05;229;848;45;307262;283313;583;75.2;69.4;0.1
24;2021-09-06;324;1463;164;307586;284776;747;75.3;69.7;0.2
24;2021-09-07;484;1675;260;308070;286451;1007;75.4;70.1;0.2
24;2021-09-08;428;1773;172;308498;288224;1179;75.5;70.6;0.3
24;2021-09-09;367;1118;232;308865;289342;1411;75.6;70.8;0.3
24;2021-09-10;408;1642;207;309273;290984;1618;75.7;71.3;0.4
24;2021-09-11;319;1571;70;309592;292555;1688;75.8;71.6;0.4
24;2021-09-12;92;314;60;309684;292869;1748;75.8;71.7;0.4
24;2021-09-13;316;982;221;310000;293851;1969;75.9;72.0;0.5
24;2021-09-14;441;916;301;310441;294767;2270;76.0;72.2;0.6
24;2021-09-15;450;1290;392;310891;296057;2662;76.1;72.5;0.7
24;2021-09-16;290;889;269;311181;296946;2931;76.2;72.7;0.7
24;2021-09-17;413;1047;330;311594;297993;3261;76.3;73.0;0.8
24;2021-09-18;302;1071;152;311896;299064;3413;76.4;73.2;0.8
24;2021-09-19;52;343;34;311948;299407;3447;76.4;73.3;0.8
24;2021-09-20;158;560;254;312106;299967;3701;76.4;73.5;0.9
24;2021-09-21;366;442;435;312472;300409;4136;76.5;73.6;1.0
24;2021-09-22;225;739;438;312697;301148;4574;76.6;73.7;1.1
24;2021-09-23;160;410;414;312857;301558;4988;76.6;73.8;1.2
24;2021-09-24;251;823;366;313108;302381;5354;76.7;74.0;1.3
24;2021-09-25;209;583;120;313317;302964;5474;76.7;74.2;1.3
24;2021-09-26;23;92;14;313340;303056;5488;76.7;74.2;1.3
24;2021-09-27;175;444;312;313515;303500;5800;76.8;74.3;1.4
24;2021-09-28;212;340;585;313727;303840;6385;76.8;74.4;1.6
24;2021-09-29;209;577;392;313936;304417;6777;76.9;74.5;1.7
24;2021-09-30;234;448;480;314170;304865;7257;76.9;74.6;1.8
24;2021-10-01;253;512;406;314423;305377;7663;77.0;74.8;1.9
24;2021-10-02;188;485;177;314611;305862;7840;77.0;74.9;1.9
24;2021-10-03;16;43;4;314627;305905;7844;77.0;74.9;1.9
24;2021-10-04;158;302;316;314785;306207;8160;77.1;75.0;2.0
24;2021-10-05;116;362;338;314901;306569;8498;77.1;75.1;2.1
24;2021-10-06;219;470;589;315120;307039;9087;77.2;75.2;2.2
24;2021-10-07;117;229;416;315237;307268;9503;77.2;75.2;2.3
24;2021-10-08;193;443;553;315430;307711;10056;77.2;75.3;2.5
24;2021-10-09;166;427;413;315596;308138;10469;77.3;75.5;2.6
24;2021-10-10;20;26;18;315616;308164;10487;77.3;75.5;2.6
24;2021-10-11;98;217;398;315714;308381;10885;77.3;75.5;2.7
24;2021-10-12;144;392;706;315858;308773;11591;77.3;75.6;2.8
24;2021-10-13;144;297;557;316002;309070;12148;77.4;75.7;3.0
24;2021-10-14;129;214;525;316131;309284;12673;77.4;75.7;3.1
24;2021-10-15;271;417;1021;316402;309701;13694;77.5;75.8;3.4
24;2021-10-16;173;327;304;316575;310028;13998;77.5;75.9;3.4
24;2021-10-17;14;30;11;316589;310058;14009;77.5;75.9;3.4
24;2021-10-18;105;154;420;316694;310212;14429;77.5;76.0;3.5
24;2021-10-19;130;250;666;316824;310462;15095;77.6;76.0;3.7
24;2021-10-20;132;243;678;316956;310705;15773;77.6;76.1;3.9
24;2021-10-21;93;242;538;317049;310947;16311;77.6;76.1;4.0
24;2021-10-22;145;221;857;317194;311168;17168;77.7;76.2;4.2
24;2021-10-23;98;209;371;317292;311377;17539;77.7;76.2;4.3
24;2021-10-24;10;12;9;317302;311389;17548;77.7;76.2;4.3
24;2021-10-25;95;133;684;317397;311522;18232;77.7;76.3;4.5
24;2021-10-26;86;132;642;317483;311654;18874;77.7;76.3;4.6
24;2021-10-27;134;184;836;317617;311838;19710;77.8;76.4;4.8
24;2021-10-28;82;143;684;317699;311981;20394;77.8;76.4;5.0
24;2021-10-29;142;190;1044;317841;312171;21438;77.8;76.4;5.2
24;2021-10-30;81;169;385;317922;312340;21823;77.8;76.5;5.3
24;2021-10-31;10;14;28;317932;312354;21851;77.8;76.5;5.4
24;2021-11-01;15;14;90;317947;312368;21941;77.9;76.5;5.4
24;2021-11-02;97;109;771;318044;312477;22712;77.9;76.5;5.6
24;2021-11-03;115;175;962;318159;312652;23674;77.9;76.6;5.8
24;2021-11-04;90;121;868;318249;312773;24542;77.9;76.6;6.0
24;2021-11-05;175;218;1217;318424;312991;25759;78.0;76.6;6.3
24;2021-11-06;101;193;632;318525;313184;26391;78.0;76.7;6.5
24;2021-11-07;11;12;55;318536;313196;26446;78.0;76.7;6.5
24;2021-11-08;76;129;877;318612;313325;27323;78.0;76.7;6.7
24;2021-11-09;116;187;1505;318728;313512;28828;78.0;76.8;7.1
24;2021-11-10;125;172;1503;318853;313684;30331;78.1;76.8;7.4
24;2021-11-11;33;36;256;318886;313720;30587;78.1;76.8;7.5
24;2021-11-12;94;168;1300;318980;313888;31887;78.1;76.9;7.8
24;2021-11-13;85;154;768;319065;314042;32655;78.1;76.9;8.0
24;2021-11-14;6;23;60;319071;314065;32715;78.1;76.9;8.0
24;2021-11-15;68;116;1067;319139;314181;33782;78.1;76.9;8.3
24;2021-11-16;99;136;1922;319238;314317;35704;78.2;77.0;8.7
24;2021-11-17;111;140;1652;319349;314457;37356;78.2;77.0;9.1
24;2021-11-18;81;92;1571;319430;314549;38927;78.2;77.0;9.5
24;2021-11-19;167;179;2205;319597;314728;41132;78.3;77.1;10.1
24;2021-11-20;128;129;1150;319725;314857;42282;78.3;77.1;10.4
24;2021-11-21;19;21;198;319744;314878;42480;78.3;77.1;10.4
24;2021-11-22;108;77;1354;319852;314955;43834;78.3;77.1;10.7
24;2021-11-23;126;132;2108;319978;315087;45942;78.4;77.2;11.2
24;2021-11-24;151;140;2081;320129;315227;48023;78.4;77.2;11.8
24;2021-11-25;118;107;2113;320247;315334;50136;78.4;77.2;12.3
24;2021-11-26;153;169;2965;320400;315503;53101;78.5;77.3;13.0
24;2021-11-27;136;147;1754;320536;315650;54855;78.5;77.3;13.4
24;2021-11-28;28;19;711;320564;315669;55566;78.5;77.3;13.6
24;2021-11-29;102;118;2502;320666;315787;58068;78.5;77.3;14.2
24;2021-11-30;138;130;3628;320804;315917;61696;78.6;77.4;15.1
24;2021-12-01;150;117;3487;320954;316034;65183;78.6;77.4;16.0
24;2021-12-02;109;91;3776;321063;316125;68959;78.6;77.4;16.9
24;2021-12-03;144;163;3956;321207;316288;72915;78.7;77.4;17.9
24;2021-12-04;94;108;2526;321301;316396;75441;78.7;77.5;18.5
24;2021-12-05;32;22;987;321333;316418;76428;78.7;77.5;18.7
24;2021-12-06;99;89;3116;321432;316507;79544;78.7;77.5;19.5
24;2021-12-07;133;114;4640;321565;316621;84184;78.7;77.5;20.6
24;2021-12-08;144;117;4177;321709;316738;88361;78.8;77.6;21.6
24;2021-12-09;123;127;4018;321832;316865;92379;78.8;77.6;22.6
25;2020-12-27;0;0;0;0;0;0;0.0;0.0;0.0
25;2020-12-28;0;0;0;0;0;0;0.0;0.0;0.0
25;2020-12-29;0;0;0;0;0;0;0.0;0.0;0.0
25;2020-12-30;0;0;0;0;0;0;0.0;0.0;0.0
25;2020-12-31;2;0;0;2;0;0;0.0;0.0;0.0
25;2021-01-01;0;0;0;2;0;0;0.0;0.0;0.0
25;2021-01-02;2;0;0;4;0;0;0.0;0.0;0.0
25;2021-01-03;0;0;0;4;0;0;0.0;0.0;0.0
25;2021-01-04;3;0;0;7;0;0;0.0;0.0;0.0
25;2021-01-05;1;0;0;8;0;0;0.0;0.0;0.0
25;2021-01-06;86;1;0;94;1;0;0.0;0.0;0.0
25;2021-01-07;222;1;0;316;2;0;0.1;0.0;0.0
25;2021-01-08;393;1;0;709;3;0;0.1;0.0;0.0
25;2021-01-09;110;0;0;819;3;0;0.2;0.0;0.0
25;2021-01-10;1;0;0;820;3;0;0.2;0.0;0.0
25;2021-01-11;532;6;0;1352;9;0;0.3;0.0;0.0
25;2021-01-12;730;2;0;2082;11;0;0.4;0.0;0.0
25;2021-01-13;669;11;0;2751;22;0;0.5;0.0;0.0
25;2021-01-14;923;19;0;3674;41;0;0.7;0.0;0.0
25;2021-01-15;823;8;0;4497;49;0;0.8;0.0;0.0
25;2021-01-16;222;1;0;4719;50;0;0.9;0.0;0.0
25;2021-01-17;102;0;0;4821;50;0;0.9;0.0;0.0
25;2021-01-18;1277;6;0;6098;56;0;1.1;0.0;0.0
25;2021-01-19;1400;3;0;7498;59;0;1.4;0.0;0.0
25;2021-01-20;1479;7;0;8977;66;0;1.7;0.0;0.0
25;2021-01-21;1842;5;0;10819;71;0;2.0;0.0;0.0
25;2021-01-22;1476;7;0;12295;78;0;2.3;0.0;0.0
25;2021-01-23;488;1;0;12783;79;0;2.4;0.0;0.0
25;2021-01-24;113;0;0;12896;79;0;2.4;0.0;0.0
25;2021-01-25;1004;2;0;13900;81;0;2.6;0.0;0.0
25;2021-01-26;1428;41;0;15328;122;0;2.8;0.0;0.0
25;2021-01-27;1271;67;0;16599;189;0;3.1;0.0;0.0
25;2021-01-28;1117;85;0;17716;274;0;3.3;0.1;0.0
25;2021-01-29;977;272;0;18693;546;0;3.5;0.1;0.0
25;2021-01-30;318;103;0;19011;649;0;3.5;0.1;0.0
25;2021-01-31;7;0;0;19018;649;0;3.5;0.1;0.0
25;2021-02-01;616;262;0;19634;911;0;3.6;0.2;0.0
25;2021-02-02;676;449;0;20310;1360;0;3.8;0.3;0.0
25;2021-02-03;800;320;0;21110;1680;0;3.9;0.3;0.0
25;2021-02-04;737;495;0;21847;2175;0;4.0;0.4;0.0
25;2021-02-05;549;475;0;22396;2650;0;4.2;0.5;0.0
25;2021-02-06;217;173;0;22613;2823;0;4.2;0.5;0.0
25;2021-02-07;2;34;0;22615;2857;0;4.2;0.5;0.0
25;2021-02-08;614;546;0;23229;3403;0;4.3;0.6;0.0
25;2021-02-09;638;516;0;23867;3919;0;4.4;0.7;0.0
25;2021-02-10;769;522;0;24636;4441;0;4.6;0.8;0.0
25;2021-02-11;636;829;0;25272;5270;0;4.7;1.0;0.0
25;2021-02-12;447;560;0;25719;5830;0;4.8;1.1;0.0
25;2021-02-13;97;141;0;25816;5971;0;4.8;1.1;0.0
25;2021-02-14;1;3;0;25817;5974;0;4.8;1.1;0.0
25;2021-02-15;182;1053;0;25999;7027;0;4.8;1.3;0.0
25;2021-02-16;221;1427;0;26220;8454;0;4.9;1.6;0.0
25;2021-02-17;165;1348;0;26385;9802;0;4.9;1.8;0.0
25;2021-02-18;156;1336;0;26541;11138;0;4.9;2.1;0.0
25;2021-02-19;121;1272;0;26662;12410;0;4.9;2.3;0.0
25;2021-02-20;25;472;0;26687;12882;0;4.9;2.4;0.0
25;2021-02-21;0;136;0;26687;13018;0;4.9;2.4;0.0
25;2021-02-22;116;1092;0;26803;14110;0;5.0;2.6;0.0
25;2021-02-23;200;1147;0;27003;15257;0;5.0;2.8;0.0
25;2021-02-24;153;1034;0;27156;16291;0;5.0;3.0;0.0
25;2021-02-25;503;1061;0;27659;17352;0;5.1;3.2;0.0
25;2021-02-26;604;1076;0;28263;18428;0;5.2;3.4;0.0
25;2021-02-27;227;376;0;28490;18804;0;5.3;3.5;0.0
25;2021-02-28;6;5;0;28496;18809;0;5.3;3.5;0.0
25;2021-03-01;480;628;0;28976;19437;0;5.4;3.6;0.0
25;2021-03-02;631;836;0;29607;20273;0;5.5;3.8;0.0
25;2021-03-03;589;780;0;30196;21053;0;5.6;3.9;0.0
25;2021-03-04;1196;684;0;31392;21737;0;5.8;4.0;0.0
25;2021-03-05;1869;407;0;33261;22144;0;6.2;4.1;0.0
25;2021-03-06;1224;251;0;34485;22395;0;6.4;4.2;0.0
25;2021-03-07;30;15;0;34515;22410;0;6.4;4.2;0.0
25;2021-03-08;597;700;0;35112;23110;0;6.5;4.3;0.0
25;2021-03-09;1114;779;0;36226;23889;0;6.7;4.4;0.0
25;2021-03-10;1207;652;0;37433;24541;0;6.9;4.5;0.0
25;2021-03-11;1648;586;0;39081;25127;0;7.2;4.7;0.0
25;2021-03-12;2004;477;0;41085;25604;0;7.6;4.7;0.0
25;2021-03-13;1145;101;0;42230;25705;0;7.8;4.8;0.0
25;2021-03-14;50;2;0;42280;25707;0;7.8;4.8;0.0
25;2021-03-15;1151;155;0;43431;25862;0;8.1;4.8;0.0
25;2021-03-16;1275;130;0;44706;25992;0;8.3;4.8;0.0
25;2021-03-17;1471;153;0;46177;26145;0;8.6;4.8;0.0
25;2021-03-18;1551;91;0;47728;26236;0;8.8;4.9;0.0
25;2021-03-19;1686;135;0;49414;26371;0;9.2;4.9;0.0
25;2021-03-20;841;42;0;50255;26413;0;9.3;4.9;0.0
25;2021-03-21;26;0;0;50281;26413;0;9.3;4.9;0.0
25;2021-03-22;1487;105;0;51768;26518;0;9.6;4.9;0.0
25;2021-03-23;2214;172;0;53982;26690;0;10.0;4.9;0.0
25;2021-03-24;2483;111;0;56465;26801;0;10.5;5.0;0.0
25;2021-03-25;2926;216;0;59391;27017;0;11.0;5.0;0.0
25;2021-03-26;3220;209;0;62611;27226;0;11.6;5.0;0.0
25;2021-03-27;1191;109;0;63802;27335;0;11.8;5.1;0.0
25;2021-03-28;119;61;0;63921;27396;0;11.8;5.1;0.0
25;2021-03-29;1843;301;0;65764;27697;0;12.2;5.1;0.0
25;2021-03-30;2287;462;0;68051;28159;0;12.6;5.2;0.0
25;2021-03-31;2213;416;0;70264;28575;0;13.0;5.3;0.0
25;2021-04-01;2514;567;0;72778;29142;0;13.5;5.4;0.0
25;2021-04-02;2115;625;0;74893;29767;0;13.9;5.5;0.0
25;2021-04-03;519;134;0;75412;29901;0;14.0;5.5;0.0
25;2021-04-04;42;20;0;75454;29921;0;14.0;5.5;0.0
25;2021-04-05;143;5;0;75597;29926;0;14.0;5.5;0.0
25;2021-04-06;1926;726;0;77523;30652;0;14.4;5.7;0.0
25;2021-04-07;1971;930;0;79494;31582;0;14.7;5.9;0.0
25;2021-04-08;2470;938;0;81964;32520;0;15.2;6.0;0.0
25;2021-04-09;2638;1047;0;84602;33567;0;15.7;6.2;0.0
25;2021-04-10;1001;322;0;85603;33889;0;15.9;6.3;0.0
25;2021-04-11;95;31;0;85698;33920;0;15.9;6.3;0.0
25;2021-04-12;1657;1027;0;87355;34947;0;16.2;6.5;0.0
25;2021-04-13;2054;1414;0;89409;36361;0;16.6;6.7;0.0
25;2021-04-14;1882;1278;0;91291;37639;0;16.9;7.0;0.0
25;2021-04-15;2060;1391;0;93351;39030;0;17.3;7.2;0.0
25;2021-04-16;2134;1059;0;95485;40089;0;17.7;7.4;0.0
25;2021-04-17;1129;472;0;96614;40561;0;17.9;7.5;0.0
25;2021-04-18;126;20;0;96740;40581;0;17.9;7.5;0.0
25;2021-04-19;1367;1290;0;98107;41871;0;18.2;7.8;0.0
25;2021-04-20;1657;1534;0;99764;43405;0;18.5;8.0;0.0
25;2021-04-21;1751;1718;0;101515;45123;0;18.8;8.4;0.0
25;2021-04-22;1931;1684;0;103446;46807;0;19.2;8.7;0.0
25;2021-04-23;1954;1810;0;105400;48617;0;19.5;9.0;0.0
25;2021-04-24;1324;768;0;106724;49385;0;19.8;9.2;0.0
25;2021-04-25;131;110;0;106855;49495;0;19.8;9.2;0.0
25;2021-04-26;1791;1773;0;108646;51268;0;20.1;9.5;0.0
25;2021-04-27;2825;1618;0;111471;52886;0;20.7;9.8;0.0
25;2021-04-28;2542;1556;0;114013;54442;0;21.1;10.1;0.0
25;2021-04-29;2775;1972;0;116788;56414;0;21.6;10.5;0.0
25;2021-04-30;3262;1634;0;120050;58048;0;22.3;10.8;0.0
25;2021-05-01;1723;314;0;121773;58362;0;22.6;10.8;0.0
25;2021-05-02;408;26;0;122181;58388;0;22.6;10.8;0.0
25;2021-05-03;2871;885;0;125052;59273;0;23.2;11.0;0.0
25;2021-05-04;2611;1909;0;127663;61182;0;23.7;11.3;0.0
25;2021-05-05;2629;1719;0;130292;62901;0;24.2;11.7;0.0
25;2021-05-06;2913;2288;0;133205;65189;0;24.7;12.1;0.0
25;2021-05-07;3016;2173;0;136221;67362;0;25.3;12.5;0.0
25;2021-05-08;1333;246;0;137554;67608;0;25.5;12.5;0.0
25;2021-05-09;227;81;0;137781;67689;0;25.5;12.5;0.0
25;2021-05-10;2953;1700;0;140734;69389;0;26.1;12.9;0.0
25;2021-05-11;3542;2029;0;144276;71418;0;26.7;13.2;0.0
25;2021-05-12;3417;1894;0;147693;73312;0;27.4;13.6;0.0
25;2021-05-13;3147;592;0;150840;73904;0;28.0;13.7;0.0
25;2021-05-14;4068;1341;0;154908;75245;0;28.7;13.9;0.0
25;2021-05-15;2945;723;0;157853;75968;0;29.3;14.1;0.0
25;2021-05-16;721;94;0;158574;76062;0;29.4;14.1;0.0
25;2021-05-17;3700;1105;0;162274;77167;0;30.1;14.3;0.0
25;2021-05-18;4454;1252;0;166728;78419;0;30.9;14.5;0.0
25;2021-05-19;4727;1157;0;171455;79576;0;31.8;14.8;0.0
25;2021-05-20;4620;1426;0;176075;81002;0;32.6;15.0;0.0
25;2021-05-21;5207;1931;0;181282;82933;0;33.6;15.4;0.0
25;2021-05-22;2725;715;0;184007;83648;0;34.1;15.5;0.0
25;2021-05-23;702;116;0;184709;83764;0;34.2;15.5;0.0
25;2021-05-24;1456;188;0;186165;83952;0;34.5;15.6;0.0
25;2021-05-25;3111;1729;0;189276;85681;0;35.1;15.9;0.0
25;2021-05-26;3444;1631;0;192720;87312;0;35.7;16.2;0.0
25;2021-05-27;4008;1895;0;196728;89207;0;36.5;16.5;0.0
25;2021-05-28;3606;2679;0;200334;91886;0;37.1;17.0;0.0
25;2021-05-29;1887;1010;0;202221;92896;0;37.5;17.2;0.0
25;2021-05-30;184;92;0;202405;92988;0;37.5;17.2;0.0
25;2021-05-31;2387;1799;0;204792;94787;0;38.0;17.6;0.0
25;2021-06-01;2568;2203;0;207360;96990;0;38.4;18.0;0.0
25;2021-06-02;2587;2370;0;209947;99360;0;38.9;18.4;0.0
25;2021-06-03;3232;2148;0;213179;101508;0;39.5;18.8;0.0
25;2021-06-04;2964;2499;0;216143;104007;0;40.1;19.3;0.0
25;2021-06-05;1425;1431;0;217568;105438;0;40.3;19.5;0.0
25;2021-06-06;943;254;0;218511;105692;0;40.5;19.6;0.0
25;2021-06-07;2667;2622;0;221178;108314;0;41.0;20.1;0.0
25;2021-06-08;2592;2837;0;223770;111151;0;41.5;20.6;0.0
25;2021-06-09;2438;2787;0;226208;113938;0;41.9;21.1;0.0
25;2021-06-10;2397;2603;0;228605;116541;0;42.4;21.6;0.0
25;2021-06-11;2646;3356;0;231251;119897;0;42.9;22.2;0.0
25;2021-06-12;1546;1799;0;232797;121696;0;43.2;22.6;0.0
25;2021-06-13;447;246;0;233244;121942;0;43.2;22.6;0.0
25;2021-06-14;1405;3666;0;234649;125608;0;43.5;23.3;0.0
25;2021-06-15;1566;3459;0;236215;129067;0;43.8;23.9;0.0
25;2021-06-16;2030;3187;0;238245;132254;0;44.2;24.5;0.0
25;2021-06-17;1610;3242;0;239855;135496;0;44.5;25.1;0.0
25;2021-06-18;2263;4181;0;242118;139677;0;44.9;25.9;0.0
25;2021-06-19;1307;1937;0;243425;141614;0;45.1;26.3;0.0
25;2021-06-20;72;235;0;243497;141849;0;45.1;26.3;0.0
25;2021-06-21;1116;3906;0;244613;145755;0;45.3;27.0;0.0
25;2021-06-22;1167;4330;0;245780;150085;0;45.6;27.8;0.0
25;2021-06-23;1451;3838;0;247231;153923;0;45.8;28.5;0.0
25;2021-06-24;1277;3865;0;248508;157788;0;46.1;29.2;0.0
25;2021-06-25;1608;5288;0;250116;163076;0;46.4;30.2;0.0
25;2021-06-26;664;3035;0;250780;166111;0;46.5;30.8;0.0
25;2021-06-27;389;859;0;251169;166970;0;46.6;31.0;0.0
25;2021-06-28;882;4066;0;252051;171036;0;46.7;31.7;0.0
25;2021-06-29;1117;4894;0;253168;175930;0;46.9;32.6;0.0
25;2021-06-30;1306;5089;0;254474;181019;0;47.2;33.6;0.0
25;2021-07-01;1726;4925;0;256200;185944;0;47.5;34.5;0.0
25;2021-07-02;1731;4705;0;257931;190649;0;47.8;35.3;0.0
25;2021-07-03;1004;2483;0;258935;193132;0;48.0;35.8;0.0
25;2021-07-04;383;691;0;259318;193823;0;48.1;35.9;0.0
25;2021-07-05;1274;2502;0;260592;196325;0;48.3;36.4;0.0
25;2021-07-06;1561;4344;0;262153;200669;0;48.6;37.2;0.0
25;2021-07-07;1508;4120;0;263661;204789;0;48.9;38.0;0.0
25;2021-07-08;1547;3718;0;265208;208507;0;49.2;38.7;0.0
25;2021-07-09;1695;4197;0;266903;212704;0;49.5;39.4;0.0
25;2021-07-10;810;2180;0;267713;214884;0;49.6;39.8;0.0
25;2021-07-11;132;307;0;267845;215191;0;49.7;39.9;0.0
25;2021-07-12;1368;3655;0;269213;218846;0;49.9;40.6;0.0
25;2021-07-13;2410;4583;0;271623;223429;0;50.4;41.4;0.0
25;2021-07-14;481;579;0;272104;224008;0;50.4;41.5;0.0
25;2021-07-15;2587;3840;0;274691;227848;0;50.9;42.2;0.0
25;2021-07-16;3461;3803;0;278152;231651;0;51.6;42.9;0.0
25;2021-07-17;2303;2054;0;280455;233705;0;52.0;43.3;0.0
25;2021-07-18;857;1222;0;281312;234927;0;52.1;43.5;0.0
25;2021-07-19;2633;4143;0;283945;239070;0;52.6;44.3;0.0
25;2021-07-20;3435;3713;0;287380;242783;0;53.3;45.0;0.0
25;2021-07-21;3552;3574;0;290932;246357;0;53.9;45.7;0.0
25;2021-07-22;3511;3140;0;294443;249497;0;54.6;46.3;0.0
25;2021-07-23;3724;3387;0;298167;252884;0;55.3;46.9;0.0
25;2021-07-24;1644;2180;0;299811;255064;0;55.6;47.3;0.0
25;2021-07-25;606;608;0;300417;255672;0;55.7;47.4;0.0
25;2021-07-26;3055;2947;0;303472;258619;0;56.3;47.9;0.0
25;2021-07-27;3809;2164;0;307281;260783;0;57.0;48.3;0.0
25;2021-07-28;3794;2349;0;311075;263132;0;57.7;48.8;0.0
25;2021-07-29;4334;2242;0;315409;265374;0;58.5;49.2;0.0
25;2021-07-30;4184;2490;0;319593;267864;0;59.2;49.7;0.0
25;2021-07-31;1939;1467;0;321532;269331;0;59.6;49.9;0.0
25;2021-08-01;1173;211;0;322705;269542;0;59.8;50.0;0.0
25;2021-08-02;2753;2124;0;325458;271666;0;60.3;50.4;0.0
25;2021-08-03;2902;2194;0;328360;273860;0;60.9;50.8;0.0
25;2021-08-04;2997;1585;0;331357;275445;0;61.4;51.1;0.0
25;2021-08-05;2301;1812;0;333658;277257;0;61.9;51.4;0.0
25;2021-08-06;2353;2382;0;336011;279639;0;62.3;51.8;0.0
25;2021-08-07;1284;1167;0;337295;280806;0;62.5;52.1;0.0
25;2021-08-08;303;446;0;337598;281252;0;62.6;52.1;0.0
25;2021-08-09;2017;2268;0;339615;283520;0;63.0;52.6;0.0
25;2021-08-10;1961;2558;0;341576;286078;0;63.3;53.0;0.0
25;2021-08-11;1841;2144;0;343417;288222;0;63.7;53.4;0.0
25;2021-08-12;2194;2562;0;345611;290784;0;64.1;53.9;0.0
25;2021-08-13;1689;2193;0;347300;292977;0;64.4;54.3;0.0
25;2021-08-14;929;1828;0;348229;294805;0;64.6;54.6;0.0
25;2021-08-15;25;64;0;348254;294869;0;64.6;54.7;0.0
25;2021-08-16;1255;3240;0;349509;298109;0;64.8;55.3;0.0
25;2021-08-17;1436;3315;0;350945;301424;0;65.1;55.9;0.0
25;2021-08-18;1236;2906;0;352181;304330;0;65.3;56.4;0.0
25;2021-08-19;1014;2817;0;353195;307147;0;65.5;56.9;0.0
25;2021-08-20;1403;3676;0;354598;310823;0;65.7;57.6;0.0
25;2021-08-21;560;1782;0;355158;312605;0;65.8;57.9;0.0
25;2021-08-22;180;1082;0;355338;313687;0;65.9;58.1;0.0
25;2021-08-23;1073;3211;0;356411;316898;0;66.1;58.7;0.0
25;2021-08-24;1058;3172;0;357469;320070;0;66.3;59.3;0.0
25;2021-08-25;1019;3047;0;358488;323117;0;66.5;59.9;0.0
25;2021-08-26;1134;3142;0;359622;326259;0;66.7;60.5;0.0
25;2021-08-27;1163;3107;0;360785;329366;0;66.9;61.1;0.0
25;2021-08-28;547;1803;0;361332;331169;0;67.0;61.4;0.0
25;2021-08-29;129;461;0;361461;331630;0;67.0;61.5;0.0
25;2021-08-30;896;2733;36;362357;334363;36;67.2;62.0;0.0
25;2021-08-31;945;2308;110;363302;336671;146;67.3;62.4;0.0
25;2021-09-01;909;2283;334;364211;338954;480;67.5;62.8;0.1
25;2021-09-02;773;1710;272;364984;340664;752;67.7;63.2;0.1
25;2021-09-03;772;1855;310;365756;342519;1062;67.8;63.5;0.2
25;2021-09-04;622;1275;185;366378;343794;1247;67.9;63.7;0.2
25;2021-09-05;113;152;51;366491;343946;1298;67.9;63.8;0.2
25;2021-09-06;636;1362;488;367127;345308;1786;68.1;64.0;0.3
25;2021-09-07;520;1115;321;367647;346423;2107;68.2;64.2;0.4
25;2021-09-08;615;1582;397;368262;348005;2504;68.3;64.5;0.5
25;2021-09-09;444;1043;381;368706;349048;2885;68.3;64.7;0.5
25;2021-09-10;818;1610;436;369524;350658;3321;68.5;65.0;0.6
25;2021-09-11;374;1008;113;369898;351666;3434;68.6;65.2;0.6
25;2021-09-12;93;181;26;369991;351847;3460;68.6;65.2;0.6
25;2021-09-13;700;943;384;370691;352790;3844;68.7;65.4;0.7
25;2021-09-14;615;866;494;371306;353656;4338;68.8;65.6;0.8
25;2021-09-15;748;1477;438;372054;355133;4776;69.0;65.8;0.9
25;2021-09-16;514;807;411;372568;355940;5187;69.1;66.0;1.0
25;2021-09-17;725;1317;430;373293;357257;5617;69.2;66.2;1.0
25;2021-09-18;317;831;89;373610;358088;5706;69.3;66.4;1.1
25;2021-09-19;63;143;9;373673;358231;5715;69.3;66.4;1.1
25;2021-09-20;434;728;448;374107;358959;6163;69.3;66.5;1.1
25;2021-09-21;202;584;371;374309;359543;6534;69.4;66.7;1.2
25;2021-09-22;440;1148;484;374749;360691;7018;69.5;66.9;1.3
25;2021-09-23;244;481;333;374993;361172;7351;69.5;67.0;1.4
25;2021-09-24;487;1005;535;375480;362177;7886;69.6;67.1;1.5
25;2021-09-25;246;802;97;375726;362979;7983;69.6;67.3;1.5
25;2021-09-26;13;12;15;375739;362991;7998;69.7;67.3;1.5
25;2021-09-27;302;564;342;376041;363555;8340;69.7;67.4;1.5
25;2021-09-28;219;427;414;376260;363982;8754;69.7;67.5;1.6
25;2021-09-29;428;798;503;376688;364780;9257;69.8;67.6;1.7
25;2021-09-30;265;350;340;376953;365130;9597;69.9;67.7;1.8
25;2021-10-01;580;826;503;377533;365956;10100;70.0;67.8;1.9
25;2021-10-02;263;534;133;377796;366490;10233;70.0;67.9;1.9
25;2021-10-03;10;12;0;377806;366502;10233;70.0;67.9;1.9
25;2021-10-04;347;714;473;378153;367216;10706;70.1;68.1;2.0
25;2021-10-05;156;366;312;378309;367582;11018;70.1;68.1;2.0
25;2021-10-06;410;717;559;378719;368299;11577;70.2;68.3;2.1
25;2021-10-07;156;302;442;378875;368601;12019;70.2;68.3;2.2
25;2021-10-08;478;869;687;379353;369470;12706;70.3;68.5;2.4
25;2021-10-09;287;488;198;379640;369958;12904;70.4;68.6;2.4
25;2021-10-10;4;13;12;379644;369971;12916;70.4;68.6;2.4
25;2021-10-11;247;545;605;379891;370516;13521;70.4;68.7;2.5
25;2021-10-12;160;238;363;380051;370754;13884;70.5;68.7;2.6
25;2021-10-13;467;756;686;380518;371510;14570;70.5;68.9;2.7
25;2021-10-14;146;209;386;380664;371719;14956;70.6;68.9;2.8
25;2021-10-15;507;622;860;381171;372341;15816;70.7;69.0;2.9
25;2021-10-16;282;392;276;381453;372733;16092;70.7;69.1;3.0
25;2021-10-17;8;9;2;381461;372742;16094;70.7;69.1;3.0
25;2021-10-18;225;330;465;381686;373072;16559;70.8;69.2;3.1
25;2021-10-19;106;165;370;381792;373237;16929;70.8;69.2;3.1
25;2021-10-20;322;522;893;382114;373759;17822;70.8;69.3;3.3
25;2021-10-21;140;192;381;382254;373951;18203;70.9;69.3;3.4
25;2021-10-22;441;513;986;382695;374464;19189;70.9;69.4;3.6
25;2021-10-23;243;306;389;382938;374770;19578;71.0;69.5;3.6
25;2021-10-24;3;17;7;382941;374787;19585;71.0;69.5;3.6
25;2021-10-25;257;333;709;383198;375120;20294;71.0;69.5;3.8
25;2021-10-26;151;185;666;383349;375305;20960;71.1;69.6;3.9
25;2021-10-27;297;416;1042;383646;375721;22002;71.1;69.6;4.1
25;2021-10-28;94;131;387;383740;375852;22389;71.1;69.7;4.2
25;2021-10-29;341;454;1149;384081;376306;23538;71.2;69.8;4.4
25;2021-10-30;149;281;299;384230;376587;23837;71.2;69.8;4.4
25;2021-10-31;4;4;13;384234;376591;23850;71.2;69.8;4.4
25;2021-11-01;40;14;12;384274;376605;23862;71.2;69.8;4.4
25;2021-11-02;177;258;699;384451;376863;24561;71.3;69.9;4.6
25;2021-11-03;244;422;1259;384695;377285;25820;71.3;69.9;4.8
25;2021-11-04;132;169;676;384827;377454;26496;71.3;70.0;4.9
25;2021-11-05;278;451;1354;385105;377905;27850;71.4;70.1;5.2
25;2021-11-06;185;286;588;385290;378191;28438;71.4;70.1;5.3
25;2021-11-07;13;20;5;385303;378211;28443;71.4;70.1;5.3
25;2021-11-08;137;204;1018;385440;378415;29461;71.5;70.1;5.5
25;2021-11-09;107;157;1141;385547;378572;30602;71.5;70.2;5.7
25;2021-11-10;245;403;1759;385792;378975;32361;71.5;70.3;6.0
25;2021-11-11;1;23;10;385793;378998;32371;71.5;70.3;6.0
25;2021-11-12;273;456;1794;386066;379454;34165;71.6;70.3;6.3
25;2021-11-13;135;242;689;386201;379696;34854;71.6;70.4;6.5
25;2021-11-14;8;23;17;386209;379719;34871;71.6;70.4;6.5
25;2021-11-15;146;261;1692;386355;379980;36563;71.6;70.4;6.8
25;2021-11-16;144;180;1267;386499;380160;37830;71.6;70.5;7.0
25;2021-11-17;285;353;2208;386784;380513;40038;71.7;70.5;7.4
25;2021-11-18;100;127;1053;386884;380640;41091;71.7;70.6;7.6
25;2021-11-19;349;449;2311;387233;381089;43402;71.8;70.6;8.0
25;2021-11-20;219;262;855;387452;381351;44257;71.8;70.7;8.2
25;2021-11-21;3;13;5;387455;381364;44262;71.8;70.7;8.2
25;2021-11-22;226;168;1785;387681;381532;46047;71.9;70.7;8.5
25;2021-11-23;124;120;1420;387805;381652;47467;71.9;70.7;8.8
25;2021-11-24;287;338;2128;388092;381990;49595;71.9;70.8;9.2
25;2021-11-25;95;102;1176;388187;382092;50771;72.0;70.8;9.4
25;2021-11-26;319;344;3702;388506;382436;54473;72.0;70.9;10.1
25;2021-11-27;169;219;1312;388675;382655;55785;72.1;70.9;10.3
25;2021-11-28;5;20;37;388680;382675;55822;72.1;70.9;10.3
25;2021-11-29;177;184;3390;388857;382859;59212;72.1;71.0;11.0
25;2021-11-30;179;184;3717;389036;383043;62929;72.1;71.0;11.7
25;2021-12-01;182;270;4314;389218;383313;67243;72.2;71.1;12.5
25;2021-12-02;147;132;4579;389365;383445;71822;72.2;71.1;13.3
25;2021-12-03;199;340;5022;389564;383785;76844;72.2;71.1;14.2
25;2021-12-04;117;186;2038;389681;383971;78882;72.2;71.2;14.6
25;2021-12-05;6;12;77;389687;383983;78959;72.2;71.2;14.6
25;2021-12-06;144;177;4329;389831;384160;83288;72.3;71.2;15.4
25;2021-12-07;164;203;5493;389995;384363;88781;72.3;71.3;16.5
25;2021-12-08;196;317;4984;390191;384680;93765;72.3;71.3;17.4
25;2021-12-09;173;158;5147;390364;384838;98912;72.4;71.3;18.3
26;2020-12-27;0;0;0;0;0;0;0.0;0.0;0.0
26;2020-12-28;0;0;0;0;0;0;0.0;0.0;0.0
26;2020-12-29;0;0;0;0;0;0;0.0;0.0;0.0
26;2020-12-30;0;0;0;0;0;0;0.0;0.0;0.0
26;2020-12-31;0;0;0;0;0;0;0.0;0.0;0.0
26;2021-01-01;2;0;0;2;0;0;0.0;0.0;0.0
26;2021-01-02;0;0;0;2;0;0;0.0;0.0;0.0
26;2021-01-03;1;0;0;3;0;0;0.0;0.0;0.0
26;2021-01-04;0;0;0;3;0;0;0.0;0.0;0.0
26;2021-01-05;0;0;0;3;0;0;0.0;0.0;0.0
26;2021-01-06;4;0;0;7;0;0;0.0;0.0;0.0
26;2021-01-07;176;0;0;183;0;0;0.0;0.0;0.0
26;2021-01-08;133;0;0;316;0;0;0.1;0.0;0.0
26;2021-01-09;5;0;0;321;0;0;0.1;0.0;0.0
26;2021-01-10;0;0;0;321;0;0;0.1;0.0;0.0
26;2021-01-11;256;2;0;577;2;0;0.1;0.0;0.0
26;2021-01-12;205;1;0;782;3;0;0.2;0.0;0.0
26;2021-01-13;409;1;0;1191;4;0;0.2;0.0;0.0
26;2021-01-14;500;1;0;1691;5;0;0.3;0.0;0.0
26;2021-01-15;537;2;0;2228;7;0;0.4;0.0;0.0
26;2021-01-16;237;1;0;2465;8;0;0.5;0.0;0.0
26;2021-01-17;0;0;0;2465;8;0;0.5;0.0;0.0
26;2021-01-18;635;2;0;3100;10;0;0.6;0.0;0.0
26;2021-01-19;788;3;0;3888;13;0;0.7;0.0;0.0
26;2021-01-20;794;2;0;4682;15;0;0.9;0.0;0.0
26;2021-01-21;794;2;0;5476;17;0;1.1;0.0;0.0
26;2021-01-22;732;2;0;6208;19;0;1.2;0.0;0.0
26;2021-01-23;473;1;0;6681;20;0;1.3;0.0;0.0
26;2021-01-24;15;0;0;6696;20;0;1.3;0.0;0.0
26;2021-01-25;623;1;0;7319;21;0;1.4;0.0;0.0
26;2021-01-26;769;6;0;8088;27;0;1.6;0.0;0.0
26;2021-01-27;815;9;0;8903;36;0;1.7;0.0;0.0
26;2021-01-28;1259;169;0;10162;205;0;2.0;0.0;0.0
26;2021-01-29;928;68;0;11090;273;0;2.1;0.1;0.0
26;2021-01-30;552;8;0;11642;281;0;2.2;0.1;0.0
26;2021-01-31;11;0;0;11653;281;0;2.2;0.1;0.0
26;2021-02-01;643;172;0;12296;453;0;2.4;0.1;0.0
26;2021-02-02;1214;211;0;13510;664;0;2.6;0.1;0.0
26;2021-02-03;1214;290;0;14724;954;0;2.8;0.2;0.0
26;2021-02-04;943;436;0;15667;1390;0;3.0;0.3;0.0
26;2021-02-05;633;325;0;16300;1715;0;3.1;0.3;0.0
26;2021-02-06;322;219;0;16622;1934;0;3.2;0.4;0.0
26;2021-02-07;36;3;0;16658;1937;0;3.2;0.4;0.0
26;2021-02-08;516;402;0;17174;2339;0;3.3;0.4;0.0
26;2021-02-09;580;439;0;17754;2778;0;3.4;0.5;0.0
26;2021-02-10;651;372;0;18405;3150;0;3.5;0.6;0.0
26;2021-02-11;730;344;0;19135;3494;0;3.7;0.7;0.0
26;2021-02-12;561;444;0;19696;3938;0;3.8;0.8;0.0
26;2021-02-13;317;303;0;20013;4241;0;3.8;0.8;0.0
26;2021-02-14;31;2;0;20044;4243;0;3.9;0.8;0.0
26;2021-02-15;380;507;0;20424;4750;0;3.9;0.9;0.0
26;2021-02-16;294;526;0;20718;5276;0;4.0;1.0;0.0
26;2021-02-17;236;732;0;20954;6008;0;4.0;1.2;0.0
26;2021-02-18;400;897;0;21354;6905;0;4.1;1.3;0.0
26;2021-02-19;343;809;0;21697;7714;0;4.2;1.5;0.0
26;2021-02-20;86;441;0;21783;8155;0;4.2;1.6;0.0
26;2021-02-21;3;12;0;21786;8167;0;4.2;1.6;0.0
26;2021-02-22;160;646;0;21946;8813;0;4.2;1.7;0.0
26;2021-02-23;393;961;0;22339;9774;0;4.3;1.9;0.0
26;2021-02-24;376;1152;0;22715;10926;0;4.4;2.1;0.0
26;2021-02-25;678;1001;0;23393;11927;0;4.5;2.3;0.0
26;2021-02-26;859;607;0;24252;12534;0;4.7;2.4;0.0
26;2021-02-27;304;432;0;24556;12966;0;4.7;2.5;0.0
26;2021-02-28;11;17;0;24567;12983;0;4.7;2.5;0.0
26;2021-03-01;462;628;0;25029;13611;0;4.8;2.6;0.0
26;2021-03-02;677;629;0;25706;14240;0;4.9;2.7;0.0
26;2021-03-03;711;664;0;26417;14904;0;5.1;2.9;0.0
26;2021-03-04;993;556;0;27410;15460;0;5.3;3.0;0.0
26;2021-03-05;1695;508;0;29105;15968;0;5.6;3.1;0.0
26;2021-03-06;2576;437;0;31681;16405;0;6.1;3.2;0.0
26;2021-03-07;2584;195;0;34265;16600;0;6.6;3.2;0.0
26;2021-03-08;898;614;0;35163;17214;0;6.8;3.3;0.0
26;2021-03-09;1299;552;0;36462;17766;0;7.0;3.4;0.0
26;2021-03-10;1192;498;0;37654;18264;0;7.2;3.5;0.0
26;2021-03-11;1534;622;0;39188;18886;0;7.5;3.6;0.0
26;2021-03-12;2170;499;0;41358;19385;0;7.9;3.7;0.0
26;2021-03-13;1768;286;0;43126;19671;0;8.3;3.8;0.0
26;2021-03-14;66;27;0;43192;19698;0;8.3;3.8;0.0
26;2021-03-15;1564;257;0;44756;19955;0;8.6;3.8;0.0
26;2021-03-16;1163;490;0;45919;20445;0;8.8;3.9;0.0
26;2021-03-17;1318;328;0;47237;20773;0;9.1;4.0;0.0
26;2021-03-18;1526;298;0;48763;21071;0;9.4;4.0;0.0
26;2021-03-19;2352;356;0;51115;21427;0;9.8;4.1;0.0
26;2021-03-20;1200;138;0;52315;21565;0;10.0;4.1;0.0
26;2021-03-21;63;21;0;52378;21586;0;10.1;4.1;0.0
26;2021-03-22;1729;215;0;54107;21801;0;10.4;4.2;0.0
26;2021-03-23;2469;323;0;56576;22124;0;10.9;4.3;0.0
26;2021-03-24;2493;278;0;59069;22402;0;11.3;4.3;0.0
26;2021-03-25;2972;345;0;62041;22747;0;11.9;4.4;0.0
26;2021-03-26;2941;358;0;64982;23105;0;12.5;4.4;0.0
26;2021-03-27;1131;152;0;66113;23257;0;12.7;4.5;0.0
26;2021-03-28;78;5;0;66191;23262;0;12.7;4.5;0.0
26;2021-03-29;1786;424;0;67977;23686;0;13.1;4.6;0.0
26;2021-03-30;2226;499;0;70203;24185;0;13.5;4.6;0.0
26;2021-03-31;2343;565;0;72546;24750;0;13.9;4.8;0.0
26;2021-04-01;2186;761;0;74732;25511;0;14.4;4.9;0.0
26;2021-04-02;2173;934;0;76905;26445;0;14.8;5.1;0.0
26;2021-04-03;511;980;0;77416;27425;0;14.9;5.3;0.0
26;2021-04-04;205;736;0;77621;28161;0;14.9;5.4;0.0
26;2021-04-05;472;47;0;78093;28208;0;15.0;5.4;0.0
26;2021-04-06;1446;782;0;79539;28990;0;15.3;5.6;0.0
26;2021-04-07;1752;871;0;81291;29861;0;15.6;5.7;0.0
26;2021-04-08;2950;948;0;84241;30809;0;16.2;5.9;0.0
26;2021-04-09;3416;996;0;87657;31805;0;16.8;6.1;0.0
26;2021-04-10;1258;822;0;88915;32627;0;17.1;6.3;0.0
26;2021-04-11;94;31;0;89009;32658;0;17.1;6.3;0.0
26;2021-04-12;1713;1077;0;90722;33735;0;17.4;6.5;0.0
26;2021-04-13;2678;1460;0;93400;35195;0;17.9;6.8;0.0
26;2021-04-14;2247;1413;0;95647;36608;0;18.4;7.0;0.0
26;2021-04-15;2287;1519;0;97934;38127;0;18.8;7.3;0.0
26;2021-04-16;2221;1561;0;100155;39688;0;19.2;7.6;0.0
26;2021-04-17;994;750;0;101149;40438;0;19.4;7.8;0.0
26;2021-04-18;65;46;0;101214;40484;0;19.4;7.8;0.0
26;2021-04-19;1454;1474;0;102668;41958;0;19.7;8.1;0.0
26;2021-04-20;1683;1738;0;104351;43696;0;20.0;8.4;0.0
26;2021-04-21;1865;1439;0;106216;45135;0;20.4;8.7;0.0
26;2021-04-22;2290;1589;0;108506;46724;0;20.8;9.0;0.0
26;2021-04-23;1958;1554;0;110464;48278;0;21.2;9.3;0.0
26;2021-04-24;1388;759;0;111852;49037;0;21.5;9.4;0.0
26;2021-04-25;509;80;0;112361;49117;0;21.6;9.4;0.0
26;2021-04-26;1307;1443;0;113668;50560;0;21.8;9.7;0.0
26;2021-04-27;1830;1653;0;115498;52213;0;22.2;10.0;0.0
26;2021-04-28;1780;1755;0;117278;53968;0;22.5;10.4;0.0
26;2021-04-29;2736;1885;0;120014;55853;0;23.1;10.7;0.0
26;2021-04-30;2599;1814;0;122613;57667;0;23.6;11.1;0.0
26;2021-05-01;1292;339;0;123905;58006;0;23.8;11.1;0.0
26;2021-05-02;909;115;0;124814;58121;0;24.0;11.2;0.0
26;2021-05-03;2019;1694;0;126833;59815;0;24.4;11.5;0.0
26;2021-05-04;2486;2250;0;129319;62065;0;24.8;11.9;0.0
26;2021-05-05;2519;2086;0;131838;64151;0;25.3;12.3;0.0
26;2021-05-06;3127;2135;0;134965;66286;0;25.9;12.7;0.0
26;2021-05-07;2614;2323;0;137579;68609;0;26.4;13.2;0.0
26;2021-05-08;1802;506;0;139381;69115;0;26.8;13.3;0.0
26;2021-05-09;589;122;0;139970;69237;0;26.9;13.3;0.0
26;2021-05-10;2696;1835;0;142666;71072;0;27.4;13.7;0.0
26;2021-05-11;3980;2217;0;146646;73289;0;28.2;14.1;0.0
26;2021-05-12;4189;1783;0;150835;75072;0;29.0;14.4;0.0
26;2021-05-13;3712;528;0;154547;75600;0;29.7;14.5;0.0
26;2021-05-14;3985;1460;0;158532;77060;0;30.5;14.8;0.0
26;2021-05-15;3467;544;0;161999;77604;0;31.1;14.9;0.0
26;2021-05-16;2792;281;0;164791;77885;0;31.7;15.0;0.0
26;2021-05-17;3141;1417;0;167932;79302;0;32.3;15.2;0.0
26;2021-05-18;3857;1658;0;171789;80960;0;33.0;15.6;0.0
26;2021-05-19;3802;1383;0;175591;82343;0;33.7;15.8;0.0
26;2021-05-20;3992;1678;0;179583;84021;0;34.5;16.1;0.0
26;2021-05-21;3980;1773;0;183563;85794;0;35.3;16.5;0.0
26;2021-05-22;2422;623;0;185985;86417;0;35.7;16.6;0.0
26;2021-05-23;1223;152;0;187208;86569;0;36.0;16.6;0.0
26;2021-05-24;2947;602;0;190155;87171;0;36.5;16.7;0.0
26;2021-05-25;2969;2298;0;193124;89469;0;37.1;17.2;0.0
26;2021-05-26;3354;2170;0;196478;91639;0;37.7;17.6;0.0
26;2021-05-27;3574;2329;0;200052;93968;0;38.4;18.1;0.0
26;2021-05-28;3141;2604;0;203193;96572;0;39.0;18.6;0.0
26;2021-05-29;2222;1437;0;205415;98009;0;39.5;18.8;0.0
26;2021-05-30;367;88;0;205782;98097;0;39.5;18.8;0.0
26;2021-05-31;2487;1764;0;208269;99861;0;40.0;19.2;0.0
26;2021-06-01;2887;2173;0;211156;102034;0;40.6;19.6;0.0
26;2021-06-02;2508;2091;0;213664;104125;0;41.0;20.0;0.0
26;2021-06-03;2670;2289;0;216334;106414;0;41.6;20.4;0.0
26;2021-06-04;2575;2721;0;218909;109135;0;42.1;21.0;0.0
26;2021-06-05;1433;1432;0;220342;110567;0;42.3;21.2;0.0
26;2021-06-06;81;38;0;220423;110605;0;42.3;21.2;0.0
26;2021-06-07;2017;2232;0;222440;112837;0;42.7;21.7;0.0
26;2021-06-08;2256;2099;0;224696;114936;0;43.2;22.1;0.0
26;2021-06-09;1880;2166;0;226576;117102;0;43.5;22.5;0.0
26;2021-06-10;1818;2546;0;228394;119648;0;43.9;23.0;0.0
26;2021-06-11;1715;2971;0;230109;122619;0;44.2;23.6;0.0
26;2021-06-12;1094;1592;0;231203;124211;0;44.4;23.9;0.0
26;2021-06-13;129;211;0;231332;124422;0;44.4;23.9;0.0
26;2021-06-14;1246;3198;0;232578;127620;0;44.7;24.5;0.0
26;2021-06-15;1478;3675;0;234056;131295;0;45.0;25.2;0.0
26;2021-06-16;1636;3228;0;235692;134523;0;45.3;25.8;0.0
26;2021-06-17;1451;2924;0;237143;137447;0;45.6;26.4;0.0
26;2021-06-18;1659;3984;0;238802;141431;0;45.9;27.2;0.0
26;2021-06-19;864;2718;0;239666;144149;0;46.0;27.7;0.0
26;2021-06-20;250;749;0;239916;144898;0;46.1;27.8;0.0
26;2021-06-21;895;4019;0;240811;148917;0;46.3;28.6;0.0
26;2021-06-22;981;4707;0;241792;153624;0;46.4;29.5;0.0
26;2021-06-23;1130;4422;0;242922;158046;0;46.7;30.4;0.0
26;2021-06-24;1251;3993;0;244173;162039;0;46.9;31.1;0.0
26;2021-06-25;1033;4808;0;245206;166847;0;47.1;32.1;0.0
26;2021-06-26;629;3134;0;245835;169981;0;47.2;32.7;0.0
26;2021-06-27;289;1107;0;246124;171088;0;47.3;32.9;0.0
26;2021-06-28;755;4120;0;246879;175208;0;47.4;33.7;0.0
26;2021-06-29;1005;4361;0;247884;179569;0;47.6;34.5;0.0
26;2021-06-30;1352;4193;0;249236;183762;0;47.9;35.3;0.0
26;2021-07-01;1627;3896;0;250863;187658;0;48.2;36.0;0.0
26;2021-07-02;1328;4516;0;252191;192174;0;48.4;36.9;0.0
26;2021-07-03;662;2566;0;252853;194740;0;48.6;37.4;0.0
26;2021-07-04;270;487;0;253123;195227;0;48.6;37.5;0.0
26;2021-07-05;867;3861;0;253990;199088;0;48.8;38.2;0.0
26;2021-07-06;1242;3728;0;255232;202816;0;49.0;39.0;0.0
26;2021-07-07;1394;3331;0;256626;206147;0;49.3;39.6;0.0
26;2021-07-08;2193;3042;0;258819;209189;0;49.7;40.2;0.0
26;2021-07-09;1490;4106;0;260309;213295;0;50.0;41.0;0.0
26;2021-07-10;801;2210;0;261110;215505;0;50.2;41.4;0.0
26;2021-07-11;261;284;0;261371;215789;0;50.2;41.5;0.0
26;2021-07-12;1043;3619;0;262414;219408;0;50.4;42.1;0.0
26;2021-07-13;2117;4102;0;264531;223510;0;50.8;42.9;0.0
26;2021-07-14;847;730;0;265378;224240;0;51.0;43.1;0.0
26;2021-07-15;2883;3417;0;268261;227657;0;51.5;43.7;0.0
26;2021-07-16;2808;3320;0;271069;230977;0;52.1;44.4;0.0
26;2021-07-17;1661;1520;0;272730;232497;0;52.4;44.7;0.0
26;2021-07-18;206;111;0;272936;232608;0;52.4;44.7;0.0
26;2021-07-19;2373;2845;0;275309;235453;0;52.9;45.2;0.0
26;2021-07-20;3307;3306;0;278616;238759;0;53.5;45.9;0.0
26;2021-07-21;3132;2805;0;281748;241564;0;54.1;46.4;0.0
26;2021-07-22;3602;2717;0;285350;244281;0;54.8;46.9;0.0
26;2021-07-23;3432;3063;0;288782;247344;0;55.5;47.5;0.0
26;2021-07-24;2036;1211;0;290818;248555;0;55.9;47.7;0.0
26;2021-07-25;461;112;0;291279;248667;0;56.0;47.8;0.0
26;2021-07-26;3058;2313;0;294337;250980;0;56.5;48.2;0.0
26;2021-07-27;4380;2528;0;298717;253508;0;57.4;48.7;0.0
26;2021-07-28;3930;2164;0;302647;255672;0;58.1;49.1;0.0
26;2021-07-29;3486;2615;0;306133;258287;0;58.8;49.6;0.0
26;2021-07-30;3168;2447;0;309301;260734;0;59.4;50.1;0.0
26;2021-07-31;1103;991;0;310404;261725;0;59.6;50.3;0.0
26;2021-08-01;401;128;0;310805;261853;0;59.7;50.3;0.0
26;2021-08-02;2640;2099;0;313445;263952;0;60.2;50.7;0.0
26;2021-08-03;3162;2122;0;316607;266074;0;60.8;51.1;0.0
26;2021-08-04;3552;1760;0;320159;267834;0;61.5;51.5;0.0
26;2021-08-05;2945;1954;0;323104;269788;0;62.1;51.8;0.0
26;2021-08-06;2946;2402;0;326050;272190;0;62.6;52.3;0.0
26;2021-08-07;682;746;0;326732;272936;0;62.8;52.4;0.0
26;2021-08-08;68;73;0;326800;273009;0;62.8;52.4;0.0
26;2021-08-09;2006;2562;0;328806;275571;0;63.2;52.9;0.0
26;2021-08-10;2299;2744;0;331105;278315;0;63.6;53.5;0.0
26;2021-08-11;2059;2433;0;333164;280748;0;64.0;53.9;0.0
26;2021-08-12;1779;2353;0;334943;283101;0;64.3;54.4;0.0
26;2021-08-13;1707;2233;0;336650;285334;0;64.7;54.8;0.0
26;2021-08-14;409;847;0;337059;286181;0;64.7;55.0;0.0
26;2021-08-15;42;61;0;337101;286242;0;64.8;55.0;0.0
26;2021-08-16;1129;2777;0;338230;289019;0;65.0;55.5;0.0
26;2021-08-17;1633;2917;0;339863;291936;0;65.3;56.1;0.0
26;2021-08-18;1558;3068;0;341421;295004;0;65.6;56.7;0.0
26;2021-08-19;1525;2738;0;342946;297742;0;65.9;57.2;0.0
26;2021-08-20;1311;2699;0;344257;300441;0;66.1;57.7;0.0
26;2021-08-21;528;999;0;344785;301440;0;66.2;57.9;0.0
26;2021-08-22;67;339;0;344852;301779;0;66.2;58.0;0.0
26;2021-08-23;1430;3124;0;346282;304903;0;66.5;58.6;0.0
26;2021-08-24;1631;3338;0;347913;308241;0;66.8;59.2;0.0
26;2021-08-25;1457;3293;0;349370;311534;0;67.1;59.8;0.0
26;2021-08-26;1367;3013;0;350737;314547;0;67.4;60.4;0.0
26;2021-08-27;1464;3309;0;352201;317856;0;67.7;61.1;0.0
26;2021-08-28;391;1056;0;352592;318912;0;67.7;61.3;0.0
26;2021-08-29;22;64;0;352614;318976;0;67.7;61.3;0.0
26;2021-08-30;1364;2959;59;353978;321935;59;68.0;61.8;0.0
26;2021-08-31;1256;3166;121;355234;325101;180;68.2;62.5;0.0
26;2021-09-01;1364;2459;214;356598;327560;394;68.5;62.9;0.1
26;2021-09-02;1072;1889;247;357670;329449;641;68.7;63.3;0.1
26;2021-09-03;1075;2449;268;358745;331898;909;68.9;63.8;0.2
26;2021-09-04;406;703;84;359151;332601;993;69.0;63.9;0.2
26;2021-09-05;46;49;10;359197;332650;1003;69.0;63.9;0.2
26;2021-09-06;672;1384;380;359869;334034;1383;69.1;64.2;0.3
26;2021-09-07;772;1561;333;360641;335595;1716;69.3;64.5;0.3
26;2021-09-08;820;1685;286;361461;337280;2002;69.4;64.8;0.4
26;2021-09-09;584;1348;318;362045;338628;2320;69.5;65.1;0.4
26;2021-09-10;773;1740;313;362818;340368;2633;69.7;65.4;0.5
26;2021-09-11;306;698;81;363124;341066;2714;69.8;65.5;0.5
26;2021-09-12;14;24;2;363138;341090;2716;69.8;65.5;0.5
26;2021-09-13;536;1203;415;363674;342293;3131;69.9;65.8;0.6
26;2021-09-14;676;1279;422;364350;343572;3553;70.0;66.0;0.7
26;2021-09-15;683;1709;469;365033;345281;4022;70.1;66.3;0.8
26;2021-09-16;525;977;419;365558;346258;4441;70.2;66.5;0.9
26;2021-09-17;611;1648;423;366169;347906;4864;70.3;66.8;0.9
26;2021-09-18;231;661;100;366400;348567;4964;70.4;67.0;1.0
26;2021-09-19;5;36;1;366405;348603;4965;70.4;67.0;1.0
26;2021-09-20;324;1013;491;366729;349616;5456;70.4;67.2;1.0
26;2021-09-21;371;966;424;367100;350582;5880;70.5;67.3;1.1
26;2021-09-22;392;1406;431;367492;351988;6311;70.6;67.6;1.2
26;2021-09-23;352;773;265;367844;352761;6576;70.7;67.8;1.3
26;2021-09-24;431;1357;475;368275;354118;7051;70.7;68.0;1.4
26;2021-09-25;161;536;69;368436;354654;7120;70.8;68.1;1.4
26;2021-09-26;11;30;1;368447;354684;7121;70.8;68.1;1.4
26;2021-09-27;288;730;387;368735;355414;7508;70.8;68.3;1.4
26;2021-09-28;223;633;325;368958;356047;7833;70.9;68.4;1.5
26;2021-09-29;353;1019;329;369311;357066;8162;70.9;68.6;1.6
26;2021-09-30;231;573;456;369542;357639;8618;71.0;68.7;1.7
26;2021-10-01;458;936;564;370000;358575;9182;71.1;68.9;1.8
26;2021-10-02;184;308;99;370184;358883;9281;71.1;68.9;1.8
26;2021-10-03;11;19;3;370195;358902;9284;71.1;68.9;1.8
26;2021-10-04;309;577;554;370504;359479;9838;71.2;69.1;1.9
26;2021-10-05;162;512;535;370666;359991;10373;71.2;69.2;2.0
26;2021-10-06;386;783;575;371052;360774;10948;71.3;69.3;2.1
26;2021-10-07;195;423;472;371247;361197;11420;71.3;69.4;2.2
26;2021-10-08;369;806;670;371616;362003;12090;71.4;69.5;2.3
26;2021-10-09;181;275;165;371797;362278;12255;71.4;69.6;2.4
26;2021-10-10;2;22;3;371799;362300;12258;71.4;69.6;2.4
26;2021-10-11;242;497;762;372041;362797;13020;71.5;69.7;2.5
26;2021-10-12;200;358;545;372241;363155;13565;71.5;69.8;2.6
26;2021-10-13;301;565;684;372542;363720;14249;71.6;69.9;2.7
26;2021-10-14;212;411;594;372754;364131;14843;71.6;69.9;2.9
26;2021-10-15;383;588;817;373137;364719;15660;71.7;70.1;3.0
26;2021-10-16;168;166;178;373305;364885;15838;71.7;70.1;3.0
26;2021-10-17;7;13;13;373312;364898;15851;71.7;70.1;3.0
26;2021-10-18;226;368;756;373538;365266;16607;71.8;70.2;3.2
26;2021-10-19;90;201;529;373628;365467;17136;71.8;70.2;3.3
26;2021-10-20;174;356;708;373802;365823;17844;71.8;70.3;3.4
26;2021-10-21;144;306;884;373946;366129;18728;71.8;70.3;3.6
26;2021-10-22;146;450;824;374092;366579;19552;71.9;70.4;3.8
26;2021-10-23;75;122;122;374167;366701;19674;71.9;70.4;3.8
26;2021-10-24;3;16;12;374170;366717;19686;71.9;70.4;3.8
26;2021-10-25;151;334;886;374321;367051;20572;71.9;70.5;4.0
26;2021-10-26;104;158;648;374425;367209;21220;71.9;70.5;4.1
26;2021-10-27;160;363;901;374585;367572;22121;72.0;70.6;4.2
26;2021-10-28;147;204;952;374732;367776;23073;72.0;70.7;4.4
26;2021-10-29;147;343;873;374879;368119;23946;72.0;70.7;4.6
26;2021-10-30;54;126;309;374933;368245;24255;72.0;70.7;4.7
26;2021-10-31;1;3;3;374934;368248;24258;72.0;70.7;4.7
26;2021-11-01;12;9;15;374946;368257;24273;72.0;70.7;4.7
26;2021-11-02;84;216;730;375030;368473;25003;72.0;70.8;4.8
26;2021-11-03;152;409;1122;375182;368882;26125;72.1;70.9;5.0
26;2021-11-04;106;216;1177;375288;369098;27302;72.1;70.9;5.2
26;2021-11-05;152;293;960;375440;369391;28262;72.1;71.0;5.4
26;2021-11-06;74;158;330;375514;369549;28592;72.1;71.0;5.5
26;2021-11-07;0;12;4;375514;369561;28596;72.1;71.0;5.5
26;2021-11-08;98;255;1249;375612;369816;29845;72.2;71.0;5.7
26;2021-11-09;96;167;1072;375708;369983;30917;72.2;71.1;5.9
26;2021-11-10;166;253;1737;375874;370236;32654;72.2;71.1;6.3
26;2021-11-11;9;16;19;375883;370252;32673;72.2;71.1;6.3
26;2021-11-12;121;236;1390;376004;370488;34063;72.2;71.2;6.5
26;2021-11-13;48;84;428;376052;370572;34491;72.2;71.2;6.6
26;2021-11-14;4;7;4;376056;370579;34495;72.2;71.2;6.6
26;2021-11-15;136;168;1795;376192;370747;36290;72.3;71.2;7.0
26;2021-11-16;116;151;1703;376308;370898;37993;72.3;71.2;7.3
26;2021-11-17;201;245;1836;376509;371143;39829;72.3;71.3;7.7
26;2021-11-18;118;156;1681;376627;371299;41510;72.4;71.3;8.0
26;2021-11-19;158;176;1653;376785;371475;43163;72.4;71.4;8.3
26;2021-11-20;88;102;709;376873;371577;43872;72.4;71.4;8.4
26;2021-11-21;16;21;261;376889;371598;44133;72.4;71.4;8.5
26;2021-11-22;91;76;1762;376980;371674;45895;72.4;71.4;8.8
26;2021-11-23;121;114;2074;377101;371788;47969;72.4;71.4;9.2
26;2021-11-24;170;174;2107;377271;371962;50076;72.5;71.5;9.6
26;2021-11-25;138;124;2197;377409;372086;52273;72.5;71.5;10.0
26;2021-11-26;174;191;2971;377583;372277;55244;72.5;71.5;10.6
26;2021-11-27;81;116;1022;377664;372393;56266;72.5;71.5;10.8
26;2021-11-28;2;6;33;377666;372399;56299;72.5;71.5;10.8
26;2021-11-29;89;109;3105;377755;372508;59404;72.6;71.6;11.4
26;2021-11-30;116;104;3579;377871;372612;62983;72.6;71.6;12.1
26;2021-12-01;124;170;4201;377995;372782;67184;72.6;71.6;12.9
26;2021-12-02;100;109;3836;378095;372891;71020;72.6;71.6;13.6
26;2021-12-03;101;151;4505;378196;373042;75525;72.7;71.7;14.5
26;2021-12-04;74;74;1905;378270;373116;77430;72.7;71.7;14.9
26;2021-12-05;12;26;839;378282;373142;78269;72.7;71.7;15.0
26;2021-12-06;100;167;4111;378382;373309;82380;72.7;71.7;15.8
26;2021-12-07;128;157;5363;378510;373466;87743;72.7;71.7;16.9
26;2021-12-08;158;193;5497;378668;373659;93240;72.7;71.8;17.9
26;2021-12-09;129;139;5856;378797;373798;99096;72.8;71.8;19.0
27;2020-12-27;0;0;0;0;0;0;0.0;0.0;0.0
27;2020-12-28;0;0;0;0;0;0;0.0;0.0;0.0
27;2020-12-29;1;0;0;1;0;0;0.0;0.0;0.0
27;2020-12-30;0;0;0;1;0;0;0.0;0.0;0.0
27;2020-12-31;0;0;0;1;0;0;0.0;0.0;0.0
27;2021-01-01;0;0;0;1;0;0;0.0;0.0;0.0
27;2021-01-02;0;0;0;1;0;0;0.0;0.0;0.0
27;2021-01-03;1;0;0;2;0;0;0.0;0.0;0.0
27;2021-01-04;4;0;0;6;0;0;0.0;0.0;0.0
27;2021-01-05;23;0;0;29;0;0;0.0;0.0;0.0
27;2021-01-06;200;0;0;229;0;0;0.0;0.0;0.0
27;2021-01-07;464;0;0;693;0;0;0.1;0.0;0.0
27;2021-01-08;501;3;0;1194;3;0;0.2;0.0;0.0
27;2021-01-09;92;2;0;1286;5;0;0.2;0.0;0.0
27;2021-01-10;103;0;0;1389;5;0;0.2;0.0;0.0
27;2021-01-11;405;0;0;1794;5;0;0.3;0.0;0.0
27;2021-01-12;492;2;0;2286;7;0;0.4;0.0;0.0
27;2021-01-13;844;3;0;3130;10;0;0.5;0.0;0.0
27;2021-01-14;1645;32;0;4775;42;0;0.8;0.0;0.0
27;2021-01-15;1216;8;0;5991;50;0;1.0;0.0;0.0
27;2021-01-16;309;2;0;6300;52;0;1.0;0.0;0.0
27;2021-01-17;220;2;0;6520;54;0;1.1;0.0;0.0
27;2021-01-18;788;5;0;7308;59;0;1.2;0.0;0.0
27;2021-01-19;870;5;0;8178;64;0;1.4;0.0;0.0
27;2021-01-20;906;1;0;9084;65;0;1.5;0.0;0.0
27;2021-01-21;710;6;0;9794;71;0;1.6;0.0;0.0
27;2021-01-22;807;6;0;10601;77;0;1.8;0.0;0.0
27;2021-01-23;328;0;0;10929;77;0;1.8;0.0;0.0
27;2021-01-24;137;4;0;11066;81;0;1.8;0.0;0.0
27;2021-01-25;621;16;0;11687;97;0;1.9;0.0;0.0
27;2021-01-26;546;27;0;12233;124;0;2.0;0.0;0.0
27;2021-01-27;569;133;0;12802;257;0;2.1;0.0;0.0
27;2021-01-28;593;339;0;13395;596;0;2.2;0.1;0.0
27;2021-01-29;530;146;0;13925;742;0;2.3;0.1;0.0
27;2021-01-30;224;29;0;14149;771;0;2.4;0.1;0.0
27;2021-01-31;27;26;0;14176;797;0;2.4;0.1;0.0
27;2021-02-01;373;242;0;14549;1039;0;2.4;0.2;0.0
27;2021-02-02;324;327;0;14873;1366;0;2.5;0.2;0.0
27;2021-02-03;461;403;0;15334;1769;0;2.6;0.3;0.0
27;2021-02-04;719;912;0;16053;2681;0;2.7;0.4;0.0
27;2021-02-05;668;1059;0;16721;3740;0;2.8;0.6;0.0
27;2021-02-06;72;211;0;16793;3951;0;2.8;0.7;0.0
27;2021-02-07;43;103;0;16836;4054;0;2.8;0.7;0.0
27;2021-02-08;389;437;0;17225;4491;0;2.9;0.7;0.0
27;2021-02-09;381;584;0;17606;5075;0;2.9;0.8;0.0
27;2021-02-10;348;543;0;17954;5618;0;3.0;0.9;0.0
27;2021-02-11;384;536;0;18338;6154;0;3.1;1.0;0.0
27;2021-02-12;353;598;0;18691;6752;0;3.1;1.1;0.0
27;2021-02-13;139;128;0;18830;6880;0;3.1;1.1;0.0
27;2021-02-14;7;85;0;18837;6965;0;3.1;1.2;0.0
27;2021-02-15;402;645;0;19239;7610;0;3.2;1.3;0.0
27;2021-02-16;349;775;0;19588;8385;0;3.3;1.4;0.0
27;2021-02-17;288;691;0;19876;9076;0;3.3;1.5;0.0
27;2021-02-18;388;755;0;20264;9831;0;3.4;1.6;0.0
27;2021-02-19;287;712;0;20551;10543;0;3.4;1.8;0.0
27;2021-02-20;127;230;0;20678;10773;0;3.4;1.8;0.0
27;2021-02-21;11;122;0;20689;10895;0;3.4;1.8;0.0
27;2021-02-22;450;622;0;21139;11517;0;3.5;1.9;0.0
27;2021-02-23;452;656;0;21591;12173;0;3.6;2.0;0.0
27;2021-02-24;431;640;0;22022;12813;0;3.7;2.1;0.0
27;2021-02-25;788;725;0;22810;13538;0;3.8;2.3;0.0
27;2021-02-26;799;717;0;23609;14255;0;3.9;2.4;0.0
27;2021-02-27;366;152;0;23975;14407;0;4.0;2.4;0.0
27;2021-02-28;105;24;0;24080;14431;0;4.0;2.4;0.0
27;2021-03-01;402;517;0;24482;14948;0;4.1;2.5;0.0
27;2021-03-02;678;412;0;25160;15360;0;4.2;2.6;0.0
27;2021-03-03;761;386;0;25921;15746;0;4.3;2.6;0.0
27;2021-03-04;868;275;0;26789;16021;0;4.5;2.7;0.0
27;2021-03-05;1368;293;0;28157;16314;0;4.7;2.7;0.0
27;2021-03-06;1436;99;0;29593;16413;0;4.9;2.7;0.0
27;2021-03-07;508;22;0;30101;16435;0;5.0;2.7;0.0
27;2021-03-08;1066;344;0;31167;16779;0;5.2;2.8;0.0
27;2021-03-09;1660;312;0;32827;17091;0;5.5;2.8;0.0
27;2021-03-10;1912;372;0;34739;17463;0;5.8;2.9;0.0
27;2021-03-11;1942;269;0;36681;17732;0;6.1;3.0;0.0
27;2021-03-12;2727;258;0;39408;17990;0;6.6;3.0;0.0
27;2021-03-13;1754;111;0;41162;18101;0;6.9;3.0;0.0
27;2021-03-14;544;17;0;41706;18118;0;6.9;3.0;0.0
27;2021-03-15;1418;216;0;43124;18334;0;7.2;3.1;0.0
27;2021-03-16;1311;245;0;44435;18579;0;7.4;3.1;0.0
27;2021-03-17;1505;333;0;45940;18912;0;7.6;3.1;0.0
27;2021-03-18;1400;344;0;47340;19256;0;7.9;3.2;0.0
27;2021-03-19;1655;193;0;48995;19449;0;8.2;3.2;0.0
27;2021-03-20;910;50;0;49905;19499;0;8.3;3.2;0.0
27;2021-03-21;296;6;0;50201;19505;0;8.4;3.2;0.0
27;2021-03-22;1290;420;0;51491;19925;0;8.6;3.3;0.0
27;2021-03-23;1769;392;0;53260;20317;0;8.9;3.4;0.0
27;2021-03-24;1678;375;0;54938;20692;0;9.1;3.4;0.0
27;2021-03-25;2230;394;0;57168;21086;0;9.5;3.5;0.0
27;2021-03-26;2800;358;0;59968;21444;0;10.0;3.6;0.0
27;2021-03-27;1644;162;0;61612;21606;0;10.3;3.6;0.0
27;2021-03-28;1047;41;0;62659;21647;0;10.4;3.6;0.0
27;2021-03-29;1675;653;0;64334;22300;0;10.7;3.7;0.0
27;2021-03-30;1743;724;0;66077;23024;0;11.0;3.8;0.0
27;2021-03-31;1830;744;0;67907;23768;0;11.3;4.0;0.0
27;2021-04-01;2416;713;0;70323;24481;0;11.7;4.1;0.0
27;2021-04-02;2277;998;0;72600;25479;0;12.1;4.2;0.0
27;2021-04-03;1570;575;0;74170;26054;0;12.3;4.3;0.0
27;2021-04-04;879;154;0;75049;26208;0;12.5;4.4;0.0
27;2021-04-05;426;35;0;75475;26243;0;12.6;4.4;0.0
27;2021-04-06;1668;1436;0;77143;27679;0;12.8;4.6;0.0
27;2021-04-07;1669;1459;0;78812;29138;0;13.1;4.9;0.0
27;2021-04-08;2134;1438;0;80946;30576;0;13.5;5.1;0.0
27;2021-04-09;3317;1353;0;84263;31929;0;14.0;5.3;0.0
27;2021-04-10;2244;830;0;86507;32759;0;14.4;5.5;0.0
27;2021-04-11;918;216;0;87425;32975;0;14.6;5.5;0.0
27;2021-04-12;2640;1318;0;90065;34293;0;15.0;5.7;0.0
27;2021-04-13;2655;1404;0;92720;35697;0;15.4;5.9;0.0
27;2021-04-14;2277;1338;0;94997;37035;0;15.8;6.2;0.0
27;2021-04-15;2155;1459;0;97152;38494;0;16.2;6.4;0.0
27;2021-04-16;3063;1098;0;100215;39592;0;16.7;6.6;0.0
27;2021-04-17;2192;471;0;102407;40063;0;17.0;6.7;0.0
27;2021-04-18;408;27;0;102815;40090;0;17.1;6.7;0.0
27;2021-04-19;1823;1256;0;104638;41346;0;17.4;6.9;0.0
27;2021-04-20;2425;1367;0;107063;42713;0;17.8;7.1;0.0
27;2021-04-21;2246;1265;0;109309;43978;0;18.2;7.3;0.0
27;2021-04-22;2298;1544;0;111607;45522;0;18.6;7.6;0.0
27;2021-04-23;2638;1378;0;114245;46900;0;19.0;7.8;0.0
27;2021-04-24;3191;1206;0;117436;48106;0;19.6;8.0;0.0
27;2021-04-25;920;942;0;118356;49048;0;19.7;8.2;0.0
27;2021-04-26;1991;1347;0;120347;50395;0;20.0;8.4;0.0
27;2021-04-27;2542;1404;0;122889;51799;0;20.5;8.6;0.0
27;2021-04-28;2488;1579;0;125377;53378;0;20.9;8.9;0.0
27;2021-04-29;2559;1739;0;127936;55117;0;21.3;9.2;0.0
27;2021-04-30;2628;1828;0;130564;56945;0;21.7;9.5;0.0
27;2021-05-01;2653;884;0;133217;57829;0;22.2;9.6;0.0
27;2021-05-02;1434;788;0;134651;58617;0;22.4;9.8;0.0
27;2021-05-03;2932;1203;0;137583;59820;0;22.9;10.0;0.0
27;2021-05-04;2777;1951;0;140360;61771;0;23.4;10.3;0.0
27;2021-05-05;2882;1961;0;143242;63732;0;23.8;10.6;0.0
27;2021-05-06;3167;1630;0;146409;65362;0;24.4;10.9;0.0
27;2021-05-07;3246;2343;0;149655;67705;0;24.9;11.3;0.0
27;2021-05-08;2755;1382;0;152410;69087;0;25.4;11.5;0.0
27;2021-05-09;1295;318;0;153705;69405;0;25.6;11.6;0.0
27;2021-05-10;2863;2486;0;156568;71891;0;26.1;12.0;0.0
27;2021-05-11;3237;2132;0;159805;74023;0;26.6;12.3;0.0
27;2021-05-12;3377;1885;0;163182;75908;0;27.2;12.6;0.0
27;2021-05-13;2391;361;0;165573;76269;0;27.6;12.7;0.0
27;2021-05-14;3798;1904;0;169371;78173;0;28.2;13.0;0.0
27;2021-05-15;5706;919;0;175077;79092;0;29.1;13.2;0.0
27;2021-05-16;2990;346;0;178067;79438;0;29.6;13.2;0.0
27;2021-05-17;2866;1322;0;180933;80760;0;30.1;13.4;0.0
27;2021-05-18;3720;1424;0;184653;82184;0;30.7;13.7;0.0
27;2021-05-19;3936;1257;0;188589;83441;0;31.4;13.9;0.0
27;2021-05-20;3962;1275;0;192551;84716;0;32.1;14.1;0.0
27;2021-05-21;3880;1837;0;196431;86553;0;32.7;14.4;0.0
27;2021-05-22;4143;844;0;200574;87397;0;33.4;14.5;0.0
27;2021-05-23;1073;173;0;201647;87570;0;33.6;14.6;0.0
27;2021-05-24;1825;411;0;203472;87981;0;33.9;14.6;0.0
27;2021-05-25;3307;1694;0;206779;89675;0;34.4;14.9;0.0
27;2021-05-26;3622;1810;0;210401;91485;0;35.0;15.2;0.0
27;2021-05-27;3604;1620;0;214005;93105;0;35.6;15.5;0.0
27;2021-05-28;3524;2728;0;217529;95833;0;36.2;16.0;0.0
27;2021-05-29;4190;2167;0;221719;98000;0;36.9;16.3;0.0
27;2021-05-30;984;248;0;222703;98248;0;37.1;16.4;0.0
27;2021-05-31;3300;2371;0;226003;100619;0;37.6;16.8;0.0
27;2021-06-01;3921;2307;0;229924;102926;0;38.3;17.1;0.0
27;2021-06-02;3516;2157;0;233440;105083;0;38.9;17.5;0.0
27;2021-06-03;4433;2147;0;237873;107230;0;39.6;17.9;0.0
27;2021-06-04;3777;3054;0;241650;110284;0;40.2;18.4;0.0
27;2021-06-05;3082;3154;0;244732;113438;0;40.7;18.9;0.0
27;2021-06-06;1542;760;0;246274;114198;0;41.0;19.0;0.0
27;2021-06-07;2954;2337;0;249228;116535;0;41.5;19.4;0.0
27;2021-06-08;3539;2464;0;252767;118999;0;42.1;19.8;0.0
27;2021-06-09;2627;2490;0;255394;121489;0;42.5;20.2;0.0
27;2021-06-10;2915;2153;0;258309;123642;0;43.0;20.6;0.0
27;2021-06-11;3462;3790;0;261771;127432;0;43.6;21.2;0.0
27;2021-06-12;2374;3964;0;264145;131396;0;44.0;21.9;0.0
27;2021-06-13;1088;2119;0;265233;133515;0;44.2;22.2;0.0
27;2021-06-14;2248;3177;0;267481;136692;0;44.5;22.8;0.0
27;2021-06-15;2932;3242;0;270413;139934;0;45.0;23.3;0.0
27;2021-06-16;2820;3365;0;273233;143299;0;45.5;23.9;0.0
27;2021-06-17;2672;3327;0;275905;146626;0;45.9;24.4;0.0
27;2021-06-18;3149;4424;0;279054;151050;0;46.5;25.1;0.0
27;2021-06-19;2222;3000;0;281276;154050;0;46.8;25.6;0.0
27;2021-06-20;668;710;0;281944;154760;0;46.9;25.8;0.0
27;2021-06-21;1921;3570;0;283865;158330;0;47.3;26.4;0.0
27;2021-06-22;2562;3883;0;286427;162213;0;47.7;27.0;0.0
27;2021-06-23;2110;3695;0;288537;165908;0;48.0;27.6;0.0
27;2021-06-24;2381;3461;0;290918;169369;0;48.4;28.2;0.0
27;2021-06-25;2104;4514;0;293022;173883;0;48.8;28.9;0.0
27;2021-06-26;1136;4922;0;294158;178805;0;49.0;29.8;0.0
27;2021-06-27;419;1550;0;294577;180355;0;49.0;30.0;0.0
27;2021-06-28;1433;3810;0;296010;184165;0;49.3;30.7;0.0
27;2021-06-29;1807;4542;0;297817;188707;0;49.6;31.4;0.0
27;2021-06-30;2205;4337;0;300022;193044;0;49.9;32.1;0.0
27;2021-07-01;2433;4039;0;302455;197083;0;50.4;32.8;0.0
27;2021-07-02;1767;5046;0;304222;202129;0;50.6;33.6;0.0
27;2021-07-03;1372;4619;0;305594;206748;0;50.9;34.4;0.0
27;2021-07-04;500;1543;0;306094;208291;0;51.0;34.7;0.0
27;2021-07-05;1719;3896;0;307813;212187;0;51.2;35.3;0.0
27;2021-07-06;1636;4238;0;309449;216425;0;51.5;36.0;0.0
27;2021-07-07;2010;4880;0;311459;221305;0;51.9;36.8;0.0
27;2021-07-08;2309;4402;0;313768;225707;0;52.2;37.6;0.0
27;2021-07-09;2262;5392;0;316030;231099;0;52.6;38.5;0.0
27;2021-07-10;1282;4244;0;317312;235343;0;52.8;39.2;0.0
27;2021-07-11;409;1034;0;317721;236377;0;52.9;39.4;0.0
27;2021-07-12;1385;4484;0;319106;240861;0;53.1;40.1;0.0
27;2021-07-13;2865;5561;0;321971;246422;0;53.6;41.0;0.0
27;2021-07-14;1880;2175;0;323851;248597;0;53.9;41.4;0.0
27;2021-07-15;3389;5619;0;327240;254216;0;54.5;42.3;0.0
27;2021-07-16;4011;5490;0;331251;259706;0;55.1;43.2;0.0
27;2021-07-17;3026;4008;0;334277;263714;0;55.6;43.9;0.0
27;2021-07-18;620;1167;0;334897;264881;0;55.8;44.1;0.0
27;2021-07-19;3403;4479;0;338300;269360;0;56.3;44.8;0.0
27;2021-07-20;3464;4333;0;341764;273693;0;56.9;45.6;0.0
27;2021-07-21;4056;4434;0;345820;278127;0;57.6;46.3;0.0
27;2021-07-22;4742;4326;0;350562;282453;0;58.4;47.0;0.0
27;2021-07-23;3964;4192;0;354526;286645;0;59.0;47.7;0.0
27;2021-07-24;3374;2761;0;357900;289406;0;59.6;48.2;0.0
27;2021-07-25;556;608;0;358456;290014;0;59.7;48.3;0.0
27;2021-07-26;3319;3834;0;361775;293848;0;60.2;48.9;0.0
27;2021-07-27;3908;3664;0;365683;297512;0;60.9;49.5;0.0
27;2021-07-28;3861;3670;0;369544;301182;0;61.5;50.1;0.0
27;2021-07-29;4855;3728;0;374399;304910;0;62.3;50.8;0.0
27;2021-07-30;4212;3696;0;378611;308606;0;63.0;51.4;0.0
27;2021-07-31;3212;2842;0;381823;311448;0;63.6;51.8;0.0
27;2021-08-01;572;581;0;382395;312029;0;63.7;51.9;0.0
27;2021-08-02;3500;2896;0;385895;314925;0;64.2;52.4;0.0
27;2021-08-03;3686;3048;0;389581;317973;0;64.9;52.9;0.0
27;2021-08-04;3467;2681;0;393048;320654;0;65.4;53.4;0.0
27;2021-08-05;3141;2800;0;396189;323454;0;66.0;53.8;0.0
27;2021-08-06;3594;3535;0;399783;326989;0;66.6;54.4;0.0
27;2021-08-07;2258;2648;0;402041;329637;0;66.9;54.9;0.0
27;2021-08-08;376;332;0;402417;329969;0;67.0;54.9;0.0
27;2021-08-09;2629;3312;0;405046;333281;0;67.4;55.5;0.0
27;2021-08-10;3022;3461;0;408068;336742;0;67.9;56.1;0.0
27;2021-08-11;2841;3028;0;410909;339770;0;68.4;56.6;0.0
27;2021-08-12;2560;3698;0;413469;343468;0;68.8;57.2;0.0
27;2021-08-13;2022;2945;0;415491;346413;0;69.2;57.7;0.0
27;2021-08-14;1336;2852;0;416827;349265;0;69.4;58.1;0.0
27;2021-08-15;114;134;0;416941;349399;0;69.4;58.2;0.0
27;2021-08-16;1867;3994;0;418808;353393;0;69.7;58.8;0.0
27;2021-08-17;2023;3596;0;420831;356989;0;70.1;59.4;0.0
27;2021-08-18;1745;3294;0;422576;360283;0;70.3;60.0;0.0
27;2021-08-19;1840;3671;0;424416;363954;0;70.7;60.6;0.0
27;2021-08-20;1699;3788;0;426115;367742;0;70.9;61.2;0.0
27;2021-08-21;1078;2792;0;427193;370534;0;71.1;61.7;0.0
27;2021-08-22;201;323;0;427394;370857;0;71.2;61.7;0.0
27;2021-08-23;1226;3961;0;428620;374818;0;71.4;62.4;0.0
27;2021-08-24;1470;3991;0;430090;378809;0;71.6;63.1;0.0
27;2021-08-25;1598;3496;0;431688;382305;0;71.9;63.6;0.0
27;2021-08-26;1185;3079;0;432873;385384;0;72.1;64.2;0.0
27;2021-08-27;1302;3632;0;434175;389016;0;72.3;64.8;0.0
27;2021-08-28;969;2993;0;435144;392009;0;72.4;65.3;0.0
27;2021-08-29;114;316;0;435258;392325;0;72.5;65.3;0.0
27;2021-08-30;1008;3658;39;436266;395983;39;72.6;65.9;0.0
27;2021-08-31;1256;3536;113;437522;399519;152;72.8;66.5;0.0
27;2021-09-01;1152;3190;237;438674;402709;389;73.0;67.0;0.1
27;2021-09-02;929;2428;265;439603;405137;654;73.2;67.4;0.1
27;2021-09-03;924;2507;286;440527;407644;940;73.3;67.9;0.2
27;2021-09-04;793;2093;136;441320;409737;1076;73.5;68.2;0.2
27;2021-09-05;85;260;11;441405;409997;1087;73.5;68.3;0.2
27;2021-09-06;617;1719;351;442022;411716;1438;73.6;68.5;0.2
27;2021-09-07;714;2115;267;442736;413831;1705;73.7;68.9;0.3
27;2021-09-08;789;2330;288;443525;416161;1993;73.8;69.3;0.3
27;2021-09-09;664;1718;267;444189;417879;2260;73.9;69.6;0.4
27;2021-09-10;904;2049;434;445093;419928;2694;74.1;69.9;0.4
27;2021-09-11;619;1870;130;445712;421798;2824;74.2;70.2;0.5
27;2021-09-12;67;209;14;445779;422007;2838;74.2;70.3;0.5
27;2021-09-13;440;1134;405;446219;423141;3243;74.3;70.4;0.5
27;2021-09-14;616;1151;427;446835;424292;3670;74.4;70.6;0.6
27;2021-09-15;601;1715;378;447436;426007;4048;74.5;70.9;0.7
27;2021-09-16;596;1149;377;448032;427156;4425;74.6;71.1;0.7
27;2021-09-17;773;1401;399;448805;428557;4824;74.7;71.3;0.8
27;2021-09-18;362;1283;153;449167;429840;4977;74.8;71.6;0.8
27;2021-09-19;59;193;26;449226;430033;5003;74.8;71.6;0.8
27;2021-09-20;305;912;496;449531;430945;5499;74.8;71.7;0.9
27;2021-09-21;412;966;474;449943;431911;5973;74.9;71.9;1.0
27;2021-09-22;326;1148;445;450269;433059;6418;75.0;72.1;1.1
27;2021-09-23;387;795;723;450656;433854;7141;75.0;72.2;1.2
27;2021-09-24;623;1264;517;451279;435118;7658;75.1;72.4;1.3
27;2021-09-25;277;1101;186;451556;436219;7844;75.2;72.6;1.3
27;2021-09-26;18;33;21;451574;436252;7865;75.2;72.6;1.3
27;2021-09-27;216;589;417;451790;436841;8282;75.2;72.7;1.4
27;2021-09-28;314;772;579;452104;437613;8861;75.3;72.9;1.5
27;2021-09-29;266;791;397;452370;438404;9258;75.3;73.0;1.5
27;2021-09-30;172;550;329;452542;438954;9587;75.3;73.1;1.6
27;2021-10-01;449;994;595;452991;439948;10182;75.4;73.2;1.7
27;2021-10-02;362;828;313;453353;440776;10495;75.5;73.4;1.7
27;2021-10-03;14;28;28;453367;440804;10523;75.5;73.4;1.8
27;2021-10-04;240;431;472;453607;441235;10995;75.5;73.5;1.8
27;2021-10-05;317;513;597;453924;441748;11592;75.6;73.5;1.9
27;2021-10-06;307;678;598;454231;442426;12190;75.6;73.7;2.0
27;2021-10-07;161;321;473;454392;442747;12663;75.6;73.7;2.1
27;2021-10-08;367;826;928;454759;443573;13591;75.7;73.8;2.3
27;2021-10-09;282;559;314;455041;444132;13905;75.8;73.9;2.3
27;2021-10-10;18;49;21;455059;444181;13926;75.8;73.9;2.3
27;2021-10-11;225;429;413;455284;444610;14339;75.8;74.0;2.4
27;2021-10-12;270;442;925;455554;445052;15264;75.8;74.1;2.5
27;2021-10-13;305;463;659;455859;445515;15923;75.9;74.2;2.7
27;2021-10-14;158;399;615;456017;445914;16538;75.9;74.2;2.8
27;2021-10-15;392;810;976;456409;446724;17514;76.0;74.4;2.9
27;2021-10-16;323;455;544;456732;447179;18058;76.0;74.4;3.0
27;2021-10-17;27;36;43;456759;447215;18101;76.0;74.5;3.0
27;2021-10-18;210;293;555;456969;447508;18656;76.1;74.5;3.1
27;2021-10-19;220;373;882;457189;447881;19538;76.1;74.6;3.3
27;2021-10-20;255;373;781;457444;448254;20319;76.2;74.6;3.4
27;2021-10-21;165;391;939;457609;448645;21258;76.2;74.7;3.5
27;2021-10-22;278;503;1194;457887;449148;22452;76.2;74.8;3.7
27;2021-10-23;211;436;481;458098;449584;22933;76.3;74.8;3.8
27;2021-10-24;7;12;35;458105;449596;22968;76.3;74.8;3.8
27;2021-10-25;167;215;645;458272;449811;23613;76.3;74.9;3.9
27;2021-10-26;173;252;850;458445;450063;24463;76.3;74.9;4.1
27;2021-10-27;189;320;822;458634;450383;25285;76.4;75.0;4.2
27;2021-10-28;139;176;745;458773;450559;26030;76.4;75.0;4.3
27;2021-10-29;257;440;1256;459030;450999;27286;76.4;75.1;4.5
27;2021-10-30;155;231;438;459185;451230;27724;76.4;75.1;4.6
27;2021-10-31;6;13;13;459191;451243;27737;76.4;75.1;4.6
27;2021-11-01;17;13;22;459208;451256;27759;76.4;75.1;4.6
27;2021-11-02;194;289;854;459402;451545;28613;76.5;75.2;4.8
27;2021-11-03;185;362;1078;459587;451907;29691;76.5;75.2;4.9
27;2021-11-04;167;201;752;459754;452108;30443;76.5;75.3;5.1
27;2021-11-05;253;346;1475;460007;452454;31918;76.6;75.3;5.3
27;2021-11-06;201;358;695;460208;452812;32613;76.6;75.4;5.4
27;2021-11-07;22;30;83;460230;452842;32696;76.6;75.4;5.4
27;2021-11-08;126;207;1044;460356;453049;33740;76.6;75.4;5.6
27;2021-11-09;181;284;1432;460537;453333;35172;76.7;75.5;5.9
27;2021-11-10;241;324;1718;460778;453657;36890;76.7;75.5;6.1
27;2021-11-11;10;12;35;460788;453669;36925;76.7;75.5;6.1
27;2021-11-12;219;289;1624;461007;453958;38549;76.7;75.6;6.4
27;2021-11-13;198;260;893;461205;454218;39442;76.8;75.6;6.6
27;2021-11-14;11;19;51;461216;454237;39493;76.8;75.6;6.6
27;2021-11-15;128;179;1328;461344;454416;40821;76.8;75.6;6.8
27;2021-11-16;181;230;2412;461525;454646;43233;76.8;75.7;7.2
27;2021-11-17;229;247;1899;461754;454893;45132;76.9;75.7;7.5
27;2021-11-18;148;134;1363;461902;455027;46495;76.9;75.8;7.7
27;2021-11-19;230;272;2213;462132;455299;48708;76.9;75.8;8.1
27;2021-11-20;234;268;914;462366;455567;49622;77.0;75.8;8.3
27;2021-11-21;3;7;69;462369;455574;49691;77.0;75.8;8.3
27;2021-11-22;187;107;1643;462556;455681;51334;77.0;75.9;8.5
27;2021-11-23;229;194;2493;462785;455875;53827;77.0;75.9;9.0
27;2021-11-24;256;273;2234;463041;456148;56061;77.1;75.9;9.3
27;2021-11-25;124;123;1748;463165;456271;57809;77.1;76.0;9.6
27;2021-11-26;232;298;3274;463397;456569;61083;77.1;76.0;10.2
27;2021-11-27;197;261;1712;463594;456830;62795;77.2;76.1;10.5
27;2021-11-28;9;16;148;463603;456846;62943;77.2;76.1;10.5
27;2021-11-29;141;137;2917;463744;456983;65860;77.2;76.1;11.0
27;2021-11-30;183;192;5099;463927;457175;70959;77.2;76.1;11.8
27;2021-12-01;185;221;4631;464112;457396;75590;77.3;76.1;12.6
27;2021-12-02;161;97;4417;464273;457493;80007;77.3;76.2;13.3
27;2021-12-03;166;247;5765;464439;457740;85772;77.3;76.2;14.3
27;2021-12-04;202;280;4451;464641;458020;90223;77.4;76.2;15.0
27;2021-12-05;31;36;1177;464672;458056;91400;77.4;76.3;15.2
27;2021-12-06;111;171;4830;464783;458227;96230;77.4;76.3;16.0
27;2021-12-07;147;195;6915;464930;458422;103145;77.4;76.3;17.2
27;2021-12-08;162;235;5655;465092;458657;108800;77.4;76.4;18.1
27;2021-12-09;151;150;6973;465243;458807;115773;77.5;76.4;19.3
28;2020-12-27;0;0;0;0;0;0;0.0;0.0;0.0
28;2020-12-28;0;0;0;0;0;0;0.0;0.0;0.0
28;2020-12-29;0;0;0;0;0;0;0.0;0.0;0.0
28;2020-12-30;1;0;0;1;0;0;0.0;0.0;0.0
28;2020-12-31;0;0;0;1;0;0;0.0;0.0;0.0
28;2021-01-01;1;0;0;2;0;0;0.0;0.0;0.0
28;2021-01-02;0;0;0;2;0;0;0.0;0.0;0.0
28;2021-01-03;0;0;0;2;0;0;0.0;0.0;0.0
28;2021-01-04;2;0;0;4;0;0;0.0;0.0;0.0
28;2021-01-05;14;0;0;18;0;0;0.0;0.0;0.0
28;2021-01-06;84;0;0;102;0;0;0.0;0.0;0.0
28;2021-01-07;116;0;0;218;0;0;0.1;0.0;0.0
28;2021-01-08;157;2;0;375;2;0;0.1;0.0;0.0
28;2021-01-09;78;0;0;453;2;0;0.1;0.0;0.0
28;2021-01-10;7;0;0;460;2;0;0.1;0.0;0.0
28;2021-01-11;196;1;0;656;3;0;0.2;0.0;0.0
28;2021-01-12;287;2;0;943;5;0;0.2;0.0;0.0
28;2021-01-13;391;3;0;1334;8;0;0.3;0.0;0.0
28;2021-01-14;449;6;0;1783;14;0;0.4;0.0;0.0
28;2021-01-15;403;4;0;2186;18;0;0.5;0.0;0.0
28;2021-01-16;191;2;0;2377;20;0;0.6;0.0;0.0
28;2021-01-17;34;0;0;2411;20;0;0.6;0.0;0.0
28;2021-01-18;416;2;0;2827;22;0;0.7;0.0;0.0
28;2021-01-19;504;3;0;3331;25;0;0.8;0.0;0.0
28;2021-01-20;644;3;0;3975;28;0;0.9;0.0;0.0
28;2021-01-21;826;3;0;4801;31;0;1.1;0.0;0.0
28;2021-01-22;517;2;0;5318;33;0;1.2;0.0;0.0
28;2021-01-23;307;0;0;5625;33;0;1.3;0.0;0.0
28;2021-01-24;11;0;0;5636;33;0;1.3;0.0;0.0
28;2021-01-25;454;5;0;6090;38;0;1.4;0.0;0.0
28;2021-01-26;685;10;0;6775;48;0;1.6;0.0;0.0
28;2021-01-27;1124;53;0;7899;101;0;1.8;0.0;0.0
28;2021-01-28;1460;97;0;9359;198;0;2.2;0.0;0.0
28;2021-01-29;841;101;0;10200;299;0;2.4;0.1;0.0
28;2021-01-30;225;54;0;10425;353;0;2.4;0.1;0.0
28;2021-01-31;1;21;0;10426;374;0;2.4;0.1;0.0
28;2021-02-01;338;97;0;10764;471;0;2.5;0.1;0.0
28;2021-02-02;378;203;0;11142;674;0;2.6;0.2;0.0
28;2021-02-03;466;246;0;11608;920;0;2.7;0.2;0.0
28;2021-02-04;475;252;0;12083;1172;0;2.8;0.3;0.0
28;2021-02-05;405;227;0;12488;1399;0;2.9;0.3;0.0
28;2021-02-06;197;118;0;12685;1517;0;3.0;0.4;0.0
28;2021-02-07;4;4;0;12689;1521;0;3.0;0.4;0.0
28;2021-02-08;314;236;0;13003;1757;0;3.0;0.4;0.0
28;2021-02-09;305;349;0;13308;2106;0;3.1;0.5;0.0
28;2021-02-10;462;424;0;13770;2530;0;3.2;0.6;0.0
28;2021-02-11;575;535;0;14345;3065;0;3.3;0.7;0.0
28;2021-02-12;464;414;0;14809;3479;0;3.4;0.8;0.0
28;2021-02-13;146;192;0;14955;3671;0;3.5;0.9;0.0
28;2021-02-14;0;11;0;14955;3682;0;3.5;0.9;0.0
28;2021-02-15;301;475;0;15256;4157;0;3.6;1.0;0.0
28;2021-02-16;379;704;0;15635;4861;0;3.6;1.1;0.0
28;2021-02-17;566;1078;0;16201;5939;0;3.8;1.4;0.0
28;2021-02-18;694;1394;0;16895;7333;0;3.9;1.7;0.0
28;2021-02-19;576;772;0;17471;8105;0;4.1;1.9;0.0
28;2021-02-20;113;152;0;17584;8257;0;4.1;1.9;0.0
28;2021-02-21;6;35;0;17590;8292;0;4.1;1.9;0.0
28;2021-02-22;248;492;0;17838;8784;0;4.2;2.0;0.0
28;2021-02-23;219;430;0;18057;9214;0;4.2;2.1;0.0
28;2021-02-24;279;462;0;18336;9676;0;4.3;2.3;0.0
28;2021-02-25;567;440;0;18903;10116;0;4.4;2.4;0.0
28;2021-02-26;754;378;0;19657;10494;0;4.6;2.4;0.0
28;2021-02-27;276;76;0;19933;10570;0;4.6;2.5;0.0
28;2021-02-28;22;22;0;19955;10592;0;4.6;2.5;0.0
28;2021-03-01;307;247;0;20262;10839;0;4.7;2.5;0.0
28;2021-03-02;421;300;0;20683;11139;0;4.8;2.6;0.0
28;2021-03-03;439;398;0;21122;11537;0;4.9;2.7;0.0
28;2021-03-04;720;425;0;21842;11962;0;5.1;2.8;0.0
28;2021-03-05;1376;388;0;23218;12350;0;5.4;2.9;0.0
28;2021-03-06;2025;104;0;25243;12454;0;5.9;2.9;0.0
28;2021-03-07;981;44;0;26224;12498;0;6.1;2.9;0.0
28;2021-03-08;447;296;0;26671;12794;0;6.2;3.0;0.0
28;2021-03-09;1030;330;0;27701;13124;0;6.5;3.1;0.0
28;2021-03-10;1386;541;0;29087;13665;0;6.8;3.2;0.0
28;2021-03-11;1558;669;0;30645;14334;0;7.1;3.3;0.0
28;2021-03-12;2314;588;0;32959;14922;0;7.7;3.5;0.0
28;2021-03-13;1123;82;0;34082;15004;0;7.9;3.5;0.0
28;2021-03-14;505;23;0;34587;15027;0;8.1;3.5;0.0
28;2021-03-15;827;244;0;35414;15271;0;8.2;3.6;0.0
28;2021-03-16;778;229;0;36192;15500;0;8.4;3.6;0.0
28;2021-03-17;801;300;0;36993;15800;0;8.6;3.7;0.0
28;2021-03-18;1222;276;0;38215;16076;0;8.9;3.7;0.0
28;2021-03-19;1587;317;0;39802;16393;0;9.3;3.8;0.0
28;2021-03-20;684;29;0;40486;16422;0;9.4;3.8;0.0
28;2021-03-21;18;9;0;40504;16431;0;9.4;3.8;0.0
28;2021-03-22;864;333;0;41368;16764;0;9.6;3.9;0.0
28;2021-03-23;1134;205;0;42502;16969;0;9.9;4.0;0.0
28;2021-03-24;1373;266;0;43875;17235;0;10.2;4.0;0.0
28;2021-03-25;1810;293;0;45685;17528;0;10.6;4.1;0.0
28;2021-03-26;2196;344;0;47881;17872;0;11.2;4.2;0.0
28;2021-03-27;499;50;0;48380;17922;0;11.3;4.2;0.0
28;2021-03-28;40;3;0;48420;17925;0;11.3;4.2;0.0
28;2021-03-29;1175;385;0;49595;18310;0;11.5;4.3;0.0
28;2021-03-30;1793;279;0;51388;18589;0;12.0;4.3;0.0
28;2021-03-31;2019;476;0;53407;19065;0;12.4;4.4;0.0
28;2021-04-01;1919;628;0;55326;19693;0;12.9;4.6;0.0
28;2021-04-02;1672;1329;0;56998;21022;0;13.3;4.9;0.0
28;2021-04-03;636;1072;0;57634;22094;0;13.4;5.1;0.0
28;2021-04-04;58;307;0;57692;22401;0;13.4;5.2;0.0
28;2021-04-05;61;4;0;57753;22405;0;13.4;5.2;0.0
28;2021-04-06;1242;555;0;58995;22960;0;13.7;5.3;0.0
28;2021-04-07;1850;1051;0;60845;24011;0;14.2;5.6;0.0
28;2021-04-08;2111;1114;0;62956;25125;0;14.7;5.9;0.0
28;2021-04-09;3270;940;0;66226;26065;0;15.4;6.1;0.0
28;2021-04-10;1655;197;0;67881;26262;0;15.8;6.1;0.0
28;2021-04-11;157;441;0;68038;26703;0;15.8;6.2;0.0
28;2021-04-12;1691;635;0;69729;27338;0;16.2;6.4;0.0
28;2021-04-13;1995;732;0;71724;28070;0;16.7;6.5;0.0
28;2021-04-14;2858;963;0;74582;29033;0;17.4;6.8;0.0
28;2021-04-15;2563;1213;0;77145;30246;0;18.0;7.0;0.0
28;2021-04-16;2524;886;0;79669;31132;0;18.6;7.2;0.0
28;2021-04-17;2231;186;0;81900;31318;0;19.1;7.3;0.0
28;2021-04-18;48;9;0;81948;31327;0;19.1;7.3;0.0
28;2021-04-19;1557;713;0;83505;32040;0;19.4;7.5;0.0
28;2021-04-20;1823;728;0;85328;32768;0;19.9;7.6;0.0
28;2021-04-21;2601;972;0;87929;33740;0;20.5;7.9;0.0
28;2021-04-22;1836;1240;0;89765;34980;0;20.9;8.1;0.0
28;2021-04-23;2337;1146;0;92102;36126;0;21.4;8.4;0.0
28;2021-04-24;3451;208;0;95553;36334;0;22.3;8.5;0.0
28;2021-04-25;901;70;0;96454;36404;0;22.5;8.5;0.0
28;2021-04-26;1345;945;0;97799;37349;0;22.8;8.7;0.0
28;2021-04-27;1518;1385;0;99317;38734;0;23.1;9.0;0.0
28;2021-04-28;2446;1794;0;101763;40528;0;23.7;9.4;0.0
28;2021-04-29;2260;1499;0;104023;42027;0;24.2;9.8;0.0
28;2021-04-30;3069;1257;0;107092;43284;0;24.9;10.1;0.0
28;2021-05-01;251;141;0;107343;43425;0;25.0;10.1;0.0
28;2021-05-02;188;103;0;107531;43528;0;25.0;10.1;0.0
28;2021-05-03;1319;1076;0;108850;44604;0;25.3;10.4;0.0
28;2021-05-04;1592;1690;0;110442;46294;0;25.7;10.8;0.0
28;2021-05-05;3030;1664;0;113472;47958;0;26.4;11.2;0.0
28;2021-05-06;2617;1481;0;116089;49439;0;27.0;11.5;0.0
28;2021-05-07;2442;1991;0;118531;51430;0;27.6;12.0;0.0
28;2021-05-08;1445;160;0;119976;51590;0;27.9;12.0;0.0
28;2021-05-09;237;625;0;120213;52215;0;28.0;12.2;0.0
28;2021-05-10;1524;1927;0;121737;54142;0;28.3;12.6;0.0
28;2021-05-11;2238;2348;0;123975;56490;0;28.9;13.2;0.0
28;2021-05-12;2724;3186;0;126699;59676;0;29.5;13.9;0.0
28;2021-05-13;696;449;0;127395;60125;0;29.7;14.0;0.0
28;2021-05-14;2157;1573;0;129552;61698;0;30.2;14.4;0.0
28;2021-05-15;1580;1629;0;131132;63327;0;30.5;14.7;0.0
28;2021-05-16;1970;142;0;133102;63469;0;31.0;14.8;0.0
28;2021-05-17;2778;1479;0;135880;64948;0;31.6;15.1;0.0
28;2021-05-18;3186;1343;0;139066;66291;0;32.4;15.4;0.0
28;2021-05-19;4660;1322;0;143726;67613;0;33.5;15.7;0.0
28;2021-05-20;3953;1266;0;147679;68879;0;34.4;16.0;0.0
28;2021-05-21;3320;1594;0;150999;70473;0;35.2;16.4;0.0
28;2021-05-22;878;1145;0;151877;71618;0;35.4;16.7;0.0
28;2021-05-23;1902;137;0;153779;71755;0;35.8;16.7;0.0
28;2021-05-24;1663;391;0;155442;72146;0;36.2;16.8;0.0
28;2021-05-25;2016;1427;0;157458;73573;0;36.7;17.1;0.0
28;2021-05-26;2675;1370;0;160133;74943;0;37.3;17.5;0.0
28;2021-05-27;2908;1269;0;163041;76212;0;38.0;17.7;0.0
28;2021-05-28;3187;1833;0;166228;78045;0;38.7;18.2;0.0
28;2021-05-29;2029;946;0;168257;78991;0;39.2;18.4;0.0
28;2021-05-30;76;60;0;168333;79051;0;39.2;18.4;0.0
28;2021-05-31;2336;1012;0;170669;80063;0;39.7;18.6;0.0
28;2021-06-01;2630;1763;0;173299;81826;0;40.4;19.1;0.0
28;2021-06-02;2438;2466;0;175737;84292;0;40.9;19.6;0.0
28;2021-06-03;2906;1651;0;178643;85943;0;41.6;20.0;0.0
28;2021-06-04;2808;2451;0;181451;88394;0;42.3;20.6;0.0
28;2021-06-05;2002;2495;0;183453;90889;0;42.7;21.2;0.0
28;2021-06-06;1077;947;0;184530;91836;0;43.0;21.4;0.0
28;2021-06-07;3474;1689;0;188004;93525;0;43.8;21.8;0.0
28;2021-06-08;3230;1652;0;191234;95177;0;44.5;22.2;0.0
28;2021-06-09;3724;2249;0;194958;97426;0;45.4;22.7;0.0
28;2021-06-10;3160;1479;0;198118;98905;0;46.1;23.0;0.0
28;2021-06-11;3737;2310;0;201855;101215;0;47.0;23.6;0.0
28;2021-06-12;1300;678;0;203155;101893;0;47.3;23.7;0.0
28;2021-06-13;389;230;0;203544;102123;0;47.4;23.8;0.0
28;2021-06-14;2151;2275;0;205695;104398;0;47.9;24.3;0.0
28;2021-06-15;2077;2468;0;207772;106866;0;48.4;24.9;0.0
28;2021-06-16;2485;4038;0;210257;110904;0;49.0;25.8;0.0
28;2021-06-17;1978;3232;0;212235;114136;0;49.4;26.6;0.0
28;2021-06-18;2461;3835;0;214696;117971;0;50.0;27.5;0.0
28;2021-06-19;819;1881;0;215515;119852;0;50.2;27.9;0.0
28;2021-06-20;60;150;0;215575;120002;0;50.2;27.9;0.0
28;2021-06-21;1684;2227;0;217259;122229;0;50.6;28.5;0.0
28;2021-06-22;1350;2389;0;218609;124618;0;50.9;29.0;0.0
28;2021-06-23;1721;3213;0;220330;127831;0;51.3;29.8;0.0
28;2021-06-24;814;1333;0;221144;129164;0;51.5;30.1;0.0
28;2021-06-25;1870;3254;0;223014;132418;0;51.9;30.8;0.0
28;2021-06-26;403;2134;0;223417;134552;0;52.0;31.3;0.0
28;2021-06-27;498;1194;0;223915;135746;0;52.1;31.6;0.0
28;2021-06-28;1181;3571;0;225096;139317;0;52.4;32.4;0.0
28;2021-06-29;1269;3674;0;226365;142991;0;52.7;33.3;0.0
28;2021-06-30;1421;4000;0;227786;146991;0;53.0;34.2;0.0
28;2021-07-01;1241;3397;0;229027;150388;0;53.3;35.0;0.0
28;2021-07-02;1322;4505;0;230349;154893;0;53.6;36.1;0.0
28;2021-07-03;1106;2441;0;231455;157334;0;53.9;36.6;0.0
28;2021-07-04;184;1267;0;231639;158601;0;53.9;36.9;0.0
28;2021-07-05;1340;2786;0;232979;161387;0;54.3;37.6;0.0
28;2021-07-06;1528;3078;0;234507;164465;0;54.6;38.3;0.0
28;2021-07-07;1556;4025;0;236063;168490;0;55.0;39.2;0.0
28;2021-07-08;1485;3377;0;237548;171867;0;55.3;40.0;0.0
28;2021-07-09;1326;4620;0;238874;176487;0;55.6;41.1;0.0
28;2021-07-10;484;2267;0;239358;178754;0;55.7;41.6;0.0
28;2021-07-11;45;95;0;239403;178849;0;55.7;41.6;0.0
28;2021-07-12;1307;4028;0;240710;182877;0;56.1;42.6;0.0
28;2021-07-13;2004;4284;0;242714;187161;0;56.5;43.6;0.0
28;2021-07-14;1159;1431;0;243873;188592;0;56.8;43.9;0.0
28;2021-07-15;2589;4034;0;246462;192626;0;57.4;44.9;0.0
28;2021-07-16;2288;4816;0;248750;197442;0;57.9;46.0;0.0
28;2021-07-17;1375;2506;0;250125;199948;0;58.2;46.6;0.0
28;2021-07-18;397;955;0;250522;200903;0;58.3;46.8;0.0
28;2021-07-19;1766;4178;0;252288;205081;0;58.8;47.8;0.0
28;2021-07-20;2388;4039;0;254676;209120;0;59.3;48.7;0.0
28;2021-07-21;2749;4325;0;257425;213445;0;59.9;49.7;0.0
28;2021-07-22;3383;3543;0;260808;216988;0;60.7;50.5;0.0
28;2021-07-23;2904;3953;0;263712;220941;0;61.4;51.5;0.0
28;2021-07-24;1790;1424;0;265502;222365;0;61.8;51.8;0.0
28;2021-07-25;146;109;0;265648;222474;0;61.9;51.8;0.0
28;2021-07-26;2745;3201;0;268393;225675;0;62.5;52.6;0.0
28;2021-07-27;3530;2577;0;271923;228252;0;63.3;53.2;0.0
28;2021-07-28;3724;2627;0;275647;230879;0;64.2;53.8;0.0
28;2021-07-29;4026;2117;0;279673;232996;0;65.1;54.3;0.0
28;2021-07-30;3520;2765;0;283193;235761;0;65.9;54.9;0.0
28;2021-07-31;891;811;0;284084;236572;0;66.2;55.1;0.0
28;2021-08-01;410;97;0;284494;236669;0;66.2;55.1;0.0
28;2021-08-02;1715;1449;0;286209;238118;0;66.6;55.5;0.0
28;2021-08-03;2550;2030;0;288759;240148;0;67.2;55.9;0.0
28;2021-08-04;2024;2114;0;290783;242262;0;67.7;56.4;0.0
28;2021-08-05;1806;1773;0;292589;244035;0;68.1;56.8;0.0
28;2021-08-06;1745;2064;0;294334;246099;0;68.5;57.3;0.0
28;2021-08-07;893;1143;0;295227;247242;0;68.7;57.6;0.0
28;2021-08-08;84;97;0;295311;247339;0;68.8;57.6;0.0
28;2021-08-09;1409;1303;0;296720;248642;0;69.1;57.9;0.0
28;2021-08-10;1818;2017;0;298538;250659;0;69.5;58.4;0.0
28;2021-08-11;1408;1821;0;299946;252480;0;69.8;58.8;0.0
28;2021-08-12;1351;2064;0;301297;254544;0;70.2;59.3;0.0
28;2021-08-13;1416;1808;0;302713;256352;0;70.5;59.7;0.0
28;2021-08-14;726;1008;0;303439;257360;0;70.7;59.9;0.0
28;2021-08-15;254;100;0;303693;257460;0;70.7;60.0;0.0
28;2021-08-16;958;2080;0;304651;259540;0;70.9;60.4;0.0
28;2021-08-17;1188;2755;0;305839;262295;0;71.2;61.1;0.0
28;2021-08-18;911;2498;0;306750;264793;0;71.4;61.7;0.0
28;2021-08-19;931;2638;0;307681;267431;0;71.6;62.3;0.0
28;2021-08-20;928;2709;0;308609;270140;0;71.9;62.9;0.0
28;2021-08-21;440;1195;0;309049;271335;0;72.0;63.2;0.0
28;2021-08-22;38;102;0;309087;271437;0;72.0;63.2;0.0
28;2021-08-23;986;2060;0;310073;273497;0;72.2;63.7;0.0
28;2021-08-24;871;2597;0;310944;276094;0;72.4;64.3;0.0
28;2021-08-25;997;2237;0;311941;278331;0;72.6;64.8;0.0
28;2021-08-26;732;1984;0;312673;280315;0;72.8;65.3;0.0
28;2021-08-27;788;2426;0;313461;282741;0;73.0;65.8;0.0
28;2021-08-28;546;1250;0;314007;283991;0;73.1;66.1;0.0
28;2021-08-29;43;81;0;314050;284072;0;73.1;66.2;0.0
28;2021-08-30;928;2031;22;314978;286103;22;73.3;66.6;0.0
28;2021-08-31;744;2205;54;315722;288308;76;73.5;67.1;0.0
28;2021-09-01;754;2287;173;316476;290595;249;73.7;67.7;0.1
28;2021-09-02;581;1986;170;317057;292581;419;73.8;68.1;0.1
28;2021-09-03;722;2322;210;317779;294903;629;74.0;68.7;0.1
28;2021-09-04;611;2313;95;318390;297216;724;74.1;69.2;0.2
28;2021-09-05;178;145;97;318568;297361;821;74.2;69.2;0.2
28;2021-09-06;441;1300;241;319009;298661;1062;74.3;69.5;0.2
28;2021-09-07;385;1376;165;319394;300037;1227;74.4;69.9;0.3
28;2021-09-08;554;1392;180;319948;301429;1407;74.5;70.2;0.3
28;2021-09-09;344;1047;166;320292;302476;1573;74.6;70.4;0.4
28;2021-09-10;606;1380;243;320898;303856;1816;74.7;70.8;0.4
28;2021-09-11;332;1218;74;321230;305074;1890;74.8;71.0;0.4
28;2021-09-12;53;58;29;321283;305132;1919;74.8;71.1;0.4
28;2021-09-13;327;715;308;321610;305847;2227;74.9;71.2;0.5
28;2021-09-14;363;895;341;321973;306742;2568;75.0;71.4;0.6
28;2021-09-15;539;1033;388;322512;307775;2956;75.1;71.7;0.7
28;2021-09-16;277;736;404;322789;308511;3360;75.2;71.8;0.8
28;2021-09-17;319;1042;391;323108;309553;3751;75.2;72.1;0.9
28;2021-09-18;180;359;82;323288;309912;3833;75.3;72.2;0.9
28;2021-09-19;15;29;5;323303;309941;3838;75.3;72.2;0.9
28;2021-09-20;166;486;298;323469;310427;4136;75.3;72.3;1.0
28;2021-09-21;321;874;428;323790;311301;4564;75.4;72.5;1.1
28;2021-09-22;329;977;521;324119;312278;5085;75.5;72.7;1.2
28;2021-09-23;189;498;491;324308;312776;5576;75.5;72.8;1.3
28;2021-09-24;257;967;405;324565;313743;5981;75.6;73.1;1.4
28;2021-09-25;134;423;129;324699;314166;6110;75.6;73.2;1.4
28;2021-09-26;22;49;15;324721;314215;6125;75.6;73.2;1.4
28;2021-09-27;164;679;363;324885;314894;6488;75.7;73.3;1.5
28;2021-09-28;172;466;629;325057;315360;7117;75.7;73.4;1.7
28;2021-09-29;363;733;399;325420;316093;7516;75.8;73.6;1.8
28;2021-09-30;238;452;711;325658;316545;8227;75.8;73.7;1.9
28;2021-10-01;302;697;483;325960;317242;8710;75.9;73.9;2.0
28;2021-10-02;119;222;76;326079;317464;8786;75.9;73.9;2.0
28;2021-10-03;8;22;4;326087;317486;8790;75.9;73.9;2.0
28;2021-10-04;157;255;447;326244;317741;9237;76.0;74.0;2.2
28;2021-10-05;175;394;565;326419;318135;9802;76.0;74.1;2.3
28;2021-10-06;220;626;504;326639;318761;10306;76.1;74.2;2.4
28;2021-10-07;136;294;488;326775;319055;10794;76.1;74.3;2.5
28;2021-10-08;260;516;543;327035;319571;11337;76.2;74.4;2.6
28;2021-10-09;98;204;164;327133;319775;11501;76.2;74.5;2.7
28;2021-10-10;12;26;14;327145;319801;11515;76.2;74.5;2.7
28;2021-10-11;165;226;440;327310;320027;11955;76.2;74.5;2.8
28;2021-10-12;174;322;532;327484;320349;12487;76.3;74.6;2.9
28;2021-10-13;200;406;590;327684;320755;13077;76.3;74.7;3.0
28;2021-10-14;170;263;551;327854;321018;13628;76.3;74.8;3.2
28;2021-10-15;228;374;644;328082;321392;14272;76.4;74.8;3.3
28;2021-10-16;77;160;123;328159;321552;14395;76.4;74.9;3.4
28;2021-10-17;22;22;51;328181;321574;14446;76.4;74.9;3.4
28;2021-10-18;131;142;328;328312;321716;14774;76.5;74.9;3.4
28;2021-10-19;176;261;634;328488;321977;15408;76.5;75.0;3.6
28;2021-10-20;188;413;748;328676;322390;16156;76.5;75.1;3.8
28;2021-10-21;130;173;579;328806;322563;16735;76.6;75.1;3.9
28;2021-10-22;220;302;596;329026;322865;17331;76.6;75.2;4.0
28;2021-10-23;73;126;132;329099;322991;17463;76.6;75.2;4.1
28;2021-10-24;5;13;7;329104;323004;17470;76.6;75.2;4.1
28;2021-10-25;166;204;600;329270;323208;18070;76.7;75.3;4.2
28;2021-10-26;97;181;540;329367;323389;18610;76.7;75.3;4.3
28;2021-10-27;152;227;671;329519;323616;19281;76.7;75.4;4.5
28;2021-10-28;99;158;656;329618;323774;19937;76.8;75.4;4.6
28;2021-10-29;201;270;778;329819;324044;20715;76.8;75.5;4.8
28;2021-10-30;63;79;113;329882;324123;20828;76.8;75.5;4.9
28;2021-10-31;5;8;8;329887;324131;20836;76.8;75.5;4.9
28;2021-11-01;31;33;63;329918;324164;20899;76.8;75.5;4.9
28;2021-11-02;159;216;684;330077;324380;21583;76.9;75.5;5.0
28;2021-11-03;150;221;878;330227;324601;22461;76.9;75.6;5.2
28;2021-11-04;93;174;875;330320;324775;23336;76.9;75.6;5.4
28;2021-11-05;143;229;999;330463;325004;24335;77.0;75.7;5.7
28;2021-11-06;76;114;280;330539;325118;24615;77.0;75.7;5.7
28;2021-11-07;3;27;32;330542;325145;24647;77.0;75.7;5.7
28;2021-11-08;117;174;1231;330659;325319;25878;77.0;75.8;6.0
28;2021-11-09;128;212;1221;330787;325531;27099;77.0;75.8;6.3
28;2021-11-10;159;205;1634;330946;325736;28733;77.1;75.9;6.7
28;2021-11-11;37;55;241;330983;325791;28974;77.1;75.9;6.7
28;2021-11-12;129;174;1184;331112;325965;30158;77.1;75.9;7.0
28;2021-11-13;67;77;377;331179;326042;30535;77.1;75.9;7.1
28;2021-11-14;2;2;8;331181;326044;30543;77.1;75.9;7.1
28;2021-11-15;119;165;1502;331300;326209;32045;77.1;76.0;7.5
28;2021-11-16;132;156;1792;331432;326365;33837;77.2;76.0;7.9
28;2021-11-17;163;200;1727;331595;326565;35564;77.2;76.0;8.3
28;2021-11-18;139;148;1632;331734;326713;37196;77.3;76.1;8.7
28;2021-11-19;198;237;1870;331932;326950;39066;77.3;76.1;9.1
28;2021-11-20;91;118;472;332023;327068;39538;77.3;76.2;9.2
28;2021-11-21;23;9;145;332046;327077;39683;77.3;76.2;9.2
28;2021-11-22;151;108;1755;332197;327185;41438;77.4;76.2;9.6
28;2021-11-23;127;117;1546;332324;327302;42984;77.4;76.2;10.0
28;2021-11-24;169;201;1558;332493;327503;44542;77.4;76.3;10.4
28;2021-11-25;140;142;2287;332633;327645;46829;77.5;76.3;10.9
28;2021-11-26;175;216;2891;332808;327861;49720;77.5;76.3;11.6
28;2021-11-27;66;99;779;332874;327960;50499;77.5;76.4;11.8
28;2021-11-28;3;11;74;332877;327971;50573;77.5;76.4;11.8
28;2021-11-29;127;123;2875;333004;328094;53448;77.5;76.4;12.4
28;2021-11-30;97;143;3626;333101;328237;57074;77.6;76.4;13.3
28;2021-12-01;126;178;3739;333227;328415;60813;77.6;76.5;14.2
28;2021-12-02;106;104;4281;333333;328519;65094;77.6;76.5;15.2
28;2021-12-03;142;181;4992;333475;328700;70086;77.7;76.5;16.3
28;2021-12-04;59;74;1504;333534;328774;71590;77.7;76.6;16.7
28;2021-12-05;20;21;989;333554;328795;72579;77.7;76.6;16.9
28;2021-12-06;100;149;4432;333654;328944;77011;77.7;76.6;17.9
28;2021-12-07;101;137;4723;333755;329081;81734;77.7;76.6;19.0
28;2021-12-08;148;166;4426;333903;329247;86160;77.8;76.7;20.1
28;2021-12-09;93;123;5501;333996;329370;91661;77.8;76.7;21.3
29;2020-12-27;0;0;0;0;0;0;0.0;0.0;0.0
29;2020-12-28;0;0;0;0;0;0;0.0;0.0;0.0
29;2020-12-29;0;0;0;0;0;0;0.0;0.0;0.0
29;2020-12-30;0;0;0;0;0;0;0.0;0.0;0.0
29;2020-12-31;1;0;0;1;0;0;0.0;0.0;0.0
29;2021-01-01;4;0;0;5;0;0;0.0;0.0;0.0
29;2021-01-02;2;0;0;7;0;0;0.0;0.0;0.0
29;2021-01-03;1;0;0;8;0;0;0.0;0.0;0.0
29;2021-01-04;34;0;0;42;0;0;0.0;0.0;0.0
29;2021-01-05;33;0;0;75;0;0;0.0;0.0;0.0
29;2021-01-06;43;0;0;118;0;0;0.0;0.0;0.0
29;2021-01-07;151;0;0;269;0;0;0.0;0.0;0.0
29;2021-01-08;407;1;0;676;1;0;0.1;0.0;0.0
29;2021-01-09;2;0;0;678;1;0;0.1;0.0;0.0
29;2021-01-10;5;0;0;683;1;0;0.1;0.0;0.0
29;2021-01-11;669;0;0;1352;1;0;0.1;0.0;0.0
29;2021-01-12;1125;0;0;2477;1;0;0.3;0.0;0.0
29;2021-01-13;1085;2;0;3562;3;0;0.4;0.0;0.0
29;2021-01-14;933;5;0;4495;8;0;0.5;0.0;0.0
29;2021-01-15;1277;7;0;5772;15;0;0.6;0.0;0.0
29;2021-01-16;173;1;0;5945;16;0;0.7;0.0;0.0
29;2021-01-17;115;1;0;6060;17;0;0.7;0.0;0.0
29;2021-01-18;919;5;0;6979;22;0;0.8;0.0;0.0
29;2021-01-19;1354;5;0;8333;27;0;0.9;0.0;0.0
29;2021-01-20;2364;3;0;10697;30;0;1.2;0.0;0.0
29;2021-01-21;5539;18;0;16236;48;0;1.8;0.0;0.0
29;2021-01-22;3710;8;0;19946;56;0;2.2;0.0;0.0
29;2021-01-23;535;0;0;20481;56;0;2.3;0.0;0.0
29;2021-01-24;191;0;0;20672;56;0;2.3;0.0;0.0
29;2021-01-25;607;7;0;21279;63;0;2.3;0.0;0.0
29;2021-01-26;958;33;0;22237;96;0;2.5;0.0;0.0
29;2021-01-27;1354;52;0;23591;148;0;2.6;0.0;0.0
29;2021-01-28;893;139;0;24484;287;0;2.7;0.0;0.0
29;2021-01-29;831;204;0;25315;491;0;2.8;0.1;0.0
29;2021-01-30;279;4;0;25594;495;0;2.8;0.1;0.0
29;2021-01-31;67;3;0;25661;498;0;2.8;0.1;0.0
29;2021-02-01;435;441;0;26096;939;0;2.9;0.1;0.0
29;2021-02-02;926;806;0;27022;1745;0;3.0;0.2;0.0
29;2021-02-03;833;871;0;27855;2616;0;3.1;0.3;0.0
29;2021-02-04;948;629;0;28803;3245;0;3.2;0.4;0.0
29;2021-02-05;724;596;0;29527;3841;0;3.3;0.4;0.0
29;2021-02-06;267;105;0;29794;3946;0;3.3;0.4;0.0
29;2021-02-07;75;108;0;29869;4054;0;3.3;0.4;0.0
29;2021-02-08;378;462;0;30247;4516;0;3.3;0.5;0.0
29;2021-02-09;885;832;0;31132;5348;0;3.4;0.6;0.0
29;2021-02-10;1155;1032;0;32287;6380;0;3.6;0.7;0.0
29;2021-02-11;1798;4094;0;34085;10474;0;3.8;1.2;0.0
29;2021-02-12;2310;2504;0;36395;12978;0;4.0;1.4;0.0
29;2021-02-13;623;375;0;37018;13353;0;4.1;1.5;0.0
29;2021-02-14;12;226;0;37030;13579;0;4.1;1.5;0.0
29;2021-02-15;288;1028;0;37318;14607;0;4.1;1.6;0.0
29;2021-02-16;915;1038;0;38233;15645;0;4.2;1.7;0.0
29;2021-02-17;866;901;0;39099;16546;0;4.3;1.8;0.0
29;2021-02-18;1536;876;0;40635;17422;0;4.5;1.9;0.0
29;2021-02-19;1385;1040;0;42020;18462;0;4.6;2.0;0.0
29;2021-02-20;208;360;0;42228;18822;0;4.7;2.1;0.0
29;2021-02-21;155;161;0;42383;18983;0;4.7;2.1;0.0
29;2021-02-22;777;580;0;43160;19563;0;4.8;2.2;0.0
29;2021-02-23;1248;904;0;44408;20467;0;4.9;2.3;0.0
29;2021-02-24;1475;895;0;45883;21362;0;5.1;2.4;0.0
29;2021-02-25;2450;947;0;48333;22309;0;5.3;2.5;0.0
29;2021-02-26;2714;765;0;51047;23074;0;5.6;2.5;0.0
29;2021-02-27;1278;275;0;52325;23349;0;5.8;2.6;0.0
29;2021-02-28;191;69;0;52516;23418;0;5.8;2.6;0.0
29;2021-03-01;941;482;0;53457;23900;0;5.9;2.6;0.0
29;2021-03-02;1833;844;0;55290;24744;0;6.1;2.7;0.0
29;2021-03-03;2124;1051;0;57414;25795;0;6.3;2.8;0.0
29;2021-03-04;2841;1600;0;60255;27395;0;6.6;3.0;0.0
29;2021-03-05;3547;1693;0;63802;29088;0;7.0;3.2;0.0
29;2021-03-06;2007;437;0;65809;29525;0;7.3;3.3;0.0
29;2021-03-07;419;80;0;66228;29605;0;7.3;3.3;0.0
29;2021-03-08;1311;594;0;67539;30199;0;7.5;3.3;0.0
29;2021-03-09;2611;978;0;70150;31177;0;7.7;3.4;0.0
29;2021-03-10;2448;902;0;72598;32079;0;8.0;3.5;0.0
29;2021-03-11;4437;1019;0;77035;33098;0;8.5;3.7;0.0
29;2021-03-12;5251;963;0;82286;34061;0;9.1;3.8;0.0
29;2021-03-13;2799;410;0;85085;34471;0;9.4;3.8;0.0
29;2021-03-14;354;4;0;85439;34475;0;9.4;3.8;0.0
29;2021-03-15;2084;278;0;87523;34753;0;9.7;3.8;0.0
29;2021-03-16;1869;781;0;89392;35534;0;9.9;3.9;0.0
29;2021-03-17;1921;733;0;91313;36267;0;10.1;4.0;0.0
29;2021-03-18;1928;1044;0;93241;37311;0;10.3;4.1;0.0
29;2021-03-19;3321;889;0;96562;38200;0;10.7;4.2;0.0
29;2021-03-20;1934;223;0;98496;38423;0;10.9;4.2;0.0
29;2021-03-21;131;12;0;98627;38435;0;10.9;4.2;0.0
29;2021-03-22;1682;608;0;100309;39043;0;11.1;4.3;0.0
29;2021-03-23;3529;1060;0;103838;40103;0;11.5;4.4;0.0
29;2021-03-24;3854;1004;0;107692;41107;0;11.9;4.5;0.0
29;2021-03-25;4888;1069;0;112580;42176;0;12.4;4.7;0.0
29;2021-03-26;5384;1173;0;117964;43349;0;13.0;4.8;0.0
29;2021-03-27;2484;324;0;120448;43673;0;13.3;4.8;0.0
29;2021-03-28;180;47;0;120628;43720;0;13.3;4.8;0.0
29;2021-03-29;2125;835;0;122753;44555;0;13.5;4.9;0.0
29;2021-03-30;4131;1362;0;126884;45917;0;14.0;5.1;0.0
29;2021-03-31;4137;1169;0;131021;47086;0;14.5;5.2;0.0
29;2021-04-01;5214;1166;0;136235;48252;0;15.0;5.3;0.0
29;2021-04-02;4913;1191;0;141148;49443;0;15.6;5.5;0.0
29;2021-04-03;2668;542;0;143816;49985;0;15.9;5.5;0.0
29;2021-04-04;146;31;0;143962;50016;0;15.9;5.5;0.0
29;2021-04-05;927;313;0;144889;50329;0;16.0;5.6;0.0
29;2021-04-06;3351;1273;0;148240;51602;0;16.4;5.7;0.0
29;2021-04-07;3782;996;0;152022;52598;0;16.8;5.8;0.0
29;2021-04-08;5336;2025;0;157358;54623;0;17.4;6.0;0.0
29;2021-04-09;6824;1586;0;164182;56209;0;18.1;6.2;0.0
29;2021-04-10;3553;713;0;167735;56922;0;18.5;6.3;0.0
29;2021-04-11;116;74;0;167851;56996;0;18.5;6.3;0.0
29;2021-04-12;4001;1523;0;171852;58519;0;19.0;6.5;0.0
29;2021-04-13;5987;1809;0;177839;60328;0;19.6;6.7;0.0
29;2021-04-14;4880;1778;0;182719;62106;0;20.2;6.9;0.0
29;2021-04-15;7219;1792;0;189938;63898;0;21.0;7.0;0.0
29;2021-04-16;6689;1394;0;196627;65292;0;21.7;7.2;0.0
29;2021-04-17;3750;1014;0;200377;66306;0;22.1;7.3;0.0
29;2021-04-18;461;42;0;200838;66348;0;22.2;7.3;0.0
29;2021-04-19;3939;1480;0;204777;67828;0;22.6;7.5;0.0
29;2021-04-20;4465;2240;0;209242;70068;0;23.1;7.7;0.0
29;2021-04-21;4444;2292;0;213686;72360;0;23.6;8.0;0.0
29;2021-04-22;6696;2910;0;220382;75270;0;24.3;8.3;0.0
29;2021-04-23;6097;2281;0;226479;77551;0;25.0;8.6;0.0
29;2021-04-24;3953;1424;0;230432;78975;0;25.4;8.7;0.0
29;2021-04-25;424;159;0;230856;79134;0;25.5;8.7;0.0
29;2021-04-26;5335;1955;0;236191;81089;0;26.1;8.9;0.0
29;2021-04-27;5407;3349;0;241598;84438;0;26.7;9.3;0.0
29;2021-04-28;5514;3089;0;247112;87527;0;27.3;9.7;0.0
29;2021-04-29;6626;3528;0;253738;91055;0;28.0;10.0;0.0
29;2021-04-30;6265;4102;0;260003;95157;0;28.7;10.5;0.0
29;2021-05-01;1972;954;0;261975;96111;0;28.9;10.6;0.0
29;2021-05-02;1219;168;0;263194;96279;0;29.0;10.6;0.0
29;2021-05-03;4538;2371;0;267732;98650;0;29.5;10.9;0.0
29;2021-05-04;4184;3885;0;271916;102535;0;30.0;11.3;0.0
29;2021-05-05;4595;3565;0;276511;106100;0;30.5;11.7;0.0
29;2021-05-06;6177;3830;0;282688;109930;0;31.2;12.1;0.0
29;2021-05-07;5970;4690;0;288658;114620;0;31.8;12.6;0.0
29;2021-05-08;2102;557;0;290760;115177;0;32.1;12.7;0.0
29;2021-05-09;1672;146;0;292432;115323;0;32.3;12.7;0.0
29;2021-05-10;4868;3811;0;297300;119134;0;32.8;13.1;0.0
29;2021-05-11;4825;5107;0;302125;124241;0;33.3;13.7;0.0
29;2021-05-12;5175;4482;0;307300;128723;0;33.9;14.2;0.0
29;2021-05-13;3402;1494;0;310702;130217;0;34.3;14.4;0.0
29;2021-05-14;5767;3980;0;316469;134197;0;34.9;14.8;0.0
29;2021-05-15;4127;2271;0;320596;136468;0;35.4;15.1;0.0
29;2021-05-16;1527;281;0;322123;136749;0;35.5;15.1;0.0
29;2021-05-17;5506;3116;0;327629;139865;0;36.1;15.4;0.0
29;2021-05-18;5751;3120;0;333380;142985;0;36.8;15.8;0.0
29;2021-05-19;6098;3025;0;339478;146010;0;37.4;16.1;0.0
29;2021-05-20;7117;4615;0;346595;150625;0;38.2;16.6;0.0
29;2021-05-21;7112;3888;0;353707;154513;0;39.0;17.0;0.0
29;2021-05-22;5336;2081;0;359043;156594;0;39.6;17.3;0.0
29;2021-05-23;1634;68;0;360677;156662;0;39.8;17.3;0.0
29;2021-05-24;3585;542;0;364262;157204;0;40.2;17.3;0.0
29;2021-05-25;5851;3146;0;370113;160350;0;40.8;17.7;0.0
29;2021-05-26;5864;3173;0;375977;163523;0;41.5;18.0;0.0
29;2021-05-27;6749;4101;0;382726;167624;0;42.2;18.5;0.0
29;2021-05-28;6525;4627;0;389251;172251;0;42.9;19.0;0.0
29;2021-05-29;4344;2794;0;393595;175045;0;43.4;19.3;0.0
29;2021-05-30;1106;364;0;394701;175409;0;43.5;19.3;0.0
29;2021-05-31;6219;3609;0;400920;179018;0;44.2;19.7;0.0
29;2021-06-01;6608;4435;0;407528;183453;0;45.0;20.2;0.0
29;2021-06-02;6158;4147;0;413686;187600;0;45.6;20.7;0.0
29;2021-06-03;7590;4484;0;421276;192084;0;46.5;21.2;0.0
29;2021-06-04;6877;6151;0;428153;198235;0;47.2;21.9;0.0
29;2021-06-05;5493;3034;0;433646;201269;0;47.8;22.2;0.0
29;2021-06-06;1266;531;0;434912;201800;0;48.0;22.3;0.0
29;2021-06-07;4744;5539;0;439656;207339;0;48.5;22.9;0.0
29;2021-06-08;7077;5194;0;446733;212533;0;49.3;23.4;0.0
29;2021-06-09;6432;4702;0;453165;217235;0;50.0;24.0;0.0
29;2021-06-10;7723;4961;0;460888;222196;0;50.8;24.5;0.0
29;2021-06-11;8200;5755;0;469088;227951;0;51.7;25.1;0.0
29;2021-06-12;6365;2736;0;475453;230687;0;52.4;25.4;0.0
29;2021-06-13;2222;1329;0;477675;232016;0;52.7;25.6;0.0
29;2021-06-14;3971;6289;0;481646;238305;0;53.1;26.3;0.0
29;2021-06-15;5331;6117;0;486977;244422;0;53.7;27.0;0.0
29;2021-06-16;5425;5613;0;492402;250035;0;54.3;27.6;0.0
29;2021-06-17;6193;6294;0;498595;256329;0;55.0;28.3;0.0
29;2021-06-18;6004;7452;0;504599;263781;0;55.7;29.1;0.0
29;2021-06-19;4538;3481;0;509137;267262;0;56.2;29.5;0.0
29;2021-06-20;850;1426;0;509987;268688;0;56.3;29.6;0.0
29;2021-06-21;3641;6480;0;513628;275168;0;56.7;30.4;0.0
29;2021-06-22;4304;6360;0;517932;281528;0;57.1;31.1;0.0
29;2021-06-23;4466;6144;0;522398;287672;0;57.6;31.7;0.0
29;2021-06-24;4584;6691;0;526982;294363;0;58.1;32.5;0.0
29;2021-06-25;3508;7491;0;530490;301854;0;58.5;33.3;0.0
29;2021-06-26;2044;4073;0;532534;305927;0;58.7;33.7;0.0
29;2021-06-27;934;1574;0;533468;307501;0;58.8;33.9;0.0
29;2021-06-28;2670;6812;0;536138;314313;0;59.1;34.7;0.0
29;2021-06-29;2725;7655;0;538863;321968;0;59.4;35.5;0.0
29;2021-06-30;2928;7365;0;541791;329333;0;59.8;36.3;0.0
29;2021-07-01;3669;8231;0;545460;337564;0;60.2;37.2;0.0
29;2021-07-02;3417;9421;0;548877;346985;0;60.5;38.3;0.0
29;2021-07-03;2276;5980;0;551153;352965;0;60.8;38.9;0.0
29;2021-07-04;807;1708;0;551960;354673;0;60.9;39.1;0.0
29;2021-07-05;1837;7172;0;553797;361845;0;61.1;39.9;0.0
29;2021-07-06;1601;8060;0;555398;369905;0;61.3;40.8;0.0
29;2021-07-07;1755;6979;0;557153;376884;0;61.5;41.6;0.0
29;2021-07-08;2414;8037;0;559567;384921;0;61.7;42.5;0.0
29;2021-07-09;2585;8971;0;562152;393892;0;62.0;43.4;0.0
29;2021-07-10;1863;6007;0;564015;399899;0;62.2;44.1;0.0
29;2021-07-11;447;1074;0;564462;400973;0;62.3;44.2;0.0
29;2021-07-12;1972;8151;0;566434;409124;0;62.5;45.1;0.0
29;2021-07-13;2798;8608;0;569232;417732;0;62.8;46.1;0.0
29;2021-07-14;2054;3323;0;571286;421055;0;63.0;46.4;0.0
29;2021-07-15;3807;9449;0;575093;430504;0;63.4;47.5;0.0
29;2021-07-16;4495;9041;0;579588;439545;0;63.9;48.5;0.0
29;2021-07-17;3186;5980;0;582774;445525;0;64.3;49.1;0.0
29;2021-07-18;649;1071;0;583423;446596;0;64.4;49.3;0.0
29;2021-07-19;3182;7381;0;586605;453977;0;64.7;50.1;0.0
29;2021-07-20;3671;9185;0;590276;463162;0;65.1;51.1;0.0
29;2021-07-21;3698;7665;0;593974;470827;0;65.5;51.9;0.0
29;2021-07-22;3585;8341;0;597559;479168;0;65.9;52.9;0.0
29;2021-07-23;4120;10375;0;601679;489543;0;66.4;54.0;0.0
29;2021-07-24;2514;5782;0;604193;495325;0;66.6;54.6;0.0
29;2021-07-25;651;2295;0;604844;497620;0;66.7;54.9;0.0
29;2021-07-26;3416;6944;0;608260;504564;0;67.1;55.7;0.0
29;2021-07-27;3865;6935;0;612125;511499;0;67.5;56.4;0.0
29;2021-07-28;4287;5809;0;616412;517308;0;68.0;57.1;0.0
29;2021-07-29;5671;6109;0;622083;523417;0;68.6;57.7;0.0
29;2021-07-30;5376;6227;0;627459;529644;0;69.2;58.4;0.0
29;2021-07-31;2973;4682;0;630432;534326;0;69.5;58.9;0.0
29;2021-08-01;703;862;0;631135;535188;0;69.6;59.0;0.0
29;2021-08-02;4223;4933;0;635358;540121;0;70.1;59.6;0.0
29;2021-08-03;5372;4134;0;640730;544255;0;70.7;60.0;0.0
29;2021-08-04;5523;3502;0;646253;547757;0;71.3;60.4;0.0
29;2021-08-05;6286;3769;0;652539;551526;0;72.0;60.8;0.0
29;2021-08-06;5800;4094;0;658339;555620;0;72.6;61.3;0.0
29;2021-08-07;3916;2725;1;662255;558345;1;73.1;61.6;0.0
29;2021-08-08;835;676;0;663090;559021;1;73.1;61.7;0.0
29;2021-08-09;3034;4409;0;666124;563430;1;73.5;62.2;0.0
29;2021-08-10;4271;3666;0;670395;567096;1;73.9;62.6;0.0
29;2021-08-11;3856;3083;0;674251;570179;1;74.4;62.9;0.0
29;2021-08-12;4435;4257;0;678686;574436;1;74.9;63.4;0.0
29;2021-08-13;4072;3646;0;682758;578082;1;75.3;63.8;0.0
29;2021-08-14;2705;2682;0;685463;580764;1;75.6;64.1;0.0
29;2021-08-15;355;422;0;685818;581186;1;75.7;64.1;0.0
29;2021-08-16;3096;4213;0;688914;585399;1;76.0;64.6;0.0
29;2021-08-17;4087;3345;0;693001;588744;1;76.4;64.9;0.0
29;2021-08-18;3476;3585;0;696477;592329;1;76.8;65.3;0.0
29;2021-08-19;3603;4402;0;700080;596731;1;77.2;65.8;0.0
29;2021-08-20;3248;4494;0;703328;601225;1;77.6;66.3;0.0
29;2021-08-21;2071;3021;0;705399;604246;1;77.8;66.7;0.0
29;2021-08-22;221;422;0;705620;604668;1;77.8;66.7;0.0
29;2021-08-23;2243;4446;0;707863;609114;1;78.1;67.2;0.0
29;2021-08-24;2356;4836;0;710219;613950;1;78.3;67.7;0.0
29;2021-08-25;2058;4204;0;712277;618154;1;78.6;68.2;0.0
29;2021-08-26;2167;5220;0;714444;623374;1;78.8;68.8;0.0
29;2021-08-27;1876;5757;0;716320;629131;1;79.0;69.4;0.0
29;2021-08-28;1359;3857;0;717679;632988;1;79.2;69.8;0.0
29;2021-08-29;384;1266;0;718063;634254;1;79.2;70.0;0.0
29;2021-08-30;1369;4129;64;719432;638383;65;79.4;70.4;0.0
29;2021-08-31;1438;4320;117;720870;642703;182;79.5;70.9;0.0
29;2021-09-01;1311;3748;228;722181;646451;410;79.7;71.3;0.0
29;2021-09-02;1068;3958;337;723249;650409;747;79.8;71.7;0.1
29;2021-09-03;1370;4690;500;724619;655099;1247;79.9;72.3;0.1
29;2021-09-04;1321;3680;256;725940;658779;1503;80.1;72.7;0.2
29;2021-09-05;195;658;44;726135;659437;1547;80.1;72.7;0.2
29;2021-09-06;703;3251;360;726838;662688;1907;80.2;73.1;0.2
29;2021-09-07;867;3342;569;727705;666030;2476;80.3;73.5;0.3
29;2021-09-08;846;3368;481;728551;669398;2957;80.4;73.8;0.3
29;2021-09-09;897;3310;489;729448;672708;3446;80.5;74.2;0.4
29;2021-09-10;1153;4270;713;730601;676978;4159;80.6;74.7;0.5
29;2021-09-11;662;3309;197;731263;680287;4356;80.7;75.0;0.5
29;2021-09-12;109;391;28;731372;680678;4384;80.7;75.1;0.5
29;2021-09-13;794;3084;678;732166;683762;5062;80.8;75.4;0.6
29;2021-09-14;714;2911;1090;732880;686673;6152;80.8;75.7;0.7
29;2021-09-15;690;3160;695;733570;689833;6847;80.9;76.1;0.8
29;2021-09-16;802;2614;1371;734372;692447;8218;81.0;76.4;0.9
29;2021-09-17;855;3070;978;735227;695517;9196;81.1;76.7;1.0
29;2021-09-18;564;3300;502;735791;698817;9698;81.2;77.1;1.1
29;2021-09-19;68;370;38;735859;699187;9736;81.2;77.1;1.1
29;2021-09-20;448;2039;744;736307;701226;10480;81.2;77.4;1.2
29;2021-09-21;431;1774;1089;736738;703000;11569;81.3;77.5;1.3
29;2021-09-22;361;2150;1113;737099;705150;12682;81.3;77.8;1.4
29;2021-09-23;445;1673;1774;737544;706823;14456;81.4;78.0;1.6
29;2021-09-24;460;2104;1365;738004;708927;15821;81.4;78.2;1.7
29;2021-09-25;336;2582;399;738340;711509;16220;81.4;78.5;1.8
29;2021-09-26;51;216;27;738391;711725;16247;81.5;78.5;1.8
29;2021-09-27;305;1498;750;738696;713223;16997;81.5;78.7;1.9
29;2021-09-28;247;1437;785;738943;714660;17782;81.5;78.8;2.0
29;2021-09-29;394;1611;1052;739337;716271;18834;81.6;79.0;2.1
29;2021-09-30;296;1219;1077;739633;717490;19911;81.6;79.1;2.2
29;2021-10-01;503;1445;1305;740136;718935;21216;81.6;79.3;2.3
29;2021-10-02;339;1565;362;740475;720500;21578;81.7;79.5;2.4
29;2021-10-03;13;35;10;740488;720535;21588;81.7;79.5;2.4
29;2021-10-04;313;1199;674;740801;721734;22262;81.7;79.6;2.5
29;2021-10-05;230;1002;860;741031;722736;23122;81.7;79.7;2.6
29;2021-10-06;315;1102;1014;741346;723838;24136;81.8;79.8;2.7
29;2021-10-07;283;877;892;741629;724715;25028;81.8;79.9;2.8
29;2021-10-08;458;1208;1380;742087;725923;26408;81.9;80.1;2.9
29;2021-10-09;313;934;518;742400;726857;26926;81.9;80.2;3.0
29;2021-10-10;5;18;11;742405;726875;26937;81.9;80.2;3.0
29;2021-10-11;278;836;907;742683;727711;27844;81.9;80.3;3.1
29;2021-10-12;229;580;975;742912;728291;28819;81.9;80.3;3.2
29;2021-10-13;293;723;1120;743205;729014;29939;82.0;80.4;3.3
29;2021-10-14;276;639;1117;743481;729653;31056;82.0;80.5;3.4
29;2021-10-15;361;702;1260;743842;730355;32316;82.1;80.6;3.6
29;2021-10-16;303;575;639;744145;730930;32955;82.1;80.6;3.6
29;2021-10-17;13;27;29;744158;730957;32984;82.1;80.6;3.6
29;2021-10-18;206;520;857;744364;731477;33841;82.1;80.7;3.7
29;2021-10-19;203;348;948;744567;731825;34789;82.1;80.7;3.8
29;2021-10-20;306;524;1483;744873;732349;36272;82.2;80.8;4.0
29;2021-10-21;217;397;1142;745090;732746;37414;82.2;80.8;4.1
29;2021-10-22;304;554;1436;745394;733300;38850;82.2;80.9;4.3
29;2021-10-23;274;445;931;745668;733745;39781;82.3;80.9;4.4
29;2021-10-24;1;16;3;745669;733761;39784;82.3;80.9;4.4
29;2021-10-25;168;327;842;745837;734088;40626;82.3;81.0;4.5
29;2021-10-26;172;260;964;746009;734348;41590;82.3;81.0;4.6
29;2021-10-27;316;408;1840;746325;734756;43430;82.3;81.0;4.8
29;2021-10-28;268;329;1395;746593;735085;44825;82.4;81.1;4.9
29;2021-10-29;266;418;1664;746859;735503;46489;82.4;81.1;5.1
29;2021-10-30;208;376;1256;747067;735879;47745;82.4;81.2;5.3
29;2021-10-31;6;14;20;747073;735893;47765;82.4;81.2;5.3
29;2021-11-01;22;8;22;747095;735901;47787;82.4;81.2;5.3
29;2021-11-02;165;271;1205;747260;736172;48992;82.4;81.2;5.4
29;2021-11-03;195;267;1381;747455;736439;50373;82.5;81.2;5.6
29;2021-11-04;210;354;1555;747665;736793;51928;82.5;81.3;5.7
29;2021-11-05;272;392;2463;747937;737185;54391;82.5;81.3;6.0
29;2021-11-06;258;397;1382;748195;737582;55773;82.5;81.4;6.2
29;2021-11-07;10;28;66;748205;737610;55839;82.5;81.4;6.2
29;2021-11-08;156;273;1817;748361;737883;57656;82.6;81.4;6.4
29;2021-11-09;161;261;2245;748522;738144;59901;82.6;81.4;6.6
29;2021-11-10;218;323;2826;748740;738467;62727;82.6;81.5;6.9
29;2021-11-11;8;13;61;748748;738480;62788;82.6;81.5;6.9
29;2021-11-12;201;357;2465;748949;738837;65253;82.6;81.5;7.2
29;2021-11-13;242;329;1683;749191;739166;66936;82.6;81.5;7.4
29;2021-11-14;11;11;70;749202;739177;67006;82.6;81.5;7.4
29;2021-11-15;180;218;2742;749382;739395;69748;82.7;81.6;7.7
29;2021-11-16;194;208;3384;749576;739603;73132;82.7;81.6;8.1
29;2021-11-17;303;315;3365;749879;739918;76497;82.7;81.6;8.4
29;2021-11-18;237;279;3914;750116;740197;80411;82.7;81.6;8.9
29;2021-11-19;339;420;5073;750455;740617;85484;82.8;81.7;9.4
29;2021-11-20;310;283;2358;750765;740900;87842;82.8;81.7;9.7
29;2021-11-21;35;23;134;750800;740923;87976;82.8;81.7;9.7
29;2021-11-22;213;176;3246;751013;741099;91222;82.8;81.7;10.1
29;2021-11-23;222;177;3767;751235;741276;94989;82.9;81.8;10.5
29;2021-11-24;294;286;3993;751529;741562;98982;82.9;81.8;10.9
29;2021-11-25;265;207;4784;751794;741769;103766;82.9;81.8;11.4
29;2021-11-26;325;442;7214;752119;742211;110980;83.0;81.9;12.2
29;2021-11-27;265;291;4022;752384;742502;115002;83.0;81.9;12.7
29;2021-11-28;21;21;404;752405;742523;115406;83.0;81.9;12.7
29;2021-11-29;180;204;4745;752585;742727;120151;83.0;81.9;13.3
29;2021-11-30;248;218;7926;752833;742945;128077;83.0;82.0;14.1
29;2021-12-01;214;235;7487;753047;743180;135564;83.1;82.0;15.0
29;2021-12-02;217;211;9720;753264;743391;145284;83.1;82.0;16.0
29;2021-12-03;216;279;10312;753480;743670;155596;83.1;82.0;17.2
29;2021-12-04;144;330;4885;753624;744000;160481;83.1;82.1;17.7
29;2021-12-05;12;27;774;753636;744027;161255;83.1;82.1;17.8
29;2021-12-06;169;268;7735;753805;744295;168990;83.2;82.1;18.6
29;2021-12-07;214;249;10927;754019;744544;179917;83.2;82.1;19.8
29;2021-12-08;193;326;8936;754212;744870;188853;83.2;82.2;20.8
29;2021-12-09;219;245;12037;754431;745115;200890;83.2;82.2;22.2
2A;2020-12-27;0;0;0;0;0;0;0.0;0.0;0.0
2A;2020-12-28;0;0;0;0;0;0;0.0;0.0;0.0
2A;2020-12-29;0;0;0;0;0;0;0.0;0.0;0.0
2A;2020-12-30;0;0;0;0;0;0;0.0;0.0;0.0
2A;2020-12-31;0;0;0;0;0;0;0.0;0.0;0.0
2A;2021-01-01;0;0;0;0;0;0;0.0;0.0;0.0
2A;2021-01-02;0;0;0;0;0;0;0.0;0.0;0.0
2A;2021-01-03;0;0;0;0;0;0;0.0;0.0;0.0
2A;2021-01-04;0;0;0;0;0;0;0.0;0.0;0.0
2A;2021-01-05;1;0;0;1;0;0;0.0;0.0;0.0
2A;2021-01-06;6;0;0;7;0;0;0.0;0.0;0.0
2A;2021-01-07;109;1;0;116;1;0;0.1;0.0;0.0
2A;2021-01-08;108;1;0;224;2;0;0.1;0.0;0.0
2A;2021-01-09;38;0;0;262;2;0;0.2;0.0;0.0
2A;2021-01-10;28;0;0;290;2;0;0.2;0.0;0.0
2A;2021-01-11;76;0;0;366;2;0;0.2;0.0;0.0
2A;2021-01-12;82;0;0;448;2;0;0.3;0.0;0.0
2A;2021-01-13;114;1;0;562;3;0;0.3;0.0;0.0
2A;2021-01-14;191;1;0;753;4;0;0.5;0.0;0.0
2A;2021-01-15;135;0;0;888;4;0;0.5;0.0;0.0
2A;2021-01-16;141;2;0;1029;6;0;0.6;0.0;0.0
2A;2021-01-17;72;1;0;1101;7;0;0.7;0.0;0.0
2A;2021-01-18;193;2;0;1294;9;0;0.8;0.0;0.0
2A;2021-01-19;461;5;0;1755;14;0;1.1;0.0;0.0
2A;2021-01-20;349;2;0;2104;16;0;1.3;0.0;0.0
2A;2021-01-21;435;1;0;2539;17;0;1.6;0.0;0.0
2A;2021-01-22;353;0;0;2892;17;0;1.8;0.0;0.0
2A;2021-01-23;171;0;0;3063;17;0;1.9;0.0;0.0
2A;2021-01-24;110;1;0;3173;18;0;2.0;0.0;0.0
2A;2021-01-25;206;0;0;3379;18;0;2.1;0.0;0.0
2A;2021-01-26;399;9;0;3778;27;0;2.3;0.0;0.0
2A;2021-01-27;295;6;0;4073;33;0;2.5;0.0;0.0
2A;2021-01-28;317;72;0;4390;105;0;2.7;0.1;0.0
2A;2021-01-29;329;58;0;4719;163;0;2.9;0.1;0.0
2A;2021-01-30;112;33;0;4831;196;0;3.0;0.1;0.0
2A;2021-01-31;73;11;0;4904;207;0;3.0;0.1;0.0
2A;2021-02-01;212;50;0;5116;257;0;3.1;0.2;0.0
2A;2021-02-02;282;117;0;5398;374;0;3.3;0.2;0.0
2A;2021-02-03;257;72;0;5655;446;0;3.5;0.3;0.0
2A;2021-02-04;247;128;0;5902;574;0;3.6;0.4;0.0
2A;2021-02-05;260;96;0;6162;670;0;3.8;0.4;0.0
2A;2021-02-06;115;58;0;6277;728;0;3.9;0.4;0.0
2A;2021-02-07;49;45;0;6326;773;0;3.9;0.5;0.0
2A;2021-02-08;95;191;0;6421;964;0;4.0;0.6;0.0
2A;2021-02-09;147;285;0;6568;1249;0;4.0;0.8;0.0
2A;2021-02-10;170;214;0;6738;1463;0;4.1;0.9;0.0
2A;2021-02-11;292;324;0;7030;1787;0;4.3;1.1;0.0
2A;2021-02-12;319;283;0;7349;2070;0;4.5;1.3;0.0
2A;2021-02-13;211;58;0;7560;2128;0;4.7;1.3;0.0
2A;2021-02-14;114;70;0;7674;2198;0;4.7;1.4;0.0
2A;2021-02-15;187;180;0;7861;2378;0;4.8;1.5;0.0
2A;2021-02-16;359;319;0;8220;2697;0;5.1;1.7;0.0
2A;2021-02-17;269;181;0;8489;2878;0;5.2;1.8;0.0
2A;2021-02-18;325;198;0;8814;3076;0;5.4;1.9;0.0
2A;2021-02-19;147;287;0;8961;3363;0;5.5;2.1;0.0
2A;2021-02-20;221;117;0;9182;3480;0;5.7;2.1;0.0
2A;2021-02-21;47;42;0;9229;3522;0;5.7;2.2;0.0
2A;2021-02-22;79;203;0;9308;3725;0;5.7;2.3;0.0
2A;2021-02-23;114;284;0;9422;4009;0;5.8;2.5;0.0
2A;2021-02-24;84;280;0;9506;4289;0;5.9;2.6;0.0
2A;2021-02-25;111;258;0;9617;4547;0;5.9;2.8;0.0
2A;2021-02-26;121;251;0;9738;4798;0;6.0;3.0;0.0
2A;2021-02-27;289;66;0;10027;4864;0;6.2;3.0;0.0
2A;2021-02-28;60;54;0;10087;4918;0;6.2;3.0;0.0
2A;2021-03-01;116;140;0;10203;5058;0;6.3;3.1;0.0
2A;2021-03-02;198;269;0;10401;5327;0;6.4;3.3;0.0
2A;2021-03-03;232;242;0;10633;5569;0;6.5;3.4;0.0
2A;2021-03-04;492;206;0;11125;5775;0;6.8;3.6;0.0
2A;2021-03-05;929;287;0;12054;6062;0;7.4;3.7;0.0
2A;2021-03-06;1095;76;0;13149;6138;0;8.1;3.8;0.0
2A;2021-03-07;917;41;0;14066;6179;0;8.7;3.8;0.0
2A;2021-03-08;875;97;0;14941;6276;0;9.2;3.9;0.0
2A;2021-03-09;882;166;0;15823;6442;0;9.7;4.0;0.0
2A;2021-03-10;611;138;0;16434;6580;0;10.1;4.1;0.0
2A;2021-03-11;684;274;0;17118;6854;0;10.5;4.2;0.0
2A;2021-03-12;560;298;0;17678;7152;0;10.9;4.4;0.0
2A;2021-03-13;578;192;0;18256;7344;0;11.2;4.5;0.0
2A;2021-03-14;296;108;0;18552;7452;0;11.4;4.6;0.0
2A;2021-03-15;380;192;0;18932;7644;0;11.7;4.7;0.0
2A;2021-03-16;483;345;0;19415;7989;0;12.0;4.9;0.0
2A;2021-03-17;681;255;0;20096;8244;0;12.4;5.1;0.0
2A;2021-03-18;437;294;0;20533;8538;0;12.6;5.3;0.0
2A;2021-03-19;515;149;0;21048;8687;0;13.0;5.3;0.0
2A;2021-03-20;1005;246;0;22053;8933;0;13.6;5.5;0.0
2A;2021-03-21;632;48;0;22685;8981;0;14.0;5.5;0.0
2A;2021-03-22;333;67;0;23018;9048;0;14.2;5.6;0.0
2A;2021-03-23;493;55;0;23511;9103;0;14.5;5.6;0.0
2A;2021-03-24;825;90;0;24336;9193;0;15.0;5.7;0.0
2A;2021-03-25;900;136;0;25236;9329;0;15.5;5.7;0.0
2A;2021-03-26;1026;152;0;26262;9481;0;16.2;5.8;0.0
2A;2021-03-27;1118;191;0;27380;9672;0;16.9;6.0;0.0
2A;2021-03-28;232;86;0;27612;9758;0;17.0;6.0;0.0
2A;2021-03-29;289;126;0;27901;9884;0;17.2;6.1;0.0
2A;2021-03-30;384;233;0;28285;10117;0;17.4;6.2;0.0
2A;2021-03-31;454;225;0;28739;10342;0;17.7;6.4;0.0
2A;2021-04-01;604;424;0;29343;10766;0;18.1;6.6;0.0
2A;2021-04-02;845;761;0;30188;11527;0;18.6;7.1;0.0
2A;2021-04-03;616;922;0;30804;12449;0;19.0;7.7;0.0
2A;2021-04-04;528;694;0;31332;13143;0;19.3;8.1;0.0
2A;2021-04-05;472;638;0;31804;13781;0;19.6;8.5;0.0
2A;2021-04-06;497;523;0;32301;14304;0;19.9;8.8;0.0
2A;2021-04-07;708;417;0;33009;14721;0;20.3;9.1;0.0
2A;2021-04-08;952;353;0;33961;15074;0;20.9;9.3;0.0
2A;2021-04-09;864;389;0;34825;15463;0;21.4;9.5;0.0
2A;2021-04-10;953;364;0;35778;15827;0;22.0;9.7;0.0
2A;2021-04-11;327;242;0;36105;16069;0;22.2;9.9;0.0
2A;2021-04-12;614;355;0;36719;16424;0;22.6;10.1;0.0
2A;2021-04-13;303;377;0;37022;16801;0;22.8;10.3;0.0
2A;2021-04-14;959;572;0;37981;17373;0;23.4;10.7;0.0
2A;2021-04-15;918;514;0;38899;17887;0;23.9;11.0;0.0
2A;2021-04-16;787;380;0;39686;18267;0;24.4;11.2;0.0
2A;2021-04-17;1213;874;0;40899;19141;0;25.2;11.8;0.0
2A;2021-04-18;868;853;0;41767;19994;0;25.7;12.3;0.0
2A;2021-04-19;230;330;0;41997;20324;0;25.9;12.5;0.0
2A;2021-04-20;305;343;0;42302;20667;0;26.0;12.7;0.0
2A;2021-04-21;647;702;0;42949;21369;0;26.4;13.2;0.0
2A;2021-04-22;795;629;0;43744;21998;0;26.9;13.5;0.0
2A;2021-04-23;875;732;0;44619;22730;0;27.5;14.0;0.0
2A;2021-04-24;1542;914;0;46161;23644;0;28.4;14.6;0.0
2A;2021-04-25;844;277;0;47005;23921;0;28.9;14.7;0.0
2A;2021-04-26;299;218;0;47304;24139;0;29.1;14.9;0.0
2A;2021-04-27;300;355;0;47604;24494;0;29.3;15.1;0.0
2A;2021-04-28;1475;410;0;49079;24904;0;30.2;15.3;0.0
2A;2021-04-29;950;360;0;50029;25264;0;30.8;15.6;0.0
2A;2021-04-30;1018;971;0;51047;26235;0;31.4;16.2;0.0
2A;2021-05-01;864;546;0;51911;26781;0;32.0;16.5;0.0
2A;2021-05-02;573;632;0;52484;27413;0;32.3;16.9;0.0
2A;2021-05-03;543;530;0;53027;27943;0;32.6;17.2;0.0
2A;2021-05-04;667;504;0;53694;28447;0;33.1;17.5;0.0
2A;2021-05-05;880;917;0;54574;29364;0;33.6;18.1;0.0
2A;2021-05-06;786;845;0;55360;30209;0;34.1;18.6;0.0
2A;2021-05-07;947;746;0;56307;30955;0;34.7;19.1;0.0
2A;2021-05-08;372;455;0;56679;31410;0;34.9;19.3;0.0
2A;2021-05-09;635;580;0;57314;31990;0;35.3;19.7;0.0
2A;2021-05-10;369;688;0;57683;32678;0;35.5;20.1;0.0
2A;2021-05-11;501;392;0;58184;33070;0;35.8;20.4;0.0
2A;2021-05-12;693;442;0;58877;33512;0;36.2;20.6;0.0
2A;2021-05-13;665;101;0;59542;33613;0;36.7;20.7;0.0
2A;2021-05-14;559;590;0;60101;34203;0;37.0;21.1;0.0
2A;2021-05-15;623;584;0;60724;34787;0;37.4;21.4;0.0
2A;2021-05-16;548;422;0;61272;35209;0;37.7;21.7;0.0
2A;2021-05-17;449;504;0;61721;35713;0;38.0;22.0;0.0
2A;2021-05-18;494;450;0;62215;36163;0;38.3;22.3;0.0
2A;2021-05-19;634;426;0;62849;36589;0;38.7;22.5;0.0
2A;2021-05-20;579;486;0;63428;37075;0;39.1;22.8;0.0
2A;2021-05-21;419;420;0;63847;37495;0;39.3;23.1;0.0
2A;2021-05-22;338;258;0;64185;37753;0;39.5;23.2;0.0
2A;2021-05-23;390;220;0;64575;37973;0;39.8;23.4;0.0
2A;2021-05-24;83;33;0;64658;38006;0;39.8;23.4;0.0
2A;2021-05-25;338;430;0;64996;38436;0;40.0;23.7;0.0
2A;2021-05-26;340;1060;0;65336;39496;0;40.2;24.3;0.0
2A;2021-05-27;361;1022;0;65697;40518;0;40.4;24.9;0.0
2A;2021-05-28;258;834;0;65955;41352;0;40.6;25.5;0.0
2A;2021-05-29;263;817;0;66218;42169;0;40.8;26.0;0.0
2A;2021-05-30;128;446;0;66346;42615;0;40.8;26.2;0.0
2A;2021-05-31;161;397;0;66507;43012;0;40.9;26.5;0.0
2A;2021-06-01;285;636;0;66792;43648;0;41.1;26.9;0.0
2A;2021-06-02;258;868;0;67050;44516;0;41.3;27.4;0.0
2A;2021-06-03;263;800;0;67313;45316;0;41.4;27.9;0.0
2A;2021-06-04;264;959;0;67577;46275;0;41.6;28.5;0.0
2A;2021-06-05;255;1321;0;67832;47596;0;41.8;29.3;0.0
2A;2021-06-06;130;803;0;67962;48399;0;41.8;29.8;0.0
2A;2021-06-07;142;584;0;68104;48983;0;41.9;30.2;0.0
2A;2021-06-08;296;591;0;68400;49574;0;42.1;30.5;0.0
2A;2021-06-09;302;1198;0;68702;50772;0;42.3;31.3;0.0
2A;2021-06-10;314;780;0;69016;51552;0;42.5;31.7;0.0
2A;2021-06-11;249;912;0;69265;52464;0;42.6;32.3;0.0
2A;2021-06-12;187;612;0;69452;53076;0;42.8;32.7;0.0
2A;2021-06-13;133;679;0;69585;53755;0;42.8;33.1;0.0
2A;2021-06-14;215;790;0;69800;54545;0;43.0;33.6;0.0
2A;2021-06-15;212;467;0;70012;55012;0;43.1;33.9;0.0
2A;2021-06-16;184;680;0;70196;55692;0;43.2;34.3;0.0
2A;2021-06-17;200;513;0;70396;56205;0;43.3;34.6;0.0
2A;2021-06-18;226;713;0;70622;56918;0;43.5;35.0;0.0
2A;2021-06-19;186;572;0;70808;57490;0;43.6;35.4;0.0
2A;2021-06-20;120;585;0;70928;58075;0;43.7;35.8;0.0
2A;2021-06-21;163;674;0;71091;58749;0;43.8;36.2;0.0
2A;2021-06-22;217;698;0;71308;59447;0;43.9;36.6;0.0
2A;2021-06-23;181;489;0;71489;59936;0;44.0;36.9;0.0
2A;2021-06-24;129;330;0;71618;60266;0;44.1;37.1;0.0
2A;2021-06-25;164;434;0;71782;60700;0;44.2;37.4;0.0
2A;2021-06-26;160;714;0;71942;61414;0;44.3;37.8;0.0
2A;2021-06-27;149;645;0;72091;62059;0;44.4;38.2;0.0
2A;2021-06-28;164;556;0;72255;62615;0;44.5;38.6;0.0
2A;2021-06-29;192;586;0;72447;63201;0;44.6;38.9;0.0
2A;2021-06-30;195;423;0;72642;63624;0;44.7;39.2;0.0
2A;2021-07-01;218;434;0;72860;64058;0;44.9;39.4;0.0
2A;2021-07-02;194;334;0;73054;64392;0;45.0;39.6;0.0
2A;2021-07-03;172;520;0;73226;64912;0;45.1;40.0;0.0
2A;2021-07-04;129;501;0;73355;65413;0;45.2;40.3;0.0
2A;2021-07-05;164;222;0;73519;65635;0;45.3;40.4;0.0
2A;2021-07-06;214;334;0;73733;65969;0;45.4;40.6;0.0
2A;2021-07-07;343;506;0;74076;66475;0;45.6;40.9;0.0
2A;2021-07-08;471;512;0;74547;66987;0;45.9;41.2;0.0
2A;2021-07-09;313;351;0;74860;67338;0;46.1;41.5;0.0
2A;2021-07-10;259;313;0;75119;67651;0;46.2;41.7;0.0
2A;2021-07-11;62;104;0;75181;67755;0;46.3;41.7;0.0
2A;2021-07-12;278;313;0;75459;68068;0;46.5;41.9;0.0
2A;2021-07-13;950;443;0;76409;68511;0;47.0;42.2;0.0
2A;2021-07-14;1301;227;0;77710;68738;0;47.8;42.3;0.0
2A;2021-07-15;1092;550;0;78802;69288;0;48.5;42.7;0.0
2A;2021-07-16;870;331;0;79672;69619;0;49.1;42.9;0.0
2A;2021-07-17;865;291;0;80537;69910;0;49.6;43.0;0.0
2A;2021-07-18;427;89;0;80964;69999;0;49.8;43.1;0.0
2A;2021-07-19;696;321;0;81660;70320;0;50.3;43.3;0.0
2A;2021-07-20;900;347;0;82560;70667;0;50.8;43.5;0.0
2A;2021-07-21;1027;492;0;83587;71159;0;51.5;43.8;0.0
2A;2021-07-22;943;503;0;84530;71662;0;52.0;44.1;0.0
2A;2021-07-23;1012;314;0;85542;71976;0;52.7;44.3;0.0
2A;2021-07-24;666;213;0;86208;72189;0;53.1;44.4;0.0
2A;2021-07-25;282;56;0;86490;72245;0;53.3;44.5;0.0
2A;2021-07-26;731;310;0;87221;72555;0;53.7;44.7;0.0
2A;2021-07-27;813;360;0;88034;72915;0;54.2;44.9;0.0
2A;2021-07-28;868;402;0;88902;73317;0;54.7;45.1;0.0
2A;2021-07-29;848;418;0;89750;73735;0;55.3;45.4;0.0
2A;2021-07-30;637;423;0;90387;74158;0;55.6;45.7;0.0
2A;2021-07-31;396;254;0;90783;74412;0;55.9;45.8;0.0
2A;2021-08-01;312;54;0;91095;74466;0;56.1;45.8;0.0
2A;2021-08-02;303;344;0;91398;74810;0;56.3;46.1;0.0
2A;2021-08-03;549;659;0;91947;75469;0;56.6;46.5;0.0
2A;2021-08-04;535;897;0;92482;76366;0;56.9;47.0;0.0
2A;2021-08-05;635;971;0;93117;77337;0;57.3;47.6;0.0
2A;2021-08-06;341;596;0;93458;77933;0;57.5;48.0;0.0
2A;2021-08-07;267;713;0;93725;78646;0;57.7;48.4;0.0
2A;2021-08-08;70;171;0;93795;78817;0;57.7;48.5;0.0
2A;2021-08-09;497;827;0;94292;79644;0;58.1;49.0;0.0
2A;2021-08-10;477;820;0;94769;80464;0;58.3;49.5;0.0
2A;2021-08-11;485;753;0;95254;81217;0;58.6;50.0;0.0
2A;2021-08-12;549;1056;0;95803;82273;0;59.0;50.7;0.0
2A;2021-08-13;396;806;0;96199;83079;0;59.2;51.2;0.0
2A;2021-08-14;338;572;0;96537;83651;0;59.4;51.5;0.0
2A;2021-08-15;27;26;0;96564;83677;0;59.5;51.5;0.0
2A;2021-08-16;401;919;0;96965;84596;0;59.7;52.1;0.0
2A;2021-08-17;647;903;0;97612;85499;0;60.1;52.6;0.0
2A;2021-08-18;424;837;0;98036;86336;0;60.4;53.2;0.0
2A;2021-08-19;341;711;0;98377;87047;0;60.6;53.6;0.0
2A;2021-08-20;293;450;0;98670;87497;0;60.7;53.9;0.0
2A;2021-08-21;182;407;0;98852;87904;0;60.9;54.1;0.0
2A;2021-08-22;115;350;0;98967;88254;0;60.9;54.3;0.0
2A;2021-08-23;286;528;0;99253;88782;0;61.1;54.7;0.0
2A;2021-08-24;279;623;0;99532;89405;0;61.3;55.0;0.0
2A;2021-08-25;324;674;0;99856;90079;0;61.5;55.5;0.0
2A;2021-08-26;305;619;0;100161;90698;0;61.7;55.8;0.0
2A;2021-08-27;207;575;0;100368;91273;0;61.8;56.2;0.0
2A;2021-08-28;213;294;0;100581;91567;0;61.9;56.4;0.0
2A;2021-08-29;78;96;0;100659;91663;0;62.0;56.4;0.0
2A;2021-08-30;236;468;27;100895;92131;27;62.1;56.7;0.0
2A;2021-08-31;169;450;29;101064;92581;56;62.2;57.0;0.0
2A;2021-09-01;333;595;56;101397;93176;112;62.4;57.4;0.1
2A;2021-09-02;258;522;80;101655;93698;192;62.6;57.7;0.1
2A;2021-09-03;210;419;126;101865;94117;318;62.7;57.9;0.2
2A;2021-09-04;130;338;31;101995;94455;349;62.8;58.2;0.2
2A;2021-09-05;28;23;17;102023;94478;366;62.8;58.2;0.2
2A;2021-09-06;109;303;80;102132;94781;446;62.9;58.4;0.3
2A;2021-09-07;188;464;147;102320;95245;593;63.0;58.6;0.4
2A;2021-09-08;206;553;123;102526;95798;716;63.1;59.0;0.4
2A;2021-09-09;198;413;112;102724;96211;828;63.2;59.2;0.5
2A;2021-09-10;170;334;121;102894;96545;949;63.4;59.4;0.6
2A;2021-09-11;130;258;50;103024;96803;999;63.4;59.6;0.6
2A;2021-09-12;36;66;46;103060;96869;1045;63.5;59.6;0.6
2A;2021-09-13;122;180;56;103182;97049;1101;63.5;59.8;0.7
2A;2021-09-14;212;213;176;103394;97262;1277;63.7;59.9;0.8
2A;2021-09-15;182;457;143;103576;97719;1420;63.8;60.2;0.9
2A;2021-09-16;206;324;174;103782;98043;1594;63.9;60.4;1.0
2A;2021-09-17;127;184;84;103909;98227;1678;64.0;60.5;1.0
2A;2021-09-18;87;250;106;103996;98477;1784;64.0;60.6;1.1
2A;2021-09-19;10;47;14;104006;98524;1798;64.0;60.7;1.1
2A;2021-09-20;44;155;101;104050;98679;1899;64.1;60.8;1.2
2A;2021-09-21;81;222;210;104131;98901;2109;64.1;60.9;1.3
2A;2021-09-22;97;378;225;104228;99279;2334;64.2;61.1;1.4
2A;2021-09-23;84;273;159;104312;99552;2493;64.2;61.3;1.5
2A;2021-09-24;66;269;101;104378;99821;2594;64.3;61.5;1.6
2A;2021-09-25;75;141;41;104453;99962;2635;64.3;61.5;1.6
2A;2021-09-26;14;31;2;104467;99993;2637;64.3;61.6;1.6
2A;2021-09-27;43;104;69;104510;100097;2706;64.3;61.6;1.7
2A;2021-09-28;81;134;133;104591;100231;2839;64.4;61.7;1.7
2A;2021-09-29;115;286;132;104706;100517;2971;64.5;61.9;1.8
2A;2021-09-30;77;201;219;104783;100718;3190;64.5;62.0;2.0
2A;2021-10-01;122;125;209;104905;100843;3399;64.6;62.1;2.1
2A;2021-10-02;83;136;68;104988;100979;3467;64.6;62.2;2.1
2A;2021-10-03;17;38;23;105005;101017;3490;64.6;62.2;2.1
2A;2021-10-04;71;79;107;105076;101096;3597;64.7;62.2;2.2
2A;2021-10-05;51;124;118;105127;101220;3715;64.7;62.3;2.3
2A;2021-10-06;68;128;156;105195;101348;3871;64.8;62.4;2.4
2A;2021-10-07;62;119;147;105257;101467;4018;64.8;62.5;2.5
2A;2021-10-08;70;131;127;105327;101598;4145;64.8;62.6;2.6
2A;2021-10-09;75;220;211;105402;101818;4356;64.9;62.7;2.7
2A;2021-10-10;56;71;171;105458;101889;4527;64.9;62.7;2.8
2A;2021-10-11;44;78;110;105502;101967;4637;65.0;62.8;2.9
2A;2021-10-12;46;70;106;105548;102037;4743;65.0;62.8;2.9
2A;2021-10-13;66;127;233;105614;102164;4976;65.0;62.9;3.1
2A;2021-10-14;73;129;206;105687;102293;5182;65.1;63.0;3.2
2A;2021-10-15;85;94;193;105772;102387;5375;65.1;63.0;3.3
2A;2021-10-16;81;153;332;105853;102540;5707;65.2;63.1;3.5
2A;2021-10-17;38;37;109;105891;102577;5816;65.2;63.2;3.6
2A;2021-10-18;59;82;155;105950;102659;5971;65.2;63.2;3.7
2A;2021-10-19;45;75;207;105995;102734;6178;65.3;63.3;3.8
2A;2021-10-20;80;90;271;106075;102824;6449;65.3;63.3;4.0
2A;2021-10-21;62;79;312;106137;102903;6761;65.3;63.4;4.2
2A;2021-10-22;64;107;287;106201;103010;7048;65.4;63.4;4.3
2A;2021-10-23;60;96;203;106261;103106;7251;65.4;63.5;4.5
2A;2021-10-24;32;45;128;106293;103151;7379;65.4;63.5;4.5
2A;2021-10-25;48;55;181;106341;103206;7560;65.5;63.5;4.7
2A;2021-10-26;39;60;216;106380;103266;7776;65.5;63.6;4.8
2A;2021-10-27;71;93;333;106451;103359;8109;65.5;63.6;5.0
2A;2021-10-28;46;74;276;106497;103433;8385;65.6;63.7;5.2
2A;2021-10-29;51;78;351;106548;103511;8736;65.6;63.7;5.4
2A;2021-10-30;51;81;255;106599;103592;8991;65.6;63.8;5.5
2A;2021-10-31;26;61;96;106625;103653;9087;65.6;63.8;5.6
2A;2021-11-01;9;9;6;106634;103662;9093;65.7;63.8;5.6
2A;2021-11-02;48;49;140;106682;103711;9233;65.7;63.9;5.7
2A;2021-11-03;56;69;340;106738;103780;9573;65.7;63.9;5.9
2A;2021-11-04;52;64;359;106790;103844;9932;65.7;63.9;6.1
2A;2021-11-05;56;94;497;106846;103938;10429;65.8;64.0;6.4
2A;2021-11-06;88;74;303;106934;104012;10732;65.8;64.0;6.6
2A;2021-11-07;30;42;124;106964;104054;10856;65.9;64.1;6.7
2A;2021-11-08;35;73;338;106999;104127;11194;65.9;64.1;6.9
2A;2021-11-09;42;62;448;107041;104189;11642;65.9;64.1;7.2
2A;2021-11-10;71;76;511;107112;104265;12153;65.9;64.2;7.5
2A;2021-11-11;19;12;82;107131;104277;12235;66.0;64.2;7.5
2A;2021-11-12;38;70;517;107169;104347;12752;66.0;64.2;7.9
2A;2021-11-13;68;71;711;107237;104418;13463;66.0;64.3;8.3
2A;2021-11-14;35;53;265;107272;104471;13728;66.0;64.3;8.5
2A;2021-11-15;45;74;536;107317;104545;14264;66.1;64.4;8.8
2A;2021-11-16;58;85;516;107375;104630;14780;66.1;64.4;9.1
2A;2021-11-17;58;79;619;107433;104709;15399;66.1;64.5;9.5
2A;2021-11-18;62;48;662;107495;104757;16061;66.2;64.5;9.9
2A;2021-11-19;74;86;718;107569;104843;16779;66.2;64.6;10.3
2A;2021-11-20;100;83;550;107669;104926;17329;66.3;64.6;10.7
2A;2021-11-21;64;39;369;107733;104965;17698;66.3;64.6;10.9
2A;2021-11-22;55;53;646;107788;105018;18344;66.4;64.7;11.3
2A;2021-11-23;53;62;772;107841;105080;19116;66.4;64.7;11.8
2A;2021-11-24;89;74;732;107930;105154;19848;66.5;64.7;12.2
2A;2021-11-25;75;96;1040;108005;105250;20888;66.5;64.8;12.9
2A;2021-11-26;63;83;1478;108068;105333;22366;66.5;64.9;13.8
2A;2021-11-27;124;109;1466;108192;105442;23832;66.6;64.9;14.7
2A;2021-11-28;66;41;1012;108258;105483;24844;66.7;64.9;15.3
2A;2021-11-29;72;71;1130;108330;105554;25974;66.7;65.0;16.0
2A;2021-11-30;74;58;1257;108404;105612;27231;66.7;65.0;16.8
2A;2021-12-01;90;92;1244;108494;105704;28475;66.8;65.1;17.5
2A;2021-12-02;61;63;1559;108555;105767;30034;66.8;65.1;18.5
2A;2021-12-03;87;81;1710;108642;105848;31744;66.9;65.2;19.5
2A;2021-12-04;90;103;1853;108732;105951;33597;66.9;65.2;20.7
2A;2021-12-05;46;52;946;108778;106003;34543;67.0;65.3;21.3
2A;2021-12-06;74;74;1157;108852;106077;35700;67.0;65.3;22.0
2A;2021-12-07;56;83;1284;108908;106160;36984;67.1;65.4;22.8
2A;2021-12-08;50;93;1245;108958;106253;38229;67.1;65.4;23.5
2A;2021-12-09;55;90;1419;109013;106343;39648;67.1;65.5;24.4
2B;2020-12-27;0;0;0;0;0;0;0.0;0.0;0.0
2B;2020-12-28;3;0;0;3;0;0;0.0;0.0;0.0
2B;2020-12-29;0;0;0;3;0;0;0.0;0.0;0.0
2B;2020-12-30;0;0;0;3;0;0;0.0;0.0;0.0
2B;2020-12-31;0;0;0;3;0;0;0.0;0.0;0.0
2B;2021-01-01;0;0;0;3;0;0;0.0;0.0;0.0
2B;2021-01-02;0;0;0;3;0;0;0.0;0.0;0.0
2B;2021-01-03;0;0;0;3;0;0;0.0;0.0;0.0
2B;2021-01-04;1;0;0;4;0;0;0.0;0.0;0.0
2B;2021-01-05;0;0;0;4;0;0;0.0;0.0;0.0
2B;2021-01-06;48;1;0;52;1;0;0.0;0.0;0.0
2B;2021-01-07;203;0;0;255;1;0;0.1;0.0;0.0
2B;2021-01-08;189;5;0;444;6;0;0.2;0.0;0.0
2B;2021-01-09;42;1;0;486;7;0;0.3;0.0;0.0
2B;2021-01-10;5;0;0;491;7;0;0.3;0.0;0.0
2B;2021-01-11;70;0;0;561;7;0;0.3;0.0;0.0
2B;2021-01-12;129;1;0;690;8;0;0.4;0.0;0.0
2B;2021-01-13;94;0;0;784;8;0;0.4;0.0;0.0
2B;2021-01-14;72;0;0;856;8;0;0.5;0.0;0.0
2B;2021-01-15;258;2;0;1114;10;0;0.6;0.0;0.0
2B;2021-01-16;50;0;0;1164;10;0;0.6;0.0;0.0
2B;2021-01-17;10;0;0;1174;10;0;0.6;0.0;0.0
2B;2021-01-18;265;1;0;1439;11;0;0.8;0.0;0.0
2B;2021-01-19;485;2;0;1924;13;0;1.1;0.0;0.0
2B;2021-01-20;427;3;0;2351;16;0;1.3;0.0;0.0
2B;2021-01-21;345;0;0;2696;16;0;1.5;0.0;0.0
2B;2021-01-22;374;1;0;3070;17;0;1.7;0.0;0.0
2B;2021-01-23;63;0;0;3133;17;0;1.7;0.0;0.0
2B;2021-01-24;26;0;0;3159;17;0;1.7;0.0;0.0
2B;2021-01-25;204;2;0;3363;19;0;1.8;0.0;0.0
2B;2021-01-26;368;1;0;3731;20;0;2.0;0.0;0.0
2B;2021-01-27;323;48;0;4054;68;0;2.2;0.0;0.0
2B;2021-01-28;342;138;0;4396;206;0;2.4;0.1;0.0
2B;2021-01-29;292;158;0;4688;364;0;2.6;0.2;0.0
2B;2021-01-30;86;35;0;4774;399;0;2.6;0.2;0.0
2B;2021-01-31;66;0;0;4840;399;0;2.7;0.2;0.0
2B;2021-02-01;223;91;0;5063;490;0;2.8;0.3;0.0
2B;2021-02-02;331;77;0;5394;567;0;3.0;0.3;0.0
2B;2021-02-03;490;88;0;5884;655;0;3.2;0.4;0.0
2B;2021-02-04;433;164;0;6317;819;0;3.5;0.4;0.0
2B;2021-02-05;375;101;0;6692;920;0;3.7;0.5;0.0
2B;2021-02-06;80;18;0;6772;938;0;3.7;0.5;0.0
2B;2021-02-07;59;3;0;6831;941;0;3.7;0.5;0.0
2B;2021-02-08;222;148;0;7053;1089;0;3.9;0.6;0.0
2B;2021-02-09;531;292;0;7584;1381;0;4.2;0.8;0.0
2B;2021-02-10;441;211;0;8025;1592;0;4.4;0.9;0.0
2B;2021-02-11;358;133;0;8383;1725;0;4.6;0.9;0.0
2B;2021-02-12;284;123;0;8667;1848;0;4.8;1.0;0.0
2B;2021-02-13;77;15;0;8744;1863;0;4.8;1.0;0.0
2B;2021-02-14;64;4;0;8808;1867;0;4.8;1.0;0.0
2B;2021-02-15;185;129;0;8993;1996;0;4.9;1.1;0.0
2B;2021-02-16;236;274;0;9229;2270;0;5.1;1.2;0.0
2B;2021-02-17;295;277;0;9524;2547;0;5.2;1.4;0.0
2B;2021-02-18;207;330;0;9731;2877;0;5.3;1.6;0.0
2B;2021-02-19;163;285;0;9894;3162;0;5.4;1.7;0.0
2B;2021-02-20;35;66;0;9929;3228;0;5.4;1.8;0.0
2B;2021-02-21;24;28;0;9953;3256;0;5.5;1.8;0.0
2B;2021-02-22;134;172;0;10087;3428;0;5.5;1.9;0.0
2B;2021-02-23;228;333;0;10315;3761;0;5.7;2.1;0.0
2B;2021-02-24;218;279;0;10533;4040;0;5.8;2.2;0.0
2B;2021-02-25;239;320;0;10772;4360;0;5.9;2.4;0.0
2B;2021-02-26;302;274;0;11074;4634;0;6.1;2.5;0.0
2B;2021-02-27;64;87;0;11138;4721;0;6.1;2.6;0.0
2B;2021-02-28;5;62;0;11143;4783;0;6.1;2.6;0.0
2B;2021-03-01;238;254;0;11381;5037;0;6.2;2.8;0.0
2B;2021-03-02;332;361;0;11713;5398;0;6.4;3.0;0.0
2B;2021-03-03;298;413;0;12011;5811;0;6.6;3.2;0.0
2B;2021-03-04;410;384;0;12421;6195;0;6.8;3.4;0.0
2B;2021-03-05;592;358;0;13013;6553;0;7.1;3.6;0.0
2B;2021-03-06;678;97;0;13691;6650;0;7.5;3.6;0.0
2B;2021-03-07;361;60;0;14052;6710;0;7.7;3.7;0.0
2B;2021-03-08;300;236;0;14352;6946;0;7.9;3.8;0.0
2B;2021-03-09;384;464;0;14736;7410;0;8.1;4.1;0.0
2B;2021-03-10;602;408;0;15338;7818;0;8.4;4.3;0.0
2B;2021-03-11;593;335;0;15931;8153;0;8.7;4.5;0.0
2B;2021-03-12;914;225;0;16845;8378;0;9.2;4.6;0.0
2B;2021-03-13;493;104;0;17338;8482;0;9.5;4.7;0.0
2B;2021-03-14;221;67;0;17559;8549;0;9.6;4.7;0.0
2B;2021-03-15;479;201;0;18038;8750;0;9.9;4.8;0.0
2B;2021-03-16;537;270;0;18575;9020;0;10.2;4.9;0.0
2B;2021-03-17;515;246;0;19090;9266;0;10.5;5.1;0.0
2B;2021-03-18;522;219;0;19612;9485;0;10.8;5.2;0.0
2B;2021-03-19;737;198;0;20349;9683;0;11.2;5.3;0.0
2B;2021-03-20;642;37;0;20991;9720;0;11.5;5.3;0.0
2B;2021-03-21;418;34;0;21409;9754;0;11.7;5.4;0.0
2B;2021-03-22;513;129;0;21922;9883;0;12.0;5.4;0.0
2B;2021-03-23;757;247;0;22679;10130;0;12.4;5.6;0.0
2B;2021-03-24;811;214;0;23490;10344;0;12.9;5.7;0.0
2B;2021-03-25;774;154;0;24264;10498;0;13.3;5.8;0.0
2B;2021-03-26;917;179;0;25181;10677;0;13.8;5.9;0.0
2B;2021-03-27;1040;37;0;26221;10714;0;14.4;5.9;0.0
2B;2021-03-28;800;127;0;27021;10841;0;14.8;5.9;0.0
2B;2021-03-29;705;184;0;27726;11025;0;15.2;6.0;0.0
2B;2021-03-30;895;303;0;28621;11328;0;15.7;6.2;0.0
2B;2021-03-31;919;256;0;29540;11584;0;16.2;6.4;0.0
2B;2021-04-01;969;214;0;30509;11798;0;16.7;6.5;0.0
2B;2021-04-02;933;391;0;31442;12189;0;17.3;6.7;0.0
2B;2021-04-03;1190;171;0;32632;12360;0;17.9;6.8;0.0
2B;2021-04-04;190;88;0;32822;12448;0;18.0;6.8;0.0
2B;2021-04-05;119;113;0;32941;12561;0;18.1;6.9;0.0
2B;2021-04-06;931;361;0;33872;12922;0;18.6;7.1;0.0
2B;2021-04-07;1151;416;0;35023;13338;0;19.2;7.3;0.0
2B;2021-04-08;1055;399;0;36078;13737;0;19.8;7.5;0.0
2B;2021-04-09;1111;542;0;37189;14279;0;20.4;7.8;0.0
2B;2021-04-10;1265;251;0;38454;14530;0;21.1;8.0;0.0
2B;2021-04-11;773;78;0;39227;14608;0;21.5;8.0;0.0
2B;2021-04-12;801;515;0;40028;15123;0;22.0;8.3;0.0
2B;2021-04-13;994;601;0;41022;15724;0;22.5;8.6;0.0
2B;2021-04-14;978;467;0;42000;16191;0;23.0;8.9;0.0
2B;2021-04-15;855;505;0;42855;16696;0;23.5;9.2;0.0
2B;2021-04-16;853;598;0;43708;17294;0;24.0;9.5;0.0
2B;2021-04-17;367;433;0;44075;17727;0;24.2;9.7;0.0
2B;2021-04-18;241;332;0;44316;18059;0;24.3;9.9;0.0
2B;2021-04-19;767;424;0;45083;18483;0;24.7;10.1;0.0
2B;2021-04-20;846;793;0;45929;19276;0;25.2;10.6;0.0
2B;2021-04-21;963;585;0;46892;19861;0;25.7;10.9;0.0
2B;2021-04-22;868;701;0;47760;20562;0;26.2;11.3;0.0
2B;2021-04-23;590;599;0;48350;21161;0;26.5;11.6;0.0
2B;2021-04-24;280;743;0;48630;21904;0;26.7;12.0;0.0
2B;2021-04-25;261;457;0;48891;22361;0;26.8;12.3;0.0
2B;2021-04-26;636;865;0;49527;23226;0;27.2;12.7;0.0
2B;2021-04-27;922;830;0;50449;24056;0;27.7;13.2;0.0
2B;2021-04-28;855;809;0;51304;24865;0;28.1;13.6;0.0
2B;2021-04-29;895;830;0;52199;25695;0;28.6;14.1;0.0
2B;2021-04-30;1069;791;0;53268;26486;0;29.2;14.5;0.0
2B;2021-05-01;419;1070;0;53687;27556;0;29.5;15.1;0.0
2B;2021-05-02;300;231;0;53987;27787;0;29.6;15.2;0.0
2B;2021-05-03;911;462;0;54898;28249;0;30.1;15.5;0.0
2B;2021-05-04;731;1062;0;55629;29311;0;30.5;16.1;0.0
2B;2021-05-05;747;1284;0;56376;30595;0;30.9;16.8;0.0
2B;2021-05-06;1164;848;0;57540;31443;0;31.6;17.3;0.0
2B;2021-05-07;962;940;0;58502;32383;0;32.1;17.8;0.0
2B;2021-05-08;387;811;0;58889;33194;0;32.3;18.2;0.0
2B;2021-05-09;368;647;0;59257;33841;0;32.5;18.6;0.0
2B;2021-05-10;823;776;0;60080;34617;0;33.0;19.0;0.0
2B;2021-05-11;793;1065;0;60873;35682;0;33.4;19.6;0.0
2B;2021-05-12;757;842;0;61630;36524;0;33.8;20.0;0.0
2B;2021-05-13;855;348;0;62485;36872;0;34.3;20.2;0.0
2B;2021-05-14;585;523;0;63070;37395;0;34.6;20.5;0.0
2B;2021-05-15;568;325;0;63638;37720;0;34.9;20.7;0.0
2B;2021-05-16;220;169;0;63858;37889;0;35.0;20.8;0.0
2B;2021-05-17;879;374;0;64737;38263;0;35.5;21.0;0.0
2B;2021-05-18;848;349;0;65585;38612;0;36.0;21.2;0.0
2B;2021-05-19;660;376;0;66245;38988;0;36.3;21.4;0.0
2B;2021-05-20;597;343;0;66842;39331;0;36.7;21.6;0.0
2B;2021-05-21;585;472;0;67427;39803;0;37.0;21.8;0.0
2B;2021-05-22;471;353;0;67898;40156;0;37.3;22.0;0.0
2B;2021-05-23;130;41;0;68028;40197;0;37.3;22.1;0.0
2B;2021-05-24;57;109;0;68085;40306;0;37.4;22.1;0.0
2B;2021-05-25;458;323;0;68543;40629;0;37.6;22.3;0.0
2B;2021-05-26;470;720;0;69013;41349;0;37.9;22.7;0.0
2B;2021-05-27;378;1074;0;69391;42423;0;38.1;23.3;0.0
2B;2021-05-28;430;829;0;69821;43252;0;38.3;23.7;0.0
2B;2021-05-29;249;319;0;70070;43571;0;38.4;23.9;0.0
2B;2021-05-30;35;48;0;70105;43619;0;38.5;23.9;0.0
2B;2021-05-31;335;765;0;70440;44384;0;38.6;24.4;0.0
2B;2021-06-01;359;951;0;70799;45335;0;38.8;24.9;0.0
2B;2021-06-02;316;930;0;71115;46265;0;39.0;25.4;0.0
2B;2021-06-03;450;733;0;71565;46998;0;39.3;25.8;0.0
2B;2021-06-04;312;1135;0;71877;48133;0;39.4;26.4;0.0
2B;2021-06-05;237;450;0;72114;48583;0;39.6;26.7;0.0
2B;2021-06-06;37;131;0;72151;48714;0;39.6;26.7;0.0
2B;2021-06-07;269;885;0;72420;49599;0;39.7;27.2;0.0
2B;2021-06-08;341;1095;0;72761;50694;0;39.9;27.8;0.0
2B;2021-06-09;452;1089;0;73213;51783;0;40.2;28.4;0.0
2B;2021-06-10;333;882;0;73546;52665;0;40.4;28.9;0.0
2B;2021-06-11;384;1154;0;73930;53819;0;40.6;29.5;0.0
2B;2021-06-12;140;501;0;74070;54320;0;40.6;29.8;0.0
2B;2021-06-13;29;71;0;74099;54391;0;40.7;29.8;0.0
2B;2021-06-14;175;1001;0;74274;55392;0;40.8;30.4;0.0
2B;2021-06-15;328;1116;0;74602;56508;0;40.9;31.0;0.0
2B;2021-06-16;346;854;0;74948;57362;0;41.1;31.5;0.0
2B;2021-06-17;343;918;0;75291;58280;0;41.3;32.0;0.0
2B;2021-06-18;298;844;0;75589;59124;0;41.5;32.4;0.0
2B;2021-06-19;137;311;0;75726;59435;0;41.5;32.6;0.0
2B;2021-06-20;44;193;0;75770;59628;0;41.6;32.7;0.0
2B;2021-06-21;246;878;0;76016;60506;0;41.7;33.2;0.0
2B;2021-06-22;268;1015;0;76284;61521;0;41.9;33.8;0.0
2B;2021-06-23;194;791;0;76478;62312;0;42.0;34.2;0.0
2B;2021-06-24;280;682;0;76758;62994;0;42.1;34.6;0.0
2B;2021-06-25;192;923;0;76950;63917;0;42.2;35.1;0.0
2B;2021-06-26;96;478;0;77046;64395;0;42.3;35.3;0.0
2B;2021-06-27;26;195;0;77072;64590;0;42.3;35.4;0.0
2B;2021-06-28;294;859;0;77366;65449;0;42.4;35.9;0.0
2B;2021-06-29;240;858;0;77606;66307;0;42.6;36.4;0.0
2B;2021-06-30;321;825;0;77927;67132;0;42.8;36.8;0.0
2B;2021-07-01;211;442;0;78138;67574;0;42.9;37.1;0.0
2B;2021-07-02;191;475;0;78329;68049;0;43.0;37.3;0.0
2B;2021-07-03;85;361;0;78414;68410;0;43.0;37.5;0.0
2B;2021-07-04;6;11;0;78420;68421;0;43.0;37.5;0.0
2B;2021-07-05;238;590;0;78658;69011;0;43.2;37.9;0.0
2B;2021-07-06;404;605;0;79062;69616;0;43.4;38.2;0.0
2B;2021-07-07;354;764;0;79416;70380;0;43.6;38.6;0.0
2B;2021-07-08;169;289;0;79585;70669;0;43.7;38.8;0.0
2B;2021-07-09;216;330;0;79801;70999;0;43.8;39.0;0.0
2B;2021-07-10;161;153;0;79962;71152;0;43.9;39.0;0.0
2B;2021-07-11;19;26;0;79981;71178;0;43.9;39.1;0.0
2B;2021-07-12;429;641;0;80410;71819;0;44.1;39.4;0.0
2B;2021-07-13;731;853;0;81141;72672;0;44.5;39.9;0.0
2B;2021-07-14;294;75;0;81435;72747;0;44.7;39.9;0.0
2B;2021-07-15;1129;508;0;82564;73255;0;45.3;40.2;0.0
2B;2021-07-16;1002;479;0;83566;73734;0;45.9;40.5;0.0
2B;2021-07-17;646;284;0;84212;74018;0;46.2;40.6;0.0
2B;2021-07-18;152;40;0;84364;74058;0;46.3;40.6;0.0
2B;2021-07-19;780;604;0;85144;74662;0;46.7;41.0;0.0
2B;2021-07-20;1048;528;0;86192;75190;0;47.3;41.3;0.0
2B;2021-07-21;1183;603;0;87375;75793;0;47.9;41.6;0.0
2B;2021-07-22;1105;461;0;88480;76254;0;48.5;41.8;0.0
2B;2021-07-23;1112;387;0;89592;76641;0;49.2;42.1;0.0
2B;2021-07-24;455;254;0;90047;76895;0;49.4;42.2;0.0
2B;2021-07-25;167;40;0;90214;76935;0;49.5;42.2;0.0
2B;2021-07-26;795;507;0;91009;77442;0;49.9;42.5;0.0
2B;2021-07-27;1307;552;0;92316;77994;0;50.7;42.8;0.0
2B;2021-07-28;996;487;0;93312;78481;0;51.2;43.1;0.0
2B;2021-07-29;929;356;0;94241;78837;0;51.7;43.3;0.0
2B;2021-07-30;655;293;0;94896;79130;0;52.1;43.4;0.0
2B;2021-07-31;502;187;0;95398;79317;0;52.3;43.5;0.0
2B;2021-08-01;203;31;0;95601;79348;0;52.5;43.5;0.0
2B;2021-08-02;660;388;0;96261;79736;0;52.8;43.7;0.0
2B;2021-08-03;940;573;0;97201;80309;0;53.3;44.1;0.0
2B;2021-08-04;691;373;0;97892;80682;0;53.7;44.3;0.0
2B;2021-08-05;879;433;0;98771;81115;0;54.2;44.5;0.0
2B;2021-08-06;597;429;0;99368;81544;0;54.5;44.7;0.0
2B;2021-08-07;275;304;0;99643;81848;0;54.7;44.9;0.0
2B;2021-08-08;82;70;0;99725;81918;0;54.7;44.9;0.0
2B;2021-08-09;461;632;0;100186;82550;0;55.0;45.3;0.0
2B;2021-08-10;607;944;0;100793;83494;0;55.3;45.8;0.0
2B;2021-08-11;632;717;0;101425;84211;0;55.6;46.2;0.0
2B;2021-08-12;625;885;0;102050;85096;0;56.0;46.7;0.0
2B;2021-08-13;396;771;0;102446;85867;0;56.2;47.1;0.0
2B;2021-08-14;176;349;0;102622;86216;0;56.3;47.3;0.0
2B;2021-08-15;96;107;0;102718;86323;0;56.4;47.4;0.0
2B;2021-08-16;462;925;0;103180;87248;0;56.6;47.9;0.0
2B;2021-08-17;527;1101;0;103707;88349;0;56.9;48.5;0.0
2B;2021-08-18;442;992;0;104149;89341;0;57.1;49.0;0.0
2B;2021-08-19;371;737;0;104520;90078;0;57.3;49.4;0.0
2B;2021-08-20;292;711;0;104812;90789;0;57.5;49.8;0.0
2B;2021-08-21;135;429;0;104947;91218;0;57.6;50.0;0.0
2B;2021-08-22;71;174;0;105018;91392;0;57.6;50.1;0.0
2B;2021-08-23;336;829;0;105354;92221;0;57.8;50.6;0.0
2B;2021-08-24;419;992;0;105773;93213;0;58.0;51.1;0.0
2B;2021-08-25;300;866;0;106073;94079;0;58.2;51.6;0.0
2B;2021-08-26;374;707;0;106447;94786;0;58.4;52.0;0.0
2B;2021-08-27;233;508;0;106680;95294;0;58.5;52.3;0.0
2B;2021-08-28;148;374;0;106828;95668;0;58.6;52.5;0.0
2B;2021-08-29;51;106;0;106879;95774;0;58.6;52.5;0.0
2B;2021-08-30;329;740;18;107208;96514;18;58.8;53.0;0.0
2B;2021-08-31;340;777;47;107548;97291;65;59.0;53.4;0.0
2B;2021-09-01;377;832;62;107925;98123;127;59.2;53.8;0.1
2B;2021-09-02;289;575;72;108214;98698;199;59.4;54.2;0.1
2B;2021-09-03;218;387;67;108432;99085;266;59.5;54.4;0.1
2B;2021-09-04;123;289;40;108555;99374;306;59.6;54.5;0.2
2B;2021-09-05;14;96;25;108569;99470;331;59.6;54.6;0.2
2B;2021-09-06;172;533;84;108741;100003;415;59.7;54.9;0.2
2B;2021-09-07;229;685;200;108970;100688;615;59.8;55.2;0.3
2B;2021-09-08;193;580;110;109163;101268;725;59.9;55.6;0.4
2B;2021-09-09;174;351;111;109337;101619;836;60.0;55.8;0.5
2B;2021-09-10;198;334;110;109535;101953;946;60.1;55.9;0.5
2B;2021-09-11;129;233;53;109664;102186;999;60.2;56.1;0.5
2B;2021-09-12;15;86;24;109679;102272;1023;60.2;56.1;0.6
2B;2021-09-13;177;438;61;109856;102710;1084;60.3;56.4;0.6
2B;2021-09-14;267;579;274;110123;103289;1358;60.4;56.7;0.7
2B;2021-09-15;158;551;107;110281;103840;1465;60.5;57.0;0.8
2B;2021-09-16;206;288;326;110487;104128;1791;60.6;57.1;1.0
2B;2021-09-17;122;188;134;110609;104316;1925;60.7;57.2;1.1
2B;2021-09-18;58;165;80;110667;104481;2005;60.7;57.3;1.1
2B;2021-09-19;14;21;21;110681;104502;2026;60.7;57.3;1.1
2B;2021-09-20;104;376;122;110785;104878;2148;60.8;57.5;1.2
2B;2021-09-21;103;368;192;110888;105246;2340;60.8;57.7;1.3
2B;2021-09-22;120;403;183;111008;105649;2523;60.9;58.0;1.4
2B;2021-09-23;99;214;207;111107;105863;2730;61.0;58.1;1.5
2B;2021-09-24;91;198;160;111198;106061;2890;61.0;58.2;1.6
2B;2021-09-25;42;127;67;111240;106188;2957;61.0;58.3;1.6
2B;2021-09-26;3;28;28;111243;106216;2985;61.0;58.3;1.6
2B;2021-09-27;66;225;97;111309;106441;3082;61.1;58.4;1.7
2B;2021-09-28;84;189;106;111393;106630;3188;61.1;58.5;1.7
2B;2021-09-29;120;322;133;111513;106952;3321;61.2;58.7;1.8
2B;2021-09-30;70;118;123;111583;107070;3444;61.2;58.7;1.9
2B;2021-10-01;139;162;114;111722;107232;3558;61.3;58.8;2.0
2B;2021-10-02;56;109;117;111778;107341;3675;61.3;58.9;2.0
2B;2021-10-03;8;15;7;111786;107356;3682;61.3;58.9;2.0
2B;2021-10-04;97;149;114;111883;107505;3796;61.4;59.0;2.1
2B;2021-10-05;89;216;218;111972;107721;4014;61.4;59.1;2.2
2B;2021-10-06;126;261;219;112098;107982;4233;61.5;59.2;2.3
2B;2021-10-07;48;121;255;112146;108103;4488;61.5;59.3;2.5
2B;2021-10-08;85;172;146;112231;108275;4634;61.6;59.4;2.5
2B;2021-10-09;79;116;203;112310;108391;4837;61.6;59.5;2.7
2B;2021-10-10;12;23;7;112322;108414;4844;61.6;59.5;2.7
2B;2021-10-11;61;137;163;112383;108551;5007;61.7;59.6;2.7
2B;2021-10-12;82;161;262;112465;108712;5269;61.7;59.6;2.9
2B;2021-10-13;123;235;281;112588;108947;5550;61.8;59.8;3.0
2B;2021-10-14;97;171;336;112685;109118;5886;61.8;59.9;3.2
2B;2021-10-15;81;125;215;112766;109243;6101;61.9;59.9;3.3
2B;2021-10-16;71;100;183;112837;109343;6284;61.9;60.0;3.4
2B;2021-10-17;15;2;14;112852;109345;6298;61.9;60.0;3.5
2B;2021-10-18;72;95;208;112924;109440;6506;62.0;60.0;3.6
2B;2021-10-19;66;85;268;112990;109525;6774;62.0;60.1;3.7
2B;2021-10-20;83;162;429;113073;109687;7203;62.0;60.2;4.0
2B;2021-10-21;76;113;374;113149;109800;7577;62.1;60.2;4.2
2B;2021-10-22;82;114;269;113231;109914;7846;62.1;60.3;4.3
2B;2021-10-23;53;63;172;113284;109977;8018;62.2;60.3;4.4
2B;2021-10-24;0;14;16;113284;109991;8034;62.2;60.3;4.4
2B;2021-10-25;72;107;253;113356;110098;8287;62.2;60.4;4.5
2B;2021-10-26;37;111;346;113393;110209;8633;62.2;60.5;4.7
2B;2021-10-27;62;126;478;113455;110335;9111;62.2;60.5;5.0
2B;2021-10-28;50;69;259;113505;110404;9370;62.3;60.6;5.1
2B;2021-10-29;56;94;462;113561;110498;9832;62.3;60.6;5.4
2B;2021-10-30;43;78;264;113604;110576;10096;62.3;60.7;5.5
2B;2021-10-31;4;12;23;113608;110588;10119;62.3;60.7;5.6
2B;2021-11-01;8;5;7;113616;110593;10126;62.3;60.7;5.6
2B;2021-11-02;76;109;367;113692;110702;10493;62.4;60.7;5.8
2B;2021-11-03;59;105;509;113751;110807;11002;62.4;60.8;6.0
2B;2021-11-04;56;88;454;113807;110895;11456;62.4;60.8;6.3
2B;2021-11-05;63;84;359;113870;110979;11815;62.5;60.9;6.5
2B;2021-11-06;56;54;302;113926;111033;12117;62.5;60.9;6.6
2B;2021-11-07;4;15;13;113930;111048;12130;62.5;60.9;6.7
2B;2021-11-08;39;78;374;113969;111126;12504;62.5;61.0;6.9
2B;2021-11-09;67;92;516;114036;111218;13020;62.6;61.0;7.1
2B;2021-11-10;68;132;660;114104;111350;13680;62.6;61.1;7.5
2B;2021-11-11;12;10;33;114116;111360;13713;62.6;61.1;7.5
2B;2021-11-12;70;93;724;114186;111453;14437;62.7;61.2;7.9
2B;2021-11-13;22;74;398;114208;111527;14835;62.7;61.2;8.1
2B;2021-11-14;14;10;110;114222;111537;14945;62.7;61.2;8.2
2B;2021-11-15;69;71;523;114291;111608;15468;62.7;61.2;8.5
2B;2021-11-16;55;77;682;114346;111685;16150;62.7;61.3;8.9
2B;2021-11-17;81;95;746;114427;111780;16896;62.8;61.3;9.3
2B;2021-11-18;68;68;887;114495;111848;17783;62.8;61.4;9.8
2B;2021-11-19;92;74;691;114587;111922;18474;62.9;61.4;10.1
2B;2021-11-20;37;58;455;114624;111980;18929;62.9;61.4;10.4
2B;2021-11-21;16;17;171;114640;111997;19100;62.9;61.4;10.5
2B;2021-11-22;86;51;669;114726;112048;19769;62.9;61.5;10.8
2B;2021-11-23;82;65;1010;114808;112113;20779;63.0;61.5;11.4
2B;2021-11-24;91;78;945;114899;112191;21724;63.0;61.6;11.9
2B;2021-11-25;76;67;989;114975;112258;22713;63.1;61.6;12.5
2B;2021-11-26;81;93;1315;115056;112351;24028;63.1;61.6;13.2
2B;2021-11-27;89;68;1084;115145;112419;25112;63.2;61.7;13.8
2B;2021-11-28;15;12;198;115160;112431;25310;63.2;61.7;13.9
2B;2021-11-29;68;51;1374;115228;112482;26684;63.2;61.7;14.6
2B;2021-11-30;114;87;1783;115342;112569;28467;63.3;61.8;15.6
2B;2021-12-01;95;99;1778;115437;112668;30245;63.3;61.8;16.6
2B;2021-12-02;108;54;2221;115545;112722;32466;63.4;61.8;17.8
2B;2021-12-03;107;73;2119;115652;112795;34585;63.5;61.9;19.0
2B;2021-12-04;79;66;1249;115731;112861;35834;63.5;61.9;19.7
2B;2021-12-05;9;22;235;115740;112883;36069;63.5;61.9;19.8
2B;2021-12-06;72;86;1269;115812;112969;37338;63.5;62.0;20.5
2B;2021-12-07;77;78;1748;115889;113047;39086;63.6;62.0;21.4
2B;2021-12-08;84;136;1785;115973;113183;40871;63.6;62.1;22.4
2B;2021-12-09;79;85;1597;116052;113268;42468;63.7;62.1;23.3
30;2020-12-27;0;0;0;0;0;0;0.0;0.0;0.0
30;2020-12-28;0;0;0;0;0;0;0.0;0.0;0.0
30;2020-12-29;0;0;0;0;0;0;0.0;0.0;0.0
30;2020-12-30;1;0;0;1;0;0;0.0;0.0;0.0
30;2020-12-31;0;0;0;1;0;0;0.0;0.0;0.0
30;2021-01-01;1;0;0;2;0;0;0.0;0.0;0.0
30;2021-01-02;1;0;0;3;0;0;0.0;0.0;0.0
30;2021-01-03;0;0;0;3;0;0;0.0;0.0;0.0
30;2021-01-04;1;0;0;4;0;0;0.0;0.0;0.0
30;2021-01-05;6;0;0;10;0;0;0.0;0.0;0.0
30;2021-01-06;122;1;0;132;1;0;0.0;0.0;0.0
30;2021-01-07;307;0;0;439;1;0;0.1;0.0;0.0
30;2021-01-08;476;1;0;915;2;0;0.1;0.0;0.0
30;2021-01-09;259;0;0;1174;2;0;0.2;0.0;0.0
30;2021-01-10;4;0;0;1178;2;0;0.2;0.0;0.0
30;2021-01-11;511;1;0;1689;3;0;0.2;0.0;0.0
30;2021-01-12;788;3;0;2477;6;0;0.3;0.0;0.0
30;2021-01-13;633;1;0;3110;7;0;0.4;0.0;0.0
30;2021-01-14;714;5;0;3824;12;0;0.5;0.0;0.0
30;2021-01-15;770;4;0;4594;16;0;0.6;0.0;0.0
30;2021-01-16;305;1;0;4899;17;0;0.7;0.0;0.0
30;2021-01-17;2;0;0;4901;17;0;0.7;0.0;0.0
30;2021-01-18;918;6;0;5819;23;0;0.8;0.0;0.0
30;2021-01-19;1735;8;0;7554;31;0;1.0;0.0;0.0
30;2021-01-20;1353;4;0;8907;35;0;1.2;0.0;0.0
30;2021-01-21;1303;5;0;10210;40;0;1.4;0.0;0.0
30;2021-01-22;1116;5;0;11326;45;0;1.5;0.0;0.0
30;2021-01-23;646;1;0;11972;46;0;1.6;0.0;0.0
30;2021-01-24;3;0;0;11975;46;0;1.6;0.0;0.0
30;2021-01-25;830;4;0;12805;50;0;1.7;0.0;0.0
30;2021-01-26;1091;18;0;13896;68;0;1.9;0.0;0.0
30;2021-01-27;1006;96;0;14902;164;0;2.0;0.0;0.0
30;2021-01-28;839;251;0;15741;415;0;2.1;0.1;0.0
30;2021-01-29;777;371;0;16518;786;0;2.2;0.1;0.0
30;2021-01-30;485;266;0;17003;1052;0;2.3;0.1;0.0
30;2021-01-31;3;7;0;17006;1059;0;2.3;0.1;0.0
30;2021-02-01;814;412;0;17820;1471;0;2.4;0.2;0.0
30;2021-02-02;1810;631;0;19630;2102;0;2.6;0.3;0.0
30;2021-02-03;1263;463;0;20893;2565;0;2.8;0.3;0.0
30;2021-02-04;1067;661;0;21960;3226;0;2.9;0.4;0.0
30;2021-02-05;708;731;0;22668;3957;0;3.0;0.5;0.0
30;2021-02-06;317;236;0;22985;4193;0;3.1;0.6;0.0
30;2021-02-07;5;10;0;22990;4203;0;3.1;0.6;0.0
30;2021-02-08;606;718;0;23596;4921;0;3.2;0.7;0.0
30;2021-02-09;980;1035;0;24576;5956;0;3.3;0.8;0.0
30;2021-02-10;996;1067;0;25572;7023;0;3.4;0.9;0.0
30;2021-02-11;994;1011;0;26566;8034;0;3.5;1.1;0.0
30;2021-02-12;725;932;0;27291;8966;0;3.6;1.2;0.0
30;2021-02-13;425;401;0;27716;9367;0;3.7;1.3;0.0
30;2021-02-14;2;22;0;27718;9389;0;3.7;1.3;0.0
30;2021-02-15;459;656;0;28177;10045;0;3.8;1.3;0.0
30;2021-02-16;456;930;0;28633;10975;0;3.8;1.5;0.0
30;2021-02-17;695;636;0;29328;11611;0;3.9;1.6;0.0
30;2021-02-18;807;650;0;30135;12261;0;4.0;1.6;0.0
30;2021-02-19;624;764;0;30759;13025;0;4.1;1.7;0.0
30;2021-02-20;230;234;0;30989;13259;0;4.1;1.8;0.0
30;2021-02-21;4;6;0;30993;13265;0;4.1;1.8;0.0
30;2021-02-22;508;785;0;31501;14050;0;4.2;1.9;0.0
30;2021-02-23;960;1483;0;32461;15533;0;4.3;2.1;0.0
30;2021-02-24;900;1171;0;33361;16704;0;4.5;2.2;0.0
30;2021-02-25;1197;983;0;34558;17687;0;4.6;2.4;0.0
30;2021-02-26;1323;696;0;35881;18383;0;4.8;2.5;0.0
30;2021-02-27;529;511;0;36410;18894;0;4.9;2.5;0.0
30;2021-02-28;7;9;0;36417;18903;0;4.9;2.5;0.0
30;2021-03-01;1203;859;0;37620;19762;0;5.0;2.6;0.0
30;2021-03-02;1553;948;0;39173;20710;0;5.2;2.8;0.0
30;2021-03-03;2039;857;0;41212;21567;0;5.5;2.9;0.0
30;2021-03-04;2403;952;0;43615;22519;0;5.8;3.0;0.0
30;2021-03-05;2528;702;0;46143;23221;0;6.2;3.1;0.0
30;2021-03-06;2695;365;0;48838;23586;0;6.5;3.2;0.0
30;2021-03-07;1698;45;0;50536;23631;0;6.8;3.2;0.0
30;2021-03-08;1473;795;0;52009;24426;0;6.9;3.3;0.0
30;2021-03-09;2162;928;0;54171;25354;0;7.2;3.4;0.0
30;2021-03-10;2317;720;0;56488;26074;0;7.5;3.5;0.0
30;2021-03-11;2919;744;0;59407;26818;0;7.9;3.6;0.0
30;2021-03-12;3025;478;0;62432;27296;0;8.3;3.6;0.0
30;2021-03-13;2138;298;0;64570;27594;0;8.6;3.7;0.0
30;2021-03-14;101;7;0;64671;27601;0;8.6;3.7;0.0
30;2021-03-15;1547;593;0;66218;28194;0;8.8;3.8;0.0
30;2021-03-16;1286;1052;0;67504;29246;0;9.0;3.9;0.0
30;2021-03-17;1394;674;0;68898;29920;0;9.2;4.0;0.0
30;2021-03-18;1624;709;0;70522;30629;0;9.4;4.1;0.0
30;2021-03-19;2249;545;0;72771;31174;0;9.7;4.2;0.0
30;2021-03-20;1321;137;0;74092;31311;0;9.9;4.2;0.0
30;2021-03-21;95;6;0;74187;31317;0;9.9;4.2;0.0
30;2021-03-22;2345;703;0;76532;32020;0;10.2;4.3;0.0
30;2021-03-23;3423;804;0;79955;32824;0;10.7;4.4;0.0
30;2021-03-24;3473;804;0;83428;33628;0;11.1;4.5;0.0
30;2021-03-25;4321;815;0;87749;34443;0;11.7;4.6;0.0
30;2021-03-26;4353;633;0;92102;35076;0;12.3;4.7;0.0
30;2021-03-27;1869;339;0;93971;35415;0;12.6;4.7;0.0
30;2021-03-28;66;5;0;94037;35420;0;12.6;4.7;0.0
30;2021-03-29;2774;1425;0;96811;36845;0;12.9;4.9;0.0
30;2021-03-30;3844;1638;0;100655;38483;0;13.4;5.1;0.0
30;2021-03-31;3433;1439;0;104088;39922;0;13.9;5.3;0.0
30;2021-04-01;4018;1344;0;108106;41266;0;14.4;5.5;0.0
30;2021-04-02;3534;1134;0;111640;42400;0;14.9;5.7;0.0
30;2021-04-03;992;1052;0;112632;43452;0;15.0;5.8;0.0
30;2021-04-04;44;196;0;112676;43648;0;15.1;5.8;0.0
30;2021-04-05;701;266;0;113377;43914;0;15.1;5.9;0.0
30;2021-04-06;2841;1482;0;116218;45396;0;15.5;6.1;0.0
30;2021-04-07;2612;1496;0;118830;46892;0;15.9;6.3;0.0
30;2021-04-08;3823;1448;0;122653;48340;0;16.4;6.5;0.0
30;2021-04-09;4727;1442;0;127380;49782;0;17.0;6.7;0.0
30;2021-04-10;2253;1046;0;129633;50828;0;17.3;6.8;0.0
30;2021-04-11;799;61;0;130432;50889;0;17.4;6.8;0.0
30;2021-04-12;2972;1428;0;133404;52317;0;17.8;7.0;0.0
30;2021-04-13;3810;1829;0;137214;54146;0;18.3;7.2;0.0
30;2021-04-14;3361;1517;0;140575;55663;0;18.8;7.4;0.0
30;2021-04-15;3759;1524;0;144334;57187;0;19.3;7.6;0.0
30;2021-04-16;3619;1539;0;147953;58726;0;19.8;7.8;0.0
30;2021-04-17;1475;864;0;149428;59590;0;20.0;8.0;0.0
30;2021-04-18;788;90;0;150216;59680;0;20.1;8.0;0.0
30;2021-04-19;2422;2244;0;152638;61924;0;20.4;8.3;0.0
30;2021-04-20;2776;2746;0;155414;64670;0;20.8;8.6;0.0
30;2021-04-21;2605;2453;0;158019;67123;0;21.1;9.0;0.0
30;2021-04-22;3558;2353;0;161577;69476;0;21.6;9.3;0.0
30;2021-04-23;3555;2340;0;165132;71816;0;22.1;9.6;0.0
30;2021-04-24;1379;1136;0;166511;72952;0;22.2;9.7;0.0
30;2021-04-25;666;107;0;167177;73059;0;22.3;9.8;0.0
30;2021-04-26;2028;2317;0;169205;75376;0;22.6;10.1;0.0
30;2021-04-27;3003;2608;0;172208;77984;0;23.0;10.4;0.0
30;2021-04-28;2978;2450;0;175186;80434;0;23.4;10.7;0.0
30;2021-04-29;3741;2355;0;178927;82789;0;23.9;11.1;0.0
30;2021-04-30;3561;2081;0;182488;84870;0;24.4;11.3;0.0
30;2021-05-01;1673;550;0;184161;85420;0;24.6;11.4;0.0
30;2021-05-02;641;241;0;184802;85661;0;24.7;11.4;0.0
30;2021-05-03;3832;2402;0;188634;88063;0;25.2;11.8;0.0
30;2021-05-04;4105;3348;0;192739;91411;0;25.8;12.2;0.0
30;2021-05-05;4108;2989;0;196847;94400;0;26.3;12.6;0.0
30;2021-05-06;4346;3221;0;201193;97621;0;26.9;13.0;0.0
30;2021-05-07;4181;3085;0;205374;100706;0;27.4;13.5;0.0
30;2021-05-08;1658;706;0;207032;101412;0;27.7;13.5;0.0
30;2021-05-09;371;522;0;207403;101934;0;27.7;13.6;0.0
30;2021-05-10;3087;2995;0;210490;104929;0;28.1;14.0;0.0
30;2021-05-11;5475;3624;0;215965;108553;0;28.9;14.5;0.0
30;2021-05-12;5316;3080;0;221281;111633;0;29.6;14.9;0.0
30;2021-05-13;3419;983;0;224700;112616;0;30.0;15.0;0.0
30;2021-05-14;5039;2301;0;229739;114917;0;30.7;15.4;0.0
30;2021-05-15;3499;1170;0;233238;116087;0;31.2;15.5;0.0
30;2021-05-16;738;323;0;233976;116410;0;31.3;15.6;0.0
30;2021-05-17;3997;2920;0;237973;119330;0;31.8;15.9;0.0
30;2021-05-18;4868;2920;0;242841;122250;0;32.4;16.3;0.0
30;2021-05-19;5077;2478;0;247918;124728;0;33.1;16.7;0.0
30;2021-05-20;5204;2544;0;253122;127272;0;33.8;17.0;0.0
30;2021-05-21;5076;2454;0;258198;129726;0;34.5;17.3;0.0
30;2021-05-22;3110;1230;0;261308;130956;0;34.9;17.5;0.0
30;2021-05-23;439;303;0;261747;131259;0;35.0;17.5;0.0
30;2021-05-24;1045;749;0;262792;132008;0;35.1;17.6;0.0
30;2021-05-25;3238;3142;0;266030;135150;0;35.5;18.1;0.0
30;2021-05-26;3367;2610;0;269397;137760;0;36.0;18.4;0.0
30;2021-05-27;4246;2732;0;273643;140492;0;36.6;18.8;0.0
30;2021-05-28;3681;3324;0;277324;143816;0;37.1;19.2;0.0
30;2021-05-29;1831;1836;0;279155;145652;0;37.3;19.5;0.0
30;2021-05-30;378;540;0;279533;146192;0;37.3;19.5;0.0
30;2021-05-31;3055;2461;0;282588;148653;0;37.8;19.9;0.0
30;2021-06-01;4086;2967;0;286674;151620;0;38.3;20.3;0.0
30;2021-06-02;3681;2716;0;290355;154336;0;38.8;20.6;0.0
30;2021-06-03;4520;3423;0;294875;157759;0;39.4;21.1;0.0
30;2021-06-04;4143;3505;0;299018;161264;0;40.0;21.5;0.0
30;2021-06-05;2038;1432;0;301056;162696;0;40.2;21.7;0.0
30;2021-06-06;769;282;0;301825;162978;0;40.3;21.8;0.0
30;2021-06-07;4694;2732;0;306519;165710;0;41.0;22.1;0.0
30;2021-06-08;4776;3505;0;311295;169215;0;41.6;22.6;0.0
30;2021-06-09;4202;3200;0;315497;172415;0;42.2;23.0;0.0
30;2021-06-10;4637;3451;0;320134;175866;0;42.8;23.5;0.0
30;2021-06-11;4630;4040;0;324764;179906;0;43.4;24.0;0.0
30;2021-06-12;2539;1746;0;327303;181652;0;43.7;24.3;0.0
30;2021-06-13;581;375;0;327884;182027;0;43.8;24.3;0.0
30;2021-06-14;2468;4794;0;330352;186821;0;44.1;25.0;0.0
30;2021-06-15;3272;5442;0;333624;192263;0;44.6;25.7;0.0
30;2021-06-16;3144;4796;0;336768;197059;0;45.0;26.3;0.0
30;2021-06-17;3841;4404;0;340609;201463;0;45.5;26.9;0.0
30;2021-06-18;3706;4835;0;344315;206298;0;46.0;27.6;0.0
30;2021-06-19;1429;2059;0;345744;208357;0;46.2;27.8;0.0
30;2021-06-20;409;554;0;346153;208911;0;46.2;27.9;0.0
30;2021-06-21;2236;5010;0;348389;213921;0;46.5;28.6;0.0
30;2021-06-22;2311;5925;0;350700;219846;0;46.9;29.4;0.0
30;2021-06-23;2486;5472;0;353186;225318;0;47.2;30.1;0.0
30;2021-06-24;2297;4924;0;355483;230242;0;47.5;30.8;0.0
30;2021-06-25;2539;5813;0;358022;236055;0;47.8;31.5;0.0
30;2021-06-26;902;2942;0;358924;238997;0;48.0;31.9;0.0
30;2021-06-27;241;630;0;359165;239627;0;48.0;32.0;0.0
30;2021-06-28;1593;6207;0;360758;245834;0;48.2;32.8;0.0
30;2021-06-29;1836;6217;0;362594;252051;0;48.4;33.7;0.0
30;2021-06-30;2002;5591;0;364596;257642;0;48.7;34.4;0.0
30;2021-07-01;3013;4918;0;367609;262560;0;49.1;35.1;0.0
30;2021-07-02;2849;4774;0;370458;267334;0;49.5;35.7;0.0
30;2021-07-03;1140;3124;0;371598;270458;0;49.6;36.1;0.0
30;2021-07-04;154;512;0;371752;270970;0;49.7;36.2;0.0
30;2021-07-05;1954;4158;0;373706;275128;0;49.9;36.8;0.0
30;2021-07-06;2532;5338;0;376238;280466;0;50.3;37.5;0.0
30;2021-07-07;2397;4419;0;378635;284885;0;50.6;38.1;0.0
30;2021-07-08;1994;3734;0;380629;288619;0;50.9;38.6;0.0
30;2021-07-09;2285;5442;0;382914;294061;0;51.2;39.3;0.0
30;2021-07-10;1348;2147;0;384262;296208;0;51.3;39.6;0.0
30;2021-07-11;94;502;0;384356;296710;0;51.4;39.6;0.0
30;2021-07-12;2270;5186;0;386626;301896;0;51.7;40.3;0.0
30;2021-07-13;3068;6150;0;389694;308046;0;52.1;41.2;0.0
30;2021-07-14;618;672;0;390312;308718;0;52.1;41.2;0.0
30;2021-07-15;3800;5659;0;394112;314377;0;52.7;42.0;0.0
30;2021-07-16;4354;5751;0;398466;320128;0;53.2;42.8;0.0
30;2021-07-17;1680;2492;0;400146;322620;0;53.5;43.1;0.0
30;2021-07-18;235;652;0;400381;323272;0;53.5;43.2;0.0
30;2021-07-19;3200;6097;0;403581;329369;0;53.9;44.0;0.0
30;2021-07-20;4279;6304;0;407860;335673;0;54.5;44.8;0.0
30;2021-07-21;3871;5346;0;411731;341019;0;55.0;45.6;0.0
30;2021-07-22;4596;5579;0;416327;346598;0;55.6;46.3;0.0
30;2021-07-23;4794;5849;0;421121;352447;0;56.3;47.1;0.0
30;2021-07-24;2135;3196;0;423256;355643;0;56.5;47.5;0.0
30;2021-07-25;331;384;0;423587;356027;0;56.6;47.6;0.0
30;2021-07-26;4144;4002;0;427731;360029;0;57.1;48.1;0.0
30;2021-07-27;4722;4518;0;432453;364547;0;57.8;48.7;0.0
30;2021-07-28;4748;3839;0;437201;368386;0;58.4;49.2;0.0
30;2021-07-29;5866;3923;0;443067;372309;0;59.2;49.7;0.0
30;2021-07-30;5331;4165;0;448398;376474;0;59.9;50.3;0.0
30;2021-07-31;2536;1825;0;450934;378299;0;60.2;50.5;0.0
30;2021-08-01;757;319;0;451691;378618;0;60.3;50.6;0.0
30;2021-08-02;3763;3742;0;455454;382360;0;60.9;51.1;0.0
30;2021-08-03;4780;3555;0;460234;385915;0;61.5;51.6;0.0
30;2021-08-04;5207;2814;0;465441;388729;0;62.2;51.9;0.0
30;2021-08-05;4531;3436;0;469972;392165;0;62.8;52.4;0.0
30;2021-08-06;4131;3642;0;474103;395807;0;63.3;52.9;0.0
30;2021-08-07;1798;1857;0;475901;397664;0;63.6;53.1;0.0
30;2021-08-08;568;297;0;476469;397961;0;63.7;53.2;0.0
30;2021-08-09;3298;3439;0;479767;401400;0;64.1;53.6;0.0
30;2021-08-10;3900;3926;0;483667;405326;0;64.6;54.2;0.0
30;2021-08-11;3295;3265;0;486962;408591;0;65.1;54.6;0.0
30;2021-08-12;3566;3742;0;490528;412333;0;65.5;55.1;0.0
30;2021-08-13;3070;3061;0;493598;415394;0;65.9;55.5;0.0
30;2021-08-14;1029;1872;0;494627;417266;0;66.1;55.7;0.0
30;2021-08-15;251;159;0;494878;417425;0;66.1;55.8;0.0
30;2021-08-16;2081;4466;0;496959;421891;0;66.4;56.4;0.0
30;2021-08-17;2565;3912;0;499524;425803;0;66.7;56.9;0.0
30;2021-08-18;2620;3664;0;502144;429467;0;67.1;57.4;0.0
30;2021-08-19;2635;4065;0;504779;433532;0;67.4;57.9;0.0
30;2021-08-20;2409;4334;0;507188;437866;0;67.8;58.5;0.0
30;2021-08-21;919;2656;0;508107;440522;0;67.9;58.9;0.0
30;2021-08-22;204;515;0;508311;441037;0;67.9;58.9;0.0
30;2021-08-23;1574;4220;0;509885;445257;0;68.1;59.5;0.0
30;2021-08-24;1865;4406;0;511750;449663;0;68.4;60.1;0.0
30;2021-08-25;1615;4363;0;513365;454026;0;68.6;60.7;0.0
30;2021-08-26;1789;4269;0;515154;458295;0;68.8;61.2;0.0
30;2021-08-27;1657;4327;0;516811;462622;0;69.0;61.8;0.0
30;2021-08-28;667;2344;0;517478;464966;0;69.1;62.1;0.0
30;2021-08-29;182;607;0;517660;465573;0;69.2;62.2;0.0
30;2021-08-30;1343;4227;55;519003;469800;55;69.3;62.8;0.0
30;2021-08-31;1329;4120;121;520332;473920;176;69.5;63.3;0.0
30;2021-09-01;1337;3482;177;521669;477402;353;69.7;63.8;0.0
30;2021-09-02;1332;3243;275;523001;480645;628;69.9;64.2;0.1
30;2021-09-03;1467;3548;418;524468;484193;1046;70.1;64.7;0.1
30;2021-09-04;657;1803;153;525125;485996;1199;70.2;64.9;0.2
30;2021-09-05;131;468;41;525256;486464;1240;70.2;65.0;0.2
30;2021-09-06;829;2292;456;526085;488756;1696;70.3;65.3;0.2
30;2021-09-07;813;2163;531;526898;490919;2227;70.4;65.6;0.3
30;2021-09-08;938;2551;318;527836;493470;2545;70.5;65.9;0.3
30;2021-09-09;918;2132;370;528754;495602;2915;70.6;66.2;0.4
30;2021-09-10;986;2536;474;529740;498138;3389;70.8;66.6;0.5
30;2021-09-11;537;1499;136;530277;499637;3525;70.8;66.8;0.5
30;2021-09-12;94;240;34;530371;499877;3559;70.9;66.8;0.5
30;2021-09-13;781;1570;453;531152;501447;4012;71.0;67.0;0.5
30;2021-09-14;685;1515;603;531837;502962;4615;71.1;67.2;0.6
30;2021-09-15;819;1863;492;532656;504825;5107;71.2;67.4;0.7
30;2021-09-16;761;1436;750;533417;506261;5857;71.3;67.6;0.8
30;2021-09-17;809;1861;763;534226;508122;6620;71.4;67.9;0.9
30;2021-09-18;412;1010;155;534638;509132;6775;71.4;68.0;0.9
30;2021-09-19;66;156;27;534704;509288;6802;71.4;68.0;0.9
30;2021-09-20;432;1172;588;535136;510460;7390;71.5;68.2;1.0
30;2021-09-21;451;1161;905;535587;511621;8295;71.6;68.4;1.1
30;2021-09-22;503;1413;534;536090;513034;8829;71.6;68.5;1.2
30;2021-09-23;644;1129;804;536734;514163;9633;71.7;68.7;1.3
30;2021-09-24;548;1565;608;537282;515728;10241;71.8;68.9;1.4
30;2021-09-25;339;870;119;537621;516598;10360;71.8;69.0;1.4
30;2021-09-26;54;135;24;537675;516733;10384;71.8;69.0;1.4
30;2021-09-27;398;890;617;538073;517623;11001;71.9;69.2;1.5
30;2021-09-28;533;937;828;538606;518560;11829;72.0;69.3;1.6
30;2021-09-29;467;1110;497;539073;519670;12326;72.0;69.4;1.6
30;2021-09-30;411;917;677;539484;520587;13003;72.1;69.6;1.7
30;2021-10-01;674;1002;836;540158;521589;13839;72.2;69.7;1.8
30;2021-10-02;300;543;228;540458;522132;14067;72.2;69.8;1.9
30;2021-10-03;21;52;4;540479;522184;14071;72.2;69.8;1.9
30;2021-10-04;432;796;844;540911;522980;14915;72.3;69.9;2.0
30;2021-10-05;372;723;906;541283;523703;15821;72.3;70.0;2.1
30;2021-10-06;494;868;940;541777;524571;16761;72.4;70.1;2.2
30;2021-10-07;399;853;846;542176;525424;17607;72.4;70.2;2.4
30;2021-10-08;495;1071;973;542671;526495;18580;72.5;70.3;2.5
30;2021-10-09;314;549;309;542985;527044;18889;72.5;70.4;2.5
30;2021-10-10;10;28;11;542995;527072;18900;72.5;70.4;2.5
30;2021-10-11;288;561;796;543283;527633;19696;72.6;70.5;2.6
30;2021-10-12;386;690;1056;543669;528323;20752;72.6;70.6;2.8
30;2021-10-13;351;680;782;544020;529003;21534;72.7;70.7;2.9
30;2021-10-14;382;677;1089;544402;529680;22623;72.7;70.8;3.0
30;2021-10-15;456;703;1040;544858;530383;23663;72.8;70.9;3.2
30;2021-10-16;216;418;285;545074;530801;23948;72.8;70.9;3.2
30;2021-10-17;12;31;6;545086;530832;23954;72.8;70.9;3.2
30;2021-10-18;305;497;827;545391;531329;24781;72.9;71.0;3.3
30;2021-10-19;307;555;1363;545698;531884;26144;72.9;71.1;3.5
30;2021-10-20;312;446;1079;546010;532330;27223;73.0;71.1;3.6
30;2021-10-21;341;535;1665;546351;532865;28888;73.0;71.2;3.9
30;2021-10-22;369;634;1222;546720;533499;30110;73.0;71.3;4.0
30;2021-10-23;159;296;674;546879;533795;30784;73.1;71.3;4.1
30;2021-10-24;10;21;3;546889;533816;30787;73.1;71.3;4.1
30;2021-10-25;289;405;920;547178;534221;31707;73.1;71.4;4.2
30;2021-10-26;288;354;1299;547466;534575;33006;73.1;71.4;4.4
30;2021-10-27;338;426;1118;547804;535001;34124;73.2;71.5;4.6
30;2021-10-28;308;328;1371;548112;535329;35495;73.2;71.5;4.7
30;2021-10-29;375;480;1461;548487;535809;36956;73.3;71.6;4.9
30;2021-10-30;144;285;511;548631;536094;37467;73.3;71.6;5.0
30;2021-10-31;7;17;6;548638;536111;37473;73.3;71.6;5.0
30;2021-11-01;34;38;19;548672;536149;37492;73.3;71.6;5.0
30;2021-11-02;227;403;1019;548899;536552;38511;73.3;71.7;5.1
30;2021-11-03;364;447;1755;549263;536999;40266;73.4;71.7;5.4
30;2021-11-04;247;341;1514;549510;537340;41780;73.4;71.8;5.6
30;2021-11-05;353;524;1960;549863;537864;43740;73.5;71.9;5.8
30;2021-11-06;167;237;435;550030;538101;44175;73.5;71.9;5.9
30;2021-11-07;16;37;30;550046;538138;44205;73.5;71.9;5.9
30;2021-11-08;174;309;1568;550220;538447;45773;73.5;71.9;6.1
30;2021-11-09;241;392;2211;550461;538839;47984;73.5;72.0;6.4
30;2021-11-10;321;423;2431;550782;539262;50415;73.6;72.0;6.7
30;2021-11-11;30;51;118;550812;539313;50533;73.6;72.1;6.8
30;2021-11-12;264;357;2085;551076;539670;52618;73.6;72.1;7.0
30;2021-11-13;123;199;654;551199;539869;53272;73.6;72.1;7.1
30;2021-11-14;14;28;31;551213;539897;53303;73.6;72.1;7.1
30;2021-11-15;186;331;1988;551399;540228;55291;73.7;72.2;7.4
30;2021-11-16;226;283;2771;551625;540511;58062;73.7;72.2;7.8
30;2021-11-17;299;398;2984;551924;540909;61046;73.7;72.3;8.2
30;2021-11-18;237;368;2662;552161;541277;63708;73.8;72.3;8.5
30;2021-11-19;421;457;3418;552582;541734;67126;73.8;72.4;9.0
30;2021-11-20;136;236;730;552718;541970;67856;73.8;72.4;9.1
30;2021-11-21;6;17;29;552724;541987;67885;73.8;72.4;9.1
30;2021-11-22;222;274;2454;552946;542261;70339;73.9;72.4;9.4
30;2021-11-23;289;245;3000;553235;542506;73339;73.9;72.5;9.8
30;2021-11-24;303;406;3033;553538;542912;76372;74.0;72.5;10.2
30;2021-11-25;327;343;3517;553865;543255;79889;74.0;72.6;10.7
30;2021-11-26;453;477;5428;554318;543732;85317;74.1;72.6;11.4
30;2021-11-27;167;239;1701;554485;543971;87018;74.1;72.7;11.6
30;2021-11-28;29;46;323;554514;544017;87341;74.1;72.7;11.7
30;2021-11-29;199;245;4027;554713;544262;91368;74.1;72.7;12.2
30;2021-11-30;274;326;5706;554987;544588;97074;74.1;72.8;13.0
30;2021-12-01;261;378;5392;555248;544966;102466;74.2;72.8;13.7
30;2021-12-02;265;245;5827;555513;545211;108293;74.2;72.8;14.5
30;2021-12-03;291;348;7270;555804;545559;115563;74.3;72.9;15.4
30;2021-12-04;144;185;2517;555948;545744;118080;74.3;72.9;15.8
30;2021-12-05;29;62;420;555977;545806;118500;74.3;72.9;15.8
30;2021-12-06;217;333;6382;556194;546139;124882;74.3;73.0;16.7
30;2021-12-07;342;353;9151;556536;546492;134033;74.4;73.0;17.9
30;2021-12-08;273;351;8092;556809;546843;142125;74.4;73.1;19.0
30;2021-12-09;314;281;8563;557123;547124;150688;74.4;73.1;20.1
31;2020-12-27;1;0;0;1;0;0;0.0;0.0;0.0
31;2020-12-28;1;0;0;2;0;0;0.0;0.0;0.0
31;2020-12-29;0;0;0;2;0;0;0.0;0.0;0.0
31;2020-12-30;0;0;0;2;0;0;0.0;0.0;0.0
31;2020-12-31;1;0;0;3;0;0;0.0;0.0;0.0
31;2021-01-01;4;0;0;7;0;0;0.0;0.0;0.0
31;2021-01-02;0;0;0;7;0;0;0.0;0.0;0.0
31;2021-01-03;2;0;0;9;0;0;0.0;0.0;0.0
31;2021-01-04;3;1;0;12;1;0;0.0;0.0;0.0
31;2021-01-05;55;0;0;67;1;0;0.0;0.0;0.0
31;2021-01-06;203;1;0;270;2;0;0.0;0.0;0.0
31;2021-01-07;321;1;0;591;3;0;0.0;0.0;0.0
31;2021-01-08;556;0;0;1147;3;0;0.1;0.0;0.0
31;2021-01-09;288;0;0;1435;3;0;0.1;0.0;0.0
31;2021-01-10;278;0;0;1713;3;0;0.1;0.0;0.0
31;2021-01-11;972;4;0;2685;7;0;0.2;0.0;0.0
31;2021-01-12;1157;1;0;3842;8;0;0.3;0.0;0.0
31;2021-01-13;1140;5;0;4982;13;0;0.4;0.0;0.0
31;2021-01-14;1249;19;0;6231;32;0;0.4;0.0;0.0
31;2021-01-15;1061;5;0;7292;37;0;0.5;0.0;0.0
31;2021-01-16;273;2;0;7565;39;0;0.5;0.0;0.0
31;2021-01-17;200;0;0;7765;39;0;0.6;0.0;0.0
31;2021-01-18;1693;7;0;9458;46;0;0.7;0.0;0.0
31;2021-01-19;2917;12;0;12375;58;0;0.9;0.0;0.0
31;2021-01-20;3594;12;0;15969;70;0;1.1;0.0;0.0
31;2021-01-21;3029;10;0;18998;80;0;1.4;0.0;0.0
31;2021-01-22;2303;6;0;21301;86;0;1.5;0.0;0.0
31;2021-01-23;723;2;0;22024;88;0;1.6;0.0;0.0
31;2021-01-24;223;1;0;22247;89;0;1.6;0.0;0.0
31;2021-01-25;1762;13;0;24009;102;0;1.7;0.0;0.0
31;2021-01-26;1995;59;0;26004;161;0;1.9;0.0;0.0
31;2021-01-27;1699;153;0;27703;314;0;2.0;0.0;0.0
31;2021-01-28;1511;287;0;29214;601;0;2.1;0.0;0.0
31;2021-01-29;1399;373;0;30613;974;0;2.2;0.1;0.0
31;2021-01-30;457;180;0;31070;1154;0;2.2;0.1;0.0
31;2021-01-31;77;200;0;31147;1354;0;2.2;0.1;0.0
31;2021-02-01;1249;739;0;32396;2093;0;2.3;0.1;0.0
31;2021-02-02;2997;799;0;35393;2892;0;2.5;0.2;0.0
31;2021-02-03;1875;718;0;37268;3610;0;2.7;0.3;0.0
31;2021-02-04;1882;931;0;39150;4541;0;2.8;0.3;0.0
31;2021-02-05;1393;636;0;40543;5177;0;2.9;0.4;0.0
31;2021-02-06;436;71;0;40979;5248;0;2.9;0.4;0.0
31;2021-02-07;56;59;0;41035;5307;0;2.9;0.4;0.0
31;2021-02-08;1105;679;0;42140;5986;0;3.0;0.4;0.0
31;2021-02-09;1641;1546;0;43781;7532;0;3.1;0.5;0.0
31;2021-02-10;1915;2391;0;45696;9923;0;3.3;0.7;0.0
31;2021-02-11;1795;1792;0;47491;11715;0;3.4;0.8;0.0
31;2021-02-12;1634;864;0;49125;12579;0;3.5;0.9;0.0
31;2021-02-13;513;247;0;49638;12826;0;3.5;0.9;0.0
31;2021-02-14;57;218;0;49695;13044;0;3.5;0.9;0.0
31;2021-02-15;433;1409;0;50128;14453;0;3.6;1.0;0.0
31;2021-02-16;502;1619;0;50630;16072;0;3.6;1.1;0.0
31;2021-02-17;470;1679;0;51100;17751;0;3.6;1.3;0.0
31;2021-02-18;524;1816;0;51624;19567;0;3.7;1.4;0.0
31;2021-02-19;463;1610;0;52087;21177;0;3.7;1.5;0.0
31;2021-02-20;96;537;0;52183;21714;0;3.7;1.5;0.0
31;2021-02-21;73;168;0;52256;21882;0;3.7;1.6;0.0
31;2021-02-22;440;1795;0;52696;23677;0;3.8;1.7;0.0
31;2021-02-23;877;2887;0;53573;26564;0;3.8;1.9;0.0
31;2021-02-24;626;2070;0;54199;28634;0;3.9;2.0;0.0
31;2021-02-25;1435;1887;0;55634;30521;0;4.0;2.2;0.0
31;2021-02-26;1717;1308;0;57351;31829;0;4.1;2.3;0.0
31;2021-02-27;654;416;0;58005;32245;0;4.1;2.3;0.0
31;2021-02-28;92;59;0;58097;32304;0;4.1;2.3;0.0
31;2021-03-01;895;1140;0;58992;33444;0;4.2;2.4;0.0
31;2021-03-02;1281;1653;0;60273;35097;0;4.3;2.5;0.0
31;2021-03-03;1379;1765;0;61652;36862;0;4.4;2.6;0.0
31;2021-03-04;2446;1476;0;64098;38338;0;4.6;2.7;0.0
31;2021-03-05;3054;1575;0;67152;39913;0;4.8;2.8;0.0
31;2021-03-06;2872;421;0;70024;40334;0;5.0;2.9;0.0
31;2021-03-07;5210;114;0;75234;40448;0;5.4;2.9;0.0
31;2021-03-08;1670;1087;0;76904;41535;0;5.5;3.0;0.0
31;2021-03-09;2776;1207;0;79680;42742;0;5.7;3.1;0.0
31;2021-03-10;2588;1080;0;82268;43822;0;5.9;3.1;0.0
31;2021-03-11;4411;1185;0;86679;45007;0;6.2;3.2;0.0
31;2021-03-12;5309;1215;0;91988;46222;0;6.6;3.3;0.0
31;2021-03-13;2859;524;0;94847;46746;0;6.8;3.3;0.0
31;2021-03-14;260;53;0;95107;46799;0;6.8;3.3;0.0
31;2021-03-15;2586;431;0;97693;47230;0;7.0;3.4;0.0
31;2021-03-16;1775;806;0;99468;48036;0;7.1;3.4;0.0
31;2021-03-17;1742;568;0;101210;48604;0;7.2;3.5;0.0
31;2021-03-18;2073;739;0;103283;49343;0;7.4;3.5;0.0
31;2021-03-19;3270;563;0;106553;49906;0;7.6;3.6;0.0
31;2021-03-20;1869;160;0;108422;50066;0;7.7;3.6;0.0
31;2021-03-21;268;33;0;108690;50099;0;7.8;3.6;0.0
31;2021-03-22;2686;396;0;111376;50495;0;8.0;3.6;0.0
31;2021-03-23;4135;364;0;115511;50859;0;8.2;3.6;0.0
31;2021-03-24;4389;306;0;119900;51165;0;8.6;3.7;0.0
31;2021-03-25;6071;542;0;125971;51707;0;9.0;3.7;0.0
31;2021-03-26;5599;554;0;131570;52261;0;9.4;3.7;0.0
31;2021-03-27;4477;220;0;136047;52481;0;9.7;3.7;0.0
31;2021-03-28;2259;51;0;138306;52532;0;9.9;3.7;0.0
31;2021-03-29;4413;492;0;142719;53024;0;10.2;3.8;0.0
31;2021-03-30;6559;580;0;149278;53604;0;10.7;3.8;0.0
31;2021-03-31;5819;434;0;155097;54038;0;11.1;3.9;0.0
31;2021-04-01;7089;625;0;162186;54663;0;11.6;3.9;0.0
31;2021-04-02;6247;644;0;168433;55307;0;12.0;3.9;0.0
31;2021-04-03;4110;214;0;172543;55521;0;12.3;4.0;0.0
31;2021-04-04;2047;116;0;174590;55637;0;12.5;4.0;0.0
31;2021-04-05;607;80;0;175197;55717;0;12.5;4.0;0.0
31;2021-04-06;4351;1201;0;179548;56918;0;12.8;4.1;0.0
31;2021-04-07;6398;1068;0;185946;57986;0;13.3;4.1;0.0
31;2021-04-08;7725;1119;0;193671;59105;0;13.8;4.2;0.0
31;2021-04-09;8490;1339;0;202161;60444;0;14.4;4.3;0.0
31;2021-04-10;5183;611;0;207344;61055;0;14.8;4.4;0.0
31;2021-04-11;2111;147;0;209455;61202;0;15.0;4.4;0.0
31;2021-04-12;6060;1867;0;215515;63069;0;15.4;4.5;0.0
31;2021-04-13;8021;2112;0;223536;65181;0;16.0;4.7;0.0
31;2021-04-14;6742;2045;0;230278;67226;0;16.4;4.8;0.0
31;2021-04-15;7822;2291;0;238100;69517;0;17.0;5.0;0.0
31;2021-04-16;7327;2162;0;245427;71679;0;17.5;5.1;0.0
31;2021-04-17;4604;1002;0;250031;72681;0;17.8;5.2;0.0
31;2021-04-18;2481;398;0;252512;73079;0;18.0;5.2;0.0
31;2021-04-19;5305;2187;0;257817;75266;0;18.4;5.4;0.0
31;2021-04-20;6113;2934;0;263930;78200;0;18.8;5.6;0.0
31;2021-04-21;6050;2914;0;269980;81114;0;19.3;5.8;0.0
31;2021-04-22;6468;3276;0;276448;84390;0;19.7;6.0;0.0
31;2021-04-23;6349;2766;0;282797;87156;0;20.2;6.2;0.0
31;2021-04-24;2027;3350;0;284824;90506;0;20.3;6.5;0.0
31;2021-04-25;806;2091;0;285630;92597;0;20.4;6.6;0.0
31;2021-04-26;3956;3624;0;289586;96221;0;20.7;6.9;0.0
31;2021-04-27;4727;4071;0;294313;100292;0;21.0;7.2;0.0
31;2021-04-28;4724;3797;0;299037;104089;0;21.3;7.4;0.0
31;2021-04-29;5450;4222;0;304487;108311;0;21.7;7.7;0.0
31;2021-04-30;5258;4387;0;309745;112698;0;22.1;8.0;0.0
31;2021-05-01;1947;3202;0;311692;115900;0;22.2;8.3;0.0
31;2021-05-02;1480;1983;0;313172;117883;0;22.4;8.4;0.0
31;2021-05-03;5662;2828;0;318834;120711;0;22.8;8.6;0.0
31;2021-05-04;5032;5040;0;323866;125751;0;23.1;9.0;0.0
31;2021-05-05;3550;6016;0;327416;131767;0;23.4;9.4;0.0
31;2021-05-06;4046;7447;0;331462;139214;0;23.7;9.9;0.0
31;2021-05-07;5866;7243;0;337328;146457;0;24.1;10.5;0.0
31;2021-05-08;4031;3112;0;341359;149569;0;24.4;10.7;0.0
31;2021-05-09;3844;2356;0;345203;151925;0;24.6;10.8;0.0
31;2021-05-10;6441;5746;0;351644;157671;0;25.1;11.3;0.0
31;2021-05-11;6982;6850;0;358626;164521;0;25.6;11.7;0.0
31;2021-05-12;7523;6153;0;366149;170674;0;26.1;12.2;0.0
31;2021-05-13;5681;2165;0;371830;172839;0;26.5;12.3;0.0
31;2021-05-14;8596;4248;0;380426;177087;0;27.2;12.6;0.0
31;2021-05-15;6550;2109;0;386976;179196;0;27.6;12.8;0.0
31;2021-05-16;3841;656;0;390817;179852;0;27.9;12.8;0.0
31;2021-05-17;5985;4259;0;396802;184111;0;28.3;13.1;0.0
31;2021-05-18;6738;4321;0;403540;188432;0;28.8;13.5;0.0
31;2021-05-19;7321;3835;0;410861;192267;0;29.3;13.7;0.0
31;2021-05-20;8268;4887;0;419129;197154;0;29.9;14.1;0.0
31;2021-05-21;8327;4965;0;427456;202119;0;30.5;14.4;0.0
31;2021-05-22;6155;1881;0;433611;204000;0;31.0;14.6;0.0
31;2021-05-23;4410;375;0;438021;204375;0;31.3;14.6;0.0
31;2021-05-24;4773;808;0;442794;205183;0;31.6;14.6;0.0
31;2021-05-25;7377;3871;0;450171;209054;0;32.1;14.9;0.0
31;2021-05-26;7482;4767;0;457653;213821;0;32.7;15.3;0.0
31;2021-05-27;7072;6231;0;464725;220052;0;33.2;15.7;0.0
31;2021-05-28;6556;6503;0;471281;226555;0;33.6;16.2;0.0
31;2021-05-29;4076;4258;0;475357;230813;0;33.9;16.5;0.0
31;2021-05-30;1384;2342;0;476741;233155;0;34.0;16.6;0.0
31;2021-05-31;5936;5248;0;482677;238403;0;34.5;17.0;0.0
31;2021-06-01;7106;6712;0;489783;245115;0;35.0;17.5;0.0
31;2021-06-02;7291;6500;0;497074;251615;0;35.5;18.0;0.0
31;2021-06-03;8239;8247;0;505313;259862;0;36.1;18.5;0.0
31;2021-06-04;9221;7431;0;514534;267293;0;36.7;19.1;0.0
31;2021-06-05;10591;3244;0;525125;270537;0;37.5;19.3;0.0
31;2021-06-06;7906;1565;0;533031;272102;0;38.0;19.4;0.0
31;2021-06-07;8493;5727;0;541524;277829;0;38.7;19.8;0.0
31;2021-06-08;9503;6367;0;551027;284196;0;39.3;20.3;0.0
31;2021-06-09;9886;5824;0;560913;290020;0;40.0;20.7;0.0
31;2021-06-10;10046;6545;0;570959;296565;0;40.8;21.2;0.0
31;2021-06-11;10742;7019;0;581701;303584;0;41.5;21.7;0.0
31;2021-06-12;9657;3770;0;591358;307354;0;42.2;21.9;0.0
31;2021-06-13;7935;1986;0;599293;309340;0;42.8;22.1;0.0
31;2021-06-14;8369;7026;0;607662;316366;0;43.4;22.6;0.0
31;2021-06-15;9863;7736;0;617525;324102;0;44.1;23.1;0.0
31;2021-06-16;8902;5959;0;626427;330061;0;44.7;23.6;0.0
31;2021-06-17;8404;6957;0;634831;337018;0;45.3;24.1;0.0
31;2021-06-18;8809;8543;0;643640;345561;0;45.9;24.7;0.0
31;2021-06-19;7916;6302;0;651556;351863;0;46.5;25.1;0.0
31;2021-06-20;5275;3840;0;656831;355703;0;46.9;25.4;0.0
31;2021-06-21;5348;7881;0;662179;363584;0;47.3;26.0;0.0
31;2021-06-22;5041;8816;0;667220;372400;0;47.6;26.6;0.0
31;2021-06-23;5175;8430;0;672395;380830;0;48.0;27.2;0.0
31;2021-06-24;4525;8847;0;676920;389677;0;48.3;27.8;0.0
31;2021-06-25;5058;10977;0;681978;400654;0;48.7;28.6;0.0
31;2021-06-26;4424;7749;0;686402;408403;0;49.0;29.2;0.0
31;2021-06-27;3328;4576;0;689730;412979;0;49.2;29.5;0.0
31;2021-06-28;3993;7699;0;693723;420678;0;49.5;30.0;0.0
31;2021-06-29;3852;8665;0;697575;429343;0;49.8;30.6;0.0
31;2021-06-30;4346;9364;0;701921;438707;0;50.1;31.3;0.0
31;2021-07-01;4157;9631;0;706078;448338;0;50.4;32.0;0.0
31;2021-07-02;4248;10899;0;710326;459237;0;50.7;32.8;0.0
31;2021-07-03;3995;8188;0;714321;467425;0;51.0;33.4;0.0
31;2021-07-04;2953;5044;0;717274;472469;0;51.2;33.7;0.0
31;2021-07-05;3918;7931;0;721192;480400;0;51.5;34.3;0.0
31;2021-07-06;3825;9429;1;725017;489829;1;51.8;35.0;0.0
31;2021-07-07;4023;9462;0;729040;499291;1;52.0;35.6;0.0
31;2021-07-08;3957;9408;1;732997;508699;2;52.3;36.3;0.0
31;2021-07-09;4509;10507;0;737506;519206;2;52.6;37.1;0.0
31;2021-07-10;3862;7067;0;741368;526273;2;52.9;37.6;0.0
31;2021-07-11;2851;4312;0;744219;530585;2;53.1;37.9;0.0
31;2021-07-12;3751;9856;0;747970;540441;2;53.4;38.6;0.0
31;2021-07-13;6760;10559;0;754730;551000;2;53.9;39.3;0.0
31;2021-07-14;5772;4188;0;760502;555188;2;54.3;39.6;0.0
31;2021-07-15;8266;10131;0;768768;565319;2;54.9;40.4;0.0
31;2021-07-16;7825;11107;0;776593;576426;2;55.4;41.1;0.0
31;2021-07-17;7856;11426;0;784449;587852;2;56.0;42.0;0.0
31;2021-07-18;5762;8916;0;790211;596768;2;56.4;42.6;0.0
31;2021-07-19;5123;11328;0;795334;608096;2;56.8;43.4;0.0
31;2021-07-20;7199;11762;0;802533;619858;2;57.3;44.2;0.0
31;2021-07-21;7214;11901;0;809747;631759;2;57.8;45.1;0.0
31;2021-07-22;7813;11591;0;817560;643350;2;58.4;45.9;0.0
31;2021-07-23;7233;12333;0;824793;655683;2;58.9;46.8;0.0
31;2021-07-24;8980;10368;0;833773;666051;2;59.5;47.5;0.0
31;2021-07-25;6456;8098;0;840229;674149;2;60.0;48.1;0.0
31;2021-07-26;5657;9786;0;845886;683935;2;60.4;48.8;0.0
31;2021-07-27;7902;9477;0;853788;693412;2;60.9;49.5;0.0
31;2021-07-28;8257;8493;0;862045;701905;2;61.5;50.1;0.0
31;2021-07-29;8532;8250;0;870577;710155;2;62.1;50.7;0.0
31;2021-07-30;7474;8251;0;878051;718406;2;62.7;51.3;0.0
31;2021-07-31;5708;7007;0;883759;725413;2;63.1;51.8;0.0
31;2021-08-01;3995;3988;0;887754;729401;2;63.4;52.1;0.0
31;2021-08-02;5620;5541;0;893374;734942;2;63.8;52.5;0.0
31;2021-08-03;5984;5455;0;899358;740397;2;64.2;52.9;0.0
31;2021-08-04;6040;4961;0;905398;745358;2;64.6;53.2;0.0
31;2021-08-05;5578;7225;0;910976;752583;2;65.0;53.7;0.0
31;2021-08-06;5446;7324;0;916422;759907;2;65.4;54.2;0.0
31;2021-08-07;4386;6426;0;920808;766333;2;65.7;54.7;0.0
31;2021-08-08;2984;4893;0;923792;771226;2;65.9;55.1;0.0
31;2021-08-09;4378;7020;0;928170;778246;2;66.3;55.6;0.0
31;2021-08-10;4709;6474;0;932879;784720;2;66.6;56.0;0.0
31;2021-08-11;4519;5954;0;937398;790674;2;66.9;56.4;0.0
31;2021-08-12;4432;6722;0;941830;797396;2;67.2;56.9;0.0
31;2021-08-13;3946;6085;0;945776;803481;2;67.5;57.4;0.0
31;2021-08-14;2865;6117;0;948641;809598;2;67.7;57.8;0.0
31;2021-08-15;1101;3642;0;949742;813240;2;67.8;58.0;0.0
31;2021-08-16;3201;7994;0;952943;821234;2;68.0;58.6;0.0
31;2021-08-17;3451;7178;0;956394;828412;2;68.3;59.1;0.0
31;2021-08-18;3252;6896;0;959646;835308;2;68.5;59.6;0.0
31;2021-08-19;2942;6970;0;962588;842278;2;68.7;60.1;0.0
31;2021-08-20;2894;7213;0;965482;849491;2;68.9;60.6;0.0
31;2021-08-21;1892;6501;0;967374;855992;2;69.1;61.1;0.0
31;2021-08-22;1270;4865;1;968644;860857;3;69.1;61.4;0.0
31;2021-08-23;2254;7450;0;970898;868307;3;69.3;62.0;0.0
31;2021-08-24;2403;6276;0;973301;874583;3;69.5;62.4;0.0
31;2021-08-25;2292;5719;0;975593;880302;3;69.6;62.8;0.0
31;2021-08-26;2192;5860;0;977785;886162;3;69.8;63.3;0.0
31;2021-08-27;2326;6683;0;980111;892845;3;70.0;63.7;0.0
31;2021-08-28;1712;6348;0;981823;899193;3;70.1;64.2;0.0
31;2021-08-29;1122;4454;0;982945;903647;3;70.2;64.5;0.0
31;2021-08-30;2007;6439;48;984952;910086;51;70.3;65.0;0.0
31;2021-08-31;2116;5372;137;987068;915458;188;70.5;65.3;0.0
31;2021-09-01;1896;4582;454;988964;920040;642;70.6;65.7;0.0
31;2021-09-02;1707;4041;514;990671;924081;1156;70.7;66.0;0.1
31;2021-09-03;1767;4584;531;992438;928665;1687;70.8;66.3;0.1
31;2021-09-04;1928;5279;280;994366;933944;1967;71.0;66.7;0.1
31;2021-09-05;940;1899;246;995306;935843;2213;71.0;66.8;0.2
31;2021-09-06;1347;2900;634;996653;938743;2847;71.1;67.0;0.2
31;2021-09-07;1186;2848;579;997839;941591;3426;71.2;67.2;0.2
31;2021-09-08;1345;3467;612;999184;945058;4038;71.3;67.5;0.3
31;2021-09-09;1004;2468;617;1000188;947526;4655;71.4;67.6;0.3
31;2021-09-10;1504;3150;613;1001692;950676;5268;71.5;67.9;0.4
31;2021-09-11;1246;3454;260;1002938;954130;5528;71.6;68.1;0.4
31;2021-09-12;475;1467;132;1003413;955597;5660;71.6;68.2;0.4
31;2021-09-13;1005;1977;750;1004418;957574;6410;71.7;68.4;0.5
31;2021-09-14;1190;1930;971;1005608;959504;7381;71.8;68.5;0.5
31;2021-09-15;1054;2549;858;1006662;962053;8239;71.9;68.7;0.6
31;2021-09-16;910;1641;1131;1007572;963694;9370;71.9;68.8;0.7
31;2021-09-17;1064;2441;864;1008636;966135;10234;72.0;69.0;0.7
31;2021-09-18;834;2672;252;1009470;968807;10486;72.1;69.2;0.7
31;2021-09-19;278;1070;129;1009748;969877;10615;72.1;69.2;0.8
31;2021-09-20;591;1464;725;1010339;971341;11340;72.1;69.3;0.8
31;2021-09-21;794;1566;1253;1011133;972907;12593;72.2;69.4;0.9
31;2021-09-22;804;2046;987;1011937;974953;13580;72.2;69.6;1.0
31;2021-09-23;720;1459;1228;1012657;976412;14808;72.3;69.7;1.1
31;2021-09-24;800;1982;977;1013457;978394;15785;72.3;69.8;1.1
31;2021-09-25;635;2409;229;1014092;980803;16014;72.4;70.0;1.1
31;2021-09-26;228;938;107;1014320;981741;16121;72.4;70.1;1.2
31;2021-09-27;625;1407;702;1014945;983148;16823;72.4;70.2;1.2
31;2021-09-28;708;1264;949;1015653;984412;17772;72.5;70.3;1.3
31;2021-09-29;722;1553;881;1016375;985965;18653;72.5;70.4;1.3
31;2021-09-30;675;1083;1095;1017050;987048;19748;72.6;70.5;1.4
31;2021-10-01;975;1770;914;1018025;988818;20662;72.7;70.6;1.5
31;2021-10-02;745;1646;311;1018770;990464;20973;72.7;70.7;1.5
31;2021-10-03;96;295;26;1018866;990759;20999;72.7;70.7;1.5
31;2021-10-04;440;674;609;1019306;991433;21608;72.8;70.8;1.5
31;2021-10-05;557;1202;1170;1019863;992635;22778;72.8;70.9;1.6
31;2021-10-06;656;1117;849;1020519;993752;23627;72.8;70.9;1.7
31;2021-10-07;620;1309;1186;1021139;995061;24813;72.9;71.0;1.8
31;2021-10-08;825;1168;1146;1021964;996229;25959;72.9;71.1;1.9
31;2021-10-09;491;1189;375;1022455;997418;26334;73.0;71.2;1.9
31;2021-10-10;19;63;28;1022474;997481;26362;73.0;71.2;1.9
31;2021-10-11;416;530;564;1022890;998011;26926;73.0;71.2;1.9
31;2021-10-12;562;1002;1181;1023452;999013;28107;73.1;71.3;2.0
31;2021-10-13;562;1050;945;1024014;1000063;29052;73.1;71.4;2.1
31;2021-10-14;613;1051;1226;1024627;1001114;30278;73.1;71.5;2.2
31;2021-10-15;723;1043;1339;1025350;1002157;31617;73.2;71.5;2.3
31;2021-10-16;464;949;585;1025814;1003106;32202;73.2;71.6;2.3
31;2021-10-17;17;38;14;1025831;1003144;32216;73.2;71.6;2.3
31;2021-10-18;331;498;729;1026162;1003642;32945;73.2;71.6;2.4
31;2021-10-19;496;890;1240;1026658;1004532;34185;73.3;71.7;2.4
31;2021-10-20;555;830;1356;1027213;1005362;35541;73.3;71.8;2.5
31;2021-10-21;548;948;1649;1027761;1006310;37190;73.4;71.8;2.7
31;2021-10-22;606;968;1560;1028367;1007278;38750;73.4;71.9;2.8
31;2021-10-23;403;1033;690;1028770;1008311;39440;73.4;72.0;2.8
31;2021-10-24;19;47;18;1028789;1008358;39458;73.4;72.0;2.8
31;2021-10-25;319;385;1110;1029108;1008743;40568;73.5;72.0;2.9
31;2021-10-26;442;537;1521;1029550;1009280;42089;73.5;72.0;3.0
31;2021-10-27;489;703;1973;1030039;1009983;44062;73.5;72.1;3.1
31;2021-10-28;441;564;1813;1030480;1010547;45875;73.6;72.1;3.3
31;2021-10-29;525;766;1999;1031005;1011313;47874;73.6;72.2;3.4
31;2021-10-30;306;502;655;1031311;1011815;48529;73.6;72.2;3.5
31;2021-10-31;26;34;19;1031337;1011849;48548;73.6;72.2;3.5
31;2021-11-01;40;39;36;1031377;1011888;48584;73.6;72.2;3.5
31;2021-11-02;469;619;1768;1031846;1012507;50352;73.7;72.3;3.6
31;2021-11-03;434;654;1960;1032280;1013161;52312;73.7;72.3;3.7
31;2021-11-04;402;557;2150;1032682;1013718;54462;73.7;72.4;3.9
31;2021-11-05;534;763;2645;1033216;1014481;57107;73.8;72.4;4.1
31;2021-11-06;309;443;882;1033525;1014924;57989;73.8;72.4;4.1
31;2021-11-07;28;44;70;1033553;1014968;58059;73.8;72.4;4.1
31;2021-11-08;277;437;1779;1033830;1015405;59838;73.8;72.5;4.3
31;2021-11-09;475;621;3824;1034305;1016026;63662;73.8;72.5;4.5
31;2021-11-10;494;746;3748;1034799;1016772;67410;73.9;72.6;4.8
31;2021-11-11;24;62;96;1034823;1016834;67506;73.9;72.6;4.8
31;2021-11-12;511;726;3715;1035334;1017560;71221;73.9;72.6;5.1
31;2021-11-13;312;429;1217;1035646;1017989;72438;73.9;72.7;5.2
31;2021-11-14;14;22;51;1035660;1018011;72489;73.9;72.7;5.2
31;2021-11-15;300;395;2472;1035960;1018406;74961;73.9;72.7;5.4
31;2021-11-16;483;653;4734;1036443;1019059;79695;74.0;72.7;5.7
31;2021-11-17;494;563;4003;1036937;1019622;83698;74.0;72.8;6.0
31;2021-11-18;440;505;4258;1037377;1020127;87956;74.0;72.8;6.3
31;2021-11-19;578;670;4997;1037955;1020797;92953;74.1;72.9;6.6
31;2021-11-20;468;452;1835;1038423;1021249;94788;74.1;72.9;6.8
31;2021-11-21;31;50;72;1038454;1021299;94860;74.1;72.9;6.8
31;2021-11-22;320;287;3029;1038774;1021586;97889;74.1;72.9;7.0
31;2021-11-23;477;507;5495;1039251;1022093;103384;74.2;73.0;7.4
31;2021-11-24;495;496;4545;1039746;1022589;107929;74.2;73.0;7.7
31;2021-11-25;435;467;5957;1040181;1023056;113886;74.2;73.0;8.1
31;2021-11-26;535;597;8302;1040716;1023653;122188;74.3;73.1;8.7
31;2021-11-27;369;484;4791;1041085;1024137;126979;74.3;73.1;9.1
31;2021-11-28;30;85;874;1041115;1024222;127853;74.3;73.1;9.1
31;2021-11-29;280;328;5819;1041395;1024550;133672;74.3;73.1;9.5
31;2021-11-30;419;554;9656;1041814;1025104;143328;74.4;73.2;10.2
31;2021-12-01;394;495;9020;1042208;1025599;152348;74.4;73.2;10.9
31;2021-12-02;377;357;11247;1042585;1025956;163595;74.4;73.2;11.7
31;2021-12-03;392;536;11954;1042977;1026492;175549;74.4;73.3;12.5
31;2021-12-04;248;472;6101;1043225;1026964;181650;74.5;73.3;13.0
31;2021-12-05;72;95;1984;1043297;1027059;183634;74.5;73.3;13.1
31;2021-12-06;261;381;9371;1043558;1027440;193005;74.5;73.3;13.8
31;2021-12-07;446;542;12791;1044004;1027982;205796;74.5;73.4;14.7
31;2021-12-08;401;619;11478;1044405;1028601;217274;74.6;73.4;15.5
31;2021-12-09;449;568;14813;1044854;1029169;232087;74.6;73.5;16.6
32;2020-12-27;0;0;0;0;0;0;0.0;0.0;0.0
32;2020-12-28;0;0;0;0;0;0;0.0;0.0;0.0
32;2020-12-29;1;0;0;1;0;0;0.0;0.0;0.0
32;2020-12-30;0;0;0;1;0;0;0.0;0.0;0.0
32;2020-12-31;0;0;0;1;0;0;0.0;0.0;0.0
32;2021-01-01;1;0;0;2;0;0;0.0;0.0;0.0
32;2021-01-02;0;0;0;2;0;0;0.0;0.0;0.0
32;2021-01-03;0;0;0;2;0;0;0.0;0.0;0.0
32;2021-01-04;2;0;0;4;0;0;0.0;0.0;0.0
32;2021-01-05;4;0;0;8;0;0;0.0;0.0;0.0
32;2021-01-06;6;0;0;14;0;0;0.0;0.0;0.0
32;2021-01-07;148;0;0;162;0;0;0.1;0.0;0.0
32;2021-01-08;78;0;0;240;0;0;0.1;0.0;0.0
32;2021-01-09;7;0;0;247;0;0;0.1;0.0;0.0
32;2021-01-10;2;0;0;249;0;0;0.1;0.0;0.0
32;2021-01-11;35;1;0;284;1;0;0.1;0.0;0.0
32;2021-01-12;94;0;0;378;1;0;0.2;0.0;0.0
32;2021-01-13;296;1;0;674;2;0;0.4;0.0;0.0
32;2021-01-14;347;3;0;1021;5;0;0.5;0.0;0.0
32;2021-01-15;415;2;0;1436;7;0;0.8;0.0;0.0
32;2021-01-16;26;1;0;1462;8;0;0.8;0.0;0.0
32;2021-01-17;2;0;0;1464;8;0;0.8;0.0;0.0
32;2021-01-18;312;2;0;1776;10;0;0.9;0.0;0.0
32;2021-01-19;433;0;0;2209;10;0;1.2;0.0;0.0
32;2021-01-20;392;0;0;2601;10;0;1.4;0.0;0.0
32;2021-01-21;605;1;0;3206;11;0;1.7;0.0;0.0
32;2021-01-22;382;1;0;3588;12;0;1.9;0.0;0.0
32;2021-01-23;178;0;0;3766;12;0;2.0;0.0;0.0
32;2021-01-24;6;0;0;3772;12;0;2.0;0.0;0.0
32;2021-01-25;485;1;0;4257;13;0;2.2;0.0;0.0
32;2021-01-26;621;3;0;4878;16;0;2.6;0.0;0.0
32;2021-01-27;673;8;0;5551;24;0;2.9;0.0;0.0
32;2021-01-28;619;24;0;6170;48;0;3.2;0.0;0.0
32;2021-01-29;451;46;0;6621;94;0;3.5;0.0;0.0
32;2021-01-30;270;2;0;6891;96;0;3.6;0.1;0.0
32;2021-01-31;3;6;0;6894;102;0;3.6;0.1;0.0
32;2021-02-01;315;73;0;7209;175;0;3.8;0.1;0.0
32;2021-02-02;643;126;0;7852;301;0;4.1;0.2;0.0
32;2021-02-03;373;175;0;8225;476;0;4.3;0.3;0.0
32;2021-02-04;431;263;0;8656;739;0;4.6;0.4;0.0
32;2021-02-05;345;321;0;9001;1060;0;4.7;0.6;0.0
32;2021-02-06;147;5;0;9148;1065;0;4.8;0.6;0.0
32;2021-02-07;0;32;0;9148;1097;0;4.8;0.6;0.0
32;2021-02-08;305;124;0;9453;1221;0;5.0;0.6;0.0
32;2021-02-09;341;233;0;9794;1454;0;5.2;0.8;0.0
32;2021-02-10;309;260;0;10103;1714;0;5.3;0.9;0.0
32;2021-02-11;366;324;0;10469;2038;0;5.5;1.1;0.0
32;2021-02-12;313;268;0;10782;2306;0;5.7;1.2;0.0
32;2021-02-13;261;1;0;11043;2307;0;5.8;1.2;0.0
32;2021-02-14;0;28;0;11043;2335;0;5.8;1.2;0.0
32;2021-02-15;39;239;0;11082;2574;0;5.8;1.4;0.0
32;2021-02-16;407;384;0;11489;2958;0;6.0;1.6;0.0
32;2021-02-17;199;466;0;11688;3424;0;6.2;1.8;0.0
32;2021-02-18;321;484;0;12009;3908;0;6.3;2.1;0.0
32;2021-02-19;182;293;0;12191;4201;0;6.4;2.2;0.0
32;2021-02-20;9;148;0;12200;4349;0;6.4;2.3;0.0
32;2021-02-21;0;5;0;12200;4354;0;6.4;2.3;0.0
32;2021-02-22;163;422;0;12363;4776;0;6.5;2.5;0.0
32;2021-02-23;434;591;0;12797;5367;0;6.7;2.8;0.0
32;2021-02-24;295;383;0;13092;5750;0;6.9;3.0;0.0
32;2021-02-25;487;520;0;13579;6270;0;7.1;3.3;0.0
32;2021-02-26;456;358;0;14035;6628;0;7.4;3.5;0.0
32;2021-02-27;169;254;0;14204;6882;0;7.5;3.6;0.0
32;2021-02-28;6;1;0;14210;6883;0;7.5;3.6;0.0
32;2021-03-01;74;325;0;14284;7208;0;7.5;3.8;0.0
32;2021-03-02;419;452;0;14703;7660;0;7.7;4.0;0.0
32;2021-03-03;301;332;0;15004;7992;0;7.9;4.2;0.0
32;2021-03-04;550;355;0;15554;8347;0;8.2;4.4;0.0
32;2021-03-05;472;274;0;16026;8621;0;8.4;4.5;0.0
32;2021-03-06;566;174;0;16592;8795;0;8.7;4.6;0.0
32;2021-03-07;65;5;0;16657;8800;0;8.8;4.6;0.0
32;2021-03-08;265;305;0;16922;9105;0;8.9;4.8;0.0
32;2021-03-09;701;374;0;17623;9479;0;9.3;5.0;0.0
32;2021-03-10;516;353;0;18139;9832;0;9.5;5.2;0.0
32;2021-03-11;899;310;0;19038;10142;0;10.0;5.3;0.0
32;2021-03-12;934;355;0;19972;10497;0;10.5;5.5;0.0
32;2021-03-13;500;250;0;20472;10747;0;10.8;5.7;0.0
32;2021-03-14;3;0;0;20475;10747;0;10.8;5.7;0.0
32;2021-03-15;346;43;0;20821;10790;0;11.0;5.7;0.0
32;2021-03-16;323;318;0;21144;11108;0;11.1;5.8;0.0
32;2021-03-17;202;158;0;21346;11266;0;11.2;5.9;0.0
32;2021-03-18;436;306;0;21782;11572;0;11.5;6.1;0.0
32;2021-03-19;456;176;0;22238;11748;0;11.7;6.2;0.0
32;2021-03-20;182;32;0;22420;11780;0;11.8;6.2;0.0
32;2021-03-21;17;0;0;22437;11780;0;11.8;6.2;0.0
32;2021-03-22;398;174;0;22835;11954;0;12.0;6.3;0.0
32;2021-03-23;655;400;0;23490;12354;0;12.4;6.5;0.0
32;2021-03-24;717;277;0;24207;12631;0;12.7;6.6;0.0
32;2021-03-25;990;419;0;25197;13050;0;13.3;6.9;0.0
32;2021-03-26;730;301;0;25927;13351;0;13.6;7.0;0.0
32;2021-03-27;225;8;0;26152;13359;0;13.8;7.0;0.0
32;2021-03-28;13;2;0;26165;13361;0;13.8;7.0;0.0
32;2021-03-29;431;70;0;26596;13431;0;14.0;7.1;0.0
32;2021-03-30;884;294;0;27480;13725;0;14.5;7.2;0.0
32;2021-03-31;727;186;0;28207;13911;0;14.8;7.3;0.0
32;2021-04-01;1343;338;0;29550;14249;0;15.5;7.5;0.0
32;2021-04-02;682;190;0;30232;14439;0;15.9;7.6;0.0
32;2021-04-03;182;7;0;30414;14446;0;16.0;7.6;0.0
32;2021-04-04;18;3;0;30432;14449;0;16.0;7.6;0.0
32;2021-04-05;46;3;0;30478;14452;0;16.0;7.6;0.0
32;2021-04-06;2631;364;0;33109;14816;0;17.4;7.8;0.0
32;2021-04-07;1303;235;0;34412;15051;0;18.1;7.9;0.0
32;2021-04-08;1857;421;0;36269;15472;0;19.1;8.1;0.0
32;2021-04-09;976;236;0;37245;15708;0;19.6;8.3;0.0
32;2021-04-10;903;45;0;38148;15753;0;20.1;8.3;0.0
32;2021-04-11;43;3;0;38191;15756;0;20.1;8.3;0.0
32;2021-04-12;591;65;0;38782;15821;0;20.4;8.3;0.0
32;2021-04-13;2560;405;0;41342;16226;0;21.8;8.5;0.0
32;2021-04-14;1332;295;0;42674;16521;0;22.5;8.7;0.0
32;2021-04-15;1804;456;0;44478;16977;0;23.4;8.9;0.0
32;2021-04-16;731;341;0;45209;17318;0;23.8;9.1;0.0
32;2021-04-17;838;62;0;46047;17380;0;24.2;9.1;0.0
32;2021-04-18;31;6;0;46078;17386;0;24.2;9.1;0.0
32;2021-04-19;537;117;0;46615;17503;0;24.5;9.2;0.0
32;2021-04-20;2377;484;0;48992;17987;0;25.8;9.5;0.0
32;2021-04-21;1005;398;0;49997;18385;0;26.3;9.7;0.0
32;2021-04-22;1650;429;0;51647;18814;0;27.2;9.9;0.0
32;2021-04-23;559;230;0;52206;19044;0;27.5;10.0;0.0
32;2021-04-24;1345;104;0;53551;19148;0;28.2;10.1;0.0
32;2021-04-25;13;18;0;53564;19166;0;28.2;10.1;0.0
32;2021-04-26;360;440;0;53924;19606;0;28.4;10.3;0.0
32;2021-04-27;2296;675;0;56220;20281;0;29.6;10.7;0.0
32;2021-04-28;913;452;0;57133;20733;0;30.1;10.9;0.0
32;2021-04-29;1017;981;0;58150;21714;0;30.6;11.4;0.0
32;2021-04-30;507;436;0;58657;22150;0;30.9;11.7;0.0
32;2021-05-01;2404;119;0;61061;22269;0;32.1;11.7;0.0
32;2021-05-02;16;10;0;61077;22279;0;32.1;11.7;0.0
32;2021-05-03;269;488;0;61346;22767;0;32.3;12.0;0.0
32;2021-05-04;813;2530;0;62159;25297;0;32.7;13.3;0.0
32;2021-05-05;2103;1198;0;64262;26495;0;33.8;13.9;0.0
32;2021-05-06;611;1764;0;64873;28259;0;34.1;14.9;0.0
32;2021-05-07;2002;669;0;66875;28928;0;35.2;15.2;0.0
32;2021-05-08;141;478;0;67016;29406;0;35.3;15.5;0.0
32;2021-05-09;40;201;0;67056;29607;0;35.3;15.6;0.0
32;2021-05-10;1572;624;0;68628;30231;0;36.1;15.9;0.0
32;2021-05-11;770;2308;0;69398;32539;0;36.5;17.1;0.0
32;2021-05-12;1879;1132;0;71277;33671;0;37.5;17.7;0.0
32;2021-05-13;394;1377;0;71671;35048;0;37.7;18.4;0.0
32;2021-05-14;1648;371;0;73319;35419;0;38.6;18.6;0.0
32;2021-05-15;250;730;0;73569;36149;0;38.7;19.0;0.0
32;2021-05-16;49;5;0;73618;36154;0;38.7;19.0;0.0
32;2021-05-17;360;262;0;73978;36416;0;38.9;19.2;0.0
32;2021-05-18;1453;336;0;75431;36752;0;39.7;19.3;0.0
32;2021-05-19;2063;306;0;77494;37058;0;40.8;19.5;0.0
32;2021-05-20;2037;458;0;79531;37516;0;41.8;19.7;0.0
32;2021-05-21;1450;490;0;80981;38006;0;42.6;20.0;0.0
32;2021-05-22;421;137;0;81402;38143;0;42.8;20.1;0.0
32;2021-05-23;36;18;0;81438;38161;0;42.9;20.1;0.0
32;2021-05-24;103;14;0;81541;38175;0;42.9;20.1;0.0
32;2021-05-25;1532;436;0;83073;38611;0;43.7;20.3;0.0
32;2021-05-26;1867;593;0;84940;39204;0;44.7;20.6;0.0
32;2021-05-27;1823;694;0;86763;39898;0;45.7;21.0;0.0
32;2021-05-28;1251;828;0;88014;40726;0;46.3;21.4;0.0
32;2021-05-29;411;370;0;88425;41096;0;46.5;21.6;0.0
32;2021-05-30;12;13;0;88437;41109;0;46.5;21.6;0.0
32;2021-05-31;883;645;0;89320;41754;0;47.0;22.0;0.0
32;2021-06-01;670;2746;0;89990;44500;0;47.4;23.4;0.0
32;2021-06-02;1155;1262;0;91145;45762;0;48.0;24.1;0.0
32;2021-06-03;570;2021;0;91715;47783;0;48.3;25.1;0.0
32;2021-06-04;1321;872;0;93036;48655;0;49.0;25.6;0.0
32;2021-06-05;296;1604;0;93332;50259;0;49.1;26.4;0.0
32;2021-06-06;56;29;0;93388;50288;0;49.1;26.5;0.0
32;2021-06-07;267;462;0;93655;50750;0;49.3;26.7;0.0
32;2021-06-08;732;2337;0;94387;53087;0;49.7;27.9;0.0
32;2021-06-09;1051;980;0;95438;54067;0;50.2;28.5;0.0
32;2021-06-10;731;1143;0;96169;55210;0;50.6;29.1;0.0
32;2021-06-11;881;683;0;97050;55893;0;51.1;29.4;0.0
32;2021-06-12;257;2485;0;97307;58378;0;51.2;30.7;0.0
32;2021-06-13;75;14;0;97382;58392;0;51.2;30.7;0.0
32;2021-06-14;505;376;0;97887;58768;0;51.5;30.9;0.0
32;2021-06-15;1547;1056;0;99434;59824;0;52.3;31.5;0.0
32;2021-06-16;867;2532;0;100301;62356;0;52.8;32.8;0.0
32;2021-06-17;749;881;0;101050;63237;0;53.2;33.3;0.0
32;2021-06-18;310;2420;0;101360;65657;0;53.3;34.5;0.0
32;2021-06-19;947;509;0;102307;66166;0;53.8;34.8;0.0
32;2021-06-20;52;36;0;102359;66202;0;53.9;34.8;0.0
32;2021-06-21;157;1659;0;102516;67861;0;53.9;35.7;0.0
32;2021-06-22;980;1052;0;103496;68913;0;54.5;36.3;0.0
32;2021-06-23;550;1824;0;104046;70737;0;54.7;37.2;0.0
32;2021-06-24;605;641;0;104651;71378;0;55.1;37.6;0.0
32;2021-06-25;502;1840;0;105153;73218;0;55.3;38.5;0.0
32;2021-06-26;175;308;0;105328;73526;0;55.4;38.7;0.0
32;2021-06-27;46;62;0;105374;73588;0;55.4;38.7;0.0
32;2021-06-28;630;599;0;106004;74187;0;55.8;39.0;0.0
32;2021-06-29;798;1796;0;106802;75983;0;56.2;40.0;0.0
32;2021-06-30;774;2326;0;107576;78309;0;56.6;41.2;0.0
32;2021-07-01;579;2131;0;108155;80440;0;56.9;42.3;0.0
32;2021-07-02;654;1757;0;108809;82197;0;57.3;43.3;0.0
32;2021-07-03;506;595;0;109315;82792;0;57.5;43.6;0.0
32;2021-07-04;37;48;0;109352;82840;0;57.5;43.6;0.0
32;2021-07-05;191;419;0;109543;83259;0;57.6;43.8;0.0
32;2021-07-06;835;1868;0;110378;85127;0;58.1;44.8;0.0
32;2021-07-07;804;2196;0;111182;87323;0;58.5;45.9;0.0
32;2021-07-08;518;1828;0;111700;89151;0;58.8;46.9;0.0
32;2021-07-09;639;1625;0;112339;90776;0;59.1;47.8;0.0
32;2021-07-10;534;598;0;112873;91374;0;59.4;48.1;0.0
32;2021-07-11;24;37;0;112897;91411;0;59.4;48.1;0.0
32;2021-07-12;505;1114;0;113402;92525;0;59.7;48.7;0.0
32;2021-07-13;1499;1686;0;114901;94211;0;60.5;49.6;0.0
32;2021-07-14;548;102;0;115449;94313;0;60.7;49.6;0.0
32;2021-07-15;1642;943;0;117091;95256;0;61.6;50.1;0.0
32;2021-07-16;1048;1689;0;118139;96945;0;62.2;51.0;0.0
32;2021-07-17;200;313;0;118339;97258;0;62.3;51.2;0.0
32;2021-07-18;75;80;0;118414;97338;0;62.3;51.2;0.0
32;2021-07-19;1549;372;0;119963;97710;0;63.1;51.4;0.0
32;2021-07-20;1624;1300;0;121587;99010;0;64.0;52.1;0.0
32;2021-07-21;1344;1579;0;122931;100589;0;64.7;52.9;0.0
32;2021-07-22;1612;649;1;124543;101238;1;65.5;53.3;0.0
32;2021-07-23;1121;1630;0;125664;102868;1;66.1;54.1;0.0
32;2021-07-24;264;298;0;125928;103166;1;66.3;54.3;0.0
32;2021-07-25;133;65;0;126061;103231;1;66.3;54.3;0.0
32;2021-07-26;910;1053;0;126971;104284;1;66.8;54.9;0.0
32;2021-07-27;1392;1868;0;128363;106152;1;67.5;55.9;0.0
32;2021-07-28;731;997;0;129094;107149;1;67.9;56.4;0.0
32;2021-07-29;1467;1344;0;130561;108493;1;68.7;57.1;0.0
32;2021-07-30;510;485;0;131071;108978;1;69.0;57.3;0.0
32;2021-07-31;316;449;0;131387;109427;1;69.1;57.6;0.0
32;2021-08-01;62;35;0;131449;109462;1;69.2;57.6;0.0
32;2021-08-02;258;202;0;131707;109664;1;69.3;57.7;0.0
32;2021-08-03;1091;1665;0;132798;111329;1;69.9;58.6;0.0
32;2021-08-04;664;671;0;133462;112000;1;70.2;58.9;0.0
32;2021-08-05;1074;1772;0;134536;113772;1;70.8;59.9;0.0
32;2021-08-06;617;588;0;135153;114360;1;71.1;60.2;0.0
32;2021-08-07;250;225;0;135403;114585;1;71.2;60.3;0.0
32;2021-08-08;45;55;0;135448;114640;1;71.3;60.3;0.0
32;2021-08-09;347;1621;0;135795;116261;1;71.5;61.2;0.0
32;2021-08-10;617;1850;0;136412;118111;1;71.8;62.2;0.0
32;2021-08-11;611;548;0;137023;118659;1;72.1;62.4;0.0
32;2021-08-12;894;1864;0;137917;120523;1;72.6;63.4;0.0
32;2021-08-13;280;386;0;138197;120909;1;72.7;63.6;0.0
32;2021-08-14;225;267;0;138422;121176;1;72.8;63.8;0.0
32;2021-08-15;16;74;0;138438;121250;1;72.8;63.8;0.0
32;2021-08-16;172;240;0;138610;121490;1;72.9;63.9;0.0
32;2021-08-17;514;2097;0;139124;123587;1;73.2;65.0;0.0
32;2021-08-18;373;595;0;139497;124182;1;73.4;65.3;0.0
32;2021-08-19;900;1267;0;140397;125449;1;73.9;66.0;0.0
32;2021-08-20;234;362;0;140631;125811;1;74.0;66.2;0.0
32;2021-08-21;192;334;0;140823;126145;1;74.1;66.4;0.0
32;2021-08-22;23;76;0;140846;126221;1;74.1;66.4;0.0
32;2021-08-23;103;320;0;140949;126541;1;74.2;66.6;0.0
32;2021-08-24;571;1395;0;141520;127936;1;74.5;67.3;0.0
32;2021-08-25;148;358;0;141668;128294;1;74.5;67.5;0.0
32;2021-08-26;342;1982;0;142010;130276;1;74.7;68.6;0.0
32;2021-08-27;314;633;0;142324;130909;1;74.9;68.9;0.0
32;2021-08-28;127;240;0;142451;131149;1;75.0;69.0;0.0
32;2021-08-29;17;59;0;142468;131208;1;75.0;69.0;0.0
32;2021-08-30;67;251;2;142535;131459;3;75.0;69.2;0.0
32;2021-08-31;232;1479;23;142767;132938;26;75.1;70.0;0.0
32;2021-09-01;614;786;48;143381;133724;74;75.4;70.4;0.0
32;2021-09-02;304;1399;150;143685;135123;224;75.6;71.1;0.1
32;2021-09-03;210;434;28;143895;135557;252;75.7;71.3;0.1
32;2021-09-04;77;284;17;143972;135841;269;75.8;71.5;0.1
32;2021-09-05;32;32;0;144004;135873;269;75.8;71.5;0.1
32;2021-09-06;85;175;42;144089;136048;311;75.8;71.6;0.2
32;2021-09-07;425;723;113;144514;136771;424;76.0;72.0;0.2
32;2021-09-08;267;543;78;144781;137314;502;76.2;72.3;0.3
32;2021-09-09;200;840;190;144981;138154;692;76.3;72.7;0.4
32;2021-09-10;210;270;55;145191;138424;747;76.4;72.8;0.4
32;2021-09-11;110;257;30;145301;138681;777;76.5;73.0;0.4
32;2021-09-12;6;20;1;145307;138701;778;76.5;73.0;0.4
32;2021-09-13;35;73;21;145342;138774;799;76.5;73.0;0.4
32;2021-09-14;309;545;304;145651;139319;1103;76.6;73.3;0.6
32;2021-09-15;220;238;140;145871;139557;1243;76.8;73.4;0.7
32;2021-09-16;176;241;176;146047;139798;1419;76.9;73.6;0.7
32;2021-09-17;197;376;220;146244;140174;1639;77.0;73.8;0.9
32;2021-09-18;62;144;24;146306;140318;1663;77.0;73.8;0.9
32;2021-09-19;4;21;0;146310;140339;1663;77.0;73.8;0.9
32;2021-09-20;20;51;61;146330;140390;1724;77.0;73.9;0.9
32;2021-09-21;234;386;338;146564;140776;2062;77.1;74.1;1.1
32;2021-09-22;208;542;197;146772;141318;2259;77.2;74.4;1.2
32;2021-09-23;128;213;207;146900;141531;2466;77.3;74.5;1.3
32;2021-09-24;102;296;224;147002;141827;2690;77.4;74.6;1.4
32;2021-09-25;63;125;28;147065;141952;2718;77.4;74.7;1.4
32;2021-09-26;5;23;3;147070;141975;2721;77.4;74.7;1.4
32;2021-09-27;33;75;136;147103;142050;2857;77.4;74.7;1.5
32;2021-09-28;102;459;600;147205;142509;3457;77.5;75.0;1.8
32;2021-09-29;91;358;465;147296;142867;3922;77.5;75.2;2.1
32;2021-09-30;122;179;260;147418;143046;4182;77.6;75.3;2.2
32;2021-10-01;125;262;197;147543;143308;4379;77.6;75.4;2.3
32;2021-10-02;40;130;46;147583;143438;4425;77.7;75.5;2.3
32;2021-10-03;2;8;7;147585;143446;4432;77.7;75.5;2.3
32;2021-10-04;24;35;58;147609;143481;4490;77.7;75.5;2.4
32;2021-10-05;72;268;437;147681;143749;4927;77.7;75.6;2.6
32;2021-10-06;64;272;304;147745;144021;5231;77.7;75.8;2.8
32;2021-10-07;55;190;319;147800;144211;5550;77.8;75.9;2.9
32;2021-10-08;71;249;245;147871;144460;5795;77.8;76.0;3.0
32;2021-10-09;43;88;56;147914;144548;5851;77.8;76.1;3.1
32;2021-10-10;0;0;0;147914;144548;5851;77.8;76.1;3.1
32;2021-10-11;21;31;41;147935;144579;5892;77.8;76.1;3.1
32;2021-10-12;65;156;305;148000;144735;6197;77.9;76.2;3.3
32;2021-10-13;74;177;219;148074;144912;6416;77.9;76.3;3.4
32;2021-10-14;95;257;439;148169;145169;6855;78.0;76.4;3.6
32;2021-10-15;81;160;286;148250;145329;7141;78.0;76.5;3.8
32;2021-10-16;44;71;61;148294;145400;7202;78.0;76.5;3.8
32;2021-10-17;2;2;0;148296;145402;7202;78.0;76.5;3.8
32;2021-10-18;19;33;67;148315;145435;7269;78.0;76.5;3.8
32;2021-10-19;81;126;406;148396;145561;7675;78.1;76.6;4.0
32;2021-10-20;44;68;333;148440;145629;8008;78.1;76.6;4.2
32;2021-10-21;48;192;443;148488;145821;8451;78.1;76.7;4.4
32;2021-10-22;55;121;288;148543;145942;8739;78.2;76.8;4.6
32;2021-10-23;40;48;89;148583;145990;8828;78.2;76.8;4.6
32;2021-10-24;3;2;1;148586;145992;8829;78.2;76.8;4.6
32;2021-10-25;17;31;56;148603;146023;8885;78.2;76.8;4.7
32;2021-10-26;59;72;470;148662;146095;9355;78.2;76.9;4.9
32;2021-10-27;36;57;212;148698;146152;9567;78.2;76.9;5.0
32;2021-10-28;53;62;372;148751;146214;9939;78.3;76.9;5.2
32;2021-10-29;60;77;236;148811;146291;10175;78.3;77.0;5.4
32;2021-10-30;33;40;51;148844;146331;10226;78.3;77.0;5.4
32;2021-10-31;0;1;3;148844;146332;10229;78.3;77.0;5.4
32;2021-11-01;4;1;2;148848;146333;10231;78.3;77.0;5.4
32;2021-11-02;52;67;366;148900;146400;10597;78.4;77.0;5.6
32;2021-11-03;39;52;254;148939;146452;10851;78.4;77.1;5.7
32;2021-11-04;40;63;460;148979;146515;11311;78.4;77.1;6.0
32;2021-11-05;44;73;401;149023;146588;11712;78.4;77.1;6.2
32;2021-11-06;28;53;96;149051;146641;11808;78.4;77.2;6.2
32;2021-11-07;3;11;14;149054;146652;11822;78.4;77.2;6.2
32;2021-11-08;34;46;239;149088;146698;12061;78.5;77.2;6.3
32;2021-11-09;68;97;884;149156;146795;12945;78.5;77.2;6.8
32;2021-11-10;53;77;562;149209;146872;13507;78.5;77.3;7.1
32;2021-11-11;10;10;20;149219;146882;13527;78.5;77.3;7.1
32;2021-11-12;57;80;662;149276;146962;14189;78.5;77.3;7.5
32;2021-11-13;25;32;124;149301;146994;14313;78.6;77.3;7.5
32;2021-11-14;0;3;1;149301;146997;14314;78.6;77.4;7.5
32;2021-11-15;31;25;520;149332;147022;14834;78.6;77.4;7.8
32;2021-11-16;79;95;1273;149411;147117;16107;78.6;77.4;8.5
32;2021-11-17;65;61;774;149476;147178;16881;78.7;77.4;8.9
32;2021-11-18;50;65;1106;149526;147243;17987;78.7;77.5;9.5
32;2021-11-19;78;95;928;149604;147338;18915;78.7;77.5;10.0
32;2021-11-20;42;59;281;149646;147397;19196;78.7;77.6;10.1
32;2021-11-21;2;5;2;149648;147402;19198;78.7;77.6;10.1
32;2021-11-22;27;32;454;149675;147434;19652;78.8;77.6;10.3
32;2021-11-23;72;53;1306;149747;147487;20958;78.8;77.6;11.0
32;2021-11-24;56;53;776;149803;147540;21734;78.8;77.6;11.4
32;2021-11-25;69;57;1369;149872;147597;23103;78.9;77.7;12.2
32;2021-11-26;92;70;1630;149964;147667;24733;78.9;77.7;13.0
32;2021-11-27;58;38;744;150022;147705;25477;78.9;77.7;13.4
32;2021-11-28;1;5;15;150023;147710;25492;78.9;77.7;13.4
32;2021-11-29;45;43;1098;150068;147753;26590;79.0;77.7;14.0
32;2021-11-30;92;69;2539;150160;147822;29129;79.0;77.8;15.3
32;2021-12-01;59;63;1907;150219;147885;31036;79.0;77.8;16.3
32;2021-12-02;52;42;2613;150271;147927;33649;79.1;77.8;17.7
32;2021-12-03;47;61;1858;150318;147988;35507;79.1;77.9;18.7
32;2021-12-04;27;32;558;150345;148020;36065;79.1;77.9;19.0
32;2021-12-05;6;5;102;150351;148025;36167;79.1;77.9;19.0
32;2021-12-06;43;34;1679;150394;148059;37846;79.1;77.9;19.9
32;2021-12-07;86;88;3688;150480;148147;41534;79.2;78.0;21.9
32;2021-12-08;96;89;3020;150576;148236;44554;79.2;78.0;23.4
32;2021-12-09;69;51;2795;150645;148287;47349;79.3;78.0;24.9
33;2020-12-27;2;0;0;2;0;0;0.0;0.0;0.0
33;2020-12-28;2;0;0;4;0;0;0.0;0.0;0.0
33;2020-12-29;0;0;0;4;0;0;0.0;0.0;0.0
33;2020-12-30;3;0;0;7;0;0;0.0;0.0;0.0
33;2020-12-31;1;0;0;8;0;0;0.0;0.0;0.0
33;2021-01-01;1;0;0;9;0;0;0.0;0.0;0.0
33;2021-01-02;1;1;0;10;1;0;0.0;0.0;0.0
33;2021-01-03;1;0;0;11;1;0;0.0;0.0;0.0
33;2021-01-04;2;0;0;13;1;0;0.0;0.0;0.0
33;2021-01-05;2;0;0;15;1;0;0.0;0.0;0.0
33;2021-01-06;145;1;0;160;2;0;0.0;0.0;0.0
33;2021-01-07;1344;4;0;1504;6;0;0.1;0.0;0.0
33;2021-01-08;1204;3;0;2708;9;0;0.2;0.0;0.0
33;2021-01-09;296;1;0;3004;10;0;0.2;0.0;0.0
33;2021-01-10;225;0;0;3229;10;0;0.2;0.0;0.0
33;2021-01-11;649;0;0;3878;10;0;0.2;0.0;0.0
33;2021-01-12;1436;2;0;5314;12;0;0.3;0.0;0.0
33;2021-01-13;1375;9;0;6689;21;0;0.4;0.0;0.0
33;2021-01-14;1341;16;0;8030;37;0;0.5;0.0;0.0
33;2021-01-15;1597;16;0;9627;53;0;0.6;0.0;0.0
33;2021-01-16;567;9;0;10194;62;0;0.6;0.0;0.0
33;2021-01-17;403;4;0;10597;66;0;0.6;0.0;0.0
33;2021-01-18;1224;13;0;11821;79;0;0.7;0.0;0.0
33;2021-01-19;2961;11;0;14782;90;0;0.9;0.0;0.0
33;2021-01-20;3344;16;0;18126;106;0;1.1;0.0;0.0
33;2021-01-21;2856;5;0;20982;111;0;1.3;0.0;0.0
33;2021-01-22;2303;8;0;23285;119;0;1.4;0.0;0.0
33;2021-01-23;846;3;0;24131;122;0;1.5;0.0;0.0
33;2021-01-24;508;2;0;24639;124;0;1.5;0.0;0.0
33;2021-01-25;2139;62;0;26778;186;0;1.6;0.0;0.0
33;2021-01-26;2286;166;0;29064;352;0;1.8;0.0;0.0
33;2021-01-27;2330;213;0;31394;565;0;1.9;0.0;0.0
33;2021-01-28;2211;481;0;33605;1046;0;2.1;0.1;0.0
33;2021-01-29;1778;706;0;35383;1752;0;2.2;0.1;0.0
33;2021-01-30;710;170;0;36093;1922;0;2.2;0.1;0.0
33;2021-01-31;370;155;0;36463;2077;0;2.2;0.1;0.0
33;2021-02-01;1353;658;0;37816;2735;0;2.3;0.2;0.0
33;2021-02-02;2560;1113;0;40376;3848;0;2.5;0.2;0.0
33;2021-02-03;2780;884;0;43156;4732;0;2.6;0.3;0.0
33;2021-02-04;3905;1343;0;47061;6075;0;2.9;0.4;0.0
33;2021-02-05;2139;1162;0;49200;7237;0;3.0;0.4;0.0
33;2021-02-06;650;204;0;49850;7441;0;3.1;0.5;0.0
33;2021-02-07;224;229;0;50074;7670;0;3.1;0.5;0.0
33;2021-02-08;1224;757;0;51298;8427;0;3.1;0.5;0.0
33;2021-02-09;1345;1660;0;52643;10087;0;3.2;0.6;0.0
33;2021-02-10;1286;1696;0;53929;11783;0;3.3;0.7;0.0
33;2021-02-11;1311;1513;0;55240;13296;0;3.4;0.8;0.0
33;2021-02-12;1172;1277;0;56412;14573;0;3.5;0.9;0.0
33;2021-02-13;223;300;0;56635;14873;0;3.5;0.9;0.0
33;2021-02-14;32;238;0;56667;15111;0;3.5;0.9;0.0
33;2021-02-15;684;1699;0;57351;16810;0;3.5;1.0;0.0
33;2021-02-16;836;2051;0;58187;18861;0;3.6;1.2;0.0
33;2021-02-17;727;2078;0;58914;20939;0;3.6;1.3;0.0
33;2021-02-18;930;2219;0;59844;23158;0;3.7;1.4;0.0
33;2021-02-19;923;1985;0;60767;25143;0;3.7;1.5;0.0
33;2021-02-20;82;656;0;60849;25799;0;3.7;1.6;0.0
33;2021-02-21;36;447;0;60885;26246;0;3.7;1.6;0.0
33;2021-02-22;685;1882;0;61570;28128;0;3.8;1.7;0.0
33;2021-02-23;1191;2724;0;62761;30852;0;3.8;1.9;0.0
33;2021-02-24;1321;2500;0;64082;33352;0;3.9;2.0;0.0
33;2021-02-25;2763;3690;0;66845;37042;0;4.1;2.3;0.0
33;2021-02-26;3953;2311;0;70798;39353;0;4.3;2.4;0.0
33;2021-02-27;1338;719;0;72136;40072;0;4.4;2.5;0.0
33;2021-02-28;116;488;0;72252;40560;0;4.4;2.5;0.0
33;2021-03-01;1485;1786;0;73737;42346;0;4.5;2.6;0.0
33;2021-03-02;2274;1752;0;76011;44098;0;4.7;2.7;0.0
33;2021-03-03;2268;1749;0;78279;45847;0;4.8;2.8;0.0
33;2021-03-04;3866;1660;0;82145;47507;0;5.0;2.9;0.0
33;2021-03-05;5682;1774;0;87827;49281;0;5.4;3.0;0.0
33;2021-03-06;3426;561;0;91253;49842;0;5.6;3.1;0.0
33;2021-03-07;786;157;0;92039;49999;0;5.6;3.1;0.0
33;2021-03-08;2605;1137;0;94644;51136;0;5.8;3.1;0.0
33;2021-03-09;4378;1341;0;99022;52477;0;6.1;3.2;0.0
33;2021-03-10;5051;1277;0;104073;53754;0;6.4;3.3;0.0
33;2021-03-11;7368;1260;0;111441;55014;0;6.8;3.4;0.0
33;2021-03-12;9836;1195;0;121277;56209;0;7.4;3.4;0.0
33;2021-03-13;5073;231;0;126350;56440;0;7.7;3.5;0.0
33;2021-03-14;698;27;0;127048;56467;0;7.8;3.5;0.0
33;2021-03-15;4234;674;0;131282;57141;0;8.0;3.5;0.0
33;2021-03-16;3460;872;0;134742;58013;0;8.2;3.6;0.0
33;2021-03-17;3593;948;0;138335;58961;0;8.5;3.6;0.0
33;2021-03-18;3924;1417;0;142259;60378;0;8.7;3.7;0.0
33;2021-03-19;6092;1044;0;148351;61422;0;9.1;3.8;0.0
33;2021-03-20;3293;117;0;151644;61539;0;9.3;3.8;0.0
33;2021-03-21;459;29;0;152103;61568;0;9.3;3.8;0.0
33;2021-03-22;4674;456;0;156777;62024;0;9.6;3.8;0.0
33;2021-03-23;6018;597;0;162795;62621;0;10.0;3.8;0.0
33;2021-03-24;6927;542;0;169722;63163;0;10.4;3.9;0.0
33;2021-03-25;8666;641;0;178388;63804;0;10.9;3.9;0.0
33;2021-03-26;9818;845;0;188206;64649;0;11.5;4.0;0.0
33;2021-03-27;3557;88;0;191763;64737;0;11.7;4.0;0.0
33;2021-03-28;580;31;0;192343;64768;0;11.8;4.0;0.0
33;2021-03-29;6560;686;0;198903;65454;0;12.2;4.0;0.0
33;2021-03-30;7840;1019;0;206743;66473;0;12.7;4.1;0.0
33;2021-03-31;7385;1068;0;214128;67541;0;13.1;4.1;0.0
33;2021-04-01;8589;1166;0;222717;68707;0;13.6;4.2;0.0
33;2021-04-02;8158;1527;0;230875;70234;0;14.1;4.3;0.0
33;2021-04-03;2796;548;0;233671;70782;0;14.3;4.3;0.0
33;2021-04-04;232;165;0;233903;70947;0;14.3;4.3;0.0
33;2021-04-05;757;117;0;234660;71064;0;14.4;4.4;0.0
33;2021-04-06;5851;2602;0;240511;73666;0;14.7;4.5;0.0
33;2021-04-07;7185;2540;0;247696;76206;0;15.2;4.7;0.0
33;2021-04-08;10005;2703;0;257701;78909;0;15.8;4.8;0.0
33;2021-04-09;12347;3007;0;270048;81916;0;16.5;5.0;0.0
33;2021-04-10;5212;1370;0;275260;83286;0;16.9;5.1;0.0
33;2021-04-11;990;343;0;276250;83629;0;16.9;5.1;0.0
33;2021-04-12;7240;3127;0;283490;86756;0;17.4;5.3;0.0
33;2021-04-13;9074;3377;0;292564;90133;0;17.9;5.5;0.0
33;2021-04-14;8789;3607;0;301353;93740;0;18.4;5.7;0.0
33;2021-04-15;9882;3770;0;311235;97510;0;19.1;6.0;0.0
33;2021-04-16;9471;4070;0;320706;101580;0;19.6;6.2;0.0
33;2021-04-17;4535;1607;0;325241;103187;0;19.9;6.3;0.0
33;2021-04-18;930;411;0;326171;103598;0;20.0;6.3;0.0
33;2021-04-19;5397;3629;0;331568;107227;0;20.3;6.6;0.0
33;2021-04-20;7088;4110;0;338656;111337;0;20.7;6.8;0.0
33;2021-04-21;6367;4221;0;345023;115558;0;21.1;7.1;0.0
33;2021-04-22;7117;4323;0;352140;119881;0;21.6;7.3;0.0
33;2021-04-23;7479;4634;0;359619;124515;0;22.0;7.6;0.0
33;2021-04-24;4420;1747;0;364039;126262;0;22.3;7.7;0.0
33;2021-04-25;1603;424;0;365642;126686;0;22.4;7.8;0.0
33;2021-04-26;4998;4921;0;370640;131607;0;22.7;8.1;0.0
33;2021-04-27;6373;5500;0;377013;137107;0;23.1;8.4;0.0
33;2021-04-28;6534;5369;0;383547;142476;0;23.5;8.7;0.0
33;2021-04-29;8127;6078;0;391674;148554;0;24.0;9.1;0.0
33;2021-04-30;8475;6003;0;400149;154557;0;24.5;9.5;0.0
33;2021-05-01;2843;576;0;402992;155133;0;24.7;9.5;0.0
33;2021-05-02;1800;346;0;404792;155479;0;24.8;9.5;0.0
33;2021-05-03;6806;5064;0;411598;160543;0;25.2;9.8;0.0
33;2021-05-04;6626;6446;0;418224;166989;0;25.6;10.2;0.0
33;2021-05-05;7058;7348;0;425282;174337;0;26.0;10.7;0.0
33;2021-05-06;8378;8074;0;433660;182411;0;26.5;11.2;0.0
33;2021-05-07;8423;8683;0;442083;191094;0;27.1;11.7;0.0
33;2021-05-08;3538;1601;0;445621;192695;0;27.3;11.8;0.0
33;2021-05-09;1137;977;0;446758;193672;0;27.4;11.9;0.0
33;2021-05-10;6582;7104;0;453340;200776;0;27.8;12.3;0.0
33;2021-05-11;8437;7666;0;461777;208442;0;28.3;12.8;0.0
33;2021-05-12;9020;6501;0;470797;214943;0;28.8;13.2;0.0
33;2021-05-13;5329;2064;0;476126;217007;0;29.1;13.3;0.0
33;2021-05-14;8248;5221;0;484374;222228;0;29.7;13.6;0.0
33;2021-05-15;5312;2848;0;489686;225076;0;30.0;13.8;0.0
33;2021-05-16;1938;790;0;491624;225866;0;30.1;13.8;0.0
33;2021-05-17;8763;4927;0;500387;230793;0;30.6;14.1;0.0
33;2021-05-18;10630;4732;0;511017;235525;0;31.3;14.4;0.0
33;2021-05-19;10883;4690;0;521900;240215;0;32.0;14.7;0.0
33;2021-05-20;11065;5453;0;532965;245668;0;32.6;15.0;0.0
33;2021-05-21;11036;6133;0;544001;251801;0;33.3;15.4;0.0
33;2021-05-22;5572;2726;0;549573;254527;0;33.6;15.6;0.0
33;2021-05-23;2059;402;0;551632;254929;0;33.8;15.6;0.0
33;2021-05-24;5850;1008;0;557482;255937;0;34.1;15.7;0.0
33;2021-05-25;9808;5640;0;567290;261577;0;34.7;16.0;0.0
33;2021-05-26;9918;5917;0;577208;267494;0;35.3;16.4;0.0
33;2021-05-27;11101;7630;0;588309;275124;0;36.0;16.8;0.0
33;2021-05-28;10184;9404;0;598493;284528;0;36.6;17.4;0.0
33;2021-05-29;5507;4088;0;604000;288616;0;37.0;17.7;0.0
33;2021-05-30;1997;677;0;605997;289293;0;37.1;17.7;0.0
33;2021-05-31;8570;6272;0;614567;295565;0;37.6;18.1;0.0
33;2021-06-01;11768;8522;0;626335;304087;0;38.3;18.6;0.0
33;2021-06-02;11755;8013;0;638090;312100;0;39.1;19.1;0.0
33;2021-06-03;12767;9062;0;650857;321162;0;39.8;19.7;0.0
33;2021-06-04;13056;10669;0;663913;331831;0;40.6;20.3;0.0
33;2021-06-05;5759;5009;0;669672;336840;0;41.0;20.6;0.0
33;2021-06-06;2612;1188;0;672284;338028;0;41.2;20.7;0.0
33;2021-06-07;9651;8192;0;681935;346220;0;41.7;21.2;0.0
33;2021-06-08;11660;9136;0;693595;355356;0;42.5;21.8;0.0
33;2021-06-09;11598;8350;0;705193;363706;0;43.2;22.3;0.0
33;2021-06-10;12808;8239;0;718001;371945;0;44.0;22.8;0.0
33;2021-06-11;12428;10841;0;730429;382786;0;44.7;23.4;0.0
33;2021-06-12;6491;4446;0;736920;387232;0;45.1;23.7;0.0
33;2021-06-13;2738;1316;0;739658;388548;0;45.3;23.8;0.0
33;2021-06-14;8335;9865;0;747993;398413;0;45.8;24.4;0.0
33;2021-06-15;11610;10001;1;759603;408414;1;46.5;25.0;0.0
33;2021-06-16;11615;8747;0;771218;417161;1;47.2;25.5;0.0
33;2021-06-17;12717;9384;0;783935;426545;1;48.0;26.1;0.0
33;2021-06-18;11437;11170;0;795372;437715;1;48.7;26.8;0.0
33;2021-06-19;5693;4875;0;801065;442590;1;49.0;27.1;0.0
33;2021-06-20;2871;1493;0;803936;444083;1;49.2;27.2;0.0
33;2021-06-21;7653;9871;0;811589;453954;1;49.7;27.8;0.0
33;2021-06-22;8630;10954;0;820219;464908;1;50.2;28.5;0.0
33;2021-06-23;8351;10678;0;828570;475586;1;50.7;29.1;0.0
33;2021-06-24;9295;9833;0;837865;485419;1;51.3;29.7;0.0
33;2021-06-25;7627;13514;0;845492;498933;1;51.8;30.5;0.0
33;2021-06-26;4239;6129;0;849731;505062;1;52.0;30.9;0.0
33;2021-06-27;2364;2070;0;852095;507132;1;52.2;31.0;0.0
33;2021-06-28;4631;12682;0;856726;519814;1;52.4;31.8;0.0
33;2021-06-29;6167;13438;0;862893;533252;1;52.8;32.6;0.0
33;2021-06-30;6432;13201;0;869325;546453;1;53.2;33.5;0.0
33;2021-07-01;7785;11744;0;877110;558197;1;53.7;34.2;0.0
33;2021-07-02;6671;15092;0;883781;573289;1;54.1;35.1;0.0
33;2021-07-03;3199;7224;0;886980;580513;1;54.3;35.5;0.0
33;2021-07-04;1969;2503;0;888949;583016;1;54.4;35.7;0.0
33;2021-07-05;4211;12791;0;893160;595807;1;54.7;36.5;0.0
33;2021-07-06;5816;14436;0;898976;610243;1;55.0;37.4;0.0
33;2021-07-07;6463;12954;0;905439;623197;1;55.4;38.2;0.0
33;2021-07-08;7552;12726;0;912991;635923;1;55.9;38.9;0.0
33;2021-07-09;6159;14993;0;919150;650916;1;56.3;39.8;0.0
33;2021-07-10;3115;7463;0;922265;658379;1;56.5;40.3;0.0
33;2021-07-11;1775;2384;0;924040;660763;1;56.6;40.5;0.0
33;2021-07-12;3814;14581;3;927854;675344;4;56.8;41.3;0.0
33;2021-07-13;6945;15900;1;934799;691244;5;57.2;42.3;0.0
33;2021-07-14;3890;5408;0;938689;696652;5;57.5;42.6;0.0
33;2021-07-15;7449;15746;0;946138;712398;5;57.9;43.6;0.0
33;2021-07-16;8293;15000;0;954431;727398;5;58.4;44.5;0.0
33;2021-07-17;3531;6763;0;957962;734161;5;58.6;44.9;0.0
33;2021-07-18;1757;3219;0;959719;737380;5;58.8;45.1;0.0
33;2021-07-19;5812;14864;0;965531;752244;5;59.1;46.1;0.0
33;2021-07-20;7457;15807;0;972988;768051;5;59.6;47.0;0.0
33;2021-07-21;8289;14302;0;981277;782353;5;60.1;47.9;0.0
33;2021-07-22;9236;14770;0;990513;797123;5;60.6;48.8;0.0
33;2021-07-23;9473;16111;0;999986;813234;5;61.2;49.8;0.0
33;2021-07-24;4143;7679;0;1004129;820913;5;61.5;50.3;0.0
33;2021-07-25;2171;2684;0;1006300;823597;5;61.6;50.4;0.0
33;2021-07-26;6910;13087;0;1013210;836684;5;62.0;51.2;0.0
33;2021-07-27;9770;12986;0;1022980;849670;5;62.6;52.0;0.0
33;2021-07-28;10641;11599;0;1033621;861269;5;63.3;52.7;0.0
33;2021-07-29;11428;11557;0;1045049;872826;5;64.0;53.4;0.0
33;2021-07-30;11036;11852;0;1056085;884678;5;64.7;54.2;0.0
33;2021-07-31;4840;5778;0;1060925;890456;5;65.0;54.5;0.0
33;2021-08-01;2520;1933;0;1063445;892389;5;65.1;54.6;0.0
33;2021-08-02;8319;9543;0;1071764;901932;5;65.6;55.2;0.0
33;2021-08-03;11101;8667;0;1082865;910599;5;66.3;55.7;0.0
33;2021-08-04;11228;7070;0;1094093;917669;5;67.0;56.2;0.0
33;2021-08-05;11345;7686;0;1105438;925355;5;67.7;56.7;0.0
33;2021-08-06;10528;8578;0;1115966;933933;5;68.3;57.2;0.0
33;2021-08-07;5742;4436;0;1121708;938369;5;68.7;57.4;0.0
33;2021-08-08;2942;1697;0;1124650;940066;5;68.9;57.6;0.0
33;2021-08-09;8168;8317;0;1132818;948383;5;69.4;58.1;0.0
33;2021-08-10;8813;7983;1;1141631;956366;6;69.9;58.5;0.0
33;2021-08-11;7514;7101;0;1149145;963467;6;70.4;59.0;0.0
33;2021-08-12;7479;7589;0;1156624;971056;6;70.8;59.4;0.0
33;2021-08-13;7220;7228;0;1163844;978284;6;71.3;59.9;0.0
33;2021-08-14;3346;4221;0;1167190;982505;6;71.5;60.1;0.0
33;2021-08-15;1033;1515;0;1168223;984020;6;71.5;60.2;0.0
33;2021-08-16;5950;8124;0;1174173;992144;6;71.9;60.7;0.0
33;2021-08-17;6074;8658;0;1180247;1000802;6;72.3;61.3;0.0
33;2021-08-18;5097;8347;0;1185344;1009149;6;72.6;61.8;0.0
33;2021-08-19;5166;8831;0;1190510;1017980;6;72.9;62.3;0.0
33;2021-08-20;4626;9324;0;1195136;1027304;6;73.2;62.9;0.0
33;2021-08-21;2031;4901;0;1197167;1032205;6;73.3;63.2;0.0
33;2021-08-22;544;2259;0;1197711;1034464;6;73.3;63.3;0.0
33;2021-08-23;3570;9780;0;1201281;1044244;6;73.5;63.9;0.0
33;2021-08-24;3866;10542;0;1205147;1054786;6;73.8;64.6;0.0
33;2021-08-25;3427;9926;0;1208574;1064712;6;74.0;65.2;0.0
33;2021-08-26;3347;10578;0;1211921;1075290;6;74.2;65.8;0.0
33;2021-08-27;3509;11918;0;1215430;1087208;6;74.4;66.6;0.0
33;2021-08-28;1514;6440;0;1216944;1093648;6;74.5;67.0;0.0
33;2021-08-29;402;2282;0;1217346;1095930;6;74.5;67.1;0.0
33;2021-08-30;2202;10014;67;1219548;1105944;73;74.7;67.7;0.0
33;2021-08-31;2980;10258;215;1222528;1116202;288;74.8;68.3;0.0
33;2021-09-01;2861;7928;539;1225389;1124130;827;75.0;68.8;0.1
33;2021-09-02;2559;7345;628;1227948;1131475;1455;75.2;69.3;0.1
33;2021-09-03;2893;8789;805;1230841;1140264;2260;75.4;69.8;0.1
33;2021-09-04;1580;5602;276;1232421;1145866;2536;75.4;70.2;0.2
33;2021-09-05;380;1295;60;1232801;1147161;2596;75.5;70.2;0.2
33;2021-09-06;1547;6020;756;1234348;1153181;3352;75.6;70.6;0.2
33;2021-09-07;1923;5296;886;1236271;1158477;4238;75.7;70.9;0.3
33;2021-09-08;1709;5570;694;1237980;1164047;4932;75.8;71.3;0.3
33;2021-09-09;1702;5173;1146;1239682;1169220;6078;75.9;71.6;0.4
33;2021-09-10;1956;5690;1084;1241638;1174910;7162;76.0;71.9;0.4
33;2021-09-11;988;3915;269;1242626;1178825;7431;76.1;72.2;0.5
33;2021-09-12;125;473;52;1242751;1179298;7483;76.1;72.2;0.5
33;2021-09-13;1362;3299;1266;1244113;1182597;8749;76.2;72.4;0.5
33;2021-09-14;1412;3232;1903;1245525;1185829;10652;76.3;72.6;0.7
33;2021-09-15;1461;4177;1400;1246986;1190006;12052;76.3;72.9;0.7
33;2021-09-16;1374;3072;1953;1248360;1193078;14005;76.4;73.0;0.9
33;2021-09-17;1667;4212;1547;1250027;1197290;15552;76.5;73.3;1.0
33;2021-09-18;623;2931;342;1250650;1200221;15894;76.6;73.5;1.0
33;2021-09-19;109;355;26;1250759;1200576;15920;76.6;73.5;1.0
33;2021-09-20;966;1996;1362;1251725;1202572;17282;76.6;73.6;1.1
33;2021-09-21;897;2288;1745;1252622;1204860;19027;76.7;73.8;1.2
33;2021-09-22;904;3277;1407;1253526;1208137;20434;76.7;74.0;1.3
33;2021-09-23;842;2173;1490;1254368;1210310;21924;76.8;74.1;1.3
33;2021-09-24;1194;3486;1660;1255562;1213796;23584;76.9;74.3;1.4
33;2021-09-25;529;2289;382;1256091;1216085;23966;76.9;74.4;1.5
33;2021-09-26;70;314;34;1256161;1216399;24000;76.9;74.5;1.5
33;2021-09-27;597;1851;1102;1256758;1218250;25102;76.9;74.6;1.5
33;2021-09-28;763;1949;1541;1257521;1220199;26643;77.0;74.7;1.6
33;2021-09-29;840;2097;1079;1258361;1222296;27722;77.0;74.8;1.7
33;2021-09-30;647;1538;1396;1259008;1223834;29118;77.1;74.9;1.8
33;2021-10-01;1171;2478;1319;1260179;1226312;30437;77.1;75.1;1.9
33;2021-10-02;578;1329;446;1260757;1227641;30883;77.2;75.2;1.9
33;2021-10-03;14;51;4;1260771;1227692;30887;77.2;75.2;1.9
33;2021-10-04;651;1273;1375;1261422;1228965;32262;77.2;75.2;2.0
33;2021-10-05;577;1341;1339;1261999;1230306;33601;77.3;75.3;2.1
33;2021-10-06;746;1611;1306;1262745;1231917;34907;77.3;75.4;2.1
33;2021-10-07;552;1367;1524;1263297;1233284;36431;77.3;75.5;2.2
33;2021-10-08;849;1982;1658;1264146;1235266;38089;77.4;75.6;2.3
33;2021-10-09;516;968;582;1264662;1236234;38671;77.4;75.7;2.4
33;2021-10-10;12;45;14;1264674;1236279;38685;77.4;75.7;2.4
33;2021-10-11;489;1029;1636;1265163;1237308;40321;77.5;75.7;2.5
33;2021-10-12;558;1119;1731;1265721;1238427;42052;77.5;75.8;2.6
33;2021-10-13;731;1280;1639;1266452;1239707;43691;77.5;75.9;2.7
33;2021-10-14;519;1051;1874;1266971;1240758;45565;77.6;76.0;2.8
33;2021-10-15;874;1487;2532;1267845;1242245;48097;77.6;76.1;2.9
33;2021-10-16;444;685;667;1268289;1242930;48764;77.6;76.1;3.0
33;2021-10-17;27;35;20;1268316;1242965;48784;77.6;76.1;3.0
33;2021-10-18;536;647;1787;1268852;1243612;50571;77.7;76.1;3.1
33;2021-10-19;574;931;1840;1269426;1244543;52411;77.7;76.2;3.2
33;2021-10-20;599;1009;2117;1270025;1245552;54528;77.8;76.3;3.3
33;2021-10-21;494;728;1971;1270519;1246280;56499;77.8;76.3;3.5
33;2021-10-22;728;1254;2630;1271247;1247534;59129;77.8;76.4;3.6
33;2021-10-23;379;657;726;1271626;1248191;59855;77.8;76.4;3.7
33;2021-10-24;19;27;8;1271645;1248218;59863;77.9;76.4;3.7
33;2021-10-25;504;674;2144;1272149;1248892;62007;77.9;76.5;3.8
33;2021-10-26;465;589;2238;1272614;1249481;64245;77.9;76.5;3.9
33;2021-10-27;584;858;2694;1273198;1250339;66939;77.9;76.5;4.1
33;2021-10-28;452;553;2380;1273650;1250892;69319;78.0;76.6;4.2
33;2021-10-29;602;850;3232;1274252;1251742;72551;78.0;76.6;4.4
33;2021-10-30;298;427;893;1274550;1252169;73444;78.0;76.7;4.5
33;2021-10-31;12;25;22;1274562;1252194;73466;78.0;76.7;4.5
33;2021-11-01;86;65;81;1274648;1252259;73547;78.0;76.7;4.5
33;2021-11-02;481;711;2387;1275129;1252970;75934;78.1;76.7;4.6
33;2021-11-03;514;688;2589;1275643;1253658;78523;78.1;76.7;4.8
33;2021-11-04;424;569;3164;1276067;1254227;81687;78.1;76.8;5.0
33;2021-11-05;572;825;3835;1276639;1255052;85522;78.2;76.8;5.2
33;2021-11-06;267;415;1020;1276906;1255467;86542;78.2;76.9;5.3
33;2021-11-07;14;34;37;1276920;1255501;86579;78.2;76.9;5.3
33;2021-11-08;385;699;3366;1277305;1256200;89945;78.2;76.9;5.5
33;2021-11-09;516;723;4456;1277821;1256923;94401;78.2;76.9;5.8
33;2021-11-10;486;702;4627;1278307;1257625;99028;78.3;77.0;6.1
33;2021-11-11;116;98;392;1278423;1257723;99420;78.3;77.0;6.1
33;2021-11-12;540;760;4594;1278963;1258483;104014;78.3;77.0;6.4
33;2021-11-13;371;387;1481;1279334;1258870;105495;78.3;77.1;6.5
33;2021-11-14;27;48;97;1279361;1258918;105592;78.3;77.1;6.5
33;2021-11-15;445;558;4368;1279806;1259476;109960;78.4;77.1;6.7
33;2021-11-16;513;681;5456;1280319;1260157;115416;78.4;77.1;7.1
33;2021-11-17;490;614;4990;1280809;1260771;120406;78.4;77.2;7.4
33;2021-11-18;515;540;5721;1281324;1261311;126127;78.4;77.2;7.7
33;2021-11-19;718;871;6969;1282042;1262182;133096;78.5;77.3;8.1
33;2021-11-20;362;409;2010;1282404;1262591;135106;78.5;77.3;8.3
33;2021-11-21;19;41;161;1282423;1262632;135267;78.5;77.3;8.3
33;2021-11-22;494;444;4816;1282917;1263076;140083;78.5;77.3;8.6
33;2021-11-23;544;549;6771;1283461;1263625;146854;78.6;77.4;9.0
33;2021-11-24;551;555;5770;1284012;1264180;152624;78.6;77.4;9.3
33;2021-11-25;535;451;7428;1284547;1264631;160052;78.6;77.4;9.8
33;2021-11-26;695;787;10599;1285242;1265418;170651;78.7;77.5;10.4
33;2021-11-27;391;434;4566;1285633;1265852;175217;78.7;77.5;10.7
33;2021-11-28;33;69;1033;1285666;1265921;176250;78.7;77.5;10.8
33;2021-11-29;463;551;9383;1286129;1266472;185633;78.7;77.5;11.4
33;2021-11-30;555;653;12347;1286684;1267125;197980;78.8;77.6;12.1
33;2021-12-01;511;571;11495;1287195;1267696;209475;78.8;77.6;12.8
33;2021-12-02;418;413;14618;1287613;1268109;224093;78.8;77.6;13.7
33;2021-12-03;483;725;16084;1288096;1268834;240177;78.9;77.7;14.7
33;2021-12-04;289;430;7221;1288385;1269264;247398;78.9;77.7;15.1
33;2021-12-05;70;80;2219;1288455;1269344;249617;78.9;77.7;15.3
33;2021-12-06;341;494;12876;1288796;1269838;262493;78.9;77.7;16.1
33;2021-12-07;421;582;16668;1289217;1270420;279161;78.9;77.8;17.1
33;2021-12-08;428;527;15598;1289645;1270947;294759;79.0;77.8;18.0
33;2021-12-09;462;661;17884;1290107;1271608;312643;79.0;77.8;19.1
34;2020-12-27;0;0;0;0;0;0;0.0;0.0;0.0
34;2020-12-28;1;0;0;1;0;0;0.0;0.0;0.0
34;2020-12-29;1;0;0;2;0;0;0.0;0.0;0.0
34;2020-12-30;0;0;0;2;0;0;0.0;0.0;0.0
34;2020-12-31;0;0;0;2;0;0;0.0;0.0;0.0
34;2021-01-01;4;0;0;6;0;0;0.0;0.0;0.0
34;2021-01-02;0;0;0;6;0;0;0.0;0.0;0.0
34;2021-01-03;0;0;0;6;0;0;0.0;0.0;0.0
34;2021-01-04;22;0;0;28;0;0;0.0;0.0;0.0
34;2021-01-05;111;2;0;139;2;0;0.0;0.0;0.0
34;2021-01-06;186;5;0;325;7;0;0.0;0.0;0.0
34;2021-01-07;390;0;0;715;7;0;0.1;0.0;0.0
34;2021-01-08;625;0;0;1340;7;0;0.1;0.0;0.0
34;2021-01-09;254;1;0;1594;8;0;0.1;0.0;0.0
34;2021-01-10;92;1;0;1686;9;0;0.1;0.0;0.0
34;2021-01-11;589;2;0;2275;11;0;0.2;0.0;0.0
34;2021-01-12;1045;1;0;3320;12;0;0.3;0.0;0.0
34;2021-01-13;1094;7;0;4414;19;0;0.4;0.0;0.0
34;2021-01-14;1934;13;0;6348;32;0;0.5;0.0;0.0
34;2021-01-15;1505;6;0;7853;38;0;0.7;0.0;0.0
34;2021-01-16;329;6;0;8182;44;0;0.7;0.0;0.0
34;2021-01-17;226;1;0;8408;45;0;0.7;0.0;0.0
34;2021-01-18;1138;4;0;9546;49;0;0.8;0.0;0.0
34;2021-01-19;1669;8;0;11215;57;0;1.0;0.0;0.0
34;2021-01-20;2061;24;0;13276;81;0;1.1;0.0;0.0
34;2021-01-21;4032;19;0;17308;100;0;1.5;0.0;0.0
34;2021-01-22;2482;11;0;19790;111;0;1.7;0.0;0.0
34;2021-01-23;567;2;0;20357;113;0;1.7;0.0;0.0
34;2021-01-24;13;0;0;20370;113;0;1.7;0.0;0.0
34;2021-01-25;1236;11;0;21606;124;0;1.8;0.0;0.0
34;2021-01-26;1415;26;0;23021;150;0;2.0;0.0;0.0
34;2021-01-27;1411;38;0;24432;188;0;2.1;0.0;0.0
34;2021-01-28;1377;131;0;25809;319;0;2.2;0.0;0.0
34;2021-01-29;1254;175;0;27063;494;0;2.3;0.0;0.0
34;2021-01-30;478;15;0;27541;509;0;2.3;0.0;0.0
34;2021-01-31;5;0;0;27546;509;0;2.3;0.0;0.0
34;2021-02-01;993;272;0;28539;781;0;2.4;0.1;0.0
34;2021-02-02;1461;498;0;30000;1279;0;2.6;0.1;0.0
34;2021-02-03;2488;557;0;32488;1836;0;2.8;0.2;0.0
34;2021-02-04;2251;897;0;34739;2733;0;3.0;0.2;0.0
34;2021-02-05;1856;1195;0;36595;3928;0;3.1;0.3;0.0
34;2021-02-06;497;239;0;37092;4167;0;3.2;0.4;0.0
34;2021-02-07;35;108;0;37127;4275;0;3.2;0.4;0.0
34;2021-02-08;852;1067;0;37979;5342;0;3.2;0.5;0.0
34;2021-02-09;1038;1304;0;39017;6646;0;3.3;0.6;0.0
34;2021-02-10;1298;1499;0;40315;8145;0;3.4;0.7;0.0
34;2021-02-11;1779;2645;0;42094;10790;0;3.6;0.9;0.0
34;2021-02-12;1831;1639;0;43925;12429;0;3.7;1.1;0.0
34;2021-02-13;361;498;0;44286;12927;0;3.8;1.1;0.0
34;2021-02-14;26;282;0;44312;13209;0;3.8;1.1;0.0
34;2021-02-15;680;1176;0;44992;14385;0;3.8;1.2;0.0
34;2021-02-16;671;1513;0;45663;15898;0;3.9;1.4;0.0
34;2021-02-17;718;1489;0;46381;17387;0;3.9;1.5;0.0
34;2021-02-18;875;1479;0;47256;18866;0;4.0;1.6;0.0
34;2021-02-19;829;1232;0;48085;20098;0;4.1;1.7;0.0
34;2021-02-20;314;476;0;48399;20574;0;4.1;1.7;0.0
34;2021-02-21;64;22;0;48463;20596;0;4.1;1.8;0.0
34;2021-02-22;652;1280;0;49115;21876;0;4.2;1.9;0.0
34;2021-02-23;584;1473;0;49699;23349;0;4.2;2.0;0.0
34;2021-02-24;915;2285;0;50614;25634;0;4.3;2.2;0.0
34;2021-02-25;1606;2182;0;52220;27816;0;4.4;2.4;0.0
34;2021-02-26;1873;1599;0;54093;29415;0;4.6;2.5;0.0
34;2021-02-27;732;438;0;54825;29853;0;4.7;2.5;0.0
34;2021-02-28;88;61;0;54913;29914;0;4.7;2.5;0.0
34;2021-03-01;1004;1168;0;55917;31082;0;4.8;2.6;0.0
34;2021-03-02;1724;1278;0;57641;32360;0;4.9;2.8;0.0
34;2021-03-03;1963;1396;0;59604;33756;0;5.1;2.9;0.0
34;2021-03-04;2932;1648;0;62536;35404;0;5.3;3.0;0.0
34;2021-03-05;3813;1528;0;66349;36932;0;5.6;3.1;0.0
34;2021-03-06;2765;240;0;69114;37172;0;5.9;3.2;0.0
34;2021-03-07;1273;79;0;70387;37251;0;6.0;3.2;0.0
34;2021-03-08;2743;997;0;73130;38248;0;6.2;3.3;0.0
34;2021-03-09;4014;1407;0;77144;39655;0;6.6;3.4;0.0
34;2021-03-10;3973;1335;0;81117;40990;0;6.9;3.5;0.0
34;2021-03-11;5424;1301;0;86541;42291;0;7.4;3.6;0.0
34;2021-03-12;6500;940;0;93041;43231;0;7.9;3.7;0.0
34;2021-03-13;3263;191;0;96304;43422;0;8.2;3.7;0.0
34;2021-03-14;986;52;0;97290;43474;0;8.3;3.7;0.0
34;2021-03-15;3290;581;0;100580;44055;0;8.6;3.7;0.0
34;2021-03-16;2929;682;0;103509;44737;0;8.8;3.8;0.0
34;2021-03-17;3298;710;0;106807;45447;0;9.1;3.9;0.0
34;2021-03-18;3432;961;0;110239;46408;0;9.4;3.9;0.0
34;2021-03-19;4654;806;0;114893;47214;0;9.8;4.0;0.0
34;2021-03-20;3160;86;0;118053;47300;0;10.0;4.0;0.0
34;2021-03-21;1900;49;0;119953;47349;0;10.2;4.0;0.0
34;2021-03-22;3678;501;0;123631;47850;0;10.5;4.1;0.0
34;2021-03-23;4919;559;0;128550;48409;0;10.9;4.1;0.0
34;2021-03-24;5236;682;0;133786;49091;0;11.4;4.2;0.0
34;2021-03-25;7207;766;0;140993;49857;0;12.0;4.2;0.0
34;2021-03-26;7127;576;0;148120;50433;0;12.6;4.3;0.0
34;2021-03-27;2437;116;0;150557;50549;0;12.8;4.3;0.0
34;2021-03-28;686;26;0;151243;50575;0;12.9;4.3;0.0
34;2021-03-29;4175;900;0;155418;51475;0;13.2;4.4;0.0
34;2021-03-30;5244;1108;0;160662;52583;0;13.7;4.5;0.0
34;2021-03-31;5090;1346;0;165752;53929;0;14.1;4.6;0.0
34;2021-04-01;7037;1182;0;172789;55111;0;14.7;4.7;0.0
34;2021-04-02;5857;1298;0;178646;56409;0;15.2;4.8;0.0
34;2021-04-03;1219;251;0;179865;56660;0;15.3;4.8;0.0
34;2021-04-04;177;9;0;180042;56669;0;15.3;4.8;0.0
34;2021-04-05;578;62;0;180620;56731;0;15.4;4.8;0.0
34;2021-04-06;3370;2507;0;183990;59238;0;15.6;5.0;0.0
34;2021-04-07;3546;2668;0;187536;61906;0;15.9;5.3;0.0
34;2021-04-08;5387;2864;0;192923;64770;0;16.4;5.5;0.0
34;2021-04-09;8137;2545;0;201060;67315;0;17.1;5.7;0.0
34;2021-04-10;3301;1446;0;204361;68761;0;17.4;5.8;0.0
34;2021-04-11;1754;779;0;206115;69540;0;17.5;5.9;0.0
34;2021-04-12;4614;2552;0;210729;72092;0;17.9;6.1;0.0
34;2021-04-13;5399;3178;0;216128;75270;0;18.4;6.4;0.0
34;2021-04-14;5699;3299;0;221827;78569;0;18.9;6.7;0.0
34;2021-04-15;7054;3194;0;228881;81763;0;19.5;7.0;0.0
34;2021-04-16;6620;3156;0;235501;84919;0;20.0;7.2;0.0
34;2021-04-17;2618;2104;0;238119;87023;0;20.2;7.4;0.0
34;2021-04-18;1084;1657;0;239203;88680;0;20.3;7.5;0.0
34;2021-04-19;3551;3135;0;242754;91815;0;20.6;7.8;0.0
34;2021-04-20;3950;3677;0;246704;95492;0;21.0;8.1;0.0
34;2021-04-21;4451;3766;0;251155;99258;0;21.4;8.4;0.0
34;2021-04-22;4643;4640;0;255798;103898;0;21.7;8.8;0.0
34;2021-04-23;5557;3523;0;261355;107421;0;22.2;9.1;0.0
34;2021-04-24;3270;1659;0;264625;109080;0;22.5;9.3;0.0
34;2021-04-25;1881;623;0;266506;109703;0;22.7;9.3;0.0
34;2021-04-26;4257;3504;0;270763;113207;0;23.0;9.6;0.0
34;2021-04-27;5155;4085;0;275918;117292;0;23.5;10.0;0.0
34;2021-04-28;5761;3620;0;281679;120912;0;23.9;10.3;0.0
34;2021-04-29;6503;3981;0;288182;124893;0;24.5;10.6;0.0
34;2021-04-30;7840;3408;0;296022;128301;0;25.2;10.9;0.0
34;2021-05-01;2595;572;0;298617;128873;0;25.4;11.0;0.0
34;2021-05-02;3202;344;0;301819;129217;0;25.7;11.0;0.0
34;2021-05-03;6496;3077;0;308315;132294;0;26.2;11.2;0.0
34;2021-05-04;6972;4025;0;315287;136319;0;26.8;11.6;0.0
34;2021-05-05;6364;4651;0;321651;140970;0;27.3;12.0;0.0
34;2021-05-06;6935;5340;0;328586;146310;0;27.9;12.4;0.0
34;2021-05-07;6810;5768;0;335396;152078;0;28.5;12.9;0.0
34;2021-05-08;3657;1244;0;339053;153322;0;28.8;13.0;0.0
34;2021-05-09;2108;1277;0;341161;154599;0;29.0;13.1;0.0
34;2021-05-10;5675;4928;0;346836;159527;0;29.5;13.6;0.0
34;2021-05-11;7132;5461;0;353968;164988;0;30.1;14.0;0.0
34;2021-05-12;7562;4672;0;361530;169660;0;30.7;14.4;0.0
34;2021-05-13;6102;889;0;367632;170549;0;31.3;14.5;0.0
34;2021-05-14;7374;3895;0;375006;174444;0;31.9;14.8;0.0
34;2021-05-15;4820;1863;0;379826;176307;0;32.3;15.0;0.0
34;2021-05-16;4595;510;0;384421;176817;0;32.7;15.0;0.0
34;2021-05-17;8085;2188;0;392506;179005;0;33.4;15.2;0.0
34;2021-05-18;8626;2218;0;401132;181223;0;34.1;15.4;0.0
34;2021-05-19;8169;2054;0;409301;183277;0;34.8;15.6;0.0
34;2021-05-20;8382;2618;0;417683;185895;0;35.5;15.8;0.0
34;2021-05-21;8206;3290;0;425889;189185;0;36.2;16.1;0.0
34;2021-05-22;5534;1245;0;431423;190430;0;36.7;16.2;0.0
34;2021-05-23;3503;538;0;434926;190968;0;37.0;16.2;0.0
34;2021-05-24;1901;847;0;436827;191815;0;37.1;16.3;0.0
34;2021-05-25;6632;3789;0;443459;195604;0;37.7;16.6;0.0
34;2021-05-26;7765;3022;0;451224;198626;0;38.4;16.9;0.0
34;2021-05-27;7758;4245;0;458982;202871;0;39.0;17.2;0.0
34;2021-05-28;7495;5373;0;466477;208244;0;39.7;17.7;0.0
34;2021-05-29;3885;3121;0;470362;211365;0;40.0;18.0;0.0
34;2021-05-30;1799;1362;0;472161;212727;0;40.1;18.1;0.0
34;2021-05-31;5503;5093;0;477664;217820;0;40.6;18.5;0.0
34;2021-06-01;6569;5907;0;484233;223727;0;41.2;19.0;0.0
34;2021-06-02;5949;5666;0;490182;229393;0;41.7;19.5;0.0
34;2021-06-03;7303;6340;0;497485;235733;0;42.3;20.0;0.0
34;2021-06-04;7340;7576;0;504825;243309;0;42.9;20.7;0.0
34;2021-06-05;3932;3665;0;508757;246974;0;43.3;21.0;0.0
34;2021-06-06;3088;1791;0;511845;248765;0;43.5;21.2;0.0
34;2021-06-07;4249;6592;0;516094;255357;0;43.9;21.7;0.0
34;2021-06-08;5544;6610;0;521638;261967;0;44.4;22.3;0.0
34;2021-06-09;5537;6699;0;527175;268666;0;44.8;22.8;0.0
34;2021-06-10;5964;6749;0;533139;275415;0;45.3;23.4;0.0
34;2021-06-11;5306;9066;0;538445;284481;0;45.8;24.2;0.0
34;2021-06-12;3076;4635;0;541521;289116;0;46.0;24.6;0.0
34;2021-06-13;1051;1842;0;542572;290958;0;46.1;24.7;0.0
34;2021-06-14;3351;7665;0;545923;298623;0;46.4;25.4;0.0
34;2021-06-15;3893;8609;0;549816;307232;0;46.7;26.1;0.0
34;2021-06-16;4490;7795;0;554306;315027;0;47.1;26.8;0.0
34;2021-06-17;4089;7748;0;558395;322775;0;47.5;27.4;0.0
34;2021-06-18;4357;9078;0;562752;331853;0;47.8;28.2;0.0
34;2021-06-19;2651;4343;0;565403;336196;0;48.1;28.6;0.0
34;2021-06-20;865;2706;0;566268;338902;0;48.1;28.8;0.0
34;2021-06-21;2202;8351;0;568470;347253;0;48.3;29.5;0.0
34;2021-06-22;2837;9016;0;571307;356269;0;48.6;30.3;0.0
34;2021-06-23;3346;8694;0;574653;364963;0;48.9;31.0;0.0
34;2021-06-24;3347;8371;0;578000;373334;0;49.1;31.7;0.0
34;2021-06-25;3256;10194;0;581256;383528;0;49.4;32.6;0.0
34;2021-06-26;1589;6056;0;582845;389584;0;49.6;33.1;0.0
34;2021-06-27;327;3974;0;583172;393558;0;49.6;33.5;0.0
34;2021-06-28;2157;8962;0;585329;402520;0;49.8;34.2;0.0
34;2021-06-29;2589;9808;0;587918;412328;0;50.0;35.1;0.0
34;2021-06-30;3192;9109;0;591110;421437;0;50.3;35.8;0.0
34;2021-07-01;3488;8988;0;594598;430425;0;50.6;36.6;0.0
34;2021-07-02;3484;9240;0;598082;439665;0;50.9;37.4;0.0
34;2021-07-03;1648;5967;0;599730;445632;0;51.0;37.9;0.0
34;2021-07-04;343;2532;0;600073;448164;0;51.0;38.1;0.0
34;2021-07-05;3054;7660;0;603127;455824;0;51.3;38.8;0.0
34;2021-07-06;3296;8672;0;606423;464496;0;51.6;39.5;0.0
34;2021-07-07;3182;8228;0;609605;472724;0;51.8;40.2;0.0
34;2021-07-08;4045;8289;0;613650;481013;0;52.2;40.9;0.0
34;2021-07-09;3813;8991;0;617463;490004;0;52.5;41.7;0.0
34;2021-07-10;2134;5550;0;619597;495554;0;52.7;42.1;0.0
34;2021-07-11;854;2306;0;620451;497860;0;52.8;42.3;0.0
34;2021-07-12;2745;8525;0;623196;506385;0;53.0;43.1;0.0
34;2021-07-13;4508;9483;0;627704;515868;0;53.4;43.9;0.0
34;2021-07-14;891;576;0;628595;516444;0;53.4;43.9;0.0
34;2021-07-15;5711;9816;0;634306;526260;0;53.9;44.7;0.0
34;2021-07-16;5865;10133;0;640171;536393;0;54.4;45.6;0.0
34;2021-07-17;4426;4523;0;644597;540916;0;54.8;46.0;0.0
34;2021-07-18;394;345;0;644991;541261;0;54.8;46.0;0.0
34;2021-07-19;4980;7901;0;649971;549162;0;55.3;46.7;0.0
34;2021-07-20;6586;7861;0;656557;557023;0;55.8;47.4;0.0
34;2021-07-21;7240;7368;0;663797;564391;0;56.4;48.0;0.0
34;2021-07-22;7253;7545;0;671050;571936;0;57.1;48.6;0.0
34;2021-07-23;7688;7605;0;678738;579541;0;57.7;49.3;0.0
34;2021-07-24;5768;3164;0;684506;582705;0;58.2;49.5;0.0
34;2021-07-25;2796;556;0;687302;583261;0;58.4;49.6;0.0
34;2021-07-26;5965;6017;0;693267;589278;0;58.9;50.1;0.0
34;2021-07-27;7902;5544;0;701169;594822;0;59.6;50.6;0.0
34;2021-07-28;8603;5568;0;709772;600390;0;60.3;51.0;0.0
34;2021-07-29;10242;5574;0;720014;605964;0;61.2;51.5;0.0
34;2021-07-30;9005;6007;0;729019;611971;0;62.0;52.0;0.0
34;2021-07-31;5982;2246;0;735001;614217;0;62.5;52.2;0.0
34;2021-08-01;2913;622;0;737914;614839;0;62.7;52.3;0.0
34;2021-08-02;6760;4633;0;744674;619472;0;63.3;52.7;0.0
34;2021-08-03;7303;4944;0;751977;624416;0;63.9;53.1;0.0
34;2021-08-04;7285;3842;0;759262;628258;0;64.6;53.4;0.0
34;2021-08-05;6343;4390;0;765605;632648;0;65.1;53.8;0.0
34;2021-08-06;5456;4671;0;771061;637319;0;65.6;54.2;0.0
34;2021-08-07;3015;2352;0;774076;639671;0;65.8;54.4;0.0
34;2021-08-08;262;291;0;774338;639962;0;65.8;54.4;0.0
34;2021-08-09;4319;5522;0;778657;645484;0;66.2;54.9;0.0
34;2021-08-10;4644;5729;0;783301;651213;0;66.6;55.4;0.0
34;2021-08-11;4289;5670;0;787590;656883;0;67.0;55.9;0.0
34;2021-08-12;4056;5605;0;791646;662488;0;67.3;56.3;0.0
34;2021-08-13;3676;5238;0;795322;667726;0;67.6;56.8;0.0
34;2021-08-14;1803;2886;0;797125;670612;0;67.8;57.0;0.0
34;2021-08-15;243;291;0;797368;670903;0;67.8;57.0;0.0
34;2021-08-16;2602;6969;0;799970;677872;0;68.0;57.6;0.0
34;2021-08-17;3253;7540;0;803223;685412;0;68.3;58.3;0.0
34;2021-08-18;2904;6794;0;806127;692206;0;68.5;58.9;0.0
34;2021-08-19;2982;6909;0;809109;699115;0;68.8;59.4;0.0
34;2021-08-20;2573;7150;0;811682;706265;0;69.0;60.0;0.0
34;2021-08-21;1332;3603;0;813014;709868;0;69.1;60.4;0.0
34;2021-08-22;178;385;0;813192;710253;0;69.1;60.4;0.0
34;2021-08-23;2198;7878;0;815390;718131;0;69.3;61.1;0.0
34;2021-08-24;2475;8129;0;817865;726260;0;69.5;61.7;0.0
34;2021-08-25;2141;7779;0;820006;734039;0;69.7;62.4;0.0
34;2021-08-26;2359;7154;1;822365;741193;1;69.9;63.0;0.0
34;2021-08-27;2108;6920;1;824473;748113;2;70.1;63.6;0.0
34;2021-08-28;1087;3383;0;825560;751496;2;70.2;63.9;0.0
34;2021-08-29;301;1041;0;825861;752537;2;70.2;64.0;0.0
34;2021-08-30;1888;6299;112;827749;758836;114;70.4;64.5;0.0
34;2021-08-31;1945;6097;242;829694;764933;356;70.5;65.0;0.0
34;2021-09-01;2194;5341;540;831888;770274;896;70.7;65.5;0.1
34;2021-09-02;1619;3812;721;833507;774086;1617;70.9;65.8;0.1
34;2021-09-03;1738;4700;664;835245;778786;2281;71.0;66.2;0.2
34;2021-09-04;1325;3121;274;836570;781907;2555;71.1;66.5;0.2
34;2021-09-05;133;242;23;836703;782149;2578;71.1;66.5;0.2
34;2021-09-06;1147;2849;862;837850;784998;3440;71.2;66.7;0.3
34;2021-09-07;1205;2976;826;839055;787974;4266;71.3;67.0;0.4
34;2021-09-08;1502;3677;706;840557;791651;4972;71.5;67.3;0.4
34;2021-09-09;1109;2891;799;841666;794542;5771;71.6;67.6;0.5
34;2021-09-10;1491;3120;853;843157;797662;6624;71.7;67.8;0.6
34;2021-09-11;1213;1836;232;844370;799498;6856;71.8;68.0;0.6
34;2021-09-12;72;106;11;844442;799604;6867;71.8;68.0;0.6
34;2021-09-13;959;2286;805;845401;801890;7672;71.9;68.2;0.7
34;2021-09-14;1164;2079;1180;846565;803969;8852;72.0;68.4;0.8
34;2021-09-15;1397;2736;1075;847962;806705;9927;72.1;68.6;0.8
34;2021-09-16;867;1751;1029;848829;808456;10956;72.2;68.7;0.9
34;2021-09-17;1055;2306;1058;849884;810762;12014;72.3;68.9;1.0
34;2021-09-18;768;1704;265;850652;812466;12279;72.3;69.1;1.0
34;2021-09-19;49;67;33;850701;812533;12312;72.3;69.1;1.0
34;2021-09-20;609;1762;987;851310;814295;13299;72.4;69.2;1.1
34;2021-09-21;570;1572;983;851880;815867;14282;72.4;69.4;1.2
34;2021-09-22;772;2376;1045;852652;818243;15327;72.5;69.6;1.3
34;2021-09-23;623;1507;924;853275;819750;16251;72.5;69.7;1.4
34;2021-09-24;805;2081;1061;854080;821831;17312;72.6;69.9;1.5
34;2021-09-25;467;1473;224;854547;823304;17536;72.7;70.0;1.5
34;2021-09-26;39;150;18;854586;823454;17554;72.7;70.0;1.5
34;2021-09-27;568;1282;597;855154;824736;18151;72.7;70.1;1.5
34;2021-09-28;569;1015;606;855723;825751;18757;72.8;70.2;1.6
34;2021-09-29;809;1725;768;856532;827476;19525;72.8;70.4;1.7
34;2021-09-30;587;1243;930;857119;828719;20455;72.9;70.5;1.7
34;2021-10-01;976;1406;1010;858095;830125;21465;73.0;70.6;1.8
34;2021-10-02;676;1362;371;858771;831487;21836;73.0;70.7;1.9
34;2021-10-03;58;150;20;858829;831637;21856;73.0;70.7;1.9
34;2021-10-04;649;970;872;859478;832607;22728;73.1;70.8;1.9
34;2021-10-05;515;911;957;859993;833518;23685;73.1;70.9;2.0
34;2021-10-06;867;1558;1355;860860;835076;25040;73.2;71.0;2.1
34;2021-10-07;548;962;1285;861408;836038;26325;73.2;71.1;2.2
34;2021-10-08;831;1327;1542;862239;837365;27867;73.3;71.2;2.4
34;2021-10-09;543;962;469;862782;838327;28336;73.4;71.3;2.4
34;2021-10-10;73;93;26;862855;838420;28362;73.4;71.3;2.4
34;2021-10-11;615;923;1466;863470;839343;29828;73.4;71.4;2.5
34;2021-10-12;476;666;1303;863946;840009;31131;73.5;71.4;2.6
34;2021-10-13;603;1017;1503;864549;841026;32634;73.5;71.5;2.8
34;2021-10-14;508;643;1205;865057;841669;33839;73.6;71.6;2.9
34;2021-10-15;798;1139;1829;865855;842808;35668;73.6;71.7;3.0
34;2021-10-16;456;658;592;866311;843466;36260;73.7;71.7;3.1
34;2021-10-17;69;59;33;866380;843525;36293;73.7;71.7;3.1
34;2021-10-18;577;734;1745;866957;844259;38038;73.7;71.8;3.2
34;2021-10-19;432;627;1535;867389;844886;39573;73.7;71.8;3.4
34;2021-10-20;538;814;2045;867927;845700;41618;73.8;71.9;3.5
34;2021-10-21;413;606;1912;868340;846306;43530;73.8;72.0;3.7
34;2021-10-22;664;956;2090;869004;847262;45620;73.9;72.0;3.9
34;2021-10-23;261;571;694;869265;847833;46314;73.9;72.1;3.9
34;2021-10-24;59;62;54;869324;847895;46368;73.9;72.1;3.9
34;2021-10-25;598;823;2221;869922;848718;48589;74.0;72.2;4.1
34;2021-10-26;362;520;1674;870284;849238;50263;74.0;72.2;4.3
34;2021-10-27;474;725;2184;870758;849963;52447;74.0;72.3;4.5
34;2021-10-28;371;517;1870;871129;850480;54317;74.1;72.3;4.6
34;2021-10-29;542;724;2127;871671;851204;56444;74.1;72.4;4.8
34;2021-10-30;278;563;937;871949;851767;57381;74.1;72.4;4.9
34;2021-10-31;62;35;81;872011;851802;57462;74.1;72.4;4.9
34;2021-11-01;64;50;59;872075;851852;57521;74.1;72.4;4.9
34;2021-11-02;428;749;2007;872503;852601;59528;74.2;72.5;5.1
34;2021-11-03;434;675;2381;872937;853276;61909;74.2;72.5;5.3
34;2021-11-04;336;490;2352;873273;853766;64261;74.2;72.6;5.5
34;2021-11-05;516;648;2779;873789;854414;67040;74.3;72.6;5.7
34;2021-11-06;331;568;1065;874120;854982;68105;74.3;72.7;5.8
34;2021-11-07;60;63;66;874180;855045;68171;74.3;72.7;5.8
34;2021-11-08;367;606;2629;874547;855651;70800;74.4;72.8;6.0
34;2021-11-09;341;534;2786;874888;856185;73586;74.4;72.8;6.3
34;2021-11-10;470;722;3819;875358;856907;77405;74.4;72.9;6.6
34;2021-11-11;52;81;275;875410;856988;77680;74.4;72.9;6.6
34;2021-11-12;440;611;3667;875850;857599;81347;74.5;72.9;6.9
34;2021-11-13;273;369;1455;876123;857968;82802;74.5;72.9;7.0
34;2021-11-14;65;37;111;876188;858005;82913;74.5;73.0;7.0
34;2021-11-15;390;546;3298;876578;858551;86211;74.5;73.0;7.3
34;2021-11-16;346;504;3456;876924;859055;89667;74.6;73.0;7.6
34;2021-11-17;469;618;3806;877393;859673;93473;74.6;73.1;7.9
34;2021-11-18;402;506;3703;877795;860179;97176;74.6;73.1;8.3
34;2021-11-19;573;726;4707;878368;860905;101883;74.7;73.2;8.7
34;2021-11-20;313;440;1536;878681;861345;103419;74.7;73.2;8.8
34;2021-11-21;16;97;124;878697;861442;103543;74.7;73.2;8.8
34;2021-11-22;443;395;3844;879140;861837;107387;74.7;73.3;9.1
34;2021-11-23;407;461;4025;879547;862298;111412;74.8;73.3;9.5
34;2021-11-24;494;580;4247;880041;862878;115659;74.8;73.4;9.8
34;2021-11-25;429;429;4943;880470;863307;120602;74.9;73.4;10.3
34;2021-11-26;640;634;7378;881110;863941;127980;74.9;73.5;10.9
34;2021-11-27;344;416;3309;881454;864357;131289;74.9;73.5;11.2
34;2021-11-28;48;113;626;881502;864470;131915;74.9;73.5;11.2
34;2021-11-29;370;476;6538;881872;864946;138453;75.0;73.5;11.8
34;2021-11-30;440;463;8732;882312;865409;147185;75.0;73.6;12.5
34;2021-12-01;335;509;8329;882647;865918;155514;75.0;73.6;13.2
34;2021-12-02;348;386;10436;882995;866304;165950;75.1;73.7;14.1
34;2021-12-03;347;504;10299;883342;866808;176249;75.1;73.7;15.0
34;2021-12-04;205;319;4593;883547;867127;180842;75.1;73.7;15.4
34;2021-12-05;37;92;805;883584;867219;181647;75.1;73.7;15.4
34;2021-12-06;369;534;9804;883953;867753;191451;75.2;73.8;16.3
34;2021-12-07;460;525;12511;884413;868278;203962;75.2;73.8;17.3
34;2021-12-08;445;643;11112;884858;868921;215074;75.2;73.9;18.3
34;2021-12-09;361;474;12839;885219;869395;227913;75.3;73.9;19.4
35;2020-12-27;1;0;0;1;0;0;0.0;0.0;0.0
35;2020-12-28;0;0;0;1;0;0;0.0;0.0;0.0
35;2020-12-29;0;0;0;1;0;0;0.0;0.0;0.0
35;2020-12-30;0;0;0;1;0;0;0.0;0.0;0.0
35;2020-12-31;0;0;0;1;0;0;0.0;0.0;0.0
35;2021-01-01;3;0;0;4;0;0;0.0;0.0;0.0
35;2021-01-02;0;0;0;4;0;0;0.0;0.0;0.0
35;2021-01-03;0;0;0;4;0;0;0.0;0.0;0.0
35;2021-01-04;10;0;0;14;0;0;0.0;0.0;0.0
35;2021-01-05;116;0;0;130;0;0;0.0;0.0;0.0
35;2021-01-06;174;0;0;304;0;0;0.0;0.0;0.0
35;2021-01-07;462;1;0;766;1;0;0.1;0.0;0.0
35;2021-01-08;492;1;0;1258;2;0;0.1;0.0;0.0
35;2021-01-09;39;0;0;1297;2;0;0.1;0.0;0.0
35;2021-01-10;4;0;0;1301;2;0;0.1;0.0;0.0
35;2021-01-11;537;0;0;1838;2;0;0.2;0.0;0.0
35;2021-01-12;865;3;0;2703;5;0;0.2;0.0;0.0
35;2021-01-13;922;4;0;3625;9;0;0.3;0.0;0.0
35;2021-01-14;1259;15;0;4884;24;0;0.5;0.0;0.0
35;2021-01-15;703;2;0;5587;26;0;0.5;0.0;0.0
35;2021-01-16;190;2;0;5777;28;0;0.5;0.0;0.0
35;2021-01-17;54;0;0;5831;28;0;0.5;0.0;0.0
35;2021-01-18;1153;2;0;6984;30;0;0.6;0.0;0.0
35;2021-01-19;5127;17;0;12111;47;0;1.1;0.0;0.0
35;2021-01-20;3163;10;0;15274;57;0;1.4;0.0;0.0
35;2021-01-21;3527;14;0;18801;71;0;1.7;0.0;0.0
35;2021-01-22;2023;7;0;20824;78;0;1.9;0.0;0.0
35;2021-01-23;412;1;0;21236;79;0;2.0;0.0;0.0
35;2021-01-24;50;0;0;21286;79;0;2.0;0.0;0.0
35;2021-01-25;875;17;0;22161;96;0;2.0;0.0;0.0
35;2021-01-26;1153;134;0;23314;230;0;2.2;0.0;0.0
35;2021-01-27;1175;130;0;24489;360;0;2.3;0.0;0.0
35;2021-01-28;956;317;0;25445;677;0;2.4;0.1;0.0
35;2021-01-29;750;297;0;26195;974;0;2.4;0.1;0.0
35;2021-01-30;155;21;0;26350;995;0;2.4;0.1;0.0
35;2021-01-31;1;1;0;26351;996;0;2.4;0.1;0.0
35;2021-02-01;644;331;0;26995;1327;0;2.5;0.1;0.0
35;2021-02-02;769;500;0;27764;1827;0;2.6;0.2;0.0
35;2021-02-03;662;518;0;28426;2345;0;2.6;0.2;0.0
35;2021-02-04;648;644;0;29074;2989;0;2.7;0.3;0.0
35;2021-02-05;691;525;0;29765;3514;0;2.8;0.3;0.0
35;2021-02-06;178;12;0;29943;3526;0;2.8;0.3;0.0
35;2021-02-07;4;8;0;29947;3534;0;2.8;0.3;0.0
35;2021-02-08;443;620;0;30390;4154;0;2.8;0.4;0.0
35;2021-02-09;1656;3400;0;32046;7554;0;3.0;0.7;0.0
35;2021-02-10;1279;2606;0;33325;10160;0;3.1;0.9;0.0
35;2021-02-11;1907;3080;0;35232;13240;0;3.3;1.2;0.0
35;2021-02-12;1610;1681;0;36842;14921;0;3.4;1.4;0.0
35;2021-02-13;75;270;0;36917;15191;0;3.4;1.4;0.0
35;2021-02-14;9;72;0;36926;15263;0;3.4;1.4;0.0
35;2021-02-15;743;1028;0;37669;16291;0;3.5;1.5;0.0
35;2021-02-16;928;1120;0;38597;17411;0;3.6;1.6;0.0
35;2021-02-17;891;1178;0;39488;18589;0;3.6;1.7;0.0
35;2021-02-18;1005;1044;0;40493;19633;0;3.7;1.8;0.0
35;2021-02-19;1025;1003;0;41518;20636;0;3.8;1.9;0.0
35;2021-02-20;165;58;0;41683;20694;0;3.9;1.9;0.0
35;2021-02-21;3;3;0;41686;20697;0;3.9;1.9;0.0
35;2021-02-22;713;817;0;42399;21514;0;3.9;2.0;0.0
35;2021-02-23;1376;936;0;43775;22450;0;4.0;2.1;0.0
35;2021-02-24;1293;876;0;45068;23326;0;4.2;2.2;0.0
35;2021-02-25;2147;857;0;47215;24183;0;4.4;2.2;0.0
35;2021-02-26;2500;758;0;49715;24941;0;4.6;2.3;0.0
35;2021-02-27;863;128;0;50578;25069;0;4.7;2.3;0.0
35;2021-02-28;10;2;0;50588;25071;0;4.7;2.3;0.0
35;2021-03-01;881;650;0;51469;25721;0;4.8;2.4;0.0
35;2021-03-02;1587;1886;0;53056;27607;0;4.9;2.6;0.0
35;2021-03-03;1845;940;0;54901;28547;0;5.1;2.6;0.0
35;2021-03-04;2746;1406;0;57647;29953;0;5.3;2.8;0.0
35;2021-03-05;3586;1346;0;61233;31299;0;5.7;2.9;0.0
35;2021-03-06;1350;103;0;62583;31402;0;5.8;2.9;0.0
35;2021-03-07;65;42;0;62648;31444;0;5.8;2.9;0.0
35;2021-03-08;1371;584;0;64019;32028;0;5.9;3.0;0.0
35;2021-03-09;3050;637;0;67069;32665;0;6.2;3.0;0.0
35;2021-03-10;2824;589;0;69893;33254;0;6.5;3.1;0.0
35;2021-03-11;4079;718;0;73972;33972;0;6.8;3.1;0.0
35;2021-03-12;5800;584;0;79772;34556;0;7.4;3.2;0.0
35;2021-03-13;2421;138;0;82193;34694;0;7.6;3.2;0.0
35;2021-03-14;60;27;0;82253;34721;0;7.6;3.2;0.0
35;2021-03-15;1849;625;0;84102;35346;0;7.8;3.3;0.0
35;2021-03-16;2384;678;0;86486;36024;0;8.0;3.3;0.0
35;2021-03-17;2307;583;0;88793;36607;0;8.2;3.4;0.0
35;2021-03-18;2238;586;0;91031;37193;0;8.4;3.4;0.0
35;2021-03-19;3434;514;0;94465;37707;0;8.7;3.5;0.0
35;2021-03-20;1549;124;0;96014;37831;0;8.9;3.5;0.0
35;2021-03-21;53;2;0;96067;37833;0;8.9;3.5;0.0
35;2021-03-22;1710;781;0;97777;38614;0;9.0;3.6;0.0
35;2021-03-23;3500;1185;0;101277;39799;0;9.4;3.7;0.0
35;2021-03-24;3646;928;0;104923;40727;0;9.7;3.8;0.0
35;2021-03-25;5169;942;0;110092;41669;0;10.2;3.9;0.0
35;2021-03-26;5663;761;0;115755;42430;0;10.7;3.9;0.0
35;2021-03-27;1431;223;0;117186;42653;0;10.8;3.9;0.0
35;2021-03-28;24;0;0;117210;42653;0;10.8;3.9;0.0
35;2021-03-29;2760;847;0;119970;43500;0;11.1;4.0;0.0
35;2021-03-30;4197;1239;0;124167;44739;0;11.5;4.1;0.0
35;2021-03-31;3521;1303;0;127688;46042;0;11.8;4.3;0.0
35;2021-04-01;4302;1209;0;131990;47251;0;12.2;4.4;0.0
35;2021-04-02;4927;1145;0;136917;48396;0;12.7;4.5;0.0
35;2021-04-03;838;235;0;137755;48631;0;12.7;4.5;0.0
35;2021-04-04;23;19;0;137778;48650;0;12.7;4.5;0.0
35;2021-04-05;65;3;0;137843;48653;0;12.7;4.5;0.0
35;2021-04-06;3199;1943;0;141042;50596;0;13.0;4.7;0.0
35;2021-04-07;3910;1781;0;144952;52377;0;13.4;4.8;0.0
35;2021-04-08;5674;1574;0;150626;53951;0;13.9;5.0;0.0
35;2021-04-09;7356;1378;0;157982;55329;0;14.6;5.1;0.0
35;2021-04-10;2108;290;0;160090;55619;0;14.8;5.1;0.0
35;2021-04-11;68;37;0;160158;55656;0;14.8;5.1;0.0
35;2021-04-12;4995;1463;0;165153;57119;0;15.3;5.3;0.0
35;2021-04-13;7283;2659;0;172436;59778;0;15.9;5.5;0.0
35;2021-04-14;6039;2214;0;178475;61992;0;16.5;5.7;0.0
35;2021-04-15;7234;2179;0;185709;64171;0;17.2;5.9;0.0
35;2021-04-16;7750;1725;0;193459;65896;0;17.9;6.1;0.0
35;2021-04-17;1779;280;0;195238;66176;0;18.0;6.1;0.0
35;2021-04-18;42;11;0;195280;66187;0;18.0;6.1;0.0
35;2021-04-19;4587;1594;0;199867;67781;0;18.5;6.3;0.0
35;2021-04-20;4920;2553;0;204787;70334;0;18.9;6.5;0.0
35;2021-04-21;4919;2168;0;209706;72502;0;19.4;6.7;0.0
35;2021-04-22;6076;2280;0;215782;74782;0;19.9;6.9;0.0
35;2021-04-23;6458;2263;0;222240;77045;0;20.5;7.1;0.0
35;2021-04-24;1268;388;0;223508;77433;0;20.7;7.2;0.0
35;2021-04-25;59;26;0;223567;77459;0;20.7;7.2;0.0
35;2021-04-26;4765;2174;0;228332;79633;0;21.1;7.4;0.0
35;2021-04-27;5710;3127;0;234042;82760;0;21.6;7.6;0.0
35;2021-04-28;5777;2606;1;239819;85366;1;22.2;7.9;0.0
35;2021-04-29;6770;2765;0;246589;88131;1;22.8;8.1;0.0
35;2021-04-30;7125;2667;0;253714;90798;1;23.4;8.4;0.0
35;2021-05-01;666;266;0;254380;91064;1;23.5;8.4;0.0
35;2021-05-02;49;46;0;254429;91110;1;23.5;8.4;0.0
35;2021-05-03;5076;2394;0;259505;93504;1;24.0;8.6;0.0
35;2021-05-04;4854;5181;0;264359;98685;1;24.4;9.1;0.0
35;2021-05-05;4700;4375;0;269059;103060;1;24.9;9.5;0.0
35;2021-05-06;5953;5144;0;275012;108204;1;25.4;10.0;0.0
35;2021-05-07;5407;5094;0;280419;113298;1;25.9;10.5;0.0
35;2021-05-08;1855;172;0;282274;113470;1;26.1;10.5;0.0
35;2021-05-09;731;114;0;283005;113584;1;26.2;10.5;0.0
35;2021-05-10;3805;4722;0;286810;118306;1;26.5;10.9;0.0
35;2021-05-11;5065;5545;0;291875;123851;1;27.0;11.4;0.0
35;2021-05-12;5669;5172;0;297544;129023;1;27.5;11.9;0.0
35;2021-05-13;2713;1390;0;300257;130413;1;27.7;12.1;0.0
35;2021-05-14;5950;3999;0;306207;134412;1;28.3;12.4;0.0
35;2021-05-15;3448;733;0;309655;135145;1;28.6;12.5;0.0
35;2021-05-16;1226;91;0;310881;135236;1;28.7;12.5;0.0
35;2021-05-17;4980;3654;0;315861;138890;1;29.2;12.8;0.0
35;2021-05-18;6282;4055;0;322143;142945;1;29.8;13.2;0.0
35;2021-05-19;6285;3384;0;328428;146329;1;30.4;13.5;0.0
35;2021-05-20;7081;3725;0;335509;150054;1;31.0;13.9;0.0
35;2021-05-21;6590;4502;0;342099;154556;1;31.6;14.3;0.0
35;2021-05-22;2765;794;0;344864;155350;1;31.9;14.4;0.0
35;2021-05-23;873;74;0;345737;155424;1;32.0;14.4;0.0
35;2021-05-24;3519;1233;0;349256;156657;1;32.3;14.5;0.0
35;2021-05-25;6201;4025;0;355457;160682;1;32.8;14.8;0.0
35;2021-05-26;6358;4059;0;361815;164741;1;33.4;15.2;0.0
35;2021-05-27;7118;4714;0;368933;169455;1;34.1;15.7;0.0
35;2021-05-28;6893;5506;0;375826;174961;1;34.7;16.2;0.0
35;2021-05-29;3610;1266;0;379436;176227;1;35.1;16.3;0.0
35;2021-05-30;946;66;0;380382;176293;1;35.2;16.3;0.0
35;2021-05-31;6862;4182;0;387244;180475;1;35.8;16.7;0.0
35;2021-06-01;7998;4930;0;395242;185405;1;36.5;17.1;0.0
35;2021-06-02;7850;3863;0;403092;189268;1;37.3;17.5;0.0
35;2021-06-03;8673;4912;0;411765;194180;1;38.1;17.9;0.0
35;2021-06-04;7660;7244;0;419425;201424;1;38.8;18.6;0.0
35;2021-06-05;4483;1654;0;423908;203078;1;39.2;18.8;0.0
35;2021-06-06;2754;187;0;426662;203265;1;39.4;18.8;0.0
35;2021-06-07;6314;5442;0;432976;208707;1;40.0;19.3;0.0
35;2021-06-08;7991;5713;0;440967;214420;1;40.8;19.8;0.0
35;2021-06-09;8640;4637;0;449607;219057;1;41.6;20.2;0.0
35;2021-06-10;9493;4677;0;459100;223734;1;42.4;20.7;0.0
35;2021-06-11;8905;7190;0;468005;230924;1;43.3;21.3;0.0
35;2021-06-12;5131;1383;0;473136;232307;1;43.7;21.5;0.0
35;2021-06-13;3161;244;0;476297;232551;1;44.0;21.5;0.0
35;2021-06-14;6284;6315;0;482581;238866;1;44.6;22.1;0.0
35;2021-06-15;7465;6700;0;490046;245566;1;45.3;22.7;0.0
35;2021-06-16;8204;5561;0;498250;251127;1;46.0;23.2;0.0
35;2021-06-17;8614;5754;0;506864;256881;1;46.8;23.7;0.0
35;2021-06-18;8586;7910;0;515450;264791;1;47.6;24.5;0.0
35;2021-06-19;1921;2835;0;517371;267626;1;47.8;24.7;0.0
35;2021-06-20;2569;919;0;519940;268545;1;48.1;24.8;0.0
35;2021-06-21;5702;6307;0;525642;274852;1;48.6;25.4;0.0
35;2021-06-22;6639;7581;0;532281;282433;1;49.2;26.1;0.0
35;2021-06-23;6895;6357;0;539176;288790;1;49.8;26.7;0.0
35;2021-06-24;7964;6045;0;547140;294835;1;50.6;27.2;0.0
35;2021-06-25;6473;8788;0;553613;303623;1;51.2;28.1;0.0
35;2021-06-26;1387;3604;0;555000;307227;1;51.3;28.4;0.0
35;2021-06-27;2274;1217;0;557274;308444;1;51.5;28.5;0.0
35;2021-06-28;4153;7967;0;561427;316411;1;51.9;29.2;0.0
35;2021-06-29;4872;8278;0;566299;324689;1;52.3;30.0;0.0
35;2021-06-30;5384;8100;0;571683;332789;1;52.8;30.8;0.0
35;2021-07-01;6192;7807;0;577875;340596;1;53.4;31.5;0.0
35;2021-07-02;5229;9930;0;583104;350526;1;53.9;32.4;0.0
35;2021-07-03;1131;3597;0;584235;354123;1;54.0;32.7;0.0
35;2021-07-04;1837;1641;0;586072;355764;1;54.2;32.9;0.0
35;2021-07-05;3753;8456;0;589825;364220;1;54.5;33.7;0.0
35;2021-07-06;4611;9726;0;594436;373946;1;54.9;34.6;0.0
35;2021-07-07;4975;8683;0;599411;382629;1;55.4;35.4;0.0
35;2021-07-08;5332;8857;0;604743;391486;1;55.9;36.2;0.0
35;2021-07-09;4054;11792;0;608797;403278;1;56.3;37.3;0.0
35;2021-07-10;1102;3784;0;609899;407062;1;56.4;37.6;0.0
35;2021-07-11;1181;2258;0;611080;409320;1;56.5;37.8;0.0
35;2021-07-12;3105;9537;0;614185;418857;1;56.8;38.7;0.0
35;2021-07-13;4159;11157;0;618344;430014;1;57.1;39.7;0.0
35;2021-07-14;2283;4365;0;620627;434379;1;57.4;40.1;0.0
35;2021-07-15;4787;10481;0;625414;444860;1;57.8;41.1;0.0
35;2021-07-16;5187;11294;0;630601;456154;1;58.3;42.2;0.0
35;2021-07-17;2549;4524;0;633150;460678;1;58.5;42.6;0.0
35;2021-07-18;988;2432;0;634138;463110;1;58.6;42.8;0.0
35;2021-07-19;3676;9409;0;637814;472519;1;58.9;43.7;0.0
35;2021-07-20;5185;11035;0;642999;483554;1;59.4;44.7;0.0
35;2021-07-21;4908;9684;0;647907;493238;1;59.9;45.6;0.0
35;2021-07-22;5272;9839;0;653179;503077;1;60.4;46.5;0.0
35;2021-07-23;5069;11238;0;658248;514315;1;60.8;47.5;0.0
35;2021-07-24;2295;4711;0;660543;519026;1;61.0;48.0;0.0
35;2021-07-25;863;2677;0;661406;521703;1;61.1;48.2;0.0
35;2021-07-26;4318;8753;0;665724;530456;1;61.5;49.0;0.0
35;2021-07-27;5975;9809;0;671699;540265;1;62.1;49.9;0.0
35;2021-07-28;5846;8785;0;677545;549050;1;62.6;50.7;0.0
35;2021-07-29;6764;8391;0;684309;557441;1;63.2;51.5;0.0
35;2021-07-30;6400;9142;0;690709;566583;1;63.8;52.4;0.0
35;2021-07-31;2864;3841;0;693573;570424;1;64.1;52.7;0.0
35;2021-08-01;1481;2263;0;695054;572687;1;64.2;52.9;0.0
35;2021-08-02;5289;6910;0;700343;579597;1;64.7;53.6;0.0
35;2021-08-03;7217;7521;0;707560;587118;1;65.4;54.3;0.0
35;2021-08-04;7262;6613;0;714822;593731;1;66.1;54.9;0.0
35;2021-08-05;7148;6900;0;721970;600631;1;66.7;55.5;0.0
35;2021-08-06;6515;7208;0;728485;607839;1;67.3;56.2;0.0
35;2021-08-07;2585;3270;0;731070;611109;1;67.6;56.5;0.0
35;2021-08-08;1583;2065;0;732653;613174;1;67.7;56.7;0.0
35;2021-08-09;4870;5556;0;737523;618730;1;68.2;57.2;0.0
35;2021-08-10;6524;6350;0;744047;625080;1;68.8;57.8;0.0
35;2021-08-11;6339;5759;0;750386;630839;1;69.3;58.3;0.0
35;2021-08-12;6570;5493;0;756956;636332;1;70.0;58.8;0.0
35;2021-08-13;6301;5076;0;763257;641408;1;70.5;59.3;0.0
35;2021-08-14;2891;2155;0;766148;643563;1;70.8;59.5;0.0
35;2021-08-15;1961;1154;0;768109;644717;1;71.0;59.6;0.0
35;2021-08-16;4431;5163;0;772540;649880;1;71.4;60.1;0.0
35;2021-08-17;5825;6079;0;778365;655959;1;71.9;60.6;0.0
35;2021-08-18;5883;5477;0;784248;661436;1;72.5;61.1;0.0
35;2021-08-19;5517;5770;0;789765;667206;1;73.0;61.7;0.0
35;2021-08-20;4679;6230;0;794444;673436;1;73.4;62.2;0.0
35;2021-08-21;2087;2809;0;796531;676245;1;73.6;62.5;0.0
35;2021-08-22;1465;1661;0;797996;677906;1;73.7;62.6;0.0
35;2021-08-23;2802;6016;0;800798;683922;1;74.0;63.2;0.0
35;2021-08-24;3125;7132;0;803923;691054;1;74.3;63.9;0.0
35;2021-08-25;2986;6555;0;806909;697609;1;74.6;64.5;0.0
35;2021-08-26;2431;6822;0;809340;704431;1;74.8;65.1;0.0
35;2021-08-27;2518;7113;0;811858;711544;1;75.0;65.8;0.0
35;2021-08-28;1076;3126;0;812934;714670;1;75.1;66.0;0.0
35;2021-08-29;443;1637;0;813377;716307;1;75.2;66.2;0.0
35;2021-08-30;1828;5295;100;815205;721602;101;75.3;66.7;0.0
35;2021-08-31;2175;6230;145;817380;727832;246;75.5;67.3;0.0
35;2021-09-01;1811;5623;307;819191;733455;553;75.7;67.8;0.1
35;2021-09-02;1746;5463;389;820937;738918;942;75.9;68.3;0.1
35;2021-09-03;1903;6365;381;822840;745283;1323;76.0;68.9;0.1
35;2021-09-04;1062;3805;86;823902;749088;1409;76.1;69.2;0.1
35;2021-09-05;407;1759;63;824309;750847;1472;76.2;69.4;0.1
35;2021-09-06;1060;4358;411;825369;755205;1883;76.3;69.8;0.2
35;2021-09-07;1224;4634;506;826593;759839;2389;76.4;70.2;0.2
35;2021-09-08;1265;5513;444;827858;765352;2833;76.5;70.7;0.3
35;2021-09-09;1193;4411;474;829051;769763;3307;76.6;71.1;0.3
35;2021-09-10;1462;5545;606;830513;775308;3913;76.8;71.7;0.4
35;2021-09-11;582;3614;113;831095;778922;4026;76.8;72.0;0.4
35;2021-09-12;217;1943;48;831312;780865;4074;76.8;72.2;0.4
35;2021-09-13;1163;3418;576;832475;784283;4650;76.9;72.5;0.4
35;2021-09-14;1242;3016;1227;833717;787299;5877;77.0;72.8;0.5
35;2021-09-15;1103;4210;855;834820;791509;6732;77.2;73.1;0.6
35;2021-09-16;961;2544;994;835781;794053;7726;77.2;73.4;0.7
35;2021-09-17;1172;3462;994;836953;797515;8720;77.3;73.7;0.8
35;2021-09-18;500;2664;165;837453;800179;8885;77.4;73.9;0.8
35;2021-09-19;104;761;28;837557;800940;8913;77.4;74.0;0.8
35;2021-09-20;1042;2284;781;838599;803224;9694;77.5;74.2;0.9
35;2021-09-21;638;1772;1060;839237;804996;10754;77.6;74.4;1.0
35;2021-09-22;752;3264;944;839989;808260;11698;77.6;74.7;1.1
35;2021-09-23;574;1489;1139;840563;809749;12837;77.7;74.8;1.2
35;2021-09-24;852;2700;1025;841415;812449;13862;77.8;75.1;1.3
35;2021-09-25;362;1677;166;841777;814126;14028;77.8;75.2;1.3
35;2021-09-26;8;116;11;841785;814242;14039;77.8;75.2;1.3
35;2021-09-27;485;1464;884;842270;815706;14923;77.8;75.4;1.4
35;2021-09-28;442;1121;1002;842712;816827;15925;77.9;75.5;1.5
35;2021-09-29;551;1825;902;843263;818652;16827;77.9;75.7;1.6
35;2021-09-30;358;854;828;843621;819506;17655;78.0;75.7;1.6
35;2021-10-01;794;2004;1119;844415;821510;18774;78.0;75.9;1.7
35;2021-10-02;333;1026;201;844748;822536;18975;78.1;76.0;1.8
35;2021-10-03;7;29;3;844755;822565;18978;78.1;76.0;1.8
35;2021-10-04;477;941;815;845232;823506;19793;78.1;76.1;1.8
35;2021-10-05;407;876;1045;845639;824382;20838;78.1;76.2;1.9
35;2021-10-06;528;1208;886;846167;825590;21724;78.2;76.3;2.0
35;2021-10-07;353;864;1045;846520;826454;22769;78.2;76.4;2.1
35;2021-10-08;614;1862;1256;847134;828316;24025;78.3;76.5;2.2
35;2021-10-09;349;870;355;847483;829186;24380;78.3;76.6;2.3
35;2021-10-10;5;6;2;847488;829192;24382;78.3;76.6;2.3
35;2021-10-11;389;768;841;847877;829960;25223;78.4;76.7;2.3
35;2021-10-12;366;644;926;848243;830604;26149;78.4;76.8;2.4
35;2021-10-13;460;735;869;848703;831339;27018;78.4;76.8;2.5
35;2021-10-14;294;645;826;848997;831984;27844;78.5;76.9;2.6
35;2021-10-15;596;1422;1633;849593;833406;29477;78.5;77.0;2.7
35;2021-10-16;359;596;461;849952;834002;29938;78.5;77.1;2.8
35;2021-10-17;5;12;0;849957;834014;29938;78.5;77.1;2.8
35;2021-10-18;347;674;857;850304;834688;30795;78.6;77.1;2.8
35;2021-10-19;323;650;943;850627;835338;31738;78.6;77.2;2.9
35;2021-10-20;444;790;1465;851071;836128;33203;78.7;77.3;3.1
35;2021-10-21;276;473;1179;851347;836601;34382;78.7;77.3;3.2
35;2021-10-22;455;883;1795;851802;837484;36177;78.7;77.4;3.3
35;2021-10-23;257;410;581;852059;837894;36758;78.7;77.4;3.4
35;2021-10-24;0;13;10;852059;837907;36768;78.7;77.4;3.4
35;2021-10-25;333;474;1186;852392;838381;37954;78.8;77.5;3.5
35;2021-10-26;282;399;1090;852674;838780;39044;78.8;77.5;3.6
35;2021-10-27;292;474;1312;852966;839254;40356;78.8;77.6;3.7
35;2021-10-28;314;453;1192;853280;839707;41548;78.9;77.6;3.8
35;2021-10-29;461;656;1906;853741;840363;43454;78.9;77.7;4.0
35;2021-10-30;177;283;415;853918;840646;43869;78.9;77.7;4.1
35;2021-10-31;5;10;5;853923;840656;43874;78.9;77.7;4.1
35;2021-11-01;21;14;7;853944;840670;43881;78.9;77.7;4.1
35;2021-11-02;344;558;1404;854288;841228;45285;78.9;77.7;4.2
35;2021-11-03;285;477;1754;854573;841705;47039;79.0;77.8;4.3
35;2021-11-04;251;338;1623;854824;842043;48662;79.0;77.8;4.5
35;2021-11-05;370;574;2478;855194;842617;51140;79.0;77.9;4.7
35;2021-11-06;152;308;596;855346;842925;51736;79.0;77.9;4.8
35;2021-11-07;3;7;3;855349;842932;51739;79.0;77.9;4.8
35;2021-11-08;252;422;2155;855601;843354;53894;79.1;77.9;5.0
35;2021-11-09;330;460;2614;855931;843814;56508;79.1;78.0;5.2
35;2021-11-10;413;529;2997;856344;844343;59505;79.1;78.0;5.5
35;2021-11-11;13;15;57;856357;844358;59562;79.1;78.0;5.5
35;2021-11-12;297;508;2989;856654;844866;62551;79.2;78.1;5.8
35;2021-11-13;168;275;849;856822;845141;63400;79.2;78.1;5.9
35;2021-11-14;6;6;20;856828;845147;63420;79.2;78.1;5.9
35;2021-11-15;242;387;3092;857070;845534;66512;79.2;78.1;6.1
35;2021-11-16;288;351;3493;857358;845885;70005;79.2;78.2;6.5
35;2021-11-17;431;437;3600;857789;846322;73605;79.3;78.2;6.8
35;2021-11-18;317;306;3339;858106;846628;76944;79.3;78.2;7.1
35;2021-11-19;459;548;4433;858565;847176;81377;79.3;78.3;7.5
35;2021-11-20;180;225;1122;858745;847401;82499;79.4;78.3;7.6
35;2021-11-21;4;12;18;858749;847413;82517;79.4;78.3;7.6
35;2021-11-22;301;206;3430;859050;847619;85947;79.4;78.3;7.9
35;2021-11-23;356;273;4136;859406;847892;90083;79.4;78.4;8.3
35;2021-11-24;453;411;3930;859859;848303;94013;79.5;78.4;8.7
35;2021-11-25;298;291;4283;860157;848594;98296;79.5;78.4;9.1
35;2021-11-26;382;434;6599;860539;849028;104895;79.5;78.5;9.7
35;2021-11-27;156;204;1799;860695;849232;106694;79.5;78.5;9.9
35;2021-11-28;8;16;155;860703;849248;106849;79.5;78.5;9.9
35;2021-11-29;194;296;5665;860897;849544;112514;79.6;78.5;10.4
35;2021-11-30;265;347;7359;861162;849891;119873;79.6;78.5;11.1
35;2021-12-01;251;381;7377;861413;850272;127250;79.6;78.6;11.8
35;2021-12-02;226;216;8224;861639;850488;135474;79.6;78.6;12.5
35;2021-12-03;231;367;10651;861870;850855;146125;79.6;78.6;13.5
35;2021-12-04;166;219;3913;862036;851074;150038;79.7;78.7;13.9
35;2021-12-05;36;30;1265;862072;851104;151303;79.7;78.7;14.0
35;2021-12-06;198;262;10258;862270;851366;161561;79.7;78.7;14.9
35;2021-12-07;236;336;12776;862506;851702;174337;79.7;78.7;16.1
35;2021-12-08;274;439;10943;862780;852141;185280;79.7;78.8;17.1
35;2021-12-09;257;328;11916;863037;852469;197196;79.8;78.8;18.2
36;2020-12-27;0;0;0;0;0;0;0.0;0.0;0.0
36;2020-12-28;0;0;0;0;0;0;0.0;0.0;0.0
36;2020-12-29;0;0;0;0;0;0;0.0;0.0;0.0
36;2020-12-30;0;0;0;0;0;0;0.0;0.0;0.0
36;2020-12-31;0;0;0;0;0;0;0.0;0.0;0.0
36;2021-01-01;0;0;0;0;0;0;0.0;0.0;0.0
36;2021-01-02;0;0;0;0;0;0;0.0;0.0;0.0
36;2021-01-03;0;0;0;0;0;0;0.0;0.0;0.0
36;2021-01-04;0;0;0;0;0;0;0.0;0.0;0.0
36;2021-01-05;0;0;0;0;0;0;0.0;0.0;0.0
36;2021-01-06;20;0;0;20;0;0;0.0;0.0;0.0
36;2021-01-07;51;0;0;71;0;0;0.0;0.0;0.0
36;2021-01-08;110;0;0;181;0;0;0.1;0.0;0.0
36;2021-01-09;84;1;0;265;1;0;0.1;0.0;0.0
36;2021-01-10;135;0;0;400;1;0;0.2;0.0;0.0
36;2021-01-11;212;1;0;612;2;0;0.3;0.0;0.0
36;2021-01-12;280;0;0;892;2;0;0.4;0.0;0.0
36;2021-01-13;187;2;0;1079;4;0;0.5;0.0;0.0
36;2021-01-14;472;4;0;1551;8;0;0.7;0.0;0.0
36;2021-01-15;178;1;0;1729;9;0;0.8;0.0;0.0
36;2021-01-16;24;1;0;1753;10;0;0.8;0.0;0.0
36;2021-01-17;13;1;0;1766;11;0;0.8;0.0;0.0
36;2021-01-18;606;5;0;2372;16;0;1.1;0.0;0.0
36;2021-01-19;1135;1;0;3507;17;0;1.6;0.0;0.0
36;2021-01-20;1086;4;0;4593;21;0;2.1;0.0;0.0
36;2021-01-21;696;1;0;5289;22;0;2.4;0.0;0.0
36;2021-01-22;837;2;0;6126;24;0;2.8;0.0;0.0
36;2021-01-23;290;0;0;6416;24;0;3.0;0.0;0.0
36;2021-01-24;158;1;0;6574;25;0;3.0;0.0;0.0
36;2021-01-25;578;4;0;7152;29;0;3.3;0.0;0.0
36;2021-01-26;570;2;0;7722;31;0;3.6;0.0;0.0
36;2021-01-27;797;13;0;8519;44;0;3.9;0.0;0.0
36;2021-01-28;439;46;0;8958;90;0;4.1;0.0;0.0
36;2021-01-29;473;91;0;9431;181;0;4.3;0.1;0.0
36;2021-01-30;242;71;0;9673;252;0;4.5;0.1;0.0
36;2021-01-31;106;124;0;9779;376;0;4.5;0.2;0.0
36;2021-02-01;323;90;0;10102;466;0;4.7;0.2;0.0
36;2021-02-02;371;162;0;10473;628;0;4.8;0.3;0.0
36;2021-02-03;411;245;0;10884;873;0;5.0;0.4;0.0
36;2021-02-04;248;264;0;11132;1137;0;5.1;0.5;0.0
36;2021-02-05;260;153;0;11392;1290;0;5.2;0.6;0.0
36;2021-02-06;3;1;0;11395;1291;0;5.2;0.6;0.0
36;2021-02-07;2;0;0;11397;1291;0;5.2;0.6;0.0
36;2021-02-08;235;255;0;11632;1546;0;5.4;0.7;0.0
36;2021-02-09;325;589;0;11957;2135;0;5.5;1.0;0.0
36;2021-02-10;473;634;0;12430;2769;0;5.7;1.3;0.0
36;2021-02-11;366;558;0;12796;3327;0;5.9;1.5;0.0
36;2021-02-12;311;443;0;13107;3770;0;6.0;1.7;0.0
36;2021-02-13;128;81;0;13235;3851;0;6.1;1.8;0.0
36;2021-02-14;26;42;0;13261;3893;0;6.1;1.8;0.0
36;2021-02-15;49;544;0;13310;4437;0;6.1;2.0;0.0
36;2021-02-16;114;402;0;13424;4839;0;6.2;2.2;0.0
36;2021-02-17;125;593;0;13549;5432;0;6.2;2.5;0.0
36;2021-02-18;178;576;0;13727;6008;0;6.3;2.8;0.0
36;2021-02-19;169;500;0;13896;6508;0;6.4;3.0;0.0
36;2021-02-20;83;226;0;13979;6734;0;6.4;3.1;0.0
36;2021-02-21;83;145;0;14062;6879;0;6.5;3.2;0.0
36;2021-02-22;162;447;0;14224;7326;0;6.6;3.4;0.0
36;2021-02-23;65;546;0;14289;7872;0;6.6;3.6;0.0
36;2021-02-24;123;656;0;14412;8528;0;6.6;3.9;0.0
36;2021-02-25;266;294;0;14678;8822;0;6.8;4.1;0.0
36;2021-02-26;341;414;0;15019;9236;0;6.9;4.3;0.0
36;2021-02-27;75;261;0;15094;9497;0;7.0;4.4;0.0
36;2021-02-28;13;89;0;15107;9586;0;7.0;4.4;0.0
36;2021-03-01;204;306;0;15311;9892;0;7.1;4.6;0.0
36;2021-03-02;346;341;0;15657;10233;0;7.2;4.7;0.0
36;2021-03-03;385;469;0;16042;10702;0;7.4;4.9;0.0
36;2021-03-04;651;346;0;16693;11048;0;7.7;5.1;0.0
36;2021-03-05;768;277;0;17461;11325;0;8.0;5.2;0.0
36;2021-03-06;403;18;0;17864;11343;0;8.2;5.2;0.0
36;2021-03-07;338;17;0;18202;11360;0;8.4;5.2;0.0
36;2021-03-08;272;265;0;18474;11625;0;8.5;5.4;0.0
36;2021-03-09;454;262;0;18928;11887;0;8.7;5.5;0.0
36;2021-03-10;699;388;0;19627;12275;0;9.0;5.7;0.0
36;2021-03-11;803;252;0;20430;12527;0;9.4;5.8;0.0
36;2021-03-12;1385;278;0;21815;12805;0;10.0;5.9;0.0
36;2021-03-13;554;130;0;22369;12935;0;10.3;6.0;0.0
36;2021-03-14;111;2;0;22480;12937;0;10.4;6.0;0.0
36;2021-03-15;644;159;0;23124;13096;0;10.6;6.0;0.0
36;2021-03-16;440;73;0;23564;13169;0;10.9;6.1;0.0
36;2021-03-17;749;98;0;24313;13267;0;11.2;6.1;0.0
36;2021-03-18;420;80;0;24733;13347;0;11.4;6.1;0.0
36;2021-03-19;714;47;0;25447;13394;0;11.7;6.2;0.0
36;2021-03-20;450;31;0;25897;13425;0;11.9;6.2;0.0
36;2021-03-21;2;0;0;25899;13425;0;11.9;6.2;0.0
36;2021-03-22;500;60;0;26399;13485;0;12.2;6.2;0.0
36;2021-03-23;732;69;0;27131;13554;0;12.5;6.2;0.0
36;2021-03-24;1060;83;0;28191;13637;0;13.0;6.3;0.0
36;2021-03-25;1313;99;0;29504;13736;0;13.6;6.3;0.0
36;2021-03-26;1400;163;0;30904;13899;0;14.2;6.4;0.0
36;2021-03-27;473;45;0;31377;13944;0;14.5;6.4;0.0
36;2021-03-28;68;56;0;31445;14000;0;14.5;6.4;0.0
36;2021-03-29;535;172;0;31980;14172;0;14.7;6.5;0.0
36;2021-03-30;612;256;0;32592;14428;0;15.0;6.6;0.0
36;2021-03-31;1198;167;0;33790;14595;0;15.6;6.7;0.0
36;2021-04-01;1101;420;0;34891;15015;0;16.1;6.9;0.0
36;2021-04-02;903;148;0;35794;15163;0;16.5;7.0;0.0
36;2021-04-03;265;206;0;36059;15369;0;16.6;7.1;0.0
36;2021-04-04;45;2;0;36104;15371;0;16.6;7.1;0.0
36;2021-04-05;16;45;0;36120;15416;0;16.6;7.1;0.0
36;2021-04-06;767;350;0;36887;15766;0;17.0;7.3;0.0
36;2021-04-07;1014;526;0;37901;16292;0;17.5;7.5;0.0
36;2021-04-08;1337;453;0;39238;16745;0;18.1;7.7;0.0
36;2021-04-09;1805;419;0;41043;17164;0;18.9;7.9;0.0
36;2021-04-10;614;227;0;41657;17391;0;19.2;8.0;0.0
36;2021-04-11;236;82;0;41893;17473;0;19.3;8.0;0.0
36;2021-04-12;831;548;0;42724;18021;0;19.7;8.3;0.0
36;2021-04-13;1115;510;0;43839;18531;0;20.2;8.5;0.0
36;2021-04-14;1501;832;0;45340;19363;0;20.9;8.9;0.0
36;2021-04-15;1537;483;0;46877;19846;0;21.6;9.1;0.0
36;2021-04-16;1442;451;0;48319;20297;0;22.3;9.3;0.0
36;2021-04-17;860;255;0;49179;20552;0;22.6;9.5;0.0
36;2021-04-18;345;8;0;49524;20560;0;22.8;9.5;0.0
36;2021-04-19;827;430;0;50351;20990;0;23.2;9.7;0.0
36;2021-04-20;1083;499;0;51434;21489;0;23.7;9.9;0.0
36;2021-04-21;1191;834;0;52625;22323;0;24.2;10.3;0.0
36;2021-04-22;1435;847;0;54060;23170;0;24.9;10.7;0.0
36;2021-04-23;1205;623;0;55265;23793;0;25.5;11.0;0.0
36;2021-04-24;658;380;0;55923;24173;0;25.8;11.1;0.0
36;2021-04-25;374;104;0;56297;24277;0;25.9;11.2;0.0
36;2021-04-26;1068;455;0;57365;24732;0;26.4;11.4;0.0
36;2021-04-27;1139;554;0;58504;25286;0;26.9;11.6;0.0
36;2021-04-28;1306;981;0;59810;26267;0;27.5;12.1;0.0
36;2021-04-29;1699;712;0;61509;26979;0;28.3;12.4;0.0
36;2021-04-30;1374;444;0;62883;27423;0;29.0;12.6;0.0
36;2021-05-01;692;61;0;63575;27484;0;29.3;12.7;0.0
36;2021-05-02;460;64;0;64035;27548;0;29.5;12.7;0.0
36;2021-05-03;1242;322;0;65277;27870;0;30.1;12.8;0.0
36;2021-05-04;749;772;0;66026;28642;0;30.4;13.2;0.0
36;2021-05-05;1222;1257;0;67248;29899;0;31.0;13.8;0.0
36;2021-05-06;1957;780;0;69205;30679;0;31.9;14.1;0.0
36;2021-05-07;1339;754;0;70544;31433;0;32.5;14.5;0.0
36;2021-05-08;344;123;0;70888;31556;0;32.6;14.5;0.0
36;2021-05-09;183;324;0;71071;31880;0;32.7;14.7;0.0
36;2021-05-10;1181;800;0;72252;32680;0;33.3;15.1;0.0
36;2021-05-11;1618;1193;0;73870;33873;0;34.0;15.6;0.0
36;2021-05-12;1685;1365;0;75555;35238;0;34.8;16.2;0.0
36;2021-05-13;592;307;0;76147;35545;0;35.1;16.4;0.0
36;2021-05-14;712;896;0;76859;36441;0;35.4;16.8;0.0
36;2021-05-15;651;584;0;77510;37025;0;35.7;17.1;0.0
36;2021-05-16;336;340;0;77846;37365;0;35.9;17.2;0.0
36;2021-05-17;677;904;0;78523;38269;0;36.2;17.6;0.0
36;2021-05-18;941;946;0;79464;39215;0;36.6;18.1;0.0
36;2021-05-19;1372;816;0;80836;40031;0;37.2;18.4;0.0
36;2021-05-20;1643;1077;0;82479;41108;0;38.0;18.9;0.0
36;2021-05-21;1228;963;0;83707;42071;0;38.5;19.4;0.0
36;2021-05-22;778;341;0;84485;42412;0;38.9;19.5;0.0
36;2021-05-23;429;288;0;84914;42700;0;39.1;19.7;0.0
36;2021-05-24;593;437;0;85507;43137;0;39.4;19.9;0.0
36;2021-05-25;1118;662;0;86625;43799;0;39.9;20.2;0.0
36;2021-05-26;1520;1044;0;88145;44843;0;40.6;20.7;0.0
36;2021-05-27;1516;946;0;89661;45789;0;41.3;21.1;0.0
36;2021-05-28;1012;1395;0;90673;47184;0;41.8;21.7;0.0
36;2021-05-29;778;518;0;91451;47702;0;42.1;22.0;0.0
36;2021-05-30;133;543;0;91584;48245;0;42.2;22.2;0.0
36;2021-05-31;1236;740;0;92820;48985;0;42.7;22.6;0.0
36;2021-06-01;1464;817;0;94284;49802;0;43.4;22.9;0.0
36;2021-06-02;2002;586;0;96286;50388;0;44.3;23.2;0.0
36;2021-06-03;1825;1153;0;98111;51541;0;45.2;23.7;0.0
36;2021-06-04;1764;1030;0;99875;52571;0;46.0;24.2;0.0
36;2021-06-05;827;679;0;100702;53250;0;46.4;24.5;0.0
36;2021-06-06;351;247;0;101053;53497;0;46.5;24.6;0.0
36;2021-06-07;1008;801;0;102061;54298;0;47.0;25.0;0.0
36;2021-06-08;982;914;0;103043;55212;0;47.5;25.4;0.0
36;2021-06-09;1613;956;0;104656;56168;0;48.2;25.9;0.0
36;2021-06-10;1489;1314;0;106145;57482;0;48.9;26.5;0.0
36;2021-06-11;1313;1396;0;107458;58878;0;49.5;27.1;0.0
36;2021-06-12;951;746;0;108409;59624;0;49.9;27.5;0.0
36;2021-06-13;336;271;0;108745;59895;0;50.1;27.6;0.0
36;2021-06-14;598;1201;0;109343;61096;0;50.4;28.1;0.0
36;2021-06-15;693;1150;0;110036;62246;0;50.7;28.7;0.0
36;2021-06-16;881;1414;0;110917;63660;0;51.1;29.3;0.0
36;2021-06-17;770;1807;0;111687;65467;0;51.4;30.1;0.0
36;2021-06-18;719;1789;0;112406;67256;0;51.8;31.0;0.0
36;2021-06-19;348;455;0;112754;67711;0;51.9;31.2;0.0
36;2021-06-20;234;319;0;112988;68030;0;52.0;31.3;0.0
36;2021-06-21;668;1381;0;113656;69411;0;52.3;32.0;0.0
36;2021-06-22;804;1544;0;114460;70955;0;52.7;32.7;0.0
36;2021-06-23;733;1711;0;115193;72666;0;53.1;33.5;0.0
36;2021-06-24;804;1490;0;115997;74156;0;53.4;34.2;0.0
36;2021-06-25;888;1215;0;116885;75371;0;53.8;34.7;0.0
36;2021-06-26;362;634;0;117247;76005;0;54.0;35.0;0.0
36;2021-06-27;107;272;0;117354;76277;0;54.0;35.1;0.0
36;2021-06-28;633;968;0;117987;77245;0;54.3;35.6;0.0
36;2021-06-29;653;1485;0;118640;78730;0;54.6;36.3;0.0
36;2021-06-30;781;2108;0;119421;80838;0;55.0;37.2;0.0
36;2021-07-01;387;1140;0;119808;81978;0;55.2;37.8;0.0
36;2021-07-02;736;1904;0;120544;83882;0;55.5;38.6;0.0
36;2021-07-03;438;1006;0;120982;84888;0;55.7;39.1;0.0
36;2021-07-04;188;339;0;121170;85227;0;55.8;39.2;0.0
36;2021-07-05;459;1419;0;121629;86646;0;56.0;39.9;0.0
36;2021-07-06;502;1295;0;122131;87941;0;56.2;40.5;0.0
36;2021-07-07;553;1852;0;122684;89793;0;56.5;41.4;0.0
36;2021-07-08;547;1736;0;123231;91529;0;56.8;42.2;0.0
36;2021-07-09;721;1660;0;123952;93189;0;57.1;42.9;0.0
36;2021-07-10;458;1191;0;124410;94380;0;57.3;43.5;0.0
36;2021-07-11;250;171;0;124660;94551;0;57.4;43.5;0.0
36;2021-07-12;326;1729;0;124986;96280;0;57.6;44.3;0.0
36;2021-07-13;318;1969;0;125304;98249;0;57.7;45.2;0.0
36;2021-07-14;379;764;0;125683;99013;0;57.9;45.6;0.0
36;2021-07-15;928;2084;0;126611;101097;0;58.3;46.6;0.0
36;2021-07-16;656;1871;0;127267;102968;0;58.6;47.4;0.0
36;2021-07-17;458;1003;0;127725;103971;0;58.8;47.9;0.0
36;2021-07-18;192;396;0;127917;104367;0;58.9;48.1;0.0
36;2021-07-19;641;1516;0;128558;105883;0;59.2;48.8;0.0
36;2021-07-20;863;1407;0;129421;107290;0;59.6;49.4;0.0
36;2021-07-21;897;1936;0;130318;109226;0;60.0;50.3;0.0
36;2021-07-22;1283;1570;0;131601;110796;0;60.6;51.0;0.0
36;2021-07-23;1060;1682;0;132661;112478;0;61.1;51.8;0.0
36;2021-07-24;686;849;0;133347;113327;0;61.4;52.2;0.0
36;2021-07-25;156;402;0;133503;113729;0;61.5;52.4;0.0
36;2021-07-26;1153;1074;0;134656;114803;0;62.0;52.9;0.0
36;2021-07-27;1057;1298;0;135713;116101;0;62.5;53.5;0.0
36;2021-07-28;1549;1374;0;137262;117475;0;63.2;54.1;0.0
36;2021-07-29;1780;1226;0;139042;118701;0;64.0;54.7;0.0
36;2021-07-30;1581;1293;0;140623;119994;0;64.8;55.3;0.0
36;2021-07-31;1010;572;0;141633;120566;0;65.2;55.5;0.0
36;2021-08-01;224;241;0;141857;120807;0;65.3;55.6;0.0
36;2021-08-02;1149;900;0;143006;121707;0;65.9;56.1;0.0
36;2021-08-03;1355;961;0;144361;122668;0;66.5;56.5;0.0
36;2021-08-04;1719;928;0;146080;123596;0;67.3;56.9;0.0
36;2021-08-05;1695;879;0;147775;124475;0;68.1;57.3;0.0
36;2021-08-06;1351;863;0;149126;125338;0;68.7;57.7;0.0
36;2021-08-07;567;554;0;149693;125892;0;68.9;58.0;0.0
36;2021-08-08;289;156;0;149982;126048;0;69.1;58.0;0.0
36;2021-08-09;843;829;0;150825;126877;0;69.5;58.4;0.0
36;2021-08-10;994;1014;0;151819;127891;0;69.9;58.9;0.0
36;2021-08-11;1291;894;0;153110;128785;0;70.5;59.3;0.0
36;2021-08-12;1093;941;0;154203;129726;0;71.0;59.7;0.0
36;2021-08-13;1126;803;0;155329;130529;0;71.5;60.1;0.0
36;2021-08-14;448;810;0;155777;131339;0;71.7;60.5;0.0
36;2021-08-15;343;97;0;156120;131436;0;71.9;60.5;0.0
36;2021-08-16;608;1023;0;156728;132459;0;72.2;61.0;0.0
36;2021-08-17;733;1152;0;157461;133611;0;72.5;61.5;0.0
36;2021-08-18;924;1212;0;158385;134823;0;72.9;62.1;0.0
36;2021-08-19;767;1219;0;159152;136042;0;73.3;62.7;0.0
36;2021-08-20;463;1523;0;159615;137565;0;73.5;63.4;0.0
36;2021-08-21;295;508;0;159910;138073;0;73.6;63.6;0.0
36;2021-08-22;32;73;0;159942;138146;0;73.7;63.6;0.0
36;2021-08-23;502;1272;0;160444;139418;0;73.9;64.2;0.0
36;2021-08-24;542;1259;0;160986;140677;0;74.1;64.8;0.0
36;2021-08-25;458;1148;0;161444;141825;0;74.4;65.3;0.0
36;2021-08-26;587;1507;0;162031;143332;0;74.6;66.0;0.0
36;2021-08-27;512;1430;0;162543;144762;0;74.9;66.7;0.0
36;2021-08-28;348;649;0;162891;145411;0;75.0;67.0;0.0
36;2021-08-29;209;254;0;163100;145665;0;75.1;67.1;0.0
36;2021-08-30;234;810;23;163334;146475;23;75.2;67.5;0.0
36;2021-08-31;362;889;88;163696;147364;111;75.4;67.9;0.1
36;2021-09-01;398;1015;151;164094;148379;262;75.6;68.3;0.1
36;2021-09-02;319;913;141;164413;149292;403;75.7;68.8;0.2
36;2021-09-03;301;1344;134;164714;150636;537;75.9;69.4;0.2
36;2021-09-04;234;801;85;164948;151437;622;76.0;69.7;0.3
36;2021-09-05;120;312;57;165068;151749;679;76.0;69.9;0.3
36;2021-09-06;169;837;179;165237;152586;858;76.1;70.3;0.4
36;2021-09-07;177;692;159;165414;153278;1017;76.2;70.6;0.5
36;2021-09-08;230;1010;177;165644;154288;1194;76.3;71.1;0.5
36;2021-09-09;266;792;185;165910;155080;1379;76.4;71.4;0.6
36;2021-09-10;284;954;181;166194;156034;1560;76.5;71.9;0.7
36;2021-09-11;143;742;41;166337;156776;1601;76.6;72.2;0.7
36;2021-09-12;81;187;45;166418;156963;1646;76.6;72.3;0.8
36;2021-09-13;178;522;169;166596;157485;1815;76.7;72.5;0.8
36;2021-09-14;169;432;383;166765;157917;2198;76.8;72.7;1.0
36;2021-09-15;286;536;352;167051;158453;2550;76.9;73.0;1.2
36;2021-09-16;236;620;269;167287;159073;2819;77.0;73.3;1.3
36;2021-09-17;261;558;150;167548;159631;2969;77.2;73.5;1.4
36;2021-09-18;117;409;90;167665;160040;3059;77.2;73.7;1.4
36;2021-09-19;35;197;22;167700;160237;3081;77.2;73.8;1.4
36;2021-09-20;130;294;273;167830;160531;3354;77.3;73.9;1.5
36;2021-09-21;133;307;238;167963;160838;3592;77.4;74.1;1.7
36;2021-09-22;112;602;296;168075;161440;3888;77.4;74.3;1.8
36;2021-09-23;129;412;364;168204;161852;4252;77.5;74.5;2.0
36;2021-09-24;118;470;319;168322;162322;4571;77.5;74.8;2.1
36;2021-09-25;112;491;129;168434;162813;4700;77.6;75.0;2.2
36;2021-09-26;19;305;55;168453;163118;4755;77.6;75.1;2.2
36;2021-09-27;63;231;192;168516;163349;4947;77.6;75.2;2.3
36;2021-09-28;69;216;221;168585;163565;5168;77.6;75.3;2.4
36;2021-09-29;97;364;286;168682;163929;5454;77.7;75.5;2.5
36;2021-09-30;98;241;371;168780;164170;5825;77.7;75.6;2.7
36;2021-10-01;170;296;282;168950;164466;6107;77.8;75.7;2.8
36;2021-10-02;49;188;133;168999;164654;6240;77.8;75.8;2.9
36;2021-10-03;4;21;8;169003;164675;6248;77.8;75.8;2.9
36;2021-10-04;59;203;354;169062;164878;6602;77.9;75.9;3.0
36;2021-10-05;116;149;327;169178;165027;6929;77.9;76.0;3.2
36;2021-10-06;108;291;294;169286;165318;7223;78.0;76.1;3.3
36;2021-10-07;84;189;265;169370;165507;7488;78.0;76.2;3.4
36;2021-10-08;128;276;483;169498;165783;7971;78.1;76.3;3.7
36;2021-10-09;86;203;186;169584;165986;8157;78.1;76.4;3.8
36;2021-10-10;5;12;17;169589;165998;8174;78.1;76.4;3.8
36;2021-10-11;80;133;251;169669;166131;8425;78.1;76.5;3.9
36;2021-10-12;64;94;341;169733;166225;8766;78.2;76.6;4.0
36;2021-10-13;129;247;511;169862;166472;9277;78.2;76.7;4.3
36;2021-10-14;55;73;360;169917;166545;9637;78.3;76.7;4.4
36;2021-10-15;104;230;431;170021;166775;10068;78.3;76.8;4.6
36;2021-10-16;90;148;182;170111;166923;10250;78.3;76.9;4.7
36;2021-10-17;4;7;13;170115;166930;10263;78.3;76.9;4.7
36;2021-10-18;38;114;193;170153;167044;10456;78.4;76.9;4.8
36;2021-10-19;20;54;139;170173;167098;10595;78.4;77.0;4.9
36;2021-10-20;121;178;512;170294;167276;11107;78.4;77.0;5.1
36;2021-10-21;44;194;304;170338;167470;11411;78.4;77.1;5.3
36;2021-10-22;99;205;412;170437;167675;11823;78.5;77.2;5.4
36;2021-10-23;39;52;198;170476;167727;12021;78.5;77.2;5.5
36;2021-10-24;50;53;60;170526;167780;12081;78.5;77.3;5.6
36;2021-10-25;64;64;312;170590;167844;12393;78.6;77.3;5.7
36;2021-10-26;42;48;244;170632;167892;12637;78.6;77.3;5.8
36;2021-10-27;99;125;475;170731;168017;13112;78.6;77.4;6.0
36;2021-10-28;49;79;457;170780;168096;13569;78.7;77.4;6.2
36;2021-10-29;60;89;237;170840;168185;13806;78.7;77.5;6.4
36;2021-10-30;60;140;321;170900;168325;14127;78.7;77.5;6.5
36;2021-10-31;6;6;4;170906;168331;14131;78.7;77.5;6.5
36;2021-11-01;0;2;2;170906;168333;14133;78.7;77.5;6.5
36;2021-11-02;46;99;312;170952;168432;14445;78.7;77.6;6.7
36;2021-11-03;44;64;335;170996;168496;14780;78.7;77.6;6.8
36;2021-11-04;78;100;587;171074;168596;15367;78.8;77.6;7.1
36;2021-11-05;65;110;570;171139;168706;15937;78.8;77.7;7.3
36;2021-11-06;79;131;442;171218;168837;16379;78.9;77.8;7.5
36;2021-11-07;0;6;13;171218;168843;16392;78.9;77.8;7.5
36;2021-11-08;32;57;434;171250;168900;16826;78.9;77.8;7.7
36;2021-11-09;37;55;440;171287;168955;17266;78.9;77.8;8.0
36;2021-11-10;83;102;634;171370;169057;17900;78.9;77.9;8.2
36;2021-11-11;0;3;26;171370;169060;17926;78.9;77.9;8.3
36;2021-11-12;34;76;456;171404;169136;18382;78.9;77.9;8.5
36;2021-11-13;58;88;488;171462;169224;18870;79.0;77.9;8.7
36;2021-11-14;2;9;26;171464;169233;18896;79.0;77.9;8.7
36;2021-11-15;32;68;599;171496;169301;19495;79.0;78.0;9.0
36;2021-11-16;57;82;801;171553;169383;20296;79.0;78.0;9.3
36;2021-11-17;90;78;782;171643;169461;21078;79.0;78.0;9.7
36;2021-11-18;36;61;567;171679;169522;21645;79.1;78.1;10.0
36;2021-11-19;66;89;970;171745;169611;22615;79.1;78.1;10.4
36;2021-11-20;28;40;371;171773;169651;22986;79.1;78.1;10.6
36;2021-11-21;35;28;213;171808;169679;23199;79.1;78.1;10.7
36;2021-11-22;28;33;529;171836;169712;23728;79.1;78.2;10.9
36;2021-11-23;46;47;821;171882;169759;24549;79.2;78.2;11.3
36;2021-11-24;92;75;1114;171974;169834;25663;79.2;78.2;11.8
36;2021-11-25;65;42;1066;172039;169876;26729;79.2;78.2;12.3
36;2021-11-26;76;80;1479;172115;169956;28208;79.3;78.3;13.0
36;2021-11-27;57;119;689;172172;170075;28897;79.3;78.3;13.3
36;2021-11-28;2;5;52;172174;170080;28949;79.3;78.3;13.3
36;2021-11-29;39;54;1022;172213;170134;29971;79.3;78.4;13.8
36;2021-11-30;54;43;1287;172267;170177;31258;79.3;78.4;14.4
36;2021-12-01;69;49;1605;172336;170226;32863;79.4;78.4;15.1
36;2021-12-02;92;41;2083;172428;170267;34946;79.4;78.4;16.1
36;2021-12-03;55;99;2136;172483;170366;37082;79.4;78.5;17.1
36;2021-12-04;45;30;894;172528;170396;37976;79.5;78.5;17.5
36;2021-12-05;18;27;322;172546;170423;38298;79.5;78.5;17.6
36;2021-12-06;34;33;1254;172580;170456;39552;79.5;78.5;18.2
36;2021-12-07;71;48;2091;172651;170504;41643;79.5;78.5;19.2
36;2021-12-08;62;68;2146;172713;170572;43789;79.5;78.6;20.2
36;2021-12-09;64;53;2837;172777;170625;46626;79.6;78.6;21.5
37;2020-12-27;0;0;0;0;0;0;0.0;0.0;0.0
37;2020-12-28;16;0;0;16;0;0;0.0;0.0;0.0
37;2020-12-29;9;0;0;25;0;0;0.0;0.0;0.0
37;2020-12-30;0;0;0;25;0;0;0.0;0.0;0.0
37;2020-12-31;0;0;0;25;0;0;0.0;0.0;0.0
37;2021-01-01;0;0;0;25;0;0;0.0;0.0;0.0
37;2021-01-02;0;0;0;25;0;0;0.0;0.0;0.0
37;2021-01-03;0;0;0;25;0;0;0.0;0.0;0.0
37;2021-01-04;23;0;0;48;0;0;0.0;0.0;0.0
37;2021-01-05;44;0;0;92;0;0;0.0;0.0;0.0
37;2021-01-06;89;0;0;181;0;0;0.0;0.0;0.0
37;2021-01-07;128;1;0;309;1;0;0.1;0.0;0.0
37;2021-01-08;456;2;0;765;3;0;0.1;0.0;0.0
37;2021-01-09;80;2;0;845;5;0;0.1;0.0;0.0
37;2021-01-10;83;0;0;928;5;0;0.2;0.0;0.0
37;2021-01-11;290;0;0;1218;5;0;0.2;0.0;0.0
37;2021-01-12;660;6;0;1878;11;0;0.3;0.0;0.0
37;2021-01-13;539;1;0;2417;12;0;0.4;0.0;0.0
37;2021-01-14;534;3;0;2951;15;0;0.5;0.0;0.0
37;2021-01-15;636;2;0;3587;17;0;0.6;0.0;0.0
37;2021-01-16;291;2;0;3878;19;0;0.6;0.0;0.0
37;2021-01-17;245;1;0;4123;20;0;0.7;0.0;0.0
37;2021-01-18;752;11;0;4875;31;0;0.8;0.0;0.0
37;2021-01-19;1238;11;0;6113;42;0;1.0;0.0;0.0
37;2021-01-20;1051;5;0;7164;47;0;1.2;0.0;0.0
37;2021-01-21;902;0;0;8066;47;0;1.3;0.0;0.0
37;2021-01-22;788;1;0;8854;48;0;1.5;0.0;0.0
37;2021-01-23;178;0;0;9032;48;0;1.5;0.0;0.0
37;2021-01-24;14;0;0;9046;48;0;1.5;0.0;0.0
37;2021-01-25;559;19;0;9605;67;0;1.6;0.0;0.0
37;2021-01-26;1754;68;0;11359;135;0;1.9;0.0;0.0
37;2021-01-27;1439;77;0;12798;212;0;2.1;0.0;0.0
37;2021-01-28;1500;99;0;14298;311;0;2.4;0.1;0.0
37;2021-01-29;658;306;0;14956;617;0;2.5;0.1;0.0
37;2021-01-30;240;60;0;15196;677;0;2.5;0.1;0.0
37;2021-01-31;14;64;0;15210;741;0;2.5;0.1;0.0
37;2021-02-01;363;211;0;15573;952;0;2.6;0.2;0.0
37;2021-02-02;500;514;0;16073;1466;0;2.7;0.2;0.0
37;2021-02-03;655;359;0;16728;1825;0;2.8;0.3;0.0
37;2021-02-04;594;406;0;17322;2231;0;2.9;0.4;0.0
37;2021-02-05;466;462;0;17788;2693;0;2.9;0.4;0.0
37;2021-02-06;198;6;0;17986;2699;0;3.0;0.4;0.0
37;2021-02-07;24;1;0;18010;2700;0;3.0;0.4;0.0
37;2021-02-08;341;354;0;18351;3054;0;3.0;0.5;0.0
37;2021-02-09;610;728;0;18961;3782;0;3.1;0.6;0.0
37;2021-02-10;659;533;0;19620;4315;0;3.2;0.7;0.0
37;2021-02-11;653;598;0;20273;4913;0;3.3;0.8;0.0
37;2021-02-12;547;579;0;20820;5492;0;3.4;0.9;0.0
37;2021-02-13;152;200;0;20972;5692;0;3.5;0.9;0.0
37;2021-02-14;3;57;0;20975;5749;0;3.5;0.9;0.0
37;2021-02-15;415;495;0;21390;6244;0;3.5;1.0;0.0
37;2021-02-16;826;1388;0;22216;7632;0;3.7;1.3;0.0
37;2021-02-17;624;1312;0;22840;8944;0;3.8;1.5;0.0
37;2021-02-18;894;1385;0;23734;10329;0;3.9;1.7;0.0
37;2021-02-19;804;809;0;24538;11138;0;4.1;1.8;0.0
37;2021-02-20;234;216;0;24772;11354;0;4.1;1.9;0.0
37;2021-02-21;6;13;0;24778;11367;0;4.1;1.9;0.0
37;2021-02-22;329;612;0;25107;11979;0;4.1;2.0;0.0
37;2021-02-23;605;631;0;25712;12610;0;4.2;2.1;0.0
37;2021-02-24;551;644;0;26263;13254;0;4.3;2.2;0.0
37;2021-02-25;857;651;0;27120;13905;0;4.5;2.3;0.0
37;2021-02-26;1082;568;0;28202;14473;0;4.7;2.4;0.0
37;2021-02-27;569;196;0;28771;14669;0;4.8;2.4;0.0
37;2021-02-28;24;5;0;28795;14674;0;4.8;2.4;0.0
37;2021-03-01;601;377;0;29396;15051;0;4.9;2.5;0.0
37;2021-03-02;1083;559;0;30479;15610;0;5.0;2.6;0.0
37;2021-03-03;1001;574;0;31480;16184;0;5.2;2.7;0.0
37;2021-03-04;1574;529;0;33054;16713;0;5.5;2.8;0.0
37;2021-03-05;2149;590;0;35203;17303;0;5.8;2.9;0.0
37;2021-03-06;1202;222;0;36405;17525;0;6.0;2.9;0.0
37;2021-03-07;494;76;0;36899;17601;0;6.1;2.9;0.0
37;2021-03-08;678;419;0;37577;18020;0;6.2;3.0;0.0
37;2021-03-09;1623;700;0;39200;18720;0;6.5;3.1;0.0
37;2021-03-10;1606;753;0;40806;19473;0;6.7;3.2;0.0
37;2021-03-11;2096;719;0;42902;20192;0;7.1;3.3;0.0
37;2021-03-12;3239;527;0;46141;20719;0;7.6;3.4;0.0
37;2021-03-13;1945;193;0;48086;20912;0;7.9;3.5;0.0
37;2021-03-14;226;5;0;48312;20917;0;8.0;3.5;0.0
37;2021-03-15;1050;260;0;49362;21177;0;8.2;3.5;0.0
37;2021-03-16;1069;517;0;50431;21694;0;8.3;3.6;0.0
37;2021-03-17;981;284;0;51412;21978;0;8.5;3.6;0.0
37;2021-03-18;1067;522;0;52479;22500;0;8.7;3.7;0.0
37;2021-03-19;2253;340;0;54732;22840;0;9.0;3.8;0.0
37;2021-03-20;1333;143;0;56065;22983;0;9.3;3.8;0.0
37;2021-03-21;194;5;0;56259;22988;0;9.3;3.8;0.0
37;2021-03-22;1295;250;0;57554;23238;0;9.5;3.8;0.0
37;2021-03-23;2285;566;0;59839;23804;0;9.9;3.9;0.0
37;2021-03-24;2287;468;0;62126;24272;0;10.3;4.0;0.0
37;2021-03-25;3084;442;0;65210;24714;0;10.8;4.1;0.0
37;2021-03-26;3574;425;0;68784;25139;0;11.4;4.2;0.0
37;2021-03-27;1206;126;0;69990;25265;0;11.6;4.2;0.0
37;2021-03-28;145;15;0;70135;25280;0;11.6;4.2;0.0
37;2021-03-29;1626;362;0;71761;25642;0;11.9;4.2;0.0
37;2021-03-30;2569;667;0;74330;26309;0;12.3;4.3;0.0
37;2021-03-31;2134;504;0;76464;26813;0;12.6;4.4;0.0
37;2021-04-01;2640;988;0;79104;27801;0;13.1;4.6;0.0
37;2021-04-02;2840;694;0;81944;28495;0;13.5;4.7;0.0
37;2021-04-03;808;244;0;82752;28739;0;13.7;4.7;0.0
37;2021-04-04;107;14;0;82859;28753;0;13.7;4.7;0.0
37;2021-04-05;35;3;0;82894;28756;0;13.7;4.8;0.0
37;2021-04-06;2246;787;0;85140;29543;0;14.1;4.9;0.0
37;2021-04-07;3201;901;0;88341;30444;0;14.6;5.0;0.0
37;2021-04-08;3981;1008;0;92322;31452;0;15.3;5.2;0.0
37;2021-04-09;4523;999;0;96845;32451;0;16.0;5.4;0.0
37;2021-04-10;1342;458;0;98187;32909;0;16.2;5.4;0.0
37;2021-04-11;114;23;0;98301;32932;0;16.2;5.4;0.0
37;2021-04-12;2590;695;0;100891;33627;0;16.7;5.6;0.0
37;2021-04-13;4092;1219;0;104983;34846;0;17.3;5.8;0.0
37;2021-04-14;3075;928;0;108058;35774;0;17.8;5.9;0.0
37;2021-04-15;3773;1030;0;111831;36804;0;18.5;6.1;0.0
37;2021-04-16;4282;1235;0;116113;38039;0;19.2;6.3;0.0
37;2021-04-17;1176;253;0;117289;38292;0;19.4;6.3;0.0
37;2021-04-18;115;12;0;117404;38304;0;19.4;6.3;0.0
37;2021-04-19;2470;880;0;119874;39184;0;19.8;6.5;0.0
37;2021-04-20;3217;1378;0;123091;40562;0;20.3;6.7;0.0
37;2021-04-21;2971;1251;0;126062;41813;0;20.8;6.9;0.0
37;2021-04-22;3552;1517;0;129614;43330;0;21.4;7.2;0.0
37;2021-04-23;3716;1830;0;133330;45160;0;22.0;7.5;0.0
37;2021-04-24;1153;446;0;134483;45606;0;22.2;7.5;0.0
37;2021-04-25;173;11;0;134656;45617;0;22.2;7.5;0.0
37;2021-04-26;2983;1367;0;137639;46984;0;22.7;7.8;0.0
37;2021-04-27;4276;1871;0;141915;48855;0;23.4;8.1;0.0
37;2021-04-28;3622;1947;0;145537;50802;0;24.0;8.4;0.0
37;2021-04-29;4758;2041;0;150295;52843;0;24.8;8.7;0.0
37;2021-04-30;5029;2038;0;155324;54881;0;25.7;9.1;0.0
37;2021-05-01;641;200;0;155965;55081;0;25.8;9.1;0.0
37;2021-05-02;131;29;0;156096;55110;0;25.8;9.1;0.0
37;2021-05-03;2783;1917;0;158879;57027;0;26.2;9.4;0.0
37;2021-05-04;3772;2748;0;162651;59775;0;26.9;9.9;0.0
37;2021-05-05;3634;2114;0;166285;61889;0;27.5;10.2;0.0
37;2021-05-06;5040;2022;0;171325;63911;0;28.3;10.6;0.0
37;2021-05-07;4650;2843;0;175975;66754;0;29.1;11.0;0.0
37;2021-05-08;645;318;0;176620;67072;0;29.2;11.1;0.0
37;2021-05-09;145;67;0;176765;67139;0;29.2;11.1;0.0
37;2021-05-10;2347;3423;0;179112;70562;0;29.6;11.7;0.0
37;2021-05-11;4067;3945;0;183179;74507;0;30.3;12.3;0.0
37;2021-05-12;4324;2660;0;187503;77167;0;31.0;12.7;0.0
37;2021-05-13;1435;534;0;188938;77701;0;31.2;12.8;0.0
37;2021-05-14;4161;2624;0;193099;80325;0;31.9;13.3;0.0
37;2021-05-15;2546;782;0;195645;81107;0;32.3;13.4;0.0
37;2021-05-16;204;113;0;195849;81220;0;32.4;13.4;0.0
37;2021-05-17;3004;2045;0;198853;83265;0;32.8;13.8;0.0
37;2021-05-18;4169;2392;0;203022;85657;0;33.5;14.1;0.0
37;2021-05-19;3884;1875;0;206906;87532;0;34.2;14.5;0.0
37;2021-05-20;5095;1905;0;212001;89437;0;35.0;14.8;0.0
37;2021-05-21;4715;2582;0;216716;92019;0;35.8;15.2;0.0
37;2021-05-22;1373;749;0;218089;92768;0;36.0;15.3;0.0
37;2021-05-23;148;90;0;218237;92858;0;36.0;15.3;0.0
37;2021-05-24;890;121;0;219127;92979;0;36.2;15.4;0.0
37;2021-05-25;5174;2185;0;224301;95164;0;37.1;15.7;0.0
37;2021-05-26;5102;2190;0;229403;97354;0;37.9;16.1;0.0
37;2021-05-27;6088;2423;0;235491;99777;0;38.9;16.5;0.0
37;2021-05-28;6003;3272;0;241494;103049;0;39.9;17.0;0.0
37;2021-05-29;1743;1187;0;243237;104236;0;40.2;17.2;0.0
37;2021-05-30;131;169;0;243368;104405;0;40.2;17.2;0.0
37;2021-05-31;3725;2529;0;247093;106934;0;40.8;17.7;0.0
37;2021-06-01;5848;3544;0;252941;110478;0;41.8;18.2;0.0
37;2021-06-02;5216;2562;0;258157;113040;0;42.6;18.7;0.0
37;2021-06-03;6200;2962;0;264357;116002;0;43.7;19.2;0.0
37;2021-06-04;5632;4213;0;269989;120215;0;44.6;19.9;0.0
37;2021-06-05;2040;1433;0;272029;121648;0;44.9;20.1;0.0
37;2021-06-06;134;292;0;272163;121940;0;45.0;20.1;0.0
37;2021-06-07;3119;4163;0;275282;126103;0;45.5;20.8;0.0
37;2021-06-08;4188;4672;0;279470;130775;0;46.2;21.6;0.0
37;2021-06-09;3945;3775;0;283415;134550;0;46.8;22.2;0.0
37;2021-06-10;5168;3718;0;288583;138268;0;47.7;22.8;0.0
37;2021-06-11;4881;4845;0;293464;143113;0;48.5;23.6;0.0
37;2021-06-12;3542;1370;0;297006;144483;0;49.1;23.9;0.0
37;2021-06-13;83;298;0;297089;144781;0;49.1;23.9;0.0
37;2021-06-14;2626;4128;0;299715;148909;0;49.5;24.6;0.0
37;2021-06-15;3861;4797;0;303576;153706;0;50.1;25.4;0.0
37;2021-06-16;3235;3730;0;306811;157436;0;50.7;26.0;0.0
37;2021-06-17;3903;4558;0;310714;161994;0;51.3;26.8;0.0
37;2021-06-18;4473;5121;0;315187;167115;0;52.1;27.6;0.0
37;2021-06-19;2454;1249;0;317641;168364;0;52.5;27.8;0.0
37;2021-06-20;43;245;0;317684;168609;0;52.5;27.9;0.0
37;2021-06-21;2370;3944;0;320054;172553;0;52.9;28.5;0.0
37;2021-06-22;2876;5191;0;322930;177744;0;53.3;29.4;0.0
37;2021-06-23;2585;3958;0;325515;181702;0;53.8;30.0;0.0
37;2021-06-24;2789;3667;0;328304;185369;0;54.2;30.6;0.0
37;2021-06-25;3210;4951;0;331514;190320;0;54.8;31.4;0.0
37;2021-06-26;1205;3186;0;332719;193506;0;55.0;32.0;0.0
37;2021-06-27;51;236;0;332770;193742;0;55.0;32.0;0.0
37;2021-06-28;1688;4689;0;334458;198431;0;55.2;32.8;0.0
37;2021-06-29;1849;6422;0;336307;204853;0;55.6;33.8;0.0
37;2021-06-30;1877;4753;0;338184;209606;0;55.9;34.6;0.0
37;2021-07-01;2095;4952;0;340279;214558;0;56.2;35.4;0.0
37;2021-07-02;2654;5742;0;342933;220300;0;56.6;36.4;0.0
37;2021-07-03;888;2295;0;343821;222595;0;56.8;36.8;0.0
37;2021-07-04;30;184;0;343851;222779;0;56.8;36.8;0.0
37;2021-07-05;1598;5199;0;345449;227978;0;57.1;37.7;0.0
37;2021-07-06;1887;6760;0;347336;234738;0;57.4;38.8;0.0
37;2021-07-07;1831;5524;0;349167;240262;0;57.7;39.7;0.0
37;2021-07-08;2355;6696;0;351522;246958;0;58.1;40.8;0.0
37;2021-07-09;1986;7589;0;353508;254547;0;58.4;42.0;0.0
37;2021-07-10;1016;2791;0;354524;257338;0;58.6;42.5;0.0
37;2021-07-11;56;168;0;354580;257506;0;58.6;42.5;0.0
37;2021-07-12;1162;6012;0;355742;263518;0;58.8;43.5;0.0
37;2021-07-13;1703;7779;0;357445;271297;0;59.0;44.8;0.0
37;2021-07-14;622;601;0;358067;271898;0;59.1;44.9;0.0
37;2021-07-15;2621;7555;0;360688;279453;0;59.6;46.2;0.0
37;2021-07-16;2741;7702;0;363429;287155;0;60.0;47.4;0.0
37;2021-07-17;1242;2582;0;364671;289737;0;60.2;47.9;0.0
37;2021-07-18;144;147;0;364815;289884;0;60.3;47.9;0.0
37;2021-07-19;1750;6134;0;366565;296018;0;60.6;48.9;0.0
37;2021-07-20;2990;6966;0;369555;302984;0;61.0;50.0;0.0
37;2021-07-21;3088;5637;0;372643;308621;0;61.6;51.0;0.0
37;2021-07-22;4035;6353;0;376678;314974;0;62.2;52.0;0.0
37;2021-07-23;3852;6896;0;380530;321870;0;62.9;53.2;0.0
37;2021-07-24;1807;3179;0;382337;325049;0;63.2;53.7;0.0
37;2021-07-25;146;145;0;382483;325194;0;63.2;53.7;0.0
37;2021-07-26;3301;4298;0;385784;329492;0;63.7;54.4;0.0
37;2021-07-27;4288;4885;0;390072;334377;0;64.4;55.2;0.0
37;2021-07-28;4166;3681;0;394238;338058;0;65.1;55.8;0.0
37;2021-07-29;4990;4209;0;399228;342267;0;65.9;56.5;0.0
37;2021-07-30;5028;4806;0;404256;347073;0;66.8;57.3;0.0
37;2021-07-31;1944;1810;0;406200;348883;0;67.1;57.6;0.0
37;2021-08-01;120;72;0;406320;348955;0;67.1;57.6;0.0
37;2021-08-02;3360;3195;0;409680;352150;0;67.7;58.2;0.0
37;2021-08-03;5031;3069;0;414711;355219;0;68.5;58.7;0.0
37;2021-08-04;4505;1969;0;419216;357188;0;69.2;59.0;0.0
37;2021-08-05;4680;2582;0;423896;359770;0;70.0;59.4;0.0
37;2021-08-06;4607;3230;0;428503;363000;0;70.8;60.0;0.0
37;2021-08-07;1633;1114;0;430136;364114;0;71.1;60.1;0.0
37;2021-08-08;103;201;0;430239;364315;0;71.1;60.2;0.0
37;2021-08-09;2354;2148;0;432593;366463;0;71.5;60.5;0.0
37;2021-08-10;2974;2646;0;435567;369109;0;71.9;61.0;0.0
37;2021-08-11;2073;2199;0;437640;371308;0;72.3;61.3;0.0
37;2021-08-12;2408;2641;0;440048;373949;0;72.7;61.8;0.0
37;2021-08-13;2361;2792;0;442409;376741;0;73.1;62.2;0.0
37;2021-08-14;755;877;0;443164;377618;0;73.2;62.4;0.0
37;2021-08-15;42;101;0;443206;377719;0;73.2;62.4;0.0
37;2021-08-16;1467;3174;0;444673;380893;0;73.5;62.9;0.0
37;2021-08-17;1783;3870;0;446456;384763;0;73.7;63.6;0.0
37;2021-08-18;1414;3173;0;447870;387936;0;74.0;64.1;0.0
37;2021-08-19;1500;3666;0;449370;391602;0;74.2;64.7;0.0
37;2021-08-20;1557;4444;0;450927;396046;0;74.5;65.4;0.0
37;2021-08-21;646;1261;0;451573;397307;0;74.6;65.6;0.0
37;2021-08-22;25;100;0;451598;397407;0;74.6;65.6;0.0
37;2021-08-23;1259;3969;0;452857;401376;0;74.8;66.3;0.0
37;2021-08-24;1529;4724;0;454386;406100;0;75.1;67.1;0.0
37;2021-08-25;1032;4159;0;455418;410259;0;75.2;67.8;0.0
37;2021-08-26;1258;4256;0;456676;414515;0;75.4;68.5;0.0
37;2021-08-27;1388;5382;0;458064;419897;0;75.7;69.4;0.0
37;2021-08-28;413;1473;0;458477;421370;0;75.7;69.6;0.0
37;2021-08-29;11;57;0;458488;421427;0;75.7;69.6;0.0
37;2021-08-30;1041;3737;68;459529;425164;68;75.9;70.2;0.0
37;2021-08-31;1238;3641;123;460767;428805;191;76.1;70.8;0.0
37;2021-09-01;991;2503;193;461758;431308;384;76.3;71.2;0.1
37;2021-09-02;878;2403;288;462636;433711;672;76.4;71.6;0.1
37;2021-09-03;978;3323;388;463614;437034;1060;76.6;72.2;0.2
37;2021-09-04;656;1331;137;464270;438365;1197;76.7;72.4;0.2
37;2021-09-05;7;42;2;464277;438407;1199;76.7;72.4;0.2
37;2021-09-06;376;1135;218;464653;439542;1417;76.8;72.6;0.2
37;2021-09-07;513;1300;232;465166;440842;1649;76.8;72.8;0.3
37;2021-09-08;806;1815;229;465972;442657;1878;77.0;73.1;0.3
37;2021-09-09;542;1299;282;466514;443956;2160;77.1;73.3;0.4
37;2021-09-10;757;1548;310;467271;445504;2470;77.2;73.6;0.4
37;2021-09-11;385;1028;78;467656;446532;2548;77.2;73.8;0.4
37;2021-09-12;16;44;10;467672;446576;2558;77.3;73.8;0.4
37;2021-09-13;435;1077;373;468107;447653;2931;77.3;73.9;0.5
37;2021-09-14;500;1114;491;468607;448767;3422;77.4;74.1;0.6
37;2021-09-15;614;1450;569;469221;450217;3991;77.5;74.4;0.7
37;2021-09-16;360;815;574;469581;451032;4565;77.6;74.5;0.8
37;2021-09-17;594;1426;536;470175;452458;5101;77.7;74.7;0.8
37;2021-09-18;293;869;134;470468;453327;5235;77.7;74.9;0.9
37;2021-09-19;23;55;20;470491;453382;5255;77.7;74.9;0.9
37;2021-09-20;269;667;422;470760;454049;5677;77.8;75.0;0.9
37;2021-09-21;387;1218;914;471147;455267;6591;77.8;75.2;1.1
37;2021-09-22;393;1235;468;471540;456502;7059;77.9;75.4;1.2
37;2021-09-23;407;1009;556;471947;457511;7615;78.0;75.6;1.3
37;2021-09-24;476;1299;544;472423;458810;8159;78.0;75.8;1.3
37;2021-09-25;221;766;103;472644;459576;8262;78.1;75.9;1.4
37;2021-09-26;6;28;1;472650;459604;8263;78.1;75.9;1.4
37;2021-09-27;272;656;384;472922;460260;8647;78.1;76.0;1.4
37;2021-09-28;381;626;467;473303;460886;9114;78.2;76.1;1.5
37;2021-09-29;357;907;568;473660;461793;9682;78.2;76.3;1.6
37;2021-09-30;371;488;689;474031;462281;10371;78.3;76.4;1.7
37;2021-10-01;461;776;634;474492;463057;11005;78.4;76.5;1.8
37;2021-10-02;224;535;190;474716;463592;11195;78.4;76.6;1.8
37;2021-10-03;16;26;0;474732;463618;11195;78.4;76.6;1.8
37;2021-10-04;260;502;418;474992;464120;11613;78.5;76.7;1.9
37;2021-10-05;306;407;660;475298;464527;12273;78.5;76.7;2.0
37;2021-10-06;342;650;567;475640;465177;12840;78.6;76.8;2.1
37;2021-10-07;270;397;657;475910;465574;13497;78.6;76.9;2.2
37;2021-10-08;398;622;689;476308;466196;14186;78.7;77.0;2.3
37;2021-10-09;198;460;182;476506;466656;14368;78.7;77.1;2.4
37;2021-10-10;6;16;2;476512;466672;14370;78.7;77.1;2.4
37;2021-10-11;213;338;477;476725;467010;14847;78.7;77.1;2.5
37;2021-10-12;216;403;675;476941;467413;15522;78.8;77.2;2.6
37;2021-10-13;299;489;601;477240;467902;16123;78.8;77.3;2.7
37;2021-10-14;209;388;722;477449;468290;16845;78.9;77.4;2.8
37;2021-10-15;372;674;900;477821;468964;17745;78.9;77.5;2.9
37;2021-10-16;223;317;180;478044;469281;17925;79.0;77.5;3.0
37;2021-10-17;9;4;1;478053;469285;17926;79.0;77.5;3.0
37;2021-10-18;204;276;492;478257;469561;18418;79.0;77.6;3.0
37;2021-10-19;177;337;851;478434;469898;19269;79.0;77.6;3.2
37;2021-10-20;247;392;896;478681;470290;20165;79.1;77.7;3.3
37;2021-10-21;165;384;839;478846;470674;21004;79.1;77.7;3.5
37;2021-10-22;355;566;1139;479201;471240;22143;79.2;77.8;3.7
37;2021-10-23;127;186;266;479328;471426;22409;79.2;77.9;3.7
37;2021-10-24;7;12;4;479335;471438;22413;79.2;77.9;3.7
37;2021-10-25;180;229;688;479515;471667;23101;79.2;77.9;3.8
37;2021-10-26;163;240;773;479678;471907;23874;79.2;78.0;3.9
37;2021-10-27;221;406;1098;479899;472313;24972;79.3;78.0;4.1
37;2021-10-28;165;195;695;480064;472508;25667;79.3;78.1;4.2
37;2021-10-29;245;391;1172;480309;472899;26839;79.3;78.1;4.4
37;2021-10-30;97;134;282;480406;473033;27121;79.4;78.1;4.5
37;2021-10-31;3;9;1;480409;473042;27122;79.4;78.1;4.5
37;2021-11-01;6;8;10;480415;473050;27132;79.4;78.1;4.5
37;2021-11-02;213;342;1024;480628;473392;28156;79.4;78.2;4.7
37;2021-11-03;191;297;1205;480819;473689;29361;79.4;78.2;4.9
37;2021-11-04;124;199;1114;480943;473888;30475;79.4;78.3;5.0
37;2021-11-05;304;402;1568;481247;474290;32043;79.5;78.3;5.3
37;2021-11-06;120;203;500;481367;474493;32543;79.5;78.4;5.4
37;2021-11-07;0;11;11;481367;474504;32554;79.5;78.4;5.4
37;2021-11-08;139;233;1040;481506;474737;33594;79.5;78.4;5.5
37;2021-11-09;148;274;2413;481654;475011;36007;79.6;78.5;5.9
37;2021-11-10;211;316;1875;481865;475327;37882;79.6;78.5;6.3
37;2021-11-11;12;12;66;481877;475339;37948;79.6;78.5;6.3
37;2021-11-12;221;428;1841;482098;475767;39789;79.6;78.6;6.6
37;2021-11-13;59;124;501;482157;475891;40290;79.6;78.6;6.7
37;2021-11-14;4;11;5;482161;475902;40295;79.6;78.6;6.7
37;2021-11-15;104;204;1748;482265;476106;42043;79.7;78.6;6.9
37;2021-11-16;208;216;2702;482473;476322;44745;79.7;78.7;7.4
37;2021-11-17;238;256;2240;482711;476578;46985;79.7;78.7;7.8
37;2021-11-18;158;179;2091;482869;476757;49076;79.8;78.8;8.1
37;2021-11-19;301;350;3331;483170;477107;52407;79.8;78.8;8.7
37;2021-11-20;152;164;854;483322;477271;53261;79.8;78.8;8.8
37;2021-11-21;0;7;11;483322;477278;53272;79.8;78.8;8.8
37;2021-11-22;142;90;1567;483464;477368;54839;79.9;78.9;9.1
37;2021-11-23;208;185;2725;483672;477553;57564;79.9;78.9;9.5
37;2021-11-24;263;225;2291;483935;477778;59855;79.9;78.9;9.9
37;2021-11-25;137;154;2618;484072;477932;62473;80.0;78.9;10.3
37;2021-11-26;285;346;4633;484357;478278;67106;80.0;79.0;11.1
37;2021-11-27;122;139;1405;484479;478417;68511;80.0;79.0;11.3
37;2021-11-28;3;16;72;484482;478433;68583;80.0;79.0;11.3
37;2021-11-29;83;157;2900;484565;478590;71483;80.0;79.1;11.8
37;2021-11-30;191;157;4677;484756;478747;76160;80.1;79.1;12.6
37;2021-12-01;170;214;4811;484926;478961;80971;80.1;79.1;13.4
37;2021-12-02;105;118;5933;485031;479079;86904;80.1;79.1;14.4
37;2021-12-03;211;237;7371;485242;479316;94275;80.2;79.2;15.6
37;2021-12-04;68;87;3003;485310;479403;97278;80.2;79.2;16.1
37;2021-12-05;7;10;150;485317;479413;97428;80.2;79.2;16.1
37;2021-12-06;108;134;5034;485425;479547;102462;80.2;79.2;16.9
37;2021-12-07;150;208;6947;485575;479755;109409;80.2;79.2;18.1
37;2021-12-08;112;221;5744;485687;479976;115153;80.2;79.3;19.0
37;2021-12-09;140;166;7244;485827;480142;122397;80.3;79.3;20.2
38;2020-12-27;1;0;0;1;0;0;0.0;0.0;0.0
38;2020-12-28;0;0;0;1;0;0;0.0;0.0;0.0
38;2020-12-29;0;0;0;1;0;0;0.0;0.0;0.0
38;2020-12-30;0;0;0;1;0;0;0.0;0.0;0.0
38;2020-12-31;5;0;0;6;0;0;0.0;0.0;0.0
38;2021-01-01;2;0;0;8;0;0;0.0;0.0;0.0
38;2021-01-02;0;0;0;8;0;0;0.0;0.0;0.0
38;2021-01-03;1;1;0;9;1;0;0.0;0.0;0.0
38;2021-01-04;156;0;0;165;1;0;0.0;0.0;0.0
38;2021-01-05;263;1;0;428;2;0;0.0;0.0;0.0
38;2021-01-06;384;0;0;812;2;0;0.1;0.0;0.0
38;2021-01-07;677;1;0;1489;3;0;0.1;0.0;0.0
38;2021-01-08;716;0;0;2205;3;0;0.2;0.0;0.0
38;2021-01-09;39;0;0;2244;3;0;0.2;0.0;0.0
38;2021-01-10;1;0;0;2245;3;0;0.2;0.0;0.0
38;2021-01-11;849;3;0;3094;6;0;0.2;0.0;0.0
38;2021-01-12;1498;4;0;4592;10;0;0.4;0.0;0.0
38;2021-01-13;1153;8;0;5745;18;0;0.5;0.0;0.0
38;2021-01-14;1723;16;0;7468;34;0;0.6;0.0;0.0
38;2021-01-15;1686;9;0;9154;43;0;0.7;0.0;0.0
38;2021-01-16;319;2;0;9473;45;0;0.7;0.0;0.0
38;2021-01-17;10;0;0;9483;45;0;0.7;0.0;0.0
38;2021-01-18;1227;7;0;10710;52;0;0.8;0.0;0.0
38;2021-01-19;2309;9;0;13019;61;0;1.0;0.0;0.0
38;2021-01-20;2044;11;0;15063;72;0;1.2;0.0;0.0
38;2021-01-21;1775;15;0;16838;87;0;1.3;0.0;0.0
38;2021-01-22;1493;10;0;18331;97;0;1.4;0.0;0.0
38;2021-01-23;486;4;0;18817;101;0;1.5;0.0;0.0
38;2021-01-24;11;0;0;18828;101;0;1.5;0.0;0.0
38;2021-01-25;905;102;0;19733;203;0;1.6;0.0;0.0
38;2021-01-26;993;181;0;20726;384;0;1.6;0.0;0.0
38;2021-01-27;1255;277;0;21981;661;0;1.7;0.1;0.0
38;2021-01-28;1388;484;0;23369;1145;0;1.8;0.1;0.0
38;2021-01-29;1071;380;0;24440;1525;0;1.9;0.1;0.0
38;2021-01-30;383;1;0;24823;1526;0;2.0;0.1;0.0
38;2021-01-31;12;0;0;24835;1526;0;2.0;0.1;0.0
38;2021-02-01;776;592;0;25611;2118;0;2.0;0.2;0.0
38;2021-02-02;1100;959;0;26711;3077;0;2.1;0.2;0.0
38;2021-02-03;1276;722;0;27987;3799;0;2.2;0.3;0.0
38;2021-02-04;1378;999;0;29365;4798;0;2.3;0.4;0.0
38;2021-02-05;1454;868;0;30819;5666;0;2.4;0.4;0.0
38;2021-02-06;249;97;0;31068;5763;0;2.5;0.5;0.0
38;2021-02-07;6;50;0;31074;5813;0;2.5;0.5;0.0
38;2021-02-08;917;884;0;31991;6697;0;2.5;0.5;0.0
38;2021-02-09;1653;1392;0;33644;8089;0;2.7;0.6;0.0
38;2021-02-10;1681;1361;0;35325;9450;0;2.8;0.7;0.0
38;2021-02-11;1904;1242;0;37229;10692;0;2.9;0.8;0.0
38;2021-02-12;1591;1184;0;38820;11876;0;3.1;0.9;0.0
38;2021-02-13;503;221;0;39323;12097;0;3.1;1.0;0.0
38;2021-02-14;7;12;0;39330;12109;0;3.1;1.0;0.0
38;2021-02-15;1020;988;0;40350;13097;0;3.2;1.0;0.0
38;2021-02-16;1385;1070;0;41735;14167;0;3.3;1.1;0.0
38;2021-02-17;1372;1202;0;43107;15369;0;3.4;1.2;0.0
38;2021-02-18;1777;1218;0;44884;16587;0;3.5;1.3;0.0
38;2021-02-19;1272;973;0;46156;17560;0;3.6;1.4;0.0
38;2021-02-20;486;383;0;46642;17943;0;3.7;1.4;0.0
38;2021-02-21;3;8;0;46645;17951;0;3.7;1.4;0.0
38;2021-02-22;1103;994;0;47748;18945;0;3.8;1.5;0.0
38;2021-02-23;1550;1086;0;49298;20031;0;3.9;1.6;0.0
38;2021-02-24;1717;1259;0;51015;21290;0;4.0;1.7;0.0
38;2021-02-25;2572;1199;0;53587;22489;0;4.2;1.8;0.0
38;2021-02-26;3391;1105;0;56978;23594;0;4.5;1.9;0.0
38;2021-02-27;1532;507;0;58510;24101;0;4.6;1.9;0.0
38;2021-02-28;27;15;0;58537;24116;0;4.6;1.9;0.0
38;2021-03-01;2473;873;0;61010;24989;0;4.8;2.0;0.0
38;2021-03-02;4032;1199;0;65042;26188;0;5.1;2.1;0.0
38;2021-03-03;3374;1351;0;68416;27539;0;5.4;2.2;0.0
38;2021-03-04;4530;1457;0;72946;28996;0;5.8;2.3;0.0
38;2021-03-05;5300;1314;0;78246;30310;0;6.2;2.4;0.0
38;2021-03-06;3176;297;0;81422;30607;0;6.4;2.4;0.0
38;2021-03-07;309;34;0;81731;30641;0;6.5;2.4;0.0
38;2021-03-08;2463;934;0;84194;31575;0;6.7;2.5;0.0
38;2021-03-09;4059;1357;0;88253;32932;0;7.0;2.6;0.0
38;2021-03-10;3601;1154;0;91854;34086;0;7.3;2.7;0.0
38;2021-03-11;5197;1633;0;97051;35719;0;7.7;2.8;0.0
38;2021-03-12;7276;1256;0;104327;36975;0;8.2;2.9;0.0
38;2021-03-13;3907;265;0;108234;37240;0;8.6;2.9;0.0
38;2021-03-14;616;22;0;108850;37262;0;8.6;2.9;0.0
38;2021-03-15;2781;1031;0;111631;38293;0;8.8;3.0;0.0
38;2021-03-16;2207;1381;0;113838;39674;0;9.0;3.1;0.0
38;2021-03-17;2128;1208;0;115966;40882;0;9.2;3.2;0.0
38;2021-03-18;2901;1400;0;118867;42282;0;9.4;3.3;0.0
38;2021-03-19;4270;1144;0;123137;43426;0;9.7;3.4;0.0
38;2021-03-20;1987;259;0;125124;43685;0;9.9;3.5;0.0
38;2021-03-21;248;21;0;125372;43706;0;9.9;3.5;0.0
38;2021-03-22;3075;994;0;128447;44700;0;10.2;3.5;0.0
38;2021-03-23;5032;1519;0;133479;46219;0;10.6;3.7;0.0
38;2021-03-24;3962;1583;0;137441;47802;0;10.9;3.8;0.0
38;2021-03-25;6151;1571;0;143592;49373;0;11.4;3.9;0.0
38;2021-03-26;6873;1763;0;150465;51136;0;11.9;4.0;0.0
38;2021-03-27;2661;775;0;153126;51911;0;12.1;4.1;0.0
38;2021-03-28;1026;47;0;154152;51958;0;12.2;4.1;0.0
38;2021-03-29;2903;1853;0;157055;53811;0;12.4;4.3;0.0
38;2021-03-30;4855;2574;0;161910;56385;0;12.8;4.5;0.0
38;2021-03-31;3971;2277;0;165881;58662;0;13.1;4.6;0.0
38;2021-04-01;5488;2601;0;171369;61263;0;13.5;4.8;0.0
38;2021-04-02;4264;2573;0;175633;63836;0;13.9;5.0;0.0
38;2021-04-03;1722;1084;0;177355;64920;0;14.0;5.1;0.0
38;2021-04-04;818;105;0;178173;65025;0;14.1;5.1;0.0
38;2021-04-05;2529;377;0;180702;65402;0;14.3;5.2;0.0
38;2021-04-06;4584;2467;0;185286;67869;0;14.6;5.4;0.0
38;2021-04-07;4618;2856;0;189904;70725;0;15.0;5.6;0.0
38;2021-04-08;5887;2778;0;195791;73503;0;15.5;5.8;0.0
38;2021-04-09;8649;2761;0;204440;76264;0;16.2;6.0;0.0
38;2021-04-10;3631;1607;0;208071;77871;0;16.4;6.2;0.0
38;2021-04-11;1128;196;0;209199;78067;0;16.5;6.2;0.0
38;2021-04-12;4333;2359;0;213532;80426;0;16.9;6.4;0.0
38;2021-04-13;6324;2613;0;219856;83039;0;17.4;6.6;0.0
38;2021-04-14;5352;2640;0;225208;85679;0;17.8;6.8;0.0
38;2021-04-15;6639;3072;0;231847;88751;0;18.3;7.0;0.0
38;2021-04-16;6386;2950;0;238233;91701;0;18.8;7.2;0.0
38;2021-04-17;2855;1130;0;241088;92831;0;19.1;7.3;0.0
38;2021-04-18;1437;159;0;242525;92990;0;19.2;7.4;0.0
38;2021-04-19;4324;3026;0;246849;96016;0;19.5;7.6;0.0
38;2021-04-20;5542;3153;0;252391;99169;0;20.0;7.8;0.0
38;2021-04-21;5136;3011;0;257527;102180;0;20.4;8.1;0.0
38;2021-04-22;5895;3088;0;263422;105268;0;20.8;8.3;0.0
38;2021-04-23;6262;3107;0;269684;108375;0;21.3;8.6;0.0
38;2021-04-24;2992;1501;0;272676;109876;0;21.6;8.7;0.0
38;2021-04-25;889;675;0;273565;110551;0;21.6;8.7;0.0
38;2021-04-26;4551;2677;0;278116;113228;0;22.0;9.0;0.0
38;2021-04-27;6068;3024;0;284184;116252;0;22.5;9.2;0.0
38;2021-04-28;6197;2797;0;290381;119049;0;23.0;9.4;0.0
38;2021-04-29;8236;3376;0;298617;122425;0;23.6;9.7;0.0
38;2021-04-30;7596;4244;0;306213;126669;0;24.2;10.0;0.0
38;2021-05-01;1980;276;0;308193;126945;0;24.4;10.0;0.0
38;2021-05-02;966;485;0;309159;127430;0;24.4;10.1;0.0
38;2021-05-03;5328;3995;0;314487;131425;0;24.9;10.4;0.0
38;2021-05-04;6301;5528;0;320788;136953;0;25.4;10.8;0.0
38;2021-05-05;6515;4794;0;327303;141747;0;25.9;11.2;0.0
38;2021-05-06;7275;5502;0;334578;147249;0;26.4;11.6;0.0
38;2021-05-07;7751;6588;0;342329;153837;0;27.1;12.2;0.0
38;2021-05-08;3912;837;0;346241;154674;0;27.4;12.2;0.0
38;2021-05-09;3270;2038;0;349511;156712;0;27.6;12.4;0.0
38;2021-05-10;6218;5496;0;355729;162208;0;28.1;12.8;0.0
38;2021-05-11;8528;6234;0;364257;168442;0;28.8;13.3;0.0
38;2021-05-12;9722;4936;0;373979;173378;0;29.6;13.7;0.0
38;2021-05-13;7587;1573;0;381566;174951;0;30.2;13.8;0.0
38;2021-05-14;10259;3655;0;391825;178606;0;31.0;14.1;0.0
38;2021-05-15;7407;1582;0;399232;180188;0;31.6;14.2;0.0
38;2021-05-16;6078;706;0;405310;180894;0;32.0;14.3;0.0
38;2021-05-17;8044;3233;0;413354;184127;0;32.7;14.6;0.0
38;2021-05-18;9356;4213;0;422710;188340;0;33.4;14.9;0.0
38;2021-05-19;8850;3581;0;431560;191921;0;34.1;15.2;0.0
38;2021-05-20;9446;4686;0;441006;196607;0;34.9;15.5;0.0
38;2021-05-21;10137;4738;0;451143;201345;0;35.7;15.9;0.0
38;2021-05-22;7498;1985;0;458641;203330;0;36.3;16.1;0.0
38;2021-05-23;5216;619;0;463857;203949;0;36.7;16.1;0.0
38;2021-05-24;7646;1673;0;471503;205622;0;37.3;16.3;0.0
38;2021-05-25;9391;5004;0;480894;210626;0;38.0;16.7;0.0
38;2021-05-26;8186;4998;0;489080;215624;0;38.7;17.0;0.0
38;2021-05-27;9349;5794;0;498429;221418;0;39.4;17.5;0.0
38;2021-05-28;9018;6731;0;507447;228149;0;40.1;18.0;0.0
38;2021-05-29;6008;3634;0;513455;231783;0;40.6;18.3;0.0
38;2021-05-30;2749;1743;0;516204;233526;0;40.8;18.5;0.0
38;2021-05-31;8072;5362;0;524276;238888;0;41.4;18.9;0.0
38;2021-06-01;7849;6564;0;532125;245452;0;42.1;19.4;0.0
38;2021-06-02;7311;5921;0;539436;251373;0;42.6;19.9;0.0
38;2021-06-03;7799;6977;0;547235;258350;0;43.3;20.4;0.0
38;2021-06-04;8370;7690;0;555605;266040;0;43.9;21.0;0.0
38;2021-06-05;6122;4167;0;561727;270207;0;44.4;21.4;0.0
38;2021-06-06;2760;1513;0;564487;271720;0;44.6;21.5;0.0
38;2021-06-07;5862;6985;0;570349;278705;0;45.1;22.0;0.0
38;2021-06-08;6337;7624;0;576686;286329;0;45.6;22.6;0.0
38;2021-06-09;5474;6556;0;582160;292885;0;46.0;23.2;0.0
38;2021-06-10;5829;6865;0;587989;299750;0;46.5;23.7;0.0
38;2021-06-11;6293;7929;0;594282;307679;0;47.0;24.3;0.0
38;2021-06-12;4291;3427;0;598573;311106;0;47.3;24.6;0.0
38;2021-06-13;1260;1359;0;599833;312465;0;47.4;24.7;0.0
38;2021-06-14;3889;7871;0;603722;320336;0;47.7;25.3;0.0
38;2021-06-15;5351;8414;0;609073;328750;0;48.1;26.0;0.0
38;2021-06-16;5296;7870;0;614369;336620;0;48.6;26.6;0.0
38;2021-06-17;4753;7568;0;619122;344188;0;48.9;27.2;0.0
38;2021-06-18;6198;9802;0;625320;353990;0;49.4;28.0;0.0
38;2021-06-19;3775;5644;0;629095;359634;0;49.7;28.4;0.0
38;2021-06-20;1193;2973;0;630288;362607;0;49.8;28.7;0.0
38;2021-06-21;3812;9025;0;634100;371632;0;50.1;29.4;0.0
38;2021-06-22;3739;10689;0;637839;382321;0;50.4;30.2;0.0
38;2021-06-23;3310;10183;0;641149;392504;0;50.7;31.0;0.0
38;2021-06-24;3549;9343;0;644698;401847;0;51.0;31.8;0.0
38;2021-06-25;3938;12016;0;648636;413863;0;51.3;32.7;0.0
38;2021-06-26;2284;8325;0;650920;422188;0;51.5;33.4;0.0
38;2021-06-27;1177;4715;0;652097;426903;0;51.6;33.7;0.0
38;2021-06-28;2707;10769;0;654804;437672;0;51.8;34.6;0.0
38;2021-06-29;3562;11133;0;658366;448805;0;52.0;35.5;0.0
38;2021-06-30;3889;10513;0;662255;459318;0;52.4;36.3;0.0
38;2021-07-01;3836;9271;0;666091;468589;0;52.7;37.0;0.0
38;2021-07-02;3951;11906;0;670042;480495;0;53.0;38.0;0.0
38;2021-07-03;2013;8767;0;672055;489262;0;53.1;38.7;0.0
38;2021-07-04;1321;3362;0;673376;492624;0;53.2;38.9;0.0
38;2021-07-05;3026;10707;0;676402;503331;0;53.5;39.8;0.0
38;2021-07-06;3535;10440;0;679937;513771;0;53.8;40.6;0.0
38;2021-07-07;3780;9668;0;683717;523439;0;54.0;41.4;0.0
38;2021-07-08;3735;8566;0;687452;532005;0;54.3;42.1;0.0
38;2021-07-09;4277;11004;0;691729;543009;0;54.7;42.9;0.0
38;2021-07-10;2558;8113;0;694287;551122;0;54.9;43.6;0.0
38;2021-07-11;1044;2281;0;695331;553403;0;55.0;43.7;0.0
38;2021-07-12;3585;10787;0;698916;564190;0;55.3;44.6;0.0
38;2021-07-13;6720;11284;0;705636;575474;0;55.8;45.5;0.0
38;2021-07-14;4622;3403;0;710258;578877;0;56.1;45.8;0.0
38;2021-07-15;8855;10199;0;719113;589076;0;56.8;46.6;0.0
38;2021-07-16;9154;10991;0;728267;600067;0;57.6;47.4;0.0
38;2021-07-17;5192;7743;0;733459;607810;0;58.0;48.0;0.0
38;2021-07-18;2795;2752;0;736254;610562;0;58.2;48.3;0.0
38;2021-07-19;6318;9428;0;742572;619990;0;58.7;49.0;0.0
38;2021-07-20;6824;8792;0;749396;628782;0;59.2;49.7;0.0
38;2021-07-21;8411;8535;0;757807;637317;0;59.9;50.4;0.0
38;2021-07-22;8234;7436;0;766041;644753;0;60.6;51.0;0.0
38;2021-07-23;9412;9375;0;775453;654128;0;61.3;51.7;0.0
38;2021-07-24;5933;5812;0;781386;659940;0;61.8;52.2;0.0
38;2021-07-25;2806;1891;0;784192;661831;0;62.0;52.3;0.0
38;2021-07-26;8086;7311;0;792278;669142;0;62.6;52.9;0.0
38;2021-07-27;8237;6475;0;800515;675617;0;63.3;53.4;0.0
38;2021-07-28;9143;5927;0;809658;681544;0;64.0;53.9;0.0
38;2021-07-29;8344;5152;0;818002;686696;0;64.7;54.3;0.0
38;2021-07-30;8250;6922;0;826252;693618;0;65.3;54.8;0.0
38;2021-07-31;4970;3887;0;831222;697505;0;65.7;55.1;0.0
38;2021-08-01;1563;1370;0;832785;698875;0;65.8;55.2;0.0
38;2021-08-02;5172;4872;0;837957;703747;0;66.2;55.6;0.0
38;2021-08-03;5472;5086;0;843429;708833;0;66.7;56.0;0.0
38;2021-08-04;5415;4716;0;848844;713549;0;67.1;56.4;0.0
38;2021-08-05;4409;4940;0;853253;718489;0;67.5;56.8;0.0
38;2021-08-06;4611;6371;0;857864;724860;0;67.8;57.3;0.0
38;2021-08-07;2847;3955;0;860711;728815;0;68.0;57.6;0.0
38;2021-08-08;965;2086;0;861676;730901;0;68.1;57.8;0.0
38;2021-08-09;3910;6229;0;865586;737130;0;68.4;58.3;0.0
38;2021-08-10;5006;6528;0;870592;743658;0;68.8;58.8;0.0
38;2021-08-11;4044;5401;0;874636;749059;0;69.1;59.2;0.0
38;2021-08-12;3696;5286;0;878332;754345;0;69.4;59.6;0.0
38;2021-08-13;4228;6440;0;882560;760785;0;69.8;60.1;0.0
38;2021-08-14;2078;4423;0;884638;765208;0;69.9;60.5;0.0
38;2021-08-15;546;1802;0;885184;767010;0;70.0;60.6;0.0
38;2021-08-16;3030;8261;0;888214;775271;0;70.2;61.3;0.0
38;2021-08-17;3432;6430;0;891646;781701;0;70.5;61.8;0.0
38;2021-08-18;3020;7608;0;894666;789309;0;70.7;62.4;0.0
38;2021-08-19;2788;5392;0;897454;794701;0;70.9;62.8;0.0
38;2021-08-20;2997;8536;0;900451;803237;0;71.2;63.5;0.0
38;2021-08-21;1261;5222;0;901712;808459;0;71.3;63.9;0.0
38;2021-08-22;518;1586;0;902230;810045;0;71.3;64.0;0.0
38;2021-08-23;2613;8036;0;904843;818081;0;71.5;64.7;0.0
38;2021-08-24;2767;6048;0;907610;824129;0;71.7;65.1;0.0
38;2021-08-25;2612;6464;0;910222;830593;0;72.0;65.7;0.0
38;2021-08-26;2331;4848;0;912553;835441;0;72.1;66.0;0.0
38;2021-08-27;2625;6579;0;915178;842020;0;72.3;66.6;0.0
38;2021-08-28;1437;4256;0;916615;846276;0;72.5;66.9;0.0
38;2021-08-29;428;1448;0;917043;847724;0;72.5;67.0;0.0
38;2021-08-30;2328;6113;106;919371;853837;106;72.7;67.5;0.0
38;2021-08-31;2339;5044;161;921710;858881;267;72.9;67.9;0.0
38;2021-09-01;2524;4382;361;924234;863263;628;73.1;68.2;0.0
38;2021-09-02;1788;3433;416;926022;866696;1044;73.2;68.5;0.1
38;2021-09-03;2051;4974;511;928073;871670;1555;73.4;68.9;0.1
38;2021-09-04;1242;3195;185;929315;874865;1740;73.5;69.2;0.1
38;2021-09-05;394;786;66;929709;875651;1806;73.5;69.2;0.1
38;2021-09-06;1260;3037;494;930969;878688;2300;73.6;69.5;0.2
38;2021-09-07;1359;2996;606;932328;881684;2906;73.7;69.7;0.2
38;2021-09-08;1802;3381;459;934130;885065;3365;73.8;70.0;0.3
38;2021-09-09;1136;2184;425;935266;887249;3790;73.9;70.1;0.3
38;2021-09-10;1646;3362;695;936912;890611;4485;74.1;70.4;0.4
38;2021-09-11;1098;2432;142;938010;893043;4627;74.2;70.6;0.4
38;2021-09-12;217;555;27;938227;893598;4654;74.2;70.6;0.4
38;2021-09-13;963;2274;757;939190;895872;5411;74.2;70.8;0.4
38;2021-09-14;1004;2126;885;940194;897998;6296;74.3;71.0;0.5
38;2021-09-15;1325;2811;801;941519;900809;7097;74.4;71.2;0.6
38;2021-09-16;764;1687;768;942283;902496;7865;74.5;71.3;0.6
38;2021-09-17;937;2637;793;943220;905133;8658;74.6;71.6;0.7
38;2021-09-18;763;2287;200;943983;907420;8858;74.6;71.7;0.7
38;2021-09-19;116;418;30;944099;907838;8888;74.6;71.8;0.7
38;2021-09-20;608;1741;939;944707;909579;9827;74.7;71.9;0.8
38;2021-09-21;527;1520;1059;945234;911099;10886;74.7;72.0;0.9
38;2021-09-22;729;2714;873;945963;913813;11759;74.8;72.2;0.9
38;2021-09-23;475;1462;971;946438;915275;12730;74.8;72.4;1.0
38;2021-09-24;777;2281;1007;947215;917556;13737;74.9;72.5;1.1
38;2021-09-25;517;1933;205;947732;919489;13942;74.9;72.7;1.1
38;2021-09-26;100;392;22;947832;919881;13964;74.9;72.7;1.1
38;2021-09-27;432;1223;786;948264;921104;14750;75.0;72.8;1.2
38;2021-09-28;535;1205;971;948799;922309;15721;75.0;72.9;1.2
38;2021-09-29;687;1984;1084;949486;924293;16805;75.1;73.1;1.3
38;2021-09-30;459;914;944;949945;925207;17749;75.1;73.1;1.4
38;2021-10-01;864;1556;1046;950809;926763;18795;75.2;73.3;1.5
38;2021-10-02;515;1232;309;951324;927995;19104;75.2;73.4;1.5
38;2021-10-03;83;208;19;951407;928203;19123;75.2;73.4;1.5
38;2021-10-04;579;1011;1233;951986;929214;20356;75.3;73.5;1.6
38;2021-10-05;463;953;1293;952449;930167;21649;75.3;73.5;1.7
38;2021-10-06;657;1363;1214;953106;931530;22863;75.3;73.6;1.8
38;2021-10-07;434;873;1173;953540;932403;24036;75.4;73.7;1.9
38;2021-10-08;738;1364;1551;954278;933767;25587;75.4;73.8;2.0
38;2021-10-09;513;890;365;954791;934657;25952;75.5;73.9;2.1
38;2021-10-10;43;118;61;954834;934775;26013;75.5;73.9;2.1
38;2021-10-11;379;846;1344;955213;935621;27357;75.5;74.0;2.2
38;2021-10-12;494;698;1276;955707;936319;28633;75.6;74.0;2.3
38;2021-10-13;579;1045;1720;956286;937364;30353;75.6;74.1;2.4
38;2021-10-14;408;617;1530;956694;937981;31883;75.6;74.1;2.5
38;2021-10-15;617;1104;1959;957311;939085;33842;75.7;74.2;2.7
38;2021-10-16;447;688;436;957758;939773;34278;75.7;74.3;2.7
38;2021-10-17;12;46;13;957770;939819;34291;75.7;74.3;2.7
38;2021-10-18;408;597;1330;958178;940416;35621;75.7;74.3;2.8
38;2021-10-19;232;520;1604;958410;940936;37225;75.8;74.4;2.9
38;2021-10-20;361;710;1991;958771;941646;39216;75.8;74.4;3.1
38;2021-10-21;187;387;1372;958958;942033;40588;75.8;74.5;3.2
38;2021-10-22;364;773;2230;959322;942806;42818;75.8;74.5;3.4
38;2021-10-23;257;554;599;959579;943360;43417;75.9;74.6;3.4
38;2021-10-24;29;86;64;959608;943446;43481;75.9;74.6;3.4
38;2021-10-25;250;495;1693;959858;943941;45174;75.9;74.6;3.6
38;2021-10-26;213;402;1888;960071;944343;47062;75.9;74.7;3.7
38;2021-10-27;274;624;2044;960345;944967;49106;75.9;74.7;3.9
38;2021-10-28;199;387;1684;960544;945354;50790;75.9;74.7;4.0
38;2021-10-29;277;711;2263;960821;946065;53053;76.0;74.8;4.2
38;2021-10-30;128;444;707;960949;946509;53760;76.0;74.8;4.2
38;2021-10-31;10;26;18;960959;946535;53778;76.0;74.8;4.3
38;2021-11-01;49;46;43;961008;946581;53821;76.0;74.8;4.3
38;2021-11-02;275;567;2041;961283;947148;55862;76.0;74.9;4.4
38;2021-11-03;256;503;2550;961539;947651;58412;76.0;74.9;4.6
38;2021-11-04;232;410;1998;961771;948061;60410;76.0;74.9;4.8
38;2021-11-05;300;569;2755;962071;948630;63165;76.1;75.0;5.0
38;2021-11-06;208;437;1026;962279;949067;64191;76.1;75.0;5.1
38;2021-11-07;6;14;53;962285;949081;64244;76.1;75.0;5.1
38;2021-11-08;165;359;2294;962450;949440;66538;76.1;75.1;5.3
38;2021-11-09;207;418;3432;962657;949858;69970;76.1;75.1;5.5
38;2021-11-10;320;558;4042;962977;950416;74012;76.1;75.1;5.9
38;2021-11-11;14;47;120;962991;950463;74132;76.1;75.1;5.9
38;2021-11-12;286;439;3811;963277;950902;77943;76.1;75.2;6.2
38;2021-11-13;203;254;1192;963480;951156;79135;76.2;75.2;6.3
38;2021-11-14;9;18;78;963489;951174;79213;76.2;75.2;6.3
38;2021-11-15;159;273;3058;963648;951447;82271;76.2;75.2;6.5
38;2021-11-16;175;285;3939;963823;951732;86210;76.2;75.2;6.8
38;2021-11-17;323;396;3933;964146;952128;90143;76.2;75.3;7.1
38;2021-11-18;213;300;3362;964359;952428;93505;76.2;75.3;7.4
38;2021-11-19;257;386;4948;964616;952814;98453;76.3;75.3;7.8
38;2021-11-20;215;307;1493;964831;953121;99946;76.3;75.3;7.9
38;2021-11-21;13;24;166;964844;953145;100112;76.3;75.3;7.9
38;2021-11-22;188;167;3336;965032;953312;103448;76.3;75.4;8.2
38;2021-11-23;227;235;4557;965259;953547;108005;76.3;75.4;8.5
38;2021-11-24;306;421;4662;965565;953968;112667;76.3;75.4;8.9
38;2021-11-25;211;240;5001;965776;954208;117668;76.3;75.4;9.3
38;2021-11-26;277;349;7711;966053;954557;125379;76.4;75.5;9.9
38;2021-11-27;271;272;3862;966324;954829;129241;76.4;75.5;10.2
38;2021-11-28;14;25;310;966338;954854;129551;76.4;75.5;10.2
38;2021-11-29;140;199;6565;966478;955053;136116;76.4;75.5;10.8
38;2021-11-30;194;270;9324;966672;955323;145440;76.4;75.5;11.5
38;2021-12-01;223;380;8812;966895;955703;154252;76.4;75.6;12.2
38;2021-12-02;163;207;9761;967058;955910;164013;76.4;75.6;13.0
38;2021-12-03;207;397;11440;967265;956307;175453;76.5;75.6;13.9
38;2021-12-04;166;256;5944;967431;956563;181397;76.5;75.6;14.3
38;2021-12-05;51;50;2036;967482;956613;183433;76.5;75.6;14.5
38;2021-12-06;132;224;9407;967614;956837;192840;76.5;75.6;15.2
38;2021-12-07;171;259;11991;967785;957096;204831;76.5;75.7;16.2
38;2021-12-08;266;384;10552;968051;957480;215383;76.5;75.7;17.0
38;2021-12-09;159;278;12211;968210;957758;227594;76.5;75.7;18.0
39;2020-12-27;0;0;0;0;0;0;0.0;0.0;0.0
39;2020-12-28;0;0;0;0;0;0;0.0;0.0;0.0
39;2020-12-29;0;0;0;0;0;0;0.0;0.0;0.0
39;2020-12-30;0;0;0;0;0;0;0.0;0.0;0.0
39;2020-12-31;0;0;0;0;0;0;0.0;0.0;0.0
39;2021-01-01;1;0;0;1;0;0;0.0;0.0;0.0
39;2021-01-02;0;0;0;1;0;0;0.0;0.0;0.0
39;2021-01-03;0;0;0;1;0;0;0.0;0.0;0.0
39;2021-01-04;2;0;0;3;0;0;0.0;0.0;0.0
39;2021-01-05;3;0;0;6;0;0;0.0;0.0;0.0
39;2021-01-06;48;3;0;54;3;0;0.0;0.0;0.0
39;2021-01-07;332;2;0;386;5;0;0.1;0.0;0.0
39;2021-01-08;611;2;0;997;7;0;0.4;0.0;0.0
39;2021-01-09;170;0;0;1167;7;0;0.5;0.0;0.0
39;2021-01-10;1;0;0;1168;7;0;0.5;0.0;0.0
39;2021-01-11;448;1;0;1616;8;0;0.6;0.0;0.0
39;2021-01-12;433;1;0;2049;9;0;0.8;0.0;0.0
39;2021-01-13;407;2;0;2456;11;0;1.0;0.0;0.0
39;2021-01-14;570;3;0;3026;14;0;1.2;0.0;0.0
39;2021-01-15;454;2;0;3480;16;0;1.3;0.0;0.0
39;2021-01-16;138;0;0;3618;16;0;1.4;0.0;0.0
39;2021-01-17;4;1;0;3622;17;0;1.4;0.0;0.0
39;2021-01-18;893;7;0;4515;24;0;1.8;0.0;0.0
39;2021-01-19;1125;9;0;5640;33;0;2.2;0.0;0.0
39;2021-01-20;885;5;0;6525;38;0;2.5;0.0;0.0
39;2021-01-21;1176;3;0;7701;41;0;3.0;0.0;0.0
39;2021-01-22;954;3;0;8655;44;0;3.4;0.0;0.0
39;2021-01-23;368;1;0;9023;45;0;3.5;0.0;0.0
39;2021-01-24;0;0;0;9023;45;0;3.5;0.0;0.0
39;2021-01-25;634;2;0;9657;47;0;3.7;0.0;0.0
39;2021-01-26;1030;15;0;10687;62;0;4.1;0.0;0.0
39;2021-01-27;845;20;0;11532;82;0;4.5;0.0;0.0
39;2021-01-28;679;231;0;12211;313;0;4.7;0.1;0.0
39;2021-01-29;523;390;0;12734;703;0;4.9;0.3;0.0
39;2021-01-30;236;105;0;12970;808;0;5.0;0.3;0.0
39;2021-01-31;1;0;0;12971;808;0;5.0;0.3;0.0
39;2021-02-01;534;254;0;13505;1062;0;5.2;0.4;0.0
39;2021-02-02;713;314;0;14218;1376;0;5.5;0.5;0.0
39;2021-02-03;467;493;0;14685;1869;0;5.7;0.7;0.0
39;2021-02-04;504;436;0;15189;2305;0;5.9;0.9;0.0
39;2021-02-05;412;413;0;15601;2718;0;6.1;1.1;0.0
39;2021-02-06;233;105;0;15834;2823;0;6.1;1.1;0.0
39;2021-02-07;0;2;0;15834;2825;0;6.1;1.1;0.0
39;2021-02-08;307;362;0;16141;3187;0;6.3;1.2;0.0
39;2021-02-09;314;451;0;16455;3638;0;6.4;1.4;0.0
39;2021-02-10;244;339;0;16699;3977;0;6.5;1.5;0.0
39;2021-02-11;545;503;0;17244;4480;0;6.7;1.7;0.0
39;2021-02-12;346;398;0;17590;4878;0;6.8;1.9;0.0
39;2021-02-13;99;65;0;17689;4943;0;6.9;1.9;0.0
39;2021-02-14;1;1;0;17690;4944;0;6.9;1.9;0.0
39;2021-02-15;101;741;0;17791;5685;0;6.9;2.2;0.0
39;2021-02-16;107;877;0;17898;6562;0;6.9;2.5;0.0
39;2021-02-17;59;668;0;17957;7230;0;7.0;2.8;0.0
39;2021-02-18;107;830;0;18064;8060;0;7.0;3.1;0.0
39;2021-02-19;58;485;0;18122;8545;0;7.0;3.3;0.0
39;2021-02-20;20;352;0;18142;8897;0;7.0;3.5;0.0
39;2021-02-21;0;1;0;18142;8898;0;7.0;3.5;0.0
39;2021-02-22;97;677;0;18239;9575;0;7.1;3.7;0.0
39;2021-02-23;19;684;0;18258;10259;0;7.1;4.0;0.0
39;2021-02-24;115;773;0;18373;11032;0;7.1;4.3;0.0
39;2021-02-25;213;700;0;18586;11732;0;7.2;4.5;0.0
39;2021-02-26;201;432;0;18787;12164;0;7.3;4.7;0.0
39;2021-02-27;167;267;0;18954;12431;0;7.4;4.8;0.0
39;2021-02-28;4;0;0;18958;12431;0;7.4;4.8;0.0
39;2021-03-01;258;616;0;19216;13047;0;7.5;5.1;0.0
39;2021-03-02;344;774;0;19560;13821;0;7.6;5.4;0.0
39;2021-03-03;569;474;0;20129;14295;0;7.8;5.5;0.0
39;2021-03-04;638;453;0;20767;14748;0;8.1;5.7;0.0
39;2021-03-05;636;322;0;21403;15070;0;8.3;5.8;0.0
39;2021-03-06;728;217;0;22131;15287;0;8.6;5.9;0.0
39;2021-03-07;200;69;0;22331;15356;0;8.7;6.0;0.0
39;2021-03-08;275;420;0;22606;15776;0;8.8;6.1;0.0
39;2021-03-09;771;418;0;23377;16194;0;9.1;6.3;0.0
39;2021-03-10;930;285;0;24307;16479;0;9.4;6.4;0.0
39;2021-03-11;758;445;0;25065;16924;0;9.7;6.6;0.0
39;2021-03-12;764;280;0;25829;17204;0;10.0;6.7;0.0
39;2021-03-13;746;95;0;26575;17299;0;10.3;6.7;0.0
39;2021-03-14;45;8;0;26620;17307;0;10.3;6.7;0.0
39;2021-03-15;453;114;0;27073;17421;0;10.5;6.8;0.0
39;2021-03-16;492;54;0;27565;17475;0;10.7;6.8;0.0
39;2021-03-17;571;71;0;28136;17546;0;10.9;6.8;0.0
39;2021-03-18;590;73;0;28726;17619;0;11.1;6.8;0.0
39;2021-03-19;423;79;0;29149;17698;0;11.3;6.9;0.0
39;2021-03-20;335;22;0;29484;17720;0;11.4;6.9;0.0
39;2021-03-21;8;1;0;29492;17721;0;11.4;6.9;0.0
39;2021-03-22;734;121;0;30226;17842;0;11.7;6.9;0.0
39;2021-03-23;1070;63;0;31296;17905;0;12.1;6.9;0.0
39;2021-03-24;1124;103;0;32420;18008;0;12.6;7.0;0.0
39;2021-03-25;1959;140;0;34379;18148;0;13.3;7.0;0.0
39;2021-03-26;828;127;0;35207;18275;0;13.7;7.1;0.0
39;2021-03-27;357;11;0;35564;18286;0;13.8;7.1;0.0
39;2021-03-28;37;4;0;35601;18290;0;13.8;7.1;0.0
39;2021-03-29;1010;195;0;36611;18485;0;14.2;7.2;0.0
39;2021-03-30;1341;278;0;37952;18763;0;14.7;7.3;0.0
39;2021-03-31;668;459;0;38620;19222;0;15.0;7.5;0.0
39;2021-04-01;1168;292;0;39788;19514;0;15.4;7.6;0.0
39;2021-04-02;636;138;0;40424;19652;0;15.7;7.6;0.0
39;2021-04-03;202;13;0;40626;19665;0;15.8;7.6;0.0
39;2021-04-04;4;2;0;40630;19667;0;15.8;7.6;0.0
39;2021-04-05;9;2;0;40639;19669;0;15.8;7.6;0.0
39;2021-04-06;813;579;0;41452;20248;0;16.1;7.9;0.0
39;2021-04-07;1068;613;0;42520;20861;0;16.5;8.1;0.0
39;2021-04-08;1654;517;0;44174;21378;0;17.1;8.3;0.0
39;2021-04-09;1642;299;0;45816;21677;0;17.8;8.4;0.0
39;2021-04-10;364;154;0;46180;21831;0;17.9;8.5;0.0
39;2021-04-11;10;1;0;46190;21832;0;17.9;8.5;0.0
39;2021-04-12;676;345;0;46866;22177;0;18.2;8.6;0.0
39;2021-04-13;1167;527;0;48033;22704;0;18.6;8.8;0.0
39;2021-04-14;796;591;0;48829;23295;0;18.9;9.0;0.0
39;2021-04-15;1373;680;0;50202;23975;0;19.5;9.3;0.0
39;2021-04-16;1049;223;0;51251;24198;0;19.9;9.4;0.0
39;2021-04-17;262;74;0;51513;24272;0;20.0;9.4;0.0
39;2021-04-18;6;2;0;51519;24274;0;20.0;9.4;0.0
39;2021-04-19;539;665;0;52058;24939;0;20.2;9.7;0.0
39;2021-04-20;802;552;0;52860;25491;0;20.5;9.9;0.0
39;2021-04-21;1000;663;0;53860;26154;0;20.9;10.1;0.0
39;2021-04-22;1006;1067;0;54866;27221;0;21.3;10.6;0.0
39;2021-04-23;476;378;0;55342;27599;0;21.5;10.7;0.0
39;2021-04-24;305;146;0;55647;27745;0;21.6;10.8;0.0
39;2021-04-25;18;4;0;55665;27749;0;21.6;10.8;0.0
39;2021-04-26;563;1017;0;56228;28766;0;21.8;11.2;0.0
39;2021-04-27;803;953;0;57031;29719;0;22.1;11.5;0.0
39;2021-04-28;1510;433;0;58541;30152;0;22.7;11.7;0.0
39;2021-04-29;2414;861;0;60955;31013;0;23.6;12.0;0.0
39;2021-04-30;2238;422;0;63193;31435;0;24.5;12.2;0.0
39;2021-05-01;82;65;0;63275;31500;0;24.5;12.2;0.0
39;2021-05-02;23;3;0;63298;31503;0;24.5;12.2;0.0
39;2021-05-03;935;768;0;64233;32271;0;24.9;12.5;0.0
39;2021-05-04;994;1077;0;65227;33348;0;25.3;12.9;0.0
39;2021-05-05;1753;870;0;66980;34218;0;26.0;13.3;0.0
39;2021-05-06;2229;1226;0;69209;35444;0;26.8;13.7;0.0
39;2021-05-07;1282;624;0;70491;36068;0;27.3;14.0;0.0
39;2021-05-08;175;51;0;70666;36119;0;27.4;14.0;0.0
39;2021-05-09;23;21;0;70689;36140;0;27.4;14.0;0.0
39;2021-05-10;1706;867;0;72395;37007;0;28.1;14.4;0.0
39;2021-05-11;1767;1462;0;74162;38469;0;28.8;14.9;0.0
39;2021-05-12;1656;1372;0;75818;39841;0;29.4;15.5;0.0
39;2021-05-13;261;48;0;76079;39889;0;29.5;15.5;0.0
39;2021-05-14;2261;358;0;78340;40247;0;30.4;15.6;0.0
39;2021-05-15;1530;262;0;79870;40509;0;31.0;15.7;0.0
39;2021-05-16;37;6;0;79907;40515;0;31.0;15.7;0.0
39;2021-05-17;1922;712;0;81829;41227;0;31.7;16.0;0.0
39;2021-05-18;1702;1119;0;83531;42346;0;32.4;16.4;0.0
39;2021-05-19;2298;540;0;85829;42886;0;33.3;16.6;0.0
39;2021-05-20;2167;788;0;87996;43674;0;34.1;16.9;0.0
39;2021-05-21;1790;585;0;89786;44259;0;34.8;17.2;0.0
39;2021-05-22;322;232;0;90108;44491;0;34.9;17.3;0.0
39;2021-05-23;35;64;0;90143;44555;0;35.0;17.3;0.0
39;2021-05-24;168;52;0;90311;44607;0;35.0;17.3;0.0
39;2021-05-25;1642;1182;0;91953;45789;0;35.7;17.8;0.0
39;2021-05-26;1604;1302;0;93557;47091;0;36.3;18.3;0.0
39;2021-05-27;1472;1539;0;95029;48630;0;36.9;18.9;0.0
39;2021-05-28;974;1253;0;96003;49883;0;37.2;19.3;0.0
39;2021-05-29;352;312;0;96355;50195;0;37.4;19.5;0.0
39;2021-05-30;19;44;0;96374;50239;0;37.4;19.5;0.0
39;2021-05-31;1535;1208;0;97909;51447;0;38.0;20.0;0.0
39;2021-06-01;1783;1327;0;99692;52774;0;38.7;20.5;0.0
39;2021-06-02;1649;1016;0;101341;53790;0;39.3;20.9;0.0
39;2021-06-03;1324;1128;0;102665;54918;0;39.8;21.3;0.0
39;2021-06-04;1018;1076;0;103683;55994;0;40.2;21.7;0.0
39;2021-06-05;671;551;0;104354;56545;0;40.5;21.9;0.0
39;2021-06-06;60;44;0;104414;56589;0;40.5;21.9;0.0
39;2021-06-07;1942;895;0;106356;57484;0;41.2;22.3;0.0
39;2021-06-08;2048;1121;0;108404;58605;0;42.0;22.7;0.0
39;2021-06-09;1654;1174;0;110058;59779;0;42.7;23.2;0.0
39;2021-06-10;1609;1929;0;111667;61708;0;43.3;23.9;0.0
39;2021-06-11;1526;1192;0;113193;62900;0;43.9;24.4;0.0
39;2021-06-12;1096;395;0;114289;63295;0;44.3;24.5;0.0
39;2021-06-13;33;29;0;114322;63324;0;44.3;24.6;0.0
39;2021-06-14;1289;1820;0;115611;65144;0;44.8;25.3;0.0
39;2021-06-15;1328;1287;0;116939;66431;0;45.4;25.8;0.0
39;2021-06-16;1173;1415;0;118112;67846;0;45.8;26.3;0.0
39;2021-06-17;1022;1618;0;119134;69464;0;46.2;26.9;0.0
39;2021-06-18;1502;1191;0;120636;70655;0;46.8;27.4;0.0
39;2021-06-19;345;418;0;120981;71073;0;46.9;27.6;0.0
39;2021-06-20;24;33;0;121005;71106;0;46.9;27.6;0.0
39;2021-06-21;404;2410;0;121409;73516;0;47.1;28.5;0.0
39;2021-06-22;796;2249;0;122205;75765;0;47.4;29.4;0.0
39;2021-06-23;1111;1239;0;123316;77004;0;47.8;29.9;0.0
39;2021-06-24;758;1072;0;124074;78076;0;48.1;30.3;0.0
39;2021-06-25;689;2743;0;124763;80819;0;48.4;31.3;0.0
39;2021-06-26;223;1410;0;124986;82229;0;48.5;31.9;0.0
39;2021-06-27;23;30;0;125009;82259;0;48.5;31.9;0.0
39;2021-06-28;336;2627;0;125345;84886;0;48.6;32.9;0.0
39;2021-06-29;521;2628;0;125866;87514;0;48.8;33.9;0.0
39;2021-06-30;819;2251;0;126685;89765;0;49.1;34.8;0.0
39;2021-07-01;694;1763;0;127379;91528;0;49.4;35.5;0.0
39;2021-07-02;1046;1461;0;128425;92989;0;49.8;36.1;0.0
39;2021-07-03;529;509;0;128954;93498;0;50.0;36.3;0.0
39;2021-07-04;24;37;0;128978;93535;0;50.0;36.3;0.0
39;2021-07-05;556;2469;0;129534;96004;0;50.2;37.2;0.0
39;2021-07-06;817;1861;0;130351;97865;0;50.6;38.0;0.0
39;2021-07-07;610;1371;0;130961;99236;0;50.8;38.5;0.0
39;2021-07-08;685;1005;0;131646;100241;0;51.1;38.9;0.0
39;2021-07-09;1026;1598;0;132672;101839;0;51.5;39.5;0.0
39;2021-07-10;646;588;0;133318;102427;0;51.7;39.7;0.0
39;2021-07-11;22;20;0;133340;102447;0;51.7;39.7;0.0
39;2021-07-12;520;2443;0;133860;104890;0;51.9;40.7;0.0
39;2021-07-13;1487;2553;0;135347;107443;0;52.5;41.7;0.0
39;2021-07-14;82;83;0;135429;107526;0;52.5;41.7;0.0
39;2021-07-15;1580;1792;0;137009;109318;0;53.1;42.4;0.0
39;2021-07-16;2721;1994;0;139730;111312;0;54.2;43.2;0.0
39;2021-07-17;1681;946;0;141411;112258;0;54.8;43.5;0.0
39;2021-07-18;157;87;0;141568;112345;0;54.9;43.6;0.0
39;2021-07-19;1247;2763;0;142815;115108;0;55.4;44.6;0.0
39;2021-07-20;1596;2587;0;144411;117695;0;56.0;45.6;0.0
39;2021-07-21;2091;2367;0;146502;120062;0;56.8;46.6;0.0
39;2021-07-22;1618;1815;0;148120;121877;0;57.4;47.3;0.0
39;2021-07-23;1559;1821;0;149679;123698;0;58.0;48.0;0.0
39;2021-07-24;1092;1230;0;150771;124928;0;58.5;48.5;0.0
39;2021-07-25;53;46;0;150824;124974;0;58.5;48.5;0.0
39;2021-07-26;1112;1870;0;151936;126844;0;58.9;49.2;0.0
39;2021-07-27;1912;1801;0;153848;128645;0;59.7;49.9;0.0
39;2021-07-28;2157;1354;0;156005;129999;0;60.5;50.4;0.0
39;2021-07-29;1916;1508;0;157921;131507;0;61.2;51.0;0.0
39;2021-07-30;1771;1317;0;159692;132824;0;61.9;51.5;0.0
39;2021-07-31;1140;648;0;160832;133472;0;62.4;51.8;0.0
39;2021-08-01;77;31;0;160909;133503;0;62.4;51.8;0.0
39;2021-08-02;1099;1226;0;162008;134729;0;62.8;52.3;0.0
39;2021-08-03;1637;1204;0;163645;135933;0;63.5;52.7;0.0
39;2021-08-04;979;662;0;164624;136595;0;63.8;53.0;0.0
39;2021-08-05;1124;721;0;165748;137316;0;64.3;53.3;0.0
39;2021-08-06;1214;1979;0;166962;139295;0;64.8;54.0;0.0
39;2021-08-07;860;1025;0;167822;140320;0;65.1;54.4;0.0
39;2021-08-08;48;40;0;167870;140360;0;65.1;54.4;0.0
39;2021-08-09;482;392;0;168352;140752;0;65.3;54.6;0.0
39;2021-08-10;1152;941;0;169504;141693;0;65.7;55.0;0.0
39;2021-08-11;874;1369;0;170378;143062;0;66.1;55.5;0.0
39;2021-08-12;1401;1870;0;171779;144932;0;66.6;56.2;0.0
39;2021-08-13;1202;1850;0;172981;146782;0;67.1;56.9;0.0
39;2021-08-14;350;934;0;173331;147716;0;67.2;57.3;0.0
39;2021-08-15;11;15;0;173342;147731;0;67.2;57.3;0.0
39;2021-08-16;504;726;0;173846;148457;0;67.4;57.6;0.0
39;2021-08-17;598;1339;0;174444;149796;0;67.7;58.1;0.0
39;2021-08-18;779;1489;0;175223;151285;0;68.0;58.7;0.0
39;2021-08-19;844;1385;0;176067;152670;0;68.3;59.2;0.0
39;2021-08-20;642;2148;0;176709;154818;0;68.5;60.0;0.0
39;2021-08-21;441;1102;0;177150;155920;0;68.7;60.5;0.0
39;2021-08-22;17;56;0;177167;155976;0;68.7;60.5;0.0
39;2021-08-23;296;919;0;177463;156895;0;68.8;60.8;0.0
39;2021-08-24;441;1463;0;177904;158358;0;69.0;61.4;0.0
39;2021-08-25;605;1465;0;178509;159823;0;69.2;62.0;0.0
39;2021-08-26;677;1613;0;179186;161436;0;69.5;62.6;0.0
39;2021-08-27;412;1778;0;179598;163214;0;69.7;63.3;0.0
39;2021-08-28;324;1159;0;179922;164373;0;69.8;63.7;0.0
39;2021-08-29;10;29;0;179932;164402;0;69.8;63.8;0.0
39;2021-08-30;360;954;9;180292;165356;9;69.9;64.1;0.0
39;2021-08-31;430;1015;36;180722;166371;45;70.1;64.5;0.0
39;2021-09-01;541;1319;158;181263;167690;203;70.3;65.0;0.1
39;2021-09-02;337;1248;130;181600;168938;333;70.4;65.5;0.1
39;2021-09-03;482;1958;162;182082;170896;495;70.6;66.3;0.2
39;2021-09-04;171;255;26;182253;171151;521;70.7;66.4;0.2
39;2021-09-05;9;17;0;182262;171168;521;70.7;66.4;0.2
39;2021-09-06;279;520;98;182541;171688;619;70.8;66.6;0.2
39;2021-09-07;251;342;100;182792;172030;719;70.9;66.7;0.3
39;2021-09-08;458;682;304;183250;172712;1023;71.1;67.0;0.4
39;2021-09-09;428;793;403;183678;173505;1426;71.2;67.3;0.6
39;2021-09-10;244;618;185;183922;174123;1611;71.3;67.5;0.6
39;2021-09-11;269;763;114;184191;174886;1725;71.4;67.8;0.7
39;2021-09-12;10;31;1;184201;174917;1726;71.4;67.8;0.7
39;2021-09-13;192;218;97;184393;175135;1823;71.5;67.9;0.7
39;2021-09-14;225;355;123;184618;175490;1946;71.6;68.1;0.8
39;2021-09-15;275;565;608;184893;176055;2554;71.7;68.3;1.0
39;2021-09-16;431;961;444;185324;177016;2998;71.9;68.7;1.2
39;2021-09-17;432;688;285;185756;177704;3283;72.0;68.9;1.3
39;2021-09-18;108;259;81;185864;177963;3364;72.1;69.0;1.3
39;2021-09-19;3;13;1;185867;177976;3365;72.1;69.0;1.3
39;2021-09-20;111;172;115;185978;178148;3480;72.1;69.1;1.3
39;2021-09-21;117;176;275;186095;178324;3755;72.2;69.2;1.5
39;2021-09-22;278;764;431;186373;179088;4186;72.3;69.5;1.6
39;2021-09-23;184;322;393;186557;179410;4579;72.4;69.6;1.8
39;2021-09-24;223;588;317;186780;179998;4896;72.4;69.8;1.9
39;2021-09-25;82;263;92;186862;180261;4988;72.5;69.9;1.9
39;2021-09-26;1;3;1;186863;180264;4989;72.5;69.9;1.9
39;2021-09-27;131;329;217;186994;180593;5206;72.5;70.0;2.0
39;2021-09-28;73;182;266;187067;180775;5472;72.5;70.1;2.1
39;2021-09-29;203;539;396;187270;181314;5868;72.6;70.3;2.3
39;2021-09-30;186;426;377;187456;181740;6245;72.7;70.5;2.4
39;2021-10-01;159;241;300;187615;181981;6545;72.8;70.6;2.5
39;2021-10-02;116;238;146;187731;182219;6691;72.8;70.7;2.6
39;2021-10-03;1;7;0;187732;182226;6691;72.8;70.7;2.6
39;2021-10-04;76;161;119;187808;182387;6810;72.8;70.7;2.6
39;2021-10-05;80;151;309;187888;182538;7119;72.9;70.8;2.8
39;2021-10-06;212;335;432;188100;182873;7551;72.9;70.9;2.9
39;2021-10-07;138;430;432;188238;183303;7983;73.0;71.1;3.1
39;2021-10-08;238;482;568;188476;183785;8551;73.1;71.3;3.3
39;2021-10-09;64;75;59;188540;183860;8610;73.1;71.3;3.3
39;2021-10-10;0;5;3;188540;183865;8613;73.1;71.3;3.3
39;2021-10-11;49;103;93;188589;183968;8706;73.1;71.3;3.4
39;2021-10-12;102;117;293;188691;184085;8999;73.2;71.4;3.5
39;2021-10-13;108;197;256;188799;184282;9255;73.2;71.5;3.6
39;2021-10-14;135;244;389;188934;184526;9644;73.3;71.6;3.7
39;2021-10-15;324;480;750;189258;185006;10394;73.4;71.7;4.0
39;2021-10-16;62;98;92;189320;185104;10486;73.4;71.8;4.1
39;2021-10-17;3;8;0;189323;185112;10486;73.4;71.8;4.1
39;2021-10-18;35;56;113;189358;185168;10599;73.4;71.8;4.1
39;2021-10-19;62;78;179;189420;185246;10778;73.5;71.8;4.2
39;2021-10-20;64;89;158;189484;185335;10936;73.5;71.9;4.2
39;2021-10-21;121;219;473;189605;185554;11409;73.5;72.0;4.4
39;2021-10-22;311;445;937;189916;185999;12346;73.7;72.1;4.8
39;2021-10-23;65;140;183;189981;186139;12529;73.7;72.2;4.9
39;2021-10-24;2;5;0;189983;186144;12529;73.7;72.2;4.9
39;2021-10-25;34;63;126;190017;186207;12655;73.7;72.2;4.9
39;2021-10-26;52;63;224;190069;186270;12879;73.7;72.2;5.0
39;2021-10-27;102;168;332;190171;186438;13211;73.8;72.3;5.1
39;2021-10-28;166;190;531;190337;186628;13742;73.8;72.4;5.3
39;2021-10-29;127;168;517;190464;186796;14259;73.9;72.4;5.5
39;2021-10-30;38;64;245;190502;186860;14504;73.9;72.5;5.6
39;2021-10-31;0;6;0;190502;186866;14504;73.9;72.5;5.6
39;2021-11-01;3;7;3;190505;186873;14507;73.9;72.5;5.6
39;2021-11-02;43;100;219;190548;186973;14726;73.9;72.5;5.7
39;2021-11-03;92;121;448;190640;187094;15174;73.9;72.6;5.9
39;2021-11-04;70;119;688;190710;187213;15862;74.0;72.6;6.2
39;2021-11-05;211;314;1077;190921;187527;16939;74.0;72.7;6.6
39;2021-11-06;30;49;120;190951;187576;17059;74.1;72.7;6.6
39;2021-11-07;0;4;3;190951;187580;17062;74.1;72.7;6.6
39;2021-11-08;36;69;280;190987;187649;17342;74.1;72.8;6.7
39;2021-11-09;65;91;717;191052;187740;18059;74.1;72.8;7.0
39;2021-11-10;188;182;1276;191240;187922;19335;74.2;72.9;7.5
39;2021-11-11;4;9;25;191244;187931;19360;74.2;72.9;7.5
39;2021-11-12;91;150;616;191335;188081;19976;74.2;72.9;7.7
39;2021-11-13;45;75;345;191380;188156;20321;74.2;73.0;7.9
39;2021-11-14;5;1;11;191385;188157;20332;74.2;73.0;7.9
39;2021-11-15;21;55;258;191406;188212;20590;74.2;73.0;8.0
39;2021-11-16;104;97;1046;191510;188309;21636;74.3;73.0;8.4
39;2021-11-17;95;195;1045;191605;188504;22681;74.3;73.1;8.8
39;2021-11-18;111;117;810;191716;188621;23491;74.4;73.2;9.1
39;2021-11-19;161;237;1403;191877;188858;24894;74.4;73.2;9.7
39;2021-11-20;82;50;378;191959;188908;25272;74.4;73.3;9.8
39;2021-11-21;2;2;2;191961;188910;25274;74.4;73.3;9.8
39;2021-11-22;34;55;334;191995;188965;25608;74.5;73.3;9.9
39;2021-11-23;117;86;1077;192112;189051;26685;74.5;73.3;10.3
39;2021-11-24;137;152;1274;192249;189203;27959;74.6;73.4;10.8
39;2021-11-25;127;83;1182;192376;189286;29141;74.6;73.4;11.3
39;2021-11-26;137;137;1974;192513;189423;31115;74.7;73.5;12.1
39;2021-11-27;45;69;613;192558;189492;31728;74.7;73.5;12.3
39;2021-11-28;5;4;27;192563;189496;31755;74.7;73.5;12.3
39;2021-11-29;51;65;1251;192614;189561;33006;74.7;73.5;12.8
39;2021-11-30;89;105;2335;192703;189666;35341;74.7;73.6;13.7
39;2021-12-01;93;164;2472;192796;189830;37813;74.8;73.6;14.7
39;2021-12-02;85;88;3163;192881;189918;40976;74.8;73.7;15.9
39;2021-12-03;95;146;2792;192976;190064;43768;74.8;73.7;17.0
39;2021-12-04;48;61;1043;193024;190125;44811;74.9;73.7;17.4
39;2021-12-05;2;5;44;193026;190130;44855;74.9;73.7;17.4
39;2021-12-06;54;58;1940;193080;190188;46795;74.9;73.8;18.1
39;2021-12-07;106;115;2960;193186;190303;49755;74.9;73.8;19.3
39;2021-12-08;118;89;3164;193304;190392;52919;75.0;73.8;20.5
39;2021-12-09;120;132;3518;193424;190524;56437;75.0;73.9;21.9
40;2020-12-27;0;0;0;0;0;0;0.0;0.0;0.0
40;2020-12-28;0;0;0;0;0;0;0.0;0.0;0.0
40;2020-12-29;0;0;0;0;0;0;0.0;0.0;0.0
40;2020-12-30;0;0;0;0;0;0;0.0;0.0;0.0
40;2020-12-31;0;0;0;0;0;0;0.0;0.0;0.0
40;2021-01-01;0;0;0;0;0;0;0.0;0.0;0.0
40;2021-01-02;2;0;0;2;0;0;0.0;0.0;0.0
40;2021-01-03;0;0;0;2;0;0;0.0;0.0;0.0
40;2021-01-04;1;0;0;3;0;0;0.0;0.0;0.0
40;2021-01-05;1;0;0;4;0;0;0.0;0.0;0.0
40;2021-01-06;5;0;0;9;0;0;0.0;0.0;0.0
40;2021-01-07;238;1;0;247;1;0;0.1;0.0;0.0
40;2021-01-08;437;4;0;684;5;0;0.2;0.0;0.0
40;2021-01-09;4;0;0;688;5;0;0.2;0.0;0.0
40;2021-01-10;4;0;0;692;5;0;0.2;0.0;0.0
40;2021-01-11;130;0;0;822;5;0;0.2;0.0;0.0
40;2021-01-12;63;0;0;885;5;0;0.2;0.0;0.0
40;2021-01-13;707;6;0;1592;11;0;0.4;0.0;0.0
40;2021-01-14;918;8;0;2510;19;0;0.6;0.0;0.0
40;2021-01-15;856;3;0;3366;22;0;0.8;0.0;0.0
40;2021-01-16;156;0;0;3522;22;0;0.9;0.0;0.0
40;2021-01-17;3;0;0;3525;22;0;0.9;0.0;0.0
40;2021-01-18;477;1;0;4002;23;0;1.0;0.0;0.0
40;2021-01-19;1216;4;0;5218;27;0;1.3;0.0;0.0
40;2021-01-20;943;3;0;6161;30;0;1.5;0.0;0.0
40;2021-01-21;1374;5;0;7535;35;0;1.8;0.0;0.0
40;2021-01-22;906;4;0;8441;39;0;2.0;0.0;0.0
40;2021-01-23;313;0;0;8754;39;0;2.1;0.0;0.0
40;2021-01-24;32;0;0;8786;39;0;2.1;0.0;0.0
40;2021-01-25;453;3;0;9239;42;0;2.2;0.0;0.0
40;2021-01-26;856;5;0;10095;47;0;2.5;0.0;0.0
40;2021-01-27;1131;14;0;11226;61;0;2.7;0.0;0.0
40;2021-01-28;782;131;0;12008;192;0;2.9;0.0;0.0
40;2021-01-29;625;268;0;12633;460;0;3.1;0.1;0.0
40;2021-01-30;252;8;0;12885;468;0;3.1;0.1;0.0
40;2021-01-31;22;2;0;12907;470;0;3.1;0.1;0.0
40;2021-02-01;403;132;0;13310;602;0;3.2;0.1;0.0
40;2021-02-02;934;89;0;14244;691;0;3.5;0.2;0.0
40;2021-02-03;918;322;0;15162;1013;0;3.7;0.2;0.0
40;2021-02-04;1111;607;0;16273;1620;0;3.9;0.4;0.0
40;2021-02-05;813;416;0;17086;2036;0;4.1;0.5;0.0
40;2021-02-06;397;83;0;17483;2119;0;4.2;0.5;0.0
40;2021-02-07;26;1;0;17509;2120;0;4.2;0.5;0.0
40;2021-02-08;425;142;0;17934;2262;0;4.4;0.5;0.0
40;2021-02-09;811;559;0;18745;2821;0;4.5;0.7;0.0
40;2021-02-10;759;533;0;19504;3354;0;4.7;0.8;0.0
40;2021-02-11;800;721;0;20304;4075;0;4.9;1.0;0.0
40;2021-02-12;614;720;0;20918;4795;0;5.1;1.2;0.0
40;2021-02-13;355;108;0;21273;4903;0;5.2;1.2;0.0
40;2021-02-14;10;8;0;21283;4911;0;5.2;1.2;0.0
40;2021-02-15;52;433;0;21335;5344;0;5.2;1.3;0.0
40;2021-02-16;287;643;0;21622;5987;0;5.2;1.5;0.0
40;2021-02-17;343;898;0;21965;6885;0;5.3;1.7;0.0
40;2021-02-18;398;836;0;22363;7721;0;5.4;1.9;0.0
40;2021-02-19;163;679;0;22526;8400;0;5.5;2.0;0.0
40;2021-02-20;45;147;0;22571;8547;0;5.5;2.1;0.0
40;2021-02-21;6;86;0;22577;8633;0;5.5;2.1;0.0
40;2021-02-22;99;592;0;22676;9225;0;5.5;2.2;0.0
40;2021-02-23;246;879;0;22922;10104;0;5.6;2.5;0.0
40;2021-02-24;323;735;0;23245;10839;0;5.6;2.6;0.0
40;2021-02-25;764;1007;0;24009;11846;0;5.8;2.9;0.0
40;2021-02-26;724;702;0;24733;12548;0;6.0;3.0;0.0
40;2021-02-27;406;174;0;25139;12722;0;6.1;3.1;0.0
40;2021-02-28;5;24;0;25144;12746;0;6.1;3.1;0.0
40;2021-03-01;451;533;0;25595;13279;0;6.2;3.2;0.0
40;2021-03-02;777;1045;0;26372;14324;0;6.4;3.5;0.0
40;2021-03-03;963;937;0;27335;15261;0;6.6;3.7;0.0
40;2021-03-04;1373;871;0;28708;16132;0;7.0;3.9;0.0
40;2021-03-05;1299;766;0;30007;16898;0;7.3;4.1;0.0
40;2021-03-06;908;381;0;30915;17279;0;7.5;4.2;0.0
40;2021-03-07;125;32;0;31040;17311;0;7.5;4.2;0.0
40;2021-03-08;909;526;0;31949;17837;0;7.8;4.3;0.0
40;2021-03-09;1555;644;0;33504;18481;0;8.1;4.5;0.0
40;2021-03-10;1809;724;0;35313;19205;0;8.6;4.7;0.0
40;2021-03-11;2070;686;0;37383;19891;0;9.1;4.8;0.0
40;2021-03-12;2215;492;0;39598;20383;0;9.6;4.9;0.0
40;2021-03-13;1109;226;0;40707;20609;0;9.9;5.0;0.0
40;2021-03-14;142;2;0;40849;20611;0;9.9;5.0;0.0
40;2021-03-15;1027;97;0;41876;20708;0;10.2;5.0;0.0
40;2021-03-16;1038;288;0;42914;20996;0;10.4;5.1;0.0
40;2021-03-17;1612;332;0;44526;21328;0;10.8;5.2;0.0
40;2021-03-18;1647;334;0;46173;21662;0;11.2;5.3;0.0
40;2021-03-19;1871;166;0;48044;21828;0;11.7;5.3;0.0
40;2021-03-20;809;15;0;48853;21843;0;11.9;5.3;0.0
40;2021-03-21;108;3;0;48961;21846;0;11.9;5.3;0.0
40;2021-03-22;1243;58;0;50204;21904;0;12.2;5.3;0.0
40;2021-03-23;2377;205;0;52581;22109;0;12.8;5.4;0.0
40;2021-03-24;2418;267;0;54999;22376;0;13.3;5.4;0.0
40;2021-03-25;2874;405;0;57873;22781;0;14.0;5.5;0.0
40;2021-03-26;3151;254;0;61024;23035;0;14.8;5.6;0.0
40;2021-03-27;977;74;0;62001;23109;0;15.0;5.6;0.0
40;2021-03-28;260;36;0;62261;23145;0;15.1;5.6;0.0
40;2021-03-29;1245;396;0;63506;23541;0;15.4;5.7;0.0
40;2021-03-30;2394;444;0;65900;23985;0;16.0;5.8;0.0
40;2021-03-31;2088;347;0;67988;24332;0;16.5;5.9;0.0
40;2021-04-01;2561;377;0;70549;24709;0;17.1;6.0;0.0
40;2021-04-02;2454;253;0;73003;24962;0;17.7;6.1;0.0
40;2021-04-03;760;142;0;73763;25104;0;17.9;6.1;0.0
40;2021-04-04;366;21;0;74129;25125;0;18.0;6.1;0.0
40;2021-04-05;584;57;0;74713;25182;0;18.1;6.1;0.0
40;2021-04-06;2175;870;0;76888;26052;0;18.7;6.3;0.0
40;2021-04-07;2676;966;0;79564;27018;0;19.3;6.6;0.0
40;2021-04-08;3125;981;0;82689;27999;0;20.1;6.8;0.0
40;2021-04-09;3908;690;0;86597;28689;0;21.0;7.0;0.0
40;2021-04-10;1679;428;0;88276;29117;0;21.4;7.1;0.0
40;2021-04-11;90;35;0;88366;29152;0;21.4;7.1;0.0
40;2021-04-12;2235;809;0;90601;29961;0;22.0;7.3;0.0
40;2021-04-13;2678;1211;0;93279;31172;0;22.6;7.6;0.0
40;2021-04-14;2615;1481;0;95894;32653;0;23.3;7.9;0.0
40;2021-04-15;3049;1570;0;98943;34223;0;24.0;8.3;0.0
40;2021-04-16;2951;1242;0;101894;35465;0;24.7;8.6;0.0
40;2021-04-17;1506;439;0;103400;35904;0;25.1;8.7;0.0
40;2021-04-18;126;86;0;103526;35990;0;25.1;8.7;0.0
40;2021-04-19;1231;1136;0;104757;37126;0;25.4;9.0;0.0
40;2021-04-20;1751;1809;0;106508;38935;0;25.9;9.5;0.0
40;2021-04-21;1909;1763;0;108417;40698;0;26.3;9.9;0.0
40;2021-04-22;2171;1856;0;110588;42554;0;26.8;10.3;0.0
40;2021-04-23;2264;1420;0;112852;43974;0;27.4;10.7;0.0
40;2021-04-24;1423;656;0;114275;44630;0;27.7;10.8;0.0
40;2021-04-25;102;94;0;114377;44724;0;27.8;10.9;0.0
40;2021-04-26;1402;1161;0;115779;45885;0;28.1;11.1;0.0
40;2021-04-27;1682;2053;0;117461;47938;0;28.5;11.6;0.0
40;2021-04-28;2235;1491;0;119696;49429;0;29.1;12.0;0.0
40;2021-04-29;2771;1940;0;122467;51369;0;29.7;12.5;0.0
40;2021-04-30;2830;1685;0;125297;53054;0;30.4;12.9;0.0
40;2021-05-01;1349;766;0;126646;53820;0;30.7;13.1;0.0
40;2021-05-02;215;309;0;126861;54129;0;30.8;13.1;0.0
40;2021-05-03;1961;1590;0;128822;55719;0;31.3;13.5;0.0
40;2021-05-04;2091;2599;0;130913;58318;0;31.8;14.2;0.0
40;2021-05-05;2383;2666;0;133296;60984;0;32.4;14.8;0.0
40;2021-05-06;2508;2889;0;135804;63873;0;33.0;15.5;0.0
40;2021-05-07;2145;3070;0;137949;66943;0;33.5;16.2;0.0
40;2021-05-08;792;471;0;138741;67414;0;33.7;16.4;0.0
40;2021-05-09;393;65;0;139134;67479;0;33.8;16.4;0.0
40;2021-05-10;1558;2233;0;140692;69712;0;34.2;16.9;0.0
40;2021-05-11;2442;2714;0;143134;72426;0;34.7;17.6;0.0
40;2021-05-12;2924;2075;0;146058;74501;0;35.5;18.1;0.0
40;2021-05-13;2111;533;0;148169;75034;0;36.0;18.2;0.0
40;2021-05-14;2484;1766;0;150653;76800;0;36.6;18.6;0.0
40;2021-05-15;1503;1009;0;152156;77809;0;36.9;18.9;0.0
40;2021-05-16;486;81;0;152642;77890;0;37.1;18.9;0.0
40;2021-05-17;2346;1471;0;154988;79361;0;37.6;19.3;0.0
40;2021-05-18;2714;1498;0;157702;80859;0;38.3;19.6;0.0
40;2021-05-19;3149;1185;0;160851;82044;0;39.0;19.9;0.0
40;2021-05-20;3730;1291;0;164581;83335;0;39.9;20.2;0.0
40;2021-05-21;3077;1427;0;167658;84762;0;40.7;20.6;0.0
40;2021-05-22;1377;866;0;169035;85628;0;41.0;20.8;0.0
40;2021-05-23;623;67;0;169658;85695;0;41.2;20.8;0.0
40;2021-05-24;1316;458;0;170974;86153;0;41.5;20.9;0.0
40;2021-05-25;2338;1448;0;173312;87601;0;42.1;21.3;0.0
40;2021-05-26;2793;1654;0;176105;89255;0;42.7;21.7;0.0
40;2021-05-27;2878;2042;0;178983;91297;0;43.4;22.2;0.0
40;2021-05-28;2793;2349;0;181776;93646;0;44.1;22.7;0.0
40;2021-05-29;1730;1330;0;183506;94976;0;44.5;23.1;0.0
40;2021-05-30;99;84;0;183605;95060;0;44.6;23.1;0.0
40;2021-05-31;2723;1349;0;186328;96409;0;45.2;23.4;0.0
40;2021-06-01;3164;1916;0;189492;98325;0;46.0;23.9;0.0
40;2021-06-02;3291;2101;0;192783;100426;0;46.8;24.4;0.0
40;2021-06-03;3739;2360;0;196522;102786;0;47.7;24.9;0.0
40;2021-06-04;3200;2864;0;199722;105650;0;48.5;25.6;0.0
40;2021-06-05;1951;1452;0;201673;107102;0;49.0;26.0;0.0
40;2021-06-06;568;108;0;202241;107210;0;49.1;26.0;0.0
40;2021-06-07;2348;2090;0;204589;109300;0;49.7;26.5;0.0
40;2021-06-08;3198;2234;0;207787;111534;0;50.4;27.1;0.0
40;2021-06-09;3328;2342;0;211115;113876;0;51.2;27.6;0.0
40;2021-06-10;3174;2125;0;214289;116001;0;52.0;28.2;0.0
40;2021-06-11;3267;2973;0;217556;118974;0;52.8;28.9;0.0
40;2021-06-12;2056;1721;0;219612;120695;0;53.3;29.3;0.0
40;2021-06-13;650;199;0;220262;120894;0;53.5;29.3;0.0
40;2021-06-14;1603;2701;0;221865;123595;0;53.9;30.0;0.0
40;2021-06-15;2336;2976;0;224201;126571;0;54.4;30.7;0.0
40;2021-06-16;2689;2689;0;226890;129260;0;55.1;31.4;0.0
40;2021-06-17;2537;2615;0;229427;131875;0;55.7;32.0;0.0
40;2021-06-18;2440;3075;0;231867;134950;0;56.3;32.8;0.0
40;2021-06-19;1811;1337;0;233678;136287;0;56.7;33.1;0.0
40;2021-06-20;338;320;0;234016;136607;0;56.8;33.2;0.0
40;2021-06-21;1338;2613;0;235354;139220;0;57.1;33.8;0.0
40;2021-06-22;1713;3215;0;237067;142435;0;57.5;34.6;0.0
40;2021-06-23;1649;3532;0;238716;145967;0;57.9;35.4;0.0
40;2021-06-24;1727;2375;0;240443;148342;0;58.4;36.0;0.0
40;2021-06-25;1831;3402;0;242274;151744;0;58.8;36.8;0.0
40;2021-06-26;1333;1838;0;243607;153582;0;59.1;37.3;0.0
40;2021-06-27;296;427;0;243903;154009;0;59.2;37.4;0.0
40;2021-06-28;1359;3069;0;245262;157078;0;59.5;38.1;0.0
40;2021-06-29;1606;3656;0;246868;160734;0;59.9;39.0;0.0
40;2021-06-30;1794;3821;0;248662;164555;0;60.4;39.9;0.0
40;2021-07-01;1734;4021;0;250396;168576;0;60.8;40.9;0.0
40;2021-07-02;1544;3970;0;251940;172546;0;61.2;41.9;0.0
40;2021-07-03;716;2068;0;252656;174614;0;61.3;42.4;0.0
40;2021-07-04;219;586;0;252875;175200;0;61.4;42.5;0.0
40;2021-07-05;1383;3083;0;254258;178283;0;61.7;43.3;0.0
40;2021-07-06;1665;3683;0;255923;181966;0;62.1;44.2;0.0
40;2021-07-07;1824;3878;0;257747;185844;0;62.6;45.1;0.0
40;2021-07-08;1871;3353;0;259618;189197;0;63.0;45.9;0.0
40;2021-07-09;1678;3997;0;261296;193194;0;63.4;46.9;0.0
40;2021-07-10;843;2226;0;262139;195420;0;63.6;47.4;0.0
40;2021-07-11;160;331;0;262299;195751;0;63.7;47.5;0.0
40;2021-07-12;1068;3914;0;263367;199665;0;63.9;48.5;0.0
40;2021-07-13;1980;4562;0;265347;204227;0;64.4;49.6;0.0
40;2021-07-14;1741;1936;0;267088;206163;0;64.8;50.0;0.0
40;2021-07-15;2252;4697;0;269340;210860;0;65.4;51.2;0.0
40;2021-07-16;2647;3764;0;271987;214624;0;66.0;52.1;0.0
40;2021-07-17;1616;2621;0;273603;217245;0;66.4;52.7;0.0
40;2021-07-18;319;596;0;273922;217841;0;66.5;52.9;0.0
40;2021-07-19;1905;3579;0;275827;221420;0;67.0;53.7;0.0
40;2021-07-20;2311;3784;0;278138;225204;0;67.5;54.7;0.0
40;2021-07-21;2506;3711;0;280644;228915;0;68.1;55.6;0.0
40;2021-07-22;2873;3689;0;283517;232604;0;68.8;56.5;0.0
40;2021-07-23;3098;3851;0;286615;236455;0;69.6;57.4;0.0
40;2021-07-24;2026;2013;0;288641;238468;0;70.1;57.9;0.0
40;2021-07-25;686;465;0;289327;238933;0;70.2;58.0;0.0
40;2021-07-26;2184;2721;0;291511;241654;0;70.8;58.7;0.0
40;2021-07-27;2579;3204;0;294090;244858;0;71.4;59.4;0.0
40;2021-07-28;2704;2981;0;296794;247839;0;72.0;60.2;0.0
40;2021-07-29;2766;2992;0;299560;250831;0;72.7;60.9;0.0
40;2021-07-30;2516;2942;0;302076;253773;0;73.3;61.6;0.0
40;2021-07-31;1472;1707;0;303548;255480;0;73.7;62.0;0.0
40;2021-08-01;233;194;0;303781;255674;0;73.7;62.1;0.0
40;2021-08-02;1635;1945;0;305416;257619;0;74.1;62.5;0.0
40;2021-08-03;1962;2208;0;307378;259827;0;74.6;63.1;0.0
40;2021-08-04;1787;1933;0;309165;261760;0;75.0;63.5;0.0
40;2021-08-05;1674;2208;0;310839;263968;0;75.5;64.1;0.0
40;2021-08-06;1593;2497;0;312432;266465;0;75.8;64.7;0.0
40;2021-08-07;1086;1512;0;313518;267977;0;76.1;65.0;0.0
40;2021-08-08;97;136;0;313615;268113;0;76.1;65.1;0.0
40;2021-08-09;1319;2284;0;314934;270397;0;76.4;65.6;0.0
40;2021-08-10;1263;2395;0;316197;272792;0;76.8;66.2;0.0
40;2021-08-11;1184;2040;0;317381;274832;0;77.0;66.7;0.0
40;2021-08-12;1103;2289;0;318484;277121;0;77.3;67.3;0.0
40;2021-08-13;980;2194;0;319464;279315;0;77.5;67.8;0.0
40;2021-08-14;566;1694;0;320030;281009;0;77.7;68.2;0.0
40;2021-08-15;27;219;0;320057;281228;0;77.7;68.3;0.0
40;2021-08-16;946;2559;0;321003;283787;0;77.9;68.9;0.0
40;2021-08-17;1016;2674;0;322019;286461;0;78.2;69.5;0.0
40;2021-08-18;853;2703;0;322872;289164;0;78.4;70.2;0.0
40;2021-08-19;789;2432;0;323661;291596;0;78.6;70.8;0.0
40;2021-08-20;757;2525;0;324418;294121;0;78.7;71.4;0.0
40;2021-08-21;456;1598;0;324874;295719;0;78.9;71.8;0.0
40;2021-08-22;79;394;0;324953;296113;0;78.9;71.9;0.0
40;2021-08-23;646;2427;0;325599;298540;0;79.0;72.5;0.0
40;2021-08-24;614;2257;0;326213;300797;0;79.2;73.0;0.0
40;2021-08-25;601;1808;0;326814;302605;0;79.3;73.5;0.0
40;2021-08-26;448;1552;0;327262;304157;0;79.4;73.8;0.0
40;2021-08-27;596;2231;0;327858;306388;0;79.6;74.4;0.0
40;2021-08-28;303;1147;0;328161;307535;0;79.7;74.6;0.0
40;2021-08-29;12;67;0;328173;307602;0;79.7;74.7;0.0
40;2021-08-30;571;1956;46;328744;309558;46;79.8;75.1;0.0
40;2021-08-31;463;1427;84;329207;310985;130;79.9;75.5;0.0
40;2021-09-01;468;1314;194;329675;312299;324;80.0;75.8;0.1
40;2021-09-02;424;1277;322;330099;313576;646;80.1;76.1;0.2
40;2021-09-03;441;1337;296;330540;314913;942;80.2;76.4;0.2
40;2021-09-04;352;977;133;330892;315890;1075;80.3;76.7;0.3
40;2021-09-05;12;41;24;330904;315931;1099;80.3;76.7;0.3
40;2021-09-06;253;704;198;331157;316635;1297;80.4;76.9;0.3
40;2021-09-07;273;790;214;331430;317425;1511;80.4;77.0;0.4
40;2021-09-08;372;917;320;331802;318342;1831;80.5;77.3;0.4
40;2021-09-09;277;721;309;332079;319063;2140;80.6;77.4;0.5
40;2021-09-10;371;989;340;332450;320052;2480;80.7;77.7;0.6
40;2021-09-11;263;703;122;332713;320755;2602;80.8;77.9;0.6
40;2021-09-12;25;31;2;332738;320786;2604;80.8;77.9;0.6
40;2021-09-13;353;576;405;333091;321362;3009;80.9;78.0;0.7
40;2021-09-14;317;402;547;333408;321764;3556;80.9;78.1;0.9
40;2021-09-15;414;849;602;333822;322613;4158;81.0;78.3;1.0
40;2021-09-16;257;347;357;334079;322960;4515;81.1;78.4;1.1
40;2021-09-17;353;795;624;334432;323755;5139;81.2;78.6;1.2
40;2021-09-18;188;599;161;334620;324354;5300;81.2;78.7;1.3
40;2021-09-19;3;17;21;334623;324371;5321;81.2;78.7;1.3
40;2021-09-20;163;398;377;334786;324769;5698;81.3;78.8;1.4
40;2021-09-21;161;268;473;334947;325037;6171;81.3;78.9;1.5
40;2021-09-22;233;584;442;335180;325621;6613;81.4;79.0;1.6
40;2021-09-23;160;296;669;335340;325917;7282;81.4;79.1;1.8
40;2021-09-24;240;590;405;335580;326507;7687;81.5;79.3;1.9
40;2021-09-25;137;416;151;335717;326923;7838;81.5;79.4;1.9
40;2021-09-26;1;9;3;335718;326932;7841;81.5;79.4;1.9
40;2021-09-27;106;252;236;335824;327184;8077;81.5;79.4;2.0
40;2021-09-28;77;237;406;335901;327421;8483;81.5;79.5;2.1
40;2021-09-29;218;550;361;336119;327971;8844;81.6;79.6;2.1
40;2021-09-30;107;226;378;336226;328197;9222;81.6;79.7;2.2
40;2021-10-01;259;403;467;336485;328600;9689;81.7;79.8;2.4
40;2021-10-02;198;342;142;336683;328942;9831;81.7;79.8;2.4
40;2021-10-03;1;11;0;336684;328953;9831;81.7;79.8;2.4
40;2021-10-04;121;245;322;336805;329198;10153;81.8;79.9;2.5
40;2021-10-05;101;243;388;336906;329441;10541;81.8;80.0;2.6
40;2021-10-06;265;425;684;337171;329866;11225;81.8;80.1;2.7
40;2021-10-07;112;228;457;337283;330094;11682;81.9;80.1;2.8
40;2021-10-08;199;447;817;337482;330541;12499;81.9;80.2;3.0
40;2021-10-09;139;225;223;337621;330766;12722;82.0;80.3;3.1
40;2021-10-10;3;15;4;337624;330781;12726;82.0;80.3;3.1
40;2021-10-11;82;172;340;337706;330953;13066;82.0;80.3;3.2
40;2021-10-12;101;167;414;337807;331120;13480;82.0;80.4;3.3
40;2021-10-13;209;371;800;338016;331491;14280;82.0;80.5;3.5
40;2021-10-14;77;151;659;338093;331642;14939;82.1;80.5;3.6
40;2021-10-15;145;325;774;338238;331967;15713;82.1;80.6;3.8
40;2021-10-16;116;184;240;338354;332151;15953;82.1;80.6;3.9
40;2021-10-17;2;2;3;338356;332153;15956;82.1;80.6;3.9
40;2021-10-18;76;165;452;338432;332318;16408;82.1;80.7;4.0
40;2021-10-19;92;127;508;338524;332445;16916;82.2;80.7;4.1
40;2021-10-20;192;266;1210;338716;332711;18126;82.2;80.8;4.4
40;2021-10-21;107;149;650;338823;332860;18776;82.2;80.8;4.6
40;2021-10-22;157;232;950;338980;333092;19726;82.3;80.9;4.8
40;2021-10-23;130;218;410;339110;333310;20136;82.3;80.9;4.9
40;2021-10-24;2;4;12;339112;333314;20148;82.3;80.9;4.9
40;2021-10-25;90;125;554;339202;333439;20702;82.3;80.9;5.0
40;2021-10-26;90;95;669;339292;333534;21371;82.4;81.0;5.2
40;2021-10-27;167;267;1304;339459;333801;22675;82.4;81.0;5.5
40;2021-10-28;81;98;682;339540;333899;23357;82.4;81.0;5.7
40;2021-10-29;134;190;1129;339674;334089;24486;82.4;81.1;5.9
40;2021-10-30;106;151;383;339780;334240;24869;82.5;81.1;6.0
40;2021-10-31;2;5;5;339782;334245;24874;82.5;81.1;6.0
40;2021-11-01;8;7;7;339790;334252;24881;82.5;81.1;6.0
40;2021-11-02;90;154;689;339880;334406;25570;82.5;81.2;6.2
40;2021-11-03;161;197;1455;340041;334603;27025;82.5;81.2;6.6
40;2021-11-04;105;130;913;340146;334733;27938;82.6;81.3;6.8
40;2021-11-05;116;168;1438;340262;334901;29376;82.6;81.3;7.1
40;2021-11-06;74;90;376;340336;334991;29752;82.6;81.3;7.2
40;2021-11-07;0;6;3;340336;334997;29755;82.6;81.3;7.2
40;2021-11-08;69;105;968;340405;335102;30723;82.6;81.3;7.5
40;2021-11-09;108;147;1485;340513;335249;32208;82.7;81.4;7.8
40;2021-11-10;149;198;1873;340662;335447;34081;82.7;81.4;8.3
40;2021-11-11;27;20;140;340689;335467;34221;82.7;81.4;8.3
40;2021-11-12;154;207;1927;340843;335674;36148;82.7;81.5;8.8
40;2021-11-13;66;103;450;340909;335777;36598;82.7;81.5;8.9
40;2021-11-14;1;7;6;340910;335784;36604;82.7;81.5;8.9
40;2021-11-15;100;86;1069;341010;335870;37673;82.8;81.5;9.1
40;2021-11-16;109;102;1911;341119;335972;39584;82.8;81.6;9.6
40;2021-11-17;166;167;2005;341285;336139;41589;82.8;81.6;10.1
40;2021-11-18;106;109;1638;341391;336248;43227;82.9;81.6;10.5
40;2021-11-19;163;195;2286;341554;336443;45513;82.9;81.7;11.0
40;2021-11-20;115;150;721;341669;336593;46234;82.9;81.7;11.2
40;2021-11-21;1;7;3;341670;336600;46237;82.9;81.7;11.2
40;2021-11-22;69;46;1347;341739;336646;47584;83.0;81.7;11.6
40;2021-11-23;137;108;2196;341876;336754;49780;83.0;81.7;12.1
40;2021-11-24;202;208;2247;342078;336962;52027;83.0;81.8;12.6
40;2021-11-25;115;119;2041;342193;337081;54068;83.1;81.8;13.1
40;2021-11-26;158;193;2984;342351;337274;57052;83.1;81.9;13.8
40;2021-11-27;81;112;903;342432;337386;57955;83.1;81.9;14.1
40;2021-11-28;9;8;266;342441;337394;58221;83.1;81.9;14.1
40;2021-11-29;69;98;2419;342510;337492;60640;83.1;81.9;14.7
40;2021-11-30;163;128;3673;342673;337620;64313;83.2;82.0;15.6
40;2021-12-01;132;172;4083;342805;337792;68396;83.2;82.0;16.6
40;2021-12-02;96;108;4212;342901;337900;72608;83.2;82.0;17.6
40;2021-12-03;135;206;4712;343036;338106;77320;83.3;82.1;18.8
40;2021-12-04;72;96;1558;343108;338202;78878;83.3;82.1;19.1
40;2021-12-05;9;9;267;343117;338211;79145;83.3;82.1;19.2
40;2021-12-06;125;156;4114;343242;338367;83259;83.3;82.1;20.2
40;2021-12-07;129;162;5666;343371;338529;88925;83.3;82.2;21.6
40;2021-12-08;138;184;4785;343509;338713;93710;83.4;82.2;22.7
40;2021-12-09;120;132;5924;343629;338845;99634;83.4;82.2;24.2
41;2020-12-27;0;0;0;0;0;0;0.0;0.0;0.0
41;2020-12-28;0;0;0;0;0;0;0.0;0.0;0.0
41;2020-12-29;1;0;0;1;0;0;0.0;0.0;0.0
41;2020-12-30;0;0;0;1;0;0;0.0;0.0;0.0
41;2020-12-31;0;0;0;1;0;0;0.0;0.0;0.0
41;2021-01-01;1;0;0;2;0;0;0.0;0.0;0.0
41;2021-01-02;0;0;0;2;0;0;0.0;0.0;0.0
41;2021-01-03;0;0;0;2;0;0;0.0;0.0;0.0
41;2021-01-04;0;0;0;2;0;0;0.0;0.0;0.0
41;2021-01-05;39;0;0;41;0;0;0.0;0.0;0.0
41;2021-01-06;51;0;0;92;0;0;0.0;0.0;0.0
41;2021-01-07;30;0;0;122;0;0;0.0;0.0;0.0
41;2021-01-08;10;0;0;132;0;0;0.0;0.0;0.0
41;2021-01-09;5;0;0;137;0;0;0.0;0.0;0.0
41;2021-01-10;2;0;0;139;0;0;0.0;0.0;0.0
41;2021-01-11;150;0;0;289;0;0;0.1;0.0;0.0
41;2021-01-12;318;1;0;607;1;0;0.2;0.0;0.0
41;2021-01-13;295;1;0;902;2;0;0.3;0.0;0.0
41;2021-01-14;307;2;0;1209;4;0;0.4;0.0;0.0
41;2021-01-15;236;2;0;1445;6;0;0.4;0.0;0.0
41;2021-01-16;3;0;0;1448;6;0;0.4;0.0;0.0
41;2021-01-17;17;0;0;1465;6;0;0.4;0.0;0.0
41;2021-01-18;412;1;0;1877;7;0;0.6;0.0;0.0
41;2021-01-19;843;2;0;2720;9;0;0.8;0.0;0.0
41;2021-01-20;1101;6;0;3821;15;0;1.2;0.0;0.0
41;2021-01-21;1512;10;0;5333;25;0;1.6;0.0;0.0
41;2021-01-22;858;1;0;6191;26;0;1.9;0.0;0.0
41;2021-01-23;91;0;0;6282;26;0;1.9;0.0;0.0
41;2021-01-24;2;0;0;6284;26;0;1.9;0.0;0.0
41;2021-01-25;414;4;0;6698;30;0;2.0;0.0;0.0
41;2021-01-26;534;9;0;7232;39;0;2.2;0.0;0.0
41;2021-01-27;439;3;0;7671;42;0;2.3;0.0;0.0
41;2021-01-28;606;63;0;8277;105;0;2.5;0.0;0.0
41;2021-01-29;280;27;0;8557;132;0;2.6;0.0;0.0
41;2021-01-30;9;2;0;8566;134;0;2.6;0.0;0.0
41;2021-01-31;0;0;0;8566;134;0;2.6;0.0;0.0
41;2021-02-01;346;143;0;8912;277;0;2.7;0.1;0.0
41;2021-02-02;458;239;0;9370;516;0;2.9;0.2;0.0
41;2021-02-03;364;214;0;9734;730;0;3.0;0.2;0.0
41;2021-02-04;499;189;0;10233;919;0;3.1;0.3;0.0
41;2021-02-05;360;208;0;10593;1127;0;3.2;0.3;0.0
41;2021-02-06;10;5;0;10603;1132;0;3.2;0.3;0.0
41;2021-02-07;4;1;0;10607;1133;0;3.2;0.3;0.0
41;2021-02-08;334;299;0;10941;1432;0;3.3;0.4;0.0
41;2021-02-09;548;433;0;11489;1865;0;3.5;0.6;0.0
41;2021-02-10;501;651;0;11990;2516;0;3.7;0.8;0.0
41;2021-02-11;987;1082;0;12977;3598;0;4.0;1.1;0.0
41;2021-02-12;671;364;0;13648;3962;0;4.2;1.2;0.0
41;2021-02-13;17;14;0;13665;3976;0;4.2;1.2;0.0
41;2021-02-14;1;41;0;13666;4017;0;4.2;1.2;0.0
41;2021-02-15;323;320;0;13989;4337;0;4.3;1.3;0.0
41;2021-02-16;363;556;0;14352;4893;0;4.4;1.5;0.0
41;2021-02-17;344;475;0;14696;5368;0;4.5;1.6;0.0
41;2021-02-18;582;384;0;15278;5752;0;4.7;1.8;0.0
41;2021-02-19;460;352;0;15738;6104;0;4.8;1.9;0.0
41;2021-02-20;82;56;0;15820;6160;0;4.8;1.9;0.0
41;2021-02-21;0;0;0;15820;6160;0;4.8;1.9;0.0
41;2021-02-22;339;411;0;16159;6571;0;4.9;2.0;0.0
41;2021-02-23;482;351;0;16641;6922;0;5.1;2.1;0.0
41;2021-02-24;317;452;0;16958;7374;0;5.2;2.2;0.0
41;2021-02-25;667;469;0;17625;7843;0;5.4;2.4;0.0
41;2021-02-26;638;271;0;18263;8114;0;5.6;2.5;0.0
41;2021-02-27;178;15;0;18441;8129;0;5.6;2.5;0.0
41;2021-02-28;3;30;0;18444;8159;0;5.6;2.5;0.0
41;2021-03-01;332;335;0;18776;8494;0;5.7;2.6;0.0
41;2021-03-02;595;426;0;19371;8920;0;5.9;2.7;0.0
41;2021-03-03;534;466;0;19905;9386;0;6.1;2.9;0.0
41;2021-03-04;794;791;0;20699;10177;0;6.3;3.1;0.0
41;2021-03-05;858;652;0;21557;10829;0;6.6;3.3;0.0
41;2021-03-06;746;24;0;22303;10853;0;6.8;3.3;0.0
41;2021-03-07;468;26;0;22771;10879;0;6.9;3.3;0.0
41;2021-03-08;312;377;0;23083;11256;0;7.0;3.4;0.0
41;2021-03-09;1042;448;0;24125;11704;0;7.4;3.6;0.0
41;2021-03-10;776;464;0;24901;12168;0;7.6;3.7;0.0
41;2021-03-11;1176;677;0;26077;12845;0;8.0;3.9;0.0
41;2021-03-12;1188;414;0;27265;13259;0;8.3;4.0;0.0
41;2021-03-13;1192;26;0;28457;13285;0;8.7;4.1;0.0
41;2021-03-14;357;6;0;28814;13291;0;8.8;4.1;0.0
41;2021-03-15;786;353;0;29600;13644;0;9.0;4.2;0.0
41;2021-03-16;941;420;0;30541;14064;0;9.3;4.3;0.0
41;2021-03-17;585;256;0;31126;14320;0;9.5;4.4;0.0
41;2021-03-18;881;397;0;32007;14717;0;9.8;4.5;0.0
41;2021-03-19;915;332;0;32922;15049;0;10.0;4.6;0.0
41;2021-03-20;531;22;0;33453;15071;0;10.2;4.6;0.0
41;2021-03-21;8;0;0;33461;15071;0;10.2;4.6;0.0
41;2021-03-22;781;312;0;34242;15383;0;10.4;4.7;0.0
41;2021-03-23;1201;521;0;35443;15904;0;10.8;4.9;0.0
41;2021-03-24;1254;397;0;36697;16301;0;11.2;5.0;0.0
41;2021-03-25;1890;420;0;38587;16721;0;11.8;5.1;0.0
41;2021-03-26;1576;337;0;40163;17058;0;12.3;5.2;0.0
41;2021-03-27;467;68;0;40630;17126;0;12.4;5.2;0.0
41;2021-03-28;7;1;0;40637;17127;0;12.4;5.2;0.0
41;2021-03-29;928;312;0;41565;17439;0;12.7;5.3;0.0
41;2021-03-30;1462;540;0;43027;17979;0;13.1;5.5;0.0
41;2021-03-31;1141;516;0;44168;18495;0;13.5;5.6;0.0
41;2021-04-01;2102;540;0;46270;19035;0;14.1;5.8;0.0
41;2021-04-02;1251;469;0;47521;19504;0;14.5;5.9;0.0
41;2021-04-03;347;28;0;47868;19532;0;14.6;6.0;0.0
41;2021-04-04;54;3;0;47922;19535;0;14.6;6.0;0.0
41;2021-04-05;141;2;0;48063;19537;0;14.7;6.0;0.0
41;2021-04-06;1299;607;0;49362;20144;0;15.1;6.1;0.0
41;2021-04-07;1857;666;0;51219;20810;0;15.6;6.3;0.0
41;2021-04-08;2219;882;0;53438;21692;0;16.3;6.6;0.0
41;2021-04-09;2522;603;0;55960;22295;0;17.1;6.8;0.0
41;2021-04-10;1052;465;0;57012;22760;0;17.4;6.9;0.0
41;2021-04-11;292;346;0;57304;23106;0;17.5;7.0;0.0
41;2021-04-12;1713;635;0;59017;23741;0;18.0;7.2;0.0
41;2021-04-13;2245;893;0;61262;24634;0;18.7;7.5;0.0
41;2021-04-14;1843;554;0;63105;25188;0;19.2;7.7;0.0
41;2021-04-15;2395;933;0;65500;26121;0;20.0;8.0;0.0
41;2021-04-16;1983;619;0;67483;26740;0;20.6;8.2;0.0
41;2021-04-17;760;120;0;68243;26860;0;20.8;8.2;0.0
41;2021-04-18;26;9;0;68269;26869;0;20.8;8.2;0.0
41;2021-04-19;1299;665;0;69568;27534;0;21.2;8.4;0.0
41;2021-04-20;1962;1039;0;71530;28573;0;21.8;8.7;0.0
41;2021-04-21;1548;829;0;73078;29402;0;22.3;9.0;0.0
41;2021-04-22;2196;1387;0;75274;30789;0;23.0;9.4;0.0
41;2021-04-23;1737;1023;0;77011;31812;0;23.5;9.7;0.0
41;2021-04-24;1422;279;0;78433;32091;0;23.9;9.8;0.0
41;2021-04-25;791;15;0;79224;32106;0;24.2;9.8;0.0
41;2021-04-26;1380;638;0;80604;32744;0;24.6;10.0;0.0
41;2021-04-27;2109;1027;0;82713;33771;0;25.2;10.3;0.0
41;2021-04-28;1621;894;0;84334;34665;0;25.7;10.6;0.0
41;2021-04-29;2203;1311;0;86537;35976;0;26.4;11.0;0.0
41;2021-04-30;1995;871;0;88532;36847;0;27.0;11.2;0.0
41;2021-05-01;215;26;0;88747;36873;0;27.1;11.2;0.0
41;2021-05-02;134;22;0;88881;36895;0;27.1;11.3;0.0
41;2021-05-03;1824;951;0;90705;37846;0;27.7;11.5;0.0
41;2021-05-04;2043;1527;0;92748;39373;0;28.3;12.0;0.0
41;2021-05-05;1923;1228;0;94671;40601;0;28.9;12.4;0.0
41;2021-05-06;2350;1654;0;97021;42255;0;29.6;12.9;0.0
41;2021-05-07;2003;1814;0;99024;44069;0;30.2;13.4;0.0
41;2021-05-08;227;172;0;99251;44241;0;30.3;13.5;0.0
41;2021-05-09;34;373;0;99285;44614;0;30.3;13.6;0.0
41;2021-05-10;1585;1594;0;100870;46208;0;30.8;14.1;0.0
41;2021-05-11;1998;2056;0;102868;48264;0;31.4;14.7;0.0
41;2021-05-12;1953;1688;0;104821;49952;0;32.0;15.2;0.0
41;2021-05-13;1283;897;0;106104;50849;0;32.4;15.5;0.0
41;2021-05-14;1570;1345;0;107674;52194;0;32.8;15.9;0.0
41;2021-05-15;381;354;0;108055;52548;0;33.0;16.0;0.0
41;2021-05-16;41;13;0;108096;52561;0;33.0;16.0;0.0
41;2021-05-17;2366;620;0;110462;53181;0;33.7;16.2;0.0
41;2021-05-18;3027;1000;0;113489;54181;0;34.6;16.5;0.0
41;2021-05-19;2534;725;0;116023;54906;0;35.4;16.7;0.0
41;2021-05-20;3129;1106;0;119152;56012;0;36.3;17.1;0.0
41;2021-05-21;2559;1013;0;121711;57025;0;37.1;17.4;0.0
41;2021-05-22;527;259;0;122238;57284;0;37.3;17.5;0.0
41;2021-05-23;40;10;0;122278;57294;0;37.3;17.5;0.0
41;2021-05-24;2195;130;0;124473;57424;0;38.0;17.5;0.0
41;2021-05-25;2777;640;0;127250;58064;0;38.8;17.7;0.0
41;2021-05-26;2823;753;0;130073;58817;0;39.7;17.9;0.0
41;2021-05-27;3050;1169;0;133123;59986;0;40.6;18.3;0.0
41;2021-05-28;2977;1115;0;136100;61101;0;41.5;18.6;0.0
41;2021-05-29;2044;480;0;138144;61581;0;42.1;18.8;0.0
41;2021-05-30;316;41;0;138460;61622;0;42.2;18.8;0.0
41;2021-05-31;1839;1572;0;140299;63194;0;42.8;19.3;0.0
41;2021-06-01;2324;1933;0;142623;65127;0;43.5;19.9;0.0
41;2021-06-02;1976;1330;0;144599;66457;0;44.1;20.3;0.0
41;2021-06-03;2637;1889;0;147236;68346;0;44.9;20.8;0.0
41;2021-06-04;2322;1966;0;149558;70312;0;45.6;21.4;0.0
41;2021-06-05;888;1405;0;150446;71717;0;45.9;21.9;0.0
41;2021-06-06;135;742;0;150581;72459;0;45.9;22.1;0.0
41;2021-06-07;1664;1641;0;152245;74100;0;46.4;22.6;0.0
41;2021-06-08;1886;2326;0;154131;76426;0;47.0;23.3;0.0
41;2021-06-09;1816;1655;0;155947;78081;0;47.6;23.8;0.0
41;2021-06-10;2139;1810;0;158086;79891;0;48.2;24.4;0.0
41;2021-06-11;1738;1834;0;159824;81725;0;48.8;24.9;0.0
41;2021-06-12;912;738;0;160736;82463;0;49.0;25.2;0.0
41;2021-06-13;59;83;0;160795;82546;0;49.0;25.2;0.0
41;2021-06-14;1465;1988;0;162260;84534;0;49.5;25.8;0.0
41;2021-06-15;1986;2680;0;164246;87214;0;50.1;26.6;0.0
41;2021-06-16;1916;2332;0;166162;89546;0;50.7;27.3;0.0
41;2021-06-17;2009;2480;0;168171;92026;0;51.3;28.1;0.0
41;2021-06-18;1801;2360;0;169972;94386;0;51.8;28.8;0.0
41;2021-06-19;667;612;0;170639;94998;0;52.1;29.0;0.0
41;2021-06-20;33;49;0;170672;95047;0;52.1;29.0;0.0
41;2021-06-21;1439;1830;0;172111;96877;0;52.5;29.6;0.0
41;2021-06-22;1705;2473;0;173816;99350;0;53.0;30.3;0.0
41;2021-06-23;1519;2062;0;175335;101412;0;53.5;30.9;0.0
41;2021-06-24;1495;2164;0;176830;103576;0;53.9;31.6;0.0
41;2021-06-25;1342;2605;0;178172;106181;0;54.3;32.4;0.0
41;2021-06-26;614;780;0;178786;106961;0;54.5;32.6;0.0
41;2021-06-27;13;50;0;178799;107011;0;54.5;32.6;0.0
41;2021-06-28;569;2713;0;179368;109724;0;54.7;33.5;0.0
41;2021-06-29;823;3367;0;180191;113091;0;55.0;34.5;0.0
41;2021-06-30;730;3075;0;180921;116166;0;55.2;35.4;0.0
41;2021-07-01;876;3019;0;181797;119185;0;55.5;36.4;0.0
41;2021-07-02;791;3382;0;182588;122567;0;55.7;37.4;0.0
41;2021-07-03;404;853;0;182992;123420;0;55.8;37.6;0.0
41;2021-07-04;14;36;0;183006;123456;0;55.8;37.7;0.0
41;2021-07-05;539;2823;0;183545;126279;0;56.0;38.5;0.0
41;2021-07-06;825;3476;0;184370;129755;0;56.2;39.6;0.0
41;2021-07-07;742;3155;0;185112;132910;0;56.5;40.5;0.0
41;2021-07-08;1125;3378;0;186237;136288;0;56.8;41.6;0.0
41;2021-07-09;760;3631;0;186997;139919;0;57.0;42.7;0.0
41;2021-07-10;437;2183;0;187434;142102;0;57.2;43.3;0.0
41;2021-07-11;18;287;0;187452;142389;0;57.2;43.4;0.0
41;2021-07-12;991;2586;0;188443;144975;0;57.5;44.2;0.0
41;2021-07-13;1371;3481;0;189814;148456;0;57.9;45.3;0.0
41;2021-07-14;247;1058;0;190061;149514;0;58.0;45.6;0.0
41;2021-07-15;1543;3485;0;191604;152999;0;58.4;46.7;0.0
41;2021-07-16;1330;3496;0;192934;156495;0;58.9;47.7;0.0
41;2021-07-17;602;1107;0;193536;157602;0;59.0;48.1;0.0
41;2021-07-18;55;67;0;193591;157669;0;59.1;48.1;0.0
41;2021-07-19;1366;2537;0;194957;160206;0;59.5;48.9;0.0
41;2021-07-20;1825;2930;0;196782;163136;0;60.0;49.8;0.0
41;2021-07-21;2011;2454;0;198793;165590;0;60.6;50.5;0.0
41;2021-07-22;2495;2592;0;201288;168182;0;61.4;51.3;0.0
41;2021-07-23;2307;2723;0;203595;170905;0;62.1;52.1;0.0
41;2021-07-24;538;1229;0;204133;172134;0;62.3;52.5;0.0
41;2021-07-25;58;50;0;204191;172184;0;62.3;52.5;0.0
41;2021-07-26;1947;2017;0;206138;174201;0;62.9;53.1;0.0
41;2021-07-27;2708;2506;0;208846;176707;0;63.7;53.9;0.0
41;2021-07-28;2445;2068;0;211291;178775;0;64.5;54.5;0.0
41;2021-07-29;2559;2268;0;213850;181043;0;65.2;55.2;0.0
41;2021-07-30;2316;2310;0;216166;183353;0;65.9;55.9;0.0
41;2021-07-31;678;815;0;216844;184168;0;66.1;56.2;0.0
41;2021-08-01;54;30;0;216898;184198;0;66.2;56.2;0.0
41;2021-08-02;1661;1843;0;218559;186041;0;66.7;56.7;0.0
41;2021-08-03;2606;2016;0;221165;188057;0;67.5;57.4;0.0
41;2021-08-04;2537;1404;0;223702;189461;0;68.2;57.8;0.0
41;2021-08-05;2891;1380;0;226593;190841;0;69.1;58.2;0.0
41;2021-08-06;2217;1361;0;228810;192202;0;69.8;58.6;0.0
41;2021-08-07;640;441;0;229450;192643;0;70.0;58.8;0.0
41;2021-08-08;46;39;0;229496;192682;0;70.0;58.8;0.0
41;2021-08-09;1688;1363;0;231184;194045;0;70.5;59.2;0.0
41;2021-08-10;2387;1488;0;233571;195533;0;71.2;59.6;0.0
41;2021-08-11;1553;1538;0;235124;197071;0;71.7;60.1;0.0
41;2021-08-12;1858;1460;0;236982;198531;0;72.3;60.6;0.0
41;2021-08-13;1427;1713;0;238409;200244;0;72.7;61.1;0.0
41;2021-08-14;410;344;0;238819;200588;0;72.8;61.2;0.0
41;2021-08-15;13;28;0;238832;200616;0;72.9;61.2;0.0
41;2021-08-16;889;2059;0;239721;202675;0;73.1;61.8;0.0
41;2021-08-17;1445;1819;0;241166;204494;0;73.6;62.4;0.0
41;2021-08-18;1170;2106;0;242336;206600;0;73.9;63.0;0.0
41;2021-08-19;1207;1734;0;243543;208334;0;74.3;63.5;0.0
41;2021-08-20;945;2384;0;244488;210718;0;74.6;64.3;0.0
41;2021-08-21;233;410;0;244721;211128;0;74.6;64.4;0.0
41;2021-08-22;7;54;0;244728;211182;0;74.6;64.4;0.0
41;2021-08-23;696;2288;0;245424;213470;0;74.9;65.1;0.0
41;2021-08-24;1223;2247;0;246647;215717;0;75.2;65.8;0.0
41;2021-08-25;643;2285;0;247290;218002;0;75.4;66.5;0.0
41;2021-08-26;774;2627;0;248064;220629;0;75.7;67.3;0.0
41;2021-08-27;619;2757;0;248683;223386;0;75.9;68.1;0.0
41;2021-08-28;141;773;0;248824;224159;0;75.9;68.4;0.0
41;2021-08-29;43;44;0;248867;224203;0;75.9;68.4;0.0
41;2021-08-30;712;2192;8;249579;226395;8;76.1;69.1;0.0
41;2021-08-31;708;2458;45;250287;228853;53;76.3;69.8;0.0
41;2021-09-01;569;1861;118;250856;230714;171;76.5;70.4;0.1
41;2021-09-02;514;1924;120;251370;232638;291;76.7;71.0;0.1
41;2021-09-03;630;2056;125;252000;234694;416;76.9;71.6;0.1
41;2021-09-04;232;728;39;252232;235422;455;76.9;71.8;0.1
41;2021-09-05;7;24;6;252239;235446;461;76.9;71.8;0.1
41;2021-09-06;316;1032;145;252555;236478;606;77.0;72.1;0.2
41;2021-09-07;389;1130;174;252944;237608;780;77.2;72.5;0.2
41;2021-09-08;376;1281;116;253320;238889;896;77.3;72.9;0.3
41;2021-09-09;302;1102;143;253622;239991;1039;77.4;73.2;0.3
41;2021-09-10;434;1251;191;254056;241242;1230;77.5;73.6;0.4
41;2021-09-11;155;528;30;254211;241770;1260;77.5;73.7;0.4
41;2021-09-12;5;8;1;254216;241778;1261;77.5;73.7;0.4
41;2021-09-13;236;637;247;254452;242415;1508;77.6;73.9;0.5
41;2021-09-14;333;734;254;254785;243149;1762;77.7;74.2;0.5
41;2021-09-15;297;1129;244;255082;244278;2006;77.8;74.5;0.6
41;2021-09-16;241;800;237;255323;245078;2243;77.9;74.8;0.7
41;2021-09-17;379;738;282;255702;245816;2525;78.0;75.0;0.8
41;2021-09-18;129;262;21;255831;246078;2546;78.0;75.1;0.8
41;2021-09-19;3;19;0;255834;246097;2546;78.0;75.1;0.8
41;2021-09-20;189;562;260;256023;246659;2806;78.1;75.2;0.9
41;2021-09-21;180;487;288;256203;247146;3094;78.1;75.4;0.9
41;2021-09-22;278;876;347;256481;248022;3441;78.2;75.7;1.0
41;2021-09-23;223;612;589;256704;248634;4030;78.3;75.8;1.2
41;2021-09-24;315;648;469;257019;249282;4499;78.4;76.0;1.4
41;2021-09-25;104;322;83;257123;249604;4582;78.4;76.1;1.4
41;2021-09-26;0;9;6;257123;249613;4588;78.4;76.1;1.4
41;2021-09-27;162;380;292;257285;249993;4880;78.5;76.3;1.5
41;2021-09-28;163;395;399;257448;250388;5279;78.5;76.4;1.6
41;2021-09-29;176;530;280;257624;250918;5559;78.6;76.5;1.7
41;2021-09-30;117;326;482;257741;251244;6041;78.6;76.6;1.8
41;2021-10-01;232;406;379;257973;251650;6420;78.7;76.8;2.0
41;2021-10-02;100;196;65;258073;251846;6485;78.7;76.8;2.0
41;2021-10-03;4;5;1;258077;251851;6486;78.7;76.8;2.0
41;2021-10-04;117;259;394;258194;252110;6880;78.8;76.9;2.1
41;2021-10-05;122;262;547;258316;252372;7427;78.8;77.0;2.3
41;2021-10-06;238;433;523;258554;252805;7950;78.9;77.1;2.4
41;2021-10-07;119;178;538;258673;252983;8488;78.9;77.2;2.6
41;2021-10-08;201;475;635;258874;253458;9123;79.0;77.3;2.8
41;2021-10-09;80;219;135;258954;253677;9258;79.0;77.4;2.8
41;2021-10-10;4;13;3;258958;253690;9261;79.0;77.4;2.8
41;2021-10-11;124;218;461;259082;253908;9722;79.0;77.4;3.0
41;2021-10-12;71;169;404;259153;254077;10126;79.0;77.5;3.1
41;2021-10-13;188;315;522;259341;254392;10648;79.1;77.6;3.2
41;2021-10-14;77;133;434;259418;254525;11082;79.1;77.6;3.4
41;2021-10-15;175;458;675;259593;254983;11757;79.2;77.8;3.6
41;2021-10-16;54;114;107;259647;255097;11864;79.2;77.8;3.6
41;2021-10-17;1;3;1;259648;255100;11865;79.2;77.8;3.6
41;2021-10-18;140;221;503;259788;255321;12368;79.2;77.9;3.8
41;2021-10-19;76;146;440;259864;255467;12808;79.3;77.9;3.9
41;2021-10-20;166;269;674;260030;255736;13482;79.3;78.0;4.1
41;2021-10-21;62;72;340;260092;255808;13822;79.3;78.0;4.2
41;2021-10-22;125;315;682;260217;256123;14504;79.4;78.1;4.4
41;2021-10-23;52;69;149;260269;256192;14653;79.4;78.1;4.5
41;2021-10-24;2;5;1;260271;256197;14654;79.4;78.1;4.5
41;2021-10-25;137;157;622;260408;256354;15276;79.4;78.2;4.7
41;2021-10-26;72;88;430;260480;256442;15706;79.5;78.2;4.8
41;2021-10-27;170;235;824;260650;256677;16530;79.5;78.3;5.0
41;2021-10-28;57;137;290;260707;256814;16820;79.5;78.3;5.1
41;2021-10-29;149;232;900;260856;257046;17720;79.6;78.4;5.4
41;2021-10-30;35;55;142;260891;257101;17862;79.6;78.4;5.4
41;2021-10-31;2;7;0;260893;257108;17862;79.6;78.4;5.4
41;2021-11-01;4;10;10;260897;257118;17872;79.6;78.4;5.5
41;2021-11-02;42;81;268;260939;257199;18140;79.6;78.5;5.5
41;2021-11-03;116;179;586;261055;257378;18726;79.6;78.5;5.7
41;2021-11-04;55;79;435;261110;257457;19161;79.6;78.5;5.8
41;2021-11-05;127;204;1223;261237;257661;20384;79.7;78.6;6.2
41;2021-11-06;60;75;315;261297;257736;20699;79.7;78.6;6.3
41;2021-11-07;0;7;8;261297;257743;20707;79.7;78.6;6.3
41;2021-11-08;59;160;1132;261356;257903;21839;79.7;78.7;6.7
41;2021-11-09;75;79;793;261431;257982;22632;79.7;78.7;6.9
41;2021-11-10;102;139;998;261533;258121;23630;79.8;78.7;7.2
41;2021-11-11;0;11;15;261533;258132;23645;79.8;78.7;7.2
41;2021-11-12;98;121;925;261631;258253;24570;79.8;78.8;7.5
41;2021-11-13;57;83;287;261688;258336;24857;79.8;78.8;7.6
41;2021-11-14;4;6;5;261692;258342;24862;79.8;78.8;7.6
41;2021-11-15;81;85;978;261773;258427;25840;79.8;78.8;7.9
41;2021-11-16;72;68;1174;261845;258495;27014;79.9;78.8;8.2
41;2021-11-17;117;158;1105;261962;258653;28119;79.9;78.9;8.6
41;2021-11-18;98;114;1132;262060;258767;29251;79.9;78.9;8.9
41;2021-11-19;123;125;1525;262183;258892;30776;80.0;79.0;9.4
41;2021-11-20;78;80;498;262261;258972;31274;80.0;79.0;9.5
41;2021-11-21;2;2;28;262263;258974;31302;80.0;79.0;9.5
41;2021-11-22;70;61;1321;262333;259035;32623;80.0;79.0;10.0
41;2021-11-23;81;66;1185;262414;259101;33808;80.0;79.0;10.3
41;2021-11-24;116;109;1476;262530;259210;35284;80.1;79.1;10.8
41;2021-11-25;87;74;1406;262617;259284;36690;80.1;79.1;11.2
41;2021-11-26;138;137;2500;262755;259421;39190;80.1;79.1;12.0
41;2021-11-27;82;79;815;262837;259500;40005;80.2;79.2;12.2
41;2021-11-28;2;5;30;262839;259505;40035;80.2;79.2;12.2
41;2021-11-29;77;65;2310;262916;259570;42345;80.2;79.2;12.9
41;2021-11-30;64;83;1844;262980;259653;44189;80.2;79.2;13.5
41;2021-12-01;88;115;3241;263068;259768;47430;80.2;79.2;14.5
41;2021-12-02;93;72;2890;263161;259840;50320;80.3;79.3;15.3
41;2021-12-03;88;106;3508;263249;259946;53828;80.3;79.3;16.4
41;2021-12-04;57;83;1279;263306;260029;55107;80.3;79.3;16.8
41;2021-12-05;12;8;223;263318;260037;55330;80.3;79.3;16.9
41;2021-12-06;50;61;3552;263368;260098;58882;80.3;79.3;18.0
41;2021-12-07;102;119;4398;263470;260217;63280;80.4;79.4;19.3
41;2021-12-08;96;119;3908;263566;260336;67188;80.4;79.4;20.5
41;2021-12-09;100;103;4157;263666;260439;71345;80.4;79.4;21.8
42;2020-12-27;0;0;0;0;0;0;0.0;0.0;0.0
42;2020-12-28;3;0;0;3;0;0;0.0;0.0;0.0
42;2020-12-29;1;0;0;4;0;0;0.0;0.0;0.0
42;2020-12-30;0;0;0;4;0;0;0.0;0.0;0.0
42;2020-12-31;0;0;0;4;0;0;0.0;0.0;0.0
42;2021-01-01;0;0;0;4;0;0;0.0;0.0;0.0
42;2021-01-02;0;0;0;4;0;0;0.0;0.0;0.0
42;2021-01-03;0;0;0;4;0;0;0.0;0.0;0.0
42;2021-01-04;1;0;0;5;0;0;0.0;0.0;0.0
42;2021-01-05;3;0;0;8;0;0;0.0;0.0;0.0
42;2021-01-06;168;1;0;176;1;0;0.0;0.0;0.0
42;2021-01-07;252;0;0;428;1;0;0.1;0.0;0.0
42;2021-01-08;260;4;0;688;5;0;0.1;0.0;0.0
42;2021-01-09;130;1;0;818;6;0;0.1;0.0;0.0
42;2021-01-10;0;0;0;818;6;0;0.1;0.0;0.0
42;2021-01-11;282;2;0;1100;8;0;0.1;0.0;0.0
42;2021-01-12;403;1;0;1503;9;0;0.2;0.0;0.0
42;2021-01-13;501;2;0;2004;11;0;0.3;0.0;0.0
42;2021-01-14;755;5;0;2759;16;0;0.4;0.0;0.0
42;2021-01-15;693;3;0;3452;19;0;0.5;0.0;0.0
42;2021-01-16;281;2;0;3733;21;0;0.5;0.0;0.0
42;2021-01-17;211;0;0;3944;21;0;0.5;0.0;0.0
42;2021-01-18;952;0;0;4896;21;0;0.6;0.0;0.0
42;2021-01-19;1262;10;0;6158;31;0;0.8;0.0;0.0
42;2021-01-20;938;4;0;7096;35;0;0.9;0.0;0.0
42;2021-01-21;992;3;0;8088;38;0;1.1;0.0;0.0
42;2021-01-22;962;6;0;9050;44;0;1.2;0.0;0.0
42;2021-01-23;400;0;0;9450;44;0;1.2;0.0;0.0
42;2021-01-24;346;0;0;9796;44;0;1.3;0.0;0.0
42;2021-01-25;1090;11;0;10886;55;0;1.4;0.0;0.0
42;2021-01-26;1666;18;0;12552;73;0;1.6;0.0;0.0
42;2021-01-27;1410;118;0;13962;191;0;1.8;0.0;0.0
42;2021-01-28;1616;137;0;15578;328;0;2.0;0.0;0.0
42;2021-01-29;929;107;0;16507;435;0;2.2;0.1;0.0
42;2021-01-30;259;108;0;16766;543;0;2.2;0.1;0.0
42;2021-01-31;247;2;0;17013;545;0;2.2;0.1;0.0
42;2021-02-01;709;65;0;17722;610;0;2.3;0.1;0.0
42;2021-02-02;1809;307;0;19531;917;0;2.6;0.1;0.0
42;2021-02-03;1455;469;0;20986;1386;0;2.7;0.2;0.0
42;2021-02-04;1240;594;0;22226;1980;0;2.9;0.3;0.0
42;2021-02-05;694;492;0;22920;2472;0;3.0;0.3;0.0
42;2021-02-06;302;133;0;23222;2605;0;3.0;0.3;0.0
42;2021-02-07;251;143;0;23473;2748;0;3.1;0.4;0.0
42;2021-02-08;511;589;0;23984;3337;0;3.1;0.4;0.0
42;2021-02-09;710;792;0;24694;4129;0;3.2;0.5;0.0
42;2021-02-10;739;683;0;25433;4812;0;3.3;0.6;0.0
42;2021-02-11;754;713;0;26187;5525;0;3.4;0.7;0.0
42;2021-02-12;680;744;0;26867;6269;0;3.5;0.8;0.0
42;2021-02-13;310;258;0;27177;6527;0;3.6;0.9;0.0
42;2021-02-14;178;207;0;27355;6734;0;3.6;0.9;0.0
42;2021-02-15;516;791;0;27871;7525;0;3.6;1.0;0.0
42;2021-02-16;493;1153;0;28364;8678;0;3.7;1.1;0.0
42;2021-02-17;535;1470;0;28899;10148;0;3.8;1.3;0.0
42;2021-02-18;748;1330;0;29647;11478;0;3.9;1.5;0.0
42;2021-02-19;751;952;0;30398;12430;0;4.0;1.6;0.0
42;2021-02-20;228;411;0;30626;12841;0;4.0;1.7;0.0
42;2021-02-21;61;317;0;30687;13158;0;4.0;1.7;0.0
42;2021-02-22;534;906;0;31221;14064;0;4.1;1.8;0.0
42;2021-02-23;1158;1395;0;32379;15459;0;4.2;2.0;0.0
42;2021-02-24;1200;1209;0;33579;16668;0;4.4;2.2;0.0
42;2021-02-25;1583;1337;0;35162;18005;0;4.6;2.4;0.0
42;2021-02-26;1574;939;0;36736;18944;0;4.8;2.5;0.0
42;2021-02-27;520;270;0;37256;19214;0;4.9;2.5;0.0
42;2021-02-28;159;120;0;37415;19334;0;4.9;2.5;0.0
42;2021-03-01;786;807;0;38201;20141;0;5.0;2.6;0.0
42;2021-03-02;1254;810;0;39455;20951;0;5.2;2.7;0.0
42;2021-03-03;1396;819;0;40851;21770;0;5.3;2.8;0.0
42;2021-03-04;1686;742;0;42537;22512;0;5.6;2.9;0.0
42;2021-03-05;2498;672;0;45035;23184;0;5.9;3.0;0.0
42;2021-03-06;1810;281;0;46845;23465;0;6.1;3.1;0.0
42;2021-03-07;1357;95;0;48202;23560;0;6.3;3.1;0.0
42;2021-03-08;1350;527;0;49552;24087;0;6.5;3.1;0.0
42;2021-03-09;1964;481;0;51516;24568;0;6.7;3.2;0.0
42;2021-03-10;2072;541;0;53588;25109;0;7.0;3.3;0.0
42;2021-03-11;2975;646;0;56563;25755;0;7.4;3.4;0.0
42;2021-03-12;3004;833;0;59567;26588;0;7.8;3.5;0.0
42;2021-03-13;1491;347;0;61058;26935;0;8.0;3.5;0.0
42;2021-03-14;455;170;0;61513;27105;0;8.0;3.5;0.0
42;2021-03-15;1592;587;0;63105;27692;0;8.3;3.6;0.0
42;2021-03-16;1459;778;0;64564;28470;0;8.4;3.7;0.0
42;2021-03-17;1682;1021;0;66246;29491;0;8.7;3.9;0.0
42;2021-03-18;1787;977;0;68033;30468;0;8.9;4.0;0.0
42;2021-03-19;2547;689;0;70580;31157;0;9.2;4.1;0.0
42;2021-03-20;1581;230;0;72161;31387;0;9.4;4.1;0.0
42;2021-03-21;496;99;0;72657;31486;0;9.5;4.1;0.0
42;2021-03-22;1456;742;0;74113;32228;0;9.7;4.2;0.0
42;2021-03-23;2486;869;0;76599;33097;0;10.0;4.3;0.0
42;2021-03-24;2755;797;0;79354;33894;0;10.4;4.4;0.0
42;2021-03-25;3732;940;0;83086;34834;0;10.9;4.6;0.0
42;2021-03-26;3774;791;0;86860;35625;0;11.4;4.7;0.0
42;2021-03-27;1819;430;0;88679;36055;0;11.6;4.7;0.0
42;2021-03-28;998;203;0;89677;36258;0;11.7;4.7;0.0
42;2021-03-29;2092;920;0;91769;37178;0;12.0;4.9;0.0
42;2021-03-30;3185;867;0;94954;38045;0;12.4;5.0;0.0
42;2021-03-31;2497;1098;0;97451;39143;0;12.7;5.1;0.0
42;2021-04-01;3386;1049;0;100837;40192;0;13.2;5.3;0.0
42;2021-04-02;2862;1195;0;103699;41387;0;13.6;5.4;0.0
42;2021-04-03;1369;586;0;105068;41973;0;13.7;5.5;0.0
42;2021-04-04;1340;366;0;106408;42339;0;13.9;5.5;0.0
42;2021-04-05;1846;286;0;108254;42625;0;14.2;5.6;0.0
42;2021-04-06;2237;1413;0;110491;44038;0;14.4;5.8;0.0
42;2021-04-07;2691;1832;0;113182;45870;0;14.8;6.0;0.0
42;2021-04-08;3991;1587;0;117173;47457;0;15.3;6.2;0.0
42;2021-04-09;5044;1529;0;122217;48986;0;16.0;6.4;0.0
42;2021-04-10;2564;761;0;124781;49747;0;16.3;6.5;0.0
42;2021-04-11;1844;412;0;126625;50159;0;16.6;6.6;0.0
42;2021-04-12;3571;1546;0;130196;51705;0;17.0;6.8;0.0
42;2021-04-13;4425;1800;0;134621;53505;0;17.6;7.0;0.0
42;2021-04-14;4095;1879;0;138716;55384;0;18.1;7.2;0.0
42;2021-04-15;4618;1823;0;143334;57207;0;18.7;7.5;0.0
42;2021-04-16;4369;1872;0;147703;59079;0;19.3;7.7;0.0
42;2021-04-17;2778;1025;0;150481;60104;0;19.7;7.9;0.0
42;2021-04-18;1619;395;0;152100;60499;0;19.9;7.9;0.0
42;2021-04-19;2829;1522;0;154929;62021;0;20.3;8.1;0.0
42;2021-04-20;3283;1944;0;158212;63965;0;20.7;8.4;0.0
42;2021-04-21;3278;1777;0;161490;65742;0;21.1;8.6;0.0
42;2021-04-22;3519;1932;0;165009;67674;0;21.6;8.8;0.0
42;2021-04-23;3544;2025;0;168553;69699;0;22.0;9.1;0.0
42;2021-04-24;2124;1494;0;170677;71193;0;22.3;9.3;0.0
42;2021-04-25;1372;895;0;172049;72088;0;22.5;9.4;0.0
42;2021-04-26;2953;1734;0;175002;73822;0;22.9;9.7;0.0
42;2021-04-27;2993;2248;0;177995;76070;0;23.3;9.9;0.0
42;2021-04-28;3187;2592;0;181182;78662;0;23.7;10.3;0.0
42;2021-04-29;3594;2747;0;184776;81409;0;24.2;10.6;0.0
42;2021-04-30;3163;2996;0;187939;84405;0;24.6;11.0;0.0
42;2021-05-01;2588;1004;0;190527;85409;0;24.9;11.2;0.0
42;2021-05-02;1726;1218;0;192253;86627;0;25.1;11.3;0.0
42;2021-05-03;2721;2714;0;194974;89341;0;25.5;11.7;0.0
42;2021-05-04;3275;3079;0;198249;92420;0;25.9;12.1;0.0
42;2021-05-05;3175;3263;0;201424;95683;0;26.3;12.5;0.0
42;2021-05-06;3705;3669;0;205129;99352;0;26.8;13.0;0.0
42;2021-05-07;3508;3915;0;208637;103267;0;27.3;13.5;0.0
42;2021-05-08;2799;1006;0;211436;104273;0;27.6;13.6;0.0
42;2021-05-09;1434;2013;0;212870;106286;0;27.8;13.9;0.0
42;2021-05-10;3037;3680;0;215907;109966;0;28.2;14.4;0.0
42;2021-05-11;4963;3741;0;220870;113707;0;28.9;14.9;0.0
42;2021-05-12;4708;3419;0;225578;117126;0;29.5;15.3;0.0
42;2021-05-13;4910;1116;0;230488;118242;0;30.1;15.5;0.0
42;2021-05-14;4749;2772;0;235237;121014;0;30.8;15.8;0.0
42;2021-05-15;4273;1954;0;239510;122968;0;31.3;16.1;0.0
42;2021-05-16;2461;944;0;241971;123912;0;31.6;16.2;0.0
42;2021-05-17;5298;2706;0;247269;126618;0;32.3;16.6;0.0
42;2021-05-18;5603;2862;0;252872;129480;0;33.1;16.9;0.0
42;2021-05-19;5684;2617;0;258556;132097;0;33.8;17.3;0.0
42;2021-05-20;6076;2777;0;264632;134874;0;34.6;17.6;0.0
42;2021-05-21;5352;3076;0;269984;137950;0;35.3;18.0;0.0
42;2021-05-22;4322;1956;0;274306;139906;0;35.9;18.3;0.0
42;2021-05-23;2190;763;0;276496;140669;0;36.2;18.4;0.0
42;2021-05-24;3862;1228;0;280358;141897;0;36.7;18.6;0.0
42;2021-05-25;4329;3680;0;284687;145577;0;37.2;19.0;0.0
42;2021-05-26;4378;3197;0;289065;148774;0;37.8;19.5;0.0
42;2021-05-27;4646;3428;0;293711;152202;0;38.4;19.9;0.0
42;2021-05-28;4368;3949;0;298079;156151;0;39.0;20.4;0.0
42;2021-05-29;3326;2654;0;301405;158805;0;39.4;20.8;0.0
42;2021-05-30;1525;1067;0;302930;159872;0;39.6;20.9;0.0
42;2021-05-31;3655;3139;0;306585;163011;0;40.1;21.3;0.0
42;2021-06-01;4164;3384;0;310749;166395;0;40.6;21.8;0.0
42;2021-06-02;3906;2807;0;314655;169202;0;41.1;22.1;0.0
42;2021-06-03;4394;3634;0;319049;172836;0;41.7;22.6;0.0
42;2021-06-04;4348;3925;0;323397;176761;0;42.3;23.1;0.0
42;2021-06-05;2948;2152;0;326345;178913;0;42.7;23.4;0.0
42;2021-06-06;1207;1101;0;327552;180014;0;42.8;23.5;0.0
42;2021-06-07;3591;3062;0;331143;183076;0;43.3;23.9;0.0
42;2021-06-08;3202;3080;0;334345;186156;0;43.7;24.3;0.0
42;2021-06-09;2858;3006;0;337203;189162;0;44.1;24.7;0.0
42;2021-06-10;3104;2850;0;340307;192012;0;44.5;25.1;0.0
42;2021-06-11;3423;3844;0;343730;195856;0;44.9;25.6;0.0
42;2021-06-12;2508;2629;0;346238;198485;0;45.3;26.0;0.0
42;2021-06-13;884;1156;0;347122;199641;0;45.4;26.1;0.0
42;2021-06-14;2257;3829;0;349379;203470;0;45.7;26.6;0.0
42;2021-06-15;2690;3906;0;352069;207376;0;46.0;27.1;0.0
42;2021-06-16;2821;3381;0;354890;210757;0;46.4;27.6;0.0
42;2021-06-17;2527;3639;0;357417;214396;0;46.7;28.0;0.0
42;2021-06-18;3058;4868;0;360475;219264;0;47.1;28.7;0.0
42;2021-06-19;2507;3711;0;362982;222975;0;47.5;29.2;0.0
42;2021-06-20;809;1667;0;363791;224642;0;47.6;29.4;0.0
42;2021-06-21;1849;5688;0;365640;230330;0;47.8;30.1;0.0
42;2021-06-22;1810;5492;0;367450;235822;0;48.0;30.8;0.0
42;2021-06-23;1818;4955;0;369268;240777;0;48.3;31.5;0.0
42;2021-06-24;1802;4387;0;371070;245164;0;48.5;32.1;0.0
42;2021-06-25;1961;6395;0;373031;251559;0;48.8;32.9;0.0
42;2021-06-26;1296;5052;0;374327;256611;0;48.9;33.6;0.0
42;2021-06-27;689;2500;0;375016;259111;0;49.0;33.9;0.0
42;2021-06-28;1674;6300;0;376690;265411;0;49.3;34.7;0.0
42;2021-06-29;1474;5927;0;378164;271338;0;49.5;35.5;0.0
42;2021-06-30;1853;5173;0;380017;276511;0;49.7;36.2;0.0
42;2021-07-01;1880;4726;0;381897;281237;0;49.9;36.8;0.0
42;2021-07-02;2197;6099;0;384094;287336;0;50.2;37.6;0.0
42;2021-07-03;1582;4831;0;385676;292167;0;50.4;38.2;0.0
42;2021-07-04;812;2084;0;386488;294251;0;50.5;38.5;0.0
42;2021-07-05;1742;5577;0;388230;299828;0;50.8;39.2;0.0
42;2021-07-06;2027;5053;0;390257;304881;0;51.0;39.9;0.0
42;2021-07-07;2293;4277;0;392550;309158;0;51.3;40.4;0.0
42;2021-07-08;2246;3740;0;394796;312898;0;51.6;40.9;0.0
42;2021-07-09;2413;5603;0;397209;318501;0;51.9;41.6;0.0
42;2021-07-10;1545;4687;0;398754;323188;0;52.1;42.3;0.0
42;2021-07-11;875;1933;0;399629;325121;0;52.3;42.5;0.0
42;2021-07-12;1706;5653;0;401335;330774;0;52.5;43.3;0.0
42;2021-07-13;3381;5880;0;404716;336654;0;52.9;44.0;0.0
42;2021-07-14;3792;1827;0;408508;338481;0;53.4;44.3;0.0
42;2021-07-15;4344;5418;0;412852;343899;0;54.0;45.0;0.0
42;2021-07-16;4179;5841;0;417031;349740;0;54.5;45.7;0.0
42;2021-07-17;2999;4172;0;420030;353912;0;54.9;46.3;0.0
42;2021-07-18;1749;1659;0;421779;355571;0;55.2;46.5;0.0
42;2021-07-19;3432;4812;0;425211;360383;0;55.6;47.1;0.0
42;2021-07-20;4329;4679;0;429540;365062;0;56.2;47.7;0.0
42;2021-07-21;4674;4418;0;434214;369480;0;56.8;48.3;0.0
42;2021-07-22;5110;3864;0;439324;373344;0;57.4;48.8;0.0
42;2021-07-23;5022;4946;0;444346;378290;0;58.1;49.5;0.0
42;2021-07-24;3476;3533;0;447822;381823;0;58.6;49.9;0.0
42;2021-07-25;1443;1267;0;449265;383090;0;58.7;50.1;0.0
42;2021-07-26;4335;4106;0;453600;387196;0;59.3;50.6;0.0
42;2021-07-27;5037;3872;0;458637;391068;0;60.0;51.1;0.0
42;2021-07-28;5262;3538;0;463899;394606;0;60.7;51.6;0.0
42;2021-07-29;5293;3319;0;469192;397925;0;61.4;52.0;0.0
42;2021-07-30;4781;3692;0;473973;401617;0;62.0;52.5;0.0
42;2021-07-31;4144;2847;0;478117;404464;0;62.5;52.9;0.0
42;2021-08-01;2268;1211;0;480385;405675;0;62.8;53.0;0.0
42;2021-08-02;4136;2939;0;484521;408614;0;63.4;53.4;0.0
42;2021-08-03;3708;3154;0;488229;411768;0;63.8;53.8;0.0
42;2021-08-04;3447;3066;0;491676;414834;0;64.3;54.2;0.0
42;2021-08-05;3346;3172;0;495022;418006;0;64.7;54.7;0.0
42;2021-08-06;3602;3875;0;498624;421881;0;65.2;55.2;0.0
42;2021-08-07;2712;2777;0;501336;424658;0;65.6;55.5;0.0
42;2021-08-08;1086;1610;0;502422;426268;0;65.7;55.7;0.0
42;2021-08-09;2753;3713;0;505175;429981;0;66.1;56.2;0.0
42;2021-08-10;3049;3594;0;508224;433575;0;66.5;56.7;0.0
42;2021-08-11;2516;3352;0;510740;436927;0;66.8;57.1;0.0
42;2021-08-12;2400;3437;0;513140;440364;0;67.1;57.6;0.0
42;2021-08-13;2284;3695;0;515424;444059;0;67.4;58.1;0.0
42;2021-08-14;1519;2910;0;516943;446969;0;67.6;58.4;0.0
42;2021-08-15;577;943;0;517520;447912;0;67.7;58.6;0.0
42;2021-08-16;2007;4260;0;519527;452172;0;67.9;59.1;0.0
42;2021-08-17;2168;4081;0;521695;456253;0;68.2;59.7;0.0
42;2021-08-18;1910;4028;0;523605;460281;0;68.5;60.2;0.0
42;2021-08-19;1821;3306;0;525426;463587;0;68.7;60.6;0.0
42;2021-08-20;2116;4367;0;527542;467954;0;69.0;61.2;0.0
42;2021-08-21;1015;3427;0;528557;471381;0;69.1;61.6;0.0
42;2021-08-22;434;1770;0;528991;473151;0;69.2;61.9;0.0
42;2021-08-23;1527;4416;0;530518;477567;0;69.4;62.4;0.0
42;2021-08-24;1677;3942;0;532195;481509;0;69.6;63.0;0.0
42;2021-08-25;1656;3786;0;533851;485295;0;69.8;63.5;0.0
42;2021-08-26;1399;3107;0;535250;488402;0;70.0;63.9;0.0
42;2021-08-27;1690;4377;0;536940;492779;0;70.2;64.4;0.0
42;2021-08-28;1170;3281;0;538110;496060;0;70.4;64.9;0.0
42;2021-08-29;339;1331;0;538449;497391;0;70.4;65.0;0.0
42;2021-08-30;1241;3294;90;539690;500685;90;70.6;65.5;0.0
42;2021-08-31;1209;2692;145;540899;503377;235;70.7;65.8;0.0
42;2021-09-01;1352;2727;215;542251;506104;450;70.9;66.2;0.1
42;2021-09-02;1348;2592;329;543599;508696;779;71.1;66.5;0.1
42;2021-09-03;1526;2932;357;545125;511628;1136;71.3;66.9;0.1
42;2021-09-04;997;2561;181;546122;514189;1317;71.4;67.2;0.2
42;2021-09-05;330;702;136;546452;514891;1453;71.5;67.3;0.2
42;2021-09-06;771;1778;386;547223;516669;1839;71.6;67.6;0.2
42;2021-09-07;834;1639;381;548057;518308;2220;71.7;67.8;0.3
42;2021-09-08;858;1852;331;548915;520160;2551;71.8;68.0;0.3
42;2021-09-09;638;1431;349;549553;521591;2900;71.9;68.2;0.4
42;2021-09-10;913;1939;348;550466;523530;3248;72.0;68.5;0.4
42;2021-09-11;686;2145;117;551152;525675;3365;72.1;68.7;0.4
42;2021-09-12;143;447;35;551295;526122;3400;72.1;68.8;0.4
42;2021-09-13;561;1116;536;551856;527238;3936;72.2;68.9;0.5
42;2021-09-14;763;1284;741;552619;528522;4677;72.3;69.1;0.6
42;2021-09-15;718;1560;599;553337;530082;5276;72.4;69.3;0.7
42;2021-09-16;528;873;732;553865;530955;6008;72.4;69.4;0.8
42;2021-09-17;700;1589;622;554565;532544;6630;72.5;69.6;0.9
42;2021-09-18;544;1706;147;555109;534250;6777;72.6;69.9;0.9
42;2021-09-19;88;346;38;555197;534596;6815;72.6;69.9;0.9
42;2021-09-20;409;851;716;555606;535447;7531;72.7;70.0;1.0
42;2021-09-21;343;807;778;555949;536254;8309;72.7;70.1;1.1
42;2021-09-22;482;1357;774;556431;537611;9083;72.8;70.3;1.2
42;2021-09-23;378;815;741;556809;538426;9824;72.8;70.4;1.3
42;2021-09-24;473;1497;610;557282;539923;10434;72.9;70.6;1.4
42;2021-09-25;350;1169;208;557632;541092;10642;72.9;70.8;1.4
42;2021-09-26;58;260;17;557690;541352;10659;72.9;70.8;1.4
42;2021-09-27;296;795;666;557986;542147;11325;73.0;70.9;1.5
42;2021-09-28;370;720;723;558356;542867;12048;73.0;71.0;1.6
42;2021-09-29;395;954;586;558751;543821;12634;73.1;71.1;1.7
42;2021-09-30;330;636;542;559081;544457;13176;73.1;71.2;1.7
42;2021-10-01;534;991;688;559615;545448;13864;73.2;71.3;1.8
42;2021-10-02;369;753;187;559984;546201;14051;73.2;71.4;1.8
42;2021-10-03;81;158;14;560065;546359;14065;73.2;71.4;1.8
42;2021-10-04;273;527;880;560338;546886;14945;73.3;71.5;2.0
42;2021-10-05;290;524;628;560628;547410;15573;73.3;71.6;2.0
42;2021-10-06;433;843;898;561061;548253;16471;73.4;71.7;2.2
42;2021-10-07;300;555;748;561361;548808;17219;73.4;71.8;2.3
42;2021-10-08;441;845;766;561802;549653;17985;73.5;71.9;2.4
42;2021-10-09;364;633;393;562166;550286;18378;73.5;72.0;2.4
42;2021-10-10;69;106;90;562235;550392;18468;73.5;72.0;2.4
42;2021-10-11;254;455;846;562489;550847;19314;73.6;72.0;2.5
42;2021-10-12;230;428;651;562719;551275;19965;73.6;72.1;2.6
42;2021-10-13;441;644;975;563160;551919;20940;73.6;72.2;2.7
42;2021-10-14;299;401;891;563459;552320;21831;73.7;72.2;2.9
42;2021-10-15;407;582;1071;563866;552902;22902;73.7;72.3;3.0
42;2021-10-16;302;446;434;564168;553348;23336;73.8;72.4;3.1
42;2021-10-17;63;96;82;564231;553444;23418;73.8;72.4;3.1
42;2021-10-18;226;461;921;564457;553905;24339;73.8;72.4;3.2
42;2021-10-19;152;337;924;564609;554242;25263;73.8;72.5;3.3
42;2021-10-20;204;465;1100;564813;554707;26363;73.9;72.5;3.4
42;2021-10-21;138;327;874;564951;555034;27237;73.9;72.6;3.6
42;2021-10-22;176;416;1089;565127;555450;28326;73.9;72.6;3.7
42;2021-10-23;180;375;520;565307;555825;28846;73.9;72.7;3.8
42;2021-10-24;31;72;103;565338;555897;28949;73.9;72.7;3.8
42;2021-10-25;158;328;1027;565496;556225;29976;73.9;72.7;3.9
42;2021-10-26;116;240;949;565612;556465;30925;74.0;72.8;4.0
42;2021-10-27;201;433;1496;565813;556898;32421;74.0;72.8;4.2
42;2021-10-28;152;224;935;565965;557122;33356;74.0;72.9;4.4
42;2021-10-29;189;373;1530;566154;557495;34886;74.0;72.9;4.6
42;2021-10-30;107;323;572;566261;557818;35458;74.0;72.9;4.6
42;2021-10-31;30;91;123;566291;557909;35581;74.1;73.0;4.7
42;2021-11-01;31;29;37;566322;557938;35618;74.1;73.0;4.7
42;2021-11-02;137;271;1127;566459;558209;36745;74.1;73.0;4.8
42;2021-11-03;190;435;1839;566649;558644;38584;74.1;73.1;5.0
42;2021-11-04;117;230;1310;566766;558874;39894;74.1;73.1;5.2
42;2021-11-05;167;328;1892;566933;559202;41786;74.1;73.1;5.5
42;2021-11-06;137;271;552;567070;559473;42338;74.2;73.2;5.5
42;2021-11-07;27;68;142;567097;559541;42480;74.2;73.2;5.6
42;2021-11-08;85;223;1930;567182;559764;44410;74.2;73.2;5.8
42;2021-11-09;105;202;1965;567287;559966;46375;74.2;73.2;6.1
42;2021-11-10;217;256;2404;567504;560222;48779;74.2;73.3;6.4
42;2021-11-11;33;27;150;567537;560249;48929;74.2;73.3;6.4
42;2021-11-12;153;272;2484;567690;560521;51413;74.2;73.3;6.7
42;2021-11-13;139;175;1038;567829;560696;52451;74.3;73.3;6.9
42;2021-11-14;46;28;413;567875;560724;52864;74.3;73.3;6.9
42;2021-11-15;96;182;2488;567971;560906;55352;74.3;73.3;7.2
42;2021-11-16;80;140;2374;568051;561046;57726;74.3;73.4;7.5
42;2021-11-17;210;274;2763;568261;561320;60489;74.3;73.4;7.9
42;2021-11-18;125;171;2430;568386;561491;62919;74.3;73.4;8.2
42;2021-11-19;145;201;2707;568531;561692;65626;74.3;73.4;8.6
42;2021-11-20;239;242;1605;568770;561934;67231;74.4;73.5;8.8
42;2021-11-21;12;23;134;568782;561957;67365;74.4;73.5;8.8
42;2021-11-22;128;118;2875;568910;562075;70240;74.4;73.5;9.2
42;2021-11-23;102;130;2708;569012;562205;72948;74.4;73.5;9.5
42;2021-11-24;228;252;3295;569240;562457;76243;74.4;73.5;10.0
42;2021-11-25;123;130;3022;569363;562587;79265;74.5;73.6;10.4
42;2021-11-26;138;233;4072;569501;562820;83337;74.5;73.6;10.9
42;2021-11-27;182;212;2699;569683;563032;86036;74.5;73.6;11.3
42;2021-11-28;18;28;461;569701;563060;86497;74.5;73.6;11.3
42;2021-11-29;94;132;4686;569795;563192;91183;74.5;73.6;11.9
42;2021-11-30;105;138;4742;569900;563330;95925;74.5;73.7;12.5
42;2021-12-01;103;202;5465;570003;563532;101390;74.5;73.7;13.3
42;2021-12-02;89;118;6151;570092;563650;107541;74.5;73.7;14.1
42;2021-12-03;128;160;6810;570220;563810;114351;74.6;73.7;15.0
42;2021-12-04;99;206;3734;570319;564016;118085;74.6;73.8;15.4
42;2021-12-05;12;25;587;570331;564041;118672;74.6;73.8;15.5
42;2021-12-06;104;155;5585;570435;564196;124257;74.6;73.8;16.2
42;2021-12-07;97;124;5989;570532;564320;130246;74.6;73.8;17.0
42;2021-12-08;150;230;6730;570682;564550;136976;74.6;73.8;17.9
42;2021-12-09;112;162;7070;570794;564712;144046;74.6;73.8;18.8
43;2020-12-27;0;0;0;0;0;0;0.0;0.0;0.0
43;2020-12-28;0;0;0;0;0;0;0.0;0.0;0.0
43;2020-12-29;0;0;0;0;0;0;0.0;0.0;0.0
43;2020-12-30;0;0;0;0;0;0;0.0;0.0;0.0
43;2020-12-31;0;0;0;0;0;0;0.0;0.0;0.0
43;2021-01-01;3;0;0;3;0;0;0.0;0.0;0.0
43;2021-01-02;0;0;0;3;0;0;0.0;0.0;0.0
43;2021-01-03;0;0;0;3;0;0;0.0;0.0;0.0
43;2021-01-04;2;0;0;5;0;0;0.0;0.0;0.0
43;2021-01-05;0;0;0;5;0;0;0.0;0.0;0.0
43;2021-01-06;8;0;0;13;0;0;0.0;0.0;0.0
43;2021-01-07;163;0;0;176;0;0;0.1;0.0;0.0
43;2021-01-08;148;1;0;324;1;0;0.1;0.0;0.0
43;2021-01-09;6;0;0;330;1;0;0.1;0.0;0.0
43;2021-01-10;2;0;0;332;1;0;0.1;0.0;0.0
43;2021-01-11;144;0;0;476;1;0;0.2;0.0;0.0
43;2021-01-12;258;2;0;734;3;0;0.3;0.0;0.0
43;2021-01-13;259;2;0;993;5;0;0.4;0.0;0.0
43;2021-01-14;312;1;0;1305;6;0;0.6;0.0;0.0
43;2021-01-15;312;2;0;1617;8;0;0.7;0.0;0.0
43;2021-01-16;41;0;0;1658;8;0;0.7;0.0;0.0
43;2021-01-17;5;0;0;1663;8;0;0.7;0.0;0.0
43;2021-01-18;737;7;0;2400;15;0;1.1;0.0;0.0
43;2021-01-19;781;4;0;3181;19;0;1.4;0.0;0.0
43;2021-01-20;548;2;0;3729;21;0;1.6;0.0;0.0
43;2021-01-21;491;2;0;4220;23;0;1.9;0.0;0.0
43;2021-01-22;480;7;0;4700;30;0;2.1;0.0;0.0
43;2021-01-23;6;0;0;4706;30;0;2.1;0.0;0.0
43;2021-01-24;9;0;0;4715;30;0;2.1;0.0;0.0
43;2021-01-25;533;0;0;5248;30;0;2.3;0.0;0.0
43;2021-01-26;585;7;0;5833;37;0;2.6;0.0;0.0
43;2021-01-27;712;5;0;6545;42;0;2.9;0.0;0.0
43;2021-01-28;729;34;0;7274;76;0;3.2;0.0;0.0
43;2021-01-29;688;82;0;7962;158;0;3.5;0.1;0.0
43;2021-01-30;111;1;0;8073;159;0;3.6;0.1;0.0
43;2021-01-31;7;0;0;8080;159;0;3.6;0.1;0.0
43;2021-02-01;391;101;0;8471;260;0;3.7;0.1;0.0
43;2021-02-02;689;158;0;9160;418;0;4.0;0.2;0.0
43;2021-02-03;692;67;0;9852;485;0;4.3;0.2;0.0
43;2021-02-04;538;189;0;10390;674;0;4.6;0.3;0.0
43;2021-02-05;539;184;0;10929;858;0;4.8;0.4;0.0
43;2021-02-06;166;32;0;11095;890;0;4.9;0.4;0.0
43;2021-02-07;7;7;0;11102;897;0;4.9;0.4;0.0
43;2021-02-08;397;303;0;11499;1200;0;5.1;0.5;0.0
43;2021-02-09;346;442;0;11845;1642;0;5.2;0.7;0.0
43;2021-02-10;393;360;0;12238;2002;0;5.4;0.9;0.0
43;2021-02-11;364;374;0;12602;2376;0;5.6;1.0;0.0
43;2021-02-12;424;222;0;13026;2598;0;5.7;1.1;0.0
43;2021-02-13;640;62;0;13666;2660;0;6.0;1.2;0.0
43;2021-02-14;5;12;0;13671;2672;0;6.0;1.2;0.0
43;2021-02-15;62;473;0;13733;3145;0;6.1;1.4;0.0
43;2021-02-16;46;386;0;13779;3531;0;6.1;1.6;0.0
43;2021-02-17;84;497;0;13863;4028;0;6.1;1.8;0.0
43;2021-02-18;158;412;0;14021;4440;0;6.2;2.0;0.0
43;2021-02-19;273;488;0;14294;4928;0;6.3;2.2;0.0
43;2021-02-20;29;17;0;14323;4945;0;6.3;2.2;0.0
43;2021-02-21;0;7;0;14323;4952;0;6.3;2.2;0.0
43;2021-02-22;36;500;0;14359;5452;0;6.3;2.4;0.0
43;2021-02-23;226;753;0;14585;6205;0;6.4;2.7;0.0
43;2021-02-24;164;703;0;14749;6908;0;6.5;3.0;0.0
43;2021-02-25;267;701;0;15016;7609;0;6.6;3.4;0.0
43;2021-02-26;260;669;0;15276;8278;0;6.7;3.6;0.0
43;2021-02-27;144;77;0;15420;8355;0;6.8;3.7;0.0
43;2021-02-28;8;5;0;15428;8360;0;6.8;3.7;0.0
43;2021-03-01;230;471;0;15658;8831;0;6.9;3.9;0.0
43;2021-03-02;363;564;0;16021;9395;0;7.1;4.1;0.0
43;2021-03-03;344;557;0;16365;9952;0;7.2;4.4;0.0
43;2021-03-04;536;455;0;16901;10407;0;7.4;4.6;0.0
43;2021-03-05;596;464;0;17497;10871;0;7.7;4.8;0.0
43;2021-03-06;517;180;0;18014;11051;0;7.9;4.9;0.0
43;2021-03-07;59;2;0;18073;11053;0;8.0;4.9;0.0
43;2021-03-08;489;426;0;18562;11479;0;8.2;5.1;0.0
43;2021-03-09;638;347;0;19200;11826;0;8.5;5.2;0.0
43;2021-03-10;658;475;0;19858;12301;0;8.8;5.4;0.0
43;2021-03-11;928;435;0;20786;12736;0;9.2;5.6;0.0
43;2021-03-12;906;424;0;21692;13160;0;9.6;5.8;0.0
43;2021-03-13;698;126;0;22390;13286;0;9.9;5.9;0.0
43;2021-03-14;10;5;0;22400;13291;0;9.9;5.9;0.0
43;2021-03-15;704;146;0;23104;13437;0;10.2;5.9;0.0
43;2021-03-16;817;273;0;23921;13710;0;10.5;6.0;0.0
43;2021-03-17;634;158;0;24555;13868;0;10.8;6.1;0.0
43;2021-03-18;697;164;0;25252;14032;0;11.1;6.2;0.0
43;2021-03-19;849;130;0;26101;14162;0;11.5;6.2;0.0
43;2021-03-20;430;53;0;26531;14215;0;11.7;6.3;0.0
43;2021-03-21;8;1;0;26539;14216;0;11.7;6.3;0.0
43;2021-03-22;683;50;0;27222;14266;0;12.0;6.3;0.0
43;2021-03-23;869;54;0;28091;14320;0;12.4;6.3;0.0
43;2021-03-24;1169;115;0;29260;14435;0;12.9;6.4;0.0
43;2021-03-25;1518;174;0;30778;14609;0;13.6;6.4;0.0
43;2021-03-26;1568;208;0;32346;14817;0;14.3;6.5;0.0
43;2021-03-27;1274;84;0;33620;14901;0;14.8;6.6;0.0
43;2021-03-28;409;31;0;34029;14932;0;15.0;6.6;0.0
43;2021-03-29;1033;181;0;35062;15113;0;15.5;6.7;0.0
43;2021-03-30;1255;259;0;36317;15372;0;16.0;6.8;0.0
43;2021-03-31;1213;273;0;37530;15645;0;16.5;6.9;0.0
43;2021-04-01;1284;328;0;38814;15973;0;17.1;7.0;0.0
43;2021-04-02;1012;338;0;39826;16311;0;17.6;7.2;0.0
43;2021-04-03;315;190;0;40141;16501;0;17.7;7.3;0.0
43;2021-04-04;20;6;0;40161;16507;0;17.7;7.3;0.0
43;2021-04-05;46;6;0;40207;16513;0;17.7;7.3;0.0
43;2021-04-06;621;576;0;40828;17089;0;18.0;7.5;0.0
43;2021-04-07;810;561;0;41638;17650;0;18.4;7.8;0.0
43;2021-04-08;990;445;0;42628;18095;0;18.8;8.0;0.0
43;2021-04-09;1120;632;0;43748;18727;0;19.3;8.3;0.0
43;2021-04-10;585;224;0;44333;18951;0;19.5;8.4;0.0
43;2021-04-11;47;6;0;44380;18957;0;19.6;8.4;0.0
43;2021-04-12;705;622;0;45085;19579;0;19.9;8.6;0.0
43;2021-04-13;914;727;0;45999;20306;0;20.3;8.9;0.0
43;2021-04-14;834;665;0;46833;20971;0;20.6;9.2;0.0
43;2021-04-15;1016;703;0;47849;21674;0;21.1;9.6;0.0
43;2021-04-16;999;708;0;48848;22382;0;21.5;9.9;0.0
43;2021-04-17;422;293;0;49270;22675;0;21.7;10.0;0.0
43;2021-04-18;91;11;0;49361;22686;0;21.8;10.0;0.0
43;2021-04-19;678;562;0;50039;23248;0;22.1;10.2;0.0
43;2021-04-20;822;654;0;50861;23902;0;22.4;10.5;0.0
43;2021-04-21;410;912;0;51271;24814;0;22.6;10.9;0.0
43;2021-04-22;705;963;0;51976;25777;0;22.9;11.4;0.0
43;2021-04-23;513;1054;0;52489;26831;0;23.1;11.8;0.0
43;2021-04-24;390;912;0;52879;27743;0;23.3;12.2;0.0
43;2021-04-25;111;404;0;52990;28147;0;23.4;12.4;0.0
43;2021-04-26;482;918;0;53472;29065;0;23.6;12.8;0.0
43;2021-04-27;872;964;0;54344;30029;0;24.0;13.2;0.0
43;2021-04-28;906;1068;0;55250;31097;0;24.3;13.7;0.0
43;2021-04-29;1221;1063;0;56471;32160;0;24.9;14.2;0.0
43;2021-04-30;1184;1041;0;57655;33201;0;25.4;14.6;0.0
43;2021-05-01;450;52;0;58105;33253;0;25.6;14.7;0.0
43;2021-05-02;85;40;0;58190;33293;0;25.6;14.7;0.0
43;2021-05-03;1279;403;0;59469;33696;0;26.2;14.9;0.0
43;2021-05-04;1276;864;0;60745;34560;0;26.8;15.2;0.0
43;2021-05-05;1208;818;0;61953;35378;0;27.3;15.6;0.0
43;2021-05-06;1443;936;0;63396;36314;0;27.9;16.0;0.0
43;2021-05-07;1121;1150;0;64517;37464;0;28.4;16.5;0.0
43;2021-05-08;573;156;0;65090;37620;0;28.7;16.6;0.0
43;2021-05-09;58;73;0;65148;37693;0;28.7;16.6;0.0
43;2021-05-10;1118;733;0;66266;38426;0;29.2;16.9;0.0
43;2021-05-11;1643;1007;0;67909;39433;0;29.9;17.4;0.0
43;2021-05-12;1544;854;0;69453;40287;0;30.6;17.8;0.0
43;2021-05-13;989;395;0;70442;40682;0;31.0;17.9;0.0
43;2021-05-14;2122;1087;0;72564;41769;0;32.0;18.4;0.0
43;2021-05-15;1175;310;0;73739;42079;0;32.5;18.5;0.0
43;2021-05-16;348;70;0;74087;42149;0;32.7;18.6;0.0
43;2021-05-17;1704;656;0;75791;42805;0;33.4;18.9;0.0
43;2021-05-18;1947;709;0;77738;43514;0;34.3;19.2;0.0
43;2021-05-19;2043;610;0;79781;44124;0;35.2;19.4;0.0
43;2021-05-20;2295;811;0;82076;44935;0;36.2;19.8;0.0
43;2021-05-21;2352;726;0;84428;45661;0;37.2;20.1;0.0
43;2021-05-22;1064;332;0;85492;45993;0;37.7;20.3;0.0
43;2021-05-23;78;31;0;85570;46024;0;37.7;20.3;0.0
43;2021-05-24;441;146;0;86011;46170;0;37.9;20.3;0.0
43;2021-05-25;1367;690;0;87378;46860;0;38.5;20.7;0.0
43;2021-05-26;1366;610;0;88744;47470;0;39.1;20.9;0.0
43;2021-05-27;1387;752;0;90131;48222;0;39.7;21.3;0.0
43;2021-05-28;1368;811;0;91499;49033;0;40.3;21.6;0.0
43;2021-05-29;1105;608;0;92604;49641;0;40.8;21.9;0.0
43;2021-05-30;193;67;0;92797;49708;0;40.9;21.9;0.0
43;2021-05-31;1202;522;0;93999;50230;0;41.4;22.1;0.0
43;2021-06-01;1256;1001;0;95255;51231;0;42.0;22.6;0.0
43;2021-06-02;1099;759;0;96354;51990;0;42.5;22.9;0.0
43;2021-06-03;1243;853;0;97597;52843;0;43.0;23.3;0.0
43;2021-06-04;1377;913;0;98974;53756;0;43.6;23.7;0.0
43;2021-06-05;729;486;0;99703;54242;0;43.9;23.9;0.0
43;2021-06-06;44;53;0;99747;54295;0;44.0;23.9;0.0
43;2021-06-07;827;624;0;100574;54919;0;44.3;24.2;0.0
43;2021-06-08;716;762;0;101290;55681;0;44.6;24.5;0.0
43;2021-06-09;636;824;0;101926;56505;0;44.9;24.9;0.0
43;2021-06-10;875;1105;0;102801;57610;0;45.3;25.4;0.0
43;2021-06-11;833;1361;0;103634;58971;0;45.7;26.0;0.0
43;2021-06-12;821;516;0;104455;59487;0;46.0;26.2;0.0
43;2021-06-13;32;84;0;104487;59571;0;46.0;26.3;0.0
43;2021-06-14;477;1192;0;104964;60763;0;46.3;26.8;0.0
43;2021-06-15;628;1218;0;105592;61981;0;46.5;27.3;0.0
43;2021-06-16;591;1033;0;106183;63014;0;46.8;27.8;0.0
43;2021-06-17;632;1473;0;106815;64487;0;47.1;28.4;0.0
43;2021-06-18;881;1519;0;107696;66006;0;47.5;29.1;0.0
43;2021-06-19;437;808;0;108133;66814;0;47.7;29.4;0.0
43;2021-06-20;29;85;0;108162;66899;0;47.7;29.5;0.0
43;2021-06-21;447;1377;0;108609;68276;0;47.9;30.1;0.0
43;2021-06-22;511;1962;0;109120;70238;0;48.1;31.0;0.0
43;2021-06-23;397;1741;0;109517;71979;0;48.3;31.7;0.0
43;2021-06-24;516;1477;0;110033;73456;0;48.5;32.4;0.0
43;2021-06-25;583;2301;0;110616;75757;0;48.8;33.4;0.0
43;2021-06-26;482;1200;0;111098;76957;0;49.0;33.9;0.0
43;2021-06-27;57;143;0;111155;77100;0;49.0;34.0;0.0
43;2021-06-28;350;1869;0;111505;78969;0;49.1;34.8;0.0
43;2021-06-29;534;2327;0;112039;81296;0;49.4;35.8;0.0
43;2021-06-30;479;2211;0;112518;83507;0;49.6;36.8;0.0
43;2021-07-01;499;1841;0;113017;85348;0;49.8;37.6;0.0
43;2021-07-02;512;1941;0;113529;87289;0;50.0;38.5;0.0
43;2021-07-03;265;1052;0;113794;88341;0;50.2;38.9;0.0
43;2021-07-04;30;60;0;113824;88401;0;50.2;39.0;0.0
43;2021-07-05;532;1272;0;114356;89673;0;50.4;39.5;0.0
43;2021-07-06;617;1637;0;114973;91310;0;50.7;40.2;0.0
43;2021-07-07;577;1417;0;115550;92727;0;50.9;40.9;0.0
43;2021-07-08;779;1413;0;116329;94140;0;51.3;41.5;0.0
43;2021-07-09;586;1544;0;116915;95684;0;51.5;42.2;0.0
43;2021-07-10;359;1279;0;117274;96963;0;51.7;42.7;0.0
43;2021-07-11;54;167;0;117328;97130;0;51.7;42.8;0.0
43;2021-07-12;581;1730;0;117909;98860;0;52.0;43.6;0.0
43;2021-07-13;1171;1859;0;119080;100719;0;52.5;44.4;0.0
43;2021-07-14;951;254;0;120031;100973;0;52.9;44.5;0.0
43;2021-07-15;1797;1838;0;121828;102811;0;53.7;45.3;0.0
43;2021-07-16;1597;1618;0;123425;104429;0;54.4;46.0;0.0
43;2021-07-17;1358;1062;0;124783;105491;0;55.0;46.5;0.0
43;2021-07-18;82;92;0;124865;105583;0;55.0;46.5;0.0
43;2021-07-19;1374;1305;0;126239;106888;0;55.6;47.1;0.0
43;2021-07-20;1752;1397;0;127991;108285;0;56.4;47.7;0.0
43;2021-07-21;1767;1156;0;129758;109441;0;57.2;48.2;0.0
43;2021-07-22;1951;1298;0;131709;110739;0;58.0;48.8;0.0
43;2021-07-23;1528;1296;0;133237;112035;0;58.7;49.4;0.0
43;2021-07-24;580;913;0;133817;112948;0;59.0;49.8;0.0
43;2021-07-25;77;62;0;133894;113010;0;59.0;49.8;0.0
43;2021-07-26;1502;1055;0;135396;114065;0;59.7;50.3;0.0
43;2021-07-27;1967;1104;0;137363;115169;0;60.5;50.8;0.0
43;2021-07-28;1830;1053;0;139193;116222;0;61.3;51.2;0.0
43;2021-07-29;1830;997;0;141023;117219;0;62.2;51.7;0.0
43;2021-07-30;1724;1260;0;142747;118479;0;62.9;52.2;0.0
43;2021-07-31;707;559;0;143454;119038;0;63.2;52.5;0.0
43;2021-08-01;98;57;0;143552;119095;0;63.3;52.5;0.0
43;2021-08-02;1489;932;0;145041;120027;0;63.9;52.9;0.0
43;2021-08-03;1265;1081;0;146306;121108;0;64.5;53.4;0.0
43;2021-08-04;1189;1121;0;147495;122229;0;65.0;53.9;0.0
43;2021-08-05;1136;1239;0;148631;123468;0;65.5;54.4;0.0
43;2021-08-06;1098;1404;0;149729;124872;0;66.0;55.0;0.0
43;2021-08-07;492;721;0;150221;125593;0;66.2;55.4;0.0
43;2021-08-08;42;66;0;150263;125659;0;66.2;55.4;0.0
43;2021-08-09;793;1527;0;151056;127186;0;66.6;56.1;0.0
43;2021-08-10;955;1465;0;152011;128651;0;67.0;56.7;0.0
43;2021-08-11;698;1294;0;152709;129945;0;67.3;57.3;0.0
43;2021-08-12;820;1451;0;153529;131396;0;67.7;57.9;0.0
43;2021-08-13;675;1172;0;154204;132568;0;68.0;58.4;0.0
43;2021-08-14;326;554;0;154530;133122;0;68.1;58.7;0.0
43;2021-08-15;16;49;0;154546;133171;0;68.1;58.7;0.0
43;2021-08-16;668;1596;0;155214;134767;0;68.4;59.4;0.0
43;2021-08-17;654;1414;0;155868;136181;0;68.7;60.0;0.0
43;2021-08-18;536;1439;0;156404;137620;0;68.9;60.7;0.0
43;2021-08-19;602;1463;0;157006;139083;0;69.2;61.3;0.0
43;2021-08-20;522;1525;0;157528;140608;0;69.4;62.0;0.0
43;2021-08-21;212;514;0;157740;141122;0;69.5;62.2;0.0
43;2021-08-22;14;80;0;157754;141202;0;69.5;62.2;0.0
43;2021-08-23;490;1547;0;158244;142749;0;69.7;62.9;0.0
43;2021-08-24;498;1322;0;158742;144071;0;70.0;63.5;0.0
43;2021-08-25;473;1276;0;159215;145347;0;70.2;64.1;0.0
43;2021-08-26;451;1110;0;159666;146457;0;70.4;64.5;0.0
43;2021-08-27;539;1301;0;160205;147758;0;70.6;65.1;0.0
43;2021-08-28;182;492;0;160387;148250;0;70.7;65.3;0.0
43;2021-08-29;6;55;0;160393;148305;0;70.7;65.4;0.0
43;2021-08-30;490;1091;21;160883;149396;21;70.9;65.8;0.0
43;2021-08-31;383;871;52;161266;150267;73;71.1;66.2;0.0
43;2021-09-01;320;931;72;161586;151198;145;71.2;66.6;0.1
43;2021-09-02;352;844;101;161938;152042;246;71.4;67.0;0.1
43;2021-09-03;527;920;102;162465;152962;348;71.6;67.4;0.2
43;2021-09-04;306;496;22;162771;153458;370;71.7;67.6;0.2
43;2021-09-05;54;34;15;162825;153492;385;71.8;67.6;0.2
43;2021-09-06;257;674;80;163082;154166;465;71.9;67.9;0.2
43;2021-09-07;242;585;101;163324;154751;566;72.0;68.2;0.2
43;2021-09-08;252;553;95;163576;155304;661;72.1;68.4;0.3
43;2021-09-09;259;569;149;163835;155873;810;72.2;68.7;0.4
43;2021-09-10;333;617;106;164168;156490;916;72.4;69.0;0.4
43;2021-09-11;252;370;50;164420;156860;966;72.5;69.1;0.4
43;2021-09-12;3;16;0;164423;156876;966;72.5;69.1;0.4
43;2021-09-13;169;387;156;164592;157263;1122;72.5;69.3;0.5
43;2021-09-14;219;353;298;164811;157616;1420;72.6;69.5;0.6
43;2021-09-15;240;502;249;165051;158118;1669;72.7;69.7;0.7
43;2021-09-16;183;329;282;165234;158447;1951;72.8;69.8;0.9
43;2021-09-17;229;527;351;165463;158974;2302;72.9;70.1;1.0
43;2021-09-18;149;337;68;165612;159311;2370;73.0;70.2;1.0
43;2021-09-19;6;9;1;165618;159320;2371;73.0;70.2;1.0
43;2021-09-20;116;323;264;165734;159643;2635;73.0;70.4;1.2
43;2021-09-21;147;328;462;165881;159971;3097;73.1;70.5;1.4
43;2021-09-22;133;423;261;166014;160394;3358;73.2;70.7;1.5
43;2021-09-23;82;298;269;166096;160692;3627;73.2;70.8;1.6
43;2021-09-24;182;525;204;166278;161217;3831;73.3;71.1;1.7
43;2021-09-25;101;292;64;166379;161509;3895;73.3;71.2;1.7
43;2021-09-26;2;19;0;166381;161528;3895;73.3;71.2;1.7
43;2021-09-27;139;338;323;166520;161866;4218;73.4;71.3;1.9
43;2021-09-28;352;200;251;166872;162066;4469;73.5;71.4;2.0
43;2021-09-29;155;293;131;167027;162359;4600;73.6;71.6;2.0
43;2021-09-30;88;187;283;167115;162546;4883;73.7;71.6;2.2
43;2021-10-01;141;322;248;167256;162868;5131;73.7;71.8;2.3
43;2021-10-02;101;234;58;167357;163102;5189;73.8;71.9;2.3
43;2021-10-03;8;18;0;167365;163120;5189;73.8;71.9;2.3
43;2021-10-04;117;204;280;167482;163324;5469;73.8;72.0;2.4
43;2021-10-05;122;181;337;167604;163505;5806;73.9;72.1;2.6
43;2021-10-06;128;258;249;167732;163763;6055;73.9;72.2;2.7
43;2021-10-07;71;140;281;167803;163903;6336;74.0;72.2;2.8
43;2021-10-08;177;319;311;167980;164222;6647;74.0;72.4;2.9
43;2021-10-09;104;202;109;168084;164424;6756;74.1;72.5;3.0
43;2021-10-10;6;7;3;168090;164431;6759;74.1;72.5;3.0
43;2021-10-11;113;154;325;168203;164585;7084;74.1;72.5;3.1
43;2021-10-12;108;180;323;168311;164765;7407;74.2;72.6;3.3
43;2021-10-13;110;121;187;168421;164886;7594;74.2;72.7;3.3
43;2021-10-14;99;152;270;168520;165038;7864;74.3;72.7;3.5
43;2021-10-15;168;204;543;168688;165242;8407;74.3;72.8;3.7
43;2021-10-16;101;135;109;168789;165377;8516;74.4;72.9;3.8
43;2021-10-17;2;7;1;168791;165384;8517;74.4;72.9;3.8
43;2021-10-18;102;161;351;168893;165545;8868;74.4;73.0;3.9
43;2021-10-19;72;331;428;168965;165876;9296;74.5;73.1;4.1
43;2021-10-20;59;160;260;169024;166036;9556;74.5;73.2;4.2
43;2021-10-21;46;105;367;169070;166141;9923;74.5;73.2;4.4
43;2021-10-22;61;132;478;169131;166273;10401;74.5;73.3;4.6
43;2021-10-23;34;110;148;169165;166383;10549;74.6;73.3;4.6
43;2021-10-24;2;4;0;169167;166387;10549;74.6;73.3;4.6
43;2021-10-25;42;90;529;169209;166477;11078;74.6;73.4;4.9
43;2021-10-26;71;107;665;169280;166584;11743;74.6;73.4;5.2
43;2021-10-27;55;111;535;169335;166695;12278;74.6;73.5;5.4
43;2021-10-28;35;65;321;169370;166760;12599;74.6;73.5;5.6
43;2021-10-29;96;173;657;169466;166933;13256;74.7;73.6;5.8
43;2021-10-30;35;97;157;169501;167030;13413;74.7;73.6;5.9
43;2021-10-31;0;4;1;169501;167034;13414;74.7;73.6;5.9
43;2021-11-01;1;2;5;169502;167036;13419;74.7;73.6;5.9
43;2021-11-02;77;133;585;169579;167169;14004;74.7;73.7;6.2
43;2021-11-03;62;141;506;169641;167310;14510;74.8;73.7;6.4
43;2021-11-04;50;80;541;169691;167390;15051;74.8;73.8;6.6
43;2021-11-05;63;109;641;169754;167499;15692;74.8;73.8;6.9
43;2021-11-06;34;80;226;169788;167579;15918;74.8;73.9;7.0
43;2021-11-07;1;2;1;169789;167581;15919;74.8;73.9;7.0
43;2021-11-08;44;122;634;169833;167703;16553;74.8;73.9;7.3
43;2021-11-09;64;72;910;169897;167775;17463;74.9;73.9;7.7
43;2021-11-10;70;92;647;169967;167867;18110;74.9;74.0;8.0
43;2021-11-11;0;2;3;169967;167869;18113;74.9;74.0;8.0
43;2021-11-12;63;93;1025;170030;167962;19138;74.9;74.0;8.4
43;2021-11-13;20;28;322;170050;167990;19460;74.9;74.0;8.6
43;2021-11-14;1;12;14;170051;168002;19474;74.9;74.0;8.6
43;2021-11-15;36;42;714;170087;168044;20188;75.0;74.1;8.9
43;2021-11-16;80;82;1175;170167;168126;21363;75.0;74.1;9.4
43;2021-11-17;70;66;761;170237;168192;22124;75.0;74.1;9.8
43;2021-11-18;38;38;751;170275;168230;22875;75.0;74.1;10.1
43;2021-11-19;67;78;988;170342;168308;23863;75.1;74.2;10.5
43;2021-11-20;46;51;281;170388;168359;24144;75.1;74.2;10.6
43;2021-11-21;2;1;20;170390;168360;24164;75.1;74.2;10.6
43;2021-11-22;60;34;820;170450;168394;24984;75.1;74.2;11.0
43;2021-11-23;65;46;1134;170515;168440;26118;75.1;74.2;11.5
43;2021-11-24;73;78;770;170588;168518;26888;75.2;74.3;11.9
43;2021-11-25;54;44;1117;170642;168562;28005;75.2;74.3;12.3
43;2021-11-26;86;65;1487;170728;168627;29492;75.2;74.3;13.0
43;2021-11-27;48;47;732;170776;168674;30224;75.3;74.3;13.3
43;2021-11-28;3;1;29;170779;168675;30253;75.3;74.3;13.3
43;2021-11-29;47;47;1448;170826;168722;31701;75.3;74.4;14.0
43;2021-11-30;67;62;2100;170893;168784;33801;75.3;74.4;14.9
43;2021-12-01;45;60;1840;170938;168844;35641;75.3;74.4;15.7
43;2021-12-02;44;38;2171;170982;168882;37812;75.4;74.4;16.7
43;2021-12-03;69;64;2115;171051;168946;39927;75.4;74.5;17.6
43;2021-12-04;51;38;1498;171102;168984;41425;75.4;74.5;18.3
43;2021-12-05;3;0;27;171105;168984;41452;75.4;74.5;18.3
43;2021-12-06;41;44;2148;171146;169028;43600;75.4;74.5;19.2
43;2021-12-07;60;48;2397;171206;169076;45997;75.5;74.5;20.3
43;2021-12-08;56;55;1923;171262;169131;47920;75.5;74.5;21.1
43;2021-12-09;72;65;2514;171334;169196;50434;75.5;74.6;22.2
44;2020-12-27;2;0;0;2;0;0;0.0;0.0;0.0
44;2020-12-28;3;1;0;5;1;0;0.0;0.0;0.0
44;2020-12-29;0;0;0;5;1;0;0.0;0.0;0.0
44;2020-12-30;1;0;0;6;1;0;0.0;0.0;0.0
44;2020-12-31;0;0;0;6;1;0;0.0;0.0;0.0
44;2021-01-01;2;1;0;8;2;0;0.0;0.0;0.0
44;2021-01-02;0;0;0;8;2;0;0.0;0.0;0.0
44;2021-01-03;3;0;0;11;2;0;0.0;0.0;0.0
44;2021-01-04;4;0;0;15;2;0;0.0;0.0;0.0
44;2021-01-05;5;0;0;20;2;0;0.0;0.0;0.0
44;2021-01-06;32;1;0;52;3;0;0.0;0.0;0.0
44;2021-01-07;204;0;0;256;3;0;0.0;0.0;0.0
44;2021-01-08;550;0;0;806;3;0;0.1;0.0;0.0
44;2021-01-09;475;0;0;1281;3;0;0.1;0.0;0.0
44;2021-01-10;443;1;0;1724;4;0;0.1;0.0;0.0
44;2021-01-11;811;1;0;2535;5;0;0.2;0.0;0.0
44;2021-01-12;957;1;0;3492;6;0;0.2;0.0;0.0
44;2021-01-13;1074;2;0;4566;8;0;0.3;0.0;0.0
44;2021-01-14;1145;9;0;5711;17;0;0.4;0.0;0.0
44;2021-01-15;1051;5;0;6762;22;0;0.5;0.0;0.0
44;2021-01-16;341;3;0;7103;25;0;0.5;0.0;0.0
44;2021-01-17;307;2;0;7410;27;0;0.5;0.0;0.0
44;2021-01-18;830;4;0;8240;31;0;0.6;0.0;0.0
44;2021-01-19;2613;12;0;10853;43;0;0.8;0.0;0.0
44;2021-01-20;2689;6;0;13542;49;0;0.9;0.0;0.0
44;2021-01-21;4564;12;0;18106;61;0;1.3;0.0;0.0
44;2021-01-22;2480;10;0;20586;71;0;1.4;0.0;0.0
44;2021-01-23;768;0;0;21354;71;0;1.5;0.0;0.0
44;2021-01-24;122;0;0;21476;71;0;1.5;0.0;0.0
44;2021-01-25;858;9;0;22334;80;0;1.6;0.0;0.0
44;2021-01-26;2481;22;0;24815;102;0;1.7;0.0;0.0
44;2021-01-27;2078;69;0;26893;171;0;1.9;0.0;0.0
44;2021-01-28;3605;199;0;30498;370;0;2.1;0.0;0.0
44;2021-01-29;2303;486;0;32801;856;0;2.3;0.1;0.0
44;2021-01-30;623;205;0;33424;1061;0;2.3;0.1;0.0
44;2021-01-31;19;204;0;33443;1265;0;2.3;0.1;0.0
44;2021-02-01;560;542;0;34003;1807;0;2.4;0.1;0.0
44;2021-02-02;888;769;0;34891;2576;0;2.4;0.2;0.0
44;2021-02-03;911;877;0;35802;3453;0;2.5;0.2;0.0
44;2021-02-04;981;744;0;36783;4197;0;2.6;0.3;0.0
44;2021-02-05;913;677;0;37696;4874;0;2.6;0.3;0.0
44;2021-02-06;470;271;0;38166;5145;0;2.7;0.4;0.0
44;2021-02-07;66;194;0;38232;5339;0;2.7;0.4;0.0
44;2021-02-08;540;485;0;38772;5824;0;2.7;0.4;0.0
44;2021-02-09;1000;1276;0;39772;7100;0;2.8;0.5;0.0
44;2021-02-10;1171;1264;0;40943;8364;0;2.8;0.6;0.0
44;2021-02-11;2301;3167;0;43244;11531;0;3.0;0.8;0.0
44;2021-02-12;1680;1767;0;44924;13298;0;3.1;0.9;0.0
44;2021-02-13;447;520;0;45371;13818;0;3.2;1.0;0.0
44;2021-02-14;12;178;0;45383;13996;0;3.2;1.0;0.0
44;2021-02-15;484;1097;0;45867;15093;0;3.2;1.1;0.0
44;2021-02-16;1432;2545;0;47299;17638;0;3.3;1.2;0.0
44;2021-02-17;1137;2147;0;48436;19785;0;3.4;1.4;0.0
44;2021-02-18;1982;3648;0;50418;23433;0;3.5;1.6;0.0
44;2021-02-19;1588;2448;0;52006;25881;0;3.6;1.8;0.0
44;2021-02-20;395;631;0;52401;26512;0;3.6;1.8;0.0
44;2021-02-21;7;181;0;52408;26693;0;3.6;1.9;0.0
44;2021-02-22;740;821;0;53148;27514;0;3.7;1.9;0.0
44;2021-02-23;1183;1124;0;54331;28638;0;3.8;2.0;0.0
44;2021-02-24;1245;1055;0;55576;29693;0;3.9;2.1;0.0
44;2021-02-25;2481;1105;0;58057;30798;0;4.0;2.1;0.0
44;2021-02-26;2330;996;0;60387;31794;0;4.2;2.2;0.0
44;2021-02-27;954;431;0;61341;32225;0;4.3;2.2;0.0
44;2021-02-28;6;34;0;61347;32259;0;4.3;2.2;0.0
44;2021-03-01;1001;553;0;62348;32812;0;4.3;2.3;0.0
44;2021-03-02;1795;1085;0;64143;33897;0;4.5;2.4;0.0
44;2021-03-03;1878;1154;0;66021;35051;0;4.6;2.4;0.0
44;2021-03-04;2889;1620;0;68910;36671;0;4.8;2.6;0.0
44;2021-03-05;3506;1310;0;72416;37981;0;5.0;2.6;0.0
44;2021-03-06;2496;484;0;74912;38465;0;5.2;2.7;0.0
44;2021-03-07;989;91;0;75901;38556;0;5.3;2.7;0.0
44;2021-03-08;1825;641;0;77726;39197;0;5.4;2.7;0.0
44;2021-03-09;3393;1154;0;81119;40351;0;5.6;2.8;0.0
44;2021-03-10;3096;1146;0;84215;41497;0;5.9;2.9;0.0
44;2021-03-11;4445;1781;0;88660;43278;0;6.2;3.0;0.0
44;2021-03-12;6005;1342;0;94665;44620;0;6.6;3.1;0.0
44;2021-03-13;3579;313;0;98244;44933;0;6.8;3.1;0.0
44;2021-03-14;435;56;0;98679;44989;0;6.9;3.1;0.0
44;2021-03-15;2657;415;0;101336;45404;0;7.1;3.2;0.0
44;2021-03-16;2195;661;0;103531;46065;0;7.2;3.2;0.0
44;2021-03-17;2069;691;0;105600;46756;0;7.3;3.3;0.0
44;2021-03-18;2290;658;0;107890;47414;0;7.5;3.3;0.0
44;2021-03-19;3812;415;0;111702;47829;0;7.8;3.3;0.0
44;2021-03-20;3192;311;0;114894;48140;0;8.0;3.3;0.0
44;2021-03-21;897;23;0;115791;48163;0;8.1;3.4;0.0
44;2021-03-22;2473;497;0;118264;48660;0;8.2;3.4;0.0
44;2021-03-23;3987;695;0;122251;49355;0;8.5;3.4;0.0
44;2021-03-24;4381;662;0;126632;50017;0;8.8;3.5;0.0
44;2021-03-25;5683;957;0;132315;50974;0;9.2;3.5;0.0
44;2021-03-26;6607;761;0;138922;51735;0;9.7;3.6;0.0
44;2021-03-27;3213;442;0;142135;52177;0;9.9;3.6;0.0
44;2021-03-28;1211;46;0;143346;52223;0;10.0;3.6;0.0
44;2021-03-29;3232;840;0;146578;53063;0;10.2;3.7;0.0
44;2021-03-30;5205;1159;0;151783;54222;0;10.6;3.8;0.0
44;2021-03-31;4663;1352;0;156446;55574;0;10.9;3.9;0.0
44;2021-04-01;6289;1045;0;162735;56619;0;11.3;3.9;0.0
44;2021-04-02;5847;1016;0;168582;57635;0;11.7;4.0;0.0
44;2021-04-03;2402;650;0;170984;58285;0;11.9;4.1;0.0
44;2021-04-04;663;22;0;171647;58307;0;11.9;4.1;0.0
44;2021-04-05;674;288;0;172321;58595;0;12.0;4.1;0.0
44;2021-04-06;4323;1451;0;176644;60046;0;12.3;4.2;0.0
44;2021-04-07;5288;1685;0;181932;61731;0;12.7;4.3;0.0
44;2021-04-08;7264;1742;0;189196;63473;0;13.2;4.4;0.0
44;2021-04-09;10173;1894;0;199369;65367;0;13.9;4.5;0.0
44;2021-04-10;4615;1435;0;203984;66802;0;14.2;4.6;0.0
44;2021-04-11;2090;421;0;206074;67223;0;14.3;4.7;0.0
44;2021-04-12;5636;1742;0;211710;68965;0;14.7;4.8;0.0
44;2021-04-13;6897;2335;0;218607;71300;0;15.2;5.0;0.0
44;2021-04-14;6069;2302;0;224676;73602;0;15.6;5.1;0.0
44;2021-04-15;7042;2241;0;231718;75843;0;16.1;5.3;0.0
44;2021-04-16;8024;2118;0;239742;77961;0;16.7;5.4;0.0
44;2021-04-17;4333;1398;0;244075;79359;0;17.0;5.5;0.0
44;2021-04-18;2197;796;0;246272;80155;0;17.1;5.6;0.0
44;2021-04-19;5065;2010;0;251337;82165;0;17.5;5.7;0.0
44;2021-04-20;6267;2687;0;257604;84852;0;17.9;5.9;0.0
44;2021-04-21;6084;2851;0;263688;87703;0;18.3;6.1;0.0
44;2021-04-22;7013;2596;0;270701;90299;0;18.8;6.3;0.0
44;2021-04-23;7331;3241;0;278032;93540;0;19.3;6.5;0.0
44;2021-04-24;4004;2041;0;282036;95581;0;19.6;6.7;0.0
44;2021-04-25;2027;1036;0;284063;96617;0;19.8;6.7;0.0
44;2021-04-26;5656;2862;0;289719;99479;0;20.2;6.9;0.0
44;2021-04-27;7481;4219;0;297200;103698;0;20.7;7.2;0.0
44;2021-04-28;7674;3783;0;304874;107481;0;21.2;7.5;0.0
44;2021-04-29;9061;4370;0;313935;111851;0;21.8;7.8;0.0
44;2021-04-30;9563;4730;0;323498;116581;0;22.5;8.1;0.0
44;2021-05-01;2971;889;0;326469;117470;0;22.7;8.2;0.0
44;2021-05-02;1970;611;0;328439;118081;0;22.9;8.2;0.0
44;2021-05-03;5549;4220;0;333988;122301;0;23.2;8.5;0.0
44;2021-05-04;6323;5317;0;340311;127618;0;23.7;8.9;0.0
44;2021-05-05;6025;4773;0;346336;132391;0;24.1;9.2;0.0
44;2021-05-06;7411;5069;0;353747;137460;0;24.6;9.6;0.0
44;2021-05-07;7397;5957;0;361144;143417;0;25.1;10.0;0.0
44;2021-05-08;2685;1285;0;363829;144702;0;25.3;10.1;0.0
44;2021-05-09;1888;1792;0;365717;146494;0;25.4;10.2;0.0
44;2021-05-10;6348;6012;0;372065;152506;0;25.9;10.6;0.0
44;2021-05-11;7605;6490;0;379670;158996;0;26.4;11.1;0.0
44;2021-05-12;8119;5961;0;387789;164957;0;27.0;11.5;0.0
44;2021-05-13;5767;1216;0;393556;166173;0;27.4;11.6;0.0
44;2021-05-14;7742;4142;0;401298;170315;0;27.9;11.9;0.0
44;2021-05-15;5047;2245;0;406345;172560;0;28.3;12.0;0.0
44;2021-05-16;3060;768;0;409405;173328;0;28.5;12.1;0.0
44;2021-05-17;6847;5251;0;416252;178579;0;29.0;12.4;0.0
44;2021-05-18;8214;5296;0;424466;183875;0;29.5;12.8;0.0
44;2021-05-19;8613;4398;0;433079;188273;0;30.1;13.1;0.0
44;2021-05-20;8974;4704;0;442053;192977;0;30.8;13.4;0.0
44;2021-05-21;9278;5267;0;451331;198244;0;31.4;13.8;0.0
44;2021-05-22;5564;2289;0;456895;200533;0;31.8;14.0;0.0
44;2021-05-23;2159;850;0;459054;201383;0;31.9;14.0;0.0
44;2021-05-24;5493;1639;0;464547;203022;0;32.3;14.1;0.0
44;2021-05-25;8255;5589;0;472802;208611;0;32.9;14.5;0.0
44;2021-05-26;8638;5142;0;481440;213753;0;33.5;14.9;0.0
44;2021-05-27;10204;5364;0;491644;219117;0;34.2;15.2;0.0
44;2021-05-28;9643;6897;0;501287;226014;0;34.9;15.7;0.0
44;2021-05-29;6431;3321;0;507718;229335;0;35.3;16.0;0.0
44;2021-05-30;2279;725;0;509997;230060;0;35.5;16.0;0.0
44;2021-05-31;8522;6128;0;518519;236188;0;36.1;16.4;0.0
44;2021-06-01;10498;6564;0;529017;242752;0;36.8;16.9;0.0
44;2021-06-02;10067;5655;0;539084;248407;0;37.5;17.3;0.0
44;2021-06-03;11343;5867;0;550427;254274;0;38.3;17.7;0.0
44;2021-06-04;10551;8136;0;560978;262410;0;39.0;18.3;0.0
44;2021-06-05;6406;4349;0;567384;266759;0;39.5;18.6;0.0
44;2021-06-06;2699;1108;0;570083;267867;0;39.7;18.6;0.0
44;2021-06-07;9484;6996;0;579567;274863;0;40.3;19.1;0.0
44;2021-06-08;11139;7619;0;590706;282482;0;41.1;19.7;0.0
44;2021-06-09;10766;6530;0;601472;289012;0;41.9;20.1;0.0
44;2021-06-10;11579;6073;0;613051;295085;0;42.7;20.5;0.0
44;2021-06-11;11839;8714;0;624890;303799;0;43.5;21.1;0.0
44;2021-06-12;7838;4058;0;632728;307857;0;44.0;21.4;0.0
44;2021-06-13;3356;1063;0;636084;308920;0;44.3;21.5;0.0
44;2021-06-14;8459;8420;0;644543;317340;0;44.8;22.1;0.0
44;2021-06-15;10957;8319;0;655500;325659;0;45.6;22.7;0.0
44;2021-06-16;10719;7648;0;666219;333307;0;46.4;23.2;0.0
44;2021-06-17;11517;8671;0;677736;341978;0;47.2;23.8;0.0
44;2021-06-18;10500;10020;1;688236;351998;1;47.9;24.5;0.0
44;2021-06-19;5921;4289;0;694157;356287;1;48.3;24.8;0.0
44;2021-06-20;2601;1362;0;696758;357649;1;48.5;24.9;0.0
44;2021-06-21;7029;9901;0;703787;367550;1;49.0;25.6;0.0
44;2021-06-22;8124;10578;0;711911;378128;1;49.5;26.3;0.0
44;2021-06-23;8248;9151;0;720159;387279;1;50.1;26.9;0.0
44;2021-06-24;8955;8645;0;729114;395924;1;50.7;27.5;0.0
44;2021-06-25;7275;10836;0;736389;406760;1;51.2;28.3;0.0
44;2021-06-26;2949;6470;0;739338;413230;1;51.4;28.8;0.0
44;2021-06-27;935;2515;0;740273;415745;1;51.5;28.9;0.0
44;2021-06-28;4961;10176;0;745234;425921;1;51.9;29.6;0.0
44;2021-06-29;5981;12158;0;751215;438079;1;52.3;30.5;0.0
44;2021-06-30;5876;10683;1;757091;448762;2;52.7;31.2;0.0
44;2021-07-01;6592;10716;0;763683;459478;2;53.1;32.0;0.0
44;2021-07-02;6059;12770;2;769742;472248;4;53.6;32.9;0.0
44;2021-07-03;2566;7069;1;772308;479317;5;53.7;33.4;0.0
44;2021-07-04;1069;2329;0;773377;481646;5;53.8;33.5;0.0
44;2021-07-05;4791;11946;2;778168;493592;7;54.1;34.3;0.0
44;2021-07-06;5394;12782;1;783562;506374;8;54.5;35.2;0.0
44;2021-07-07;5966;11252;2;789528;517626;10;54.9;36.0;0.0
44;2021-07-08;6770;12021;0;796298;529647;10;55.4;36.9;0.0
44;2021-07-09;5625;14308;1;801923;543955;11;55.8;37.8;0.0
44;2021-07-10;2274;7186;0;804197;551141;11;56.0;38.3;0.0
44;2021-07-11;869;2650;0;805066;553791;11;56.0;38.5;0.0
44;2021-07-12;3972;14094;0;809038;567885;11;56.3;39.5;0.0
44;2021-07-13;5459;14862;2;814497;582747;13;56.7;40.5;0.0
44;2021-07-14;3639;6123;0;818136;588870;13;56.9;41.0;0.0
44;2021-07-15;6945;14364;0;825081;603234;13;57.4;42.0;0.0
44;2021-07-16;7861;14926;1;832942;618160;14;58.0;43.0;0.0
44;2021-07-17;3287;7756;1;836229;625916;15;58.2;43.6;0.0
44;2021-07-18;2000;2883;0;838229;628799;15;58.3;43.8;0.0
44;2021-07-19;4829;14648;0;843058;643447;15;58.7;44.8;0.0
44;2021-07-20;6368;15618;0;849426;659065;15;59.1;45.9;0.0
44;2021-07-21;6284;14074;1;855710;673139;16;59.5;46.8;0.0
44;2021-07-22;7254;13638;0;862964;686777;16;60.0;47.8;0.0
44;2021-07-23;6631;15419;0;869595;702196;16;60.5;48.9;0.0
44;2021-07-24;3189;8571;0;872784;710767;16;60.7;49.5;0.0
44;2021-07-25;1122;3125;0;873906;713892;16;60.8;49.7;0.0
44;2021-07-26;6719;12525;1;880625;726417;17;61.3;50.5;0.0
44;2021-07-27;10279;12017;2;890904;738434;19;62.0;51.4;0.0
44;2021-07-28;9789;10625;0;900693;749059;19;62.7;52.1;0.0
44;2021-07-29;10913;10652;0;911606;759711;19;63.4;52.9;0.0
44;2021-07-30;9786;10710;1;921392;770421;20;64.1;53.6;0.0
44;2021-07-31;5139;5386;0;926531;775807;20;64.5;54.0;0.0
44;2021-08-01;2696;1453;0;929227;777260;20;64.7;54.1;0.0
44;2021-08-02;7166;9191;0;936393;786451;20;65.2;54.7;0.0
44;2021-08-03;9232;8135;0;945625;794586;20;65.8;55.3;0.0
44;2021-08-04;9793;6776;0;955418;801362;20;66.5;55.8;0.0
44;2021-08-05;11776;7212;0;967194;808574;20;67.3;56.3;0.0
44;2021-08-06;10169;7966;0;977363;816540;20;68.0;56.8;0.0
44;2021-08-07;4741;3683;0;982104;820223;20;68.3;57.1;0.0
44;2021-08-08;2589;1516;0;984693;821739;20;68.5;57.2;0.0
44;2021-08-09;8451;7344;2;993144;829083;22;69.1;57.7;0.0
44;2021-08-10;9771;7077;0;1002915;836160;22;69.8;58.2;0.0
44;2021-08-11;9685;6243;1;1012600;842403;23;70.5;58.6;0.0
44;2021-08-12;9597;6713;0;1022197;849116;23;71.1;59.1;0.0
44;2021-08-13;7844;5954;1;1030041;855070;24;71.7;59.5;0.0
44;2021-08-14;2939;3058;0;1032980;858128;24;71.9;59.7;0.0
44;2021-08-15;831;954;0;1033811;859082;24;71.9;59.8;0.0
44;2021-08-16;5293;7881;0;1039104;866963;24;72.3;60.3;0.0
44;2021-08-17;5364;8151;2;1044468;875114;26;72.7;60.9;0.0
44;2021-08-18;4726;7566;0;1049194;882680;26;73.0;61.4;0.0
44;2021-08-19;4653;8194;0;1053847;890874;26;73.3;62.0;0.0
44;2021-08-20;4285;8871;0;1058132;899745;26;73.6;62.6;0.0
44;2021-08-21;1862;4622;0;1059994;904367;26;73.8;62.9;0.0
44;2021-08-22;804;2538;0;1060798;906905;26;73.8;63.1;0.0
44;2021-08-23;3426;9305;0;1064224;916210;26;74.1;63.8;0.0
44;2021-08-24;3398;8777;0;1067622;924987;26;74.3;64.4;0.0
44;2021-08-25;2970;8533;0;1070592;933520;26;74.5;65.0;0.0
44;2021-08-26;2688;10002;2;1073280;943522;28;74.7;65.7;0.0
44;2021-08-27;2903;10472;0;1076183;953994;28;74.9;66.4;0.0
44;2021-08-28;1329;5712;0;1077512;959706;28;75.0;66.8;0.0
44;2021-08-29;519;2765;0;1078031;962471;28;75.0;67.0;0.0
44;2021-08-30;2385;10398;93;1080416;972869;121;75.2;67.7;0.0
44;2021-08-31;2602;10476;244;1083018;983345;365;75.4;68.4;0.0
44;2021-09-01;2551;8998;418;1085569;992343;783;75.5;69.0;0.1
44;2021-09-02;2174;7642;481;1087743;999985;1264;75.7;69.6;0.1
44;2021-09-03;1995;8990;502;1089738;1008975;1766;75.8;70.2;0.1
44;2021-09-04;1317;5468;194;1091055;1014443;1960;75.9;70.6;0.1
44;2021-09-05;455;1255;130;1091510;1015698;2090;76.0;70.7;0.1
44;2021-09-06;1485;5488;582;1092995;1021186;2672;76.1;71.1;0.2
44;2021-09-07;1383;4795;572;1094378;1025981;3244;76.1;71.4;0.2
44;2021-09-08;1734;5646;483;1096112;1031627;3727;76.3;71.8;0.3
44;2021-09-09;1359;4125;661;1097471;1035752;4388;76.4;72.1;0.3
44;2021-09-10;1753;5555;688;1099224;1041307;5076;76.5;72.5;0.4
44;2021-09-11;1004;3746;223;1100228;1045053;5299;76.6;72.7;0.4
44;2021-09-12;210;862;36;1100438;1045915;5335;76.6;72.8;0.4
44;2021-09-13;1096;3288;899;1101534;1049203;6234;76.6;73.0;0.4
44;2021-09-14;1060;3047;1329;1102594;1052250;7563;76.7;73.2;0.5
44;2021-09-15;1382;4271;1022;1103976;1056521;8585;76.8;73.5;0.6
44;2021-09-16;930;2227;1172;1104906;1058748;9757;76.9;73.7;0.7
44;2021-09-17;1159;3720;1199;1106065;1062468;10956;77.0;73.9;0.8
44;2021-09-18;674;2958;202;1106739;1065426;11158;77.0;74.1;0.8
44;2021-09-19;175;688;53;1106914;1066114;11211;77.0;74.2;0.8
44;2021-09-20;832;2030;1139;1107746;1068144;12350;77.1;74.3;0.9
44;2021-09-21;716;1799;1080;1108462;1069943;13430;77.1;74.4;0.9
44;2021-09-22;884;3289;933;1109346;1073232;14363;77.2;74.7;1.0
44;2021-09-23;798;1835;1441;1110144;1075067;15804;77.2;74.8;1.1
44;2021-09-24;1003;2820;1152;1111147;1077887;16956;77.3;75.0;1.2
44;2021-09-25;463;2158;256;1111610;1080045;17212;77.3;75.2;1.2
44;2021-09-26;165;472;54;1111775;1080517;17266;77.4;75.2;1.2
44;2021-09-27;720;1661;1045;1112495;1082178;18311;77.4;75.3;1.3
44;2021-09-28;587;1508;1407;1113082;1083686;19718;77.5;75.4;1.4
44;2021-09-29;919;2385;1181;1114001;1086071;20899;77.5;75.6;1.5
44;2021-09-30;665;1428;1595;1114666;1087499;22494;77.6;75.7;1.6
44;2021-10-01;890;2070;1339;1115556;1089569;23833;77.6;75.8;1.7
44;2021-10-02;458;1220;241;1116014;1090789;24074;77.7;75.9;1.7
44;2021-10-03;184;323;58;1116198;1091112;24132;77.7;75.9;1.7
44;2021-10-04;487;882;557;1116685;1091994;24689;77.7;76.0;1.7
44;2021-10-05;469;909;1034;1117154;1092903;25723;77.7;76.0;1.8
44;2021-10-06;691;1470;939;1117845;1094373;26662;77.8;76.1;1.9
44;2021-10-07;523;1012;1322;1118368;1095385;27984;77.8;76.2;1.9
44;2021-10-08;795;1461;1255;1119163;1096846;29239;77.9;76.3;2.0
44;2021-10-09;352;842;338;1119515;1097688;29577;77.9;76.4;2.1
44;2021-10-10;98;188;124;1119613;1097876;29701;77.9;76.4;2.1
44;2021-10-11;494;960;1182;1120107;1098836;30883;77.9;76.5;2.1
44;2021-10-12;440;794;1324;1120547;1099630;32207;78.0;76.5;2.2
44;2021-10-13;598;1050;1065;1121145;1100680;33272;78.0;76.6;2.3
44;2021-10-14;535;893;1372;1121680;1101573;34644;78.0;76.7;2.4
44;2021-10-15;665;1227;1555;1122345;1102800;36199;78.1;76.7;2.5
44;2021-10-16;311;588;301;1122656;1103388;36500;78.1;76.8;2.5
44;2021-10-17;81;163;81;1122737;1103551;36581;78.1;76.8;2.5
44;2021-10-18;559;743;1357;1123296;1104294;37938;78.2;76.8;2.6
44;2021-10-19;217;637;1581;1123513;1104931;39519;78.2;76.9;2.7
44;2021-10-20;324;959;1708;1123837;1105890;41227;78.2;77.0;2.9
44;2021-10-21;209;646;1371;1124046;1106536;42598;78.2;77.0;3.0
44;2021-10-22;255;975;1862;1124301;1107511;44460;78.2;77.1;3.1
44;2021-10-23;123;475;449;1124424;1107986;44909;78.2;77.1;3.1
44;2021-10-24;32;183;111;1124456;1108169;45020;78.2;77.1;3.1
44;2021-10-25;238;526;1518;1124694;1108695;46538;78.3;77.1;3.2
44;2021-10-26;181;418;1486;1124875;1109113;48024;78.3;77.2;3.3
44;2021-10-27;268;598;1896;1125143;1109711;49920;78.3;77.2;3.5
44;2021-10-28;201;454;1881;1125344;1110165;51801;78.3;77.2;3.6
44;2021-10-29;259;705;2417;1125603;1110870;54218;78.3;77.3;3.8
44;2021-10-30;78;292;564;1125681;1111162;54782;78.3;77.3;3.8
44;2021-10-31;31;118;174;1125712;1111280;54956;78.3;77.3;3.8
44;2021-11-01;18;32;17;1125730;1111312;54973;78.3;77.3;3.8
44;2021-11-02;192;411;1586;1125922;1111723;56559;78.3;77.4;3.9
44;2021-11-03;207;535;1857;1126129;1112258;58416;78.4;77.4;4.1
44;2021-11-04;212;448;2167;1126341;1112706;60583;78.4;77.4;4.2
44;2021-11-05;237;651;2508;1126578;1113357;63091;78.4;77.5;4.4
44;2021-11-06;85;257;843;1126663;1113614;63934;78.4;77.5;4.4
44;2021-11-07;13;104;42;1126676;1113718;63976;78.4;77.5;4.5
44;2021-11-08;159;509;2273;1126835;1114227;66249;78.4;77.5;4.6
44;2021-11-09;170;480;3650;1127005;1114707;69899;78.4;77.6;4.9
44;2021-11-10;245;531;3516;1127250;1115238;73415;78.4;77.6;5.1
44;2021-11-11;15;23;60;1127265;1115261;73475;78.4;77.6;5.1
44;2021-11-12;252;507;3808;1127517;1115768;77283;78.5;77.6;5.4
44;2021-11-13;97;214;918;1127614;1115982;78201;78.5;77.7;5.4
44;2021-11-14;1;7;8;1127615;1115989;78209;78.5;77.7;5.4
44;2021-11-15;145;288;3466;1127760;1116277;81675;78.5;77.7;5.7
44;2021-11-16;171;291;4801;1127931;1116568;86476;78.5;77.7;6.0
44;2021-11-17;262;371;4261;1128193;1116939;90737;78.5;77.7;6.3
44;2021-11-18;170;301;4840;1128363;1117240;95577;78.5;77.7;6.7
44;2021-11-19;235;357;5177;1128598;1117597;100754;78.5;77.8;7.0
44;2021-11-20;160;170;1241;1128758;1117767;101995;78.5;77.8;7.1
44;2021-11-21;4;16;10;1128762;1117783;102005;78.5;77.8;7.1
44;2021-11-22;149;177;3942;1128911;1117960;105947;78.6;77.8;7.4
44;2021-11-23;218;197;5931;1129129;1118157;111878;78.6;77.8;7.8
44;2021-11-24;361;300;5395;1129490;1118457;117273;78.6;77.8;8.2
44;2021-11-25;202;237;6299;1129692;1118694;123572;78.6;77.8;8.6
44;2021-11-26;255;351;8258;1129947;1119045;131830;78.6;77.9;9.2
44;2021-11-27;126;198;3007;1130073;1119243;134837;78.6;77.9;9.4
44;2021-11-28;5;19;635;1130078;1119262;135472;78.6;77.9;9.4
44;2021-11-29;160;200;6651;1130238;1119462;142123;78.6;77.9;9.9
44;2021-11-30;211;219;9961;1130449;1119681;152084;78.7;77.9;10.6
44;2021-12-01;187;235;8759;1130636;1119916;160843;78.7;77.9;11.2
44;2021-12-02;150;178;11041;1130786;1120094;171884;78.7;77.9;12.0
44;2021-12-03;166;271;12048;1130952;1120365;183932;78.7;78.0;12.8
44;2021-12-04;82;130;4638;1131034;1120495;188570;78.7;78.0;13.1
44;2021-12-05;13;11;1005;1131047;1120506;189575;78.7;78.0;13.2
44;2021-12-06;104;181;9944;1131151;1120687;199519;78.7;78.0;13.9
44;2021-12-07;176;208;13282;1131327;1120895;212801;78.7;78.0;14.8
44;2021-12-08;192;284;11337;1131519;1121179;224138;78.7;78.0;15.6
44;2021-12-09;150;249;13569;1131669;1121428;237707;78.7;78.0;16.5
45;2020-12-27;2;0;0;2;0;0;0.0;0.0;0.0
45;2020-12-28;0;0;0;2;0;0;0.0;0.0;0.0
45;2020-12-29;0;0;0;2;0;0;0.0;0.0;0.0
45;2020-12-30;0;0;0;2;0;0;0.0;0.0;0.0
45;2020-12-31;0;0;0;2;0;0;0.0;0.0;0.0
45;2021-01-01;1;0;0;3;0;0;0.0;0.0;0.0
45;2021-01-02;0;0;0;3;0;0;0.0;0.0;0.0
45;2021-01-03;0;0;0;3;0;0;0.0;0.0;0.0
45;2021-01-04;0;0;0;3;0;0;0.0;0.0;0.0
45;2021-01-05;73;0;0;76;0;0;0.0;0.0;0.0
45;2021-01-06;86;0;0;162;0;0;0.0;0.0;0.0
45;2021-01-07;226;1;0;388;1;0;0.1;0.0;0.0
45;2021-01-08;215;0;0;603;1;0;0.1;0.0;0.0
45;2021-01-09;38;0;0;641;1;0;0.1;0.0;0.0
45;2021-01-10;22;0;0;663;1;0;0.1;0.0;0.0
45;2021-01-11;267;1;0;930;2;0;0.1;0.0;0.0
45;2021-01-12;618;3;0;1548;5;0;0.2;0.0;0.0
45;2021-01-13;507;1;0;2055;6;0;0.3;0.0;0.0
45;2021-01-14;507;37;0;2562;43;0;0.4;0.0;0.0
45;2021-01-15;396;2;0;2958;45;0;0.4;0.0;0.0
45;2021-01-16;48;1;0;3006;46;0;0.4;0.0;0.0
45;2021-01-17;25;0;0;3031;46;0;0.4;0.0;0.0
45;2021-01-18;749;1;0;3780;47;0;0.6;0.0;0.0
45;2021-01-19;1153;6;0;4933;53;0;0.7;0.0;0.0
45;2021-01-20;2030;13;0;6963;66;0;1.0;0.0;0.0
45;2021-01-21;2460;6;0;9423;72;0;1.4;0.0;0.0
45;2021-01-22;1387;6;0;10810;78;0;1.6;0.0;0.0
45;2021-01-23;154;1;0;10964;79;0;1.6;0.0;0.0
45;2021-01-24;34;0;0;10998;79;0;1.6;0.0;0.0
45;2021-01-25;567;4;0;11565;83;0;1.7;0.0;0.0
45;2021-01-26;885;20;0;12450;103;0;1.8;0.0;0.0
45;2021-01-27;890;41;0;13340;144;0;2.0;0.0;0.0
45;2021-01-28;945;205;0;14285;349;0;2.1;0.1;0.0
45;2021-01-29;611;131;0;14896;480;0;2.2;0.1;0.0
45;2021-01-30;61;33;0;14957;513;0;2.2;0.1;0.0
45;2021-01-31;39;23;0;14996;536;0;2.2;0.1;0.0
45;2021-02-01;485;204;0;15481;740;0;2.3;0.1;0.0
45;2021-02-02;764;451;0;16245;1191;0;2.4;0.2;0.0
45;2021-02-03;746;470;0;16991;1661;0;2.5;0.2;0.0
45;2021-02-04;738;274;0;17729;1935;0;2.6;0.3;0.0
45;2021-02-05;438;153;0;18167;2088;0;2.7;0.3;0.0
45;2021-02-06;43;27;0;18210;2115;0;2.7;0.3;0.0
45;2021-02-07;6;29;0;18216;2144;0;2.7;0.3;0.0
45;2021-02-08;459;185;0;18675;2329;0;2.7;0.3;0.0
45;2021-02-09;976;413;0;19651;2742;0;2.9;0.4;0.0
45;2021-02-10;1211;796;0;20862;3538;0;3.1;0.5;0.0
45;2021-02-11;1348;1482;0;22210;5020;0;3.3;0.7;0.0
45;2021-02-12;1034;1119;0;23244;6139;0;3.4;0.9;0.0
45;2021-02-13;88;149;0;23332;6288;0;3.4;0.9;0.0
45;2021-02-14;40;13;0;23372;6301;0;3.4;0.9;0.0
45;2021-02-15;528;616;0;23900;6917;0;3.5;1.0;0.0
45;2021-02-16;773;974;0;24673;7891;0;3.6;1.2;0.0
45;2021-02-17;617;1068;0;25290;8959;0;3.7;1.3;0.0
45;2021-02-18;840;915;0;26130;9874;0;3.8;1.4;0.0
45;2021-02-19;827;804;0;26957;10678;0;3.9;1.6;0.0
45;2021-02-20;59;96;0;27016;10774;0;4.0;1.6;0.0
45;2021-02-21;18;47;0;27034;10821;0;4.0;1.6;0.0
45;2021-02-22;382;630;0;27416;11451;0;4.0;1.7;0.0
45;2021-02-23;768;797;0;28184;12248;0;4.1;1.8;0.0
45;2021-02-24;611;922;0;28795;13170;0;4.2;1.9;0.0
45;2021-02-25;948;826;0;29743;13996;0;4.4;2.0;0.0
45;2021-02-26;1027;703;0;30770;14699;0;4.5;2.2;0.0
45;2021-02-27;295;62;0;31065;14761;0;4.5;2.2;0.0
45;2021-02-28;26;9;0;31091;14770;0;4.6;2.2;0.0
45;2021-03-01;536;360;0;31627;15130;0;4.6;2.2;0.0
45;2021-03-02;712;705;0;32339;15835;0;4.7;2.3;0.0
45;2021-03-03;949;855;0;33288;16690;0;4.9;2.4;0.0
45;2021-03-04;1123;964;0;34411;17654;0;5.0;2.6;0.0
45;2021-03-05;1447;886;0;35858;18540;0;5.3;2.7;0.0
45;2021-03-06;2080;142;0;37938;18682;0;5.6;2.7;0.0
45;2021-03-07;190;67;0;38128;18749;0;5.6;2.7;0.0
45;2021-03-08;779;782;0;38907;19531;0;5.7;2.9;0.0
45;2021-03-09;1300;716;0;40207;20247;0;5.9;3.0;0.0
45;2021-03-10;1607;922;0;41814;21169;0;6.1;3.1;0.0
45;2021-03-11;1766;757;0;43580;21926;0;6.4;3.2;0.0
45;2021-03-12;2093;647;0;45673;22573;0;6.7;3.3;0.0
45;2021-03-13;1071;55;0;46744;22628;0;6.8;3.3;0.0
45;2021-03-14;67;49;0;46811;22677;0;6.9;3.3;0.0
45;2021-03-15;883;552;0;47694;23229;0;7.0;3.4;0.0
45;2021-03-16;1032;808;0;48726;24037;0;7.1;3.5;0.0
45;2021-03-17;1092;627;0;49818;24664;0;7.3;3.6;0.0
45;2021-03-18;1078;575;0;50896;25239;0;7.5;3.7;0.0
45;2021-03-19;1730;424;0;52626;25663;0;7.7;3.8;0.0
45;2021-03-20;581;82;0;53207;25745;0;7.8;3.8;0.0
45;2021-03-21;34;36;0;53241;25781;0;7.8;3.8;0.0
45;2021-03-22;1007;489;0;54248;26270;0;7.9;3.8;0.0
45;2021-03-23;2090;698;0;56338;26968;0;8.2;3.9;0.0
45;2021-03-24;1969;516;0;58307;27484;0;8.5;4.0;0.0
45;2021-03-25;3167;456;0;61474;27940;0;9.0;4.1;0.0
45;2021-03-26;3525;492;0;64999;28432;0;9.5;4.2;0.0
45;2021-03-27;1855;123;0;66854;28555;0;9.8;4.2;0.0
45;2021-03-28;91;38;0;66945;28593;0;9.8;4.2;0.0
45;2021-03-29;1625;556;0;68570;29149;0;10.0;4.3;0.0
45;2021-03-30;2828;820;0;71398;29969;0;10.5;4.4;0.0
45;2021-03-31;2249;593;0;73647;30562;0;10.8;4.5;0.0
45;2021-04-01;3145;596;0;76792;31158;0;11.2;4.6;0.0
45;2021-04-02;2912;541;0;79704;31699;0;11.7;4.6;0.0
45;2021-04-03;853;105;0;80557;31804;0;11.8;4.7;0.0
45;2021-04-04;122;38;0;80679;31842;0;11.8;4.7;0.0
45;2021-04-05;40;2;0;80719;31844;0;11.8;4.7;0.0
45;2021-04-06;1872;811;0;82591;32655;0;12.1;4.8;0.0
45;2021-04-07;1983;1179;0;84574;33834;0;12.4;5.0;0.0
45;2021-04-08;2992;1065;0;87566;34899;0;12.8;5.1;0.0
45;2021-04-09;3779;693;0;91345;35592;0;13.4;5.2;0.0
45;2021-04-10;2409;200;0;93754;35792;0;13.7;5.2;0.0
45;2021-04-11;182;47;0;93936;35839;0;13.8;5.2;0.0
45;2021-04-12;2626;692;0;96562;36531;0;14.1;5.3;0.0
45;2021-04-13;3976;1174;0;100538;37705;0;14.7;5.5;0.0
45;2021-04-14;3046;1285;0;103584;38990;0;15.2;5.7;0.0
45;2021-04-15;3667;1110;0;107251;40100;0;15.7;5.9;0.0
45;2021-04-16;3903;777;0;111154;40877;0;16.3;6.0;0.0
45;2021-04-17;1612;164;0;112766;41041;0;16.5;6.0;0.0
45;2021-04-18;204;46;0;112970;41087;0;16.5;6.0;0.0
45;2021-04-19;1996;993;0;114966;42080;0;16.8;6.2;0.0
45;2021-04-20;3195;1766;0;118161;43846;0;17.3;6.4;0.0
45;2021-04-21;2831;1394;0;120992;45240;0;17.7;6.6;0.0
45;2021-04-22;3488;1988;0;124480;47228;0;18.2;6.9;0.0
45;2021-04-23;3453;1851;0;127933;49079;0;18.7;7.2;0.0
45;2021-04-24;2277;931;0;130210;50010;0;19.1;7.3;0.0
45;2021-04-25;443;97;0;130653;50107;0;19.1;7.3;0.0
45;2021-04-26;2379;1216;0;133032;51323;0;19.5;7.5;0.0
45;2021-04-27;3584;2374;0;136616;53697;0;20.0;7.9;0.0
45;2021-04-28;2998;2072;0;139614;55769;0;20.4;8.2;0.0
45;2021-04-29;4136;2430;0;143750;58199;0;21.1;8.5;0.0
45;2021-04-30;4594;1878;0;148344;60077;0;21.7;8.8;0.0
45;2021-05-01;514;95;0;148858;60172;0;21.8;8.8;0.0
45;2021-05-02;640;126;0;149498;60298;0;21.9;8.8;0.0
45;2021-05-03;3010;1125;0;152508;61423;0;22.3;9.0;0.0
45;2021-05-04;3477;2472;0;155985;63895;0;22.8;9.4;0.0
45;2021-05-05;2979;2259;0;158964;66154;0;23.3;9.7;0.0
45;2021-05-06;3688;2684;0;162652;68838;0;23.8;10.1;0.0
45;2021-05-07;3157;3240;0;165809;72078;0;24.3;10.6;0.0
45;2021-05-08;867;323;0;166676;72401;0;24.4;10.6;0.0
45;2021-05-09;1473;169;0;168149;72570;0;24.6;10.6;0.0
45;2021-05-10;4190;3067;0;172339;75637;0;25.2;11.1;0.0
45;2021-05-11;5113;3156;0;177452;78793;0;26.0;11.5;0.0
45;2021-05-12;6104;2999;0;183556;81792;0;26.9;12.0;0.0
45;2021-05-13;2777;632;0;186333;82424;0;27.3;12.1;0.0
45;2021-05-14;5187;1725;0;191520;84149;0;28.0;12.3;0.0
45;2021-05-15;4357;664;0;195877;84813;0;28.7;12.4;0.0
45;2021-05-16;386;58;0;196263;84871;0;28.7;12.4;0.0
45;2021-05-17;3702;1613;0;199965;86484;0;29.3;12.7;0.0
45;2021-05-18;5632;1812;0;205597;88296;0;30.1;12.9;0.0
45;2021-05-19;5082;2129;0;210679;90425;0;30.9;13.2;0.0
45;2021-05-20;5858;2193;0;216537;92618;0;31.7;13.6;0.0
45;2021-05-21;5663;2335;0;222200;94953;0;32.5;13.9;0.0
45;2021-05-22;3394;667;0;225594;95620;0;33.0;14.0;0.0
45;2021-05-23;224;106;0;225818;95726;0;33.1;14.0;0.0
45;2021-05-24;3194;255;0;229012;95981;0;33.5;14.1;0.0
45;2021-05-25;5543;3068;0;234555;99049;0;34.3;14.5;0.0
45;2021-05-26;5843;2416;0;240398;101465;0;35.2;14.9;0.0
45;2021-05-27;5808;3336;0;246206;104801;0;36.1;15.3;0.0
45;2021-05-28;5941;3573;0;252147;108374;0;36.9;15.9;0.0
45;2021-05-29;3933;1330;0;256080;109704;0;37.5;16.1;0.0
45;2021-05-30;139;185;0;256219;109889;0;37.5;16.1;0.0
45;2021-05-31;4310;2568;0;260529;112457;0;38.2;16.5;0.0
45;2021-06-01;6167;3234;0;266696;115691;0;39.1;16.9;0.0
45;2021-06-02;4959;3246;0;271655;118937;0;39.8;17.4;0.0
45;2021-06-03;5816;3375;0;277471;122312;0;40.6;17.9;0.0
45;2021-06-04;5884;3324;0;283355;125636;0;41.5;18.4;0.0
45;2021-06-05;2420;1599;0;285775;127235;0;41.8;18.6;0.0
45;2021-06-06;275;341;0;286050;127576;0;41.9;18.7;0.0
45;2021-06-07;4025;2852;0;290075;130428;0;42.5;19.1;0.0
45;2021-06-08;4674;4352;0;294749;134780;0;43.2;19.7;0.0
45;2021-06-09;4465;3506;0;299214;138286;0;43.8;20.3;0.0
45;2021-06-10;4833;2996;0;304047;141282;0;44.5;20.7;0.0
45;2021-06-11;4157;3878;0;308204;145160;0;45.1;21.3;0.0
45;2021-06-12;2718;1603;0;310922;146763;0;45.5;21.5;0.0
45;2021-06-13;128;483;0;311050;147246;0;45.5;21.6;0.0
45;2021-06-14;3047;4371;0;314097;151617;0;46.0;22.2;0.0
45;2021-06-15;3408;4668;0;317505;156285;0;46.5;22.9;0.0
45;2021-06-16;3816;3729;1;321321;160014;1;47.1;23.4;0.0
45;2021-06-17;3469;3836;0;324790;163850;1;47.6;24.0;0.0
45;2021-06-18;3821;5190;0;328611;169040;1;48.1;24.8;0.0
45;2021-06-19;2445;2012;0;331056;171052;1;48.5;25.0;0.0
45;2021-06-20;111;183;0;331167;171235;1;48.5;25.1;0.0
45;2021-06-21;2148;5965;0;333315;177200;1;48.8;25.9;0.0
45;2021-06-22;2446;6793;0;335761;183993;1;49.2;26.9;0.0
45;2021-06-23;2298;5812;0;338059;189805;1;49.5;27.8;0.0
45;2021-06-24;2205;3845;0;340264;193650;1;49.8;28.4;0.0
45;2021-06-25;2425;6597;0;342689;200247;1;50.2;29.3;0.0
45;2021-06-26;1859;3407;0;344548;203654;1;50.5;29.8;0.0
45;2021-06-27;92;240;0;344640;203894;1;50.5;29.9;0.0
45;2021-06-28;2022;5205;0;346662;209099;1;50.8;30.6;0.0
45;2021-06-29;2651;7242;0;349313;216341;1;51.2;31.7;0.0
45;2021-06-30;2881;6268;0;352194;222609;1;51.6;32.6;0.0
45;2021-07-01;2424;5477;0;354618;228086;1;51.9;33.4;0.0
45;2021-07-02;2349;6634;0;356967;234720;1;52.3;34.4;0.0
45;2021-07-03;827;3016;0;357794;237736;1;52.4;34.8;0.0
45;2021-07-04;75;197;0;357869;237933;1;52.4;34.8;0.0
45;2021-07-05;2008;5168;0;359877;243101;1;52.7;35.6;0.0
45;2021-07-06;2661;7191;0;362538;250292;1;53.1;36.7;0.0
45;2021-07-07;2300;6594;0;364838;256886;1;53.4;37.6;0.0
45;2021-07-08;2693;5629;0;367531;262515;1;53.8;38.4;0.0
45;2021-07-09;2189;7119;0;369720;269634;1;54.1;39.5;0.0
45;2021-07-10;1551;4197;0;371271;273831;1;54.4;40.1;0.0
45;2021-07-11;94;171;0;371365;274002;1;54.4;40.1;0.0
45;2021-07-12;1609;5939;0;372974;279941;1;54.6;41.0;0.0
45;2021-07-13;3085;8334;0;376059;288275;1;55.1;42.2;0.0
45;2021-07-14;1554;1713;0;377613;289988;1;55.3;42.5;0.0
45;2021-07-15;3928;7416;0;381541;297404;1;55.9;43.6;0.0
45;2021-07-16;3467;7356;0;385008;304760;1;56.4;44.6;0.0
45;2021-07-17;1485;2732;0;386493;307492;1;56.6;45.0;0.0
45;2021-07-18;251;236;0;386744;307728;1;56.6;45.1;0.0
45;2021-07-19;2109;5898;0;388853;313626;1;56.9;45.9;0.0
45;2021-07-20;4799;6836;0;393652;320462;1;57.6;46.9;0.0
45;2021-07-21;5196;5503;0;398848;325965;1;58.4;47.7;0.0
45;2021-07-22;6264;5070;0;405112;331035;1;59.3;48.5;0.0
45;2021-07-23;4457;5655;0;409569;336690;1;60.0;49.3;0.0
45;2021-07-24;2047;2919;0;411616;339609;1;60.3;49.7;0.0
45;2021-07-25;286;159;0;411902;339768;1;60.3;49.8;0.0
45;2021-07-26;3068;4903;0;414970;344671;1;60.8;50.5;0.0
45;2021-07-27;5446;5055;0;420416;349726;1;61.6;51.2;0.0
45;2021-07-28;4842;4056;0;425258;353782;1;62.3;51.8;0.0
45;2021-07-29;5256;3392;0;430514;357174;1;63.0;52.3;0.0
45;2021-07-30;4931;4786;0;435445;361960;1;63.8;53.0;0.0
45;2021-07-31;1301;2256;0;436746;364216;1;64.0;53.3;0.0
45;2021-08-01;281;97;0;437027;364313;1;64.0;53.3;0.0
45;2021-08-02;3682;3234;0;440709;367547;1;64.5;53.8;0.0
45;2021-08-03;4771;3046;0;445480;370593;1;65.2;54.3;0.0
45;2021-08-04;3578;2405;0;449058;372998;1;65.8;54.6;0.0
45;2021-08-05;3281;2720;0;452339;375718;1;66.2;55.0;0.0
45;2021-08-06;3624;3335;0;455963;379053;1;66.8;55.5;0.0
45;2021-08-07;1705;1258;0;457668;380311;1;67.0;55.7;0.0
45;2021-08-08;136;166;0;457804;380477;1;67.0;55.7;0.0
45;2021-08-09;2617;3233;0;460421;383710;1;67.4;56.2;0.0
45;2021-08-10;3338;3891;0;463759;387601;1;67.9;56.8;0.0
45;2021-08-11;2616;3692;0;466375;391293;1;68.3;57.3;0.0
45;2021-08-12;2145;3546;0;468520;394839;1;68.6;57.8;0.0
45;2021-08-13;1786;4178;0;470306;399017;1;68.9;58.4;0.0
45;2021-08-14;758;1268;0;471064;400285;1;69.0;58.6;0.0
45;2021-08-15;85;91;0;471149;400376;1;69.0;58.6;0.0
45;2021-08-16;1193;2608;0;472342;402984;1;69.2;59.0;0.0
45;2021-08-17;1839;3702;0;474181;406686;1;69.4;59.6;0.0
45;2021-08-18;1689;3907;0;475870;410593;1;69.7;60.1;0.0
45;2021-08-19;1481;4146;0;477351;414739;1;69.9;60.7;0.0
45;2021-08-20;1430;3625;0;478781;418364;1;70.1;61.3;0.0
45;2021-08-21;873;1438;0;479654;419802;1;70.2;61.5;0.0
45;2021-08-22;50;243;0;479704;420045;1;70.2;61.5;0.0
45;2021-08-23;1198;4297;0;480902;424342;1;70.4;62.1;0.0
45;2021-08-24;1673;4634;0;482575;428976;1;70.7;62.8;0.0
45;2021-08-25;1496;3644;0;484071;432620;1;70.9;63.4;0.0
45;2021-08-26;1044;3528;0;485115;436148;1;71.0;63.9;0.0
45;2021-08-27;1389;4805;0;486504;440953;1;71.2;64.6;0.0
45;2021-08-28;845;2119;0;487349;443072;1;71.4;64.9;0.0
45;2021-08-29;118;228;0;487467;443300;1;71.4;64.9;0.0
45;2021-08-30;1133;3976;74;488600;447276;75;71.5;65.5;0.0
45;2021-08-31;1071;4268;132;489671;451544;207;71.7;66.1;0.0
45;2021-09-01;1114;3310;168;490785;454854;375;71.9;66.6;0.1
45;2021-09-02;947;3040;249;491732;457894;624;72.0;67.1;0.1
45;2021-09-03;1042;3525;252;492774;461419;876;72.2;67.6;0.1
45;2021-09-04;548;1435;54;493322;462854;930;72.2;67.8;0.1
45;2021-09-05;23;72;1;493345;462926;931;72.2;67.8;0.1
45;2021-09-06;843;2311;462;494188;465237;1393;72.4;68.1;0.2
45;2021-09-07;717;1735;497;494905;466972;1890;72.5;68.4;0.3
45;2021-09-08;829;2138;395;495734;469110;2285;72.6;68.7;0.3
45;2021-09-09;764;1461;256;496498;470571;2541;72.7;68.9;0.4
45;2021-09-10;773;1603;299;497271;472174;2840;72.8;69.1;0.4
45;2021-09-11;427;1547;108;497698;473721;2948;72.9;69.4;0.4
45;2021-09-12;344;207;179;498042;473928;3127;72.9;69.4;0.5
45;2021-09-13;443;921;340;498485;474849;3467;73.0;69.5;0.5
45;2021-09-14;762;1450;715;499247;476299;4182;73.1;69.7;0.6
45;2021-09-15;738;1704;603;499985;478003;4785;73.2;70.0;0.7
45;2021-09-16;761;989;506;500746;478992;5291;73.3;70.1;0.8
45;2021-09-17;742;1586;535;501488;480578;5826;73.4;70.4;0.9
45;2021-09-18;453;985;188;501941;481563;6014;73.5;70.5;0.9
45;2021-09-19;12;61;1;501953;481624;6015;73.5;70.5;0.9
45;2021-09-20;392;930;671;502345;482554;6686;73.6;70.7;1.0
45;2021-09-21;454;761;642;502799;483315;7328;73.6;70.8;1.1
45;2021-09-22;415;1574;732;503214;484889;8060;73.7;71.0;1.2
45;2021-09-23;503;874;749;503717;485763;8809;73.8;71.1;1.3
45;2021-09-24;539;1289;483;504256;487052;9292;73.8;71.3;1.4
45;2021-09-25;312;762;178;504568;487814;9470;73.9;71.4;1.4
45;2021-09-26;12;30;6;504580;487844;9476;73.9;71.4;1.4
45;2021-09-27;415;730;550;504995;488574;10026;73.9;71.5;1.5
45;2021-09-28;424;765;740;505419;489339;10766;74.0;71.7;1.6
45;2021-09-29;468;936;749;505887;490275;11515;74.1;71.8;1.7
45;2021-09-30;390;812;594;506277;491087;12109;74.1;71.9;1.8
45;2021-10-01;396;747;353;506673;491834;12462;74.2;72.0;1.8
45;2021-10-02;311;561;259;506984;492395;12721;74.2;72.1;1.9
45;2021-10-03;87;335;148;507071;492730;12869;74.3;72.2;1.9
45;2021-10-04;216;367;457;507287;493097;13326;74.3;72.2;2.0
45;2021-10-05;394;681;830;507681;493778;14156;74.3;72.3;2.1
45;2021-10-06;440;719;688;508121;494497;14844;74.4;72.4;2.2
45;2021-10-07;282;703;730;508403;495200;15574;74.4;72.5;2.3
45;2021-10-08;373;728;675;508776;495928;16249;74.5;72.6;2.4
45;2021-10-09;382;633;332;509158;496561;16581;74.6;72.7;2.4
45;2021-10-10;13;14;5;509171;496575;16586;74.6;72.7;2.4
45;2021-10-11;239;399;479;509410;496974;17065;74.6;72.8;2.5
45;2021-10-12;323;552;1011;509733;497526;18076;74.6;72.9;2.6
45;2021-10-13;320;573;886;510053;498099;18962;74.7;72.9;2.8
45;2021-10-14;254;395;621;510307;498494;19583;74.7;73.0;2.9
45;2021-10-15;396;657;858;510703;499151;20441;74.8;73.1;3.0
45;2021-10-16;333;444;309;511036;499595;20750;74.8;73.2;3.0
45;2021-10-17;3;13;9;511039;499608;20759;74.8;73.2;3.0
45;2021-10-18;224;345;476;511263;499953;21235;74.9;73.2;3.1
45;2021-10-19;203;529;843;511466;500482;22078;74.9;73.3;3.2
45;2021-10-20;307;464;923;511773;500946;23001;74.9;73.4;3.4
45;2021-10-21;239;424;956;512012;501370;23957;75.0;73.4;3.5
45;2021-10-22;270;522;903;512282;501892;24860;75.0;73.5;3.6
45;2021-10-23;242;380;382;512524;502272;25242;75.1;73.6;3.7
45;2021-10-24;5;19;3;512529;502291;25245;75.1;73.6;3.7
45;2021-10-25;197;295;715;512726;502586;25960;75.1;73.6;3.8
45;2021-10-26;223;386;1109;512949;502972;27069;75.1;73.7;4.0
45;2021-10-27;242;474;1079;513191;503446;28148;75.1;73.7;4.1
45;2021-10-28;183;252;888;513374;503698;29036;75.2;73.8;4.3
45;2021-10-29;228;351;890;513602;504049;29926;75.2;73.8;4.4
45;2021-10-30;152;279;440;513754;504328;30366;75.2;73.9;4.4
45;2021-10-31;3;6;2;513757;504334;30368;75.2;73.9;4.4
45;2021-11-01;21;30;17;513778;504364;30385;75.2;73.9;4.4
45;2021-11-02;236;427;1095;514014;504791;31480;75.3;73.9;4.6
45;2021-11-03;229;380;1159;514243;505171;32639;75.3;74.0;4.8
45;2021-11-04;177;205;1291;514420;505376;33930;75.3;74.0;5.0
45;2021-11-05;232;356;1267;514652;505732;35197;75.4;74.1;5.2
45;2021-11-06;166;317;553;514818;506049;35750;75.4;74.1;5.2
45;2021-11-07;5;23;19;514823;506072;35769;75.4;74.1;5.2
45;2021-11-08;174;265;1258;514997;506337;37027;75.4;74.1;5.4
45;2021-11-09;154;285;1858;515151;506622;38885;75.4;74.2;5.7
45;2021-11-10;271;411;2029;515422;507033;40914;75.5;74.2;6.0
45;2021-11-11;47;50;184;515469;507083;41098;75.5;74.3;6.0
45;2021-11-12;281;368;2070;515750;507451;43168;75.5;74.3;6.3
45;2021-11-13;198;260;813;515948;507711;43981;75.6;74.3;6.4
45;2021-11-14;6;24;12;515954;507735;43993;75.6;74.4;6.4
45;2021-11-15;158;233;1744;516112;507968;45737;75.6;74.4;6.7
45;2021-11-16;200;248;2319;516312;508216;48056;75.6;74.4;7.0
45;2021-11-17;286;290;2206;516598;508506;50262;75.6;74.5;7.4
45;2021-11-18;173;183;2094;516771;508689;52356;75.7;74.5;7.7
45;2021-11-19;256;333;2156;517027;509022;54512;75.7;74.5;8.0
45;2021-11-20;275;306;964;517302;509328;55476;75.8;74.6;8.1
45;2021-11-21;3;3;28;517305;509331;55504;75.8;74.6;8.1
45;2021-11-22;176;151;2105;517481;509482;57609;75.8;74.6;8.4
45;2021-11-23;229;227;2899;517710;509709;60508;75.8;74.6;8.9
45;2021-11-24;296;281;2635;518006;509990;63143;75.9;74.7;9.2
45;2021-11-25;189;242;3310;518195;510232;66453;75.9;74.7;9.7
45;2021-11-26;228;238;3942;518423;510470;70395;75.9;74.8;10.3
45;2021-11-27;196;225;2198;518619;510695;72593;75.9;74.8;10.6
45;2021-11-28;31;50;1778;518650;510745;74371;75.9;74.8;10.9
45;2021-11-29;108;187;3736;518758;510932;78107;76.0;74.8;11.4
45;2021-11-30;148;172;5026;518906;511104;83133;76.0;74.8;12.2
45;2021-12-01;127;221;5098;519033;511325;88231;76.0;74.9;12.9
45;2021-12-02;119;163;5332;519152;511488;93563;76.0;74.9;13.7
45;2021-12-03;134;251;4992;519286;511739;98555;76.0;74.9;14.4
45;2021-12-04;112;189;2906;519398;511928;101461;76.1;75.0;14.9
45;2021-12-05;11;20;574;519409;511948;102035;76.1;75.0;14.9
45;2021-12-06;89;190;5598;519498;512138;107633;76.1;75.0;15.8
45;2021-12-07;192;236;7829;519690;512374;115462;76.1;75.0;16.9
45;2021-12-08;179;288;7185;519869;512662;122647;76.1;75.1;18.0
45;2021-12-09;142;218;7536;520011;512880;130183;76.1;75.1;19.1
46;2020-12-27;1;0;0;1;0;0;0.0;0.0;0.0
46;2020-12-28;0;0;0;1;0;0;0.0;0.0;0.0
46;2020-12-29;0;0;0;1;0;0;0.0;0.0;0.0
46;2020-12-30;0;0;0;1;0;0;0.0;0.0;0.0
46;2020-12-31;0;0;0;1;0;0;0.0;0.0;0.0
46;2021-01-01;0;0;0;1;0;0;0.0;0.0;0.0
46;2021-01-02;0;0;0;1;0;0;0.0;0.0;0.0
46;2021-01-03;0;0;0;1;0;0;0.0;0.0;0.0
46;2021-01-04;0;0;0;1;0;0;0.0;0.0;0.0
46;2021-01-05;0;0;0;1;0;0;0.0;0.0;0.0
46;2021-01-06;3;0;0;4;0;0;0.0;0.0;0.0
46;2021-01-07;127;1;0;131;1;0;0.1;0.0;0.0
46;2021-01-08;169;0;0;300;1;0;0.2;0.0;0.0
46;2021-01-09;1;0;0;301;1;0;0.2;0.0;0.0
46;2021-01-10;2;0;0;303;1;0;0.2;0.0;0.0
46;2021-01-11;95;0;0;398;1;0;0.2;0.0;0.0
46;2021-01-12;137;0;0;535;1;0;0.3;0.0;0.0
46;2021-01-13;221;1;0;756;2;0;0.4;0.0;0.0
46;2021-01-14;236;1;0;992;3;0;0.6;0.0;0.0
46;2021-01-15;292;2;0;1284;5;0;0.7;0.0;0.0
46;2021-01-16;17;0;0;1301;5;0;0.8;0.0;0.0
46;2021-01-17;1;0;0;1302;5;0;0.8;0.0;0.0
46;2021-01-18;277;3;0;1579;8;0;0.9;0.0;0.0
46;2021-01-19;390;0;0;1969;8;0;1.1;0.0;0.0
46;2021-01-20;916;3;0;2885;11;0;1.7;0.0;0.0
46;2021-01-21;917;1;0;3802;12;0;2.2;0.0;0.0
46;2021-01-22;409;1;0;4211;13;0;2.4;0.0;0.0
46;2021-01-23;17;0;0;4228;13;0;2.4;0.0;0.0
46;2021-01-24;1;0;0;4229;13;0;2.4;0.0;0.0
46;2021-01-25;225;2;0;4454;15;0;2.6;0.0;0.0
46;2021-01-26;299;2;0;4753;17;0;2.7;0.0;0.0
46;2021-01-27;277;1;0;5030;18;0;2.9;0.0;0.0
46;2021-01-28;308;44;0;5338;62;0;3.1;0.0;0.0
46;2021-01-29;255;83;0;5593;145;0;3.2;0.1;0.0
46;2021-01-30;9;2;0;5602;147;0;3.2;0.1;0.0
46;2021-01-31;0;0;0;5602;147;0;3.2;0.1;0.0
46;2021-02-01;206;149;0;5808;296;0;3.4;0.2;0.0
46;2021-02-02;205;209;0;6013;505;0;3.5;0.3;0.0
46;2021-02-03;251;91;0;6264;596;0;3.6;0.3;0.0
46;2021-02-04;342;87;0;6606;683;0;3.8;0.4;0.0
46;2021-02-05;205;169;0;6811;852;0;3.9;0.5;0.0
46;2021-02-06;16;3;0;6827;855;0;3.9;0.5;0.0
46;2021-02-07;34;0;0;6861;855;0;4.0;0.5;0.0
46;2021-02-08;192;146;0;7053;1001;0;4.1;0.6;0.0
46;2021-02-09;251;224;0;7304;1225;0;4.2;0.7;0.0
46;2021-02-10;324;525;0;7628;1750;0;4.4;1.0;0.0
46;2021-02-11;576;531;0;8204;2281;0;4.7;1.3;0.0
46;2021-02-12;306;341;0;8510;2622;0;4.9;1.5;0.0
46;2021-02-13;8;8;0;8518;2630;0;4.9;1.5;0.0
46;2021-02-14;0;57;0;8518;2687;0;4.9;1.6;0.0
46;2021-02-15;184;299;0;8702;2986;0;5.0;1.7;0.0
46;2021-02-16;211;279;0;8913;3265;0;5.1;1.9;0.0
46;2021-02-17;227;342;0;9140;3607;0;5.3;2.1;0.0
46;2021-02-18;354;295;0;9494;3902;0;5.5;2.3;0.0
46;2021-02-19;244;239;0;9738;4141;0;5.6;2.4;0.0
46;2021-02-20;3;11;0;9741;4152;0;5.6;2.4;0.0
46;2021-02-21;0;0;0;9741;4152;0;5.6;2.4;0.0
46;2021-02-22;153;212;0;9894;4364;0;5.7;2.5;0.0
46;2021-02-23;243;242;0;10137;4606;0;5.9;2.7;0.0
46;2021-02-24;199;356;0;10336;4962;0;6.0;2.9;0.0
46;2021-02-25;255;299;0;10591;5261;0;6.1;3.0;0.0
46;2021-02-26;380;327;0;10971;5588;0;6.3;3.2;0.0
46;2021-02-27;114;6;0;11085;5594;0;6.4;3.2;0.0
46;2021-02-28;7;3;0;11092;5597;0;6.4;3.2;0.0
46;2021-03-01;175;161;0;11267;5758;0;6.5;3.3;0.0
46;2021-03-02;383;203;0;11650;5961;0;6.7;3.4;0.0
46;2021-03-03;436;292;0;12086;6253;0;7.0;3.6;0.0
46;2021-03-04;571;408;0;12657;6661;0;7.3;3.8;0.0
46;2021-03-05;726;345;0;13383;7006;0;7.7;4.0;0.0
46;2021-03-06;467;20;0;13850;7026;0;8.0;4.1;0.0
46;2021-03-07;107;18;0;13957;7044;0;8.1;4.1;0.0
46;2021-03-08;331;237;0;14288;7281;0;8.3;4.2;0.0
46;2021-03-09;704;241;0;14992;7522;0;8.7;4.3;0.0
46;2021-03-10;643;238;0;15635;7760;0;9.0;4.5;0.0
46;2021-03-11;788;243;0;16423;8003;0;9.5;4.6;0.0
46;2021-03-12;852;225;0;17275;8228;0;10.0;4.8;0.0
46;2021-03-13;505;8;0;17780;8236;0;10.3;4.8;0.0
46;2021-03-14;16;0;0;17796;8236;0;10.3;4.8;0.0
46;2021-03-15;474;158;0;18270;8394;0;10.6;4.8;0.0
46;2021-03-16;665;162;0;18935;8556;0;10.9;4.9;0.0
46;2021-03-17;602;189;0;19537;8745;0;11.3;5.1;0.0
46;2021-03-18;683;202;0;20220;8947;0;11.7;5.2;0.0
46;2021-03-19;732;149;0;20952;9096;0;12.1;5.3;0.0
46;2021-03-20;262;4;0;21214;9100;0;12.3;5.3;0.0
46;2021-03-21;6;1;0;21220;9101;0;12.3;5.3;0.0
46;2021-03-22;497;243;0;21717;9344;0;12.5;5.4;0.0
46;2021-03-23;652;221;0;22369;9565;0;12.9;5.5;0.0
46;2021-03-24;625;230;0;22994;9795;0;13.3;5.7;0.0
46;2021-03-25;1042;182;0;24036;9977;0;13.9;5.8;0.0
46;2021-03-26;933;319;0;24969;10296;0;14.4;5.9;0.0
46;2021-03-27;390;67;0;25359;10363;0;14.6;6.0;0.0
46;2021-03-28;126;1;0;25485;10364;0;14.7;6.0;0.0
46;2021-03-29;660;251;0;26145;10615;0;15.1;6.1;0.0
46;2021-03-30;733;340;0;26878;10955;0;15.5;6.3;0.0
46;2021-03-31;825;380;0;27703;11335;0;16.0;6.5;0.0
46;2021-04-01;1103;337;0;28806;11672;0;16.6;6.7;0.0
46;2021-04-02;834;360;0;29640;12032;0;17.1;6.9;0.0
46;2021-04-03;171;151;0;29811;12183;0;17.2;7.0;0.0
46;2021-04-04;2;62;0;29813;12245;0;17.2;7.1;0.0
46;2021-04-05;12;1;0;29825;12246;0;17.2;7.1;0.0
46;2021-04-06;524;468;0;30349;12714;0;17.5;7.3;0.0
46;2021-04-07;740;593;0;31089;13307;0;18.0;7.7;0.0
46;2021-04-08;933;486;0;32022;13793;0;18.5;8.0;0.0
46;2021-04-09;950;463;0;32972;14256;0;19.0;8.2;0.0
46;2021-04-10;490;178;0;33462;14434;0;19.3;8.3;0.0
46;2021-04-11;242;2;0;33704;14436;0;19.5;8.3;0.0
46;2021-04-12;779;511;0;34483;14947;0;19.9;8.6;0.0
46;2021-04-13;1077;649;0;35560;15596;0;20.5;9.0;0.0
46;2021-04-14;1351;555;0;36911;16151;0;21.3;9.3;0.0
46;2021-04-15;1338;602;0;38249;16753;0;22.1;9.7;0.0
46;2021-04-16;1388;489;0;39637;17242;0;22.9;10.0;0.0
46;2021-04-17;847;124;0;40484;17366;0;23.4;10.0;0.0
46;2021-04-18;430;11;0;40914;17377;0;23.6;10.0;0.0
46;2021-04-19;928;518;0;41842;17895;0;24.2;10.3;0.0
46;2021-04-20;1015;649;0;42857;18544;0;24.7;10.7;0.0
46;2021-04-21;1008;623;0;43865;19167;0;25.3;11.1;0.0
46;2021-04-22;1166;617;0;45031;19784;0;26.0;11.4;0.0
46;2021-04-23;940;645;0;45971;20429;0;26.5;11.8;0.0
46;2021-04-24;446;37;0;46417;20466;0;26.8;11.8;0.0
46;2021-04-25;265;10;0;46682;20476;0;27.0;11.8;0.0
46;2021-04-26;684;635;0;47366;21111;0;27.4;12.2;0.0
46;2021-04-27;1045;593;0;48411;21704;0;28.0;12.5;0.0
46;2021-04-28;1093;659;0;49504;22363;0;28.6;12.9;0.0
46;2021-04-29;1236;529;0;50740;22892;0;29.3;13.2;0.0
46;2021-04-30;1251;527;0;51991;23419;0;30.0;13.5;0.0
46;2021-05-01;589;60;0;52580;23479;0;30.4;13.6;0.0
46;2021-05-02;217;1;0;52797;23480;0;30.5;13.6;0.0
46;2021-05-03;689;525;0;53486;24005;0;30.9;13.9;0.0
46;2021-05-04;814;985;0;54300;24990;0;31.4;14.4;0.0
46;2021-05-05;1038;745;0;55338;25735;0;32.0;14.9;0.0
46;2021-05-06;1082;744;0;56420;26479;0;32.6;15.3;0.0
46;2021-05-07;1119;735;0;57539;27214;0;33.2;15.7;0.0
46;2021-05-08;264;373;0;57803;27587;0;33.4;15.9;0.0
46;2021-05-09;42;234;0;57845;27821;0;33.4;16.1;0.0
46;2021-05-10;447;1006;0;58292;28827;0;33.7;16.6;0.0
46;2021-05-11;939;1136;0;59231;29963;0;34.2;17.3;0.0
46;2021-05-12;851;1341;0;60082;31304;0;34.7;18.1;0.0
46;2021-05-13;487;116;0;60569;31420;0;35.0;18.1;0.0
46;2021-05-14;758;932;0;61327;32352;0;35.4;18.7;0.0
46;2021-05-15;273;505;0;61600;32857;0;35.6;19.0;0.0
46;2021-05-16;114;219;0;61714;33076;0;35.6;19.1;0.0
46;2021-05-17;640;825;0;62354;33901;0;36.0;19.6;0.0
46;2021-05-18;1167;856;0;63521;34757;0;36.7;20.1;0.0
46;2021-05-19;1096;772;0;64617;35529;0;37.3;20.5;0.0
46;2021-05-20;1182;697;0;65799;36226;0;38.0;20.9;0.0
46;2021-05-21;865;961;0;66664;37187;0;38.5;21.5;0.0
46;2021-05-22;179;350;0;66843;37537;0;38.6;21.7;0.0
46;2021-05-23;409;28;0;67252;37565;0;38.8;21.7;0.0
46;2021-05-24;376;115;0;67628;37680;0;39.1;21.8;0.0
46;2021-05-25;839;1064;0;68467;38744;0;39.5;22.4;0.0
46;2021-05-26;1043;983;0;69510;39727;0;40.1;22.9;0.0
46;2021-05-27;1215;1048;0;70725;40775;0;40.8;23.5;0.0
46;2021-05-28;1180;1013;0;71905;41788;0;41.5;24.1;0.0
46;2021-05-29;868;384;0;72773;42172;0;42.0;24.4;0.0
46;2021-05-30;293;49;0;73066;42221;0;42.2;24.4;0.0
46;2021-05-31;829;886;0;73895;43107;0;42.7;24.9;0.0
46;2021-06-01;1076;879;0;74971;43986;0;43.3;25.4;0.0
46;2021-06-02;1106;961;0;76077;44947;0;43.9;26.0;0.0
46;2021-06-03;1184;913;0;77261;45860;0;44.6;26.5;0.0
46;2021-06-04;1121;849;0;78382;46709;0;45.3;27.0;0.0
46;2021-06-05;387;396;0;78769;47105;0;45.5;27.2;0.0
46;2021-06-06;168;76;0;78937;47181;0;45.6;27.2;0.0
46;2021-06-07;721;523;0;79658;47704;0;46.0;27.5;0.0
46;2021-06-08;894;811;0;80552;48515;0;46.5;28.0;0.0
46;2021-06-09;1228;862;0;81780;49377;0;47.2;28.5;0.0
46;2021-06-10;903;786;0;82683;50163;0;47.7;29.0;0.0
46;2021-06-11;861;1172;0;83544;51335;0;48.2;29.6;0.0
46;2021-06-12;434;481;0;83978;51816;0;48.5;29.9;0.0
46;2021-06-13;49;73;0;84027;51889;0;48.5;30.0;0.0
46;2021-06-14;519;890;0;84546;52779;0;48.8;30.5;0.0
46;2021-06-15;663;988;0;85209;53767;0;49.2;31.0;0.0
46;2021-06-16;833;892;0;86042;54659;0;49.7;31.6;0.0
46;2021-06-17;505;804;0;86547;55463;0;50.0;32.0;0.0
46;2021-06-18;569;1072;0;87116;56535;0;50.3;32.6;0.0
46;2021-06-19;397;255;0;87513;56790;0;50.5;32.8;0.0
46;2021-06-20;47;164;0;87560;56954;0;50.6;32.9;0.0
46;2021-06-21;387;789;0;87947;57743;0;50.8;33.3;0.0
46;2021-06-22;327;1052;0;88274;58795;0;51.0;34.0;0.0
46;2021-06-23;438;965;0;88712;59760;0;51.2;34.5;0.0
46;2021-06-24;264;752;0;88976;60512;0;51.4;34.9;0.0
46;2021-06-25;447;988;0;89423;61500;0;51.6;35.5;0.0
46;2021-06-26;353;511;0;89776;62011;0;51.8;35.8;0.0
46;2021-06-27;11;41;0;89787;62052;0;51.9;35.8;0.0
46;2021-06-28;287;1148;0;90074;63200;0;52.0;36.5;0.0
46;2021-06-29;328;1453;0;90402;64653;0;52.2;37.3;0.0
46;2021-06-30;460;1317;0;90862;65970;0;52.5;38.1;0.0
46;2021-07-01;329;1067;0;91191;67037;0;52.7;38.7;0.0
46;2021-07-02;424;992;0;91615;68029;0;52.9;39.3;0.0
46;2021-07-03;138;436;0;91753;68465;0;53.0;39.5;0.0
46;2021-07-04;54;127;0;91807;68592;0;53.0;39.6;0.0
46;2021-07-05;302;1034;0;92109;69626;0;53.2;40.2;0.0
46;2021-07-06;316;1250;0;92425;70876;0;53.4;40.9;0.0
46;2021-07-07;531;1482;0;92956;72358;0;53.7;41.8;0.0
46;2021-07-08;342;1021;0;93298;73379;0;53.9;42.4;0.0
46;2021-07-09;373;1451;0;93671;74830;0;54.1;43.2;0.0
46;2021-07-10;313;919;0;93984;75749;0;54.3;43.7;0.0
46;2021-07-11;17;278;0;94001;76027;0;54.3;43.9;0.0
46;2021-07-12;220;1100;0;94221;77127;0;54.4;44.5;0.0
46;2021-07-13;581;1408;0;94802;78535;0;54.7;45.4;0.0
46;2021-07-14;95;169;0;94897;78704;0;54.8;45.5;0.0
46;2021-07-15;784;1269;0;95681;79973;0;55.3;46.2;0.0
46;2021-07-16;651;1219;0;96332;81192;0;55.6;46.9;0.0
46;2021-07-17;333;548;0;96665;81740;0;55.8;47.2;0.0
46;2021-07-18;38;33;0;96703;81773;0;55.8;47.2;0.0
46;2021-07-19;588;1053;0;97291;82826;0;56.2;47.8;0.0
46;2021-07-20;850;1277;0;98141;84103;0;56.7;48.6;0.0
46;2021-07-21;781;1168;0;98922;85271;0;57.1;49.2;0.0
46;2021-07-22;1051;947;0;99973;86218;0;57.7;49.8;0.0
46;2021-07-23;674;1211;0;100647;87429;0;58.1;50.5;0.0
46;2021-07-24;810;633;0;101457;88062;0;58.6;50.9;0.0
46;2021-07-25;140;43;0;101597;88105;0;58.7;50.9;0.0
46;2021-07-26;762;757;0;102359;88862;0;59.1;51.3;0.0
46;2021-07-27;998;791;0;103357;89653;0;59.7;51.8;0.0
46;2021-07-28;1023;880;0;104380;90533;0;60.3;52.3;0.0
46;2021-07-29;1295;715;0;105675;91248;0;61.0;52.7;0.0
46;2021-07-30;1516;759;0;107191;92007;0;61.9;53.1;0.0
46;2021-07-31;778;587;0;107969;92594;0;62.3;53.5;0.0
46;2021-08-01;67;26;0;108036;92620;0;62.4;53.5;0.0
46;2021-08-02;856;511;0;108892;93131;0;62.9;53.8;0.0
46;2021-08-03;1053;505;0;109945;93636;0;63.5;54.1;0.0
46;2021-08-04;1231;409;0;111176;94045;0;64.2;54.3;0.0
46;2021-08-05;1106;680;0;112282;94725;0;64.8;54.7;0.0
46;2021-08-06;1071;615;0;113353;95340;0;65.5;55.1;0.0
46;2021-08-07;533;420;0;113886;95760;0;65.8;55.3;0.0
46;2021-08-08;115;53;0;114001;95813;0;65.8;55.3;0.0
46;2021-08-09;774;555;0;114775;96368;0;66.3;55.7;0.0
46;2021-08-10;966;726;0;115741;97094;0;66.8;56.1;0.0
46;2021-08-11;950;718;0;116691;97812;0;67.4;56.5;0.0
46;2021-08-12;795;597;0;117486;98409;0;67.8;56.8;0.0
46;2021-08-13;760;737;0;118246;99146;0;68.3;57.3;0.0
46;2021-08-14;459;624;0;118705;99770;0;68.5;57.6;0.0
46;2021-08-15;41;53;0;118746;99823;0;68.6;57.6;0.0
46;2021-08-16;634;658;0;119380;100481;0;68.9;58.0;0.0
46;2021-08-17;744;989;0;120124;101470;0;69.4;58.6;0.0
46;2021-08-18;583;841;0;120707;102311;0;69.7;59.1;0.0
46;2021-08-19;529;1076;0;121236;103387;0;70.0;59.7;0.0
46;2021-08-20;439;1199;0;121675;104586;0;70.3;60.4;0.0
46;2021-08-21;304;521;0;121979;105107;0;70.4;60.7;0.0
46;2021-08-22;18;48;0;121997;105155;0;70.5;60.7;0.0
46;2021-08-23;361;1023;0;122358;106178;0;70.7;61.3;0.0
46;2021-08-24;461;1136;0;122819;107314;0;70.9;62.0;0.0
46;2021-08-25;396;1053;0;123215;108367;0;71.2;62.6;0.0
46;2021-08-26;353;904;0;123568;109271;0;71.4;63.1;0.0
46;2021-08-27;379;1305;0;123947;110576;0;71.6;63.9;0.0
46;2021-08-28;231;550;0;124178;111126;0;71.7;64.2;0.0
46;2021-08-29;14;42;0;124192;111168;0;71.7;64.2;0.0
46;2021-08-30;279;959;16;124471;112127;16;71.9;64.8;0.0
46;2021-08-31;300;1079;32;124771;113206;48;72.1;65.4;0.0
46;2021-09-01;377;948;50;125148;114154;98;72.3;65.9;0.1
46;2021-09-02;246;839;41;125394;114993;139;72.4;66.4;0.1
46;2021-09-03;292;967;99;125686;115960;238;72.6;67.0;0.1
46;2021-09-04;197;542;32;125883;116502;270;72.7;67.3;0.2
46;2021-09-05;12;40;3;125895;116542;273;72.7;67.3;0.2
46;2021-09-06;201;586;82;126096;117128;355;72.8;67.6;0.2
46;2021-09-07;226;678;92;126322;117806;447;72.9;68.0;0.3
46;2021-09-08;240;679;90;126562;118485;537;73.1;68.4;0.3
46;2021-09-09;190;459;100;126752;118944;637;73.2;68.7;0.4
46;2021-09-10;269;728;150;127021;119672;787;73.4;69.1;0.5
46;2021-09-11;153;338;34;127174;120010;821;73.4;69.3;0.5
46;2021-09-12;8;31;4;127182;120041;825;73.4;69.3;0.5
46;2021-09-13;166;435;163;127348;120476;988;73.5;69.6;0.6
46;2021-09-14;254;385;340;127602;120861;1328;73.7;69.8;0.8
46;2021-09-15;228;545;183;127830;121406;1511;73.8;70.1;0.9
46;2021-09-16;126;240;119;127956;121646;1630;73.9;70.2;0.9
46;2021-09-17;217;445;207;128173;122091;1837;74.0;70.5;1.1
46;2021-09-18;96;357;31;128269;122448;1868;74.1;70.7;1.1
46;2021-09-19;4;21;0;128273;122469;1868;74.1;70.7;1.1
46;2021-09-20;65;324;141;128338;122793;2009;74.1;70.9;1.2
46;2021-09-21;81;212;210;128419;123005;2219;74.2;71.0;1.3
46;2021-09-22;114;443;268;128533;123448;2487;74.2;71.3;1.4
46;2021-09-23;81;204;383;128614;123652;2870;74.3;71.4;1.7
46;2021-09-24;90;366;225;128704;124018;3095;74.3;71.6;1.8
46;2021-09-25;74;223;41;128778;124241;3136;74.4;71.7;1.8
46;2021-09-26;5;11;4;128783;124252;3140;74.4;71.8;1.8
46;2021-09-27;74;214;199;128857;124466;3339;74.4;71.9;1.9
46;2021-09-28;53;215;149;128910;124681;3488;74.4;72.0;2.0
46;2021-09-29;74;271;182;128984;124952;3670;74.5;72.2;2.1
46;2021-09-30;62;140;205;129046;125092;3875;74.5;72.2;2.2
46;2021-10-01;111;265;142;129157;125357;4017;74.6;72.4;2.3
46;2021-10-02;82;191;57;129239;125548;4074;74.6;72.5;2.4
46;2021-10-03;0;1;0;129239;125549;4074;74.6;72.5;2.4
46;2021-10-04;67;171;204;129306;125720;4278;74.7;72.6;2.5
46;2021-10-05;64;215;202;129370;125935;4480;74.7;72.7;2.6
46;2021-10-06;67;196;197;129437;126131;4677;74.7;72.8;2.7
46;2021-10-07;65;165;274;129502;126296;4951;74.8;72.9;2.9
46;2021-10-08;115;259;320;129617;126555;5271;74.9;73.1;3.0
46;2021-10-09;73;139;111;129690;126694;5382;74.9;73.2;3.1
46;2021-10-10;0;7;0;129690;126701;5382;74.9;73.2;3.1
46;2021-10-11;64;132;233;129754;126833;5615;74.9;73.2;3.2
46;2021-10-12;45;82;266;129799;126915;5881;75.0;73.3;3.4
46;2021-10-13;68;146;292;129867;127061;6173;75.0;73.4;3.6
46;2021-10-14;59;120;321;129926;127181;6494;75.0;73.4;3.8
46;2021-10-15;96;188;292;130022;127369;6786;75.1;73.6;3.9
46;2021-10-16;56;99;108;130078;127468;6894;75.1;73.6;4.0
46;2021-10-17;1;7;1;130079;127475;6895;75.1;73.6;4.0
46;2021-10-18;33;69;251;130112;127544;7146;75.1;73.7;4.1
46;2021-10-19;43;54;264;130155;127598;7410;75.2;73.7;4.3
46;2021-10-20;53;96;356;130208;127694;7766;75.2;73.7;4.5
46;2021-10-21;37;64;209;130245;127758;7975;75.2;73.8;4.6
46;2021-10-22;80;118;432;130325;127876;8407;75.3;73.8;4.9
46;2021-10-23;43;69;126;130368;127945;8533;75.3;73.9;4.9
46;2021-10-24;4;6;3;130372;127951;8536;75.3;73.9;4.9
46;2021-10-25;41;49;249;130413;128000;8785;75.3;73.9;5.1
46;2021-10-26;41;49;284;130454;128049;9069;75.3;73.9;5.2
46;2021-10-27;55;104;357;130509;128153;9426;75.4;74.0;5.4
46;2021-10-28;59;66;195;130568;128219;9621;75.4;74.0;5.6
46;2021-10-29;59;105;315;130627;128324;9936;75.4;74.1;5.7
46;2021-10-30;42;72;188;130669;128396;10124;75.5;74.1;5.8
46;2021-10-31;4;0;5;130673;128396;10129;75.5;74.1;5.8
46;2021-11-01;3;2;18;130676;128398;10147;75.5;74.1;5.9
46;2021-11-02;38;75;358;130714;128473;10505;75.5;74.2;6.1
46;2021-11-03;43;95;414;130757;128568;10919;75.5;74.2;6.3
46;2021-11-04;21;47;218;130778;128615;11137;75.5;74.3;6.4
46;2021-11-05;53;103;440;130831;128718;11577;75.6;74.3;6.7
46;2021-11-06;52;78;328;130883;128796;11905;75.6;74.4;6.9
46;2021-11-07;3;1;11;130886;128797;11916;75.6;74.4;6.9
46;2021-11-08;21;52;398;130907;128849;12314;75.6;74.4;7.1
46;2021-11-09;51;59;573;130958;128908;12887;75.6;74.4;7.4
46;2021-11-10;65;66;655;131023;128974;13542;75.7;74.5;7.8
46;2021-11-11;4;2;19;131027;128976;13561;75.7;74.5;7.8
46;2021-11-12;42;70;504;131069;129046;14065;75.7;74.5;8.1
46;2021-11-13;37;55;242;131106;129101;14307;75.7;74.6;8.3
46;2021-11-14;4;3;18;131110;129104;14325;75.7;74.6;8.3
46;2021-11-15;36;41;442;131146;129145;14767;75.7;74.6;8.5
46;2021-11-16;48;40;643;131194;129185;15410;75.8;74.6;8.9
46;2021-11-17;73;77;739;131267;129262;16149;75.8;74.6;9.3
46;2021-11-18;33;48;524;131300;129310;16673;75.8;74.7;9.6
46;2021-11-19;57;69;760;131357;129379;17433;75.9;74.7;10.1
46;2021-11-20;59;51;408;131416;129430;17841;75.9;74.7;10.3
46;2021-11-21;6;6;15;131422;129436;17856;75.9;74.7;10.3
46;2021-11-22;22;36;561;131444;129472;18417;75.9;74.8;10.6
46;2021-11-23;57;33;729;131501;129505;19146;75.9;74.8;11.1
46;2021-11-24;42;57;840;131543;129562;19986;76.0;74.8;11.5
46;2021-11-25;69;42;1166;131612;129604;21152;76.0;74.8;12.2
46;2021-11-26;62;57;1219;131674;129661;22371;76.0;74.9;12.9
46;2021-11-27;64;59;961;131738;129720;23332;76.1;74.9;13.5
46;2021-11-28;18;9;434;131756;129729;23766;76.1;74.9;13.7
46;2021-11-29;33;28;825;131789;129757;24591;76.1;74.9;14.2
46;2021-11-30;49;33;1555;131838;129790;26146;76.1;75.0;15.1
46;2021-12-01;68;67;1317;131906;129857;27463;76.2;75.0;15.9
46;2021-12-02;43;38;1521;131949;129895;28984;76.2;75.0;16.7
46;2021-12-03;61;67;1709;132010;129962;30693;76.2;75.1;17.7
46;2021-12-04;48;47;1267;132058;130009;31960;76.3;75.1;18.5
46;2021-12-05;24;3;447;132082;130012;32407;76.3;75.1;18.7
46;2021-12-06;56;61;1677;132138;130073;34084;76.3;75.1;19.7
46;2021-12-07;42;53;1984;132180;130126;36068;76.3;75.1;20.8
46;2021-12-08;58;75;1748;132238;130201;37816;76.4;75.2;21.8
46;2021-12-09;49;45;1690;132287;130246;39506;76.4;75.2;22.8
47;2020-12-27;0;0;0;0;0;0;0.0;0.0;0.0
47;2020-12-28;0;0;0;0;0;0;0.0;0.0;0.0
47;2020-12-29;0;0;0;0;0;0;0.0;0.0;0.0
47;2020-12-30;0;0;0;0;0;0;0.0;0.0;0.0
47;2020-12-31;0;0;0;0;0;0;0.0;0.0;0.0
47;2021-01-01;4;0;0;4;0;0;0.0;0.0;0.0
47;2021-01-02;0;0;0;4;0;0;0.0;0.0;0.0
47;2021-01-03;0;0;0;4;0;0;0.0;0.0;0.0
47;2021-01-04;2;0;0;6;0;0;0.0;0.0;0.0
47;2021-01-05;2;0;0;8;0;0;0.0;0.0;0.0
47;2021-01-06;1;0;0;9;0;0;0.0;0.0;0.0
47;2021-01-07;74;1;0;83;1;0;0.0;0.0;0.0
47;2021-01-08;304;0;0;387;1;0;0.1;0.0;0.0
47;2021-01-09;113;0;0;500;1;0;0.2;0.0;0.0
47;2021-01-10;1;0;0;501;1;0;0.2;0.0;0.0
47;2021-01-11;231;0;0;732;1;0;0.2;0.0;0.0
47;2021-01-12;311;0;0;1043;1;0;0.3;0.0;0.0
47;2021-01-13;343;0;0;1386;1;0;0.4;0.0;0.0
47;2021-01-14;365;5;0;1751;6;0;0.5;0.0;0.0
47;2021-01-15;269;1;0;2020;7;0;0.6;0.0;0.0
47;2021-01-16;170;4;0;2190;11;0;0.7;0.0;0.0
47;2021-01-17;2;0;0;2192;11;0;0.7;0.0;0.0
47;2021-01-18;477;3;0;2669;14;0;0.8;0.0;0.0
47;2021-01-19;478;3;0;3147;17;0;1.0;0.0;0.0
47;2021-01-20;520;2;0;3667;19;0;1.1;0.0;0.0
47;2021-01-21;576;2;0;4243;21;0;1.3;0.0;0.0
47;2021-01-22;449;1;0;4692;22;0;1.4;0.0;0.0
47;2021-01-23;375;0;0;5067;22;0;1.5;0.0;0.0
47;2021-01-24;0;0;0;5067;22;0;1.5;0.0;0.0
47;2021-01-25;426;0;0;5493;22;0;1.7;0.0;0.0
47;2021-01-26;744;5;0;6237;27;0;1.9;0.0;0.0
47;2021-01-27;743;2;0;6980;29;0;2.1;0.0;0.0
47;2021-01-28;526;65;0;7506;94;0;2.3;0.0;0.0
47;2021-01-29;435;164;0;7941;258;0;2.4;0.1;0.0
47;2021-01-30;289;39;0;8230;297;0;2.5;0.1;0.0
47;2021-01-31;0;0;0;8230;297;0;2.5;0.1;0.0
47;2021-02-01;348;111;0;8578;408;0;2.6;0.1;0.0
47;2021-02-02;700;307;0;9278;715;0;2.8;0.2;0.0
47;2021-02-03;416;164;0;9694;879;0;2.9;0.3;0.0
47;2021-02-04;385;312;0;10079;1191;0;3.1;0.4;0.0
47;2021-02-05;309;290;0;10388;1481;0;3.1;0.4;0.0
47;2021-02-06;284;96;0;10672;1577;0;3.2;0.5;0.0
47;2021-02-07;1;2;0;10673;1579;0;3.2;0.5;0.0
47;2021-02-08;185;277;0;10858;1856;0;3.3;0.6;0.0
47;2021-02-09;224;274;0;11082;2130;0;3.4;0.6;0.0
47;2021-02-10;262;225;0;11344;2355;0;3.4;0.7;0.0
47;2021-02-11;340;325;0;11684;2680;0;3.5;0.8;0.0
47;2021-02-12;264;389;0;11948;3069;0;3.6;0.9;0.0
47;2021-02-13;223;102;0;12171;3171;0;3.7;1.0;0.0
47;2021-02-14;6;0;0;12177;3171;0;3.7;1.0;0.0
47;2021-02-15;176;377;0;12353;3548;0;3.7;1.1;0.0
47;2021-02-16;299;540;0;12652;4088;0;3.8;1.2;0.0
47;2021-02-17;294;456;0;12946;4544;0;3.9;1.4;0.0
47;2021-02-18;210;556;0;13156;5100;0;4.0;1.5;0.0
47;2021-02-19;212;357;0;13368;5457;0;4.0;1.7;0.0
47;2021-02-20;118;249;0;13486;5706;0;4.1;1.7;0.0
47;2021-02-21;1;0;0;13487;5706;0;4.1;1.7;0.0
47;2021-02-22;76;404;0;13563;6110;0;4.1;1.8;0.0
47;2021-02-23;165;598;0;13728;6708;0;4.2;2.0;0.0
47;2021-02-24;259;561;0;13987;7269;0;4.2;2.2;0.0
47;2021-02-25;356;444;0;14343;7713;0;4.3;2.3;0.0
47;2021-02-26;482;316;0;14825;8029;0;4.5;2.4;0.0
47;2021-02-27;316;212;0;15141;8241;0;4.6;2.5;0.0
47;2021-02-28;0;2;0;15141;8243;0;4.6;2.5;0.0
47;2021-03-01;144;394;0;15285;8637;0;4.6;2.6;0.0
47;2021-03-02;237;369;0;15522;9006;0;4.7;2.7;0.0
47;2021-03-03;265;354;0;15787;9360;0;4.8;2.8;0.0
47;2021-03-04;643;334;0;16430;9694;0;5.0;2.9;0.0
47;2021-03-05;874;288;0;17304;9982;0;5.2;3.0;0.0
47;2021-03-06;508;187;0;17812;10169;0;5.4;3.1;0.0
47;2021-03-07;318;9;0;18130;10178;0;5.5;3.1;0.0
47;2021-03-08;482;223;0;18612;10401;0;5.6;3.1;0.0
47;2021-03-09;521;460;0;19133;10861;0;5.8;3.3;0.0
47;2021-03-10;673;308;0;19806;11169;0;6.0;3.4;0.0
47;2021-03-11;963;386;0;20769;11555;0;6.3;3.5;0.0
47;2021-03-12;1409;315;0;22178;11870;0;6.7;3.6;0.0
47;2021-03-13;914;107;0;23092;11977;0;7.0;3.6;0.0
47;2021-03-14;48;0;0;23140;11977;0;7.0;3.6;0.0
47;2021-03-15;629;154;0;23769;12131;0;7.2;3.7;0.0
47;2021-03-16;782;203;0;24551;12334;0;7.4;3.7;0.0
47;2021-03-17;863;223;0;25414;12557;0;7.7;3.8;0.0
47;2021-03-18;929;190;0;26343;12747;0;8.0;3.9;0.0
47;2021-03-19;1284;136;0;27627;12883;0;8.4;3.9;0.0
47;2021-03-20;1055;58;0;28682;12941;0;8.7;3.9;0.0
47;2021-03-21;335;1;0;29017;12942;0;8.8;3.9;0.0
47;2021-03-22;1027;121;0;30044;13063;0;9.1;4.0;0.0
47;2021-03-23;1185;183;0;31229;13246;0;9.5;4.0;0.0
47;2021-03-24;1232;162;0;32461;13408;0;9.8;4.1;0.0
47;2021-03-25;1555;164;0;34016;13572;0;10.3;4.1;0.0
47;2021-03-26;1887;222;0;35903;13794;0;10.9;4.2;0.0
47;2021-03-27;965;127;0;36868;13921;0;11.2;4.2;0.0
47;2021-03-28;671;7;0;37539;13928;0;11.4;4.2;0.0
47;2021-03-29;1487;113;0;39026;14041;0;11.8;4.3;0.0
47;2021-03-30;1645;148;0;40671;14189;0;12.3;4.3;0.0
47;2021-03-31;1626;185;0;42297;14374;0;12.8;4.4;0.0
47;2021-04-01;1749;278;0;44046;14652;0;13.3;4.4;0.0
47;2021-04-02;1968;451;0;46014;15103;0;13.9;4.6;0.0
47;2021-04-03;1202;183;0;47216;15286;0;14.3;4.6;0.0
47;2021-04-04;467;14;0;47683;15300;0;14.4;4.6;0.0
47;2021-04-05;1188;54;0;48871;15354;0;14.8;4.6;0.0
47;2021-04-06;1427;404;0;50298;15758;0;15.2;4.8;0.0
47;2021-04-07;1694;629;0;51992;16387;0;15.7;5.0;0.0
47;2021-04-08;1865;513;0;53857;16900;0;16.3;5.1;0.0
47;2021-04-09;2221;548;0;56078;17448;0;17.0;5.3;0.0
47;2021-04-10;1581;326;0;57659;17774;0;17.5;5.4;0.0
47;2021-04-11;522;13;0;58181;17787;0;17.6;5.4;0.0
47;2021-04-12;1494;636;0;59675;18423;0;18.1;5.6;0.0
47;2021-04-13;1875;794;0;61550;19217;0;18.6;5.8;0.0
47;2021-04-14;1811;735;0;63361;19952;0;19.2;6.0;0.0
47;2021-04-15;2029;862;0;65390;20814;0;19.8;6.3;0.0
47;2021-04-16;1819;897;0;67209;21711;0;20.3;6.6;0.0
47;2021-04-17;1456;944;0;68665;22655;0;20.8;6.9;0.0
47;2021-04-18;29;5;0;68694;22660;0;20.8;6.9;0.0
47;2021-04-19;1336;945;0;70030;23605;0;21.2;7.1;0.0
47;2021-04-20;1742;914;0;71772;24519;0;21.7;7.4;0.0
47;2021-04-21;1633;805;0;73405;25324;0;22.2;7.7;0.0
47;2021-04-22;1876;1025;0;75281;26349;0;22.8;8.0;0.0
47;2021-04-23;1724;1102;0;77005;27451;0;23.3;8.3;0.0
47;2021-04-24;1518;781;0;78523;28232;0;23.8;8.5;0.0
47;2021-04-25;260;336;0;78783;28568;0;23.8;8.6;0.0
47;2021-04-26;1432;1353;0;80215;29921;0;24.3;9.1;0.0
47;2021-04-27;1886;1465;0;82101;31386;0;24.9;9.5;0.0
47;2021-04-28;2008;1601;0;84109;32987;0;25.5;10.0;0.0
47;2021-04-29;2446;1515;0;86555;34502;0;26.2;10.4;0.0
47;2021-04-30;1984;1775;0;88539;36277;0;26.8;11.0;0.0
47;2021-05-01;2139;939;0;90678;37216;0;27.5;11.3;0.0
47;2021-05-02;40;357;0;90718;37573;0;27.5;11.4;0.0
47;2021-05-03;1520;1393;0;92238;38966;0;27.9;11.8;0.0
47;2021-05-04;1584;1742;0;93822;40708;0;28.4;12.3;0.0
47;2021-05-05;1833;1632;0;95655;42340;0;29.0;12.8;0.0
47;2021-05-06;1957;1517;0;97612;43857;0;29.5;13.3;0.0
47;2021-05-07;1923;1687;0;99535;45544;0;30.1;13.8;0.0
47;2021-05-08;1959;545;0;101494;46089;0;30.7;14.0;0.0
47;2021-05-09;32;362;0;101526;46451;0;30.7;14.1;0.0
47;2021-05-10;1102;1717;0;102628;48168;0;31.1;14.6;0.0
47;2021-05-11;1993;2024;0;104621;50192;0;31.7;15.2;0.0
47;2021-05-12;2341;1477;0;106962;51669;0;32.4;15.6;0.0
47;2021-05-13;1961;604;0;108923;52273;0;33.0;15.8;0.0
47;2021-05-14;1760;841;0;110683;53114;0;33.5;16.1;0.0
47;2021-05-15;1665;850;0;112348;53964;0;34.0;16.3;0.0
47;2021-05-16;310;12;0;112658;53976;0;34.1;16.3;0.0
47;2021-05-17;1679;1164;0;114337;55140;0;34.6;16.7;0.0
47;2021-05-18;2076;1209;0;116413;56349;0;35.2;17.1;0.0
47;2021-05-19;2121;761;0;118534;57110;0;35.9;17.3;0.0
47;2021-05-20;2363;1000;0;120897;58110;0;36.6;17.6;0.0
47;2021-05-21;1412;1164;0;122309;59274;0;37.0;17.9;0.0
47;2021-05-22;2145;824;0;124454;60098;0;37.7;18.2;0.0
47;2021-05-23;46;186;0;124500;60284;0;37.7;18.2;0.0
47;2021-05-24;1356;254;0;125856;60538;0;38.1;18.3;0.0
47;2021-05-25;1388;1326;0;127244;61864;0;38.5;18.7;0.0
47;2021-05-26;1519;1119;0;128763;62983;0;39.0;19.1;0.0
47;2021-05-27;1840;1280;0;130603;64263;0;39.5;19.5;0.0
47;2021-05-28;1411;1563;0;132014;65826;0;40.0;19.9;0.0
47;2021-05-29;1054;1110;0;133068;66936;0;40.3;20.3;0.0
47;2021-05-30;26;49;0;133094;66985;0;40.3;20.3;0.0
47;2021-05-31;1770;1395;0;134864;68380;0;40.8;20.7;0.0
47;2021-06-01;1813;1388;0;136677;69768;0;41.4;21.1;0.0
47;2021-06-02;1930;1309;0;138607;71077;0;42.0;21.5;0.0
47;2021-06-03;2304;1592;0;140911;72669;0;42.7;22.0;0.0
47;2021-06-04;1841;2074;0;142752;74743;0;43.2;22.6;0.0
47;2021-06-05;1480;1443;0;144232;76186;0;43.7;23.1;0.0
47;2021-06-06;221;78;0;144453;76264;0;43.7;23.1;0.0
47;2021-06-07;1541;2141;0;145994;78405;0;44.2;23.7;0.0
47;2021-06-08;1546;1828;0;147540;80233;0;44.7;24.3;0.0
47;2021-06-09;1659;2035;0;149199;82268;0;45.2;24.9;0.0
47;2021-06-10;2207;1603;0;151406;83871;0;45.8;25.4;0.0
47;2021-06-11;1731;2037;0;153137;85908;0;46.4;26.0;0.0
47;2021-06-12;1175;2022;0;154312;87930;0;46.7;26.6;0.0
47;2021-06-13;39;26;0;154351;87956;0;46.7;26.6;0.0
47;2021-06-14;1195;2321;0;155546;90277;0;47.1;27.3;0.0
47;2021-06-15;1381;1966;0;156927;92243;0;47.5;27.9;0.0
47;2021-06-16;1111;2069;0;158038;94312;0;47.8;28.6;0.0
47;2021-06-17;1529;1484;0;159567;95796;0;48.3;29.0;0.0
47;2021-06-18;1353;2436;0;160920;98232;0;48.7;29.7;0.0
47;2021-06-19;1349;2204;0;162269;100436;0;49.1;30.4;0.0
47;2021-06-20;22;50;0;162291;100486;0;49.1;30.4;0.0
47;2021-06-21;996;2274;0;163287;102760;0;49.4;31.1;0.0
47;2021-06-22;766;2338;0;164053;105098;0;49.7;31.8;0.0
47;2021-06-23;968;1898;0;165021;106996;0;50.0;32.4;0.0
47;2021-06-24;1161;1858;0;166182;108854;0;50.3;33.0;0.0
47;2021-06-25;943;2447;0;167125;111301;0;50.6;33.7;0.0
47;2021-06-26;879;2423;0;168004;113724;0;50.9;34.4;0.0
47;2021-06-27;24;300;0;168028;114024;0;50.9;34.5;0.0
47;2021-06-28;764;2202;0;168792;116226;0;51.1;35.2;0.0
47;2021-06-29;770;2197;0;169562;118423;0;51.3;35.8;0.0
47;2021-06-30;735;2128;0;170297;120551;0;51.6;36.5;0.0
47;2021-07-01;815;2002;0;171112;122553;0;51.8;37.1;0.0
47;2021-07-02;837;2125;0;171949;124678;0;52.1;37.7;0.0
47;2021-07-03;661;2761;0;172610;127439;0;52.3;38.6;0.0
47;2021-07-04;46;32;0;172656;127471;0;52.3;38.6;0.0
47;2021-07-05;873;2017;0;173529;129488;0;52.5;39.2;0.0
47;2021-07-06;867;1917;0;174396;131405;0;52.8;39.8;0.0
47;2021-07-07;1253;1948;0;175649;133353;0;53.2;40.4;0.0
47;2021-07-08;1066;2092;0;176715;135445;0;53.5;41.0;0.0
47;2021-07-09;969;2276;0;177684;137721;0;53.8;41.7;0.0
47;2021-07-10;829;1897;0;178513;139618;0;54.0;42.3;0.0
47;2021-07-11;13;43;0;178526;139661;0;54.0;42.3;0.0
47;2021-07-12;558;2366;0;179084;142027;0;54.2;43.0;0.0
47;2021-07-13;1047;2398;0;180131;144425;0;54.5;43.7;0.0
47;2021-07-14;975;1397;0;181106;145822;0;54.8;44.1;0.0
47;2021-07-15;1576;2925;0;182682;148747;0;55.3;45.0;0.0
47;2021-07-16;1604;2502;0;184286;151249;0;55.8;45.8;0.0
47;2021-07-17;1134;2211;0;185420;153460;0;56.1;46.5;0.0
47;2021-07-18;71;221;0;185491;153681;0;56.2;46.5;0.0
47;2021-07-19;979;2317;0;186470;155998;0;56.4;47.2;0.0
47;2021-07-20;1504;2244;0;187974;158242;0;56.9;47.9;0.0
47;2021-07-21;1931;2127;0;189905;160369;0;57.5;48.5;0.0
47;2021-07-22;2076;2198;0;191981;162567;0;58.1;49.2;0.0
47;2021-07-23;1975;2064;0;193956;164631;0;58.7;49.8;0.0
47;2021-07-24;1029;1647;0;194985;166278;0;59.0;50.3;0.0
47;2021-07-25;78;47;0;195063;166325;0;59.0;50.4;0.0
47;2021-07-26;1240;1784;0;196303;168109;0;59.4;50.9;0.0
47;2021-07-27;2051;1528;0;198354;169637;0;60.0;51.4;0.0
47;2021-07-28;1799;1616;0;200153;171253;0;60.6;51.8;0.0
47;2021-07-29;2229;1592;0;202382;172845;0;61.3;52.3;0.0
47;2021-07-30;1860;1567;0;204242;174412;0;61.8;52.8;0.0
47;2021-07-31;1322;1444;0;205564;175856;0;62.2;53.2;0.0
47;2021-08-01;66;36;0;205630;175892;0;62.2;53.2;0.0
47;2021-08-02;1853;1127;0;207483;177019;0;62.8;53.6;0.0
47;2021-08-03;1953;1054;0;209436;178073;0;63.4;53.9;0.0
47;2021-08-04;2056;1291;0;211492;179364;0;64.0;54.3;0.0
47;2021-08-05;2216;1324;0;213708;180688;0;64.7;54.7;0.0
47;2021-08-06;1837;1686;0;215545;182374;0;65.3;55.2;0.0
47;2021-08-07;1372;1180;0;216917;183554;0;65.7;55.6;0.0
47;2021-08-08;56;42;0;216973;183596;0;65.7;55.6;0.0
47;2021-08-09;1730;1131;0;218703;184727;0;66.2;55.9;0.0
47;2021-08-10;1753;1196;0;220456;185923;0;66.7;56.3;0.0
47;2021-08-11;1671;1321;0;222127;187244;0;67.2;56.7;0.0
47;2021-08-12;1794;1226;0;223921;188470;0;67.8;57.1;0.0
47;2021-08-13;1295;1514;0;225216;189984;0;68.2;57.5;0.0
47;2021-08-14;1161;1256;0;226377;191240;0;68.5;57.9;0.0
47;2021-08-15;29;43;0;226406;191283;0;68.5;57.9;0.0
47;2021-08-16;1259;1303;0;227665;192586;0;68.9;58.3;0.0
47;2021-08-17;1066;1598;0;228731;194184;0;69.2;58.8;0.0
47;2021-08-18;1143;1678;0;229874;195862;0;69.6;59.3;0.0
47;2021-08-19;942;1645;0;230816;197507;0;69.9;59.8;0.0
47;2021-08-20;927;1658;0;231743;199165;0;70.2;60.3;0.0
47;2021-08-21;750;1194;0;232493;200359;0;70.4;60.7;0.0
47;2021-08-22;23;57;0;232516;200416;0;70.4;60.7;0.0
47;2021-08-23;594;1761;0;233110;202177;0;70.6;61.2;0.0
47;2021-08-24;793;1605;0;233903;203782;0;70.8;61.7;0.0
47;2021-08-25;747;1779;0;234650;205561;0;71.0;62.2;0.0
47;2021-08-26;704;2042;0;235354;207603;0;71.2;62.8;0.0
47;2021-08-27;681;1844;0;236035;209447;0;71.5;63.4;0.0
47;2021-08-28;507;1497;0;236542;210944;0;71.6;63.9;0.0
47;2021-08-29;19;66;0;236561;211010;0;71.6;63.9;0.0
47;2021-08-30;449;1799;19;237010;212809;19;71.7;64.4;0.0
47;2021-08-31;531;1740;27;237541;214549;46;71.9;64.9;0.0
47;2021-09-01;444;1845;63;237985;216394;109;72.0;65.5;0.0
47;2021-09-02;465;1813;81;238450;218207;190;72.2;66.1;0.1
47;2021-09-03;507;1699;114;238957;219906;304;72.3;66.6;0.1
47;2021-09-04;442;1484;76;239399;221390;380;72.5;67.0;0.1
47;2021-09-05;19;58;2;239418;221448;382;72.5;67.0;0.1
47;2021-09-06;346;1211;170;239764;222659;552;72.6;67.4;0.2
47;2021-09-07;452;1074;159;240216;223733;711;72.7;67.7;0.2
47;2021-09-08;421;1407;142;240637;225140;853;72.8;68.2;0.3
47;2021-09-09;420;1017;249;241057;226157;1102;73.0;68.5;0.3
47;2021-09-10;452;1147;183;241509;227304;1285;73.1;68.8;0.4
47;2021-09-11;380;1235;56;241889;228539;1341;73.2;69.2;0.4
47;2021-09-12;6;18;2;241895;228557;1343;73.2;69.2;0.4
47;2021-09-13;253;772;267;242148;229329;1610;73.3;69.4;0.5
47;2021-09-14;389;765;356;242537;230094;1966;73.4;69.7;0.6
47;2021-09-15;330;868;191;242867;230962;2157;73.5;69.9;0.7
47;2021-09-16;335;559;396;243202;231521;2553;73.6;70.1;0.8
47;2021-09-17;378;652;223;243580;232173;2776;73.7;70.3;0.8
47;2021-09-18;237;881;78;243817;233054;2854;73.8;70.6;0.9
47;2021-09-19;7;14;6;243824;233068;2860;73.8;70.6;0.9
47;2021-09-20;183;498;365;244007;233566;3225;73.9;70.7;1.0
47;2021-09-21;250;397;359;244257;233963;3584;73.9;70.8;1.1
47;2021-09-22;203;608;269;244460;234571;3853;74.0;71.0;1.2
47;2021-09-23;192;387;423;244652;234958;4276;74.1;71.1;1.3
47;2021-09-24;270;606;324;244922;235564;4600;74.1;71.3;1.4
47;2021-09-25;181;565;80;245103;236129;4680;74.2;71.5;1.4
47;2021-09-26;3;9;3;245106;236138;4683;74.2;71.5;1.4
47;2021-09-27;111;375;160;245217;236513;4843;74.2;71.6;1.5
47;2021-09-28;128;358;225;245345;236871;5068;74.3;71.7;1.5
47;2021-09-29;158;444;211;245503;237315;5279;74.3;71.8;1.6
47;2021-09-30;161;354;386;245664;237669;5665;74.4;71.9;1.7
47;2021-10-01;218;519;206;245882;238188;5871;74.4;72.1;1.8
47;2021-10-02;186;433;120;246068;238621;5991;74.5;72.2;1.8
47;2021-10-03;0;6;0;246068;238627;5991;74.5;72.2;1.8
47;2021-10-04;134;329;291;246202;238956;6282;74.5;72.3;1.9
47;2021-10-05;114;309;226;246316;239265;6508;74.6;72.4;2.0
47;2021-10-06;217;416;275;246533;239681;6783;74.6;72.6;2.1
47;2021-10-07;144;359;341;246677;240040;7124;74.7;72.7;2.2
47;2021-10-08;176;398;314;246853;240438;7438;74.7;72.8;2.3
47;2021-10-09;214;327;193;247067;240765;7631;74.8;72.9;2.3
47;2021-10-10;1;9;14;247068;240774;7645;74.8;72.9;2.3
47;2021-10-11;127;214;296;247195;240988;7941;74.8;73.0;2.4
47;2021-10-12;123;263;380;247318;241251;8321;74.9;73.0;2.5
47;2021-10-13;139;262;252;247457;241513;8573;74.9;73.1;2.6
47;2021-10-14;91;209;310;247548;241722;8883;74.9;73.2;2.7
47;2021-10-15;162;355;408;247710;242077;9291;75.0;73.3;2.8
47;2021-10-16;173;222;246;247883;242299;9537;75.0;73.3;2.9
47;2021-10-17;1;7;4;247884;242306;9541;75.0;73.4;2.9
47;2021-10-18;125;200;445;248009;242506;9986;75.1;73.4;3.0
47;2021-10-19;113;180;394;248122;242686;10380;75.1;73.5;3.1
47;2021-10-20;133;174;432;248255;242860;10812;75.2;73.5;3.3
47;2021-10-21;107;135;435;248362;242995;11247;75.2;73.6;3.4
47;2021-10-22;117;188;494;248479;243183;11741;75.2;73.6;3.6
47;2021-10-23;158;220;311;248637;243403;12052;75.3;73.7;3.6
47;2021-10-24;2;7;4;248639;243410;12056;75.3;73.7;3.6
47;2021-10-25;116;149;486;248755;243559;12542;75.3;73.7;3.8
47;2021-10-26;83;140;616;248838;243699;13158;75.3;73.8;4.0
47;2021-10-27;132;178;520;248970;243877;13678;75.4;73.8;4.1
47;2021-10-28;89;154;476;249059;244031;14154;75.4;73.9;4.3
47;2021-10-29;89;177;640;249148;244208;14794;75.4;73.9;4.5
47;2021-10-30;84;200;328;249232;244408;15122;75.4;74.0;4.6
47;2021-10-31;0;4;5;249232;244412;15127;75.4;74.0;4.6
47;2021-11-01;19;15;105;249251;244427;15232;75.5;74.0;4.6
47;2021-11-02;114;147;634;249365;244574;15866;75.5;74.0;4.8
47;2021-11-03;96;176;709;249461;244750;16575;75.5;74.1;5.0
47;2021-11-04;89;117;780;249550;244867;17355;75.5;74.1;5.3
47;2021-11-05;119;163;783;249669;245030;18138;75.6;74.2;5.5
47;2021-11-06;115;207;485;249784;245237;18623;75.6;74.2;5.6
47;2021-11-07;2;13;16;249786;245250;18639;75.6;74.2;5.6
47;2021-11-08;64;139;846;249850;245389;19485;75.6;74.3;5.9
47;2021-11-09;99;150;1101;249949;245539;20586;75.7;74.3;6.2
47;2021-11-10;113;175;986;250062;245714;21572;75.7;74.4;6.5
47;2021-11-11;39;28;283;250101;245742;21855;75.7;74.4;6.6
47;2021-11-12;86;144;1075;250187;245886;22930;75.7;74.4;6.9
47;2021-11-13;114;169;561;250301;246055;23491;75.8;74.5;7.1
47;2021-11-14;1;6;17;250302;246061;23508;75.8;74.5;7.1
47;2021-11-15;81;104;1468;250383;246165;24976;75.8;74.5;7.6
47;2021-11-16;96;129;1590;250479;246294;26566;75.8;74.6;8.0
47;2021-11-17;139;140;1172;250618;246434;27738;75.9;74.6;8.4
47;2021-11-18;89;89;1145;250707;246523;28883;75.9;74.6;8.7
47;2021-11-19;122;125;1398;250829;246648;30281;75.9;74.7;9.2
47;2021-11-20;143;149;843;250972;246797;31124;76.0;74.7;9.4
47;2021-11-21;8;10;19;250980;246807;31143;76.0;74.7;9.4
47;2021-11-22;68;58;1052;251048;246865;32195;76.0;74.7;9.7
47;2021-11-23;117;88;1703;251165;246953;33898;76.0;74.8;10.3
47;2021-11-24;154;154;1362;251319;247107;35260;76.1;74.8;10.7
47;2021-11-25;125;98;1511;251444;247205;36771;76.1;74.8;11.1
47;2021-11-26;127;129;1853;251571;247334;38624;76.2;74.9;11.7
47;2021-11-27;140;139;1552;251711;247473;40176;76.2;74.9;12.2
47;2021-11-28;9;9;168;251720;247482;40344;76.2;74.9;12.2
47;2021-11-29;84;90;2295;251804;247572;42639;76.2;74.9;12.9
47;2021-11-30;131;128;3111;251935;247700;45750;76.3;75.0;13.8
47;2021-12-01;108;132;2763;252043;247832;48513;76.3;75.0;14.7
47;2021-12-02;114;90;2960;252157;247922;51473;76.3;75.1;15.6
47;2021-12-03;124;119;3303;252281;248041;54776;76.4;75.1;16.6
47;2021-12-04;83;126;2165;252364;248167;56941;76.4;75.1;17.2
47;2021-12-05;62;23;1212;252426;248190;58153;76.4;75.1;17.6
47;2021-12-06;87;90;2815;252513;248280;60968;76.4;75.2;18.5
47;2021-12-07;120;117;4137;252633;248397;65105;76.5;75.2;19.7
47;2021-12-08;124;135;3411;252757;248532;68516;76.5;75.2;20.7
47;2021-12-09;112;102;3534;252869;248634;72050;76.5;75.3;21.8
48;2020-12-27;0;0;0;0;0;0;0.0;0.0;0.0
48;2020-12-28;0;0;0;0;0;0;0.0;0.0;0.0
48;2020-12-29;1;0;0;1;0;0;0.0;0.0;0.0
48;2020-12-30;0;0;0;1;0;0;0.0;0.0;0.0
48;2020-12-31;0;0;0;1;0;0;0.0;0.0;0.0
48;2021-01-01;1;0;0;2;0;0;0.0;0.0;0.0
48;2021-01-02;0;0;0;2;0;0;0.0;0.0;0.0
48;2021-01-03;0;0;0;2;0;0;0.0;0.0;0.0
48;2021-01-04;1;0;0;3;0;0;0.0;0.0;0.0
48;2021-01-05;0;0;0;3;0;0;0.0;0.0;0.0
48;2021-01-06;0;0;0;3;0;0;0.0;0.0;0.0
48;2021-01-07;53;0;0;56;0;0;0.1;0.0;0.0
48;2021-01-08;88;1;0;144;1;0;0.2;0.0;0.0
48;2021-01-09;1;0;0;145;1;0;0.2;0.0;0.0
48;2021-01-10;0;0;0;145;1;0;0.2;0.0;0.0
48;2021-01-11;14;0;0;159;1;0;0.2;0.0;0.0
48;2021-01-12;24;1;0;183;2;0;0.2;0.0;0.0
48;2021-01-13;89;0;0;272;2;0;0.4;0.0;0.0
48;2021-01-14;94;1;0;366;3;0;0.5;0.0;0.0
48;2021-01-15;62;0;0;428;3;0;0.6;0.0;0.0
48;2021-01-16;0;0;0;428;3;0;0.6;0.0;0.0
48;2021-01-17;0;0;0;428;3;0;0.6;0.0;0.0
48;2021-01-18;116;0;0;544;3;0;0.7;0.0;0.0
48;2021-01-19;297;2;0;841;5;0;1.1;0.0;0.0
48;2021-01-20;260;0;0;1101;5;0;1.4;0.0;0.0
48;2021-01-21;437;1;0;1538;6;0;2.0;0.0;0.0
48;2021-01-22;236;0;0;1774;6;0;2.3;0.0;0.0
48;2021-01-23;45;0;0;1819;6;0;2.4;0.0;0.0
48;2021-01-24;2;0;0;1821;6;0;2.4;0.0;0.0
48;2021-01-25;119;2;0;1940;8;0;2.5;0.0;0.0
48;2021-01-26;254;0;0;2194;8;0;2.9;0.0;0.0
48;2021-01-27;243;2;0;2437;10;0;3.2;0.0;0.0
48;2021-01-28;220;10;0;2657;20;0;3.5;0.0;0.0
48;2021-01-29;180;59;0;2837;79;0;3.7;0.1;0.0
48;2021-01-30;11;7;0;2848;86;0;3.7;0.1;0.0
48;2021-01-31;0;7;0;2848;93;0;3.7;0.1;0.0
48;2021-02-01;89;45;0;2937;138;0;3.8;0.2;0.0
48;2021-02-02;191;38;0;3128;176;0;4.1;0.2;0.0
48;2021-02-03;186;73;0;3314;249;0;4.3;0.3;0.0
48;2021-02-04;210;14;0;3524;263;0;4.6;0.3;0.0
48;2021-02-05;150;40;0;3674;303;0;4.8;0.4;0.0
48;2021-02-06;31;1;0;3705;304;0;4.9;0.4;0.0
48;2021-02-07;0;0;0;3705;304;0;4.9;0.4;0.0
48;2021-02-08;49;60;0;3754;364;0;4.9;0.5;0.0
48;2021-02-09;84;135;0;3838;499;0;5.0;0.7;0.0
48;2021-02-10;85;183;0;3923;682;0;5.1;0.9;0.0
48;2021-02-11;152;371;0;4075;1053;0;5.3;1.4;0.0
48;2021-02-12;125;148;0;4200;1201;0;5.5;1.6;0.0
48;2021-02-13;20;54;0;4220;1255;0;5.5;1.6;0.0
48;2021-02-14;0;0;0;4220;1255;0;5.5;1.6;0.0
48;2021-02-15;57;103;0;4277;1358;0;5.6;1.8;0.0
48;2021-02-16;65;150;0;4342;1508;0;5.7;2.0;0.0
48;2021-02-17;56;217;0;4398;1725;0;5.8;2.3;0.0
48;2021-02-18;221;118;0;4619;1843;0;6.1;2.4;0.0
48;2021-02-19;81;178;0;4700;2021;0;6.2;2.6;0.0
48;2021-02-20;1;5;0;4701;2026;0;6.2;2.7;0.0
48;2021-02-21;0;14;0;4701;2040;0;6.2;2.7;0.0
48;2021-02-22;29;118;0;4730;2158;0;6.2;2.8;0.0
48;2021-02-23;52;225;0;4782;2383;0;6.3;3.1;0.0
48;2021-02-24;66;284;0;4848;2667;0;6.4;3.5;0.0
48;2021-02-25;143;239;0;4991;2906;0;6.5;3.8;0.0
48;2021-02-26;57;228;0;5048;3134;0;6.6;4.1;0.0
48;2021-02-27;28;4;0;5076;3138;0;6.7;4.1;0.0
48;2021-02-28;3;13;0;5079;3151;0;6.7;4.1;0.0
48;2021-03-01;108;98;0;5187;3249;0;6.8;4.3;0.0
48;2021-03-02;198;90;0;5385;3339;0;7.1;4.4;0.0
48;2021-03-03;150;109;0;5535;3448;0;7.3;4.5;0.0
48;2021-03-04;211;176;0;5746;3624;0;7.5;4.8;0.0
48;2021-03-05;156;133;0;5902;3757;0;7.7;4.9;0.0
48;2021-03-06;200;53;0;6102;3810;0;8.0;5.0;0.0
48;2021-03-07;57;1;0;6159;3811;0;8.1;5.0;0.0
48;2021-03-08;244;114;0;6403;3925;0;8.4;5.1;0.0
48;2021-03-09;355;95;0;6758;4020;0;8.9;5.3;0.0
48;2021-03-10;228;60;0;6986;4080;0;9.2;5.3;0.0
48;2021-03-11;320;88;0;7306;4168;0;9.6;5.5;0.0
48;2021-03-12;271;131;0;7577;4299;0;9.9;5.6;0.0
48;2021-03-13;311;10;0;7888;4309;0;10.3;5.6;0.0
48;2021-03-14;9;0;0;7897;4309;0;10.4;5.6;0.0
48;2021-03-15;174;68;0;8071;4377;0;10.6;5.7;0.0
48;2021-03-16;179;70;0;8250;4447;0;10.8;5.8;0.0
48;2021-03-17;177;102;0;8427;4549;0;11.0;6.0;0.0
48;2021-03-18;178;97;0;8605;4646;0;11.3;6.1;0.0
48;2021-03-19;140;87;0;8745;4733;0;11.5;6.2;0.0
48;2021-03-20;141;5;0;8886;4738;0;11.6;6.2;0.0
48;2021-03-21;2;0;0;8888;4738;0;11.7;6.2;0.0
48;2021-03-22;172;23;0;9060;4761;0;11.9;6.2;0.0
48;2021-03-23;341;98;0;9401;4859;0;12.3;6.4;0.0
48;2021-03-24;363;99;0;9764;4958;0;12.8;6.5;0.0
48;2021-03-25;731;115;0;10495;5073;0;13.8;6.6;0.0
48;2021-03-26;291;65;0;10786;5138;0;14.1;6.7;0.0
48;2021-03-27;108;2;0;10894;5140;0;14.3;6.7;0.0
48;2021-03-28;69;12;0;10963;5152;0;14.4;6.8;0.0
48;2021-03-29;310;86;0;11273;5238;0;14.8;6.9;0.0
48;2021-03-30;361;151;0;11634;5389;0;15.3;7.1;0.0
48;2021-03-31;484;96;0;12118;5485;0;15.9;7.2;0.0
48;2021-04-01;736;85;0;12854;5570;0;16.8;7.3;0.0
48;2021-04-02;508;133;0;13362;5703;0;17.5;7.5;0.0
48;2021-04-03;153;93;0;13515;5796;0;17.7;7.6;0.0
48;2021-04-04;2;1;0;13517;5797;0;17.7;7.6;0.0
48;2021-04-05;54;1;0;13571;5798;0;17.8;7.6;0.0
48;2021-04-06;472;165;0;14043;5963;0;18.4;7.8;0.0
48;2021-04-07;435;147;0;14478;6110;0;19.0;8.0;0.0
48;2021-04-08;628;188;0;15106;6298;0;19.8;8.3;0.0
48;2021-04-09;471;138;0;15577;6436;0;20.4;8.4;0.0
48;2021-04-10;127;71;0;15704;6507;0;20.6;8.5;0.0
48;2021-04-11;3;0;0;15707;6507;0;20.6;8.5;0.0
48;2021-04-12;389;79;0;16096;6586;0;21.1;8.6;0.0
48;2021-04-13;358;120;0;16454;6706;0;21.6;8.8;0.0
48;2021-04-14;595;208;0;17049;6914;0;22.3;9.1;0.0
48;2021-04-15;638;352;0;17687;7266;0;23.2;9.5;0.0
48;2021-04-16;488;210;0;18175;7476;0;23.8;9.8;0.0
48;2021-04-17;92;83;0;18267;7559;0;23.9;9.9;0.0
48;2021-04-18;4;0;0;18271;7559;0;24.0;9.9;0.0
48;2021-04-19;224;110;0;18495;7669;0;24.2;10.1;0.0
48;2021-04-20;224;203;0;18719;7872;0;24.5;10.3;0.0
48;2021-04-21;302;280;0;19021;8152;0;24.9;10.7;0.0
48;2021-04-22;301;485;0;19322;8637;0;25.3;11.3;0.0
48;2021-04-23;251;274;0;19573;8911;0;25.7;11.7;0.0
48;2021-04-24;118;105;0;19691;9016;0;25.8;11.8;0.0
48;2021-04-25;6;13;0;19697;9029;0;25.8;11.8;0.0
48;2021-04-26;129;237;0;19826;9266;0;26.0;12.1;0.0
48;2021-04-27;200;309;0;20026;9575;0;26.3;12.6;0.0
48;2021-04-28;171;446;0;20197;10021;0;26.5;13.1;0.0
48;2021-04-29;220;509;0;20417;10530;0;26.8;13.8;0.0
48;2021-04-30;206;259;0;20623;10789;0;27.0;14.1;0.0
48;2021-05-01;74;9;0;20697;10798;0;27.1;14.2;0.0
48;2021-05-02;1;0;0;20698;10798;0;27.1;14.2;0.0
48;2021-05-03;136;400;0;20834;11198;0;27.3;14.7;0.0
48;2021-05-04;223;410;0;21057;11608;0;27.6;15.2;0.0
48;2021-05-05;119;494;0;21176;12102;0;27.8;15.9;0.0
48;2021-05-06;750;613;0;21926;12715;0;28.7;16.7;0.0
48;2021-05-07;140;511;0;22066;13226;0;28.9;17.3;0.0
48;2021-05-08;325;51;0;22391;13277;0;29.4;17.4;0.0
48;2021-05-09;261;11;0;22652;13288;0;29.7;17.4;0.0
48;2021-05-10;137;349;0;22789;13637;0;29.9;17.9;0.0
48;2021-05-11;259;294;0;23048;13931;0;30.2;18.3;0.0
48;2021-05-12;308;299;0;23356;14230;0;30.6;18.7;0.0
48;2021-05-13;452;155;0;23808;14385;0;31.2;18.9;0.0
48;2021-05-14;283;242;0;24091;14627;0;31.6;19.2;0.0
48;2021-05-15;143;59;0;24234;14686;0;31.8;19.3;0.0
48;2021-05-16;30;7;0;24264;14693;0;31.8;19.3;0.0
48;2021-05-17;490;271;0;24754;14964;0;32.4;19.6;0.0
48;2021-05-18;317;257;0;25071;15221;0;32.9;20.0;0.0
48;2021-05-19;294;303;0;25365;15524;0;33.2;20.3;0.0
48;2021-05-20;400;265;0;25765;15789;0;33.8;20.7;0.0
48;2021-05-21;238;276;0;26003;16065;0;34.1;21.1;0.0
48;2021-05-22;87;54;0;26090;16119;0;34.2;21.1;0.0
48;2021-05-23;7;7;0;26097;16126;0;34.2;21.1;0.0
48;2021-05-24;71;24;0;26168;16150;0;34.3;21.2;0.0
48;2021-05-25;247;291;0;26415;16441;0;34.6;21.6;0.0
48;2021-05-26;477;287;0;26892;16728;0;35.3;21.9;0.0
48;2021-05-27;1238;353;0;28130;17081;0;36.9;22.4;0.0
48;2021-05-28;365;336;0;28495;17417;0;37.4;22.8;0.0
48;2021-05-29;204;100;0;28699;17517;0;37.6;23.0;0.0
48;2021-05-30;7;8;0;28706;17525;0;37.6;23.0;0.0
48;2021-05-31;657;222;0;29363;17747;0;38.5;23.3;0.0
48;2021-06-01;313;288;0;29676;18035;0;38.9;23.6;0.0
48;2021-06-02;441;381;0;30117;18416;0;39.5;24.1;0.0
48;2021-06-03;638;378;0;30755;18794;0;40.3;24.6;0.0
48;2021-06-04;324;287;0;31079;19081;0;40.7;25.0;0.0
48;2021-06-05;159;100;0;31238;19181;0;40.9;25.1;0.0
48;2021-06-06;13;1;0;31251;19182;0;41.0;25.1;0.0
48;2021-06-07;397;159;0;31648;19341;0;41.5;25.4;0.0
48;2021-06-08;650;337;0;32298;19678;0;42.3;25.8;0.0
48;2021-06-09;381;232;0;32679;19910;0;42.8;26.1;0.0
48;2021-06-10;923;230;0;33602;20140;0;44.0;26.4;0.0
48;2021-06-11;382;192;0;33984;20332;0;44.5;26.7;0.0
48;2021-06-12;110;81;0;34094;20413;0;44.7;26.8;0.0
48;2021-06-13;12;6;0;34106;20419;0;44.7;26.8;0.0
48;2021-06-14;140;154;0;34246;20573;0;44.9;27.0;0.0
48;2021-06-15;402;393;0;34648;20966;0;45.4;27.5;0.0
48;2021-06-16;253;179;0;34901;21145;0;45.8;27.7;0.0
48;2021-06-17;453;562;0;35354;21707;0;46.3;28.5;0.0
48;2021-06-18;268;319;0;35622;22026;0;46.7;28.9;0.0
48;2021-06-19;65;321;0;35687;22347;0;46.8;29.3;0.0
48;2021-06-20;111;215;0;35798;22562;0;46.9;29.6;0.0
48;2021-06-21;140;226;0;35938;22788;0;47.1;29.9;0.0
48;2021-06-22;246;379;0;36184;23167;0;47.4;30.4;0.0
48;2021-06-23;110;583;0;36294;23750;0;47.6;31.1;0.0
48;2021-06-24;316;557;0;36610;24307;0;48.0;31.9;0.0
48;2021-06-25;130;279;0;36740;24586;0;48.2;32.2;0.0
48;2021-06-26;29;91;0;36769;24677;0;48.2;32.3;0.0
48;2021-06-27;1;20;0;36770;24697;0;48.2;32.4;0.0
48;2021-06-28;91;262;0;36861;24959;0;48.3;32.7;0.0
48;2021-06-29;297;479;0;37158;25438;0;48.7;33.3;0.0
48;2021-06-30;116;530;0;37274;25968;0;48.9;34.0;0.0
48;2021-07-01;192;632;0;37466;26600;0;49.1;34.9;0.0
48;2021-07-02;161;385;0;37627;26985;0;49.3;35.4;0.0
48;2021-07-03;56;146;0;37683;27131;0;49.4;35.6;0.0
48;2021-07-04;10;7;0;37693;27138;0;49.4;35.6;0.0
48;2021-07-05;78;244;0;37771;27382;0;49.5;35.9;0.0
48;2021-07-06;298;626;0;38069;28008;0;49.9;36.7;0.0
48;2021-07-07;210;523;0;38279;28531;0;50.2;37.4;0.0
48;2021-07-08;227;1172;0;38506;29703;0;50.5;38.9;0.0
48;2021-07-09;166;566;0;38672;30269;0;50.7;39.7;0.0
48;2021-07-10;90;212;0;38762;30481;0;50.8;40.0;0.0
48;2021-07-11;2;19;0;38764;30500;0;50.8;40.0;0.0
48;2021-07-12;152;710;0;38916;31210;0;51.0;40.9;0.0
48;2021-07-13;214;464;0;39130;31674;0;51.3;41.5;0.0
48;2021-07-14;152;126;0;39282;31800;0;51.5;41.7;0.0
48;2021-07-15;232;463;0;39514;32263;0;51.8;42.3;0.0
48;2021-07-16;323;372;0;39837;32635;0;52.2;42.8;0.0
48;2021-07-17;180;165;0;40017;32800;0;52.5;43.0;0.0
48;2021-07-18;10;16;0;40027;32816;0;52.5;43.0;0.0
48;2021-07-19;186;324;0;40213;33140;0;52.7;43.4;0.0
48;2021-07-20;696;1003;0;40909;34143;0;53.6;44.8;0.0
48;2021-07-21;155;341;0;41064;34484;0;53.8;45.2;0.0
48;2021-07-22;750;1010;0;41814;35494;0;54.8;46.5;0.0
48;2021-07-23;432;456;0;42246;35950;0;55.4;47.1;0.0
48;2021-07-24;490;200;0;42736;36150;0;56.0;47.4;0.0
48;2021-07-25;145;51;0;42881;36201;0;56.2;47.5;0.0
48;2021-07-26;238;267;0;43119;36468;0;56.5;47.8;0.0
48;2021-07-27;1094;613;0;44213;37081;0;58.0;48.6;0.0
48;2021-07-28;253;314;0;44466;37395;0;58.3;49.0;0.0
48;2021-07-29;691;594;0;45157;37989;0;59.2;49.8;0.0
48;2021-07-30;290;303;0;45447;38292;0;59.6;50.2;0.0
48;2021-07-31;325;167;0;45772;38459;0;60.0;50.4;0.0
48;2021-08-01;34;37;0;45806;38496;0;60.0;50.5;0.0
48;2021-08-02;261;189;0;46067;38685;0;60.4;50.7;0.0
48;2021-08-03;783;483;0;46850;39168;0;61.4;51.3;0.0
48;2021-08-04;312;185;0;47162;39353;0;61.8;51.6;0.0
48;2021-08-05;528;404;0;47690;39757;0;62.5;52.1;0.0
48;2021-08-06;436;315;0;48126;40072;0;63.1;52.5;0.0
48;2021-08-07;243;132;0;48369;40204;0;63.4;52.7;0.0
48;2021-08-08;11;20;0;48380;40224;0;63.4;52.7;0.0
48;2021-08-09;185;191;0;48565;40415;0;63.7;53.0;0.0
48;2021-08-10;590;477;0;49155;40892;0;64.4;53.6;0.0
48;2021-08-11;276;233;0;49431;41125;0;64.8;53.9;0.0
48;2021-08-12;343;389;0;49774;41514;0;65.2;54.4;0.0
48;2021-08-13;238;267;0;50012;41781;0;65.6;54.8;0.0
48;2021-08-14;130;188;0;50142;41969;0;65.7;55.0;0.0
48;2021-08-15;89;49;0;50231;42018;0;65.8;55.1;0.0
48;2021-08-16;125;272;0;50356;42290;0;66.0;55.4;0.0
48;2021-08-17;310;1072;0;50666;43362;0;66.4;56.8;0.0
48;2021-08-18;177;246;0;50843;43608;0;66.6;57.2;0.0
48;2021-08-19;222;342;0;51065;43950;0;66.9;57.6;0.0
48;2021-08-20;210;299;0;51275;44249;0;67.2;58.0;0.0
48;2021-08-21;75;255;0;51350;44504;0;67.3;58.3;0.0
48;2021-08-22;5;17;0;51355;44521;0;67.3;58.4;0.0
48;2021-08-23;76;241;0;51431;44762;0;67.4;58.7;0.0
48;2021-08-24;281;862;0;51712;45624;0;67.8;59.8;0.0
48;2021-08-25;160;369;0;51872;45993;0;68.0;60.3;0.0
48;2021-08-26;168;439;0;52040;46432;0;68.2;60.9;0.0
48;2021-08-27;148;369;0;52188;46801;0;68.4;61.3;0.0
48;2021-08-28;121;306;0;52309;47107;0;68.6;61.8;0.0
48;2021-08-29;0;6;0;52309;47113;0;68.6;61.8;0.0
48;2021-08-30;71;189;5;52380;47302;5;68.7;62.0;0.0
48;2021-08-31;247;957;15;52627;48259;20;69.0;63.3;0.0
48;2021-09-01;129;345;15;52756;48604;35;69.2;63.7;0.0
48;2021-09-02;132;353;15;52888;48957;50;69.3;64.2;0.1
48;2021-09-03;125;329;30;53013;49286;80;69.5;64.6;0.1
48;2021-09-04;113;204;33;53126;49490;113;69.6;64.9;0.1
48;2021-09-05;7;68;0;53133;49558;113;69.6;65.0;0.1
48;2021-09-06;36;147;19;53169;49705;132;69.7;65.2;0.2
48;2021-09-07;136;319;39;53305;50024;171;69.9;65.6;0.2
48;2021-09-08;94;184;29;53399;50208;200;70.0;65.8;0.3
48;2021-09-09;90;216;62;53489;50424;262;70.1;66.1;0.3
48;2021-09-10;128;252;126;53617;50676;388;70.3;66.4;0.5
48;2021-09-11;89;188;26;53706;50864;414;70.4;66.7;0.5
48;2021-09-12;3;2;1;53709;50866;415;70.4;66.7;0.5
48;2021-09-13;77;79;80;53786;50945;495;70.5;66.8;0.6
48;2021-09-14;157;240;98;53943;51185;593;70.7;67.1;0.8
48;2021-09-15;68;178;60;54011;51363;653;70.8;67.3;0.9
48;2021-09-16;104;193;72;54115;51556;725;70.9;67.6;1.0
48;2021-09-17;103;182;79;54218;51738;804;71.1;67.8;1.1
48;2021-09-18;32;93;13;54250;51831;817;71.1;67.9;1.1
48;2021-09-19;0;2;4;54250;51833;821;71.1;67.9;1.1
48;2021-09-20;36;87;126;54286;51920;947;71.2;68.1;1.2
48;2021-09-21;56;170;135;54342;52090;1082;71.2;68.3;1.4
48;2021-09-22;51;154;57;54393;52244;1139;71.3;68.5;1.5
48;2021-09-23;32;95;58;54425;52339;1197;71.3;68.6;1.6
48;2021-09-24;45;116;80;54470;52455;1277;71.4;68.8;1.7
48;2021-09-25;23;82;15;54493;52537;1292;71.4;68.9;1.7
48;2021-09-26;1;6;0;54494;52543;1292;71.4;68.9;1.7
48;2021-09-27;15;44;59;54509;52587;1351;71.5;68.9;1.8
48;2021-09-28;61;137;156;54570;52724;1507;71.5;69.1;2.0
48;2021-09-29;48;124;69;54618;52848;1576;71.6;69.3;2.1
48;2021-09-30;29;81;127;54647;52929;1703;71.6;69.4;2.2
48;2021-10-01;53;128;79;54700;53057;1782;71.7;69.6;2.3
48;2021-10-02;34;50;27;54734;53107;1809;71.7;69.6;2.4
48;2021-10-03;0;1;0;54734;53108;1809;71.7;69.6;2.4
48;2021-10-04;14;63;36;54748;53171;1845;71.8;69.7;2.4
48;2021-10-05;42;119;59;54790;53290;1904;71.8;69.9;2.5
48;2021-10-06;57;82;196;54847;53372;2100;71.9;70.0;2.8
48;2021-10-07;29;99;162;54876;53471;2262;71.9;70.1;3.0
48;2021-10-08;42;128;114;54918;53599;2376;72.0;70.3;3.1
48;2021-10-09;16;64;42;54934;53663;2418;72.0;70.3;3.2
48;2021-10-10;0;1;0;54934;53664;2418;72.0;70.3;3.2
48;2021-10-11;7;28;55;54941;53692;2473;72.0;70.4;3.2
48;2021-10-12;24;70;126;54965;53762;2599;72.1;70.5;3.4
48;2021-10-13;37;86;146;55002;53848;2745;72.1;70.6;3.6
48;2021-10-14;39;60;75;55041;53908;2820;72.2;70.7;3.7
48;2021-10-15;28;50;148;55069;53958;2968;72.2;70.7;3.9
48;2021-10-16;10;19;27;55079;53977;2995;72.2;70.8;3.9
48;2021-10-17;3;3;3;55082;53980;2998;72.2;70.8;3.9
48;2021-10-18;9;20;83;55091;54000;3081;72.2;70.8;4.0
48;2021-10-19;33;49;120;55124;54049;3201;72.3;70.9;4.2
48;2021-10-20;43;43;167;55167;54092;3368;72.3;70.9;4.4
48;2021-10-21;17;38;178;55184;54130;3546;72.3;71.0;4.6
48;2021-10-22;30;63;130;55214;54193;3676;72.4;71.0;4.8
48;2021-10-23;26;30;42;55240;54223;3718;72.4;71.1;4.9
48;2021-10-24;0;0;0;55240;54223;3718;72.4;71.1;4.9
48;2021-10-25;16;16;79;55256;54239;3797;72.4;71.1;5.0
48;2021-10-26;35;38;145;55291;54277;3942;72.5;71.1;5.2
48;2021-10-27;36;66;198;55327;54343;4140;72.5;71.2;5.4
48;2021-10-28;31;29;294;55358;54372;4434;72.6;71.3;5.8
48;2021-10-29;21;28;148;55379;54400;4582;72.6;71.3;6.0
48;2021-10-30;7;18;30;55386;54418;4612;72.6;71.3;6.0
48;2021-10-31;0;2;0;55386;54420;4612;72.6;71.3;6.0
48;2021-11-01;2;1;2;55388;54421;4614;72.6;71.3;6.0
48;2021-11-02;27;32;124;55415;54453;4738;72.6;71.4;6.2
48;2021-11-03;20;38;142;55435;54491;4880;72.7;71.4;6.4
48;2021-11-04;28;36;163;55463;54527;5043;72.7;71.5;6.6
48;2021-11-05;15;25;119;55478;54552;5162;72.7;71.5;6.8
48;2021-11-06;16;19;65;55494;54571;5227;72.7;71.5;6.9
48;2021-11-07;2;1;0;55496;54572;5227;72.7;71.5;6.9
48;2021-11-08;7;17;53;55503;54589;5280;72.8;71.6;6.9
48;2021-11-09;37;55;277;55540;54644;5557;72.8;71.6;7.3
48;2021-11-10;25;52;304;55565;54696;5861;72.8;71.7;7.7
48;2021-11-11;1;4;40;55566;54700;5901;72.8;71.7;7.7
48;2021-11-12;17;41;220;55583;54741;6121;72.9;71.8;8.0
48;2021-11-13;14;20;74;55597;54761;6195;72.9;71.8;8.1
48;2021-11-14;0;0;3;55597;54761;6198;72.9;71.8;8.1
48;2021-11-15;7;10;154;55604;54771;6352;72.9;71.8;8.3
48;2021-11-16;28;36;367;55632;54807;6719;72.9;71.8;8.8
48;2021-11-17;24;30;347;55656;54837;7066;73.0;71.9;9.3
48;2021-11-18;18;29;440;55674;54866;7506;73.0;71.9;9.8
48;2021-11-19;25;28;318;55699;54894;7824;73.0;72.0;10.3
48;2021-11-20;32;15;118;55731;54909;7942;73.1;72.0;10.4
48;2021-11-21;0;1;1;55731;54910;7943;73.1;72.0;10.4
48;2021-11-22;7;11;235;55738;54921;8178;73.1;72.0;10.7
48;2021-11-23;34;19;320;55772;54940;8498;73.1;72.0;11.1
48;2021-11-24;36;31;322;55808;54971;8820;73.2;72.1;11.6
48;2021-11-25;27;27;441;55835;54998;9261;73.2;72.1;12.1
48;2021-11-26;35;27;497;55870;55025;9758;73.2;72.1;12.8
48;2021-11-27;28;23;295;55898;55048;10053;73.3;72.2;13.2
48;2021-11-28;0;1;6;55898;55049;10059;73.3;72.2;13.2
48;2021-11-29;15;7;474;55913;55056;10533;73.3;72.2;13.8
48;2021-11-30;19;38;510;55932;55094;11043;73.3;72.2;14.5
48;2021-12-01;21;26;410;55953;55120;11453;73.3;72.3;15.0
48;2021-12-02;12;21;437;55965;55141;11890;73.4;72.3;15.6
48;2021-12-03;35;23;656;56000;55164;12546;73.4;72.3;16.4
48;2021-12-04;21;25;358;56021;55189;12904;73.4;72.3;16.9
48;2021-12-05;2;1;10;56023;55190;12914;73.4;72.3;16.9
48;2021-12-06;13;17;590;56036;55207;13504;73.5;72.4;17.7
48;2021-12-07;22;17;842;56058;55224;14346;73.5;72.4;18.8
48;2021-12-08;29;29;630;56087;55253;14976;73.5;72.4;19.6
48;2021-12-09;17;19;662;56104;55272;15638;73.5;72.5;20.5
49;2020-12-27;1;0;0;1;0;0;0.0;0.0;0.0
49;2020-12-28;1;0;0;2;0;0;0.0;0.0;0.0
49;2020-12-29;0;0;0;2;0;0;0.0;0.0;0.0
49;2020-12-30;0;0;0;2;0;0;0.0;0.0;0.0
49;2020-12-31;0;0;0;2;0;0;0.0;0.0;0.0
49;2021-01-01;2;0;0;4;0;0;0.0;0.0;0.0
49;2021-01-02;1;1;0;5;1;0;0.0;0.0;0.0
49;2021-01-03;0;0;0;5;1;0;0.0;0.0;0.0
49;2021-01-04;9;0;0;14;1;0;0.0;0.0;0.0
49;2021-01-05;66;0;0;80;1;0;0.0;0.0;0.0
49;2021-01-06;200;0;0;280;1;0;0.0;0.0;0.0
49;2021-01-07;350;1;0;630;2;0;0.1;0.0;0.0
49;2021-01-08;316;1;0;946;3;0;0.1;0.0;0.0
49;2021-01-09;123;0;0;1069;3;0;0.1;0.0;0.0
49;2021-01-10;113;0;0;1182;3;0;0.1;0.0;0.0
49;2021-01-11;297;0;0;1479;3;0;0.2;0.0;0.0
49;2021-01-12;596;2;0;2075;5;0;0.3;0.0;0.0
49;2021-01-13;603;2;0;2678;7;0;0.3;0.0;0.0
49;2021-01-14;611;9;0;3289;16;0;0.4;0.0;0.0
49;2021-01-15;740;1;0;4029;17;0;0.5;0.0;0.0
49;2021-01-16;145;0;0;4174;17;0;0.5;0.0;0.0
49;2021-01-17;112;2;0;4286;19;0;0.5;0.0;0.0
49;2021-01-18;683;0;0;4969;19;0;0.6;0.0;0.0
49;2021-01-19;1237;7;0;6206;26;0;0.8;0.0;0.0
49;2021-01-20;1505;6;0;7711;32;0;0.9;0.0;0.0
49;2021-01-21;1947;11;0;9658;43;0;1.2;0.0;0.0
49;2021-01-22;1308;5;0;10966;48;0;1.3;0.0;0.0
49;2021-01-23;268;2;0;11234;50;0;1.4;0.0;0.0
49;2021-01-24;0;0;0;11234;50;0;1.4;0.0;0.0
49;2021-01-25;577;5;0;11811;55;0;1.4;0.0;0.0
49;2021-01-26;1018;55;0;12829;110;0;1.6;0.0;0.0
49;2021-01-27;1834;46;0;14663;156;0;1.8;0.0;0.0
49;2021-01-28;2813;81;0;17476;237;0;2.1;0.0;0.0
49;2021-01-29;1638;97;0;19114;334;0;2.3;0.0;0.0
49;2021-01-30;294;46;0;19408;380;0;2.4;0.0;0.0
49;2021-01-31;52;52;0;19460;432;0;2.4;0.1;0.0
49;2021-02-01;662;167;0;20122;599;0;2.5;0.1;0.0
49;2021-02-02;747;348;0;20869;947;0;2.6;0.1;0.0
49;2021-02-03;714;368;0;21583;1315;0;2.6;0.2;0.0
49;2021-02-04;781;442;0;22364;1757;0;2.7;0.2;0.0
49;2021-02-05;743;572;0;23107;2329;0;2.8;0.3;0.0
49;2021-02-06;234;108;0;23341;2437;0;2.9;0.3;0.0
49;2021-02-07;66;83;0;23407;2520;0;2.9;0.3;0.0
49;2021-02-08;542;474;0;23949;2994;0;2.9;0.4;0.0
49;2021-02-09;765;659;0;24714;3653;0;3.0;0.4;0.0
49;2021-02-10;846;945;0;25560;4598;0;3.1;0.6;0.0
49;2021-02-11;1066;1410;0;26626;6008;0;3.3;0.7;0.0
49;2021-02-12;877;982;0;27503;6990;0;3.4;0.9;0.0
49;2021-02-13;261;129;0;27764;7119;0;3.4;0.9;0.0
49;2021-02-14;9;90;0;27773;7209;0;3.4;0.9;0.0
49;2021-02-15;704;688;0;28477;7897;0;3.5;1.0;0.0
49;2021-02-16;1126;1076;0;29603;8973;0;3.6;1.1;0.0
49;2021-02-17;1126;1855;0;30729;10828;0;3.8;1.3;0.0
49;2021-02-18;1792;2339;0;32521;13167;0;4.0;1.6;0.0
49;2021-02-19;1344;1158;0;33865;14325;0;4.2;1.8;0.0
49;2021-02-20;218;370;0;34083;14695;0;4.2;1.8;0.0
49;2021-02-21;1;59;0;34084;14754;0;4.2;1.8;0.0
49;2021-02-22;624;612;0;34708;15366;0;4.3;1.9;0.0
49;2021-02-23;711;849;0;35419;16215;0;4.3;2.0;0.0
49;2021-02-24;818;687;0;36237;16902;0;4.4;2.1;0.0
49;2021-02-25;1194;853;0;37431;17755;0;4.6;2.2;0.0
49;2021-02-26;1606;838;0;39037;18593;0;4.8;2.3;0.0
49;2021-02-27;421;286;0;39458;18879;0;4.8;2.3;0.0
49;2021-02-28;46;33;0;39504;18912;0;4.8;2.3;0.0
49;2021-03-01;750;620;0;40254;19532;0;4.9;2.4;0.0
49;2021-03-02;1055;724;0;41309;20256;0;5.1;2.5;0.0
49;2021-03-03;1512;722;0;42821;20978;0;5.2;2.6;0.0
49;2021-03-04;1755;967;0;44576;21945;0;5.5;2.7;0.0
49;2021-03-05;2226;739;0;46802;22684;0;5.7;2.8;0.0
49;2021-03-06;731;199;0;47533;22883;0;5.8;2.8;0.0
49;2021-03-07;639;15;0;48172;22898;0;5.9;2.8;0.0
49;2021-03-08;1406;717;0;49578;23615;0;6.1;2.9;0.0
49;2021-03-09;2019;754;0;51597;24369;0;6.3;3.0;0.0
49;2021-03-10;2453;921;0;54050;25290;0;6.6;3.1;0.0
49;2021-03-11;3127;1551;0;57177;26841;0;7.0;3.3;0.0
49;2021-03-12;3687;1011;0;60864;27852;0;7.5;3.4;0.0
49;2021-03-13;1511;214;0;62375;28066;0;7.6;3.4;0.0
49;2021-03-14;13;2;0;62388;28068;0;7.6;3.4;0.0
49;2021-03-15;2078;532;0;64466;28600;0;7.9;3.5;0.0
49;2021-03-16;1700;960;0;66166;29560;0;8.1;3.6;0.0
49;2021-03-17;1757;680;0;67923;30240;0;8.3;3.7;0.0
49;2021-03-18;2183;716;0;70106;30956;0;8.6;3.8;0.0
49;2021-03-19;3302;561;0;73408;31517;0;9.0;3.9;0.0
49;2021-03-20;1710;211;0;75118;31728;0;9.2;3.9;0.0
49;2021-03-21;488;21;0;75606;31749;0;9.3;3.9;0.0
49;2021-03-22;2211;554;0;77817;32303;0;9.5;4.0;0.0
49;2021-03-23;3370;662;0;81187;32965;0;10.0;4.0;0.0
49;2021-03-24;3492;480;0;84679;33445;0;10.4;4.1;0.0
49;2021-03-25;4201;646;0;88880;34091;0;10.9;4.2;0.0
49;2021-03-26;4789;504;0;93669;34595;0;11.5;4.2;0.0
49;2021-03-27;1695;109;0;95364;34704;0;11.7;4.3;0.0
49;2021-03-28;381;26;0;95745;34730;0;11.7;4.3;0.0
49;2021-03-29;2474;605;0;98219;35335;0;12.0;4.3;0.0
49;2021-03-30;3339;931;0;101558;36266;0;12.4;4.4;0.0
49;2021-03-31;3005;756;0;104563;37022;0;12.8;4.5;0.0
49;2021-04-01;4114;883;0;108677;37905;0;13.3;4.6;0.0
49;2021-04-02;4275;961;0;112952;38866;0;13.8;4.8;0.0
49;2021-04-03;986;206;0;113938;39072;0;14.0;4.8;0.0
49;2021-04-04;327;6;0;114265;39078;0;14.0;4.8;0.0
49;2021-04-05;898;28;0;115163;39106;0;14.1;4.8;0.0
49;2021-04-06;2442;1325;0;117605;40431;0;14.4;5.0;0.0
49;2021-04-07;3353;1382;0;120958;41813;0;14.8;5.1;0.0
49;2021-04-08;5132;1403;0;126090;43216;0;15.5;5.3;0.0
49;2021-04-09;6182;1423;0;132272;44639;0;16.2;5.5;0.0
49;2021-04-10;2016;501;0;134288;45140;0;16.5;5.5;0.0
49;2021-04-11;389;12;0;134677;45152;0;16.5;5.5;0.0
49;2021-04-12;3982;1540;0;138659;46692;0;17.0;5.7;0.0
49;2021-04-13;5209;1884;0;143868;48576;0;17.6;6.0;0.0
49;2021-04-14;4338;1855;0;148206;50431;0;18.2;6.2;0.0
49;2021-04-15;5111;1880;0;153317;52311;0;18.8;6.4;0.0
49;2021-04-16;5383;2144;0;158700;54455;0;19.5;6.7;0.0
49;2021-04-17;2976;818;0;161676;55273;0;19.8;6.8;0.0
49;2021-04-18;385;469;0;162061;55742;0;19.9;6.8;0.0
49;2021-04-19;3418;2023;0;165479;57765;0;20.3;7.1;0.0
49;2021-04-20;4058;2076;0;169537;59841;0;20.8;7.3;0.0
49;2021-04-21;3566;2128;0;173103;61969;0;21.2;7.6;0.0
49;2021-04-22;4492;2100;0;177595;64069;0;21.8;7.9;0.0
49;2021-04-23;4384;2282;0;181979;66351;0;22.3;8.1;0.0
49;2021-04-24;2612;1191;0;184591;67542;0;22.6;8.3;0.0
49;2021-04-25;59;295;0;184650;67837;0;22.6;8.3;0.0
49;2021-04-26;3398;2177;0;188048;70014;0;23.0;8.6;0.0
49;2021-04-27;3999;2545;0;192047;72559;0;23.5;8.9;0.0
49;2021-04-28;4130;2452;0;196177;75011;0;24.0;9.2;0.0
49;2021-04-29;4713;3042;0;200890;78053;0;24.6;9.6;0.0
49;2021-04-30;4993;3121;0;205883;81174;0;25.2;9.9;0.0
49;2021-05-01;2180;671;0;208063;81845;0;25.5;10.0;0.0
49;2021-05-02;45;51;0;208108;81896;0;25.5;10.0;0.0
49;2021-05-03;4560;2349;0;212668;84245;0;26.1;10.3;0.0
49;2021-05-04;4615;3138;0;217283;87383;0;26.6;10.7;0.0
49;2021-05-05;4430;3025;0;221713;90408;0;27.2;11.1;0.0
49;2021-05-06;4900;3100;0;226613;93508;0;27.8;11.5;0.0
49;2021-05-07;4008;4955;0;230621;98463;0;28.3;12.1;0.0
49;2021-05-08;3371;478;0;233992;98941;0;28.7;12.1;0.0
49;2021-05-09;58;67;0;234050;99008;0;28.7;12.1;0.0
49;2021-05-10;4427;4030;0;238477;103038;0;29.2;12.6;0.0
49;2021-05-11;4988;4773;0;243465;107811;0;29.8;13.2;0.0
49;2021-05-12;4387;4309;0;247852;112120;0;30.4;13.7;0.0
49;2021-05-13;4439;650;0;252291;112770;0;30.9;13.8;0.0
49;2021-05-14;4602;3061;0;256893;115831;0;31.5;14.2;0.0
49;2021-05-15;3735;1649;0;260628;117480;0;31.9;14.4;0.0
49;2021-05-16;2399;92;0;263027;117572;0;32.2;14.4;0.0
49;2021-05-17;4399;3339;0;267426;120911;0;32.8;14.8;0.0
49;2021-05-18;4847;3533;0;272273;124444;0;33.4;15.3;0.0
49;2021-05-19;5174;2983;0;277447;127427;0;34.0;15.6;0.0
49;2021-05-20;5981;2757;0;283428;130184;0;34.7;16.0;0.0
49;2021-05-21;5795;3396;0;289223;133580;0;35.4;16.4;0.0
49;2021-05-22;4452;1125;0;293675;134705;0;36.0;16.5;0.0
49;2021-05-23;73;16;0;293748;134721;0;36.0;16.5;0.0
49;2021-05-24;3785;400;0;297533;135121;0;36.5;16.6;0.0
49;2021-05-25;5574;3169;0;303107;138290;0;37.2;16.9;0.0
49;2021-05-26;5481;2514;0;308588;140804;0;37.8;17.3;0.0
49;2021-05-27;6193;2644;0;314781;143448;0;38.6;17.6;0.0
49;2021-05-28;6154;3792;0;320935;147240;0;39.3;18.0;0.0
49;2021-05-29;4286;1743;0;325221;148983;0;39.9;18.3;0.0
49;2021-05-30;119;32;0;325340;149015;0;39.9;18.3;0.0
49;2021-05-31;5363;2904;0;330703;151919;0;40.5;18.6;0.0
49;2021-06-01;5979;3731;0;336682;155650;0;41.3;19.1;0.0
49;2021-06-02;5254;3450;0;341936;159100;0;41.9;19.5;0.0
49;2021-06-03;5947;3312;0;347883;162412;0;42.6;19.9;0.0
49;2021-06-04;6008;4583;0;353891;166995;0;43.4;20.5;0.0
49;2021-06-05;4060;2475;0;357951;169470;0;43.9;20.8;0.0
49;2021-06-06;193;73;0;358144;169543;0;43.9;20.8;0.0
49;2021-06-07;4288;4301;0;362432;173844;0;44.4;21.3;0.0
49;2021-06-08;5002;4655;0;367434;178499;0;45.0;21.9;0.0
49;2021-06-09;4992;4104;0;372426;182603;0;45.6;22.4;0.0
49;2021-06-10;5669;3674;0;378095;186277;0;46.3;22.8;0.0
49;2021-06-11;4677;5643;0;382772;191920;0;46.9;23.5;0.0
49;2021-06-12;3711;2925;0;386483;194845;0;47.4;23.9;0.0
49;2021-06-13;130;787;0;386613;195632;0;47.4;24.0;0.0
49;2021-06-14;3365;5532;0;389978;201164;0;47.8;24.7;0.0
49;2021-06-15;4168;5966;0;394146;207130;0;48.3;25.4;0.0
49;2021-06-16;4087;5429;0;398233;212559;0;48.8;26.1;0.0
49;2021-06-17;4866;4973;0;403099;217532;0;49.4;26.7;0.0
49;2021-06-18;4018;6470;0;407117;224002;0;49.9;27.5;0.0
49;2021-06-19;3329;3673;0;410446;227675;0;50.3;27.9;0.0
49;2021-06-20;75;72;0;410521;227747;0;50.3;27.9;0.0
49;2021-06-21;2769;6026;0;413290;233773;0;50.7;28.7;0.0
49;2021-06-22;3130;6578;0;416420;240351;0;51.0;29.5;0.0
49;2021-06-23;3072;5909;0;419492;246260;0;51.4;30.2;0.0
49;2021-06-24;4136;4732;0;423628;250992;0;51.9;30.8;0.0
49;2021-06-25;3239;6905;0;426867;257897;0;52.3;31.6;0.0
49;2021-06-26;2432;4193;0;429299;262090;0;52.6;32.1;0.0
49;2021-06-27;39;1481;0;429338;263571;0;52.6;32.3;0.0
49;2021-06-28;2131;6632;0;431469;270203;0;52.9;33.1;0.0
49;2021-06-29;2849;6779;0;434318;276982;0;53.2;33.9;0.0
49;2021-06-30;2736;6336;0;437054;283318;0;53.6;34.7;0.0
49;2021-07-01;3086;6089;0;440140;289407;0;53.9;35.5;0.0
49;2021-07-02;2891;7582;0;443031;296989;0;54.3;36.4;0.0
49;2021-07-03;1969;5001;0;445000;301990;0;54.5;37.0;0.0
49;2021-07-04;49;157;0;445049;302147;0;54.5;37.0;0.0
49;2021-07-05;1695;6550;0;446744;308697;0;54.8;37.8;0.0
49;2021-07-06;2074;7172;1;448818;315869;1;55.0;38.7;0.0
49;2021-07-07;2204;6175;0;451022;322044;1;55.3;39.5;0.0
49;2021-07-08;2692;6106;0;453714;328150;1;55.6;40.2;0.0
49;2021-07-09;2500;7855;0;456214;336005;1;55.9;41.2;0.0
49;2021-07-10;1943;4923;0;458157;340928;1;56.2;41.8;0.0
49;2021-07-11;62;125;0;458219;341053;1;56.2;41.8;0.0
49;2021-07-12;2054;7233;0;460273;348286;1;56.4;42.7;0.0
49;2021-07-13;2743;7972;0;463016;356258;1;56.8;43.7;0.0
49;2021-07-14;2827;3302;0;465843;359560;1;57.1;44.1;0.0
49;2021-07-15;3377;7254;0;469220;366814;1;57.5;45.0;0.0
49;2021-07-16;3610;7991;0;472830;374805;1;58.0;45.9;0.0
49;2021-07-17;2162;5121;0;474992;379926;1;58.2;46.6;0.0
49;2021-07-18;3173;575;0;478165;380501;1;58.6;46.6;0.0
49;2021-07-19;2633;7122;0;480798;387623;1;58.9;47.5;0.0
49;2021-07-20;3455;7384;0;484253;395007;1;59.4;48.4;0.0
49;2021-07-21;3862;6339;0;488115;401346;1;59.8;49.2;0.0
49;2021-07-22;4425;5928;0;492540;407274;1;60.4;49.9;0.0
49;2021-07-23;4756;6635;0;497296;413909;1;61.0;50.7;0.0
49;2021-07-24;3045;4737;0;500341;418646;1;61.3;51.3;0.0
49;2021-07-25;123;160;0;500464;418806;1;61.3;51.3;0.0
49;2021-07-26;3988;5771;0;504452;424577;1;61.8;52.0;0.0
49;2021-07-27;5607;5402;0;510059;429979;1;62.5;52.7;0.0
49;2021-07-28;5721;4402;0;515780;434381;1;63.2;53.2;0.0
49;2021-07-29;6051;4256;0;521831;438637;1;64.0;53.8;0.0
49;2021-07-30;5801;4826;0;527632;443463;1;64.7;54.4;0.0
49;2021-07-31;3663;3371;0;531295;446834;1;65.1;54.8;0.0
49;2021-08-01;157;77;0;531452;446911;1;65.1;54.8;0.0
49;2021-08-02;4306;4618;0;535758;451529;1;65.7;55.3;0.0
49;2021-08-03;5521;3872;0;541279;455401;1;66.3;55.8;0.0
49;2021-08-04;5241;3725;0;546520;459126;1;67.0;56.3;0.0
49;2021-08-05;5339;3507;0;551859;462633;1;67.6;56.7;0.0
49;2021-08-06;5545;4424;0;557404;467057;1;68.3;57.2;0.0
49;2021-08-07;3591;3026;0;560995;470083;1;68.8;57.6;0.0
49;2021-08-08;90;113;0;561085;470196;1;68.8;57.6;0.0
49;2021-08-09;3530;4717;0;564615;474913;1;69.2;58.2;0.0
49;2021-08-10;4224;3944;0;568839;478857;1;69.7;58.7;0.0
49;2021-08-11;3952;3694;0;572791;482551;1;70.2;59.1;0.0
49;2021-08-12;3072;3267;0;575863;485818;1;70.6;59.5;0.0
49;2021-08-13;3917;4133;0;579780;489951;1;71.1;60.1;0.0
49;2021-08-14;2144;2945;0;581924;492896;1;71.3;60.4;0.0
49;2021-08-15;65;74;0;581989;492970;1;71.3;60.4;0.0
49;2021-08-16;2859;4966;0;584848;497936;1;71.7;61.0;0.0
49;2021-08-17;3181;4826;0;588029;502762;1;72.1;61.6;0.0
49;2021-08-18;2862;4291;0;590891;507053;1;72.4;62.1;0.0
49;2021-08-19;1924;3907;0;592815;510960;1;72.7;62.6;0.0
49;2021-08-20;2739;5498;0;595554;516458;1;73.0;63.3;0.0
49;2021-08-21;1362;3840;0;596916;520298;1;73.2;63.8;0.0
49;2021-08-22;37;168;0;596953;520466;1;73.2;63.8;0.0
49;2021-08-23;2223;5294;0;599176;525760;1;73.4;64.4;0.0
49;2021-08-24;2655;5474;0;601831;531234;1;73.8;65.1;0.0
49;2021-08-25;2291;5228;0;604122;536462;1;74.0;65.8;0.0
49;2021-08-26;1784;4690;0;605906;541152;1;74.3;66.3;0.0
49;2021-08-27;2225;6353;0;608131;547505;1;74.5;67.1;0.0
49;2021-08-28;904;3705;0;609035;551210;1;74.6;67.6;0.0
49;2021-08-29;34;162;0;609069;551372;1;74.7;67.6;0.0
49;2021-08-30;1275;4014;46;610344;555386;47;74.8;68.1;0.0
49;2021-08-31;2136;5532;100;612480;560918;147;75.1;68.7;0.0
49;2021-09-01;1637;3940;235;614117;564858;382;75.3;69.2;0.0
49;2021-09-02;1082;2967;201;615199;567825;583;75.4;69.6;0.1
49;2021-09-03;1411;4025;279;616610;571850;862;75.6;70.1;0.1
49;2021-09-04;1179;3229;127;617789;575079;989;75.7;70.5;0.1
49;2021-09-05;23;44;5;617812;575123;994;75.7;70.5;0.1
49;2021-09-06;1030;2639;376;618842;577762;1370;75.8;70.8;0.2
49;2021-09-07;1109;2538;383;619951;580300;1753;76.0;71.1;0.2
49;2021-09-08;947;2867;276;620898;583167;2029;76.1;71.5;0.2
49;2021-09-09;742;1735;184;621640;584902;2213;76.2;71.7;0.3
49;2021-09-10;990;2923;252;622630;587825;2465;76.3;72.0;0.3
49;2021-09-11;735;2468;119;623365;590293;2584;76.4;72.4;0.3
49;2021-09-12;16;47;3;623381;590340;2587;76.4;72.4;0.3
49;2021-09-13;724;2019;555;624105;592359;3142;76.5;72.6;0.4
49;2021-09-14;658;1690;688;624763;594049;3830;76.6;72.8;0.5
49;2021-09-15;615;2147;663;625378;596196;4493;76.7;73.1;0.6
49;2021-09-16;544;1348;609;625922;597544;5102;76.7;73.2;0.6
49;2021-09-17;919;2444;632;626841;599988;5734;76.8;73.5;0.7
49;2021-09-18;523;2010;148;627364;601998;5882;76.9;73.8;0.7
49;2021-09-19;8;22;6;627372;602020;5888;76.9;73.8;0.7
49;2021-09-20;500;1248;687;627872;603268;6575;77.0;73.9;0.8
49;2021-09-21;415;1546;776;628287;604814;7351;77.0;74.1;0.9
49;2021-09-22;348;2060;639;628635;606874;7990;77.0;74.4;1.0
49;2021-09-23;299;1094;851;628934;607968;8841;77.1;74.5;1.1
49;2021-09-24;558;2204;930;629492;610172;9771;77.2;74.8;1.2
49;2021-09-25;202;1099;101;629694;611271;9872;77.2;74.9;1.2
49;2021-09-26;4;24;0;629698;611295;9872;77.2;74.9;1.2
49;2021-09-27;355;1314;878;630053;612609;10750;77.2;75.1;1.3
49;2021-09-28;394;1010;740;630447;613619;11490;77.3;75.2;1.4
49;2021-09-29;369;1205;636;630816;614824;12126;77.3;75.4;1.5
49;2021-09-30;332;680;855;631148;615504;12981;77.4;75.4;1.6
49;2021-10-01;525;1500;739;631673;617004;13720;77.4;75.6;1.7
49;2021-10-02;334;1101;163;632007;618105;13883;77.5;75.8;1.7
49;2021-10-03;12;24;4;632019;618129;13887;77.5;75.8;1.7
49;2021-10-04;298;750;688;632317;618879;14575;77.5;75.9;1.8
49;2021-10-05;205;570;748;632522;619449;15323;77.5;75.9;1.9
49;2021-10-06;369;718;671;632891;620167;15994;77.6;76.0;2.0
49;2021-10-07;224;442;801;633115;620609;16795;77.6;76.1;2.1
49;2021-10-08;550;1264;1164;633665;621873;17959;77.7;76.2;2.2
49;2021-10-09;252;657;305;633917;622530;18264;77.7;76.3;2.2
49;2021-10-10;7;11;5;633924;622541;18269;77.7;76.3;2.2
49;2021-10-11;299;662;939;634223;623203;19208;77.7;76.4;2.4
49;2021-10-12;256;344;1147;634479;623547;20355;77.8;76.4;2.5
49;2021-10-13;319;527;1060;634798;624074;21415;77.8;76.5;2.6
49;2021-10-14;222;372;952;635020;624446;22367;77.8;76.5;2.7
49;2021-10-15;450;799;1337;635470;625245;23704;77.9;76.6;2.9
49;2021-10-16;229;398;346;635699;625643;24050;77.9;76.7;2.9
49;2021-10-17;3;12;12;635702;625655;24062;77.9;76.7;2.9
49;2021-10-18;272;315;715;635974;625970;24777;77.9;76.7;3.0
49;2021-10-19;113;338;872;636087;626308;25649;78.0;76.8;3.1
49;2021-10-20;146;322;793;636233;626630;26442;78.0;76.8;3.2
49;2021-10-21;91;240;804;636324;626870;27246;78.0;76.8;3.3
49;2021-10-22;189;651;1623;636513;627521;28869;78.0;76.9;3.5
49;2021-10-23;86;296;338;636599;627817;29207;78.0;76.9;3.6
49;2021-10-24;1;13;12;636600;627830;29219;78.0;77.0;3.6
49;2021-10-25;143;304;878;636743;628134;30097;78.0;77.0;3.7
49;2021-10-26;113;204;808;636856;628338;30905;78.1;77.0;3.8
49;2021-10-27;121;277;988;636977;628615;31893;78.1;77.0;3.9
49;2021-10-28;98;211;969;637075;628826;32862;78.1;77.1;4.0
49;2021-10-29;197;579;1816;637272;629405;34678;78.1;77.1;4.3
49;2021-10-30;62;200;341;637334;629605;35019;78.1;77.2;4.3
49;2021-10-31;4;11;18;637338;629616;35037;78.1;77.2;4.3
49;2021-11-01;1;2;15;637339;629618;35052;78.1;77.2;4.3
49;2021-11-02;151;295;1561;637490;629913;36613;78.1;77.2;4.5
49;2021-11-03;121;288;1582;637611;630201;38195;78.1;77.2;4.7
49;2021-11-04;79;168;1312;637690;630369;39507;78.2;77.3;4.8
49;2021-11-05;181;439;2142;637871;630808;41649;78.2;77.3;5.1
49;2021-11-06;84;188;544;637955;630996;42193;78.2;77.3;5.2
49;2021-11-07;3;20;17;637958;631016;42210;78.2;77.3;5.2
49;2021-11-08;84;272;1933;638042;631288;44143;78.2;77.4;5.4
49;2021-11-09;87;225;2824;638129;631513;46967;78.2;77.4;5.8
49;2021-11-10;160;302;3034;638289;631815;50001;78.2;77.4;6.1
49;2021-11-11;5;4;56;638294;631819;50057;78.2;77.4;6.1
49;2021-11-12;164;285;2907;638458;632104;52964;78.3;77.5;6.5
49;2021-11-13;99;134;818;638557;632238;53782;78.3;77.5;6.6
49;2021-11-14;0;1;19;638557;632239;53801;78.3;77.5;6.6
49;2021-11-15;79;154;2360;638636;632393;56161;78.3;77.5;6.9
49;2021-11-16;81;163;3326;638717;632556;59487;78.3;77.5;7.3
49;2021-11-17;142;207;2929;638859;632763;62416;78.3;77.6;7.7
49;2021-11-18;72;123;2896;638931;632886;65312;78.3;77.6;8.0
49;2021-11-19;178;218;3935;639109;633104;69247;78.3;77.6;8.5
49;2021-11-20;104;83;1105;639213;633187;70352;78.3;77.6;8.6
49;2021-11-21;1;5;12;639214;633192;70364;78.3;77.6;8.6
49;2021-11-22;62;107;2396;639276;633299;72760;78.4;77.6;8.9
49;2021-11-23;138;117;3953;639414;633416;76713;78.4;77.6;9.4
49;2021-11-24;173;189;3488;639587;633605;80201;78.4;77.7;9.8
49;2021-11-25;100;99;3623;639687;633704;83824;78.4;77.7;10.3
49;2021-11-26;208;242;5696;639895;633946;89520;78.4;77.7;11.0
49;2021-11-27;135;148;2473;640030;634094;91993;78.4;77.7;11.3
49;2021-11-28;8;13;790;640038;634107;92783;78.4;77.7;11.4
49;2021-11-29;98;112;4777;640136;634219;97560;78.5;77.7;12.0
49;2021-11-30;137;121;6146;640273;634340;103706;78.5;77.7;12.7
49;2021-12-01;123;137;5931;640396;634477;109637;78.5;77.8;13.4
49;2021-12-02;81;75;5890;640477;634552;115527;78.5;77.8;14.2
49;2021-12-03;147;173;7849;640624;634725;123376;78.5;77.8;15.1
49;2021-12-04;63;111;2915;640687;634836;126291;78.5;77.8;15.5
49;2021-12-05;6;13;790;640693;634849;127081;78.5;77.8;15.6
49;2021-12-06;59;103;7367;640752;634952;134448;78.5;77.8;16.5
49;2021-12-07;109;118;9197;640861;635070;143645;78.5;77.8;17.6
49;2021-12-08;121;183;7962;640982;635253;151607;78.6;77.9;18.6
49;2021-12-09;111;123;9206;641093;635376;160813;78.6;77.9;19.7
50;2020-12-27;0;0;0;0;0;0;0.0;0.0;0.0
50;2020-12-28;1;0;0;1;0;0;0.0;0.0;0.0
50;2020-12-29;1;0;0;2;0;0;0.0;0.0;0.0
50;2020-12-30;0;0;0;2;0;0;0.0;0.0;0.0
50;2020-12-31;0;0;0;2;0;0;0.0;0.0;0.0
50;2021-01-01;1;0;0;3;0;0;0.0;0.0;0.0
50;2021-01-02;0;0;0;3;0;0;0.0;0.0;0.0
50;2021-01-03;0;0;0;3;0;0;0.0;0.0;0.0
50;2021-01-04;1;0;0;4;0;0;0.0;0.0;0.0
50;2021-01-05;0;0;0;4;0;0;0.0;0.0;0.0
50;2021-01-06;122;0;0;126;0;0;0.0;0.0;0.0
50;2021-01-07;311;0;0;437;0;0;0.1;0.0;0.0
50;2021-01-08;428;2;0;865;2;0;0.2;0.0;0.0
50;2021-01-09;227;0;0;1092;2;0;0.2;0.0;0.0
50;2021-01-10;22;0;0;1114;2;0;0.2;0.0;0.0
50;2021-01-11;368;0;0;1482;2;0;0.3;0.0;0.0
50;2021-01-12;596;0;0;2078;2;0;0.4;0.0;0.0
50;2021-01-13;682;5;0;2760;7;0;0.6;0.0;0.0
50;2021-01-14;979;8;0;3739;15;0;0.8;0.0;0.0
50;2021-01-15;692;5;0;4431;20;0;0.9;0.0;0.0
50;2021-01-16;219;3;0;4650;23;0;0.9;0.0;0.0
50;2021-01-17;9;0;0;4659;23;0;0.9;0.0;0.0
50;2021-01-18;646;1;0;5305;24;0;1.1;0.0;0.0
50;2021-01-19;911;9;0;6216;33;0;1.3;0.0;0.0
50;2021-01-20;968;2;0;7184;35;0;1.5;0.0;0.0
50;2021-01-21;912;3;0;8096;38;0;1.6;0.0;0.0
50;2021-01-22;769;2;0;8865;40;0;1.8;0.0;0.0
50;2021-01-23;658;4;0;9523;44;0;1.9;0.0;0.0
50;2021-01-24;846;3;0;10369;47;0;2.1;0.0;0.0
50;2021-01-25;2577;17;0;12946;64;0;2.6;0.0;0.0
50;2021-01-26;1289;15;0;14235;79;0;2.9;0.0;0.0
50;2021-01-27;750;52;0;14985;131;0;3.1;0.0;0.0
50;2021-01-28;753;166;0;15738;297;0;3.2;0.1;0.0
50;2021-01-29;602;303;0;16340;600;0;3.3;0.1;0.0
50;2021-01-30;375;161;0;16715;761;0;3.4;0.2;0.0
50;2021-01-31;5;0;0;16720;761;0;3.4;0.2;0.0
50;2021-02-01;459;215;0;17179;976;0;3.5;0.2;0.0
50;2021-02-02;463;253;0;17642;1229;0;3.6;0.3;0.0
50;2021-02-03;427;369;0;18069;1598;0;3.7;0.3;0.0
50;2021-02-04;510;456;0;18579;2054;0;3.8;0.4;0.0
50;2021-02-05;448;462;0;19027;2516;0;3.9;0.5;0.0
50;2021-02-06;194;112;0;19221;2628;0;3.9;0.5;0.0
50;2021-02-07;1;5;0;19222;2633;0;3.9;0.5;0.0
50;2021-02-08;284;491;0;19506;3124;0;4.0;0.6;0.0
50;2021-02-09;283;648;0;19789;3772;0;4.0;0.8;0.0
50;2021-02-10;577;565;0;20366;4337;0;4.2;0.9;0.0
50;2021-02-11;484;865;0;20850;5202;0;4.2;1.1;0.0
50;2021-02-12;399;675;0;21249;5877;0;4.3;1.2;0.0
50;2021-02-13;300;445;0;21549;6322;0;4.4;1.3;0.0
50;2021-02-14;180;797;0;21729;7119;0;4.4;1.5;0.0
50;2021-02-15;637;1959;0;22366;9078;0;4.6;1.9;0.0
50;2021-02-16;707;1535;0;23073;10613;0;4.7;2.2;0.0
50;2021-02-17;616;837;0;23689;11450;0;4.8;2.3;0.0
50;2021-02-18;529;826;0;24218;12276;0;4.9;2.5;0.0
50;2021-02-19;639;535;0;24857;12811;0;5.1;2.6;0.0
50;2021-02-20;408;203;0;25265;13014;0;5.1;2.7;0.0
50;2021-02-21;79;30;0;25344;13044;0;5.2;2.7;0.0
50;2021-02-22;305;741;0;25649;13785;0;5.2;2.8;0.0
50;2021-02-23;495;572;0;26144;14357;0;5.3;2.9;0.0
50;2021-02-24;632;562;0;26776;14919;0;5.5;3.0;0.0
50;2021-02-25;797;619;0;27573;15538;0;5.6;3.2;0.0
50;2021-02-26;993;403;0;28566;15941;0;5.8;3.2;0.0
50;2021-02-27;840;120;0;29406;16061;0;6.0;3.3;0.0
50;2021-02-28;102;5;0;29508;16066;0;6.0;3.3;0.0
50;2021-03-01;496;594;0;30004;16660;0;6.1;3.4;0.0
50;2021-03-02;635;546;0;30639;17206;0;6.2;3.5;0.0
50;2021-03-03;795;523;0;31434;17729;0;6.4;3.6;0.0
50;2021-03-04;1257;365;0;32691;18094;0;6.7;3.7;0.0
50;2021-03-05;1558;388;0;34249;18482;0;7.0;3.8;0.0
50;2021-03-06;1323;176;0;35572;18658;0;7.2;3.8;0.0
50;2021-03-07;542;40;0;36114;18698;0;7.4;3.8;0.0
50;2021-03-08;1025;617;0;37139;19315;0;7.6;3.9;0.0
50;2021-03-09;1533;581;0;38672;19896;0;7.9;4.1;0.0
50;2021-03-10;1584;337;0;40256;20233;0;8.2;4.1;0.0
50;2021-03-11;2336;377;0;42592;20610;0;8.7;4.2;0.0
50;2021-03-12;2924;281;0;45516;20891;0;9.3;4.3;0.0
50;2021-03-13;1931;142;0;47447;21033;0;9.7;4.3;0.0
50;2021-03-14;264;39;0;47711;21072;0;9.7;4.3;0.0
50;2021-03-15;1411;309;0;49122;21381;0;10.0;4.4;0.0
50;2021-03-16;1309;283;0;50431;21664;0;10.3;4.4;0.0
50;2021-03-17;1303;407;0;51734;22071;0;10.5;4.5;0.0
50;2021-03-18;1185;422;0;52919;22493;0;10.8;4.6;0.0
50;2021-03-19;1796;582;0;54715;23075;0;11.2;4.7;0.0
50;2021-03-20;1696;223;0;56411;23298;0;11.5;4.7;0.0
50;2021-03-21;775;13;0;57186;23311;0;11.7;4.8;0.0
50;2021-03-22;1514;342;0;58700;23653;0;12.0;4.8;0.0
50;2021-03-23;2063;399;0;60763;24052;0;12.4;4.9;0.0
50;2021-03-24;2283;562;0;63046;24614;0;12.8;5.0;0.0
50;2021-03-25;2843;483;0;65889;25097;0;13.4;5.1;0.0
50;2021-03-26;3247;472;0;69136;25569;0;14.1;5.2;0.0
50;2021-03-27;1724;355;0;70860;25924;0;14.4;5.3;0.0
50;2021-03-28;392;19;0;71252;25943;0;14.5;5.3;0.0
50;2021-03-29;2127;699;0;73379;26642;0;15.0;5.4;0.0
50;2021-03-30;2286;632;0;75665;27274;0;15.4;5.6;0.0
50;2021-03-31;2480;564;0;78145;27838;0;15.9;5.7;0.0
50;2021-04-01;3089;874;0;81234;28712;0;16.6;5.9;0.0
50;2021-04-02;2892;900;0;84126;29612;0;17.1;6.0;0.0
50;2021-04-03;1206;662;0;85332;30274;0;17.4;6.2;0.0
50;2021-04-04;304;132;0;85636;30406;0;17.5;6.2;0.0
50;2021-04-05;385;32;0;86021;30438;0;17.5;6.2;0.0
50;2021-04-06;2067;1190;0;88088;31628;0;18.0;6.4;0.0
50;2021-04-07;2566;1178;0;90654;32806;0;18.5;6.7;0.0
50;2021-04-08;3608;1209;0;94262;34015;0;19.2;6.9;0.0
50;2021-04-09;3853;1288;0;98115;35303;0;20.0;7.2;0.0
50;2021-04-10;2416;850;0;100531;36153;0;20.5;7.4;0.0
50;2021-04-11;383;144;0;100914;36297;0;20.6;7.4;0.0
50;2021-04-12;2406;1384;0;103320;37681;0;21.1;7.7;0.0
50;2021-04-13;2643;1508;0;105963;39189;0;21.6;8.0;0.0
50;2021-04-14;2551;1351;0;108514;40540;0;22.1;8.3;0.0
50;2021-04-15;3080;1152;0;111594;41692;0;22.7;8.5;0.0
50;2021-04-16;3220;1129;0;114814;42821;0;23.4;8.7;0.0
50;2021-04-17;2319;1183;0;117133;44004;0;23.9;9.0;0.0
50;2021-04-18;455;650;0;117588;44654;0;24.0;9.1;0.0
50;2021-04-19;1926;1465;0;119514;46119;0;24.4;9.4;0.0
50;2021-04-20;2178;1557;0;121692;47676;0;24.8;9.7;0.0
50;2021-04-21;2418;1754;0;124110;49430;0;25.3;10.1;0.0
50;2021-04-22;2988;1795;0;127098;51225;0;25.9;10.4;0.0
50;2021-04-23;2655;1931;0;129753;53156;0;26.4;10.8;0.0
50;2021-04-24;1819;1378;0;131572;54534;0;26.8;11.1;0.0
50;2021-04-25;491;269;0;132063;54803;0;26.9;11.2;0.0
50;2021-04-26;2076;1877;0;134139;56680;0;27.3;11.6;0.0
50;2021-04-27;2344;1978;0;136483;58658;0;27.8;12.0;0.0
50;2021-04-28;2567;1968;0;139050;60626;0;28.3;12.4;0.0
50;2021-04-29;3205;2082;0;142255;62708;0;29.0;12.8;0.0
50;2021-04-30;2942;1853;0;145197;64561;0;29.6;13.2;0.0
50;2021-05-01;999;573;0;146196;65134;0;29.8;13.3;0.0
50;2021-05-02;521;414;0;146717;65548;0;29.9;13.4;0.0
50;2021-05-03;1851;1765;0;148568;67313;0;30.3;13.7;0.0
50;2021-05-04;1826;2266;0;150394;69579;0;30.7;14.2;0.0
50;2021-05-05;1724;2920;0;152118;72499;0;31.0;14.8;0.0
50;2021-05-06;2540;2615;0;154658;75114;0;31.5;15.3;0.0
50;2021-05-07;2242;2850;0;156900;77964;0;32.0;15.9;0.0
50;2021-05-08;1014;781;0;157914;78745;0;32.2;16.0;0.0
50;2021-05-09;625;355;0;158539;79100;0;32.3;16.1;0.0
50;2021-05-10;1789;2553;0;160328;81653;0;32.7;16.6;0.0
50;2021-05-11;2633;2759;0;162961;84412;0;33.2;17.2;0.0
50;2021-05-12;3117;2394;0;166078;86806;0;33.8;17.7;0.0
50;2021-05-13;3263;591;0;169341;87397;0;34.5;17.8;0.0
50;2021-05-14;3512;2204;0;172853;89601;0;35.2;18.3;0.0
50;2021-05-15;3496;1751;0;176349;91352;0;35.9;18.6;0.0
50;2021-05-16;967;262;0;177316;91614;0;36.1;18.7;0.0
50;2021-05-17;2219;1823;0;179535;93437;0;36.6;19.0;0.0
50;2021-05-18;2661;1570;0;182196;95007;0;37.1;19.4;0.0
50;2021-05-19;2626;1403;0;184822;96410;0;37.7;19.6;0.0
50;2021-05-20;3345;1587;0;188167;97997;0;38.3;20.0;0.0
50;2021-05-21;3261;1883;0;191428;99880;0;39.0;20.4;0.0
50;2021-05-22;2596;1263;0;194024;101143;0;39.5;20.6;0.0
50;2021-05-23;583;259;0;194607;101402;0;39.7;20.7;0.0
50;2021-05-24;1526;478;0;196133;101880;0;40.0;20.8;0.0
50;2021-05-25;2597;1636;0;198730;103516;0;40.5;21.1;0.0
50;2021-05-26;3105;1430;0;201835;104946;0;41.1;21.4;0.0
50;2021-05-27;3127;1900;0;204962;106846;0;41.8;21.8;0.0
50;2021-05-28;3027;2135;0;207989;108981;0;42.4;22.2;0.0
50;2021-05-29;2564;1325;0;210553;110306;0;42.9;22.5;0.0
50;2021-05-30;821;301;0;211374;110607;0;43.1;22.5;0.0
50;2021-05-31;2768;1787;0;214142;112394;0;43.6;22.9;0.0
50;2021-06-01;3400;2047;0;217542;114441;0;44.3;23.3;0.0
50;2021-06-02;3289;1827;0;220831;116268;0;45.0;23.7;0.0
50;2021-06-03;4013;2056;0;224844;118324;0;45.8;24.1;0.0
50;2021-06-04;3842;2934;0;228686;121258;0;46.6;24.7;0.0
50;2021-06-05;2826;1833;0;231512;123091;0;47.2;25.1;0.0
50;2021-06-06;829;427;0;232341;123518;0;47.4;25.2;0.0
50;2021-06-07;3446;2076;0;235787;125594;0;48.1;25.6;0.0
50;2021-06-08;4020;2218;0;239807;127812;0;48.9;26.0;0.0
50;2021-06-09;4218;1955;0;244025;129767;0;49.7;26.4;0.0
50;2021-06-10;4132;2147;0;248157;131914;0;50.6;26.9;0.0
50;2021-06-11;4063;2789;0;252220;134703;0;51.4;27.5;0.0
50;2021-06-12;3419;1566;0;255639;136269;0;52.1;27.8;0.0
50;2021-06-13;1007;453;0;256646;136722;0;52.3;27.9;0.0
50;2021-06-14;2555;2996;0;259201;139718;0;52.8;28.5;0.0
50;2021-06-15;2894;2635;0;262095;142353;0;53.4;29.0;0.0
50;2021-06-16;3000;1981;0;265095;144334;0;54.0;29.4;0.0
50;2021-06-17;2708;2522;0;267803;146856;0;54.6;29.9;0.0
50;2021-06-18;3109;3134;0;270912;149990;0;55.2;30.6;0.0
50;2021-06-19;2897;1765;0;273809;151755;0;55.8;30.9;0.0
50;2021-06-20;658;666;0;274467;152421;0;55.9;31.1;0.0
50;2021-06-21;1768;3126;0;276235;155547;0;56.3;31.7;0.0
50;2021-06-22;2013;3394;0;278248;158941;0;56.7;32.4;0.0
50;2021-06-23;1866;3838;0;280114;162779;0;57.1;33.2;0.0
50;2021-06-24;1690;3970;0;281804;166749;0;57.4;34.0;0.0
50;2021-06-25;2044;4075;0;283848;170824;0;57.8;34.8;0.0
50;2021-06-26;1824;3382;0;285672;174206;0;58.2;35.5;0.0
50;2021-06-27;552;865;0;286224;175071;0;58.3;35.7;0.0
50;2021-06-28;1793;3428;0;288017;178499;0;58.7;36.4;0.0
50;2021-06-29;1793;3516;0;289810;182015;0;59.1;37.1;0.0
50;2021-06-30;2068;3445;0;291878;185460;0;59.5;37.8;0.0
50;2021-07-01;1840;3267;0;293718;188727;0;59.9;38.5;0.0
50;2021-07-02;1783;3917;0;295501;192644;0;60.2;39.3;0.0
50;2021-07-03;1275;3252;0;296776;195896;0;60.5;39.9;0.0
50;2021-07-04;381;1006;0;297157;196902;0;60.6;40.1;0.0
50;2021-07-05;1189;3453;0;298346;200355;0;60.8;40.8;0.0
50;2021-07-06;1472;3889;0;299818;204244;0;61.1;41.6;0.0
50;2021-07-07;1700;3614;0;301518;207858;0;61.5;42.4;0.0
50;2021-07-08;1284;4008;0;302802;211866;0;61.7;43.2;0.0
50;2021-07-09;1333;4542;0;304135;216408;0;62.0;44.1;0.0
50;2021-07-10;967;3371;0;305102;219779;0;62.2;44.8;0.0
50;2021-07-11;289;947;0;305391;220726;0;62.2;45.0;0.0
50;2021-07-12;1215;4565;0;306606;225291;0;62.5;45.9;0.0
50;2021-07-13;1543;4794;0;308149;230085;0;62.8;46.9;0.0
50;2021-07-14;1224;2217;0;309373;232302;0;63.1;47.3;0.0
50;2021-07-15;1672;5015;0;311045;237317;0;63.4;48.4;0.0
50;2021-07-16;2725;5092;0;313770;242409;0;63.9;49.4;0.0
50;2021-07-17;1875;3567;0;315645;245976;0;64.3;50.1;0.0
50;2021-07-18;393;1001;0;316038;246977;0;64.4;50.3;0.0
50;2021-07-19;1474;5045;0;317512;252022;0;64.7;51.4;0.0
50;2021-07-20;1448;5252;0;318960;257274;0;65.0;52.4;0.0
50;2021-07-21;1787;5142;0;320747;262416;0;65.4;53.5;0.0
50;2021-07-22;1990;4859;0;322737;267275;0;65.8;54.5;0.0
50;2021-07-23;2155;5170;0;324892;272445;0;66.2;55.5;0.0
50;2021-07-24;1259;3555;0;326151;276000;0;66.5;56.2;0.0
50;2021-07-25;295;948;0;326446;276948;0;66.5;56.4;0.0
50;2021-07-26;2249;3329;0;328695;280277;0;67.0;57.1;0.0
50;2021-07-27;2835;3137;0;331530;283414;0;67.6;57.8;0.0
50;2021-07-28;2944;3300;0;334474;286714;0;68.2;58.4;0.0
50;2021-07-29;3543;3071;0;338017;289785;0;68.9;59.1;0.0
50;2021-07-30;2987;2857;0;341004;292642;0;69.5;59.6;0.0
50;2021-07-31;2230;2404;0;343234;295046;0;70.0;60.1;0.0
50;2021-08-01;512;589;0;343746;295635;0;70.1;60.3;0.0
50;2021-08-02;2353;2578;0;346099;298213;0;70.5;60.8;0.0
50;2021-08-03;3245;2328;0;349344;300541;0;71.2;61.3;0.0
50;2021-08-04;3427;2264;0;352771;302805;0;71.9;61.7;0.0
50;2021-08-05;2996;1989;0;355767;304794;0;72.5;62.1;0.0
50;2021-08-06;3345;2549;0;359112;307343;0;73.2;62.6;0.0
50;2021-08-07;2179;1898;0;361291;309241;0;73.6;63.0;0.0
50;2021-08-08;443;627;0;361734;309868;0;73.7;63.2;0.0
50;2021-08-09;2289;2022;0;364023;311890;0;74.2;63.6;0.0
50;2021-08-10;2707;2013;0;366730;313903;0;74.7;64.0;0.0
50;2021-08-11;2590;1888;1;369320;315791;1;75.3;64.4;0.0
50;2021-08-12;2322;2254;0;371642;318045;1;75.7;64.8;0.0
50;2021-08-13;2279;1859;0;373921;319904;1;76.2;65.2;0.0
50;2021-08-14;1639;1595;0;375560;321499;1;76.5;65.5;0.0
50;2021-08-15;353;315;0;375913;321814;1;76.6;65.6;0.0
50;2021-08-16;1600;2079;0;377513;323893;1;76.9;66.0;0.0
50;2021-08-17;1757;2464;0;379270;326357;1;77.3;66.5;0.0
50;2021-08-18;1617;2407;0;380887;328764;1;77.6;67.0;0.0
50;2021-08-19;1524;2455;0;382411;331219;1;77.9;67.5;0.0
50;2021-08-20;1440;2596;0;383851;333815;1;78.2;68.0;0.0
50;2021-08-21;905;2479;0;384756;336294;1;78.4;68.5;0.0
50;2021-08-22;315;464;0;385071;336758;1;78.5;68.6;0.0
50;2021-08-23;1028;2802;0;386099;339560;1;78.7;69.2;0.0
50;2021-08-24;1133;3042;0;387232;342602;1;78.9;69.8;0.0
50;2021-08-25;983;2652;0;388215;345254;1;79.1;70.4;0.0
50;2021-08-26;823;3147;0;389038;348401;1;79.3;71.0;0.0
50;2021-08-27;884;3114;0;389922;351515;1;79.5;71.6;0.0
50;2021-08-28;711;2708;0;390633;354223;1;79.6;72.2;0.0
50;2021-08-29;237;514;0;390870;354737;1;79.7;72.3;0.0
50;2021-08-30;738;2763;60;391608;357500;61;79.8;72.9;0.0
50;2021-08-31;779;2810;97;392387;360310;158;80.0;73.4;0.0
50;2021-09-01;648;2544;223;393035;362854;381;80.1;74.0;0.1
50;2021-09-02;489;2108;301;393524;364962;682;80.2;74.4;0.1
50;2021-09-03;671;2468;324;394195;367430;1006;80.3;74.9;0.2
50;2021-09-04;577;2680;132;394772;370110;1138;80.5;75.4;0.2
50;2021-09-05;158;586;58;394930;370696;1196;80.5;75.5;0.2
50;2021-09-06;366;1793;285;395296;372489;1481;80.6;75.9;0.3
50;2021-09-07;279;1388;275;395575;373877;1756;80.6;76.2;0.4
50;2021-09-08;432;1793;200;396007;375670;1956;80.7;76.6;0.4
50;2021-09-09;380;1209;231;396387;376879;2187;80.8;76.8;0.4
50;2021-09-10;480;1648;367;396867;378527;2554;80.9;77.1;0.5
50;2021-09-11;340;2013;269;397207;380540;2823;81.0;77.6;0.6
50;2021-09-12;63;321;16;397270;380861;2839;81.0;77.6;0.6
50;2021-09-13;370;941;358;397640;381802;3197;81.0;77.8;0.7
50;2021-09-14;396;856;463;398036;382658;3660;81.1;78.0;0.7
50;2021-09-15;411;982;382;398447;383640;4042;81.2;78.2;0.8
50;2021-09-16;440;696;410;398887;384336;4452;81.3;78.3;0.9
50;2021-09-17;438;993;443;399325;385329;4895;81.4;78.5;1.0
50;2021-09-18;287;1323;179;399612;386652;5074;81.4;78.8;1.0
50;2021-09-19;39;246;20;399651;386898;5094;81.5;78.9;1.0
50;2021-09-20;358;561;397;400009;387459;5491;81.5;79.0;1.1
50;2021-09-21;425;575;555;400434;388034;6046;81.6;79.1;1.2
50;2021-09-22;190;822;416;400624;388856;6462;81.6;79.3;1.3
50;2021-09-23;265;382;641;400889;389238;7103;81.7;79.3;1.4
50;2021-09-24;216;769;544;401105;390007;7647;81.7;79.5;1.6
50;2021-09-25;193;872;154;401298;390879;7801;81.8;79.7;1.6
50;2021-09-26;18;150;34;401316;391029;7835;81.8;79.7;1.6
50;2021-09-27;108;383;550;401424;391412;8385;81.8;79.8;1.7
50;2021-09-28;170;381;579;401594;391793;8964;81.8;79.8;1.8
50;2021-09-29;149;454;511;401743;392247;9475;81.9;79.9;1.9
50;2021-09-30;161;398;611;401904;392645;10086;81.9;80.0;2.1
50;2021-10-01;231;534;614;402135;393179;10700;82.0;80.1;2.2
50;2021-10-02;220;487;239;402355;393666;10939;82.0;80.2;2.2
50;2021-10-03;6;8;22;402361;393674;10961;82.0;80.2;2.2
50;2021-10-04;188;388;673;402549;394062;11634;82.0;80.3;2.4
50;2021-10-05;131;326;686;402680;394388;12320;82.1;80.4;2.5
50;2021-10-06;180;426;449;402860;394814;12769;82.1;80.5;2.6
50;2021-10-07;116;314;605;402976;395128;13374;82.1;80.5;2.7
50;2021-10-08;204;426;552;403180;395554;13926;82.2;80.6;2.8
50;2021-10-09;218;466;372;403398;396020;14298;82.2;80.7;2.9
50;2021-10-10;0;2;1;403398;396022;14299;82.2;80.7;2.9
50;2021-10-11;107;207;622;403505;396229;14921;82.2;80.8;3.0
50;2021-10-12;132;333;804;403637;396562;15725;82.3;80.8;3.2
50;2021-10-13;150;281;622;403787;396843;16347;82.3;80.9;3.3
50;2021-10-14;102;284;763;403889;397127;17110;82.3;80.9;3.5
50;2021-10-15;226;346;919;404115;397473;18029;82.4;81.0;3.7
50;2021-10-16;205;306;661;404320;397779;18690;82.4;81.1;3.8
50;2021-10-17;10;14;91;404330;397793;18781;82.4;81.1;3.8
50;2021-10-18;100;293;423;404430;398086;19204;82.4;81.1;3.9
50;2021-10-19;101;233;555;404531;398319;19759;82.4;81.2;4.0
50;2021-10-20;175;267;883;404706;398586;20642;82.5;81.2;4.2
50;2021-10-21;99;229;699;404805;398815;21341;82.5;81.3;4.3
50;2021-10-22;206;328;895;405011;399143;22236;82.5;81.3;4.5
50;2021-10-23;145;224;546;405156;399367;22782;82.6;81.4;4.6
50;2021-10-24;10;10;31;405166;399377;22813;82.6;81.4;4.6
50;2021-10-25;103;137;567;405269;399514;23380;82.6;81.4;4.8
50;2021-10-26;82;115;764;405351;399629;24144;82.6;81.4;4.9
50;2021-10-27;150;217;1534;405501;399846;25678;82.6;81.5;5.2
50;2021-10-28;76;77;888;405577;399923;26566;82.7;81.5;5.4
50;2021-10-29;154;207;1013;405731;400130;27579;82.7;81.5;5.6
50;2021-10-30;137;220;688;405868;400350;28267;82.7;81.6;5.8
50;2021-10-31;6;5;46;405874;400355;28313;82.7;81.6;5.8
50;2021-11-01;2;1;3;405876;400356;28316;82.7;81.6;5.8
50;2021-11-02;94;119;946;405970;400475;29262;82.7;81.6;6.0
50;2021-11-03;167;253;1474;406137;400728;30736;82.8;81.7;6.3
50;2021-11-04;65;76;742;406202;400804;31478;82.8;81.7;6.4
50;2021-11-05;166;258;1552;406368;401062;33030;82.8;81.7;6.7
50;2021-11-06;151;292;1089;406519;401354;34119;82.8;81.8;7.0
50;2021-11-07;5;6;29;406524;401360;34148;82.9;81.8;7.0
50;2021-11-08;75;139;1139;406599;401499;35287;82.9;81.8;7.2
50;2021-11-09;84;161;1444;406683;401660;36731;82.9;81.9;7.5
50;2021-11-10;135;170;1779;406818;401830;38510;82.9;81.9;7.8
50;2021-11-11;5;4;281;406823;401834;38791;82.9;81.9;7.9
50;2021-11-12;129;185;1732;406952;402019;40523;82.9;81.9;8.3
50;2021-11-13;132;176;1253;407084;402195;41776;83.0;82.0;8.5
50;2021-11-14;4;6;452;407088;402201;42228;83.0;82.0;8.6
50;2021-11-15;112;125;1867;407200;402326;44095;83.0;82.0;9.0
50;2021-11-16;87;75;1932;407287;402401;46027;83.0;82.0;9.4
50;2021-11-17;103;159;2107;407390;402560;48134;83.0;82.0;9.8
50;2021-11-18;83;113;2050;407473;402673;50184;83.0;82.1;10.2
50;2021-11-19;132;172;2363;407605;402845;52547;83.1;82.1;10.7
50;2021-11-20;193;192;1503;407798;403037;54050;83.1;82.1;11.0
50;2021-11-21;1;4;10;407799;403041;54060;83.1;82.1;11.0
50;2021-11-22;118;66;2303;407917;403107;56363;83.1;82.2;11.5
50;2021-11-23;132;94;2610;408049;403201;58973;83.2;82.2;12.0
50;2021-11-24;190;201;2579;408239;403402;61552;83.2;82.2;12.5
50;2021-11-25;129;91;2349;408368;403493;63901;83.2;82.2;13.0
50;2021-11-26;143;144;2858;408511;403637;66759;83.3;82.3;13.6
50;2021-11-27;235;212;2374;408746;403849;69133;83.3;82.3;14.1
50;2021-11-28;53;30;1526;408799;403879;70659;83.3;82.3;14.4
50;2021-11-29;120;108;3336;408919;403987;73995;83.3;82.3;15.1
50;2021-11-30;114;109;4589;409033;404096;78584;83.4;82.4;16.0
50;2021-12-01;122;129;4354;409155;404225;82938;83.4;82.4;16.9
50;2021-12-02;123;79;5251;409278;404304;88189;83.4;82.4;18.0
50;2021-12-03;136;162;5154;409414;404466;93343;83.4;82.4;19.0
50;2021-12-04;99;162;3072;409513;404628;96415;83.5;82.5;19.6
50;2021-12-05;8;14;818;409521;404642;97233;83.5;82.5;19.8
50;2021-12-06;98;101;5244;409619;404743;102477;83.5;82.5;20.9
50;2021-12-07;138;118;6511;409757;404861;108988;83.5;82.5;22.2
50;2021-12-08;194;148;6429;409951;405009;115417;83.5;82.5;23.5
50;2021-12-09;166;95;6788;410117;405104;122205;83.6;82.6;24.9
51;2020-12-27;0;0;0;0;0;0;0.0;0.0;0.0
51;2020-12-28;0;0;0;0;0;0;0.0;0.0;0.0
51;2020-12-29;0;0;0;0;0;0;0.0;0.0;0.0
51;2020-12-30;0;0;0;0;0;0;0.0;0.0;0.0
51;2020-12-31;1;0;0;1;0;0;0.0;0.0;0.0
51;2021-01-01;0;0;0;1;0;0;0.0;0.0;0.0
51;2021-01-02;0;0;0;1;0;0;0.0;0.0;0.0
51;2021-01-03;0;0;0;1;0;0;0.0;0.0;0.0
51;2021-01-04;2;0;0;3;0;0;0.0;0.0;0.0
51;2021-01-05;3;0;0;6;0;0;0.0;0.0;0.0
51;2021-01-06;9;0;0;15;0;0;0.0;0.0;0.0
51;2021-01-07;261;1;0;276;1;0;0.0;0.0;0.0
51;2021-01-08;508;1;0;784;2;0;0.1;0.0;0.0
51;2021-01-09;95;1;0;879;3;0;0.2;0.0;0.0
51;2021-01-10;3;0;0;882;3;0;0.2;0.0;0.0
51;2021-01-11;550;1;0;1432;4;0;0.3;0.0;0.0
51;2021-01-12;1427;5;0;2859;9;0;0.5;0.0;0.0
51;2021-01-13;1244;8;0;4103;17;0;0.7;0.0;0.0
51;2021-01-14;1432;10;0;5535;27;0;1.0;0.0;0.0
51;2021-01-15;614;5;0;6149;32;0;1.1;0.0;0.0
51;2021-01-16;176;1;0;6325;33;0;1.1;0.0;0.0
51;2021-01-17;101;0;0;6426;33;0;1.1;0.0;0.0
51;2021-01-18;886;5;0;7312;38;0;1.3;0.0;0.0
51;2021-01-19;1015;6;0;8327;44;0;1.5;0.0;0.0
51;2021-01-20;1023;10;0;9350;54;0;1.7;0.0;0.0
51;2021-01-21;857;3;0;10207;57;0;1.8;0.0;0.0
51;2021-01-22;392;2;0;10599;59;0;1.9;0.0;0.0
51;2021-01-23;294;0;0;10893;59;0;1.9;0.0;0.0
51;2021-01-24;139;1;0;11032;60;0;2.0;0.0;0.0
51;2021-01-25;686;2;0;11718;62;0;2.1;0.0;0.0
51;2021-01-26;754;4;0;12472;66;0;2.2;0.0;0.0
51;2021-01-27;657;5;0;13129;71;0;2.3;0.0;0.0
51;2021-01-28;644;65;0;13773;136;0;2.4;0.0;0.0
51;2021-01-29;474;164;0;14247;300;0;2.5;0.1;0.0
51;2021-01-30;130;7;0;14377;307;0;2.5;0.1;0.0
51;2021-01-31;81;0;0;14458;307;0;2.6;0.1;0.0
51;2021-02-01;282;79;0;14740;386;0;2.6;0.1;0.0
51;2021-02-02;685;710;0;15425;1096;0;2.7;0.2;0.0
51;2021-02-03;597;434;0;16022;1530;0;2.8;0.3;0.0
51;2021-02-04;926;779;0;16948;2309;0;3.0;0.4;0.0
51;2021-02-05;906;524;0;17854;2833;0;3.2;0.5;0.0
51;2021-02-06;37;142;0;17891;2975;0;3.2;0.5;0.0
51;2021-02-07;1;18;0;17892;2993;0;3.2;0.5;0.0
51;2021-02-08;116;420;0;18008;3413;0;3.2;0.6;0.0
51;2021-02-09;243;507;0;18251;3920;0;3.2;0.7;0.0
51;2021-02-10;259;649;0;18510;4569;0;3.3;0.8;0.0
51;2021-02-11;327;575;0;18837;5144;0;3.3;0.9;0.0
51;2021-02-12;369;571;0;19206;5715;0;3.4;1.0;0.0
51;2021-02-13;15;110;0;19221;5825;0;3.4;1.0;0.0
51;2021-02-14;8;167;0;19229;5992;0;3.4;1.1;0.0
51;2021-02-15;254;837;0;19483;6829;0;3.5;1.2;0.0
51;2021-02-16;374;941;0;19857;7770;0;3.5;1.4;0.0
51;2021-02-17;347;902;0;20204;8672;0;3.6;1.5;0.0
51;2021-02-18;410;612;0;20614;9284;0;3.7;1.6;0.0
51;2021-02-19;499;397;0;21113;9681;0;3.7;1.7;0.0
51;2021-02-20;201;295;0;21314;9976;0;3.8;1.8;0.0
51;2021-02-21;10;106;0;21324;10082;0;3.8;1.8;0.0
51;2021-02-22;191;681;0;21515;10763;0;3.8;1.9;0.0
51;2021-02-23;238;1031;0;21753;11794;0;3.9;2.1;0.0
51;2021-02-24;403;689;0;22156;12483;0;3.9;2.2;0.0
51;2021-02-25;1007;850;0;23163;13333;0;4.1;2.4;0.0
51;2021-02-26;1191;637;0;24354;13970;0;4.3;2.5;0.0
51;2021-02-27;603;129;0;24957;14099;0;4.4;2.5;0.0
51;2021-02-28;13;69;0;24970;14168;0;4.4;2.5;0.0
51;2021-03-01;755;313;0;25725;14481;0;4.6;2.6;0.0
51;2021-03-02;1117;467;0;26842;14948;0;4.8;2.7;0.0
51;2021-03-03;1171;468;0;28013;15416;0;5.0;2.7;0.0
51;2021-03-04;1088;699;0;29101;16115;0;5.2;2.9;0.0
51;2021-03-05;1567;644;0;30668;16759;0;5.4;3.0;0.0
51;2021-03-06;1475;66;0;32143;16825;0;5.7;3.0;0.0
51;2021-03-07;292;8;0;32435;16833;0;5.8;3.0;0.0
51;2021-03-08;1016;119;0;33451;16952;0;5.9;3.0;0.0
51;2021-03-09;1671;205;0;35122;17157;0;6.2;3.0;0.0
51;2021-03-10;1963;137;0;37085;17294;0;6.6;3.1;0.0
51;2021-03-11;2406;177;0;39491;17471;0;7.0;3.1;0.0
51;2021-03-12;3240;185;0;42731;17656;0;7.6;3.1;0.0
51;2021-03-13;2503;58;0;45234;17714;0;8.0;3.1;0.0
51;2021-03-14;223;5;0;45457;17719;0;8.1;3.1;0.0
51;2021-03-15;1602;167;0;47059;17886;0;8.3;3.2;0.0
51;2021-03-16;1446;185;0;48505;18071;0;8.6;3.2;0.0
51;2021-03-17;1494;203;0;49999;18274;0;8.9;3.2;0.0
51;2021-03-18;1593;264;0;51592;18538;0;9.2;3.3;0.0
51;2021-03-19;2232;297;0;53824;18835;0;9.5;3.3;0.0
51;2021-03-20;1591;214;0;55415;19049;0;9.8;3.4;0.0
51;2021-03-21;147;7;0;55562;19056;0;9.9;3.4;0.0
51;2021-03-22;1386;132;0;56948;19188;0;10.1;3.4;0.0
51;2021-03-23;2409;180;0;59357;19368;0;10.5;3.4;0.0
51;2021-03-24;2772;123;0;62129;19491;0;11.0;3.5;0.0
51;2021-03-25;3181;343;0;65310;19834;0;11.6;3.5;0.0
51;2021-03-26;3349;500;0;68659;20334;0;12.2;3.6;0.0
51;2021-03-27;1764;253;0;70423;20587;0;12.5;3.7;0.0
51;2021-03-28;247;4;0;70670;20591;0;12.5;3.7;0.0
51;2021-03-29;970;632;0;71640;21223;0;12.7;3.8;0.0
51;2021-03-30;1756;853;0;73396;22076;0;13.0;3.9;0.0
51;2021-03-31;1774;763;0;75170;22839;0;13.3;4.1;0.0
51;2021-04-01;2192;482;0;77362;23321;0;13.7;4.1;0.0
51;2021-04-02;2381;656;0;79743;23977;0;14.1;4.3;0.0
51;2021-04-03;1169;440;0;80912;24417;0;14.4;4.3;0.0
51;2021-04-04;139;13;0;81051;24430;0;14.4;4.3;0.0
51;2021-04-05;123;140;0;81174;24570;0;14.4;4.4;0.0
51;2021-04-06;806;1234;0;81980;25804;0;14.5;4.6;0.0
51;2021-04-07;1340;1411;0;83320;27215;0;14.8;4.8;0.0
51;2021-04-08;2267;1758;0;85587;28973;0;15.2;5.1;0.0
51;2021-04-09;2897;1726;0;88484;30699;0;15.7;5.4;0.0
51;2021-04-10;2182;499;0;90666;31198;0;16.1;5.5;0.0
51;2021-04-11;144;106;0;90810;31304;0;16.1;5.6;0.0
51;2021-04-12;1520;1352;0;92330;32656;0;16.4;5.8;0.0
51;2021-04-13;1978;1681;0;94308;34337;0;16.7;6.1;0.0
51;2021-04-14;2384;1495;0;96692;35832;0;17.1;6.4;0.0
51;2021-04-15;2832;1667;0;99524;37499;0;17.7;6.7;0.0
51;2021-04-16;3179;1559;0;102703;39058;0;18.2;6.9;0.0
51;2021-04-17;1977;734;0;104680;39792;0;18.6;7.1;0.0
51;2021-04-18;350;129;0;105030;39921;0;18.6;7.1;0.0
51;2021-04-19;1633;1160;0;106663;41081;0;18.9;7.3;0.0
51;2021-04-20;1857;1624;0;108520;42705;0;19.2;7.6;0.0
51;2021-04-21;2025;1734;0;110545;44439;0;19.6;7.9;0.0
51;2021-04-22;2464;1602;0;113009;46041;0;20.0;8.2;0.0
51;2021-04-23;3024;1763;0;116033;47804;0;20.6;8.5;0.0
51;2021-04-24;1829;940;0;117862;48744;0;20.9;8.6;0.0
51;2021-04-25;192;179;0;118054;48923;0;20.9;8.7;0.0
51;2021-04-26;1973;729;0;120027;49652;0;21.3;8.8;0.0
51;2021-04-27;2475;1223;0;122502;50875;0;21.7;9.0;0.0
51;2021-04-28;2628;1283;0;125130;52158;0;22.2;9.3;0.0
51;2021-04-29;2816;1465;0;127946;53623;0;22.7;9.5;0.0
51;2021-04-30;3060;1675;0;131006;55298;0;23.2;9.8;0.0
51;2021-05-01;1473;417;0;132479;55715;0;23.5;9.9;0.0
51;2021-05-02;259;143;0;132738;55858;0;23.5;9.9;0.0
51;2021-05-03;2652;809;0;135390;56667;0;24.0;10.1;0.0
51;2021-05-04;2836;1400;0;138226;58067;0;24.5;10.3;0.0
51;2021-05-05;2913;1628;0;141139;59695;0;25.0;10.6;0.0
51;2021-05-06;5425;1950;0;146564;61645;0;26.0;10.9;0.0
51;2021-05-07;3807;1952;0;150371;63597;0;26.7;11.3;0.0
51;2021-05-08;2813;790;0;153184;64387;0;27.2;11.4;0.0
51;2021-05-09;311;141;0;153495;64528;0;27.2;11.4;0.0
51;2021-05-10;3291;1842;0;156786;66370;0;27.8;11.8;0.0
51;2021-05-11;3610;2049;0;160396;68419;0;28.4;12.1;0.0
51;2021-05-12;4249;2245;0;164645;70664;0;29.2;12.5;0.0
51;2021-05-13;1756;513;0;166401;71177;0;29.5;12.6;0.0
51;2021-05-14;5206;1718;0;171607;72895;0;30.4;12.9;0.0
51;2021-05-15;4005;1326;0;175612;74221;0;31.1;13.2;0.0
51;2021-05-16;437;97;0;176049;74318;0;31.2;13.2;0.0
51;2021-05-17;3184;1501;0;179233;75819;0;31.8;13.4;0.0
51;2021-05-18;3874;1704;0;183107;77523;0;32.5;13.7;0.0
51;2021-05-19;4109;1656;0;187216;79179;0;33.2;14.0;0.0
51;2021-05-20;4735;1962;0;191951;81141;0;34.0;14.4;0.0
51;2021-05-21;3790;2411;0;195741;83552;0;34.7;14.8;0.0
51;2021-05-22;2244;1462;0;197985;85014;0;35.1;15.1;0.0
51;2021-05-23;523;222;0;198508;85236;0;35.2;15.1;0.0
51;2021-05-24;2094;704;0;200602;85940;0;35.6;15.2;0.0
51;2021-05-25;3520;1796;0;204122;87736;0;36.2;15.6;0.0
51;2021-05-26;3517;1695;0;207639;89431;0;36.8;15.9;0.0
51;2021-05-27;3493;2093;0;211132;91524;0;37.4;16.2;0.0
51;2021-05-28;3732;2849;0;214864;94373;0;38.1;16.7;0.0
51;2021-05-29;2555;1967;0;217419;96340;0;38.6;17.1;0.0
51;2021-05-30;532;157;0;217951;96497;0;38.7;17.1;0.0
51;2021-05-31;3448;1833;0;221399;98330;0;39.3;17.4;0.0
51;2021-06-01;3874;2401;0;225273;100731;0;40.0;17.9;0.0
51;2021-06-02;5777;2380;0;231050;103111;0;41.0;18.3;0.0
51;2021-06-03;3538;2482;0;234588;105593;0;41.6;18.7;0.0
51;2021-06-04;6139;3011;0;240727;108604;0;42.7;19.3;0.0
51;2021-06-05;2538;1867;0;243265;110471;0;43.1;19.6;0.0
51;2021-06-06;305;225;0;243570;110696;0;43.2;19.6;0.0
51;2021-06-07;3963;2206;0;247533;112902;0;43.9;20.0;0.0
51;2021-06-08;3833;2662;0;251366;115564;0;44.6;20.5;0.0
51;2021-06-09;3832;2734;0;255198;118298;0;45.3;21.0;0.0
51;2021-06-10;3166;2568;0;258364;120866;0;45.8;21.4;0.0
51;2021-06-11;3280;3485;0;261644;124351;0;46.4;22.1;0.0
51;2021-06-12;2204;2162;0;263848;126513;0;46.8;22.4;0.0
51;2021-06-13;248;228;0;264096;126741;0;46.8;22.5;0.0
51;2021-06-14;1558;3448;0;265654;130189;0;47.1;23.1;0.0
51;2021-06-15;2930;3678;0;268584;133867;0;47.6;23.7;0.0
51;2021-06-16;2142;3777;0;270726;137644;0;48.0;24.4;0.0
51;2021-06-17;2544;5432;0;273270;143076;0;48.5;25.4;0.0
51;2021-06-18;2338;5294;0;275608;148370;0;48.9;26.3;0.0
51;2021-06-19;1653;4343;0;277261;152713;0;49.2;27.1;0.0
51;2021-06-20;221;318;0;277482;153031;0;49.2;27.1;0.0
51;2021-06-21;1263;4418;0;278745;157449;0;49.4;27.9;0.0
51;2021-06-22;1530;4039;2;280275;161488;2;49.7;28.6;0.0
51;2021-06-23;3300;4283;0;283575;165771;2;50.3;29.4;0.0
51;2021-06-24;2134;3175;0;285709;168946;2;50.7;30.0;0.0
51;2021-06-25;1811;6324;0;287520;175270;2;51.0;31.1;0.0
51;2021-06-26;1122;4788;0;288642;180058;2;51.2;31.9;0.0
51;2021-06-27;136;435;0;288778;180493;2;51.2;32.0;0.0
51;2021-06-28;1324;4397;0;290102;184890;2;51.5;32.8;0.0
51;2021-06-29;1121;4559;0;291223;189449;2;51.7;33.6;0.0
51;2021-06-30;1614;5879;0;292837;195328;2;51.9;34.6;0.0
51;2021-07-01;1895;3923;0;294732;199251;2;52.3;35.3;0.0
51;2021-07-02;1791;6898;0;296523;206149;2;52.6;36.6;0.0
51;2021-07-03;1002;3304;0;297525;209453;2;52.8;37.1;0.0
51;2021-07-04;191;423;0;297716;209876;2;52.8;37.2;0.0
51;2021-07-05;797;5419;0;298513;215295;2;52.9;38.2;0.0
51;2021-07-06;1209;4913;7;299722;220208;9;53.2;39.1;0.0
51;2021-07-07;1543;4924;2;301265;225132;11;53.4;39.9;0.0
51;2021-07-08;2007;3507;2;303272;228639;13;53.8;40.6;0.0
51;2021-07-09;1800;5120;1;305072;233759;14;54.1;41.5;0.0
51;2021-07-10;1221;3275;0;306293;237034;14;54.3;42.0;0.0
51;2021-07-11;230;388;0;306523;237422;14;54.4;42.1;0.0
51;2021-07-12;1012;4449;0;307535;241871;14;54.5;42.9;0.0
51;2021-07-13;1563;4752;0;309098;246623;14;54.8;43.7;0.0
51;2021-07-14;1067;1604;0;310165;248227;14;55.0;44.0;0.0
51;2021-07-15;2919;4910;0;313084;253137;14;55.5;44.9;0.0
51;2021-07-16;2479;5268;0;315563;258405;14;56.0;45.8;0.0
51;2021-07-17;1820;3393;0;317383;261798;14;56.3;46.4;0.0
51;2021-07-18;284;422;0;317667;262220;14;56.3;46.5;0.0
51;2021-07-19;1970;3981;0;319637;266201;14;56.7;47.2;0.0
51;2021-07-20;2582;4866;0;322219;271067;14;57.1;48.1;0.0
51;2021-07-21;3576;3996;0;325795;275063;14;57.8;48.8;0.0
51;2021-07-22;4344;3769;0;330139;278832;14;58.6;49.5;0.0
51;2021-07-23;3594;4341;0;333733;283173;14;59.2;50.2;0.0
51;2021-07-24;2013;2709;0;335746;285882;14;59.5;50.7;0.0
51;2021-07-25;479;372;0;336225;286254;14;59.6;50.8;0.0
51;2021-07-26;3128;2734;0;339353;288988;14;60.2;51.3;0.0
51;2021-07-27;5496;3168;0;344849;292156;14;61.2;51.8;0.0
51;2021-07-28;3972;4132;0;348821;296288;14;61.9;52.5;0.0
51;2021-07-29;4545;2772;0;353366;299060;14;62.7;53.0;0.0
51;2021-07-30;3676;3111;0;357042;302171;14;63.3;53.6;0.0
51;2021-07-31;2369;1993;0;359411;304164;14;63.7;53.9;0.0
51;2021-08-01;487;315;0;359898;304479;14;63.8;54.0;0.0
51;2021-08-02;3157;2284;0;363055;306763;14;64.4;54.4;0.0
51;2021-08-03;3544;1905;0;366599;308668;14;65.0;54.7;0.0
51;2021-08-04;4059;2113;0;370658;310781;14;65.7;55.1;0.0
51;2021-08-05;2480;1600;0;373138;312381;14;66.2;55.4;0.0
51;2021-08-06;2971;2562;0;376109;314943;14;66.7;55.9;0.0
51;2021-08-07;1938;1634;0;378047;316577;14;67.1;56.1;0.0
51;2021-08-08;417;298;0;378464;316875;14;67.1;56.2;0.0
51;2021-08-09;2419;1917;0;380883;318792;14;67.6;56.5;0.0
51;2021-08-10;2265;1976;0;383148;320768;14;68.0;56.9;0.0
51;2021-08-11;2611;2343;0;385759;323111;14;68.4;57.3;0.0
51;2021-08-12;1740;2043;0;387499;325154;14;68.7;57.7;0.0
51;2021-08-13;1957;2750;0;389456;327904;14;69.1;58.2;0.0
51;2021-08-14;1415;1889;0;390871;329793;14;69.3;58.5;0.0
51;2021-08-15;161;198;0;391032;329991;14;69.4;58.5;0.0
51;2021-08-16;1298;2965;0;392330;332956;14;69.6;59.1;0.0
51;2021-08-17;1493;3151;0;393823;336107;14;69.8;59.6;0.0
51;2021-08-18;1743;3534;0;395566;339641;14;70.2;60.2;0.0
51;2021-08-19;1333;2521;0;396899;342162;14;70.4;60.7;0.0
51;2021-08-20;1586;3848;0;398485;346010;14;70.7;61.4;0.0
51;2021-08-21;898;2277;0;399383;348287;14;70.8;61.8;0.0
51;2021-08-22;112;428;0;399495;348715;14;70.9;61.8;0.0
51;2021-08-23;1100;3489;0;400595;352204;14;71.0;62.5;0.0
51;2021-08-24;1113;3517;0;401708;355721;14;71.2;63.1;0.0
51;2021-08-25;1205;4168;0;402913;359889;14;71.5;63.8;0.0
51;2021-08-26;999;2491;0;403912;362380;14;71.6;64.3;0.0
51;2021-08-27;1152;3961;0;405064;366341;14;71.8;65.0;0.0
51;2021-08-28;610;2271;0;405674;368612;14;72.0;65.4;0.0
51;2021-08-29;88;411;0;405762;369023;14;72.0;65.5;0.0
51;2021-08-30;1201;4395;47;406963;373418;61;72.2;66.2;0.0
51;2021-08-31;754;2845;93;407717;376263;154;72.3;66.7;0.0
51;2021-09-01;748;2928;164;408465;379191;318;72.4;67.3;0.1
51;2021-09-02;755;1966;178;409220;381157;496;72.6;67.6;0.1
51;2021-09-03;889;2582;284;410109;383739;780;72.7;68.1;0.1
51;2021-09-04;590;2484;95;410699;386223;875;72.8;68.5;0.2
51;2021-09-05;128;216;35;410827;386439;910;72.9;68.5;0.2
51;2021-09-06;410;1451;472;411237;387890;1382;72.9;68.8;0.2
51;2021-09-07;503;1186;396;411740;389076;1778;73.0;69.0;0.3
51;2021-09-08;563;1753;251;412303;390829;2029;73.1;69.3;0.4
51;2021-09-09;455;1176;170;412758;392005;2199;73.2;69.5;0.4
51;2021-09-10;674;1740;302;413432;393745;2501;73.3;69.8;0.4
51;2021-09-11;528;1616;103;413960;395361;2604;73.4;70.1;0.5
51;2021-09-12;29;88;8;413989;395449;2612;73.4;70.1;0.5
51;2021-09-13;423;842;293;414412;396291;2905;73.5;70.3;0.5
51;2021-09-14;573;818;545;414985;397109;3450;73.6;70.4;0.6
51;2021-09-15;490;1327;401;415475;398436;3851;73.7;70.7;0.7
51;2021-09-16;318;642;414;415793;399078;4265;73.7;70.8;0.8
51;2021-09-17;551;1177;550;416344;400255;4815;73.8;71.0;0.9
51;2021-09-18;440;1267;149;416784;401522;4964;73.9;71.2;0.9
51;2021-09-19;16;75;9;416800;401597;4973;73.9;71.2;0.9
51;2021-09-20;277;568;298;417077;402165;5271;74.0;71.3;0.9
51;2021-09-21;239;520;352;417316;402685;5623;74.0;71.4;1.0
51;2021-09-22;306;1246;477;417622;403931;6100;74.1;71.6;1.1
51;2021-09-23;204;607;386;417826;404538;6486;74.1;71.7;1.2
51;2021-09-24;361;956;595;418187;405494;7081;74.2;71.9;1.3
51;2021-09-25;262;895;202;418449;406389;7283;74.2;72.1;1.3
51;2021-09-26;9;126;12;418458;406515;7295;74.2;72.1;1.3
51;2021-09-27;237;413;286;418695;406928;7581;74.3;72.2;1.3
51;2021-09-28;282;374;367;418977;407302;7948;74.3;72.2;1.4
51;2021-09-29;337;713;414;419314;408015;8362;74.4;72.4;1.5
51;2021-09-30;233;400;379;419547;408415;8741;74.4;72.4;1.6
51;2021-10-01;370;703;523;419917;409118;9264;74.5;72.6;1.6
51;2021-10-02;360;699;330;420277;409817;9594;74.5;72.7;1.7
51;2021-10-03;3;5;2;420280;409822;9596;74.5;72.7;1.7
51;2021-10-04;187;406;405;420467;410228;10001;74.6;72.8;1.8
51;2021-10-05;230;430;504;420697;410658;10505;74.6;72.8;1.9
51;2021-10-06;315;536;631;421012;411194;11136;74.7;72.9;2.0
51;2021-10-07;171;370;599;421183;411564;11735;74.7;73.0;2.1
51;2021-10-08;333;606;845;421516;412170;12580;74.8;73.1;2.2
51;2021-10-09;319;557;443;421835;412727;13023;74.8;73.2;2.3
51;2021-10-10;8;12;3;421843;412739;13026;74.8;73.2;2.3
51;2021-10-11;171;309;505;422014;413048;13531;74.8;73.3;2.4
51;2021-10-12;146;362;635;422160;413410;14166;74.9;73.3;2.5
51;2021-10-13;285;419;781;422445;413829;14947;74.9;73.4;2.7
51;2021-10-14;146;198;481;422591;414027;15428;75.0;73.4;2.7
51;2021-10-15;345;514;1230;422936;414541;16658;75.0;73.5;3.0
51;2021-10-16;294;369;486;423230;414910;17144;75.1;73.6;3.0
51;2021-10-17;5;4;8;423235;414914;17152;75.1;73.6;3.0
51;2021-10-18;143;255;655;423378;415169;17807;75.1;73.6;3.2
51;2021-10-19;146;289;660;423524;415458;18467;75.1;73.7;3.3
51;2021-10-20;278;384;986;423802;415842;19453;75.2;73.8;3.5
51;2021-10-21;150;250;643;423952;416092;20096;75.2;73.8;3.6
51;2021-10-22;222;384;1157;424174;416476;21253;75.2;73.9;3.8
51;2021-10-23;206;374;483;424380;416850;21736;75.3;73.9;3.9
51;2021-10-24;1;4;7;424381;416854;21743;75.3;73.9;3.9
51;2021-10-25;157;190;760;424538;417044;22503;75.3;74.0;4.0
51;2021-10-26;119;183;739;424657;417227;23242;75.3;74.0;4.1
51;2021-10-27;224;330;840;424881;417557;24082;75.4;74.1;4.3
51;2021-10-28;127;171;681;425008;417728;24763;75.4;74.1;4.4
51;2021-10-29;177;305;1167;425185;418033;25930;75.4;74.1;4.6
51;2021-10-30;158;299;406;425343;418332;26336;75.4;74.2;4.7
51;2021-10-31;1;6;1;425344;418338;26337;75.4;74.2;4.7
51;2021-11-01;11;8;6;425355;418346;26343;75.4;74.2;4.7
51;2021-11-02;162;227;794;425517;418573;27137;75.5;74.2;4.8
51;2021-11-03;189;231;994;425706;418804;28131;75.5;74.3;5.0
51;2021-11-04;98;155;736;425804;418959;28867;75.5;74.3;5.1
51;2021-11-05;277;371;1422;426081;419330;30289;75.6;74.4;5.4
51;2021-11-06;159;248;688;426240;419578;30977;75.6;74.4;5.5
51;2021-11-07;6;11;16;426246;419589;30993;75.6;74.4;5.5
51;2021-11-08;90;141;901;426336;419730;31894;75.6;74.4;5.7
51;2021-11-09;118;225;1171;426454;419955;33065;75.6;74.5;5.9
51;2021-11-10;195;250;1452;426649;420205;34517;75.7;74.5;6.1
51;2021-11-11;4;25;39;426653;420230;34556;75.7;74.5;6.1
51;2021-11-12;237;346;1785;426890;420576;36341;75.7;74.6;6.4
51;2021-11-13;121;156;692;427011;420732;37033;75.7;74.6;6.6
51;2021-11-14;0;6;14;427011;420738;37047;75.7;74.6;6.6
51;2021-11-15;113;161;1394;427124;420899;38441;75.8;74.7;6.8
51;2021-11-16;117;169;1768;427241;421068;40209;75.8;74.7;7.1
51;2021-11-17;170;220;1753;427411;421288;41962;75.8;74.7;7.4
51;2021-11-18;107;136;1515;427518;421424;43477;75.8;74.7;7.7
51;2021-11-19;251;309;2433;427769;421733;45910;75.9;74.8;8.1
51;2021-11-20;153;230;1159;427922;421963;47069;75.9;74.8;8.3
51;2021-11-21;6;7;46;427928;421970;47115;75.9;74.8;8.4
51;2021-11-22;157;123;1536;428085;422093;48651;75.9;74.9;8.6
51;2021-11-23;158;170;1971;428243;422263;50622;76.0;74.9;9.0
51;2021-11-24;278;197;1862;428521;422460;52484;76.0;74.9;9.3
51;2021-11-25;128;139;2048;428649;422599;54532;76.0;75.0;9.7
51;2021-11-26;246;238;3636;428895;422837;58168;76.1;75.0;10.3
51;2021-11-27;167;195;1794;429062;423032;59962;76.1;75.0;10.6
51;2021-11-28;2;7;135;429064;423039;60097;76.1;75.0;10.7
51;2021-11-29;119;138;3019;429183;423177;63116;76.1;75.1;11.2
51;2021-11-30;163;145;4451;429346;423322;67567;76.1;75.1;12.0
51;2021-12-01;130;173;4157;429476;423495;71724;76.2;75.1;12.7
51;2021-12-02;115;102;4704;429591;423597;76428;76.2;75.1;13.6
51;2021-12-03;156;218;5898;429747;423815;82326;76.2;75.2;14.6
51;2021-12-04;183;156;3978;429930;423971;86304;76.3;75.2;15.3
51;2021-12-05;13;18;383;429943;423989;86687;76.3;75.2;15.4
51;2021-12-06;93;147;4461;430036;424136;91148;76.3;75.2;16.2
51;2021-12-07;144;146;5816;430180;424282;96964;76.3;75.3;17.2
51;2021-12-08;136;187;5188;430316;424469;102152;76.3;75.3;18.1
51;2021-12-09;121;153;6404;430437;424622;108556;76.3;75.3;19.3
52;2020-12-27;0;0;0;0;0;0;0.0;0.0;0.0
52;2020-12-28;0;0;0;0;0;0;0.0;0.0;0.0
52;2020-12-29;0;0;0;0;0;0;0.0;0.0;0.0
52;2020-12-30;0;0;0;0;0;0;0.0;0.0;0.0
52;2020-12-31;0;0;0;0;0;0;0.0;0.0;0.0
52;2021-01-01;0;0;0;0;0;0;0.0;0.0;0.0
52;2021-01-02;0;0;0;0;0;0;0.0;0.0;0.0
52;2021-01-03;0;0;0;0;0;0;0.0;0.0;0.0
52;2021-01-04;0;0;0;0;0;0;0.0;0.0;0.0
52;2021-01-05;3;0;0;3;0;0;0.0;0.0;0.0
52;2021-01-06;1;0;0;4;0;0;0.0;0.0;0.0
52;2021-01-07;2;0;0;6;0;0;0.0;0.0;0.0
52;2021-01-08;160;1;0;166;1;0;0.1;0.0;0.0
52;2021-01-09;89;0;0;255;1;0;0.2;0.0;0.0
52;2021-01-10;0;0;0;255;1;0;0.2;0.0;0.0
52;2021-01-11;167;0;0;422;1;0;0.2;0.0;0.0
52;2021-01-12;154;0;0;576;1;0;0.3;0.0;0.0
52;2021-01-13;465;0;0;1041;1;0;0.6;0.0;0.0
52;2021-01-14;614;9;0;1655;10;0;1.0;0.0;0.0
52;2021-01-15;373;1;0;2028;11;0;1.2;0.0;0.0
52;2021-01-16;17;0;0;2045;11;0;1.2;0.0;0.0
52;2021-01-17;1;0;0;2046;11;0;1.2;0.0;0.0
52;2021-01-18;380;0;0;2426;11;0;1.4;0.0;0.0
52;2021-01-19;392;1;0;2818;12;0;1.7;0.0;0.0
52;2021-01-20;405;2;0;3223;14;0;1.9;0.0;0.0
52;2021-01-21;406;1;0;3629;15;0;2.1;0.0;0.0
52;2021-01-22;320;2;0;3949;17;0;2.3;0.0;0.0
52;2021-01-23;69;2;0;4018;19;0;2.4;0.0;0.0
52;2021-01-24;2;0;0;4020;19;0;2.4;0.0;0.0
52;2021-01-25;261;1;0;4281;20;0;2.5;0.0;0.0
52;2021-01-26;304;1;0;4585;21;0;2.7;0.0;0.0
52;2021-01-27;243;1;0;4828;22;0;2.9;0.0;0.0
52;2021-01-28;186;4;0;5014;26;0;3.0;0.0;0.0
52;2021-01-29;81;92;0;5095;118;0;3.0;0.1;0.0
52;2021-01-30;90;90;0;5185;208;0;3.1;0.1;0.0
52;2021-01-31;0;0;0;5185;208;0;3.1;0.1;0.0
52;2021-02-01;116;145;0;5301;353;0;3.1;0.2;0.0
52;2021-02-02;74;142;0;5375;495;0;3.2;0.3;0.0
52;2021-02-03;81;341;0;5456;836;0;3.2;0.5;0.0
52;2021-02-04;209;520;0;5665;1356;0;3.3;0.8;0.0
52;2021-02-05;109;444;0;5774;1800;0;3.4;1.1;0.0
52;2021-02-06;26;0;0;5800;1800;0;3.4;1.1;0.0
52;2021-02-07;0;0;0;5800;1800;0;3.4;1.1;0.0
52;2021-02-08;39;187;0;5839;1987;0;3.4;1.2;0.0
52;2021-02-09;57;196;0;5896;2183;0;3.5;1.3;0.0
52;2021-02-10;99;180;0;5995;2363;0;3.5;1.4;0.0
52;2021-02-11;128;128;0;6123;2491;0;3.6;1.5;0.0
52;2021-02-12;179;136;0;6302;2627;0;3.7;1.6;0.0
52;2021-02-13;7;3;0;6309;2630;0;3.7;1.6;0.0
52;2021-02-14;6;19;0;6315;2649;0;3.7;1.6;0.0
52;2021-02-15;83;273;0;6398;2922;0;3.8;1.7;0.0
52;2021-02-16;66;327;0;6464;3249;0;3.8;1.9;0.0
52;2021-02-17;47;317;0;6511;3566;0;3.8;2.1;0.0
52;2021-02-18;83;251;0;6594;3817;0;3.9;2.3;0.0
52;2021-02-19;60;211;0;6654;4028;0;3.9;2.4;0.0
52;2021-02-20;16;99;0;6670;4127;0;3.9;2.4;0.0
52;2021-02-21;1;7;0;6671;4134;0;3.9;2.4;0.0
52;2021-02-22;40;364;0;6711;4498;0;4.0;2.7;0.0
52;2021-02-23;59;270;0;6770;4768;0;4.0;2.8;0.0
52;2021-02-24;89;217;0;6859;4985;0;4.1;2.9;0.0
52;2021-02-25;152;213;0;7011;5198;0;4.1;3.1;0.0
52;2021-02-26;302;162;0;7313;5360;0;4.3;3.2;0.0
52;2021-02-27;156;48;0;7469;5408;0;4.4;3.2;0.0
52;2021-02-28;1;1;0;7470;5409;0;4.4;3.2;0.0
52;2021-03-01;159;30;0;7629;5439;0;4.5;3.2;0.0
52;2021-03-02;156;66;0;7785;5505;0;4.6;3.3;0.0
52;2021-03-03;363;54;0;8148;5559;0;4.8;3.3;0.0
52;2021-03-04;401;67;0;8549;5626;0;5.1;3.3;0.0
52;2021-03-05;503;58;0;9052;5684;0;5.3;3.4;0.0
52;2021-03-06;428;40;0;9480;5724;0;5.6;3.4;0.0
52;2021-03-07;30;1;0;9510;5725;0;5.6;3.4;0.0
52;2021-03-08;387;114;0;9897;5839;0;5.8;3.4;0.0
52;2021-03-09;534;126;0;10431;5965;0;6.2;3.5;0.0
52;2021-03-10;339;111;0;10770;6076;0;6.4;3.6;0.0
52;2021-03-11;618;46;0;11388;6122;0;6.7;3.6;0.0
52;2021-03-12;549;60;0;11937;6182;0;7.1;3.7;0.0
52;2021-03-13;500;14;0;12437;6196;0;7.3;3.7;0.0
52;2021-03-14;23;2;0;12460;6198;0;7.4;3.7;0.0
52;2021-03-15;347;31;0;12807;6229;0;7.6;3.7;0.0
52;2021-03-16;247;22;0;13054;6251;0;7.7;3.7;0.0
52;2021-03-17;426;26;0;13480;6277;0;8.0;3.7;0.0
52;2021-03-18;488;25;0;13968;6302;0;8.3;3.7;0.0
52;2021-03-19;509;57;0;14477;6359;0;8.6;3.8;0.0
52;2021-03-20;263;13;0;14740;6372;0;8.7;3.8;0.0
52;2021-03-21;30;1;0;14770;6373;0;8.7;3.8;0.0
52;2021-03-22;386;51;0;15156;6424;0;9.0;3.8;0.0
52;2021-03-23;766;53;0;15922;6477;0;9.4;3.8;0.0
52;2021-03-24;818;73;0;16740;6550;0;9.9;3.9;0.0
52;2021-03-25;1144;99;0;17884;6649;0;10.6;3.9;0.0
52;2021-03-26;1022;137;0;18906;6786;0;11.2;4.0;0.0
52;2021-03-27;498;78;0;19404;6864;0;11.5;4.1;0.0
52;2021-03-28;61;0;0;19465;6864;0;11.5;4.1;0.0
52;2021-03-29;523;190;0;19988;7054;0;11.8;4.2;0.0
52;2021-03-30;881;246;0;20869;7300;0;12.3;4.3;0.0
52;2021-03-31;984;285;0;21853;7585;0;12.9;4.5;0.0
52;2021-04-01;1171;219;0;23024;7804;0;13.6;4.6;0.0
52;2021-04-02;997;111;0;24021;7915;0;14.2;4.7;0.0
52;2021-04-03;436;15;0;24457;7930;0;14.5;4.7;0.0
52;2021-04-04;7;3;0;24464;7933;0;14.5;4.7;0.0
52;2021-04-05;20;0;0;24484;7933;0;14.5;4.7;0.0
52;2021-04-06;487;289;0;24971;8222;0;14.8;4.9;0.0
52;2021-04-07;610;453;0;25581;8675;0;15.1;5.1;0.0
52;2021-04-08;932;270;0;26513;8945;0;15.7;5.3;0.0
52;2021-04-09;1116;157;0;27629;9102;0;16.3;5.4;0.0
52;2021-04-10;796;102;0;28425;9204;0;16.8;5.4;0.0
52;2021-04-11;55;11;0;28480;9215;0;16.8;5.4;0.0
52;2021-04-12;945;319;0;29425;9534;0;17.4;5.6;0.0
52;2021-04-13;1244;409;0;30669;9943;0;18.1;5.9;0.0
52;2021-04-14;1258;512;0;31927;10455;0;18.9;6.2;0.0
52;2021-04-15;1421;477;0;33348;10932;0;19.7;6.5;0.0
52;2021-04-16;1539;366;0;34887;11298;0;20.6;6.7;0.0
52;2021-04-17;1403;135;0;36290;11433;0;21.4;6.8;0.0
52;2021-04-18;503;41;0;36793;11474;0;21.7;6.8;0.0
52;2021-04-19;566;618;0;37359;12092;0;22.1;7.1;0.0
52;2021-04-20;950;709;0;38309;12801;0;22.6;7.6;0.0
52;2021-04-21;1043;704;0;39352;13505;0;23.3;8.0;0.0
52;2021-04-22;1412;694;0;40764;14199;0;24.1;8.4;0.0
52;2021-04-23;1335;640;0;42099;14839;0;24.9;8.8;0.0
52;2021-04-24;528;307;0;42627;15146;0;25.2;8.9;0.0
52;2021-04-25;19;86;0;42646;15232;0;25.2;9.0;0.0
52;2021-04-26;610;500;0;43256;15732;0;25.6;9.3;0.0
52;2021-04-27;916;731;0;44172;16463;0;26.1;9.7;0.0
52;2021-04-28;1379;613;0;45551;17076;0;26.9;10.1;0.0
52;2021-04-29;1300;613;0;46851;17689;0;27.7;10.5;0.0
52;2021-04-30;1246;672;0;48097;18361;0;28.4;10.8;0.0
52;2021-05-01;36;260;0;48133;18621;0;28.4;11.0;0.0
52;2021-05-02;8;6;0;48141;18627;0;28.4;11.0;0.0
52;2021-05-03;1061;633;0;49202;19260;0;29.1;11.4;0.0
52;2021-05-04;1279;745;0;50481;20005;0;29.8;11.8;0.0
52;2021-05-05;1592;705;0;52073;20710;0;30.8;12.2;0.0
52;2021-05-06;1707;576;0;53780;21286;0;31.8;12.6;0.0
52;2021-05-07;1424;1191;0;55204;22477;0;32.6;13.3;0.0
52;2021-05-08;587;267;0;55791;22744;0;33.0;13.4;0.0
52;2021-05-09;50;79;0;55841;22823;0;33.0;13.5;0.0
52;2021-05-10;755;1094;0;56596;23917;0;33.4;14.1;0.0
52;2021-05-11;862;1329;0;57458;25246;0;33.9;14.9;0.0
52;2021-05-12;1131;1300;0;58589;26546;0;34.6;15.7;0.0
52;2021-05-13;177;188;0;58766;26734;0;34.7;15.8;0.0
52;2021-05-14;1122;1372;0;59888;28106;0;35.4;16.6;0.0
52;2021-05-15;579;916;0;60467;29022;0;35.7;17.1;0.0
52;2021-05-16;124;61;0;60591;29083;0;35.8;17.2;0.0
52;2021-05-17;1031;694;0;61622;29777;0;36.4;17.6;0.0
52;2021-05-18;1141;671;0;62763;30448;0;37.1;18.0;0.0
52;2021-05-19;1423;431;0;64186;30879;0;37.9;18.2;0.0
52;2021-05-20;1546;446;0;65732;31325;0;38.8;18.5;0.0
52;2021-05-21;1534;610;0;67266;31935;0;39.7;18.9;0.0
52;2021-05-22;1078;213;0;68344;32148;0;40.4;19.0;0.0
52;2021-05-23;18;3;0;68362;32151;0;40.4;19.0;0.0
52;2021-05-24;508;39;0;68870;32190;0;40.7;19.0;0.0
52;2021-05-25;1274;380;0;70144;32570;0;41.4;19.2;0.0
52;2021-05-26;1337;671;0;71481;33241;0;42.2;19.6;0.0
52;2021-05-27;1373;793;0;72854;34034;0;43.0;20.1;0.0
52;2021-05-28;1410;703;0;74264;34737;0;43.9;20.5;0.0
52;2021-05-29;744;866;0;75008;35603;0;44.3;21.0;0.0
52;2021-05-30;31;552;0;75039;36155;0;44.3;21.4;0.0
52;2021-05-31;728;778;0;75767;36933;0;44.8;21.8;0.0
52;2021-06-01;857;829;0;76624;37762;0;45.3;22.3;0.0
52;2021-06-02;816;727;0;77440;38489;0;45.8;22.7;0.0
52;2021-06-03;791;754;0;78231;39243;0;46.2;23.2;0.0
52;2021-06-04;915;1367;0;79146;40610;0;46.8;24.0;0.0
52;2021-06-05;649;642;0;79795;41252;0;47.1;24.4;0.0
52;2021-06-06;31;57;0;79826;41309;0;47.2;24.4;0.0
52;2021-06-07;435;936;0;80261;42245;0;47.4;25.0;0.0
52;2021-06-08;583;1322;0;80844;43567;0;47.8;25.7;0.0
52;2021-06-09;687;1411;0;81531;44978;0;48.2;26.6;0.0
52;2021-06-10;791;956;0;82322;45934;0;48.6;27.1;0.0
52;2021-06-11;841;1318;0;83163;47252;0;49.1;27.9;0.0
52;2021-06-12;465;606;0;83628;47858;0;49.4;28.3;0.0
52;2021-06-13;13;11;0;83641;47869;0;49.4;28.3;0.0
52;2021-06-14;234;1333;0;83875;49202;0;49.6;29.1;0.0
52;2021-06-15;302;1621;0;84177;50823;0;49.7;30.0;0.0
52;2021-06-16;411;1750;0;84588;52573;0;50.0;31.1;0.0
52;2021-06-17;300;1061;0;84888;53634;0;50.2;31.7;0.0
52;2021-06-18;401;1590;0;85289;55224;0;50.4;32.6;0.0
52;2021-06-19;579;726;0;85868;55950;0;50.7;33.1;0.0
52;2021-06-20;4;24;0;85872;55974;0;50.7;33.1;0.0
52;2021-06-21;495;874;0;86367;56848;0;51.0;33.6;0.0
52;2021-06-22;467;1016;0;86834;57864;0;51.3;34.2;0.0
52;2021-06-23;511;1032;0;87345;58896;0;51.6;34.8;0.0
52;2021-06-24;573;782;0;87918;59678;0;51.9;35.3;0.0
52;2021-06-25;635;1334;0;88553;61012;0;52.3;36.0;0.0
52;2021-06-26;327;809;0;88880;61821;0;52.5;36.5;0.0
52;2021-06-27;5;54;0;88885;61875;0;52.5;36.6;0.0
52;2021-06-28;186;1385;0;89071;63260;0;52.6;37.4;0.0
52;2021-06-29;180;1296;0;89251;64556;0;52.7;38.1;0.0
52;2021-06-30;247;1344;0;89498;65900;0;52.9;38.9;0.0
52;2021-07-01;337;1045;0;89835;66945;0;53.1;39.6;0.0
52;2021-07-02;466;1493;0;90301;68438;0;53.4;40.4;0.0
52;2021-07-03;369;1161;0;90670;69599;0;53.6;41.1;0.0
52;2021-07-04;7;45;0;90677;69644;0;53.6;41.1;0.0
52;2021-07-05;228;1379;0;90905;71023;0;53.7;42.0;0.0
52;2021-07-06;333;1367;0;91238;72390;0;53.9;42.8;0.0
52;2021-07-07;338;1143;0;91576;73533;0;54.1;43.4;0.0
52;2021-07-08;460;1173;0;92036;74706;0;54.4;44.1;0.0
52;2021-07-09;349;1561;0;92385;76267;0;54.6;45.1;0.0
52;2021-07-10;208;857;0;92593;77124;0;54.7;45.6;0.0
52;2021-07-11;17;31;0;92610;77155;0;54.7;45.6;0.0
52;2021-07-12;310;1350;0;92920;78505;0;54.9;46.4;0.0
52;2021-07-13;583;1313;0;93503;79818;0;55.2;47.2;0.0
52;2021-07-14;489;192;0;93992;80010;0;55.5;47.3;0.0
52;2021-07-15;636;1349;0;94628;81359;0;55.9;48.1;0.0
52;2021-07-16;939;1363;0;95567;82722;0;56.5;48.9;0.0
52;2021-07-17;661;449;0;96228;83171;0;56.9;49.1;0.0
52;2021-07-18;135;45;0;96363;83216;0;56.9;49.2;0.0
52;2021-07-19;683;983;0;97046;84199;0;57.3;49.7;0.0
52;2021-07-20;1058;912;0;98104;85111;0;58.0;50.3;0.0
52;2021-07-21;1084;788;0;99188;85899;0;58.6;50.8;0.0
52;2021-07-22;1351;912;0;100539;86811;0;59.4;51.3;0.0
52;2021-07-23;1361;1059;0;101900;87870;0;60.2;51.9;0.0
52;2021-07-24;925;551;0;102825;88421;0;60.8;52.2;0.0
52;2021-07-25;45;30;0;102870;88451;0;60.8;52.3;0.0
52;2021-07-26;930;643;0;103800;89094;0;61.3;52.6;0.0
52;2021-07-27;1256;672;0;105056;89766;0;62.1;53.0;0.0
52;2021-07-28;1294;655;0;106350;90421;0;62.8;53.4;0.0
52;2021-07-29;1216;621;0;107566;91042;0;63.6;53.8;0.0
52;2021-07-30;1377;779;0;108943;91821;0;64.4;54.3;0.0
52;2021-07-31;980;594;0;109923;92415;0;64.9;54.6;0.0
52;2021-08-01;21;18;0;109944;92433;0;65.0;54.6;0.0
52;2021-08-02;1153;604;0;111097;93037;0;65.6;55.0;0.0
52;2021-08-03;1303;586;0;112400;93623;0;66.4;55.3;0.0
52;2021-08-04;1131;584;0;113531;94207;0;67.1;55.7;0.0
52;2021-08-05;973;587;0;114504;94794;0;67.7;56.0;0.0
52;2021-08-06;1042;759;0;115546;95553;0;68.3;56.5;0.0
52;2021-08-07;666;505;0;116212;96058;0;68.7;56.8;0.0
52;2021-08-08;14;18;0;116226;96076;0;68.7;56.8;0.0
52;2021-08-09;460;812;0;116686;96888;0;68.9;57.2;0.0
52;2021-08-10;713;793;0;117399;97681;0;69.4;57.7;0.0
52;2021-08-11;564;817;0;117963;98498;0;69.7;58.2;0.0
52;2021-08-12;642;815;0;118605;99313;0;70.1;58.7;0.0
52;2021-08-13;454;1047;0;119059;100360;0;70.3;59.3;0.0
52;2021-08-14;425;394;0;119484;100754;0;70.6;59.5;0.0
52;2021-08-15;36;26;0;119520;100780;0;70.6;59.5;0.0
52;2021-08-16;366;935;0;119886;101715;0;70.8;60.1;0.0
52;2021-08-17;394;908;0;120280;102623;0;71.1;60.6;0.0
52;2021-08-18;475;939;0;120755;103562;0;71.3;61.2;0.0
52;2021-08-19;430;856;0;121185;104418;0;71.6;61.7;0.0
52;2021-08-20;370;1228;0;121555;105646;0;71.8;62.4;0.0
52;2021-08-21;374;672;0;121929;106318;0;72.0;62.8;0.0
52;2021-08-22;10;26;0;121939;106344;0;72.0;62.8;0.0
52;2021-08-23;400;1024;0;122339;107368;0;72.3;63.4;0.0
52;2021-08-24;292;1041;0;122631;108409;0;72.5;64.1;0.0
52;2021-08-25;243;1060;0;122874;109469;0;72.6;64.7;0.0
52;2021-08-26;297;944;0;123171;110413;0;72.8;65.2;0.0
52;2021-08-27;412;1313;0;123583;111726;0;73.0;66.0;0.0
52;2021-08-28;258;585;0;123841;112311;0;73.2;66.4;0.0
52;2021-08-29;9;22;0;123850;112333;0;73.2;66.4;0.0
52;2021-08-30;216;935;21;124066;113268;21;73.3;66.9;0.0
52;2021-08-31;204;963;18;124270;114231;39;73.4;67.5;0.0
52;2021-09-01;191;958;35;124461;115189;74;73.5;68.1;0.0
52;2021-09-02;189;700;67;124650;115889;141;73.6;68.5;0.1
52;2021-09-03;256;851;100;124906;116740;241;73.8;69.0;0.1
52;2021-09-04;206;598;30;125112;117338;271;73.9;69.3;0.2
52;2021-09-05;8;25;3;125120;117363;274;73.9;69.3;0.2
52;2021-09-06;146;504;39;125266;117867;313;74.0;69.6;0.2
52;2021-09-07;178;419;109;125444;118286;422;74.1;69.9;0.2
52;2021-09-08;161;591;55;125605;118877;477;74.2;70.2;0.3
52;2021-09-09;144;362;81;125749;119239;558;74.3;70.5;0.3
52;2021-09-10;257;590;107;126006;119829;665;74.4;70.8;0.4
52;2021-09-11;157;334;31;126163;120163;696;74.5;71.0;0.4
52;2021-09-12;4;15;3;126167;120178;699;74.5;71.0;0.4
52;2021-09-13;179;466;129;126346;120644;828;74.7;71.3;0.5
52;2021-09-14;152;304;145;126498;120948;973;74.7;71.5;0.6
52;2021-09-15;151;424;103;126649;121372;1076;74.8;71.7;0.6
52;2021-09-16;136;288;156;126785;121660;1232;74.9;71.9;0.7
52;2021-09-17;218;485;165;127003;122145;1397;75.0;72.2;0.8
52;2021-09-18;136;272;69;127139;122417;1466;75.1;72.3;0.9
52;2021-09-19;6;24;4;127145;122441;1470;75.1;72.3;0.9
52;2021-09-20;108;321;93;127253;122762;1563;75.2;72.5;0.9
52;2021-09-21;80;205;144;127333;122967;1707;75.2;72.7;1.0
52;2021-09-22;97;286;119;127430;123253;1826;75.3;72.8;1.1
52;2021-09-23;142;213;179;127572;123466;2005;75.4;72.9;1.2
52;2021-09-24;124;288;205;127696;123754;2210;75.4;73.1;1.3
52;2021-09-25;92;252;150;127788;124006;2360;75.5;73.3;1.4
52;2021-09-26;4;6;0;127792;124012;2360;75.5;73.3;1.4
52;2021-09-27;116;177;154;127908;124189;2514;75.6;73.4;1.5
52;2021-09-28;105;122;141;128013;124311;2655;75.6;73.4;1.6
52;2021-09-29;97;219;77;128110;124530;2732;75.7;73.6;1.6
52;2021-09-30;113;126;79;128223;124656;2811;75.8;73.7;1.7
52;2021-10-01;119;230;168;128342;124886;2979;75.8;73.8;1.8
52;2021-10-02;64;164;40;128406;125050;3019;75.9;73.9;1.8
52;2021-10-03;3;7;3;128409;125057;3022;75.9;73.9;1.8
52;2021-10-04;82;177;171;128491;125234;3193;75.9;74.0;1.9
52;2021-10-05;61;142;81;128552;125376;3274;76.0;74.1;1.9
52;2021-10-06;110;162;128;128662;125538;3402;76.0;74.2;2.0
52;2021-10-07;51;111;236;128713;125649;3638;76.0;74.2;2.1
52;2021-10-08;110;212;239;128823;125861;3877;76.1;74.4;2.3
52;2021-10-09;71;132;59;128894;125993;3936;76.2;74.4;2.3
52;2021-10-10;3;5;0;128897;125998;3936;76.2;74.4;2.3
52;2021-10-11;41;154;125;128938;126152;4061;76.2;74.5;2.4
52;2021-10-12;66;103;176;129004;126255;4237;76.2;74.6;2.5
52;2021-10-13;70;96;149;129074;126351;4386;76.3;74.7;2.6
52;2021-10-14;41;51;112;129115;126402;4498;76.3;74.7;2.7
52;2021-10-15;84;231;210;129199;126633;4708;76.3;74.8;2.8
52;2021-10-16;61;111;115;129260;126744;4823;76.4;74.9;2.8
52;2021-10-17;0;3;0;129260;126747;4823;76.4;74.9;2.8
52;2021-10-18;49;167;162;129309;126914;4985;76.4;75.0;2.9
52;2021-10-19;57;106;157;129366;127020;5142;76.4;75.0;3.0
52;2021-10-20;60;75;239;129426;127095;5381;76.5;75.1;3.2
52;2021-10-21;23;73;160;129449;127168;5541;76.5;75.1;3.3
52;2021-10-22;63;152;326;129512;127320;5867;76.5;75.2;3.5
52;2021-10-23;37;83;101;129549;127403;5968;76.5;75.3;3.5
52;2021-10-24;1;0;9;129550;127403;5977;76.5;75.3;3.5
52;2021-10-25;59;88;347;129609;127491;6324;76.6;75.3;3.7
52;2021-10-26;35;53;273;129644;127544;6597;76.6;75.4;3.9
52;2021-10-27;50;67;290;129694;127611;6887;76.6;75.4;4.1
52;2021-10-28;26;32;316;129720;127643;7203;76.6;75.4;4.3
52;2021-10-29;62;108;290;129782;127751;7493;76.7;75.5;4.4
52;2021-10-30;43;77;139;129825;127828;7632;76.7;75.5;4.5
52;2021-10-31;1;4;1;129826;127832;7633;76.7;75.5;4.5
52;2021-11-01;1;1;6;129827;127833;7639;76.7;75.5;4.5
52;2021-11-02;57;67;307;129884;127900;7946;76.7;75.6;4.7
52;2021-11-03;66;85;356;129950;127985;8302;76.8;75.6;4.9
52;2021-11-04;24;35;279;129974;128020;8581;76.8;75.6;5.1
52;2021-11-05;77;117;425;130051;128137;9006;76.8;75.7;5.3
52;2021-11-06;53;62;196;130104;128199;9202;76.9;75.7;5.4
52;2021-11-07;0;1;0;130104;128200;9202;76.9;75.7;5.4
52;2021-11-08;37;68;382;130141;128268;9584;76.9;75.8;5.7
52;2021-11-09;37;67;466;130178;128335;10050;76.9;75.8;5.9
52;2021-11-10;57;93;826;130235;128428;10876;76.9;75.9;6.4
52;2021-11-11;0;6;6;130235;128434;10882;76.9;75.9;6.4
52;2021-11-12;54;88;594;130289;128522;11476;77.0;75.9;6.8
52;2021-11-13;37;47;341;130326;128569;11817;77.0;76.0;7.0
52;2021-11-14;3;1;4;130329;128570;11821;77.0;76.0;7.0
52;2021-11-15;25;56;548;130354;128626;12369;77.0;76.0;7.3
52;2021-11-16;52;72;973;130406;128698;13342;77.0;76.0;7.9
52;2021-11-17;54;55;763;130460;128753;14105;77.1;76.1;8.3
52;2021-11-18;32;39;441;130492;128792;14546;77.1;76.1;8.6
52;2021-11-19;68;71;756;130560;128863;15302;77.1;76.1;9.0
52;2021-11-20;56;55;441;130616;128918;15743;77.2;76.2;9.3
52;2021-11-21;1;1;18;130617;128919;15761;77.2;76.2;9.3
52;2021-11-22;37;24;845;130654;128943;16606;77.2;76.2;9.8
52;2021-11-23;51;27;824;130705;128970;17430;77.2;76.2;10.3
52;2021-11-24;80;62;768;130785;129032;18198;77.3;76.2;10.8
52;2021-11-25;29;24;522;130814;129056;18720;77.3;76.3;11.1
52;2021-11-26;71;68;1354;130885;129124;20074;77.3;76.3;11.9
52;2021-11-27;47;64;932;130932;129188;21006;77.4;76.3;12.4
52;2021-11-28;2;2;17;130934;129190;21023;77.4;76.3;12.4
52;2021-11-29;52;50;1091;130986;129240;22114;77.4;76.4;13.1
52;2021-11-30;58;32;1454;131044;129272;23568;77.4;76.4;13.9
52;2021-12-01;53;39;1343;131097;129311;24911;77.5;76.4;14.7
52;2021-12-02;31;51;1432;131128;129362;26343;77.5;76.4;15.6
52;2021-12-03;46;97;1971;131174;129459;28314;77.5;76.5;16.7
52;2021-12-04;30;47;793;131204;129506;29107;77.5;76.5;17.2
52;2021-12-05;12;9;196;131216;129515;29303;77.5;76.5;17.3
52;2021-12-06;34;45;1537;131250;129560;30840;77.5;76.5;18.2
52;2021-12-07;44;52;2066;131294;129612;32906;77.6;76.6;19.4
52;2021-12-08;36;69;2030;131330;129681;34936;77.6;76.6;20.6
52;2021-12-09;44;45;2136;131374;129726;37072;77.6;76.6;21.9
53;2020-12-27;0;0;0;0;0;0;0.0;0.0;0.0
53;2020-12-28;0;0;0;0;0;0;0.0;0.0;0.0
53;2020-12-29;0;0;0;0;0;0;0.0;0.0;0.0
53;2020-12-30;0;0;0;0;0;0;0.0;0.0;0.0
53;2020-12-31;0;0;0;0;0;0;0.0;0.0;0.0
53;2021-01-01;0;0;0;0;0;0;0.0;0.0;0.0
53;2021-01-02;3;1;0;3;1;0;0.0;0.0;0.0
53;2021-01-03;0;0;0;3;1;0;0.0;0.0;0.0
53;2021-01-04;0;0;0;3;1;0;0.0;0.0;0.0
53;2021-01-05;0;0;0;3;1;0;0.0;0.0;0.0
53;2021-01-06;1;0;0;4;1;0;0.0;0.0;0.0
53;2021-01-07;99;0;0;103;1;0;0.0;0.0;0.0
53;2021-01-08;266;1;0;369;2;0;0.1;0.0;0.0
53;2021-01-09;133;1;0;502;3;0;0.2;0.0;0.0
53;2021-01-10;17;0;0;519;3;0;0.2;0.0;0.0
53;2021-01-11;176;1;0;695;4;0;0.2;0.0;0.0
53;2021-01-12;350;2;0;1045;6;0;0.3;0.0;0.0
53;2021-01-13;246;0;0;1291;6;0;0.4;0.0;0.0
53;2021-01-14;279;5;0;1570;11;0;0.5;0.0;0.0
53;2021-01-15;337;5;0;1907;16;0;0.6;0.0;0.0
53;2021-01-16;64;0;0;1971;16;0;0.6;0.0;0.0
53;2021-01-17;34;1;0;2005;17;0;0.7;0.0;0.0
53;2021-01-18;369;0;0;2374;17;0;0.8;0.0;0.0
53;2021-01-19;564;0;0;2938;17;0;1.0;0.0;0.0
53;2021-01-20;590;0;0;3528;17;0;1.2;0.0;0.0
53;2021-01-21;666;3;0;4194;20;0;1.4;0.0;0.0
53;2021-01-22;573;9;0;4767;29;0;1.6;0.0;0.0
53;2021-01-23;159;1;0;4926;30;0;1.6;0.0;0.0
53;2021-01-24;8;0;0;4934;30;0;1.6;0.0;0.0
53;2021-01-25;511;0;0;5445;30;0;1.8;0.0;0.0
53;2021-01-26;1149;7;0;6594;37;0;2.2;0.0;0.0
53;2021-01-27;691;5;0;7285;42;0;2.4;0.0;0.0
53;2021-01-28;676;91;0;7961;133;0;2.6;0.0;0.0
53;2021-01-29;415;171;0;8376;304;0;2.7;0.1;0.0
53;2021-01-30;141;0;0;8517;304;0;2.8;0.1;0.0
53;2021-01-31;0;0;0;8517;304;0;2.8;0.1;0.0
53;2021-02-01;311;145;0;8828;449;0;2.9;0.1;0.0
53;2021-02-02;315;198;0;9143;647;0;3.0;0.2;0.0
53;2021-02-03;228;305;0;9371;952;0;3.1;0.3;0.0
53;2021-02-04;183;315;0;9554;1267;0;3.1;0.4;0.0
53;2021-02-05;242;274;0;9796;1541;0;3.2;0.5;0.0
53;2021-02-06;151;26;0;9947;1567;0;3.3;0.5;0.0
53;2021-02-07;1;1;0;9948;1568;0;3.3;0.5;0.0
53;2021-02-08;178;120;0;10126;1688;0;3.3;0.6;0.0
53;2021-02-09;337;173;0;10463;1861;0;3.4;0.6;0.0
53;2021-02-10;190;312;0;10653;2173;0;3.5;0.7;0.0
53;2021-02-11;378;383;0;11031;2556;0;3.6;0.8;0.0
53;2021-02-12;316;487;0;11347;3043;0;3.7;1.0;0.0
53;2021-02-13;104;112;0;11451;3155;0;3.7;1.0;0.0
53;2021-02-14;0;77;0;11451;3232;0;3.7;1.1;0.0
53;2021-02-15;261;426;0;11712;3658;0;3.8;1.2;0.0
53;2021-02-16;493;782;0;12205;4440;0;4.0;1.5;0.0
53;2021-02-17;390;611;0;12595;5051;0;4.1;1.7;0.0
53;2021-02-18;525;544;0;13120;5595;0;4.3;1.8;0.0
53;2021-02-19;858;369;0;13978;5964;0;4.6;2.0;0.0
53;2021-02-20;143;114;0;14121;6078;0;4.6;2.0;0.0
53;2021-02-21;0;15;0;14121;6093;0;4.6;2.0;0.0
53;2021-02-22;178;517;0;14299;6610;0;4.7;2.2;0.0
53;2021-02-23;83;615;0;14382;7225;0;4.7;2.4;0.0
53;2021-02-24;149;480;0;14531;7705;0;4.8;2.5;0.0
53;2021-02-25;490;351;0;15021;8056;0;4.9;2.6;0.0
53;2021-02-26;459;262;0;15480;8318;0;5.1;2.7;0.0
53;2021-02-27;103;126;0;15583;8444;0;5.1;2.8;0.0
53;2021-02-28;2;5;0;15585;8449;0;5.1;2.8;0.0
53;2021-03-01;242;297;0;15827;8746;0;5.2;2.9;0.0
53;2021-03-02;267;274;0;16094;9020;0;5.3;3.0;0.0
53;2021-03-03;352;351;0;16446;9371;0;5.4;3.1;0.0
53;2021-03-04;892;309;0;17338;9680;0;5.7;3.2;0.0
53;2021-03-05;675;269;0;18013;9949;0;5.9;3.3;0.0
53;2021-03-06;454;211;0;18467;10160;0;6.0;3.3;0.0
53;2021-03-07;294;7;0;18761;10167;0;6.1;3.3;0.0
53;2021-03-08;371;178;0;19132;10345;0;6.3;3.4;0.0
53;2021-03-09;924;224;0;20056;10569;0;6.6;3.5;0.0
53;2021-03-10;856;114;0;20912;10683;0;6.8;3.5;0.0
53;2021-03-11;1309;213;0;22221;10896;0;7.3;3.6;0.0
53;2021-03-12;1639;163;0;23860;11059;0;7.8;3.6;0.0
53;2021-03-13;823;23;0;24683;11082;0;8.1;3.6;0.0
53;2021-03-14;6;4;0;24689;11086;0;8.1;3.6;0.0
53;2021-03-15;980;305;0;25669;11391;0;8.4;3.7;0.0
53;2021-03-16;1010;324;0;26679;11715;0;8.7;3.8;0.0
53;2021-03-17;742;266;0;27421;11981;0;9.0;3.9;0.0
53;2021-03-18;1003;355;0;28424;12336;0;9.3;4.0;0.0
53;2021-03-19;1312;584;0;29736;12920;0;9.7;4.2;0.0
53;2021-03-20;614;19;0;30350;12939;0;9.9;4.2;0.0
53;2021-03-21;4;0;0;30354;12939;0;9.9;4.2;0.0
53;2021-03-22;1182;166;0;31536;13105;0;10.3;4.3;0.0
53;2021-03-23;1697;85;0;33233;13190;0;10.9;4.3;0.0
53;2021-03-24;1356;132;0;34589;13322;0;11.3;4.4;0.0
53;2021-03-25;2250;247;0;36839;13569;0;12.1;4.4;0.0
53;2021-03-26;1915;170;0;38754;13739;0;12.7;4.5;0.0
53;2021-03-27;360;14;0;39114;13753;0;12.8;4.5;0.0
53;2021-03-28;14;3;0;39128;13756;0;12.8;4.5;0.0
53;2021-03-29;1352;224;0;40480;13980;0;13.3;4.6;0.0
53;2021-03-30;1838;217;0;42318;14197;0;13.9;4.6;0.0
53;2021-03-31;1659;226;0;43977;14423;0;14.4;4.7;0.0
53;2021-04-01;1796;660;0;45773;15083;0;15.0;4.9;0.0
53;2021-04-02;1929;212;0;47702;15295;0;15.6;5.0;0.0
53;2021-04-03;395;13;0;48097;15308;0;15.8;5.0;0.0
53;2021-04-04;12;3;0;48109;15311;0;15.8;5.0;0.0
53;2021-04-05;15;13;0;48124;15324;0;15.8;5.0;0.0
53;2021-04-06;1183;537;0;49307;15861;0;16.1;5.2;0.0
53;2021-04-07;1134;952;0;50441;16813;0;16.5;5.5;0.0
53;2021-04-08;1669;1030;0;52110;17843;0;17.1;5.8;0.0
53;2021-04-09;1829;452;0;53939;18295;0;17.7;6.0;0.0
53;2021-04-10;561;15;0;54500;18310;0;17.8;6.0;0.0
53;2021-04-11;23;5;0;54523;18315;0;17.9;6.0;0.0
53;2021-04-12;765;1057;0;55288;19372;0;18.1;6.3;0.0
53;2021-04-13;1541;1101;0;56829;20473;0;18.6;6.7;0.0
53;2021-04-14;1040;780;0;57869;21253;0;19.0;7.0;0.0
53;2021-04-15;1257;1114;0;59126;22367;0;19.4;7.3;0.0
53;2021-04-16;1449;786;0;60575;23153;0;19.8;7.6;0.0
53;2021-04-17;435;304;0;61010;23457;0;20.0;7.7;0.0
53;2021-04-18;33;5;0;61043;23462;0;20.0;7.7;0.0
53;2021-04-19;754;989;0;61797;24451;0;20.2;8.0;0.0
53;2021-04-20;993;1453;0;62790;25904;0;20.6;8.5;0.0
53;2021-04-21;966;1028;0;63756;26932;0;20.9;8.8;0.0
53;2021-04-22;1181;1589;0;64937;28521;0;21.3;9.3;0.0
53;2021-04-23;1431;999;0;66368;29520;0;21.7;9.7;0.0
53;2021-04-24;182;34;0;66550;29554;0;21.8;9.7;0.0
53;2021-04-25;43;44;0;66593;29598;0;21.8;9.7;0.0
53;2021-04-26;483;1118;0;67076;30716;0;22.0;10.1;0.0
53;2021-04-27;929;1788;0;68005;32504;0;22.3;10.6;0.0
53;2021-04-28;1162;1322;0;69167;33826;0;22.7;11.1;0.0
53;2021-04-29;1232;1596;0;70399;35422;0;23.1;11.6;0.0
53;2021-04-30;1552;1281;0;71951;36703;0;23.6;12.0;0.0
53;2021-05-01;156;69;0;72107;36772;0;23.6;12.0;0.0
53;2021-05-02;69;11;0;72176;36783;0;23.6;12.0;0.0
53;2021-05-03;1666;703;0;73842;37486;0;24.2;12.3;0.0
53;2021-05-04;1393;1299;0;75235;38785;0;24.6;12.7;0.0
53;2021-05-05;1699;807;0;76934;39592;0;25.2;13.0;0.0
53;2021-05-06;1507;1324;0;78441;40916;0;25.7;13.4;0.0
53;2021-05-07;1572;1358;0;80013;42274;0;26.2;13.8;0.0
53;2021-05-08;977;70;0;80990;42344;0;26.5;13.9;0.0
53;2021-05-09;70;18;0;81060;42362;0;26.5;13.9;0.0
53;2021-05-10;2451;883;0;83511;43245;0;27.3;14.2;0.0
53;2021-05-11;3114;1341;0;86625;44586;0;28.4;14.6;0.0
53;2021-05-12;2686;1159;0;89311;45745;0;29.2;15.0;0.0
53;2021-05-13;377;49;0;89688;45794;0;29.4;15.0;0.0
53;2021-05-14;1943;710;0;91631;46504;0;30.0;15.2;0.0
53;2021-05-15;1160;130;0;92791;46634;0;30.4;15.3;0.0
53;2021-05-16;100;13;0;92891;46647;0;30.4;15.3;0.0
53;2021-05-17;1695;1306;0;94586;47953;0;31.0;15.7;0.0
53;2021-05-18;1912;1546;0;96498;49499;0;31.6;16.2;0.0
53;2021-05-19;2446;800;0;98944;50299;0;32.4;16.5;0.0
53;2021-05-20;3059;931;0;102003;51230;0;33.4;16.8;0.0
53;2021-05-21;2664;943;0;104667;52173;0;34.3;17.1;0.0
53;2021-05-22;246;108;0;104913;52281;0;34.4;17.1;0.0
53;2021-05-23;79;3;0;104992;52284;0;34.4;17.1;0.0
53;2021-05-24;145;17;0;105137;52301;0;34.4;17.1;0.0
53;2021-05-25;1799;846;0;106936;53147;0;35.0;17.4;0.0
53;2021-05-26;1817;939;0;108753;54086;0;35.6;17.7;0.0
53;2021-05-27;2966;1103;0;111719;55189;0;36.6;18.1;0.0
53;2021-05-28;2484;1029;0;114203;56218;0;37.4;18.4;0.0
53;2021-05-29;973;284;0;115176;56502;0;37.7;18.5;0.0
53;2021-05-30;45;12;0;115221;56514;0;37.7;18.5;0.0
53;2021-05-31;2456;902;0;117677;57416;0;38.5;18.8;0.0
53;2021-06-01;3220;1315;0;120897;58731;0;39.6;19.2;0.0
53;2021-06-02;2847;625;0;123744;59356;0;40.5;19.4;0.0
53;2021-06-03;3741;858;0;127485;60214;0;41.7;19.7;0.0
53;2021-06-04;2894;1368;0;130379;61582;0;42.7;20.2;0.0
53;2021-06-05;340;343;0;130719;61925;0;42.8;20.3;0.0
53;2021-06-06;35;47;0;130754;61972;0;42.8;20.3;0.0
53;2021-06-07;2477;1083;0;133231;63055;0;43.6;20.6;0.0
53;2021-06-08;3181;1241;0;136412;64296;0;44.7;21.1;0.0
53;2021-06-09;2248;1023;0;138660;65319;0;45.4;21.4;0.0
53;2021-06-10;3137;929;0;141797;66248;0;46.4;21.7;0.0
53;2021-06-11;2686;1383;0;144483;67631;0;47.3;22.1;0.0
53;2021-06-12;263;268;0;144746;67899;0;47.4;22.2;0.0
53;2021-06-13;55;61;0;144801;67960;0;47.4;22.3;0.0
53;2021-06-14;1501;1879;0;146302;69839;0;47.9;22.9;0.0
53;2021-06-15;1817;2342;0;148119;72181;0;48.5;23.6;0.0
53;2021-06-16;1711;1837;0;149830;74018;0;49.1;24.2;0.0
53;2021-06-17;2728;1682;0;152558;75700;0;50.0;24.8;0.0
53;2021-06-18;2511;1840;0;155069;77540;0;50.8;25.4;0.0
53;2021-06-19;744;1216;0;155813;78756;0;51.0;25.8;0.0
53;2021-06-20;34;465;0;155847;79221;0;51.0;25.9;0.0
53;2021-06-21;946;2622;0;156793;81843;0;51.3;26.8;0.0
53;2021-06-22;1298;3439;0;158091;85282;0;51.8;27.9;0.0
53;2021-06-23;1326;2867;0;159417;88149;0;52.2;28.9;0.0
53;2021-06-24;1686;2068;0;161103;90217;0;52.8;29.5;0.0
53;2021-06-25;1707;2186;0;162810;92403;0;53.3;30.3;0.0
53;2021-06-26;983;484;0;163793;92887;0;53.6;30.4;0.0
53;2021-06-27;23;92;0;163816;92979;0;53.6;30.4;0.0
53;2021-06-28;662;2949;0;164478;95928;0;53.9;31.4;0.0
53;2021-06-29;876;3584;0;165354;99512;0;54.1;32.6;0.0
53;2021-06-30;784;1640;0;166138;101152;0;54.4;33.1;0.0
53;2021-07-01;1405;2562;1;167543;103714;1;54.9;34.0;0.0
53;2021-07-02;1470;2080;0;169013;105794;1;55.3;34.6;0.0
53;2021-07-03;849;722;0;169862;106516;1;55.6;34.9;0.0
53;2021-07-04;11;89;0;169873;106605;1;55.6;34.9;0.0
53;2021-07-05;581;2134;0;170454;108739;1;55.8;35.6;0.0
53;2021-07-06;857;3527;0;171311;112266;1;56.1;36.8;0.0
53;2021-07-07;1016;2611;0;172327;114877;1;56.4;37.6;0.0
53;2021-07-08;1235;2989;0;173562;117866;1;56.8;38.6;0.0
53;2021-07-09;1024;3287;0;174586;121153;1;57.2;39.7;0.0
53;2021-07-10;387;1084;0;174973;122237;1;57.3;40.0;0.0
53;2021-07-11;40;67;0;175013;122304;1;57.3;40.1;0.0
53;2021-07-12;523;3521;0;175536;125825;1;57.5;41.2;0.0
53;2021-07-13;902;4418;0;176438;130243;1;57.8;42.7;0.0
53;2021-07-14;206;267;0;176644;130510;1;57.8;42.7;0.0
53;2021-07-15;1161;4042;0;177805;134552;1;58.2;44.1;0.0
53;2021-07-16;1260;3661;0;179065;138213;1;58.6;45.3;0.0
53;2021-07-17;1375;564;0;180440;138777;1;59.1;45.4;0.0
53;2021-07-18;168;65;0;180608;138842;1;59.1;45.5;0.0
53;2021-07-19;821;3285;0;181429;142127;1;59.4;46.5;0.0
53;2021-07-20;1061;3844;0;182490;145971;1;59.8;47.8;0.0
53;2021-07-21;915;3091;0;183405;149062;1;60.1;48.8;0.0
53;2021-07-22;1600;3247;0;185005;152309;1;60.6;49.9;0.0
53;2021-07-23;1607;3577;0;186612;155886;1;61.1;51.0;0.0
53;2021-07-24;919;477;0;187531;156363;1;61.4;51.2;0.0
53;2021-07-25;103;78;0;187634;156441;1;61.4;51.2;0.0
53;2021-07-26;1645;1959;0;189279;158400;1;62.0;51.9;0.0
53;2021-07-27;2268;2680;0;191547;161080;1;62.7;52.7;0.0
53;2021-07-28;2040;2645;0;193587;163725;1;63.4;53.6;0.0
53;2021-07-29;2366;2392;0;195953;166117;1;64.2;54.4;0.0
53;2021-07-30;1870;2491;0;197823;168608;1;64.8;55.2;0.0
53;2021-07-31;741;400;0;198564;169008;1;65.0;55.3;0.0
53;2021-08-01;131;61;0;198695;169069;1;65.1;55.4;0.0
53;2021-08-02;1916;1710;0;200611;170779;1;65.7;55.9;0.0
53;2021-08-03;2295;1913;0;202906;172692;1;66.4;56.6;0.0
53;2021-08-04;2457;1741;0;205363;174433;1;67.3;57.1;0.0
53;2021-08-05;2616;1430;0;207979;175863;1;68.1;57.6;0.0
53;2021-08-06;2301;1688;0;210280;177551;1;68.9;58.1;0.0
53;2021-08-07;572;344;0;210852;177895;1;69.0;58.3;0.0
53;2021-08-08;81;79;0;210933;177974;1;69.1;58.3;0.0
53;2021-08-09;1721;1600;0;212654;179574;1;69.6;58.8;0.0
53;2021-08-10;2215;1684;0;214869;181258;1;70.4;59.4;0.0
53;2021-08-11;1679;958;0;216548;182216;1;70.9;59.7;0.0
53;2021-08-12;1877;1051;0;218425;183267;1;71.5;60.0;0.0
53;2021-08-13;1867;1295;0;220292;184562;1;72.1;60.4;0.0
53;2021-08-14;180;256;0;220472;184818;1;72.2;60.5;0.0
53;2021-08-15;26;20;0;220498;184838;1;72.2;60.5;0.0
53;2021-08-16;1253;1648;0;221751;186486;1;72.6;61.1;0.0
53;2021-08-17;1462;1668;0;223213;188154;1;73.1;61.6;0.0
53;2021-08-18;1450;1615;0;224663;189769;1;73.6;62.1;0.0
53;2021-08-19;1300;1817;0;225963;191586;1;74.0;62.7;0.0
53;2021-08-20;1068;2043;0;227031;193629;1;74.3;63.4;0.0
53;2021-08-21;208;471;0;227239;194100;1;74.4;63.6;0.0
53;2021-08-22;24;72;0;227263;194172;1;74.4;63.6;0.0
53;2021-08-23;828;1925;0;228091;196097;1;74.7;64.2;0.0
53;2021-08-24;919;2147;0;229010;198244;1;75.0;64.9;0.0
53;2021-08-25;877;2137;0;229887;200381;1;75.3;65.6;0.0
53;2021-08-26;612;2373;0;230499;202754;1;75.5;66.4;0.0
53;2021-08-27;740;2466;0;231239;205220;1;75.7;67.2;0.0
53;2021-08-28;121;407;0;231360;205627;1;75.8;67.3;0.0
53;2021-08-29;15;80;0;231375;205707;1;75.8;67.4;0.0
53;2021-08-30;593;2053;25;231968;207760;26;76.0;68.0;0.0
53;2021-08-31;744;2650;63;232712;210410;89;76.2;68.9;0.0
53;2021-09-01;395;1580;95;233107;211990;184;76.3;69.4;0.1
53;2021-09-02;435;1579;115;233542;213569;299;76.5;69.9;0.1
53;2021-09-03;456;2171;160;233998;215740;459;76.6;70.6;0.2
53;2021-09-04;160;415;33;234158;216155;492;76.7;70.8;0.2
53;2021-09-05;8;34;2;234166;216189;494;76.7;70.8;0.2
53;2021-09-06;309;1387;192;234475;217576;686;76.8;71.3;0.2
53;2021-09-07;287;1633;164;234762;219209;850;76.9;71.8;0.3
53;2021-09-08;425;1906;162;235187;221115;1012;77.0;72.4;0.3
53;2021-09-09;255;1316;116;235442;222431;1128;77.1;72.8;0.4
53;2021-09-10;383;1660;232;235825;224091;1360;77.2;73.4;0.4
53;2021-09-11;82;282;40;235907;224373;1400;77.3;73.5;0.5
53;2021-09-12;1;14;1;235908;224387;1401;77.3;73.5;0.5
53;2021-09-13;255;955;227;236163;225342;1628;77.3;73.8;0.5
53;2021-09-14;232;822;185;236395;226164;1813;77.4;74.1;0.6
53;2021-09-15;357;1077;342;236752;227241;2155;77.5;74.4;0.7
53;2021-09-16;300;409;283;237052;227650;2438;77.6;74.6;0.8
53;2021-09-17;399;963;310;237451;228613;2748;77.8;74.9;0.9
53;2021-09-18;73;207;30;237524;228820;2778;77.8;74.9;0.9
53;2021-09-19;12;15;0;237536;228835;2778;77.8;74.9;0.9
53;2021-09-20;145;390;173;237681;229225;2951;77.8;75.1;1.0
53;2021-09-21;228;619;244;237909;229844;3195;77.9;75.3;1.0
53;2021-09-22;199;700;229;238108;230544;3424;78.0;75.5;1.1
53;2021-09-23;138;374;663;238246;230918;4087;78.0;75.6;1.3
53;2021-09-24;207;648;256;238453;231566;4343;78.1;75.8;1.4
53;2021-09-25;47;155;45;238500;231721;4388;78.1;75.9;1.4
53;2021-09-26;0;4;0;238500;231725;4388;78.1;75.9;1.4
53;2021-09-27;156;380;307;238656;232105;4695;78.2;76.0;1.5
53;2021-09-28;172;303;323;238828;232408;5018;78.2;76.1;1.6
53;2021-09-29;163;503;299;238991;232911;5317;78.3;76.3;1.7
53;2021-09-30;98;220;267;239089;233131;5584;78.3;76.3;1.8
53;2021-10-01;257;588;398;239346;233719;5982;78.4;76.5;2.0
53;2021-10-02;55;114;31;239401;233833;6013;78.4;76.6;2.0
53;2021-10-03;5;8;4;239406;233841;6017;78.4;76.6;2.0
53;2021-10-04;135;276;459;239541;234117;6476;78.4;76.7;2.1
53;2021-10-05;116;216;472;239657;234333;6948;78.5;76.7;2.3
53;2021-10-06;194;366;421;239851;234699;7369;78.5;76.9;2.4
53;2021-10-07;89;295;154;239940;234994;7523;78.6;77.0;2.5
53;2021-10-08;238;494;570;240178;235488;8093;78.7;77.1;2.7
53;2021-10-09;41;73;21;240219;235561;8114;78.7;77.1;2.7
53;2021-10-10;1;2;1;240220;235563;8115;78.7;77.1;2.7
53;2021-10-11;111;172;483;240331;235735;8598;78.7;77.2;2.8
53;2021-10-12;103;221;472;240434;235956;9070;78.7;77.3;3.0
53;2021-10-13;121;235;471;240555;236191;9541;78.8;77.3;3.1
53;2021-10-14;82;129;267;240637;236320;9808;78.8;77.4;3.2
53;2021-10-15;214;350;754;240851;236670;10562;78.9;77.5;3.5
53;2021-10-16;42;68;35;240893;236738;10597;78.9;77.5;3.5
53;2021-10-17;1;2;0;240894;236740;10597;78.9;77.5;3.5
53;2021-10-18;160;203;603;241054;236943;11200;78.9;77.6;3.7
53;2021-10-19;75;193;520;241129;237136;11720;79.0;77.7;3.8
53;2021-10-20;68;149;594;241197;237285;12314;79.0;77.7;4.0
53;2021-10-21;24;83;349;241221;237368;12663;79.0;77.7;4.1
53;2021-10-22;72;292;696;241293;237660;13359;79.0;77.8;4.4
53;2021-10-23;15;49;53;241308;237709;13412;79.0;77.8;4.4
53;2021-10-24;2;2;0;241310;237711;13412;79.0;77.8;4.4
53;2021-10-25;54;120;623;241364;237831;14035;79.0;77.9;4.6
53;2021-10-26;47;94;594;241411;237925;14629;79.1;77.9;4.8
53;2021-10-27;69;149;810;241480;238074;15439;79.1;78.0;5.1
53;2021-10-28;32;66;524;241512;238140;15963;79.1;78.0;5.2
53;2021-10-29;69;247;828;241581;238387;16791;79.1;78.1;5.5
53;2021-10-30;12;32;70;241593;238419;16861;79.1;78.1;5.5
53;2021-10-31;0;2;0;241593;238421;16861;79.1;78.1;5.5
53;2021-11-01;0;2;5;241593;238423;16866;79.1;78.1;5.5
53;2021-11-02;65;150;878;241658;238573;17744;79.1;78.1;5.8
53;2021-11-03;75;132;701;241733;238705;18445;79.2;78.2;6.0
53;2021-11-04;42;95;679;241775;238800;19124;79.2;78.2;6.3
53;2021-11-05;82;217;956;241857;239017;20080;79.2;78.3;6.6
53;2021-11-06;12;49;98;241869;239066;20178;79.2;78.3;6.6
53;2021-11-07;0;1;11;241869;239067;20189;79.2;78.3;6.6
53;2021-11-08;31;147;906;241900;239214;21095;79.2;78.3;6.9
53;2021-11-09;45;124;1132;241945;239338;22227;79.2;78.4;7.3
53;2021-11-10;78;113;1067;242023;239451;23294;79.3;78.4;7.6
53;2021-11-11;3;1;29;242026;239452;23323;79.3;78.4;7.6
53;2021-11-12;35;44;555;242061;239496;23878;79.3;78.4;7.8
53;2021-11-13;11;32;131;242072;239528;24009;79.3;78.4;7.9
53;2021-11-14;0;2;6;242072;239530;24015;79.3;78.4;7.9
53;2021-11-15;45;67;1182;242117;239597;25197;79.3;78.5;8.3
53;2021-11-16;30;58;792;242147;239655;25989;79.3;78.5;8.5
53;2021-11-17;60;66;1082;242207;239721;27071;79.3;78.5;8.9
53;2021-11-18;38;63;1112;242245;239784;28183;79.3;78.5;9.2
53;2021-11-19;82;113;1464;242327;239897;29647;79.4;78.6;9.7
53;2021-11-20;15;18;127;242342;239915;29774;79.4;78.6;9.8
53;2021-11-21;2;0;8;242344;239915;29782;79.4;78.6;9.8
53;2021-11-22;45;25;1198;242389;239940;30980;79.4;78.6;10.1
53;2021-11-23;39;35;1107;242428;239975;32087;79.4;78.6;10.5
53;2021-11-24;79;104;1157;242507;240079;33244;79.4;78.6;10.9
53;2021-11-25;49;54;1234;242556;240133;34478;79.4;78.6;11.3
53;2021-11-26;115;97;2381;242671;240230;36859;79.5;78.7;12.1
53;2021-11-27;15;24;280;242686;240254;37139;79.5;78.7;12.2
53;2021-11-28;3;1;61;242689;240255;37200;79.5;78.7;12.2
53;2021-11-29;51;56;2460;242740;240311;39660;79.5;78.7;13.0
53;2021-11-30;35;50;2096;242775;240361;41756;79.5;78.7;13.7
53;2021-12-01;65;79;2490;242840;240440;44246;79.5;78.7;14.5
53;2021-12-02;35;19;2131;242875;240459;46377;79.5;78.7;15.2
53;2021-12-03;63;80;3571;242938;240539;49948;79.6;78.8;16.4
53;2021-12-04;28;24;1111;242966;240563;51059;79.6;78.8;16.7
53;2021-12-05;0;3;77;242966;240566;51136;79.6;78.8;16.7
53;2021-12-06;32;45;3284;242998;240611;54420;79.6;78.8;17.8
53;2021-12-07;44;35;3233;243042;240646;57653;79.6;78.8;18.9
53;2021-12-08;43;83;2837;243085;240729;60490;79.6;78.8;19.8
53;2021-12-09;50;36;4282;243135;240765;64772;79.6;78.8;21.2
54;2020-12-27;0;0;0;0;0;0;0.0;0.0;0.0
54;2020-12-28;3;0;0;3;0;0;0.0;0.0;0.0
54;2020-12-29;0;0;0;3;0;0;0.0;0.0;0.0
54;2020-12-30;2;0;0;5;0;0;0.0;0.0;0.0
54;2020-12-31;9;0;0;14;0;0;0.0;0.0;0.0
54;2021-01-01;1;0;0;15;0;0;0.0;0.0;0.0
54;2021-01-02;0;0;0;15;0;0;0.0;0.0;0.0
54;2021-01-03;2;0;0;17;0;0;0.0;0.0;0.0
54;2021-01-04;156;0;0;173;0;0;0.0;0.0;0.0
54;2021-01-05;387;1;0;560;1;0;0.1;0.0;0.0
54;2021-01-06;621;1;0;1181;2;0;0.2;0.0;0.0
54;2021-01-07;796;2;0;1977;4;0;0.3;0.0;0.0
54;2021-01-08;691;3;0;2668;7;0;0.4;0.0;0.0
54;2021-01-09;109;0;0;2777;7;0;0.4;0.0;0.0
54;2021-01-10;72;0;0;2849;7;0;0.4;0.0;0.0
54;2021-01-11;950;3;0;3799;10;0;0.5;0.0;0.0
54;2021-01-12;1165;2;0;4964;12;0;0.7;0.0;0.0
54;2021-01-13;2397;7;0;7361;19;0;1.0;0.0;0.0
54;2021-01-14;3261;26;0;10622;45;0;1.5;0.0;0.0
54;2021-01-15;2613;20;0;13235;65;0;1.8;0.0;0.0
54;2021-01-16;813;4;0;14048;69;0;1.9;0.0;0.0
54;2021-01-17;218;0;0;14266;69;0;2.0;0.0;0.0
54;2021-01-18;1573;6;0;15839;75;0;2.2;0.0;0.0
54;2021-01-19;1675;2;0;17514;77;0;2.4;0.0;0.0
54;2021-01-20;1573;5;0;19087;82;0;2.6;0.0;0.0
54;2021-01-21;1452;4;0;20539;86;0;2.8;0.0;0.0
54;2021-01-22;1139;8;0;21678;94;0;3.0;0.0;0.0
54;2021-01-23;479;1;0;22157;95;0;3.0;0.0;0.0
54;2021-01-24;76;0;0;22233;95;0;3.0;0.0;0.0
54;2021-01-25;973;41;0;23206;136;0;3.2;0.0;0.0
54;2021-01-26;223;18;0;23429;154;0;3.2;0.0;0.0
54;2021-01-27;94;175;0;23523;329;0;3.2;0.0;0.0
54;2021-01-28;115;245;0;23638;574;0;3.2;0.1;0.0
54;2021-01-29;60;287;0;23698;861;0;3.2;0.1;0.0
54;2021-01-30;30;14;0;23728;875;0;3.2;0.1;0.0
54;2021-01-31;2;0;0;23730;875;0;3.2;0.1;0.0
54;2021-02-01;45;783;0;23775;1658;0;3.3;0.2;0.0
54;2021-02-02;73;960;0;23848;2618;0;3.3;0.4;0.0
54;2021-02-03;393;1495;0;24241;4113;0;3.3;0.6;0.0
54;2021-02-04;728;2369;0;24969;6482;0;3.4;0.9;0.0
54;2021-02-05;773;1798;0;25742;8280;0;3.5;1.1;0.0
54;2021-02-06;223;349;0;25965;8629;0;3.6;1.2;0.0
54;2021-02-07;5;129;0;25970;8758;0;3.6;1.2;0.0
54;2021-02-08;169;1030;0;26139;9788;0;3.6;1.3;0.0
54;2021-02-09;360;1074;0;26499;10862;0;3.6;1.5;0.0
54;2021-02-10;403;822;0;26902;11684;0;3.7;1.6;0.0
54;2021-02-11;370;894;0;27272;12578;0;3.7;1.7;0.0
54;2021-02-12;512;1300;0;27784;13878;0;3.8;1.9;0.0
54;2021-02-13;174;240;0;27958;14118;0;3.8;1.9;0.0
54;2021-02-14;32;24;0;27990;14142;0;3.8;1.9;0.0
54;2021-02-15;433;1146;0;28423;15288;0;3.9;2.1;0.0
54;2021-02-16;447;1217;0;28870;16505;0;4.0;2.3;0.0
54;2021-02-17;569;1002;0;29439;17507;0;4.0;2.4;0.0
54;2021-02-18;623;848;0;30062;18355;0;4.1;2.5;0.0
54;2021-02-19;556;760;0;30618;19115;0;4.2;2.6;0.0
54;2021-02-20;73;302;0;30691;19417;0;4.2;2.7;0.0
54;2021-02-21;5;25;0;30696;19442;0;4.2;2.7;0.0
54;2021-02-22;538;660;0;31234;20102;0;4.3;2.8;0.0
54;2021-02-23;827;552;0;32061;20654;0;4.4;2.8;0.0
54;2021-02-24;828;396;0;32889;21050;0;4.5;2.9;0.0
54;2021-02-25;1540;721;0;34429;21771;0;4.7;3.0;0.0
54;2021-02-26;1930;767;0;36359;22538;0;5.0;3.1;0.0
54;2021-02-27;898;132;0;37257;22670;0;5.1;3.1;0.0
54;2021-02-28;106;31;0;37363;22701;0;5.1;3.1;0.0
54;2021-03-01;696;244;0;38059;22945;0;5.2;3.1;0.0
54;2021-03-02;1573;222;0;39632;23167;0;5.4;3.2;0.0
54;2021-03-03;1812;115;0;41444;23282;0;5.7;3.2;0.0
54;2021-03-04;2109;168;0;43553;23450;0;6.0;3.2;0.0
54;2021-03-05;2933;200;0;46486;23650;0;6.4;3.2;0.0
54;2021-03-06;4304;136;0;50790;23786;0;7.0;3.3;0.0
54;2021-03-07;2827;81;0;53617;23867;0;7.3;3.3;0.0
54;2021-03-08;1341;118;0;54958;23985;0;7.5;3.3;0.0
54;2021-03-09;2687;162;0;57645;24147;0;7.9;3.3;0.0
54;2021-03-10;3180;150;0;60825;24297;0;8.3;3.3;0.0
54;2021-03-11;3405;166;0;64230;24463;0;8.8;3.3;0.0
54;2021-03-12;5012;238;0;69242;24701;0;9.5;3.4;0.0
54;2021-03-13;4255;157;0;73497;24858;0;10.1;3.4;0.0
54;2021-03-14;560;50;0;74057;24908;0;10.1;3.4;0.0
54;2021-03-15;1695;135;0;75752;25043;0;10.4;3.4;0.0
54;2021-03-16;1788;224;0;77540;25267;0;10.6;3.5;0.0
54;2021-03-17;2001;209;0;79541;25476;0;10.9;3.5;0.0
54;2021-03-18;2042;236;0;81583;25712;0;11.2;3.5;0.0
54;2021-03-19;3336;320;0;84919;26032;0;11.6;3.6;0.0
54;2021-03-20;2393;99;0;87312;26131;0;12.0;3.6;0.0
54;2021-03-21;318;19;0;87630;26150;0;12.0;3.6;0.0
54;2021-03-22;1198;378;0;88828;26528;0;12.2;3.6;0.0
54;2021-03-23;2005;645;0;90833;27173;0;12.4;3.7;0.0
54;2021-03-24;2214;748;0;93047;27921;0;12.7;3.8;0.0
54;2021-03-25;3287;799;0;96334;28720;0;13.2;3.9;0.0
54;2021-03-26;3646;890;0;99980;29610;0;13.7;4.1;0.0
54;2021-03-27;2305;433;0;102285;30043;0;14.0;4.1;0.0
54;2021-03-28;264;109;0;102549;30152;0;14.0;4.1;0.0
54;2021-03-29;1696;455;0;104245;30607;0;14.3;4.2;0.0
54;2021-03-30;2565;1114;0;106810;31721;0;14.6;4.3;0.0
54;2021-03-31;2576;1209;0;109386;32930;0;15.0;4.5;0.0
54;2021-04-01;3108;1358;0;112494;34288;0;15.4;4.7;0.0
54;2021-04-02;2939;1796;0;115433;36084;0;15.8;4.9;0.0
54;2021-04-03;1344;1446;0;116777;37530;0;16.0;5.1;0.0
54;2021-04-04;145;425;0;116922;37955;0;16.0;5.2;0.0
54;2021-04-05;239;566;0;117161;38521;0;16.0;5.3;0.0
54;2021-04-06;1389;1705;0;118550;40226;0;16.2;5.5;0.0
54;2021-04-07;1191;2342;0;119741;42568;0;16.4;5.8;0.0
54;2021-04-08;2604;2496;0;122345;45064;0;16.8;6.2;0.0
54;2021-04-09;4352;3089;0;126697;48153;0;17.3;6.6;0.0
54;2021-04-10;3195;1850;0;129892;50003;0;17.8;6.8;0.0
54;2021-04-11;203;985;0;130095;50988;0;17.8;7.0;0.0
54;2021-04-12;2312;1565;0;132407;52553;0;18.1;7.2;0.0
54;2021-04-13;3120;1964;0;135527;54517;0;18.6;7.5;0.0
54;2021-04-14;3391;1882;0;138918;56399;0;19.0;7.7;0.0
54;2021-04-15;3074;2343;0;141992;58742;0;19.4;8.0;0.0
54;2021-04-16;3189;2692;0;145181;61434;0;19.9;8.4;0.0
54;2021-04-17;3294;1540;0;148475;62974;0;20.3;8.6;0.0
54;2021-04-18;185;273;0;148660;63247;0;20.4;8.7;0.0
54;2021-04-19;2528;1132;0;151188;64379;0;20.7;8.8;0.0
54;2021-04-20;3067;1331;0;154255;65710;0;21.1;9.0;0.0
54;2021-04-21;3794;1602;0;158049;67312;0;21.6;9.2;0.0
54;2021-04-22;3580;2356;0;161629;69668;0;22.1;9.5;0.0
54;2021-04-23;3765;2194;0;165394;71862;0;22.6;9.8;0.0
54;2021-04-24;2263;994;0;167657;72856;0;23.0;10.0;0.0
54;2021-04-25;289;276;0;167946;73132;0;23.0;10.0;0.0
54;2021-04-26;2285;1376;0;170231;74508;0;23.3;10.2;0.0
54;2021-04-27;3161;1401;0;173392;75909;0;23.7;10.4;0.0
54;2021-04-28;2696;1944;0;176088;77853;0;24.1;10.7;0.0
54;2021-04-29;3703;2117;0;179791;79970;0;24.6;10.9;0.0
54;2021-04-30;4481;2071;0;184272;82041;0;25.2;11.2;0.0
54;2021-05-01;2187;799;0;186459;82840;0;25.5;11.3;0.0
54;2021-05-02;276;89;0;186735;82929;0;25.6;11.4;0.0
54;2021-05-03;3054;1092;0;189789;84021;0;26.0;11.5;0.0
54;2021-05-04;3503;1641;0;193292;85662;0;26.5;11.7;0.0
54;2021-05-05;4814;1693;0;198106;87355;0;27.1;12.0;0.0
54;2021-05-06;4528;2877;0;202634;90232;0;27.7;12.4;0.0
54;2021-05-07;5001;3507;0;207635;93739;0;28.4;12.8;0.0
54;2021-05-08;2073;671;0;209708;94410;0;28.7;12.9;0.0
54;2021-05-09;500;184;0;210208;94594;0;28.8;13.0;0.0
54;2021-05-10;3177;2360;0;213385;96954;0;29.2;13.3;0.0
54;2021-05-11;5420;3114;0;218805;100068;0;30.0;13.7;0.0
54;2021-05-12;4201;3506;0;223006;103574;0;30.5;14.2;0.0
54;2021-05-13;2724;515;0;225730;104089;0;30.9;14.3;0.0
54;2021-05-14;6803;2079;0;232533;106168;0;31.8;14.5;0.0
54;2021-05-15;5332;1314;0;237865;107482;0;32.6;14.7;0.0
54;2021-05-16;1066;117;0;238931;107599;0;32.7;14.7;0.0
54;2021-05-17;3714;904;0;242645;108503;0;33.2;14.9;0.0
54;2021-05-18;3407;1225;0;246052;109728;0;33.7;15.0;0.0
54;2021-05-19;3648;1552;0;249700;111280;0;34.2;15.2;0.0
54;2021-05-20;4484;1676;0;254184;112956;0;34.8;15.5;0.0
54;2021-05-21;6438;2545;0;260622;115501;0;35.7;15.8;0.0
54;2021-05-22;5222;1380;0;265844;116881;0;36.4;16.0;0.0
54;2021-05-23;516;89;0;266360;116970;0;36.5;16.0;0.0
54;2021-05-24;1425;350;0;267785;117320;0;36.7;16.1;0.0
54;2021-05-25;4055;1628;0;271840;118948;0;37.2;16.3;0.0
54;2021-05-26;3433;2266;0;275273;121214;0;37.7;16.6;0.0
54;2021-05-27;3860;2457;0;279133;123671;0;38.2;16.9;0.0
54;2021-05-28;4917;3667;0;284050;127338;0;38.9;17.4;0.0
54;2021-05-29;3793;3906;0;287843;131244;0;39.4;18.0;0.0
54;2021-05-30;201;147;0;288044;131391;0;39.4;18.0;0.0
54;2021-05-31;2910;3071;0;290954;134462;0;39.8;18.4;0.0
54;2021-06-01;2906;4177;0;293860;138639;0;40.2;19.0;0.0
54;2021-06-02;2513;3799;0;296373;142438;0;40.6;19.5;0.0
54;2021-06-03;3151;5196;0;299524;147634;0;41.0;20.2;0.0
54;2021-06-04;5209;5354;0;304733;152988;0;41.7;20.9;0.0
54;2021-06-05;2587;3210;0;307320;156198;0;42.1;21.4;0.0
54;2021-06-06;192;259;0;307512;156457;0;42.1;21.4;0.0
54;2021-06-07;3616;2872;0;311128;159329;0;42.6;21.8;0.0
54;2021-06-08;4495;4123;0;315623;163452;0;43.2;22.4;0.0
54;2021-06-09;5767;3142;0;321390;166594;0;44.0;22.8;0.0
54;2021-06-10;5162;4365;0;326552;170959;0;44.7;23.4;0.0
54;2021-06-11;4864;4926;0;331416;175885;0;45.4;24.1;0.0
54;2021-06-12;3958;3118;0;335374;179003;0;45.9;24.5;0.0
54;2021-06-13;141;252;0;335515;179255;0;45.9;24.5;0.0
54;2021-06-14;2342;3632;0;337857;182887;0;46.3;25.0;0.0
54;2021-06-15;2939;4805;0;340796;187692;0;46.7;25.7;0.0
54;2021-06-16;3352;5596;0;344148;193288;0;47.1;26.5;0.0
54;2021-06-17;3103;5278;0;347251;198566;0;47.5;27.2;0.0
54;2021-06-18;3982;6233;0;351233;204799;0;48.1;28.0;0.0
54;2021-06-19;2625;3106;0;353858;207905;0;48.4;28.5;0.0
54;2021-06-20;124;336;0;353982;208241;0;48.5;28.5;0.0
54;2021-06-21;2339;4702;0;356321;212943;0;48.8;29.2;0.0
54;2021-06-22;1948;6176;0;358269;219119;0;49.1;30.0;0.0
54;2021-06-23;2193;5546;0;360462;224665;0;49.4;30.8;0.0
54;2021-06-24;1959;3478;0;362421;228143;0;49.6;31.2;0.0
54;2021-06-25;2184;7083;0;364605;235226;0;49.9;32.2;0.0
54;2021-06-26;2241;5507;0;366846;240733;0;50.2;33.0;0.0
54;2021-06-27;190;727;0;367036;241460;0;50.3;33.1;0.0
54;2021-06-28;1768;4326;0;368804;245786;0;50.5;33.7;0.0
54;2021-06-29;1803;5217;0;370607;251003;0;50.7;34.4;0.0
54;2021-06-30;1922;5153;1;372529;256156;1;51.0;35.1;0.0
54;2021-07-01;2118;5717;0;374647;261873;1;51.3;35.9;0.0
54;2021-07-02;2772;7256;0;377419;269129;1;51.7;36.8;0.0
54;2021-07-03;2624;4007;0;380043;273136;1;52.0;37.4;0.0
54;2021-07-04;209;546;0;380252;273682;1;52.1;37.5;0.0
54;2021-07-05;1537;4161;0;381789;277843;1;52.3;38.0;0.0
54;2021-07-06;1937;5038;0;383726;282881;1;52.5;38.7;0.0
54;2021-07-07;1877;4741;0;385603;287622;1;52.8;39.4;0.0
54;2021-07-08;1647;3976;0;387250;291598;1;53.0;39.9;0.0
54;2021-07-09;3052;6134;0;390302;297732;1;53.4;40.8;0.0
54;2021-07-10;2393;4271;0;392695;302003;1;53.8;41.3;0.0
54;2021-07-11;57;164;0;392752;302167;1;53.8;41.4;0.0
54;2021-07-12;2070;4765;0;394822;306932;1;54.1;42.0;0.0
54;2021-07-13;2720;5187;0;397542;312119;1;54.4;42.7;0.0
54;2021-07-14;1564;1536;0;399106;313655;1;54.6;42.9;0.0
54;2021-07-15;3219;5097;0;402325;318752;1;55.1;43.6;0.0
54;2021-07-16;4642;6537;0;406967;325289;1;55.7;44.5;0.0
54;2021-07-17;4062;4722;0;411029;330011;1;56.3;45.2;0.0
54;2021-07-18;1567;1582;0;412596;331593;1;56.5;45.4;0.0
54;2021-07-19;2600;4178;0;415196;335771;1;56.8;46.0;0.0
54;2021-07-20;3173;4854;0;418369;340625;1;57.3;46.6;0.0
54;2021-07-21;3508;6220;0;421877;346845;1;57.8;47.5;0.0
54;2021-07-22;3657;5582;0;425534;352427;1;58.3;48.3;0.0
54;2021-07-23;4269;6825;0;429803;359252;1;58.8;49.2;0.0
54;2021-07-24;2905;5059;0;432708;364311;1;59.2;49.9;0.0
54;2021-07-25;216;139;0;432924;364450;1;59.3;49.9;0.0
54;2021-07-26;3011;4102;0;435935;368552;1;59.7;50.5;0.0
54;2021-07-27;3985;4028;0;439920;372580;1;60.2;51.0;0.0
54;2021-07-28;5225;3836;0;445145;376416;1;60.9;51.5;0.0
54;2021-07-29;5160;3148;0;450305;379564;1;61.7;52.0;0.0
54;2021-07-30;5006;4750;0;455311;384314;1;62.3;52.6;0.0
54;2021-07-31;4225;3076;0;459536;387390;1;62.9;53.0;0.0
54;2021-08-01;368;141;0;459904;387531;1;63.0;53.1;0.0
54;2021-08-02;3028;3609;0;462932;391140;1;63.4;53.6;0.0
54;2021-08-03;4194;2951;0;467126;394091;1;64.0;54.0;0.0
54;2021-08-04;4411;2703;0;471537;396794;1;64.6;54.3;0.0
54;2021-08-05;4580;2465;0;476117;399259;1;65.2;54.7;0.0
54;2021-08-06;5302;4042;0;481419;403301;1;65.9;55.2;0.0
54;2021-08-07;3570;2903;0;484989;406204;1;66.4;55.6;0.0
54;2021-08-08;327;208;0;485316;406412;1;66.4;55.6;0.0
54;2021-08-09;2806;2727;0;488122;409139;1;66.8;56.0;0.0
54;2021-08-10;2482;3838;0;490604;412977;1;67.2;56.5;0.0
54;2021-08-11;2276;2759;0;492880;415736;1;67.5;56.9;0.0
54;2021-08-12;2103;3181;0;494983;418917;1;67.8;57.4;0.0
54;2021-08-13;2468;4404;0;497451;423321;1;68.1;58.0;0.0
54;2021-08-14;1322;2163;0;498773;425484;1;68.3;58.3;0.0
54;2021-08-15;80;111;0;498853;425595;1;68.3;58.3;0.0
54;2021-08-16;1684;3342;0;500537;428937;1;68.5;58.7;0.0
54;2021-08-17;1887;3481;0;502424;432418;1;68.8;59.2;0.0
54;2021-08-18;1462;4099;0;503886;436517;1;69.0;59.8;0.0
54;2021-08-19;1217;2920;0;505103;439437;1;69.2;60.2;0.0
54;2021-08-20;1672;4837;0;506775;444274;1;69.4;60.8;0.0
54;2021-08-21;1324;3878;0;508099;448152;1;69.6;61.4;0.0
54;2021-08-22;68;92;0;508167;448244;1;69.6;61.4;0.0
54;2021-08-23;1141;3709;0;509308;451953;1;69.7;61.9;0.0
54;2021-08-24;1118;3356;0;510426;455309;1;69.9;62.3;0.0
54;2021-08-25;1305;4342;0;511731;459651;1;70.1;62.9;0.0
54;2021-08-26;981;3151;0;512712;462802;1;70.2;63.4;0.0
54;2021-08-27;1452;5170;0;514164;467972;1;70.4;64.1;0.0
54;2021-08-28;1065;4092;0;515229;472064;1;70.5;64.6;0.0
54;2021-08-29;46;151;0;515275;472215;1;70.5;64.7;0.0
54;2021-08-30;1115;3879;83;516390;476094;84;70.7;65.2;0.0
54;2021-08-31;969;4213;252;517359;480307;336;70.8;65.8;0.0
54;2021-09-01;1159;3270;374;518518;483577;710;71.0;66.2;0.1
54;2021-09-02;739;1974;228;519257;485551;938;71.1;66.5;0.1
54;2021-09-03;948;2916;293;520205;488467;1231;71.2;66.9;0.2
54;2021-09-04;1002;2835;307;521207;491302;1538;71.4;67.3;0.2
54;2021-09-05;41;67;13;521248;491369;1551;71.4;67.3;0.2
54;2021-09-06;513;1290;173;521761;492659;1724;71.4;67.5;0.2
54;2021-09-07;551;1454;184;522312;494113;1908;71.5;67.6;0.3
54;2021-09-08;635;1591;296;522947;495704;2204;71.6;67.9;0.3
54;2021-09-09;898;1659;429;523845;497363;2633;71.7;68.1;0.4
54;2021-09-10;939;2199;502;524784;499562;3135;71.8;68.4;0.4
54;2021-09-11;691;2322;180;525475;501884;3315;71.9;68.7;0.5
54;2021-09-12;79;118;31;525554;502002;3346;72.0;68.7;0.5
54;2021-09-13;653;909;394;526207;502911;3740;72.0;68.9;0.5
54;2021-09-14;636;938;613;526843;503849;4353;72.1;69.0;0.6
54;2021-09-15;624;1640;933;527467;505489;5286;72.2;69.2;0.7
54;2021-09-16;622;671;459;528089;506160;5745;72.3;69.3;0.8
54;2021-09-17;828;1427;594;528917;507587;6339;72.4;69.5;0.9
54;2021-09-18;438;1300;212;529355;508887;6551;72.5;69.7;0.9
54;2021-09-19;29;52;24;529384;508939;6575;72.5;69.7;0.9
54;2021-09-20;372;631;366;529756;509570;6941;72.5;69.8;1.0
54;2021-09-21;432;870;502;530188;510440;7443;72.6;69.9;1.0
54;2021-09-22;414;1075;640;530602;511515;8083;72.6;70.0;1.1
54;2021-09-23;323;793;603;530925;512308;8686;72.7;70.1;1.2
54;2021-09-24;515;1106;625;531440;513414;9311;72.8;70.3;1.3
54;2021-09-25;331;1026;223;531771;514440;9534;72.8;70.4;1.3
54;2021-09-26;13;41;8;531784;514481;9542;72.8;70.4;1.3
54;2021-09-27;228;677;493;532012;515158;10035;72.8;70.5;1.4
54;2021-09-28;296;569;661;532308;515727;10696;72.9;70.6;1.5
54;2021-09-29;388;775;796;532696;516502;11492;72.9;70.7;1.6
54;2021-09-30;217;454;619;532913;516956;12111;73.0;70.8;1.7
54;2021-10-01;565;943;1027;533478;517899;13138;73.0;70.9;1.8
54;2021-10-02;354;883;445;533832;518782;13583;73.1;71.0;1.9
54;2021-10-03;12;23;11;533844;518805;13594;73.1;71.0;1.9
54;2021-10-04;261;503;444;534105;519308;14038;73.1;71.1;1.9
54;2021-10-05;290;862;732;534395;520170;14770;73.2;71.2;2.0
54;2021-10-06;374;758;818;534769;520928;15588;73.2;71.3;2.1
54;2021-10-07;251;637;963;535020;521565;16551;73.3;71.4;2.3
54;2021-10-08;409;867;1321;535429;522432;17872;73.3;71.5;2.4
54;2021-10-09;365;637;631;535794;523069;18503;73.4;71.6;2.5
54;2021-10-10;17;26;32;535811;523095;18535;73.4;71.6;2.5
54;2021-10-11;256;408;840;536067;523503;19375;73.4;71.7;2.7
54;2021-10-12;240;572;988;536307;524075;20363;73.4;71.8;2.8
54;2021-10-13;332;509;1290;536639;524584;21653;73.5;71.8;3.0
54;2021-10-14;262;520;740;536901;525104;22393;73.5;71.9;3.1
54;2021-10-15;418;638;1463;537319;525742;23856;73.6;72.0;3.3
54;2021-10-16;378;521;747;537697;526263;24603;73.6;72.1;3.4
54;2021-10-17;9;19;12;537706;526282;24615;73.6;72.1;3.4
54;2021-10-18;250;393;677;537956;526675;25292;73.7;72.1;3.5
54;2021-10-19;233;325;1096;538189;527000;26388;73.7;72.2;3.6
54;2021-10-20;318;451;1367;538507;527451;27755;73.7;72.2;3.8
54;2021-10-21;137;257;822;538644;527708;28577;73.7;72.2;3.9
54;2021-10-22;366;566;1583;539010;528274;30160;73.8;72.3;4.1
54;2021-10-23;297;415;663;539307;528689;30823;73.8;72.4;4.2
54;2021-10-24;9;5;1;539316;528694;30824;73.8;72.4;4.2
54;2021-10-25;220;266;864;539536;528960;31688;73.9;72.4;4.3
54;2021-10-26;157;201;1019;539693;529161;32707;73.9;72.4;4.5
54;2021-10-27;284;371;1478;539977;529532;34185;73.9;72.5;4.7
54;2021-10-28;140;195;897;540117;529727;35082;73.9;72.5;4.8
54;2021-10-29;266;419;1774;540383;530146;36856;74.0;72.6;5.0
54;2021-10-30;250;365;1073;540633;530511;37929;74.0;72.6;5.2
54;2021-10-31;5;19;14;540638;530530;37943;74.0;72.6;5.2
54;2021-11-01;57;37;113;540695;530567;38056;74.0;72.6;5.2
54;2021-11-02;183;322;974;540878;530889;39030;74.1;72.7;5.3
54;2021-11-03;319;455;1632;541197;531344;40662;74.1;72.7;5.6
54;2021-11-04;185;244;1067;541382;531588;41729;74.1;72.8;5.7
54;2021-11-05;298;437;1951;541680;532025;43680;74.2;72.8;6.0
54;2021-11-06;264;415;1171;541944;532440;44851;74.2;72.9;6.1
54;2021-11-07;9;18;72;541953;532458;44923;74.2;72.9;6.2
54;2021-11-08;193;275;1406;542146;532733;46329;74.2;72.9;6.3
54;2021-11-09;175;282;1788;542321;533015;48117;74.3;73.0;6.6
54;2021-11-10;324;379;2498;542645;533394;50615;74.3;73.0;6.9
54;2021-11-11;74;92;288;542719;533486;50903;74.3;73.0;7.0
54;2021-11-12;300;440;2589;543019;533926;53492;74.3;73.1;7.3
54;2021-11-13;205;329;1347;543224;534255;54839;74.4;73.1;7.5
54;2021-11-14;3;12;14;543227;534267;54853;74.4;73.1;7.5
54;2021-11-15;177;244;1815;543404;534511;56668;74.4;73.2;7.8
54;2021-11-16;167;220;1965;543571;534731;58633;74.4;73.2;8.0
54;2021-11-17;278;319;2579;543849;535050;61212;74.5;73.3;8.4
54;2021-11-18;148;177;2054;543997;535227;63266;74.5;73.3;8.7
54;2021-11-19;317;380;3014;544314;535607;66280;74.5;73.3;9.1
54;2021-11-20;256;343;1578;544570;535950;67858;74.6;73.4;9.3
54;2021-11-21;24;27;183;544594;535977;68041;74.6;73.4;9.3
54;2021-11-22;223;202;1768;544817;536179;69809;74.6;73.4;9.6
54;2021-11-23;187;178;2111;545004;536357;71920;74.6;73.4;9.8
54;2021-11-24;318;314;2637;545322;536671;74557;74.7;73.5;10.2
54;2021-11-25;179;165;2775;545501;536836;77332;74.7;73.5;10.6
54;2021-11-26;308;357;5169;545809;537193;82501;74.7;73.5;11.3
54;2021-11-27;275;329;3751;546084;537522;86252;74.8;73.6;11.8
54;2021-11-28;17;26;582;546101;537548;86834;74.8;73.6;11.9
54;2021-11-29;145;206;4171;546246;537754;91005;74.8;73.6;12.5
54;2021-11-30;158;181;4766;546404;537935;95771;74.8;73.6;13.1
54;2021-12-01;225;327;7552;546629;538262;103323;74.8;73.7;14.1
54;2021-12-02;170;164;6238;546799;538426;109561;74.9;73.7;15.0
54;2021-12-03;285;349;8836;547084;538775;118397;74.9;73.8;16.2
54;2021-12-04;218;302;5287;547302;539077;123684;74.9;73.8;16.9
54;2021-12-05;18;13;484;547320;539090;124168;74.9;73.8;17.0
54;2021-12-06;243;263;6826;547563;539353;130994;75.0;73.8;17.9
54;2021-12-07;199;242;7182;547762;539595;138176;75.0;73.9;18.9
54;2021-12-08;269;351;8065;548031;539946;146241;75.0;73.9;20.0
54;2021-12-09;182;240;6947;548213;540186;153188;75.1;74.0;21.0
55;2020-12-27;0;0;0;0;0;0;0.0;0.0;0.0
55;2020-12-28;2;0;0;2;0;0;0.0;0.0;0.0
55;2020-12-29;0;0;0;2;0;0;0.0;0.0;0.0
55;2020-12-30;0;0;0;2;0;0;0.0;0.0;0.0
55;2020-12-31;0;0;0;2;0;0;0.0;0.0;0.0
55;2021-01-01;0;0;0;2;0;0;0.0;0.0;0.0
55;2021-01-02;0;0;0;2;0;0;0.0;0.0;0.0
55;2021-01-03;0;0;0;2;0;0;0.0;0.0;0.0
55;2021-01-04;2;0;0;4;0;0;0.0;0.0;0.0
55;2021-01-05;3;0;0;7;0;0;0.0;0.0;0.0
55;2021-01-06;7;0;0;14;0;0;0.0;0.0;0.0
55;2021-01-07;121;0;0;135;0;0;0.1;0.0;0.0
55;2021-01-08;145;0;0;280;0;0;0.2;0.0;0.0
55;2021-01-09;28;0;0;308;0;0;0.2;0.0;0.0
55;2021-01-10;1;0;0;309;0;0;0.2;0.0;0.0
55;2021-01-11;155;1;0;464;1;0;0.3;0.0;0.0
55;2021-01-12;136;0;0;600;1;0;0.3;0.0;0.0
55;2021-01-13;177;0;0;777;1;0;0.4;0.0;0.0
55;2021-01-14;642;7;0;1419;8;0;0.8;0.0;0.0
55;2021-01-15;270;0;0;1689;8;0;0.9;0.0;0.0
55;2021-01-16;67;0;0;1756;8;0;1.0;0.0;0.0
55;2021-01-17;3;0;0;1759;8;0;1.0;0.0;0.0
55;2021-01-18;461;1;0;2220;9;0;1.2;0.0;0.0
55;2021-01-19;383;4;0;2603;13;0;1.4;0.0;0.0
55;2021-01-20;452;2;0;3055;15;0;1.7;0.0;0.0
55;2021-01-21;439;2;0;3494;17;0;1.9;0.0;0.0
55;2021-01-22;387;0;0;3881;17;0;2.1;0.0;0.0
55;2021-01-23;54;0;0;3935;17;0;2.2;0.0;0.0
55;2021-01-24;1;0;0;3936;17;0;2.2;0.0;0.0
55;2021-01-25;408;0;0;4344;17;0;2.4;0.0;0.0
55;2021-01-26;439;0;0;4783;17;0;2.6;0.0;0.0
55;2021-01-27;384;1;0;5167;18;0;2.8;0.0;0.0
55;2021-01-28;476;91;0;5643;109;0;3.1;0.1;0.0
55;2021-01-29;154;76;0;5797;185;0;3.2;0.1;0.0
55;2021-01-30;99;19;0;5896;204;0;3.2;0.1;0.0
55;2021-01-31;0;0;0;5896;204;0;3.2;0.1;0.0
55;2021-02-01;139;178;0;6035;382;0;3.3;0.2;0.0
55;2021-02-02;164;157;0;6199;539;0;3.4;0.3;0.0
55;2021-02-03;61;182;0;6260;721;0;3.4;0.4;0.0
55;2021-02-04;230;418;0;6490;1139;0;3.6;0.6;0.0
55;2021-02-05;196;175;0;6686;1314;0;3.7;0.7;0.0
55;2021-02-06;60;58;0;6746;1372;0;3.7;0.8;0.0
55;2021-02-07;4;48;0;6750;1420;0;3.7;0.8;0.0
55;2021-02-08;11;46;0;6761;1466;0;3.7;0.8;0.0
55;2021-02-09;106;132;0;6867;1598;0;3.8;0.9;0.0
55;2021-02-10;81;36;0;6948;1634;0;3.8;0.9;0.0
55;2021-02-11;173;82;0;7121;1716;0;3.9;0.9;0.0
55;2021-02-12;115;47;0;7236;1763;0;4.0;1.0;0.0
55;2021-02-13;12;5;0;7248;1768;0;4.0;1.0;0.0
55;2021-02-14;5;1;0;7253;1769;0;4.0;1.0;0.0
55;2021-02-15;24;433;0;7277;2202;0;4.0;1.2;0.0
55;2021-02-16;141;420;0;7418;2622;0;4.1;1.4;0.0
55;2021-02-17;34;490;0;7452;3112;0;4.1;1.7;0.0
55;2021-02-18;33;338;0;7485;3450;0;4.1;1.9;0.0
55;2021-02-19;145;291;0;7630;3741;0;4.2;2.1;0.0
55;2021-02-20;12;6;0;7642;3747;0;4.2;2.1;0.0
55;2021-02-21;0;0;0;7642;3747;0;4.2;2.1;0.0
55;2021-02-22;60;425;0;7702;4172;0;4.2;2.3;0.0
55;2021-02-23;88;441;0;7790;4613;0;4.3;2.5;0.0
55;2021-02-24;93;381;0;7883;4994;0;4.3;2.7;0.0
55;2021-02-25;281;686;0;8164;5680;0;4.5;3.1;0.0
55;2021-02-26;350;240;0;8514;5920;0;4.7;3.3;0.0
55;2021-02-27;137;87;0;8651;6007;0;4.8;3.3;0.0
55;2021-02-28;9;6;0;8660;6013;0;4.8;3.3;0.0
55;2021-03-01;107;147;0;8767;6160;0;4.8;3.4;0.0
55;2021-03-02;173;177;0;8940;6337;0;4.9;3.5;0.0
55;2021-03-03;231;13;0;9171;6350;0;5.0;3.5;0.0
55;2021-03-04;275;52;0;9446;6402;0;5.2;3.5;0.0
55;2021-03-05;427;63;0;9873;6465;0;5.4;3.6;0.0
55;2021-03-06;310;13;0;10183;6478;0;5.6;3.6;0.0
55;2021-03-07;141;3;0;10324;6481;0;5.7;3.6;0.0
55;2021-03-08;375;53;0;10699;6534;0;5.9;3.6;0.0
55;2021-03-09;670;59;0;11369;6593;0;6.3;3.6;0.0
55;2021-03-10;439;36;0;11808;6629;0;6.5;3.6;0.0
55;2021-03-11;621;152;0;12429;6781;0;6.8;3.7;0.0
55;2021-03-12;876;107;0;13305;6888;0;7.3;3.8;0.0
55;2021-03-13;586;25;0;13891;6913;0;7.6;3.8;0.0
55;2021-03-14;51;2;0;13942;6915;0;7.7;3.8;0.0
55;2021-03-15;425;31;0;14367;6946;0;7.9;3.8;0.0
55;2021-03-16;616;117;0;14983;7063;0;8.2;3.9;0.0
55;2021-03-17;727;28;0;15710;7091;0;8.6;3.9;0.0
55;2021-03-18;390;33;0;16100;7124;0;8.9;3.9;0.0
55;2021-03-19;513;72;0;16613;7196;0;9.1;4.0;0.0
55;2021-03-20;294;16;0;16907;7212;0;9.3;4.0;0.0
55;2021-03-21;9;1;0;16916;7213;0;9.3;4.0;0.0
55;2021-03-22;517;30;0;17433;7243;0;9.6;4.0;0.0
55;2021-03-23;1036;78;0;18469;7321;0;10.2;4.0;0.0
55;2021-03-24;851;67;0;19320;7388;0;10.6;4.1;0.0
55;2021-03-25;1142;90;0;20462;7478;0;11.3;4.1;0.0
55;2021-03-26;677;60;0;21139;7538;0;11.6;4.1;0.0
55;2021-03-27;309;37;0;21448;7575;0;11.8;4.2;0.0
55;2021-03-28;2;6;0;21450;7581;0;11.8;4.2;0.0
55;2021-03-29;933;67;0;22383;7648;0;12.3;4.2;0.0
55;2021-03-30;1419;102;0;23802;7750;0;13.1;4.3;0.0
55;2021-03-31;1441;101;0;25243;7851;0;13.9;4.3;0.0
55;2021-04-01;1218;174;0;26461;8025;0;14.6;4.4;0.0
55;2021-04-02;903;102;0;27364;8127;0;15.1;4.5;0.0
55;2021-04-03;220;37;0;27584;8164;0;15.2;4.5;0.0
55;2021-04-04;14;16;0;27598;8180;0;15.2;4.5;0.0
55;2021-04-05;9;20;0;27607;8200;0;15.2;4.5;0.0
55;2021-04-06;895;318;0;28502;8518;0;15.7;4.7;0.0
55;2021-04-07;903;291;0;29405;8809;0;16.2;4.8;0.0
55;2021-04-08;1569;442;0;30974;9251;0;17.1;5.1;0.0
55;2021-04-09;1353;300;0;32327;9551;0;17.8;5.3;0.0
55;2021-04-10;270;208;0;32597;9759;0;17.9;5.4;0.0
55;2021-04-11;506;50;0;33103;9809;0;18.2;5.4;0.0
55;2021-04-12;785;369;0;33888;10178;0;18.7;5.6;0.0
55;2021-04-13;1214;564;0;35102;10742;0;19.3;5.9;0.0
55;2021-04-14;1287;779;0;36389;11521;0;20.0;6.3;0.0
55;2021-04-15;1506;493;0;37895;12014;0;20.9;6.6;0.0
55;2021-04-16;730;401;0;38625;12415;0;21.3;6.8;0.0
55;2021-04-17;713;83;0;39338;12498;0;21.7;6.9;0.0
55;2021-04-18;41;26;0;39379;12524;0;21.7;6.9;0.0
55;2021-04-19;852;422;0;40231;12946;0;22.1;7.1;0.0
55;2021-04-20;1073;802;0;41304;13748;0;22.7;7.6;0.0
55;2021-04-21;896;678;0;42200;14426;0;23.2;7.9;0.0
55;2021-04-22;1002;736;0;43202;15162;0;23.8;8.3;0.0
55;2021-04-23;1311;633;0;44513;15795;0;24.5;8.7;0.0
55;2021-04-24;365;158;0;44878;15953;0;24.7;8.8;0.0
55;2021-04-25;342;49;0;45220;16002;0;24.9;8.8;0.0
55;2021-04-26;434;792;0;45654;16794;0;25.1;9.2;0.0
55;2021-04-27;562;983;0;46216;17777;0;25.4;9.8;0.0
55;2021-04-28;869;827;0;47085;18604;0;25.9;10.2;0.0
55;2021-04-29;1068;840;0;48153;19444;0;26.5;10.7;0.0
55;2021-04-30;1243;623;0;49396;20067;0;27.2;11.0;0.0
55;2021-05-01;131;136;0;49527;20203;0;27.3;11.1;0.0
55;2021-05-02;13;6;0;49540;20209;0;27.3;11.1;0.0
55;2021-05-03;1160;626;0;50700;20835;0;27.9;11.5;0.0
55;2021-05-04;735;1082;0;51435;21917;0;28.3;12.1;0.0
55;2021-05-05;801;947;0;52236;22864;0;28.8;12.6;0.0
55;2021-05-06;1460;1091;0;53696;23955;0;29.6;13.2;0.0
55;2021-05-07;1441;570;0;55137;24525;0;30.4;13.5;0.0
55;2021-05-08;165;78;0;55302;24603;0;30.4;13.5;0.0
55;2021-05-09;133;451;0;55435;25054;0;30.5;13.8;0.0
55;2021-05-10;911;929;0;56346;25983;0;31.0;14.3;0.0
55;2021-05-11;1200;1255;0;57546;27238;0;31.7;15.0;0.0
55;2021-05-12;1105;1598;0;58651;28836;0;32.3;15.9;0.0
55;2021-05-13;288;89;0;58939;28925;0;32.4;15.9;0.0
55;2021-05-14;597;570;0;59536;29495;0;32.8;16.2;0.0
55;2021-05-15;416;500;0;59952;29995;0;33.0;16.5;0.0
55;2021-05-16;82;17;0;60034;30012;0;33.1;16.5;0.0
55;2021-05-17;1112;773;0;61146;30785;0;33.7;16.9;0.0
55;2021-05-18;1627;838;0;62773;31623;0;34.6;17.4;0.0
55;2021-05-19;1787;737;0;64560;32360;0;35.5;17.8;0.0
55;2021-05-20;2293;692;0;66853;33052;0;36.8;18.2;0.0
55;2021-05-21;1980;797;0;68833;33849;0;37.9;18.6;0.0
55;2021-05-22;325;198;0;69158;34047;0;38.1;18.7;0.0
55;2021-05-23;58;99;0;69216;34146;0;38.1;18.8;0.0
55;2021-05-24;95;8;0;69311;34154;0;38.2;18.8;0.0
55;2021-05-25;1328;628;0;70639;34782;0;38.9;19.1;0.0
55;2021-05-26;1571;963;0;72210;35745;0;39.8;19.7;0.0
55;2021-05-27;1373;970;0;73583;36715;0;40.5;20.2;0.0
55;2021-05-28;1532;919;0;75115;37634;0;41.4;20.7;0.0
55;2021-05-29;1220;661;0;76335;38295;0;42.0;21.1;0.0
55;2021-05-30;27;197;0;76362;38492;0;42.0;21.2;0.0
55;2021-05-31;1002;1041;0;77364;39533;0;42.6;21.8;0.0
55;2021-06-01;889;889;0;78253;40422;0;43.1;22.3;0.0
55;2021-06-02;1132;954;0;79385;41376;0;43.7;22.8;0.0
55;2021-06-03;816;587;0;80201;41963;0;44.2;23.1;0.0
55;2021-06-04;1380;1076;0;81581;43039;0;44.9;23.7;0.0
55;2021-06-05;1242;302;0;82823;43341;0;45.6;23.9;0.0
55;2021-06-06;15;7;0;82838;43348;0;45.6;23.9;0.0
55;2021-06-07;832;704;0;83670;44052;0;46.1;24.3;0.0
55;2021-06-08;802;1046;0;84472;45098;0;46.5;24.8;0.0
55;2021-06-09;942;819;0;85414;45917;0;47.0;25.3;0.0
55;2021-06-10;547;372;0;85961;46289;0;47.3;25.5;0.0
55;2021-06-11;633;1268;0;86594;47557;0;47.7;26.2;0.0
55;2021-06-12;772;534;0;87366;48091;0;48.1;26.5;0.0
55;2021-06-13;260;42;0;87626;48133;0;48.2;26.5;0.0
55;2021-06-14;433;1315;0;88059;49448;0;48.5;27.2;0.0
55;2021-06-15;611;1327;0;88670;50775;0;48.8;28.0;0.0
55;2021-06-16;787;971;0;89457;51746;0;49.2;28.5;0.0
55;2021-06-17;492;959;0;89949;52705;0;49.5;29.0;0.0
55;2021-06-18;696;1558;0;90645;54263;0;49.9;29.9;0.0
55;2021-06-19;650;503;0;91295;54766;0;50.3;30.2;0.0
55;2021-06-20;16;40;0;91311;54806;0;50.3;30.2;0.0
55;2021-06-21;474;1164;0;91785;55970;0;50.5;30.8;0.0
55;2021-06-22;408;1169;0;92193;57139;0;50.8;31.5;0.0
55;2021-06-23;682;1284;0;92875;58423;0;51.1;32.2;0.0
55;2021-06-24;249;590;0;93124;59013;0;51.3;32.5;0.0
55;2021-06-25;693;1393;0;93817;60406;0;51.6;33.3;0.0
55;2021-06-26;492;479;0;94309;60885;0;51.9;33.5;0.0
55;2021-06-27;7;50;0;94316;60935;0;51.9;33.5;0.0
55;2021-06-28;203;1460;0;94519;62395;0;52.0;34.4;0.0
55;2021-06-29;257;1377;0;94776;63772;0;52.2;35.1;0.0
55;2021-06-30;326;2005;0;95102;65777;0;52.4;36.2;0.0
55;2021-07-01;445;2035;0;95547;67812;0;52.6;37.3;0.0
55;2021-07-02;453;1804;0;96000;69616;0;52.9;38.3;0.0
55;2021-07-03;209;361;0;96209;69977;0;53.0;38.5;0.0
55;2021-07-04;38;56;0;96247;70033;0;53.0;38.6;0.0
55;2021-07-05;256;1551;0;96503;71584;0;53.1;39.4;0.0
55;2021-07-06;377;1045;0;96880;72629;0;53.3;40.0;0.0
55;2021-07-07;419;1837;0;97299;74466;0;53.6;41.0;0.0
55;2021-07-08;630;1633;0;97929;76099;0;53.9;41.9;0.0
55;2021-07-09;550;1586;0;98479;77685;0;54.2;42.8;0.0
55;2021-07-10;399;1067;0;98878;78752;0;54.4;43.4;0.0
55;2021-07-11;6;25;0;98884;78777;0;54.4;43.4;0.0
55;2021-07-12;633;1242;0;99517;80019;0;54.8;44.1;0.0
55;2021-07-13;717;1506;0;100234;81525;0;55.2;44.9;0.0
55;2021-07-14;91;75;0;100325;81600;0;55.2;44.9;0.0
55;2021-07-15;865;1706;0;101190;83306;0;55.7;45.9;0.0
55;2021-07-16;1262;1818;0;102452;85124;0;56.4;46.9;0.0
55;2021-07-17;1315;923;0;103767;86047;0;57.1;47.4;0.0
55;2021-07-18;39;37;0;103806;86084;0;57.1;47.4;0.0
55;2021-07-19;653;925;0;104459;87009;0;57.5;47.9;0.0
55;2021-07-20;1064;1152;0;105523;88161;0;58.1;48.5;0.0
55;2021-07-21;1478;1408;0;107001;89569;0;58.9;49.3;0.0
55;2021-07-22;1288;772;0;108289;90341;0;59.6;49.7;0.0
55;2021-07-23;1262;1496;0;109551;91837;0;60.3;50.6;0.0
55;2021-07-24;860;828;0;110411;92665;0;60.8;51.0;0.0
55;2021-07-25;131;233;0;110542;92898;0;60.9;51.1;0.0
55;2021-07-26;760;587;0;111302;93485;0;61.3;51.5;0.0
55;2021-07-27;1259;618;0;112561;94103;0;62.0;51.8;0.0
55;2021-07-28;1230;1155;0;113791;95258;0;62.6;52.4;0.0
55;2021-07-29;920;596;0;114711;95854;0;63.2;52.8;0.0
55;2021-07-30;1420;1093;0;116131;96947;0;63.9;53.4;0.0
55;2021-07-31;873;707;0;117004;97654;0;64.4;53.8;0.0
55;2021-08-01;57;16;0;117061;97670;0;64.4;53.8;0.0
55;2021-08-02;753;536;0;117814;98206;0;64.9;54.1;0.0
55;2021-08-03;833;529;0;118647;98735;0;65.3;54.4;0.0
55;2021-08-04;1403;952;0;120050;99687;0;66.1;54.9;0.0
55;2021-08-05;1179;403;0;121229;100090;0;66.7;55.1;0.0
55;2021-08-06;1042;1161;0;122271;101251;0;67.3;55.7;0.0
55;2021-08-07;697;446;0;122968;101697;0;67.7;56.0;0.0
55;2021-08-08;63;16;0;123031;101713;0;67.7;56.0;0.0
55;2021-08-09;499;464;0;123530;102177;0;68.0;56.3;0.0
55;2021-08-10;536;836;0;124066;103013;0;68.3;56.7;0.0
55;2021-08-11;726;725;0;124792;103738;0;68.7;57.1;0.0
55;2021-08-12;500;624;0;125292;104362;0;69.0;57.5;0.0
55;2021-08-13;553;1210;0;125845;105572;0;69.3;58.1;0.0
55;2021-08-14;254;344;0;126099;105916;0;69.4;58.3;0.0
55;2021-08-15;39;26;0;126138;105942;0;69.4;58.3;0.0
55;2021-08-16;325;817;0;126463;106759;0;69.6;58.8;0.0
55;2021-08-17;355;450;0;126818;107209;0;69.8;59.0;0.0
55;2021-08-18;569;1322;0;127387;108531;0;70.1;59.8;0.0
55;2021-08-19;527;1039;0;127914;109570;0;70.4;60.3;0.0
55;2021-08-20;618;1171;0;128532;110741;0;70.8;61.0;0.0
55;2021-08-21;344;804;0;128876;111545;0;71.0;61.4;0.0
55;2021-08-22;18;41;0;128894;111586;0;71.0;61.4;0.0
55;2021-08-23;332;728;0;129226;112314;0;71.1;61.8;0.0
55;2021-08-24;335;891;0;129561;113205;0;71.3;62.3;0.0
55;2021-08-25;705;1253;0;130266;114458;0;71.7;63.0;0.0
55;2021-08-26;450;1335;0;130716;115793;0;72.0;63.7;0.0
55;2021-08-27;352;1476;0;131068;117269;0;72.2;64.6;0.0
55;2021-08-28;374;740;0;131442;118009;0;72.4;65.0;0.0
55;2021-08-29;191;57;0;131633;118066;0;72.5;65.0;0.0
55;2021-08-30;142;799;9;131775;118865;9;72.5;65.4;0.0
55;2021-08-31;306;941;24;132081;119806;33;72.7;66.0;0.0
55;2021-09-01;546;1340;61;132627;121146;94;73.0;66.7;0.1
55;2021-09-02;246;999;82;132873;122145;176;73.2;67.2;0.1
55;2021-09-03;399;1144;208;133272;123289;384;73.4;67.9;0.2
55;2021-09-04;299;721;22;133571;124010;406;73.5;68.3;0.2
55;2021-09-05;17;89;1;133588;124099;407;73.5;68.3;0.2
55;2021-09-06;75;223;9;133663;124322;416;73.6;68.4;0.2
55;2021-09-07;265;471;188;133928;124793;604;73.7;68.7;0.3
55;2021-09-08;224;378;64;134152;125171;668;73.9;68.9;0.4
55;2021-09-09;218;623;70;134370;125794;738;74.0;69.3;0.4
55;2021-09-10;209;543;139;134579;126337;877;74.1;69.6;0.5
55;2021-09-11;134;399;42;134713;126736;919;74.2;69.8;0.5
55;2021-09-12;3;10;0;134716;126746;919;74.2;69.8;0.5
55;2021-09-13;119;355;123;134835;127101;1042;74.2;70.0;0.6
55;2021-09-14;293;225;126;135128;127326;1168;74.4;70.1;0.6
55;2021-09-15;285;703;228;135413;128029;1396;74.5;70.5;0.8
55;2021-09-16;116;222;117;135529;128251;1513;74.6;70.6;0.8
55;2021-09-17;118;195;127;135647;128446;1640;74.7;70.7;0.9
55;2021-09-18;143;428;79;135790;128874;1719;74.8;70.9;0.9
55;2021-09-19;4;12;3;135794;128886;1722;74.8;71.0;0.9
55;2021-09-20;72;166;34;135866;129052;1756;74.8;71.0;1.0
55;2021-09-21;119;283;230;135985;129335;1986;74.9;71.2;1.1
55;2021-09-22;122;378;102;136107;129713;2088;74.9;71.4;1.1
55;2021-09-23;101;373;272;136208;130086;2360;75.0;71.6;1.3
55;2021-09-24;100;340;202;136308;130426;2562;75.0;71.8;1.4
55;2021-09-25;67;201;54;136375;130627;2616;75.1;71.9;1.4
55;2021-09-26;1;1;0;136376;130628;2616;75.1;71.9;1.4
55;2021-09-27;51;136;132;136427;130764;2748;75.1;72.0;1.5
55;2021-09-28;65;95;105;136492;130859;2853;75.1;72.0;1.6
55;2021-09-29;154;792;199;136646;131651;3052;75.2;72.5;1.7
55;2021-09-30;71;312;174;136717;131963;3226;75.3;72.7;1.8
55;2021-10-01;72;222;154;136789;132185;3380;75.3;72.8;1.9
55;2021-10-02;116;389;82;136905;132574;3462;75.4;73.0;1.9
55;2021-10-03;3;3;0;136908;132577;3462;75.4;73.0;1.9
55;2021-10-04;110;255;255;137018;132832;3717;75.4;73.1;2.0
55;2021-10-05;74;194;186;137092;133026;3903;75.5;73.2;2.1
55;2021-10-06;105;329;175;137197;133355;4078;75.5;73.4;2.2
55;2021-10-07;66;93;184;137263;133448;4262;75.6;73.5;2.3
55;2021-10-08;80;145;126;137343;133593;4388;75.6;73.5;2.4
55;2021-10-09;88;226;118;137431;133819;4506;75.7;73.7;2.5
55;2021-10-10;18;161;19;137449;133980;4525;75.7;73.8;2.5
55;2021-10-11;72;115;134;137521;134095;4659;75.7;73.8;2.6
55;2021-10-12;86;322;256;137607;134417;4915;75.8;74.0;2.7
55;2021-10-13;109;137;281;137716;134554;5196;75.8;74.1;2.9
55;2021-10-14;38;76;118;137754;134630;5314;75.8;74.1;2.9
55;2021-10-15;72;141;150;137826;134771;5464;75.9;74.2;3.0
55;2021-10-16;63;94;95;137889;134865;5559;75.9;74.2;3.1
55;2021-10-17;10;18;11;137899;134883;5570;75.9;74.3;3.1
55;2021-10-18;73;102;277;137972;134985;5847;76.0;74.3;3.2
55;2021-10-19;48;70;197;138020;135055;6044;76.0;74.4;3.3
55;2021-10-20;53;144;307;138073;135199;6351;76.0;74.4;3.5
55;2021-10-21;40;123;198;138113;135322;6549;76.0;74.5;3.6
55;2021-10-22;58;74;187;138171;135396;6736;76.1;74.5;3.7
55;2021-10-23;89;180;333;138260;135576;7069;76.1;74.6;3.9
55;2021-10-24;1;4;5;138261;135580;7074;76.1;74.6;3.9
55;2021-10-25;82;107;337;138343;135687;7411;76.2;74.7;4.1
55;2021-10-26;39;47;172;138382;135734;7583;76.2;74.7;4.2
55;2021-10-27;74;138;293;138456;135872;7876;76.2;74.8;4.3
55;2021-10-28;41;33;222;138497;135905;8098;76.2;74.8;4.5
55;2021-10-29;66;79;313;138563;135984;8411;76.3;74.9;4.6
55;2021-10-30;18;52;83;138581;136036;8494;76.3;74.9;4.7
55;2021-10-31;0;3;2;138581;136039;8496;76.3;74.9;4.7
55;2021-11-01;4;4;1;138585;136043;8497;76.3;74.9;4.7
55;2021-11-02;25;35;108;138610;136078;8605;76.3;74.9;4.7
55;2021-11-03;41;80;287;138651;136158;8892;76.3;75.0;4.9
55;2021-11-04;109;109;865;138760;136267;9757;76.4;75.0;5.4
55;2021-11-05;19;75;206;138779;136342;9963;76.4;75.1;5.5
55;2021-11-06;85;111;422;138864;136453;10385;76.4;75.1;5.7
55;2021-11-07;5;6;31;138869;136459;10416;76.5;75.1;5.7
55;2021-11-08;70;114;619;138939;136573;11035;76.5;75.2;6.1
55;2021-11-09;28;62;455;138967;136635;11490;76.5;75.2;6.3
55;2021-11-10;61;83;774;139028;136718;12264;76.5;75.3;6.8
55;2021-11-11;2;1;24;139030;136719;12288;76.5;75.3;6.8
55;2021-11-12;40;65;401;139070;136784;12689;76.6;75.3;7.0
55;2021-11-13;35;40;136;139105;136824;12825;76.6;75.3;7.1
55;2021-11-14;4;1;16;139109;136825;12841;76.6;75.3;7.1
55;2021-11-15;58;120;864;139167;136945;13705;76.6;75.4;7.5
55;2021-11-16;34;57;515;139201;137002;14220;76.6;75.4;7.8
55;2021-11-17;76;63;782;139277;137065;15002;76.7;75.5;8.3
55;2021-11-18;51;77;562;139328;137142;15564;76.7;75.5;8.6
55;2021-11-19;58;70;617;139386;137212;16181;76.7;75.5;8.9
55;2021-11-20;66;79;638;139452;137291;16819;76.8;75.6;9.3
55;2021-11-21;3;0;3;139455;137291;16822;76.8;75.6;9.3
55;2021-11-22;46;39;959;139501;137330;17781;76.8;75.6;9.8
55;2021-11-23;57;41;922;139558;137371;18703;76.8;75.6;10.3
55;2021-11-24;59;66;900;139617;137437;19603;76.9;75.7;10.8
55;2021-11-25;47;47;552;139664;137484;20155;76.9;75.7;11.1
55;2021-11-26;88;70;1276;139752;137554;21431;76.9;75.7;11.8
55;2021-11-27;61;66;828;139813;137620;22259;77.0;75.8;12.3
55;2021-11-28;4;7;87;139817;137627;22346;77.0;75.8;12.3
55;2021-11-29;58;117;1104;139875;137744;23450;77.0;75.8;12.9
55;2021-11-30;51;35;1008;139926;137779;24458;77.0;75.9;13.5
55;2021-12-01;54;108;1521;139980;137887;25979;77.1;75.9;14.3
55;2021-12-02;50;30;2030;140030;137917;28009;77.1;75.9;15.4
55;2021-12-03;89;66;1922;140119;137983;29931;77.1;76.0;16.5
55;2021-12-04;75;53;820;140194;138036;30751;77.2;76.0;16.9
55;2021-12-05;8;5;301;140202;138041;31052;77.2;76.0;17.1
55;2021-12-06;37;74;1823;140239;138115;32875;77.2;76.0;18.1
55;2021-12-07;46;37;1515;140285;138152;34390;77.2;76.1;18.9
55;2021-12-08;98;62;2171;140383;138214;36561;77.3;76.1;20.1
55;2021-12-09;64;30;1722;140447;138244;38283;77.3;76.1;21.1
56;2020-12-27;0;0;0;0;0;0;0.0;0.0;0.0
56;2020-12-28;1;0;0;1;0;0;0.0;0.0;0.0
56;2020-12-29;0;0;0;1;0;0;0.0;0.0;0.0
56;2020-12-30;0;0;0;1;0;0;0.0;0.0;0.0
56;2020-12-31;0;0;0;1;0;0;0.0;0.0;0.0
56;2021-01-01;0;0;0;1;0;0;0.0;0.0;0.0
56;2021-01-02;1;0;0;2;0;0;0.0;0.0;0.0
56;2021-01-03;0;0;0;2;0;0;0.0;0.0;0.0
56;2021-01-04;1;0;0;3;0;0;0.0;0.0;0.0
56;2021-01-05;3;0;0;6;0;0;0.0;0.0;0.0
56;2021-01-06;10;0;0;16;0;0;0.0;0.0;0.0
56;2021-01-07;185;0;0;201;0;0;0.0;0.0;0.0
56;2021-01-08;149;1;0;350;1;0;0.0;0.0;0.0
56;2021-01-09;2;0;0;352;1;0;0.0;0.0;0.0
56;2021-01-10;2;0;0;354;1;0;0.0;0.0;0.0
56;2021-01-11;255;0;0;609;1;0;0.1;0.0;0.0
56;2021-01-12;739;15;0;1348;16;0;0.2;0.0;0.0
56;2021-01-13;657;1;0;2005;17;0;0.3;0.0;0.0
56;2021-01-14;961;19;0;2966;36;0;0.4;0.0;0.0
56;2021-01-15;810;6;0;3776;42;0;0.5;0.0;0.0
56;2021-01-16;231;4;0;4007;46;0;0.5;0.0;0.0
56;2021-01-17;28;0;0;4035;46;0;0.5;0.0;0.0
56;2021-01-18;955;2;0;4990;48;0;0.7;0.0;0.0
56;2021-01-19;860;23;0;5850;71;0;0.8;0.0;0.0
56;2021-01-20;905;1;0;6755;72;0;0.9;0.0;0.0
56;2021-01-21;1448;19;0;8203;91;0;1.1;0.0;0.0
56;2021-01-22;1228;4;0;9431;95;0;1.2;0.0;0.0
56;2021-01-23;306;4;0;9737;99;0;1.3;0.0;0.0
56;2021-01-24;7;1;0;9744;100;0;1.3;0.0;0.0
56;2021-01-25;795;5;0;10539;105;0;1.4;0.0;0.0
56;2021-01-26;1001;8;0;11540;113;0;1.5;0.0;0.0
56;2021-01-27;1037;65;0;12577;178;0;1.7;0.0;0.0
56;2021-01-28;1031;110;0;13608;288;0;1.8;0.0;0.0
56;2021-01-29;853;111;0;14461;399;0;1.9;0.1;0.0
56;2021-01-30;145;18;0;14606;417;0;1.9;0.1;0.0
56;2021-01-31;5;3;0;14611;420;0;1.9;0.1;0.0
56;2021-02-01;480;149;0;15091;569;0;2.0;0.1;0.0
56;2021-02-02;844;237;0;15935;806;0;2.1;0.1;0.0
56;2021-02-03;901;250;0;16836;1056;0;2.2;0.1;0.0
56;2021-02-04;4358;379;0;21194;1435;0;2.8;0.2;0.0
56;2021-02-05;3388;465;0;24582;1900;0;3.3;0.3;0.0
56;2021-02-06;523;173;0;25105;2073;0;3.3;0.3;0.0
56;2021-02-07;125;23;0;25230;2096;0;3.3;0.3;0.0
56;2021-02-08;303;307;0;25533;2403;0;3.4;0.3;0.0
56;2021-02-09;772;476;0;26305;2879;0;3.5;0.4;0.0
56;2021-02-10;853;743;0;27158;3622;0;3.6;0.5;0.0
56;2021-02-11;987;1109;0;28145;4731;0;3.7;0.6;0.0
56;2021-02-12;1119;642;0;29264;5373;0;3.9;0.7;0.0
56;2021-02-13;215;125;0;29479;5498;0;3.9;0.7;0.0
56;2021-02-14;6;44;0;29485;5542;0;3.9;0.7;0.0
56;2021-02-15;617;1011;0;30102;6553;0;4.0;0.9;0.0
56;2021-02-16;1189;682;0;31291;7235;0;4.1;1.0;0.0
56;2021-02-17;1136;912;0;32427;8147;0;4.3;1.1;0.0
56;2021-02-18;1368;923;0;33795;9070;0;4.5;1.2;0.0
56;2021-02-19;1392;924;0;35187;9994;0;4.7;1.3;0.0
56;2021-02-20;359;261;0;35546;10255;0;4.7;1.4;0.0
56;2021-02-21;2;2;0;35548;10257;0;4.7;1.4;0.0
56;2021-02-22;396;683;0;35944;10940;0;4.8;1.4;0.0
56;2021-02-23;699;861;0;36643;11801;0;4.8;1.6;0.0
56;2021-02-24;933;1092;0;37576;12893;0;5.0;1.7;0.0
56;2021-02-25;2086;4018;0;39662;16911;0;5.2;2.2;0.0
56;2021-02-26;2291;2100;0;41953;19011;0;5.6;2.5;0.0
56;2021-02-27;731;454;0;42684;19465;0;5.6;2.6;0.0
56;2021-02-28;17;111;0;42701;19576;0;5.7;2.6;0.0
56;2021-03-01;723;550;0;43424;20126;0;5.7;2.7;0.0
56;2021-03-02;1010;786;0;44434;20912;0;5.9;2.8;0.0
56;2021-03-03;1164;896;0;45598;21808;0;6.0;2.9;0.0
56;2021-03-04;1981;999;0;47579;22807;0;6.3;3.0;0.0
56;2021-03-05;2568;1415;0;50147;24222;0;6.6;3.2;0.0
56;2021-03-06;1216;221;0;51363;24443;0;6.8;3.2;0.0
56;2021-03-07;283;27;0;51646;24470;0;6.8;3.2;0.0
56;2021-03-08;1151;417;0;52797;24887;0;7.0;3.3;0.0
56;2021-03-09;2051;641;0;54848;25528;0;7.3;3.4;0.0
56;2021-03-10;1994;922;0;56842;26450;0;7.5;3.5;0.0
56;2021-03-11;3261;768;0;60103;27218;0;8.0;3.6;0.0
56;2021-03-12;4193;805;0;64296;28023;0;8.5;3.7;0.0
56;2021-03-13;1904;162;0;66200;28185;0;8.8;3.7;0.0
56;2021-03-14;182;6;0;66382;28191;0;8.8;3.7;0.0
56;2021-03-15;1374;540;0;67756;28731;0;9.0;3.8;0.0
56;2021-03-16;1084;1048;0;68840;29779;0;9.1;3.9;0.0
56;2021-03-17;1337;780;0;70177;30559;0;9.3;4.0;0.0
56;2021-03-18;1979;1793;0;72156;32352;0;9.5;4.3;0.0
56;2021-03-19;2926;1369;0;75082;33721;0;9.9;4.5;0.0
56;2021-03-20;1460;198;0;76542;33919;0;10.1;4.5;0.0
56;2021-03-21;185;21;0;76727;33940;0;10.2;4.5;0.0
56;2021-03-22;1596;385;0;78323;34325;0;10.4;4.5;0.0
56;2021-03-23;2771;696;0;81094;35021;0;10.7;4.6;0.0
56;2021-03-24;3389;553;0;84483;35574;0;11.2;4.7;0.0
56;2021-03-25;4209;741;0;88692;36315;0;11.7;4.8;0.0
56;2021-03-26;5084;802;0;93776;37117;0;12.4;4.9;0.0
56;2021-03-27;1488;285;0;95264;37402;0;12.6;5.0;0.0
56;2021-03-28;213;11;0;95477;37413;0;12.6;5.0;0.0
56;2021-03-29;2201;555;0;97678;37968;0;12.9;5.0;0.0
56;2021-03-30;3438;825;0;101116;38793;0;13.4;5.1;0.0
56;2021-03-31;3065;738;0;104181;39531;0;13.8;5.2;0.0
56;2021-04-01;4154;845;0;108335;40376;0;14.3;5.3;0.0
56;2021-04-02;3919;1014;0;112254;41390;0;14.9;5.5;0.0
56;2021-04-03;1152;277;0;113406;41667;0;15.0;5.5;0.0
56;2021-04-04;217;10;0;113623;41677;0;15.0;5.5;0.0
56;2021-04-05;210;13;0;113833;41690;0;15.1;5.5;0.0
56;2021-04-06;2718;1220;0;116551;42910;0;15.4;5.7;0.0
56;2021-04-07;3919;1170;0;120470;44080;0;15.9;5.8;0.0
56;2021-04-08;5275;1194;0;125745;45274;0;16.6;6.0;0.0
56;2021-04-09;7147;1258;0;132892;46532;0;17.6;6.2;0.0
56;2021-04-10;2458;396;0;135350;46928;0;17.9;6.2;0.0
56;2021-04-11;189;104;0;135539;47032;0;17.9;6.2;0.0
56;2021-04-12;3765;869;0;139304;47901;0;18.4;6.3;0.0
56;2021-04-13;5704;1246;0;145008;49147;0;19.2;6.5;0.0
56;2021-04-14;4989;1434;0;149997;50581;0;19.9;6.7;0.0
56;2021-04-15;6832;1729;0;156829;52310;0;20.8;6.9;0.0
56;2021-04-16;7677;1953;0;164506;54263;0;21.8;7.2;0.0
56;2021-04-17;2956;625;0;167462;54888;0;22.2;7.3;0.0
56;2021-04-18;506;105;0;167968;54993;0;22.2;7.3;0.0
56;2021-04-19;3596;1241;0;171564;56234;0;22.7;7.4;0.0
56;2021-04-20;3949;1917;0;175513;58151;0;23.2;7.7;0.0
56;2021-04-21;3929;2321;0;179442;60472;0;23.7;8.0;0.0
56;2021-04-22;5047;1936;0;184489;62408;0;24.4;8.3;0.0
56;2021-04-23;5102;2483;0;189591;64891;0;25.1;8.6;0.0
56;2021-04-24;2805;632;0;192396;65523;0;25.5;8.7;0.0
56;2021-04-25;457;144;0;192853;65667;0;25.5;8.7;0.0
56;2021-04-26;4431;1660;0;197284;67327;0;26.1;8.9;0.0
56;2021-04-27;4889;2477;0;202173;69804;0;26.8;9.2;0.0
56;2021-04-28;4761;2211;0;206934;72015;0;27.4;9.5;0.0
56;2021-04-29;5684;2950;0;212618;74965;0;28.1;9.9;0.0
56;2021-04-30;6085;2702;0;218703;77667;0;28.9;10.3;0.0
56;2021-05-01;2300;337;0;221003;78004;0;29.2;10.3;0.0
56;2021-05-02;258;250;0;221261;78254;0;29.3;10.4;0.0
56;2021-05-03;3710;2012;0;224971;80266;0;29.8;10.6;0.0
56;2021-05-04;4231;3739;0;229202;84005;0;30.3;11.1;0.0
56;2021-05-05;3445;3786;0;232647;87791;0;30.8;11.6;0.0
56;2021-05-06;4312;5297;0;236959;93088;0;31.4;12.3;0.0
56;2021-05-07;4210;4872;0;241169;97960;0;31.9;13.0;0.0
56;2021-05-08;1563;305;0;242732;98265;0;32.1;13.0;0.0
56;2021-05-09;522;229;0;243254;98494;0;32.2;13.0;0.0
56;2021-05-10;3595;3797;0;246849;102291;0;32.7;13.5;0.0
56;2021-05-11;4089;4904;0;250938;107195;0;33.2;14.2;0.0
56;2021-05-12;4196;4548;0;255134;111743;0;33.8;14.8;0.0
56;2021-05-13;2408;961;0;257542;112704;0;34.1;14.9;0.0
56;2021-05-14;4139;4189;0;261681;116893;0;34.6;15.5;0.0
56;2021-05-15;2471;1746;0;264152;118639;0;35.0;15.7;0.0
56;2021-05-16;308;466;0;264460;119105;0;35.0;15.8;0.0
56;2021-05-17;2643;3583;0;267103;122688;0;35.4;16.2;0.0
56;2021-05-18;3670;3988;0;270773;126676;0;35.8;16.8;0.0
56;2021-05-19;3704;3268;0;274477;129944;0;36.3;17.2;0.0
56;2021-05-20;4122;4711;0;278599;134655;0;36.9;17.8;0.0
56;2021-05-21;3997;4979;0;282596;139634;0;37.4;18.5;0.0
56;2021-05-22;1721;2073;0;284317;141707;0;37.6;18.8;0.0
56;2021-05-23;339;184;0;284656;141891;0;37.7;18.8;0.0
56;2021-05-24;2323;498;0;286979;142389;0;38.0;18.8;0.0
56;2021-05-25;3366;4313;0;290345;146702;0;38.4;19.4;0.0
56;2021-05-26;3917;3853;0;294262;150555;0;38.9;19.9;0.0
56;2021-05-27;4598;4784;0;298860;155339;0;39.6;20.6;0.0
56;2021-05-28;4760;5764;0;303620;161103;0;40.2;21.3;0.0
56;2021-05-29;1939;1610;0;305559;162713;0;40.4;21.5;0.0
56;2021-05-30;358;74;0;305917;162787;0;40.5;21.5;0.0
56;2021-05-31;4627;3085;0;310544;165872;0;41.1;22.0;0.0
56;2021-06-01;5693;3373;0;316237;169245;0;41.9;22.4;0.0
56;2021-06-02;5731;2937;0;321968;172182;0;42.6;22.8;0.0
56;2021-06-03;6248;3308;0;328216;175490;0;43.4;23.2;0.0
56;2021-06-04;5873;4358;0;334089;179848;0;44.2;23.8;0.0
56;2021-06-05;4280;2348;0;338369;182196;0;44.8;24.1;0.0
56;2021-06-06;727;621;0;339096;182817;0;44.9;24.2;0.0
56;2021-06-07;5040;3227;0;344136;186044;0;45.5;24.6;0.0
56;2021-06-08;6022;3412;0;350158;189456;0;46.3;25.1;0.0
56;2021-06-09;6309;2849;0;356467;192305;0;47.2;25.5;0.0
56;2021-06-10;7360;2986;0;363827;195291;0;48.2;25.8;0.0
56;2021-06-11;6745;3894;0;370572;199185;0;49.0;26.4;0.0
56;2021-06-12;4998;1984;0;375570;201169;0;49.7;26.6;0.0
56;2021-06-13;2048;402;0;377618;201571;0;50.0;26.7;0.0
56;2021-06-14;3401;4561;1;381019;206132;1;50.4;27.3;0.0
56;2021-06-15;4303;4794;0;385322;210926;1;51.0;27.9;0.0
56;2021-06-16;4656;4353;0;389978;215279;1;51.6;28.5;0.0
56;2021-06-17;4443;4655;0;394421;219934;1;52.2;29.1;0.0
56;2021-06-18;4630;5812;0;399051;225746;1;52.8;29.9;0.0
56;2021-06-19;3755;2081;0;402806;227827;1;53.3;30.2;0.0
56;2021-06-20;1645;355;0;404451;228182;1;53.5;30.2;0.0
56;2021-06-21;3346;4487;0;407797;232669;1;54.0;30.8;0.0
56;2021-06-22;3584;5444;0;411381;238113;1;54.4;31.5;0.0
56;2021-06-23;3886;5053;0;415267;243166;1;55.0;32.2;0.0
56;2021-06-24;3614;5257;0;418881;248423;1;55.4;32.9;0.0
56;2021-06-25;3971;6156;0;422852;254579;1;56.0;33.7;0.0
56;2021-06-26;3138;2919;0;425990;257498;1;56.4;34.1;0.0
56;2021-06-27;505;255;0;426495;257753;1;56.4;34.1;0.0
56;2021-06-28;1664;4148;0;428159;261901;1;56.7;34.7;0.0
56;2021-06-29;2454;5804;0;430613;267705;1;57.0;35.4;0.0
56;2021-06-30;2585;5684;0;433198;273389;1;57.3;36.2;0.0
56;2021-07-01;2880;5086;2;436078;278475;3;57.7;36.9;0.0
56;2021-07-02;2695;6229;0;438773;284704;3;58.1;37.7;0.0
56;2021-07-03;2205;2685;0;440978;287389;3;58.4;38.0;0.0
56;2021-07-04;877;825;0;441855;288214;3;58.5;38.1;0.0
56;2021-07-05;1805;5572;0;443660;293786;3;58.7;38.9;0.0
56;2021-07-06;2159;5989;0;445819;299775;3;59.0;39.7;0.0
56;2021-07-07;2727;5684;0;448546;305459;3;59.4;40.4;0.0
56;2021-07-08;3014;6048;1;451560;311507;4;59.8;41.2;0.0
56;2021-07-09;2144;7099;0;453704;318606;4;60.0;42.2;0.0
56;2021-07-10;1199;3051;0;454903;321657;4;60.2;42.6;0.0
56;2021-07-11;380;475;0;455283;322132;4;60.3;42.6;0.0
56;2021-07-12;2040;6822;0;457323;328954;4;60.5;43.5;0.0
56;2021-07-13;2964;7525;0;460287;336479;4;60.9;44.5;0.0
56;2021-07-14;1673;2574;0;461960;339053;4;61.1;44.9;0.0
56;2021-07-15;3534;7006;0;465494;346059;4;61.6;45.8;0.0
56;2021-07-16;3808;7953;0;469302;354012;4;62.1;46.9;0.0
56;2021-07-17;2126;3596;0;471428;357608;4;62.4;47.3;0.0
56;2021-07-18;280;646;0;471708;358254;4;62.4;47.4;0.0
56;2021-07-19;2641;6377;0;474349;364631;4;62.8;48.3;0.0
56;2021-07-20;3338;7877;0;477687;372508;4;63.2;49.3;0.0
56;2021-07-21;2911;7388;0;480598;379896;4;63.6;50.3;0.0
56;2021-07-22;4119;7856;0;484717;387752;4;64.2;51.3;0.0
56;2021-07-23;4177;8246;0;488894;395998;4;64.7;52.4;0.0
56;2021-07-24;1682;4603;0;490576;400601;4;64.9;53.0;0.0
56;2021-07-25;584;1939;0;491160;402540;4;65.0;53.3;0.0
56;2021-07-26;3351;5452;0;494511;407992;4;65.4;54.0;0.0
56;2021-07-27;4823;6065;0;499334;414057;4;66.1;54.8;0.0
56;2021-07-28;4353;5360;0;503687;419417;4;66.7;55.5;0.0
56;2021-07-29;4924;5493;0;508611;424910;4;67.3;56.2;0.0
56;2021-07-30;5074;5666;0;513685;430576;4;68.0;57.0;0.0
56;2021-07-31;2052;2722;0;515737;433298;4;68.3;57.3;0.0
56;2021-08-01;1201;990;0;516938;434288;4;68.4;57.5;0.0
56;2021-08-02;3920;4435;0;520858;438723;4;68.9;58.1;0.0
56;2021-08-03;5416;4671;0;526274;443394;4;69.7;58.7;0.0
56;2021-08-04;5129;3992;0;531403;447386;4;70.3;59.2;0.0
56;2021-08-05;5288;4161;0;536691;451547;4;71.0;59.8;0.0
56;2021-08-06;4979;4378;0;541670;455925;4;71.7;60.3;0.0
56;2021-08-07;2435;2134;0;544105;458059;4;72.0;60.6;0.0
56;2021-08-08;1547;567;0;545652;458626;4;72.2;60.7;0.0
56;2021-08-09;3277;3876;0;548929;462502;4;72.7;61.2;0.0
56;2021-08-10;4240;4120;0;553169;466622;4;73.2;61.8;0.0
56;2021-08-11;3871;3594;0;557040;470216;4;73.7;62.2;0.0
56;2021-08-12;4011;3938;0;561051;474154;4;74.3;62.8;0.0
56;2021-08-13;3656;4056;0;564707;478210;4;74.7;63.3;0.0
56;2021-08-14;1728;2013;0;566435;480223;4;75.0;63.6;0.0
56;2021-08-15;465;479;1;566900;480702;5;75.0;63.6;0.0
56;2021-08-16;2858;4005;0;569758;484707;5;75.4;64.2;0.0
56;2021-08-17;3432;4296;0;573190;489003;5;75.9;64.7;0.0
56;2021-08-18;3383;3956;2;576573;492959;7;76.3;65.2;0.0
56;2021-08-19;2872;4468;0;579445;497427;7;76.7;65.8;0.0
56;2021-08-20;2706;4633;0;582151;502060;7;77.0;66.4;0.0
56;2021-08-21;1216;2180;0;583367;504240;7;77.2;66.7;0.0
56;2021-08-22;261;540;0;583628;504780;7;77.2;66.8;0.0
56;2021-08-23;1883;4524;0;585511;509304;7;77.5;67.4;0.0
56;2021-08-24;1896;4986;0;587407;514290;7;77.7;68.1;0.0
56;2021-08-25;1670;4622;0;589077;518912;7;78.0;68.7;0.0
56;2021-08-26;1410;4928;0;590487;523840;7;78.2;69.3;0.0
56;2021-08-27;1732;5417;0;592219;529257;7;78.4;70.0;0.0
56;2021-08-28;655;2683;0;592874;531940;7;78.5;70.4;0.0
56;2021-08-29;145;505;0;593019;532445;7;78.5;70.5;0.0
56;2021-08-30;1361;4386;123;594380;536831;130;78.7;71.1;0.0
56;2021-08-31;1471;4402;142;595851;541233;272;78.9;71.6;0.0
56;2021-09-01;1363;3726;239;597214;544959;511;79.0;72.1;0.1
56;2021-09-02;1095;3601;314;598309;548560;825;79.2;72.6;0.1
56;2021-09-03;1115;4054;352;599424;552614;1177;79.3;73.1;0.2
56;2021-09-04;791;2343;96;600215;554957;1273;79.4;73.4;0.2
56;2021-09-05;160;461;15;600375;555418;1288;79.5;73.5;0.2
56;2021-09-06;850;3000;466;601225;558418;1754;79.6;73.9;0.2
56;2021-09-07;800;2896;472;602025;561314;2226;79.7;74.3;0.3
56;2021-09-08;977;3169;227;603002;564483;2453;79.8;74.7;0.3
56;2021-09-09;811;2612;375;603813;567095;2828;79.9;75.1;0.4
56;2021-09-10;914;3091;365;604727;570186;3193;80.0;75.5;0.4
56;2021-09-11;502;2054;94;605229;572240;3287;80.1;75.7;0.4
56;2021-09-12;72;309;8;605301;572549;3295;80.1;75.8;0.4
56;2021-09-13;756;2113;572;606057;574662;3867;80.2;76.1;0.5
56;2021-09-14;715;1927;1018;606772;576589;4885;80.3;76.3;0.6
56;2021-09-15;723;2565;548;607495;579154;5433;80.4;76.7;0.7
56;2021-09-16;703;1629;1004;608198;580783;6437;80.5;76.9;0.9
56;2021-09-17;775;2167;715;608973;582950;7152;80.6;77.2;0.9
56;2021-09-18;313;1812;167;609286;584762;7319;80.6;77.4;1.0
56;2021-09-19;73;280;17;609359;585042;7336;80.6;77.4;1.0
56;2021-09-20;454;1335;807;609813;586377;8143;80.7;77.6;1.1
56;2021-09-21;483;1204;913;610296;587581;9056;80.8;77.8;1.2
56;2021-09-22;470;1797;586;610766;589378;9642;80.8;78.0;1.3
56;2021-09-23;500;1038;1128;611266;590416;10770;80.9;78.1;1.4
56;2021-09-24;570;1639;970;611836;592055;11740;81.0;78.4;1.6
56;2021-09-25;290;1165;216;612126;593220;11956;81.0;78.5;1.6
56;2021-09-26;19;118;19;612145;593338;11975;81.0;78.5;1.6
56;2021-09-27;439;1000;786;612584;594338;12761;81.1;78.7;1.7
56;2021-09-28;442;938;883;613026;595276;13644;81.1;78.8;1.8
56;2021-09-29;412;1190;627;613438;596466;14271;81.2;78.9;1.9
56;2021-09-30;338;622;858;613776;597088;15129;81.2;79.0;2.0
56;2021-10-01;519;1193;1246;614295;598281;16375;81.3;79.2;2.2
56;2021-10-02;208;485;201;614503;598766;16576;81.3;79.2;2.2
56;2021-10-03;5;68;9;614508;598834;16585;81.3;79.3;2.2
56;2021-10-04;310;769;778;614818;599603;17363;81.4;79.4;2.3
56;2021-10-05;256;651;762;615074;600254;18125;81.4;79.4;2.4
56;2021-10-06;405;955;625;615479;601209;18750;81.5;79.6;2.5
56;2021-10-07;300;864;1134;615779;602073;19884;81.5;79.7;2.6
56;2021-10-08;438;933;953;616217;603006;20837;81.6;79.8;2.8
56;2021-10-09;156;395;235;616373;603401;21072;81.6;79.9;2.8
56;2021-10-10;8;58;9;616381;603459;21081;81.6;79.9;2.8
56;2021-10-11;269;628;623;616650;604087;21704;81.6;80.0;2.9
56;2021-10-12;296;647;901;616946;604734;22605;81.7;80.0;3.0
56;2021-10-13;252;435;445;617198;605169;23050;81.7;80.1;3.1
56;2021-10-14;281;670;942;617479;605839;23992;81.7;80.2;3.2
56;2021-10-15;494;867;1406;617973;606706;25398;81.8;80.3;3.4
56;2021-10-16;164;234;249;618137;606940;25647;81.8;80.3;3.4
56;2021-10-17;7;26;18;618144;606966;25665;81.8;80.3;3.4
56;2021-10-18;326;524;931;618470;607490;26596;81.9;80.4;3.5
56;2021-10-19;217;504;920;618687;607994;27516;81.9;80.5;3.6
56;2021-10-20;153;251;570;618840;608245;28086;81.9;80.5;3.7
56;2021-10-21;255;426;1227;619095;608671;29313;81.9;80.6;3.9
56;2021-10-22;300;729;1403;619395;609400;30716;82.0;80.7;4.1
56;2021-10-23;123;217;197;619518;609617;30913;82.0;80.7;4.1
56;2021-10-24;1;15;2;619519;609632;30915;82.0;80.7;4.1
56;2021-10-25;220;304;965;619739;609936;31880;82.0;80.7;4.2
56;2021-10-26;193;361;1072;619932;610297;32952;82.0;80.8;4.4
56;2021-10-27;192;334;1036;620124;610631;33988;82.1;80.8;4.5
56;2021-10-28;193;279;1089;620317;610910;35077;82.1;80.9;4.6
56;2021-10-29;321;505;1641;620638;611415;36718;82.1;80.9;4.9
56;2021-10-30;82;135;311;620720;611550;37029;82.2;80.9;4.9
56;2021-10-31;5;12;5;620725;611562;37034;82.2;80.9;4.9
56;2021-11-01;6;14;3;620731;611576;37037;82.2;80.9;4.9
56;2021-11-02;323;446;1334;621054;612022;38371;82.2;81.0;5.1
56;2021-11-03;170;178;1011;621224;612200;39382;82.2;81.0;5.2
56;2021-11-04;320;408;1822;621544;612608;41204;82.3;81.1;5.5
56;2021-11-05;231;437;1724;621775;613045;42928;82.3;81.1;5.7
56;2021-11-06;77;116;467;621852;613161;43395;82.3;81.2;5.7
56;2021-11-07;1;6;15;621853;613167;43410;82.3;81.2;5.7
56;2021-11-08;235;369;2189;622088;613536;45599;82.3;81.2;6.0
56;2021-11-09;219;279;2050;622307;613815;47649;82.4;81.2;6.3
56;2021-11-10;190;281;1923;622497;614096;49572;82.4;81.3;6.6
56;2021-11-11;5;14;62;622502;614110;49634;82.4;81.3;6.6
56;2021-11-12;293;502;3050;622795;614612;52684;82.4;81.3;7.0
56;2021-11-13;105;125;979;622900;614737;53663;82.4;81.4;7.1
56;2021-11-14;3;2;8;622903;614739;53671;82.4;81.4;7.1
56;2021-11-15;168;241;2394;623071;614980;56065;82.5;81.4;7.4
56;2021-11-16;173;220;2582;623244;615200;58647;82.5;81.4;7.8
56;2021-11-17;194;249;2314;623438;615449;60961;82.5;81.5;8.1
56;2021-11-18;228;216;3109;623666;615665;64070;82.5;81.5;8.5
56;2021-11-19;356;424;5305;624022;616089;69375;82.6;81.5;9.2
56;2021-11-20;127;121;921;624149;616210;70296;82.6;81.6;9.3
56;2021-11-21;8;8;8;624157;616218;70304;82.6;81.6;9.3
56;2021-11-22;249;147;3455;624406;616365;73759;82.6;81.6;9.8
56;2021-11-23;169;196;3391;624575;616561;77150;82.7;81.6;10.2
56;2021-11-24;210;213;3011;624785;616774;80161;82.7;81.6;10.6
56;2021-11-25;248;231;4812;625033;617005;84973;82.7;81.7;11.2
56;2021-11-26;386;397;6249;625419;617402;91222;82.8;81.7;12.1
56;2021-11-27;103;102;1468;625522;617504;92690;82.8;81.7;12.3
56;2021-11-28;14;14;74;625536;617518;92764;82.8;81.7;12.3
56;2021-11-29;271;223;4675;625807;617741;97439;82.8;81.8;12.9
56;2021-11-30;220;250;6263;626027;617991;103702;82.9;81.8;13.7
56;2021-12-01;273;223;6249;626300;618214;109951;82.9;81.8;14.6
56;2021-12-02;160;138;6821;626460;618352;116772;82.9;81.8;15.5
56;2021-12-03;247;303;8558;626707;618655;125330;82.9;81.9;16.6
56;2021-12-04;175;143;3690;626882;618798;129020;83.0;81.9;17.1
56;2021-12-05;7;15;427;626889;618813;129447;83.0;81.9;17.1
56;2021-12-06;185;198;6398;627074;619011;135845;83.0;81.9;18.0
56;2021-12-07;210;266;8787;627284;619277;144632;83.0;82.0;19.1
56;2021-12-08;252;247;7363;627536;619524;151995;83.1;82.0;20.1
56;2021-12-09;236;259;9611;627772;619783;161606;83.1;82.0;21.4
57;2020-12-27;0;0;0;0;0;0;0.0;0.0;0.0
57;2020-12-28;4;0;0;4;0;0;0.0;0.0;0.0
57;2020-12-29;7;0;0;11;0;0;0.0;0.0;0.0
57;2020-12-30;6;0;0;17;0;0;0.0;0.0;0.0
57;2020-12-31;2;0;0;19;0;0;0.0;0.0;0.0
57;2021-01-01;4;1;0;23;1;0;0.0;0.0;0.0
57;2021-01-02;5;0;0;28;1;0;0.0;0.0;0.0
57;2021-01-03;0;0;0;28;1;0;0.0;0.0;0.0
57;2021-01-04;21;0;0;49;1;0;0.0;0.0;0.0
57;2021-01-05;195;0;0;244;1;0;0.0;0.0;0.0
57;2021-01-06;229;0;0;473;1;0;0.0;0.0;0.0
57;2021-01-07;577;2;0;1050;3;0;0.1;0.0;0.0
57;2021-01-08;519;2;0;1569;5;0;0.2;0.0;0.0
57;2021-01-09;197;0;0;1766;5;0;0.2;0.0;0.0
57;2021-01-10;111;1;0;1877;6;0;0.2;0.0;0.0
57;2021-01-11;476;1;0;2353;7;0;0.2;0.0;0.0
57;2021-01-12;627;6;0;2980;13;0;0.3;0.0;0.0
57;2021-01-13;702;2;0;3682;15;0;0.4;0.0;0.0
57;2021-01-14;784;8;0;4466;23;0;0.4;0.0;0.0
57;2021-01-15;693;5;0;5159;28;0;0.5;0.0;0.0
57;2021-01-16;439;1;0;5598;29;0;0.5;0.0;0.0
57;2021-01-17;477;1;0;6075;30;0;0.6;0.0;0.0
57;2021-01-18;2633;23;0;8708;53;0;0.8;0.0;0.0
57;2021-01-19;2586;20;0;11294;73;0;1.1;0.0;0.0
57;2021-01-20;2741;26;0;14035;99;0;1.4;0.0;0.0
57;2021-01-21;1770;11;0;15805;110;0;1.5;0.0;0.0
57;2021-01-22;1319;9;0;17124;119;0;1.7;0.0;0.0
57;2021-01-23;574;16;0;17698;135;0;1.7;0.0;0.0
57;2021-01-24;4;0;0;17702;135;0;1.7;0.0;0.0
57;2021-01-25;935;176;0;18637;311;0;1.8;0.0;0.0
57;2021-01-26;1089;199;0;19726;510;0;1.9;0.0;0.0
57;2021-01-27;1071;170;0;20797;680;0;2.0;0.1;0.0
57;2021-01-28;1093;287;0;21890;967;0;2.1;0.1;0.0
57;2021-01-29;1014;376;0;22904;1343;0;2.2;0.1;0.0
57;2021-01-30;449;90;0;23353;1433;0;2.3;0.1;0.0
57;2021-01-31;17;27;0;23370;1460;0;2.3;0.1;0.0
57;2021-02-01;844;365;0;24214;1825;0;2.3;0.2;0.0
57;2021-02-02;1020;376;0;25234;2201;0;2.4;0.2;0.0
57;2021-02-03;992;336;0;26226;2537;0;2.5;0.2;0.0
57;2021-02-04;1172;815;0;27398;3352;0;2.6;0.3;0.0
57;2021-02-05;980;392;0;28378;3744;0;2.7;0.4;0.0
57;2021-02-06;485;326;0;28863;4070;0;2.8;0.4;0.0
57;2021-02-07;104;331;0;28967;4401;0;2.8;0.4;0.0
57;2021-02-08;1207;1453;0;30174;5854;0;2.9;0.6;0.0
57;2021-02-09;1692;1622;0;31866;7476;0;3.1;0.7;0.0
57;2021-02-10;1677;2013;0;33543;9489;0;3.2;0.9;0.0
57;2021-02-11;1452;1265;0;34995;10754;0;3.4;1.0;0.0
57;2021-02-12;1200;679;0;36195;11433;0;3.5;1.1;0.0
57;2021-02-13;1110;185;0;37305;11618;0;3.6;1.1;0.0
57;2021-02-14;1156;28;0;38461;11646;0;3.7;1.1;0.0
57;2021-02-15;765;868;0;39226;12514;0;3.8;1.2;0.0
57;2021-02-16;1060;863;0;40286;13377;0;3.9;1.3;0.0
57;2021-02-17;952;1007;0;41238;14384;0;4.0;1.4;0.0
57;2021-02-18;950;1226;0;42188;15610;0;4.1;1.5;0.0
57;2021-02-19;972;984;0;43160;16594;0;4.2;1.6;0.0
57;2021-02-20;1121;610;0;44281;17204;0;4.3;1.7;0.0
57;2021-02-21;321;21;0;44602;17225;0;4.3;1.7;0.0
57;2021-02-22;1160;923;0;45762;18148;0;4.4;1.8;0.0
57;2021-02-23;2057;1150;0;47819;19298;0;4.6;1.9;0.0
57;2021-02-24;2158;1018;0;49977;20316;0;4.8;2.0;0.0
57;2021-02-25;3186;1141;0;53163;21457;0;5.1;2.1;0.0
57;2021-02-26;3392;977;0;56555;22434;0;5.5;2.2;0.0
57;2021-02-27;3444;542;0;59999;22976;0;5.8;2.2;0.0
57;2021-02-28;1763;61;0;61762;23037;0;6.0;2.2;0.0
57;2021-03-01;1974;1325;0;63736;24362;0;6.2;2.4;0.0
57;2021-03-02;2773;1590;0;66509;25952;0;6.4;2.5;0.0
57;2021-03-03;2734;1613;0;69243;27565;0;6.7;2.7;0.0
57;2021-03-04;3196;1303;0;72439;28868;0;7.0;2.8;0.0
57;2021-03-05;4297;1247;0;76736;30115;0;7.4;2.9;0.0
57;2021-03-06;6907;796;0;83643;30911;0;8.1;3.0;0.0
57;2021-03-07;5678;279;0;89321;31190;0;8.6;3.0;0.0
57;2021-03-08;2288;1005;0;91609;32195;0;8.8;3.1;0.0
57;2021-03-09;3304;1279;0;94913;33474;0;9.2;3.2;0.0
57;2021-03-10;3575;964;0;98488;34438;0;9.5;3.3;0.0
57;2021-03-11;4023;1191;0;102511;35629;0;9.9;3.4;0.0
57;2021-03-12;5079;1217;0;107590;36846;0;10.4;3.6;0.0
57;2021-03-13;6107;964;0;113697;37810;0;11.0;3.7;0.0
57;2021-03-14;2335;419;0;116032;38229;0;11.2;3.7;0.0
57;2021-03-15;2988;867;0;119020;39096;0;11.5;3.8;0.0
57;2021-03-16;2955;1247;0;121975;40343;0;11.8;3.9;0.0
57;2021-03-17;3089;1106;0;125064;41449;0;12.1;4.0;0.0
57;2021-03-18;3401;1023;0;128465;42472;0;12.4;4.1;0.0
57;2021-03-19;4568;1003;0;133033;43475;0;12.8;4.2;0.0
57;2021-03-20;4550;999;0;137583;44474;0;13.3;4.3;0.0
57;2021-03-21;1840;251;0;139423;44725;0;13.5;4.3;0.0
57;2021-03-22;2411;1401;0;141834;46126;0;13.7;4.5;0.0
57;2021-03-23;3423;2225;0;145257;48351;0;14.0;4.7;0.0
57;2021-03-24;3918;2084;0;149175;50435;0;14.4;4.9;0.0
57;2021-03-25;4754;2512;0;153929;52947;0;14.9;5.1;0.0
57;2021-03-26;4822;2165;0;158751;55112;0;15.3;5.3;0.0
57;2021-03-27;3797;2968;0;162548;58080;0;15.7;5.6;0.0
57;2021-03-28;1398;1712;0;163946;59792;0;15.8;5.8;0.0
57;2021-03-29;2052;2082;0;165998;61874;0;16.0;6.0;0.0
57;2021-03-30;3440;2380;0;169438;64254;0;16.4;6.2;0.0
57;2021-03-31;2969;2254;0;172407;66508;0;16.6;6.4;0.0
57;2021-04-01;3414;3051;0;175821;69559;0;17.0;6.7;0.0
57;2021-04-02;2523;2452;0;178344;72011;0;17.2;7.0;0.0
57;2021-04-03;2598;2503;0;180942;74514;0;17.5;7.2;0.0
57;2021-04-04;566;915;0;181508;75429;0;17.5;7.3;0.0
57;2021-04-05;1829;674;0;183337;76103;0;17.7;7.3;0.0
57;2021-04-06;2411;2730;0;185748;78833;0;17.9;7.6;0.0
57;2021-04-07;3703;2990;0;189451;81823;0;18.3;7.9;0.0
57;2021-04-08;5464;2867;0;194915;84690;0;18.8;8.2;0.0
57;2021-04-09;5053;2772;0;199968;87462;0;19.3;8.4;0.0
57;2021-04-10;2446;3451;0;202414;90913;0;19.5;8.8;0.0
57;2021-04-11;1067;1841;0;203481;92754;0;19.6;9.0;0.0
57;2021-04-12;1859;2729;0;205340;95483;0;19.8;9.2;0.0
57;2021-04-13;2101;3031;0;207441;98514;0;20.0;9.5;0.0
57;2021-04-14;2111;3006;0;209552;101520;0;20.2;9.8;0.0
57;2021-04-15;2523;3389;0;212075;104909;0;20.5;10.1;0.0
57;2021-04-16;2768;3278;0;214843;108187;0;20.7;10.4;0.0
57;2021-04-17;2679;3118;0;217522;111305;0;21.0;10.7;0.0
57;2021-04-18;1146;1718;0;218668;113023;0;21.1;10.9;0.0
57;2021-04-19;2354;2330;0;221022;115353;0;21.3;11.1;0.0
57;2021-04-20;2717;2800;0;223739;118153;0;21.6;11.4;0.0
57;2021-04-21;3366;2453;0;227105;120606;0;21.9;11.6;0.0
57;2021-04-22;3423;2325;0;230528;122931;0;22.3;11.9;0.0
57;2021-04-23;4229;2630;0;234757;125561;0;22.7;12.1;0.0
57;2021-04-24;3528;2612;0;238285;128173;0;23.0;12.4;0.0
57;2021-04-25;804;1120;0;239089;129293;0;23.1;12.5;0.0
57;2021-04-26;3127;2135;0;242216;131428;0;23.4;12.7;0.0
57;2021-04-27;4053;2511;0;246269;133939;0;23.8;12.9;0.0
57;2021-04-28;4668;2664;0;250937;136603;0;24.2;13.2;0.0
57;2021-04-29;5648;3471;0;256585;140074;0;24.8;13.5;0.0
57;2021-04-30;4961;3524;0;261546;143598;0;25.2;13.9;0.0
57;2021-05-01;2448;1708;0;263994;145306;0;25.5;14.0;0.0
57;2021-05-02;837;898;0;264831;146204;0;25.6;14.1;0.0
57;2021-05-03;3803;3025;0;268634;149229;0;25.9;14.4;0.0
57;2021-05-04;4975;3179;0;273609;152408;0;26.4;14.7;0.0
57;2021-05-05;6286;3156;0;279895;155564;0;27.0;15.0;0.0
57;2021-05-06;6081;3333;0;285976;158897;0;27.6;15.3;0.0
57;2021-05-07;6833;3476;0;292809;162373;0;28.3;15.7;0.0
57;2021-05-08;4006;1577;0;296815;163950;0;28.7;15.8;0.0
57;2021-05-09;2046;1053;0;298861;165003;0;28.9;15.9;0.0
57;2021-05-10;5165;3121;0;304026;168124;0;29.3;16.2;0.0
57;2021-05-11;7459;2932;0;311485;171056;0;30.1;16.5;0.0
57;2021-05-12;7727;3418;0;319212;174474;0;30.8;16.8;0.0
57;2021-05-13;4590;932;0;323802;175406;0;31.3;16.9;0.0
57;2021-05-14;7722;2696;0;331524;178102;0;32.0;17.2;0.0
57;2021-05-15;5850;2136;0;337374;180238;0;32.6;17.4;0.0
57;2021-05-16;3353;579;0;340727;180817;0;32.9;17.5;0.0
57;2021-05-17;3970;2205;0;344697;183022;0;33.3;17.7;0.0
57;2021-05-18;6261;2163;0;350958;185185;0;33.9;17.9;0.0
57;2021-05-19;6971;2430;0;357929;187615;0;34.6;18.1;0.0
57;2021-05-20;6260;2269;0;364189;189884;0;35.2;18.3;0.0
57;2021-05-21;7730;2972;0;371919;192856;0;35.9;18.6;0.0
57;2021-05-22;5084;2195;0;377003;195051;0;36.4;18.8;0.0
57;2021-05-23;1961;425;0;378964;195476;0;36.6;18.9;0.0
57;2021-05-24;3106;1069;0;382070;196545;0;36.9;19.0;0.0
57;2021-05-25;5613;2858;0;387683;199403;0;37.4;19.2;0.0
57;2021-05-26;6508;3325;0;394191;202728;0;38.1;19.6;0.0
57;2021-05-27;6238;3267;0;400429;205995;0;38.7;19.9;0.0
57;2021-05-28;6964;4744;0;407393;210739;0;39.3;20.3;0.0
57;2021-05-29;5317;4396;0;412710;215135;0;39.8;20.8;0.0
57;2021-05-30;1900;1685;0;414610;216820;0;40.0;20.9;0.0
57;2021-05-31;4389;3488;0;418999;220308;0;40.4;21.3;0.0
57;2021-06-01;5839;3840;0;424838;224148;0;41.0;21.6;0.0
57;2021-06-02;6194;4290;0;431032;228438;0;41.6;22.1;0.0
57;2021-06-03;6149;4126;0;437181;232564;0;42.2;22.5;0.0
57;2021-06-04;7366;5153;0;444547;237717;0;42.9;22.9;0.0
57;2021-06-05;4697;4135;0;449244;241852;0;43.4;23.3;0.0
57;2021-06-06;1916;897;0;451160;242749;0;43.6;23.4;0.0
57;2021-06-07;4325;4180;0;455485;246929;0;44.0;23.8;0.0
57;2021-06-08;6386;4632;0;461871;251561;0;44.6;24.3;0.0
57;2021-06-09;6663;4441;0;468534;256002;0;45.2;24.7;0.0
57;2021-06-10;5992;4780;0;474526;260782;0;45.8;25.2;0.0
57;2021-06-11;5233;5463;0;479759;266245;0;46.3;25.7;0.0
57;2021-06-12;5427;4530;0;485186;270775;0;46.8;26.1;0.0
57;2021-06-13;1407;1139;0;486593;271914;0;47.0;26.2;0.0
57;2021-06-14;3269;4930;0;489862;276844;0;47.3;26.7;0.0
57;2021-06-15;3810;6071;0;493672;282915;0;47.7;27.3;0.0
57;2021-06-16;4332;6693;0;498004;289608;0;48.1;28.0;0.0
57;2021-06-17;4189;6128;0;502193;295736;0;48.5;28.5;0.0
57;2021-06-18;4297;7384;0;506490;303120;0;48.9;29.3;0.0
57;2021-06-19;4025;6270;0;510515;309390;0;49.3;29.9;0.0
57;2021-06-20;949;1650;0;511464;311040;0;49.4;30.0;0.0
57;2021-06-21;2180;6102;0;513644;317142;0;49.6;30.6;0.0
57;2021-06-22;2636;8045;0;516280;325187;0;49.8;31.4;0.0
57;2021-06-23;3066;8392;0;519346;333579;0;50.1;32.2;0.0
57;2021-06-24;2566;5405;0;521912;338984;0;50.4;32.7;0.0
57;2021-06-25;2811;7837;0;524723;346821;0;50.7;33.5;0.0
57;2021-06-26;2791;7127;0;527514;353948;0;50.9;34.2;0.0
57;2021-06-27;716;2798;0;528230;356746;0;51.0;34.4;0.0
57;2021-06-28;1668;5287;0;529898;362033;0;51.2;34.9;0.0
57;2021-06-29;2096;6928;0;531994;368961;0;51.4;35.6;0.0
57;2021-06-30;3070;7405;1;535064;376366;1;51.7;36.3;0.0
57;2021-07-01;2718;6204;0;537782;382570;1;51.9;36.9;0.0
57;2021-07-02;2692;8203;0;540474;390773;1;52.2;37.7;0.0
57;2021-07-03;3128;6430;0;543602;397203;1;52.5;38.3;0.0
57;2021-07-04;888;2437;0;544490;399640;1;52.6;38.6;0.0
57;2021-07-05;1822;4816;0;546312;404456;1;52.7;39.0;0.0
57;2021-07-06;2504;6510;0;548816;410966;1;53.0;39.7;0.0
57;2021-07-07;2768;7183;0;551584;418149;1;53.2;40.4;0.0
57;2021-07-08;2637;6117;0;554221;424266;1;53.5;41.0;0.0
57;2021-07-09;3412;8363;0;557633;432629;1;53.8;41.8;0.0
57;2021-07-10;2989;6872;0;560622;439501;1;54.1;42.4;0.0
57;2021-07-11;815;2189;0;561437;441690;1;54.2;42.6;0.0
57;2021-07-12;2400;6477;0;563837;448167;1;54.4;43.3;0.0
57;2021-07-13;4279;7512;0;568116;455679;1;54.8;44.0;0.0
57;2021-07-14;2751;3775;0;570867;459454;1;55.1;44.4;0.0
57;2021-07-15;4003;7701;0;574870;467155;1;55.5;45.1;0.0
57;2021-07-16;5557;9496;0;580427;476651;1;56.0;46.0;0.0
57;2021-07-17;5477;7032;0;585904;483683;1;56.6;46.7;0.0
57;2021-07-18;1545;2621;0;587449;486304;1;56.7;46.9;0.0
57;2021-07-19;2565;6191;0;590014;492495;1;57.0;47.5;0.0
57;2021-07-20;4258;6962;0;594272;499457;1;57.4;48.2;0.0
57;2021-07-21;5035;6873;0;599307;506330;1;57.9;48.9;0.0
57;2021-07-22;5571;5879;0;604878;512209;1;58.4;49.4;0.0
57;2021-07-23;6576;6381;0;611454;518590;1;59.0;50.1;0.0
57;2021-07-24;4378;6863;0;615832;525453;1;59.5;50.7;0.0
57;2021-07-25;1322;1713;0;617154;527166;1;59.6;50.9;0.0
57;2021-07-26;3710;4562;0;620864;531728;1;59.9;51.3;0.0
57;2021-07-27;6627;5074;0;627491;536802;1;60.6;51.8;0.0
57;2021-07-28;7166;4556;0;634657;541358;1;61.3;52.3;0.0
57;2021-07-29;7440;4619;0;642097;545977;1;62.0;52.7;0.0
57;2021-07-30;6733;5040;0;648830;551017;1;62.6;53.2;0.0
57;2021-07-31;5507;4965;0;654337;555982;1;63.2;53.7;0.0
57;2021-08-01;1961;1106;0;656298;557088;1;63.4;53.8;0.0
57;2021-08-02;3687;3322;0;659985;560410;1;63.7;54.1;0.0
57;2021-08-03;5399;4312;0;665384;564722;1;64.2;54.5;0.0
57;2021-08-04;5020;3513;0;670404;568235;1;64.7;54.9;0.0
57;2021-08-05;5139;3785;0;675543;572020;1;65.2;55.2;0.0
57;2021-08-06;5397;4817;0;680940;576837;1;65.7;55.7;0.0
57;2021-08-07;4255;5024;0;685195;581861;1;66.1;56.2;0.0
57;2021-08-08;1435;1470;0;686630;583331;1;66.3;56.3;0.0
57;2021-08-09;2576;3297;1;689206;586628;2;66.5;56.6;0.0
57;2021-08-10;3470;3882;0;692676;590510;2;66.9;57.0;0.0
57;2021-08-11;3540;3961;0;696216;594471;2;67.2;57.4;0.0
57;2021-08-12;3063;5072;0;699279;599543;2;67.5;57.9;0.0
57;2021-08-13;3297;4694;0;702576;604237;2;67.8;58.3;0.0
57;2021-08-14;2145;4987;0;704721;609224;2;68.0;58.8;0.0
57;2021-08-15;491;1079;0;705212;610303;2;68.1;58.9;0.0
57;2021-08-16;1840;3614;0;707052;613917;2;68.3;59.3;0.0
57;2021-08-17;2318;5315;0;709370;619232;2;68.5;59.8;0.0
57;2021-08-18;2324;5179;0;711694;624411;2;68.7;60.3;0.0
57;2021-08-19;2202;5396;0;713896;629807;2;68.9;60.8;0.0
57;2021-08-20;2037;5974;0;715933;635781;2;69.1;61.4;0.0
57;2021-08-21;1800;5293;0;717733;641074;2;69.3;61.9;0.0
57;2021-08-22;431;1486;0;718164;642560;2;69.3;62.0;0.0
57;2021-08-23;1162;3873;0;719326;646433;2;69.4;62.4;0.0
57;2021-08-24;1765;5484;0;721091;651917;2;69.6;62.9;0.0
57;2021-08-25;1612;5125;0;722703;657042;2;69.8;63.4;0.0
57;2021-08-26;1533;4541;0;724236;661583;2;69.9;63.9;0.0
57;2021-08-27;1733;5725;0;725969;667308;2;70.1;64.4;0.0
57;2021-08-28;1959;5224;0;727928;672532;2;70.3;64.9;0.0
57;2021-08-29;344;1086;0;728272;673618;2;70.3;65.0;0.0
57;2021-08-30;1065;3205;51;729337;676823;53;70.4;65.3;0.0
57;2021-08-31;1432;4167;156;730769;680990;209;70.5;65.7;0.0
57;2021-09-01;1651;3736;338;732420;684726;547;70.7;66.1;0.1
57;2021-09-02;1167;3000;322;733587;687726;869;70.8;66.4;0.1
57;2021-09-03;1537;3914;422;735124;691640;1291;71.0;66.8;0.1
57;2021-09-04;1613;3669;288;736737;695309;1579;71.1;67.1;0.2
57;2021-09-05;348;797;96;737085;696106;1675;71.2;67.2;0.2
57;2021-09-06;807;1778;375;737892;697884;2050;71.2;67.4;0.2
57;2021-09-07;723;1870;402;738615;699754;2452;71.3;67.6;0.2
57;2021-09-08;938;2428;442;739553;702182;2894;71.4;67.8;0.3
57;2021-09-09;667;1931;436;740220;704113;3330;71.5;68.0;0.3
57;2021-09-10;1147;2415;566;741367;706528;3896;71.6;68.2;0.4
57;2021-09-11;1166;2945;332;742533;709473;4228;71.7;68.5;0.4
57;2021-09-12;241;468;66;742774;709941;4294;71.7;68.5;0.4
57;2021-09-13;651;1235;491;743425;711176;4785;71.8;68.7;0.5
57;2021-09-14;775;1490;707;744200;712666;5492;71.8;68.8;0.5
57;2021-09-15;774;1941;745;744974;714607;6237;71.9;69.0;0.6
57;2021-09-16;714;1192;726;745688;715799;6963;72.0;69.1;0.7
57;2021-09-17;1110;1795;635;746798;717594;7598;72.1;69.3;0.7
57;2021-09-18;822;2511;421;747620;720105;8019;72.2;69.5;0.8
57;2021-09-19;117;324;73;747737;720429;8092;72.2;69.5;0.8
57;2021-09-20;453;892;749;748190;721321;8841;72.2;69.6;0.9
57;2021-09-21;487;841;815;748677;722162;9656;72.3;69.7;0.9
57;2021-09-22;509;1309;741;749186;723471;10397;72.3;69.8;1.0
57;2021-09-23;455;1173;757;749641;724644;11154;72.4;70.0;1.1
57;2021-09-24;760;1452;987;750401;726096;12141;72.4;70.1;1.2
57;2021-09-25;520;1936;526;750921;728032;12667;72.5;70.3;1.2
57;2021-09-26;110;306;88;751031;728338;12755;72.5;70.3;1.2
57;2021-09-27;419;837;787;751450;729175;13542;72.5;70.4;1.3
57;2021-09-28;317;608;915;751767;729783;14457;72.6;70.5;1.4
57;2021-09-29;515;1074;1135;752282;730857;15592;72.6;70.6;1.5
57;2021-09-30;332;621;1019;752614;731478;16611;72.7;70.6;1.6
57;2021-10-01;784;1311;1648;753398;732789;18259;72.7;70.7;1.8
57;2021-10-02;684;1498;844;754082;734287;19103;72.8;70.9;1.8
57;2021-10-03;118;217;143;754200;734504;19246;72.8;70.9;1.9
57;2021-10-04;503;605;1085;754703;735109;20331;72.9;71.0;2.0
57;2021-10-05;363;566;1157;755066;735675;21488;72.9;71.0;2.1
57;2021-10-06;513;750;1330;755579;736425;22818;72.9;71.1;2.2
57;2021-10-07;363;621;1139;755942;737046;23957;73.0;71.2;2.3
57;2021-10-08;545;1049;1960;756487;738095;25917;73.0;71.3;2.5
57;2021-10-09;624;1143;1359;757111;739238;27276;73.1;71.4;2.6
57;2021-10-10;95;123;112;757206;739361;27388;73.1;71.4;2.6
57;2021-10-11;394;593;1175;757600;739954;28563;73.1;71.4;2.8
57;2021-10-12;330;477;1103;757930;740431;29666;73.2;71.5;2.9
57;2021-10-13;590;703;1420;758520;741134;31086;73.2;71.5;3.0
57;2021-10-14;349;480;1130;758869;741614;32216;73.3;71.6;3.1
57;2021-10-15;649;996;2571;759518;742610;34787;73.3;71.7;3.4
57;2021-10-16;652;750;1715;760170;743360;36502;73.4;71.8;3.5
57;2021-10-17;98;129;216;760268;743489;36718;73.4;71.8;3.5
57;2021-10-18;428;546;1403;760696;744035;38121;73.4;71.8;3.7
57;2021-10-19;328;416;1165;761024;744451;39286;73.5;71.9;3.8
57;2021-10-20;458;498;1667;761482;744949;40953;73.5;71.9;4.0
57;2021-10-21;295;461;1043;761777;745410;41996;73.5;72.0;4.1
57;2021-10-22;621;745;2674;762398;746155;44670;73.6;72.0;4.3
57;2021-10-23;573;733;1718;762971;746888;46388;73.7;72.1;4.5
57;2021-10-24;84;109;163;763055;746997;46551;73.7;72.1;4.5
57;2021-10-25;353;437;1542;763408;747434;48093;73.7;72.2;4.6
57;2021-10-26;246;311;1349;763654;747745;49442;73.7;72.2;4.8
57;2021-10-27;382;467;1794;764036;748212;51236;73.8;72.2;4.9
57;2021-10-28;240;283;1252;764276;748495;52488;73.8;72.3;5.1
57;2021-10-29;468;583;2362;764744;749078;54850;73.8;72.3;5.3
57;2021-10-30;404;549;1409;765148;749627;56259;73.9;72.4;5.4
57;2021-10-31;53;91;140;765201;749718;56399;73.9;72.4;5.4
57;2021-11-01;103;79;89;765304;749797;56488;73.9;72.4;5.5
57;2021-11-02;352;421;1424;765656;750218;57912;73.9;72.4;5.6
57;2021-11-03;380;559;2242;766036;750777;60154;74.0;72.5;5.8
57;2021-11-04;274;404;1827;766310;751181;61981;74.0;72.5;6.0
57;2021-11-05;461;655;2762;766771;751836;64743;74.0;72.6;6.3
57;2021-11-06;433;715;2007;767204;752551;66750;74.1;72.6;6.4
57;2021-11-07;50;80;171;767254;752631;66921;74.1;72.7;6.5
57;2021-11-08;295;508;2898;767549;753139;69819;74.1;72.7;6.7
57;2021-11-09;258;334;2595;767807;753473;72414;74.1;72.7;7.0
57;2021-11-10;376;530;3238;768183;754003;75652;74.2;72.8;7.3
57;2021-11-11;48;95;336;768231;754098;75988;74.2;72.8;7.3
57;2021-11-12;463;710;4400;768694;754808;80388;74.2;72.9;7.8
57;2021-11-13;393;608;2860;769087;755416;83248;74.2;72.9;8.0
57;2021-11-14;66;118;487;769153;755534;83735;74.3;72.9;8.1
57;2021-11-15;294;423;2881;769447;755957;86616;74.3;73.0;8.4
57;2021-11-16;291;350;2727;769738;756307;89343;74.3;73.0;8.6
57;2021-11-17;426;474;3161;770164;756781;92504;74.3;73.1;8.9
57;2021-11-18;271;332;3051;770435;757113;95555;74.4;73.1;9.2
57;2021-11-19;489;587;4478;770924;757700;100033;74.4;73.1;9.7
57;2021-11-20;507;519;3055;771431;758219;103088;74.5;73.2;10.0
57;2021-11-21;49;56;201;771480;758275;103289;74.5;73.2;10.0
57;2021-11-22;314;253;3412;771794;758528;106701;74.5;73.2;10.3
57;2021-11-23;416;398;3439;772210;758926;110140;74.5;73.3;10.6
57;2021-11-24;379;479;3677;772589;759405;113817;74.6;73.3;11.0
57;2021-11-25;370;369;4342;772959;759774;118159;74.6;73.3;11.4
57;2021-11-26;464;563;6998;773423;760337;125157;74.7;73.4;12.1
57;2021-11-27;448;590;6069;773871;760927;131226;74.7;73.5;12.7
57;2021-11-28;79;94;2430;773950;761021;133656;74.7;73.5;12.9
57;2021-11-29;304;370;5681;774254;761391;139337;74.7;73.5;13.5
57;2021-11-30;349;396;7626;774603;761787;146963;74.8;73.5;14.2
57;2021-12-01;248;417;6348;774851;762204;153311;74.8;73.6;14.8
57;2021-12-02;354;314;9461;775205;762518;162772;74.8;73.6;15.7
57;2021-12-03;392;544;10918;775597;763062;173690;74.9;73.7;16.8
57;2021-12-04;493;586;8893;776090;763648;182583;74.9;73.7;17.6
57;2021-12-05;179;146;2936;776269;763794;185519;74.9;73.7;17.9
57;2021-12-06;377;525;6605;776646;764319;192124;75.0;73.8;18.5
57;2021-12-07;361;473;9303;777007;764792;201427;75.0;73.8;19.4
57;2021-12-08;465;590;8831;777472;765382;210258;75.1;73.9;20.3
57;2021-12-09;429;470;10338;777901;765852;220596;75.1;73.9;21.3
58;2020-12-27;0;0;0;0;0;0;0.0;0.0;0.0
58;2020-12-28;0;0;0;0;0;0;0.0;0.0;0.0
58;2020-12-29;0;0;0;0;0;0;0.0;0.0;0.0
58;2020-12-30;0;0;0;0;0;0;0.0;0.0;0.0
58;2020-12-31;0;0;0;0;0;0;0.0;0.0;0.0
58;2021-01-01;0;0;0;0;0;0;0.0;0.0;0.0
58;2021-01-02;0;0;0;0;0;0;0.0;0.0;0.0
58;2021-01-03;1;0;0;1;0;0;0.0;0.0;0.0
58;2021-01-04;0;0;0;1;0;0;0.0;0.0;0.0
58;2021-01-05;1;0;0;2;0;0;0.0;0.0;0.0
58;2021-01-06;131;0;0;133;0;0;0.1;0.0;0.0
58;2021-01-07;229;0;0;362;0;0;0.2;0.0;0.0
58;2021-01-08;64;0;0;426;0;0;0.2;0.0;0.0
58;2021-01-09;1;0;0;427;0;0;0.2;0.0;0.0
58;2021-01-10;2;0;0;429;0;0;0.2;0.0;0.0
58;2021-01-11;55;0;0;484;0;0;0.2;0.0;0.0
58;2021-01-12;246;0;0;730;0;0;0.4;0.0;0.0
58;2021-01-13;390;3;0;1120;3;0;0.6;0.0;0.0
58;2021-01-14;266;2;0;1386;5;0;0.7;0.0;0.0
58;2021-01-15;149;0;0;1535;5;0;0.8;0.0;0.0
58;2021-01-16;20;2;0;1555;7;0;0.8;0.0;0.0
58;2021-01-17;1;0;0;1556;7;0;0.8;0.0;0.0
58;2021-01-18;397;1;0;1953;8;0;1.0;0.0;0.0
58;2021-01-19;896;2;0;2849;10;0;1.4;0.0;0.0
58;2021-01-20;1114;1;0;3963;11;0;2.0;0.0;0.0
58;2021-01-21;904;5;0;4867;16;0;2.4;0.0;0.0
58;2021-01-22;726;5;0;5593;21;0;2.8;0.0;0.0
58;2021-01-23;258;0;0;5851;21;0;2.9;0.0;0.0
58;2021-01-24;2;0;0;5853;21;0;2.9;0.0;0.0
58;2021-01-25;364;2;0;6217;23;0;3.1;0.0;0.0
58;2021-01-26;584;3;0;6801;26;0;3.4;0.0;0.0
58;2021-01-27;585;45;0;7386;71;0;3.7;0.0;0.0
58;2021-01-28;675;64;0;8061;135;0;4.0;0.1;0.0
58;2021-01-29;757;12;0;8818;147;0;4.4;0.1;0.0
58;2021-01-30;241;1;0;9059;148;0;4.5;0.1;0.0
58;2021-01-31;11;0;0;9070;148;0;4.5;0.1;0.0
58;2021-02-01;183;74;0;9253;222;0;4.6;0.1;0.0
58;2021-02-02;490;82;0;9743;304;0;4.9;0.2;0.0
58;2021-02-03;291;147;0;10034;451;0;5.0;0.2;0.0
58;2021-02-04;257;93;0;10291;544;0;5.2;0.3;0.0
58;2021-02-05;139;93;0;10430;637;0;5.2;0.3;0.0
58;2021-02-06;94;2;0;10524;639;0;5.3;0.3;0.0
58;2021-02-07;2;0;0;10526;639;0;5.3;0.3;0.0
58;2021-02-08;243;74;0;10769;713;0;5.4;0.4;0.0
58;2021-02-09;426;294;0;11195;1007;0;5.6;0.5;0.0
58;2021-02-10;310;352;0;11505;1359;0;5.8;0.7;0.0
58;2021-02-11;282;366;0;11787;1725;0;5.9;0.9;0.0
58;2021-02-12;201;213;0;11988;1938;0;6.0;1.0;0.0
58;2021-02-13;72;33;0;12060;1971;0;6.0;1.0;0.0
58;2021-02-14;0;2;0;12060;1973;0;6.0;1.0;0.0
58;2021-02-15;112;482;0;12172;2455;0;6.1;1.2;0.0
58;2021-02-16;193;851;0;12365;3306;0;6.2;1.7;0.0
58;2021-02-17;193;693;0;12558;3999;0;6.3;2.0;0.0
58;2021-02-18;161;743;0;12719;4742;0;6.4;2.4;0.0
58;2021-02-19;236;684;0;12955;5426;0;6.5;2.7;0.0
58;2021-02-20;61;234;0;13016;5660;0;6.5;2.8;0.0
58;2021-02-21;0;31;0;13016;5691;0;6.5;2.9;0.0
58;2021-02-22;82;358;0;13098;6049;0;6.6;3.0;0.0
58;2021-02-23;52;577;0;13150;6626;0;6.6;3.3;0.0
58;2021-02-24;53;539;0;13203;7165;0;6.6;3.6;0.0
58;2021-02-25;239;622;0;13442;7787;0;6.7;3.9;0.0
58;2021-02-26;232;566;0;13674;8353;0;6.9;4.2;0.0
58;2021-02-27;102;197;0;13776;8550;0;6.9;4.3;0.0
58;2021-02-28;13;8;0;13789;8558;0;6.9;4.3;0.0
58;2021-03-01;143;216;0;13932;8774;0;7.0;4.4;0.0
58;2021-03-02;375;553;0;14307;9327;0;7.2;4.7;0.0
58;2021-03-03;497;279;0;14804;9606;0;7.4;4.8;0.0
58;2021-03-04;641;249;0;15445;9855;0;7.7;4.9;0.0
58;2021-03-05;740;176;0;16185;10031;0;8.1;5.0;0.0
58;2021-03-06;540;83;0;16725;10114;0;8.4;5.1;0.0
58;2021-03-07;64;5;0;16789;10119;0;8.4;5.1;0.0
58;2021-03-08;160;258;0;16949;10377;0;8.5;5.2;0.0
58;2021-03-09;504;471;0;17453;10848;0;8.7;5.4;0.0
58;2021-03-10;805;243;0;18258;11091;0;9.1;5.6;0.0
58;2021-03-11;831;265;0;19089;11356;0;9.6;5.7;0.0
58;2021-03-12;773;177;0;19862;11533;0;10.0;5.8;0.0
58;2021-03-13;478;66;0;20340;11599;0;10.2;5.8;0.0
58;2021-03-14;36;1;0;20376;11600;0;10.2;5.8;0.0
58;2021-03-15;479;109;0;20855;11709;0;10.4;5.9;0.0
58;2021-03-16;654;218;0;21509;11927;0;10.8;6.0;0.0
58;2021-03-17;659;150;0;22168;12077;0;11.1;6.1;0.0
58;2021-03-18;582;162;0;22750;12239;0;11.4;6.1;0.0
58;2021-03-19;541;107;0;23291;12346;0;11.7;6.2;0.0
58;2021-03-20;313;64;0;23604;12410;0;11.8;6.2;0.0
58;2021-03-21;15;0;0;23619;12410;0;11.8;6.2;0.0
58;2021-03-22;723;23;0;24342;12433;0;12.2;6.2;0.0
58;2021-03-23;1413;44;0;25755;12477;0;12.9;6.3;0.0
58;2021-03-24;1213;74;0;26968;12551;0;13.5;6.3;0.0
58;2021-03-25;1621;43;0;28589;12594;0;14.3;6.3;0.0
58;2021-03-26;1309;56;0;29898;12650;0;15.0;6.3;0.0
58;2021-03-27;380;14;0;30278;12664;0;15.2;6.3;0.0
58;2021-03-28;20;1;0;30298;12665;0;15.2;6.3;0.0
58;2021-03-29;584;144;0;30882;12809;0;15.5;6.4;0.0
58;2021-03-30;1081;238;0;31963;13047;0;16.0;6.5;0.0
58;2021-03-31;973;326;0;32936;13373;0;16.5;6.7;0.0
58;2021-04-01;1436;352;0;34372;13725;0;17.2;6.9;0.0
58;2021-04-02;1366;306;0;35738;14031;0;17.9;7.0;0.0
58;2021-04-03;573;155;0;36311;14186;0;18.2;7.1;0.0
58;2021-04-04;4;2;0;36315;14188;0;18.2;7.1;0.0
58;2021-04-05;48;2;0;36363;14190;0;18.2;7.1;0.0
58;2021-04-06;730;336;0;37093;14526;0;18.6;7.3;0.0
58;2021-04-07;669;488;0;37762;15014;0;18.9;7.5;0.0
58;2021-04-08;1372;406;0;39134;15420;0;19.6;7.7;0.0
58;2021-04-09;1629;393;0;40763;15813;0;20.4;7.9;0.0
58;2021-04-10;576;191;0;41339;16004;0;20.7;8.0;0.0
58;2021-04-11;30;3;0;41369;16007;0;20.7;8.0;0.0
58;2021-04-12;1071;460;0;42440;16467;0;21.3;8.3;0.0
58;2021-04-13;1379;588;0;43819;17055;0;22.0;8.5;0.0
58;2021-04-14;1230;620;0;45049;17675;0;22.6;8.9;0.0
58;2021-04-15;1262;585;0;46311;18260;0;23.2;9.1;0.0
58;2021-04-16;1528;486;0;47839;18746;0;24.0;9.4;0.0
58;2021-04-17;682;234;0;48521;18980;0;24.3;9.5;0.0
58;2021-04-18;19;10;0;48540;18990;0;24.3;9.5;0.0
58;2021-04-19;490;542;0;49030;19532;0;24.6;9.8;0.0
58;2021-04-20;477;947;0;49507;20479;0;24.8;10.3;0.0
58;2021-04-21;541;829;0;50048;21308;0;25.1;10.7;0.0
58;2021-04-22;711;1322;0;50759;22630;0;25.4;11.3;0.0
58;2021-04-23;888;701;0;51647;23331;0;25.9;11.7;0.0
58;2021-04-24;215;222;0;51862;23553;0;26.0;11.8;0.0
58;2021-04-25;16;1;0;51878;23554;0;26.0;11.8;0.0
58;2021-04-26;719;273;0;52597;23827;0;26.4;11.9;0.0
58;2021-04-27;1333;1022;0;53930;24849;0;27.0;12.4;0.0
58;2021-04-28;1459;890;0;55389;25739;0;27.8;12.9;0.0
58;2021-04-29;1330;980;0;56719;26719;0;28.4;13.4;0.0
58;2021-04-30;1159;873;0;57878;27592;0;29.0;13.8;0.0
58;2021-05-01;46;65;0;57924;27657;0;29.0;13.9;0.0
58;2021-05-02;18;5;0;57942;27662;0;29.0;13.9;0.0
58;2021-05-03;991;402;0;58933;28064;0;29.5;14.1;0.0
58;2021-05-04;1058;1211;0;59991;29275;0;30.1;14.7;0.0
58;2021-05-05;934;998;0;60925;30273;0;30.5;15.2;0.0
58;2021-05-06;1350;941;0;62275;31214;0;31.2;15.6;0.0
58;2021-05-07;1114;984;0;63389;32198;0;31.8;16.1;0.0
58;2021-05-08;144;67;0;63533;32265;0;31.8;16.2;0.0
58;2021-05-09;20;31;0;63553;32296;0;31.8;16.2;0.0
58;2021-05-10;923;877;0;64476;33173;0;32.3;16.6;0.0
58;2021-05-11;1385;1821;0;65861;34994;0;33.0;17.5;0.0
58;2021-05-12;1784;1470;0;67645;36464;0;33.9;18.3;0.0
58;2021-05-13;149;174;0;67794;36638;0;34.0;18.4;0.0
58;2021-05-14;2156;805;0;69950;37443;0;35.0;18.8;0.0
58;2021-05-15;1683;422;0;71633;37865;0;35.9;19.0;0.0
58;2021-05-16;124;33;0;71757;37898;0;36.0;19.0;0.0
58;2021-05-17;757;558;0;72514;38456;0;36.3;19.3;0.0
58;2021-05-18;1385;1109;0;73899;39565;0;37.0;19.8;0.0
58;2021-05-19;1757;511;0;75656;40076;0;37.9;20.1;0.0
58;2021-05-20;1743;627;0;77399;40703;0;38.8;20.4;0.0
58;2021-05-21;908;647;0;78307;41350;0;39.2;20.7;0.0
58;2021-05-22;416;231;0;78723;41581;0;39.4;20.8;0.0
58;2021-05-23;46;25;0;78769;41606;0;39.5;20.8;0.0
58;2021-05-24;164;53;0;78933;41659;0;39.5;20.9;0.0
58;2021-05-25;1441;1023;0;80374;42682;0;40.3;21.4;0.0
58;2021-05-26;967;741;0;81341;43423;0;40.8;21.8;0.0
58;2021-05-27;935;908;0;82276;44331;0;41.2;22.2;0.0
58;2021-05-28;638;843;0;82914;45174;0;41.5;22.6;0.0
58;2021-05-29;365;231;0;83279;45405;0;41.7;22.7;0.0
58;2021-05-30;97;19;0;83376;45424;0;41.8;22.8;0.0
58;2021-05-31;832;390;0;84208;45814;0;42.2;23.0;0.0
58;2021-06-01;1489;1531;0;85697;47345;0;42.9;23.7;0.0
58;2021-06-02;1573;988;0;87270;48333;0;43.7;24.2;0.0
58;2021-06-03;1143;886;0;88413;49219;0;44.3;24.7;0.0
58;2021-06-04;976;895;0;89389;50114;0;44.8;25.1;0.0
58;2021-06-05;443;282;0;89832;50396;0;45.0;25.2;0.0
58;2021-06-06;54;53;0;89886;50449;0;45.0;25.3;0.0
58;2021-06-07;750;746;0;90636;51195;0;45.4;25.6;0.0
58;2021-06-08;1309;1717;0;91945;52912;0;46.1;26.5;0.0
58;2021-06-09;1445;972;0;93390;53884;0;46.8;27.0;0.0
58;2021-06-10;1172;930;0;94562;54814;0;47.4;27.5;0.0
58;2021-06-11;987;909;0;95549;55723;0;47.9;27.9;0.0
58;2021-06-12;1084;421;0;96633;56144;0;48.4;28.1;0.0
58;2021-06-13;47;43;0;96680;56187;0;48.4;28.2;0.0
58;2021-06-14;517;1035;0;97197;57222;0;48.7;28.7;0.0
58;2021-06-15;1424;1772;0;98621;58994;0;49.4;29.6;0.0
58;2021-06-16;1667;993;0;100288;59987;0;50.2;30.1;0.0
58;2021-06-17;1798;1134;0;102086;61121;0;51.1;30.6;0.0
58;2021-06-18;890;1150;0;102976;62271;0;51.6;31.2;0.0
58;2021-06-19;567;388;0;103543;62659;0;51.9;31.4;0.0
58;2021-06-20;21;10;0;103564;62669;0;51.9;31.4;0.0
58;2021-06-21;451;645;0;104015;63314;0;52.1;31.7;0.0
58;2021-06-22;952;2029;0;104967;65343;0;52.6;32.7;0.0
58;2021-06-23;1298;1566;0;106265;66909;0;53.2;33.5;0.0
58;2021-06-24;681;981;0;106946;67890;0;53.6;34.0;0.0
58;2021-06-25;759;1714;0;107705;69604;0;54.0;34.9;0.0
58;2021-06-26;513;1301;0;108218;70905;0;54.2;35.5;0.0
58;2021-06-27;31;56;0;108249;70961;0;54.2;35.6;0.0
58;2021-06-28;393;981;0;108642;71942;0;54.4;36.0;0.0
58;2021-06-29;581;2106;0;109223;74048;0;54.7;37.1;0.0
58;2021-06-30;938;1657;0;110161;75705;0;55.2;37.9;0.0
58;2021-07-01;703;1697;0;110864;77402;0;55.5;38.8;0.0
58;2021-07-02;408;931;0;111272;78333;0;55.7;39.2;0.0
58;2021-07-03;237;652;0;111509;78985;0;55.9;39.6;0.0
58;2021-07-04;22;74;0;111531;79059;0;55.9;39.6;0.0
58;2021-07-05;500;841;0;112031;79900;0;56.1;40.0;0.0
58;2021-07-06;630;2100;0;112661;82000;0;56.4;41.1;0.0
58;2021-07-07;382;1099;0;113043;83099;0;56.6;41.6;0.0
58;2021-07-08;430;1075;0;113473;84174;0;56.9;42.2;0.0
58;2021-07-09;717;1461;0;114190;85635;0;57.2;42.9;0.0
58;2021-07-10;278;577;0;114468;86212;0;57.3;43.2;0.0
58;2021-07-11;174;135;0;114642;86347;0;57.4;43.3;0.0
58;2021-07-12;220;1073;0;114862;87420;0;57.5;43.8;0.0
58;2021-07-13;915;2561;0;115777;89981;0;58.0;45.1;0.0
58;2021-07-14;100;120;0;115877;90101;0;58.1;45.1;0.0
58;2021-07-15;1099;1932;0;116976;92033;0;58.6;46.1;0.0
58;2021-07-16;1331;1465;0;118307;93498;0;59.3;46.8;0.0
58;2021-07-17;482;443;0;118789;93941;0;59.5;47.1;0.0
58;2021-07-18;116;41;0;118905;93982;0;59.6;47.1;0.0
58;2021-07-19;1371;970;0;120276;94952;0;60.3;47.6;0.0
58;2021-07-20;1338;2361;0;121614;97313;0;60.9;48.8;0.0
58;2021-07-21;1156;1993;0;122770;99306;0;61.5;49.8;0.0
58;2021-07-22;1134;1616;0;123904;100922;0;62.1;50.6;0.0
58;2021-07-23;1201;1388;0;125105;102310;0;62.7;51.3;0.0
58;2021-07-24;924;1257;0;126029;103567;0;63.1;51.9;0.0
58;2021-07-25;96;61;0;126125;103628;0;63.2;51.9;0.0
58;2021-07-26;914;822;0;127039;104450;0;63.6;52.3;0.0
58;2021-07-27;1488;2381;0;128527;106831;0;64.4;53.5;0.0
58;2021-07-28;1463;1782;0;129990;108613;0;65.1;54.4;0.0
58;2021-07-29;1525;1494;0;131515;110107;0;65.9;55.2;0.0
58;2021-07-30;1374;1283;1;132889;111390;1;66.6;55.8;0.0
58;2021-07-31;595;550;0;133484;111940;1;66.9;56.1;0.0
58;2021-08-01;57;26;0;133541;111966;1;66.9;56.1;0.0
58;2021-08-02;1469;859;0;135010;112825;1;67.6;56.5;0.0
58;2021-08-03;1730;1592;0;136740;114417;1;68.5;57.3;0.0
58;2021-08-04;1190;1088;0;137930;115505;1;69.1;57.9;0.0
58;2021-08-05;1353;1108;0;139283;116613;1;69.8;58.4;0.0
58;2021-08-06;1184;986;0;140467;117599;1;70.4;58.9;0.0
58;2021-08-07;349;432;0;140816;118031;1;70.6;59.1;0.0
58;2021-08-08;34;79;0;140850;118110;1;70.6;59.2;0.0
58;2021-08-09;937;1172;0;141787;119282;1;71.0;59.8;0.0
58;2021-08-10;1539;1257;0;143326;120539;1;71.8;60.4;0.0
58;2021-08-11;992;735;0;144318;121274;1;72.3;60.8;0.0
58;2021-08-12;920;1056;0;145238;122330;1;72.8;61.3;0.0
58;2021-08-13;819;882;0;146057;123212;1;73.2;61.7;0.0
58;2021-08-14;232;363;0;146289;123575;1;73.3;61.9;0.0
58;2021-08-15;23;43;0;146312;123618;1;73.3;61.9;0.0
58;2021-08-16;344;1252;0;146656;124870;1;73.5;62.6;0.0
58;2021-08-17;723;1259;0;147379;126129;1;73.8;63.2;0.0
58;2021-08-18;673;1097;0;148052;127226;1;74.2;63.7;0.0
58;2021-08-19;642;1275;0;148694;128501;1;74.5;64.4;0.0
58;2021-08-20;601;1160;0;149295;129661;1;74.8;65.0;0.0
58;2021-08-21;226;489;0;149521;130150;1;74.9;65.2;0.0
58;2021-08-22;16;113;0;149537;130263;1;74.9;65.3;0.0
58;2021-08-23;362;793;0;149899;131056;1;75.1;65.7;0.0
58;2021-08-24;421;1282;0;150320;132338;1;75.3;66.3;0.0
58;2021-08-25;405;1358;0;150725;133696;1;75.5;67.0;0.0
58;2021-08-26;491;1504;0;151216;135200;1;75.8;67.7;0.0
58;2021-08-27;446;1380;0;151662;136580;1;76.0;68.4;0.0
58;2021-08-28;229;661;0;151891;137241;1;76.1;68.8;0.0
58;2021-08-29;10;52;0;151901;137293;1;76.1;68.8;0.0
58;2021-08-30;322;773;26;152223;138066;27;76.3;69.2;0.0
58;2021-08-31;443;1355;71;152666;139421;98;76.5;69.9;0.0
58;2021-09-01;375;1326;161;153041;140747;259;76.7;70.5;0.1
58;2021-09-02;265;1086;117;153306;141833;376;76.8;71.1;0.2
58;2021-09-03;334;1182;204;153640;143015;580;77.0;71.7;0.3
58;2021-09-04;199;570;64;153839;143585;644;77.1;71.9;0.3
58;2021-09-05;8;42;2;153847;143627;646;77.1;72.0;0.3
58;2021-09-06;136;398;163;153983;144025;809;77.1;72.2;0.4
58;2021-09-07;263;695;174;154246;144720;983;77.3;72.5;0.5
58;2021-09-08;233;912;261;154479;145632;1244;77.4;73.0;0.6
58;2021-09-09;233;456;254;154712;146088;1498;77.5;73.2;0.8
58;2021-09-10;237;627;282;154949;146715;1780;77.6;73.5;0.9
58;2021-09-11;108;407;87;155057;147122;1867;77.7;73.7;0.9
58;2021-09-12;5;11;11;155062;147133;1878;77.7;73.7;0.9
58;2021-09-13;183;389;297;155245;147522;2175;77.8;73.9;1.1
58;2021-09-14;268;573;356;155513;148095;2531;77.9;74.2;1.3
58;2021-09-15;184;521;281;155697;148616;2812;78.0;74.5;1.4
58;2021-09-16;190;424;337;155887;149040;3149;78.1;74.7;1.6
58;2021-09-17;195;377;237;156082;149417;3386;78.2;74.9;1.7
58;2021-09-18;106;355;82;156188;149772;3468;78.3;75.0;1.7
58;2021-09-19;6;10;3;156194;149782;3471;78.3;75.0;1.7
58;2021-09-20;160;223;287;156354;150005;3758;78.3;75.2;1.9
58;2021-09-21;133;364;309;156487;150369;4067;78.4;75.3;2.0
58;2021-09-22;147;490;483;156634;150859;4550;78.5;75.6;2.3
58;2021-09-23;131;294;315;156765;151153;4865;78.5;75.7;2.4
58;2021-09-24;118;345;254;156883;151498;5119;78.6;75.9;2.6
58;2021-09-25;78;319;109;156961;151817;5228;78.6;76.1;2.6
58;2021-09-26;10;15;20;156971;151832;5248;78.6;76.1;2.6
58;2021-09-27;88;221;216;157059;152053;5464;78.7;76.2;2.7
58;2021-09-28;119;307;297;157178;152360;5761;78.7;76.3;2.9
58;2021-09-29;98;322;370;157276;152682;6131;78.8;76.5;3.1
58;2021-09-30;77;209;261;157353;152891;6392;78.8;76.6;3.2
58;2021-10-01;97;215;200;157450;153106;6592;78.9;76.7;3.3
58;2021-10-02;83;201;167;157533;153307;6759;78.9;76.8;3.4
58;2021-10-03;0;4;8;157533;153311;6767;78.9;76.8;3.4
58;2021-10-04;68;169;185;157601;153480;6952;79.0;76.9;3.5
58;2021-10-05;131;294;437;157732;153774;7389;79.0;77.0;3.7
58;2021-10-06;71;281;267;157803;154055;7656;79.1;77.2;3.8
58;2021-10-07;85;138;299;157888;154193;7955;79.1;77.3;4.0
58;2021-10-08;109;217;309;157997;154410;8264;79.2;77.4;4.1
58;2021-10-09;67;134;136;158064;154544;8400;79.2;77.4;4.2
58;2021-10-10;3;14;16;158067;154558;8416;79.2;77.4;4.2
58;2021-10-11;50;152;260;158117;154710;8676;79.2;77.5;4.3
58;2021-10-12;107;196;430;158224;154906;9106;79.3;77.6;4.6
58;2021-10-13;122;230;521;158346;155136;9627;79.3;77.7;4.8
58;2021-10-14;67;209;333;158413;155345;9960;79.4;77.8;5.0
58;2021-10-15;73;107;288;158486;155452;10248;79.4;77.9;5.1
58;2021-10-16;61;117;142;158547;155569;10390;79.4;77.9;5.2
58;2021-10-17;3;7;7;158550;155576;10397;79.4;77.9;5.2
58;2021-10-18;33;68;242;158583;155644;10639;79.5;78.0;5.3
58;2021-10-19;67;100;424;158650;155744;11063;79.5;78.0;5.5
58;2021-10-20;132;150;624;158782;155894;11687;79.6;78.1;5.9
58;2021-10-21;49;78;334;158831;155972;12021;79.6;78.1;6.0
58;2021-10-22;52;88;275;158883;156060;12296;79.6;78.2;6.2
58;2021-10-23;63;89;247;158946;156149;12543;79.6;78.2;6.3
58;2021-10-24;9;18;23;158955;156167;12566;79.6;78.2;6.3
58;2021-10-25;40;63;269;158995;156230;12835;79.7;78.3;6.4
58;2021-10-26;83;116;573;159078;156346;13408;79.7;78.3;6.7
58;2021-10-27;75;87;507;159153;156433;13915;79.7;78.4;7.0
58;2021-10-28;55;92;521;159208;156525;14436;79.8;78.4;7.2
58;2021-10-29;41;68;299;159249;156593;14735;79.8;78.5;7.4
58;2021-10-30;54;74;172;159303;156667;14907;79.8;78.5;7.5
58;2021-10-31;0;10;8;159303;156677;14915;79.8;78.5;7.5
58;2021-11-01;3;0;4;159306;156677;14919;79.8;78.5;7.5
58;2021-11-02;57;93;448;159363;156770;15367;79.8;78.5;7.7
58;2021-11-03;74;143;671;159437;156913;16038;79.9;78.6;8.0
58;2021-11-04;63;70;461;159500;156983;16499;79.9;78.7;8.3
58;2021-11-05;59;66;407;159559;157049;16906;79.9;78.7;8.5
58;2021-11-06;41;54;216;159600;157103;17122;80.0;78.7;8.6
58;2021-11-07;4;6;36;159604;157109;17158;80.0;78.7;8.6
58;2021-11-08;26;39;441;159630;157148;17599;80.0;78.7;8.8
58;2021-11-09;54;84;775;159684;157232;18374;80.0;78.8;9.2
58;2021-11-10;84;144;857;159768;157376;19231;80.0;78.8;9.6
58;2021-11-11;6;8;24;159774;157384;19255;80.0;78.9;9.6
58;2021-11-12;69;74;608;159843;157458;19863;80.1;78.9;10.0
58;2021-11-13;32;61;278;159875;157519;20141;80.1;78.9;10.1
58;2021-11-14;2;8;12;159877;157527;20153;80.1;78.9;10.1
58;2021-11-15;34;46;624;159911;157573;20777;80.1;78.9;10.4
58;2021-11-16;58;89;1013;159969;157662;21790;80.1;79.0;10.9
58;2021-11-17;69;136;950;160038;157798;22740;80.2;79.1;11.4
58;2021-11-18;58;60;855;160096;157858;23595;80.2;79.1;11.8
58;2021-11-19;55;62;743;160151;157920;24338;80.2;79.1;12.2
58;2021-11-20;39;51;361;160190;157971;24699;80.3;79.1;12.4
58;2021-11-21;3;3;47;160193;157974;24746;80.3;79.1;12.4
58;2021-11-22;39;31;682;160232;158005;25428;80.3;79.2;12.7
58;2021-11-23;74;63;1021;160306;158068;26449;80.3;79.2;13.3
58;2021-11-24;89;126;1038;160395;158194;27487;80.4;79.3;13.8
58;2021-11-25;63;65;1312;160458;158259;28799;80.4;79.3;14.4
58;2021-11-26;76;62;1099;160534;158321;29898;80.4;79.3;15.0
58;2021-11-27;44;55;625;160578;158376;30523;80.5;79.3;15.3
58;2021-11-28;9;5;102;160587;158381;30625;80.5;79.4;15.3
58;2021-11-29;60;39;1400;160647;158420;32025;80.5;79.4;16.0
58;2021-11-30;75;58;2100;160722;158478;34125;80.5;79.4;17.1
58;2021-12-01;50;66;1916;160772;158544;36041;80.5;79.4;18.1
58;2021-12-02;51;52;2182;160823;158596;38223;80.6;79.5;19.2
58;2021-12-03;50;63;1943;160873;158659;40166;80.6;79.5;20.1
58;2021-12-04;46;43;926;160919;158702;41092;80.6;79.5;20.6
58;2021-12-05;2;6;132;160921;158708;41224;80.6;79.5;20.7
58;2021-12-06;41;34;1679;160962;158742;42903;80.6;79.5;21.5
58;2021-12-07;49;70;2322;161011;158812;45225;80.7;79.6;22.7
58;2021-12-08;34;70;1974;161045;158882;47199;80.7;79.6;23.6
58;2021-12-09;44;61;2674;161089;158943;49873;80.7;79.6;25.0
59;2020-12-27;0;0;0;0;0;0;0.0;0.0;0.0
59;2020-12-28;25;0;0;25;0;0;0.0;0.0;0.0
59;2020-12-29;0;0;0;25;0;0;0.0;0.0;0.0
59;2020-12-30;1;0;0;26;0;0;0.0;0.0;0.0
59;2020-12-31;1;0;0;27;0;0;0.0;0.0;0.0
59;2021-01-01;2;0;0;29;0;0;0.0;0.0;0.0
59;2021-01-02;4;2;0;33;2;0;0.0;0.0;0.0
59;2021-01-03;3;0;0;36;2;0;0.0;0.0;0.0
59;2021-01-04;80;0;0;116;2;0;0.0;0.0;0.0
59;2021-01-05;201;0;0;317;2;0;0.0;0.0;0.0
59;2021-01-06;403;2;0;720;4;0;0.0;0.0;0.0
59;2021-01-07;1273;1;0;1993;5;0;0.1;0.0;0.0
59;2021-01-08;1253;9;0;3246;14;0;0.1;0.0;0.0
59;2021-01-09;564;2;0;3810;16;0;0.1;0.0;0.0
59;2021-01-10;401;0;0;4211;16;0;0.2;0.0;0.0
59;2021-01-11;1762;7;0;5973;23;0;0.2;0.0;0.0
59;2021-01-12;2396;3;0;8369;26;0;0.3;0.0;0.0
59;2021-01-13;2315;5;0;10684;31;0;0.4;0.0;0.0
59;2021-01-14;2664;26;0;13348;57;0;0.5;0.0;0.0
59;2021-01-15;2211;17;0;15559;74;0;0.6;0.0;0.0
59;2021-01-16;735;3;0;16294;77;0;0.6;0.0;0.0
59;2021-01-17;514;4;0;16808;81;0;0.6;0.0;0.0
59;2021-01-18;3439;13;0;20247;94;0;0.8;0.0;0.0
59;2021-01-19;4723;14;0;24970;108;0;1.0;0.0;0.0
59;2021-01-20;4091;13;0;29061;121;0;1.1;0.0;0.0
59;2021-01-21;4712;43;0;33773;164;0;1.3;0.0;0.0
59;2021-01-22;4062;13;0;37835;177;0;1.5;0.0;0.0
59;2021-01-23;1220;2;0;39055;179;0;1.5;0.0;0.0
59;2021-01-24;163;0;0;39218;179;0;1.5;0.0;0.0
59;2021-01-25;2755;52;0;41973;231;0;1.6;0.0;0.0
59;2021-01-26;2836;129;0;44809;360;0;1.7;0.0;0.0
59;2021-01-27;1780;293;0;46589;653;0;1.8;0.0;0.0
59;2021-01-28;3470;747;0;50059;1400;0;1.9;0.1;0.0
59;2021-01-29;2565;773;0;52624;2173;0;2.0;0.1;0.0
59;2021-01-30;298;175;0;52922;2348;0;2.0;0.1;0.0
59;2021-01-31;26;1;0;52948;2349;0;2.0;0.1;0.0
59;2021-02-01;89;837;0;53037;3186;0;2.0;0.1;0.0
59;2021-02-02;694;1445;0;53731;4631;0;2.1;0.2;0.0
59;2021-02-03;3539;1426;0;57270;6057;0;2.2;0.2;0.0
59;2021-02-04;2826;1706;0;60096;7763;0;2.3;0.3;0.0
59;2021-02-05;1052;1386;0;61148;9149;0;2.4;0.4;0.0
59;2021-02-06;216;378;0;61364;9527;0;2.4;0.4;0.0
59;2021-02-07;249;47;0;61613;9574;0;2.4;0.4;0.0
59;2021-02-08;671;1568;0;62284;11142;0;2.4;0.4;0.0
59;2021-02-09;1009;1789;0;63293;12931;0;2.4;0.5;0.0
59;2021-02-10;1010;1620;0;64303;14551;0;2.5;0.6;0.0
59;2021-02-11;1336;1821;0;65639;16372;0;2.5;0.6;0.0
59;2021-02-12;1446;1587;0;67085;17959;0;2.6;0.7;0.0
59;2021-02-13;192;705;0;67277;18664;0;2.6;0.7;0.0
59;2021-02-14;15;41;0;67292;18705;0;2.6;0.7;0.0
59;2021-02-15;1333;3092;0;68625;21797;0;2.7;0.8;0.0
59;2021-02-16;1430;3687;0;70055;25484;0;2.7;1.0;0.0
59;2021-02-17;1588;3812;0;71643;29296;0;2.8;1.1;0.0
59;2021-02-18;3024;5174;0;74667;34470;0;2.9;1.3;0.0
59;2021-02-19;3208;3634;0;77875;38104;0;3.0;1.5;0.0
59;2021-02-20;1383;1557;0;79258;39661;0;3.1;1.5;0.0
59;2021-02-21;246;244;0;79504;39905;0;3.1;1.5;0.0
59;2021-02-22;1405;2549;0;80909;42454;0;3.1;1.6;0.0
59;2021-02-23;2603;2851;0;83512;45305;0;3.2;1.7;0.0
59;2021-02-24;3991;3888;0;87503;49193;0;3.4;1.9;0.0
59;2021-02-25;6730;3562;0;94233;52755;0;3.6;2.0;0.0
59;2021-02-26;6352;1825;0;100585;54580;0;3.9;2.1;0.0
59;2021-02-27;3025;186;0;103610;54766;0;4.0;2.1;0.0
59;2021-02-28;204;62;0;103814;54828;0;4.0;2.1;0.0
59;2021-03-01;3583;652;0;107397;55480;0;4.1;2.1;0.0
59;2021-03-02;4764;572;0;112161;56052;0;4.3;2.2;0.0
59;2021-03-03;5648;970;0;117809;57022;0;4.6;2.2;0.0
59;2021-03-04;6989;924;0;124798;57946;0;4.8;2.2;0.0
59;2021-03-05;7734;980;0;132532;58926;0;5.1;2.3;0.0
59;2021-03-06;11373;561;0;143905;59487;0;5.6;2.3;0.0
59;2021-03-07;7481;365;0;151386;59852;0;5.8;2.3;0.0
59;2021-03-08;4367;1075;0;155753;60927;0;6.0;2.4;0.0
59;2021-03-09;6388;1389;0;162141;62316;0;6.3;2.4;0.0
59;2021-03-10;6844;1211;0;168985;63527;0;6.5;2.5;0.0
59;2021-03-11;9268;1926;0;178253;65453;0;6.9;2.5;0.0
59;2021-03-12;11912;1595;0;190165;67048;0;7.3;2.6;0.0
59;2021-03-13;16239;1101;0;206404;68149;0;8.0;2.6;0.0
59;2021-03-14;6790;375;0;213194;68524;0;8.2;2.6;0.0
59;2021-03-15;5499;1490;0;218693;70014;0;8.4;2.7;0.0
59;2021-03-16;3698;1364;0;222391;71378;0;8.6;2.8;0.0
59;2021-03-17;3787;2033;0;226178;73411;0;8.7;2.8;0.0
59;2021-03-18;3903;2380;0;230081;75791;0;8.9;2.9;0.0
59;2021-03-19;7632;1857;0;237713;77648;0;9.2;3.0;0.0
59;2021-03-20;15511;1292;0;253224;78940;0;9.8;3.0;0.0
59;2021-03-21;6340;461;0;259564;79401;0;10.0;3.1;0.0
59;2021-03-22;5285;1736;0;264849;81137;0;10.2;3.1;0.0
59;2021-03-23;7677;2809;0;272526;83946;0;10.5;3.2;0.0
59;2021-03-24;6948;2978;0;279474;86924;0;10.8;3.4;0.0
59;2021-03-25;10498;2559;0;289972;89483;0;11.2;3.5;0.0
59;2021-03-26;12203;2871;0;302175;92354;0;11.7;3.6;0.0
59;2021-03-27;15156;1155;0;317331;93509;0;12.3;3.6;0.0
59;2021-03-28;7843;366;0;325174;93875;0;12.6;3.6;0.0
59;2021-03-29;5494;3131;0;330668;97006;0;12.8;3.7;0.0
59;2021-03-30;7568;3733;0;338236;100739;0;13.1;3.9;0.0
59;2021-03-31;6244;4134;0;344480;104873;0;13.3;4.1;0.0
59;2021-04-01;7534;4919;0;352014;109792;0;13.6;4.2;0.0
59;2021-04-02;7714;5442;0;359728;115234;0;13.9;4.5;0.0
59;2021-04-03;12650;4231;0;372378;119465;0;14.4;4.6;0.0
59;2021-04-04;5213;2164;0;377591;121629;0;14.6;4.7;0.0
59;2021-04-05;5593;1468;0;383184;123097;0;14.8;4.8;0.0
59;2021-04-06;5480;4418;0;388664;127515;0;15.0;4.9;0.0
59;2021-04-07;7690;5331;0;396354;132846;0;15.3;5.1;0.0
59;2021-04-08;10314;5778;0;406668;138624;0;15.7;5.4;0.0
59;2021-04-09;13281;5835;0;419949;144459;0;16.2;5.6;0.0
59;2021-04-10;11215;6117;0;431164;150576;0;16.7;5.8;0.0
59;2021-04-11;4474;3522;0;435638;154098;0;16.8;6.0;0.0
59;2021-04-12;6220;4215;0;441858;158313;0;17.1;6.1;0.0
59;2021-04-13;8976;4710;0;450834;163023;0;17.4;6.3;0.0
59;2021-04-14;8729;4298;0;459563;167321;0;17.8;6.5;0.0
59;2021-04-15;10202;4839;0;469765;172160;0;18.1;6.6;0.0
59;2021-04-16;10703;5394;0;480468;177554;0;18.6;6.9;0.0
59;2021-04-17;7110;8737;0;487578;186291;0;18.8;7.2;0.0
59;2021-04-18;3078;4218;0;490656;190509;0;19.0;7.4;0.0
59;2021-04-19;4889;4148;0;495545;194657;0;19.1;7.5;0.0
59;2021-04-20;6888;4264;0;502433;198921;0;19.4;7.7;0.0
59;2021-04-21;6304;4534;0;508737;203455;0;19.7;7.9;0.0
59;2021-04-22;8370;5573;0;517107;209028;0;20.0;8.1;0.0
59;2021-04-23;8330;5743;0;525437;214771;0;20.3;8.3;0.0
59;2021-04-24;5421;7969;0;530858;222740;0;20.5;8.6;0.0
59;2021-04-25;3132;5883;0;533990;228623;0;20.6;8.8;0.0
59;2021-04-26;6252;3738;0;540242;232361;0;20.9;9.0;0.0
59;2021-04-27;8201;5271;0;548443;237632;0;21.2;9.2;0.0
59;2021-04-28;8635;6608;0;557078;244240;0;21.5;9.4;0.0
59;2021-04-29;9244;8611;0;566322;252851;0;21.9;9.8;0.0
59;2021-04-30;10253;8516;0;576575;261367;0;22.3;10.1;0.0
59;2021-05-01;11318;7123;0;587893;268490;0;22.7;10.4;0.0
59;2021-05-02;8150;5566;0;596043;274056;0;23.0;10.6;0.0
59;2021-05-03;9015;4979;0;605058;279035;0;23.4;10.8;0.0
59;2021-05-04;10934;6032;0;615992;285067;0;23.8;11.0;0.0
59;2021-05-05;9843;6283;0;625835;291350;0;24.2;11.3;0.0
59;2021-05-06;10828;8315;0;636663;299665;0;24.6;11.6;0.0
59;2021-05-07;12509;9453;0;649172;309118;0;25.1;11.9;0.0
59;2021-05-08;13737;3950;0;662909;313068;0;25.6;12.1;0.0
59;2021-05-09;10608;3218;0;673517;316286;0;26.0;12.2;0.0
59;2021-05-10;11595;6505;0;685112;322791;0;26.5;12.5;0.0
59;2021-05-11;14296;8313;0;699408;331104;0;27.0;12.8;0.0
59;2021-05-12;15744;8503;0;715152;339607;0;27.6;13.1;0.0
59;2021-05-13;17685;3333;0;732837;342940;0;28.3;13.2;0.0
59;2021-05-14;15437;6791;0;748274;349731;0;28.9;13.5;0.0
59;2021-05-15;22720;5110;0;770994;354841;0;29.8;13.7;0.0
59;2021-05-16;19876;2309;0;790870;357150;0;30.5;13.8;0.0
59;2021-05-17;14439;5084;0;805309;362234;0;31.1;14.0;0.0
59;2021-05-18;16546;5636;0;821855;367870;0;31.7;14.2;0.0
59;2021-05-19;17704;5121;0;839559;372991;0;32.4;14.4;0.0
59;2021-05-20;17362;6881;0;856921;379872;0;33.1;14.7;0.0
59;2021-05-21;17598;8084;0;874519;387956;0;33.8;15.0;0.0
59;2021-05-22;23087;5541;0;897606;393497;0;34.7;15.2;0.0
59;2021-05-23;16716;2198;0;914322;395695;0;35.3;15.3;0.0
59;2021-05-24;14840;1916;0;929162;397611;0;35.9;15.4;0.0
59;2021-05-25;14538;6652;0;943700;404263;0;36.5;15.6;0.0
59;2021-05-26;14963;7041;0;958663;411304;0;37.0;15.9;0.0
59;2021-05-27;15416;9061;0;974079;420365;0;37.6;16.2;0.0
59;2021-05-28;15163;11260;0;989242;431625;0;38.2;16.7;0.0
59;2021-05-29;13849;8588;0;1003091;440213;0;38.7;17.0;0.0
59;2021-05-30;7834;1773;0;1010925;441986;0;39.0;17.1;0.0
59;2021-05-31;13612;7708;0;1024537;449694;0;39.6;17.4;0.0
59;2021-06-01;14739;10314;0;1039276;460008;0;40.1;17.8;0.0
59;2021-06-02;14330;9719;0;1053606;469727;0;40.7;18.1;0.0
59;2021-06-03;14996;11840;0;1068602;481567;0;41.3;18.6;0.0
59;2021-06-04;15272;13194;0;1083874;494761;0;41.9;19.1;0.0
59;2021-06-05;14211;9107;0;1098085;503868;0;42.4;19.5;0.0
59;2021-06-06;8145;3065;0;1106230;506933;0;42.7;19.6;0.0
59;2021-06-07;10022;9145;0;1116252;516078;0;43.1;19.9;0.0
59;2021-06-08;11330;10887;0;1127582;526965;0;43.6;20.4;0.0
59;2021-06-09;10611;11601;0;1138193;538566;0;44.0;20.8;0.0
59;2021-06-10;11256;11963;0;1149449;550529;0;44.4;21.3;0.0
59;2021-06-11;10938;15584;0;1160387;566113;0;44.8;21.9;0.0
59;2021-06-12;10671;13150;0;1171058;579263;0;45.2;22.4;0.0
59;2021-06-13;5938;6675;0;1176996;585938;0;45.5;22.6;0.0
59;2021-06-14;6280;12252;0;1183276;598190;0;45.7;23.1;0.0
59;2021-06-15;8146;15560;0;1191422;613750;0;46.0;23.7;0.0
59;2021-06-16;9051;13290;0;1200473;627040;0;46.4;24.2;0.0
59;2021-06-17;9050;15288;0;1209523;642328;0;46.7;24.8;0.0
59;2021-06-18;8985;19195;0;1218508;661523;0;47.1;25.6;0.0
59;2021-06-19;8624;16440;0;1227132;677963;0;47.4;26.2;0.0
59;2021-06-20;4443;9237;0;1231575;687200;0;47.6;26.5;0.0
59;2021-06-21;5239;15161;0;1236814;702361;0;47.8;27.1;0.0
59;2021-06-22;6157;18267;0;1242971;720628;0;48.0;27.8;0.0
59;2021-06-23;5982;18578;0;1248953;739206;0;48.2;28.6;0.0
59;2021-06-24;7097;19999;0;1256050;759205;0;48.5;29.3;0.0
59;2021-06-25;6341;21029;0;1262391;780234;0;48.8;30.1;0.0
59;2021-06-26;6210;23122;0;1268601;803356;0;49.0;31.0;0.0
59;2021-06-27;4219;15866;0;1272820;819222;0;49.2;31.6;0.0
59;2021-06-28;4770;18994;0;1277590;838216;0;49.3;32.4;0.0
59;2021-06-29;5363;20063;0;1282953;858279;0;49.6;33.2;0.0
59;2021-06-30;6117;19707;0;1289070;877986;0;49.8;33.9;0.0
59;2021-07-01;7056;20314;0;1296126;898300;0;50.1;34.7;0.0
59;2021-07-02;7230;22618;0;1303356;920918;0;50.3;35.6;0.0
59;2021-07-03;5456;23764;0;1308812;944682;0;50.6;36.5;0.0
59;2021-07-04;4038;14734;0;1312850;959416;0;50.7;37.1;0.0
59;2021-07-05;5567;16553;0;1318417;975969;0;50.9;37.7;0.0
59;2021-07-06;6484;18479;0;1324901;994448;0;51.2;38.4;0.0
59;2021-07-07;6815;17182;0;1331716;1011630;0;51.4;39.1;0.0
59;2021-07-08;8069;17401;0;1339785;1029031;0;51.7;39.7;0.0
59;2021-07-09;7600;19796;0;1347385;1048827;0;52.0;40.5;0.0
59;2021-07-10;7224;17826;0;1354609;1066653;0;52.3;41.2;0.0
59;2021-07-11;4055;9295;0;1358664;1075948;0;52.5;41.6;0.0
59;2021-07-12;5781;17509;0;1364445;1093457;0;52.7;42.2;0.0
59;2021-07-13;9840;20620;0;1374285;1114077;0;53.1;43.0;0.0
59;2021-07-14;10002;8187;0;1384287;1122264;0;53.5;43.3;0.0
59;2021-07-15;11823;20267;0;1396110;1142531;0;53.9;44.1;0.0
59;2021-07-16;13254;20368;0;1409364;1162899;0;54.4;44.9;0.0
59;2021-07-17;12577;16762;0;1421941;1179661;0;54.9;45.6;0.0
59;2021-07-18;7626;8171;0;1429567;1187832;0;55.2;45.9;0.0
59;2021-07-19;10529;15966;0;1440096;1203798;0;55.6;46.5;0.0
59;2021-07-20;13569;17063;0;1453665;1220861;0;56.1;47.2;0.0
59;2021-07-21;14924;15647;0;1468589;1236508;0;56.7;47.8;0.0
59;2021-07-22;17292;15432;0;1485881;1251940;0;57.4;48.4;0.0
59;2021-07-23;16085;15976;0;1501966;1267916;0;58.0;49.0;0.0
59;2021-07-24;16092;12366;0;1518058;1280282;0;58.6;49.5;0.0
59;2021-07-25;11225;6969;0;1529283;1287251;0;59.1;49.7;0.0
59;2021-07-26;12946;12402;0;1542229;1299653;0;59.6;50.2;0.0
59;2021-07-27;16122;12081;0;1558351;1311734;0;60.2;50.7;0.0
59;2021-07-28;17457;11840;0;1575808;1323574;0;60.9;51.1;0.0
59;2021-07-29;17378;11862;0;1593186;1335436;0;61.5;51.6;0.0
59;2021-07-30;15997;11624;0;1609183;1347060;0;62.2;52.0;0.0
59;2021-07-31;13536;8926;0;1622719;1355986;0;62.7;52.4;0.0
59;2021-08-01;9298;4364;0;1632017;1360350;0;63.0;52.5;0.0
59;2021-08-02;12273;10056;0;1644290;1370406;0;63.5;52.9;0.0
59;2021-08-03;13653;10214;0;1657943;1380620;0;64.0;53.3;0.0
59;2021-08-04;11751;8813;0;1669694;1389433;0;64.5;53.7;0.0
59;2021-08-05;12954;10045;0;1682648;1399478;0;65.0;54.1;0.0
59;2021-08-06;12568;11336;0;1695216;1410814;0;65.5;54.5;0.0
59;2021-08-07;9311;8923;0;1704527;1419737;0;65.8;54.8;0.0
59;2021-08-08;6425;5067;0;1710952;1424804;0;66.1;55.0;0.0
59;2021-08-09;8338;11062;0;1719290;1435866;0;66.4;55.5;0.0
59;2021-08-10;10264;11206;0;1729554;1447072;0;66.8;55.9;0.0
59;2021-08-11;8726;9931;0;1738280;1457003;0;67.1;56.3;0.0
59;2021-08-12;9059;12509;0;1747339;1469512;0;67.5;56.8;0.0
59;2021-08-13;8411;11925;0;1755750;1481437;0;67.8;57.2;0.0
59;2021-08-14;5682;10461;0;1761432;1491898;0;68.0;57.6;0.0
59;2021-08-15;3041;4380;0;1764473;1496278;0;68.2;57.8;0.0
59;2021-08-16;5784;14049;0;1770257;1510327;0;68.4;58.3;0.0
59;2021-08-17;6993;13243;0;1777250;1523570;0;68.6;58.8;0.0
59;2021-08-18;5812;12022;0;1783062;1535592;0;68.9;59.3;0.0
59;2021-08-19;6202;13936;0;1789264;1549528;0;69.1;59.9;0.0
59;2021-08-20;5733;14604;0;1794997;1564132;0;69.3;60.4;0.0
59;2021-08-21;4083;10377;0;1799080;1574509;0;69.5;60.8;0.0
59;2021-08-22;2592;7170;0;1801672;1581679;0;69.6;61.1;0.0
59;2021-08-23;4622;15572;0;1806294;1597251;0;69.8;61.7;0.0
59;2021-08-24;5263;15319;0;1811557;1612570;0;70.0;62.3;0.0
59;2021-08-25;4552;13203;0;1816109;1625773;0;70.1;62.8;0.0
59;2021-08-26;5007;14338;0;1821116;1640111;0;70.3;63.3;0.0
59;2021-08-27;4817;15175;0;1825933;1655286;0;70.5;63.9;0.0
59;2021-08-28;3609;11902;0;1829542;1667188;0;70.7;64.4;0.0
59;2021-08-29;1761;7859;0;1831303;1675047;0;70.7;64.7;0.0
59;2021-08-30;3714;12338;271;1835017;1687385;271;70.9;65.2;0.0
59;2021-08-31;3681;12151;556;1838698;1699536;827;71.0;65.6;0.0
59;2021-09-01;3586;9564;962;1842284;1709100;1789;71.2;66.0;0.1
59;2021-09-02;3165;9814;1145;1845449;1718914;2934;71.3;66.4;0.1
59;2021-09-03;3665;10577;1288;1849114;1729491;4222;71.4;66.8;0.2
59;2021-09-04;3252;8857;589;1852366;1738348;4811;71.5;67.1;0.2
59;2021-09-05;1060;3164;202;1853426;1741512;5013;71.6;67.3;0.2
59;2021-09-06;2094;5989;1221;1855520;1747501;6234;71.7;67.5;0.2
59;2021-09-07;2188;5965;1104;1857708;1753466;7338;71.8;67.7;0.3
59;2021-09-08;2520;6471;1052;1860228;1759937;8390;71.9;68.0;0.3
59;2021-09-09;2342;5509;1071;1862570;1765446;9461;71.9;68.2;0.4
59;2021-09-10;3237;6585;1427;1865807;1772031;10888;72.1;68.4;0.4
59;2021-09-11;2464;6724;520;1868271;1778755;11408;72.2;68.7;0.4
59;2021-09-12;830;2543;147;1869101;1781298;11555;72.2;68.8;0.4
59;2021-09-13;1976;4124;1400;1871077;1785422;12955;72.3;69.0;0.5
59;2021-09-14;2304;4203;1905;1873381;1789625;14860;72.4;69.1;0.6
59;2021-09-15;2268;5273;1404;1875649;1794898;16264;72.4;69.3;0.6
59;2021-09-16;2085;4077;1984;1877734;1798975;18248;72.5;69.5;0.7
59;2021-09-17;2799;5187;1997;1880533;1804162;20245;72.6;69.7;0.8
59;2021-09-18;1673;5586;658;1882206;1809748;20903;72.7;69.9;0.8
59;2021-09-19;327;1193;146;1882533;1810941;21049;72.7;69.9;0.8
59;2021-09-20;1394;3136;1711;1883927;1814077;22760;72.8;70.1;0.9
59;2021-09-21;1275;2816;2098;1885202;1816893;24858;72.8;70.2;1.0
59;2021-09-22;1390;4641;1901;1886592;1821534;26759;72.9;70.4;1.0
59;2021-09-23;1415;2716;2183;1888007;1824250;28942;72.9;70.5;1.1
59;2021-09-24;1819;4067;2032;1889826;1828317;30974;73.0;70.6;1.2
59;2021-09-25;1143;3822;777;1890969;1832139;31751;73.0;70.8;1.2
59;2021-09-26;280;1087;146;1891249;1833226;31897;73.0;70.8;1.2
59;2021-09-27;1018;2401;1801;1892267;1835627;33698;73.1;70.9;1.3
59;2021-09-28;1045;2110;1709;1893312;1837737;35407;73.1;71.0;1.4
59;2021-09-29;1256;2888;1745;1894568;1840625;37152;73.2;71.1;1.4
59;2021-09-30;1180;2185;1938;1895748;1842810;39090;73.2;71.2;1.5
59;2021-10-01;2008;3237;2552;1897756;1846047;41642;73.3;71.3;1.6
59;2021-10-02;1431;3036;1290;1899187;1849083;42932;73.4;71.4;1.7
59;2021-10-03;233;594;172;1899420;1849677;43104;73.4;71.4;1.7
59;2021-10-04;1193;1934;2422;1900613;1851611;45526;73.4;71.5;1.8
59;2021-10-05;1115;2050;2397;1901728;1853661;47923;73.5;71.6;1.9
59;2021-10-06;1303;2363;2747;1903031;1856024;50670;73.5;71.7;2.0
59;2021-10-07;990;1797;2606;1904021;1857821;53276;73.5;71.8;2.1
59;2021-10-08;1692;3192;3407;1905713;1861013;56683;73.6;71.9;2.2
59;2021-10-09;1257;2164;1782;1906970;1863177;58465;73.7;72.0;2.3
59;2021-10-10;262;430;351;1907232;1863607;58816;73.7;72.0;2.3
59;2021-10-11;1081;1560;2951;1908313;1865167;61767;73.7;72.0;2.4
59;2021-10-12;1070;1594;3151;1909383;1866761;64918;73.8;72.1;2.5
59;2021-10-13;1212;1859;3114;1910595;1868620;68032;73.8;72.2;2.6
59;2021-10-14;974;1510;2783;1911569;1870130;70815;73.8;72.2;2.7
59;2021-10-15;1501;2459;4036;1913070;1872589;74851;73.9;72.3;2.9
59;2021-10-16;1169;1643;1945;1914239;1874232;76796;73.9;72.4;3.0
59;2021-10-17;258;328;325;1914497;1874560;77121;73.9;72.4;3.0
59;2021-10-18;992;1224;3048;1915489;1875784;80169;74.0;72.5;3.1
59;2021-10-19;912;1318;3428;1916401;1877102;83597;74.0;72.5;3.2
59;2021-10-20;1069;1482;3606;1917470;1878584;87203;74.1;72.6;3.4
59;2021-10-21;815;1358;3241;1918285;1879942;90444;74.1;72.6;3.5
59;2021-10-22;1236;1801;4306;1919521;1881743;94750;74.1;72.7;3.7
59;2021-10-23;1044;1406;2363;1920565;1883149;97113;74.2;72.7;3.8
59;2021-10-24;174;232;416;1920739;1883381;97529;74.2;72.7;3.8
59;2021-10-25;940;1178;3347;1921679;1884559;100876;74.2;72.8;3.9
59;2021-10-26;819;1081;3527;1922498;1885640;104403;74.3;72.8;4.0
59;2021-10-27;970;1349;4001;1923468;1886989;108404;74.3;72.9;4.2
59;2021-10-28;792;847;3250;1924260;1887836;111654;74.3;72.9;4.3
59;2021-10-29;1108;1470;4662;1925368;1889306;116316;74.4;73.0;4.5
59;2021-10-30;729;1275;2434;1926097;1890581;118750;74.4;73.0;4.6
59;2021-10-31;109;165;268;1926206;1890746;119018;74.4;73.0;4.6
59;2021-11-01;115;80;83;1926321;1890826;119101;74.4;73.0;4.6
59;2021-11-02;976;1420;4249;1927297;1892246;123350;74.4;73.1;4.8
59;2021-11-03;1025;1437;4799;1928322;1893683;128149;74.5;73.1;4.9
59;2021-11-04;802;945;3708;1929124;1894628;131857;74.5;73.2;5.1
59;2021-11-05;1133;1579;5316;1930257;1896207;137173;74.6;73.2;5.3
59;2021-11-06;854;1218;3093;1931111;1897425;140266;74.6;73.3;5.4
59;2021-11-07;123;226;428;1931234;1897651;140694;74.6;73.3;5.4
59;2021-11-08;686;1081;4766;1931920;1898732;145460;74.6;73.3;5.6
59;2021-11-09;829;1173;6160;1932749;1899905;151620;74.7;73.4;5.9
59;2021-11-10;1145;1478;6868;1933894;1901383;158488;74.7;73.4;6.1
59;2021-11-11;40;73;207;1933934;1901456;158695;74.7;73.4;6.1
59;2021-11-12;1090;1402;7559;1935024;1902858;166254;74.7;73.5;6.4
59;2021-11-13;896;1144;4123;1935920;1904002;170377;74.8;73.5;6.6
59;2021-11-14;121;117;441;1936041;1904119;170818;74.8;73.5;6.6
59;2021-11-15;763;1019;5924;1936804;1905138;176742;74.8;73.6;6.8
59;2021-11-16;875;1002;6808;1937679;1906140;183550;74.8;73.6;7.1
59;2021-11-17;1102;1318;6853;1938781;1907458;190403;74.9;73.7;7.4
59;2021-11-18;886;999;6640;1939667;1908457;197043;74.9;73.7;7.6
59;2021-11-19;1356;1479;8975;1941023;1909936;206018;75.0;73.8;8.0
59;2021-11-20;1081;1209;5041;1942104;1911145;211059;75.0;73.8;8.2
59;2021-11-21;120;150;472;1942224;1911295;211531;75.0;73.8;8.2
59;2021-11-22;815;665;6172;1943039;1911960;217703;75.1;73.8;8.4
59;2021-11-23;930;896;7988;1943969;1912856;225691;75.1;73.9;8.7
59;2021-11-24;1070;1213;7480;1945039;1914069;233171;75.1;73.9;9.0
59;2021-11-25;862;903;9562;1945901;1914972;242733;75.2;74.0;9.4
59;2021-11-26;1148;1290;15284;1947049;1916262;258017;75.2;74.0;10.0
59;2021-11-27;907;1109;11701;1947956;1917371;269718;75.2;74.1;10.4
59;2021-11-28;151;211;4716;1948107;1917582;274434;75.2;74.1;10.6
59;2021-11-29;694;761;15759;1948801;1918343;290193;75.3;74.1;11.2
59;2021-11-30;887;929;20633;1949688;1919272;310826;75.3;74.1;12.0
59;2021-12-01;741;1097;20125;1950429;1920369;330951;75.3;74.2;12.8
59;2021-12-02;665;679;21972;1951094;1921048;352923;75.4;74.2;13.6
59;2021-12-03;844;1130;26452;1951938;1922178;379375;75.4;74.2;14.7
59;2021-12-04;646;1037;19429;1952584;1923215;398804;75.4;74.3;15.4
59;2021-12-05;177;235;7950;1952761;1923450;406754;75.4;74.3;15.7
59;2021-12-06;627;834;23437;1953388;1924284;430191;75.4;74.3;16.6
59;2021-12-07;688;945;27193;1954076;1925229;457384;75.5;74.4;17.7
59;2021-12-08;713;1061;24887;1954789;1926290;482271;75.5;74.4;18.6
59;2021-12-09;716;875;27184;1955505;1927165;509455;75.5;74.4;19.7
60;2020-12-27;0;0;0;0;0;0;0.0;0.0;0.0
60;2020-12-28;1;0;0;1;0;0;0.0;0.0;0.0
60;2020-12-29;1;0;0;2;0;0;0.0;0.0;0.0
60;2020-12-30;2;0;0;4;0;0;0.0;0.0;0.0
60;2020-12-31;0;0;0;4;0;0;0.0;0.0;0.0
60;2021-01-01;0;0;0;4;0;0;0.0;0.0;0.0
60;2021-01-02;4;0;0;8;0;0;0.0;0.0;0.0
60;2021-01-03;1;0;0;9;0;0;0.0;0.0;0.0
60;2021-01-04;4;0;0;13;0;0;0.0;0.0;0.0
60;2021-01-05;45;1;0;58;1;0;0.0;0.0;0.0
60;2021-01-06;203;4;0;261;5;0;0.0;0.0;0.0
60;2021-01-07;238;4;0;499;9;0;0.1;0.0;0.0
60;2021-01-08;398;4;0;897;13;0;0.1;0.0;0.0
60;2021-01-09;23;0;0;920;13;0;0.1;0.0;0.0
60;2021-01-10;70;0;0;990;13;0;0.1;0.0;0.0
60;2021-01-11;394;5;0;1384;18;0;0.2;0.0;0.0
60;2021-01-12;590;6;0;1974;24;0;0.2;0.0;0.0
60;2021-01-13;576;8;0;2550;32;0;0.3;0.0;0.0
60;2021-01-14;593;11;0;3143;43;0;0.4;0.0;0.0
60;2021-01-15;744;12;0;3887;55;0;0.5;0.0;0.0
60;2021-01-16;132;1;0;4019;56;0;0.5;0.0;0.0
60;2021-01-17;41;0;0;4060;56;0;0.5;0.0;0.0
60;2021-01-18;928;14;0;4988;70;0;0.6;0.0;0.0
60;2021-01-19;1232;17;0;6220;87;0;0.8;0.0;0.0
60;2021-01-20;1760;13;0;7980;100;0;1.0;0.0;0.0
60;2021-01-21;2176;14;0;10156;114;0;1.2;0.0;0.0
60;2021-01-22;1458;23;0;11614;137;0;1.4;0.0;0.0
60;2021-01-23;469;4;0;12083;141;0;1.5;0.0;0.0
60;2021-01-24;71;1;0;12154;142;0;1.5;0.0;0.0
60;2021-01-25;914;12;0;13068;154;0;1.6;0.0;0.0
60;2021-01-26;889;16;0;13957;170;0;1.7;0.0;0.0
60;2021-01-27;657;29;0;14614;199;0;1.8;0.0;0.0
60;2021-01-28;476;171;0;15090;370;0;1.8;0.0;0.0
60;2021-01-29;160;126;0;15250;496;0;1.8;0.1;0.0
60;2021-01-30;33;9;0;15283;505;0;1.9;0.1;0.0
60;2021-01-31;24;56;0;15307;561;0;1.9;0.1;0.0
60;2021-02-01;77;140;0;15384;701;0;1.9;0.1;0.0
60;2021-02-02;46;193;0;15430;894;0;1.9;0.1;0.0
60;2021-02-03;178;295;0;15608;1189;0;1.9;0.1;0.0
60;2021-02-04;191;376;0;15799;1565;0;1.9;0.2;0.0
60;2021-02-05;314;472;0;16113;2037;0;2.0;0.2;0.0
60;2021-02-06;75;85;0;16188;2122;0;2.0;0.3;0.0
60;2021-02-07;29;46;0;16217;2168;0;2.0;0.3;0.0
60;2021-02-08;342;534;0;16559;2702;0;2.0;0.3;0.0
60;2021-02-09;356;521;0;16915;3223;0;2.1;0.4;0.0
60;2021-02-10;593;1055;0;17508;4278;0;2.1;0.5;0.0
60;2021-02-11;964;1125;0;18472;5403;0;2.2;0.7;0.0
60;2021-02-12;880;822;0;19352;6225;0;2.3;0.8;0.0
60;2021-02-13;113;260;0;19465;6485;0;2.4;0.8;0.0
60;2021-02-14;24;89;0;19489;6574;0;2.4;0.8;0.0
60;2021-02-15;633;844;0;20122;7418;0;2.4;0.9;0.0
60;2021-02-16;638;970;0;20760;8388;0;2.5;1.0;0.0
60;2021-02-17;652;942;0;21412;9330;0;2.6;1.1;0.0
60;2021-02-18;681;891;0;22093;10221;0;2.7;1.2;0.0
60;2021-02-19;655;819;0;22748;11040;0;2.8;1.3;0.0
60;2021-02-20;109;208;0;22857;11248;0;2.8;1.4;0.0
60;2021-02-21;27;119;0;22884;11367;0;2.8;1.4;0.0
60;2021-02-22;463;845;0;23347;12212;0;2.8;1.5;0.0
60;2021-02-23;573;779;0;23920;12991;0;2.9;1.6;0.0
60;2021-02-24;802;576;0;24722;13567;0;3.0;1.6;0.0
60;2021-02-25;1156;402;0;25878;13969;0;3.1;1.7;0.0
60;2021-02-26;1295;240;0;27173;14209;0;3.3;1.7;0.0
60;2021-02-27;631;56;0;27804;14265;0;3.4;1.7;0.0
60;2021-02-28;6;12;0;27810;14277;0;3.4;1.7;0.0
60;2021-03-01;847;78;0;28657;14355;0;3.5;1.7;0.0
60;2021-03-02;1001;193;0;29658;14548;0;3.6;1.8;0.0
60;2021-03-03;1353;444;0;31011;14992;0;3.8;1.8;0.0
60;2021-03-04;1822;506;0;32833;15498;0;4.0;1.9;0.0
60;2021-03-05;1983;325;0;34816;15823;0;4.2;1.9;0.0
60;2021-03-06;2171;170;0;36987;15993;0;4.5;1.9;0.0
60;2021-03-07;1113;64;0;38100;16057;0;4.6;1.9;0.0
60;2021-03-08;1167;366;0;39267;16423;0;4.8;2.0;0.0
60;2021-03-09;1932;393;0;41199;16816;0;5.0;2.0;0.0
60;2021-03-10;1973;456;0;43172;17272;0;5.2;2.1;0.0
60;2021-03-11;2431;440;0;45603;17712;0;5.5;2.1;0.0
60;2021-03-12;2750;543;0;48353;18255;0;5.9;2.2;0.0
60;2021-03-13;3737;233;0;52090;18488;0;6.3;2.2;0.0
60;2021-03-14;1655;62;0;53745;18550;0;6.5;2.2;0.0
60;2021-03-15;2133;505;0;55878;19055;0;6.8;2.3;0.0
60;2021-03-16;1534;604;0;57412;19659;0;7.0;2.4;0.0
60;2021-03-17;1648;594;0;59060;20253;0;7.2;2.5;0.0
60;2021-03-18;1667;709;0;60727;20962;0;7.4;2.5;0.0
60;2021-03-19;2576;525;0;63303;21487;0;7.7;2.6;0.0
60;2021-03-20;3116;201;0;66419;21688;0;8.1;2.6;0.0
60;2021-03-21;1964;88;0;68383;21776;0;8.3;2.6;0.0
60;2021-03-22;2154;695;0;70537;22471;0;8.5;2.7;0.0
60;2021-03-23;3212;717;0;73749;23188;0;8.9;2.8;0.0
60;2021-03-24;3083;863;0;76832;24051;0;9.3;2.9;0.0
60;2021-03-25;3881;852;0;80713;24903;0;9.8;3.0;0.0
60;2021-03-26;4319;899;0;85032;25802;0;10.3;3.1;0.0
60;2021-03-27;3979;319;0;89011;26121;0;10.8;3.2;0.0
60;2021-03-28;2277;91;0;91288;26212;0;11.1;3.2;0.0
60;2021-03-29;2692;1078;0;93980;27290;0;11.4;3.3;0.0
60;2021-03-30;3380;1091;0;97360;28381;0;11.8;3.4;0.0
60;2021-03-31;2727;1171;0;100087;29552;0;12.1;3.6;0.0
60;2021-04-01;2807;1178;0;102894;30730;0;12.5;3.7;0.0
60;2021-04-02;3288;1213;0;106182;31943;0;12.9;3.9;0.0
60;2021-04-03;3009;1011;0;109191;32954;0;13.2;4.0;0.0
60;2021-04-04;838;476;0;110029;33430;0;13.3;4.1;0.0
60;2021-04-05;499;96;0;110528;33526;0;13.4;4.1;0.0
60;2021-04-06;1953;1693;0;112481;35219;0;13.6;4.3;0.0
60;2021-04-07;2123;1749;0;114604;36968;0;13.9;4.5;0.0
60;2021-04-08;2786;1527;0;117390;38495;0;14.2;4.7;0.0
60;2021-04-09;3204;1552;0;120594;40047;0;14.6;4.9;0.0
60;2021-04-10;2879;1518;0;123473;41565;0;15.0;5.0;0.0
60;2021-04-11;961;926;0;124434;42491;0;15.1;5.1;0.0
60;2021-04-12;2157;1733;0;126591;44224;0;15.3;5.4;0.0
60;2021-04-13;2865;1794;0;129456;46018;0;15.7;5.6;0.0
60;2021-04-14;3061;1816;0;132517;47834;0;16.1;5.8;0.0
60;2021-04-15;3510;1857;0;136027;49691;0;16.5;6.0;0.0
60;2021-04-16;3295;1948;0;139322;51639;0;16.9;6.3;0.0
60;2021-04-17;2710;2061;0;142032;53700;0;17.2;6.5;0.0
60;2021-04-18;549;1707;0;142581;55407;0;17.3;6.7;0.0
60;2021-04-19;1779;2187;0;144360;57594;0;17.5;7.0;0.0
60;2021-04-20;2297;2588;0;146657;60182;0;17.8;7.3;0.0
60;2021-04-21;2643;2183;0;149300;62365;0;18.1;7.6;0.0
60;2021-04-22;2675;2510;0;151975;64875;0;18.4;7.9;0.0
60;2021-04-23;2672;2451;0;154647;67326;0;18.7;8.2;0.0
60;2021-04-24;2363;3237;0;157010;70563;0;19.0;8.6;0.0
60;2021-04-25;1236;1808;0;158246;72371;0;19.2;8.8;0.0
60;2021-04-26;1901;2530;0;160147;74901;0;19.4;9.1;0.0
60;2021-04-27;2484;2816;0;162631;77717;0;19.7;9.4;0.0
60;2021-04-28;3133;2372;0;165764;80089;0;20.1;9.7;0.0
60;2021-04-29;3397;2694;0;169161;82783;0;20.5;10.0;0.0
60;2021-04-30;3585;2805;0;172746;85588;0;20.9;10.4;0.0
60;2021-05-01;2352;1107;0;175098;86695;0;21.2;10.5;0.0
60;2021-05-02;2157;838;0;177255;87533;0;21.5;10.6;0.0
60;2021-05-03;3250;1933;0;180505;89466;0;21.9;10.8;0.0
60;2021-05-04;3349;2384;0;183854;91850;0;22.3;11.1;0.0
60;2021-05-05;3541;2758;0;187395;94608;0;22.7;11.5;0.0
60;2021-05-06;4207;2623;0;191602;97231;0;23.2;11.8;0.0
60;2021-05-07;4081;2642;0;195683;99873;0;23.7;12.1;0.0
60;2021-05-08;3529;1045;0;199212;100918;0;24.1;12.2;0.0
60;2021-05-09;3317;911;0;202529;101829;0;24.5;12.3;0.0
60;2021-05-10;2742;2370;0;205271;104199;0;24.9;12.6;0.0
60;2021-05-11;4076;2519;0;209347;106718;0;25.4;12.9;0.0
60;2021-05-12;4779;2595;0;214126;109313;0;26.0;13.2;0.0
60;2021-05-13;4750;1045;0;218876;110358;0;26.5;13.4;0.0
60;2021-05-14;5489;1794;0;224365;112152;0;27.2;13.6;0.0
60;2021-05-15;5898;1637;0;230263;113789;0;27.9;13.8;0.0
60;2021-05-16;4599;632;0;234862;114421;0;28.5;13.9;0.0
60;2021-05-17;3607;1593;0;238469;116014;0;28.9;14.1;0.0
60;2021-05-18;4178;2107;0;242647;118121;0;29.4;14.3;0.0
60;2021-05-19;4870;1893;0;247517;120014;0;30.0;14.5;0.0
60;2021-05-20;5360;1830;0;252877;121844;0;30.6;14.8;0.0
60;2021-05-21;5750;1934;0;258627;123778;0;31.3;15.0;0.0
60;2021-05-22;4879;1839;0;263506;125617;0;31.9;15.2;0.0
60;2021-05-23;3444;566;0;266950;126183;0;32.4;15.3;0.0
60;2021-05-24;2920;539;0;269870;126722;0;32.7;15.4;0.0
60;2021-05-25;4306;2055;0;274176;128777;0;33.2;15.6;0.0
60;2021-05-26;4797;1841;0;278973;130618;0;33.8;15.8;0.0
60;2021-05-27;5123;2130;0;284096;132748;0;34.4;16.1;0.0
60;2021-05-28;4876;2653;0;288972;135401;0;35.0;16.4;0.0
60;2021-05-29;4729;2251;0;293701;137652;0;35.6;16.7;0.0
60;2021-05-30;1324;369;0;295025;138021;0;35.8;16.7;0.0
60;2021-05-31;4152;2108;0;299177;140129;0;36.3;17.0;0.0
60;2021-06-01;4877;3061;0;304054;143190;0;36.9;17.4;0.0
60;2021-06-02;4458;2517;0;308512;145707;0;37.4;17.7;0.0
60;2021-06-03;4482;2611;0;312994;148318;0;37.9;18.0;0.0
60;2021-06-04;5068;3030;0;318062;151348;0;38.5;18.3;0.0
60;2021-06-05;4563;3346;0;322625;154694;0;39.1;18.7;0.0
60;2021-06-06;2278;898;0;324903;155592;0;39.4;18.9;0.0
60;2021-06-07;2983;2809;0;327886;158401;0;39.7;19.2;0.0
60;2021-06-08;4101;3258;0;331987;161659;0;40.2;19.6;0.0
60;2021-06-09;3694;3595;0;335681;165254;0;40.7;20.0;0.0
60;2021-06-10;3941;3865;0;339622;169119;0;41.2;20.5;0.0
60;2021-06-11;4213;4443;0;343835;173562;0;41.7;21.0;0.0
60;2021-06-12;4008;4198;0;347843;177760;0;42.2;21.5;0.0
60;2021-06-13;1267;2285;0;349110;180045;0;42.3;21.8;0.0
60;2021-06-14;2241;3650;0;351351;183695;0;42.6;22.3;0.0
60;2021-06-15;3296;4548;0;354647;188243;0;43.0;22.8;0.0
60;2021-06-16;3419;4724;0;358066;192967;0;43.4;23.4;0.0
60;2021-06-17;3306;5126;0;361372;198093;0;43.8;24.0;0.0
60;2021-06-18;3482;4870;0;364854;202963;0;44.2;24.6;0.0
60;2021-06-19;3399;4826;0;368253;207789;0;44.6;25.2;0.0
60;2021-06-20;1390;1920;0;369643;209709;0;44.8;25.4;0.0
60;2021-06-21;1625;4353;0;371268;214062;0;45.0;25.9;0.0
60;2021-06-22;2078;5552;0;373346;219614;0;45.2;26.6;0.0
60;2021-06-23;2187;5458;0;375533;225072;0;45.5;27.3;0.0
60;2021-06-24;2085;5747;0;377618;230819;0;45.8;28.0;0.0
60;2021-06-25;2129;6103;0;379747;236922;0;46.0;28.7;0.0
60;2021-06-26;2043;6778;0;381790;243700;0;46.3;29.5;0.0
60;2021-06-27;745;2611;0;382535;246311;0;46.4;29.9;0.0
60;2021-06-28;1839;4323;0;384374;250634;0;46.6;30.4;0.0
60;2021-06-29;2243;5711;0;386617;256345;0;46.9;31.1;0.0
60;2021-06-30;2468;5670;0;389085;262015;0;47.2;31.8;0.0
60;2021-07-01;2260;5427;0;391345;267442;0;47.4;32.4;0.0
60;2021-07-02;2644;6226;0;393989;273668;0;47.8;33.2;0.0
60;2021-07-03;2442;6033;0;396431;279701;0;48.0;33.9;0.0
60;2021-07-04;797;2679;0;397228;282380;0;48.1;34.2;0.0
60;2021-07-05;1810;4636;0;399038;287016;0;48.4;34.8;0.0
60;2021-07-06;2401;5095;0;401439;292111;0;48.7;35.4;0.0
60;2021-07-07;2517;5708;0;403956;297819;0;49.0;36.1;0.0
60;2021-07-08;3000;5385;0;406956;303204;0;49.3;36.7;0.0
60;2021-07-09;2978;6143;0;409934;309347;0;49.7;37.5;0.0
60;2021-07-10;2719;6147;0;412653;315494;0;50.0;38.2;0.0
60;2021-07-11;1215;2101;0;413868;317595;0;50.2;38.5;0.0
60;2021-07-12;1704;5322;0;415572;322917;0;50.4;39.1;0.0
60;2021-07-13;3553;5687;0;419125;328604;0;50.8;39.8;0.0
60;2021-07-14;2858;1837;0;421983;330441;0;51.1;40.0;0.0
60;2021-07-15;4326;5823;0;426309;336264;0;51.7;40.8;0.0
60;2021-07-16;4552;6137;0;430861;342401;0;52.2;41.5;0.0
60;2021-07-17;4484;5670;0;435345;348071;0;52.8;42.2;0.0
60;2021-07-18;2248;2272;0;437593;350343;0;53.0;42.5;0.0
60;2021-07-19;3375;4450;0;440968;354793;0;53.4;43.0;0.0
60;2021-07-20;5065;5542;0;446033;360335;0;54.1;43.7;0.0
60;2021-07-21;5450;5120;0;451483;365455;0;54.7;44.3;0.0
60;2021-07-22;5806;5096;0;457289;370551;0;55.4;44.9;0.0
60;2021-07-23;6084;5706;0;463373;376257;0;56.2;45.6;0.0
60;2021-07-24;4822;5143;0;468195;381400;0;56.7;46.2;0.0
60;2021-07-25;2641;1956;0;470836;383356;0;57.1;46.5;0.0
60;2021-07-26;3915;4164;0;474751;387520;0;57.5;47.0;0.0
60;2021-07-27;5456;5110;0;480207;392630;0;58.2;47.6;0.0
60;2021-07-28;5882;4377;0;486089;397007;0;58.9;48.1;0.0
60;2021-07-29;6110;4362;0;492199;401369;0;59.7;48.6;0.0
60;2021-07-30;5906;4702;0;498105;406071;0;60.4;49.2;0.0
60;2021-07-31;4550;4402;0;502655;410473;0;60.9;49.7;0.0
60;2021-08-01;1781;954;0;504436;411427;0;61.1;49.9;0.0
60;2021-08-02;3831;3104;0;508267;414531;0;61.6;50.2;0.0
60;2021-08-03;4346;3440;0;512613;417971;0;62.1;50.7;0.0
60;2021-08-04;4021;3343;0;516634;421314;0;62.6;51.1;0.0
60;2021-08-05;3710;2973;0;520344;424287;0;63.1;51.4;0.0
60;2021-08-06;4460;3824;0;524804;428111;0;63.6;51.9;0.0
60;2021-08-07;3488;3601;0;528292;431712;0;64.0;52.3;0.0
60;2021-08-08;1521;1081;0;529813;432793;0;64.2;52.5;0.0
60;2021-08-09;2484;3390;0;532297;436183;0;64.5;52.9;0.0
60;2021-08-10;3732;4276;0;536029;440459;0;65.0;53.4;0.0
60;2021-08-11;3205;4122;0;539234;444581;0;65.4;53.9;0.0
60;2021-08-12;2820;3620;0;542054;448201;0;65.7;54.3;0.0
60;2021-08-13;3011;3684;0;545065;451885;0;66.1;54.8;0.0
60;2021-08-14;2568;3044;0;547633;454929;0;66.4;55.1;0.0
60;2021-08-15;1258;631;0;548891;455560;0;66.5;55.2;0.0
60;2021-08-16;2317;4492;0;551208;460052;0;66.8;55.8;0.0
60;2021-08-17;2718;4711;0;553926;464763;0;67.1;56.3;0.0
60;2021-08-18;2215;4096;0;556141;468859;0;67.4;56.8;0.0
60;2021-08-19;1982;3862;0;558123;472721;0;67.6;57.3;0.0
60;2021-08-20;2001;4647;0;560124;477368;0;67.9;57.9;0.0
60;2021-08-21;1621;3839;0;561745;481207;0;68.1;58.3;0.0
60;2021-08-22;575;1450;0;562320;482657;0;68.2;58.5;0.0
60;2021-08-23;1272;4092;0;563592;486749;0;68.3;59.0;0.0
60;2021-08-24;1585;5319;0;565177;492068;0;68.5;59.6;0.0
60;2021-08-25;1738;4574;0;566915;496642;0;68.7;60.2;0.0
60;2021-08-26;1621;4230;1;568536;500872;1;68.9;60.7;0.0
60;2021-08-27;1583;4959;0;570119;505831;1;69.1;61.3;0.0
60;2021-08-28;1504;4761;0;571623;510592;1;69.3;61.9;0.0
60;2021-08-29;573;1986;0;572196;512578;1;69.4;62.1;0.0
60;2021-08-30;1302;3392;48;573498;515970;49;69.5;62.5;0.0
60;2021-08-31;1768;4296;57;575266;520266;106;69.7;63.1;0.0
60;2021-09-01;1533;3327;161;576799;523593;267;69.9;63.5;0.0
60;2021-09-02;1216;3054;183;578015;526647;450;70.1;63.8;0.1
60;2021-09-03;1147;3334;214;579162;529981;664;70.2;64.2;0.1
60;2021-09-04;1597;3946;153;580759;533927;817;70.4;64.7;0.1
60;2021-09-05;367;1246;37;581126;535173;854;70.4;64.9;0.1
60;2021-09-06;886;2556;238;582012;537729;1092;70.5;65.2;0.1
60;2021-09-07;903;2912;298;582915;540641;1390;70.6;65.5;0.2
60;2021-09-08;963;3042;304;583878;543683;1694;70.8;65.9;0.2
60;2021-09-09;746;2453;225;584624;546136;1919;70.9;66.2;0.2
60;2021-09-10;1116;2972;281;585740;549108;2200;71.0;66.6;0.3
60;2021-09-11;1081;3499;163;586821;552607;2363;71.1;67.0;0.3
60;2021-09-12;285;1072;59;587106;553679;2422;71.2;67.1;0.3
60;2021-09-13;652;1769;249;587758;555448;2671;71.2;67.3;0.3
60;2021-09-14;829;1621;389;588587;557069;3060;71.3;67.5;0.4
60;2021-09-15;649;1575;341;589236;558644;3401;71.4;67.7;0.4
60;2021-09-16;955;1513;586;590191;560157;3987;71.5;67.9;0.5
60;2021-09-17;797;1664;565;590988;561821;4552;71.6;68.1;0.6
60;2021-09-18;833;2732;273;591821;564553;4825;71.7;68.4;0.6
60;2021-09-19;169;488;90;591990;565041;4915;71.7;68.5;0.6
60;2021-09-20;467;1184;414;592457;566225;5329;71.8;68.6;0.6
60;2021-09-21;537;1107;618;592994;567332;5947;71.9;68.8;0.7
60;2021-09-22;486;1449;501;593480;568781;6448;71.9;68.9;0.8
60;2021-09-23;651;915;610;594131;569696;7058;72.0;69.0;0.9
60;2021-09-24;533;1351;604;594664;571047;7662;72.1;69.2;0.9
60;2021-09-25;515;2004;237;595179;573051;7899;72.1;69.5;1.0
60;2021-09-26;82;306;19;595261;573357;7918;72.1;69.5;1.0
60;2021-09-27;364;807;461;595625;574164;8379;72.2;69.6;1.0
60;2021-09-28;344;861;572;595969;575025;8951;72.2;69.7;1.1
60;2021-09-29;446;1133;365;596415;576158;9316;72.3;69.8;1.1
60;2021-09-30;401;764;658;596816;576922;9974;72.3;69.9;1.2
60;2021-10-01;632;1173;746;597448;578095;10720;72.4;70.1;1.3
60;2021-10-02;610;1509;469;598058;579604;11189;72.5;70.2;1.4
60;2021-10-03;94;294;58;598152;579898;11247;72.5;70.3;1.4
60;2021-10-04;413;720;646;598565;580618;11893;72.5;70.4;1.4
60;2021-10-05;344;597;483;598909;581215;12376;72.6;70.4;1.5
60;2021-10-06;432;828;666;599341;582043;13042;72.6;70.5;1.6
60;2021-10-07;242;588;543;599583;582631;13585;72.7;70.6;1.6
60;2021-10-08;514;902;723;600097;583533;14308;72.7;70.7;1.7
60;2021-10-09;657;1271;872;600754;584804;15180;72.8;70.9;1.8
60;2021-10-10;60;175;95;600814;584979;15275;72.8;70.9;1.9
60;2021-10-11;323;536;728;601137;585515;16003;72.9;71.0;1.9
60;2021-10-12;249;567;580;601386;586082;16583;72.9;71.0;2.0
60;2021-10-13;398;682;896;601784;586764;17479;72.9;71.1;2.1
60;2021-10-14;291;681;906;602075;587445;18385;73.0;71.2;2.2
60;2021-10-15;420;781;993;602495;588226;19378;73.0;71.3;2.3
60;2021-10-16;564;937;771;603059;589163;20149;73.1;71.4;2.4
60;2021-10-17;46;139;80;603105;589302;20229;73.1;71.4;2.5
60;2021-10-18;292;542;833;603397;589844;21062;73.1;71.5;2.6
60;2021-10-19;277;345;1000;603674;590189;22062;73.2;71.5;2.7
60;2021-10-20;377;502;1079;604051;590691;23141;73.2;71.6;2.8
60;2021-10-21;205;479;915;604256;591170;24056;73.2;71.7;2.9
60;2021-10-22;371;567;1124;604627;591737;25180;73.3;71.7;3.1
60;2021-10-23;451;725;903;605078;592462;26083;73.3;71.8;3.2
60;2021-10-24;35;64;110;605113;592526;26193;73.3;71.8;3.2
60;2021-10-25;270;390;1047;605383;592916;27240;73.4;71.9;3.3
60;2021-10-26;153;261;862;605536;593177;28102;73.4;71.9;3.4
60;2021-10-27;312;459;1206;605848;593636;29308;73.4;71.9;3.6
60;2021-10-28;205;238;986;606053;593874;30294;73.5;72.0;3.7
60;2021-10-29;317;502;1339;606370;594376;31633;73.5;72.0;3.8
60;2021-10-30;322;589;1201;606692;594965;32834;73.5;72.1;4.0
60;2021-10-31;28;70;70;606720;595035;32904;73.5;72.1;4.0
60;2021-11-01;35;25;62;606755;595060;32966;73.5;72.1;4.0
60;2021-11-02;225;309;1046;606980;595369;34012;73.6;72.2;4.1
60;2021-11-03;316;495;1529;607296;595864;35541;73.6;72.2;4.3
60;2021-11-04;249;342;1217;607545;596206;36758;73.6;72.3;4.5
60;2021-11-05;327;416;1663;607872;596622;38421;73.7;72.3;4.7
60;2021-11-06;346;580;1125;608218;597202;39546;73.7;72.4;4.8
60;2021-11-07;26;45;122;608244;597247;39668;73.7;72.4;4.8
60;2021-11-08;192;329;1410;608436;597576;41078;73.7;72.4;5.0
60;2021-11-09;193;283;1549;608629;597859;42627;73.8;72.5;5.2
60;2021-11-10;334;451;2008;608963;598310;44635;73.8;72.5;5.4
60;2021-11-11;64;73;272;609027;598383;44907;73.8;72.5;5.4
60;2021-11-12;303;434;2131;609330;598817;47038;73.9;72.6;5.7
60;2021-11-13;387;541;1598;609717;599358;48636;73.9;72.6;5.9
60;2021-11-14;27;46;190;609744;599404;48826;73.9;72.6;5.9
60;2021-11-15;202;280;1592;609946;599684;50418;73.9;72.7;6.1
60;2021-11-16;256;246;2008;610202;599930;52426;74.0;72.7;6.4
60;2021-11-17;283;330;2035;610485;600260;54461;74.0;72.8;6.6
60;2021-11-18;235;279;1912;610720;600539;56373;74.0;72.8;6.8
60;2021-11-19;306;380;2397;611026;600919;58770;74.1;72.8;7.1
60;2021-11-20;399;489;1628;611425;601408;60398;74.1;72.9;7.3
60;2021-11-21;34;56;218;611459;601464;60616;74.1;72.9;7.3
60;2021-11-22;204;198;2058;611663;601662;62674;74.1;72.9;7.6
60;2021-11-23;204;240;2449;611867;601902;65123;74.2;73.0;7.9
60;2021-11-24;327;327;2600;612194;602229;67723;74.2;73.0;8.2
60;2021-11-25;262;221;2633;612456;602450;70356;74.2;73.0;8.5
60;2021-11-26;346;412;4433;612802;602862;74789;74.3;73.1;9.1
60;2021-11-27;372;432;4012;613174;603294;78801;74.3;73.1;9.6
60;2021-11-28;48;57;871;613222;603351;79672;74.3;73.1;9.7
60;2021-11-29;170;255;4172;613392;603606;83844;74.3;73.2;10.2
60;2021-11-30;182;248;5171;613574;603854;89015;74.4;73.2;10.8
60;2021-12-01;247;299;5756;613821;604153;94771;74.4;73.2;11.5
60;2021-12-02;238;224;6171;614059;604377;100942;74.4;73.3;12.2
60;2021-12-03;212;292;6939;614271;604669;107881;74.5;73.3;13.1
60;2021-12-04;251;428;5737;614522;605097;113618;74.5;73.3;13.8
60;2021-12-05;52;67;1675;614574;605164;115293;74.5;73.3;14.0
60;2021-12-06;183;228;5663;614757;605392;120956;74.5;73.4;14.7
60;2021-12-07;197;239;7671;614954;605631;128627;74.5;73.4;15.6
60;2021-12-08;250;310;6864;615204;605941;135491;74.6;73.4;16.4
60;2021-12-09;243;297;7259;615447;606238;142750;74.6;73.5;17.3
61;2020-12-27;0;0;0;0;0;0;0.0;0.0;0.0
61;2020-12-28;0;0;0;0;0;0;0.0;0.0;0.0
61;2020-12-29;0;0;0;0;0;0;0.0;0.0;0.0
61;2020-12-30;0;0;0;0;0;0;0.0;0.0;0.0
61;2020-12-31;0;0;0;0;0;0;0.0;0.0;0.0
61;2021-01-01;2;0;0;2;0;0;0.0;0.0;0.0
61;2021-01-02;0;0;0;2;0;0;0.0;0.0;0.0
61;2021-01-03;0;0;0;2;0;0;0.0;0.0;0.0
61;2021-01-04;1;0;0;3;0;0;0.0;0.0;0.0
61;2021-01-05;2;0;0;5;0;0;0.0;0.0;0.0
61;2021-01-06;72;0;0;77;0;0;0.0;0.0;0.0
61;2021-01-07;139;2;0;216;2;0;0.1;0.0;0.0
61;2021-01-08;342;1;0;558;3;0;0.2;0.0;0.0
61;2021-01-09;138;1;0;696;4;0;0.3;0.0;0.0
61;2021-01-10;31;0;0;727;4;0;0.3;0.0;0.0
61;2021-01-11;356;0;0;1083;4;0;0.4;0.0;0.0
61;2021-01-12;537;3;0;1620;7;0;0.6;0.0;0.0
61;2021-01-13;638;1;0;2258;8;0;0.8;0.0;0.0
61;2021-01-14;489;8;0;2747;16;0;1.0;0.0;0.0
61;2021-01-15;498;2;0;3245;18;0;1.2;0.0;0.0
61;2021-01-16;261;1;0;3506;19;0;1.3;0.0;0.0
61;2021-01-17;776;9;0;4282;28;0;1.5;0.0;0.0
61;2021-01-18;1673;3;0;5955;31;0;2.2;0.0;0.0
61;2021-01-19;1106;3;0;7061;34;0;2.5;0.0;0.0
61;2021-01-20;609;0;0;7670;34;0;2.8;0.0;0.0
61;2021-01-21;717;0;0;8387;34;0;3.0;0.0;0.0
61;2021-01-22;647;0;0;9034;34;0;3.3;0.0;0.0
61;2021-01-23;220;1;0;9254;35;0;3.3;0.0;0.0
61;2021-01-24;197;2;0;9451;37;0;3.4;0.0;0.0
61;2021-01-25;468;1;0;9919;38;0;3.6;0.0;0.0
61;2021-01-26;425;4;0;10344;42;0;3.7;0.0;0.0
61;2021-01-27;443;11;0;10787;53;0;3.9;0.0;0.0
61;2021-01-28;429;47;0;11216;100;0;4.1;0.0;0.0
61;2021-01-29;428;173;0;11644;273;0;4.2;0.1;0.0
61;2021-01-30;164;1;0;11808;274;0;4.3;0.1;0.0
61;2021-01-31;93;0;0;11901;274;0;4.3;0.1;0.0
61;2021-02-01;344;162;0;12245;436;0;4.4;0.2;0.0
61;2021-02-02;360;382;0;12605;818;0;4.6;0.3;0.0
61;2021-02-03;354;438;0;12959;1256;0;4.7;0.5;0.0
61;2021-02-04;309;306;0;13268;1562;0;4.8;0.6;0.0
61;2021-02-05;427;338;0;13695;1900;0;4.9;0.7;0.0
61;2021-02-06;153;75;0;13848;1975;0;5.0;0.7;0.0
61;2021-02-07;32;174;0;13880;2149;0;5.0;0.8;0.0
61;2021-02-08;479;1281;0;14359;3430;0;5.2;1.2;0.0
61;2021-02-09;347;702;0;14706;4132;0;5.3;1.5;0.0
61;2021-02-10;234;513;0;14940;4645;0;5.4;1.7;0.0
61;2021-02-11;346;518;0;15286;5163;0;5.5;1.9;0.0
61;2021-02-12;337;664;0;15623;5827;0;5.6;2.1;0.0
61;2021-02-13;130;372;0;15753;6199;0;5.7;2.2;0.0
61;2021-02-14;2;278;0;15755;6477;0;5.7;2.3;0.0
61;2021-02-15;113;671;0;15868;7148;0;5.7;2.6;0.0
61;2021-02-16;166;565;0;16034;7713;0;5.8;2.8;0.0
61;2021-02-17;59;503;0;16093;8216;0;5.8;3.0;0.0
61;2021-02-18;122;458;0;16215;8674;0;5.9;3.1;0.0
61;2021-02-19;100;339;0;16315;9013;0;5.9;3.3;0.0
61;2021-02-20;42;188;0;16357;9201;0;5.9;3.3;0.0
61;2021-02-21;1;139;0;16358;9340;0;5.9;3.4;0.0
61;2021-02-22;72;505;0;16430;9845;0;5.9;3.6;0.0
61;2021-02-23;98;396;0;16528;10241;0;6.0;3.7;0.0
61;2021-02-24;123;431;0;16651;10672;0;6.0;3.9;0.0
61;2021-02-25;286;375;0;16937;11047;0;6.1;4.0;0.0
61;2021-02-26;287;387;0;17224;11434;0;6.2;4.1;0.0
61;2021-02-27;114;171;0;17338;11605;0;6.3;4.2;0.0
61;2021-02-28;4;100;0;17342;11705;0;6.3;4.2;0.0
61;2021-03-01;215;520;0;17557;12225;0;6.3;4.4;0.0
61;2021-03-02;170;592;0;17727;12817;0;6.4;4.6;0.0
61;2021-03-03;167;363;0;17894;13180;0;6.5;4.8;0.0
61;2021-03-04;460;375;0;18354;13555;0;6.6;4.9;0.0
61;2021-03-05;670;287;0;19024;13842;0;6.9;5.0;0.0
61;2021-03-06;436;173;0;19460;14015;0;7.0;5.1;0.0
61;2021-03-07;169;4;0;19629;14019;0;7.1;5.1;0.0
61;2021-03-08;334;276;0;19963;14295;0;7.2;5.2;0.0
61;2021-03-09;606;164;0;20569;14459;0;7.4;5.2;0.0
61;2021-03-10;657;181;0;21226;14640;0;7.7;5.3;0.0
61;2021-03-11;1063;130;0;22289;14770;0;8.0;5.3;0.0
61;2021-03-12;1387;101;0;23676;14871;0;8.6;5.4;0.0
61;2021-03-13;736;47;0;24412;14918;0;8.8;5.4;0.0
61;2021-03-14;178;6;0;24590;14924;0;8.9;5.4;0.0
61;2021-03-15;717;38;0;25307;14962;0;9.1;5.4;0.0
61;2021-03-16;664;27;0;25971;14989;0;9.4;5.4;0.0
61;2021-03-17;678;23;0;26649;15012;0;9.6;5.4;0.0
61;2021-03-18;814;35;0;27463;15047;0;9.9;5.4;0.0
61;2021-03-19;997;67;0;28460;15114;0;10.3;5.5;0.0
61;2021-03-20;487;18;0;28947;15132;0;10.5;5.5;0.0
61;2021-03-21;62;3;0;29009;15135;0;10.5;5.5;0.0
61;2021-03-22;731;99;0;29740;15234;0;10.7;5.5;0.0
61;2021-03-23;843;49;0;30583;15283;0;11.0;5.5;0.0
61;2021-03-24;1306;77;0;31889;15360;0;11.5;5.5;0.0
61;2021-03-25;1797;80;0;33686;15440;0;12.2;5.6;0.0
61;2021-03-26;1685;57;0;35371;15497;0;12.8;5.6;0.0
61;2021-03-27;935;18;0;36306;15515;0;13.1;5.6;0.0
61;2021-03-28;298;9;0;36604;15524;0;13.2;5.6;0.0
61;2021-03-29;1085;196;0;37689;15720;0;13.6;5.7;0.0
61;2021-03-30;1340;126;0;39029;15846;0;14.1;5.7;0.0
61;2021-03-31;1510;71;0;40539;15917;0;14.6;5.7;0.0
61;2021-04-01;1902;236;0;42441;16153;0;15.3;5.8;0.0
61;2021-04-02;1434;408;0;43875;16561;0;15.8;6.0;0.0
61;2021-04-03;567;276;0;44442;16837;0;16.0;6.1;0.0
61;2021-04-04;167;18;0;44609;16855;0;16.1;6.1;0.0
61;2021-04-05;443;12;0;45052;16867;0;16.3;6.1;0.0
61;2021-04-06;1246;544;0;46298;17411;0;16.7;6.3;0.0
61;2021-04-07;1553;596;0;47851;18007;0;17.3;6.5;0.0
61;2021-04-08;2068;711;0;49919;18718;0;18.0;6.8;0.0
61;2021-04-09;2064;761;0;51983;19479;0;18.8;7.0;0.0
61;2021-04-10;1286;428;0;53269;19907;0;19.2;7.2;0.0
61;2021-04-11;209;147;0;53478;20054;0;19.3;7.2;0.0
61;2021-04-12;1154;632;0;54632;20686;0;19.7;7.5;0.0
61;2021-04-13;1590;626;0;56222;21312;0;20.3;7.7;0.0
61;2021-04-14;1626;779;0;57848;22091;0;20.9;8.0;0.0
61;2021-04-15;2074;763;0;59922;22854;0;21.6;8.3;0.0
61;2021-04-16;1985;647;0;61907;23501;0;22.4;8.5;0.0
61;2021-04-17;1210;288;0;63117;23789;0;22.8;8.6;0.0
61;2021-04-18;428;82;0;63545;23871;0;22.9;8.6;0.0
61;2021-04-19;801;695;0;64346;24566;0;23.2;8.9;0.0
61;2021-04-20;1391;711;0;65737;25277;0;23.7;9.1;0.0
61;2021-04-21;1263;977;0;67000;26254;0;24.2;9.5;0.0
61;2021-04-22;1169;1128;0;68169;27382;0;24.6;9.9;0.0
61;2021-04-23;1150;1029;0;69319;28411;0;25.0;10.3;0.0
61;2021-04-24;1155;701;0;70474;29112;0;25.5;10.5;0.0
61;2021-04-25;273;267;0;70747;29379;0;25.5;10.6;0.0
61;2021-04-26;666;948;0;71413;30327;0;25.8;11.0;0.0
61;2021-04-27;1394;1035;0;72807;31362;0;26.3;11.3;0.0
61;2021-04-28;1251;1257;0;74058;32619;0;26.7;11.8;0.0
61;2021-04-29;1218;1658;0;75276;34277;0;27.2;12.4;0.0
61;2021-04-30;1619;1058;0;76895;35335;0;27.8;12.8;0.0
61;2021-05-01;664;298;0;77559;35633;0;28.0;12.9;0.0
61;2021-05-02;335;197;0;77894;35830;0;28.1;12.9;0.0
61;2021-05-03;832;1101;0;78726;36931;0;28.4;13.3;0.0
61;2021-05-04;1270;1601;0;79996;38532;0;28.9;13.9;0.0
61;2021-05-05;997;1867;0;80993;40399;0;29.2;14.6;0.0
61;2021-05-06;1654;1895;0;82647;42294;0;29.8;15.3;0.0
61;2021-05-07;1370;1756;0;84017;44050;0;30.3;15.9;0.0
61;2021-05-08;810;370;0;84827;44420;0;30.6;16.0;0.0
61;2021-05-09;301;234;0;85128;44654;0;30.7;16.1;0.0
61;2021-05-10;999;1515;0;86127;46169;0;31.1;16.7;0.0
61;2021-05-11;1467;1347;0;87594;47516;0;31.6;17.2;0.0
61;2021-05-12;1605;1427;0;89199;48943;0;32.2;17.7;0.0
61;2021-05-13;874;416;0;90073;49359;0;32.5;17.8;0.0
61;2021-05-14;1612;1038;0;91685;50397;0;33.1;18.2;0.0
61;2021-05-15;1924;925;0;93609;51322;0;33.8;18.5;0.0
61;2021-05-16;844;245;0;94453;51567;0;34.1;18.6;0.0
61;2021-05-17;1297;792;0;95750;52359;0;34.6;18.9;0.0
61;2021-05-18;2318;880;0;98068;53239;0;35.4;19.2;0.0
61;2021-05-19;2148;753;0;100216;53992;0;36.2;19.5;0.0
61;2021-05-20;2059;832;0;102275;54824;0;36.9;19.8;0.0
61;2021-05-21;2185;885;0;104460;55709;0;37.7;20.1;0.0
61;2021-05-22;1367;579;0;105827;56288;0;38.2;20.3;0.0
61;2021-05-23;479;41;0;106306;56329;0;38.4;20.3;0.0
61;2021-05-24;797;139;0;107103;56468;0;38.7;20.4;0.0
61;2021-05-25;1852;864;0;108955;57332;0;39.3;20.7;0.0
61;2021-05-26;1833;893;0;110788;58225;0;40.0;21.0;0.0
61;2021-05-27;2045;1070;0;112833;59295;0;40.7;21.4;0.0
61;2021-05-28;2028;1320;0;114861;60615;0;41.5;21.9;0.0
61;2021-05-29;1262;519;0;116123;61134;0;41.9;22.1;0.0
61;2021-05-30;381;44;0;116504;61178;0;42.1;22.1;0.0
61;2021-05-31;1508;850;0;118012;62028;0;42.6;22.4;0.0
61;2021-06-01;1915;1309;0;119927;63337;0;43.3;22.9;0.0
61;2021-06-02;1630;1049;0;121557;64386;0;43.9;23.3;0.0
61;2021-06-03;2231;1068;0;123788;65454;0;44.7;23.6;0.0
61;2021-06-04;1852;1316;0;125640;66770;0;45.4;24.1;0.0
61;2021-06-05;1394;1105;0;127034;67875;0;45.9;24.5;0.0
61;2021-06-06;296;162;0;127330;68037;0;46.0;24.6;0.0
61;2021-06-07;2050;863;0;129380;68900;0;46.7;24.9;0.0
61;2021-06-08;1793;1538;0;131173;70438;0;47.4;25.4;0.0
61;2021-06-09;1905;1103;0;133078;71541;0;48.1;25.8;0.0
61;2021-06-10;1887;1158;0;134965;72699;0;48.7;26.3;0.0
61;2021-06-11;1735;1520;0;136700;74219;0;49.4;26.8;0.0
61;2021-06-12;1223;876;0;137923;75095;0;49.8;27.1;0.0
61;2021-06-13;289;328;0;138212;75423;0;49.9;27.2;0.0
61;2021-06-14;1064;1177;0;139276;76600;0;50.3;27.7;0.0
61;2021-06-15;1163;1637;0;140439;78237;0;50.7;28.3;0.0
61;2021-06-16;1105;1353;0;141544;79590;0;51.1;28.7;0.0
61;2021-06-17;1085;1714;0;142629;81304;0;51.5;29.4;0.0
61;2021-06-18;1450;1661;0;144079;82965;0;52.0;30.0;0.0
61;2021-06-19;1040;1136;0;145119;84101;0;52.4;30.4;0.0
61;2021-06-20;239;277;0;145358;84378;0;52.5;30.5;0.0
61;2021-06-21;722;1564;0;146080;85942;0;52.8;31.0;0.0
61;2021-06-22;986;1711;0;147066;87653;0;53.1;31.7;0.0
61;2021-06-23;977;2301;0;148043;89954;0;53.5;32.5;0.0
61;2021-06-24;699;1331;0;148742;91285;0;53.7;33.0;0.0
61;2021-06-25;800;1915;0;149542;93200;0;54.0;33.7;0.0
61;2021-06-26;586;1633;0;150128;94833;0;54.2;34.2;0.0
61;2021-06-27;136;671;0;150264;95504;0;54.3;34.5;0.0
61;2021-06-28;452;2099;0;150716;97603;0;54.4;35.2;0.0
61;2021-06-29;724;2769;0;151440;100372;0;54.7;36.2;0.0
61;2021-06-30;797;2349;0;152237;102721;0;55.0;37.1;0.0
61;2021-07-01;689;1707;0;152926;104428;0;55.2;37.7;0.0
61;2021-07-02;877;2558;0;153803;106986;0;55.5;38.6;0.0
61;2021-07-03;392;1525;0;154195;108511;0;55.7;39.2;0.0
61;2021-07-04;74;477;0;154269;108988;0;55.7;39.4;0.0
61;2021-07-05;674;1616;0;154943;110604;0;56.0;39.9;0.0
61;2021-07-06;869;2667;0;155812;113271;0;56.3;40.9;0.0
61;2021-07-07;842;2258;0;156654;115529;0;56.6;41.7;0.0
61;2021-07-08;829;1913;0;157483;117442;0;56.9;42.4;0.0
61;2021-07-09;738;2309;0;158221;119751;0;57.1;43.2;0.0
61;2021-07-10;397;1560;0;158618;121311;0;57.3;43.8;0.0
61;2021-07-11;203;416;0;158821;121727;0;57.4;44.0;0.0
61;2021-07-12;460;2292;0;159281;124019;0;57.5;44.8;0.0
61;2021-07-13;723;2514;0;160004;126533;0;57.8;45.7;0.0
61;2021-07-14;264;427;0;160268;126960;0;57.9;45.8;0.0
61;2021-07-15;836;2738;0;161104;129698;0;58.2;46.8;0.0
61;2021-07-16;1000;2516;0;162104;132214;0;58.5;47.7;0.0
61;2021-07-17;705;1913;0;162809;134127;0;58.8;48.4;0.0
61;2021-07-18;235;304;0;163044;134431;0;58.9;48.5;0.0
61;2021-07-19;962;2358;0;164006;136789;0;59.2;49.4;0.0
61;2021-07-20;1313;2419;0;165319;139208;0;59.7;50.3;0.0
61;2021-07-21;1454;2122;0;166773;141330;0;60.2;51.0;0.0
61;2021-07-22;1795;2117;0;168568;143447;0;60.9;51.8;0.0
61;2021-07-23;1717;2251;0;170285;145698;0;61.5;52.6;0.0
61;2021-07-24;1228;1716;0;171513;147414;0;61.9;53.2;0.0
61;2021-07-25;263;349;0;171776;147763;0;62.0;53.4;0.0
61;2021-07-26;1257;1838;0;173033;149601;0;62.5;54.0;0.0
61;2021-07-27;2326;1449;0;175359;151050;0;63.3;54.5;0.0
61;2021-07-28;2205;1386;1;177564;152436;1;64.1;55.1;0.0
61;2021-07-29;2398;1468;0;179962;153904;1;65.0;55.6;0.0
61;2021-07-30;2297;1328;0;182259;155232;1;65.8;56.1;0.0
61;2021-07-31;1052;1068;0;183311;156300;1;66.2;56.4;0.0
61;2021-08-01;361;217;0;183672;156517;1;66.3;56.5;0.0
61;2021-08-02;1724;1086;0;185396;157603;1;67.0;56.9;0.0
61;2021-08-03;2021;964;0;187417;158567;1;67.7;57.3;0.0
61;2021-08-04;1985;747;0;189402;159314;1;68.4;57.5;0.0
61;2021-08-05;1592;905;0;190994;160219;1;69.0;57.9;0.0
61;2021-08-06;1851;1096;0;192845;161315;1;69.6;58.3;0.0
61;2021-08-07;1113;674;0;193958;161989;1;70.0;58.5;0.0
61;2021-08-08;330;170;0;194288;162159;1;70.2;58.6;0.0
61;2021-08-09;1109;937;0;195397;163096;1;70.6;58.9;0.0
61;2021-08-10;1315;1141;0;196712;164237;1;71.0;59.3;0.0
61;2021-08-11;1035;1086;0;197747;165323;1;71.4;59.7;0.0
61;2021-08-12;1022;1230;0;198769;166553;1;71.8;60.1;0.0
61;2021-08-13;868;1399;0;199637;167952;1;72.1;60.7;0.0
61;2021-08-14;638;739;0;200275;168691;1;72.3;60.9;0.0
61;2021-08-15;90;177;0;200365;168868;1;72.4;61.0;0.0
61;2021-08-16;834;1499;0;201199;170367;1;72.7;61.5;0.0
61;2021-08-17;1005;1638;0;202204;172005;1;73.0;62.1;0.0
61;2021-08-18;821;1428;0;203025;173433;1;73.3;62.6;0.0
61;2021-08-19;708;1480;0;203733;174913;1;73.6;63.2;0.0
61;2021-08-20;761;2005;0;204494;176918;1;73.9;63.9;0.0
61;2021-08-21;433;1100;0;204927;178018;1;74.0;64.3;0.0
61;2021-08-22;104;333;0;205031;178351;1;74.0;64.4;0.0
61;2021-08-23;435;1608;0;205466;179959;1;74.2;65.0;0.0
61;2021-08-24;561;1777;0;206027;181736;1;74.4;65.6;0.0
61;2021-08-25;488;1675;0;206515;183411;1;74.6;66.2;0.0
61;2021-08-26;440;1603;0;206955;185014;1;74.7;66.8;0.0
61;2021-08-27;493;1808;0;207448;186822;1;74.9;67.5;0.0
61;2021-08-28;257;1174;0;207705;187996;1;75.0;67.9;0.0
61;2021-08-29;49;331;0;207754;188327;1;75.0;68.0;0.0
61;2021-08-30;397;1559;10;208151;189886;11;75.2;68.6;0.0
61;2021-08-31;549;1677;44;208700;191563;55;75.4;69.2;0.0
61;2021-09-01;473;1266;178;209173;192829;233;75.5;69.6;0.1
61;2021-09-02;424;1064;247;209597;193893;480;75.7;70.0;0.2
61;2021-09-03;473;1257;270;210070;195150;750;75.9;70.5;0.3
61;2021-09-04;302;1091;77;210372;196241;827;76.0;70.9;0.3
61;2021-09-05;71;156;41;210443;196397;868;76.0;70.9;0.3
61;2021-09-06;267;947;253;210710;197344;1121;76.1;71.3;0.4
61;2021-09-07;316;1252;168;211026;198596;1289;76.2;71.7;0.5
61;2021-09-08;284;1110;217;211310;199706;1506;76.3;72.1;0.5
61;2021-09-09;269;827;364;211579;200533;1870;76.4;72.4;0.7
61;2021-09-10;327;882;270;211906;201415;2140;76.5;72.7;0.8
61;2021-09-11;242;902;78;212148;202317;2218;76.6;73.1;0.8
61;2021-09-12;37;107;20;212185;202424;2238;76.6;73.1;0.8
61;2021-09-13;206;552;457;212391;202976;2695;76.7;73.3;1.0
61;2021-09-14;203;416;434;212594;203392;3129;76.8;73.5;1.1
61;2021-09-15;237;661;463;212831;204053;3592;76.9;73.7;1.3
61;2021-09-16;220;356;192;213051;204409;3784;76.9;73.8;1.4
61;2021-09-17;244;578;249;213295;204987;4033;77.0;74.0;1.5
61;2021-09-18;184;528;129;213479;205515;4162;77.1;74.2;1.5
61;2021-09-19;3;11;1;213482;205526;4163;77.1;74.2;1.5
61;2021-09-20;166;307;248;213648;205833;4411;77.2;74.3;1.6
61;2021-09-21;244;240;226;213892;206073;4637;77.2;74.4;1.7
61;2021-09-22;158;661;361;214050;206734;4998;77.3;74.7;1.8
61;2021-09-23;153;272;225;214203;207006;5223;77.4;74.8;1.9
61;2021-09-24;151;399;370;214354;207405;5593;77.4;74.9;2.0
61;2021-09-25;147;496;168;214501;207901;5761;77.5;75.1;2.1
61;2021-09-26;8;17;4;214509;207918;5765;77.5;75.1;2.1
61;2021-09-27;130;295;402;214639;208213;6167;77.5;75.2;2.2
61;2021-09-28;97;243;161;214736;208456;6328;77.5;75.3;2.3
61;2021-09-29;115;256;228;214851;208712;6556;77.6;75.4;2.4
61;2021-09-30;183;265;210;215034;208977;6766;77.7;75.5;2.4
61;2021-10-01;115;274;237;215149;209251;7003;77.7;75.6;2.5
61;2021-10-02;209;514;261;215358;209765;7264;77.8;75.8;2.6
61;2021-10-03;2;12;2;215360;209777;7266;77.8;75.8;2.6
61;2021-10-04;104;249;443;215464;210026;7709;77.8;75.8;2.8
61;2021-10-05;107;255;402;215571;210281;8111;77.9;75.9;2.9
61;2021-10-06;156;304;383;215727;210585;8494;77.9;76.1;3.1
61;2021-10-07;151;243;516;215878;210828;9010;78.0;76.1;3.3
61;2021-10-08;162;268;441;216040;211096;9451;78.0;76.2;3.4
61;2021-10-09;71;141;104;216111;211237;9555;78.0;76.3;3.5
61;2021-10-10;3;5;3;216114;211242;9558;78.0;76.3;3.5
61;2021-10-11;132;326;584;216246;211568;10142;78.1;76.4;3.7
61;2021-10-12;76;204;229;216322;211772;10371;78.1;76.5;3.7
61;2021-10-13;125;219;430;216447;211991;10801;78.2;76.6;3.9
61;2021-10-14;69;196;341;216516;212187;11142;78.2;76.6;4.0
61;2021-10-15;165;245;441;216681;212432;11583;78.3;76.7;4.2
61;2021-10-16;67;96;142;216748;212528;11725;78.3;76.8;4.2
61;2021-10-17;8;9;13;216756;212537;11738;78.3;76.8;4.2
61;2021-10-18;71;164;306;216827;212701;12044;78.3;76.8;4.3
61;2021-10-19;66;128;257;216893;212829;12301;78.3;76.9;4.4
61;2021-10-20;72;137;348;216965;212966;12649;78.4;76.9;4.6
61;2021-10-21;103;161;449;217068;213127;13098;78.4;77.0;4.7
61;2021-10-22;119;177;497;217187;213304;13595;78.4;77.0;4.9
61;2021-10-23;92;244;310;217279;213548;13905;78.5;77.1;5.0
61;2021-10-24;1;3;0;217280;213551;13905;78.5;77.1;5.0
61;2021-10-25;88;133;435;217368;213684;14340;78.5;77.2;5.2
61;2021-10-26;54;79;234;217422;213763;14574;78.5;77.2;5.3
61;2021-10-27;78;126;630;217500;213889;15204;78.5;77.2;5.5
61;2021-10-28;67;108;461;217567;213997;15665;78.6;77.3;5.7
61;2021-10-29;127;161;676;217694;214158;16341;78.6;77.3;5.9
61;2021-10-30;31;84;207;217725;214242;16548;78.6;77.4;6.0
61;2021-10-31;5;5;1;217730;214247;16549;78.6;77.4;6.0
61;2021-11-01;5;1;4;217735;214248;16553;78.6;77.4;6.0
61;2021-11-02;59;107;500;217794;214355;17053;78.7;77.4;6.2
61;2021-11-03;68;148;621;217862;214503;17674;78.7;77.5;6.4
61;2021-11-04;65;92;631;217927;214595;18305;78.7;77.5;6.6
61;2021-11-05;116;155;873;218043;214750;19178;78.7;77.6;6.9
61;2021-11-06;64;77;348;218107;214827;19526;78.8;77.6;7.1
61;2021-11-07;2;11;24;218109;214838;19550;78.8;77.6;7.1
61;2021-11-08;60;105;850;218169;214943;20400;78.8;77.6;7.4
61;2021-11-09;44;86;607;218213;215029;21007;78.8;77.7;7.6
61;2021-11-10;88;117;979;218301;215146;21986;78.8;77.7;7.9
61;2021-11-11;5;3;33;218306;215149;22019;78.8;77.7;8.0
61;2021-11-12;83;158;1022;218389;215307;23041;78.9;77.8;8.3
61;2021-11-13;51;53;217;218440;215360;23258;78.9;77.8;8.4
61;2021-11-14;0;7;8;218440;215367;23266;78.9;77.8;8.4
61;2021-11-15;55;83;952;218495;215450;24218;78.9;77.8;8.7
61;2021-11-16;81;59;961;218576;215509;25179;78.9;77.8;9.1
61;2021-11-17;90;106;1062;218666;215615;26241;79.0;77.9;9.5
61;2021-11-18;97;111;1276;218763;215726;27517;79.0;77.9;9.9
61;2021-11-19;111;153;1434;218874;215879;28951;79.0;78.0;10.5
61;2021-11-20;75;70;500;218949;215949;29451;79.1;78.0;10.6
61;2021-11-21;4;5;20;218953;215954;29471;79.1;78.0;10.6
61;2021-11-22;69;42;935;219022;215996;30406;79.1;78.0;11.0
61;2021-11-23;125;67;1385;219147;216063;31791;79.1;78.0;11.5
61;2021-11-24;140;106;1343;219287;216169;33134;79.2;78.1;12.0
61;2021-11-25;118;72;1471;219405;216241;34605;79.2;78.1;12.5
61;2021-11-26;88;129;2016;219493;216370;36621;79.3;78.1;13.2
61;2021-11-27;79;58;1106;219572;216428;37727;79.3;78.2;13.6
61;2021-11-28;4;7;42;219576;216435;37769;79.3;78.2;13.6
61;2021-11-29;59;63;1718;219635;216498;39487;79.3;78.2;14.3
61;2021-11-30;124;77;2297;219759;216575;41784;79.4;78.2;15.1
61;2021-12-01;69;94;2320;219828;216669;44104;79.4;78.2;15.9
61;2021-12-02;86;50;2974;219914;216719;47078;79.4;78.3;17.0
61;2021-12-03;95;109;2855;220009;216828;49933;79.5;78.3;18.0
61;2021-12-04;61;62;1389;220070;216890;51322;79.5;78.3;18.5
61;2021-12-05;10;4;359;220080;216894;51681;79.5;78.3;18.7
61;2021-12-06;41;53;2307;220121;216947;53988;79.5;78.3;19.5
61;2021-12-07;76;74;3441;220197;217021;57429;79.5;78.4;20.7
61;2021-12-08;90;95;3141;220287;217116;60570;79.6;78.4;21.9
61;2021-12-09;80;79;3247;220367;217195;63817;79.6;78.4;23.0
62;2020-12-27;2;0;0;2;0;0;0.0;0.0;0.0
62;2020-12-28;1;0;0;3;0;0;0.0;0.0;0.0
62;2020-12-29;0;0;0;3;0;0;0.0;0.0;0.0
62;2020-12-30;0;0;0;3;0;0;0.0;0.0;0.0
62;2020-12-31;0;0;0;3;0;0;0.0;0.0;0.0
62;2021-01-01;1;0;0;4;0;0;0.0;0.0;0.0
62;2021-01-02;3;2;0;7;2;0;0.0;0.0;0.0
62;2021-01-03;0;0;0;7;2;0;0.0;0.0;0.0
62;2021-01-04;5;0;0;12;2;0;0.0;0.0;0.0
62;2021-01-05;64;0;0;76;2;0;0.0;0.0;0.0
62;2021-01-06;149;0;0;225;2;0;0.0;0.0;0.0
62;2021-01-07;371;0;0;596;2;0;0.0;0.0;0.0
62;2021-01-08;710;10;0;1306;12;0;0.1;0.0;0.0
62;2021-01-09;199;2;0;1505;14;0;0.1;0.0;0.0
62;2021-01-10;109;0;0;1614;14;0;0.1;0.0;0.0
62;2021-01-11;610;2;0;2224;16;0;0.2;0.0;0.0
62;2021-01-12;1319;5;0;3543;21;0;0.2;0.0;0.0
62;2021-01-13;1146;16;0;4689;37;0;0.3;0.0;0.0
62;2021-01-14;1461;11;0;6150;48;0;0.4;0.0;0.0
62;2021-01-15;1335;14;0;7485;62;0;0.5;0.0;0.0
62;2021-01-16;351;3;0;7836;65;0;0.5;0.0;0.0
62;2021-01-17;143;1;0;7979;66;0;0.5;0.0;0.0
62;2021-01-18;1725;9;0;9704;75;0;0.7;0.0;0.0
62;2021-01-19;2039;5;0;11743;80;0;0.8;0.0;0.0
62;2021-01-20;2002;9;0;13745;89;0;0.9;0.0;0.0
62;2021-01-21;2255;6;0;16000;95;0;1.1;0.0;0.0
62;2021-01-22;1800;8;0;17800;103;0;1.2;0.0;0.0
62;2021-01-23;494;1;0;18294;104;0;1.3;0.0;0.0
62;2021-01-24;9;0;0;18303;104;0;1.3;0.0;0.0
62;2021-01-25;1263;12;0;19566;116;0;1.3;0.0;0.0
62;2021-01-26;1597;31;0;21163;147;0;1.5;0.0;0.0
62;2021-01-27;1345;184;0;22508;331;0;1.5;0.0;0.0
62;2021-01-28;4003;405;0;26511;736;0;1.8;0.1;0.0
62;2021-01-29;1993;347;0;28504;1083;0;2.0;0.1;0.0
62;2021-01-30;166;152;0;28670;1235;0;2.0;0.1;0.0
62;2021-01-31;20;3;0;28690;1238;0;2.0;0.1;0.0
62;2021-02-01;53;366;0;28743;1604;0;2.0;0.1;0.0
62;2021-02-02;74;788;0;28817;2392;0;2.0;0.2;0.0
62;2021-02-03;172;648;0;28989;3040;0;2.0;0.2;0.0
62;2021-02-04;192;821;0;29181;3861;0;2.0;0.3;0.0
62;2021-02-05;105;753;0;29286;4614;0;2.0;0.3;0.0
62;2021-02-06;38;162;0;29324;4776;0;2.0;0.3;0.0
62;2021-02-07;242;33;0;29566;4809;0;2.0;0.3;0.0
62;2021-02-08;164;871;0;29730;5680;0;2.0;0.4;0.0
62;2021-02-09;273;1097;0;30003;6777;0;2.1;0.5;0.0
62;2021-02-10;384;1103;0;30387;7880;0;2.1;0.5;0.0
62;2021-02-11;772;1022;0;31159;8902;0;2.1;0.6;0.0
62;2021-02-12;985;848;0;32144;9750;0;2.2;0.7;0.0
62;2021-02-13;179;302;0;32323;10052;0;2.2;0.7;0.0
62;2021-02-14;3;10;0;32326;10062;0;2.2;0.7;0.0
62;2021-02-15;737;1259;0;33063;11321;0;2.3;0.8;0.0
62;2021-02-16;929;1813;0;33992;13134;0;2.3;0.9;0.0
62;2021-02-17;1090;2052;0;35082;15186;0;2.4;1.0;0.0
62;2021-02-18;2245;3688;0;37327;18874;0;2.6;1.3;0.0
62;2021-02-19;2268;2476;0;39595;21350;0;2.7;1.5;0.0
62;2021-02-20;616;499;0;40211;21849;0;2.8;1.5;0.0
62;2021-02-21;84;63;0;40295;21912;0;2.8;1.5;0.0
62;2021-02-22;855;953;0;41150;22865;0;2.8;1.6;0.0
62;2021-02-23;1430;1214;0;42580;24079;0;2.9;1.7;0.0
62;2021-02-24;1587;759;0;44167;24838;0;3.0;1.7;0.0
62;2021-02-25;3257;557;0;47424;25395;0;3.3;1.7;0.0
62;2021-02-26;2959;445;0;50383;25840;0;3.5;1.8;0.0
62;2021-02-27;1837;117;0;52220;25957;0;3.6;1.8;0.0
62;2021-02-28;59;44;0;52279;26001;0;3.6;1.8;0.0
62;2021-03-01;1387;154;0;53666;26155;0;3.7;1.8;0.0
62;2021-03-02;3120;204;0;56786;26359;0;3.9;1.8;0.0
62;2021-03-03;3304;207;0;60090;26566;0;4.1;1.8;0.0
62;2021-03-04;3876;273;0;63966;26839;0;4.4;1.8;0.0
62;2021-03-05;4702;300;0;68668;27139;0;4.7;1.9;0.0
62;2021-03-06;9722;307;0;78390;27446;0;5.4;1.9;0.0
62;2021-03-07;8117;253;0;86507;27699;0;6.0;1.9;0.0
62;2021-03-08;2317;353;0;88824;28052;0;6.1;1.9;0.0
62;2021-03-09;3934;473;0;92758;28525;0;6.4;2.0;0.0
62;2021-03-10;4347;666;0;97105;29191;0;6.7;2.0;0.0
62;2021-03-11;6176;1532;0;103281;30723;0;7.1;2.1;0.0
62;2021-03-12;6828;1453;0;110109;32176;0;7.6;2.2;0.0
62;2021-03-13;14783;870;0;124892;33046;0;8.6;2.3;0.0
62;2021-03-14;9613;411;0;134505;33457;0;9.3;2.3;0.0
62;2021-03-15;3856;1056;0;138361;34513;0;9.5;2.4;0.0
62;2021-03-16;2812;838;0;141173;35351;0;9.7;2.4;0.0
62;2021-03-17;2852;817;0;144025;36168;0;9.9;2.5;0.0
62;2021-03-18;2800;1056;0;146825;37224;0;10.1;2.6;0.0
62;2021-03-19;4835;931;0;151660;38155;0;10.4;2.6;0.0
62;2021-03-20;11341;638;0;163001;38793;0;11.2;2.7;0.0
62;2021-03-21;9217;387;0;172218;39180;0;11.9;2.7;0.0
62;2021-03-22;3060;1154;0;175278;40334;0;12.1;2.8;0.0
62;2021-03-23;5006;1525;0;180284;41859;0;12.4;2.9;0.0
62;2021-03-24;4658;1385;0;184942;43244;0;12.7;3.0;0.0
62;2021-03-25;6574;1505;0;191516;44749;0;13.2;3.1;0.0
62;2021-03-26;7135;1487;0;198651;46236;0;13.7;3.2;0.0
62;2021-03-27;12458;782;0;211109;47018;0;14.5;3.2;0.0
62;2021-03-28;6809;287;0;217918;47305;0;15.0;3.3;0.0
62;2021-03-29;3487;1295;0;221405;48600;0;15.2;3.3;0.0
62;2021-03-30;4580;2247;0;225985;50847;0;15.6;3.5;0.0
62;2021-03-31;4135;2472;0;230120;53319;0;15.8;3.7;0.0
62;2021-04-01;4945;2788;0;235065;56107;0;16.2;3.9;0.0
62;2021-04-02;5020;3365;0;240085;59472;0;16.5;4.1;0.0
62;2021-04-03;8343;3429;0;248428;62901;0;17.1;4.3;0.0
62;2021-04-04;4493;1935;0;252921;64836;0;17.4;4.5;0.0
62;2021-04-05;1203;514;0;254124;65350;0;17.5;4.5;0.0
62;2021-04-06;4031;3093;0;258155;68443;0;17.8;4.7;0.0
62;2021-04-07;5020;3644;0;263175;72087;0;18.1;5.0;0.0
62;2021-04-08;6516;4008;0;269691;76095;0;18.6;5.2;0.0
62;2021-04-09;7687;3606;0;277378;79701;0;19.1;5.5;0.0
62;2021-04-10;6740;8119;0;284118;87820;0;19.6;6.0;0.0
62;2021-04-11;2797;6839;0;286915;94659;0;19.7;6.5;0.0
62;2021-04-12;3470;2514;0;290385;97173;0;20.0;6.7;0.0
62;2021-04-13;6132;3292;0;296517;100465;0;20.4;6.9;0.0
62;2021-04-14;5394;3129;0;301911;103594;0;20.8;7.1;0.0
62;2021-04-15;5849;3047;0;307760;106641;0;21.2;7.3;0.0
62;2021-04-16;5539;3311;0;313299;109952;0;21.6;7.6;0.0
62;2021-04-17;4416;7627;0;317715;117579;0;21.9;8.1;0.0
62;2021-04-18;1970;6639;0;319685;124218;0;22.0;8.6;0.0
62;2021-04-19;2919;2075;0;322604;126293;0;22.2;8.7;0.0
62;2021-04-20;4106;3857;0;326710;130150;0;22.5;9.0;0.0
62;2021-04-21;3733;3886;0;330443;134036;0;22.7;9.2;0.0
62;2021-04-22;4165;5134;0;334608;139170;0;23.0;9.6;0.0
62;2021-04-23;4164;5272;0;338772;144442;0;23.3;9.9;0.0
62;2021-04-24;4443;6743;0;343215;151185;0;23.6;10.4;0.0
62;2021-04-25;1947;3512;0;345162;154697;0;23.8;10.6;0.0
62;2021-04-26;2440;2554;0;347602;157251;0;23.9;10.8;0.0
62;2021-04-27;4567;3680;0;352169;160931;0;24.2;11.1;0.0
62;2021-04-28;4709;4390;0;356878;165321;0;24.6;11.4;0.0
62;2021-04-29;4975;5768;0;361853;171089;0;24.9;11.8;0.0
62;2021-04-30;5554;5706;0;367407;176795;0;25.3;12.2;0.0
62;2021-05-01;6168;3842;0;373575;180637;0;25.7;12.4;0.0
62;2021-05-02;8051;3316;0;381626;183953;0;26.3;12.7;0.0
62;2021-05-03;5072;2464;0;386698;186417;0;26.6;12.8;0.0
62;2021-05-04;5810;4965;0;392508;191382;0;27.0;13.2;0.0
62;2021-05-05;5191;4775;0;397699;196157;0;27.4;13.5;0.0
62;2021-05-06;5890;5000;0;403589;201157;0;27.8;13.8;0.0
62;2021-05-07;8355;4825;0;411944;205982;0;28.4;14.2;0.0
62;2021-05-08;11291;2514;0;423235;208496;0;29.1;14.4;0.0
62;2021-05-09;8995;1705;0;432230;210201;0;29.8;14.5;0.0
62;2021-05-10;5802;4129;0;438032;214330;0;30.2;14.8;0.0
62;2021-05-11;7105;5039;0;445137;219369;0;30.6;15.1;0.0
62;2021-05-12;9333;4709;0;454470;224078;0;31.3;15.4;0.0
62;2021-05-13;10054;1551;0;464524;225629;0;32.0;15.5;0.0
62;2021-05-14;11595;3493;0;476119;229122;0;32.8;15.8;0.0
62;2021-05-15;19344;3349;0;495463;232471;0;34.1;16.0;0.0
62;2021-05-16;16406;1443;0;511869;233914;0;35.2;16.1;0.0
62;2021-05-17;8424;2763;0;520293;236677;0;35.8;16.3;0.0
62;2021-05-18;9300;3138;0;529593;239815;0;36.5;16.5;0.0
62;2021-05-19;8838;2878;0;538431;242693;0;37.1;16.7;0.0
62;2021-05-20;8590;3914;0;547021;246607;0;37.7;17.0;0.0
62;2021-05-21;9756;4316;0;556777;250923;0;38.3;17.3;0.0
62;2021-05-22;17378;3502;0;574155;254425;0;39.5;17.5;0.0
62;2021-05-23;12430;1142;0;586585;255567;0;40.4;17.6;0.0
62;2021-05-24;5028;730;0;591613;256297;0;40.7;17.6;0.0
62;2021-05-25;7216;4036;0;598829;260333;0;41.2;17.9;0.0
62;2021-05-26;7237;4906;0;606066;265239;0;41.7;18.3;0.0
62;2021-05-27;6519;5723;0;612585;270962;0;42.2;18.7;0.0
62;2021-05-28;6795;6888;0;619380;277850;0;42.6;19.1;0.0
62;2021-05-29;10408;5511;0;629788;283361;0;43.4;19.5;0.0
62;2021-05-30;3935;951;0;633723;284312;0;43.6;19.6;0.0
62;2021-05-31;4915;4149;0;638638;288461;0;44.0;19.9;0.0
62;2021-06-01;6556;6537;0;645194;294998;0;44.4;20.3;0.0
62;2021-06-02;7464;5943;0;652658;300941;0;44.9;20.7;0.0
62;2021-06-03;7849;6110;0;660507;307051;0;45.5;21.1;0.0
62;2021-06-04;7923;6435;0;668430;313486;0;46.0;21.6;0.0
62;2021-06-05;8031;6219;0;676461;319705;0;46.6;22.0;0.0
62;2021-06-06;3110;1356;0;679571;321061;0;46.8;22.1;0.0
62;2021-06-07;4867;4069;0;684438;325130;0;47.1;22.4;0.0
62;2021-06-08;6260;6053;0;690698;331183;0;47.5;22.8;0.0
62;2021-06-09;5522;5063;0;696220;336246;0;47.9;23.1;0.0
62;2021-06-10;5197;6186;0;701417;342432;0;48.3;23.6;0.0
62;2021-06-11;6137;9181;0;707554;351613;0;48.7;24.2;0.0
62;2021-06-12;5844;8891;0;713398;360504;0;49.1;24.8;0.0
62;2021-06-13;3148;3824;0;716546;364328;0;49.3;25.1;0.0
62;2021-06-14;2801;7242;0;719347;371570;0;49.5;25.6;0.0
62;2021-06-15;4711;8778;0;724058;380348;0;49.8;26.2;0.0
62;2021-06-16;5131;7683;0;729189;388031;0;50.2;26.7;0.0
62;2021-06-17;5219;8201;0;734408;396232;0;50.6;27.3;0.0
62;2021-06-18;4850;11215;0;739258;407447;0;50.9;28.0;0.0
62;2021-06-19;5787;13977;0;745045;421424;0;51.3;29.0;0.0
62;2021-06-20;2271;4847;0;747316;426271;0;51.4;29.3;0.0
62;2021-06-21;2976;9576;0;750292;435847;0;51.6;30.0;0.0
62;2021-06-22;3525;10487;0;753817;446334;0;51.9;30.7;0.0
62;2021-06-23;3479;10758;0;757296;457092;0;52.1;31.5;0.0
62;2021-06-24;3435;11993;0;760731;469085;0;52.4;32.3;0.0
62;2021-06-25;3821;15607;0;764552;484692;0;52.6;33.4;0.0
62;2021-06-26;3652;18215;0;768204;502907;0;52.9;34.6;0.0
62;2021-06-27;1367;10155;0;769571;513062;0;53.0;35.3;0.0
62;2021-06-28;2050;9469;0;771621;522531;0;53.1;36.0;0.0
62;2021-06-29;3067;11529;0;774688;534060;0;53.3;36.8;0.0
62;2021-06-30;4074;11068;0;778762;545128;0;53.6;37.5;0.0
62;2021-07-01;4456;10614;0;783218;555742;0;53.9;38.3;0.0
62;2021-07-02;4150;12320;0;787368;568062;0;54.2;39.1;0.0
62;2021-07-03;2965;17992;0;790333;586054;0;54.4;40.3;0.0
62;2021-07-04;1581;9656;0;791914;595710;0;54.5;41.0;0.0
62;2021-07-05;2605;7623;0;794519;603333;0;54.7;41.5;0.0
62;2021-07-06;3863;10130;0;798382;613463;0;55.0;42.2;0.0
62;2021-07-07;4017;8927;0;802399;622390;0;55.2;42.8;0.0
62;2021-07-08;5161;8997;0;807560;631387;0;55.6;43.5;0.0
62;2021-07-09;4551;11093;0;812111;642480;0;55.9;44.2;0.0
62;2021-07-10;5116;11865;0;817227;654345;0;56.3;45.0;0.0
62;2021-07-11;1513;2473;0;818740;656818;0;56.4;45.2;0.0
62;2021-07-12;2505;7609;0;821245;664427;0;56.5;45.7;0.0
62;2021-07-13;5345;12030;0;826590;676457;0;56.9;46.6;0.0
62;2021-07-14;3740;3246;0;830330;679703;0;57.2;46.8;0.0
62;2021-07-15;7652;11527;0;837982;691230;0;57.7;47.6;0.0
62;2021-07-16;7925;11098;0;845907;702328;0;58.2;48.3;0.0
62;2021-07-17;9510;10468;0;855417;712796;0;58.9;49.1;0.0
62;2021-07-18;3183;3783;0;858600;716579;0;59.1;49.3;0.0
62;2021-07-19;6183;7406;0;864783;723985;0;59.5;49.8;0.0
62;2021-07-20;8180;10713;0;872963;734698;0;60.1;50.6;0.0
62;2021-07-21;9729;9454;0;882692;744152;0;60.8;51.2;0.0
62;2021-07-22;9918;8895;0;892610;753047;0;61.4;51.8;0.0
62;2021-07-23;10656;8500;0;903266;761547;0;62.2;52.4;0.0
62;2021-07-24;9925;10246;0;913191;771793;0;62.9;53.1;0.0
62;2021-07-25;5922;2051;0;919113;773844;0;63.3;53.3;0.0
62;2021-07-26;6692;5858;0;925805;779702;0;63.7;53.7;0.0
62;2021-07-27;9973;8101;0;935778;787803;0;64.4;54.2;0.0
62;2021-07-28;10547;7475;0;946325;795278;0;65.1;54.7;0.0
62;2021-07-29;11868;7547;0;958193;802825;0;66.0;55.3;0.0
62;2021-07-30;9266;6513;0;967459;809338;0;66.6;55.7;0.0
62;2021-07-31;6968;4310;0;974427;813648;0;67.1;56.0;0.0
62;2021-08-01;2782;1287;0;977209;814935;0;67.3;56.1;0.0
62;2021-08-02;6918;5052;0;984127;819987;0;67.7;56.4;0.0
62;2021-08-03;8484;7570;0;992611;827557;0;68.3;57.0;0.0
62;2021-08-04;9389;5542;0;1002000;833099;0;69.0;57.3;0.0
62;2021-08-05;8194;5782;0;1010194;838881;0;69.5;57.7;0.0
62;2021-08-06;7402;6049;0;1017596;844930;0;70.0;58.2;0.0
62;2021-08-07;5808;5492;0;1023404;850422;0;70.4;58.5;0.0
62;2021-08-08;2040;1502;0;1025444;851924;0;70.6;58.6;0.0
62;2021-08-09;5320;5394;0;1030764;857318;0;71.0;59.0;0.0
62;2021-08-10;6178;7351;0;1036942;864669;0;71.4;59.5;0.0
62;2021-08-11;5433;7401;0;1042375;872070;0;71.8;60.0;0.0
62;2021-08-12;5801;7147;0;1048176;879217;0;72.1;60.5;0.0
62;2021-08-13;4575;6266;0;1052751;885483;0;72.5;61.0;0.0
62;2021-08-14;3956;7086;0;1056707;892569;0;72.7;61.4;0.0
62;2021-08-15;1210;1357;0;1057917;893926;0;72.8;61.5;0.0
62;2021-08-16;3273;6244;0;1061190;900170;0;73.0;62.0;0.0
62;2021-08-17;4014;7215;0;1065204;907385;0;73.3;62.5;0.0
62;2021-08-18;4374;7238;0;1069578;914623;0;73.6;63.0;0.0
62;2021-08-19;4267;8467;0;1073845;923090;0;73.9;63.5;0.0
62;2021-08-20;3370;8637;0;1077215;931727;0;74.1;64.1;0.0
62;2021-08-21;2460;9717;0;1079675;941444;0;74.3;64.8;0.0
62;2021-08-22;483;3009;0;1080158;944453;0;74.4;65.0;0.0
62;2021-08-23;2727;8040;0;1082885;952493;0;74.5;65.6;0.0
62;2021-08-24;3689;10135;0;1086574;962628;0;74.8;66.3;0.0
62;2021-08-25;3469;9072;0;1090043;971700;0;75.0;66.9;0.0
62;2021-08-26;3081;9404;0;1093124;981104;0;75.2;67.5;0.0
62;2021-08-27;2596;8945;0;1095720;990049;0;75.4;68.1;0.0
62;2021-08-28;2097;8127;0;1097817;998176;0;75.6;68.7;0.0
62;2021-08-29;906;2415;0;1098723;1000591;0;75.6;68.9;0.0
62;2021-08-30;2050;7415;101;1100773;1008006;101;75.8;69.4;0.0
62;2021-08-31;2180;7805;197;1102953;1015811;298;75.9;69.9;0.0
62;2021-09-01;1858;5875;396;1104811;1021686;694;76.0;70.3;0.0
62;2021-09-02;1796;6203;448;1106607;1027889;1142;76.2;70.8;0.1
62;2021-09-03;2092;6936;612;1108699;1034825;1754;76.3;71.2;0.1
62;2021-09-04;2127;6518;404;1110826;1041343;2158;76.5;71.7;0.1
62;2021-09-05;320;1237;66;1111146;1042580;2224;76.5;71.8;0.2
62;2021-09-06;1079;3422;529;1112225;1046002;2753;76.6;72.0;0.2
62;2021-09-07;1209;3813;565;1113434;1049815;3318;76.6;72.3;0.2
62;2021-09-08;1311;4070;443;1114745;1053885;3761;76.7;72.5;0.3
62;2021-09-09;1268;4225;483;1116013;1058110;4244;76.8;72.8;0.3
62;2021-09-10;1619;4456;631;1117632;1062566;4875;76.9;73.1;0.3
62;2021-09-11;1276;3990;365;1118908;1066556;5240;77.0;73.4;0.4
62;2021-09-12;219;564;50;1119127;1067120;5290;77.0;73.5;0.4
62;2021-09-13;831;2294;606;1119958;1069414;5896;77.1;73.6;0.4
62;2021-09-14;1333;3324;1077;1121291;1072738;6973;77.2;73.8;0.5
62;2021-09-15;1346;4095;832;1122637;1076833;7805;77.3;74.1;0.5
62;2021-09-16;1359;2855;1034;1123996;1079688;8839;77.4;74.3;0.6
62;2021-09-17;1370;2485;1041;1125366;1082173;9880;77.5;74.5;0.7
62;2021-09-18;1067;2944;517;1126433;1085117;10397;77.5;74.7;0.7
62;2021-09-19;137;475;52;1126570;1085592;10449;77.5;74.7;0.7
62;2021-09-20;610;1535;848;1127180;1087127;11297;77.6;74.8;0.8
62;2021-09-21;903;2406;851;1128083;1089533;12148;77.7;75.0;0.8
62;2021-09-22;785;2607;892;1128868;1092140;13040;77.7;75.2;0.9
62;2021-09-23;712;1772;1478;1129580;1093912;14518;77.8;75.3;1.0
62;2021-09-24;772;1997;935;1130352;1095909;15453;77.8;75.4;1.1
62;2021-09-25;696;2676;653;1131048;1098585;16106;77.9;75.6;1.1
62;2021-09-26;85;329;58;1131133;1098914;16164;77.9;75.6;1.1
62;2021-09-27;353;1134;634;1131486;1100048;16798;77.9;75.7;1.2
62;2021-09-28;582;1676;980;1132068;1101724;17778;77.9;75.8;1.2
62;2021-09-29;723;1875;990;1132791;1103599;18768;78.0;76.0;1.3
62;2021-09-30;432;993;828;1133223;1104592;19596;78.0;76.0;1.3
62;2021-10-01;780;1689;1052;1134003;1106281;20648;78.1;76.1;1.4
62;2021-10-02;728;1556;818;1134731;1107837;21466;78.1;76.3;1.5
62;2021-10-03;94;251;75;1134825;1108088;21541;78.1;76.3;1.5
62;2021-10-04;433;821;1122;1135258;1108909;22663;78.1;76.3;1.6
62;2021-10-05;647;1443;1714;1135905;1110352;24377;78.2;76.4;1.7
62;2021-10-06;607;1260;1196;1136512;1111612;25573;78.2;76.5;1.8
62;2021-10-07;506;1184;1378;1137018;1112796;26951;78.3;76.6;1.9
62;2021-10-08;758;1573;1714;1137776;1114369;28665;78.3;76.7;2.0
62;2021-10-09;644;1375;1513;1138420;1115744;30178;78.4;76.8;2.1
62;2021-10-10;76;203;193;1138496;1115947;30371;78.4;76.8;2.1
62;2021-10-11;374;709;1272;1138870;1116656;31643;78.4;76.9;2.2
62;2021-10-12;499;1302;2454;1139369;1117958;34097;78.4;77.0;2.3
62;2021-10-13;575;929;1662;1139944;1118887;35759;78.5;77.0;2.5
62;2021-10-14;409;737;1396;1140353;1119624;37155;78.5;77.1;2.6
62;2021-10-15;684;1129;2292;1141037;1120753;39447;78.5;77.1;2.7
62;2021-10-16;537;790;1691;1141574;1121543;41138;78.6;77.2;2.8
62;2021-10-17;57;80;165;1141631;1121623;41303;78.6;77.2;2.8
62;2021-10-18;386;542;1816;1142017;1122165;43119;78.6;77.2;3.0
62;2021-10-19;546;841;2937;1142563;1123006;46056;78.6;77.3;3.2
62;2021-10-20;495;724;2188;1143058;1123730;48244;78.7;77.4;3.3
62;2021-10-21;418;543;2212;1143476;1124273;50456;78.7;77.4;3.5
62;2021-10-22;610;980;2816;1144086;1125253;53272;78.8;77.5;3.7
62;2021-10-23;509;753;2280;1144595;1126006;55552;78.8;77.5;3.8
62;2021-10-24;25;53;151;1144620;1126059;55703;78.8;77.5;3.8
62;2021-10-25;430;484;2144;1145050;1126543;57847;78.8;77.5;4.0
62;2021-10-26;471;663;3068;1145521;1127206;60915;78.9;77.6;4.2
62;2021-10-27;407;596;2288;1145928;1127802;63203;78.9;77.6;4.4
62;2021-10-28;406;470;2235;1146334;1128272;65438;78.9;77.7;4.5
62;2021-10-29;503;742;3034;1146837;1129014;68472;78.9;77.7;4.7
62;2021-10-30;367;648;2562;1147204;1129662;71034;79.0;77.8;4.9
62;2021-10-31;25;33;134;1147229;1129695;71168;79.0;77.8;4.9
62;2021-11-01;27;26;78;1147256;1129721;71246;79.0;77.8;4.9
62;2021-11-02;488;703;3333;1147744;1130424;74579;79.0;77.8;5.1
62;2021-11-03;439;638;2767;1148183;1131062;77346;79.0;77.9;5.3
62;2021-11-04;395;422;2457;1148578;1131484;79803;79.1;77.9;5.5
62;2021-11-05;471;633;3309;1149049;1132117;83112;79.1;77.9;5.7
62;2021-11-06;480;642;3110;1149529;1132759;86222;79.1;78.0;5.9
62;2021-11-07;104;116;467;1149633;1132875;86689;79.1;78.0;6.0
62;2021-11-08;298;421;2716;1149931;1133296;89405;79.2;78.0;6.2
62;2021-11-09;445;548;4653;1150376;1133844;94058;79.2;78.0;6.5
62;2021-11-10;535;726;4272;1150911;1134570;98330;79.2;78.1;6.8
62;2021-11-11;16;27;129;1150927;1134597;98459;79.2;78.1;6.8
62;2021-11-12;531;750;4662;1151458;1135347;103121;79.3;78.2;7.1
62;2021-11-13;388;550;2778;1151846;1135897;105899;79.3;78.2;7.3
62;2021-11-14;34;48;249;1151880;1135945;106148;79.3;78.2;7.3
62;2021-11-15;366;407;3613;1152246;1136352;109761;79.3;78.2;7.6
62;2021-11-16;341;432;4351;1152587;1136784;114112;79.3;78.2;7.9
62;2021-11-17;550;570;4639;1153137;1137354;118751;79.4;78.3;8.2
62;2021-11-18;433;603;5015;1153570;1137957;123766;79.4;78.3;8.5
62;2021-11-19;688;669;5830;1154258;1138626;129596;79.5;78.4;8.9
62;2021-11-20;511;568;3812;1154769;1139194;133408;79.5;78.4;9.2
62;2021-11-21;24;68;425;1154793;1139262;133833;79.5;78.4;9.2
62;2021-11-22;416;252;3732;1155209;1139514;137565;79.5;78.4;9.5
62;2021-11-23;432;386;5009;1155641;1139900;142574;79.5;78.5;9.8
62;2021-11-24;477;457;4020;1156118;1140357;146594;79.6;78.5;10.1
62;2021-11-25;506;426;6392;1156624;1140783;152986;79.6;78.5;10.5
62;2021-11-26;633;602;9741;1157257;1141385;162727;79.7;78.6;11.2
62;2021-11-27;400;502;7090;1157657;1141887;169817;79.7;78.6;11.7
62;2021-11-28;44;65;1426;1157701;1141952;171243;79.7;78.6;11.8
62;2021-11-29;283;329;7973;1157984;1142281;179216;79.7;78.6;12.3
62;2021-11-30;417;456;11773;1158401;1142737;190989;79.7;78.7;13.1
62;2021-12-01;341;481;11908;1158742;1143218;202897;79.8;78.7;14.0
62;2021-12-02;336;266;12837;1159078;1143484;215734;79.8;78.7;14.8
62;2021-12-03;428;652;15578;1159506;1144136;231312;79.8;78.8;15.9
62;2021-12-04;370;515;13142;1159876;1144651;244454;79.8;78.8;16.8
62;2021-12-05;66;60;4837;1159942;1144711;249291;79.8;78.8;17.2
62;2021-12-06;289;382;13378;1160231;1145093;262669;79.9;78.8;18.1
62;2021-12-07;316;405;16368;1160547;1145498;279037;79.9;78.8;19.2
62;2021-12-08;376;575;14247;1160923;1146073;293284;79.9;78.9;20.2
62;2021-12-09;396;459;16941;1161319;1146532;310225;79.9;78.9;21.4
63;2020-12-27;0;0;0;0;0;0;0.0;0.0;0.0
63;2020-12-28;0;0;0;0;0;0;0.0;0.0;0.0
63;2020-12-29;0;0;0;0;0;0;0.0;0.0;0.0
63;2020-12-30;0;0;0;0;0;0;0.0;0.0;0.0
63;2020-12-31;1;1;0;1;1;0;0.0;0.0;0.0
63;2021-01-01;1;0;0;2;1;0;0.0;0.0;0.0
63;2021-01-02;0;0;0;2;1;0;0.0;0.0;0.0
63;2021-01-03;0;0;0;2;1;0;0.0;0.0;0.0
63;2021-01-04;0;0;0;2;1;0;0.0;0.0;0.0
63;2021-01-05;1;0;0;3;1;0;0.0;0.0;0.0
63;2021-01-06;5;1;0;8;2;0;0.0;0.0;0.0
63;2021-01-07;303;1;0;311;3;0;0.0;0.0;0.0
63;2021-01-08;216;4;0;527;7;0;0.1;0.0;0.0
63;2021-01-09;101;0;0;628;7;0;0.1;0.0;0.0
63;2021-01-10;82;0;0;710;7;0;0.1;0.0;0.0
63;2021-01-11;435;4;0;1145;11;0;0.2;0.0;0.0
63;2021-01-12;663;1;0;1808;12;0;0.3;0.0;0.0
63;2021-01-13;785;8;0;2593;20;0;0.4;0.0;0.0
63;2021-01-14;547;8;0;3140;28;0;0.5;0.0;0.0
63;2021-01-15;428;6;0;3568;34;0;0.5;0.0;0.0
63;2021-01-16;168;0;0;3736;34;0;0.6;0.0;0.0
63;2021-01-17;140;0;0;3876;34;0;0.6;0.0;0.0
63;2021-01-18;655;3;0;4531;37;0;0.7;0.0;0.0
63;2021-01-19;873;2;0;5404;39;0;0.8;0.0;0.0
63;2021-01-20;1127;12;0;6531;51;0;1.0;0.0;0.0
63;2021-01-21;1088;5;0;7619;56;0;1.2;0.0;0.0
63;2021-01-22;1040;5;0;8659;61;0;1.3;0.0;0.0
63;2021-01-23;200;0;0;8859;61;0;1.3;0.0;0.0
63;2021-01-24;165;2;0;9024;63;0;1.4;0.0;0.0
63;2021-01-25;893;4;0;9917;67;0;1.5;0.0;0.0
63;2021-01-26;971;3;0;10888;70;0;1.6;0.0;0.0
63;2021-01-27;1057;5;0;11945;75;0;1.8;0.0;0.0
63;2021-01-28;1369;70;0;13314;145;0;2.0;0.0;0.0
63;2021-01-29;1200;73;0;14514;218;0;2.2;0.0;0.0
63;2021-01-30;98;2;0;14612;220;0;2.2;0.0;0.0
63;2021-01-31;9;0;0;14621;220;0;2.2;0.0;0.0
63;2021-02-01;656;188;0;15277;408;0;2.3;0.1;0.0
63;2021-02-02;919;254;0;16196;662;0;2.5;0.1;0.0
63;2021-02-03;1597;317;0;17793;979;0;2.7;0.1;0.0
63;2021-02-04;2112;508;0;19905;1487;0;3.0;0.2;0.0
63;2021-02-05;1240;287;0;21145;1774;0;3.2;0.3;0.0
63;2021-02-06;121;5;0;21266;1779;0;3.2;0.3;0.0
63;2021-02-07;11;3;0;21277;1782;0;3.2;0.3;0.0
63;2021-02-08;549;405;0;21826;2187;0;3.3;0.3;0.0
63;2021-02-09;712;436;0;22538;2623;0;3.4;0.4;0.0
63;2021-02-10;642;586;0;23180;3209;0;3.5;0.5;0.0
63;2021-02-11;843;503;0;24023;3712;0;3.6;0.6;0.0
63;2021-02-12;844;821;0;24867;4533;0;3.8;0.7;0.0
63;2021-02-13;115;2;0;24982;4535;0;3.8;0.7;0.0
63;2021-02-14;2;61;0;24984;4596;0;3.8;0.7;0.0
63;2021-02-15;222;852;0;25206;5448;0;3.8;0.8;0.0
63;2021-02-16;425;1168;0;25631;6616;0;3.9;1.0;0.0
63;2021-02-17;405;919;0;26036;7535;0;3.9;1.1;0.0
63;2021-02-18;641;901;0;26677;8436;0;4.0;1.3;0.0
63;2021-02-19;478;1021;0;27155;9457;0;4.1;1.4;0.0
63;2021-02-20;46;40;0;27201;9497;0;4.1;1.4;0.0
63;2021-02-21;3;19;0;27204;9516;0;4.1;1.4;0.0
63;2021-02-22;276;942;0;27480;10458;0;4.2;1.6;0.0
63;2021-02-23;587;1149;0;28067;11607;0;4.3;1.8;0.0
63;2021-02-24;708;1414;0;28775;13021;0;4.4;2.0;0.0
63;2021-02-25;1598;1689;0;30373;14710;0;4.6;2.2;0.0
63;2021-02-26;1638;1414;0;32011;16124;0;4.8;2.4;0.0
63;2021-02-27;633;82;0;32644;16206;0;4.9;2.5;0.0
63;2021-02-28;6;170;0;32650;16376;0;4.9;2.5;0.0
63;2021-03-01;593;546;0;33243;16922;0;5.0;2.6;0.0
63;2021-03-02;965;824;0;34208;17746;0;5.2;2.7;0.0
63;2021-03-03;1077;738;0;35285;18484;0;5.3;2.8;0.0
63;2021-03-04;1794;530;0;37079;19014;0;5.6;2.9;0.0
63;2021-03-05;2654;729;0;39733;19743;0;6.0;3.0;0.0
63;2021-03-06;1577;56;0;41310;19799;0;6.3;3.0;0.0
63;2021-03-07;506;21;0;41816;19820;0;6.3;3.0;0.0
63;2021-03-08;1004;683;0;42820;20503;0;6.5;3.1;0.0
63;2021-03-09;1608;1060;0;44428;21563;0;6.7;3.3;0.0
63;2021-03-10;1682;663;0;46110;22226;0;7.0;3.4;0.0
63;2021-03-11;3135;942;0;49245;23168;0;7.5;3.5;0.0
63;2021-03-12;3579;430;0;52824;23598;0;8.0;3.6;0.0
63;2021-03-13;2101;92;0;54925;23690;0;8.3;3.6;0.0
63;2021-03-14;70;25;0;54995;23715;0;8.3;3.6;0.0
63;2021-03-15;1735;364;0;56730;24079;0;8.6;3.6;0.0
63;2021-03-16;1747;424;0;58477;24503;0;8.9;3.7;0.0
63;2021-03-17;1685;730;0;60162;25233;0;9.1;3.8;0.0
63;2021-03-18;1978;751;0;62140;25984;0;9.4;3.9;0.0
63;2021-03-19;2820;545;0;64960;26529;0;9.8;4.0;0.0
63;2021-03-20;1132;76;0;66092;26605;0;10.0;4.0;0.0
63;2021-03-21;57;42;0;66149;26647;0;10.0;4.0;0.0
63;2021-03-22;2025;261;0;68174;26908;0;10.3;4.1;0.0
63;2021-03-23;3002;361;0;71176;27269;0;10.8;4.1;0.0
63;2021-03-24;3245;363;0;74421;27632;0;11.3;4.2;0.0
63;2021-03-25;4664;438;0;79085;28070;0;12.0;4.3;0.0
63;2021-03-26;4604;589;0;83689;28659;0;12.7;4.3;0.0
63;2021-03-27;2440;232;0;86129;28891;0;13.0;4.4;0.0
63;2021-03-28;1020;75;0;87149;28966;0;13.2;4.4;0.0
63;2021-03-29;2518;523;0;89667;29489;0;13.6;4.5;0.0
63;2021-03-30;3334;663;0;93001;30152;0;14.1;4.6;0.0
63;2021-03-31;3021;808;0;96022;30960;0;14.5;4.7;0.0
63;2021-04-01;3875;594;0;99897;31554;0;15.1;4.8;0.0
63;2021-04-02;3461;719;0;103358;32273;0;15.7;4.9;0.0
63;2021-04-03;1163;188;0;104521;32461;0;15.8;4.9;0.0
63;2021-04-04;834;31;0;105355;32492;0;16.0;4.9;0.0
63;2021-04-05;773;82;0;106128;32574;0;16.1;4.9;0.0
63;2021-04-06;2472;1006;0;108600;33580;0;16.4;5.1;0.0
63;2021-04-07;3251;899;0;111851;34479;0;16.9;5.2;0.0
63;2021-04-08;4733;1243;0;116584;35722;0;17.7;5.4;0.0
63;2021-04-09;5401;1092;0;121985;36814;0;18.5;5.6;0.0
63;2021-04-10;2307;503;0;124292;37317;0;18.8;5.7;0.0
63;2021-04-11;938;50;0;125230;37367;0;19.0;5.7;0.0
63;2021-04-12;1631;1330;0;126861;38697;0;19.2;5.9;0.0
63;2021-04-13;2051;1995;0;128912;40692;0;19.5;6.2;0.0
63;2021-04-14;2759;1504;0;131671;42196;0;19.9;6.4;0.0
63;2021-04-15;3855;1613;0;135526;43809;0;20.5;6.6;0.0
63;2021-04-16;2979;2160;0;138505;45969;0;21.0;7.0;0.0
63;2021-04-17;1285;698;0;139790;46667;0;21.2;7.1;0.0
63;2021-04-18;772;69;0;140562;46736;0;21.3;7.1;0.0
63;2021-04-19;1729;2110;0;142291;48846;0;21.6;7.4;0.0
63;2021-04-20;1804;2344;0;144095;51190;0;21.8;7.8;0.0
63;2021-04-21;1556;2457;0;145651;53647;0;22.1;8.1;0.0
63;2021-04-22;2044;2362;0;147695;56009;0;22.4;8.5;0.0
63;2021-04-23;2091;3082;0;149786;59091;0;22.7;8.9;0.0
63;2021-04-24;1203;1177;0;150989;60268;0;22.9;9.1;0.0
63;2021-04-25;534;409;0;151523;60677;0;22.9;9.2;0.0
63;2021-04-26;1529;2259;0;153052;62936;0;23.2;9.5;0.0
63;2021-04-27;2406;2616;0;155458;65552;0;23.5;9.9;0.0
63;2021-04-28;2425;3158;0;157883;68710;0;23.9;10.4;0.0
63;2021-04-29;3011;2946;0;160894;71656;0;24.4;10.9;0.0
63;2021-04-30;3060;2785;0;163954;74441;0;24.8;11.3;0.0
63;2021-05-01;1188;1007;0;165142;75448;0;25.0;11.4;0.0
63;2021-05-02;869;626;0;166011;76074;0;25.1;11.5;0.0
63;2021-05-03;2788;2272;0;168799;78346;0;25.6;11.9;0.0
63;2021-05-04;3042;2731;0;171841;81077;0;26.0;12.3;0.0
63;2021-05-05;3049;3144;0;174890;84221;0;26.5;12.8;0.0
63;2021-05-06;3841;3153;0;178731;87374;0;27.1;13.2;0.0
63;2021-05-07;4292;3661;0;183023;91035;0;27.7;13.8;0.0
63;2021-05-08;2152;720;0;185175;91755;0;28.0;13.9;0.0
63;2021-05-09;1780;766;0;186955;92521;0;28.3;14.0;0.0
63;2021-05-10;4339;2794;0;191294;95315;0;29.0;14.4;0.0
63;2021-05-11;5575;2826;0;196869;98141;0;29.8;14.9;0.0
63;2021-05-12;5390;2960;0;202259;101101;0;30.6;15.3;0.0
63;2021-05-13;4442;720;0;206701;101821;0;31.3;15.4;0.0
63;2021-05-14;4958;1620;0;211659;103441;0;32.1;15.7;0.0
63;2021-05-15;3742;1015;0;215401;104456;0;32.6;15.8;0.0
63;2021-05-16;3412;441;0;218813;104897;0;33.1;15.9;0.0
63;2021-05-17;3970;2011;0;222783;106908;0;33.7;16.2;0.0
63;2021-05-18;5229;1686;0;228012;108594;0;34.5;16.4;0.0
63;2021-05-19;5393;1691;0;233405;110285;0;35.4;16.7;0.0
63;2021-05-20;6837;2177;0;240242;112462;0;36.4;17.0;0.0
63;2021-05-21;6437;2316;0;246679;114778;0;37.4;17.4;0.0
63;2021-05-22;3436;848;0;250115;115626;0;37.9;17.5;0.0
63;2021-05-23;2319;234;0;252434;115860;0;38.2;17.5;0.0
63;2021-05-24;2887;602;0;255321;116462;0;38.7;17.6;0.0
63;2021-05-25;4317;2637;0;259638;119099;0;39.3;18.0;0.0
63;2021-05-26;5471;2427;0;265109;121526;0;40.2;18.4;0.0
63;2021-05-27;6464;2794;0;271573;124320;0;41.1;18.8;0.0
63;2021-05-28;5720;3901;0;277293;128221;0;42.0;19.4;0.0
63;2021-05-29;3365;1522;0;280658;129743;0;42.5;19.7;0.0
63;2021-05-30;1498;215;0;282156;129958;0;42.7;19.7;0.0
63;2021-05-31;4007;2310;0;286163;132268;0;43.3;20.0;0.0
63;2021-06-01;3901;3054;0;290064;135322;0;43.9;20.5;0.0
63;2021-06-02;3955;2557;0;294019;137879;0;44.5;20.9;0.0
63;2021-06-03;4903;3314;0;298922;141193;0;45.3;21.4;0.0
63;2021-06-04;5086;3690;0;304008;144883;0;46.0;21.9;0.0
63;2021-06-05;2787;1729;0;306795;146612;0;46.5;22.2;0.0
63;2021-06-06;1241;688;0;308036;147300;0;46.7;22.3;0.0
63;2021-06-07;3176;2601;0;311212;149901;0;47.1;22.7;0.0
63;2021-06-08;2973;2811;0;314185;152712;0;47.6;23.1;0.0
63;2021-06-09;3142;2359;0;317327;155071;0;48.1;23.5;0.0
63;2021-06-10;3288;2799;0;320615;157870;0;48.6;23.9;0.0
63;2021-06-11;3116;4228;0;323731;162098;0;49.0;24.6;0.0
63;2021-06-12;1690;1972;0;325421;164070;0;49.3;24.9;0.0
63;2021-06-13;466;1080;0;325887;165150;0;49.4;25.0;0.0
63;2021-06-14;1813;3547;0;327700;168697;0;49.6;25.6;0.0
63;2021-06-15;2335;3680;0;330035;172377;0;50.0;26.1;0.0
63;2021-06-16;2598;3421;0;332633;175798;0;50.4;26.6;0.0
63;2021-06-17;2480;4483;0;335113;180281;0;50.8;27.3;0.0
63;2021-06-18;2567;5991;0;337680;186272;0;51.1;28.2;0.0
63;2021-06-19;1680;3024;0;339360;189296;0;51.4;28.7;0.0
63;2021-06-20;649;2360;0;340009;191656;0;51.5;29.0;0.0
63;2021-06-21;1284;5542;0;341293;197198;0;51.7;29.9;0.0
63;2021-06-22;1355;5799;0;342648;202997;0;51.9;30.7;0.0
63;2021-06-23;1575;5016;0;344223;208013;0;52.1;31.5;0.0
63;2021-06-24;2008;5516;0;346231;213529;0;52.4;32.3;0.0
63;2021-06-25;1791;6165;0;348022;219694;0;52.7;33.3;0.0
63;2021-06-26;1075;3399;0;349097;223093;0;52.9;33.8;0.0
63;2021-06-27;685;3363;0;349782;226456;0;53.0;34.3;0.0
63;2021-06-28;1163;5648;0;350945;232104;0;53.2;35.2;0.0
63;2021-06-29;1281;5336;0;352226;237440;0;53.3;36.0;0.0
63;2021-06-30;1666;5532;0;353892;242972;0;53.6;36.8;0.0
63;2021-07-01;1969;7985;0;355861;250957;0;53.9;38.0;0.0
63;2021-07-02;2181;6705;0;358042;257662;0;54.2;39.0;0.0
63;2021-07-03;961;3009;0;359003;260671;0;54.4;39.5;0.0
63;2021-07-04;1013;1874;0;360016;262545;0;54.5;39.8;0.0
63;2021-07-05;1561;6346;0;361577;268891;0;54.8;40.7;0.0
63;2021-07-06;1646;4978;0;363223;273869;0;55.0;41.5;0.0
63;2021-07-07;1954;4319;0;365177;278188;0;55.3;42.1;0.0
63;2021-07-08;2243;4759;0;367420;282947;0;55.6;42.9;0.0
63;2021-07-09;1995;5950;0;369415;288897;0;56.0;43.8;0.0
63;2021-07-10;1542;3621;0;370957;292518;0;56.2;44.3;0.0
63;2021-07-11;864;1489;0;371821;294007;0;56.3;44.5;0.0
63;2021-07-12;1597;8298;0;373418;302305;0;56.6;45.8;0.0
63;2021-07-13;3609;6215;0;377027;308520;0;57.1;46.7;0.0
63;2021-07-14;3383;1732;0;380410;310252;0;57.6;47.0;0.0
63;2021-07-15;4312;5152;0;384722;315404;0;58.3;47.8;0.0
63;2021-07-16;4639;5800;0;389361;321204;0;59.0;48.6;0.0
63;2021-07-17;2884;2570;0;392245;323774;0;59.4;49.0;0.0
63;2021-07-18;2632;1090;0;394877;324864;0;59.8;49.2;0.0
63;2021-07-19;3909;4786;0;398786;329650;0;60.4;49.9;0.0
63;2021-07-20;4642;5426;0;403428;335076;0;61.1;50.8;0.0
63;2021-07-21;4662;4073;0;408090;339149;0;61.8;51.4;0.0
63;2021-07-22;5289;4410;0;413379;343559;0;62.6;52.0;0.0
63;2021-07-23;5060;4598;0;418439;348157;0;63.4;52.7;0.0
63;2021-07-24;3394;2010;0;421833;350167;0;63.9;53.0;0.0
63;2021-07-25;2692;1308;0;424525;351475;0;64.3;53.2;0.0
63;2021-07-26;3836;3243;0;428361;354718;0;64.9;53.7;0.0
63;2021-07-27;3898;3214;0;432259;357932;0;65.5;54.2;0.0
63;2021-07-28;3784;2739;0;436043;360671;0;66.0;54.6;0.0
63;2021-07-29;4371;3199;0;440414;363870;0;66.7;55.1;0.0
63;2021-07-30;3823;3601;0;444237;367471;0;67.3;55.7;0.0
63;2021-07-31;2161;1831;0;446398;369302;0;67.6;55.9;0.0
63;2021-08-01;1060;794;0;447458;370096;0;67.8;56.1;0.0
63;2021-08-02;2264;2964;0;449722;373060;0;68.1;56.5;0.0
63;2021-08-03;2758;3334;0;452480;376394;0;68.5;57.0;0.0
63;2021-08-04;2830;3181;1;455310;379575;1;69.0;57.5;0.0
63;2021-08-05;2401;3501;0;457711;383076;1;69.3;58.0;0.0
63;2021-08-06;2315;4023;0;460026;387099;1;69.7;58.6;0.0
63;2021-08-07;1271;2723;0;461297;389822;1;69.9;59.0;0.0
63;2021-08-08;335;1169;0;461632;390991;1;69.9;59.2;0.0
63;2021-08-09;1775;4095;0;463407;395086;1;70.2;59.8;0.0
63;2021-08-10;2219;4008;0;465626;399094;1;70.5;60.4;0.0
63;2021-08-11;2045;3651;0;467671;402745;1;70.8;61.0;0.0
63;2021-08-12;1802;4609;0;469473;407354;1;71.1;61.7;0.0
63;2021-08-13;1671;3906;0;471144;411260;1;71.4;62.3;0.0
63;2021-08-14;839;3017;0;471983;414277;1;71.5;62.7;0.0
63;2021-08-15;181;1346;0;472164;415623;1;71.5;63.0;0.0
63;2021-08-16;1137;4302;0;473301;419925;1;71.7;63.6;0.0
63;2021-08-17;1625;4036;0;474926;423961;1;71.9;64.2;0.0
63;2021-08-18;1399;3312;0;476325;427273;1;72.1;64.7;0.0
63;2021-08-19;1316;3508;0;477641;430781;1;72.3;65.2;0.0
63;2021-08-20;1329;3600;0;478970;434381;1;72.5;65.8;0.0
63;2021-08-21;670;2072;0;479640;436453;1;72.6;66.1;0.0
63;2021-08-22;214;1039;0;479854;437492;1;72.7;66.3;0.0
63;2021-08-23;1010;3507;0;480864;440999;1;72.8;66.8;0.0
63;2021-08-24;1066;3047;0;481930;444046;1;73.0;67.3;0.0
63;2021-08-25;1040;2924;0;482970;446970;1;73.2;67.7;0.0
63;2021-08-26;1105;2690;0;484075;449660;1;73.3;68.1;0.0
63;2021-08-27;1094;3261;0;485169;452921;1;73.5;68.6;0.0
63;2021-08-28;675;1684;0;485844;454605;1;73.6;68.9;0.0
63;2021-08-29;108;581;0;485952;455186;1;73.6;68.9;0.0
63;2021-08-30;763;2397;52;486715;457583;53;73.7;69.3;0.0
63;2021-08-31;972;2503;98;487687;460086;151;73.9;69.7;0.0
63;2021-09-01;955;1820;266;488642;461906;417;74.0;70.0;0.1
63;2021-09-02;824;1809;320;489466;463715;737;74.1;70.2;0.1
63;2021-09-03;909;2265;401;490375;465980;1138;74.3;70.6;0.2
63;2021-09-04;661;1398;130;491036;467378;1268;74.4;70.8;0.2
63;2021-09-05;76;201;14;491112;467579;1282;74.4;70.8;0.2
63;2021-09-06;521;1155;383;491633;468734;1665;74.5;71.0;0.3
63;2021-09-07;640;1398;380;492273;470132;2045;74.6;71.2;0.3
63;2021-09-08;679;1443;282;492952;471575;2327;74.7;71.4;0.4
63;2021-09-09;604;1171;354;493556;472746;2681;74.8;71.6;0.4
63;2021-09-10;750;1609;477;494306;474355;3158;74.9;71.8;0.5
63;2021-09-11;461;1024;128;494767;475379;3286;74.9;72.0;0.5
63;2021-09-12;50;159;13;494817;475538;3299;74.9;72.0;0.5
63;2021-09-13;431;875;499;495248;476413;3798;75.0;72.2;0.6
63;2021-09-14;537;835;629;495785;477248;4427;75.1;72.3;0.7
63;2021-09-15;550;1230;392;496335;478478;4819;75.2;72.5;0.7
63;2021-09-16;459;877;565;496794;479355;5384;75.2;72.6;0.8
63;2021-09-17;451;1189;579;497245;480544;5963;75.3;72.8;0.9
63;2021-09-18;299;953;123;497544;481497;6086;75.4;72.9;0.9
63;2021-09-19;41;109;9;497585;481606;6095;75.4;72.9;0.9
63;2021-09-20;335;667;551;497920;482273;6646;75.4;73.0;1.0
63;2021-09-21;401;687;687;498321;482960;7333;75.5;73.1;1.1
63;2021-09-22;376;1099;382;498697;484059;7715;75.5;73.3;1.2
63;2021-09-23;274;650;561;498971;484709;8276;75.6;73.4;1.3
63;2021-09-24;467;1102;527;499438;485811;8803;75.6;73.6;1.3
63;2021-09-25;233;750;140;499671;486561;8943;75.7;73.7;1.4
63;2021-09-26;26;97;6;499697;486658;8949;75.7;73.7;1.4
63;2021-09-27;297;588;490;499994;487246;9439;75.7;73.8;1.4
63;2021-09-28;274;580;580;500268;487826;10019;75.8;73.9;1.5
63;2021-09-29;311;738;685;500579;488564;10704;75.8;74.0;1.6
63;2021-09-30;270;637;717;500849;489201;11421;75.9;74.1;1.7
63;2021-10-01;472;851;626;501321;490052;12047;75.9;74.2;1.8
63;2021-10-02;254;514;150;501575;490566;12197;76.0;74.3;1.8
63;2021-10-03;33;75;12;501608;490641;12209;76.0;74.3;1.8
63;2021-10-04;197;381;423;501805;491022;12632;76.0;74.4;1.9
63;2021-10-05;282;479;623;502087;491501;13255;76.0;74.4;2.0
63;2021-10-06;340;607;577;502427;492108;13832;76.1;74.5;2.1
63;2021-10-07;239;452;762;502666;492560;14594;76.1;74.6;2.2
63;2021-10-08;369;683;867;503035;493243;15461;76.2;74.7;2.3
63;2021-10-09;218;382;254;503253;493625;15715;76.2;74.8;2.4
63;2021-10-10;25;45;14;503278;493670;15729;76.2;74.8;2.4
63;2021-10-11;195;415;690;503473;494085;16419;76.3;74.8;2.5
63;2021-10-12;209;407;753;503682;494492;17172;76.3;74.9;2.6
63;2021-10-13;287;416;788;503969;494908;17960;76.3;75.0;2.7
63;2021-10-14;244;360;851;504213;495268;18811;76.4;75.0;2.8
63;2021-10-15;370;637;1229;504583;495905;20040;76.4;75.1;3.0
63;2021-10-16;207;308;233;504790;496213;20273;76.5;75.2;3.1
63;2021-10-17;23;41;11;504813;496254;20284;76.5;75.2;3.1
63;2021-10-18;192;380;785;505005;496634;21069;76.5;75.2;3.2
63;2021-10-19;129;246;832;505134;496880;21901;76.5;75.3;3.3
63;2021-10-20;171;346;1057;505305;497226;22958;76.5;75.3;3.5
63;2021-10-21;107;341;997;505412;497567;23955;76.5;75.4;3.6
63;2021-10-22;170;496;1334;505582;498063;25289;76.6;75.4;3.8
63;2021-10-23;81;228;335;505663;498291;25624;76.6;75.5;3.9
63;2021-10-24;15;31;21;505678;498322;25645;76.6;75.5;3.9
63;2021-10-25;122;225;981;505800;498547;26626;76.6;75.5;4.0
63;2021-10-26;110;192;1094;505910;498739;27720;76.6;75.5;4.2
63;2021-10-27;115;285;1200;506025;499024;28920;76.6;75.6;4.4
63;2021-10-28;107;285;1175;506132;499309;30095;76.7;75.6;4.6
63;2021-10-29;129;323;1346;506261;499632;31441;76.7;75.7;4.8
63;2021-10-30;53;157;323;506314;499789;31764;76.7;75.7;4.8
63;2021-10-31;4;14;30;506318;499803;31794;76.7;75.7;4.8
63;2021-11-01;25;33;146;506343;499836;31940;76.7;75.7;4.8
63;2021-11-02;123;243;1489;506466;500079;33429;76.7;75.7;5.1
63;2021-11-03;112;272;1257;506578;500351;34686;76.7;75.8;5.3
63;2021-11-04;126;199;1511;506704;500550;36197;76.7;75.8;5.5
63;2021-11-05;151;344;1950;506855;500894;38147;76.8;75.9;5.8
63;2021-11-06;66;187;645;506921;501081;38792;76.8;75.9;5.9
63;2021-11-07;9;30;33;506930;501111;38825;76.8;75.9;5.9
63;2021-11-08;90;215;1709;507020;501326;40534;76.8;75.9;6.1
63;2021-11-09;93;189;2022;507113;501515;42556;76.8;76.0;6.4
63;2021-11-10;145;237;2009;507258;501752;44565;76.8;76.0;6.7
63;2021-11-11;38;34;396;507296;501786;44961;76.8;76.0;6.8
63;2021-11-12;149;206;2077;507445;501992;47038;76.9;76.0;7.1
63;2021-11-13;79;110;754;507524;502102;47792;76.9;76.0;7.2
63;2021-11-14;6;18;64;507530;502120;47856;76.9;76.1;7.2
63;2021-11-15;88;133;2348;507618;502253;50204;76.9;76.1;7.6
63;2021-11-16;105;135;2603;507723;502388;52807;76.9;76.1;8.0
63;2021-11-17;156;191;2343;507879;502579;55150;76.9;76.1;8.4
63;2021-11-18;102;127;2333;507981;502706;57483;76.9;76.1;8.7
63;2021-11-19;172;193;2917;508153;502899;60400;77.0;76.2;9.1
63;2021-11-20;88;102;1007;508241;503001;61407;77.0;76.2;9.3
63;2021-11-21;10;15;68;508251;503016;61475;77.0;76.2;9.3
63;2021-11-22;94;78;2184;508345;503094;63659;77.0;76.2;9.6
63;2021-11-23;104;108;2576;508449;503202;66235;77.0;76.2;10.0
63;2021-11-24;180;190;2374;508629;503392;68609;77.0;76.2;10.4
63;2021-11-25;113;126;2921;508742;503518;71530;77.1;76.3;10.8
63;2021-11-26;181;174;5146;508923;503692;76676;77.1;76.3;11.6
63;2021-11-27;87;72;2393;509010;503764;79069;77.1;76.3;12.0
63;2021-11-28;26;19;991;509036;503783;80060;77.1;76.3;12.1
63;2021-11-29;104;111;4923;509140;503894;84983;77.1;76.3;12.9
63;2021-11-30;117;115;5787;509257;504009;90770;77.1;76.3;13.7
63;2021-12-01;121;155;5855;509378;504164;96625;77.2;76.4;14.6
63;2021-12-02;118;99;6572;509496;504263;103197;77.2;76.4;15.6
63;2021-12-03;118;172;7247;509614;504435;110444;77.2;76.4;16.7
63;2021-12-04;54;104;3492;509668;504539;113936;77.2;76.4;17.3
63;2021-12-05;12;21;1254;509680;504560;115190;77.2;76.4;17.4
63;2021-12-06;107;98;6612;509787;504658;121802;77.2;76.4;18.4
63;2021-12-07;83;127;7870;509870;504785;129672;77.2;76.5;19.6
63;2021-12-08;130;186;6727;510000;504971;136399;77.2;76.5;20.7
63;2021-12-09;86;128;7338;510086;505099;143737;77.3;76.5;21.8
64;2020-12-27;1;0;0;1;0;0;0.0;0.0;0.0
64;2020-12-28;1;0;0;2;0;0;0.0;0.0;0.0
64;2020-12-29;0;0;0;2;0;0;0.0;0.0;0.0
64;2020-12-30;0;0;0;2;0;0;0.0;0.0;0.0
64;2020-12-31;0;0;0;2;0;0;0.0;0.0;0.0
64;2021-01-01;1;0;0;3;0;0;0.0;0.0;0.0
64;2021-01-02;0;0;0;3;0;0;0.0;0.0;0.0
64;2021-01-03;0;0;0;3;0;0;0.0;0.0;0.0
64;2021-01-04;28;0;0;31;0;0;0.0;0.0;0.0
64;2021-01-05;24;0;0;55;0;0;0.0;0.0;0.0
64;2021-01-06;186;0;0;241;0;0;0.0;0.0;0.0
64;2021-01-07;808;1;0;1049;1;0;0.2;0.0;0.0
64;2021-01-08;832;2;0;1881;3;0;0.3;0.0;0.0
64;2021-01-09;54;0;0;1935;3;0;0.3;0.0;0.0
64;2021-01-10;2;0;0;1937;3;0;0.3;0.0;0.0
64;2021-01-11;515;0;0;2452;3;0;0.4;0.0;0.0
64;2021-01-12;724;3;0;3176;6;0;0.5;0.0;0.0
64;2021-01-13;841;2;0;4017;8;0;0.6;0.0;0.0
64;2021-01-14;989;5;0;5006;13;0;0.7;0.0;0.0
64;2021-01-15;903;5;0;5909;18;0;0.9;0.0;0.0
64;2021-01-16;76;0;0;5985;18;0;0.9;0.0;0.0
64;2021-01-17;3;1;0;5988;19;0;0.9;0.0;0.0
64;2021-01-18;913;7;0;6901;26;0;1.0;0.0;0.0
64;2021-01-19;1422;4;0;8323;30;0;1.2;0.0;0.0
64;2021-01-20;1553;3;0;9876;33;0;1.4;0.0;0.0
64;2021-01-21;2471;4;0;12347;37;0;1.8;0.0;0.0
64;2021-01-22;1531;3;0;13878;40;0;2.0;0.0;0.0
64;2021-01-23;481;1;0;14359;41;0;2.1;0.0;0.0
64;2021-01-24;59;0;0;14418;41;0;2.1;0.0;0.0
64;2021-01-25;915;7;0;15333;48;0;2.2;0.0;0.0
64;2021-01-26;1284;21;0;16617;69;0;2.4;0.0;0.0
64;2021-01-27;1198;119;0;17815;188;0;2.6;0.0;0.0
64;2021-01-28;1607;604;0;19422;792;0;2.8;0.1;0.0
64;2021-01-29;943;597;0;20365;1389;0;3.0;0.2;0.0
64;2021-01-30;444;58;0;20809;1447;0;3.0;0.2;0.0
64;2021-01-31;76;0;0;20885;1447;0;3.1;0.2;0.0
64;2021-02-01;645;305;0;21530;1752;0;3.2;0.3;0.0
64;2021-02-02;1113;537;0;22643;2289;0;3.3;0.3;0.0
64;2021-02-03;1023;633;0;23666;2922;0;3.5;0.4;0.0
64;2021-02-04;1020;544;0;24686;3466;0;3.6;0.5;0.0
64;2021-02-05;801;458;0;25487;3924;0;3.7;0.6;0.0
64;2021-02-06;488;33;0;25975;3957;0;3.8;0.6;0.0
64;2021-02-07;104;5;0;26079;3962;0;3.8;0.6;0.0
64;2021-02-08;716;308;0;26795;4270;0;3.9;0.6;0.0
64;2021-02-09;886;711;0;27681;4981;0;4.1;0.7;0.0
64;2021-02-10;869;746;0;28550;5727;0;4.2;0.8;0.0
64;2021-02-11;1135;1488;0;29685;7215;0;4.3;1.1;0.0
64;2021-02-12;1018;983;0;30703;8198;0;4.5;1.2;0.0
64;2021-02-13;239;302;0;30942;8500;0;4.5;1.2;0.0
64;2021-02-14;34;40;0;30976;8540;0;4.5;1.3;0.0
64;2021-02-15;211;1095;0;31187;9635;0;4.6;1.4;0.0
64;2021-02-16;276;1355;0;31463;10990;0;4.6;1.6;0.0
64;2021-02-17;303;1200;0;31766;12190;0;4.6;1.8;0.0
64;2021-02-18;491;1602;0;32257;13792;0;4.7;2.0;0.0
64;2021-02-19;417;1238;0;32674;15030;0;4.8;2.2;0.0
64;2021-02-20;113;406;0;32787;15436;0;4.8;2.3;0.0
64;2021-02-21;17;68;0;32804;15504;0;4.8;2.3;0.0
64;2021-02-22;428;928;0;33232;16432;0;4.9;2.4;0.0
64;2021-02-23;676;1094;0;33908;17526;0;5.0;2.6;0.0
64;2021-02-24;718;983;0;34626;18509;0;5.1;2.7;0.0
64;2021-02-25;1060;921;0;35686;19430;0;5.2;2.8;0.0
64;2021-02-26;1168;880;0;36854;20310;0;5.4;3.0;0.0
64;2021-02-27;833;375;0;37687;20685;0;5.5;3.0;0.0
64;2021-02-28;42;60;0;37729;20745;0;5.5;3.0;0.0
64;2021-03-01;735;779;0;38464;21524;0;5.6;3.2;0.0
64;2021-03-02;1041;890;0;39505;22414;0;5.8;3.3;0.0
64;2021-03-03;1215;936;0;40720;23350;0;6.0;3.4;0.0
64;2021-03-04;1838;1113;0;42558;24463;0;6.2;3.6;0.0
64;2021-03-05;2119;1015;0;44677;25478;0;6.5;3.7;0.0
64;2021-03-06;1484;513;0;46161;25991;0;6.8;3.8;0.0
64;2021-03-07;585;91;0;46746;26082;0;6.8;3.8;0.0
64;2021-03-08;1458;732;0;48204;26814;0;7.1;3.9;0.0
64;2021-03-09;2028;823;0;50232;27637;0;7.4;4.0;0.0
64;2021-03-10;2047;710;0;52279;28347;0;7.7;4.1;0.0
64;2021-03-11;2866;1055;0;55145;29402;0;8.1;4.3;0.0
64;2021-03-12;3313;607;0;58458;30009;0;8.6;4.4;0.0
64;2021-03-13;2100;192;0;60558;30201;0;8.9;4.4;0.0
64;2021-03-14;209;17;0;60767;30218;0;8.9;4.4;0.0
64;2021-03-15;2210;234;0;62977;30452;0;9.2;4.5;0.0
64;2021-03-16;1934;262;0;64911;30714;0;9.5;4.5;0.0
64;2021-03-17;1985;271;0;66896;30985;0;9.8;4.5;0.0
64;2021-03-18;2310;232;0;69206;31217;0;10.1;4.6;0.0
64;2021-03-19;2898;287;0;72104;31504;0;10.6;4.6;0.0
64;2021-03-20;2287;94;0;74391;31598;0;10.9;4.6;0.0
64;2021-03-21;1169;25;0;75560;31623;0;11.1;4.6;0.0
64;2021-03-22;2428;537;0;77988;32160;0;11.4;4.7;0.0
64;2021-03-23;3038;623;0;81026;32783;0;11.9;4.8;0.0
64;2021-03-24;3351;668;0;84377;33451;0;12.4;4.9;0.0
64;2021-03-25;4134;772;0;88511;34223;0;13.0;5.0;0.0
64;2021-03-26;4215;650;0;92726;34873;0;13.6;5.1;0.0
64;2021-03-27;2868;406;0;95594;35279;0;14.0;5.2;0.0
64;2021-03-28;418;67;0;96012;35346;0;14.1;5.2;0.0
64;2021-03-29;2919;857;0;98931;36203;0;14.5;5.3;0.0
64;2021-03-30;3966;863;0;102897;37066;0;15.1;5.4;0.0
64;2021-03-31;3444;758;0;106341;37824;0;15.6;5.5;0.0
64;2021-04-01;4515;905;0;110856;38729;0;16.2;5.7;0.0
64;2021-04-02;4229;708;0;115085;39437;0;16.8;5.8;0.0
64;2021-04-03;1977;547;0;117062;39984;0;17.1;5.9;0.0
64;2021-04-04;258;40;0;117320;40024;0;17.2;5.9;0.0
64;2021-04-05;1499;117;0;118819;40141;0;17.4;5.9;0.0
64;2021-04-06;3512;1342;0;122331;41483;0;17.9;6.1;0.0
64;2021-04-07;3841;1441;0;126172;42924;0;18.5;6.3;0.0
64;2021-04-08;4991;1507;0;131163;44431;0;19.2;6.5;0.0
64;2021-04-09;5651;1606;0;136814;46037;0;20.0;6.7;0.0
64;2021-04-10;3082;981;0;139896;47018;0;20.5;6.9;0.0
64;2021-04-11;388;218;0;140284;47236;0;20.5;6.9;0.0
64;2021-04-12;3873;1778;0;144157;49014;0;21.1;7.2;0.0
64;2021-04-13;4214;2050;0;148371;51064;0;21.7;7.5;0.0
64;2021-04-14;3913;2008;0;152284;53072;0;22.3;7.8;0.0
64;2021-04-15;4137;2147;0;156421;55219;0;22.9;8.1;0.0
64;2021-04-16;4124;2168;0;160545;57387;0;23.5;8.4;0.0
64;2021-04-17;2426;1375;0;162971;58762;0;23.9;8.6;0.0
64;2021-04-18;993;1077;0;163964;59839;0;24.0;8.8;0.0
64;2021-04-19;2567;2317;0;166531;62156;0;24.4;9.1;0.0
64;2021-04-20;3032;2307;0;169563;64463;0;24.8;9.4;0.0
64;2021-04-21;2959;2479;0;172522;66942;0;25.3;9.8;0.0
64;2021-04-22;3235;2619;0;175757;69561;0;25.7;10.2;0.0
64;2021-04-23;3150;2508;0;178907;72069;0;26.2;10.5;0.0
64;2021-04-24;1905;1499;0;180812;73568;0;26.5;10.8;0.0
64;2021-04-25;244;196;0;181056;73764;0;26.5;10.8;0.0
64;2021-04-26;2466;2594;0;183522;76358;0;26.9;11.2;0.0
64;2021-04-27;2806;2995;0;186328;79353;0;27.3;11.6;0.0
64;2021-04-28;3358;2862;0;189686;82215;0;27.8;12.0;0.0
64;2021-04-29;4390;3331;0;194076;85546;0;28.4;12.5;0.0
64;2021-04-30;3846;3461;0;197922;89007;0;29.0;13.0;0.0
64;2021-05-01;1433;970;0;199355;89977;0;29.2;13.2;0.0
64;2021-05-02;428;300;0;199783;90277;0;29.2;13.2;0.0
64;2021-05-03;2739;3347;0;202522;93624;0;29.6;13.7;0.0
64;2021-05-04;3439;3791;0;205961;97415;0;30.1;14.3;0.0
64;2021-05-05;3131;3902;0;209092;101317;0;30.6;14.8;0.0
64;2021-05-06;3842;3839;0;212934;105156;0;31.2;15.4;0.0
64;2021-05-07;3693;4022;0;216627;109178;0;31.7;16.0;0.0
64;2021-05-08;2497;1183;0;219124;110361;0;32.1;16.2;0.0
64;2021-05-09;643;276;0;219767;110637;0;32.2;16.2;0.0
64;2021-05-10;2667;3984;0;222434;114621;0;32.6;16.8;0.0
64;2021-05-11;3856;3875;0;226290;118496;0;33.1;17.3;0.0
64;2021-05-12;4220;3779;0;230510;122275;0;33.7;17.9;0.0
64;2021-05-13;2881;827;0;233391;123102;0;34.2;18.0;0.0
64;2021-05-14;4708;2934;0;238099;126036;0;34.9;18.4;0.0
64;2021-05-15;3287;1717;0;241386;127753;0;35.3;18.7;0.0
64;2021-05-16;590;189;0;241976;127942;0;35.4;18.7;0.0
64;2021-05-17;3918;2267;0;245894;130209;0;36.0;19.1;0.0
64;2021-05-18;4826;2195;0;250720;132404;0;36.7;19.4;0.0
64;2021-05-19;4692;2047;0;255412;134451;0;37.4;19.7;0.0
64;2021-05-20;5218;2026;0;260630;136477;0;38.2;20.0;0.0
64;2021-05-21;5026;2133;0;265656;138610;0;38.9;20.3;0.0
64;2021-05-22;3280;1369;0;268936;139979;0;39.4;20.5;0.0
64;2021-05-23;413;169;0;269349;140148;0;39.4;20.5;0.0
64;2021-05-24;2768;1048;0;272117;141196;0;39.8;20.7;0.0
64;2021-05-25;4030;2646;0;276147;143842;0;40.4;21.1;0.0
64;2021-05-26;4169;2600;0;280316;146442;0;41.0;21.4;0.0
64;2021-05-27;5036;3057;0;285352;149499;0;41.8;21.9;0.0
64;2021-05-28;4310;3218;0;289662;152717;0;42.4;22.4;0.0
64;2021-05-29;2653;2010;0;292315;154727;0;42.8;22.6;0.0
64;2021-05-30;389;186;0;292704;154913;0;42.8;22.7;0.0
64;2021-05-31;3661;3402;0;296365;158315;0;43.4;23.2;0.0
64;2021-06-01;5057;3323;0;301422;161638;0;44.1;23.7;0.0
64;2021-06-02;4696;2989;0;306118;164627;0;44.8;24.1;0.0
64;2021-06-03;5863;3097;0;311981;167724;0;45.7;24.6;0.0
64;2021-06-04;4815;4336;0;316796;172060;0;46.4;25.2;0.0
64;2021-06-05;3096;2382;0;319892;174442;0;46.8;25.5;0.0
64;2021-06-06;1771;287;0;321663;174729;0;47.1;25.6;0.0
64;2021-06-07;3713;4138;0;325376;178867;0;47.6;26.2;0.0
64;2021-06-08;4641;3873;0;330017;182740;0;48.3;26.7;0.0
64;2021-06-09;4720;3331;0;334737;186071;0;49.0;27.2;0.0
64;2021-06-10;5557;3010;0;340294;189081;0;49.8;27.7;0.0
64;2021-06-11;5067;4567;0;345361;193648;0;50.6;28.3;0.0
64;2021-06-12;3497;2135;0;348858;195783;0;51.1;28.7;0.0
64;2021-06-13;1402;331;0;350260;196114;0;51.3;28.7;0.0
64;2021-06-14;3297;4485;0;353557;200599;0;51.8;29.4;0.0
64;2021-06-15;4168;4394;0;357725;204993;0;52.4;30.0;0.0
64;2021-06-16;4126;4415;0;361851;209408;0;53.0;30.7;0.0
64;2021-06-17;3283;3999;0;365134;213407;0;53.4;31.2;0.0
64;2021-06-18;4039;4819;0;369173;218226;0;54.0;31.9;0.0
64;2021-06-19;2661;3054;0;371834;221280;0;54.4;32.4;0.0
64;2021-06-20;762;478;0;372596;221758;0;54.5;32.5;0.0
64;2021-06-21;2040;4722;0;374636;226480;0;54.8;33.2;0.0
64;2021-06-22;2337;5355;0;376973;231835;0;55.2;33.9;0.0
64;2021-06-23;2811;5115;0;379784;236950;0;55.6;34.7;0.0
64;2021-06-24;2485;3570;0;382269;240520;0;56.0;35.2;0.0
64;2021-06-25;2506;6010;0;384775;246530;0;56.3;36.1;0.0
64;2021-06-26;1564;3647;0;386339;250177;0;56.6;36.6;0.0
64;2021-06-27;409;735;0;386748;250912;0;56.6;36.7;0.0
64;2021-06-28;1686;5577;0;388434;256489;0;56.9;37.5;0.0
64;2021-06-29;1750;5863;0;390184;262352;0;57.1;38.4;0.0
64;2021-06-30;2031;5622;0;392215;267974;0;57.4;39.2;0.0
64;2021-07-01;2223;4965;0;394438;272939;0;57.7;40.0;0.0
64;2021-07-02;2146;5920;0;396584;278859;0;58.1;40.8;0.0
64;2021-07-03;1115;3556;0;397699;282415;0;58.2;41.3;0.0
64;2021-07-04;387;755;0;398086;283170;0;58.3;41.4;0.0
64;2021-07-05;1254;5040;0;399340;288210;0;58.5;42.2;0.0
64;2021-07-06;1902;5919;0;401242;294129;0;58.7;43.1;0.0
64;2021-07-07;1935;5424;0;403177;299553;0;59.0;43.8;0.0
64;2021-07-08;1660;4047;0;404837;303600;0;59.3;44.4;0.0
64;2021-07-09;1770;6045;0;406607;309645;0;59.5;45.3;0.0
64;2021-07-10;1139;3577;0;407746;313222;0;59.7;45.8;0.0
64;2021-07-11;238;741;0;407984;313963;0;59.7;46.0;0.0
64;2021-07-12;1396;5691;0;409380;319654;0;59.9;46.8;0.0
64;2021-07-13;2281;6718;0;411661;326372;0;60.3;47.8;0.0
64;2021-07-14;2173;2927;0;413834;329299;0;60.6;48.2;0.0
64;2021-07-15;2158;4967;0;415992;334266;0;60.9;48.9;0.0
64;2021-07-16;2793;6205;0;418785;340471;0;61.3;49.8;0.0
64;2021-07-17;2243;4040;0;421028;344511;0;61.6;50.4;0.0
64;2021-07-18;650;1791;0;421678;346302;0;61.7;50.7;0.0
64;2021-07-19;2393;5545;0;424071;351847;0;62.1;51.5;0.0
64;2021-07-20;3210;6034;0;427281;357881;0;62.5;52.4;0.0
64;2021-07-21;3459;5441;0;430740;363322;0;63.1;53.2;0.0
64;2021-07-22;3962;5154;0;434702;368476;0;63.6;53.9;0.0
64;2021-07-23;3752;5085;0;438454;373561;0;64.2;54.7;0.0
64;2021-07-24;2606;3968;0;441060;377529;0;64.6;55.3;0.0
64;2021-07-25;730;840;0;441790;378369;0;64.7;55.4;0.0
64;2021-07-26;2934;4498;0;444724;382867;0;65.1;56.0;0.0
64;2021-07-27;4100;4667;0;448824;387534;0;65.7;56.7;0.0
64;2021-07-28;4105;4067;0;452929;391601;0;66.3;57.3;0.0
64;2021-07-29;5214;3339;0;458143;394940;0;67.1;57.8;0.0
64;2021-07-30;4747;3765;0;462890;398705;0;67.8;58.4;0.0
64;2021-07-31;3091;2970;0;465981;401675;0;68.2;58.8;0.0
64;2021-08-01;886;397;0;466867;402072;0;68.3;58.9;0.0
64;2021-08-02;3839;2241;0;470706;404313;0;68.9;59.2;0.0
64;2021-08-03;4042;2740;0;474748;407053;0;69.5;59.6;0.0
64;2021-08-04;3760;2592;0;478508;409645;0;70.0;60.0;0.0
64;2021-08-05;3676;2264;0;482184;411909;0;70.6;60.3;0.0
64;2021-08-06;3442;2817;0;485626;414726;0;71.1;60.7;0.0
64;2021-08-07;2177;2316;0;487803;417042;0;71.4;61.0;0.0
64;2021-08-08;378;464;0;488181;417506;0;71.5;61.1;0.0
64;2021-08-09;2395;2740;0;490576;420246;0;71.8;61.5;0.0
64;2021-08-10;2955;3084;0;493531;423330;0;72.2;62.0;0.0
64;2021-08-11;2754;2893;0;496285;426223;0;72.6;62.4;0.0
64;2021-08-12;2800;2973;0;499085;429196;0;73.1;62.8;0.0
64;2021-08-13;2298;3360;0;501383;432556;0;73.4;63.3;0.0
64;2021-08-14;1483;2457;0;502866;435013;0;73.6;63.7;0.0
64;2021-08-15;173;553;0;503039;435566;0;73.6;63.8;0.0
64;2021-08-16;1901;3013;0;504940;438579;0;73.9;64.2;0.0
64;2021-08-17;2063;3565;0;507003;442144;0;74.2;64.7;0.0
64;2021-08-18;1807;3266;0;508810;445410;0;74.5;65.2;0.0
64;2021-08-19;1742;3302;0;510552;448712;0;74.7;65.7;0.0
64;2021-08-20;1426;3751;0;511978;452463;0;74.9;66.2;0.0
64;2021-08-21;884;2668;0;512862;455131;0;75.1;66.6;0.0
64;2021-08-22;135;777;0;512997;455908;0;75.1;66.7;0.0
64;2021-08-23;1120;3008;0;514117;458916;0;75.3;67.2;0.0
64;2021-08-24;1276;4307;0;515393;463223;0;75.4;67.8;0.0
64;2021-08-25;1175;3573;0;516568;466796;0;75.6;68.3;0.0
64;2021-08-26;990;3457;0;517558;470253;0;75.8;68.8;0.0
64;2021-08-27;1082;3991;1;518640;474244;1;75.9;69.4;0.0
64;2021-08-28;676;2337;0;519316;476581;1;76.0;69.8;0.0
64;2021-08-29;90;477;0;519406;477058;1;76.0;69.8;0.0
64;2021-08-30;861;3306;84;520267;480364;85;76.2;70.3;0.0
64;2021-08-31;920;3533;180;521187;483897;265;76.3;70.8;0.0
64;2021-09-01;919;2842;275;522106;486739;540;76.4;71.2;0.1
64;2021-09-02;853;2682;412;522959;489421;952;76.5;71.6;0.1
64;2021-09-03;842;2579;432;523801;492000;1384;76.7;72.0;0.2
64;2021-09-04;655;2000;166;524456;494000;1550;76.8;72.3;0.2
64;2021-09-05;68;199;51;524524;494199;1601;76.8;72.3;0.2
64;2021-09-06;506;1994;422;525030;496193;2023;76.9;72.6;0.3
64;2021-09-07;631;1815;425;525661;498008;2448;76.9;72.9;0.4
64;2021-09-08;722;2383;281;526383;500391;2729;77.1;73.2;0.4
64;2021-09-09;462;1567;423;526845;501958;3152;77.1;73.5;0.5
64;2021-09-10;693;1928;396;527538;503886;3548;77.2;73.8;0.5
64;2021-09-11;548;1902;151;528086;505788;3699;77.3;74.0;0.5
64;2021-09-12;60;159;37;528146;505947;3736;77.3;74.1;0.5
64;2021-09-13;444;1260;494;528590;507207;4230;77.4;74.2;0.6
64;2021-09-14;434;1017;915;529024;508224;5145;77.4;74.4;0.8
64;2021-09-15;648;1613;648;529672;509837;5793;77.5;74.6;0.8
64;2021-09-16;462;795;933;530134;510632;6726;77.6;74.7;1.0
64;2021-09-17;526;1224;939;530660;511856;7665;77.7;74.9;1.1
64;2021-09-18;304;1161;211;530964;513017;7876;77.7;75.1;1.2
64;2021-09-19;18;45;13;530982;513062;7889;77.7;75.1;1.2
64;2021-09-20;225;446;567;531207;513508;8456;77.8;75.2;1.2
64;2021-09-21;383;882;954;531590;514390;9410;77.8;75.3;1.4
64;2021-09-22;356;1366;724;531946;515756;10134;77.9;75.5;1.5
64;2021-09-23;243;688;732;532189;516444;10866;77.9;75.6;1.6
64;2021-09-24;379;959;694;532568;517403;11560;78.0;75.7;1.7
64;2021-09-25;283;955;185;532851;518358;11745;78.0;75.9;1.7
64;2021-09-26;6;18;9;532857;518376;11754;78.0;75.9;1.7
64;2021-09-27;212;523;494;533069;518899;12248;78.0;76.0;1.8
64;2021-09-28;255;627;730;533324;519526;12978;78.1;76.0;1.9
64;2021-09-29;326;938;765;533650;520464;13743;78.1;76.2;2.0
64;2021-09-30;219;398;666;533869;520862;14409;78.1;76.2;2.1
64;2021-10-01;340;686;702;534209;521548;15111;78.2;76.3;2.2
64;2021-10-02;227;515;172;534436;522063;15283;78.2;76.4;2.2
64;2021-10-03;7;19;3;534443;522082;15286;78.2;76.4;2.2
64;2021-10-04;290;404;670;534733;522486;15956;78.3;76.5;2.3
64;2021-10-05;247;545;778;534980;523031;16734;78.3;76.6;2.4
64;2021-10-06;411;886;755;535391;523917;17489;78.4;76.7;2.6
64;2021-10-07;203;481;854;535594;524398;18343;78.4;76.8;2.7
64;2021-10-08;334;677;938;535928;525075;19281;78.4;76.9;2.8
64;2021-10-09;217;376;222;536145;525451;19503;78.5;76.9;2.9
64;2021-10-10;2;2;6;536147;525453;19509;78.5;76.9;2.9
64;2021-10-11;143;231;526;536290;525684;20035;78.5;76.9;2.9
64;2021-10-12;216;524;1100;536506;526208;21135;78.5;77.0;3.1
64;2021-10-13;322;545;986;536828;526753;22121;78.6;77.1;3.2
64;2021-10-14;190;267;764;537018;527020;22885;78.6;77.1;3.3
64;2021-10-15;301;507;1126;537319;527527;24011;78.7;77.2;3.5
64;2021-10-16;178;269;282;537497;527796;24293;78.7;77.3;3.6
64;2021-10-17;15;10;9;537512;527806;24302;78.7;77.3;3.6
64;2021-10-18;120;259;602;537632;528065;24904;78.7;77.3;3.6
64;2021-10-19;194;321;1109;537826;528386;26013;78.7;77.3;3.8
64;2021-10-20;324;412;1376;538150;528798;27389;78.8;77.4;4.0
64;2021-10-21;184;268;1346;538334;529066;28735;78.8;77.4;4.2
64;2021-10-22;237;389;1296;538571;529455;30031;78.8;77.5;4.4
64;2021-10-23;174;238;441;538745;529693;30472;78.9;77.5;4.5
64;2021-10-24;3;18;5;538748;529711;30477;78.9;77.5;4.5
64;2021-10-25;130;170;847;538878;529881;31324;78.9;77.6;4.6
64;2021-10-26;223;309;1391;539101;530190;32715;78.9;77.6;4.8
64;2021-10-27;251;386;1551;539352;530576;34266;78.9;77.7;5.0
64;2021-10-28;144;175;1321;539496;530751;35587;79.0;77.7;5.2
64;2021-10-29;233;323;1605;539729;531074;37192;79.0;77.7;5.4
64;2021-10-30;143;210;515;539872;531284;37707;79.0;77.8;5.5
64;2021-10-31;1;7;33;539873;531291;37740;79.0;77.8;5.5
64;2021-11-01;34;37;70;539907;531328;37810;79.0;77.8;5.5
64;2021-11-02;179;288;1479;540086;531616;39289;79.1;77.8;5.8
64;2021-11-03;232;356;1759;540318;531972;41048;79.1;77.9;6.0
64;2021-11-04;153;217;1435;540471;532189;42483;79.1;77.9;6.2
64;2021-11-05;219;325;1919;540690;532514;44402;79.1;77.9;6.5
64;2021-11-06;147;199;664;540837;532713;45066;79.2;78.0;6.6
64;2021-11-07;3;18;12;540840;532731;45078;79.2;78.0;6.6
64;2021-11-08;113;161;1411;540953;532892;46489;79.2;78.0;6.8
64;2021-11-09;183;269;2627;541136;533161;49116;79.2;78.0;7.2
64;2021-11-10;252;333;2361;541388;533494;51477;79.2;78.1;7.5
64;2021-11-11;26;31;144;541414;533525;51621;79.3;78.1;7.6
64;2021-11-12;239;290;2534;541653;533815;54155;79.3;78.1;7.9
64;2021-11-13;134;208;926;541787;534023;55081;79.3;78.2;8.1
64;2021-11-14;2;8;21;541789;534031;55102;79.3;78.2;8.1
64;2021-11-15;116;125;1673;541905;534156;56775;79.3;78.2;8.3
64;2021-11-16;216;257;3066;542121;534413;59841;79.4;78.2;8.8
64;2021-11-17;246;291;2624;542367;534704;62465;79.4;78.3;9.1
64;2021-11-18;185;215;2692;542552;534919;65157;79.4;78.3;9.5
64;2021-11-19;230;282;3027;542782;535201;68184;79.5;78.3;10.0
64;2021-11-20;228;199;951;543010;535400;69135;79.5;78.4;10.1
64;2021-11-21;1;10;19;543011;535410;69154;79.5;78.4;10.1
64;2021-11-22;146;121;2335;543157;535531;71489;79.5;78.4;10.5
64;2021-11-23;256;236;3447;543413;535767;74936;79.5;78.4;11.0
64;2021-11-24;227;253;2935;543640;536020;77871;79.6;78.5;11.4
64;2021-11-25;282;209;4394;543922;536229;82265;79.6;78.5;12.0
64;2021-11-26;234;287;4222;544156;536516;86487;79.7;78.5;12.7
64;2021-11-27;174;210;1949;544330;536726;88436;79.7;78.6;12.9
64;2021-11-28;14;12;465;544344;536738;88901;79.7;78.6;13.0
64;2021-11-29;150;164;4092;544494;536902;92993;79.7;78.6;13.6
64;2021-11-30;220;226;6032;544714;537128;99025;79.7;78.6;14.5
64;2021-12-01;183;264;5283;544897;537392;104308;79.8;78.7;15.3
64;2021-12-02;172;168;6544;545069;537560;110852;79.8;78.7;16.2
64;2021-12-03;196;255;6828;545265;537815;117680;79.8;78.7;17.2
64;2021-12-04;153;187;3506;545418;538002;121186;79.8;78.8;17.7
64;2021-12-05;25;25;1194;545443;538027;122380;79.8;78.8;17.9
64;2021-12-06;152;167;5630;545595;538194;128010;79.9;78.8;18.7
64;2021-12-07;167;232;7667;545762;538426;135677;79.9;78.8;19.9
64;2021-12-08;190;287;7016;545952;538713;142693;79.9;78.9;20.9
64;2021-12-09;214;201;8123;546166;538914;150816;79.9;78.9;22.1
65;2020-12-27;0;0;0;0;0;0;0.0;0.0;0.0
65;2020-12-28;1;0;0;1;0;0;0.0;0.0;0.0
65;2020-12-29;0;0;0;1;0;0;0.0;0.0;0.0
65;2020-12-30;0;0;0;1;0;0;0.0;0.0;0.0
65;2020-12-31;0;0;0;1;0;0;0.0;0.0;0.0
65;2021-01-01;0;0;0;1;0;0;0.0;0.0;0.0
65;2021-01-02;0;0;0;1;0;0;0.0;0.0;0.0
65;2021-01-03;0;0;0;1;0;0;0.0;0.0;0.0
65;2021-01-04;0;0;0;1;0;0;0.0;0.0;0.0
65;2021-01-05;0;0;0;1;0;0;0.0;0.0;0.0
65;2021-01-06;8;0;0;9;0;0;0.0;0.0;0.0
65;2021-01-07;124;0;0;133;0;0;0.1;0.0;0.0
65;2021-01-08;183;1;0;316;1;0;0.1;0.0;0.0
65;2021-01-09;175;2;0;491;3;0;0.2;0.0;0.0
65;2021-01-10;1;0;0;492;3;0;0.2;0.0;0.0
65;2021-01-11;250;3;0;742;6;0;0.3;0.0;0.0
65;2021-01-12;258;2;0;1000;8;0;0.4;0.0;0.0
65;2021-01-13;563;1;0;1563;9;0;0.7;0.0;0.0
65;2021-01-14;555;9;0;2118;18;0;0.9;0.0;0.0
65;2021-01-15;490;2;0;2608;20;0;1.1;0.0;0.0
65;2021-01-16;206;3;0;2814;23;0;1.2;0.0;0.0
65;2021-01-17;0;0;0;2814;23;0;1.2;0.0;0.0
65;2021-01-18;542;5;0;3356;28;0;1.5;0.0;0.0
65;2021-01-19;543;2;0;3899;30;0;1.7;0.0;0.0
65;2021-01-20;572;5;0;4471;35;0;2.0;0.0;0.0
65;2021-01-21;548;1;0;5019;36;0;2.2;0.0;0.0
65;2021-01-22;573;2;0;5592;38;0;2.5;0.0;0.0
65;2021-01-23;176;1;0;5768;39;0;2.5;0.0;0.0
65;2021-01-24;3;1;0;5771;40;0;2.5;0.0;0.0
65;2021-01-25;537;5;0;6308;45;0;2.8;0.0;0.0
65;2021-01-26;808;2;0;7116;47;0;3.1;0.0;0.0
65;2021-01-27;564;8;0;7680;55;0;3.4;0.0;0.0
65;2021-01-28;479;35;0;8159;90;0;3.6;0.0;0.0
65;2021-01-29;404;67;0;8563;157;0;3.8;0.1;0.0
65;2021-01-30;174;67;0;8737;224;0;3.9;0.1;0.0
65;2021-01-31;16;0;0;8753;224;0;3.9;0.1;0.0
65;2021-02-01;316;98;0;9069;322;0;4.0;0.1;0.0
65;2021-02-02;347;181;0;9416;503;0;4.2;0.2;0.0
65;2021-02-03;438;240;0;9854;743;0;4.3;0.3;0.0
65;2021-02-04;286;297;0;10140;1040;0;4.5;0.5;0.0
65;2021-02-05;255;341;0;10395;1381;0;4.6;0.6;0.0
65;2021-02-06;93;97;0;10488;1478;0;4.6;0.7;0.0
65;2021-02-07;11;0;0;10499;1478;0;4.6;0.7;0.0
65;2021-02-08;374;208;0;10873;1686;0;4.8;0.7;0.0
65;2021-02-09;262;359;0;11135;2045;0;4.9;0.9;0.0
65;2021-02-10;284;273;0;11419;2318;0;5.0;1.0;0.0
65;2021-02-11;304;261;0;11723;2579;0;5.2;1.1;0.0
65;2021-02-12;261;214;0;11984;2793;0;5.3;1.2;0.0
65;2021-02-13;118;93;0;12102;2886;0;5.3;1.3;0.0
65;2021-02-14;2;17;0;12104;2903;0;5.3;1.3;0.0
65;2021-02-15;190;389;0;12294;3292;0;5.4;1.5;0.0
65;2021-02-16;440;553;0;12734;3845;0;5.6;1.7;0.0
65;2021-02-17;211;496;0;12945;4341;0;5.7;1.9;0.0
65;2021-02-18;268;563;0;13213;4904;0;5.8;2.2;0.0
65;2021-02-19;142;453;0;13355;5357;0;5.9;2.4;0.0
65;2021-02-20;54;153;0;13409;5510;0;5.9;2.4;0.0
65;2021-02-21;2;45;0;13411;5555;0;5.9;2.4;0.0
65;2021-02-22;162;519;0;13573;6074;0;6.0;2.7;0.0
65;2021-02-23;213;513;0;13786;6587;0;6.1;2.9;0.0
65;2021-02-24;209;601;0;13995;7188;0;6.2;3.2;0.0
65;2021-02-25;232;195;0;14227;7383;0;6.3;3.3;0.0
65;2021-02-26;323;725;0;14550;8108;0;6.4;3.6;0.0
65;2021-02-27;104;199;0;14654;8307;0;6.5;3.7;0.0
65;2021-02-28;1;0;0;14655;8307;0;6.5;3.7;0.0
65;2021-03-01;367;352;0;15022;8659;0;6.6;3.8;0.0
65;2021-03-02;407;339;0;15429;8998;0;6.8;4.0;0.0
65;2021-03-03;371;382;0;15800;9380;0;7.0;4.1;0.0
65;2021-03-04;638;311;0;16438;9691;0;7.2;4.3;0.0
65;2021-03-05;672;275;0;17110;9966;0;7.5;4.4;0.0
65;2021-03-06;1140;87;0;18250;10053;0;8.0;4.4;0.0
65;2021-03-07;240;12;0;18490;10065;0;8.2;4.4;0.0
65;2021-03-08;385;330;0;18875;10395;0;8.3;4.6;0.0
65;2021-03-09;599;294;0;19474;10689;0;8.6;4.7;0.0
65;2021-03-10;582;353;0;20056;11042;0;8.8;4.9;0.0
65;2021-03-11;747;335;0;20803;11377;0;9.2;5.0;0.0
65;2021-03-12;1016;192;0;21819;11569;0;9.6;5.1;0.0
65;2021-03-13;347;86;0;22166;11655;0;9.8;5.1;0.0
65;2021-03-14;5;31;0;22171;11686;0;9.8;5.2;0.0
65;2021-03-15;765;174;0;22936;11860;0;10.1;5.2;0.0
65;2021-03-16;677;215;0;23613;12075;0;10.4;5.3;0.0
65;2021-03-17;663;183;0;24276;12258;0;10.7;5.4;0.0
65;2021-03-18;504;227;0;24780;12485;0;10.9;5.5;0.0
65;2021-03-19;814;148;0;25594;12633;0;11.3;5.6;0.0
65;2021-03-20;248;47;0;25842;12680;0;11.4;5.6;0.0
65;2021-03-21;11;1;0;25853;12681;0;11.4;5.6;0.0
65;2021-03-22;684;149;0;26537;12830;0;11.7;5.7;0.0
65;2021-03-23;820;346;0;27357;13176;0;12.1;5.8;0.0
65;2021-03-24;824;244;0;28181;13420;0;12.4;5.9;0.0
65;2021-03-25;1196;178;0;29377;13598;0;13.0;6.0;0.0
65;2021-03-26;1211;134;0;30588;13732;0;13.5;6.1;0.0
65;2021-03-27;1232;88;0;31820;13820;0;14.0;6.1;0.0
65;2021-03-28;5;2;0;31825;13822;0;14.0;6.1;0.0
65;2021-03-29;1390;328;0;33215;14150;0;14.6;6.2;0.0
65;2021-03-30;1260;350;0;34475;14500;0;15.2;6.4;0.0
65;2021-03-31;1081;349;0;35556;14849;0;15.7;6.5;0.0
65;2021-04-01;1360;371;0;36916;15220;0;16.3;6.7;0.0
65;2021-04-02;1503;277;0;38419;15497;0;16.9;6.8;0.0
65;2021-04-03;228;47;0;38647;15544;0;17.0;6.9;0.0
65;2021-04-04;7;2;0;38654;15546;0;17.0;6.9;0.0
65;2021-04-05;155;46;0;38809;15592;0;17.1;6.9;0.0
65;2021-04-06;1128;455;0;39937;16047;0;17.6;7.1;0.0
65;2021-04-07;1537;412;0;41474;16459;0;18.3;7.3;0.0
65;2021-04-08;1462;382;0;42936;16841;0;18.9;7.4;0.0
65;2021-04-09;1470;440;0;44406;17281;0;19.6;7.6;0.0
65;2021-04-10;1412;146;0;45818;17427;0;20.2;7.7;0.0
65;2021-04-11;8;5;0;45826;17432;0;20.2;7.7;0.0
65;2021-04-12;1215;689;0;47041;18121;0;20.7;8.0;0.0
65;2021-04-13;1417;569;0;48458;18690;0;21.4;8.2;0.0
65;2021-04-14;1731;696;0;50189;19386;0;22.1;8.5;0.0
65;2021-04-15;1540;665;0;51729;20051;0;22.8;8.8;0.0
65;2021-04-16;1615;495;0;53344;20546;0;23.5;9.1;0.0
65;2021-04-17;1832;129;0;55176;20675;0;24.3;9.1;0.0
65;2021-04-18;11;32;0;55187;20707;0;24.3;9.1;0.0
65;2021-04-19;1205;711;0;56392;21418;0;24.9;9.4;0.0
65;2021-04-20;1396;676;0;57788;22094;0;25.5;9.7;0.0
65;2021-04-21;981;960;0;58769;23054;0;25.9;10.2;0.0
65;2021-04-22;1477;705;0;60246;23759;0;26.6;10.5;0.0
65;2021-04-23;1054;1021;0;61300;24780;0;27.0;10.9;0.0
65;2021-04-24;1150;551;0;62450;25331;0;27.5;11.2;0.0
65;2021-04-25;37;17;0;62487;25348;0;27.5;11.2;0.0
65;2021-04-26;1452;1152;0;63939;26500;0;28.2;11.7;0.0
65;2021-04-27;1324;1180;0;65263;27680;0;28.8;12.2;0.0
65;2021-04-28;1630;898;0;66893;28578;0;29.5;12.6;0.0
65;2021-04-29;1748;966;0;68641;29544;0;30.3;13.0;0.0
65;2021-04-30;1569;856;0;70210;30400;0;31.0;13.4;0.0
65;2021-05-01;1437;227;0;71647;30627;0;31.6;13.5;0.0
65;2021-05-02;608;24;0;72255;30651;0;31.9;13.5;0.0
65;2021-05-03;1160;1293;0;73415;31944;0;32.4;14.1;0.0
65;2021-05-04;1383;1102;0;74798;33046;0;33.0;14.6;0.0
65;2021-05-05;1186;1496;0;75984;34542;0;33.5;15.2;0.0
65;2021-05-06;1309;1097;0;77293;35639;0;34.1;15.7;0.0
65;2021-05-07;1103;1413;0;78396;37052;0;34.6;16.3;0.0
65;2021-05-08;1481;404;0;79877;37456;0;35.2;16.5;0.0
65;2021-05-09;11;92;0;79888;37548;0;35.2;16.6;0.0
65;2021-05-10;852;1659;0;80740;39207;0;35.6;17.3;0.0
65;2021-05-11;910;1646;0;81650;40853;0;36.0;18.0;0.0
65;2021-05-12;1044;1474;0;82694;42327;0;36.5;18.7;0.0
65;2021-05-13;1026;142;0;83720;42469;0;36.9;18.7;0.0
65;2021-05-14;1294;945;0;85014;43414;0;37.5;19.1;0.0
65;2021-05-15;1100;427;0;86114;43841;0;38.0;19.3;0.0
65;2021-05-16;1157;62;0;87271;43903;0;38.5;19.4;0.0
65;2021-05-17;954;1388;0;88225;45291;0;38.9;20.0;0.0
65;2021-05-18;1387;1055;0;89612;46346;0;39.5;20.4;0.0
65;2021-05-19;1428;914;0;91040;47260;0;40.1;20.8;0.0
65;2021-05-20;1578;909;0;92618;48169;0;40.8;21.2;0.0
65;2021-05-21;1455;951;0;94073;49120;0;41.5;21.7;0.0
65;2021-05-22;1099;591;0;95172;49711;0;42.0;21.9;0.0
65;2021-05-23;342;13;0;95514;49724;0;42.1;21.9;0.0
65;2021-05-24;530;71;0;96044;49795;0;42.3;22.0;0.0
65;2021-05-25;1209;1350;0;97253;51145;0;42.9;22.5;0.0
65;2021-05-26;1235;1241;0;98488;52386;0;43.4;23.1;0.0
65;2021-05-27;1228;1342;0;99716;53728;0;44.0;23.7;0.0
65;2021-05-28;1210;1546;0;100926;55274;0;44.5;24.4;0.0
65;2021-05-29;822;1347;0;101748;56621;0;44.9;25.0;0.0
65;2021-05-30;20;10;0;101768;56631;0;44.9;25.0;0.0
65;2021-05-31;1065;1204;0;102833;57835;0;45.3;25.5;0.0
65;2021-06-01;1413;926;0;104246;58761;0;46.0;25.9;0.0
65;2021-06-02;1238;986;0;105484;59747;0;46.5;26.3;0.0
65;2021-06-03;1116;1056;0;106600;60803;0;47.0;26.8;0.0
65;2021-06-04;1330;1438;0;107930;62241;0;47.6;27.4;0.0
65;2021-06-05;359;1134;0;108289;63375;0;47.7;27.9;0.0
65;2021-06-06;47;21;0;108336;63396;0;47.8;27.9;0.0
65;2021-06-07;621;1810;0;108957;65206;0;48.0;28.7;0.0
65;2021-06-08;843;1420;0;109800;66626;0;48.4;29.4;0.0
65;2021-06-09;779;1492;0;110579;68118;0;48.7;30.0;0.0
65;2021-06-10;765;1082;0;111344;69200;0;49.1;30.5;0.0
65;2021-06-11;834;1631;0;112178;70831;0;49.5;31.2;0.0
65;2021-06-12;187;603;0;112365;71434;0;49.5;31.5;0.0
65;2021-06-13;41;6;0;112406;71440;0;49.6;31.5;0.0
65;2021-06-14;504;2091;0;112910;73531;0;49.8;32.4;0.0
65;2021-06-15;902;1650;0;113812;75181;0;50.2;33.1;0.0
65;2021-06-16;1025;1253;0;114837;76434;0;50.6;33.7;0.0
65;2021-06-17;743;938;0;115580;77372;0;51.0;34.1;0.0
65;2021-06-18;953;1478;0;116533;78850;0;51.4;34.8;0.0
65;2021-06-19;629;1543;0;117162;80393;0;51.6;35.4;0.0
65;2021-06-20;14;9;0;117176;80402;0;51.7;35.4;0.0
65;2021-06-21;680;1684;0;117856;82086;0;52.0;36.2;0.0
65;2021-06-22;959;1317;0;118815;83403;0;52.4;36.8;0.0
65;2021-06-23;948;1098;0;119763;84501;0;52.8;37.3;0.0
65;2021-06-24;901;907;0;120664;85408;0;53.2;37.7;0.0
65;2021-06-25;804;1632;0;121468;87040;0;53.5;38.4;0.0
65;2021-06-26;175;1308;0;121643;88348;0;53.6;38.9;0.0
65;2021-06-27;24;904;0;121667;89252;0;53.6;39.3;0.0
65;2021-06-28;408;1907;0;122075;91159;0;53.8;40.2;0.0
65;2021-06-29;626;1693;0;122701;92852;0;54.1;40.9;0.0
65;2021-06-30;828;1490;0;123529;94342;0;54.5;41.6;0.0
65;2021-07-01;565;744;0;124094;95086;0;54.7;41.9;0.0
65;2021-07-02;1023;1502;0;125117;96588;0;55.2;42.6;0.0
65;2021-07-03;198;1477;0;125315;98065;0;55.2;43.2;0.0
65;2021-07-04;341;161;0;125656;98226;0;55.4;43.3;0.0
65;2021-07-05;516;1749;0;126172;99975;0;55.6;44.1;0.0
65;2021-07-06;722;1737;0;126894;101712;0;55.9;44.8;0.0
65;2021-07-07;801;1339;0;127695;103051;0;56.3;45.4;0.0
65;2021-07-08;367;647;0;128062;103698;0;56.5;45.7;0.0
65;2021-07-09;518;1389;0;128580;105087;0;56.7;46.3;0.0
65;2021-07-10;277;746;0;128857;105833;0;56.8;46.7;0.0
65;2021-07-11;14;15;0;128871;105848;0;56.8;46.7;0.0
65;2021-07-12;436;1794;0;129307;107642;0;57.0;47.5;0.0
65;2021-07-13;692;1766;0;129999;109408;0;57.3;48.2;0.0
65;2021-07-14;169;90;0;130168;109498;0;57.4;48.3;0.0
65;2021-07-15;1040;1463;0;131208;110961;0;57.8;48.9;0.0
65;2021-07-16;1126;1650;0;132334;112611;0;58.3;49.6;0.0
65;2021-07-17;418;453;0;132752;113064;0;58.5;49.8;0.0
65;2021-07-18;49;60;0;132801;113124;0;58.5;49.9;0.0
65;2021-07-19;731;1374;0;133532;114498;0;58.9;50.5;0.0
65;2021-07-20;1306;1549;0;134838;116047;0;59.4;51.2;0.0
65;2021-07-21;1301;1520;0;136139;117567;0;60.0;51.8;0.0
65;2021-07-22;1860;1151;0;137999;118718;0;60.8;52.3;0.0
65;2021-07-23;1527;1654;0;139526;120372;0;61.5;53.1;0.0
65;2021-07-24;1011;629;0;140537;121001;0;62.0;53.3;0.0
65;2021-07-25;86;60;0;140623;121061;0;62.0;53.4;0.0
65;2021-07-26;1105;1092;0;141728;122153;0;62.5;53.9;0.0
65;2021-07-27;1673;1699;0;143401;123852;0;63.2;54.6;0.0
65;2021-07-28;1477;1191;0;144878;125043;0;63.9;55.1;0.0
65;2021-07-29;2544;1059;0;147422;126102;0;65.0;55.6;0.0
65;2021-07-30;2177;1277;0;149599;127379;0;65.9;56.2;0.0
65;2021-07-31;1886;336;0;151485;127715;0;66.8;56.3;0.0
65;2021-08-01;52;29;0;151537;127744;0;66.8;56.3;0.0
65;2021-08-02;952;739;0;152489;128483;0;67.2;56.6;0.0
65;2021-08-03;1759;902;0;154248;129385;0;68.0;57.0;0.0
65;2021-08-04;1534;560;0;155782;129945;0;68.7;57.3;0.0
65;2021-08-05;1591;720;0;157373;130665;0;69.4;57.6;0.0
65;2021-08-06;1466;840;0;158839;131505;0;70.0;58.0;0.0
65;2021-08-07;646;464;0;159485;131969;0;70.3;58.2;0.0
65;2021-08-08;28;27;0;159513;131996;0;70.3;58.2;0.0
65;2021-08-09;647;949;0;160160;132945;0;70.6;58.6;0.0
65;2021-08-10;1039;1349;0;161199;134294;0;71.1;59.2;0.0
65;2021-08-11;670;1109;0;161869;135403;0;71.4;59.7;0.0
65;2021-08-12;718;1013;0;162587;136416;0;71.7;60.1;0.0
65;2021-08-13;423;882;0;163010;137298;0;71.9;60.5;0.0
65;2021-08-14;520;534;0;163530;137832;0;72.1;60.8;0.0
65;2021-08-15;15;42;0;163545;137874;0;72.1;60.8;0.0
65;2021-08-16;351;1414;0;163896;139288;0;72.3;61.4;0.0
65;2021-08-17;671;1971;0;164567;141259;0;72.5;62.3;0.0
65;2021-08-18;588;1441;0;165155;142700;0;72.8;62.9;0.0
65;2021-08-19;626;1166;0;165781;143866;0;73.1;63.4;0.0
65;2021-08-20;377;1202;0;166158;145068;0;73.2;64.0;0.0
65;2021-08-21;83;210;0;166241;145278;0;73.3;64.0;0.0
65;2021-08-22;13;41;0;166254;145319;0;73.3;64.1;0.0
65;2021-08-23;273;1557;0;166527;146876;0;73.4;64.7;0.0
65;2021-08-24;532;2191;0;167059;149067;0;73.6;65.7;0.0
65;2021-08-25;399;1756;0;167458;150823;0;73.8;66.5;0.0
65;2021-08-26;417;2029;0;167875;152852;0;74.0;67.4;0.0
65;2021-08-27;413;1768;0;168288;154620;0;74.2;68.2;0.0
65;2021-08-28;147;253;0;168435;154873;0;74.3;68.3;0.0
65;2021-08-29;9;26;0;168444;154899;0;74.3;68.3;0.0
65;2021-08-30;252;946;25;168696;155845;25;74.4;68.7;0.0
65;2021-08-31;406;1376;85;169102;157221;110;74.5;69.3;0.0
65;2021-09-01;452;1020;83;169554;158241;193;74.7;69.8;0.1
65;2021-09-02;347;802;126;169901;159043;319;74.9;70.1;0.1
65;2021-09-03;424;952;132;170325;159995;451;75.1;70.5;0.2
65;2021-09-04;173;757;63;170498;160752;514;75.2;70.9;0.2
65;2021-09-05;22;22;23;170520;160774;537;75.2;70.9;0.2
65;2021-09-06;261;498;286;170781;161272;823;75.3;71.1;0.4
65;2021-09-07;291;731;367;171072;162003;1190;75.4;71.4;0.5
65;2021-09-08;327;662;234;171399;162665;1424;75.6;71.7;0.6
65;2021-09-09;227;556;191;171626;163221;1615;75.7;72.0;0.7
65;2021-09-10;354;694;192;171980;163915;1807;75.8;72.3;0.8
65;2021-09-11;67;165;26;172047;164080;1833;75.8;72.3;0.8
65;2021-09-12;8;12;0;172055;164092;1833;75.8;72.3;0.8
65;2021-09-13;191;313;190;172246;164405;2023;75.9;72.5;0.9
65;2021-09-14;172;321;261;172418;164726;2284;76.0;72.6;1.0
65;2021-09-15;235;584;331;172653;165310;2615;76.1;72.9;1.2
65;2021-09-16;147;222;223;172800;165532;2838;76.2;73.0;1.3
65;2021-09-17;254;495;335;173054;166027;3173;76.3;73.2;1.4
65;2021-09-18;91;253;83;173145;166280;3256;76.3;73.3;1.4
65;2021-09-19;3;15;4;173148;166295;3260;76.3;73.3;1.4
65;2021-09-20;103;223;239;173251;166518;3499;76.4;73.4;1.5
65;2021-09-21;110;250;245;173361;166768;3744;76.4;73.5;1.7
65;2021-09-22;143;601;334;173504;167369;4078;76.5;73.8;1.8
65;2021-09-23;60;169;244;173564;167538;4322;76.5;73.9;1.9
65;2021-09-24;158;506;284;173722;168044;4606;76.6;74.1;2.0
65;2021-09-25;78;213;40;173800;168257;4646;76.6;74.2;2.0
65;2021-09-26;2;4;9;173802;168261;4655;76.6;74.2;2.1
65;2021-09-27;55;236;179;173857;168497;4834;76.6;74.3;2.1
65;2021-09-28;85;268;338;173942;168765;5172;76.7;74.4;2.3
65;2021-09-29;140;386;282;174082;169151;5454;76.7;74.6;2.4
65;2021-09-30;47;134;156;174129;169285;5610;76.8;74.6;2.5
65;2021-10-01;178;354;324;174307;169639;5934;76.8;74.8;2.6
65;2021-10-02;26;71;10;174333;169710;5944;76.9;74.8;2.6
65;2021-10-03;0;9;0;174333;169719;5944;76.9;74.8;2.6
65;2021-10-04;123;236;270;174456;169955;6214;76.9;74.9;2.7
65;2021-10-05;67;170;237;174523;170125;6451;76.9;75.0;2.8
65;2021-10-06;151;320;334;174674;170445;6785;77.0;75.1;3.0
65;2021-10-07;69;148;191;174743;170593;6976;77.0;75.2;3.1
65;2021-10-08;178;374;361;174921;170967;7337;77.1;75.4;3.2
65;2021-10-09;32;42;36;174953;171009;7373;77.1;75.4;3.3
65;2021-10-10;4;4;1;174957;171013;7374;77.1;75.4;3.3
65;2021-10-11;93;183;344;175050;171196;7718;77.2;75.5;3.4
65;2021-10-12;48;111;313;175098;171307;8031;77.2;75.5;3.5
65;2021-10-13;124;214;337;175222;171521;8368;77.2;75.6;3.7
65;2021-10-14;45;100;120;175267;171621;8488;77.3;75.7;3.7
65;2021-10-15;171;221;576;175438;171842;9064;77.3;75.8;4.0
65;2021-10-16;32;22;12;175470;171864;9076;77.4;75.8;4.0
65;2021-10-17;1;2;2;175471;171866;9078;77.4;75.8;4.0
65;2021-10-18;91;113;319;175562;171979;9397;77.4;75.8;4.1
65;2021-10-19;53;62;242;175615;172041;9639;77.4;75.8;4.2
65;2021-10-20;106;152;504;175721;172193;10143;77.5;75.9;4.5
65;2021-10-21;39;54;110;175760;172247;10253;77.5;75.9;4.5
65;2021-10-22;121;197;600;175881;172444;10853;77.5;76.0;4.8
65;2021-10-23;12;29;34;175893;172473;10887;77.5;76.0;4.8
65;2021-10-24;1;7;6;175894;172480;10893;77.5;76.0;4.8
65;2021-10-25;95;134;496;175989;172614;11389;77.6;76.1;5.0
65;2021-10-26;33;45;261;176022;172659;11650;77.6;76.1;5.1
65;2021-10-27;96;143;524;176118;172802;12174;77.6;76.2;5.4
65;2021-10-28;24;34;171;176142;172836;12345;77.7;76.2;5.4
65;2021-10-29;97;217;592;176239;173053;12937;77.7;76.3;5.7
65;2021-10-30;20;33;19;176259;173086;12956;77.7;76.3;5.7
65;2021-10-31;0;1;0;176259;173087;12956;77.7;76.3;5.7
65;2021-11-01;6;12;1;176265;173099;12957;77.7;76.3;5.7
65;2021-11-02;35;63;298;176300;173162;13255;77.7;76.3;5.8
65;2021-11-03;112;168;742;176412;173330;13997;77.8;76.4;6.2
65;2021-11-04;37;42;342;176449;173372;14339;77.8;76.4;6.3
65;2021-11-05;101;163;759;176550;173535;15098;77.8;76.5;6.7
65;2021-11-06;21;36;101;176571;173571;15199;77.8;76.5;6.7
65;2021-11-07;1;5;1;176572;173576;15200;77.8;76.5;6.7
65;2021-11-08;53;96;708;176625;173672;15908;77.9;76.6;7.0
65;2021-11-09;36;57;509;176661;173729;16417;77.9;76.6;7.2
65;2021-11-10;95;118;964;176756;173847;17381;77.9;76.6;7.7
65;2021-11-11;0;4;22;176756;173851;17403;77.9;76.6;7.7
65;2021-11-12;94;145;1268;176850;173996;18671;78.0;76.7;8.2
65;2021-11-13;8;13;66;176858;174009;18737;78.0;76.7;8.3
65;2021-11-14;0;5;4;176858;174014;18741;78.0;76.7;8.3
65;2021-11-15;50;99;813;176908;174113;19554;78.0;76.8;8.6
65;2021-11-16;59;57;836;176967;174170;20390;78.0;76.8;9.0
65;2021-11-17;80;130;1095;177047;174300;21485;78.0;76.8;9.5
65;2021-11-18;57;47;630;177104;174347;22115;78.1;76.9;9.7
65;2021-11-19;98;126;1357;177202;174473;23472;78.1;76.9;10.3
65;2021-11-20;20;20;159;177222;174493;23631;78.1;76.9;10.4
65;2021-11-21;2;3;7;177224;174496;23638;78.1;76.9;10.4
65;2021-11-22;52;49;969;177276;174545;24607;78.2;76.9;10.8
65;2021-11-23;69;50;1248;177345;174595;25855;78.2;77.0;11.4
65;2021-11-24;95;105;1284;177440;174700;27139;78.2;77.0;12.0
65;2021-11-25;73;40;1050;177513;174740;28189;78.3;77.0;12.4
65;2021-11-26;116;126;2188;177629;174866;30377;78.3;77.1;13.4
65;2021-11-27;42;25;1108;177671;174891;31485;78.3;77.1;13.9
65;2021-11-28;24;15;562;177695;174906;32047;78.3;77.1;14.1
65;2021-11-29;50;72;1555;177745;174978;33602;78.4;77.1;14.8
65;2021-11-30;114;70;2420;177859;175048;36022;78.4;77.2;15.9
65;2021-12-01;89;125;2399;177948;175173;38421;78.4;77.2;16.9
65;2021-12-02;93;65;2507;178041;175238;40928;78.5;77.3;18.0
65;2021-12-03;91;109;2764;178132;175347;43692;78.5;77.3;19.3
65;2021-12-04;40;35;1148;178172;175382;44840;78.5;77.3;19.8
65;2021-12-05;2;10;682;178174;175392;45522;78.5;77.3;20.1
65;2021-12-06;57;61;1973;178231;175453;47495;78.6;77.3;20.9
65;2021-12-07;68;61;2718;178299;175514;50213;78.6;77.4;22.1
65;2021-12-08;81;114;2537;178380;175628;52750;78.6;77.4;23.3
65;2021-12-09;59;58;2799;178439;175686;55549;78.7;77.4;24.5
66;2020-12-27;0;0;0;0;0;0;0.0;0.0;0.0
66;2020-12-28;3;0;0;3;0;0;0.0;0.0;0.0
66;2020-12-29;1;0;0;4;0;0;0.0;0.0;0.0
66;2020-12-30;0;0;0;4;0;0;0.0;0.0;0.0
66;2020-12-31;2;0;0;6;0;0;0.0;0.0;0.0
66;2021-01-01;1;0;0;7;0;0;0.0;0.0;0.0
66;2021-01-02;0;0;0;7;0;0;0.0;0.0;0.0
66;2021-01-03;0;0;0;7;0;0;0.0;0.0;0.0
66;2021-01-04;31;0;0;38;0;0;0.0;0.0;0.0
66;2021-01-05;134;0;0;172;0;0;0.0;0.0;0.0
66;2021-01-06;184;0;0;356;0;0;0.1;0.0;0.0
66;2021-01-07;169;0;0;525;0;0;0.1;0.0;0.0
66;2021-01-08;212;0;0;737;0;0;0.2;0.0;0.0
66;2021-01-09;227;0;0;964;0;0;0.2;0.0;0.0
66;2021-01-10;9;0;0;973;0;0;0.2;0.0;0.0
66;2021-01-11;387;2;0;1360;2;0;0.3;0.0;0.0
66;2021-01-12;547;2;0;1907;4;0;0.4;0.0;0.0
66;2021-01-13;850;9;0;2757;13;0;0.6;0.0;0.0
66;2021-01-14;854;12;0;3611;25;0;0.8;0.0;0.0
66;2021-01-15;582;1;0;4193;26;0;0.9;0.0;0.0
66;2021-01-16;114;3;0;4307;29;0;0.9;0.0;0.0
66;2021-01-17;46;1;0;4353;30;0;0.9;0.0;0.0
66;2021-01-18;616;3;0;4969;33;0;1.0;0.0;0.0
66;2021-01-19;706;4;0;5675;37;0;1.2;0.0;0.0
66;2021-01-20;1129;6;0;6804;43;0;1.4;0.0;0.0
66;2021-01-21;2299;7;0;9103;50;0;1.9;0.0;0.0
66;2021-01-22;1365;9;0;10468;59;0;2.2;0.0;0.0
66;2021-01-23;388;4;0;10856;63;0;2.3;0.0;0.0
66;2021-01-24;216;9;0;11072;72;0;2.3;0.0;0.0
66;2021-01-25;691;44;0;11763;116;0;2.5;0.0;0.0
66;2021-01-26;786;63;0;12549;179;0;2.6;0.0;0.0
66;2021-01-27;835;95;0;13384;274;0;2.8;0.1;0.0
66;2021-01-28;836;120;0;14220;394;0;3.0;0.1;0.0
66;2021-01-29;786;125;0;15006;519;0;3.1;0.1;0.0
66;2021-01-30;455;85;0;15461;604;0;3.2;0.1;0.0
66;2021-01-31;197;25;0;15658;629;0;3.3;0.1;0.0
66;2021-02-01;543;184;0;16201;813;0;3.4;0.2;0.0
66;2021-02-02;619;275;0;16820;1088;0;3.5;0.2;0.0
66;2021-02-03;713;578;0;17533;1666;0;3.7;0.3;0.0
66;2021-02-04;686;601;0;18219;2267;0;3.8;0.5;0.0
66;2021-02-05;758;411;0;18977;2678;0;4.0;0.6;0.0
66;2021-02-06;400;142;0;19377;2820;0;4.0;0.6;0.0
66;2021-02-07;165;138;0;19542;2958;0;4.1;0.6;0.0
66;2021-02-08;485;366;0;20027;3324;0;4.2;0.7;0.0
66;2021-02-09;512;392;0;20539;3716;0;4.3;0.8;0.0
66;2021-02-10;594;756;0;21133;4472;0;4.4;0.9;0.0
66;2021-02-11;1072;1517;0;22205;5989;0;4.6;1.3;0.0
66;2021-02-12;1078;1131;0;23283;7120;0;4.9;1.5;0.0
66;2021-02-13;345;299;0;23628;7419;0;4.9;1.5;0.0
66;2021-02-14;105;191;0;23733;7610;0;5.0;1.6;0.0
66;2021-02-15;421;680;0;24154;8290;0;5.0;1.7;0.0
66;2021-02-16;311;777;0;24465;9067;0;5.1;1.9;0.0
66;2021-02-17;360;667;0;24825;9734;0;5.2;2.0;0.0
66;2021-02-18;371;747;0;25196;10481;0;5.3;2.2;0.0
66;2021-02-19;386;681;0;25582;11162;0;5.3;2.3;0.0
66;2021-02-20;172;387;0;25754;11549;0;5.4;2.4;0.0
66;2021-02-21;34;161;0;25788;11710;0;5.4;2.4;0.0
66;2021-02-22;405;598;0;26193;12308;0;5.5;2.6;0.0
66;2021-02-23;504;651;0;26697;12959;0;5.6;2.7;0.0
66;2021-02-24;354;732;0;27051;13691;0;5.6;2.9;0.0
66;2021-02-25;706;687;0;27757;14378;0;5.8;3.0;0.0
66;2021-02-26;933;740;0;28690;15118;0;6.0;3.2;0.0
66;2021-02-27;359;407;0;29049;15525;0;6.1;3.2;0.0
66;2021-02-28;59;167;0;29108;15692;0;6.1;3.3;0.0
66;2021-03-01;345;613;0;29453;16305;0;6.1;3.4;0.0
66;2021-03-02;328;651;0;29781;16956;0;6.2;3.5;0.0
66;2021-03-03;523;613;0;30304;17569;0;6.3;3.7;0.0
66;2021-03-04;989;1040;0;31293;18609;0;6.5;3.9;0.0
66;2021-03-05;1506;782;0;32799;19391;0;6.8;4.0;0.0
66;2021-03-06;1126;331;0;33925;19722;0;7.1;4.1;0.0
66;2021-03-07;1028;96;0;34953;19818;0;7.3;4.1;0.0
66;2021-03-08;662;525;0;35615;20343;0;7.4;4.2;0.0
66;2021-03-09;1190;582;0;36805;20925;0;7.7;4.4;0.0
66;2021-03-10;1271;502;0;38076;21427;0;7.9;4.5;0.0
66;2021-03-11;1459;572;0;39535;21999;0;8.3;4.6;0.0
66;2021-03-12;2338;558;0;41873;22557;0;8.7;4.7;0.0
66;2021-03-13;1073;297;0;42946;22854;0;9.0;4.8;0.0
66;2021-03-14;194;83;0;43140;22937;0;9.0;4.8;0.0
66;2021-03-15;1050;393;0;44190;23330;0;9.2;4.9;0.0
66;2021-03-16;928;266;0;45118;23596;0;9.4;4.9;0.0
66;2021-03-17;856;381;0;45974;23977;0;9.6;5.0;0.0
66;2021-03-18;946;328;0;46920;24305;0;9.8;5.1;0.0
66;2021-03-19;1244;318;0;48164;24623;0;10.1;5.1;0.0
66;2021-03-20;811;117;0;48975;24740;0;10.2;5.2;0.0
66;2021-03-21;186;40;0;49161;24780;0;10.3;5.2;0.0
66;2021-03-22;1088;388;0;50249;25168;0;10.5;5.3;0.0
66;2021-03-23;1718;385;0;51967;25553;0;10.8;5.3;0.0
66;2021-03-24;1771;507;0;53738;26060;0;11.2;5.4;0.0
66;2021-03-25;2509;464;0;56247;26524;0;11.7;5.5;0.0
66;2021-03-26;2480;371;0;58727;26895;0;12.3;5.6;0.0
66;2021-03-27;1171;287;0;59898;27182;0;12.5;5.7;0.0
66;2021-03-28;323;3;0;60221;27185;0;12.6;5.7;0.0
66;2021-03-29;1735;245;0;61956;27430;0;12.9;5.7;0.0
66;2021-03-30;2165;175;0;64121;27605;0;13.4;5.8;0.0
66;2021-03-31;1930;245;0;66051;27850;0;13.8;5.8;0.0
66;2021-04-01;2570;302;0;68621;28152;0;14.3;5.9;0.0
66;2021-04-02;2326;265;0;70947;28417;0;14.8;5.9;0.0
66;2021-04-03;1104;316;0;72051;28733;0;15.0;6.0;0.0
66;2021-04-04;104;116;0;72155;28849;0;15.1;6.0;0.0
66;2021-04-05;198;134;0;72353;28983;0;15.1;6.1;0.0
66;2021-04-06;1244;629;0;73597;29612;0;15.4;6.2;0.0
66;2021-04-07;1376;571;0;74973;30183;0;15.7;6.3;0.0
66;2021-04-08;1939;551;0;76912;30734;0;16.1;6.4;0.0
66;2021-04-09;3383;677;0;80295;31411;0;16.8;6.6;0.0
66;2021-04-10;2189;509;0;82484;31920;0;17.2;6.7;0.0
66;2021-04-11;1137;163;0;83621;32083;0;17.5;6.7;0.0
66;2021-04-12;2543;989;0;86164;33072;0;18.0;6.9;0.0
66;2021-04-13;3427;1048;0;89591;34120;0;18.7;7.1;0.0
66;2021-04-14;3127;906;0;92718;35026;0;19.4;7.3;0.0
66;2021-04-15;3366;1002;0;96084;36028;0;20.1;7.5;0.0
66;2021-04-16;3381;1014;0;99465;37042;0;20.8;7.7;0.0
66;2021-04-17;2122;576;0;101587;37618;0;21.2;7.9;0.0
66;2021-04-18;1343;138;0;102930;37756;0;21.5;7.9;0.0
66;2021-04-19;2106;1086;0;105036;38842;0;21.9;8.1;0.0
66;2021-04-20;2212;1059;0;107248;39901;0;22.4;8.3;0.0
66;2021-04-21;2630;1150;0;109878;41051;0;22.9;8.6;0.0
66;2021-04-22;2516;1203;0;112394;42254;0;23.5;8.8;0.0
66;2021-04-23;2227;1184;0;114621;43438;0;23.9;9.1;0.0
66;2021-04-24;2534;846;0;117155;44284;0;24.5;9.2;0.0
66;2021-04-25;1126;270;0;118281;44554;0;24.7;9.3;0.0
66;2021-04-26;1849;1176;0;120130;45730;0;25.1;9.5;0.0
66;2021-04-27;2569;1264;0;122699;46994;0;25.6;9.8;0.0
66;2021-04-28;2292;1608;0;124991;48602;0;26.1;10.1;0.0
66;2021-04-29;2507;2030;0;127498;50632;0;26.6;10.6;0.0
66;2021-04-30;2840;1479;0;130338;52111;0;27.2;10.9;0.0
66;2021-05-01;1862;470;0;132200;52581;0;27.6;11.0;0.0
66;2021-05-02;1419;258;0;133619;52839;0;27.9;11.0;0.0
66;2021-05-03;2777;1055;0;136396;53894;0;28.5;11.3;0.0
66;2021-05-04;2935;1272;0;139331;55166;0;29.1;11.5;0.0
66;2021-05-05;2875;1513;0;142206;56679;0;29.7;11.8;0.0
66;2021-05-06;3525;2000;0;145731;58679;0;30.4;12.3;0.0
66;2021-05-07;2822;2963;0;148553;61642;0;31.0;12.9;0.0
66;2021-05-08;1598;1114;0;150151;62756;0;31.3;13.1;0.0
66;2021-05-09;836;1306;0;150987;64062;0;31.5;13.4;0.0
66;2021-05-10;1664;2769;0;152651;66831;0;31.9;14.0;0.0
66;2021-05-11;2580;2972;0;155231;69803;0;32.4;14.6;0.0
66;2021-05-12;2207;2420;0;157438;72223;0;32.9;15.1;0.0
66;2021-05-13;1970;1285;0;159408;73508;0;33.3;15.3;0.0
66;2021-05-14;2482;1995;0;161890;75503;0;33.8;15.8;0.0
66;2021-05-15;2048;1467;0;163938;76970;0;34.2;16.1;0.0
66;2021-05-16;1984;1141;0;165922;78111;0;34.6;16.3;0.0
66;2021-05-17;1885;1734;0;167807;79845;0;35.0;16.7;0.0
66;2021-05-18;2908;1670;0;170715;81515;0;35.6;17.0;0.0
66;2021-05-19;2617;1278;0;173332;82793;0;36.2;17.3;0.0
66;2021-05-20;3965;1363;0;177297;84156;0;37.0;17.6;0.0
66;2021-05-21;2972;1368;0;180269;85524;0;37.6;17.9;0.0
66;2021-05-22;2728;740;0;182997;86264;0;38.2;18.0;0.0
66;2021-05-23;1358;211;0;184355;86475;0;38.5;18.1;0.0
66;2021-05-24;1818;401;0;186173;86876;0;38.9;18.1;0.0
66;2021-05-25;2602;1578;0;188775;88454;0;39.4;18.5;0.0
66;2021-05-26;2589;1394;0;191364;89848;0;40.0;18.8;0.0
66;2021-05-27;3121;2107;0;194485;91955;0;40.6;19.2;0.0
66;2021-05-28;2489;2909;0;196974;94864;0;41.1;19.8;0.0
66;2021-05-29;1908;1398;0;198882;96262;0;41.5;20.1;0.0
66;2021-05-30;719;905;0;199601;97167;0;41.7;20.3;0.0
66;2021-05-31;1933;1637;0;201534;98804;0;42.1;20.6;0.0
66;2021-06-01;2438;1907;0;203972;100711;0;42.6;21.0;0.0
66;2021-06-02;2586;2209;0;206558;102920;0;43.1;21.5;0.0
66;2021-06-03;2340;2776;0;208898;105696;0;43.6;22.1;0.0
66;2021-06-04;1748;3168;0;210646;108864;0;44.0;22.7;0.0
66;2021-06-05;1279;2448;0;211925;111312;0;44.2;23.2;0.0
66;2021-06-06;314;1142;0;212239;112454;0;44.3;23.5;0.0
66;2021-06-07;1265;2723;0;213504;115177;0;44.6;24.0;0.0
66;2021-06-08;1669;2846;0;215173;118023;0;44.9;24.6;0.0
66;2021-06-09;1909;2593;0;217082;120616;0;45.3;25.2;0.0
66;2021-06-10;1969;2753;0;219051;123369;0;45.7;25.8;0.0
66;2021-06-11;1937;3595;0;220988;126964;0;46.1;26.5;0.0
66;2021-06-12;817;2250;0;221805;129214;0;46.3;27.0;0.0
66;2021-06-13;467;1268;0;222272;130482;0;46.4;27.2;0.0
66;2021-06-14;1297;3249;0;223569;133731;0;46.7;27.9;0.0
66;2021-06-15;1993;3330;0;225562;137061;0;47.1;28.6;0.0
66;2021-06-16;1722;3314;0;227284;140375;0;47.4;29.3;0.0
66;2021-06-17;2241;3364;0;229525;143739;0;47.9;30.0;0.0
66;2021-06-18;2050;3552;0;231575;147291;0;48.3;30.7;0.0
66;2021-06-19;1378;2100;0;232953;149391;0;48.6;31.2;0.0
66;2021-06-20;871;1116;0;233824;150507;0;48.8;31.4;0.0
66;2021-06-21;1039;2660;0;234863;153167;0;49.0;32.0;0.0
66;2021-06-22;1380;3439;0;236243;156606;0;49.3;32.7;0.0
66;2021-06-23;1217;2753;0;237460;159359;0;49.6;33.3;0.0
66;2021-06-24;1360;2952;0;238820;162311;0;49.9;33.9;0.0
66;2021-06-25;1311;3229;0;240131;165540;0;50.1;34.6;0.0
66;2021-06-26;860;2396;0;240991;167936;0;50.3;35.1;0.0
66;2021-06-27;594;1385;0;241585;169321;0;50.4;35.3;0.0
66;2021-06-28;903;2775;0;242488;172096;0;50.6;35.9;0.0
66;2021-06-29;1073;3472;0;243561;175568;0;50.8;36.7;0.0
66;2021-06-30;1175;3030;0;244736;178598;0;51.1;37.3;0.0
66;2021-07-01;1328;3793;0;246064;182391;0;51.4;38.1;0.0
66;2021-07-02;1228;3274;0;247292;185665;0;51.6;38.8;0.0
66;2021-07-03;1024;3593;0;248316;189258;0;51.8;39.5;0.0
66;2021-07-04;632;1626;0;248948;190884;0;52.0;39.9;0.0
66;2021-07-05;976;2728;0;249924;193612;0;52.2;40.4;0.0
66;2021-07-06;1220;3456;0;251144;197068;0;52.4;41.1;0.0
66;2021-07-07;1241;2978;0;252385;200046;0;52.7;41.8;0.0
66;2021-07-08;1157;3119;0;253542;203165;0;52.9;42.4;0.0
66;2021-07-09;1278;3123;0;254820;206288;0;53.2;43.1;0.0
66;2021-07-10;885;2119;0;255705;208407;0;53.4;43.5;0.0
66;2021-07-11;474;1377;0;256179;209784;0;53.5;43.8;0.0
66;2021-07-12;859;3251;0;257038;213035;0;53.7;44.5;0.0
66;2021-07-13;1884;3912;0;258922;216947;0;54.1;45.3;0.0
66;2021-07-14;1682;1106;0;260604;218053;0;54.4;45.5;0.0
66;2021-07-15;2437;2718;0;263041;220771;0;54.9;46.1;0.0
66;2021-07-16;2854;2843;0;265895;223614;0;55.5;46.7;0.0
66;2021-07-17;1883;1817;0;267778;225431;0;55.9;47.1;0.0
66;2021-07-18;1027;967;0;268805;226398;0;56.1;47.3;0.0
66;2021-07-19;2297;2598;0;271102;228996;0;56.6;47.8;0.0
66;2021-07-20;2939;2555;0;274041;231551;0;57.2;48.3;0.0
66;2021-07-21;3268;2539;0;277309;234090;0;57.9;48.9;0.0
66;2021-07-22;3442;2464;0;280751;236554;0;58.6;49.4;0.0
66;2021-07-23;3439;2563;0;284190;239117;0;59.3;49.9;0.0
66;2021-07-24;2435;1709;0;286625;240826;0;59.8;50.3;0.0
66;2021-07-25;1855;1070;0;288480;241896;0;60.2;50.5;0.0
66;2021-07-26;2328;2176;0;290808;244072;0;60.7;51.0;0.0
66;2021-07-27;2745;2409;0;293553;246481;0;61.3;51.5;0.0
66;2021-07-28;2914;2223;0;296467;248704;0;61.9;51.9;0.0
66;2021-07-29;3383;2145;0;299850;250849;0;62.6;52.4;0.0
66;2021-07-30;3635;2104;0;303485;252953;0;63.4;52.8;0.0
66;2021-07-31;1978;1494;0;305463;254447;0;63.8;53.1;0.0
66;2021-08-01;1505;713;0;306968;255160;0;64.1;53.3;0.0
66;2021-08-02;1975;1481;0;308943;256641;0;64.5;53.6;0.0
66;2021-08-03;2237;1534;0;311180;258175;0;65.0;53.9;0.0
66;2021-08-04;2137;1550;0;313317;259725;0;65.4;54.2;0.0
66;2021-08-05;2044;1894;0;315361;261619;0;65.8;54.6;0.0
66;2021-08-06;1979;2060;0;317340;263679;0;66.3;55.0;0.0
66;2021-08-07;1347;1701;0;318687;265380;0;66.5;55.4;0.0
66;2021-08-08;490;1110;0;319177;266490;0;66.6;55.6;0.0
66;2021-08-09;1170;2091;0;320347;268581;0;66.9;56.1;0.0
66;2021-08-10;1435;2385;0;321782;270966;0;67.2;56.6;0.0
66;2021-08-11;1384;2375;0;323166;273341;0;67.5;57.1;0.0
66;2021-08-12;1465;2446;0;324631;275787;0;67.8;57.6;0.0
66;2021-08-13;1287;2429;0;325918;278216;0;68.0;58.1;0.0
66;2021-08-14;573;2160;0;326491;280376;0;68.2;58.5;0.0
66;2021-08-15;133;1351;0;326624;281727;0;68.2;58.8;0.0
66;2021-08-16;1176;2171;0;327800;283898;0;68.4;59.3;0.0
66;2021-08-17;1309;2474;0;329109;286372;0;68.7;59.8;0.0
66;2021-08-18;1171;2596;0;330280;288968;0;69.0;60.3;0.0
66;2021-08-19;1002;2507;0;331282;291475;0;69.2;60.9;0.0
66;2021-08-20;890;2872;0;332172;294347;0;69.3;61.5;0.0
66;2021-08-21;529;1791;0;332701;296138;0;69.5;61.8;0.0
66;2021-08-22;200;1185;0;332901;297323;0;69.5;62.1;0.0
66;2021-08-23;1047;2418;0;333948;299741;0;69.7;62.6;0.0
66;2021-08-24;907;2491;0;334855;302232;0;69.9;63.1;0.0
66;2021-08-25;853;1971;0;335708;304203;0;70.1;63.5;0.0
66;2021-08-26;860;1994;0;336568;306197;0;70.3;63.9;0.0
66;2021-08-27;805;2137;0;337373;308334;0;70.4;64.4;0.0
66;2021-08-28;471;1064;0;337844;309398;0;70.5;64.6;0.0
66;2021-08-29;217;326;0;338061;309724;0;70.6;64.7;0.0
66;2021-08-30;802;2262;49;338863;311986;49;70.7;65.1;0.0
66;2021-08-31;768;2270;79;339631;314256;128;70.9;65.6;0.0
66;2021-09-01;762;1659;204;340393;315915;332;71.1;66.0;0.1
66;2021-09-02;624;1434;234;341017;317349;566;71.2;66.3;0.1
66;2021-09-03;654;1703;276;341671;319052;842;71.3;66.6;0.2
66;2021-09-04;652;1480;133;342323;320532;975;71.5;66.9;0.2
66;2021-09-05;193;268;44;342516;320800;1019;71.5;67.0;0.2
66;2021-09-06;436;1264;507;342952;322064;1526;71.6;67.2;0.3
66;2021-09-07;370;1078;421;343322;323142;1947;71.7;67.5;0.4
66;2021-09-08;558;1177;422;343880;324319;2369;71.8;67.7;0.5
66;2021-09-09;452;1046;447;344332;325365;2816;71.9;67.9;0.6
66;2021-09-10;476;1064;409;344808;326429;3225;72.0;68.1;0.7
66;2021-09-11;482;1085;135;345290;327514;3360;72.1;68.4;0.7
66;2021-09-12;94;134;41;345384;327648;3401;72.1;68.4;0.7
66;2021-09-13;359;1001;623;345743;328649;4024;72.2;68.6;0.8
66;2021-09-14;383;780;561;346126;329429;4585;72.3;68.8;1.0
66;2021-09-15;479;931;625;346605;330360;5210;72.4;69.0;1.1
66;2021-09-16;372;677;532;346977;331037;5742;72.4;69.1;1.2
66;2021-09-17;351;719;656;347328;331756;6398;72.5;69.3;1.3
66;2021-09-18;343;1024;160;347671;332780;6558;72.6;69.5;1.4
66;2021-09-19;76;220;38;347747;333000;6596;72.6;69.5;1.4
66;2021-09-20;273;623;399;348020;333623;6995;72.7;69.6;1.5
66;2021-09-21;287;557;565;348307;334180;7560;72.7;69.8;1.6
66;2021-09-22;305;741;553;348612;334921;8113;72.8;69.9;1.7
66;2021-09-23;236;480;409;348848;335401;8522;72.8;70.0;1.8
66;2021-09-24;331;722;395;349179;336123;8917;72.9;70.2;1.9
66;2021-09-25;217;836;125;349396;336959;9042;72.9;70.3;1.9
66;2021-09-26;63;204;11;349459;337163;9053;73.0;70.4;1.9
66;2021-09-27;178;477;441;349637;337640;9494;73.0;70.5;2.0
66;2021-09-28;251;492;327;349888;338132;9821;73.0;70.6;2.1
66;2021-09-29;236;548;313;350124;338680;10134;73.1;70.7;2.1
66;2021-09-30;320;448;479;350444;339128;10613;73.2;70.8;2.2
66;2021-10-01;393;520;405;350837;339648;11018;73.2;70.9;2.3
66;2021-10-02;274;582;102;351111;340230;11120;73.3;71.0;2.3
66;2021-10-03;75;113;40;351186;340343;11160;73.3;71.1;2.3
66;2021-10-04;251;378;524;351437;340721;11684;73.4;71.1;2.4
66;2021-10-05;241;382;594;351678;341103;12278;73.4;71.2;2.6
66;2021-10-06;211;370;459;351889;341473;12737;73.5;71.3;2.7
66;2021-10-07;233;425;472;352122;341898;13209;73.5;71.4;2.8
66;2021-10-08;280;496;645;352402;342394;13854;73.6;71.5;2.9
66;2021-10-09;294;481;261;352696;342875;14115;73.6;71.6;2.9
66;2021-10-10;6;19;5;352702;342894;14120;73.6;71.6;2.9
66;2021-10-11;211;373;387;352913;343267;14507;73.7;71.7;3.0
66;2021-10-12;227;318;575;353140;343585;15082;73.7;71.7;3.1
66;2021-10-13;220;397;605;353360;343982;15687;73.8;71.8;3.3
66;2021-10-14;210;286;598;353570;344268;16285;73.8;71.9;3.4
66;2021-10-15;327;386;713;353897;344654;16998;73.9;72.0;3.5
66;2021-10-16;232;298;194;354129;344952;17192;73.9;72.0;3.6
66;2021-10-17;7;17;0;354136;344969;17192;73.9;72.0;3.6
66;2021-10-18;192;227;500;354328;345196;17692;74.0;72.1;3.7
66;2021-10-19;207;272;699;354535;345468;18391;74.0;72.1;3.8
66;2021-10-20;191;262;687;354726;345730;19078;74.1;72.2;4.0
66;2021-10-21;201;342;880;354927;346072;19958;74.1;72.2;4.2
66;2021-10-22;207;322;744;355134;346394;20702;74.1;72.3;4.3
66;2021-10-23;221;290;330;355355;346684;21032;74.2;72.4;4.4
66;2021-10-24;4;11;13;355359;346695;21045;74.2;72.4;4.4
66;2021-10-25;173;305;681;355532;347000;21726;74.2;72.4;4.5
66;2021-10-26;149;220;695;355681;347220;22421;74.3;72.5;4.7
66;2021-10-27;135;209;791;355816;347429;23212;74.3;72.5;4.8
66;2021-10-28;170;229;806;355986;347658;24018;74.3;72.6;5.0
66;2021-10-29;183;267;765;356169;347925;24783;74.4;72.6;5.2
66;2021-10-30;120;224;313;356289;348149;25096;74.4;72.7;5.2
66;2021-10-31;6;3;5;356295;348152;25101;74.4;72.7;5.2
66;2021-11-01;32;32;11;356327;348184;25112;74.4;72.7;5.2
66;2021-11-02;193;280;900;356520;348464;26012;74.4;72.7;5.4
66;2021-11-03;213;269;1019;356733;348733;27031;74.5;72.8;5.6
66;2021-11-04;215;205;1084;356948;348938;28115;74.5;72.8;5.9
66;2021-11-05;200;291;1170;357148;349229;29285;74.6;72.9;6.1
66;2021-11-06;147;261;453;357295;349490;29738;74.6;73.0;6.2
66;2021-11-07;10;20;13;357305;349510;29751;74.6;73.0;6.2
66;2021-11-08;106;248;1013;357411;349758;30764;74.6;73.0;6.4
66;2021-11-09;140;207;1497;357551;349965;32261;74.6;73.1;6.7
66;2021-11-10;203;251;1404;357754;350216;33665;74.7;73.1;7.0
66;2021-11-11;13;32;43;357767;350248;33708;74.7;73.1;7.0
66;2021-11-12;162;272;1603;357929;350520;35311;74.7;73.2;7.4
66;2021-11-13;95;197;462;358024;350717;35773;74.7;73.2;7.5
66;2021-11-14;15;11;29;358039;350728;35802;74.7;73.2;7.5
66;2021-11-15;117;169;1585;358156;350897;37387;74.8;73.3;7.8
66;2021-11-16;160;200;2113;358316;351097;39500;74.8;73.3;8.2
66;2021-11-17;179;218;1797;358495;351315;41297;74.8;73.3;8.6
66;2021-11-18;187;224;2309;358682;351539;43606;74.9;73.4;9.1
66;2021-11-19;201;232;2417;358883;351771;46023;74.9;73.4;9.6
66;2021-11-20;210;178;827;359093;351949;46850;75.0;73.5;9.8
66;2021-11-21;17;31;24;359110;351980;46874;75.0;73.5;9.8
66;2021-11-22;217;130;1717;359327;352110;48591;75.0;73.5;10.1
66;2021-11-23;193;210;2553;359520;352320;51144;75.1;73.6;10.7
66;2021-11-24;194;251;1923;359714;352571;53067;75.1;73.6;11.1
66;2021-11-25;193;190;2533;359907;352761;55600;75.1;73.6;11.6
66;2021-11-26;225;243;3592;360132;353004;59192;75.2;73.7;12.4
66;2021-11-27;184;213;1456;360316;353217;60648;75.2;73.7;12.7
66;2021-11-28;50;49;1853;360366;353266;62501;75.2;73.8;13.0
66;2021-11-29;155;190;3572;360521;353456;66073;75.3;73.8;13.8
66;2021-11-30;238;264;4754;360759;353720;70827;75.3;73.8;14.8
66;2021-12-01;189;275;4477;360948;353995;75304;75.4;73.9;15.7
66;2021-12-02;164;173;5676;361112;354168;80980;75.4;73.9;16.9
66;2021-12-03;205;225;5709;361317;354393;86689;75.4;74.0;18.1
66;2021-12-04;128;149;2153;361445;354542;88842;75.5;74.0;18.5
66;2021-12-05;17;23;244;361462;354565;89086;75.5;74.0;18.6
66;2021-12-06;189;191;4686;361651;354756;93772;75.5;74.1;19.6
66;2021-12-07;191;216;5751;361842;354972;99523;75.5;74.1;20.8
66;2021-12-08;210;221;5353;362052;355193;104876;75.6;74.2;21.9
66;2021-12-09;187;243;6128;362239;355436;111004;75.6;74.2;23.2
67;2020-12-27;0;0;0;0;0;0;0.0;0.0;0.0
67;2020-12-28;3;0;0;3;0;0;0.0;0.0;0.0
67;2020-12-29;2;0;0;5;0;0;0.0;0.0;0.0
67;2020-12-30;1;0;0;6;0;0;0.0;0.0;0.0
67;2020-12-31;1;0;0;7;0;0;0.0;0.0;0.0
67;2021-01-01;4;0;0;11;0;0;0.0;0.0;0.0
67;2021-01-02;1;0;0;12;0;0;0.0;0.0;0.0
67;2021-01-03;1;0;0;13;0;0;0.0;0.0;0.0
67;2021-01-04;42;0;0;55;0;0;0.0;0.0;0.0
67;2021-01-05;169;7;0;224;7;0;0.0;0.0;0.0
67;2021-01-06;125;0;0;349;7;0;0.0;0.0;0.0
67;2021-01-07;240;1;0;589;8;0;0.1;0.0;0.0
67;2021-01-08;235;2;0;824;10;0;0.1;0.0;0.0
67;2021-01-09;111;1;0;935;11;0;0.1;0.0;0.0
67;2021-01-10;67;0;0;1002;11;0;0.1;0.0;0.0
67;2021-01-11;189;1;0;1191;12;0;0.1;0.0;0.0
67;2021-01-12;521;3;0;1712;15;0;0.2;0.0;0.0
67;2021-01-13;670;4;0;2382;19;0;0.2;0.0;0.0
67;2021-01-14;1092;8;0;3474;27;0;0.3;0.0;0.0
67;2021-01-15;927;7;0;4401;34;0;0.4;0.0;0.0
67;2021-01-16;199;4;0;4600;38;0;0.4;0.0;0.0
67;2021-01-17;100;0;0;4700;38;0;0.4;0.0;0.0
67;2021-01-18;909;6;0;5609;44;0;0.5;0.0;0.0
67;2021-01-19;1396;5;0;7005;49;0;0.6;0.0;0.0
67;2021-01-20;1834;14;0;8839;63;0;0.8;0.0;0.0
67;2021-01-21;2190;11;0;11029;74;0;1.0;0.0;0.0
67;2021-01-22;1978;11;0;13007;85;0;1.1;0.0;0.0
67;2021-01-23;728;5;0;13735;90;0;1.2;0.0;0.0
67;2021-01-24;397;1;0;14132;91;0;1.2;0.0;0.0
67;2021-01-25;568;30;0;14700;121;0;1.3;0.0;0.0
67;2021-01-26;237;107;0;14937;228;0;1.3;0.0;0.0
67;2021-01-27;1432;137;0;16369;365;0;1.4;0.0;0.0
67;2021-01-28;3003;230;0;19372;595;0;1.7;0.1;0.0
67;2021-01-29;1985;169;0;21357;764;0;1.9;0.1;0.0
67;2021-01-30;1061;78;0;22418;842;0;2.0;0.1;0.0
67;2021-01-31;1127;31;0;23545;873;0;2.1;0.1;0.0
67;2021-02-01;3237;250;0;26782;1123;0;2.4;0.1;0.0
67;2021-02-02;2592;428;0;29374;1551;0;2.6;0.1;0.0
67;2021-02-03;1532;411;0;30906;1962;0;2.7;0.2;0.0
67;2021-02-04;1129;769;0;32035;2731;0;2.8;0.2;0.0
67;2021-02-05;1147;628;0;33182;3359;0;2.9;0.3;0.0
67;2021-02-06;762;142;0;33944;3501;0;3.0;0.3;0.0
67;2021-02-07;291;46;0;34235;3547;0;3.0;0.3;0.0
67;2021-02-08;846;460;0;35081;4007;0;3.1;0.4;0.0
67;2021-02-09;1022;737;0;36103;4744;0;3.2;0.4;0.0
67;2021-02-10;982;807;0;37085;5551;0;3.3;0.5;0.0
67;2021-02-11;1180;1150;0;38265;6701;0;3.4;0.6;0.0
67;2021-02-12;1243;805;0;39508;7506;0;3.5;0.7;0.0
67;2021-02-13;775;270;0;40283;7776;0;3.6;0.7;0.0
67;2021-02-14;251;97;0;40534;7873;0;3.6;0.7;0.0
67;2021-02-15;807;889;0;41341;8762;0;3.7;0.8;0.0
67;2021-02-16;934;1164;0;42275;9926;0;3.7;0.9;0.0
67;2021-02-17;830;1209;0;43105;11135;0;3.8;1.0;0.0
67;2021-02-18;1427;2519;0;44532;13654;0;3.9;1.2;0.0
67;2021-02-19;1305;2094;0;45837;15748;0;4.0;1.4;0.0
67;2021-02-20;606;825;0;46443;16573;0;4.1;1.5;0.0
67;2021-02-21;199;1165;0;46642;17738;0;4.1;1.6;0.0
67;2021-02-22;1367;2080;0;48009;19818;0;4.2;1.7;0.0
67;2021-02-23;1461;1573;0;49470;21391;0;4.4;1.9;0.0
67;2021-02-24;1428;1070;0;50898;22461;0;4.5;2.0;0.0
67;2021-02-25;1630;1474;0;52528;23935;0;4.6;2.1;0.0
67;2021-02-26;2261;1403;0;54789;25338;0;4.8;2.2;0.0
67;2021-02-27;1253;771;0;56042;26109;0;4.9;2.3;0.0
67;2021-02-28;150;364;0;56192;26473;0;5.0;2.3;0.0
67;2021-03-01;672;988;0;56864;27461;0;5.0;2.4;0.0
67;2021-03-02;956;1183;0;57820;28644;0;5.1;2.5;0.0
67;2021-03-03;1475;1241;0;59295;29885;0;5.2;2.6;0.0
67;2021-03-04;2022;1064;0;61317;30949;0;5.4;2.7;0.0
67;2021-03-05;3284;1119;0;64601;32068;0;5.7;2.8;0.0
67;2021-03-06;2391;753;0;66992;32821;0;5.9;2.9;0.0
67;2021-03-07;527;290;0;67519;33111;0;6.0;2.9;0.0
67;2021-03-08;1229;815;0;68748;33926;0;6.1;3.0;0.0
67;2021-03-09;2241;969;0;70989;34895;0;6.3;3.1;0.0
67;2021-03-10;2475;1233;0;73464;36128;0;6.5;3.2;0.0
67;2021-03-11;3216;1406;0;76680;37534;0;6.8;3.3;0.0
67;2021-03-12;5198;1416;0;81878;38950;0;7.2;3.4;0.0
67;2021-03-13;4029;884;0;85907;39834;0;7.6;3.5;0.0
67;2021-03-14;587;380;0;86494;40214;0;7.6;3.6;0.0
67;2021-03-15;2281;1147;0;88775;41361;0;7.8;3.7;0.0
67;2021-03-16;1671;1231;0;90446;42592;0;8.0;3.8;0.0
67;2021-03-17;2174;949;0;92620;43541;0;8.2;3.8;0.0
67;2021-03-18;2457;780;0;95077;44321;0;8.4;3.9;0.0
67;2021-03-19;3762;772;0;98839;45093;0;8.7;4.0;0.0
67;2021-03-20;3053;515;0;101892;45608;0;9.0;4.0;0.0
67;2021-03-21;345;26;0;102237;45634;0;9.0;4.0;0.0
67;2021-03-22;2400;801;0;104637;46435;0;9.2;4.1;0.0
67;2021-03-23;3449;839;0;108086;47274;0;9.5;4.2;0.0
67;2021-03-24;3923;885;0;112009;48159;0;9.9;4.3;0.0
67;2021-03-25;5335;596;0;117344;48755;0;10.4;4.3;0.0
67;2021-03-26;6797;541;0;124141;49296;0;11.0;4.4;0.0
67;2021-03-27;3805;349;0;127946;49645;0;11.3;4.4;0.0
67;2021-03-28;577;107;0;128523;49752;0;11.3;4.4;0.0
67;2021-03-29;3771;494;0;132294;50246;0;11.7;4.4;0.0
67;2021-03-30;4779;779;0;137073;51025;0;12.1;4.5;0.0
67;2021-03-31;4721;818;0;141794;51843;0;12.5;4.6;0.0
67;2021-04-01;5015;1045;0;146809;52888;0;13.0;4.7;0.0
67;2021-04-02;1048;204;0;147857;53092;0;13.1;4.7;0.0
67;2021-04-03;1604;301;0;149461;53393;0;13.2;4.7;0.0
67;2021-04-04;346;27;0;149807;53420;0;13.2;4.7;0.0
67;2021-04-05;385;12;0;150192;53432;0;13.3;4.7;0.0
67;2021-04-06;3430;1287;0;153622;54719;0;13.6;4.8;0.0
67;2021-04-07;4469;1364;0;158091;56083;0;14.0;5.0;0.0
67;2021-04-08;5494;1453;0;163585;57536;0;14.4;5.1;0.0
67;2021-04-09;6980;1387;0;170565;58923;0;15.1;5.2;0.0
67;2021-04-10;4147;958;0;174712;59881;0;15.4;5.3;0.0
67;2021-04-11;849;511;0;175561;60392;0;15.5;5.3;0.0
67;2021-04-12;3839;1525;0;179400;61917;0;15.8;5.5;0.0
67;2021-04-13;4792;1717;0;184192;63634;0;16.3;5.6;0.0
67;2021-04-14;5164;1994;0;189356;65628;0;16.7;5.8;0.0
67;2021-04-15;5940;2212;0;195296;67840;0;17.2;6.0;0.0
67;2021-04-16;7614;2511;0;202910;70351;0;17.9;6.2;0.0
67;2021-04-17;3835;1562;0;206745;71913;0;18.3;6.3;0.0
67;2021-04-18;1063;644;0;207808;72557;0;18.3;6.4;0.0
67;2021-04-19;3505;2195;0;211313;74752;0;18.7;6.6;0.0
67;2021-04-20;4107;1992;0;215420;76744;0;19.0;6.8;0.0
67;2021-04-21;3971;2551;0;219391;79295;0;19.4;7.0;0.0
67;2021-04-22;4416;2910;0;223807;82205;0;19.8;7.3;0.0
67;2021-04-23;5143;2996;0;228950;85201;0;20.2;7.5;0.0
67;2021-04-24;3014;1960;0;231964;87161;0;20.5;7.7;0.0
67;2021-04-25;990;444;0;232954;87605;0;20.6;7.7;0.0
67;2021-04-26;3138;2569;0;236092;90174;0;20.8;8.0;0.0
67;2021-04-27;3958;2890;0;240050;93064;0;21.2;8.2;0.0
67;2021-04-28;4189;3331;0;244239;96395;0;21.6;8.5;0.0
67;2021-04-29;5131;3477;0;249370;99872;0;22.0;8.8;0.0
67;2021-04-30;7119;2441;0;256489;102313;0;22.6;9.0;0.0
67;2021-05-01;2633;768;0;259122;103081;0;22.9;9.1;0.0
67;2021-05-02;2142;669;0;261264;103750;0;23.1;9.2;0.0
67;2021-05-03;5430;2594;0;266694;106344;0;23.5;9.4;0.0
67;2021-05-04;5695;3538;0;272389;109882;0;24.0;9.7;0.0
67;2021-05-05;5119;4113;0;277508;113995;0;24.5;10.1;0.0
67;2021-05-06;6654;4725;0;284162;118720;0;25.1;10.5;0.0
67;2021-05-07;6433;6750;0;290595;125470;0;25.7;11.1;0.0
67;2021-05-08;3503;1007;0;294098;126477;0;26.0;11.2;0.0
67;2021-05-09;3174;607;0;297272;127084;0;26.2;11.2;0.0
67;2021-05-10;4759;4476;0;302031;131560;0;26.7;11.6;0.0
67;2021-05-11;5761;4863;0;307792;136423;0;27.2;12.0;0.0
67;2021-05-12;6678;4718;0;314470;141141;0;27.8;12.5;0.0
67;2021-05-13;7352;1591;0;321822;142732;0;28.4;12.6;0.0
67;2021-05-14;8890;5152;0;330712;147884;0;29.2;13.1;0.0
67;2021-05-15;8013;3449;0;338725;151333;0;29.9;13.4;0.0
67;2021-05-16;5728;914;0;344453;152247;0;30.4;13.4;0.0
67;2021-05-17;5780;3740;0;350233;155987;0;30.9;13.8;0.0
67;2021-05-18;6977;3861;0;357210;159848;0;31.5;14.1;0.0
67;2021-05-19;7550;4053;0;364760;163901;0;32.2;14.5;0.0
67;2021-05-20;8900;4096;0;373660;167997;0;33.0;14.8;0.0
67;2021-05-21;8382;5688;0;382042;173685;0;33.7;15.3;0.0
67;2021-05-22;5901;3307;0;387943;176992;0;34.3;15.6;0.0
67;2021-05-23;2544;584;0;390487;177576;0;34.5;15.7;0.0
67;2021-05-24;4625;871;0;395112;178447;0;34.9;15.8;0.0
67;2021-05-25;5670;4723;0;400782;183170;0;35.4;16.2;0.0
67;2021-05-26;6392;4819;0;407174;187989;0;36.0;16.6;0.0
67;2021-05-27;7597;4877;0;414771;192866;0;36.6;17.0;0.0
67;2021-05-28;8299;6379;0;423070;199245;0;37.4;17.6;0.0
67;2021-05-29;6549;3799;0;429619;203044;0;37.9;17.9;0.0
67;2021-05-30;1147;781;0;430766;203825;0;38.0;18.0;0.0
67;2021-05-31;6668;4045;0;437434;207870;0;38.6;18.4;0.0
67;2021-06-01;7530;4386;0;444964;212256;0;39.3;18.7;0.0
67;2021-06-02;8190;4138;0;453154;216394;0;40.0;19.1;0.0
67;2021-06-03;8953;4865;0;462107;221259;0;40.8;19.5;0.0
67;2021-06-04;8577;6064;0;470684;227323;0;41.6;20.1;0.0
67;2021-06-05;6361;3891;0;477045;231214;0;42.1;20.4;0.0
67;2021-06-06;3162;827;0;480207;232041;0;42.4;20.5;0.0
67;2021-06-07;7394;4222;0;487601;236263;0;43.1;20.9;0.0
67;2021-06-08;8518;4915;0;496119;241178;0;43.8;21.3;0.0
67;2021-06-09;9054;4808;0;505173;245986;0;44.6;21.7;0.0
67;2021-06-10;9510;4969;0;514683;250955;0;45.4;22.2;0.0
67;2021-06-11;7946;8234;0;522629;259189;0;46.1;22.9;0.0
67;2021-06-12;6676;5054;0;529305;264243;0;46.7;23.3;0.0
67;2021-06-13;2792;1018;0;532097;265261;0;47.0;23.4;0.0
67;2021-06-14;5424;6351;0;537521;271612;0;47.5;24.0;0.0
67;2021-06-15;6507;6630;0;544028;278242;0;48.0;24.6;0.0
67;2021-06-16;6731;6571;0;550759;284813;0;48.6;25.1;0.0
67;2021-06-17;6979;8875;0;557738;293688;0;49.2;25.9;0.0
67;2021-06-18;7276;8389;0;565014;302077;0;49.9;26.7;0.0
67;2021-06-19;6023;5707;0;571037;307784;0;50.4;27.2;0.0
67;2021-06-20;1302;1328;0;572339;309112;0;50.5;27.3;0.0
67;2021-06-21;4128;6793;0;576467;315905;0;50.9;27.9;0.0
67;2021-06-22;4121;8901;0;580588;324806;0;51.3;28.7;0.0
67;2021-06-23;5095;8155;0;585683;332961;0;51.7;29.4;0.0
67;2021-06-24;4493;8817;0;590176;341778;0;52.1;30.2;0.0
67;2021-06-25;5176;9953;0;595352;351731;0;52.6;31.1;0.0
67;2021-06-26;3305;8917;0;598657;360648;0;52.9;31.8;0.0
67;2021-06-27;955;3417;0;599612;364065;0;52.9;32.1;0.0
67;2021-06-28;2777;8674;0;602389;372739;0;53.2;32.9;0.0
67;2021-06-29;2851;8661;0;605240;381400;0;53.4;33.7;0.0
67;2021-06-30;3276;8759;4;608516;390159;4;53.7;34.4;0.0
67;2021-07-01;3623;8401;0;612139;398560;4;54.0;35.2;0.0
67;2021-07-02;3750;10913;0;615889;409473;4;54.4;36.2;0.0
67;2021-07-03;2845;7600;0;618734;417073;4;54.6;36.8;0.0
67;2021-07-04;704;1793;0;619438;418866;4;54.7;37.0;0.0
67;2021-07-05;2687;8364;0;622125;427230;4;54.9;37.7;0.0
67;2021-07-06;2996;8572;0;625121;435802;4;55.2;38.5;0.0
67;2021-07-07;3880;8648;0;629001;444450;4;55.5;39.2;0.0
67;2021-07-08;4111;7792;0;633112;452242;4;55.9;39.9;0.0
67;2021-07-09;3709;11346;0;636821;463588;4;56.2;40.9;0.0
67;2021-07-10;2712;7995;0;639533;471583;4;56.5;41.6;0.0
67;2021-07-11;870;1891;0;640403;473474;4;56.5;41.8;0.0
67;2021-07-12;2466;9829;0;642869;483303;4;56.8;42.7;0.0
67;2021-07-13;4110;9963;0;646979;493266;4;57.1;43.6;0.0
67;2021-07-14;3428;4326;0;650407;497592;4;57.4;43.9;0.0
67;2021-07-15;5143;12101;0;655550;509693;4;57.9;45.0;0.0
67;2021-07-16;4922;12226;0;660472;521919;4;58.3;46.1;0.0
67;2021-07-17;3638;8603;0;664110;530522;4;58.6;46.8;0.0
67;2021-07-18;1372;2396;0;665482;532918;4;58.8;47.1;0.0
67;2021-07-19;4487;9687;0;669969;542605;4;59.2;47.9;0.0
67;2021-07-20;5705;9705;0;675674;552310;4;59.7;48.8;0.0
67;2021-07-21;5844;10318;0;681518;562628;4;60.2;49.7;0.0
67;2021-07-22;6367;9823;0;687885;572451;4;60.7;50.5;0.0
67;2021-07-23;7268;10991;0;695153;583442;4;61.4;51.5;0.0
67;2021-07-24;5204;7329;0;700357;590771;4;61.8;52.2;0.0
67;2021-07-25;2091;1870;0;702448;592641;4;62.0;52.3;0.0
67;2021-07-26;4976;7241;0;707424;599882;4;62.5;53.0;0.0
67;2021-07-27;6476;7148;0;713900;607030;4;63.0;53.6;0.0
67;2021-07-28;7403;7119;0;721303;614149;4;63.7;54.2;0.0
67;2021-07-29;8055;6313;0;729358;620462;4;64.4;54.8;0.0
67;2021-07-30;8339;7184;1;737697;627646;5;65.1;55.4;0.0
67;2021-07-31;4985;4740;0;742682;632386;5;65.6;55.8;0.0
67;2021-08-01;2230;1345;0;744912;633731;5;65.8;56.0;0.0
67;2021-08-02;6239;5056;0;751151;638787;5;66.3;56.4;0.0
67;2021-08-03;7048;4672;0;758199;643459;5;66.9;56.8;0.0
67;2021-08-04;6638;4576;0;764837;648035;5;67.5;57.2;0.0
67;2021-08-05;5506;4249;0;770343;652284;5;68.0;57.6;0.0
67;2021-08-06;6049;5374;0;776392;657658;5;68.5;58.1;0.0
67;2021-08-07;4330;4103;1;780722;661761;6;68.9;58.4;0.0
67;2021-08-08;1176;1333;0;781898;663094;6;69.0;58.5;0.0
67;2021-08-09;3093;4510;0;784991;667604;6;69.3;58.9;0.0
67;2021-08-10;3140;4775;0;788131;672379;6;69.6;59.4;0.0
67;2021-08-11;3231;4619;1;791362;676998;7;69.9;59.8;0.0
67;2021-08-12;2932;4733;0;794294;681731;7;70.1;60.2;0.0
67;2021-08-13;3134;5372;0;797428;687103;7;70.4;60.7;0.0
67;2021-08-14;2033;4837;0;799461;691940;7;70.6;61.1;0.0
67;2021-08-15;628;1416;0;800089;693356;7;70.6;61.2;0.0
67;2021-08-16;2015;5259;0;802104;698615;7;70.8;61.7;0.0
67;2021-08-17;2057;5295;0;804161;703910;7;71.0;62.1;0.0
67;2021-08-18;2222;6151;0;806383;710061;7;71.2;62.7;0.0
67;2021-08-19;1815;5896;0;808198;715957;7;71.4;63.2;0.0
67;2021-08-20;2219;7209;0;810417;723166;7;71.6;63.8;0.0
67;2021-08-21;1415;5289;0;811832;728455;7;71.7;64.3;0.0
67;2021-08-22;361;1879;0;812193;730334;7;71.7;64.5;0.0
67;2021-08-23;1779;6629;0;813972;736963;7;71.9;65.1;0.0
67;2021-08-24;1862;6453;0;815834;743416;7;72.0;65.6;0.0
67;2021-08-25;1970;6915;0;817804;750331;7;72.2;66.2;0.0
67;2021-08-26;1753;5332;0;819557;755663;7;72.4;66.7;0.0
67;2021-08-27;2057;6799;0;821614;762462;7;72.5;67.3;0.0
67;2021-08-28;1528;5689;0;823142;768151;7;72.7;67.8;0.0
67;2021-08-29;382;1450;0;823524;769601;7;72.7;67.9;0.0
67;2021-08-30;1347;4278;154;824871;773879;161;72.8;68.3;0.0
67;2021-08-31;1317;3785;239;826188;777664;400;72.9;68.7;0.0
67;2021-09-01;1821;3802;483;828009;781466;883;73.1;69.0;0.1
67;2021-09-02;1025;2496;412;829034;783962;1295;73.2;69.2;0.1
67;2021-09-03;1493;3675;516;830527;787637;1811;73.3;69.5;0.2
67;2021-09-04;1387;3545;338;831914;791182;2149;73.5;69.9;0.2
67;2021-09-05;265;764;92;832179;791946;2241;73.5;69.9;0.2
67;2021-09-06;920;1881;419;833099;793827;2660;73.6;70.1;0.2
67;2021-09-07;783;1735;391;833882;795562;3051;73.6;70.2;0.3
67;2021-09-08;1133;2304;519;835015;797866;3570;73.7;70.4;0.3
67;2021-09-09;1064;1713;513;836079;799579;4083;73.8;70.6;0.4
67;2021-09-10;1338;2283;541;837417;801862;4624;73.9;70.8;0.4
67;2021-09-11;1001;2520;362;838418;804382;4986;74.0;71.0;0.4
67;2021-09-12;227;467;95;838645;804849;5081;74.0;71.1;0.4
67;2021-09-13;684;1363;693;839329;806212;5774;74.1;71.2;0.5
67;2021-09-14;927;1358;1006;840256;807570;6780;74.2;71.3;0.6
67;2021-09-15;974;2013;951;841230;809583;7731;74.3;71.5;0.7
67;2021-09-16;720;1234;1020;841950;810817;8751;74.3;71.6;0.8
67;2021-09-17;959;2119;1023;842909;812936;9774;74.4;71.8;0.9
67;2021-09-18;792;2251;397;843701;815187;10171;74.5;72.0;0.9
67;2021-09-19;98;369;96;843799;815556;10267;74.5;72.0;0.9
67;2021-09-20;567;1049;922;844366;816605;11189;74.6;72.1;1.0
67;2021-09-21;464;908;730;844830;817513;11919;74.6;72.2;1.1
67;2021-09-22;599;1804;1103;845429;819317;13022;74.6;72.3;1.1
67;2021-09-23;528;854;846;845957;820171;13868;74.7;72.4;1.2
67;2021-09-24;628;1569;970;846585;821740;14838;74.7;72.6;1.3
67;2021-09-25;592;1730;388;847177;823470;15226;74.8;72.7;1.3
67;2021-09-26;81;284;81;847258;823754;15307;74.8;72.7;1.4
67;2021-09-27;397;814;593;847655;824568;15900;74.8;72.8;1.4
67;2021-09-28;403;763;628;848058;825331;16528;74.9;72.9;1.5
67;2021-09-29;611;1254;1038;848669;826585;17566;74.9;73.0;1.6
67;2021-09-30;395;834;1118;849064;827419;18684;75.0;73.1;1.6
67;2021-10-01;850;1360;1037;849914;828779;19721;75.0;73.2;1.7
67;2021-10-02;602;1225;380;850516;830004;20101;75.1;73.3;1.8
67;2021-10-03;100;202;79;850616;830206;20180;75.1;73.3;1.8
67;2021-10-04;364;584;528;850980;830790;20708;75.1;73.4;1.8
67;2021-10-05;361;670;645;851341;831460;21353;75.2;73.4;1.9
67;2021-10-06;599;1033;989;851940;832493;22342;75.2;73.5;2.0
67;2021-10-07;448;737;900;852388;833230;23242;75.3;73.6;2.1
67;2021-10-08;709;1176;990;853097;834406;24232;75.3;73.7;2.1
67;2021-10-09;502;980;576;853599;835386;24808;75.4;73.8;2.2
67;2021-10-10;71;102;48;853670;835488;24856;75.4;73.8;2.2
67;2021-10-11;395;599;701;854065;836087;25557;75.4;73.8;2.3
67;2021-10-12;372;555;693;854437;836642;26250;75.4;73.9;2.3
67;2021-10-13;536;913;1074;854973;837555;27324;75.5;73.9;2.4
67;2021-10-14;379;626;812;855352;838181;28136;75.5;74.0;2.5
67;2021-10-15;679;970;1437;856031;839151;29573;75.6;74.1;2.6
67;2021-10-16;533;895;740;856564;840046;30313;75.6;74.2;2.7
67;2021-10-17;110;105;63;856674;840151;30376;75.6;74.2;2.7
67;2021-10-18;405;481;859;857079;840632;31235;75.7;74.2;2.8
67;2021-10-19;312;492;797;857391;841124;32032;75.7;74.3;2.8
67;2021-10-20;454;661;1262;857845;841785;33294;75.7;74.3;2.9
67;2021-10-21;315;483;928;858160;842268;34222;75.8;74.4;3.0
67;2021-10-22;569;691;1413;858729;842959;35635;75.8;74.4;3.1
67;2021-10-23;502;714;1114;859231;843673;36749;75.9;74.5;3.2
67;2021-10-24;56;116;99;859287;843789;36848;75.9;74.5;3.3
67;2021-10-25;324;411;928;859611;844200;37776;75.9;74.5;3.3
67;2021-10-26;260;333;971;859871;844533;38747;75.9;74.6;3.4
67;2021-10-27;393;543;1500;860264;845076;40247;76.0;74.6;3.6
67;2021-10-28;323;408;1101;860587;845484;41348;76.0;74.6;3.7
67;2021-10-29;484;573;1854;861071;846057;43202;76.0;74.7;3.8
67;2021-10-30;366;490;1243;861437;846547;44445;76.1;74.7;3.9
67;2021-10-31;66;89;100;861503;846636;44545;76.1;74.8;3.9
67;2021-11-01;84;56;81;861587;846692;44626;76.1;74.8;3.9
67;2021-11-02;249;345;1058;861836;847037;45684;76.1;74.8;4.0
67;2021-11-03;391;626;1764;862227;847663;47448;76.1;74.8;4.2
67;2021-11-04;298;408;1374;862525;848071;48822;76.2;74.9;4.3
67;2021-11-05;570;689;2635;863095;848760;51457;76.2;74.9;4.5
67;2021-11-06;362;592;1647;863457;849352;53104;76.2;75.0;4.7
67;2021-11-07;41;117;141;863498;849469;53245;76.2;75.0;4.7
67;2021-11-08;247;478;1964;863745;849947;55209;76.3;75.0;4.9
67;2021-11-09;238;367;1990;863983;850314;57199;76.3;75.1;5.1
67;2021-11-10;394;547;2788;864377;850861;59987;76.3;75.1;5.3
67;2021-11-11;46;71;296;864423;850932;60283;76.3;75.1;5.3
67;2021-11-12;423;596;3384;864846;851528;63667;76.4;75.2;5.6
67;2021-11-13;390;552;2178;865236;852080;65845;76.4;75.2;5.8
67;2021-11-14;44;57;205;865280;852137;66050;76.4;75.2;5.8
67;2021-11-15;277;371;2753;865557;852508;68803;76.4;75.3;6.1
67;2021-11-16;340;350;2753;865897;852858;71556;76.5;75.3;6.3
67;2021-11-17;409;478;3594;866306;853336;75150;76.5;75.3;6.6
67;2021-11-18;383;412;3522;866689;853748;78672;76.5;75.4;6.9
67;2021-11-19;553;691;4867;867242;854439;83539;76.6;75.4;7.4
67;2021-11-20;353;534;2778;867595;854973;86317;76.6;75.5;7.6
67;2021-11-21;31;82;230;867626;855055;86547;76.6;75.5;7.6
67;2021-11-22;388;306;3362;868014;855361;89909;76.6;75.5;7.9
67;2021-11-23;396;320;3698;868410;855681;93607;76.7;75.5;8.3
67;2021-11-24;531;511;4140;868941;856192;97747;76.7;75.6;8.6
67;2021-11-25;407;380;4375;869348;856572;102122;76.8;75.6;9.0
67;2021-11-26;602;594;7362;869950;857166;109484;76.8;75.7;9.7
67;2021-11-27;381;455;4801;870331;857621;114285;76.8;75.7;10.1
67;2021-11-28;48;75;939;870379;857696;115224;76.8;75.7;10.2
67;2021-11-29;329;309;5626;870708;858005;120850;76.9;75.8;10.7
67;2021-11-30;390;370;6759;871098;858375;127609;76.9;75.8;11.3
67;2021-12-01;348;429;7233;871446;858804;134842;76.9;75.8;11.9
67;2021-12-02;239;271;8019;871685;859075;142861;77.0;75.8;12.6
67;2021-12-03;321;509;10528;872006;859584;153389;77.0;75.9;13.5
67;2021-12-04;306;410;7972;872312;859994;161361;77.0;75.9;14.2
67;2021-12-05;49;111;1555;872361;860105;162916;77.0;75.9;14.4
67;2021-12-06;232;302;9050;872593;860407;171966;77.0;76.0;15.2
67;2021-12-07;332;392;11639;872925;860799;183605;77.1;76.0;16.2
67;2021-12-08;341;474;10861;873266;861273;194466;77.1;76.0;17.2
67;2021-12-09;298;375;11290;873564;861648;205756;77.1;76.1;18.2
68;2020-12-27;0;0;0;0;0;0;0.0;0.0;0.0
68;2020-12-28;1;0;0;1;0;0;0.0;0.0;0.0
68;2020-12-29;0;0;0;1;0;0;0.0;0.0;0.0
68;2020-12-30;2;0;0;3;0;0;0.0;0.0;0.0
68;2020-12-31;0;0;0;3;0;0;0.0;0.0;0.0
68;2021-01-01;0;0;0;3;0;0;0.0;0.0;0.0
68;2021-01-02;0;0;0;3;0;0;0.0;0.0;0.0
68;2021-01-03;0;0;0;3;0;0;0.0;0.0;0.0
68;2021-01-04;1;0;0;4;0;0;0.0;0.0;0.0
68;2021-01-05;11;0;0;15;0;0;0.0;0.0;0.0
68;2021-01-06;223;1;0;238;1;0;0.0;0.0;0.0
68;2021-01-07;85;1;0;323;2;0;0.0;0.0;0.0
68;2021-01-08;137;1;0;460;3;0;0.1;0.0;0.0
68;2021-01-09;25;1;0;485;4;0;0.1;0.0;0.0
68;2021-01-10;0;0;0;485;4;0;0.1;0.0;0.0
68;2021-01-11;94;0;0;579;4;0;0.1;0.0;0.0
68;2021-01-12;378;1;0;957;5;0;0.1;0.0;0.0
68;2021-01-13;703;3;0;1660;8;0;0.2;0.0;0.0
68;2021-01-14;383;2;0;2043;10;0;0.3;0.0;0.0
68;2021-01-15;225;1;0;2268;11;0;0.3;0.0;0.0
68;2021-01-16;4;0;0;2272;11;0;0.3;0.0;0.0
68;2021-01-17;1;0;0;2273;11;0;0.3;0.0;0.0
68;2021-01-18;387;4;0;2660;15;0;0.3;0.0;0.0
68;2021-01-19;600;5;0;3260;20;0;0.4;0.0;0.0
68;2021-01-20;748;10;0;4008;30;0;0.5;0.0;0.0
68;2021-01-21;1400;13;0;5408;43;0;0.7;0.0;0.0
68;2021-01-22;1480;14;0;6888;57;0;0.9;0.0;0.0
68;2021-01-23;255;3;0;7143;60;0;0.9;0.0;0.0
68;2021-01-24;671;2;0;7814;62;0;1.0;0.0;0.0
68;2021-01-25;1342;44;0;9156;106;0;1.2;0.0;0.0
68;2021-01-26;1492;76;0;10648;182;0;1.4;0.0;0.0
68;2021-01-27;2678;148;0;13326;330;0;1.7;0.0;0.0
68;2021-01-28;2315;59;0;15641;389;0;2.0;0.1;0.0
68;2021-01-29;1509;137;0;17150;526;0;2.2;0.1;0.0
68;2021-01-30;177;6;0;17327;532;0;2.3;0.1;0.0
68;2021-01-31;7;0;0;17334;532;0;2.3;0.1;0.0
68;2021-02-01;759;122;0;18093;654;0;2.4;0.1;0.0
68;2021-02-02;887;299;0;18980;953;0;2.5;0.1;0.0
68;2021-02-03;992;612;0;19972;1565;0;2.6;0.2;0.0
68;2021-02-04;1008;326;0;20980;1891;0;2.7;0.2;0.0
68;2021-02-05;960;235;0;21940;2126;0;2.9;0.3;0.0
68;2021-02-06;149;7;0;22089;2133;0;2.9;0.3;0.0
68;2021-02-07;3;17;0;22092;2150;0;2.9;0.3;0.0
68;2021-02-08;868;42;0;22960;2192;0;3.0;0.3;0.0
68;2021-02-09;1278;67;0;24238;2259;0;3.2;0.3;0.0
68;2021-02-10;1388;75;0;25626;2334;0;3.4;0.3;0.0
68;2021-02-11;1451;457;0;27077;2791;0;3.5;0.4;0.0
68;2021-02-12;1506;441;0;28583;3232;0;3.7;0.4;0.0
68;2021-02-13;141;6;0;28724;3238;0;3.8;0.4;0.0
68;2021-02-14;61;229;0;28785;3467;0;3.8;0.5;0.0
68;2021-02-15;619;1053;0;29404;4520;0;3.9;0.6;0.0
68;2021-02-16;829;1340;0;30233;5860;0;4.0;0.8;0.0
68;2021-02-17;1209;2062;0;31442;7922;0;4.1;1.0;0.0
68;2021-02-18;1603;2021;0;33045;9943;0;4.3;1.3;0.0
68;2021-02-19;969;1358;0;34014;11301;0;4.5;1.5;0.0
68;2021-02-20;107;165;0;34121;11466;0;4.5;1.5;0.0
68;2021-02-21;1;48;0;34122;11514;0;4.5;1.5;0.0
68;2021-02-22;445;798;0;34567;12312;0;4.5;1.6;0.0
68;2021-02-23;614;1034;0;35181;13346;0;4.6;1.7;0.0
68;2021-02-24;801;1151;0;35982;14497;0;4.7;1.9;0.0
68;2021-02-25;1177;1250;0;37159;15747;0;4.9;2.1;0.0
68;2021-02-26;1150;1001;0;38309;16748;0;5.0;2.2;0.0
68;2021-02-27;546;188;0;38855;16936;0;5.1;2.2;0.0
68;2021-02-28;12;1;0;38867;16937;0;5.1;2.2;0.0
68;2021-03-01;919;774;0;39786;17711;0;5.2;2.3;0.0
68;2021-03-02;1161;924;0;40947;18635;0;5.4;2.4;0.0
68;2021-03-03;1489;984;0;42436;19619;0;5.6;2.6;0.0
68;2021-03-04;1892;1038;0;44328;20657;0;5.8;2.7;0.0
68;2021-03-05;2264;1028;0;46592;21685;0;6.1;2.8;0.0
68;2021-03-06;2200;267;0;48792;21952;0;6.4;2.9;0.0
68;2021-03-07;816;104;0;49608;22056;0;6.5;2.9;0.0
68;2021-03-08;1382;941;0;50990;22997;0;6.7;3.0;0.0
68;2021-03-09;1649;1260;0;52639;24257;0;6.9;3.2;0.0
68;2021-03-10;1882;1737;0;54521;25994;0;7.1;3.4;0.0
68;2021-03-11;2547;1858;0;57068;27852;0;7.5;3.6;0.0
68;2021-03-12;2563;1368;0;59631;29220;0;7.8;3.8;0.0
68;2021-03-13;3275;276;0;62906;29496;0;8.2;3.9;0.0
68;2021-03-14;1405;63;0;64311;29559;0;8.4;3.9;0.0
68;2021-03-15;1629;602;0;65940;30161;0;8.6;4.0;0.0
68;2021-03-16;1861;573;0;67801;30734;0;8.9;4.0;0.0
68;2021-03-17;1803;694;0;69604;31428;0;9.1;4.1;0.0
68;2021-03-18;2042;904;0;71646;32332;0;9.4;4.2;0.0
68;2021-03-19;2899;714;0;74545;33046;0;9.8;4.3;0.0
68;2021-03-20;974;132;0;75519;33178;0;9.9;4.3;0.0
68;2021-03-21;75;2;0;75594;33180;0;9.9;4.3;0.0
68;2021-03-22;1872;570;0;77466;33750;0;10.2;4.4;0.0
68;2021-03-23;2750;583;0;80216;34333;0;10.5;4.5;0.0
68;2021-03-24;3114;755;0;83330;35088;0;10.9;4.6;0.0
68;2021-03-25;3388;763;0;86718;35851;0;11.4;4.7;0.0
68;2021-03-26;3920;707;0;90638;36558;0;11.9;4.8;0.0
68;2021-03-27;1183;175;0;91821;36733;0;12.0;4.8;0.0
68;2021-03-28;60;5;0;91881;36738;0;12.0;4.8;0.0
68;2021-03-29;2238;1292;0;94119;38030;0;12.3;5.0;0.0
68;2021-03-30;2926;1204;0;97045;39234;0;12.7;5.1;0.0
68;2021-03-31;2681;1253;0;99726;40487;0;13.1;5.3;0.0
68;2021-04-01;2774;1448;0;102500;41935;0;13.4;5.5;0.0
68;2021-04-02;312;101;0;102812;42036;0;13.5;5.5;0.0
68;2021-04-03;303;128;0;103115;42164;0;13.5;5.5;0.0
68;2021-04-04;15;2;0;103130;42166;0;13.5;5.5;0.0
68;2021-04-05;59;5;0;103189;42171;0;13.5;5.5;0.0
68;2021-04-06;1763;1227;0;104952;43398;0;13.8;5.7;0.0
68;2021-04-07;2582;1421;0;107534;44819;0;14.1;5.9;0.0
68;2021-04-08;3262;1425;0;110796;46244;0;14.5;6.1;0.0
68;2021-04-09;4175;1475;0;114971;47719;0;15.1;6.3;0.0
68;2021-04-10;1299;1868;0;116270;49587;0;15.2;6.5;0.0
68;2021-04-11;125;1181;0;116395;50768;0;15.3;6.7;0.0
68;2021-04-12;2655;1517;0;119050;52285;0;15.6;6.9;0.0
68;2021-04-13;2735;1963;0;121785;54248;0;16.0;7.1;0.0
68;2021-04-14;3520;2137;0;125305;56385;0;16.4;7.4;0.0
68;2021-04-15;4010;1998;0;129315;58383;0;16.9;7.6;0.0
68;2021-04-16;3889;1955;0;133204;60338;0;17.5;7.9;0.0
68;2021-04-17;1175;449;0;134379;60787;0;17.6;8.0;0.0
68;2021-04-18;115;17;0;134494;60804;0;17.6;8.0;0.0
68;2021-04-19;2307;1760;0;136801;62564;0;17.9;8.2;0.0
68;2021-04-20;2361;2224;0;139162;64788;0;18.2;8.5;0.0
68;2021-04-21;2765;2400;0;141927;67188;0;18.6;8.8;0.0
68;2021-04-22;3181;1946;0;145108;69134;0;19.0;9.1;0.0
68;2021-04-23;3288;2046;0;148396;71180;0;19.4;9.3;0.0
68;2021-04-24;858;542;0;149254;71722;0;19.6;9.4;0.0
68;2021-04-25;214;22;0;149468;71744;0;19.6;9.4;0.0
68;2021-04-26;2252;2099;0;151720;73843;0;19.9;9.7;0.0
68;2021-04-27;2532;2199;0;154252;76042;0;20.2;10.0;0.0
68;2021-04-28;3416;1818;0;157668;77860;0;20.7;10.2;0.0
68;2021-04-29;4005;1753;0;161673;79613;0;21.2;10.4;0.0
68;2021-04-30;4637;1405;0;166310;81018;0;21.8;10.6;0.0
68;2021-05-01;975;130;0;167285;81148;0;21.9;10.6;0.0
68;2021-05-02;730;77;0;168015;81225;0;22.0;10.6;0.0
68;2021-05-03;3496;1754;0;171511;82979;0;22.5;10.9;0.0
68;2021-05-04;3799;2314;0;175310;85293;0;23.0;11.2;0.0
68;2021-05-05;3564;3190;0;178874;88483;0;23.4;11.6;0.0
68;2021-05-06;4655;2884;0;183529;91367;0;24.0;12.0;0.0
68;2021-05-07;4347;2948;0;187876;94315;0;24.6;12.4;0.0
68;2021-05-08;1664;252;0;189540;94567;0;24.8;12.4;0.0
68;2021-05-09;1066;114;0;190606;94681;0;25.0;12.4;0.0
68;2021-05-10;2955;3671;0;193561;98352;0;25.4;12.9;0.0
68;2021-05-11;4523;3570;0;198084;101922;0;26.0;13.4;0.0
68;2021-05-12;5570;3253;0;203654;105175;0;26.7;13.8;0.0
68;2021-05-13;4536;883;0;208190;106058;0;27.3;13.9;0.0
68;2021-05-14;5608;2173;0;213798;108231;0;28.0;14.2;0.0
68;2021-05-15;3506;980;0;217304;109211;0;28.5;14.3;0.0
68;2021-05-16;775;147;0;218079;109358;0;28.6;14.3;0.0
68;2021-05-17;4291;2429;0;222370;111787;0;29.1;14.6;0.0
68;2021-05-18;6017;2306;0;228387;114093;0;29.9;14.9;0.0
68;2021-05-19;5706;2794;0;234093;116887;0;30.7;15.3;0.0
68;2021-05-20;5895;2417;0;239988;119304;0;31.4;15.6;0.0
68;2021-05-21;5701;2866;0;245689;122170;0;32.2;16.0;0.0
68;2021-05-22;2672;966;0;248361;123136;0;32.5;16.1;0.0
68;2021-05-23;139;25;0;248500;123161;0;32.6;16.1;0.0
68;2021-05-24;2209;943;0;250709;124104;0;32.8;16.3;0.0
68;2021-05-25;4186;3312;0;254895;127416;0;33.4;16.7;0.0
68;2021-05-26;4787;3294;0;259682;130710;0;34.0;17.1;0.0
68;2021-05-27;5319;3333;0;265001;134043;0;34.7;17.6;0.0
68;2021-05-28;5407;3732;0;270408;137775;0;35.4;18.1;0.0
68;2021-05-29;1621;1204;0;272029;138979;0;35.6;18.2;0.0
68;2021-05-30;81;65;0;272110;139044;0;35.7;18.2;0.0
68;2021-05-31;4919;2300;0;277029;141344;0;36.3;18.5;0.0
68;2021-06-01;5719;2738;0;282748;144082;0;37.0;18.9;0.0
68;2021-06-02;4822;2961;0;287570;147043;0;37.7;19.3;0.0
68;2021-06-03;5681;3039;0;293251;150082;0;38.4;19.7;0.0
68;2021-06-04;4930;3262;0;298181;153344;0;39.1;20.1;0.0
68;2021-06-05;932;1222;0;299113;154566;0;39.2;20.3;0.0
68;2021-06-06;145;125;0;299258;154691;0;39.2;20.3;0.0
68;2021-06-07;4541;2933;0;303799;157624;0;39.8;20.7;0.0
68;2021-06-08;4675;3443;0;308474;161067;0;40.4;21.1;0.0
68;2021-06-09;4825;3301;0;313299;164368;0;41.1;21.5;0.0
68;2021-06-10;4936;3099;0;318235;167467;0;41.7;21.9;0.0
68;2021-06-11;4894;4034;0;323129;171501;0;42.3;22.5;0.0
68;2021-06-12;2968;1776;0;326097;173277;0;42.7;22.7;0.0
68;2021-06-13;584;677;0;326681;173954;0;42.8;22.8;0.0
68;2021-06-14;2427;4281;0;329108;178235;0;43.1;23.4;0.0
68;2021-06-15;2988;4693;0;332096;182928;0;43.5;24.0;0.0
68;2021-06-16;3301;4404;0;335397;187332;0;43.9;24.5;0.0
68;2021-06-17;2371;4388;0;337768;191720;0;44.3;25.1;0.0
68;2021-06-18;3281;5091;0;341049;196811;0;44.7;25.8;0.0
68;2021-06-19;2249;2199;0;343298;199010;0;45.0;26.1;0.0
68;2021-06-20;272;887;0;343570;199897;0;45.0;26.2;0.0
68;2021-06-21;1960;4960;0;345530;204857;0;45.3;26.8;0.0
68;2021-06-22;1857;5106;0;347387;209963;0;45.5;27.5;0.0
68;2021-06-23;2231;5638;0;349618;215601;0;45.8;28.2;0.0
68;2021-06-24;2088;4745;0;351706;220346;0;46.1;28.9;0.0
68;2021-06-25;2197;6390;0;353903;226736;0;46.4;29.7;0.0
68;2021-06-26;1262;2634;0;355165;229370;0;46.5;30.1;0.0
68;2021-06-27;169;855;0;355334;230225;0;46.6;30.2;0.0
68;2021-06-28;1521;6232;0;356855;236457;0;46.8;31.0;0.0
68;2021-06-29;1491;6451;0;358346;242908;0;47.0;31.8;0.0
68;2021-06-30;1772;6421;0;360118;249329;0;47.2;32.7;0.0
68;2021-07-01;2106;5273;0;362224;254602;0;47.5;33.4;0.0
68;2021-07-02;2175;6379;0;364399;260981;0;47.7;34.2;0.0
68;2021-07-03;1027;2020;0;365426;263001;0;47.9;34.5;0.0
68;2021-07-04;241;230;0;365667;263231;0;47.9;34.5;0.0
68;2021-07-05;1404;5227;0;367071;268458;0;48.1;35.2;0.0
68;2021-07-06;1965;5674;0;369036;274132;0;48.4;35.9;0.0
68;2021-07-07;2371;4973;0;371407;279105;0;48.7;36.6;0.0
68;2021-07-08;2390;4652;0;373797;283757;0;49.0;37.2;0.0
68;2021-07-09;2062;7104;0;375859;290861;0;49.2;38.1;0.0
68;2021-07-10;1023;2072;0;376882;292933;0;49.4;38.4;0.0
68;2021-07-11;155;204;0;377037;293137;0;49.4;38.4;0.0
68;2021-07-12;1612;6471;0;378649;299608;0;49.6;39.3;0.0
68;2021-07-13;2778;6323;0;381427;305931;0;50.0;40.1;0.0
68;2021-07-14;1778;1091;0;383205;307022;0;50.2;40.2;0.0
68;2021-07-15;3181;6501;0;386386;313523;0;50.6;41.1;0.0
68;2021-07-16;3816;6668;0;390202;320191;0;51.1;42.0;0.0
68;2021-07-17;3350;2402;0;393552;322593;0;51.6;42.3;0.0
68;2021-07-18;1016;301;0;394568;322894;0;51.7;42.3;0.0
68;2021-07-19;3179;5898;0;397747;328792;0;52.1;43.1;0.0
68;2021-07-20;4215;5467;0;401962;334259;0;52.7;43.8;0.0
68;2021-07-21;4398;5666;0;406360;339925;0;53.2;44.5;0.0
68;2021-07-22;4181;4703;0;410541;344628;0;53.8;45.2;0.0
68;2021-07-23;5008;5683;0;415549;350311;0;54.4;45.9;0.0
68;2021-07-24;3296;2153;0;418845;352464;0;54.9;46.2;0.0
68;2021-07-25;843;552;0;419688;353016;0;55.0;46.3;0.0
68;2021-07-26;4742;4258;0;424430;357274;0;55.6;46.8;0.0
68;2021-07-27;6126;3648;0;430556;360922;0;56.4;47.3;0.0
68;2021-07-28;6591;3716;0;437147;364638;0;57.3;47.8;0.0
68;2021-07-29;6185;3338;0;443332;367976;0;58.1;48.2;0.0
68;2021-07-30;6196;4246;0;449528;372222;0;58.9;48.8;0.0
68;2021-07-31;3789;1461;0;453317;373683;0;59.4;49.0;0.0
68;2021-08-01;1559;499;0;454876;374182;0;59.6;49.0;0.0
68;2021-08-02;4575;3076;0;459451;377258;0;60.2;49.4;0.0
68;2021-08-03;3560;2461;0;463011;379719;0;60.7;49.8;0.0
68;2021-08-04;3157;2680;1;466168;382399;1;61.1;50.1;0.0
68;2021-08-05;2802;2648;0;468970;385047;1;61.4;50.5;0.0
68;2021-08-06;3970;4165;0;472940;389212;1;62.0;51.0;0.0
68;2021-08-07;1351;1405;0;474291;390617;1;62.1;51.2;0.0
68;2021-08-08;387;819;0;474678;391436;1;62.2;51.3;0.0
68;2021-08-09;2476;3607;0;477154;395043;1;62.5;51.8;0.0
68;2021-08-10;2210;2962;0;479364;398005;1;62.8;52.1;0.0
68;2021-08-11;1910;2913;0;481274;400918;1;63.1;52.5;0.0
68;2021-08-12;1785;2827;0;483059;403745;1;63.3;52.9;0.0
68;2021-08-13;2606;4631;0;485665;408376;1;63.6;53.5;0.0
68;2021-08-14;753;1558;0;486418;409934;1;63.7;53.7;0.0
68;2021-08-15;64;468;0;486482;410402;1;63.7;53.8;0.0
68;2021-08-16;1901;4936;0;488383;415338;1;64.0;54.4;0.0
68;2021-08-17;1741;4713;1;490124;420051;2;64.2;55.0;0.0
68;2021-08-18;1246;3789;0;491370;423840;2;64.4;55.5;0.0
68;2021-08-19;1336;3785;0;492706;427625;2;64.6;56.0;0.0
68;2021-08-20;2159;6031;1;494865;433656;3;64.8;56.8;0.0
68;2021-08-21;548;1494;0;495413;435150;3;64.9;57.0;0.0
68;2021-08-22;127;489;0;495540;435639;3;64.9;57.1;0.0
68;2021-08-23;1188;5298;0;496728;440937;3;65.1;57.8;0.0
68;2021-08-24;1354;5730;0;498082;446667;3;65.3;58.5;0.0
68;2021-08-25;1579;3768;0;499661;450435;3;65.5;59.0;0.0
68;2021-08-26;1916;4424;0;501577;454859;3;65.7;59.6;0.0
68;2021-08-27;1780;6143;1;503357;461002;4;66.0;60.4;0.0
68;2021-08-28;448;1245;0;503805;462247;4;66.0;60.6;0.0
68;2021-08-29;47;433;0;503852;462680;4;66.0;60.6;0.0
68;2021-08-30;1288;4300;37;505140;466980;41;66.2;61.2;0.0
68;2021-08-31;1253;3920;127;506393;470900;168;66.4;61.7;0.0
68;2021-09-01;1005;2175;136;507398;473075;304;66.5;62.0;0.0
68;2021-09-02;918;1770;224;508316;474845;528;66.6;62.2;0.1
68;2021-09-03;1311;4174;295;509627;479019;823;66.8;62.8;0.1
68;2021-09-04;550;951;86;510177;479970;909;66.8;62.9;0.1
68;2021-09-05;202;142;58;510379;480112;967;66.9;62.9;0.1
68;2021-09-06;713;2031;248;511092;482143;1215;67.0;63.2;0.2
68;2021-09-07;621;1267;192;511713;483410;1407;67.0;63.3;0.2
68;2021-09-08;651;1384;158;512364;484794;1565;67.1;63.5;0.2
68;2021-09-09;910;1263;332;513274;486057;1897;67.3;63.7;0.2
68;2021-09-10;1478;2954;330;514752;489011;2227;67.4;64.1;0.3
68;2021-09-11;475;696;56;515227;489707;2283;67.5;64.2;0.3
68;2021-09-12;75;76;10;515302;489783;2293;67.5;64.2;0.3
68;2021-09-13;827;1217;224;516129;491000;2517;67.6;64.3;0.3
68;2021-09-14;974;1311;523;517103;492311;3040;67.8;64.5;0.4
68;2021-09-15;723;1570;539;517826;493881;3579;67.8;64.7;0.5
68;2021-09-16;627;1043;477;518453;494924;4056;67.9;64.8;0.5
68;2021-09-17;983;2260;581;519436;497184;4637;68.1;65.1;0.6
68;2021-09-18;454;797;188;519890;497981;4825;68.1;65.2;0.6
68;2021-09-19;23;74;19;519913;498055;4844;68.1;65.3;0.6
68;2021-09-20;558;956;321;520471;499011;5165;68.2;65.4;0.7
68;2021-09-21;588;1257;756;521059;500268;5921;68.3;65.5;0.8
68;2021-09-22;621;1171;628;521680;501439;6549;68.4;65.7;0.9
68;2021-09-23;354;694;697;522034;502133;7246;68.4;65.8;0.9
68;2021-09-24;637;1522;798;522671;503655;8044;68.5;66.0;1.1
68;2021-09-25;300;697;176;522971;504352;8220;68.5;66.1;1.1
68;2021-09-26;32;57;12;523003;504409;8232;68.5;66.1;1.1
68;2021-09-27;345;676;514;523348;505085;8746;68.6;66.2;1.1
68;2021-09-28;346;548;522;523694;505633;9268;68.6;66.3;1.2
68;2021-09-29;562;859;887;524256;506492;10155;68.7;66.4;1.3
68;2021-09-30;400;763;670;524656;507255;10825;68.7;66.5;1.4
68;2021-10-01;870;1540;699;525526;508795;11524;68.9;66.7;1.5
68;2021-10-02;331;583;203;525857;509378;11727;68.9;66.7;1.5
68;2021-10-03;61;99;15;525918;509477;11742;68.9;66.8;1.5
68;2021-10-04;332;451;438;526250;509928;12180;69.0;66.8;1.6
68;2021-10-05;357;593;506;526607;510521;12686;69.0;66.9;1.7
68;2021-10-06;417;865;563;527024;511386;13249;69.1;67.0;1.7
68;2021-10-07;389;591;653;527413;511977;13902;69.1;67.1;1.8
68;2021-10-08;1046;1587;1168;528459;513564;15070;69.2;67.3;2.0
68;2021-10-09;315;621;298;528774;514185;15368;69.3;67.4;2.0
68;2021-10-10;39;51;45;528813;514236;15413;69.3;67.4;2.0
68;2021-10-11;321;472;418;529134;514708;15831;69.3;67.4;2.1
68;2021-10-12;268;494;510;529402;515202;16341;69.4;67.5;2.1
68;2021-10-13;505;642;660;529907;515844;17001;69.4;67.6;2.2
68;2021-10-14;402;625;792;530309;516469;17793;69.5;67.7;2.3
68;2021-10-15;701;945;1291;531010;517414;19084;69.6;67.8;2.5
68;2021-10-16;229;392;320;531239;517806;19404;69.6;67.8;2.5
68;2021-10-17;29;33;34;531268;517839;19438;69.6;67.9;2.5
68;2021-10-18;262;355;435;531530;518194;19873;69.6;67.9;2.6
68;2021-10-19;277;440;415;531807;518634;20288;69.7;68.0;2.7
68;2021-10-20;441;526;986;532248;519160;21274;69.7;68.0;2.8
68;2021-10-21;364;554;896;532612;519714;22170;69.8;68.1;2.9
68;2021-10-22;582;773;1353;533194;520487;23523;69.9;68.2;3.1
68;2021-10-23;202;354;444;533396;520841;23967;69.9;68.2;3.1
68;2021-10-24;25;49;22;533421;520890;23989;69.9;68.3;3.1
68;2021-10-25;193;267;476;533614;521157;24465;69.9;68.3;3.2
68;2021-10-26;188;286;519;533802;521443;24984;69.9;68.3;3.3
68;2021-10-27;340;418;1058;534142;521861;26042;70.0;68.4;3.4
68;2021-10-28;308;411;1055;534450;522272;27097;70.0;68.4;3.6
68;2021-10-29;451;616;1553;534901;522888;28650;70.1;68.5;3.8
68;2021-10-30;178;310;493;535079;523198;29143;70.1;68.6;3.8
68;2021-10-31;14;42;46;535093;523240;29189;70.1;68.6;3.8
68;2021-11-01;157;35;19;535250;523275;29208;70.1;68.6;3.8
68;2021-11-02;170;360;744;535420;523635;29952;70.2;68.6;3.9
68;2021-11-03;303;495;885;535723;524130;30837;70.2;68.7;4.0
68;2021-11-04;302;365;1305;536025;524495;32142;70.2;68.7;4.2
68;2021-11-05;499;757;2201;536524;525252;34343;70.3;68.8;4.5
68;2021-11-06;173;312;643;536697;525564;34986;70.3;68.9;4.6
68;2021-11-07;22;74;34;536719;525638;35020;70.3;68.9;4.6
68;2021-11-08;198;297;1193;536917;525935;36213;70.4;68.9;4.7
68;2021-11-09;185;340;1323;537102;526275;37536;70.4;69.0;4.9
68;2021-11-10;325;523;2305;537427;526798;39841;70.4;69.0;5.2
68;2021-11-11;6;40;24;537433;526838;39865;70.4;69.0;5.2
68;2021-11-12;347;704;3139;537780;527542;43004;70.5;69.1;5.6
68;2021-11-13;171;273;1041;537951;527815;44045;70.5;69.2;5.8
68;2021-11-14;28;58;81;537979;527873;44126;70.5;69.2;5.8
68;2021-11-15;253;287;2261;538232;528160;46387;70.5;69.2;6.1
68;2021-11-16;380;330;2786;538612;528490;49173;70.6;69.2;6.4
68;2021-11-17;313;388;2736;538925;528878;51909;70.6;69.3;6.8
68;2021-11-18;234;349;2195;539159;529227;54104;70.6;69.3;7.1
68;2021-11-19;378;530;3492;539537;529757;57596;70.7;69.4;7.5
68;2021-11-20;181;275;1201;539718;530032;58797;70.7;69.4;7.7
68;2021-11-21;3;46;48;539721;530078;58845;70.7;69.5;7.7
68;2021-11-22;327;242;2260;540048;530320;61105;70.8;69.5;8.0
68;2021-11-23;416;284;3178;540464;530604;64283;70.8;69.5;8.4
68;2021-11-24;341;319;3021;540805;530923;67304;70.9;69.6;8.8
68;2021-11-25;307;340;3613;541112;531263;70917;70.9;69.6;9.3
68;2021-11-26;477;550;5608;541589;531813;76525;71.0;69.7;10.0
68;2021-11-27;200;328;2190;541789;532141;78715;71.0;69.7;10.3
68;2021-11-28;25;45;459;541814;532186;79174;71.0;69.7;10.4
68;2021-11-29;229;273;4064;542043;532459;83238;71.0;69.8;10.9
68;2021-11-30;321;284;5664;542364;532743;88902;71.1;69.8;11.6
68;2021-12-01;210;341;5436;542574;533084;94338;71.1;69.8;12.4
68;2021-12-02;224;242;7493;542798;533326;101831;71.1;69.9;13.3
68;2021-12-03;270;458;8218;543068;533784;110049;71.2;69.9;14.4
68;2021-12-04;174;285;3226;543242;534069;113275;71.2;70.0;14.8
68;2021-12-05;27;90;919;543269;534159;114194;71.2;70.0;15.0
68;2021-12-06;215;334;6192;543484;534493;120386;71.2;70.0;15.8
68;2021-12-07;236;320;7242;543720;534813;127628;71.2;70.1;16.7
68;2021-12-08;269;466;6669;543989;535279;134297;71.3;70.1;17.6
68;2021-12-09;247;335;8081;544236;535614;142378;71.3;70.2;18.7
69;2020-12-27;2;0;0;2;0;0;0.0;0.0;0.0
69;2020-12-28;10;1;0;12;1;0;0.0;0.0;0.0
69;2020-12-29;6;0;0;18;1;0;0.0;0.0;0.0
69;2020-12-30;6;1;0;24;2;0;0.0;0.0;0.0
69;2020-12-31;13;3;0;37;5;0;0.0;0.0;0.0
69;2021-01-01;2;0;0;39;5;0;0.0;0.0;0.0
69;2021-01-02;3;0;0;42;5;0;0.0;0.0;0.0
69;2021-01-03;4;2;0;46;7;0;0.0;0.0;0.0
69;2021-01-04;16;0;0;62;7;0;0.0;0.0;0.0
69;2021-01-05;198;7;0;260;14;0;0.0;0.0;0.0
69;2021-01-06;468;6;0;728;20;0;0.0;0.0;0.0
69;2021-01-07;736;5;0;1464;25;0;0.1;0.0;0.0
69;2021-01-08;750;1;0;2214;26;0;0.1;0.0;0.0
69;2021-01-09;47;3;0;2261;29;0;0.1;0.0;0.0
69;2021-01-10;3;1;0;2264;30;0;0.1;0.0;0.0
69;2021-01-11;1019;3;0;3283;33;0;0.2;0.0;0.0
69;2021-01-12;1283;9;0;4566;42;0;0.2;0.0;0.0
69;2021-01-13;1261;3;0;5827;45;0;0.3;0.0;0.0
69;2021-01-14;2121;23;0;7948;68;0;0.4;0.0;0.0
69;2021-01-15;1734;8;0;9682;76;0;0.5;0.0;0.0
69;2021-01-16;891;4;0;10573;80;0;0.6;0.0;0.0
69;2021-01-17;264;3;0;10837;83;0;0.6;0.0;0.0
69;2021-01-18;1693;16;0;12530;99;0;0.7;0.0;0.0
69;2021-01-19;3517;31;0;16047;130;0;0.9;0.0;0.0
69;2021-01-20;4252;32;0;20299;162;0;1.1;0.0;0.0
69;2021-01-21;3913;42;0;24212;204;0;1.3;0.0;0.0
69;2021-01-22;3010;29;0;27222;233;0;1.5;0.0;0.0
69;2021-01-23;1224;3;0;28446;236;0;1.5;0.0;0.0
69;2021-01-24;105;1;0;28551;237;0;1.5;0.0;0.0
69;2021-01-25;2082;47;0;30633;284;0;1.6;0.0;0.0
69;2021-01-26;2449;88;0;33082;372;0;1.8;0.0;0.0
69;2021-01-27;2232;175;0;35314;547;0;1.9;0.0;0.0
69;2021-01-28;2275;356;0;37589;903;0;2.0;0.0;0.0
69;2021-01-29;2051;279;0;39640;1182;0;2.1;0.1;0.0
69;2021-01-30;881;4;0;40521;1186;0;2.2;0.1;0.0
69;2021-01-31;63;1;0;40584;1187;0;2.2;0.1;0.0
69;2021-02-01;1077;377;0;41661;1564;0;2.2;0.1;0.0
69;2021-02-02;1558;423;0;43219;1987;0;2.3;0.1;0.0
69;2021-02-03;1381;528;0;44600;2515;0;2.4;0.1;0.0
69;2021-02-04;1747;905;0;46347;3420;0;2.5;0.2;0.0
69;2021-02-05;790;795;0;47137;4215;0;2.5;0.2;0.0
69;2021-02-06;383;58;0;47520;4273;0;2.5;0.2;0.0
69;2021-02-07;15;7;0;47535;4280;0;2.5;0.2;0.0
69;2021-02-08;1060;986;0;48595;5266;0;2.6;0.3;0.0
69;2021-02-09;1947;2041;0;50542;7307;0;2.7;0.4;0.0
69;2021-02-10;1816;2518;0;52358;9825;0;2.8;0.5;0.0
69;2021-02-11;1767;3097;0;54125;12922;0;2.9;0.7;0.0
69;2021-02-12;1776;1991;0;55901;14913;0;3.0;0.8;0.0
69;2021-02-13;425;750;0;56326;15663;0;3.0;0.8;0.0
69;2021-02-14;85;47;0;56411;15710;0;3.0;0.8;0.0
69;2021-02-15;945;1749;0;57356;17459;0;3.1;0.9;0.0
69;2021-02-16;973;2380;0;58329;19839;0;3.1;1.1;0.0
69;2021-02-17;987;2336;0;59316;22175;0;3.2;1.2;0.0
69;2021-02-18;952;2262;0;60268;24437;0;3.2;1.3;0.0
69;2021-02-19;878;1824;0;61146;26261;0;3.3;1.4;0.0
69;2021-02-20;323;916;0;61469;27177;0;3.3;1.4;0.0
69;2021-02-21;47;70;0;61516;27247;0;3.3;1.5;0.0
69;2021-02-22;574;2072;0;62090;29319;0;3.3;1.6;0.0
69;2021-02-23;733;2091;0;62823;31410;0;3.3;1.7;0.0
69;2021-02-24;1010;2170;0;63833;33580;0;3.4;1.8;0.0
69;2021-02-25;2142;2629;0;65975;36209;0;3.5;1.9;0.0
69;2021-02-26;2675;1820;0;68650;38029;0;3.7;2.0;0.0
69;2021-02-27;907;552;0;69557;38581;0;3.7;2.1;0.0
69;2021-02-28;125;95;0;69682;38676;0;3.7;2.1;0.0
69;2021-03-01;2150;923;0;71832;39599;0;3.8;2.1;0.0
69;2021-03-02;3193;1411;0;75025;41010;0;4.0;2.2;0.0
69;2021-03-03;3543;1246;0;78568;42256;0;4.2;2.3;0.0
69;2021-03-04;4725;1361;0;83293;43617;0;4.4;2.3;0.0
69;2021-03-05;5751;1283;0;89044;44900;0;4.7;2.4;0.0
69;2021-03-06;3384;424;0;92428;45324;0;4.9;2.4;0.0
69;2021-03-07;732;61;0;93160;45385;0;5.0;2.4;0.0
69;2021-03-08;2832;1101;0;95992;46486;0;5.1;2.5;0.0
69;2021-03-09;4488;1243;0;100480;47729;0;5.4;2.5;0.0
69;2021-03-10;4843;1025;0;105323;48754;0;5.6;2.6;0.0
69;2021-03-11;6438;1043;0;111761;49797;0;6.0;2.7;0.0
69;2021-03-12;8418;1189;0;120179;50986;0;6.4;2.7;0.0
69;2021-03-13;4596;264;0;124775;51250;0;6.7;2.7;0.0
69;2021-03-14;2467;151;0;127242;51401;0;6.8;2.7;0.0
69;2021-03-15;4526;723;0;131768;52124;0;7.0;2.8;0.0
69;2021-03-16;3652;719;0;135420;52843;0;7.2;2.8;0.0
69;2021-03-17;3816;922;0;139236;53765;0;7.4;2.9;0.0
69;2021-03-18;4690;1574;0;143926;55339;0;7.7;2.9;0.0
69;2021-03-19;6379;1029;0;150305;56368;0;8.0;3.0;0.0
69;2021-03-20;3486;254;0;153791;56622;0;8.2;3.0;0.0
69;2021-03-21;1798;96;0;155589;56718;0;8.3;3.0;0.0
69;2021-03-22;4423;812;0;160012;57530;0;8.5;3.1;0.0
69;2021-03-23;7042;854;0;167054;58384;0;8.9;3.1;0.0
69;2021-03-24;6241;1015;0;173295;59399;0;9.2;3.2;0.0
69;2021-03-25;8287;1140;0;181582;60539;0;9.7;3.2;0.0
69;2021-03-26;8550;1332;0;190132;61871;0;10.1;3.3;0.0
69;2021-03-27;3100;802;0;193232;62673;0;10.3;3.3;0.0
69;2021-03-28;2055;184;0;195287;62857;0;10.4;3.4;0.0
69;2021-03-29;3996;2130;0;199283;64987;0;10.6;3.5;0.0
69;2021-03-30;7366;2588;0;206649;67575;0;11.0;3.6;0.0
69;2021-03-31;6033;3096;0;212682;70671;0;11.3;3.8;0.0
69;2021-04-01;8077;2695;0;220759;73366;0;11.8;3.9;0.0
69;2021-04-02;7928;3095;0;228687;76461;0;12.2;4.1;0.0
69;2021-04-03;4993;2067;0;233680;78528;0;12.5;4.2;0.0
69;2021-04-04;5908;535;0;239588;79063;0;12.8;4.2;0.0
69;2021-04-05;5498;774;0;245086;79837;0;13.1;4.3;0.0
69;2021-04-06;4984;3375;0;250070;83212;0;13.3;4.4;0.0
69;2021-04-07;5138;3746;0;255208;86958;0;13.6;4.6;0.0
69;2021-04-08;6318;3897;0;261526;90855;0;13.9;4.8;0.0
69;2021-04-09;9166;3758;0;270692;94613;0;14.4;5.0;0.0
69;2021-04-10;2993;2377;0;273685;96990;0;14.6;5.2;0.0
69;2021-04-11;1892;1740;0;275577;98730;0;14.7;5.3;0.0
69;2021-04-12;5303;3505;0;280880;102235;0;15.0;5.4;0.0
69;2021-04-13;7014;4008;0;287894;106243;0;15.3;5.7;0.0
69;2021-04-14;6612;4040;0;294506;110283;0;15.7;5.9;0.0
69;2021-04-15;7734;4432;0;302240;114715;0;16.1;6.1;0.0
69;2021-04-16;7783;4389;0;310023;119104;0;16.5;6.3;0.0
69;2021-04-17;4765;2222;0;314788;121326;0;16.8;6.5;0.0
69;2021-04-18;1698;1652;0;316486;122978;0;16.9;6.6;0.0
69;2021-04-19;6637;3664;0;323123;126642;0;17.2;6.8;0.0
69;2021-04-20;6447;4547;0;329570;131189;0;17.6;7.0;0.0
69;2021-04-21;5685;4283;0;335255;135472;0;17.9;7.2;0.0
69;2021-04-22;6338;5194;0;341593;140666;0;18.2;7.5;0.0
69;2021-04-23;6664;4755;0;348257;145421;0;18.6;7.8;0.0
69;2021-04-24;3226;2016;0;351483;147437;0;18.7;7.9;0.0
69;2021-04-25;2122;1465;0;353605;148902;0;18.8;7.9;0.0
69;2021-04-26;4590;3794;0;358195;152696;0;19.1;8.1;0.0
69;2021-04-27;6616;5108;0;364811;157804;0;19.4;8.4;0.0
69;2021-04-28;6368;4697;0;371179;162501;0;19.8;8.7;0.0
69;2021-04-29;6754;5278;0;377933;167779;0;20.1;8.9;0.0
69;2021-04-30;7084;5984;0;385017;173763;0;20.5;9.3;0.0
69;2021-05-01;3369;636;0;388386;174399;0;20.7;9.3;0.0
69;2021-05-02;1577;5209;0;389963;179608;0;20.8;9.6;0.0
69;2021-05-03;5737;7600;0;395700;187208;0;21.1;10.0;0.0
69;2021-05-04;7362;7606;0;403062;194814;0;21.5;10.4;0.0
69;2021-05-05;10372;5507;0;413434;200321;0;22.0;10.7;0.0
69;2021-05-06;11426;6060;0;424860;206381;0;22.6;11.0;0.0
69;2021-05-07;10815;6974;0;435675;213355;0;23.2;11.4;0.0
69;2021-05-08;4280;1589;0;439955;214944;0;23.5;11.5;0.0
69;2021-05-09;5937;2510;0;445892;217454;0;23.8;11.6;0.0
69;2021-05-10;6772;5975;0;452664;223429;0;24.1;11.9;0.0
69;2021-05-11;9839;6838;0;462503;230267;0;24.7;12.3;0.0
69;2021-05-12;12025;6605;0;474528;236872;0;25.3;12.6;0.0
69;2021-05-13;10771;2468;0;485299;239340;0;25.9;12.8;0.0
69;2021-05-14;12440;5130;0;497739;244470;0;26.5;13.0;0.0
69;2021-05-15;9202;2576;0;506941;247046;0;27.0;13.2;0.0
69;2021-05-16;8025;1756;0;514966;248802;0;27.4;13.3;0.0
69;2021-05-17;11052;5405;0;526018;254207;0;28.0;13.6;0.0
69;2021-05-18;12929;6051;0;538947;260258;0;28.7;13.9;0.0
69;2021-05-19;13195;5580;0;552142;265838;0;29.4;14.2;0.0
69;2021-05-20;11582;5835;0;563724;271673;0;30.0;14.5;0.0
69;2021-05-21;11479;6488;0;575203;278161;0;30.7;14.8;0.0
69;2021-05-22;7220;2586;0;582423;280747;0;31.0;15.0;0.0
69;2021-05-23;5166;1503;0;587589;282250;0;31.3;15.0;0.0
69;2021-05-24;9104;1959;0;596693;284209;0;31.8;15.1;0.0
69;2021-05-25;10335;6151;0;607028;290360;0;32.4;15.5;0.0
69;2021-05-26;10962;6017;0;617990;296377;0;32.9;15.8;0.0
69;2021-05-27;10932;6650;0;628922;303027;0;33.5;16.2;0.0
69;2021-05-28;11760;8580;0;640682;311607;0;34.2;16.6;0.0
69;2021-05-29;8452;5764;0;649134;317371;0;34.6;16.9;0.0
69;2021-05-30;7220;2874;0;656354;320245;0;35.0;17.1;0.0
69;2021-05-31;11185;6258;0;667539;326503;0;35.6;17.4;0.0
69;2021-06-01;12078;7331;0;679617;333834;0;36.2;17.8;0.0
69;2021-06-02;14177;6537;0;693794;340371;0;37.0;18.1;0.0
69;2021-06-03;15773;7214;0;709567;347585;0;37.8;18.5;0.0
69;2021-06-04;13497;8503;0;723064;356088;0;38.5;19.0;0.0
69;2021-06-05;10236;3536;0;733300;359624;0;39.1;19.2;0.0
69;2021-06-06;6974;1682;0;740274;361306;0;39.5;19.3;0.0
69;2021-06-07;11973;6907;0;752247;368213;0;40.1;19.6;0.0
69;2021-06-08;14530;8016;0;766777;376229;0;40.9;20.1;0.0
69;2021-06-09;13599;7234;0;780376;383463;0;41.6;20.4;0.0
69;2021-06-10;14340;7096;0;794716;390559;0;42.4;20.8;0.0
69;2021-06-11;14333;9494;0;809049;400053;0;43.1;21.3;0.0
69;2021-06-12;7901;4224;0;816950;404277;0;43.5;21.5;0.0
69;2021-06-13;4868;2017;0;821818;406294;0;43.8;21.7;0.0
69;2021-06-14;7254;8865;0;829072;415159;0;44.2;22.1;0.0
69;2021-06-15;9308;10616;0;838380;425775;0;44.7;22.7;0.0
69;2021-06-16;9543;11592;0;847923;437367;0;45.2;23.3;0.0
69;2021-06-17;9755;12405;0;857678;449772;0;45.7;24.0;0.0
69;2021-06-18;9971;14134;0;867649;463906;0;46.2;24.7;0.0
69;2021-06-19;5954;8278;0;873603;472184;0;46.6;25.2;0.0
69;2021-06-20;4411;4446;0;878014;476630;0;46.8;25.4;0.0
69;2021-06-21;5361;12101;0;883375;488731;0;47.1;26.1;0.0
69;2021-06-22;6190;13323;0;889565;502054;0;47.4;26.8;0.0
69;2021-06-23;7043;12637;0;896608;514691;0;47.8;27.4;0.0
69;2021-06-24;7626;13015;0;904234;527706;0;48.2;28.1;0.0
69;2021-06-25;6386;15948;0;910620;543654;0;48.5;29.0;0.0
69;2021-06-26;3569;9596;0;914189;553250;0;48.7;29.5;0.0
69;2021-06-27;2881;6993;0;917070;560243;0;48.9;29.9;0.0
69;2021-06-28;3987;14719;0;921057;574962;0;49.1;30.6;0.0
69;2021-06-29;4804;15276;0;925861;590238;0;49.4;31.5;0.0
69;2021-06-30;5930;14081;0;931791;604319;0;49.7;32.2;0.0
69;2021-07-01;7490;11996;0;939281;616315;0;50.1;32.9;0.0
69;2021-07-02;6499;14415;0;945780;630730;0;50.4;33.6;0.0
69;2021-07-03;5076;8902;0;950856;639632;0;50.7;34.1;0.0
69;2021-07-04;3474;5488;0;954330;645120;0;50.9;34.4;0.0
69;2021-07-05;5522;13256;0;959852;658376;0;51.2;35.1;0.0
69;2021-07-06;5442;14275;0;965294;672651;0;51.5;35.9;0.0
69;2021-07-07;6976;13426;0;972270;686077;0;51.8;36.6;0.0
69;2021-07-08;7165;13111;0;979435;699188;0;52.2;37.3;0.0
69;2021-07-09;7064;16271;0;986499;715459;0;52.6;38.1;0.0
69;2021-07-10;2981;10903;0;989480;726362;0;52.7;38.7;0.0
69;2021-07-11;3623;5434;0;993103;731796;0;52.9;39.0;0.0
69;2021-07-12;3919;16497;0;997022;748293;0;53.1;39.9;0.0
69;2021-07-13;6307;18563;0;1003329;766856;0;53.5;40.9;0.0
69;2021-07-14;5042;6545;0;1008371;773401;0;53.7;41.2;0.0
69;2021-07-15;7934;18524;0;1016305;791925;0;54.2;42.2;0.0
69;2021-07-16;9756;17547;0;1026061;809472;0;54.7;43.1;0.0
69;2021-07-17;5110;10941;0;1031171;820413;0;55.0;43.7;0.0
69;2021-07-18;3137;7392;0;1034308;827805;0;55.1;44.1;0.0
69;2021-07-19;6880;14938;0;1041188;842743;0;55.5;44.9;0.0
69;2021-07-20;9349;17007;0;1050537;859750;0;56.0;45.8;0.0
69;2021-07-21;9683;15835;0;1060220;875585;0;56.5;46.7;0.0
69;2021-07-22;11533;15328;0;1071753;890913;0;57.1;47.5;0.0
69;2021-07-23;11000;15741;3;1082753;906654;3;57.7;48.3;0.0
69;2021-07-24;6004;9984;0;1088757;916638;3;58.0;48.9;0.0
69;2021-07-25;4242;5691;0;1092999;922329;3;58.3;49.2;0.0
69;2021-07-26;8732;11744;0;1101731;934073;3;58.7;49.8;0.0
69;2021-07-27;12574;11758;1;1114305;945831;4;59.4;50.4;0.0
69;2021-07-28;11730;11169;0;1126035;957000;4;60.0;51.0;0.0
69;2021-07-29;13899;10871;1;1139934;967871;5;60.8;51.6;0.0
69;2021-07-30;13191;11201;1;1153125;979072;6;61.5;52.2;0.0
69;2021-07-31;7738;6678;0;1160863;985750;6;61.9;52.5;0.0
69;2021-08-01;4425;4462;0;1165288;990212;6;62.1;52.8;0.0
69;2021-08-02;10775;8334;0;1176063;998546;6;62.7;53.2;0.0
69;2021-08-03;12141;7672;0;1188204;1006218;6;63.3;53.6;0.0
69;2021-08-04;11653;7409;0;1199857;1013627;6;64.0;54.0;0.0
69;2021-08-05;10357;7152;0;1210214;1020779;6;64.5;54.4;0.0
69;2021-08-06;9293;7619;0;1219507;1028398;6;65.0;54.8;0.0
69;2021-08-07;4481;4447;0;1223988;1032845;6;65.2;55.1;0.0
69;2021-08-08;3591;3176;0;1227579;1036021;6;65.4;55.2;0.0
69;2021-08-09;6824;8605;0;1234403;1044626;6;65.8;55.7;0.0
69;2021-08-10;7432;6936;0;1241835;1051562;6;66.2;56.1;0.0
69;2021-08-11;7138;7456;0;1248973;1059018;6;66.6;56.4;0.0
69;2021-08-12;6563;6897;0;1255536;1065915;6;66.9;56.8;0.0
69;2021-08-13;6137;8087;0;1261673;1074002;6;67.3;57.2;0.0
69;2021-08-14;3919;5145;0;1265592;1079147;6;67.5;57.5;0.0
69;2021-08-15;2095;2242;0;1267687;1081389;6;67.6;57.6;0.0
69;2021-08-16;4900;8857;0;1272587;1090246;6;67.8;58.1;0.0
69;2021-08-17;5827;8231;0;1278414;1098477;6;68.1;58.6;0.0
69;2021-08-18;5522;9202;0;1283936;1107679;6;68.4;59.0;0.0
69;2021-08-19;5469;8886;0;1289405;1116565;6;68.7;59.5;0.0
69;2021-08-20;5341;8690;0;1294746;1125255;6;69.0;60.0;0.0
69;2021-08-21;2467;4002;0;1297213;1129257;6;69.1;60.2;0.0
69;2021-08-22;1609;2207;0;1298822;1131464;6;69.2;60.3;0.0
69;2021-08-23;3390;11557;0;1302212;1143021;6;69.4;60.9;0.0
69;2021-08-24;4406;12099;0;1306618;1155120;6;69.6;61.6;0.0
69;2021-08-25;3881;11448;0;1310499;1166568;6;69.9;62.2;0.0
69;2021-08-26;3844;10085;0;1314343;1176653;6;70.1;62.7;0.0
69;2021-08-27;3935;12790;0;1318278;1189443;6;70.3;63.4;0.0
69;2021-08-28;1695;7406;0;1319973;1196849;6;70.4;63.8;0.0
69;2021-08-29;1090;5371;0;1321063;1202220;6;70.4;64.1;0.0
69;2021-08-30;3015;10161;87;1324078;1212381;93;70.6;64.6;0.0
69;2021-08-31;3584;8624;197;1327662;1221005;290;70.8;65.1;0.0
69;2021-09-01;3909;7914;380;1331571;1228919;670;71.0;65.5;0.0
69;2021-09-02;3733;6951;901;1335304;1235870;1571;71.2;65.9;0.1
69;2021-09-03;3581;8929;852;1338885;1244799;2423;71.4;66.4;0.1
69;2021-09-04;1979;6907;214;1340864;1251706;2637;71.5;66.7;0.1
69;2021-09-05;1121;2897;230;1341985;1254603;2867;71.5;66.9;0.2
69;2021-09-06;2162;5009;818;1344147;1259612;3685;71.6;67.1;0.2
69;2021-09-07;1986;4590;954;1346133;1264202;4639;71.8;67.4;0.2
69;2021-09-08;2438;5357;703;1348571;1269559;5342;71.9;67.7;0.3
69;2021-09-09;2129;4472;1003;1350700;1274031;6345;72.0;67.9;0.3
69;2021-09-10;2420;5400;1048;1353120;1279431;7393;72.1;68.2;0.4
69;2021-09-11;1476;4153;218;1354596;1283584;7611;72.2;68.4;0.4
69;2021-09-12;408;1715;111;1355004;1285299;7722;72.2;68.5;0.4
69;2021-09-13;1507;3519;1044;1356511;1288818;8766;72.3;68.7;0.5
69;2021-09-14;1615;3145;1496;1358126;1291963;10262;72.4;68.9;0.5
69;2021-09-15;1776;4173;1204;1359902;1296136;11466;72.5;69.1;0.6
69;2021-09-16;1424;2687;1513;1361326;1298823;12979;72.6;69.2;0.7
69;2021-09-17;1640;4103;1552;1362966;1302926;14531;72.7;69.5;0.8
69;2021-09-18;1007;3504;265;1363973;1306430;14796;72.7;69.6;0.8
69;2021-09-19;383;1188;120;1364356;1307618;14916;72.7;69.7;0.8
69;2021-09-20;892;2369;1031;1365248;1309987;15947;72.8;69.8;0.9
69;2021-09-21;878;2623;1464;1366126;1312610;17411;72.8;70.0;0.9
69;2021-09-22;1031;3574;1095;1367157;1316184;18506;72.9;70.2;1.0
69;2021-09-23;803;2518;1468;1367960;1318702;19974;72.9;70.3;1.1
69;2021-09-24;1155;3483;1074;1369115;1322185;21048;73.0;70.5;1.1
69;2021-09-25;666;2334;228;1369781;1324519;21276;73.0;70.6;1.1
69;2021-09-26;264;959;64;1370045;1325478;21340;73.0;70.7;1.1
69;2021-09-27;604;1736;962;1370649;1327214;22302;73.1;70.7;1.2
69;2021-09-28;772;1698;1304;1371421;1328912;23606;73.1;70.8;1.3
69;2021-09-29;1026;2737;1209;1372447;1331649;24815;73.2;71.0;1.3
69;2021-09-30;876;1862;1290;1373323;1333511;26105;73.2;71.1;1.4
69;2021-10-01;1726;2988;1767;1375049;1336499;27872;73.3;71.2;1.5
69;2021-10-02;912;1876;407;1375961;1338375;28279;73.3;71.3;1.5
69;2021-10-03;258;516;160;1376219;1338891;28439;73.4;71.4;1.5
69;2021-10-04;904;1654;1372;1377123;1340545;29811;73.4;71.5;1.6
69;2021-10-05;766;1333;1504;1377889;1341878;31315;73.4;71.5;1.7
69;2021-10-06;1067;2014;1604;1378956;1343892;32919;73.5;71.6;1.8
69;2021-10-07;821;1404;1759;1379777;1345296;34678;73.5;71.7;1.8
69;2021-10-08;1217;2146;2190;1380994;1347442;36868;73.6;71.8;2.0
69;2021-10-09;652;1211;584;1381646;1348653;37452;73.6;71.9;2.0
69;2021-10-10;67;271;132;1381713;1348924;37584;73.7;71.9;2.0
69;2021-10-11;588;1199;1468;1382301;1350123;39052;73.7;72.0;2.1
69;2021-10-12;691;1046;1774;1382992;1351169;40826;73.7;72.0;2.2
69;2021-10-13;1056;1681;2260;1384048;1352850;43086;73.8;72.1;2.3
69;2021-10-14;767;1206;2235;1384815;1354056;45321;73.8;72.2;2.4
69;2021-10-15;1085;1704;2875;1385900;1355760;48196;73.9;72.3;2.6
69;2021-10-16;704;1130;751;1386604;1356890;48947;73.9;72.3;2.6
69;2021-10-17;31;157;64;1386635;1357047;49011;73.9;72.3;2.6
69;2021-10-18;539;813;1874;1387174;1357860;50885;73.9;72.4;2.7
69;2021-10-19;294;728;2173;1387468;1358588;53058;74.0;72.4;2.8
69;2021-10-20;582;1178;2885;1388050;1359766;55943;74.0;72.5;3.0
69;2021-10-21;329;842;2716;1388379;1360608;58659;74.0;72.5;3.1
69;2021-10-22;510;1278;3081;1388889;1361886;61740;74.0;72.6;3.3
69;2021-10-23;455;989;1175;1389344;1362875;62915;74.1;72.6;3.4
69;2021-10-24;21;87;89;1389365;1362962;63004;74.1;72.7;3.4
69;2021-10-25;338;721;2128;1389703;1363683;65132;74.1;72.7;3.5
69;2021-10-26;306;621;2151;1390009;1364304;67283;74.1;72.7;3.6
69;2021-10-27;472;1186;3328;1390481;1365490;70611;74.1;72.8;3.8
69;2021-10-28;369;715;2671;1390850;1366205;73282;74.1;72.8;3.9
69;2021-10-29;438;1024;3358;1391288;1367229;76640;74.2;72.9;4.1
69;2021-10-30;226;609;1047;1391514;1367838;77687;74.2;72.9;4.1
69;2021-10-31;25;69;69;1391539;1367907;77756;74.2;72.9;4.1
69;2021-11-01;69;47;23;1391608;1367954;77779;74.2;72.9;4.1
69;2021-11-02;305;748;2258;1391913;1368702;80037;74.2;73.0;4.3
69;2021-11-03;422;972;3708;1392335;1369674;83745;74.2;73.0;4.5
69;2021-11-04;338;721;3415;1392673;1370395;87160;74.2;73.0;4.6
69;2021-11-05;466;993;4448;1393139;1371388;91608;74.3;73.1;4.9
69;2021-11-06;229;604;1352;1393368;1371992;92960;74.3;73.1;5.0
69;2021-11-07;24;49;102;1393392;1372041;93062;74.3;73.1;5.0
69;2021-11-08;193;568;3164;1393585;1372609;96226;74.3;73.2;5.1
69;2021-11-09;212;509;4107;1393797;1373118;100333;74.3;73.2;5.3
69;2021-11-10;449;845;4953;1394246;1373963;105286;74.3;73.2;5.6
69;2021-11-11;77;120;713;1394323;1374083;105999;74.3;73.2;5.7
69;2021-11-12;398;649;5908;1394721;1374732;111907;74.3;73.3;6.0
69;2021-11-13;283;440;1956;1395004;1375172;113863;74.4;73.3;6.1
69;2021-11-14;16;35;163;1395020;1375207;114026;74.4;73.3;6.1
69;2021-11-15;206;442;3931;1395226;1375649;117957;74.4;73.3;6.3
69;2021-11-16;277;479;5068;1395503;1376128;123025;74.4;73.4;6.6
69;2021-11-17;442;670;5488;1395945;1376798;128513;74.4;73.4;6.9
69;2021-11-18;245;416;5694;1396190;1377214;134207;74.4;73.4;7.2
69;2021-11-19;489;721;7559;1396679;1377935;141766;74.4;73.4;7.6
69;2021-11-20;324;373;2223;1397003;1378308;143989;74.5;73.5;7.7
69;2021-11-21;23;71;145;1397026;1378379;144134;74.5;73.5;7.7
69;2021-11-22;280;349;4612;1397306;1378728;148746;74.5;73.5;7.9
69;2021-11-23;280;344;5295;1397586;1379072;154041;74.5;73.5;8.2
69;2021-11-24;466;608;6175;1398052;1379680;160216;74.5;73.5;8.5
69;2021-11-25;293;423;7231;1398345;1380103;167447;74.5;73.6;8.9
69;2021-11-26;401;598;11802;1398746;1380701;179249;74.6;73.6;9.6
69;2021-11-27;366;546;6265;1399112;1381247;185514;74.6;73.6;9.9
69;2021-11-28;31;68;585;1399143;1381315;186099;74.6;73.6;9.9
69;2021-11-29;205;317;8107;1399348;1381632;194206;74.6;73.6;10.4
69;2021-11-30;250;383;10730;1399598;1382015;204936;74.6;73.7;10.9
69;2021-12-01;318;516;11595;1399916;1382531;216531;74.6;73.7;11.5
69;2021-12-02;259;343;14079;1400175;1382874;230610;74.6;73.7;12.3
69;2021-12-03;303;539;17287;1400478;1383413;247897;74.7;73.7;13.2
69;2021-12-04;188;413;9227;1400666;1383826;257124;74.7;73.8;13.7
69;2021-12-05;28;87;3254;1400694;1383913;260378;74.7;73.8;13.9
69;2021-12-06;197;394;12585;1400891;1384307;272963;74.7;73.8;14.5
69;2021-12-07;255;436;16103;1401146;1384743;289066;74.7;73.8;15.4
69;2021-12-08;324;581;13809;1401470;1385324;302875;74.7;73.8;16.1
69;2021-12-09;238;400;16513;1401708;1385724;319388;74.7;73.9;17.0
70;2020-12-27;0;0;0;0;0;0;0.0;0.0;0.0
70;2020-12-28;0;0;0;0;0;0;0.0;0.0;0.0
70;2020-12-29;0;0;0;0;0;0;0.0;0.0;0.0
70;2020-12-30;0;0;0;0;0;0;0.0;0.0;0.0
70;2020-12-31;0;0;0;0;0;0;0.0;0.0;0.0
70;2021-01-01;1;0;0;1;0;0;0.0;0.0;0.0
70;2021-01-02;0;0;0;1;0;0;0.0;0.0;0.0
70;2021-01-03;0;0;0;1;0;0;0.0;0.0;0.0
70;2021-01-04;0;0;0;1;0;0;0.0;0.0;0.0
70;2021-01-05;2;1;0;3;1;0;0.0;0.0;0.0
70;2021-01-06;26;0;0;29;1;0;0.0;0.0;0.0
70;2021-01-07;129;0;0;158;1;0;0.1;0.0;0.0
70;2021-01-08;67;0;0;225;1;0;0.1;0.0;0.0
70;2021-01-09;19;1;0;244;2;0;0.1;0.0;0.0
70;2021-01-10;0;0;0;244;2;0;0.1;0.0;0.0
70;2021-01-11;175;1;0;419;3;0;0.2;0.0;0.0
70;2021-01-12;240;2;0;659;5;0;0.3;0.0;0.0
70;2021-01-13;219;2;0;878;7;0;0.4;0.0;0.0
70;2021-01-14;214;5;0;1092;12;0;0.5;0.0;0.0
70;2021-01-15;218;3;0;1310;15;0;0.6;0.0;0.0
70;2021-01-16;81;0;0;1391;15;0;0.6;0.0;0.0
70;2021-01-17;7;0;0;1398;15;0;0.6;0.0;0.0
70;2021-01-18;418;0;0;1816;15;0;0.8;0.0;0.0
70;2021-01-19;493;2;0;2309;17;0;1.0;0.0;0.0
70;2021-01-20;495;1;0;2804;18;0;1.2;0.0;0.0
70;2021-01-21;671;3;0;3475;21;0;1.5;0.0;0.0
70;2021-01-22;503;3;0;3978;24;0;1.7;0.0;0.0
70;2021-01-23;250;2;0;4228;26;0;1.8;0.0;0.0
70;2021-01-24;13;0;0;4241;26;0;1.8;0.0;0.0
70;2021-01-25;381;1;0;4622;27;0;2.0;0.0;0.0
70;2021-01-26;367;3;0;4989;30;0;2.1;0.0;0.0
70;2021-01-27;344;14;0;5333;44;0;2.3;0.0;0.0
70;2021-01-28;351;39;0;5684;83;0;2.4;0.0;0.0
70;2021-01-29;329;86;0;6013;169;0;2.6;0.1;0.0
70;2021-01-30;249;20;0;6262;189;0;2.7;0.1;0.0
70;2021-01-31;1;0;0;6263;189;0;2.7;0.1;0.0
70;2021-02-01;260;58;0;6523;247;0;2.8;0.1;0.0
70;2021-02-02;289;127;0;6812;374;0;2.9;0.2;0.0
70;2021-02-03;261;87;0;7073;461;0;3.0;0.2;0.0
70;2021-02-04;287;156;0;7360;617;0;3.2;0.3;0.0
70;2021-02-05;263;117;0;7623;734;0;3.3;0.3;0.0
70;2021-02-06;212;45;0;7835;779;0;3.4;0.3;0.0
70;2021-02-07;0;0;0;7835;779;0;3.4;0.3;0.0
70;2021-02-08;184;249;0;8019;1028;0;3.4;0.4;0.0
70;2021-02-09;211;245;0;8230;1273;0;3.5;0.5;0.0
70;2021-02-10;243;294;0;8473;1567;0;3.6;0.7;0.0
70;2021-02-11;377;365;0;8850;1932;0;3.8;0.8;0.0
70;2021-02-12;227;499;0;9077;2431;0;3.9;1.0;0.0
70;2021-02-13;93;223;0;9170;2654;0;3.9;1.1;0.0
70;2021-02-14;1;31;0;9171;2685;0;3.9;1.2;0.0
70;2021-02-15;82;383;0;9253;3068;0;4.0;1.3;0.0
70;2021-02-16;115;439;0;9368;3507;0;4.0;1.5;0.0
70;2021-02-17;172;361;0;9540;3868;0;4.1;1.7;0.0
70;2021-02-18;213;300;0;9753;4168;0;4.2;1.8;0.0
70;2021-02-19;195;230;0;9948;4398;0;4.3;1.9;0.0
70;2021-02-20;193;91;0;10141;4489;0;4.3;1.9;0.0
70;2021-02-21;3;9;0;10144;4498;0;4.4;1.9;0.0
70;2021-02-22;114;245;0;10258;4743;0;4.4;2.0;0.0
70;2021-02-23;129;271;0;10387;5014;0;4.5;2.2;0.0
70;2021-02-24;157;267;0;10544;5281;0;4.5;2.3;0.0
70;2021-02-25;348;261;0;10892;5542;0;4.7;2.4;0.0
70;2021-02-26;392;184;0;11284;5726;0;4.8;2.5;0.0
70;2021-02-27;157;223;0;11441;5949;0;4.9;2.6;0.0
70;2021-02-28;0;3;0;11441;5952;0;4.9;2.6;0.0
70;2021-03-01;276;254;0;11717;6206;0;5.0;2.7;0.0
70;2021-03-02;497;290;0;12214;6496;0;5.2;2.8;0.0
70;2021-03-03;483;270;0;12697;6766;0;5.4;2.9;0.0
70;2021-03-04;694;296;0;13391;7062;0;5.7;3.0;0.0
70;2021-03-05;787;276;0;14178;7338;0;6.1;3.1;0.0
70;2021-03-06;546;121;0;14724;7459;0;6.3;3.2;0.0
70;2021-03-07;230;24;0;14954;7483;0;6.4;3.2;0.0
70;2021-03-08;563;239;0;15517;7722;0;6.7;3.3;0.0
70;2021-03-09;860;214;0;16377;7936;0;7.0;3.4;0.0
70;2021-03-10;653;213;0;17030;8149;0;7.3;3.5;0.0
70;2021-03-11;785;269;0;17815;8418;0;7.6;3.6;0.0
70;2021-03-12;1055;183;0;18870;8601;0;8.1;3.7;0.0
70;2021-03-13;615;128;0;19485;8729;0;8.4;3.7;0.0
70;2021-03-14;22;4;0;19507;8733;0;8.4;3.7;0.0
70;2021-03-15;748;107;0;20255;8840;0;8.7;3.8;0.0
70;2021-03-16;650;102;0;20905;8942;0;9.0;3.8;0.0
70;2021-03-17;579;179;0;21484;9121;0;9.2;3.9;0.0
70;2021-03-18;645;147;0;22129;9268;0;9.5;4.0;0.0
70;2021-03-19;980;149;0;23109;9417;0;9.9;4.0;0.0
70;2021-03-20;652;187;0;23761;9604;0;10.2;4.1;0.0
70;2021-03-21;13;0;0;23774;9604;0;10.2;4.1;0.0
70;2021-03-22;806;100;0;24580;9704;0;10.5;4.2;0.0
70;2021-03-23;1320;174;0;25900;9878;0;11.1;4.2;0.0
70;2021-03-24;1277;113;0;27177;9991;0;11.7;4.3;0.0
70;2021-03-25;1283;199;0;28460;10190;0;12.2;4.4;0.0
70;2021-03-26;1540;303;0;30000;10493;0;12.9;4.5;0.0
70;2021-03-27;983;123;0;30983;10616;0;13.3;4.6;0.0
70;2021-03-28;10;14;0;30993;10630;0;13.3;4.6;0.0
70;2021-03-29;735;400;0;31728;11030;0;13.6;4.7;0.0
70;2021-03-30;1096;289;0;32824;11319;0;14.1;4.9;0.0
70;2021-03-31;934;310;0;33758;11629;0;14.5;5.0;0.0
70;2021-04-01;1169;414;0;34927;12043;0;15.0;5.2;0.0
70;2021-04-02;1272;329;0;36199;12372;0;15.5;5.3;0.0
70;2021-04-03;617;307;0;36816;12679;0;15.8;5.4;0.0
70;2021-04-04;9;3;0;36825;12682;0;15.8;5.4;0.0
70;2021-04-05;9;2;0;36834;12684;0;15.8;5.4;0.0
70;2021-04-06;822;543;0;37656;13227;0;16.1;5.7;0.0
70;2021-04-07;862;580;0;38518;13807;0;16.5;5.9;0.0
70;2021-04-08;1336;553;0;39854;14360;0;17.1;6.2;0.0
70;2021-04-09;1444;568;0;41298;14928;0;17.7;6.4;0.0
70;2021-04-10;847;319;0;42145;15247;0;18.1;6.5;0.0
70;2021-04-11;32;7;0;42177;15254;0;18.1;6.5;0.0
70;2021-04-12;712;665;0;42889;15919;0;18.4;6.8;0.0
70;2021-04-13;991;778;0;43880;16697;0;18.8;7.2;0.0
70;2021-04-14;857;565;0;44737;17262;0;19.2;7.4;0.0
70;2021-04-15;1161;611;0;45898;17873;0;19.7;7.7;0.0
70;2021-04-16;1269;551;0;47167;18424;0;20.2;7.9;0.0
70;2021-04-17;684;469;0;47851;18893;0;20.5;8.1;0.0
70;2021-04-18;62;6;0;47913;18899;0;20.5;8.1;0.0
70;2021-04-19;577;846;0;48490;19745;0;20.8;8.5;0.0
70;2021-04-20;735;855;0;49225;20600;0;21.1;8.8;0.0
70;2021-04-21;564;902;0;49789;21502;0;21.4;9.2;0.0
70;2021-04-22;843;853;0;50632;22355;0;21.7;9.6;0.0
70;2021-04-23;926;801;0;51558;23156;0;22.1;9.9;0.0
70;2021-04-24;457;650;0;52015;23806;0;22.3;10.2;0.0
70;2021-04-25;18;7;0;52033;23813;0;22.3;10.2;0.0
70;2021-04-26;1064;646;0;53097;24459;0;22.8;10.5;0.0
70;2021-04-27;1219;800;0;54316;25259;0;23.3;10.8;0.0
70;2021-04-28;957;821;0;55273;26080;0;23.7;11.2;0.0
70;2021-04-29;1406;916;0;56679;26996;0;24.3;11.6;0.0
70;2021-04-30;1585;907;0;58264;27903;0;25.0;12.0;0.0
70;2021-05-01;1583;130;0;59847;28033;0;25.7;12.0;0.0
70;2021-05-02;32;5;0;59879;28038;0;25.7;12.0;0.0
70;2021-05-03;1235;570;0;61114;28608;0;26.2;12.3;0.0
70;2021-05-04;1329;797;0;62443;29405;0;26.8;12.6;0.0
70;2021-05-05;1209;886;0;63652;30291;0;27.3;13.0;0.0
70;2021-05-06;1850;1290;0;65502;31581;0;28.1;13.5;0.0
70;2021-05-07;2089;1299;0;67591;32880;0;29.0;14.1;0.0
70;2021-05-08;1224;189;0;68815;33069;0;29.5;14.2;0.0
70;2021-05-09;38;64;0;68853;33133;0;29.5;14.2;0.0
70;2021-05-10;1047;970;0;69900;34103;0;30.0;14.6;0.0
70;2021-05-11;1279;1128;0;71179;35231;0;30.5;15.1;0.0
70;2021-05-12;1206;900;0;72385;36131;0;31.0;15.5;0.0
70;2021-05-13;1552;170;0;73937;36301;0;31.7;15.6;0.0
70;2021-05-14;2094;741;0;76031;37042;0;32.6;15.9;0.0
70;2021-05-15;2367;506;0;78398;37548;0;33.6;16.1;0.0
70;2021-05-16;900;68;0;79298;37616;0;34.0;16.1;0.0
70;2021-05-17;1278;393;0;80576;38009;0;34.6;16.3;0.0
70;2021-05-18;1397;602;0;81973;38611;0;35.2;16.6;0.0
70;2021-05-19;1562;554;0;83535;39165;0;35.8;16.8;0.0
70;2021-05-20;1721;652;0;85256;39817;0;36.6;17.1;0.0
70;2021-05-21;1776;866;0;87032;40683;0;37.3;17.4;0.0
70;2021-05-22;1146;650;0;88178;41333;0;37.8;17.7;0.0
70;2021-05-23;58;19;0;88236;41352;0;37.8;17.7;0.0
70;2021-05-24;236;45;0;88472;41397;0;37.9;17.8;0.0
70;2021-05-25;953;947;0;89425;42344;0;38.3;18.2;0.0
70;2021-05-26;1039;964;0;90464;43308;0;38.8;18.6;0.0
70;2021-05-27;1301;1021;0;91765;44329;0;39.4;19.0;0.0
70;2021-05-28;1510;1217;0;93275;45546;0;40.0;19.5;0.0
70;2021-05-29;1252;579;0;94527;46125;0;40.5;19.8;0.0
70;2021-05-30;10;22;0;94537;46147;0;40.5;19.8;0.0
70;2021-05-31;1007;718;0;95544;46865;0;41.0;20.1;0.0
70;2021-06-01;1282;927;0;96826;47792;0;41.5;20.5;0.0
70;2021-06-02;1144;755;0;97970;48547;0;42.0;20.8;0.0
70;2021-06-03;1343;930;0;99313;49477;0;42.6;21.2;0.0
70;2021-06-04;1387;1181;0;100700;50658;0;43.2;21.7;0.0
70;2021-06-05;960;638;0;101660;51296;0;43.6;22.0;0.0
70;2021-06-06;564;85;0;102224;51381;0;43.8;22.0;0.0
70;2021-06-07;1072;1029;0;103296;52410;0;44.3;22.5;0.0
70;2021-06-08;1299;1219;0;104595;53629;0;44.9;23.0;0.0
70;2021-06-09;1124;982;0;105719;54611;0;45.3;23.4;0.0
70;2021-06-10;1400;903;0;107119;55514;0;45.9;23.8;0.0
70;2021-06-11;1587;1947;0;108706;57461;0;46.6;24.6;0.0
70;2021-06-12;856;1892;0;109562;59353;0;47.0;25.5;0.0
70;2021-06-13;191;28;0;109753;59381;0;47.1;25.5;0.0
70;2021-06-14;549;1241;0;110302;60622;0;47.3;26.0;0.0
70;2021-06-15;546;1470;0;110848;62092;0;47.5;26.6;0.0
70;2021-06-16;718;1383;0;111566;63475;0;47.8;27.2;0.0
70;2021-06-17;1011;2112;0;112577;65587;0;48.3;28.1;0.0
70;2021-06-18;1054;2255;0;113631;67842;0;48.7;29.1;0.0
70;2021-06-19;1060;1524;0;114691;69366;0;49.2;29.7;0.0
70;2021-06-20;11;18;0;114702;69384;0;49.2;29.8;0.0
70;2021-06-21;696;1478;0;115398;70862;0;49.5;30.4;0.0
70;2021-06-22;683;1610;0;116081;72472;0;49.8;31.1;0.0
70;2021-06-23;628;1552;0;116709;74024;0;50.0;31.7;0.0
70;2021-06-24;805;2044;0;117514;76068;0;50.4;32.6;0.0
70;2021-06-25;693;2628;0;118207;78696;0;50.7;33.7;0.0
70;2021-06-26;862;2025;0;119069;80721;0;51.1;34.6;0.0
70;2021-06-27;162;710;0;119231;81431;0;51.1;34.9;0.0
70;2021-06-28;368;1450;0;119599;82881;0;51.3;35.5;0.0
70;2021-06-29;413;1735;0;120012;84616;0;51.5;36.3;0.0
70;2021-06-30;441;1723;0;120453;86339;0;51.7;37.0;0.0
70;2021-07-01;635;1764;0;121088;88103;0;51.9;37.8;0.0
70;2021-07-02;846;1637;0;121934;89740;0;52.3;38.5;0.0
70;2021-07-03;785;1030;0;122719;90770;0;52.6;38.9;0.0
70;2021-07-04;42;95;0;122761;90865;0;52.6;39.0;0.0
70;2021-07-05;616;1111;0;123377;91976;0;52.9;39.4;0.0
70;2021-07-06;687;1382;0;124064;93358;0;53.2;40.0;0.0
70;2021-07-07;531;1430;0;124595;94788;0;53.4;40.6;0.0
70;2021-07-08;733;1495;0;125328;96283;0;53.7;41.3;0.0
70;2021-07-09;848;1745;0;126176;98028;0;54.1;42.0;0.0
70;2021-07-10;744;1040;0;126920;99068;0;54.4;42.5;0.0
70;2021-07-11;18;48;0;126938;99116;0;54.4;42.5;0.0
70;2021-07-12;455;1420;0;127393;100536;0;54.6;43.1;0.0
70;2021-07-13;933;1917;0;128326;102453;0;55.0;43.9;0.0
70;2021-07-14;72;32;0;128398;102485;0;55.1;43.9;0.0
70;2021-07-15;1296;1676;0;129694;104161;0;55.6;44.7;0.0
70;2021-07-16;1601;2078;0;131295;106239;0;56.3;45.6;0.0
70;2021-07-17;1354;1420;0;132649;107659;0;56.9;46.2;0.0
70;2021-07-18;853;618;0;133502;108277;0;57.2;46.4;0.0
70;2021-07-19;933;1147;0;134435;109424;0;57.6;46.9;0.0
70;2021-07-20;1321;1413;0;135756;110837;0;58.2;47.5;0.0
70;2021-07-21;1224;1352;0;136980;112189;0;58.7;48.1;0.0
70;2021-07-22;1677;1629;0;138657;113818;0;59.5;48.8;0.0
70;2021-07-23;1576;2325;0;140233;116143;0;60.1;49.8;0.0
70;2021-07-24;1245;1745;0;141478;117888;0;60.7;50.6;0.0
70;2021-07-25;83;69;0;141561;117957;0;60.7;50.6;0.0
70;2021-07-26;1121;1043;0;142682;119000;0;61.2;51.0;0.0
70;2021-07-27;1406;1000;0;144088;120000;0;61.8;51.5;0.0
70;2021-07-28;1316;1068;0;145404;121068;0;62.4;51.9;0.0
70;2021-07-29;1723;1239;0;147127;122307;0;63.1;52.4;0.0
70;2021-07-30;1893;1324;0;149020;123631;0;63.9;53.0;0.0
70;2021-07-31;1583;1062;0;150603;124693;0;64.6;53.5;0.0
70;2021-08-01;114;17;0;150717;124710;0;64.6;53.5;0.0
70;2021-08-02;803;752;0;151520;125462;0;65.0;53.8;0.0
70;2021-08-03;1287;1036;0;152807;126498;0;65.5;54.2;0.0
70;2021-08-04;1099;857;0;153906;127355;0;66.0;54.6;0.0
70;2021-08-05;1426;1071;0;155332;128426;0;66.6;55.1;0.0
70;2021-08-06;1598;1308;0;156930;129734;0;67.3;55.6;0.0
70;2021-08-07;1040;972;0;157970;130706;0;67.7;56.1;0.0
70;2021-08-08;50;79;0;158020;130785;0;67.8;56.1;0.0
70;2021-08-09;544;830;0;158564;131615;0;68.0;56.4;0.0
70;2021-08-10;882;1195;0;159446;132810;0;68.4;57.0;0.0
70;2021-08-11;724;783;0;160170;133593;0;68.7;57.3;0.0
70;2021-08-12;830;1241;0;161000;134834;0;69.0;57.8;0.0
70;2021-08-13;968;1530;0;161968;136364;0;69.5;58.5;0.0
70;2021-08-14;684;955;0;162652;137319;0;69.7;58.9;0.0
70;2021-08-15;43;36;0;162695;137355;0;69.8;58.9;0.0
70;2021-08-16;541;936;0;163236;138291;0;70.0;59.3;0.0
70;2021-08-17;625;1294;0;163861;139585;0;70.3;59.9;0.0
70;2021-08-18;486;948;0;164347;140533;0;70.5;60.3;0.0
70;2021-08-19;511;1309;0;164858;141842;0;70.7;60.8;0.0
70;2021-08-20;493;1872;0;165351;143714;0;70.9;61.6;0.0
70;2021-08-21;409;1108;0;165760;144822;0;71.1;62.1;0.0
70;2021-08-22;22;109;0;165782;144931;0;71.1;62.2;0.0
70;2021-08-23;305;951;0;166087;145882;0;71.2;62.6;0.0
70;2021-08-24;377;1361;0;166464;147243;0;71.4;63.1;0.0
70;2021-08-25;321;1245;0;166785;148488;0;71.5;63.7;0.0
70;2021-08-26;418;1397;0;167203;149885;0;71.7;64.3;0.0
70;2021-08-27;395;1993;0;167598;151878;0;71.9;65.1;0.0
70;2021-08-28;351;1529;0;167949;153407;0;72.0;65.8;0.0
70;2021-08-29;19;45;0;167968;153452;0;72.0;65.8;0.0
70;2021-08-30;302;814;3;168270;154266;3;72.2;66.2;0.0
70;2021-08-31;357;1128;11;168627;155394;14;72.3;66.6;0.0
70;2021-09-01;309;886;200;168936;156280;214;72.4;67.0;0.1
70;2021-09-02;282;981;166;169218;157261;380;72.6;67.4;0.2
70;2021-09-03;296;1023;187;169514;158284;567;72.7;67.9;0.2
70;2021-09-04;453;1022;136;169967;159306;703;72.9;68.3;0.3
70;2021-09-05;23;33;9;169990;159339;712;72.9;68.3;0.3
70;2021-09-06;155;594;97;170145;159933;809;73.0;68.6;0.3
70;2021-09-07;202;730;135;170347;160663;944;73.0;68.9;0.4
70;2021-09-08;192;756;102;170539;161419;1046;73.1;69.2;0.4
70;2021-09-09;181;675;138;170720;162094;1184;73.2;69.5;0.5
70;2021-09-10;254;783;124;170974;162877;1308;73.3;69.8;0.6
70;2021-09-11;288;800;82;171262;163677;1390;73.4;70.2;0.6
70;2021-09-12;19;44;6;171281;163721;1396;73.5;70.2;0.6
70;2021-09-13;165;369;156;171446;164090;1552;73.5;70.4;0.7
70;2021-09-14;321;400;158;171767;164490;1710;73.7;70.5;0.7
70;2021-09-15;184;485;138;171951;164975;1848;73.7;70.7;0.8
70;2021-09-16;233;386;177;172184;165361;2025;73.8;70.9;0.9
70;2021-09-17;228;483;122;172412;165844;2147;73.9;71.1;0.9
70;2021-09-18;163;434;80;172575;166278;2227;74.0;71.3;1.0
70;2021-09-19;3;23;0;172578;166301;2227;74.0;71.3;1.0
70;2021-09-20;101;212;123;172679;166513;2350;74.0;71.4;1.0
70;2021-09-21;151;275;148;172830;166788;2498;74.1;71.5;1.1
70;2021-09-22;99;347;130;172929;167135;2628;74.2;71.7;1.1
70;2021-09-23;68;207;203;172997;167342;2831;74.2;71.8;1.2
70;2021-09-24;189;394;162;173186;167736;2993;74.3;71.9;1.3
70;2021-09-25;136;462;115;173322;168198;3108;74.3;72.1;1.3
70;2021-09-26;2;6;0;173324;168204;3108;74.3;72.1;1.3
70;2021-09-27;58;209;104;173382;168413;3212;74.4;72.2;1.4
70;2021-09-28;79;191;235;173461;168604;3447;74.4;72.3;1.5
70;2021-09-29;102;242;154;173563;168846;3601;74.4;72.4;1.5
70;2021-09-30;101;168;235;173664;169014;3836;74.5;72.5;1.6
70;2021-10-01;137;267;222;173801;169281;4058;74.5;72.6;1.7
70;2021-10-02;116;304;152;173917;169585;4210;74.6;72.7;1.8
70;2021-10-03;2;2;2;173919;169587;4212;74.6;72.7;1.8
70;2021-10-04;79;168;185;173998;169755;4397;74.6;72.8;1.9
70;2021-10-05;87;283;228;174085;170038;4625;74.7;72.9;2.0
70;2021-10-06;127;216;237;174212;170254;4862;74.7;73.0;2.1
70;2021-10-07;89;210;301;174301;170464;5163;74.7;73.1;2.2
70;2021-10-08;151;247;329;174452;170711;5492;74.8;73.2;2.4
70;2021-10-09;140;293;170;174592;171004;5662;74.9;73.3;2.4
70;2021-10-10;4;4;15;174596;171008;5677;74.9;73.3;2.4
70;2021-10-11;72;119;194;174668;171127;5871;74.9;73.4;2.5
70;2021-10-12;50;117;266;174718;171244;6137;74.9;73.4;2.6
70;2021-10-13;99;176;342;174817;171420;6479;75.0;73.5;2.8
70;2021-10-14;53;116;197;174870;171536;6676;75.0;73.6;2.9
70;2021-10-15;153;207;373;175023;171743;7049;75.1;73.6;3.0
70;2021-10-16;131;165;255;175154;171908;7304;75.1;73.7;3.1
70;2021-10-17;4;12;0;175158;171920;7304;75.1;73.7;3.1
70;2021-10-18;55;100;209;175213;172020;7513;75.1;73.8;3.2
70;2021-10-19;78;83;339;175291;172103;7852;75.2;73.8;3.4
70;2021-10-20;106;137;364;175397;172240;8216;75.2;73.9;3.5
70;2021-10-21;55;92;386;175452;172332;8602;75.2;73.9;3.7
70;2021-10-22;96;139;569;175548;172471;9171;75.3;74.0;3.9
70;2021-10-23;127;166;281;175675;172637;9452;75.3;74.0;4.1
70;2021-10-24;2;2;1;175677;172639;9453;75.3;74.0;4.1
70;2021-10-25;51;78;308;175728;172717;9761;75.4;74.1;4.2
70;2021-10-26;53;88;321;175781;172805;10082;75.4;74.1;4.3
70;2021-10-27;80;122;443;175861;172927;10525;75.4;74.2;4.5
70;2021-10-28;44;70;240;175905;172997;10765;75.4;74.2;4.6
70;2021-10-29;107;140;460;176012;173137;11225;75.5;74.2;4.8
70;2021-10-30;70;131;247;176082;173268;11472;75.5;74.3;4.9
70;2021-10-31;1;2;0;176083;173270;11472;75.5;74.3;4.9
70;2021-11-01;5;5;1;176088;173275;11473;75.5;74.3;4.9
70;2021-11-02;67;103;429;176155;173378;11902;75.5;74.3;5.1
70;2021-11-03;83;129;585;176238;173507;12487;75.6;74.4;5.4
70;2021-11-04;38;44;332;176276;173551;12819;75.6;74.4;5.5
70;2021-11-05;97;144;863;176373;173695;13682;75.6;74.5;5.9
70;2021-11-06;103;143;495;176476;173838;14177;75.7;74.5;6.1
70;2021-11-07;1;4;0;176477;173842;14177;75.7;74.5;6.1
70;2021-11-08;43;71;562;176520;173913;14739;75.7;74.6;6.3
70;2021-11-09;46;77;703;176566;173990;15442;75.7;74.6;6.6
70;2021-11-10;86;127;836;176652;174117;16278;75.8;74.7;7.0
70;2021-11-11;0;5;5;176652;174122;16283;75.8;74.7;7.0
70;2021-11-12;104;134;891;176756;174256;17174;75.8;74.7;7.4
70;2021-11-13;99;148;708;176855;174404;17882;75.8;74.8;7.7
70;2021-11-14;3;6;7;176858;174410;17889;75.8;74.8;7.7
70;2021-11-15;38;44;679;176896;174454;18568;75.9;74.8;8.0
70;2021-11-16;35;38;669;176931;174492;19237;75.9;74.8;8.2
70;2021-11-17;93;117;1043;177024;174609;20280;75.9;74.9;8.7
70;2021-11-18;43;63;719;177067;174672;20999;75.9;74.9;9.0
70;2021-11-19;104;109;994;177171;174781;21993;76.0;75.0;9.4
70;2021-11-20;124;106;590;177295;174887;22583;76.0;75.0;9.7
70;2021-11-21;0;3;2;177295;174890;22585;76.0;75.0;9.7
70;2021-11-22;45;34;780;177340;174924;23365;76.0;75.0;10.0
70;2021-11-23;42;45;900;177382;174969;24265;76.1;75.0;10.4
70;2021-11-24;93;98;1187;177475;175067;25452;76.1;75.1;10.9
70;2021-11-25;62;55;768;177537;175122;26220;76.1;75.1;11.2
70;2021-11-26;108;98;1679;177645;175220;27899;76.2;75.1;12.0
70;2021-11-27;115;134;1034;177760;175354;28933;76.2;75.2;12.4
70;2021-11-28;1;2;47;177761;175356;28980;76.2;75.2;12.4
70;2021-11-29;22;41;1130;177783;175397;30110;76.2;75.2;12.9
70;2021-11-30;70;51;1811;177853;175448;31921;76.3;75.2;13.7
70;2021-12-01;81;106;1787;177934;175554;33708;76.3;75.3;14.5
70;2021-12-02;55;35;2154;177989;175589;35862;76.3;75.3;15.4
70;2021-12-03;67;103;2604;178056;175692;38466;76.4;75.3;16.5
70;2021-12-04;80;101;1985;178136;175793;40451;76.4;75.4;17.3
70;2021-12-05;22;11;441;178158;175804;40892;76.4;75.4;17.5
70;2021-12-06;33;61;1503;178191;175865;42395;76.4;75.4;18.2
70;2021-12-07;73;40;2616;178264;175905;45011;76.4;75.4;19.3
70;2021-12-08;57;90;2293;178321;175995;47304;76.5;75.5;20.3
70;2021-12-09;46;75;2946;178367;176070;50250;76.5;75.5;21.5
71;2020-12-27;1;0;0;1;0;0;0.0;0.0;0.0
71;2020-12-28;6;0;0;7;0;0;0.0;0.0;0.0
71;2020-12-29;2;0;0;9;0;0;0.0;0.0;0.0
71;2020-12-30;0;0;0;9;0;0;0.0;0.0;0.0
71;2020-12-31;0;0;0;9;0;0;0.0;0.0;0.0
71;2021-01-01;83;0;0;92;0;0;0.0;0.0;0.0
71;2021-01-02;7;0;0;99;0;0;0.0;0.0;0.0
71;2021-01-03;0;0;0;99;0;0;0.0;0.0;0.0
71;2021-01-04;3;0;0;102;0;0;0.0;0.0;0.0
71;2021-01-05;15;1;0;117;1;0;0.0;0.0;0.0
71;2021-01-06;75;0;0;192;1;0;0.0;0.0;0.0
71;2021-01-07;78;1;0;270;2;0;0.0;0.0;0.0
71;2021-01-08;152;0;0;422;2;0;0.1;0.0;0.0
71;2021-01-09;93;0;0;515;2;0;0.1;0.0;0.0
71;2021-01-10;1;0;0;516;2;0;0.1;0.0;0.0
71;2021-01-11;237;0;0;753;2;0;0.1;0.0;0.0
71;2021-01-12;770;1;0;1523;3;0;0.3;0.0;0.0
71;2021-01-13;549;2;0;2072;5;0;0.4;0.0;0.0
71;2021-01-14;590;7;0;2662;12;0;0.5;0.0;0.0
71;2021-01-15;641;2;0;3303;14;0;0.6;0.0;0.0
71;2021-01-16;23;0;0;3326;14;0;0.6;0.0;0.0
71;2021-01-17;3;0;0;3329;14;0;0.6;0.0;0.0
71;2021-01-18;954;5;0;4283;19;0;0.8;0.0;0.0
71;2021-01-19;1576;7;0;5859;26;0;1.1;0.0;0.0
71;2021-01-20;1493;8;0;7352;34;0;1.3;0.0;0.0
71;2021-01-21;1913;15;0;9265;49;0;1.7;0.0;0.0
71;2021-01-22;1348;4;0;10613;53;0;1.9;0.0;0.0
71;2021-01-23;772;6;0;11385;59;0;2.1;0.0;0.0
71;2021-01-24;2;0;0;11387;59;0;2.1;0.0;0.0
71;2021-01-25;1009;7;0;12396;66;0;2.3;0.0;0.0
71;2021-01-26;1535;28;0;13931;94;0;2.5;0.0;0.0
71;2021-01-27;1166;33;0;15097;127;0;2.8;0.0;0.0
71;2021-01-28;1092;100;0;16189;227;0;3.0;0.0;0.0
71;2021-01-29;1026;137;0;17215;364;0;3.1;0.1;0.0
71;2021-01-30;584;2;0;17799;366;0;3.2;0.1;0.0
71;2021-01-31;5;15;0;17804;381;0;3.2;0.1;0.0
71;2021-02-01;747;210;0;18551;591;0;3.4;0.1;0.0
71;2021-02-02;780;332;0;19331;923;0;3.5;0.2;0.0
71;2021-02-03;763;400;0;20094;1323;0;3.7;0.2;0.0
71;2021-02-04;736;568;0;20830;1891;0;3.8;0.3;0.0
71;2021-02-05;703;502;0;21533;2393;0;3.9;0.4;0.0
71;2021-02-06;513;21;0;22046;2414;0;4.0;0.4;0.0
71;2021-02-07;3;46;0;22049;2460;0;4.0;0.4;0.0
71;2021-02-08;605;628;0;22654;3088;0;4.1;0.6;0.0
71;2021-02-09;385;971;0;23039;4059;0;4.2;0.7;0.0
71;2021-02-10;419;937;0;23458;4996;0;4.3;0.9;0.0
71;2021-02-11;513;1205;0;23971;6201;0;4.4;1.1;0.0
71;2021-02-12;543;1006;0;24514;7207;0;4.5;1.3;0.0
71;2021-02-13;146;509;0;24660;7716;0;4.5;1.4;0.0
71;2021-02-14;8;4;0;24668;7720;0;4.5;1.4;0.0
71;2021-02-15;310;875;0;24978;8595;0;4.6;1.6;0.0
71;2021-02-16;386;1332;0;25364;9927;0;4.6;1.8;0.0
71;2021-02-17;437;1103;0;25801;11030;0;4.7;2.0;0.0
71;2021-02-18;499;878;0;26300;11908;0;4.8;2.2;0.0
71;2021-02-19;525;747;0;26825;12655;0;4.9;2.3;0.0
71;2021-02-20;221;368;0;27046;13023;0;4.9;2.4;0.0
71;2021-02-21;0;11;0;27046;13034;0;4.9;2.4;0.0
71;2021-02-22;227;856;0;27273;13890;0;5.0;2.5;0.0
71;2021-02-23;448;951;0;27721;14841;0;5.1;2.7;0.0
71;2021-02-24;444;761;0;28165;15602;0;5.1;2.8;0.0
71;2021-02-25;530;756;0;28695;16358;0;5.2;3.0;0.0
71;2021-02-26;845;568;0;29540;16926;0;5.4;3.1;0.0
71;2021-02-27;468;339;0;30008;17265;0;5.5;3.2;0.0
71;2021-02-28;56;17;0;30064;17282;0;5.5;3.2;0.0
71;2021-03-01;1139;702;0;31203;17984;0;5.7;3.3;0.0
71;2021-03-02;1509;716;0;32712;18700;0;6.0;3.4;0.0
71;2021-03-03;1750;756;0;34462;19456;0;6.3;3.6;0.0
71;2021-03-04;1996;822;0;36458;20278;0;6.7;3.7;0.0
71;2021-03-05;2253;681;0;38711;20959;0;7.1;3.8;0.0
71;2021-03-06;794;74;0;39505;21033;0;7.2;3.8;0.0
71;2021-03-07;74;13;0;39579;21046;0;7.2;3.8;0.0
71;2021-03-08;1424;798;0;41003;21844;0;7.5;4.0;0.0
71;2021-03-09;2112;593;0;43115;22437;0;7.9;4.1;0.0
71;2021-03-10;2122;460;0;45237;22897;0;8.3;4.2;0.0
71;2021-03-11;2580;679;0;47817;23576;0;8.7;4.3;0.0
71;2021-03-12;2534;610;0;50351;24186;0;9.2;4.4;0.0
71;2021-03-13;1083;106;0;51434;24292;0;9.4;4.4;0.0
71;2021-03-14;58;8;0;51492;24300;0;9.4;4.4;0.0
71;2021-03-15;1774;477;0;53266;24777;0;9.7;4.5;0.0
71;2021-03-16;1767;215;0;55033;24992;0;10.0;4.6;0.0
71;2021-03-17;2080;259;0;57113;25251;0;10.4;4.6;0.0
71;2021-03-18;1891;454;0;59004;25705;0;10.8;4.7;0.0
71;2021-03-19;2321;327;0;61325;26032;0;11.2;4.8;0.0
71;2021-03-20;1029;51;0;62354;26083;0;11.4;4.8;0.0
71;2021-03-21;25;4;0;62379;26087;0;11.4;4.8;0.0
71;2021-03-22;2447;372;0;64826;26459;0;11.8;4.8;0.0
71;2021-03-23;3285;486;0;68111;26945;0;12.4;4.9;0.0
71;2021-03-24;3186;454;0;71297;27399;0;13.0;5.0;0.0
71;2021-03-25;3866;555;0;75163;27954;0;13.7;5.1;0.0
71;2021-03-26;3809;333;0;78972;28287;0;14.4;5.2;0.0
71;2021-03-27;937;101;0;79909;28388;0;14.6;5.2;0.0
71;2021-03-28;75;11;0;79984;28399;0;14.6;5.2;0.0
71;2021-03-29;2321;1112;0;82305;29511;0;15.0;5.4;0.0
71;2021-03-30;2999;1310;0;85304;30821;0;15.6;5.6;0.0
71;2021-03-31;2450;1495;0;87754;32316;0;16.0;5.9;0.0
71;2021-04-01;2644;1281;0;90398;33597;0;16.5;6.1;0.0
71;2021-04-02;2384;1403;0;92782;35000;0;16.9;6.4;0.0
71;2021-04-03;297;48;0;93079;35048;0;17.0;6.4;0.0
71;2021-04-04;22;8;0;93101;35056;0;17.0;6.4;0.0
71;2021-04-05;92;2;0;93193;35058;0;17.0;6.4;0.0
71;2021-04-06;2094;1826;0;95287;36884;0;17.4;6.7;0.0
71;2021-04-07;2275;1741;0;97562;38625;0;17.8;7.1;0.0
71;2021-04-08;3157;1755;0;100719;40380;0;18.4;7.4;0.0
71;2021-04-09;3869;1619;0;104588;41999;0;19.1;7.7;0.0
71;2021-04-10;829;96;0;105417;42095;0;19.2;7.7;0.0
71;2021-04-11;108;12;0;105525;42107;0;19.3;7.7;0.0
71;2021-04-12;2277;1671;0;107802;43778;0;19.7;8.0;0.0
71;2021-04-13;2526;1834;0;110328;45612;0;20.1;8.3;0.0
71;2021-04-14;2316;1904;0;112644;47516;0;20.6;8.7;0.0
71;2021-04-15;2701;1652;0;115345;49168;0;21.1;9.0;0.0
71;2021-04-16;2564;1668;0;117909;50836;0;21.5;9.3;0.0
71;2021-04-17;947;356;0;118856;51192;0;21.7;9.3;0.0
71;2021-04-18;126;20;0;118982;51212;0;21.7;9.3;0.0
71;2021-04-19;1634;2361;0;120616;53573;0;22.0;9.8;0.0
71;2021-04-20;2102;2433;0;122718;56006;0;22.4;10.2;0.0
71;2021-04-21;2008;2372;0;124726;58378;0;22.8;10.7;0.0
71;2021-04-22;2370;2253;0;127096;60631;0;23.2;11.1;0.0
71;2021-04-23;2692;2088;0;129788;62719;0;23.7;11.4;0.0
71;2021-04-24;572;103;0;130360;62822;0;23.8;11.5;0.0
71;2021-04-25;42;7;0;130402;62829;0;23.8;11.5;0.0
71;2021-04-26;2276;1990;0;132678;64819;0;24.2;11.8;0.0
71;2021-04-27;2816;2178;0;135494;66997;0;24.7;12.2;0.0
71;2021-04-28;2893;2099;0;138387;69096;0;25.3;12.6;0.0
71;2021-04-29;3530;2105;0;141917;71201;0;25.9;13.0;0.0
71;2021-04-30;3688;1595;0;145605;72796;0;26.6;13.3;0.0
71;2021-05-01;136;64;0;145741;72860;0;26.6;13.3;0.0
71;2021-05-02;57;33;0;145798;72893;0;26.6;13.3;0.0
71;2021-05-03;3913;1406;0;149711;74299;0;27.3;13.6;0.0
71;2021-05-04;2764;2243;0;152475;76542;0;27.8;14.0;0.0
71;2021-05-05;3169;1979;0;155644;78521;0;28.4;14.3;0.0
71;2021-05-06;3357;2202;0;159001;80723;0;29.0;14.7;0.0
71;2021-05-07;3419;2619;0;162420;83342;0;29.6;15.2;0.0
71;2021-05-08;309;220;0;162729;83562;0;29.7;15.3;0.0
71;2021-05-09;93;56;0;162822;83618;0;29.7;15.3;0.0
71;2021-05-10;3358;2196;0;166180;85814;0;30.3;15.7;0.0
71;2021-05-11;4226;2257;0;170406;88071;0;31.1;16.1;0.0
71;2021-05-12;3778;2427;0;174184;90498;0;31.8;16.5;0.0
71;2021-05-13;1541;176;0;175725;90674;0;32.1;16.6;0.0
71;2021-05-14;3639;2034;0;179364;92708;0;32.7;16.9;0.0
71;2021-05-15;652;336;0;180016;93044;0;32.9;17.0;0.0
71;2021-05-16;86;17;0;180102;93061;0;32.9;17.0;0.0
71;2021-05-17;3699;1768;0;183801;94829;0;33.6;17.3;0.0
71;2021-05-18;3359;2288;0;187160;97117;0;34.2;17.7;0.0
71;2021-05-19;3763;2153;0;190923;99270;0;34.9;18.1;0.0
71;2021-05-20;4300;2176;0;195223;101446;0;35.6;18.5;0.0
71;2021-05-21;3765;2396;0;198988;103842;0;36.3;19.0;0.0
71;2021-05-22;630;369;0;199618;104211;0;36.4;19.0;0.0
71;2021-05-23;100;60;0;199718;104271;0;36.5;19.0;0.0
71;2021-05-24;399;144;0;200117;104415;0;36.5;19.1;0.0
71;2021-05-25;2714;2898;0;202831;107313;0;37.0;19.6;0.0
71;2021-05-26;3087;2321;0;205918;109634;0;37.6;20.0;0.0
71;2021-05-27;3554;2414;0;209472;112048;0;38.2;20.5;0.0
71;2021-05-28;2980;3001;0;212452;115049;0;38.8;21.0;0.0
71;2021-05-29;890;719;0;213342;115768;0;38.9;21.1;0.0
71;2021-05-30;127;82;0;213469;115850;0;39.0;21.1;0.0
71;2021-05-31;2753;3230;0;216222;119080;0;39.5;21.7;0.0
71;2021-06-01;3515;3389;0;219737;122469;0;40.1;22.4;0.0
71;2021-06-02;3833;2537;0;223570;125006;0;40.8;22.8;0.0
71;2021-06-03;4144;2436;0;227714;127442;0;41.6;23.3;0.0
71;2021-06-04;3676;3432;0;231390;130874;0;42.2;23.9;0.0
71;2021-06-05;1118;729;0;232508;131603;0;42.4;24.0;0.0
71;2021-06-06;138;103;0;232646;131706;0;42.5;24.0;0.0
71;2021-06-07;3187;3702;0;235833;135408;0;43.0;24.7;0.0
71;2021-06-08;3791;3649;0;239624;139057;0;43.7;25.4;0.0
71;2021-06-09;4403;2616;0;244027;141673;0;44.5;25.9;0.0
71;2021-06-10;4919;2718;0;248946;144391;0;45.4;26.4;0.0
71;2021-06-11;4121;3511;0;253067;147902;0;46.2;27.0;0.0
71;2021-06-12;1063;685;0;254130;148587;0;46.4;27.1;0.0
71;2021-06-13;153;200;0;254283;148787;0;46.4;27.2;0.0
71;2021-06-14;3174;3555;0;257457;152342;0;47.0;27.8;0.0
71;2021-06-15;3808;3345;0;261265;155687;0;47.7;28.4;0.0
71;2021-06-16;4183;2617;0;265448;158304;0;48.5;28.9;0.0
71;2021-06-17;3977;2914;0;269425;161218;0;49.2;29.4;0.0
71;2021-06-18;3956;3477;0;273381;164695;0;49.9;30.1;0.0
71;2021-06-19;1292;839;0;274673;165534;0;50.1;30.2;0.0
71;2021-06-20;70;70;0;274743;165604;0;50.2;30.2;0.0
71;2021-06-21;2035;3930;0;276778;169534;0;50.5;30.9;0.0
71;2021-06-22;2448;4192;0;279226;173726;0;51.0;31.7;0.0
71;2021-06-23;2868;3307;0;282094;177033;0;51.5;32.3;0.0
71;2021-06-24;3107;2897;0;285201;179930;0;52.1;32.8;0.0
71;2021-06-25;2455;4351;0;287656;184281;0;52.5;33.6;0.0
71;2021-06-26;503;1006;0;288159;185287;0;52.6;33.8;0.0
71;2021-06-27;60;121;0;288219;185408;0;52.6;33.8;0.0
71;2021-06-28;1446;4404;0;289665;189812;0;52.9;34.6;0.0
71;2021-06-29;1837;4598;0;291502;194410;0;53.2;35.5;0.0
71;2021-06-30;2300;3859;0;293802;198269;0;53.6;36.2;0.0
71;2021-07-01;2503;3814;0;296305;202083;0;54.1;36.9;0.0
71;2021-07-02;2722;3928;0;299027;206011;0;54.6;37.6;0.0
71;2021-07-03;403;1090;0;299430;207101;0;54.7;37.8;0.0
71;2021-07-04;51;192;0;299481;207293;0;54.7;37.8;0.0
71;2021-07-05;2135;4179;0;301616;211472;0;55.1;38.6;0.0
71;2021-07-06;2137;4355;0;303753;215827;0;55.4;39.4;0.0
71;2021-07-07;2569;3579;0;306322;219406;0;55.9;40.1;0.0
71;2021-07-08;2447;3976;0;308769;223382;0;56.4;40.8;0.0
71;2021-07-09;2119;4763;0;310888;228145;0;56.7;41.6;0.0
71;2021-07-10;363;1000;0;311251;229145;0;56.8;41.8;0.0
71;2021-07-11;60;118;0;311311;229263;0;56.8;41.8;0.0
71;2021-07-12;1764;4971;0;313075;234234;0;57.1;42.8;0.0
71;2021-07-13;2416;5456;0;315491;239690;0;57.6;43.8;0.0
71;2021-07-14;1035;470;0;316526;240160;0;57.8;43.8;0.0
71;2021-07-15;2809;5363;0;319335;245523;0;58.3;44.8;0.0
71;2021-07-16;3397;5676;0;322732;251199;0;58.9;45.9;0.0
71;2021-07-17;982;1280;0;323714;252479;0;59.1;46.1;0.0
71;2021-07-18;162;176;0;323876;252655;0;59.1;46.1;0.0
71;2021-07-19;2864;5238;0;326740;257893;0;59.6;47.1;0.0
71;2021-07-20;3256;5562;0;329996;263455;0;60.2;48.1;0.0
71;2021-07-21;3524;5110;0;333520;268565;0;60.9;49.0;0.0
71;2021-07-22;3836;5024;0;337356;273589;0;61.6;49.9;0.0
71;2021-07-23;3273;5646;0;340629;279235;0;62.2;51.0;0.0
71;2021-07-24;1055;1072;0;341684;280307;0;62.4;51.2;0.0
71;2021-07-25;253;153;0;341937;280460;0;62.4;51.2;0.0
71;2021-07-26;3455;4468;0;345392;284928;0;63.0;52.0;0.0
71;2021-07-27;3943;4556;0;349335;289484;0;63.8;52.8;0.0
71;2021-07-28;4172;4407;0;353507;293891;0;64.5;53.6;0.0
71;2021-07-29;4112;4305;0;357619;298196;0;65.3;54.4;0.0
71;2021-07-30;4115;4474;0;361734;302670;0;66.0;55.2;0.0
71;2021-07-31;1043;897;0;362777;303567;0;66.2;55.4;0.0
71;2021-08-01;221;105;0;362998;303672;0;66.3;55.4;0.0
71;2021-08-02;3768;3393;0;366766;307065;0;66.9;56.1;0.0
71;2021-08-03;4078;3518;0;370844;310583;0;67.7;56.7;0.0
71;2021-08-04;4055;2823;0;374899;313406;0;68.4;57.2;0.0
71;2021-08-05;3926;3092;0;378825;316498;0;69.2;57.8;0.0
71;2021-08-06;3499;3836;0;382324;320334;0;69.8;58.5;0.0
71;2021-08-07;669;684;0;382993;321018;0;69.9;58.6;0.0
71;2021-08-08;108;119;0;383101;321137;0;69.9;58.6;0.0
71;2021-08-09;2617;3057;0;385718;324194;0;70.4;59.2;0.0
71;2021-08-10;2761;3143;0;388479;327337;0;70.9;59.8;0.0
71;2021-08-11;2896;3007;0;391375;330344;0;71.4;60.3;0.0
71;2021-08-12;2772;3040;0;394147;333384;0;71.9;60.9;0.0
71;2021-08-13;2476;3186;0;396623;336570;0;72.4;61.4;0.0
71;2021-08-14;369;779;0;396992;337349;0;72.5;61.6;0.0
71;2021-08-15;71;185;0;397063;337534;0;72.5;61.6;0.0
71;2021-08-16;1487;3219;0;398550;340753;0;72.8;62.2;0.0
71;2021-08-17;1580;3094;0;400130;343847;0;73.0;62.8;0.0
71;2021-08-18;1359;2980;0;401489;346827;0;73.3;63.3;0.0
71;2021-08-19;1226;2827;0;402715;349654;0;73.5;63.8;0.0
71;2021-08-20;1203;3591;0;403918;353245;0;73.7;64.5;0.0
71;2021-08-21;211;721;0;404129;353966;0;73.8;64.6;0.0
71;2021-08-22;62;148;0;404191;354114;0;73.8;64.6;0.0
71;2021-08-23;1248;4227;0;405439;358341;0;74.0;65.4;0.0
71;2021-08-24;1187;3534;0;406626;361875;0;74.2;66.1;0.0
71;2021-08-25;881;3588;0;407507;365463;0;74.4;66.7;0.0
71;2021-08-26;894;3251;0;408401;368714;0;74.5;67.3;0.0
71;2021-08-27;1045;4153;0;409446;372867;0;74.7;68.1;0.0
71;2021-08-28;236;641;0;409682;373508;0;74.8;68.2;0.0
71;2021-08-29;37;154;0;409719;373662;0;74.8;68.2;0.0
71;2021-08-30;1092;3506;50;410811;377168;50;75.0;68.8;0.0
71;2021-08-31;907;3117;158;411718;380285;208;75.2;69.4;0.0
71;2021-09-01;897;3122;313;412615;383407;521;75.3;70.0;0.1
71;2021-09-02;609;2664;292;413224;386071;813;75.4;70.5;0.1
71;2021-09-03;811;3469;376;414035;389540;1189;75.6;71.1;0.2
71;2021-09-04;302;692;66;414337;390232;1255;75.6;71.2;0.2
71;2021-09-05;30;104;8;414367;390336;1263;75.6;71.3;0.2
71;2021-09-06;597;2083;403;414964;392419;1666;75.7;71.6;0.3
71;2021-09-07;504;1575;537;415468;393994;2203;75.8;71.9;0.4
71;2021-09-08;656;2028;413;416124;396022;2616;76.0;72.3;0.5
71;2021-09-09;441;1254;559;416565;397276;3175;76.0;72.5;0.6
71;2021-09-10;750;1956;616;417315;399232;3791;76.2;72.9;0.7
71;2021-09-11;232;409;68;417547;399641;3859;76.2;73.0;0.7
71;2021-09-12;27;51;13;417574;399692;3872;76.2;73.0;0.7
71;2021-09-13;611;1213;346;418185;400905;4218;76.3;73.2;0.8
71;2021-09-14;481;978;506;418666;401883;4724;76.4;73.4;0.9
71;2021-09-15;576;1388;564;419242;403271;5288;76.5;73.6;1.0
71;2021-09-16;448;806;525;419690;404077;5813;76.6;73.8;1.1
71;2021-09-17;524;1302;588;420214;405379;6401;76.7;74.0;1.2
71;2021-09-18;159;324;119;420373;405703;6520;76.7;74.1;1.2
71;2021-09-19;16;35;9;420389;405738;6529;76.7;74.1;1.2
71;2021-09-20;433;817;529;420822;406555;7058;76.8;74.2;1.3
71;2021-09-21;273;644;705;421095;407199;7763;76.9;74.3;1.4
71;2021-09-22;310;1181;600;421405;408380;8363;76.9;74.5;1.5
71;2021-09-23;279;568;534;421684;408948;8897;77.0;74.6;1.6
71;2021-09-24;348;945;562;422032;409893;9459;77.0;74.8;1.7
71;2021-09-25;78;238;62;422110;410131;9521;77.1;74.9;1.7
71;2021-09-26;10;40;4;422120;410171;9525;77.1;74.9;1.7
71;2021-09-27;272;678;601;422392;410849;10126;77.1;75.0;1.8
71;2021-09-28;274;453;704;422666;411302;10830;77.2;75.1;2.0
71;2021-09-29;306;703;667;422972;412005;11497;77.2;75.2;2.1
71;2021-09-30;209;478;722;423181;412483;12219;77.2;75.3;2.2
71;2021-10-01;392;807;966;423573;413290;13185;77.3;75.4;2.4
71;2021-10-02;125;230;135;423698;413520;13320;77.3;75.5;2.4
71;2021-10-03;5;16;35;423703;413536;13355;77.3;75.5;2.4
71;2021-10-04;258;535;618;423961;414071;13973;77.4;75.6;2.6
71;2021-10-05;197;380;644;424158;414451;14617;77.4;75.7;2.7
71;2021-10-06;377;643;819;424535;415094;15436;77.5;75.8;2.8
71;2021-10-07;155;358;651;424690;415452;16087;77.5;75.8;2.9
71;2021-10-08;337;645;1085;425027;416097;17172;77.6;76.0;3.1
71;2021-10-09;79;193;164;425106;416290;17336;77.6;76.0;3.2
71;2021-10-10;9;21;23;425115;416311;17359;77.6;76.0;3.2
71;2021-10-11;262;511;740;425377;416822;18099;77.6;76.1;3.3
71;2021-10-12;182;361;743;425559;417183;18842;77.7;76.2;3.4
71;2021-10-13;297;446;925;425856;417629;19767;77.7;76.2;3.6
71;2021-10-14;159;283;759;426015;417912;20526;77.8;76.3;3.7
71;2021-10-15;280;527;1261;426295;418439;21787;77.8;76.4;4.0
71;2021-10-16;114;139;161;426409;418578;21948;77.8;76.4;4.0
71;2021-10-17;3;13;26;426412;418591;21974;77.8;76.4;4.0
71;2021-10-18;235;362;1094;426647;418953;23068;77.9;76.5;4.2
71;2021-10-19;168;280;1055;426815;419233;24123;77.9;76.5;4.4
71;2021-10-20;285;432;1505;427100;419665;25628;78.0;76.6;4.7
71;2021-10-21;129;188;961;427229;419853;26589;78.0;76.6;4.9
71;2021-10-22;233;337;1325;427462;420190;27914;78.0;76.7;5.1
71;2021-10-23;83;117;165;427545;420307;28079;78.0;76.7;5.1
71;2021-10-24;6;30;27;427551;420337;28106;78.0;76.7;5.1
71;2021-10-25;199;299;1067;427750;420636;29173;78.1;76.8;5.3
71;2021-10-26;137;202;939;427887;420838;30112;78.1;76.8;5.5
71;2021-10-27;186;322;1279;428073;421160;31391;78.1;76.9;5.7
71;2021-10-28;132;150;841;428205;421310;32232;78.2;76.9;5.9
71;2021-10-29;197;312;1293;428402;421622;33525;78.2;77.0;6.1
71;2021-10-30;69;121;192;428471;421743;33717;78.2;77.0;6.2
71;2021-10-31;9;14;48;428480;421757;33765;78.2;77.0;6.2
71;2021-11-01;14;9;2;428494;421766;33767;78.2;77.0;6.2
71;2021-11-02;173;242;1325;428667;422008;35092;78.2;77.0;6.4
71;2021-11-03;187;353;1388;428854;422361;36480;78.3;77.1;6.7
71;2021-11-04;132;161;1091;428986;422522;37571;78.3;77.1;6.9
71;2021-11-05;225;307;2098;429211;422829;39669;78.3;77.2;7.2
71;2021-11-06;75;101;292;429286;422930;39961;78.4;77.2;7.3
71;2021-11-07;1;4;22;429287;422934;39983;78.4;77.2;7.3
71;2021-11-08;154;246;1689;429441;423180;41672;78.4;77.2;7.6
71;2021-11-09;96;194;1773;429537;423374;43445;78.4;77.3;7.9
71;2021-11-10;218;297;2040;429755;423671;45485;78.4;77.3;8.3
71;2021-11-11;14;22;87;429769;423693;45572;78.5;77.3;8.3
71;2021-11-12;192;293;2142;429961;423986;47714;78.5;77.4;8.7
71;2021-11-13;60;78;338;430021;424064;48052;78.5;77.4;8.8
71;2021-11-14;2;9;8;430023;424073;48060;78.5;77.4;8.8
71;2021-11-15;137;199;1927;430160;424272;49987;78.5;77.4;9.1
71;2021-11-16;136;160;2076;430296;424432;52063;78.5;77.5;9.5
71;2021-11-17;185;237;2152;430481;424669;54215;78.6;77.5;9.9
71;2021-11-18;123;152;1734;430604;424821;55949;78.6;77.5;10.2
71;2021-11-19;221;276;2673;430825;425097;58622;78.6;77.6;10.7
71;2021-11-20;69;54;487;430894;425151;59109;78.7;77.6;10.8
71;2021-11-21;5;18;86;430899;425169;59195;78.7;77.6;10.8
71;2021-11-22;201;138;2449;431100;425307;61644;78.7;77.6;11.3
71;2021-11-23;138;178;2187;431238;425485;63831;78.7;77.7;11.7
71;2021-11-24;272;278;2691;431510;425763;66522;78.8;77.7;12.1
71;2021-11-25;149;142;2267;431659;425905;68789;78.8;77.7;12.6
71;2021-11-26;270;287;4010;431929;426192;72799;78.8;77.8;13.3
71;2021-11-27;88;98;736;432017;426290;73535;78.9;77.8;13.4
71;2021-11-28;12;18;125;432029;426308;73660;78.9;77.8;13.4
71;2021-11-29;175;165;3707;432204;426473;77367;78.9;77.8;14.1
71;2021-11-30;177;169;4362;432381;426642;81729;78.9;77.9;14.9
71;2021-12-01;180;246;4718;432561;426888;86447;79.0;77.9;15.8
71;2021-12-02;141;90;4461;432702;426978;90908;79.0;77.9;16.6
71;2021-12-03;159;252;5920;432861;427230;96828;79.0;78.0;17.7
71;2021-12-04;93;111;2034;432954;427341;98862;79.0;78.0;18.0
71;2021-12-05;8;16;198;432962;427357;99060;79.0;78.0;18.1
71;2021-12-06;132;211;5879;433094;427568;104939;79.1;78.0;19.2
71;2021-12-07;152;194;7208;433246;427762;112147;79.1;78.1;20.5
71;2021-12-08;158;196;6194;433404;427958;118341;79.1;78.1;21.6
71;2021-12-09;158;171;6741;433562;428129;125082;79.1;78.2;22.8
72;2020-12-27;0;0;0;0;0;0;0.0;0.0;0.0
72;2020-12-28;1;0;0;1;0;0;0.0;0.0;0.0
72;2020-12-29;0;0;0;1;0;0;0.0;0.0;0.0
72;2020-12-30;0;0;0;1;0;0;0.0;0.0;0.0
72;2020-12-31;0;0;0;1;0;0;0.0;0.0;0.0
72;2021-01-01;1;0;0;2;0;0;0.0;0.0;0.0
72;2021-01-02;0;0;0;2;0;0;0.0;0.0;0.0
72;2021-01-03;0;0;0;2;0;0;0.0;0.0;0.0
72;2021-01-04;1;0;0;3;0;0;0.0;0.0;0.0
72;2021-01-05;15;0;0;18;0;0;0.0;0.0;0.0
72;2021-01-06;42;0;0;60;0;0;0.0;0.0;0.0
72;2021-01-07;143;1;0;203;1;0;0.0;0.0;0.0
72;2021-01-08;255;1;0;458;2;0;0.1;0.0;0.0
72;2021-01-09;48;0;0;506;2;0;0.1;0.0;0.0
72;2021-01-10;14;0;0;520;2;0;0.1;0.0;0.0
72;2021-01-11;513;1;0;1033;3;0;0.2;0.0;0.0
72;2021-01-12;621;1;0;1654;4;0;0.3;0.0;0.0
72;2021-01-13;563;2;0;2217;6;0;0.4;0.0;0.0
72;2021-01-14;672;4;0;2889;10;0;0.5;0.0;0.0
72;2021-01-15;505;1;0;3394;11;0;0.6;0.0;0.0
72;2021-01-16;118;0;0;3512;11;0;0.6;0.0;0.0
72;2021-01-17;34;1;0;3546;12;0;0.6;0.0;0.0
72;2021-01-18;407;1;0;3953;13;0;0.7;0.0;0.0
72;2021-01-19;859;5;0;4812;18;0;0.9;0.0;0.0
72;2021-01-20;1505;6;0;6317;24;0;1.1;0.0;0.0
72;2021-01-21;1791;6;0;8108;30;0;1.4;0.0;0.0
72;2021-01-22;1139;6;0;9247;36;0;1.7;0.0;0.0
72;2021-01-23;73;1;0;9320;37;0;1.7;0.0;0.0
72;2021-01-24;12;0;0;9332;37;0;1.7;0.0;0.0
72;2021-01-25;570;6;0;9902;43;0;1.8;0.0;0.0
72;2021-01-26;1215;23;0;11117;66;0;2.0;0.0;0.0
72;2021-01-27;961;23;0;12078;89;0;2.2;0.0;0.0
72;2021-01-28;859;70;0;12937;159;0;2.3;0.0;0.0
72;2021-01-29;712;67;0;13649;226;0;2.4;0.0;0.0
72;2021-01-30;101;1;0;13750;227;0;2.5;0.0;0.0
72;2021-01-31;2;1;0;13752;228;0;2.5;0.0;0.0
72;2021-02-01;551;248;0;14303;476;0;2.6;0.1;0.0
72;2021-02-02;559;295;0;14862;771;0;2.7;0.1;0.0
72;2021-02-03;545;259;0;15407;1030;0;2.8;0.2;0.0
72;2021-02-04;546;368;0;15953;1398;0;2.8;0.2;0.0
72;2021-02-05;532;441;0;16485;1839;0;2.9;0.3;0.0
72;2021-02-06;108;37;0;16593;1876;0;3.0;0.3;0.0
72;2021-02-07;18;6;0;16611;1882;0;3.0;0.3;0.0
72;2021-02-08;350;441;0;16961;2323;0;3.0;0.4;0.0
72;2021-02-09;527;556;0;17488;2879;0;3.1;0.5;0.0
72;2021-02-10;594;924;0;18082;3803;0;3.2;0.7;0.0
72;2021-02-11;942;1350;0;19024;5153;0;3.4;0.9;0.0
72;2021-02-12;891;588;0;19915;5741;0;3.6;1.0;0.0
72;2021-02-13;131;71;0;20046;5812;0;3.6;1.0;0.0
72;2021-02-14;1;40;0;20047;5852;0;3.6;1.0;0.0
72;2021-02-15;266;598;0;20313;6450;0;3.6;1.2;0.0
72;2021-02-16;529;1049;0;20842;7499;0;3.7;1.3;0.0
72;2021-02-17;484;760;0;21326;8259;0;3.8;1.5;0.0
72;2021-02-18;640;721;0;21966;8980;0;3.9;1.6;0.0
72;2021-02-19;557;640;0;22523;9620;0;4.0;1.7;0.0
72;2021-02-20;87;88;0;22610;9708;0;4.0;1.7;0.0
72;2021-02-21;0;3;0;22610;9711;0;4.0;1.7;0.0
72;2021-02-22;345;646;0;22955;10357;0;4.1;1.8;0.0
72;2021-02-23;603;632;0;23558;10989;0;4.2;2.0;0.0
72;2021-02-24;505;602;0;24063;11591;0;4.3;2.1;0.0
72;2021-02-25;930;642;0;24993;12233;0;4.5;2.2;0.0
72;2021-02-26;665;589;0;25658;12822;0;4.6;2.3;0.0
72;2021-02-27;336;97;0;25994;12919;0;4.6;2.3;0.0
72;2021-02-28;15;19;0;26009;12938;0;4.6;2.3;0.0
72;2021-03-01;383;514;0;26392;13452;0;4.7;2.4;0.0
72;2021-03-02;521;665;0;26913;14117;0;4.8;2.5;0.0
72;2021-03-03;743;691;0;27656;14808;0;4.9;2.6;0.0
72;2021-03-04;764;839;0;28420;15647;0;5.1;2.8;0.0
72;2021-03-05;953;751;0;29373;16398;0;5.2;2.9;0.0
72;2021-03-06;814;164;0;30187;16562;0;5.4;3.0;0.0
72;2021-03-07;421;25;0;30608;16587;0;5.5;3.0;0.0
72;2021-03-08;568;487;0;31176;17074;0;5.6;3.0;0.0
72;2021-03-09;1095;645;0;32271;17719;0;5.8;3.2;0.0
72;2021-03-10;1220;654;0;33491;18373;0;6.0;3.3;0.0
72;2021-03-11;1669;524;0;35160;18897;0;6.3;3.4;0.0
72;2021-03-12;1504;519;0;36664;19416;0;6.5;3.5;0.0
72;2021-03-13;1068;133;0;37732;19549;0;6.7;3.5;0.0
72;2021-03-14;25;8;0;37757;19557;0;6.7;3.5;0.0
72;2021-03-15;1210;215;0;38967;19772;0;7.0;3.5;0.0
72;2021-03-16;1115;196;0;40082;19968;0;7.2;3.6;0.0
72;2021-03-17;1105;270;0;41187;20238;0;7.4;3.6;0.0
72;2021-03-18;1175;385;0;42362;20623;0;7.6;3.7;0.0
72;2021-03-19;1385;297;0;43747;20920;0;7.8;3.7;0.0
72;2021-03-20;515;81;0;44262;21001;0;7.9;3.7;0.0
72;2021-03-21;26;3;0;44288;21004;0;7.9;3.7;0.0
72;2021-03-22;1427;346;0;45715;21350;0;8.2;3.8;0.0
72;2021-03-23;1837;507;0;47552;21857;0;8.5;3.9;0.0
72;2021-03-24;1967;307;0;49519;22164;0;8.8;4.0;0.0
72;2021-03-25;2583;479;0;52102;22643;0;9.3;4.0;0.0
72;2021-03-26;2494;374;0;54596;23017;0;9.7;4.1;0.0
72;2021-03-27;710;35;0;55306;23052;0;9.9;4.1;0.0
72;2021-03-28;49;1;0;55355;23053;0;9.9;4.1;0.0
72;2021-03-29;1719;381;0;57074;23434;0;10.2;4.2;0.0
72;2021-03-30;2615;405;0;59689;23839;0;10.7;4.3;0.0
72;2021-03-31;2341;385;0;62030;24224;0;11.1;4.3;0.0
72;2021-04-01;3047;383;0;65077;24607;0;11.6;4.4;0.0
72;2021-04-02;2439;440;0;67516;25047;0;12.1;4.5;0.0
72;2021-04-03;375;65;0;67891;25112;0;12.1;4.5;0.0
72;2021-04-04;26;6;0;67917;25118;0;12.1;4.5;0.0
72;2021-04-05;119;52;0;68036;25170;0;12.1;4.5;0.0
72;2021-04-06;1881;521;0;69917;25691;0;12.5;4.6;0.0
72;2021-04-07;2721;683;0;72638;26374;0;13.0;4.7;0.0
72;2021-04-08;2878;851;0;75516;27225;0;13.5;4.9;0.0
72;2021-04-09;4067;650;0;79583;27875;0;14.2;5.0;0.0
72;2021-04-10;1280;96;0;80863;27971;0;14.4;5.0;0.0
72;2021-04-11;31;8;0;80894;27979;0;14.4;5.0;0.0
72;2021-04-12;2017;968;0;82911;28947;0;14.8;5.2;0.0
72;2021-04-13;2613;1178;0;85524;30125;0;15.3;5.4;0.0
72;2021-04-14;2458;1176;0;87982;31301;0;15.7;5.6;0.0
72;2021-04-15;2704;1199;0;90686;32500;0;16.2;5.8;0.0
72;2021-04-16;2849;1090;0;93535;33590;0;16.7;6.0;0.0
72;2021-04-17;983;184;0;94518;33774;0;16.9;6.0;0.0
72;2021-04-18;90;5;0;94608;33779;0;16.9;6.0;0.0
72;2021-04-19;1619;1198;0;96227;34977;0;17.2;6.2;0.0
72;2021-04-20;3232;1385;0;99459;36362;0;17.8;6.5;0.0
72;2021-04-21;2687;1665;0;102146;38027;0;18.2;6.8;0.0
72;2021-04-22;3011;1910;0;105157;39937;0;18.8;7.1;0.0
72;2021-04-23;3429;1591;0;108586;41528;0;19.4;7.4;0.0
72;2021-04-24;1671;348;0;110257;41876;0;19.7;7.5;0.0
72;2021-04-25;873;26;0;111130;41902;0;19.8;7.5;0.0
72;2021-04-26;3665;1625;0;114795;43527;0;20.5;7.8;0.0
72;2021-04-27;4260;2048;0;119055;45575;0;21.3;8.1;0.0
72;2021-04-28;4070;2071;0;123125;47646;0;22.0;8.5;0.0
72;2021-04-29;4419;1961;0;127544;49607;0;22.8;8.9;0.0
72;2021-04-30;3898;1861;0;131442;51468;0;23.5;9.2;0.0
72;2021-05-01;1659;235;0;133101;51703;0;23.8;9.2;0.0
72;2021-05-02;1496;172;0;134597;51875;0;24.0;9.3;0.0
72;2021-05-03;3606;1281;0;138203;53156;0;24.7;9.5;0.0
72;2021-05-04;4134;2013;0;142337;55169;0;25.4;9.8;0.0
72;2021-05-05;3978;2344;0;146315;57513;0;26.1;10.3;0.0
72;2021-05-06;3817;2181;0;150132;59694;0;26.8;10.7;0.0
72;2021-05-07;3659;2390;0;153791;62084;0;27.5;11.1;0.0
72;2021-05-08;1976;225;0;155767;62309;0;27.8;11.1;0.0
72;2021-05-09;1949;220;0;157716;62529;0;28.2;11.2;0.0
72;2021-05-10;3822;1840;0;161538;64369;0;28.8;11.5;0.0
72;2021-05-11;4635;2313;0;166173;66682;0;29.7;11.9;0.0
72;2021-05-12;4165;2087;0;170338;68769;0;30.4;12.3;0.0
72;2021-05-13;2929;351;0;173267;69120;0;30.9;12.3;0.0
72;2021-05-14;3791;1535;0;177058;70655;0;31.6;12.6;0.0
72;2021-05-15;3144;517;0;180202;71172;0;32.2;12.7;0.0
72;2021-05-16;2389;157;0;182591;71329;0;32.6;12.7;0.0
72;2021-05-17;3860;1477;0;186451;72806;0;33.3;13.0;0.0
72;2021-05-18;4500;1841;0;190951;74647;0;34.1;13.3;0.0
72;2021-05-19;4185;1693;0;195136;76340;0;34.8;13.6;0.0
72;2021-05-20;4487;1554;0;199623;77894;0;35.6;13.9;0.0
72;2021-05-21;4005;1518;0;203628;79412;0;36.3;14.2;0.0
72;2021-05-22;2649;602;0;206277;80014;0;36.8;14.3;0.0
72;2021-05-23;1325;160;0;207602;80174;0;37.1;14.3;0.0
72;2021-05-24;2408;304;0;210010;80478;0;37.5;14.4;0.0
72;2021-05-25;4168;1475;0;214178;81953;0;38.2;14.6;0.0
72;2021-05-26;4194;1532;0;218372;83485;0;39.0;14.9;0.0
72;2021-05-27;4483;2122;0;222855;85607;0;39.8;15.3;0.0
72;2021-05-28;4204;2099;0;227059;87706;0;40.5;15.7;0.0
72;2021-05-29;2708;897;0;229767;88603;0;41.0;15.8;0.0
72;2021-05-30;1085;853;0;230852;89456;0;41.2;16.0;0.0
72;2021-05-31;3184;2451;0;234036;91907;0;41.8;16.4;0.0
72;2021-06-01;3633;2816;0;237669;94723;0;42.4;16.9;0.0
72;2021-06-02;3767;2902;0;241436;97625;0;43.1;17.4;0.0
72;2021-06-03;4492;3036;0;245928;100661;0;43.9;18.0;0.0
72;2021-06-04;4060;2879;0;249988;103540;0;44.6;18.5;0.0
72;2021-06-05;1576;2664;0;251564;106204;0;44.9;19.0;0.0
72;2021-06-06;859;1492;0;252423;107696;0;45.1;19.2;0.0
72;2021-06-07;2003;3608;0;254426;111304;0;45.4;19.9;0.0
72;2021-06-08;3151;4013;0;257577;115317;0;46.0;20.6;0.0
72;2021-06-09;2848;3482;0;260425;118799;0;46.5;21.2;0.0
72;2021-06-10;3066;3404;0;263491;122203;0;47.0;21.8;0.0
72;2021-06-11;3013;3933;0;266504;126136;0;47.6;22.5;0.0
72;2021-06-12;1501;2695;0;268005;128831;0;47.8;23.0;0.0
72;2021-06-13;411;1801;0;268416;130632;0;47.9;23.3;0.0
72;2021-06-14;1494;4323;0;269910;134955;0;48.2;24.1;0.0
72;2021-06-15;2865;3681;0;272775;138636;0;48.7;24.7;0.0
72;2021-06-16;2551;3723;0;275326;142359;0;49.1;25.4;0.0
72;2021-06-17;2452;3945;0;277778;146304;0;49.6;26.1;0.0
72;2021-06-18;2450;4476;0;280228;150780;0;50.0;26.9;0.0
72;2021-06-19;1241;2817;0;281469;153597;0;50.2;27.4;0.0
72;2021-06-20;336;1942;0;281805;155539;0;50.3;27.8;0.0
72;2021-06-21;1594;4144;0;283399;159683;0;50.6;28.5;0.0
72;2021-06-22;1839;5095;0;285238;164778;0;50.9;29.4;0.0
72;2021-06-23;2070;4425;0;287308;169203;0;51.3;30.2;0.0
72;2021-06-24;2317;4029;0;289625;173232;0;51.7;30.9;0.0
72;2021-06-25;1866;5045;0;291491;178277;0;52.0;31.8;0.0
72;2021-06-26;1236;2972;0;292727;181249;0;52.3;32.4;0.0
72;2021-06-27;400;1997;0;293127;183246;0;52.3;32.7;0.0
72;2021-06-28;1433;4525;0;294560;187771;0;52.6;33.5;0.0
72;2021-06-29;1772;5057;0;296332;192828;0;52.9;34.4;0.0
72;2021-06-30;2038;4496;0;298370;197324;0;53.3;35.2;0.0
72;2021-07-01;2039;4482;0;300409;201806;0;53.6;36.0;0.0
72;2021-07-02;1898;4931;1;302307;206737;1;54.0;36.9;0.0
72;2021-07-03;1304;3304;1;303611;210041;2;54.2;37.5;0.0
72;2021-07-04;571;1890;0;304182;211931;2;54.3;37.8;0.0
72;2021-07-05;1205;4291;0;305387;216222;2;54.5;38.6;0.0
72;2021-07-06;1518;5342;1;306905;221564;3;54.8;39.5;0.0
72;2021-07-07;1644;4770;0;308549;226334;3;55.1;40.4;0.0
72;2021-07-08;1738;4517;0;310287;230851;3;55.4;41.2;0.0
72;2021-07-09;2166;4798;0;312453;235649;3;55.8;42.1;0.0
72;2021-07-10;1616;2803;0;314069;238452;3;56.1;42.6;0.0
72;2021-07-11;908;1520;0;314977;239972;3;56.2;42.8;0.0
72;2021-07-12;1559;4008;0;316536;243980;3;56.5;43.6;0.0
72;2021-07-13;2093;5065;0;318629;249045;3;56.9;44.5;0.0
72;2021-07-14;1312;2329;0;319941;251374;3;57.1;44.9;0.0
72;2021-07-15;3438;3837;0;323379;255211;3;57.7;45.6;0.0
72;2021-07-16;3301;4508;0;326680;259719;3;58.3;46.4;0.0
72;2021-07-17;2518;1973;0;329198;261692;3;58.8;46.7;0.0
72;2021-07-18;1669;831;0;330867;262523;3;59.1;46.9;0.0
72;2021-07-19;2731;3836;1;333598;266359;4;59.5;47.5;0.0
72;2021-07-20;2991;4631;0;336589;270990;4;60.1;48.4;0.0
72;2021-07-21;2953;3836;1;339542;274826;5;60.6;49.1;0.0
72;2021-07-22;3793;3176;0;343335;278002;5;61.3;49.6;0.0
72;2021-07-23;3532;4039;0;346867;282041;5;61.9;50.3;0.0
72;2021-07-24;2777;1681;0;349644;283722;5;62.4;50.6;0.0
72;2021-07-25;1375;1043;0;351019;284765;5;62.7;50.8;0.0
72;2021-07-26;2852;3200;0;353871;287965;5;63.2;51.4;0.0
72;2021-07-27;3947;3985;0;357818;291950;5;63.9;52.1;0.0
72;2021-07-28;3718;3269;0;361536;295219;5;64.5;52.7;0.0
72;2021-07-29;3904;2858;0;365440;298077;5;65.2;53.2;0.0
72;2021-07-30;3840;3588;0;369280;301665;5;65.9;53.8;0.0
72;2021-07-31;2398;1910;0;371678;303575;5;66.3;54.2;0.0
72;2021-08-01;1735;439;0;373413;304014;5;66.7;54.3;0.0
72;2021-08-02;3144;2404;0;376557;306418;5;67.2;54.7;0.0
72;2021-08-03;3331;3328;0;379888;309746;5;67.8;55.3;0.0
72;2021-08-04;3695;2602;0;383583;312348;5;68.5;55.8;0.0
72;2021-08-05;3876;2558;0;387459;314906;5;69.2;56.2;0.0
72;2021-08-06;3360;2790;0;390819;317696;5;69.8;56.7;0.0
72;2021-08-07;2259;1682;0;393078;319378;5;70.2;57.0;0.0
72;2021-08-08;1470;705;0;394548;320083;5;70.4;57.1;0.0
72;2021-08-09;2568;2801;0;397116;322884;5;70.9;57.6;0.0
72;2021-08-10;2780;2860;0;399896;325744;5;71.4;58.1;0.0
72;2021-08-11;2284;2353;0;402180;328097;5;71.8;58.6;0.0
72;2021-08-12;2235;2631;0;404415;330728;5;72.2;59.0;0.0
72;2021-08-13;2055;2384;0;406470;333112;5;72.6;59.5;0.0
72;2021-08-14;1094;1585;0;407564;334697;5;72.7;59.7;0.0
72;2021-08-15;562;591;0;408126;335288;5;72.9;59.8;0.0
72;2021-08-16;1620;2555;0;409746;337843;5;73.1;60.3;0.0
72;2021-08-17;1689;3059;0;411435;340902;5;73.4;60.9;0.0
72;2021-08-18;1675;3033;0;413110;343935;5;73.7;61.4;0.0
72;2021-08-19;1222;3101;0;414332;347036;5;74.0;61.9;0.0
72;2021-08-20;1549;3367;0;415881;350403;5;74.2;62.5;0.0
72;2021-08-21;686;2025;0;416567;352428;5;74.4;62.9;0.0
72;2021-08-22;241;1105;0;416808;353533;5;74.4;63.1;0.0
72;2021-08-23;1657;3475;0;418465;357008;5;74.7;63.7;0.0
72;2021-08-24;1462;4162;0;419927;361170;5;75.0;64.5;0.0
72;2021-08-25;1536;3523;0;421463;364693;5;75.2;65.1;0.0
72;2021-08-26;1201;4377;0;422664;369070;5;75.4;65.9;0.0
72;2021-08-27;1162;4160;1;423826;373230;6;75.7;66.6;0.0
72;2021-08-28;844;2607;0;424670;375837;6;75.8;67.1;0.0
72;2021-08-29;337;1565;0;425007;377402;6;75.9;67.4;0.0
72;2021-08-30;1088;3309;61;426095;380711;67;76.1;68.0;0.0
72;2021-08-31;1158;3800;107;427253;384511;174;76.3;68.6;0.0
72;2021-09-01;1075;3127;163;428328;387638;337;76.5;69.2;0.1
72;2021-09-02;909;3121;229;429237;390759;566;76.6;69.8;0.1
72;2021-09-03;910;2998;244;430147;393757;810;76.8;70.3;0.1
72;2021-09-04;696;2507;113;430843;396264;923;76.9;70.7;0.2
72;2021-09-05;223;1371;56;431066;397635;979;76.9;71.0;0.2
72;2021-09-06;576;2424;302;431642;400059;1281;77.0;71.4;0.2
72;2021-09-07;494;2517;381;432136;402576;1662;77.1;71.9;0.3
72;2021-09-08;621;2903;308;432757;405479;1970;77.2;72.4;0.4
72;2021-09-09;409;1705;327;433166;407184;2297;77.3;72.7;0.4
72;2021-09-10;631;2273;353;433797;409457;2650;77.4;73.1;0.5
72;2021-09-11;404;2443;91;434201;411900;2741;77.5;73.5;0.5
72;2021-09-12;147;862;31;434348;412762;2772;77.5;73.7;0.5
72;2021-09-13;370;1249;336;434718;414011;3108;77.6;73.9;0.6
72;2021-09-14;474;1198;516;435192;415209;3624;77.7;74.1;0.6
72;2021-09-15;595;1888;410;435787;417097;4034;77.8;74.5;0.7
72;2021-09-16;347;779;466;436134;417876;4500;77.8;74.6;0.8
72;2021-09-17;448;1394;578;436582;419270;5078;77.9;74.8;0.9
72;2021-09-18;351;1438;126;436933;420708;5204;78.0;75.1;0.9
72;2021-09-19;82;344;33;437015;421052;5237;78.0;75.2;0.9
72;2021-09-20;353;800;347;437368;421852;5584;78.1;75.3;1.0
72;2021-09-21;318;778;645;437686;422630;6229;78.1;75.4;1.1
72;2021-09-22;411;1486;445;438097;424116;6674;78.2;75.7;1.2
72;2021-09-23;378;609;426;438475;424725;7100;78.3;75.8;1.3
72;2021-09-24;569;1018;388;439044;425743;7488;78.4;76.0;1.3
72;2021-09-25;252;978;148;439296;426721;7636;78.4;76.2;1.4
72;2021-09-26;74;194;26;439370;426915;7662;78.4;76.2;1.4
72;2021-09-27;214;614;503;439584;427529;8165;78.5;76.3;1.5
72;2021-09-28;201;418;688;439785;427947;8853;78.5;76.4;1.6
72;2021-09-29;337;949;729;440122;428896;9582;78.6;76.6;1.7
72;2021-09-30;169;342;411;440291;429238;9993;78.6;76.6;1.8
72;2021-10-01;322;717;522;440613;429955;10515;78.6;76.7;1.9
72;2021-10-02;292;563;208;440905;430518;10723;78.7;76.8;1.9
72;2021-10-03;82;142;20;440987;430660;10743;78.7;76.9;1.9
72;2021-10-04;198;419;448;441185;431079;11191;78.8;76.9;2.0
72;2021-10-05;256;349;457;441441;431428;11648;78.8;77.0;2.1
72;2021-10-06;263;537;583;441704;431965;12231;78.8;77.1;2.2
72;2021-10-07;211;342;487;441915;432307;12718;78.9;77.2;2.3
72;2021-10-08;323;647;685;442238;432954;13403;78.9;77.3;2.4
72;2021-10-09;226;436;172;442464;433390;13575;79.0;77.4;2.4
72;2021-10-10;76;111;47;442540;433501;13622;79.0;77.4;2.4
72;2021-10-11;179;291;535;442719;433792;14157;79.0;77.4;2.5
72;2021-10-12;215;344;699;442934;434136;14856;79.1;77.5;2.7
72;2021-10-13;272;474;690;443206;434610;15546;79.1;77.6;2.8
72;2021-10-14;136;287;490;443342;434897;16036;79.1;77.6;2.9
72;2021-10-15;311;429;712;443653;435326;16748;79.2;77.7;3.0
72;2021-10-16;188;263;223;443841;435589;16971;79.2;77.8;3.0
72;2021-10-17;44;91;46;443885;435680;17017;79.2;77.8;3.0
72;2021-10-18;192;344;506;444077;436024;17523;79.3;77.8;3.1
72;2021-10-19;182;250;701;444259;436274;18224;79.3;77.9;3.3
72;2021-10-20;199;390;906;444458;436664;19130;79.3;77.9;3.4
72;2021-10-21;129;331;680;444587;436995;19810;79.4;78.0;3.5
72;2021-10-22;244;521;1035;444831;437516;20845;79.4;78.1;3.7
72;2021-10-23;174;308;385;445005;437824;21230;79.4;78.2;3.8
72;2021-10-24;39;84;42;445044;437908;21272;79.4;78.2;3.8
72;2021-10-25;195;242;767;445239;438150;22039;79.5;78.2;3.9
72;2021-10-26;157;197;959;445396;438347;22998;79.5;78.2;4.1
72;2021-10-27;177;267;1035;445573;438614;24033;79.5;78.3;4.3
72;2021-10-28;131;153;671;445704;438767;24704;79.6;78.3;4.4
72;2021-10-29;226;321;1161;445930;439088;25865;79.6;78.4;4.6
72;2021-10-30;114;197;267;446044;439285;26132;79.6;78.4;4.7
72;2021-10-31;24;74;40;446068;439359;26172;79.6;78.4;4.7
72;2021-11-01;32;23;68;446100;439382;26240;79.6;78.4;4.7
72;2021-11-02;171;246;860;446271;439628;27100;79.7;78.5;4.8
72;2021-11-03;143;280;973;446414;439908;28073;79.7;78.5;5.0
72;2021-11-04;134;170;926;446548;440078;28999;79.7;78.6;5.2
72;2021-11-05;238;301;1509;446786;440379;30508;79.8;78.6;5.4
72;2021-11-06;128;194;545;446914;440573;31053;79.8;78.6;5.5
72;2021-11-07;26;30;74;446940;440603;31127;79.8;78.6;5.6
72;2021-11-08;123;223;1604;447063;440826;32731;79.8;78.7;5.8
72;2021-11-09;163;206;1831;447226;441032;34562;79.8;78.7;6.2
72;2021-11-10;207;235;1869;447433;441267;36431;79.9;78.8;6.5
72;2021-11-11;68;53;215;447501;441320;36646;79.9;78.8;6.5
72;2021-11-12;163;239;1408;447664;441559;38054;79.9;78.8;6.8
72;2021-11-13;106;130;484;447770;441689;38538;79.9;78.8;6.9
72;2021-11-14;45;51;111;447815;441740;38649;79.9;78.9;6.9
72;2021-11-15;106;208;1640;447921;441948;40289;80.0;78.9;7.2
72;2021-11-16;152;177;2110;448073;442125;42399;80.0;78.9;7.6
72;2021-11-17;187;228;1839;448260;442353;44238;80.0;79.0;7.9
72;2021-11-18;150;128;1762;448410;442481;46000;80.0;79.0;8.2
72;2021-11-19;248;255;2355;448658;442736;48355;80.1;79.0;8.6
72;2021-11-20;181;174;538;448839;442910;48893;80.1;79.1;8.7
72;2021-11-21;52;53;107;448891;442963;49000;80.1;79.1;8.7
72;2021-11-22;120;138;1897;449011;443101;50897;80.1;79.1;9.1
72;2021-11-23;141;146;1801;449152;443247;52698;80.2;79.1;9.4
72;2021-11-24;237;213;1981;449389;443460;54679;80.2;79.2;9.8
72;2021-11-25;165;134;2074;449554;443594;56753;80.2;79.2;10.1
72;2021-11-26;251;254;2961;449805;443848;59714;80.3;79.2;10.7
72;2021-11-27;171;177;1614;449976;444025;61328;80.3;79.3;10.9
72;2021-11-28;45;40;1178;450021;444065;62506;80.3;79.3;11.2
72;2021-11-29;109;132;3499;450130;444197;66005;80.3;79.3;11.8
72;2021-11-30;134;138;3886;450264;444335;69891;80.4;79.3;12.5
72;2021-12-01;171;181;4389;450435;444516;74280;80.4;79.3;13.3
72;2021-12-02;117;132;4471;450552;444648;78751;80.4;79.4;14.1
72;2021-12-03;119;183;4863;450671;444831;83614;80.4;79.4;14.9
72;2021-12-04;87;167;2661;450758;444998;86275;80.5;79.4;15.4
72;2021-12-05;35;40;1324;450793;445038;87599;80.5;79.4;15.6
72;2021-12-06;122;131;5110;450915;445169;92709;80.5;79.5;16.5
72;2021-12-07;110;131;6244;451025;445300;98953;80.5;79.5;17.7
72;2021-12-08;125;211;5253;451150;445511;104206;80.5;79.5;18.6
72;2021-12-09;117;133;6052;451267;445644;110258;80.6;79.5;19.7
73;2020-12-27;0;0;0;0;0;0;0.0;0.0;0.0
73;2020-12-28;0;0;0;0;0;0;0.0;0.0;0.0
73;2020-12-29;0;0;0;0;0;0;0.0;0.0;0.0
73;2020-12-30;0;0;0;0;0;0;0.0;0.0;0.0
73;2020-12-31;0;0;0;0;0;0;0.0;0.0;0.0
73;2021-01-01;1;0;0;1;0;0;0.0;0.0;0.0
73;2021-01-02;0;0;0;1;0;0;0.0;0.0;0.0
73;2021-01-03;0;0;0;1;0;0;0.0;0.0;0.0
73;2021-01-04;7;0;0;8;0;0;0.0;0.0;0.0
73;2021-01-05;3;0;0;11;0;0;0.0;0.0;0.0
73;2021-01-06;11;0;0;22;0;0;0.0;0.0;0.0
73;2021-01-07;43;0;0;65;0;0;0.0;0.0;0.0
73;2021-01-08;90;0;0;155;0;0;0.0;0.0;0.0
73;2021-01-09;0;0;0;155;0;0;0.0;0.0;0.0
73;2021-01-10;1;0;0;156;0;0;0.0;0.0;0.0
73;2021-01-11;112;0;0;268;0;0;0.1;0.0;0.0
73;2021-01-12;321;0;0;589;0;0;0.1;0.0;0.0
73;2021-01-13;373;0;0;962;0;0;0.2;0.0;0.0
73;2021-01-14;529;2;0;1491;2;0;0.3;0.0;0.0
73;2021-01-15;591;1;0;2082;3;0;0.5;0.0;0.0
73;2021-01-16;135;2;0;2217;5;0;0.5;0.0;0.0
73;2021-01-17;10;0;0;2227;5;0;0.5;0.0;0.0
73;2021-01-18;556;0;0;2783;5;0;0.6;0.0;0.0
73;2021-01-19;1171;4;0;3954;9;0;0.9;0.0;0.0
73;2021-01-20;894;3;0;4848;12;0;1.1;0.0;0.0
73;2021-01-21;982;4;0;5830;16;0;1.3;0.0;0.0
73;2021-01-22;868;1;0;6698;17;0;1.5;0.0;0.0
73;2021-01-23;365;0;0;7063;17;0;1.6;0.0;0.0
73;2021-01-24;0;0;0;7063;17;0;1.6;0.0;0.0
73;2021-01-25;611;10;0;7674;27;0;1.8;0.0;0.0
73;2021-01-26;715;7;0;8389;34;0;1.9;0.0;0.0
73;2021-01-27;962;13;0;9351;47;0;2.2;0.0;0.0
73;2021-01-28;861;12;0;10212;59;0;2.4;0.0;0.0
73;2021-01-29;616;17;0;10828;76;0;2.5;0.0;0.0
73;2021-01-30;291;3;0;11119;79;0;2.6;0.0;0.0
73;2021-01-31;0;1;0;11119;80;0;2.6;0.0;0.0
73;2021-02-01;571;42;0;11690;122;0;2.7;0.0;0.0
73;2021-02-02;702;314;0;12392;436;0;2.9;0.1;0.0
73;2021-02-03;608;345;0;13000;781;0;3.0;0.2;0.0
73;2021-02-04;606;226;0;13606;1007;0;3.1;0.2;0.0
73;2021-02-05;600;392;0;14206;1399;0;3.3;0.3;0.0
73;2021-02-06;216;39;0;14422;1438;0;3.3;0.3;0.0
73;2021-02-07;1;1;0;14423;1439;0;3.3;0.3;0.0
73;2021-02-08;497;251;0;14920;1690;0;3.4;0.4;0.0
73;2021-02-09;750;456;0;15670;2146;0;3.6;0.5;0.0
73;2021-02-10;778;394;0;16448;2540;0;3.8;0.6;0.0
73;2021-02-11;946;689;0;17394;3229;0;4.0;0.7;0.0
73;2021-02-12;767;512;0;18161;3741;0;4.2;0.9;0.0
73;2021-02-13;264;66;0;18425;3807;0;4.3;0.9;0.0
73;2021-02-14;8;6;0;18433;3813;0;4.3;0.9;0.0
73;2021-02-15;341;517;0;18774;4330;0;4.3;1.0;0.0
73;2021-02-16;462;737;0;19236;5067;0;4.4;1.2;0.0
73;2021-02-17;450;883;0;19686;5950;0;4.6;1.4;0.0
73;2021-02-18;442;503;0;20128;6453;0;4.7;1.5;0.0
73;2021-02-19;397;604;0;20525;7057;0;4.7;1.6;0.0
73;2021-02-20;85;236;0;20610;7293;0;4.8;1.7;0.0
73;2021-02-21;1;0;0;20611;7293;0;4.8;1.7;0.0
73;2021-02-22;247;378;0;20858;7671;0;4.8;1.8;0.0
73;2021-02-23;323;476;0;21181;8147;0;4.9;1.9;0.0
73;2021-02-24;467;665;0;21648;8812;0;5.0;2.0;0.0
73;2021-02-25;527;520;0;22175;9332;0;5.1;2.2;0.0
73;2021-02-26;725;553;0;22900;9885;0;5.3;2.3;0.0
73;2021-02-27;304;168;0;23204;10053;0;5.4;2.3;0.0
73;2021-02-28;4;3;0;23208;10056;0;5.4;2.3;0.0
73;2021-03-01;569;470;0;23777;10526;0;5.5;2.4;0.0
73;2021-03-02;686;851;0;24463;11377;0;5.7;2.6;0.0
73;2021-03-03;629;1099;0;25092;12476;0;5.8;2.9;0.0
73;2021-03-04;1026;871;0;26118;13347;0;6.0;3.1;0.0
73;2021-03-05;1233;583;0;27351;13930;0;6.3;3.2;0.0
73;2021-03-06;1054;333;0;28405;14263;0;6.6;3.3;0.0
73;2021-03-07;419;82;0;28824;14345;0;6.7;3.3;0.0
73;2021-03-08;609;424;0;29433;14769;0;6.8;3.4;0.0
73;2021-03-09;979;522;0;30412;15291;0;7.0;3.5;0.0
73;2021-03-10;1036;833;0;31448;16124;0;7.3;3.7;0.0
73;2021-03-11;1547;640;0;32995;16764;0;7.6;3.9;0.0
73;2021-03-12;1954;523;0;34949;17287;0;8.1;4.0;0.0
73;2021-03-13;1169;215;0;36118;17502;0;8.4;4.0;0.0
73;2021-03-14;68;2;0;36186;17504;0;8.4;4.0;0.0
73;2021-03-15;1183;399;0;37369;17903;0;8.6;4.1;0.0
73;2021-03-16;798;405;0;38167;18308;0;8.8;4.2;0.0
73;2021-03-17;867;478;0;39034;18786;0;9.0;4.3;0.0
73;2021-03-18;1333;258;0;40367;19044;0;9.3;4.4;0.0
73;2021-03-19;1711;338;0;42078;19382;0;9.7;4.5;0.0
73;2021-03-20;897;137;0;42975;19519;0;9.9;4.5;0.0
73;2021-03-21;121;3;0;43096;19522;0;10.0;4.5;0.0
73;2021-03-22;1206;393;0;44302;19915;0;10.2;4.6;0.0
73;2021-03-23;1509;260;0;45811;20175;0;10.6;4.7;0.0
73;2021-03-24;1647;359;0;47458;20534;0;11.0;4.7;0.0
73;2021-03-25;2093;391;0;49551;20925;0;11.5;4.8;0.0
73;2021-03-26;2468;360;0;52019;21285;0;12.0;4.9;0.0
73;2021-03-27;922;161;0;52941;21446;0;12.2;5.0;0.0
73;2021-03-28;287;17;0;53228;21463;0;12.3;5.0;0.0
73;2021-03-29;1572;271;0;54800;21734;0;12.7;5.0;0.0
73;2021-03-30;2136;501;0;56936;22235;0;13.2;5.1;0.0
73;2021-03-31;2104;417;0;59040;22652;0;13.6;5.2;0.0
73;2021-04-01;2202;374;0;61242;23026;0;14.2;5.3;0.0
73;2021-04-02;2403;255;0;63645;23281;0;14.7;5.4;0.0
73;2021-04-03;864;167;0;64509;23448;0;14.9;5.4;0.0
73;2021-04-04;185;16;0;64694;23464;0;15.0;5.4;0.0
73;2021-04-05;327;38;0;65021;23502;0;15.0;5.4;0.0
73;2021-04-06;1656;542;0;66677;24044;0;15.4;5.6;0.0
73;2021-04-07;2085;672;0;68762;24716;0;15.9;5.7;0.0
73;2021-04-08;2586;850;0;71348;25566;0;16.5;5.9;0.0
73;2021-04-09;3099;592;0;74447;26158;0;17.2;6.0;0.0
73;2021-04-10;1280;366;0;75727;26524;0;17.5;6.1;0.0
73;2021-04-11;150;13;0;75877;26537;0;17.5;6.1;0.0
73;2021-04-12;1750;956;0;77627;27493;0;17.9;6.4;0.0
73;2021-04-13;2003;1135;0;79630;28628;0;18.4;6.6;0.0
73;2021-04-14;2094;1083;0;81724;29711;0;18.9;6.9;0.0
73;2021-04-15;2495;1190;0;84219;30901;0;19.5;7.1;0.0
73;2021-04-16;1953;970;0;86172;31871;0;19.9;7.4;0.0
73;2021-04-17;1246;585;0;87418;32456;0;20.2;7.5;0.0
73;2021-04-18;152;74;0;87570;32530;0;20.2;7.5;0.0
73;2021-04-19;1418;1125;0;88988;33655;0;20.6;7.8;0.0
73;2021-04-20;1869;1386;0;90857;35041;0;21.0;8.1;0.0
73;2021-04-21;1665;1331;0;92522;36372;0;21.4;8.4;0.0
73;2021-04-22;1952;1274;0;94474;37646;0;21.8;8.7;0.0
73;2021-04-23;1985;1283;0;96459;38929;0;22.3;9.0;0.0
73;2021-04-24;1069;720;0;97528;39649;0;22.5;9.2;0.0
73;2021-04-25;95;104;0;97623;39753;0;22.6;9.2;0.0
73;2021-04-26;1250;1372;0;98873;41125;0;22.9;9.5;0.0
73;2021-04-27;1601;1566;0;100474;42691;0;23.2;9.9;0.0
73;2021-04-28;1854;1549;0;102328;44240;0;23.7;10.2;0.0
73;2021-04-29;2563;1581;0;104891;45821;0;24.2;10.6;0.0
73;2021-04-30;2519;1484;0;107410;47305;0;24.8;10.9;0.0
73;2021-05-01;1076;319;0;108486;47624;0;25.1;11.0;0.0
73;2021-05-02;49;160;0;108535;47784;0;25.1;11.0;0.0
73;2021-05-03;1496;1730;0;110031;49514;0;25.4;11.4;0.0
73;2021-05-04;1840;2067;0;111871;51581;0;25.9;11.9;0.0
73;2021-05-05;2058;1912;0;113929;53493;0;26.3;12.4;0.0
73;2021-05-06;2521;1847;0;116450;55340;0;26.9;12.8;0.0
73;2021-05-07;2339;1987;0;118789;57327;0;27.5;13.3;0.0
73;2021-05-08;1751;392;0;120540;57719;0;27.9;13.3;0.0
73;2021-05-09;228;154;0;120768;57873;0;27.9;13.4;0.0
73;2021-05-10;1667;2005;0;122435;59878;0;28.3;13.8;0.0
73;2021-05-11;2483;2522;0;124918;62400;0;28.9;14.4;0.0
73;2021-05-12;3563;2166;0;128481;64566;0;29.7;14.9;0.0
73;2021-05-13;1778;333;0;130259;64899;0;30.1;15.0;0.0
73;2021-05-14;1913;1572;0;132172;66471;0;30.6;15.4;0.0
73;2021-05-15;1725;1030;0;133897;67501;0;31.0;15.6;0.0
73;2021-05-16;419;105;0;134316;67606;0;31.1;15.6;0.0
73;2021-05-17;2014;1945;0;136330;69551;0;31.5;16.1;0.0
73;2021-05-18;2838;1808;0;139168;71359;0;32.2;16.5;0.0
73;2021-05-19;2794;1598;0;141962;72957;0;32.8;16.9;0.0
73;2021-05-20;3477;1566;0;145439;74523;0;33.6;17.2;0.0
73;2021-05-21;2736;1848;0;148175;76371;0;34.3;17.7;0.0
73;2021-05-22;2112;907;0;150287;77278;0;34.7;17.9;0.0
73;2021-05-23;386;29;0;150673;77307;0;34.8;17.9;0.0
73;2021-05-24;2531;356;0;153204;77663;0;35.4;18.0;0.0
73;2021-05-25;2410;1782;0;155614;79445;0;36.0;18.4;0.0
73;2021-05-26;2416;1990;0;158030;81435;0;36.5;18.8;0.0
73;2021-05-27;3248;1790;0;161278;83225;0;37.3;19.2;0.0
73;2021-05-28;3030;2346;0;164308;85571;0;38.0;19.8;0.0
73;2021-05-29;2268;1319;0;166576;86890;0;38.5;20.1;0.0
73;2021-05-30;257;37;0;166833;86927;0;38.6;20.1;0.0
73;2021-05-31;2406;1769;0;169239;88696;0;39.1;20.5;0.0
73;2021-06-01;3155;1945;0;172394;90641;0;39.9;21.0;0.0
73;2021-06-02;2979;1511;0;175373;92152;0;40.5;21.3;0.0
73;2021-06-03;4238;1809;0;179611;93961;0;41.5;21.7;0.0
73;2021-06-04;4138;2328;0;183749;96289;0;42.5;22.3;0.0
73;2021-06-05;2923;1354;0;186672;97643;0;43.2;22.6;0.0
73;2021-06-06;1619;282;0;188291;97925;0;43.5;22.6;0.0
73;2021-06-07;2559;2221;0;190850;100146;0;44.1;23.2;0.0
73;2021-06-08;2569;1996;0;193419;102142;0;44.7;23.6;0.0
73;2021-06-09;2248;1871;0;195667;104013;0;45.2;24.0;0.0
73;2021-06-10;1939;1740;0;197606;105753;0;45.7;24.4;0.0
73;2021-06-11;2111;2515;0;199717;108268;0;46.2;25.0;0.0
73;2021-06-12;2053;1349;0;201770;109617;0;46.6;25.3;0.0
73;2021-06-13;69;98;0;201839;109715;0;46.7;25.4;0.0
73;2021-06-14;1277;3006;0;203116;112721;0;47.0;26.1;0.0
73;2021-06-15;1609;2787;0;204725;115508;0;47.3;26.7;0.0
73;2021-06-16;1477;2600;0;206202;118108;0;47.7;27.3;0.0
73;2021-06-17;1013;1793;0;207215;119901;0;47.9;27.7;0.0
73;2021-06-18;1864;2906;0;209079;122807;0;48.3;28.4;0.0
73;2021-06-19;1255;1970;0;210334;124777;0;48.6;28.8;0.0
73;2021-06-20;373;295;0;210707;125072;0;48.7;28.9;0.0
73;2021-06-21;1089;3055;0;211796;128127;0;49.0;29.6;0.0
73;2021-06-22;1074;2973;0;212870;131100;0;49.2;30.3;0.0
73;2021-06-23;1059;3176;0;213929;134276;0;49.5;31.0;0.0
73;2021-06-24;917;1969;0;214846;136245;0;49.7;31.5;0.0
73;2021-06-25;1227;2940;0;216073;139185;0;50.0;32.2;0.0
73;2021-06-26;842;2494;0;216915;141679;0;50.1;32.8;0.0
73;2021-06-27;279;576;0;217194;142255;0;50.2;32.9;0.0
73;2021-06-28;910;3694;0;218104;145949;0;50.4;33.7;0.0
73;2021-06-29;1039;3530;0;219143;149479;0;50.7;34.6;0.0
73;2021-06-30;1162;3157;0;220305;152636;0;50.9;35.3;0.0
73;2021-07-01;1205;2549;0;221510;155185;0;51.2;35.9;0.0
73;2021-07-02;1253;3737;0;222763;158922;0;51.5;36.7;0.0
73;2021-07-03;926;2812;0;223689;161734;0;51.7;37.4;0.0
73;2021-07-04;280;613;0;223969;162347;0;51.8;37.5;0.0
73;2021-07-05;1137;3669;0;225106;166016;0;52.0;38.4;0.0
73;2021-07-06;1263;3022;0;226369;169038;0;52.3;39.1;0.0
73;2021-07-07;1387;2951;0;227756;171989;0;52.7;39.8;0.0
73;2021-07-08;1317;2329;0;229073;174318;0;53.0;40.3;0.0
73;2021-07-09;1399;3947;0;230472;178265;0;53.3;41.2;0.0
73;2021-07-10;805;2916;0;231277;181181;0;53.5;41.9;0.0
73;2021-07-11;499;1284;0;231776;182465;0;53.6;42.2;0.0
73;2021-07-12;982;4028;0;232758;186493;0;53.8;43.1;0.0
73;2021-07-13;1746;4134;0;234504;190627;0;54.2;44.1;0.0
73;2021-07-14;1587;1706;0;236091;192333;0;54.6;44.5;0.0
73;2021-07-15;2532;3535;0;238623;195868;0;55.2;45.3;0.0
73;2021-07-16;2363;3858;0;240986;199726;0;55.7;46.2;0.0
73;2021-07-17;1501;2487;0;242487;202213;0;56.1;46.7;0.0
73;2021-07-18;929;1042;0;243416;203255;0;56.3;47.0;0.0
73;2021-07-19;2191;3096;0;245607;206351;0;56.8;47.7;0.0
73;2021-07-20;3155;2748;0;248762;209099;0;57.5;48.3;0.0
73;2021-07-21;3044;2573;0;251806;211672;0;58.2;48.9;0.0
73;2021-07-22;2662;2132;0;254468;213804;0;58.8;49.4;0.0
73;2021-07-23;3293;2866;0;257761;216670;0;59.6;50.1;0.0
73;2021-07-24;1945;2163;0;259706;218833;0;60.0;50.6;0.0
73;2021-07-25;537;652;0;260243;219485;0;60.2;50.7;0.0
73;2021-07-26;2498;2364;0;262741;221849;0;60.7;51.3;0.0
73;2021-07-27;3481;2144;0;266222;223993;0;61.5;51.8;0.0
73;2021-07-28;3276;1931;0;269498;225924;0;62.3;52.2;0.0
73;2021-07-29;3530;1822;0;273028;227746;0;63.1;52.7;0.0
73;2021-07-30;3334;2349;0;276362;230095;0;63.9;53.2;0.0
73;2021-07-31;2232;1385;0;278594;231480;0;64.4;53.5;0.0
73;2021-08-01;702;528;0;279296;232008;0;64.6;53.6;0.0
73;2021-08-02;2929;1923;0;282225;233931;0;65.2;54.1;0.0
73;2021-08-03;3161;1794;0;285386;235725;0;66.0;54.5;0.0
73;2021-08-04;2936;1831;0;288322;237556;0;66.7;54.9;0.0
73;2021-08-05;2522;1905;0;290844;239461;0;67.2;55.4;0.0
73;2021-08-06;2202;2262;0;293046;241723;0;67.7;55.9;0.0
73;2021-08-07;1250;1418;0;294296;243141;0;68.0;56.2;0.0
73;2021-08-08;377;494;0;294673;243635;0;68.1;56.3;0.0
73;2021-08-09;1611;2142;0;296284;245777;0;68.5;56.8;0.0
73;2021-08-10;1699;2302;0;297983;248079;0;68.9;57.4;0.0
73;2021-08-11;1591;2292;0;299574;250371;0;69.3;57.9;0.0
73;2021-08-12;1489;2237;0;301063;252608;0;69.6;58.4;0.0
73;2021-08-13;1374;2664;0;302437;255272;0;69.9;59.0;0.0
73;2021-08-14;926;1505;0;303363;256777;0;70.1;59.4;0.0
73;2021-08-15;89;165;0;303452;256942;0;70.2;59.4;0.0
73;2021-08-16;917;1551;0;304369;258493;0;70.4;59.8;0.0
73;2021-08-17;919;1909;0;305288;260402;0;70.6;60.2;0.0
73;2021-08-18;906;2632;0;306194;263034;0;70.8;60.8;0.0
73;2021-08-19;904;2739;0;307098;265773;0;71.0;61.4;0.0
73;2021-08-20;830;2982;0;307928;268755;0;71.2;62.1;0.0
73;2021-08-21;422;1821;0;308350;270576;0;71.3;62.6;0.0
73;2021-08-22;212;799;0;308562;271375;0;71.3;62.7;0.0
73;2021-08-23;701;2815;0;309263;274190;0;71.5;63.4;0.0
73;2021-08-24;860;2976;0;310123;277166;0;71.7;64.1;0.0
73;2021-08-25;721;2725;0;310844;279891;0;71.9;64.7;0.0
73;2021-08-26;682;2264;0;311526;282155;0;72.0;65.2;0.0
73;2021-08-27;762;2589;0;312288;284744;0;72.2;65.8;0.0
73;2021-08-28;430;1682;0;312718;286426;0;72.3;66.2;0.0
73;2021-08-29;251;836;0;312969;287262;0;72.4;66.4;0.0
73;2021-08-30;823;2477;20;313792;289739;20;72.5;67.0;0.0
73;2021-08-31;774;2285;31;314566;292024;51;72.7;67.5;0.0
73;2021-09-01;831;1950;153;315397;293974;204;72.9;68.0;0.0
73;2021-09-02;631;1667;279;316028;295641;483;73.1;68.3;0.1
73;2021-09-03;693;1885;210;316721;297526;693;73.2;68.8;0.2
73;2021-09-04;525;1232;92;317246;298758;785;73.3;69.1;0.2
73;2021-09-05;198;598;40;317444;299356;825;73.4;69.2;0.2
73;2021-09-06;375;1044;242;317819;300400;1067;73.5;69.4;0.2
73;2021-09-07;394;864;248;318213;301264;1315;73.6;69.6;0.3
73;2021-09-08;479;925;188;318692;302189;1503;73.7;69.9;0.3
73;2021-09-09;455;892;274;319147;303081;1777;73.8;70.1;0.4
73;2021-09-10;601;1176;281;319748;304257;2058;73.9;70.3;0.5
73;2021-09-11;363;896;88;320111;305153;2146;74.0;70.5;0.5
73;2021-09-12;68;140;9;320179;305293;2155;74.0;70.6;0.5
73;2021-09-13;342;702;343;320521;305995;2498;74.1;70.7;0.6
73;2021-09-14;397;632;375;320918;306627;2873;74.2;70.9;0.7
73;2021-09-15;416;881;312;321334;307508;3185;74.3;71.1;0.7
73;2021-09-16;324;590;307;321658;308098;3492;74.4;71.2;0.8
73;2021-09-17;390;873;428;322048;308971;3920;74.5;71.4;0.9
73;2021-09-18;257;618;135;322305;309589;4055;74.5;71.6;0.9
73;2021-09-19;45;176;9;322350;309765;4064;74.5;71.6;0.9
73;2021-09-20;182;647;377;322532;310412;4441;74.6;71.8;1.0
73;2021-09-21;282;535;531;322814;310947;4972;74.6;71.9;1.1
73;2021-09-22;270;789;327;323084;311736;5299;74.7;72.1;1.2
73;2021-09-23;246;480;421;323330;312216;5720;74.8;72.2;1.3
73;2021-09-24;283;826;474;323613;313042;6194;74.8;72.4;1.4
73;2021-09-25;187;720;99;323800;313762;6293;74.9;72.5;1.5
73;2021-09-26;60;182;14;323860;313944;6307;74.9;72.6;1.5
73;2021-09-27;238;485;526;324098;314429;6833;74.9;72.7;1.6
73;2021-09-28;190;347;435;324288;314776;7268;75.0;72.8;1.7
73;2021-09-29;232;658;335;324520;315434;7603;75.0;72.9;1.8
73;2021-09-30;200;380;326;324720;315814;7929;75.1;73.0;1.8
73;2021-10-01;271;587;339;324991;316401;8268;75.1;73.1;1.9
73;2021-10-02;189;492;150;325180;316893;8418;75.2;73.3;1.9
73;2021-10-03;8;31;3;325188;316924;8421;75.2;73.3;1.9
73;2021-10-04;248;365;433;325436;317289;8854;75.2;73.4;2.0
73;2021-10-05;178;319;521;325614;317608;9375;75.3;73.4;2.2
73;2021-10-06;310;497;395;325924;318105;9770;75.3;73.5;2.3
73;2021-10-07;169;305;423;326093;318410;10193;75.4;73.6;2.4
73;2021-10-08;311;562;588;326404;318972;10781;75.5;73.7;2.5
73;2021-10-09;169;358;121;326573;319330;10902;75.5;73.8;2.5
73;2021-10-10;6;15;4;326579;319345;10906;75.5;73.8;2.5
73;2021-10-11;208;329;401;326787;319674;11307;75.5;73.9;2.6
73;2021-10-12;150;193;291;326937;319867;11598;75.6;73.9;2.7
73;2021-10-13;233;364;459;327170;320231;12057;75.6;74.0;2.8
73;2021-10-14;175;303;551;327345;320534;12608;75.7;74.1;2.9
73;2021-10-15;225;351;464;327570;320885;13072;75.7;74.2;3.0
73;2021-10-16;122;198;160;327692;321083;13232;75.8;74.2;3.1
73;2021-10-17;4;7;25;327696;321090;13257;75.8;74.2;3.1
73;2021-10-18;178;338;433;327874;321428;13690;75.8;74.3;3.2
73;2021-10-19;102;256;801;327976;321684;14491;75.8;74.4;3.4
73;2021-10-20;108;201;501;328084;321885;14992;75.8;74.4;3.5
73;2021-10-21;79;189;662;328163;322074;15654;75.9;74.5;3.6
73;2021-10-22;114;215;527;328277;322289;16181;75.9;74.5;3.7
73;2021-10-23;66;151;122;328343;322440;16303;75.9;74.5;3.8
73;2021-10-24;2;12;1;328345;322452;16304;75.9;74.5;3.8
73;2021-10-25;105;136;576;328450;322588;16880;75.9;74.6;3.9
73;2021-10-26;128;202;917;328578;322790;17797;76.0;74.6;4.1
73;2021-10-27;94;249;706;328672;323039;18503;76.0;74.7;4.3
73;2021-10-28;88;144;841;328760;323183;19344;76.0;74.7;4.5
73;2021-10-29;122;260;826;328882;323443;20170;76.0;74.8;4.7
73;2021-10-30;61;143;255;328943;323586;20425;76.0;74.8;4.7
73;2021-10-31;6;25;33;328949;323611;20458;76.0;74.8;4.7
73;2021-11-01;15;6;39;328964;323617;20497;76.1;74.8;4.7
73;2021-11-02;115;194;901;329079;323811;21398;76.1;74.9;4.9
73;2021-11-03;88;183;850;329167;323994;22248;76.1;74.9;5.1
73;2021-11-04;85;166;873;329252;324160;23121;76.1;74.9;5.3
73;2021-11-05;103;207;1061;329355;324367;24182;76.1;75.0;5.6
73;2021-11-06;75;142;503;329430;324509;24685;76.2;75.0;5.7
73;2021-11-07;1;5;6;329431;324514;24691;76.2;75.0;5.7
73;2021-11-08;84;154;1196;329515;324668;25887;76.2;75.1;6.0
73;2021-11-09;88;152;1384;329603;324820;27271;76.2;75.1;6.3
73;2021-11-10;135;182;1330;329738;325002;28601;76.2;75.1;6.6
73;2021-11-11;8;22;99;329746;325024;28700;76.2;75.1;6.6
73;2021-11-12;91;157;1245;329837;325181;29945;76.3;75.2;6.9
73;2021-11-13;71;97;483;329908;325278;30428;76.3;75.2;7.0
73;2021-11-14;2;6;5;329910;325284;30433;76.3;75.2;7.0
73;2021-11-15;77;145;1650;329987;325429;32083;76.3;75.2;7.4
73;2021-11-16;90;126;1827;330077;325555;33910;76.3;75.3;7.8
73;2021-11-17;106;145;1492;330183;325700;35402;76.3;75.3;8.2
73;2021-11-18;68;84;1509;330251;325784;36911;76.4;75.3;8.5
73;2021-11-19;155;192;1744;330406;325976;38655;76.4;75.4;8.9
73;2021-11-20;113;114;723;330519;326090;39378;76.4;75.4;9.1
73;2021-11-21;2;14;85;330521;326104;39463;76.4;75.4;9.1
73;2021-11-22;87;84;1785;330608;326188;41248;76.4;75.4;9.5
73;2021-11-23;115;127;2000;330723;326315;43248;76.5;75.4;10.0
73;2021-11-24;151;138;1611;330874;326453;44859;76.5;75.5;10.4
73;2021-11-25;91;81;2048;330965;326534;46907;76.5;75.5;10.8
73;2021-11-26;142;166;2500;331107;326700;49407;76.5;75.5;11.4
73;2021-11-27;103;108;1058;331210;326808;50465;76.6;75.6;11.7
73;2021-11-28;5;26;50;331215;326834;50515;76.6;75.6;11.7
73;2021-11-29;71;99;2663;331286;326933;53178;76.6;75.6;12.3
73;2021-11-30;131;165;3867;331417;327098;57045;76.6;75.6;13.2
73;2021-12-01;104;142;3257;331521;327240;60302;76.6;75.7;13.9
73;2021-12-02;104;106;3929;331625;327346;64231;76.7;75.7;14.8
73;2021-12-03;90;145;4061;331715;327491;68292;76.7;75.7;15.8
73;2021-12-04;73;89;2002;331788;327580;70294;76.7;75.7;16.3
73;2021-12-05;17;23;762;331805;327603;71056;76.7;75.7;16.4
73;2021-12-06;90;134;3388;331895;327737;74444;76.7;75.8;17.2
73;2021-12-07;86;109;4000;331981;327846;78444;76.8;75.8;18.1
73;2021-12-08;117;150;4026;332098;327996;82470;76.8;75.8;19.1
73;2021-12-09;88;134;4727;332186;328130;87197;76.8;75.9;20.2
74;2020-12-27;2;0;0;2;0;0;0.0;0.0;0.0
74;2020-12-28;2;1;0;4;1;0;0.0;0.0;0.0
74;2020-12-29;0;0;0;4;1;0;0.0;0.0;0.0
74;2020-12-30;0;0;0;4;1;0;0.0;0.0;0.0
74;2020-12-31;0;0;0;4;1;0;0.0;0.0;0.0
74;2021-01-01;0;0;0;4;1;0;0.0;0.0;0.0
74;2021-01-02;1;1;0;5;2;0;0.0;0.0;0.0
74;2021-01-03;1;0;0;6;2;0;0.0;0.0;0.0
74;2021-01-04;1;0;0;7;2;0;0.0;0.0;0.0
74;2021-01-05;3;0;0;10;2;0;0.0;0.0;0.0
74;2021-01-06;46;0;0;56;2;0;0.0;0.0;0.0
74;2021-01-07;220;1;0;276;3;0;0.0;0.0;0.0
74;2021-01-08;288;2;0;564;5;0;0.1;0.0;0.0
74;2021-01-09;79;0;0;643;5;0;0.1;0.0;0.0
74;2021-01-10;74;0;0;717;5;0;0.1;0.0;0.0
74;2021-01-11;372;1;0;1089;6;0;0.1;0.0;0.0
74;2021-01-12;409;3;0;1498;9;0;0.2;0.0;0.0
74;2021-01-13;401;0;0;1899;9;0;0.2;0.0;0.0
74;2021-01-14;467;2;0;2366;11;0;0.3;0.0;0.0
74;2021-01-15;629;4;0;2995;15;0;0.4;0.0;0.0
74;2021-01-16;241;1;0;3236;16;0;0.4;0.0;0.0
74;2021-01-17;113;1;0;3349;17;0;0.4;0.0;0.0
74;2021-01-18;513;0;0;3862;17;0;0.5;0.0;0.0
74;2021-01-19;791;3;0;4653;20;0;0.6;0.0;0.0
74;2021-01-20;1282;3;0;5935;23;0;0.7;0.0;0.0
74;2021-01-21;1496;4;0;7431;27;0;0.9;0.0;0.0
74;2021-01-22;1181;6;0;8612;33;0;1.0;0.0;0.0
74;2021-01-23;317;1;0;8929;34;0;1.1;0.0;0.0
74;2021-01-24;81;1;0;9010;35;0;1.1;0.0;0.0
74;2021-01-25;774;3;0;9784;38;0;1.2;0.0;0.0
74;2021-01-26;1299;25;0;11083;63;0;1.3;0.0;0.0
74;2021-01-27;1058;16;0;12141;79;0;1.5;0.0;0.0
74;2021-01-28;992;48;0;13133;127;0;1.6;0.0;0.0
74;2021-01-29;826;47;0;13959;174;0;1.7;0.0;0.0
74;2021-01-30;331;2;0;14290;176;0;1.7;0.0;0.0
74;2021-01-31;88;2;0;14378;178;0;1.7;0.0;0.0
74;2021-02-01;580;46;0;14958;224;0;1.8;0.0;0.0
74;2021-02-02;610;160;0;15568;384;0;1.9;0.0;0.0
74;2021-02-03;584;138;0;16152;522;0;1.9;0.1;0.0
74;2021-02-04;588;139;0;16740;661;0;2.0;0.1;0.0
74;2021-02-05;524;230;0;17264;891;0;2.1;0.1;0.0
74;2021-02-06;288;131;0;17552;1022;0;2.1;0.1;0.0
74;2021-02-07;85;122;0;17637;1144;0;2.1;0.1;0.0
74;2021-02-08;586;338;0;18223;1482;0;2.2;0.2;0.0
74;2021-02-09;530;514;0;18753;1996;0;2.3;0.2;0.0
74;2021-02-10;747;556;0;19500;2552;0;2.4;0.3;0.0
74;2021-02-11;1025;1007;0;20525;3559;0;2.5;0.4;0.0
74;2021-02-12;881;607;0;21406;4166;0;2.6;0.5;0.0
74;2021-02-13;380;228;0;21786;4394;0;2.6;0.5;0.0
74;2021-02-14;287;99;0;22073;4493;0;2.7;0.5;0.0
74;2021-02-15;274;812;0;22347;5305;0;2.7;0.6;0.0
74;2021-02-16;462;1016;0;22809;6321;0;2.8;0.8;0.0
74;2021-02-17;524;1095;0;23333;7416;0;2.8;0.9;0.0
74;2021-02-18;481;957;0;23814;8373;0;2.9;1.0;0.0
74;2021-02-19;615;647;0;24429;9020;0;2.9;1.1;0.0
74;2021-02-20;117;188;0;24546;9208;0;3.0;1.1;0.0
74;2021-02-21;45;58;0;24591;9266;0;3.0;1.1;0.0
74;2021-02-22;299;802;0;24890;10068;0;3.0;1.2;0.0
74;2021-02-23;305;808;0;25195;10876;0;3.0;1.3;0.0
74;2021-02-24;264;719;0;25459;11595;0;3.1;1.4;0.0
74;2021-02-25;519;733;0;25978;12328;0;3.1;1.5;0.0
74;2021-02-26;929;682;0;26907;13010;0;3.2;1.6;0.0
74;2021-02-27;277;242;0;27184;13252;0;3.3;1.6;0.0
74;2021-02-28;117;67;0;27301;13319;0;3.3;1.6;0.0
74;2021-03-01;720;589;0;28021;13908;0;3.4;1.7;0.0
74;2021-03-02;1064;652;0;29085;14560;0;3.5;1.8;0.0
74;2021-03-03;1025;676;0;30110;15236;0;3.6;1.8;0.0
74;2021-03-04;1563;985;0;31673;16221;0;3.8;2.0;0.0
74;2021-03-05;2026;879;0;33699;17100;0;4.1;2.1;0.0
74;2021-03-06;1737;337;0;35436;17437;0;4.3;2.1;0.0
74;2021-03-07;1341;105;0;36777;17542;0;4.4;2.1;0.0
74;2021-03-08;1162;902;0;37939;18444;0;4.6;2.2;0.0
74;2021-03-09;1892;658;0;39831;19102;0;4.8;2.3;0.0
74;2021-03-10;1721;893;0;41552;19995;0;5.0;2.4;0.0
74;2021-03-11;2412;711;0;43964;20706;0;5.3;2.5;0.0
74;2021-03-12;3158;992;0;47122;21698;0;5.7;2.6;0.0
74;2021-03-13;1924;270;0;49046;21968;0;5.9;2.7;0.0
74;2021-03-14;576;97;0;49622;22065;0;6.0;2.7;0.0
74;2021-03-15;2087;555;0;51709;22620;0;6.2;2.7;0.0
74;2021-03-16;1920;424;0;53629;23044;0;6.5;2.8;0.0
74;2021-03-17;1922;333;0;55551;23377;0;6.7;2.8;0.0
74;2021-03-18;2091;294;0;57642;23671;0;7.0;2.9;0.0
74;2021-03-19;2573;318;0;60215;23989;0;7.3;2.9;0.0
74;2021-03-20;1330;102;0;61545;24091;0;7.4;2.9;0.0
74;2021-03-21;268;33;0;61813;24124;0;7.5;2.9;0.0
74;2021-03-22;1994;320;0;63807;24444;0;7.7;3.0;0.0
74;2021-03-23;2659;343;0;66466;24787;0;8.0;3.0;0.0
74;2021-03-24;2853;338;0;69319;25125;0;8.4;3.0;0.0
74;2021-03-25;3737;321;0;73056;25446;0;8.8;3.1;0.0
74;2021-03-26;3997;411;0;77053;25857;0;9.3;3.1;0.0
74;2021-03-27;1851;268;0;78904;26125;0;9.5;3.2;0.0
74;2021-03-28;429;73;0;79333;26198;0;9.6;3.2;0.0
74;2021-03-29;2867;708;0;82200;26906;0;9.9;3.2;0.0
74;2021-03-30;3418;774;0;85618;27680;0;10.3;3.3;0.0
74;2021-03-31;3056;735;0;88674;28415;0;10.7;3.4;0.0
74;2021-04-01;4001;880;0;92675;29295;0;11.2;3.5;0.0
74;2021-04-02;3516;781;0;96191;30076;0;11.6;3.6;0.0
74;2021-04-03;1573;522;0;97764;30598;0;11.8;3.7;0.0
74;2021-04-04;231;118;0;97995;30716;0;11.8;3.7;0.0
74;2021-04-05;446;18;0;98441;30734;0;11.9;3.7;0.0
74;2021-04-06;2524;1202;0;100965;31936;0;12.2;3.9;0.0
74;2021-04-07;2988;1247;0;103953;33183;0;12.5;4.0;0.0
74;2021-04-08;3695;1210;0;107648;34393;0;13.0;4.2;0.0
74;2021-04-09;3935;1184;0;111583;35577;0;13.5;4.3;0.0
74;2021-04-10;1814;953;0;113397;36530;0;13.7;4.4;0.0
74;2021-04-11;240;171;0;113637;36701;0;13.7;4.4;0.0
74;2021-04-12;2625;1758;0;116262;38459;0;14.0;4.6;0.0
74;2021-04-13;3032;2124;0;119294;40583;0;14.4;4.9;0.0
74;2021-04-14;2827;1953;0;122121;42536;0;14.7;5.1;0.0
74;2021-04-15;3323;1879;0;125444;44415;0;15.1;5.4;0.0
74;2021-04-16;3221;1729;0;128665;46144;0;15.5;5.6;0.0
74;2021-04-17;1828;1015;0;130493;47159;0;15.8;5.7;0.0
74;2021-04-18;203;196;0;130696;47355;0;15.8;5.7;0.0
74;2021-04-19;2048;2034;0;132744;49389;0;16.0;6.0;0.0
74;2021-04-20;2965;2382;0;135709;51771;0;16.4;6.2;0.0
74;2021-04-21;2384;2325;0;138093;54096;0;16.7;6.5;0.0
74;2021-04-22;2482;2298;0;140575;56394;0;17.0;6.8;0.0
74;2021-04-23;2505;2200;0;143080;58594;0;17.3;7.1;0.0
74;2021-04-24;1399;1493;0;144479;60087;0;17.4;7.3;0.0
74;2021-04-25;230;147;0;144709;60234;0;17.5;7.3;0.0
74;2021-04-26;2252;2377;0;146961;62611;0;17.7;7.6;0.0
74;2021-04-27;3079;2796;0;150040;65407;0;18.1;7.9;0.0
74;2021-04-28;3315;2555;0;153355;67962;0;18.5;8.2;0.0
74;2021-04-29;3704;2622;0;157059;70584;0;19.0;8.5;0.0
74;2021-04-30;3896;2175;0;160955;72759;0;19.4;8.8;0.0
74;2021-05-01;1998;386;0;162953;73145;0;19.7;8.8;0.0
74;2021-05-02;201;221;0;163154;73366;0;19.7;8.9;0.0
74;2021-05-03;2493;2902;0;165647;76268;0;20.0;9.2;0.0
74;2021-05-04;3041;2932;0;168688;79200;0;20.4;9.6;0.0
74;2021-05-05;3153;2865;0;171841;82065;0;20.7;9.9;0.0
74;2021-05-06;3654;2584;0;175495;84649;0;21.2;10.2;0.0
74;2021-05-07;3448;3470;0;178943;88119;0;21.6;10.6;0.0
74;2021-05-08;1162;797;0;180105;88916;0;21.7;10.7;0.0
74;2021-05-09;235;246;0;180340;89162;0;21.8;10.8;0.0
74;2021-05-10;3253;3028;0;183593;92190;0;22.2;11.1;0.0
74;2021-05-11;4097;3304;0;187690;95494;0;22.7;11.5;0.0
74;2021-05-12;4854;2870;0;192544;98364;0;23.2;11.9;0.0
74;2021-05-13;2226;920;0;194770;99284;0;23.5;12.0;0.0
74;2021-05-14;5248;2273;0;200018;101557;0;24.1;12.3;0.0
74;2021-05-15;4039;1735;0;204057;103292;0;24.6;12.5;0.0
74;2021-05-16;2322;308;0;206379;103600;0;24.9;12.5;0.0
74;2021-05-17;4856;2773;0;211235;106373;0;25.5;12.8;0.0
74;2021-05-18;6112;2689;0;217347;109062;0;26.2;13.2;0.0
74;2021-05-19;5629;2234;0;222976;111296;0;26.9;13.4;0.0
74;2021-05-20;5936;2414;0;228912;113710;0;27.6;13.7;0.0
74;2021-05-21;5900;2876;0;234812;116586;0;28.3;14.1;0.0
74;2021-05-22;4614;1466;0;239426;118052;0;28.9;14.3;0.0
74;2021-05-23;1688;261;0;241114;118313;0;29.1;14.3;0.0
74;2021-05-24;2306;644;0;243420;118957;0;29.4;14.4;0.0
74;2021-05-25;4690;3187;0;248110;122144;0;30.0;14.7;0.0
74;2021-05-26;4821;2478;0;252931;124622;0;30.5;15.0;0.0
74;2021-05-27;5457;2858;0;258388;127480;0;31.2;15.4;0.0
74;2021-05-28;5093;3484;0;263481;130964;0;31.8;15.8;0.0
74;2021-05-29;3430;2035;0;266911;132999;0;32.2;16.1;0.0
74;2021-05-30;518;301;0;267429;133300;0;32.3;16.1;0.0
74;2021-05-31;4540;3429;0;271969;136729;0;32.8;16.5;0.0
74;2021-06-01;4573;3604;0;276542;140333;0;33.4;16.9;0.0
74;2021-06-02;4781;3064;0;281323;143397;0;34.0;17.3;0.0
74;2021-06-03;6249;3103;0;287572;146500;0;34.7;17.7;0.0
74;2021-06-04;6365;4226;0;293937;150726;0;35.5;18.2;0.0
74;2021-06-05;4007;2539;0;297944;153265;0;36.0;18.5;0.0
74;2021-06-06;217;133;0;298161;153398;0;36.0;18.5;0.0
74;2021-06-07;4570;3937;0;302731;157335;0;36.5;19.0;0.0
74;2021-06-08;4567;3743;0;307298;161078;0;37.1;19.4;0.0
74;2021-06-09;4561;3306;0;311859;164384;0;37.6;19.8;0.0
74;2021-06-10;4644;2736;0;316503;167120;0;38.2;20.2;0.0
74;2021-06-11;4689;3576;0;321192;170696;0;38.8;20.6;0.0
74;2021-06-12;3153;2242;0;324345;172938;0;39.2;20.9;0.0
74;2021-06-13;189;104;0;324534;173042;0;39.2;20.9;0.0
74;2021-06-14;3215;4179;0;327749;177221;0;39.6;21.4;0.0
74;2021-06-15;3277;3674;0;331026;180895;0;40.0;21.8;0.0
74;2021-06-16;4260;2943;0;335286;183838;0;40.5;22.2;0.0
74;2021-06-17;3372;2778;0;338658;186616;0;40.9;22.5;0.0
74;2021-06-18;3797;4407;0;342455;191023;0;41.3;23.1;0.0
74;2021-06-19;2573;2775;0;345028;193798;0;41.6;23.4;0.0
74;2021-06-20;147;132;0;345175;193930;0;41.7;23.4;0.0
74;2021-06-21;2177;5015;0;347352;198945;0;41.9;24.0;0.0
74;2021-06-22;2289;4934;0;349641;203879;0;42.2;24.6;0.0
74;2021-06-23;2756;4356;0;352397;208235;0;42.5;25.1;0.0
74;2021-06-24;2623;4130;0;355020;212365;0;42.9;25.6;0.0
74;2021-06-25;2671;6208;0;357691;218573;0;43.2;26.4;0.0
74;2021-06-26;1485;4804;0;359176;223377;0;43.4;27.0;0.0
74;2021-06-27;83;1366;0;359259;224743;0;43.4;27.1;0.0
74;2021-06-28;1726;6544;0;360985;231287;0;43.6;27.9;0.0
74;2021-06-29;2041;6683;0;363026;237970;0;43.8;28.7;0.0
74;2021-06-30;2534;6011;0;365560;243981;0;44.1;29.5;0.0
74;2021-07-01;3043;4856;0;368603;248837;0;44.5;30.0;0.0
74;2021-07-02;2939;6070;0;371542;254907;0;44.9;30.8;0.0
74;2021-07-03;1462;4561;0;373004;259468;0;45.0;31.3;0.0
74;2021-07-04;113;894;0;373117;260362;0;45.0;31.4;0.0
74;2021-07-05;1911;6262;0;375028;266624;0;45.3;32.2;0.0
74;2021-07-06;2382;5910;0;377410;272534;0;45.6;32.9;0.0
74;2021-07-07;2720;4971;0;380130;277505;0;45.9;33.5;0.0
74;2021-07-08;3414;4467;0;383544;281972;0;46.3;34.0;0.0
74;2021-07-09;2540;6360;0;386084;288332;0;46.6;34.8;0.0
74;2021-07-10;1480;4581;0;387564;292913;0;46.8;35.4;0.0
74;2021-07-11;117;225;0;387681;293138;0;46.8;35.4;0.0
74;2021-07-12;1986;7117;0;389667;300255;0;47.0;36.2;0.0
74;2021-07-13;3658;6846;0;393325;307101;0;47.5;37.1;0.0
74;2021-07-14;2006;2132;0;395331;309233;0;47.7;37.3;0.0
74;2021-07-15;3554;6308;0;398885;315541;0;48.2;38.1;0.0
74;2021-07-16;4014;7112;0;402899;322653;0;48.6;38.9;0.0
74;2021-07-17;2705;4796;0;405604;327449;0;49.0;39.5;0.0
74;2021-07-18;279;273;0;405883;327722;0;49.0;39.6;0.0
74;2021-07-19;3987;6612;0;409870;334334;0;49.5;40.4;0.0
74;2021-07-20;5363;5923;0;415233;340257;0;50.1;41.1;0.0
74;2021-07-21;5192;6022;0;420425;346279;0;50.8;41.8;0.0
74;2021-07-22;4458;4821;0;424883;351100;0;51.3;42.4;0.0
74;2021-07-23;5745;6420;0;430628;357520;0;52.0;43.2;0.0
74;2021-07-24;2969;3904;0;433597;361424;0;52.3;43.6;0.0
74;2021-07-25;250;225;0;433847;361649;0;52.4;43.7;0.0
74;2021-07-26;5018;5563;0;438865;367212;0;53.0;44.3;0.0
74;2021-07-27;6099;4646;0;444964;371858;0;53.7;44.9;0.0
74;2021-07-28;6060;4617;0;451024;376475;0;54.4;45.4;0.0
74;2021-07-29;4817;3614;0;455841;380089;0;55.0;45.9;0.0
74;2021-07-30;6189;4999;0;462030;385088;0;55.8;46.5;0.0
74;2021-07-31;4061;2900;0;466091;387988;0;56.3;46.8;0.0
74;2021-08-01;294;201;0;466385;388189;0;56.3;46.9;0.0
74;2021-08-02;5728;3993;0;472113;392182;0;57.0;47.3;0.0
74;2021-08-03;5328;3491;0;477441;395673;0;57.6;47.8;0.0
74;2021-08-04;5630;3162;0;483071;398835;0;58.3;48.1;0.0
74;2021-08-05;4491;3080;0;487562;401915;0;58.9;48.5;0.0
74;2021-08-06;4566;3861;0;492128;405776;0;59.4;49.0;0.0
74;2021-08-07;2943;2640;0;495071;408416;0;59.8;49.3;0.0
74;2021-08-08;196;208;0;495267;408624;0;59.8;49.3;0.0
74;2021-08-09;4300;4233;0;499567;412857;0;60.3;49.8;0.0
74;2021-08-10;4302;4221;0;503869;417078;0;60.8;50.3;0.0
74;2021-08-11;3868;4276;0;507737;421354;0;61.3;50.9;0.0
74;2021-08-12;3166;3368;0;510903;424722;0;61.7;51.3;0.0
74;2021-08-13;3252;4137;0;514155;428859;0;62.1;51.8;0.0
74;2021-08-14;2031;3050;0;516186;431909;0;62.3;52.1;0.0
74;2021-08-15;97;161;0;516283;432070;0;62.3;52.2;0.0
74;2021-08-16;2922;5266;0;519205;437336;0;62.7;52.8;0.0
74;2021-08-17;2681;4917;0;521886;442253;0;63.0;53.4;0.0
74;2021-08-18;2629;4806;0;524515;447059;0;63.3;54.0;0.0
74;2021-08-19;2116;3616;0;526631;450675;0;63.6;54.4;0.0
74;2021-08-20;2348;5085;0;528979;455760;0;63.9;55.0;0.0
74;2021-08-21;1068;3744;0;530047;459504;0;64.0;55.5;0.0
74;2021-08-22;60;191;0;530107;459695;0;64.0;55.5;0.0
74;2021-08-23;1799;5786;0;531906;465481;0;64.2;56.2;0.0
74;2021-08-24;1898;5099;0;533804;470580;0;64.4;56.8;0.0
74;2021-08-25;1754;5378;0;535558;475958;0;64.6;57.5;0.0
74;2021-08-26;1422;3507;0;536980;479465;0;64.8;57.9;0.0
74;2021-08-27;1684;4996;0;538664;484461;0;65.0;58.5;0.0
74;2021-08-28;880;3614;0;539544;488075;0;65.1;58.9;0.0
74;2021-08-29;78;239;0;539622;488314;0;65.1;58.9;0.0
74;2021-08-30;1617;4957;113;541239;493271;113;65.3;59.5;0.0
74;2021-08-31;1502;4474;144;542741;497745;257;65.5;60.1;0.0
74;2021-09-01;1855;3649;255;544596;501394;512;65.7;60.5;0.1
74;2021-09-02;1156;2642;198;545752;504036;710;65.9;60.8;0.1
74;2021-09-03;1456;3504;328;547208;507540;1038;66.1;61.3;0.1
74;2021-09-04;1130;2522;86;548338;510062;1124;66.2;61.6;0.1
74;2021-09-05;53;136;2;548391;510198;1126;66.2;61.6;0.1
74;2021-09-06;1155;2667;338;549546;512865;1464;66.3;61.9;0.2
74;2021-09-07;951;2331;292;550497;515196;1756;66.5;62.2;0.2
74;2021-09-08;1249;2616;302;551746;517812;2058;66.6;62.5;0.2
74;2021-09-09;1133;1845;314;552879;519657;2372;66.7;62.7;0.3
74;2021-09-10;1098;2547;357;553977;522204;2729;66.9;63.0;0.3
74;2021-09-11;709;2032;113;554686;524236;2842;67.0;63.3;0.3
74;2021-09-12;49;93;7;554735;524329;2849;67.0;63.3;0.3
74;2021-09-13;915;1872;609;555650;526201;3458;67.1;63.5;0.4
74;2021-09-14;990;1664;666;556640;527865;4124;67.2;63.7;0.5
74;2021-09-15;1030;2104;485;557670;529969;4609;67.3;64.0;0.6
74;2021-09-16;734;1016;360;558404;530985;4969;67.4;64.1;0.6
74;2021-09-17;808;1652;473;559212;532637;5442;67.5;64.3;0.7
74;2021-09-18;543;1449;119;559755;534086;5561;67.6;64.5;0.7
74;2021-09-19;11;54;21;559766;534140;5582;67.6;64.5;0.7
74;2021-09-20;728;1543;559;560494;535683;6141;67.7;64.7;0.7
74;2021-09-21;578;1139;457;561072;536822;6598;67.7;64.8;0.8
74;2021-09-22;577;1758;439;561649;538580;7037;67.8;65.0;0.8
74;2021-09-23;601;924;418;562250;539504;7455;67.9;65.1;0.9
74;2021-09-24;657;1630;452;562907;541134;7907;68.0;65.3;1.0
74;2021-09-25;426;1379;130;563333;542513;8037;68.0;65.5;1.0
74;2021-09-26;9;26;0;563342;542539;8037;68.0;65.5;1.0
74;2021-09-27;520;1172;479;563862;543711;8516;68.1;65.6;1.0
74;2021-09-28;369;821;575;564231;544532;9091;68.1;65.7;1.1
74;2021-09-29;504;1333;462;564735;545865;9553;68.2;65.9;1.2
74;2021-09-30;389;1022;432;565124;546887;9985;68.2;66.0;1.2
74;2021-10-01;723;1094;405;565847;547981;10390;68.3;66.1;1.3
74;2021-10-02;411;719;113;566258;548700;10503;68.4;66.2;1.3
74;2021-10-03;9;25;5;566267;548725;10508;68.4;66.2;1.3
74;2021-10-04;570;959;607;566837;549684;11115;68.4;66.4;1.3
74;2021-10-05;354;805;580;567191;550489;11695;68.5;66.5;1.4
74;2021-10-06;426;986;454;567617;551475;12149;68.5;66.6;1.5
74;2021-10-07;268;647;438;567885;552122;12587;68.6;66.6;1.5
74;2021-10-08;603;1127;707;568488;553249;13294;68.6;66.8;1.6
74;2021-10-09;396;732;184;568884;553981;13478;68.7;66.9;1.6
74;2021-10-10;4;25;3;568888;554006;13481;68.7;66.9;1.6
74;2021-10-11;378;808;800;569266;554814;14281;68.7;67.0;1.7
74;2021-10-12;356;652;919;569622;555466;15200;68.8;67.1;1.8
74;2021-10-13;403;793;668;570025;556259;15868;68.8;67.1;1.9
74;2021-10-14;301;543;570;570326;556802;16438;68.8;67.2;2.0
74;2021-10-15;555;904;995;570881;557706;17433;68.9;67.3;2.1
74;2021-10-16;278;534;284;571159;558240;17717;68.9;67.4;2.1
74;2021-10-17;6;28;2;571165;558268;17719;68.9;67.4;2.1
74;2021-10-18;361;648;741;571526;558916;18460;69.0;67.5;2.2
74;2021-10-19;166;516;1084;571692;559432;19544;69.0;67.5;2.4
74;2021-10-20;233;586;1071;571925;560018;20615;69.0;67.6;2.5
74;2021-10-21;105;286;596;572030;560304;21211;69.1;67.6;2.6
74;2021-10-22;264;632;1182;572294;560936;22393;69.1;67.7;2.7
74;2021-10-23;144;372;279;572438;561308;22672;69.1;67.8;2.7
74;2021-10-24;7;19;3;572445;561327;22675;69.1;67.8;2.7
74;2021-10-25;191;418;1060;572636;561745;23735;69.1;67.8;2.9
74;2021-10-26;184;368;1533;572820;562113;25268;69.1;67.9;3.1
74;2021-10-27;212;478;1324;573032;562591;26592;69.2;67.9;3.2
74;2021-10-28;86;221;701;573118;562812;27293;69.2;67.9;3.3
74;2021-10-29;208;508;1414;573326;563320;28707;69.2;68.0;3.5
74;2021-10-30;103;323;504;573429;563643;29211;69.2;68.0;3.5
74;2021-10-31;1;7;0;573430;563650;29211;69.2;68.0;3.5
74;2021-11-01;31;49;37;573461;563699;29248;69.2;68.0;3.5
74;2021-11-02;200;443;1358;573661;564142;30606;69.2;68.1;3.7
74;2021-11-03;174;371;1510;573835;564513;32116;69.3;68.1;3.9
74;2021-11-04;94;248;954;573929;564761;33070;69.3;68.2;4.0
74;2021-11-05;217;422;1762;574146;565183;34832;69.3;68.2;4.2
74;2021-11-06;101;252;511;574247;565435;35343;69.3;68.3;4.3
74;2021-11-07;3;22;3;574250;565457;35346;69.3;68.3;4.3
74;2021-11-08;133;402;1971;574383;565859;37317;69.3;68.3;4.5
74;2021-11-09;153;254;2075;574536;566113;39392;69.4;68.3;4.8
74;2021-11-10;222;381;2478;574758;566494;41870;69.4;68.4;5.1
74;2021-11-11;3;32;18;574761;566526;41888;69.4;68.4;5.1
74;2021-11-12;183;333;2138;574944;566859;44026;69.4;68.4;5.3
74;2021-11-13;143;173;752;575087;567032;44778;69.4;68.4;5.4
74;2021-11-14;3;13;16;575090;567045;44794;69.4;68.5;5.4
74;2021-11-15;115;234;2192;575205;567279;46986;69.4;68.5;5.7
74;2021-11-16;140;206;2653;575345;567485;49639;69.5;68.5;6.0
74;2021-11-17;238;351;2627;575583;567836;52266;69.5;68.5;6.3
74;2021-11-18;92;148;1686;575675;567984;53952;69.5;68.6;6.5
74;2021-11-19;208;314;3114;575883;568298;57066;69.5;68.6;6.9
74;2021-11-20;222;192;969;576105;568490;58035;69.5;68.6;7.0
74;2021-11-21;12;16;33;576117;568506;58068;69.5;68.6;7.0
74;2021-11-22;169;166;2468;576286;568672;60536;69.6;68.6;7.3
74;2021-11-23;194;200;2683;576480;568872;63219;69.6;68.7;7.6
74;2021-11-24;247;299;2614;576727;569171;65833;69.6;68.7;7.9
74;2021-11-25;135;141;2166;576862;569312;67999;69.6;68.7;8.2
74;2021-11-26;249;327;4280;577111;569639;72279;69.7;68.8;8.7
74;2021-11-27;171;218;1919;577282;569857;74198;69.7;68.8;9.0
74;2021-11-28;5;16;84;577287;569873;74282;69.7;68.8;9.0
74;2021-11-29;129;186;3616;577416;570059;77898;69.7;68.8;9.4
74;2021-11-30;168;261;4750;577584;570320;82648;69.7;68.8;10.0
74;2021-12-01;185;256;4709;577769;570576;87357;69.7;68.9;10.5
74;2021-12-02;150;153;4544;577919;570729;91901;69.8;68.9;11.1
74;2021-12-03;184;247;5964;578103;570976;97865;69.8;68.9;11.8
74;2021-12-04;121;193;2777;578224;571169;100642;69.8;68.9;12.1
74;2021-12-05;5;21;253;578229;571190;100895;69.8;69.0;12.2
74;2021-12-06;189;206;5453;578418;571396;106348;69.8;69.0;12.8
74;2021-12-07;186;244;6877;578604;571640;113225;69.8;69.0;13.7
74;2021-12-08;198;295;5719;578802;571935;118944;69.9;69.0;14.4
74;2021-12-09;171;212;6425;578973;572147;125369;69.9;69.1;15.1
75;2020-12-27;27;0;0;27;0;0;0.0;0.0;0.0
75;2020-12-28;28;0;0;55;0;0;0.0;0.0;0.0
75;2020-12-29;20;0;0;75;0;0;0.0;0.0;0.0
75;2020-12-30;67;0;0;142;0;0;0.0;0.0;0.0
75;2020-12-31;45;0;0;187;0;0;0.0;0.0;0.0
75;2021-01-01;39;2;0;226;2;0;0.0;0.0;0.0
75;2021-01-02;40;1;0;266;3;0;0.0;0.0;0.0
75;2021-01-03;66;2;0;332;5;0;0.0;0.0;0.0
75;2021-01-04;229;3;0;561;8;0;0.0;0.0;0.0
75;2021-01-05;653;7;0;1214;15;0;0.1;0.0;0.0
75;2021-01-06;994;3;0;2208;18;0;0.1;0.0;0.0
75;2021-01-07;1481;10;0;3689;28;0;0.2;0.0;0.0
75;2021-01-08;2219;19;0;5908;47;0;0.3;0.0;0.0
75;2021-01-09;788;5;0;6696;52;0;0.3;0.0;0.0
75;2021-01-10;783;2;0;7479;54;0;0.3;0.0;0.0
75;2021-01-11;2182;31;0;9661;85;0;0.4;0.0;0.0
75;2021-01-12;2544;48;0;12205;133;0;0.6;0.0;0.0
75;2021-01-13;2705;43;0;14910;176;0;0.7;0.0;0.0
75;2021-01-14;2758;48;0;17668;224;0;0.8;0.0;0.0
75;2021-01-15;2491;34;0;20159;258;0;0.9;0.0;0.0
75;2021-01-16;890;16;0;21049;274;0;1.0;0.0;0.0
75;2021-01-17;505;10;0;21554;284;0;1.0;0.0;0.0
75;2021-01-18;3050;51;0;24604;335;0;1.1;0.0;0.0
75;2021-01-19;3995;54;0;28599;389;0;1.3;0.0;0.0
75;2021-01-20;4430;49;0;33029;438;0;1.5;0.0;0.0
75;2021-01-21;5220;61;0;38249;499;0;1.8;0.0;0.0
75;2021-01-22;4428;69;0;42677;568;0;2.0;0.0;0.0
75;2021-01-23;1685;11;0;44362;579;0;2.1;0.0;0.0
75;2021-01-24;604;5;0;44966;584;0;2.1;0.0;0.0
75;2021-01-25;1879;25;0;46845;609;0;2.2;0.0;0.0
75;2021-01-26;2750;78;0;49595;687;0;2.3;0.0;0.0
75;2021-01-27;3613;184;0;53208;871;0;2.5;0.0;0.0
75;2021-01-28;4930;278;0;58138;1149;0;2.7;0.1;0.0
75;2021-01-29;3774;290;0;61912;1439;0;2.9;0.1;0.0
75;2021-01-30;1328;49;0;63240;1488;0;2.9;0.1;0.0
75;2021-01-31;196;7;0;63436;1495;0;3.0;0.1;0.0
75;2021-02-01;1779;384;0;65215;1879;0;3.0;0.1;0.0
75;2021-02-02;2212;602;0;67427;2481;0;3.1;0.1;0.0
75;2021-02-03;2109;729;0;69536;3210;0;3.2;0.1;0.0
75;2021-02-04;2327;1021;0;71863;4231;0;3.3;0.2;0.0
75;2021-02-05;2278;857;0;74141;5088;0;3.5;0.2;0.0
75;2021-02-06;1086;154;0;75227;5242;0;3.5;0.2;0.0
75;2021-02-07;175;66;0;75402;5308;0;3.5;0.2;0.0
75;2021-02-08;1346;1280;0;76748;6588;0;3.6;0.3;0.0
75;2021-02-09;1944;1921;0;78692;8509;0;3.7;0.4;0.0
75;2021-02-10;2380;2223;0;81072;10732;0;3.8;0.5;0.0
75;2021-02-11;2796;5013;0;83868;15745;0;3.9;0.7;0.0
75;2021-02-12;3039;2262;0;86907;18007;0;4.0;0.8;0.0
75;2021-02-13;796;895;0;87703;18902;0;4.1;0.9;0.0
75;2021-02-14;143;110;0;87846;19012;0;4.1;0.9;0.0
75;2021-02-15;992;2665;0;88838;21677;0;4.1;1.0;0.0
75;2021-02-16;1281;5713;0;90119;27390;0;4.2;1.3;0.0
75;2021-02-17;1191;3636;0;91310;31026;0;4.3;1.4;0.0
75;2021-02-18;1691;5689;0;93001;36715;0;4.3;1.7;0.0
75;2021-02-19;1987;3913;0;94988;40628;0;4.4;1.9;0.0
75;2021-02-20;462;1438;0;95450;42066;0;4.4;2.0;0.0
75;2021-02-21;166;192;0;95616;42258;0;4.5;2.0;0.0
75;2021-02-22;1049;2332;0;96665;44590;0;4.5;2.1;0.0
75;2021-02-23;1267;2782;0;97932;47372;0;4.6;2.2;0.0
75;2021-02-24;1448;2520;0;99380;49892;0;4.6;2.3;0.0
75;2021-02-25;2277;4360;0;101657;54252;0;4.7;2.5;0.0
75;2021-02-26;2770;2510;0;104427;56762;0;4.9;2.6;0.0
75;2021-02-27;1269;930;0;105696;57692;0;4.9;2.7;0.0
75;2021-02-28;301;171;0;105997;57863;0;4.9;2.7;0.0
75;2021-03-01;2197;1893;0;108194;59756;0;5.0;2.8;0.0
75;2021-03-02;3565;2445;0;111759;62201;0;5.2;2.9;0.0
75;2021-03-03;4569;2539;0;116328;64740;0;5.4;3.0;0.0
75;2021-03-04;6478;2699;0;122806;67439;0;5.7;3.1;0.0
75;2021-03-05;8274;2758;0;131080;70197;0;6.1;3.3;0.0
75;2021-03-06;9935;1124;0;141015;71321;0;6.6;3.3;0.0
75;2021-03-07;8337;1015;0;149352;72336;0;7.0;3.4;0.0
75;2021-03-08;4614;1775;0;153966;74111;0;7.2;3.4;0.0
75;2021-03-09;6270;2210;0;160236;76321;0;7.5;3.6;0.0
75;2021-03-10;6008;2260;0;166244;78581;0;7.7;3.7;0.0
75;2021-03-11;8334;2481;0;174578;81062;0;8.1;3.8;0.0
75;2021-03-12;10117;2543;0;184695;83605;0;8.6;3.9;0.0
75;2021-03-13;7770;815;0;192465;84420;0;9.0;3.9;0.0
75;2021-03-14;3437;270;0;195902;84690;0;9.1;3.9;0.0
75;2021-03-15;6527;1094;0;202429;85784;0;9.4;4.0;0.0
75;2021-03-16;4799;836;0;207228;86620;0;9.6;4.0;0.0
75;2021-03-17;4965;942;0;212193;87562;0;9.9;4.1;0.0
75;2021-03-18;6036;1000;0;218229;88562;0;10.2;4.1;0.0
75;2021-03-19;8668;1138;0;226897;89700;0;10.6;4.2;0.0
75;2021-03-20;5464;548;0;232361;90248;0;10.8;4.2;0.0
75;2021-03-21;1487;435;0;233848;90683;0;10.9;4.2;0.0
75;2021-03-22;7588;1184;0;241436;91867;0;11.2;4.3;0.0
75;2021-03-23;9636;1330;0;251072;93197;0;11.7;4.3;0.0
75;2021-03-24;9475;1308;0;260547;94505;0;12.1;4.4;0.0
75;2021-03-25;12219;1517;0;272766;96022;0;12.7;4.5;0.0
75;2021-03-26;12163;1648;0;284929;97670;0;13.3;4.5;0.0
75;2021-03-27;6558;735;0;291487;98405;0;13.6;4.6;0.0
75;2021-03-28;1668;157;0;293155;98562;0;13.6;4.6;0.0
75;2021-03-29;6711;2093;0;299866;100655;0;14.0;4.7;0.0
75;2021-03-30;9214;2993;0;309080;103648;0;14.4;4.8;0.0
75;2021-03-31;7923;3474;0;317003;107122;0;14.8;5.0;0.0
75;2021-04-01;8666;4837;0;325669;111959;0;15.2;5.2;0.0
75;2021-04-02;7357;5274;0;333026;117233;0;15.5;5.5;0.0
75;2021-04-03;3542;4788;0;336568;122021;0;15.7;5.7;0.0
75;2021-04-04;1135;1499;0;337703;123520;0;15.7;5.7;0.0
75;2021-04-05;1915;1141;0;339618;124661;0;15.8;5.8;0.0
75;2021-04-06;6054;4319;0;345672;128980;0;16.1;6.0;0.0
75;2021-04-07;7336;4183;0;353008;133163;0;16.4;6.2;0.0
75;2021-04-08;9812;4088;0;362820;137251;0;16.9;6.4;0.0
75;2021-04-09;10848;4564;0;373668;141815;0;17.4;6.6;0.0
75;2021-04-10;5597;3867;0;379265;145682;0;17.7;6.8;0.0
75;2021-04-11;1595;1535;0;380860;147217;0;17.7;6.9;0.0
75;2021-04-12;6817;3963;0;387677;151180;0;18.0;7.0;0.0
75;2021-04-13;7648;6111;0;395325;157291;0;18.4;7.3;0.0
75;2021-04-14;7294;5058;0;402619;162349;0;18.7;7.6;0.0
75;2021-04-15;7992;5719;0;410611;168068;0;19.1;7.8;0.0
75;2021-04-16;8427;5728;0;419038;173796;0;19.5;8.1;0.0
75;2021-04-17;4562;3427;0;423600;177223;0;19.7;8.2;0.0
75;2021-04-18;1333;950;0;424933;178173;0;19.8;8.3;0.0
75;2021-04-19;5403;4848;0;430336;183021;0;20.0;8.5;0.0
75;2021-04-20;6255;5518;0;436591;188539;0;20.3;8.8;0.0
75;2021-04-21;6390;5343;0;442981;193882;0;20.6;9.0;0.0
75;2021-04-22;7323;5851;0;450304;199733;0;21.0;9.3;0.0
75;2021-04-23;7972;6118;0;458276;205851;0;21.3;9.6;0.0
75;2021-04-24;6256;3605;0;464532;209456;0;21.6;9.7;0.0
75;2021-04-25;2612;1009;0;467144;210465;0;21.7;9.8;0.0
75;2021-04-26;6527;4876;0;473671;215341;0;22.0;10.0;0.0
75;2021-04-27;9251;6049;0;482922;221390;0;22.5;10.3;0.0
75;2021-04-28;10506;5719;0;493428;227109;0;23.0;10.6;0.0
75;2021-04-29;12187;5873;0;505615;232982;0;23.5;10.8;0.0
75;2021-04-30;12567;5868;0;518182;238850;0;24.1;11.1;0.0
75;2021-05-01;4837;1364;0;523019;240214;0;24.3;11.2;0.0
75;2021-05-02;2337;927;0;525356;241141;0;24.5;11.2;0.0
75;2021-05-03;10116;9376;0;535472;250517;0;24.9;11.7;0.0
75;2021-05-04;10810;7205;0;546282;257722;0;25.4;12.0;0.0
75;2021-05-05;12226;6556;0;558508;264278;0;26.0;12.3;0.0
75;2021-05-06;13228;7675;0;571736;271953;0;26.6;12.7;0.0
75;2021-05-07;12581;8333;0;584317;280286;0;27.2;13.0;0.0
75;2021-05-08;10011;3680;0;594328;283966;0;27.7;13.2;0.0
75;2021-05-09;5031;2341;0;599359;286307;0;27.9;13.3;0.0
75;2021-05-10;12938;6442;0;612297;292749;0;28.5;13.6;0.0
75;2021-05-11;16113;7982;0;628410;300731;0;29.3;14.0;0.0
75;2021-05-12;17944;7298;0;646354;308029;0;30.1;14.3;0.0
75;2021-05-13;15253;2593;0;661607;310622;0;30.8;14.5;0.0
75;2021-05-14;18867;5289;0;680474;315911;0;31.7;14.7;0.0
75;2021-05-15;14284;3017;0;694758;318928;0;32.3;14.8;0.0
75;2021-05-16;6251;981;0;701009;319909;0;32.6;14.9;0.0
75;2021-05-17;17400;4540;0;718409;324449;0;33.4;15.1;0.0
75;2021-05-18;20773;5127;0;739182;329576;0;34.4;15.3;0.0
75;2021-05-19;20625;7551;0;759807;337127;0;35.4;15.7;0.0
75;2021-05-20;22153;7023;0;781960;344150;0;36.4;16.0;0.0
75;2021-05-21;21156;6114;0;803116;350264;0;37.4;16.3;0.0
75;2021-05-22;16427;3235;0;819543;353499;0;38.1;16.5;0.0
75;2021-05-23;7262;1309;0;826805;354808;0;38.5;16.5;0.0
75;2021-05-24;15209;2587;0;842014;357395;0;39.2;16.6;0.0
75;2021-05-25;18475;8022;0;860489;365417;0;40.1;17.0;0.0
75;2021-05-26;18093;7225;0;878582;372642;0;40.9;17.3;0.0
75;2021-05-27;19423;8528;0;898005;381170;0;41.8;17.7;0.0
75;2021-05-28;18573;9750;0;916578;390920;0;42.7;18.2;0.0
75;2021-05-29;15319;5557;0;931897;396477;0;43.4;18.5;0.0
75;2021-05-30;7825;2019;0;939722;398496;0;43.7;18.5;0.0
75;2021-05-31;17647;8963;0;957369;407459;0;44.6;19.0;0.0
75;2021-06-01;18419;11241;0;975788;418700;0;45.4;19.5;0.0
75;2021-06-02;17664;9540;0;993452;428240;0;46.2;19.9;0.0
75;2021-06-03;19224;11126;0;1012676;439366;0;47.1;20.5;0.0
75;2021-06-04;17660;12291;0;1030336;451657;0;48.0;21.0;0.0
75;2021-06-05;12137;9608;0;1042473;461265;0;48.5;21.5;0.0
75;2021-06-06;8060;3129;0;1050533;464394;0;48.9;21.6;0.0
75;2021-06-07;14151;11403;0;1064684;475797;0;49.6;22.1;0.0
75;2021-06-08;14847;13585;0;1079531;489382;0;50.3;22.8;0.0
75;2021-06-09;15371;13829;0;1094902;503211;0;51.0;23.4;0.0
75;2021-06-10;16542;18949;0;1111444;522160;0;51.7;24.3;0.0
75;2021-06-11;13256;15319;0;1124700;537479;0;52.4;25.0;0.0
75;2021-06-12;11862;9484;0;1136562;546963;0;52.9;25.5;0.0
75;2021-06-13;6375;3910;0;1142937;550873;0;53.2;25.6;0.0
75;2021-06-14;10328;15187;0;1153265;566060;0;53.7;26.3;0.0
75;2021-06-15;11186;17624;0;1164451;583684;0;54.2;27.2;0.0
75;2021-06-16;10843;16165;0;1175294;599849;0;54.7;27.9;0.0
75;2021-06-17;10790;16801;0;1186084;616650;0;55.2;28.7;0.0
75;2021-06-18;9195;20732;0;1195279;637382;0;55.6;29.7;0.0
75;2021-06-19;6776;12474;0;1202055;649856;0;56.0;30.3;0.0
75;2021-06-20;2800;6297;0;1204855;656153;0;56.1;30.5;0.0
75;2021-06-21;6989;16766;0;1211844;672919;0;56.4;31.3;0.0
75;2021-06-22;7251;21462;0;1219095;694381;0;56.7;32.3;0.0
75;2021-06-23;7956;20397;0;1227051;714778;0;57.1;33.3;0.0
75;2021-06-24;8764;20400;0;1235815;735178;0;57.5;34.2;0.0
75;2021-06-25;7473;23423;0;1243288;758601;0;57.9;35.3;0.0
75;2021-06-26;6247;16414;0;1249535;775015;0;58.2;36.1;0.0
75;2021-06-27;2280;7486;0;1251815;782501;0;58.3;36.4;0.0
75;2021-06-28;6439;20409;0;1258254;802910;0;58.6;37.4;0.0
75;2021-06-29;7133;23243;0;1265387;826153;0;58.9;38.5;0.0
75;2021-06-30;7320;22168;0;1272707;848321;0;59.2;39.5;0.0
75;2021-07-01;8621;21897;0;1281328;870218;0;59.6;40.5;0.0
75;2021-07-02;7985;22695;0;1289313;892913;0;60.0;41.6;0.0
75;2021-07-03;5745;18455;0;1295058;911368;0;60.3;42.4;0.0
75;2021-07-04;2629;9034;0;1297687;920402;0;60.4;42.8;0.0
75;2021-07-05;6704;20018;0;1304391;940420;0;60.7;43.8;0.0
75;2021-07-06;7421;21837;1;1311812;962257;1;61.1;44.8;0.0
75;2021-07-07;7210;21208;0;1319022;983465;1;61.4;45.8;0.0
75;2021-07-08;7921;20975;0;1326943;1004440;1;61.8;46.8;0.0
75;2021-07-09;7860;21538;0;1334803;1025978;1;62.1;47.8;0.0
75;2021-07-10;5756;16587;0;1340559;1042565;1;62.4;48.5;0.0
75;2021-07-11;2940;8106;0;1343499;1050671;1;62.5;48.9;0.0
75;2021-07-12;6904;20867;0;1350403;1071538;1;62.9;49.9;0.0
75;2021-07-13;10130;21976;0;1360533;1093514;1;63.3;50.9;0.0
75;2021-07-14;6420;8663;0;1366953;1102177;1;63.6;51.3;0.0
75;2021-07-15;10717;22230;0;1377670;1124407;1;64.1;52.3;0.0
75;2021-07-16;11111;19445;0;1388781;1143852;1;64.6;53.2;0.0
75;2021-07-17;7949;14509;0;1396730;1158361;1;65.0;53.9;0.0
75;2021-07-18;4031;6518;0;1400761;1164879;1;65.2;54.2;0.0
75;2021-07-19;9529;18626;0;1410290;1183505;1;65.6;55.1;0.0
75;2021-07-20;11106;19232;0;1421396;1202737;1;66.2;56.0;0.0
75;2021-07-21;10790;17462;0;1432186;1220199;1;66.7;56.8;0.0
75;2021-07-22;11685;16692;0;1443871;1236891;1;67.2;57.6;0.0
75;2021-07-23;11635;15696;0;1455506;1252587;1;67.8;58.3;0.0
75;2021-07-24;7573;11204;0;1463079;1263791;1;68.1;58.8;0.0
75;2021-07-25;3424;4021;0;1466503;1267812;1;68.3;59.0;0.0
75;2021-07-26;10389;13539;1;1476892;1281351;2;68.7;59.6;0.0
75;2021-07-27;12381;12920;0;1489273;1294271;2;69.3;60.2;0.0
75;2021-07-28;11872;11936;0;1501145;1306207;2;69.9;60.8;0.0
75;2021-07-29;11834;11828;0;1512979;1318035;2;70.4;61.4;0.0
75;2021-07-30;11266;11403;0;1524245;1329438;2;71.0;61.9;0.0
75;2021-07-31;6621;7569;0;1530866;1337007;2;71.3;62.2;0.0
75;2021-08-01;2769;2461;0;1533635;1339468;2;71.4;62.4;0.0
75;2021-08-02;7973;9414;0;1541608;1348882;2;71.8;62.8;0.0
75;2021-08-03;8047;8836;0;1549655;1357718;2;72.1;63.2;0.0
75;2021-08-04;7301;7642;0;1556956;1365360;2;72.5;63.6;0.0
75;2021-08-05;6536;7723;0;1563492;1373083;2;72.8;63.9;0.0
75;2021-08-06;6350;8098;0;1569842;1381181;2;73.1;64.3;0.0
75;2021-08-07;3961;5355;0;1573803;1386536;2;73.3;64.5;0.0
75;2021-08-08;1334;2259;0;1575137;1388795;2;73.3;64.6;0.0
75;2021-08-09;5745;8551;0;1580882;1397346;2;73.6;65.0;0.0
75;2021-08-10;6174;8755;0;1587056;1406101;2;73.9;65.5;0.0
75;2021-08-11;5345;7814;0;1592401;1413915;2;74.1;65.8;0.0
75;2021-08-12;4767;8057;0;1597168;1421972;2;74.3;66.2;0.0
75;2021-08-13;4337;6977;0;1601505;1428949;2;74.5;66.5;0.0
75;2021-08-14;2671;5186;0;1604176;1434135;2;74.7;66.8;0.0
75;2021-08-15;664;1215;0;1604840;1435350;2;74.7;66.8;0.0
75;2021-08-16;4242;9804;0;1609082;1445154;2;74.9;67.3;0.0
75;2021-08-17;3955;9560;0;1613037;1454714;2;75.1;67.7;0.0
75;2021-08-18;3508;8699;0;1616545;1463413;2;75.2;68.1;0.0
75;2021-08-19;3474;8736;0;1620019;1472149;2;75.4;68.5;0.0
75;2021-08-20;3166;8470;0;1623185;1480619;2;75.6;68.9;0.0
75;2021-08-21;2154;6208;0;1625339;1486827;2;75.7;69.2;0.0
75;2021-08-22;631;2315;0;1625970;1489142;2;75.7;69.3;0.0
75;2021-08-23;3284;10168;0;1629254;1499310;2;75.8;69.8;0.0
75;2021-08-24;3340;9705;0;1632594;1509015;2;76.0;70.2;0.0
75;2021-08-25;3101;8491;0;1635695;1517506;2;76.1;70.6;0.0
75;2021-08-26;2816;7424;4;1638511;1524930;6;76.3;71.0;0.0
75;2021-08-27;3211;8599;2;1641722;1533529;8;76.4;71.4;0.0
75;2021-08-28;2262;5933;0;1643984;1539462;8;76.5;71.7;0.0
75;2021-08-29;617;1540;0;1644601;1541002;8;76.6;71.7;0.0
75;2021-08-30;3259;9466;561;1647860;1550468;569;76.7;72.2;0.0
75;2021-08-31;3119;8541;1038;1650979;1559009;1607;76.9;72.6;0.1
75;2021-09-01;3368;6864;1759;1654347;1565873;3366;77.0;72.9;0.2
75;2021-09-02;2521;5167;1941;1656868;1571040;5307;77.1;73.1;0.2
75;2021-09-03;2610;5892;1934;1659478;1576932;7241;77.2;73.4;0.3
75;2021-09-04;2763;5535;1049;1662241;1582467;8290;77.4;73.7;0.4
75;2021-09-05;468;920;394;1662709;1583387;8684;77.4;73.7;0.4
75;2021-09-06;1745;4039;1703;1664454;1587426;10387;77.5;73.9;0.5
75;2021-09-07;1576;3565;1591;1666030;1590991;11978;77.6;74.1;0.6
75;2021-09-08;1865;3966;1508;1667895;1594957;13486;77.6;74.2;0.6
75;2021-09-09;1655;3214;1715;1669550;1598171;15201;77.7;74.4;0.7
75;2021-09-10;1956;3774;2033;1671506;1601945;17234;77.8;74.6;0.8
75;2021-09-11;1662;4038;822;1673168;1605983;18056;77.9;74.8;0.8
75;2021-09-12;312;630;178;1673480;1606613;18234;77.9;74.8;0.8
75;2021-09-13;1647;2903;1862;1675127;1609516;20096;78.0;74.9;0.9
75;2021-09-14;1527;2556;1960;1676654;1612072;22056;78.0;75.0;1.0
75;2021-09-15;1746;3096;1829;1678400;1615168;23885;78.1;75.2;1.1
75;2021-09-16;1366;2242;1772;1679766;1617410;25657;78.2;75.3;1.2
75;2021-09-17;1840;3260;2202;1681606;1620670;27859;78.3;75.4;1.3
75;2021-09-18;1161;3455;713;1682767;1624125;28572;78.3;75.6;1.3
75;2021-09-19;216;539;116;1682983;1624664;28688;78.3;75.6;1.3
75;2021-09-20;1282;2425;1848;1684265;1627089;30536;78.4;75.7;1.4
75;2021-09-21;1151;2074;1664;1685416;1629163;32200;78.5;75.8;1.5
75;2021-09-22;1247;2969;1681;1686663;1632132;33881;78.5;76.0;1.6
75;2021-09-23;990;1788;1821;1687653;1633920;35702;78.6;76.1;1.7
75;2021-09-24;1253;2803;2013;1688906;1636723;37715;78.6;76.2;1.8
75;2021-09-25;906;3210;625;1689812;1639933;38340;78.7;76.3;1.8
75;2021-09-26;188;411;120;1690000;1640344;38460;78.7;76.4;1.8
75;2021-09-27;955;2002;1606;1690955;1642346;40066;78.7;76.4;1.9
75;2021-09-28;1019;1603;1672;1691974;1643949;41738;78.8;76.5;1.9
75;2021-09-29;1054;2090;1761;1693028;1646039;43499;78.8;76.6;2.0
75;2021-09-30;898;1745;1935;1693926;1647784;45434;78.9;76.7;2.1
75;2021-10-01;1626;1953;2182;1695552;1649737;47616;78.9;76.8;2.2
75;2021-10-02;1122;2029;895;1696674;1651766;48511;79.0;76.9;2.3
75;2021-10-03;157;282;120;1696831;1652048;48631;79.0;76.9;2.3
75;2021-10-04;1107;1632;2749;1697938;1653680;51380;79.0;77.0;2.4
75;2021-10-05;885;1424;2617;1698823;1655104;53997;79.1;77.0;2.5
75;2021-10-06;1027;1759;2520;1699850;1656863;56517;79.1;77.1;2.6
75;2021-10-07;836;1324;2451;1700686;1658187;58968;79.2;77.2;2.7
75;2021-10-08;1180;2114;3269;1701866;1660301;62237;79.2;77.3;2.9
75;2021-10-09;963;1538;1378;1702829;1661839;63615;79.3;77.4;3.0
75;2021-10-10;177;304;163;1703006;1662143;63778;79.3;77.4;3.0
75;2021-10-11;945;1404;2585;1703951;1663547;66363;79.3;77.4;3.1
75;2021-10-12;887;1393;2863;1704838;1664940;69226;79.4;77.5;3.2
75;2021-10-13;1006;1559;2785;1705844;1666499;72011;79.4;77.6;3.4
75;2021-10-14;834;1288;2841;1706678;1667787;74852;79.4;77.6;3.5
75;2021-10-15;1126;1617;3522;1707804;1669404;78374;79.5;77.7;3.6
75;2021-10-16;969;1366;1463;1708773;1670770;79837;79.5;77.8;3.7
75;2021-10-17;165;233;245;1708938;1671003;80082;79.5;77.8;3.7
75;2021-10-18;825;1177;2941;1709763;1672180;83023;79.6;77.8;3.9
75;2021-10-19;752;1170;3499;1710515;1673350;86522;79.6;77.9;4.0
75;2021-10-20;848;1256;3465;1711363;1674606;89987;79.7;78.0;4.2
75;2021-10-21;608;1117;3049;1711971;1675723;93036;79.7;78.0;4.3
75;2021-10-22;908;1387;3858;1712879;1677110;96894;79.7;78.1;4.5
75;2021-10-23;727;1111;1886;1713606;1678221;98780;79.8;78.1;4.6
75;2021-10-24;110;148;176;1713716;1678369;98956;79.8;78.1;4.6
75;2021-10-25;662;1029;3473;1714378;1679398;102429;79.8;78.2;4.8
75;2021-10-26;665;954;3807;1715043;1680352;106236;79.8;78.2;4.9
75;2021-10-27;641;982;3863;1715684;1681334;110099;79.9;78.3;5.1
75;2021-10-28;583;860;3600;1716267;1682194;113699;79.9;78.3;5.3
75;2021-10-29;678;1051;4215;1716945;1683245;117914;79.9;78.4;5.5
75;2021-10-30;527;806;2019;1717472;1684051;119933;79.9;78.4;5.6
75;2021-10-31;77;137;216;1717549;1684188;120149;80.0;78.4;5.6
75;2021-11-01;157;147;227;1717706;1684335;120376;80.0;78.4;5.6
75;2021-11-02;692;1038;3267;1718398;1685373;123643;80.0;78.5;5.8
75;2021-11-03;597;967;3511;1718995;1686340;127154;80.0;78.5;5.9
75;2021-11-04;527;834;3429;1719522;1687174;130583;80.0;78.5;6.1
75;2021-11-05;630;1010;4350;1720152;1688184;134933;80.1;78.6;6.3
75;2021-11-06;524;852;2112;1720676;1689036;137045;80.1;78.6;6.4
75;2021-11-07;102;159;298;1720778;1689195;137343;80.1;78.6;6.4
75;2021-11-08;471;826;4546;1721249;1690021;141889;80.1;78.7;6.6
75;2021-11-09;560;885;5423;1721809;1690906;147312;80.1;78.7;6.9
75;2021-11-10;721;1116;6092;1722530;1692022;153404;80.2;78.8;7.1
75;2021-11-11;196;316;1105;1722726;1692338;154509;80.2;78.8;7.2
75;2021-11-12;601;986;6263;1723327;1693324;160772;80.2;78.8;7.5
75;2021-11-13;536;805;3022;1723863;1694129;163794;80.2;78.9;7.6
75;2021-11-14;94;151;445;1723957;1694280;164239;80.2;78.9;7.6
75;2021-11-15;492;846;5783;1724449;1695126;170022;80.3;78.9;7.9
75;2021-11-16;570;821;6301;1725019;1695947;176323;80.3;78.9;8.2
75;2021-11-17;665;919;5967;1725684;1696866;182290;80.3;79.0;8.5
75;2021-11-18;508;813;5937;1726192;1697679;188227;80.4;79.0;8.8
75;2021-11-19;661;899;7150;1726853;1698578;195377;80.4;79.1;9.1
75;2021-11-20;605;855;3664;1727458;1699433;199041;80.4;79.1;9.3
75;2021-11-21;79;156;563;1727537;1699589;199604;80.4;79.1;9.3
75;2021-11-22;546;630;6352;1728083;1700219;205956;80.4;79.1;9.6
75;2021-11-23;618;787;7450;1728701;1701006;213406;80.5;79.2;9.9
75;2021-11-24;630;889;7203;1729331;1701895;220609;80.5;79.2;10.3
75;2021-11-25;591;763;9665;1729922;1702658;230274;80.5;79.3;10.7
75;2021-11-26;543;857;13934;1730465;1703515;244208;80.6;79.3;11.4
75;2021-11-27;484;748;10584;1730949;1704263;254792;80.6;79.3;11.9
75;2021-11-28;143;209;4663;1731092;1704472;259455;80.6;79.3;12.1
75;2021-11-29;456;733;15163;1731548;1705205;274618;80.6;79.4;12.8
75;2021-11-30;508;849;18671;1732056;1706054;293289;80.6;79.4;13.7
75;2021-12-01;481;881;19050;1732537;1706935;312339;80.6;79.5;14.5
75;2021-12-02;451;707;20487;1732988;1707642;332826;80.7;79.5;15.5
75;2021-12-03;509;933;22471;1733497;1708575;355297;80.7;79.5;16.5
75;2021-12-04;374;747;15452;1733871;1709322;370749;80.7;79.6;17.3
75;2021-12-05;175;295;8014;1734046;1709617;378763;80.7;79.6;17.6
75;2021-12-06;417;786;20652;1734463;1710403;399415;80.7;79.6;18.6
75;2021-12-07;499;912;24504;1734962;1711315;423919;80.8;79.7;19.7
75;2021-12-08;494;912;22360;1735456;1712227;446279;80.8;79.7;20.8
75;2021-12-09;428;852;24002;1735884;1713079;470281;80.8;79.7;21.9
76;2020-12-27;0;0;0;0;0;0;0.0;0.0;0.0
76;2020-12-28;0;0;0;0;0;0;0.0;0.0;0.0
76;2020-12-29;0;0;0;0;0;0;0.0;0.0;0.0
76;2020-12-30;0;0;0;0;0;0;0.0;0.0;0.0
76;2020-12-31;0;0;0;0;0;0;0.0;0.0;0.0
76;2021-01-01;1;0;0;1;0;0;0.0;0.0;0.0
76;2021-01-02;0;0;0;1;0;0;0.0;0.0;0.0
76;2021-01-03;0;0;0;1;0;0;0.0;0.0;0.0
76;2021-01-04;17;0;0;18;0;0;0.0;0.0;0.0
76;2021-01-05;125;0;0;143;0;0;0.0;0.0;0.0
76;2021-01-06;622;2;0;765;2;0;0.1;0.0;0.0
76;2021-01-07;1233;9;0;1998;11;0;0.2;0.0;0.0
76;2021-01-08;1369;2;0;3367;13;0;0.3;0.0;0.0
76;2021-01-09;665;1;0;4032;14;0;0.3;0.0;0.0
76;2021-01-10;472;2;0;4504;16;0;0.4;0.0;0.0
76;2021-01-11;1286;4;0;5790;20;0;0.5;0.0;0.0
76;2021-01-12;1250;1;0;7040;21;0;0.6;0.0;0.0
76;2021-01-13;1144;5;0;8184;26;0;0.7;0.0;0.0
76;2021-01-14;2070;23;0;10254;49;0;0.8;0.0;0.0
76;2021-01-15;1819;8;0;12073;57;0;1.0;0.0;0.0
76;2021-01-16;953;7;0;13026;64;0;1.0;0.0;0.0
76;2021-01-17;2708;20;0;15734;84;0;1.3;0.0;0.0
76;2021-01-18;4175;18;0;19909;102;0;1.6;0.0;0.0
76;2021-01-19;2840;11;0;22749;113;0;1.8;0.0;0.0
76;2021-01-20;1952;11;0;24701;124;0;2.0;0.0;0.0
76;2021-01-21;1703;5;0;26404;129;0;2.1;0.0;0.0
76;2021-01-22;1610;2;0;28014;131;0;2.3;0.0;0.0
76;2021-01-23;451;4;0;28465;135;0;2.3;0.0;0.0
76;2021-01-24;100;0;0;28565;135;0;2.3;0.0;0.0
76;2021-01-25;1370;131;0;29935;266;0;2.4;0.0;0.0
76;2021-01-26;1323;314;0;31258;580;0;2.5;0.0;0.0
76;2021-01-27;1269;392;0;32527;972;0;2.6;0.1;0.0
76;2021-01-28;1237;320;0;33764;1292;0;2.7;0.1;0.0
76;2021-01-29;1108;367;0;34872;1659;0;2.8;0.1;0.0
76;2021-01-30;259;259;0;35131;1918;0;2.8;0.2;0.0
76;2021-01-31;4;96;0;35135;2014;0;2.8;0.2;0.0
76;2021-02-01;789;741;0;35924;2755;0;2.9;0.2;0.0
76;2021-02-02;962;904;0;36886;3659;0;3.0;0.3;0.0
76;2021-02-03;847;964;0;37733;4623;0;3.0;0.4;0.0
76;2021-02-04;927;1390;0;38660;6013;0;3.1;0.5;0.0
76;2021-02-05;942;1078;0;39602;7091;0;3.2;0.6;0.0
76;2021-02-06;262;841;0;39864;7932;0;3.2;0.6;0.0
76;2021-02-07;438;1522;0;40302;9454;0;3.2;0.8;0.0
76;2021-02-08;1799;3524;0;42101;12978;0;3.4;1.0;0.0
76;2021-02-09;1689;2867;0;43790;15845;0;3.5;1.3;0.0
76;2021-02-10;1413;1746;0;45203;17591;0;3.6;1.4;0.0
76;2021-02-11;1598;1447;0;46801;19038;0;3.8;1.5;0.0
76;2021-02-12;1602;1546;0;48403;20584;0;3.9;1.7;0.0
76;2021-02-13;243;336;0;48646;20920;0;3.9;1.7;0.0
76;2021-02-14;7;75;0;48653;20995;0;3.9;1.7;0.0
76;2021-02-15;530;1569;0;49183;22564;0;4.0;1.8;0.0
76;2021-02-16;699;1528;0;49882;24092;0;4.0;1.9;0.0
76;2021-02-17;605;1382;0;50487;25474;0;4.1;2.0;0.0
76;2021-02-18;774;1306;0;51261;26780;0;4.1;2.2;0.0
76;2021-02-19;838;1234;0;52099;28014;0;4.2;2.3;0.0
76;2021-02-20;260;288;0;52359;28302;0;4.2;2.3;0.0
76;2021-02-21;2;5;0;52361;28307;0;4.2;2.3;0.0
76;2021-02-22;318;1209;0;52679;29516;0;4.2;2.4;0.0
76;2021-02-23;566;1147;0;53245;30663;0;4.3;2.5;0.0
76;2021-02-24;591;1132;0;53836;31795;0;4.3;2.6;0.0
76;2021-02-25;1606;1213;0;55442;33008;0;4.5;2.7;0.0
76;2021-02-26;2146;991;0;57588;33999;0;4.6;2.7;0.0
76;2021-02-27;1091;271;0;58679;34270;0;4.7;2.8;0.0
76;2021-02-28;30;193;0;58709;34463;0;4.7;2.8;0.0
76;2021-03-01;839;1974;0;59548;36437;0;4.8;2.9;0.0
76;2021-03-02;1353;1610;0;60901;38047;0;4.9;3.1;0.0
76;2021-03-03;1857;1321;0;62758;39368;0;5.0;3.2;0.0
76;2021-03-04;2752;1059;0;65510;40427;0;5.3;3.3;0.0
76;2021-03-05;4036;774;0;69546;41201;0;5.6;3.3;0.0
76;2021-03-06;3311;174;0;72857;41375;0;5.9;3.3;0.0
76;2021-03-07;1288;40;0;74145;41415;0;6.0;3.3;0.0
76;2021-03-08;2041;1204;0;76186;42619;0;6.1;3.4;0.0
76;2021-03-09;3517;1125;0;79703;43744;0;6.4;3.5;0.0
76;2021-03-10;3548;1033;0;83251;44777;0;6.7;3.6;0.0
76;2021-03-11;5488;924;0;88739;45701;0;7.1;3.7;0.0
76;2021-03-12;6586;608;0;95325;46309;0;7.7;3.7;0.0
76;2021-03-13;4668;185;0;99993;46494;0;8.0;3.7;0.0
76;2021-03-14;1064;27;0;101057;46521;0;8.1;3.7;0.0
76;2021-03-15;2832;235;0;103889;46756;0;8.4;3.8;0.0
76;2021-03-16;2498;387;0;106387;47143;0;8.6;3.8;0.0
76;2021-03-17;2698;316;0;109085;47459;0;8.8;3.8;0.0
76;2021-03-18;2976;340;0;112061;47799;0;9.0;3.8;0.0
76;2021-03-19;4268;425;0;116329;48224;0;9.4;3.9;0.0
76;2021-03-20;3929;295;0;120258;48519;0;9.7;3.9;0.0
76;2021-03-21;819;15;0;121077;48534;0;9.7;3.9;0.0
76;2021-03-22;3775;356;0;124852;48890;0;10.0;3.9;0.0
76;2021-03-23;5442;371;0;130294;49261;0;10.5;4.0;0.0
76;2021-03-24;5488;411;0;135782;49672;0;10.9;4.0;0.0
76;2021-03-25;7290;576;0;143072;50248;0;11.5;4.0;0.0
76;2021-03-26;8343;617;0;151415;50865;0;12.2;4.1;0.0
76;2021-03-27;4670;385;0;156085;51250;0;12.5;4.1;0.0
76;2021-03-28;1058;39;0;157143;51289;0;12.6;4.1;0.0
76;2021-03-29;5051;837;0;162194;52126;0;13.0;4.2;0.0
76;2021-03-30;6255;1061;0;168449;53187;0;13.5;4.3;0.0
76;2021-03-31;6066;1261;0;174515;54448;0;14.0;4.4;0.0
76;2021-04-01;6284;1992;0;180799;56440;0;14.5;4.5;0.0
76;2021-04-02;6281;2560;0;187080;59000;0;15.0;4.7;0.0
76;2021-04-03;2421;1119;0;189501;60119;0;15.2;4.8;0.0
76;2021-04-04;265;26;0;189766;60145;0;15.3;4.8;0.0
76;2021-04-05;792;356;0;190558;60501;0;15.3;4.9;0.0
76;2021-04-06;3345;2767;0;193903;63268;0;15.6;5.1;0.0
76;2021-04-07;4141;2423;0;198044;65691;0;15.9;5.3;0.0
76;2021-04-08;5524;2713;0;203568;68404;0;16.4;5.5;0.0
76;2021-04-09;8456;2975;0;212024;71379;0;17.0;5.7;0.0
76;2021-04-10;4682;1475;0;216706;72854;0;17.4;5.9;0.0
76;2021-04-11;810;535;0;217516;73389;0;17.5;5.9;0.0
76;2021-04-12;4437;2764;0;221953;76153;0;17.8;6.1;0.0
76;2021-04-13;5643;2795;0;227596;78948;0;18.3;6.3;0.0
76;2021-04-14;4567;3102;0;232163;82050;0;18.7;6.6;0.0
76;2021-04-15;5329;3276;0;237492;85326;0;19.1;6.9;0.0
76;2021-04-16;7050;3238;0;244542;88564;0;19.7;7.1;0.0
76;2021-04-17;4208;1435;0;248750;89999;0;20.0;7.2;0.0
76;2021-04-18;351;156;0;249101;90155;0;20.0;7.2;0.0
76;2021-04-19;3292;3531;0;252393;93686;0;20.3;7.5;0.0
76;2021-04-20;4177;4103;0;256570;97789;0;20.6;7.9;0.0
76;2021-04-21;4056;4443;0;260626;102232;0;21.0;8.2;0.0
76;2021-04-22;4443;5164;0;265069;107396;0;21.3;8.6;0.0
76;2021-04-23;5264;5651;0;270333;113047;0;21.7;9.1;0.0
76;2021-04-24;4051;2093;0;274384;115140;0;22.1;9.3;0.0
76;2021-04-25;970;339;0;275354;115479;0;22.1;9.3;0.0
76;2021-04-26;4360;4161;0;279714;119640;0;22.5;9.6;0.0
76;2021-04-27;4835;4663;0;284549;124303;0;22.9;10.0;0.0
76;2021-04-28;5168;3885;0;289717;128188;0;23.3;10.3;0.0
76;2021-04-29;6750;3850;0;296467;132038;0;23.8;10.6;0.0
76;2021-04-30;7898;4451;0;304365;136489;0;24.5;11.0;0.0
76;2021-05-01;4529;997;0;308894;137486;0;24.8;11.1;0.0
76;2021-05-02;1902;285;0;310796;137771;0;25.0;11.1;0.0
76;2021-05-03;4661;3122;0;315457;140893;0;25.4;11.3;0.0
76;2021-05-04;4716;4311;0;320173;145204;0;25.7;11.7;0.0
76;2021-05-05;4736;4851;0;324909;150055;0;26.1;12.1;0.0
76;2021-05-06;5849;5256;0;330758;155311;0;26.6;12.5;0.0
76;2021-05-07;6117;6428;0;336875;161739;0;27.1;13.0;0.0
76;2021-05-08;4878;906;0;341753;162645;0;27.5;13.1;0.0
76;2021-05-09;2632;273;0;344385;162918;0;27.7;13.1;0.0
76;2021-05-10;4916;4765;0;349301;167683;0;28.1;13.5;0.0
76;2021-05-11;6359;5366;0;355660;173049;0;28.6;13.9;0.0
76;2021-05-12;6321;4845;0;361981;177894;0;29.1;14.3;0.0
76;2021-05-13;8174;1202;0;370155;179096;0;29.8;14.4;0.0
76;2021-05-14;9863;4393;0;380018;183489;0;30.6;14.8;0.0
76;2021-05-15;8785;2406;0;388803;185895;0;31.3;14.9;0.0
76;2021-05-16;6100;477;0;394903;186372;0;31.8;15.0;0.0
76;2021-05-17;7145;3109;0;402048;189481;0;32.3;15.2;0.0
76;2021-05-18;8162;2681;0;410210;192162;0;33.0;15.4;0.0
76;2021-05-19;8250;3081;0;418460;195243;0;33.6;15.7;0.0
76;2021-05-20;9282;3340;0;427742;198583;0;34.4;16.0;0.0
76;2021-05-21;8041;4026;0;435783;202609;0;35.0;16.3;0.0
76;2021-05-22;7021;2265;0;442804;204874;0;35.6;16.5;0.0
76;2021-05-23;5984;403;0;448788;205277;0;36.1;16.5;0.0
76;2021-05-24;6207;1456;0;454995;206733;0;36.6;16.6;0.0
76;2021-05-25;7555;3944;0;462550;210677;0;37.2;16.9;0.0
76;2021-05-26;7168;3565;0;469718;214242;0;37.8;17.2;0.0
76;2021-05-27;8227;4569;0;477945;218811;0;38.4;17.6;0.0
76;2021-05-28;8169;6387;0;486114;225198;0;39.1;18.1;0.0
76;2021-05-29;6264;3466;0;492378;228664;0;39.6;18.4;0.0
76;2021-05-30;3106;405;0;495484;229069;0;39.8;18.4;0.0
76;2021-05-31;7783;3815;0;503267;232884;0;40.5;18.7;0.0
76;2021-06-01;8752;4872;0;512019;237756;0;41.2;19.1;0.0
76;2021-06-02;7429;4439;0;519448;242195;0;41.8;19.5;0.0
76;2021-06-03;9261;5310;0;528709;247505;0;42.5;19.9;0.0
76;2021-06-04;8699;6577;0;537408;254082;0;43.2;20.4;0.0
76;2021-06-05;6216;3836;0;543624;257918;0;43.7;20.7;0.0
76;2021-06-06;2689;713;0;546313;258631;0;43.9;20.8;0.0
76;2021-06-07;6613;5298;0;552926;263929;0;44.5;21.2;0.0
76;2021-06-08;8236;6107;0;561162;270036;0;45.1;21.7;0.0
76;2021-06-09;6905;5959;0;568067;275995;0;45.7;22.2;0.0
76;2021-06-10;7445;6424;0;575512;282419;0;46.3;22.7;0.0
76;2021-06-11;7220;8035;0;582732;290454;0;46.9;23.4;0.0
76;2021-06-12;6690;5795;0;589422;296249;0;47.4;23.8;0.0
76;2021-06-13;2859;1408;0;592281;297657;0;47.6;23.9;0.0
76;2021-06-14;5620;6629;0;597901;304286;0;48.1;24.5;0.0
76;2021-06-15;5885;7316;0;603786;311602;0;48.5;25.1;0.0
76;2021-06-16;6221;7339;0;610007;318941;0;49.0;25.6;0.0
76;2021-06-17;6555;7592;0;616562;326533;0;49.6;26.3;0.0
76;2021-06-18;7005;9115;0;623567;335648;0;50.1;27.0;0.0
76;2021-06-19;5552;6178;0;629119;341826;0;50.6;27.5;0.0
76;2021-06-20;2682;1754;0;631801;343580;0;50.8;27.6;0.0
76;2021-06-21;4649;7813;0;636450;351393;0;51.2;28.3;0.0
76;2021-06-22;4526;9389;0;640976;360782;0;51.5;29.0;0.0
76;2021-06-23;4367;9254;0;645343;370036;0;51.9;29.8;0.0
76;2021-06-24;4468;9669;0;649811;379705;0;52.2;30.5;0.0
76;2021-06-25;4615;11263;0;654426;390968;0;52.6;31.4;0.0
76;2021-06-26;3247;7800;0;657673;398768;0;52.9;32.1;0.0
76;2021-06-27;1351;4871;0;659024;403639;0;53.0;32.5;0.0
76;2021-06-28;3266;9605;0;662290;413244;0;53.2;33.2;0.0
76;2021-06-29;3699;9964;0;665989;423208;0;53.5;34.0;0.0
76;2021-06-30;4030;9559;0;670019;432767;0;53.9;34.8;0.0
76;2021-07-01;4359;9719;0;674378;442486;0;54.2;35.6;0.0
76;2021-07-02;4175;11756;0;678553;454242;0;54.6;36.5;0.0
76;2021-07-03;3352;8326;0;681905;462568;0;54.8;37.2;0.0
76;2021-07-04;1452;5075;0;683357;467643;0;54.9;37.6;0.0
76;2021-07-05;3653;8945;0;687010;476588;0;55.2;38.3;0.0
76;2021-07-06;3749;9860;0;690759;486448;0;55.5;39.1;0.0
76;2021-07-07;3747;9100;0;694506;495548;0;55.8;39.8;0.0
76;2021-07-08;4221;9310;0;698727;504858;0;56.2;40.6;0.0
76;2021-07-09;4189;12079;0;702916;516937;0;56.5;41.6;0.0
76;2021-07-10;2954;8275;0;705870;525212;0;56.8;42.2;0.0
76;2021-07-11;1660;2754;0;707530;527966;0;56.9;42.4;0.0
76;2021-07-12;2992;10716;0;710522;538682;0;57.1;43.3;0.0
76;2021-07-13;4742;11868;0;715264;550550;0;57.5;44.3;0.0
76;2021-07-14;4282;5048;0;719546;555598;0;57.9;44.7;0.0
76;2021-07-15;5636;11694;0;725182;567292;0;58.3;45.6;0.0
76;2021-07-16;6560;11880;0;731742;579172;0;58.8;46.6;0.0
76;2021-07-17;4884;8483;0;736626;587655;0;59.2;47.2;0.0
76;2021-07-18;2195;3379;0;738821;591034;0;59.4;47.5;0.0
76;2021-07-19;5077;10170;0;743898;601204;0;59.8;48.3;0.0
76;2021-07-20;6283;10574;0;750181;611778;0;60.3;49.2;0.0
76;2021-07-21;6297;9586;0;756478;621364;0;60.8;50.0;0.0
76;2021-07-22;8038;8683;0;764516;630047;0;61.5;50.7;0.0
76;2021-07-23;7484;10592;0;772000;640639;0;62.1;51.5;0.0
76;2021-07-24;4892;6796;0;776892;647435;0;62.5;52.1;0.0
76;2021-07-25;2884;2471;0;779776;649906;0;62.7;52.3;0.0
76;2021-07-26;5300;8895;0;785076;658801;0;63.1;53.0;0.0
76;2021-07-27;8097;8405;0;793173;667206;0;63.8;53.6;0.0
76;2021-07-28;8044;7514;0;801217;674720;0;64.4;54.2;0.0
76;2021-07-29;9049;6642;0;810266;681362;0;65.1;54.8;0.0
76;2021-07-30;7766;7552;0;818032;688914;0;65.8;55.4;0.0
76;2021-07-31;6266;5015;0;824298;693929;0;66.3;55.8;0.0
76;2021-08-01;3647;1963;0;827945;695892;0;66.6;55.9;0.0
76;2021-08-02;6267;6662;0;834212;702554;0;67.1;56.5;0.0
76;2021-08-03;7509;6160;0;841721;708714;0;67.7;57.0;0.0
76;2021-08-04;6855;5594;0;848576;714308;0;68.2;57.4;0.0
76;2021-08-05;7522;5420;0;856098;719728;0;68.8;57.9;0.0
76;2021-08-06;6352;6526;0;862450;726254;0;69.3;58.4;0.0
76;2021-08-07;4339;4169;0;866789;730423;0;69.7;58.7;0.0
76;2021-08-08;2229;1775;0;869018;732198;0;69.9;58.9;0.0
76;2021-08-09;5077;6275;0;874095;738473;0;70.3;59.4;0.0
76;2021-08-10;5778;6358;0;879873;744831;0;70.7;59.9;0.0
76;2021-08-11;5854;5341;0;885727;750172;0;71.2;60.3;0.0
76;2021-08-12;5491;5818;0;891218;755990;0;71.7;60.8;0.0
76;2021-08-13;4574;5949;0;895792;761939;0;72.0;61.3;0.0
76;2021-08-14;3467;4442;0;899259;766381;0;72.3;61.6;0.0
76;2021-08-15;1410;2205;0;900669;768586;0;72.4;61.8;0.0
76;2021-08-16;3332;6329;0;904001;774915;0;72.7;62.3;0.0
76;2021-08-17;3534;6707;0;907535;781622;0;73.0;62.8;0.0
76;2021-08-18;3309;6410;0;910844;788032;0;73.2;63.4;0.0
76;2021-08-19;3061;6808;0;913905;794840;0;73.5;63.9;0.0
76;2021-08-20;3201;7391;0;917106;802231;0;73.7;64.5;0.0
76;2021-08-21;1676;3991;0;918782;806222;0;73.9;64.8;0.0
76;2021-08-22;803;3053;0;919585;809275;0;73.9;65.1;0.0
76;2021-08-23;2366;7206;1;921951;816481;1;74.1;65.6;0.0
76;2021-08-24;2569;7209;1;924520;823690;2;74.3;66.2;0.0
76;2021-08-25;2446;6661;1;926966;830351;3;74.5;66.8;0.0
76;2021-08-26;1908;5530;1;928874;835881;4;74.7;67.2;0.0
76;2021-08-27;2504;7394;0;931378;843275;4;74.9;67.8;0.0
76;2021-08-28;1904;5774;0;933282;849049;4;75.0;68.3;0.0
76;2021-08-29;657;2771;0;933939;851820;4;75.1;68.5;0.0
76;2021-08-30;1949;6671;98;935888;858491;102;75.2;69.0;0.0
76;2021-08-31;1809;6519;192;937697;865010;294;75.4;69.5;0.0
76;2021-09-01;1694;5937;487;939391;870947;781;75.5;70.0;0.1
76;2021-09-02;1237;4176;490;940628;875123;1271;75.6;70.4;0.1
76;2021-09-03;1494;6120;620;942122;881243;1891;75.7;70.9;0.2
76;2021-09-04;1486;5491;346;943608;886734;2237;75.9;71.3;0.2
76;2021-09-05;588;1658;133;944196;888392;2370;75.9;71.4;0.2
76;2021-09-06;1152;3906;715;945348;892298;3085;76.0;71.7;0.2
76;2021-09-07;1078;3429;771;946426;895727;3856;76.1;72.0;0.3
76;2021-09-08;1188;3932;678;947614;899659;4534;76.2;72.3;0.4
76;2021-09-09;981;2697;709;948595;902356;5243;76.3;72.5;0.4
76;2021-09-10;1608;3783;837;950203;906139;6080;76.4;72.9;0.5
76;2021-09-11;1084;2964;405;951287;909103;6485;76.5;73.1;0.5
76;2021-09-12;244;751;66;951531;909854;6551;76.5;73.2;0.5
76;2021-09-13;786;2033;1135;952317;911887;7686;76.6;73.3;0.6
76;2021-09-14;1306;2430;1254;953623;914317;8940;76.7;73.5;0.7
76;2021-09-15;1125;3024;1251;954748;917341;10191;76.8;73.8;0.8
76;2021-09-16;1142;1844;958;955890;919185;11149;76.9;73.9;0.9
76;2021-09-17;1275;2568;1298;957165;921753;12447;77.0;74.1;1.0
76;2021-09-18;668;2295;422;957833;924048;12869;77.0;74.3;1.0
76;2021-09-19;168;704;78;958001;924752;12947;77.0;74.3;1.0
76;2021-09-20;793;1589;858;958794;926341;13805;77.1;74.5;1.1
76;2021-09-21;731;1527;1179;959525;927868;14984;77.1;74.6;1.2
76;2021-09-22;625;2124;983;960150;929992;15967;77.2;74.8;1.3
76;2021-09-23;691;1102;1099;960841;931094;17066;77.3;74.9;1.4
76;2021-09-24;950;1844;1228;961791;932938;18294;77.3;75.0;1.5
76;2021-09-25;557;1956;393;962348;934894;18687;77.4;75.2;1.5
76;2021-09-26;95;378;58;962443;935272;18745;77.4;75.2;1.5
76;2021-09-27;517;1131;881;962960;936403;19626;77.4;75.3;1.6
76;2021-09-28;459;1047;1064;963419;937450;20690;77.5;75.4;1.7
76;2021-09-29;706;1448;954;964125;938898;21644;77.5;75.5;1.7
76;2021-09-30;379;783;703;964504;939681;22347;77.5;75.5;1.8
76;2021-10-01;851;1605;1514;965355;941286;23861;77.6;75.7;1.9
76;2021-10-02;538;1218;379;965893;942504;24240;77.7;75.8;1.9
76;2021-10-03;106;339;119;965999;942843;24359;77.7;75.8;2.0
76;2021-10-04;608;1009;1232;966607;943852;25591;77.7;75.9;2.1
76;2021-10-05;455;964;1185;967062;944816;26776;77.8;76.0;2.2
76;2021-10-06;424;827;963;967486;945643;27739;77.8;76.0;2.2
76;2021-10-07;350;788;1353;967836;946431;29092;77.8;76.1;2.3
76;2021-10-08;842;1722;1875;968678;948153;30967;77.9;76.2;2.5
76;2021-10-09;498;893;740;969176;949046;31707;77.9;76.3;2.5
76;2021-10-10;54;87;74;969230;949133;31781;77.9;76.3;2.6
76;2021-10-11;483;992;1234;969713;950125;33015;78.0;76.4;2.7
76;2021-10-12;444;851;1483;970157;950976;34498;78.0;76.5;2.8
76;2021-10-13;556;976;1454;970713;951952;35952;78.0;76.5;2.9
76;2021-10-14;381;643;1315;971094;952595;37267;78.1;76.6;3.0
76;2021-10-15;735;1244;2475;971829;953839;39742;78.1;76.7;3.2
76;2021-10-16;379;538;574;972208;954377;40316;78.2;76.7;3.2
76;2021-10-17;88;193;218;972296;954570;40534;78.2;76.7;3.3
76;2021-10-18;375;747;1430;972671;955317;41964;78.2;76.8;3.4
76;2021-10-19;450;732;1676;973121;956049;43640;78.2;76.9;3.5
76;2021-10-20;417;623;2170;973538;956672;45810;78.3;76.9;3.7
76;2021-10-21;268;522;1953;973806;957194;47763;78.3;77.0;3.8
76;2021-10-22;592;937;2277;974398;958131;50040;78.3;77.0;4.0
76;2021-10-23;318;504;730;974716;958635;50770;78.4;77.1;4.1
76;2021-10-24;7;30;20;974723;958665;50790;78.4;77.1;4.1
76;2021-10-25;468;677;2405;975191;959342;53195;78.4;77.1;4.3
76;2021-10-26;365;448;1989;975556;959790;55184;78.4;77.2;4.4
76;2021-10-27;343;477;2048;975899;960267;57232;78.5;77.2;4.6
76;2021-10-28;337;416;1887;976236;960683;59119;78.5;77.2;4.8
76;2021-10-29;444;843;3277;976680;961526;62396;78.5;77.3;5.0
76;2021-10-30;318;492;1094;976998;962018;63490;78.6;77.3;5.1
76;2021-10-31;31;32;38;977029;962050;63528;78.6;77.3;5.1
76;2021-11-01;18;20;9;977047;962070;63537;78.6;77.3;5.1
76;2021-11-02;413;575;2164;977460;962645;65701;78.6;77.4;5.3
76;2021-11-03;395;542;2224;977855;963187;67925;78.6;77.4;5.5
76;2021-11-04;342;479;2248;978197;963666;70173;78.6;77.5;5.6
76;2021-11-05;581;801;3675;978778;964467;73848;78.7;77.5;5.9
76;2021-11-06;317;440;1245;979095;964907;75093;78.7;77.6;6.0
76;2021-11-07;9;28;39;979104;964935;75132;78.7;77.6;6.0
76;2021-11-08;286;422;2693;979390;965357;77825;78.7;77.6;6.3
76;2021-11-09;263;427;3385;979653;965784;81210;78.8;77.6;6.5
76;2021-11-10;448;624;4126;980101;966408;85336;78.8;77.7;6.9
76;2021-11-11;10;37;108;980111;966445;85444;78.8;77.7;6.9
76;2021-11-12;456;641;4507;980567;967086;89951;78.8;77.8;7.2
76;2021-11-13;282;373;1453;980849;967459;91404;78.9;77.8;7.3
76;2021-11-14;15;22;66;980864;967481;91470;78.9;77.8;7.4
76;2021-11-15;296;392;3601;981160;967873;95071;78.9;77.8;7.6
76;2021-11-16;316;345;4013;981476;968218;99084;78.9;77.8;8.0
76;2021-11-17;411;501;3754;981887;968719;102838;78.9;77.9;8.3
76;2021-11-18;256;313;3700;982143;969032;106538;79.0;77.9;8.6
76;2021-11-19;537;566;5854;982680;969598;112392;79.0;78.0;9.0
76;2021-11-20;442;492;2454;983122;970090;114846;79.0;78.0;9.2
76;2021-11-21;18;22;70;983140;970112;114916;79.0;78.0;9.2
76;2021-11-22;311;255;4195;983451;970367;119111;79.1;78.0;9.6
76;2021-11-23;372;392;4897;983823;970759;124008;79.1;78.0;10.0
76;2021-11-24;450;462;5002;984273;971221;129010;79.1;78.1;10.4
76;2021-11-25;278;297;5034;984551;971518;134044;79.2;78.1;10.8
76;2021-11-26;450;618;8857;985001;972136;142901;79.2;78.2;11.5
76;2021-11-27;269;414;4979;985270;972550;147880;79.2;78.2;11.9
76;2021-11-28;21;21;913;985291;972571;148793;79.2;78.2;12.0
76;2021-11-29;249;352;8497;985540;972923;157290;79.2;78.2;12.6
76;2021-11-30;310;322;9954;985850;973245;167244;79.3;78.2;13.4
76;2021-12-01;295;408;9113;986145;973653;176357;79.3;78.3;14.2
76;2021-12-02;272;235;11321;986417;973888;187678;79.3;78.3;15.1
76;2021-12-03;329;446;13079;986746;974334;200757;79.3;78.3;16.1
76;2021-12-04;212;346;8098;986958;974680;208855;79.4;78.4;16.8
76;2021-12-05;46;40;2058;987004;974720;210913;79.4;78.4;17.0
76;2021-12-06;248;312;10601;987252;975032;221514;79.4;78.4;17.8
76;2021-12-07;230;324;13025;987482;975356;234539;79.4;78.4;18.9
76;2021-12-08;318;469;12784;987800;975825;247323;79.4;78.5;19.9
76;2021-12-09;290;325;15415;988090;976150;262738;79.4;78.5;21.1
77;2020-12-27;2;1;0;2;1;0;0.0;0.0;0.0
77;2020-12-28;2;0;0;4;1;0;0.0;0.0;0.0
77;2020-12-29;1;0;0;5;1;0;0.0;0.0;0.0
77;2020-12-30;1;0;0;6;1;0;0.0;0.0;0.0
77;2020-12-31;0;0;0;6;1;0;0.0;0.0;0.0
77;2021-01-01;8;0;0;14;1;0;0.0;0.0;0.0
77;2021-01-02;1;0;0;15;1;0;0.0;0.0;0.0
77;2021-01-03;1;0;0;16;1;0;0.0;0.0;0.0
77;2021-01-04;10;0;0;26;1;0;0.0;0.0;0.0
77;2021-01-05;199;1;0;225;2;0;0.0;0.0;0.0
77;2021-01-06;275;2;0;500;4;0;0.0;0.0;0.0
77;2021-01-07;664;10;0;1164;14;0;0.1;0.0;0.0
77;2021-01-08;736;3;0;1900;17;0;0.1;0.0;0.0
77;2021-01-09;259;1;0;2159;18;0;0.2;0.0;0.0
77;2021-01-10;205;2;0;2364;20;0;0.2;0.0;0.0
77;2021-01-11;885;6;0;3249;26;0;0.2;0.0;0.0
77;2021-01-12;1085;5;0;4334;31;0;0.3;0.0;0.0
77;2021-01-13;1140;8;0;5474;39;0;0.4;0.0;0.0
77;2021-01-14;1136;18;0;6610;57;0;0.5;0.0;0.0
77;2021-01-15;989;18;0;7599;75;0;0.5;0.0;0.0
77;2021-01-16;164;1;0;7763;76;0;0.5;0.0;0.0
77;2021-01-17;109;3;0;7872;79;0;0.6;0.0;0.0
77;2021-01-18;1319;12;0;9191;91;0;0.6;0.0;0.0
77;2021-01-19;1877;28;0;11068;119;0;0.8;0.0;0.0
77;2021-01-20;2600;14;0;13668;133;0;1.0;0.0;0.0
77;2021-01-21;2361;38;0;16029;171;0;1.1;0.0;0.0
77;2021-01-22;1273;9;0;17302;180;0;1.2;0.0;0.0
77;2021-01-23;363;1;0;17665;181;0;1.2;0.0;0.0
77;2021-01-24;45;0;0;17710;181;0;1.2;0.0;0.0
77;2021-01-25;1043;26;0;18753;207;0;1.3;0.0;0.0
77;2021-01-26;1735;30;0;20488;237;0;1.4;0.0;0.0
77;2021-01-27;1492;43;0;21980;280;0;1.5;0.0;0.0
77;2021-01-28;1835;130;0;23815;410;0;1.7;0.0;0.0
77;2021-01-29;1366;177;0;25181;587;0;1.8;0.0;0.0
77;2021-01-30;266;5;0;25447;592;0;1.8;0.0;0.0
77;2021-01-31;5;2;0;25452;594;0;1.8;0.0;0.0
77;2021-02-01;682;226;0;26134;820;0;1.8;0.1;0.0
77;2021-02-02;878;341;0;27012;1161;0;1.9;0.1;0.0
77;2021-02-03;864;596;0;27876;1757;0;2.0;0.1;0.0
77;2021-02-04;863;892;0;28739;2649;0;2.0;0.2;0.0
77;2021-02-05;918;859;0;29657;3508;0;2.1;0.2;0.0
77;2021-02-06;200;102;0;29857;3610;0;2.1;0.3;0.0
77;2021-02-07;19;77;0;29876;3687;0;2.1;0.3;0.0
77;2021-02-08;474;998;0;30350;4685;0;2.1;0.3;0.0
77;2021-02-09;719;1560;0;31069;6245;0;2.2;0.4;0.0
77;2021-02-10;1098;1933;0;32167;8178;0;2.3;0.6;0.0
77;2021-02-11;1184;1839;0;33351;10017;0;2.3;0.7;0.0
77;2021-02-12;1200;1256;0;34551;11273;0;2.4;0.8;0.0
77;2021-02-13;230;181;0;34781;11454;0;2.4;0.8;0.0
77;2021-02-14;15;55;0;34796;11509;0;2.4;0.8;0.0
77;2021-02-15;604;1072;0;35400;12581;0;2.5;0.9;0.0
77;2021-02-16;691;1681;0;36091;14262;0;2.5;1.0;0.0
77;2021-02-17;661;1377;0;36752;15639;0;2.6;1.1;0.0
77;2021-02-18;998;1688;0;37750;17327;0;2.7;1.2;0.0
77;2021-02-19;933;1178;0;38683;18505;0;2.7;1.3;0.0
77;2021-02-20;97;256;0;38780;18761;0;2.7;1.3;0.0
77;2021-02-21;12;36;0;38792;18797;0;2.7;1.3;0.0
77;2021-02-22;387;900;0;39179;19697;0;2.8;1.4;0.0
77;2021-02-23;474;1193;0;39653;20890;0;2.8;1.5;0.0
77;2021-02-24;615;1043;0;40268;21933;0;2.8;1.5;0.0
77;2021-02-25;912;1170;0;41180;23103;0;2.9;1.6;0.0
77;2021-02-26;999;933;0;42179;24036;0;3.0;1.7;0.0
77;2021-02-27;532;227;0;42711;24263;0;3.0;1.7;0.0
77;2021-02-28;36;15;0;42747;24278;0;3.0;1.7;0.0
77;2021-03-01;806;795;0;43553;25073;0;3.1;1.8;0.0
77;2021-03-02;1227;1027;0;44780;26100;0;3.1;1.8;0.0
77;2021-03-03;2097;1217;0;46877;27317;0;3.3;1.9;0.0
77;2021-03-04;3087;1244;0;49964;28561;0;3.5;2.0;0.0
77;2021-03-05;3767;1073;0;53731;29634;0;3.8;2.1;0.0
77;2021-03-06;5018;298;0;58749;29932;0;4.1;2.1;0.0
77;2021-03-07;3455;181;0;62204;30113;0;4.4;2.1;0.0
77;2021-03-08;1508;605;0;63712;30718;0;4.5;2.2;0.0
77;2021-03-09;2746;729;0;66458;31447;0;4.7;2.2;0.0
77;2021-03-10;2730;702;0;69188;32149;0;4.9;2.3;0.0
77;2021-03-11;3961;877;0;73149;33026;0;5.1;2.3;0.0
77;2021-03-12;4362;821;0;77511;33847;0;5.4;2.4;0.0
77;2021-03-13;4633;249;0;82144;34096;0;5.8;2.4;0.0
77;2021-03-14;2112;115;0;84256;34211;0;5.9;2.4;0.0
77;2021-03-15;2785;382;0;87041;34593;0;6.1;2.4;0.0
77;2021-03-16;2669;437;0;89710;35030;0;6.3;2.5;0.0
77;2021-03-17;2646;462;0;92356;35492;0;6.5;2.5;0.0
77;2021-03-18;3235;457;0;95591;35949;0;6.7;2.5;0.0
77;2021-03-19;3582;483;0;99173;36432;0;7.0;2.6;0.0
77;2021-03-20;2394;121;0;101567;36553;0;7.1;2.6;0.0
77;2021-03-21;452;62;0;102019;36615;0;7.2;2.6;0.0
77;2021-03-22;3254;465;0;105273;37080;0;7.4;2.6;0.0
77;2021-03-23;4883;653;0;110156;37733;0;7.7;2.7;0.0
77;2021-03-24;4622;648;0;114778;38381;0;8.1;2.7;0.0
77;2021-03-25;6421;545;0;121199;38926;0;8.5;2.7;0.0
77;2021-03-26;6817;557;0;128016;39483;0;9.0;2.8;0.0
77;2021-03-27;3997;208;0;132013;39691;0;9.3;2.8;0.0
77;2021-03-28;1878;72;0;133891;39763;0;9.4;2.8;0.0
77;2021-03-29;3292;841;0;137183;40604;0;9.6;2.9;0.0
77;2021-03-30;4698;1319;0;141881;41923;0;10.0;2.9;0.0
77;2021-03-31;4371;1287;0;146252;43210;0;10.3;3.0;0.0
77;2021-04-01;5060;2044;0;151312;45254;0;10.6;3.2;0.0
77;2021-04-02;4730;2204;0;156042;47458;0;11.0;3.3;0.0
77;2021-04-03;2263;2316;0;158305;49774;0;11.1;3.5;0.0
77;2021-04-04;737;1424;0;159042;51198;0;11.2;3.6;0.0
77;2021-04-05;569;184;0;159611;51382;0;11.2;3.6;0.0
77;2021-04-06;3449;2075;0;163060;53457;0;11.5;3.8;0.0
77;2021-04-07;4229;2260;0;167289;55717;0;11.8;3.9;0.0
77;2021-04-08;5645;2521;0;172934;58238;0;12.1;4.1;0.0
77;2021-04-09;5987;2208;0;178921;60446;0;12.6;4.2;0.0
77;2021-04-10;3737;2806;0;182658;63252;0;12.8;4.4;0.0
77;2021-04-11;940;836;0;183598;64088;0;12.9;4.5;0.0
77;2021-04-12;3005;2046;0;186603;66134;0;13.1;4.6;0.0
77;2021-04-13;4331;3067;0;190934;69201;0;13.4;4.9;0.0
77;2021-04-14;3403;2714;0;194337;71915;0;13.7;5.1;0.0
77;2021-04-15;4465;3292;0;198802;75207;0;14.0;5.3;0.0
77;2021-04-16;4473;2857;0;203275;78064;0;14.3;5.5;0.0
77;2021-04-17;2214;891;0;205489;78955;0;14.4;5.5;0.0
77;2021-04-18;402;213;0;205891;79168;0;14.5;5.6;0.0
77;2021-04-19;2873;2671;0;208764;81839;0;14.7;5.7;0.0
77;2021-04-20;3266;3635;0;212030;85474;0;14.9;6.0;0.0
77;2021-04-21;3091;3695;0;215121;89169;0;15.1;6.3;0.0
77;2021-04-22;4078;4247;0;219199;93416;0;15.4;6.6;0.0
77;2021-04-23;4611;4068;0;223810;97484;0;15.7;6.8;0.0
77;2021-04-24;6052;3033;0;229862;100517;0;16.1;7.1;0.0
77;2021-04-25;4614;1418;0;234476;101935;0;16.5;7.2;0.0
77;2021-04-26;4129;2545;0;238605;104480;0;16.8;7.3;0.0
77;2021-04-27;5164;3110;0;243769;107590;0;17.1;7.6;0.0
77;2021-04-28;5283;3176;0;249052;110766;0;17.5;7.8;0.0
77;2021-04-29;5990;3714;0;255042;114480;0;17.9;8.0;0.0
77;2021-04-30;6497;3949;0;261539;118429;0;18.4;8.3;0.0
77;2021-05-01;3625;932;0;265164;119361;0;18.6;8.4;0.0
77;2021-05-02;3498;659;0;268662;120020;0;18.9;8.4;0.0
77;2021-05-03;7125;3358;0;275787;123378;0;19.4;8.7;0.0
77;2021-05-04;7588;3797;0;283375;127175;0;19.9;8.9;0.0
77;2021-05-05;7090;3845;0;290465;131020;0;20.4;9.2;0.0
77;2021-05-06;8160;4345;0;298625;135365;0;21.0;9.5;0.0
77;2021-05-07;9231;4246;0;307856;139611;0;21.6;9.8;0.0
77;2021-05-08;6843;1513;0;314699;141124;0;22.1;9.9;0.0
77;2021-05-09;5312;1044;0;320011;142168;0;22.5;10.0;0.0
77;2021-05-10;8718;3074;0;328729;145242;0;23.1;10.2;0.0
77;2021-05-11;10081;3790;0;338810;149032;0;23.8;10.5;0.0
77;2021-05-12;9488;3038;0;348298;152070;0;24.5;10.7;0.0
77;2021-05-13;9522;1152;0;357820;153222;0;25.1;10.8;0.0
77;2021-05-14;10771;2159;0;368591;155381;0;25.9;10.9;0.0
77;2021-05-15;9248;1615;0;377839;156996;0;26.5;11.0;0.0
77;2021-05-16;5049;579;0;382888;157575;0;26.9;11.1;0.0
77;2021-05-17;10087;1782;0;392975;159357;0;27.6;11.2;0.0
77;2021-05-18;11622;2141;0;404597;161498;0;28.4;11.3;0.0
77;2021-05-19;10626;2202;0;415223;163700;0;29.2;11.5;0.0
77;2021-05-20;11943;2826;0;427166;166526;0;30.0;11.7;0.0
77;2021-05-21;11428;3030;0;438594;169556;0;30.8;11.9;0.0
77;2021-05-22;9508;1848;0;448102;171404;0;31.5;12.0;0.0
77;2021-05-23;6322;834;0;454424;172238;0;31.9;12.1;0.0
77;2021-05-24;6729;878;0;461153;173116;0;32.4;12.2;0.0
77;2021-05-25;8261;3409;0;469414;176525;0;33.0;12.4;0.0
77;2021-05-26;7855;3392;0;477269;179917;0;33.5;12.6;0.0
77;2021-05-27;8032;4550;0;485301;184467;0;34.1;13.0;0.0
77;2021-05-28;8053;4721;0;493354;189188;0;34.7;13.3;0.0
77;2021-05-29;7339;2890;0;500693;192078;0;35.2;13.5;0.0
77;2021-05-30;4201;1058;0;504894;193136;0;35.5;13.6;0.0
77;2021-05-31;7817;4475;0;512711;197611;0;36.0;13.9;0.0
77;2021-06-01;9156;5185;0;521867;202796;0;36.7;14.2;0.0
77;2021-06-02;8647;4624;0;530514;207420;0;37.3;14.6;0.0
77;2021-06-03;8675;6176;0;539189;213596;0;37.9;15.0;0.0
77;2021-06-04;9041;6559;0;548230;220155;0;38.5;15.5;0.0
77;2021-06-05;6398;5979;0;554628;226134;0;39.0;15.9;0.0
77;2021-06-06;4363;3226;0;558991;229360;0;39.3;16.1;0.0
77;2021-06-07;6294;5540;0;565285;234900;0;39.7;16.5;0.0
77;2021-06-08;5926;6239;0;571211;241139;0;40.1;16.9;0.0
77;2021-06-09;5303;6128;0;576514;247267;0;40.5;17.4;0.0
77;2021-06-10;5361;7445;0;581875;254712;0;40.9;17.9;0.0
77;2021-06-11;5987;7276;0;587862;261988;0;41.3;18.4;0.0
77;2021-06-12;6207;5793;0;594069;267781;0;41.7;18.8;0.0
77;2021-06-13;3264;3257;0;597333;271038;0;42.0;19.0;0.0
77;2021-06-14;3605;9139;0;600938;280177;0;42.2;19.7;0.0
77;2021-06-15;4533;9738;0;605471;289915;0;42.5;20.4;0.0
77;2021-06-16;5035;9257;0;610506;299172;0;42.9;21.0;0.0
77;2021-06-17;4830;9886;0;615336;309058;0;43.2;21.7;0.0
77;2021-06-18;4754;11030;0;620090;320088;0;43.6;22.5;0.0
77;2021-06-19;5105;8064;0;625195;328152;0;43.9;23.1;0.0
77;2021-06-20;2169;4300;0;627364;332452;0;44.1;23.4;0.0
77;2021-06-21;3334;10109;0;630698;342561;0;44.3;24.1;0.0
77;2021-06-22;3877;11788;0;634575;354349;0;44.6;24.9;0.0
77;2021-06-23;3740;10625;0;638315;364974;0;44.8;25.6;0.0
77;2021-06-24;3755;11337;0;642070;376311;0;45.1;26.4;0.0
77;2021-06-25;3784;11487;0;645854;387798;0;45.4;27.2;0.0
77;2021-06-26;3907;10574;0;649761;398372;0;45.6;28.0;0.0
77;2021-06-27;2034;6114;0;651795;404486;0;45.8;28.4;0.0
77;2021-06-28;2885;10911;0;654680;415397;0;46.0;29.2;0.0
77;2021-06-29;3600;12629;0;658280;428026;0;46.2;30.1;0.0
77;2021-06-30;3563;11537;0;661843;439563;0;46.5;30.9;0.0
77;2021-07-01;3882;11615;0;665725;451178;0;46.8;31.7;0.0
77;2021-07-02;4138;12413;0;669863;463591;0;47.1;32.6;0.0
77;2021-07-03;3377;10718;0;673240;474309;0;47.3;33.3;0.0
77;2021-07-04;1974;6088;0;675214;480397;0;47.4;33.7;0.0
77;2021-07-05;3790;9667;0;679004;490064;0;47.7;34.4;0.0
77;2021-07-06;3990;9899;0;682994;499963;0;48.0;35.1;0.0
77;2021-07-07;4257;9469;2;687251;509432;2;48.3;35.8;0.0
77;2021-07-08;4451;9492;0;691702;518924;2;48.6;36.5;0.0
77;2021-07-09;5094;10887;0;696796;529811;2;48.9;37.2;0.0
77;2021-07-10;4078;9953;0;700874;539764;2;49.2;37.9;0.0
77;2021-07-11;2867;4923;0;703741;544687;2;49.4;38.3;0.0
77;2021-07-12;3643;10661;0;707384;555348;2;49.7;39.0;0.0
77;2021-07-13;6880;12196;0;714264;567544;2;50.2;39.9;0.0
77;2021-07-14;4171;6242;0;718435;573786;2;50.5;40.3;0.0
77;2021-07-15;8283;12445;0;726718;586231;2;51.0;41.2;0.0
77;2021-07-16;8896;10634;0;735614;596865;2;51.7;41.9;0.0
77;2021-07-17;6540;9539;0;742154;606404;2;52.1;42.6;0.0
77;2021-07-18;4110;5046;0;746264;611450;2;52.4;43.0;0.0
77;2021-07-19;7888;9354;0;754152;620804;2;53.0;43.6;0.0
77;2021-07-20;10296;8997;0;764448;629801;2;53.7;44.2;0.0
77;2021-07-21;10226;8362;0;774674;638163;2;54.4;44.8;0.0
77;2021-07-22;11212;8425;0;785886;646588;2;55.2;45.4;0.0
77;2021-07-23;10699;9156;0;796585;655744;2;56.0;46.1;0.0
77;2021-07-24;7593;8135;0;804178;663879;2;56.5;46.6;0.0
77;2021-07-25;5347;3903;0;809525;667782;2;56.9;46.9;0.0
77;2021-07-26;9126;6588;0;818651;674370;2;57.5;47.4;0.0
77;2021-07-27;10912;6601;0;829563;680971;2;58.3;47.8;0.0
77;2021-07-28;9927;7054;0;839490;688025;2;59.0;48.3;0.0
77;2021-07-29;9807;6164;0;849297;694189;2;59.7;48.8;0.0
77;2021-07-30;9875;6963;0;859172;701152;2;60.4;49.3;0.0
77;2021-07-31;7003;6659;0;866175;707811;2;60.8;49.7;0.0
77;2021-08-01;2860;1433;0;869035;709244;2;61.0;49.8;0.0
77;2021-08-02;7377;6149;0;876412;715393;2;61.6;50.3;0.0
77;2021-08-03;6356;5440;0;882768;720833;2;62.0;50.6;0.0
77;2021-08-04;5401;5274;0;888169;726107;2;62.4;51.0;0.0
77;2021-08-05;3924;4076;0;892093;730183;2;62.7;51.3;0.0
77;2021-08-06;6228;6122;0;898321;736305;2;63.1;51.7;0.0
77;2021-08-07;5248;6989;0;903569;743294;2;63.5;52.2;0.0
77;2021-08-08;1939;2137;0;905508;745431;2;63.6;52.4;0.0
77;2021-08-09;5375;7415;0;910883;752846;2;64.0;52.9;0.0
77;2021-08-10;3529;5115;0;914412;757961;2;64.2;53.2;0.0
77;2021-08-11;3614;7191;0;918026;765152;2;64.5;53.7;0.0
77;2021-08-12;3037;4966;0;921063;770118;2;64.7;54.1;0.0
77;2021-08-13;3283;6014;0;924346;776132;2;64.9;54.5;0.0
77;2021-08-14;3014;7525;0;927360;783657;2;65.1;55.0;0.0
77;2021-08-15;818;942;0;928178;784599;2;65.2;55.1;0.0
77;2021-08-16;2812;7824;0;930990;792423;2;65.4;55.7;0.0
77;2021-08-17;3299;8022;0;934289;800445;2;65.6;56.2;0.0
77;2021-08-18;2983;7300;0;937272;807745;2;65.8;56.7;0.0
77;2021-08-19;2948;6150;0;940220;813895;2;66.0;57.2;0.0
77;2021-08-20;2971;6639;0;943191;820534;2;66.3;57.6;0.0
77;2021-08-21;2695;7322;0;945886;827856;2;66.4;58.2;0.0
77;2021-08-22;1614;4857;0;947500;832713;2;66.6;58.5;0.0
77;2021-08-23;2586;9611;0;950086;842324;2;66.7;59.2;0.0
77;2021-08-24;3193;9320;0;953279;851644;2;67.0;59.8;0.0
77;2021-08-25;2722;6935;0;956001;858579;2;67.2;60.3;0.0
77;2021-08-26;2726;6579;0;958727;865158;2;67.3;60.8;0.0
77;2021-08-27;2897;7541;1;961624;872699;3;67.5;61.3;0.0
77;2021-08-28;2113;7342;0;963737;880041;3;67.7;61.8;0.0
77;2021-08-29;1439;4721;0;965176;884762;3;67.8;62.1;0.0
77;2021-08-30;2693;8266;112;967869;893028;115;68.0;62.7;0.0
77;2021-08-31;2916;6079;152;970785;899107;267;68.2;63.2;0.0
77;2021-09-01;2711;4256;346;973496;903363;613;68.4;63.5;0.0
77;2021-09-02;1913;3256;369;975409;906619;982;68.5;63.7;0.1
77;2021-09-03;2274;4597;468;977683;911216;1450;68.7;64.0;0.1
77;2021-09-04;2519;5784;201;980202;917000;1651;68.9;64.4;0.1
77;2021-09-05;873;1443;183;981075;918443;1834;68.9;64.5;0.1
77;2021-09-06;1284;2507;466;982359;920950;2300;69.0;64.7;0.2
77;2021-09-07;1145;2511;361;983504;923461;2661;69.1;64.9;0.2
77;2021-09-08;1840;3156;527;985344;926617;3188;69.2;65.1;0.2
77;2021-09-09;1135;2256;456;986479;928873;3644;69.3;65.2;0.3
77;2021-09-10;1420;2633;410;987899;931506;4054;69.4;65.4;0.3
77;2021-09-11;1968;5334;329;989867;936840;4383;69.5;65.8;0.3
77;2021-09-12;547;1377;72;990414;938217;4455;69.6;65.9;0.3
77;2021-09-13;1194;2027;656;991608;940244;5111;69.7;66.0;0.4
77;2021-09-14;1208;2010;646;992816;942254;5757;69.7;66.2;0.4
77;2021-09-15;1300;2670;895;994116;944924;6652;69.8;66.4;0.5
77;2021-09-16;1068;1803;976;995184;946727;7628;69.9;66.5;0.5
77;2021-09-17;1312;2338;680;996496;949065;8308;70.0;66.7;0.6
77;2021-09-18;1346;3742;329;997842;952807;8637;70.1;66.9;0.6
77;2021-09-19;254;1178;87;998096;953985;8724;70.1;67.0;0.6
77;2021-09-20;940;1838;712;999036;955823;9436;70.2;67.1;0.7
77;2021-09-21;894;1667;932;999930;957490;10368;70.2;67.3;0.7
77;2021-09-22;877;2688;921;1000807;960178;11289;70.3;67.4;0.8
77;2021-09-23;633;1553;647;1001440;961731;11936;70.3;67.6;0.8
77;2021-09-24;886;1995;770;1002326;963726;12706;70.4;67.7;0.9
77;2021-09-25;1020;3913;518;1003346;967639;13224;70.5;68.0;0.9
77;2021-09-26;252;866;121;1003598;968505;13345;70.5;68.0;0.9
77;2021-09-27;746;1435;771;1004344;969940;14116;70.5;68.1;1.0
77;2021-09-28;813;1059;574;1005157;970999;14690;70.6;68.2;1.0
77;2021-09-29;1016;1874;1027;1006173;972873;15717;70.7;68.3;1.1
77;2021-09-30;696;1092;650;1006869;973965;16367;70.7;68.4;1.1
77;2021-10-01;1205;1299;757;1008074;975264;17124;70.8;68.5;1.2
77;2021-10-02;1179;2196;610;1009253;977460;17734;70.9;68.7;1.2
77;2021-10-03;181;504;91;1009434;977964;17825;70.9;68.7;1.3
77;2021-10-04;657;932;869;1010091;978896;18694;71.0;68.8;1.3
77;2021-10-05;509;937;743;1010600;979833;19437;71.0;68.8;1.4
77;2021-10-06;700;1418;955;1011300;981251;20392;71.0;68.9;1.4
77;2021-10-07;513;877;829;1011813;982128;21221;71.1;69.0;1.5
77;2021-10-08;840;1408;1100;1012653;983536;22321;71.1;69.1;1.6
77;2021-10-09;931;1967;986;1013584;985503;23307;71.2;69.2;1.6
77;2021-10-10;101;157;43;1013685;985660;23350;71.2;69.2;1.6
77;2021-10-11;701;991;1164;1014386;986651;24514;71.3;69.3;1.7
77;2021-10-12;588;995;1379;1014974;987646;25893;71.3;69.4;1.8
77;2021-10-13;825;1084;1485;1015799;988730;27378;71.4;69.5;1.9
77;2021-10-14;510;832;1152;1016309;989562;28530;71.4;69.5;2.0
77;2021-10-15;757;1203;1440;1017066;990765;29970;71.4;69.6;2.1
77;2021-10-16;914;1300;951;1017980;992065;30921;71.5;69.7;2.2
77;2021-10-17;81;123;54;1018061;992188;30975;71.5;69.7;2.2
77;2021-10-18;582;861;1417;1018643;993049;32392;71.6;69.8;2.3
77;2021-10-19;457;895;1159;1019100;993944;33551;71.6;69.8;2.4
77;2021-10-20;619;1137;1820;1019719;995081;35371;71.6;69.9;2.5
77;2021-10-21;414;683;1365;1020133;995764;36736;71.7;69.9;2.6
77;2021-10-22;665;1106;2035;1020798;996870;38771;71.7;70.0;2.7
77;2021-10-23;799;1245;1396;1021597;998115;40167;71.8;70.1;2.8
77;2021-10-24;39;100;38;1021636;998215;40205;71.8;70.1;2.8
77;2021-10-25;480;661;1411;1022116;998876;41616;71.8;70.2;2.9
77;2021-10-26;347;444;1039;1022463;999320;42655;71.8;70.2;3.0
77;2021-10-27;494;700;2141;1022957;1000020;44796;71.9;70.2;3.1
77;2021-10-28;360;555;1293;1023317;1000575;46089;71.9;70.3;3.2
77;2021-10-29;544;787;1752;1023861;1001362;47841;71.9;70.3;3.4
77;2021-10-30;570;900;1391;1024431;1002262;49232;72.0;70.4;3.5
77;2021-10-31;42;89;30;1024473;1002351;49262;72.0;70.4;3.5
77;2021-11-01;132;125;212;1024605;1002476;49474;72.0;70.4;3.5
77;2021-11-02;340;584;1261;1024945;1003060;50735;72.0;70.5;3.6
77;2021-11-03;482;784;1899;1025427;1003844;52634;72.0;70.5;3.7
77;2021-11-04;337;578;1706;1025764;1004422;54340;72.1;70.6;3.8
77;2021-11-05;535;695;2125;1026299;1005117;56465;72.1;70.6;4.0
77;2021-11-06;618;1096;1746;1026917;1006213;58211;72.1;70.7;4.1
77;2021-11-07;32;73;33;1026949;1006286;58244;72.1;70.7;4.1
77;2021-11-08;380;629;2543;1027329;1006915;60787;72.2;70.7;4.3
77;2021-11-09;294;501;2116;1027623;1007416;62903;72.2;70.8;4.4
77;2021-11-10;500;729;3096;1028123;1008145;65999;72.2;70.8;4.6
77;2021-11-11;54;110;392;1028177;1008255;66391;72.2;70.8;4.7
77;2021-11-12;535;722;3101;1028712;1008977;69492;72.3;70.9;4.9
77;2021-11-13;654;1003;2209;1029366;1009980;71701;72.3;70.9;5.0
77;2021-11-14;32;79;119;1029398;1010059;71820;72.3;71.0;5.0
77;2021-11-15;347;462;2559;1029745;1010521;74379;72.3;71.0;5.2
77;2021-11-16;372;429;2969;1030117;1010950;77348;72.4;71.0;5.4
77;2021-11-17;448;624;2699;1030565;1011574;80047;72.4;71.1;5.6
77;2021-11-18;351;462;2956;1030916;1012036;83003;72.4;71.1;5.8
77;2021-11-19;544;607;3453;1031460;1012643;86456;72.5;71.1;6.1
77;2021-11-20;825;1087;3076;1032285;1013730;89532;72.5;71.2;6.3
77;2021-11-21;52;88;306;1032337;1013818;89838;72.5;71.2;6.3
77;2021-11-22;440;478;3209;1032777;1014296;93047;72.5;71.2;6.5
77;2021-11-23;310;400;2585;1033087;1014696;95632;72.6;71.3;6.7
77;2021-11-24;515;682;3620;1033602;1015378;99252;72.6;71.3;7.0
77;2021-11-25;386;440;3674;1033988;1015818;102926;72.6;71.4;7.2
77;2021-11-26;566;614;6414;1034554;1016432;109340;72.7;71.4;7.7
77;2021-11-27;699;861;6178;1035253;1017293;115518;72.7;71.5;8.1
77;2021-11-28;64;98;764;1035317;1017391;116282;72.7;71.5;8.2
77;2021-11-29;278;397;6231;1035595;1017788;122513;72.7;71.5;8.6
77;2021-11-30;353;451;8223;1035948;1018239;130736;72.8;71.5;9.2
77;2021-12-01;387;566;8969;1036335;1018805;139705;72.8;71.6;9.8
77;2021-12-02;323;386;10006;1036658;1019191;149711;72.8;71.6;10.5
77;2021-12-03;337;520;10831;1036995;1019711;160542;72.8;71.6;11.3
77;2021-12-04;469;783;8925;1037464;1020494;169467;72.9;71.7;11.9
77;2021-12-05;92;111;2116;1037556;1020605;171583;72.9;71.7;12.1
77;2021-12-06;317;501;10542;1037873;1021106;182125;72.9;71.7;12.8
77;2021-12-07;377;486;14169;1038250;1021592;196294;72.9;71.8;13.8
77;2021-12-08;458;569;13960;1038708;1022161;210254;73.0;71.8;14.8
77;2021-12-09;394;493;14969;1039102;1022654;225223;73.0;71.8;15.8
78;2020-12-27;4;0;0;4;0;0;0.0;0.0;0.0
78;2020-12-28;0;0;0;4;0;0;0.0;0.0;0.0
78;2020-12-29;2;0;0;6;0;0;0.0;0.0;0.0
78;2020-12-30;6;0;0;12;0;0;0.0;0.0;0.0
78;2020-12-31;12;0;0;24;0;0;0.0;0.0;0.0
78;2021-01-01;5;0;0;29;0;0;0.0;0.0;0.0
78;2021-01-02;1;0;0;30;0;0;0.0;0.0;0.0
78;2021-01-03;5;0;0;35;0;0;0.0;0.0;0.0
78;2021-01-04;122;3;0;157;3;0;0.0;0.0;0.0
78;2021-01-05;219;1;0;376;4;0;0.0;0.0;0.0
78;2021-01-06;260;5;0;636;9;0;0.0;0.0;0.0
78;2021-01-07;517;3;0;1153;12;0;0.1;0.0;0.0
78;2021-01-08;704;5;0;1857;17;0;0.1;0.0;0.0
78;2021-01-09;78;1;0;1935;18;0;0.1;0.0;0.0
78;2021-01-10;49;1;0;1984;19;0;0.1;0.0;0.0
78;2021-01-11;908;8;0;2892;27;0;0.2;0.0;0.0
78;2021-01-12;1074;7;0;3966;34;0;0.3;0.0;0.0
78;2021-01-13;964;12;0;4930;46;0;0.3;0.0;0.0
78;2021-01-14;1079;19;0;6009;65;0;0.4;0.0;0.0
78;2021-01-15;1025;9;0;7034;74;0;0.5;0.0;0.0
78;2021-01-16;108;2;0;7142;76;0;0.5;0.0;0.0
78;2021-01-17;80;0;0;7222;76;0;0.5;0.0;0.0
78;2021-01-18;1552;13;0;8774;89;0;0.6;0.0;0.0
78;2021-01-19;2024;23;0;10798;112;0;0.7;0.0;0.0
78;2021-01-20;2044;17;0;12842;129;0;0.9;0.0;0.0
78;2021-01-21;3492;26;0;16334;155;0;1.1;0.0;0.0
78;2021-01-22;2526;26;0;18860;181;0;1.3;0.0;0.0
78;2021-01-23;453;0;0;19313;181;0;1.3;0.0;0.0
78;2021-01-24;74;2;0;19387;183;0;1.3;0.0;0.0
78;2021-01-25;1151;33;0;20538;216;0;1.4;0.0;0.0
78;2021-01-26;1738;39;0;22276;255;0;1.5;0.0;0.0
78;2021-01-27;2318;73;0;24594;328;0;1.7;0.0;0.0
78;2021-01-28;2868;137;0;27462;465;0;1.9;0.0;0.0
78;2021-01-29;1870;102;0;29332;567;0;2.0;0.0;0.0
78;2021-01-30;359;9;0;29691;576;0;2.0;0.0;0.0
78;2021-01-31;33;4;0;29724;580;0;2.1;0.0;0.0
78;2021-02-01;972;262;0;30696;842;0;2.1;0.1;0.0
78;2021-02-02;1191;371;0;31887;1213;0;2.2;0.1;0.0
78;2021-02-03;1199;322;0;33086;1535;0;2.3;0.1;0.0
78;2021-02-04;1374;526;0;34460;2061;0;2.4;0.1;0.0
78;2021-02-05;1346;579;0;35806;2640;0;2.5;0.2;0.0
78;2021-02-06;300;58;0;36106;2698;0;2.5;0.2;0.0
78;2021-02-07;104;34;0;36210;2732;0;2.5;0.2;0.0
78;2021-02-08;841;734;0;37051;3466;0;2.6;0.2;0.0
78;2021-02-09;1259;1191;0;38310;4657;0;2.6;0.3;0.0
78;2021-02-10;1415;1365;0;39725;6022;0;2.7;0.4;0.0
78;2021-02-11;1957;2088;0;41682;8110;0;2.9;0.6;0.0
78;2021-02-12;1953;1478;0;43635;9588;0;3.0;0.7;0.0
78;2021-02-13;196;154;0;43831;9742;0;3.0;0.7;0.0
78;2021-02-14;43;67;0;43874;9809;0;3.0;0.7;0.0
78;2021-02-15;514;1624;0;44388;11433;0;3.1;0.8;0.0
78;2021-02-16;679;1984;0;45067;13417;0;3.1;0.9;0.0
78;2021-02-17;726;2394;0;45793;15811;0;3.2;1.1;0.0
78;2021-02-18;1159;2632;0;46952;18443;0;3.2;1.3;0.0
78;2021-02-19;1013;2004;0;47965;20447;0;3.3;1.4;0.0
78;2021-02-20;174;275;0;48139;20722;0;3.3;1.4;0.0
78;2021-02-21;16;54;0;48155;20776;0;3.3;1.4;0.0
78;2021-02-22;604;1292;0;48759;22068;0;3.4;1.5;0.0
78;2021-02-23;698;1331;0;49457;23399;0;3.4;1.6;0.0
78;2021-02-24;733;1500;0;50190;24899;0;3.5;1.7;0.0
78;2021-02-25;1067;1607;0;51257;26506;0;3.5;1.8;0.0
78;2021-02-26;1420;1473;0;52677;27979;0;3.6;1.9;0.0
78;2021-02-27;825;274;0;53502;28253;0;3.7;2.0;0.0
78;2021-02-28;117;48;0;53619;28301;0;3.7;2.0;0.0
78;2021-03-01;1155;1107;0;54774;29408;0;3.8;2.0;0.0
78;2021-03-02;2034;1271;0;56808;30679;0;3.9;2.1;0.0
78;2021-03-03;2281;1443;0;59089;32122;0;4.1;2.2;0.0
78;2021-03-04;3568;1820;0;62657;33942;0;4.3;2.3;0.0
78;2021-03-05;4090;1861;0;66747;35803;0;4.6;2.5;0.0
78;2021-03-06;7015;384;0;73762;36187;0;5.1;2.5;0.0
78;2021-03-07;4421;221;0;78183;36408;0;5.4;2.5;0.0
78;2021-03-08;1974;927;0;80157;37335;0;5.5;2.6;0.0
78;2021-03-09;3623;1088;0;83780;38423;0;5.8;2.7;0.0
78;2021-03-10;3702;1292;0;87482;39715;0;6.0;2.7;0.0
78;2021-03-11;4971;1536;0;92453;41251;0;6.4;2.8;0.0
78;2021-03-12;6186;1589;0;98639;42840;0;6.8;3.0;0.0
78;2021-03-13;5416;316;0;104055;43156;0;7.2;3.0;0.0
78;2021-03-14;1522;73;0;105577;43229;0;7.3;3.0;0.0
78;2021-03-15;4102;380;0;109679;43609;0;7.6;3.0;0.0
78;2021-03-16;3168;615;0;112847;44224;0;7.8;3.1;0.0
78;2021-03-17;3478;545;0;116325;44769;0;8.0;3.1;0.0
78;2021-03-18;4576;549;0;120901;45318;0;8.3;3.1;0.0
78;2021-03-19;6149;618;0;127050;45936;0;8.8;3.2;0.0
78;2021-03-20;2801;160;0;129851;46096;0;9.0;3.2;0.0
78;2021-03-21;310;38;0;130161;46134;0;9.0;3.2;0.0
78;2021-03-22;3889;507;0;134050;46641;0;9.3;3.2;0.0
78;2021-03-23;5782;697;0;139832;47338;0;9.7;3.3;0.0
78;2021-03-24;5407;726;0;145239;48064;0;10.0;3.3;0.0
78;2021-03-25;7749;774;0;152988;48838;0;10.6;3.4;0.0
78;2021-03-26;7757;920;0;160745;49758;0;11.1;3.4;0.0
78;2021-03-27;4505;336;0;165250;50094;0;11.4;3.5;0.0
78;2021-03-28;2117;80;0;167367;50174;0;11.6;3.5;0.0
78;2021-03-29;4254;999;0;171621;51173;0;11.8;3.5;0.0
78;2021-03-30;5878;1362;0;177499;52535;0;12.3;3.6;0.0
78;2021-03-31;5741;1689;0;183240;54224;0;12.6;3.7;0.0
78;2021-04-01;6346;2791;0;189586;57015;0;13.1;3.9;0.0
78;2021-04-02;5610;3275;0;195196;60290;0;13.5;4.2;0.0
78;2021-04-03;2408;3382;0;197604;63672;0;13.6;4.4;0.0
78;2021-04-04;464;344;0;198068;64016;0;13.7;4.4;0.0
78;2021-04-05;485;76;0;198553;64092;0;13.7;4.4;0.0
78;2021-04-06;3862;2821;0;202415;66913;0;14.0;4.6;0.0
78;2021-04-07;5057;3111;0;207472;70024;0;14.3;4.8;0.0
78;2021-04-08;6104;3212;0;213576;73236;0;14.7;5.1;0.0
78;2021-04-09;7524;3034;0;221100;76270;0;15.3;5.3;0.0
78;2021-04-10;4189;2463;0;225289;78733;0;15.6;5.4;0.0
78;2021-04-11;581;852;0;225870;79585;0;15.6;5.5;0.0
78;2021-04-12;3685;2767;0;229555;82352;0;15.8;5.7;0.0
78;2021-04-13;5620;3290;0;235175;85642;0;16.2;5.9;0.0
78;2021-04-14;5360;3844;0;240535;89486;0;16.6;6.2;0.0
78;2021-04-15;5197;4633;0;245732;94119;0;17.0;6.5;0.0
78;2021-04-16;6396;4615;0;252128;98734;0;17.4;6.8;0.0
78;2021-04-17;4020;1158;0;256148;99892;0;17.7;6.9;0.0
78;2021-04-18;545;159;0;256693;100051;0;17.7;6.9;0.0
78;2021-04-19;3521;3101;0;260214;103152;0;18.0;7.1;0.0
78;2021-04-20;5001;4121;0;265215;107273;0;18.3;7.4;0.0
78;2021-04-21;5253;3865;0;270468;111138;0;18.7;7.7;0.0
78;2021-04-22;5071;5123;0;275539;116261;0;19.0;8.0;0.0
78;2021-04-23;5765;5040;0;281304;121301;0;19.4;8.4;0.0
78;2021-04-24;5862;3160;0;287166;124461;0;19.8;8.6;0.0
78;2021-04-25;3300;1813;0;290466;126274;0;20.1;8.7;0.0
78;2021-04-26;4996;3627;0;295462;129901;0;20.4;9.0;0.0
78;2021-04-27;5820;4528;0;301282;134429;0;20.8;9.3;0.0
78;2021-04-28;6038;4902;0;307320;139331;0;21.2;9.6;0.0
78;2021-04-29;6933;4715;0;314253;144046;0;21.7;9.9;0.0
78;2021-04-30;8196;4812;0;322449;148858;0;22.3;10.3;0.0
78;2021-05-01;1237;449;0;323686;149307;0;22.3;10.3;0.0
78;2021-05-02;2030;308;0;325716;149615;0;22.5;10.3;0.0
78;2021-05-03;7286;2401;0;333002;152016;0;23.0;10.5;0.0
78;2021-05-04;6842;4373;0;339844;156389;0;23.5;10.8;0.0
78;2021-05-05;7779;5052;0;347623;161441;0;24.0;11.1;0.0
78;2021-05-06;7696;5547;0;355319;166988;0;24.5;11.5;0.0
78;2021-05-07;9409;5685;0;364728;172673;0;25.2;11.9;0.0
78;2021-05-08;4601;1774;0;369329;174447;0;25.5;12.0;0.0
78;2021-05-09;3678;657;0;373007;175104;0;25.7;12.1;0.0
78;2021-05-10;8831;4591;0;381838;179695;0;26.4;12.4;0.0
78;2021-05-11;10224;5599;0;392062;185294;0;27.1;12.8;0.0
78;2021-05-12;10886;4354;0;402948;189648;0;27.8;13.1;0.0
78;2021-05-13;9021;949;0;411969;190597;0;28.4;13.2;0.0
78;2021-05-14;11875;2744;0;423844;193341;0;29.3;13.3;0.0
78;2021-05-15;6935;2624;0;430779;195965;0;29.7;13.5;0.0
78;2021-05-16;4762;867;0;435541;196832;0;30.1;13.6;0.0
78;2021-05-17;9780;1715;0;445321;198547;0;30.7;13.7;0.0
78;2021-05-18;12009;2433;0;457330;200980;0;31.6;13.9;0.0
78;2021-05-19;13388;2739;0;470718;203719;0;32.5;14.1;0.0
78;2021-05-20;13731;3048;0;484449;206767;0;33.4;14.3;0.0
78;2021-05-21;14059;3191;0;498508;209958;0;34.4;14.5;0.0
78;2021-05-22;8851;1737;0;507359;211695;0;35.0;14.6;0.0
78;2021-05-23;4368;546;0;511727;212241;0;35.3;14.7;0.0
78;2021-05-24;5308;711;0;517035;212952;0;35.7;14.7;0.0
78;2021-05-25;10905;3191;0;527940;216143;0;36.4;14.9;0.0
78;2021-05-26;11302;4344;0;539242;220487;0;37.2;15.2;0.0
78;2021-05-27;12103;5232;0;551345;225719;0;38.1;15.6;0.0
78;2021-05-28;12291;6699;0;563636;232418;0;38.9;16.0;0.0
78;2021-05-29;5547;3665;0;569183;236083;0;39.3;16.3;0.0
78;2021-05-30;1203;551;0;570386;236634;0;39.4;16.3;0.0
78;2021-05-31;8878;5481;0;579264;242115;0;40.0;16.7;0.0
78;2021-06-01;11584;7147;0;590848;249262;0;40.8;17.2;0.0
78;2021-06-02;10447;6848;0;601295;256110;0;41.5;17.7;0.0
78;2021-06-03;11162;7497;0;612457;263607;0;42.3;18.2;0.0
78;2021-06-04;11449;8665;0;623906;272272;0;43.1;18.8;0.0
78;2021-06-05;7833;6956;0;631739;279228;0;43.6;19.3;0.0
78;2021-06-06;2876;2188;0;634615;281416;0;43.8;19.4;0.0
78;2021-06-07;9692;6920;0;644307;288336;0;44.5;19.9;0.0
78;2021-06-08;9573;7853;0;653880;296189;0;45.1;20.4;0.0
78;2021-06-09;8562;7712;0;662442;303901;0;45.7;21.0;0.0
78;2021-06-10;8279;8640;0;670721;312541;0;46.3;21.6;0.0
78;2021-06-11;8745;9005;0;679466;321546;0;46.9;22.2;0.0
78;2021-06-12;7758;4070;0;687224;325616;0;47.4;22.5;0.0
78;2021-06-13;1676;2821;0;688900;328437;0;47.6;22.7;0.0
78;2021-06-14;4494;10088;0;693394;338525;0;47.9;23.4;0.0
78;2021-06-15;6282;9514;0;699676;348039;0;48.3;24.0;0.0
78;2021-06-16;6178;9793;0;705854;357832;0;48.7;24.7;0.0
78;2021-06-17;6176;9823;0;712030;367655;0;49.2;25.4;0.0
78;2021-06-18;6831;11702;0;718861;379357;0;49.6;26.2;0.0
78;2021-06-19;5776;7014;0;724637;386371;0;50.0;26.7;0.0
78;2021-06-20;1000;3878;0;725637;390249;0;50.1;26.9;0.0
78;2021-06-21;4464;10832;0;730101;401081;0;50.4;27.7;0.0
78;2021-06-22;4089;12082;0;734190;413163;0;50.7;28.5;0.0
78;2021-06-23;4483;12256;0;738673;425419;0;51.0;29.4;0.0
78;2021-06-24;4485;11828;0;743158;437247;0;51.3;30.2;0.0
78;2021-06-25;4755;14961;0;747913;452208;0;51.6;31.2;0.0
78;2021-06-26;4707;10090;0;752620;462298;0;52.0;31.9;0.0
78;2021-06-27;1324;3577;0;753944;465875;0;52.0;32.2;0.0
78;2021-06-28;3741;12370;0;757685;478245;0;52.3;33.0;0.0
78;2021-06-29;3850;13179;0;761535;491424;0;52.6;33.9;0.0
78;2021-06-30;4509;14741;0;766044;506165;0;52.9;34.9;0.0
78;2021-07-01;4640;14001;0;770684;520166;0;53.2;35.9;0.0
78;2021-07-02;4794;15245;0;775478;535411;0;53.5;37.0;0.0
78;2021-07-03;3403;10874;0;778881;546285;0;53.8;37.7;0.0
78;2021-07-04;959;2729;0;779840;549014;0;53.8;37.9;0.0
78;2021-07-05;3833;10873;0;783673;559887;0;54.1;38.6;0.0
78;2021-07-06;3905;13381;0;787578;573268;0;54.4;39.6;0.0
78;2021-07-07;4481;12807;0;792059;586075;0;54.7;40.5;0.0
78;2021-07-08;4793;13046;0;796852;599121;0;55.0;41.4;0.0
78;2021-07-09;5410;13993;0;802262;613114;0;55.4;42.3;0.0
78;2021-07-10;3237;8490;0;805499;621604;0;55.6;42.9;0.0
78;2021-07-11;1124;2823;0;806623;624427;0;55.7;43.1;0.0
78;2021-07-12;4005;13792;0;810628;638219;0;56.0;44.1;0.0
78;2021-07-13;6451;14101;0;817079;652320;0;56.4;45.0;0.0
78;2021-07-14;4010;6117;0;821089;658437;0;56.7;45.5;0.0
78;2021-07-15;7406;14486;0;828495;672923;0;57.2;46.5;0.0
78;2021-07-16;8551;13209;0;837046;686132;0;57.8;47.4;0.0
78;2021-07-17;5650;6834;0;842696;692966;0;58.2;47.8;0.0
78;2021-07-18;1746;1208;0;844442;694174;0;58.3;47.9;0.0
78;2021-07-19;5837;12452;0;850279;706626;0;58.7;48.8;0.0
78;2021-07-20;7431;11942;0;857710;718568;0;59.2;49.6;0.0
78;2021-07-21;8187;11768;0;865897;730336;0;59.8;50.4;0.0
78;2021-07-22;8777;11273;0;874674;741609;0;60.4;51.2;0.0
78;2021-07-23;8791;11231;0;883465;752840;0;61.0;52.0;0.0
78;2021-07-24;4723;6322;0;888188;759162;0;61.3;52.4;0.0
78;2021-07-25;1918;1289;0;890106;760451;0;61.4;52.5;0.0
78;2021-07-26;7722;8605;0;897828;769056;0;62.0;53.1;0.0
78;2021-07-27;10375;8645;0;908203;777701;0;62.7;53.7;0.0
78;2021-07-28;10018;7809;0;918221;785510;0;63.4;54.2;0.0
78;2021-07-29;10342;7471;0;928563;792981;0;64.1;54.7;0.0
78;2021-07-30;9626;8813;0;938189;801794;0;64.8;55.3;0.0
78;2021-07-31;4324;3876;0;942513;805670;0;65.1;55.6;0.0
78;2021-08-01;1237;821;0;943750;806491;0;65.1;55.7;0.0
78;2021-08-02;4625;3815;0;948375;810306;0;65.5;55.9;0.0
78;2021-08-03;5965;6143;0;954340;816449;0;65.9;56.4;0.0
78;2021-08-04;6113;4771;0;960453;821220;0;66.3;56.7;0.0
78;2021-08-05;5590;4877;0;966043;826097;0;66.7;57.0;0.0
78;2021-08-06;5417;5851;0;971460;831948;0;67.1;57.4;0.0
78;2021-08-07;3459;4449;0;974919;836397;0;67.3;57.7;0.0
78;2021-08-08;840;838;0;975759;837235;0;67.4;57.8;0.0
78;2021-08-09;3298;3907;0;979057;841142;0;67.6;58.1;0.0
78;2021-08-10;4382;5657;0;983439;846799;0;67.9;58.5;0.0
78;2021-08-11;4129;5412;0;987568;852211;0;68.2;58.8;0.0
78;2021-08-12;3934;5682;0;991502;857893;0;68.4;59.2;0.0
78;2021-08-13;3663;4813;0;995165;862706;0;68.7;59.6;0.0
78;2021-08-14;2841;4118;0;998006;866824;0;68.9;59.8;0.0
78;2021-08-15;424;618;0;998430;867442;0;68.9;59.9;0.0
78;2021-08-16;1859;4920;0;1000289;872362;0;69.1;60.2;0.0
78;2021-08-17;3226;6399;0;1003515;878761;0;69.3;60.7;0.0
78;2021-08-18;3087;6032;0;1006602;884793;0;69.5;61.1;0.0
78;2021-08-19;2831;5470;0;1009433;890263;0;69.7;61.5;0.0
78;2021-08-20;2762;6151;0;1012195;896414;0;69.9;61.9;0.0
78;2021-08-21;2231;5010;0;1014426;901424;0;70.0;62.2;0.0
78;2021-08-22;243;731;0;1014669;902155;0;70.0;62.3;0.0
78;2021-08-23;2510;6277;0;1017179;908432;0;70.2;62.7;0.0
78;2021-08-24;3578;8222;0;1020757;916654;0;70.5;63.3;0.0
78;2021-08-25;3412;7929;0;1024169;924583;0;70.7;63.8;0.0
78;2021-08-26;3024;8518;0;1027193;933101;0;70.9;64.4;0.0
78;2021-08-27;2964;8618;0;1030157;941719;0;71.1;65.0;0.0
78;2021-08-28;2541;6218;0;1032698;947937;0;71.3;65.4;0.0
78;2021-08-29;362;705;0;1033060;948642;0;71.3;65.5;0.0
78;2021-08-30;2930;5949;108;1035990;954591;108;71.5;65.9;0.0
78;2021-08-31;3404;6445;188;1039394;961036;296;71.8;66.3;0.0
78;2021-09-01;3123;5962;505;1042517;966998;801;72.0;66.8;0.1
78;2021-09-02;2311;4810;571;1044828;971808;1372;72.1;67.1;0.1
78;2021-09-03;2370;5136;598;1047198;976944;1970;72.3;67.4;0.1
78;2021-09-04;2707;5144;339;1049905;982088;2309;72.5;67.8;0.2
78;2021-09-05;293;415;34;1050198;982503;2343;72.5;67.8;0.2
78;2021-09-06;1337;2817;591;1051535;985320;2934;72.6;68.0;0.2
78;2021-09-07;1458;3220;697;1052993;988540;3631;72.7;68.2;0.3
78;2021-09-08;1805;3689;604;1054798;992229;4235;72.8;68.5;0.3
78;2021-09-09;1144;2867;655;1055942;995096;4890;72.9;68.7;0.3
78;2021-09-10;1517;3332;597;1057459;998428;5487;73.0;68.9;0.4
78;2021-09-11;2222;4327;510;1059681;1002755;5997;73.2;69.2;0.4
78;2021-09-12;129;228;36;1059810;1002983;6033;73.2;69.2;0.4
78;2021-09-13;1097;2125;696;1060907;1005108;6729;73.2;69.4;0.5
78;2021-09-14;1207;2784;1156;1062114;1007892;7885;73.3;69.6;0.5
78;2021-09-15;1369;3789;1003;1063483;1011681;8888;73.4;69.8;0.6
78;2021-09-16;913;2111;1033;1064396;1013792;9921;73.5;70.0;0.7
78;2021-09-17;1259;2872;990;1065655;1016664;10911;73.6;70.2;0.8
78;2021-09-18;1491;4362;426;1067146;1021026;11337;73.7;70.5;0.8
78;2021-09-19;128;389;30;1067274;1021415;11367;73.7;70.5;0.8
78;2021-09-20;753;1674;852;1068027;1023089;12219;73.7;70.6;0.8
78;2021-09-21;830;1958;1173;1068857;1025047;13392;73.8;70.8;0.9
78;2021-09-22;988;3570;938;1069845;1028617;14330;73.9;71.0;1.0
78;2021-09-23;874;1623;1314;1070719;1030240;15644;73.9;71.1;1.1
78;2021-09-24;1024;2328;1079;1071743;1032568;16723;74.0;71.3;1.2
78;2021-09-25;1122;4151;553;1072865;1036719;17276;74.1;71.6;1.2
78;2021-09-26;63;176;17;1072928;1036895;17293;74.1;71.6;1.2
78;2021-09-27;689;1484;989;1073617;1038379;18282;74.1;71.7;1.3
78;2021-09-28;847;1440;1164;1074464;1039819;19446;74.2;71.8;1.3
78;2021-09-29;1054;2272;1085;1075518;1042091;20531;74.2;71.9;1.4
78;2021-09-30;585;1021;933;1076103;1043112;21464;74.3;72.0;1.5
78;2021-10-01;1285;1779;1273;1077388;1044891;22737;74.4;72.1;1.6
78;2021-10-02;1331;2647;737;1078719;1047538;23474;74.5;72.3;1.6
78;2021-10-03;76;110;30;1078795;1047648;23504;74.5;72.3;1.6
78;2021-10-04;608;967;1052;1079403;1048615;24556;74.5;72.4;1.7
78;2021-10-05;573;907;1088;1079976;1049522;25644;74.6;72.4;1.8
78;2021-10-06;889;1588;1721;1080865;1051110;27365;74.6;72.6;1.9
78;2021-10-07;491;859;1291;1081356;1051969;28656;74.6;72.6;2.0
78;2021-10-08;920;1674;2139;1082276;1053643;30795;74.7;72.7;2.1
78;2021-10-09;941;1878;907;1083217;1055521;31702;74.8;72.9;2.2
78;2021-10-10;79;116;60;1083296;1055637;31762;74.8;72.9;2.2
78;2021-10-11;583;824;1250;1083879;1056461;33012;74.8;72.9;2.3
78;2021-10-12;468;757;1456;1084347;1057218;34468;74.9;73.0;2.4
78;2021-10-13;708;1373;2018;1085055;1058591;36486;74.9;73.1;2.5
78;2021-10-14;545;895;1574;1085600;1059486;38060;74.9;73.1;2.6
78;2021-10-15;767;1343;2618;1086367;1060829;40678;75.0;73.2;2.8
78;2021-10-16;877;1343;1097;1087244;1062172;41775;75.1;73.3;2.9
78;2021-10-17;58;88;49;1087302;1062260;41824;75.1;73.3;2.9
78;2021-10-18;475;813;1526;1087777;1063073;43350;75.1;73.4;3.0
78;2021-10-19;451;748;1460;1088228;1063821;44810;75.1;73.4;3.1
78;2021-10-20;719;1213;2637;1088947;1065034;47447;75.2;73.5;3.3
78;2021-10-21;430;787;2013;1089377;1065821;49460;75.2;73.6;3.4
78;2021-10-22;712;1165;2794;1090089;1066986;52254;75.2;73.7;3.6
78;2021-10-23;755;1228;1224;1090844;1068214;53478;75.3;73.7;3.7
78;2021-10-24;56;92;49;1090900;1068306;53527;75.3;73.7;3.7
78;2021-10-25;477;621;1883;1091377;1068927;55410;75.3;73.8;3.8
78;2021-10-26;316;530;1715;1091693;1069457;57125;75.4;73.8;3.9
78;2021-10-27;554;868;2759;1092247;1070325;59884;75.4;73.9;4.1
78;2021-10-28;328;502;1957;1092575;1070827;61841;75.4;73.9;4.3
78;2021-10-29;499;778;2638;1093074;1071605;64479;75.5;74.0;4.5
78;2021-10-30;408;878;1287;1093482;1072483;65766;75.5;74.0;4.5
78;2021-10-31;61;89;65;1093543;1072572;65831;75.5;74.0;4.5
78;2021-11-01;79;81;80;1093622;1072653;65911;75.5;74.0;4.5
78;2021-11-02;406;507;1761;1094028;1073160;67672;75.5;74.1;4.7
78;2021-11-03;473;579;1954;1094501;1073739;69626;75.6;74.1;4.8
78;2021-11-04;414;531;2096;1094915;1074270;71722;75.6;74.2;5.0
78;2021-11-05;554;808;2813;1095469;1075078;74535;75.6;74.2;5.1
78;2021-11-06;356;602;946;1095825;1075680;75481;75.6;74.3;5.2
78;2021-11-07;54;92;142;1095879;1075772;75623;75.6;74.3;5.2
78;2021-11-08;272;598;2121;1096151;1076370;77744;75.7;74.3;5.4
78;2021-11-09;358;566;3214;1096509;1076936;80958;75.7;74.3;5.6
78;2021-11-10;468;781;3334;1096977;1077717;84292;75.7;74.4;5.8
78;2021-11-11;75;116;332;1097052;1077833;84624;75.7;74.4;5.8
78;2021-11-12;433;742;4089;1097485;1078575;88713;75.8;74.5;6.1
78;2021-11-13;374;543;1451;1097859;1079118;90164;75.8;74.5;6.2
78;2021-11-14;70;62;132;1097929;1079180;90296;75.8;74.5;6.2
78;2021-11-15;247;500;2942;1098176;1079680;93238;75.8;74.5;6.4
78;2021-11-16;410;492;4166;1098586;1080172;97404;75.8;74.6;6.7
78;2021-11-17;479;709;4090;1099065;1080881;101494;75.9;74.6;7.0
78;2021-11-18;345;587;3630;1099410;1081468;105124;75.9;74.7;7.3
78;2021-11-19;596;733;5038;1100006;1082201;110162;75.9;74.7;7.6
78;2021-11-20;500;646;2171;1100506;1082847;112333;76.0;74.7;7.8
78;2021-11-21;67;81;205;1100573;1082928;112538;76.0;74.8;7.8
78;2021-11-22;318;431;3382;1100891;1083359;115920;76.0;74.8;8.0
78;2021-11-23;470;506;4991;1101361;1083865;120911;76.0;74.8;8.3
78;2021-11-24;499;690;4532;1101860;1084555;125443;76.1;74.9;8.7
78;2021-11-25;445;505;5507;1102305;1085060;130950;76.1;74.9;9.0
78;2021-11-26;495;714;8241;1102800;1085774;139191;76.1;75.0;9.6
78;2021-11-27;415;535;4843;1103215;1086309;144034;76.2;75.0;9.9
78;2021-11-28;79;103;1395;1103294;1086412;145429;76.2;75.0;10.0
78;2021-11-29;244;415;6998;1103538;1086827;152427;76.2;75.0;10.5
78;2021-11-30;391;534;11162;1103929;1087361;163589;76.2;75.1;11.3
78;2021-12-01;389;484;10815;1104318;1087845;174404;76.2;75.1;12.0
78;2021-12-02;320;411;12365;1104638;1088256;186769;76.3;75.1;12.9
78;2021-12-03;366;557;14140;1105004;1088813;200909;76.3;75.2;13.9
78;2021-12-04;294;409;8704;1105298;1089222;209613;76.3;75.2;14.5
78;2021-12-05;108;147;3662;1105406;1089369;213275;76.3;75.2;14.7
78;2021-12-06;299;452;11308;1105705;1089821;224583;76.3;75.2;15.5
78;2021-12-07;364;574;15459;1106069;1090395;240042;76.4;75.3;16.6
78;2021-12-08;403;614;15647;1106472;1091009;255689;76.4;75.3;17.7
78;2021-12-09;372;471;17285;1106844;1091480;272974;76.4;75.3;18.8
79;2020-12-27;0;0;0;0;0;0;0.0;0.0;0.0
79;2020-12-28;3;0;0;3;0;0;0.0;0.0;0.0
79;2020-12-29;0;0;0;3;0;0;0.0;0.0;0.0
79;2020-12-30;0;0;0;3;0;0;0.0;0.0;0.0
79;2020-12-31;0;0;0;3;0;0;0.0;0.0;0.0
79;2021-01-01;0;0;0;3;0;0;0.0;0.0;0.0
79;2021-01-02;0;0;0;3;0;0;0.0;0.0;0.0
79;2021-01-03;0;0;0;3;0;0;0.0;0.0;0.0
79;2021-01-04;3;0;0;6;0;0;0.0;0.0;0.0
79;2021-01-05;1;0;0;7;0;0;0.0;0.0;0.0
79;2021-01-06;3;0;0;10;0;0;0.0;0.0;0.0
79;2021-01-07;165;0;0;175;0;0;0.0;0.0;0.0
79;2021-01-08;173;0;0;348;0;0;0.1;0.0;0.0
79;2021-01-09;95;1;0;443;1;0;0.1;0.0;0.0
79;2021-01-10;5;0;0;448;1;0;0.1;0.0;0.0
79;2021-01-11;184;1;0;632;2;0;0.2;0.0;0.0
79;2021-01-12;249;1;0;881;3;0;0.2;0.0;0.0
79;2021-01-13;261;0;0;1142;3;0;0.3;0.0;0.0
79;2021-01-14;484;7;0;1626;10;0;0.4;0.0;0.0
79;2021-01-15;586;7;0;2212;17;0;0.6;0.0;0.0
79;2021-01-16;59;0;0;2271;17;0;0.6;0.0;0.0
79;2021-01-17;3;0;0;2274;17;0;0.6;0.0;0.0
79;2021-01-18;471;2;0;2745;19;0;0.7;0.0;0.0
79;2021-01-19;1276;3;0;4021;22;0;1.1;0.0;0.0
79;2021-01-20;1607;2;0;5628;24;0;1.5;0.0;0.0
79;2021-01-21;1947;9;0;7575;33;0;2.0;0.0;0.0
79;2021-01-22;881;5;0;8456;38;0;2.3;0.0;0.0
79;2021-01-23;75;0;0;8531;38;0;2.3;0.0;0.0
79;2021-01-24;1;0;0;8532;38;0;2.3;0.0;0.0
79;2021-01-25;652;6;0;9184;44;0;2.5;0.0;0.0
79;2021-01-26;598;16;0;9782;60;0;2.6;0.0;0.0
79;2021-01-27;728;80;0;10510;140;0;2.8;0.0;0.0
79;2021-01-28;757;155;0;11267;295;0;3.0;0.1;0.0
79;2021-01-29;487;87;0;11754;382;0;3.2;0.1;0.0
79;2021-01-30;9;2;0;11763;384;0;3.2;0.1;0.0
79;2021-01-31;4;0;0;11767;384;0;3.2;0.1;0.0
79;2021-02-01;232;110;0;11999;494;0;3.2;0.1;0.0
79;2021-02-02;333;77;0;12332;571;0;3.3;0.2;0.0
79;2021-02-03;342;64;0;12674;635;0;3.4;0.2;0.0
79;2021-02-04;323;116;0;12997;751;0;3.5;0.2;0.0
79;2021-02-05;333;274;0;13330;1025;0;3.6;0.3;0.0
79;2021-02-06;10;3;0;13340;1028;0;3.6;0.3;0.0
79;2021-02-07;21;2;0;13361;1030;0;3.6;0.3;0.0
79;2021-02-08;281;163;0;13642;1193;0;3.7;0.3;0.0
79;2021-02-09;428;755;0;14070;1948;0;3.8;0.5;0.0
79;2021-02-10;545;1103;0;14615;3051;0;3.9;0.8;0.0
79;2021-02-11;768;1206;0;15383;4257;0;4.1;1.1;0.0
79;2021-02-12;458;742;0;15841;4999;0;4.3;1.3;0.0
79;2021-02-13;53;70;0;15894;5069;0;4.3;1.4;0.0
79;2021-02-14;0;1;0;15894;5070;0;4.3;1.4;0.0
79;2021-02-15;184;484;0;16078;5554;0;4.3;1.5;0.0
79;2021-02-16;338;735;0;16416;6289;0;4.4;1.7;0.0
79;2021-02-17;251;816;0;16667;7105;0;4.5;1.9;0.0
79;2021-02-18;377;989;0;17044;8094;0;4.6;2.2;0.0
79;2021-02-19;306;584;0;17350;8678;0;4.7;2.3;0.0
79;2021-02-20;14;25;0;17364;8703;0;4.7;2.3;0.0
79;2021-02-21;0;0;0;17364;8703;0;4.7;2.3;0.0
79;2021-02-22;142;463;0;17506;9166;0;4.7;2.5;0.0
79;2021-02-23;245;569;0;17751;9735;0;4.8;2.6;0.0
79;2021-02-24;256;516;0;18007;10251;0;4.8;2.8;0.0
79;2021-02-25;538;483;0;18545;10734;0;5.0;2.9;0.0
79;2021-02-26;649;386;0;19194;11120;0;5.2;3.0;0.0
79;2021-02-27;409;10;0;19603;11130;0;5.3;3.0;0.0
79;2021-02-28;29;5;0;19632;11135;0;5.3;3.0;0.0
79;2021-03-01;96;363;0;19728;11498;0;5.3;3.1;0.0
79;2021-03-02;335;494;0;20063;11992;0;5.4;3.2;0.0
79;2021-03-03;671;497;0;20734;12489;0;5.6;3.4;0.0
79;2021-03-04;928;564;0;21662;13053;0;5.8;3.5;0.0
79;2021-03-05;1258;412;0;22920;13465;0;6.2;3.6;0.0
79;2021-03-06;696;13;0;23616;13478;0;6.3;3.6;0.0
79;2021-03-07;98;2;0;23714;13480;0;6.4;3.6;0.0
79;2021-03-08;347;312;0;24061;13792;0;6.5;3.7;0.0
79;2021-03-09;855;347;0;24916;14139;0;6.7;3.8;0.0
79;2021-03-10;1176;372;0;26092;14511;0;7.0;3.9;0.0
79;2021-03-11;1676;325;0;27768;14836;0;7.5;4.0;0.0
79;2021-03-12;1787;155;0;29555;14991;0;7.9;4.0;0.0
79;2021-03-13;1162;15;0;30717;15006;0;8.2;4.0;0.0
79;2021-03-14;53;1;0;30770;15007;0;8.3;4.0;0.0
79;2021-03-15;544;164;0;31314;15171;0;8.4;4.1;0.0
79;2021-03-16;713;155;0;32027;15326;0;8.6;4.1;0.0
79;2021-03-17;637;120;0;32664;15446;0;8.8;4.1;0.0
79;2021-03-18;591;214;0;33255;15660;0;8.9;4.2;0.0
79;2021-03-19;720;255;0;33975;15915;0;9.1;4.3;0.0
79;2021-03-20;1003;19;0;34978;15934;0;9.4;4.3;0.0
79;2021-03-21;9;0;0;34987;15934;0;9.4;4.3;0.0
79;2021-03-22;981;209;0;35968;16143;0;9.7;4.3;0.0
79;2021-03-23;1621;193;0;37589;16336;0;10.1;4.4;0.0
79;2021-03-24;1804;178;0;39393;16514;0;10.6;4.4;0.0
79;2021-03-25;2508;206;0;41901;16720;0;11.2;4.5;0.0
79;2021-03-26;2394;143;0;44295;16863;0;11.9;4.5;0.0
79;2021-03-27;684;21;0;44979;16884;0;12.1;4.5;0.0
79;2021-03-28;3;2;0;44982;16886;0;12.1;4.5;0.0
79;2021-03-29;2065;119;0;47047;17005;0;12.6;4.6;0.0
79;2021-03-30;2702;85;0;49749;17090;0;13.4;4.6;0.0
79;2021-03-31;2649;390;0;52398;17480;0;14.1;4.7;0.0
79;2021-04-01;2655;400;0;55053;17880;0;14.8;4.8;0.0
79;2021-04-02;2699;399;0;57752;18279;0;15.5;4.9;0.0
79;2021-04-03;658;67;0;58410;18346;0;15.7;4.9;0.0
79;2021-04-04;9;1;0;58419;18347;0;15.7;4.9;0.0
79;2021-04-05;384;7;0;58803;18354;0;15.8;4.9;0.0
79;2021-04-06;1676;593;0;60479;18947;0;16.2;5.1;0.0
79;2021-04-07;2903;754;0;63382;19701;0;17.0;5.3;0.0
79;2021-04-08;2537;712;0;65919;20413;0;17.7;5.5;0.0
79;2021-04-09;3518;560;0;69437;20973;0;18.6;5.6;0.0
79;2021-04-10;1363;387;0;70800;21360;0;19.0;5.7;0.0
79;2021-04-11;12;2;0;70812;21362;0;19.0;5.7;0.0
79;2021-04-12;1694;395;0;72506;21757;0;19.5;5.8;0.0
79;2021-04-13;2129;766;0;74635;22523;0;20.0;6.0;0.0
79;2021-04-14;2335;705;0;76970;23228;0;20.7;6.2;0.0
79;2021-04-15;2227;692;0;79197;23920;0;21.3;6.4;0.0
79;2021-04-16;1469;467;0;80666;24387;0;21.6;6.5;0.0
79;2021-04-17;610;350;0;81276;24737;0;21.8;6.6;0.0
79;2021-04-18;14;16;0;81290;24753;0;21.8;6.6;0.0
79;2021-04-19;1117;839;0;82407;25592;0;22.1;6.9;0.0
79;2021-04-20;1548;1247;0;83955;26839;0;22.5;7.2;0.0
79;2021-04-21;1440;1432;0;85395;28271;0;22.9;7.6;0.0
79;2021-04-22;1702;1120;0;87097;29391;0;23.4;7.9;0.0
79;2021-04-23;1345;1213;0;88442;30604;0;23.7;8.2;0.0
79;2021-04-24;681;391;0;89123;30995;0;23.9;8.3;0.0
79;2021-04-25;41;1;0;89164;30996;0;23.9;8.3;0.0
79;2021-04-26;1437;1719;0;90601;32715;0;24.3;8.8;0.0
79;2021-04-27;2052;2254;0;92653;34969;0;24.9;9.4;0.0
79;2021-04-28;1503;2733;0;94156;37702;0;25.3;10.1;0.0
79;2021-04-29;2221;2163;0;96377;39865;0;25.9;10.7;0.0
79;2021-04-30;2191;2300;0;98568;42165;0;26.5;11.3;0.0
79;2021-05-01;580;378;0;99148;42543;0;26.6;11.4;0.0
79;2021-05-02;41;22;0;99189;42565;0;26.6;11.4;0.0
79;2021-05-03;1325;1270;0;100514;43835;0;27.0;11.8;0.0
79;2021-05-04;1878;2192;0;102392;46027;0;27.5;12.4;0.0
79;2021-05-05;1765;2287;0;104157;48314;0;28.0;13.0;0.0
79;2021-05-06;2514;2134;0;106671;50448;0;28.6;13.5;0.0
79;2021-05-07;2141;2601;0;108812;53049;0;29.2;14.2;0.0
79;2021-05-08;396;464;0;109208;53513;0;29.3;14.4;0.0
79;2021-05-09;98;16;0;109306;53529;0;29.3;14.4;0.0
79;2021-05-10;1636;1742;0;110942;55271;0;29.8;14.8;0.0
79;2021-05-11;2516;1654;0;113458;56925;0;30.4;15.3;0.0
79;2021-05-12;2099;2578;0;115557;59503;0;31.0;16.0;0.0
79;2021-05-13;838;325;0;116395;59828;0;31.2;16.1;0.0
79;2021-05-14;2202;713;0;118597;60541;0;31.8;16.2;0.0
79;2021-05-15;1419;514;0;120016;61055;0;32.2;16.4;0.0
79;2021-05-16;128;31;0;120144;61086;0;32.2;16.4;0.0
79;2021-05-17;1917;1146;0;122061;62232;0;32.8;16.7;0.0
79;2021-05-18;3067;1317;0;125128;63549;0;33.6;17.1;0.0
79;2021-05-19;2942;985;0;128070;64534;0;34.4;17.3;0.0
79;2021-05-20;3385;1292;0;131455;65826;0;35.3;17.7;0.0
79;2021-05-21;2871;1137;0;134326;66963;0;36.0;18.0;0.0
79;2021-05-22;1304;284;0;135630;67247;0;36.4;18.0;0.0
79;2021-05-23;114;9;0;135744;67256;0;36.4;18.0;0.0
79;2021-05-24;453;30;0;136197;67286;0;36.6;18.1;0.0
79;2021-05-25;3393;1039;0;139590;68325;0;37.5;18.3;0.0
79;2021-05-26;3316;889;0;142906;69214;0;38.4;18.6;0.0
79;2021-05-27;3873;1754;0;146779;70968;0;39.4;19.0;0.0
79;2021-05-28;3318;1882;0;150097;72850;0;40.3;19.6;0.0
79;2021-05-29;1270;502;0;151367;73352;0;40.6;19.7;0.0
79;2021-05-30;55;16;0;151422;73368;0;40.6;19.7;0.0
79;2021-05-31;2424;825;0;153846;74193;0;41.3;19.9;0.0
79;2021-06-01;3229;1637;0;157075;75830;0;42.2;20.4;0.0
79;2021-06-02;3712;1204;0;160787;77034;0;43.1;20.7;0.0
79;2021-06-03;4123;1777;0;164910;78811;0;44.3;21.2;0.0
79;2021-06-04;3752;2060;0;168662;80871;0;45.3;21.7;0.0
79;2021-06-05;2579;834;0;171241;81705;0;46.0;21.9;0.0
79;2021-06-06;665;73;0;171906;81778;0;46.1;21.9;0.0
79;2021-06-07;2538;1545;0;174444;83323;0;46.8;22.4;0.0
79;2021-06-08;2850;2229;0;177294;85552;0;47.6;23.0;0.0
79;2021-06-09;2992;1952;0;180286;87504;0;48.4;23.5;0.0
79;2021-06-10;2978;2038;0;183264;89542;0;49.2;24.0;0.0
79;2021-06-11;3354;2312;0;186618;91854;0;50.1;24.7;0.0
79;2021-06-12;1510;700;0;188128;92554;0;50.5;24.8;0.0
79;2021-06-13;172;116;0;188300;92670;0;50.5;24.9;0.0
79;2021-06-14;1163;1827;0;189463;94497;0;50.8;25.4;0.0
79;2021-06-15;1706;2578;0;191169;97075;0;51.3;26.1;0.0
79;2021-06-16;1930;2288;0;193099;99363;0;51.8;26.7;0.0
79;2021-06-17;2120;2712;0;195219;102075;0;52.4;27.4;0.0
79;2021-06-18;2175;2412;0;197394;104487;0;53.0;28.0;0.0
79;2021-06-19;1086;693;0;198480;105180;0;53.3;28.2;0.0
79;2021-06-20;15;46;0;198495;105226;0;53.3;28.2;0.0
79;2021-06-21;1123;2375;0;199618;107601;0;53.6;28.9;0.0
79;2021-06-22;1452;3051;0;201070;110652;0;54.0;29.7;0.0
79;2021-06-23;1468;2500;0;202538;113152;0;54.4;30.4;0.0
79;2021-06-24;1915;2055;0;204453;115207;0;54.9;30.9;0.0
79;2021-06-25;1300;2882;0;205753;118089;0;55.2;31.7;0.0
79;2021-06-26;802;981;0;206555;119070;0;55.4;32.0;0.0
79;2021-06-27;29;89;0;206584;119159;0;55.4;32.0;0.0
79;2021-06-28;943;2656;0;207527;121815;0;55.7;32.7;0.0
79;2021-06-29;1265;3670;0;208792;125485;0;56.0;33.7;0.0
79;2021-06-30;1125;3403;0;209917;128888;0;56.3;34.6;0.0
79;2021-07-01;1170;3721;0;211087;132609;0;56.6;35.6;0.0
79;2021-07-02;1344;3408;0;212431;136017;0;57.0;36.5;0.0
79;2021-07-03;367;1657;0;212798;137674;0;57.1;36.9;0.0
79;2021-07-04;18;102;0;212816;137776;0;57.1;37.0;0.0
79;2021-07-05;689;2305;0;213505;140081;0;57.3;37.6;0.0
79;2021-07-06;843;3874;0;214348;143955;0;57.5;38.6;0.0
79;2021-07-07;1185;4189;0;215533;148144;0;57.8;39.8;0.0
79;2021-07-08;1071;4120;0;216604;152264;0;58.1;40.9;0.0
79;2021-07-09;887;3682;0;217491;155946;0;58.4;41.9;0.0
79;2021-07-10;569;1425;0;218060;157371;0;58.5;42.2;0.0
79;2021-07-11;21;44;0;218081;157415;0;58.5;42.2;0.0
79;2021-07-12;577;3620;0;218658;161035;0;58.7;43.2;0.0
79;2021-07-13;1018;5079;0;219676;166114;0;59.0;44.6;0.0
79;2021-07-14;195;879;0;219871;166993;0;59.0;44.8;0.0
79;2021-07-15;1210;4605;0;221081;171598;0;59.3;46.1;0.0
79;2021-07-16;1295;3998;0;222376;175596;0;59.7;47.1;0.0
79;2021-07-17;605;2313;0;222981;177909;0;59.8;47.7;0.0
79;2021-07-18;109;492;0;223090;178401;0;59.9;47.9;0.0
79;2021-07-19;828;3188;0;223918;181589;0;60.1;48.7;0.0
79;2021-07-20;1455;3720;0;225373;185309;0;60.5;49.7;0.0
79;2021-07-21;1286;3656;0;226659;188965;0;60.8;50.7;0.0
79;2021-07-22;1661;3711;0;228320;192676;0;61.3;51.7;0.0
79;2021-07-23;1505;4115;0;229825;196791;0;61.7;52.8;0.0
79;2021-07-24;1008;1458;0;230833;198249;0;61.9;53.2;0.0
79;2021-07-25;110;236;0;230943;198485;0;62.0;53.3;0.0
79;2021-07-26;1377;2434;0;232320;200919;0;62.3;53.9;0.0
79;2021-07-27;2487;2794;0;234807;203713;0;63.0;54.7;0.0
79;2021-07-28;2535;2231;0;237342;205944;0;63.7;55.3;0.0
79;2021-07-29;3128;2675;0;240470;208619;0;64.5;56.0;0.0
79;2021-07-30;2276;2690;0;242746;211309;0;65.1;56.7;0.0
79;2021-07-31;1011;1074;0;243757;212383;0;65.4;57.0;0.0
79;2021-08-01;74;28;0;243831;212411;0;65.4;57.0;0.0
79;2021-08-02;1853;1515;0;245684;213926;0;65.9;57.4;0.0
79;2021-08-03;2977;1901;0;248661;215827;0;66.7;57.9;0.0
79;2021-08-04;2896;1510;0;251557;217337;0;67.5;58.3;0.0
79;2021-08-05;3067;2085;0;254624;219422;0;68.3;58.9;0.0
79;2021-08-06;2413;1462;0;257037;220884;0;69.0;59.3;0.0
79;2021-08-07;1013;773;0;258050;221657;0;69.3;59.5;0.0
79;2021-08-08;74;29;0;258124;221686;0;69.3;59.5;0.0
79;2021-08-09;2356;1073;0;260480;222759;0;69.9;59.8;0.0
79;2021-08-10;2937;1489;0;263417;224248;0;70.7;60.2;0.0
79;2021-08-11;2396;1407;0;265813;225655;0;71.3;60.6;0.0
79;2021-08-12;2606;1409;0;268419;227064;0;72.0;60.9;0.0
79;2021-08-13;2593;1141;0;271012;228205;0;72.7;61.2;0.0
79;2021-08-14;590;443;0;271602;228648;0;72.9;61.4;0.0
79;2021-08-15;39;26;0;271641;228674;0;72.9;61.4;0.0
79;2021-08-16;1567;1245;0;273208;229919;0;73.3;61.7;0.0
79;2021-08-17;2071;1763;0;275279;231682;0;73.9;62.2;0.0
79;2021-08-18;1840;1749;0;277119;233431;0;74.4;62.6;0.0
79;2021-08-19;1457;1804;0;278576;235235;0;74.8;63.1;0.0
79;2021-08-20;1387;2119;0;279963;237354;0;75.1;63.7;0.0
79;2021-08-21;317;659;0;280280;238013;0;75.2;63.9;0.0
79;2021-08-22;13;73;0;280293;238086;0;75.2;63.9;0.0
79;2021-08-23;741;2203;0;281034;240289;0;75.4;64.5;0.0
79;2021-08-24;1013;2552;0;282047;242841;0;75.7;65.2;0.0
79;2021-08-25;1006;2594;0;283053;245435;0;76.0;65.9;0.0
79;2021-08-26;984;2409;0;284037;247844;0;76.2;66.5;0.0
79;2021-08-27;635;2154;0;284672;249998;0;76.4;67.1;0.0
79;2021-08-28;295;905;0;284967;250903;0;76.5;67.3;0.0
79;2021-08-29;10;61;0;284977;250964;0;76.5;67.3;0.0
79;2021-08-30;527;2323;23;285504;253287;23;76.6;68.0;0.0
79;2021-08-31;612;2750;28;286116;256037;51;76.8;68.7;0.0
79;2021-09-01;612;2639;76;286728;258676;127;76.9;69.4;0.0
79;2021-09-02;746;2428;111;287474;261104;238;77.1;70.1;0.1
79;2021-09-03;613;2646;113;288087;263750;351;77.3;70.8;0.1
79;2021-09-04;281;735;25;288368;264485;376;77.4;71.0;0.1
79;2021-09-05;13;47;8;288381;264532;384;77.4;71.0;0.1
79;2021-09-06;345;1691;119;288726;266223;503;77.5;71.4;0.1
79;2021-09-07;368;1973;113;289094;268196;616;77.6;72.0;0.2
79;2021-09-08;519;2093;118;289613;270289;734;77.7;72.5;0.2
79;2021-09-09;331;1539;129;289944;271828;863;77.8;72.9;0.2
79;2021-09-10;409;1880;228;290353;273708;1091;77.9;73.5;0.3
79;2021-09-11;148;894;32;290501;274602;1123;78.0;73.7;0.3
79;2021-09-12;3;26;4;290504;274628;1127;78.0;73.7;0.3
79;2021-09-13;332;942;249;290836;275570;1376;78.1;74.0;0.4
79;2021-09-14;352;1078;381;291188;276648;1757;78.1;74.2;0.5
79;2021-09-15;422;1357;367;291610;278005;2124;78.3;74.6;0.6
79;2021-09-16;437;987;324;292047;278992;2448;78.4;74.9;0.7
79;2021-09-17;427;1272;379;292474;280264;2827;78.5;75.2;0.8
79;2021-09-18;149;634;64;292623;280898;2891;78.5;75.4;0.8
79;2021-09-19;1;12;0;292624;280910;2891;78.5;75.4;0.8
79;2021-09-20;186;533;418;292810;281443;3309;78.6;75.5;0.9
79;2021-09-21;319;685;549;293129;282128;3858;78.7;75.7;1.0
79;2021-09-22;216;1011;571;293345;283139;4429;78.7;76.0;1.2
79;2021-09-23;389;572;450;293734;283711;4879;78.8;76.1;1.3
79;2021-09-24;228;1234;312;293962;284945;5191;78.9;76.5;1.4
79;2021-09-25;80;331;48;294042;285276;5239;78.9;76.6;1.4
79;2021-09-26;0;2;4;294042;285278;5243;78.9;76.6;1.4
79;2021-09-27;204;528;233;294246;285806;5476;79.0;76.7;1.5
79;2021-09-28;129;380;393;294375;286186;5869;79.0;76.8;1.6
79;2021-09-29;299;715;455;294674;286901;6324;79.1;77.0;1.7
79;2021-09-30;153;303;352;294827;287204;6676;79.1;77.1;1.8
79;2021-10-01;270;513;531;295097;287717;7207;79.2;77.2;1.9
79;2021-10-02;118;261;99;295215;287978;7306;79.2;77.3;2.0
79;2021-10-03;1;4;0;295216;287982;7306;79.2;77.3;2.0
79;2021-10-04;168;332;286;295384;288314;7592;79.3;77.4;2.0
79;2021-10-05;109;241;404;295493;288555;7996;79.3;77.4;2.1
79;2021-10-06;151;345;559;295644;288900;8555;79.3;77.5;2.3
79;2021-10-07;109;217;478;295753;289117;9033;79.4;77.6;2.4
79;2021-10-08;214;536;350;295967;289653;9383;79.4;77.7;2.5
79;2021-10-09;92;138;57;296059;289791;9440;79.5;77.8;2.5
79;2021-10-10;1;4;8;296060;289795;9448;79.5;77.8;2.5
79;2021-10-11;124;264;512;296184;290059;9960;79.5;77.8;2.7
79;2021-10-12;150;328;461;296334;290387;10421;79.5;77.9;2.8
79;2021-10-13;182;258;514;296516;290645;10935;79.6;78.0;2.9
79;2021-10-14;137;316;533;296653;290961;11468;79.6;78.1;3.1
79;2021-10-15;195;555;642;296848;291516;12110;79.7;78.2;3.2
79;2021-10-16;86;113;108;296934;291629;12218;79.7;78.3;3.3
79;2021-10-17;2;3;2;296936;291632;12220;79.7;78.3;3.3
79;2021-10-18;129;236;519;297065;291868;12739;79.7;78.3;3.4
79;2021-10-19;91;146;458;297156;292014;13197;79.7;78.4;3.5
79;2021-10-20;116;172;637;297272;292186;13834;79.8;78.4;3.7
79;2021-10-21;91;253;346;297363;292439;14180;79.8;78.5;3.8
79;2021-10-22;189;356;701;297552;292795;14881;79.9;78.6;4.0
79;2021-10-23;95;116;183;297647;292911;15064;79.9;78.6;4.0
79;2021-10-24;0;1;0;297647;292912;15064;79.9;78.6;4.0
79;2021-10-25;119;225;665;297766;293137;15729;79.9;78.7;4.2
79;2021-10-26;119;138;785;297885;293275;16514;79.9;78.7;4.4
79;2021-10-27;121;201;753;298006;293476;17267;80.0;78.8;4.6
79;2021-10-28;75;122;744;298081;293598;18011;80.0;78.8;4.8
79;2021-10-29;117;186;932;298198;293784;18943;80.0;78.8;5.1
79;2021-10-30;78;103;284;298276;293887;19227;80.0;78.9;5.2
79;2021-10-31;0;1;2;298276;293888;19229;80.0;78.9;5.2
79;2021-11-01;2;3;0;298278;293891;19229;80.0;78.9;5.2
79;2021-11-02;93;160;938;298371;294051;20167;80.1;78.9;5.4
79;2021-11-03;109;191;917;298480;294242;21084;80.1;79.0;5.7
79;2021-11-04;107;103;1066;298587;294345;22150;80.1;79.0;5.9
79;2021-11-05;181;300;1267;298768;294645;23417;80.2;79.1;6.3
79;2021-11-06;66;121;321;298834;294766;23738;80.2;79.1;6.4
79;2021-11-07;0;4;2;298834;294770;23740;80.2;79.1;6.4
79;2021-11-08;84;164;1228;298918;294934;24968;80.2;79.1;6.7
79;2021-11-09;84;129;1342;299002;295063;26310;80.2;79.2;7.1
79;2021-11-10;133;170;1423;299135;295233;27733;80.3;79.2;7.4
79;2021-11-11;0;2;24;299135;295235;27757;80.3;79.2;7.4
79;2021-11-12;99;208;1339;299234;295443;29096;80.3;79.3;7.8
79;2021-11-13;57;99;378;299291;295542;29474;80.3;79.3;7.9
79;2021-11-14;0;2;3;299291;295544;29477;80.3;79.3;7.9
79;2021-11-15;76;135;1273;299367;295679;30750;80.3;79.3;8.3
79;2021-11-16;69;131;1690;299436;295810;32440;80.4;79.4;8.7
79;2021-11-17;127;146;1436;299563;295956;33876;80.4;79.4;9.1
79;2021-11-18;77;115;1724;299640;296071;35600;80.4;79.5;9.6
79;2021-11-19;150;145;1824;299790;296216;37424;80.5;79.5;10.0
79;2021-11-20;89;79;377;299879;296295;37801;80.5;79.5;10.1
79;2021-11-21;2;2;12;299881;296297;37813;80.5;79.5;10.1
79;2021-11-22;78;46;1360;299959;296343;39173;80.5;79.5;10.5
79;2021-11-23;119;80;1972;300078;296423;41145;80.5;79.5;11.0
79;2021-11-24;149;114;1459;300227;296537;42604;80.6;79.6;11.4
79;2021-11-25;99;107;1724;300326;296644;44328;80.6;79.6;11.9
79;2021-11-26;147;193;2084;300473;296837;46412;80.6;79.7;12.5
79;2021-11-27;70;80;959;300543;296917;47371;80.7;79.7;12.7
79;2021-11-28;2;2;34;300545;296919;47405;80.7;79.7;12.7
79;2021-11-29;95;109;2194;300640;297028;49599;80.7;79.7;13.3
79;2021-11-30;110;77;2360;300750;297105;51959;80.7;79.7;13.9
79;2021-12-01;91;85;2606;300841;297190;54565;80.7;79.8;14.6
79;2021-12-02;74;75;2803;300915;297265;57368;80.8;79.8;15.4
79;2021-12-03;79;138;3190;300994;297403;60558;80.8;79.8;16.3
79;2021-12-04;46;58;1083;301040;297461;61641;80.8;79.8;16.5
79;2021-12-05;9;5;171;301049;297466;61812;80.8;79.8;16.6
79;2021-12-06;77;93;2973;301126;297559;64785;80.8;79.9;17.4
79;2021-12-07;78;108;3947;301204;297667;68732;80.8;79.9;18.4
79;2021-12-08;92;146;4070;301296;297813;72802;80.9;79.9;19.5
79;2021-12-09;93;82;4255;301389;297895;77057;80.9;79.9;20.7
80;2020-12-27;0;0;0;0;0;0;0.0;0.0;0.0
80;2020-12-28;0;0;0;0;0;0;0.0;0.0;0.0
80;2020-12-29;11;0;0;11;0;0;0.0;0.0;0.0
80;2020-12-30;0;0;0;11;0;0;0.0;0.0;0.0
80;2020-12-31;0;0;0;11;0;0;0.0;0.0;0.0
80;2021-01-01;0;0;0;11;0;0;0.0;0.0;0.0
80;2021-01-02;2;0;0;13;0;0;0.0;0.0;0.0
80;2021-01-03;1;0;0;14;0;0;0.0;0.0;0.0
80;2021-01-04;0;0;0;14;0;0;0.0;0.0;0.0
80;2021-01-05;3;0;0;17;0;0;0.0;0.0;0.0
80;2021-01-06;34;0;0;51;0;0;0.0;0.0;0.0
80;2021-01-07;270;2;0;321;2;0;0.1;0.0;0.0
80;2021-01-08;340;2;0;661;4;0;0.1;0.0;0.0
80;2021-01-09;125;1;0;786;5;0;0.1;0.0;0.0
80;2021-01-10;26;0;0;812;5;0;0.1;0.0;0.0
80;2021-01-11;279;1;0;1091;6;0;0.2;0.0;0.0
80;2021-01-12;454;1;0;1545;7;0;0.3;0.0;0.0
80;2021-01-13;535;4;0;2080;11;0;0.4;0.0;0.0
80;2021-01-14;458;3;0;2538;14;0;0.4;0.0;0.0
80;2021-01-15;382;1;0;2920;15;0;0.5;0.0;0.0
80;2021-01-16;112;1;0;3032;16;0;0.5;0.0;0.0
80;2021-01-17;132;1;0;3164;17;0;0.6;0.0;0.0
80;2021-01-18;501;3;0;3665;20;0;0.6;0.0;0.0
80;2021-01-19;989;17;0;4654;37;0;0.8;0.0;0.0
80;2021-01-20;1115;10;0;5769;47;0;1.0;0.0;0.0
80;2021-01-21;1098;10;0;6867;57;0;1.2;0.0;0.0
80;2021-01-22;1178;6;0;8045;63;0;1.4;0.0;0.0
80;2021-01-23;885;4;0;8930;67;0;1.6;0.0;0.0
80;2021-01-24;778;9;0;9708;76;0;1.7;0.0;0.0
80;2021-01-25;1501;18;0;11209;94;0;2.0;0.0;0.0
80;2021-01-26;1448;13;0;12657;107;0;2.2;0.0;0.0
80;2021-01-27;844;29;0;13501;136;0;2.4;0.0;0.0
80;2021-01-28;650;170;0;14151;306;0;2.5;0.1;0.0
80;2021-01-29;652;205;0;14803;511;0;2.6;0.1;0.0
80;2021-01-30;96;79;0;14899;590;0;2.6;0.1;0.0
80;2021-01-31;1;2;0;14900;592;0;2.6;0.1;0.0
80;2021-02-01;58;235;0;14958;827;0;2.6;0.1;0.0
80;2021-02-02;74;442;0;15032;1269;0;2.6;0.2;0.0
80;2021-02-03;73;533;0;15105;1802;0;2.7;0.3;0.0
80;2021-02-04;327;352;0;15432;2154;0;2.7;0.4;0.0
80;2021-02-05;391;221;0;15823;2375;0;2.8;0.4;0.0
80;2021-02-06;174;72;0;15997;2447;0;2.8;0.4;0.0
80;2021-02-07;3;8;0;16000;2455;0;2.8;0.4;0.0
80;2021-02-08;437;286;0;16437;2741;0;2.9;0.5;0.0
80;2021-02-09;704;296;0;17141;3037;0;3.0;0.5;0.0
80;2021-02-10;622;507;0;17763;3544;0;3.1;0.6;0.0
80;2021-02-11;856;428;0;18619;3972;0;3.3;0.7;0.0
80;2021-02-12;933;375;0;19552;4347;0;3.4;0.8;0.0
80;2021-02-13;202;407;0;19754;4754;0;3.5;0.8;0.0
80;2021-02-14;77;547;0;19831;5301;0;3.5;0.9;0.0
80;2021-02-15;566;1042;0;20397;6343;0;3.6;1.1;0.0
80;2021-02-16;642;1080;0;21039;7423;0;3.7;1.3;0.0
80;2021-02-17;460;1172;0;21499;8595;0;3.8;1.5;0.0
80;2021-02-18;564;1139;0;22063;9734;0;3.9;1.7;0.0
80;2021-02-19;519;899;0;22582;10633;0;4.0;1.9;0.0
80;2021-02-20;36;499;0;22618;11132;0;4.0;2.0;0.0
80;2021-02-21;47;45;0;22665;11177;0;4.0;2.0;0.0
80;2021-02-22;182;620;0;22847;11797;0;4.0;2.1;0.0
80;2021-02-23;450;711;0;23297;12508;0;4.1;2.2;0.0
80;2021-02-24;462;694;0;23759;13202;0;4.2;2.3;0.0
80;2021-02-25;803;549;0;24562;13751;0;4.3;2.4;0.0
80;2021-02-26;1077;533;0;25639;14284;0;4.5;2.5;0.0
80;2021-02-27;495;75;0;26134;14359;0;4.6;2.5;0.0
80;2021-02-28;46;25;0;26180;14384;0;4.6;2.5;0.0
80;2021-03-01;743;100;0;26923;14484;0;4.7;2.5;0.0
80;2021-03-02;1040;137;0;27963;14621;0;4.9;2.6;0.0
80;2021-03-03;1035;105;0;28998;14726;0;5.1;2.6;0.0
80;2021-03-04;1407;297;0;30405;15023;0;5.3;2.6;0.0
80;2021-03-05;1887;377;0;32292;15400;0;5.7;2.7;0.0
80;2021-03-06;2890;321;0;35182;15721;0;6.2;2.8;0.0
80;2021-03-07;1794;81;0;36976;15802;0;6.5;2.8;0.0
80;2021-03-08;721;602;0;37697;16404;0;6.6;2.9;0.0
80;2021-03-09;1288;879;0;38985;17283;0;6.8;3.0;0.0
80;2021-03-10;1766;758;0;40751;18041;0;7.2;3.2;0.0
80;2021-03-11;1914;823;0;42665;18864;0;7.5;3.3;0.0
80;2021-03-12;3168;735;0;45833;19599;0;8.0;3.4;0.0
80;2021-03-13;4016;232;0;49849;19831;0;8.7;3.5;0.0
80;2021-03-14;426;18;0;50275;19849;0;8.8;3.5;0.0
80;2021-03-15;1091;272;0;51366;20121;0;9.0;3.5;0.0
80;2021-03-16;903;366;0;52269;20487;0;9.2;3.6;0.0
80;2021-03-17;722;273;0;52991;20760;0;9.3;3.6;0.0
80;2021-03-18;1073;311;0;54064;21071;0;9.5;3.7;0.0
80;2021-03-19;1801;411;0;55865;21482;0;9.8;3.8;0.0
80;2021-03-20;3824;116;0;59689;21598;0;10.5;3.8;0.0
80;2021-03-21;623;35;0;60312;21633;0;10.6;3.8;0.0
80;2021-03-22;1023;317;0;61335;21950;0;10.8;3.9;0.0
80;2021-03-23;1906;431;0;63241;22381;0;11.1;3.9;0.0
80;2021-03-24;1805;475;0;65046;22856;0;11.4;4.0;0.0
80;2021-03-25;2838;469;0;67884;23325;0;11.9;4.1;0.0
80;2021-03-26;3256;444;0;71140;23769;0;12.5;4.2;0.0
80;2021-03-27;2389;227;0;73529;23996;0;12.9;4.2;0.0
80;2021-03-28;737;92;0;74266;24088;0;13.0;4.2;0.0
80;2021-03-29;2026;763;0;76292;24851;0;13.4;4.4;0.0
80;2021-03-30;2053;883;0;78345;25734;0;13.8;4.5;0.0
80;2021-03-31;1638;1014;0;79983;26748;0;14.0;4.7;0.0
80;2021-04-01;2142;1471;0;82125;28219;0;14.4;5.0;0.0
80;2021-04-02;2894;1602;0;85019;29821;0;14.9;5.2;0.0
80;2021-04-03;3094;856;0;88113;30677;0;15.5;5.4;0.0
80;2021-04-04;238;37;0;88351;30714;0;15.5;5.4;0.0
80;2021-04-05;782;201;0;89133;30915;0;15.6;5.4;0.0
80;2021-04-06;1406;990;0;90539;31905;0;15.9;5.6;0.0
80;2021-04-07;1712;1182;0;92251;33087;0;16.2;5.8;0.0
80;2021-04-08;2237;929;0;94488;34016;0;16.6;6.0;0.0
80;2021-04-09;3582;1405;0;98070;35421;0;17.2;6.2;0.0
80;2021-04-10;2690;1892;0;100760;37313;0;17.7;6.5;0.0
80;2021-04-11;280;228;0;101040;37541;0;17.7;6.6;0.0
80;2021-04-12;1942;585;0;102982;38126;0;18.1;6.7;0.0
80;2021-04-13;2484;1046;0;105466;39172;0;18.5;6.9;0.0
80;2021-04-14;2869;1197;0;108335;40369;0;19.0;7.1;0.0
80;2021-04-15;3700;931;0;112035;41300;0;19.7;7.2;0.0
80;2021-04-16;3440;1005;0;115475;42305;0;20.3;7.4;0.0
80;2021-04-17;1759;2355;0;117234;44660;0;20.6;7.8;0.0
80;2021-04-18;401;487;0;117635;45147;0;20.6;7.9;0.0
80;2021-04-19;1042;901;0;118677;46048;0;20.8;8.1;0.0
80;2021-04-20;1708;958;0;120385;47006;0;21.1;8.3;0.0
80;2021-04-21;1741;1049;0;122126;48055;0;21.4;8.4;0.0
80;2021-04-22;2209;1354;0;124335;49409;0;21.8;8.7;0.0
80;2021-04-23;2692;1411;0;127027;50820;0;22.3;8.9;0.0
80;2021-04-24;1493;1336;0;128520;52156;0;22.6;9.2;0.0
80;2021-04-25;275;594;0;128795;52750;0;22.6;9.3;0.0
80;2021-04-26;1454;1500;0;130249;54250;0;22.9;9.5;0.0
80;2021-04-27;2153;1520;0;132402;55770;0;23.2;9.8;0.0
80;2021-04-28;2345;1516;0;134747;57286;0;23.6;10.1;0.0
80;2021-04-29;3350;2058;0;138097;59344;0;24.2;10.4;0.0
80;2021-04-30;3226;2982;0;141323;62326;0;24.8;10.9;0.0
80;2021-05-01;1089;746;0;142412;63072;0;25.0;11.1;0.0
80;2021-05-02;529;129;0;142941;63201;0;25.1;11.1;0.0
80;2021-05-03;2785;1280;0;145726;64481;0;25.6;11.3;0.0
80;2021-05-04;2663;1813;0;148389;66294;0;26.0;11.6;0.0
80;2021-05-05;3464;1999;0;151853;68293;0;26.7;12.0;0.0
80;2021-05-06;3299;2525;0;155152;70818;0;27.2;12.4;0.0
80;2021-05-07;3571;2700;0;158723;73518;0;27.9;12.9;0.0
80;2021-05-08;2979;883;0;161702;74401;0;28.4;13.1;0.0
80;2021-05-09;1647;301;0;163349;74702;0;28.7;13.1;0.0
80;2021-05-10;2038;1964;0;165387;76666;0;29.0;13.5;0.0
80;2021-05-11;3383;1929;0;168770;78595;0;29.6;13.8;0.0
80;2021-05-12;4649;1692;0;173419;80287;0;30.4;14.1;0.0
80;2021-05-13;3932;430;0;177351;80717;0;31.1;14.2;0.0
80;2021-05-14;5200;1461;0;182551;82178;0;32.0;14.4;0.0
80;2021-05-15;5905;1045;0;188456;83223;0;33.1;14.6;0.0
80;2021-05-16;2811;311;0;191267;83534;0;33.6;14.7;0.0
80;2021-05-17;2563;919;0;193830;84453;0;34.0;14.8;0.0
80;2021-05-18;3921;930;0;197751;85383;0;34.7;15.0;0.0
80;2021-05-19;4013;1040;0;201764;86423;0;35.4;15.2;0.0
80;2021-05-20;4664;1260;0;206428;87683;0;36.2;15.4;0.0
80;2021-05-21;4950;1695;0;211378;89378;0;37.1;15.7;0.0
80;2021-05-22;5185;1209;0;216563;90587;0;38.0;15.9;0.0
80;2021-05-23;2015;262;0;218578;90849;0;38.4;15.9;0.0
80;2021-05-24;1787;209;0;220365;91058;0;38.7;16.0;0.0
80;2021-05-25;2805;1239;0;223170;92297;0;39.2;16.2;0.0
80;2021-05-26;4351;1765;0;227521;94062;0;39.9;16.5;0.0
80;2021-05-27;4041;2469;0;231562;96531;0;40.6;16.9;0.0
80;2021-05-28;3887;2991;0;235449;99522;0;41.3;17.5;0.0
80;2021-05-29;3723;1673;0;239172;101195;0;42.0;17.8;0.0
80;2021-05-30;1213;206;0;240385;101401;0;42.2;17.8;0.0
80;2021-05-31;2716;1462;0;243101;102863;0;42.7;18.1;0.0
80;2021-06-01;4046;2498;0;247147;105361;0;43.4;18.5;0.0
80;2021-06-02;3318;2095;0;250465;107456;0;44.0;18.9;0.0
80;2021-06-03;4234;3048;0;254699;110504;0;44.7;19.4;0.0
80;2021-06-04;4629;3163;0;259328;113667;0;45.5;19.9;0.0
80;2021-06-05;3484;2219;0;262812;115886;0;46.1;20.3;0.0
80;2021-06-06;854;227;0;263666;116113;0;46.3;20.4;0.0
80;2021-06-07;1865;2094;0;265531;118207;0;46.6;20.7;0.0
80;2021-06-08;2732;2755;0;268263;120962;0;47.1;21.2;0.0
80;2021-06-09;2915;2822;0;271178;123784;0;47.6;21.7;0.0
80;2021-06-10;3131;3260;0;274309;127044;0;48.1;22.3;0.0
80;2021-06-11;3166;3956;0;277475;131000;0;48.7;23.0;0.0
80;2021-06-12;3028;2428;0;280503;133428;0;49.2;23.4;0.0
80;2021-06-13;545;545;0;281048;133973;0;49.3;23.5;0.0
80;2021-06-14;1396;3016;0;282444;136989;0;49.6;24.0;0.0
80;2021-06-15;2358;3574;0;284802;140563;0;50.0;24.7;0.0
80;2021-06-16;1654;4339;0;286456;144902;0;50.3;25.4;0.0
80;2021-06-17;2448;3812;0;288904;148714;0;50.7;26.1;0.0
80;2021-06-18;2573;4142;0;291477;152856;0;51.2;26.8;0.0
80;2021-06-19;2892;4480;0;294369;157336;0;51.7;27.6;0.0
80;2021-06-20;326;1249;0;294695;158585;0;51.7;27.8;0.0
80;2021-06-21;1075;2821;0;295770;161406;0;51.9;28.3;0.0
80;2021-06-22;1244;4145;0;297014;165551;0;52.1;29.1;0.0
80;2021-06-23;1797;5244;0;298811;170795;0;52.4;30.0;0.0
80;2021-06-24;1788;4780;0;300599;175575;0;52.8;30.8;0.0
80;2021-06-25;1424;6196;0;302023;181771;0;53.0;31.9;0.0
80;2021-06-26;1897;6214;0;303920;187985;0;53.3;33.0;0.0
80;2021-06-27;413;2216;0;304333;190201;0;53.4;33.4;0.0
80;2021-06-28;997;3405;0;305330;193606;0;53.6;34.0;0.0
80;2021-06-29;1865;4709;0;307195;198315;0;53.9;34.8;0.0
80;2021-06-30;1298;4840;0;308493;203155;0;54.1;35.7;0.0
80;2021-07-01;1670;5074;0;310163;208229;0;54.4;36.5;0.0
80;2021-07-02;1899;6103;0;312062;214332;0;54.8;37.6;0.0
80;2021-07-03;1355;5419;0;313417;219751;0;55.0;38.6;0.0
80;2021-07-04;777;1699;0;314194;221450;0;55.1;38.9;0.0
80;2021-07-05;971;3244;0;315165;224694;0;55.3;39.4;0.0
80;2021-07-06;1853;4070;0;317018;228764;0;55.6;40.2;0.0
80;2021-07-07;1557;4604;0;318575;233368;0;55.9;41.0;0.0
80;2021-07-08;2113;4999;0;320688;238367;0;56.3;41.8;0.0
80;2021-07-09;2608;5421;0;323296;243788;0;56.7;42.8;0.0
80;2021-07-10;1634;4150;0;324930;247938;0;57.0;43.5;0.0
80;2021-07-11;448;950;0;325378;248888;0;57.1;43.7;0.0
80;2021-07-12;952;3608;0;326330;252496;0;57.3;44.3;0.0
80;2021-07-13;2165;5201;0;328495;257697;0;57.7;45.2;0.0
80;2021-07-14;2726;1645;0;331221;259342;0;58.1;45.5;0.0
80;2021-07-15;2866;5319;0;334087;264661;0;58.6;46.5;0.0
80;2021-07-16;3866;5775;0;337953;270436;0;59.3;47.5;0.0
80;2021-07-17;3323;4368;0;341276;274804;0;59.9;48.2;0.0
80;2021-07-18;1025;1021;0;342301;275825;0;60.1;48.4;0.0
80;2021-07-19;2271;3188;0;344572;279013;0;60.5;49.0;0.0
80;2021-07-20;3317;4946;0;347889;283959;0;61.1;49.8;0.0
80;2021-07-21;3498;4407;0;351387;288366;0;61.7;50.6;0.0
80;2021-07-22;4167;4568;0;355554;292934;0;62.4;51.4;0.0
80;2021-07-23;4950;4747;0;360504;297681;0;63.3;52.2;0.0
80;2021-07-24;4087;4302;0;364591;301983;0;64.0;53.0;0.0
80;2021-07-25;1227;726;0;365818;302709;0;64.2;53.1;0.0
80;2021-07-26;2686;2454;0;368504;305163;0;64.7;53.6;0.0
80;2021-07-27;4148;3700;0;372652;308863;0;65.4;54.2;0.0
80;2021-07-28;4695;2793;0;377347;311656;0;66.2;54.7;0.0
80;2021-07-29;4796;3249;0;382143;314905;0;67.1;55.3;0.0
80;2021-07-30;4756;3630;0;386899;318535;0;67.9;55.9;0.0
80;2021-07-31;3909;2984;0;390808;321519;0;68.6;56.4;0.0
80;2021-08-01;1320;421;0;392128;321940;0;68.8;56.5;0.0
80;2021-08-02;2100;1878;0;394228;323818;0;69.2;56.8;0.0
80;2021-08-03;3471;2447;0;397699;326265;0;69.8;57.3;0.0
80;2021-08-04;3220;2519;0;400919;328784;0;70.4;57.7;0.0
80;2021-08-05;3060;2615;0;403979;331399;0;70.9;58.2;0.0
80;2021-08-06;3049;2883;0;407028;334282;0;71.4;58.7;0.0
80;2021-08-07;2304;2539;0;409332;336821;0;71.8;59.1;0.0
80;2021-08-08;652;814;0;409984;337635;0;72.0;59.3;0.0
80;2021-08-09;1405;2215;0;411389;339850;0;72.2;59.6;0.0
80;2021-08-10;2253;2884;0;413642;342734;0;72.6;60.2;0.0
80;2021-08-11;1819;2442;0;415461;345176;0;72.9;60.6;0.0
80;2021-08-12;2092;2685;0;417553;347861;0;73.3;61.1;0.0
80;2021-08-13;1804;3000;0;419357;350861;0;73.6;61.6;0.0
80;2021-08-14;1283;1993;0;420640;352854;0;73.8;61.9;0.0
80;2021-08-15;378;669;0;421018;353523;0;73.9;62.0;0.0
80;2021-08-16;975;2647;0;421993;356170;0;74.1;62.5;0.0
80;2021-08-17;1613;3499;0;423606;359669;0;74.3;63.1;0.0
80;2021-08-18;1148;3631;0;424754;363300;0;74.5;63.8;0.0
80;2021-08-19;1425;3832;0;426179;367132;0;74.8;64.4;0.0
80;2021-08-20;1212;4312;0;427391;371444;0;75.0;65.2;0.0
80;2021-08-21;983;2752;0;428374;374196;0;75.2;65.7;0.0
80;2021-08-22;134;797;0;428508;374993;0;75.2;65.8;0.0
80;2021-08-23;617;3188;0;429125;378181;0;75.3;66.4;0.0
80;2021-08-24;1058;4314;0;430183;382495;0;75.5;67.1;0.0
80;2021-08-25;914;3533;0;431097;386028;0;75.7;67.8;0.0
80;2021-08-26;953;3801;0;432050;389829;0;75.8;68.4;0.0
80;2021-08-27;1030;4341;0;433080;394170;0;76.0;69.2;0.0
80;2021-08-28;656;3222;0;433736;397392;0;76.1;69.7;0.0
80;2021-08-29;193;665;0;433929;398057;0;76.2;69.9;0.0
80;2021-08-30;526;2402;32;434455;400459;32;76.3;70.3;0.0
80;2021-08-31;734;3092;88;435189;403551;120;76.4;70.8;0.0
80;2021-09-01;687;2228;184;435876;405779;304;76.5;71.2;0.1
80;2021-09-02;572;2046;208;436448;407825;512;76.6;71.6;0.1
80;2021-09-03;761;2709;323;437209;410534;835;76.7;72.1;0.1
80;2021-09-04;912;2477;169;438121;413011;1004;76.9;72.5;0.2
80;2021-09-05;163;408;38;438284;413419;1042;76.9;72.6;0.2
80;2021-09-06;409;1363;285;438693;414782;1327;77.0;72.8;0.2
80;2021-09-07;499;1568;271;439192;416350;1598;77.1;73.1;0.3
80;2021-09-08;463;1490;356;439655;417840;1954;77.2;73.3;0.3
80;2021-09-09;522;1395;266;440177;419235;2220;77.3;73.6;0.4
80;2021-09-10;644;1692;393;440821;420927;2613;77.4;73.9;0.5
80;2021-09-11;486;1758;167;441307;422685;2780;77.5;74.2;0.5
80;2021-09-12;73;291;23;441380;422976;2803;77.5;74.2;0.5
80;2021-09-13;324;806;419;441704;423782;3222;77.5;74.4;0.6
80;2021-09-14;599;982;578;442303;424764;3800;77.6;74.6;0.7
80;2021-09-15;378;995;538;442681;425759;4338;77.7;74.7;0.8
80;2021-09-16;483;979;435;443164;426738;4773;77.8;74.9;0.8
80;2021-09-17;521;1196;644;443685;427934;5417;77.9;75.1;1.0
80;2021-09-18;327;1146;265;444012;429080;5682;77.9;75.3;1.0
80;2021-09-19;14;156;19;444026;429236;5701;77.9;75.3;1.0
80;2021-09-20;314;457;343;444340;429693;6044;78.0;75.4;1.1
80;2021-09-21;272;568;546;444612;430261;6590;78.0;75.5;1.2
80;2021-09-22;272;701;577;444884;430962;7167;78.1;75.6;1.3
80;2021-09-23;306;528;609;445190;431490;7776;78.1;75.7;1.4
80;2021-09-24;384;915;712;445574;432405;8488;78.2;75.9;1.5
80;2021-09-25;286;1053;350;445860;433458;8838;78.3;76.1;1.6
80;2021-09-26;12;99;10;445872;433557;8848;78.3;76.1;1.6
80;2021-09-27;178;545;412;446050;434102;9260;78.3;76.2;1.6
80;2021-09-28;155;399;471;446205;434501;9731;78.3;76.3;1.7
80;2021-09-29;283;545;457;446488;435046;10188;78.4;76.4;1.8
80;2021-09-30;197;344;489;446685;435390;10677;78.4;76.4;1.9
80;2021-10-01;334;732;849;447019;436122;11526;78.5;76.5;2.0
80;2021-10-02;320;807;317;447339;436929;11843;78.5;76.7;2.1
80;2021-10-03;17;63;30;447356;436992;11873;78.5;76.7;2.1
80;2021-10-04;156;336;487;447512;437328;12360;78.5;76.8;2.2
80;2021-10-05;159;443;531;447671;437771;12891;78.6;76.8;2.3
80;2021-10-06;271;446;561;447942;438217;13452;78.6;76.9;2.4
80;2021-10-07;197;448;508;448139;438665;13960;78.7;77.0;2.5
80;2021-10-08;278;717;882;448417;439382;14842;78.7;77.1;2.6
80;2021-10-09;269;458;456;448686;439840;15298;78.7;77.2;2.7
80;2021-10-10;20;17;38;448706;439857;15336;78.8;77.2;2.7
80;2021-10-11;156;221;671;448862;440078;16007;78.8;77.2;2.8
80;2021-10-12;177;390;745;449039;440468;16752;78.8;77.3;2.9
80;2021-10-13;197;278;745;449236;440746;17497;78.8;77.4;3.1
80;2021-10-14;212;320;629;449448;441066;18126;78.9;77.4;3.2
80;2021-10-15;317;528;1196;449765;441594;19322;78.9;77.5;3.4
80;2021-10-16;225;369;554;449990;441963;19876;79.0;77.6;3.5
80;2021-10-17;19;17;40;450009;441980;19916;79.0;77.6;3.5
80;2021-10-18;165;309;688;450174;442289;20604;79.0;77.6;3.6
80;2021-10-19;108;168;608;450282;442457;21212;79.0;77.7;3.7
80;2021-10-20;186;266;737;450468;442723;21949;79.1;77.7;3.9
80;2021-10-21;177;282;875;450645;443005;22824;79.1;77.8;4.0
80;2021-10-22;270;385;1278;450915;443390;24102;79.1;77.8;4.2
80;2021-10-23;204;299;688;451119;443689;24790;79.2;77.9;4.4
80;2021-10-24;16;27;28;451135;443716;24818;79.2;77.9;4.4
80;2021-10-25;122;165;808;451257;443881;25626;79.2;77.9;4.5
80;2021-10-26;118;149;866;451375;444030;26492;79.2;77.9;4.6
80;2021-10-27;160;234;889;451535;444264;27381;79.2;78.0;4.8
80;2021-10-28;168;203;765;451703;444467;28146;79.3;78.0;4.9
80;2021-10-29;224;295;1310;451927;444762;29456;79.3;78.1;5.2
80;2021-10-30;159;240;769;452086;445002;30225;79.3;78.1;5.3
80;2021-10-31;12;21;28;452098;445023;30253;79.3;78.1;5.3
80;2021-11-01;6;13;11;452104;445036;30264;79.3;78.1;5.3
80;2021-11-02;177;206;944;452281;445242;31208;79.4;78.1;5.5
80;2021-11-03;87;216;864;452368;445458;32072;79.4;78.2;5.6
80;2021-11-04;134;206;761;452502;445664;32833;79.4;78.2;5.8
80;2021-11-05;252;349;1403;452754;446013;34236;79.5;78.3;6.0
80;2021-11-06;193;270;1017;452947;446283;35253;79.5;78.3;6.2
80;2021-11-07;9;28;54;452956;446311;35307;79.5;78.3;6.2
80;2021-11-08;97;137;871;453053;446448;36178;79.5;78.4;6.3
80;2021-11-09;120;178;1446;453173;446626;37624;79.5;78.4;6.6
80;2021-11-10;155;173;1353;453328;446799;38977;79.6;78.4;6.8
80;2021-11-11;8;9;95;453336;446808;39072;79.6;78.4;6.9
80;2021-11-12;230;320;1641;453566;447128;40713;79.6;78.5;7.1
80;2021-11-13;133;221;1043;453699;447349;41756;79.6;78.5;7.3
80;2021-11-14;22;15;81;453721;447364;41837;79.6;78.5;7.3
80;2021-11-15;94;126;852;453815;447490;42689;79.6;78.5;7.5
80;2021-11-16;144;154;1674;453959;447644;44363;79.7;78.6;7.8
80;2021-11-17;148;181;1285;454107;447825;45648;79.7;78.6;8.0
80;2021-11-18;144;188;1609;454251;448013;47257;79.7;78.6;8.3
80;2021-11-19;279;348;2363;454530;448361;49620;79.8;78.7;8.7
80;2021-11-20;245;261;1440;454775;448622;51060;79.8;78.7;9.0
80;2021-11-21;19;24;91;454794;448646;51151;79.8;78.7;9.0
80;2021-11-22;123;87;1191;454917;448733;52342;79.8;78.8;9.2
80;2021-11-23;144;129;1821;455061;448862;54163;79.9;78.8;9.5
80;2021-11-24;179;138;1664;455240;449000;55827;79.9;78.8;9.8
80;2021-11-25;163;177;2039;455403;449177;57866;79.9;78.8;10.2
80;2021-11-26;243;277;3916;455646;449454;61782;80.0;78.9;10.8
80;2021-11-27;181;238;4348;455827;449692;66130;80.0;78.9;11.6
80;2021-11-28;17;25;1187;455844;449717;67317;80.0;78.9;11.8
80;2021-11-29;97;117;3142;455941;449834;70459;80.0;79.0;12.4
80;2021-11-30;133;146;4970;456074;449980;75429;80.0;79.0;13.2
80;2021-12-01;121;180;4507;456195;450160;79936;80.1;79.0;14.0
80;2021-12-02;162;96;5880;456357;450256;85816;80.1;79.0;15.1
80;2021-12-03;187;228;7075;456544;450484;92891;80.1;79.1;16.3
80;2021-12-04;159;154;6457;456703;450638;99348;80.2;79.1;17.4
80;2021-12-05;38;43;1550;456741;450681;100898;80.2;79.1;17.7
80;2021-12-06;104;138;4258;456845;450819;105156;80.2;79.1;18.5
80;2021-12-07;113;139;6517;456958;450958;111673;80.2;79.1;19.6
80;2021-12-08;137;185;6249;457095;451143;117922;80.2;79.2;20.7
80;2021-12-09;131;135;6849;457226;451278;124771;80.2;79.2;21.9
81;2020-12-27;0;0;0;0;0;0;0.0;0.0;0.0
81;2020-12-28;0;0;0;0;0;0;0.0;0.0;0.0
81;2020-12-29;0;0;0;0;0;0;0.0;0.0;0.0
81;2020-12-30;0;0;0;0;0;0;0.0;0.0;0.0
81;2020-12-31;1;1;0;1;1;0;0.0;0.0;0.0
81;2021-01-01;0;0;0;1;1;0;0.0;0.0;0.0
81;2021-01-02;0;0;0;1;1;0;0.0;0.0;0.0
81;2021-01-03;0;0;0;1;1;0;0.0;0.0;0.0
81;2021-01-04;1;0;0;2;1;0;0.0;0.0;0.0
81;2021-01-05;2;0;0;4;1;0;0.0;0.0;0.0
81;2021-01-06;7;0;0;11;1;0;0.0;0.0;0.0
81;2021-01-07;269;0;0;280;1;0;0.1;0.0;0.0
81;2021-01-08;311;1;0;591;2;0;0.2;0.0;0.0
81;2021-01-09;71;1;0;662;3;0;0.2;0.0;0.0
81;2021-01-10;4;0;0;666;3;0;0.2;0.0;0.0
81;2021-01-11;146;0;0;812;3;0;0.2;0.0;0.0
81;2021-01-12;250;0;0;1062;3;0;0.3;0.0;0.0
81;2021-01-13;268;1;0;1330;4;0;0.3;0.0;0.0
81;2021-01-14;970;7;0;2300;11;0;0.6;0.0;0.0
81;2021-01-15;572;4;0;2872;15;0;0.7;0.0;0.0
81;2021-01-16;79;2;0;2951;17;0;0.8;0.0;0.0
81;2021-01-17;3;0;0;2954;17;0;0.8;0.0;0.0
81;2021-01-18;566;2;0;3520;19;0;0.9;0.0;0.0
81;2021-01-19;708;5;0;4228;24;0;1.1;0.0;0.0
81;2021-01-20;813;3;0;5041;27;0;1.3;0.0;0.0
81;2021-01-21;1204;13;0;6245;40;0;1.6;0.0;0.0
81;2021-01-22;851;3;0;7096;43;0;1.8;0.0;0.0
81;2021-01-23;227;2;0;7323;45;0;1.9;0.0;0.0
81;2021-01-24;100;0;0;7423;45;0;1.9;0.0;0.0
81;2021-01-25;563;6;0;7986;51;0;2.1;0.0;0.0
81;2021-01-26;635;7;0;8621;58;0;2.2;0.0;0.0
81;2021-01-27;581;3;0;9202;61;0;2.4;0.0;0.0
81;2021-01-28;659;226;0;9861;287;0;2.5;0.1;0.0
81;2021-01-29;317;187;0;10178;474;0;2.6;0.1;0.0
81;2021-01-30;197;38;0;10375;512;0;2.7;0.1;0.0
81;2021-01-31;98;1;0;10473;513;0;2.7;0.1;0.0
81;2021-02-01;295;171;0;10768;684;0;2.8;0.2;0.0
81;2021-02-02;441;182;0;11209;866;0;2.9;0.2;0.0
81;2021-02-03;477;288;0;11686;1154;0;3.0;0.3;0.0
81;2021-02-04;1374;699;0;13060;1853;0;3.4;0.5;0.0
81;2021-02-05;822;325;0;13882;2178;0;3.6;0.6;0.0
81;2021-02-06;242;19;0;14124;2197;0;3.6;0.6;0.0
81;2021-02-07;97;1;0;14221;2198;0;3.7;0.6;0.0
81;2021-02-08;272;226;0;14493;2424;0;3.7;0.6;0.0
81;2021-02-09;430;273;0;14923;2697;0;3.8;0.7;0.0
81;2021-02-10;376;338;0;15299;3035;0;3.9;0.8;0.0
81;2021-02-11;657;481;0;15956;3516;0;4.1;0.9;0.0
81;2021-02-12;543;526;0;16499;4042;0;4.3;1.0;0.0
81;2021-02-13;196;162;0;16695;4204;0;4.3;1.1;0.0
81;2021-02-14;93;1;0;16788;4205;0;4.3;1.1;0.0
81;2021-02-15;236;453;0;17024;4658;0;4.4;1.2;0.0
81;2021-02-16;290;636;0;17314;5294;0;4.5;1.4;0.0
81;2021-02-17;248;545;0;17562;5839;0;4.5;1.5;0.0
81;2021-02-18;488;699;0;18050;6538;0;4.7;1.7;0.0
81;2021-02-19;570;432;0;18620;6970;0;4.8;1.8;0.0
81;2021-02-20;317;279;0;18937;7249;0;4.9;1.9;0.0
81;2021-02-21;22;81;0;18959;7330;0;4.9;1.9;0.0
81;2021-02-22;232;538;0;19191;7868;0;4.9;2.0;0.0
81;2021-02-23;185;593;0;19376;8461;0;5.0;2.2;0.0
81;2021-02-24;298;666;0;19674;9127;0;5.1;2.4;0.0
81;2021-02-25;715;1017;0;20389;10144;0;5.3;2.6;0.0
81;2021-02-26;942;927;0;21331;11071;0;5.5;2.9;0.0
81;2021-02-27;283;234;0;21614;11305;0;5.6;2.9;0.0
81;2021-02-28;18;85;0;21632;11390;0;5.6;2.9;0.0
81;2021-03-01;233;416;0;21865;11806;0;5.6;3.0;0.0
81;2021-03-02;389;506;0;22254;12312;0;5.7;3.2;0.0
81;2021-03-03;484;443;0;22738;12755;0;5.9;3.3;0.0
81;2021-03-04;1117;457;0;23855;13212;0;6.1;3.4;0.0
81;2021-03-05;1402;409;0;25257;13621;0;6.5;3.5;0.0
81;2021-03-06;1008;164;0;26265;13785;0;6.8;3.6;0.0
81;2021-03-07;189;92;0;26454;13877;0;6.8;3.6;0.0
81;2021-03-08;484;359;0;26938;14236;0;6.9;3.7;0.0
81;2021-03-09;827;359;0;27765;14595;0;7.2;3.8;0.0
81;2021-03-10;924;397;0;28689;14992;0;7.4;3.9;0.0
81;2021-03-11;1380;371;0;30069;15363;0;7.8;4.0;0.0
81;2021-03-12;1725;322;0;31794;15685;0;8.2;4.0;0.0
81;2021-03-13;1061;199;0;32855;15884;0;8.5;4.1;0.0
81;2021-03-14;67;78;0;32922;15962;0;8.5;4.1;0.0
81;2021-03-15;1076;239;0;33998;16201;0;8.8;4.2;0.0
81;2021-03-16;737;250;0;34735;16451;0;9.0;4.2;0.0
81;2021-03-17;851;282;0;35586;16733;0;9.2;4.3;0.0
81;2021-03-18;966;571;0;36552;17304;0;9.4;4.5;0.0
81;2021-03-19;1294;471;0;37846;17775;0;9.8;4.6;0.0
81;2021-03-20;699;285;0;38545;18060;0;9.9;4.7;0.0
81;2021-03-21;142;22;0;38687;18082;0;10.0;4.7;0.0
81;2021-03-22;949;285;0;39636;18367;0;10.2;4.7;0.0
81;2021-03-23;1462;231;0;41098;18598;0;10.6;4.8;0.0
81;2021-03-24;1675;295;0;42773;18893;0;11.0;4.9;0.0
81;2021-03-25;2124;362;0;44897;19255;0;11.6;5.0;0.0
81;2021-03-26;2156;301;0;47053;19556;0;12.1;5.0;0.0
81;2021-03-27;1145;42;0;48198;19598;0;12.4;5.1;0.0
81;2021-03-28;716;41;0;48914;19639;0;12.6;5.1;0.0
81;2021-03-29;2793;186;0;51707;19825;0;13.3;5.1;0.0
81;2021-03-30;3088;239;0;54795;20064;0;14.1;5.2;0.0
81;2021-03-31;2693;282;0;57488;20346;0;14.8;5.2;0.0
81;2021-04-01;3323;569;0;60811;20915;0;15.7;5.4;0.0
81;2021-04-02;2657;401;0;63468;21316;0;16.4;5.5;0.0
81;2021-04-03;1148;305;0;64616;21621;0;16.7;5.6;0.0
81;2021-04-04;1333;26;0;65949;21647;0;17.0;5.6;0.0
81;2021-04-05;709;20;0;66658;21667;0;17.2;5.6;0.0
81;2021-04-06;1648;526;0;68306;22193;0;17.6;5.7;0.0
81;2021-04-07;1859;566;0;70165;22759;0;18.1;5.9;0.0
81;2021-04-08;2656;821;0;72821;23580;0;18.8;6.1;0.0
81;2021-04-09;3040;480;0;75861;24060;0;19.6;6.2;0.0
81;2021-04-10;1472;504;0;77333;24564;0;19.9;6.3;0.0
81;2021-04-11;1236;71;0;78569;24635;0;20.3;6.4;0.0
81;2021-04-12;1304;676;0;79873;25311;0;20.6;6.5;0.0
81;2021-04-13;2524;810;0;82397;26121;0;21.2;6.7;0.0
81;2021-04-14;2469;837;0;84866;26958;0;21.9;6.9;0.0
81;2021-04-15;3124;1235;0;87990;28193;0;22.7;7.3;0.0
81;2021-04-16;2734;1099;0;90724;29292;0;23.4;7.6;0.0
81;2021-04-17;1252;338;0;91976;29630;0;23.7;7.6;0.0
81;2021-04-18;497;139;0;92473;29769;0;23.8;7.7;0.0
81;2021-04-19;928;821;0;93401;30590;0;24.1;7.9;0.0
81;2021-04-20;2247;1198;0;95648;31788;0;24.7;8.2;0.0
81;2021-04-21;2154;1065;0;97802;32853;0;25.2;8.5;0.0
81;2021-04-22;2762;1134;0;100564;33987;0;25.9;8.8;0.0
81;2021-04-23;2752;1024;0;103316;35011;0;26.6;9.0;0.0
81;2021-04-24;1258;771;0;104574;35782;0;27.0;9.2;0.0
81;2021-04-25;433;689;0;105007;36471;0;27.1;9.4;0.0
81;2021-04-26;1061;2329;0;106068;38800;0;27.3;10.0;0.0
81;2021-04-27;1516;2341;0;107584;41141;0;27.7;10.6;0.0
81;2021-04-28;1383;2398;0;108967;43539;0;28.1;11.2;0.0
81;2021-04-29;1747;2747;0;110714;46286;0;28.5;11.9;0.0
81;2021-04-30;1931;2321;0;112645;48607;0;29.0;12.5;0.0
81;2021-05-01;376;657;0;113021;49264;0;29.1;12.7;0.0
81;2021-05-02;302;1309;0;113323;50573;0;29.2;13.0;0.0
81;2021-05-03;1102;1205;0;114425;51778;0;29.5;13.3;0.0
81;2021-05-04;2441;1895;0;116866;53673;0;30.1;13.8;0.0
81;2021-05-05;1958;1943;0;118824;55616;0;30.6;14.3;0.0
81;2021-05-06;2658;3425;0;121482;59041;0;31.3;15.2;0.0
81;2021-05-07;1997;2971;0;123479;62012;0;31.8;16.0;0.0
81;2021-05-08;875;944;0;124354;62956;0;32.1;16.2;0.0
81;2021-05-09;572;1278;0;124926;64234;0;32.2;16.6;0.0
81;2021-05-10;838;1624;0;125764;65858;0;32.4;17.0;0.0
81;2021-05-11;1562;2539;0;127326;68397;0;32.8;17.6;0.0
81;2021-05-12;1520;2440;0;128846;70837;0;33.2;18.3;0.0
81;2021-05-13;1167;567;0;130013;71404;0;33.5;18.4;0.0
81;2021-05-14;1801;1660;0;131814;73064;0;34.0;18.8;0.0
81;2021-05-15;1397;596;0;133211;73660;0;34.3;19.0;0.0
81;2021-05-16;1160;384;0;134371;74044;0;34.6;19.1;0.0
81;2021-05-17;1067;884;0;135438;74928;0;34.9;19.3;0.0
81;2021-05-18;1616;1446;0;137054;76374;0;35.3;19.7;0.0
81;2021-05-19;2481;1229;0;139535;77603;0;36.0;20.0;0.0
81;2021-05-20;2767;1348;0;142302;78951;0;36.7;20.4;0.0
81;2021-05-21;2510;1151;0;144812;80102;0;37.3;20.7;0.0
81;2021-05-22;2323;507;0;147135;80609;0;37.9;20.8;0.0
81;2021-05-23;995;72;0;148130;80681;0;38.2;20.8;0.0
81;2021-05-24;678;89;0;148808;80770;0;38.4;20.8;0.0
81;2021-05-25;2223;1075;0;151031;81845;0;38.9;21.1;0.0
81;2021-05-26;1660;852;0;152691;82697;0;39.4;21.3;0.0
81;2021-05-27;2276;1582;0;154967;84279;0;40.0;21.7;0.0
81;2021-05-28;2264;1701;0;157231;85980;0;40.5;22.2;0.0
81;2021-05-29;1211;551;0;158442;86531;0;40.8;22.3;0.0
81;2021-05-30;756;199;0;159198;86730;0;41.0;22.4;0.0
81;2021-05-31;1055;1340;0;160253;88070;0;41.3;22.7;0.0
81;2021-06-01;1698;2611;0;161951;90681;0;41.8;23.4;0.0
81;2021-06-02;1864;2360;0;163815;93041;0;42.2;24.0;0.0
81;2021-06-03;1879;2507;0;165694;95548;0;42.7;24.6;0.0
81;2021-06-04;1921;2854;0;167615;98402;0;43.2;25.4;0.0
81;2021-06-05;1466;1224;0;169081;99626;0;43.6;25.7;0.0
81;2021-06-06;461;356;0;169542;99982;0;43.7;25.8;0.0
81;2021-06-07;1190;1513;0;170732;101495;0;44.0;26.2;0.0
81;2021-06-08;2280;2292;0;173012;103787;0;44.6;26.8;0.0
81;2021-06-09;2345;1781;0;175357;105568;0;45.2;27.2;0.0
81;2021-06-10;1315;1523;0;176672;107091;0;45.5;27.6;0.0
81;2021-06-11;2519;2127;0;179191;109218;0;46.2;28.2;0.0
81;2021-06-12;1577;1010;0;180768;110228;0;46.6;28.4;0.0
81;2021-06-13;513;491;0;181281;110719;0;46.7;28.5;0.0
81;2021-06-14;841;1417;0;182122;112136;0;47.0;28.9;0.0
81;2021-06-15;1655;3357;0;183777;115493;0;47.4;29.8;0.0
81;2021-06-16;1304;2848;0;185081;118341;0;47.7;30.5;0.0
81;2021-06-17;1359;2477;0;186440;120818;0;48.1;31.1;0.0
81;2021-06-18;1862;2632;0;188302;123450;0;48.5;31.8;0.0
81;2021-06-19;883;971;0;189185;124421;0;48.8;32.1;0.0
81;2021-06-20;446;475;0;189631;124896;0;48.9;32.2;0.0
81;2021-06-21;471;1086;0;190102;125982;0;49.0;32.5;0.0
81;2021-06-22;1099;2388;0;191201;128370;0;49.3;33.1;0.0
81;2021-06-23;1143;2060;0;192344;130430;0;49.6;33.6;0.0
81;2021-06-24;1142;1844;0;193486;132274;0;49.9;34.1;0.0
81;2021-06-25;1202;2677;0;194688;134951;0;50.2;34.8;0.0
81;2021-06-26;739;1564;0;195427;136515;0;50.4;35.2;0.0
81;2021-06-27;543;1403;0;195970;137918;0;50.5;35.6;0.0
81;2021-06-28;508;1476;0;196478;139394;0;50.7;35.9;0.0
81;2021-06-29;1057;2495;0;197535;141889;0;50.9;36.6;0.0
81;2021-06-30;1021;2959;0;198556;144848;0;51.2;37.3;0.0
81;2021-07-01;909;2503;0;199465;147351;0;51.4;38.0;0.0
81;2021-07-02;1039;2804;0;200504;150155;0;51.7;38.7;0.0
81;2021-07-03;730;2407;0;201234;152562;0;51.9;39.3;0.0
81;2021-07-04;297;912;0;201531;153474;0;52.0;39.6;0.0
81;2021-07-05;751;1535;0;202282;155009;0;52.1;40.0;0.0
81;2021-07-06;994;2984;0;203276;157993;0;52.4;40.7;0.0
81;2021-07-07;1053;2289;0;204329;160282;0;52.7;41.3;0.0
81;2021-07-08;1016;2154;0;205345;162436;0;52.9;41.9;0.0
81;2021-07-09;1175;2600;0;206520;165036;0;53.2;42.5;0.0
81;2021-07-10;788;1423;0;207308;166459;0;53.4;42.9;0.0
81;2021-07-11;449;921;0;207757;167380;0;53.6;43.2;0.0
81;2021-07-12;782;1649;0;208539;169029;0;53.8;43.6;0.0
81;2021-07-13;2005;2954;0;210544;171983;0;54.3;44.3;0.0
81;2021-07-14;1454;1439;0;211998;173422;0;54.7;44.7;0.0
81;2021-07-15;2453;2718;0;214451;176140;0;55.3;45.4;0.0
81;2021-07-16;2098;2933;0;216549;179073;0;55.8;46.2;0.0
81;2021-07-17;1313;2316;0;217862;181389;0;56.2;46.8;0.0
81;2021-07-18;730;1147;0;218592;182536;0;56.4;47.1;0.0
81;2021-07-19;1171;1756;0;219763;184292;0;56.7;47.5;0.0
81;2021-07-20;2753;2686;0;222516;186978;0;57.4;48.2;0.0
81;2021-07-21;3204;2272;0;225720;189250;0;58.2;48.8;0.0
81;2021-07-22;3210;2048;0;228930;191298;0;59.0;49.3;0.0
81;2021-07-23;2923;3131;0;231853;194429;0;59.8;50.1;0.0
81;2021-07-24;2439;1692;0;234292;196121;0;60.4;50.6;0.0
81;2021-07-25;1555;738;0;235847;196859;0;60.8;50.8;0.0
81;2021-07-26;1871;1544;0;237718;198403;0;61.3;51.1;0.0
81;2021-07-27;3234;2381;0;240952;200784;0;62.1;51.8;0.0
81;2021-07-28;2877;2098;0;243829;202882;0;62.9;52.3;0.0
81;2021-07-29;3134;1754;0;246963;204636;0;63.7;52.8;0.0
81;2021-07-30;2671;2214;0;249634;206850;0;64.4;53.3;0.0
81;2021-07-31;1824;1013;0;251458;207863;0;64.8;53.6;0.0
81;2021-08-01;811;640;0;252269;208503;0;65.0;53.8;0.0
81;2021-08-02;1155;1044;0;253424;209547;0;65.3;54.0;0.0
81;2021-08-03;2216;2017;0;255640;211564;0;65.9;54.5;0.0
81;2021-08-04;1962;1502;0;257602;213066;0;66.4;54.9;0.0
81;2021-08-05;1483;1815;0;259085;214881;0;66.8;55.4;0.0
81;2021-08-06;1649;1980;0;260734;216861;0;67.2;55.9;0.0
81;2021-08-07;959;1086;0;261693;217947;0;67.5;56.2;0.0
81;2021-08-08;428;752;0;262121;218699;0;67.6;56.4;0.0
81;2021-08-09;814;795;0;262935;219494;0;67.8;56.6;0.0
81;2021-08-10;1535;2544;0;264470;222038;0;68.2;57.2;0.0
81;2021-08-11;1110;2345;0;265580;224383;0;68.5;57.8;0.0
81;2021-08-12;1068;2154;0;266648;226537;0;68.7;58.4;0.0
81;2021-08-13;905;2344;0;267553;228881;0;69.0;59.0;0.0
81;2021-08-14;519;1753;0;268072;230634;0;69.1;59.5;0.0
81;2021-08-15;185;1045;0;268257;231679;0;69.2;59.7;0.0
81;2021-08-16;683;1727;0;268940;233406;0;69.3;60.2;0.0
81;2021-08-17;1283;2917;0;270223;236323;0;69.7;60.9;0.0
81;2021-08-18;1020;2296;0;271243;238619;0;69.9;61.5;0.0
81;2021-08-19;924;2182;0;272167;240801;0;70.2;62.1;0.0
81;2021-08-20;913;2254;0;273080;243055;0;70.4;62.7;0.0
81;2021-08-21;489;1575;0;273569;244630;0;70.5;63.1;0.0
81;2021-08-22;215;956;0;273784;245586;0;70.6;63.3;0.0
81;2021-08-23;501;1330;0;274285;246916;0;70.7;63.7;0.0
81;2021-08-24;793;2463;0;275078;249379;0;70.9;64.3;0.0
81;2021-08-25;717;2057;0;275795;251436;0;71.1;64.8;0.0
81;2021-08-26;869;2042;0;276664;253478;0;71.3;65.3;0.0
81;2021-08-27;828;2114;0;277492;255592;0;71.5;65.9;0.0
81;2021-08-28;470;1422;0;277962;257014;0;71.7;66.3;0.0
81;2021-08-29;177;845;0;278139;257859;0;71.7;66.5;0.0
81;2021-08-30;427;1127;27;278566;258986;27;71.8;66.8;0.0
81;2021-08-31;787;1954;92;279353;260940;119;72.0;67.3;0.0
81;2021-09-01;694;1225;170;280047;262165;289;72.2;67.6;0.1
81;2021-09-02;576;1006;207;280623;263171;496;72.3;67.8;0.1
81;2021-09-03;587;1274;190;281210;264445;686;72.5;68.2;0.2
81;2021-09-04;499;898;72;281709;265343;758;72.6;68.4;0.2
81;2021-09-05;119;248;24;281828;265591;782;72.7;68.5;0.2
81;2021-09-06;301;538;196;282129;266129;978;72.7;68.6;0.3
81;2021-09-07;395;1051;268;282524;267180;1246;72.8;68.9;0.3
81;2021-09-08;422;1080;192;282946;268260;1438;72.9;69.2;0.4
81;2021-09-09;382;802;226;283328;269062;1664;73.0;69.4;0.4
81;2021-09-10;407;957;269;283735;270019;1933;73.1;69.6;0.5
81;2021-09-11;396;881;75;284131;270900;2008;73.2;69.8;0.5
81;2021-09-12;80;239;28;284211;271139;2036;73.3;69.9;0.5
81;2021-09-13;241;473;273;284452;271612;2309;73.3;70.0;0.6
81;2021-09-14;490;683;452;284942;272295;2761;73.5;70.2;0.7
81;2021-09-15;445;788;479;285387;273083;3240;73.6;70.4;0.8
81;2021-09-16;347;537;385;285734;273620;3625;73.7;70.5;0.9
81;2021-09-17;430;795;354;286164;274415;3979;73.8;70.7;1.0
81;2021-09-18;267;671;136;286431;275086;4115;73.8;70.9;1.1
81;2021-09-19;57;169;17;286488;275255;4132;73.9;71.0;1.1
81;2021-09-20;136;311;222;286624;275566;4354;73.9;71.0;1.1
81;2021-09-21;263;550;531;286887;276116;4885;74.0;71.2;1.3
81;2021-09-22;200;675;357;287087;276791;5242;74.0;71.4;1.4
81;2021-09-23;162;502;471;287249;277293;5713;74.1;71.5;1.5
81;2021-09-24;298;686;470;287547;277979;6183;74.1;71.7;1.6
81;2021-09-25;168;686;99;287715;278665;6282;74.2;71.8;1.6
81;2021-09-26;34;137;22;287749;278802;6304;74.2;71.9;1.6
81;2021-09-27;138;277;246;287887;279079;6550;74.2;71.9;1.7
81;2021-09-28;179;357;271;288066;279436;6821;74.3;72.0;1.8
81;2021-09-29;233;499;268;288299;279935;7089;74.3;72.2;1.8
81;2021-09-30;150;301;334;288449;280236;7423;74.4;72.2;1.9
81;2021-10-01;281;455;338;288730;280691;7761;74.4;72.4;2.0
81;2021-10-02;196;422;157;288926;281113;7918;74.5;72.5;2.0
81;2021-10-03;52;105;23;288978;281218;7941;74.5;72.5;2.0
81;2021-10-04;107;211;209;289085;281429;8150;74.5;72.6;2.1
81;2021-10-05;150;333;454;289235;281762;8604;74.6;72.6;2.2
81;2021-10-06;215;460;432;289450;282222;9036;74.6;72.8;2.3
81;2021-10-07;153;313;540;289603;282535;9576;74.7;72.8;2.5
81;2021-10-08;209;500;793;289812;283035;10369;74.7;73.0;2.7
81;2021-10-09;151;322;102;289963;283357;10471;74.8;73.0;2.7
81;2021-10-10;46;69;45;290009;283426;10516;74.8;73.1;2.7
81;2021-10-11;135;215;357;290144;283641;10873;74.8;73.1;2.8
81;2021-10-12;130;239;504;290274;283880;11377;74.8;73.2;2.9
81;2021-10-13;208;308;265;290482;284188;11642;74.9;73.3;3.0
81;2021-10-14;136;247;465;290618;284435;12107;74.9;73.3;3.1
81;2021-10-15;257;356;924;290875;284791;13031;75.0;73.4;3.4
81;2021-10-16;190;199;117;291065;284990;13148;75.0;73.5;3.4
81;2021-10-17;3;8;1;291068;284998;13149;75.0;73.5;3.4
81;2021-10-18;105;139;308;291173;285137;13457;75.1;73.5;3.5
81;2021-10-19;142;196;477;291315;285333;13934;75.1;73.6;3.6
81;2021-10-20;175;245;507;291490;285578;14441;75.1;73.6;3.7
81;2021-10-21;114;187;615;291604;285765;15056;75.2;73.7;3.9
81;2021-10-22;194;330;670;291798;286095;15726;75.2;73.8;4.1
81;2021-10-23;122;216;204;291920;286311;15930;75.3;73.8;4.1
81;2021-10-24;43;62;86;291963;286373;16016;75.3;73.8;4.1
81;2021-10-25;127;143;507;292090;286516;16523;75.3;73.9;4.3
81;2021-10-26;104;119;706;292194;286635;17229;75.3;73.9;4.4
81;2021-10-27;105;139;499;292299;286774;17728;75.4;73.9;4.6
81;2021-10-28;69;121;656;292368;286895;18384;75.4;74.0;4.7
81;2021-10-29;145;186;795;292513;287081;19179;75.4;74.0;4.9
81;2021-10-30;133;207;961;292646;287288;20140;75.4;74.1;5.2
81;2021-10-31;38;48;118;292684;287336;20258;75.5;74.1;5.2
81;2021-11-01;4;3;0;292688;287339;20258;75.5;74.1;5.2
81;2021-11-02;109;158;708;292797;287497;20966;75.5;74.1;5.4
81;2021-11-03;189;286;1050;292986;287783;22016;75.5;74.2;5.7
81;2021-11-04;119;135;922;293105;287918;22938;75.6;74.2;5.9
81;2021-11-05;161;238;1176;293266;288156;24114;75.6;74.3;6.2
81;2021-11-06;113;191;449;293379;288347;24563;75.6;74.3;6.3
81;2021-11-07;45;50;109;293424;288397;24672;75.6;74.3;6.4
81;2021-11-08;71;97;553;293495;288494;25225;75.7;74.4;6.5
81;2021-11-09;107;173;1639;293602;288667;26864;75.7;74.4;6.9
81;2021-11-10;208;243;1619;293810;288910;28483;75.7;74.5;7.3
81;2021-11-11;2;5;54;293812;288915;28537;75.7;74.5;7.4
81;2021-11-12;128;182;1195;293940;289097;29732;75.8;74.5;7.7
81;2021-11-13;118;161;601;294058;289258;30333;75.8;74.6;7.8
81;2021-11-14;21;51;138;294079;289309;30471;75.8;74.6;7.9
81;2021-11-15;121;103;1285;294200;289412;31756;75.8;74.6;8.2
81;2021-11-16;127;177;1959;294327;289589;33715;75.9;74.7;8.7
81;2021-11-17;89;153;995;294416;289742;34710;75.9;74.7;8.9
81;2021-11-18;104;151;1488;294520;289893;36198;75.9;74.7;9.3
81;2021-11-19;125;130;1535;294645;290023;37733;76.0;74.8;9.7
81;2021-11-20;61;85;337;294706;290108;38070;76.0;74.8;9.8
81;2021-11-21;122;111;633;294828;290219;38703;76.0;74.8;10.0
81;2021-11-22;52;40;810;294880;290259;39513;76.0;74.8;10.2
81;2021-11-23;169;129;2680;295049;290388;42193;76.1;74.9;10.9
81;2021-11-24;224;194;1934;295273;290582;44127;76.1;74.9;11.4
81;2021-11-25;141;111;2206;295414;290693;46333;76.2;74.9;11.9
81;2021-11-26;220;200;3183;295634;290893;49516;76.2;75.0;12.8
81;2021-11-27;169;171;1541;295803;291064;51057;76.3;75.0;13.2
81;2021-11-28;38;51;836;295841;291115;51893;76.3;75.0;13.4
81;2021-11-29;60;69;1239;295901;291184;53132;76.3;75.1;13.7
81;2021-11-30;140;130;4118;296041;291314;57250;76.3;75.1;14.8
81;2021-12-01;127;165;3093;296168;291479;60343;76.4;75.1;15.6
81;2021-12-02;103;70;3586;296271;291549;63929;76.4;75.2;16.5
81;2021-12-03;86;130;3697;296357;291679;67626;76.4;75.2;17.4
81;2021-12-04;76;76;1646;296433;291755;69272;76.4;75.2;17.9
81;2021-12-05;12;15;762;296445;291770;70034;76.4;75.2;18.1
81;2021-12-06;92;72;2851;296537;291842;72885;76.4;75.2;18.8
81;2021-12-07;112;133;4811;296649;291975;77696;76.5;75.3;20.0
81;2021-12-08;138;226;3764;296787;292201;81460;76.5;75.3;21.0
81;2021-12-09;114;120;4295;296901;292321;85755;76.5;75.4;22.1
82;2020-12-27;0;0;0;0;0;0;0.0;0.0;0.0
82;2020-12-28;1;0;0;1;0;0;0.0;0.0;0.0
82;2020-12-29;0;0;0;1;0;0;0.0;0.0;0.0
82;2020-12-30;0;0;0;1;0;0;0.0;0.0;0.0
82;2020-12-31;0;0;0;1;0;0;0.0;0.0;0.0
82;2021-01-01;0;0;0;1;0;0;0.0;0.0;0.0
82;2021-01-02;0;0;0;1;0;0;0.0;0.0;0.0
82;2021-01-03;0;0;0;1;0;0;0.0;0.0;0.0
82;2021-01-04;0;0;0;1;0;0;0.0;0.0;0.0
82;2021-01-05;78;0;0;79;0;0;0.0;0.0;0.0
82;2021-01-06;4;0;0;83;0;0;0.0;0.0;0.0
82;2021-01-07;68;0;0;151;0;0;0.1;0.0;0.0
82;2021-01-08;61;0;0;212;0;0;0.1;0.0;0.0
82;2021-01-09;75;0;0;287;0;0;0.1;0.0;0.0
82;2021-01-10;2;0;0;289;0;0;0.1;0.0;0.0
82;2021-01-11;102;0;0;391;0;0;0.1;0.0;0.0
82;2021-01-12;286;0;0;677;0;0;0.3;0.0;0.0
82;2021-01-13;325;1;0;1002;1;0;0.4;0.0;0.0
82;2021-01-14;416;5;0;1418;6;0;0.5;0.0;0.0
82;2021-01-15;602;3;0;2020;9;0;0.8;0.0;0.0
82;2021-01-16;214;3;0;2234;12;0;0.9;0.0;0.0
82;2021-01-17;89;0;0;2323;12;0;0.9;0.0;0.0
82;2021-01-18;415;0;0;2738;12;0;1.0;0.0;0.0
82;2021-01-19;478;1;0;3216;13;0;1.2;0.0;0.0
82;2021-01-20;643;5;0;3859;18;0;1.5;0.0;0.0
82;2021-01-21;449;2;0;4308;20;0;1.6;0.0;0.0
82;2021-01-22;465;2;0;4773;22;0;1.8;0.0;0.0
82;2021-01-23;159;0;0;4932;22;0;1.9;0.0;0.0
82;2021-01-24;2;0;0;4934;22;0;1.9;0.0;0.0
82;2021-01-25;365;0;0;5299;22;0;2.0;0.0;0.0
82;2021-01-26;446;0;0;5745;22;0;2.2;0.0;0.0
82;2021-01-27;508;5;0;6253;27;0;2.4;0.0;0.0
82;2021-01-28;544;34;0;6797;61;0;2.6;0.0;0.0
82;2021-01-29;387;102;0;7184;163;0;2.7;0.1;0.0
82;2021-01-30;57;24;0;7241;187;0;2.8;0.1;0.0
82;2021-01-31;4;2;0;7245;189;0;2.8;0.1;0.0
82;2021-02-01;289;76;0;7534;265;0;2.9;0.1;0.0
82;2021-02-02;359;117;0;7893;382;0;3.0;0.1;0.0
82;2021-02-03;430;81;0;8323;463;0;3.2;0.2;0.0
82;2021-02-04;729;206;0;9052;669;0;3.4;0.3;0.0
82;2021-02-05;456;150;0;9508;819;0;3.6;0.3;0.0
82;2021-02-06;89;37;0;9597;856;0;3.7;0.3;0.0
82;2021-02-07;30;71;0;9627;927;0;3.7;0.4;0.0
82;2021-02-08;151;224;0;9778;1151;0;3.7;0.4;0.0
82;2021-02-09;220;381;0;9998;1532;0;3.8;0.6;0.0
82;2021-02-10;259;576;0;10257;2108;0;3.9;0.8;0.0
82;2021-02-11;221;379;0;10478;2487;0;4.0;0.9;0.0
82;2021-02-12;191;573;0;10669;3060;0;4.1;1.2;0.0
82;2021-02-13;59;119;0;10728;3179;0;4.1;1.2;0.0
82;2021-02-14;6;86;0;10734;3265;0;4.1;1.2;0.0
82;2021-02-15;219;305;0;10953;3570;0;4.2;1.4;0.0
82;2021-02-16;266;381;0;11219;3951;0;4.3;1.5;0.0
82;2021-02-17;329;514;0;11548;4465;0;4.4;1.7;0.0
82;2021-02-18;458;486;0;12006;4951;0;4.6;1.9;0.0
82;2021-02-19;439;511;0;12445;5462;0;4.7;2.1;0.0
82;2021-02-20;68;141;0;12513;5603;0;4.8;2.1;0.0
82;2021-02-21;3;0;0;12516;5603;0;4.8;2.1;0.0
82;2021-02-22;190;388;0;12706;5991;0;4.8;2.3;0.0
82;2021-02-23;268;452;0;12974;6443;0;4.9;2.5;0.0
82;2021-02-24;266;440;0;13240;6883;0;5.0;2.6;0.0
82;2021-02-25;581;497;0;13821;7380;0;5.3;2.8;0.0
82;2021-02-26;599;380;0;14420;7760;0;5.5;3.0;0.0
82;2021-02-27;206;74;0;14626;7834;0;5.6;3.0;0.0
82;2021-02-28;33;8;0;14659;7842;0;5.6;3.0;0.0
82;2021-03-01;257;212;0;14916;8054;0;5.7;3.1;0.0
82;2021-03-02;477;400;0;15393;8454;0;5.9;3.2;0.0
82;2021-03-03;405;361;0;15798;8815;0;6.0;3.4;0.0
82;2021-03-04;565;302;0;16363;9117;0;6.2;3.5;0.0
82;2021-03-05;667;369;0;17030;9486;0;6.5;3.6;0.0
82;2021-03-06;675;54;0;17705;9540;0;6.7;3.6;0.0
82;2021-03-07;318;6;0;18023;9546;0;6.9;3.6;0.0
82;2021-03-08;567;150;0;18590;9696;0;7.1;3.7;0.0
82;2021-03-09;563;245;0;19153;9941;0;7.3;3.8;0.0
82;2021-03-10;737;232;0;19890;10173;0;7.6;3.9;0.0
82;2021-03-11;923;274;0;20813;10447;0;7.9;4.0;0.0
82;2021-03-12;951;115;0;21764;10562;0;8.3;4.0;0.0
82;2021-03-13;548;53;0;22312;10615;0;8.5;4.0;0.0
82;2021-03-14;63;5;0;22375;10620;0;8.5;4.0;0.0
82;2021-03-15;487;309;0;22862;10929;0;8.7;4.2;0.0
82;2021-03-16;214;307;0;23076;11236;0;8.8;4.3;0.0
82;2021-03-17;200;260;0;23276;11496;0;8.9;4.4;0.0
82;2021-03-18;280;326;0;23556;11822;0;9.0;4.5;0.0
82;2021-03-19;508;279;0;24064;12101;0;9.2;4.6;0.0
82;2021-03-20;248;59;0;24312;12160;0;9.3;4.6;0.0
82;2021-03-21;27;0;0;24339;12160;0;9.3;4.6;0.0
82;2021-03-22;410;281;0;24749;12441;0;9.4;4.7;0.0
82;2021-03-23;574;276;0;25323;12717;0;9.6;4.8;0.0
82;2021-03-24;621;298;0;25944;13015;0;9.9;5.0;0.0
82;2021-03-25;914;241;0;26858;13256;0;10.2;5.0;0.0
82;2021-03-26;1113;257;0;27971;13513;0;10.7;5.1;0.0
82;2021-03-27;421;83;0;28392;13596;0;10.8;5.2;0.0
82;2021-03-28;141;3;0;28533;13599;0;10.9;5.2;0.0
82;2021-03-29;783;344;0;29316;13943;0;11.2;5.3;0.0
82;2021-03-30;1079;266;0;30395;14209;0;11.6;5.4;0.0
82;2021-03-31;911;228;0;31306;14437;0;11.9;5.5;0.0
82;2021-04-01;1013;177;0;32319;14614;0;12.3;5.6;0.0
82;2021-04-02;1127;259;0;33446;14873;0;12.7;5.7;0.0
82;2021-04-03;596;125;0;34042;14998;0;13.0;5.7;0.0
82;2021-04-04;248;15;0;34290;15013;0;13.1;5.7;0.0
82;2021-04-05;328;16;0;34618;15029;0;13.2;5.7;0.0
82;2021-04-06;870;473;0;35488;15502;0;13.5;5.9;0.0
82;2021-04-07;942;442;0;36430;15944;0;13.9;6.1;0.0
82;2021-04-08;1382;401;0;37812;16345;0;14.4;6.2;0.0
82;2021-04-09;1526;455;0;39338;16800;0;15.0;6.4;0.0
82;2021-04-10;1501;92;0;40839;16892;0;15.6;6.4;0.0
82;2021-04-11;486;23;0;41325;16915;0;15.7;6.4;0.0
82;2021-04-12;1211;293;0;42536;17208;0;16.2;6.6;0.0
82;2021-04-13;1546;290;0;44082;17498;0;16.8;6.7;0.0
82;2021-04-14;1374;286;0;45456;17784;0;17.3;6.8;0.0
82;2021-04-15;1705;329;0;47161;18113;0;18.0;6.9;0.0
82;2021-04-16;1462;339;0;48623;18452;0;18.5;7.0;0.0
82;2021-04-17;1132;75;0;49755;18527;0;18.9;7.1;0.0
82;2021-04-18;507;17;0;50262;18544;0;19.1;7.1;0.0
82;2021-04-19;895;328;0;51157;18872;0;19.5;7.2;0.0
82;2021-04-20;1202;371;0;52359;19243;0;19.9;7.3;0.0
82;2021-04-21;1113;352;0;53472;19595;0;20.4;7.5;0.0
82;2021-04-22;1397;297;0;54869;19892;0;20.9;7.6;0.0
82;2021-04-23;1034;562;0;55903;20454;0;21.3;7.8;0.0
82;2021-04-24;1042;209;0;56945;20663;0;21.7;7.9;0.0
82;2021-04-25;635;46;0;57580;20709;0;21.9;7.9;0.0
82;2021-04-26;698;624;0;58278;21333;0;22.2;8.1;0.0
82;2021-04-27;901;837;0;59179;22170;0;22.5;8.4;0.0
82;2021-04-28;852;788;0;60031;22958;0;22.9;8.7;0.0
82;2021-04-29;1042;830;0;61073;23788;0;23.3;9.1;0.0
82;2021-04-30;1000;805;0;62073;24593;0;23.6;9.4;0.0
82;2021-05-01;1000;234;0;63073;24827;0;24.0;9.5;0.0
82;2021-05-02;609;135;0;63682;24962;0;24.2;9.5;0.0
82;2021-05-03;421;1038;0;64103;26000;0;24.4;9.9;0.0
82;2021-05-04;813;1051;0;64916;27051;0;24.7;10.3;0.0
82;2021-05-05;591;1088;0;65507;28139;0;24.9;10.7;0.0
82;2021-05-06;848;1341;0;66355;29480;0;25.3;11.2;0.0
82;2021-05-07;786;1323;0;67141;30803;0;25.6;11.7;0.0
82;2021-05-08;829;482;0;67970;31285;0;25.9;11.9;0.0
82;2021-05-09;628;504;0;68598;31789;0;26.1;12.1;0.0
82;2021-05-10;665;1236;0;69263;33025;0;26.4;12.6;0.0
82;2021-05-11;1069;1277;0;70332;34302;0;26.8;13.1;0.0
82;2021-05-12;837;1254;0;71169;35556;0;27.1;13.5;0.0
82;2021-05-13;1215;406;0;72384;35962;0;27.6;13.7;0.0
82;2021-05-14;1306;1144;0;73690;37106;0;28.1;14.1;0.0
82;2021-05-15;1383;624;0;75073;37730;0;28.6;14.4;0.0
82;2021-05-16;497;113;0;75570;37843;0;28.8;14.4;0.0
82;2021-05-17;852;1071;0;76422;38914;0;29.1;14.8;0.0
82;2021-05-18;1309;1087;0;77731;40001;0;29.6;15.2;0.0
82;2021-05-19;1040;880;0;78771;40881;0;30.0;15.6;0.0
82;2021-05-20;1338;1097;0;80109;41978;0;30.5;16.0;0.0
82;2021-05-21;1127;1119;0;81236;43097;0;30.9;16.4;0.0
82;2021-05-22;1436;534;0;82672;43631;0;31.5;16.6;0.0
82;2021-05-23;579;99;0;83251;43730;0;31.7;16.7;0.0
82;2021-05-24;1081;224;0;84332;43954;0;32.1;16.7;0.0
82;2021-05-25;1307;896;0;85639;44850;0;32.6;17.1;0.0
82;2021-05-26;1142;842;0;86781;45692;0;33.0;17.4;0.0
82;2021-05-27;1254;978;0;88035;46670;0;33.5;17.8;0.0
82;2021-05-28;1253;1082;0;89288;47752;0;34.0;18.2;0.0
82;2021-05-29;1122;511;0;90410;48263;0;34.4;18.4;0.0
82;2021-05-30;283;101;0;90693;48364;0;34.5;18.4;0.0
82;2021-05-31;1205;924;0;91898;49288;0;35.0;18.8;0.0
82;2021-06-01;1499;997;0;93397;50285;0;35.6;19.1;0.0
82;2021-06-02;1208;928;0;94605;51213;0;36.0;19.5;0.0
82;2021-06-03;1348;1160;0;95953;52373;0;36.5;19.9;0.0
82;2021-06-04;1882;1203;0;97835;53576;0;37.3;20.4;0.0
82;2021-06-05;1541;864;0;99376;54440;0;37.8;20.7;0.0
82;2021-06-06;295;126;0;99671;54566;0;38.0;20.8;0.0
82;2021-06-07;801;1169;0;100472;55735;0;38.3;21.2;0.0
82;2021-06-08;1347;1067;0;101819;56802;0;38.8;21.6;0.0
82;2021-06-09;1350;1050;0;103169;57852;0;39.3;22.0;0.0
82;2021-06-10;1351;1163;0;104520;59015;0;39.8;22.5;0.0
82;2021-06-11;1635;1031;0;106155;60046;0;40.4;22.9;0.0
82;2021-06-12;1696;1107;0;107851;61153;0;41.1;23.3;0.0
82;2021-06-13;360;119;0;108211;61272;0;41.2;23.3;0.0
82;2021-06-14;1116;1006;0;109327;62278;0;41.6;23.7;0.0
82;2021-06-15;1351;1146;0;110678;63424;0;42.1;24.2;0.0
82;2021-06-16;1472;1102;0;112150;64526;0;42.7;24.6;0.0
82;2021-06-17;1153;1383;0;113303;65909;0;43.1;25.1;0.0
82;2021-06-18;1332;1377;0;114635;67286;0;43.7;25.6;0.0
82;2021-06-19;1734;835;0;116369;68121;0;44.3;25.9;0.0
82;2021-06-20;268;162;0;116637;68283;0;44.4;26.0;0.0
82;2021-06-21;516;1127;0;117153;69410;0;44.6;26.4;0.0
82;2021-06-22;868;1555;0;118021;70965;0;44.9;27.0;0.0
82;2021-06-23;1140;1328;0;119161;72293;0;45.4;27.5;0.0
82;2021-06-24;722;1676;0;119883;73969;0;45.6;28.2;0.0
82;2021-06-25;761;1616;0;120644;75585;0;45.9;28.8;0.0
82;2021-06-26;1084;1653;0;121728;77238;0;46.4;29.4;0.0
82;2021-06-27;177;376;0;121905;77614;0;46.4;29.6;0.0
82;2021-06-28;358;1228;0;122263;78842;0;46.6;30.0;0.0
82;2021-06-29;522;1660;0;122785;80502;0;46.8;30.7;0.0
82;2021-06-30;883;1570;0;123668;82072;0;47.1;31.3;0.0
82;2021-07-01;657;1490;0;124325;83562;0;47.3;31.8;0.0
82;2021-07-02;950;1963;0;125275;85525;0;47.7;32.6;0.0
82;2021-07-03;810;1758;0;126085;87283;0;48.0;33.2;0.0
82;2021-07-04;147;396;0;126232;87679;0;48.1;33.4;0.0
82;2021-07-05;443;1385;0;126675;89064;0;48.2;33.9;0.0
82;2021-07-06;587;1686;0;127262;90750;0;48.5;34.6;0.0
82;2021-07-07;786;1492;0;128048;92242;0;48.8;35.1;0.0
82;2021-07-08;572;1402;0;128620;93644;0;49.0;35.7;0.0
82;2021-07-09;818;1832;0;129438;95476;0;49.3;36.4;0.0
82;2021-07-10;706;1781;0;130144;97257;0;49.6;37.0;0.0
82;2021-07-11;108;336;0;130252;97593;0;49.6;37.2;0.0
82;2021-07-12;594;1641;0;130846;99234;0;49.8;37.8;0.0
82;2021-07-13;849;1883;0;131695;101117;0;50.1;38.5;0.0
82;2021-07-14;699;578;0;132394;101695;0;50.4;38.7;0.0
82;2021-07-15;1052;1708;0;133446;103403;0;50.8;39.4;0.0
82;2021-07-16;1520;2394;0;134966;105797;0;51.4;40.3;0.0
82;2021-07-17;816;1848;0;135782;107645;0;51.7;41.0;0.0
82;2021-07-18;274;169;0;136056;107814;0;51.8;41.1;0.0
82;2021-07-19;932;1795;0;136988;109609;0;52.2;41.7;0.0
82;2021-07-20;1194;1864;0;138182;111473;0;52.6;42.4;0.0
82;2021-07-21;1540;1649;0;139722;113122;0;53.2;43.1;0.0
82;2021-07-22;1430;1764;0;141152;114886;0;53.7;43.7;0.0
82;2021-07-23;1370;2679;0;142522;117565;0;54.3;44.8;0.0
82;2021-07-24;1491;1404;0;144013;118969;0;54.8;45.3;0.0
82;2021-07-25;525;184;0;144538;119153;0;55.0;45.4;0.0
82;2021-07-26;1153;1825;0;145691;120978;0;55.5;46.1;0.0
82;2021-07-27;1614;1642;0;147305;122620;0;56.1;46.7;0.0
82;2021-07-28;1791;1425;0;149096;124045;0;56.8;47.2;0.0
82;2021-07-29;1627;1502;0;150723;125547;0;57.4;47.8;0.0
82;2021-07-30;1873;2212;0;152596;127759;0;58.1;48.6;0.0
82;2021-07-31;868;465;0;153464;128224;0;58.4;48.8;0.0
82;2021-08-01;426;139;0;153890;128363;0;58.6;48.9;0.0
82;2021-08-02;1452;874;0;155342;129237;0;59.2;49.2;0.0
82;2021-08-03;1687;883;0;157029;130120;0;59.8;49.5;0.0
82;2021-08-04;1652;1000;0;158681;131120;0;60.4;49.9;0.0
82;2021-08-05;1694;761;0;160375;131881;0;61.1;50.2;0.0
82;2021-08-06;1252;812;0;161627;132693;0;61.5;50.5;0.0
82;2021-08-07;1132;1271;0;162759;133964;0;62.0;51.0;0.0
82;2021-08-08;306;237;0;163065;134201;0;62.1;51.1;0.0
82;2021-08-09;1209;1100;0;164274;135301;0;62.6;51.5;0.0
82;2021-08-10;1514;1088;0;165788;136389;0;63.1;51.9;0.0
82;2021-08-11;1363;1221;0;167151;137610;0;63.6;52.4;0.0
82;2021-08-12;1540;1091;0;168691;138701;0;64.2;52.8;0.0
82;2021-08-13;1406;1189;0;170097;139890;0;64.8;53.3;0.0
82;2021-08-14;498;779;0;170595;140669;0;65.0;53.6;0.0
82;2021-08-15;81;158;0;170676;140827;0;65.0;53.6;0.0
82;2021-08-16;835;1641;0;171511;142468;0;65.3;54.2;0.0
82;2021-08-17;1031;1431;0;172542;143899;0;65.7;54.8;0.0
82;2021-08-18;687;1107;0;173229;145006;0;66.0;55.2;0.0
82;2021-08-19;986;1282;0;174215;146288;0;66.3;55.7;0.0
82;2021-08-20;992;2019;0;175207;148307;0;66.7;56.5;0.0
82;2021-08-21;511;1131;0;175718;149438;0;66.9;56.9;0.0
82;2021-08-22;52;260;0;175770;149698;0;66.9;57.0;0.0
82;2021-08-23;737;1456;0;176507;151154;0;67.2;57.6;0.0
82;2021-08-24;857;1304;0;177364;152458;0;67.5;58.1;0.0
82;2021-08-25;768;1659;0;178132;154117;0;67.8;58.7;0.0
82;2021-08-26;603;1266;0;178735;155383;0;68.1;59.2;0.0
82;2021-08-27;823;1813;0;179558;157196;0;68.4;59.9;0.0
82;2021-08-28;240;955;0;179798;158151;0;68.5;60.2;0.0
82;2021-08-29;72;254;0;179870;158405;0;68.5;60.3;0.0
82;2021-08-30;396;1234;8;180266;159639;8;68.6;60.8;0.0
82;2021-08-31;381;1228;23;180647;160867;31;68.8;61.3;0.0
82;2021-09-01;675;1433;53;181322;162300;84;69.0;61.8;0.0
82;2021-09-02;406;1284;62;181728;163584;146;69.2;62.3;0.1
82;2021-09-03;520;1855;146;182248;165439;292;69.4;63.0;0.1
82;2021-09-04;408;958;45;182656;166397;337;69.6;63.4;0.1
82;2021-09-05;33;82;1;182689;166479;338;69.6;63.4;0.1
82;2021-09-06;362;1119;148;183051;167598;486;69.7;63.8;0.2
82;2021-09-07;227;889;93;183278;168487;579;69.8;64.2;0.2
82;2021-09-08;443;1173;89;183721;169660;668;70.0;64.6;0.3
82;2021-09-09;266;921;112;183987;170581;780;70.1;65.0;0.3
82;2021-09-10;484;1231;207;184471;171812;987;70.2;65.4;0.4
82;2021-09-11;243;590;53;184714;172402;1040;70.3;65.6;0.4
82;2021-09-12;28;70;0;184742;172472;1040;70.3;65.7;0.4
82;2021-09-13;287;806;249;185029;173278;1289;70.5;66.0;0.5
82;2021-09-14;224;797;177;185253;174075;1466;70.5;66.3;0.6
82;2021-09-15;302;1113;398;185555;175188;1864;70.7;66.7;0.7
82;2021-09-16;226;487;258;185781;175675;2122;70.7;66.9;0.8
82;2021-09-17;214;531;172;185995;176206;2294;70.8;67.1;0.9
82;2021-09-18;298;1033;107;186293;177239;2401;70.9;67.5;0.9
82;2021-09-19;5;38;8;186298;177277;2409;70.9;67.5;0.9
82;2021-09-20;145;392;377;186443;177669;2786;71.0;67.7;1.1
82;2021-09-21;101;383;264;186544;178052;3050;71.0;67.8;1.2
82;2021-09-22;139;465;300;186683;178517;3350;71.1;68.0;1.3
82;2021-09-23;115;379;344;186798;178896;3694;71.1;68.1;1.4
82;2021-09-24;204;565;324;187002;179461;4018;71.2;68.3;1.5
82;2021-09-25;168;635;108;187170;180096;4126;71.3;68.6;1.6
82;2021-09-26;9;36;8;187179;180132;4134;71.3;68.6;1.6
82;2021-09-27;106;444;169;187285;180576;4303;71.3;68.8;1.6
82;2021-09-28;99;235;227;187384;180811;4530;71.4;68.8;1.7
82;2021-09-29;233;478;196;187617;181289;4726;71.4;69.0;1.8
82;2021-09-30;116;222;263;187733;181511;4989;71.5;69.1;1.9
82;2021-10-01;214;379;265;187947;181890;5254;71.6;69.3;2.0
82;2021-10-02;137;300;87;188084;182190;5341;71.6;69.4;2.0
82;2021-10-03;4;5;0;188088;182195;5341;71.6;69.4;2.0
82;2021-10-04;124;379;205;188212;182574;5546;71.7;69.5;2.1
82;2021-10-05;134;280;229;188346;182854;5775;71.7;69.6;2.2
82;2021-10-06;167;337;383;188513;183191;6158;71.8;69.8;2.3
82;2021-10-07;81;143;391;188594;183334;6549;71.8;69.8;2.5
82;2021-10-08;165;307;300;188759;183641;6849;71.9;69.9;2.6
82;2021-10-09;123;269;147;188882;183910;6996;71.9;70.0;2.7
82;2021-10-10;7;17;5;188889;183927;7001;71.9;70.0;2.7
82;2021-10-11;78;203;243;188967;184130;7244;72.0;70.1;2.8
82;2021-10-12;84;158;310;189051;184288;7554;72.0;70.2;2.9
82;2021-10-13;179;286;360;189230;184574;7914;72.1;70.3;3.0
82;2021-10-14;51;88;111;189281;184662;8025;72.1;70.3;3.1
82;2021-10-15;186;241;371;189467;184903;8396;72.1;70.4;3.2
82;2021-10-16;103;134;94;189570;185037;8490;72.2;70.5;3.2
82;2021-10-17;0;5;0;189570;185042;8490;72.2;70.5;3.2
82;2021-10-18;126;129;218;189696;185171;8708;72.2;70.5;3.3
82;2021-10-19;113;151;304;189809;185322;9012;72.3;70.6;3.4
82;2021-10-20;184;274;397;189993;185596;9409;72.3;70.7;3.6
82;2021-10-21;65;79;164;190058;185675;9573;72.4;70.7;3.6
82;2021-10-22;120;253;381;190178;185928;9954;72.4;70.8;3.8
82;2021-10-23;122;172;155;190300;186100;10109;72.5;70.9;3.8
82;2021-10-24;1;6;6;190301;186106;10115;72.5;70.9;3.9
82;2021-10-25;85;120;389;190386;186226;10504;72.5;70.9;4.0
82;2021-10-26;112;157;396;190498;186383;10900;72.5;71.0;4.2
82;2021-10-27;84;168;387;190582;186551;11287;72.6;71.0;4.3
82;2021-10-28;49;62;198;190631;186613;11485;72.6;71.1;4.4
82;2021-10-29;108;213;384;190739;186826;11869;72.6;71.1;4.5
82;2021-10-30;106;136;226;190845;186962;12095;72.7;71.2;4.6
82;2021-10-31;2;0;1;190847;186962;12096;72.7;71.2;4.6
82;2021-11-01;7;3;3;190854;186965;12099;72.7;71.2;4.6
82;2021-11-02;80;112;361;190934;187077;12460;72.7;71.2;4.7
82;2021-11-03;115;110;498;191049;187187;12958;72.7;71.3;4.9
82;2021-11-04;95;94;408;191144;187281;13366;72.8;71.3;5.1
82;2021-11-05;100;137;523;191244;187418;13889;72.8;71.4;5.3
82;2021-11-06;59;77;188;191303;187495;14077;72.8;71.4;5.4
82;2021-11-07;0;5;14;191303;187500;14091;72.8;71.4;5.4
82;2021-11-08;47;95;251;191350;187595;14342;72.9;71.4;5.5
82;2021-11-09;73;93;619;191423;187688;14961;72.9;71.5;5.7
82;2021-11-10;100;274;600;191523;187962;15561;72.9;71.6;5.9
82;2021-11-11;4;6;29;191527;187968;15590;72.9;71.6;5.9
82;2021-11-12;78;91;581;191605;188059;16171;73.0;71.6;6.2
82;2021-11-13;61;152;248;191666;188211;16419;73.0;71.7;6.3
82;2021-11-14;2;2;6;191668;188213;16425;73.0;71.7;6.3
82;2021-11-15;55;58;379;191723;188271;16804;73.0;71.7;6.4
82;2021-11-16;82;81;1083;191805;188352;17887;73.0;71.7;6.8
82;2021-11-17;91;121;950;191896;188473;18837;73.1;71.8;7.2
82;2021-11-18;85;65;815;191981;188538;19652;73.1;71.8;7.5
82;2021-11-19;140;106;955;192121;188644;20607;73.2;71.8;7.8
82;2021-11-20;69;67;272;192190;188711;20879;73.2;71.9;8.0
82;2021-11-21;3;6;23;192193;188717;20902;73.2;71.9;8.0
82;2021-11-22;50;47;605;192243;188764;21507;73.2;71.9;8.2
82;2021-11-23;71;82;1194;192314;188846;22701;73.2;71.9;8.6
82;2021-11-24;124;235;1072;192438;189081;23773;73.3;72.0;9.1
82;2021-11-25;79;78;1363;192517;189159;25136;73.3;72.0;9.6
82;2021-11-26;110;146;1324;192627;189305;26460;73.3;72.1;10.1
82;2021-11-27;98;143;667;192725;189448;27127;73.4;72.1;10.3
82;2021-11-28;4;12;37;192729;189460;27164;73.4;72.1;10.3
82;2021-11-29;59;66;1392;192788;189526;28556;73.4;72.2;10.9
82;2021-11-30;95;86;2170;192883;189612;30726;73.4;72.2;11.7
82;2021-12-01;89;88;2069;192972;189700;32795;73.5;72.2;12.5
82;2021-12-02;98;80;2434;193070;189780;35229;73.5;72.3;13.4
82;2021-12-03;127;97;2416;193197;189877;37645;73.6;72.3;14.3
82;2021-12-04;53;92;1371;193250;189969;39016;73.6;72.3;14.9
82;2021-12-05;14;12;131;193264;189981;39147;73.6;72.3;14.9
82;2021-12-06;84;73;2474;193348;190054;41621;73.6;72.4;15.8
82;2021-12-07;110;104;3569;193458;190158;45190;73.7;72.4;17.2
82;2021-12-08;143;118;2484;193601;190276;47674;73.7;72.5;18.2
82;2021-12-09;96;106;3189;193697;190382;50863;73.8;72.5;19.4
83;2020-12-27;3;0;0;3;0;0;0.0;0.0;0.0
83;2020-12-28;6;0;0;9;0;0;0.0;0.0;0.0
83;2020-12-29;3;0;0;12;0;0;0.0;0.0;0.0
83;2020-12-30;4;0;0;16;0;0;0.0;0.0;0.0
83;2020-12-31;1;0;0;17;0;0;0.0;0.0;0.0
83;2021-01-01;2;0;0;19;0;0;0.0;0.0;0.0
83;2021-01-02;1;0;0;20;0;0;0.0;0.0;0.0
83;2021-01-03;0;0;0;20;0;0;0.0;0.0;0.0
83;2021-01-04;1;0;0;21;0;0;0.0;0.0;0.0
83;2021-01-05;6;1;0;27;1;0;0.0;0.0;0.0
83;2021-01-06;84;0;0;111;1;0;0.0;0.0;0.0
83;2021-01-07;317;0;0;428;1;0;0.0;0.0;0.0
83;2021-01-08;426;0;0;854;1;0;0.1;0.0;0.0
83;2021-01-09;57;0;0;911;1;0;0.1;0.0;0.0
83;2021-01-10;5;0;0;916;1;0;0.1;0.0;0.0
83;2021-01-11;503;0;0;1419;1;0;0.1;0.0;0.0
83;2021-01-12;1045;4;0;2464;5;0;0.2;0.0;0.0
83;2021-01-13;965;7;0;3429;12;0;0.3;0.0;0.0
83;2021-01-14;896;6;0;4325;18;0;0.4;0.0;0.0
83;2021-01-15;764;2;0;5089;20;0;0.5;0.0;0.0
83;2021-01-16;65;0;0;5154;20;0;0.5;0.0;0.0
83;2021-01-17;6;0;0;5160;20;0;0.5;0.0;0.0
83;2021-01-18;1287;2;0;6447;22;0;0.6;0.0;0.0
83;2021-01-19;2197;8;0;8644;30;0;0.8;0.0;0.0
83;2021-01-20;1765;10;0;10409;40;0;1.0;0.0;0.0
83;2021-01-21;2264;9;0;12673;49;0;1.2;0.0;0.0
83;2021-01-22;1836;8;0;14509;57;0;1.4;0.0;0.0
83;2021-01-23;278;2;0;14787;59;0;1.4;0.0;0.0
83;2021-01-24;34;1;0;14821;60;0;1.4;0.0;0.0
83;2021-01-25;1570;8;0;16391;68;0;1.5;0.0;0.0
83;2021-01-26;1847;14;0;18238;82;0;1.7;0.0;0.0
83;2021-01-27;2199;96;0;20437;178;0;1.9;0.0;0.0
83;2021-01-28;4972;363;0;25409;541;0;2.4;0.1;0.0
83;2021-01-29;3009;357;0;28418;898;0;2.6;0.1;0.0
83;2021-01-30;260;50;0;28678;948;0;2.7;0.1;0.0
83;2021-01-31;40;0;0;28718;948;0;2.7;0.1;0.0
83;2021-02-01;1293;428;0;30011;1376;0;2.8;0.1;0.0
83;2021-02-02;1463;710;0;31474;2086;0;2.9;0.2;0.0
83;2021-02-03;1568;632;0;33042;2718;0;3.1;0.3;0.0
83;2021-02-04;1532;778;0;34574;3496;0;3.2;0.3;0.0
83;2021-02-05;1309;710;0;35883;4206;0;3.3;0.4;0.0
83;2021-02-06;68;28;0;35951;4234;0;3.3;0.4;0.0
83;2021-02-07;8;4;0;35959;4238;0;3.3;0.4;0.0
83;2021-02-08;1103;638;0;37062;4876;0;3.5;0.5;0.0
83;2021-02-09;1353;982;0;38415;5858;0;3.6;0.5;0.0
83;2021-02-10;1533;852;0;39948;6710;0;3.7;0.6;0.0
83;2021-02-11;1668;1129;0;41616;7839;0;3.9;0.7;0.0
83;2021-02-12;1373;902;0;42989;8741;0;4.0;0.8;0.0
83;2021-02-13;80;49;0;43069;8790;0;4.0;0.8;0.0
83;2021-02-14;6;6;0;43075;8796;0;4.0;0.8;0.0
83;2021-02-15;727;1102;0;43802;9898;0;4.1;0.9;0.0
83;2021-02-16;606;1508;0;44408;11406;0;4.1;1.1;0.0
83;2021-02-17;834;1865;0;45242;13271;0;4.2;1.2;0.0
83;2021-02-18;1542;3803;0;46784;17074;0;4.4;1.6;0.0
83;2021-02-19;1453;2394;0;48237;19468;0;4.5;1.8;0.0
83;2021-02-20;82;200;0;48319;19668;0;4.5;1.8;0.0
83;2021-02-21;21;37;0;48340;19705;0;4.5;1.8;0.0
83;2021-02-22;593;1758;0;48933;21463;0;4.6;2.0;0.0
83;2021-02-23;723;1531;0;49656;22994;0;4.6;2.1;0.0
83;2021-02-24;786;1509;0;50442;24503;0;4.7;2.3;0.0
83;2021-02-25;1292;1478;0;51734;25981;0;4.8;2.4;0.0
83;2021-02-26;1365;1266;0;53099;27247;0;4.9;2.5;0.0
83;2021-02-27;571;91;0;53670;27338;0;5.0;2.5;0.0
83;2021-02-28;17;15;0;53687;27353;0;5.0;2.5;0.0
83;2021-03-01;845;1209;0;54532;28562;0;5.1;2.7;0.0
83;2021-03-02;1044;1337;0;55576;29899;0;5.2;2.8;0.0
83;2021-03-03;1492;1580;0;57068;31479;0;5.3;2.9;0.0
83;2021-03-04;1933;1458;0;59001;32937;0;5.5;3.1;0.0
83;2021-03-05;2299;1288;0;61300;34225;0;5.7;3.2;0.0
83;2021-03-06;3082;162;0;64382;34387;0;6.0;3.2;0.0
83;2021-03-07;2325;70;0;66707;34457;0;6.2;3.2;0.0
83;2021-03-08;970;1317;0;67677;35774;0;6.3;3.3;0.0
83;2021-03-09;2015;1271;0;69692;37045;0;6.5;3.4;0.0
83;2021-03-10;2483;1385;0;72175;38430;0;6.7;3.6;0.0
83;2021-03-11;3758;2135;0;75933;40565;0;7.1;3.8;0.0
83;2021-03-12;3785;1496;0;79718;42061;0;7.4;3.9;0.0
83;2021-03-13;4605;187;0;84323;42248;0;7.9;3.9;0.0
83;2021-03-14;2258;61;0;86581;42309;0;8.1;3.9;0.0
83;2021-03-15;3333;716;0;89914;43025;0;8.4;4.0;0.0
83;2021-03-16;2599;756;0;92513;43781;0;8.6;4.1;0.0
83;2021-03-17;2895;823;0;95408;44604;0;8.9;4.2;0.0
83;2021-03-18;3532;859;0;98940;45463;0;9.2;4.2;0.0
83;2021-03-19;4169;668;0;103109;46131;0;9.6;4.3;0.0
83;2021-03-20;3403;102;0;106512;46233;0;9.9;4.3;0.0
83;2021-03-21;1911;35;0;108423;46268;0;10.1;4.3;0.0
83;2021-03-22;3935;946;0;112358;47214;0;10.5;4.4;0.0
83;2021-03-23;4689;647;0;117047;47861;0;10.9;4.5;0.0
83;2021-03-24;5018;787;0;122065;48648;0;11.4;4.5;0.0
83;2021-03-25;6520;945;0;128585;49593;0;12.0;4.6;0.0
83;2021-03-26;7127;844;0;135712;50437;0;12.6;4.7;0.0
83;2021-03-27;3925;396;0;139637;50833;0;13.0;4.7;0.0
83;2021-03-28;2094;40;0;141731;50873;0;13.2;4.7;0.0
83;2021-03-29;4547;808;0;146278;51681;0;13.6;4.8;0.0
83;2021-03-30;6079;1013;0;152357;52694;0;14.2;4.9;0.0
83;2021-03-31;5679;1082;0;158036;53776;0;14.7;5.0;0.0
83;2021-04-01;6182;1335;0;164218;55111;0;15.3;5.1;0.0
83;2021-04-02;5863;1149;0;170081;56260;0;15.8;5.2;0.0
83;2021-04-03;1916;710;0;171997;56970;0;16.0;5.3;0.0
83;2021-04-04;830;357;0;172827;57327;0;16.1;5.3;0.0
83;2021-04-05;297;78;0;173124;57405;0;16.1;5.3;0.0
83;2021-04-06;4776;1509;0;177900;58914;0;16.6;5.5;0.0
83;2021-04-07;5803;1723;0;183703;60637;0;17.1;5.6;0.0
83;2021-04-08;7766;2127;0;191469;62764;0;17.8;5.8;0.0
83;2021-04-09;7577;2245;0;199046;65009;0;18.5;6.1;0.0
83;2021-04-10;3012;2586;0;202058;67595;0;18.8;6.3;0.0
83;2021-04-11;1632;2009;0;203690;69604;0;19.0;6.5;0.0
83;2021-04-12;4908;2852;0;208598;72456;0;19.4;6.7;0.0
83;2021-04-13;5586;2968;0;214184;75424;0;19.9;7.0;0.0
83;2021-04-14;5975;2988;0;220159;78412;0;20.5;7.3;0.0
83;2021-04-15;6807;3051;0;226966;81463;0;21.1;7.6;0.0
83;2021-04-16;6159;3521;0;233125;84984;0;21.7;7.9;0.0
83;2021-04-17;3377;2107;0;236502;87091;0;22.0;8.1;0.0
83;2021-04-18;2057;1271;0;238559;88362;0;22.2;8.2;0.0
83;2021-04-19;4115;3818;0;242674;92180;0;22.6;8.6;0.0
83;2021-04-20;4423;3926;0;247097;96106;0;23.0;8.9;0.0
83;2021-04-21;4416;4131;0;251513;100237;0;23.4;9.3;0.0
83;2021-04-22;5059;4344;0;256572;104581;0;23.9;9.7;0.0
83;2021-04-23;4519;4504;0;261091;109085;0;24.3;10.2;0.0
83;2021-04-24;2635;2670;0;263726;111755;0;24.6;10.4;0.0
83;2021-04-25;1834;1501;0;265560;113256;0;24.7;10.5;0.0
83;2021-04-26;3542;3862;0;269102;117118;0;25.1;10.9;0.0
83;2021-04-27;4154;4621;0;273256;121739;0;25.4;11.3;0.0
83;2021-04-28;4400;4470;0;277656;126209;0;25.9;11.8;0.0
83;2021-04-29;5879;5196;0;283535;131405;0;26.4;12.2;0.0
83;2021-04-30;5801;4467;0;289336;135872;0;26.9;12.7;0.0
83;2021-05-01;1800;525;0;291136;136397;0;27.1;12.7;0.0
83;2021-05-02;1207;744;0;292343;137141;0;27.2;12.8;0.0
83;2021-05-03;3946;4227;0;296289;141368;0;27.6;13.2;0.0
83;2021-05-04;3623;5166;0;299912;146534;0;27.9;13.6;0.0
83;2021-05-05;3784;5004;0;303696;151538;0;28.3;14.1;0.0
83;2021-05-06;4896;4985;0;308592;156523;0;28.7;14.6;0.0
83;2021-05-07;4279;5346;0;312871;161869;0;29.1;15.1;0.0
83;2021-05-08;2761;1067;0;315632;162936;0;29.4;15.2;0.0
83;2021-05-09;1995;1191;0;317627;164127;0;29.6;15.3;0.0
83;2021-05-10;3265;5438;0;320892;169565;0;29.9;15.8;0.0
83;2021-05-11;5007;5767;0;325899;175332;0;30.3;16.3;0.0
83;2021-05-12;6092;4934;0;331991;180266;0;30.9;16.8;0.0
83;2021-05-13;5920;1310;0;337911;181576;0;31.5;16.9;0.0
83;2021-05-14;6948;3977;0;344859;185553;0;32.1;17.3;0.0
83;2021-05-15;7167;2234;0;352026;187787;0;32.8;17.5;0.0
83;2021-05-16;5985;1150;0;358011;188937;0;33.3;17.6;0.0
83;2021-05-17;4940;4150;0;362951;193087;0;33.8;18.0;0.0
83;2021-05-18;5538;3772;0;368489;196859;0;34.3;18.3;0.0
83;2021-05-19;6162;3491;0;374651;200350;0;34.9;18.7;0.0
83;2021-05-20;6783;3782;0;381434;204132;0;35.5;19.0;0.0
83;2021-05-21;7611;3829;0;389045;207961;0;36.2;19.4;0.0
83;2021-05-22;5491;1701;0;394536;209662;0;36.7;19.5;0.0
83;2021-05-23;4074;619;0;398610;210281;0;37.1;19.6;0.0
83;2021-05-24;5270;895;0;403880;211176;0;37.6;19.7;0.0
83;2021-05-25;5267;4680;0;409147;215856;0;38.1;20.1;0.0
83;2021-05-26;4865;4398;0;414012;220254;0;38.6;20.5;0.0
83;2021-05-27;5037;5167;0;419049;225421;0;39.0;21.0;0.0
83;2021-05-28;4431;5696;0;423480;231117;0;39.4;21.5;0.0
83;2021-05-29;2677;4200;0;426157;235317;0;39.7;21.9;0.0
83;2021-05-30;1140;1284;0;427297;236601;0;39.8;22.0;0.0
83;2021-05-31;5267;4816;0;432564;241417;0;40.3;22.5;0.0
83;2021-06-01;5678;5359;0;438242;246776;0;40.8;23.0;0.0
83;2021-06-02;5142;4706;0;443384;251482;0;41.3;23.4;0.0
83;2021-06-03;5707;5121;0;449091;256603;0;41.8;23.9;0.0
83;2021-06-04;5403;5928;0;454494;262531;0;42.3;24.4;0.0
83;2021-06-05;3773;3171;0;458267;265702;0;42.7;24.7;0.0
83;2021-06-06;1791;1324;0;460058;267026;0;42.8;24.9;0.0
83;2021-06-07;3805;5053;0;463863;272079;0;43.2;25.3;0.0
83;2021-06-08;4120;4789;0;467983;276868;0;43.6;25.8;0.0
83;2021-06-09;4010;4661;0;471993;281529;0;44.0;26.2;0.0
83;2021-06-10;4087;4214;0;476080;285743;0;44.3;26.6;0.0
83;2021-06-11;3635;5443;0;479715;291186;0;44.7;27.1;0.0
83;2021-06-12;2893;2979;0;482608;294165;0;44.9;27.4;0.0
83;2021-06-13;936;1292;0;483544;295457;0;45.0;27.5;0.0
83;2021-06-14;2779;5646;0;486323;301103;0;45.3;28.0;0.0
83;2021-06-15;3148;4993;0;489471;306096;0;45.6;28.5;0.0
83;2021-06-16;3108;4514;0;492579;310610;0;45.9;28.9;0.0
83;2021-06-17;2942;5258;0;495521;315868;0;46.1;29.4;0.0
83;2021-06-18;3191;5832;0;498712;321700;0;46.4;30.0;0.0
83;2021-06-19;2247;3976;0;500959;325676;0;46.7;30.3;0.0
83;2021-06-20;620;1734;0;501579;327410;0;46.7;30.5;0.0
83;2021-06-21;2045;7295;0;503624;334705;0;46.9;31.2;0.0
83;2021-06-22;2084;6946;0;505708;341651;0;47.1;31.8;0.0
83;2021-06-23;2041;6833;0;507749;348484;0;47.3;32.5;0.0
83;2021-06-24;2121;7058;0;509870;355542;0;47.5;33.1;0.0
83;2021-06-25;2156;8085;0;512026;363627;0;47.7;33.9;0.0
83;2021-06-26;1405;6464;0;513431;370091;0;47.8;34.5;0.0
83;2021-06-27;589;2952;0;514020;373043;0;47.9;34.7;0.0
83;2021-06-28;1471;7641;0;515491;380684;0;48.0;35.5;0.0
83;2021-06-29;1879;7594;0;517370;388278;0;48.2;36.2;0.0
83;2021-06-30;2198;7011;0;519568;395289;0;48.4;36.8;0.0
83;2021-07-01;2700;6437;0;522268;401726;0;48.6;37.4;0.0
83;2021-07-02;2433;7495;0;524701;409221;0;48.9;38.1;0.0
83;2021-07-03;1494;5394;0;526195;414615;0;49.0;38.6;0.0
83;2021-07-04;526;2502;0;526721;417117;0;49.1;38.8;0.0
83;2021-07-05;1914;7216;0;528635;424333;0;49.2;39.5;0.0
83;2021-07-06;2505;5817;0;531140;430150;0;49.5;40.1;0.0
83;2021-07-07;2644;4518;0;533784;434668;0;49.7;40.5;0.0
83;2021-07-08;3151;4389;0;536935;439057;0;50.0;40.9;0.0
83;2021-07-09;3037;6606;0;539972;445663;0;50.3;41.5;0.0
83;2021-07-10;1545;4700;0;541517;450363;0;50.4;41.9;0.0
83;2021-07-11;910;1638;0;542427;452001;0;50.5;42.1;0.0
83;2021-07-12;2109;7265;0;544536;459266;0;50.7;42.8;0.0
83;2021-07-13;3912;6819;0;548448;466085;0;51.1;43.4;0.0
83;2021-07-14;1954;1262;0;550402;467347;0;51.3;43.5;0.0
83;2021-07-15;4669;6708;0;555071;474055;0;51.7;44.1;0.0
83;2021-07-16;5242;6807;0;560313;480862;0;52.2;44.8;0.0
83;2021-07-17;3520;4826;0;563833;485688;0;52.5;45.2;0.0
83;2021-07-18;1529;1278;0;565362;486966;0;52.6;45.3;0.0
83;2021-07-19;3922;6107;0;569284;493073;0;53.0;45.9;0.0
83;2021-07-20;5741;5960;0;575025;499033;0;53.5;46.5;0.0
83;2021-07-21;5747;5050;0;580772;504083;0;54.1;46.9;0.0
83;2021-07-22;6906;5346;0;587678;509429;0;54.7;47.4;0.0
83;2021-07-23;6642;5499;0;594320;514928;0;55.3;48.0;0.0
83;2021-07-24;4426;4310;0;598746;519238;0;55.8;48.4;0.0
83;2021-07-25;1299;708;0;600045;519946;0;55.9;48.4;0.0
83;2021-07-26;5346;4406;0;605391;524352;0;56.4;48.8;0.0
83;2021-07-27;6648;4455;0;612039;528807;0;57.0;49.2;0.0
83;2021-07-28;6408;4067;0;618447;532874;0;57.6;49.6;0.0
83;2021-07-29;7383;4504;0;625830;537378;0;58.3;50.0;0.0
83;2021-07-30;6724;4355;0;632554;541733;0;58.9;50.4;0.0
83;2021-07-31;4476;2940;0;637030;544673;0;59.3;50.7;0.0
83;2021-08-01;1120;778;0;638150;545451;0;59.4;50.8;0.0
83;2021-08-02;5813;3211;0;643963;548662;0;60.0;51.1;0.0
83;2021-08-03;6223;3554;0;650186;552216;0;60.5;51.4;0.0
83;2021-08-04;5744;3129;0;655930;555345;0;61.1;51.7;0.0
83;2021-08-05;5971;3563;0;661901;558908;0;61.6;52.0;0.0
83;2021-08-06;5903;4129;0;667804;563037;0;62.2;52.4;0.0
83;2021-08-07;3553;3084;0;671357;566121;0;62.5;52.7;0.0
83;2021-08-08;998;756;0;672355;566877;0;62.6;52.8;0.0
83;2021-08-09;4488;3909;0;676843;570786;0;63.0;53.2;0.0
83;2021-08-10;5097;4453;0;681940;575239;0;63.5;53.6;0.0
83;2021-08-11;4461;4456;0;686401;579695;0;63.9;54.0;0.0
83;2021-08-12;4735;5074;0;691136;584769;0;64.4;54.5;0.0
83;2021-08-13;4565;4907;0;695701;589676;0;64.8;54.9;0.0
83;2021-08-14;3027;3601;0;698728;593277;0;65.1;55.2;0.0
83;2021-08-15;228;355;0;698956;593632;0;65.1;55.3;0.0
83;2021-08-16;3614;5008;0;702570;598640;0;65.4;55.7;0.0
83;2021-08-17;3598;5035;0;706168;603675;0;65.8;56.2;0.0
83;2021-08-18;3432;4805;0;709600;608480;0;66.1;56.7;0.0
83;2021-08-19;4039;5705;0;713639;614185;0;66.5;57.2;0.0
83;2021-08-20;3514;5948;0;717153;620133;0;66.8;57.7;0.0
83;2021-08-21;2176;4188;0;719329;624321;0;67.0;58.1;0.0
83;2021-08-22;584;978;0;719913;625299;0;67.0;58.2;0.0
83;2021-08-23;2441;5552;0;722354;630851;0;67.3;58.7;0.0
83;2021-08-24;2785;5698;0;725139;636549;0;67.5;59.3;0.0
83;2021-08-25;2490;5153;0;727629;641702;0;67.8;59.8;0.0
83;2021-08-26;2823;5752;0;730452;647454;0;68.0;60.3;0.0
83;2021-08-27;2851;5807;0;733303;653261;0;68.3;60.8;0.0
83;2021-08-28;1815;4300;0;735118;657561;0;68.5;61.2;0.0
83;2021-08-29;469;1191;0;735587;658752;0;68.5;61.3;0.0
83;2021-08-30;2288;5045;75;737875;663797;75;68.7;61.8;0.0
83;2021-08-31;2438;5399;172;740313;669196;247;68.9;62.3;0.0
83;2021-09-01;2807;4759;448;743120;673955;695;69.2;62.8;0.1
83;2021-09-02;2460;4393;466;745580;678348;1161;69.4;63.2;0.1
83;2021-09-03;2299;4714;542;747879;683062;1703;69.6;63.6;0.2
83;2021-09-04;1818;4327;226;749697;687389;1929;69.8;64.0;0.2
83;2021-09-05;533;435;110;750230;687824;2039;69.9;64.1;0.2
83;2021-09-06;1855;3361;702;752085;691185;2741;70.0;64.4;0.3
83;2021-09-07;1662;3258;671;753747;694443;3412;70.2;64.7;0.3
83;2021-09-08;1986;3501;512;755733;697944;3924;70.4;65.0;0.4
83;2021-09-09;1553;3326;635;757286;701270;4559;70.5;65.3;0.4
83;2021-09-10;1816;3674;746;759102;704944;5305;70.7;65.6;0.5
83;2021-09-11;1376;3572;261;760478;708516;5566;70.8;66.0;0.5
83;2021-09-12;219;454;43;760697;708970;5609;70.8;66.0;0.5
83;2021-09-13;1280;2500;886;761977;711470;6495;71.0;66.3;0.6
83;2021-09-14;1398;2489;1061;763375;713959;7556;71.1;66.5;0.7
83;2021-09-15;1437;2629;821;764812;716588;8377;71.2;66.7;0.8
83;2021-09-16;1066;2203;964;765878;718791;9341;71.3;66.9;0.9
83;2021-09-17;1060;2613;903;766938;721404;10244;71.4;67.2;1.0
83;2021-09-18;995;2918;288;767933;724322;10532;71.5;67.5;1.0
83;2021-09-19;112;407;51;768045;724729;10583;71.5;67.5;1.0
83;2021-09-20;756;2065;790;768801;726794;11373;71.6;67.7;1.1
83;2021-09-21;695;1797;793;769496;728591;12166;71.7;67.8;1.1
83;2021-09-22;775;2520;697;770271;731111;12863;71.7;68.1;1.2
83;2021-09-23;711;2070;750;770982;733181;13613;71.8;68.3;1.3
83;2021-09-24;792;2254;836;771774;735435;14449;71.9;68.5;1.3
83;2021-09-25;757;2612;280;772531;738047;14729;71.9;68.7;1.4
83;2021-09-26;74;441;29;772605;738488;14758;71.9;68.8;1.4
83;2021-09-27;584;1728;625;773189;740216;15383;72.0;68.9;1.4
83;2021-09-28;538;1482;640;773727;741698;16023;72.1;69.1;1.5
83;2021-09-29;722;1935;575;774449;743633;16598;72.1;69.3;1.5
83;2021-09-30;636;1511;806;775085;745144;17404;72.2;69.4;1.6
83;2021-10-01;1022;1553;842;776107;746697;18246;72.3;69.5;1.7
83;2021-10-02;701;1634;295;776808;748331;18541;72.3;69.7;1.7
83;2021-10-03;115;263;70;776923;748594;18611;72.4;69.7;1.7
83;2021-10-04;629;899;746;777552;749493;19357;72.4;69.8;1.8
83;2021-10-05;646;1146;1088;778198;750639;20445;72.5;69.9;1.9
83;2021-10-06;873;1641;1046;779071;752280;21491;72.6;70.1;2.0
83;2021-10-07;513;1087;1072;779584;753367;22563;72.6;70.2;2.1
83;2021-10-08;813;1425;1287;780397;754792;23850;72.7;70.3;2.2
83;2021-10-09;533;1032;402;780930;755824;24252;72.7;70.4;2.3
83;2021-10-10;26;67;7;780956;755891;24259;72.7;70.4;2.3
83;2021-10-11;655;1072;1332;781611;756963;25591;72.8;70.5;2.4
83;2021-10-12;532;832;1312;782143;757795;26903;72.8;70.6;2.5
83;2021-10-13;710;1102;1292;782853;758897;28195;72.9;70.7;2.6
83;2021-10-14;529;870;1491;783382;759767;29686;73.0;70.8;2.8
83;2021-10-15;757;1124;1825;784139;760891;31511;73.0;70.9;2.9
83;2021-10-16;570;888;550;784709;761779;32061;73.1;70.9;3.0
83;2021-10-17;31;45;15;784740;761824;32076;73.1;70.9;3.0
83;2021-10-18;565;814;1628;785305;762638;33704;73.1;71.0;3.1
83;2021-10-19;416;618;1266;785721;763256;34970;73.2;71.1;3.3
83;2021-10-20;606;907;1968;786327;764163;36938;73.2;71.2;3.4
83;2021-10-21;497;713;1793;786824;764876;38731;73.3;71.2;3.6
83;2021-10-22;546;795;1651;787370;765671;40382;73.3;71.3;3.8
83;2021-10-23;433;568;660;787803;766239;41042;73.4;71.4;3.8
83;2021-10-24;16;58;39;787819;766297;41081;73.4;71.4;3.8
83;2021-10-25;458;732;1949;788277;767029;43030;73.4;71.4;4.0
83;2021-10-26;436;619;2052;788713;767648;45082;73.4;71.5;4.2
83;2021-10-27;494;741;2482;789207;768389;47564;73.5;71.6;4.4
83;2021-10-28;417;598;2380;789624;768987;49944;73.5;71.6;4.7
83;2021-10-29;400;658;2074;790024;769645;52018;73.6;71.7;4.8
83;2021-10-30;368;486;895;790392;770131;52913;73.6;71.7;4.9
83;2021-10-31;21;45;36;790413;770176;52949;73.6;71.7;4.9
83;2021-11-01;65;49;77;790478;770225;53026;73.6;71.7;4.9
83;2021-11-02;378;634;1759;790856;770859;54785;73.6;71.8;5.1
83;2021-11-03;514;795;2918;791370;771654;57703;73.7;71.9;5.4
83;2021-11-04;373;596;2327;791743;772250;60030;73.7;71.9;5.6
83;2021-11-05;455;700;2671;792198;772950;62701;73.8;72.0;5.8
83;2021-11-06;314;553;1176;792512;773503;63877;73.8;72.0;5.9
83;2021-11-07;18;62;46;792530;773565;63923;73.8;72.0;6.0
83;2021-11-08;362;680;3416;792892;774245;67339;73.8;72.1;6.3
83;2021-11-09;358;520;3414;793250;774765;70753;73.9;72.1;6.6
83;2021-11-10;532;866;4493;793782;775631;75246;73.9;72.2;7.0
83;2021-11-11;47;97;110;793829;775728;75356;73.9;72.2;7.0
83;2021-11-12;413;648;3870;794242;776376;79226;74.0;72.3;7.4
83;2021-11-13;299;458;1526;794541;776834;80752;74.0;72.3;7.5
83;2021-11-14;13;64;91;794554;776898;80843;74.0;72.3;7.5
83;2021-11-15;366;573;4360;794920;777471;85203;74.0;72.4;7.9
83;2021-11-16;345;454;4045;795265;777925;89248;74.1;72.4;8.3
83;2021-11-17;512;738;4808;795777;778663;94056;74.1;72.5;8.8
83;2021-11-18;438;615;4585;796215;779278;98641;74.1;72.6;9.2
83;2021-11-19;557;630;4566;796772;779908;103207;74.2;72.6;9.6
83;2021-11-20;362;456;1882;797134;780364;105089;74.2;72.7;9.8
83;2021-11-21;27;55;68;797161;780419;105157;74.2;72.7;9.8
83;2021-11-22;469;385;4968;797630;780804;110125;74.3;72.7;10.3
83;2021-11-23;385;454;4597;798015;781258;114722;74.3;72.8;10.7
83;2021-11-24;637;678;5482;798652;781936;120204;74.4;72.8;11.2
83;2021-11-25;506;494;5914;799158;782430;126118;74.4;72.9;11.7
83;2021-11-26;584;595;7059;799742;783025;133177;74.5;72.9;12.4
83;2021-11-27;460;467;3640;800202;783492;136817;74.5;73.0;12.7
83;2021-11-28;39;59;184;800241;783551;137001;74.5;73.0;12.8
83;2021-11-29;443;505;7937;800684;784056;144938;74.6;73.0;13.5
83;2021-11-30;476;497;8285;801160;784553;153223;74.6;73.1;14.3
83;2021-12-01;483;625;9686;801643;785178;162909;74.7;73.1;15.2
83;2021-12-02;421;409;9869;802064;785587;172778;74.7;73.2;16.1
83;2021-12-03;527;608;10375;802591;786195;183153;74.7;73.2;17.1
83;2021-12-04;390;439;5458;802981;786634;188611;74.8;73.3;17.6
83;2021-12-05;39;99;1770;803020;786733;190381;74.8;73.3;17.7
83;2021-12-06;382;547;10237;803402;787280;200618;74.8;73.3;18.7
83;2021-12-07;484;562;11324;803886;787842;211942;74.9;73.4;19.7
83;2021-12-08;454;638;10705;804340;788480;222647;74.9;73.4;20.7
83;2021-12-09;461;609;10958;804801;789089;233605;74.9;73.5;21.8
84;2020-12-27;0;0;0;0;0;0;0.0;0.0;0.0
84;2020-12-28;3;0;0;3;0;0;0.0;0.0;0.0
84;2020-12-29;3;0;0;6;0;0;0.0;0.0;0.0
84;2020-12-30;3;0;0;9;0;0;0.0;0.0;0.0
84;2020-12-31;0;0;0;9;0;0;0.0;0.0;0.0
84;2021-01-01;0;0;0;9;0;0;0.0;0.0;0.0
84;2021-01-02;0;0;0;9;0;0;0.0;0.0;0.0
84;2021-01-03;0;0;0;9;0;0;0.0;0.0;0.0
84;2021-01-04;3;0;0;12;0;0;0.0;0.0;0.0
84;2021-01-05;4;0;0;16;0;0;0.0;0.0;0.0
84;2021-01-06;6;0;0;22;0;0;0.0;0.0;0.0
84;2021-01-07;62;0;0;84;0;0;0.0;0.0;0.0
84;2021-01-08;70;0;0;154;0;0;0.0;0.0;0.0
84;2021-01-09;21;0;0;175;0;0;0.0;0.0;0.0
84;2021-01-10;1;0;0;176;0;0;0.0;0.0;0.0
84;2021-01-11;174;1;0;350;1;0;0.1;0.0;0.0
84;2021-01-12;560;3;0;910;4;0;0.2;0.0;0.0
84;2021-01-13;294;0;0;1204;4;0;0.2;0.0;0.0
84;2021-01-14;788;13;0;1992;17;0;0.4;0.0;0.0
84;2021-01-15;514;9;0;2506;26;0;0.4;0.0;0.0
84;2021-01-16;114;1;0;2620;27;0;0.5;0.0;0.0
84;2021-01-17;29;1;0;2649;28;0;0.5;0.0;0.0
84;2021-01-18;593;3;0;3242;31;0;0.6;0.0;0.0
84;2021-01-19;850;2;0;4092;33;0;0.7;0.0;0.0
84;2021-01-20;950;6;0;5042;39;0;0.9;0.0;0.0
84;2021-01-21;959;6;0;6001;45;0;1.1;0.0;0.0
84;2021-01-22;1007;0;0;7008;45;0;1.2;0.0;0.0
84;2021-01-23;215;0;0;7223;45;0;1.3;0.0;0.0
84;2021-01-24;6;0;0;7229;45;0;1.3;0.0;0.0
84;2021-01-25;701;5;0;7930;50;0;1.4;0.0;0.0
84;2021-01-26;875;9;0;8805;59;0;1.6;0.0;0.0
84;2021-01-27;980;6;0;9785;65;0;1.7;0.0;0.0
84;2021-01-28;1428;20;0;11213;85;0;2.0;0.0;0.0
84;2021-01-29;1077;48;0;12290;133;0;2.2;0.0;0.0
84;2021-01-30;124;19;0;12414;152;0;2.2;0.0;0.0
84;2021-01-31;13;0;0;12427;152;0;2.2;0.0;0.0
84;2021-02-01;606;148;0;13033;300;0;2.3;0.1;0.0
84;2021-02-02;744;223;0;13777;523;0;2.5;0.1;0.0
84;2021-02-03;627;225;0;14404;748;0;2.6;0.1;0.0
84;2021-02-04;796;358;0;15200;1106;0;2.7;0.2;0.0
84;2021-02-05;646;377;0;15846;1483;0;2.8;0.3;0.0
84;2021-02-06;106;43;0;15952;1526;0;2.8;0.3;0.0
84;2021-02-07;2;0;0;15954;1526;0;2.8;0.3;0.0
84;2021-02-08;543;259;0;16497;1785;0;2.9;0.3;0.0
84;2021-02-09;648;636;0;17145;2421;0;3.1;0.4;0.0
84;2021-02-10;524;567;0;17669;2988;0;3.1;0.5;0.0
84;2021-02-11;555;561;0;18224;3549;0;3.2;0.6;0.0
84;2021-02-12;532;615;0;18756;4164;0;3.3;0.7;0.0
84;2021-02-13;54;114;0;18810;4278;0;3.4;0.8;0.0
84;2021-02-14;4;8;0;18814;4286;0;3.4;0.8;0.0
84;2021-02-15;199;734;0;19013;5020;0;3.4;0.9;0.0
84;2021-02-16;223;723;0;19236;5743;0;3.4;1.0;0.0
84;2021-02-17;415;764;0;19651;6507;0;3.5;1.2;0.0
84;2021-02-18;503;1028;0;20154;7535;0;3.6;1.3;0.0
84;2021-02-19;711;1049;0;20865;8584;0;3.7;1.5;0.0
84;2021-02-20;68;116;0;20933;8700;0;3.7;1.6;0.0
84;2021-02-21;5;34;0;20938;8734;0;3.7;1.6;0.0
84;2021-02-22;306;644;0;21244;9378;0;3.8;1.7;0.0
84;2021-02-23;274;663;0;21518;10041;0;3.8;1.8;0.0
84;2021-02-24;378;687;0;21896;10728;0;3.9;1.9;0.0
84;2021-02-25;697;756;0;22593;11484;0;4.0;2.0;0.0
84;2021-02-26;811;610;0;23404;12094;0;4.2;2.2;0.0
84;2021-02-27;142;106;0;23546;12200;0;4.2;2.2;0.0
84;2021-02-28;13;2;0;23559;12202;0;4.2;2.2;0.0
84;2021-03-01;461;566;0;24020;12768;0;4.3;2.3;0.0
84;2021-03-02;631;712;0;24651;13480;0;4.4;2.4;0.0
84;2021-03-03;874;801;0;25525;14281;0;4.5;2.5;0.0
84;2021-03-04;1130;589;0;26655;14870;0;4.8;2.7;0.0
84;2021-03-05;1313;504;0;27968;15374;0;5.0;2.7;0.0
84;2021-03-06;1378;66;0;29346;15440;0;5.2;2.8;0.0
84;2021-03-07;557;28;0;29903;15468;0;5.3;2.8;0.0
84;2021-03-08;748;586;0;30651;16054;0;5.5;2.9;0.0
84;2021-03-09;1345;654;0;31996;16708;0;5.7;3.0;0.0
84;2021-03-10;1444;605;0;33440;17313;0;6.0;3.1;0.0
84;2021-03-11;1938;613;0;35378;17926;0;6.3;3.2;0.0
84;2021-03-12;2057;608;0;37435;18534;0;6.7;3.3;0.0
84;2021-03-13;832;46;0;38267;18580;0;6.8;3.3;0.0
84;2021-03-14;286;47;0;38553;18627;0;6.9;3.3;0.0
84;2021-03-15;1067;305;0;39620;18932;0;7.1;3.4;0.0
84;2021-03-16;1160;318;0;40780;19250;0;7.3;3.4;0.0
84;2021-03-17;1169;433;0;41949;19683;0;7.5;3.5;0.0
84;2021-03-18;1448;375;0;43397;20058;0;7.7;3.6;0.0
84;2021-03-19;2102;461;0;45499;20519;0;8.1;3.7;0.0
84;2021-03-20;880;47;0;46379;20566;0;8.3;3.7;0.0
84;2021-03-21;148;9;0;46527;20575;0;8.3;3.7;0.0
84;2021-03-22;1218;445;0;47745;21020;0;8.5;3.7;0.0
84;2021-03-23;1951;426;0;49696;21446;0;8.9;3.8;0.0
84;2021-03-24;2115;392;0;51811;21838;0;9.2;3.9;0.0
84;2021-03-25;3543;401;0;55354;22239;0;9.9;4.0;0.0
84;2021-03-26;3279;483;0;58633;22722;0;10.5;4.1;0.0
84;2021-03-27;944;83;0;59577;22805;0;10.6;4.1;0.0
84;2021-03-28;86;2;0;59663;22807;0;10.6;4.1;0.0
84;2021-03-29;1707;558;0;61370;23365;0;10.9;4.2;0.0
84;2021-03-30;2626;723;0;63996;24088;0;11.4;4.3;0.0
84;2021-03-31;2312;677;0;66308;24765;0;11.8;4.4;0.0
84;2021-04-01;2979;598;0;69287;25363;0;12.4;4.5;0.0
84;2021-04-02;2370;562;0;71657;25925;0;12.8;4.6;0.0
84;2021-04-03;527;83;0;72184;26008;0;12.9;4.6;0.0
84;2021-04-04;24;8;0;72208;26016;0;12.9;4.6;0.0
84;2021-04-05;798;111;0;73006;26127;0;13.0;4.7;0.0
84;2021-04-06;2045;859;0;75051;26986;0;13.4;4.8;0.0
84;2021-04-07;2345;915;0;77396;27901;0;13.8;5.0;0.0
84;2021-04-08;3522;1042;0;80918;28943;0;14.4;5.2;0.0
84;2021-04-09;3944;914;0;84862;29857;0;15.1;5.3;0.0
84;2021-04-10;1408;185;0;86270;30042;0;15.4;5.4;0.0
84;2021-04-11;60;26;0;86330;30068;0;15.4;5.4;0.0
84;2021-04-12;2123;850;0;88453;30918;0;15.8;5.5;0.0
84;2021-04-13;2855;1376;0;91308;32294;0;16.3;5.8;0.0
84;2021-04-14;2668;1329;0;93976;33623;0;16.8;6.0;0.0
84;2021-04-15;3157;1376;0;97133;34999;0;17.3;6.2;0.0
84;2021-04-16;3304;1463;0;100437;36462;0;17.9;6.5;0.0
84;2021-04-17;1502;251;0;101939;36713;0;18.2;6.5;0.0
84;2021-04-18;71;23;0;102010;36736;0;18.2;6.5;0.0
84;2021-04-19;2314;1038;0;104324;37774;0;18.6;6.7;0.0
84;2021-04-20;2516;1585;0;106840;39359;0;19.0;7.0;0.0
84;2021-04-21;2476;1534;0;109316;40893;0;19.5;7.3;0.0
84;2021-04-22;2806;1685;0;112122;42578;0;20.0;7.6;0.0
84;2021-04-23;2735;1807;0;114857;44385;0;20.5;7.9;0.0
84;2021-04-24;1388;354;0;116245;44739;0;20.7;8.0;0.0
84;2021-04-25;88;26;0;116333;44765;0;20.7;8.0;0.0
84;2021-04-26;2085;1395;0;118418;46160;0;21.1;8.2;0.0
84;2021-04-27;2455;1948;0;120873;48108;0;21.5;8.6;0.0
84;2021-04-28;2617;1788;0;123490;49896;0;22.0;8.9;0.0
84;2021-04-29;3128;1990;0;126618;51886;0;22.6;9.2;0.0
84;2021-04-30;2903;2225;0;129521;54111;0;23.1;9.6;0.0
84;2021-05-01;525;270;0;130046;54381;0;23.2;9.7;0.0
84;2021-05-02;133;30;0;130179;54411;0;23.2;9.7;0.0
84;2021-05-03;2079;1693;0;132258;56104;0;23.6;10.0;0.0
84;2021-05-04;2421;2425;0;134679;58529;0;24.0;10.4;0.0
84;2021-05-05;2265;2225;0;136944;60754;0;24.4;10.8;0.0
84;2021-05-06;3102;2208;0;140046;62962;0;25.0;11.2;0.0
84;2021-05-07;2616;2458;0;142662;65420;0;25.4;11.7;0.0
84;2021-05-08;1139;554;0;143801;65974;0;25.6;11.8;0.0
84;2021-05-09;90;82;0;143891;66056;0;25.6;11.8;0.0
84;2021-05-10;2014;2391;0;145905;68447;0;26.0;12.2;0.0
84;2021-05-11;2884;3031;0;148789;71478;0;26.5;12.7;0.0
84;2021-05-12;2799;2731;0;151588;74209;0;27.0;13.2;0.0
84;2021-05-13;2134;833;0;153722;75042;0;27.4;13.4;0.0
84;2021-05-14;2758;1984;0;156480;77026;0;27.9;13.7;0.0
84;2021-05-15;2159;981;0;158639;78007;0;28.3;13.9;0.0
84;2021-05-16;1379;194;0;160018;78201;0;28.5;13.9;0.0
84;2021-05-17;2285;2025;0;162303;80226;0;28.9;14.3;0.0
84;2021-05-18;2916;2017;0;165219;82243;0;29.5;14.7;0.0
84;2021-05-19;3244;1637;0;168463;83880;0;30.0;15.0;0.0
84;2021-05-20;3720;2122;0;172183;86002;0;30.7;15.3;0.0
84;2021-05-21;3501;2212;0;175684;88214;0;31.3;15.7;0.0
84;2021-05-22;1630;650;0;177314;88864;0;31.6;15.8;0.0
84;2021-05-23;177;31;0;177491;88895;0;31.6;15.8;0.0
84;2021-05-24;1896;421;0;179387;89316;0;32.0;15.9;0.0
84;2021-05-25;2952;2148;0;182339;91464;0;32.5;16.3;0.0
84;2021-05-26;3003;2046;0;185342;93510;0;33.0;16.7;0.0
84;2021-05-27;3653;2217;0;188995;95727;0;33.7;17.1;0.0
84;2021-05-28;3023;3080;0;192018;98807;0;34.2;17.6;0.0
84;2021-05-29;1213;1540;0;193231;100347;0;34.4;17.9;0.0
84;2021-05-30;67;108;0;193298;100455;0;34.5;17.9;0.0
84;2021-05-31;2138;2494;0;195436;102949;0;34.8;18.4;0.0
84;2021-06-01;3066;3005;0;198502;105954;0;35.4;18.9;0.0
84;2021-06-02;2976;2414;0;201478;108368;0;35.9;19.3;0.0
84;2021-06-03;3954;2836;0;205432;111204;0;36.6;19.8;0.0
84;2021-06-04;3492;2890;0;208924;114094;0;37.2;20.3;0.0
84;2021-06-05;1663;1386;0;210587;115480;0;37.5;20.6;0.0
84;2021-06-06;877;198;0;211464;115678;0;37.7;20.6;0.0
84;2021-06-07;2332;2648;0;213796;118326;0;38.1;21.1;0.0
84;2021-06-08;3108;2914;0;216904;121240;0;38.7;21.6;0.0
84;2021-06-09;2778;2533;0;219682;123773;0;39.2;22.1;0.0
84;2021-06-10;3276;2712;0;222958;126485;0;39.7;22.5;0.0
84;2021-06-11;2870;2957;0;225828;129442;0;40.3;23.1;0.0
84;2021-06-12;1769;1285;0;227597;130727;0;40.6;23.3;0.0
84;2021-06-13;389;198;0;227986;130925;0;40.6;23.3;0.0
84;2021-06-14;1783;3121;0;229769;134046;0;41.0;23.9;0.0
84;2021-06-15;2313;3304;0;232082;137350;0;41.4;24.5;0.0
84;2021-06-16;2427;2862;0;234509;140212;0;41.8;25.0;0.0
84;2021-06-17;2668;3352;0;237177;143564;0;42.3;25.6;0.0
84;2021-06-18;2239;3421;0;239416;146985;0;42.7;26.2;0.0
84;2021-06-19;1193;1585;0;240609;148570;0;42.9;26.5;0.0
84;2021-06-20;426;329;0;241035;148899;0;43.0;26.5;0.0
84;2021-06-21;1477;3084;0;242512;151983;0;43.2;27.1;0.0
84;2021-06-22;2035;3859;0;244547;155842;0;43.6;27.8;0.0
84;2021-06-23;1946;3262;0;246493;159104;0;43.9;28.4;0.0
84;2021-06-24;1994;3448;0;248487;162552;0;44.3;29.0;0.0
84;2021-06-25;1715;3860;0;250202;166412;0;44.6;29.7;0.0
84;2021-06-26;1049;1748;0;251251;168160;0;44.8;30.0;0.0
84;2021-06-27;243;379;0;251494;168539;0;44.8;30.0;0.0
84;2021-06-28;1080;3175;0;252574;171714;0;45.0;30.6;0.0
84;2021-06-29;1280;3856;0;253854;175570;0;45.3;31.3;0.0
84;2021-06-30;1642;3830;0;255496;179400;0;45.5;32.0;0.0
84;2021-07-01;1833;3724;0;257329;183124;0;45.9;32.6;0.0
84;2021-07-02;1767;3840;0;259096;186964;0;46.2;33.3;0.0
84;2021-07-03;1025;1948;0;260121;188912;0;46.4;33.7;0.0
84;2021-07-04;322;481;0;260443;189393;0;46.4;33.8;0.0
84;2021-07-05;1328;3333;0;261771;192726;0;46.7;34.4;0.0
84;2021-07-06;1516;3912;0;263287;196638;0;46.9;35.1;0.0
84;2021-07-07;1573;2838;0;264860;199476;0;47.2;35.6;0.0
84;2021-07-08;1962;3461;0;266822;202937;0;47.6;36.2;0.0
84;2021-07-09;1818;3784;0;268640;206721;0;47.9;36.8;0.0
84;2021-07-10;1114;2103;0;269754;208824;0;48.1;37.2;0.0
84;2021-07-11;307;285;0;270061;209109;0;48.1;37.3;0.0
84;2021-07-12;1315;3602;0;271376;212711;0;48.4;37.9;0.0
84;2021-07-13;2139;4660;0;273515;217371;0;48.8;38.7;0.0
84;2021-07-14;1683;1171;0;275198;218542;0;49.1;39.0;0.0
84;2021-07-15;2582;4273;0;277780;222815;0;49.5;39.7;0.0
84;2021-07-16;2712;4264;0;280492;227079;0;50.0;40.5;0.0
84;2021-07-17;1467;2268;0;281959;229347;0;50.3;40.9;0.0
84;2021-07-18;816;480;0;282775;229827;0;50.4;41.0;0.0
84;2021-07-19;2211;3487;0;284986;233314;0;50.8;41.6;0.0
84;2021-07-20;2946;3916;0;287932;237230;0;51.3;42.3;0.0
84;2021-07-21;3026;3482;0;290958;240712;0;51.9;42.9;0.0
84;2021-07-22;3568;3511;0;294526;244223;0;52.5;43.5;0.0
84;2021-07-23;3385;3438;0;297911;247661;0;53.1;44.1;0.0
84;2021-07-24;1525;2101;0;299436;249762;0;53.4;44.5;0.0
84;2021-07-25;877;432;0;300313;250194;0;53.5;44.6;0.0
84;2021-07-26;2507;2816;0;302820;253010;0;54.0;45.1;0.0
84;2021-07-27;3278;3226;0;306098;256236;0;54.6;45.7;0.0
84;2021-07-28;3431;2931;0;309529;259167;0;55.2;46.2;0.0
84;2021-07-29;3855;2930;0;313384;262097;0;55.9;46.7;0.0
84;2021-07-30;3746;3055;0;317130;265152;0;56.5;47.3;0.0
84;2021-07-31;1885;1565;0;319015;266717;0;56.9;47.5;0.0
84;2021-08-01;750;402;0;319765;267119;0;57.0;47.6;0.0
84;2021-08-02;2848;2462;0;322613;269581;0;57.5;48.1;0.0
84;2021-08-03;3729;2459;0;326342;272040;0;58.2;48.5;0.0
84;2021-08-04;3367;2236;0;329709;274276;0;58.8;48.9;0.0
84;2021-08-05;3482;2363;0;333191;276639;0;59.4;49.3;0.0
84;2021-08-06;3308;2594;0;336499;279233;0;60.0;49.8;0.0
84;2021-08-07;1755;1546;0;338254;280779;0;60.3;50.1;0.0
84;2021-08-08;321;607;0;338575;281386;0;60.4;50.2;0.0
84;2021-08-09;2548;2368;0;341123;283754;0;60.8;50.6;0.0
84;2021-08-10;3269;2565;0;344392;286319;0;61.4;51.0;0.0
84;2021-08-11;2827;2325;0;347219;288644;0;61.9;51.5;0.0
84;2021-08-12;2807;2680;0;350026;291324;0;62.4;51.9;0.0
84;2021-08-13;2658;2415;0;352684;293739;0;62.9;52.4;0.0
84;2021-08-14;1360;1641;0;354044;295380;0;63.1;52.7;0.0
84;2021-08-15;236;209;0;354280;295589;0;63.2;52.7;0.0
84;2021-08-16;2106;2854;0;356386;298443;0;63.5;53.2;0.0
84;2021-08-17;2344;2908;0;358730;301351;0;63.9;53.7;0.0
84;2021-08-18;2016;2583;0;360746;303934;0;64.3;54.2;0.0
84;2021-08-19;2096;2827;0;362842;306761;0;64.7;54.7;0.0
84;2021-08-20;1870;3014;0;364712;309775;0;65.0;55.2;0.0
84;2021-08-21;987;1722;0;365699;311497;0;65.2;55.5;0.0
84;2021-08-22;118;575;0;365817;312072;0;65.2;55.6;0.0
84;2021-08-23;1567;3039;0;367384;315111;0;65.5;56.2;0.0
84;2021-08-24;1759;3133;0;369143;318244;0;65.8;56.7;0.0
84;2021-08-25;1675;2999;0;370818;321243;0;66.1;57.3;0.0
84;2021-08-26;1441;3301;0;372259;324544;0;66.4;57.9;0.0
84;2021-08-27;1477;3441;0;373736;327985;0;66.6;58.5;0.0
84;2021-08-28;761;1983;0;374497;329968;0;66.8;58.8;0.0
84;2021-08-29;113;508;0;374610;330476;0;66.8;58.9;0.0
84;2021-08-30;1264;2890;41;375874;333366;41;67.0;59.4;0.0
84;2021-08-31;1240;3580;69;377114;336946;110;67.2;60.1;0.0
84;2021-09-01;1298;2997;143;378412;339943;253;67.5;60.6;0.0
84;2021-09-02;1122;2612;289;379534;342555;542;67.7;61.1;0.1
84;2021-09-03;1233;3154;225;380767;345709;767;67.9;61.6;0.1
84;2021-09-04;675;1725;75;381442;347434;842;68.0;61.9;0.2
84;2021-09-05;104;337;6;381546;347771;848;68.0;62.0;0.2
84;2021-09-06;783;2008;267;382329;349779;1115;68.2;62.3;0.2
84;2021-09-07;884;2156;370;383213;351935;1485;68.3;62.7;0.3
84;2021-09-08;835;2342;242;384048;354277;1727;68.5;63.2;0.3
84;2021-09-09;849;1908;387;384897;356185;2114;68.6;63.5;0.4
84;2021-09-10;872;2250;336;385769;358435;2450;68.8;63.9;0.4
84;2021-09-11;528;1559;120;386297;359994;2570;68.9;64.2;0.5
84;2021-09-12;86;192;5;386383;360186;2575;68.9;64.2;0.5
84;2021-09-13;654;1370;490;387037;361556;3065;69.0;64.4;0.5
84;2021-09-14;780;1400;523;387817;362956;3588;69.1;64.7;0.6
84;2021-09-15;770;1749;406;388587;364705;3994;69.3;65.0;0.7
84;2021-09-16;533;1149;498;389120;365854;4492;69.4;65.2;0.8
84;2021-09-17;577;1463;518;389697;367317;5010;69.5;65.5;0.9
84;2021-09-18;414;1252;141;390111;368569;5151;69.5;65.7;0.9
84;2021-09-19;43;140;0;390154;368709;5151;69.5;65.7;0.9
84;2021-09-20;311;818;317;390465;369527;5468;69.6;65.9;1.0
84;2021-09-21;361;1058;453;390826;370585;5921;69.7;66.1;1.1
84;2021-09-22;413;1434;483;391239;372019;6404;69.7;66.3;1.1
84;2021-09-23;357;1035;483;391596;373054;6887;69.8;66.5;1.2
84;2021-09-24;397;1143;348;391993;374197;7235;69.9;66.7;1.3
84;2021-09-25;286;1030;161;392279;375227;7396;69.9;66.9;1.3
84;2021-09-26;38;115;7;392317;375342;7403;69.9;66.9;1.3
84;2021-09-27;279;715;336;392596;376057;7739;70.0;67.0;1.4
84;2021-09-28;321;684;419;392917;376741;8158;70.0;67.2;1.5
84;2021-09-29;319;1072;428;393236;377813;8586;70.1;67.3;1.5
84;2021-09-30;337;813;498;393573;378626;9084;70.2;67.5;1.6
84;2021-10-01;567;800;398;394140;379426;9482;70.3;67.6;1.7
84;2021-10-02;260;708;183;394400;380134;9665;70.3;67.8;1.7
84;2021-10-03;34;72;2;394434;380206;9667;70.3;67.8;1.7
84;2021-10-04;361;506;414;394795;380712;10081;70.4;67.9;1.8
84;2021-10-05;352;485;468;395147;381197;10549;70.4;67.9;1.9
84;2021-10-06;359;733;496;395506;381930;11045;70.5;68.1;2.0
84;2021-10-07;353;599;568;395859;382529;11613;70.6;68.2;2.1
84;2021-10-08;439;721;680;396298;383250;12293;70.6;68.3;2.2
84;2021-10-09;216;548;209;396514;383798;12502;70.7;68.4;2.2
84;2021-10-10;25;91;6;396539;383889;12508;70.7;68.4;2.2
84;2021-10-11;279;362;322;396818;384251;12830;70.7;68.5;2.3
84;2021-10-12;333;402;613;397151;384653;13443;70.8;68.6;2.4
84;2021-10-13;389;567;610;397540;385220;14053;70.9;68.7;2.5
84;2021-10-14;278;396;554;397818;385616;14607;70.9;68.7;2.6
84;2021-10-15;300;557;664;398118;386173;15271;71.0;68.8;2.7
84;2021-10-16;287;373;225;398405;386546;15496;71.0;68.9;2.8
84;2021-10-17;23;47;7;398428;386593;15503;71.0;68.9;2.8
84;2021-10-18;251;352;553;398679;386945;16056;71.1;69.0;2.9
84;2021-10-19;223;383;785;398902;387328;16841;71.1;69.0;3.0
84;2021-10-20;313;459;925;399215;387787;17766;71.2;69.1;3.2
84;2021-10-21;218;361;679;399433;388148;18445;71.2;69.2;3.3
84;2021-10-22;246;482;830;399679;388630;19275;71.2;69.3;3.4
84;2021-10-23;209;285;222;399888;388915;19497;71.3;69.3;3.5
84;2021-10-24;20;28;4;399908;388943;19501;71.3;69.3;3.5
84;2021-10-25;252;356;613;400160;389299;20114;71.3;69.4;3.6
84;2021-10-26;242;324;758;400402;389623;20872;71.4;69.5;3.7
84;2021-10-27;224;398;1139;400626;390021;22011;71.4;69.5;3.9
84;2021-10-28;167;242;672;400793;390263;22683;71.4;69.6;4.0
84;2021-10-29;234;443;983;401027;390706;23666;71.5;69.6;4.2
84;2021-10-30;148;211;378;401175;390917;24044;71.5;69.7;4.3
84;2021-10-31;13;24;9;401188;390941;24053;71.5;69.7;4.3
84;2021-11-01;36;41;42;401224;390982;24095;71.5;69.7;4.3
84;2021-11-02;233;278;799;401457;391260;24894;71.6;69.7;4.4
84;2021-11-03;267;434;1049;401724;391694;25943;71.6;69.8;4.6
84;2021-11-04;167;251;920;401891;391945;26863;71.6;69.9;4.8
84;2021-11-05;233;346;1200;402124;392291;28063;71.7;69.9;5.0
84;2021-11-06;190;306;590;402314;392597;28653;71.7;70.0;5.1
84;2021-11-07;27;42;37;402341;392639;28690;71.7;70.0;5.1
84;2021-11-08;143;237;1053;402484;392876;29743;71.7;70.0;5.3
84;2021-11-09;180;344;1407;402664;393220;31150;71.8;70.1;5.6
84;2021-11-10;246;417;1540;402910;393637;32690;71.8;70.2;5.8
84;2021-11-11;45;45;156;402955;393682;32846;71.8;70.2;5.9
84;2021-11-12;204;242;1407;403159;393924;34253;71.9;70.2;6.1
84;2021-11-13;140;213;550;403299;394137;34803;71.9;70.3;6.2
84;2021-11-14;27;34;46;403326;394171;34849;71.9;70.3;6.2
84;2021-11-15;165;232;1239;403491;394403;36088;71.9;70.3;6.4
84;2021-11-16;170;271;1782;403661;394674;37870;72.0;70.4;6.8
84;2021-11-17;238;338;2049;403899;395012;39919;72.0;70.4;7.1
84;2021-11-18;187;242;1466;404086;395254;41385;72.0;70.5;7.4
84;2021-11-19;254;356;2015;404340;395610;43400;72.1;70.5;7.7
84;2021-11-20;175;203;771;404515;395813;44171;72.1;70.6;7.9
84;2021-11-21;18;32;85;404533;395845;44256;72.1;70.6;7.9
84;2021-11-22;167;220;1441;404700;396065;45697;72.1;70.6;8.1
84;2021-11-23;205;277;2330;404905;396342;48027;72.2;70.6;8.6
84;2021-11-24;240;311;2007;405145;396653;50034;72.2;70.7;8.9
84;2021-11-25;247;212;2213;405392;396865;52247;72.3;70.7;9.3
84;2021-11-26;245;332;3220;405637;397197;55467;72.3;70.8;9.9
84;2021-11-27;174;246;1760;405811;397443;57227;72.3;70.8;10.2
84;2021-11-28;38;47;410;405849;397490;57637;72.3;70.9;10.3
84;2021-11-29;125;194;2626;405974;397684;60263;72.4;70.9;10.7
84;2021-11-30;218;249;4031;406192;397933;64294;72.4;70.9;11.5
84;2021-12-01;233;278;3810;406425;398211;68104;72.4;71.0;12.1
84;2021-12-02;191;184;4755;406616;398395;72859;72.5;71.0;13.0
84;2021-12-03;238;260;5288;406854;398655;78147;72.5;71.1;13.9
84;2021-12-04;153;171;2553;407007;398826;80700;72.6;71.1;14.4
84;2021-12-05;51;48;751;407058;398874;81451;72.6;71.1;14.5
84;2021-12-06;138;179;3862;407196;399053;85313;72.6;71.1;15.2
84;2021-12-07;224;294;6343;407420;399347;91656;72.6;71.2;16.3
84;2021-12-08;223;302;5283;407643;399649;96939;72.7;71.2;17.3
84;2021-12-09;185;269;5918;407828;399918;102857;72.7;71.3;18.3
85;2020-12-27;0;0;0;0;0;0;0.0;0.0;0.0
85;2020-12-28;0;0;0;0;0;0;0.0;0.0;0.0
85;2020-12-29;0;0;0;0;0;0;0.0;0.0;0.0
85;2020-12-30;0;0;0;0;0;0;0.0;0.0;0.0
85;2020-12-31;0;0;0;0;0;0;0.0;0.0;0.0
85;2021-01-01;0;0;0;0;0;0;0.0;0.0;0.0
85;2021-01-02;0;0;0;0;0;0;0.0;0.0;0.0
85;2021-01-03;0;0;0;0;0;0;0.0;0.0;0.0
85;2021-01-04;22;0;0;22;0;0;0.0;0.0;0.0
85;2021-01-05;57;0;0;79;0;0;0.0;0.0;0.0
85;2021-01-06;94;1;0;173;1;0;0.0;0.0;0.0
85;2021-01-07;164;0;0;337;1;0;0.0;0.0;0.0
85;2021-01-08;289;2;0;626;3;0;0.1;0.0;0.0
85;2021-01-09;284;1;0;910;4;0;0.1;0.0;0.0
85;2021-01-10;66;0;0;976;4;0;0.1;0.0;0.0
85;2021-01-11;453;0;0;1429;4;0;0.2;0.0;0.0
85;2021-01-12;568;1;0;1997;5;0;0.3;0.0;0.0
85;2021-01-13;567;2;0;2564;7;0;0.4;0.0;0.0
85;2021-01-14;701;6;0;3265;13;0;0.5;0.0;0.0
85;2021-01-15;447;3;0;3712;16;0;0.5;0.0;0.0
85;2021-01-16;264;3;0;3976;19;0;0.6;0.0;0.0
85;2021-01-17;39;0;0;4015;19;0;0.6;0.0;0.0
85;2021-01-18;1010;3;0;5025;22;0;0.7;0.0;0.0
85;2021-01-19;1402;18;0;6427;40;0;0.9;0.0;0.0
85;2021-01-20;1917;6;0;8344;46;0;1.2;0.0;0.0
85;2021-01-21;3171;14;0;11515;60;0;1.7;0.0;0.0
85;2021-01-22;1685;20;0;13200;80;0;1.9;0.0;0.0
85;2021-01-23;458;1;0;13658;81;0;2.0;0.0;0.0
85;2021-01-24;46;0;0;13704;81;0;2.0;0.0;0.0
85;2021-01-25;581;1;0;14285;82;0;2.1;0.0;0.0
85;2021-01-26;928;31;0;15213;113;0;2.2;0.0;0.0
85;2021-01-27;1808;30;0;17021;143;0;2.5;0.0;0.0
85;2021-01-28;1733;25;0;18754;168;0;2.7;0.0;0.0
85;2021-01-29;892;72;0;19646;240;0;2.9;0.0;0.0
85;2021-01-30;155;9;0;19801;249;0;2.9;0.0;0.0
85;2021-01-31;4;50;0;19805;299;0;2.9;0.0;0.0
85;2021-02-01;480;118;0;20285;417;0;3.0;0.1;0.0
85;2021-02-02;547;172;0;20832;589;0;3.0;0.1;0.0
85;2021-02-03;427;283;0;21259;872;0;3.1;0.1;0.0
85;2021-02-04;622;280;0;21881;1152;0;3.2;0.2;0.0
85;2021-02-05;647;281;0;22528;1433;0;3.3;0.2;0.0
85;2021-02-06;158;238;0;22686;1671;0;3.3;0.2;0.0
85;2021-02-07;4;5;0;22690;1676;0;3.3;0.2;0.0
85;2021-02-08;380;649;0;23070;2325;0;3.4;0.3;0.0
85;2021-02-09;655;1030;0;23725;3355;0;3.5;0.5;0.0
85;2021-02-10;596;1135;0;24321;4490;0;3.6;0.7;0.0
85;2021-02-11;1507;2923;0;25828;7413;0;3.8;1.1;0.0
85;2021-02-12;1024;1288;0;26852;8701;0;3.9;1.3;0.0
85;2021-02-13;241;470;0;27093;9171;0;4.0;1.3;0.0
85;2021-02-14;3;127;0;27096;9298;0;4.0;1.4;0.0
85;2021-02-15;348;828;0;27444;10126;0;4.0;1.5;0.0
85;2021-02-16;586;1198;0;28030;11324;0;4.1;1.7;0.0
85;2021-02-17;761;1601;0;28791;12925;0;4.2;1.9;0.0
85;2021-02-18;1223;1949;0;30014;14874;0;4.4;2.2;0.0
85;2021-02-19;938;1209;0;30952;16083;0;4.5;2.4;0.0
85;2021-02-20;186;261;0;31138;16344;0;4.6;2.4;0.0
85;2021-02-21;3;13;0;31141;16357;0;4.6;2.4;0.0
85;2021-02-22;796;871;0;31937;17228;0;4.7;2.5;0.0
85;2021-02-23;825;518;0;32762;17746;0;4.8;2.6;0.0
85;2021-02-24;764;343;0;33526;18089;0;4.9;2.6;0.0
85;2021-02-25;1313;431;0;34839;18520;0;5.1;2.7;0.0
85;2021-02-26;1265;368;0;36104;18888;0;5.3;2.8;0.0
85;2021-02-27;422;105;0;36526;18993;0;5.3;2.8;0.0
85;2021-02-28;9;2;0;36535;18995;0;5.3;2.8;0.0
85;2021-03-01;767;435;0;37302;19430;0;5.5;2.8;0.0
85;2021-03-02;1098;766;0;38400;20196;0;5.6;3.0;0.0
85;2021-03-03;886;530;0;39286;20726;0;5.8;3.0;0.0
85;2021-03-04;1600;1165;0;40886;21891;0;6.0;3.2;0.0
85;2021-03-05;1792;877;0;42678;22768;0;6.2;3.3;0.0
85;2021-03-06;1202;137;0;43880;22905;0;6.4;3.4;0.0
85;2021-03-07;334;30;0;44214;22935;0;6.5;3.4;0.0
85;2021-03-08;1743;449;0;45957;23384;0;6.7;3.4;0.0
85;2021-03-09;2237;591;0;48194;23975;0;7.1;3.5;0.0
85;2021-03-10;1882;651;0;50076;24626;0;7.3;3.6;0.0
85;2021-03-11;3168;1080;0;53244;25706;0;7.8;3.8;0.0
85;2021-03-12;2780;853;0;56024;26559;0;8.2;3.9;0.0
85;2021-03-13;1393;173;0;57417;26732;0;8.4;3.9;0.0
85;2021-03-14;175;4;0;57592;26736;0;8.4;3.9;0.0
85;2021-03-15;1938;508;0;59530;27244;0;8.7;4.0;0.0
85;2021-03-16;1620;483;0;61150;27727;0;9.0;4.1;0.0
85;2021-03-17;985;512;0;62135;28239;0;9.1;4.1;0.0
85;2021-03-18;1868;452;0;64003;28691;0;9.4;4.2;0.0
85;2021-03-19;2249;361;0;66252;29052;0;9.7;4.3;0.0
85;2021-03-20;1085;174;0;67337;29226;0;9.9;4.3;0.0
85;2021-03-21;276;5;0;67613;29231;0;9.9;4.3;0.0
85;2021-03-22;1811;540;0;69424;29771;0;10.2;4.4;0.0
85;2021-03-23;2488;749;0;71912;30520;0;10.5;4.5;0.0
85;2021-03-24;2236;520;0;74148;31040;0;10.9;4.5;0.0
85;2021-03-25;3711;612;0;77859;31652;0;11.4;4.6;0.0
85;2021-03-26;3379;673;0;81238;32325;0;11.9;4.7;0.0
85;2021-03-27;1737;124;0;82975;32449;0;12.1;4.7;0.0
85;2021-03-28;548;6;0;83523;32455;0;12.2;4.8;0.0
85;2021-03-29;2421;759;0;85944;33214;0;12.6;4.9;0.0
85;2021-03-30;2884;1007;0;88828;34221;0;13.0;5.0;0.0
85;2021-03-31;2323;673;0;91151;34894;0;13.3;5.1;0.0
85;2021-04-01;3827;926;0;94978;35820;0;13.9;5.2;0.0
85;2021-04-02;2832;1125;0;97810;36945;0;14.3;5.4;0.0
85;2021-04-03;1394;321;0;99204;37266;0;14.5;5.5;0.0
85;2021-04-04;324;34;0;99528;37300;0;14.6;5.5;0.0
85;2021-04-05;140;172;0;99668;37472;0;14.6;5.5;0.0
85;2021-04-06;2169;1588;0;101837;39060;0;14.9;5.7;0.0
85;2021-04-07;3094;1190;0;104931;40250;0;15.4;5.9;0.0
85;2021-04-08;4569;1589;0;109500;41839;0;16.0;6.1;0.0
85;2021-04-09;4600;1208;0;114100;43047;0;16.7;6.3;0.0
85;2021-04-10;1800;400;0;115900;43447;0;17.0;6.4;0.0
85;2021-04-11;43;16;0;115943;43463;0;17.0;6.4;0.0
85;2021-04-12;4177;1434;0;120120;44897;0;17.6;6.6;0.0
85;2021-04-13;4653;1849;0;124773;46746;0;18.3;6.8;0.0
85;2021-04-14;4025;1048;0;128798;47794;0;18.9;7.0;0.0
85;2021-04-15;5362;1757;0;134160;49551;0;19.6;7.3;0.0
85;2021-04-16;5073;1577;0;139233;51128;0;20.4;7.5;0.0
85;2021-04-17;1407;433;0;140640;51561;0;20.6;7.5;0.0
85;2021-04-18;368;31;0;141008;51592;0;20.6;7.6;0.0
85;2021-04-19;3305;1690;0;144313;53282;0;21.1;7.8;0.0
85;2021-04-20;3718;1933;0;148031;55215;0;21.7;8.1;0.0
85;2021-04-21;2747;1688;0;150778;56903;0;22.1;8.3;0.0
85;2021-04-22;3764;2174;0;154542;59077;0;22.6;8.6;0.0
85;2021-04-23;4012;2112;0;158554;61189;0;23.2;9.0;0.0
85;2021-04-24;1653;1499;0;160207;62688;0;23.4;9.2;0.0
85;2021-04-25;952;569;0;161159;63257;0;23.6;9.3;0.0
85;2021-04-26;3632;2290;0;164791;65547;0;24.1;9.6;0.0
85;2021-04-27;4368;2201;0;169159;67748;0;24.8;9.9;0.0
85;2021-04-28;5711;1413;0;174870;69161;0;25.6;10.1;0.0
85;2021-04-29;5536;2027;0;180406;71188;0;26.4;10.4;0.0
85;2021-04-30;5570;1806;0;185976;72994;0;27.2;10.7;0.0
85;2021-05-01;1584;667;0;187560;73661;0;27.5;10.8;0.0
85;2021-05-02;721;443;0;188281;74104;0;27.6;10.8;0.0
85;2021-05-03;3535;2268;0;191816;76372;0;28.1;11.2;0.0
85;2021-05-04;3477;2972;0;195293;79344;0;28.6;11.6;0.0
85;2021-05-05;4563;2180;0;199856;81524;0;29.3;11.9;0.0
85;2021-05-06;4809;2623;0;204665;84147;0;30.0;12.3;0.0
85;2021-05-07;3975;3750;0;208640;87897;0;30.5;12.9;0.0
85;2021-05-08;2065;243;0;210705;88140;0;30.8;12.9;0.0
85;2021-05-09;1374;170;0;212079;88310;0;31.0;12.9;0.0
85;2021-05-10;3333;4760;0;215412;93070;0;31.5;13.6;0.0
85;2021-05-11;4109;4840;0;219521;97910;0;32.1;14.3;0.0
85;2021-05-12;5048;3963;0;224569;101873;0;32.9;14.9;0.0
85;2021-05-13;4536;572;0;229105;102445;0;33.5;15.0;0.0
85;2021-05-14;4191;3022;0;233296;105467;0;34.1;15.4;0.0
85;2021-05-15;2204;739;0;235500;106206;0;34.5;15.5;0.0
85;2021-05-16;1952;134;0;237452;106340;0;34.8;15.6;0.0
85;2021-05-17;4020;3273;0;241472;109613;0;35.3;16.0;0.0
85;2021-05-18;5070;2826;0;246542;112439;0;36.1;16.5;0.0
85;2021-05-19;6239;1772;0;252781;114211;0;37.0;16.7;0.0
85;2021-05-20;6404;2187;0;259185;116398;0;37.9;17.0;0.0
85;2021-05-21;5282;2770;0;264467;119168;0;38.7;17.4;0.0
85;2021-05-22;2287;727;0;266754;119895;0;39.0;17.5;0.0
85;2021-05-23;956;126;0;267710;120021;0;39.2;17.6;0.0
85;2021-05-24;3826;399;0;271536;120420;0;39.7;17.6;0.0
85;2021-05-25;4150;3544;0;275686;123964;0;40.4;18.1;0.0
85;2021-05-26;4892;2668;0;280578;126632;0;41.1;18.5;0.0
85;2021-05-27;4770;3593;0;285348;130225;0;41.8;19.1;0.0
85;2021-05-28;5144;4001;0;290492;134226;0;42.5;19.6;0.0
85;2021-05-29;3539;1498;0;294031;135724;0;43.0;19.9;0.0
85;2021-05-30;754;101;0;294785;135825;0;43.1;19.9;0.0
85;2021-05-31;4464;3379;0;299249;139204;0;43.8;20.4;0.0
85;2021-06-01;5080;3426;0;304329;142630;0;44.5;20.9;0.0
85;2021-06-02;5520;2581;0;309849;145211;0;45.4;21.3;0.0
85;2021-06-03;5867;3277;0;315716;148488;0;46.2;21.7;0.0
85;2021-06-04;5842;3844;0;321558;152332;0;47.1;22.3;0.0
85;2021-06-05;2594;1889;0;324152;154221;0;47.4;22.6;0.0
85;2021-06-06;1250;827;0;325402;155048;0;47.6;22.7;0.0
85;2021-06-07;3267;4801;0;328669;159849;0;48.1;23.4;0.0
85;2021-06-08;4030;4539;0;332699;164388;0;48.7;24.1;0.0
85;2021-06-09;5116;3596;0;337815;167984;0;49.4;24.6;0.0
85;2021-06-10;5223;3634;0;343038;171618;0;50.2;25.1;0.0
85;2021-06-11;4795;4582;0;347833;176200;0;50.9;25.8;0.0
85;2021-06-12;1653;1793;0;349486;177993;0;51.2;26.1;0.0
85;2021-06-13;763;616;0;350249;178609;0;51.3;26.1;0.0
85;2021-06-14;2648;5040;0;352897;183649;0;51.7;26.9;0.0
85;2021-06-15;3762;4985;0;356659;188634;0;52.2;27.6;0.0
85;2021-06-16;4283;3848;0;360942;192482;0;52.8;28.2;0.0
85;2021-06-17;4087;3765;0;365029;196247;0;53.4;28.7;0.0
85;2021-06-18;3732;5612;0;368761;201859;0;54.0;29.5;0.0
85;2021-06-19;1287;1938;0;370048;203797;0;54.2;29.8;0.0
85;2021-06-20;117;471;0;370165;204268;0;54.2;29.9;0.0
85;2021-06-21;2427;5764;0;372592;210032;0;54.5;30.7;0.0
85;2021-06-22;2917;5651;0;375509;215683;0;55.0;31.6;0.0
85;2021-06-23;3579;4445;0;379088;220128;0;55.5;32.2;0.0
85;2021-06-24;3819;4375;0;382907;224503;0;56.0;32.9;0.0
85;2021-06-25;2581;6107;0;385488;230610;0;56.4;33.8;0.0
85;2021-06-26;889;3593;0;386377;234203;0;56.6;34.3;0.0
85;2021-06-27;111;1284;0;386488;235487;0;56.6;34.5;0.0
85;2021-06-28;1337;6594;0;387825;242081;0;56.8;35.4;0.0
85;2021-06-29;1964;6714;0;389789;248795;0;57.1;36.4;0.0
85;2021-06-30;2397;6043;0;392186;254838;0;57.4;37.3;0.0
85;2021-07-01;3064;5799;0;395250;260637;0;57.9;38.2;0.0
85;2021-07-02;2510;6766;0;397760;267403;0;58.2;39.1;0.0
85;2021-07-03;647;3001;0;398407;270404;0;58.3;39.6;0.0
85;2021-07-04;125;977;0;398532;271381;0;58.3;39.7;0.0
85;2021-07-05;1102;6330;2;399634;277711;2;58.5;40.6;0.0
85;2021-07-06;1652;6216;0;401286;283927;2;58.7;41.6;0.0
85;2021-07-07;1686;5762;0;402972;289689;2;59.0;42.4;0.0
85;2021-07-08;2269;5345;0;405241;295034;2;59.3;43.2;0.0
85;2021-07-09;1749;6977;0;406990;302011;2;59.6;44.2;0.0
85;2021-07-10;564;2649;0;407554;304660;2;59.7;44.6;0.0
85;2021-07-11;426;896;0;407980;305556;2;59.7;44.7;0.0
85;2021-07-12;1348;6742;0;409328;312298;2;59.9;45.7;0.0
85;2021-07-13;2042;7370;0;411370;319668;2;60.2;46.8;0.0
85;2021-07-14;1301;1658;0;412671;321326;2;60.4;47.0;0.0
85;2021-07-15;2605;6816;0;415276;328142;2;60.8;48.0;0.0
85;2021-07-16;3352;6820;0;418628;334962;2;61.3;49.0;0.0
85;2021-07-17;1573;2134;0;420201;337096;2;61.5;49.3;0.0
85;2021-07-18;843;822;0;421044;337918;2;61.6;49.5;0.0
85;2021-07-19;3146;6045;0;424190;343963;2;62.1;50.3;0.0
85;2021-07-20;3779;6094;0;427969;350057;2;62.6;51.2;0.0
85;2021-07-21;3607;6067;0;431576;356124;2;63.2;52.1;0.0
85;2021-07-22;3738;6031;0;435314;362155;2;63.7;53.0;0.0
85;2021-07-23;4237;6557;0;439551;368712;2;64.3;54.0;0.0
85;2021-07-24;1412;2296;0;440963;371008;2;64.5;54.3;0.0
85;2021-07-25;441;278;0;441404;371286;2;64.6;54.3;0.0
85;2021-07-26;4106;5128;0;445510;376414;2;65.2;55.1;0.0
85;2021-07-27;4757;5335;0;450267;381749;2;65.9;55.9;0.0
85;2021-07-28;4779;4876;0;455046;386625;2;66.6;56.6;0.0
85;2021-07-29;5611;4665;0;460657;391290;2;67.4;57.3;0.0
85;2021-07-30;5667;4814;0;466324;396104;2;68.3;58.0;0.0
85;2021-07-31;1301;1572;0;467625;397676;2;68.4;58.2;0.0
85;2021-08-01;377;130;0;468002;397806;2;68.5;58.2;0.0
85;2021-08-02;4420;3620;0;472422;401426;2;69.1;58.8;0.0
85;2021-08-03;5889;3338;0;478311;404764;2;70.0;59.2;0.0
85;2021-08-04;6193;3298;1;484504;408062;3;70.9;59.7;0.0
85;2021-08-05;5784;3312;0;490288;411374;3;71.8;60.2;0.0
85;2021-08-06;5373;4140;0;495661;415514;3;72.6;60.8;0.0
85;2021-08-07;1448;1065;0;497109;416579;3;72.8;61.0;0.0
85;2021-08-08;285;176;0;497394;416755;3;72.8;61.0;0.0
85;2021-08-09;4046;2990;0;501440;419745;3;73.4;61.4;0.0
85;2021-08-10;4773;2970;0;506213;422715;3;74.1;61.9;0.0
85;2021-08-11;4572;3679;0;510785;426394;3;74.8;62.4;0.0
85;2021-08-12;4245;3565;0;515030;429959;3;75.4;62.9;0.0
85;2021-08-13;3871;3267;0;518901;433226;3;76.0;63.4;0.0
85;2021-08-14;1019;923;0;519920;434149;3;76.1;63.5;0.0
85;2021-08-15;122;179;0;520042;434328;3;76.1;63.6;0.0
85;2021-08-16;2838;4123;0;522880;438451;3;76.5;64.2;0.0
85;2021-08-17;2983;3716;0;525863;442167;3;77.0;64.7;0.0
85;2021-08-18;3130;3583;0;528993;445750;3;77.4;65.2;0.0
85;2021-08-19;2589;3758;1;531582;449508;4;77.8;65.8;0.0
85;2021-08-20;2455;4823;0;534037;454331;4;78.2;66.5;0.0
85;2021-08-21;639;1281;0;534676;455612;4;78.3;66.7;0.0
85;2021-08-22;265;734;0;534941;456346;4;78.3;66.8;0.0
85;2021-08-23;1875;4921;1;536816;461267;5;78.6;67.5;0.0
85;2021-08-24;1888;4564;0;538704;465831;5;78.9;68.2;0.0
85;2021-08-25;1672;4633;0;540376;470464;5;79.1;68.9;0.0
85;2021-08-26;1539;4546;1;541915;475010;6;79.3;69.5;0.0
85;2021-08-27;1761;5182;1;543676;480192;7;79.6;70.3;0.0
85;2021-08-28;555;1313;0;544231;481505;7;79.7;70.5;0.0
85;2021-08-29;103;737;0;544334;482242;7;79.7;70.6;0.0
85;2021-08-30;1099;4918;25;545433;487160;32;79.8;71.3;0.0
85;2021-08-31;1185;5406;72;546618;492566;104;80.0;72.1;0.0
85;2021-09-01;1190;4970;162;547808;497536;266;80.2;72.8;0.0
85;2021-09-02;975;4011;232;548783;501547;498;80.3;73.4;0.1
85;2021-09-03;1249;4269;301;550032;505816;799;80.5;74.0;0.1
85;2021-09-04;390;1423;81;550422;507239;880;80.6;74.2;0.1
85;2021-09-05;30;164;15;550452;507403;895;80.6;74.3;0.1
85;2021-09-06;841;3460;405;551293;510863;1300;80.7;74.8;0.2
85;2021-09-07;860;2974;403;552153;513837;1703;80.8;75.2;0.2
85;2021-09-08;890;3531;265;553043;517368;1968;81.0;75.7;0.3
85;2021-09-09;638;2500;411;553681;519868;2379;81.0;76.1;0.3
85;2021-09-10;798;3459;339;554479;523327;2718;81.2;76.6;0.4
85;2021-09-11;285;1356;74;554764;524683;2792;81.2;76.8;0.4
85;2021-09-12;17;45;25;554781;524728;2817;81.2;76.8;0.4
85;2021-09-13;560;2221;478;555341;526949;3295;81.3;77.1;0.5
85;2021-09-14;565;1699;788;555906;528648;4083;81.4;77.4;0.6
85;2021-09-15;630;2650;587;556536;531298;4670;81.5;77.8;0.7
85;2021-09-16;406;1373;618;556942;532671;5288;81.5;78.0;0.8
85;2021-09-17;727;2485;605;557669;535156;5893;81.6;78.3;0.9
85;2021-09-18;201;957;88;557870;536113;5981;81.7;78.5;0.9
85;2021-09-19;10;35;6;557880;536148;5987;81.7;78.5;0.9
85;2021-09-20;343;1367;630;558223;537515;6617;81.7;78.7;1.0
85;2021-09-21;431;1107;951;558654;538622;7568;81.8;78.8;1.1
85;2021-09-22;429;2018;785;559083;540640;8353;81.8;79.1;1.2
85;2021-09-23;772;1004;999;559855;541644;9352;81.9;79.3;1.4
85;2021-09-24;604;2038;686;560459;543682;10038;82.0;79.6;1.5
85;2021-09-25;155;888;150;560614;544570;10188;82.1;79.7;1.5
85;2021-09-26;6;8;0;560620;544578;10188;82.1;79.7;1.5
85;2021-09-27;368;949;971;560988;545527;11159;82.1;79.9;1.6
85;2021-09-28;244;612;758;561232;546139;11917;82.1;79.9;1.7
85;2021-09-29;400;1327;653;561632;547466;12570;82.2;80.1;1.8
85;2021-09-30;336;770;1183;561968;548236;13753;82.3;80.2;2.0
85;2021-10-01;453;959;728;562421;549195;14481;82.3;80.4;2.1
85;2021-10-02;187;538;157;562608;549733;14638;82.4;80.5;2.1
85;2021-10-03;8;18;12;562616;549751;14650;82.4;80.5;2.1
85;2021-10-04;216;698;758;562832;550449;15408;82.4;80.6;2.3
85;2021-10-05;303;455;674;563135;550904;16082;82.4;80.6;2.4
85;2021-10-06;395;884;761;563530;551788;16843;82.5;80.8;2.5
85;2021-10-07;244;416;1063;563774;552204;17906;82.5;80.8;2.6
85;2021-10-08;365;1023;884;564139;553227;18790;82.6;81.0;2.8
85;2021-10-09;124;331;154;564263;553558;18944;82.6;81.0;2.8
85;2021-10-10;14;17;5;564277;553575;18949;82.6;81.0;2.8
85;2021-10-11;229;488;957;564506;554063;19906;82.6;81.1;2.9
85;2021-10-12;170;328;593;564676;554391;20499;82.7;81.1;3.0
85;2021-10-13;342;668;860;565018;555059;21359;82.7;81.2;3.1
85;2021-10-14;203;580;789;565221;555639;22148;82.7;81.3;3.2
85;2021-10-15;261;842;918;565482;556481;23066;82.8;81.5;3.4
85;2021-10-16;108;168;160;565590;556649;23226;82.8;81.5;3.4
85;2021-10-17;2;10;7;565592;556659;23233;82.8;81.5;3.4
85;2021-10-18;239;357;900;565831;557016;24133;82.8;81.5;3.5
85;2021-10-19;76;198;619;565907;557214;24752;82.8;81.6;3.6
85;2021-10-20;178;591;1186;566085;557805;25938;82.9;81.6;3.8
85;2021-10-21;125;363;1487;566210;558168;27425;82.9;81.7;4.0
85;2021-10-22;172;653;1301;566382;558821;28726;82.9;81.8;4.2
85;2021-10-23;44;156;186;566426;558977;28912;82.9;81.8;4.2
85;2021-10-24;1;2;1;566427;558979;28913;82.9;81.8;4.2
85;2021-10-25;166;244;1132;566593;559223;30045;82.9;81.9;4.4
85;2021-10-26;61;139;542;566654;559362;30587;82.9;81.9;4.5
85;2021-10-27;173;456;1371;566827;559818;31958;83.0;81.9;4.7
85;2021-10-28;126;186;1056;566953;560004;33014;83.0;82.0;4.8
85;2021-10-29;134;375;1578;567087;560379;34592;83.0;82.0;5.1
85;2021-10-30;31;105;241;567118;560484;34833;83.0;82.0;5.1
85;2021-10-31;0;1;0;567118;560485;34833;83.0;82.0;5.1
85;2021-11-01;0;2;4;567118;560487;34837;83.0;82.0;5.1
85;2021-11-02;117;302;1254;567235;560789;36091;83.0;82.1;5.3
85;2021-11-03;183;364;1907;567418;561153;37998;83.1;82.1;5.6
85;2021-11-04;109;221;1704;567527;561374;39702;83.1;82.2;5.8
85;2021-11-05;133;323;1812;567660;561697;41514;83.1;82.2;6.1
85;2021-11-06;34;109;443;567694;561806;41957;83.1;82.2;6.1
85;2021-11-07;2;8;19;567696;561814;41976;83.1;82.2;6.1
85;2021-11-08;103;274;1944;567799;562088;43920;83.1;82.3;6.4
85;2021-11-09;85;165;1800;567884;562253;45720;83.1;82.3;6.7
85;2021-11-10;158;260;2713;568042;562513;48433;83.1;82.3;7.1
85;2021-11-11;2;3;59;568044;562516;48492;83.1;82.3;7.1
85;2021-11-12;86;158;1791;568130;562674;50283;83.2;82.4;7.4
85;2021-11-13;24;64;470;568154;562738;50753;83.2;82.4;7.4
85;2021-11-14;1;2;10;568155;562740;50763;83.2;82.4;7.4
85;2021-11-15;76;189;2473;568231;562929;53236;83.2;82.4;7.8
85;2021-11-16;94;127;2661;568325;563056;55897;83.2;82.4;8.2
85;2021-11-17;149;261;2940;568474;563317;58837;83.2;82.5;8.6
85;2021-11-18;98;132;2707;568572;563449;61544;83.2;82.5;9.0
85;2021-11-19;125;201;3080;568697;563650;64624;83.2;82.5;9.5
85;2021-11-20;48;81;555;568745;563731;65179;83.2;82.5;9.5
85;2021-11-21;1;2;2;568746;563733;65181;83.2;82.5;9.5
85;2021-11-22;141;108;3185;568887;563841;68366;83.3;82.5;10.0
85;2021-11-23;137;82;3582;569024;563923;71948;83.3;82.5;10.5
85;2021-11-24;183;257;3142;569207;564180;75090;83.3;82.6;11.0
85;2021-11-25;128;146;3541;569335;564326;78631;83.3;82.6;11.5
85;2021-11-26;129;190;4303;569464;564516;82934;83.4;82.6;12.1
85;2021-11-27;47;83;1632;569511;564599;84566;83.4;82.6;12.4
85;2021-11-28;18;10;909;569529;564609;85475;83.4;82.6;12.5
85;2021-11-29;116;152;4708;569645;564761;90183;83.4;82.7;13.2
85;2021-11-30;147;107;5444;569792;564868;95627;83.4;82.7;14.0
85;2021-12-01;145;152;6086;569937;565020;101713;83.4;82.7;14.9
85;2021-12-02;80;63;5835;570017;565083;107548;83.4;82.7;15.7
85;2021-12-03;95;125;7166;570112;565208;114714;83.4;82.7;16.8
85;2021-12-04;40;41;2557;570152;565249;117271;83.5;82.7;17.2
85;2021-12-05;7;2;424;570159;565251;117695;83.5;82.7;17.2
85;2021-12-06;70;102;6714;570229;565353;124409;83.5;82.8;18.2
85;2021-12-07;70;99;6681;570299;565452;131090;83.5;82.8;19.2
85;2021-12-08;99;154;7336;570398;565606;138426;83.5;82.8;20.3
85;2021-12-09;73;116;7295;570471;565722;145721;83.5;82.8;21.3
86;2020-12-27;0;0;0;0;0;0;0.0;0.0;0.0
86;2020-12-28;0;0;0;0;0;0;0.0;0.0;0.0
86;2020-12-29;1;0;0;1;0;0;0.0;0.0;0.0
86;2020-12-30;0;0;0;1;0;0;0.0;0.0;0.0
86;2020-12-31;0;0;0;1;0;0;0.0;0.0;0.0
86;2021-01-01;1;0;0;2;0;0;0.0;0.0;0.0
86;2021-01-02;1;0;0;3;0;0;0.0;0.0;0.0
86;2021-01-03;0;0;0;3;0;0;0.0;0.0;0.0
86;2021-01-04;1;0;0;4;0;0;0.0;0.0;0.0
86;2021-01-05;3;0;0;7;0;0;0.0;0.0;0.0
86;2021-01-06;166;1;0;173;1;0;0.0;0.0;0.0
86;2021-01-07;661;0;0;834;1;0;0.2;0.0;0.0
86;2021-01-08;592;3;0;1426;4;0;0.3;0.0;0.0
86;2021-01-09;2;0;0;1428;4;0;0.3;0.0;0.0
86;2021-01-10;165;0;0;1593;4;0;0.4;0.0;0.0
86;2021-01-11;305;0;0;1898;4;0;0.4;0.0;0.0
86;2021-01-12;462;1;0;2360;5;0;0.5;0.0;0.0
86;2021-01-13;340;1;0;2700;6;0;0.6;0.0;0.0
86;2021-01-14;561;1;0;3261;7;0;0.7;0.0;0.0
86;2021-01-15;551;3;0;3812;10;0;0.9;0.0;0.0
86;2021-01-16;5;0;0;3817;10;0;0.9;0.0;0.0
86;2021-01-17;0;0;0;3817;10;0;0.9;0.0;0.0
86;2021-01-18;564;0;0;4381;10;0;1.0;0.0;0.0
86;2021-01-19;1821;2;0;6202;12;0;1.4;0.0;0.0
86;2021-01-20;1440;27;0;7642;39;0;1.7;0.0;0.0
86;2021-01-21;1262;3;0;8904;42;0;2.0;0.0;0.0
86;2021-01-22;824;2;0;9728;44;0;2.2;0.0;0.0
86;2021-01-23;295;2;0;10023;46;0;2.3;0.0;0.0
86;2021-01-24;1;0;0;10024;46;0;2.3;0.0;0.0
86;2021-01-25;588;108;0;10612;154;0;2.4;0.0;0.0
86;2021-01-26;731;119;0;11343;273;0;2.6;0.1;0.0
86;2021-01-27;761;152;0;12104;425;0;2.8;0.1;0.0
86;2021-01-28;1018;413;0;13122;838;0;3.0;0.2;0.0
86;2021-01-29;877;217;0;13999;1055;0;3.2;0.2;0.0
86;2021-01-30;259;101;0;14258;1156;0;3.3;0.3;0.0
86;2021-01-31;54;151;0;14312;1307;0;3.3;0.3;0.0
86;2021-02-01;415;213;0;14727;1520;0;3.4;0.3;0.0
86;2021-02-02;561;376;0;15288;1896;0;3.5;0.4;0.0
86;2021-02-03;521;234;0;15809;2130;0;3.6;0.5;0.0
86;2021-02-04;453;367;0;16262;2497;0;3.7;0.6;0.0
86;2021-02-05;437;724;0;16699;3221;0;3.8;0.7;0.0
86;2021-02-06;137;195;0;16836;3416;0;3.8;0.8;0.0
86;2021-02-07;103;4;0;16939;3420;0;3.9;0.8;0.0
86;2021-02-08;353;312;0;17292;3732;0;4.0;0.9;0.0
86;2021-02-09;737;1071;0;18029;4803;0;4.1;1.1;0.0
86;2021-02-10;941;903;0;18970;5706;0;4.3;1.3;0.0
86;2021-02-11;948;982;0;19918;6688;0;4.6;1.5;0.0
86;2021-02-12;698;405;0;20616;7093;0;4.7;1.6;0.0
86;2021-02-13;179;96;0;20795;7189;0;4.8;1.6;0.0
86;2021-02-14;1;32;0;20796;7221;0;4.8;1.7;0.0
86;2021-02-15;245;496;0;21041;7717;0;4.8;1.8;0.0
86;2021-02-16;373;842;0;21414;8559;0;4.9;2.0;0.0
86;2021-02-17;434;875;0;21848;9434;0;5.0;2.2;0.0
86;2021-02-18;431;894;0;22279;10328;0;5.1;2.4;0.0
86;2021-02-19;577;620;0;22856;10948;0;5.2;2.5;0.0
86;2021-02-20;110;173;0;22966;11121;0;5.3;2.5;0.0
86;2021-02-21;3;3;0;22969;11124;0;5.3;2.5;0.0
86;2021-02-22;225;431;0;23194;11555;0;5.3;2.6;0.0
86;2021-02-23;368;580;0;23562;12135;0;5.4;2.8;0.0
86;2021-02-24;394;586;0;23956;12721;0;5.5;2.9;0.0
86;2021-02-25;857;645;0;24813;13366;0;5.7;3.1;0.0
86;2021-02-26;984;553;0;25797;13919;0;5.9;3.2;0.0
86;2021-02-27;460;134;0;26257;14053;0;6.0;3.2;0.0
86;2021-02-28;7;2;0;26264;14055;0;6.0;3.2;0.0
86;2021-03-01;240;479;0;26504;14534;0;6.1;3.3;0.0
86;2021-03-02;1121;819;0;27625;15353;0;6.3;3.5;0.0
86;2021-03-03;805;626;0;28430;15979;0;6.5;3.7;0.0
86;2021-03-04;1485;583;0;29915;16562;0;6.8;3.8;0.0
86;2021-03-05;1565;322;0;31480;16884;0;7.2;3.9;0.0
86;2021-03-06;976;165;0;32456;17049;0;7.4;3.9;0.0
86;2021-03-07;341;38;0;32797;17087;0;7.5;3.9;0.0
86;2021-03-08;461;521;0;33258;17608;0;7.6;4.0;0.0
86;2021-03-09;1339;501;0;34597;18109;0;7.9;4.1;0.0
86;2021-03-10;939;608;0;35536;18717;0;8.1;4.3;0.0
86;2021-03-11;1774;473;0;37310;19190;0;8.5;4.4;0.0
86;2021-03-12;2150;414;0;39460;19604;0;9.0;4.5;0.0
86;2021-03-13;1402;91;0;40862;19695;0;9.3;4.5;0.0
86;2021-03-14;126;13;0;40988;19708;0;9.4;4.5;0.0
86;2021-03-15;744;159;0;41732;19867;0;9.5;4.5;0.0
86;2021-03-16;820;206;0;42552;20073;0;9.7;4.6;0.0
86;2021-03-17;727;212;0;43279;20285;0;9.9;4.6;0.0
86;2021-03-18;892;109;0;44171;20394;0;10.1;4.7;0.0
86;2021-03-19;2038;339;0;46209;20733;0;10.6;4.7;0.0
86;2021-03-20;605;126;0;46814;20859;0;10.7;4.8;0.0
86;2021-03-21;14;0;0;46828;20859;0;10.7;4.8;0.0
86;2021-03-22;812;272;0;47640;21131;0;10.9;4.8;0.0
86;2021-03-23;1967;331;0;49607;21462;0;11.3;4.9;0.0
86;2021-03-24;1497;335;0;51104;21797;0;11.7;5.0;0.0
86;2021-03-25;2379;364;0;53483;22161;0;12.2;5.1;0.0
86;2021-03-26;2906;366;0;56389;22527;0;12.9;5.2;0.0
86;2021-03-27;731;140;0;57120;22667;0;13.1;5.2;0.0
86;2021-03-28;8;111;0;57128;22778;0;13.1;5.2;0.0
86;2021-03-29;1159;382;0;58287;23160;0;13.3;5.3;0.0
86;2021-03-30;2305;802;0;60592;23962;0;13.9;5.5;0.0
86;2021-03-31;1444;616;0;62036;24578;0;14.2;5.6;0.0
86;2021-04-01;2154;920;0;64190;25498;0;14.7;5.8;0.0
86;2021-04-02;1882;529;0;66072;26027;0;15.1;6.0;0.0
86;2021-04-03;796;286;0;66868;26313;0;15.3;6.0;0.0
86;2021-04-04;80;96;0;66948;26409;0;15.3;6.0;0.0
86;2021-04-05;286;4;0;67234;26413;0;15.4;6.0;0.0
86;2021-04-06;1543;915;0;68777;27328;0;15.7;6.2;0.0
86;2021-04-07;1618;606;0;70395;27934;0;16.1;6.4;0.0
86;2021-04-08;2515;750;0;72910;28684;0;16.7;6.6;0.0
86;2021-04-09;3225;620;0;76135;29304;0;17.4;6.7;0.0
86;2021-04-10;1612;181;0;77747;29485;0;17.8;6.7;0.0
86;2021-04-11;425;11;0;78172;29496;0;17.9;6.7;0.0
86;2021-04-12;808;707;0;78980;30203;0;18.1;6.9;0.0
86;2021-04-13;2380;881;0;81360;31084;0;18.6;7.1;0.0
86;2021-04-14;1836;828;0;83196;31912;0;19.0;7.3;0.0
86;2021-04-15;2255;672;0;85451;32584;0;19.5;7.4;0.0
86;2021-04-16;2396;1168;0;87847;33752;0;20.1;7.7;0.0
86;2021-04-17;1044;276;0;88891;34028;0;20.3;7.8;0.0
86;2021-04-18;122;5;0;89013;34033;0;20.4;7.8;0.0
86;2021-04-19;759;744;0;89772;34777;0;20.5;8.0;0.0
86;2021-04-20;2326;1467;0;92098;36244;0;21.1;8.3;0.0
86;2021-04-21;2038;1032;0;94136;37276;0;21.5;8.5;0.0
86;2021-04-22;2253;1314;0;96389;38590;0;22.0;8.8;0.0
86;2021-04-23;2340;1461;0;98729;40051;0;22.6;9.2;0.0
86;2021-04-24;1227;514;0;99956;40565;0;22.9;9.3;0.0
86;2021-04-25;771;27;0;100727;40592;0;23.0;9.3;0.0
86;2021-04-26;1943;834;0;102670;41426;0;23.5;9.5;0.0
86;2021-04-27;2983;1621;0;105653;43047;0;24.2;9.8;0.0
86;2021-04-28;2877;1411;0;108530;44458;0;24.8;10.2;0.0
86;2021-04-29;3476;1782;0;112006;46240;0;25.6;10.6;0.0
86;2021-04-30;2935;1430;0;114941;47670;0;26.3;10.9;0.0
86;2021-05-01;1544;202;0;116485;47872;0;26.6;10.9;0.0
86;2021-05-02;1211;45;0;117696;47917;0;26.9;11.0;0.0
86;2021-05-03;2415;963;0;120111;48880;0;27.5;11.2;0.0
86;2021-05-04;3287;1857;0;123398;50737;0;28.2;11.6;0.0
86;2021-05-05;3742;1448;0;127140;52185;0;29.1;11.9;0.0
86;2021-05-06;4068;1618;0;131208;53803;0;30.0;12.3;0.0
86;2021-05-07;3984;1815;0;135192;55618;0;30.9;12.7;0.0
86;2021-05-08;1823;383;0;137015;56001;0;31.3;12.8;0.0
86;2021-05-09;1513;185;0;138528;56186;0;31.7;12.8;0.0
86;2021-05-10;1848;1146;0;140376;57332;0;32.1;13.1;0.0
86;2021-05-11;3261;2593;0;143637;59925;0;32.8;13.7;0.0
86;2021-05-12;2141;1636;0;145778;61561;0;33.3;14.1;0.0
86;2021-05-13;1476;279;0;147254;61840;0;33.7;14.1;0.0
86;2021-05-14;1934;795;0;149188;62635;0;34.1;14.3;0.0
86;2021-05-15;1366;460;0;150554;63095;0;34.4;14.4;0.0
86;2021-05-16;734;148;0;151288;63243;0;34.6;14.5;0.0
86;2021-05-17;3004;1029;0;154292;64272;0;35.3;14.7;0.0
86;2021-05-18;3989;1593;0;158281;65865;0;36.2;15.1;0.0
86;2021-05-19;3320;1365;0;161601;67230;0;36.9;15.4;0.0
86;2021-05-20;3926;1572;0;165527;68802;0;37.8;15.7;0.0
86;2021-05-21;3223;1703;0;168750;70505;0;38.6;16.1;0.0
86;2021-05-22;1885;667;0;170635;71172;0;39.0;16.3;0.0
86;2021-05-23;1267;168;0;171902;71340;0;39.3;16.3;0.0
86;2021-05-24;1629;199;0;173531;71539;0;39.7;16.4;0.0
86;2021-05-25;2556;1546;0;176087;73085;0;40.3;16.7;0.0
86;2021-05-26;2543;1453;0;178630;74538;0;40.8;17.0;0.0
86;2021-05-27;3158;1772;0;181788;76310;0;41.6;17.4;0.0
86;2021-05-28;2128;2494;0;183916;78804;0;42.0;18.0;0.0
86;2021-05-29;1397;1252;0;185313;80056;0;42.4;18.3;0.0
86;2021-05-30;862;126;0;186175;80182;0;42.6;18.3;0.0
86;2021-05-31;1819;1738;0;187994;81920;0;43.0;18.7;0.0
86;2021-06-01;2444;2574;0;190438;84494;0;43.5;19.3;0.0
86;2021-06-02;2206;2536;0;192644;87030;0;44.0;19.9;0.0
86;2021-06-03;2976;2372;0;195620;89402;0;44.7;20.4;0.0
86;2021-06-04;2217;2809;0;197837;92211;0;45.2;21.1;0.0
86;2021-06-05;1464;1525;0;199301;93736;0;45.6;21.4;0.0
86;2021-06-06;787;870;0;200088;94606;0;45.7;21.6;0.0
86;2021-06-07;1181;2303;0;201269;96909;0;46.0;22.2;0.0
86;2021-06-08;1904;3541;0;203173;100450;0;46.5;23.0;0.0
86;2021-06-09;1871;3159;0;205044;103609;0;46.9;23.7;0.0
86;2021-06-10;2311;3119;0;207355;106728;0;47.4;24.4;0.0
86;2021-06-11;1616;2774;0;208971;109502;0;47.8;25.0;0.0
86;2021-06-12;899;2149;0;209870;111651;0;48.0;25.5;0.0
86;2021-06-13;281;1405;0;210151;113056;0;48.0;25.8;0.0
86;2021-06-14;1203;2783;0;211354;115839;0;48.3;26.5;0.0
86;2021-06-15;1723;3991;0;213077;119830;0;48.7;27.4;0.0
86;2021-06-16;1784;3066;0;214861;122896;0;49.1;28.1;0.0
86;2021-06-17;1843;4323;0;216704;127219;0;49.5;29.1;0.0
86;2021-06-18;1957;4479;0;218661;131698;0;50.0;30.1;0.0
86;2021-06-19;725;1987;0;219386;133685;0;50.2;30.6;0.0
86;2021-06-20;185;1235;0;219571;134920;0;50.2;30.8;0.0
86;2021-06-21;1197;2101;0;220768;137021;0;50.5;31.3;0.0
86;2021-06-22;1359;3258;0;222127;140279;0;50.8;32.1;0.0
86;2021-06-23;1478;2345;0;223605;142624;0;51.1;32.6;0.0
86;2021-06-24;1705;2667;0;225310;145291;0;51.5;33.2;0.0
86;2021-06-25;1310;3423;0;226620;148714;0;51.8;34.0;0.0
86;2021-06-26;474;2496;0;227094;151210;0;51.9;34.6;0.0
86;2021-06-27;141;1524;0;227235;152734;0;52.0;34.9;0.0
86;2021-06-28;436;3173;0;227671;155907;0;52.1;35.6;0.0
86;2021-06-29;980;4272;0;228651;160179;0;52.3;36.6;0.0
86;2021-06-30;1115;2863;0;229766;163042;0;52.5;37.3;0.0
86;2021-07-01;1539;2975;0;231305;166017;0;52.9;38.0;0.0
86;2021-07-02;1200;3586;0;232505;169603;0;53.2;38.8;0.0
86;2021-07-03;560;2269;0;233065;171872;0;53.3;39.3;0.0
86;2021-07-04;117;1243;0;233182;173115;0;53.3;39.6;0.0
86;2021-07-05;595;2727;0;233777;175842;0;53.4;40.2;0.0
86;2021-07-06;1039;3884;0;234816;179726;0;53.7;41.1;0.0
86;2021-07-07;1291;2556;0;236107;182282;0;54.0;41.7;0.0
86;2021-07-08;1640;3015;0;237747;185297;0;54.4;42.4;0.0
86;2021-07-09;1674;3062;0;239421;188359;0;54.7;43.1;0.0
86;2021-07-10;1165;1880;0;240586;190239;0;55.0;43.5;0.0
86;2021-07-11;476;807;0;241062;191046;0;55.1;43.7;0.0
86;2021-07-12;858;2407;0;241920;193453;0;55.3;44.2;0.0
86;2021-07-13;1759;3211;0;243679;196664;0;55.7;45.0;0.0
86;2021-07-14;796;1141;0;244475;197805;0;55.9;45.2;0.0
86;2021-07-15;1928;3191;0;246403;200996;0;56.3;46.0;0.0
86;2021-07-16;1733;2710;0;248136;203706;0;56.7;46.6;0.0
86;2021-07-17;1339;1653;0;249475;205359;0;57.0;47.0;0.0
86;2021-07-18;418;886;0;249893;206245;0;57.1;47.2;0.0
86;2021-07-19;1414;1975;0;251307;208220;0;57.5;47.6;0.0
86;2021-07-20;2357;2787;0;253664;211007;0;58.0;48.2;0.0
86;2021-07-21;2316;2269;0;255980;213276;0;58.5;48.8;0.0
86;2021-07-22;2722;2820;0;258702;216096;0;59.1;49.4;0.0
86;2021-07-23;2441;2449;0;261143;218545;0;59.7;50.0;0.0
86;2021-07-24;1529;1356;0;262672;219901;0;60.1;50.3;0.0
86;2021-07-25;730;393;0;263402;220294;0;60.2;50.4;0.0
86;2021-07-26;1670;2210;0;265072;222504;0;60.6;50.9;0.0
86;2021-07-27;3248;2780;0;268320;225284;0;61.3;51.5;0.0
86;2021-07-28;3160;2203;0;271480;227487;0;62.1;52.0;0.0
86;2021-07-29;3188;2551;0;274668;230038;0;62.8;52.6;0.0
86;2021-07-30;2266;2463;0;276934;232501;0;63.3;53.2;0.0
86;2021-07-31;1403;1105;0;278337;233606;0;63.6;53.4;0.0
86;2021-08-01;669;344;0;279006;233950;0;63.8;53.5;0.0
86;2021-08-02;1907;1677;0;280913;235627;0;64.2;53.9;0.0
86;2021-08-03;3069;2023;0;283982;237650;0;64.9;54.3;0.0
86;2021-08-04;2601;1737;0;286583;239387;0;65.5;54.7;0.0
86;2021-08-05;3182;2012;0;289765;241399;0;66.2;55.2;0.0
86;2021-08-06;2416;1803;0;292181;243202;0;66.8;55.6;0.0
86;2021-08-07;1509;1031;0;293690;244233;0;67.1;55.8;0.0
86;2021-08-08;837;524;0;294527;244757;0;67.3;56.0;0.0
86;2021-08-09;1844;1356;0;296371;246113;0;67.8;56.3;0.0
86;2021-08-10;2505;1847;0;298876;247960;0;68.3;56.7;0.0
86;2021-08-11;2222;1460;0;301098;249420;0;68.8;57.0;0.0
86;2021-08-12;2209;1839;0;303307;251259;0;69.3;57.4;0.0
86;2021-08-13;1795;1537;0;305102;252796;0;69.8;57.8;0.0
86;2021-08-14;1244;1114;0;306346;253910;0;70.0;58.1;0.0
86;2021-08-15;501;589;0;306847;254499;0;70.2;58.2;0.0
86;2021-08-16;1120;1870;0;307967;256369;0;70.4;58.6;0.0
86;2021-08-17;1507;2168;0;309474;258537;0;70.8;59.1;0.0
86;2021-08-18;1270;1861;0;310744;260398;0;71.0;59.5;0.0
86;2021-08-19;1413;2579;0;312157;262977;0;71.4;60.1;0.0
86;2021-08-20;1237;2636;0;313394;265613;0;71.6;60.7;0.0
86;2021-08-21;795;1856;0;314189;267469;0;71.8;61.2;0.0
86;2021-08-22;319;693;0;314508;268162;0;71.9;61.3;0.0
86;2021-08-23;754;1840;0;315262;270002;0;72.1;61.7;0.0
86;2021-08-24;1049;2669;0;316311;272671;0;72.3;62.3;0.0
86;2021-08-25;887;1973;0;317198;274644;0;72.5;62.8;0.0
86;2021-08-26;872;2643;0;318070;277287;0;72.7;63.4;0.0
86;2021-08-27;847;2208;0;318917;279495;0;72.9;63.9;0.0
86;2021-08-28;504;1672;0;319421;281167;0;73.0;64.3;0.0
86;2021-08-29;109;789;0;319530;281956;0;73.1;64.5;0.0
86;2021-08-30;655;2034;25;320185;283990;25;73.2;64.9;0.0
86;2021-08-31;921;2957;50;321106;286947;75;73.4;65.6;0.0
86;2021-09-01;585;2464;176;321691;289411;251;73.5;66.2;0.1
86;2021-09-02;707;2330;213;322398;291741;464;73.7;66.7;0.1
86;2021-09-03;720;2194;166;323118;293935;630;73.9;67.2;0.1
86;2021-09-04;348;2005;88;323466;295940;718;74.0;67.7;0.2
86;2021-09-05;32;836;11;323498;296776;729;74.0;67.9;0.2
86;2021-09-06;353;1496;176;323851;298272;905;74.0;68.2;0.2
86;2021-09-07;471;1853;220;324322;300125;1125;74.1;68.6;0.3
86;2021-09-08;543;1996;298;324865;302121;1423;74.3;69.1;0.3
86;2021-09-09;483;1619;240;325348;303740;1663;74.4;69.4;0.4
86;2021-09-10;498;1738;316;325846;305478;1979;74.5;69.8;0.5
86;2021-09-11;337;1715;55;326183;307193;2034;74.6;70.2;0.5
86;2021-09-12;93;694;57;326276;307887;2091;74.6;70.4;0.5
86;2021-09-13;327;978;520;326603;308865;2611;74.7;70.6;0.6
86;2021-09-14;381;1310;656;326984;310175;3267;74.8;70.9;0.7
86;2021-09-15;460;1470;298;327444;311645;3565;74.9;71.2;0.8
86;2021-09-16;394;955;827;327838;312600;4392;75.0;71.5;1.0
86;2021-09-17;454;1051;540;328292;313651;4932;75.1;71.7;1.1
86;2021-09-18;290;1148;119;328582;314799;5051;75.1;72.0;1.2
86;2021-09-19;70;388;17;328652;315187;5068;75.1;72.1;1.2
86;2021-09-20;216;607;341;328868;315794;5409;75.2;72.2;1.2
86;2021-09-21;260;836;518;329128;316630;5927;75.2;72.4;1.4
86;2021-09-22;301;1139;424;329429;317769;6351;75.3;72.6;1.5
86;2021-09-23;349;585;730;329778;318354;7081;75.4;72.8;1.6
86;2021-09-24;312;833;341;330090;319187;7422;75.5;73.0;1.7
86;2021-09-25;265;924;136;330355;320111;7558;75.5;73.2;1.7
86;2021-09-26;36;157;16;330391;320268;7574;75.5;73.2;1.7
86;2021-09-27;154;333;361;330545;320601;7935;75.6;73.3;1.8
86;2021-09-28;238;340;526;330783;320941;8461;75.6;73.4;1.9
86;2021-09-29;222;648;515;331005;321589;8976;75.7;73.5;2.1
86;2021-09-30;236;433;674;331241;322022;9650;75.7;73.6;2.2
86;2021-10-01;276;521;475;331517;322543;10125;75.8;73.7;2.3
86;2021-10-02;270;523;201;331787;323066;10326;75.9;73.9;2.4
86;2021-10-03;18;63;4;331805;323129;10330;75.9;73.9;2.4
86;2021-10-04;106;294;398;331911;323423;10728;75.9;73.9;2.5
86;2021-10-05;141;281;475;332052;323704;11203;75.9;74.0;2.6
86;2021-10-06;186;457;311;332238;324161;11514;76.0;74.1;2.6
86;2021-10-07;161;407;753;332399;324568;12267;76.0;74.2;2.8
86;2021-10-08;213;466;484;332612;325034;12751;76.0;74.3;2.9
86;2021-10-09;212;417;203;332824;325451;12954;76.1;74.4;3.0
86;2021-10-10;7;14;7;332831;325465;12961;76.1;74.4;3.0
86;2021-10-11;143;294;425;332974;325759;13386;76.1;74.5;3.1
86;2021-10-12;121;307;684;333095;326066;14070;76.2;74.5;3.2
86;2021-10-13;197;349;636;333292;326415;14706;76.2;74.6;3.4
86;2021-10-14;139;325;790;333431;326740;15496;76.2;74.7;3.5
86;2021-10-15;186;324;688;333617;327064;16184;76.3;74.8;3.7
86;2021-10-16;200;315;206;333817;327379;16390;76.3;74.8;3.7
86;2021-10-17;4;5;0;333821;327384;16390;76.3;74.8;3.7
86;2021-10-18;148;294;530;333969;327678;16920;76.4;74.9;3.9
86;2021-10-19;113;271;796;334082;327949;17716;76.4;75.0;4.1
86;2021-10-20;204;327;696;334286;328276;18412;76.4;75.1;4.2
86;2021-10-21;142;322;590;334428;328598;19002;76.5;75.1;4.3
86;2021-10-22;170;220;636;334598;328818;19638;76.5;75.2;4.5
86;2021-10-23;191;332;318;334789;329150;19956;76.5;75.3;4.6
86;2021-10-24;1;3;2;334790;329153;19958;76.5;75.3;4.6
86;2021-10-25;67;152;628;334857;329305;20586;76.6;75.3;4.7
86;2021-10-26;102;111;638;334959;329416;21224;76.6;75.3;4.9
86;2021-10-27;207;277;681;335166;329693;21905;76.6;75.4;5.0
86;2021-10-28;78;141;531;335244;329834;22436;76.6;75.4;5.1
86;2021-10-29;109;160;696;335353;329994;23132;76.7;75.4;5.3
86;2021-10-30;141;197;372;335494;330191;23504;76.7;75.5;5.4
86;2021-10-31;0;5;5;335494;330196;23509;76.7;75.5;5.4
86;2021-11-01;7;2;21;335501;330198;23530;76.7;75.5;5.4
86;2021-11-02;66;135;793;335567;330333;24323;76.7;75.5;5.6
86;2021-11-03;158;274;1030;335725;330607;25353;76.8;75.6;5.8
86;2021-11-04;96;133;765;335821;330740;26118;76.8;75.6;6.0
86;2021-11-05;136;178;774;335957;330918;26892;76.8;75.7;6.1
86;2021-11-06;143;235;629;336100;331153;27521;76.8;75.7;6.3
86;2021-11-07;2;6;5;336102;331159;27526;76.8;75.7;6.3
86;2021-11-08;73;99;744;336175;331258;28270;76.9;75.7;6.5
86;2021-11-09;99;141;1383;336274;331399;29653;76.9;75.8;6.8
86;2021-11-10;144;303;1538;336418;331702;31191;76.9;75.8;7.1
86;2021-11-11;11;9;71;336429;331711;31262;76.9;75.8;7.1
86;2021-11-12;84;146;920;336513;331857;32182;76.9;75.9;7.4
86;2021-11-13;88;218;881;336601;332075;33063;77.0;75.9;7.6
86;2021-11-14;2;2;21;336603;332077;33084;77.0;75.9;7.6
86;2021-11-15;65;69;872;336668;332146;33956;77.0;75.9;7.8
86;2021-11-16;101;132;1543;336769;332278;35499;77.0;76.0;8.1
86;2021-11-17;129;225;1655;336898;332503;37154;77.0;76.0;8.5
86;2021-11-18;121;112;1557;337019;332615;38711;77.1;76.0;8.9
86;2021-11-19;138;143;1556;337157;332758;40267;77.1;76.1;9.2
86;2021-11-20;100;180;974;337257;332938;41241;77.1;76.1;9.4
86;2021-11-21;2;4;18;337259;332942;41259;77.1;76.1;9.4
86;2021-11-22;79;40;914;337338;332982;42173;77.1;76.1;9.6
86;2021-11-23;134;108;1616;337472;333090;43789;77.2;76.2;10.0
86;2021-11-24;126;169;1609;337598;333259;45398;77.2;76.2;10.4
86;2021-11-25;176;107;2067;337774;333366;47465;77.2;76.2;10.9
86;2021-11-26;145;142;1846;337919;333508;49311;77.3;76.2;11.3
86;2021-11-27;86;131;1106;338005;333639;50417;77.3;76.3;11.5
86;2021-11-28;3;9;69;338008;333648;50486;77.3;76.3;11.5
86;2021-11-29;81;69;2096;338089;333717;52582;77.3;76.3;12.0
86;2021-11-30;145;125;3896;338234;333842;56478;77.3;76.3;12.9
86;2021-12-01;87;104;2995;338321;333946;59473;77.3;76.3;13.6
86;2021-12-02;121;102;4385;338442;334048;63858;77.4;76.4;14.6
86;2021-12-03;92;118;3703;338534;334166;67561;77.4;76.4;15.4
86;2021-12-04;65;93;2289;338599;334259;69850;77.4;76.4;16.0
86;2021-12-05;10;17;731;338609;334276;70581;77.4;76.4;16.1
86;2021-12-06;48;72;2721;338657;334348;73302;77.4;76.4;16.8
86;2021-12-07;114;105;5145;338771;334453;78447;77.5;76.5;17.9
86;2021-12-08;85;130;4969;338856;334583;83416;77.5;76.5;19.1
86;2021-12-09;104;147;5759;338960;334730;89175;77.5;76.5;20.4
87;2020-12-27;0;0;0;0;0;0;0.0;0.0;0.0
87;2020-12-28;1;0;0;1;0;0;0.0;0.0;0.0
87;2020-12-29;0;0;0;1;0;0;0.0;0.0;0.0
87;2020-12-30;1;0;0;2;0;0;0.0;0.0;0.0
87;2020-12-31;0;0;0;2;0;0;0.0;0.0;0.0
87;2021-01-01;0;0;0;2;0;0;0.0;0.0;0.0
87;2021-01-02;0;0;0;2;0;0;0.0;0.0;0.0
87;2021-01-03;0;0;0;2;0;0;0.0;0.0;0.0
87;2021-01-04;1;0;0;3;0;0;0.0;0.0;0.0
87;2021-01-05;2;0;0;5;0;0;0.0;0.0;0.0
87;2021-01-06;22;0;0;27;0;0;0.0;0.0;0.0
87;2021-01-07;253;0;0;280;0;0;0.1;0.0;0.0
87;2021-01-08;347;0;0;627;0;0;0.2;0.0;0.0
87;2021-01-09;64;0;0;691;0;0;0.2;0.0;0.0
87;2021-01-10;33;0;0;724;0;0;0.2;0.0;0.0
87;2021-01-11;398;0;0;1122;0;0;0.3;0.0;0.0
87;2021-01-12;616;0;0;1738;0;0;0.5;0.0;0.0
87;2021-01-13;506;1;0;2244;1;0;0.6;0.0;0.0
87;2021-01-14;435;3;0;2679;4;0;0.7;0.0;0.0
87;2021-01-15;507;3;0;3186;7;0;0.9;0.0;0.0
87;2021-01-16;208;1;0;3394;8;0;0.9;0.0;0.0
87;2021-01-17;4;0;0;3398;8;0;0.9;0.0;0.0
87;2021-01-18;603;5;0;4001;13;0;1.1;0.0;0.0
87;2021-01-19;689;2;0;4690;15;0;1.3;0.0;0.0
87;2021-01-20;702;4;0;5392;19;0;1.5;0.0;0.0
87;2021-01-21;759;2;0;6151;21;0;1.7;0.0;0.0
87;2021-01-22;734;5;0;6885;26;0;1.9;0.0;0.0
87;2021-01-23;308;2;0;7193;28;0;1.9;0.0;0.0
87;2021-01-24;0;0;0;7193;28;0;1.9;0.0;0.0
87;2021-01-25;619;9;0;7812;37;0;2.1;0.0;0.0
87;2021-01-26;618;56;0;8430;93;0;2.3;0.0;0.0
87;2021-01-27;581;50;0;9011;143;0;2.4;0.0;0.0
87;2021-01-28;869;122;0;9880;265;0;2.7;0.1;0.0
87;2021-01-29;727;205;0;10607;470;0;2.9;0.1;0.0
87;2021-01-30;321;73;0;10928;543;0;2.9;0.1;0.0
87;2021-01-31;31;65;0;10959;608;0;3.0;0.2;0.0
87;2021-02-01;395;297;0;11354;905;0;3.1;0.2;0.0
87;2021-02-02;431;460;0;11785;1365;0;3.2;0.4;0.0
87;2021-02-03;619;338;0;12404;1703;0;3.3;0.5;0.0
87;2021-02-04;547;548;0;12951;2251;0;3.5;0.6;0.0
87;2021-02-05;340;343;0;13291;2594;0;3.6;0.7;0.0
87;2021-02-06;56;156;0;13347;2750;0;3.6;0.7;0.0
87;2021-02-07;20;0;0;13367;2750;0;3.6;0.7;0.0
87;2021-02-08;244;409;0;13611;3159;0;3.7;0.9;0.0
87;2021-02-09;262;466;0;13873;3625;0;3.7;1.0;0.0
87;2021-02-10;267;623;0;14140;4248;0;3.8;1.1;0.0
87;2021-02-11;307;539;0;14447;4787;0;3.9;1.3;0.0
87;2021-02-12;281;558;0;14728;5345;0;4.0;1.4;0.0
87;2021-02-13;30;176;0;14758;5521;0;4.0;1.5;0.0
87;2021-02-14;1;4;0;14759;5525;0;4.0;1.5;0.0
87;2021-02-15;241;392;0;15000;5917;0;4.0;1.6;0.0
87;2021-02-16;324;301;0;15324;6218;0;4.1;1.7;0.0
87;2021-02-17;319;397;0;15643;6615;0;4.2;1.8;0.0
87;2021-02-18;470;634;0;16113;7249;0;4.3;2.0;0.0
87;2021-02-19;407;484;0;16520;7733;0;4.5;2.1;0.0
87;2021-02-20;117;195;0;16637;7928;0;4.5;2.1;0.0
87;2021-02-21;5;8;0;16642;7936;0;4.5;2.1;0.0
87;2021-02-22;424;578;0;17066;8514;0;4.6;2.3;0.0
87;2021-02-23;563;645;0;17629;9159;0;4.8;2.5;0.0
87;2021-02-24;514;707;0;18143;9866;0;4.9;2.7;0.0
87;2021-02-25;781;723;0;18924;10589;0;5.1;2.9;0.0
87;2021-02-26;852;503;0;19776;11092;0;5.3;3.0;0.0
87;2021-02-27;406;213;0;20182;11305;0;5.4;3.0;0.0
87;2021-02-28;5;1;0;20187;11306;0;5.4;3.0;0.0
87;2021-03-01;499;366;0;20686;11672;0;5.6;3.1;0.0
87;2021-03-02;971;389;0;21657;12061;0;5.8;3.3;0.0
87;2021-03-03;1125;363;0;22782;12424;0;6.1;3.4;0.0
87;2021-03-04;1399;350;0;24181;12774;0;6.5;3.4;0.0
87;2021-03-05;1764;298;0;25945;13072;0;7.0;3.5;0.0
87;2021-03-06;1003;53;0;26948;13125;0;7.3;3.5;0.0
87;2021-03-07;271;8;0;27219;13133;0;7.3;3.5;0.0
87;2021-03-08;811;239;0;28030;13372;0;7.6;3.6;0.0
87;2021-03-09;1269;243;0;29299;13615;0;7.9;3.7;0.0
87;2021-03-10;1286;224;0;30585;13839;0;8.2;3.7;0.0
87;2021-03-11;1727;258;0;32312;14097;0;8.7;3.8;0.0
87;2021-03-12;2078;292;0;34390;14389;0;9.3;3.9;0.0
87;2021-03-13;1307;27;0;35697;14416;0;9.6;3.9;0.0
87;2021-03-14;94;1;0;35791;14417;0;9.7;3.9;0.0
87;2021-03-15;957;340;0;36748;14757;0;9.9;4.0;0.0
87;2021-03-16;1039;233;0;37787;14990;0;10.2;4.0;0.0
87;2021-03-17;1076;246;0;38863;15236;0;10.5;4.1;0.0
87;2021-03-18;1183;350;0;40046;15586;0;10.8;4.2;0.0
87;2021-03-19;1613;301;0;41659;15887;0;11.2;4.3;0.0
87;2021-03-20;986;91;0;42645;15978;0;11.5;4.3;0.0
87;2021-03-21;35;0;0;42680;15978;0;11.5;4.3;0.0
87;2021-03-22;1003;389;0;43683;16367;0;11.8;4.4;0.0
87;2021-03-23;1340;408;0;45023;16775;0;12.1;4.5;0.0
87;2021-03-24;1483;388;0;46506;17163;0;12.5;4.6;0.0
87;2021-03-25;2399;389;0;48905;17552;0;13.2;4.7;0.0
87;2021-03-26;2454;410;0;51359;17962;0;13.9;4.8;0.0
87;2021-03-27;875;131;0;52234;18093;0;14.1;4.9;0.0
87;2021-03-28;260;17;0;52494;18110;0;14.2;4.9;0.0
87;2021-03-29;1098;406;0;53592;18516;0;14.5;5.0;0.0
87;2021-03-30;1876;646;0;55468;19162;0;15.0;5.2;0.0
87;2021-03-31;1663;684;0;57131;19846;0;15.4;5.4;0.0
87;2021-04-01;2255;577;0;59386;20423;0;16.0;5.5;0.0
87;2021-04-02;1844;597;0;61230;21020;0;16.5;5.7;0.0
87;2021-04-03;494;256;0;61724;21276;0;16.6;5.7;0.0
87;2021-04-04;5;1;0;61729;21277;0;16.6;5.7;0.0
87;2021-04-05;93;4;0;61822;21281;0;16.7;5.7;0.0
87;2021-04-06;1035;911;0;62857;22192;0;17.0;6.0;0.0
87;2021-04-07;1551;929;0;64408;23121;0;17.4;6.2;0.0
87;2021-04-08;1748;1021;0;66156;24142;0;17.8;6.5;0.0
87;2021-04-09;2649;737;0;68805;24879;0;18.6;6.7;0.0
87;2021-04-10;1226;313;0;70031;25192;0;18.9;6.8;0.0
87;2021-04-11;102;7;0;70133;25199;0;18.9;6.8;0.0
87;2021-04-12;1652;815;0;71785;26014;0;19.4;7.0;0.0
87;2021-04-13;2253;1026;0;74038;27040;0;20.0;7.3;0.0
87;2021-04-14;2509;1197;0;76547;28237;0;20.6;7.6;0.0
87;2021-04-15;2214;1049;0;78761;29286;0;21.2;7.9;0.0
87;2021-04-16;2670;1041;0;81431;30327;0;22.0;8.2;0.0
87;2021-04-17;824;447;0;82255;30774;0;22.2;8.3;0.0
87;2021-04-18;137;146;0;82392;30920;0;22.2;8.3;0.0
87;2021-04-19;1686;820;0;84078;31740;0;22.7;8.6;0.0
87;2021-04-20;2069;889;0;86147;32629;0;23.2;8.8;0.0
87;2021-04-21;2234;971;0;88381;33600;0;23.8;9.1;0.0
87;2021-04-22;2549;1151;0;90930;34751;0;24.5;9.4;0.0
87;2021-04-23;2004;1186;0;92934;35937;0;25.1;9.7;0.0
87;2021-04-24;1031;613;0;93965;36550;0;25.3;9.9;0.0
87;2021-04-25;108;106;0;94073;36656;0;25.4;9.9;0.0
87;2021-04-26;1318;883;0;95391;37539;0;25.7;10.1;0.0
87;2021-04-27;2299;1205;0;97690;38744;0;26.3;10.4;0.0
87;2021-04-28;3718;1444;0;101408;40188;0;27.4;10.8;0.0
87;2021-04-29;2967;1839;0;104375;42027;0;28.2;11.3;0.0
87;2021-04-30;3072;1392;0;107447;43419;0;29.0;11.7;0.0
87;2021-05-01;756;65;0;108203;43484;0;29.2;11.7;0.0
87;2021-05-02;389;17;0;108592;43501;0;29.3;11.7;0.0
87;2021-05-03;2123;957;0;110715;44458;0;29.9;12.0;0.0
87;2021-05-04;2729;1126;0;113444;45584;0;30.6;12.3;0.0
87;2021-05-05;2814;1553;0;116258;47137;0;31.4;12.7;0.0
87;2021-05-06;2533;1740;0;118791;48877;0;32.0;13.2;0.0
87;2021-05-07;2864;1748;0;121655;50625;0;32.8;13.7;0.0
87;2021-05-08;826;321;0;122481;50946;0;33.0;13.7;0.0
87;2021-05-09;57;157;0;122538;51103;0;33.0;13.8;0.0
87;2021-05-10;1803;1576;0;124341;52679;0;33.5;14.2;0.0
87;2021-05-11;2381;1914;0;126722;54593;0;34.2;14.7;0.0
87;2021-05-12;2676;2047;0;129398;56640;0;34.9;15.3;0.0
87;2021-05-13;1131;293;0;130529;56933;0;35.2;15.4;0.0
87;2021-05-14;2230;1717;0;132759;58650;0;35.8;15.8;0.0
87;2021-05-15;1098;489;0;133857;59139;0;36.1;16.0;0.0
87;2021-05-16;201;80;0;134058;59219;0;36.2;16.0;0.0
87;2021-05-17;1624;1649;0;135682;60868;0;36.6;16.4;0.0
87;2021-05-18;2708;1796;0;138390;62664;0;37.3;16.9;0.0
87;2021-05-19;2899;1546;0;141289;64210;0;38.1;17.3;0.0
87;2021-05-20;3335;1721;0;144624;65931;0;39.0;17.8;0.0
87;2021-05-21;2810;1801;0;147434;67732;0;39.8;18.3;0.0
87;2021-05-22;1547;641;0;148981;68373;0;40.2;18.4;0.0
87;2021-05-23;251;91;0;149232;68464;0;40.2;18.5;0.0
87;2021-05-24;1100;146;0;150332;68610;0;40.5;18.5;0.0
87;2021-05-25;2155;1780;0;152487;70390;0;41.1;19.0;0.0
87;2021-05-26;3248;2436;0;155735;72826;0;42.0;19.6;0.0
87;2021-05-27;2969;2317;0;158704;75143;0;42.8;20.3;0.0
87;2021-05-28;2651;2512;0;161355;77655;0;43.5;20.9;0.0
87;2021-05-29;1167;1368;0;162522;79023;0;43.8;21.3;0.0
87;2021-05-30;285;86;0;162807;79109;0;43.9;21.3;0.0
87;2021-05-31;2315;1371;0;165122;80480;0;44.5;21.7;0.0
87;2021-06-01;2543;1909;0;167665;82389;0;45.2;22.2;0.0
87;2021-06-02;2572;1858;0;170237;84247;0;45.9;22.7;0.0
87;2021-06-03;3149;2468;0;173386;86715;0;46.8;23.4;0.0
87;2021-06-04;2832;2034;0;176218;88749;0;47.5;23.9;0.0
87;2021-06-05;1402;664;0;177620;89413;0;47.9;24.1;0.0
87;2021-06-06;266;110;0;177886;89523;0;48.0;24.1;0.0
87;2021-06-07;2034;1838;0;179920;91361;0;48.5;24.6;0.0
87;2021-06-08;2843;2476;0;182763;93837;0;49.3;25.3;0.0
87;2021-06-09;2244;2668;0;185007;96505;0;49.9;26.0;0.0
87;2021-06-10;2783;2489;0;187790;98994;0;50.6;26.7;0.0
87;2021-06-11;2308;2944;0;190098;101938;0;51.3;27.5;0.0
87;2021-06-12;1224;1134;0;191322;103072;0;51.6;27.8;0.0
87;2021-06-13;296;498;0;191618;103570;0;51.7;27.9;0.0
87;2021-06-14;990;2596;0;192608;106166;0;51.9;28.6;0.0
87;2021-06-15;1335;3222;0;193943;109388;0;52.3;29.5;0.0
87;2021-06-16;1644;3293;0;195587;112681;0;52.8;30.4;0.0
87;2021-06-17;2340;2269;0;197927;114950;0;53.4;31.0;0.0
87;2021-06-18;1708;2940;0;199635;117890;0;53.8;31.8;0.0
87;2021-06-19;1041;1221;0;200676;119111;0;54.1;32.1;0.0
87;2021-06-20;219;204;0;200895;119315;0;54.2;32.2;0.0
87;2021-06-21;949;2512;0;201844;121827;0;54.4;32.9;0.0
87;2021-06-22;1001;2830;0;202845;124657;0;54.7;33.6;0.0
87;2021-06-23;1200;3092;0;204045;127749;0;55.0;34.5;0.0
87;2021-06-24;1544;2555;0;205589;130304;0;55.4;35.1;0.0
87;2021-06-25;1345;2709;0;206934;133013;0;55.8;35.9;0.0
87;2021-06-26;546;1299;0;207480;134312;0;56.0;36.2;0.0
87;2021-06-27;34;264;0;207514;134576;0;56.0;36.3;0.0
87;2021-06-28;683;2597;0;208197;137173;0;56.2;37.0;0.0
87;2021-06-29;1087;3437;0;209284;140610;0;56.4;37.9;0.0
87;2021-06-30;1057;2740;0;210341;143350;0;56.7;38.7;0.0
87;2021-07-01;1278;2548;0;211619;145898;0;57.1;39.3;0.0
87;2021-07-02;1154;3477;0;212773;149375;0;57.4;40.3;0.0
87;2021-07-03;436;1614;0;213209;150989;0;57.5;40.7;0.0
87;2021-07-04;34;393;0;213243;151382;0;57.5;40.8;0.0
87;2021-07-05;653;2475;0;213896;153857;0;57.7;41.5;0.0
87;2021-07-06;575;3241;0;214471;157098;0;57.8;42.4;0.0
87;2021-07-07;876;3327;0;215347;160425;0;58.1;43.3;0.0
87;2021-07-08;1059;3554;0;216406;163979;0;58.4;44.2;0.0
87;2021-07-09;1099;3721;0;217505;167700;0;58.7;45.2;0.0
87;2021-07-10;329;1478;0;217834;169178;0;58.8;45.6;0.0
87;2021-07-11;64;330;0;217898;169508;0;58.8;45.7;0.0
87;2021-07-12;582;3180;0;218480;172688;0;58.9;46.6;0.0
87;2021-07-13;892;3514;0;219372;176202;0;59.2;47.5;0.0
87;2021-07-14;513;584;0;219885;176786;0;59.3;47.7;0.0
87;2021-07-15;1363;3436;0;221248;180222;0;59.7;48.6;0.0
87;2021-07-16;1728;3602;0;222976;183824;0;60.1;49.6;0.0
87;2021-07-17;685;1458;0;223661;185282;0;60.3;50.0;0.0
87;2021-07-18;121;281;0;223782;185563;0;60.4;50.0;0.0
87;2021-07-19;1367;3319;0;225149;188882;0;60.7;50.9;0.0
87;2021-07-20;1764;3481;0;226913;192363;0;61.2;51.9;0.0
87;2021-07-21;1476;3044;0;228389;195407;0;61.6;52.7;0.0
87;2021-07-22;1896;3112;0;230285;198519;0;62.1;53.5;0.0
87;2021-07-23;1868;3065;0;232153;201584;0;62.6;54.4;0.0
87;2021-07-24;876;1319;0;233029;202903;0;62.8;54.7;0.0
87;2021-07-25;148;231;0;233177;203134;0;62.9;54.8;0.0
87;2021-07-26;1499;2292;0;234676;205426;0;63.3;55.4;0.0
87;2021-07-27;2466;1997;0;237142;207423;0;64.0;55.9;0.0
87;2021-07-28;2292;1934;0;239434;209357;0;64.6;56.5;0.0
87;2021-07-29;2825;1899;0;242259;211256;0;65.3;57.0;0.0
87;2021-07-30;2433;1895;0;244692;213151;0;66.0;57.5;0.0
87;2021-07-31;1199;913;0;245891;214064;0;66.3;57.7;0.0
87;2021-08-01;296;163;0;246187;214227;0;66.4;57.8;0.0
87;2021-08-02;2025;1498;0;248212;215725;0;66.9;58.2;0.0
87;2021-08-03;2347;1293;0;250559;217018;0;67.6;58.5;0.0
87;2021-08-04;2213;997;0;252772;218015;0;68.2;58.8;0.0
87;2021-08-05;2358;1354;0;255130;219369;0;68.8;59.2;0.0
87;2021-08-06;2038;1620;0;257168;220989;0;69.4;59.6;0.0
87;2021-08-07;1082;792;0;258250;221781;0;69.7;59.8;0.0
87;2021-08-08;213;128;0;258463;221909;0;69.7;59.9;0.0
87;2021-08-09;1721;1460;0;260184;223369;0;70.2;60.2;0.0
87;2021-08-10;2094;1492;0;262278;224861;0;70.7;60.6;0.0
87;2021-08-11;1806;1255;0;264084;226116;0;71.2;61.0;0.0
87;2021-08-12;1901;1423;0;265985;227539;0;71.7;61.4;0.0
87;2021-08-13;1566;1533;0;267551;229072;0;72.2;61.8;0.0
87;2021-08-14;674;704;0;268225;229776;0;72.3;62.0;0.0
87;2021-08-15;74;106;0;268299;229882;0;72.4;62.0;0.0
87;2021-08-16;1366;1680;0;269665;231562;0;72.7;62.5;0.0
87;2021-08-17;1285;1651;0;270950;233213;0;73.1;62.9;0.0
87;2021-08-18;1150;1928;0;272100;235141;0;73.4;63.4;0.0
87;2021-08-19;1104;1759;0;273204;236900;0;73.7;63.9;0.0
87;2021-08-20;870;2139;0;274074;239039;0;73.9;64.5;0.0
87;2021-08-21;351;972;0;274425;240011;0;74.0;64.7;0.0
87;2021-08-22;84;233;0;274509;240244;0;74.0;64.8;0.0
87;2021-08-23;699;2306;0;275208;242550;0;74.2;65.4;0.0
87;2021-08-24;733;2137;0;275941;244687;0;74.4;66.0;0.0
87;2021-08-25;678;2007;0;276619;246694;0;74.6;66.5;0.0
87;2021-08-26;802;2125;0;277421;248819;0;74.8;67.1;0.0
87;2021-08-27;737;2554;0;278158;251373;0;75.0;67.8;0.0
87;2021-08-28;323;1290;0;278481;252663;0;75.1;68.1;0.0
87;2021-08-29;64;263;0;278545;252926;0;75.1;68.2;0.0
87;2021-08-30;466;2115;15;279011;255041;15;75.3;68.8;0.0
87;2021-08-31;566;1832;28;279577;256873;43;75.4;69.3;0.0
87;2021-09-01;728;2260;123;280305;259133;166;75.6;69.9;0.0
87;2021-09-02;534;2003;201;280839;261136;367;75.7;70.4;0.1
87;2021-09-03;593;2008;337;281432;263144;704;75.9;71.0;0.2
87;2021-09-04;281;1134;61;281713;264278;765;76.0;71.3;0.2
87;2021-09-05;10;24;2;281723;264302;767;76.0;71.3;0.2
87;2021-09-06;370;1475;372;282093;265777;1139;76.1;71.7;0.3
87;2021-09-07;356;1150;286;282449;266927;1425;76.2;72.0;0.4
87;2021-09-08;430;1411;309;282879;268338;1734;76.3;72.4;0.5
87;2021-09-09;327;917;308;283206;269255;2042;76.4;72.6;0.6
87;2021-09-10;427;1300;327;283633;270555;2369;76.5;73.0;0.6
87;2021-09-11;284;882;70;283917;271437;2439;76.6;73.2;0.7
87;2021-09-12;7;18;2;283924;271455;2441;76.6;73.2;0.7
87;2021-09-13;307;721;372;284231;272176;2813;76.7;73.4;0.8
87;2021-09-14;287;606;412;284518;272782;3225;76.7;73.6;0.9
87;2021-09-15;333;930;339;284851;273712;3564;76.8;73.8;1.0
87;2021-09-16;319;747;374;285170;274459;3938;76.9;74.0;1.1
87;2021-09-17;370;830;429;285540;275289;4367;77.0;74.2;1.2
87;2021-09-18;261;688;123;285801;275977;4490;77.1;74.4;1.2
87;2021-09-19;9;23;7;285810;276000;4497;77.1;74.4;1.2
87;2021-09-20;184;440;247;285994;276440;4744;77.1;74.6;1.3
87;2021-09-21;274;487;306;286268;276927;5050;77.2;74.7;1.4
87;2021-09-22;219;723;416;286487;277650;5466;77.3;74.9;1.5
87;2021-09-23;206;506;393;286693;278156;5859;77.3;75.0;1.6
87;2021-09-24;258;686;557;286951;278842;6416;77.4;75.2;1.7
87;2021-09-25;149;474;156;287100;279316;6572;77.4;75.3;1.8
87;2021-09-26;5;11;4;287105;279327;6576;77.4;75.3;1.8
87;2021-09-27;186;382;246;287291;279709;6822;77.5;75.4;1.8
87;2021-09-28;178;296;346;287469;280005;7168;77.5;75.5;1.9
87;2021-09-29;142;388;347;287611;280393;7515;77.6;75.6;2.0
87;2021-09-30;121;257;389;287732;280650;7904;77.6;75.7;2.1
87;2021-10-01;213;478;353;287945;281128;8257;77.7;75.8;2.2
87;2021-10-02;146;349;136;288091;281477;8393;77.7;75.9;2.3
87;2021-10-03;5;6;2;288096;281483;8395;77.7;75.9;2.3
87;2021-10-04;148;275;449;288244;281758;8844;77.7;76.0;2.4
87;2021-10-05;108;209;480;288352;281967;9324;77.8;76.0;2.5
87;2021-10-06;185;384;589;288537;282351;9913;77.8;76.2;2.7
87;2021-10-07;113;250;409;288650;282601;10322;77.9;76.2;2.8
87;2021-10-08;222;461;677;288872;283062;10999;77.9;76.3;3.0
87;2021-10-09;148;324;243;289020;283386;11242;78.0;76.4;3.0
87;2021-10-10;3;8;3;289023;283394;11245;78.0;76.4;3.0
87;2021-10-11;126;260;310;289149;283654;11555;78.0;76.5;3.1
87;2021-10-12;99;218;574;289248;283872;12129;78.0;76.6;3.3
87;2021-10-13;150;201;494;289398;284073;12623;78.1;76.6;3.4
87;2021-10-14;114;236;501;289512;284309;13124;78.1;76.7;3.5
87;2021-10-15;175;313;600;289687;284622;13724;78.1;76.8;3.7
87;2021-10-16;134;253;294;289821;284875;14018;78.2;76.8;3.8
87;2021-10-17;6;10;0;289827;284885;14018;78.2;76.8;3.8
87;2021-10-18;115;190;525;289942;285075;14543;78.2;76.9;3.9
87;2021-10-19;121;179;601;290063;285254;15144;78.2;76.9;4.1
87;2021-10-20;123;165;623;290186;285419;15767;78.3;77.0;4.3
87;2021-10-21;92;243;619;290278;285662;16386;78.3;77.0;4.4
87;2021-10-22;162;267;604;290440;285929;16990;78.3;77.1;4.6
87;2021-10-23;88;144;241;290528;286073;17231;78.4;77.2;4.6
87;2021-10-24;5;8;1;290533;286081;17232;78.4;77.2;4.6
87;2021-10-25;112;172;546;290645;286253;17778;78.4;77.2;4.8
87;2021-10-26;54;74;571;290699;286327;18349;78.4;77.2;4.9
87;2021-10-27;112;178;738;290811;286505;19087;78.4;77.3;5.1
87;2021-10-28;94;116;582;290905;286621;19669;78.5;77.3;5.3
87;2021-10-29;144;195;687;291049;286816;20356;78.5;77.4;5.5
87;2021-10-30;70;125;263;291119;286941;20619;78.5;77.4;5.6
87;2021-10-31;4;5;5;291123;286946;20624;78.5;77.4;5.6
87;2021-11-01;2;3;5;291125;286949;20629;78.5;77.4;5.6
87;2021-11-02;99;128;663;291224;287077;21292;78.5;77.4;5.7
87;2021-11-03;86;186;643;291310;287263;21935;78.6;77.5;5.9
87;2021-11-04;79;109;654;291389;287372;22589;78.6;77.5;6.1
87;2021-11-05;129;187;839;291518;287559;23428;78.6;77.6;6.3
87;2021-11-06;94;106;313;291612;287665;23741;78.6;77.6;6.4
87;2021-11-07;2;9;0;291614;287674;23741;78.7;77.6;6.4
87;2021-11-08;95;113;798;291709;287787;24539;78.7;77.6;6.6
87;2021-11-09;85;124;1171;291794;287911;25710;78.7;77.7;6.9
87;2021-11-10;113;197;1099;291907;288108;26809;78.7;77.7;7.2
87;2021-11-11;4;5;18;291911;288113;26827;78.7;77.7;7.2
87;2021-11-12;89;156;1034;292000;288269;27861;78.8;77.7;7.5
87;2021-11-13;45;65;326;292045;288334;28187;78.8;77.8;7.6
87;2021-11-14;2;8;3;292047;288342;28190;78.8;77.8;7.6
87;2021-11-15;70;103;1073;292117;288445;29263;78.8;77.8;7.9
87;2021-11-16;85;108;1491;292202;288553;30754;78.8;77.8;8.3
87;2021-11-17;139;154;1306;292341;288707;32060;78.8;77.9;8.6
87;2021-11-18;135;124;1498;292476;288831;33558;78.9;77.9;9.1
87;2021-11-19;116;166;1661;292592;288997;35219;78.9;77.9;9.5
87;2021-11-20;78;116;613;292670;289113;35832;78.9;78.0;9.7
87;2021-11-21;10;7;54;292680;289120;35886;78.9;78.0;9.7
87;2021-11-22;93;86;1336;292773;289206;37222;79.0;78.0;10.0
87;2021-11-23;128;98;1999;292901;289304;39221;79.0;78.0;10.6
87;2021-11-24;159;114;1663;293060;289418;40884;79.0;78.1;11.0
87;2021-11-25;100;113;2178;293160;289531;43062;79.1;78.1;11.6
87;2021-11-26;127;138;2509;293287;289669;45571;79.1;78.1;12.3
87;2021-11-27;79;91;1255;293366;289760;46826;79.1;78.2;12.6
87;2021-11-28;5;6;62;293371;289766;46888;79.1;78.2;12.6
87;2021-11-29;71;100;2117;293442;289866;49005;79.1;78.2;13.2
87;2021-11-30;103;97;2982;293545;289963;51987;79.2;78.2;14.0
87;2021-12-01;63;123;2890;293608;290086;54877;79.2;78.2;14.8
87;2021-12-02;67;63;3576;293675;290149;58453;79.2;78.3;15.8
87;2021-12-03;91;118;3922;293766;290267;62375;79.2;78.3;16.8
87;2021-12-04;61;122;1315;293827;290389;63690;79.2;78.3;17.2
87;2021-12-05;0;9;221;293827;290398;63911;79.2;78.3;17.2
87;2021-12-06;44;85;2773;293871;290483;66684;79.3;78.3;18.0
87;2021-12-07;77;108;5511;293948;290591;72195;79.3;78.4;19.5
87;2021-12-08;92;111;4501;294040;290702;76696;79.3;78.4;20.7
87;2021-12-09;66;106;4216;294106;290808;80912;79.3;78.4;21.8
88;2020-12-27;0;0;0;0;0;0;0.0;0.0;0.0
88;2020-12-28;0;0;0;0;0;0;0.0;0.0;0.0
88;2020-12-29;0;0;0;0;0;0;0.0;0.0;0.0
88;2020-12-30;0;0;0;0;0;0;0.0;0.0;0.0
88;2020-12-31;0;0;0;0;0;0;0.0;0.0;0.0
88;2021-01-01;1;0;0;1;0;0;0.0;0.0;0.0
88;2021-01-02;0;0;0;1;0;0;0.0;0.0;0.0
88;2021-01-03;0;0;0;1;0;0;0.0;0.0;0.0
88;2021-01-04;1;0;0;2;0;0;0.0;0.0;0.0
88;2021-01-05;8;0;0;10;0;0;0.0;0.0;0.0
88;2021-01-06;19;0;0;29;0;0;0.0;0.0;0.0
88;2021-01-07;80;0;0;109;0;0;0.0;0.0;0.0
88;2021-01-08;170;2;0;279;2;0;0.1;0.0;0.0
88;2021-01-09;174;1;0;453;3;0;0.1;0.0;0.0
88;2021-01-10;2;0;0;455;3;0;0.1;0.0;0.0
88;2021-01-11;222;0;0;677;3;0;0.2;0.0;0.0
88;2021-01-12;419;0;0;1096;3;0;0.3;0.0;0.0
88;2021-01-13;485;3;0;1581;6;0;0.4;0.0;0.0
88;2021-01-14;367;4;0;1948;10;0;0.5;0.0;0.0
88;2021-01-15;372;3;0;2320;13;0;0.6;0.0;0.0
88;2021-01-16;61;0;0;2381;13;0;0.7;0.0;0.0
88;2021-01-17;0;0;0;2381;13;0;0.7;0.0;0.0
88;2021-01-18;458;0;0;2839;13;0;0.8;0.0;0.0
88;2021-01-19;461;1;0;3300;14;0;0.9;0.0;0.0
88;2021-01-20;474;1;0;3774;15;0;1.0;0.0;0.0
88;2021-01-21;1435;7;0;5209;22;0;1.4;0.0;0.0
88;2021-01-22;1117;3;0;6326;25;0;1.8;0.0;0.0
88;2021-01-23;280;0;0;6606;25;0;1.8;0.0;0.0
88;2021-01-24;267;2;0;6873;27;0;1.9;0.0;0.0
88;2021-01-25;865;3;0;7738;30;0;2.2;0.0;0.0
88;2021-01-26;359;9;0;8097;39;0;2.3;0.0;0.0
88;2021-01-27;19;5;0;8116;44;0;2.3;0.0;0.0
88;2021-01-28;154;36;0;8270;80;0;2.3;0.0;0.0
88;2021-01-29;508;135;0;8778;215;0;2.4;0.1;0.0
88;2021-01-30;286;117;0;9064;332;0;2.5;0.1;0.0
88;2021-01-31;1;1;0;9065;333;0;2.5;0.1;0.0
88;2021-02-01;409;273;0;9474;606;0;2.6;0.2;0.0
88;2021-02-02;325;348;0;9799;954;0;2.7;0.3;0.0
88;2021-02-03;434;245;0;10233;1199;0;2.8;0.3;0.0
88;2021-02-04;325;242;0;10558;1441;0;2.9;0.4;0.0
88;2021-02-05;461;282;0;11019;1723;0;3.1;0.5;0.0
88;2021-02-06;109;57;0;11128;1780;0;3.1;0.5;0.0
88;2021-02-07;0;4;0;11128;1784;0;3.1;0.5;0.0
88;2021-02-08;356;202;0;11484;1986;0;3.2;0.6;0.0
88;2021-02-09;294;283;0;11778;2269;0;3.3;0.6;0.0
88;2021-02-10;423;346;0;12201;2615;0;3.4;0.7;0.0
88;2021-02-11;811;1011;0;13012;3626;0;3.6;1.0;0.0
88;2021-02-12;912;677;0;13924;4303;0;3.9;1.2;0.0
88;2021-02-13;157;200;0;14081;4503;0;3.9;1.3;0.0
88;2021-02-14;76;193;0;14157;4696;0;3.9;1.3;0.0
88;2021-02-15;620;988;0;14777;5684;0;4.1;1.6;0.0
88;2021-02-16;470;688;0;15247;6372;0;4.2;1.8;0.0
88;2021-02-17;464;435;0;15711;6807;0;4.4;1.9;0.0
88;2021-02-18;519;365;0;16230;7172;0;4.5;2.0;0.0
88;2021-02-19;560;421;0;16790;7593;0;4.7;2.1;0.0
88;2021-02-20;163;103;0;16953;7696;0;4.7;2.1;0.0
88;2021-02-21;0;24;0;16953;7720;0;4.7;2.1;0.0
88;2021-02-22;418;337;0;17371;8057;0;4.8;2.2;0.0
88;2021-02-23;407;237;0;17778;8294;0;4.9;2.3;0.0
88;2021-02-24;543;228;0;18321;8522;0;5.1;2.4;0.0
88;2021-02-25;683;296;0;19004;8818;0;5.3;2.5;0.0
88;2021-02-26;879;293;0;19883;9111;0;5.5;2.5;0.0
88;2021-02-27;265;34;0;20148;9145;0;5.6;2.5;0.0
88;2021-02-28;28;0;0;20176;9145;0;5.6;2.5;0.0
88;2021-03-01;361;451;0;20537;9596;0;5.7;2.7;0.0
88;2021-03-02;437;472;0;20974;10068;0;5.8;2.8;0.0
88;2021-03-03;666;455;0;21640;10523;0;6.0;2.9;0.0
88;2021-03-04;1038;731;0;22678;11254;0;6.3;3.1;0.0
88;2021-03-05;921;687;0;23599;11941;0;6.6;3.3;0.0
88;2021-03-06;1788;123;0;25387;12064;0;7.1;3.4;0.0
88;2021-03-07;1033;80;0;26420;12144;0;7.3;3.4;0.0
88;2021-03-08;720;668;0;27140;12812;0;7.5;3.6;0.0
88;2021-03-09;1101;511;0;28241;13323;0;7.9;3.7;0.0
88;2021-03-10;1062;494;0;29303;13817;0;8.2;3.8;0.0
88;2021-03-11;1413;399;0;30716;14216;0;8.5;4.0;0.0
88;2021-03-12;1289;491;0;32005;14707;0;8.9;4.1;0.0
88;2021-03-13;1243;130;0;33248;14837;0;9.2;4.1;0.0
88;2021-03-14;168;5;0;33416;14842;0;9.3;4.1;0.0
88;2021-03-15;903;436;0;34319;15278;0;9.5;4.2;0.0
88;2021-03-16;967;339;0;35286;15617;0;9.8;4.3;0.0
88;2021-03-17;832;415;0;36118;16032;0;10.0;4.5;0.0
88;2021-03-18;1249;396;0;37367;16428;0;10.4;4.6;0.0
88;2021-03-19;1372;505;0;38739;16933;0;10.8;4.7;0.0
88;2021-03-20;1267;61;0;40006;16994;0;11.1;4.7;0.0
88;2021-03-21;37;0;0;40043;16994;0;11.1;4.7;0.0
88;2021-03-22;1128;531;0;41171;17525;0;11.5;4.9;0.0
88;2021-03-23;1613;436;0;42784;17961;0;11.9;5.0;0.0
88;2021-03-24;1739;476;0;44523;18437;0;12.4;5.1;0.0
88;2021-03-25;2351;483;0;46874;18920;0;13.0;5.3;0.0
88;2021-03-26;2315;451;0;49189;19371;0;13.7;5.4;0.0
88;2021-03-27;879;306;0;50068;19677;0;13.9;5.5;0.0
88;2021-03-28;64;5;0;50132;19682;0;13.9;5.5;0.0
88;2021-03-29;1210;441;0;51342;20123;0;14.3;5.6;0.0
88;2021-03-30;1963;397;0;53305;20520;0;14.8;5.7;0.0
88;2021-03-31;1529;575;0;54834;21095;0;15.3;5.9;0.0
88;2021-04-01;2051;695;0;56885;21790;0;15.8;6.1;0.0
88;2021-04-02;2557;624;0;59442;22414;0;16.5;6.2;0.0
88;2021-04-03;663;211;0;60105;22625;0;16.7;6.3;0.0
88;2021-04-04;22;10;0;60127;22635;0;16.7;6.3;0.0
88;2021-04-05;25;7;0;60152;22642;0;16.7;6.3;0.0
88;2021-04-06;1077;680;0;61229;23322;0;17.0;6.5;0.0
88;2021-04-07;1473;693;0;62702;24015;0;17.4;6.7;0.0
88;2021-04-08;1737;777;0;64439;24792;0;17.9;6.9;0.0
88;2021-04-09;2843;761;0;67282;25553;0;18.7;7.1;0.0
88;2021-04-10;734;639;0;68016;26192;0;18.9;7.3;0.0
88;2021-04-11;36;10;0;68052;26202;0;18.9;7.3;0.0
88;2021-04-12;1436;908;0;69488;27110;0;19.3;7.5;0.0
88;2021-04-13;1974;1036;0;71462;28146;0;19.9;7.8;0.0
88;2021-04-14;1849;868;0;73311;29014;0;20.4;8.1;0.0
88;2021-04-15;1863;1193;0;75174;30207;0;20.9;8.4;0.0
88;2021-04-16;2021;968;0;77195;31175;0;21.5;8.7;0.0
88;2021-04-17;1251;707;0;78446;31882;0;21.8;8.9;0.0
88;2021-04-18;228;23;0;78674;31905;0;21.9;8.9;0.0
88;2021-04-19;1131;1074;0;79805;32979;0;22.2;9.2;0.0
88;2021-04-20;1145;1258;0;80950;34237;0;22.5;9.5;0.0
88;2021-04-21;1450;1214;0;82400;35451;0;22.9;9.9;0.0
88;2021-04-22;1875;1540;0;84275;36991;0;23.4;10.3;0.0
88;2021-04-23;1795;1909;0;86070;38900;0;23.9;10.8;0.0
88;2021-04-24;1038;750;0;87108;39650;0;24.2;11.0;0.0
88;2021-04-25;40;3;0;87148;39653;0;24.2;11.0;0.0
88;2021-04-26;1104;1041;0;88252;40694;0;24.5;11.3;0.0
88;2021-04-27;1228;1621;0;89480;42315;0;24.9;11.8;0.0
88;2021-04-28;1526;1362;0;91006;43677;0;25.3;12.1;0.0
88;2021-04-29;1872;1370;0;92878;45047;0;25.8;12.5;0.0
88;2021-04-30;2240;1455;1;95118;46502;1;26.5;12.9;0.0
88;2021-05-01;1904;288;0;97022;46790;1;27.0;13.0;0.0
88;2021-05-02;1181;122;0;98203;46912;1;27.3;13.0;0.0
88;2021-05-03;1465;1098;0;99668;48010;1;27.7;13.4;0.0
88;2021-05-04;1392;1367;0;101060;49377;1;28.1;13.7;0.0
88;2021-05-05;2265;1480;0;103325;50857;1;28.7;14.1;0.0
88;2021-05-06;2954;1174;0;106279;52031;1;29.6;14.5;0.0
88;2021-05-07;2614;1223;0;108893;53254;1;30.3;14.8;0.0
88;2021-05-08;1454;462;0;110347;53716;1;30.7;14.9;0.0
88;2021-05-09;1460;146;0;111807;53862;1;31.1;15.0;0.0
88;2021-05-10;1629;1482;0;113436;55344;1;31.6;15.4;0.0
88;2021-05-11;2407;1818;0;115843;57162;1;32.2;15.9;0.0
88;2021-05-12;2334;1737;0;118177;58899;1;32.9;16.4;0.0
88;2021-05-13;2716;640;0;120893;59539;1;33.6;16.6;0.0
88;2021-05-14;2218;1382;0;123111;60921;1;34.2;16.9;0.0
88;2021-05-15;1632;742;0;124743;61663;1;34.7;17.2;0.0
88;2021-05-16;1133;96;0;125876;61759;1;35.0;17.2;0.0
88;2021-05-17;1751;915;0;127627;62674;1;35.5;17.4;0.0
88;2021-05-18;1978;1060;0;129605;63734;1;36.0;17.7;0.0
88;2021-05-19;2334;1071;0;131939;64805;1;36.7;18.0;0.0
88;2021-05-20;2818;1189;0;134757;65994;1;37.5;18.4;0.0
88;2021-05-21;2448;1105;0;137205;67099;1;38.2;18.7;0.0
88;2021-05-22;1470;711;0;138675;67810;1;38.6;18.9;0.0
88;2021-05-23;535;73;0;139210;67883;1;38.7;18.9;0.0
88;2021-05-24;1257;388;0;140467;68271;1;39.1;19.0;0.0
88;2021-05-25;1444;1095;0;141911;69366;1;39.5;19.3;0.0
88;2021-05-26;2060;1070;0;143971;70436;1;40.0;19.6;0.0
88;2021-05-27;1795;1270;0;145766;71706;1;40.5;19.9;0.0
88;2021-05-28;1683;1860;0;147449;73566;1;41.0;20.5;0.0
88;2021-05-29;1244;1695;0;148693;75261;1;41.4;20.9;0.0
88;2021-05-30;549;407;0;149242;75668;1;41.5;21.0;0.0
88;2021-05-31;1141;1726;0;150383;77394;1;41.8;21.5;0.0
88;2021-06-01;1578;1880;0;151961;79274;1;42.3;22.0;0.0
88;2021-06-02;1840;1762;0;153801;81036;1;42.8;22.5;0.0
88;2021-06-03;2504;1593;0;156305;82629;1;43.5;23.0;0.0
88;2021-06-04;1859;1839;0;158164;84468;1;44.0;23.5;0.0
88;2021-06-05;1429;1105;0;159593;85573;1;44.4;23.8;0.0
88;2021-06-06;670;151;0;160263;85724;1;44.6;23.8;0.0
88;2021-06-07;1235;1596;0;161498;87320;1;44.9;24.3;0.0
88;2021-06-08;1617;1788;0;163115;89108;1;45.4;24.8;0.0
88;2021-06-09;1589;1807;0;164704;90915;1;45.8;25.3;0.0
88;2021-06-10;1743;1914;0;166447;92829;1;46.3;25.8;0.0
88;2021-06-11;1549;2102;0;167996;94931;1;46.7;26.4;0.0
88;2021-06-12;753;1630;0;168749;96561;1;46.9;26.9;0.0
88;2021-06-13;452;355;0;169201;96916;1;47.1;27.0;0.0
88;2021-06-14;953;2063;0;170154;98979;1;47.3;27.5;0.0
88;2021-06-15;1800;2340;0;171954;101319;1;47.8;28.2;0.0
88;2021-06-16;1408;2713;0;173362;104032;1;48.2;28.9;0.0
88;2021-06-17;1559;2551;0;174921;106583;1;48.7;29.6;0.0
88;2021-06-18;1359;2302;0;176280;108885;1;49.0;30.3;0.0
88;2021-06-19;627;1075;0;176907;109960;1;49.2;30.6;0.0
88;2021-06-20;78;83;0;176985;110043;1;49.2;30.6;0.0
88;2021-06-21;643;2288;0;177628;112331;1;49.4;31.2;0.0
88;2021-06-22;881;3184;0;178509;115515;1;49.7;32.1;0.0
88;2021-06-23;1093;2647;0;179602;118162;1;50.0;32.9;0.0
88;2021-06-24;712;2471;0;180314;120633;1;50.2;33.6;0.0
88;2021-06-25;1359;2923;0;181673;123556;1;50.5;34.4;0.0
88;2021-06-26;800;2032;0;182473;125588;1;50.8;34.9;0.0
88;2021-06-27;520;622;0;182993;126210;1;50.9;35.1;0.0
88;2021-06-28;700;2218;0;183693;128428;1;51.1;35.7;0.0
88;2021-06-29;829;3062;0;184522;131490;1;51.3;36.6;0.0
88;2021-06-30;1028;2849;0;185550;134339;1;51.6;37.4;0.0
88;2021-07-01;1056;2554;0;186606;136893;1;51.9;38.1;0.0
88;2021-07-02;1025;2899;0;187631;139792;1;52.2;38.9;0.0
88;2021-07-03;654;1700;0;188285;141492;1;52.4;39.4;0.0
88;2021-07-04;250;771;0;188535;142263;1;52.4;39.6;0.0
88;2021-07-05;945;1794;0;189480;144057;1;52.7;40.1;0.0
88;2021-07-06;1013;2185;0;190493;146242;1;53.0;40.7;0.0
88;2021-07-07;1140;2414;0;191633;148656;1;53.3;41.3;0.0
88;2021-07-08;1004;1964;0;192637;150620;1;53.6;41.9;0.0
88;2021-07-09;1535;2474;0;194172;153094;1;54.0;42.6;0.0
88;2021-07-10;729;1821;0;194901;154915;1;54.2;43.1;0.0
88;2021-07-11;444;657;0;195345;155572;1;54.3;43.3;0.0
88;2021-07-12;990;2293;0;196335;157865;1;54.6;43.9;0.0
88;2021-07-13;1289;2455;0;197624;160320;1;55.0;44.6;0.0
88;2021-07-14;1116;722;0;198740;161042;1;55.3;44.8;0.0
88;2021-07-15;1710;3135;0;200450;164177;1;55.8;45.7;0.0
88;2021-07-16;1533;2864;0;201983;167041;1;56.2;46.5;0.0
88;2021-07-17;961;1691;0;202944;168732;1;56.4;46.9;0.0
88;2021-07-18;320;727;0;203264;169459;1;56.5;47.1;0.0
88;2021-07-19;1499;2045;0;204763;171504;1;57.0;47.7;0.0
88;2021-07-20;2081;2309;0;206844;173813;1;57.5;48.3;0.0
88;2021-07-21;1960;2196;0;208804;176009;1;58.1;49.0;0.0
88;2021-07-22;1871;2194;0;210675;178203;1;58.6;49.6;0.0
88;2021-07-23;2518;2788;0;213193;180991;1;59.3;50.3;0.0
88;2021-07-24;1263;1321;0;214456;182312;1;59.7;50.7;0.0
88;2021-07-25;445;591;0;214901;182903;1;59.8;50.9;0.0
88;2021-07-26;1653;1898;0;216554;184801;1;60.2;51.4;0.0
88;2021-07-27;2361;1973;0;218915;186774;1;60.9;52.0;0.0
88;2021-07-28;2316;1906;0;221231;188680;1;61.5;52.5;0.0
88;2021-07-29;2993;1599;0;224224;190279;1;62.4;52.9;0.0
88;2021-07-30;2340;2247;0;226564;192526;1;63.0;53.6;0.0
88;2021-07-31;1307;1112;0;227871;193638;1;63.4;53.9;0.0
88;2021-08-01;452;448;0;228323;194086;1;63.5;54.0;0.0
88;2021-08-02;2249;1623;0;230572;195709;1;64.1;54.4;0.0
88;2021-08-03;2762;1511;0;233334;197220;1;64.9;54.9;0.0
88;2021-08-04;2451;1543;0;235785;198763;1;65.6;55.3;0.0
88;2021-08-05;2028;1374;0;237813;200137;1;66.1;55.7;0.0
88;2021-08-06;2848;1933;0;240661;202070;1;66.9;56.2;0.0
88;2021-08-07;1232;992;0;241893;203062;1;67.3;56.5;0.0
88;2021-08-08;715;315;0;242608;203377;1;67.5;56.6;0.0
88;2021-08-09;1424;1560;0;244032;204937;1;67.9;57.0;0.0
88;2021-08-10;1826;1963;0;245858;206900;1;68.4;57.5;0.0
88;2021-08-11;1758;1680;0;247616;208580;1;68.9;58.0;0.0
88;2021-08-12;1581;1376;0;249197;209956;1;69.3;58.4;0.0
88;2021-08-13;1839;2079;0;251036;212035;1;69.8;59.0;0.0
88;2021-08-14;590;998;0;251626;213033;1;70.0;59.3;0.0
88;2021-08-15;280;485;0;251906;213518;1;70.1;59.4;0.0
88;2021-08-16;1040;1857;0;252946;215375;1;70.4;59.9;0.0
88;2021-08-17;1206;1976;0;254152;217351;1;70.7;60.5;0.0
88;2021-08-18;1179;1915;0;255331;219266;1;71.0;61.0;0.0
88;2021-08-19;998;1601;0;256329;220867;1;71.3;61.4;0.0
88;2021-08-20;1023;2280;0;257352;223147;1;71.6;62.1;0.0
88;2021-08-21;439;1292;0;257791;224439;1;71.7;62.4;0.0
88;2021-08-22;91;471;0;257882;224910;1;71.7;62.6;0.0
88;2021-08-23;695;1562;0;258577;226472;1;71.9;63.0;0.0
88;2021-08-24;871;1899;0;259448;228371;1;72.2;63.5;0.0
88;2021-08-25;856;2411;0;260304;230782;1;72.4;64.2;0.0
88;2021-08-26;834;2035;0;261138;232817;1;72.6;64.8;0.0
88;2021-08-27;801;2634;0;261939;235451;1;72.9;65.5;0.0
88;2021-08-28;494;1451;0;262433;236902;1;73.0;65.9;0.0
88;2021-08-29;128;657;0;262561;237559;1;73.0;66.1;0.0
88;2021-08-30;665;2220;38;263226;239779;39;73.2;66.7;0.0
88;2021-08-31;781;2335;45;264007;242114;84;73.4;67.3;0.0
88;2021-09-01;667;1916;85;264674;244030;169;73.6;67.9;0.0
88;2021-09-02;645;1556;130;265319;245586;299;73.8;68.3;0.1
88;2021-09-03;726;2055;158;266045;247641;457;74.0;68.9;0.1
88;2021-09-04;465;1127;56;266510;248768;513;74.1;69.2;0.1
88;2021-09-05;182;366;53;266692;249134;566;74.2;69.3;0.2
88;2021-09-06;467;1086;147;267159;250220;713;74.3;69.6;0.2
88;2021-09-07;542;1153;188;267701;251373;901;74.5;69.9;0.3
88;2021-09-08;451;1245;149;268152;252618;1050;74.6;70.3;0.3
88;2021-09-09;530;783;293;268682;253401;1343;74.7;70.5;0.4
88;2021-09-10;592;1287;226;269274;254688;1569;74.9;70.8;0.4
88;2021-09-11;351;811;72;269625;255499;1641;75.0;71.1;0.5
88;2021-09-12;62;122;18;269687;255621;1659;75.0;71.1;0.5
88;2021-09-13;400;632;330;270087;256253;1989;75.1;71.3;0.6
88;2021-09-14;537;706;572;270624;256959;2561;75.3;71.5;0.7
88;2021-09-15;425;931;417;271049;257890;2978;75.4;71.7;0.8
88;2021-09-16;262;527;337;271311;258417;3315;75.5;71.9;0.9
88;2021-09-17;410;967;426;271721;259384;3741;75.6;72.1;1.0
88;2021-09-18;234;718;149;271955;260102;3890;75.6;72.3;1.1
88;2021-09-19;45;157;10;272000;260259;3900;75.7;72.4;1.1
88;2021-09-20;224;536;368;272224;260795;4268;75.7;72.5;1.2
88;2021-09-21;214;569;351;272438;261364;4619;75.8;72.7;1.3
88;2021-09-22;187;744;456;272625;262108;5075;75.8;72.9;1.4
88;2021-09-23;277;610;325;272902;262718;5400;75.9;73.1;1.5
88;2021-09-24;268;797;472;273170;263515;5872;76.0;73.3;1.6
88;2021-09-25;130;596;179;273300;264111;6051;76.0;73.5;1.7
88;2021-09-26;16;150;22;273316;264261;6073;76.0;73.5;1.7
88;2021-09-27;153;431;428;273469;264692;6501;76.1;73.6;1.8
88;2021-09-28;177;500;475;273646;265192;6976;76.1;73.8;1.9
88;2021-09-29;163;484;368;273809;265676;7344;76.2;73.9;2.0
88;2021-09-30;136;455;253;273945;266131;7597;76.2;74.0;2.1
88;2021-10-01;241;655;355;274186;266786;7952;76.3;74.2;2.2
88;2021-10-02;151;366;102;274337;267152;8054;76.3;74.3;2.2
88;2021-10-03;24;72;19;274361;267224;8073;76.3;74.3;2.2
88;2021-10-04;148;435;386;274509;267659;8459;76.4;74.4;2.4
88;2021-10-05;178;550;477;274687;268209;8936;76.4;74.6;2.5
88;2021-10-06;182;391;402;274869;268600;9338;76.5;74.7;2.6
88;2021-10-07;74;224;173;274943;268824;9511;76.5;74.8;2.6
88;2021-10-08;268;610;520;275211;269434;10031;76.5;74.9;2.8
88;2021-10-09;131;260;137;275342;269694;10168;76.6;75.0;2.8
88;2021-10-10;23;43;12;275365;269737;10180;76.6;75.0;2.8
88;2021-10-11;106;229;447;275471;269966;10627;76.6;75.1;3.0
88;2021-10-12;146;267;714;275617;270233;11341;76.7;75.2;3.2
88;2021-10-13;146;238;534;275763;270471;11875;76.7;75.2;3.3
88;2021-10-14;84;200;281;275847;270671;12156;76.7;75.3;3.4
88;2021-10-15;193;377;586;276040;271048;12742;76.8;75.4;3.5
88;2021-10-16;132;139;156;276172;271187;12898;76.8;75.4;3.6
88;2021-10-17;1;13;0;276173;271200;12898;76.8;75.4;3.6
88;2021-10-18;166;224;637;276339;271424;13535;76.9;75.5;3.8
88;2021-10-19;142;156;478;276481;271580;14013;76.9;75.5;3.9
88;2021-10-20;156;190;449;276637;271770;14462;76.9;75.6;4.0
88;2021-10-21;97;124;299;276734;271894;14761;77.0;75.6;4.1
88;2021-10-22;168;255;762;276902;272149;15523;77.0;75.7;4.3
88;2021-10-23;92;139;191;276994;272288;15714;77.0;75.7;4.4
88;2021-10-24;2;1;8;276996;272289;15722;77.0;75.7;4.4
88;2021-10-25;170;178;731;277166;272467;16453;77.1;75.8;4.6
88;2021-10-26;174;185;885;277340;272652;17338;77.1;75.8;4.8
88;2021-10-27;113;152;662;277453;272804;18000;77.2;75.9;5.0
88;2021-10-28;57;82;218;277510;272886;18218;77.2;75.9;5.1
88;2021-10-29;165;209;802;277675;273095;19020;77.2;76.0;5.3
88;2021-10-30;70;168;308;277745;273263;19328;77.3;76.0;5.4
88;2021-10-31;2;6;0;277747;273269;19328;77.3;76.0;5.4
88;2021-11-01;7;18;12;277754;273287;19340;77.3;76.0;5.4
88;2021-11-02;132;188;782;277886;273475;20122;77.3;76.1;5.6
88;2021-11-03;111;168;829;277997;273643;20951;77.3;76.1;5.8
88;2021-11-04;63;103;428;278060;273746;21379;77.3;76.1;5.9
88;2021-11-05;141;231;987;278201;273977;22366;77.4;76.2;6.2
88;2021-11-06;103;147;327;278304;274124;22693;77.4;76.2;6.3
88;2021-11-07;7;7;17;278311;274131;22710;77.4;76.2;6.3
88;2021-11-08;116;161;1012;278427;274292;23722;77.4;76.3;6.6
88;2021-11-09;95;182;1317;278522;274474;25039;77.5;76.3;7.0
88;2021-11-10;156;181;1269;278678;274655;26308;77.5;76.4;7.3
88;2021-11-11;1;7;11;278679;274662;26319;77.5;76.4;7.3
88;2021-11-12;139;154;1292;278818;274816;27611;77.6;76.4;7.7
88;2021-11-13;73;137;441;278891;274953;28052;77.6;76.5;7.8
88;2021-11-14;1;2;4;278892;274955;28056;77.6;76.5;7.8
88;2021-11-15;111;177;1226;279003;275132;29282;77.6;76.5;8.1
88;2021-11-16;139;144;1465;279142;275276;30747;77.6;76.6;8.6
88;2021-11-17;118;179;1069;279260;275455;31816;77.7;76.6;8.8
88;2021-11-18;76;84;827;279336;275539;32643;77.7;76.6;9.1
88;2021-11-19;165;212;1739;279501;275751;34382;77.7;76.7;9.6
88;2021-11-20;105;103;570;279606;275854;34952;77.8;76.7;9.7
88;2021-11-21;12;15;30;279618;275869;34982;77.8;76.7;9.7
88;2021-11-22;84;54;1232;279702;275923;36214;77.8;76.7;10.1
88;2021-11-23;140;141;1988;279842;276064;38202;77.8;76.8;10.6
88;2021-11-24;137;121;1362;279979;276185;39564;77.9;76.8;11.0
88;2021-11-25;86;71;1104;280065;276256;40668;77.9;76.8;11.3
88;2021-11-26;186;178;2239;280251;276434;42907;78.0;76.9;11.9
88;2021-11-27;137;150;1330;280388;276584;44237;78.0;76.9;12.3
88;2021-11-28;0;5;45;280388;276589;44282;78.0;76.9;12.3
88;2021-11-29;133;106;2543;280521;276695;46825;78.0;77.0;13.0
88;2021-11-30;95;105;2492;280616;276800;49317;78.1;77.0;13.7
88;2021-12-01;109;124;3421;280725;276924;52738;78.1;77.0;14.7
88;2021-12-02;121;52;3528;280846;276976;56266;78.1;77.0;15.7
88;2021-12-03;117;151;3751;280963;277127;60017;78.1;77.1;16.7
88;2021-12-04;96;104;2446;281059;277231;62463;78.2;77.1;17.4
88;2021-12-05;9;19;260;281068;277250;62723;78.2;77.1;17.4
88;2021-12-06;86;103;3165;281154;277353;65888;78.2;77.1;18.3
88;2021-12-07;111;127;4228;281265;277480;70116;78.2;77.2;19.5
88;2021-12-08;116;136;3647;281381;277616;73763;78.3;77.2;20.5
88;2021-12-09;106;102;3495;281487;277718;77258;78.3;77.2;21.5
89;2020-12-27;0;0;0;0;0;0;0.0;0.0;0.0
89;2020-12-28;0;0;0;0;0;0;0.0;0.0;0.0
89;2020-12-29;0;0;0;0;0;0;0.0;0.0;0.0
89;2020-12-30;0;0;0;0;0;0;0.0;0.0;0.0
89;2020-12-31;0;0;0;0;0;0;0.0;0.0;0.0
89;2021-01-01;0;0;0;0;0;0;0.0;0.0;0.0
89;2021-01-02;0;0;0;0;0;0;0.0;0.0;0.0
89;2021-01-03;0;0;0;0;0;0;0.0;0.0;0.0
89;2021-01-04;0;0;0;0;0;0;0.0;0.0;0.0
89;2021-01-05;3;0;0;3;0;0;0.0;0.0;0.0
89;2021-01-06;46;0;0;49;0;0;0.0;0.0;0.0
89;2021-01-07;194;0;0;243;0;0;0.1;0.0;0.0
89;2021-01-08;55;0;0;298;0;0;0.1;0.0;0.0
89;2021-01-09;4;0;0;302;0;0;0.1;0.0;0.0
89;2021-01-10;0;0;0;302;0;0;0.1;0.0;0.0
89;2021-01-11;221;0;0;523;0;0;0.2;0.0;0.0
89;2021-01-12;327;1;0;850;1;0;0.3;0.0;0.0
89;2021-01-13;501;3;0;1351;4;0;0.4;0.0;0.0
89;2021-01-14;637;7;0;1988;11;0;0.6;0.0;0.0
89;2021-01-15;287;3;0;2275;14;0;0.7;0.0;0.0
89;2021-01-16;90;4;0;2365;18;0;0.7;0.0;0.0
89;2021-01-17;0;0;0;2365;18;0;0.7;0.0;0.0
89;2021-01-18;493;1;0;2858;19;0;0.9;0.0;0.0
89;2021-01-19;775;4;0;3633;23;0;1.1;0.0;0.0
89;2021-01-20;762;0;0;4395;23;0;1.3;0.0;0.0
89;2021-01-21;878;1;0;5273;24;0;1.6;0.0;0.0
89;2021-01-22;960;1;0;6233;25;0;1.9;0.0;0.0
89;2021-01-23;154;0;0;6387;25;0;1.9;0.0;0.0
89;2021-01-24;93;1;0;6480;26;0;2.0;0.0;0.0
89;2021-01-25;479;3;0;6959;29;0;2.1;0.0;0.0
89;2021-01-26;583;15;0;7542;44;0;2.3;0.0;0.0
89;2021-01-27;489;34;0;8031;78;0;2.4;0.0;0.0
89;2021-01-28;551;118;0;8582;196;0;2.6;0.1;0.0
89;2021-01-29;849;41;0;9431;237;0;2.8;0.1;0.0
89;2021-01-30;164;64;0;9595;301;0;2.9;0.1;0.0
89;2021-01-31;23;2;0;9618;303;0;2.9;0.1;0.0
89;2021-02-01;256;153;0;9874;456;0;3.0;0.1;0.0
89;2021-02-02;283;322;0;10157;778;0;3.1;0.2;0.0
89;2021-02-03;293;325;0;10450;1103;0;3.1;0.3;0.0
89;2021-02-04;420;539;0;10870;1642;0;3.3;0.5;0.0
89;2021-02-05;364;193;0;11234;1835;0;3.4;0.6;0.0
89;2021-02-06;78;65;0;11312;1900;0;3.4;0.6;0.0
89;2021-02-07;1;1;0;11313;1901;0;3.4;0.6;0.0
89;2021-02-08;271;185;0;11584;2086;0;3.5;0.6;0.0
89;2021-02-09;294;441;0;11878;2527;0;3.6;0.8;0.0
89;2021-02-10;389;303;0;12267;2830;0;3.7;0.9;0.0
89;2021-02-11;329;552;0;12596;3382;0;3.8;1.0;0.0
89;2021-02-12;436;564;0;13032;3946;0;3.9;1.2;0.0
89;2021-02-13;50;125;0;13082;4071;0;3.9;1.2;0.0
89;2021-02-14;20;104;0;13102;4175;0;3.9;1.3;0.0
89;2021-02-15;211;407;0;13313;4582;0;4.0;1.4;0.0
89;2021-02-16;136;550;0;13449;5132;0;4.0;1.5;0.0
89;2021-02-17;271;425;0;13720;5557;0;4.1;1.7;0.0
89;2021-02-18;233;532;0;13953;6089;0;4.2;1.8;0.0
89;2021-02-19;235;602;0;14188;6691;0;4.3;2.0;0.0
89;2021-02-20;35;120;0;14223;6811;0;4.3;2.1;0.0
89;2021-02-21;1;9;0;14224;6820;0;4.3;2.1;0.0
89;2021-02-22;221;443;0;14445;7263;0;4.3;2.2;0.0
89;2021-02-23;179;489;0;14624;7752;0;4.4;2.3;0.0
89;2021-02-24;326;403;0;14950;8155;0;4.5;2.5;0.0
89;2021-02-25;385;461;0;15335;8616;0;4.6;2.6;0.0
89;2021-02-26;375;320;0;15710;8936;0;4.7;2.7;0.0
89;2021-02-27;143;89;0;15853;9025;0;4.8;2.7;0.0
89;2021-02-28;2;13;0;15855;9038;0;4.8;2.7;0.0
89;2021-03-01;518;248;0;16373;9286;0;4.9;2.8;0.0
89;2021-03-02;733;363;0;17106;9649;0;5.2;2.9;0.0
89;2021-03-03;640;272;0;17746;9921;0;5.3;3.0;0.0
89;2021-03-04;673;382;0;18419;10303;0;5.5;3.1;0.0
89;2021-03-05;756;486;0;19175;10789;0;5.8;3.2;0.0
89;2021-03-06;552;136;0;19727;10925;0;5.9;3.3;0.0
89;2021-03-07;307;47;0;20034;10972;0;6.0;3.3;0.0
89;2021-03-08;568;314;0;20602;11286;0;6.2;3.4;0.0
89;2021-03-09;1010;288;0;21612;11574;0;6.5;3.5;0.0
89;2021-03-10;1028;254;0;22640;11828;0;6.8;3.6;0.0
89;2021-03-11;1090;307;0;23730;12135;0;7.1;3.7;0.0
89;2021-03-12;1278;334;0;25008;12469;0;7.5;3.8;0.0
89;2021-03-13;635;48;0;25643;12517;0;7.7;3.8;0.0
89;2021-03-14;10;1;0;25653;12518;0;7.7;3.8;0.0
89;2021-03-15;838;303;0;26491;12821;0;8.0;3.9;0.0
89;2021-03-16;932;213;0;27423;13034;0;8.3;3.9;0.0
89;2021-03-17;923;208;0;28346;13242;0;8.5;4.0;0.0
89;2021-03-18;891;220;0;29237;13462;0;8.8;4.1;0.0
89;2021-03-19;1122;194;0;30359;13656;0;9.1;4.1;0.0
89;2021-03-20;827;28;0;31186;13684;0;9.4;4.1;0.0
89;2021-03-21;193;11;0;31379;13695;0;9.4;4.1;0.0
89;2021-03-22;1051;223;0;32430;13918;0;9.8;4.2;0.0
89;2021-03-23;1701;228;0;34131;14146;0;10.3;4.3;0.0
89;2021-03-24;1937;324;0;36068;14470;0;10.9;4.4;0.0
89;2021-03-25;1847;184;0;37915;14654;0;11.4;4.4;0.0
89;2021-03-26;2504;177;0;40419;14831;0;12.2;4.5;0.0
89;2021-03-27;1682;50;0;42101;14881;0;12.7;4.5;0.0
89;2021-03-28;26;0;0;42127;14881;0;12.7;4.5;0.0
89;2021-03-29;943;563;0;43070;15444;0;13.0;4.7;0.0
89;2021-03-30;1166;563;0;44236;16007;0;13.3;4.8;0.0
89;2021-03-31;1912;488;0;46148;16495;0;13.9;5.0;0.0
89;2021-04-01;2043;466;0;48191;16961;0;14.5;5.1;0.0
89;2021-04-02;1974;443;0;50165;17404;0;15.1;5.2;0.0
89;2021-04-03;912;243;0;51077;17647;0;15.4;5.3;0.0
89;2021-04-04;29;12;0;51106;17659;0;15.4;5.3;0.0
89;2021-04-05;91;5;0;51197;17664;0;15.4;5.3;0.0
89;2021-04-06;1017;751;0;52214;18415;0;15.7;5.5;0.0
89;2021-04-07;985;799;0;53199;19214;0;16.0;5.8;0.0
89;2021-04-08;1690;716;0;54889;19930;0;16.5;6.0;0.0
89;2021-04-09;2122;751;0;57011;20681;0;17.2;6.2;0.0
89;2021-04-10;895;184;0;57906;20865;0;17.4;6.3;0.0
89;2021-04-11;48;5;0;57954;20870;0;17.5;6.3;0.0
89;2021-04-12;962;791;0;58916;21661;0;17.7;6.5;0.0
89;2021-04-13;1313;1049;0;60229;22710;0;18.1;6.8;0.0
89;2021-04-14;1184;1005;0;61413;23715;0;18.5;7.1;0.0
89;2021-04-15;1381;928;0;62794;24643;0;18.9;7.4;0.0
89;2021-04-16;1321;915;0;64115;25558;0;19.3;7.7;0.0
89;2021-04-17;997;440;0;65112;25998;0;19.6;7.8;0.0
89;2021-04-18;47;176;0;65159;26174;0;19.6;7.9;0.0
89;2021-04-19;716;1019;0;65875;27193;0;19.8;8.2;0.0
89;2021-04-20;988;1531;0;66863;28724;0;20.1;8.6;0.0
89;2021-04-21;822;1091;0;67685;29815;0;20.4;9.0;0.0
89;2021-04-22;1058;1156;0;68743;30971;0;20.7;9.3;0.0
89;2021-04-23;1664;1891;0;70407;32862;0;21.2;9.9;0.0
89;2021-04-24;1136;1114;0;71543;33976;0;21.5;10.2;0.0
89;2021-04-25;179;18;0;71722;33994;0;21.6;10.2;0.0
89;2021-04-26;1440;749;0;73162;34743;0;22.0;10.5;0.0
89;2021-04-27;1721;1040;0;74883;35783;0;22.5;10.8;0.0
89;2021-04-28;1587;1765;0;76470;37548;0;23.0;11.3;0.0
89;2021-04-29;1914;1816;0;78384;39364;0;23.6;11.9;0.0
89;2021-04-30;1795;1640;0;80179;41004;0;24.1;12.3;0.0
89;2021-05-01;843;643;0;81022;41647;0;24.4;12.5;0.0
89;2021-05-02;161;47;0;81183;41694;0;24.4;12.6;0.0
89;2021-05-03;1517;789;0;82700;42483;0;24.9;12.8;0.0
89;2021-05-04;1573;1118;0;84273;43601;0;25.4;13.1;0.0
89;2021-05-05;2279;1192;0;86552;44793;0;26.1;13.5;0.0
89;2021-05-06;2351;1372;0;88903;46165;0;26.8;13.9;0.0
89;2021-05-07;2653;1273;0;91556;47438;0;27.6;14.3;0.0
89;2021-05-08;1671;504;0;93227;47942;0;28.1;14.4;0.0
89;2021-05-09;259;33;0;93486;47975;0;28.2;14.4;0.0
89;2021-05-10;1269;950;0;94755;48925;0;28.5;14.7;0.0
89;2021-05-11;2548;1448;0;97303;50373;0;29.3;15.2;0.0
89;2021-05-12;2106;1201;0;99409;51574;0;29.9;15.5;0.0
89;2021-05-13;542;318;0;99951;51892;0;30.1;15.6;0.0
89;2021-05-14;1957;1042;0;101908;52934;0;30.7;15.9;0.0
89;2021-05-15;2033;375;0;103941;53309;0;31.3;16.1;0.0
89;2021-05-16;108;50;0;104049;53359;0;31.3;16.1;0.0
89;2021-05-17;2167;632;0;106216;53991;0;32.0;16.3;0.0
89;2021-05-18;2426;831;0;108642;54822;0;32.7;16.5;0.0
89;2021-05-19;2879;878;0;111521;55700;0;33.6;16.8;0.0
89;2021-05-20;2962;882;0;114483;56582;0;34.5;17.0;0.0
89;2021-05-21;2504;854;0;116987;57436;0;35.2;17.3;0.0
89;2021-05-22;1397;565;0;118384;58001;0;35.6;17.5;0.0
89;2021-05-23;215;15;0;118599;58016;0;35.7;17.5;0.0
89;2021-05-24;442;220;0;119041;58236;0;35.8;17.5;0.0
89;2021-05-25;1650;971;0;120691;59207;0;36.3;17.8;0.0
89;2021-05-26;1860;1005;0;122551;60212;0;36.9;18.1;0.0
89;2021-05-27;2190;1329;0;124741;61541;0;37.6;18.5;0.0
89;2021-05-28;2132;1387;0;126873;62928;0;38.2;18.9;0.0
89;2021-05-29;687;651;0;127560;63579;0;38.4;19.1;0.0
89;2021-05-30;87;29;0;127647;63608;0;38.4;19.2;0.0
89;2021-05-31;1379;962;0;129026;64570;0;38.9;19.4;0.0
89;2021-06-01;1694;984;0;130720;65554;0;39.4;19.7;0.0
89;2021-06-02;2062;1232;0;132782;66786;0;40.0;20.1;0.0
89;2021-06-03;2445;1466;0;135227;68252;0;40.7;20.6;0.0
89;2021-06-04;2271;1835;0;137498;70087;0;41.4;21.1;0.0
89;2021-06-05;1257;1196;0;138755;71283;0;41.8;21.5;0.0
89;2021-06-06;97;69;0;138852;71352;0;41.8;21.5;0.0
89;2021-06-07;2141;1440;0;140993;72792;0;42.5;21.9;0.0
89;2021-06-08;2235;1486;0;143228;74278;0;43.1;22.4;0.0
89;2021-06-09;2297;1474;0;145525;75752;0;43.8;22.8;0.0
89;2021-06-10;2802;1639;0;148327;77391;0;44.7;23.3;0.0
89;2021-06-11;2002;1728;0;150329;79119;0;45.3;23.8;0.0
89;2021-06-12;1040;798;0;151369;79917;0;45.6;24.1;0.0
89;2021-06-13;198;432;0;151567;80349;0;45.6;24.2;0.0
89;2021-06-14;1363;1764;0;152930;82113;0;46.0;24.7;0.0
89;2021-06-15;1455;1969;0;154385;84082;0;46.5;25.3;0.0
89;2021-06-16;1158;2549;0;155543;86631;0;46.8;26.1;0.0
89;2021-06-17;1472;2365;0;157015;88996;0;47.3;26.8;0.0
89;2021-06-18;1624;2811;0;158639;91807;0;47.8;27.6;0.0
89;2021-06-19;720;1632;0;159359;93439;0;48.0;28.1;0.0
89;2021-06-20;71;161;0;159430;93600;0;48.0;28.2;0.0
89;2021-06-21;774;1564;0;160204;95164;0;48.2;28.7;0.0
89;2021-06-22;1080;2724;0;161284;97888;0;48.6;29.5;0.0
89;2021-06-23;1176;1891;0;162460;99779;0;48.9;30.0;0.0
89;2021-06-24;1115;1623;0;163575;101402;0;49.3;30.5;0.0
89;2021-06-25;981;2508;0;164556;103910;0;49.6;31.3;0.0
89;2021-06-26;604;2277;0;165160;106187;0;49.7;32.0;0.0
89;2021-06-27;42;90;0;165202;106277;0;49.7;32.0;0.0
89;2021-06-28;974;2546;0;166176;108823;0;50.0;32.8;0.0
89;2021-06-29;705;2550;0;166881;111373;0;50.3;33.5;0.0
89;2021-06-30;1057;3196;0;167938;114569;0;50.6;34.5;0.0
89;2021-07-01;974;2981;0;168912;117550;0;50.9;35.4;0.0
89;2021-07-02;1198;2763;0;170110;120313;0;51.2;36.2;0.0
89;2021-07-03;584;1585;0;170694;121898;0;51.4;36.7;0.0
89;2021-07-04;35;143;0;170729;122041;0;51.4;36.7;0.0
89;2021-07-05;1279;1878;0;172008;123919;0;51.8;37.3;0.0
89;2021-07-06;1061;2340;0;173069;126259;0;52.1;38.0;0.0
89;2021-07-07;709;1869;0;173778;128128;0;52.3;38.6;0.0
89;2021-07-08;849;2000;0;174627;130128;0;52.6;39.2;0.0
89;2021-07-09;1173;2579;0;175800;132707;0;52.9;40.0;0.0
89;2021-07-10;739;1027;0;176539;133734;0;53.2;40.3;0.0
89;2021-07-11;68;116;0;176607;133850;0;53.2;40.3;0.0
89;2021-07-12;1334;2000;0;177941;135850;0;53.6;40.9;0.0
89;2021-07-13;2097;2806;0;180038;138656;0;54.2;41.8;0.0
89;2021-07-14;432;450;0;180470;139106;0;54.3;41.9;0.0
89;2021-07-15;2212;3244;0;182682;142350;0;55.0;42.9;0.0
89;2021-07-16;2363;2942;0;185045;145292;0;55.7;43.8;0.0
89;2021-07-17;1281;1362;0;186326;146654;0;56.1;44.2;0.0
89;2021-07-18;336;171;0;186662;146825;0;56.2;44.2;0.0
89;2021-07-19;1637;2840;0;188299;149665;0;56.7;45.1;0.0
89;2021-07-20;2073;3338;0;190372;153003;0;57.3;46.1;0.0
89;2021-07-21;2087;2688;0;192459;155691;0;58.0;46.9;0.0
89;2021-07-22;2598;2971;0;195057;158662;0;58.7;47.8;0.0
89;2021-07-23;2543;3093;0;197600;161755;0;59.5;48.7;0.0
89;2021-07-24;1269;1236;0;198869;162991;0;59.9;49.1;0.0
89;2021-07-25;219;231;0;199088;163222;0;59.9;49.1;0.0
89;2021-07-26;1783;2314;0;200871;165536;0;60.5;49.8;0.0
89;2021-07-27;2493;1954;0;203364;167490;0;61.2;50.4;0.0
89;2021-07-28;2575;1425;0;205939;168915;0;62.0;50.9;0.0
89;2021-07-29;2605;1630;0;208544;170545;0;62.8;51.4;0.0
89;2021-07-30;2617;1657;0;211161;172202;0;63.6;51.9;0.0
89;2021-07-31;1173;1099;0;212334;173301;0;63.9;52.2;0.0
89;2021-08-01;174;67;0;212508;173368;0;64.0;52.2;0.0
89;2021-08-02;1841;1346;0;214349;174714;0;64.5;52.6;0.0
89;2021-08-03;2402;1298;0;216751;176012;0;65.3;53.0;0.0
89;2021-08-04;1509;1609;0;218260;177621;0;65.7;53.5;0.0
89;2021-08-05;1506;1667;0;219766;179288;0;66.2;54.0;0.0
89;2021-08-06;2093;1678;0;221859;180966;0;66.8;54.5;0.0
89;2021-08-07;929;1195;0;222788;182161;0;67.1;54.9;0.0
89;2021-08-08;94;103;0;222882;182264;0;67.1;54.9;0.0
89;2021-08-09;1095;1342;0;223977;183606;0;67.4;55.3;0.0
89;2021-08-10;1696;1852;0;225673;185458;0;68.0;55.8;0.0
89;2021-08-11;1470;1613;0;227143;187071;0;68.4;56.3;0.0
89;2021-08-12;1340;1450;0;228483;188521;0;68.8;56.8;0.0
89;2021-08-13;1232;1975;0;229715;190496;0;69.2;57.4;0.0
89;2021-08-14;521;1116;0;230236;191612;0;69.3;57.7;0.0
89;2021-08-15;38;109;0;230274;191721;0;69.3;57.7;0.0
89;2021-08-16;1017;2047;0;231291;193768;0;69.6;58.3;0.0
89;2021-08-17;801;1700;0;232092;195468;0;69.9;58.9;0.0
89;2021-08-18;615;1942;0;232707;197410;0;70.1;59.4;0.0
89;2021-08-19;698;1449;0;233405;198859;0;70.3;59.9;0.0
89;2021-08-20;1009;2209;0;234414;201068;0;70.6;60.5;0.0
89;2021-08-21;311;1159;0;234725;202227;0;70.7;60.9;0.0
89;2021-08-22;42;139;0;234767;202366;0;70.7;60.9;0.0
89;2021-08-23;742;2256;0;235509;204622;0;70.9;61.6;0.0
89;2021-08-24;842;2441;0;236351;207063;0;71.2;62.4;0.0
89;2021-08-25;576;1544;0;236927;208607;0;71.3;62.8;0.0
89;2021-08-26;589;2022;0;237516;210629;0;71.5;63.4;0.0
89;2021-08-27;784;2233;0;238300;212862;0;71.8;64.1;0.0
89;2021-08-28;381;1373;0;238681;214235;0;71.9;64.5;0.0
89;2021-08-29;21;148;0;238702;214383;0;71.9;64.6;0.0
89;2021-08-30;587;2193;24;239289;216576;24;72.1;65.2;0.0
89;2021-08-31;578;1590;40;239867;218166;64;72.2;65.7;0.0
89;2021-09-01;549;1362;82;240416;219528;146;72.4;66.1;0.0
89;2021-09-02;468;1386;151;240884;220914;297;72.5;66.5;0.1
89;2021-09-03;594;1884;179;241478;222798;476;72.7;67.1;0.1
89;2021-09-04;465;957;56;241943;223755;532;72.9;67.4;0.2
89;2021-09-05;27;35;7;241970;223790;539;72.9;67.4;0.2
89;2021-09-06;394;1484;294;242364;225274;833;73.0;67.8;0.3
89;2021-09-07;354;943;236;242718;226217;1069;73.1;68.1;0.3
89;2021-09-08;346;904;172;243064;227121;1241;73.2;68.4;0.4
89;2021-09-09;277;832;131;243341;227953;1372;73.3;68.6;0.4
89;2021-09-10;462;1340;173;243803;229293;1545;73.4;69.0;0.5
89;2021-09-11;295;792;61;244098;230085;1606;73.5;69.3;0.5
89;2021-09-12;14;56;10;244112;230141;1616;73.5;69.3;0.5
89;2021-09-13;381;1026;232;244493;231167;1848;73.6;69.6;0.6
89;2021-09-14;380;664;218;244873;231831;2066;73.7;69.8;0.6
89;2021-09-15;253;728;164;245126;232559;2230;73.8;70.0;0.7
89;2021-09-16;254;544;414;245380;233103;2644;73.9;70.2;0.8
89;2021-09-17;477;1039;344;245857;234142;2988;74.0;70.5;0.9
89;2021-09-18;183;749;92;246040;234891;3080;74.1;70.7;0.9
89;2021-09-19;9;23;12;246049;234914;3092;74.1;70.7;0.9
89;2021-09-20;254;670;380;246303;235584;3472;74.2;70.9;1.0
89;2021-09-21;301;455;466;246604;236039;3938;74.3;71.1;1.2
89;2021-09-22;204;602;258;246808;236641;4196;74.3;71.3;1.3
89;2021-09-23;219;421;272;247027;237062;4468;74.4;71.4;1.3
89;2021-09-24;301;822;323;247328;237884;4791;74.5;71.6;1.4
89;2021-09-25;112;486;75;247440;238370;4866;74.5;71.8;1.5
89;2021-09-26;8;29;5;247448;238399;4871;74.5;71.8;1.5
89;2021-09-27;181;439;376;247629;238838;5247;74.6;71.9;1.6
89;2021-09-28;238;367;309;247867;239205;5556;74.6;72.0;1.7
89;2021-09-29;200;375;311;248067;239580;5867;74.7;72.1;1.8
89;2021-09-30;151;406;328;248218;239986;6195;74.7;72.3;1.9
89;2021-10-01;288;495;379;248506;240481;6574;74.8;72.4;2.0
89;2021-10-02;140;358;84;248646;240839;6658;74.9;72.5;2.0
89;2021-10-03;7;21;5;248653;240860;6663;74.9;72.5;2.0
89;2021-10-04;127;392;329;248780;241252;6992;74.9;72.6;2.1
89;2021-10-05;149;430;328;248929;241682;7320;75.0;72.8;2.2
89;2021-10-06;231;423;434;249160;242105;7754;75.0;72.9;2.3
89;2021-10-07;83;323;385;249243;242428;8139;75.1;73.0;2.5
89;2021-10-08;225;526;494;249468;242954;8633;75.1;73.2;2.6
89;2021-10-09;126;252;173;249594;243206;8806;75.2;73.2;2.7
89;2021-10-10;1;9;7;249595;243215;8813;75.2;73.2;2.7
89;2021-10-11;136;296;277;249731;243511;9090;75.2;73.3;2.7
89;2021-10-12;116;228;432;249847;243739;9522;75.2;73.4;2.9
89;2021-10-13;162;257;396;250009;243996;9918;75.3;73.5;3.0
89;2021-10-14;119;242;397;250128;244238;10315;75.3;73.5;3.1
89;2021-10-15;208;420;518;250336;244658;10833;75.4;73.7;3.3
89;2021-10-16;119;137;153;250455;244795;10986;75.4;73.7;3.3
89;2021-10-17;5;12;31;250460;244807;11017;75.4;73.7;3.3
89;2021-10-18;121;246;398;250581;245053;11415;75.5;73.8;3.4
89;2021-10-19;141;240;544;250722;245293;11959;75.5;73.9;3.6
89;2021-10-20;104;267;641;250826;245560;12600;75.5;73.9;3.8
89;2021-10-21;106;157;548;250932;245717;13148;75.6;74.0;4.0
89;2021-10-22;227;325;586;251159;246042;13734;75.6;74.1;4.1
89;2021-10-23;105;149;304;251264;246191;14038;75.7;74.1;4.2
89;2021-10-24;1;9;3;251265;246200;14041;75.7;74.1;4.2
89;2021-10-25;101;143;569;251366;246343;14610;75.7;74.2;4.4
89;2021-10-26;97;134;620;251463;246477;15230;75.7;74.2;4.6
89;2021-10-27;138;215;782;251601;246692;16012;75.8;74.3;4.8
89;2021-10-28;75;119;734;251676;246811;16746;75.8;74.3;5.0
89;2021-10-29;134;220;706;251810;247031;17452;75.8;74.4;5.3
89;2021-10-30;73;115;345;251883;247146;17797;75.8;74.4;5.4
89;2021-10-31;5;12;18;251888;247158;17815;75.8;74.4;5.4
89;2021-11-01;6;8;12;251894;247166;17827;75.8;74.4;5.4
89;2021-11-02;101;155;609;251995;247321;18436;75.9;74.5;5.6
89;2021-11-03;129;221;946;252124;247542;19382;75.9;74.5;5.8
89;2021-11-04;85;110;588;252209;247652;19970;75.9;74.6;6.0
89;2021-11-05;163;229;952;252372;247881;20922;76.0;74.6;6.3
89;2021-11-06;60;146;392;252432;248027;21314;76.0;74.7;6.4
89;2021-11-07;1;9;18;252433;248036;21332;76.0;74.7;6.4
89;2021-11-08;119;99;869;252552;248135;22201;76.0;74.7;6.7
89;2021-11-09;99;126;931;252651;248261;23132;76.1;74.8;7.0
89;2021-11-10;140;164;1199;252791;248425;24331;76.1;74.8;7.3
89;2021-11-11;5;11;43;252796;248436;24374;76.1;74.8;7.3
89;2021-11-12;115;189;1036;252911;248625;25410;76.2;74.9;7.7
89;2021-11-13;59;138;650;252970;248763;26060;76.2;74.9;7.8
89;2021-11-14;4;13;30;252974;248776;26090;76.2;74.9;7.9
89;2021-11-15;100;126;1118;253074;248902;27208;76.2;74.9;8.2
89;2021-11-16;104;126;1233;253178;249028;28441;76.2;75.0;8.6
89;2021-11-17;141;169;1158;253319;249197;29599;76.3;75.0;8.9
89;2021-11-18;62;86;769;253381;249283;30368;76.3;75.1;9.1
89;2021-11-19;143;203;1337;253524;249486;31705;76.3;75.1;9.5
89;2021-11-20;100;129;746;253624;249615;32451;76.4;75.2;9.8
89;2021-11-21;10;15;39;253634;249630;32490;76.4;75.2;9.8
89;2021-11-22;115;90;1323;253749;249720;33813;76.4;75.2;10.2
89;2021-11-23;98;104;1303;253847;249824;35116;76.4;75.2;10.6
89;2021-11-24;148;116;1262;253995;249940;36378;76.5;75.3;11.0
89;2021-11-25;99;124;1424;254094;250064;37802;76.5;75.3;11.4
89;2021-11-26;125;157;1924;254219;250221;39726;76.5;75.3;12.0
89;2021-11-27;105;116;1079;254324;250337;40805;76.6;75.4;12.3
89;2021-11-28;2;18;79;254326;250355;40884;76.6;75.4;12.3
89;2021-11-29;103;130;1854;254429;250485;42738;76.6;75.4;12.9
89;2021-11-30;105;125;2335;254534;250610;45073;76.6;75.5;13.6
89;2021-12-01;110;132;2468;254644;250742;47541;76.7;75.5;14.3
89;2021-12-02;83;61;2305;254727;250803;49846;76.7;75.5;15.0
89;2021-12-03;105;122;2891;254832;250925;52737;76.7;75.6;15.9
89;2021-12-04;40;92;1820;254872;251017;54557;76.7;75.6;16.4
89;2021-12-05;5;8;107;254877;251025;54664;76.7;75.6;16.5
89;2021-12-06;79;97;3355;254956;251122;58019;76.8;75.6;17.5
89;2021-12-07;109;113;3551;255065;251235;61570;76.8;75.7;18.5
89;2021-12-08;107;107;3117;255172;251342;64687;76.8;75.7;19.5
89;2021-12-09;111;86;3305;255283;251428;67992;76.9;75.7;20.5
90;2020-12-27;0;0;0;0;0;0;0.0;0.0;0.0
90;2020-12-28;0;0;0;0;0;0;0.0;0.0;0.0
90;2020-12-29;0;0;0;0;0;0;0.0;0.0;0.0
90;2020-12-30;1;0;0;1;0;0;0.0;0.0;0.0
90;2020-12-31;0;0;0;1;0;0;0.0;0.0;0.0
90;2021-01-01;0;0;0;1;0;0;0.0;0.0;0.0
90;2021-01-02;1;0;0;2;0;0;0.0;0.0;0.0
90;2021-01-03;0;0;0;2;0;0;0.0;0.0;0.0
90;2021-01-04;2;0;0;4;0;0;0.0;0.0;0.0
90;2021-01-05;0;0;0;4;0;0;0.0;0.0;0.0
90;2021-01-06;5;0;0;9;0;0;0.0;0.0;0.0
90;2021-01-07;10;0;0;19;0;0;0.0;0.0;0.0
90;2021-01-08;93;0;0;112;0;0;0.1;0.0;0.0
90;2021-01-09;34;0;0;146;0;0;0.1;0.0;0.0
90;2021-01-10;0;0;0;146;0;0;0.1;0.0;0.0
90;2021-01-11;136;0;0;282;0;0;0.2;0.0;0.0
90;2021-01-12;335;0;0;617;0;0;0.4;0.0;0.0
90;2021-01-13;358;2;0;975;2;0;0.7;0.0;0.0
90;2021-01-14;310;2;0;1285;4;0;0.9;0.0;0.0
90;2021-01-15;299;7;0;1584;11;0;1.1;0.0;0.0
90;2021-01-16;77;2;0;1661;13;0;1.2;0.0;0.0
90;2021-01-17;1;0;0;1662;13;0;1.2;0.0;0.0
90;2021-01-18;278;1;0;1940;14;0;1.4;0.0;0.0
90;2021-01-19;358;5;0;2298;19;0;1.6;0.0;0.0
90;2021-01-20;316;2;0;2614;21;0;1.9;0.0;0.0
90;2021-01-21;298;1;0;2912;22;0;2.1;0.0;0.0
90;2021-01-22;335;1;0;3247;23;0;2.3;0.0;0.0
90;2021-01-23;118;0;0;3365;23;0;2.4;0.0;0.0
90;2021-01-24;2;0;0;3367;23;0;2.4;0.0;0.0
90;2021-01-25;287;3;0;3654;26;0;2.6;0.0;0.0
90;2021-01-26;258;2;0;3912;28;0;2.8;0.0;0.0
90;2021-01-27;267;4;0;4179;32;0;3.0;0.0;0.0
90;2021-01-28;301;24;0;4480;56;0;3.2;0.0;0.0
90;2021-01-29;245;89;0;4725;145;0;3.4;0.1;0.0
90;2021-01-30;134;23;0;4859;168;0;3.5;0.1;0.0
90;2021-01-31;111;0;0;4970;168;0;3.5;0.1;0.0
90;2021-02-01;254;62;0;5224;230;0;3.7;0.2;0.0
90;2021-02-02;271;99;0;5495;329;0;3.9;0.2;0.0
90;2021-02-03;233;271;0;5728;600;0;4.1;0.4;0.0
90;2021-02-04;235;218;0;5963;818;0;4.3;0.6;0.0
90;2021-02-05;225;224;0;6188;1042;0;4.4;0.7;0.0
90;2021-02-06;83;49;0;6271;1091;0;4.5;0.8;0.0
90;2021-02-07;1;0;0;6272;1091;0;4.5;0.8;0.0
90;2021-02-08;161;155;0;6433;1246;0;4.6;0.9;0.0
90;2021-02-09;117;112;0;6550;1358;0;4.7;1.0;0.0
90;2021-02-10;177;36;0;6727;1394;0;4.8;1.0;0.0
90;2021-02-11;164;93;0;6891;1487;0;4.9;1.1;0.0
90;2021-02-12;128;214;0;7019;1701;0;5.0;1.2;0.0
90;2021-02-13;83;42;0;7102;1743;0;5.1;1.2;0.0
90;2021-02-14;0;1;0;7102;1744;0;5.1;1.2;0.0
90;2021-02-15;118;210;0;7220;1954;0;5.2;1.4;0.0
90;2021-02-16;100;200;0;7320;2154;0;5.2;1.5;0.0
90;2021-02-17;144;181;0;7464;2335;0;5.3;1.7;0.0
90;2021-02-18;128;256;0;7592;2591;0;5.4;1.8;0.0
90;2021-02-19;81;257;0;7673;2848;0;5.5;2.0;0.0
90;2021-02-20;44;92;0;7717;2940;0;5.5;2.1;0.0
90;2021-02-21;0;1;0;7717;2941;0;5.5;2.1;0.0
90;2021-02-22;46;295;0;7763;3236;0;5.5;2.3;0.0
90;2021-02-23;49;247;0;7812;3483;0;5.6;2.5;0.0
90;2021-02-24;79;268;0;7891;3751;0;5.6;2.7;0.0
90;2021-02-25;89;304;0;7980;4055;0;5.7;2.9;0.0
90;2021-02-26;95;318;0;8075;4373;0;5.8;3.1;0.0
90;2021-02-27;140;155;0;8215;4528;0;5.9;3.2;0.0
90;2021-02-28;7;106;0;8222;4634;0;5.9;3.3;0.0
90;2021-03-01;150;206;0;8372;4840;0;6.0;3.5;0.0
90;2021-03-02;182;263;0;8554;5103;0;6.1;3.6;0.0
90;2021-03-03;227;299;0;8781;5402;0;6.3;3.9;0.0
90;2021-03-04;225;244;0;9006;5646;0;6.4;4.0;0.0
90;2021-03-05;338;248;0;9344;5894;0;6.7;4.2;0.0
90;2021-03-06;261;98;0;9605;5992;0;6.9;4.3;0.0
90;2021-03-07;27;2;0;9632;5994;0;6.9;4.3;0.0
90;2021-03-08;186;228;0;9818;6222;0;7.0;4.4;0.0
90;2021-03-09;360;146;0;10178;6368;0;7.3;4.5;0.0
90;2021-03-10;321;182;0;10499;6550;0;7.5;4.7;0.0
90;2021-03-11;314;134;0;10813;6684;0;7.7;4.8;0.0
90;2021-03-12;486;130;0;11299;6814;0;8.1;4.9;0.0
90;2021-03-13;491;51;0;11790;6865;0;8.4;4.9;0.0
90;2021-03-14;53;0;0;11843;6865;0;8.5;4.9;0.0
90;2021-03-15;390;121;0;12233;6986;0;8.7;5.0;0.0
90;2021-03-16;421;101;0;12654;7087;0;9.0;5.1;0.0
90;2021-03-17;306;73;0;12960;7160;0;9.2;5.1;0.0
90;2021-03-18;320;80;0;13280;7240;0;9.5;5.2;0.0
90;2021-03-19;432;80;0;13712;7320;0;9.8;5.2;0.0
90;2021-03-20;404;49;0;14116;7369;0;10.1;5.3;0.0
90;2021-03-21;3;0;0;14119;7369;0;10.1;5.3;0.0
90;2021-03-22;334;34;0;14453;7403;0;10.3;5.3;0.0
90;2021-03-23;660;73;0;15113;7476;0;10.8;5.3;0.0
90;2021-03-24;737;50;0;15850;7526;0;11.3;5.4;0.0
90;2021-03-25;815;69;0;16665;7595;0;11.9;5.4;0.0
90;2021-03-26;1056;46;0;17721;7641;0;12.6;5.5;0.0
90;2021-03-27;337;24;0;18058;7665;0;12.9;5.5;0.0
90;2021-03-28;35;0;0;18093;7665;0;12.9;5.5;0.0
90;2021-03-29;604;146;0;18697;7811;0;13.3;5.6;0.0
90;2021-03-30;584;142;0;19281;7953;0;13.8;5.7;0.0
90;2021-03-31;631;90;0;19912;8043;0;14.2;5.7;0.0
90;2021-04-01;491;120;0;20403;8163;0;14.6;5.8;0.0
90;2021-04-02;542;103;0;20945;8266;0;14.9;5.9;0.0
90;2021-04-03;299;34;0;21244;8300;0;15.2;5.9;0.0
90;2021-04-04;3;2;0;21247;8302;0;15.2;5.9;0.0
90;2021-04-05;3;0;0;21250;8302;0;15.2;5.9;0.0
90;2021-04-06;521;234;0;21771;8536;0;15.5;6.1;0.0
90;2021-04-07;401;228;0;22172;8764;0;15.8;6.3;0.0
90;2021-04-08;467;206;0;22639;8970;0;16.2;6.4;0.0
90;2021-04-09;657;207;0;23296;9177;0;16.6;6.5;0.0
90;2021-04-10;239;39;0;23535;9216;0;16.8;6.6;0.0
90;2021-04-11;9;38;0;23544;9254;0;16.8;6.6;0.0
90;2021-04-12;422;422;0;23966;9676;0;17.1;6.9;0.0
90;2021-04-13;470;462;0;24436;10138;0;17.4;7.2;0.0
90;2021-04-14;416;329;0;24852;10467;0;17.7;7.5;0.0
90;2021-04-15;733;267;0;25585;10734;0;18.3;7.7;0.0
90;2021-04-16;330;349;0;25915;11083;0;18.5;7.9;0.0
90;2021-04-17;147;84;0;26062;11167;0;18.6;8.0;0.0
90;2021-04-18;18;4;0;26080;11171;0;18.6;8.0;0.0
90;2021-04-19;372;485;0;26452;11656;0;18.9;8.3;0.0
90;2021-04-20;434;550;0;26886;12206;0;19.2;8.7;0.0
90;2021-04-21;326;478;0;27212;12684;0;19.4;9.1;0.0
90;2021-04-22;471;489;0;27683;13173;0;19.8;9.4;0.0
90;2021-04-23;437;598;0;28120;13771;0;20.1;9.8;0.0
90;2021-04-24;231;119;0;28351;13890;0;20.2;9.9;0.0
90;2021-04-25;11;1;0;28362;13891;0;20.2;9.9;0.0
90;2021-04-26;397;595;0;28759;14486;0;20.5;10.3;0.0
90;2021-04-27;563;525;0;29322;15011;0;20.9;10.7;0.0
90;2021-04-28;646;420;0;29968;15431;0;21.4;11.0;0.0
90;2021-04-29;882;356;0;30850;15787;0;22.0;11.3;0.0
90;2021-04-30;941;368;0;31791;16155;0;22.7;11.5;0.0
90;2021-05-01;131;45;0;31922;16200;0;22.8;11.6;0.0
90;2021-05-02;26;1;0;31948;16201;0;22.8;11.6;0.0
90;2021-05-03;836;279;0;32784;16480;0;23.4;11.8;0.0
90;2021-05-04;735;562;0;33519;17042;0;23.9;12.2;0.0
90;2021-05-05;837;472;0;34356;17514;0;24.5;12.5;0.0
90;2021-05-06;788;489;0;35144;18003;0;25.1;12.8;0.0
90;2021-05-07;487;428;0;35631;18431;0;25.4;13.2;0.0
90;2021-05-08;55;31;0;35686;18462;0;25.5;13.2;0.0
90;2021-05-09;23;30;0;35709;18492;0;25.5;13.2;0.0
90;2021-05-10;593;440;0;36302;18932;0;25.9;13.5;0.0
90;2021-05-11;849;519;0;37151;19451;0;26.5;13.9;0.0
90;2021-05-12;709;551;0;37860;20002;0;27.0;14.3;0.0
90;2021-05-13;1254;234;0;39114;20236;0;27.9;14.4;0.0
90;2021-05-14;1034;369;0;40148;20605;0;28.6;14.7;0.0
90;2021-05-15;278;125;0;40426;20730;0;28.8;14.8;0.0
90;2021-05-16;40;10;0;40466;20740;0;28.9;14.8;0.0
90;2021-05-17;957;286;0;41423;21026;0;29.6;15.0;0.0
90;2021-05-18;1271;398;0;42694;21424;0;30.5;15.3;0.0
90;2021-05-19;1482;347;0;44176;21771;0;31.5;15.5;0.0
90;2021-05-20;1426;267;0;45602;22038;0;32.5;15.7;0.0
90;2021-05-21;1430;427;0;47032;22465;0;33.6;16.0;0.0
90;2021-05-22;322;145;0;47354;22610;0;33.8;16.1;0.0
90;2021-05-23;12;1;0;47366;22611;0;33.8;16.1;0.0
90;2021-05-24;340;224;0;47706;22835;0;34.0;16.3;0.0
90;2021-05-25;735;675;0;48441;23510;0;34.6;16.8;0.0
90;2021-05-26;885;501;0;49326;24011;0;35.2;17.1;0.0
90;2021-05-27;1178;368;0;50504;24379;0;36.0;17.4;0.0
90;2021-05-28;826;695;0;51330;25074;0;36.6;17.9;0.0
90;2021-05-29;183;291;0;51513;25365;0;36.8;18.1;0.0
90;2021-05-30;7;1;0;51520;25366;0;36.8;18.1;0.0
90;2021-05-31;907;538;0;52427;25904;0;37.4;18.5;0.0
90;2021-06-01;944;575;0;53371;26479;0;38.1;18.9;0.0
90;2021-06-02;768;544;0;54139;27023;0;38.6;19.3;0.0
90;2021-06-03;791;576;0;54930;27599;0;39.2;19.7;0.0
90;2021-06-04;864;824;0;55794;28423;0;39.8;20.3;0.0
90;2021-06-05;120;404;0;55914;28827;0;39.9;20.6;0.0
90;2021-06-06;33;19;0;55947;28846;0;39.9;20.6;0.0
90;2021-06-07;1095;935;0;57042;29781;0;40.7;21.3;0.0
90;2021-06-08;1319;821;0;58361;30602;0;41.6;21.8;0.0
90;2021-06-09;880;600;0;59241;31202;0;42.3;22.3;0.0
90;2021-06-10;645;474;0;59886;31676;0;42.7;22.6;0.0
90;2021-06-11;753;991;0;60639;32667;0;43.3;23.3;0.0
90;2021-06-12;688;350;0;61327;33017;0;43.8;23.6;0.0
90;2021-06-13;22;20;0;61349;33037;0;43.8;23.6;0.0
90;2021-06-14;280;917;0;61629;33954;0;44.0;24.2;0.0
90;2021-06-15;535;898;0;62164;34852;0;44.4;24.9;0.0
90;2021-06-16;517;606;0;62681;35458;0;44.7;25.3;0.0
90;2021-06-17;408;571;0;63089;36029;0;45.0;25.7;0.0
90;2021-06-18;577;983;0;63666;37012;0;45.4;26.4;0.0
90;2021-06-19;415;234;0;64081;37246;0;45.7;26.6;0.0
90;2021-06-20;9;47;0;64090;37293;0;45.7;26.6;0.0
90;2021-06-21;289;1242;0;64379;38535;0;45.9;27.5;0.0
90;2021-06-22;346;1072;0;64725;39607;0;46.2;28.3;0.0
90;2021-06-23;377;782;0;65102;40389;0;46.5;28.8;0.0
90;2021-06-24;323;757;0;65425;41146;0;46.7;29.4;0.0
90;2021-06-25;401;1344;0;65826;42490;0;47.0;30.3;0.0
90;2021-06-26;387;763;0;66213;43253;0;47.2;30.9;0.0
90;2021-06-27;13;42;0;66226;43295;0;47.3;30.9;0.0
90;2021-06-28;363;1419;0;66589;44714;0;47.5;31.9;0.0
90;2021-06-29;292;1497;0;66881;46211;0;47.7;33.0;0.0
90;2021-06-30;456;1346;0;67337;47557;0;48.0;33.9;0.0
90;2021-07-01;347;1031;0;67684;48588;0;48.3;34.7;0.0
90;2021-07-02;544;1303;0;68228;49891;0;48.7;35.6;0.0
90;2021-07-03;86;296;0;68314;50187;0;48.7;35.8;0.0
90;2021-07-04;13;46;0;68327;50233;0;48.8;35.8;0.0
90;2021-07-05;399;948;0;68726;51181;0;49.0;36.5;0.0
90;2021-07-06;482;1120;0;69208;52301;0;49.4;37.3;0.0
90;2021-07-07;372;1178;0;69580;53479;0;49.6;38.2;0.0
90;2021-07-08;309;715;0;69889;54194;0;49.9;38.7;0.0
90;2021-07-09;440;1049;0;70329;55243;0;50.2;39.4;0.0
90;2021-07-10;82;229;0;70411;55472;0;50.2;39.6;0.0
90;2021-07-11;18;22;0;70429;55494;0;50.3;39.6;0.0
90;2021-07-12;262;1160;0;70691;56654;0;50.4;40.4;0.0
90;2021-07-13;512;1212;0;71203;57866;0;50.8;41.3;0.0
90;2021-07-14;106;60;0;71309;57926;0;50.9;41.3;0.0
90;2021-07-15;725;1332;0;72034;59258;0;51.4;42.3;0.0
90;2021-07-16;755;1494;0;72789;60752;0;51.9;43.3;0.0
90;2021-07-17;389;825;0;73178;61577;0;52.2;43.9;0.0
90;2021-07-18;78;42;0;73256;61619;0;52.3;44.0;0.0
90;2021-07-19;946;1265;0;74202;62884;0;52.9;44.9;0.0
90;2021-07-20;1084;1053;0;75286;63937;0;53.7;45.6;0.0
90;2021-07-21;1149;868;0;76435;64805;0;54.5;46.2;0.0
90;2021-07-22;1016;672;0;77451;65477;0;55.3;46.7;0.0
90;2021-07-23;928;1008;0;78379;66485;0;55.9;47.4;0.0
90;2021-07-24;196;133;0;78575;66618;0;56.1;47.5;0.0
90;2021-07-25;47;32;0;78622;66650;0;56.1;47.6;0.0
90;2021-07-26;954;750;0;79576;67400;0;56.8;48.1;0.0
90;2021-07-27;959;702;0;80535;68102;0;57.5;48.6;0.0
90;2021-07-28;839;598;0;81374;68700;0;58.1;49.0;0.0
90;2021-07-29;895;473;0;82269;69173;0;58.7;49.4;0.0
90;2021-07-30;862;570;0;83131;69743;0;59.3;49.8;0.0
90;2021-07-31;493;302;0;83624;70045;0;59.7;50.0;0.0
90;2021-08-01;36;27;0;83660;70072;0;59.7;50.0;0.0
90;2021-08-02;853;511;0;84513;70583;0;60.3;50.4;0.0
90;2021-08-03;863;509;0;85376;71092;0;60.9;50.7;0.0
90;2021-08-04;1042;435;0;86418;71527;0;61.7;51.0;0.0
90;2021-08-05;542;276;0;86960;71803;0;62.1;51.2;0.0
90;2021-08-06;599;433;0;87559;72236;0;62.5;51.5;0.0
90;2021-08-07;100;135;0;87659;72371;0;62.5;51.6;0.0
90;2021-08-08;36;44;0;87695;72415;0;62.6;51.7;0.0
90;2021-08-09;653;766;0;88348;73181;0;63.0;52.2;0.0
90;2021-08-10;499;992;0;88847;74173;0;63.4;52.9;0.0
90;2021-08-11;532;814;0;89379;74987;0;63.8;53.5;0.0
90;2021-08-12;397;717;0;89776;75704;0;64.1;54.0;0.0
90;2021-08-13;472;786;0;90248;76490;0;64.4;54.6;0.0
90;2021-08-14;81;170;0;90329;76660;0;64.5;54.7;0.0
90;2021-08-15;6;37;0;90335;76697;0;64.5;54.7;0.0
90;2021-08-16;411;627;0;90746;77324;0;64.8;55.2;0.0
90;2021-08-17;327;990;0;91073;78314;0;65.0;55.9;0.0
90;2021-08-18;275;849;0;91348;79163;0;65.2;56.5;0.0
90;2021-08-19;252;672;0;91600;79835;0;65.4;57.0;0.0
90;2021-08-20;341;777;0;91941;80612;0;65.6;57.5;0.0
90;2021-08-21;50;168;0;91991;80780;0;65.6;57.6;0.0
90;2021-08-22;3;36;0;91994;80816;0;65.6;57.7;0.0
90;2021-08-23;284;552;0;92278;81368;0;65.8;58.1;0.0
90;2021-08-24;295;937;0;92573;82305;0;66.1;58.7;0.0
90;2021-08-25;239;933;0;92812;83238;0;66.2;59.4;0.0
90;2021-08-26;223;678;0;93035;83916;0;66.4;59.9;0.0
90;2021-08-27;268;786;0;93303;84702;0;66.6;60.4;0.0
90;2021-08-28;41;160;0;93344;84862;0;66.6;60.6;0.0
90;2021-08-29;6;12;0;93350;84874;0;66.6;60.6;0.0
90;2021-08-30;312;655;11;93662;85529;11;66.8;61.0;0.0
90;2021-08-31;251;917;19;93913;86446;30;67.0;61.7;0.0
90;2021-09-01;288;671;141;94201;87117;171;67.2;62.2;0.1
90;2021-09-02;174;376;67;94375;87493;238;67.3;62.4;0.2
90;2021-09-03;248;536;32;94623;88029;270;67.5;62.8;0.2
90;2021-09-04;76;182;35;94699;88211;305;67.6;62.9;0.2
90;2021-09-05;10;31;2;94709;88242;307;67.6;63.0;0.2
90;2021-09-06;149;674;48;94858;88916;355;67.7;63.4;0.3
90;2021-09-07;199;513;111;95057;89429;466;67.8;63.8;0.3
90;2021-09-08;211;534;89;95268;89963;555;68.0;64.2;0.4
90;2021-09-09;186;264;65;95454;90227;620;68.1;64.4;0.4
90;2021-09-10;191;440;93;95645;90667;713;68.2;64.7;0.5
90;2021-09-11;32;39;14;95677;90706;727;68.3;64.7;0.5
90;2021-09-12;5;10;2;95682;90716;729;68.3;64.7;0.5
90;2021-09-13;220;331;156;95902;91047;885;68.4;65.0;0.6
90;2021-09-14;152;328;131;96054;91375;1016;68.5;65.2;0.7
90;2021-09-15;163;349;106;96217;91724;1122;68.7;65.4;0.8
90;2021-09-16;154;230;114;96371;91954;1236;68.8;65.6;0.9
90;2021-09-17;180;318;142;96551;92272;1378;68.9;65.8;1.0
90;2021-09-18;28;65;37;96579;92337;1415;68.9;65.9;1.0
90;2021-09-19;9;8;18;96588;92345;1433;68.9;65.9;1.0
90;2021-09-20;137;226;206;96725;92571;1639;69.0;66.1;1.2
90;2021-09-21;97;239;183;96822;92810;1822;69.1;66.2;1.3
90;2021-09-22;96;301;205;96918;93111;2027;69.2;66.4;1.4
90;2021-09-23;83;133;37;97001;93244;2064;69.2;66.5;1.5
90;2021-09-24;107;292;164;97108;93536;2228;69.3;66.7;1.6
90;2021-09-25;32;58;20;97140;93594;2248;69.3;66.8;1.6
90;2021-09-26;1;5;1;97141;93599;2249;69.3;66.8;1.6
90;2021-09-27;90;197;138;97231;93796;2387;69.4;66.9;1.7
90;2021-09-28;91;140;94;97322;93936;2481;69.4;67.0;1.8
90;2021-09-29;73;225;87;97395;94161;2568;69.5;67.2;1.8
90;2021-09-30;75;134;83;97470;94295;2651;69.5;67.3;1.9
90;2021-10-01;150;217;150;97620;94512;2801;69.7;67.4;2.0
90;2021-10-02;20;63;18;97640;94575;2819;69.7;67.5;2.0
90;2021-10-03;5;10;0;97645;94585;2819;69.7;67.5;2.0
90;2021-10-04;119;191;154;97764;94776;2973;69.8;67.6;2.1
90;2021-10-05;48;142;211;97812;94918;3184;69.8;67.7;2.3
90;2021-10-06;97;177;250;97909;95095;3434;69.9;67.9;2.5
90;2021-10-07;53;117;182;97962;95212;3616;69.9;67.9;2.6
90;2021-10-08;122;223;162;98084;95435;3778;70.0;68.1;2.7
90;2021-10-09;29;36;34;98113;95471;3812;70.0;68.1;2.7
90;2021-10-10;3;4;3;98116;95475;3815;70.0;68.1;2.7
90;2021-10-11;75;130;151;98191;95605;3966;70.1;68.2;2.8
90;2021-10-12;77;120;195;98268;95725;4161;70.1;68.3;3.0
90;2021-10-13;100;148;192;98368;95873;4353;70.2;68.4;3.1
90;2021-10-14;65;106;115;98433;95979;4468;70.2;68.5;3.2
90;2021-10-15;126;182;184;98559;96161;4652;70.3;68.6;3.3
90;2021-10-16;25;43;28;98584;96204;4680;70.3;68.6;3.3
90;2021-10-17;0;3;1;98584;96207;4681;70.3;68.6;3.3
90;2021-10-18;79;128;176;98663;96335;4857;70.4;68.7;3.5
90;2021-10-19;57;107;196;98720;96442;5053;70.4;68.8;3.6
90;2021-10-20;59;98;163;98779;96540;5216;70.5;68.9;3.7
90;2021-10-21;50;59;155;98829;96599;5371;70.5;68.9;3.8
90;2021-10-22;62;152;168;98891;96751;5539;70.6;69.0;4.0
90;2021-10-23;22;22;29;98913;96773;5568;70.6;69.1;4.0
90;2021-10-24;0;4;1;98913;96777;5569;70.6;69.1;4.0
90;2021-10-25;54;105;176;98967;96882;5745;70.6;69.1;4.1
90;2021-10-26;64;85;266;99031;96967;6011;70.7;69.2;4.3
90;2021-10-27;41;125;328;99072;97092;6339;70.7;69.3;4.5
90;2021-10-28;40;46;168;99112;97138;6507;70.7;69.3;4.6
90;2021-10-29;56;92;293;99168;97230;6800;70.8;69.4;4.9
90;2021-10-30;16;27;36;99184;97257;6836;70.8;69.4;4.9
90;2021-10-31;1;8;0;99185;97265;6836;70.8;69.4;4.9
90;2021-11-01;1;1;0;99186;97266;6836;70.8;69.4;4.9
90;2021-11-02;57;90;195;99243;97356;7031;70.8;69.5;5.0
90;2021-11-03;58;108;357;99301;97464;7388;70.9;69.5;5.3
90;2021-11-04;41;65;185;99342;97529;7573;70.9;69.6;5.4
90;2021-11-05;75;112;308;99417;97641;7881;70.9;69.7;5.6
90;2021-11-06;14;29;52;99431;97670;7933;70.9;69.7;5.7
90;2021-11-07;0;2;7;99431;97672;7940;70.9;69.7;5.7
90;2021-11-08;43;72;356;99474;97744;8296;71.0;69.7;5.9
90;2021-11-09;39;72;381;99513;97816;8677;71.0;69.8;6.2
90;2021-11-10;67;75;398;99580;97891;9075;71.1;69.8;6.5
90;2021-11-11;4;7;5;99584;97898;9080;71.1;69.9;6.5
90;2021-11-12;51;85;429;99635;97983;9509;71.1;69.9;6.8
90;2021-11-13;12;34;56;99647;98017;9565;71.1;69.9;6.8
90;2021-11-14;0;4;0;99647;98021;9565;71.1;69.9;6.8
90;2021-11-15;39;54;428;99686;98075;9993;71.1;70.0;7.1
90;2021-11-16;61;59;451;99747;98134;10444;71.2;70.0;7.5
90;2021-11-17;46;80;559;99793;98214;11003;71.2;70.1;7.9
90;2021-11-18;46;46;434;99839;98260;11437;71.2;70.1;8.2
90;2021-11-19;66;61;642;99905;98321;12079;71.3;70.2;8.6
90;2021-11-20;18;20;78;99923;98341;12157;71.3;70.2;8.7
90;2021-11-21;0;2;1;99923;98343;12158;71.3;70.2;8.7
90;2021-11-22;71;41;570;99994;98384;12728;71.4;70.2;9.1
90;2021-11-23;48;59;612;100042;98443;13340;71.4;70.2;9.5
90;2021-11-24;57;76;460;100099;98519;13800;71.4;70.3;9.8
90;2021-11-25;36;41;418;100135;98560;14218;71.5;70.3;10.1
90;2021-11-26;46;83;736;100181;98643;14954;71.5;70.4;10.7
90;2021-11-27;9;27;163;100190;98670;15117;71.5;70.4;10.8
90;2021-11-28;3;6;16;100193;98676;15133;71.5;70.4;10.8
90;2021-11-29;38;53;1141;100231;98729;16274;71.5;70.4;11.6
90;2021-11-30;47;57;1353;100278;98786;17627;71.6;70.5;12.6
90;2021-12-01;38;65;1319;100316;98851;18946;71.6;70.5;13.5
90;2021-12-02;34;30;1496;100350;98881;20442;71.6;70.6;14.6
90;2021-12-03;43;58;1688;100393;98939;22130;71.6;70.6;15.8
90;2021-12-04;29;24;631;100422;98963;22761;71.7;70.6;16.2
90;2021-12-05;3;2;99;100425;98965;22860;71.7;70.6;16.3
90;2021-12-06;35;53;1517;100460;99018;24377;71.7;70.7;17.4
90;2021-12-07;42;79;1871;100502;99097;26248;71.7;70.7;18.7
90;2021-12-08;36;61;1536;100538;99158;27784;71.7;70.8;19.8
90;2021-12-09;33;46;1503;100571;99204;29287;71.8;70.8;20.9
91;2020-12-27;1;0;0;1;0;0;0.0;0.0;0.0
91;2020-12-28;0;0;0;1;0;0;0.0;0.0;0.0
91;2020-12-29;1;0;0;2;0;0;0.0;0.0;0.0
91;2020-12-30;5;0;0;7;0;0;0.0;0.0;0.0
91;2020-12-31;0;0;0;7;0;0;0.0;0.0;0.0
91;2021-01-01;9;0;0;16;0;0;0.0;0.0;0.0
91;2021-01-02;0;0;0;16;0;0;0.0;0.0;0.0
91;2021-01-03;2;0;0;18;0;0;0.0;0.0;0.0
91;2021-01-04;12;0;0;30;0;0;0.0;0.0;0.0
91;2021-01-05;137;3;0;167;3;0;0.0;0.0;0.0
91;2021-01-06;287;2;0;454;5;0;0.0;0.0;0.0
91;2021-01-07;585;7;0;1039;12;0;0.1;0.0;0.0
91;2021-01-08;526;5;0;1565;17;0;0.1;0.0;0.0
91;2021-01-09;111;3;0;1676;20;0;0.1;0.0;0.0
91;2021-01-10;24;0;0;1700;20;0;0.1;0.0;0.0
91;2021-01-11;760;7;0;2460;27;0;0.2;0.0;0.0
91;2021-01-12;1080;13;0;3540;40;0;0.3;0.0;0.0
91;2021-01-13;887;12;0;4427;52;0;0.3;0.0;0.0
91;2021-01-14;971;17;0;5398;69;0;0.4;0.0;0.0
91;2021-01-15;785;8;0;6183;77;0;0.5;0.0;0.0
91;2021-01-16;304;7;0;6487;84;0;0.5;0.0;0.0
91;2021-01-17;100;1;0;6587;85;0;0.5;0.0;0.0
91;2021-01-18;1165;16;0;7752;101;0;0.6;0.0;0.0
91;2021-01-19;1995;35;0;9747;136;0;0.7;0.0;0.0
91;2021-01-20;2338;38;0;12085;174;0;0.9;0.0;0.0
91;2021-01-21;2222;28;0;14307;202;0;1.1;0.0;0.0
91;2021-01-22;1882;20;0;16189;222;0;1.2;0.0;0.0
91;2021-01-23;433;2;0;16622;224;0;1.3;0.0;0.0
91;2021-01-24;75;2;0;16697;226;0;1.3;0.0;0.0
91;2021-01-25;1075;7;0;17772;233;0;1.3;0.0;0.0
91;2021-01-26;1653;56;0;19425;289;0;1.5;0.0;0.0
91;2021-01-27;2331;104;0;21756;393;0;1.6;0.0;0.0
91;2021-01-28;1949;221;0;23705;614;0;1.8;0.0;0.0
91;2021-01-29;1732;83;0;25437;697;0;1.9;0.1;0.0
91;2021-01-30;382;11;0;25819;708;0;2.0;0.1;0.0
91;2021-01-31;48;3;0;25867;711;0;2.0;0.1;0.0
91;2021-02-01;932;215;0;26799;926;0;2.0;0.1;0.0
91;2021-02-02;888;367;0;27687;1293;0;2.1;0.1;0.0
91;2021-02-03;992;527;0;28679;1820;0;2.2;0.1;0.0
91;2021-02-04;868;357;0;29547;2177;0;2.2;0.2;0.0
91;2021-02-05;1016;443;0;30563;2620;0;2.3;0.2;0.0
91;2021-02-06;297;97;0;30860;2717;0;2.3;0.2;0.0
91;2021-02-07;19;12;0;30879;2729;0;2.3;0.2;0.0
91;2021-02-08;809;645;0;31688;3374;0;2.4;0.3;0.0
91;2021-02-09;908;1017;0;32596;4391;0;2.5;0.3;0.0
91;2021-02-10;1039;1143;0;33635;5534;0;2.5;0.4;0.0
91;2021-02-11;1209;1269;0;34844;6803;0;2.6;0.5;0.0
91;2021-02-12;1104;1000;0;35948;7803;0;2.7;0.6;0.0
91;2021-02-13;305;311;0;36253;8114;0;2.7;0.6;0.0
91;2021-02-14;14;90;0;36267;8204;0;2.7;0.6;0.0
91;2021-02-15;421;1305;0;36688;9509;0;2.8;0.7;0.0
91;2021-02-16;609;2037;0;37297;11546;0;2.8;0.9;0.0
91;2021-02-17;788;2455;0;38085;14001;0;2.9;1.1;0.0
91;2021-02-18;952;1993;0;39037;15994;0;3.0;1.2;0.0
91;2021-02-19;962;1444;0;39999;17438;0;3.0;1.3;0.0
91;2021-02-20;145;415;0;40144;17853;0;3.0;1.4;0.0
91;2021-02-21;17;43;0;40161;17896;0;3.0;1.4;0.0
91;2021-02-22;404;1153;0;40565;19049;0;3.1;1.4;0.0
91;2021-02-23;508;1069;0;41073;20118;0;3.1;1.5;0.0
91;2021-02-24;590;1004;0;41663;21122;0;3.2;1.6;0.0
91;2021-02-25;814;1176;0;42477;22298;0;3.2;1.7;0.0
91;2021-02-26;1190;1034;0;43667;23332;0;3.3;1.8;0.0
91;2021-02-27;620;290;0;44287;23622;0;3.4;1.8;0.0
91;2021-02-28;76;66;0;44363;23688;0;3.4;1.8;0.0
91;2021-03-01;987;944;0;45350;24632;0;3.4;1.9;0.0
91;2021-03-02;1485;1078;0;46835;25710;0;3.5;1.9;0.0
91;2021-03-03;1732;1234;0;48567;26944;0;3.7;2.0;0.0
91;2021-03-04;2700;1148;0;51267;28092;0;3.9;2.1;0.0
91;2021-03-05;3829;1202;0;55096;29294;0;4.2;2.2;0.0
91;2021-03-06;4816;435;0;59912;29729;0;4.5;2.3;0.0
91;2021-03-07;3020;199;0;62932;29928;0;4.8;2.3;0.0
91;2021-03-08;1786;987;0;64718;30915;0;4.9;2.3;0.0
91;2021-03-09;2980;941;0;67698;31856;0;5.1;2.4;0.0
91;2021-03-10;2977;1002;0;70675;32858;0;5.4;2.5;0.0
91;2021-03-11;4089;1126;0;74764;33984;0;5.7;2.6;0.0
91;2021-03-12;5080;1025;0;79844;35009;0;6.1;2.7;0.0
91;2021-03-13;5279;363;0;85123;35372;0;6.5;2.7;0.0
91;2021-03-14;522;50;0;85645;35422;0;6.5;2.7;0.0
91;2021-03-15;3185;485;0;88830;35907;0;6.7;2.7;0.0
91;2021-03-16;2718;440;0;91548;36347;0;6.9;2.8;0.0
91;2021-03-17;2470;394;0;94018;36741;0;7.1;2.8;0.0
91;2021-03-18;2612;449;0;96630;37190;0;7.3;2.8;0.0
91;2021-03-19;4170;463;0;100800;37653;0;7.6;2.9;0.0
91;2021-03-20;3412;198;0;104212;37851;0;7.9;2.9;0.0
91;2021-03-21;206;71;0;104418;37922;0;7.9;2.9;0.0
91;2021-03-22;3316;598;0;107734;38520;0;8.2;2.9;0.0
91;2021-03-23;4410;720;0;112144;39240;0;8.5;3.0;0.0
91;2021-03-24;4209;599;0;116353;39839;0;8.8;3.0;0.0
91;2021-03-25;5570;565;0;121923;40404;0;9.2;3.1;0.0
91;2021-03-26;6001;670;0;127924;41074;0;9.7;3.1;0.0
91;2021-03-27;4602;337;0;132526;41411;0;10.0;3.1;0.0
91;2021-03-28;430;62;0;132956;41473;0;10.1;3.1;0.0
91;2021-03-29;3712;1116;0;136668;42589;0;10.4;3.2;0.0
91;2021-03-30;4926;1307;0;141594;43896;0;10.7;3.3;0.0
91;2021-03-31;3859;1474;0;145453;45370;0;11.0;3.4;0.0
91;2021-04-01;4454;1862;0;149907;47232;0;11.4;3.6;0.0
91;2021-04-02;4385;2413;0;154292;49645;0;11.7;3.8;0.0
91;2021-04-03;2113;2450;0;156405;52095;0;11.9;3.9;0.0
91;2021-04-04;681;1128;0;157086;53223;0;11.9;4.0;0.0
91;2021-04-05;668;162;0;157754;53385;0;12.0;4.0;0.0
91;2021-04-06;3881;1981;0;161635;55366;0;12.3;4.2;0.0
91;2021-04-07;4193;2129;0;165828;57495;0;12.6;4.4;0.0
91;2021-04-08;5255;2322;0;171083;59817;0;13.0;4.5;0.0
91;2021-04-09;6059;2354;0;177142;62171;0;13.4;4.7;0.0
91;2021-04-10;3119;2737;0;180261;64908;0;13.7;4.9;0.0
91;2021-04-11;333;229;0;180594;65137;0;13.7;4.9;0.0
91;2021-04-12;3382;2360;0;183976;67497;0;13.9;5.1;0.0
91;2021-04-13;4310;2963;0;188286;70460;0;14.3;5.3;0.0
91;2021-04-14;4250;2511;0;192536;72971;0;14.6;5.5;0.0
91;2021-04-15;4906;2700;0;197442;75671;0;15.0;5.7;0.0
91;2021-04-16;5152;2968;0;202594;78639;0;15.4;6.0;0.0
91;2021-04-17;3127;2002;0;205721;80641;0;15.6;6.1;0.0
91;2021-04-18;430;125;0;206151;80766;0;15.6;6.1;0.0
91;2021-04-19;2803;2851;0;208954;83617;0;15.8;6.3;0.0
91;2021-04-20;3687;3051;0;212641;86668;0;16.1;6.6;0.0
91;2021-04-21;3569;3044;0;216210;89712;0;16.4;6.8;0.0
91;2021-04-22;3775;3699;0;219985;93411;0;16.7;7.1;0.0
91;2021-04-23;4358;3544;0;224343;96955;0;17.0;7.3;0.0
91;2021-04-24;4049;3378;0;228392;100333;0;17.3;7.6;0.0
91;2021-04-25;2636;704;0;231028;101037;0;17.5;7.7;0.0
91;2021-04-26;3988;3006;0;235016;104043;0;17.8;7.9;0.0
91;2021-04-27;5060;3205;0;240076;107248;0;18.2;8.1;0.0
91;2021-04-28;5311;2950;0;245387;110198;0;18.6;8.4;0.0
91;2021-04-29;6425;3289;0;251812;113487;0;19.1;8.6;0.0
91;2021-04-30;6071;3111;0;257883;116598;0;19.5;8.8;0.0
91;2021-05-01;3534;636;0;261417;117234;0;19.8;8.9;0.0
91;2021-05-02;929;206;0;262346;117440;0;19.9;8.9;0.0
91;2021-05-03;5771;3245;0;268117;120685;0;20.3;9.1;0.0
91;2021-05-04;6111;3814;0;274228;124499;0;20.8;9.4;0.0
91;2021-05-05;5591;3356;0;279819;127855;0;21.2;9.7;0.0
91;2021-05-06;6023;3853;0;285842;131708;0;21.7;10.0;0.0
91;2021-05-07;6687;4097;0;292529;135805;0;22.2;10.3;0.0
91;2021-05-08;6087;1489;0;298616;137294;0;22.6;10.4;0.0
91;2021-05-09;4686;767;0;303302;138061;0;23.0;10.5;0.0
91;2021-05-10;6555;3481;0;309857;141542;0;23.5;10.7;0.0
91;2021-05-11;7824;4294;0;317681;145836;0;24.1;11.1;0.0
91;2021-05-12;7247;3871;0;324928;149707;0;24.6;11.3;0.0
91;2021-05-13;5623;1149;0;330551;150856;0;25.1;11.4;0.0
91;2021-05-14;7792;2667;0;338343;153523;0;25.6;11.6;0.0
91;2021-05-15;7654;2054;0;345997;155577;0;26.2;11.8;0.0
91;2021-05-16;4387;446;0;350384;156023;0;26.6;11.8;0.0
91;2021-05-17;7751;1937;0;358135;157960;0;27.1;12.0;0.0
91;2021-05-18;8990;2014;0;367125;159974;0;27.8;12.1;0.0
91;2021-05-19;8549;2446;0;375674;162420;0;28.5;12.3;0.0
91;2021-05-20;9516;2678;0;385190;165098;0;29.2;12.5;0.0
91;2021-05-21;9243;2828;0;394433;167926;0;29.9;12.7;0.0
91;2021-05-22;7493;1560;0;401926;169486;0;30.5;12.8;0.0
91;2021-05-23;4679;559;0;406605;170045;0;30.8;12.9;0.0
91;2021-05-24;5045;646;0;411650;170691;0;31.2;12.9;0.0
91;2021-05-25;8551;3209;0;420201;173900;0;31.8;13.2;0.0
91;2021-05-26;7816;3324;0;428017;177224;0;32.4;13.4;0.0
91;2021-05-27;8554;3813;0;436571;181037;0;33.1;13.7;0.0
91;2021-05-28;8027;4692;0;444598;185729;0;33.7;14.1;0.0
91;2021-05-29;8579;3512;0;453177;189241;0;34.3;14.3;0.0
91;2021-05-30;4621;895;0;457798;190136;0;34.7;14.4;0.0
91;2021-05-31;7310;4111;0;465108;194247;0;35.3;14.7;0.0
91;2021-06-01;8321;5282;0;473429;199529;0;35.9;15.1;0.0
91;2021-06-02;8061;4599;0;481490;204128;0;36.5;15.5;0.0
91;2021-06-03;8430;5247;0;489920;209375;0;37.1;15.9;0.0
91;2021-06-04;7810;6142;0;497730;215517;0;37.7;16.3;0.0
91;2021-06-05;6333;6130;0;504063;221647;0;38.2;16.8;0.0
91;2021-06-06;3847;2312;0;507910;223959;0;38.5;17.0;0.0
91;2021-06-07;6217;5888;0;514127;229847;0;39.0;17.4;0.0
91;2021-06-08;7119;6488;0;521246;236335;0;39.5;17.9;0.0
91;2021-06-09;6807;6051;0;528053;242386;0;40.0;18.4;0.0
91;2021-06-10;7260;7565;0;535313;249951;0;40.6;18.9;0.0
91;2021-06-11;6749;7558;0;542062;257509;0;41.1;19.5;0.0
91;2021-06-12;6194;6971;0;548256;264480;0;41.6;20.0;0.0
91;2021-06-13;2651;2160;0;550907;266640;0;41.8;20.2;0.0
91;2021-06-14;4423;7892;0;555330;274532;0;42.1;20.8;0.0
91;2021-06-15;5728;8047;0;561058;282579;0;42.5;21.4;0.0
91;2021-06-16;5171;7097;0;566229;289676;0;42.9;22.0;0.0
91;2021-06-17;6036;7738;0;572265;297414;0;43.4;22.5;0.0
91;2021-06-18;4913;9501;0;577178;306915;0;43.7;23.3;0.0
91;2021-06-19;4048;7255;0;581226;314170;0;44.1;23.8;0.0
91;2021-06-20;957;4212;0;582183;318382;0;44.1;24.1;0.0
91;2021-06-21;3419;8125;0;585602;326507;0;44.4;24.7;0.0
91;2021-06-22;4043;9928;0;589645;336435;0;44.7;25.5;0.0
91;2021-06-23;4143;8723;0;593788;345158;0;45.0;26.2;0.0
91;2021-06-24;4739;8903;0;598527;354061;0;45.4;26.8;0.0
91;2021-06-25;3646;10194;0;602173;364255;0;45.6;27.6;0.0
91;2021-06-26;2905;8284;0;605078;372539;0;45.9;28.2;0.0
91;2021-06-27;610;3228;0;605688;375767;0;45.9;28.5;0.0
91;2021-06-28;3082;8925;0;608770;384692;0;46.1;29.2;0.0
91;2021-06-29;3592;10278;0;612362;394970;0;46.4;29.9;0.0
91;2021-06-30;3880;9530;0;616242;404500;0;46.7;30.7;0.0
91;2021-07-01;4209;9696;0;620451;414196;0;47.0;31.4;0.0
91;2021-07-02;4129;10105;0;624580;424301;0;47.3;32.2;0.0
91;2021-07-03;3006;9911;0;627586;434212;0;47.6;32.9;0.0
91;2021-07-04;984;4551;0;628570;438763;0;47.6;33.3;0.0
91;2021-07-05;2988;7814;0;631558;446577;0;47.9;33.8;0.0
91;2021-07-06;3795;10088;0;635353;456665;0;48.2;34.6;0.0
91;2021-07-07;4073;9684;0;639426;466349;0;48.5;35.3;0.0
91;2021-07-08;4571;9689;0;643997;476038;0;48.8;36.1;0.0
91;2021-07-09;4393;10473;0;648390;486511;0;49.1;36.9;0.0
91;2021-07-10;3553;9908;0;651943;496419;0;49.4;37.6;0.0
91;2021-07-11;1219;4305;0;653162;500724;0;49.5;38.0;0.0
91;2021-07-12;3240;9926;0;656402;510650;0;49.8;38.7;0.0
91;2021-07-13;5654;11402;0;662056;522052;0;50.2;39.6;0.0
91;2021-07-14;3331;4063;0;665387;526115;0;50.4;39.9;0.0
91;2021-07-15;6147;11166;0;671534;537281;0;50.9;40.7;0.0
91;2021-07-16;7547;10429;0;679081;547710;0;51.5;41.5;0.0
91;2021-07-17;6299;8946;0;685380;556656;0;51.9;42.2;0.0
91;2021-07-18;3732;3567;0;689112;560223;0;52.2;42.5;0.0
91;2021-07-19;5079;8406;0;694191;568629;0;52.6;43.1;0.0
91;2021-07-20;7542;9917;0;701733;578546;0;53.2;43.8;0.0
91;2021-07-21;7750;8410;0;709483;586956;0;53.8;44.5;0.0
91;2021-07-22;8166;8987;0;717649;595943;0;54.4;45.2;0.0
91;2021-07-23;8268;8810;0;725917;604753;0;55.0;45.8;0.0
91;2021-07-24;5824;6693;0;731741;611446;0;55.5;46.3;0.0
91;2021-07-25;3510;1626;0;735251;613072;0;55.7;46.5;0.0
91;2021-07-26;6169;7158;0;741420;620230;0;56.2;47.0;0.0
91;2021-07-27;8720;7610;0;750140;627840;0;56.9;47.6;0.0
91;2021-07-28;8377;6450;0;758517;634290;0;57.5;48.1;0.0
91;2021-07-29;8455;6517;0;766972;640807;0;58.1;48.6;0.0
91;2021-07-30;7799;6349;0;774771;647156;0;58.7;49.0;0.0
91;2021-07-31;5305;5076;0;780076;652232;0;59.1;49.4;0.0
91;2021-08-01;2715;1412;0;782791;653644;0;59.3;49.5;0.0
91;2021-08-02;5567;4858;0;788358;658502;0;59.8;49.9;0.0
91;2021-08-03;6311;5414;0;794669;663916;0;60.2;50.3;0.0
91;2021-08-04;6267;4844;0;800936;668760;0;60.7;50.7;0.0
91;2021-08-05;5794;5096;0;806730;673856;0;61.1;51.1;0.0
91;2021-08-06;6036;6398;0;812766;680254;0;61.6;51.6;0.0
91;2021-08-07;3271;3350;0;816037;683604;0;61.8;51.8;0.0
91;2021-08-08;882;1495;0;816919;685099;0;61.9;51.9;0.0
91;2021-08-09;4243;5083;0;821162;690182;0;62.2;52.3;0.0
91;2021-08-10;4914;5609;0;826076;695791;0;62.6;52.7;0.0
91;2021-08-11;4376;5566;0;830452;701357;0;62.9;53.2;0.0
91;2021-08-12;4231;5753;0;834683;707110;0;63.3;53.6;0.0
91;2021-08-13;4174;5642;0;838857;712752;0;63.6;54.0;0.0
91;2021-08-14;2214;3336;0;841071;716088;0;63.7;54.3;0.0
91;2021-08-15;258;464;0;841329;716552;0;63.8;54.3;0.0
91;2021-08-16;3050;5860;0;844379;722412;0;64.0;54.8;0.0
91;2021-08-17;3638;6822;0;848017;729234;0;64.3;55.3;0.0
91;2021-08-18;3017;6570;0;851034;735804;0;64.5;55.8;0.0
91;2021-08-19;3438;6541;0;854472;742345;0;64.8;56.3;0.0
91;2021-08-20;3148;7396;0;857620;749741;0;65.0;56.8;0.0
91;2021-08-21;2297;4171;0;859917;753912;0;65.2;57.1;0.0
91;2021-08-22;704;1722;0;860621;755634;0;65.2;57.3;0.0
91;2021-08-23;2470;6364;0;863091;761998;0;65.4;57.8;0.0
91;2021-08-24;2961;7545;0;866052;769543;0;65.6;58.3;0.0
91;2021-08-25;3171;7050;0;869223;776593;0;65.9;58.9;0.0
91;2021-08-26;2735;6377;0;871958;782970;0;66.1;59.3;0.0
91;2021-08-27;2779;7734;0;874737;790704;0;66.3;59.9;0.0
91;2021-08-28;2180;5073;0;876917;795777;0;66.5;60.3;0.0
91;2021-08-29;1531;2637;0;878448;798414;0;66.6;60.5;0.0
91;2021-08-30;1844;6038;78;880292;804452;78;66.7;61.0;0.0
91;2021-08-31;2208;6051;188;882500;810503;266;66.9;61.4;0.0
91;2021-09-01;2599;4564;252;885099;815067;518;67.1;61.8;0.0
91;2021-09-02;2100;3790;363;887199;818857;881;67.2;62.1;0.1
91;2021-09-03;2173;4701;375;889372;823558;1256;67.4;62.4;0.1
91;2021-09-04;2072;4123;143;891444;827681;1399;67.6;62.7;0.1
91;2021-09-05;661;843;68;892105;828524;1467;67.6;62.8;0.1
91;2021-09-06;1623;3051;539;893728;831575;2006;67.7;63.0;0.2
91;2021-09-07;1514;2872;512;895242;834447;2518;67.9;63.2;0.2
91;2021-09-08;1789;3141;508;897031;837588;3026;68.0;63.5;0.2
91;2021-09-09;1325;2790;610;898356;840378;3636;68.1;63.7;0.3
91;2021-09-10;1820;3391;527;900176;843769;4163;68.2;64.0;0.3
91;2021-09-11;1694;4033;208;901870;847802;4371;68.4;64.3;0.3
91;2021-09-12;547;907;87;902417;848709;4458;68.4;64.3;0.3
91;2021-09-13;1370;2282;726;903787;850991;5184;68.5;64.5;0.4
91;2021-09-14;1691;2538;1128;905478;853529;6312;68.6;64.7;0.5
91;2021-09-15;1657;3259;869;907135;856788;7181;68.8;64.9;0.5
91;2021-09-16;1380;2153;1022;908515;858941;8203;68.9;65.1;0.6
91;2021-09-17;1380;2757;772;909895;861698;8975;69.0;65.3;0.7
91;2021-09-18;1285;3345;257;911180;865043;9232;69.1;65.6;0.7
91;2021-09-19;391;1017;62;911571;866060;9294;69.1;65.6;0.7
91;2021-09-20;776;1588;841;912347;867648;10135;69.1;65.8;0.8
91;2021-09-21;904;1652;1169;913251;869300;11304;69.2;65.9;0.9
91;2021-09-22;913;2530;632;914164;871830;11936;69.3;66.1;0.9
91;2021-09-23;880;1683;1070;915044;873513;13006;69.4;66.2;1.0
91;2021-09-24;912;2142;845;915956;875655;13851;69.4;66.4;1.0
91;2021-09-25;1010;3155;358;916966;878810;14209;69.5;66.6;1.1
91;2021-09-26;196;718;115;917162;879528;14324;69.5;66.7;1.1
91;2021-09-27;747;1529;662;917909;881057;14986;69.6;66.8;1.1
91;2021-09-28;863;1313;655;918772;882370;15641;69.6;66.9;1.2
91;2021-09-29;971;2191;769;919743;884561;16410;69.7;67.0;1.2
91;2021-09-30;656;1159;793;920399;885720;17203;69.8;67.1;1.3
91;2021-10-01;1344;1827;898;921743;887547;18101;69.9;67.3;1.4
91;2021-10-02;1020;2162;452;922763;889709;18553;69.9;67.4;1.4
91;2021-10-03;218;532;98;922981;890241;18651;70.0;67.5;1.4
91;2021-10-04;727;1128;1087;923708;891369;19738;70.0;67.6;1.5
91;2021-10-05;683;1143;949;924391;892512;20687;70.1;67.6;1.6
91;2021-10-06;786;1718;1206;925177;894230;21893;70.1;67.8;1.7
91;2021-10-07;611;1050;1208;925788;895280;23101;70.2;67.9;1.8
91;2021-10-08;840;1695;1412;926628;896975;24513;70.2;68.0;1.9
91;2021-10-09;962;1770;684;927590;898745;25197;70.3;68.1;1.9
91;2021-10-10;235;441;131;927825;899186;25328;70.3;68.2;1.9
91;2021-10-11;579;953;1103;928404;900139;26431;70.4;68.2;2.0
91;2021-10-12;554;1022;1098;928958;901161;27529;70.4;68.3;2.1
91;2021-10-13;740;1325;1393;929698;902486;28922;70.5;68.4;2.2
91;2021-10-14;491;975;975;930189;903461;29897;70.5;68.5;2.3
91;2021-10-15;869;1366;1727;931058;904827;31624;70.6;68.6;2.4
91;2021-10-16;837;1342;698;931895;906169;32322;70.6;68.7;2.4
91;2021-10-17;189;284;248;932084;906453;32570;70.6;68.7;2.5
91;2021-10-18;589;876;1340;932673;907329;33910;70.7;68.8;2.6
91;2021-10-19;468;983;1089;933141;908312;34999;70.7;68.8;2.7
91;2021-10-20;591;1010;1735;933732;909322;36734;70.8;68.9;2.8
91;2021-10-21;313;682;1242;934045;910004;37976;70.8;69.0;2.9
91;2021-10-22;591;1119;1789;934636;911123;39765;70.8;69.1;3.0
91;2021-10-23;642;1128;1030;935278;912251;40795;70.9;69.1;3.1
91;2021-10-24;133;225;213;935411;912476;41008;70.9;69.2;3.1
91;2021-10-25;363;625;1298;935774;913101;42306;70.9;69.2;3.2
91;2021-10-26;434;603;1455;936208;913704;43761;71.0;69.3;3.3
91;2021-10-27;485;818;1889;936693;914522;45650;71.0;69.3;3.5
91;2021-10-28;307;500;1313;937000;915022;46963;71.0;69.4;3.6
91;2021-10-29;497;778;2051;937497;915800;49014;71.1;69.4;3.7
91;2021-10-30;481;890;1076;937978;916690;50090;71.1;69.5;3.8
91;2021-10-31;98;155;215;938076;916845;50305;71.1;69.5;3.8
91;2021-11-01;74;106;63;938150;916951;50368;71.1;69.5;3.8
91;2021-11-02;417;629;1258;938567;917580;51626;71.1;69.5;3.9
91;2021-11-03;490;737;1920;939057;918317;53546;71.2;69.6;4.1
91;2021-11-04;329;523;1400;939386;918840;54946;71.2;69.6;4.2
91;2021-11-05;438;763;2428;939824;919603;57374;71.2;69.7;4.3
91;2021-11-06;500;875;1445;940324;920478;58819;71.3;69.8;4.5
91;2021-11-07;81;161;238;940405;920639;59057;71.3;69.8;4.5
91;2021-11-08;215;460;1884;940620;921099;60941;71.3;69.8;4.6
91;2021-11-09;311;621;2610;940931;921720;63551;71.3;69.9;4.8
91;2021-11-10;470;759;3119;941401;922479;66670;71.4;69.9;5.1
91;2021-11-11;118;156;518;941519;922635;67188;71.4;69.9;5.1
91;2021-11-12;441;713;3555;941960;923348;70743;71.4;70.0;5.4
91;2021-11-13;533;848;2176;942493;924196;72919;71.4;70.0;5.5
91;2021-11-14;54;137;271;942547;924333;73190;71.4;70.1;5.5
91;2021-11-15;265;462;2189;942812;924795;75379;71.5;70.1;5.7
91;2021-11-16;365;503;3305;943177;925298;78684;71.5;70.1;6.0
91;2021-11-17;387;600;3002;943564;925898;81686;71.5;70.2;6.2
91;2021-11-18;290;422;2818;943854;926320;84504;71.5;70.2;6.4
91;2021-11-19;423;625;3427;944277;926945;87931;71.6;70.3;6.7
91;2021-11-20;582;784;2668;944859;927729;90599;71.6;70.3;6.9
91;2021-11-21;137;184;453;944996;927913;91052;71.6;70.3;6.9
91;2021-11-22;265;295;2395;945261;928208;93447;71.6;70.4;7.1
91;2021-11-23;332;427;3204;945593;928635;96651;71.7;70.4;7.3
91;2021-11-24;424;548;2986;946017;929183;99637;71.7;70.4;7.6
91;2021-11-25;338;442;4102;946355;929625;103739;71.7;70.5;7.9
91;2021-11-26;432;537;6440;946787;930162;110179;71.8;70.5;8.4
91;2021-11-27;510;752;5781;947297;930914;115960;71.8;70.6;8.8
91;2021-11-28;101;142;1788;947398;931056;117748;71.8;70.6;8.9
91;2021-11-29;189;340;5185;947587;931396;122933;71.8;70.6;9.3
91;2021-11-30;286;415;7635;947873;931811;130568;71.8;70.6;9.9
91;2021-12-01;253;503;8576;948126;932314;139144;71.9;70.7;10.5
91;2021-12-02;209;327;9011;948335;932641;148155;71.9;70.7;11.2
91;2021-12-03;229;430;10057;948564;933071;158212;71.9;70.7;12.0
91;2021-12-04;304;565;8714;948868;933636;166926;71.9;70.8;12.7
91;2021-12-05;98;147;3649;948966;933783;170575;71.9;70.8;12.9
91;2021-12-06;218;403;7379;949184;934186;177954;71.9;70.8;13.5
91;2021-12-07;249;474;11248;949433;934660;189202;72.0;70.8;14.3
91;2021-12-08;290;519;10052;949723;935179;199254;72.0;70.9;15.1
91;2021-12-09;238;447;11550;949961;935626;210804;72.0;70.9;16.0
92;2020-12-27;7;0;0;7;0;0;0.0;0.0;0.0
92;2020-12-28;14;0;0;21;0;0;0.0;0.0;0.0
92;2020-12-29;50;0;0;71;0;0;0.0;0.0;0.0
92;2020-12-30;21;0;0;92;0;0;0.0;0.0;0.0
92;2020-12-31;11;0;0;103;0;0;0.0;0.0;0.0
92;2021-01-01;12;0;0;115;0;0;0.0;0.0;0.0
92;2021-01-02;9;0;0;124;0;0;0.0;0.0;0.0
92;2021-01-03;25;2;0;149;2;0;0.0;0.0;0.0
92;2021-01-04;86;1;0;235;3;0;0.0;0.0;0.0
92;2021-01-05;267;4;0;502;7;0;0.0;0.0;0.0
92;2021-01-06;512;10;0;1014;17;0;0.1;0.0;0.0
92;2021-01-07;798;4;0;1812;21;0;0.1;0.0;0.0
92;2021-01-08;1049;9;0;2861;30;0;0.2;0.0;0.0
92;2021-01-09;209;0;0;3070;30;0;0.2;0.0;0.0
92;2021-01-10;199;1;0;3269;31;0;0.2;0.0;0.0
92;2021-01-11;1119;21;0;4388;52;0;0.3;0.0;0.0
92;2021-01-12;1561;17;0;5949;69;0;0.4;0.0;0.0
92;2021-01-13;1403;12;0;7352;81;0;0.5;0.0;0.0
92;2021-01-14;1362;17;0;8714;98;0;0.5;0.0;0.0
92;2021-01-15;1243;11;0;9957;109;0;0.6;0.0;0.0
92;2021-01-16;339;3;0;10296;112;0;0.6;0.0;0.0
92;2021-01-17;142;3;0;10438;115;0;0.6;0.0;0.0
92;2021-01-18;1946;26;0;12384;141;0;0.8;0.0;0.0
92;2021-01-19;2057;21;0;14441;162;0;0.9;0.0;0.0
92;2021-01-20;2343;25;0;16784;187;0;1.0;0.0;0.0
92;2021-01-21;3553;27;0;20337;214;0;1.3;0.0;0.0
92;2021-01-22;2969;43;0;23306;257;0;1.4;0.0;0.0
92;2021-01-23;430;1;0;23736;258;0;1.5;0.0;0.0
92;2021-01-24;111;2;0;23847;260;0;1.5;0.0;0.0
92;2021-01-25;1224;18;0;25071;278;0;1.6;0.0;0.0
92;2021-01-26;1574;28;0;26645;306;0;1.7;0.0;0.0
92;2021-01-27;2222;104;0;28867;410;0;1.8;0.0;0.0
92;2021-01-28;3961;181;0;32828;591;0;2.0;0.0;0.0
92;2021-01-29;2845;241;0;35673;832;0;2.2;0.1;0.0
92;2021-01-30;455;12;0;36128;844;0;2.2;0.1;0.0
92;2021-01-31;72;2;0;36200;846;0;2.2;0.1;0.0
92;2021-02-01;1189;276;0;37389;1122;0;2.3;0.1;0.0
92;2021-02-02;1414;407;0;38803;1529;0;2.4;0.1;0.0
92;2021-02-03;1299;455;0;40102;1984;0;2.5;0.1;0.0
92;2021-02-04;1298;607;0;41400;2591;0;2.6;0.2;0.0
92;2021-02-05;1603;560;0;43003;3151;0;2.7;0.2;0.0
92;2021-02-06;261;62;0;43264;3213;0;2.7;0.2;0.0
92;2021-02-07;77;39;0;43341;3252;0;2.7;0.2;0.0
92;2021-02-08;925;768;0;44266;4020;0;2.7;0.2;0.0
92;2021-02-09;1275;1343;0;45541;5363;0;2.8;0.3;0.0
92;2021-02-10;1291;1319;0;46832;6682;0;2.9;0.4;0.0
92;2021-02-11;1857;2354;0;48689;9036;0;3.0;0.6;0.0
92;2021-02-12;1593;1564;0;50282;10600;0;3.1;0.7;0.0
92;2021-02-13;200;250;0;50482;10850;0;3.1;0.7;0.0
92;2021-02-14;47;39;0;50529;10889;0;3.1;0.7;0.0
92;2021-02-15;628;2036;0;51157;12925;0;3.2;0.8;0.0
92;2021-02-16;832;2678;0;51989;15603;0;3.2;1.0;0.0
92;2021-02-17;660;1997;0;52649;17600;0;3.3;1.1;0.0
92;2021-02-18;1464;3655;0;54113;21255;0;3.4;1.3;0.0
92;2021-02-19;1629;2781;0;55742;24036;0;3.5;1.5;0.0
92;2021-02-20;221;611;0;55963;24647;0;3.5;1.5;0.0
92;2021-02-21;50;90;0;56013;24737;0;3.5;1.5;0.0
92;2021-02-22;605;1523;0;56618;26260;0;3.5;1.6;0.0
92;2021-02-23;781;1603;0;57399;27863;0;3.6;1.7;0.0
92;2021-02-24;767;1496;0;58166;29359;0;3.6;1.8;0.0
92;2021-02-25;1195;2280;0;59361;31639;0;3.7;2.0;0.0
92;2021-02-26;1731;1688;0;61092;33327;0;3.8;2.1;0.0
92;2021-02-27;614;266;0;61706;33593;0;3.8;2.1;0.0
92;2021-02-28;107;77;0;61813;33670;0;3.8;2.1;0.0
92;2021-03-01;1288;1330;0;63101;35000;0;3.9;2.2;0.0
92;2021-03-02;2153;1567;0;65254;36567;0;4.0;2.3;0.0
92;2021-03-03;2936;1452;0;68190;38019;0;4.2;2.4;0.0
92;2021-03-04;3946;1702;0;72136;39721;0;4.5;2.5;0.0
92;2021-03-05;5430;1907;0;77566;41628;0;4.8;2.6;0.0
92;2021-03-06;6767;499;0;84333;42127;0;5.2;2.6;0.0
92;2021-03-07;4266;491;0;88599;42618;0;5.5;2.6;0.0
92;2021-03-08;2751;1174;0;91350;43792;0;5.7;2.7;0.0
92;2021-03-09;3693;1260;0;95043;45052;0;5.9;2.8;0.0
92;2021-03-10;3989;1140;0;99032;46192;0;6.1;2.9;0.0
92;2021-03-11;5307;1526;0;104339;47718;0;6.5;3.0;0.0
92;2021-03-12;7048;1640;0;111387;49358;0;6.9;3.1;0.0
92;2021-03-13;5918;342;0;117305;49700;0;7.3;3.1;0.0
92;2021-03-14;2037;128;0;119342;49828;0;7.4;3.1;0.0
92;2021-03-15;4351;698;0;123693;50526;0;7.7;3.1;0.0
92;2021-03-16;3926;678;0;127619;51204;0;7.9;3.2;0.0
92;2021-03-17;4273;523;0;131892;51727;0;8.2;3.2;0.0
92;2021-03-18;4494;823;0;136386;52550;0;8.5;3.3;0.0
92;2021-03-19;6491;796;0;142877;53346;0;8.9;3.3;0.0
92;2021-03-20;3260;180;0;146137;53526;0;9.1;3.3;0.0
92;2021-03-21;629;147;0;146766;53673;0;9.1;3.3;0.0
92;2021-03-22;4919;634;0;151685;54307;0;9.4;3.4;0.0
92;2021-03-23;6620;991;0;158305;55298;0;9.8;3.4;0.0
92;2021-03-24;6907;854;0;165212;56152;0;10.2;3.5;0.0
92;2021-03-25;8947;797;0;174159;56949;0;10.8;3.5;0.0
92;2021-03-26;8983;1051;0;183142;58000;0;11.3;3.6;0.0
92;2021-03-27;3880;343;0;187022;58343;0;11.6;3.6;0.0
92;2021-03-28;899;73;0;187921;58416;0;11.6;3.6;0.0
92;2021-03-29;5137;1247;0;193058;59663;0;12.0;3.7;0.0
92;2021-03-30;7116;1810;0;200174;61473;0;12.4;3.8;0.0
92;2021-03-31;6080;2367;0;206254;63840;0;12.8;4.0;0.0
92;2021-04-01;6539;4016;0;212793;67856;0;13.2;4.2;0.0
92;2021-04-02;6034;3878;0;218827;71734;0;13.6;4.4;0.0
92;2021-04-03;1618;2049;0;220445;73783;0;13.7;4.6;0.0
92;2021-04-04;743;1161;0;221188;74944;0;13.7;4.6;0.0
92;2021-04-05;974;315;0;222162;75259;0;13.8;4.7;0.0
92;2021-04-06;4201;2385;0;226363;77644;0;14.0;4.8;0.0
92;2021-04-07;5388;3303;0;231751;80947;0;14.4;5.0;0.0
92;2021-04-08;6248;3395;0;237999;84342;0;14.7;5.2;0.0
92;2021-04-09;8053;3409;0;246052;87751;0;15.2;5.4;0.0
92;2021-04-10;3241;1903;0;249293;89654;0;15.4;5.6;0.0
92;2021-04-11;618;1020;0;249911;90674;0;15.5;5.6;0.0
92;2021-04-12;4377;2993;0;254288;93667;0;15.8;5.8;0.0
92;2021-04-13;5207;4730;0;259495;98397;0;16.1;6.1;0.0
92;2021-04-14;5494;4425;0;264989;102822;0;16.4;6.4;0.0
92;2021-04-15;5721;4406;0;270710;107228;0;16.8;6.6;0.0
92;2021-04-16;5968;4383;0;276678;111611;0;17.1;6.9;0.0
92;2021-04-17;2727;1859;0;279405;113470;0;17.3;7.0;0.0
92;2021-04-18;718;482;0;280123;113952;0;17.4;7.1;0.0
92;2021-04-19;3666;3539;0;283789;117491;0;17.6;7.3;0.0
92;2021-04-20;4964;4377;0;288753;121868;0;17.9;7.6;0.0
92;2021-04-21;5198;4817;0;293951;126685;0;18.2;7.9;0.0
92;2021-04-22;5202;5497;0;299153;132182;0;18.5;8.2;0.0
92;2021-04-23;5768;4966;0;304921;137148;0;18.9;8.5;0.0
92;2021-04-24;5300;2583;0;310221;139731;0;19.2;8.7;0.0
92;2021-04-25;2138;569;0;312359;140300;0;19.4;8.7;0.0
92;2021-04-26;4569;3966;0;316928;144266;0;19.6;8.9;0.0
92;2021-04-27;6996;5619;0;323924;149885;0;20.1;9.3;0.0
92;2021-04-28;8218;4966;0;332142;154851;0;20.6;9.6;0.0
92;2021-04-29;8827;5095;0;340969;159946;0;21.1;9.9;0.0
92;2021-04-30;9796;4991;0;350765;164937;0;21.7;10.2;0.0
92;2021-05-01;2350;667;0;353115;165604;0;21.9;10.3;0.0
92;2021-05-02;1322;488;0;354437;166092;0;22.0;10.3;0.0
92;2021-05-03;7621;4973;0;362058;171065;0;22.4;10.6;0.0
92;2021-05-04;10194;4949;0;372252;176014;0;23.1;10.9;0.0
92;2021-05-05;9838;5425;0;382090;181439;0;23.7;11.2;0.0
92;2021-05-06;10974;5225;0;393064;186664;0;24.4;11.6;0.0
92;2021-05-07;9880;5614;0;402944;192278;0;25.0;11.9;0.0
92;2021-05-08;7389;2350;0;410333;194628;0;25.4;12.1;0.0
92;2021-05-09;4242;1136;0;414575;195764;0;25.7;12.1;0.0
92;2021-05-10;10439;4527;0;425014;200291;0;26.3;12.4;0.0
92;2021-05-11;13438;6170;0;438452;206461;0;27.2;12.8;0.0
92;2021-05-12;13795;5100;0;452247;211561;0;28.0;13.1;0.0
92;2021-05-13;9703;1330;0;461950;212891;0;28.6;13.2;0.0
92;2021-05-14;12843;3093;0;474793;215984;0;29.4;13.4;0.0
92;2021-05-15;9422;1707;0;484215;217691;0;30.0;13.5;0.0
92;2021-05-16;5078;621;0;489293;218312;0;30.3;13.5;0.0
92;2021-05-17;11973;2734;0;501266;221046;0;31.1;13.7;0.0
92;2021-05-18;16583;3262;0;517849;224308;0;32.1;13.9;0.0
92;2021-05-19;16164;4295;0;534013;228603;0;33.1;14.2;0.0
92;2021-05-20;17022;4505;0;551035;233108;0;34.1;14.4;0.0
92;2021-05-21;15122;3959;0;566157;237067;0;35.1;14.7;0.0
92;2021-05-22;10626;1946;0;576783;239013;0;35.7;14.8;0.0
92;2021-05-23;5382;750;0;582165;239763;0;36.1;14.9;0.0
92;2021-05-24;8066;1146;0;590231;240909;0;36.6;14.9;0.0
92;2021-05-25;13625;4906;0;603856;245815;0;37.4;15.2;0.0
92;2021-05-26;12763;5228;0;616619;251043;0;38.2;15.6;0.0
92;2021-05-27;13592;6486;0;630211;257529;0;39.1;16.0;0.0
92;2021-05-28;12622;6763;0;642833;264292;0;39.8;16.4;0.0
92;2021-05-29;8430;3174;0;651263;267466;0;40.4;16.6;0.0
92;2021-05-30;4028;898;0;655291;268364;0;40.6;16.6;0.0
92;2021-05-31;12472;6067;0;667763;274431;0;41.4;17.0;0.0
92;2021-06-01;12685;8239;0;680448;282670;0;42.2;17.5;0.0
92;2021-06-02;13710;7204;0;694158;289874;0;43.0;18.0;0.0
92;2021-06-03;14010;7959;0;708168;297833;0;43.9;18.5;0.0
92;2021-06-04;12232;8676;0;720400;306509;0;44.6;19.0;0.0
92;2021-06-05;8006;6768;0;728406;313277;0;45.1;19.4;0.0
92;2021-06-06;4697;2131;0;733103;315408;0;45.4;19.5;0.0
92;2021-06-07;10225;8112;0;743328;323520;0;46.1;20.0;0.0
92;2021-06-08;11184;10080;0;754512;333600;0;46.8;20.7;0.0
92;2021-06-09;10773;9997;0;765285;343597;0;47.4;21.3;0.0
92;2021-06-10;11172;11748;0;776457;355345;0;48.1;22.0;0.0
92;2021-06-11;8575;11502;0;785032;366847;0;48.6;22.7;0.0
92;2021-06-12;7239;5942;0;792271;372789;0;49.1;23.1;0.0
92;2021-06-13;3801;3045;0;796072;375834;0;49.3;23.3;0.0
92;2021-06-14;5280;11605;0;801352;387439;0;49.7;24.0;0.0
92;2021-06-15;6837;13281;0;808189;400720;0;50.1;24.8;0.0
92;2021-06-16;6859;12292;0;815048;413012;0;50.5;25.6;0.0
92;2021-06-17;7284;13325;0;822332;426337;0;51.0;26.4;0.0
92;2021-06-18;7221;14452;0;829553;440789;0;51.4;27.3;0.0
92;2021-06-19;4728;9515;0;834281;450304;0;51.7;27.9;0.0
92;2021-06-20;2065;5355;0;836346;455659;0;51.8;28.2;0.0
92;2021-06-21;4577;12588;0;840923;468247;0;52.1;29.0;0.0
92;2021-06-22;5571;16346;0;846494;484593;0;52.5;30.0;0.0
92;2021-06-23;5458;15379;0;851952;499972;0;52.8;31.0;0.0
92;2021-06-24;6066;14440;0;858018;514412;0;53.2;31.9;0.0
92;2021-06-25;4992;16412;0;863010;530824;0;53.5;32.9;0.0
92;2021-06-26;4215;11553;0;867225;542377;0;53.7;33.6;0.0
92;2021-06-27;1601;6287;0;868826;548664;0;53.8;34.0;0.0
92;2021-06-28;3593;13174;0;872419;561838;0;54.1;34.8;0.0
92;2021-06-29;4500;17599;0;876919;579437;0;54.3;35.9;0.0
92;2021-06-30;4670;16158;0;881589;595595;0;54.6;36.9;0.0
92;2021-07-01;5941;16137;0;887530;611732;0;55.0;37.9;0.0
92;2021-07-02;5476;16346;0;893006;628078;0;55.3;38.9;0.0
92;2021-07-03;3558;11899;0;896564;639977;0;55.6;39.7;0.0
92;2021-07-04;1382;5277;0;897946;645254;0;55.6;40.0;0.0
92;2021-07-05;4629;12823;0;902575;658077;0;55.9;40.8;0.0
92;2021-07-06;5311;15687;0;907886;673764;0;56.3;41.8;0.0
92;2021-07-07;4927;12825;0;912813;686589;0;56.6;42.5;0.0
92;2021-07-08;5593;14423;0;918406;701012;0;56.9;43.4;0.0
92;2021-07-09;5917;15333;0;924323;716345;0;57.3;44.4;0.0
92;2021-07-10;3917;10205;0;928240;726550;0;57.5;45.0;0.0
92;2021-07-11;1726;4252;0;929966;730802;0;57.6;45.3;0.0
92;2021-07-12;4527;15113;0;934493;745915;0;57.9;46.2;0.0
92;2021-07-13;8022;16889;0;942515;762804;0;58.4;47.3;0.0
92;2021-07-14;4758;5577;0;947273;768381;0;58.7;47.6;0.0
92;2021-07-15;9159;16126;0;956432;784507;0;59.3;48.6;0.0
92;2021-07-16;9089;14396;0;965521;798903;0;59.8;49.5;0.0
92;2021-07-17;6140;8540;0;971661;807443;0;60.2;50.0;0.0
92;2021-07-18;2359;3641;0;974020;811084;0;60.4;50.3;0.0
92;2021-07-19;6447;12716;0;980467;823800;0;60.8;51.0;0.0
92;2021-07-20;9242;13306;0;989709;837106;0;61.3;51.9;0.0
92;2021-07-21;9460;11777;0;999169;848883;0;61.9;52.6;0.0
92;2021-07-22;10473;12604;0;1009642;861487;0;62.6;53.4;0.0
92;2021-07-23;9807;11267;0;1019449;872754;0;63.2;54.1;0.0
92;2021-07-24;5884;6819;0;1025333;879573;0;63.5;54.5;0.0
92;2021-07-25;2626;2503;0;1027959;882076;0;63.7;54.7;0.0
92;2021-07-26;8130;9220;0;1036089;891296;0;64.2;55.2;0.0
92;2021-07-27;9661;9555;0;1045750;900851;0;64.8;55.8;0.0
92;2021-07-28;9412;8295;0;1055162;909146;0;65.4;56.3;0.0
92;2021-07-29;9036;8504;0;1064198;917650;0;65.9;56.9;0.0
92;2021-07-30;8223;8382;0;1072421;926032;0;66.5;57.4;0.0
92;2021-07-31;4936;4869;0;1077357;930901;0;66.8;57.7;0.0
92;2021-08-01;2116;1697;0;1079473;932598;0;66.9;57.8;0.0
92;2021-08-02;5370;5553;0;1084843;938151;0;67.2;58.1;0.0
92;2021-08-03;5655;6786;0;1090498;944937;0;67.6;58.6;0.0
92;2021-08-04;5309;5640;0;1095807;950577;0;67.9;58.9;0.0
92;2021-08-05;4728;6178;0;1100535;956755;0;68.2;59.3;0.0
92;2021-08-06;4932;6742;0;1105467;963497;0;68.5;59.7;0.0
92;2021-08-07;2816;4258;0;1108283;967755;0;68.7;60.0;0.0
92;2021-08-08;1048;1532;0;1109331;969287;0;68.7;60.1;0.0
92;2021-08-09;3622;5405;0;1112953;974692;0;69.0;60.4;0.0
92;2021-08-10;4192;6754;0;1117145;981446;0;69.2;60.8;0.0
92;2021-08-11;3554;5609;0;1120699;987055;0;69.4;61.2;0.0
92;2021-08-12;3500;6201;0;1124199;993256;0;69.7;61.5;0.0
92;2021-08-13;3118;5734;0;1127317;998990;0;69.9;61.9;0.0
92;2021-08-14;1907;4088;0;1129224;1003078;0;70.0;62.2;0.0
92;2021-08-15;573;935;0;1129797;1004013;0;70.0;62.2;0.0
92;2021-08-16;2549;6242;0;1132346;1010255;0;70.2;62.6;0.0
92;2021-08-17;2943;7576;0;1135289;1017831;0;70.4;63.1;0.0
92;2021-08-18;2500;6042;0;1137789;1023873;0;70.5;63.4;0.0
92;2021-08-19;2553;6137;0;1140342;1030010;0;70.7;63.8;0.0
92;2021-08-20;2328;5887;0;1142670;1035897;0;70.8;64.2;0.0
92;2021-08-21;1364;4292;0;1144034;1040189;0;70.9;64.5;0.0
92;2021-08-22;420;1686;0;1144454;1041875;0;70.9;64.6;0.0
92;2021-08-23;2333;6977;0;1146787;1048852;0;71.1;65.0;0.0
92;2021-08-24;2828;8297;0;1149615;1057149;0;71.2;65.5;0.0
92;2021-08-25;2706;7267;0;1152321;1064416;0;71.4;66.0;0.0
92;2021-08-26;2705;6887;0;1155026;1071303;0;71.6;66.4;0.0
92;2021-08-27;2643;6828;0;1157669;1078131;0;71.7;66.8;0.0
92;2021-08-28;1566;4483;0;1159235;1082614;0;71.8;67.1;0.0
92;2021-08-29;339;979;0;1159574;1083593;0;71.9;67.1;0.0
92;2021-08-30;2138;5339;194;1161712;1088932;194;72.0;67.5;0.0
92;2021-08-31;2731;6429;443;1164443;1095361;637;72.2;67.9;0.0
92;2021-09-01;3143;5640;851;1167586;1101001;1488;72.4;68.2;0.1
92;2021-09-02;2453;4769;845;1170039;1105770;2333;72.5;68.5;0.1
92;2021-09-03;2380;4740;1024;1172419;1110510;3357;72.7;68.8;0.2
92;2021-09-04;2056;4039;360;1174475;1114549;3717;72.8;69.1;0.2
92;2021-09-05;412;762;108;1174887;1115311;3825;72.8;69.1;0.2
92;2021-09-06;1179;2669;928;1176066;1117980;4753;72.9;69.3;0.3
92;2021-09-07;1412;2805;914;1177478;1120785;5667;73.0;69.5;0.4
92;2021-09-08;1904;3191;890;1179382;1123976;6557;73.1;69.6;0.4
92;2021-09-09;1101;2384;745;1180483;1126360;7302;73.2;69.8;0.5
92;2021-09-10;1636;3029;1142;1182119;1129389;8444;73.3;70.0;0.5
92;2021-09-11;1411;2554;261;1183530;1131943;8705;73.3;70.1;0.5
92;2021-09-12;212;436;51;1183742;1132379;8756;73.4;70.2;0.5
92;2021-09-13;1188;1945;1140;1184930;1134324;9896;73.4;70.3;0.6
92;2021-09-14;1102;2086;1329;1186032;1136410;11225;73.5;70.4;0.7
92;2021-09-15;1511;3218;1315;1187543;1139628;12540;73.6;70.6;0.8
92;2021-09-16;1020;1885;1203;1188563;1141513;13743;73.7;70.7;0.9
92;2021-09-17;1353;2754;1241;1189916;1144267;14984;73.7;70.9;0.9
92;2021-09-18;871;2134;322;1190787;1146401;15306;73.8;71.0;0.9
92;2021-09-19;143;284;20;1190930;1146685;15326;73.8;71.1;0.9
92;2021-09-20;746;1658;1174;1191676;1148343;16500;73.8;71.2;1.0
92;2021-09-21;727;1676;1338;1192403;1150019;17838;73.9;71.3;1.1
92;2021-09-22;1013;3480;1101;1193416;1153499;18939;74.0;71.5;1.2
92;2021-09-23;720;1696;1106;1194136;1155195;20045;74.0;71.6;1.2
92;2021-09-24;1022;2583;1083;1195158;1157778;21128;74.1;71.7;1.3
92;2021-09-25;638;2084;287;1195796;1159862;21415;74.1;71.9;1.3
92;2021-09-26;103;264;29;1195899;1160126;21444;74.1;71.9;1.3
92;2021-09-27;668;1446;979;1196567;1161572;22423;74.1;72.0;1.4
92;2021-09-28;691;1376;1028;1197258;1162948;23451;74.2;72.1;1.5
92;2021-09-29;986;2471;1163;1198244;1165419;24614;74.3;72.2;1.5
92;2021-09-30;810;1251;1081;1199054;1166670;25695;74.3;72.3;1.6
92;2021-10-01;1235;1913;1428;1200289;1168583;27123;74.4;72.4;1.7
92;2021-10-02;847;1582;412;1201136;1170165;27535;74.4;72.5;1.7
92;2021-10-03;98;206;46;1201234;1170371;27581;74.4;72.5;1.7
92;2021-10-04;704;1075;1362;1201938;1171446;28943;74.5;72.6;1.8
92;2021-10-05;659;1134;1653;1202597;1172580;30596;74.5;72.7;1.9
92;2021-10-06;953;1715;1934;1203550;1174295;32530;74.6;72.8;2.0
92;2021-10-07;523;899;1469;1204073;1175194;33999;74.6;72.8;2.1
92;2021-10-08;1033;1746;2136;1205106;1176940;36135;74.7;72.9;2.2
92;2021-10-09;686;1229;673;1205792;1178169;36808;74.7;73.0;2.3
92;2021-10-10;126;190;35;1205918;1178359;36843;74.7;73.0;2.3
92;2021-10-11;596;904;1452;1206514;1179263;38295;74.8;73.1;2.4
92;2021-10-12;698;1008;1768;1207212;1180271;40063;74.8;73.1;2.5
92;2021-10-13;894;1377;2344;1208106;1181648;42407;74.9;73.2;2.6
92;2021-10-14;558;845;1724;1208664;1182493;44131;74.9;73.3;2.7
92;2021-10-15;870;1364;2410;1209534;1183857;46541;75.0;73.4;2.9
92;2021-10-16;693;1061;954;1210227;1184918;47495;75.0;73.4;2.9
92;2021-10-17;78;150;74;1210305;1185068;47569;75.0;73.4;2.9
92;2021-10-18;481;730;1555;1210786;1185798;49124;75.0;73.5;3.0
92;2021-10-19;311;706;2074;1211097;1186504;51198;75.0;73.5;3.2
92;2021-10-20;410;942;2774;1211507;1187446;53972;75.1;73.6;3.3
92;2021-10-21;232;621;2003;1211739;1188067;55975;75.1;73.6;3.5
92;2021-10-22;383;1080;2749;1212122;1189147;58724;75.1;73.7;3.6
92;2021-10-23;280;798;1030;1212402;1189945;59754;75.1;73.7;3.7
92;2021-10-24;33;76;94;1212435;1190021;59848;75.1;73.7;3.7
92;2021-10-25;303;550;1953;1212738;1190571;61801;75.1;73.8;3.8
92;2021-10-26;304;631;2297;1213042;1191202;64098;75.2;73.8;4.0
92;2021-10-27;335;834;3179;1213377;1192036;67277;75.2;73.9;4.2
92;2021-10-28;217;460;2166;1213594;1192496;69443;75.2;73.9;4.3
92;2021-10-29;311;776;3025;1213905;1193272;72468;75.2;73.9;4.5
92;2021-10-30;212;610;1151;1214117;1193882;73619;75.2;74.0;4.6
92;2021-10-31;22;81;71;1214139;1193963;73690;75.2;74.0;4.6
92;2021-11-01;64;96;127;1214203;1194059;73817;75.2;74.0;4.6
92;2021-11-02;283;709;2068;1214486;1194768;75885;75.3;74.0;4.7
92;2021-11-03;288;773;2618;1214774;1195541;78503;75.3;74.1;4.9
92;2021-11-04;238;550;2312;1215012;1196091;80815;75.3;74.1;5.0
92;2021-11-05;307;701;2940;1215319;1196792;83755;75.3;74.2;5.2
92;2021-11-06;190;499;1025;1215509;1197291;84780;75.3;74.2;5.3
92;2021-11-07;25;92;89;1215534;1197383;84869;75.3;74.2;5.3
92;2021-11-08;158;485;2725;1215692;1197868;87594;75.3;74.2;5.4
92;2021-11-09;214;534;3548;1215906;1198402;91142;75.3;74.3;5.6
92;2021-11-10;334;667;4317;1216240;1199069;95459;75.4;74.3;5.9
92;2021-11-11;69;115;509;1216309;1199184;95968;75.4;74.3;5.9
92;2021-11-12;242;538;4102;1216551;1199722;100070;75.4;74.3;6.2
92;2021-11-13;200;302;1539;1216751;1200024;101609;75.4;74.4;6.3
92;2021-11-14;34;52;148;1216785;1200076;101757;75.4;74.4;6.3
92;2021-11-15;206;360;3602;1216991;1200436;105359;75.4;74.4;6.5
92;2021-11-16;221;380;3689;1217212;1200816;109048;75.4;74.4;6.8
92;2021-11-17;323;494;3918;1217535;1201310;112966;75.4;74.4;7.0
92;2021-11-18;231;417;4118;1217766;1201727;117084;75.5;74.5;7.3
92;2021-11-19;374;516;5236;1218140;1202243;122320;75.5;74.5;7.6
92;2021-11-20;238;361;1869;1218378;1202604;124189;75.5;74.5;7.7
92;2021-11-21;26;60;228;1218404;1202664;124417;75.5;74.5;7.7
92;2021-11-22;203;317;3730;1218607;1202981;128147;75.5;74.5;7.9
92;2021-11-23;254;337;4412;1218861;1203318;132559;75.5;74.6;8.2
92;2021-11-24;350;492;4883;1219211;1203810;137442;75.6;74.6;8.5
92;2021-11-25;240;340;6159;1219451;1204150;143601;75.6;74.6;8.9
92;2021-11-26;314;511;10366;1219765;1204661;153967;75.6;74.6;9.5
92;2021-11-27;225;293;6158;1219990;1204954;160125;75.6;74.7;9.9
92;2021-11-28;52;112;3887;1220042;1205066;164012;75.6;74.7;10.2
92;2021-11-29;188;316;9499;1220230;1205382;173511;75.6;74.7;10.8
92;2021-11-30;237;363;12933;1220467;1205745;186444;75.6;74.7;11.6
92;2021-12-01;227;390;14191;1220694;1206135;200635;75.6;74.7;12.4
92;2021-12-02;191;307;15173;1220885;1206442;215808;75.7;74.8;13.4
92;2021-12-03;233;417;18165;1221118;1206859;233973;75.7;74.8;14.5
92;2021-12-04;175;326;11327;1221293;1207185;245300;75.7;74.8;15.2
92;2021-12-05;67;94;4062;1221360;1207279;249362;75.7;74.8;15.5
92;2021-12-06;150;332;13702;1221510;1207611;263064;75.7;74.8;16.3
92;2021-12-07;204;366;17863;1221714;1207977;280927;75.7;74.9;17.4
92;2021-12-08;252;485;17019;1221966;1208462;297946;75.7;74.9;18.5
92;2021-12-09;225;396;18290;1222191;1208858;316236;75.7;74.9;19.6
93;2020-12-27;7;3;0;7;3;0;0.0;0.0;0.0
93;2020-12-28;2;0;0;9;3;0;0.0;0.0;0.0
93;2020-12-29;0;0;0;9;3;0;0.0;0.0;0.0
93;2020-12-30;27;1;0;36;4;0;0.0;0.0;0.0
93;2020-12-31;7;0;0;43;4;0;0.0;0.0;0.0
93;2021-01-01;11;0;0;54;4;0;0.0;0.0;0.0
93;2021-01-02;4;0;0;58;4;0;0.0;0.0;0.0
93;2021-01-03;7;0;0;65;4;0;0.0;0.0;0.0
93;2021-01-04;18;1;0;83;5;0;0.0;0.0;0.0
93;2021-01-05;92;2;0;175;7;0;0.0;0.0;0.0
93;2021-01-06;137;3;0;312;10;0;0.0;0.0;0.0
93;2021-01-07;363;5;0;675;15;0;0.0;0.0;0.0
93;2021-01-08;503;4;0;1178;19;0;0.1;0.0;0.0
93;2021-01-09;43;0;0;1221;19;0;0.1;0.0;0.0
93;2021-01-10;57;0;0;1278;19;0;0.1;0.0;0.0
93;2021-01-11;508;3;0;1786;22;0;0.1;0.0;0.0
93;2021-01-12;732;6;0;2518;28;0;0.2;0.0;0.0
93;2021-01-13;713;10;0;3231;38;0;0.2;0.0;0.0
93;2021-01-14;658;14;0;3889;52;0;0.2;0.0;0.0
93;2021-01-15;570;6;0;4459;58;0;0.3;0.0;0.0
93;2021-01-16;126;2;0;4585;60;0;0.3;0.0;0.0
93;2021-01-17;62;2;0;4647;62;0;0.3;0.0;0.0
93;2021-01-18;974;19;0;5621;81;0;0.3;0.0;0.0
93;2021-01-19;1287;16;0;6908;97;0;0.4;0.0;0.0
93;2021-01-20;1334;23;0;8242;120;0;0.5;0.0;0.0
93;2021-01-21;1614;37;0;9856;157;0;0.6;0.0;0.0
93;2021-01-22;1207;27;0;11063;184;0;0.7;0.0;0.0
93;2021-01-23;576;6;0;11639;190;0;0.7;0.0;0.0
93;2021-01-24;55;0;0;11694;190;0;0.7;0.0;0.0
93;2021-01-25;851;10;0;12545;200;0;0.8;0.0;0.0
93;2021-01-26;1015;29;0;13560;229;0;0.8;0.0;0.0
93;2021-01-27;1694;75;0;15254;304;0;0.9;0.0;0.0
93;2021-01-28;1827;144;0;17081;448;0;1.0;0.0;0.0
93;2021-01-29;1376;171;0;18457;619;0;1.1;0.0;0.0
93;2021-01-30;696;29;0;19153;648;0;1.1;0.0;0.0
93;2021-01-31;24;4;0;19177;652;0;1.1;0.0;0.0
93;2021-02-01;734;110;0;19911;762;0;1.2;0.0;0.0
93;2021-02-02;792;232;0;20703;994;0;1.2;0.1;0.0
93;2021-02-03;862;317;0;21565;1311;0;1.3;0.1;0.0
93;2021-02-04;709;382;0;22274;1693;0;1.3;0.1;0.0
93;2021-02-05;650;332;0;22924;2025;0;1.4;0.1;0.0
93;2021-02-06;508;52;0;23432;2077;0;1.4;0.1;0.0
93;2021-02-07;18;23;0;23450;2100;0;1.4;0.1;0.0
93;2021-02-08;678;511;0;24128;2611;0;1.4;0.2;0.0
93;2021-02-09;650;629;0;24778;3240;0;1.5;0.2;0.0
93;2021-02-10;739;758;0;25517;3998;0;1.5;0.2;0.0
93;2021-02-11;983;1003;0;26500;5001;0;1.6;0.3;0.0
93;2021-02-12;931;688;0;27431;5689;0;1.6;0.3;0.0
93;2021-02-13;321;248;0;27752;5937;0;1.7;0.4;0.0
93;2021-02-14;21;68;0;27773;6005;0;1.7;0.4;0.0
93;2021-02-15;423;916;0;28196;6921;0;1.7;0.4;0.0
93;2021-02-16;517;1165;0;28713;8086;0;1.7;0.5;0.0
93;2021-02-17;579;1426;0;29292;9512;0;1.8;0.6;0.0
93;2021-02-18;1016;1703;0;30308;11215;0;1.8;0.7;0.0
93;2021-02-19;938;1425;0;31246;12640;0;1.9;0.8;0.0
93;2021-02-20;233;545;0;31479;13185;0;1.9;0.8;0.0
93;2021-02-21;22;45;0;31501;13230;0;1.9;0.8;0.0
93;2021-02-22;538;901;0;32039;14131;0;1.9;0.8;0.0
93;2021-02-23;522;847;0;32561;14978;0;1.9;0.9;0.0
93;2021-02-24;611;951;0;33172;15929;0;2.0;1.0;0.0
93;2021-02-25;928;999;0;34100;16928;0;2.0;1.0;0.0
93;2021-02-26;1132;820;0;35232;17748;0;2.1;1.1;0.0
93;2021-02-27;518;462;0;35750;18210;0;2.1;1.1;0.0
93;2021-02-28;83;49;0;35833;18259;0;2.1;1.1;0.0
93;2021-03-01;976;721;0;36809;18980;0;2.2;1.1;0.0
93;2021-03-02;1408;818;0;38217;19798;0;2.3;1.2;0.0
93;2021-03-03;1694;840;0;39911;20638;0;2.4;1.2;0.0
93;2021-03-04;2582;914;0;42493;21552;0;2.5;1.3;0.0
93;2021-03-05;3559;833;0;46052;22385;0;2.8;1.3;0.0
93;2021-03-06;4109;494;0;50161;22879;0;3.0;1.4;0.0
93;2021-03-07;3203;286;0;53364;23165;0;3.2;1.4;0.0
93;2021-03-08;2018;895;0;55382;24060;0;3.3;1.4;0.0
93;2021-03-09;2742;735;0;58124;24795;0;3.5;1.5;0.0
93;2021-03-10;2846;828;0;60970;25623;0;3.7;1.5;0.0
93;2021-03-11;3639;1068;0;64609;26691;0;3.9;1.6;0.0
93;2021-03-12;4163;1122;0;68772;27813;0;4.1;1.7;0.0
93;2021-03-13;3738;506;0;72510;28319;0;4.3;1.7;0.0
93;2021-03-14;1123;102;0;73633;28421;0;4.4;1.7;0.0
93;2021-03-15;3011;553;0;76644;28974;0;4.6;1.7;0.0
93;2021-03-16;2647;494;0;79291;29468;0;4.7;1.8;0.0
93;2021-03-17;2244;559;0;81535;30027;0;4.9;1.8;0.0
93;2021-03-18;2765;645;0;84300;30672;0;5.0;1.8;0.0
93;2021-03-19;3341;595;0;87641;31267;0;5.2;1.9;0.0
93;2021-03-20;2765;280;0;90406;31547;0;5.4;1.9;0.0
93;2021-03-21;789;196;0;91195;31743;0;5.5;1.9;0.0
93;2021-03-22;3391;572;0;94586;32315;0;5.7;1.9;0.0
93;2021-03-23;4284;724;0;98870;33039;0;5.9;2.0;0.0
93;2021-03-24;4018;680;0;102888;33719;0;6.2;2.0;0.0
93;2021-03-25;5422;791;0;108310;34510;0;6.5;2.1;0.0
93;2021-03-26;5286;815;0;113596;35325;0;6.8;2.1;0.0
93;2021-03-27;3765;294;0;117361;35619;0;7.0;2.1;0.0
93;2021-03-28;834;63;0;118195;35682;0;7.1;2.1;0.0
93;2021-03-29;3530;939;0;121725;36621;0;7.3;2.2;0.0
93;2021-03-30;4391;1240;0;126116;37861;0;7.6;2.3;0.0
93;2021-03-31;3937;1280;0;130053;39141;0;7.8;2.3;0.0
93;2021-04-01;4223;2693;0;134276;41834;0;8.0;2.5;0.0
93;2021-04-02;3481;2859;0;137757;44693;0;8.2;2.7;0.0
93;2021-04-03;2257;1797;0;140014;46490;0;8.4;2.8;0.0
93;2021-04-04;808;230;0;140822;46720;0;8.4;2.8;0.0
93;2021-04-05;740;121;0;141562;46841;0;8.5;2.8;0.0
93;2021-04-06;3736;2035;0;145298;48876;0;8.7;2.9;0.0
93;2021-04-07;4009;1929;0;149307;50805;0;8.9;3.0;0.0
93;2021-04-08;4834;2385;0;154141;53190;0;9.2;3.2;0.0
93;2021-04-09;5222;2701;0;159363;55891;0;9.5;3.3;0.0
93;2021-04-10;3219;2073;0;162582;57964;0;9.7;3.5;0.0
93;2021-04-11;777;590;0;163359;58554;0;9.8;3.5;0.0
93;2021-04-12;3712;2239;0;167071;60793;0;10.0;3.6;0.0
93;2021-04-13;4013;3197;0;171084;63990;0;10.2;3.8;0.0
93;2021-04-14;3744;2157;0;174828;66147;0;10.5;4.0;0.0
93;2021-04-15;4081;2727;0;178909;68874;0;10.7;4.1;0.0
93;2021-04-16;3749;2519;0;182658;71393;0;10.9;4.3;0.0
93;2021-04-17;2546;1961;0;185204;73354;0;11.1;4.4;0.0
93;2021-04-18;465;513;0;185669;73867;0;11.1;4.4;0.0
93;2021-04-19;2893;2415;0;188562;76282;0;11.3;4.6;0.0
93;2021-04-20;3223;2887;0;191785;79169;0;11.5;4.7;0.0
93;2021-04-21;3042;2608;0;194827;81777;0;11.7;4.9;0.0
93;2021-04-22;3511;3683;0;198338;85460;0;11.9;5.1;0.0
93;2021-04-23;3730;3072;0;202068;88532;0;12.1;5.3;0.0
93;2021-04-24;3624;2677;0;205692;91209;0;12.3;5.5;0.0
93;2021-04-25;1408;737;0;207100;91946;0;12.4;5.5;0.0
93;2021-04-26;3623;2788;0;210723;94734;0;12.6;5.7;0.0
93;2021-04-27;5098;3163;0;215821;97897;0;12.9;5.9;0.0
93;2021-04-28;4684;3069;0;220505;100966;0;13.2;6.0;0.0
93;2021-04-29;6031;3078;0;226536;104044;0;13.6;6.2;0.0
93;2021-04-30;6556;3069;0;233092;107113;0;14.0;6.4;0.0
93;2021-05-01;3007;920;0;236099;108033;0;14.1;6.5;0.0
93;2021-05-02;952;752;0;237051;108785;0;14.2;6.5;0.0
93;2021-05-03;6026;4476;0;243077;113261;0;14.6;6.8;0.0
93;2021-05-04;6054;4289;0;249131;117550;0;14.9;7.0;0.0
93;2021-05-05;6017;3605;0;255148;121155;0;15.3;7.3;0.0
93;2021-05-06;6836;3994;0;261984;125149;0;15.7;7.5;0.0
93;2021-05-07;5674;4340;0;267658;129489;0;16.0;7.8;0.0
93;2021-05-08;5445;2150;0;273103;131639;0;16.4;7.9;0.0
93;2021-05-09;3654;1387;0;276757;133026;0;16.6;8.0;0.0
93;2021-05-10;7152;3555;0;283909;136581;0;17.0;8.2;0.0
93;2021-05-11;7570;4168;0;291479;140749;0;17.5;8.4;0.0
93;2021-05-12;7194;3216;0;298673;143965;0;17.9;8.6;0.0
93;2021-05-13;6060;1139;0;304733;145104;0;18.2;8.7;0.0
93;2021-05-14;8553;3015;0;313286;148119;0;18.8;8.9;0.0
93;2021-05-15;8544;2259;0;321830;150378;0;19.3;9.0;0.0
93;2021-05-16;4198;673;0;326028;151051;0;19.5;9.0;0.0
93;2021-05-17;8205;1905;0;334233;152956;0;20.0;9.2;0.0
93;2021-05-18;9119;2017;0;343352;154973;0;20.6;9.3;0.0
93;2021-05-19;8622;3037;0;351974;158010;0;21.1;9.5;0.0
93;2021-05-20;10004;3326;0;361978;161336;0;21.7;9.7;0.0
93;2021-05-21;9813;2745;0;371791;164081;0;22.3;9.8;0.0
93;2021-05-22;9210;1987;0;381001;166068;0;22.8;9.9;0.0
93;2021-05-23;5686;897;0;386687;166965;0;23.2;10.0;0.0
93;2021-05-24;7579;1441;0;394266;168406;0;23.6;10.1;0.0
93;2021-05-25;8237;4093;0;402503;172499;0;24.1;10.3;0.0
93;2021-05-26;8044;3409;0;410547;175908;0;24.6;10.5;0.0
93;2021-05-27;9328;3716;0;419875;179624;0;25.1;10.8;0.0
93;2021-05-28;9242;4702;0;429117;184326;0;25.7;11.0;0.0
93;2021-05-29;7839;3280;0;436956;187606;0;26.2;11.2;0.0
93;2021-05-30;5317;1223;0;442273;188829;0;26.5;11.3;0.0
93;2021-05-31;7080;4269;0;449353;193098;0;26.9;11.6;0.0
93;2021-06-01;8578;5182;0;457931;198280;0;27.4;11.9;0.0
93;2021-06-02;7980;4203;0;465911;202483;0;27.9;12.1;0.0
93;2021-06-03;8346;4474;0;474257;206957;0;28.4;12.4;0.0
93;2021-06-04;8655;5822;0;482912;212779;0;28.9;12.7;0.0
93;2021-06-05;7046;5074;0;489958;217853;0;29.3;13.0;0.0
93;2021-06-06;5206;1543;0;495164;219396;0;29.6;13.1;0.0
93;2021-06-07;7051;5814;0;502215;225210;0;30.1;13.5;0.0
93;2021-06-08;7850;6116;0;510065;231326;0;30.5;13.9;0.0
93;2021-06-09;7900;6203;0;517965;237529;0;31.0;14.2;0.0
93;2021-06-10;7095;8198;0;525060;245727;0;31.4;14.7;0.0
93;2021-06-11;7041;7602;0;532101;253329;0;31.9;15.2;0.0
93;2021-06-12;7316;5219;0;539417;258548;0;32.3;15.5;0.0
93;2021-06-13;4580;2119;0;543997;260667;0;32.6;15.6;0.0
93;2021-06-14;4754;7446;0;548751;268113;0;32.9;16.1;0.0
93;2021-06-15;5789;7984;0;554540;276097;0;33.2;16.5;0.0
93;2021-06-16;5707;7311;0;560247;283408;0;33.5;17.0;0.0
93;2021-06-17;5135;7347;0;565382;290755;0;33.9;17.4;0.0
93;2021-06-18;6089;9534;0;571471;300289;0;34.2;18.0;0.0
93;2021-06-19;5508;8284;0;576979;308573;0;34.5;18.5;0.0
93;2021-06-20;3131;4759;0;580110;313332;0;34.7;18.8;0.0
93;2021-06-21;3620;8304;0;583730;321636;0;35.0;19.3;0.0
93;2021-06-22;4068;9139;0;587798;330775;0;35.2;19.8;0.0
93;2021-06-23;4136;8740;0;591934;339515;0;35.4;20.3;0.0
93;2021-06-24;3913;8325;0;595847;347840;0;35.7;20.8;0.0
93;2021-06-25;4536;10777;0;600383;358617;0;35.9;21.5;0.0
93;2021-06-26;4103;10492;0;604486;369109;0;36.2;22.1;0.0
93;2021-06-27;2347;5148;0;606833;374257;0;36.3;22.4;0.0
93;2021-06-28;3402;9451;0;610235;383708;0;36.5;23.0;0.0
93;2021-06-29;3734;9532;0;613969;393240;0;36.8;23.5;0.0
93;2021-06-30;3869;9264;0;617838;402504;0;37.0;24.1;0.0
93;2021-07-01;4858;9415;0;622696;411919;0;37.3;24.7;0.0
93;2021-07-02;5029;10504;0;627725;422423;0;37.6;25.3;0.0
93;2021-07-03;4453;10427;0;632178;432850;0;37.9;25.9;0.0
93;2021-07-04;2381;6120;0;634559;438970;0;38.0;26.3;0.0
93;2021-07-05;4203;8614;0;638762;447584;0;38.2;26.8;0.0
93;2021-07-06;4481;9581;1;643243;457165;1;38.5;27.4;0.0
93;2021-07-07;4761;9727;0;648004;466892;1;38.8;28.0;0.0
93;2021-07-08;4743;9368;0;652747;476260;1;39.1;28.5;0.0
93;2021-07-09;5447;11107;0;658194;487367;1;39.4;29.2;0.0
93;2021-07-10;4789;10973;0;662983;498340;1;39.7;29.8;0.0
93;2021-07-11;2623;6518;0;665606;504858;1;39.9;30.2;0.0
93;2021-07-12;4798;10045;0;670404;514903;1;40.1;30.8;0.0
93;2021-07-13;8764;11829;0;679168;526732;1;40.7;31.5;0.0
93;2021-07-14;7006;5789;0;686174;532521;1;41.1;31.9;0.0
93;2021-07-15;9877;12393;1;696051;544914;2;41.7;32.6;0.0
93;2021-07-16;10471;11768;0;706522;556682;2;42.3;33.3;0.0
93;2021-07-17;8549;11154;0;715071;567836;2;42.8;34.0;0.0
93;2021-07-18;4801;6242;0;719872;574078;2;43.1;34.4;0.0
93;2021-07-19;7572;9495;0;727444;583573;2;43.6;34.9;0.0
93;2021-07-20;9910;9688;0;737354;593261;2;44.1;35.5;0.0
93;2021-07-21;11061;9669;0;748415;602930;2;44.8;36.1;0.0
93;2021-07-22;11235;8570;0;759650;611500;2;45.5;36.6;0.0
93;2021-07-23;11868;9833;0;771518;621333;2;46.2;37.2;0.0
93;2021-07-24;9603;8786;0;781121;630119;2;46.8;37.7;0.0
93;2021-07-25;5388;4780;0;786509;634899;2;47.1;38.0;0.0
93;2021-07-26;9639;7357;0;796148;642256;2;47.7;38.5;0.0
93;2021-07-27;11660;7273;1;807808;649529;3;48.4;38.9;0.0
93;2021-07-28;11606;7666;0;819414;657195;3;49.1;39.3;0.0
93;2021-07-29;10801;6726;0;830215;663921;3;49.7;39.8;0.0
93;2021-07-30;11013;7431;0;841228;671352;3;50.4;40.2;0.0
93;2021-07-31;8249;6412;0;849477;677764;3;50.9;40.6;0.0
93;2021-08-01;4534;3226;0;854011;680990;3;51.1;40.8;0.0
93;2021-08-02;7534;5513;0;861545;686503;3;51.6;41.1;0.0
93;2021-08-03;6706;6166;0;868251;692669;3;52.0;41.5;0.0
93;2021-08-04;6748;6571;0;874999;699240;3;52.4;41.9;0.0
93;2021-08-05;5536;6151;0;880535;705391;3;52.7;42.2;0.0
93;2021-08-06;6204;7357;0;886739;712748;3;53.1;42.7;0.0
93;2021-08-07;5104;6856;0;891843;719604;3;53.4;43.1;0.0
93;2021-08-08;2625;3728;0;894468;723332;3;53.6;43.3;0.0
93;2021-08-09;5560;6826;0;900028;730158;3;53.9;43.7;0.0
93;2021-08-10;5906;7635;0;905934;737793;3;54.2;44.2;0.0
93;2021-08-11;5618;7987;0;911552;745780;3;54.6;44.7;0.0
93;2021-08-12;5057;7658;0;916609;753438;3;54.9;45.1;0.0
93;2021-08-13;4753;7491;0;921362;760929;3;55.2;45.6;0.0
93;2021-08-14;3743;7308;0;925105;768237;3;55.4;46.0;0.0
93;2021-08-15;1439;2238;0;926544;770475;3;55.5;46.1;0.0
93;2021-08-16;4292;8900;0;930836;779375;3;55.7;46.7;0.0
93;2021-08-17;4778;9054;0;935614;788429;3;56.0;47.2;0.0
93;2021-08-18;4343;9132;0;939957;797561;3;56.3;47.8;0.0
93;2021-08-19;3716;7934;0;943673;805495;3;56.5;48.2;0.0
93;2021-08-20;3910;8948;0;947583;814443;3;56.7;48.8;0.0
93;2021-08-21;3029;8231;0;950612;822674;3;56.9;49.3;0.0
93;2021-08-22;1352;4215;0;951964;826889;3;57.0;49.5;0.0
93;2021-08-23;3442;8113;0;955406;835002;3;57.2;50.0;0.0
93;2021-08-24;3599;7733;0;959005;842735;3;57.4;50.5;0.0
93;2021-08-25;3484;7705;0;962489;850440;3;57.6;50.9;0.0
93;2021-08-26;3113;6468;0;965602;856908;3;57.8;51.3;0.0
93;2021-08-27;3363;7702;0;968965;864610;3;58.0;51.8;0.0
93;2021-08-28;2743;7135;0;971708;871745;3;58.2;52.2;0.0
93;2021-08-29;1235;3202;0;972943;874947;3;58.3;52.4;0.0
93;2021-08-30;2644;6688;93;975587;881635;96;58.4;52.8;0.0
93;2021-08-31;2761;6675;161;978348;888310;257;58.6;53.2;0.0
93;2021-09-01;3556;6104;320;981904;894414;577;58.8;53.6;0.0
93;2021-09-02;2700;4778;293;984604;899192;870;59.0;53.8;0.1
93;2021-09-03;2674;5848;329;987278;905040;1199;59.1;54.2;0.1
93;2021-09-04;2860;5985;241;990138;911025;1440;59.3;54.5;0.1
93;2021-09-05;947;2050;87;991085;913075;1527;59.3;54.7;0.1
93;2021-09-06;1648;3852;313;992733;916927;1840;59.4;54.9;0.1
93;2021-09-07;1747;3665;251;994480;920592;2091;59.5;55.1;0.1
93;2021-09-08;2178;3997;331;996658;924589;2422;59.7;55.4;0.1
93;2021-09-09;1884;3322;362;998542;927911;2784;59.8;55.6;0.2
93;2021-09-10;2662;3991;372;1001204;931902;3156;59.9;55.8;0.2
93;2021-09-11;2009;4636;185;1003213;936538;3341;60.1;56.1;0.2
93;2021-09-12;632;1580;74;1003845;938118;3415;60.1;56.2;0.2
93;2021-09-13;1957;2974;457;1005802;941092;3872;60.2;56.3;0.2
93;2021-09-14;1899;2788;615;1007701;943880;4487;60.3;56.5;0.3
93;2021-09-15;1915;3100;589;1009616;946980;5076;60.5;56.7;0.3
93;2021-09-16;1613;2318;489;1011229;949298;5565;60.5;56.8;0.3
93;2021-09-17;1859;3188;542;1013088;952486;6107;60.7;57.0;0.4
93;2021-09-18;1372;3769;358;1014460;956255;6465;60.7;57.3;0.4
93;2021-09-19;383;1242;97;1014843;957497;6562;60.8;57.3;0.4
93;2021-09-20;1197;1935;443;1016040;959432;7005;60.8;57.4;0.4
93;2021-09-21;1008;1848;449;1017048;961280;7454;60.9;57.6;0.4
93;2021-09-22;1246;2775;543;1018294;964055;7997;61.0;57.7;0.5
93;2021-09-23;1003;1669;511;1019297;965724;8508;61.0;57.8;0.5
93;2021-09-24;1293;2570;630;1020590;968294;9138;61.1;58.0;0.5
93;2021-09-25;1150;3392;264;1021740;971686;9402;61.2;58.2;0.6
93;2021-09-26;296;1037;81;1022036;972723;9483;61.2;58.2;0.6
93;2021-09-27;862;1582;465;1022898;974305;9948;61.2;58.3;0.6
93;2021-09-28;895;1371;498;1023793;975676;10446;61.3;58.4;0.6
93;2021-09-29;1133;2183;598;1024926;977859;11044;61.4;58.5;0.7
93;2021-09-30;876;1576;633;1025802;979435;11677;61.4;58.6;0.7
93;2021-10-01;2058;2026;648;1027860;981461;12325;61.5;58.8;0.7
93;2021-10-02;1379;2084;363;1029239;983545;12688;61.6;58.9;0.8
93;2021-10-03;237;496;97;1029476;984041;12785;61.6;58.9;0.8
93;2021-10-04;1058;1492;703;1030534;985533;13488;61.7;59.0;0.8
93;2021-10-05;883;1358;562;1031417;986891;14050;61.8;59.1;0.8
93;2021-10-06;1096;1721;930;1032513;988612;14980;61.8;59.2;0.9
93;2021-10-07;878;1541;937;1033391;990153;15917;61.9;59.3;1.0
93;2021-10-08;1106;1848;970;1034497;992001;16887;61.9;59.4;1.0
93;2021-10-09;1261;2017;609;1035758;994018;17496;62.0;59.5;1.0
93;2021-10-10;252;423;110;1036010;994441;17606;62.0;59.5;1.1
93;2021-10-11;912;1445;852;1036922;995886;18458;62.1;59.6;1.1
93;2021-10-12;770;1246;929;1037692;997132;19387;62.1;59.7;1.2
93;2021-10-13;1021;1542;1115;1038713;998674;20502;62.2;59.8;1.2
93;2021-10-14;849;1329;1058;1039562;1000003;21560;62.2;59.9;1.3
93;2021-10-15;1116;1621;1200;1040678;1001624;22760;62.3;60.0;1.4
93;2021-10-16;1071;1562;686;1041749;1003186;23446;62.4;60.1;1.4
93;2021-10-17;213;303;164;1041962;1003489;23610;62.4;60.1;1.4
93;2021-10-18;732;1198;938;1042694;1004687;24548;62.4;60.2;1.5
93;2021-10-19;705;1123;915;1043399;1005810;25463;62.5;60.2;1.5
93;2021-10-20;708;1077;1425;1044107;1006887;26888;62.5;60.3;1.6
93;2021-10-21;548;972;1266;1044655;1007859;28154;62.5;60.3;1.7
93;2021-10-22;787;1291;1363;1045442;1009150;29517;62.6;60.4;1.8
93;2021-10-23;813;1264;958;1046255;1010414;30475;62.6;60.5;1.8
93;2021-10-24;164;249;165;1046419;1010663;30640;62.7;60.5;1.8
93;2021-10-25;519;913;1105;1046938;1011576;31745;62.7;60.6;1.9
93;2021-10-26;497;822;1115;1047435;1012398;32860;62.7;60.6;2.0
93;2021-10-27;648;1012;1565;1048083;1013410;34425;62.8;60.7;2.1
93;2021-10-28;567;936;1431;1048650;1014346;35856;62.8;60.7;2.1
93;2021-10-29;604;1040;1465;1049254;1015386;37321;62.8;60.8;2.2
93;2021-10-30;610;1236;1045;1049864;1016622;38366;62.9;60.9;2.3
93;2021-10-31;152;244;177;1050016;1016866;38543;62.9;60.9;2.3
93;2021-11-01;198;204;86;1050214;1017070;38629;62.9;60.9;2.3
93;2021-11-02;582;884;1055;1050796;1017954;39684;62.9;60.9;2.4
93;2021-11-03;537;1016;1320;1051333;1018970;41004;62.9;61.0;2.5
93;2021-11-04;494;845;1276;1051827;1019815;42280;63.0;61.1;2.5
93;2021-11-05;540;948;1344;1052367;1020763;43624;63.0;61.1;2.6
93;2021-11-06;547;969;955;1052914;1021732;44579;63.0;61.2;2.7
93;2021-11-07;92;221;174;1053006;1021953;44753;63.0;61.2;2.7
93;2021-11-08;395;727;1527;1053401;1022680;46280;63.1;61.2;2.8
93;2021-11-09;414;870;1927;1053815;1023550;48207;63.1;61.3;2.9
93;2021-11-10;587;1004;2522;1054402;1024554;50729;63.1;61.3;3.0
93;2021-11-11;167;244;481;1054569;1024798;51210;63.1;61.4;3.1
93;2021-11-12;567;915;2722;1055136;1025713;53932;63.2;61.4;3.2
93;2021-11-13;534;806;1510;1055670;1026519;55442;63.2;61.5;3.3
93;2021-11-14;94;202;287;1055764;1026721;55729;63.2;61.5;3.3
93;2021-11-15;409;761;2509;1056173;1027482;58238;63.2;61.5;3.5
93;2021-11-16;467;724;2688;1056640;1028206;60926;63.3;61.6;3.6
93;2021-11-17;519;867;2337;1057159;1029073;63263;63.3;61.6;3.8
93;2021-11-18;413;692;2309;1057572;1029765;65572;63.3;61.7;3.9
93;2021-11-19;518;865;2919;1058090;1030630;68491;63.4;61.7;4.1
93;2021-11-20;692;1011;2085;1058782;1031641;70576;63.4;61.8;4.2
93;2021-11-21;106;235;385;1058888;1031876;70961;63.4;61.8;4.2
93;2021-11-22;394;603;2815;1059282;1032479;73776;63.4;61.8;4.4
93;2021-11-23;448;756;2919;1059730;1033235;76695;63.5;61.9;4.6
93;2021-11-24;544;840;2877;1060274;1034075;79572;63.5;61.9;4.8
93;2021-11-25;434;691;3961;1060708;1034766;83533;63.5;62.0;5.0
93;2021-11-26;515;862;6350;1061223;1035628;89883;63.5;62.0;5.4
93;2021-11-27;541;820;5509;1061764;1036448;95392;63.6;62.1;5.7
93;2021-11-28;162;267;2203;1061926;1036715;97595;63.6;62.1;5.8
93;2021-11-29;349;635;6728;1062275;1037350;104323;63.6;62.1;6.2
93;2021-11-30;380;660;8222;1062655;1038010;112545;63.6;62.2;6.7
93;2021-12-01;421;781;8052;1063076;1038791;120597;63.7;62.2;7.2
93;2021-12-02;380;634;7904;1063456;1039425;128501;63.7;62.2;7.7
93;2021-12-03;413;780;9734;1063869;1040205;138235;63.7;62.3;8.3
93;2021-12-04;414;785;7553;1064283;1040990;145788;63.7;62.3;8.7
93;2021-12-05;159;279;3308;1064442;1041269;149096;63.7;62.3;8.9
93;2021-12-06;373;692;8576;1064815;1041961;157672;63.8;62.4;9.4
93;2021-12-07;410;766;9822;1065225;1042727;167494;63.8;62.4;10.0
93;2021-12-08;448;819;10057;1065673;1043546;177551;63.8;62.5;10.6
93;2021-12-09;407;706;9208;1066080;1044252;186759;63.8;62.5;11.2
94;2020-12-27;13;0;0;13;0;0;0.0;0.0;0.0
94;2020-12-28;9;1;0;22;1;0;0.0;0.0;0.0
94;2020-12-29;3;0;0;25;1;0;0.0;0.0;0.0
94;2020-12-30;10;0;0;35;1;0;0.0;0.0;0.0
94;2020-12-31;13;2;0;48;3;0;0.0;0.0;0.0
94;2021-01-01;11;0;0;59;3;0;0.0;0.0;0.0
94;2021-01-02;10;0;0;69;3;0;0.0;0.0;0.0
94;2021-01-03;12;0;0;81;3;0;0.0;0.0;0.0
94;2021-01-04;65;1;0;146;4;0;0.0;0.0;0.0
94;2021-01-05;260;2;0;406;6;0;0.0;0.0;0.0
94;2021-01-06;375;6;0;781;12;0;0.1;0.0;0.0
94;2021-01-07;728;7;0;1509;19;0;0.1;0.0;0.0
94;2021-01-08;946;10;0;2455;29;0;0.2;0.0;0.0
94;2021-01-09;132;0;0;2587;29;0;0.2;0.0;0.0
94;2021-01-10;100;0;0;2687;29;0;0.2;0.0;0.0
94;2021-01-11;1043;12;0;3730;41;0;0.3;0.0;0.0
94;2021-01-12;1296;17;0;5026;58;0;0.4;0.0;0.0
94;2021-01-13;1311;17;0;6337;75;0;0.5;0.0;0.0
94;2021-01-14;1361;22;0;7698;97;0;0.5;0.0;0.0
94;2021-01-15;1093;19;0;8791;116;0;0.6;0.0;0.0
94;2021-01-16;269;2;0;9060;118;0;0.6;0.0;0.0
94;2021-01-17;134;3;0;9194;121;0;0.7;0.0;0.0
94;2021-01-18;1443;27;0;10637;148;0;0.8;0.0;0.0
94;2021-01-19;1872;23;0;12509;171;0;0.9;0.0;0.0
94;2021-01-20;2164;29;0;14673;200;0;1.0;0.0;0.0
94;2021-01-21;2957;31;0;17630;231;0;1.3;0.0;0.0
94;2021-01-22;2116;19;0;19746;250;0;1.4;0.0;0.0
94;2021-01-23;745;5;0;20491;255;0;1.5;0.0;0.0
94;2021-01-24;272;1;0;20763;256;0;1.5;0.0;0.0
94;2021-01-25;1308;28;0;22071;284;0;1.6;0.0;0.0
94;2021-01-26;1540;27;0;23611;311;0;1.7;0.0;0.0
94;2021-01-27;1953;77;0;25564;388;0;1.8;0.0;0.0
94;2021-01-28;1924;148;0;27488;536;0;2.0;0.0;0.0
94;2021-01-29;1530;189;0;29018;725;0;2.1;0.1;0.0
94;2021-01-30;661;13;0;29679;738;0;2.1;0.1;0.0
94;2021-01-31;126;12;0;29805;750;0;2.1;0.1;0.0
94;2021-02-01;914;239;0;30719;989;0;2.2;0.1;0.0
94;2021-02-02;969;319;0;31688;1308;0;2.3;0.1;0.0
94;2021-02-03;854;394;0;32542;1702;0;2.3;0.1;0.0
94;2021-02-04;998;524;0;33540;2226;0;2.4;0.2;0.0
94;2021-02-05;989;570;0;34529;2796;0;2.5;0.2;0.0
94;2021-02-06;467;71;0;34996;2867;0;2.5;0.2;0.0
94;2021-02-07;115;13;0;35111;2880;0;2.5;0.2;0.0
94;2021-02-08;699;665;0;35810;3545;0;2.5;0.3;0.0
94;2021-02-09;1075;1135;0;36885;4680;0;2.6;0.3;0.0
94;2021-02-10;1104;1228;0;37989;5908;0;2.7;0.4;0.0
94;2021-02-11;1466;1857;0;39455;7765;0;2.8;0.6;0.0
94;2021-02-12;1372;1526;0;40827;9291;0;2.9;0.7;0.0
94;2021-02-13;300;244;0;41127;9535;0;2.9;0.7;0.0
94;2021-02-14;46;82;0;41173;9617;0;2.9;0.7;0.0
94;2021-02-15;679;1517;0;41852;11134;0;3.0;0.8;0.0
94;2021-02-16;693;2246;0;42545;13380;0;3.0;1.0;0.0
94;2021-02-17;641;1574;0;43186;14954;0;3.1;1.1;0.0
94;2021-02-18;943;1893;0;44129;16847;0;3.1;1.2;0.0
94;2021-02-19;919;1573;0;45048;18420;0;3.2;1.3;0.0
94;2021-02-20;180;860;0;45228;19280;0;3.2;1.4;0.0
94;2021-02-21;43;148;0;45271;19428;0;3.2;1.4;0.0
94;2021-02-22;480;1283;0;45751;20711;0;3.3;1.5;0.0
94;2021-02-23;641;1435;0;46392;22146;0;3.3;1.6;0.0
94;2021-02-24;654;1058;0;47046;23204;0;3.3;1.7;0.0
94;2021-02-25;1151;1642;0;48197;24846;0;3.4;1.8;0.0
94;2021-02-26;1312;1212;0;49509;26058;0;3.5;1.9;0.0
94;2021-02-27;594;594;0;50103;26652;0;3.6;1.9;0.0
94;2021-02-28;87;82;0;50190;26734;0;3.6;1.9;0.0
94;2021-03-01;948;998;0;51138;27732;0;3.6;2.0;0.0
94;2021-03-02;1601;1127;0;52739;28859;0;3.8;2.1;0.0
94;2021-03-03;2011;1125;0;54750;29984;0;3.9;2.1;0.0
94;2021-03-04;3024;1265;0;57774;31249;0;4.1;2.2;0.0
94;2021-03-05;4119;1429;0;61893;32678;0;4.4;2.3;0.0
94;2021-03-06;5149;639;0;67042;33317;0;4.8;2.4;0.0
94;2021-03-07;3928;526;0;70970;33843;0;5.0;2.4;0.0
94;2021-03-08;1856;890;0;72826;34733;0;5.2;2.5;0.0
94;2021-03-09;2719;1069;0;75545;35802;0;5.4;2.5;0.0
94;2021-03-10;3193;1123;0;78738;36925;0;5.6;2.6;0.0
94;2021-03-11;4127;1100;0;82865;38025;0;5.9;2.7;0.0
94;2021-03-12;4779;1003;0;87644;39028;0;6.2;2.8;0.0
94;2021-03-13;4444;455;0;92088;39483;0;6.5;2.8;0.0
94;2021-03-14;2155;151;0;94243;39634;0;6.7;2.8;0.0
94;2021-03-15;3309;734;0;97552;40368;0;6.9;2.9;0.0
94;2021-03-16;2806;500;0;100358;40868;0;7.1;2.9;0.0
94;2021-03-17;2897;446;0;103255;41314;0;7.3;2.9;0.0
94;2021-03-18;3395;463;0;106650;41777;0;7.6;3.0;0.0
94;2021-03-19;4442;645;0;111092;42422;0;7.9;3.0;0.0
94;2021-03-20;3695;315;0;114787;42737;0;8.2;3.0;0.0
94;2021-03-21;1165;291;0;115952;43028;0;8.2;3.1;0.0
94;2021-03-22;3423;644;0;119375;43672;0;8.5;3.1;0.0
94;2021-03-23;4743;744;0;124118;44416;0;8.8;3.2;0.0
94;2021-03-24;4921;673;0;129039;45089;0;9.2;3.2;0.0
94;2021-03-25;6581;779;0;135620;45868;0;9.6;3.3;0.0
94;2021-03-26;6332;809;0;141952;46677;0;10.1;3.3;0.0
94;2021-03-27;4512;314;0;146464;46991;0;10.4;3.3;0.0
94;2021-03-28;1499;94;0;147963;47085;0;10.5;3.3;0.0
94;2021-03-29;4101;1144;0;152064;48229;0;10.8;3.4;0.0
94;2021-03-30;5220;1410;0;157284;49639;0;11.2;3.5;0.0
94;2021-03-31;4768;1742;0;162052;51381;0;11.5;3.7;0.0
94;2021-04-01;5719;2354;0;167771;53735;0;11.9;3.8;0.0
94;2021-04-02;5244;2483;0;173015;56218;0;12.3;4.0;0.0
94;2021-04-03;2930;2437;0;175945;58655;0;12.5;4.2;0.0
94;2021-04-04;989;703;0;176934;59358;0;12.6;4.2;0.0
94;2021-04-05;765;189;0;177699;59547;0;12.6;4.2;0.0
94;2021-04-06;3572;2364;0;181271;61911;0;12.9;4.4;0.0
94;2021-04-07;3977;2225;0;185248;64136;0;13.2;4.6;0.0
94;2021-04-08;5006;2156;0;190254;66292;0;13.5;4.7;0.0
94;2021-04-09;5934;2592;0;196188;68884;0;14.0;4.9;0.0
94;2021-04-10;3242;3129;0;199430;72013;0;14.2;5.1;0.0
94;2021-04-11;1011;1593;0;200441;73606;0;14.3;5.2;0.0
94;2021-04-12;3547;2384;0;203988;75990;0;14.5;5.4;0.0
94;2021-04-13;4363;3302;0;208351;79292;0;14.8;5.6;0.0
94;2021-04-14;3801;2838;0;212152;82130;0;15.1;5.8;0.0
94;2021-04-15;4577;3233;0;216729;85363;0;15.4;6.1;0.0
94;2021-04-16;4836;3033;0;221565;88396;0;15.8;6.3;0.0
94;2021-04-17;2772;2590;0;224337;90986;0;16.0;6.5;0.0
94;2021-04-18;941;892;0;225278;91878;0;16.0;6.5;0.0
94;2021-04-19;3066;2618;0;228344;94496;0;16.2;6.7;0.0
94;2021-04-20;3320;3018;0;231664;97514;0;16.5;6.9;0.0
94;2021-04-21;3293;3323;0;234957;100837;0;16.7;7.2;0.0
94;2021-04-22;3907;3780;0;238864;104617;0;17.0;7.4;0.0
94;2021-04-23;4273;3909;0;243137;108526;0;17.3;7.7;0.0
94;2021-04-24;4320;3225;0;247457;111751;0;17.6;7.9;0.0
94;2021-04-25;2233;1100;0;249690;112851;0;17.8;8.0;0.0
94;2021-04-26;3928;3178;0;253618;116029;0;18.0;8.3;0.0
94;2021-04-27;5133;3481;0;258751;119510;0;18.4;8.5;0.0
94;2021-04-28;5164;3739;0;263915;123249;0;18.8;8.8;0.0
94;2021-04-29;6243;3870;0;270158;127119;0;19.2;9.0;0.0
94;2021-04-30;6413;3948;0;276571;131067;0;19.7;9.3;0.0
94;2021-05-01;3994;895;0;280565;131962;0;20.0;9.4;0.0
94;2021-05-02;2267;1137;0;282832;133099;0;20.1;9.5;0.0
94;2021-05-03;5757;5113;0;288589;138212;0;20.5;9.8;0.0
94;2021-05-04;6107;3777;0;294696;141989;0;21.0;10.1;0.0
94;2021-05-05;6188;3631;0;300884;145620;0;21.4;10.4;0.0
94;2021-05-06;6984;3938;0;307868;149558;0;21.9;10.6;0.0
94;2021-05-07;6501;4441;0;314369;153999;0;22.4;11.0;0.0
94;2021-05-08;5297;2447;0;319666;156446;0;22.7;11.1;0.0
94;2021-05-09;3843;1818;0;323509;158264;0;23.0;11.3;0.0
94;2021-05-10;7125;3308;0;330634;161572;0;23.5;11.5;0.0
94;2021-05-11;8446;4068;0;339080;165640;0;24.1;11.8;0.0
94;2021-05-12;9175;3794;0;348255;169434;0;24.8;12.1;0.0
94;2021-05-13;7978;1323;0;356233;170757;0;25.3;12.1;0.0
94;2021-05-14;9478;3230;0;365711;173987;0;26.0;12.4;0.0
94;2021-05-15;8316;2170;0;374027;176157;0;26.6;12.5;0.0
94;2021-05-16;3942;773;0;377969;176930;0;26.9;12.6;0.0
94;2021-05-17;9424;2234;0;387393;179164;0;27.6;12.7;0.0
94;2021-05-18;9881;2410;0;397274;181574;0;28.3;12.9;0.0
94;2021-05-19;9822;3467;0;407096;185041;0;29.0;13.2;0.0
94;2021-05-20;10358;3848;0;417454;188889;0;29.7;13.4;0.0
94;2021-05-21;10160;3022;0;427614;191911;0;30.4;13.6;0.0
94;2021-05-22;8788;1874;0;436402;193785;0;31.0;13.8;0.0
94;2021-05-23;4026;611;0;440428;194396;0;31.3;13.8;0.0
94;2021-05-24;7383;1107;0;447811;195503;0;31.8;13.9;0.0
94;2021-05-25;8256;3920;0;456067;199423;0;32.4;14.2;0.0
94;2021-05-26;8359;3336;0;464426;202759;0;33.0;14.4;0.0
94;2021-05-27;8652;4540;0;473078;207299;0;33.6;14.7;0.0
94;2021-05-28;8668;5004;0;481746;212303;0;34.3;15.1;0.0
94;2021-05-29;7858;3358;0;489604;215661;0;34.8;15.3;0.0
94;2021-05-30;3524;806;0;493128;216467;0;35.1;15.4;0.0
94;2021-05-31;8367;4133;0;501495;220600;0;35.7;15.7;0.0
94;2021-06-01;8987;5122;0;510482;225722;0;36.3;16.1;0.0
94;2021-06-02;8331;4715;0;518813;230437;0;36.9;16.4;0.0
94;2021-06-03;8771;5799;0;527584;236236;0;37.5;16.8;0.0
94;2021-06-04;9094;6599;0;536678;242835;0;38.2;17.3;0.0
94;2021-06-05;7065;5980;0;543743;248815;0;38.7;17.7;0.0
94;2021-06-06;3058;1713;0;546801;250528;0;38.9;17.8;0.0
94;2021-06-07;7326;5815;0;554127;256343;0;39.4;18.2;0.0
94;2021-06-08;7660;6338;0;561787;262681;0;40.0;18.7;0.0
94;2021-06-09;7455;6952;0;569242;269633;0;40.5;19.2;0.0
94;2021-06-10;7660;9771;0;576902;279404;0;41.0;19.9;0.0
94;2021-06-11;7091;7901;0;583993;287305;0;41.5;20.4;0.0
94;2021-06-12;8225;6350;0;592218;293655;0;42.1;20.9;0.0
94;2021-06-13;2734;2652;0;594952;296307;0;42.3;21.1;0.0
94;2021-06-14;5881;7901;0;600833;304208;0;42.7;21.6;0.0
94;2021-06-15;6677;8543;0;607510;312751;0;43.2;22.2;0.0
94;2021-06-16;6266;8028;0;613776;320779;0;43.7;22.8;0.0
94;2021-06-17;5901;8362;0;619677;329141;0;44.1;23.4;0.0
94;2021-06-18;5815;10721;0;625492;339862;0;44.5;24.2;0.0
94;2021-06-19;5162;8553;0;630654;348415;0;44.9;24.8;0.0
94;2021-06-20;1597;3493;0;632251;351908;0;45.0;25.0;0.0
94;2021-06-21;4420;9917;0;636671;361825;0;45.3;25.7;0.0
94;2021-06-22;4508;10095;0;641179;371920;0;45.6;26.5;0.0
94;2021-06-23;4215;10315;0;645394;382235;0;45.9;27.2;0.0
94;2021-06-24;4605;9608;0;649999;391843;0;46.2;27.9;0.0
94;2021-06-25;4178;12646;0;654177;404489;0;46.5;28.8;0.0
94;2021-06-26;3322;10678;0;657499;415167;0;46.8;29.5;0.0
94;2021-06-27;1075;4025;0;658574;419192;0;46.8;29.8;0.0
94;2021-06-28;3335;10396;0;661909;429588;0;47.1;30.6;0.0
94;2021-06-29;3810;11138;0;665719;440726;0;47.3;31.3;0.0
94;2021-06-30;4024;10329;0;669743;451055;0;47.6;32.1;0.0
94;2021-07-01;4670;10180;0;674413;461235;0;48.0;32.8;0.0
94;2021-07-02;4530;10990;0;678943;472225;0;48.3;33.6;0.0
94;2021-07-03;3522;10477;0;682465;482702;0;48.5;34.3;0.0
94;2021-07-04;1429;4103;0;683894;486805;0;48.6;34.6;0.0
94;2021-07-05;3807;9740;0;687701;496545;0;48.9;35.3;0.0
94;2021-07-06;4120;9765;0;691821;506310;0;49.2;36.0;0.0
94;2021-07-07;4308;10017;0;696129;516327;0;49.5;36.7;0.0
94;2021-07-08;4637;9434;0;700766;525761;0;49.8;37.4;0.0
94;2021-07-09;4743;10845;0;705509;536606;0;50.2;38.2;0.0
94;2021-07-10;3837;9675;0;709346;546281;0;50.4;38.9;0.0
94;2021-07-11;1531;3745;0;710877;550026;0;50.6;39.1;0.0
94;2021-07-12;3676;10812;0;714553;560838;0;50.8;39.9;0.0
94;2021-07-13;6239;11625;0;720792;572463;0;51.3;40.7;0.0
94;2021-07-14;4519;5168;0;725311;577631;0;51.6;41.1;0.0
94;2021-07-15;7208;11921;0;732519;589552;0;52.1;41.9;0.0
94;2021-07-16;7773;11142;0;740292;600694;0;52.7;42.7;0.0
94;2021-07-17;5967;10135;0;746259;610829;0;53.1;43.4;0.0
94;2021-07-18;2807;3379;0;749066;614208;0;53.3;43.7;0.0
94;2021-07-19;6532;9817;0;755598;624025;0;53.7;44.4;0.0
94;2021-07-20;8114;9882;0;763712;633907;0;54.3;45.1;0.0
94;2021-07-21;8724;9289;0;772436;643196;0;54.9;45.7;0.0
94;2021-07-22;9528;9063;1;781964;652259;1;55.6;46.4;0.0
94;2021-07-23;9072;9450;0;791036;661709;1;56.3;47.1;0.0
94;2021-07-24;7025;8206;0;798061;669915;1;56.8;47.6;0.0
94;2021-07-25;2491;2655;0;800552;672570;1;56.9;47.8;0.0
94;2021-07-26;7414;7968;0;807966;680538;1;57.5;48.4;0.0
94;2021-07-27;8541;7266;0;816507;687804;1;58.1;48.9;0.0
94;2021-07-28;8675;6790;0;825182;694594;1;58.7;49.4;0.0
94;2021-07-29;8703;6604;0;833885;701198;1;59.3;49.9;0.0
94;2021-07-30;7778;6775;0;841663;707973;1;59.9;50.4;0.0
94;2021-07-31;6357;5919;0;848020;713892;1;60.3;50.8;0.0
94;2021-08-01;2645;1710;0;850665;715602;1;60.5;50.9;0.0
94;2021-08-02;6336;5558;0;857001;721160;1;61.0;51.3;0.0
94;2021-08-03;6092;5523;0;863093;726683;1;61.4;51.7;0.0
94;2021-08-04;5818;5264;0;868911;731947;1;61.8;52.1;0.0
94;2021-08-05;5710;5683;0;874621;737630;1;62.2;52.5;0.0
94;2021-08-06;5315;5752;0;879936;743382;1;62.6;52.9;0.0
94;2021-08-07;4029;4477;0;883965;747859;1;62.9;53.2;0.0
94;2021-08-08;1285;1705;0;885250;749564;1;63.0;53.3;0.0
94;2021-08-09;4512;6269;0;889762;755833;1;63.3;53.8;0.0
94;2021-08-10;4892;6092;0;894654;761925;1;63.6;54.2;0.0
94;2021-08-11;3905;5740;0;898559;767665;1;63.9;54.6;0.0
94;2021-08-12;3994;6249;0;902553;773914;1;64.2;55.0;0.0
94;2021-08-13;3373;5542;0;905926;779456;1;64.4;55.4;0.0
94;2021-08-14;2585;4870;0;908511;784326;1;64.6;55.8;0.0
94;2021-08-15;558;917;0;909069;785243;1;64.7;55.8;0.0
94;2021-08-16;3190;6957;0;912259;792200;1;64.9;56.3;0.0
94;2021-08-17;3132;6910;0;915391;799110;1;65.1;56.8;0.0
94;2021-08-18;2950;6422;0;918341;805532;1;65.3;57.3;0.0
94;2021-08-19;2935;6429;0;921276;811961;1;65.5;57.7;0.0
94;2021-08-20;2788;6567;0;924064;818528;1;65.7;58.2;0.0
94;2021-08-21;2182;5556;0;926246;824084;1;65.9;58.6;0.0
94;2021-08-22;715;2356;0;926961;826440;1;65.9;58.8;0.0
94;2021-08-23;2560;7075;0;929521;833515;1;66.1;59.3;0.0
94;2021-08-24;2833;6981;0;932354;840496;1;66.3;59.8;0.0
94;2021-08-25;2471;6104;0;934825;846600;1;66.5;60.2;0.0
94;2021-08-26;2345;5942;0;937170;852542;1;66.7;60.6;0.0
94;2021-08-27;2398;6283;0;939568;858825;1;66.8;61.1;0.0
94;2021-08-28;2106;5723;0;941674;864548;1;67.0;61.5;0.0
94;2021-08-29;700;1902;0;942374;866450;1;67.0;61.6;0.0
94;2021-08-30;2437;6607;168;944811;873057;169;67.2;62.1;0.0
94;2021-08-31;2391;6452;259;947202;879509;428;67.4;62.6;0.0
94;2021-09-01;2484;4878;553;949686;884387;981;67.5;62.9;0.1
94;2021-09-02;1960;4120;595;951646;888507;1576;67.7;63.2;0.1
94;2021-09-03;1950;4606;623;953596;893113;2199;67.8;63.5;0.2
94;2021-09-04;2127;4535;283;955723;897648;2482;68.0;63.8;0.2
94;2021-09-05;619;1034;155;956342;898682;2637;68.0;63.9;0.2
94;2021-09-06;1437;3003;660;957779;901685;3297;68.1;64.1;0.2
94;2021-09-07;1264;2806;599;959043;904491;3896;68.2;64.3;0.3
94;2021-09-08;1458;2876;495;960501;907367;4391;68.3;64.5;0.3
94;2021-09-09;1169;2423;638;961670;909790;5029;68.4;64.7;0.4
94;2021-09-10;1589;3017;742;963259;912807;5771;68.5;64.9;0.4
94;2021-09-11;1570;3692;258;964829;916499;6029;68.6;65.2;0.4
94;2021-09-12;383;926;90;965212;917425;6119;68.6;65.2;0.4
94;2021-09-13;1195;2096;676;966407;919521;6795;68.7;65.4;0.5
94;2021-09-14;1256;2071;1030;967663;921592;7825;68.8;65.5;0.6
94;2021-09-15;1313;2720;929;968976;924312;8754;68.9;65.7;0.6
94;2021-09-16;995;1782;1101;969971;926094;9855;69.0;65.9;0.7
94;2021-09-17;1186;2295;885;971157;928389;10740;69.1;66.0;0.8
94;2021-09-18;1072;3187;330;972229;931576;11070;69.1;66.3;0.8
94;2021-09-19;265;748;164;972494;932324;11234;69.2;66.3;0.8
94;2021-09-20;811;1646;768;973305;933970;12002;69.2;66.4;0.9
94;2021-09-21;901;1623;954;974206;935593;12956;69.3;66.5;0.9
94;2021-09-22;915;2199;699;975121;937792;13655;69.4;66.7;1.0
94;2021-09-23;766;1454;847;975887;939246;14502;69.4;66.8;1.0
94;2021-09-24;978;1899;821;976865;941145;15323;69.5;66.9;1.1
94;2021-09-25;927;2801;369;977792;943946;15692;69.5;67.1;1.1
94;2021-09-26;231;619;92;978023;944565;15784;69.6;67.2;1.1
94;2021-09-27;636;1368;758;978659;945933;16542;69.6;67.3;1.2
94;2021-09-28;686;1275;872;979345;947208;17414;69.7;67.4;1.2
94;2021-09-29;806;1560;688;980151;948768;18102;69.7;67.5;1.3
94;2021-09-30;949;1139;1010;981100;949907;19112;69.8;67.6;1.4
94;2021-10-01;1299;1604;976;982399;951511;20088;69.9;67.7;1.4
94;2021-10-02;1023;2003;446;983422;953514;20534;69.9;67.8;1.5
94;2021-10-03;217;431;101;983639;953945;20635;70.0;67.8;1.5
94;2021-10-04;652;1034;978;984291;954979;21613;70.0;67.9;1.5
94;2021-10-05;660;1067;933;984951;956046;22546;70.1;68.0;1.6
94;2021-10-06;685;1222;1003;985636;957268;23549;70.1;68.1;1.7
94;2021-10-07;615;993;1280;986251;958261;24829;70.1;68.2;1.8
94;2021-10-08;950;1445;1344;987201;959706;26173;70.2;68.3;1.9
94;2021-10-09;824;1497;634;988025;961203;26807;70.3;68.4;1.9
94;2021-10-10;186;360;241;988211;961563;27048;70.3;68.4;1.9
94;2021-10-11;579;941;1183;988790;962504;28231;70.3;68.5;2.0
94;2021-10-12;632;1088;1344;989422;963592;29575;70.4;68.5;2.1
94;2021-10-13;735;1069;1179;990157;964661;30754;70.4;68.6;2.2
94;2021-10-14;636;1021;1525;990793;965682;32279;70.5;68.7;2.3
94;2021-10-15;866;1276;1616;991659;966958;33895;70.5;68.8;2.4
94;2021-10-16;810;1249;882;992469;968207;34777;70.6;68.9;2.5
94;2021-10-17;172;284;186;992641;968491;34963;70.6;68.9;2.5
94;2021-10-18;483;804;1530;993124;969295;36493;70.6;68.9;2.6
94;2021-10-19;340;710;1524;993464;970005;38017;70.7;69.0;2.7
94;2021-10-20;396;819;1659;993860;970824;39676;70.7;69.0;2.8
94;2021-10-21;340;787;1846;994200;971611;41522;70.7;69.1;3.0
94;2021-10-22;424;1106;1993;994624;972717;43515;70.7;69.2;3.1
94;2021-10-23;460;1001;1240;995084;973718;44755;70.8;69.3;3.2
94;2021-10-24;95;185;294;995179;973903;45049;70.8;69.3;3.2
94;2021-10-25;311;550;1606;995490;974453;46655;70.8;69.3;3.3
94;2021-10-26;304;553;1804;995794;975006;48459;70.8;69.3;3.4
94;2021-10-27;306;625;1594;996100;975631;50053;70.8;69.4;3.6
94;2021-10-28;310;584;1935;996410;976215;51988;70.9;69.4;3.7
94;2021-10-29;315;683;1886;996725;976898;53874;70.9;69.5;3.8
94;2021-10-30;301;648;1158;997026;977546;55032;70.9;69.5;3.9
94;2021-10-31;65;151;255;997091;977697;55287;70.9;69.5;3.9
94;2021-11-01;65;85;60;997156;977782;55347;70.9;69.5;3.9
94;2021-11-02;295;678;1828;997451;978460;57175;70.9;69.6;4.1
94;2021-11-03;287;589;1764;997738;979049;58939;71.0;69.6;4.2
94;2021-11-04;293;579;2205;998031;979628;61144;71.0;69.7;4.3
94;2021-11-05;293;594;2181;998324;980222;63325;71.0;69.7;4.5
94;2021-11-06;309;657;1423;998633;980879;64748;71.0;69.8;4.6
94;2021-11-07;73;152;450;998706;981031;65198;71.0;69.8;4.6
94;2021-11-08;183;495;2056;998889;981526;67254;71.0;69.8;4.8
94;2021-11-09;247;589;2900;999136;982115;70154;71.1;69.8;5.0
94;2021-11-10;339;606;2998;999475;982721;73152;71.1;69.9;5.2
94;2021-11-11;25;89;211;999500;982810;73363;71.1;69.9;5.2
94;2021-11-12;325;628;3322;999825;983438;76685;71.1;69.9;5.5
94;2021-11-13;324;557;1929;1000149;983995;78614;71.1;70.0;5.6
94;2021-11-14;59;125;380;1000208;984120;78994;71.1;70.0;5.6
94;2021-11-15;180;344;2625;1000388;984464;81619;71.1;70.0;5.8
94;2021-11-16;247;388;3385;1000635;984852;85004;71.2;70.0;6.0
94;2021-11-17;327;497;2913;1000962;985349;87917;71.2;70.1;6.3
94;2021-11-18;291;397;3434;1001253;985746;91351;71.2;70.1;6.5
94;2021-11-19;345;486;3802;1001598;986232;95153;71.2;70.1;6.8
94;2021-11-20;420;557;2262;1002018;986789;97415;71.3;70.2;6.9
94;2021-11-21;69;80;427;1002087;986869;97842;71.3;70.2;7.0
94;2021-11-22;206;318;2847;1002293;987187;100689;71.3;70.2;7.2
94;2021-11-23;245;323;3539;1002538;987510;104228;71.3;70.2;7.4
94;2021-11-24;349;423;3472;1002887;987933;107700;71.3;70.3;7.7
94;2021-11-25;284;356;4688;1003171;988289;112388;71.3;70.3;8.0
94;2021-11-26;347;442;6693;1003518;988731;119081;71.4;70.3;8.5
94;2021-11-27;319;425;5478;1003837;989156;124559;71.4;70.4;8.9
94;2021-11-28;64;86;1927;1003901;989242;126486;71.4;70.4;9.0
94;2021-11-29;151;274;6007;1004052;989516;132493;71.4;70.4;9.4
94;2021-11-30;245;367;9231;1004297;989883;141724;71.4;70.4;10.1
94;2021-12-01;251;432;9413;1004548;990315;151137;71.4;70.4;10.7
94;2021-12-02;217;261;10233;1004765;990576;161370;71.5;70.5;11.5
94;2021-12-03;225;417;11019;1004990;990993;172389;71.5;70.5;12.3
94;2021-12-04;212;417;8574;1005202;991410;180963;71.5;70.5;12.9
94;2021-12-05;69;103;2864;1005271;991513;183827;71.5;70.5;13.1
94;2021-12-06;172;336;9794;1005443;991849;193621;71.5;70.5;13.8
94;2021-12-07;244;390;12799;1005687;992239;206420;71.5;70.6;14.7
94;2021-12-08;241;395;11601;1005928;992634;218021;71.5;70.6;15.5
94;2021-12-09;256;372;12820;1006184;993006;230841;71.6;70.6;16.4
95;2020-12-27;8;0;0;8;0;0;0.0;0.0;0.0
95;2020-12-28;5;0;0;13;0;0;0.0;0.0;0.0
95;2020-12-29;2;0;0;15;0;0;0.0;0.0;0.0
95;2020-12-30;3;0;0;18;0;0;0.0;0.0;0.0
95;2020-12-31;5;0;0;23;0;0;0.0;0.0;0.0
95;2021-01-01;1;0;0;24;0;0;0.0;0.0;0.0
95;2021-01-02;14;0;0;38;0;0;0.0;0.0;0.0
95;2021-01-03;3;0;0;41;0;0;0.0;0.0;0.0
95;2021-01-04;62;0;0;103;0;0;0.0;0.0;0.0
95;2021-01-05;300;1;0;403;1;0;0.0;0.0;0.0
95;2021-01-06;207;1;0;610;2;0;0.0;0.0;0.0
95;2021-01-07;252;3;0;862;5;0;0.1;0.0;0.0
95;2021-01-08;433;3;0;1295;8;0;0.1;0.0;0.0
95;2021-01-09;279;0;0;1574;8;0;0.1;0.0;0.0
95;2021-01-10;334;2;0;1908;10;0;0.2;0.0;0.0
95;2021-01-11;577;13;0;2485;23;0;0.2;0.0;0.0
95;2021-01-12;846;6;0;3331;29;0;0.3;0.0;0.0
95;2021-01-13;862;16;0;4193;45;0;0.3;0.0;0.0
95;2021-01-14;890;15;0;5083;60;0;0.4;0.0;0.0
95;2021-01-15;870;16;0;5953;76;0;0.5;0.0;0.0
95;2021-01-16;303;4;0;6256;80;0;0.5;0.0;0.0
95;2021-01-17;138;1;0;6394;81;0;0.5;0.0;0.0
95;2021-01-18;1309;10;0;7703;91;0;0.6;0.0;0.0
95;2021-01-19;1542;15;0;9245;106;0;0.7;0.0;0.0
95;2021-01-20;1912;11;0;11157;117;0;0.9;0.0;0.0
95;2021-01-21;1857;10;0;13014;127;0;1.0;0.0;0.0
95;2021-01-22;1496;13;0;14510;140;0;1.2;0.0;0.0
95;2021-01-23;564;1;0;15074;141;0;1.2;0.0;0.0
95;2021-01-24;160;0;0;15234;141;0;1.2;0.0;0.0
95;2021-01-25;809;42;0;16043;183;0;1.3;0.0;0.0
95;2021-01-26;1017;153;0;17060;336;0;1.4;0.0;0.0
95;2021-01-27;1276;141;0;18336;477;0;1.5;0.0;0.0
95;2021-01-28;1574;65;0;19910;542;0;1.6;0.0;0.0
95;2021-01-29;1192;193;0;21102;735;0;1.7;0.1;0.0
95;2021-01-30;450;5;0;21552;740;0;1.7;0.1;0.0
95;2021-01-31;170;2;0;21722;742;0;1.7;0.1;0.0
95;2021-02-01;488;253;0;22210;995;0;1.8;0.1;0.0
95;2021-02-02;552;253;0;22762;1248;0;1.8;0.1;0.0
95;2021-02-03;598;460;0;23360;1708;0;1.9;0.1;0.0
95;2021-02-04;949;408;0;24309;2116;0;1.9;0.2;0.0
95;2021-02-05;656;370;0;24965;2486;0;2.0;0.2;0.0
95;2021-02-06;352;232;0;25317;2718;0;2.0;0.2;0.0
95;2021-02-07;126;311;0;25443;3029;0;2.0;0.2;0.0
95;2021-02-08;694;426;0;26137;3455;0;2.1;0.3;0.0
95;2021-02-09;1002;1039;0;27139;4494;0;2.2;0.4;0.0
95;2021-02-10;1143;1373;0;28282;5867;0;2.3;0.5;0.0
95;2021-02-11;1294;1269;0;29576;7136;0;2.4;0.6;0.0
95;2021-02-12;1006;1062;0;30582;8198;0;2.4;0.7;0.0
95;2021-02-13;331;328;0;30913;8526;0;2.5;0.7;0.0
95;2021-02-14;41;102;0;30954;8628;0;2.5;0.7;0.0
95;2021-02-15;362;1062;0;31316;9690;0;2.5;0.8;0.0
95;2021-02-16;501;1055;0;31817;10745;0;2.5;0.9;0.0
95;2021-02-17;591;1142;0;32408;11887;0;2.6;1.0;0.0
95;2021-02-18;727;1660;0;33135;13547;0;2.7;1.1;0.0
95;2021-02-19;770;1329;0;33905;14876;0;2.7;1.2;0.0
95;2021-02-20;286;496;0;34191;15372;0;2.7;1.2;0.0
95;2021-02-21;116;239;0;34307;15611;0;2.7;1.3;0.0
95;2021-02-22;312;944;0;34619;16555;0;2.8;1.3;0.0
95;2021-02-23;354;789;0;34973;17344;0;2.8;1.4;0.0
95;2021-02-24;358;886;0;35331;18230;0;2.8;1.5;0.0
95;2021-02-25;724;1151;0;36055;19381;0;2.9;1.6;0.0
95;2021-02-26;1080;886;0;37135;20267;0;3.0;1.6;0.0
95;2021-02-27;384;411;0;37519;20678;0;3.0;1.7;0.0
95;2021-02-28;51;171;0;37570;20849;0;3.0;1.7;0.0
95;2021-03-01;779;542;0;38349;21391;0;3.1;1.7;0.0
95;2021-03-02;1333;841;0;39682;22232;0;3.2;1.8;0.0
95;2021-03-03;1570;914;0;41252;23146;0;3.3;1.9;0.0
95;2021-03-04;3063;1178;0;44315;24324;0;3.5;1.9;0.0
95;2021-03-05;3463;1062;0;47778;25386;0;3.8;2.0;0.0
95;2021-03-06;3739;489;0;51517;25875;0;4.1;2.1;0.0
95;2021-03-07;3658;328;0;55175;26203;0;4.4;2.1;0.0
95;2021-03-08;1440;805;0;56615;27008;0;4.5;2.2;0.0
95;2021-03-09;2525;538;0;59140;27546;0;4.7;2.2;0.0
95;2021-03-10;2501;857;0;61641;28403;0;4.9;2.3;0.0
95;2021-03-11;3208;1138;0;64849;29541;0;5.2;2.4;0.0
95;2021-03-12;3687;877;0;68536;30418;0;5.5;2.4;0.0
95;2021-03-13;3411;430;0;71947;30848;0;5.8;2.5;0.0
95;2021-03-14;1616;239;0;73563;31087;0;5.9;2.5;0.0
95;2021-03-15;2278;354;0;75841;31441;0;6.1;2.5;0.0
95;2021-03-16;1657;412;0;77498;31853;0;6.2;2.6;0.0
95;2021-03-17;2074;411;0;79572;32264;0;6.4;2.6;0.0
95;2021-03-18;2591;398;0;82163;32662;0;6.6;2.6;0.0
95;2021-03-19;3391;374;0;85554;33036;0;6.9;2.6;0.0
95;2021-03-20;2657;212;0;88211;33248;0;7.1;2.7;0.0
95;2021-03-21;948;210;0;89159;33458;0;7.1;2.7;0.0
95;2021-03-22;2819;326;0;91978;33784;0;7.4;2.7;0.0
95;2021-03-23;3525;460;0;95503;34244;0;7.7;2.7;0.0
95;2021-03-24;3619;491;0;99122;34735;0;7.9;2.8;0.0
95;2021-03-25;5560;648;0;104682;35383;0;8.4;2.8;0.0
95;2021-03-26;5421;672;0;110103;36055;0;8.8;2.9;0.0
95;2021-03-27;3327;220;0;113430;36275;0;9.1;2.9;0.0
95;2021-03-28;1051;71;0;114481;36346;0;9.2;2.9;0.0
95;2021-03-29;2807;584;0;117288;36930;0;9.4;3.0;0.0
95;2021-03-30;3919;1187;0;121207;38117;0;9.7;3.1;0.0
95;2021-03-31;3803;1574;0;125010;39691;0;10.0;3.2;0.0
95;2021-04-01;4903;2200;0;129913;41891;0;10.4;3.4;0.0
95;2021-04-02;3636;2586;0;133549;44477;0;10.7;3.6;0.0
95;2021-04-03;2103;2268;0;135652;46745;0;10.9;3.7;0.0
95;2021-04-04;884;950;0;136536;47695;0;10.9;3.8;0.0
95;2021-04-05;659;88;0;137195;47783;0;11.0;3.8;0.0
95;2021-04-06;2309;1465;0;139504;49248;0;11.2;3.9;0.0
95;2021-04-07;4446;1982;0;143950;51230;0;11.5;4.1;0.0
95;2021-04-08;4965;2271;0;148915;53501;0;11.9;4.3;0.0
95;2021-04-09;5756;2191;0;154671;55692;0;12.4;4.5;0.0
95;2021-04-10;3697;1410;0;158368;57102;0;12.7;4.6;0.0
95;2021-04-11;1137;800;0;159505;57902;0;12.8;4.6;0.0
95;2021-04-12;3080;1610;0;162585;59512;0;13.0;4.8;0.0
95;2021-04-13;3363;1863;0;165948;61375;0;13.3;4.9;0.0
95;2021-04-14;3173;2008;0;169121;63383;0;13.5;5.1;0.0
95;2021-04-15;4135;2948;0;173256;66331;0;13.9;5.3;0.0
95;2021-04-16;4331;2823;0;177587;69154;0;14.2;5.5;0.0
95;2021-04-17;2486;1783;0;180073;70937;0;14.4;5.7;0.0
95;2021-04-18;1056;745;0;181129;71682;0;14.5;5.7;0.0
95;2021-04-19;2541;2192;0;183670;73874;0;14.7;5.9;0.0
95;2021-04-20;2509;2394;0;186179;76268;0;14.9;6.1;0.0
95;2021-04-21;3966;2523;0;190145;78791;0;15.2;6.3;0.0
95;2021-04-22;3548;4070;0;193693;82861;0;15.5;6.6;0.0
95;2021-04-23;3270;3382;0;196963;86243;0;15.8;6.9;0.0
95;2021-04-24;3618;2370;0;200581;88613;0;16.1;7.1;0.0
95;2021-04-25;1858;1034;0;202439;89647;0;16.2;7.2;0.0
95;2021-04-26;3036;2489;0;205475;92136;0;16.5;7.4;0.0
95;2021-04-27;4175;2334;0;209650;94470;0;16.8;7.6;0.0
95;2021-04-28;4213;2823;0;213863;97293;0;17.1;7.8;0.0
95;2021-04-29;6084;4109;0;219947;101402;0;17.6;8.1;0.0
95;2021-04-30;6629;3066;0;226576;104468;0;18.1;8.4;0.0
95;2021-05-01;2462;894;0;229038;105362;0;18.3;8.4;0.0
95;2021-05-02;1938;947;0;230976;106309;0;18.5;8.5;0.0
95;2021-05-03;4877;2708;0;235853;109017;0;18.9;8.7;0.0
95;2021-05-04;5959;2988;0;241812;112005;0;19.4;9.0;0.0
95;2021-05-05;5196;3755;0;247008;115760;0;19.8;9.3;0.0
95;2021-05-06;7198;4534;0;254206;120294;0;20.4;9.6;0.0
95;2021-05-07;5609;4664;0;259815;124958;0;20.8;10.0;0.0
95;2021-05-08;4993;1725;0;264808;126683;0;21.2;10.1;0.0
95;2021-05-09;2576;1416;0;267384;128099;0;21.4;10.3;0.0
95;2021-05-10;8002;3048;0;275386;131147;0;22.1;10.5;0.0
95;2021-05-11;7459;3560;0;282845;134707;0;22.7;10.8;0.0
95;2021-05-12;8275;3250;0;291120;137957;0;23.3;11.1;0.0
95;2021-05-13;6398;1154;0;297518;139111;0;23.8;11.1;0.0
95;2021-05-14;6624;2060;0;304142;141171;0;24.4;11.3;0.0
95;2021-05-15;4653;1243;0;308795;142414;0;24.7;11.4;0.0
95;2021-05-16;3896;743;0;312691;143157;0;25.0;11.5;0.0
95;2021-05-17;6257;1383;0;318948;144540;0;25.5;11.6;0.0
95;2021-05-18;8070;1781;0;327018;146321;0;26.2;11.7;0.0
95;2021-05-19;8306;2661;0;335324;148982;0;26.9;11.9;0.0
95;2021-05-20;10177;2477;0;345501;151459;0;27.7;12.1;0.0
95;2021-05-21;9038;2517;0;354539;153976;0;28.4;12.3;0.0
95;2021-05-22;7833;1513;0;362372;155489;0;29.0;12.5;0.0
95;2021-05-23;3563;868;0;365935;156357;0;29.3;12.5;0.0
95;2021-05-24;2981;604;0;368916;156961;0;29.6;12.6;0.0
95;2021-05-25;6722;2340;0;375638;159301;0;30.1;12.8;0.0
95;2021-05-26;7787;3054;0;383425;162355;0;30.7;13.0;0.0
95;2021-05-27;8828;4363;0;392253;166718;0;31.4;13.4;0.0
95;2021-05-28;6962;4529;0;399215;171247;0;32.0;13.7;0.0
95;2021-05-29;4941;2897;0;404156;174144;0;32.4;13.9;0.0
95;2021-05-30;2945;1296;0;407101;175440;0;32.6;14.1;0.0
95;2021-05-31;5231;3367;0;412332;178807;0;33.0;14.3;0.0
95;2021-06-01;7394;4114;0;419726;182921;0;33.6;14.7;0.0
95;2021-06-02;7366;4477;0;427092;187398;0;34.2;15.0;0.0
95;2021-06-03;7271;6028;0;434363;193426;0;34.8;15.5;0.0
95;2021-06-04;7642;4760;0;442005;198186;0;35.4;15.9;0.0
95;2021-06-05;6571;3897;0;448576;202083;0;35.9;16.2;0.0
95;2021-06-06;3241;1413;0;451817;203496;0;36.2;16.3;0.0
95;2021-06-07;5098;4638;0;456915;208134;0;36.6;16.7;0.0
95;2021-06-08;5879;5522;0;462794;213656;0;37.1;17.1;0.0
95;2021-06-09;5824;6269;0;468618;219925;0;37.5;17.6;0.0
95;2021-06-10;5986;7250;0;474604;227175;0;38.0;18.2;0.0
95;2021-06-11;6124;6429;0;480728;233604;0;38.5;18.7;0.0
95;2021-06-12;5197;4199;0;485925;237803;0;38.9;19.0;0.0
95;2021-06-13;1823;2763;0;487748;240566;0;39.1;19.3;0.0
95;2021-06-14;4007;5852;0;491755;246418;0;39.4;19.7;0.0
95;2021-06-15;4228;7679;0;495983;254097;0;39.7;20.4;0.0
95;2021-06-16;4982;7255;0;500965;261352;0;40.1;20.9;0.0
95;2021-06-17;5710;7700;0;506675;269052;0;40.6;21.6;0.0
95;2021-06-18;5147;7727;0;511822;276779;0;41.0;22.2;0.0
95;2021-06-19;4333;7758;0;516155;284537;0;41.3;22.8;0.0
95;2021-06-20;1239;2985;0;517394;287522;0;41.4;23.0;0.0
95;2021-06-21;2964;7069;0;520358;294591;0;41.7;23.6;0.0
95;2021-06-22;4208;8447;0;524566;303038;0;42.0;24.3;0.0
95;2021-06-23;4139;9902;0;528705;312940;0;42.4;25.1;0.0
95;2021-06-24;4273;9445;0;532978;322385;0;42.7;25.8;0.0
95;2021-06-25;4299;9684;0;537277;332069;0;43.0;26.6;0.0
95;2021-06-26;3630;7834;0;540907;339903;0;43.3;27.2;0.0
95;2021-06-27;837;3435;0;541744;343338;0;43.4;27.5;0.0
95;2021-06-28;2404;8105;0;544148;351443;0;43.6;28.2;0.0
95;2021-06-29;2468;8126;0;546616;359569;0;43.8;28.8;0.0
95;2021-06-30;3655;9397;0;550271;368966;0;44.1;29.6;0.0
95;2021-07-01;4293;9990;0;554564;378956;0;44.4;30.4;0.0
95;2021-07-02;4210;9661;0;558774;388617;0;44.8;31.1;0.0
95;2021-07-03;3304;8292;0;562078;396909;0;45.0;31.8;0.0
95;2021-07-04;1045;3067;0;563123;399976;0;45.1;32.0;0.0
95;2021-07-05;2689;4946;0;565812;404922;0;45.3;32.4;0.0
95;2021-07-06;2938;7577;0;568750;412499;0;45.6;33.0;0.0
95;2021-07-07;3988;9018;0;572738;421517;0;45.9;33.8;0.0
95;2021-07-08;4807;9214;0;577545;430731;0;46.3;34.5;0.0
95;2021-07-09;4708;9652;0;582253;440383;0;46.6;35.3;0.0
95;2021-07-10;3460;7002;0;585713;447385;0;46.9;35.8;0.0
95;2021-07-11;1302;2949;0;587015;450334;0;47.0;36.1;0.0
95;2021-07-12;3238;8637;0;590253;458971;0;47.3;36.8;0.0
95;2021-07-13;6031;9778;0;596284;468749;0;47.8;37.5;0.0
95;2021-07-14;4990;5348;0;601274;474097;0;48.2;38.0;0.0
95;2021-07-15;7669;11321;0;608943;485418;0;48.8;38.9;0.0
95;2021-07-16;8562;11133;0;617505;496551;0;49.5;39.8;0.0
95;2021-07-17;5535;7465;0;623040;504016;0;49.9;40.4;0.0
95;2021-07-18;3309;2593;0;626349;506609;0;50.2;40.6;0.0
95;2021-07-19;5444;6557;0;631793;513166;0;50.6;41.1;0.0
95;2021-07-20;7049;8098;0;638842;521264;0;51.2;41.8;0.0
95;2021-07-21;9208;8879;0;648050;530143;0;51.9;42.5;0.0
95;2021-07-22;10004;9187;0;658054;539330;0;52.7;43.2;0.0
95;2021-07-23;10516;9647;0;668570;548977;0;53.6;44.0;0.0
95;2021-07-24;5627;6222;0;674197;555199;0;54.0;44.5;0.0
95;2021-07-25;2595;2250;0;676792;557449;0;54.2;44.7;0.0
95;2021-07-26;5478;4754;0;682270;562203;0;54.7;45.0;0.0
95;2021-07-27;8614;6950;0;690884;569153;0;55.3;45.6;0.0
95;2021-07-28;9487;7283;0;700371;576436;0;56.1;46.2;0.0
95;2021-07-29;8537;5846;0;708908;582282;0;56.8;46.6;0.0
95;2021-07-30;8492;7157;0;717400;589439;0;57.5;47.2;0.0
95;2021-07-31;4513;3686;0;721913;593125;0;57.8;47.5;0.0
95;2021-08-01;2021;1318;0;723934;594443;0;58.0;47.6;0.0
95;2021-08-02;4837;3958;0;728771;598401;0;58.4;47.9;0.0
95;2021-08-03;5846;5416;0;734617;603817;0;58.8;48.4;0.0
95;2021-08-04;5948;5500;0;740565;609317;0;59.3;48.8;0.0
95;2021-08-05;5853;5156;0;746418;614473;0;59.8;49.2;0.0
95;2021-08-06;5835;6437;0;752253;620910;0;60.3;49.7;0.0
95;2021-08-07;2782;3389;0;755035;624299;0;60.5;50.0;0.0
95;2021-08-08;1180;1894;0;756215;626193;0;60.6;50.2;0.0
95;2021-08-09;4027;4978;0;760242;631171;0;60.9;50.6;0.0
95;2021-08-10;4885;5588;0;765127;636759;0;61.3;51.0;0.0
95;2021-08-11;4640;6144;0;769767;642903;0;61.7;51.5;0.0
95;2021-08-12;4443;6363;0;774210;649266;0;62.0;52.0;0.0
95;2021-08-13;3538;5245;0;777748;654511;0;62.3;52.4;0.0
95;2021-08-14;3069;3741;0;780817;658252;0;62.5;52.7;0.0
95;2021-08-15;409;570;0;781226;658822;0;62.6;52.8;0.0
95;2021-08-16;2755;6041;0;783981;664863;0;62.8;53.3;0.0
95;2021-08-17;3233;6896;0;787214;671759;0;63.1;53.8;0.0
95;2021-08-18;3643;7524;0;790857;679283;0;63.4;54.4;0.0
95;2021-08-19;3127;6277;0;793984;685560;0;63.6;54.9;0.0
95;2021-08-20;3233;7314;0;797217;692874;0;63.9;55.5;0.0
95;2021-08-21;2298;4239;0;799515;697113;0;64.0;55.8;0.0
95;2021-08-22;609;1879;0;800124;698992;0;64.1;56.0;0.0
95;2021-08-23;2322;5972;0;802446;704964;0;64.3;56.5;0.0
95;2021-08-24;2608;6338;0;805054;711302;0;64.5;57.0;0.0
95;2021-08-25;3285;7474;1;808339;718776;1;64.8;57.6;0.0
95;2021-08-26;2622;6600;0;810961;725376;1;65.0;58.1;0.0
95;2021-08-27;2963;7601;0;813924;732977;1;65.2;58.7;0.0
95;2021-08-28;2405;5012;0;816329;737989;1;65.4;59.1;0.0
95;2021-08-29;534;1379;0;816863;739368;1;65.4;59.2;0.0
95;2021-08-30;2423;5703;82;819286;745071;83;65.6;59.7;0.0
95;2021-08-31;2395;5716;207;821681;750787;290;65.8;60.1;0.0
95;2021-09-01;2834;5295;442;824515;756082;732;66.0;60.6;0.1
95;2021-09-02;1882;3915;415;826397;759997;1147;66.2;60.9;0.1
95;2021-09-03;2140;4813;467;828537;764810;1614;66.4;61.3;0.1
95;2021-09-04;2250;4747;217;830787;769557;1831;66.6;61.6;0.1
95;2021-09-05;428;700;24;831215;770257;1855;66.6;61.7;0.1
95;2021-09-06;1264;2896;407;832479;773153;2262;66.7;61.9;0.2
95;2021-09-07;1367;2898;340;833846;776051;2602;66.8;62.2;0.2
95;2021-09-08;1591;3375;360;835437;779426;2962;66.9;62.4;0.2
95;2021-09-09;1196;2794;448;836633;782220;3410;67.0;62.7;0.3
95;2021-09-10;1585;3078;496;838218;785298;3906;67.1;62.9;0.3
95;2021-09-11;1420;3231;246;839638;788529;4152;67.3;63.2;0.3
95;2021-09-12;284;553;104;839922;789082;4256;67.3;63.2;0.3
95;2021-09-13;1176;2186;440;841098;791268;4696;67.4;63.4;0.4
95;2021-09-14;1200;2139;607;842298;793407;5303;67.5;63.6;0.4
95;2021-09-15;1387;3252;770;843685;796659;6073;67.6;63.8;0.5
95;2021-09-16;879;1721;598;844564;798380;6671;67.7;64.0;0.5
95;2021-09-17;1193;2711;670;845757;801091;7341;67.7;64.2;0.6
95;2021-09-18;1186;3622;242;846943;804713;7583;67.8;64.5;0.6
95;2021-09-19;231;543;47;847174;805256;7630;67.9;64.5;0.6
95;2021-09-20;692;1398;588;847866;806654;8218;67.9;64.6;0.7
95;2021-09-21;776;1623;942;848642;808277;9160;68.0;64.7;0.7
95;2021-09-22;934;2740;623;849576;811017;9783;68.1;65.0;0.8
95;2021-09-23;768;1225;676;850344;812242;10459;68.1;65.1;0.8
95;2021-09-24;794;2004;702;851138;814246;11161;68.2;65.2;0.9
95;2021-09-25;1005;3234;336;852143;817480;11497;68.3;65.5;0.9
95;2021-09-26;115;311;31;852258;817791;11528;68.3;65.5;0.9
95;2021-09-27;617;1161;501;852875;818952;12029;68.3;65.6;1.0
95;2021-09-28;680;1272;841;853555;820224;12870;68.4;65.7;1.0
95;2021-09-29;808;1764;663;854363;821988;13533;68.4;65.8;1.1
95;2021-09-30;794;1123;834;855157;823111;14367;68.5;65.9;1.2
95;2021-10-01;1252;1392;835;856409;824503;15202;68.6;66.0;1.2
95;2021-10-02;1258;2109;573;857667;826612;15775;68.7;66.2;1.3
95;2021-10-03;140;244;30;857807;826856;15805;68.7;66.2;1.3
95;2021-10-04;611;887;490;858418;827743;16295;68.8;66.3;1.3
95;2021-10-05;720;1072;875;859138;828815;17170;68.8;66.4;1.4
95;2021-10-06;779;1279;928;859917;830094;18098;68.9;66.5;1.4
95;2021-10-07;541;862;835;860458;830956;18933;68.9;66.6;1.5
95;2021-10-08;864;1350;1168;861322;832306;20101;69.0;66.7;1.6
95;2021-10-09;921;1576;671;862243;833882;20772;69.1;66.8;1.7
95;2021-10-10;146;238;46;862389;834120;20818;69.1;66.8;1.7
95;2021-10-11;477;681;707;862866;834801;21525;69.1;66.9;1.7
95;2021-10-12;534;894;984;863400;835695;22509;69.2;66.9;1.8
95;2021-10-13;797;1133;1102;864197;836828;23611;69.2;67.0;1.9
95;2021-10-14;552;1059;1051;864749;837887;24662;69.3;67.1;2.0
95;2021-10-15;901;1067;1325;865650;838954;25987;69.3;67.2;2.1
95;2021-10-16;838;1238;876;866488;840192;26863;69.4;67.3;2.2
95;2021-10-17;100;198;123;866588;840390;26986;69.4;67.3;2.2
95;2021-10-18;435;623;517;867023;841013;27503;69.5;67.4;2.2
95;2021-10-19;528;812;1224;867551;841825;28727;69.5;67.4;2.3
95;2021-10-20;510;824;1202;868061;842649;29929;69.5;67.5;2.4
95;2021-10-21;373;664;1234;868434;843313;31163;69.6;67.6;2.5
95;2021-10-22;570;1085;1382;869004;844398;32545;69.6;67.6;2.6
95;2021-10-23;617;1106;998;869621;845504;33543;69.7;67.7;2.7
95;2021-10-24;84;148;89;869705;845652;33632;69.7;67.7;2.7
95;2021-10-25;324;490;609;870029;846142;34241;69.7;67.8;2.7
95;2021-10-26;458;643;1310;870487;846785;35551;69.7;67.8;2.8
95;2021-10-27;464;735;1554;870951;847520;37105;69.8;67.9;3.0
95;2021-10-28;405;707;1522;871356;848227;38627;69.8;67.9;3.1
95;2021-10-29;500;761;1519;871856;848988;40146;69.8;68.0;3.2
95;2021-10-30;444;787;1037;872300;849775;41183;69.9;68.1;3.3
95;2021-10-31;87;156;56;872387;849931;41239;69.9;68.1;3.3
95;2021-11-01;140;147;124;872527;850078;41363;69.9;68.1;3.3
95;2021-11-02;442;671;1172;872969;850749;42535;69.9;68.1;3.4
95;2021-11-03;417;671;1340;873386;851420;43875;70.0;68.2;3.5
95;2021-11-04;348;569;1465;873734;851989;45340;70.0;68.2;3.6
95;2021-11-05;407;725;1610;874141;852714;46950;70.0;68.3;3.8
95;2021-11-06;432;839;1164;874573;853553;48114;70.1;68.4;3.9
95;2021-11-07;70;159;115;874643;853712;48229;70.1;68.4;3.9
95;2021-11-08;210;417;1045;874853;854129;49274;70.1;68.4;3.9
95;2021-11-09;384;665;2276;875237;854794;51550;70.1;68.5;4.1
95;2021-11-10;424;708;2693;875661;855502;54243;70.1;68.5;4.3
95;2021-11-11;146;185;684;875807;855687;54927;70.2;68.5;4.4
95;2021-11-12;473;831;3013;876280;856518;57940;70.2;68.6;4.6
95;2021-11-13;421;731;1478;876701;857249;59418;70.2;68.7;4.8
95;2021-11-14;99;131;159;876800;857380;59577;70.2;68.7;4.8
95;2021-11-15;226;399;1444;877026;857779;61021;70.3;68.7;4.9
95;2021-11-16;394;597;2935;877420;858376;63956;70.3;68.8;5.1
95;2021-11-17;389;612;2651;877809;858988;66607;70.3;68.8;5.3
95;2021-11-18;337;503;2583;878146;859491;69190;70.3;68.8;5.5
95;2021-11-19;492;742;3462;878638;860233;72652;70.4;68.9;5.8
95;2021-11-20;490;708;1603;879128;860941;74255;70.4;69.0;5.9
95;2021-11-21;70;191;331;879198;861132;74586;70.4;69.0;6.0
95;2021-11-22;239;390;1806;879437;861522;76392;70.4;69.0;6.1
95;2021-11-23;399;514;3199;879836;862036;79591;70.5;69.1;6.4
95;2021-11-24;438;622;2980;880274;862658;82571;70.5;69.1;6.6
95;2021-11-25;400;482;3445;880674;863140;86016;70.5;69.1;6.9
95;2021-11-26;448;614;5930;881122;863754;91946;70.6;69.2;7.4
95;2021-11-27;395;601;4692;881517;864355;96638;70.6;69.2;7.7
95;2021-11-28;138;169;1265;881655;864524;97903;70.6;69.3;7.8
95;2021-11-29;184;310;3794;881839;864834;101697;70.6;69.3;8.1
95;2021-11-30;282;516;7816;882121;865350;109513;70.7;69.3;8.8
95;2021-12-01;358;555;8486;882479;865905;117999;70.7;69.4;9.5
95;2021-12-02;290;420;10151;882769;866325;128150;70.7;69.4;10.3
95;2021-12-03;403;590;10985;883172;866915;139135;70.7;69.4;11.1
95;2021-12-04;321;547;7673;883493;867462;146808;70.8;69.5;11.8
95;2021-12-05;112;203;3170;883605;867665;149978;70.8;69.5;12.0
95;2021-12-06;179;380;5847;883784;868045;155825;70.8;69.5;12.5
95;2021-12-07;300;507;10752;884084;868552;166577;70.8;69.6;13.3
95;2021-12-08;385;567;10192;884469;869119;176769;70.9;69.6;14.2
95;2021-12-09;316;495;11610;884785;869614;188379;70.9;69.7;15.1
