dep;jour;n_dose1;n_complet;n_cum_dose1;n_cum_complet;couv_dose1;couv_complet
01;2020-12-27;1;0;1;0;0.0;0.0
01;2020-12-28;0;0;1;0;0.0;0.0
01;2020-12-29;0;0;1;0;0.0;0.0
01;2020-12-30;0;0;1;0;0.0;0.0
01;2020-12-31;0;0;1;0;0.0;0.0
01;2021-01-01;2;0;3;0;0.0;0.0
01;2021-01-02;0;0;3;0;0.0;0.0
01;2021-01-03;0;0;3;0;0.0;0.0
01;2021-01-04;2;0;5;0;0.0;0.0
01;2021-01-05;2;0;7;0;0.0;0.0
01;2021-01-06;1;0;8;0;0.0;0.0
01;2021-01-07;67;0;75;0;0.0;0.0
01;2021-01-08;159;1;234;1;0.0;0.0
01;2021-01-09;2;1;236;2;0.0;0.0
01;2021-01-10;1;0;237;2;0.0;0.0
01;2021-01-11;148;0;385;2;0.1;0.0
01;2021-01-12;318;2;703;4;0.1;0.0
01;2021-01-13;445;1;1148;5;0.2;0.0
01;2021-01-14;530;3;1678;8;0.3;0.0
01;2021-01-15;398;4;2076;12;0.3;0.0
01;2021-01-16;202;0;2278;12;0.3;0.0
01;2021-01-17;128;0;2406;12;0.4;0.0
01;2021-01-18;380;3;2786;15;0.4;0.0
01;2021-01-19;1041;2;3827;17;0.6;0.0
01;2021-01-20;1262;4;5089;21;0.8;0.0
01;2021-01-21;1101;6;6190;27;0.9;0.0
01;2021-01-22;650;4;6840;31;1.0;0.0
01;2021-01-23;223;0;7063;31;1.1;0.0
01;2021-01-24;70;1;7133;32;1.1;0.0
01;2021-01-25;485;1;7618;33;1.2;0.0
01;2021-01-26;745;5;8363;38;1.3;0.0
01;2021-01-27;517;7;8880;45;1.4;0.0
01;2021-01-28;682;57;9562;102;1.5;0.0
01;2021-01-29;640;102;10202;204;1.6;0.0
01;2021-01-30;237;15;10439;219;1.6;0.0
01;2021-01-31;62;0;10501;219;1.6;0.0
01;2021-02-01;459;73;10960;292;1.7;0.0
01;2021-02-02;519;185;11479;477;1.7;0.1
01;2021-02-03;376;300;11855;777;1.8;0.1
01;2021-02-04;480;417;12335;1194;1.9;0.2
01;2021-02-05;444;281;12779;1475;1.9;0.2
01;2021-02-06;264;143;13043;1618;2.0;0.2
01;2021-02-07;2;111;13045;1729;2.0;0.3
01;2021-02-08;506;404;13551;2133;2.1;0.3
01;2021-02-09;776;857;14327;2990;2.2;0.5
01;2021-02-10;957;720;15284;3710;2.3;0.6
01;2021-02-11;795;774;16079;4484;2.4;0.7
01;2021-02-12;640;552;16719;5036;2.5;0.8
01;2021-02-13;161;151;16880;5187;2.6;0.8
01;2021-02-14;2;9;16882;5196;2.6;0.8
01;2021-02-15;437;445;17319;5641;2.6;0.9
01;2021-02-16;659;422;17978;6063;2.7;0.9
01;2021-02-17;524;251;18502;6314;2.8;1.0
01;2021-02-18;592;570;19094;6884;2.9;1.0
01;2021-02-19;580;249;19674;7133;3.0;1.1
01;2021-02-20;201;154;19875;7287;3.0;1.1
01;2021-02-21;1;1;19876;7288;3.0;1.1
01;2021-02-22;429;557;20305;7845;3.1;1.2
01;2021-02-23;483;523;20788;8368;3.2;1.3
01;2021-02-24;435;462;21223;8830;3.2;1.3
01;2021-02-25;827;610;22050;9440;3.4;1.4
01;2021-02-26;874;545;22924;9985;3.5;1.5
01;2021-02-27;480;118;23404;10103;3.6;1.5
01;2021-02-28;20;3;23424;10106;3.6;1.5
01;2021-03-01;636;460;24060;10566;3.7;1.6
01;2021-03-02;964;561;25024;11127;3.8;1.7
01;2021-03-03;945;669;25969;11796;4.0;1.8
01;2021-03-04;1198;647;27167;12443;4.1;1.9
01;2021-03-05;1356;502;28523;12945;4.3;2.0
01;2021-03-06;781;102;29304;13047;4.5;2.0
01;2021-03-07;44;1;29348;13048;4.5;2.0
01;2021-03-08;670;627;30018;13675;4.6;2.1
01;2021-03-09;1341;617;31359;14292;4.8;2.2
01;2021-03-10;1163;560;32522;14852;5.0;2.3
01;2021-03-11;1686;645;34208;15497;5.2;2.4
01;2021-03-12;2006;648;36214;16145;5.5;2.5
01;2021-03-13;1502;102;37716;16247;5.7;2.5
01;2021-03-14;134;59;37850;16306;5.8;2.5
01;2021-03-15;1153;407;39003;16713;5.9;2.5
01;2021-03-16;1014;566;40017;17279;6.1;2.6
01;2021-03-17;839;347;40856;17626;6.2;2.7
01;2021-03-18;1295;475;42151;18101;6.4;2.8
01;2021-03-19;1750;548;43901;18649;6.7;2.8
01;2021-03-20;1447;137;45348;18786;6.9;2.9
01;2021-03-21;99;11;45447;18797;6.9;2.9
01;2021-03-22;1576;493;47023;19290;7.2;2.9
01;2021-03-23;2197;655;49220;19945;7.5;3.0
01;2021-03-24;1616;421;50836;20366;7.7;3.1
01;2021-03-25;2911;636;53747;21002;8.2;3.2
01;2021-03-26;2871;617;56618;21619;8.6;3.3
01;2021-03-27;1311;164;57929;21783;8.8;3.3
01;2021-03-28;22;1;57951;21784;8.8;3.3
01;2021-03-29;1930;548;59881;22332;9.1;3.4
01;2021-03-30;2514;779;62395;23111;9.5;3.5
01;2021-03-31;1869;630;64264;23741;9.8;3.6
01;2021-04-01;2569;860;66833;24601;10.2;3.7
01;2021-04-02;2818;733;69651;25334;10.6;3.9
01;2021-04-03;1256;137;70907;25471;10.8;3.9
01;2021-04-04;3;1;70910;25472;10.8;3.9
01;2021-04-05;1261;67;72171;25539;11.0;3.9
01;2021-04-06;2824;801;74995;26340;11.4;4.0
01;2021-04-07;2741;710;77736;27050;11.8;4.1
01;2021-04-08;3245;1007;80981;28057;12.3;4.3
01;2021-04-09;3983;1336;84964;29393;12.9;4.5
01;2021-04-10;1823;305;86787;29698;13.2;4.5
01;2021-04-11;44;22;86831;29720;13.2;4.5
01;2021-04-12;2716;1229;89547;30949;13.6;4.7
01;2021-04-13;2944;1331;92491;32280;14.1;4.9
01;2021-04-14;3126;1083;95617;33363;14.6;5.1
01;2021-04-15;3075;1484;98692;34847;15.0;5.3
01;2021-04-16;2861;1585;101553;36432;15.5;5.5
01;2021-04-17;1654;682;103207;37114;15.7;5.6
01;2021-04-18;13;0;103220;37114;15.7;5.6
01;2021-04-19;2039;1524;105259;38638;16.0;5.9
01;2021-04-20;2667;1575;107926;40213;16.4;6.1
01;2021-04-21;2689;1352;110615;41565;16.8;6.3
01;2021-04-22;2835;1531;113450;43096;17.3;6.6
01;2021-04-23;2765;1535;116215;44631;17.7;6.8
01;2021-04-24;1448;656;117663;45287;17.9;6.9
01;2021-04-25;9;0;117672;45287;17.9;6.9
01;2021-04-26;1970;1730;119642;47017;18.2;7.2
01;2021-04-27;2572;1559;122214;48576;18.6;7.4
01;2021-04-28;2500;1577;124714;50153;19.0;7.6
01;2021-04-29;2716;1775;127430;51928;19.4;7.9
01;2021-04-30;2982;2252;130412;54180;19.9;8.2
01;2021-05-01;1473;859;131885;55039;20.1;8.4
01;2021-05-02;545;76;132430;55115;20.2;8.4
01;2021-05-03;2296;2482;134726;57597;20.5;8.8
01;2021-05-04;2539;2643;137265;60240;20.9;9.2
01;2021-05-05;2527;2503;139792;62743;21.3;9.6
01;2021-05-06;2995;2530;142787;65273;21.7;9.9
01;2021-05-07;3215;2779;146002;68052;22.2;10.4
01;2021-05-08;1645;922;147647;68974;22.5;10.5
01;2021-05-09;1022;162;148669;69136;22.6;10.5
01;2021-05-10;2500;3071;151169;72207;23.0;11.0
01;2021-05-11;3581;3066;154750;75273;23.6;11.5
01;2021-05-12;3652;3004;158402;78277;24.1;11.9
01;2021-05-13;4088;1503;162490;79780;24.7;12.1
01;2021-05-14;4272;2347;166762;82127;25.4;12.5
01;2021-05-15;3159;1435;169921;83562;25.9;12.7
01;2021-05-16;1413;150;171334;83712;26.1;12.7
01;2021-05-17;3445;2469;174779;86181;26.6;13.1
01;2021-05-18;4075;1959;178854;88140;27.2;13.4
01;2021-05-19;3974;1904;182828;90044;27.8;13.7
01;2021-05-20;4526;2017;187354;92061;28.5;14.0
01;2021-05-21;4621;2198;191975;94259;29.2;14.3
01;2021-05-22;3368;955;195343;95214;29.7;14.5
01;2021-05-23;834;83;196177;95297;29.9;14.5
01;2021-05-24;2765;500;198942;95797;30.3;14.6
01;2021-05-25;3559;2429;202501;98226;30.8;15.0
01;2021-05-26;3570;2252;206071;100478;31.4;15.3
01;2021-05-27;3853;2097;209924;102575;32.0;15.6
01;2021-05-28;3664;2638;213588;105213;32.5;16.0
01;2021-05-29;3055;1305;216643;106518;33.0;16.2
01;2021-05-30;613;88;217256;106606;33.1;16.2
01;2021-05-31;2407;2521;219663;109127;33.4;16.6
01;2021-06-01;2771;2590;222434;111717;33.9;17.0
01;2021-06-02;2883;2203;225317;113920;34.3;17.3
01;2021-06-03;3366;2441;228683;116361;34.8;17.7
01;2021-06-04;4501;3373;233184;119734;35.5;18.2
01;2021-06-05;3252;1732;236436;121466;36.0;18.5
01;2021-06-06;670;78;237106;121544;36.1;18.5
01;2021-06-07;3388;2875;240494;124419;36.6;18.9
01;2021-06-08;3649;2719;244143;127138;37.2;19.4
01;2021-06-09;2948;2637;247091;129775;37.6;19.8
01;2021-06-10;2767;2043;249858;131818;38.0;20.1
01;2021-06-11;3072;3368;252930;135186;38.5;20.6
01;2021-06-12;2402;2197;255332;137383;38.9;20.9
01;2021-06-13;201;479;255533;137862;38.9;21.0
01;2021-06-14;2119;3162;257652;141024;39.2;21.5
01;2021-06-15;2005;3368;259657;144392;39.5;22.0
01;2021-06-16;2175;3287;261832;147679;39.9;22.5
01;2021-06-17;1959;3174;263791;150853;40.2;23.0
01;2021-06-18;2635;4163;266426;155016;40.6;23.6
01;2021-06-19;1727;2556;268153;157572;40.8;24.0
01;2021-06-20;159;498;268312;158070;40.8;24.1
01;2021-06-21;1798;3703;270110;161773;41.1;24.6
01;2021-06-22;1551;4001;271661;165774;41.4;25.2
01;2021-06-23;1583;3754;273244;169528;41.6;25.8
01;2021-06-24;1471;3565;274715;173093;41.8;26.3
01;2021-06-25;1889;4566;276604;177659;42.1;27.0
01;2021-06-26;1209;2946;277813;180605;42.3;27.5
01;2021-06-27;171;339;277984;180944;42.3;27.5
01;2021-06-28;1382;4024;279366;184968;42.5;28.2
01;2021-06-29;1409;3853;280775;188821;42.7;28.7
01;2021-06-30;1381;4157;282156;192978;42.9;29.4
01;2021-07-01;1431;4088;283587;197066;43.2;30.0
01;2021-07-02;1587;4987;285174;202053;43.4;30.8
01;2021-07-03;858;3374;286032;205427;43.5;31.3
01;2021-07-04;105;499;286137;205926;43.6;31.3
01;2021-07-05;1486;4082;287623;210008;43.8;32.0
01;2021-07-06;1105;4275;288728;214283;43.9;32.6
01;2021-07-07;1757;3697;290485;217980;44.2;33.2
01;2021-07-08;1474;3677;291959;221657;44.4;33.7
01;2021-07-09;1885;4364;293844;226021;44.7;34.4
01;2021-07-10;1119;3438;294963;229459;44.9;34.9
01;2021-07-11;105;418;295068;229877;44.9;35.0
01;2021-07-12;1422;3844;296490;233721;45.1;35.6
01;2021-07-13;2059;4116;298549;237837;45.4;36.2
01;2021-07-14;148;179;298697;238016;45.5;36.2
01;2021-07-15;3104;4191;301801;242207;45.9;36.9
01;2021-07-16;3745;4838;305546;247045;46.5;37.6
01;2021-07-17;2203;3044;307749;250089;46.8;38.1
01;2021-07-18;290;551;308039;250640;46.9;38.2
01;2021-07-19;2915;3871;310954;254511;47.3;38.7
01;2021-07-20;3297;3694;314251;258205;47.8;39.3
01;2021-07-21;3935;3566;318186;261771;48.4;39.8
01;2021-07-22;4219;3496;322405;265267;49.1;40.4
01;2021-07-23;3941;4221;326346;269488;49.7;41.0
01;2021-07-24;2731;2713;329077;272201;50.1;41.4
01;2021-07-25;61;60;329138;272261;50.1;41.4
01;2021-07-26;3346;3240;332484;275501;50.6;41.9
01;2021-07-27;4105;2791;336589;278292;51.2;42.4
01;2021-07-28;3989;2652;340578;280944;51.8;42.8
01;2021-07-29;4696;2438;345274;283382;52.6;43.1
01;2021-07-30;4458;3431;349732;286813;53.2;43.7
01;2021-07-31;3641;1773;353373;288586;53.8;43.9
01;2021-08-01;397;76;353770;288662;53.8;43.9
01;2021-08-02;3077;2454;356847;291116;54.3;44.3
01;2021-08-03;3069;2456;359916;293572;54.8;44.7
01;2021-08-04;2543;1736;362459;295308;55.2;45.0
01;2021-08-05;2247;2364;364706;297672;55.5;45.3
01;2021-08-06;2749;3114;367455;300786;55.9;45.8
01;2021-08-07;2071;1837;369526;302623;56.2;46.1
01;2021-08-08;248;258;369774;302881;56.3;46.1
01;2021-08-09;1136;2633;370910;305514;56.5;46.5
01;2021-08-10;1445;2412;372355;307926;56.7;46.9
01;2021-08-11;1472;2596;373827;310522;56.9;47.3
01;2021-08-12;1626;2828;375453;313350;57.2;47.7
01;2021-08-13;1814;2728;377267;316078;57.4;48.1
01;2021-08-14;1392;2233;378659;318311;57.6;48.5
01;2021-08-15;18;21;378677;318332;57.6;48.5
01;2021-08-16;983;3012;379660;321344;57.8;48.9
01;2021-08-17;1355;2761;381015;324105;58.0;49.3
01;2021-08-18;1257;2907;382272;327012;58.2;49.8
01;2021-08-19;1301;2425;383573;329437;58.4;50.1
01;2021-08-20;1458;3951;385031;333388;58.6;50.7
01;2021-08-21;883;2848;385914;336236;58.7;51.2
01;2021-08-22;19;20;385933;336256;58.7;51.2
01;2021-08-23;1115;3019;387048;339275;58.9;51.6
01;2021-08-24;1229;3153;388277;342428;59.1;52.1
01;2021-08-25;1124;2993;389401;345421;59.3;52.6
01;2021-08-26;1649;2740;391050;348161;59.5;53.0
01;2021-08-27;1642;3652;392692;351813;59.8;53.6
01;2021-08-28;1045;2591;393737;354404;59.9;53.9
01;2021-08-29;16;31;393753;354435;59.9;54.0
01;2021-08-30;1187;2708;394940;357143;60.1;54.4
01;2021-08-31;1090;1895;396030;359038;60.3;54.7
01;2021-09-01;922;1697;396952;360735;60.4;54.9
01;2021-09-02;805;1523;397757;362258;60.5;55.1
01;2021-09-03;1130;2196;398887;364454;60.7;55.5
01;2021-09-04;796;1898;399683;366352;60.8;55.8
01;2021-09-05;97;60;399780;366412;60.9;55.8
01;2021-09-06;651;1093;400431;367505;61.0;55.9
01;2021-09-07;578;1019;401009;368524;61.0;56.1
01;2021-09-08;815;1390;401824;369914;61.2;56.3
01;2021-09-09;769;1130;402593;371044;61.3;56.5
01;2021-09-10;1046;1556;403639;372600;61.4;56.7
01;2021-09-11;736;1431;404375;374031;61.6;56.9
01;2021-09-12;23;37;404398;374068;61.6;56.9
01;2021-09-13;575;997;404973;375065;61.6;57.1
01;2021-09-14;618;991;405591;376056;61.7;57.2
01;2021-09-15;723;1447;406314;377503;61.8;57.5
01;2021-09-16;491;922;406805;378425;61.9;57.6
01;2021-09-17;756;1392;407561;379817;62.0;57.8
01;2021-09-18;377;1205;407938;381022;62.1;58.0
01;2021-09-19;7;10;407945;381032;62.1;58.0
01;2021-09-20;372;636;408317;381668;62.2;58.1
01;2021-09-21;383;701;408700;382369;62.2;58.2
01;2021-09-22;347;899;409047;383268;62.3;58.3
01;2021-09-23;295;658;409342;383926;62.3;58.4
01;2021-09-24;402;943;409744;384869;62.4;58.6
01;2021-09-25;307;955;410051;385824;62.4;58.7
01;2021-09-26;2;24;410053;385848;62.4;58.7
01;2021-09-27;174;556;410227;386404;62.4;58.8
01;2021-09-28;310;1194;410537;387598;62.5;59.0
01;2021-09-29;464;1281;411001;388879;62.6;59.2
01;2021-09-30;346;831;411347;389710;62.6;59.3
01;2021-10-01;464;1076;411811;390786;62.7;59.5
01;2021-10-02;396;1307;412207;392093;62.7;59.7
01;2021-10-03;0;0;412207;392093;62.7;59.7
01;2021-10-04;195;512;412402;392605;62.8;59.8
01;2021-10-05;204;535;412606;393140;62.8;59.8
01;2021-10-06;338;742;412944;393882;62.9;60.0
01;2021-10-07;199;490;413143;394372;62.9;60.0
01;2021-10-08;334;718;413477;395090;62.9;60.1
01;2021-10-09;346;694;413823;395784;63.0;60.2
01;2021-10-10;8;18;413831;395802;63.0;60.2
02;2020-12-27;0;0;0;0;0.0;0.0
02;2020-12-28;0;0;0;0;0.0;0.0
02;2020-12-29;0;0;0;0;0.0;0.0
02;2020-12-30;0;0;0;0;0.0;0.0
02;2020-12-31;0;0;0;0;0.0;0.0
02;2021-01-01;0;0;0;0;0.0;0.0
02;2021-01-02;0;0;0;0;0.0;0.0
02;2021-01-03;0;0;0;0;0.0;0.0
02;2021-01-04;0;0;0;0;0.0;0.0
02;2021-01-05;0;0;0;0;0.0;0.0
02;2021-01-06;22;0;22;0;0.0;0.0
02;2021-01-07;261;1;283;1;0.1;0.0
02;2021-01-08;489;3;772;4;0.1;0.0
02;2021-01-09;75;0;847;4;0.2;0.0
02;2021-01-10;49;0;896;4;0.2;0.0
02;2021-01-11;267;0;1163;4;0.2;0.0
02;2021-01-12;354;1;1517;5;0.3;0.0
02;2021-01-13;469;4;1986;9;0.4;0.0
02;2021-01-14;652;11;2638;20;0.5;0.0
02;2021-01-15;630;8;3268;28;0.6;0.0
02;2021-01-16;333;5;3601;33;0.7;0.0
02;2021-01-17;62;0;3663;33;0.7;0.0
02;2021-01-18;811;10;4474;43;0.9;0.0
02;2021-01-19;941;7;5415;50;1.0;0.0
02;2021-01-20;1431;5;6846;55;1.3;0.0
02;2021-01-21;2605;13;9451;68;1.8;0.0
02;2021-01-22;1420;5;10871;73;2.1;0.0
02;2021-01-23;290;2;11161;75;2.1;0.0
02;2021-01-24;67;0;11228;75;2.1;0.0
02;2021-01-25;432;10;11660;85;2.2;0.0
02;2021-01-26;704;17;12364;102;2.4;0.0
02;2021-01-27;162;3;12526;105;2.4;0.0
02;2021-01-28;69;246;12595;351;2.4;0.1
02;2021-01-29;119;418;12714;769;2.4;0.1
02;2021-01-30;4;14;12718;783;2.4;0.1
02;2021-01-31;0;10;12718;793;2.4;0.2
02;2021-02-01;11;211;12729;1004;2.4;0.2
02;2021-02-02;45;329;12774;1333;2.4;0.3
02;2021-02-03;124;338;12898;1671;2.5;0.3
02;2021-02-04;226;357;13124;2028;2.5;0.4
02;2021-02-05;179;413;13303;2441;2.5;0.5
02;2021-02-06;69;176;13372;2617;2.5;0.5
02;2021-02-07;9;0;13381;2617;2.5;0.5
02;2021-02-08;306;433;13687;3050;2.6;0.6
02;2021-02-09;322;680;14009;3730;2.7;0.7
02;2021-02-10;485;1042;14494;4772;2.8;0.9
02;2021-02-11;937;1860;15431;6632;2.9;1.3
02;2021-02-12;885;1119;16316;7751;3.1;1.5
02;2021-02-13;290;129;16606;7880;3.2;1.5
02;2021-02-14;1;5;16607;7885;3.2;1.5
02;2021-02-15;344;681;16951;8566;3.2;1.6
02;2021-02-16;414;561;17365;9127;3.3;1.7
02;2021-02-17;499;631;17864;9758;3.4;1.9
02;2021-02-18;507;446;18371;10204;3.5;1.9
02;2021-02-19;444;569;18815;10773;3.6;2.0
02;2021-02-20;372;234;19187;11007;3.6;2.1
02;2021-02-21;39;17;19226;11024;3.7;2.1
02;2021-02-22;377;317;19603;11341;3.7;2.2
02;2021-02-23;432;362;20035;11703;3.8;2.2
02;2021-02-24;600;146;20635;11849;3.9;2.3
02;2021-02-25;870;137;21505;11986;4.1;2.3
02;2021-02-26;808;76;22313;12062;4.2;2.3
02;2021-02-27;444;16;22757;12078;4.3;2.3
02;2021-02-28;55;2;22812;12080;4.3;2.3
02;2021-03-01;638;26;23450;12106;4.5;2.3
02;2021-03-02;1031;130;24481;12236;4.7;2.3
02;2021-03-03;754;204;25235;12440;4.8;2.4
02;2021-03-04;1161;658;26396;13098;5.0;2.5
02;2021-03-05;1048;510;27444;13608;5.2;2.6
02;2021-03-06;2141;102;29585;13710;5.6;2.6
02;2021-03-07;1504;55;31089;13765;5.9;2.6
02;2021-03-08;574;371;31663;14136;6.0;2.7
02;2021-03-09;997;406;32660;14542;6.2;2.8
02;2021-03-10;895;476;33555;15018;6.4;2.9
02;2021-03-11;1294;392;34849;15410;6.6;2.9
02;2021-03-12;1706;419;36555;15829;6.9;3.0
02;2021-03-13;2592;250;39147;16079;7.4;3.1
02;2021-03-14;1458;45;40605;16124;7.7;3.1
02;2021-03-15;612;457;41217;16581;7.8;3.2
02;2021-03-16;862;407;42079;16988;8.0;3.2
02;2021-03-17;759;456;42838;17444;8.1;3.3
02;2021-03-18;610;624;43448;18068;8.3;3.4
02;2021-03-19;1171;304;44619;18372;8.5;3.5
02;2021-03-20;2429;163;47048;18535;8.9;3.5
02;2021-03-21;1488;84;48536;18619;9.2;3.5
02;2021-03-22;762;497;49298;19116;9.4;3.6
02;2021-03-23;1195;552;50493;19668;9.6;3.7
02;2021-03-24;1582;506;52075;20174;9.9;3.8
02;2021-03-25;1693;599;53768;20773;10.2;3.9
02;2021-03-26;2412;498;56180;21271;10.7;4.0
02;2021-03-27;2494;141;58674;21412;11.2;4.1
02;2021-03-28;638;15;59312;21427;11.3;4.1
02;2021-03-29;1038;861;60350;22288;11.5;4.2
02;2021-03-30;1553;846;61903;23134;11.8;4.4
02;2021-03-31;1298;717;63201;23851;12.0;4.5
02;2021-04-01;1290;865;64491;24716;12.3;4.7
02;2021-04-02;1183;1231;65674;25947;12.5;4.9
02;2021-04-03;2644;853;68318;26800;13.0;5.1
02;2021-04-04;727;240;69045;27040;13.1;5.1
02;2021-04-05;1509;134;70554;27174;13.4;5.2
02;2021-04-06;1539;859;72093;28033;13.7;5.3
02;2021-04-07;1872;780;73965;28813;14.1;5.5
02;2021-04-08;1919;1111;75884;29924;14.4;5.7
02;2021-04-09;2432;1099;78316;31023;14.9;5.9
02;2021-04-10;2430;1214;80746;32237;15.3;6.1
02;2021-04-11;475;418;81221;32655;15.4;6.2
02;2021-04-12;1823;635;83044;33290;15.8;6.3
02;2021-04-13;1601;928;84645;34218;16.1;6.5
02;2021-04-14;2583;979;87228;35197;16.6;6.7
02;2021-04-15;2494;781;89722;35978;17.1;6.8
02;2021-04-16;2439;1132;92161;37110;17.5;7.1
02;2021-04-17;1890;2148;94051;39258;17.9;7.5
02;2021-04-18;270;814;94321;40072;17.9;7.6
02;2021-04-19;1158;636;95479;40708;18.2;7.7
02;2021-04-20;1674;767;97153;41475;18.5;7.9
02;2021-04-21;1550;996;98703;42471;18.8;8.1
02;2021-04-22;1748;708;100451;43179;19.1;8.2
02;2021-04-23;1930;1417;102381;44596;19.5;8.5
02;2021-04-24;1714;1646;104095;46242;19.8;8.8
02;2021-04-25;462;235;104557;46477;19.9;8.8
02;2021-04-26;1339;564;105896;47041;20.1;8.9
02;2021-04-27;1627;1098;107523;48139;20.4;9.2
02;2021-04-28;1592;1440;109115;49579;20.7;9.4
02;2021-04-29;1889;1183;111004;50762;21.1;9.6
02;2021-04-30;2716;1661;113720;52423;21.6;10.0
02;2021-05-01;1991;1235;115711;53658;22.0;10.2
02;2021-05-02;1982;423;117693;54081;22.4;10.3
02;2021-05-03;2224;987;119917;55068;22.8;10.5
02;2021-05-04;1522;1317;121439;56385;23.1;10.7
02;2021-05-05;2327;1843;123766;58228;23.5;11.1
02;2021-05-06;2122;1740;125888;59968;23.9;11.4
02;2021-05-07;2357;2184;128245;62152;24.4;11.8
02;2021-05-08;2917;951;131162;63103;24.9;12.0
02;2021-05-09;1823;424;132985;63527;25.3;12.1
02;2021-05-10;2375;1485;135360;65012;25.7;12.4
02;2021-05-11;2878;1579;138238;66591;26.3;12.7
02;2021-05-12;2675;1628;140913;68219;26.8;13.0
02;2021-05-13;2990;1039;143903;69258;27.4;13.2
02;2021-05-14;3381;1209;147284;70467;28.0;13.4
02;2021-05-15;4374;1086;151658;71553;28.8;13.6
02;2021-05-16;2795;212;154453;71765;29.4;13.6
02;2021-05-17;2147;665;156600;72430;29.8;13.8
02;2021-05-18;2634;979;159234;73409;30.3;14.0
02;2021-05-19;2852;1000;162086;74409;30.8;14.1
02;2021-05-20;3553;1234;165639;75643;31.5;14.4
02;2021-05-21;3818;1075;169457;76718;32.2;14.6
02;2021-05-22;5845;970;175302;77688;33.3;14.8
02;2021-05-23;2658;240;177960;77928;33.8;14.8
02;2021-05-24;3541;544;181501;78472;34.5;14.9
02;2021-05-25;2257;1164;183758;79636;34.9;15.1
02;2021-05-26;3079;1498;186837;81134;35.5;15.4
02;2021-05-27;3649;1493;190486;82627;36.2;15.7
02;2021-05-28;3515;1586;194001;84213;36.9;16.0
02;2021-05-29;4078;1573;198079;85786;37.7;16.3
02;2021-05-30;1449;187;199528;85973;37.9;16.3
02;2021-05-31;2575;1196;202103;87169;38.4;16.6
02;2021-06-01;2870;1870;204973;89039;39.0;16.9
02;2021-06-02;3160;1656;208133;90695;39.6;17.2
02;2021-06-03;2854;1841;210987;92536;40.1;17.6
02;2021-06-04;3142;2063;214129;94599;40.7;18.0
02;2021-06-05;3441;1735;217570;96334;41.4;18.3
02;2021-06-06;1736;259;219306;96593;41.7;18.4
02;2021-06-07;1613;1501;220919;98094;42.0;18.6
02;2021-06-08;2061;1848;222980;99942;42.4;19.0
02;2021-06-09;2057;1653;225037;101595;42.8;19.3
02;2021-06-10;2011;1843;227048;103438;43.2;19.7
02;2021-06-11;2193;3073;229241;106511;43.6;20.2
02;2021-06-12;2311;2598;231552;109109;44.0;20.7
02;2021-06-13;683;1387;232235;110496;44.1;21.0
02;2021-06-14;1049;2392;233284;112888;44.3;21.5
02;2021-06-15;1518;2462;234802;115350;44.6;21.9
02;2021-06-16;1534;2749;236336;118099;44.9;22.5
02;2021-06-17;1782;2860;238118;120959;45.3;23.0
02;2021-06-18;2312;3573;240430;124532;45.7;23.7
02;2021-06-19;1841;3823;242271;128355;46.1;24.4
02;2021-06-20;645;1523;242916;129878;46.2;24.7
02;2021-06-21;806;3190;243722;133068;46.3;25.3
02;2021-06-22;1155;3668;244877;136736;46.6;26.0
02;2021-06-23;1226;3589;246103;140325;46.8;26.7
02;2021-06-24;1327;3150;247430;143475;47.0;27.3
02;2021-06-25;1399;4545;248829;148020;47.3;28.1
02;2021-06-26;1345;4228;250174;152248;47.6;28.9
02;2021-06-27;600;2333;250774;154581;47.7;29.4
02;2021-06-28;877;3021;251651;157602;47.8;30.0
02;2021-06-29;919;2929;252570;160531;48.0;30.5
02;2021-06-30;1509;3161;254079;163692;48.3;31.1
02;2021-07-01;1193;3592;255272;167284;48.5;31.8
02;2021-07-02;1358;5136;256630;172420;48.8;32.8
02;2021-07-03;999;5989;257629;178409;49.0;33.9
02;2021-07-04;509;2370;258138;180779;49.1;34.4
02;2021-07-05;661;3937;258799;184716;49.2;35.1
02;2021-07-06;675;3045;259474;187761;49.3;35.7
02;2021-07-07;1321;3726;260795;191487;49.6;36.4
02;2021-07-08;1393;3871;262188;195358;49.8;37.1
02;2021-07-09;1283;4221;263471;199579;50.1;37.9
02;2021-07-10;1333;4607;264804;204186;50.3;38.8
02;2021-07-11;480;1967;265284;206153;50.4;39.2
02;2021-07-12;1417;3731;266701;209884;50.7;39.9
02;2021-07-13;2066;3662;268767;213546;51.1;40.6
02;2021-07-14;1753;1599;270520;215145;51.4;40.9
02;2021-07-15;2727;3564;273247;218709;51.9;41.6
02;2021-07-16;3164;4219;276411;222928;52.5;42.4
02;2021-07-17;3561;4230;279972;227158;53.2;43.2
02;2021-07-18;2037;1616;282009;228774;53.6;43.5
02;2021-07-19;3440;3038;285449;231812;54.3;44.1
02;2021-07-20;3501;3306;288950;235118;54.9;44.7
02;2021-07-21;3910;2952;292860;238070;55.7;45.3
02;2021-07-22;3324;2806;296184;240876;56.3;45.8
02;2021-07-23;3205;3559;299389;244435;56.9;46.5
02;2021-07-24;4447;3725;303836;248160;57.8;47.2
02;2021-07-25;2192;1089;306028;249249;58.2;47.4
02;2021-07-26;3874;2253;309902;251502;58.9;47.8
02;2021-07-27;3660;2148;313562;253650;59.6;48.2
02;2021-07-28;3279;2101;316841;255751;60.2;48.6
02;2021-07-29;2583;2225;319424;257976;60.7;49.0
02;2021-07-30;3313;2311;322737;260287;61.4;49.5
02;2021-07-31;4183;2281;326920;262568;62.1;49.9
02;2021-08-01;1475;692;328395;263260;62.4;50.0
02;2021-08-02;2042;1602;330437;264862;62.8;50.3
02;2021-08-03;2530;1903;332967;266765;63.3;50.7
02;2021-08-04;2577;1712;335544;268477;63.8;51.0
02;2021-08-05;1849;2266;337393;270743;64.1;51.5
02;2021-08-06;2101;2741;339494;273484;64.5;52.0
02;2021-08-07;2522;2785;342016;276269;65.0;52.5
02;2021-08-08;1025;1572;343041;277841;65.2;52.8
02;2021-08-09;1909;2749;344950;280590;65.6;53.3
02;2021-08-10;1766;2462;346716;283052;65.9;53.8
02;2021-08-11;1481;2109;348197;285161;66.2;54.2
02;2021-08-12;1205;2332;349402;287493;66.4;54.7
02;2021-08-13;1611;2910;351013;290403;66.7;55.2
02;2021-08-14;1666;3696;352679;294099;67.0;55.9
02;2021-08-15;161;572;352840;294671;67.1;56.0
02;2021-08-16;1282;3755;354122;298426;67.3;56.7
02;2021-08-17;1421;2840;355543;301266;67.6;57.3
02;2021-08-18;1578;3184;357121;304450;67.9;57.9
02;2021-08-19;1134;3218;358255;307668;68.1;58.5
02;2021-08-20;1205;2951;359460;310619;68.3;59.0
02;2021-08-21;1449;4082;360909;314701;68.6;59.8
02;2021-08-22;407;1657;361316;316358;68.7;60.1
02;2021-08-23;1157;3080;362473;319438;68.9;60.7
02;2021-08-24;907;2184;363380;321622;69.1;61.1
02;2021-08-25;1021;2596;364401;324218;69.3;61.6
02;2021-08-26;913;2334;365314;326552;69.4;62.1
02;2021-08-27;965;2615;366279;329167;69.6;62.6
02;2021-08-28;1301;3429;367580;332596;69.9;63.2
02;2021-08-29;328;1171;367908;333767;69.9;63.4
02;2021-08-30;996;2430;368904;336197;70.1;63.9
02;2021-08-31;865;2171;369769;338368;70.3;64.3
02;2021-09-01;707;1422;370476;339790;70.4;64.6
02;2021-09-02;651;1610;371127;341400;70.5;64.9
02;2021-09-03;695;1796;371822;343196;70.7;65.2
02;2021-09-04;857;2760;372679;345956;70.8;65.8
02;2021-09-05;226;455;372905;346411;70.9;65.9
02;2021-09-06;406;901;373311;347312;71.0;66.0
02;2021-09-07;456;1195;373767;348507;71.1;66.2
02;2021-09-08;517;1736;374284;350243;71.1;66.6
02;2021-09-09;443;1176;374727;351419;71.2;66.8
02;2021-09-10;563;1363;375290;352782;71.3;67.1
02;2021-09-11;724;2127;376014;354909;71.5;67.5
02;2021-09-12;91;270;376105;355179;71.5;67.5
02;2021-09-13;423;952;376528;356131;71.6;67.7
02;2021-09-14;413;819;376941;356950;71.7;67.9
02;2021-09-15;447;1306;377388;358256;71.7;68.1
02;2021-09-16;456;832;377844;359088;71.8;68.3
02;2021-09-17;584;936;378428;360024;71.9;68.4
02;2021-09-18;565;2030;378993;362054;72.0;68.8
02;2021-09-19;78;259;379071;362313;72.1;68.9
02;2021-09-20;295;651;379366;362964;72.1;69.0
02;2021-09-21;278;626;379644;363590;72.2;69.1
02;2021-09-22;361;906;380005;364496;72.2;69.3
02;2021-09-23;260;563;380265;365059;72.3;69.4
02;2021-09-24;296;762;380561;365821;72.3;69.5
02;2021-09-25;318;1209;380879;367030;72.4;69.8
02;2021-09-26;33;158;380912;367188;72.4;69.8
02;2021-09-27;139;369;381051;367557;72.4;69.9
02;2021-09-28;156;392;381207;367949;72.5;69.9
02;2021-09-29;228;418;381435;368367;72.5;70.0
02;2021-09-30;238;479;381673;368846;72.6;70.1
02;2021-10-01;350;657;382023;369503;72.6;70.2
02;2021-10-02;390;853;382413;370356;72.7;70.4
02;2021-10-03;36;59;382449;370415;72.7;70.4
02;2021-10-04;155;361;382604;370776;72.7;70.5
02;2021-10-05;175;318;382779;371094;72.8;70.5
02;2021-10-06;252;420;383031;371514;72.8;70.6
02;2021-10-07;231;462;383262;371976;72.9;70.7
02;2021-10-08;313;603;383575;372579;72.9;70.8
02;2021-10-09;318;688;383893;373267;73.0;71.0
02;2021-10-10;30;56;383923;373323;73.0;71.0
03;2020-12-27;0;0;0;0;0.0;0.0
03;2020-12-28;1;0;1;0;0.0;0.0
03;2020-12-29;0;0;1;0;0.0;0.0
03;2020-12-30;1;0;2;0;0.0;0.0
03;2020-12-31;0;0;2;0;0.0;0.0
03;2021-01-01;0;0;2;0;0.0;0.0
03;2021-01-02;0;0;2;0;0.0;0.0
03;2021-01-03;0;0;2;0;0.0;0.0
03;2021-01-04;0;0;2;0;0.0;0.0
03;2021-01-05;0;0;2;0;0.0;0.0
03;2021-01-06;10;0;12;0;0.0;0.0
03;2021-01-07;61;0;73;0;0.0;0.0
03;2021-01-08;146;1;219;1;0.1;0.0
03;2021-01-09;122;0;341;1;0.1;0.0
03;2021-01-10;6;0;347;1;0.1;0.0
03;2021-01-11;412;1;759;2;0.2;0.0
03;2021-01-12;631;0;1390;2;0.4;0.0
03;2021-01-13;669;2;2059;4;0.6;0.0
03;2021-01-14;860;4;2919;8;0.9;0.0
03;2021-01-15;387;3;3306;11;1.0;0.0
03;2021-01-16;278;0;3584;11;1.1;0.0
03;2021-01-17;42;0;3626;11;1.1;0.0
03;2021-01-18;878;0;4504;11;1.4;0.0
03;2021-01-19;1151;2;5655;13;1.7;0.0
03;2021-01-20;1292;4;6947;17;2.1;0.0
03;2021-01-21;1202;5;8149;22;2.5;0.0
03;2021-01-22;1117;6;9266;28;2.8;0.0
03;2021-01-23;465;1;9731;29;2.9;0.0
03;2021-01-24;0;0;9731;29;2.9;0.0
03;2021-01-25;187;0;9918;29;3.0;0.0
03;2021-01-26;680;14;10598;43;3.2;0.0
03;2021-01-27;696;11;11294;54;3.4;0.0
03;2021-01-28;1021;49;12315;103;3.7;0.0
03;2021-01-29;856;83;13171;186;4.0;0.1
03;2021-01-30;600;2;13771;188;4.2;0.1
03;2021-01-31;0;0;13771;188;4.2;0.1
03;2021-02-01;160;76;13931;264;4.2;0.1
03;2021-02-02;767;268;14698;532;4.4;0.2
03;2021-02-03;1056;492;15754;1024;4.8;0.3
03;2021-02-04;1558;645;17312;1669;5.2;0.5
03;2021-02-05;948;318;18260;1987;5.5;0.6
03;2021-02-06;152;13;18412;2000;5.6;0.6
03;2021-02-07;5;0;18417;2000;5.6;0.6
03;2021-02-08;128;56;18545;2056;5.6;0.6
03;2021-02-09;612;448;19157;2504;5.8;0.8
03;2021-02-10;485;344;19642;2848;5.9;0.9
03;2021-02-11;1027;585;20669;3433;6.2;1.0
03;2021-02-12;1078;555;21747;3988;6.6;1.2
03;2021-02-13;126;167;21873;4155;6.6;1.3
03;2021-02-14;0;1;21873;4156;6.6;1.3
03;2021-02-15;309;862;22182;5018;6.7;1.5
03;2021-02-16;548;1166;22730;6184;6.9;1.9
03;2021-02-17;452;1356;23182;7540;7.0;2.3
03;2021-02-18;368;1270;23550;8810;7.1;2.7
03;2021-02-19;497;794;24047;9604;7.3;2.9
03;2021-02-20;128;183;24175;9787;7.3;3.0
03;2021-02-21;2;1;24177;9788;7.3;3.0
03;2021-02-22;158;202;24335;9990;7.3;3.0
03;2021-02-23;720;949;25055;10939;7.6;3.3
03;2021-02-24;610;1023;25665;11962;7.7;3.6
03;2021-02-25;1093;1834;26758;13796;8.1;4.2
03;2021-02-26;822;1375;27580;15171;8.3;4.6
03;2021-02-27;96;258;27676;15429;8.4;4.7
03;2021-02-28;0;15;27676;15444;8.4;4.7
03;2021-03-01;178;240;27854;15684;8.4;4.7
03;2021-03-02;818;660;28672;16344;8.7;4.9
03;2021-03-03;904;462;29576;16806;8.9;5.1
03;2021-03-04;1541;591;31117;17397;9.4;5.3
03;2021-03-05;1121;737;32238;18134;9.7;5.5
03;2021-03-06;915;114;33153;18248;10.0;5.5
03;2021-03-07;2;0;33155;18248;10.0;5.5
03;2021-03-08;240;246;33395;18494;10.1;5.6
03;2021-03-09;1016;440;34411;18934;10.4;5.7
03;2021-03-10;941;554;35352;19488;10.7;5.9
03;2021-03-11;1675;659;37027;20147;11.2;6.1
03;2021-03-12;1303;869;38330;21016;11.6;6.3
03;2021-03-13;864;114;39194;21130;11.8;6.4
03;2021-03-14;2;8;39196;21138;11.8;6.4
03;2021-03-15;250;200;39446;21338;11.9;6.4
03;2021-03-16;650;404;40096;21742;12.1;6.6
03;2021-03-17;1304;449;41400;22191;12.5;6.7
03;2021-03-18;1720;400;43120;22591;13.0;6.8
03;2021-03-19;1728;365;44848;22956;13.5;6.9
03;2021-03-20;301;27;45149;22983;13.6;6.9
03;2021-03-21;1;0;45150;22983;13.6;6.9
03;2021-03-22;223;397;45373;23380;13.7;7.1
03;2021-03-23;1355;357;46728;23737;14.1;7.2
03;2021-03-24;1824;352;48552;24089;14.7;7.3
03;2021-03-25;2367;572;50919;24661;15.4;7.4
03;2021-03-26;2240;452;53159;25113;16.0;7.6
03;2021-03-27;817;23;53976;25136;16.3;7.6
03;2021-03-28;1;39;53977;25175;16.3;7.6
03;2021-03-29;659;176;54636;25351;16.5;7.7
03;2021-03-30;1908;458;56544;25809;17.1;7.8
03;2021-03-31;1014;987;57558;26796;17.4;8.1
03;2021-04-01;1375;1127;58933;27923;17.8;8.4
03;2021-04-02;1705;616;60638;28539;18.3;8.6
03;2021-04-03;365;100;61003;28639;18.4;8.6
03;2021-04-04;3;0;61006;28639;18.4;8.6
03;2021-04-05;18;14;61024;28653;18.4;8.6
03;2021-04-06;1073;414;62097;29067;18.7;8.8
03;2021-04-07;1562;524;63659;29591;19.2;8.9
03;2021-04-08;2121;489;65780;30080;19.9;9.1
03;2021-04-09;2056;1165;67836;31245;20.5;9.4
03;2021-04-10;1013;73;68849;31318;20.8;9.5
03;2021-04-11;478;9;69327;31327;20.9;9.5
03;2021-04-12;986;228;70313;31555;21.2;9.5
03;2021-04-13;1873;989;72186;32544;21.8;9.8
03;2021-04-14;2334;1225;74520;33769;22.5;10.2
03;2021-04-15;2621;1405;77141;35174;23.3;10.6
03;2021-04-16;2834;1187;79975;36361;24.1;11.0
03;2021-04-17;1083;443;81058;36804;24.5;11.1
03;2021-04-18;0;0;81058;36804;24.5;11.1
03;2021-04-19;1191;588;82249;37392;24.8;11.3
03;2021-04-20;1747;1277;83996;38669;25.4;11.7
03;2021-04-21;1122;1295;85118;39964;25.7;12.1
03;2021-04-22;1675;1004;86793;40968;26.2;12.4
03;2021-04-23;2478;1274;89271;42242;26.9;12.7
03;2021-04-24;1301;928;90572;43170;27.3;13.0
03;2021-04-25;350;16;90922;43186;27.4;13.0
03;2021-04-26;1332;467;92254;43653;27.8;13.2
03;2021-04-27;1766;1530;94020;45183;28.4;13.6
03;2021-04-28;1930;1125;95950;46308;29.0;14.0
03;2021-04-29;2371;1252;98321;47560;29.7;14.4
03;2021-04-30;1931;810;100252;48370;30.3;14.6
03;2021-05-01;438;493;100690;48863;30.4;14.7
03;2021-05-02;2;1;100692;48864;30.4;14.7
03;2021-05-03;1912;775;102604;49639;31.0;15.0
03;2021-05-04;2845;1637;105449;51276;31.8;15.5
03;2021-05-05;2604;1332;108053;52608;32.6;15.9
03;2021-05-06;3095;2011;111148;54619;33.5;16.5
03;2021-05-07;4729;1800;115877;56419;35.0;17.0
03;2021-05-08;661;381;116538;56800;35.2;17.1
03;2021-05-09;49;511;116587;57311;35.2;17.3
03;2021-05-10;1892;1481;118479;58792;35.8;17.7
03;2021-05-11;3902;1841;122381;60633;36.9;18.3
03;2021-05-12;2972;1523;125353;62156;37.8;18.8
03;2021-05-13;4384;410;129737;62566;39.2;18.9
03;2021-05-14;3655;1698;133392;64264;40.3;19.4
03;2021-05-15;1943;491;135335;64755;40.8;19.5
03;2021-05-16;522;57;135857;64812;41.0;19.6
03;2021-05-17;1277;862;137134;65674;41.4;19.8
03;2021-05-18;3068;1506;140202;67180;42.3;20.3
03;2021-05-19;2623;967;142825;68147;43.1;20.6
03;2021-05-20;3334;1145;146159;69292;44.1;20.9
03;2021-05-21;4194;1285;150353;70577;45.4;21.3
03;2021-05-22;2012;359;152365;70936;46.0;21.4
03;2021-05-23;641;73;153006;71009;46.2;21.4
03;2021-05-24;2654;216;155660;71225;47.0;21.5
03;2021-05-25;3067;1691;158727;72916;47.9;22.0
03;2021-05-26;2336;1044;161063;73960;48.6;22.3
03;2021-05-27;2945;1126;164008;75086;49.5;22.7
03;2021-05-28;3848;2287;167856;77373;50.7;23.4
03;2021-05-29;1748;603;169604;77976;51.2;23.5
03;2021-05-30;242;23;169846;77999;51.3;23.5
03;2021-05-31;697;575;170543;78574;51.5;23.7
03;2021-06-01;2302;2347;172845;80921;52.2;24.4
03;2021-06-02;1534;1749;174379;82670;52.6;25.0
03;2021-06-03;2060;2755;176439;85425;53.3;25.8
03;2021-06-04;1698;2508;178137;87933;53.8;26.5
03;2021-06-05;1076;1143;179213;89076;54.1;26.9
03;2021-06-06;59;7;179272;89083;54.1;26.9
03;2021-06-07;785;1815;180057;90898;54.3;27.4
03;2021-06-08;1458;2557;181515;93455;54.8;28.2
03;2021-06-09;1267;1877;182782;95332;55.2;28.8
03;2021-06-10;1381;2124;184163;97456;55.6;29.4
03;2021-06-11;1503;3450;185666;100906;56.0;30.5
03;2021-06-12;831;823;186497;101729;56.3;30.7
03;2021-06-13;20;10;186517;101739;56.3;30.7
03;2021-06-14;381;2177;186898;103916;56.4;31.4
03;2021-06-15;1317;3837;188215;107753;56.8;32.5
03;2021-06-16;788;2890;189003;110643;57.0;33.4
03;2021-06-17;1083;3334;190086;113977;57.4;34.4
03;2021-06-18;1107;3981;191193;117958;57.7;35.6
03;2021-06-19;641;1618;191834;119576;57.9;36.1
03;2021-06-20;20;8;191854;119584;57.9;36.1
03;2021-06-21;461;2636;192315;122220;58.0;36.9
03;2021-06-22;1027;4003;193342;126223;58.4;38.1
03;2021-06-23;716;3285;194058;129508;58.6;39.1
03;2021-06-24;982;3862;195040;133370;58.9;40.3
03;2021-06-25;1016;3893;196056;137263;59.2;41.4
03;2021-06-26;513;2040;196569;139303;59.3;42.0
03;2021-06-27;65;486;196634;139789;59.3;42.2
03;2021-06-28;642;2101;197276;141890;59.5;42.8
03;2021-06-29;1028;3330;198304;145220;59.9;43.8
03;2021-06-30;831;3120;199135;148340;60.1;44.8
03;2021-07-01;987;2936;200122;151276;60.4;45.7
03;2021-07-02;920;4094;201042;155370;60.7;46.9
03;2021-07-03;487;1884;201529;157254;60.8;47.5
03;2021-07-04;20;332;201549;157586;60.8;47.6
03;2021-07-05;818;2381;202367;159967;61.1;48.3
03;2021-07-06;1171;3462;203538;163429;61.4;49.3
03;2021-07-07;804;2618;204342;166047;61.7;50.1
03;2021-07-08;1060;3043;205402;169090;62.0;51.0
03;2021-07-09;1470;3626;206872;172716;62.4;52.1
03;2021-07-10;508;1926;207380;174642;62.6;52.7
03;2021-07-11;61;492;207441;175134;62.6;52.9
03;2021-07-12;939;1148;208380;176282;62.9;53.2
03;2021-07-13;2612;3153;210992;179435;63.7;54.2
03;2021-07-14;195;25;211187;179460;63.7;54.2
03;2021-07-15;2613;2454;213800;181914;64.5;54.9
03;2021-07-16;2737;2275;216537;184189;65.4;55.6
03;2021-07-17;1032;1626;217569;185815;65.7;56.1
03;2021-07-18;33;8;217602;185823;65.7;56.1
03;2021-07-19;2391;1277;219993;187100;66.4;56.5
03;2021-07-20;3074;3033;223067;190133;67.3;57.4
03;2021-07-21;3214;1439;226281;191572;68.3;57.8
03;2021-07-22;2851;1887;229132;193459;69.2;58.4
03;2021-07-23;3205;1307;232337;194766;70.1;58.8
03;2021-07-24;590;581;232927;195347;70.3;59.0
03;2021-07-25;18;5;232945;195352;70.3;59.0
03;2021-07-26;2043;1579;234988;196931;70.9;59.4
03;2021-07-27;3321;2230;238309;199161;71.9;60.1
03;2021-07-28;2718;1118;241027;200279;72.7;60.4
03;2021-07-29;2549;1662;243576;201941;73.5;61.0
03;2021-07-30;2136;1455;245712;203396;74.2;61.4
03;2021-07-31;964;893;246676;204289;74.5;61.7
03;2021-08-01;13;20;246689;204309;74.5;61.7
03;2021-08-02;1679;1605;248368;205914;75.0;62.2
03;2021-08-03;2223;2778;250591;208692;75.6;63.0
03;2021-08-04;2195;894;252786;209586;76.3;63.3
03;2021-08-05;1265;1939;254051;211525;76.7;63.8
03;2021-08-06;1281;1025;255332;212550;77.1;64.2
03;2021-08-07;614;496;255946;213046;77.3;64.3
03;2021-08-08;66;29;256012;213075;77.3;64.3
03;2021-08-09;597;1304;256609;214379;77.5;64.7
03;2021-08-10;1676;3471;258285;217850;78.0;65.8
03;2021-08-11;1333;2529;259618;220379;78.4;66.5
03;2021-08-12;1137;3514;260755;223893;78.7;67.6
03;2021-08-13;776;1052;261531;224945;78.9;67.9
03;2021-08-14;380;566;261911;225511;79.1;68.1
03;2021-08-15;9;61;261920;225572;79.1;68.1
03;2021-08-16;725;2693;262645;228265;79.3;68.9
03;2021-08-17;1076;3218;263721;231483;79.6;69.9
03;2021-08-18;1164;2156;264885;233639;79.9;70.5
03;2021-08-19;1010;3049;265895;236688;80.3;71.4
03;2021-08-20;718;1138;266613;237826;80.5;71.8
03;2021-08-21;418;727;267031;238553;80.6;72.0
03;2021-08-22;8;6;267039;238559;80.6;72.0
03;2021-08-23;784;2289;267823;240848;80.8;72.7
03;2021-08-24;893;2406;268716;243254;81.1;73.4
03;2021-08-25;934;2029;269650;245283;81.4;74.0
03;2021-08-26;574;1435;270224;246718;81.6;74.5
03;2021-08-27;457;1581;270681;248299;81.7;74.9
03;2021-08-28;219;674;270900;248973;81.8;75.1
03;2021-08-29;4;0;270904;248973;81.8;75.1
03;2021-08-30;768;1450;271672;250423;82.0;75.6
03;2021-08-31;706;1949;272378;252372;82.2;76.2
03;2021-09-01;605;1292;272983;253664;82.4;76.6
03;2021-09-02;479;1090;273462;254754;82.5;76.9
03;2021-09-03;492;1073;273954;255827;82.7;77.2
03;2021-09-04;251;608;274205;256435;82.8;77.4
03;2021-09-05;7;14;274212;256449;82.8;77.4
03;2021-09-06;320;688;274532;257137;82.9;77.6
03;2021-09-07;578;1172;275110;258309;83.0;78.0
03;2021-09-08;424;1243;275534;259552;83.2;78.3
03;2021-09-09;275;661;275809;260213;83.2;78.5
03;2021-09-10;414;911;276223;261124;83.4;78.8
03;2021-09-11;209;649;276432;261773;83.4;79.0
03;2021-09-12;2;20;276434;261793;83.4;79.0
03;2021-09-13;285;660;276719;262453;83.5;79.2
03;2021-09-14;448;930;277167;263383;83.7;79.5
03;2021-09-15;360;996;277527;264379;83.8;79.8
03;2021-09-16;219;556;277746;264935;83.8;80.0
03;2021-09-17;161;356;277907;265291;83.9;80.1
03;2021-09-18;132;311;278039;265602;83.9;80.2
03;2021-09-19;0;11;278039;265613;83.9;80.2
03;2021-09-20;187;424;278226;266037;84.0;80.3
03;2021-09-21;249;722;278475;266759;84.1;80.5
03;2021-09-22;267;684;278742;267443;84.1;80.7
03;2021-09-23;178;460;278920;267903;84.2;80.9
03;2021-09-24;148;321;279068;268224;84.2;81.0
03;2021-09-25;51;257;279119;268481;84.2;81.0
03;2021-09-26;3;0;279122;268481;84.2;81.0
03;2021-09-27;116;326;279238;268807;84.3;81.1
03;2021-09-28;193;617;279431;269424;84.3;81.3
03;2021-09-29;214;506;279645;269930;84.4;81.5
03;2021-09-30;122;251;279767;270181;84.4;81.5
03;2021-10-01;155;489;279922;270670;84.5;81.7
03;2021-10-02;82;176;280004;270846;84.5;81.7
03;2021-10-03;0;0;280004;270846;84.5;81.7
03;2021-10-04;42;101;280046;270947;84.5;81.8
03;2021-10-05;169;389;280215;271336;84.6;81.9
03;2021-10-06;274;546;280489;271882;84.7;82.1
03;2021-10-07;99;207;280588;272089;84.7;82.1
03;2021-10-08;126;281;280714;272370;84.7;82.2
03;2021-10-09;108;166;280822;272536;84.8;82.3
03;2021-10-10;0;1;280822;272537;84.8;82.3
04;2020-12-27;0;0;0;0;0.0;0.0
04;2020-12-28;1;0;1;0;0.0;0.0
04;2020-12-29;0;0;1;0;0.0;0.0
04;2020-12-30;0;0;1;0;0.0;0.0
04;2020-12-31;0;0;1;0;0.0;0.0
04;2021-01-01;0;0;1;0;0.0;0.0
04;2021-01-02;0;0;1;0;0.0;0.0
04;2021-01-03;0;0;1;0;0.0;0.0
04;2021-01-04;0;0;1;0;0.0;0.0
04;2021-01-05;4;0;5;0;0.0;0.0
04;2021-01-06;0;0;5;0;0.0;0.0
04;2021-01-07;61;0;66;0;0.0;0.0
04;2021-01-08;88;0;154;0;0.1;0.0
04;2021-01-09;57;0;211;0;0.1;0.0
04;2021-01-10;0;0;211;0;0.1;0.0
04;2021-01-11;77;0;288;0;0.2;0.0
04;2021-01-12;421;0;709;0;0.4;0.0
04;2021-01-13;244;2;953;2;0.6;0.0
04;2021-01-14;90;2;1043;4;0.6;0.0
04;2021-01-15;164;4;1207;8;0.7;0.0
04;2021-01-16;106;3;1313;11;0.8;0.0
04;2021-01-17;14;0;1327;11;0.8;0.0
04;2021-01-18;236;9;1563;20;0.9;0.0
04;2021-01-19;469;4;2032;24;1.2;0.0
04;2021-01-20;574;10;2606;34;1.6;0.0
04;2021-01-21;614;6;3220;40;1.9;0.0
04;2021-01-22;639;1;3859;41;2.3;0.0
04;2021-01-23;111;0;3970;41;2.4;0.0
04;2021-01-24;0;0;3970;41;2.4;0.0
04;2021-01-25;240;0;4210;41;2.5;0.0
04;2021-01-26;656;1;4866;42;2.9;0.0
04;2021-01-27;480;0;5346;42;3.2;0.0
04;2021-01-28;665;22;6011;64;3.6;0.0
04;2021-01-29;368;43;6379;107;3.9;0.1
04;2021-01-30;65;41;6444;148;3.9;0.1
04;2021-01-31;1;5;6445;153;3.9;0.1
04;2021-02-01;268;150;6713;303;4.1;0.2
04;2021-02-02;562;225;7275;528;4.4;0.3
04;2021-02-03;367;159;7642;687;4.6;0.4
04;2021-02-04;359;54;8001;741;4.8;0.4
04;2021-02-05;379;219;8380;960;5.1;0.6
04;2021-02-06;50;93;8430;1053;5.1;0.6
04;2021-02-07;2;22;8432;1075;5.1;0.7
04;2021-02-08;163;71;8595;1146;5.2;0.7
04;2021-02-09;196;143;8791;1289;5.3;0.8
04;2021-02-10;253;170;9044;1459;5.5;0.9
04;2021-02-11;363;291;9407;1750;5.7;1.1
04;2021-02-12;293;317;9700;2067;5.9;1.3
04;2021-02-13;27;94;9727;2161;5.9;1.3
04;2021-02-14;0;0;9727;2161;5.9;1.3
04;2021-02-15;31;164;9758;2325;5.9;1.4
04;2021-02-16;81;520;9839;2845;6.0;1.7
04;2021-02-17;67;431;9906;3276;6.0;2.0
04;2021-02-18;45;614;9951;3890;6.0;2.4
04;2021-02-19;53;372;10004;4262;6.1;2.6
04;2021-02-20;5;71;10009;4333;6.1;2.6
04;2021-02-21;0;0;10009;4333;6.1;2.6
04;2021-02-22;7;297;10016;4630;6.1;2.8
04;2021-02-23;19;594;10035;5224;6.1;3.2
04;2021-02-24;38;447;10073;5671;6.1;3.4
04;2021-02-25;73;377;10146;6048;6.1;3.7
04;2021-02-26;216;335;10362;6383;6.3;3.9
04;2021-02-27;179;75;10541;6458;6.4;3.9
04;2021-02-28;1;0;10542;6458;6.4;3.9
04;2021-03-01;18;74;10560;6532;6.4;4.0
04;2021-03-02;135;41;10695;6573;6.5;4.0
04;2021-03-03;375;644;11070;7217;6.7;4.4
04;2021-03-04;208;490;11278;7707;6.8;4.7
04;2021-03-05;236;358;11514;8065;7.0;4.9
04;2021-03-06;912;78;12426;8143;7.5;4.9
04;2021-03-07;498;26;12924;8169;7.8;4.9
04;2021-03-08;45;84;12969;8253;7.9;5.0
04;2021-03-09;215;258;13184;8511;8.0;5.2
04;2021-03-10;401;376;13585;8887;8.2;5.4
04;2021-03-11;495;342;14080;9229;8.5;5.6
04;2021-03-12;697;210;14777;9439;8.9;5.7
04;2021-03-13;1088;64;15865;9503;9.6;5.8
04;2021-03-14;460;4;16325;9507;9.9;5.8
04;2021-03-15;93;14;16418;9521;9.9;5.8
04;2021-03-16;74;9;16492;9530;10.0;5.8
04;2021-03-17;534;86;17026;9616;10.3;5.8
04;2021-03-18;814;25;17840;9641;10.8;5.8
04;2021-03-19;723;33;18563;9674;11.2;5.9
04;2021-03-20;159;3;18722;9677;11.3;5.9
04;2021-03-21;0;0;18722;9677;11.3;5.9
04;2021-03-22;105;13;18827;9690;11.4;5.9
04;2021-03-23;245;7;19072;9697;11.5;5.9
04;2021-03-24;1024;54;20096;9751;12.2;5.9
04;2021-03-25;1326;48;21422;9799;13.0;5.9
04;2021-03-26;1448;68;22870;9867;13.8;6.0
04;2021-03-27;266;22;23136;9889;14.0;6.0
04;2021-03-28;2;0;23138;9889;14.0;6.0
04;2021-03-29;680;13;23818;9902;14.4;6.0
04;2021-03-30;1086;150;24904;10052;15.1;6.1
04;2021-03-31;1327;107;26231;10159;15.9;6.1
04;2021-04-01;1133;133;27364;10292;16.6;6.2
04;2021-04-02;1185;115;28549;10407;17.3;6.3
04;2021-04-03;250;21;28799;10428;17.4;6.3
04;2021-04-04;1;0;28800;10428;17.4;6.3
04;2021-04-05;36;1;28836;10429;17.5;6.3
04;2021-04-06;929;155;29765;10584;18.0;6.4
04;2021-04-07;881;437;30646;11021;18.6;6.7
04;2021-04-08;926;696;31572;11717;19.1;7.1
04;2021-04-09;678;423;32250;12140;19.5;7.3
04;2021-04-10;231;192;32481;12332;19.7;7.5
04;2021-04-11;153;65;32634;12397;19.8;7.5
04;2021-04-12;593;103;33227;12500;20.1;7.6
04;2021-04-13;1189;242;34416;12742;20.8;7.7
04;2021-04-14;994;500;35410;13242;21.4;8.0
04;2021-04-15;921;673;36331;13915;22.0;8.4
04;2021-04-16;819;457;37150;14372;22.5;8.7
04;2021-04-17;209;69;37359;14441;22.6;8.7
04;2021-04-18;0;13;37359;14454;22.6;8.7
04;2021-04-19;338;288;37697;14742;22.8;8.9
04;2021-04-20;1003;446;38700;15188;23.4;9.2
04;2021-04-21;656;747;39356;15935;23.8;9.6
04;2021-04-22;758;855;40114;16790;24.3;10.2
04;2021-04-23;696;540;40810;17330;24.7;10.5
04;2021-04-24;165;65;40975;17395;24.8;10.5
04;2021-04-25;0;0;40975;17395;24.8;10.5
04;2021-04-26;172;613;41147;18008;24.9;10.9
04;2021-04-27;395;967;41542;18975;25.1;11.5
04;2021-04-28;431;1089;41973;20064;25.4;12.1
04;2021-04-29;688;1130;42661;21194;25.8;12.8
04;2021-04-30;436;850;43097;22044;26.1;13.3
04;2021-05-01;104;22;43201;22066;26.2;13.4
04;2021-05-02;8;131;43209;22197;26.2;13.4
04;2021-05-03;151;551;43360;22748;26.2;13.8
04;2021-05-04;564;839;43924;23587;26.6;14.3
04;2021-05-05;514;927;44438;24514;26.9;14.8
04;2021-05-06;1161;592;45599;25106;27.6;15.2
04;2021-05-07;656;765;46255;25871;28.0;15.7
04;2021-05-08;48;99;46303;25970;28.0;15.7
04;2021-05-09;0;0;46303;25970;28.0;15.7
04;2021-05-10;467;297;46770;26267;28.3;15.9
04;2021-05-11;1198;907;47968;27174;29.0;16.4
04;2021-05-12;1387;741;49355;27915;29.9;16.9
04;2021-05-13;378;131;49733;28046;30.1;17.0
04;2021-05-14;441;296;50174;28342;30.4;17.2
04;2021-05-15;99;162;50273;28504;30.4;17.3
04;2021-05-16;4;6;50277;28510;30.4;17.3
04;2021-05-17;155;297;50432;28807;30.5;17.4
04;2021-05-18;392;975;50824;29782;30.8;18.0
04;2021-05-19;773;688;51597;30470;31.2;18.4
04;2021-05-20;1256;548;52853;31018;32.0;18.8
04;2021-05-21;853;787;53706;31805;32.5;19.3
04;2021-05-22;105;146;53811;31951;32.6;19.3
04;2021-05-23;1;1;53812;31952;32.6;19.3
04;2021-05-24;2;36;53814;31988;32.6;19.4
04;2021-05-25;868;596;54682;32584;33.1;19.7
04;2021-05-26;1048;791;55730;33375;33.7;20.2
04;2021-05-27;1356;632;57086;34007;34.6;20.6
04;2021-05-28;1119;656;58205;34663;35.2;21.0
04;2021-05-29;90;398;58295;35061;35.3;21.2
04;2021-05-30;3;1;58298;35062;35.3;21.2
04;2021-05-31;420;416;58718;35478;35.5;21.5
04;2021-06-01;640;641;59358;36119;35.9;21.9
04;2021-06-02;871;1063;60229;37182;36.5;22.5
04;2021-06-03;1196;851;61425;38033;37.2;23.0
04;2021-06-04;978;779;62403;38812;37.8;23.5
04;2021-06-05;142;203;62545;39015;37.9;23.6
04;2021-06-06;7;13;62552;39028;37.9;23.6
04;2021-06-07;563;317;63115;39345;38.2;23.8
04;2021-06-08;839;595;63954;39940;38.7;24.2
04;2021-06-09;1146;688;65100;40628;39.4;24.6
04;2021-06-10;1142;585;66242;41213;40.1;24.9
04;2021-06-11;944;615;67186;41828;40.7;25.3
04;2021-06-12;212;148;67398;41976;40.8;25.4
04;2021-06-13;1;1;67399;41977;40.8;25.4
04;2021-06-14;478;303;67877;42280;41.1;25.6
04;2021-06-15;644;1003;68521;43283;41.5;26.2
04;2021-06-16;1022;787;69543;44070;42.1;26.7
04;2021-06-17;1001;959;70544;45029;42.7;27.3
04;2021-06-18;761;886;71305;45915;43.2;27.8
04;2021-06-19;40;85;71345;46000;43.2;27.8
04;2021-06-20;7;9;71352;46009;43.2;27.9
04;2021-06-21;305;614;71657;46623;43.4;28.2
04;2021-06-22;361;1308;72018;47931;43.6;29.0
04;2021-06-23;474;1311;72492;49242;43.9;29.8
04;2021-06-24;852;820;73344;50062;44.4;30.3
04;2021-06-25;461;639;73805;50701;44.7;30.7
04;2021-06-26;57;130;73862;50831;44.7;30.8
04;2021-06-27;4;4;73866;50835;44.7;30.8
04;2021-06-28;158;341;74024;51176;44.8;31.0
04;2021-06-29;370;839;74394;52015;45.0;31.5
04;2021-06-30;541;1121;74935;53136;45.4;32.2
04;2021-07-01;578;1219;75513;54355;45.7;32.9
04;2021-07-02;557;1090;76070;55445;46.0;33.6
04;2021-07-03;65;162;76135;55607;46.1;33.7
04;2021-07-04;6;6;76141;55613;46.1;33.7
04;2021-07-05;106;297;76247;55910;46.2;33.8
04;2021-07-06;503;1383;76750;57293;46.5;34.7
04;2021-07-07;494;1341;77244;58634;46.8;35.5
04;2021-07-08;725;1361;77969;59995;47.2;36.3
04;2021-07-09;580;1063;78549;61058;47.5;37.0
04;2021-07-10;92;177;78641;61235;47.6;37.1
04;2021-07-11;0;21;78641;61256;47.6;37.1
04;2021-07-12;128;652;78769;61908;47.7;37.5
04;2021-07-13;882;1541;79651;63449;48.2;38.4
04;2021-07-14;26;43;79677;63492;48.2;38.4
04;2021-07-15;1219;1736;80896;65228;49.0;39.5
04;2021-07-16;1082;1118;81978;66346;49.6;40.2
04;2021-07-17;446;235;82424;66581;49.9;40.3
04;2021-07-18;114;18;82538;66599;50.0;40.3
04;2021-07-19;484;655;83022;67254;50.3;40.7
04;2021-07-20;1313;1469;84335;68723;51.1;41.6
04;2021-07-21;1126;1166;85461;69889;51.7;42.3
04;2021-07-22;1500;1372;86961;71261;52.6;43.1
04;2021-07-23;1150;1142;88111;72403;53.3;43.8
04;2021-07-24;685;215;88796;72618;53.8;44.0
04;2021-07-25;42;20;88838;72638;53.8;44.0
04;2021-07-26;445;639;89283;73277;54.0;44.4
04;2021-07-27;1370;1046;90653;74323;54.9;45.0
04;2021-07-28;1073;1037;91726;75360;55.5;45.6
04;2021-07-29;1561;1302;93287;76662;56.5;46.4
04;2021-07-30;1244;924;94531;77586;57.2;47.0
04;2021-07-31;251;176;94782;77762;57.4;47.1
04;2021-08-01;48;19;94830;77781;57.4;47.1
04;2021-08-02;196;110;95026;77891;57.5;47.2
04;2021-08-03;1348;1117;96374;79008;58.3;47.8
04;2021-08-04;1178;864;97552;79872;59.1;48.3
04;2021-08-05;1194;738;98746;80610;59.8;48.8
04;2021-08-06;516;396;99262;81006;60.1;49.0
04;2021-08-07;162;162;99424;81168;60.2;49.1
04;2021-08-08;25;12;99449;81180;60.2;49.1
04;2021-08-09;102;117;99551;81297;60.3;49.2
04;2021-08-10;655;981;100206;82278;60.7;49.8
04;2021-08-11;1147;1020;101353;83298;61.4;50.4
04;2021-08-12;1124;1308;102477;84606;62.0;51.2
04;2021-08-13;443;386;102920;84992;62.3;51.4
04;2021-08-14;100;73;103020;85065;62.4;51.5
04;2021-08-15;1;0;103021;85065;62.4;51.5
04;2021-08-16;103;138;103124;85203;62.4;51.6
04;2021-08-17;496;1015;103620;86218;62.7;52.2
04;2021-08-18;720;1318;104340;87536;63.2;53.0
04;2021-08-19;740;1413;105080;88949;63.6;53.8
04;2021-08-20;748;1363;105828;90312;64.1;54.7
04;2021-08-21;66;111;105894;90423;64.1;54.7
04;2021-08-22;15;45;105909;90468;64.1;54.8
04;2021-08-23;55;110;105964;90578;64.1;54.8
04;2021-08-24;684;1493;106648;92071;64.6;55.7
04;2021-08-25;658;1183;107306;93254;65.0;56.5
04;2021-08-26;488;1217;107794;94471;65.3;57.2
04;2021-08-27;452;929;108246;95400;65.5;57.7
04;2021-08-28;132;245;108378;95645;65.6;57.9
04;2021-08-29;27;23;108405;95668;65.6;57.9
04;2021-08-30;122;240;108527;95908;65.7;58.1
04;2021-08-31;511;976;109038;96884;66.0;58.6
04;2021-09-01;511;1200;109549;98084;66.3;59.4
04;2021-09-02;336;855;109885;98939;66.5;59.9
04;2021-09-03;288;766;110173;99705;66.7;60.4
04;2021-09-04;148;227;110321;99932;66.8;60.5
04;2021-09-05;14;9;110335;99941;66.8;60.5
04;2021-09-06;57;103;110392;100044;66.8;60.6
04;2021-09-07;371;834;110763;100878;67.0;61.1
04;2021-09-08;328;740;111091;101618;67.2;61.5
04;2021-09-09;341;724;111432;102342;67.5;62.0
04;2021-09-10;278;667;111710;103009;67.6;62.4
04;2021-09-11;93;114;111803;103123;67.7;62.4
04;2021-09-12;18;23;111821;103146;67.7;62.4
04;2021-09-13;95;72;111916;103218;67.7;62.5
04;2021-09-14;334;609;112250;103827;67.9;62.9
04;2021-09-15;309;702;112559;104529;68.1;63.3
04;2021-09-16;310;522;112869;105051;68.3;63.6
04;2021-09-17;184;565;113053;105616;68.4;63.9
04;2021-09-18;48;123;113101;105739;68.5;64.0
04;2021-09-19;0;5;113101;105744;68.5;64.0
04;2021-09-20;79;51;113180;105795;68.5;64.0
04;2021-09-21;188;570;113368;106365;68.6;64.4
04;2021-09-22;162;677;113530;107042;68.7;64.8
04;2021-09-23;205;377;113735;107419;68.8;65.0
04;2021-09-24;143;436;113878;107855;68.9;65.3
04;2021-09-25;42;99;113920;107954;69.0;65.3
04;2021-09-26;6;26;113926;107980;69.0;65.4
04;2021-09-27;19;66;113945;108046;69.0;65.4
04;2021-09-28;139;277;114084;108323;69.1;65.6
04;2021-09-29;136;383;114220;108706;69.1;65.8
04;2021-09-30;123;274;114343;108980;69.2;66.0
04;2021-10-01;121;182;114464;109162;69.3;66.1
04;2021-10-02;60;135;114524;109297;69.3;66.2
04;2021-10-03;3;5;114527;109302;69.3;66.2
04;2021-10-04;35;45;114562;109347;69.3;66.2
04;2021-10-05;171;341;114733;109688;69.5;66.4
04;2021-10-06;183;341;114916;110029;69.6;66.6
04;2021-10-07;94;282;115010;110311;69.6;66.8
04;2021-10-08;98;170;115108;110481;69.7;66.9
04;2021-10-09;23;86;115131;110567;69.7;66.9
04;2021-10-10;1;2;115132;110569;69.7;66.9
05;2020-12-27;0;0;0;0;0.0;0.0
05;2020-12-28;1;0;1;0;0.0;0.0
05;2020-12-29;1;0;2;0;0.0;0.0
05;2020-12-30;2;0;4;0;0.0;0.0
05;2020-12-31;0;0;4;0;0.0;0.0
05;2021-01-01;2;0;6;0;0.0;0.0
05;2021-01-02;2;0;8;0;0.0;0.0
05;2021-01-03;1;0;9;0;0.0;0.0
05;2021-01-04;2;0;11;0;0.0;0.0
05;2021-01-05;0;0;11;0;0.0;0.0
05;2021-01-06;22;1;33;1;0.0;0.0
05;2021-01-07;128;0;161;1;0.1;0.0
05;2021-01-08;146;1;307;2;0.2;0.0
05;2021-01-09;11;0;318;2;0.2;0.0
05;2021-01-10;0;0;318;2;0.2;0.0
05;2021-01-11;44;0;362;2;0.3;0.0
05;2021-01-12;105;0;467;2;0.3;0.0
05;2021-01-13;139;0;606;2;0.4;0.0
05;2021-01-14;167;0;773;2;0.5;0.0
05;2021-01-15;127;1;900;3;0.6;0.0
05;2021-01-16;15;0;915;3;0.6;0.0
05;2021-01-17;0;0;915;3;0.6;0.0
05;2021-01-18;226;1;1141;4;0.8;0.0
05;2021-01-19;227;0;1368;4;1.0;0.0
05;2021-01-20;213;0;1581;4;1.1;0.0
05;2021-01-21;255;0;1836;4;1.3;0.0
05;2021-01-22;196;1;2032;5;1.4;0.0
05;2021-01-23;113;0;2145;5;1.5;0.0
05;2021-01-24;0;0;2145;5;1.5;0.0
05;2021-01-25;316;0;2461;5;1.7;0.0
05;2021-01-26;486;0;2947;5;2.1;0.0
05;2021-01-27;389;4;3336;9;2.4;0.0
05;2021-01-28;363;56;3699;65;2.6;0.0
05;2021-01-29;364;113;4063;178;2.9;0.1
05;2021-01-30;97;9;4160;187;2.9;0.1
05;2021-01-31;4;0;4164;187;2.9;0.1
05;2021-02-01;177;21;4341;208;3.1;0.1
05;2021-02-02;187;121;4528;329;3.2;0.2
05;2021-02-03;208;63;4736;392;3.3;0.3
05;2021-02-04;197;125;4933;517;3.5;0.4
05;2021-02-05;183;109;5116;626;3.6;0.4
05;2021-02-06;76;24;5192;650;3.7;0.5
05;2021-02-07;0;5;5192;655;3.7;0.5
05;2021-02-08;84;124;5276;779;3.7;0.5
05;2021-02-09;97;113;5373;892;3.8;0.6
05;2021-02-10;81;175;5454;1067;3.8;0.8
05;2021-02-11;87;137;5541;1204;3.9;0.8
05;2021-02-12;85;148;5626;1352;4.0;1.0
05;2021-02-13;75;31;5701;1383;4.0;1.0
05;2021-02-14;0;0;5701;1383;4.0;1.0
05;2021-02-15;98;190;5799;1573;4.1;1.1
05;2021-02-16;111;286;5910;1859;4.2;1.3
05;2021-02-17;136;231;6046;2090;4.3;1.5
05;2021-02-18;154;299;6200;2389;4.4;1.7
05;2021-02-19;158;322;6358;2711;4.5;1.9
05;2021-02-20;31;87;6389;2798;4.5;2.0
05;2021-02-21;0;0;6389;2798;4.5;2.0
05;2021-02-22;70;247;6459;3045;4.6;2.1
05;2021-02-23;18;237;6477;3282;4.6;2.3
05;2021-02-24;20;190;6497;3472;4.6;2.4
05;2021-02-25;56;174;6553;3646;4.6;2.6
05;2021-02-26;145;215;6698;3861;4.7;2.7
05;2021-02-27;65;171;6763;4032;4.8;2.8
05;2021-02-28;11;0;6774;4032;4.8;2.8
05;2021-03-01;92;169;6866;4201;4.8;3.0
05;2021-03-02;92;198;6958;4399;4.9;3.1
05;2021-03-03;112;233;7070;4632;5.0;3.3
05;2021-03-04;242;167;7312;4799;5.2;3.4
05;2021-03-05;578;193;7890;4992;5.6;3.5
05;2021-03-06;670;60;8560;5052;6.0;3.6
05;2021-03-07;516;21;9076;5073;6.4;3.6
05;2021-03-08;556;139;9632;5212;6.8;3.7
05;2021-03-09;520;167;10152;5379;7.2;3.8
05;2021-03-10;498;145;10650;5524;7.5;3.9
05;2021-03-11;377;141;11027;5665;7.8;4.0
05;2021-03-12;435;93;11462;5758;8.1;4.1
05;2021-03-13;797;98;12259;5856;8.6;4.1
05;2021-03-14;670;12;12929;5868;9.1;4.1
05;2021-03-15;354;125;13283;5993;9.4;4.2
05;2021-03-16;149;144;13432;6137;9.5;4.3
05;2021-03-17;262;120;13694;6257;9.7;4.4
05;2021-03-18;364;35;14058;6292;9.9;4.4
05;2021-03-19;450;59;14508;6351;10.2;4.5
05;2021-03-20;167;32;14675;6383;10.4;4.5
05;2021-03-21;1;0;14676;6383;10.4;4.5
05;2021-03-22;718;39;15394;6422;10.9;4.5
05;2021-03-23;805;18;16199;6440;11.4;4.5
05;2021-03-24;789;78;16988;6518;12.0;4.6
05;2021-03-25;901;59;17889;6577;12.6;4.6
05;2021-03-26;1023;49;18912;6626;13.3;4.7
05;2021-03-27;467;35;19379;6661;13.7;4.7
05;2021-03-28;10;0;19389;6661;13.7;4.7
05;2021-03-29;905;67;20294;6728;14.3;4.7
05;2021-03-30;1142;79;21436;6807;15.1;4.8
05;2021-03-31;824;255;22260;7062;15.7;5.0
05;2021-04-01;901;244;23161;7306;16.3;5.2
05;2021-04-02;664;380;23825;7686;16.8;5.4
05;2021-04-03;551;187;24376;7873;17.2;5.6
05;2021-04-04;350;64;24726;7937;17.4;5.6
05;2021-04-05;158;12;24884;7949;17.6;5.6
05;2021-04-06;646;276;25530;8225;18.0;5.8
05;2021-04-07;773;324;26303;8549;18.6;6.0
05;2021-04-08;733;338;27036;8887;19.1;6.3
05;2021-04-09;883;413;27919;9300;19.7;6.6
05;2021-04-10;714;389;28633;9689;20.2;6.8
05;2021-04-11;191;174;28824;9863;20.3;7.0
05;2021-04-12;732;264;29556;10127;20.8;7.1
05;2021-04-13;921;249;30477;10376;21.5;7.3
05;2021-04-14;666;329;31143;10705;22.0;7.6
05;2021-04-15;768;400;31911;11105;22.5;7.8
05;2021-04-16;730;411;32641;11516;23.0;8.1
05;2021-04-17;671;242;33312;11758;23.5;8.3
05;2021-04-18;305;23;33617;11781;23.7;8.3
05;2021-04-19;363;538;33980;12319;24.0;8.7
05;2021-04-20;482;631;34462;12950;24.3;9.1
05;2021-04-21;494;629;34956;13579;24.7;9.6
05;2021-04-22;385;549;35341;14128;24.9;10.0
05;2021-04-23;523;657;35864;14785;25.3;10.4
05;2021-04-24;347;384;36211;15169;25.5;10.7
05;2021-04-25;288;23;36499;15192;25.7;10.7
05;2021-04-26;367;708;36866;15900;26.0;11.2
05;2021-04-27;657;751;37523;16651;26.5;11.7
05;2021-04-28;468;721;37991;17372;26.8;12.3
05;2021-04-29;702;750;38693;18122;27.3;12.8
05;2021-04-30;509;756;39202;18878;27.7;13.3
05;2021-05-01;138;110;39340;18988;27.8;13.4
05;2021-05-02;267;115;39607;19103;27.9;13.5
05;2021-05-03;458;494;40065;19597;28.3;13.8
05;2021-05-04;384;503;40449;20100;28.5;14.2
05;2021-05-05;461;671;40910;20771;28.9;14.7
05;2021-05-06;644;726;41554;21497;29.3;15.2
05;2021-05-07;595;800;42149;22297;29.7;15.7
05;2021-05-08;481;177;42630;22474;30.1;15.9
05;2021-05-09;208;57;42838;22531;30.2;15.9
05;2021-05-10;500;697;43338;23228;30.6;16.4
05;2021-05-11;669;916;44007;24144;31.0;17.0
05;2021-05-12;647;733;44654;24877;31.5;17.5
05;2021-05-13;960;116;45614;24993;32.2;17.6
05;2021-05-14;826;495;46440;25488;32.8;18.0
05;2021-05-15;1044;353;47484;25841;33.5;18.2
05;2021-05-16;235;52;47719;25893;33.7;18.3
05;2021-05-17;484;430;48203;26323;34.0;18.6
05;2021-05-18;519;419;48722;26742;34.4;18.9
05;2021-05-19;727;459;49449;27201;34.9;19.2
05;2021-05-20;747;434;50196;27635;35.4;19.5
05;2021-05-21;705;513;50901;28148;35.9;19.9
05;2021-05-22;607;239;51508;28387;36.3;20.0
05;2021-05-23;277;59;51785;28446;36.5;20.1
05;2021-05-24;510;157;52295;28603;36.9;20.2
05;2021-05-25;515;483;52810;29086;37.3;20.5
05;2021-05-26;695;362;53505;29448;37.7;20.8
05;2021-05-27;799;572;54304;30020;38.3;21.2
05;2021-05-28;666;648;54970;30668;38.8;21.6
05;2021-05-29;566;544;55536;31212;39.2;22.0
05;2021-05-30;212;82;55748;31294;39.3;22.1
05;2021-05-31;576;495;56324;31789;39.7;22.4
05;2021-06-01;590;586;56914;32375;40.1;22.8
05;2021-06-02;684;703;57598;33078;40.6;23.3
05;2021-06-03;716;651;58314;33729;41.1;23.8
05;2021-06-04;1017;818;59331;34547;41.9;24.4
05;2021-06-05;807;508;60138;35055;42.4;24.7
05;2021-06-06;203;89;60341;35144;42.6;24.8
05;2021-06-07;605;833;60946;35977;43.0;25.4
05;2021-06-08;702;661;61648;36638;43.5;25.8
05;2021-06-09;648;783;62296;37421;43.9;26.4
05;2021-06-10;545;719;62841;38140;44.3;26.9
05;2021-06-11;765;723;63606;38863;44.9;27.4
05;2021-06-12;593;485;64199;39348;45.3;27.8
05;2021-06-13;113;91;64312;39439;45.4;27.8
05;2021-06-14;403;669;64715;40108;45.7;28.3
05;2021-06-15;543;912;65258;41020;46.0;28.9
05;2021-06-16;433;671;65691;41691;46.3;29.4
05;2021-06-17;360;805;66051;42496;46.6;30.0
05;2021-06-18;400;725;66451;43221;46.9;30.5
05;2021-06-19;421;570;66872;43791;47.2;30.9
05;2021-06-20;64;77;66936;43868;47.2;30.9
05;2021-06-21;319;641;67255;44509;47.4;31.4
05;2021-06-22;356;829;67611;45338;47.7;32.0
05;2021-06-23;354;763;67965;46101;47.9;32.5
05;2021-06-24;388;1022;68353;47123;48.2;33.2
05;2021-06-25;229;893;68582;48016;48.4;33.9
05;2021-06-26;292;1074;68874;49090;48.6;34.6
05;2021-06-27;128;170;69002;49260;48.7;34.7
05;2021-06-28;254;792;69256;50052;48.9;35.3
05;2021-06-29;250;785;69506;50837;49.0;35.9
05;2021-06-30;329;790;69835;51627;49.3;36.4
05;2021-07-01;385;793;70220;52420;49.5;37.0
05;2021-07-02;369;871;70589;53291;49.8;37.6
05;2021-07-03;305;741;70894;54032;50.0;38.1
05;2021-07-04;179;175;71073;54207;50.1;38.2
05;2021-07-05;264;780;71337;54987;50.3;38.8
05;2021-07-06;336;858;71673;55845;50.6;39.4
05;2021-07-07;400;782;72073;56627;50.8;39.9
05;2021-07-08;431;848;72504;57475;51.1;40.5
05;2021-07-09;422;994;72926;58469;51.4;41.2
05;2021-07-10;314;729;73240;59198;51.7;41.8
05;2021-07-11;176;120;73416;59318;51.8;41.8
05;2021-07-12;416;1014;73832;60332;52.1;42.6
05;2021-07-13;482;869;74314;61201;52.4;43.2
05;2021-07-14;837;300;75151;61501;53.0;43.4
05;2021-07-15;709;993;75860;62494;53.5;44.1
05;2021-07-16;1027;1456;76887;63950;54.2;45.1
05;2021-07-17;672;1306;77559;65256;54.7;46.0
05;2021-07-18;286;132;77845;65388;54.9;46.1
05;2021-07-19;572;792;78417;66180;55.3;46.7
05;2021-07-20;763;801;79180;66981;55.9;47.3
05;2021-07-21;882;841;80062;67822;56.5;47.8
05;2021-07-22;812;870;80874;68692;57.1;48.5
05;2021-07-23;1446;1239;82320;69931;58.1;49.3
05;2021-07-24;864;836;83184;70767;58.7;49.9
05;2021-07-25;305;160;83489;70927;58.9;50.0
05;2021-07-26;778;561;84267;71488;59.4;50.4
05;2021-07-27;1259;757;85526;72245;60.3;51.0
05;2021-07-28;1523;720;87049;72965;61.4;51.5
05;2021-07-29;1346;724;88395;73689;62.4;52.0
05;2021-07-30;960;595;89355;74284;63.0;52.4
05;2021-07-31;782;526;90137;74810;63.6;52.8
05;2021-08-01;192;178;90329;74988;63.7;52.9
05;2021-08-02;835;549;91164;75537;64.3;53.3
05;2021-08-03;828;610;91992;76147;64.9;53.7
05;2021-08-04;992;758;92984;76905;65.6;54.3
05;2021-08-05;981;727;93965;77632;66.3;54.8
05;2021-08-06;873;793;94838;78425;66.9;55.3
05;2021-08-07;631;642;95469;79067;67.3;55.8
05;2021-08-08;196;270;95665;79337;67.5;56.0
05;2021-08-09;775;847;96440;80184;68.0;56.6
05;2021-08-10;651;700;97091;80884;68.5;57.1
05;2021-08-11;743;857;97834;81741;69.0;57.7
05;2021-08-12;795;786;98629;82527;69.6;58.2
05;2021-08-13;626;893;99255;83420;70.0;58.8
05;2021-08-14;410;781;99665;84201;70.3;59.4
05;2021-08-15;188;224;99853;84425;70.4;59.6
05;2021-08-16;488;1086;100341;85511;70.8;60.3
05;2021-08-17;433;880;100774;86391;71.1;60.9
05;2021-08-18;438;974;101212;87365;71.4;61.6
05;2021-08-19;500;964;101712;88329;71.8;62.3
05;2021-08-20;478;1115;102190;89444;72.1;63.1
05;2021-08-21;359;851;102549;90295;72.3;63.7
05;2021-08-22;117;254;102666;90549;72.4;63.9
05;2021-08-23;321;828;102987;91377;72.7;64.5
05;2021-08-24;404;781;103391;92158;72.9;65.0
05;2021-08-25;408;926;103799;93084;73.2;65.7
05;2021-08-26;307;816;104106;93900;73.4;66.2
05;2021-08-27;334;921;104440;94821;73.7;66.9
05;2021-08-28;246;655;104686;95476;73.8;67.4
05;2021-08-29;66;255;104752;95731;73.9;67.5
05;2021-08-30;268;774;105020;96505;74.1;68.1
05;2021-08-31;253;687;105273;97192;74.3;68.6
05;2021-09-01;271;581;105544;97773;74.5;69.0
05;2021-09-02;255;603;105799;98376;74.6;69.4
05;2021-09-03;253;533;106052;98909;74.8;69.8
05;2021-09-04;203;607;106255;99516;75.0;70.2
05;2021-09-05;55;158;106310;99674;75.0;70.3
05;2021-09-06;164;328;106474;100002;75.1;70.5
05;2021-09-07;218;496;106692;100498;75.3;70.9
05;2021-09-08;177;521;106869;101019;75.4;71.3
05;2021-09-09;196;435;107065;101454;75.5;71.6
05;2021-09-10;183;329;107248;101783;75.7;71.8
05;2021-09-11;148;441;107396;102224;75.8;72.1
05;2021-09-12;24;105;107420;102329;75.8;72.2
05;2021-09-13;170;282;107590;102611;75.9;72.4
05;2021-09-14;223;269;107813;102880;76.1;72.6
05;2021-09-15;177;376;107990;103256;76.2;72.8
05;2021-09-16;174;254;108164;103510;76.3;73.0
05;2021-09-17;147;319;108311;103829;76.4;73.2
05;2021-09-18;120;359;108431;104188;76.5;73.5
05;2021-09-19;16;38;108447;104226;76.5;73.5
05;2021-09-20;59;166;108506;104392;76.5;73.6
05;2021-09-21;81;246;108587;104638;76.6;73.8
05;2021-09-22;108;290;108695;104928;76.7;74.0
05;2021-09-23;99;237;108794;105165;76.7;74.2
05;2021-09-24;85;281;108879;105446;76.8;74.4
05;2021-09-25;85;225;108964;105671;76.9;74.5
05;2021-09-26;17;31;108981;105702;76.9;74.6
05;2021-09-27;63;144;109044;105846;76.9;74.7
05;2021-09-28;68;159;109112;106005;77.0;74.8
05;2021-09-29;85;199;109197;106204;77.0;74.9
05;2021-09-30;59;102;109256;106306;77.1;75.0
05;2021-10-01;116;240;109372;106546;77.2;75.2
05;2021-10-02;93;194;109465;106740;77.2;75.3
05;2021-10-03;14;31;109479;106771;77.2;75.3
05;2021-10-04;64;160;109543;106931;77.3;75.4
05;2021-10-05;66;180;109609;107111;77.3;75.6
05;2021-10-06;83;164;109692;107275;77.4;75.7
05;2021-10-07;47;113;109739;107388;77.4;75.8
05;2021-10-08;83;143;109822;107531;77.5;75.9
05;2021-10-09;80;176;109902;107707;77.5;76.0
05;2021-10-10;12;22;109914;107729;77.5;76.0
06;2020-12-27;16;4;16;4;0.0;0.0
06;2020-12-28;26;3;42;7;0.0;0.0
06;2020-12-29;12;3;54;10;0.0;0.0
06;2020-12-30;10;1;64;11;0.0;0.0
06;2020-12-31;30;1;94;12;0.0;0.0
06;2021-01-01;26;4;120;16;0.0;0.0
06;2021-01-02;9;0;129;16;0.0;0.0
06;2021-01-03;11;3;140;19;0.0;0.0
06;2021-01-04;159;3;299;22;0.0;0.0
06;2021-01-05;195;11;494;33;0.0;0.0
06;2021-01-06;254;9;748;42;0.1;0.0
06;2021-01-07;528;7;1276;49;0.1;0.0
06;2021-01-08;695;5;1971;54;0.2;0.0
06;2021-01-09;391;5;2362;59;0.2;0.0
06;2021-01-10;83;2;2445;61;0.2;0.0
06;2021-01-11;1166;7;3611;68;0.3;0.0
06;2021-01-12;2253;13;5864;81;0.5;0.0
06;2021-01-13;1757;15;7621;96;0.7;0.0
06;2021-01-14;2188;30;9809;126;0.9;0.0
06;2021-01-15;1893;7;11702;133;1.1;0.0
06;2021-01-16;995;7;12697;140;1.2;0.0
06;2021-01-17;248;0;12945;140;1.2;0.0
06;2021-01-18;2513;27;15458;167;1.4;0.0
06;2021-01-19;2781;26;18239;193;1.7;0.0
06;2021-01-20;3394;21;21633;214;2.0;0.0
06;2021-01-21;3064;35;24697;249;2.3;0.0
06;2021-01-22;3035;39;27732;288;2.6;0.0
06;2021-01-23;1310;5;29042;293;2.7;0.0
06;2021-01-24;34;0;29076;293;2.7;0.0
06;2021-01-25;2097;16;31173;309;2.9;0.0
06;2021-01-26;3419;55;34592;364;3.2;0.0
06;2021-01-27;2577;114;37169;478;3.4;0.0
06;2021-01-28;2832;219;40001;697;3.7;0.1
06;2021-01-29;2532;329;42533;1026;3.9;0.1
06;2021-01-30;674;47;43207;1073;4.0;0.1
06;2021-01-31;4;1;43211;1074;4.0;0.1
06;2021-02-01;1031;471;44242;1545;4.1;0.1
06;2021-02-02;1519;421;45761;1966;4.2;0.2
06;2021-02-03;342;139;46103;2105;4.3;0.2
06;2021-02-04;727;894;46830;2999;4.3;0.3
06;2021-02-05;1017;1107;47847;4106;4.4;0.4
06;2021-02-06;173;466;48020;4572;4.4;0.4
06;2021-02-07;14;49;48034;4621;4.5;0.4
06;2021-02-08;546;1087;48580;5708;4.5;0.5
06;2021-02-09;327;736;48907;6444;4.5;0.6
06;2021-02-10;387;667;49294;7111;4.6;0.7
06;2021-02-11;486;1065;49780;8176;4.6;0.8
06;2021-02-12;662;1311;50442;9487;4.7;0.9
06;2021-02-13;207;518;50649;10005;4.7;0.9
06;2021-02-14;19;4;50668;10009;4.7;0.9
06;2021-02-15;469;1261;51137;11270;4.7;1.0
06;2021-02-16;877;2004;52014;13274;4.8;1.2
06;2021-02-17;847;2120;52861;15394;4.9;1.4
06;2021-02-18;1833;2685;54694;18079;5.1;1.7
06;2021-02-19;1779;2152;56473;20231;5.2;1.9
06;2021-02-20;291;525;56764;20756;5.3;1.9
06;2021-02-21;25;56;56789;20812;5.3;1.9
06;2021-02-22;1093;1623;57882;22435;5.4;2.1
06;2021-02-23;1777;1555;59659;23990;5.5;2.2
06;2021-02-24;2129;1298;61788;25288;5.7;2.3
06;2021-02-25;3873;1692;65661;26980;6.1;2.5
06;2021-02-26;3416;1630;69077;28610;6.4;2.7
06;2021-02-27;1444;338;70521;28948;6.5;2.7
06;2021-02-28;104;25;70625;28973;6.5;2.7
06;2021-03-01;2442;839;73067;29812;6.8;2.8
06;2021-03-02;2476;998;75543;30810;7.0;2.9
06;2021-03-03;2882;588;78425;31398;7.3;2.9
06;2021-03-04;4647;632;83072;32030;7.7;3.0
06;2021-03-05;3931;1052;87003;33082;8.1;3.1
06;2021-03-06;11985;402;98988;33484;9.2;3.1
06;2021-03-07;10224;352;109212;33836;10.1;3.1
06;2021-03-08;4190;1219;113402;35055;10.5;3.2
06;2021-03-09;5022;982;118424;36037;11.0;3.3
06;2021-03-10;4741;891;123165;36928;11.4;3.4
06;2021-03-11;6746;941;129911;37869;12.0;3.5
06;2021-03-12;6898;1043;136809;38912;12.7;3.6
06;2021-03-13;11281;402;148090;39314;13.7;3.6
06;2021-03-14;517;55;148607;39369;13.8;3.6
06;2021-03-15;4853;786;153460;40155;14.2;3.7
06;2021-03-16;3783;1072;157243;41227;14.6;3.8
06;2021-03-17;6215;1917;163458;43144;15.1;4.0
06;2021-03-18;5138;1854;168596;44998;15.6;4.2
06;2021-03-19;6843;2064;175439;47062;16.3;4.4
06;2021-03-20;2381;560;177820;47622;16.5;4.4
06;2021-03-21;416;27;178236;47649;16.5;4.4
06;2021-03-22;4000;720;182236;48369;16.9;4.5
06;2021-03-23;5998;1238;188234;49607;17.4;4.6
06;2021-03-24;4235;3347;192469;52954;17.8;4.9
06;2021-03-25;5890;3274;198359;56228;18.4;5.2
06;2021-03-26;6373;2019;204732;58247;19.0;5.4
06;2021-03-27;2044;373;206776;58620;19.2;5.4
06;2021-03-28;219;8;206995;58628;19.2;5.4
06;2021-03-29;3212;2110;210207;60738;19.5;5.6
06;2021-03-30;5199;2549;215406;63287;20.0;5.9
06;2021-03-31;8064;1703;223470;64990;20.7;6.0
06;2021-04-01;7678;2522;231148;67512;21.4;6.3
06;2021-04-02;7256;2742;238404;70254;22.1;6.5
06;2021-04-03;2723;1379;241127;71633;22.3;6.6
06;2021-04-04;305;550;241432;72183;22.4;6.7
06;2021-04-05;1417;702;242849;72885;22.5;6.8
06;2021-04-06;6688;3341;249537;76226;23.1;7.1
06;2021-04-07;6239;3925;255776;80151;23.7;7.4
06;2021-04-08;5758;5691;261534;85842;24.2;8.0
06;2021-04-09;9400;5905;270934;91747;25.1;8.5
06;2021-04-10;2397;2789;273331;94536;25.3;8.8
06;2021-04-11;189;60;273520;94596;25.3;8.8
06;2021-04-12;4392;3550;277912;98146;25.7;9.1
06;2021-04-13;6395;5157;284307;103303;26.3;9.6
06;2021-04-14;5480;4519;289787;107822;26.8;10.0
06;2021-04-15;5560;4414;295347;112236;27.4;10.4
06;2021-04-16;7094;5219;302441;117455;28.0;10.9
06;2021-04-17;2789;3063;305230;120518;28.3;11.2
06;2021-04-18;272;228;305502;120746;28.3;11.2
06;2021-04-19;5507;4062;311009;124808;28.8;11.6
06;2021-04-20;5671;4893;316680;129701;29.3;12.0
06;2021-04-21;8338;4211;325018;133912;30.1;12.4
06;2021-04-22;8585;4231;333603;138143;30.9;12.8
06;2021-04-23;8855;4321;342458;142464;31.7;13.2
06;2021-04-24;2358;1500;344816;143964;31.9;13.3
06;2021-04-25;122;29;344938;143993;32.0;13.3
06;2021-04-26;4163;2328;349101;146321;32.3;13.6
06;2021-04-27;4596;4063;353697;150384;32.8;13.9
06;2021-04-28;4166;4591;357863;154975;33.2;14.4
06;2021-04-29;6097;5478;363960;160453;33.7;14.9
06;2021-04-30;6790;5206;370750;165659;34.3;15.3
06;2021-05-01;4168;846;374918;166505;34.7;15.4
06;2021-05-02;494;161;375412;166666;34.8;15.4
06;2021-05-03;6930;3581;382342;170247;35.4;15.8
06;2021-05-04;5757;5420;388099;175667;36.0;16.3
06;2021-05-05;4552;3925;392651;179592;36.4;16.6
06;2021-05-06;5236;4758;397887;184350;36.9;17.1
06;2021-05-07;5663;5687;403550;190037;37.4;17.6
06;2021-05-08;4878;1338;408428;191375;37.8;17.7
06;2021-05-09;206;308;408634;191683;37.9;17.8
06;2021-05-10;4836;5056;413470;196739;38.3;18.2
06;2021-05-11;4949;5570;418419;202309;38.8;18.7
06;2021-05-12;9113;4907;427532;207216;39.6;19.2
06;2021-05-13;9283;2151;436815;209367;40.5;19.4
06;2021-05-14;10863;3374;447678;212741;41.5;19.7
06;2021-05-15;9315;2246;456993;214987;42.3;19.9
06;2021-05-16;1506;288;458499;215275;42.5;19.9
06;2021-05-17;7526;3763;466025;219038;43.2;20.3
06;2021-05-18;9752;3235;475777;222273;44.1;20.6
06;2021-05-19;7718;2990;483495;225263;44.8;20.9
06;2021-05-20;7987;3682;491482;228945;45.5;21.2
06;2021-05-21;8834;3955;500316;232900;46.4;21.6
06;2021-05-22;3033;1326;503349;234226;46.6;21.7
06;2021-05-23;134;631;503483;234857;46.6;21.8
06;2021-05-24;3208;1002;506691;235859;46.9;21.9
06;2021-05-25;4766;4934;511457;240793;47.4;22.3
06;2021-05-26;5696;6634;517153;247427;47.9;22.9
06;2021-05-27;5594;6287;522747;253714;48.4;23.5
06;2021-05-28;4985;7295;527732;261009;48.9;24.2
06;2021-05-29;1638;2925;529370;263934;49.0;24.5
06;2021-05-30;258;1122;529628;265056;49.1;24.6
06;2021-05-31;4421;5131;534049;270187;49.5;25.0
06;2021-06-01;5760;7436;539809;277623;50.0;25.7
06;2021-06-02;3327;8556;543136;286179;50.3;26.5
06;2021-06-03;4551;8309;547687;294488;50.7;27.3
06;2021-06-04;5491;7733;553178;302221;51.2;28.0
06;2021-06-05;2468;3350;555646;305571;51.5;28.3
06;2021-06-06;184;237;555830;305808;51.5;28.3
06;2021-06-07;4150;5586;559980;311394;51.9;28.8
06;2021-06-08;4489;5226;564469;316620;52.3;29.3
06;2021-06-09;4126;7365;568595;323985;52.7;30.0
06;2021-06-10;4797;6873;573392;330858;53.1;30.7
06;2021-06-11;3932;8364;577324;339222;53.5;31.4
06;2021-06-12;1748;3752;579072;342974;53.6;31.8
06;2021-06-13;151;439;579223;343413;53.7;31.8
06;2021-06-14;2746;8607;581969;352020;53.9;32.6
06;2021-06-15;3298;9496;585267;361516;54.2;33.5
06;2021-06-16;3517;7023;588784;368539;54.5;34.1
06;2021-06-17;3687;7195;592471;375734;54.9;34.8
06;2021-06-18;2646;5929;595117;381663;55.1;35.4
06;2021-06-19;1320;1689;596437;383352;55.3;35.5
06;2021-06-20;211;349;596648;383701;55.3;35.5
06;2021-06-21;1737;6296;598385;389997;55.4;36.1
06;2021-06-22;2376;7363;600761;397360;55.7;36.8
06;2021-06-23;2097;6548;602858;403908;55.9;37.4
06;2021-06-24;3499;8976;606357;412884;56.2;38.3
06;2021-06-25;2309;9607;608666;422491;56.4;39.1
06;2021-06-26;893;2288;609559;424779;56.5;39.4
06;2021-06-27;379;1192;609938;425971;56.5;39.5
06;2021-06-28;2503;8124;612441;434095;56.7;40.2
06;2021-06-29;2396;7732;614837;441827;57.0;40.9
06;2021-06-30;1522;7693;616359;449520;57.1;41.6
06;2021-07-01;3573;7484;619932;457004;57.4;42.3
06;2021-07-02;4477;8284;624409;465288;57.8;43.1
06;2021-07-03;1240;4307;625649;469595;58.0;43.5
06;2021-07-04;318;303;625967;469898;58.0;43.5
06;2021-07-05;4079;5144;630046;475042;58.4;44.0
06;2021-07-06;2152;5816;632198;480858;58.6;44.5
06;2021-07-07;4189;5984;636387;486842;59.0;45.1
06;2021-07-08;3732;6336;640119;493178;59.3;45.7
06;2021-07-09;4869;6242;644988;499420;59.8;46.3
06;2021-07-10;1779;2332;646767;501752;59.9;46.5
06;2021-07-11;333;323;647100;502075;60.0;46.5
06;2021-07-12;4212;7153;651312;509228;60.3;47.2
06;2021-07-13;6126;9027;657438;518255;60.9;48.0
06;2021-07-14;1251;442;658689;518697;61.0;48.1
06;2021-07-15;6853;8040;665542;526737;61.7;48.8
06;2021-07-16;8542;9039;674084;535776;62.5;49.6
06;2021-07-17;3169;5478;677253;541254;62.7;50.1
06;2021-07-18;1079;5333;678332;546587;62.8;50.6
06;2021-07-19;6170;8035;684502;554622;63.4;51.4
06;2021-07-20;7603;10266;692105;564888;64.1;52.3
06;2021-07-21;8479;8719;700584;573607;64.9;53.1
06;2021-07-22;10456;7888;711040;581495;65.9;53.9
06;2021-07-23;9572;6933;720612;588428;66.8;54.5
06;2021-07-24;3306;3106;723918;591534;67.1;54.8
06;2021-07-25;1005;482;724923;592016;67.2;54.8
06;2021-07-26;7666;6892;732589;598908;67.9;55.5
06;2021-07-27;9278;5599;741867;604507;68.7;56.0
06;2021-07-28;7495;5417;749362;609924;69.4;56.5
06;2021-07-29;8893;5792;758255;615716;70.2;57.0
06;2021-07-30;8560;5567;766815;621283;71.0;57.6
06;2021-07-31;3831;3083;770646;624366;71.4;57.8
06;2021-08-01;901;437;771547;624803;71.5;57.9
06;2021-08-02;7149;4634;778696;629437;72.1;58.3
06;2021-08-03;6867;5507;785563;634944;72.8;58.8
06;2021-08-04;5838;3523;791401;638467;73.3;59.2
06;2021-08-05;6788;4478;798189;642945;73.9;59.6
06;2021-08-06;6124;6124;804313;649069;74.5;60.1
06;2021-08-07;2326;2473;806639;651542;74.7;60.4
06;2021-08-08;617;635;807256;652177;74.8;60.4
06;2021-08-09;4885;6041;812141;658218;75.2;61.0
06;2021-08-10;5522;6917;817663;665135;75.8;61.6
06;2021-08-11;4461;6219;822124;671354;76.2;62.2
06;2021-08-12;4745;6743;826869;678097;76.6;62.8
06;2021-08-13;3882;6455;830751;684552;77.0;63.4
06;2021-08-14;1599;2275;832350;686827;77.1;63.6
06;2021-08-15;420;639;832770;687466;77.2;63.7
06;2021-08-16;3299;6911;836069;694377;77.5;64.3
06;2021-08-17;3848;7779;839917;702156;77.8;65.1
06;2021-08-18;3001;6411;842918;708567;78.1;65.6
06;2021-08-19;4029;8128;846947;716695;78.5;66.4
06;2021-08-20;3324;6535;850271;723230;78.8;67.0
06;2021-08-21;1844;3593;852115;726823;78.9;67.3
06;2021-08-22;388;712;852503;727535;79.0;67.4
06;2021-08-23;2560;6530;855063;734065;79.2;68.0
06;2021-08-24;2900;6475;857963;740540;79.5;68.6
06;2021-08-25;2633;5682;860596;746222;79.7;69.1
06;2021-08-26;2738;6891;863334;753113;80.0;69.8
06;2021-08-27;2659;7078;865993;760191;80.2;70.4
06;2021-08-28;1299;3335;867292;763526;80.3;70.7
06;2021-08-29;298;827;867590;764353;80.4;70.8
06;2021-08-30;2465;6182;870055;770535;80.6;71.4
06;2021-08-31;2778;6856;872833;777391;80.9;72.0
06;2021-09-01;2922;5286;875755;782677;81.1;72.5
06;2021-09-02;2485;5492;878240;788169;81.4;73.0
06;2021-09-03;2192;5959;880432;794128;81.6;73.6
06;2021-09-04;1386;3495;881818;797623;81.7;73.9
06;2021-09-05;286;498;882104;798121;81.7;73.9
06;2021-09-06;1591;3929;883695;802050;81.9;74.3
06;2021-09-07;1642;4133;885337;806183;82.0;74.7
06;2021-09-08;1574;3214;886911;809397;82.2;75.0
06;2021-09-09;1455;3348;888366;812745;82.3;75.3
06;2021-09-10;1906;3501;890272;816246;82.5;75.6
06;2021-09-11;1087;2278;891359;818524;82.6;75.8
06;2021-09-12;145;325;891504;818849;82.6;75.9
06;2021-09-13;1315;2643;892819;821492;82.7;76.1
06;2021-09-14;1539;2279;894358;823771;82.9;76.3
06;2021-09-15;1500;2760;895858;826531;83.0;76.6
06;2021-09-16;1380;2425;897238;828956;83.1;76.8
06;2021-09-17;1513;2878;898751;831834;83.3;77.1
06;2021-09-18;692;1963;899443;833797;83.3;77.2
06;2021-09-19;108;289;899551;834086;83.3;77.3
06;2021-09-20;716;2134;900267;836220;83.4;77.5
06;2021-09-21;987;2480;901254;838700;83.5;77.7
06;2021-09-22;1048;2513;902302;841213;83.6;77.9
06;2021-09-23;815;2197;903117;843410;83.7;78.1
06;2021-09-24;921;2353;904038;845763;83.8;78.4
06;2021-09-25;492;1781;904530;847544;83.8;78.5
06;2021-09-26;101;223;904631;847767;83.8;78.5
06;2021-09-27;668;1619;905299;849386;83.9;78.7
06;2021-09-28;573;1600;905872;850986;83.9;78.8
06;2021-09-29;820;1790;906692;852776;84.0;79.0
06;2021-09-30;760;1707;907452;854483;84.1;79.2
06;2021-10-01;947;2087;908399;856570;84.2;79.4
06;2021-10-02;500;1348;908899;857918;84.2;79.5
06;2021-10-03;105;171;909004;858089;84.2;79.5
06;2021-10-04;423;1180;909427;859269;84.3;79.6
06;2021-10-05;607;1637;910034;860906;84.3;79.8
06;2021-10-06;744;1741;910778;862647;84.4;79.9
06;2021-10-07;633;1559;911411;864206;84.4;80.1
06;2021-10-08;822;1726;912233;865932;84.5;80.2
06;2021-10-09;505;1142;912738;867074;84.6;80.3
06;2021-10-10;123;195;912861;867269;84.6;80.3
07;2020-12-27;0;0;0;0;0.0;0.0
07;2020-12-28;0;0;0;0;0.0;0.0
07;2020-12-29;0;0;0;0;0.0;0.0
07;2020-12-30;0;0;0;0;0.0;0.0
07;2020-12-31;0;0;0;0;0.0;0.0
07;2021-01-01;7;0;7;0;0.0;0.0
07;2021-01-02;0;0;7;0;0.0;0.0
07;2021-01-03;0;0;7;0;0.0;0.0
07;2021-01-04;0;0;7;0;0.0;0.0
07;2021-01-05;0;0;7;0;0.0;0.0
07;2021-01-06;31;0;38;0;0.0;0.0
07;2021-01-07;130;1;168;1;0.1;0.0
07;2021-01-08;45;1;213;2;0.1;0.0
07;2021-01-09;17;0;230;2;0.1;0.0
07;2021-01-10;0;0;230;2;0.1;0.0
07;2021-01-11;157;1;387;3;0.1;0.0
07;2021-01-12;310;1;697;4;0.2;0.0
07;2021-01-13;308;4;1005;8;0.3;0.0
07;2021-01-14;475;0;1480;8;0.5;0.0
07;2021-01-15;188;0;1668;8;0.5;0.0
07;2021-01-16;17;0;1685;8;0.5;0.0
07;2021-01-17;2;0;1687;8;0.5;0.0
07;2021-01-18;364;5;2051;13;0.6;0.0
07;2021-01-19;830;3;2881;16;0.9;0.0
07;2021-01-20;605;8;3486;24;1.1;0.0
07;2021-01-21;454;3;3940;27;1.2;0.0
07;2021-01-22;292;0;4232;27;1.3;0.0
07;2021-01-23;107;0;4339;27;1.3;0.0
07;2021-01-24;0;0;4339;27;1.3;0.0
07;2021-01-25;164;0;4503;27;1.4;0.0
07;2021-01-26;491;4;4994;31;1.5;0.0
07;2021-01-27;558;14;5552;45;1.7;0.0
07;2021-01-28;1207;104;6759;149;2.1;0.0
07;2021-01-29;714;19;7473;168;2.3;0.1
07;2021-01-30;212;4;7685;172;2.4;0.1
07;2021-01-31;7;0;7692;172;2.4;0.1
07;2021-02-01;267;33;7959;205;2.4;0.1
07;2021-02-02;664;240;8623;445;2.6;0.1
07;2021-02-03;1046;235;9669;680;3.0;0.2
07;2021-02-04;722;270;10391;950;3.2;0.3
07;2021-02-05;484;255;10875;1205;3.3;0.4
07;2021-02-06;98;2;10973;1207;3.4;0.4
07;2021-02-07;12;1;10985;1208;3.4;0.4
07;2021-02-08;239;175;11224;1383;3.4;0.4
07;2021-02-09;490;331;11714;1714;3.6;0.5
07;2021-02-10;539;398;12253;2112;3.7;0.6
07;2021-02-11;400;282;12653;2394;3.9;0.7
07;2021-02-12;266;162;12919;2556;4.0;0.8
07;2021-02-13;69;20;12988;2576;4.0;0.8
07;2021-02-14;1;0;12989;2576;4.0;0.8
07;2021-02-15;270;130;13259;2706;4.1;0.8
07;2021-02-16;352;364;13611;3070;4.2;0.9
07;2021-02-17;466;330;14077;3400;4.3;1.0
07;2021-02-18;564;767;14641;4167;4.5;1.3
07;2021-02-19;458;508;15099;4675;4.6;1.4
07;2021-02-20;109;69;15208;4744;4.7;1.5
07;2021-02-21;15;0;15223;4744;4.7;1.5
07;2021-02-22;425;217;15648;4961;4.8;1.5
07;2021-02-23;648;622;16296;5583;5.0;1.7
07;2021-02-24;927;710;17223;6293;5.3;1.9
07;2021-02-25;709;539;17932;6832;5.5;2.1
07;2021-02-26;844;295;18776;7127;5.7;2.2
07;2021-02-27;190;145;18966;7272;5.8;2.2
07;2021-02-28;1;0;18967;7272;5.8;2.2
07;2021-03-01;438;215;19405;7487;5.9;2.3
07;2021-03-02;658;566;20063;8053;6.1;2.5
07;2021-03-03;695;537;20758;8590;6.4;2.6
07;2021-03-04;1101;360;21859;8950;6.7;2.7
07;2021-03-05;1083;378;22942;9328;7.0;2.9
07;2021-03-06;1127;99;24069;9427;7.4;2.9
07;2021-03-07;717;21;24786;9448;7.6;2.9
07;2021-03-08;353;320;25139;9768;7.7;3.0
07;2021-03-09;1090;439;26229;10207;8.0;3.1
07;2021-03-10;868;524;27097;10731;8.3;3.3
07;2021-03-11;1373;473;28470;11204;8.7;3.4
07;2021-03-12;1618;571;30088;11775;9.2;3.6
07;2021-03-13;683;105;30771;11880;9.4;3.6
07;2021-03-14;4;0;30775;11880;9.4;3.6
07;2021-03-15;525;292;31300;12172;9.6;3.7
07;2021-03-16;1208;488;32508;12660;9.9;3.9
07;2021-03-17;1189;787;33697;13447;10.3;4.1
07;2021-03-18;1217;418;34914;13865;10.7;4.2
07;2021-03-19;1269;426;36183;14291;11.1;4.4
07;2021-03-20;467;109;36650;14400;11.2;4.4
07;2021-03-21;3;2;36653;14402;11.2;4.4
07;2021-03-22;791;537;37444;14939;11.5;4.6
07;2021-03-23;1519;727;38963;15666;11.9;4.8
07;2021-03-24;1280;673;40243;16339;12.3;5.0
07;2021-03-25;1852;520;42095;16859;12.9;5.2
07;2021-03-26;1834;446;43929;17305;13.4;5.3
07;2021-03-27;384;101;44313;17406;13.6;5.3
07;2021-03-28;6;1;44319;17407;13.6;5.3
07;2021-03-29;789;361;45108;17768;13.8;5.4
07;2021-03-30;1526;516;46634;18284;14.3;5.6
07;2021-03-31;1662;508;48296;18792;14.8;5.7
07;2021-04-01;1590;667;49886;19459;15.3;6.0
07;2021-04-02;1522;443;51408;19902;15.7;6.1
07;2021-04-03;230;106;51638;20008;15.8;6.1
07;2021-04-04;3;1;51641;20009;15.8;6.1
07;2021-04-05;0;66;51641;20075;15.8;6.1
07;2021-04-06;1157;761;52798;20836;16.2;6.4
07;2021-04-07;1316;907;54114;21743;16.6;6.7
07;2021-04-08;1969;1183;56083;22926;17.2;7.0
07;2021-04-09;2423;576;58506;23502;17.9;7.2
07;2021-04-10;807;164;59313;23666;18.1;7.2
07;2021-04-11;340;13;59653;23679;18.2;7.2
07;2021-04-12;1287;603;60940;24282;18.6;7.4
07;2021-04-13;1767;1340;62707;25622;19.2;7.8
07;2021-04-14;1687;1020;64394;26642;19.7;8.2
07;2021-04-15;1443;848;65837;27490;20.1;8.4
07;2021-04-16;1506;918;67343;28408;20.6;8.7
07;2021-04-17;870;217;68213;28625;20.9;8.8
07;2021-04-18;699;39;68912;28664;21.1;8.8
07;2021-04-19;1161;574;70073;29238;21.4;8.9
07;2021-04-20;1440;1321;71513;30559;21.9;9.3
07;2021-04-21;1719;919;73232;31478;22.4;9.6
07;2021-04-22;1816;971;75048;32449;23.0;9.9
07;2021-04-23;1411;972;76459;33421;23.4;10.2
07;2021-04-24;962;254;77421;33675;23.7;10.3
07;2021-04-25;717;69;78138;33744;23.9;10.3
07;2021-04-26;1137;680;79275;34424;24.3;10.5
07;2021-04-27;1394;1567;80669;35991;24.7;11.0
07;2021-04-28;1635;1760;82304;37751;25.2;11.5
07;2021-04-29;1938;1536;84242;39287;25.8;12.0
07;2021-04-30;1660;1486;85902;40773;26.3;12.5
07;2021-05-01;960;120;86862;40893;26.6;12.5
07;2021-05-02;844;155;87706;41048;26.8;12.6
07;2021-05-03;1280;435;88986;41483;27.2;12.7
07;2021-05-04;2170;1568;91156;43051;27.9;13.2
07;2021-05-05;1744;1388;92900;44439;28.4;13.6
07;2021-05-06;2101;1588;95001;46027;29.1;14.1
07;2021-05-07;1597;1557;96598;47584;29.6;14.6
07;2021-05-08;1230;406;97828;47990;29.9;14.7
07;2021-05-09;1030;327;98858;48317;30.2;14.8
07;2021-05-10;1406;1177;100264;49494;30.7;15.1
07;2021-05-11;2470;1698;102734;51192;31.4;15.7
07;2021-05-12;2165;1279;104899;52471;32.1;16.1
07;2021-05-13;1712;273;106611;52744;32.6;16.1
07;2021-05-14;1734;999;108345;53743;33.1;16.4
07;2021-05-15;1626;500;109971;54243;33.6;16.6
07;2021-05-16;1442;214;111413;54457;34.1;16.7
07;2021-05-17;1771;859;113184;55316;34.6;16.9
07;2021-05-18;2295;1303;115479;56619;35.3;17.3
07;2021-05-19;2375;1000;117854;57619;36.1;17.6
07;2021-05-20;2165;1308;120019;58927;36.7;18.0
07;2021-05-21;1757;1312;121776;60239;37.3;18.4
07;2021-05-22;935;543;122711;60782;37.5;18.6
07;2021-05-23;856;157;123567;60939;37.8;18.6
07;2021-05-24;1648;339;125215;61278;38.3;18.7
07;2021-05-25;2184;1481;127399;62759;39.0;19.2
07;2021-05-26;1526;1379;128925;64138;39.4;19.6
07;2021-05-27;2015;1412;130940;65550;40.1;20.1
07;2021-05-28;1771;2079;132711;67629;40.6;20.7
07;2021-05-29;942;683;133653;68312;40.9;20.9
07;2021-05-30;622;570;134275;68882;41.1;21.1
07;2021-05-31;1133;1284;135408;70166;41.4;21.5
07;2021-06-01;2153;2001;137561;72167;42.1;22.1
07;2021-06-02;1532;1653;139093;73820;42.6;22.6
07;2021-06-03;1712;1254;140805;75074;43.1;23.0
07;2021-06-04;1676;1594;142481;76668;43.6;23.5
07;2021-06-05;987;955;143468;77623;43.9;23.7
07;2021-06-06;598;624;144066;78247;44.1;23.9
07;2021-06-07;961;1193;145027;79440;44.4;24.3
07;2021-06-08;1547;1772;146574;81212;44.8;24.8
07;2021-06-09;1030;1421;147604;82633;45.2;25.3
07;2021-06-10;789;1388;148393;84021;45.4;25.7
07;2021-06-11;1154;2032;149547;86053;45.8;26.3
07;2021-06-12;643;1217;150190;87270;45.9;26.7
07;2021-06-13;395;444;150585;87714;46.1;26.8
07;2021-06-14;566;1958;151151;89672;46.2;27.4
07;2021-06-15;936;2552;152087;92224;46.5;28.2
07;2021-06-16;1023;1854;153110;94078;46.8;28.8
07;2021-06-17;885;1949;153995;96027;47.1;29.4
07;2021-06-18;868;2282;154863;98309;47.4;30.1
07;2021-06-19;603;1452;155466;99761;47.6;30.5
07;2021-06-20;369;729;155835;100490;47.7;30.7
07;2021-06-21;516;2143;156351;102633;47.8;31.4
07;2021-06-22;655;2662;157006;105295;48.0;32.2
07;2021-06-23;680;1960;157686;107255;48.2;32.8
07;2021-06-24;646;1852;158332;109107;48.4;33.4
07;2021-06-25;701;2177;159033;111284;48.7;34.0
07;2021-06-26;362;1430;159395;112714;48.8;34.5
07;2021-06-27;285;1073;159680;113787;48.9;34.8
07;2021-06-28;506;2241;160186;116028;49.0;35.5
07;2021-06-29;540;2988;160726;119016;49.2;36.4
07;2021-06-30;822;2278;161548;121294;49.4;37.1
07;2021-07-01;776;1951;162324;123245;49.7;37.7
07;2021-07-02;880;2298;163204;125543;49.9;38.4
07;2021-07-03;421;1137;163625;126680;50.1;38.8
07;2021-07-04;211;852;163836;127532;50.1;39.0
07;2021-07-05;670;1685;164506;129217;50.3;39.5
07;2021-07-06;880;2631;165386;131848;50.6;40.3
07;2021-07-07;969;1951;166355;133799;50.9;40.9
07;2021-07-08;928;1959;167283;135758;51.2;41.5
07;2021-07-09;995;2262;168278;138020;51.5;42.2
07;2021-07-10;598;1100;168876;139120;51.7;42.6
07;2021-07-11;239;614;169115;139734;51.7;42.7
07;2021-07-12;807;1769;169922;141503;52.0;43.3
07;2021-07-13;1770;3173;171692;144676;52.5;44.3
07;2021-07-14;167;133;171859;144809;52.6;44.3
07;2021-07-15;1960;2468;173819;147277;53.2;45.1
07;2021-07-16;2056;1987;175875;149264;53.8;45.7
07;2021-07-17;1484;1250;177359;150514;54.3;46.0
07;2021-07-18;771;480;178130;150994;54.5;46.2
07;2021-07-19;1514;1689;179644;152683;55.0;46.7
07;2021-07-20;2518;2678;182162;155361;55.7;47.5
07;2021-07-21;1856;1917;184018;157278;56.3;48.1
07;2021-07-22;1918;1374;185936;158652;56.9;48.5
07;2021-07-23;2264;1688;188200;160340;57.6;49.1
07;2021-07-24;1642;1112;189842;161452;58.1;49.4
07;2021-07-25;34;22;189876;161474;58.1;49.4
07;2021-07-26;2199;1546;192075;163020;58.8;49.9
07;2021-07-27;3017;1915;195092;164935;59.7;50.5
07;2021-07-28;1642;1308;196734;166243;60.2;50.9
07;2021-07-29;2540;1274;199274;167517;61.0;51.2
07;2021-07-30;1356;1415;200630;168932;61.4;51.7
07;2021-07-31;1506;922;202136;169854;61.8;52.0
07;2021-08-01;74;26;202210;169880;61.9;52.0
07;2021-08-02;1516;1133;203726;171013;62.3;52.3
07;2021-08-03;2418;1911;206144;172924;63.1;52.9
07;2021-08-04;1947;1033;208091;173957;63.7;53.2
07;2021-08-05;1893;1296;209984;175253;64.2;53.6
07;2021-08-06;2033;1711;212017;176964;64.9;54.1
07;2021-08-07;998;556;213015;177520;65.2;54.3
07;2021-08-08;12;23;213027;177543;65.2;54.3
07;2021-08-09;1258;1382;214285;178925;65.6;54.7
07;2021-08-10;1599;2259;215884;181184;66.0;55.4
07;2021-08-11;1399;1600;217283;182784;66.5;55.9
07;2021-08-12;1105;1485;218388;184269;66.8;56.4
07;2021-08-13;1182;1790;219570;186059;67.2;56.9
07;2021-08-14;512;766;220082;186825;67.3;57.2
07;2021-08-15;9;28;220091;186853;67.3;57.2
07;2021-08-16;754;1328;220845;188181;67.6;57.6
07;2021-08-17;1339;2278;222184;190459;68.0;58.3
07;2021-08-18;879;1517;223063;191976;68.2;58.7
07;2021-08-19;1148;1697;224211;193673;68.6;59.2
07;2021-08-20;899;2086;225110;195759;68.9;59.9
07;2021-08-21;364;549;225474;196308;69.0;60.1
07;2021-08-22;7;23;225481;196331;69.0;60.1
07;2021-08-23;467;1307;225948;197638;69.1;60.5
07;2021-08-24;1125;2312;227073;199950;69.5;61.2
07;2021-08-25;691;1838;227764;201788;69.7;61.7
07;2021-08-26;690;2021;228454;203809;69.9;62.4
07;2021-08-27;784;1830;229238;205639;70.1;62.9
07;2021-08-28;338;608;229576;206247;70.2;63.1
07;2021-08-29;1;33;229577;206280;70.2;63.1
07;2021-08-30;429;1303;230006;207583;70.4;63.5
07;2021-08-31;1094;2203;231100;209786;70.7;64.2
07;2021-09-01;543;1346;231643;211132;70.9;64.6
07;2021-09-02;605;1384;232248;212516;71.1;65.0
07;2021-09-03;741;1775;232989;214291;71.3;65.6
07;2021-09-04;309;696;233298;214987;71.4;65.8
07;2021-09-05;26;28;233324;215015;71.4;65.8
07;2021-09-06;403;906;233727;215921;71.5;66.1
07;2021-09-07;523;1296;234250;217217;71.7;66.5
07;2021-09-08;443;1041;234693;218258;71.8;66.8
07;2021-09-09;479;858;235172;219116;71.9;67.0
07;2021-09-10;518;1245;235690;220361;72.1;67.4
07;2021-09-11;167;627;235857;220988;72.2;67.6
07;2021-09-12;0;7;235857;220995;72.2;67.6
07;2021-09-13;351;524;236208;221519;72.3;67.8
07;2021-09-14;535;884;236743;222403;72.4;68.0
07;2021-09-15;304;744;237047;223147;72.5;68.3
07;2021-09-16;430;568;237477;223715;72.7;68.4
07;2021-09-17;318;802;237795;224517;72.7;68.7
07;2021-09-18;100;454;237895;224971;72.8;68.8
07;2021-09-19;3;32;237898;225003;72.8;68.8
07;2021-09-20;238;365;238136;225368;72.9;68.9
07;2021-09-21;286;696;238422;226064;72.9;69.2
07;2021-09-22;172;726;238594;226790;73.0;69.4
07;2021-09-23;189;531;238783;227321;73.1;69.5
07;2021-09-24;278;838;239061;228159;73.1;69.8
07;2021-09-25;49;206;239110;228365;73.2;69.9
07;2021-09-26;6;17;239116;228382;73.2;69.9
07;2021-09-27;145;458;239261;228840;73.2;70.0
07;2021-09-28;178;522;239439;229362;73.3;70.2
07;2021-09-29;127;513;239566;229875;73.3;70.3
07;2021-09-30;174;451;239740;230326;73.3;70.5
07;2021-10-01;220;593;239960;230919;73.4;70.6
07;2021-10-02;76;137;240036;231056;73.4;70.7
07;2021-10-03;10;15;240046;231071;73.4;70.7
07;2021-10-04;161;366;240207;231437;73.5;70.8
07;2021-10-05;206;446;240413;231883;73.5;70.9
07;2021-10-06;160;330;240573;232213;73.6;71.0
07;2021-10-07;141;438;240714;232651;73.6;71.2
07;2021-10-08;201;425;240915;233076;73.7;71.3
07;2021-10-09;65;95;240980;233171;73.7;71.3
07;2021-10-10;0;1;240980;233172;73.7;71.3
08;2020-12-27;1;0;1;0;0.0;0.0
08;2020-12-28;0;0;1;0;0.0;0.0
08;2020-12-29;0;0;1;0;0.0;0.0
08;2020-12-30;0;0;1;0;0.0;0.0
08;2020-12-31;0;0;1;0;0.0;0.0
08;2021-01-01;0;0;1;0;0.0;0.0
08;2021-01-02;0;0;1;0;0.0;0.0
08;2021-01-03;2;0;3;0;0.0;0.0
08;2021-01-04;24;0;27;0;0.0;0.0
08;2021-01-05;1;0;28;0;0.0;0.0
08;2021-01-06;0;0;28;0;0.0;0.0
08;2021-01-07;188;0;216;0;0.1;0.0
08;2021-01-08;315;1;531;1;0.2;0.0
08;2021-01-09;115;0;646;1;0.2;0.0
08;2021-01-10;1;0;647;1;0.2;0.0
08;2021-01-11;66;0;713;1;0.3;0.0
08;2021-01-12;157;0;870;1;0.3;0.0
08;2021-01-13;480;1;1350;2;0.5;0.0
08;2021-01-14;538;9;1888;11;0.7;0.0
08;2021-01-15;288;2;2176;13;0.8;0.0
08;2021-01-16;107;0;2283;13;0.9;0.0
08;2021-01-17;2;0;2285;13;0.9;0.0
08;2021-01-18;371;2;2656;15;1.0;0.0
08;2021-01-19;873;2;3529;17;1.3;0.0
08;2021-01-20;909;4;4438;21;1.7;0.0
08;2021-01-21;743;1;5181;22;2.0;0.0
08;2021-01-22;678;1;5859;23;2.2;0.0
08;2021-01-23;237;0;6096;23;2.3;0.0
08;2021-01-24;0;0;6096;23;2.3;0.0
08;2021-01-25;209;0;6305;23;2.4;0.0
08;2021-01-26;303;2;6608;25;2.5;0.0
08;2021-01-27;410;1;7018;26;2.6;0.0
08;2021-01-28;565;183;7583;209;2.9;0.1
08;2021-01-29;588;182;8171;391;3.1;0.1
08;2021-01-30;222;63;8393;454;3.2;0.2
08;2021-01-31;0;0;8393;454;3.2;0.2
08;2021-02-01;80;46;8473;500;3.2;0.2
08;2021-02-02;192;172;8665;672;3.3;0.3
08;2021-02-03;140;169;8805;841;3.3;0.3
08;2021-02-04;309;287;9114;1128;3.4;0.4
08;2021-02-05;499;360;9613;1488;3.6;0.6
08;2021-02-06;149;75;9762;1563;3.7;0.6
08;2021-02-07;8;0;9770;1563;3.7;0.6
08;2021-02-08;40;172;9810;1735;3.7;0.7
08;2021-02-09;221;646;10031;2381;3.8;0.9
08;2021-02-10;334;639;10365;3020;3.9;1.1
08;2021-02-11;467;365;10832;3385;4.1;1.3
08;2021-02-12;676;386;11508;3771;4.3;1.4
08;2021-02-13;140;114;11648;3885;4.4;1.5
08;2021-02-14;3;60;11651;3945;4.4;1.5
08;2021-02-15;227;208;11878;4153;4.5;1.6
08;2021-02-16;130;374;12008;4527;4.5;1.7
08;2021-02-17;112;414;12120;4941;4.6;1.9
08;2021-02-18;215;518;12335;5459;4.6;2.1
08;2021-02-19;305;423;12640;5882;4.8;2.2
08;2021-02-20;7;206;12647;6088;4.8;2.3
08;2021-02-21;0;0;12647;6088;4.8;2.3
08;2021-02-22;131;180;12778;6268;4.8;2.4
08;2021-02-23;150;319;12928;6587;4.9;2.5
08;2021-02-24;163;388;13091;6975;4.9;2.6
08;2021-02-25;500;529;13591;7504;5.1;2.8
08;2021-02-26;603;626;14194;8130;5.3;3.1
08;2021-02-27;318;194;14512;8324;5.5;3.1
08;2021-02-28;19;1;14531;8325;5.5;3.1
08;2021-03-01;200;105;14731;8430;5.5;3.2
08;2021-03-02;654;281;15385;8711;5.8;3.3
08;2021-03-03;899;202;16284;8913;6.1;3.4
08;2021-03-04;735;335;17019;9248;6.4;3.5
08;2021-03-05;1021;543;18040;9791;6.8;3.7
08;2021-03-06;695;141;18735;9932;7.1;3.7
08;2021-03-07;75;2;18810;9934;7.1;3.7
08;2021-03-08;217;125;19027;10059;7.2;3.8
08;2021-03-09;688;156;19715;10215;7.4;3.8
08;2021-03-10;1038;124;20753;10339;7.8;3.9
08;2021-03-11;982;255;21735;10594;8.2;4.0
08;2021-03-12;1631;519;23366;11113;8.8;4.2
08;2021-03-13;798;125;24164;11238;9.1;4.2
08;2021-03-14;22;0;24186;11238;9.1;4.2
08;2021-03-15;291;73;24477;11311;9.2;4.3
08;2021-03-16;563;40;25040;11351;9.4;4.3
08;2021-03-17;804;66;25844;11417;9.7;4.3
08;2021-03-18;817;162;26661;11579;10.0;4.4
08;2021-03-19;1134;286;27795;11865;10.5;4.5
08;2021-03-20;511;20;28306;11885;10.7;4.5
08;2021-03-21;13;1;28319;11886;10.7;4.5
08;2021-03-22;367;45;28686;11931;10.8;4.5
08;2021-03-23;733;63;29419;11994;11.1;4.5
08;2021-03-24;1327;75;30746;12069;11.6;4.5
08;2021-03-25;1906;98;32652;12167;12.3;4.6
08;2021-03-26;2571;174;35223;12341;13.3;4.6
08;2021-03-27;898;125;36121;12466;13.6;4.7
08;2021-03-28;228;7;36349;12473;13.7;4.7
08;2021-03-29;261;184;36610;12657;13.8;4.8
08;2021-03-30;832;488;37442;13145;14.1;5.0
08;2021-03-31;852;534;38294;13679;14.4;5.2
08;2021-04-01;1687;453;39981;14132;15.1;5.3
08;2021-04-02;1497;523;41478;14655;15.6;5.5
08;2021-04-03;1329;205;42807;14860;16.1;5.6
08;2021-04-04;134;4;42941;14864;16.2;5.6
08;2021-04-05;17;0;42958;14864;16.2;5.6
08;2021-04-06;702;484;43660;15348;16.4;5.8
08;2021-04-07;909;705;44569;16053;16.8;6.0
08;2021-04-08;1745;523;46314;16576;17.4;6.2
08;2021-04-09;2348;730;48662;17306;18.3;6.5
08;2021-04-10;1445;229;50107;17535;18.9;6.6
08;2021-04-11;10;6;50117;17541;18.9;6.6
08;2021-04-12;671;218;50788;17759;19.1;6.7
08;2021-04-13;1309;613;52097;18372;19.6;6.9
08;2021-04-14;1280;867;53377;19239;20.1;7.2
08;2021-04-15;1606;810;54983;20049;20.7;7.6
08;2021-04-16;1873;884;56856;20933;21.4;7.9
08;2021-04-17;1112;403;57968;21336;21.8;8.0
08;2021-04-18;23;14;57991;21350;21.8;8.0
08;2021-04-19;1151;301;59142;21651;22.3;8.2
08;2021-04-20;1120;544;60262;22195;22.7;8.4
08;2021-04-21;1139;747;61401;22942;23.1;8.6
08;2021-04-22;1326;880;62727;23822;23.6;9.0
08;2021-04-23;1675;1174;64402;24996;24.3;9.4
08;2021-04-24;1325;647;65727;25643;24.8;9.7
08;2021-04-25;26;198;65753;25841;24.8;9.7
08;2021-04-26;1040;157;66793;25998;25.2;9.8
08;2021-04-27;1338;601;68131;26599;25.7;10.0
08;2021-04-28;1453;682;69584;27281;26.2;10.3
08;2021-04-29;1174;1316;70758;28597;26.6;10.8
08;2021-04-30;1769;1618;72527;30215;27.3;11.4
08;2021-05-01;1049;497;73576;30712;27.7;11.6
08;2021-05-02;627;183;74203;30895;27.9;11.6
08;2021-05-03;1172;376;75375;31271;28.4;11.8
08;2021-05-04;1328;876;76703;32147;28.9;12.1
08;2021-05-05;1567;1336;78270;33483;29.5;12.6
08;2021-05-06;1971;1664;80241;35147;30.2;13.2
08;2021-05-07;1860;2102;82101;37249;30.9;14.0
08;2021-05-08;922;768;83023;38017;31.3;14.3
08;2021-05-09;443;71;83466;38088;31.4;14.3
08;2021-05-10;1192;665;84658;38753;31.9;14.6
08;2021-05-11;1907;946;86565;39699;32.6;15.0
08;2021-05-12;1809;1239;88374;40938;33.3;15.4
08;2021-05-13;1306;620;89680;41558;33.8;15.7
08;2021-05-14;2535;1037;92215;42595;34.7;16.0
08;2021-05-15;1820;712;94035;43307;35.4;16.3
08;2021-05-16;820;102;94855;43409;35.7;16.3
08;2021-05-17;700;906;95555;44315;36.0;16.7
08;2021-05-18;1250;841;96805;45156;36.5;17.0
08;2021-05-19;1611;960;98416;46116;37.1;17.4
08;2021-05-20;2147;964;100563;47080;37.9;17.7
08;2021-05-21;2339;1274;102902;48354;38.8;18.2
08;2021-05-22;1817;763;104719;49117;39.4;18.5
08;2021-05-23;864;90;105583;49207;39.8;18.5
08;2021-05-24;716;106;106299;49313;40.0;18.6
08;2021-05-25;1456;669;107755;49982;40.6;18.8
08;2021-05-26;1529;1011;109284;50993;41.2;19.2
08;2021-05-27;2006;1146;111290;52139;41.9;19.6
08;2021-05-28;1973;1822;113263;53961;42.7;20.3
08;2021-05-29;1767;966;115030;54927;43.3;20.7
08;2021-05-30;836;102;115866;55029;43.6;20.7
08;2021-05-31;755;570;116621;55599;43.9;20.9
08;2021-06-01;1350;879;117971;56478;44.4;21.3
08;2021-06-02;1295;1194;119266;57672;44.9;21.7
08;2021-06-03;1386;1524;120652;59196;45.4;22.3
08;2021-06-04;1777;2419;122429;61615;46.1;23.2
08;2021-06-05;1176;1380;123605;62995;46.6;23.7
08;2021-06-06;907;107;124512;63102;46.9;23.8
08;2021-06-07;661;1174;125173;64276;47.1;24.2
08;2021-06-08;931;1496;126104;65772;47.5;24.8
08;2021-06-09;840;1391;126944;67163;47.8;25.3
08;2021-06-10;1719;1563;128663;68726;48.5;25.9
08;2021-06-11;1721;2211;130384;70937;49.1;26.7
08;2021-06-12;1417;1528;131801;72465;49.6;27.3
08;2021-06-13;385;598;132186;73063;49.8;27.5
08;2021-06-14;380;1304;132566;74367;49.9;28.0
08;2021-06-15;742;1548;133308;75915;50.2;28.6
08;2021-06-16;808;2054;134116;77969;50.5;29.4
08;2021-06-17;1285;1854;135401;79823;51.0;30.1
08;2021-06-18;1610;2594;137011;82417;51.6;31.0
08;2021-06-19;1324;1407;138335;83824;52.1;31.6
08;2021-06-20;117;423;138452;84247;52.1;31.7
08;2021-06-21;494;1395;138946;85642;52.3;32.3
08;2021-06-22;812;2023;139758;87665;52.6;33.0
08;2021-06-23;859;1672;140617;89337;53.0;33.6
08;2021-06-24;1038;1923;141655;91260;53.3;34.4
08;2021-06-25;1084;2735;142739;93995;53.8;35.4
08;2021-06-26;1010;1784;143749;95779;54.1;36.1
08;2021-06-27;351;643;144100;96422;54.3;36.3
08;2021-06-28;397;1323;144497;97745;54.4;36.8
08;2021-06-29;627;1472;145124;99217;54.7;37.4
08;2021-06-30;857;1689;145981;100906;55.0;38.0
08;2021-07-01;887;2194;146868;103100;55.3;38.8
08;2021-07-02;939;2645;147807;105745;55.7;39.8
08;2021-07-03;784;2145;148591;107890;56.0;40.6
08;2021-07-04;128;861;148719;108751;56.0;41.0
08;2021-07-05;104;1195;148823;109946;56.0;41.4
08;2021-07-06;425;1835;149248;111781;56.2;42.1
08;2021-07-07;364;1781;149612;113562;56.3;42.8
08;2021-07-08;716;2016;150328;115578;56.6;43.5
08;2021-07-09;732;2432;151060;118010;56.9;44.4
08;2021-07-10;652;2003;151712;120013;57.1;45.2
08;2021-07-11;238;725;151950;120738;57.2;45.5
08;2021-07-12;312;1192;152262;121930;57.3;45.9
08;2021-07-13;947;1788;153209;123718;57.7;46.6
08;2021-07-14;179;329;153388;124047;57.8;46.7
08;2021-07-15;759;2448;154147;126495;58.1;47.6
08;2021-07-16;1084;2408;155231;128903;58.5;48.5
08;2021-07-17;993;2108;156224;131011;58.8;49.3
08;2021-07-18;346;741;156570;131752;59.0;49.6
08;2021-07-19;459;918;157029;132670;59.1;50.0
08;2021-07-20;878;1435;157907;134105;59.5;50.5
08;2021-07-21;1237;1717;159144;135822;59.9;51.2
08;2021-07-22;1150;2167;160294;137989;60.4;52.0
08;2021-07-23;1584;2444;161878;140433;61.0;52.9
08;2021-07-24;1309;1924;163187;142357;61.5;53.6
08;2021-07-25;774;445;163961;142802;61.7;53.8
08;2021-07-26;1324;846;165285;143648;62.2;54.1
08;2021-07-27;2186;1408;167471;145056;63.1;54.6
08;2021-07-28;2413;1454;169884;146510;64.0;55.2
08;2021-07-29;2601;1347;172485;147857;65.0;55.7
08;2021-07-30;2601;1587;175086;149444;65.9;56.3
08;2021-07-31;1972;1075;177058;150519;66.7;56.7
08;2021-08-01;935;301;177993;150820;67.0;56.8
08;2021-08-02;1255;682;179248;151502;67.5;57.1
08;2021-08-03;1634;824;180882;152326;68.1;57.4
08;2021-08-04;1493;665;182375;152991;68.7;57.6
08;2021-08-05;1905;977;184280;153968;69.4;58.0
08;2021-08-06;2589;1099;186869;155067;70.4;58.4
08;2021-08-07;1673;1162;188542;156229;71.0;58.8
08;2021-08-08;585;373;189127;156602;71.2;59.0
08;2021-08-09;672;534;189799;157136;71.5;59.2
08;2021-08-10;879;750;190678;157886;71.8;59.5
08;2021-08-11;525;791;191203;158677;72.0;59.8
08;2021-08-12;1161;1080;192364;159757;72.4;60.2
08;2021-08-13;1157;1013;193521;160770;72.9;60.5
08;2021-08-14;587;913;194108;161683;73.1;60.9
08;2021-08-15;137;273;194245;161956;73.2;61.0
08;2021-08-16;218;1177;194463;163133;73.2;61.4
08;2021-08-17;514;1210;194977;164343;73.4;61.9
08;2021-08-18;281;1263;195258;165606;73.5;62.4
08;2021-08-19;606;1888;195864;167494;73.8;63.1
08;2021-08-20;685;2178;196549;169672;74.0;63.9
08;2021-08-21;273;1340;196822;171012;74.1;64.4
08;2021-08-22;104;900;196926;171912;74.2;64.7
08;2021-08-23;160;1448;197086;173360;74.2;65.3
08;2021-08-24;364;1752;197450;175112;74.4;65.9
08;2021-08-25;323;1248;197773;176360;74.5;66.4
08;2021-08-26;502;2064;198275;178424;74.7;67.2
08;2021-08-27;451;2324;198726;180748;74.8;68.1
08;2021-08-28;262;1289;198988;182037;74.9;68.6
08;2021-08-29;169;563;199157;182600;75.0;68.8
08;2021-08-30;302;1156;199459;183756;75.1;69.2
08;2021-08-31;360;1248;199819;185004;75.3;69.7
08;2021-09-01;417;1232;200236;186236;75.4;70.1
08;2021-09-02;466;1150;200702;187386;75.6;70.6
08;2021-09-03;464;1553;201166;188939;75.8;71.2
08;2021-09-04;349;1413;201515;190352;75.9;71.7
08;2021-09-05;106;173;201621;190525;75.9;71.8
08;2021-09-06;196;404;201817;190929;76.0;71.9
08;2021-09-07;205;488;202022;191417;76.1;72.1
08;2021-09-08;281;500;202303;191917;76.2;72.3
08;2021-09-09;344;590;202647;192507;76.3;72.5
08;2021-09-10;495;780;203142;193287;76.5;72.8
08;2021-09-11;383;732;203525;194019;76.6;73.1
08;2021-09-12;52;71;203577;194090;76.7;73.1
08;2021-09-13;385;174;203962;194264;76.8;73.2
08;2021-09-14;247;275;204209;194539;76.9;73.3
08;2021-09-15;219;318;204428;194857;77.0;73.4
08;2021-09-16;230;422;204658;195279;77.1;73.5
08;2021-09-17;322;501;204980;195780;77.2;73.7
08;2021-09-18;172;430;205152;196210;77.3;73.9
08;2021-09-19;29;90;205181;196300;77.3;73.9
08;2021-09-20;54;235;205235;196535;77.3;74.0
08;2021-09-21;123;277;205358;196812;77.3;74.1
08;2021-09-22;130;368;205488;197180;77.4;74.3
08;2021-09-23;173;412;205661;197592;77.5;74.4
08;2021-09-24;162;517;205823;198109;77.5;74.6
08;2021-09-25;121;415;205944;198524;77.6;74.8
08;2021-09-26;23;105;205967;198629;77.6;74.8
08;2021-09-27;49;211;206016;198840;77.6;74.9
08;2021-09-28;80;226;206096;199066;77.6;75.0
08;2021-09-29;116;339;206212;199405;77.7;75.1
08;2021-09-30;147;376;206359;199781;77.7;75.2
08;2021-10-01;163;465;206522;200246;77.8;75.4
08;2021-10-02;141;288;206663;200534;77.8;75.5
08;2021-10-03;24;67;206687;200601;77.8;75.5
08;2021-10-04;58;347;206745;200948;77.9;75.7
08;2021-10-05;79;172;206824;201120;77.9;75.7
08;2021-10-06;92;242;206916;201362;77.9;75.8
08;2021-10-07;102;196;207018;201558;78.0;75.9
08;2021-10-08;152;355;207170;201913;78.0;76.0
08;2021-10-09;136;331;207306;202244;78.1;76.2
08;2021-10-10;34;47;207340;202291;78.1;76.2
09;2020-12-27;0;0;0;0;0.0;0.0
09;2020-12-28;1;0;1;0;0.0;0.0
09;2020-12-29;0;0;1;0;0.0;0.0
09;2020-12-30;0;0;1;0;0.0;0.0
09;2020-12-31;0;0;1;0;0.0;0.0
09;2021-01-01;0;0;1;0;0.0;0.0
09;2021-01-02;0;0;1;0;0.0;0.0
09;2021-01-03;0;0;1;0;0.0;0.0
09;2021-01-04;2;1;3;1;0.0;0.0
09;2021-01-05;0;0;3;1;0.0;0.0
09;2021-01-06;3;0;6;1;0.0;0.0
09;2021-01-07;257;2;263;3;0.2;0.0
09;2021-01-08;228;0;491;3;0.3;0.0
09;2021-01-09;103;0;594;3;0.4;0.0
09;2021-01-10;60;0;654;3;0.4;0.0
09;2021-01-11;176;0;830;3;0.5;0.0
09;2021-01-12;303;0;1133;3;0.7;0.0
09;2021-01-13;196;0;1329;3;0.9;0.0
09;2021-01-14;432;7;1761;10;1.2;0.0
09;2021-01-15;223;1;1984;11;1.3;0.0
09;2021-01-16;192;3;2176;14;1.4;0.0
09;2021-01-17;123;0;2299;14;1.5;0.0
09;2021-01-18;263;2;2562;16;1.7;0.0
09;2021-01-19;255;1;2817;17;1.8;0.0
09;2021-01-20;346;2;3163;19;2.1;0.0
09;2021-01-21;330;1;3493;20;2.3;0.0
09;2021-01-22;328;1;3821;21;2.5;0.0
09;2021-01-23;237;0;4058;21;2.7;0.0
09;2021-01-24;85;1;4143;22;2.7;0.0
09;2021-01-25;207;12;4350;34;2.9;0.0
09;2021-01-26;629;25;4979;59;3.3;0.0
09;2021-01-27;472;49;5451;108;3.6;0.1
09;2021-01-28;286;205;5737;313;3.8;0.2
09;2021-01-29;251;129;5988;442;3.9;0.3
09;2021-01-30;143;55;6131;497;4.0;0.3
09;2021-01-31;56;10;6187;507;4.1;0.3
09;2021-02-01;81;142;6268;649;4.1;0.4
09;2021-02-02;58;295;6326;944;4.2;0.6
09;2021-02-03;87;204;6413;1148;4.2;0.8
09;2021-02-04;49;299;6462;1447;4.2;0.9
09;2021-02-05;90;154;6552;1601;4.3;1.1
09;2021-02-06;68;51;6620;1652;4.3;1.1
09;2021-02-07;6;71;6626;1723;4.3;1.1
09;2021-02-08;23;177;6649;1900;4.4;1.2
09;2021-02-09;55;290;6704;2190;4.4;1.4
09;2021-02-10;14;195;6718;2385;4.4;1.6
09;2021-02-11;6;219;6724;2604;4.4;1.7
09;2021-02-12;147;176;6871;2780;4.5;1.8
09;2021-02-13;8;144;6879;2924;4.5;1.9
09;2021-02-14;0;52;6879;2976;4.5;2.0
09;2021-02-15;77;133;6956;3109;4.6;2.0
09;2021-02-16;227;509;7183;3618;4.7;2.4
09;2021-02-17;83;387;7266;4005;4.8;2.6
09;2021-02-18;87;447;7353;4452;4.8;2.9
09;2021-02-19;63;284;7416;4736;4.9;3.1
09;2021-02-20;58;199;7474;4935;4.9;3.2
09;2021-02-21;0;51;7474;4986;4.9;3.3
09;2021-02-22;127;217;7601;5203;5.0;3.4
09;2021-02-23;161;145;7762;5348;5.1;3.5
09;2021-02-24;74;178;7836;5526;5.1;3.6
09;2021-02-25;211;169;8047;5695;5.3;3.7
09;2021-02-26;162;177;8209;5872;5.4;3.9
09;2021-02-27;65;71;8274;5943;5.4;3.9
09;2021-02-28;44;17;8318;5960;5.5;3.9
09;2021-03-01;248;95;8566;6055;5.6;4.0
09;2021-03-02;282;77;8848;6132;5.8;4.0
09;2021-03-03;252;132;9100;6264;6.0;4.1
09;2021-03-04;414;33;9514;6297;6.2;4.1
09;2021-03-05;331;65;9845;6362;6.5;4.2
09;2021-03-06;397;46;10242;6408;6.7;4.2
09;2021-03-07;124;4;10366;6412;6.8;4.2
09;2021-03-08;379;64;10745;6476;7.1;4.2
09;2021-03-09;437;144;11182;6620;7.3;4.3
09;2021-03-10;562;73;11744;6693;7.7;4.4
09;2021-03-11;695;79;12439;6772;8.2;4.4
09;2021-03-12;661;35;13100;6807;8.6;4.5
09;2021-03-13;384;3;13484;6810;8.8;4.5
09;2021-03-14;120;5;13604;6815;8.9;4.5
09;2021-03-15;465;51;14069;6866;9.2;4.5
09;2021-03-16;370;81;14439;6947;9.5;4.6
09;2021-03-17;399;71;14838;7018;9.7;4.6
09;2021-03-18;454;43;15292;7061;10.0;4.6
09;2021-03-19;526;56;15818;7117;10.4;4.7
09;2021-03-20;314;40;16132;7157;10.6;4.7
09;2021-03-21;105;0;16237;7157;10.7;4.7
09;2021-03-22;424;120;16661;7277;10.9;4.8
09;2021-03-23;566;174;17227;7451;11.3;4.9
09;2021-03-24;710;44;17937;7495;11.8;4.9
09;2021-03-25;869;139;18806;7634;12.3;5.0
09;2021-03-26;751;47;19557;7681;12.8;5.0
09;2021-03-27;620;70;20177;7751;13.2;5.1
09;2021-03-28;132;24;20309;7775;13.3;5.1
09;2021-03-29;498;279;20807;8054;13.7;5.3
09;2021-03-30;729;157;21536;8211;14.1;5.4
09;2021-03-31;803;183;22339;8394;14.7;5.5
09;2021-04-01;734;257;23073;8651;15.1;5.7
09;2021-04-02;692;268;23765;8919;15.6;5.9
09;2021-04-03;772;117;24537;9036;16.1;5.9
09;2021-04-04;122;57;24659;9093;16.2;6.0
09;2021-04-05;237;61;24896;9154;16.3;6.0
09;2021-04-06;1059;396;25955;9550;17.0;6.3
09;2021-04-07;1207;364;27162;9914;17.8;6.5
09;2021-04-08;1470;414;28632;10328;18.8;6.8
09;2021-04-09;1137;417;29769;10745;19.5;7.1
09;2021-04-10;1349;196;31118;10941;20.4;7.2
09;2021-04-11;173;102;31291;11043;20.5;7.2
09;2021-04-12;737;346;32028;11389;21.0;7.5
09;2021-04-13;1047;417;33075;11806;21.7;7.7
09;2021-04-14;1332;512;34407;12318;22.6;8.1
09;2021-04-15;1148;508;35555;12826;23.3;8.4
09;2021-04-16;1032;415;36587;13241;24.0;8.7
09;2021-04-17;1192;358;37779;13599;24.8;8.9
09;2021-04-18;102;96;37881;13695;24.9;9.0
09;2021-04-19;697;408;38578;14103;25.3;9.3
09;2021-04-20;766;531;39344;14634;25.8;9.6
09;2021-04-21;938;590;40282;15224;26.4;10.0
09;2021-04-22;666;609;40948;15833;26.9;10.4
09;2021-04-23;773;432;41721;16265;27.4;10.7
09;2021-04-24;741;670;42462;16935;27.9;11.1
09;2021-04-25;75;113;42537;17048;27.9;11.2
09;2021-04-26;382;533;42919;17581;28.2;11.5
09;2021-04-27;444;722;43363;18303;28.5;12.0
09;2021-04-28;806;795;44169;19098;29.0;12.5
09;2021-04-29;550;775;44719;19873;29.3;13.0
09;2021-04-30;622;724;45341;20597;29.8;13.5
09;2021-05-01;478;455;45819;21052;30.1;13.8
09;2021-05-02;52;100;45871;21152;30.1;13.9
09;2021-05-03;521;664;46392;21816;30.4;14.3
09;2021-05-04;554;1349;46946;23165;30.8;15.2
09;2021-05-05;822;1348;47768;24513;31.3;16.1
09;2021-05-06;848;1032;48616;25545;31.9;16.8
09;2021-05-07;978;823;49594;26368;32.5;17.3
09;2021-05-08;395;461;49989;26829;32.8;17.6
09;2021-05-09;265;85;50254;26914;33.0;17.7
09;2021-05-10;504;966;50758;27880;33.3;18.3
09;2021-05-11;741;1052;51499;28932;33.8;19.0
09;2021-05-12;1535;1405;53034;30337;34.8;19.9
09;2021-05-13;1383;425;54417;30762;35.7;20.2
09;2021-05-14;987;656;55404;31418;36.4;20.6
09;2021-05-15;1236;789;56640;32207;37.2;21.1
09;2021-05-16;296;48;56936;32255;37.4;21.2
09;2021-05-17;873;413;57809;32668;37.9;21.4
09;2021-05-18;1290;395;59099;33063;38.8;21.7
09;2021-05-19;1495;371;60594;33434;39.8;21.9
09;2021-05-20;1379;404;61973;33838;40.7;22.2
09;2021-05-21;1162;495;63135;34333;41.4;22.5
09;2021-05-22;1544;364;64679;34697;42.4;22.8
09;2021-05-23;272;24;64951;34721;42.6;22.8
09;2021-05-24;177;100;65128;34821;42.7;22.8
09;2021-05-25;998;500;66126;35321;43.4;23.2
09;2021-05-26;1285;448;67411;35769;44.2;23.5
09;2021-05-27;965;403;68376;36172;44.9;23.7
09;2021-05-28;958;513;69334;36685;45.5;24.1
09;2021-05-29;1794;601;71128;37286;46.7;24.5
09;2021-05-30;541;197;71669;37483;47.0;24.6
09;2021-05-31;717;593;72386;38076;47.5;25.0
09;2021-06-01;970;642;73356;38718;48.1;25.4
09;2021-06-02;1009;897;74365;39615;48.8;26.0
09;2021-06-03;809;681;75174;40296;49.3;26.4
09;2021-06-04;877;798;76051;41094;49.9;27.0
09;2021-06-05;1320;875;77371;41969;50.8;27.5
09;2021-06-06;304;108;77675;42077;51.0;27.6
09;2021-06-07;623;518;78298;42595;51.4;27.9
09;2021-06-08;821;488;79119;43083;51.9;28.3
09;2021-06-09;805;834;79924;43917;52.4;28.8
09;2021-06-10;642;534;80566;44451;52.9;29.2
09;2021-06-11;830;761;81396;45212;53.4;29.7
09;2021-06-12;635;808;82031;46020;53.8;30.2
09;2021-06-13;94;130;82125;46150;53.9;30.3
09;2021-06-14;628;708;82753;46858;54.3;30.7
09;2021-06-15;824;889;83577;47747;54.8;31.3
09;2021-06-16;627;1079;84204;48826;55.3;32.0
09;2021-06-17;779;852;84983;49678;55.8;32.6
09;2021-06-18;636;1150;85619;50828;56.2;33.4
09;2021-06-19;516;1580;86135;52408;56.5;34.4
09;2021-06-20;8;279;86143;52687;56.5;34.6
09;2021-06-21;473;698;86616;53385;56.8;35.0
09;2021-06-22;463;1066;87079;54451;57.1;35.7
09;2021-06-23;435;1224;87514;55675;57.4;36.5
09;2021-06-24;581;769;88095;56444;57.8;37.0
09;2021-06-25;410;1064;88505;57508;58.1;37.7
09;2021-06-26;443;1087;88948;58595;58.4;38.4
09;2021-06-27;2;275;88950;58870;58.4;38.6
09;2021-06-28;239;1047;89189;59917;58.5;39.3
09;2021-06-29;314;1229;89503;61146;58.7;40.1
09;2021-06-30;456;1492;89959;62638;59.0;41.1
09;2021-07-01;384;1434;90343;64072;59.3;42.0
09;2021-07-02;308;1162;90651;65234;59.5;42.8
09;2021-07-03;210;1617;90861;66851;59.6;43.9
09;2021-07-04;4;253;90865;67104;59.6;44.0
09;2021-07-05;188;713;91053;67817;59.7;44.5
09;2021-07-06;293;1222;91346;69039;59.9;45.3
09;2021-07-07;419;1399;91765;70438;60.2;46.2
09;2021-07-08;325;1058;92090;71496;60.4;46.9
09;2021-07-09;292;1153;92382;72649;60.6;47.7
09;2021-07-10;345;1725;92727;74374;60.8;48.8
09;2021-07-11;147;392;92874;74766;60.9;49.1
09;2021-07-12;187;1074;93061;75840;61.1;49.8
09;2021-07-13;641;1308;93702;77148;61.5;50.6
09;2021-07-14;490;220;94192;77368;61.8;50.8
09;2021-07-15;819;1166;95011;78534;62.3;51.5
09;2021-07-16;610;1191;95621;79725;62.7;52.3
09;2021-07-17;1015;1444;96636;81169;63.4;53.3
09;2021-07-18;302;221;96938;81390;63.6;53.4
09;2021-07-19;483;973;97421;82363;63.9;54.0
09;2021-07-20;830;1260;98251;83623;64.5;54.9
09;2021-07-21;1016;1165;99267;84788;65.1;55.6
09;2021-07-22;846;910;100113;85698;65.7;56.2
09;2021-07-23;724;911;100837;86609;66.2;56.8
09;2021-07-24;927;463;101764;87072;66.8;57.1
09;2021-07-25;560;134;102324;87206;67.1;57.2
09;2021-07-26;647;765;102971;87971;67.6;57.7
09;2021-07-27;1177;949;104148;88920;68.3;58.3
09;2021-07-28;1197;988;105345;89908;69.1;59.0
09;2021-07-29;1042;739;106387;90647;69.8;59.5
09;2021-07-30;779;623;107166;91270;70.3;59.9
09;2021-07-31;1379;419;108545;91689;71.2;60.2
09;2021-08-01;141;125;108686;91814;71.3;60.2
09;2021-08-02;614;478;109300;92292;71.7;60.6
09;2021-08-03;1254;767;110554;93059;72.5;61.1
09;2021-08-04;1400;654;111954;93713;73.5;61.5
09;2021-08-05;997;677;112951;94390;74.1;61.9
09;2021-08-06;1017;641;113968;95031;74.8;62.4
09;2021-08-07;825;430;114793;95461;75.3;62.6
09;2021-08-08;129;131;114922;95592;75.4;62.7
09;2021-08-09;690;650;115612;96242;75.9;63.2
09;2021-08-10;940;695;116552;96937;76.5;63.6
09;2021-08-11;896;866;117448;97803;77.1;64.2
09;2021-08-12;631;731;118079;98534;77.5;64.7
09;2021-08-13;465;645;118544;99179;77.8;65.1
09;2021-08-14;311;828;118855;100007;78.0;65.6
09;2021-08-15;67;138;118922;100145;78.0;65.7
09;2021-08-16;547;620;119469;100765;78.4;66.1
09;2021-08-17;674;777;120143;101542;78.8;66.6
09;2021-08-18;620;931;120763;102473;79.2;67.2
09;2021-08-19;432;722;121195;103195;79.5;67.7
09;2021-08-20;363;749;121558;103944;79.8;68.2
09;2021-08-21;343;1384;121901;105328;80.0;69.1
09;2021-08-22;67;168;121968;105496;80.0;69.2
09;2021-08-23;341;759;122309;106255;80.3;69.7
09;2021-08-24;407;955;122716;107210;80.5;70.3
09;2021-08-25;283;1003;122999;108213;80.7;71.0
09;2021-08-26;316;928;123315;109141;80.9;71.6
09;2021-08-27;226;740;123541;109881;81.1;72.1
09;2021-08-28;257;970;123798;110851;81.2;72.7
09;2021-08-29;15;144;123813;110995;81.2;72.8
09;2021-08-30;275;720;124088;111715;81.4;73.3
09;2021-08-31;314;1064;124402;112779;81.6;74.0
09;2021-09-01;360;770;124762;113549;81.9;74.5
09;2021-09-02;159;494;124921;114043;82.0;74.8
09;2021-09-03;223;743;125144;114786;82.1;75.3
09;2021-09-04;200;474;125344;115260;82.2;75.6
09;2021-09-05;25;80;125369;115340;82.3;75.7
09;2021-09-06;182;519;125551;115859;82.4;76.0
09;2021-09-07;157;547;125708;116406;82.5;76.4
09;2021-09-08;204;827;125912;117233;82.6;76.9
09;2021-09-09;160;434;126072;117667;82.7;77.2
09;2021-09-10;130;429;126202;118096;82.8;77.5
09;2021-09-11;175;400;126377;118496;82.9;77.8
09;2021-09-12;27;71;126404;118567;82.9;77.8
09;2021-09-13;129;418;126533;118985;83.0;78.1
09;2021-09-14;144;502;126677;119487;83.1;78.4
09;2021-09-15;188;603;126865;120090;83.2;78.8
09;2021-09-16;130;324;126995;120414;83.3;79.0
09;2021-09-17;146;405;127141;120819;83.4;79.3
09;2021-09-18;158;345;127299;121164;83.5;79.5
09;2021-09-19;2;0;127301;121164;83.5;79.5
09;2021-09-20;71;290;127372;121454;83.6;79.7
09;2021-09-21;101;205;127473;121659;83.6;79.8
09;2021-09-22;141;471;127614;122130;83.7;80.1
09;2021-09-23;71;164;127685;122294;83.8;80.2
09;2021-09-24;117;289;127802;122583;83.9;80.4
09;2021-09-25;62;195;127864;122778;83.9;80.6
09;2021-09-26;0;17;127864;122795;83.9;80.6
09;2021-09-27;82;327;127946;123122;84.0;80.8
09;2021-09-28;74;175;128020;123297;84.0;80.9
09;2021-09-29;97;235;128117;123532;84.1;81.1
09;2021-09-30;43;119;128160;123651;84.1;81.1
09;2021-10-01;82;125;128242;123776;84.1;81.2
09;2021-10-02;83;230;128325;124006;84.2;81.4
09;2021-10-03;2;8;128327;124014;84.2;81.4
09;2021-10-04;53;114;128380;124128;84.2;81.4
09;2021-10-05;70;125;128450;124253;84.3;81.5
09;2021-10-06;123;221;128573;124474;84.4;81.7
09;2021-10-07;60;165;128633;124639;84.4;81.8
09;2021-10-08;104;177;128737;124816;84.5;81.9
09;2021-10-09;54;132;128791;124948;84.5;82.0
09;2021-10-10;0;8;128791;124956;84.5;82.0
10;2020-12-27;0;0;0;0;0.0;0.0
10;2020-12-28;0;0;0;0;0.0;0.0
10;2020-12-29;0;0;0;0;0.0;0.0
10;2020-12-30;0;0;0;0;0.0;0.0
10;2020-12-31;0;0;0;0;0.0;0.0
10;2021-01-01;0;0;0;0;0.0;0.0
10;2021-01-02;1;0;1;0;0.0;0.0
10;2021-01-03;0;0;1;0;0.0;0.0
10;2021-01-04;0;0;1;0;0.0;0.0
10;2021-01-05;1;0;2;0;0.0;0.0
10;2021-01-06;0;0;2;0;0.0;0.0
10;2021-01-07;84;0;86;0;0.0;0.0
10;2021-01-08;255;0;341;0;0.1;0.0
10;2021-01-09;0;0;341;0;0.1;0.0
10;2021-01-10;1;0;342;0;0.1;0.0
10;2021-01-11;118;1;460;1;0.1;0.0
10;2021-01-12;195;4;655;5;0.2;0.0
10;2021-01-13;314;0;969;5;0.3;0.0
10;2021-01-14;392;10;1361;15;0.4;0.0
10;2021-01-15;359;3;1720;18;0.6;0.0
10;2021-01-16;56;0;1776;18;0.6;0.0
10;2021-01-17;0;0;1776;18;0.6;0.0
10;2021-01-18;702;4;2478;22;0.8;0.0
10;2021-01-19;1392;8;3870;30;1.2;0.0
10;2021-01-20;1084;9;4954;39;1.6;0.0
10;2021-01-21;1152;2;6106;41;2.0;0.0
10;2021-01-22;818;2;6924;43;2.2;0.0
10;2021-01-23;309;0;7233;43;2.3;0.0
10;2021-01-24;0;0;7233;43;2.3;0.0
10;2021-01-25;445;8;7678;51;2.5;0.0
10;2021-01-26;487;17;8165;68;2.6;0.0
10;2021-01-27;458;15;8623;83;2.8;0.0
10;2021-01-28;358;49;8981;132;2.9;0.0
10;2021-01-29;430;191;9411;323;3.0;0.1
10;2021-01-30;30;0;9441;323;3.0;0.1
10;2021-01-31;0;0;9441;323;3.0;0.1
10;2021-02-01;409;139;9850;462;3.2;0.1
10;2021-02-02;182;151;10032;613;3.2;0.2
10;2021-02-03;361;215;10393;828;3.4;0.3
10;2021-02-04;342;269;10735;1097;3.5;0.4
10;2021-02-05;328;322;11063;1419;3.6;0.5
10;2021-02-06;3;35;11066;1454;3.6;0.5
10;2021-02-07;0;0;11066;1454;3.6;0.5
10;2021-02-08;190;411;11256;1865;3.6;0.6
10;2021-02-09;485;586;11741;2451;3.8;0.8
10;2021-02-10;667;482;12408;2933;4.0;0.9
10;2021-02-11;781;596;13189;3529;4.3;1.1
10;2021-02-12;580;549;13769;4078;4.4;1.3
10;2021-02-13;37;120;13806;4198;4.5;1.4
10;2021-02-14;0;0;13806;4198;4.5;1.4
10;2021-02-15;143;442;13949;4640;4.5;1.5
10;2021-02-16;116;541;14065;5181;4.5;1.7
10;2021-02-17;129;603;14194;5784;4.6;1.9
10;2021-02-18;217;555;14411;6339;4.7;2.0
10;2021-02-19;188;473;14599;6812;4.7;2.2
10;2021-02-20;24;183;14623;6995;4.7;2.3
10;2021-02-21;0;0;14623;6995;4.7;2.3
10;2021-02-22;77;445;14700;7440;4.7;2.4
10;2021-02-23;76;557;14776;7997;4.8;2.6
10;2021-02-24;114;373;14890;8370;4.8;2.7
10;2021-02-25;322;373;15212;8743;4.9;2.8
10;2021-02-26;351;283;15563;9026;5.0;2.9
10;2021-02-27;275;129;15838;9155;5.1;3.0
10;2021-02-28;0;0;15838;9155;5.1;3.0
10;2021-03-01;257;332;16095;9487;5.2;3.1
10;2021-03-02;435;369;16530;9856;5.3;3.2
10;2021-03-03;454;583;16984;10439;5.5;3.4
10;2021-03-04;636;501;17620;10940;5.7;3.5
10;2021-03-05;677;254;18297;11194;5.9;3.6
10;2021-03-06;950;46;19247;11240;6.2;3.6
10;2021-03-07;769;7;20016;11247;6.5;3.6
10;2021-03-08;502;442;20518;11689;6.6;3.8
10;2021-03-09;673;435;21191;12124;6.8;3.9
10;2021-03-10;662;365;21853;12489;7.1;4.0
10;2021-03-11;1174;238;23027;12727;7.4;4.1
10;2021-03-12;1338;250;24365;12977;7.9;4.2
10;2021-03-13;891;39;25256;13016;8.1;4.2
10;2021-03-14;1381;17;26637;13033;8.6;4.2
10;2021-03-15;821;83;27458;13116;8.9;4.2
10;2021-03-16;688;64;28146;13180;9.1;4.3
10;2021-03-17;831;68;28977;13248;9.4;4.3
10;2021-03-18;885;83;29862;13331;9.6;4.3
10;2021-03-19;952;71;30814;13402;9.9;4.3
10;2021-03-20;552;19;31366;13421;10.1;4.3
10;2021-03-21;1849;43;33215;13464;10.7;4.3
10;2021-03-22;879;76;34094;13540;11.0;4.4
10;2021-03-23;1244;94;35338;13634;11.4;4.4
10;2021-03-24;1311;60;36649;13694;11.8;4.4
10;2021-03-25;1676;232;38325;13926;12.4;4.5
10;2021-03-26;1432;116;39757;14042;12.8;4.5
10;2021-03-27;762;80;40519;14122;13.1;4.6
10;2021-03-28;1221;31;41740;14153;13.5;4.6
10;2021-03-29;648;305;42388;14458;13.7;4.7
10;2021-03-30;927;376;43315;14834;14.0;4.8
10;2021-03-31;617;361;43932;15195;14.2;4.9
10;2021-04-01;883;688;44815;15883;14.5;5.1
10;2021-04-02;1069;589;45884;16472;14.8;5.3
10;2021-04-03;540;606;46424;17078;15.0;5.5
10;2021-04-04;1826;264;48250;17342;15.6;5.6
10;2021-04-05;1843;43;50093;17385;16.2;5.6
10;2021-04-06;514;651;50607;18036;16.3;5.8
10;2021-04-07;592;541;51199;18577;16.5;6.0
10;2021-04-08;1060;609;52259;19186;16.9;6.2
10;2021-04-09;1130;613;53389;19799;17.2;6.4
10;2021-04-10;1769;352;55158;20151;17.8;6.5
10;2021-04-11;55;1221;55213;21372;17.8;6.9
10;2021-04-12;1001;808;56214;22180;18.1;7.2
10;2021-04-13;1506;896;57720;23076;18.6;7.4
10;2021-04-14;824;603;58544;23679;18.9;7.6
10;2021-04-15;1454;899;59998;24578;19.4;7.9
10;2021-04-16;1109;697;61107;25275;19.7;8.2
10;2021-04-17;2391;363;63498;25638;20.5;8.3
10;2021-04-18;1422;1789;64920;27427;20.9;8.9
10;2021-04-19;837;833;65757;28260;21.2;9.1
10;2021-04-20;546;1038;66303;29298;21.4;9.5
10;2021-04-21;636;975;66939;30273;21.6;9.8
10;2021-04-22;932;963;67871;31236;21.9;10.1
10;2021-04-23;2172;779;70043;32015;22.6;10.3
10;2021-04-24;2296;380;72339;32395;23.3;10.5
10;2021-04-25;1991;1217;74330;33612;24.0;10.8
10;2021-04-26;773;623;75103;34235;24.2;11.0
10;2021-04-27;895;537;75998;34772;24.5;11.2
10;2021-04-28;873;407;76871;35179;24.8;11.4
10;2021-04-29;1433;674;78304;35853;25.3;11.6
10;2021-04-30;2172;771;80476;36624;26.0;11.8
10;2021-05-01;1988;2169;82464;38793;26.6;12.5
10;2021-05-02;1948;1898;84412;40691;27.2;13.1
10;2021-05-03;622;447;85034;41138;27.4;13.3
10;2021-05-04;1144;1248;86178;42386;27.8;13.7
10;2021-05-05;1753;1022;87931;43408;28.4;14.0
10;2021-05-06;2257;951;90188;44359;29.1;14.3
10;2021-05-07;2218;1141;92406;45500;29.8;14.7
10;2021-05-08;2270;860;94676;46360;30.5;15.0
10;2021-05-09;2004;100;96680;46460;31.2;15.0
10;2021-05-10;531;1094;97211;47554;31.4;15.3
10;2021-05-11;1052;1034;98263;48588;31.7;15.7
10;2021-05-12;2062;884;100325;49472;32.4;16.0
10;2021-05-13;2181;436;102506;49908;33.1;16.1
10;2021-05-14;2728;673;105234;50581;34.0;16.3
10;2021-05-15;2423;2053;107657;52634;34.7;17.0
10;2021-05-16;2080;1448;109737;54082;35.4;17.5
10;2021-05-17;1451;442;111188;54524;35.9;17.6
10;2021-05-18;2510;640;113698;55164;36.7;17.8
10;2021-05-19;1554;642;115252;55806;37.2;18.0
10;2021-05-20;1892;847;117144;56653;37.8;18.3
10;2021-05-21;2318;618;119462;57271;38.5;18.5
10;2021-05-22;2179;422;121641;57693;39.3;18.6
10;2021-05-23;1816;138;123457;57831;39.8;18.7
10;2021-05-24;1968;177;125425;58008;40.5;18.7
10;2021-05-25;2195;491;127620;58499;41.2;18.9
10;2021-05-26;1679;421;129299;58920;41.7;19.0
10;2021-05-27;1659;753;130958;59673;42.3;19.3
10;2021-05-28;1720;1186;132678;60859;42.8;19.6
10;2021-05-29;2170;643;134848;61502;43.5;19.8
10;2021-05-30;1029;136;135877;61638;43.8;19.9
10;2021-05-31;1039;750;136916;62388;44.2;20.1
10;2021-06-01;1135;887;138051;63275;44.5;20.4
10;2021-06-02;1035;720;139086;63995;44.9;20.6
10;2021-06-03;1473;1069;140559;65064;45.4;21.0
10;2021-06-04;1768;2598;142327;67662;45.9;21.8
10;2021-06-05;1518;2451;143845;70113;46.4;22.6
10;2021-06-06;1005;1874;144850;71987;46.7;23.2
10;2021-06-07;700;1112;145550;73099;47.0;23.6
10;2021-06-08;896;1172;146446;74271;47.3;24.0
10;2021-06-09;880;913;147326;75184;47.5;24.3
10;2021-06-10;678;1070;148004;76254;47.8;24.6
10;2021-06-11;1200;2209;149204;78463;48.1;25.3
10;2021-06-12;856;2389;150060;80852;48.4;26.1
10;2021-06-13;401;1834;150461;82686;48.6;26.7
10;2021-06-14;538;743;150999;83429;48.7;26.9
10;2021-06-15;741;2132;151740;85561;49.0;27.6
10;2021-06-16;741;1858;152481;87419;49.2;28.2
10;2021-06-17;851;2457;153332;89876;49.5;29.0
10;2021-06-18;1030;2473;154362;92349;49.8;29.8
10;2021-06-19;981;2595;155343;94944;50.1;30.6
10;2021-06-20;549;1597;155892;96541;50.3;31.2
10;2021-06-21;684;1045;156576;97586;50.5;31.5
10;2021-06-22;745;1526;157321;99112;50.8;32.0
10;2021-06-23;653;2406;157974;101518;51.0;32.8
10;2021-06-24;786;2617;158760;104135;51.2;33.6
10;2021-06-25;730;3047;159490;107182;51.5;34.6
10;2021-06-26;514;2746;160004;109928;51.6;35.5
10;2021-06-27;402;1940;160406;111868;51.8;36.1
10;2021-06-28;683;1784;161089;113652;52.0;36.7
10;2021-06-29;616;2698;161705;116350;52.2;37.5
10;2021-06-30;534;1524;162239;117874;52.4;38.0
10;2021-07-01;555;2172;162794;120046;52.5;38.7
10;2021-07-02;664;2726;163458;122772;52.7;39.6
10;2021-07-03;529;2600;163987;125372;52.9;40.5
10;2021-07-04;411;1726;164398;127098;53.0;41.0
10;2021-07-05;667;2224;165065;129322;53.3;41.7
10;2021-07-06;651;2188;165716;131510;53.5;42.4
10;2021-07-07;639;1703;166355;133213;53.7;43.0
10;2021-07-08;751;1459;167106;134672;53.9;43.5
10;2021-07-09;820;1949;167926;136621;54.2;44.1
10;2021-07-10;632;2096;168558;138717;54.4;44.8
10;2021-07-11;500;1384;169058;140101;54.6;45.2
10;2021-07-12;783;1624;169841;141725;54.8;45.7
10;2021-07-13;1126;1874;170967;143599;55.2;46.3
10;2021-07-14;1169;1054;172136;144653;55.5;46.7
10;2021-07-15;1477;1980;173613;146633;56.0;47.3
10;2021-07-16;1241;2274;174854;148907;56.4;48.0
10;2021-07-17;1287;1738;176141;150645;56.8;48.6
10;2021-07-18;942;1225;177083;151870;57.1;49.0
10;2021-07-19;1361;1622;178444;153492;57.6;49.5
10;2021-07-20;1685;1433;180129;154925;58.1;50.0
10;2021-07-21;1395;1485;181524;156410;58.6;50.5
10;2021-07-22;1941;1598;183465;158008;59.2;51.0
10;2021-07-23;1606;1544;185071;159552;59.7;51.5
10;2021-07-24;1389;1228;186460;160780;60.2;51.9
10;2021-07-25;1251;789;187711;161569;60.6;52.1
10;2021-07-26;1914;1318;189625;162887;61.2;52.6
10;2021-07-27;2139;1071;191764;163958;61.9;52.9
10;2021-07-28;2094;1018;193858;164976;62.6;53.2
10;2021-07-29;2444;1204;196302;166180;63.3;53.6
10;2021-07-30;2176;1311;198478;167491;64.0;54.0
10;2021-07-31;1680;938;200158;168429;64.6;54.3
10;2021-08-01;1236;570;201394;168999;65.0;54.5
10;2021-08-02;1463;1337;202857;170336;65.5;55.0
10;2021-08-03;1635;897;204492;171233;66.0;55.3
10;2021-08-04;1370;1068;205862;172301;66.4;55.6
10;2021-08-05;1654;1345;207516;173646;67.0;56.0
10;2021-08-06;1835;1333;209351;174979;67.6;56.5
10;2021-08-07;1156;1133;210507;176112;67.9;56.8
10;2021-08-08;660;751;211167;176863;68.1;57.1
10;2021-08-09;1311;1542;212478;178405;68.6;57.6
10;2021-08-10;1670;1353;214148;179758;69.1;58.0
10;2021-08-11;854;1108;215002;180866;69.4;58.4
10;2021-08-12;1055;1225;216057;182091;69.7;58.8
10;2021-08-13;739;1075;216796;183166;70.0;59.1
10;2021-08-14;587;1235;217383;184401;70.1;59.5
10;2021-08-15;317;781;217700;185182;70.2;59.8
10;2021-08-16;725;1618;218425;186800;70.5;60.3
10;2021-08-17;877;1776;219302;188576;70.8;60.8
10;2021-08-18;723;1620;220025;190196;71.0;61.4
10;2021-08-19;551;1571;220576;191767;71.2;61.9
10;2021-08-20;644;1733;221220;193500;71.4;62.4
10;2021-08-21;452;1419;221672;194919;71.5;62.9
10;2021-08-22;189;1061;221861;195980;71.6;63.2
10;2021-08-23;481;1562;222342;197542;71.7;63.7
10;2021-08-24;669;1771;223011;199313;72.0;64.3
10;2021-08-25;460;1381;223471;200694;72.1;64.8
10;2021-08-26;432;1486;223903;202180;72.2;65.2
10;2021-08-27;626;1588;224529;203768;72.5;65.8
10;2021-08-28;396;1333;224925;205101;72.6;66.2
10;2021-08-29;225;946;225150;206047;72.7;66.5
10;2021-08-30;433;1376;225583;207423;72.8;66.9
10;2021-08-31;470;1426;226053;208849;72.9;67.4
10;2021-09-01;298;1104;226351;209953;73.0;67.7
10;2021-09-02;273;972;226624;210925;73.1;68.1
10;2021-09-03;404;1062;227028;211987;73.3;68.4
10;2021-09-04;342;1014;227370;213001;73.4;68.7
10;2021-09-05;174;409;227544;213410;73.4;68.9
10;2021-09-06;272;595;227816;214005;73.5;69.1
10;2021-09-07;303;601;228119;214606;73.6;69.2
10;2021-09-08;255;607;228374;215213;73.7;69.4
10;2021-09-09;331;720;228705;215933;73.8;69.7
10;2021-09-10;433;761;229138;216694;73.9;69.9
10;2021-09-11;264;634;229402;217328;74.0;70.1
10;2021-09-12;93;210;229495;217538;74.1;70.2
10;2021-09-13;226;473;229721;218011;74.1;70.3
10;2021-09-14;247;596;229968;218607;74.2;70.5
10;2021-09-15;238;637;230206;219244;74.3;70.7
10;2021-09-16;281;598;230487;219842;74.4;70.9
10;2021-09-17;270;859;230757;220701;74.5;71.2
10;2021-09-18;197;610;230954;221311;74.5;71.4
10;2021-09-19;62;224;231016;221535;74.5;71.5
10;2021-09-20;138;627;231154;222162;74.6;71.7
10;2021-09-21;151;554;231305;222716;74.6;71.9
10;2021-09-22;132;305;231437;223021;74.7;72.0
10;2021-09-23;215;353;231652;223374;74.7;72.1
10;2021-09-24;211;547;231863;223921;74.8;72.3
10;2021-09-25;112;420;231975;224341;74.9;72.4
10;2021-09-26;58;215;232033;224556;74.9;72.5
10;2021-09-27;220;267;232253;224823;74.9;72.5
10;2021-09-28;204;362;232457;225185;75.0;72.7
10;2021-09-29;190;292;232647;225477;75.1;72.8
10;2021-09-30;156;220;232803;225697;75.1;72.8
10;2021-10-01;202;447;233005;226144;75.2;73.0
10;2021-10-02;145;285;233150;226429;75.2;73.1
10;2021-10-03;58;128;233208;226557;75.3;73.1
10;2021-10-04;98;194;233306;226751;75.3;73.2
10;2021-10-05;107;216;233413;226967;75.3;73.2
10;2021-10-06;136;226;233549;227193;75.4;73.3
10;2021-10-07;137;318;233686;227511;75.4;73.4
10;2021-10-08;181;286;233867;227797;75.5;73.5
10;2021-10-09;123;245;233990;228042;75.5;73.6
10;2021-10-10;53;86;234043;228128;75.5;73.6
11;2020-12-27;0;0;0;0;0.0;0.0
11;2020-12-28;1;0;1;0;0.0;0.0
11;2020-12-29;1;0;2;0;0.0;0.0
11;2020-12-30;0;0;2;0;0.0;0.0
11;2020-12-31;0;0;2;0;0.0;0.0
11;2021-01-01;0;0;2;0;0.0;0.0
11;2021-01-02;5;0;7;0;0.0;0.0
11;2021-01-03;0;0;7;0;0.0;0.0
11;2021-01-04;1;0;8;0;0.0;0.0
11;2021-01-05;95;1;103;1;0.0;0.0
11;2021-01-06;26;0;129;1;0.0;0.0
11;2021-01-07;119;0;248;1;0.1;0.0
11;2021-01-08;91;1;339;2;0.1;0.0
11;2021-01-09;86;0;425;2;0.1;0.0
11;2021-01-10;67;0;492;2;0.1;0.0
11;2021-01-11;136;0;628;2;0.2;0.0
11;2021-01-12;545;3;1173;5;0.3;0.0
11;2021-01-13;409;1;1582;6;0.4;0.0
11;2021-01-14;646;10;2228;16;0.6;0.0
11;2021-01-15;342;3;2570;19;0.7;0.0
11;2021-01-16;77;1;2647;20;0.7;0.0
11;2021-01-17;47;2;2694;22;0.7;0.0
11;2021-01-18;388;0;3082;22;0.8;0.0
11;2021-01-19;539;12;3621;34;1.0;0.0
11;2021-01-20;693;7;4314;41;1.2;0.0
11;2021-01-21;650;7;4964;48;1.3;0.0
11;2021-01-22;524;2;5488;50;1.5;0.0
11;2021-01-23;165;2;5653;52;1.5;0.0
11;2021-01-24;139;1;5792;53;1.6;0.0
11;2021-01-25;377;19;6169;72;1.7;0.0
11;2021-01-26;850;85;7019;157;1.9;0.0
11;2021-01-27;804;27;7823;184;2.1;0.0
11;2021-01-28;652;62;8475;246;2.3;0.1
11;2021-01-29;442;124;8917;370;2.4;0.1
11;2021-01-30;138;4;9055;374;2.4;0.1
11;2021-01-31;82;0;9137;374;2.5;0.1
11;2021-02-01;344;197;9481;571;2.5;0.2
11;2021-02-02;412;407;9893;978;2.7;0.3
11;2021-02-03;392;354;10285;1332;2.8;0.4
11;2021-02-04;376;499;10661;1831;2.9;0.5
11;2021-02-05;320;336;10981;2167;2.9;0.6
11;2021-02-06;210;65;11191;2232;3.0;0.6
11;2021-02-07;109;14;11300;2246;3.0;0.6
11;2021-02-08;317;160;11617;2406;3.1;0.6
11;2021-02-09;300;279;11917;2685;3.2;0.7
11;2021-02-10;343;446;12260;3131;3.3;0.8
11;2021-02-11;609;631;12869;3762;3.5;1.0
11;2021-02-12;407;381;13276;4143;3.6;1.1
11;2021-02-13;195;118;13471;4261;3.6;1.1
11;2021-02-14;73;26;13544;4287;3.6;1.2
11;2021-02-15;241;209;13785;4496;3.7;1.2
11;2021-02-16;264;509;14049;5005;3.8;1.3
11;2021-02-17;454;620;14503;5625;3.9;1.5
11;2021-02-18;456;571;14959;6196;4.0;1.7
11;2021-02-19;300;535;15259;6731;4.1;1.8
11;2021-02-20;148;75;15407;6806;4.1;1.8
11;2021-02-21;59;46;15466;6852;4.1;1.8
11;2021-02-22;124;328;15590;7180;4.2;1.9
11;2021-02-23;283;318;15873;7498;4.3;2.0
11;2021-02-24;252;366;16125;7864;4.3;2.1
11;2021-02-25;563;332;16688;8196;4.5;2.2
11;2021-02-26;523;315;17211;8511;4.6;2.3
11;2021-02-27;319;100;17530;8611;4.7;2.3
11;2021-02-28;95;24;17625;8635;4.7;2.3
11;2021-03-01;339;315;17964;8950;4.8;2.4
11;2021-03-02;563;390;18527;9340;5.0;2.5
11;2021-03-03;601;432;19128;9772;5.1;2.6
11;2021-03-04;1078;410;20206;10182;5.4;2.7
11;2021-03-05;1003;412;21209;10594;5.7;2.8
11;2021-03-06;1096;207;22305;10801;6.0;2.9
11;2021-03-07;658;33;22963;10834;6.2;2.9
11;2021-03-08;369;353;23332;11187;6.3;3.0
11;2021-03-09;997;401;24329;11588;6.5;3.1
11;2021-03-10;1176;545;25505;12133;6.8;3.3
11;2021-03-11;1572;450;27077;12583;7.3;3.4
11;2021-03-12;1457;444;28534;13027;7.7;3.5
11;2021-03-13;1160;241;29694;13268;8.0;3.6
11;2021-03-14;523;54;30217;13322;8.1;3.6
11;2021-03-15;651;241;30868;13563;8.3;3.6
11;2021-03-16;853;201;31721;13764;8.5;3.7
11;2021-03-17;907;221;32628;13985;8.8;3.8
11;2021-03-18;1172;287;33800;14272;9.1;3.8
11;2021-03-19;1372;249;35172;14521;9.4;3.9
11;2021-03-20;790;176;35962;14697;9.6;3.9
11;2021-03-21;225;68;36187;14765;9.7;4.0
11;2021-03-22;809;221;36996;14986;9.9;4.0
11;2021-03-23;1807;393;38803;15379;10.4;4.1
11;2021-03-24;1847;322;40650;15701;10.9;4.2
11;2021-03-25;2190;375;42840;16076;11.5;4.3
11;2021-03-26;2125;450;44965;16526;12.1;4.4
11;2021-03-27;1178;147;46143;16673;12.4;4.5
11;2021-03-28;265;44;46408;16717;12.5;4.5
11;2021-03-29;1182;224;47590;16941;12.8;4.5
11;2021-03-30;1995;329;49585;17270;13.3;4.6
11;2021-03-31;1614;386;51199;17656;13.7;4.7
11;2021-04-01;2145;429;53344;18085;14.3;4.9
11;2021-04-02;1642;429;54986;18514;14.8;5.0
11;2021-04-03;720;146;55706;18660;14.9;5.0
11;2021-04-04;198;76;55904;18736;15.0;5.0
11;2021-04-05;257;4;56161;18740;15.1;5.0
11;2021-04-06;1574;555;57735;19295;15.5;5.2
11;2021-04-07;1778;576;59513;19871;16.0;5.3
11;2021-04-08;1785;686;61298;20557;16.4;5.5
11;2021-04-09;2261;608;63559;21165;17.1;5.7
11;2021-04-10;1168;181;64727;21346;17.4;5.7
11;2021-04-11;551;106;65278;21452;17.5;5.8
11;2021-04-12;1615;545;66893;21997;17.9;5.9
11;2021-04-13;2262;890;69155;22887;18.6;6.1
11;2021-04-14;1661;1020;70816;23907;19.0;6.4
11;2021-04-15;1843;1134;72659;25041;19.5;6.7
11;2021-04-16;1838;851;74497;25892;20.0;6.9
11;2021-04-17;1772;564;76269;26456;20.5;7.1
11;2021-04-18;114;155;76383;26611;20.5;7.1
11;2021-04-19;1384;739;77767;27350;20.9;7.3
11;2021-04-20;1729;1284;79496;28634;21.3;7.7
11;2021-04-21;1780;1324;81276;29958;21.8;8.0
11;2021-04-22;1749;1326;83025;31284;22.3;8.4
11;2021-04-23;2014;1239;85039;32523;22.8;8.7
11;2021-04-24;1735;469;86774;32992;23.3;8.9
11;2021-04-25;659;183;87433;33175;23.5;8.9
11;2021-04-26;1380;839;88813;34014;23.8;9.1
11;2021-04-27;1839;1556;90652;35570;24.3;9.5
11;2021-04-28;2008;1470;92660;37040;24.9;9.9
11;2021-04-29;2247;1642;94907;38682;25.5;10.4
11;2021-04-30;2158;1427;97065;40109;26.0;10.8
11;2021-05-01;1338;345;98403;40454;26.4;10.9
11;2021-05-02;588;336;98991;40790;26.6;10.9
11;2021-05-03;1487;739;100478;41529;27.0;11.1
11;2021-05-04;1878;1431;102356;42960;27.5;11.5
11;2021-05-05;1895;1441;104251;44401;28.0;11.9
11;2021-05-06;2191;1475;106442;45876;28.6;12.3
11;2021-05-07;2105;1560;108547;47436;29.1;12.7
11;2021-05-08;898;728;109445;48164;29.4;12.9
11;2021-05-09;628;543;110073;48707;29.5;13.1
11;2021-05-10;1327;1652;111400;50359;29.9;13.5
11;2021-05-11;2041;1874;113441;52233;30.4;14.0
11;2021-05-12;1848;1653;115289;53886;30.9;14.5
11;2021-05-13;1405;414;116694;54300;31.3;14.6
11;2021-05-14;1718;1184;118412;55484;31.8;14.9
11;2021-05-15;1158;897;119570;56381;32.1;15.1
11;2021-05-16;808;164;120378;56545;32.3;15.2
11;2021-05-17;1470;1046;121848;57591;32.7;15.5
11;2021-05-18;1898;1192;123746;58783;33.2;15.8
11;2021-05-19;1846;1124;125592;59907;33.7;16.1
11;2021-05-20;1971;1091;127563;60998;34.2;16.4
11;2021-05-21;2276;1092;129839;62090;34.8;16.7
11;2021-05-22;1485;727;131324;62817;35.2;16.9
11;2021-05-23;768;72;132092;62889;35.4;16.9
11;2021-05-24;1411;224;133503;63113;35.8;16.9
11;2021-05-25;1811;1353;135314;64466;36.3;17.3
11;2021-05-26;1934;1299;137248;65765;36.8;17.6
11;2021-05-27;1989;1722;139237;67487;37.4;18.1
11;2021-05-28;1754;1901;140991;69388;37.8;18.6
11;2021-05-29;1428;1601;142419;70989;38.2;19.0
11;2021-05-30;486;395;142905;71384;38.3;19.2
11;2021-05-31;1261;1616;144166;73000;38.7;19.6
11;2021-06-01;1856;1904;146022;74904;39.2;20.1
11;2021-06-02;1761;2068;147783;76972;39.7;20.7
11;2021-06-03;2597;2409;150380;79381;40.3;21.3
11;2021-06-04;2147;2668;152527;82049;40.9;22.0
11;2021-06-05;1588;1903;154115;83952;41.4;22.5
11;2021-06-06;877;857;154992;84809;41.6;22.8
11;2021-06-07;1527;1709;156519;86518;42.0;23.2
11;2021-06-08;2042;1996;158561;88514;42.5;23.7
11;2021-06-09;1786;2184;160347;90698;43.0;24.3
11;2021-06-10;1806;2427;162153;93125;43.5;25.0
11;2021-06-11;1864;2495;164017;95620;44.0;25.7
11;2021-06-12;1455;1624;165472;97244;44.4;26.1
11;2021-06-13;713;723;166185;97967;44.6;26.3
11;2021-06-14;1032;1968;167217;99935;44.9;26.8
11;2021-06-15;1395;2685;168612;102620;45.2;27.5
11;2021-06-16;1335;2528;169947;105148;45.6;28.2
11;2021-06-17;1474;2522;171421;107670;46.0;28.9
11;2021-06-18;1518;2487;172939;110157;46.4;29.6
11;2021-06-19;1236;1410;174175;111567;46.7;29.9
11;2021-06-20;299;599;174474;112166;46.8;30.1
11;2021-06-21;838;2122;175312;114288;47.0;30.7
11;2021-06-22;1016;2606;176328;116894;47.3;31.4
11;2021-06-23;1095;2089;177423;118983;47.6;31.9
11;2021-06-24;909;2244;178332;121227;47.8;32.5
11;2021-06-25;993;2547;179325;123774;48.1;33.2
11;2021-06-26;773;1655;180098;125429;48.3;33.7
11;2021-06-27;210;688;180308;126117;48.4;33.8
11;2021-06-28;697;2297;181005;128414;48.6;34.5
11;2021-06-29;963;2602;181968;131016;48.8;35.2
11;2021-06-30;906;2520;182874;133536;49.1;35.8
11;2021-07-01;1004;1889;183878;135425;49.3;36.3
11;2021-07-02;966;2540;184844;137965;49.6;37.0
11;2021-07-03;729;1807;185573;139772;49.8;37.5
11;2021-07-04;340;1109;185913;140881;49.9;37.8
11;2021-07-05;695;2132;186608;143013;50.1;38.4
11;2021-07-06;972;2521;187580;145534;50.3;39.0
11;2021-07-07;945;2509;188525;148043;50.6;39.7
11;2021-07-08;1191;1911;189716;149954;50.9;40.2
11;2021-07-09;824;1796;190540;151750;51.1;40.7
11;2021-07-10;369;1302;190909;153052;51.2;41.1
11;2021-07-11;313;564;191222;153616;51.3;41.2
11;2021-07-12;505;2672;191727;156288;51.4;41.9
11;2021-07-13;1304;3064;193031;159352;51.8;42.8
11;2021-07-14;210;233;193241;159585;51.8;42.8
11;2021-07-15;1451;2961;194692;162546;52.2;43.6
11;2021-07-16;1876;2734;196568;165280;52.7;44.3
11;2021-07-17;1075;2166;197643;167446;53.0;44.9
11;2021-07-18;652;946;198295;168392;53.2;45.2
11;2021-07-19;1355;2089;199650;170481;53.6;45.7
11;2021-07-20;1998;2403;201648;172884;54.1;46.4
11;2021-07-21;2015;2441;203663;175325;54.6;47.0
11;2021-07-22;2415;1884;206078;177209;55.3;47.5
11;2021-07-23;2231;2282;208309;179491;55.9;48.2
11;2021-07-24;1274;1629;209583;181120;56.2;48.6
11;2021-07-25;749;693;210332;181813;56.4;48.8
11;2021-07-26;1667;1427;211999;183240;56.9;49.2
11;2021-07-27;2341;2000;214340;185240;57.5;49.7
11;2021-07-28;2480;1991;216820;187231;58.2;50.2
11;2021-07-29;2771;1795;219591;189026;58.9;50.7
11;2021-07-30;2575;1803;222166;190829;59.6;51.2
11;2021-07-31;2008;1143;224174;191972;60.1;51.5
11;2021-08-01;1011;482;225185;192454;60.4;51.6
11;2021-08-02;1929;1151;227114;193605;60.9;51.9
11;2021-08-03;2442;1602;229556;195207;61.6;52.4
11;2021-08-04;2560;1269;232116;196476;62.3;52.7
11;2021-08-05;2382;1334;234498;197810;62.9;53.1
11;2021-08-06;2252;1661;236750;199471;63.5;53.5
11;2021-08-07;1665;1172;238415;200643;64.0;53.8
11;2021-08-08;599;210;239014;200853;64.1;53.9
11;2021-08-09;1033;1434;240047;202287;64.4;54.3
11;2021-08-10;1747;1987;241794;204274;64.9;54.8
11;2021-08-11;1717;1689;243511;205963;65.3;55.3
11;2021-08-12;1716;1858;245227;207821;65.8;55.8
11;2021-08-13;1348;1655;246575;209476;66.2;56.2
11;2021-08-14;984;1596;247559;211072;66.4;56.6
11;2021-08-15;138;125;247697;211197;66.5;56.7
11;2021-08-16;731;1914;248428;213111;66.7;57.2
11;2021-08-17;1046;2391;249474;215502;66.9;57.8
11;2021-08-18;1108;2032;250582;217534;67.2;58.4
11;2021-08-19;1006;2291;251588;219825;67.5;59.0
11;2021-08-20;976;2291;252564;222116;67.8;59.6
11;2021-08-21;576;1838;253140;223954;67.9;60.1
11;2021-08-22;192;512;253332;224466;68.0;60.2
11;2021-08-23;522;1817;253854;226283;68.1;60.7
11;2021-08-24;799;2255;254653;228538;68.3;61.3
11;2021-08-25;796;2158;255449;230696;68.5;61.9
11;2021-08-26;759;2001;256208;232697;68.7;62.4
11;2021-08-27;701;2223;256909;234920;68.9;63.0
11;2021-08-28;436;1745;257345;236665;69.0;63.5
11;2021-08-29;143;514;257488;237179;69.1;63.6
11;2021-08-30;455;1322;257943;238501;69.2;64.0
11;2021-08-31;585;1865;258528;240366;69.4;64.5
11;2021-09-01;608;1714;259136;242080;69.5;65.0
11;2021-09-02;557;1553;259693;243633;69.7;65.4
11;2021-09-03;537;1549;260230;245182;69.8;65.8
11;2021-09-04;489;1483;260719;246665;70.0;66.2
11;2021-09-05;153;236;260872;246901;70.0;66.2
11;2021-09-06;299;673;261171;247574;70.1;66.4
11;2021-09-07;356;895;261527;248469;70.2;66.7
11;2021-09-08;478;1154;262005;249623;70.3;67.0
11;2021-09-09;394;862;262399;250485;70.4;67.2
11;2021-09-10;381;990;262780;251475;70.5;67.5
11;2021-09-11;378;985;263158;252460;70.6;67.7
11;2021-09-12;61;127;263219;252587;70.6;67.8
11;2021-09-13;238;731;263457;253318;70.7;68.0
11;2021-09-14;352;623;263809;253941;70.8;68.1
11;2021-09-15;359;972;264168;254913;70.9;68.4
11;2021-09-16;304;585;264472;255498;71.0;68.6
11;2021-09-17;313;682;264785;256180;71.0;68.7
11;2021-09-18;269;731;265054;256911;71.1;68.9
11;2021-09-19;59;123;265113;257034;71.1;69.0
11;2021-09-20;166;332;265279;257366;71.2;69.1
11;2021-09-21;288;417;265567;257783;71.3;69.2
11;2021-09-22;227;768;265794;258551;71.3;69.4
11;2021-09-23;179;398;265973;258949;71.4;69.5
11;2021-09-24;275;520;266248;259469;71.4;69.6
11;2021-09-25;235;674;266483;260143;71.5;69.8
11;2021-09-26;35;131;266518;260274;71.5;69.8
11;2021-09-27;105;385;266623;260659;71.5;69.9
11;2021-09-28;213;355;266836;261014;71.6;70.0
11;2021-09-29;221;537;267057;261551;71.7;70.2
11;2021-09-30;194;360;267251;261911;71.7;70.3
11;2021-10-01;226;389;267477;262300;71.8;70.4
11;2021-10-02;232;446;267709;262746;71.8;70.5
11;2021-10-03;2;1;267711;262747;71.8;70.5
11;2021-10-04;138;294;267849;263041;71.9;70.6
11;2021-10-05;177;321;268026;263362;71.9;70.7
11;2021-10-06;261;446;268287;263808;72.0;70.8
11;2021-10-07;166;289;268453;264097;72.0;70.9
11;2021-10-08;210;420;268663;264517;72.1;71.0
11;2021-10-09;147;365;268810;264882;72.1;71.1
11;2021-10-10;0;1;268810;264883;72.1;71.1
12;2020-12-27;0;0;0;0;0.0;0.0
12;2020-12-28;0;0;0;0;0.0;0.0
12;2020-12-29;0;0;0;0;0.0;0.0
12;2020-12-30;0;0;0;0;0.0;0.0
12;2020-12-31;0;0;0;0;0.0;0.0
12;2021-01-01;0;0;0;0;0.0;0.0
12;2021-01-02;0;0;0;0;0.0;0.0
12;2021-01-03;2;0;2;0;0.0;0.0
12;2021-01-04;1;0;3;0;0.0;0.0
12;2021-01-05;1;0;4;0;0.0;0.0
12;2021-01-06;12;0;16;0;0.0;0.0
12;2021-01-07;202;0;218;0;0.1;0.0
12;2021-01-08;65;0;283;0;0.1;0.0
12;2021-01-09;0;0;283;0;0.1;0.0
12;2021-01-10;1;0;284;0;0.1;0.0
12;2021-01-11;101;1;385;1;0.1;0.0
12;2021-01-12;361;2;746;3;0.3;0.0
12;2021-01-13;285;0;1031;3;0.4;0.0
12;2021-01-14;600;12;1631;15;0.6;0.0
12;2021-01-15;367;10;1998;25;0.7;0.0
12;2021-01-16;138;2;2136;27;0.8;0.0
12;2021-01-17;1;0;2137;27;0.8;0.0
12;2021-01-18;452;0;2589;27;0.9;0.0
12;2021-01-19;609;4;3198;31;1.1;0.0
12;2021-01-20;879;5;4077;36;1.5;0.0
12;2021-01-21;736;1;4813;37;1.7;0.0
12;2021-01-22;799;1;5612;38;2.0;0.0
12;2021-01-23;382;0;5994;38;2.2;0.0
12;2021-01-24;0;0;5994;38;2.2;0.0
12;2021-01-25;453;0;6447;38;2.3;0.0
12;2021-01-26;650;0;7097;38;2.5;0.0
12;2021-01-27;1887;40;8984;78;3.2;0.0
12;2021-01-28;1886;232;10870;310;3.9;0.1
12;2021-01-29;1331;46;12201;356;4.4;0.1
12;2021-01-30;359;2;12560;358;4.5;0.1
12;2021-01-31;0;0;12560;358;4.5;0.1
12;2021-02-01;335;89;12895;447;4.6;0.2
12;2021-02-02;459;241;13354;688;4.8;0.2
12;2021-02-03;457;168;13811;856;5.0;0.3
12;2021-02-04;459;526;14270;1382;5.1;0.5
12;2021-02-05;449;183;14719;1565;5.3;0.6
12;2021-02-06;220;66;14939;1631;5.4;0.6
12;2021-02-07;8;0;14947;1631;5.4;0.6
12;2021-02-08;104;315;15051;1946;5.4;0.7
12;2021-02-09;209;341;15260;2287;5.5;0.8
12;2021-02-10;468;475;15728;2762;5.7;1.0
12;2021-02-11;539;344;16267;3106;5.8;1.1
12;2021-02-12;570;345;16837;3451;6.0;1.2
12;2021-02-13;175;132;17012;3583;6.1;1.3
12;2021-02-14;1;0;17013;3583;6.1;1.3
12;2021-02-15;175;374;17188;3957;6.2;1.4
12;2021-02-16;171;509;17359;4466;6.2;1.6
12;2021-02-17;366;1431;17725;5897;6.4;2.1
12;2021-02-18;678;1662;18403;7559;6.6;2.7
12;2021-02-19;594;974;18997;8533;6.8;3.1
12;2021-02-20;103;392;19100;8925;6.9;3.2
12;2021-02-21;0;0;19100;8925;6.9;3.2
12;2021-02-22;150;398;19250;9323;6.9;3.3
12;2021-02-23;157;558;19407;9881;7.0;3.5
12;2021-02-24;156;685;19563;10566;7.0;3.8
12;2021-02-25;201;769;19764;11335;7.1;4.1
12;2021-02-26;320;650;20084;11985;7.2;4.3
12;2021-02-27;191;350;20275;12335;7.3;4.4
12;2021-02-28;13;0;20288;12335;7.3;4.4
12;2021-03-01;51;349;20339;12684;7.3;4.6
12;2021-03-02;190;507;20529;13191;7.4;4.7
12;2021-03-03;244;388;20773;13579;7.5;4.9
12;2021-03-04;278;363;21051;13942;7.6;5.0
12;2021-03-05;421;370;21472;14312;7.7;5.1
12;2021-03-06;793;129;22265;14441;8.0;5.2
12;2021-03-07;140;33;22405;14474;8.0;5.2
12;2021-03-08;233;207;22638;14681;8.1;5.3
12;2021-03-09;716;234;23354;14915;8.4;5.4
12;2021-03-10;785;744;24139;15659;8.7;5.6
12;2021-03-11;919;663;25058;16322;9.0;5.9
12;2021-03-12;1259;530;26317;16852;9.5;6.1
12;2021-03-13;896;140;27213;16992;9.8;6.1
12;2021-03-14;45;2;27258;16994;9.8;6.1
12;2021-03-15;559;157;27817;17151;10.0;6.2
12;2021-03-16;818;162;28635;17313;10.3;6.2
12;2021-03-17;1504;167;30139;17480;10.8;6.3
12;2021-03-18;997;255;31136;17735;11.2;6.4
12;2021-03-19;1383;283;32519;18018;11.7;6.5
12;2021-03-20;725;82;33244;18100;11.9;6.5
12;2021-03-21;264;10;33508;18110;12.0;6.5
12;2021-03-22;606;175;34114;18285;12.3;6.6
12;2021-03-23;1214;178;35328;18463;12.7;6.6
12;2021-03-24;1422;210;36750;18673;13.2;6.7
12;2021-03-25;1843;206;38593;18879;13.9;6.8
12;2021-03-26;1978;231;40571;19110;14.6;6.9
12;2021-03-27;981;68;41552;19178;14.9;6.9
12;2021-03-28;60;1;41612;19179;14.9;6.9
12;2021-03-29;963;85;42575;19264;15.3;6.9
12;2021-03-30;1737;124;44312;19388;15.9;7.0
12;2021-03-31;1460;107;45772;19495;16.4;7.0
12;2021-04-01;1957;167;47729;19662;17.1;7.1
12;2021-04-02;1614;346;49343;20008;17.7;7.2
12;2021-04-03;882;96;50225;20104;18.0;7.2
12;2021-04-04;1;0;50226;20104;18.0;7.2
12;2021-04-05;645;15;50871;20119;18.3;7.2
12;2021-04-06;1151;538;52022;20657;18.7;7.4
12;2021-04-07;1652;645;53674;21302;19.3;7.7
12;2021-04-08;2098;575;55772;21877;20.0;7.9
12;2021-04-09;2112;657;57884;22534;20.8;8.1
12;2021-04-10;1427;222;59311;22756;21.3;8.2
12;2021-04-11;120;1;59431;22757;21.4;8.2
12;2021-04-12;1836;506;61267;23263;22.0;8.4
12;2021-04-13;1907;780;63174;24043;22.7;8.6
12;2021-04-14;1832;1322;65006;25365;23.4;9.1
12;2021-04-15;1937;901;66943;26266;24.0;9.4
12;2021-04-16;1675;1205;68618;27471;24.7;9.9
12;2021-04-17;1553;568;70171;28039;25.2;10.1
12;2021-04-18;0;0;70171;28039;25.2;10.1
12;2021-04-19;1687;550;71858;28589;25.8;10.3
12;2021-04-20;1546;986;73404;29575;26.4;10.6
12;2021-04-21;1693;1183;75097;30758;27.0;11.0
12;2021-04-22;1690;1097;76787;31855;27.6;11.4
12;2021-04-23;1382;1335;78169;33190;28.1;11.9
12;2021-04-24;1450;720;79619;33910;28.6;12.2
12;2021-04-25;60;0;79679;33910;28.6;12.2
12;2021-04-26;1459;898;81138;34808;29.1;12.5
12;2021-04-27;1321;1281;82459;36089;29.6;13.0
12;2021-04-28;1113;1870;83572;37959;30.0;13.6
12;2021-04-29;1571;1911;85143;39870;30.6;14.3
12;2021-04-30;1815;1839;86958;41709;31.2;15.0
12;2021-05-01;1617;261;88575;41970;31.8;15.1
12;2021-05-02;9;0;88584;41970;31.8;15.1
12;2021-05-03;1713;1252;90297;43222;32.4;15.5
12;2021-05-04;1482;1396;91779;44618;33.0;16.0
12;2021-05-05;1296;1677;93075;46295;33.4;16.6
12;2021-05-06;1753;1379;94828;47674;34.1;17.1
12;2021-05-07;1483;1780;96311;49454;34.6;17.8
12;2021-05-08;1330;461;97641;49915;35.1;17.9
12;2021-05-09;13;34;97654;49949;35.1;17.9
12;2021-05-10;829;2217;98483;52166;35.4;18.7
12;2021-05-11;928;1851;99411;54017;35.7;19.4
12;2021-05-12;948;1820;100359;55837;36.1;20.1
12;2021-05-13;1587;811;101946;56648;36.6;20.4
12;2021-05-14;1235;1534;103181;58182;37.1;20.9
12;2021-05-15;1067;1115;104248;59297;37.5;21.3
12;2021-05-16;2;19;104250;59316;37.5;21.3
12;2021-05-17;1082;1810;105332;61126;37.8;22.0
12;2021-05-18;1427;1535;106759;62661;38.4;22.5
12;2021-05-19;1915;1330;108674;63991;39.0;23.0
12;2021-05-20;2118;876;110792;64867;39.8;23.3
12;2021-05-21;1821;1253;112613;66120;40.5;23.8
12;2021-05-22;1207;1016;113820;67136;40.9;24.1
12;2021-05-23;7;12;113827;67148;40.9;24.1
12;2021-05-24;1956;537;115783;67685;41.6;24.3
12;2021-05-25;1742;1159;117525;68844;42.2;24.7
12;2021-05-26;1998;780;119523;69624;42.9;25.0
12;2021-05-27;2165;744;121688;70368;43.7;25.3
12;2021-05-28;1927;1031;123615;71399;44.4;25.6
12;2021-05-29;1637;805;125252;72204;45.0;25.9
12;2021-05-30;9;43;125261;72247;45.0;26.0
12;2021-05-31;1699;817;126960;73064;45.6;26.2
12;2021-06-01;1887;1028;128847;74092;46.3;26.6
12;2021-06-02;1979;1051;130826;75143;47.0;27.0
12;2021-06-03;2123;831;132949;75974;47.8;27.3
12;2021-06-04;1967;1418;134916;77392;48.5;27.8
12;2021-06-05;1738;985;136654;78377;49.1;28.2
12;2021-06-06;6;6;136660;78383;49.1;28.2
12;2021-06-07;1092;1811;137752;80194;49.5;28.8
12;2021-06-08;1332;1201;139084;81395;50.0;29.2
12;2021-06-09;895;1292;139979;82687;50.3;29.7
12;2021-06-10;1022;920;141001;83607;50.7;30.0
12;2021-06-11;1204;2081;142205;85688;51.1;30.8
12;2021-06-12;1033;1322;143238;87010;51.5;31.3
12;2021-06-13;6;47;143244;87057;51.5;31.3
12;2021-06-14;662;1830;143906;88887;51.7;31.9
12;2021-06-15;745;1885;144651;90772;52.0;32.6
12;2021-06-16;820;1818;145471;92590;52.3;33.3
12;2021-06-17;678;995;146149;93585;52.5;33.6
12;2021-06-18;1134;1840;147283;95425;52.9;34.3
12;2021-06-19;914;1406;148197;96831;53.2;34.8
12;2021-06-20;4;10;148201;96841;53.2;34.8
12;2021-06-21;511;1737;148712;98578;53.4;35.4
12;2021-06-22;502;1474;149214;100052;53.6;35.9
12;2021-06-23;579;1306;149793;101358;53.8;36.4
12;2021-06-24;249;545;150042;101903;53.9;36.6
12;2021-06-25;876;1842;150918;103745;54.2;37.3
12;2021-06-26;673;1527;151591;105272;54.5;37.8
12;2021-06-27;1;9;151592;105281;54.5;37.8
12;2021-06-28;467;2454;152059;107735;54.6;38.7
12;2021-06-29;565;1958;152624;109693;54.8;39.4
12;2021-06-30;828;2132;153452;111825;55.1;40.2
12;2021-07-01;345;1086;153797;112911;55.3;40.6
12;2021-07-02;796;2629;154593;115540;55.5;41.5
12;2021-07-03;565;1872;155158;117412;55.7;42.2
12;2021-07-04;1;0;155159;117412;55.7;42.2
12;2021-07-05;440;2406;155599;119818;55.9;43.0
12;2021-07-06;640;2495;156239;122313;56.1;43.9
12;2021-07-07;688;2116;156927;124429;56.4;44.7
12;2021-07-08;295;913;157222;125342;56.5;45.0
12;2021-07-09;724;2589;157946;127931;56.7;46.0
12;2021-07-10;445;2077;158391;130008;56.9;46.7
12;2021-07-11;0;0;158391;130008;56.9;46.7
12;2021-07-12;587;2439;158978;132447;57.1;47.6
12;2021-07-13;840;2593;159818;135040;57.4;48.5
12;2021-07-14;44;25;159862;135065;57.4;48.5
12;2021-07-15;795;2107;160657;137172;57.7;49.3
12;2021-07-16;1247;2556;161904;139728;58.2;50.2
12;2021-07-17;790;2007;162694;141735;58.4;50.9
12;2021-07-18;25;11;162719;141746;58.5;50.9
12;2021-07-19;1319;2005;164038;143751;58.9;51.6
12;2021-07-20;1422;1475;165460;145226;59.4;52.2
12;2021-07-21;1022;941;166482;146167;59.8;52.5
12;2021-07-22;2236;1308;168718;147475;60.6;53.0
12;2021-07-23;1865;2064;170583;149539;61.3;53.7
12;2021-07-24;1604;1566;172187;151105;61.9;54.3
12;2021-07-25;97;28;172284;151133;61.9;54.3
12;2021-07-26;1930;1438;174214;152571;62.6;54.8
12;2021-07-27;2236;1011;176450;153582;63.4;55.2
12;2021-07-28;1715;675;178165;154257;64.0;55.4
12;2021-07-29;1189;807;179354;155064;64.4;55.7
12;2021-07-30;2507;1284;181861;156348;65.3;56.2
12;2021-07-31;1967;1005;183828;157353;66.0;56.5
12;2021-08-01;225;38;184053;157391;66.1;56.5
12;2021-08-02;1815;833;185868;158224;66.8;56.8
12;2021-08-03;1960;776;187828;159000;67.5;57.1
12;2021-08-04;1694;833;189522;159833;68.1;57.4
12;2021-08-05;1636;688;191158;160521;68.7;57.7
12;2021-08-06;1706;1314;192864;161835;69.3;58.1
12;2021-08-07;1448;744;194312;162579;69.8;58.4
12;2021-08-08;0;3;194312;162582;69.8;58.4
12;2021-08-09;1351;1415;195663;163997;70.3;58.9
12;2021-08-10;1343;1254;197006;165251;70.8;59.4
12;2021-08-11;820;1195;197826;166446;71.1;59.8
12;2021-08-12;737;1070;198563;167516;71.3;60.2
12;2021-08-13;1075;1335;199638;168851;71.7;60.7
12;2021-08-14;739;1354;200377;170205;72.0;61.1
12;2021-08-15;255;75;200632;170280;72.1;61.2
12;2021-08-16;670;1817;201302;172097;72.3;61.8
12;2021-08-17;905;1991;202207;174088;72.6;62.5
12;2021-08-18;448;1522;202655;175610;72.8;63.1
12;2021-08-19;641;1115;203296;176725;73.0;63.5
12;2021-08-20;797;1888;204093;178613;73.3;64.2
12;2021-08-21;473;1526;204566;180139;73.5;64.7
12;2021-08-22;93;27;204659;180166;73.5;64.7
12;2021-08-23;453;1921;205112;182087;73.7;65.4
12;2021-08-24;486;1918;205598;184005;73.9;66.1
12;2021-08-25;333;1579;205931;185584;74.0;66.7
12;2021-08-26;487;1607;206418;187191;74.2;67.2
12;2021-08-27;599;1699;207017;188890;74.4;67.9
12;2021-08-28;332;1553;207349;190443;74.5;68.4
12;2021-08-29;176;143;207525;190586;74.6;68.5
12;2021-08-30;562;1870;208087;192456;74.8;69.1
12;2021-08-31;419;1344;208506;193800;74.9;69.6
12;2021-09-01;425;923;208931;194723;75.1;70.0
12;2021-09-02;266;734;209197;195457;75.2;70.2
12;2021-09-03;490;1189;209687;196646;75.3;70.6
12;2021-09-04;432;1092;210119;197738;75.5;71.0
12;2021-09-05;52;192;210171;197930;75.5;71.1
12;2021-09-06;214;592;210385;198522;75.6;71.3
12;2021-09-07;270;482;210655;199004;75.7;71.5
12;2021-09-08;245;464;210900;199468;75.8;71.7
12;2021-09-09;174;394;211074;199862;75.8;71.8
12;2021-09-10;500;1005;211574;200867;76.0;72.2
12;2021-09-11;386;936;211960;201803;76.1;72.5
12;2021-09-12;17;102;211977;201905;76.2;72.5
12;2021-09-13;157;389;212134;202294;76.2;72.7
12;2021-09-14;280;349;212414;202643;76.3;72.8
12;2021-09-15;246;407;212660;203050;76.4;72.9
12;2021-09-16;387;412;213047;203462;76.5;73.1
12;2021-09-17;345;505;213392;203967;76.7;73.3
12;2021-09-18;242;687;213634;204654;76.7;73.5
12;2021-09-19;0;4;213634;204658;76.7;73.5
12;2021-09-20;107;432;213741;205090;76.8;73.7
12;2021-09-21;112;220;213853;205310;76.8;73.8
12;2021-09-22;132;578;213985;205888;76.9;74.0
12;2021-09-23;106;161;214091;206049;76.9;74.0
12;2021-09-24;216;535;214307;206584;77.0;74.2
12;2021-09-25;161;667;214468;207251;77.0;74.5
12;2021-09-26;0;1;214468;207252;77.0;74.5
12;2021-09-27;82;242;214550;207494;77.1;74.5
12;2021-09-28;96;252;214646;207746;77.1;74.6
12;2021-09-29;112;325;214758;208071;77.2;74.7
12;2021-09-30;51;123;214809;208194;77.2;74.8
12;2021-10-01;161;404;214970;208598;77.2;74.9
12;2021-10-02;182;478;215152;209076;77.3;75.1
12;2021-10-03;0;2;215152;209078;77.3;75.1
12;2021-10-04;84;169;215236;209247;77.3;75.2
12;2021-10-05;67;191;215303;209438;77.3;75.2
12;2021-10-06;117;266;215420;209704;77.4;75.3
12;2021-10-07;67;317;215487;210021;77.4;75.4
12;2021-10-08;153;401;215640;210422;77.5;75.6
12;2021-10-09;168;345;215808;210767;77.5;75.7
12;2021-10-10;1;0;215809;210767;77.5;75.7
13;2020-12-27;5;0;5;0;0.0;0.0
13;2020-12-28;6;0;11;0;0.0;0.0
13;2020-12-29;1;0;12;0;0.0;0.0
13;2020-12-30;3;0;15;0;0.0;0.0
13;2020-12-31;6;0;21;0;0.0;0.0
13;2021-01-01;4;1;25;1;0.0;0.0
13;2021-01-02;4;0;29;1;0.0;0.0
13;2021-01-03;11;3;40;4;0.0;0.0
13;2021-01-04;1;1;41;5;0.0;0.0
13;2021-01-05;80;1;121;6;0.0;0.0
13;2021-01-06;122;0;243;6;0.0;0.0
13;2021-01-07;174;1;417;7;0.0;0.0
13;2021-01-08;189;0;606;7;0.0;0.0
13;2021-01-09;13;0;619;7;0.0;0.0
13;2021-01-10;3;0;622;7;0.0;0.0
13;2021-01-11;482;2;1104;9;0.1;0.0
13;2021-01-12;813;2;1917;11;0.1;0.0
13;2021-01-13;1087;2;3004;13;0.1;0.0
13;2021-01-14;1588;30;4592;43;0.2;0.0
13;2021-01-15;1538;9;6130;52;0.3;0.0
13;2021-01-16;406;3;6536;55;0.3;0.0
13;2021-01-17;44;0;6580;55;0.3;0.0
13;2021-01-18;2388;10;8968;65;0.4;0.0
13;2021-01-19;7419;53;16387;118;0.8;0.0
13;2021-01-20;5584;32;21971;150;1.1;0.0
13;2021-01-21;5363;38;27334;188;1.3;0.0
13;2021-01-22;4006;26;31340;214;1.5;0.0
13;2021-01-23;1359;8;32699;222;1.6;0.0
13;2021-01-24;491;6;33190;228;1.6;0.0
13;2021-01-25;2341;31;35531;259;1.7;0.0
13;2021-01-26;2951;92;38482;351;1.9;0.0
13;2021-01-27;3121;126;41603;477;2.0;0.0
13;2021-01-28;3252;198;44855;675;2.2;0.0
13;2021-01-29;2513;138;47368;813;2.3;0.0
13;2021-01-30;1025;12;48393;825;2.4;0.0
13;2021-01-31;252;2;48645;827;2.4;0.0
13;2021-02-01;1864;291;50509;1118;2.5;0.1
13;2021-02-02;2258;614;52767;1732;2.6;0.1
13;2021-02-03;1869;580;54636;2312;2.7;0.1
13;2021-02-04;1907;929;56543;3241;2.8;0.2
13;2021-02-05;2629;1556;59172;4797;2.9;0.2
13;2021-02-06;857;312;60029;5109;3.0;0.3
13;2021-02-07;279;6;60308;5115;3.0;0.3
13;2021-02-08;1906;1544;62214;6659;3.1;0.3
13;2021-02-09;3320;4465;65534;11124;3.2;0.5
13;2021-02-10;3247;3419;68781;14543;3.4;0.7
13;2021-02-11;3584;3597;72365;18140;3.6;0.9
13;2021-02-12;2840;3146;75205;21286;3.7;1.0
13;2021-02-13;734;597;75939;21883;3.7;1.1
13;2021-02-14;73;378;76012;22261;3.7;1.1
13;2021-02-15;971;2027;76983;24288;3.8;1.2
13;2021-02-16;1396;2629;78379;26917;3.9;1.3
13;2021-02-17;1349;3002;79728;29919;3.9;1.5
13;2021-02-18;1904;2687;81632;32606;4.0;1.6
13;2021-02-19;1515;2183;83147;34789;4.1;1.7
13;2021-02-20;458;783;83605;35572;4.1;1.7
13;2021-02-21;33;284;83638;35856;4.1;1.8
13;2021-02-22;1023;2262;84661;38118;4.2;1.9
13;2021-02-23;1289;2678;85950;40796;4.2;2.0
13;2021-02-24;1519;2623;87469;43419;4.3;2.1
13;2021-02-25;2384;2151;89853;45570;4.4;2.2
13;2021-02-26;2458;2130;92311;47700;4.5;2.3
13;2021-02-27;983;750;93294;48450;4.6;2.4
13;2021-02-28;195;208;93489;48658;4.6;2.4
13;2021-03-01;1927;1538;95416;50196;4.7;2.5
13;2021-03-02;3012;2643;98428;52839;4.8;2.6
13;2021-03-03;3491;2584;101919;55423;5.0;2.7
13;2021-03-04;4208;3155;106127;58578;5.2;2.9
13;2021-03-05;4042;2799;110169;61377;5.4;3.0
13;2021-03-06;5304;841;115473;62218;5.7;3.1
13;2021-03-07;4296;384;119769;62602;5.9;3.1
13;2021-03-08;3930;2013;123699;64615;6.1;3.2
13;2021-03-09;5082;2296;128781;66911;6.3;3.3
13;2021-03-10;5179;2002;133960;68913;6.6;3.4
13;2021-03-11;7311;2164;141271;71077;6.9;3.5
13;2021-03-12;8334;2139;149605;73216;7.4;3.6
13;2021-03-13;6379;751;155984;73967;7.7;3.6
13;2021-03-14;2313;175;158297;74142;7.8;3.6
13;2021-03-15;6358;1334;164655;75476;8.1;3.7
13;2021-03-16;5078;1562;169733;77038;8.3;3.8
13;2021-03-17;5174;1436;174907;78474;8.6;3.9
13;2021-03-18;5816;1900;180723;80374;8.9;4.0
13;2021-03-19;6811;1625;187534;81999;9.2;4.0
13;2021-03-20;4045;707;191579;82706;9.4;4.1
13;2021-03-21;727;89;192306;82795;9.5;4.1
13;2021-03-22;7297;1573;199603;84368;9.8;4.1
13;2021-03-23;9132;1779;208735;86147;10.3;4.2
13;2021-03-24;8867;2207;217602;88354;10.7;4.3
13;2021-03-25;10917;2136;228519;90490;11.2;4.4
13;2021-03-26;10717;1941;239236;92431;11.8;4.5
13;2021-03-27;4869;842;244105;93273;12.0;4.6
13;2021-03-28;1120;83;245225;93356;12.1;4.6
13;2021-03-29;7579;2022;252804;95378;12.4;4.7
13;2021-03-30;12617;2557;265421;97935;13.0;4.8
13;2021-03-31;10811;3207;276232;101142;13.6;5.0
13;2021-04-01;12276;3125;288508;104267;14.2;5.1
13;2021-04-02;9790;3916;298298;108183;14.7;5.3
13;2021-04-03;4007;2819;302305;111002;14.9;5.5
13;2021-04-04;631;307;302936;111309;14.9;5.5
13;2021-04-05;3537;734;306473;112043;15.1;5.5
13;2021-04-06;8520;4272;314993;116315;15.5;5.7
13;2021-04-07;10077;4712;325070;121027;16.0;5.9
13;2021-04-08;10117;5489;335187;126516;16.5;6.2
13;2021-04-09;11282;5147;346469;131663;17.0;6.5
13;2021-04-10;7300;2107;353769;133770;17.4;6.6
13;2021-04-11;1380;535;355149;134305;17.5;6.6
13;2021-04-12;7984;4825;363133;139130;17.8;6.8
13;2021-04-13;9146;5529;372279;144659;18.3;7.1
13;2021-04-14;9535;5835;381814;150494;18.8;7.4
13;2021-04-15;9880;5980;391694;156474;19.3;7.7
13;2021-04-16;9968;5585;401662;162059;19.7;8.0
13;2021-04-17;4079;2028;405741;164087;19.9;8.1
13;2021-04-18;2527;1426;408268;165513;20.1;8.1
13;2021-04-19;6457;6418;414725;171931;20.4;8.5
13;2021-04-20;7403;7617;422128;179548;20.7;8.8
13;2021-04-21;7772;7393;429900;186941;21.1;9.2
13;2021-04-22;8461;7940;438361;194881;21.5;9.6
13;2021-04-23;8395;6848;446756;201729;22.0;9.9
13;2021-04-24;4625;3819;451381;205548;22.2;10.1
13;2021-04-25;877;529;452258;206077;22.2;10.1
13;2021-04-26;6167;7122;458425;213199;22.5;10.5
13;2021-04-27;7264;8044;465689;221243;22.9;10.9
13;2021-04-28;9452;7733;475141;228976;23.4;11.3
13;2021-04-29;11408;7636;486549;236612;23.9;11.6
13;2021-04-30;10918;7388;497467;244000;24.5;12.0
13;2021-05-01;5365;3799;502832;247799;24.7;12.2
13;2021-05-02;2102;750;504934;248549;24.8;12.2
13;2021-05-03;7297;7876;512231;256425;25.2;12.6
13;2021-05-04;8456;8523;520687;264948;25.6;13.0
13;2021-05-05;8226;8982;528913;273930;26.0;13.5
13;2021-05-06;10143;8600;539056;282530;26.5;13.9
13;2021-05-07;8853;10047;547909;292577;26.9;14.4
13;2021-05-08;4568;3938;552477;296515;27.2;14.6
13;2021-05-09;939;688;553416;297203;27.2;14.6
13;2021-05-10;7709;8772;561125;305975;27.6;15.0
13;2021-05-11;10979;9582;572104;315557;28.1;15.5
13;2021-05-12;12841;8735;584945;324292;28.8;15.9
13;2021-05-13;9508;3642;594453;327934;29.2;16.1
13;2021-05-14;13656;6454;608109;334388;29.9;16.4
13;2021-05-15;10196;4540;618305;338928;30.4;16.7
13;2021-05-16;3129;794;621434;339722;30.5;16.7
13;2021-05-17;10843;6813;632277;346535;31.1;17.0
13;2021-05-18;11919;6486;644196;353021;31.7;17.4
13;2021-05-19;12157;6359;656353;359380;32.3;17.7
13;2021-05-20;13443;6470;669796;365850;32.9;18.0
13;2021-05-21;12990;6784;682786;372634;33.6;18.3
13;2021-05-22;7514;3639;690300;376273;33.9;18.5
13;2021-05-23;862;638;691162;376911;34.0;18.5
13;2021-05-24;6761;2469;697923;379380;34.3;18.6
13;2021-05-25;9270;7596;707193;386976;34.8;19.0
13;2021-05-26;10144;7837;717337;394813;35.3;19.4
13;2021-05-27;10338;8422;727675;403235;35.8;19.8
13;2021-05-28;9005;9175;736680;412410;36.2;20.3
13;2021-05-29;7173;4625;743853;417035;36.6;20.5
13;2021-05-30;891;527;744744;417562;36.6;20.5
13;2021-05-31;8184;8032;752928;425594;37.0;20.9
13;2021-06-01;9579;9299;762507;434893;37.5;21.4
13;2021-06-02;10082;8786;772589;443679;38.0;21.8
13;2021-06-03;12295;9500;784884;453179;38.6;22.3
13;2021-06-04;12025;10046;796909;463225;39.2;22.8
13;2021-06-05;7821;5596;804730;468821;39.6;23.0
13;2021-06-06;1671;887;806401;469708;39.6;23.1
13;2021-06-07;6686;9883;813087;479591;40.0;23.6
13;2021-06-08;8317;9995;821404;489586;40.4;24.1
13;2021-06-09;8397;9742;829801;499328;40.8;24.5
13;2021-06-10;8953;9787;838754;509115;41.2;25.0
13;2021-06-11;8231;12714;846985;521829;41.6;25.6
13;2021-06-12;5778;6704;852763;528533;41.9;26.0
13;2021-06-13;950;1216;853713;529749;42.0;26.0
13;2021-06-14;5994;11143;859707;540892;42.3;26.6
13;2021-06-15;7284;11407;866991;552299;42.6;27.1
13;2021-06-16;7340;9868;874331;562167;43.0;27.6
13;2021-06-17;7444;10717;881775;572884;43.3;28.2
13;2021-06-18;7550;11076;889325;583960;43.7;28.7
13;2021-06-19;4616;7499;893941;591459;43.9;29.1
13;2021-06-20;1861;1045;895802;592504;44.0;29.1
13;2021-06-21;4462;12262;900264;604766;44.3;29.7
13;2021-06-22;4941;13877;905205;618643;44.5;30.4
13;2021-06-23;5148;13578;910353;632221;44.7;31.1
13;2021-06-24;5341;12855;915694;645076;45.0;31.7
13;2021-06-25;5242;14681;920936;659757;45.3;32.4
13;2021-06-26;3016;9681;923952;669438;45.4;32.9
13;2021-06-27;537;931;924489;670369;45.4;33.0
13;2021-06-28;3732;12565;928221;682934;45.6;33.6
13;2021-06-29;4500;12904;932721;695838;45.8;34.2
13;2021-06-30;4904;12697;937625;708535;46.1;34.8
13;2021-07-01;5580;11499;943205;720034;46.4;35.4
13;2021-07-02;5572;12398;948777;732432;46.6;36.0
13;2021-07-03;3503;9161;952280;741593;46.8;36.5
13;2021-07-04;476;867;952756;742460;46.8;36.5
13;2021-07-05;3872;11778;956628;754238;47.0;37.1
13;2021-07-06;5461;11681;962089;765919;47.3;37.6
13;2021-07-07;5822;10707;967911;776626;47.6;38.2
13;2021-07-08;6231;10330;974142;786956;47.9;38.7
13;2021-07-09;5933;11935;980075;798891;48.2;39.3
13;2021-07-10;3163;8637;983238;807528;48.3;39.7
13;2021-07-11;435;1012;983673;808540;48.4;39.7
13;2021-07-12;4493;10949;988166;819489;48.6;40.3
13;2021-07-13;8981;13187;997147;832676;49.0;40.9
13;2021-07-14;5610;4872;1002757;837548;49.3;41.2
13;2021-07-15;11438;12948;1014195;850496;49.9;41.8
13;2021-07-16;12195;12936;1026390;863432;50.5;42.4
13;2021-07-17;6584;8494;1032974;871926;50.8;42.9
13;2021-07-18;727;1062;1033701;872988;50.8;42.9
13;2021-07-19;9809;11152;1043510;884140;51.3;43.5
13;2021-07-20;12272;11663;1055782;895803;51.9;44.0
13;2021-07-21;12689;10363;1068471;906166;52.5;44.5
13;2021-07-22;14558;10468;1083029;916634;53.2;45.1
13;2021-07-23;14486;10981;1097515;927615;53.9;45.6
13;2021-07-24;8343;7980;1105858;935595;54.4;46.0
13;2021-07-25;1017;785;1106875;936380;54.4;46.0
13;2021-07-26;11648;9122;1118523;945502;55.0;46.5
13;2021-07-27;13610;9427;1132133;954929;55.6;46.9
13;2021-07-28;12340;8186;1144473;963115;56.3;47.3
13;2021-07-29;13765;8095;1158238;971210;56.9;47.7
13;2021-07-30;13716;8643;1171954;979853;57.6;48.2
13;2021-07-31;8678;5846;1180632;985699;58.0;48.4
13;2021-08-01;1107;730;1181739;986429;58.1;48.5
13;2021-08-02;10054;6732;1191793;993161;58.6;48.8
13;2021-08-03;11073;7301;1202866;1000462;59.1;49.2
13;2021-08-04;9428;6574;1212294;1007036;59.6;49.5
13;2021-08-05;9525;7583;1221819;1014619;60.1;49.9
13;2021-08-06;9196;9006;1231015;1023625;60.5;50.3
13;2021-08-07;5441;5586;1236456;1029211;60.8;50.6
13;2021-08-08;905;805;1237361;1030016;60.8;50.6
13;2021-08-09;8398;9080;1245759;1039096;61.2;51.1
13;2021-08-10;9149;8912;1254908;1048008;61.7;51.5
13;2021-08-11;7910;8545;1262818;1056553;62.1;51.9
13;2021-08-12;7791;9674;1270609;1066227;62.5;52.4
13;2021-08-13;6959;9191;1277568;1075418;62.8;52.9
13;2021-08-14;3690;6456;1281258;1081874;63.0;53.2
13;2021-08-15;485;731;1281743;1082605;63.0;53.2
13;2021-08-16;6579;11081;1288322;1093686;63.3;53.8
13;2021-08-17;6674;10617;1294996;1104303;63.7;54.3
13;2021-08-18;6342;10180;1301338;1114483;64.0;54.8
13;2021-08-19;6671;10618;1308009;1125101;64.3;55.3
13;2021-08-20;5833;11237;1313842;1136338;64.6;55.9
13;2021-08-21;2617;7568;1316459;1143906;64.7;56.2
13;2021-08-22;369;1090;1316828;1144996;64.7;56.3
13;2021-08-23;4974;11222;1321802;1156218;65.0;56.8
13;2021-08-24;5444;10916;1327246;1167134;65.2;57.4
13;2021-08-25;5213;10099;1332459;1177233;65.5;57.9
13;2021-08-26;5128;9784;1337587;1187017;65.7;58.3
13;2021-08-27;5090;10635;1342677;1197652;66.0;58.9
13;2021-08-28;2361;6461;1345038;1204113;66.1;59.2
13;2021-08-29;338;1139;1345376;1205252;66.1;59.2
13;2021-08-30;4244;9719;1349620;1214971;66.3;59.7
13;2021-08-31;4870;9914;1354490;1224885;66.6;60.2
13;2021-09-01;4695;8264;1359185;1233149;66.8;60.6
13;2021-09-02;4773;8004;1363958;1241153;67.0;61.0
13;2021-09-03;4273;8649;1368231;1249802;67.3;61.4
13;2021-09-04;2173;5408;1370404;1255210;67.4;61.7
13;2021-09-05;185;347;1370589;1255557;67.4;61.7
13;2021-09-06;3139;6034;1373728;1261591;67.5;62.0
13;2021-09-07;3220;6245;1376948;1267836;67.7;62.3
13;2021-09-08;3511;6352;1380459;1274188;67.9;62.6
13;2021-09-09;3165;5729;1383624;1279917;68.0;62.9
13;2021-09-10;3669;6747;1387293;1286664;68.2;63.2
13;2021-09-11;2291;5142;1389584;1291806;68.3;63.5
13;2021-09-12;230;293;1389814;1292099;68.3;63.5
13;2021-09-13;2501;4264;1392315;1296363;68.4;63.7
13;2021-09-14;3199;4613;1395514;1300976;68.6;63.9
13;2021-09-15;2880;5516;1398394;1306492;68.7;64.2
13;2021-09-16;2216;3902;1400610;1310394;68.8;64.4
13;2021-09-17;2330;4875;1402940;1315269;69.0;64.6
13;2021-09-18;1531;4244;1404471;1319513;69.0;64.9
13;2021-09-19;123;176;1404594;1319689;69.0;64.9
13;2021-09-20;1533;3306;1406127;1322995;69.1;65.0
13;2021-09-21;1471;2924;1407598;1325919;69.2;65.2
13;2021-09-22;1684;4543;1409282;1330462;69.3;65.4
13;2021-09-23;1646;3537;1410928;1333999;69.4;65.6
13;2021-09-24;1619;4272;1412547;1338271;69.4;65.8
13;2021-09-25;1228;3967;1413775;1342238;69.5;66.0
13;2021-09-26;87;258;1413862;1342496;69.5;66.0
13;2021-09-27;1251;3154;1415113;1345650;69.6;66.1
13;2021-09-28;1326;2637;1416439;1348287;69.6;66.3
13;2021-09-29;1601;3552;1418040;1351839;69.7;66.4
13;2021-09-30;1354;3196;1419394;1355035;69.8;66.6
13;2021-10-01;1554;3560;1420948;1358595;69.8;66.8
13;2021-10-02;1176;2813;1422124;1361408;69.9;66.9
13;2021-10-03;101;417;1422225;1361825;69.9;66.9
13;2021-10-04;622;1591;1422847;1363416;69.9;67.0
13;2021-10-05;1132;2458;1423979;1365874;70.0;67.1
13;2021-10-06;1256;3138;1425235;1369012;70.1;67.3
13;2021-10-07;1015;2497;1426250;1371509;70.1;67.4
13;2021-10-08;1337;3244;1427587;1374753;70.2;67.6
13;2021-10-09;902;2315;1428489;1377068;70.2;67.7
13;2021-10-10;80;119;1428569;1377187;70.2;67.7
14;2020-12-27;0;0;0;0;0.0;0.0
14;2020-12-28;1;1;1;1;0.0;0.0
14;2020-12-29;1;0;2;1;0.0;0.0
14;2020-12-30;0;0;2;1;0.0;0.0
14;2020-12-31;3;0;5;1;0.0;0.0
14;2021-01-01;2;0;7;1;0.0;0.0
14;2021-01-02;1;0;8;1;0.0;0.0
14;2021-01-03;0;0;8;1;0.0;0.0
14;2021-01-04;10;0;18;1;0.0;0.0
14;2021-01-05;24;0;42;1;0.0;0.0
14;2021-01-06;352;0;394;1;0.1;0.0
14;2021-01-07;402;2;796;3;0.1;0.0
14;2021-01-08;631;5;1427;8;0.2;0.0
14;2021-01-09;127;0;1554;8;0.2;0.0
14;2021-01-10;41;0;1595;8;0.2;0.0
14;2021-01-11;674;5;2269;13;0.3;0.0
14;2021-01-12;954;7;3223;20;0.5;0.0
14;2021-01-13;850;1;4073;21;0.6;0.0
14;2021-01-14;2841;28;6914;49;1.0;0.0
14;2021-01-15;1898;22;8812;71;1.3;0.0
14;2021-01-16;271;3;9083;74;1.3;0.0
14;2021-01-17;145;7;9228;81;1.3;0.0
14;2021-01-18;1086;6;10314;87;1.5;0.0
14;2021-01-19;1154;3;11468;90;1.7;0.0
14;2021-01-20;1987;5;13455;95;1.9;0.0
14;2021-01-21;1817;7;15272;102;2.2;0.0
14;2021-01-22;1494;6;16766;108;2.4;0.0
14;2021-01-23;297;1;17063;109;2.5;0.0
14;2021-01-24;73;1;17136;110;2.5;0.0
14;2021-01-25;911;10;18047;120;2.6;0.0
14;2021-01-26;848;37;18895;157;2.7;0.0
14;2021-01-27;884;160;19779;317;2.9;0.0
14;2021-01-28;782;145;20561;462;3.0;0.1
14;2021-01-29;786;230;21347;692;3.1;0.1
14;2021-01-30;270;12;21617;704;3.1;0.1
14;2021-01-31;58;3;21675;707;3.1;0.1
14;2021-02-01;729;226;22404;933;3.2;0.1
14;2021-02-02;830;420;23234;1353;3.4;0.2
14;2021-02-03;761;387;23995;1740;3.5;0.3
14;2021-02-04;1170;2056;25165;3796;3.6;0.5
14;2021-02-05;1296;1315;26461;5111;3.8;0.7
14;2021-02-06;398;237;26859;5348;3.9;0.8
14;2021-02-07;180;72;27039;5420;3.9;0.8
14;2021-02-08;773;822;27812;6242;4.0;0.9
14;2021-02-09;723;1009;28535;7251;4.1;1.0
14;2021-02-10;825;1607;29360;8858;4.2;1.3
14;2021-02-11;1351;1430;30711;10288;4.4;1.5
14;2021-02-12;1383;1080;32094;11368;4.6;1.6
14;2021-02-13;308;186;32402;11554;4.7;1.7
14;2021-02-14;84;64;32486;11618;4.7;1.7
14;2021-02-15;443;1077;32929;12695;4.8;1.8
14;2021-02-16;679;976;33608;13671;4.9;2.0
14;2021-02-17;405;978;34013;14649;4.9;2.1
14;2021-02-18;707;884;34720;15533;5.0;2.2
14;2021-02-19;734;777;35454;16310;5.1;2.4
14;2021-02-20;91;268;35545;16578;5.1;2.4
14;2021-02-21;6;90;35551;16668;5.1;2.4
14;2021-02-22;432;1040;35983;17708;5.2;2.6
14;2021-02-23;487;920;36470;18628;5.3;2.7
14;2021-02-24;441;890;36911;19518;5.3;2.8
14;2021-02-25;1224;1177;38135;20695;5.5;3.0
14;2021-02-26;1576;1161;39711;21856;5.7;3.2
14;2021-02-27;507;269;40218;22125;5.8;3.2
14;2021-02-28;27;41;40245;22166;5.8;3.2
14;2021-03-01;522;929;40767;23095;5.9;3.3
14;2021-03-02;966;807;41733;23902;6.0;3.5
14;2021-03-03;1080;841;42813;24743;6.2;3.6
14;2021-03-04;1950;794;44763;25537;6.5;3.7
14;2021-03-05;2433;880;47196;26417;6.8;3.8
14;2021-03-06;3078;210;50274;26627;7.3;3.9
14;2021-03-07;1196;64;51470;26691;7.4;3.9
14;2021-03-08;1254;816;52724;27507;7.6;4.0
14;2021-03-09;1741;699;54465;28206;7.9;4.1
14;2021-03-10;1835;594;56300;28800;8.1;4.2
14;2021-03-11;2759;480;59059;29280;8.5;4.2
14;2021-03-12;4047;583;63106;29863;9.1;4.3
14;2021-03-13;1852;179;64958;30042;9.4;4.3
14;2021-03-14;31;39;64989;30081;9.4;4.4
14;2021-03-15;2006;143;66995;30224;9.7;4.4
14;2021-03-16;1401;279;68396;30503;9.9;4.4
14;2021-03-17;1155;197;69551;30700;10.1;4.4
14;2021-03-18;1481;305;71032;31005;10.3;4.5
14;2021-03-19;2608;272;73640;31277;10.7;4.5
14;2021-03-20;2659;43;76299;31320;11.0;4.5
14;2021-03-21;454;9;76753;31329;11.1;4.5
14;2021-03-22;1872;363;78625;31692;11.4;4.6
14;2021-03-23;2179;327;80804;32019;11.7;4.6
14;2021-03-24;2432;194;83236;32213;12.0;4.7
14;2021-03-25;3292;327;86528;32540;12.5;4.7
14;2021-03-26;4609;485;91137;33025;13.2;4.8
14;2021-03-27;2230;234;93367;33259;13.5;4.8
14;2021-03-28;36;1;93403;33260;13.5;4.8
14;2021-03-29;1614;487;95017;33747;13.7;4.9
14;2021-03-30;2722;519;97739;34266;14.1;5.0
14;2021-03-31;2326;931;100065;35197;14.5;5.1
14;2021-04-01;4177;1689;104242;36886;15.1;5.3
14;2021-04-02;3867;1275;108109;38161;15.6;5.5
14;2021-04-03;1126;1206;109235;39367;15.8;5.7
14;2021-04-04;25;483;109260;39850;15.8;5.8
14;2021-04-05;1218;325;110478;40175;16.0;5.8
14;2021-04-06;2383;1001;112861;41176;16.3;6.0
14;2021-04-07;2730;1037;115591;42213;16.7;6.1
14;2021-04-08;4303;1125;119894;43338;17.3;6.3
14;2021-04-09;6031;1193;125925;44531;18.2;6.4
14;2021-04-10;2896;444;128821;44975;18.6;6.5
14;2021-04-11;629;125;129450;45100;18.7;6.5
14;2021-04-12;2915;1589;132365;46689;19.1;6.8
14;2021-04-13;3471;1450;135836;48139;19.6;7.0
14;2021-04-14;3123;1174;138959;49313;20.1;7.1
14;2021-04-15;4398;1520;143357;50833;20.7;7.4
14;2021-04-16;4598;1569;147955;52402;21.4;7.6
14;2021-04-17;2312;1667;150267;54069;21.7;7.8
14;2021-04-18;539;328;150806;54397;21.8;7.9
14;2021-04-19;2760;1706;153566;56103;22.2;8.1
14;2021-04-20;3390;1836;156956;57939;22.7;8.4
14;2021-04-21;3015;1477;159971;59416;23.1;8.6
14;2021-04-22;4230;2095;164201;61511;23.7;8.9
14;2021-04-23;4651;2316;168852;63827;24.4;9.2
14;2021-04-24;1851;1757;170703;65584;24.7;9.5
14;2021-04-25;456;29;171159;65613;24.8;9.5
14;2021-04-26;3379;1572;174538;67185;25.2;9.7
14;2021-04-27;3502;2579;178040;69764;25.7;10.1
14;2021-04-28;3245;1899;181285;71663;26.2;10.4
14;2021-04-29;4544;2316;185829;73979;26.9;10.7
14;2021-04-30;5124;2652;190953;76631;27.6;11.1
14;2021-05-01;3554;204;194507;76835;28.1;11.1
14;2021-05-02;1238;56;195745;76891;28.3;11.1
14;2021-05-03;2482;2770;198227;79661;28.7;11.5
14;2021-05-04;3128;2913;201355;82574;29.1;11.9
14;2021-05-05;3687;2760;205042;85334;29.7;12.3
14;2021-05-06;4929;3490;209971;88824;30.4;12.8
14;2021-05-07;4868;3853;214839;92677;31.1;13.4
14;2021-05-08;2728;1265;217567;93942;31.5;13.6
14;2021-05-09;1914;671;219481;94613;31.7;13.7
14;2021-05-10;3637;3152;223118;97765;32.3;14.1
14;2021-05-11;4346;3610;227464;101375;32.9;14.7
14;2021-05-12;4052;3224;231516;104599;33.5;15.1
14;2021-05-13;4688;1132;236204;105731;34.2;15.3
14;2021-05-14;6674;2629;242878;108360;35.1;15.7
14;2021-05-15;5148;778;248026;109138;35.9;15.8
14;2021-05-16;2319;120;250345;109258;36.2;15.8
14;2021-05-17;2820;2261;253165;111519;36.6;16.1
14;2021-05-18;4089;2244;257254;113763;37.2;16.5
14;2021-05-19;3752;2023;261006;115786;37.7;16.7
14;2021-05-20;4482;2768;265488;118554;38.4;17.1
14;2021-05-21;4276;3528;269764;122082;39.0;17.7
14;2021-05-22;1669;865;271433;122947;39.3;17.8
14;2021-05-23;649;71;272082;123018;39.3;17.8
14;2021-05-24;2845;751;274927;123769;39.8;17.9
14;2021-05-25;3635;3387;278562;127156;40.3;18.4
14;2021-05-26;3438;2407;282000;129563;40.8;18.7
14;2021-05-27;4771;3241;286771;132804;41.5;19.2
14;2021-05-28;5090;3893;291861;136697;42.2;19.8
14;2021-05-29;2342;2458;294203;139155;42.5;20.1
14;2021-05-30;759;237;294962;139392;42.7;20.2
14;2021-05-31;4089;2967;299051;142359;43.2;20.6
14;2021-06-01;5738;3218;304789;145577;44.1;21.1
14;2021-06-02;5024;2862;309813;148439;44.8;21.5
14;2021-06-03;6658;4019;316471;152458;45.8;22.0
14;2021-06-04;6444;5141;322915;157599;46.7;22.8
14;2021-06-05;4359;1866;327274;159465;47.3;23.1
14;2021-06-06;2043;83;329317;159548;47.6;23.1
14;2021-06-07;4253;3451;333570;162999;48.2;23.6
14;2021-06-08;5234;3132;338804;166131;49.0;24.0
14;2021-06-09;4270;2967;343074;169098;49.6;24.5
14;2021-06-10;5080;2973;348154;172071;50.4;24.9
14;2021-06-11;4840;4887;352994;176958;51.1;25.6
14;2021-06-12;3677;4520;356671;181478;51.6;26.2
14;2021-06-13;848;1089;357519;182567;51.7;26.4
14;2021-06-14;2185;3792;359704;186359;52.0;27.0
14;2021-06-15;3314;3970;363018;190329;52.5;27.5
14;2021-06-16;3446;4556;366464;194885;53.0;28.2
14;2021-06-17;4230;5268;370694;200153;53.6;28.9
14;2021-06-18;3732;6121;374426;206274;54.2;29.8
14;2021-06-19;2591;2951;377017;209225;54.5;30.3
14;2021-06-20;581;1556;377598;210781;54.6;30.5
14;2021-06-21;2121;4359;379719;215140;54.9;31.1
14;2021-06-22;2582;5180;382301;220320;55.3;31.9
14;2021-06-23;2503;4348;384804;224668;55.7;32.5
14;2021-06-24;3450;5810;388254;230478;56.2;33.3
14;2021-06-25;2752;7278;391006;237756;56.5;34.4
14;2021-06-26;2177;4539;393183;242295;56.9;35.0
14;2021-06-27;440;1828;393623;244123;56.9;35.3
14;2021-06-28;1311;3970;394934;248093;57.1;35.9
14;2021-06-29;1789;5365;396723;253458;57.4;36.7
14;2021-06-30;2024;4618;398747;258076;57.7;37.3
14;2021-07-01;2931;5072;401678;263148;58.1;38.1
14;2021-07-02;2600;6669;404278;269817;58.5;39.0
14;2021-07-03;1430;2647;405708;272464;58.7;39.4
14;2021-07-04;422;713;406130;273177;58.7;39.5
14;2021-07-05;1191;4777;407321;277954;58.9;40.2
14;2021-07-06;2090;6002;409411;283956;59.2;41.1
14;2021-07-07;2257;4578;411668;288534;59.5;41.7
14;2021-07-08;2912;5527;414580;294061;60.0;42.5
14;2021-07-09;2771;6433;417351;300494;60.4;43.5
14;2021-07-10;2037;3203;419388;303697;60.7;43.9
14;2021-07-11;900;871;420288;304568;60.8;44.0
14;2021-07-12;1634;5904;421922;310472;61.0;44.9
14;2021-07-13;3081;7340;425003;317812;61.5;46.0
14;2021-07-14;2260;3065;427263;320877;61.8;46.4
14;2021-07-15;4172;7655;431435;328532;62.4;47.5
14;2021-07-16;4708;7696;436143;336228;63.1;48.6
14;2021-07-17;2114;4214;438257;340442;63.4;49.2
14;2021-07-18;821;1870;439078;342312;63.5;49.5
14;2021-07-19;2599;6128;441677;348440;63.9;50.4
14;2021-07-20;3247;7258;444924;355698;64.3;51.4
14;2021-07-21;4105;5845;449029;361543;64.9;52.3
14;2021-07-22;4852;6604;453881;368147;65.6;53.2
14;2021-07-23;5384;6771;459265;374918;66.4;54.2
14;2021-07-24;3084;3795;462349;378713;66.9;54.8
14;2021-07-25;1504;1249;463853;379962;67.1;55.0
14;2021-07-26;4682;4186;468535;384148;67.8;55.6
14;2021-07-27;5404;4364;473939;388512;68.5;56.2
14;2021-07-28;5117;3974;479056;392486;69.3;56.8
14;2021-07-29;6446;4886;485502;397372;70.2;57.5
14;2021-07-30;5842;5171;491344;402543;71.1;58.2
14;2021-07-31;2774;2513;494118;405056;71.5;58.6
14;2021-08-01;1895;934;496013;405990;71.7;58.7
14;2021-08-02;3948;4293;499961;410283;72.3;59.3
14;2021-08-03;4482;4173;504443;414456;73.0;59.9
14;2021-08-04;4650;3538;509093;417994;73.6;60.5
14;2021-08-05;4658;4039;513751;422033;74.3;61.0
14;2021-08-06;4431;4808;518182;426841;74.9;61.7
14;2021-08-07;2133;2295;520315;429136;75.2;62.1
14;2021-08-08;638;854;520953;429990;75.3;62.2
14;2021-08-09;2129;2877;523082;432867;75.6;62.6
14;2021-08-10;3661;4171;526743;437038;76.2;63.2
14;2021-08-11;3076;3455;529819;440493;76.6;63.7
14;2021-08-12;3481;4351;533300;444844;77.1;64.3
14;2021-08-13;2638;4139;535938;448983;77.5;64.9
14;2021-08-14;1423;2009;537361;450992;77.7;65.2
14;2021-08-15;389;1484;537750;452476;77.8;65.4
14;2021-08-16;1833;2785;539583;455261;78.0;65.8
14;2021-08-17;2263;4570;541846;459831;78.4;66.5
14;2021-08-18;2063;4528;543909;464359;78.7;67.2
14;2021-08-19;2336;5086;546245;469445;79.0;67.9
14;2021-08-20;2189;5403;548434;474848;79.3;68.7
14;2021-08-21;1016;2837;549450;477685;79.5;69.1
14;2021-08-22;170;1564;549620;479249;79.5;69.3
14;2021-08-23;1269;4170;550889;483419;79.7;69.9
14;2021-08-24;1347;4302;552236;487721;79.9;70.5
14;2021-08-25;1400;4398;553636;492119;80.1;71.2
14;2021-08-26;1432;5081;555068;497200;80.3;71.9
14;2021-08-27;1467;5289;556535;502489;80.5;72.7
14;2021-08-28;735;3005;557270;505494;80.6;73.1
14;2021-08-29;186;1015;557456;506509;80.6;73.3
14;2021-08-30;1016;3548;558472;510057;80.8;73.8
14;2021-08-31;1330;4642;559802;514699;81.0;74.4
14;2021-09-01;1069;3626;560871;518325;81.1;75.0
14;2021-09-02;864;3039;561735;521364;81.2;75.4
14;2021-09-03;1183;3862;562918;525226;81.4;76.0
14;2021-09-04;665;2225;563583;527451;81.5;76.3
14;2021-09-05;126;372;563709;527823;81.5;76.3
14;2021-09-06;468;1852;564177;529675;81.6;76.6
14;2021-09-07;498;1860;564675;531535;81.7;76.9
14;2021-09-08;681;2705;565356;534240;81.8;77.3
14;2021-09-09;595;1777;565951;536017;81.8;77.5
14;2021-09-10;771;2362;566722;538379;82.0;77.9
14;2021-09-11;522;1486;567244;539865;82.0;78.1
14;2021-09-12;75;241;567319;540106;82.0;78.1
14;2021-09-13;311;1154;567630;541260;82.1;78.3
14;2021-09-14;656;1262;568286;542522;82.2;78.5
14;2021-09-15;716;1997;569002;544519;82.3;78.7
14;2021-09-16;591;1338;569593;545857;82.4;78.9
14;2021-09-17;630;1454;570223;547311;82.5;79.2
14;2021-09-18;218;970;570441;548281;82.5;79.3
14;2021-09-19;41;137;570482;548418;82.5;79.3
14;2021-09-20;331;810;570813;549228;82.6;79.4
14;2021-09-21;538;847;571351;550075;82.6;79.6
14;2021-09-22;484;1754;571835;551829;82.7;79.8
14;2021-09-23;445;784;572280;552613;82.8;79.9
14;2021-09-24;405;1310;572685;553923;82.8;80.1
14;2021-09-25;191;690;572876;554613;82.9;80.2
14;2021-09-26;41;140;572917;554753;82.9;80.2
14;2021-09-27;276;710;573193;555463;82.9;80.3
14;2021-09-28;359;674;573552;556137;82.9;80.4
14;2021-09-29;305;919;573857;557056;83.0;80.6
14;2021-09-30;340;687;574197;557743;83.0;80.7
14;2021-10-01;449;831;574646;558574;83.1;80.8
14;2021-10-02;246;514;574892;559088;83.1;80.9
14;2021-10-03;37;61;574929;559149;83.1;80.9
14;2021-10-04;281;508;575210;559657;83.2;80.9
14;2021-10-05;270;446;575480;560103;83.2;81.0
14;2021-10-06;386;792;575866;560895;83.3;81.1
14;2021-10-07;224;408;576090;561303;83.3;81.2
14;2021-10-08;422;834;576512;562137;83.4;81.3
14;2021-10-09;186;338;576698;562475;83.4;81.3
14;2021-10-10;3;2;576701;562477;83.4;81.3
15;2020-12-27;2;0;2;0;0.0;0.0
15;2020-12-28;0;0;2;0;0.0;0.0
15;2020-12-29;0;0;2;0;0.0;0.0
15;2020-12-30;0;0;2;0;0.0;0.0
15;2020-12-31;0;0;2;0;0.0;0.0
15;2021-01-01;1;0;3;0;0.0;0.0
15;2021-01-02;0;0;3;0;0.0;0.0
15;2021-01-03;0;0;3;0;0.0;0.0
15;2021-01-04;0;0;3;0;0.0;0.0
15;2021-01-05;0;0;3;0;0.0;0.0
15;2021-01-06;0;0;3;0;0.0;0.0
15;2021-01-07;72;0;75;0;0.1;0.0
15;2021-01-08;110;2;185;2;0.1;0.0
15;2021-01-09;0;0;185;2;0.1;0.0
15;2021-01-10;2;0;187;2;0.1;0.0
15;2021-01-11;99;1;286;3;0.2;0.0
15;2021-01-12;94;0;380;3;0.3;0.0
15;2021-01-13;230;0;610;3;0.4;0.0
15;2021-01-14;313;5;923;8;0.6;0.0
15;2021-01-15;138;0;1061;8;0.7;0.0
15;2021-01-16;90;0;1151;8;0.8;0.0
15;2021-01-17;0;0;1151;8;0.8;0.0
15;2021-01-18;404;2;1555;10;1.1;0.0
15;2021-01-19;550;0;2105;10;1.5;0.0
15;2021-01-20;629;2;2734;12;1.9;0.0
15;2021-01-21;576;4;3310;16;2.3;0.0
15;2021-01-22;503;3;3813;19;2.7;0.0
15;2021-01-23;432;1;4245;20;3.0;0.0
15;2021-01-24;6;0;4251;20;3.0;0.0
15;2021-01-25;401;0;4652;20;3.3;0.0
15;2021-01-26;437;0;5089;20;3.6;0.0
15;2021-01-27;736;8;5825;28;4.1;0.0
15;2021-01-28;623;53;6448;81;4.5;0.1
15;2021-01-29;336;82;6784;163;4.8;0.1
15;2021-01-30;218;3;7002;166;4.9;0.1
15;2021-01-31;1;1;7003;167;4.9;0.1
15;2021-02-01;239;95;7242;262;5.1;0.2
15;2021-02-02;189;89;7431;351;5.2;0.2
15;2021-02-03;267;159;7698;510;5.4;0.4
15;2021-02-04;663;204;8361;714;5.9;0.5
15;2021-02-05;296;256;8657;970;6.1;0.7
15;2021-02-06;98;77;8755;1047;6.1;0.7
15;2021-02-07;0;0;8755;1047;6.1;0.7
15;2021-02-08;233;108;8988;1155;6.3;0.8
15;2021-02-09;206;119;9194;1274;6.4;0.9
15;2021-02-10;338;301;9532;1575;6.7;1.1
15;2021-02-11;118;239;9650;1814;6.8;1.3
15;2021-02-12;136;159;9786;1973;6.9;1.4
15;2021-02-13;92;77;9878;2050;6.9;1.4
15;2021-02-14;0;0;9878;2050;6.9;1.4
15;2021-02-15;64;215;9942;2265;7.0;1.6
15;2021-02-16;52;295;9994;2560;7.0;1.8
15;2021-02-17;134;474;10128;3034;7.1;2.1
15;2021-02-18;87;754;10215;3788;7.2;2.7
15;2021-02-19;90;429;10305;4217;7.2;3.0
15;2021-02-20;20;258;10325;4475;7.2;3.1
15;2021-02-21;0;0;10325;4475;7.2;3.1
15;2021-02-22;23;496;10348;4971;7.2;3.5
15;2021-02-23;180;457;10528;5428;7.4;3.8
15;2021-02-24;31;456;10559;5884;7.4;4.1
15;2021-02-25;228;1001;10787;6885;7.6;4.8
15;2021-02-26;186;476;10973;7361;7.7;5.2
15;2021-02-27;145;88;11118;7449;7.8;5.2
15;2021-02-28;1;0;11119;7449;7.8;5.2
15;2021-03-01;121;223;11240;7672;7.9;5.4
15;2021-03-02;251;307;11491;7979;8.0;5.6
15;2021-03-03;207;29;11698;8008;8.2;5.6
15;2021-03-04;246;248;11944;8256;8.4;5.8
15;2021-03-05;348;175;12292;8431;8.6;5.9
15;2021-03-06;680;11;12972;8442;9.1;5.9
15;2021-03-07;81;2;13053;8444;9.1;5.9
15;2021-03-08;93;107;13146;8551;9.2;6.0
15;2021-03-09;281;294;13427;8845;9.4;6.2
15;2021-03-10;417;180;13844;9025;9.7;6.3
15;2021-03-11;434;296;14278;9321;10.0;6.5
15;2021-03-12;525;96;14803;9417;10.4;6.6
15;2021-03-13;355;7;15158;9424;10.6;6.6
15;2021-03-14;18;0;15176;9424;10.6;6.6
15;2021-03-15;542;64;15718;9488;11.0;6.6
15;2021-03-16;328;22;16046;9510;11.2;6.7
15;2021-03-17;130;53;16176;9563;11.3;6.7
15;2021-03-18;250;96;16426;9659;11.5;6.8
15;2021-03-19;669;34;17095;9693;12.0;6.8
15;2021-03-20;148;38;17243;9731;12.1;6.8
15;2021-03-21;6;0;17249;9731;12.1;6.8
15;2021-03-22;574;82;17823;9813;12.5;6.9
15;2021-03-23;776;102;18599;9915;13.0;6.9
15;2021-03-24;936;36;19535;9951;13.7;7.0
15;2021-03-25;1282;33;20817;9984;14.6;7.0
15;2021-03-26;1010;63;21827;10047;15.3;7.0
15;2021-03-27;301;7;22128;10054;15.5;7.0
15;2021-03-28;20;0;22148;10054;15.5;7.0
15;2021-03-29;782;19;22930;10073;16.1;7.1
15;2021-03-30;1135;205;24065;10278;16.9;7.2
15;2021-03-31;941;28;25006;10306;17.5;7.2
15;2021-04-01;1233;64;26239;10370;18.4;7.3
15;2021-04-02;1141;62;27380;10432;19.2;7.3
15;2021-04-03;120;18;27500;10450;19.3;7.3
15;2021-04-04;0;0;27500;10450;19.3;7.3
15;2021-04-05;33;3;27533;10453;19.3;7.3
15;2021-04-06;834;87;28367;10540;19.9;7.4
15;2021-04-07;663;108;29030;10648;20.3;7.5
15;2021-04-08;1246;151;30276;10799;21.2;7.6
15;2021-04-09;1277;106;31553;10905;22.1;7.6
15;2021-04-10;364;21;31917;10926;22.3;7.7
15;2021-04-11;14;0;31931;10926;22.4;7.7
15;2021-04-12;644;461;32575;11387;22.8;8.0
15;2021-04-13;1124;324;33699;11711;23.6;8.2
15;2021-04-14;1038;199;34737;11910;24.3;8.3
15;2021-04-15;1183;314;35920;12224;25.2;8.6
15;2021-04-16;1038;555;36958;12779;25.9;8.9
15;2021-04-17;445;15;37403;12794;26.2;9.0
15;2021-04-18;0;10;37403;12804;26.2;9.0
15;2021-04-19;537;514;37940;13318;26.6;9.3
15;2021-04-20;847;616;38787;13934;27.2;9.8
15;2021-04-21;592;651;39379;14585;27.6;10.2
15;2021-04-22;728;777;40107;15362;28.1;10.8
15;2021-04-23;730;681;40837;16043;28.6;11.2
15;2021-04-24;363;123;41200;16166;28.8;11.3
15;2021-04-25;1;3;41201;16169;28.9;11.3
15;2021-04-26;325;632;41526;16801;29.1;11.8
15;2021-04-27;467;939;41993;17740;29.4;12.4
15;2021-04-28;383;789;42376;18529;29.7;13.0
15;2021-04-29;587;1014;42963;19543;30.1;13.7
15;2021-04-30;547;1077;43510;20620;30.5;14.4
15;2021-05-01;283;29;43793;20649;30.7;14.5
15;2021-05-02;0;0;43793;20649;30.7;14.5
15;2021-05-03;881;331;44674;20980;31.3;14.7
15;2021-05-04;801;857;45475;21837;31.8;15.3
15;2021-05-05;676;680;46151;22517;32.3;15.8
15;2021-05-06;826;967;46977;23484;32.9;16.4
15;2021-05-07;1154;906;48131;24390;33.7;17.1
15;2021-05-08;491;55;48622;24445;34.0;17.1
15;2021-05-09;24;9;48646;24454;34.1;17.1
15;2021-05-10;704;913;49350;25367;34.6;17.8
15;2021-05-11;1186;1186;50536;26553;35.4;18.6
15;2021-05-12;1147;837;51683;27390;36.2;19.2
15;2021-05-13;1165;440;52848;27830;37.0;19.5
15;2021-05-14;1503;583;54351;28413;38.1;19.9
15;2021-05-15;1410;418;55761;28831;39.0;20.2
15;2021-05-16;1;10;55762;28841;39.0;20.2
15;2021-05-17;999;605;56761;29446;39.7;20.6
15;2021-05-18;1221;970;57982;30416;40.6;21.3
15;2021-05-19;1020;459;59002;30875;41.3;21.6
15;2021-05-20;1239;782;60241;31657;42.2;22.2
15;2021-05-21;1348;749;61589;32406;43.1;22.7
15;2021-05-22;527;188;62116;32594;43.5;22.8
15;2021-05-23;2;11;62118;32605;43.5;22.8
15;2021-05-24;693;257;62811;32862;44.0;23.0
15;2021-05-25;1151;620;63962;33482;44.8;23.4
15;2021-05-26;1093;459;65055;33941;45.6;23.8
15;2021-05-27;1271;660;66326;34601;46.4;24.2
15;2021-05-28;1509;887;67835;35488;47.5;24.8
15;2021-05-29;984;361;68819;35849;48.2;25.1
15;2021-05-30;14;25;68833;35874;48.2;25.1
15;2021-05-31;1199;480;70032;36354;49.0;25.5
15;2021-06-01;1398;570;71430;36924;50.0;25.9
15;2021-06-02;863;418;72293;37342;50.6;26.1
15;2021-06-03;932;704;73225;38046;51.3;26.6
15;2021-06-04;1076;719;74301;38765;52.0;27.1
15;2021-06-05;651;264;74952;39029;52.5;27.3
15;2021-06-06;16;20;74968;39049;52.5;27.3
15;2021-06-07;797;351;75765;39400;53.1;27.6
15;2021-06-08;477;397;76242;39797;53.4;27.9
15;2021-06-09;376;377;76618;40174;53.6;28.1
15;2021-06-10;276;423;76894;40597;53.8;28.4
15;2021-06-11;660;1100;77554;41697;54.3;29.2
15;2021-06-12;377;467;77931;42164;54.6;29.5
15;2021-06-13;11;6;77942;42170;54.6;29.5
15;2021-06-14;542;977;78484;43147;55.0;30.2
15;2021-06-15;450;1164;78934;44311;55.3;31.0
15;2021-06-16;543;899;79477;45210;55.7;31.7
15;2021-06-17;292;934;79769;46144;55.9;32.3
15;2021-06-18;740;1205;80509;47349;56.4;33.2
15;2021-06-19;542;704;81051;48053;56.8;33.6
15;2021-06-20;11;1;81062;48054;56.8;33.6
15;2021-06-21;279;1042;81341;49096;57.0;34.4
15;2021-06-22;232;1480;81573;50576;57.1;35.4
15;2021-06-23;346;1445;81919;52021;57.4;36.4
15;2021-06-24;291;1094;82210;53115;57.6;37.2
15;2021-06-25;378;1641;82588;54756;57.8;38.3
15;2021-06-26;164;908;82752;55664;57.9;39.0
15;2021-06-27;0;0;82752;55664;57.9;39.0
15;2021-06-28;176;1228;82928;56892;58.1;39.8
15;2021-06-29;302;1264;83230;58156;58.3;40.7
15;2021-06-30;268;982;83498;59138;58.5;41.4
15;2021-07-01;380;1220;83878;60358;58.7;42.3
15;2021-07-02;410;1348;84288;61706;59.0;43.2
15;2021-07-03;252;707;84540;62413;59.2;43.7
15;2021-07-04;1;1;84541;62414;59.2;43.7
15;2021-07-05;248;1257;84789;63671;59.4;44.6
15;2021-07-06;275;1469;85064;65140;59.6;45.6
15;2021-07-07;255;1344;85319;66484;59.7;46.6
15;2021-07-08;489;1353;85808;67837;60.1;47.5
15;2021-07-09;488;1783;86296;69620;60.4;48.7
15;2021-07-10;215;862;86511;70482;60.6;49.4
15;2021-07-11;9;5;86520;70487;60.6;49.4
15;2021-07-12;278;1484;86798;71971;60.8;50.4
15;2021-07-13;587;1776;87385;73747;61.2;51.6
15;2021-07-14;16;130;87401;73877;61.2;51.7
15;2021-07-15;1132;729;88533;74606;62.0;52.2
15;2021-07-16;1139;1336;89672;75942;62.8;53.2
15;2021-07-17;819;953;90491;76895;63.4;53.8
15;2021-07-18;0;2;90491;76897;63.4;53.8
15;2021-07-19;1074;1270;91565;78167;64.1;54.7
15;2021-07-20;1612;570;93177;78737;65.2;55.1
15;2021-07-21;1189;603;94366;79340;66.1;55.6
15;2021-07-22;894;512;95260;79852;66.7;55.9
15;2021-07-23;1341;1065;96601;80917;67.6;56.7
15;2021-07-24;628;770;97229;81687;68.1;57.2
15;2021-07-25;1;24;97230;81711;68.1;57.2
15;2021-07-26;1247;594;98477;82305;69.0;57.6
15;2021-07-27;1691;576;100168;82881;70.1;58.0
15;2021-07-28;1238;584;101406;83465;71.0;58.4
15;2021-07-29;838;402;102244;83867;71.6;58.7
15;2021-07-30;1007;1131;103251;84998;72.3;59.5
15;2021-07-31;603;636;103854;85634;72.7;60.0
15;2021-08-01;21;12;103875;85646;72.7;60.0
15;2021-08-02;1143;543;105018;86189;73.5;60.4
15;2021-08-03;1162;383;106180;86572;74.4;60.6
15;2021-08-04;788;408;106968;86980;74.9;60.9
15;2021-08-05;383;284;107351;87264;75.2;61.1
15;2021-08-06;788;1236;108139;88500;75.7;62.0
15;2021-08-07;265;1160;108404;89660;75.9;62.8
15;2021-08-08;3;6;108407;89666;75.9;62.8
15;2021-08-09;511;1164;108918;90830;76.3;63.6
15;2021-08-10;435;725;109353;91555;76.6;64.1
15;2021-08-11;411;1007;109764;92562;76.9;64.8
15;2021-08-12;520;1182;110284;93744;77.2;65.6
15;2021-08-13;682;1137;110966;94881;77.7;66.4
15;2021-08-14;179;552;111145;95433;77.8;66.8
15;2021-08-15;17;9;111162;95442;77.8;66.8
15;2021-08-16;387;1134;111549;96576;78.1;67.6
15;2021-08-17;402;1140;111951;97716;78.4;68.4
15;2021-08-18;368;803;112319;98519;78.6;69.0
15;2021-08-19;300;878;112619;99397;78.9;69.6
15;2021-08-20;601;1215;113220;100612;79.3;70.5
15;2021-08-21;218;867;113438;101479;79.4;71.1
15;2021-08-22;12;26;113450;101505;79.4;71.1
15;2021-08-23;229;611;113679;102116;79.6;71.5
15;2021-08-24;245;590;113924;102706;79.8;71.9
15;2021-08-25;155;493;114079;103199;79.9;72.3
15;2021-08-26;136;363;114215;103562;80.0;72.5
15;2021-08-27;366;1337;114581;104899;80.2;73.5
15;2021-08-28;214;857;114795;105756;80.4;74.1
15;2021-08-29;7;13;114802;105769;80.4;74.1
15;2021-08-30;225;1056;115027;106825;80.5;74.8
15;2021-08-31;404;649;115431;107474;80.8;75.3
15;2021-09-01;182;401;115613;107875;81.0;75.5
15;2021-09-02;97;228;115710;108103;81.0;75.7
15;2021-09-03;202;889;115912;108992;81.2;76.3
15;2021-09-04;157;358;116069;109350;81.3;76.6
15;2021-09-05;0;2;116069;109352;81.3;76.6
15;2021-09-06;98;303;116167;109655;81.3;76.8
15;2021-09-07;100;197;116267;109852;81.4;76.9
15;2021-09-08;201;410;116468;110262;81.6;77.2
15;2021-09-09;100;314;116568;110576;81.6;77.4
15;2021-09-10;232;760;116800;111336;81.8;78.0
15;2021-09-11;95;290;116895;111626;81.9;78.2
15;2021-09-12;0;0;116895;111626;81.9;78.2
15;2021-09-13;102;264;116997;111890;81.9;78.3
15;2021-09-14;124;107;117121;111997;82.0;78.4
15;2021-09-15;69;247;117190;112244;82.1;78.6
15;2021-09-16;33;101;117223;112345;82.1;78.7
15;2021-09-17;266;605;117489;112950;82.3;79.1
15;2021-09-18;79;380;117568;113330;82.3;79.4
15;2021-09-19;0;0;117568;113330;82.3;79.4
15;2021-09-20;123;217;117691;113547;82.4;79.5
15;2021-09-21;41;107;117732;113654;82.4;79.6
15;2021-09-22;84;355;117816;114009;82.5;79.8
15;2021-09-23;37;109;117853;114118;82.5;79.9
15;2021-09-24;138;334;117991;114452;82.6;80.1
15;2021-09-25;42;217;118033;114669;82.6;80.3
15;2021-09-26;1;5;118034;114674;82.7;80.3
15;2021-09-27;88;133;118122;114807;82.7;80.4
15;2021-09-28;74;131;118196;114938;82.8;80.5
15;2021-09-29;69;191;118265;115129;82.8;80.6
15;2021-09-30;37;94;118302;115223;82.8;80.7
15;2021-10-01;117;216;118419;115439;82.9;80.8
15;2021-10-02;30;143;118449;115582;82.9;80.9
15;2021-10-03;0;2;118449;115584;82.9;80.9
15;2021-10-04;59;59;118508;115643;83.0;81.0
15;2021-10-05;33;51;118541;115694;83.0;81.0
15;2021-10-06;79;105;118620;115799;83.1;81.1
15;2021-10-07;45;91;118665;115890;83.1;81.1
15;2021-10-08;54;174;118719;116064;83.1;81.3
15;2021-10-09;54;107;118773;116171;83.2;81.3
15;2021-10-10;1;6;118774;116177;83.2;81.4
16;2020-12-27;0;0;0;0;0.0;0.0
16;2020-12-28;2;0;2;0;0.0;0.0
16;2020-12-29;0;0;2;0;0.0;0.0
16;2020-12-30;1;0;3;0;0.0;0.0
16;2020-12-31;0;0;3;0;0.0;0.0
16;2021-01-01;0;0;3;0;0.0;0.0
16;2021-01-02;0;0;3;0;0.0;0.0
16;2021-01-03;0;0;3;0;0.0;0.0
16;2021-01-04;1;0;4;0;0.0;0.0
16;2021-01-05;1;0;5;0;0.0;0.0
16;2021-01-06;88;0;93;0;0.0;0.0
16;2021-01-07;240;0;333;0;0.1;0.0
16;2021-01-08;465;2;798;2;0.2;0.0
16;2021-01-09;1;0;799;2;0.2;0.0
16;2021-01-10;1;0;800;2;0.2;0.0
16;2021-01-11;304;0;1104;2;0.3;0.0
16;2021-01-12;437;1;1541;3;0.4;0.0
16;2021-01-13;480;1;2021;4;0.6;0.0
16;2021-01-14;601;7;2622;11;0.8;0.0
16;2021-01-15;504;3;3126;14;0.9;0.0
16;2021-01-16;0;0;3126;14;0.9;0.0
16;2021-01-17;0;0;3126;14;0.9;0.0
16;2021-01-18;432;6;3558;20;1.0;0.0
16;2021-01-19;834;2;4392;22;1.3;0.0
16;2021-01-20;1188;3;5580;25;1.6;0.0
16;2021-01-21;1384;13;6964;38;2.0;0.0
16;2021-01-22;1115;3;8079;41;2.3;0.0
16;2021-01-23;183;2;8262;43;2.4;0.0
16;2021-01-24;0;0;8262;43;2.4;0.0
16;2021-01-25;641;3;8903;46;2.6;0.0
16;2021-01-26;1025;1;9928;47;2.9;0.0
16;2021-01-27;1406;105;11334;152;3.3;0.0
16;2021-01-28;1276;72;12610;224;3.6;0.1
16;2021-01-29;742;141;13352;365;3.8;0.1
16;2021-01-30;36;0;13388;365;3.8;0.1
16;2021-01-31;0;0;13388;365;3.8;0.1
16;2021-02-01;395;203;13783;568;4.0;0.2
16;2021-02-02;576;175;14359;743;4.1;0.2
16;2021-02-03;621;350;14980;1093;4.3;0.3
16;2021-02-04;465;269;15445;1362;4.4;0.4
16;2021-02-05;505;275;15950;1637;4.6;0.5
16;2021-02-06;4;80;15954;1717;4.6;0.5
16;2021-02-07;41;3;15995;1720;4.6;0.5
16;2021-02-08;357;217;16352;1937;4.7;0.6
16;2021-02-09;650;294;17002;2231;4.9;0.6
16;2021-02-10;694;677;17696;2908;5.1;0.8
16;2021-02-11;804;618;18500;3526;5.3;1.0
16;2021-02-12;622;835;19122;4361;5.5;1.3
16;2021-02-13;43;79;19165;4440;5.5;1.3
16;2021-02-14;2;7;19167;4447;5.5;1.3
16;2021-02-15;217;661;19384;5108;5.6;1.5
16;2021-02-16;375;952;19759;6060;5.7;1.7
16;2021-02-17;346;1306;20105;7366;5.8;2.1
16;2021-02-18;511;1249;20616;8615;5.9;2.5
16;2021-02-19;389;784;21005;9399;6.0;2.7
16;2021-02-20;2;8;21007;9407;6.0;2.7
16;2021-02-21;2;0;21009;9407;6.0;2.7
16;2021-02-22;136;529;21145;9936;6.1;2.9
16;2021-02-23;207;922;21352;10858;6.1;3.1
16;2021-02-24;277;894;21629;11752;6.2;3.4
16;2021-02-25;395;689;22024;12441;6.3;3.6
16;2021-02-26;479;501;22503;12942;6.5;3.7
16;2021-02-27;249;1;22752;12943;6.5;3.7
16;2021-02-28;5;5;22757;12948;6.5;3.7
16;2021-03-01;152;329;22909;13277;6.6;3.8
16;2021-03-02;271;671;23180;13948;6.7;4.0
16;2021-03-03;391;725;23571;14673;6.8;4.2
16;2021-03-04;804;571;24375;15244;7.0;4.4
16;2021-03-05;1143;545;25518;15789;7.3;4.5
16;2021-03-06;753;16;26271;15805;7.5;4.5
16;2021-03-07;94;18;26365;15823;7.6;4.5
16;2021-03-08;437;321;26802;16144;7.7;4.6
16;2021-03-09;774;699;27576;16843;7.9;4.8
16;2021-03-10;606;665;28182;17508;8.1;5.0
16;2021-03-11;1448;539;29630;18047;8.5;5.2
16;2021-03-12;1164;462;30794;18509;8.8;5.3
16;2021-03-13;765;15;31559;18524;9.1;5.3
16;2021-03-14;1;0;31560;18524;9.1;5.3
16;2021-03-15;462;186;32022;18710;9.2;5.4
16;2021-03-16;860;423;32882;19133;9.4;5.5
16;2021-03-17;591;284;33473;19417;9.6;5.6
16;2021-03-18;1033;283;34506;19700;9.9;5.7
16;2021-03-19;1103;248;35609;19948;10.2;5.7
16;2021-03-20;396;5;36005;19953;10.3;5.7
16;2021-03-21;9;0;36014;19953;10.3;5.7
16;2021-03-22;728;101;36742;20054;10.6;5.8
16;2021-03-23;1464;107;38206;20161;11.0;5.8
16;2021-03-24;1123;185;39329;20346;11.3;5.8
16;2021-03-25;2047;94;41376;20440;11.9;5.9
16;2021-03-26;1918;99;43294;20539;12.4;5.9
16;2021-03-27;432;22;43726;20561;12.6;5.9
16;2021-03-28;0;0;43726;20561;12.6;5.9
16;2021-03-29;923;60;44649;20621;12.8;5.9
16;2021-03-30;1882;179;46531;20800;13.4;6.0
16;2021-03-31;1513;135;48044;20935;13.8;6.0
16;2021-04-01;2009;402;50053;21337;14.4;6.1
16;2021-04-02;1442;381;51495;21718;14.8;6.2
16;2021-04-03;288;5;51783;21723;14.9;6.2
16;2021-04-04;1;0;51784;21723;14.9;6.2
16;2021-04-05;2;0;51786;21723;14.9;6.2
16;2021-04-06;2013;548;53799;22271;15.5;6.4
16;2021-04-07;1953;407;55752;22678;16.0;6.5
16;2021-04-08;2823;590;58575;23268;16.8;6.7
16;2021-04-09;2695;556;61270;23824;17.6;6.8
16;2021-04-10;1290;38;62560;23862;18.0;6.9
16;2021-04-11;2;0;62562;23862;18.0;6.9
16;2021-04-12;1430;316;63992;24178;18.4;6.9
16;2021-04-13;2124;842;66116;25020;19.0;7.2
16;2021-04-14;1951;634;68067;25654;19.5;7.4
16;2021-04-15;2102;985;70169;26639;20.2;7.7
16;2021-04-16;2043;789;72212;27428;20.7;7.9
16;2021-04-17;1507;93;73719;27521;21.2;7.9
16;2021-04-18;197;3;73916;27524;21.2;7.9
16;2021-04-19;1440;524;75356;28048;21.6;8.1
16;2021-04-20;2053;1234;77409;29282;22.2;8.4
16;2021-04-21;1776;752;79185;30034;22.7;8.6
16;2021-04-22;2290;1010;81475;31044;23.4;8.9
16;2021-04-23;2362;1174;83837;32218;24.1;9.3
16;2021-04-24;829;38;84666;32256;24.3;9.3
16;2021-04-25;117;6;84783;32262;24.4;9.3
16;2021-04-26;1400;810;86183;33072;24.8;9.5
16;2021-04-27;2055;1417;88238;34489;25.3;9.9
16;2021-04-28;1592;1127;89830;35616;25.8;10.2
16;2021-04-29;2250;1501;92080;37117;26.4;10.7
16;2021-04-30;2856;1344;94936;38461;27.3;11.0
16;2021-05-01;353;60;95289;38521;27.4;11.1
16;2021-05-02;155;13;95444;38534;27.4;11.1
16;2021-05-03;2611;538;98055;39072;28.2;11.2
16;2021-05-04;2057;2046;100112;41118;28.8;11.8
16;2021-05-05;1688;1832;101800;42950;29.2;12.3
16;2021-05-06;1886;2248;103686;45198;29.8;13.0
16;2021-05-07;3072;2123;106758;47321;30.7;13.6
16;2021-05-08;1197;468;107955;47789;31.0;13.7
16;2021-05-09;530;27;108485;47816;31.2;13.7
16;2021-05-10;1930;1624;110415;49440;31.7;14.2
16;2021-05-11;2354;1965;112769;51405;32.4;14.8
16;2021-05-12;1734;1799;114503;53204;32.9;15.3
16;2021-05-13;1461;355;115964;53559;33.3;15.4
16;2021-05-14;1989;1563;117953;55122;33.9;15.8
16;2021-05-15;596;895;118549;56017;34.0;16.1
16;2021-05-16;132;6;118681;56023;34.1;16.1
16;2021-05-17;1609;1286;120290;57309;34.5;16.5
16;2021-05-18;2756;1426;123046;58735;35.3;16.9
16;2021-05-19;2006;1241;125052;59976;35.9;17.2
16;2021-05-20;2832;1389;127884;61365;36.7;17.6
16;2021-05-21;2943;1396;130827;62761;37.6;18.0
16;2021-05-22;411;711;131238;63472;37.7;18.2
16;2021-05-23;210;11;131448;63483;37.8;18.2
16;2021-05-24;1262;234;132710;63717;38.1;18.3
16;2021-05-25;2759;1461;135469;65178;38.9;18.7
16;2021-05-26;1833;1186;137302;66364;39.4;19.1
16;2021-05-27;2416;1583;139718;67947;40.1;19.5
16;2021-05-28;2899;1565;142617;69512;41.0;20.0
16;2021-05-29;814;883;143431;70395;41.2;20.2
16;2021-05-30;1;4;143432;70399;41.2;20.2
16;2021-05-31;1984;1105;145416;71504;41.8;20.5
16;2021-06-01;2344;1713;147760;73217;42.4;21.0
16;2021-06-02;1820;1503;149580;74720;43.0;21.5
16;2021-06-03;2622;1761;152202;76481;43.7;22.0
16;2021-06-04;2833;2030;155035;78511;44.5;22.5
16;2021-06-05;1006;549;156041;79060;44.8;22.7
16;2021-06-06;161;29;156202;79089;44.9;22.7
16;2021-06-07;1991;1281;158193;80370;45.4;23.1
16;2021-06-08;2394;1999;160587;82369;46.1;23.7
16;2021-06-09;2528;1616;163115;83985;46.8;24.1
16;2021-06-10;2569;2003;165684;85988;47.6;24.7
16;2021-06-11;2152;2733;167836;88721;48.2;25.5
16;2021-06-12;1613;517;169449;89238;48.7;25.6
16;2021-06-13;260;72;169709;89310;48.7;25.7
16;2021-06-14;797;2798;170506;92108;49.0;26.5
16;2021-06-15;1866;2623;172372;94731;49.5;27.2
16;2021-06-16;1575;2083;173947;96814;50.0;27.8
16;2021-06-17;2040;2509;175987;99323;50.5;28.5
16;2021-06-18;2060;3217;178047;102540;51.1;29.5
16;2021-06-19;1351;1311;179398;103851;51.5;29.8
16;2021-06-20;243;28;179641;103879;51.6;29.8
16;2021-06-21;1411;2168;181052;106047;52.0;30.5
16;2021-06-22;1675;2943;182727;108990;52.5;31.3
16;2021-06-23;1562;2016;184289;111006;52.9;31.9
16;2021-06-24;1928;2167;186217;113173;53.5;32.5
16;2021-06-25;1983;2727;188200;115900;54.1;33.3
16;2021-06-26;1060;725;189260;116625;54.4;33.5
16;2021-06-27;132;25;189392;116650;54.4;33.5
16;2021-06-28;1164;1964;190556;118614;54.7;34.1
16;2021-06-29;1282;3364;191838;121978;55.1;35.0
16;2021-06-30;1337;2714;193175;124692;55.5;35.8
16;2021-07-01;1866;3157;195041;127849;56.0;36.7
16;2021-07-02;1423;3580;196464;131429;56.4;37.7
16;2021-07-03;696;1111;197160;132540;56.6;38.1
16;2021-07-04;3;15;197163;132555;56.6;38.1
16;2021-07-05;815;2298;197978;134853;56.9;38.7
16;2021-07-06;1278;3366;199256;138219;57.2;39.7
16;2021-07-07;871;2276;200127;140495;57.5;40.4
16;2021-07-08;1234;2736;201361;143231;57.8;41.1
16;2021-07-09;1113;3709;202474;146940;58.2;42.2
16;2021-07-10;338;1338;202812;148278;58.2;42.6
16;2021-07-11;2;13;202814;148291;58.2;42.6
16;2021-07-12;634;2436;203448;150727;58.4;43.3
16;2021-07-13;1385;3530;204833;154257;58.8;44.3
16;2021-07-14;797;877;205630;155134;59.1;44.6
16;2021-07-15;1250;3408;206880;158542;59.4;45.5
16;2021-07-16;1498;3383;208378;161925;59.8;46.5
16;2021-07-17;539;1188;208917;163113;60.0;46.8
16;2021-07-18;14;6;208931;163119;60.0;46.8
16;2021-07-19;618;2853;209549;165972;60.2;47.7
16;2021-07-20;1125;3288;210674;169260;60.5;48.6
16;2021-07-21;1117;2619;211791;171879;60.8;49.4
16;2021-07-22;1871;2862;213662;174741;61.4;50.2
16;2021-07-23;1552;3545;215214;178286;61.8;51.2
16;2021-07-24;639;1213;215853;179499;62.0;51.6
16;2021-07-25;11;11;215864;179510;62.0;51.6
16;2021-07-26;1529;2129;217393;181639;62.4;52.2
16;2021-07-27;1865;2819;219258;184458;63.0;53.0
16;2021-07-28;1864;2311;221122;186769;63.5;53.6
16;2021-07-29;2241;2476;223363;189245;64.2;54.4
16;2021-07-30;2355;3109;225718;192354;64.8;55.2
16;2021-07-31;960;1353;226678;193707;65.1;55.6
16;2021-08-01;192;22;226870;193729;65.2;55.6
16;2021-08-02;2121;1829;228991;195558;65.8;56.2
16;2021-08-03;2121;2328;231112;197886;66.4;56.8
16;2021-08-04;2122;1886;233234;199772;67.0;57.4
16;2021-08-05;2775;1655;236009;201427;67.8;57.9
16;2021-08-06;2512;2365;238521;203792;68.5;58.5
16;2021-08-07;828;559;239349;204351;68.7;58.7
16;2021-08-08;36;33;239385;204384;68.8;58.7
16;2021-08-09;2183;1061;241568;205445;69.4;59.0
16;2021-08-10;2886;1586;244454;207031;70.2;59.5
16;2021-08-11;2603;1232;247057;208263;71.0;59.8
16;2021-08-12;2012;1735;249069;209998;71.5;60.3
16;2021-08-13;2686;1467;251755;211465;72.3;60.7
16;2021-08-14;758;455;252513;211920;72.5;60.9
16;2021-08-15;29;4;252542;211924;72.5;60.9
16;2021-08-16;1339;1582;253881;213506;72.9;61.3
16;2021-08-17;1837;1628;255718;215134;73.4;61.8
16;2021-08-18;1591;1471;257309;216605;73.9;62.2
16;2021-08-19;1517;1777;258826;218382;74.3;62.7
16;2021-08-20;1601;1902;260427;220284;74.8;63.3
16;2021-08-21;564;827;260991;221111;75.0;63.5
16;2021-08-22;4;5;260995;221116;75.0;63.5
16;2021-08-23;993;2064;261988;223180;75.2;64.1
16;2021-08-24;1040;2376;263028;225556;75.5;64.8
16;2021-08-25;887;1781;263915;227337;75.8;65.3
16;2021-08-26;880;2531;264795;229868;76.1;66.0
16;2021-08-27;853;2408;265648;232276;76.3;66.7
16;2021-08-28;261;771;265909;233047;76.4;66.9
16;2021-08-29;2;15;265911;233062;76.4;66.9
16;2021-08-30;638;2373;266549;235435;76.6;67.6
16;2021-08-31;668;2545;267217;237980;76.7;68.3
16;2021-09-01;468;2354;267685;240334;76.9;69.0
16;2021-09-02;544;2078;268229;242412;77.0;69.6
16;2021-09-03;544;2543;268773;244955;77.2;70.4
16;2021-09-04;365;904;269138;245859;77.3;70.6
16;2021-09-05;6;29;269144;245888;77.3;70.6
16;2021-09-06;318;1457;269462;247345;77.4;71.0
16;2021-09-07;355;1673;269817;249018;77.5;71.5
16;2021-09-08;392;1989;270209;251007;77.6;72.1
16;2021-09-09;347;1497;270556;252504;77.7;72.5
16;2021-09-10;440;1767;270996;254271;77.8;73.0
16;2021-09-11;185;785;271181;255056;77.9;73.3
16;2021-09-12;6;21;271187;255077;77.9;73.3
16;2021-09-13;256;1066;271443;256143;78.0;73.6
16;2021-09-14;372;956;271815;257099;78.1;73.8
16;2021-09-15;349;1347;272164;258446;78.2;74.2
16;2021-09-16;303;887;272467;259333;78.3;74.5
16;2021-09-17;500;1376;272967;260709;78.4;74.9
16;2021-09-18;100;535;273067;261244;78.4;75.0
16;2021-09-19;0;9;273067;261253;78.4;75.0
16;2021-09-20;195;721;273262;261974;78.5;75.2
16;2021-09-21;183;673;273445;262647;78.5;75.4
16;2021-09-22;187;990;273632;263637;78.6;75.7
16;2021-09-23;170;559;273802;264196;78.6;75.9
16;2021-09-24;338;1049;274140;265245;78.7;76.2
16;2021-09-25;64;439;274204;265684;78.8;76.3
16;2021-09-26;1;6;274205;265690;78.8;76.3
16;2021-09-27;193;581;274398;266271;78.8;76.5
16;2021-09-28;145;536;274543;266807;78.9;76.6
16;2021-09-29;197;606;274740;267413;78.9;76.8
16;2021-09-30;115;482;274855;267895;78.9;76.9
16;2021-10-01;241;540;275096;268435;79.0;77.1
16;2021-10-02;81;324;275177;268759;79.0;77.2
16;2021-10-03;0;7;275177;268766;79.0;77.2
16;2021-10-04;117;356;275294;269122;79.1;77.3
16;2021-10-05;122;375;275416;269497;79.1;77.4
16;2021-10-06;182;510;275598;270007;79.2;77.5
16;2021-10-07;122;314;275720;270321;79.2;77.6
16;2021-10-08;228;673;275948;270994;79.3;77.8
16;2021-10-09;76;180;276024;271174;79.3;77.9
16;2021-10-10;1;10;276025;271184;79.3;77.9
17;2020-12-27;0;0;0;0;0.0;0.0
17;2020-12-28;0;0;0;0;0.0;0.0
17;2020-12-29;0;0;0;0;0.0;0.0
17;2020-12-30;1;0;1;0;0.0;0.0
17;2020-12-31;0;0;1;0;0.0;0.0
17;2021-01-01;1;0;2;0;0.0;0.0
17;2021-01-02;1;0;3;0;0.0;0.0
17;2021-01-03;0;0;3;0;0.0;0.0
17;2021-01-04;56;0;59;0;0.0;0.0
17;2021-01-05;98;0;157;0;0.0;0.0
17;2021-01-06;132;0;289;0;0.0;0.0
17;2021-01-07;484;1;773;1;0.1;0.0
17;2021-01-08;418;1;1191;2;0.2;0.0
17;2021-01-09;0;0;1191;2;0.2;0.0
17;2021-01-10;1;0;1192;2;0.2;0.0
17;2021-01-11;381;2;1573;4;0.2;0.0
17;2021-01-12;751;1;2324;5;0.4;0.0
17;2021-01-13;655;2;2979;7;0.5;0.0
17;2021-01-14;616;9;3595;16;0.6;0.0
17;2021-01-15;681;2;4276;18;0.7;0.0
17;2021-01-16;129;2;4405;20;0.7;0.0
17;2021-01-17;19;0;4424;20;0.7;0.0
17;2021-01-18;887;5;5311;25;0.8;0.0
17;2021-01-19;1909;17;7220;42;1.1;0.0
17;2021-01-20;2396;4;9616;46;1.5;0.0
17;2021-01-21;2500;12;12116;58;1.9;0.0
17;2021-01-22;1893;15;14009;73;2.2;0.0
17;2021-01-23;738;1;14747;74;2.3;0.0
17;2021-01-24;50;0;14797;74;2.3;0.0
17;2021-01-25;1383;5;16180;79;2.5;0.0
17;2021-01-26;2110;5;18290;84;2.8;0.0
17;2021-01-27;1676;33;19966;117;3.1;0.0
17;2021-01-28;2476;232;22442;349;3.5;0.1
17;2021-01-29;1740;222;24182;571;3.7;0.1
17;2021-01-30;528;5;24710;576;3.8;0.1
17;2021-01-31;37;2;24747;578;3.8;0.1
17;2021-02-01;741;210;25488;788;3.9;0.1
17;2021-02-02;1202;347;26690;1135;4.1;0.2
17;2021-02-03;1299;401;27989;1536;4.3;0.2
17;2021-02-04;1162;503;29151;2039;4.5;0.3
17;2021-02-05;603;757;29754;2796;4.6;0.4
17;2021-02-06;25;43;29779;2839;4.6;0.4
17;2021-02-07;31;13;29810;2852;4.6;0.4
17;2021-02-08;706;400;30516;3252;4.7;0.5
17;2021-02-09;1102;1316;31618;4568;4.9;0.7
17;2021-02-10;866;1288;32484;5856;5.0;0.9
17;2021-02-11;1241;1402;33725;7258;5.2;1.1
17;2021-02-12;773;966;34498;8224;5.3;1.3
17;2021-02-13;43;104;34541;8328;5.3;1.3
17;2021-02-14;1;10;34542;8338;5.3;1.3
17;2021-02-15;621;1221;35163;9559;5.4;1.5
17;2021-02-16;751;1827;35914;11386;5.6;1.8
17;2021-02-17;795;1357;36709;12743;5.7;2.0
17;2021-02-18;965;2185;37674;14928;5.8;2.3
17;2021-02-19;1069;1538;38743;16466;6.0;2.5
17;2021-02-20;105;311;38848;16777;6.0;2.6
17;2021-02-21;9;2;38857;16779;6.0;2.6
17;2021-02-22;648;1630;39505;18409;6.1;2.8
17;2021-02-23;782;1535;40287;19944;6.2;3.1
17;2021-02-24;1080;1586;41367;21530;6.4;3.3
17;2021-02-25;1087;1709;42454;23239;6.6;3.6
17;2021-02-26;1308;1296;43762;24535;6.8;3.8
17;2021-02-27;529;248;44291;24783;6.8;3.8
17;2021-02-28;19;9;44310;24792;6.8;3.8
17;2021-03-01;638;1042;44948;25834;6.9;4.0
17;2021-03-02;1095;870;46043;26704;7.1;4.1
17;2021-03-03;1618;795;47661;27499;7.4;4.2
17;2021-03-04;2426;1143;50087;28642;7.7;4.4
17;2021-03-05;2664;683;52751;29325;8.2;4.5
17;2021-03-06;1027;32;53778;29357;8.3;4.5
17;2021-03-07;183;47;53961;29404;8.3;4.5
17;2021-03-08;1019;835;54980;30239;8.5;4.7
17;2021-03-09;1745;621;56725;30860;8.8;4.8
17;2021-03-10;2048;648;58773;31508;9.1;4.9
17;2021-03-11;3228;999;62001;32507;9.6;5.0
17;2021-03-12;3356;630;65357;33137;10.1;5.1
17;2021-03-13;1203;13;66560;33150;10.3;5.1
17;2021-03-14;33;0;66593;33150;10.3;5.1
17;2021-03-15;1243;996;67836;34146;10.5;5.3
17;2021-03-16;892;536;68728;34682;10.6;5.4
17;2021-03-17;1460;707;70188;35389;10.8;5.5
17;2021-03-18;1683;766;71871;36155;11.1;5.6
17;2021-03-19;2096;549;73967;36704;11.4;5.7
17;2021-03-20;1086;59;75053;36763;11.6;5.7
17;2021-03-21;37;43;75090;36806;11.6;5.7
17;2021-03-22;1577;693;76667;37499;11.8;5.8
17;2021-03-23;2491;584;79158;38083;12.2;5.9
17;2021-03-24;3545;860;82703;38943;12.8;6.0
17;2021-03-25;4713;650;87416;39593;13.5;6.1
17;2021-03-26;4943;478;92359;40071;14.3;6.2
17;2021-03-27;1737;69;94096;40140;14.5;6.2
17;2021-03-28;369;45;94465;40185;14.6;6.2
17;2021-03-29;2361;569;96826;40754;15.0;6.3
17;2021-03-30;2654;990;99480;41744;15.4;6.5
17;2021-03-31;3843;912;103323;42656;16.0;6.6
17;2021-04-01;4013;1170;107336;43826;16.6;6.8
17;2021-04-02;3709;841;111045;44667;17.2;6.9
17;2021-04-03;1152;187;112197;44854;17.3;6.9
17;2021-04-04;501;6;112698;44860;17.4;6.9
17;2021-04-05;445;128;113143;44988;17.5;7.0
17;2021-04-06;3479;1032;116622;46020;18.0;7.1
17;2021-04-07;4131;1159;120753;47179;18.7;7.3
17;2021-04-08;4567;1482;125320;48661;19.4;7.5
17;2021-04-09;6499;847;131819;49508;20.4;7.7
17;2021-04-10;2582;72;134401;49580;20.8;7.7
17;2021-04-11;790;18;135191;49598;20.9;7.7
17;2021-04-12;2889;1625;138080;51223;21.3;7.9
17;2021-04-13;4152;1289;142232;52512;22.0;8.1
17;2021-04-14;4419;1214;146651;53726;22.7;8.3
17;2021-04-15;4601;1140;151252;54866;23.4;8.5
17;2021-04-16;4298;1155;155550;56021;24.0;8.7
17;2021-04-17;1682;384;157232;56405;24.3;8.7
17;2021-04-18;471;81;157703;56486;24.4;8.7
17;2021-04-19;2335;2063;160038;58549;24.7;9.0
17;2021-04-20;2927;2559;162965;61108;25.2;9.4
17;2021-04-21;2974;1942;165939;63050;25.6;9.7
17;2021-04-22;3121;2366;169060;65416;26.1;10.1
17;2021-04-23;2446;2731;171506;68147;26.5;10.5
17;2021-04-24;1669;929;173175;69076;26.8;10.7
17;2021-04-25;664;246;173839;69322;26.9;10.7
17;2021-04-26;2578;2627;176417;71949;27.3;11.1
17;2021-04-27;3151;2672;179568;74621;27.8;11.5
17;2021-04-28;3102;2940;182670;77561;28.2;12.0
17;2021-04-29;4149;2867;186819;80428;28.9;12.4
17;2021-04-30;4355;2640;191174;83068;29.5;12.8
17;2021-05-01;849;543;192023;83611;29.7;12.9
17;2021-05-02;553;839;192576;84450;29.8;13.1
17;2021-05-03;2546;2963;195122;87413;30.2;13.5
17;2021-05-04;2315;3726;197437;91139;30.5;14.1
17;2021-05-05;2907;3704;200344;94843;31.0;14.7
17;2021-05-06;4120;3405;204464;98248;31.6;15.2
17;2021-05-07;4359;3633;208823;101881;32.3;15.7
17;2021-05-08;1306;753;210129;102634;32.5;15.9
17;2021-05-09;1311;706;211440;103340;32.7;16.0
17;2021-05-10;2726;3694;214166;107034;33.1;16.5
17;2021-05-11;3500;3997;217666;111031;33.6;17.2
17;2021-05-12;3529;3813;221195;114844;34.2;17.7
17;2021-05-13;2542;693;223737;115537;34.6;17.9
17;2021-05-14;3031;2394;226768;117931;35.0;18.2
17;2021-05-15;2127;662;228895;118593;35.4;18.3
17;2021-05-16;1733;318;230628;118911;35.6;18.4
17;2021-05-17;4288;1999;234916;120910;36.3;18.7
17;2021-05-18;4746;1637;239662;122547;37.0;18.9
17;2021-05-19;5071;1281;244733;123828;37.8;19.1
17;2021-05-20;4940;1947;249673;125775;38.6;19.4
17;2021-05-21;4994;1954;254667;127729;39.4;19.7
17;2021-05-22;2390;532;257057;128261;39.7;19.8
17;2021-05-23;1900;128;258957;128389;40.0;19.8
17;2021-05-24;1426;210;260383;128599;40.2;19.9
17;2021-05-25;4031;1769;264414;130368;40.9;20.1
17;2021-05-26;4368;2040;268782;132408;41.5;20.5
17;2021-05-27;5211;2139;273993;134547;42.3;20.8
17;2021-05-28;4467;3437;278460;137984;43.0;21.3
17;2021-05-29;1559;1707;280019;139691;43.3;21.6
17;2021-05-30;857;410;280876;140101;43.4;21.7
17;2021-05-31;2947;3013;283823;143114;43.9;22.1
17;2021-06-01;4295;2927;288118;146041;44.5;22.6
17;2021-06-02;4203;3175;292321;149216;45.2;23.1
17;2021-06-03;5058;3167;297379;152383;46.0;23.5
17;2021-06-04;4513;3859;301892;156242;46.7;24.1
17;2021-06-05;1991;1603;303883;157845;47.0;24.4
17;2021-06-06;852;734;304735;158579;47.1;24.5
17;2021-06-07;3138;4345;307873;162924;47.6;25.2
17;2021-06-08;3790;4496;311663;167420;48.2;25.9
17;2021-06-09;4345;3055;316008;170475;48.8;26.3
17;2021-06-10;4927;2794;320935;173269;49.6;26.8
17;2021-06-11;4794;3693;325729;176962;50.3;27.3
17;2021-06-12;1813;1405;327542;178367;50.6;27.6
17;2021-06-13;612;415;328154;178782;50.7;27.6
17;2021-06-14;2834;4538;330988;183320;51.2;28.3
17;2021-06-15;3625;4381;334613;187701;51.7;29.0
17;2021-06-16;4127;3695;338740;191396;52.3;29.6
17;2021-06-17;4367;4125;343107;195521;53.0;30.2
17;2021-06-18;4059;4441;347166;199962;53.7;30.9
17;2021-06-19;1450;1989;348616;201951;53.9;31.2
17;2021-06-20;595;1036;349211;202987;54.0;31.4
17;2021-06-21;2559;4371;351770;207358;54.4;32.0
17;2021-06-22;3532;4452;355302;211810;54.9;32.7
17;2021-06-23;3795;3996;359097;215806;55.5;33.4
17;2021-06-24;3600;3959;362697;219765;56.1;34.0
17;2021-06-25;2718;4991;365415;224756;56.5;34.7
17;2021-06-26;905;2334;366320;227090;56.6;35.1
17;2021-06-27;397;1904;366717;228994;56.7;35.4
17;2021-06-28;1523;5416;368240;234410;56.9;36.2
17;2021-06-29;1684;5892;369924;240302;57.2;37.1
17;2021-06-30;2030;5548;371954;245850;57.5;38.0
17;2021-07-01;2267;5562;374221;251412;57.8;38.9
17;2021-07-02;2485;5983;376706;257395;58.2;39.8
17;2021-07-03;627;2544;377333;259939;58.3;40.2
17;2021-07-04;155;1250;377488;261189;58.3;40.4
17;2021-07-05;1887;5176;379375;266365;58.6;41.2
17;2021-07-06;2129;5600;381504;271965;59.0;42.0
17;2021-07-07;2406;5500;383910;277465;59.3;42.9
17;2021-07-08;2915;5446;386825;282911;59.8;43.7
17;2021-07-09;2526;6078;389351;288989;60.2;44.7
17;2021-07-10;826;2471;390177;291460;60.3;45.0
17;2021-07-11;379;906;390556;292366;60.4;45.2
17;2021-07-12;2002;5617;392558;297983;60.7;46.1
17;2021-07-13;2372;6720;394930;304703;61.0;47.1
17;2021-07-14;71;71;395001;304774;61.0;47.1
17;2021-07-15;2190;6862;397191;311636;61.4;48.2
17;2021-07-16;2777;6965;399968;318601;61.8;49.2
17;2021-07-17;1051;2274;401019;320875;62.0;49.6
17;2021-07-18;312;1036;401331;321911;62.0;49.7
17;2021-07-19;2634;5908;403965;327819;62.4;50.7
17;2021-07-20;3314;6317;407279;334136;62.9;51.6
17;2021-07-21;3802;6029;411081;340165;63.5;52.6
17;2021-07-22;4248;6269;415329;346434;64.2;53.5
17;2021-07-23;3903;6566;419232;353000;64.8;54.6
17;2021-07-24;2067;1403;421299;354403;65.1;54.8
17;2021-07-25;1040;417;422339;354820;65.3;54.8
17;2021-07-26;3735;5425;426074;360245;65.8;55.7
17;2021-07-27;4728;5442;430802;365687;66.6;56.5
17;2021-07-28;5215;5177;436017;370864;67.4;57.3
17;2021-07-29;5166;5343;441183;376207;68.2;58.1
17;2021-07-30;5512;5577;446695;381784;69.0;59.0
17;2021-07-31;2116;1215;448811;382999;69.4;59.2
17;2021-08-01;1095;359;449906;383358;69.5;59.2
17;2021-08-02;4621;4393;454527;387751;70.2;59.9
17;2021-08-03;5762;4165;460289;391916;71.1;60.6
17;2021-08-04;6202;3379;466491;395295;72.1;61.1
17;2021-08-05;6389;3150;472880;398445;73.1;61.6
17;2021-08-06;5888;3601;478768;402046;74.0;62.1
17;2021-08-07;1992;869;480760;402915;74.3;62.3
17;2021-08-08;978;219;481738;403134;74.4;62.3
17;2021-08-09;3923;3696;485661;406830;75.1;62.9
17;2021-08-10;5087;3488;490748;410318;75.8;63.4
17;2021-08-11;4918;3812;495666;414130;76.6;64.0
17;2021-08-12;4896;3959;500562;418089;77.4;64.6
17;2021-08-13;4520;4142;505082;422231;78.1;65.3
17;2021-08-14;1239;1383;506321;423614;78.2;65.5
17;2021-08-15;407;376;506728;423990;78.3;65.5
17;2021-08-16;2855;4065;509583;428055;78.8;66.2
17;2021-08-17;3052;4291;512635;432346;79.2;66.8
17;2021-08-18;2622;4555;515257;436901;79.6;67.5
17;2021-08-19;2733;4372;517990;441273;80.1;68.2
17;2021-08-20;2501;5025;520491;446298;80.4;69.0
17;2021-08-21;684;1355;521175;447653;80.5;69.2
17;2021-08-22;220;457;521395;448110;80.6;69.3
17;2021-08-23;1987;4956;523382;453066;80.9;70.0
17;2021-08-24;1941;5091;525323;458157;81.2;70.8
17;2021-08-25;1660;5506;526983;463663;81.4;71.7
17;2021-08-26;1603;5761;528586;469424;81.7;72.5
17;2021-08-27;1551;5954;530137;475378;81.9;73.5
17;2021-08-28;521;1455;530658;476833;82.0;73.7
17;2021-08-29;87;575;530745;477408;82.0;73.8
17;2021-08-30;1436;5049;532181;482457;82.2;74.6
17;2021-08-31;1327;5238;533508;487695;82.4;75.4
17;2021-09-01;1196;4758;534704;492453;82.6;76.1
17;2021-09-02;1139;4144;535843;496597;82.8;76.7
17;2021-09-03;1168;4918;537011;501515;83.0;77.5
17;2021-09-04;287;917;537298;502432;83.0;77.6
17;2021-09-05;55;103;537353;502535;83.0;77.7
17;2021-09-06;729;3207;538082;505742;83.2;78.2
17;2021-09-07;718;2636;538800;508378;83.3;78.6
17;2021-09-08;823;3591;539623;511969;83.4;79.1
17;2021-09-09;818;2402;540441;514371;83.5;79.5
17;2021-09-10;801;3330;541242;517701;83.6;80.0
17;2021-09-11;304;851;541546;518552;83.7;80.1
17;2021-09-12;10;13;541556;518565;83.7;80.1
17;2021-09-13;653;1933;542209;520498;83.8;80.4
17;2021-09-14;617;1623;542826;522121;83.9;80.7
17;2021-09-15;941;2376;543767;524497;84.0;81.1
17;2021-09-16;544;1453;544311;525950;84.1;81.3
17;2021-09-17;619;1921;544930;527871;84.2;81.6
17;2021-09-18;193;582;545123;528453;84.2;81.7
17;2021-09-19;12;6;545135;528459;84.2;81.7
17;2021-09-20;430;1226;545565;529685;84.3;81.9
17;2021-09-21;324;892;545889;530577;84.4;82.0
17;2021-09-22;419;1694;546308;532271;84.4;82.3
17;2021-09-23;357;971;546665;533242;84.5;82.4
17;2021-09-24;385;1821;547050;535063;84.5;82.7
17;2021-09-25;127;472;547177;535535;84.6;82.8
17;2021-09-26;0;16;547177;535551;84.6;82.8
17;2021-09-27;437;1176;547614;536727;84.6;82.9
17;2021-09-28;275;688;547889;537415;84.7;83.1
17;2021-09-29;453;1213;548342;538628;84.7;83.2
17;2021-09-30;372;714;548714;539342;84.8;83.4
17;2021-10-01;359;741;549073;540083;84.9;83.5
17;2021-10-02;108;310;549181;540393;84.9;83.5
17;2021-10-03;4;28;549185;540421;84.9;83.5
17;2021-10-04;366;860;549551;541281;84.9;83.6
17;2021-10-05;377;579;549928;541860;85.0;83.7
17;2021-10-06;424;1131;550352;542991;85.1;83.9
17;2021-10-07;275;556;550627;543547;85.1;84.0
17;2021-10-08;417;887;551044;544434;85.2;84.1
17;2021-10-09;142;314;551186;544748;85.2;84.2
17;2021-10-10;0;22;551186;544770;85.2;84.2
18;2020-12-27;0;0;0;0;0.0;0.0
18;2020-12-28;0;0;0;0;0.0;0.0
18;2020-12-29;0;0;0;0;0.0;0.0
18;2020-12-30;1;0;1;0;0.0;0.0
18;2020-12-31;0;0;1;0;0.0;0.0
18;2021-01-01;0;0;1;0;0.0;0.0
18;2021-01-02;0;0;1;0;0.0;0.0
18;2021-01-03;0;0;1;0;0.0;0.0
18;2021-01-04;3;0;4;0;0.0;0.0
18;2021-01-05;0;0;4;0;0.0;0.0
18;2021-01-06;1;0;5;0;0.0;0.0
18;2021-01-07;30;1;35;1;0.0;0.0
18;2021-01-08;65;0;100;1;0.0;0.0
18;2021-01-09;225;1;325;2;0.1;0.0
18;2021-01-10;146;0;471;2;0.2;0.0
18;2021-01-11;169;0;640;2;0.2;0.0
18;2021-01-12;371;0;1011;2;0.3;0.0
18;2021-01-13;270;2;1281;4;0.4;0.0
18;2021-01-14;269;2;1550;6;0.5;0.0
18;2021-01-15;332;2;1882;8;0.6;0.0
18;2021-01-16;288;3;2170;11;0.7;0.0
18;2021-01-17;1;0;2171;11;0.7;0.0
18;2021-01-18;291;0;2462;11;0.8;0.0
18;2021-01-19;1373;5;3835;16;1.3;0.0
18;2021-01-20;1239;2;5074;18;1.7;0.0
18;2021-01-21;965;0;6039;18;2.0;0.0
18;2021-01-22;780;2;6819;20;2.3;0.0
18;2021-01-23;249;2;7068;22;2.4;0.0
18;2021-01-24;0;0;7068;22;2.4;0.0
18;2021-01-25;509;1;7577;23;2.6;0.0
18;2021-01-26;395;1;7972;24;2.7;0.0
18;2021-01-27;390;2;8362;26;2.8;0.0
18;2021-01-28;566;8;8928;34;3.0;0.0
18;2021-01-29;491;73;9419;107;3.2;0.0
18;2021-01-30;431;159;9850;266;3.3;0.1
18;2021-01-31;82;116;9932;382;3.4;0.1
18;2021-02-01;328;139;10260;521;3.5;0.2
18;2021-02-02;507;240;10767;761;3.6;0.3
18;2021-02-03;398;204;11165;965;3.8;0.3
18;2021-02-04;630;228;11795;1193;4.0;0.4
18;2021-02-05;448;194;12243;1387;4.1;0.5
18;2021-02-06;283;100;12526;1487;4.2;0.5
18;2021-02-07;108;1;12634;1488;4.3;0.5
18;2021-02-08;268;230;12902;1718;4.4;0.6
18;2021-02-09;583;780;13485;2498;4.5;0.8
18;2021-02-10;741;695;14226;3193;4.8;1.1
18;2021-02-11;655;451;14881;3644;5.0;1.2
18;2021-02-12;502;330;15383;3974;5.2;1.3
18;2021-02-13;286;124;15669;4098;5.3;1.4
18;2021-02-14;364;98;16033;4196;5.4;1.4
18;2021-02-15;378;394;16411;4590;5.5;1.5
18;2021-02-16;399;402;16810;4992;5.7;1.7
18;2021-02-17;403;456;17213;5448;5.8;1.8
18;2021-02-18;344;537;17557;5985;5.9;2.0
18;2021-02-19;471;305;18028;6290;6.1;2.1
18;2021-02-20;721;241;18749;6531;6.3;2.2
18;2021-02-21;317;4;19066;6535;6.4;2.2
18;2021-02-22;218;369;19284;6904;6.5;2.3
18;2021-02-23;204;350;19488;7254;6.6;2.4
18;2021-02-24;241;273;19729;7527;6.7;2.5
18;2021-02-25;294;519;20023;8046;6.8;2.7
18;2021-02-26;583;236;20606;8282;7.0;2.8
18;2021-02-27;510;388;21116;8670;7.1;2.9
18;2021-02-28;7;68;21123;8738;7.1;2.9
18;2021-03-01;237;412;21360;9150;7.2;3.1
18;2021-03-02;284;519;21644;9669;7.3;3.3
18;2021-03-03;346;586;21990;10255;7.4;3.5
18;2021-03-04;475;571;22465;10826;7.6;3.7
18;2021-03-05;524;372;22989;11198;7.8;3.8
18;2021-03-06;1071;347;24060;11545;8.1;3.9
18;2021-03-07;7;140;24067;11685;8.1;3.9
18;2021-03-08;336;363;24403;12048;8.2;4.1
18;2021-03-09;411;368;24814;12416;8.4;4.2
18;2021-03-10;422;453;25236;12869;8.5;4.3
18;2021-03-11;518;426;25754;13295;8.7;4.5
18;2021-03-12;705;305;26459;13600;8.9;4.6
18;2021-03-13;1164;252;27623;13852;9.3;4.7
18;2021-03-14;301;215;27924;14067;9.4;4.7
18;2021-03-15;492;382;28416;14449;9.6;4.9
18;2021-03-16;392;314;28808;14763;9.7;5.0
18;2021-03-17;383;414;29191;15177;9.8;5.1
18;2021-03-18;512;230;29703;15407;10.0;5.2
18;2021-03-19;755;228;30458;15635;10.3;5.3
18;2021-03-20;986;623;31444;16258;10.6;5.5
18;2021-03-21;308;308;31752;16566;10.7;5.6
18;2021-03-22;602;299;32354;16865;10.9;5.7
18;2021-03-23;707;295;33061;17160;11.2;5.8
18;2021-03-24;1052;299;34113;17459;11.5;5.9
18;2021-03-25;1049;304;35162;17763;11.9;6.0
18;2021-03-26;1208;351;36370;18114;12.3;6.1
18;2021-03-27;1488;322;37858;18436;12.8;6.2
18;2021-03-28;215;0;38073;18436;12.8;6.2
18;2021-03-29;1101;201;39174;18637;13.2;6.3
18;2021-03-30;1084;305;40258;18942;13.6;6.4
18;2021-03-31;1305;256;41563;19198;14.0;6.5
18;2021-04-01;1375;350;42938;19548;14.5;6.6
18;2021-04-02;1229;312;44167;19860;14.9;6.7
18;2021-04-03;581;181;44748;20041;15.1;6.8
18;2021-04-04;71;5;44819;20046;15.1;6.8
18;2021-04-05;199;0;45018;20046;15.2;6.8
18;2021-04-06;1027;353;46045;20399;15.5;6.9
18;2021-04-07;1322;367;47367;20766;16.0;7.0
18;2021-04-08;1692;351;49059;21117;16.6;7.1
18;2021-04-09;1833;284;50892;21401;17.2;7.2
18;2021-04-10;2632;653;53524;22054;18.1;7.4
18;2021-04-11;1986;321;55510;22375;18.7;7.5
18;2021-04-12;1401;404;56911;22779;19.2;7.7
18;2021-04-13;1785;470;58696;23249;19.8;7.8
18;2021-04-14;1378;518;60074;23767;20.3;8.0
18;2021-04-15;1532;534;61606;24301;20.8;8.2
18;2021-04-16;1614;593;63220;24894;21.3;8.4
18;2021-04-17;1599;524;64819;25418;21.9;8.6
18;2021-04-18;377;232;65196;25650;22.0;8.7
18;2021-04-19;1317;595;66513;26245;22.4;8.9
18;2021-04-20;1445;716;67958;26961;22.9;9.1
18;2021-04-21;1270;910;69228;27871;23.4;9.4
18;2021-04-22;1403;705;70631;28576;23.8;9.6
18;2021-04-23;1387;738;72018;29314;24.3;9.9
18;2021-04-24;1355;1274;73373;30588;24.8;10.3
18;2021-04-25;287;217;73660;30805;24.9;10.4
18;2021-04-26;1205;957;74865;31762;25.3;10.7
18;2021-04-27;1544;766;76409;32528;25.8;11.0
18;2021-04-28;1358;879;77767;33407;26.2;11.3
18;2021-04-29;1851;736;79618;34143;26.9;11.5
18;2021-04-30;1569;999;81187;35142;27.4;11.9
18;2021-05-01;788;212;81975;35354;27.7;11.9
18;2021-05-02;806;61;82781;35415;27.9;11.9
18;2021-05-03;1627;1015;84408;36430;28.5;12.3
18;2021-05-04;1729;1287;86137;37717;29.1;12.7
18;2021-05-05;1735;1216;87872;38933;29.6;13.1
18;2021-05-06;2162;1368;90034;40301;30.4;13.6
18;2021-05-07;1234;1404;91268;41705;30.8;14.1
18;2021-05-08;994;1470;92262;43175;31.1;14.6
18;2021-05-09;500;2261;92762;45436;31.3;15.3
18;2021-05-10;1157;1508;93919;46944;31.7;15.8
18;2021-05-11;1696;1752;95615;48696;32.3;16.4
18;2021-05-12;1806;1497;97421;50193;32.9;16.9
18;2021-05-13;1061;370;98482;50563;33.2;17.1
18;2021-05-14;1345;942;99827;51505;33.7;17.4
18;2021-05-15;1809;1164;101636;52669;34.3;17.8
18;2021-05-16;537;581;102173;53250;34.5;18.0
18;2021-05-17;1245;1091;103418;54341;34.9;18.3
18;2021-05-18;2146;933;105564;55274;35.6;18.6
18;2021-05-19;2162;920;107726;56194;36.3;19.0
18;2021-05-20;2275;983;110001;57177;37.1;19.3
18;2021-05-21;1495;765;111496;57942;37.6;19.5
18;2021-05-22;1724;1075;113220;59017;38.2;19.9
18;2021-05-23;486;336;113706;59353;38.4;20.0
18;2021-05-24;461;293;114167;59646;38.5;20.1
18;2021-05-25;1841;1061;116008;60707;39.1;20.5
18;2021-05-26;2153;846;118161;61553;39.9;20.8
18;2021-05-27;2209;1231;120370;62784;40.6;21.2
18;2021-05-28;1712;1308;122082;64092;41.2;21.6
18;2021-05-29;2621;1663;124703;65755;42.1;22.2
18;2021-05-30;1482;504;126185;66259;42.6;22.4
18;2021-05-31;1786;693;127971;66952;43.2;22.6
18;2021-06-01;2039;947;130010;67899;43.9;22.9
18;2021-06-02;2010;1018;132020;68917;44.5;23.3
18;2021-06-03;2283;1202;134303;70119;45.3;23.7
18;2021-06-04;1912;1123;136215;71242;46.0;24.0
18;2021-06-05;2800;1450;139015;72692;46.9;24.5
18;2021-06-06;364;381;139379;73073;47.0;24.7
18;2021-06-07;1294;1232;140673;74305;47.5;25.1
18;2021-06-08;1490;1394;142163;75699;48.0;25.5
18;2021-06-09;1329;1068;143492;76767;48.4;25.9
18;2021-06-10;1631;1410;145123;78177;49.0;26.4
18;2021-06-11;1496;1404;146619;79581;49.5;26.8
18;2021-06-12;1245;2510;147864;82091;49.9;27.7
18;2021-06-13;126;263;147990;82354;49.9;27.8
18;2021-06-14;656;1828;148646;84182;50.1;28.4
18;2021-06-15;1093;1823;149739;86005;50.5;29.0
18;2021-06-16;1255;1441;150994;87446;50.9;29.5
18;2021-06-17;1205;1671;152199;89117;51.3;30.1
18;2021-06-18;1290;1667;153489;90784;51.8;30.6
18;2021-06-19;1564;1251;155053;92035;52.3;31.1
18;2021-06-20;246;159;155299;92194;52.4;31.1
18;2021-06-21;665;1601;155964;93795;52.6;31.6
18;2021-06-22;1068;1645;157032;95440;53.0;32.2
18;2021-06-23;944;1642;157976;97082;53.3;32.8
18;2021-06-24;1033;1062;159009;98144;53.6;33.1
18;2021-06-25;892;1746;159901;99890;53.9;33.7
18;2021-06-26;1097;1474;160998;101364;54.3;34.2
18;2021-06-27;31;372;161029;101736;54.3;34.3
18;2021-06-28;422;1922;161451;103658;54.5;35.0
18;2021-06-29;597;2379;162048;106037;54.7;35.8
18;2021-06-30;600;2544;162648;108581;54.9;36.6
18;2021-07-01;964;2157;163612;110738;55.2;37.4
18;2021-07-02;614;1685;164226;112423;55.4;37.9
18;2021-07-03;754;2574;164980;114997;55.7;38.8
18;2021-07-04;164;1032;165144;116029;55.7;39.1
18;2021-07-05;765;1877;165909;117906;56.0;39.8
18;2021-07-06;559;2301;166468;120207;56.2;40.6
18;2021-07-07;766;2115;167234;122322;56.4;41.3
18;2021-07-08;1031;1984;168265;124306;56.8;41.9
18;2021-07-09;703;2307;168968;126613;57.0;42.7
18;2021-07-10;781;3175;169749;129788;57.3;43.8
18;2021-07-11;84;668;169833;130456;57.3;44.0
18;2021-07-12;223;2253;170056;132709;57.4;44.8
18;2021-07-13;619;2904;170675;135613;57.6;45.8
18;2021-07-14;194;937;170869;136550;57.6;46.1
18;2021-07-15;1396;2816;172265;139366;58.1;47.0
18;2021-07-16;1185;2122;173450;141488;58.5;47.7
18;2021-07-17;1130;2472;174580;143960;58.9;48.6
18;2021-07-18;228;332;174808;144292;59.0;48.7
18;2021-07-19;1055;1657;175863;145949;59.3;49.2
18;2021-07-20;1625;2269;177488;148218;59.9;50.0
18;2021-07-21;1901;2062;179389;150280;60.5;50.7
18;2021-07-22;2211;1901;181600;152181;61.3;51.3
18;2021-07-23;1395;1613;182995;153794;61.7;51.9
18;2021-07-24;891;1534;183886;155328;62.0;52.4
18;2021-07-25;192;396;184078;155724;62.1;52.5
18;2021-07-26;1397;1502;185475;157226;62.6;53.0
18;2021-07-27;1825;1538;187300;158764;63.2;53.6
18;2021-07-28;2198;1797;189498;160561;63.9;54.2
18;2021-07-29;2140;1817;191638;162378;64.7;54.8
18;2021-07-30;1585;1344;193223;163722;65.2;55.2
18;2021-07-31;1237;1281;194460;165003;65.6;55.7
18;2021-08-01;90;34;194550;165037;65.6;55.7
18;2021-08-02;1410;765;195960;165802;66.1;55.9
18;2021-08-03;1719;1630;197679;167432;66.7;56.5
18;2021-08-04;2441;1102;200120;168534;67.5;56.9
18;2021-08-05;1529;1247;201649;169781;68.0;57.3
18;2021-08-06;1582;1142;203231;170923;68.6;57.7
18;2021-08-07;609;764;203840;171687;68.8;57.9
18;2021-08-08;49;60;203889;171747;68.8;57.9
18;2021-08-09;1105;874;204994;172621;69.2;58.2
18;2021-08-10;1208;1511;206202;174132;69.6;58.7
18;2021-08-11;1608;1510;207810;175642;70.1;59.3
18;2021-08-12;1554;1594;209364;177236;70.6;59.8
18;2021-08-13;1087;1172;210451;178408;71.0;60.2
18;2021-08-14;759;603;211210;179011;71.3;60.4
18;2021-08-15;35;17;211245;179028;71.3;60.4
18;2021-08-16;830;1201;212075;180229;71.5;60.8
18;2021-08-17;979;1999;213054;182228;71.9;61.5
18;2021-08-18;1158;1961;214212;184189;72.3;62.1
18;2021-08-19;1105;1612;215317;185801;72.6;62.7
18;2021-08-20;911;1758;216228;187559;73.0;63.3
18;2021-08-21;419;705;216647;188264;73.1;63.5
18;2021-08-22;22;73;216669;188337;73.1;63.5
18;2021-08-23;487;1680;217156;190017;73.3;64.1
18;2021-08-24;903;1494;218059;191511;73.6;64.6
18;2021-08-25;840;1864;218899;193375;73.9;65.2
18;2021-08-26;772;1532;219671;194907;74.1;65.8
18;2021-08-27;575;1995;220246;196902;74.3;66.4
18;2021-08-28;501;873;220747;197775;74.5;66.7
18;2021-08-29;92;176;220839;197951;74.5;66.8
18;2021-08-30;528;1409;221367;199360;74.7;67.3
18;2021-08-31;507;1397;221874;200757;74.9;67.7
18;2021-09-01;578;1509;222452;202266;75.1;68.2
18;2021-09-02;398;1108;222850;203374;75.2;68.6
18;2021-09-03;455;1141;223305;204515;75.3;69.0
18;2021-09-04;357;735;223662;205250;75.5;69.2
18;2021-09-05;29;56;223691;205306;75.5;69.3
18;2021-09-06;279;871;223970;206177;75.6;69.6
18;2021-09-07;280;828;224250;207005;75.7;69.8
18;2021-09-08;404;1032;224654;208037;75.8;70.2
18;2021-09-09;357;987;225011;209024;75.9;70.5
18;2021-09-10;414;933;225425;209957;76.1;70.8
18;2021-09-11;262;783;225687;210740;76.1;71.1
18;2021-09-12;8;19;225695;210759;76.1;71.1
18;2021-09-13;310;704;226005;211463;76.2;71.3
18;2021-09-14;283;774;226288;212237;76.3;71.6
18;2021-09-15;321;1053;226609;213290;76.5;72.0
18;2021-09-16;471;878;227080;214168;76.6;72.3
18;2021-09-17;337;737;227417;214905;76.7;72.5
18;2021-09-18;184;618;227601;215523;76.8;72.7
18;2021-09-19;6;4;227607;215527;76.8;72.7
18;2021-09-20;156;550;227763;216077;76.8;72.9
18;2021-09-21;112;423;227875;216500;76.9;73.0
18;2021-09-22;192;870;228067;217370;76.9;73.3
18;2021-09-23;249;466;228316;217836;77.0;73.5
18;2021-09-24;141;489;228457;218325;77.1;73.7
18;2021-09-25;159;690;228616;219015;77.1;73.9
18;2021-09-26;15;89;228631;219104;77.1;73.9
18;2021-09-27;109;315;228740;219419;77.2;74.0
18;2021-09-28;70;273;228810;219692;77.2;74.1
18;2021-09-29;68;281;228878;219973;77.2;74.2
18;2021-09-30;116;280;228994;220253;77.3;74.3
18;2021-10-01;143;289;229137;220542;77.3;74.4
18;2021-10-02;62;163;229199;220705;77.3;74.5
18;2021-10-03;6;10;229205;220715;77.3;74.5
18;2021-10-04;143;457;229348;221172;77.4;74.6
18;2021-10-05;161;335;229509;221507;77.4;74.7
18;2021-10-06;134;442;229643;221949;77.5;74.9
18;2021-10-07;99;372;229742;222321;77.5;75.0
18;2021-10-08;145;520;229887;222841;77.6;75.2
18;2021-10-09;117;314;230004;223155;77.6;75.3
18;2021-10-10;4;13;230008;223168;77.6;75.3
19;2020-12-27;0;0;0;0;0.0;0.0
19;2020-12-28;0;0;0;0;0.0;0.0
19;2020-12-29;1;0;1;0;0.0;0.0
19;2020-12-30;0;0;1;0;0.0;0.0
19;2020-12-31;0;0;1;0;0.0;0.0
19;2021-01-01;0;0;1;0;0.0;0.0
19;2021-01-02;0;0;1;0;0.0;0.0
19;2021-01-03;0;0;1;0;0.0;0.0
19;2021-01-04;0;0;1;0;0.0;0.0
19;2021-01-05;0;0;1;0;0.0;0.0
19;2021-01-06;0;0;1;0;0.0;0.0
19;2021-01-07;344;2;345;2;0.1;0.0
19;2021-01-08;248;1;593;3;0.2;0.0
19;2021-01-09;1;0;594;3;0.2;0.0
19;2021-01-10;1;0;595;3;0.2;0.0
19;2021-01-11;38;0;633;3;0.3;0.0
19;2021-01-12;416;2;1049;5;0.4;0.0
19;2021-01-13;429;11;1478;16;0.6;0.0
19;2021-01-14;475;1;1953;17;0.8;0.0
19;2021-01-15;226;18;2179;35;0.9;0.0
19;2021-01-16;0;0;2179;35;0.9;0.0
19;2021-01-17;1;0;2180;35;0.9;0.0
19;2021-01-18;251;2;2431;37;1.0;0.0
19;2021-01-19;521;0;2952;37;1.2;0.0
19;2021-01-20;921;9;3873;46;1.6;0.0
19;2021-01-21;507;5;4380;51;1.8;0.0
19;2021-01-22;1318;18;5698;69;2.4;0.0
19;2021-01-23;281;0;5979;69;2.5;0.0
19;2021-01-24;38;0;6017;69;2.5;0.0
19;2021-01-25;233;0;6250;69;2.6;0.0
19;2021-01-26;608;4;6858;73;2.9;0.0
19;2021-01-27;334;5;7192;78;3.0;0.0
19;2021-01-28;297;251;7489;329;3.1;0.1
19;2021-01-29;347;61;7836;390;3.3;0.2
19;2021-01-30;130;26;7966;416;3.3;0.2
19;2021-01-31;41;1;8007;417;3.3;0.2
19;2021-02-01;158;95;8165;512;3.4;0.2
19;2021-02-02;303;429;8468;941;3.5;0.4
19;2021-02-03;285;246;8753;1187;3.6;0.5
19;2021-02-04;255;375;9008;1562;3.7;0.6
19;2021-02-05;311;76;9319;1638;3.9;0.7
19;2021-02-06;215;2;9534;1640;4.0;0.7
19;2021-02-07;48;2;9582;1642;4.0;0.7
19;2021-02-08;177;150;9759;1792;4.1;0.7
19;2021-02-09;333;274;10092;2066;4.2;0.9
19;2021-02-10;517;296;10609;2362;4.4;1.0
19;2021-02-11;414;319;11023;2681;4.6;1.1
19;2021-02-12;799;1162;11822;3843;4.9;1.6
19;2021-02-13;352;187;12174;4030;5.1;1.7
19;2021-02-14;98;13;12272;4043;5.1;1.7
19;2021-02-15;200;243;12472;4286;5.2;1.8
19;2021-02-16;386;171;12858;4457;5.4;1.9
19;2021-02-17;306;468;13164;4925;5.5;2.0
19;2021-02-18;174;507;13338;5432;5.5;2.3
19;2021-02-19;469;299;13807;5731;5.7;2.4
19;2021-02-20;133;207;13940;5938;5.8;2.5
19;2021-02-21;20;40;13960;5978;5.8;2.5
19;2021-02-22;221;211;14181;6189;5.9;2.6
19;2021-02-23;268;345;14449;6534;6.0;2.7
19;2021-02-24;361;208;14810;6742;6.2;2.8
19;2021-02-25;519;382;15329;7124;6.4;3.0
19;2021-02-26;395;318;15724;7442;6.5;3.1
19;2021-02-27;348;162;16072;7604;6.7;3.2
19;2021-02-28;68;36;16140;7640;6.7;3.2
19;2021-03-01;266;221;16406;7861;6.8;3.3
19;2021-03-02;428;258;16834;8119;7.0;3.4
19;2021-03-03;692;340;17526;8459;7.3;3.5
19;2021-03-04;826;353;18352;8812;7.6;3.7
19;2021-03-05;891;737;19243;9549;8.0;4.0
19;2021-03-06;1072;216;20315;9765;8.5;4.1
19;2021-03-07;463;38;20778;9803;8.6;4.1
19;2021-03-08;640;166;21418;9969;8.9;4.1
19;2021-03-09;836;251;22254;10220;9.3;4.3
19;2021-03-10;1155;322;23409;10542;9.7;4.4
19;2021-03-11;1274;310;24683;10852;10.3;4.5
19;2021-03-12;1136;407;25819;11259;10.7;4.7
19;2021-03-13;1110;169;26929;11428;11.2;4.8
19;2021-03-14;161;85;27090;11513;11.3;4.8
19;2021-03-15;699;137;27789;11650;11.6;4.8
19;2021-03-16;688;304;28477;11954;11.8;5.0
19;2021-03-17;839;283;29316;12237;12.2;5.1
19;2021-03-18;767;283;30083;12520;12.5;5.2
19;2021-03-19;1014;488;31097;13008;12.9;5.4
19;2021-03-20;784;132;31881;13140;13.3;5.5
19;2021-03-21;128;4;32009;13144;13.3;5.5
19;2021-03-22;548;177;32557;13321;13.5;5.5
19;2021-03-23;1045;234;33602;13555;14.0;5.6
19;2021-03-24;1172;373;34774;13928;14.5;5.8
19;2021-03-25;1189;415;35963;14343;15.0;6.0
19;2021-03-26;1325;279;37288;14622;15.5;6.1
19;2021-03-27;854;191;38142;14813;15.9;6.2
19;2021-03-28;63;60;38205;14873;15.9;6.2
19;2021-03-29;612;177;38817;15050;16.2;6.3
19;2021-03-30;971;344;39788;15394;16.6;6.4
19;2021-03-31;1157;498;40945;15892;17.0;6.6
19;2021-04-01;1491;429;42436;16321;17.7;6.8
19;2021-04-02;1007;529;43443;16850;18.1;7.0
19;2021-04-03;597;285;44040;17135;18.3;7.1
19;2021-04-04;130;3;44170;17138;18.4;7.1
19;2021-04-05;40;76;44210;17214;18.4;7.2
19;2021-04-06;734;604;44944;17818;18.7;7.4
19;2021-04-07;976;732;45920;18550;19.1;7.7
19;2021-04-08;1116;1020;47036;19570;19.6;8.1
19;2021-04-09;1641;616;48677;20186;20.3;8.4
19;2021-04-10;946;560;49623;20746;20.6;8.6
19;2021-04-11;557;74;50180;20820;20.9;8.7
19;2021-04-12;681;524;50861;21344;21.2;8.9
19;2021-04-13;915;576;51776;21920;21.5;9.1
19;2021-04-14;1333;852;53109;22772;22.1;9.5
19;2021-04-15;1229;873;54338;23645;22.6;9.8
19;2021-04-16;1506;823;55844;24468;23.2;10.2
19;2021-04-17;761;480;56605;24948;23.6;10.4
19;2021-04-18;661;72;57266;25020;23.8;10.4
19;2021-04-19;730;440;57996;25460;24.1;10.6
19;2021-04-20;979;751;58975;26211;24.5;10.9
19;2021-04-21;1271;700;60246;26911;25.1;11.2
19;2021-04-22;1188;900;61434;27811;25.6;11.6
19;2021-04-23;1127;1021;62561;28832;26.0;12.0
19;2021-04-24;678;676;63239;29508;26.3;12.3
19;2021-04-25;675;70;63914;29578;26.6;12.3
19;2021-04-26;1056;332;64970;29910;27.0;12.4
19;2021-04-27;1027;569;65997;30479;27.5;12.7
19;2021-04-28;1553;557;67550;31036;28.1;12.9
19;2021-04-29;1453;1197;69003;32233;28.7;13.4
19;2021-04-30;1876;1062;70879;33295;29.5;13.9
19;2021-05-01;671;175;71550;33470;29.8;13.9
19;2021-05-02;551;152;72101;33622;30.0;14.0
19;2021-05-03;854;547;72955;34169;30.4;14.2
19;2021-05-04;1025;709;73980;34878;30.8;14.5
19;2021-05-05;1256;741;75236;35619;31.3;14.8
19;2021-05-06;1127;1200;76363;36819;31.8;15.3
19;2021-05-07;1663;1191;78026;38010;32.5;15.8
19;2021-05-08;712;206;78738;38216;32.8;15.9
19;2021-05-09;487;547;79225;38763;33.0;16.1
19;2021-05-10;1164;671;80389;39434;33.4;16.4
19;2021-05-11;1639;858;82028;40292;34.1;16.8
19;2021-05-12;1945;1322;83973;41614;34.9;17.3
19;2021-05-13;571;242;84544;41856;35.2;17.4
19;2021-05-14;1646;987;86190;42843;35.9;17.8
19;2021-05-15;1443;592;87633;43435;36.5;18.1
19;2021-05-16;350;82;87983;43517;36.6;18.1
19;2021-05-17;1498;559;89481;44076;37.2;18.3
19;2021-05-18;1669;500;91150;44576;37.9;18.5
19;2021-05-19;2009;829;93159;45405;38.8;18.9
19;2021-05-20;1722;892;94881;46297;39.5;19.3
19;2021-05-21;1964;814;96845;47111;40.3;19.6
19;2021-05-22;1271;651;98116;47762;40.8;19.9
19;2021-05-23;324;131;98440;47893;41.0;19.9
19;2021-05-24;139;46;98579;47939;41.0;19.9
19;2021-05-25;1503;492;100082;48431;41.6;20.2
19;2021-05-26;1924;666;102006;49097;42.4;20.4
19;2021-05-27;1786;837;103792;49934;43.2;20.8
19;2021-05-28;1937;991;105729;50925;44.0;21.2
19;2021-05-29;1375;705;107104;51630;44.6;21.5
19;2021-05-30;191;497;107295;52127;44.6;21.7
19;2021-05-31;1199;537;108494;52664;45.1;21.9
19;2021-06-01;1284;886;109778;53550;45.7;22.3
19;2021-06-02;1816;958;111594;54508;46.4;22.7
19;2021-06-03;1447;1255;113041;55763;47.0;23.2
19;2021-06-04;1848;1358;114889;57121;47.8;23.8
19;2021-06-05;1210;815;116099;57936;48.3;24.1
19;2021-06-06;87;648;116186;58584;48.3;24.4
19;2021-06-07;922;934;117108;59518;48.7;24.8
19;2021-06-08;1103;906;118211;60424;49.2;25.1
19;2021-06-09;1328;1463;119539;61887;49.7;25.8
19;2021-06-10;1283;1580;120822;63467;50.3;26.4
19;2021-06-11;1306;1921;122128;65388;50.8;27.2
19;2021-06-12;1356;1317;123484;66705;51.4;27.8
19;2021-06-13;542;424;124026;67129;51.6;27.9
19;2021-06-14;736;1016;124762;68145;51.9;28.4
19;2021-06-15;979;1143;125741;69288;52.3;28.8
19;2021-06-16;1222;1363;126963;70651;52.8;29.4
19;2021-06-17;868;1788;127831;72439;53.2;30.1
19;2021-06-18;1056;2135;128887;74574;53.6;31.0
19;2021-06-19;919;1302;129806;75876;54.0;31.6
19;2021-06-20;395;327;130201;76203;54.2;31.7
19;2021-06-21;500;1074;130701;77277;54.4;32.2
19;2021-06-22;698;1490;131399;78767;54.7;32.8
19;2021-06-23;744;1989;132143;80756;55.0;33.6
19;2021-06-24;687;1663;132830;82419;55.3;34.3
19;2021-06-25;562;2216;133392;84635;55.5;35.2
19;2021-06-26;474;1741;133866;86376;55.7;35.9
19;2021-06-27;289;446;134155;86822;55.8;36.1
19;2021-06-28;315;1499;134470;88321;56.0;36.7
19;2021-06-29;353;1893;134823;90214;56.1;37.5
19;2021-06-30;796;2152;135619;92366;56.4;38.4
19;2021-07-01;361;2322;135980;94688;56.6;39.4
19;2021-07-02;798;2316;136778;97004;56.9;40.4
19;2021-07-03;513;1744;137291;98748;57.1;41.1
19;2021-07-04;1;73;137292;98821;57.1;41.1
19;2021-07-05;600;1015;137892;99836;57.4;41.5
19;2021-07-06;504;1541;138396;101377;57.6;42.2
19;2021-07-07;706;2046;139102;103423;57.9;43.0
19;2021-07-08;770;2148;139872;105571;58.2;43.9
19;2021-07-09;716;2659;140588;108230;58.5;45.0
19;2021-07-10;586;1708;141174;109938;58.7;45.7
19;2021-07-11;45;212;141219;110150;58.8;45.8
19;2021-07-12;446;1487;141665;111637;58.9;46.5
19;2021-07-13;687;1828;142352;113465;59.2;47.2
19;2021-07-14;201;272;142553;113737;59.3;47.3
19;2021-07-15;870;2050;143423;115787;59.7;48.2
19;2021-07-16;1228;2445;144651;118232;60.2;49.2
19;2021-07-17;703;1718;145354;119950;60.5;49.9
19;2021-07-18;365;672;145719;120622;60.6;50.2
19;2021-07-19;968;1401;146687;122023;61.0;50.8
19;2021-07-20;967;1676;147654;123699;61.4;51.5
19;2021-07-21;1083;1711;148737;125410;61.9;52.2
19;2021-07-22;1392;1857;150129;127267;62.5;53.0
19;2021-07-23;1784;1996;151913;129263;63.2;53.8
19;2021-07-24;908;1753;152821;131016;63.6;54.5
19;2021-07-25;164;513;152985;131529;63.7;54.7
19;2021-07-26;911;911;153896;132440;64.0;55.1
19;2021-07-27;1424;1117;155320;133557;64.6;55.6
19;2021-07-28;2045;1224;157365;134781;65.5;56.1
19;2021-07-29;1623;1204;158988;135985;66.2;56.6
19;2021-07-30;1909;1027;160897;137012;66.9;57.0
19;2021-07-31;1129;1018;162026;138030;67.4;57.4
19;2021-08-01;347;372;162373;138402;67.6;57.6
19;2021-08-02;1195;810;163568;139212;68.1;57.9
19;2021-08-03;1453;1055;165021;140267;68.7;58.4
19;2021-08-04;1983;763;167004;141030;69.5;58.7
19;2021-08-05;1630;958;168634;141988;70.2;59.1
19;2021-08-06;1962;1219;170596;143207;71.0;59.6
19;2021-08-07;1335;1001;171931;144208;71.5;60.0
19;2021-08-08;187;234;172118;144442;71.6;60.1
19;2021-08-09;1009;784;173127;145226;72.0;60.4
19;2021-08-10;1280;1014;174407;146240;72.6;60.8
19;2021-08-11;1356;1006;175763;147246;73.1;61.3
19;2021-08-12;1016;1276;176779;148522;73.6;61.8
19;2021-08-13;1181;1275;177960;149797;74.0;62.3
19;2021-08-14;979;1165;178939;150962;74.5;62.8
19;2021-08-15;30;54;178969;151016;74.5;62.8
19;2021-08-16;592;1029;179561;152045;74.7;63.3
19;2021-08-17;633;1167;180194;153212;75.0;63.7
19;2021-08-18;656;979;180850;154191;75.2;64.2
19;2021-08-19;438;1258;181288;155449;75.4;64.7
19;2021-08-20;867;1927;182155;157376;75.8;65.5
19;2021-08-21;495;1376;182650;158752;76.0;66.1
19;2021-08-22;52;93;182702;158845;76.0;66.1
19;2021-08-23;226;1158;182928;160003;76.1;66.6
19;2021-08-24;538;1317;183466;161320;76.3;67.1
19;2021-08-25;649;1557;184115;162877;76.6;67.8
19;2021-08-26;477;1463;184592;164340;76.8;68.4
19;2021-08-27;501;1689;185093;166029;77.0;69.1
19;2021-08-28;360;1277;185453;167306;77.2;69.6
19;2021-08-29;60;182;185513;167488;77.2;69.7
19;2021-08-30;224;1089;185737;168577;77.3;70.1
19;2021-08-31;326;1352;186063;169929;77.4;70.7
19;2021-09-01;365;1433;186428;171362;77.6;71.3
19;2021-09-02;346;1193;186774;172555;77.7;71.8
19;2021-09-03;412;1423;187186;173978;77.9;72.4
19;2021-09-04;302;1361;187488;175339;78.0;73.0
19;2021-09-05;32;106;187520;175445;78.0;73.0
19;2021-09-06;197;630;187717;176075;78.1;73.3
19;2021-09-07;229;755;187946;176830;78.2;73.6
19;2021-09-08;287;741;188233;177571;78.3;73.9
19;2021-09-09;253;536;188486;178107;78.4;74.1
19;2021-09-10;252;708;188738;178815;78.5;74.4
19;2021-09-11;295;1055;189033;179870;78.7;74.8
19;2021-09-12;42;70;189075;179940;78.7;74.9
19;2021-09-13;106;245;189181;180185;78.7;75.0
19;2021-09-14;170;387;189351;180572;78.8;75.1
19;2021-09-15;245;669;189596;181241;78.9;75.4
19;2021-09-16;234;411;189830;181652;79.0;75.6
19;2021-09-17;255;531;190085;182183;79.1;75.8
19;2021-09-18;183;689;190268;182872;79.2;76.1
19;2021-09-19;17;34;190285;182906;79.2;76.1
19;2021-09-20;112;205;190397;183111;79.2;76.2
19;2021-09-21;143;295;190540;183406;79.3;76.3
19;2021-09-22;152;398;190692;183804;79.3;76.5
19;2021-09-23;87;300;190779;184104;79.4;76.6
19;2021-09-24;123;360;190902;184464;79.4;76.8
19;2021-09-25;140;568;191042;185032;79.5;77.0
19;2021-09-26;14;25;191056;185057;79.5;77.0
19;2021-09-27;43;215;191099;185272;79.5;77.1
19;2021-09-28;67;202;191166;185474;79.5;77.2
19;2021-09-29;82;341;191248;185815;79.6;77.3
19;2021-09-30;104;272;191352;186087;79.6;77.4
19;2021-10-01;115;233;191467;186320;79.7;77.5
19;2021-10-02;151;340;191618;186660;79.7;77.7
19;2021-10-03;9;11;191627;186671;79.7;77.7
19;2021-10-04;56;134;191683;186805;79.8;77.7
19;2021-10-05;100;187;191783;186992;79.8;77.8
19;2021-10-06;106;248;191889;187240;79.8;77.9
19;2021-10-07;63;241;191952;187481;79.9;78.0
19;2021-10-08;80;222;192032;187703;79.9;78.1
19;2021-10-09;145;276;192177;187979;80.0;78.2
19;2021-10-10;3;10;192180;187989;80.0;78.2
21;2020-12-27;4;0;4;0;0.0;0.0
21;2020-12-28;2;0;6;0;0.0;0.0
21;2020-12-29;19;0;25;0;0.0;0.0
21;2020-12-30;22;0;47;0;0.0;0.0
21;2020-12-31;0;0;47;0;0.0;0.0
21;2021-01-01;0;0;47;0;0.0;0.0
21;2021-01-02;1;0;48;0;0.0;0.0
21;2021-01-03;1;0;49;0;0.0;0.0
21;2021-01-04;22;0;71;0;0.0;0.0
21;2021-01-05;250;2;321;2;0.1;0.0
21;2021-01-06;300;0;621;2;0.1;0.0
21;2021-01-07;389;1;1010;3;0.2;0.0
21;2021-01-08;455;2;1465;5;0.3;0.0
21;2021-01-09;252;0;1717;5;0.3;0.0
21;2021-01-10;2;1;1719;6;0.3;0.0
21;2021-01-11;624;1;2343;7;0.4;0.0
21;2021-01-12;655;0;2998;7;0.6;0.0
21;2021-01-13;706;2;3704;9;0.7;0.0
21;2021-01-14;1190;10;4894;19;0.9;0.0
21;2021-01-15;719;5;5613;24;1.1;0.0
21;2021-01-16;162;1;5775;25;1.1;0.0
21;2021-01-17;5;0;5780;25;1.1;0.0
21;2021-01-18;1318;7;7098;32;1.3;0.0
21;2021-01-19;1370;5;8468;37;1.6;0.0
21;2021-01-20;1300;49;9768;86;1.8;0.0
21;2021-01-21;1543;8;11311;94;2.1;0.0
21;2021-01-22;1246;5;12557;99;2.4;0.0
21;2021-01-23;490;1;13047;100;2.4;0.0
21;2021-01-24;124;0;13171;100;2.5;0.0
21;2021-01-25;928;20;14099;120;2.6;0.0
21;2021-01-26;1542;147;15641;267;2.9;0.1
21;2021-01-27;2061;172;17702;439;3.3;0.1
21;2021-01-28;1460;240;19162;679;3.6;0.1
21;2021-01-29;1022;212;20184;891;3.8;0.2
21;2021-01-30;470;32;20654;923;3.9;0.2
21;2021-01-31;97;3;20751;926;3.9;0.2
21;2021-02-01;453;287;21204;1213;4.0;0.2
21;2021-02-02;456;442;21660;1655;4.1;0.3
21;2021-02-03;446;284;22106;1939;4.1;0.4
21;2021-02-04;417;541;22523;2480;4.2;0.5
21;2021-02-05;489;526;23012;3006;4.3;0.6
21;2021-02-06;162;228;23174;3234;4.3;0.6
21;2021-02-07;2;2;23176;3236;4.3;0.6
21;2021-02-08;433;390;23609;3626;4.4;0.7
21;2021-02-09;515;524;24124;4150;4.5;0.8
21;2021-02-10;461;584;24585;4734;4.6;0.9
21;2021-02-11;486;750;25071;5484;4.7;1.0
21;2021-02-12;356;936;25427;6420;4.8;1.2
21;2021-02-13;365;325;25792;6745;4.8;1.3
21;2021-02-14;239;149;26031;6894;4.9;1.3
21;2021-02-15;120;1406;26151;8300;4.9;1.6
21;2021-02-16;207;1567;26358;9867;4.9;1.9
21;2021-02-17;403;1989;26761;11856;5.0;2.2
21;2021-02-18;604;1353;27365;13209;5.1;2.5
21;2021-02-19;218;1136;27583;14345;5.2;2.7
21;2021-02-20;121;425;27704;14770;5.2;2.8
21;2021-02-21;1;83;27705;14853;5.2;2.8
21;2021-02-22;84;773;27789;15626;5.2;2.9
21;2021-02-23;170;1040;27959;16666;5.2;3.1
21;2021-02-24;226;745;28185;17411;5.3;3.3
21;2021-02-25;647;831;28832;18242;5.4;3.4
21;2021-02-26;926;720;29758;18962;5.6;3.6
21;2021-02-27;532;300;30290;19262;5.7;3.6
21;2021-02-28;24;133;30314;19395;5.7;3.6
21;2021-03-01;680;630;30994;20025;5.8;3.8
21;2021-03-02;1055;556;32049;20581;6.0;3.9
21;2021-03-03;1169;449;33218;21030;6.2;3.9
21;2021-03-04;1689;522;34907;21552;6.6;4.0
21;2021-03-05;2196;668;37103;22220;7.0;4.2
21;2021-03-06;1595;202;38698;22422;7.3;4.2
21;2021-03-07;4;16;38702;22438;7.3;4.2
21;2021-03-08;772;449;39474;22887;7.4;4.3
21;2021-03-09;1572;577;41046;23464;7.7;4.4
21;2021-03-10;1627;565;42673;24029;8.0;4.5
21;2021-03-11;2197;705;44870;24734;8.4;4.6
21;2021-03-12;2904;443;47774;25177;9.0;4.7
21;2021-03-13;1932;190;49706;25367;9.3;4.8
21;2021-03-14;38;48;49744;25415;9.3;4.8
21;2021-03-15;1415;87;51159;25502;9.6;4.8
21;2021-03-16;1883;159;53042;25661;10.0;4.8
21;2021-03-17;1810;119;54852;25780;10.3;4.8
21;2021-03-18;2128;272;56980;26052;10.7;4.9
21;2021-03-19;1964;151;58944;26203;11.1;4.9
21;2021-03-20;1228;39;60172;26242;11.3;4.9
21;2021-03-21;2;0;60174;26242;11.3;4.9
21;2021-03-22;1556;93;61730;26335;11.6;4.9
21;2021-03-23;2696;109;64426;26444;12.1;5.0
21;2021-03-24;2896;165;67322;26609;12.6;5.0
21;2021-03-25;3731;249;71053;26858;13.3;5.0
21;2021-03-26;3655;207;74708;27065;14.0;5.1
21;2021-03-27;1732;62;76440;27127;14.3;5.1
21;2021-03-28;200;38;76640;27165;14.4;5.1
21;2021-03-29;1788;522;78428;27687;14.7;5.2
21;2021-03-30;2347;810;80775;28497;15.2;5.3
21;2021-03-31;2718;656;83493;29153;15.7;5.5
21;2021-04-01;2694;725;86187;29878;16.2;5.6
21;2021-04-02;2249;749;88436;30627;16.6;5.7
21;2021-04-03;1018;282;89454;30909;16.8;5.8
21;2021-04-04;2;12;89456;30921;16.8;5.8
21;2021-04-05;9;0;89465;30921;16.8;5.8
21;2021-04-06;1357;1140;90822;32061;17.0;6.0
21;2021-04-07;1750;970;92572;33031;17.4;6.2
21;2021-04-08;3217;1151;95789;34182;18.0;6.4
21;2021-04-09;3481;1190;99270;35372;18.6;6.6
21;2021-04-10;1374;749;100644;36121;18.9;6.8
21;2021-04-11;145;4;100789;36125;18.9;6.8
21;2021-04-12;1117;1348;101906;37473;19.1;7.0
21;2021-04-13;1655;1787;103561;39260;19.4;7.4
21;2021-04-14;1485;1475;105046;40735;19.7;7.6
21;2021-04-15;1899;1593;106945;42328;20.1;7.9
21;2021-04-16;2322;1316;109267;43644;20.5;8.2
21;2021-04-17;1020;977;110287;44621;20.7;8.4
21;2021-04-18;15;4;110302;44625;20.7;8.4
21;2021-04-19;1110;1323;111412;45948;20.9;8.6
21;2021-04-20;1244;1837;112656;47785;21.1;9.0
21;2021-04-21;1095;1723;113751;49508;21.3;9.3
21;2021-04-22;1275;2219;115026;51727;21.6;9.7
21;2021-04-23;1984;1732;117010;53459;22.0;10.0
21;2021-04-24;1001;874;118011;54333;22.1;10.2
21;2021-04-25;9;169;118020;54502;22.1;10.2
21;2021-04-26;1013;1598;119033;56100;22.3;10.5
21;2021-04-27;1843;1943;120876;58043;22.7;10.9
21;2021-04-28;2231;2231;123107;60274;23.1;11.3
21;2021-04-29;3135;2272;126242;62546;23.7;11.7
21;2021-04-30;3563;1866;129805;64412;24.4;12.1
21;2021-05-01;962;227;130767;64639;24.5;12.1
21;2021-05-02;2;5;130769;64644;24.5;12.1
21;2021-05-03;2081;1351;132850;65995;24.9;12.4
21;2021-05-04;2577;1651;135427;67646;25.4;12.7
21;2021-05-05;2247;1692;137674;69338;25.8;13.0
21;2021-05-06;3015;2251;140689;71589;26.4;13.4
21;2021-05-07;2805;2181;143494;73770;26.9;13.8
21;2021-05-08;1067;272;144561;74042;27.1;13.9
21;2021-05-09;26;177;144587;74219;27.1;13.9
21;2021-05-10;3169;1730;147756;75949;27.7;14.3
21;2021-05-11;4923;2006;152679;77955;28.7;14.6
21;2021-05-12;4805;1750;157484;79705;29.6;15.0
21;2021-05-13;3845;369;161329;80074;30.3;15.0
21;2021-05-14;5197;1470;166526;81544;31.2;15.3
21;2021-05-15;3428;647;169954;82191;31.9;15.4
21;2021-05-16;49;4;170003;82195;31.9;15.4
21;2021-05-17;4128;1259;174131;83454;32.7;15.7
21;2021-05-18;4359;1502;178490;84956;33.5;15.9
21;2021-05-19;3470;1128;181960;86084;34.1;16.2
21;2021-05-20;3898;1361;185858;87445;34.9;16.4
21;2021-05-21;3628;2157;189486;89602;35.6;16.8
21;2021-05-22;1669;771;191155;90373;35.9;17.0
21;2021-05-23;4;17;191159;90390;35.9;17.0
21;2021-05-24;1815;266;192974;90656;36.2;17.0
21;2021-05-25;2648;1963;195622;92619;36.7;17.4
21;2021-05-26;2604;2000;198226;94619;37.2;17.8
21;2021-05-27;4014;2099;202240;96718;38.0;18.1
21;2021-05-28;3572;2822;205812;99540;38.6;18.7
21;2021-05-29;1932;1469;207744;101009;39.0;19.0
21;2021-05-30;98;13;207842;101022;39.0;19.0
21;2021-05-31;2501;1780;210343;102802;39.5;19.3
21;2021-06-01;3449;2254;213792;105056;40.1;19.7
21;2021-06-02;2617;1762;216409;106818;40.6;20.0
21;2021-06-03;3146;2077;219555;108895;41.2;20.4
21;2021-06-04;3286;2591;222841;111486;41.8;20.9
21;2021-06-05;2922;1654;225763;113140;42.4;21.2
21;2021-06-06;51;85;225814;113225;42.4;21.2
21;2021-06-07;4314;1347;230128;114572;43.2;21.5
21;2021-06-08;4935;2146;235063;116718;44.1;21.9
21;2021-06-09;4500;1631;239563;118349;45.0;22.2
21;2021-06-10;3933;2596;243496;120945;45.7;22.7
21;2021-06-11;4164;3109;247660;124054;46.5;23.3
21;2021-06-12;2199;1608;249859;125662;46.9;23.6
21;2021-06-13;29;11;249888;125673;46.9;23.6
21;2021-06-14;2198;2565;252086;128238;47.3;24.1
21;2021-06-15;2958;3092;255044;131330;47.9;24.6
21;2021-06-16;2850;2612;257894;133942;48.4;25.1
21;2021-06-17;3422;3042;261316;136984;49.0;25.7
21;2021-06-18;2424;3802;263740;140786;49.5;26.4
21;2021-06-19;2045;1865;265785;142651;49.9;26.8
21;2021-06-20;26;13;265811;142664;49.9;26.8
21;2021-06-21;1840;3407;267651;146071;50.2;27.4
21;2021-06-22;1885;5829;269536;151900;50.6;28.5
21;2021-06-23;2030;5011;271566;156911;51.0;29.4
21;2021-06-24;2367;4666;273933;161577;51.4;30.3
21;2021-06-25;1530;5895;275463;167472;51.7;31.4
21;2021-06-26;1441;3899;276904;171371;52.0;32.2
21;2021-06-27;18;125;276922;171496;52.0;32.2
21;2021-06-28;1397;4017;278319;175513;52.2;32.9
21;2021-06-29;1633;4174;279952;179687;52.5;33.7
21;2021-06-30;1568;3372;281520;183059;52.8;34.4
21;2021-07-01;1663;4147;283183;187206;53.1;35.1
21;2021-07-02;2179;4231;285362;191437;53.6;35.9
21;2021-07-03;1096;2101;286458;193538;53.8;36.3
21;2021-07-04;37;55;286495;193593;53.8;36.3
21;2021-07-05;1611;3628;288106;197221;54.1;37.0
21;2021-07-06;1349;3583;289455;200804;54.3;37.7
21;2021-07-07;1455;3240;290910;204044;54.6;38.3
21;2021-07-08;1884;4160;292794;208204;54.9;39.1
21;2021-07-09;2081;4350;294875;212554;55.3;39.9
21;2021-07-10;1089;2546;295964;215100;55.5;40.4
21;2021-07-11;21;74;295985;215174;55.5;40.4
21;2021-07-12;1656;3727;297641;218901;55.9;41.1
21;2021-07-13;2343;4889;299984;223790;56.3;42.0
21;2021-07-14;2874;2017;302858;225807;56.8;42.4
21;2021-07-15;3814;4551;306672;230358;57.5;43.2
21;2021-07-16;3889;5254;310561;235612;58.3;44.2
21;2021-07-17;2775;4170;313336;239782;58.8;45.0
21;2021-07-18;157;82;313493;239864;58.8;45.0
21;2021-07-19;2375;4624;315868;244488;59.3;45.9
21;2021-07-20;2760;5487;318628;249975;59.8;46.9
21;2021-07-21;2908;4787;321536;254762;60.3;47.8
21;2021-07-22;3026;4721;324562;259483;60.9;48.7
21;2021-07-23;4352;4896;328914;264379;61.7;49.6
21;2021-07-24;3034;3020;331948;267399;62.3;50.2
21;2021-07-25;68;40;332016;267439;62.3;50.2
21;2021-07-26;2663;3590;334679;271029;62.8;50.9
21;2021-07-27;3412;3772;338091;274801;63.4;51.6
21;2021-07-28;3574;3354;341665;278155;64.1;52.2
21;2021-07-29;4135;3366;345800;281521;64.9;52.8
21;2021-07-30;4622;3353;350422;284874;65.8;53.5
21;2021-07-31;3427;2378;353849;287252;66.4;53.9
21;2021-08-01;331;57;354180;287309;66.5;53.9
21;2021-08-02;2540;3168;356720;290477;66.9;54.5
21;2021-08-03;2624;2761;359344;293238;67.4;55.0
21;2021-08-04;2364;2487;361708;295725;67.9;55.5
21;2021-08-05;2219;3078;363927;298803;68.3;56.1
21;2021-08-06;2591;3312;366518;302115;68.8;56.7
21;2021-08-07;1905;2660;368423;304775;69.1;57.2
21;2021-08-08;75;70;368498;304845;69.2;57.2
21;2021-08-09;1651;2930;370149;307775;69.5;57.8
21;2021-08-10;1413;2715;371562;310490;69.7;58.3
21;2021-08-11;1666;2446;373228;312936;70.0;58.7
21;2021-08-12;1176;2419;374404;315355;70.3;59.2
21;2021-08-13;1523;2747;375927;318102;70.5;59.7
21;2021-08-14;860;2435;376787;320537;70.7;60.2
21;2021-08-15;51;64;376838;320601;70.7;60.2
21;2021-08-16;1400;2823;378238;323424;71.0;60.7
21;2021-08-17;1205;2775;379443;326199;71.2;61.2
21;2021-08-18;1029;2872;380472;329071;71.4;61.8
21;2021-08-19;957;3068;381429;332139;71.6;62.3
21;2021-08-20;1064;4192;382493;336331;71.8;63.1
21;2021-08-21;844;3143;383337;339474;71.9;63.7
21;2021-08-22;35;117;383372;339591;71.9;63.7
21;2021-08-23;939;3220;384311;342811;72.1;64.3
21;2021-08-24;987;2877;385298;345688;72.3;64.9
21;2021-08-25;870;2551;386168;348239;72.5;65.3
21;2021-08-26;728;2427;386896;350666;72.6;65.8
21;2021-08-27;1035;3398;387931;354064;72.8;66.4
21;2021-08-28;711;2757;388642;356821;72.9;67.0
21;2021-08-29;48;215;388690;357036;72.9;67.0
21;2021-08-30;790;2213;389480;359249;73.1;67.4
21;2021-08-31;944;1989;390424;361238;73.3;67.8
21;2021-09-01;625;1613;391049;362851;73.4;68.1
21;2021-09-02;548;1212;391597;364063;73.5;68.3
21;2021-09-03;787;1714;392384;365777;73.6;68.6
21;2021-09-04;751;1445;393135;367222;73.8;68.9
21;2021-09-05;69;79;393204;367301;73.8;68.9
21;2021-09-06;410;1243;393614;368544;73.9;69.2
21;2021-09-07;392;1033;394006;369577;73.9;69.4
21;2021-09-08;553;1285;394559;370862;74.0;69.6
21;2021-09-09;400;933;394959;371795;74.1;69.8
21;2021-09-10;669;1390;395628;373185;74.2;70.0
21;2021-09-11;472;1300;396100;374485;74.3;70.3
21;2021-09-12;20;34;396120;374519;74.3;70.3
21;2021-09-13;253;701;396373;375220;74.4;70.4
21;2021-09-14;468;953;396841;376173;74.5;70.6
21;2021-09-15;486;905;397327;377078;74.6;70.8
21;2021-09-16;342;759;397669;377837;74.6;70.9
21;2021-09-17;553;1057;398222;378894;74.7;71.1
21;2021-09-18;327;1007;398549;379901;74.8;71.3
21;2021-09-19;5;21;398554;379922;74.8;71.3
21;2021-09-20;249;620;398803;380542;74.8;71.4
21;2021-09-21;366;664;399169;381206;74.9;71.5
21;2021-09-22;335;905;399504;382111;75.0;71.7
21;2021-09-23;273;522;399777;382633;75.0;71.8
21;2021-09-24;359;806;400136;383439;75.1;72.0
21;2021-09-25;215;866;400351;384305;75.1;72.1
21;2021-09-26;6;21;400357;384326;75.1;72.1
21;2021-09-27;242;447;400599;384773;75.2;72.2
21;2021-09-28;210;488;400809;385261;75.2;72.3
21;2021-09-29;245;535;401054;385796;75.3;72.4
21;2021-09-30;290;404;401344;386200;75.3;72.5
21;2021-10-01;361;830;401705;387030;75.4;72.6
21;2021-10-02;223;573;401928;387603;75.4;72.7
21;2021-10-03;6;22;401934;387625;75.4;72.7
21;2021-10-04;195;329;402129;387954;75.5;72.8
21;2021-10-05;152;462;402281;388416;75.5;72.9
21;2021-10-06;240;508;402521;388924;75.5;73.0
21;2021-10-07;134;330;402655;389254;75.6;73.0
21;2021-10-08;377;735;403032;389989;75.6;73.2
21;2021-10-09;249;441;403281;390430;75.7;73.3
21;2021-10-10;4;14;403285;390444;75.7;73.3
22;2020-12-27;0;0;0;0;0.0;0.0
22;2020-12-28;0;0;0;0;0.0;0.0
22;2020-12-29;0;0;0;0;0.0;0.0
22;2020-12-30;0;0;0;0;0.0;0.0
22;2020-12-31;0;0;0;0;0.0;0.0
22;2021-01-01;0;0;0;0;0.0;0.0
22;2021-01-02;2;0;2;0;0.0;0.0
22;2021-01-03;0;0;2;0;0.0;0.0
22;2021-01-04;5;0;7;0;0.0;0.0
22;2021-01-05;61;0;68;0;0.0;0.0
22;2021-01-06;114;1;182;1;0.0;0.0
22;2021-01-07;67;0;249;1;0.0;0.0
22;2021-01-08;174;0;423;1;0.1;0.0
22;2021-01-09;1;0;424;1;0.1;0.0
22;2021-01-10;0;0;424;1;0.1;0.0
22;2021-01-11;234;3;658;4;0.1;0.0
22;2021-01-12;627;0;1285;4;0.2;0.0
22;2021-01-13;677;1;1962;5;0.3;0.0
22;2021-01-14;717;8;2679;13;0.4;0.0
22;2021-01-15;529;2;3208;15;0.5;0.0
22;2021-01-16;96;0;3304;15;0.6;0.0
22;2021-01-17;1;0;3305;15;0.6;0.0
22;2021-01-18;312;2;3617;17;0.6;0.0
22;2021-01-19;686;1;4303;18;0.7;0.0
22;2021-01-20;598;1;4901;19;0.8;0.0
22;2021-01-21;947;2;5848;21;1.0;0.0
22;2021-01-22;840;2;6688;23;1.1;0.0
22;2021-01-23;219;0;6907;23;1.2;0.0
22;2021-01-24;2;0;6909;23;1.2;0.0
22;2021-01-25;751;11;7660;34;1.3;0.0
22;2021-01-26;1018;59;8678;93;1.5;0.0
22;2021-01-27;3858;118;12536;211;2.1;0.0
22;2021-01-28;4511;89;17047;300;2.9;0.1
22;2021-01-29;1898;130;18945;430;3.2;0.1
22;2021-01-30;289;0;19234;430;3.2;0.1
22;2021-01-31;3;0;19237;430;3.2;0.1
22;2021-02-01;642;81;19879;511;3.3;0.1
22;2021-02-02;903;436;20782;947;3.5;0.2
22;2021-02-03;691;503;21473;1450;3.6;0.2
22;2021-02-04;964;639;22437;2089;3.8;0.4
22;2021-02-05;723;565;23160;2654;3.9;0.4
22;2021-02-06;256;2;23416;2656;3.9;0.4
22;2021-02-07;0;0;23416;2656;3.9;0.4
22;2021-02-08;531;134;23947;2790;4.0;0.5
22;2021-02-09;614;347;24561;3137;4.1;0.5
22;2021-02-10;425;201;24986;3338;4.2;0.6
22;2021-02-11;1085;325;26071;3663;4.4;0.6
22;2021-02-12;594;329;26665;3992;4.5;0.7
22;2021-02-13;319;78;26984;4070;4.5;0.7
22;2021-02-14;0;5;26984;4075;4.5;0.7
22;2021-02-15;672;430;27656;4505;4.6;0.8
22;2021-02-16;1042;702;28698;5207;4.8;0.9
22;2021-02-17;1203;2457;29901;7664;5.0;1.3
22;2021-02-18;2147;3009;32048;10673;5.4;1.8
22;2021-02-19;1637;1947;33685;12620;5.7;2.1
22;2021-02-20;480;214;34165;12834;5.7;2.2
22;2021-02-21;7;49;34172;12883;5.7;2.2
22;2021-02-22;401;718;34573;13601;5.8;2.3
22;2021-02-23;665;934;35238;14535;5.9;2.4
22;2021-02-24;695;947;35933;15482;6.0;2.6
22;2021-02-25;1200;1202;37133;16684;6.2;2.8
22;2021-02-26;1066;710;38199;17394;6.4;2.9
22;2021-02-27;564;285;38763;17679;6.5;3.0
22;2021-02-28;16;8;38779;17687;6.5;3.0
22;2021-03-01;958;524;39737;18211;6.7;3.1
22;2021-03-02;1208;879;40945;19090;6.9;3.2
22;2021-03-03;1325;865;42270;19955;7.1;3.3
22;2021-03-04;1602;935;43872;20890;7.4;3.5
22;2021-03-05;2109;808;45981;21698;7.7;3.6
22;2021-03-06;1114;302;47095;22000;7.9;3.7
22;2021-03-07;219;1;47314;22001;7.9;3.7
22;2021-03-08;1291;662;48605;22663;8.2;3.8
22;2021-03-09;1824;756;50429;23419;8.5;3.9
22;2021-03-10;1988;1006;52417;24425;8.8;4.1
22;2021-03-11;2375;1661;54792;26086;9.2;4.4
22;2021-03-12;3101;968;57893;27054;9.7;4.5
22;2021-03-13;1721;296;59614;27350;10.0;4.6
22;2021-03-14;245;25;59859;27375;10.0;4.6
22;2021-03-15;1620;570;61479;27945;10.3;4.7
22;2021-03-16;1603;858;63082;28803;10.6;4.8
22;2021-03-17;2651;709;65733;29512;11.0;5.0
22;2021-03-18;2553;1109;68286;30621;11.5;5.1
22;2021-03-19;3281;803;71567;31424;12.0;5.3
22;2021-03-20;2208;288;73775;31712;12.4;5.3
22;2021-03-21;16;0;73791;31712;12.4;5.3
22;2021-03-22;2363;367;76154;32079;12.8;5.4
22;2021-03-23;3142;787;79296;32866;13.3;5.5
22;2021-03-24;3485;692;82781;33558;13.9;5.6
22;2021-03-25;3961;610;86742;34168;14.5;5.7
22;2021-03-26;4003;491;90745;34659;15.2;5.8
22;2021-03-27;2092;183;92837;34842;15.6;5.8
22;2021-03-28;67;1;92904;34843;15.6;5.8
22;2021-03-29;2766;914;95670;35757;16.0;6.0
22;2021-03-30;3567;1159;99237;36916;16.6;6.2
22;2021-03-31;3673;1091;102910;38007;17.3;6.4
22;2021-04-01;4943;1135;107853;39142;18.1;6.6
22;2021-04-02;4391;1042;112244;40184;18.8;6.7
22;2021-04-03;1998;404;114242;40588;19.2;6.8
22;2021-04-04;37;0;114279;40588;19.2;6.8
22;2021-04-05;15;0;114294;40588;19.2;6.8
22;2021-04-06;3288;1142;117582;41730;19.7;7.0
22;2021-04-07;3429;1376;121011;43106;20.3;7.2
22;2021-04-08;4447;1327;125458;44433;21.0;7.5
22;2021-04-09;5183;1368;130641;45801;21.9;7.7
22;2021-04-10;2447;371;133088;46172;22.3;7.7
22;2021-04-11;485;10;133573;46182;22.4;7.7
22;2021-04-12;2988;1013;136561;47195;22.9;7.9
22;2021-04-13;3318;1520;139879;48715;23.5;8.2
22;2021-04-14;3167;2493;143046;51208;24.0;8.6
22;2021-04-15;3599;2437;146645;53645;24.6;9.0
22;2021-04-16;3633;2494;150278;56139;25.2;9.4
22;2021-04-17;1920;1794;152198;57933;25.5;9.7
22;2021-04-18;17;0;152215;57933;25.5;9.7
22;2021-04-19;3021;2151;155236;60084;26.0;10.1
22;2021-04-20;3310;2799;158546;62883;26.6;10.5
22;2021-04-21;3223;2741;161769;65624;27.1;11.0
22;2021-04-22;3593;3139;165362;68763;27.7;11.5
22;2021-04-23;3727;3177;169089;71940;28.4;12.1
22;2021-04-24;2005;1967;171094;73907;28.7;12.4
22;2021-04-25;17;0;171111;73907;28.7;12.4
22;2021-04-26;3213;2858;174324;76765;29.2;12.9
22;2021-04-27;3371;3145;177695;79910;29.8;13.4
22;2021-04-28;3488;3159;181183;83069;30.4;13.9
22;2021-04-29;4080;3277;185263;86346;31.1;14.5
22;2021-04-30;3905;3229;189168;89575;31.7;15.0
22;2021-05-01;60;69;189228;89644;31.7;15.0
22;2021-05-02;1237;59;190465;89703;31.9;15.0
22;2021-05-03;2029;2714;192494;92417;32.3;15.5
22;2021-05-04;2155;2900;194649;95317;32.6;16.0
22;2021-05-05;2049;3006;196698;98323;33.0;16.5
22;2021-05-06;2508;3498;199206;101821;33.4;17.1
22;2021-05-07;2829;3408;202035;105229;33.9;17.7
22;2021-05-08;45;121;202080;105350;33.9;17.7
22;2021-05-09;602;438;202682;105788;34.0;17.7
22;2021-05-10;4473;2733;207155;108521;34.7;18.2
22;2021-05-11;5106;2903;212261;111424;35.6;18.7
22;2021-05-12;6599;1025;218860;112449;36.7;18.9
22;2021-05-13;528;35;219388;112484;36.8;18.9
22;2021-05-14;6407;1089;225795;113573;37.9;19.0
22;2021-05-15;3988;429;229783;114002;38.5;19.1
22;2021-05-16;419;37;230202;114039;38.6;19.1
22;2021-05-17;5668;521;235870;114560;39.6;19.2
22;2021-05-18;6011;955;241881;115515;40.6;19.4
22;2021-05-19;6131;711;248012;116226;41.6;19.5
22;2021-05-20;6587;1375;254599;117601;42.7;19.7
22;2021-05-21;5899;1455;260498;119056;43.7;20.0
22;2021-05-22;4093;772;264591;119828;44.4;20.1
22;2021-05-23;407;17;264998;119845;44.4;20.1
22;2021-05-24;5315;226;270313;120071;45.3;20.1
22;2021-05-25;5638;1180;275951;121251;46.3;20.3
22;2021-05-26;4226;2811;280177;124062;47.0;20.8
22;2021-05-27;4503;3840;284680;127902;47.8;21.5
22;2021-05-28;4384;4436;289064;132338;48.5;22.2
22;2021-05-29;3046;1771;292110;134109;49.0;22.5
22;2021-05-30;19;7;292129;134116;49.0;22.5
22;2021-05-31;3653;3155;295782;137271;49.6;23.0
22;2021-06-01;3520;3690;299302;140961;50.2;23.6
22;2021-06-02;3085;3387;302387;144348;50.7;24.2
22;2021-06-03;3196;4099;305583;148447;51.3;24.9
22;2021-06-04;3371;4540;308954;152987;51.8;25.7
22;2021-06-05;3543;2027;312497;155014;52.4;26.0
22;2021-06-06;214;30;312711;155044;52.5;26.0
22;2021-06-07;3042;3256;315753;158300;53.0;26.6
22;2021-06-08;2798;3530;318551;161830;53.4;27.1
22;2021-06-09;2543;3506;321094;165336;53.9;27.7
22;2021-06-10;2516;4249;323610;169585;54.3;28.4
22;2021-06-11;2551;4227;326161;173812;54.7;29.2
22;2021-06-12;2411;1454;328572;175266;55.1;29.4
22;2021-06-13;134;1093;328706;176359;55.1;29.6
22;2021-06-14;2644;2470;331350;178829;55.6;30.0
22;2021-06-15;3095;2996;334445;181825;56.1;30.5
22;2021-06-16;3008;2812;337453;184637;56.6;31.0
22;2021-06-17;2560;3182;340013;187819;57.0;31.5
22;2021-06-18;3102;4116;343115;191935;57.6;32.2
22;2021-06-19;2984;1455;346099;193390;58.1;32.4
22;2021-06-20;157;8;346256;193398;58.1;32.4
22;2021-06-21;1783;5021;348039;198419;58.4;33.3
22;2021-06-22;2403;5554;350442;203973;58.8;34.2
22;2021-06-23;1285;6203;351727;210176;59.0;35.3
22;2021-06-24;2578;3912;354305;214088;59.4;35.9
22;2021-06-25;1568;6812;355873;220900;59.7;37.1
22;2021-06-26;783;3853;356656;224753;59.8;37.7
22;2021-06-27;4;511;356660;225264;59.8;37.8
22;2021-06-28;1051;5586;357711;230850;60.0;38.7
22;2021-06-29;1375;5954;359086;236804;60.2;39.7
22;2021-06-30;1129;5738;360215;242542;60.4;40.7
22;2021-07-01;1383;6037;361598;248579;60.7;41.7
22;2021-07-02;1708;6094;363306;254673;60.9;42.7
22;2021-07-03;1009;3819;364315;258492;61.1;43.4
22;2021-07-04;149;365;364464;258857;61.1;43.4
22;2021-07-05;1598;5804;366062;264661;61.4;44.4
22;2021-07-06;2312;5992;368374;270653;61.8;45.4
22;2021-07-07;2292;4933;370666;275586;62.2;46.2
22;2021-07-08;2503;5097;373169;280683;62.6;47.1
22;2021-07-09;2496;5386;375665;286069;63.0;48.0
22;2021-07-10;1808;3359;377473;289428;63.3;48.5
22;2021-07-11;484;75;377957;289503;63.4;48.6
22;2021-07-12;2334;4733;380291;294236;63.8;49.4
22;2021-07-13;3782;5055;384073;299291;64.4;50.2
22;2021-07-14;700;2490;384773;301781;64.5;50.6
22;2021-07-15;3869;4622;388642;306403;65.2;51.4
22;2021-07-16;3835;5293;392477;311696;65.8;52.3
22;2021-07-17;2558;3411;395035;315107;66.3;52.9
22;2021-07-18;570;88;395605;315195;66.4;52.9
22;2021-07-19;2773;4104;398378;319299;66.8;53.6
22;2021-07-20;3924;4133;402302;323432;67.5;54.3
22;2021-07-21;3999;3420;406301;326852;68.2;54.8
22;2021-07-22;4861;3707;411162;330559;69.0;55.4
22;2021-07-23;4452;4220;415614;334779;69.7;56.2
22;2021-07-24;2260;2616;417874;337395;70.1;56.6
22;2021-07-25;118;150;417992;337545;70.1;56.6
22;2021-07-26;3021;3921;421013;341466;70.6;57.3
22;2021-07-27;3728;4918;424741;346384;71.2;58.1
22;2021-07-28;3705;3662;428446;350046;71.9;58.7
22;2021-07-29;4294;3779;432740;353825;72.6;59.3
22;2021-07-30;4039;3978;436779;357803;73.3;60.0
22;2021-07-31;2402;2806;439181;360609;73.7;60.5
22;2021-08-01;118;150;439299;360759;73.7;60.5
22;2021-08-02;4670;2552;443969;363311;74.5;60.9
22;2021-08-03;4787;3427;448756;366738;75.3;61.5
22;2021-08-04;5774;2499;454530;369237;76.2;61.9
22;2021-08-05;4128;3803;458658;373040;76.9;62.6
22;2021-08-06;3654;3811;462312;376851;77.5;63.2
22;2021-08-07;2355;2269;464667;379120;77.9;63.6
22;2021-08-08;427;71;465094;379191;78.0;63.6
22;2021-08-09;2722;2708;467816;381899;78.5;64.1
22;2021-08-10;2735;3513;470551;385412;78.9;64.6
22;2021-08-11;2428;3114;472979;388526;79.3;65.2
22;2021-08-12;2215;3478;475194;392004;79.7;65.8
22;2021-08-13;1937;2972;477131;394976;80.0;66.3
22;2021-08-14;1343;1911;478474;396887;80.3;66.6
22;2021-08-15;87;199;478561;397086;80.3;66.6
22;2021-08-16;1470;3177;480031;400263;80.5;67.1
22;2021-08-17;1757;3459;481788;403722;80.8;67.7
22;2021-08-18;1406;3302;483194;407024;81.0;68.3
22;2021-08-19;1350;3609;484544;410633;81.3;68.9
22;2021-08-20;1462;3605;486006;414238;81.5;69.5
22;2021-08-21;814;2261;486820;416499;81.7;69.9
22;2021-08-22;151;308;486971;416807;81.7;69.9
22;2021-08-23;1967;3609;488938;420416;82.0;70.5
22;2021-08-24;1432;3246;490370;423662;82.3;71.1
22;2021-08-25;844;2507;491214;426169;82.4;71.5
22;2021-08-26;1055;4294;492269;430463;82.6;72.2
22;2021-08-27;1326;4602;493595;435065;82.8;73.0
22;2021-08-28;737;2517;494332;437582;82.9;73.4
22;2021-08-29;35;26;494367;437608;82.9;73.4
22;2021-08-30;925;2925;495292;440533;83.1;73.9
22;2021-08-31;968;3740;496260;444273;83.2;74.5
22;2021-09-01;971;3252;497231;447525;83.4;75.1
22;2021-09-02;839;2833;498070;450358;83.5;75.5
22;2021-09-03;943;2766;499013;453124;83.7;76.0
22;2021-09-04;783;2606;499796;455730;83.8;76.4
22;2021-09-05;97;28;499893;455758;83.8;76.4
22;2021-09-06;491;1862;500384;457620;83.9;76.8
22;2021-09-07;515;2014;500899;459634;84.0;77.1
22;2021-09-08;634;1879;501533;461513;84.1;77.4
22;2021-09-09;679;1924;502212;463437;84.2;77.7
22;2021-09-10;706;2121;502918;465558;84.4;78.1
22;2021-09-11;585;1693;503503;467251;84.5;78.4
22;2021-09-12;31;81;503534;467332;84.5;78.4
22;2021-09-13;486;2097;504020;469429;84.5;78.7
22;2021-09-14;592;1572;504612;471001;84.6;79.0
22;2021-09-15;462;1703;505074;472704;84.7;79.3
22;2021-09-16;551;1042;505625;473746;84.8;79.5
22;2021-09-17;626;1630;506251;475376;84.9;79.7
22;2021-09-18;283;2161;506534;477537;85.0;80.1
22;2021-09-19;1;8;506535;477545;85.0;80.1
22;2021-09-20;362;708;506897;478253;85.0;80.2
22;2021-09-21;363;956;507260;479209;85.1;80.4
22;2021-09-22;298;1160;507558;480369;85.1;80.6
22;2021-09-23;404;720;507962;481089;85.2;80.7
22;2021-09-24;362;1099;508324;482188;85.3;80.9
22;2021-09-25;218;1386;508542;483574;85.3;81.1
22;2021-09-26;12;70;508554;483644;85.3;81.1
22;2021-09-27;333;744;508887;484388;85.4;81.2
22;2021-09-28;203;576;509090;484964;85.4;81.3
22;2021-09-29;232;887;509322;485851;85.4;81.5
22;2021-09-30;271;740;509593;486591;85.5;81.6
22;2021-10-01;278;777;509871;487368;85.5;81.7
22;2021-10-02;332;915;510203;488283;85.6;81.9
22;2021-10-03;0;0;510203;488283;85.6;81.9
22;2021-10-04;118;426;510321;488709;85.6;82.0
22;2021-10-05;218;644;510539;489353;85.6;82.1
22;2021-10-06;224;369;510763;489722;85.7;82.1
22;2021-10-07;243;688;511006;490410;85.7;82.3
22;2021-10-08;298;774;511304;491184;85.8;82.4
22;2021-10-09;239;461;511543;491645;85.8;82.5
22;2021-10-10;4;8;511547;491653;85.8;82.5
23;2020-12-27;0;0;0;0;0.0;0.0
23;2020-12-28;2;0;2;0;0.0;0.0
23;2020-12-29;0;0;2;0;0.0;0.0
23;2020-12-30;0;0;2;0;0.0;0.0
23;2020-12-31;0;0;2;0;0.0;0.0
23;2021-01-01;0;0;2;0;0.0;0.0
23;2021-01-02;1;0;3;0;0.0;0.0
23;2021-01-03;1;1;4;1;0.0;0.0
23;2021-01-04;1;0;5;1;0.0;0.0
23;2021-01-05;3;0;8;1;0.0;0.0
23;2021-01-06;10;0;18;1;0.0;0.0
23;2021-01-07;116;1;134;2;0.1;0.0
23;2021-01-08;117;0;251;2;0.2;0.0
23;2021-01-09;36;0;287;2;0.2;0.0
23;2021-01-10;1;0;288;2;0.2;0.0
23;2021-01-11;176;2;464;4;0.4;0.0
23;2021-01-12;237;6;701;10;0.6;0.0
23;2021-01-13;310;0;1011;10;0.9;0.0
23;2021-01-14;293;5;1304;15;1.1;0.0
23;2021-01-15;334;5;1638;20;1.4;0.0
23;2021-01-16;163;1;1801;21;1.5;0.0
23;2021-01-17;0;0;1801;21;1.5;0.0
23;2021-01-18;342;3;2143;24;1.8;0.0
23;2021-01-19;498;2;2641;26;2.3;0.0
23;2021-01-20;363;1;3004;27;2.6;0.0
23;2021-01-21;700;1;3704;28;3.2;0.0
23;2021-01-22;481;0;4185;28;3.6;0.0
23;2021-01-23;368;1;4553;29;3.9;0.0
23;2021-01-24;0;0;4553;29;3.9;0.0
23;2021-01-25;382;17;4935;46;4.2;0.0
23;2021-01-26;301;5;5236;51;4.5;0.0
23;2021-01-27;227;3;5463;54;4.7;0.0
23;2021-01-28;232;45;5695;99;4.9;0.1
23;2021-01-29;304;104;5999;203;5.2;0.2
23;2021-01-30;100;28;6099;231;5.2;0.2
23;2021-01-31;2;33;6101;264;5.2;0.2
23;2021-02-01;148;105;6249;369;5.4;0.3
23;2021-02-02;157;123;6406;492;5.5;0.4
23;2021-02-03;105;207;6511;699;5.6;0.6
23;2021-02-04;77;263;6588;962;5.7;0.8
23;2021-02-05;117;312;6705;1274;5.8;1.1
23;2021-02-06;14;167;6719;1441;5.8;1.2
23;2021-02-07;1;0;6720;1441;5.8;1.2
23;2021-02-08;123;216;6843;1657;5.9;1.4
23;2021-02-09;89;298;6932;1955;6.0;1.7
23;2021-02-10;92;281;7024;2236;6.0;1.9
23;2021-02-11;246;588;7270;2824;6.3;2.4
23;2021-02-12;174;284;7444;3108;6.4;2.7
23;2021-02-13;8;191;7452;3299;6.4;2.8
23;2021-02-14;8;0;7460;3299;6.4;2.8
23;2021-02-15;157;366;7617;3665;6.6;3.2
23;2021-02-16;103;439;7720;4104;6.6;3.5
23;2021-02-17;65;490;7785;4594;6.7;4.0
23;2021-02-18;142;368;7927;4962;6.8;4.3
23;2021-02-19;109;254;8036;5216;6.9;4.5
23;2021-02-20;2;93;8038;5309;6.9;4.6
23;2021-02-21;0;0;8038;5309;6.9;4.6
23;2021-02-22;104;212;8142;5521;7.0;4.7
23;2021-02-23;108;218;8250;5739;7.1;4.9
23;2021-02-24;176;168;8426;5907;7.2;5.1
23;2021-02-25;184;110;8610;6017;7.4;5.2
23;2021-02-26;287;168;8897;6185;7.7;5.3
23;2021-02-27;112;11;9009;6196;7.7;5.3
23;2021-02-28;1;31;9010;6227;7.7;5.4
23;2021-03-01;88;201;9098;6428;7.8;5.5
23;2021-03-02;229;132;9327;6560;8.0;5.6
23;2021-03-03;133;90;9460;6650;8.1;5.7
23;2021-03-04;307;138;9767;6788;8.4;5.8
23;2021-03-05;517;111;10284;6899;8.8;5.9
23;2021-03-06;495;7;10779;6906;9.3;5.9
23;2021-03-07;313;3;11092;6909;9.5;5.9
23;2021-03-08;197;73;11289;6982;9.7;6.0
23;2021-03-09;421;103;11710;7085;10.1;6.1
23;2021-03-10;349;39;12059;7124;10.4;6.1
23;2021-03-11;324;48;12383;7172;10.7;6.2
23;2021-03-12;621;35;13004;7207;11.2;6.2
23;2021-03-13;288;12;13292;7219;11.4;6.2
23;2021-03-14;47;34;13339;7253;11.5;6.2
23;2021-03-15;220;125;13559;7378;11.7;6.3
23;2021-03-16;192;91;13751;7469;11.8;6.4
23;2021-03-17;131;101;13882;7570;11.9;6.5
23;2021-03-18;192;99;14074;7669;12.1;6.6
23;2021-03-19;208;123;14282;7792;12.3;6.7
23;2021-03-20;631;37;14913;7829;12.8;6.7
23;2021-03-21;128;0;15041;7829;12.9;6.7
23;2021-03-22;274;157;15315;7986;13.2;6.9
23;2021-03-23;504;104;15819;8090;13.6;7.0
23;2021-03-24;422;124;16241;8214;14.0;7.1
23;2021-03-25;821;190;17062;8404;14.7;7.2
23;2021-03-26;735;195;17797;8599;15.3;7.4
23;2021-03-27;507;50;18304;8649;15.7;7.4
23;2021-03-28;3;9;18307;8658;15.7;7.4
23;2021-03-29;358;111;18665;8769;16.1;7.5
23;2021-03-30;537;178;19202;8947;16.5;7.7
23;2021-03-31;411;175;19613;9122;16.9;7.8
23;2021-04-01;600;175;20213;9297;17.4;8.0
23;2021-04-02;498;299;20711;9596;17.8;8.3
23;2021-04-03;715;44;21426;9640;18.4;8.3
23;2021-04-04;4;0;21430;9640;18.4;8.3
23;2021-04-05;2;3;21432;9643;18.4;8.3
23;2021-04-06;382;293;21814;9936;18.8;8.5
23;2021-04-07;706;310;22520;10246;19.4;8.8
23;2021-04-08;805;239;23325;10485;20.1;9.0
23;2021-04-09;940;370;24265;10855;20.9;9.3
23;2021-04-10;1097;111;25362;10966;21.8;9.4
23;2021-04-11;21;2;25383;10968;21.8;9.4
23;2021-04-12;692;236;26075;11204;22.4;9.6
23;2021-04-13;670;303;26745;11507;23.0;9.9
23;2021-04-14;586;178;27331;11685;23.5;10.0
23;2021-04-15;929;186;28260;11871;24.3;10.2
23;2021-04-16;905;218;29165;12089;25.1;10.4
23;2021-04-17;996;555;30161;12644;25.9;10.9
23;2021-04-18;3;136;30164;12780;25.9;11.0
23;2021-04-19;613;297;30777;13077;26.5;11.2
23;2021-04-20;720;297;31497;13374;27.1;11.5
23;2021-04-21;733;397;32230;13771;27.7;11.8
23;2021-04-22;655;474;32885;14245;28.3;12.3
23;2021-04-23;596;347;33481;14592;28.8;12.6
23;2021-04-24;855;450;34336;15042;29.5;12.9
23;2021-04-25;0;0;34336;15042;29.5;12.9
23;2021-04-26;615;255;34951;15297;30.1;13.2
23;2021-04-27;675;429;35626;15726;30.6;13.5
23;2021-04-28;628;277;36254;16003;31.2;13.8
23;2021-04-29;883;379;37137;16382;31.9;14.1
23;2021-04-30;719;787;37856;17169;32.6;14.8
23;2021-05-01;1229;44;39085;17213;33.6;14.8
23;2021-05-02;14;0;39099;17213;33.6;14.8
23;2021-05-03;430;522;39529;17735;34.0;15.3
23;2021-05-04;617;513;40146;18248;34.5;15.7
23;2021-05-05;540;714;40686;18962;35.0;16.3
23;2021-05-06;728;702;41414;19664;35.6;16.9
23;2021-05-07;685;645;42099;20309;36.2;17.5
23;2021-05-08;1411;589;43510;20898;37.4;18.0
23;2021-05-09;4;1;43514;20899;37.4;18.0
23;2021-05-10;555;656;44069;21555;37.9;18.5
23;2021-05-11;560;765;44629;22320;38.4;19.2
23;2021-05-12;720;662;45349;22982;39.0;19.8
23;2021-05-13;538;56;45887;23038;39.5;19.8
23;2021-05-14;787;458;46674;23496;40.1;20.2
23;2021-05-15;995;235;47669;23731;41.0;20.4
23;2021-05-16;0;0;47669;23731;41.0;20.4
23;2021-05-17;566;448;48235;24179;41.5;20.8
23;2021-05-18;777;292;49012;24471;42.2;21.0
23;2021-05-19;1051;259;50063;24730;43.1;21.3
23;2021-05-20;838;314;50901;25044;43.8;21.5
23;2021-05-21;1108;311;52009;25355;44.7;21.8
23;2021-05-22;740;125;52749;25480;45.4;21.9
23;2021-05-23;3;20;52752;25500;45.4;21.9
23;2021-05-24;363;166;53115;25666;45.7;22.1
23;2021-05-25;908;336;54023;26002;46.5;22.4
23;2021-05-26;1077;227;55100;26229;47.4;22.6
23;2021-05-27;931;437;56031;26666;48.2;22.9
23;2021-05-28;781;744;56812;27410;48.9;23.6
23;2021-05-29;638;1102;57450;28512;49.4;24.5
23;2021-05-30;6;63;57456;28575;49.4;24.6
23;2021-05-31;433;541;57889;29116;49.8;25.0
23;2021-06-01;582;827;58471;29943;50.3;25.8
23;2021-06-02;624;520;59095;30463;50.8;26.2
23;2021-06-03;708;552;59803;31015;51.4;26.7
23;2021-06-04;778;614;60581;31629;52.1;27.2
23;2021-06-05;543;777;61124;32406;52.6;27.9
23;2021-06-06;0;0;61124;32406;52.6;27.9
23;2021-06-07;393;697;61517;33103;52.9;28.5
23;2021-06-08;323;776;61840;33879;53.2;29.1
23;2021-06-09;287;648;62127;34527;53.4;29.7
23;2021-06-10;374;692;62501;35219;53.8;30.3
23;2021-06-11;384;808;62885;36027;54.1;31.0
23;2021-06-12;376;1265;63261;37292;54.4;32.1
23;2021-06-13;13;5;63274;37297;54.4;32.1
23;2021-06-14;235;589;63509;37886;54.6;32.6
23;2021-06-15;229;861;63738;38747;54.8;33.3
23;2021-06-16;362;579;64100;39326;55.1;33.8
23;2021-06-17;339;810;64439;40136;55.4;34.5
23;2021-06-18;356;767;64795;40903;55.7;35.2
23;2021-06-19;493;1523;65288;42426;56.2;36.5
23;2021-06-20;2;11;65290;42437;56.2;36.5
23;2021-06-21;205;620;65495;43057;56.3;37.0
23;2021-06-22;216;687;65711;43744;56.5;37.6
23;2021-06-23;221;750;65932;44494;56.7;38.3
23;2021-06-24;200;606;66132;45100;56.9;38.8
23;2021-06-25;302;816;66434;45916;57.1;39.5
23;2021-06-26;221;999;66655;46915;57.3;40.4
23;2021-06-27;3;0;66658;46915;57.3;40.4
23;2021-06-28;115;690;66773;47605;57.4;40.9
23;2021-06-29;189;823;66962;48428;57.6;41.7
23;2021-06-30;169;944;67131;49372;57.7;42.5
23;2021-07-01;168;870;67299;50242;57.9;43.2
23;2021-07-02;192;1069;67491;51311;58.0;44.1
23;2021-07-03;250;979;67741;52290;58.3;45.0
23;2021-07-04;1;0;67742;52290;58.3;45.0
23;2021-07-05;160;804;67902;53094;58.4;45.7
23;2021-07-06;215;1043;68117;54137;58.6;46.6
23;2021-07-07;211;853;68328;54990;58.8;47.3
23;2021-07-08;254;740;68582;55730;59.0;47.9
23;2021-07-09;275;1012;68857;56742;59.2;48.8
23;2021-07-10;234;644;69091;57386;59.4;49.4
23;2021-07-11;0;0;69091;57386;59.4;49.4
23;2021-07-12;232;702;69323;58088;59.6;50.0
23;2021-07-13;471;917;69794;59005;60.0;50.7
23;2021-07-14;212;320;70006;59325;60.2;51.0
23;2021-07-15;483;810;70489;60135;60.6;51.7
23;2021-07-16;764;568;71253;60703;61.3;52.2
23;2021-07-17;220;478;71473;61181;61.5;52.6
23;2021-07-18;0;1;71473;61182;61.5;52.6
23;2021-07-19;704;630;72177;61812;62.1;53.2
23;2021-07-20;633;569;72810;62381;62.6;53.7
23;2021-07-21;702;636;73512;63017;63.2;54.2
23;2021-07-22;945;439;74457;63456;64.0;54.6
23;2021-07-23;841;508;75298;63964;64.8;55.0
23;2021-07-24;1013;439;76311;64403;65.6;55.4
23;2021-07-25;13;16;76324;64419;65.6;55.4
23;2021-07-26;788;563;77112;64982;66.3;55.9
23;2021-07-27;928;436;78040;65418;67.1;56.3
23;2021-07-28;877;411;78917;65829;67.9;56.6
23;2021-07-29;1049;400;79966;66229;68.8;57.0
23;2021-07-30;947;521;80913;66750;69.6;57.4
23;2021-07-31;1165;306;82078;67056;70.6;57.7
23;2021-08-01;19;8;82097;67064;70.6;57.7
23;2021-08-02;674;506;82771;67570;71.2;58.1
23;2021-08-03;768;458;83539;68028;71.8;58.5
23;2021-08-04;613;298;84152;68326;72.4;58.8
23;2021-08-05;692;365;84844;68691;73.0;59.1
23;2021-08-06;421;482;85265;69173;73.3;59.5
23;2021-08-07;299;188;85564;69361;73.6;59.7
23;2021-08-08;146;38;85710;69399;73.7;59.7
23;2021-08-09;492;492;86202;69891;74.1;60.1
23;2021-08-10;467;608;86669;70499;74.5;60.6
23;2021-08-11;428;487;87097;70986;74.9;61.1
23;2021-08-12;514;567;87611;71553;75.4;61.5
23;2021-08-13;420;578;88031;72131;75.7;62.0
23;2021-08-14;287;390;88318;72521;76.0;62.4
23;2021-08-15;27;9;88345;72530;76.0;62.4
23;2021-08-16;276;710;88621;73240;76.2;63.0
23;2021-08-17;277;732;88898;73972;76.5;63.6
23;2021-08-18;180;637;89078;74609;76.6;64.2
23;2021-08-19;257;726;89335;75335;76.8;64.8
23;2021-08-20;215;682;89550;76017;77.0;65.4
23;2021-08-21;140;500;89690;76517;77.1;65.8
23;2021-08-22;54;48;89744;76565;77.2;65.9
23;2021-08-23;149;816;89893;77381;77.3;66.6
23;2021-08-24;265;911;90158;78292;77.5;67.3
23;2021-08-25;187;791;90345;79083;77.7;68.0
23;2021-08-26;220;744;90565;79827;77.9;68.7
23;2021-08-27;213;639;90778;80466;78.1;69.2
23;2021-08-28;221;454;90999;80920;78.3;69.6
23;2021-08-29;15;88;91014;81008;78.3;69.7
23;2021-08-30;187;651;91201;81659;78.4;70.2
23;2021-08-31;229;663;91430;82322;78.6;70.8
23;2021-09-01;160;391;91590;82713;78.8;71.1
23;2021-09-02;118;306;91708;83019;78.9;71.4
23;2021-09-03;210;508;91918;83527;79.1;71.8
23;2021-09-04;178;793;92096;84320;79.2;72.5
23;2021-09-05;5;4;92101;84324;79.2;72.5
23;2021-09-06;133;379;92234;84703;79.3;72.9
23;2021-09-07;98;343;92332;85046;79.4;73.1
23;2021-09-08;120;357;92452;85403;79.5;73.5
23;2021-09-09;117;306;92569;85709;79.6;73.7
23;2021-09-10;150;312;92719;86021;79.7;74.0
23;2021-09-11;102;202;92821;86223;79.8;74.2
23;2021-09-12;5;7;92826;86230;79.8;74.2
23;2021-09-13;112;323;92938;86553;79.9;74.4
23;2021-09-14;111;288;93049;86841;80.0;74.7
23;2021-09-15;97;242;93146;87083;80.1;74.9
23;2021-09-16;127;153;93273;87236;80.2;75.0
23;2021-09-17;140;227;93413;87463;80.3;75.2
23;2021-09-18;44;224;93457;87687;80.4;75.4
23;2021-09-19;0;1;93457;87688;80.4;75.4
23;2021-09-20;59;217;93516;87905;80.4;75.6
23;2021-09-21;85;184;93601;88089;80.5;75.8
23;2021-09-22;71;260;93672;88349;80.6;76.0
23;2021-09-23;58;133;93730;88482;80.6;76.1
23;2021-09-24;64;234;93794;88716;80.7;76.3
23;2021-09-25;27;138;93821;88854;80.7;76.4
23;2021-09-26;0;1;93821;88855;80.7;76.4
23;2021-09-27;34;159;93855;89014;80.7;76.6
23;2021-09-28;34;133;93889;89147;80.8;76.7
23;2021-09-29;64;156;93953;89303;80.8;76.8
23;2021-09-30;43;64;93996;89367;80.8;76.9
23;2021-10-01;82;178;94078;89545;80.9;77.0
23;2021-10-02;22;97;94100;89642;80.9;77.1
23;2021-10-03;1;4;94101;89646;80.9;77.1
23;2021-10-04;42;93;94143;89739;81.0;77.2
23;2021-10-05;34;83;94177;89822;81.0;77.3
23;2021-10-06;56;97;94233;89919;81.0;77.3
23;2021-10-07;62;126;94295;90045;81.1;77.4
23;2021-10-08;52;191;94347;90236;81.1;77.6
23;2021-10-09;16;44;94363;90280;81.2;77.6
23;2021-10-10;0;0;94363;90280;81.2;77.6
24;2020-12-27;1;1;1;1;0.0;0.0
24;2020-12-28;1;0;2;1;0.0;0.0
24;2020-12-29;2;0;4;1;0.0;0.0
24;2020-12-30;1;0;5;1;0.0;0.0
24;2020-12-31;1;0;6;1;0.0;0.0
24;2021-01-01;2;1;8;2;0.0;0.0
24;2021-01-02;1;0;9;2;0.0;0.0
24;2021-01-03;1;0;10;2;0.0;0.0
24;2021-01-04;1;0;11;2;0.0;0.0
24;2021-01-05;1;0;12;2;0.0;0.0
24;2021-01-06;3;0;15;2;0.0;0.0
24;2021-01-07;190;0;205;2;0.1;0.0
24;2021-01-08;282;0;487;2;0.1;0.0
24;2021-01-09;185;13;672;15;0.2;0.0
24;2021-01-10;35;0;707;15;0.2;0.0
24;2021-01-11;269;0;976;15;0.2;0.0
24;2021-01-12;280;0;1256;15;0.3;0.0
24;2021-01-13;233;1;1489;16;0.4;0.0
24;2021-01-14;1024;31;2513;47;0.6;0.0
24;2021-01-15;607;6;3120;53;0.8;0.0
24;2021-01-16;88;0;3208;53;0.8;0.0
24;2021-01-17;2;1;3210;54;0.8;0.0
24;2021-01-18;300;1;3510;55;0.9;0.0
24;2021-01-19;468;1;3978;56;1.0;0.0
24;2021-01-20;557;3;4535;59;1.1;0.0
24;2021-01-21;646;6;5181;65;1.3;0.0
24;2021-01-22;517;1;5698;66;1.4;0.0
24;2021-01-23;154;1;5852;67;1.4;0.0
24;2021-01-24;4;1;5856;68;1.4;0.0
24;2021-01-25;443;1;6299;69;1.5;0.0
24;2021-01-26;638;66;6937;135;1.7;0.0
24;2021-01-27;1267;14;8204;149;2.0;0.0
24;2021-01-28;986;131;9190;280;2.3;0.1
24;2021-01-29;933;139;10123;419;2.5;0.1
24;2021-01-30;282;1;10405;420;2.5;0.1
24;2021-01-31;0;0;10405;420;2.5;0.1
24;2021-02-01;379;170;10784;590;2.6;0.1
24;2021-02-02;616;308;11400;898;2.8;0.2
24;2021-02-03;654;491;12054;1389;3.0;0.3
24;2021-02-04;977;392;13031;1781;3.2;0.4
24;2021-02-05;689;410;13720;2191;3.4;0.5
24;2021-02-06;141;36;13861;2227;3.4;0.5
24;2021-02-07;33;1;13894;2228;3.4;0.5
24;2021-02-08;310;237;14204;2465;3.5;0.6
24;2021-02-09;454;231;14658;2696;3.6;0.7
24;2021-02-10;378;112;15036;2808;3.7;0.7
24;2021-02-11;561;515;15597;3323;3.8;0.8
24;2021-02-12;498;390;16095;3713;3.9;0.9
24;2021-02-13;202;45;16297;3758;4.0;0.9
24;2021-02-14;89;0;16386;3758;4.0;0.9
24;2021-02-15;188;241;16574;3999;4.1;1.0
24;2021-02-16;336;520;16910;4519;4.1;1.1
24;2021-02-17;586;849;17496;5368;4.3;1.3
24;2021-02-18;446;734;17942;6102;4.4;1.5
24;2021-02-19;463;679;18405;6781;4.5;1.7
24;2021-02-20;164;140;18569;6921;4.5;1.7
24;2021-02-21;112;0;18681;6921;4.6;1.7
24;2021-02-22;427;527;19108;7448;4.7;1.8
24;2021-02-23;565;683;19673;8131;4.8;2.0
24;2021-02-24;539;831;20212;8962;4.9;2.2
24;2021-02-25;727;865;20939;9827;5.1;2.4
24;2021-02-26;978;973;21917;10800;5.4;2.6
24;2021-02-27;363;265;22280;11065;5.5;2.7
24;2021-02-28;25;4;22305;11069;5.5;2.7
24;2021-03-01;291;371;22596;11440;5.5;2.8
24;2021-03-02;541;420;23137;11860;5.7;2.9
24;2021-03-03;681;343;23818;12203;5.8;3.0
24;2021-03-04;914;506;24732;12709;6.1;3.1
24;2021-03-05;1067;570;25799;13279;6.3;3.3
24;2021-03-06;1125;145;26924;13424;6.6;3.3
24;2021-03-07;232;63;27156;13487;6.6;3.3
24;2021-03-08;529;256;27685;13743;6.8;3.4
24;2021-03-09;1174;443;28859;14186;7.1;3.5
24;2021-03-10;1142;452;30001;14638;7.3;3.6
24;2021-03-11;1610;470;31611;15108;7.7;3.7
24;2021-03-12;2058;444;33669;15552;8.2;3.8
24;2021-03-13;1348;204;35017;15756;8.6;3.9
24;2021-03-14;141;93;35158;15849;8.6;3.9
24;2021-03-15;953;172;36111;16021;8.8;3.9
24;2021-03-16;1144;234;37255;16255;9.1;4.0
24;2021-03-17;1217;292;38472;16547;9.4;4.1
24;2021-03-18;1054;561;39526;17108;9.7;4.2
24;2021-03-19;1250;543;40776;17651;10.0;4.3
24;2021-03-20;1054;150;41830;17801;10.2;4.4
24;2021-03-21;25;11;41855;17812;10.2;4.4
24;2021-03-22;1224;424;43079;18236;10.5;4.5
24;2021-03-23;1878;400;44957;18636;11.0;4.6
24;2021-03-24;1892;390;46849;19026;11.5;4.7
24;2021-03-25;1992;475;48841;19501;12.0;4.8
24;2021-03-26;2374;285;51215;19786;12.5;4.8
24;2021-03-27;1349;43;52564;19829;12.9;4.9
24;2021-03-28;63;9;52627;19838;12.9;4.9
24;2021-03-29;1673;329;54300;20167;13.3;4.9
24;2021-03-30;2410;403;56710;20570;13.9;5.0
24;2021-03-31;2187;317;58897;20887;14.4;5.1
24;2021-04-01;2195;315;61092;21202;15.0;5.2
24;2021-04-02;2072;396;63164;21598;15.5;5.3
24;2021-04-03;1376;123;64540;21721;15.8;5.3
24;2021-04-04;74;1;64614;21722;15.8;5.3
24;2021-04-05;948;61;65562;21783;16.1;5.3
24;2021-04-06;2355;704;67917;22487;16.6;5.5
24;2021-04-07;2716;696;70633;23183;17.3;5.7
24;2021-04-08;3001;965;73634;24148;18.0;5.9
24;2021-04-09;3487;1012;77121;25160;18.9;6.2
24;2021-04-10;2596;315;79717;25475;19.5;6.2
24;2021-04-11;1103;22;80820;25497;19.8;6.2
24;2021-04-12;2498;817;83318;26314;20.4;6.4
24;2021-04-13;2902;1208;86220;27522;21.1;6.7
24;2021-04-14;2939;1200;89159;28722;21.8;7.0
24;2021-04-15;2790;1104;91949;29826;22.5;7.3
24;2021-04-16;3266;977;95215;30803;23.3;7.5
24;2021-04-17;2272;503;97487;31306;23.9;7.7
24;2021-04-18;424;6;97911;31312;24.0;7.7
24;2021-04-19;1598;1013;99509;32325;24.4;7.9
24;2021-04-20;2268;1437;101777;33762;24.9;8.3
24;2021-04-21;2146;1445;103923;35207;25.4;8.6
24;2021-04-22;2061;1262;105984;36469;26.0;8.9
24;2021-04-23;1960;1340;107944;37809;26.4;9.3
24;2021-04-24;863;724;108807;38533;26.6;9.4
24;2021-04-25;54;4;108861;38537;26.7;9.4
24;2021-04-26;1295;1480;110156;40017;27.0;9.8
24;2021-04-27;1848;1881;112004;41898;27.4;10.3
24;2021-04-28;1507;1957;113511;43855;27.8;10.7
24;2021-04-29;1730;1894;115241;45749;28.2;11.2
24;2021-04-30;2271;1780;117512;47529;28.8;11.6
24;2021-05-01;2059;1072;119571;48601;29.3;11.9
24;2021-05-02;1924;217;121495;48818;29.7;12.0
24;2021-05-03;1475;1837;122970;50655;30.1;12.4
24;2021-05-04;2228;2307;125198;52962;30.7;13.0
24;2021-05-05;1891;2722;127089;55684;31.1;13.6
24;2021-05-06;1890;2800;128979;58484;31.6;14.3
24;2021-05-07;2263;2795;131242;61279;32.1;15.0
24;2021-05-08;1285;1154;132527;62433;32.5;15.3
24;2021-05-09;1169;903;133696;63336;32.7;15.5
24;2021-05-10;1097;2627;134793;65963;33.0;16.2
24;2021-05-11;2037;2798;136830;68761;33.5;16.8
24;2021-05-12;1924;2258;138754;71019;34.0;17.4
24;2021-05-13;1465;1217;140219;72236;34.3;17.7
24;2021-05-14;2378;1333;142597;73569;34.9;18.0
24;2021-05-15;2048;816;144645;74385;35.4;18.2
24;2021-05-16;1171;347;145816;74732;35.7;18.3
24;2021-05-17;2240;1255;148056;75987;36.3;18.6
24;2021-05-18;2485;1820;150541;77807;36.9;19.1
24;2021-05-19;2283;1377;152824;79184;37.4;19.4
24;2021-05-20;2376;1577;155200;80761;38.0;19.8
24;2021-05-21;2434;1415;157634;82176;38.6;20.1
24;2021-05-22;1719;409;159353;82585;39.0;20.2
24;2021-05-23;950;72;160303;82657;39.3;20.2
24;2021-05-24;1518;333;161821;82990;39.6;20.3
24;2021-05-25;2297;1386;164118;84376;40.2;20.7
24;2021-05-26;2148;1320;166266;85696;40.7;21.0
24;2021-05-27;1750;2193;168016;87889;41.1;21.5
24;2021-05-28;2144;2004;170160;89893;41.7;22.0
24;2021-05-29;1153;2084;171313;91977;41.9;22.5
24;2021-05-30;1418;171;172731;92148;42.3;22.6
24;2021-05-31;1740;1365;174471;93513;42.7;22.9
24;2021-06-01;2582;1978;177053;95491;43.4;23.4
24;2021-06-02;2654;1785;179707;97276;44.0;23.8
24;2021-06-03;2289;1464;181996;98740;44.6;24.2
24;2021-06-04;2378;1899;184374;100639;45.1;24.6
24;2021-06-05;2007;1415;186381;102054;45.6;25.0
24;2021-06-06;767;222;187148;102276;45.8;25.0
24;2021-06-07;1432;1497;188580;103773;46.2;25.4
24;2021-06-08;1677;1905;190257;105678;46.6;25.9
24;2021-06-09;1322;1596;191579;107274;46.9;26.3
24;2021-06-10;1579;1914;193158;109188;47.3;26.7
24;2021-06-11;1334;2080;194492;111268;47.6;27.2
24;2021-06-12;1117;2543;195609;113811;47.9;27.9
24;2021-06-13;1238;919;196847;114730;48.2;28.1
24;2021-06-14;1166;1857;198013;116587;48.5;28.5
24;2021-06-15;1488;2993;199501;119580;48.9;29.3
24;2021-06-16;1670;2733;201171;122313;49.3;29.9
24;2021-06-17;1544;2180;202715;124493;49.6;30.5
24;2021-06-18;1400;2861;204115;127354;50.0;31.2
24;2021-06-19;1273;1522;205388;128876;50.3;31.6
24;2021-06-20;514;501;205902;129377;50.4;31.7
24;2021-06-21;932;1833;206834;131210;50.6;32.1
24;2021-06-22;1451;2592;208285;133802;51.0;32.8
24;2021-06-23;1425;2419;209710;136221;51.4;33.4
24;2021-06-24;1137;1917;210847;138138;51.6;33.8
24;2021-06-25;968;2818;211815;140956;51.9;34.5
24;2021-06-26;866;2104;212681;143060;52.1;35.0
24;2021-06-27;402;979;213083;144039;52.2;35.3
24;2021-06-28;818;2482;213901;146521;52.4;35.9
24;2021-06-29;938;2867;214839;149388;52.6;36.6
24;2021-06-30;1111;2456;215950;151844;52.9;37.2
24;2021-07-01;1131;2303;217081;154147;53.2;37.7
24;2021-07-02;1096;2745;218177;156892;53.4;38.4
24;2021-07-03;811;1903;218988;158795;53.6;38.9
24;2021-07-04;411;1013;219399;159808;53.7;39.1
24;2021-07-05;793;2316;220192;162124;53.9;39.7
24;2021-07-06;879;3354;221071;165478;54.1;40.5
24;2021-07-07;1086;3041;222157;168519;54.4;41.3
24;2021-07-08;1339;2121;223496;170640;54.7;41.8
24;2021-07-09;1177;3216;224673;173856;55.0;42.6
24;2021-07-10;481;1964;225154;175820;55.1;43.1
24;2021-07-11;587;1189;225741;177009;55.3;43.3
24;2021-07-12;907;2516;226648;179525;55.5;44.0
24;2021-07-13;1323;3219;227971;182744;55.8;44.7
24;2021-07-14;619;1189;228590;183933;56.0;45.0
24;2021-07-15;1697;2777;230287;186710;56.4;45.7
24;2021-07-16;2149;2598;232436;189308;56.9;46.4
24;2021-07-17;1528;2239;233964;191547;57.3;46.9
24;2021-07-18;709;887;234673;192434;57.5;47.1
24;2021-07-19;1580;2187;236253;194621;57.8;47.7
24;2021-07-20;2017;2440;238270;197061;58.3;48.3
24;2021-07-21;1875;2330;240145;199391;58.8;48.8
24;2021-07-22;2351;2443;242496;201834;59.4;49.4
24;2021-07-23;2303;2623;244799;204457;59.9;50.1
24;2021-07-24;1807;1545;246606;206002;60.4;50.4
24;2021-07-25;816;875;247422;206877;60.6;50.7
24;2021-07-26;1572;2015;248994;208892;61.0;51.1
24;2021-07-27;2848;2289;251842;211181;61.7;51.7
24;2021-07-28;2765;1940;254607;213121;62.3;52.2
24;2021-07-29;3063;2240;257670;215361;63.1;52.7
24;2021-07-30;2466;1920;260136;217281;63.7;53.2
24;2021-07-31;1654;1570;261790;218851;64.1;53.6
24;2021-08-01;1117;658;262907;219509;64.4;53.7
24;2021-08-02;1946;1623;264853;221132;64.9;54.1
24;2021-08-03;2887;1908;267740;223040;65.6;54.6
24;2021-08-04;3077;1631;270817;224671;66.3;55.0
24;2021-08-05;3049;1441;273866;226112;67.1;55.4
24;2021-08-06;2537;1540;276403;227652;67.7;55.7
24;2021-08-07;1792;1120;278195;228772;68.1;56.0
24;2021-08-08;1108;687;279303;229459;68.4;56.2
24;2021-08-09;1740;1383;281043;230842;68.8;56.5
24;2021-08-10;2266;1786;283309;232628;69.4;57.0
24;2021-08-11;2279;1698;285588;234326;69.9;57.4
24;2021-08-12;1916;1956;287504;236282;70.4;57.9
24;2021-08-13;1530;1625;289034;237907;70.8;58.3
24;2021-08-14;1171;1242;290205;239149;71.1;58.6
24;2021-08-15;741;583;290946;239732;71.2;58.7
24;2021-08-16;1123;1706;292069;241438;71.5;59.1
24;2021-08-17;1632;2108;293701;243546;71.9;59.6
24;2021-08-18;1562;1925;295263;245471;72.3;60.1
24;2021-08-19;1127;2635;296390;248106;72.6;60.8
24;2021-08-20;1107;2429;297497;250535;72.8;61.3
24;2021-08-21;874;1634;298371;252169;73.1;61.7
24;2021-08-22;350;1101;298721;253270;73.1;62.0
24;2021-08-23;673;2036;299394;255306;73.3;62.5
24;2021-08-24;818;2395;300212;257701;73.5;63.1
24;2021-08-25;813;2323;301025;260024;73.7;63.7
24;2021-08-26;747;2840;301772;262864;73.9;64.4
24;2021-08-27;801;2765;302573;265629;74.1;65.0
24;2021-08-28;522;1909;303095;267538;74.2;65.5
24;2021-08-29;171;1029;303266;268567;74.3;65.8
24;2021-08-30;376;1951;303642;270518;74.4;66.2
24;2021-08-31;593;2429;304235;272947;74.5;66.8
24;2021-09-01;627;2378;304862;275325;74.6;67.4
24;2021-09-02;465;1779;305327;277104;74.8;67.9
24;2021-09-03;550;2046;305877;279150;74.9;68.4
24;2021-09-04;365;1938;306242;281088;75.0;68.8
24;2021-09-05;245;931;306487;282019;75.0;69.1
24;2021-09-06;344;1465;306831;283484;75.1;69.4
24;2021-09-07;478;1646;307309;285130;75.2;69.8
24;2021-09-08;401;1760;307710;286890;75.3;70.2
24;2021-09-09;335;1102;308045;287992;75.4;70.5
24;2021-09-10;387;1583;308432;289575;75.5;70.9
24;2021-09-11;317;1609;308749;291184;75.6;71.3
24;2021-09-12;92;373;308841;291557;75.6;71.4
24;2021-09-13;294;1014;309135;292571;75.7;71.6
24;2021-09-14;430;911;309565;293482;75.8;71.9
24;2021-09-15;412;1267;309977;294749;75.9;72.2
24;2021-09-16;249;890;310226;295639;76.0;72.4
24;2021-09-17;410;1037;310636;296676;76.1;72.6
24;2021-09-18;311;1111;310947;297787;76.1;72.9
24;2021-09-19;45;347;310992;298134;76.2;73.0
24;2021-09-20;154;577;311146;298711;76.2;73.1
24;2021-09-21;381;408;311527;299119;76.3;73.2
24;2021-09-22;226;697;311753;299816;76.3;73.4
24;2021-09-23;135;389;311888;300205;76.4;73.5
24;2021-09-24;249;812;312137;301017;76.4;73.7
24;2021-09-25;215;592;312352;301609;76.5;73.9
24;2021-09-26;32;106;312384;301715;76.5;73.9
24;2021-09-27;180;494;312564;302209;76.5;74.0
24;2021-09-28;209;328;312773;302537;76.6;74.1
24;2021-09-29;227;586;313000;303123;76.6;74.2
24;2021-09-30;253;439;313253;303562;76.7;74.3
24;2021-10-01;229;487;313482;304049;76.8;74.5
24;2021-10-02;193;483;313675;304532;76.8;74.6
24;2021-10-03;17;39;313692;304571;76.8;74.6
24;2021-10-04;112;288;313804;304859;76.8;74.6
24;2021-10-05;102;341;313906;305200;76.9;74.7
24;2021-10-06;200;438;314106;305638;76.9;74.8
24;2021-10-07;104;175;314210;305813;76.9;74.9
24;2021-10-08;186;440;314396;306253;77.0;75.0
24;2021-10-09;167;470;314563;306723;77.0;75.1
24;2021-10-10;14;31;314577;306754;77.0;75.1
25;2020-12-27;0;0;0;0;0.0;0.0
25;2020-12-28;1;0;1;0;0.0;0.0
25;2020-12-29;0;0;1;0;0.0;0.0
25;2020-12-30;0;0;1;0;0.0;0.0
25;2020-12-31;3;1;4;1;0.0;0.0
25;2021-01-01;0;0;4;1;0.0;0.0
25;2021-01-02;1;0;5;1;0.0;0.0
25;2021-01-03;0;0;5;1;0.0;0.0
25;2021-01-04;1;0;6;1;0.0;0.0
25;2021-01-05;1;0;7;1;0.0;0.0
25;2021-01-06;75;1;82;2;0.0;0.0
25;2021-01-07;235;1;317;3;0.1;0.0
25;2021-01-08;345;1;662;4;0.1;0.0
25;2021-01-09;102;0;764;4;0.1;0.0
25;2021-01-10;0;0;764;4;0.1;0.0
25;2021-01-11;503;6;1267;10;0.2;0.0
25;2021-01-12;682;2;1949;12;0.4;0.0
25;2021-01-13;627;11;2576;23;0.5;0.0
25;2021-01-14;896;19;3472;42;0.6;0.0
25;2021-01-15;787;9;4259;51;0.8;0.0
25;2021-01-16;206;1;4465;52;0.8;0.0
25;2021-01-17;112;0;4577;52;0.8;0.0
25;2021-01-18;1299;6;5876;58;1.1;0.0
25;2021-01-19;1414;5;7290;63;1.4;0.0
25;2021-01-20;1421;6;8711;69;1.6;0.0
25;2021-01-21;1843;4;10554;73;2.0;0.0
25;2021-01-22;1509;8;12063;81;2.2;0.0
25;2021-01-23;499;1;12562;82;2.3;0.0
25;2021-01-24;119;0;12681;82;2.4;0.0
25;2021-01-25;990;0;13671;82;2.5;0.0
25;2021-01-26;1490;42;15161;124;2.8;0.0
25;2021-01-27;1248;70;16409;194;3.0;0.0
25;2021-01-28;1090;75;17499;269;3.2;0.0
25;2021-01-29;906;234;18405;503;3.4;0.1
25;2021-01-30;293;91;18698;594;3.5;0.1
25;2021-01-31;2;0;18700;594;3.5;0.1
25;2021-02-01;613;222;19313;816;3.6;0.2
25;2021-02-02;674;415;19987;1231;3.7;0.2
25;2021-02-03;758;248;20745;1479;3.8;0.3
25;2021-02-04;716;444;21461;1923;4.0;0.4
25;2021-02-05;521;468;21982;2391;4.1;0.4
25;2021-02-06;197;156;22179;2547;4.1;0.5
25;2021-02-07;2;34;22181;2581;4.1;0.5
25;2021-02-08;612;508;22793;3089;4.2;0.6
25;2021-02-09;615;490;23408;3579;4.3;0.7
25;2021-02-10;818;503;24226;4082;4.5;0.8
25;2021-02-11;589;850;24815;4932;4.6;0.9
25;2021-02-12;413;550;25228;5482;4.7;1.0
25;2021-02-13;98;141;25326;5623;4.7;1.0
25;2021-02-14;0;0;25326;5623;4.7;1.0
25;2021-02-15;186;1033;25512;6656;4.7;1.2
25;2021-02-16;213;1454;25725;8110;4.8;1.5
25;2021-02-17;107;1336;25832;9446;4.8;1.8
25;2021-02-18;147;1428;25979;10874;4.8;2.0
25;2021-02-19;102;1269;26081;12143;4.8;2.3
25;2021-02-20;27;491;26108;12634;4.8;2.3
25;2021-02-21;1;143;26109;12777;4.8;2.4
25;2021-02-22;83;1061;26192;13838;4.9;2.6
25;2021-02-23;195;1076;26387;14914;4.9;2.8
25;2021-02-24;104;975;26491;15889;4.9;2.9
25;2021-02-25;522;1003;27013;16892;5.0;3.1
25;2021-02-26;607;981;27620;17873;5.1;3.3
25;2021-02-27;228;374;27848;18247;5.2;3.4
25;2021-02-28;6;1;27854;18248;5.2;3.4
25;2021-03-01;443;623;28297;18871;5.2;3.5
25;2021-03-02;653;833;28950;19704;5.4;3.7
25;2021-03-03;544;736;29494;20440;5.5;3.8
25;2021-03-04;1159;663;30653;21103;5.7;3.9
25;2021-03-05;1854;399;32507;21502;6.0;4.0
25;2021-03-06;1171;227;33678;21729;6.2;4.0
25;2021-03-07;9;9;33687;21738;6.2;4.0
25;2021-03-08;548;708;34235;22446;6.3;4.2
25;2021-03-09;1040;783;35275;23229;6.5;4.3
25;2021-03-10;1150;655;36425;23884;6.8;4.4
25;2021-03-11;1659;590;38084;24474;7.1;4.5
25;2021-03-12;1996;466;40080;24940;7.4;4.6
25;2021-03-13;1121;101;41201;25041;7.6;4.6
25;2021-03-14;35;0;41236;25041;7.6;4.6
25;2021-03-15;1125;148;42361;25189;7.9;4.7
25;2021-03-16;1288;127;43649;25316;8.1;4.7
25;2021-03-17;1413;144;45062;25460;8.4;4.7
25;2021-03-18;1526;86;46588;25546;8.6;4.7
25;2021-03-19;1595;132;48183;25678;8.9;4.8
25;2021-03-20;822;42;49005;25720;9.1;4.8
25;2021-03-21;24;0;49029;25720;9.1;4.8
25;2021-03-22;1486;88;50515;25808;9.4;4.8
25;2021-03-23;2161;164;52676;25972;9.8;4.8
25;2021-03-24;2418;100;55094;26072;10.2;4.8
25;2021-03-25;2837;201;57931;26273;10.7;4.9
25;2021-03-26;3160;183;61091;26456;11.3;4.9
25;2021-03-27;1112;91;62203;26547;11.5;4.9
25;2021-03-28;121;65;62324;26612;11.6;4.9
25;2021-03-29;1790;286;64114;26898;11.9;5.0
25;2021-03-30;2214;404;66328;27302;12.3;5.1
25;2021-03-31;2220;368;68548;27670;12.7;5.1
25;2021-04-01;2451;530;70999;28200;13.2;5.2
25;2021-04-02;2026;613;73025;28813;13.5;5.3
25;2021-04-03;447;110;73472;28923;13.6;5.4
25;2021-04-04;39;21;73511;28944;13.6;5.4
25;2021-04-05;145;4;73656;28948;13.7;5.4
25;2021-04-06;1937;691;75593;29639;14.0;5.5
25;2021-04-07;1878;857;77471;30496;14.4;5.7
25;2021-04-08;2435;832;79906;31328;14.8;5.8
25;2021-04-09;2597;998;82503;32326;15.3;6.0
25;2021-04-10;978;292;83481;32618;15.5;6.0
25;2021-04-11;105;28;83586;32646;15.5;6.1
25;2021-04-12;1556;968;85142;33614;15.8;6.2
25;2021-04-13;1988;1326;87130;34940;16.2;6.5
25;2021-04-14;1750;1221;88880;36161;16.5;6.7
25;2021-04-15;1997;1329;90877;37490;16.8;6.9
25;2021-04-16;2085;1009;92962;38499;17.2;7.1
25;2021-04-17;1104;417;94066;38916;17.4;7.2
25;2021-04-18;118;18;94184;38934;17.5;7.2
25;2021-04-19;1327;1246;95511;40180;17.7;7.4
25;2021-04-20;1615;1466;97126;41646;18.0;7.7
25;2021-04-21;1717;1636;98843;43282;18.3;8.0
25;2021-04-22;1855;1713;100698;44995;18.7;8.3
25;2021-04-23;1903;1771;102601;46766;19.0;8.7
25;2021-04-24;1278;705;103879;47471;19.3;8.8
25;2021-04-25;140;114;104019;47585;19.3;8.8
25;2021-04-26;1722;1686;105741;49271;19.6;9.1
25;2021-04-27;2804;1524;108545;50795;20.1;9.4
25;2021-04-28;2425;1563;110970;52358;20.6;9.7
25;2021-04-29;2648;1836;113618;54194;21.1;10.0
25;2021-04-30;3109;1581;116727;55775;21.6;10.3
25;2021-05-01;1789;333;118516;56108;22.0;10.4
25;2021-05-02;442;22;118958;56130;22.1;10.4
25;2021-05-03;2901;848;121859;56978;22.6;10.6
25;2021-05-04;2639;1884;124498;58862;23.1;10.9
25;2021-05-05;2597;1670;127095;60532;23.6;11.2
25;2021-05-06;2927;2170;130022;62702;24.1;11.6
25;2021-05-07;3063;2129;133085;64831;24.7;12.0
25;2021-05-08;1334;230;134419;65061;24.9;12.1
25;2021-05-09;244;87;134663;65148;25.0;12.1
25;2021-05-10;3129;1639;137792;66787;25.5;12.4
25;2021-05-11;3747;2042;141539;68829;26.2;12.8
25;2021-05-12;3688;1791;145227;70620;26.9;13.1
25;2021-05-13;3523;599;148750;71219;27.6;13.2
25;2021-05-14;4482;1306;153232;72525;28.4;13.4
25;2021-05-15;3282;710;156514;73235;29.0;13.6
25;2021-05-16;723;93;157237;73328;29.1;13.6
25;2021-05-17;4089;1099;161326;74427;29.9;13.8
25;2021-05-18;5205;1194;166531;75621;30.9;14.0
25;2021-05-19;5247;1134;171778;76755;31.8;14.2
25;2021-05-20;5134;1455;176912;78210;32.8;14.5
25;2021-05-21;5764;1983;182676;80193;33.9;14.9
25;2021-05-22;3174;722;185850;80915;34.5;15.0
25;2021-05-23;781;157;186631;81072;34.6;15.0
25;2021-05-24;1529;152;188160;81224;34.9;15.1
25;2021-05-25;3513;1651;191673;82875;35.5;15.4
25;2021-05-26;3974;1561;195647;84436;36.3;15.7
25;2021-05-27;4519;1897;200166;86333;37.1;16.0
25;2021-05-28;3994;2652;204160;88985;37.8;16.5
25;2021-05-29;2016;1021;206176;90006;38.2;16.7
25;2021-05-30;174;96;206350;90102;38.3;16.7
25;2021-05-31;2672;1708;209022;91810;38.7;17.0
25;2021-06-01;2729;2157;211751;93967;39.3;17.4
25;2021-06-02;2608;2251;214359;96218;39.7;17.8
25;2021-06-03;3274;2046;217633;98264;40.3;18.2
25;2021-06-04;3209;2411;220842;100675;40.9;18.7
25;2021-06-05;1491;1403;222333;102078;41.2;18.9
25;2021-06-06;987;259;223320;102337;41.4;19.0
25;2021-06-07;2782;2575;226102;104912;41.9;19.4
25;2021-06-08;2603;2761;228705;107673;42.4;20.0
25;2021-06-09;2382;2763;231087;110436;42.8;20.5
25;2021-06-10;2325;2653;233412;113089;43.3;21.0
25;2021-06-11;2709;3305;236121;116394;43.8;21.6
25;2021-06-12;1571;1861;237692;118255;44.1;21.9
25;2021-06-13;497;257;238189;118512;44.2;22.0
25;2021-06-14;1421;3753;239610;122265;44.4;22.7
25;2021-06-15;1643;3567;241253;125832;44.7;23.3
25;2021-06-16;1954;3273;243207;129105;45.1;23.9
25;2021-06-17;1474;3323;244681;132428;45.4;24.5
25;2021-06-18;2286;4297;246967;136725;45.8;25.3
25;2021-06-19;1349;1978;248316;138703;46.0;25.7
25;2021-06-20;59;239;248375;138942;46.0;25.8
25;2021-06-21;1139;4139;249514;143081;46.3;26.5
25;2021-06-22;1151;4673;250665;147754;46.5;27.4
25;2021-06-23;1404;4072;252069;151826;46.7;28.1
25;2021-06-24;1191;4085;253260;155911;46.9;28.9
25;2021-06-25;1640;5603;254900;161514;47.3;29.9
25;2021-06-26;626;3384;255526;164898;47.4;30.6
25;2021-06-27;451;877;255977;165775;47.5;30.7
25;2021-06-28;907;4476;256884;170251;47.6;31.6
25;2021-06-29;1130;5469;258014;175720;47.8;32.6
25;2021-06-30;1311;5371;259325;181091;48.1;33.6
25;2021-07-01;1706;5230;261031;186321;48.4;34.5
25;2021-07-02;1748;5061;262779;191382;48.7;35.5
25;2021-07-03;1042;2692;263821;194074;48.9;36.0
25;2021-07-04;409;722;264230;194796;49.0;36.1
25;2021-07-05;1299;2579;265529;197375;49.2;36.6
25;2021-07-06;1568;4748;267097;202123;49.5;37.5
25;2021-07-07;1597;4501;268694;206624;49.8;38.3
25;2021-07-08;1554;3932;270248;210556;50.1;39.0
25;2021-07-09;1796;4590;272044;215146;50.4;39.9
25;2021-07-10;781;2371;272825;217517;50.6;40.3
25;2021-07-11;127;307;272952;217824;50.6;40.4
25;2021-07-12;1404;3859;274356;221683;50.9;41.1
25;2021-07-13;2470;4770;276826;226453;51.3;42.0
25;2021-07-14;379;561;277205;227014;51.4;42.1
25;2021-07-15;2403;3658;279608;230672;51.8;42.8
25;2021-07-16;3485;3834;283093;234506;52.5;43.5
25;2021-07-17;2207;2040;285300;236546;52.9;43.8
25;2021-07-18;808;1300;286108;237846;53.0;44.1
25;2021-07-19;2543;4207;288651;242053;53.5;44.9
25;2021-07-20;3384;3714;292035;245767;54.1;45.6
25;2021-07-21;3300;3369;295335;249136;54.7;46.2
25;2021-07-22;3351;2985;298686;252121;55.4;46.7
25;2021-07-23;3566;3357;302252;255478;56.0;47.4
25;2021-07-24;1413;2270;303665;257748;56.3;47.8
25;2021-07-25;679;710;304344;258458;56.4;47.9
25;2021-07-26;3056;3012;307400;261470;57.0;48.5
25;2021-07-27;3835;2127;311235;263597;57.7;48.9
25;2021-07-28;3692;2120;314927;265717;58.4;49.3
25;2021-07-29;4321;2093;319248;267810;59.2;49.6
25;2021-07-30;4291;2490;323539;270300;60.0;50.1
25;2021-07-31;1821;1469;325360;271769;60.3;50.4
25;2021-08-01;1352;201;326712;271970;60.6;50.4
25;2021-08-02;2743;2214;329455;274184;61.1;50.8
25;2021-08-03;2839;2203;332294;276387;61.6;51.2
25;2021-08-04;2941;1429;335235;277816;62.1;51.5
25;2021-08-05;2206;1732;337441;279548;62.6;51.8
25;2021-08-06;2291;2349;339732;281897;63.0;52.3
25;2021-08-07;1294;1206;341026;283103;63.2;52.5
25;2021-08-08;325;477;341351;283580;63.3;52.6
25;2021-08-09;2025;2231;343376;285811;63.7;53.0
25;2021-08-10;1975;2524;345351;288335;64.0;53.4
25;2021-08-11;1831;2033;347182;290368;64.4;53.8
25;2021-08-12;2149;2503;349331;292871;64.8;54.3
25;2021-08-13;1712;2023;351043;294894;65.1;54.7
25;2021-08-14;969;1791;352012;296685;65.3;55.0
25;2021-08-15;9;45;352021;296730;65.3;55.0
25;2021-08-16;1262;3261;353283;299991;65.5;55.6
25;2021-08-17;1458;3285;354741;303276;65.8;56.2
25;2021-08-18;1236;2804;355977;306080;66.0;56.7
25;2021-08-19;987;2867;356964;308947;66.2;57.3
25;2021-08-20;1434;3693;358398;312640;66.4;58.0
25;2021-08-21;568;1782;358966;314422;66.5;58.3
25;2021-08-22;212;1273;359178;315695;66.6;58.5
25;2021-08-23;1116;3336;360294;319031;66.8;59.1
25;2021-08-24;1071;3234;361365;322265;67.0;59.7
25;2021-08-25;1018;3061;362383;325326;67.2;60.3
25;2021-08-26;1144;3006;363527;328332;67.4;60.9
25;2021-08-27;1205;3064;364732;331396;67.6;61.4
25;2021-08-28;588;1791;365320;333187;67.7;61.8
25;2021-08-29;162;513;365482;333700;67.8;61.9
25;2021-08-30;939;2787;366421;336487;67.9;62.4
25;2021-08-31;969;2304;367390;338791;68.1;62.8
25;2021-09-01;842;2221;368232;341012;68.3;63.2
25;2021-09-02;796;1666;369028;342678;68.4;63.5
25;2021-09-03;803;1887;369831;344565;68.6;63.9
25;2021-09-04;692;1358;370523;345923;68.7;64.1
25;2021-09-05;128;183;370651;346106;68.7;64.2
25;2021-09-06;632;1344;371283;347450;68.8;64.4
25;2021-09-07;490;1104;371773;348554;68.9;64.6
25;2021-09-08;623;1606;372396;350160;69.0;64.9
25;2021-09-09;425;989;372821;351149;69.1;65.1
25;2021-09-10;847;1626;373668;352775;69.3;65.4
25;2021-09-11;375;1034;374043;353809;69.3;65.6
25;2021-09-12;111;203;374154;354012;69.4;65.6
25;2021-09-13;726;962;374880;354974;69.5;65.8
25;2021-09-14;626;855;375506;355829;69.6;66.0
25;2021-09-15;759;1480;376265;357309;69.7;66.2
25;2021-09-16;500;829;376765;358138;69.8;66.4
25;2021-09-17;746;1339;377511;359477;70.0;66.6
25;2021-09-18;319;871;377830;360348;70.0;66.8
25;2021-09-19;77;165;377907;360513;70.1;66.8
25;2021-09-20;454;742;378361;361255;70.1;67.0
25;2021-09-21;202;591;378563;361846;70.2;67.1
25;2021-09-22;450;1192;379013;363038;70.3;67.3
25;2021-09-23;252;456;379265;363494;70.3;67.4
25;2021-09-24;491;1052;379756;364546;70.4;67.6
25;2021-09-25;282;896;380038;365442;70.4;67.7
25;2021-09-26;8;5;380046;365447;70.5;67.7
25;2021-09-27;293;586;380339;366033;70.5;67.9
25;2021-09-28;209;442;380548;366475;70.5;67.9
25;2021-09-29;459;822;381007;367297;70.6;68.1
25;2021-09-30;224;363;381231;367660;70.7;68.2
25;2021-10-01;425;887;381656;368547;70.7;68.3
25;2021-10-02;276;578;381932;369125;70.8;68.4
25;2021-10-03;9;6;381941;369131;70.8;68.4
25;2021-10-04;323;728;382264;369859;70.9;68.6
25;2021-10-05;115;365;382379;370224;70.9;68.6
25;2021-10-06;410;762;382789;370986;71.0;68.8
25;2021-10-07;125;278;382914;371264;71.0;68.8
25;2021-10-08;482;894;383396;372158;71.1;69.0
25;2021-10-09;293;511;383689;372669;71.1;69.1
25;2021-10-10;6;28;383695;372697;71.1;69.1
26;2020-12-27;0;0;0;0;0.0;0.0
26;2020-12-28;0;0;0;0;0.0;0.0
26;2020-12-29;0;0;0;0;0.0;0.0
26;2020-12-30;0;0;0;0;0.0;0.0
26;2020-12-31;0;0;0;0;0.0;0.0
26;2021-01-01;1;0;1;0;0.0;0.0
26;2021-01-02;0;0;1;0;0.0;0.0
26;2021-01-03;0;0;1;0;0.0;0.0
26;2021-01-04;0;0;1;0;0.0;0.0
26;2021-01-05;0;0;1;0;0.0;0.0
26;2021-01-06;0;0;1;0;0.0;0.0
26;2021-01-07;168;0;169;0;0.0;0.0
26;2021-01-08;125;0;294;0;0.1;0.0
26;2021-01-09;2;0;296;0;0.1;0.0
26;2021-01-10;0;0;296;0;0.1;0.0
26;2021-01-11;266;2;562;2;0.1;0.0
26;2021-01-12;176;1;738;3;0.1;0.0
26;2021-01-13;418;1;1156;4;0.2;0.0
26;2021-01-14;489;2;1645;6;0.3;0.0
26;2021-01-15;563;2;2208;8;0.4;0.0
26;2021-01-16;250;1;2458;9;0.5;0.0
26;2021-01-17;0;0;2458;9;0.5;0.0
26;2021-01-18;637;1;3095;10;0.6;0.0
26;2021-01-19;786;3;3881;13;0.7;0.0
26;2021-01-20;742;0;4623;13;0.9;0.0
26;2021-01-21;807;5;5430;18;1.0;0.0
26;2021-01-22;787;5;6217;23;1.2;0.0
26;2021-01-23;563;3;6780;26;1.3;0.0
26;2021-01-24;24;0;6804;26;1.3;0.0
26;2021-01-25;696;2;7500;28;1.4;0.0
26;2021-01-26;800;4;8300;32;1.6;0.0
26;2021-01-27;823;9;9123;41;1.8;0.0
26;2021-01-28;1332;169;10455;210;2.0;0.0
26;2021-01-29;971;67;11426;277;2.2;0.1
26;2021-01-30;606;5;12032;282;2.3;0.1
26;2021-01-31;24;0;12056;282;2.3;0.1
26;2021-02-01;708;189;12764;471;2.5;0.1
26;2021-02-02;1276;216;14040;687;2.7;0.1
26;2021-02-03;1265;282;15305;969;2.9;0.2
26;2021-02-04;985;459;16290;1428;3.1;0.3
26;2021-02-05;674;336;16964;1764;3.3;0.3
26;2021-02-06;407;238;17371;2002;3.3;0.4
26;2021-02-07;57;2;17428;2004;3.3;0.4
26;2021-02-08;545;416;17973;2420;3.5;0.5
26;2021-02-09;617;475;18590;2895;3.6;0.6
26;2021-02-10;665;341;19255;3236;3.7;0.6
26;2021-02-11;753;328;20008;3564;3.8;0.7
26;2021-02-12;591;447;20599;4011;4.0;0.8
26;2021-02-13;388;332;20987;4343;4.0;0.8
26;2021-02-14;36;0;21023;4343;4.0;0.8
26;2021-02-15;414;526;21437;4869;4.1;0.9
26;2021-02-16;294;550;21731;5419;4.2;1.0
26;2021-02-17;194;737;21925;6156;4.2;1.2
26;2021-02-18;337;890;22262;7046;4.3;1.4
26;2021-02-19;341;803;22603;7849;4.3;1.5
26;2021-02-20;95;487;22698;8336;4.4;1.6
26;2021-02-21;3;24;22701;8360;4.4;1.6
26;2021-02-22;144;707;22845;9067;4.4;1.7
26;2021-02-23;398;1002;23243;10069;4.5;1.9
26;2021-02-24;346;1225;23589;11294;4.5;2.2
26;2021-02-25;746;1073;24335;12367;4.7;2.4
26;2021-02-26;925;642;25260;13009;4.9;2.5
26;2021-02-27;278;508;25538;13517;4.9;2.6
26;2021-02-28;3;30;25541;13547;4.9;2.6
26;2021-03-01;459;661;26000;14208;5.0;2.7
26;2021-03-02;742;634;26742;14842;5.1;2.9
26;2021-03-03;731;683;27473;15525;5.3;3.0
26;2021-03-04;1045;584;28518;16109;5.5;3.1
26;2021-03-05;1710;533;30228;16642;5.8;3.2
26;2021-03-06;2773;505;33001;17147;6.3;3.3
26;2021-03-07;2989;226;35990;17373;6.9;3.3
26;2021-03-08;908;652;36898;18025;7.1;3.5
26;2021-03-09;1325;558;38223;18583;7.3;3.6
26;2021-03-10;1218;514;39441;19097;7.6;3.7
26;2021-03-11;1610;655;41051;19752;7.9;3.8
26;2021-03-12;2216;488;43267;20240;8.3;3.9
26;2021-03-13;1886;347;45153;20587;8.7;4.0
26;2021-03-14;69;39;45222;20626;8.7;4.0
26;2021-03-15;1653;252;46875;20878;9.0;4.0
26;2021-03-16;1232;520;48107;21398;9.2;4.1
26;2021-03-17;1369;306;49476;21704;9.5;4.2
26;2021-03-18;1587;285;51063;21989;9.8;4.2
26;2021-03-19;2444;354;53507;22343;10.3;4.3
26;2021-03-20;1290;152;54797;22495;10.5;4.3
26;2021-03-21;61;21;54858;22516;10.5;4.3
26;2021-03-22;1847;202;56705;22718;10.9;4.4
26;2021-03-23;2474;283;59179;23001;11.4;4.4
26;2021-03-24;2551;250;61730;23251;11.9;4.5
26;2021-03-25;3044;347;64774;23598;12.4;4.5
26;2021-03-26;3053;363;67827;23961;13.0;4.6
26;2021-03-27;1243;163;69070;24124;13.3;4.6
26;2021-03-28;94;7;69164;24131;13.3;4.6
26;2021-03-29;1908;409;71072;24540;13.7;4.7
26;2021-03-30;2383;552;73455;25092;14.1;4.8
26;2021-03-31;2229;587;75684;25679;14.5;4.9
26;2021-04-01;2279;787;77963;26466;15.0;5.1
26;2021-04-02;2213;996;80176;27462;15.4;5.3
26;2021-04-03;551;1203;80727;28665;15.5;5.5
26;2021-04-04;215;887;80942;29552;15.5;5.7
26;2021-04-05;557;52;81499;29604;15.7;5.7
26;2021-04-06;1486;833;82985;30437;15.9;5.8
26;2021-04-07;1793;900;84778;31337;16.3;6.0
26;2021-04-08;3008;942;87786;32279;16.9;6.2
26;2021-04-09;3415;1013;91201;33292;17.5;6.4
26;2021-04-10;1356;929;92557;34221;17.8;6.6
26;2021-04-11;88;35;92645;34256;17.8;6.6
26;2021-04-12;1713;1128;94358;35384;18.1;6.8
26;2021-04-13;2797;1459;97155;36843;18.7;7.1
26;2021-04-14;2204;1490;99359;38333;19.1;7.4
26;2021-04-15;2282;1602;101641;39935;19.5;7.7
26;2021-04-16;2272;1596;103913;41531;20.0;8.0
26;2021-04-17;1095;842;105008;42373;20.2;8.1
26;2021-04-18;36;52;105044;42425;20.2;8.1
26;2021-04-19;1547;1575;106591;44000;20.5;8.5
26;2021-04-20;1796;1732;108387;45732;20.8;8.8
26;2021-04-21;2012;1517;110399;47249;21.2;9.1
26;2021-04-22;2289;1606;112688;48855;21.6;9.4
26;2021-04-23;2012;1644;114700;50499;22.0;9.7
26;2021-04-24;1655;846;116355;51345;22.4;9.9
26;2021-04-25;629;97;116984;51442;22.5;9.9
26;2021-04-26;1377;1599;118361;53041;22.7;10.2
26;2021-04-27;1986;1686;120347;54727;23.1;10.5
26;2021-04-28;1865;1545;122212;56272;23.5;10.8
26;2021-04-29;2866;1898;125078;58170;24.0;11.2
26;2021-04-30;2626;1768;127704;59938;24.5;11.5
26;2021-05-01;1538;380;129242;60318;24.8;11.6
26;2021-05-02;1084;118;130326;60436;25.0;11.6
26;2021-05-03;2200;1791;132526;62227;25.5;12.0
26;2021-05-04;2614;2365;135140;64592;26.0;12.4
26;2021-05-05;2772;2202;137912;66794;26.5;12.8
26;2021-05-06;3322;2228;141234;69022;27.1;13.3
26;2021-05-07;2860;2262;144094;71284;27.7;13.7
26;2021-05-08;1960;622;146054;71906;28.1;13.8
26;2021-05-09;713;123;146767;72029;28.2;13.8
26;2021-05-10;3021;1831;149788;73860;28.8;14.2
26;2021-05-11;4445;2188;154233;76048;29.6;14.6
26;2021-05-12;4828;1695;159061;77743;30.6;14.9
26;2021-05-13;4363;617;163424;78360;31.4;15.1
26;2021-05-14;4640;1551;168064;79911;32.3;15.4
26;2021-05-15;4468;626;172532;80537;33.1;15.5
26;2021-05-16;3629;345;176161;80882;33.8;15.5
26;2021-05-17;3657;1487;179818;82369;34.5;15.8
26;2021-05-18;4474;1742;184292;84111;35.4;16.2
26;2021-05-19;4486;1450;188778;85561;36.3;16.4
26;2021-05-20;4684;1770;193462;87331;37.2;16.8
26;2021-05-21;4729;1804;198191;89135;38.1;17.1
26;2021-05-22;3189;690;201380;89825;38.7;17.3
26;2021-05-23;1597;183;202977;90008;39.0;17.3
26;2021-05-24;3788;743;206765;90751;39.7;17.4
26;2021-05-25;3591;2348;210356;93099;40.4;17.9
26;2021-05-26;4177;2272;214533;95371;41.2;18.3
26;2021-05-27;4211;2459;218744;97830;42.0;18.8
26;2021-05-28;3776;2769;222520;100599;42.7;19.3
26;2021-05-29;3088;1654;225608;102253;43.3;19.6
26;2021-05-30;320;70;225928;102323;43.4;19.7
26;2021-05-31;3082;1854;229010;104177;44.0;20.0
26;2021-06-01;3110;2309;232120;106486;44.6;20.5
26;2021-06-02;2869;2220;234989;108706;45.1;20.9
26;2021-06-03;2849;2491;237838;111197;45.7;21.4
26;2021-06-04;2667;2917;240505;114114;46.2;21.9
26;2021-06-05;1806;1694;242311;115808;46.5;22.2
26;2021-06-06;9;0;242320;115808;46.5;22.2
26;2021-06-07;2346;2430;244666;118238;47.0;22.7
26;2021-06-08;2453;2293;247119;120531;47.5;23.2
26;2021-06-09;2096;2390;249215;122921;47.9;23.6
26;2021-06-10;1981;2764;251196;125685;48.3;24.1
26;2021-06-11;1887;3272;253083;128957;48.6;24.8
26;2021-06-12;1219;1790;254302;130747;48.9;25.1
26;2021-06-13;97;214;254399;130961;48.9;25.2
26;2021-06-14;1415;3498;255814;134459;49.1;25.8
26;2021-06-15;1586;3964;257400;138423;49.4;26.6
26;2021-06-16;1784;3472;259184;141895;49.8;27.3
26;2021-06-17;1509;3167;260693;145062;50.1;27.9
26;2021-06-18;1797;4368;262490;149430;50.4;28.7
26;2021-06-19;934;3180;263424;152610;50.6;29.3
26;2021-06-20;263;876;263687;153486;50.7;29.5
26;2021-06-21;1005;4558;264692;158044;50.8;30.4
26;2021-06-22;1061;5119;265753;163163;51.1;31.3
26;2021-06-23;1168;5072;266921;168235;51.3;32.3
26;2021-06-24;1258;4544;268179;172779;51.5;33.2
26;2021-06-25;1014;5542;269193;178321;51.7;34.3
26;2021-06-26;662;3823;269855;182144;51.8;35.0
26;2021-06-27;299;1273;270154;183417;51.9;35.2
26;2021-06-28;778;4757;270932;188174;52.0;36.1
26;2021-06-29;1097;4956;272029;193130;52.3;37.1
26;2021-06-30;1411;4890;273440;198020;52.5;38.0
26;2021-07-01;1651;4389;275091;202409;52.8;38.9
26;2021-07-02;1333;5163;276424;207572;53.1;39.9
26;2021-07-03;769;3321;277193;210893;53.2;40.5
26;2021-07-04;331;633;277524;211526;53.3;40.6
26;2021-07-05;887;4673;278411;216199;53.5;41.5
26;2021-07-06;1266;4199;279677;220398;53.7;42.3
26;2021-07-07;1440;3797;281117;224195;54.0;43.1
26;2021-07-08;2387;3330;283504;227525;54.5;43.7
26;2021-07-09;1558;4789;285062;232314;54.8;44.6
26;2021-07-10;910;2913;285972;235227;54.9;45.2
26;2021-07-11;332;347;286304;235574;55.0;45.3
26;2021-07-12;1113;4218;287417;239792;55.2;46.1
26;2021-07-13;2301;4343;289718;244135;55.7;46.9
26;2021-07-14;1060;814;290778;244949;55.9;47.1
26;2021-07-15;3166;3658;293944;248607;56.5;47.8
26;2021-07-16;3000;3688;296944;252295;57.0;48.5
26;2021-07-17;1876;1814;298820;254109;57.4;48.8
26;2021-07-18;20;24;298840;254133;57.4;48.8
26;2021-07-19;2724;3265;301564;257398;57.9;49.4
26;2021-07-20;3706;3370;305270;260768;58.6;50.1
26;2021-07-21;3588;3087;308858;263855;59.3;50.7
26;2021-07-22;4119;2973;312977;266828;60.1;51.3
26;2021-07-23;3860;3402;316837;270230;60.9;51.9
26;2021-07-24;2344;1363;319181;271593;61.3;52.2
26;2021-07-25;608;97;319789;271690;61.4;52.2
26;2021-07-26;3429;2584;323218;274274;62.1;52.7
26;2021-07-27;4838;2621;328056;276895;63.0;53.2
26;2021-07-28;4534;2390;332590;279285;63.9;53.7
26;2021-07-29;3902;2899;336492;282184;64.6;54.2
26;2021-07-30;3484;2675;339976;284859;65.3;54.7
26;2021-07-31;1144;1010;341120;285869;65.5;54.9
26;2021-08-01;419;108;341539;285977;65.6;54.9
26;2021-08-02;2953;2364;344492;288341;66.2;55.4
26;2021-08-03;3299;2297;347791;290638;66.8;55.8
26;2021-08-04;3999;2016;351790;292654;67.6;56.2
26;2021-08-05;3154;2206;354944;294860;68.2;56.6
26;2021-08-06;3174;2639;358118;297499;68.8;57.1
26;2021-08-07;640;845;358758;298344;68.9;57.3
26;2021-08-08;29;13;358787;298357;68.9;57.3
26;2021-08-09;2191;3062;360978;301419;69.3;57.9
26;2021-08-10;2341;3049;363319;304468;69.8;58.5
26;2021-08-11;2078;2719;365397;307187;70.2;59.0
26;2021-08-12;1775;2586;367172;309773;70.5;59.5
26;2021-08-13;1742;2424;368914;312197;70.9;60.0
26;2021-08-14;272;872;369186;313069;70.9;60.1
26;2021-08-15;6;8;369192;313077;70.9;60.1
26;2021-08-16;1190;3291;370382;316368;71.2;60.8
26;2021-08-17;1523;3154;371905;319522;71.4;61.4
26;2021-08-18;1631;3376;373536;322898;71.8;62.0
26;2021-08-19;1552;3069;375088;325967;72.1;62.6
26;2021-08-20;1446;2980;376534;328947;72.3;63.2
26;2021-08-21;599;1090;377133;330037;72.4;63.4
26;2021-08-22;58;379;377191;330416;72.5;63.5
26;2021-08-23;1601;3621;378792;334037;72.8;64.2
26;2021-08-24;1748;3596;380540;337633;73.1;64.9
26;2021-08-25;1605;3660;382145;341293;73.4;65.6
26;2021-08-26;1494;3160;383639;344453;73.7;66.2
26;2021-08-27;1570;3607;385209;348060;74.0;66.9
26;2021-08-28;395;1104;385604;349164;74.1;67.1
26;2021-08-29;10;25;385614;349189;74.1;67.1
26;2021-08-30;1466;3384;387080;352573;74.4;67.7
26;2021-08-31;1286;3311;388366;355884;74.6;68.4
26;2021-09-01;1376;2598;389742;358482;74.9;68.9
26;2021-09-02;1116;1948;390858;360430;75.1;69.2
26;2021-09-03;1103;2520;391961;362950;75.3;69.7
26;2021-09-04;431;654;392392;363604;75.4;69.8
26;2021-09-05;25;18;392417;363622;75.4;69.9
26;2021-09-06;734;1442;393151;365064;75.5;70.1
26;2021-09-07;760;1417;393911;366481;75.7;70.4
26;2021-09-08;851;1665;394762;368146;75.8;70.7
26;2021-09-09;520;1322;395282;369468;75.9;71.0
26;2021-09-10;836;1750;396118;371218;76.1;71.3
26;2021-09-11;307;715;396425;371933;76.2;71.4
26;2021-09-12;0;5;396425;371938;76.2;71.4
26;2021-09-13;543;1291;396968;373229;76.3;71.7
26;2021-09-14;732;1280;397700;374509;76.4;71.9
26;2021-09-15;713;1830;398413;376339;76.5;72.3
26;2021-09-16;499;1007;398912;377346;76.6;72.5
26;2021-09-17;618;1732;399530;379078;76.8;72.8
26;2021-09-18;271;743;399801;379821;76.8;73.0
26;2021-09-19;3;13;399804;379834;76.8;73.0
26;2021-09-20;333;1095;400137;380929;76.9;73.2
26;2021-09-21;415;1013;400552;381942;76.9;73.4
26;2021-09-22;424;1518;400976;383460;77.0;73.7
26;2021-09-23;360;780;401336;384240;77.1;73.8
26;2021-09-24;441;1431;401777;385671;77.2;74.1
26;2021-09-25;180;598;401957;386269;77.2;74.2
26;2021-09-26;2;19;401959;386288;77.2;74.2
26;2021-09-27;312;811;402271;387099;77.3;74.4
26;2021-09-28;245;610;402516;387709;77.3;74.5
26;2021-09-29;385;1009;402901;388718;77.4;74.7
26;2021-09-30;226;517;403127;389235;77.4;74.8
26;2021-10-01;446;999;403573;390234;77.5;75.0
26;2021-10-02;189;340;403762;390574;77.6;75.0
26;2021-10-03;5;4;403767;390578;77.6;75.0
26;2021-10-04;320;630;404087;391208;77.6;75.2
26;2021-10-05;153;502;404240;391710;77.7;75.2
26;2021-10-06;385;798;404625;392508;77.7;75.4
26;2021-10-07;165;398;404790;392906;77.8;75.5
26;2021-10-08;376;843;405166;393749;77.8;75.6
26;2021-10-09;199;315;405365;394064;77.9;75.7
26;2021-10-10;1;17;405366;394081;77.9;75.7
27;2020-12-27;2;0;2;0;0.0;0.0
27;2020-12-28;1;0;3;0;0.0;0.0
27;2020-12-29;2;0;5;0;0.0;0.0
27;2020-12-30;0;0;5;0;0.0;0.0
27;2020-12-31;0;0;5;0;0.0;0.0
27;2021-01-01;0;0;5;0;0.0;0.0
27;2021-01-02;0;0;5;0;0.0;0.0
27;2021-01-03;2;0;7;0;0.0;0.0
27;2021-01-04;0;0;7;0;0.0;0.0
27;2021-01-05;15;0;22;0;0.0;0.0
27;2021-01-06;161;0;183;0;0.0;0.0
27;2021-01-07;371;1;554;1;0.1;0.0
27;2021-01-08;443;2;997;3;0.2;0.0
27;2021-01-09;72;1;1069;4;0.2;0.0
27;2021-01-10;100;0;1169;4;0.2;0.0
27;2021-01-11;383;0;1552;4;0.3;0.0
27;2021-01-12;409;2;1961;6;0.3;0.0
27;2021-01-13;840;3;2801;9;0.5;0.0
27;2021-01-14;1629;32;4430;41;0.7;0.0
27;2021-01-15;1222;6;5652;47;0.9;0.0
27;2021-01-16;332;2;5984;49;1.0;0.0
27;2021-01-17;205;0;6189;49;1.0;0.0
27;2021-01-18;800;3;6989;52;1.2;0.0
27;2021-01-19;772;3;7761;55;1.3;0.0
27;2021-01-20;871;1;8632;56;1.4;0.0
27;2021-01-21;654;4;9286;60;1.5;0.0
27;2021-01-22;778;5;10064;65;1.7;0.0
27;2021-01-23;350;0;10414;65;1.7;0.0
27;2021-01-24;169;6;10583;71;1.8;0.0
27;2021-01-25;635;15;11218;86;1.9;0.0
27;2021-01-26;462;17;11680;103;1.9;0.0
27;2021-01-27;506;104;12186;207;2.0;0.0
27;2021-01-28;517;294;12703;501;2.1;0.1
27;2021-01-29;509;108;13212;609;2.2;0.1
27;2021-01-30;242;29;13454;638;2.2;0.1
27;2021-01-31;27;24;13481;662;2.2;0.1
27;2021-02-01;348;194;13829;856;2.3;0.1
27;2021-02-02;308;280;14137;1136;2.4;0.2
27;2021-02-03;487;400;14624;1536;2.4;0.3
27;2021-02-04;717;884;15341;2420;2.6;0.4
27;2021-02-05;664;1141;16005;3561;2.7;0.6
27;2021-02-06;126;220;16131;3781;2.7;0.6
27;2021-02-07;25;42;16156;3823;2.7;0.6
27;2021-02-08;312;378;16468;4201;2.7;0.7
27;2021-02-09;341;554;16809;4755;2.8;0.8
27;2021-02-10;305;521;17114;5276;2.8;0.9
27;2021-02-11;318;453;17432;5729;2.9;1.0
27;2021-02-12;230;542;17662;6271;2.9;1.0
27;2021-02-13;151;133;17813;6404;3.0;1.1
27;2021-02-14;6;92;17819;6496;3.0;1.1
27;2021-02-15;389;598;18208;7094;3.0;1.2
27;2021-02-16;296;733;18504;7827;3.1;1.3
27;2021-02-17;247;635;18751;8462;3.1;1.4
27;2021-02-18;363;681;19114;9143;3.2;1.5
27;2021-02-19;218;689;19332;9832;3.2;1.6
27;2021-02-20;129;250;19461;10082;3.2;1.7
27;2021-02-21;12;136;19473;10218;3.2;1.7
27;2021-02-22;482;566;19955;10784;3.3;1.8
27;2021-02-23;496;622;20451;11406;3.4;1.9
27;2021-02-24;543;648;20994;12054;3.5;2.0
27;2021-02-25;847;759;21841;12813;3.6;2.1
27;2021-02-26;955;693;22796;13506;3.8;2.2
27;2021-02-27;408;162;23204;13668;3.9;2.3
27;2021-02-28;174;30;23378;13698;3.9;2.3
27;2021-03-01;488;442;23866;14140;4.0;2.4
27;2021-03-02;765;371;24631;14511;4.1;2.4
27;2021-03-03;853;363;25484;14874;4.2;2.5
27;2021-03-04;886;237;26370;15111;4.4;2.5
27;2021-03-05;1304;242;27674;15353;4.6;2.6
27;2021-03-06;1637;110;29311;15463;4.9;2.6
27;2021-03-07;620;18;29931;15481;5.0;2.6
27;2021-03-08;1204;304;31135;15785;5.2;2.6
27;2021-03-09;1828;270;32963;16055;5.5;2.7
27;2021-03-10;2116;352;35079;16407;5.8;2.7
27;2021-03-11;2162;233;37241;16640;6.2;2.8
27;2021-03-12;2817;204;40058;16844;6.7;2.8
27;2021-03-13;1919;129;41977;16973;7.0;2.8
27;2021-03-14;655;16;42632;16989;7.1;2.8
27;2021-03-15;1558;218;44190;17207;7.4;2.9
27;2021-03-16;1489;242;45679;17449;7.6;2.9
27;2021-03-17;1856;375;47535;17824;7.9;3.0
27;2021-03-18;1687;349;49222;18173;8.2;3.0
27;2021-03-19;1834;176;51056;18349;8.5;3.1
27;2021-03-20;905;43;51961;18392;8.7;3.1
27;2021-03-21;258;3;52219;18395;8.7;3.1
27;2021-03-22;1235;548;53454;18943;8.9;3.2
27;2021-03-23;1627;460;55081;19403;9.2;3.2
27;2021-03-24;1523;480;56604;19883;9.4;3.3
27;2021-03-25;2165;521;58769;20404;9.8;3.4
27;2021-03-26;2531;446;61300;20850;10.2;3.5
27;2021-03-27;1568;202;62868;21052;10.5;3.5
27;2021-03-28;1149;50;64017;21102;10.7;3.5
27;2021-03-29;1375;835;65392;21937;10.9;3.7
27;2021-03-30;1391;850;66783;22787;11.1;3.8
27;2021-03-31;1485;877;68268;23664;11.4;3.9
27;2021-04-01;1956;815;70224;24479;11.7;4.1
27;2021-04-02;1999;1186;72223;25665;12.0;4.3
27;2021-04-03;1563;741;73786;26406;12.3;4.4
27;2021-04-04;979;176;74765;26582;12.4;4.4
27;2021-04-05;283;7;75048;26589;12.5;4.4
27;2021-04-06;1413;1804;76461;28393;12.7;4.7
27;2021-04-07;1322;1747;77783;30140;12.9;5.0
27;2021-04-08;1685;1685;79468;31825;13.2;5.3
27;2021-04-09;2945;1571;82413;33396;13.7;5.6
27;2021-04-10;2033;988;84446;34384;14.1;5.7
27;2021-04-11;946;212;85392;34596;14.2;5.8
27;2021-04-12;2434;1518;87826;36114;14.6;6.0
27;2021-04-13;2393;1549;90219;37663;15.0;6.3
27;2021-04-14;2085;1632;92304;39295;15.4;6.5
27;2021-04-15;1874;1662;94178;40957;15.7;6.8
27;2021-04-16;2751;1118;96929;42075;16.1;7.0
27;2021-04-17;2168;498;99097;42573;16.5;7.1
27;2021-04-18;452;18;99549;42591;16.6;7.1
27;2021-04-19;1712;1175;101261;43766;16.9;7.3
27;2021-04-20;2388;1310;103649;45076;17.3;7.5
27;2021-04-21;2210;1083;105859;46159;17.6;7.7
27;2021-04-22;2180;1423;108039;47582;18.0;7.9
27;2021-04-23;2446;1183;110485;48765;18.4;8.1
27;2021-04-24;3260;1151;113745;49916;18.9;8.3
27;2021-04-25;1130;1052;114875;50968;19.1;8.5
27;2021-04-26;1925;1148;116800;52116;19.4;8.7
27;2021-04-27;2528;1094;119328;53210;19.9;8.9
27;2021-04-28;2395;1320;121723;54530;20.3;9.1
27;2021-04-29;2491;1476;124214;56006;20.7;9.3
27;2021-04-30;2371;1616;126585;57622;21.1;9.6
27;2021-05-01;2638;892;129223;58514;21.5;9.7
27;2021-05-02;1952;901;131175;59415;21.8;9.9
27;2021-05-03;3064;882;134239;60297;22.3;10.0
27;2021-05-04;2782;1652;137021;61949;22.8;10.3
27;2021-05-05;2816;1653;139837;63602;23.3;10.6
27;2021-05-06;3184;1298;143021;64900;23.8;10.8
27;2021-05-07;3322;2003;146343;66903;24.4;11.1
27;2021-05-08;2805;1332;149148;68235;24.8;11.4
27;2021-05-09;1697;298;150845;68533;25.1;11.4
27;2021-05-10;2950;2272;153795;70805;25.6;11.8
27;2021-05-11;3358;1759;157153;72564;26.2;12.1
27;2021-05-12;3464;1729;160617;74293;26.7;12.4
27;2021-05-13;1892;255;162509;74548;27.1;12.4
27;2021-05-14;3884;1790;166393;76338;27.7;12.7
27;2021-05-15;6601;953;172994;77291;28.8;12.9
27;2021-05-16;3668;438;176662;77729;29.4;12.9
27;2021-05-17;2774;1161;179436;78890;29.9;13.1
27;2021-05-18;3845;1296;183281;80186;30.5;13.3
27;2021-05-19;3967;1154;187248;81340;31.2;13.5
27;2021-05-20;3874;1173;191122;82513;31.8;13.7
27;2021-05-21;3968;1801;195090;84314;32.5;14.0
27;2021-05-22;4367;802;199457;85116;33.2;14.2
27;2021-05-23;799;173;200256;85289;33.3;14.2
27;2021-05-24;1489;342;201745;85631;33.6;14.3
27;2021-05-25;3511;1608;205256;87239;34.2;14.5
27;2021-05-26;3855;1740;209111;88979;34.8;14.8
27;2021-05-27;3789;1487;212900;90466;35.4;15.1
27;2021-05-28;3403;2634;216303;93100;36.0;15.5
27;2021-05-29;4822;2302;221125;95402;36.8;15.9
27;2021-05-30;1117;247;222242;95649;37.0;15.9
27;2021-05-31;3464;2275;225706;97924;37.6;16.3
27;2021-06-01;3813;2250;229519;100174;38.2;16.7
27;2021-06-02;3341;2183;232860;102357;38.8;17.0
27;2021-06-03;4430;2126;237290;104483;39.5;17.4
27;2021-06-04;3603;2978;240893;107461;40.1;17.9
27;2021-06-05;3207;3351;244100;110812;40.6;18.4
27;2021-06-06;2004;1005;246104;111817;41.0;18.6
27;2021-06-07;2570;2357;248674;114174;41.4;19.0
27;2021-06-08;3126;2379;251800;116553;41.9;19.4
27;2021-06-09;2305;2471;254105;119024;42.3;19.8
27;2021-06-10;2431;2041;256536;121065;42.7;20.2
27;2021-06-11;2889;3771;259425;124836;43.2;20.8
27;2021-06-12;1982;4191;261407;129027;43.5;21.5
27;2021-06-13;1084;2687;262491;131714;43.7;21.9
27;2021-06-14;1996;3112;264487;134826;44.0;22.4
27;2021-06-15;2688;3021;267175;137847;44.5;22.9
27;2021-06-16;2501;3260;269676;141107;44.9;23.5
27;2021-06-17;2297;3291;271973;144398;45.3;24.0
27;2021-06-18;2746;4420;274719;148818;45.7;24.8
27;2021-06-19;1863;3392;276582;152210;46.0;25.3
27;2021-06-20;607;710;277189;152920;46.1;25.5
27;2021-06-21;1703;3496;278892;156416;46.4;26.0
27;2021-06-22;2385;3719;281277;160135;46.8;26.7
27;2021-06-23;2073;3572;283350;163707;47.2;27.3
27;2021-06-24;2256;3413;285606;167120;47.5;27.8
27;2021-06-25;1936;4460;287542;171580;47.9;28.6
27;2021-06-26;884;5352;288426;176932;48.0;29.5
27;2021-06-27;377;1427;288803;178359;48.1;29.7
27;2021-06-28;1129;3405;289932;181764;48.3;30.3
27;2021-06-29;1703;4365;291635;186129;48.6;31.0
27;2021-06-30;2115;4096;293750;190225;48.9;31.7
27;2021-07-01;2224;3908;295974;194133;49.3;32.3
27;2021-07-02;1589;4620;297563;198753;49.5;33.1
27;2021-07-03;1309;4774;298872;203527;49.8;33.9
27;2021-07-04;504;1403;299376;204930;49.8;34.1
27;2021-07-05;1417;3530;300793;208460;50.1;34.7
27;2021-07-06;1366;4180;302159;212640;50.3;35.4
27;2021-07-07;1756;4905;303915;217545;50.6;36.2
27;2021-07-08;2089;4356;306004;221901;50.9;36.9
27;2021-07-09;1984;5287;307988;227188;51.3;37.8
27;2021-07-10;1167;4179;309155;231367;51.5;38.5
27;2021-07-11;426;1139;309581;232506;51.5;38.7
27;2021-07-12;1253;4372;310834;236878;51.7;39.4
27;2021-07-13;2759;5347;313593;242225;52.2;40.3
27;2021-07-14;1518;1753;315111;243978;52.5;40.6
27;2021-07-15;3033;5468;318144;249446;53.0;41.5
27;2021-07-16;3820;5290;321964;254736;53.6;42.4
27;2021-07-17;2732;3878;324696;258614;54.1;43.1
27;2021-07-18;552;1266;325248;259880;54.1;43.3
27;2021-07-19;3687;3791;328935;263671;54.8;43.9
27;2021-07-20;3460;3592;332395;267263;55.3;44.5
27;2021-07-21;4250;3901;336645;271164;56.0;45.1
27;2021-07-22;4750;3716;341395;274880;56.8;45.8
27;2021-07-23;3592;3400;344987;278280;57.4;46.3
27;2021-07-24;3114;2329;348101;280609;58.0;46.7
27;2021-07-25;493;545;348594;281154;58.0;46.8
27;2021-07-26;3071;3175;351665;284329;58.5;47.3
27;2021-07-27;3596;3103;355261;287432;59.1;47.9
27;2021-07-28;3592;3242;358853;290674;59.7;48.4
27;2021-07-29;4590;3511;363443;294185;60.5;49.0
27;2021-07-30;3817;3146;367260;297331;61.1;49.5
27;2021-07-31;3062;2585;370322;299916;61.6;49.9
27;2021-08-01;540;498;370862;300414;61.7;50.0
27;2021-08-02;3319;2584;374181;302998;62.3;50.4
27;2021-08-03;3427;2770;377608;305768;62.9;50.9
27;2021-08-04;3061;2334;380669;308102;63.4;51.3
27;2021-08-05;2676;2358;383345;310460;63.8;51.7
27;2021-08-06;3269;3244;386614;313704;64.4;52.2
27;2021-08-07;1801;2558;388415;316262;64.7;52.7
27;2021-08-08;218;197;388633;316459;64.7;52.7
27;2021-08-09;2210;2807;390843;319266;65.1;53.2
27;2021-08-10;2811;3514;393654;322780;65.5;53.7
27;2021-08-11;2637;3099;396291;325879;66.0;54.3
27;2021-08-12;2363;3905;398654;329784;66.4;54.9
27;2021-08-13;1745;2572;400399;332356;66.7;55.3
27;2021-08-14;1163;2889;401562;335245;66.9;55.8
27;2021-08-15;18;23;401580;335268;66.9;55.8
27;2021-08-16;1811;3816;403391;339084;67.2;56.4
27;2021-08-17;2046;3442;405437;342526;67.5;57.0
27;2021-08-18;1457;2986;406894;345512;67.7;57.5
27;2021-08-19;1711;3356;408605;348868;68.0;58.1
27;2021-08-20;1636;3440;410241;352308;68.3;58.7
27;2021-08-21;988;2842;411229;355150;68.5;59.1
27;2021-08-22;184;162;411413;355312;68.5;59.2
27;2021-08-23;1080;4008;412493;359320;68.7;59.8
27;2021-08-24;1440;3970;413933;363290;68.9;60.5
27;2021-08-25;1717;3414;415650;366704;69.2;61.0
27;2021-08-26;1157;2932;416807;369636;69.4;61.5
27;2021-08-27;1265;3223;418072;372859;69.6;62.1
27;2021-08-28;912;2870;418984;375729;69.8;62.5
27;2021-08-29;87;135;419071;375864;69.8;62.6
27;2021-08-30;906;3278;419977;379142;69.9;63.1
27;2021-08-31;1225;3082;421202;382224;70.1;63.6
27;2021-09-01;998;2922;422200;385146;70.3;64.1
27;2021-09-02;873;2187;423073;387333;70.4;64.5
27;2021-09-03;847;2170;423920;389503;70.6;64.8
27;2021-09-04;730;1957;424650;391460;70.7;65.2
27;2021-09-05;36;154;424686;391614;70.7;65.2
27;2021-09-06;538;1455;425224;393069;70.8;65.4
27;2021-09-07;697;2085;425921;395154;70.9;65.8
27;2021-09-08;771;2088;426692;397242;71.0;66.1
27;2021-09-09;683;1647;427375;398889;71.1;66.4
27;2021-09-10;900;1927;428275;400816;71.3;66.7
27;2021-09-11;609;1811;428884;402627;71.4;67.0
27;2021-09-12;42;171;428926;402798;71.4;67.1
27;2021-09-13;351;928;429277;403726;71.5;67.2
27;2021-09-14;594;1095;429871;404821;71.6;67.4
27;2021-09-15;556;1669;430427;406490;71.7;67.7
27;2021-09-16;599;1132;431026;407622;71.8;67.9
27;2021-09-17;790;1292;431816;408914;71.9;68.1
27;2021-09-18;364;1247;432180;410161;71.9;68.3
27;2021-09-19;56;161;432236;410322;72.0;68.3
27;2021-09-20;260;773;432496;411095;72.0;68.4
27;2021-09-21;428;963;432924;412058;72.1;68.6
27;2021-09-22;299;1030;433223;413088;72.1;68.8
27;2021-09-23;344;757;433567;413845;72.2;68.9
27;2021-09-24;578;1244;434145;415089;72.3;69.1
27;2021-09-25;291;1122;434436;416211;72.3;69.3
27;2021-09-26;4;12;434440;416223;72.3;69.3
27;2021-09-27;190;474;434630;416697;72.4;69.4
27;2021-09-28;313;725;434943;417422;72.4;69.5
27;2021-09-29;242;726;435185;418148;72.4;69.6
27;2021-09-30;162;521;435347;418669;72.5;69.7
27;2021-10-01;343;999;435690;419668;72.5;69.9
27;2021-10-02;364;797;436054;420465;72.6;70.0
27;2021-10-03;13;12;436067;420477;72.6;70.0
27;2021-10-04;177;374;436244;420851;72.6;70.1
27;2021-10-05;262;465;436506;421316;72.7;70.1
27;2021-10-06;280;693;436786;422009;72.7;70.3
27;2021-10-07;143;280;436929;422289;72.7;70.3
27;2021-10-08;321;822;437250;423111;72.8;70.4
27;2021-10-09;255;537;437505;423648;72.8;70.5
27;2021-10-10;11;35;437516;423683;72.8;70.5
28;2020-12-27;0;0;0;0;0.0;0.0
28;2020-12-28;0;0;0;0;0.0;0.0
28;2020-12-29;0;0;0;0;0.0;0.0
28;2020-12-30;0;0;0;0;0.0;0.0
28;2020-12-31;0;0;0;0;0.0;0.0
28;2021-01-01;1;0;1;0;0.0;0.0
28;2021-01-02;0;0;1;0;0.0;0.0
28;2021-01-03;0;0;1;0;0.0;0.0
28;2021-01-04;0;0;1;0;0.0;0.0
28;2021-01-05;5;0;6;0;0.0;0.0
28;2021-01-06;84;0;90;0;0.0;0.0
28;2021-01-07;102;0;192;0;0.0;0.0
28;2021-01-08;134;2;326;2;0.1;0.0
28;2021-01-09;79;0;405;2;0.1;0.0
28;2021-01-10;1;0;406;2;0.1;0.0
28;2021-01-11;204;0;610;2;0.1;0.0
28;2021-01-12;265;2;875;4;0.2;0.0
28;2021-01-13;398;3;1273;7;0.3;0.0
28;2021-01-14;451;6;1724;13;0.4;0.0
28;2021-01-15;374;3;2098;16;0.5;0.0
28;2021-01-16;206;2;2304;18;0.5;0.0
28;2021-01-17;21;0;2325;18;0.5;0.0
28;2021-01-18;373;2;2698;20;0.6;0.0
28;2021-01-19;503;4;3201;24;0.7;0.0
28;2021-01-20;636;1;3837;25;0.9;0.0
28;2021-01-21;796;3;4633;28;1.1;0.0
28;2021-01-22;478;1;5111;29;1.2;0.0
28;2021-01-23;353;0;5464;29;1.3;0.0
28;2021-01-24;1;0;5465;29;1.3;0.0
28;2021-01-25;456;4;5921;33;1.4;0.0
28;2021-01-26;717;9;6638;42;1.5;0.0
28;2021-01-27;1211;52;7849;94;1.8;0.0
28;2021-01-28;1587;95;9436;189;2.2;0.0
28;2021-01-29;896;99;10332;288;2.4;0.1
28;2021-01-30;249;53;10581;341;2.5;0.1
28;2021-01-31;2;22;10583;363;2.5;0.1
28;2021-02-01;325;121;10908;484;2.5;0.1
28;2021-02-02;368;239;11276;723;2.6;0.2
28;2021-02-03;473;258;11749;981;2.7;0.2
28;2021-02-04;525;279;12274;1260;2.9;0.3
28;2021-02-05;436;230;12710;1490;3.0;0.3
28;2021-02-06;201;129;12911;1619;3.0;0.4
28;2021-02-07;0;0;12911;1619;3.0;0.4
28;2021-02-08;331;250;13242;1869;3.1;0.4
28;2021-02-09;281;344;13523;2213;3.1;0.5
28;2021-02-10;443;399;13966;2612;3.3;0.6
28;2021-02-11;562;492;14528;3104;3.4;0.7
28;2021-02-12;453;431;14981;3535;3.5;0.8
28;2021-02-13;181;191;15162;3726;3.5;0.9
28;2021-02-14;0;2;15162;3728;3.5;0.9
28;2021-02-15;280;473;15442;4201;3.6;1.0
28;2021-02-16;396;710;15838;4911;3.7;1.1
28;2021-02-17;584;1154;16422;6065;3.8;1.4
28;2021-02-18;666;1408;17088;7473;4.0;1.7
28;2021-02-19;548;767;17636;8240;4.1;1.9
28;2021-02-20;114;145;17750;8385;4.1;2.0
28;2021-02-21;7;33;17757;8418;4.1;2.0
28;2021-02-22;223;521;17980;8939;4.2;2.1
28;2021-02-23;203;379;18183;9318;4.2;2.2
28;2021-02-24;244;474;18427;9792;4.3;2.3
28;2021-02-25;574;454;19001;10246;4.4;2.4
28;2021-02-26;764;378;19765;10624;4.6;2.5
28;2021-02-27;265;86;20030;10710;4.7;2.5
28;2021-02-28;23;17;20053;10727;4.7;2.5
28;2021-03-01;292;215;20345;10942;4.7;2.5
28;2021-03-02;396;293;20741;11235;4.8;2.6
28;2021-03-03;367;399;21108;11634;4.9;2.7
28;2021-03-04;720;494;21828;12128;5.1;2.8
28;2021-03-05;1319;419;23147;12547;5.4;2.9
28;2021-03-06;1998;95;25145;12642;5.9;2.9
28;2021-03-07;974;42;26119;12684;6.1;3.0
28;2021-03-08;398;308;26517;12992;6.2;3.0
28;2021-03-09;981;364;27498;13356;6.4;3.1
28;2021-03-10;1358;558;28856;13914;6.7;3.2
28;2021-03-11;1535;710;30391;14624;7.1;3.4
28;2021-03-12;2255;645;32646;15269;7.6;3.6
28;2021-03-13;1235;134;33881;15403;7.9;3.6
28;2021-03-14;519;18;34400;15421;8.0;3.6
28;2021-03-15;755;234;35155;15655;8.2;3.6
28;2021-03-16;716;224;35871;15879;8.4;3.7
28;2021-03-17;746;290;36617;16169;8.5;3.8
28;2021-03-18;1203;277;37820;16446;8.8;3.8
28;2021-03-19;1558;340;39378;16786;9.2;3.9
28;2021-03-20;639;21;40017;16807;9.3;3.9
28;2021-03-21;29;8;40046;16815;9.3;3.9
28;2021-03-22;766;325;40812;17140;9.5;4.0
28;2021-03-23;1027;193;41839;17333;9.7;4.0
28;2021-03-24;1315;281;43154;17614;10.0;4.1
28;2021-03-25;1796;291;44950;17905;10.5;4.2
28;2021-03-26;2084;348;47034;18253;11.0;4.3
28;2021-03-27;402;38;47436;18291;11.0;4.3
28;2021-03-28;12;0;47448;18291;11.0;4.3
28;2021-03-29;1139;358;48587;18649;11.3;4.3
28;2021-03-30;1711;255;50298;18904;11.7;4.4
28;2021-03-31;2017;482;52315;19386;12.2;4.5
28;2021-04-01;1796;591;54111;19977;12.6;4.7
28;2021-04-02;1583;1321;55694;21298;13.0;5.0
28;2021-04-03;607;1071;56301;22369;13.1;5.2
28;2021-04-04;33;302;56334;22671;13.1;5.3
28;2021-04-05;40;3;56374;22674;13.1;5.3
28;2021-04-06;1222;463;57596;23137;13.4;5.4
28;2021-04-07;1890;1007;59486;24144;13.9;5.6
28;2021-04-08;2086;1076;61572;25220;14.3;5.9
28;2021-04-09;3230;924;64802;26144;15.1;6.1
28;2021-04-10;1581;202;66383;26346;15.5;6.1
28;2021-04-11;141;451;66524;26797;15.5;6.2
28;2021-04-12;1672;567;68196;27364;15.9;6.4
28;2021-04-13;1875;673;70071;28037;16.3;6.5
28;2021-04-14;2771;906;72842;28943;17.0;6.7
28;2021-04-15;2557;1153;75399;30096;17.6;7.0
28;2021-04-16;2554;810;77953;30906;18.2;7.2
28;2021-04-17;2309;134;80262;31040;18.7;7.2
28;2021-04-18;45;8;80307;31048;18.7;7.2
28;2021-04-19;1576;651;81883;31699;19.1;7.4
28;2021-04-20;1836;598;83719;32297;19.5;7.5
28;2021-04-21;2680;965;86399;33262;20.1;7.7
28;2021-04-22;1783;1225;88182;34487;20.5;8.0
28;2021-04-23;2325;1109;90507;35596;21.1;8.3
28;2021-04-24;3656;143;94163;35739;21.9;8.3
28;2021-04-25;1012;38;95175;35777;22.2;8.3
28;2021-04-26;1331;930;96506;36707;22.5;8.5
28;2021-04-27;1436;1287;97942;37994;22.8;8.8
28;2021-04-28;2373;1834;100315;39828;23.4;9.3
28;2021-04-29;2130;1516;102445;41344;23.9;9.6
28;2021-04-30;2973;1231;105418;42575;24.5;9.9
28;2021-05-01;127;121;105545;42696;24.6;9.9
28;2021-05-02;2;65;105547;42761;24.6;10.0
28;2021-05-03;1048;1022;106595;43783;24.8;10.2
28;2021-05-04;1359;1673;107954;45456;25.1;10.6
28;2021-05-05;2830;1654;110784;47110;25.8;11.0
28;2021-05-06;2456;1475;113240;48585;26.4;11.3
28;2021-05-07;2311;1934;115551;50519;26.9;11.8
28;2021-05-08;1078;118;116629;50637;27.2;11.8
28;2021-05-09;105;610;116734;51247;27.2;11.9
28;2021-05-10;1308;1894;118042;53141;27.5;12.4
28;2021-05-11;2024;2344;120066;55485;28.0;12.9
28;2021-05-12;2620;3237;122686;58722;28.6;13.7
28;2021-05-13;289;452;122975;59174;28.6;13.8
28;2021-05-14;1900;1616;124875;60790;29.1;14.2
28;2021-05-15;1433;1673;126308;62463;29.4;14.5
28;2021-05-16;1986;131;128294;62594;29.9;14.6
28;2021-05-17;2874;1493;131168;64087;30.5;14.9
28;2021-05-18;3382;1381;134550;65468;31.3;15.2
28;2021-05-19;5089;1283;139639;66751;32.5;15.5
28;2021-05-20;4149;1231;143788;67982;33.5;15.8
28;2021-05-21;3464;1587;147252;69569;34.3;16.2
28;2021-05-22;729;1161;147981;70730;34.5;16.5
28;2021-05-23;1956;139;149937;70869;34.9;16.5
28;2021-05-24;1428;395;151365;71264;35.2;16.6
28;2021-05-25;1876;1408;153241;72672;35.7;16.9
28;2021-05-26;2765;1346;156006;74018;36.3;17.2
28;2021-05-27;2754;1235;158760;75253;37.0;17.5
28;2021-05-28;3080;1732;161840;76985;37.7;17.9
28;2021-05-29;1868;873;163708;77858;38.1;18.1
28;2021-05-30;16;47;163724;77905;38.1;18.1
28;2021-05-31;2014;937;165738;78842;38.6;18.4
28;2021-06-01;2133;1662;167871;80504;39.1;18.7
28;2021-06-02;2077;2457;169948;82961;39.6;19.3
28;2021-06-03;2498;1562;172446;84523;40.2;19.7
28;2021-06-04;2608;2358;175054;86881;40.8;20.2
28;2021-06-05;1909;2522;176963;89403;41.2;20.8
28;2021-06-06;1060;1046;178023;90449;41.5;21.1
28;2021-06-07;3575;1575;181598;92024;42.3;21.4
28;2021-06-08;3196;1520;184794;93544;43.0;21.8
28;2021-06-09;3675;2130;188469;95674;43.9;22.3
28;2021-06-10;3140;1262;191609;96936;44.6;22.6
28;2021-06-11;3790;2135;195399;99071;45.5;23.1
28;2021-06-12;1304;560;196703;99631;45.8;23.2
28;2021-06-13;385;108;197088;99739;45.9;23.2
28;2021-06-14;2207;1996;199295;101735;46.4;23.7
28;2021-06-15;2092;2224;201387;103959;46.9;24.2
28;2021-06-16;2508;3982;203895;107941;47.5;25.1
28;2021-06-17;1940;3135;205835;111076;47.9;25.9
28;2021-06-18;2487;3789;208322;114865;48.5;26.7
28;2021-06-19;776;1612;209098;116477;48.7;27.1
28;2021-06-20;23;24;209121;116501;48.7;27.1
28;2021-06-21;1682;1989;210803;118490;49.1;27.6
28;2021-06-22;1372;2109;212175;120599;49.4;28.1
28;2021-06-23;1782;3164;213957;123763;49.8;28.8
28;2021-06-24;734;929;214691;124692;50.0;29.0
28;2021-06-25;1888;3028;216579;127720;50.4;29.7
28;2021-06-26;310;2114;216889;129834;50.5;30.2
28;2021-06-27;588;1284;217477;131118;50.6;30.5
28;2021-06-28;1225;3655;218702;134773;50.9;31.4
28;2021-06-29;1342;3791;220044;138564;51.2;32.3
28;2021-06-30;1494;4261;221538;142825;51.6;33.3
28;2021-07-01;1277;3500;222815;146325;51.9;34.1
28;2021-07-02;1313;4651;224128;150976;52.2;35.2
28;2021-07-03;1131;2372;225259;153348;52.5;35.7
28;2021-07-04;145;1325;225404;154673;52.5;36.0
28;2021-07-05;1360;2512;226764;157185;52.8;36.6
28;2021-07-06;1508;2870;228272;160055;53.2;37.3
28;2021-07-07;1636;4143;229908;164198;53.5;38.2
28;2021-07-08;1467;3241;231375;167439;53.9;39.0
28;2021-07-09;1393;4520;232768;171959;54.2;40.0
28;2021-07-10;528;2206;233296;174165;54.3;40.6
28;2021-07-11;2;1;233298;174166;54.3;40.6
28;2021-07-12;1526;3929;234824;178095;54.7;41.5
28;2021-07-13;2261;4143;237085;182238;55.2;42.4
28;2021-07-14;1328;1395;238413;183633;55.5;42.8
28;2021-07-15;2985;3974;241398;187607;56.2;43.7
28;2021-07-16;2444;4752;243842;192359;56.8;44.8
28;2021-07-17;1263;2431;245105;194790;57.1;45.4
28;2021-07-18;368;945;245473;195735;57.2;45.6
28;2021-07-19;1806;4339;247279;200074;57.6;46.6
28;2021-07-20;2476;4091;249755;204165;58.2;47.5
28;2021-07-21;2959;4286;252714;208451;58.8;48.5
28;2021-07-22;3670;3431;256384;211882;59.7;49.3
28;2021-07-23;2960;3999;259344;215881;60.4;50.3
28;2021-07-24;1715;1484;261059;217365;60.8;50.6
28;2021-07-25;67;60;261126;217425;60.8;50.6
28;2021-07-26;2930;3387;264056;220812;61.5;51.4
28;2021-07-27;3885;2621;267941;223433;62.4;52.0
28;2021-07-28;3947;2745;271888;226178;63.3;52.7
28;2021-07-29;4466;2092;276354;228270;64.4;53.2
28;2021-07-30;3825;2848;280179;231118;65.2;53.8
28;2021-07-31;763;826;280942;231944;65.4;54.0
28;2021-08-01;378;65;281320;232009;65.5;54.0
28;2021-08-02;1793;1520;283113;233529;65.9;54.4
28;2021-08-03;2684;2167;285797;235696;66.6;54.9
28;2021-08-04;1932;2302;287729;237998;67.0;55.4
28;2021-08-05;1663;1731;289392;239729;67.4;55.8
28;2021-08-06;1618;1969;291010;241698;67.8;56.3
28;2021-08-07;798;1001;291808;242699;68.0;56.5
28;2021-08-08;22;33;291830;242732;68.0;56.5
28;2021-08-09;1388;1102;293218;243834;68.3;56.8
28;2021-08-10;1714;2027;294932;245861;68.7;57.3
28;2021-08-11;1273;1572;296205;247433;69.0;57.6
28;2021-08-12;1165;1881;297370;249314;69.2;58.1
28;2021-08-13;1321;1649;298691;250963;69.6;58.4
28;2021-08-14;659;844;299350;251807;69.7;58.6
28;2021-08-15;264;59;299614;251866;69.8;58.7
28;2021-08-16;862;2145;300476;254011;70.0;59.2
28;2021-08-17;1126;2798;301602;256809;70.2;59.8
28;2021-08-18;891;2412;302493;259221;70.4;60.4
28;2021-08-19;889;2616;303382;261837;70.6;61.0
28;2021-08-20;939;2753;304321;264590;70.9;61.6
28;2021-08-21;381;1001;304702;265591;71.0;61.8
28;2021-08-22;9;31;304711;265622;71.0;61.9
28;2021-08-23;1041;2149;305752;267771;71.2;62.4
28;2021-08-24;867;2582;306619;270353;71.4;63.0
28;2021-08-25;1075;2208;307694;272561;71.7;63.5
28;2021-08-26;701;1817;308395;274378;71.8;63.9
28;2021-08-27;749;2369;309144;276747;72.0;64.4
28;2021-08-28;524;1098;309668;277845;72.1;64.7
28;2021-08-29;7;23;309675;277868;72.1;64.7
28;2021-08-30;994;2164;310669;280032;72.3;65.2
28;2021-08-31;798;2186;311467;282218;72.5;65.7
28;2021-09-01;748;2433;312215;284651;72.7;66.3
28;2021-09-02;542;1958;312757;286609;72.8;66.7
28;2021-09-03;665;2364;313422;288973;73.0;67.3
28;2021-09-04;585;2502;314007;291475;73.1;67.9
28;2021-09-05;210;139;314217;291614;73.2;67.9
28;2021-09-06;405;1388;314622;293002;73.3;68.2
28;2021-09-07;352;1298;314974;294300;73.3;68.5
28;2021-09-08;544;1425;315518;295725;73.5;68.9
28;2021-09-09;319;982;315837;296707;73.5;69.1
28;2021-09-10;591;1417;316428;298124;73.7;69.4
28;2021-09-11;298;1257;316726;299381;73.8;69.7
28;2021-09-12;40;28;316766;299409;73.8;69.7
28;2021-09-13;312;735;317078;300144;73.8;69.9
28;2021-09-14;322;941;317400;301085;73.9;70.1
28;2021-09-15;526;1027;317926;302112;74.0;70.4
28;2021-09-16;252;689;318178;302801;74.1;70.5
28;2021-09-17;301;1046;318479;303847;74.2;70.8
28;2021-09-18;124;237;318603;304084;74.2;70.8
28;2021-09-19;7;17;318610;304101;74.2;70.8
28;2021-09-20;154;458;318764;304559;74.2;70.9
28;2021-09-21;392;935;319156;305494;74.3;71.1
28;2021-09-22;328;1067;319484;306561;74.4;71.4
28;2021-09-23;190;507;319674;307068;74.4;71.5
28;2021-09-24;255;969;319929;308037;74.5;71.7
28;2021-09-25;98;326;320027;308363;74.5;71.8
28;2021-09-26;21;34;320048;308397;74.5;71.8
28;2021-09-27;167;665;320215;309062;74.6;72.0
28;2021-09-28;172;440;320387;309502;74.6;72.1
28;2021-09-29;352;687;320739;310189;74.7;72.2
28;2021-09-30;234;451;320973;310640;74.7;72.3
28;2021-10-01;249;725;321222;311365;74.8;72.5
28;2021-10-02;76;151;321298;311516;74.8;72.5
28;2021-10-03;0;6;321298;311522;74.8;72.5
28;2021-10-04;132;255;321430;311777;74.9;72.6
28;2021-10-05;159;369;321589;312146;74.9;72.7
28;2021-10-06;198;608;321787;312754;74.9;72.8
28;2021-10-07;130;272;321917;313026;75.0;72.9
28;2021-10-08;254;464;322171;313490;75.0;73.0
28;2021-10-09;72;140;322243;313630;75.0;73.0
28;2021-10-10;10;12;322253;313642;75.0;73.0
29;2020-12-27;0;0;0;0;0.0;0.0
29;2020-12-28;1;1;1;1;0.0;0.0
29;2020-12-29;0;0;1;1;0.0;0.0
29;2020-12-30;0;0;1;1;0.0;0.0
29;2020-12-31;0;0;1;1;0.0;0.0
29;2021-01-01;3;0;4;1;0.0;0.0
29;2021-01-02;2;0;6;1;0.0;0.0
29;2021-01-03;1;0;7;1;0.0;0.0
29;2021-01-04;33;0;40;1;0.0;0.0
29;2021-01-05;32;0;72;1;0.0;0.0
29;2021-01-06;43;0;115;1;0.0;0.0
29;2021-01-07;139;0;254;1;0.0;0.0
29;2021-01-08;408;1;662;2;0.1;0.0
29;2021-01-09;2;0;664;2;0.1;0.0
29;2021-01-10;2;0;666;2;0.1;0.0
29;2021-01-11;668;0;1334;2;0.1;0.0
29;2021-01-12;1121;0;2455;2;0.3;0.0
29;2021-01-13;1101;2;3556;4;0.4;0.0
29;2021-01-14;895;4;4451;8;0.5;0.0
29;2021-01-15;1222;7;5673;15;0.6;0.0
29;2021-01-16;168;1;5841;16;0.6;0.0
29;2021-01-17;111;1;5952;17;0.7;0.0
29;2021-01-18;842;6;6794;23;0.7;0.0
29;2021-01-19;1314;3;8108;26;0.9;0.0
29;2021-01-20;2393;3;10501;29;1.2;0.0
29;2021-01-21;5660;16;16161;45;1.8;0.0
29;2021-01-22;3807;8;19968;53;2.2;0.0
29;2021-01-23;539;0;20507;53;2.3;0.0
29;2021-01-24;200;1;20707;54;2.3;0.0
29;2021-01-25;574;7;21281;61;2.3;0.0
29;2021-01-26;951;34;22232;95;2.5;0.0
29;2021-01-27;1286;53;23518;148;2.6;0.0
29;2021-01-28;803;137;24321;285;2.7;0.0
29;2021-01-29;781;205;25102;490;2.8;0.1
29;2021-01-30;282;4;25384;494;2.8;0.1
29;2021-01-31;80;5;25464;499;2.8;0.1
29;2021-02-01;429;448;25893;947;2.9;0.1
29;2021-02-02;879;825;26772;1772;3.0;0.2
29;2021-02-03;810;895;27582;2667;3.0;0.3
29;2021-02-04;870;644;28452;3311;3.1;0.4
29;2021-02-05;676;584;29128;3895;3.2;0.4
29;2021-02-06;249;104;29377;3999;3.2;0.4
29;2021-02-07;78;104;29455;4103;3.2;0.5
29;2021-02-08;384;445;29839;4548;3.3;0.5
29;2021-02-09;864;852;30703;5400;3.4;0.6
29;2021-02-10;1150;1017;31853;6417;3.5;0.7
29;2021-02-11;1802;4163;33655;10580;3.7;1.2
29;2021-02-12;2328;2502;35983;13082;4.0;1.4
29;2021-02-13;639;413;36622;13495;4.0;1.5
29;2021-02-14;12;228;36634;13723;4.0;1.5
29;2021-02-15;267;945;36901;14668;4.1;1.6
29;2021-02-16;887;1054;37788;15722;4.2;1.7
29;2021-02-17;800;851;38588;16573;4.3;1.8
29;2021-02-18;1530;844;40118;17417;4.4;1.9
29;2021-02-19;1417;1008;41535;18425;4.6;2.0
29;2021-02-20;204;366;41739;18791;4.6;2.1
29;2021-02-21;163;167;41902;18958;4.6;2.1
29;2021-02-22;773;561;42675;19519;4.7;2.2
29;2021-02-23;1270;904;43945;20423;4.8;2.3
29;2021-02-24;1472;826;45417;21249;5.0;2.3
29;2021-02-25;2511;909;47928;22158;5.3;2.4
29;2021-02-26;2678;717;50606;22875;5.6;2.5
29;2021-02-27;1285;280;51891;23155;5.7;2.6
29;2021-02-28;200;73;52091;23228;5.7;2.6
29;2021-03-01;948;480;53039;23708;5.9;2.6
29;2021-03-02;1816;798;54855;24506;6.1;2.7
29;2021-03-03;2094;1021;56949;25527;6.3;2.8
29;2021-03-04;2843;1557;59792;27084;6.6;3.0
29;2021-03-05;3539;1685;63331;28769;7.0;3.2
29;2021-03-06;2000;441;65331;29210;7.2;3.2
29;2021-03-07;412;83;65743;29293;7.3;3.2
29;2021-03-08;1273;594;67016;29887;7.4;3.3
29;2021-03-09;2603;978;69619;30865;7.7;3.4
29;2021-03-10;2426;871;72045;31736;7.9;3.5
29;2021-03-11;4520;1006;76565;32742;8.4;3.6
29;2021-03-12;5272;973;81837;33715;9.0;3.7
29;2021-03-13;2824;414;84661;34129;9.3;3.8
29;2021-03-14;367;3;85028;34132;9.4;3.8
29;2021-03-15;2050;272;87078;34404;9.6;3.8
29;2021-03-16;1825;748;88903;35152;9.8;3.9
29;2021-03-17;1862;716;90765;35868;10.0;4.0
29;2021-03-18;1866;1038;92631;36906;10.2;4.1
29;2021-03-19;3270;885;95901;37791;10.6;4.2
29;2021-03-20;1914;225;97815;38016;10.8;4.2
29;2021-03-21;132;11;97947;38027;10.8;4.2
29;2021-03-22;1647;559;99594;38586;11.0;4.3
29;2021-03-23;3443;1042;103037;39628;11.4;4.4
29;2021-03-24;3781;1025;106818;40653;11.8;4.5
29;2021-03-25;4822;1078;111640;41731;12.3;4.6
29;2021-03-26;5423;1172;117063;42903;12.9;4.7
29;2021-03-27;2429;335;119492;43238;13.2;4.8
29;2021-03-28;198;50;119690;43288;13.2;4.8
29;2021-03-29;2042;825;121732;44113;13.4;4.9
29;2021-03-30;3976;1334;125708;45447;13.9;5.0
29;2021-03-31;3937;1162;129645;46609;14.3;5.1
29;2021-04-01;5028;1153;134673;47762;14.9;5.3
29;2021-04-02;4765;1172;139438;48934;15.4;5.4
29;2021-04-03;2500;538;141938;49472;15.7;5.5
29;2021-04-04;146;33;142084;49505;15.7;5.5
29;2021-04-05;972;333;143056;49838;15.8;5.5
29;2021-04-06;3199;1245;146255;51083;16.1;5.6
29;2021-04-07;3653;944;149908;52027;16.5;5.7
29;2021-04-08;5285;2058;155193;54085;17.1;6.0
29;2021-04-09;6759;1570;161952;55655;17.9;6.1
29;2021-04-10;3504;714;165456;56369;18.3;6.2
29;2021-04-11;120;80;165576;56449;18.3;6.2
29;2021-04-12;3853;1486;169429;57935;18.7;6.4
29;2021-04-13;5865;1764;175294;59699;19.3;6.6
29;2021-04-14;4759;1745;180053;61444;19.9;6.8
29;2021-04-15;7174;1734;187227;63178;20.7;7.0
29;2021-04-16;6703;1358;193930;64536;21.4;7.1
29;2021-04-17;3829;971;197759;65507;21.8;7.2
29;2021-04-18;489;41;198248;65548;21.9;7.2
29;2021-04-19;3881;1466;202129;67014;22.3;7.4
29;2021-04-20;4397;2137;206526;69151;22.8;7.6
29;2021-04-21;4378;2199;210904;71350;23.3;7.9
29;2021-04-22;6638;2857;217542;74207;24.0;8.2
29;2021-04-23;6050;2210;223592;76417;24.7;8.4
29;2021-04-24;4008;1323;227600;77740;25.1;8.6
29;2021-04-25;435;172;228035;77912;25.2;8.6
29;2021-04-26;5260;1882;233295;79794;25.7;8.8
29;2021-04-27;5336;3198;238631;82992;26.3;9.2
29;2021-04-28;5359;2913;243990;85905;26.9;9.5
29;2021-04-29;6594;3353;250584;89258;27.6;9.8
29;2021-04-30;6265;3909;256849;93167;28.3;10.3
29;2021-05-01;1986;981;258835;94148;28.6;10.4
29;2021-05-02;1249;196;260084;94344;28.7;10.4
29;2021-05-03;4538;2293;264622;96637;29.2;10.7
29;2021-05-04;4107;3741;268729;100378;29.6;11.1
29;2021-05-05;4524;3413;273253;103791;30.1;11.4
29;2021-05-06;6239;3727;279492;107518;30.8;11.9
29;2021-05-07;5985;4624;285477;112142;31.5;12.4
29;2021-05-08;2097;564;287574;112706;31.7;12.4
29;2021-05-09;1731;141;289305;112847;31.9;12.4
29;2021-05-10;4767;3770;294072;116617;32.4;12.9
29;2021-05-11;4708;4999;298780;121616;33.0;13.4
29;2021-05-12;5023;4382;303803;125998;33.5;13.9
29;2021-05-13;3441;1500;307244;127498;33.9;14.1
29;2021-05-14;5649;4001;312893;131499;34.5;14.5
29;2021-05-15;4049;2312;316942;133811;35.0;14.8
29;2021-05-16;1588;294;318530;134105;35.1;14.8
29;2021-05-17;5562;3130;324092;137235;35.7;15.1
29;2021-05-18;5732;3097;329824;140332;36.4;15.5
29;2021-05-19;6214;2970;336038;143302;37.1;15.8
29;2021-05-20;7172;4567;343210;147869;37.9;16.3
29;2021-05-21;7210;3813;350420;151682;38.7;16.7
29;2021-05-22;5342;2128;355762;153810;39.2;17.0
29;2021-05-23;1631;65;357393;153875;39.4;17.0
29;2021-05-24;3485;534;360878;154409;39.8;17.0
29;2021-05-25;5835;3042;366713;157451;40.5;17.4
29;2021-05-26;5889;2996;372602;160447;41.1;17.7
29;2021-05-27;6825;3986;379427;164433;41.9;18.1
29;2021-05-28;6544;4448;385971;168881;42.6;18.6
29;2021-05-29;4382;2808;390353;171689;43.1;18.9
29;2021-05-30;1113;360;391466;172049;43.2;19.0
29;2021-05-31;6384;3458;397850;175507;43.9;19.4
29;2021-06-01;6603;4351;404453;179858;44.6;19.8
29;2021-06-02;6162;4132;410615;183990;45.3;20.3
29;2021-06-03;7689;4525;418304;188515;46.1;20.8
29;2021-06-04;6812;6165;425116;194680;46.9;21.5
29;2021-06-05;5350;3037;430466;197717;47.5;21.8
29;2021-06-06;1284;538;431750;198255;47.6;21.9
29;2021-06-07;4659;5564;436409;203819;48.1;22.5
29;2021-06-08;7172;5210;443581;209029;48.9;23.1
29;2021-06-09;6403;4752;449984;213781;49.6;23.6
29;2021-06-10;7775;5063;457759;218844;50.5;24.1
29;2021-06-11;8473;5875;466232;224719;51.4;24.8
29;2021-06-12;6562;2817;472794;227536;52.2;25.1
29;2021-06-13;2351;1372;475145;228908;52.4;25.3
29;2021-06-14;4034;6319;479179;235227;52.9;25.9
29;2021-06-15;5477;6182;484656;241409;53.5;26.6
29;2021-06-16;5570;5630;490226;247039;54.1;27.3
29;2021-06-17;6370;6319;496596;253358;54.8;27.9
29;2021-06-18;6116;7492;502712;260850;55.5;28.8
29;2021-06-19;4619;3527;507331;264377;56.0;29.2
29;2021-06-20;891;1452;508222;265829;56.1;29.3
29;2021-06-21;3761;6494;511983;272323;56.5;30.0
29;2021-06-22;4490;6425;516473;278748;57.0;30.7
29;2021-06-23;4673;6132;521146;284880;57.5;31.4
29;2021-06-24;4810;6746;525956;291626;58.0;32.2
29;2021-06-25;3598;7532;529554;299158;58.4;33.0
29;2021-06-26;2131;4093;531685;303251;58.6;33.5
29;2021-06-27;967;1631;532652;304882;58.8;33.6
29;2021-06-28;2844;6862;535496;311744;59.1;34.4
29;2021-06-29;2813;7731;538309;319475;59.4;35.2
29;2021-06-30;3048;7510;541357;326985;59.7;36.1
29;2021-07-01;3790;8424;545147;335409;60.1;37.0
29;2021-07-02;3607;9669;548754;345078;60.5;38.1
29;2021-07-03;2327;6053;551081;351131;60.8;38.7
29;2021-07-04;814;1771;551895;352902;60.9;38.9
29;2021-07-05;1914;7157;553809;360059;61.1;39.7
29;2021-07-06;1543;8006;555352;368065;61.3;40.6
29;2021-07-07;1707;7040;557059;375105;61.4;41.4
29;2021-07-08;2454;8208;559513;383313;61.7;42.3
29;2021-07-09;2627;9069;562140;392382;62.0;43.3
29;2021-07-10;1917;6104;564057;398486;62.2;44.0
29;2021-07-11;449;1064;564506;399550;62.3;44.1
29;2021-07-12;1983;8376;566489;407926;62.5;45.0
29;2021-07-13;2754;8665;569243;416591;62.8;46.0
29;2021-07-14;2086;3372;571329;419963;63.0;46.3
29;2021-07-15;3859;9734;575188;429697;63.4;47.4
29;2021-07-16;4620;9200;579808;438897;64.0;48.4
29;2021-07-17;3223;6117;583031;445014;64.3;49.1
29;2021-07-18;668;1079;583699;446093;64.4;49.2
29;2021-07-19;3157;7545;586856;453638;64.7;50.0
29;2021-07-20;3556;9434;590412;463072;65.1;51.1
29;2021-07-21;3664;7711;594076;470783;65.5;51.9
29;2021-07-22;3429;8538;597505;479321;65.9;52.9
29;2021-07-23;4066;10707;601571;490028;66.4;54.1
29;2021-07-24;2536;5957;604107;495985;66.6;54.7
29;2021-07-25;655;2359;604762;498344;66.7;55.0
29;2021-07-26;3400;7281;608162;505625;67.1;55.8
29;2021-07-27;3721;7111;611883;512736;67.5;56.6
29;2021-07-28;4207;6036;616090;518772;68.0;57.2
29;2021-07-29;5706;6365;621796;525137;68.6;57.9
29;2021-07-30;5473;6538;627269;531675;69.2;58.6
29;2021-07-31;2939;4932;630208;536607;69.5;59.2
29;2021-08-01;659;921;630867;537528;69.6;59.3
29;2021-08-02;4308;5221;635175;542749;70.1;59.9
29;2021-08-03;5490;4410;640665;547159;70.7;60.4
29;2021-08-04;5744;3610;646409;550769;71.3;60.8
29;2021-08-05;6655;4111;653064;554880;72.0;61.2
29;2021-08-06;6217;4336;659281;559216;72.7;61.7
29;2021-08-07;4294;2960;663575;562176;73.2;62.0
29;2021-08-08;854;754;664429;562930;73.3;62.1
29;2021-08-09;3084;4741;667513;567671;73.6;62.6
29;2021-08-10;4493;3865;672006;571536;74.1;63.0
29;2021-08-11;3975;3189;675981;574725;74.6;63.4
29;2021-08-12;4652;4501;680633;579226;75.1;63.9
29;2021-08-13;4239;3720;684872;582946;75.5;64.3
29;2021-08-14;2968;2845;687840;585791;75.9;64.6
29;2021-08-15;338;405;688178;586196;75.9;64.7
29;2021-08-16;3289;4375;691467;590571;76.3;65.1
29;2021-08-17;4411;3421;695878;593992;76.8;65.5
29;2021-08-18;3684;3620;699562;597612;77.2;65.9
29;2021-08-19;3916;4719;703478;602331;77.6;66.4
29;2021-08-20;3512;4600;706990;606931;78.0;66.9
29;2021-08-21;2277;3164;709267;610095;78.2;67.3
29;2021-08-22;217;415;709484;610510;78.3;67.3
29;2021-08-23;2505;4627;711989;615137;78.5;67.9
29;2021-08-24;2468;4954;714457;620091;78.8;68.4
29;2021-08-25;2169;4230;716626;624321;79.0;68.9
29;2021-08-26;2362;5341;718988;629662;79.3;69.5
29;2021-08-27;2067;5914;721055;635576;79.5;70.1
29;2021-08-28;1475;4001;722530;639577;79.7;70.6
29;2021-08-29;453;1318;722983;640895;79.8;70.7
29;2021-08-30;1458;4158;724441;645053;79.9;71.2
29;2021-08-31;1630;4404;726071;649457;80.1;71.6
29;2021-09-01;1345;3756;727416;653213;80.2;72.1
29;2021-09-02;1176;4059;728592;657272;80.4;72.5
29;2021-09-03;1439;4765;730031;662037;80.5;73.0
29;2021-09-04;1419;3775;731450;665812;80.7;73.4
29;2021-09-05;227;687;731677;666499;80.7;73.5
29;2021-09-06;741;3351;732418;669850;80.8;73.9
29;2021-09-07;929;3447;733347;673297;80.9;74.3
29;2021-09-08;914;3435;734261;676732;81.0;74.6
29;2021-09-09;964;3459;735225;680191;81.1;75.0
29;2021-09-10;1201;4375;736426;684566;81.2;75.5
29;2021-09-11;733;3452;737159;688018;81.3;75.9
29;2021-09-12;116;410;737275;688428;81.3;75.9
29;2021-09-13;838;3235;738113;691663;81.4;76.3
29;2021-09-14;725;3010;738838;694673;81.5;76.6
29;2021-09-15;717;3225;739555;697898;81.6;77.0
29;2021-09-16;842;2789;740397;700687;81.7;77.3
29;2021-09-17;931;3243;741328;703930;81.8;77.6
29;2021-09-18;597;3449;741925;707379;81.8;78.0
29;2021-09-19;84;443;742009;707822;81.8;78.1
29;2021-09-20;491;2169;742500;709991;81.9;78.3
29;2021-09-21;474;1917;742974;711908;82.0;78.5
29;2021-09-22;365;2241;743339;714149;82.0;78.8
29;2021-09-23;465;1754;743804;715903;82.0;79.0
29;2021-09-24;485;2230;744289;718133;82.1;79.2
29;2021-09-25;340;2733;744629;720866;82.1;79.5
29;2021-09-26;56;239;744685;721105;82.1;79.5
29;2021-09-27;328;1638;745013;722743;82.2;79.7
29;2021-09-28;264;1567;745277;724310;82.2;79.9
29;2021-09-29;399;1677;745676;725987;82.3;80.1
29;2021-09-30;321;1327;745997;727314;82.3;80.2
29;2021-10-01;460;1536;746457;728850;82.3;80.4
29;2021-10-02;360;1673;746817;730523;82.4;80.6
29;2021-10-03;7;30;746824;730553;82.4;80.6
29;2021-10-04;298;1318;747122;731871;82.4;80.7
29;2021-10-05;238;1066;747360;732937;82.4;80.8
29;2021-10-06;302;1176;747662;734113;82.5;81.0
29;2021-10-07;315;916;747977;735029;82.5;81.1
29;2021-10-08;443;1268;748420;736297;82.6;81.2
29;2021-10-09;336;999;748756;737296;82.6;81.3
29;2021-10-10;5;12;748761;737308;82.6;81.3
2A;2020-12-27;0;0;0;0;0.0;0.0
2A;2020-12-28;0;0;0;0;0.0;0.0
2A;2020-12-29;0;0;0;0;0.0;0.0
2A;2020-12-30;0;0;0;0;0.0;0.0
2A;2020-12-31;0;0;0;0;0.0;0.0
2A;2021-01-01;0;0;0;0;0.0;0.0
2A;2021-01-02;1;0;1;0;0.0;0.0
2A;2021-01-03;0;0;1;0;0.0;0.0
2A;2021-01-04;0;0;1;0;0.0;0.0
2A;2021-01-05;0;0;1;0;0.0;0.0
2A;2021-01-06;6;0;7;0;0.0;0.0
2A;2021-01-07;122;1;129;1;0.1;0.0
2A;2021-01-08;114;2;243;3;0.1;0.0
2A;2021-01-09;39;0;282;3;0.2;0.0
2A;2021-01-10;33;0;315;3;0.2;0.0
2A;2021-01-11;78;0;393;3;0.2;0.0
2A;2021-01-12;85;0;478;3;0.3;0.0
2A;2021-01-13;113;1;591;4;0.4;0.0
2A;2021-01-14;192;1;783;5;0.5;0.0
2A;2021-01-15;149;0;932;5;0.6;0.0
2A;2021-01-16;160;2;1092;7;0.7;0.0
2A;2021-01-17;86;1;1178;8;0.7;0.0
2A;2021-01-18;201;2;1379;10;0.8;0.0
2A;2021-01-19;488;5;1867;15;1.1;0.0
2A;2021-01-20;356;1;2223;16;1.4;0.0
2A;2021-01-21;453;1;2676;17;1.6;0.0
2A;2021-01-22;367;0;3043;17;1.9;0.0
2A;2021-01-23;183;0;3226;17;2.0;0.0
2A;2021-01-24;118;1;3344;18;2.1;0.0
2A;2021-01-25;215;0;3559;18;2.2;0.0
2A;2021-01-26;402;9;3961;27;2.4;0.0
2A;2021-01-27;325;7;4286;34;2.6;0.0
2A;2021-01-28;335;79;4621;113;2.8;0.1
2A;2021-01-29;342;63;4963;176;3.1;0.1
2A;2021-01-30;128;38;5091;214;3.1;0.1
2A;2021-01-31;92;12;5183;226;3.2;0.1
2A;2021-02-01;230;49;5413;275;3.3;0.2
2A;2021-02-02;288;118;5701;393;3.5;0.2
2A;2021-02-03;265;75;5966;468;3.7;0.3
2A;2021-02-04;256;123;6222;591;3.8;0.4
2A;2021-02-05;267;106;6489;697;4.0;0.4
2A;2021-02-06;121;60;6610;757;4.1;0.5
2A;2021-02-07;68;54;6678;811;4.1;0.5
2A;2021-02-08;92;210;6770;1021;4.2;0.6
2A;2021-02-09;128;302;6898;1323;4.2;0.8
2A;2021-02-10;167;237;7065;1560;4.3;1.0
2A;2021-02-11;299;363;7364;1923;4.5;1.2
2A;2021-02-12;345;302;7709;2225;4.7;1.4
2A;2021-02-13;225;60;7934;2285;4.9;1.4
2A;2021-02-14;135;79;8069;2364;5.0;1.5
2A;2021-02-15;198;182;8267;2546;5.1;1.6
2A;2021-02-16;384;320;8651;2866;5.3;1.8
2A;2021-02-17;298;168;8949;3034;5.5;1.9
2A;2021-02-18;340;199;9289;3233;5.7;2.0
2A;2021-02-19;145;298;9434;3531;5.8;2.2
2A;2021-02-20;243;138;9677;3669;6.0;2.3
2A;2021-02-21;58;54;9735;3723;6.0;2.3
2A;2021-02-22;77;215;9812;3938;6.0;2.4
2A;2021-02-23;122;289;9934;4227;6.1;2.6
2A;2021-02-24;82;297;10016;4524;6.2;2.8
2A;2021-02-25;104;265;10120;4789;6.2;2.9
2A;2021-02-26;123;272;10243;5061;6.3;3.1
2A;2021-02-27;308;70;10551;5131;6.5;3.2
2A;2021-02-28;69;66;10620;5197;6.5;3.2
2A;2021-03-01;117;152;10737;5349;6.6;3.3
2A;2021-03-02;199;265;10936;5614;6.7;3.5
2A;2021-03-03;249;258;11185;5872;6.9;3.6
2A;2021-03-04;508;227;11693;6099;7.2;3.8
2A;2021-03-05;973;291;12666;6390;7.8;3.9
2A;2021-03-06;1167;75;13833;6465;8.5;4.0
2A;2021-03-07;1021;48;14854;6513;9.1;4.0
2A;2021-03-08;933;93;15787;6606;9.7;4.1
2A;2021-03-09;938;153;16725;6759;10.3;4.2
2A;2021-03-10;634;141;17359;6900;10.7;4.2
2A;2021-03-11;723;281;18082;7181;11.1;4.4
2A;2021-03-12;562;318;18644;7499;11.5;4.6
2A;2021-03-13;613;199;19257;7698;11.9;4.7
2A;2021-03-14;312;126;19569;7824;12.0;4.8
2A;2021-03-15;377;204;19946;8028;12.3;4.9
2A;2021-03-16;498;371;20444;8399;12.6;5.2
2A;2021-03-17;703;278;21147;8677;13.0;5.3
2A;2021-03-18;447;304;21594;8981;13.3;5.5
2A;2021-03-19;489;160;22083;9141;13.6;5.6
2A;2021-03-20;1079;265;23162;9406;14.3;5.8
2A;2021-03-21;695;54;23857;9460;14.7;5.8
2A;2021-03-22;347;68;24204;9528;14.9;5.9
2A;2021-03-23;518;59;24722;9587;15.2;5.9
2A;2021-03-24;864;92;25586;9679;15.8;6.0
2A;2021-03-25;930;142;26516;9821;16.3;6.0
2A;2021-03-26;1080;166;27596;9987;17.0;6.1
2A;2021-03-27;1189;201;28785;10188;17.7;6.3
2A;2021-03-28;241;97;29026;10285;17.9;6.3
2A;2021-03-29;283;138;29309;10423;18.0;6.4
2A;2021-03-30;384;238;29693;10661;18.3;6.6
2A;2021-03-31;445;226;30138;10887;18.6;6.7
2A;2021-04-01;638;453;30776;11340;18.9;7.0
2A;2021-04-02;904;787;31680;12127;19.5;7.5
2A;2021-04-03;644;983;32324;13110;19.9;8.1
2A;2021-04-04;578;785;32902;13895;20.3;8.6
2A;2021-04-05;525;700;33427;14595;20.6;9.0
2A;2021-04-06;548;561;33975;15156;20.9;9.3
2A;2021-04-07;795;429;34770;15585;21.4;9.6
2A;2021-04-08;1047;358;35817;15943;22.1;9.8
2A;2021-04-09;935;399;36752;16342;22.6;10.1
2A;2021-04-10;1058;384;37810;16726;23.3;10.3
2A;2021-04-11;362;256;38172;16982;23.5;10.5
2A;2021-04-12;671;343;38843;17325;23.9;10.7
2A;2021-04-13;329;381;39172;17706;24.1;10.9
2A;2021-04-14;1045;591;40217;18297;24.8;11.3
2A;2021-04-15;1044;529;41261;18826;25.4;11.6
2A;2021-04-16;872;394;42133;19220;25.9;11.8
2A;2021-04-17;1369;938;43502;20158;26.8;12.4
2A;2021-04-18;981;949;44483;21107;27.4;13.0
2A;2021-04-19;270;343;44753;21450;27.6;13.2
2A;2021-04-20;354;344;45107;21794;27.8;13.4
2A;2021-04-21;729;736;45836;22530;28.2;13.9
2A;2021-04-22;897;649;46733;23179;28.8;14.3
2A;2021-04-23;986;779;47719;23958;29.4;14.8
2A;2021-04-24;1750;985;49469;24943;30.5;15.4
2A;2021-04-25;976;306;50445;25249;31.1;15.5
2A;2021-04-26;308;228;50753;25477;31.2;15.7
2A;2021-04-27;342;349;51095;25826;31.5;15.9
2A;2021-04-28;1676;426;52771;26252;32.5;16.2
2A;2021-04-29;1053;361;53824;26613;33.1;16.4
2A;2021-04-30;1131;1063;54955;27676;33.8;17.0
2A;2021-05-01;970;575;55925;28251;34.4;17.4
2A;2021-05-02;674;708;56599;28959;34.8;17.8
2A;2021-05-03;583;576;57182;29535;35.2;18.2
2A;2021-05-04;752;536;57934;30071;35.7;18.5
2A;2021-05-05;1011;985;58945;31056;36.3;19.1
2A;2021-05-06;904;911;59849;31967;36.8;19.7
2A;2021-05-07;1157;834;61006;32801;37.6;20.2
2A;2021-05-08;422;502;61428;33303;37.8;20.5
2A;2021-05-09;783;636;62211;33939;38.3;20.9
2A;2021-05-10;454;741;62665;34680;38.6;21.4
2A;2021-05-11;652;417;63317;35097;39.0;21.6
2A;2021-05-12;925;488;64242;35585;39.6;21.9
2A;2021-05-13;920;138;65162;35723;40.1;22.0
2A;2021-05-14;797;678;65959;36401;40.6;22.4
2A;2021-05-15;778;649;66737;37050;41.1;22.8
2A;2021-05-16;740;501;67477;37551;41.5;23.1
2A;2021-05-17;584;558;68061;38109;41.9;23.5
2A;2021-05-18;614;475;68675;38584;42.3;23.8
2A;2021-05-19;787;481;69462;39065;42.8;24.1
2A;2021-05-20;692;539;70154;39604;43.2;24.4
2A;2021-05-21;536;483;70690;40087;43.5;24.7
2A;2021-05-22;440;310;71130;40397;43.8;24.9
2A;2021-05-23;533;284;71663;40681;44.1;25.0
2A;2021-05-24;125;33;71788;40714;44.2;25.1
2A;2021-05-25;421;503;72209;41217;44.5;25.4
2A;2021-05-26;425;1166;72634;42383;44.7;26.1
2A;2021-05-27;435;1111;73069;43494;45.0;26.8
2A;2021-05-28;298;915;73367;44409;45.2;27.3
2A;2021-05-29;334;900;73701;45309;45.4;27.9
2A;2021-05-30;181;507;73882;45816;45.5;28.2
2A;2021-05-31;191;413;74073;46229;45.6;28.5
2A;2021-06-01;342;727;74415;46956;45.8;28.9
2A;2021-06-02;285;940;74700;47896;46.0;29.5
2A;2021-06-03;306;850;75006;48746;46.2;30.0
2A;2021-06-04;271;1091;75277;49837;46.3;30.7
2A;2021-06-05;319;1443;75596;51280;46.5;31.6
2A;2021-06-06;173;907;75769;52187;46.6;32.1
2A;2021-06-07;171;658;75940;52845;46.8;32.5
2A;2021-06-08;324;706;76264;53551;47.0;33.0
2A;2021-06-09;304;1320;76568;54871;47.1;33.8
2A;2021-06-10;329;857;76897;55728;47.3;34.3
2A;2021-06-11;277;1021;77174;56749;47.5;34.9
2A;2021-06-12;232;665;77406;57414;47.7;35.3
2A;2021-06-13;189;797;77595;58211;47.8;35.8
2A;2021-06-14;251;922;77846;59133;47.9;36.4
2A;2021-06-15;217;507;78063;59640;48.1;36.7
2A;2021-06-16;213;776;78276;60416;48.2;37.2
2A;2021-06-17;235;591;78511;61007;48.3;37.6
2A;2021-06-18;246;912;78757;61919;48.5;38.1
2A;2021-06-19;208;689;78965;62608;48.6;38.5
2A;2021-06-20;150;692;79115;63300;48.7;39.0
2A;2021-06-21;184;795;79299;64095;48.8;39.5
2A;2021-06-22;236;841;79535;64936;49.0;40.0
2A;2021-06-23;217;568;79752;65504;49.1;40.3
2A;2021-06-24;149;369;79901;65873;49.2;40.6
2A;2021-06-25;167;470;80068;66343;49.3;40.8
2A;2021-06-26;203;872;80271;67215;49.4;41.4
2A;2021-06-27;175;794;80446;68009;49.5;41.9
2A;2021-06-28;194;704;80640;68713;49.6;42.3
2A;2021-06-29;216;689;80856;69402;49.8;42.7
2A;2021-06-30;245;494;81101;69896;49.9;43.0
2A;2021-07-01;211;484;81312;70380;50.1;43.3
2A;2021-07-02;294;368;81606;70748;50.2;43.6
2A;2021-07-03;211;617;81817;71365;50.4;43.9
2A;2021-07-04;179;664;81996;72029;50.5;44.3
2A;2021-07-05;164;235;82160;72264;50.6;44.5
2A;2021-07-06;252;389;82412;72653;50.7;44.7
2A;2021-07-07;433;611;82845;73264;51.0;45.1
2A;2021-07-08;592;705;83437;73969;51.4;45.5
2A;2021-07-09;384;420;83821;74389;51.6;45.8
2A;2021-07-10;281;346;84102;74735;51.8;46.0
2A;2021-07-11;92;161;84194;74896;51.8;46.1
2A;2021-07-12;317;348;84511;75244;52.0;46.3
2A;2021-07-13;1178;535;85689;75779;52.8;46.7
2A;2021-07-14;1623;342;87312;76121;53.8;46.9
2A;2021-07-15;1436;836;88748;76957;54.6;47.4
2A;2021-07-16;1168;467;89916;77424;55.4;47.7
2A;2021-07-17;1096;348;91012;77772;56.0;47.9
2A;2021-07-18;635;136;91647;77908;56.4;48.0
2A;2021-07-19;918;430;92565;78338;57.0;48.2
2A;2021-07-20;1283;475;93848;78813;57.8;48.5
2A;2021-07-21;1426;725;95274;79538;58.7;49.0
2A;2021-07-22;1400;767;96674;80305;59.5;49.4
2A;2021-07-23;1439;463;98113;80768;60.4;49.7
2A;2021-07-24;896;290;99009;81058;61.0;49.9
2A;2021-07-25;451;81;99460;81139;61.2;50.0
2A;2021-07-26;1198;507;100658;81646;62.0;50.3
2A;2021-07-27;1297;520;101955;82166;62.8;50.6
2A;2021-07-28;1199;593;103154;82759;63.5;51.0
2A;2021-07-29;1230;656;104384;83415;64.3;51.4
2A;2021-07-30;961;610;105345;84025;64.9;51.7
2A;2021-07-31;548;340;105893;84365;65.2;51.9
2A;2021-08-01;570;124;106463;84489;65.5;52.0
2A;2021-08-02;451;494;106914;84983;65.8;52.3
2A;2021-08-03;814;881;107728;85864;66.3;52.9
2A;2021-08-04;724;1161;108452;87025;66.8;53.6
2A;2021-08-05;956;1348;109408;88373;67.4;54.4
2A;2021-08-06;390;815;109798;89188;67.6;54.9
2A;2021-08-07;352;888;110150;90076;67.8;55.5
2A;2021-08-08;78;185;110228;90261;67.9;55.6
2A;2021-08-09;663;1142;110891;91403;68.3;56.3
2A;2021-08-10;642;1209;111533;92612;68.7;57.0
2A;2021-08-11;593;1064;112126;93676;69.0;57.7
2A;2021-08-12;742;1491;112868;95167;69.5;58.6
2A;2021-08-13;486;1066;113354;96233;69.8;59.2
2A;2021-08-14;414;766;113768;96999;70.0;59.7
2A;2021-08-15;27;26;113795;97025;70.1;59.7
2A;2021-08-16;481;1292;114276;98317;70.4;60.5
2A;2021-08-17;940;1557;115216;99874;70.9;61.5
2A;2021-08-18;525;1123;115741;100997;71.3;62.2
2A;2021-08-19;431;1010;116172;102007;71.5;62.8
2A;2021-08-20;328;574;116500;102581;71.7;63.2
2A;2021-08-21;240;535;116740;103116;71.9;63.5
2A;2021-08-22;197;617;116937;103733;72.0;63.9
2A;2021-08-23;325;744;117262;104477;72.2;64.3
2A;2021-08-24;326;858;117588;105335;72.4;64.9
2A;2021-08-25;401;881;117989;106216;72.6;65.4
2A;2021-08-26;343;769;118332;106985;72.9;65.9
2A;2021-08-27;244;716;118576;107701;73.0;66.3
2A;2021-08-28;256;352;118832;108053;73.2;66.5
2A;2021-08-29;97;115;118929;108168;73.2;66.6
2A;2021-08-30;244;605;119173;108773;73.4;67.0
2A;2021-08-31;172;493;119345;109266;73.5;67.3
2A;2021-09-01;344;758;119689;110024;73.7;67.7
2A;2021-09-02;314;609;120003;110633;73.9;68.1
2A;2021-09-03;243;457;120246;111090;74.0;68.4
2A;2021-09-04;151;404;120397;111494;74.1;68.6
2A;2021-09-05;29;23;120426;111517;74.1;68.7
2A;2021-09-06;111;342;120537;111859;74.2;68.9
2A;2021-09-07;191;630;120728;112489;74.3;69.3
2A;2021-09-08;221;651;120949;113140;74.5;69.7
2A;2021-09-09;211;460;121160;113600;74.6;69.9
2A;2021-09-10;155;344;121315;113944;74.7;70.2
2A;2021-09-11;135;282;121450;114226;74.8;70.3
2A;2021-09-12;41;81;121491;114307;74.8;70.4
2A;2021-09-13;101;181;121592;114488;74.9;70.5
2A;2021-09-14;227;232;121819;114720;75.0;70.6
2A;2021-09-15;191;541;122010;115261;75.1;71.0
2A;2021-09-16;214;366;122224;115627;75.3;71.2
2A;2021-09-17;134;176;122358;115803;75.3;71.3
2A;2021-09-18;104;302;122462;116105;75.4;71.5
2A;2021-09-19;10;49;122472;116154;75.4;71.5
2A;2021-09-20;37;130;122509;116284;75.4;71.6
2A;2021-09-21;89;246;122598;116530;75.5;71.7
2A;2021-09-22;99;448;122697;116978;75.5;72.0
2A;2021-09-23;90;325;122787;117303;75.6;72.2
2A;2021-09-24;59;259;122846;117562;75.6;72.4
2A;2021-09-25;63;143;122909;117705;75.7;72.5
2A;2021-09-26;10;29;122919;117734;75.7;72.5
2A;2021-09-27;43;104;122962;117838;75.7;72.6
2A;2021-09-28;102;172;123064;118010;75.8;72.7
2A;2021-09-29;108;297;123172;118307;75.8;72.8
2A;2021-09-30;74;209;123246;118516;75.9;73.0
2A;2021-10-01;81;119;123327;118635;75.9;73.0
2A;2021-10-02;78;137;123405;118772;76.0;73.1
2A;2021-10-03;18;33;123423;118805;76.0;73.1
2A;2021-10-04;44;80;123467;118885;76.0;73.2
2A;2021-10-05;38;114;123505;118999;76.0;73.3
2A;2021-10-06;56;119;123561;119118;76.1;73.3
2A;2021-10-07;56;111;123617;119229;76.1;73.4
2A;2021-10-08;50;135;123667;119364;76.1;73.5
2A;2021-10-09;78;263;123745;119627;76.2;73.7
2A;2021-10-10;71;80;123816;119707;76.2;73.7
2B;2020-12-27;0;0;0;0;0.0;0.0
2B;2020-12-28;0;0;0;0;0.0;0.0
2B;2020-12-29;0;0;0;0;0.0;0.0
2B;2020-12-30;0;0;0;0;0.0;0.0
2B;2020-12-31;0;0;0;0;0.0;0.0
2B;2021-01-01;0;0;0;0;0.0;0.0
2B;2021-01-02;0;0;0;0;0.0;0.0
2B;2021-01-03;0;0;0;0;0.0;0.0
2B;2021-01-04;2;0;2;0;0.0;0.0
2B;2021-01-05;0;0;2;0;0.0;0.0
2B;2021-01-06;48;1;50;1;0.0;0.0
2B;2021-01-07;210;0;260;1;0.1;0.0
2B;2021-01-08;197;3;457;4;0.3;0.0
2B;2021-01-09;40;0;497;4;0.3;0.0
2B;2021-01-10;1;0;498;4;0.3;0.0
2B;2021-01-11;74;0;572;4;0.3;0.0
2B;2021-01-12;128;1;700;5;0.4;0.0
2B;2021-01-13;93;0;793;5;0.4;0.0
2B;2021-01-14;72;0;865;5;0.5;0.0
2B;2021-01-15;259;2;1124;7;0.6;0.0
2B;2021-01-16;44;0;1168;7;0.6;0.0
2B;2021-01-17;8;0;1176;7;0.6;0.0
2B;2021-01-18;271;1;1447;8;0.8;0.0
2B;2021-01-19;507;1;1954;9;1.1;0.0
2B;2021-01-20;462;3;2416;12;1.3;0.0
2B;2021-01-21;358;0;2774;12;1.5;0.0
2B;2021-01-22;382;1;3156;13;1.7;0.0
2B;2021-01-23;61;0;3217;13;1.8;0.0
2B;2021-01-24;29;0;3246;13;1.8;0.0
2B;2021-01-25;210;2;3456;15;1.9;0.0
2B;2021-01-26;392;1;3848;16;2.1;0.0
2B;2021-01-27;341;48;4189;64;2.3;0.0
2B;2021-01-28;365;146;4554;210;2.5;0.1
2B;2021-01-29;296;162;4850;372;2.7;0.2
2B;2021-01-30;80;33;4930;405;2.7;0.2
2B;2021-01-31;60;0;4990;405;2.7;0.2
2B;2021-02-01;233;94;5223;499;2.9;0.3
2B;2021-02-02;358;78;5581;577;3.1;0.3
2B;2021-02-03;520;91;6101;668;3.3;0.4
2B;2021-02-04;458;173;6559;841;3.6;0.5
2B;2021-02-05;394;95;6953;936;3.8;0.5
2B;2021-02-06;87;14;7040;950;3.9;0.5
2B;2021-02-07;60;0;7100;950;3.9;0.5
2B;2021-02-08;231;153;7331;1103;4.0;0.6
2B;2021-02-09;586;313;7917;1416;4.3;0.8
2B;2021-02-10;485;196;8402;1612;4.6;0.9
2B;2021-02-11;382;129;8784;1741;4.8;1.0
2B;2021-02-12;299;125;9083;1866;5.0;1.0
2B;2021-02-13;77;13;9160;1879;5.0;1.0
2B;2021-02-14;62;1;9222;1880;5.1;1.0
2B;2021-02-15;190;128;9412;2008;5.2;1.1
2B;2021-02-16;249;287;9661;2295;5.3;1.3
2B;2021-02-17;312;318;9973;2613;5.5;1.4
2B;2021-02-18;215;347;10188;2960;5.6;1.6
2B;2021-02-19;163;306;10351;3266;5.7;1.8
2B;2021-02-20;32;62;10383;3328;5.7;1.8
2B;2021-02-21;28;29;10411;3357;5.7;1.8
2B;2021-02-22;133;189;10544;3546;5.8;1.9
2B;2021-02-23;232;355;10776;3901;5.9;2.1
2B;2021-02-24;229;310;11005;4211;6.0;2.3
2B;2021-02-25;245;340;11250;4551;6.2;2.5
2B;2021-02-26;301;282;11551;4833;6.3;2.7
2B;2021-02-27;60;85;11611;4918;6.4;2.7
2B;2021-02-28;1;57;11612;4975;6.4;2.7
2B;2021-03-01;246;261;11858;5236;6.5;2.9
2B;2021-03-02;352;390;12210;5626;6.7;3.1
2B;2021-03-03;299;434;12509;6060;6.9;3.3
2B;2021-03-04;447;409;12956;6469;7.1;3.5
2B;2021-03-05;619;384;13575;6853;7.4;3.8
2B;2021-03-06;682;101;14257;6954;7.8;3.8
2B;2021-03-07;361;60;14618;7014;8.0;3.8
2B;2021-03-08;301;240;14919;7254;8.2;4.0
2B;2021-03-09;384;506;15303;7760;8.4;4.3
2B;2021-03-10;631;447;15934;8207;8.7;4.5
2B;2021-03-11;584;355;16518;8562;9.1;4.7
2B;2021-03-12;967;231;17485;8793;9.6;4.8
2B;2021-03-13;511;110;17996;8903;9.9;4.9
2B;2021-03-14;226;64;18222;8967;10.0;4.9
2B;2021-03-15;516;202;18738;9169;10.3;5.0
2B;2021-03-16;571;279;19309;9448;10.6;5.2
2B;2021-03-17;530;263;19839;9711;10.9;5.3
2B;2021-03-18;551;230;20390;9941;11.2;5.5
2B;2021-03-19;805;195;21195;10136;11.6;5.6
2B;2021-03-20;656;38;21851;10174;12.0;5.6
2B;2021-03-21;428;37;22279;10211;12.2;5.6
2B;2021-03-22;546;126;22825;10337;12.5;5.7
2B;2021-03-23;788;260;23613;10597;13.0;5.8
2B;2021-03-24;832;215;24445;10812;13.4;5.9
2B;2021-03-25;825;164;25270;10976;13.9;6.0
2B;2021-03-26;958;191;26228;11167;14.4;6.1
2B;2021-03-27;1092;40;27320;11207;15.0;6.1
2B;2021-03-28;830;126;28150;11333;15.4;6.2
2B;2021-03-29;745;181;28895;11514;15.9;6.3
2B;2021-03-30;971;333;29866;11847;16.4;6.5
2B;2021-03-31;981;266;30847;12113;16.9;6.6
2B;2021-04-01;1003;230;31850;12343;17.5;6.8
2B;2021-04-02;966;414;32816;12757;18.0;7.0
2B;2021-04-03;1247;154;34063;12911;18.7;7.1
2B;2021-04-04;197;61;34260;12972;18.8;7.1
2B;2021-04-05;109;113;34369;13085;18.9;7.2
2B;2021-04-06;1032;362;35401;13447;19.4;7.4
2B;2021-04-07;1231;431;36632;13878;20.1;7.6
2B;2021-04-08;1129;409;37761;14287;20.7;7.8
2B;2021-04-09;1166;568;38927;14855;21.4;8.2
2B;2021-04-10;1352;267;40279;15122;22.1;8.3
2B;2021-04-11;815;65;41094;15187;22.5;8.3
2B;2021-04-12;853;559;41947;15746;23.0;8.6
2B;2021-04-13;1063;632;43010;16378;23.6;9.0
2B;2021-04-14;1046;494;44056;16872;24.2;9.3
2B;2021-04-15;886;520;44942;17392;24.7;9.5
2B;2021-04-16;910;649;45852;18041;25.2;9.9
2B;2021-04-17;386;447;46238;18488;25.4;10.1
2B;2021-04-18;253;343;46491;18831;25.5;10.3
2B;2021-04-19;822;438;47313;19269;26.0;10.6
2B;2021-04-20;898;846;48211;20115;26.5;11.0
2B;2021-04-21;1055;610;49266;20725;27.0;11.4
2B;2021-04-22;937;734;50203;21459;27.5;11.8
2B;2021-04-23;662;630;50865;22089;27.9;12.1
2B;2021-04-24;288;772;51153;22861;28.1;12.5
2B;2021-04-25;285;477;51438;23338;28.2;12.8
2B;2021-04-26;708;921;52146;24259;28.6;13.3
2B;2021-04-27;965;876;53111;25135;29.1;13.8
2B;2021-04-28;918;865;54029;26000;29.6;14.3
2B;2021-04-29;925;873;54954;26873;30.2;14.7
2B;2021-04-30;1133;832;56087;27705;30.8;15.2
2B;2021-05-01;460;1116;56547;28821;31.0;15.8
2B;2021-05-02;335;245;56882;29066;31.2;15.9
2B;2021-05-03;1017;496;57899;29562;31.8;16.2
2B;2021-05-04;811;1154;58710;30716;32.2;16.9
2B;2021-05-05;800;1377;59510;32093;32.7;17.6
2B;2021-05-06;1285;905;60795;32998;33.4;18.1
2B;2021-05-07;1062;990;61857;33988;33.9;18.6
2B;2021-05-08;459;853;62316;34841;34.2;19.1
2B;2021-05-09;392;683;62708;35524;34.4;19.5
2B;2021-05-10;924;805;63632;36329;34.9;19.9
2B;2021-05-11;933;1163;64565;37492;35.4;20.6
2B;2021-05-12;859;893;65424;38385;35.9;21.1
2B;2021-05-13;1028;376;66452;38761;36.5;21.3
2B;2021-05-14;719;577;67171;39338;36.9;21.6
2B;2021-05-15;702;353;67873;39691;37.2;21.8
2B;2021-05-16;300;180;68173;39871;37.4;21.9
2B;2021-05-17;1003;405;69176;40276;38.0;22.1
2B;2021-05-18;990;382;70166;40658;38.5;22.3
2B;2021-05-19;773;416;70939;41074;38.9;22.5
2B;2021-05-20;668;359;71607;41433;39.3;22.7
2B;2021-05-21;707;502;72314;41935;39.7;23.0
2B;2021-05-22;576;392;72890;42327;40.0;23.2
2B;2021-05-23;170;46;73060;42373;40.1;23.2
2B;2021-05-24;40;115;73100;42488;40.1;23.3
2B;2021-05-25;548;354;73648;42842;40.4;23.5
2B;2021-05-26;545;787;74193;43629;40.7;23.9
2B;2021-05-27;407;1131;74600;44760;40.9;24.6
2B;2021-05-28;550;905;75150;45665;41.2;25.1
2B;2021-05-29;311;353;75461;46018;41.4;25.2
2B;2021-05-30;46;45;75507;46063;41.4;25.3
2B;2021-05-31;375;831;75882;46894;41.6;25.7
2B;2021-06-01;414;1037;76296;47931;41.9;26.3
2B;2021-06-02;363;988;76659;48919;42.1;26.8
2B;2021-06-03;498;806;77157;49725;42.3;27.3
2B;2021-06-04;343;1253;77500;50978;42.5;28.0
2B;2021-06-05;257;494;77757;51472;42.7;28.2
2B;2021-06-06;51;129;77808;51601;42.7;28.3
2B;2021-06-07;280;949;78088;52550;42.8;28.8
2B;2021-06-08;399;1167;78487;53717;43.1;29.5
2B;2021-06-09;519;1177;79006;54894;43.3;30.1
2B;2021-06-10;369;939;79375;55833;43.6;30.6
2B;2021-06-11;432;1275;79807;57108;43.8;31.3
2B;2021-06-12;152;545;79959;57653;43.9;31.6
2B;2021-06-13;27;59;79986;57712;43.9;31.7
2B;2021-06-14;195;1115;80181;58827;44.0;32.3
2B;2021-06-15;344;1217;80525;60044;44.2;32.9
2B;2021-06-16;383;935;80908;60979;44.4;33.5
2B;2021-06-17;402;1049;81310;62028;44.6;34.0
2B;2021-06-18;348;960;81658;62988;44.8;34.6
2B;2021-06-19;144;330;81802;63318;44.9;34.7
2B;2021-06-20;44;194;81846;63512;44.9;34.8
2B;2021-06-21;265;962;82111;64474;45.1;35.4
2B;2021-06-22;317;1115;82428;65589;45.2;36.0
2B;2021-06-23;209;871;82637;66460;45.3;36.5
2B;2021-06-24;337;758;82974;67218;45.5;36.9
2B;2021-06-25;210;1074;83184;68292;45.6;37.5
2B;2021-06-26;105;550;83289;68842;45.7;37.8
2B;2021-06-27;31;214;83320;69056;45.7;37.9
2B;2021-06-28;329;954;83649;70010;45.9;38.4
2B;2021-06-29;270;985;83919;70995;46.0;39.0
2B;2021-06-30;380;948;84299;71943;46.3;39.5
2B;2021-07-01;226;507;84525;72450;46.4;39.8
2B;2021-07-02;219;557;84744;73007;46.5;40.1
2B;2021-07-03;92;398;84836;73405;46.5;40.3
2B;2021-07-04;2;0;84838;73405;46.5;40.3
2B;2021-07-05;263;666;85101;74071;46.7;40.6
2B;2021-07-06;450;707;85551;74778;46.9;41.0
2B;2021-07-07;381;911;85932;75689;47.1;41.5
2B;2021-07-08;183;351;86115;76040;47.2;41.7
2B;2021-07-09;250;377;86365;76417;47.4;41.9
2B;2021-07-10;197;199;86562;76616;47.5;42.0
2B;2021-07-11;13;14;86575;76630;47.5;42.0
2B;2021-07-12;497;747;87072;77377;47.8;42.5
2B;2021-07-13;822;1021;87894;78398;48.2;43.0
2B;2021-07-14;344;100;88238;78498;48.4;43.1
2B;2021-07-15;1270;589;89508;79087;49.1;43.4
2B;2021-07-16;1120;564;90628;79651;49.7;43.7
2B;2021-07-17;710;318;91338;79969;50.1;43.9
2B;2021-07-18;179;49;91517;80018;50.2;43.9
2B;2021-07-19;857;708;92374;80726;50.7;44.3
2B;2021-07-20;1210;683;93584;81409;51.3;44.7
2B;2021-07-21;1396;726;94980;82135;52.1;45.1
2B;2021-07-22;1330;604;96310;82739;52.8;45.4
2B;2021-07-23;1330;503;97640;83242;53.6;45.7
2B;2021-07-24;534;315;98174;83557;53.9;45.8
2B;2021-07-25;203;71;98377;83628;54.0;45.9
2B;2021-07-26;913;634;99290;84262;54.5;46.2
2B;2021-07-27;1578;711;100868;84973;55.3;46.6
2B;2021-07-28;1177;633;102045;85606;56.0;47.0
2B;2021-07-29;1144;449;103189;86055;56.6;47.2
2B;2021-07-30;763;350;103952;86405;57.0;47.4
2B;2021-07-31;539;234;104491;86639;57.3;47.5
2B;2021-08-01;230;57;104721;86696;57.5;47.6
2B;2021-08-02;799;471;105520;87167;57.9;47.8
2B;2021-08-03;1138;786;106658;87953;58.5;48.3
2B;2021-08-04;810;454;107468;88407;59.0;48.5
2B;2021-08-05;1026;560;108494;88967;59.5;48.8
2B;2021-08-06;704;526;109198;89493;59.9;49.1
2B;2021-08-07;306;408;109504;89901;60.1;49.3
2B;2021-08-08;93;142;109597;90043;60.1;49.4
2B;2021-08-09;536;747;110133;90790;60.4;49.8
2B;2021-08-10;739;1133;110872;91923;60.8;50.4
2B;2021-08-11;753;902;111625;92825;61.2;50.9
2B;2021-08-12;692;1045;112317;93870;61.6;51.5
2B;2021-08-13;494;948;112811;94818;61.9;52.0
2B;2021-08-14;200;437;113011;95255;62.0;52.3
2B;2021-08-15;117;173;113128;95428;62.1;52.4
2B;2021-08-16;509;1063;113637;96491;62.3;52.9
2B;2021-08-17;587;1308;114224;97799;62.7;53.7
2B;2021-08-18;506;1193;114730;98992;62.9;54.3
2B;2021-08-19;434;900;115164;99892;63.2;54.8
2B;2021-08-20;369;813;115533;100705;63.4;55.3
2B;2021-08-21;158;474;115691;101179;63.5;55.5
2B;2021-08-22;79;208;115770;101387;63.5;55.6
2B;2021-08-23;376;945;116146;102332;63.7;56.1
2B;2021-08-24;498;1214;116644;103546;64.0;56.8
2B;2021-08-25;347;971;116991;104517;64.2;57.3
2B;2021-08-26;404;817;117395;105334;64.4;57.8
2B;2021-08-27;262;572;117657;105906;64.6;58.1
2B;2021-08-28;168;442;117825;106348;64.6;58.4
2B;2021-08-29;53;126;117878;106474;64.7;58.4
2B;2021-08-30;364;836;118242;107310;64.9;58.9
2B;2021-08-31;380;863;118622;108173;65.1;59.4
2B;2021-09-01;369;913;118991;109086;65.3;59.9
2B;2021-09-02;306;654;119297;109740;65.5;60.2
2B;2021-09-03;220;422;119517;110162;65.6;60.4
2B;2021-09-04;124;306;119641;110468;65.6;60.6
2B;2021-09-05;17;102;119658;110570;65.7;60.7
2B;2021-09-06;165;570;119823;111140;65.7;61.0
2B;2021-09-07;259;759;120082;111899;65.9;61.4
2B;2021-09-08;203;621;120285;112520;66.0;61.7
2B;2021-09-09;185;405;120470;112925;66.1;62.0
2B;2021-09-10;201;366;120671;113291;66.2;62.2
2B;2021-09-11;130;249;120801;113540;66.3;62.3
2B;2021-09-12;17;94;120818;113634;66.3;62.3
2B;2021-09-13;191;464;121009;114098;66.4;62.6
2B;2021-09-14;280;634;121289;114732;66.5;63.0
2B;2021-09-15;159;598;121448;115330;66.6;63.3
2B;2021-09-16;216;301;121664;115631;66.8;63.4
2B;2021-09-17;115;194;121779;115825;66.8;63.6
2B;2021-09-18;51;157;121830;115982;66.8;63.6
2B;2021-09-19;15;18;121845;116000;66.9;63.6
2B;2021-09-20;106;409;121951;116409;66.9;63.9
2B;2021-09-21;100;410;122051;116819;67.0;64.1
2B;2021-09-22;116;404;122167;117223;67.0;64.3
2B;2021-09-23;103;228;122270;117451;67.1;64.4
2B;2021-09-24;87;213;122357;117664;67.1;64.6
2B;2021-09-25;36;123;122393;117787;67.2;64.6
2B;2021-09-26;2;23;122395;117810;67.2;64.6
2B;2021-09-27;71;229;122466;118039;67.2;64.8
2B;2021-09-28;99;194;122565;118233;67.2;64.9
2B;2021-09-29;120;345;122685;118578;67.3;65.1
2B;2021-09-30;71;133;122756;118711;67.4;65.1
2B;2021-10-01;113;163;122869;118874;67.4;65.2
2B;2021-10-02;52;114;122921;118988;67.4;65.3
2B;2021-10-03;13;15;122934;119003;67.5;65.3
2B;2021-10-04;84;156;123018;119159;67.5;65.4
2B;2021-10-05;90;225;123108;119384;67.5;65.5
2B;2021-10-06;125;285;123233;119669;67.6;65.7
2B;2021-10-07;49;137;123282;119806;67.6;65.7
2B;2021-10-08;82;171;123364;119977;67.7;65.8
2B;2021-10-09;67;108;123431;120085;67.7;65.9
2B;2021-10-10;11;22;123442;120107;67.7;65.9
30;2020-12-27;1;0;1;0;0.0;0.0
30;2020-12-28;2;0;3;0;0.0;0.0
30;2020-12-29;0;0;3;0;0.0;0.0
30;2020-12-30;0;0;3;0;0.0;0.0
30;2020-12-31;0;0;3;0;0.0;0.0
30;2021-01-01;0;0;3;0;0.0;0.0
30;2021-01-02;0;0;3;0;0.0;0.0
30;2021-01-03;0;0;3;0;0.0;0.0
30;2021-01-04;0;0;3;0;0.0;0.0
30;2021-01-05;4;0;7;0;0.0;0.0
30;2021-01-06;128;0;135;0;0.0;0.0
30;2021-01-07;314;0;449;0;0.1;0.0
30;2021-01-08;532;2;981;2;0.1;0.0
30;2021-01-09;270;0;1251;2;0.2;0.0
30;2021-01-10;0;0;1251;2;0.2;0.0
30;2021-01-11;536;1;1787;3;0.2;0.0
30;2021-01-12;801;3;2588;6;0.3;0.0
30;2021-01-13;641;0;3229;6;0.4;0.0
30;2021-01-14;653;5;3882;11;0.5;0.0
30;2021-01-15;756;2;4638;13;0.6;0.0
30;2021-01-16;313;0;4951;13;0.7;0.0
30;2021-01-17;4;0;4955;13;0.7;0.0
30;2021-01-18;947;12;5902;25;0.8;0.0
30;2021-01-19;1735;6;7637;31;1.0;0.0
30;2021-01-20;1303;3;8940;34;1.2;0.0
30;2021-01-21;1230;3;10170;37;1.4;0.0
30;2021-01-22;1078;7;11248;44;1.5;0.0
30;2021-01-23;634;2;11882;46;1.6;0.0
30;2021-01-24;0;0;11882;46;1.6;0.0
30;2021-01-25;830;5;12712;51;1.7;0.0
30;2021-01-26;1060;17;13772;68;1.8;0.0
30;2021-01-27;983;110;14755;178;2.0;0.0
30;2021-01-28;714;272;15469;450;2.1;0.1
30;2021-01-29;671;440;16140;890;2.2;0.1
30;2021-01-30;473;285;16613;1175;2.2;0.2
30;2021-01-31;3;7;16616;1182;2.2;0.2
30;2021-02-01;816;441;17432;1623;2.3;0.2
30;2021-02-02;1875;683;19307;2306;2.6;0.3
30;2021-02-03;1185;486;20492;2792;2.7;0.4
30;2021-02-04;970;661;21462;3453;2.9;0.5
30;2021-02-05;599;762;22061;4215;2.9;0.6
30;2021-02-06;296;261;22357;4476;3.0;0.6
30;2021-02-07;3;9;22360;4485;3.0;0.6
30;2021-02-08;574;735;22934;5220;3.1;0.7
30;2021-02-09;986;1009;23920;6229;3.2;0.8
30;2021-02-10;985;1093;24905;7322;3.3;1.0
30;2021-02-11;929;1031;25834;8353;3.5;1.1
30;2021-02-12;619;997;26453;9350;3.5;1.2
30;2021-02-13;435;383;26888;9733;3.6;1.3
30;2021-02-14;3;23;26891;9756;3.6;1.3
30;2021-02-15;450;616;27341;10372;3.7;1.4
30;2021-02-16;460;847;27801;11219;3.7;1.5
30;2021-02-17;683;619;28484;11838;3.8;1.6
30;2021-02-18;797;526;29281;12364;3.9;1.7
30;2021-02-19;577;670;29858;13034;4.0;1.7
30;2021-02-20;224;228;30082;13262;4.0;1.8
30;2021-02-21;5;3;30087;13265;4.0;1.8
30;2021-02-22;502;764;30589;14029;4.1;1.9
30;2021-02-23;973;1467;31562;15496;4.2;2.1
30;2021-02-24;931;1196;32493;16692;4.3;2.2
30;2021-02-25;1211;893;33704;17585;4.5;2.3
30;2021-02-26;1336;599;35040;18184;4.7;2.4
30;2021-02-27;564;542;35604;18726;4.8;2.5
30;2021-02-28;6;7;35610;18733;4.8;2.5
30;2021-03-01;1342;830;36952;19563;4.9;2.6
30;2021-03-02;1714;915;38666;20478;5.2;2.7
30;2021-03-03;2311;769;40977;21247;5.5;2.8
30;2021-03-04;2638;879;43615;22126;5.8;3.0
30;2021-03-05;2766;622;46381;22748;6.2;3.0
30;2021-03-06;2998;370;49379;23118;6.6;3.1
30;2021-03-07;1862;50;51241;23168;6.8;3.1
30;2021-03-08;1556;789;52797;23957;7.1;3.2
30;2021-03-09;2277;873;55074;24830;7.4;3.3
30;2021-03-10;2360;663;57434;25493;7.7;3.4
30;2021-03-11;3053;710;60487;26203;8.1;3.5
30;2021-03-12;3114;404;63601;26607;8.5;3.6
30;2021-03-13;2227;298;65828;26905;8.8;3.6
30;2021-03-14;83;3;65911;26908;8.8;3.6
30;2021-03-15;1580;571;67491;27479;9.0;3.7
30;2021-03-16;1297;1072;68788;28551;9.2;3.8
30;2021-03-17;1456;650;70244;29201;9.4;3.9
30;2021-03-18;1648;715;71892;29916;9.6;4.0
30;2021-03-19;2250;553;74142;30469;9.9;4.1
30;2021-03-20;1400;149;75542;30618;10.1;4.1
30;2021-03-21;58;9;75600;30627;10.1;4.1
30;2021-03-22;2394;727;77994;31354;10.4;4.2
30;2021-03-23;3512;821;81506;32175;10.9;4.3
30;2021-03-24;3637;835;85143;33010;11.4;4.4
30;2021-03-25;4406;854;89549;33864;12.0;4.5
30;2021-03-26;4361;651;93910;34515;12.5;4.6
30;2021-03-27;1971;381;95881;34896;12.8;4.7
30;2021-03-28;35;29;95916;34925;12.8;4.7
30;2021-03-29;2816;1660;98732;36585;13.2;4.9
30;2021-03-30;3777;1890;102509;38475;13.7;5.1
30;2021-03-31;3505;1656;106014;40131;14.2;5.4
30;2021-04-01;4016;1473;110030;41604;14.7;5.6
30;2021-04-02;3605;1235;113635;42839;15.2;5.7
30;2021-04-03;1061;1230;114696;44069;15.3;5.9
30;2021-04-04;30;189;114726;44258;15.3;5.9
30;2021-04-05;765;292;115491;44550;15.4;6.0
30;2021-04-06;3045;1582;118536;46132;15.8;6.2
30;2021-04-07;2719;1634;121255;47766;16.2;6.4
30;2021-04-08;3922;1499;125177;49265;16.7;6.6
30;2021-04-09;4889;1529;130066;50794;17.4;6.8
30;2021-04-10;2426;1180;132492;51974;17.7;6.9
30;2021-04-11;951;60;133443;52034;17.8;7.0
30;2021-04-12;3142;1499;136585;53533;18.2;7.2
30;2021-04-13;4019;1942;140604;55475;18.8;7.4
30;2021-04-14;3387;1548;143991;57023;19.2;7.6
30;2021-04-15;3827;1476;147818;58499;19.7;7.8
30;2021-04-16;3704;1549;151522;60048;20.2;8.0
30;2021-04-17;1493;959;153015;61007;20.4;8.2
30;2021-04-18;961;67;153976;61074;20.6;8.2
30;2021-04-19;2447;2301;156423;63375;20.9;8.5
30;2021-04-20;2817;2837;159240;66212;21.3;8.8
30;2021-04-21;2599;2580;161839;68792;21.6;9.2
30;2021-04-22;3525;2323;165364;71115;22.1;9.5
30;2021-04-23;3580;2311;168944;73426;22.6;9.8
30;2021-04-24;1347;1231;170291;74657;22.8;10.0
30;2021-04-25;748;92;171039;74749;22.9;10.0
30;2021-04-26;2015;2392;173054;77141;23.1;10.3
30;2021-04-27;2952;2605;176006;79746;23.5;10.7
30;2021-04-28;2839;2495;178845;82241;23.9;11.0
30;2021-04-29;3620;2332;182465;84573;24.4;11.3
30;2021-04-30;3409;2032;185874;86605;24.8;11.6
30;2021-05-01;1746;604;187620;87209;25.1;11.7
30;2021-05-02;667;246;188287;87455;25.2;11.7
30;2021-05-03;3750;2512;192037;89967;25.7;12.0
30;2021-05-04;3976;3547;196013;93514;26.2;12.5
30;2021-05-05;3941;3127;199954;96641;26.7;12.9
30;2021-05-06;4202;3378;204156;100019;27.3;13.4
30;2021-05-07;4080;3071;208236;103090;27.8;13.8
30;2021-05-08;1606;723;209842;103813;28.0;13.9
30;2021-05-09;372;613;210214;104426;28.1;14.0
30;2021-05-10;2921;3121;213135;107547;28.5;14.4
30;2021-05-11;5388;3655;218523;111202;29.2;14.9
30;2021-05-12;5303;3219;223826;114421;29.9;15.3
30;2021-05-13;3230;1029;227056;115450;30.3;15.4
30;2021-05-14;4890;2461;231946;117911;31.0;15.8
30;2021-05-15;3407;1206;235353;119117;31.4;15.9
30;2021-05-16;397;338;235750;119455;31.5;16.0
30;2021-05-17;3793;3033;239543;122488;32.0;16.4
30;2021-05-18;4826;3036;244369;125524;32.6;16.8
30;2021-05-19;4774;2547;249143;128071;33.3;17.1
30;2021-05-20;5014;2576;254157;130647;34.0;17.5
30;2021-05-21;4884;2473;259041;133120;34.6;17.8
30;2021-05-22;3155;1286;262196;134406;35.0;18.0
30;2021-05-23;289;344;262485;134750;35.1;18.0
30;2021-05-24;785;766;263270;135516;35.2;18.1
30;2021-05-25;2654;3158;265924;138674;35.5;18.5
30;2021-05-26;2887;2572;268811;141246;35.9;18.9
30;2021-05-27;3757;2716;272568;143962;36.4;19.2
30;2021-05-28;3325;3263;275893;147225;36.9;19.7
30;2021-05-29;1687;1797;277580;149022;37.1;19.9
30;2021-05-30;360;584;277940;149606;37.1;20.0
30;2021-05-31;2830;2298;280770;151904;37.5;20.3
30;2021-06-01;3657;2796;284427;154700;38.0;20.7
30;2021-06-02;3320;2452;287747;157152;38.4;21.0
30;2021-06-03;4129;3358;291876;160510;39.0;21.4
30;2021-06-04;3896;3400;295772;163910;39.5;21.9
30;2021-06-05;1904;1313;297676;165223;39.8;22.1
30;2021-06-06;684;265;298360;165488;39.9;22.1
30;2021-06-07;4721;2527;303081;168015;40.5;22.4
30;2021-06-08;4830;3330;307911;171345;41.1;22.9
30;2021-06-09;4151;2992;312062;174337;41.7;23.3
30;2021-06-10;4613;3358;316675;177695;42.3;23.7
30;2021-06-11;4583;3811;321258;181506;42.9;24.3
30;2021-06-12;2485;1709;323743;183215;43.3;24.5
30;2021-06-13;493;344;324236;183559;43.3;24.5
30;2021-06-14;2470;4712;326706;188271;43.6;25.2
30;2021-06-15;3198;5312;329904;193583;44.1;25.9
30;2021-06-16;3107;4648;333011;198231;44.5;26.5
30;2021-06-17;3922;4377;336933;202608;45.0;27.1
30;2021-06-18;3713;4698;340646;207306;45.5;27.7
30;2021-06-19;1441;2004;342087;209310;45.7;28.0
30;2021-06-20;357;491;342444;209801;45.8;28.0
30;2021-06-21;2379;4911;344823;214712;46.1;28.7
30;2021-06-22;2365;5742;347188;220454;46.4;29.5
30;2021-06-23;2529;5344;349717;225798;46.7;30.2
30;2021-06-24;2336;4708;352053;230506;47.0;30.8
30;2021-06-25;2611;5603;354664;236109;47.4;31.5
30;2021-06-26;909;2940;355573;239049;47.5;31.9
30;2021-06-27;222;527;355795;239576;47.5;32.0
30;2021-06-28;1670;6024;357465;245600;47.8;32.8
30;2021-06-29;1837;6023;359302;251623;48.0;33.6
30;2021-06-30;2001;5255;361303;256878;48.3;34.3
30;2021-07-01;3105;4719;364408;261597;48.7;35.0
30;2021-07-02;2833;4626;367241;266223;49.1;35.6
30;2021-07-03;1154;3047;368395;269270;49.2;36.0
30;2021-07-04;116;393;368511;269663;49.2;36.0
30;2021-07-05;2025;4029;370536;273692;49.5;36.6
30;2021-07-06;2663;4975;373199;278667;49.9;37.2
30;2021-07-07;2538;4224;375737;282891;50.2;37.8
30;2021-07-08;2012;3418;377749;286309;50.5;38.3
30;2021-07-09;2410;5314;380159;291623;50.8;39.0
30;2021-07-10;1504;2159;381663;293782;51.0;39.3
30;2021-07-11;47;415;381710;294197;51.0;39.3
30;2021-07-12;2527;5154;384237;299351;51.3;40.0
30;2021-07-13;3300;6029;387537;305380;51.8;40.8
30;2021-07-14;502;550;388039;305930;51.8;40.9
30;2021-07-15;4127;5477;392166;311407;52.4;41.6
30;2021-07-16;5036;5727;397202;317134;53.1;42.4
30;2021-07-17;1706;2467;398908;319601;53.3;42.7
30;2021-07-18;146;602;399054;320203;53.3;42.8
30;2021-07-19;3374;6315;402428;326518;53.8;43.6
30;2021-07-20;4640;6523;407068;333041;54.4;44.5
30;2021-07-21;4063;5415;411131;338456;54.9;45.2
30;2021-07-22;4900;5745;416031;344201;55.6;46.0
30;2021-07-23;4998;5872;421029;350073;56.3;46.8
30;2021-07-24;2240;3257;423269;353330;56.6;47.2
30;2021-07-25;137;309;423406;353639;56.6;47.2
30;2021-07-26;4414;4134;427820;357773;57.2;47.8
30;2021-07-27;4856;4654;432676;362427;57.8;48.4
30;2021-07-28;4877;4025;437553;366452;58.5;49.0
30;2021-07-29;5929;4141;443482;370593;59.3;49.5
30;2021-07-30;5343;4396;448825;374989;60.0;50.1
30;2021-07-31;2655;1965;451480;376954;60.3;50.4
30;2021-08-01;735;311;452215;377265;60.4;50.4
30;2021-08-02;3685;4013;455900;381278;60.9;50.9
30;2021-08-03;4887;3956;460787;385234;61.6;51.5
30;2021-08-04;5285;3055;466072;388289;62.3;51.9
30;2021-08-05;4617;3797;470689;392086;62.9;52.4
30;2021-08-06;4332;4064;475021;396150;63.5;52.9
30;2021-08-07;1841;1953;476862;398103;63.7;53.2
30;2021-08-08;620;280;477482;398383;63.8;53.2
30;2021-08-09;3343;3762;480825;402145;64.2;53.7
30;2021-08-10;3926;4401;484751;406546;64.8;54.3
30;2021-08-11;3402;3481;488153;410027;65.2;54.8
30;2021-08-12;3763;4223;491916;414250;65.7;55.3
30;2021-08-13;3308;3341;495224;417591;66.2;55.8
30;2021-08-14;1134;2048;496358;419639;66.3;56.1
30;2021-08-15;270;175;496628;419814;66.4;56.1
30;2021-08-16;2201;4864;498829;424678;66.6;56.7
30;2021-08-17;2745;4199;501574;428877;67.0;57.3
30;2021-08-18;2842;3836;504416;432713;67.4;57.8
30;2021-08-19;2858;4318;507274;437031;67.8;58.4
30;2021-08-20;2608;4468;509882;441499;68.1;59.0
30;2021-08-21;1018;2888;510900;444387;68.3;59.4
30;2021-08-22;227;516;511127;444903;68.3;59.4
30;2021-08-23;1687;4476;512814;449379;68.5;60.0
30;2021-08-24;1955;4526;514769;453905;68.8;60.6
30;2021-08-25;1691;4345;516460;458250;69.0;61.2
30;2021-08-26;1852;4257;518312;462507;69.2;61.8
30;2021-08-27;1777;4358;520089;466865;69.5;62.4
30;2021-08-28;681;2476;520770;469341;69.6;62.7
30;2021-08-29;182;614;520952;469955;69.6;62.8
30;2021-08-30;1407;4247;522359;474202;69.8;63.4
30;2021-08-31;1335;4071;523694;478273;70.0;63.9
30;2021-09-01;1240;3445;524934;481718;70.1;64.4
30;2021-09-02;1399;3312;526333;485030;70.3;64.8
30;2021-09-03;1503;3754;527836;488784;70.5;65.3
30;2021-09-04;686;1808;528522;490592;70.6;65.5
30;2021-09-05;136;486;528658;491078;70.6;65.6
30;2021-09-06;742;2277;529400;493355;70.7;65.9
30;2021-09-07;701;2110;530101;495465;70.8;66.2
30;2021-09-08;869;2551;530970;498016;70.9;66.5
30;2021-09-09;911;2163;531881;500179;71.1;66.8
30;2021-09-10;941;2614;532822;502793;71.2;67.2
30;2021-09-11;553;1584;533375;504377;71.3;67.4
30;2021-09-12;95;224;533470;504601;71.3;67.4
30;2021-09-13;689;1598;534159;506199;71.4;67.6
30;2021-09-14;650;1522;534809;507721;71.5;67.8
30;2021-09-15;732;1838;535541;509559;71.6;68.1
30;2021-09-16;751;1477;536292;511036;71.7;68.3
30;2021-09-17;803;2030;537095;513066;71.8;68.5
30;2021-09-18;399;1011;537494;514077;71.8;68.7
30;2021-09-19;69;158;537563;514235;71.8;68.7
30;2021-09-20;396;1201;537959;515436;71.9;68.9
30;2021-09-21;451;1161;538410;516597;71.9;69.0
30;2021-09-22;482;1383;538892;517980;72.0;69.2
30;2021-09-23;625;1200;539517;519180;72.1;69.4
30;2021-09-24;559;1629;540076;520809;72.2;69.6
30;2021-09-25;324;857;540400;521666;72.2;69.7
30;2021-09-26;54;168;540454;521834;72.2;69.7
30;2021-09-27;378;891;540832;522725;72.3;69.8
30;2021-09-28;575;894;541407;523619;72.3;70.0
30;2021-09-29;456;1066;541863;524685;72.4;70.1
30;2021-09-30;405;912;542268;525597;72.5;70.2
30;2021-10-01;499;1000;542767;526597;72.5;70.4
30;2021-10-02;267;580;543034;527177;72.6;70.4
30;2021-10-03;25;47;543059;527224;72.6;70.4
30;2021-10-04;328;787;543387;528011;72.6;70.5
30;2021-10-05;310;660;543697;528671;72.6;70.6
30;2021-10-06;377;854;544074;529525;72.7;70.7
30;2021-10-07;376;838;544450;530363;72.7;70.9
30;2021-10-08;425;1054;544875;531417;72.8;71.0
30;2021-10-09;277;559;545152;531976;72.8;71.1
30;2021-10-10;2;33;545154;532009;72.8;71.1
31;2020-12-27;0;0;0;0;0.0;0.0
31;2020-12-28;2;0;2;0;0.0;0.0
31;2020-12-29;0;0;2;0;0.0;0.0
31;2020-12-30;0;0;2;0;0.0;0.0
31;2020-12-31;1;0;3;0;0.0;0.0
31;2021-01-01;4;0;7;0;0.0;0.0
31;2021-01-02;1;0;8;0;0.0;0.0
31;2021-01-03;2;0;10;0;0.0;0.0
31;2021-01-04;5;0;15;0;0.0;0.0
31;2021-01-05;50;0;65;0;0.0;0.0
31;2021-01-06;212;2;277;2;0.0;0.0
31;2021-01-07;284;1;561;3;0.0;0.0
31;2021-01-08;546;1;1107;4;0.1;0.0
31;2021-01-09;275;0;1382;4;0.1;0.0
31;2021-01-10;286;0;1668;4;0.1;0.0
31;2021-01-11;983;4;2651;8;0.2;0.0
31;2021-01-12;1192;1;3843;9;0.3;0.0
31;2021-01-13;1158;5;5001;14;0.4;0.0
31;2021-01-14;1179;20;6180;34;0.4;0.0
31;2021-01-15;1048;3;7228;37;0.5;0.0
31;2021-01-16;243;1;7471;38;0.5;0.0
31;2021-01-17;176;0;7647;38;0.5;0.0
31;2021-01-18;1616;6;9263;44;0.7;0.0
31;2021-01-19;2937;12;12200;56;0.9;0.0
31;2021-01-20;3683;15;15883;71;1.1;0.0
31;2021-01-21;2997;9;18880;80;1.3;0.0
31;2021-01-22;2275;7;21155;87;1.5;0.0
31;2021-01-23;728;2;21883;89;1.6;0.0
31;2021-01-24;212;1;22095;90;1.6;0.0
31;2021-01-25;1744;9;23839;99;1.7;0.0
31;2021-01-26;1839;64;25678;163;1.8;0.0
31;2021-01-27;1573;151;27251;314;1.9;0.0
31;2021-01-28;1385;299;28636;613;2.0;0.0
31;2021-01-29;1360;351;29996;964;2.1;0.1
31;2021-01-30;446;186;30442;1150;2.2;0.1
31;2021-01-31;61;209;30503;1359;2.2;0.1
31;2021-02-01;1183;753;31686;2112;2.3;0.2
31;2021-02-02;3056;819;34742;2931;2.5;0.2
31;2021-02-03;1922;788;36664;3719;2.6;0.3
31;2021-02-04;1814;847;38478;4566;2.7;0.3
31;2021-02-05;1343;579;39821;5145;2.8;0.4
31;2021-02-06;385;57;40206;5202;2.9;0.4
31;2021-02-07;37;42;40243;5244;2.9;0.4
31;2021-02-08;1116;666;41359;5910;3.0;0.4
31;2021-02-09;1680;1574;43039;7484;3.1;0.5
31;2021-02-10;1964;2475;45003;9959;3.2;0.7
31;2021-02-11;1814;1826;46817;11785;3.3;0.8
31;2021-02-12;1540;797;48357;12582;3.5;0.9
31;2021-02-13;504;228;48861;12810;3.5;0.9
31;2021-02-14;56;216;48917;13026;3.5;0.9
31;2021-02-15;444;1368;49361;14394;3.5;1.0
31;2021-02-16;463;1543;49824;15937;3.6;1.1
31;2021-02-17;472;1633;50296;17570;3.6;1.3
31;2021-02-18;477;1748;50773;19318;3.6;1.4
31;2021-02-19;393;1564;51166;20882;3.7;1.5
31;2021-02-20;69;529;51235;21411;3.7;1.5
31;2021-02-21;77;161;51312;21572;3.7;1.5
31;2021-02-22;434;1731;51746;23303;3.7;1.7
31;2021-02-23;863;3011;52609;26314;3.8;1.9
31;2021-02-24;652;2187;53261;28501;3.8;2.0
31;2021-02-25;1435;1847;54696;30348;3.9;2.2
31;2021-02-26;1711;1234;56407;31582;4.0;2.3
31;2021-02-27;638;404;57045;31986;4.1;2.3
31;2021-02-28;78;54;57123;32040;4.1;2.3
31;2021-03-01;875;1134;57998;33174;4.1;2.4
31;2021-03-02;1239;1667;59237;34841;4.2;2.5
31;2021-03-03;1356;1814;60593;36655;4.3;2.6
31;2021-03-04;2424;1508;63017;38163;4.5;2.7
31;2021-03-05;3054;1607;66071;39770;4.7;2.8
31;2021-03-06;2834;413;68905;40183;4.9;2.9
31;2021-03-07;5368;112;74273;40295;5.3;2.9
31;2021-03-08;1599;1097;75872;41392;5.4;3.0
31;2021-03-09;2792;1199;78664;42591;5.6;3.0
31;2021-03-10;2574;1104;81238;43695;5.8;3.1
31;2021-03-11;4382;1169;85620;44864;6.1;3.2
31;2021-03-12;5320;1212;90940;46076;6.5;3.3
31;2021-03-13;2839;510;93779;46586;6.7;3.3
31;2021-03-14;235;49;94014;46635;6.7;3.3
31;2021-03-15;2584;434;96598;47069;6.9;3.4
31;2021-03-16;1746;823;98344;47892;7.0;3.4
31;2021-03-17;1656;563;100000;48455;7.1;3.5
31;2021-03-18;1988;713;101988;49168;7.3;3.5
31;2021-03-19;3185;534;105173;49702;7.5;3.5
31;2021-03-20;1797;142;106970;49844;7.6;3.6
31;2021-03-21;211;35;107181;49879;7.7;3.6
31;2021-03-22;2580;375;109761;50254;7.8;3.6
31;2021-03-23;4057;328;113818;50582;8.1;3.6
31;2021-03-24;4356;299;118174;50881;8.4;3.6
31;2021-03-25;6042;536;124216;51417;8.9;3.7
31;2021-03-26;5466;525;129682;51942;9.3;3.7
31;2021-03-27;4350;214;134032;52156;9.6;3.7
31;2021-03-28;2291;49;136323;52205;9.7;3.7
31;2021-03-29;4206;435;140529;52640;10.0;3.8
31;2021-03-30;6595;560;147124;53200;10.5;3.8
31;2021-03-31;5650;395;152774;53595;10.9;3.8
31;2021-04-01;6968;568;159742;54163;11.4;3.9
31;2021-04-02;6101;596;165843;54759;11.8;3.9
31;2021-04-03;3927;159;169770;54918;12.1;3.9
31;2021-04-04;2060;116;171830;55034;12.3;3.9
31;2021-04-05;481;70;172311;55104;12.3;3.9
31;2021-04-06;4165;1159;176476;56263;12.6;4.0
31;2021-04-07;5988;990;182464;57253;13.0;4.1
31;2021-04-08;7570;1043;190034;58296;13.6;4.2
31;2021-04-09;8384;1262;198418;59558;14.2;4.3
31;2021-04-10;4716;549;203134;60107;14.5;4.3
31;2021-04-11;2069;140;205203;60247;14.6;4.3
31;2021-04-12;6001;1846;211204;62093;15.1;4.4
31;2021-04-13;8047;2053;219251;64146;15.7;4.6
31;2021-04-14;6654;1932;225905;66078;16.1;4.7
31;2021-04-15;7771;2254;233676;68332;16.7;4.9
31;2021-04-16;7177;2103;240853;70435;17.2;5.0
31;2021-04-17;4414;915;245267;71350;17.5;5.1
31;2021-04-18;2513;358;247780;71708;17.7;5.1
31;2021-04-19;5220;2035;253000;73743;18.1;5.3
31;2021-04-20;6074;2854;259074;76597;18.5;5.5
31;2021-04-21;5974;2803;265048;79400;18.9;5.7
31;2021-04-22;6379;3251;271427;82651;19.4;5.9
31;2021-04-23;6283;2566;277710;85217;19.8;6.1
31;2021-04-24;1616;3143;279326;88360;19.9;6.3
31;2021-04-25;688;2097;280014;90457;20.0;6.5
31;2021-04-26;3794;3229;283808;93686;20.3;6.7
31;2021-04-27;4517;3902;288325;97588;20.6;7.0
31;2021-04-28;4544;3561;292869;101149;20.9;7.2
31;2021-04-29;5183;4078;298052;105227;21.3;7.5
31;2021-04-30;5037;4147;303089;109374;21.6;7.8
31;2021-05-01;1487;3120;304576;112494;21.7;8.0
31;2021-05-02;1416;1979;305992;114473;21.8;8.2
31;2021-05-03;5658;2426;311650;116899;22.2;8.3
31;2021-05-04;4780;4750;316430;121649;22.6;8.7
31;2021-05-05;2994;5731;319424;127380;22.8;9.1
31;2021-05-06;3635;7386;323059;134766;23.1;9.6
31;2021-05-07;5257;7178;328316;141944;23.4;10.1
31;2021-05-08;3634;3103;331950;145047;23.7;10.4
31;2021-05-09;3760;2310;335710;147357;24.0;10.5
31;2021-05-10;5683;5482;341393;152839;24.4;10.9
31;2021-05-11;6605;6704;347998;159543;24.8;11.4
31;2021-05-12;6171;5939;354169;165482;25.3;11.8
31;2021-05-13;4642;2068;358811;167550;25.6;12.0
31;2021-05-14;6911;3982;365722;171532;26.1;12.2
31;2021-05-15;5145;1756;370867;173288;26.5;12.4
31;2021-05-16;3300;634;374167;173922;26.7;12.4
31;2021-05-17;5143;4151;379310;178073;27.1;12.7
31;2021-05-18;5589;4279;384899;182352;27.5;13.0
31;2021-05-19;5782;3763;390681;186115;27.9;13.3
31;2021-05-20;6473;4806;397154;190921;28.3;13.6
31;2021-05-21;5984;4605;403138;195526;28.8;14.0
31;2021-05-22;4081;1628;407219;197154;29.1;14.1
31;2021-05-23;3583;342;410802;197496;29.3;14.1
31;2021-05-24;3881;707;414683;198203;29.6;14.1
31;2021-05-25;6190;3613;420873;201816;30.0;14.4
31;2021-05-26;5608;4644;426481;206460;30.4;14.7
31;2021-05-27;4788;6193;431269;212653;30.8;15.2
31;2021-05-28;4116;6349;435385;219002;31.1;15.6
31;2021-05-29;1917;4031;437302;223033;31.2;15.9
31;2021-05-30;751;2362;438053;225395;31.3;16.1
31;2021-05-31;4397;5083;442450;230478;31.6;16.5
31;2021-06-01;5954;6565;448404;237043;32.0;16.9
31;2021-06-02;5803;6308;454207;243351;32.4;17.4
31;2021-06-03;7308;8139;461515;251490;32.9;18.0
31;2021-06-04;7541;7165;469056;258655;33.5;18.5
31;2021-06-05;9078;2778;478134;261433;34.1;18.7
31;2021-06-06;8106;1579;486240;263012;34.7;18.8
31;2021-06-07;7987;5474;494227;268486;35.3;19.2
31;2021-06-08;9105;6051;503332;274537;35.9;19.6
31;2021-06-09;8918;5558;512250;280095;36.6;20.0
31;2021-06-10;9780;6361;522030;286456;37.3;20.4
31;2021-06-11;10049;6636;532079;293092;38.0;20.9
31;2021-06-12;8788;3026;540867;296118;38.6;21.1
31;2021-06-13;8378;2018;549245;298136;39.2;21.3
31;2021-06-14;8428;6731;557673;304867;39.8;21.8
31;2021-06-15;9773;7445;567446;312312;40.5;22.3
31;2021-06-16;8735;5261;576181;317573;41.1;22.7
31;2021-06-17;8277;6609;584458;324182;41.7;23.1
31;2021-06-18;8551;7755;593009;331937;42.3;23.7
31;2021-06-19;7364;5442;600373;337379;42.9;24.1
31;2021-06-20;5572;3727;605945;341106;43.3;24.3
31;2021-06-21;5373;6917;611318;348023;43.6;24.8
31;2021-06-22;4987;8231;616305;356254;44.0;25.4
31;2021-06-23;5105;7284;621410;363538;44.4;25.9
31;2021-06-24;4633;8340;626043;371878;44.7;26.5
31;2021-06-25;5014;9313;631057;381191;45.0;27.2
31;2021-06-26;4282;6398;635339;387589;45.4;27.7
31;2021-06-27;3596;4106;638935;391695;45.6;28.0
31;2021-06-28;4098;6646;643033;398341;45.9;28.4
31;2021-06-29;3798;7563;646831;405904;46.2;29.0
31;2021-06-30;4280;7821;651111;413725;46.5;29.5
31;2021-07-01;4122;8471;655233;422196;46.8;30.1
31;2021-07-02;4113;9329;659346;431525;47.1;30.8
31;2021-07-03;4100;6113;663446;437638;47.4;31.2
31;2021-07-04;3205;4812;666651;442450;47.6;31.6
31;2021-07-05;4057;7094;670708;449544;47.9;32.1
31;2021-07-06;3889;8363;674597;457907;48.2;32.7
31;2021-07-07;3964;7962;678561;465869;48.4;33.3
31;2021-07-08;4054;8540;682615;474409;48.7;33.9
31;2021-07-09;4462;8800;687077;483209;49.0;34.5
31;2021-07-10;3918;5498;690995;488707;49.3;34.9
31;2021-07-11;3137;4138;694132;492845;49.5;35.2
31;2021-07-12;3825;8640;697957;501485;49.8;35.8
31;2021-07-13;6920;9446;704877;510931;50.3;36.5
31;2021-07-14;6167;3938;711044;514869;50.8;36.8
31;2021-07-15;8516;9451;719560;524320;51.4;37.4
31;2021-07-16;7775;9919;727335;534239;51.9;38.1
31;2021-07-17;8357;10557;735692;544796;52.5;38.9
31;2021-07-18;6620;9474;742312;554270;53.0;39.6
31;2021-07-19;4794;10778;747106;565048;53.3;40.3
31;2021-07-20;7160;11483;754266;576531;53.8;41.2
31;2021-07-21;7040;11531;761306;588062;54.3;42.0
31;2021-07-22;8165;11766;769471;599828;54.9;42.8
31;2021-07-23;7474;11817;776945;611645;55.5;43.7
31;2021-07-24;10310;10575;787255;622220;56.2;44.4
31;2021-07-25;7560;8803;794815;631023;56.7;45.0
31;2021-07-26;5514;9545;800329;640568;57.1;45.7
31;2021-07-27;7961;9198;808290;649766;57.7;46.4
31;2021-07-28;8677;8285;816967;658051;58.3;47.0
31;2021-07-29;8855;8054;825822;666105;58.9;47.5
31;2021-07-30;7674;7988;833496;674093;59.5;48.1
31;2021-07-31;6015;7394;839511;681487;59.9;48.6
31;2021-08-01;4431;4303;843942;685790;60.2;49.0
31;2021-08-02;5491;5419;849433;691209;60.6;49.3
31;2021-08-03;5896;5187;855329;696396;61.1;49.7
31;2021-08-04;5925;4808;861254;701204;61.5;50.1
31;2021-08-05;5586;7232;866840;708436;61.9;50.6
31;2021-08-06;5302;7343;872142;715779;62.3;51.1
31;2021-08-07;4596;6651;876738;722430;62.6;51.6
31;2021-08-08;3385;5579;880123;728009;62.8;52.0
31;2021-08-09;4396;7011;884519;735020;63.1;52.5
31;2021-08-10;4686;6285;889205;741305;63.5;52.9
31;2021-08-11;4527;5860;893732;747165;63.8;53.3
31;2021-08-12;4524;6759;898256;753924;64.1;53.8
31;2021-08-13;4174;6204;902430;760128;64.4;54.3
31;2021-08-14;3033;6462;905463;766590;64.6;54.7
31;2021-08-15;1309;4097;906772;770687;64.7;55.0
31;2021-08-16;3219;8118;909991;778805;65.0;55.6
31;2021-08-17;3435;7098;913426;785903;65.2;56.1
31;2021-08-18;3314;7007;916740;792910;65.4;56.6
31;2021-08-19;2987;6994;919727;799904;65.7;57.1
31;2021-08-20;3025;7397;922752;807301;65.9;57.6
31;2021-08-21;1980;6800;924732;814101;66.0;58.1
31;2021-08-22;1486;5638;926218;819739;66.1;58.5
31;2021-08-23;2385;7728;928603;827467;66.3;59.1
31;2021-08-24;2609;6174;931212;833641;66.5;59.5
31;2021-08-25;2413;5728;933625;839369;66.6;59.9
31;2021-08-26;2279;5800;935904;845169;66.8;60.3
31;2021-08-27;2363;6663;938267;851832;67.0;60.8
31;2021-08-28;1846;6789;940113;858621;67.1;61.3
31;2021-08-29;1282;5067;941395;863688;67.2;61.7
31;2021-08-30;2190;6585;943585;870273;67.4;62.1
31;2021-08-31;2257;5450;945842;875723;67.5;62.5
31;2021-09-01;1754;4656;947596;880379;67.6;62.8
31;2021-09-02;1770;4050;949366;884429;67.8;63.1
31;2021-09-03;1830;4714;951196;889143;67.9;63.5
31;2021-09-04;2006;5688;953202;894831;68.0;63.9
31;2021-09-05;1129;2172;954331;897003;68.1;64.0
31;2021-09-06;1364;3038;955695;900041;68.2;64.2
31;2021-09-07;1262;2864;956957;902905;68.3;64.5
31;2021-09-08;1423;3424;958380;906329;68.4;64.7
31;2021-09-09;1108;2556;959488;908885;68.5;64.9
31;2021-09-10;1676;3405;961164;912290;68.6;65.1
31;2021-09-11;1292;3775;962456;916065;68.7;65.4
31;2021-09-12;541;1683;962997;917748;68.7;65.5
31;2021-09-13;1014;1983;964011;919731;68.8;65.7
31;2021-09-14;1245;2001;965256;921732;68.9;65.8
31;2021-09-15;1086;2691;966342;924423;69.0;66.0
31;2021-09-16;900;1680;967242;926103;69.0;66.1
31;2021-09-17;1074;2506;968316;928609;69.1;66.3
31;2021-09-18;856;2798;969172;931407;69.2;66.5
31;2021-09-19;321;1241;969493;932648;69.2;66.6
31;2021-09-20;605;1598;970098;934246;69.2;66.7
31;2021-09-21;822;1561;970920;935807;69.3;66.8
31;2021-09-22;833;2060;971753;937867;69.4;66.9
31;2021-09-23;773;1547;972526;939414;69.4;67.1
31;2021-09-24;830;2008;973356;941422;69.5;67.2
31;2021-09-25;662;2534;974018;943956;69.5;67.4
31;2021-09-26;249;1127;974267;945083;69.5;67.5
31;2021-09-27;689;1509;974956;946592;69.6;67.6
31;2021-09-28;729;1351;975685;947943;69.6;67.7
31;2021-09-29;756;1666;976441;949609;69.7;67.8
31;2021-09-30;719;1245;977160;950854;69.8;67.9
31;2021-10-01;826;1851;977986;952705;69.8;68.0
31;2021-10-02;765;1761;978751;954466;69.9;68.1
31;2021-10-03;107;349;978858;954815;69.9;68.2
31;2021-10-04;390;692;979248;955507;69.9;68.2
31;2021-10-05;535;1318;979783;956825;69.9;68.3
31;2021-10-06;602;1191;980385;958016;70.0;68.4
31;2021-10-07;636;1387;981021;959403;70.0;68.5
31;2021-10-08;754;1184;981775;960587;70.1;68.6
31;2021-10-09;503;1273;982278;961860;70.1;68.7
31;2021-10-10;20;57;982298;961917;70.1;68.7
32;2020-12-27;0;0;0;0;0.0;0.0
32;2020-12-28;0;0;0;0;0.0;0.0
32;2020-12-29;0;0;0;0;0.0;0.0
32;2020-12-30;0;0;0;0;0.0;0.0
32;2020-12-31;0;0;0;0;0.0;0.0
32;2021-01-01;0;0;0;0;0.0;0.0
32;2021-01-02;0;0;0;0;0.0;0.0
32;2021-01-03;1;0;1;0;0.0;0.0
32;2021-01-04;3;0;4;0;0.0;0.0
32;2021-01-05;2;0;6;0;0.0;0.0
32;2021-01-06;3;0;9;0;0.0;0.0
32;2021-01-07;155;0;164;0;0.1;0.0
32;2021-01-08;70;0;234;0;0.1;0.0
32;2021-01-09;5;0;239;0;0.1;0.0
32;2021-01-10;0;0;239;0;0.1;0.0
32;2021-01-11;11;0;250;0;0.1;0.0
32;2021-01-12;96;0;346;0;0.2;0.0
32;2021-01-13;325;1;671;1;0.4;0.0
32;2021-01-14;389;3;1060;4;0.6;0.0
32;2021-01-15;449;3;1509;7;0.8;0.0
32;2021-01-16;17;2;1526;9;0.8;0.0
32;2021-01-17;1;0;1527;9;0.8;0.0
32;2021-01-18;345;1;1872;10;1.0;0.0
32;2021-01-19;420;0;2292;10;1.2;0.0
32;2021-01-20;358;0;2650;10;1.4;0.0
32;2021-01-21;582;2;3232;12;1.7;0.0
32;2021-01-22;372;0;3604;12;1.9;0.0
32;2021-01-23;189;0;3793;12;2.0;0.0
32;2021-01-24;5;0;3798;12;2.0;0.0
32;2021-01-25;468;1;4266;13;2.2;0.0
32;2021-01-26;611;0;4877;13;2.6;0.0
32;2021-01-27;703;4;5580;17;2.9;0.0
32;2021-01-28;687;15;6267;32;3.3;0.0
32;2021-01-29;461;54;6728;86;3.5;0.0
32;2021-01-30;260;0;6988;86;3.7;0.0
32;2021-01-31;4;5;6992;91;3.7;0.0
32;2021-02-01;289;58;7281;149;3.8;0.1
32;2021-02-02;640;139;7921;288;4.2;0.2
32;2021-02-03;338;200;8259;488;4.3;0.3
32;2021-02-04;426;280;8685;768;4.6;0.4
32;2021-02-05;346;360;9031;1128;4.8;0.6
32;2021-02-06;148;0;9179;1128;4.8;0.6
32;2021-02-07;0;36;9179;1164;4.8;0.6
32;2021-02-08;278;121;9457;1285;5.0;0.7
32;2021-02-09;310;229;9767;1514;5.1;0.8
32;2021-02-10;272;254;10039;1768;5.3;0.9
32;2021-02-11;383;317;10422;2085;5.5;1.1
32;2021-02-12;298;280;10720;2365;5.6;1.2
32;2021-02-13;249;1;10969;2366;5.8;1.2
32;2021-02-14;0;28;10969;2394;5.8;1.3
32;2021-02-15;25;212;10994;2606;5.8;1.4
32;2021-02-16;395;369;11389;2975;6.0;1.6
32;2021-02-17;191;474;11580;3449;6.1;1.8
32;2021-02-18;333;493;11913;3942;6.3;2.1
32;2021-02-19;184;278;12097;4220;6.4;2.2
32;2021-02-20;1;120;12098;4340;6.4;2.3
32;2021-02-21;0;0;12098;4340;6.4;2.3
32;2021-02-22;158;385;12256;4725;6.4;2.5
32;2021-02-23;432;571;12688;5296;6.7;2.8
32;2021-02-24;277;381;12965;5677;6.8;3.0
32;2021-02-25;481;526;13446;6203;7.1;3.3
32;2021-02-26;444;384;13890;6587;7.3;3.5
32;2021-02-27;157;246;14047;6833;7.4;3.6
32;2021-02-28;4;0;14051;6833;7.4;3.6
32;2021-03-01;51;300;14102;7133;7.4;3.8
32;2021-03-02;414;449;14516;7582;7.6;4.0
32;2021-03-03;276;292;14792;7874;7.8;4.1
32;2021-03-04;541;340;15333;8214;8.1;4.3
32;2021-03-05;438;248;15771;8462;8.3;4.5
32;2021-03-06;520;173;16291;8635;8.6;4.5
32;2021-03-07;25;5;16316;8640;8.6;4.5
32;2021-03-08;234;295;16550;8935;8.7;4.7
32;2021-03-09;644;333;17194;9268;9.0;4.9
32;2021-03-10;482;329;17676;9597;9.3;5.0
32;2021-03-11;855;295;18531;9892;9.8;5.2
32;2021-03-12;881;344;19412;10236;10.2;5.4
32;2021-03-13;492;247;19904;10483;10.5;5.5
32;2021-03-14;1;0;19905;10483;10.5;5.5
32;2021-03-15;264;26;20169;10509;10.6;5.5
32;2021-03-16;314;310;20483;10819;10.8;5.7
32;2021-03-17;150;156;20633;10975;10.9;5.8
32;2021-03-18;375;309;21008;11284;11.1;5.9
32;2021-03-19;405;183;21413;11467;11.3;6.0
32;2021-03-20;136;33;21549;11500;11.3;6.1
32;2021-03-21;0;0;21549;11500;11.3;6.1
32;2021-03-22;340;170;21889;11670;11.5;6.1
32;2021-03-23;560;399;22449;12069;11.8;6.4
32;2021-03-24;643;271;23092;12340;12.2;6.5
32;2021-03-25;899;418;23991;12758;12.6;6.7
32;2021-03-26;657;294;24648;13052;13.0;6.9
32;2021-03-27;165;3;24813;13055;13.1;6.9
32;2021-03-28;1;1;24814;13056;13.1;6.9
32;2021-03-29;371;49;25185;13105;13.3;6.9
32;2021-03-30;766;290;25951;13395;13.7;7.0
32;2021-03-31;654;174;26605;13569;14.0;7.1
32;2021-04-01;1237;320;27842;13889;14.7;7.3
32;2021-04-02;575;167;28417;14056;15.0;7.4
32;2021-04-03;114;0;28531;14056;15.0;7.4
32;2021-04-04;0;0;28531;14056;15.0;7.4
32;2021-04-05;0;0;28531;14056;15.0;7.4
32;2021-04-06;2650;316;31181;14372;16.4;7.6
32;2021-04-07;1178;206;32359;14578;17.0;7.7
32;2021-04-08;1736;407;34095;14985;17.9;7.9
32;2021-04-09;883;218;34978;15203;18.4;8.0
32;2021-04-10;809;30;35787;15233;18.8;8.0
32;2021-04-11;14;0;35801;15233;18.8;8.0
32;2021-04-12;477;23;36278;15256;19.1;8.0
32;2021-04-13;2469;389;38747;15645;20.4;8.2
32;2021-04-14;1226;264;39973;15909;21.0;8.4
32;2021-04-15;1704;395;41677;16304;21.9;8.6
32;2021-04-16;638;283;42315;16587;22.3;8.7
32;2021-04-17;783;39;43098;16626;22.7;8.7
32;2021-04-18;13;1;43111;16627;22.7;8.7
32;2021-04-19;502;46;43613;16673;22.9;8.8
32;2021-04-20;2472;394;46085;17067;24.3;9.0
32;2021-04-21;1009;302;47094;17369;24.8;9.1
32;2021-04-22;1662;321;48756;17690;25.7;9.3
32;2021-04-23;549;159;49305;17849;25.9;9.4
32;2021-04-24;1392;58;50697;17907;26.7;9.4
32;2021-04-25;0;11;50697;17918;26.7;9.4
32;2021-04-26;387;359;51084;18277;26.9;9.6
32;2021-04-27;2551;559;53635;18836;28.2;9.9
32;2021-04-28;972;357;54607;19193;28.7;10.1
32;2021-04-29;1008;885;55615;20078;29.3;10.6
32;2021-04-30;453;363;56068;20441;29.5;10.8
32;2021-05-01;2607;98;58675;20539;30.9;10.8
32;2021-05-02;0;0;58675;20539;30.9;10.8
32;2021-05-03;170;321;58845;20860;31.0;11.0
32;2021-05-04;785;2497;59630;23357;31.4;12.3
32;2021-05-05;2360;1101;61990;24458;32.6;12.9
32;2021-05-06;516;1661;62506;26119;32.9;13.7
32;2021-05-07;2286;539;64792;26658;34.1;14.0
32;2021-05-08;70;516;64862;27174;34.1;14.3
32;2021-05-09;21;179;64883;27353;34.1;14.4
32;2021-05-10;1994;553;66877;27906;35.2;14.7
32;2021-05-11;651;2278;67528;30184;35.5;15.9
32;2021-05-12;2313;1137;69841;31321;36.8;16.5
32;2021-05-13;280;1417;70121;32738;36.9;17.2
32;2021-05-14;2223;328;72344;33066;38.1;17.4
32;2021-05-15;134;712;72478;33778;38.1;17.8
32;2021-05-16;2;0;72480;33778;38.1;17.8
32;2021-05-17;353;170;72833;33948;38.3;17.9
32;2021-05-18;1642;298;74475;34246;39.2;18.0
32;2021-05-19;2474;273;76949;34519;40.5;18.2
32;2021-05-20;2885;471;79834;34990;42.0;18.4
32;2021-05-21;2532;500;82366;35490;43.3;18.7
32;2021-05-22;334;110;82700;35600;43.5;18.7
32;2021-05-23;2;13;82702;35613;43.5;18.7
32;2021-05-24;3;0;82705;35613;43.5;18.7
32;2021-05-25;1982;373;84687;35986;44.6;18.9
32;2021-05-26;2547;557;87234;36543;45.9;19.2
32;2021-05-27;2876;626;90110;37169;47.4;19.6
32;2021-05-28;2308;767;92418;37936;48.6;20.0
32;2021-05-29;372;314;92790;38250;48.8;20.1
32;2021-05-30;4;6;92794;38256;48.8;20.1
32;2021-05-31;1413;626;94207;38882;49.6;20.5
32;2021-06-01;567;2889;94774;41771;49.9;22.0
32;2021-06-02;1580;1351;96354;43122;50.7;22.7
32;2021-06-03;395;2086;96749;45208;50.9;23.8
32;2021-06-04;1836;831;98585;46039;51.9;24.2
32;2021-06-05;206;1660;98791;47699;52.0;25.1
32;2021-06-06;8;14;98799;47713;52.0;25.1
32;2021-06-07;102;418;98901;48131;52.0;25.3
32;2021-06-08;663;2538;99564;50669;52.4;26.7
32;2021-06-09;1191;1056;100755;51725;53.0;27.2
32;2021-06-10;684;1225;101439;52950;53.4;27.9
32;2021-06-11;926;663;102365;53613;53.9;28.2
32;2021-06-12;150;2679;102515;56292;53.9;29.6
32;2021-06-13;1;1;102516;56293;53.9;29.6
32;2021-06-14;528;210;103044;56503;54.2;29.7
32;2021-06-15;1733;1027;104777;57530;55.1;30.3
32;2021-06-16;850;2778;105627;60308;55.6;31.7
32;2021-06-17;859;829;106486;61137;56.0;32.2
32;2021-06-18;315;2724;106801;63861;56.2;33.6
32;2021-06-19;914;437;107715;64298;56.7;33.8
32;2021-06-20;5;13;107720;64311;56.7;33.8
32;2021-06-21;67;1994;107787;66305;56.7;34.9
32;2021-06-22;1042;971;108829;67276;57.3;35.4
32;2021-06-23;517;2184;109346;69460;57.5;36.6
32;2021-06-24;528;517;109874;69977;57.8;36.8
32;2021-06-25;501;2360;110375;72337;58.1;38.1
32;2021-06-26;108;171;110483;72508;58.1;38.2
32;2021-06-27;2;5;110485;72513;58.1;38.2
32;2021-06-28;630;603;111115;73116;58.5;38.5
32;2021-06-29;800;1982;111915;75098;58.9;39.5
32;2021-06-30;757;2726;112672;77824;59.3;41.0
32;2021-07-01;538;2638;113210;80462;59.6;42.3
32;2021-07-02;641;2335;113851;82797;59.9;43.6
32;2021-07-03;481;506;114332;83303;60.2;43.8
32;2021-07-04;2;12;114334;83315;60.2;43.8
32;2021-07-05;76;390;114410;83705;60.2;44.0
32;2021-07-06;878;2083;115288;85788;60.7;45.1
32;2021-07-07;781;2757;116069;88545;61.1;46.6
32;2021-07-08;479;2268;116548;90813;61.3;47.8
32;2021-07-09;615;2226;117163;93039;61.7;49.0
32;2021-07-10;536;520;117699;93559;61.9;49.2
32;2021-07-11;0;5;117699;93564;61.9;49.2
32;2021-07-12;526;1244;118225;94808;62.2;49.9
32;2021-07-13;1695;1817;119920;96625;63.1;50.8
32;2021-07-14;492;36;120412;96661;63.4;50.9
32;2021-07-15;2096;892;122508;97553;64.5;51.3
32;2021-07-16;1170;1914;123678;99467;65.1;52.3
32;2021-07-17;78;128;123756;99595;65.1;52.4
32;2021-07-18;2;5;123758;99600;65.1;52.4
32;2021-07-19;1997;147;125755;99747;66.2;52.5
32;2021-07-20;2036;1272;127791;101019;67.2;53.2
32;2021-07-21;1614;1692;129405;102711;68.1;54.0
32;2021-07-22;1946;513;131351;103224;69.1;54.3
32;2021-07-23;1408;1731;132759;104955;69.9;55.2
32;2021-07-24;139;118;132898;105073;69.9;55.3
32;2021-07-25;34;10;132932;105083;69.9;55.3
32;2021-07-26;1071;1070;134003;106153;70.5;55.9
32;2021-07-27;1730;2100;135733;108253;71.4;57.0
32;2021-07-28;694;975;136427;109228;71.8;57.5
32;2021-07-29;1694;1609;138121;110837;72.7;58.3
32;2021-07-30;363;349;138484;111186;72.9;58.5
32;2021-07-31;186;350;138670;111536;73.0;58.7
32;2021-08-01;18;4;138688;111540;73.0;58.7
32;2021-08-02;82;76;138770;111616;73.0;58.7
32;2021-08-03;1173;1792;139943;113408;73.6;59.7
32;2021-08-04;633;652;140576;114060;74.0;60.0
32;2021-08-05;1105;1944;141681;116004;74.6;61.0
32;2021-08-06;563;495;142244;116499;74.8;61.3
32;2021-08-07;148;92;142392;116591;74.9;61.4
32;2021-08-08;1;0;142393;116591;74.9;61.4
32;2021-08-09;263;1826;142656;118417;75.1;62.3
32;2021-08-10;715;2078;143371;120495;75.4;63.4
32;2021-08-11;579;446;143950;120941;75.7;63.6
32;2021-08-12;931;2102;144881;123043;76.2;64.7
32;2021-08-13;178;249;145059;123292;76.3;64.9
32;2021-08-14;113;117;145172;123409;76.4;64.9
32;2021-08-15;13;21;145185;123430;76.4;64.9
32;2021-08-16;41;40;145226;123470;76.4;65.0
32;2021-08-17;572;2301;145798;125771;76.7;66.2
32;2021-08-18;310;559;146108;126330;76.9;66.5
32;2021-08-19;954;1410;147062;127740;77.4;67.2
32;2021-08-20;158;166;147220;127906;77.5;67.3
32;2021-08-21;150;192;147370;128098;77.5;67.4
32;2021-08-22;8;3;147378;128101;77.6;67.4
32;2021-08-23;42;101;147420;128202;77.6;67.5
32;2021-08-24;585;1449;148005;129651;77.9;68.2
32;2021-08-25;94;191;148099;129842;77.9;68.3
32;2021-08-26;321;2261;148420;132103;78.1;69.5
32;2021-08-27;274;553;148694;132656;78.2;69.8
32;2021-08-28;70;109;148764;132765;78.3;69.9
32;2021-08-29;1;8;148765;132773;78.3;69.9
32;2021-08-30;19;49;148784;132822;78.3;69.9
32;2021-08-31;195;1515;148979;134337;78.4;70.7
32;2021-09-01;649;784;149628;135121;78.7;71.1
32;2021-09-02;318;1579;149946;136700;78.9;71.9
32;2021-09-03;188;294;150134;136994;79.0;72.1
32;2021-09-04;49;90;150183;137084;79.0;72.1
32;2021-09-05;12;15;150195;137099;79.0;72.1
32;2021-09-06;38;72;150233;137171;79.1;72.2
32;2021-09-07;438;810;150671;137981;79.3;72.6
32;2021-09-08;255;483;150926;138464;79.4;72.9
32;2021-09-09;227;885;151153;139349;79.5;73.3
32;2021-09-10;203;195;151356;139544;79.6;73.4
32;2021-09-11;88;137;151444;139681;79.7;73.5
32;2021-09-12;7;11;151451;139692;79.7;73.5
32;2021-09-13;4;10;151455;139702;79.7;73.5
32;2021-09-14;321;573;151776;140275;79.9;73.8
32;2021-09-15;200;145;151976;140420;80.0;73.9
32;2021-09-16;182;216;152158;140636;80.1;74.0
32;2021-09-17;199;345;152357;140981;80.2;74.2
32;2021-09-18;40;62;152397;141043;80.2;74.2
32;2021-09-19;0;2;152397;141045;80.2;74.2
32;2021-09-20;4;18;152401;141063;80.2;74.2
32;2021-09-21;241;458;152642;141521;80.3;74.5
32;2021-09-22;233;547;152875;142068;80.4;74.8
32;2021-09-23;132;218;153007;142286;80.5;74.9
32;2021-09-24;101;288;153108;142574;80.6;75.0
32;2021-09-25;28;51;153136;142625;80.6;75.0
32;2021-09-26;3;5;153139;142630;80.6;75.1
32;2021-09-27;9;29;153148;142659;80.6;75.1
32;2021-09-28;112;515;153260;143174;80.6;75.3
32;2021-09-29;88;334;153348;143508;80.7;75.5
32;2021-09-30;170;201;153518;143709;80.8;75.6
32;2021-10-01;100;243;153618;143952;80.8;75.7
32;2021-10-02;28;103;153646;144055;80.8;75.8
32;2021-10-03;0;8;153646;144063;80.8;75.8
32;2021-10-04;7;13;153653;144076;80.9;75.8
32;2021-10-05;59;287;153712;144363;80.9;76.0
32;2021-10-06;41;259;153753;144622;80.9;76.1
32;2021-10-07;54;215;153807;144837;80.9;76.2
32;2021-10-08;65;257;153872;145094;81.0;76.3
32;2021-10-09;25;52;153897;145146;81.0;76.4
32;2021-10-10;0;0;153897;145146;81.0;76.4
33;2020-12-27;4;0;4;0;0.0;0.0
33;2020-12-28;4;0;8;0;0.0;0.0
33;2020-12-29;0;0;8;0;0.0;0.0
33;2020-12-30;0;0;8;0;0.0;0.0
33;2020-12-31;1;0;9;0;0.0;0.0
33;2021-01-01;0;0;9;0;0.0;0.0
33;2021-01-02;2;1;11;1;0.0;0.0
33;2021-01-03;2;1;13;2;0.0;0.0
33;2021-01-04;2;0;15;2;0.0;0.0
33;2021-01-05;2;0;17;2;0.0;0.0
33;2021-01-06;134;1;151;3;0.0;0.0
33;2021-01-07;1309;4;1460;7;0.1;0.0
33;2021-01-08;1200;3;2660;10;0.2;0.0
33;2021-01-09;298;1;2958;11;0.2;0.0
33;2021-01-10;229;0;3187;11;0.2;0.0
33;2021-01-11;628;0;3815;11;0.2;0.0
33;2021-01-12;1415;2;5230;13;0.3;0.0
33;2021-01-13;1313;9;6543;22;0.4;0.0
33;2021-01-14;1293;19;7836;41;0.5;0.0
33;2021-01-15;1610;14;9446;55;0.6;0.0
33;2021-01-16;568;10;10014;65;0.6;0.0
33;2021-01-17;406;4;10420;69;0.6;0.0
33;2021-01-18;1225;14;11645;83;0.7;0.0
33;2021-01-19;2937;13;14582;96;0.9;0.0
33;2021-01-20;3422;17;18004;113;1.1;0.0
33;2021-01-21;2863;9;20867;122;1.3;0.0
33;2021-01-22;2328;13;23195;135;1.4;0.0
33;2021-01-23;853;3;24048;138;1.5;0.0
33;2021-01-24;532;2;24580;140;1.5;0.0
33;2021-01-25;2172;63;26752;203;1.6;0.0
33;2021-01-26;2263;164;29015;367;1.8;0.0
33;2021-01-27;2263;209;31278;576;1.9;0.0
33;2021-01-28;2160;438;33438;1014;2.0;0.1
33;2021-01-29;1825;685;35263;1699;2.2;0.1
33;2021-01-30;707;172;35970;1871;2.2;0.1
33;2021-01-31;390;158;36360;2029;2.2;0.1
33;2021-02-01;1457;648;37817;2677;2.3;0.2
33;2021-02-02;2646;1112;40463;3789;2.5;0.2
33;2021-02-03;2942;874;43405;4663;2.7;0.3
33;2021-02-04;4031;1351;47436;6014;2.9;0.4
33;2021-02-05;2193;1172;49629;7186;3.0;0.4
33;2021-02-06;648;199;50277;7385;3.1;0.5
33;2021-02-07;219;229;50496;7614;3.1;0.5
33;2021-02-08;1265;756;51761;8370;3.2;0.5
33;2021-02-09;1326;1682;53087;10052;3.3;0.6
33;2021-02-10;1267;1747;54354;11799;3.3;0.7
33;2021-02-11;1305;1443;55659;13242;3.4;0.8
33;2021-02-12;1121;1250;56780;14492;3.5;0.9
33;2021-02-13;204;292;56984;14784;3.5;0.9
33;2021-02-14;47;245;57031;15029;3.5;0.9
33;2021-02-15;684;1718;57715;16747;3.5;1.0
33;2021-02-16;816;2053;58531;18800;3.6;1.2
33;2021-02-17;668;2048;59199;20848;3.6;1.3
33;2021-02-18;899;2241;60098;23089;3.7;1.4
33;2021-02-19;918;2014;61016;25103;3.7;1.5
33;2021-02-20;78;656;61094;25759;3.7;1.6
33;2021-02-21;37;460;61131;26219;3.7;1.6
33;2021-02-22;709;1885;61840;28104;3.8;1.7
33;2021-02-23;1235;2746;63075;30850;3.9;1.9
33;2021-02-24;1407;2522;64482;33372;3.9;2.0
33;2021-02-25;2839;3759;67321;37131;4.1;2.3
33;2021-02-26;4059;2335;71380;39466;4.4;2.4
33;2021-02-27;1360;722;72740;40188;4.5;2.5
33;2021-02-28;127;514;72867;40702;4.5;2.5
33;2021-03-01;1537;1856;74404;42558;4.6;2.6
33;2021-03-02;2325;1746;76729;44304;4.7;2.7
33;2021-03-03;2312;1709;79041;46013;4.8;2.8
33;2021-03-04;3938;1672;82979;47685;5.1;2.9
33;2021-03-05;5762;1744;88741;49429;5.4;3.0
33;2021-03-06;3416;566;92157;49995;5.6;3.1
33;2021-03-07;741;160;92898;50155;5.7;3.1
33;2021-03-08;2712;1155;95610;51310;5.9;3.1
33;2021-03-09;4404;1341;100014;52651;6.1;3.2
33;2021-03-10;5122;1243;105136;53894;6.4;3.3
33;2021-03-11;7546;1238;112682;55132;6.9;3.4
33;2021-03-12;10119;1180;122801;56312;7.5;3.4
33;2021-03-13;5155;219;127956;56531;7.8;3.5
33;2021-03-14;714;29;128670;56560;7.9;3.5
33;2021-03-15;4445;685;133115;57245;8.1;3.5
33;2021-03-16;3582;883;136697;58128;8.4;3.6
33;2021-03-17;3645;954;140342;59082;8.6;3.6
33;2021-03-18;4037;1417;144379;60499;8.8;3.7
33;2021-03-19;6270;1042;150649;61541;9.2;3.8
33;2021-03-20;3368;109;154017;61650;9.4;3.8
33;2021-03-21;462;30;154479;61680;9.5;3.8
33;2021-03-22;4901;456;159380;62136;9.8;3.8
33;2021-03-23;6324;612;165704;62748;10.1;3.8
33;2021-03-24;7076;530;172780;63278;10.6;3.9
33;2021-03-25;8843;662;181623;63940;11.1;3.9
33;2021-03-26;10038;864;191661;64804;11.7;4.0
33;2021-03-27;3619;84;195280;64888;12.0;4.0
33;2021-03-28;577;34;195857;64922;12.0;4.0
33;2021-03-29;6765;706;202622;65628;12.4;4.0
33;2021-03-30;8103;1050;210725;66678;12.9;4.1
33;2021-03-31;7577;1071;218302;67749;13.4;4.1
33;2021-04-01;8824;1204;227126;68953;13.9;4.2
33;2021-04-02;8411;1567;235537;70520;14.4;4.3
33;2021-04-03;2832;526;238369;71046;14.6;4.3
33;2021-04-04;218;160;238587;71206;14.6;4.4
33;2021-04-05;694;125;239281;71331;14.6;4.4
33;2021-04-06;6048;2689;245329;74020;15.0;4.5
33;2021-04-07;7422;2551;252751;76571;15.5;4.7
33;2021-04-08;10329;2789;263080;79360;16.1;4.9
33;2021-04-09;12686;3104;275766;82464;16.9;5.0
33;2021-04-10;5357;1395;281123;83859;17.2;5.1
33;2021-04-11;1002;353;282125;84212;17.3;5.2
33;2021-04-12;7426;3285;289551;87497;17.7;5.4
33;2021-04-13;9321;3501;298872;90998;18.3;5.6
33;2021-04-14;9039;3649;307911;94647;18.9;5.8
33;2021-04-15;10110;3890;318021;98537;19.5;6.0
33;2021-04-16;9718;4233;327739;102770;20.1;6.3
33;2021-04-17;4652;1662;332391;104432;20.3;6.4
33;2021-04-18;929;413;333320;104845;20.4;6.4
33;2021-04-19;5616;3844;338936;108689;20.7;6.7
33;2021-04-20;7294;4272;346230;112961;21.2;6.9
33;2021-04-21;6594;4355;352824;117316;21.6;7.2
33;2021-04-22;7349;4494;360173;121810;22.0;7.5
33;2021-04-23;7705;4837;367878;126647;22.5;7.8
33;2021-04-24;4500;1804;372378;128451;22.8;7.9
33;2021-04-25;1652;418;374030;128869;22.9;7.9
33;2021-04-26;5270;5090;379300;133959;23.2;8.2
33;2021-04-27;6579;5633;385879;139592;23.6;8.5
33;2021-04-28;6782;5583;392661;145175;24.0;8.9
33;2021-04-29;8425;6251;401086;151426;24.6;9.3
33;2021-04-30;8740;6134;409826;157560;25.1;9.6
33;2021-05-01;2902;516;412728;158076;25.3;9.7
33;2021-05-02;1835;348;414563;158424;25.4;9.7
33;2021-05-03;7018;5222;421581;163646;25.8;10.0
33;2021-05-04;6827;6673;428408;170319;26.2;10.4
33;2021-05-05;7140;7573;435548;177892;26.7;10.9
33;2021-05-06;8704;8245;444252;186137;27.2;11.4
33;2021-05-07;8610;8924;452862;195061;27.7;11.9
33;2021-05-08;3543;1600;456405;196661;27.9;12.0
33;2021-05-09;1118;969;457523;197630;28.0;12.1
33;2021-05-10;6874;7312;464397;204942;28.4;12.5
33;2021-05-11;8634;7882;473031;212824;29.0;13.0
33;2021-05-12;9175;6704;482206;219528;29.5;13.4
33;2021-05-13;5211;2114;487417;221642;29.8;13.6
33;2021-05-14;8129;5354;495546;226996;30.3;13.9
33;2021-05-15;5179;2865;500725;229861;30.7;14.1
33;2021-05-16;1842;804;502567;230665;30.8;14.1
33;2021-05-17;8861;5112;511428;235777;31.3;14.4
33;2021-05-18;10625;4890;522053;240667;32.0;14.7
33;2021-05-19;10900;4786;532953;245453;32.6;15.0
33;2021-05-20;10907;5588;543860;251041;33.3;15.4
33;2021-05-21;10915;6251;554775;257292;34.0;15.8
33;2021-05-22;5121;2751;559896;260043;34.3;15.9
33;2021-05-23;1751;385;561647;260428;34.4;15.9
33;2021-05-24;5412;1002;567059;261430;34.7;16.0
33;2021-05-25;9391;5784;576450;267214;35.3;16.4
33;2021-05-26;9675;6048;586125;273262;35.9;16.7
33;2021-05-27;10901;7725;597026;280987;36.6;17.2
33;2021-05-28;10062;9519;607088;290506;37.2;17.8
33;2021-05-29;5042;4117;612130;294623;37.5;18.0
33;2021-05-30;1703;667;613833;295290;37.6;18.1
33;2021-05-31;8551;6422;622384;301712;38.1;18.5
33;2021-06-01;11802;8722;634186;310434;38.8;19.0
33;2021-06-02;11711;8215;645897;318649;39.5;19.5
33;2021-06-03;12715;9209;658612;327858;40.3;20.1
33;2021-06-04;12933;10957;671545;338815;41.1;20.7
33;2021-06-05;5272;5063;676817;343878;41.4;21.1
33;2021-06-06;2525;1193;679342;345071;41.6;21.1
33;2021-06-07;9758;8503;689100;353574;42.2;21.6
33;2021-06-08;11938;9465;701038;363039;42.9;22.2
33;2021-06-09;11775;8533;712813;371572;43.6;22.7
33;2021-06-10;12950;8395;725763;379967;44.4;23.3
33;2021-06-11;12516;11171;738279;391138;45.2;23.9
33;2021-06-12;6185;4481;744464;395619;45.6;24.2
33;2021-06-13;2613;1283;747077;396902;45.7;24.3
33;2021-06-14;8580;10158;755657;407060;46.3;24.9
33;2021-06-15;12053;10272;767710;417332;47.0;25.5
33;2021-06-16;12058;8878;779768;426210;47.7;26.1
33;2021-06-17;13116;9622;792884;435832;48.5;26.7
33;2021-06-18;11797;11443;804681;447275;49.3;27.4
33;2021-06-19;5610;4821;810291;452096;49.6;27.7
33;2021-06-20;2946;1475;813237;453571;49.8;27.8
33;2021-06-21;7875;10167;821112;463738;50.3;28.4
33;2021-06-22;9065;11084;830177;474822;50.8;29.1
33;2021-06-23;8672;10847;838849;485669;51.4;29.7
33;2021-06-24;9743;9979;848592;495648;52.0;30.3
33;2021-06-25;8047;13716;856639;509364;52.4;31.2
33;2021-06-26;4345;5920;860984;515284;52.7;31.5
33;2021-06-27;2467;1959;863451;517243;52.9;31.7
33;2021-06-28;4871;12762;868322;530005;53.2;32.4
33;2021-06-29;6443;13656;874765;543661;53.6;33.3
33;2021-06-30;6681;13394;881446;557055;54.0;34.1
33;2021-07-01;8046;11808;889492;568863;54.5;34.8
33;2021-07-02;6843;15110;896335;583973;54.9;35.8
33;2021-07-03;3227;6785;899562;590758;55.1;36.2
33;2021-07-04;2065;2379;901627;593137;55.2;36.3
33;2021-07-05;4398;12908;906025;606045;55.5;37.1
33;2021-07-06;6147;14593;912172;620638;55.8;38.0
33;2021-07-07;6895;13053;919067;633691;56.3;38.8
33;2021-07-08;7972;12758;927039;646449;56.8;39.6
33;2021-07-09;6471;15111;933510;661560;57.1;40.5
33;2021-07-10;3114;7162;936624;668722;57.3;40.9
33;2021-07-11;1844;2304;938468;671026;57.5;41.1
33;2021-07-12;3951;14705;942419;685731;57.7;42.0
33;2021-07-13;7153;16107;949572;701838;58.1;43.0
33;2021-07-14;3689;5315;953261;707153;58.4;43.3
33;2021-07-15;7627;15982;960888;723135;58.8;44.3
33;2021-07-16;8589;15151;969477;738286;59.4;45.2
33;2021-07-17;3156;6433;972633;744719;59.5;45.6
33;2021-07-18;1702;3205;974335;747924;59.6;45.8
33;2021-07-19;5871;15096;980206;763020;60.0;46.7
33;2021-07-20;7432;16134;987638;779154;60.5;47.7
33;2021-07-21;8370;14543;996008;793697;61.0;48.6
33;2021-07-22;9365;15110;1005373;808807;61.5;49.5
33;2021-07-23;9666;16350;1015039;825157;62.1;50.5
33;2021-07-24;3838;7554;1018877;832711;62.4;51.0
33;2021-07-25;2093;2667;1020970;835378;62.5;51.1
33;2021-07-26;6966;13420;1027936;848798;62.9;52.0
33;2021-07-27;10091;13402;1038027;862200;63.5;52.8
33;2021-07-28;10931;11976;1048958;874176;64.2;53.5
33;2021-07-29;11673;11911;1060631;886087;64.9;54.2
33;2021-07-30;11400;12225;1072031;898312;65.6;55.0
33;2021-07-31;4761;5650;1076792;903962;65.9;55.3
33;2021-08-01;2484;1951;1079276;905913;66.1;55.5
33;2021-08-02;8419;9892;1087695;915805;66.6;56.1
33;2021-08-03;11560;9026;1099255;924831;67.3;56.6
33;2021-08-04;12284;7368;1111539;932199;68.0;57.1
33;2021-08-05;11936;8046;1123475;940245;68.8;57.6
33;2021-08-06;11231;9057;1134706;949302;69.5;58.1
33;2021-08-07;5929;4517;1140635;953819;69.8;58.4
33;2021-08-08;3201;1820;1143836;955639;70.0;58.5
33;2021-08-09;8662;8722;1152498;964361;70.6;59.0
33;2021-08-10;9373;8452;1161871;972813;71.1;59.6
33;2021-08-11;8115;7589;1169986;980402;71.6;60.0
33;2021-08-12;7980;8020;1177966;988422;72.1;60.5
33;2021-08-13;7847;7679;1185813;996101;72.6;61.0
33;2021-08-14;3526;4332;1189339;1000433;72.8;61.2
33;2021-08-15;1211;1881;1190550;1002314;72.9;61.4
33;2021-08-16;6429;8628;1196979;1010942;73.3;61.9
33;2021-08-17;6638;9070;1203617;1020012;73.7;62.4
33;2021-08-18;5631;8771;1209248;1028783;74.0;63.0
33;2021-08-19;5505;9120;1214753;1037903;74.4;63.5
33;2021-08-20;4962;9836;1219715;1047739;74.7;64.1
33;2021-08-21;2208;5037;1221923;1052776;74.8;64.5
33;2021-08-22;565;2366;1222488;1055142;74.8;64.6
33;2021-08-23;3922;10289;1226410;1065431;75.1;65.2
33;2021-08-24;4143;11094;1230553;1076525;75.3;65.9
33;2021-08-25;3724;10489;1234277;1087014;75.6;66.5
33;2021-08-26;3662;11057;1237939;1098071;75.8;67.2
33;2021-08-27;3829;12587;1241768;1110658;76.0;68.0
33;2021-08-28;1580;6639;1243348;1117297;76.1;68.4
33;2021-08-29;455;2426;1243803;1119723;76.1;68.5
33;2021-08-30;2358;10459;1246161;1130182;76.3;69.2
33;2021-08-31;3250;10859;1249411;1141041;76.5;69.9
33;2021-09-01;2839;8283;1252250;1149324;76.7;70.4
33;2021-09-02;2709;7786;1254959;1157110;76.8;70.8
33;2021-09-03;3116;9374;1258075;1166484;77.0;71.4
33;2021-09-04;1655;5793;1259730;1172277;77.1;71.8
33;2021-09-05;414;1459;1260144;1173736;77.1;71.9
33;2021-09-06;1617;6437;1261761;1180173;77.2;72.3
33;2021-09-07;2080;5717;1263841;1185890;77.4;72.6
33;2021-09-08;1766;5903;1265607;1191793;77.5;73.0
33;2021-09-09;1902;5651;1267509;1197444;77.6;73.3
33;2021-09-10;2095;6304;1269604;1203748;77.7;73.7
33;2021-09-11;1000;4232;1270604;1207980;77.8;74.0
33;2021-09-12;131;556;1270735;1208536;77.8;74.0
33;2021-09-13;1472;3617;1272207;1212153;77.9;74.2
33;2021-09-14;1564;3487;1273771;1215640;78.0;74.4
33;2021-09-15;1547;4445;1275318;1220085;78.1;74.7
33;2021-09-16;1480;3349;1276798;1223434;78.2;74.9
33;2021-09-17;1800;4517;1278598;1227951;78.3;75.2
33;2021-09-18;605;3050;1279203;1231001;78.3;75.4
33;2021-09-19;115;398;1279318;1231399;78.3;75.4
33;2021-09-20;1048;2158;1280366;1233557;78.4;75.5
33;2021-09-21;956;2451;1281322;1236008;78.4;75.7
33;2021-09-22;959;3445;1282281;1239453;78.5;75.9
33;2021-09-23;904;2305;1283185;1241758;78.6;76.0
33;2021-09-24;1289;3721;1284474;1245479;78.6;76.2
33;2021-09-25;515;2354;1284989;1247833;78.7;76.4
33;2021-09-26;64;333;1285053;1248166;78.7;76.4
33;2021-09-27;666;2013;1285719;1250179;78.7;76.5
33;2021-09-28;826;2150;1286545;1252329;78.8;76.7
33;2021-09-29;889;2211;1287434;1254540;78.8;76.8
33;2021-09-30;694;1686;1288128;1256226;78.9;76.9
33;2021-10-01;1058;2684;1289186;1258910;78.9;77.1
33;2021-10-02;557;1350;1289743;1260260;79.0;77.2
33;2021-10-03;10;45;1289753;1260305;79.0;77.2
33;2021-10-04;645;1399;1290398;1261704;79.0;77.2
33;2021-10-05;546;1424;1290944;1263128;79.0;77.3
33;2021-10-06;784;1684;1291728;1264812;79.1;77.4
33;2021-10-07;582;1476;1292310;1266288;79.1;77.5
33;2021-10-08;860;2112;1293170;1268400;79.2;77.7
33;2021-10-09;488;922;1293658;1269322;79.2;77.7
33;2021-10-10;5;42;1293663;1269364;79.2;77.7
34;2020-12-27;1;0;1;0;0.0;0.0
34;2020-12-28;3;0;4;0;0.0;0.0
34;2020-12-29;0;0;4;0;0.0;0.0
34;2020-12-30;0;0;4;0;0.0;0.0
34;2020-12-31;0;0;4;0;0.0;0.0
34;2021-01-01;1;0;5;0;0.0;0.0
34;2021-01-02;2;0;7;0;0.0;0.0
34;2021-01-03;0;0;7;0;0.0;0.0
34;2021-01-04;23;0;30;0;0.0;0.0
34;2021-01-05;108;2;138;2;0.0;0.0
34;2021-01-06;199;7;337;9;0.0;0.0
34;2021-01-07;364;0;701;9;0.1;0.0
34;2021-01-08;606;0;1307;9;0.1;0.0
34;2021-01-09;244;0;1551;9;0.1;0.0
34;2021-01-10;94;1;1645;10;0.1;0.0
34;2021-01-11;567;2;2212;12;0.2;0.0
34;2021-01-12;1009;1;3221;13;0.3;0.0
34;2021-01-13;1098;7;4319;20;0.4;0.0
34;2021-01-14;1955;14;6274;34;0.5;0.0
34;2021-01-15;1471;7;7745;41;0.7;0.0
34;2021-01-16;332;7;8077;48;0.7;0.0
34;2021-01-17;235;1;8312;49;0.7;0.0
34;2021-01-18;1125;5;9437;54;0.8;0.0
34;2021-01-19;1610;8;11047;62;0.9;0.0
34;2021-01-20;2090;23;13137;85;1.1;0.0
34;2021-01-21;4234;20;17371;105;1.5;0.0
34;2021-01-22;2556;10;19927;115;1.7;0.0
34;2021-01-23;600;2;20527;117;1.7;0.0
34;2021-01-24;3;0;20530;117;1.7;0.0
34;2021-01-25;1242;6;21772;123;1.9;0.0
34;2021-01-26;1461;20;23233;143;2.0;0.0
34;2021-01-27;1471;24;24704;167;2.1;0.0
34;2021-01-28;1393;124;26097;291;2.2;0.0
34;2021-01-29;1260;139;27357;430;2.3;0.0
34;2021-01-30;479;25;27836;455;2.4;0.0
34;2021-01-31;4;0;27840;455;2.4;0.0
34;2021-02-01;1028;248;28868;703;2.5;0.1
34;2021-02-02;1464;443;30332;1146;2.6;0.1
34;2021-02-03;2654;525;32986;1671;2.8;0.1
34;2021-02-04;2318;887;35304;2558;3.0;0.2
34;2021-02-05;1891;1176;37195;3734;3.2;0.3
34;2021-02-06;497;241;37692;3975;3.2;0.3
34;2021-02-07;34;108;37726;4083;3.2;0.3
34;2021-02-08;860;1060;38586;5143;3.3;0.4
34;2021-02-09;1035;1301;39621;6444;3.4;0.5
34;2021-02-10;1296;1504;40917;7948;3.5;0.7
34;2021-02-11;1794;2706;42711;10654;3.6;0.9
34;2021-02-12;1922;1645;44633;12299;3.8;1.0
34;2021-02-13;357;512;44990;12811;3.8;1.1
34;2021-02-14;22;286;45012;13097;3.8;1.1
34;2021-02-15;673;1203;45685;14300;3.9;1.2
34;2021-02-16;666;1523;46351;15823;3.9;1.3
34;2021-02-17;715;1519;47066;17342;4.0;1.5
34;2021-02-18;838;1490;47904;18832;4.1;1.6
34;2021-02-19;816;1225;48720;20057;4.1;1.7
34;2021-02-20;300;479;49020;20536;4.2;1.7
34;2021-02-21;64;18;49084;20554;4.2;1.7
34;2021-02-22;630;1296;49714;21850;4.2;1.9
34;2021-02-23;566;1479;50280;23329;4.3;2.0
34;2021-02-24;943;2333;51223;25662;4.4;2.2
34;2021-02-25;1608;2276;52831;27938;4.5;2.4
34;2021-02-26;1850;1632;54681;29570;4.6;2.5
34;2021-02-27;702;431;55383;30001;4.7;2.6
34;2021-02-28;86;64;55469;30065;4.7;2.6
34;2021-03-01;932;1162;56401;31227;4.8;2.7
34;2021-03-02;1592;1279;57993;32506;4.9;2.8
34;2021-03-03;1835;1407;59828;33913;5.1;2.9
34;2021-03-04;2867;1629;62695;35542;5.3;3.0
34;2021-03-05;3686;1544;66381;37086;5.6;3.2
34;2021-03-06;2640;208;69021;37294;5.9;3.2
34;2021-03-07;1242;78;70263;37372;6.0;3.2
34;2021-03-08;2781;1014;73044;38386;6.2;3.3
34;2021-03-09;4020;1459;77064;39845;6.6;3.4
34;2021-03-10;3992;1341;81056;41186;6.9;3.5
34;2021-03-11;5436;1317;86492;42503;7.4;3.6
34;2021-03-12;6492;941;92984;43444;7.9;3.7
34;2021-03-13;3138;182;96122;43626;8.2;3.7
34;2021-03-14;1003;56;97125;43682;8.3;3.7
34;2021-03-15;3308;574;100433;44256;8.5;3.8
34;2021-03-16;2912;674;103345;44930;8.8;3.8
34;2021-03-17;3305;746;106650;45676;9.1;3.9
34;2021-03-18;3450;948;110100;46624;9.4;4.0
34;2021-03-19;4692;808;114792;47432;9.8;4.0
34;2021-03-20;3148;71;117940;47503;10.0;4.0
34;2021-03-21;1997;61;119937;47564;10.2;4.0
34;2021-03-22;3683;475;123620;48039;10.5;4.1
34;2021-03-23;4961;544;128581;48583;10.9;4.1
34;2021-03-24;5221;654;133802;49237;11.4;4.2
34;2021-03-25;7197;732;140999;49969;12.0;4.2
34;2021-03-26;7169;583;148168;50552;12.6;4.3
34;2021-03-27;2374;87;150542;50639;12.8;4.3
34;2021-03-28;700;22;151242;50661;12.9;4.3
34;2021-03-29;4187;769;155429;51430;13.2;4.4
34;2021-03-30;5221;975;160650;52405;13.7;4.5
34;2021-03-31;5069;1219;165719;53624;14.1;4.6
34;2021-04-01;7030;1068;172749;54692;14.7;4.7
34;2021-04-02;5822;1201;178571;55893;15.2;4.8
34;2021-04-03;1137;88;179708;55981;15.3;4.8
34;2021-04-04;166;5;179874;55986;15.3;4.8
34;2021-04-05;433;26;180307;56012;15.3;4.8
34;2021-04-06;3136;2460;183443;58472;15.6;5.0
34;2021-04-07;3387;2648;186830;61120;15.9;5.2
34;2021-04-08;5251;2816;192081;63936;16.3;5.4
34;2021-04-09;8074;2509;200155;66445;17.0;5.6
34;2021-04-10;3164;1377;203319;67822;17.3;5.8
34;2021-04-11;1715;808;205034;68630;17.4;5.8
34;2021-04-12;4500;2540;209534;71170;17.8;6.1
34;2021-04-13;5240;3062;214774;74232;18.3;6.3
34;2021-04-14;5621;3253;220395;77485;18.7;6.6
34;2021-04-15;6996;3182;227391;80667;19.3;6.9
34;2021-04-16;6579;3175;233970;83842;19.9;7.1
34;2021-04-17;2378;2076;236348;85918;20.1;7.3
34;2021-04-18;988;1723;237336;87641;20.2;7.5
34;2021-04-19;3421;3123;240757;90764;20.5;7.7
34;2021-04-20;3768;3666;244525;94430;20.8;8.0
34;2021-04-21;4241;3732;248766;98162;21.2;8.3
34;2021-04-22;4490;4621;253256;102783;21.5;8.7
34;2021-04-23;5378;3536;258634;106319;22.0;9.0
34;2021-04-24;3164;1588;261798;107907;22.3;9.2
34;2021-04-25;1919;650;263717;108557;22.4;9.2
34;2021-04-26;4223;3482;267940;112039;22.8;9.5
34;2021-04-27;5128;4031;273068;116070;23.2;9.9
34;2021-04-28;5771;3558;278839;119628;23.7;10.2
34;2021-04-29;6421;3952;285260;123580;24.3;10.5
34;2021-04-30;7870;3301;293130;126881;24.9;10.8
34;2021-05-01;2405;508;295535;127389;25.1;10.8
34;2021-05-02;3260;329;298795;127718;25.4;10.9
34;2021-05-03;6577;2916;305372;130634;26.0;11.1
34;2021-05-04;7109;3818;312481;134452;26.6;11.4
34;2021-05-05;6498;4537;318979;138989;27.1;11.8
34;2021-05-06;6945;5220;325924;144209;27.7;12.3
34;2021-05-07;6928;5694;332852;149903;28.3;12.7
34;2021-05-08;3609;1174;336461;151077;28.6;12.8
34;2021-05-09;2178;1290;338639;152367;28.8;13.0
34;2021-05-10;5853;4809;344492;157176;29.3;13.4
34;2021-05-11;7411;5331;351903;162507;29.9;13.8
34;2021-05-12;7756;4470;359659;166977;30.6;14.2
34;2021-05-13;6128;786;365787;167763;31.1;14.3
34;2021-05-14;7491;3747;373278;171510;31.7;14.6
34;2021-05-15;4863;1686;378141;173196;32.2;14.7
34;2021-05-16;4949;460;383090;173656;32.6;14.8
34;2021-05-17;8693;1987;391783;175643;33.3;14.9
34;2021-05-18;9143;1980;400926;177623;34.1;15.1
34;2021-05-19;8625;1812;409551;179435;34.8;15.3
34;2021-05-20;8866;2520;418417;181955;35.6;15.5
34;2021-05-21;8784;3229;427201;185184;36.3;15.7
34;2021-05-22;5787;1154;432988;186338;36.8;15.8
34;2021-05-23;3883;549;436871;186887;37.1;15.9
34;2021-05-24;1897;853;438768;187740;37.3;16.0
34;2021-05-25;7142;3816;445910;191556;37.9;16.3
34;2021-05-26;8319;3039;454229;194595;38.6;16.5
34;2021-05-27;8316;4307;462545;198902;39.3;16.9
34;2021-05-28;8063;5456;470608;204358;40.0;17.4
34;2021-05-29;4006;3110;474614;207468;40.4;17.6
34;2021-05-30;1985;1389;476599;208857;40.5;17.8
34;2021-05-31;5878;5260;482477;214117;41.0;18.2
34;2021-06-01;6948;6111;489425;220228;41.6;18.7
34;2021-06-02;6136;5814;495561;226042;42.1;19.2
34;2021-06-03;7705;6487;503266;232529;42.8;19.8
34;2021-06-04;7651;7591;510917;240120;43.4;20.4
34;2021-06-05;4140;3680;515057;243800;43.8;20.7
34;2021-06-06;3266;1865;518323;245665;44.1;20.9
34;2021-06-07;4415;6766;522738;252431;44.4;21.5
34;2021-06-08;5854;6829;528592;259260;44.9;22.0
34;2021-06-09;5826;6845;534418;266105;45.4;22.6
34;2021-06-10;6322;6877;540740;272982;46.0;23.2
34;2021-06-11;5400;9279;546140;282261;46.4;24.0
34;2021-06-12;3166;4728;549306;286989;46.7;24.4
34;2021-06-13;1081;1908;550387;288897;46.8;24.6
34;2021-06-14;3443;7814;553830;296711;47.1;25.2
34;2021-06-15;3951;8793;557781;305504;47.4;26.0
34;2021-06-16;4620;7858;562401;313362;47.8;26.6
34;2021-06-17;4228;7953;566629;321315;48.2;27.3
34;2021-06-18;4351;9331;570980;330646;48.5;28.1
34;2021-06-19;2729;4406;573709;335052;48.8;28.5
34;2021-06-20;888;2873;574597;337925;48.9;28.7
34;2021-06-21;2181;8555;576778;346480;49.0;29.5
34;2021-06-22;2974;9405;579752;355885;49.3;30.3
34;2021-06-23;3528;8965;583280;364850;49.6;31.0
34;2021-06-24;3559;8676;586839;373526;49.9;31.8
34;2021-06-25;3375;10440;590214;383966;50.2;32.6
34;2021-06-26;1641;6191;591855;390157;50.3;33.2
34;2021-06-27;308;4268;592163;394425;50.3;33.5
34;2021-06-28;2265;9428;594428;403853;50.5;34.3
34;2021-06-29;2683;10297;597111;414150;50.8;35.2
34;2021-06-30;3356;9546;600467;423696;51.1;36.0
34;2021-07-01;3530;9449;603997;433145;51.4;36.8
34;2021-07-02;3434;9742;607431;442887;51.6;37.7
34;2021-07-03;1682;6158;609113;449045;51.8;38.2
34;2021-07-04;312;2763;609425;451808;51.8;38.4
34;2021-07-05;3234;7998;612659;459806;52.1;39.1
34;2021-07-06;3531;9176;616190;468982;52.4;39.9
34;2021-07-07;3273;8654;619463;477636;52.7;40.6
34;2021-07-08;4303;8877;623766;486513;53.0;41.4
34;2021-07-09;4010;9349;627776;495862;53.4;42.2
34;2021-07-10;2140;5717;629916;501579;53.6;42.6
34;2021-07-11;924;2576;630840;504155;53.6;42.9
34;2021-07-12;2929;8970;633769;513125;53.9;43.6
34;2021-07-13;4657;10048;638426;523173;54.3;44.5
34;2021-07-14;784;357;639210;523530;54.3;44.5
34;2021-07-15;5910;10399;645120;533929;54.9;45.4
34;2021-07-16;5860;10735;650980;544664;55.3;46.3
34;2021-07-17;4500;4420;655480;549084;55.7;46.7
34;2021-07-18;235;199;655715;549283;55.8;46.7
34;2021-07-19;5117;8334;660832;557617;56.2;47.4
34;2021-07-20;6897;8390;667729;566007;56.8;48.1
34;2021-07-21;7649;7832;675378;573839;57.4;48.8
34;2021-07-22;7443;8180;682821;582019;58.1;49.5
34;2021-07-23;7843;8167;690664;590186;58.7;50.2
34;2021-07-24;6150;3062;696814;593248;59.2;50.4
34;2021-07-25;3210;547;700024;593795;59.5;50.5
34;2021-07-26;6238;6432;706262;600227;60.0;51.0
34;2021-07-27;8755;6058;715017;606285;60.8;51.5
34;2021-07-28;9711;5932;724728;612217;61.6;52.1
34;2021-07-29;11326;6054;736054;618271;62.6;52.6
34;2021-07-30;9848;6544;745902;624815;63.4;53.1
34;2021-07-31;6445;2197;752347;627012;64.0;53.3
34;2021-08-01;3317;621;755664;627633;64.2;53.4
34;2021-08-02;7361;5070;763025;632703;64.9;53.8
34;2021-08-03;8143;5401;771168;638104;65.6;54.3
34;2021-08-04;8446;4569;779614;642673;66.3;54.6
34;2021-08-05;7136;5031;786750;647704;66.9;55.1
34;2021-08-06;6225;5235;792975;652939;67.4;55.5
34;2021-08-07;3110;2437;796085;655376;67.7;55.7
34;2021-08-08;202;204;796287;655580;67.7;55.7
34;2021-08-09;4781;6181;801068;661761;68.1;56.3
34;2021-08-10;5398;6485;806466;668246;68.6;56.8
34;2021-08-11;4832;6543;811298;674789;69.0;57.4
34;2021-08-12;4576;6201;815874;680990;69.4;57.9
34;2021-08-13;4110;5739;819984;686729;69.7;58.4
34;2021-08-14;1796;2881;821780;689610;69.9;58.6
34;2021-08-15;209;194;821989;689804;69.9;58.6
34;2021-08-16;2904;7550;824893;697354;70.1;59.3
34;2021-08-17;3593;8282;828486;705636;70.4;60.0
34;2021-08-18;3207;7564;831693;713200;70.7;60.6
34;2021-08-19;3268;7786;834961;720986;71.0;61.3
34;2021-08-20;2725;7721;837686;728707;71.2;62.0
34;2021-08-21;1399;3563;839085;732270;71.3;62.3
34;2021-08-22;163;308;839248;732578;71.4;62.3
34;2021-08-23;2330;8655;841578;741233;71.6;63.0
34;2021-08-24;2729;8962;844307;750195;71.8;63.8
34;2021-08-25;2346;8543;846653;758738;72.0;64.5
34;2021-08-26;2607;7888;849260;766626;72.2;65.2
34;2021-08-27;2197;7574;851457;774200;72.4;65.8
34;2021-08-28;1118;3561;852575;777761;72.5;66.1
34;2021-08-29;368;1357;852943;779118;72.5;66.2
34;2021-08-30;2054;6768;854997;785886;72.7;66.8
34;2021-08-31;2122;6583;857119;792469;72.9;67.4
34;2021-09-01;2062;5882;859181;798351;73.1;67.9
34;2021-09-02;1667;4089;860848;802440;73.2;68.2
34;2021-09-03;1776;4926;862624;807366;73.3;68.6
34;2021-09-04;1366;3090;863990;810456;73.5;68.9
34;2021-09-05;141;220;864131;810676;73.5;68.9
34;2021-09-06;1174;3172;865305;813848;73.6;69.2
34;2021-09-07;1354;3292;866659;817140;73.7;69.5
34;2021-09-08;1629;4070;868288;821210;73.8;69.8
34;2021-09-09;1193;3103;869481;824313;73.9;70.1
34;2021-09-10;1525;3301;871006;827614;74.1;70.4
34;2021-09-11;1284;1847;872290;829461;74.2;70.5
34;2021-09-12;91;81;872381;829542;74.2;70.5
34;2021-09-13;1001;2528;873382;832070;74.3;70.7
34;2021-09-14;1236;2271;874618;834341;74.4;70.9
34;2021-09-15;1486;2952;876104;837293;74.5;71.2
34;2021-09-16;884;1878;876988;839171;74.6;71.3
34;2021-09-17;1124;2416;878112;841587;74.7;71.6
34;2021-09-18;785;1762;878897;843349;74.7;71.7
34;2021-09-19;36;59;878933;843408;74.7;71.7
34;2021-09-20;613;1909;879546;845317;74.8;71.9
34;2021-09-21;611;1779;880157;847096;74.8;72.0
34;2021-09-22;829;2528;880986;849624;74.9;72.2
34;2021-09-23;668;1658;881654;851282;75.0;72.4
34;2021-09-24;842;2220;882496;853502;75.0;72.6
34;2021-09-25;492;1555;882988;855057;75.1;72.7
34;2021-09-26;51;142;883039;855199;75.1;72.7
34;2021-09-27;620;1477;883659;856676;75.1;72.8
34;2021-09-28;630;1128;884289;857804;75.2;72.9
34;2021-09-29;856;1811;885145;859615;75.3;73.1
34;2021-09-30;605;1346;885750;860961;75.3;73.2
34;2021-10-01;717;1498;886467;862459;75.4;73.3
34;2021-10-02;653;1389;887120;863848;75.4;73.4
34;2021-10-03;60;162;887180;864010;75.4;73.5
34;2021-10-04;597;1082;887777;865092;75.5;73.6
34;2021-10-05;531;1034;888308;866126;75.5;73.6
34;2021-10-06;840;1710;889148;867836;75.6;73.8
34;2021-10-07;546;999;889694;868835;75.6;73.9
34;2021-10-08;844;1393;890538;870228;75.7;74.0
34;2021-10-09;575;1006;891113;871234;75.8;74.1
34;2021-10-10;64;72;891177;871306;75.8;74.1
35;2020-12-27;0;0;0;0;0.0;0.0
35;2020-12-28;0;0;0;0;0.0;0.0
35;2020-12-29;2;0;2;0;0.0;0.0
35;2020-12-30;0;0;2;0;0.0;0.0
35;2020-12-31;3;0;5;0;0.0;0.0
35;2021-01-01;3;0;8;0;0.0;0.0
35;2021-01-02;1;0;9;0;0.0;0.0
35;2021-01-03;0;0;9;0;0.0;0.0
35;2021-01-04;10;0;19;0;0.0;0.0
35;2021-01-05;110;0;129;0;0.0;0.0
35;2021-01-06;175;0;304;0;0.0;0.0
35;2021-01-07;440;1;744;1;0.1;0.0
35;2021-01-08;513;1;1257;2;0.1;0.0
35;2021-01-09;31;0;1288;2;0.1;0.0
35;2021-01-10;2;0;1290;2;0.1;0.0
35;2021-01-11;538;0;1828;2;0.2;0.0
35;2021-01-12;886;3;2714;5;0.3;0.0
35;2021-01-13;971;4;3685;9;0.3;0.0
35;2021-01-14;1261;18;4946;27;0.5;0.0
35;2021-01-15;732;3;5678;30;0.5;0.0
35;2021-01-16;189;3;5867;33;0.5;0.0
35;2021-01-17;44;0;5911;33;0.5;0.0
35;2021-01-18;1222;2;7133;35;0.7;0.0
35;2021-01-19;5407;18;12540;53;1.2;0.0
35;2021-01-20;3238;10;15778;63;1.5;0.0
35;2021-01-21;3643;17;19421;80;1.8;0.0
35;2021-01-22;2087;10;21508;90;2.0;0.0
35;2021-01-23;421;1;21929;91;2.0;0.0
35;2021-01-24;51;0;21980;91;2.0;0.0
35;2021-01-25;918;17;22898;108;2.1;0.0
35;2021-01-26;1130;142;24028;250;2.2;0.0
35;2021-01-27;1029;125;25057;375;2.3;0.0
35;2021-01-28;916;298;25973;673;2.4;0.1
35;2021-01-29;725;290;26698;963;2.5;0.1
35;2021-01-30;140;19;26838;982;2.5;0.1
35;2021-01-31;0;0;26838;982;2.5;0.1
35;2021-02-01;673;333;27511;1315;2.5;0.1
35;2021-02-02;725;483;28236;1798;2.6;0.2
35;2021-02-03;662;506;28898;2304;2.7;0.2
35;2021-02-04;590;657;29488;2961;2.7;0.3
35;2021-02-05;624;563;30112;3524;2.8;0.3
35;2021-02-06;175;9;30287;3533;2.8;0.3
35;2021-02-07;1;0;30288;3533;2.8;0.3
35;2021-02-08;446;653;30734;4186;2.8;0.4
35;2021-02-09;1715;3559;32449;7745;3.0;0.7
35;2021-02-10;1370;2728;33819;10473;3.1;1.0
35;2021-02-11;1945;3237;35764;13710;3.3;1.3
35;2021-02-12;1663;1730;37427;15440;3.5;1.4
35;2021-02-13;58;254;37485;15694;3.5;1.5
35;2021-02-14;8;69;37493;15763;3.5;1.5
35;2021-02-15;771;1098;38264;16861;3.5;1.6
35;2021-02-16;919;1020;39183;17881;3.6;1.7
35;2021-02-17;895;1087;40078;18968;3.7;1.8
35;2021-02-18;1020;996;41098;19964;3.8;1.8
35;2021-02-19;1013;968;42111;20932;3.9;1.9
35;2021-02-20;143;49;42254;20981;3.9;1.9
35;2021-02-21;5;0;42259;20981;3.9;1.9
35;2021-02-22;776;831;43035;21812;4.0;2.0
35;2021-02-23;1288;868;44323;22680;4.1;2.1
35;2021-02-24;1404;815;45727;23495;4.2;2.2
35;2021-02-25;2249;790;47976;24285;4.4;2.2
35;2021-02-26;2599;736;50575;25021;4.7;2.3
35;2021-02-27;869;104;51444;25125;4.8;2.3
35;2021-02-28;10;1;51454;25126;4.8;2.3
35;2021-03-01;959;691;52413;25817;4.8;2.4
35;2021-03-02;1634;1995;54047;27812;5.0;2.6
35;2021-03-03;1914;972;55961;28784;5.2;2.7
35;2021-03-04;2917;1418;58878;30202;5.4;2.8
35;2021-03-05;3715;1352;62593;31554;5.8;2.9
35;2021-03-06;1337;87;63930;31641;5.9;2.9
35;2021-03-07;1;40;63931;31681;5.9;2.9
35;2021-03-08;1475;589;65406;32270;6.0;3.0
35;2021-03-09;3238;620;68644;32890;6.3;3.0
35;2021-03-10;2902;566;71546;33456;6.6;3.1
35;2021-03-11;4199;726;75745;34182;7.0;3.2
35;2021-03-12;6049;571;81794;34753;7.6;3.2
35;2021-03-13;2427;136;84221;34889;7.8;3.2
35;2021-03-14;18;25;84239;34914;7.8;3.2
35;2021-03-15;1966;674;86205;35588;8.0;3.3
35;2021-03-16;2505;734;88710;36322;8.2;3.4
35;2021-03-17;2397;603;91107;36925;8.4;3.4
35;2021-03-18;2335;599;93442;37524;8.6;3.5
35;2021-03-19;3546;514;96988;38038;9.0;3.5
35;2021-03-20;1543;114;98531;38152;9.1;3.5
35;2021-03-21;38;1;98569;38153;9.1;3.5
35;2021-03-22;1749;843;100318;38996;9.3;3.6
35;2021-03-23;3626;1187;103944;40183;9.6;3.7
35;2021-03-24;3730;994;107674;41177;10.0;3.8
35;2021-03-25;5328;1012;113002;42189;10.4;3.9
35;2021-03-26;5853;824;118855;43013;11.0;4.0
35;2021-03-27;1416;211;120271;43224;11.1;4.0
35;2021-03-28;4;0;120275;43224;11.1;4.0
35;2021-03-29;2778;912;123053;44136;11.4;4.1
35;2021-03-30;4292;1337;127345;45473;11.8;4.2
35;2021-03-31;3471;1349;130816;46822;12.1;4.3
35;2021-04-01;4250;1245;135066;48067;12.5;4.4
35;2021-04-02;4861;1216;139927;49283;12.9;4.6
35;2021-04-03;763;216;140690;49499;13.0;4.6
35;2021-04-04;6;0;140696;49499;13.0;4.6
35;2021-04-05;24;2;140720;49501;13.0;4.6
35;2021-04-06;3279;2032;143999;51533;13.3;4.8
35;2021-04-07;3966;1848;147965;53381;13.7;4.9
35;2021-04-08;5803;1597;153768;54978;14.2;5.1
35;2021-04-09;7430;1430;161198;56408;14.9;5.2
35;2021-04-10;1860;254;163058;56662;15.1;5.2
35;2021-04-11;35;23;163093;56685;15.1;5.2
35;2021-04-12;5137;1603;168230;58288;15.5;5.4
35;2021-04-13;7624;2793;175854;61081;16.3;5.6
35;2021-04-14;6314;2306;182168;63387;16.8;5.9
35;2021-04-15;7565;2189;189733;65576;17.5;6.1
35;2021-04-16;8081;1766;197814;67342;18.3;6.2
35;2021-04-17;1571;223;199385;67565;18.4;6.2
35;2021-04-18;10;4;199395;67569;18.4;6.2
35;2021-04-19;4819;1674;204214;69243;18.9;6.4
35;2021-04-20;5165;2648;209379;71891;19.3;6.6
35;2021-04-21;5134;2218;214513;74109;19.8;6.8
35;2021-04-22;6429;2334;220942;76443;20.4;7.1
35;2021-04-23;6821;2375;227763;78818;21.0;7.3
35;2021-04-24;1132;265;228895;79083;21.2;7.3
35;2021-04-25;8;16;228903;79099;21.2;7.3
35;2021-04-26;5099;2163;234002;81262;21.6;7.5
35;2021-04-27;6090;3213;240092;84475;22.2;7.8
35;2021-04-28;6173;2572;246265;87047;22.8;8.0
35;2021-04-29;7117;2769;253382;89816;23.4;8.3
35;2021-04-30;7564;2551;260946;92367;24.1;8.5
35;2021-05-01;618;239;261564;92606;24.2;8.6
35;2021-05-02;15;21;261579;92627;24.2;8.6
35;2021-05-03;5307;2335;266886;94962;24.7;8.8
35;2021-05-04;5067;5343;271953;100305;25.1;9.3
35;2021-05-05;4882;4451;276835;104756;25.6;9.7
35;2021-05-06;6176;5280;283011;110036;26.2;10.2
35;2021-05-07;5620;5252;288631;115288;26.7;10.7
35;2021-05-08;1719;136;290350;115424;26.8;10.7
35;2021-05-09;698;75;291048;115499;26.9;10.7
35;2021-05-10;3719;4955;294767;120454;27.2;11.1
35;2021-05-11;4774;5810;299541;126264;27.7;11.7
35;2021-05-12;5292;5501;304833;131765;28.2;12.2
35;2021-05-13;2699;1424;307532;133189;28.4;12.3
35;2021-05-14;5460;4334;312992;137523;28.9;12.7
35;2021-05-15;2929;718;315921;138241;29.2;12.8
35;2021-05-16;997;61;316918;138302;29.3;12.8
35;2021-05-17;4474;3882;321392;142184;29.7;13.1
35;2021-05-18;5838;4329;327230;146513;30.2;13.5
35;2021-05-19;5866;3635;333096;150148;30.8;13.9
35;2021-05-20;6448;4009;339544;154157;31.4;14.2
35;2021-05-21;6140;4770;345684;158927;31.9;14.7
35;2021-05-22;2118;739;347802;159666;32.1;14.8
35;2021-05-23;688;46;348490;159712;32.2;14.8
35;2021-05-24;3206;1298;351696;161010;32.5;14.9
35;2021-05-25;5541;4278;357237;165288;33.0;15.3
35;2021-05-26;5721;4165;362958;169453;33.5;15.7
35;2021-05-27;6527;4778;369485;174231;34.1;16.1
35;2021-05-28;6330;5573;375815;179804;34.7;16.6
35;2021-05-29;2873;1147;378688;180951;35.0;16.7
35;2021-05-30;878;39;379566;180990;35.1;16.7
35;2021-05-31;6309;4393;385875;185383;35.7;17.1
35;2021-06-01;7365;5124;393240;190507;36.3;17.6
35;2021-06-02;7219;3798;400459;194305;37.0;18.0
35;2021-06-03;8156;4999;408615;199304;37.8;18.4
35;2021-06-04;7274;7469;415889;206773;38.4;19.1
35;2021-06-05;4138;1588;420027;208361;38.8;19.3
35;2021-06-06;3053;146;423080;208507;39.1;19.3
35;2021-06-07;5782;5778;428862;214285;39.6;19.8
35;2021-06-08;7603;5956;436465;220241;40.3;20.4
35;2021-06-09;8461;4818;444926;225059;41.1;20.8
35;2021-06-10;9346;4752;454272;229811;42.0;21.2
35;2021-06-11;8632;7472;462904;237283;42.8;21.9
35;2021-06-12;4684;1209;467588;238492;43.2;22.0
35;2021-06-13;3386;227;470974;238719;43.5;22.1
35;2021-06-14;6231;6519;477205;245238;44.1;22.7
35;2021-06-15;7505;6967;484710;252205;44.8;23.3
35;2021-06-16;8323;5626;493033;257831;45.6;23.8
35;2021-06-17;8898;5913;501931;263744;46.4;24.4
35;2021-06-18;8717;8098;510648;271842;47.2;25.1
35;2021-06-19;1504;2510;512152;274352;47.3;25.4
35;2021-06-20;2953;883;515105;275235;47.6;25.4
35;2021-06-21;5930;6377;521035;281612;48.2;26.0
35;2021-06-22;6841;7500;527876;289112;48.8;26.7
35;2021-06-23;7254;6144;535130;295256;49.5;27.3
35;2021-06-24;8367;5925;543497;301181;50.2;27.8
35;2021-06-25;6627;8481;550124;309662;50.8;28.6
35;2021-06-26;1107;3077;551231;312739;50.9;28.9
35;2021-06-27;2635;1031;553866;313770;51.2;29.0
35;2021-06-28;4298;7760;558164;321530;51.6;29.7
35;2021-06-29;5089;7972;563253;329502;52.1;30.5
35;2021-06-30;5601;7896;568854;337398;52.6;31.2
35;2021-07-01;6587;7551;575441;344949;53.2;31.9
35;2021-07-02;5333;9862;580774;354811;53.7;32.8
35;2021-07-03;1083;2839;581857;357650;53.8;33.1
35;2021-07-04;2149;1554;584006;359204;54.0;33.2
35;2021-07-05;3735;8209;587741;367413;54.3;34.0
35;2021-07-06;4787;9477;592528;376890;54.8;34.8
35;2021-07-07;5060;8323;597588;385213;55.2;35.6
35;2021-07-08;5386;8490;602974;393703;55.7;36.4
35;2021-07-09;3907;11548;606881;405251;56.1;37.5
35;2021-07-10;892;3148;607773;408399;56.2;37.7
35;2021-07-11;1300;2355;609073;410754;56.3;38.0
35;2021-07-12;3121;9145;612194;419899;56.6;38.8
35;2021-07-13;3981;10749;616175;430648;56.9;39.8
35;2021-07-14;2153;4451;618328;435099;57.1;40.2
35;2021-07-15;4293;10181;622621;445280;57.5;41.2
35;2021-07-16;4802;11009;627423;456289;58.0;42.2
35;2021-07-17;1988;4064;629411;460353;58.2;42.5
35;2021-07-18;844;2571;630255;462924;58.2;42.8
35;2021-07-19;3251;8974;633506;471898;58.5;43.6
35;2021-07-20;4242;10592;637748;482490;58.9;44.6
35;2021-07-21;4372;9389;642120;491879;59.3;45.5
35;2021-07-22;4852;9657;646972;501536;59.8;46.3
35;2021-07-23;4564;11012;651536;512548;60.2;47.4
35;2021-07-24;1587;4267;653123;516815;60.4;47.8
35;2021-07-25;815;2846;653938;519661;60.4;48.0
35;2021-07-26;3893;8737;657831;528398;60.8;48.8
35;2021-07-27;5281;9658;663112;538056;61.3;49.7
35;2021-07-28;5317;8672;668429;546728;61.8;50.5
35;2021-07-29;6114;8341;674543;555069;62.3;51.3
35;2021-07-30;5904;9085;680447;564154;62.9;52.1
35;2021-07-31;2322;3655;682769;567809;63.1;52.5
35;2021-08-01;1526;2415;684295;570224;63.2;52.7
35;2021-08-02;4757;6949;689052;577173;63.7;53.3
35;2021-08-03;6712;7582;695764;584755;64.3;54.0
35;2021-08-04;6714;6594;702478;591349;64.9;54.6
35;2021-08-05;6685;6984;709163;598333;65.5;55.3
35;2021-08-06;6067;7322;715230;605655;66.1;56.0
35;2021-08-07;2109;3151;717339;608806;66.3;56.3
35;2021-08-08;1523;2257;718862;611063;66.4;56.5
35;2021-08-09;4617;5535;723479;616598;66.9;57.0
35;2021-08-10;6565;6381;730044;622979;67.5;57.6
35;2021-08-11;6474;5865;736518;628844;68.1;58.1
35;2021-08-12;7013;5586;743531;634430;68.7;58.6
35;2021-08-13;6696;5068;750227;639498;69.3;59.1
35;2021-08-14;3049;1985;753276;641483;69.6;59.3
35;2021-08-15;2471;1261;755747;642744;69.8;59.4
35;2021-08-16;4871;5296;760618;648040;70.3;59.9
35;2021-08-17;6407;6081;767025;654121;70.9;60.5
35;2021-08-18;6487;5633;773512;659754;71.5;61.0
35;2021-08-19;6302;5764;779814;665518;72.1;61.5
35;2021-08-20;5134;6349;784948;671867;72.5;62.1
35;2021-08-21;2384;2633;787332;674500;72.8;62.3
35;2021-08-22;1765;1797;789097;676297;72.9;62.5
35;2021-08-23;3105;6013;792202;682310;73.2;63.1
35;2021-08-24;3503;7221;795705;689531;73.5;63.7
35;2021-08-25;3313;6616;799018;696147;73.8;64.3
35;2021-08-26;2641;6894;801659;703041;74.1;65.0
35;2021-08-27;2784;7261;804443;710302;74.3;65.6
35;2021-08-28;1179;2954;805622;713256;74.5;65.9
35;2021-08-29;517;1759;806139;715015;74.5;66.1
35;2021-08-30;1978;5389;808117;720404;74.7;66.6
35;2021-08-31;2388;6360;810505;726764;74.9;67.2
35;2021-09-01;1924;5759;812429;732523;75.1;67.7
35;2021-09-02;1844;5752;814273;738275;75.3;68.2
35;2021-09-03;2032;6631;816305;744906;75.4;68.8
35;2021-09-04;1133;4009;817438;748915;75.5;69.2
35;2021-09-05;517;2007;817955;750922;75.6;69.4
35;2021-09-06;1137;4591;819092;755513;75.7;69.8
35;2021-09-07;1324;4868;820416;760381;75.8;70.3
35;2021-09-08;1334;5817;821750;766198;75.9;70.8
35;2021-09-09;1260;4844;823010;771042;76.1;71.3
35;2021-09-10;1586;5976;824596;777018;76.2;71.8
35;2021-09-11;625;3798;825221;780816;76.3;72.2
35;2021-09-12;285;2324;825506;783140;76.3;72.4
35;2021-09-13;1324;3835;826830;786975;76.4;72.7
35;2021-09-14;1379;3397;828209;790372;76.5;73.0
35;2021-09-15;1231;4595;829440;794967;76.7;73.5
35;2021-09-16;1130;2851;830570;797818;76.8;73.7
35;2021-09-17;1278;3897;831848;801715;76.9;74.1
35;2021-09-18;518;2877;832366;804592;76.9;74.4
35;2021-09-19;167;1020;832533;805612;76.9;74.5
35;2021-09-20;1150;2649;833683;808261;77.0;74.7
35;2021-09-21;663;1927;834346;810188;77.1;74.9
35;2021-09-22;857;3624;835203;813812;77.2;75.2
35;2021-09-23;565;1532;835768;815344;77.2;75.4
35;2021-09-24;972;3039;836740;818383;77.3;75.6
35;2021-09-25;421;1958;837161;820341;77.4;75.8
35;2021-09-26;16;164;837177;820505;77.4;75.8
35;2021-09-27;519;1626;837696;822131;77.4;76.0
35;2021-09-28;460;1185;838156;823316;77.5;76.1
35;2021-09-29;610;1981;838766;825297;77.5;76.3
35;2021-09-30;351;835;839117;826132;77.5;76.3
35;2021-10-01;806;2162;839923;828294;77.6;76.5
35;2021-10-02;360;1135;840283;829429;77.7;76.7
35;2021-10-03;2;12;840285;829441;77.7;76.7
35;2021-10-04;514;1011;840799;830452;77.7;76.7
35;2021-10-05;433;984;841232;831436;77.7;76.8
35;2021-10-06;605;1331;841837;832767;77.8;77.0
35;2021-10-07;377;979;842214;833746;77.8;77.1
35;2021-10-08;695;2072;842909;835818;77.9;77.2
35;2021-10-09;371;880;843280;836698;77.9;77.3
35;2021-10-10;0;4;843280;836702;77.9;77.3
36;2020-12-27;0;0;0;0;0.0;0.0
36;2020-12-28;0;0;0;0;0.0;0.0
36;2020-12-29;0;0;0;0;0.0;0.0
36;2020-12-30;0;0;0;0;0.0;0.0
36;2020-12-31;0;0;0;0;0.0;0.0
36;2021-01-01;0;0;0;0;0.0;0.0
36;2021-01-02;0;0;0;0;0.0;0.0
36;2021-01-03;0;0;0;0;0.0;0.0
36;2021-01-04;2;0;2;0;0.0;0.0
36;2021-01-05;0;0;2;0;0.0;0.0
36;2021-01-06;24;0;26;0;0.0;0.0
36;2021-01-07;51;0;77;0;0.0;0.0
36;2021-01-08;111;0;188;0;0.1;0.0
36;2021-01-09;84;0;272;0;0.1;0.0
36;2021-01-10;142;0;414;0;0.2;0.0
36;2021-01-11;240;1;654;1;0.3;0.0
36;2021-01-12;282;0;936;1;0.4;0.0
36;2021-01-13;198;1;1134;2;0.5;0.0
36;2021-01-14;506;4;1640;6;0.8;0.0
36;2021-01-15;179;1;1819;7;0.8;0.0
36;2021-01-16;24;1;1843;8;0.8;0.0
36;2021-01-17;19;1;1862;9;0.9;0.0
36;2021-01-18;612;5;2474;14;1.1;0.0
36;2021-01-19;1173;2;3647;16;1.7;0.0
36;2021-01-20;1102;4;4749;20;2.2;0.0
36;2021-01-21;721;1;5470;21;2.5;0.0
36;2021-01-22;858;2;6328;23;2.9;0.0
36;2021-01-23;294;0;6622;23;3.0;0.0
36;2021-01-24;185;1;6807;24;3.1;0.0
36;2021-01-25;640;5;7447;29;3.4;0.0
36;2021-01-26;609;1;8056;30;3.7;0.0
36;2021-01-27;853;20;8909;50;4.1;0.0
36;2021-01-28;478;44;9387;94;4.3;0.0
36;2021-01-29;572;96;9959;190;4.6;0.1
36;2021-01-30;288;71;10247;261;4.7;0.1
36;2021-01-31;115;130;10362;391;4.8;0.2
36;2021-02-01;379;100;10741;491;4.9;0.2
36;2021-02-02;410;175;11151;666;5.1;0.3
36;2021-02-03;473;264;11624;930;5.4;0.4
36;2021-02-04;275;272;11899;1202;5.5;0.6
36;2021-02-05;301;164;12200;1366;5.6;0.6
36;2021-02-06;1;0;12201;1366;5.6;0.6
36;2021-02-07;1;0;12202;1366;5.6;0.6
36;2021-02-08;280;258;12482;1624;5.7;0.7
36;2021-02-09;328;605;12810;2229;5.9;1.0
36;2021-02-10;489;656;13299;2885;6.1;1.3
36;2021-02-11;384;593;13683;3478;6.3;1.6
36;2021-02-12;303;459;13986;3937;6.4;1.8
36;2021-02-13;126;81;14112;4018;6.5;1.9
36;2021-02-14;22;43;14134;4061;6.5;1.9
36;2021-02-15;42;575;14176;4636;6.5;2.1
36;2021-02-16;107;412;14283;5048;6.6;2.3
36;2021-02-17;117;622;14400;5670;6.6;2.6
36;2021-02-18;161;614;14561;6284;6.7;2.9
36;2021-02-19;181;540;14742;6824;6.8;3.1
36;2021-02-20;86;239;14828;7063;6.8;3.3
36;2021-02-21;87;156;14915;7219;6.9;3.3
36;2021-02-22;162;512;15077;7731;6.9;3.6
36;2021-02-23;62;574;15139;8305;7.0;3.8
36;2021-02-24;110;680;15249;8985;7.0;4.1
36;2021-02-25;251;281;15500;9266;7.1;4.3
36;2021-02-26;339;468;15839;9734;7.3;4.5
36;2021-02-27;73;277;15912;10011;7.3;4.6
36;2021-02-28;13;97;15925;10108;7.3;4.7
36;2021-03-01;218;341;16143;10449;7.4;4.8
36;2021-03-02;352;367;16495;10816;7.6;5.0
36;2021-03-03;394;532;16889;11348;7.8;5.2
36;2021-03-04;662;358;17551;11706;8.1;5.4
36;2021-03-05;800;298;18351;12004;8.5;5.5
36;2021-03-06;410;18;18761;12022;8.6;5.5
36;2021-03-07;339;9;19100;12031;8.8;5.5
36;2021-03-08;251;316;19351;12347;8.9;5.7
36;2021-03-09;449;270;19800;12617;9.1;5.8
36;2021-03-10;724;409;20524;13026;9.5;6.0
36;2021-03-11;840;246;21364;13272;9.8;6.1
36;2021-03-12;1446;300;22810;13572;10.5;6.3
36;2021-03-13;576;129;23386;13701;10.8;6.3
36;2021-03-14;113;1;23499;13702;10.8;6.3
36;2021-03-15;648;159;24147;13861;11.1;6.4
36;2021-03-16;445;67;24592;13928;11.3;6.4
36;2021-03-17;766;92;25358;14020;11.7;6.5
36;2021-03-18;414;72;25772;14092;11.9;6.5
36;2021-03-19;737;40;26509;14132;12.2;6.5
36;2021-03-20;450;27;26959;14159;12.4;6.5
36;2021-03-21;0;0;26959;14159;12.4;6.5
36;2021-03-22;497;60;27456;14219;12.6;6.5
36;2021-03-23;777;60;28233;14279;13.0;6.6
36;2021-03-24;1089;78;29322;14357;13.5;6.6
36;2021-03-25;1338;90;30660;14447;14.1;6.7
36;2021-03-26;1419;159;32079;14606;14.8;6.7
36;2021-03-27;475;43;32554;14649;15.0;6.7
36;2021-03-28;68;57;32622;14706;15.0;6.8
36;2021-03-29;462;187;33084;14893;15.2;6.9
36;2021-03-30;583;263;33667;15156;15.5;7.0
36;2021-03-31;1262;172;34929;15328;16.1;7.1
36;2021-04-01;1086;432;36015;15760;16.6;7.3
36;2021-04-02;966;144;36981;15904;17.0;7.3
36;2021-04-03;282;195;37263;16099;17.2;7.4
36;2021-04-04;42;2;37305;16101;17.2;7.4
36;2021-04-05;15;46;37320;16147;17.2;7.4
36;2021-04-06;820;362;38140;16509;17.6;7.6
36;2021-04-07;1072;543;39212;17052;18.1;7.9
36;2021-04-08;1347;482;40559;17534;18.7;8.1
36;2021-04-09;1936;406;42495;17940;19.6;8.3
36;2021-04-10;591;244;43086;18184;19.8;8.4
36;2021-04-11;256;90;43342;18274;20.0;8.4
36;2021-04-12;848;561;44190;18835;20.4;8.7
36;2021-04-13;1140;519;45330;19354;20.9;8.9
36;2021-04-14;1582;866;46912;20220;21.6;9.3
36;2021-04-15;1654;474;48566;20694;22.4;9.5
36;2021-04-16;1485;470;50051;21164;23.1;9.7
36;2021-04-17;893;251;50944;21415;23.5;9.9
36;2021-04-18;383;7;51327;21422;23.6;9.9
36;2021-04-19;874;444;52201;21866;24.0;10.1
36;2021-04-20;1145;524;53346;22390;24.6;10.3
36;2021-04-21;1240;881;54586;23271;25.1;10.7
36;2021-04-22;1593;873;56179;24144;25.9;11.1
36;2021-04-23;1329;618;57508;24762;26.5;11.4
36;2021-04-24;677;380;58185;25142;26.8;11.6
36;2021-04-25;413;95;58598;25237;27.0;11.6
36;2021-04-26;1134;450;59732;25687;27.5;11.8
36;2021-04-27;1278;553;61010;26240;28.1;12.1
36;2021-04-28;1488;1065;62498;27305;28.8;12.6
36;2021-04-29;2016;715;64514;28020;29.7;12.9
36;2021-04-30;1553;458;66067;28478;30.4;13.1
36;2021-05-01;724;64;66791;28542;30.8;13.1
36;2021-05-02;498;64;67289;28606;31.0;13.2
36;2021-05-03;1293;320;68582;28926;31.6;13.3
36;2021-05-04;780;805;69362;29731;31.9;13.7
36;2021-05-05;1282;1306;70644;31037;32.5;14.3
36;2021-05-06;2137;797;72781;31834;33.5;14.7
36;2021-05-07;1469;771;74250;32605;34.2;15.0
36;2021-05-08;306;105;74556;32710;34.3;15.1
36;2021-05-09;174;343;74730;33053;34.4;15.2
36;2021-05-10;1216;818;75946;33871;35.0;15.6
36;2021-05-11;1725;1251;77671;35122;35.8;16.2
36;2021-05-12;1827;1486;79498;36608;36.6;16.9
36;2021-05-13;548;304;80046;36912;36.9;17.0
36;2021-05-14;701;1037;80747;37949;37.2;17.5
36;2021-05-15;635;592;81382;38541;37.5;17.7
36;2021-05-16;337;377;81719;38918;37.6;17.9
36;2021-05-17;615;944;82334;39862;37.9;18.4
36;2021-05-18;874;937;83208;40799;38.3;18.8
36;2021-05-19;1333;845;84541;41644;38.9;19.2
36;2021-05-20;1611;1209;86152;42853;39.7;19.7
36;2021-05-21;1106;1068;87258;43921;40.2;20.2
36;2021-05-22;678;342;87936;44263;40.5;20.4
36;2021-05-23;428;297;88364;44560;40.7;20.5
36;2021-05-24;506;469;88870;45029;40.9;20.7
36;2021-05-25;1045;686;89915;45715;41.4;21.1
36;2021-05-26;1472;1165;91387;46880;42.1;21.6
36;2021-05-27;1398;977;92785;47857;42.7;22.0
36;2021-05-28;921;1480;93706;49337;43.2;22.7
36;2021-05-29;700;507;94406;49844;43.5;23.0
36;2021-05-30;111;572;94517;50416;43.5;23.2
36;2021-05-31;1137;764;95654;51180;44.1;23.6
36;2021-06-01;1413;830;97067;52010;44.7;24.0
36;2021-06-02;2062;614;99129;52624;45.7;24.2
36;2021-06-03;1902;1201;101031;53825;46.5;24.8
36;2021-06-04;1772;1045;102803;54870;47.3;25.3
36;2021-06-05;693;658;103496;55528;47.7;25.6
36;2021-06-06;336;272;103832;55800;47.8;25.7
36;2021-06-07;983;808;104815;56608;48.3;26.1
36;2021-06-08;957;981;105772;57589;48.7;26.5
36;2021-06-09;1675;1071;107447;58660;49.5;27.0
36;2021-06-10;1530;1382;108977;60042;50.2;27.7
36;2021-06-11;1288;1499;110265;61541;50.8;28.3
36;2021-06-12;921;784;111186;62325;51.2;28.7
36;2021-06-13;343;269;111529;62594;51.4;28.8
36;2021-06-14;605;1269;112134;63863;51.6;29.4
36;2021-06-15;733;1215;112867;65078;52.0;30.0
36;2021-06-16;903;1519;113770;66597;52.4;30.7
36;2021-06-17;749;1904;114519;68501;52.7;31.5
36;2021-06-18;706;1879;115225;70380;53.1;32.4
36;2021-06-19;295;395;115520;70775;53.2;32.6
36;2021-06-20;235;327;115755;71102;53.3;32.7
36;2021-06-21;692;1449;116447;72551;53.6;33.4
36;2021-06-22;841;1552;117288;74103;54.0;34.1
36;2021-06-23;774;1791;118062;75894;54.4;35.0
36;2021-06-24;855;1522;118917;77416;54.8;35.7
36;2021-06-25;942;1221;119859;78637;55.2;36.2
36;2021-06-26;324;602;120183;79239;55.3;36.5
36;2021-06-27;105;267;120288;79506;55.4;36.6
36;2021-06-28;696;923;120984;80429;55.7;37.0
36;2021-06-29;688;1459;121672;81888;56.0;37.7
36;2021-06-30;836;2149;122508;84037;56.4;38.7
36;2021-07-01;353;1081;122861;85118;56.6;39.2
36;2021-07-02;749;1843;123610;86961;56.9;40.0
36;2021-07-03;465;885;124075;87846;57.1;40.5
36;2021-07-04;185;326;124260;88172;57.2;40.6
36;2021-07-05;493;1335;124753;89507;57.5;41.2
36;2021-07-06;491;1220;125244;90727;57.7;41.8
36;2021-07-07;586;1791;125830;92518;57.9;42.6
36;2021-07-08;549;1707;126379;94225;58.2;43.4
36;2021-07-09;786;1654;127165;95879;58.6;44.2
36;2021-07-10;469;1119;127634;96998;58.8;44.7
36;2021-07-11;257;154;127891;97152;58.9;44.7
36;2021-07-12;332;1628;128223;98780;59.1;45.5
36;2021-07-13;311;1936;128534;100716;59.2;46.4
36;2021-07-14;376;763;128910;101479;59.4;46.7
36;2021-07-15;917;2164;129827;103643;59.8;47.7
36;2021-07-16;628;1873;130455;105516;60.1;48.6
36;2021-07-17;400;859;130855;106375;60.3;49.0
36;2021-07-18;199;408;131054;106783;60.4;49.2
36;2021-07-19;552;1456;131606;108239;60.6;49.8
36;2021-07-20;776;1407;132382;109646;61.0;50.5
36;2021-07-21;713;1984;133095;111630;61.3;51.4
36;2021-07-22;1138;1686;134233;113316;61.8;52.2
36;2021-07-23;968;1746;135201;115062;62.3;53.0
36;2021-07-24;605;801;135806;115863;62.5;53.4
36;2021-07-25;148;404;135954;116267;62.6;53.5
36;2021-07-26;948;1086;136902;117353;63.0;54.0
36;2021-07-27;816;1355;137718;118708;63.4;54.7
36;2021-07-28;1385;1402;139103;120110;64.1;55.3
36;2021-07-29;1708;1310;140811;121420;64.8;55.9
36;2021-07-30;1445;1322;142256;122742;65.5;56.5
36;2021-07-31;933;537;143189;123279;65.9;56.8
36;2021-08-01;210;239;143399;123518;66.0;56.9
36;2021-08-02;1116;892;144515;124410;66.6;57.3
36;2021-08-03;1271;999;145786;125409;67.1;57.8
36;2021-08-04;1695;940;147481;126349;67.9;58.2
36;2021-08-05;1824;910;149305;127259;68.8;58.6
36;2021-08-06;1418;877;150723;128136;69.4;59.0
36;2021-08-07;541;527;151264;128663;69.7;59.3
36;2021-08-08;292;153;151556;128816;69.8;59.3
36;2021-08-09;818;846;152374;129662;70.2;59.7
36;2021-08-10;1067;1012;153441;130674;70.7;60.2
36;2021-08-11;1356;858;154797;131532;71.3;60.6
36;2021-08-12;1161;854;155958;132386;71.8;61.0
36;2021-08-13;1193;778;157151;133164;72.4;61.3
36;2021-08-14;426;836;157577;134000;72.6;61.7
36;2021-08-15;365;113;157942;134113;72.7;61.8
36;2021-08-16;606;954;158548;135067;73.0;62.2
36;2021-08-17;766;1002;159314;136069;73.4;62.7
36;2021-08-18;1039;1164;160353;137233;73.8;63.2
36;2021-08-19;840;1178;161193;138411;74.2;63.7
36;2021-08-20;488;1480;161681;139891;74.5;64.4
36;2021-08-21;309;468;161990;140359;74.6;64.6
36;2021-08-22;27;65;162017;140424;74.6;64.7
36;2021-08-23;551;1179;162568;141603;74.9;65.2
36;2021-08-24;589;1204;163157;142807;75.1;65.8
36;2021-08-25;466;1094;163623;143901;75.4;66.3
36;2021-08-26;666;1480;164289;145381;75.7;67.0
36;2021-08-27;529;1409;164818;146790;75.9;67.6
36;2021-08-28;368;580;165186;147370;76.1;67.9
36;2021-08-29;222;241;165408;147611;76.2;68.0
36;2021-08-30;246;726;165654;148337;76.3;68.3
36;2021-08-31;387;833;166041;149170;76.5;68.7
36;2021-09-01;388;1060;166429;150230;76.6;69.2
36;2021-09-02;324;910;166753;151140;76.8;69.6
36;2021-09-03;297;1362;167050;152502;76.9;70.2
36;2021-09-04;248;781;167298;153283;77.0;70.6
36;2021-09-05;119;327;167417;153610;77.1;70.7
36;2021-09-06;150;872;167567;154482;77.2;71.1
36;2021-09-07;192;689;167759;155171;77.3;71.5
36;2021-09-08;236;1121;167995;156292;77.4;72.0
36;2021-09-09;293;834;168288;157126;77.5;72.4
36;2021-09-10;270;951;168558;158077;77.6;72.8
36;2021-09-11;165;724;168723;158801;77.7;73.1
36;2021-09-12;82;190;168805;158991;77.7;73.2
36;2021-09-13;168;550;168973;159541;77.8;73.5
36;2021-09-14;170;438;169143;159979;77.9;73.7
36;2021-09-15;301;568;169444;160547;78.0;73.9
36;2021-09-16;250;670;169694;161217;78.1;74.2
36;2021-09-17;256;567;169950;161784;78.3;74.5
36;2021-09-18;123;427;170073;162211;78.3;74.7
36;2021-09-19;43;214;170116;162425;78.3;74.8
36;2021-09-20;131;325;170247;162750;78.4;75.0
36;2021-09-21;132;300;170379;163050;78.5;75.1
36;2021-09-22;118;674;170497;163724;78.5;75.4
36;2021-09-23;135;438;170632;164162;78.6;75.6
36;2021-09-24;128;497;170760;164659;78.6;75.8
36;2021-09-25;119;502;170879;165161;78.7;76.1
36;2021-09-26;15;318;170894;165479;78.7;76.2
36;2021-09-27;66;224;170960;165703;78.7;76.3
36;2021-09-28;69;233;171029;165936;78.8;76.4
36;2021-09-29;107;387;171136;166323;78.8;76.6
36;2021-09-30;110;252;171246;166575;78.9;76.7
36;2021-10-01;163;308;171409;166883;78.9;76.9
36;2021-10-02;43;183;171452;167066;79.0;76.9
36;2021-10-03;4;23;171456;167089;79.0;77.0
36;2021-10-04;54;195;171510;167284;79.0;77.0
36;2021-10-05;115;163;171625;167447;79.0;77.1
36;2021-10-06;99;293;171724;167740;79.1;77.3
36;2021-10-07;84;204;171808;167944;79.1;77.3
36;2021-10-08;130;268;171938;168212;79.2;77.5
36;2021-10-09;80;207;172018;168419;79.2;77.6
36;2021-10-10;4;11;172022;168430;79.2;77.6
37;2020-12-27;1;0;1;0;0.0;0.0
37;2020-12-28;17;0;18;0;0.0;0.0
37;2020-12-29;10;0;28;0;0.0;0.0
37;2020-12-30;0;0;28;0;0.0;0.0
37;2020-12-31;0;0;28;0;0.0;0.0
37;2021-01-01;0;0;28;0;0.0;0.0
37;2021-01-02;0;0;28;0;0.0;0.0
37;2021-01-03;2;0;30;0;0.0;0.0
37;2021-01-04;23;0;53;0;0.0;0.0
37;2021-01-05;47;0;100;0;0.0;0.0
37;2021-01-06;79;0;179;0;0.0;0.0
37;2021-01-07;116;1;295;1;0.0;0.0
37;2021-01-08;442;1;737;2;0.1;0.0
37;2021-01-09;80;2;817;4;0.1;0.0
37;2021-01-10;83;0;900;4;0.1;0.0
37;2021-01-11;281;0;1181;4;0.2;0.0
37;2021-01-12;658;4;1839;8;0.3;0.0
37;2021-01-13;561;1;2400;9;0.4;0.0
37;2021-01-14;525;4;2925;13;0.5;0.0
37;2021-01-15;628;1;3553;14;0.6;0.0
37;2021-01-16;304;2;3857;16;0.6;0.0
37;2021-01-17;263;1;4120;17;0.7;0.0
37;2021-01-18;733;9;4853;26;0.8;0.0
37;2021-01-19;1244;11;6097;37;1.0;0.0
37;2021-01-20;1039;5;7136;42;1.2;0.0
37;2021-01-21;858;1;7994;43;1.3;0.0
37;2021-01-22;767;2;8761;45;1.4;0.0
37;2021-01-23;173;0;8934;45;1.5;0.0
37;2021-01-24;2;0;8936;45;1.5;0.0
37;2021-01-25;543;17;9479;62;1.6;0.0
37;2021-01-26;1814;69;11293;131;1.9;0.0
37;2021-01-27;1523;77;12816;208;2.1;0.0
37;2021-01-28;1535;95;14351;303;2.4;0.1
37;2021-01-29;634;310;14985;613;2.5;0.1
37;2021-01-30;204;61;15189;674;2.5;0.1
37;2021-01-31;15;64;15204;738;2.5;0.1
37;2021-02-01;333;198;15537;936;2.6;0.2
37;2021-02-02;522;526;16059;1462;2.7;0.2
37;2021-02-03;659;349;16718;1811;2.8;0.3
37;2021-02-04;549;409;17267;2220;2.9;0.4
37;2021-02-05;468;443;17735;2663;2.9;0.4
37;2021-02-06;191;2;17926;2665;3.0;0.4
37;2021-02-07;21;1;17947;2666;3.0;0.4
37;2021-02-08;333;323;18280;2989;3.0;0.5
37;2021-02-09;627;709;18907;3698;3.1;0.6
37;2021-02-10;664;509;19571;4207;3.2;0.7
37;2021-02-11;613;562;20184;4769;3.3;0.8
37;2021-02-12;489;552;20673;5321;3.4;0.9
37;2021-02-13;156;204;20829;5525;3.4;0.9
37;2021-02-14;2;72;20831;5597;3.4;0.9
37;2021-02-15;427;480;21258;6077;3.5;1.0
37;2021-02-16;841;1444;22099;7521;3.7;1.2
37;2021-02-17;634;1371;22733;8892;3.8;1.5
37;2021-02-18;913;1416;23646;10308;3.9;1.7
37;2021-02-19;797;836;24443;11144;4.0;1.8
37;2021-02-20;245;209;24688;11353;4.1;1.9
37;2021-02-21;5;1;24693;11354;4.1;1.9
37;2021-02-22;335;580;25028;11934;4.1;2.0
37;2021-02-23;605;631;25633;12565;4.2;2.1
37;2021-02-24;573;623;26206;13188;4.3;2.2
37;2021-02-25;875;613;27081;13801;4.5;2.3
37;2021-02-26;1118;577;28199;14378;4.7;2.4
37;2021-02-27;585;188;28784;14566;4.8;2.4
37;2021-02-28;23;0;28807;14566;4.8;2.4
37;2021-03-01;603;361;29410;14927;4.9;2.5
37;2021-03-02;1090;544;30500;15471;5.0;2.6
37;2021-03-03;973;549;31473;16020;5.2;2.6
37;2021-03-04;1608;485;33081;16505;5.5;2.7
37;2021-03-05;2132;566;35213;17071;5.8;2.8
37;2021-03-06;1165;216;36378;17287;6.0;2.9
37;2021-03-07;472;68;36850;17355;6.1;2.9
37;2021-03-08;670;401;37520;17756;6.2;2.9
37;2021-03-09;1654;704;39174;18460;6.5;3.0
37;2021-03-10;1608;755;40782;19215;6.7;3.2
37;2021-03-11;2051;707;42833;19922;7.1;3.3
37;2021-03-12;3210;481;46043;20403;7.6;3.4
37;2021-03-13;1948;192;47991;20595;7.9;3.4
37;2021-03-14;206;4;48197;20599;8.0;3.4
37;2021-03-15;1070;252;49267;20851;8.1;3.4
37;2021-03-16;1050;535;50317;21386;8.3;3.5
37;2021-03-17;937;281;51254;21667;8.5;3.6
37;2021-03-18;1036;528;52290;22195;8.6;3.7
37;2021-03-19;2219;346;54509;22541;9.0;3.7
37;2021-03-20;1336;145;55845;22686;9.2;3.7
37;2021-03-21;205;4;56050;22690;9.3;3.7
37;2021-03-22;1288;243;57338;22933;9.5;3.8
37;2021-03-23;2257;573;59595;23506;9.8;3.9
37;2021-03-24;2245;469;61840;23975;10.2;4.0
37;2021-03-25;2985;449;64825;24424;10.7;4.0
37;2021-03-26;3524;413;68349;24837;11.3;4.1
37;2021-03-27;1176;129;69525;24966;11.5;4.1
37;2021-03-28;139;1;69664;24967;11.5;4.1
37;2021-03-29;1606;350;71270;25317;11.8;4.2
37;2021-03-30;2525;627;73795;25944;12.2;4.3
37;2021-03-31;2050;485;75845;26429;12.5;4.4
37;2021-04-01;2601;972;78446;27401;13.0;4.5
37;2021-04-02;2808;672;81254;28073;13.4;4.6
37;2021-04-03;818;226;82072;28299;13.6;4.7
37;2021-04-04;104;1;82176;28300;13.6;4.7
37;2021-04-05;4;0;82180;28300;13.6;4.7
37;2021-04-06;2243;785;84423;29085;13.9;4.8
37;2021-04-07;3173;881;87596;29966;14.5;4.9
37;2021-04-08;4045;972;91641;30938;15.1;5.1
37;2021-04-09;4544;960;96185;31898;15.9;5.3
37;2021-04-10;1329;437;97514;32335;16.1;5.3
37;2021-04-11;104;1;97618;32336;16.1;5.3
37;2021-04-12;2642;680;100260;33016;16.6;5.5
37;2021-04-13;4114;1167;104374;34183;17.2;5.6
37;2021-04-14;3043;896;107417;35079;17.7;5.8
37;2021-04-15;3757;1023;111174;36102;18.4;6.0
37;2021-04-16;4359;1230;115533;37332;19.1;6.2
37;2021-04-17;1147;228;116680;37560;19.3;6.2
37;2021-04-18;98;3;116778;37563;19.3;6.2
37;2021-04-19;2481;852;119259;38415;19.7;6.3
37;2021-04-20;3233;1340;122492;39755;20.2;6.6
37;2021-04-21;2928;1163;125420;40918;20.7;6.8
37;2021-04-22;3456;1405;128876;42323;21.3;7.0
37;2021-04-23;3694;1819;132570;44142;21.9;7.3
37;2021-04-24;1007;387;133577;44529;22.1;7.4
37;2021-04-25;46;2;133623;44531;22.1;7.4
37;2021-04-26;2971;1349;136594;45880;22.6;7.6
37;2021-04-27;4186;1817;140780;47697;23.3;7.9
37;2021-04-28;3466;1957;144246;49654;23.8;8.2
37;2021-04-29;4586;2028;148832;51682;24.6;8.5
37;2021-04-30;5056;1995;153888;53677;25.4;8.9
37;2021-05-01;638;214;154526;53891;25.5;8.9
37;2021-05-02;104;15;154630;53906;25.5;8.9
37;2021-05-03;2672;1960;157302;55866;26.0;9.2
37;2021-05-04;3731;2722;161033;58588;26.6;9.7
37;2021-05-05;3498;2091;164531;60679;27.2;10.0
37;2021-05-06;4992;1954;169523;62633;28.0;10.3
37;2021-05-07;4685;2887;174208;65520;28.8;10.8
37;2021-05-08;538;312;174746;65832;28.9;10.9
37;2021-05-09;63;41;174809;65873;28.9;10.9
37;2021-05-10;2161;3488;176970;69361;29.2;11.5
37;2021-05-11;3868;3881;180838;73242;29.9;12.1
37;2021-05-12;4041;2547;184879;75789;30.5;12.5
37;2021-05-13;1139;517;186018;76306;30.7;12.6
37;2021-05-14;4046;2680;190064;78986;31.4;13.0
37;2021-05-15;2322;744;192386;79730;31.8;13.2
37;2021-05-16;22;70;192408;79800;31.8;13.2
37;2021-05-17;2765;2046;195173;81846;32.2;13.5
37;2021-05-18;3876;2362;199049;84208;32.9;13.9
37;2021-05-19;3495;1808;202544;86016;33.5;14.2
37;2021-05-20;4751;1778;207295;87794;34.2;14.5
37;2021-05-21;4525;2572;211820;90366;35.0;14.9
37;2021-05-22;1078;752;212898;91118;35.2;15.1
37;2021-05-23;73;89;212971;91207;35.2;15.1
37;2021-05-24;513;107;213484;91314;35.3;15.1
37;2021-05-25;5123;2177;218607;93491;36.1;15.4
37;2021-05-26;4930;2101;223537;95592;36.9;15.8
37;2021-05-27;5983;2367;229520;97959;37.9;16.2
37;2021-05-28;6019;3268;235539;101227;38.9;16.7
37;2021-05-29;1520;1167;237059;102394;39.2;16.9
37;2021-05-30;55;160;237114;102554;39.2;16.9
37;2021-05-31;3647;2529;240761;105083;39.8;17.4
37;2021-06-01;5841;3623;246602;108706;40.7;18.0
37;2021-06-02;5079;2459;251681;111165;41.6;18.4
37;2021-06-03;6086;2884;257767;114049;42.6;18.8
37;2021-06-04;5510;4209;263277;118258;43.5;19.5
37;2021-06-05;1853;1306;265130;119564;43.8;19.8
37;2021-06-06;49;197;265179;119761;43.8;19.8
37;2021-06-07;3021;4168;268200;123929;44.3;20.5
37;2021-06-08;4201;4658;272401;128587;45.0;21.2
37;2021-06-09;3883;3572;276284;132159;45.6;21.8
37;2021-06-10;5271;3622;281555;135781;46.5;22.4
37;2021-06-11;4972;4839;286527;140620;47.3;23.2
37;2021-06-12;3552;1349;290079;141969;47.9;23.5
37;2021-06-13;15;164;290094;142133;47.9;23.5
37;2021-06-14;2666;4039;292760;146172;48.4;24.1
37;2021-06-15;3898;4780;296658;150952;49.0;24.9
37;2021-06-16;3261;3602;299919;154554;49.5;25.5
37;2021-06-17;4013;4497;303932;159051;50.2;26.3
37;2021-06-18;4704;5075;308636;164126;51.0;27.1
37;2021-06-19;2519;1101;311155;165227;51.4;27.3
37;2021-06-20;10;183;311165;165410;51.4;27.3
37;2021-06-21;2417;3827;313582;169237;51.8;28.0
37;2021-06-22;2968;5008;316550;174245;52.3;28.8
37;2021-06-23;2625;3644;319175;177889;52.7;29.4
37;2021-06-24;2872;3544;322047;181433;53.2;30.0
37;2021-06-25;3308;4882;325355;186315;53.7;30.8
37;2021-06-26;1238;3086;326593;189401;53.9;31.3
37;2021-06-27;23;142;326616;189543;54.0;31.3
37;2021-06-28;1703;4510;328319;194053;54.2;32.1
37;2021-06-29;1904;6226;330223;200279;54.5;33.1
37;2021-06-30;1870;4442;332093;204721;54.9;33.8
37;2021-07-01;2124;4795;334217;209516;55.2;34.6
37;2021-07-02;2681;5596;336898;215112;55.7;35.5
37;2021-07-03;945;2139;337843;217251;55.8;35.9
37;2021-07-04;5;105;337848;217356;55.8;35.9
37;2021-07-05;1709;5137;339557;222493;56.1;36.8
37;2021-07-06;2003;6760;341560;229253;56.4;37.9
37;2021-07-07;1944;5466;343504;234719;56.7;38.8
37;2021-07-08;2465;6662;345969;241381;57.1;39.9
37;2021-07-09;1986;7646;347955;249027;57.5;41.1
37;2021-07-10;1016;2619;348971;251646;57.6;41.6
37;2021-07-11;26;96;348997;251742;57.6;41.6
37;2021-07-12;1130;5984;350127;257726;57.8;42.6
37;2021-07-13;1614;7817;351741;265543;58.1;43.9
37;2021-07-14;525;408;352266;265951;58.2;43.9
37;2021-07-15;2625;7502;354891;273453;58.6;45.2
37;2021-07-16;2757;7804;357648;281257;59.1;46.5
37;2021-07-17;1202;2447;358850;283704;59.3;46.9
37;2021-07-18;50;53;358900;283757;59.3;46.9
37;2021-07-19;1652;6127;360552;289884;59.6;47.9
37;2021-07-20;2906;7065;363458;296949;60.0;49.1
37;2021-07-21;2981;5785;366439;302734;60.5;50.0
37;2021-07-22;4057;6533;370496;309267;61.2;51.1
37;2021-07-23;3808;7108;374304;316375;61.8;52.3
37;2021-07-24;1775;3308;376079;319683;62.1;52.8
37;2021-07-25;66;77;376145;319760;62.1;52.8
37;2021-07-26;3236;4321;379381;324081;62.7;53.5
37;2021-07-27;4429;4963;383810;329044;63.4;54.4
37;2021-07-28;4136;3664;387946;332708;64.1;55.0
37;2021-07-29;5086;4195;393032;336903;64.9;55.7
37;2021-07-30;5247;4939;398279;341842;65.8;56.5
37;2021-07-31;1920;1846;400199;343688;66.1;56.8
37;2021-08-01;31;52;400230;343740;66.1;56.8
37;2021-08-02;3292;3296;403522;347036;66.7;57.3
37;2021-08-03;5262;3146;408784;350182;67.5;57.8
37;2021-08-04;4559;1931;413343;352113;68.3;58.2
37;2021-08-05;4788;2599;418131;354712;69.1;58.6
37;2021-08-06;4852;3307;422983;358019;69.9;59.1
37;2021-08-07;1626;1125;424609;359144;70.1;59.3
37;2021-08-08;34;177;424643;359321;70.1;59.4
37;2021-08-09;2435;2258;427078;361579;70.5;59.7
37;2021-08-10;3027;2639;430105;364218;71.0;60.2
37;2021-08-11;2099;2108;432204;366326;71.4;60.5
37;2021-08-12;2613;2692;434817;369018;71.8;61.0
37;2021-08-13;2484;2776;437301;371794;72.2;61.4
37;2021-08-14;756;814;438057;372608;72.4;61.5
37;2021-08-15;12;57;438069;372665;72.4;61.6
37;2021-08-16;1466;3160;439535;375825;72.6;62.1
37;2021-08-17;1796;3974;441331;379799;72.9;62.7
37;2021-08-18;1399;3141;442730;382940;73.1;63.3
37;2021-08-19;1598;3842;444328;386782;73.4;63.9
37;2021-08-20;1598;4554;445926;391336;73.7;64.6
37;2021-08-21;610;1201;446536;392537;73.8;64.8
37;2021-08-22;3;31;446539;392568;73.8;64.8
37;2021-08-23;1291;3985;447830;396553;74.0;65.5
37;2021-08-24;1541;4852;449371;401405;74.2;66.3
37;2021-08-25;1054;4222;450425;405627;74.4;67.0
37;2021-08-26;1279;4513;451704;410140;74.6;67.7
37;2021-08-27;1456;5663;453160;415803;74.9;68.7
37;2021-08-28;408;1462;453568;417265;74.9;68.9
37;2021-08-29;1;18;453569;417283;74.9;68.9
37;2021-08-30;1076;3877;454645;421160;75.1;69.6
37;2021-08-31;1280;3713;455925;424873;75.3;70.2
37;2021-09-01;977;2493;456902;427366;75.5;70.6
37;2021-09-02;896;2529;457798;429895;75.6;71.0
37;2021-09-03;1046;3566;458844;433461;75.8;71.6
37;2021-09-04;667;1323;459511;434784;75.9;71.8
37;2021-09-05;1;28;459512;434812;75.9;71.8
37;2021-09-06;377;1090;459889;435902;76.0;72.0
37;2021-09-07;536;1299;460425;437201;76.1;72.2
37;2021-09-08;819;1871;461244;439072;76.2;72.5
37;2021-09-09;556;1272;461800;440344;76.3;72.7
37;2021-09-10;816;1610;462616;441954;76.4;73.0
37;2021-09-11;401;939;463017;442893;76.5;73.2
37;2021-09-12;15;15;463032;442908;76.5;73.2
37;2021-09-13;450;1057;463482;443965;76.6;73.3
37;2021-09-14;509;1089;463991;445054;76.6;73.5
37;2021-09-15;624;1477;464615;446531;76.7;73.8
37;2021-09-16;354;770;464969;447301;76.8;73.9
37;2021-09-17;635;1472;465604;448773;76.9;74.1
37;2021-09-18;306;841;465910;449614;77.0;74.3
37;2021-09-19;16;42;465926;449656;77.0;74.3
37;2021-09-20;270;681;466196;450337;77.0;74.4
37;2021-09-21;438;1323;466634;451660;77.1;74.6
37;2021-09-22;426;1288;467060;452948;77.2;74.8
37;2021-09-23;426;1046;467486;453994;77.2;75.0
37;2021-09-24;502;1406;467988;455400;77.3;75.2
37;2021-09-25;231;769;468219;456169;77.3;75.4
37;2021-09-26;1;22;468220;456191;77.3;75.4
37;2021-09-27;289;692;468509;456883;77.4;75.5
37;2021-09-28;396;661;468905;457544;77.5;75.6
37;2021-09-29;366;940;469271;458484;77.5;75.7
37;2021-09-30;372;495;469643;458979;77.6;75.8
37;2021-10-01;438;803;470081;459782;77.7;75.9
37;2021-10-02;222;561;470303;460343;77.7;76.0
37;2021-10-03;19;22;470322;460365;77.7;76.0
37;2021-10-04;259;520;470581;460885;77.7;76.1
37;2021-10-05;323;433;470904;461318;77.8;76.2
37;2021-10-06;370;699;471274;462017;77.8;76.3
37;2021-10-07;281;415;471555;462432;77.9;76.4
37;2021-10-08;392;644;471947;463076;78.0;76.5
37;2021-10-09;205;485;472152;463561;78.0;76.6
37;2021-10-10;3;6;472155;463567;78.0;76.6
38;2020-12-27;1;0;1;0;0.0;0.0
38;2020-12-28;1;0;2;0;0.0;0.0
38;2020-12-29;0;0;2;0;0.0;0.0
38;2020-12-30;2;0;4;0;0.0;0.0
38;2020-12-31;5;0;9;0;0.0;0.0
38;2021-01-01;4;0;13;0;0.0;0.0
38;2021-01-02;1;0;14;0;0.0;0.0
38;2021-01-03;3;1;17;1;0.0;0.0
38;2021-01-04;163;0;180;1;0.0;0.0
38;2021-01-05;258;1;438;2;0.0;0.0
38;2021-01-06;364;0;802;2;0.1;0.0
38;2021-01-07;636;1;1438;3;0.1;0.0
38;2021-01-08;695;0;2133;3;0.2;0.0
38;2021-01-09;30;0;2163;3;0.2;0.0
38;2021-01-10;2;0;2165;3;0.2;0.0
38;2021-01-11;801;2;2966;5;0.2;0.0
38;2021-01-12;1471;5;4437;10;0.4;0.0
38;2021-01-13;1084;5;5521;15;0.4;0.0
38;2021-01-14;1683;15;7204;30;0.6;0.0
38;2021-01-15;1675;9;8879;39;0.7;0.0
38;2021-01-16;307;2;9186;41;0.7;0.0
38;2021-01-17;3;0;9189;41;0.7;0.0
38;2021-01-18;1179;6;10368;47;0.8;0.0
38;2021-01-19;2241;6;12609;53;1.0;0.0
38;2021-01-20;1889;10;14498;63;1.1;0.0
38;2021-01-21;1644;14;16142;77;1.3;0.0
38;2021-01-22;1401;9;17543;86;1.4;0.0
38;2021-01-23;379;3;17922;89;1.4;0.0
38;2021-01-24;1;0;17923;89;1.4;0.0
38;2021-01-25;795;107;18718;196;1.5;0.0
38;2021-01-26;855;183;19573;379;1.5;0.0
38;2021-01-27;1093;278;20666;657;1.6;0.1
38;2021-01-28;1175;480;21841;1137;1.7;0.1
38;2021-01-29;954;376;22795;1513;1.8;0.1
38;2021-01-30;304;0;23099;1513;1.8;0.1
38;2021-01-31;0;0;23099;1513;1.8;0.1
38;2021-02-01;703;598;23802;2111;1.9;0.2
38;2021-02-02;964;954;24766;3065;2.0;0.2
38;2021-02-03;1230;700;25996;3765;2.1;0.3
38;2021-02-04;1278;971;27274;4736;2.2;0.4
38;2021-02-05;1400;845;28674;5581;2.3;0.4
38;2021-02-06;188;95;28862;5676;2.3;0.4
38;2021-02-07;3;48;28865;5724;2.3;0.5
38;2021-02-08;862;791;29727;6515;2.3;0.5
38;2021-02-09;1537;1309;31264;7824;2.5;0.6
38;2021-02-10;1581;1284;32845;9108;2.6;0.7
38;2021-02-11;1871;1156;34716;10264;2.7;0.8
38;2021-02-12;1509;1125;36225;11389;2.9;0.9
38;2021-02-13;467;191;36692;11580;2.9;0.9
38;2021-02-14;1;7;36693;11587;2.9;0.9
38;2021-02-15;976;940;37669;12527;3.0;1.0
38;2021-02-16;1379;975;39048;13502;3.1;1.1
38;2021-02-17;1376;1060;40424;14562;3.2;1.2
38;2021-02-18;1791;1062;42215;15624;3.3;1.2
38;2021-02-19;1256;869;43471;16493;3.4;1.3
38;2021-02-20;470;316;43941;16809;3.5;1.3
38;2021-02-21;1;1;43942;16810;3.5;1.3
38;2021-02-22;1075;903;45017;17713;3.6;1.4
38;2021-02-23;1542;950;46559;18663;3.7;1.5
38;2021-02-24;1741;1142;48300;19805;3.8;1.6
38;2021-02-25;2501;1058;50801;20863;4.0;1.6
38;2021-02-26;3311;999;54112;21862;4.3;1.7
38;2021-02-27;1511;442;55623;22304;4.4;1.8
38;2021-02-28;33;2;55656;22306;4.4;1.8
38;2021-03-01;2512;799;58168;23105;4.6;1.8
38;2021-03-02;4048;1069;62216;24174;4.9;1.9
38;2021-03-03;3367;1263;65583;25437;5.2;2.0
38;2021-03-04;4489;1403;70072;26840;5.5;2.1
38;2021-03-05;5233;1230;75305;28070;6.0;2.2
38;2021-03-06;3044;276;78349;28346;6.2;2.2
38;2021-03-07;115;2;78464;28348;6.2;2.2
38;2021-03-08;2440;910;80904;29258;6.4;2.3
38;2021-03-09;4030;1328;84934;30586;6.7;2.4
38;2021-03-10;3508;1100;88442;31686;7.0;2.5
38;2021-03-11;5142;1551;93584;33237;7.4;2.6
38;2021-03-12;7095;1200;100679;34437;8.0;2.7
38;2021-03-13;3772;235;104451;34672;8.3;2.7
38;2021-03-14;544;15;104995;34687;8.3;2.7
38;2021-03-15;2702;1020;107697;35707;8.5;2.8
38;2021-03-16;2081;1358;109778;37065;8.7;2.9
38;2021-03-17;2025;1214;111803;38279;8.8;3.0
38;2021-03-18;2641;1377;114444;39656;9.0;3.1
38;2021-03-19;4008;1076;118452;40732;9.4;3.2
38;2021-03-20;1826;252;120278;40984;9.5;3.2
38;2021-03-21;132;8;120410;40992;9.5;3.2
38;2021-03-22;2865;1011;123275;42003;9.7;3.3
38;2021-03-23;4780;1501;128055;43504;10.1;3.4
38;2021-03-24;3708;1587;131763;45091;10.4;3.6
38;2021-03-25;5791;1558;137554;46649;10.9;3.7
38;2021-03-26;6599;1757;144153;48406;11.4;3.8
38;2021-03-27;2513;765;146666;49171;11.6;3.9
38;2021-03-28;926;48;147592;49219;11.7;3.9
38;2021-03-29;2679;1852;150271;51071;11.9;4.0
38;2021-03-30;4564;2554;154835;53625;12.2;4.2
38;2021-03-31;3665;2234;158500;55859;12.5;4.4
38;2021-04-01;5137;2538;163637;58397;12.9;4.6
38;2021-04-02;3873;2538;167510;60935;13.2;4.8
38;2021-04-03;1418;945;168928;61880;13.4;4.9
38;2021-04-04;430;46;169358;61926;13.4;4.9
38;2021-04-05;2177;354;171535;62280;13.6;4.9
38;2021-04-06;4346;2411;175881;64691;13.9;5.1
38;2021-04-07;4415;2752;180296;67443;14.3;5.3
38;2021-04-08;5652;2681;185948;70124;14.7;5.5
38;2021-04-09;8563;2747;194511;72871;15.4;5.8
38;2021-04-10;3597;1499;198108;74370;15.7;5.9
38;2021-04-11;1049;112;199157;74482;15.7;5.9
38;2021-04-12;4203;2259;203360;76741;16.1;6.1
38;2021-04-13;6123;2480;209483;79221;16.6;6.3
38;2021-04-14;5117;2467;214600;81688;17.0;6.5
38;2021-04-15;6362;2777;220962;84465;17.5;6.7
38;2021-04-16;6213;2730;227175;87195;18.0;6.9
38;2021-04-17;2588;997;229763;88192;18.2;7.0
38;2021-04-18;1331;72;231094;88264;18.3;7.0
38;2021-04-19;3949;2842;235043;91106;18.6;7.2
38;2021-04-20;5425;2860;240468;93966;19.0;7.4
38;2021-04-21;4976;2712;245444;96678;19.4;7.6
38;2021-04-22;5790;2840;251234;99518;19.9;7.9
38;2021-04-23;6041;2829;257275;102347;20.3;8.1
38;2021-04-24;2665;1351;259940;103698;20.5;8.2
38;2021-04-25;805;592;260745;104290;20.6;8.2
38;2021-04-26;4487;2483;265232;106773;21.0;8.4
38;2021-04-27;6040;2741;271272;109514;21.4;8.7
38;2021-04-28;6197;2512;277469;112026;21.9;8.9
38;2021-04-29;8332;3079;285801;115105;22.6;9.1
38;2021-04-30;7674;4068;293475;119173;23.2;9.4
38;2021-05-01;1546;204;295021;119377;23.3;9.4
38;2021-05-02;847;74;295868;119451;23.4;9.4
38;2021-05-03;5298;3593;301166;123044;23.8;9.7
38;2021-05-04;6203;5091;307369;128135;24.3;10.1
38;2021-05-05;6067;4612;313436;132747;24.8;10.5
38;2021-05-06;6708;5338;320144;138085;25.3;10.9
38;2021-05-07;7284;6448;327428;144533;25.9;11.4
38;2021-05-08;3778;724;331206;145257;26.2;11.5
38;2021-05-09;2853;1932;334059;147189;26.4;11.6
38;2021-05-10;6157;5311;340216;152500;26.9;12.1
38;2021-05-11;8226;6029;348442;158529;27.5;12.5
38;2021-05-12;9045;4710;357487;163239;28.3;12.9
38;2021-05-13;6635;1417;364122;164656;28.8;13.0
38;2021-05-14;9566;3425;373688;168081;29.5;13.3
38;2021-05-15;6864;1452;380552;169533;30.1;13.4
38;2021-05-16;5474;650;386026;170183;30.5;13.5
38;2021-05-17;7671;3008;393697;173191;31.1;13.7
38;2021-05-18;8622;4035;402319;177226;31.8;14.0
38;2021-05-19;8158;3348;410477;180574;32.4;14.3
38;2021-05-20;8978;4496;419455;185070;33.2;14.6
38;2021-05-21;9960;4586;429415;189656;33.9;15.0
38;2021-05-22;7457;1908;436872;191564;34.5;15.1
38;2021-05-23;5589;580;442461;192144;35.0;15.2
38;2021-05-24;7502;1627;449963;193771;35.6;15.3
38;2021-05-25;9544;4852;459507;198623;36.3;15.7
38;2021-05-26;8126;4727;467633;203350;37.0;16.1
38;2021-05-27;9134;5664;476767;209014;37.7;16.5
38;2021-05-28;8786;6500;485553;215514;38.4;17.0
38;2021-05-29;5821;3256;491374;218770;38.8;17.3
38;2021-05-30;2695;1593;494069;220363;39.1;17.4
38;2021-05-31;8271;5136;502340;225499;39.7;17.8
38;2021-06-01;7964;6433;510304;231932;40.3;18.3
38;2021-06-02;7141;5624;517445;237556;40.9;18.8
38;2021-06-03;7393;6835;524838;244391;41.5;19.3
38;2021-06-04;8130;7615;532968;252006;42.1;19.9
38;2021-06-05;5794;3949;538762;255955;42.6;20.2
38;2021-06-06;2509;1463;541271;257418;42.8;20.3
38;2021-06-07;5554;6870;546825;264288;43.2;20.9
38;2021-06-08;5879;7529;552704;271817;43.7;21.5
38;2021-06-09;5047;6471;557751;278288;44.1;22.0
38;2021-06-10;5427;6792;563178;285080;44.5;22.5
38;2021-06-11;5888;7786;569066;292866;45.0;23.2
38;2021-06-12;3945;3259;573011;296125;45.3;23.4
38;2021-06-13;1256;1299;574267;297424;45.4;23.5
38;2021-06-14;3868;7663;578135;305087;45.7;24.1
38;2021-06-15;5233;8147;583368;313234;46.1;24.8
38;2021-06-16;5125;7408;588493;320642;46.5;25.3
38;2021-06-17;4523;7058;593016;327700;46.9;25.9
38;2021-06-18;6164;9231;599180;336931;47.4;26.6
38;2021-06-19;3596;4972;602776;341903;47.7;27.0
38;2021-06-20;1038;2901;603814;344804;47.7;27.3
38;2021-06-21;3748;8709;607562;353513;48.0;27.9
38;2021-06-22;3790;10107;611352;363620;48.3;28.7
38;2021-06-23;3155;9544;614507;373164;48.6;29.5
38;2021-06-24;3381;8589;617888;381753;48.8;30.2
38;2021-06-25;3786;11492;621674;393245;49.1;31.1
38;2021-06-26;2229;7851;623903;401096;49.3;31.7
38;2021-06-27;1098;4356;625001;405452;49.4;32.1
38;2021-06-28;2952;10304;627953;415756;49.6;32.9
38;2021-06-29;3784;10451;631737;426207;49.9;33.7
38;2021-06-30;4061;9944;635798;436151;50.3;34.5
38;2021-07-01;3548;9012;639346;445163;50.5;35.2
38;2021-07-02;3726;11616;643072;456779;50.8;36.1
38;2021-07-03;1739;8787;644811;465566;51.0;36.8
38;2021-07-04;1244;3209;646055;468775;51.1;37.1
38;2021-07-05;3058;10545;649113;479320;51.3;37.9
38;2021-07-06;3460;10235;652573;489555;51.6;38.7
38;2021-07-07;3569;9399;656142;498954;51.9;39.4
38;2021-07-08;3549;8226;659691;507180;52.2;40.1
38;2021-07-09;3897;10738;663588;517918;52.5;40.9
38;2021-07-10;2405;7808;665993;525726;52.6;41.6
38;2021-07-11;777;2030;666770;527756;52.7;41.7
38;2021-07-12;3483;10677;670253;538433;53.0;42.6
38;2021-07-13;6600;10935;676853;549368;53.5;43.4
38;2021-07-14;4670;3332;681523;552700;53.9;43.7
38;2021-07-15;8733;9669;690256;562369;54.6;44.5
38;2021-07-16;8759;10702;699015;573071;55.3;45.3
38;2021-07-17;4739;7485;703754;580556;55.6;45.9
38;2021-07-18;2570;2488;706324;583044;55.8;46.1
38;2021-07-19;5824;9223;712148;592267;56.3;46.8
38;2021-07-20;6289;8305;718437;600572;56.8;47.5
38;2021-07-21;7865;8027;726302;608599;57.4;48.1
38;2021-07-22;7599;6998;733901;615597;58.0;48.7
38;2021-07-23;8942;9047;742843;624644;58.7;49.4
38;2021-07-24;5577;5535;748420;630179;59.2;49.8
38;2021-07-25;2869;1655;751289;631834;59.4;49.9
38;2021-07-26;7869;7500;759158;639334;60.0;50.5
38;2021-07-27;7628;6275;766786;645609;60.6;51.0
38;2021-07-28;8622;5715;775408;651324;61.3;51.5
38;2021-07-29;7684;4685;783092;656009;61.9;51.9
38;2021-07-30;7810;6666;790902;662675;62.5;52.4
38;2021-07-31;4359;3606;795261;666281;62.9;52.7
38;2021-08-01;1298;1084;796559;667365;63.0;52.8
38;2021-08-02;3943;4453;800502;671818;63.3;53.1
38;2021-08-03;4592;4558;805094;676376;63.6;53.5
38;2021-08-04;4637;4357;809731;680733;64.0;53.8
38;2021-08-05;3740;4641;813471;685374;64.3;54.2
38;2021-08-06;4159;5949;817630;691323;64.6;54.7
38;2021-08-07;2319;3532;819949;694855;64.8;54.9
38;2021-08-08;791;2015;820740;696870;64.9;55.1
38;2021-08-09;3613;5576;824353;702446;65.2;55.5
38;2021-08-10;4928;6255;829281;708701;65.6;56.0
38;2021-08-11;3979;4666;833260;713367;65.9;56.4
38;2021-08-12;3403;4608;836663;717975;66.1;56.8
38;2021-08-13;4206;6033;840869;724008;66.5;57.2
38;2021-08-14;1785;4020;842654;728028;66.6;57.6
38;2021-08-15;538;1917;843192;729945;66.7;57.7
38;2021-08-16;2979;7924;846171;737869;66.9;58.3
38;2021-08-17;3445;5963;849616;743832;67.2;58.8
38;2021-08-18;2997;7140;852613;750972;67.4;59.4
38;2021-08-19;2614;4830;855227;755802;67.6;59.7
38;2021-08-20;2911;8430;858138;764232;67.8;60.4
38;2021-08-21;1206;5014;859344;769246;67.9;60.8
38;2021-08-22;509;1510;859853;770756;68.0;60.9
38;2021-08-23;2592;7627;862445;778383;68.2;61.5
38;2021-08-24;2570;5330;865015;783713;68.4;62.0
38;2021-08-25;2618;5876;867633;789589;68.6;62.4
38;2021-08-26;2281;4244;869914;793833;68.8;62.8
38;2021-08-27;2506;5931;872420;799764;69.0;63.2
38;2021-08-28;1424;3689;873844;803453;69.1;63.5
38;2021-08-29;377;1085;874221;804538;69.1;63.6
38;2021-08-30;2335;5677;876556;810215;69.3;64.0
38;2021-08-31;2223;4592;878779;814807;69.5;64.4
38;2021-09-01;2271;4053;881050;818860;69.6;64.7
38;2021-09-02;1681;3025;882731;821885;69.8;65.0
38;2021-09-03;2033;4583;884764;826468;69.9;65.3
38;2021-09-04;1153;2658;885917;829126;70.0;65.5
38;2021-09-05;391;664;886308;829790;70.1;65.6
38;2021-09-06;1198;2964;887506;832754;70.2;65.8
38;2021-09-07;1304;2880;888810;835634;70.3;66.1
38;2021-09-08;1730;3255;890540;838889;70.4;66.3
38;2021-09-09;1121;1970;891661;840859;70.5;66.5
38;2021-09-10;1597;3271;893258;844130;70.6;66.7
38;2021-09-11;1040;2267;894298;846397;70.7;66.9
38;2021-09-12;216;525;894514;846922;70.7;67.0
38;2021-09-13;908;2129;895422;849051;70.8;67.1
38;2021-09-14;916;1870;896338;850921;70.9;67.3
38;2021-09-15;1331;2761;897669;853682;71.0;67.5
38;2021-09-16;718;1557;898387;855239;71.0;67.6
38;2021-09-17;893;2501;899280;857740;71.1;67.8
38;2021-09-18;708;2220;899988;859960;71.1;68.0
38;2021-09-19;101;372;900089;860332;71.2;68.0
38;2021-09-20;597;1721;900686;862053;71.2;68.1
38;2021-09-21;491;1401;901177;863454;71.2;68.3
38;2021-09-22;688;2733;901865;866187;71.3;68.5
38;2021-09-23;446;1399;902311;867586;71.3;68.6
38;2021-09-24;772;2195;903083;869781;71.4;68.8
38;2021-09-25;493;1935;903576;871716;71.4;68.9
38;2021-09-26;94;378;903670;872094;71.4;68.9
38;2021-09-27;427;1228;904097;873322;71.5;69.0
38;2021-09-28;508;1116;904605;874438;71.5;69.1
38;2021-09-29;680;1906;905285;876344;71.6;69.3
38;2021-09-30;443;825;905728;877169;71.6;69.3
38;2021-10-01;610;1417;906338;878586;71.6;69.5
38;2021-10-02;481;1161;906819;879747;71.7;69.5
38;2021-10-03;94;193;906913;879940;71.7;69.6
38;2021-10-04;459;953;907372;880893;71.7;69.6
38;2021-10-05;406;869;907778;881762;71.8;69.7
38;2021-10-06;620;1250;908398;883012;71.8;69.8
38;2021-10-07;410;873;908808;883885;71.8;69.9
38;2021-10-08;655;1336;909463;885221;71.9;70.0
38;2021-10-09;502;870;909965;886091;71.9;70.0
38;2021-10-10;39;107;910004;886198;71.9;70.1
39;2020-12-27;0;0;0;0;0.0;0.0
39;2020-12-28;0;0;0;0;0.0;0.0
39;2020-12-29;0;0;0;0;0.0;0.0
39;2020-12-30;0;0;0;0;0.0;0.0
39;2020-12-31;0;0;0;0;0.0;0.0
39;2021-01-01;0;0;0;0;0.0;0.0
39;2021-01-02;0;0;0;0;0.0;0.0
39;2021-01-03;0;0;0;0;0.0;0.0
39;2021-01-04;3;0;3;0;0.0;0.0
39;2021-01-05;3;0;6;0;0.0;0.0
39;2021-01-06;57;3;63;3;0.0;0.0
39;2021-01-07;333;3;396;6;0.2;0.0
39;2021-01-08;657;2;1053;8;0.4;0.0
39;2021-01-09;169;0;1222;8;0.5;0.0
39;2021-01-10;1;0;1223;8;0.5;0.0
39;2021-01-11;474;1;1697;9;0.7;0.0
39;2021-01-12;431;1;2128;10;0.8;0.0
39;2021-01-13;408;2;2536;12;1.0;0.0
39;2021-01-14;574;4;3110;16;1.2;0.0
39;2021-01-15;471;2;3581;18;1.4;0.0
39;2021-01-16;141;1;3722;19;1.4;0.0
39;2021-01-17;0;1;3722;20;1.4;0.0
39;2021-01-18;924;7;4646;27;1.8;0.0
39;2021-01-19;1181;7;5827;34;2.3;0.0
39;2021-01-20;905;4;6732;38;2.6;0.0
39;2021-01-21;1179;2;7911;40;3.1;0.0
39;2021-01-22;985;3;8896;43;3.5;0.0
39;2021-01-23;383;1;9279;44;3.6;0.0
39;2021-01-24;0;0;9279;44;3.6;0.0
39;2021-01-25;642;2;9921;46;3.8;0.0
39;2021-01-26;1123;13;11044;59;4.3;0.0
39;2021-01-27;928;19;11972;78;4.6;0.0
39;2021-01-28;741;242;12713;320;4.9;0.1
39;2021-01-29;583;424;13296;744;5.2;0.3
39;2021-01-30;264;110;13560;854;5.3;0.3
39;2021-01-31;1;0;13561;854;5.3;0.3
39;2021-02-01;562;263;14123;1117;5.5;0.4
39;2021-02-02;754;321;14877;1438;5.8;0.6
39;2021-02-03;531;515;15408;1953;6.0;0.8
39;2021-02-04;556;462;15964;2415;6.2;0.9
39;2021-02-05;438;429;16402;2844;6.4;1.1
39;2021-02-06;265;111;16667;2955;6.5;1.1
39;2021-02-07;0;1;16667;2956;6.5;1.1
39;2021-02-08;321;374;16988;3330;6.6;1.3
39;2021-02-09;383;483;17371;3813;6.7;1.5
39;2021-02-10;253;336;17624;4149;6.8;1.6
39;2021-02-11;586;511;18210;4660;7.1;1.8
39;2021-02-12;385;417;18595;5077;7.2;2.0
39;2021-02-13;100;69;18695;5146;7.3;2.0
39;2021-02-14;0;0;18695;5146;7.3;2.0
39;2021-02-15;99;756;18794;5902;7.3;2.3
39;2021-02-16;99;910;18893;6812;7.3;2.6
39;2021-02-17;58;694;18951;7506;7.3;2.9
39;2021-02-18;109;864;19060;8370;7.4;3.2
39;2021-02-19;100;485;19160;8855;7.4;3.4
39;2021-02-20;18;364;19178;9219;7.4;3.6
39;2021-02-21;0;0;19178;9219;7.4;3.6
39;2021-02-22;100;729;19278;9948;7.5;3.9
39;2021-02-23;4;764;19282;10712;7.5;4.2
39;2021-02-24;125;869;19407;11581;7.5;4.5
39;2021-02-25;214;753;19621;12334;7.6;4.8
39;2021-02-26;218;470;19839;12804;7.7;5.0
39;2021-02-27;169;298;20008;13102;7.8;5.1
39;2021-02-28;1;0;20009;13102;7.8;5.1
39;2021-03-01;218;640;20227;13742;7.8;5.3
39;2021-03-02;329;826;20556;14568;8.0;5.6
39;2021-03-03;602;534;21158;15102;8.2;5.9
39;2021-03-04;658;486;21816;15588;8.5;6.0
39;2021-03-05;670;332;22486;15920;8.7;6.2
39;2021-03-06;775;250;23261;16170;9.0;6.3
39;2021-03-07;242;84;23503;16254;9.1;6.3
39;2021-03-08;285;449;23788;16703;9.2;6.5
39;2021-03-09;844;467;24632;17170;9.6;6.7
39;2021-03-10;985;343;25617;17513;9.9;6.8
39;2021-03-11;829;469;26446;17982;10.3;7.0
39;2021-03-12;805;292;27251;18274;10.6;7.1
39;2021-03-13;789;105;28040;18379;10.9;7.1
39;2021-03-14;35;10;28075;18389;10.9;7.1
39;2021-03-15;513;110;28588;18499;11.1;7.2
39;2021-03-16;555;69;29143;18568;11.3;7.2
39;2021-03-17;611;57;29754;18625;11.5;7.2
39;2021-03-18;600;73;30354;18698;11.8;7.3
39;2021-03-19;393;72;30747;18770;11.9;7.3
39;2021-03-20;312;12;31059;18782;12.0;7.3
39;2021-03-21;3;0;31062;18782;12.0;7.3
39;2021-03-22;755;118;31817;18900;12.3;7.3
39;2021-03-23;1129;46;32946;18946;12.8;7.3
39;2021-03-24;1179;102;34125;19048;13.2;7.4
39;2021-03-25;2042;135;36167;19183;14.0;7.4
39;2021-03-26;797;116;36964;19299;14.3;7.5
39;2021-03-27;345;7;37309;19306;14.5;7.5
39;2021-03-28;36;4;37345;19310;14.5;7.5
39;2021-03-29;1036;198;38381;19508;14.9;7.6
39;2021-03-30;1400;271;39781;19779;15.4;7.7
39;2021-03-31;658;531;40439;20310;15.7;7.9
39;2021-04-01;1310;319;41749;20629;16.2;8.0
39;2021-04-02;626;131;42375;20760;16.4;8.1
39;2021-04-03;180;8;42555;20768;16.5;8.1
39;2021-04-04;4;1;42559;20769;16.5;8.1
39;2021-04-05;1;0;42560;20769;16.5;8.1
39;2021-04-06;824;634;43384;21403;16.8;8.3
39;2021-04-07;1134;685;44518;22088;17.3;8.6
39;2021-04-08;1790;583;46308;22671;18.0;8.8
39;2021-04-09;1675;294;47983;22965;18.6;8.9
39;2021-04-10;348;188;48331;23153;18.7;9.0
39;2021-04-11;2;0;48333;23153;18.7;9.0
39;2021-04-12;680;400;49013;23553;19.0;9.1
39;2021-04-13;1200;583;50213;24136;19.5;9.4
39;2021-04-14;845;641;51058;24777;19.8;9.6
39;2021-04-15;1479;722;52537;25499;20.4;9.9
39;2021-04-16;1090;176;53627;25675;20.8;10.0
39;2021-04-17;197;61;53824;25736;20.9;10.0
39;2021-04-18;0;0;53824;25736;20.9;10.0
39;2021-04-19;523;699;54347;26435;21.1;10.3
39;2021-04-20;766;547;55113;26982;21.4;10.5
39;2021-04-21;1143;724;56256;27706;21.8;10.7
39;2021-04-22;1012;1132;57268;28838;22.2;11.2
39;2021-04-23;457;364;57725;29202;22.4;11.3
39;2021-04-24;275;149;58000;29351;22.5;11.4
39;2021-04-25;12;3;58012;29354;22.5;11.4
39;2021-04-26;568;1041;58580;30395;22.7;11.8
39;2021-04-27;788;984;59368;31379;23.0;12.2
39;2021-04-28;1720;419;61088;31798;23.7;12.3
39;2021-04-29;2570;976;63658;32774;24.7;12.7
39;2021-04-30;2473;394;66131;33168;25.6;12.9
39;2021-05-01;41;53;66172;33221;25.7;12.9
39;2021-05-02;0;0;66172;33221;25.7;12.9
39;2021-05-03;917;812;67089;34033;26.0;13.2
39;2021-05-04;948;1128;68037;35161;26.4;13.6
39;2021-05-05;1954;892;69991;36053;27.1;14.0
39;2021-05-06;2425;1349;72416;37402;28.1;14.5
39;2021-05-07;1286;576;73702;37978;28.6;14.7
39;2021-05-08;179;55;73881;38033;28.7;14.8
39;2021-05-09;10;8;73891;38041;28.7;14.8
39;2021-05-10;1762;852;75653;38893;29.3;15.1
39;2021-05-11;1774;1515;77427;40408;30.0;15.7
39;2021-05-12;1810;1500;79237;41908;30.7;16.3
39;2021-05-13;246;23;79483;41931;30.8;16.3
39;2021-05-14;2392;335;81875;42266;31.8;16.4
39;2021-05-15;1848;256;83723;42522;32.5;16.5
39;2021-05-16;0;0;83723;42522;32.5;16.5
39;2021-05-17;1986;726;85709;43248;33.2;16.8
39;2021-05-18;1690;1180;87399;44428;33.9;17.2
39;2021-05-19;2496;558;89895;44986;34.9;17.4
39;2021-05-20;2465;756;92360;45742;35.8;17.7
39;2021-05-21;1800;561;94160;46303;36.5;18.0
39;2021-05-22;322;218;94482;46521;36.6;18.0
39;2021-05-23;8;36;94490;46557;36.6;18.1
39;2021-05-24;8;28;94498;46585;36.6;18.1
39;2021-05-25;1725;1197;96223;47782;37.3;18.5
39;2021-05-26;1643;1377;97866;49159;38.0;19.1
39;2021-05-27;1485;1624;99351;50783;38.5;19.7
39;2021-05-28;856;1220;100207;52003;38.9;20.2
39;2021-05-29;261;276;100468;52279;39.0;20.3
39;2021-05-30;2;40;100470;52319;39.0;20.3
39;2021-05-31;1625;1245;102095;53564;39.6;20.8
39;2021-06-01;1893;1321;103988;54885;40.3;21.3
39;2021-06-02;1705;1167;105693;56052;41.0;21.7
39;2021-06-03;1326;1160;107019;57212;41.5;22.2
39;2021-06-04;940;1073;107959;58285;41.9;22.6
39;2021-06-05;766;516;108725;58801;42.2;22.8
39;2021-06-06;1;36;108726;58837;42.2;22.8
39;2021-06-07;2106;918;110832;59755;43.0;23.2
39;2021-06-08;2208;1155;113040;60910;43.8;23.6
39;2021-06-09;1733;1240;114773;62150;44.5;24.1
39;2021-06-10;1616;2080;116389;64230;45.1;24.9
39;2021-06-11;1568;1270;117957;65500;45.7;25.4
39;2021-06-12;1264;350;119221;65850;46.2;25.5
39;2021-06-13;11;18;119232;65868;46.2;25.5
39;2021-06-14;1335;1894;120567;67762;46.8;26.3
39;2021-06-15;1386;1259;121953;69021;47.3;26.8
39;2021-06-16;1171;1536;123124;70557;47.8;27.4
39;2021-06-17;1044;1718;124168;72275;48.2;28.0
39;2021-06-18;1638;1180;125806;73455;48.8;28.5
39;2021-06-19;249;411;126055;73866;48.9;28.6
39;2021-06-20;2;18;126057;73884;48.9;28.7
39;2021-06-21;351;2495;126408;76379;49.0;29.6
39;2021-06-22;815;2294;127223;78673;49.3;30.5
39;2021-06-23;1200;1301;128423;79974;49.8;31.0
39;2021-06-24;736;1044;129159;81018;50.1;31.4
39;2021-06-25;679;2961;129838;83979;50.4;32.6
39;2021-06-26;206;1564;130044;85543;50.4;33.2
39;2021-06-27;0;0;130044;85543;50.4;33.2
39;2021-06-28;305;2743;130349;88286;50.6;34.2
39;2021-06-29;497;2697;130846;90983;50.7;35.3
39;2021-06-30;895;2426;131741;93409;51.1;36.2
39;2021-07-01;645;1939;132386;95348;51.3;37.0
39;2021-07-02;1111;1406;133497;96754;51.8;37.5
39;2021-07-03;554;524;134051;97278;52.0;37.7
39;2021-07-04;2;1;134053;97279;52.0;37.7
39;2021-07-05;601;2589;134654;99868;52.2;38.7
39;2021-07-06;835;1887;135489;101755;52.5;39.5
39;2021-07-07;591;1389;136080;103144;52.8;40.0
39;2021-07-08;700;906;136780;104050;53.0;40.4
39;2021-07-09;1078;1585;137858;105635;53.5;41.0
39;2021-07-10;739;476;138597;106111;53.8;41.2
39;2021-07-11;28;8;138625;106119;53.8;41.2
39;2021-07-12;577;2599;139202;108718;54.0;42.2
39;2021-07-13;1638;2660;140840;111378;54.6;43.2
39;2021-07-14;17;21;140857;111399;54.6;43.2
39;2021-07-15;1906;1837;142763;113236;55.4;43.9
39;2021-07-16;3226;2053;145989;115289;56.6;44.7
39;2021-07-17;2225;1163;148214;116452;57.5;45.2
39;2021-07-18;164;52;148378;116504;57.5;45.2
39;2021-07-19;1399;2952;149777;119456;58.1;46.3
39;2021-07-20;1842;2813;151619;122269;58.8;47.4
39;2021-07-21;2587;2583;154206;124852;59.8;48.4
39;2021-07-22;1934;1845;156140;126697;60.6;49.1
39;2021-07-23;1814;1933;157954;128630;61.3;49.9
39;2021-07-24;1400;1428;159354;130058;61.8;50.4
39;2021-07-25;0;1;159354;130059;61.8;50.4
39;2021-07-26;1318;2001;160672;132060;62.3;51.2
39;2021-07-27;2343;1905;163015;133965;63.2;52.0
39;2021-07-28;2688;1475;165703;135440;64.3;52.5
39;2021-07-29;2200;1743;167903;137183;65.1;53.2
39;2021-07-30;2045;1466;169948;138649;65.9;53.8
39;2021-07-31;1367;657;171315;139306;66.4;54.0
39;2021-08-01;10;18;171325;139324;66.4;54.0
39;2021-08-02;1205;1401;172530;140725;66.9;54.6
39;2021-08-03;1920;1486;174450;142211;67.7;55.2
39;2021-08-04;1047;659;175497;142870;68.1;55.4
39;2021-08-05;1242;740;176739;143610;68.5;55.7
39;2021-08-06;1375;2289;178114;145899;69.1;56.6
39;2021-08-07;1069;1213;179183;147112;69.5;57.1
39;2021-08-08;26;10;179209;147122;69.5;57.1
39;2021-08-09;436;304;179645;147426;69.7;57.2
39;2021-08-10;1230;931;180875;148357;70.1;57.5
39;2021-08-11;893;1532;181768;149889;70.5;58.1
39;2021-08-12;1596;2171;183364;152060;71.1;59.0
39;2021-08-13;1334;2119;184698;154179;71.6;59.8
39;2021-08-14;361;1106;185059;155285;71.8;60.2
39;2021-08-15;1;1;185060;155286;71.8;60.2
39;2021-08-16;488;736;185548;156022;72.0;60.5
39;2021-08-17;574;1443;186122;157465;72.2;61.1
39;2021-08-18;862;1727;186984;159192;72.5;61.7
39;2021-08-19;906;1593;187890;160785;72.9;62.4
39;2021-08-20;640;2500;188530;163285;73.1;63.3
39;2021-08-21;467;1291;188997;164576;73.3;63.8
39;2021-08-22;7;11;189004;164587;73.3;63.8
39;2021-08-23;267;972;189271;165559;73.4;64.2
39;2021-08-24;456;1607;189727;167166;73.6;64.8
39;2021-08-25;631;1604;190358;168770;73.8;65.5
39;2021-08-26;717;1860;191075;170630;74.1;66.2
39;2021-08-27;405;2060;191480;172690;74.3;67.0
39;2021-08-28;325;1369;191805;174059;74.4;67.5
39;2021-08-29;0;1;191805;174060;74.4;67.5
39;2021-08-30;345;1009;192150;175069;74.5;67.9
39;2021-08-31;399;1006;192549;176075;74.7;68.3
39;2021-09-01;512;1425;193061;177500;74.9;68.8
39;2021-09-02;332;1369;193393;178869;75.0;69.4
39;2021-09-03;477;2247;193870;181116;75.2;70.2
39;2021-09-04;148;183;194018;181299;75.2;70.3
39;2021-09-05;0;1;194018;181300;75.2;70.3
39;2021-09-06;242;481;194260;181781;75.3;70.5
39;2021-09-07;228;253;194488;182034;75.4;70.6
39;2021-09-08;441;677;194929;182711;75.6;70.9
39;2021-09-09;438;843;195367;183554;75.8;71.2
39;2021-09-10;198;586;195565;184140;75.8;71.4
39;2021-09-11;282;817;195847;184957;76.0;71.7
39;2021-09-12;0;32;195847;184989;76.0;71.7
39;2021-09-13;143;150;195990;185139;76.0;71.8
39;2021-09-14;182;296;196172;185435;76.1;71.9
39;2021-09-15;267;585;196439;186020;76.2;72.1
39;2021-09-16;476;1052;196915;187072;76.4;72.6
39;2021-09-17;424;669;197339;187741;76.5;72.8
39;2021-09-18;96;237;197435;187978;76.6;72.9
39;2021-09-19;3;3;197438;187981;76.6;72.9
39;2021-09-20;70;128;197508;188109;76.6;73.0
39;2021-09-21;87;125;197595;188234;76.6;73.0
39;2021-09-22;269;778;197864;189012;76.7;73.3
39;2021-09-23;173;312;198037;189324;76.8;73.4
39;2021-09-24;206;584;198243;189908;76.9;73.7
39;2021-09-25;65;250;198308;190158;76.9;73.7
39;2021-09-26;0;0;198308;190158;76.9;73.7
39;2021-09-27;131;318;198439;190476;77.0;73.9
39;2021-09-28;55;138;198494;190614;77.0;73.9
39;2021-09-29;195;511;198689;191125;77.1;74.1
39;2021-09-30;201;448;198890;191573;77.1;74.3
39;2021-10-01;104;199;198994;191772;77.2;74.4
39;2021-10-02;97;227;199091;191999;77.2;74.5
39;2021-10-03;2;1;199093;192000;77.2;74.5
39;2021-10-04;40;131;199133;192131;77.2;74.5
39;2021-10-05;55;125;199188;192256;77.2;74.6
39;2021-10-06;183;347;199371;192603;77.3;74.7
39;2021-10-07;135;464;199506;193067;77.4;74.9
39;2021-10-08;219;491;199725;193558;77.5;75.1
39;2021-10-09;49;47;199774;193605;77.5;75.1
39;2021-10-10;0;1;199774;193606;77.5;75.1
40;2020-12-27;0;0;0;0;0.0;0.0
40;2020-12-28;0;0;0;0;0.0;0.0
40;2020-12-29;0;0;0;0;0.0;0.0
40;2020-12-30;0;0;0;0;0.0;0.0
40;2020-12-31;1;0;1;0;0.0;0.0
40;2021-01-01;0;0;1;0;0.0;0.0
40;2021-01-02;1;0;2;0;0.0;0.0
40;2021-01-03;0;0;2;0;0.0;0.0
40;2021-01-04;0;0;2;0;0.0;0.0
40;2021-01-05;0;0;2;0;0.0;0.0
40;2021-01-06;1;0;3;0;0.0;0.0
40;2021-01-07;212;0;215;0;0.1;0.0
40;2021-01-08;391;4;606;4;0.1;0.0
40;2021-01-09;0;0;606;4;0.1;0.0
40;2021-01-10;1;0;607;4;0.1;0.0
40;2021-01-11;111;0;718;4;0.2;0.0
40;2021-01-12;0;0;718;4;0.2;0.0
40;2021-01-13;681;6;1399;10;0.3;0.0
40;2021-01-14;901;9;2300;19;0.6;0.0
40;2021-01-15;811;4;3111;23;0.8;0.0
40;2021-01-16;157;0;3268;23;0.8;0.0
40;2021-01-17;1;1;3269;24;0.8;0.0
40;2021-01-18;406;0;3675;24;0.9;0.0
40;2021-01-19;1203;4;4878;28;1.2;0.0
40;2021-01-20;881;2;5759;30;1.4;0.0
40;2021-01-21;1265;6;7024;36;1.7;0.0
40;2021-01-22;811;2;7835;38;1.9;0.0
40;2021-01-23;289;0;8124;38;2.0;0.0
40;2021-01-24;2;0;8126;38;2.0;0.0
40;2021-01-25;394;2;8520;40;2.1;0.0
40;2021-01-26;802;6;9322;46;2.3;0.0
40;2021-01-27;1118;12;10440;58;2.5;0.0
40;2021-01-28;709;112;11149;170;2.7;0.0
40;2021-01-29;601;229;11750;399;2.9;0.1
40;2021-01-30;237;4;11987;403;2.9;0.1
40;2021-01-31;1;0;11988;403;2.9;0.1
40;2021-02-01;359;132;12347;535;3.0;0.1
40;2021-02-02;922;52;13269;587;3.2;0.1
40;2021-02-03;895;300;14164;887;3.4;0.2
40;2021-02-04;1059;602;15223;1489;3.7;0.4
40;2021-02-05;794;422;16017;1911;3.9;0.5
40;2021-02-06;382;84;16399;1995;4.0;0.5
40;2021-02-07;10;0;16409;1995;4.0;0.5
40;2021-02-08;375;121;16784;2116;4.1;0.5
40;2021-02-09;815;541;17599;2657;4.3;0.6
40;2021-02-10;749;469;18348;3126;4.5;0.8
40;2021-02-11;739;682;19087;3808;4.6;0.9
40;2021-02-12;627;641;19714;4449;4.8;1.1
40;2021-02-13;400;94;20114;4543;4.9;1.1
40;2021-02-14;0;0;20114;4543;4.9;1.1
40;2021-02-15;48;385;20162;4928;4.9;1.2
40;2021-02-16;284;600;20446;5528;5.0;1.3
40;2021-02-17;359;891;20805;6419;5.1;1.6
40;2021-02-18;383;694;21188;7113;5.1;1.7
40;2021-02-19;145;643;21333;7756;5.2;1.9
40;2021-02-20;39;94;21372;7850;5.2;1.9
40;2021-02-21;1;66;21373;7916;5.2;1.9
40;2021-02-22;53;561;21426;8477;5.2;2.1
40;2021-02-23;180;835;21606;9312;5.2;2.3
40;2021-02-24;283;684;21889;9996;5.3;2.4
40;2021-02-25;726;989;22615;10985;5.5;2.7
40;2021-02-26;656;632;23271;11617;5.6;2.8
40;2021-02-27;384;101;23655;11718;5.7;2.8
40;2021-02-28;2;0;23657;11718;5.7;2.8
40;2021-03-01;418;509;24075;12227;5.8;3.0
40;2021-03-02;733;1040;24808;13267;6.0;3.2
40;2021-03-03;934;910;25742;14177;6.2;3.4
40;2021-03-04;1326;827;27068;15004;6.6;3.6
40;2021-03-05;1233;742;28301;15746;6.9;3.8
40;2021-03-06;868;393;29169;16139;7.1;3.9
40;2021-03-07;93;10;29262;16149;7.1;3.9
40;2021-03-08;838;504;30100;16653;7.3;4.0
40;2021-03-09;1506;642;31606;17295;7.7;4.2
40;2021-03-10;1754;719;33360;18014;8.1;4.4
40;2021-03-11;1986;698;35346;18712;8.6;4.5
40;2021-03-12;2051;551;37397;19263;9.1;4.7
40;2021-03-13;972;255;38369;19518;9.3;4.7
40;2021-03-14;98;0;38467;19518;9.3;4.7
40;2021-03-15;924;88;39391;19606;9.6;4.8
40;2021-03-16;989;275;40380;19881;9.8;4.8
40;2021-03-17;1577;349;41957;20230;10.2;4.9
40;2021-03-18;1559;339;43516;20569;10.6;5.0
40;2021-03-19;1808;145;45324;20714;11.0;5.0
40;2021-03-20;706;15;46030;20729;11.2;5.0
40;2021-03-21;52;1;46082;20730;11.2;5.0
40;2021-03-22;1174;35;47256;20765;11.5;5.0
40;2021-03-23;2325;170;49581;20935;12.0;5.1
40;2021-03-24;2327;232;51908;21167;12.6;5.1
40;2021-03-25;2768;384;54676;21551;13.3;5.2
40;2021-03-26;3123;212;57799;21763;14.0;5.3
40;2021-03-27;923;49;58722;21812;14.3;5.3
40;2021-03-28;178;47;58900;21859;14.3;5.3
40;2021-03-29;1153;381;60053;22240;14.6;5.4
40;2021-03-30;2298;390;62351;22630;15.1;5.5
40;2021-03-31;1994;309;64345;22939;15.6;5.6
40;2021-04-01;2413;335;66758;23274;16.2;5.6
40;2021-04-02;2361;222;69119;23496;16.8;5.7
40;2021-04-03;741;122;69860;23618;17.0;5.7
40;2021-04-04;363;9;70223;23627;17.0;5.7
40;2021-04-05;523;40;70746;23667;17.2;5.7
40;2021-04-06;2095;809;72841;24476;17.7;5.9
40;2021-04-07;2664;876;75505;25352;18.3;6.2
40;2021-04-08;3063;901;78568;26253;19.1;6.4
40;2021-04-09;3826;611;82394;26864;20.0;6.5
40;2021-04-10;1600;343;83994;27207;20.4;6.6
40;2021-04-11;52;6;84046;27213;20.4;6.6
40;2021-04-12;2179;736;86225;27949;20.9;6.8
40;2021-04-13;2567;1092;88792;29041;21.6;7.0
40;2021-04-14;2571;1377;91363;30418;22.2;7.4
40;2021-04-15;2987;1516;94350;31934;22.9;7.8
40;2021-04-16;2878;1184;97228;33118;23.6;8.0
40;2021-04-17;1464;348;98692;33466;24.0;8.1
40;2021-04-18;57;24;98749;33490;24.0;8.1
40;2021-04-19;1056;1023;99805;34513;24.2;8.4
40;2021-04-20;1622;1745;101427;36258;24.6;8.8
40;2021-04-21;1777;1741;103204;37999;25.1;9.2
40;2021-04-22;2112;1776;105316;39775;25.6;9.7
40;2021-04-23;2163;1398;107479;41173;26.1;10.0
40;2021-04-24;1329;627;108808;41800;26.4;10.1
40;2021-04-25;37;57;108845;41857;26.4;10.2
40;2021-04-26;1251;1137;110096;42994;26.7;10.4
40;2021-04-27;1487;2033;111583;45027;27.1;10.9
40;2021-04-28;2052;1371;113635;46398;27.6;11.3
40;2021-04-29;2609;1901;116244;48299;28.2;11.7
40;2021-04-30;2700;1617;118944;49916;28.9;12.1
40;2021-05-01;1228;781;120172;50697;29.2;12.3
40;2021-05-02;143;323;120315;51020;29.2;12.4
40;2021-05-03;1857;1502;122172;52522;29.7;12.7
40;2021-05-04;1880;2467;124052;54989;30.1;13.3
40;2021-05-05;2187;2670;126239;57659;30.6;14.0
40;2021-05-06;2237;2867;128476;60526;31.2;14.7
40;2021-05-07;1901;3007;130377;63533;31.6;15.4
40;2021-05-08;675;469;131052;64002;31.8;15.5
40;2021-05-09;316;22;131368;64024;31.9;15.5
40;2021-05-10;1400;2057;132768;66081;32.2;16.0
40;2021-05-11;2196;2512;134964;68593;32.8;16.6
40;2021-05-12;2731;1945;137695;70538;33.4;17.1
40;2021-05-13;1984;515;139679;71053;33.9;17.2
40;2021-05-14;2324;1658;142003;72711;34.5;17.6
40;2021-05-15;1340;961;143343;73672;34.8;17.9
40;2021-05-16;434;24;143777;73696;34.9;17.9
40;2021-05-17;2119;1311;145896;75007;35.4;18.2
40;2021-05-18;2508;1416;148404;76423;36.0;18.6
40;2021-05-19;2954;1105;151358;77528;36.7;18.8
40;2021-05-20;3584;1163;154942;78691;37.6;19.1
40;2021-05-21;2925;1329;157867;80020;38.3;19.4
40;2021-05-22;1146;796;159013;80816;38.6;19.6
40;2021-05-23;631;29;159644;80845;38.8;19.6
40;2021-05-24;1212;332;160856;81177;39.0;19.7
40;2021-05-25;2168;1310;163024;82487;39.6;20.0
40;2021-05-26;2614;1563;165638;84050;40.2;20.4
40;2021-05-27;2733;2002;168371;86052;40.9;20.9
40;2021-05-28;2567;2275;170938;88327;41.5;21.4
40;2021-05-29;1558;1255;172496;89582;41.9;21.7
40;2021-05-30;4;52;172500;89634;41.9;21.8
40;2021-05-31;2567;1207;175067;90841;42.5;22.0
40;2021-06-01;3011;1770;178078;92611;43.2;22.5
40;2021-06-02;3170;1992;181248;94603;44.0;23.0
40;2021-06-03;3589;2330;184837;96933;44.9;23.5
40;2021-06-04;3015;2802;187852;99735;45.6;24.2
40;2021-06-05;1780;1395;189632;101130;46.0;24.5
40;2021-06-06;458;79;190090;101209;46.1;24.6
40;2021-06-07;2184;2024;192274;103233;46.7;25.1
40;2021-06-08;2954;2101;195228;105334;47.4;25.6
40;2021-06-09;3212;2266;198440;107600;48.2;26.1
40;2021-06-10;2993;2097;201433;109697;48.9;26.6
40;2021-06-11;3142;2799;204575;112496;49.7;27.3
40;2021-06-12;1963;1634;206538;114130;50.1;27.7
40;2021-06-13;645;162;207183;114292;50.3;27.7
40;2021-06-14;1457;2495;208640;116787;50.6;28.3
40;2021-06-15;2235;2818;210875;119605;51.2;29.0
40;2021-06-16;2608;2459;213483;122064;51.8;29.6
40;2021-06-17;2431;2439;215914;124503;52.4;30.2
40;2021-06-18;2326;2902;218240;127405;53.0;30.9
40;2021-06-19;1798;1229;220038;128634;53.4;31.2
40;2021-06-20;346;276;220384;128910;53.5;31.3
40;2021-06-21;1395;2318;221779;131228;53.8;31.9
40;2021-06-22;1690;2996;223469;134224;54.2;32.6
40;2021-06-23;1603;3343;225072;137567;54.6;33.4
40;2021-06-24;1733;2384;226805;139951;55.1;34.0
40;2021-06-25;1757;3264;228562;143215;55.5;34.8
40;2021-06-26;1328;1712;229890;144927;55.8;35.2
40;2021-06-27;262;354;230152;145281;55.9;35.3
40;2021-06-28;1334;2818;231486;148099;56.2;35.9
40;2021-06-29;1713;3392;233199;151491;56.6;36.8
40;2021-06-30;1773;3642;234972;155133;57.0;37.7
40;2021-07-01;1715;3954;236687;159087;57.5;38.6
40;2021-07-02;1560;3811;238247;162898;57.8;39.5
40;2021-07-03;676;1923;238923;164821;58.0;40.0
40;2021-07-04;219;483;239142;165304;58.0;40.1
40;2021-07-05;1477;3020;240619;168324;58.4;40.9
40;2021-07-06;1768;3613;242387;171937;58.8;41.7
40;2021-07-07;1973;3850;244360;175787;59.3;42.7
40;2021-07-08;2099;3409;246459;179196;59.8;43.5
40;2021-07-09;2108;3947;248567;183143;60.3;44.5
40;2021-07-10;1004;2155;249571;185298;60.6;45.0
40;2021-07-11;207;294;249778;185592;60.6;45.0
40;2021-07-12;1314;4047;251092;189639;60.9;46.0
40;2021-07-13;2428;4698;253520;194337;61.5;47.2
40;2021-07-14;2198;2060;255718;196397;62.1;47.7
40;2021-07-15;2842;4860;258560;201257;62.8;48.9
40;2021-07-16;3311;3944;261871;205201;63.6;49.8
40;2021-07-17;2110;2595;263981;207796;64.1;50.4
40;2021-07-18;472;542;264453;208338;64.2;50.6
40;2021-07-19;2565;3701;267018;212039;64.8;51.5
40;2021-07-20;3065;4052;270083;216091;65.6;52.5
40;2021-07-21;3204;3887;273287;219978;66.3;53.4
40;2021-07-22;3857;3933;277144;223911;67.3;54.4
40;2021-07-23;4092;4110;281236;228021;68.3;55.3
40;2021-07-24;2795;2113;284031;230134;68.9;55.9
40;2021-07-25;958;491;284989;230625;69.2;56.0
40;2021-07-26;2943;3076;287932;233701;69.9;56.7
40;2021-07-27;3526;3602;291458;237303;70.7;57.6
40;2021-07-28;3379;3398;294837;240701;71.6;58.4
40;2021-07-29;3546;3432;298383;244133;72.4;59.3
40;2021-07-30;3137;3405;301520;247538;73.2;60.1
40;2021-07-31;1781;1908;303301;249446;73.6;60.5
40;2021-08-01;342;287;303643;249733;73.7;60.6
40;2021-08-02;2004;2382;305647;252115;74.2;61.2
40;2021-08-03;2335;2696;307982;254811;74.8;61.9
40;2021-08-04;2094;2323;310076;257134;75.3;62.4
40;2021-08-05;1971;2669;312047;259803;75.7;63.1
40;2021-08-06;1886;3068;313933;262871;76.2;63.8
40;2021-08-07;1218;1746;315151;264617;76.5;64.2
40;2021-08-08;84;154;315235;264771;76.5;64.3
40;2021-08-09;1600;3124;316835;267895;76.9;65.0
40;2021-08-10;1429;3159;318264;271054;77.3;65.8
40;2021-08-11;1421;2844;319685;273898;77.6;66.5
40;2021-08-12;1277;3102;320962;277000;77.9;67.2
40;2021-08-13;1139;2980;322101;279980;78.2;68.0
40;2021-08-14;618;2033;322719;282013;78.3;68.5
40;2021-08-15;5;172;322724;282185;78.3;68.5
40;2021-08-16;1108;3382;323832;285567;78.6;69.3
40;2021-08-17;1160;3418;324992;288985;78.9;70.1
40;2021-08-18;989;3258;325981;292243;79.1;70.9
40;2021-08-19;855;2972;326836;295215;79.3;71.7
40;2021-08-20;811;3033;327647;298248;79.5;72.4
40;2021-08-21;523;1901;328170;300149;79.7;72.9
40;2021-08-22;71;464;328241;300613;79.7;73.0
40;2021-08-23;730;2818;328971;303431;79.9;73.7
40;2021-08-24;697;2540;329668;305971;80.0;74.3
40;2021-08-25;678;2002;330346;307973;80.2;74.8
40;2021-08-26;493;1674;330839;309647;80.3;75.2
40;2021-08-27;638;2468;331477;312115;80.5;75.8
40;2021-08-28;328;1215;331805;313330;80.5;76.1
40;2021-08-29;1;9;331806;313339;80.5;76.1
40;2021-08-30;600;2116;332406;315455;80.7;76.6
40;2021-08-31;469;1381;332875;316836;80.8;76.9
40;2021-09-01;449;1349;333324;318185;80.9;77.2
40;2021-09-02;403;1276;333727;319461;81.0;77.5
40;2021-09-03;444;1354;334171;320815;81.1;77.9
40;2021-09-04;369;1051;334540;321866;81.2;78.1
40;2021-09-05;4;10;334544;321876;81.2;78.1
40;2021-09-06;244;698;334788;322574;81.3;78.3
40;2021-09-07;294;774;335082;323348;81.3;78.5
40;2021-09-08;423;895;335505;324243;81.4;78.7
40;2021-09-09;264;718;335769;324961;81.5;78.9
40;2021-09-10;359;933;336128;325894;81.6;79.1
40;2021-09-11;248;755;336376;326649;81.6;79.3
40;2021-09-12;8;7;336384;326656;81.7;79.3
40;2021-09-13;371;596;336755;327252;81.7;79.4
40;2021-09-14;294;378;337049;327630;81.8;79.5
40;2021-09-15;444;896;337493;328526;81.9;79.7
40;2021-09-16;238;348;337731;328874;82.0;79.8
40;2021-09-17;368;788;338099;329662;82.1;80.0
40;2021-09-18;179;634;338278;330296;82.1;80.2
40;2021-09-19;0;9;338278;330305;82.1;80.2
40;2021-09-20;151;382;338429;330687;82.1;80.3
40;2021-09-21;149;287;338578;330974;82.2;80.3
40;2021-09-22;229;559;338807;331533;82.2;80.5
40;2021-09-23;164;298;338971;331831;82.3;80.5
40;2021-09-24;237;606;339208;332437;82.3;80.7
40;2021-09-25;134;427;339342;332864;82.4;80.8
40;2021-09-26;0;2;339342;332866;82.4;80.8
40;2021-09-27;86;224;339428;333090;82.4;80.9
40;2021-09-28;82;229;339510;333319;82.4;80.9
40;2021-09-29;205;585;339715;333904;82.5;81.0
40;2021-09-30;98;221;339813;334125;82.5;81.1
40;2021-10-01;225;437;340038;334562;82.5;81.2
40;2021-10-02;181;321;340219;334883;82.6;81.3
40;2021-10-03;0;2;340219;334885;82.6;81.3
40;2021-10-04;122;241;340341;335126;82.6;81.3
40;2021-10-05;74;200;340415;335326;82.6;81.4
40;2021-10-06;250;458;340665;335784;82.7;81.5
40;2021-10-07;97;196;340762;335980;82.7;81.6
40;2021-10-08;166;446;340928;336426;82.8;81.7
40;2021-10-09;133;211;341061;336637;82.8;81.7
40;2021-10-10;2;8;341063;336645;82.8;81.7
41;2020-12-27;0;0;0;0;0.0;0.0
41;2020-12-28;0;0;0;0;0.0;0.0
41;2020-12-29;0;0;0;0;0.0;0.0
41;2020-12-30;0;0;0;0;0.0;0.0
41;2020-12-31;0;0;0;0;0.0;0.0
41;2021-01-01;0;0;0;0;0.0;0.0
41;2021-01-02;2;0;2;0;0.0;0.0
41;2021-01-03;0;0;2;0;0.0;0.0
41;2021-01-04;0;0;2;0;0.0;0.0
41;2021-01-05;35;0;37;0;0.0;0.0
41;2021-01-06;71;0;108;0;0.0;0.0
41;2021-01-07;21;0;129;0;0.0;0.0
41;2021-01-08;1;0;130;0;0.0;0.0
41;2021-01-09;0;0;130;0;0.0;0.0
41;2021-01-10;0;0;130;0;0.0;0.0
41;2021-01-11;133;0;263;0;0.1;0.0
41;2021-01-12;321;1;584;1;0.2;0.0
41;2021-01-13;271;0;855;1;0.3;0.0
41;2021-01-14;284;2;1139;3;0.3;0.0
41;2021-01-15;215;1;1354;4;0.4;0.0
41;2021-01-16;0;0;1354;4;0.4;0.0
41;2021-01-17;0;0;1354;4;0.4;0.0
41;2021-01-18;397;2;1751;6;0.5;0.0
41;2021-01-19;857;2;2608;8;0.8;0.0
41;2021-01-20;1059;5;3667;13;1.1;0.0
41;2021-01-21;1568;9;5235;22;1.6;0.0
41;2021-01-22;839;1;6074;23;1.9;0.0
41;2021-01-23;92;0;6166;23;1.9;0.0
41;2021-01-24;0;0;6166;23;1.9;0.0
41;2021-01-25;421;1;6587;24;2.0;0.0
41;2021-01-26;473;4;7060;28;2.2;0.0
41;2021-01-27;441;2;7501;30;2.3;0.0
41;2021-01-28;604;56;8105;86;2.5;0.0
41;2021-01-29;260;30;8365;116;2.6;0.0
41;2021-01-30;0;0;8365;116;2.6;0.0
41;2021-01-31;0;0;8365;116;2.6;0.0
41;2021-02-01;349;148;8714;264;2.7;0.1
41;2021-02-02;470;230;9184;494;2.8;0.2
41;2021-02-03;342;203;9526;697;2.9;0.2
41;2021-02-04;559;154;10085;851;3.1;0.3
41;2021-02-05;329;188;10414;1039;3.2;0.3
41;2021-02-06;5;0;10419;1039;3.2;0.3
41;2021-02-07;2;0;10421;1039;3.2;0.3
41;2021-02-08;305;306;10726;1345;3.3;0.4
41;2021-02-09;599;454;11325;1799;3.5;0.5
41;2021-02-10;486;695;11811;2494;3.6;0.8
41;2021-02-11;1067;1159;12878;3653;3.9;1.1
41;2021-02-12;688;361;13566;4014;4.1;1.2
41;2021-02-13;9;5;13575;4019;4.1;1.2
41;2021-02-14;3;27;13578;4046;4.1;1.2
41;2021-02-15;314;306;13892;4352;4.2;1.3
41;2021-02-16;354;566;14246;4918;4.3;1.5
41;2021-02-17;317;457;14563;5375;4.4;1.6
41;2021-02-18;617;326;15180;5701;4.6;1.7
41;2021-02-19;456;337;15636;6038;4.8;1.8
41;2021-02-20;68;58;15704;6096;4.8;1.9
41;2021-02-21;0;0;15704;6096;4.8;1.9
41;2021-02-22;311;414;16015;6510;4.9;2.0
41;2021-02-23;454;346;16469;6856;5.0;2.1
41;2021-02-24;284;442;16753;7298;5.1;2.2
41;2021-02-25;675;461;17428;7759;5.3;2.4
41;2021-02-26;630;253;18058;8012;5.5;2.4
41;2021-02-27;161;4;18219;8016;5.6;2.4
41;2021-02-28;4;31;18223;8047;5.6;2.5
41;2021-03-01;311;315;18534;8362;5.7;2.6
41;2021-03-02;649;410;19183;8772;5.9;2.7
41;2021-03-03;496;411;19679;9183;6.0;2.8
41;2021-03-04;785;840;20464;10023;6.2;3.1
41;2021-03-05;840;675;21304;10698;6.5;3.3
41;2021-03-06;715;23;22019;10721;6.7;3.3
41;2021-03-07;498;20;22517;10741;6.9;3.3
41;2021-03-08;301;376;22818;11117;7.0;3.4
41;2021-03-09;1043;452;23861;11569;7.3;3.5
41;2021-03-10;721;457;24582;12026;7.5;3.7
41;2021-03-11;1183;686;25765;12712;7.9;3.9
41;2021-03-12;1115;415;26880;13127;8.2;4.0
41;2021-03-13;1224;20;28104;13147;8.6;4.0
41;2021-03-14;392;7;28496;13154;8.7;4.0
41;2021-03-15;798;353;29294;13507;8.9;4.1
41;2021-03-16;1061;412;30355;13919;9.3;4.2
41;2021-03-17;586;240;30941;14159;9.4;4.3
41;2021-03-18;926;399;31867;14558;9.7;4.4
41;2021-03-19;911;335;32778;14893;10.0;4.5
41;2021-03-20;543;22;33321;14915;10.2;4.5
41;2021-03-21;1;0;33322;14915;10.2;4.5
41;2021-03-22;810;275;34132;15190;10.4;4.6
41;2021-03-23;1309;495;35441;15685;10.8;4.8
41;2021-03-24;1231;367;36672;16052;11.2;4.9
41;2021-03-25;2026;439;38698;16491;11.8;5.0
41;2021-03-26;1655;327;40353;16818;12.3;5.1
41;2021-03-27;451;58;40804;16876;12.4;5.1
41;2021-03-28;1;0;40805;16876;12.4;5.1
41;2021-03-29;939;310;41744;17186;12.7;5.2
41;2021-03-30;1496;599;43240;17785;13.2;5.4
41;2021-03-31;1148;497;44388;18282;13.5;5.6
41;2021-04-01;2252;568;46640;18850;14.2;5.7
41;2021-04-02;1242;475;47882;19325;14.6;5.9
41;2021-04-03;321;5;48203;19330;14.7;5.9
41;2021-04-04;39;0;48242;19330;14.7;5.9
41;2021-04-05;140;2;48382;19332;14.8;5.9
41;2021-04-06;1301;626;49683;19958;15.2;6.1
41;2021-04-07;1852;711;51535;20669;15.7;6.3
41;2021-04-08;2294;920;53829;21589;16.4;6.6
41;2021-04-09;2568;613;56397;22202;17.2;6.8
41;2021-04-10;954;498;57351;22700;17.5;6.9
41;2021-04-11;279;376;57630;23076;17.6;7.0
41;2021-04-12;1689;659;59319;23735;18.1;7.2
41;2021-04-13;2259;988;61578;24723;18.8;7.5
41;2021-04-14;1794;554;63372;25277;19.3;7.7
41;2021-04-15;2384;980;65756;26257;20.1;8.0
41;2021-04-16;1929;628;67685;26885;20.6;8.2
41;2021-04-17;647;138;68332;27023;20.8;8.2
41;2021-04-18;5;0;68337;27023;20.8;8.2
41;2021-04-19;1260;745;69597;27768;21.2;8.5
41;2021-04-20;2004;1203;71601;28971;21.8;8.8
41;2021-04-21;1503;920;73104;29891;22.3;9.1
41;2021-04-22;2236;1604;75340;31495;23.0;9.6
41;2021-04-23;1736;1080;77076;32575;23.5;9.9
41;2021-04-24;1544;283;78620;32858;24.0;10.0
41;2021-04-25;1007;21;79627;32879;24.3;10.0
41;2021-04-26;1355;625;80982;33504;24.7;10.2
41;2021-04-27;2092;1041;83074;34545;25.3;10.5
41;2021-04-28;1562;864;84636;35409;25.8;10.8
41;2021-04-29;2210;1380;86846;36789;26.5;11.2
41;2021-04-30;1963;878;88809;37667;27.1;11.5
41;2021-05-01;189;12;88998;37679;27.1;11.5
41;2021-05-02;107;17;89105;37696;27.2;11.5
41;2021-05-03;1864;896;90969;38592;27.7;11.8
41;2021-05-04;2092;1543;93061;40135;28.4;12.2
41;2021-05-05;1882;1193;94943;41328;29.0;12.6
41;2021-05-06;2447;1695;97390;43023;29.7;13.1
41;2021-05-07;2016;1805;99406;44828;30.3;13.7
41;2021-05-08;202;154;99608;44982;30.4;13.7
41;2021-05-09;11;354;99619;45336;30.4;13.8
41;2021-05-10;1590;1558;101209;46894;30.9;14.3
41;2021-05-11;2085;2102;103294;48996;31.5;14.9
41;2021-05-12;1951;1678;105245;50674;32.1;15.5
41;2021-05-13;1485;949;106730;51623;32.6;15.7
41;2021-05-14;1576;1305;108306;52928;33.0;16.1
41;2021-05-15;206;295;108512;53223;33.1;16.2
41;2021-05-16;4;0;108516;53223;33.1;16.2
41;2021-05-17;2484;564;111000;53787;33.9;16.4
41;2021-05-18;3138;1032;114138;54819;34.8;16.7
41;2021-05-19;2553;675;116691;55494;35.6;16.9
41;2021-05-20;3349;1152;120040;56646;36.6;17.3
41;2021-05-21;2727;968;122767;57614;37.4;17.6
41;2021-05-22;396;237;123163;57851;37.6;17.6
41;2021-05-23;6;2;123169;57853;37.6;17.6
41;2021-05-24;2605;150;125774;58003;38.4;17.7
41;2021-05-25;2991;577;128765;58580;39.3;17.9
41;2021-05-26;3036;652;131801;59232;40.2;18.1
41;2021-05-27;3294;1111;135095;60343;41.2;18.4
41;2021-05-28;3144;979;138239;61322;42.2;18.7
41;2021-05-29;2073;429;140312;61751;42.8;18.8
41;2021-05-30;344;22;140656;61773;42.9;18.8
41;2021-05-31;1710;1505;142366;63278;43.4;19.3
41;2021-06-01;2263;2012;144629;65290;44.1;19.9
41;2021-06-02;1832;1289;146461;66579;44.7;20.3
41;2021-06-03;2597;1942;149058;68521;45.5;20.9
41;2021-06-04;2303;1967;151361;70488;46.2;21.5
41;2021-06-05;611;1583;151972;72071;46.4;22.0
41;2021-06-06;109;927;152081;72998;46.4;22.3
41;2021-06-07;1515;1530;153596;74528;46.9;22.7
41;2021-06-08;1712;2413;155308;76941;47.4;23.5
41;2021-06-09;1615;1641;156923;78582;47.9;24.0
41;2021-06-10;1917;1819;158840;80401;48.5;24.5
41;2021-06-11;1572;1794;160412;82195;48.9;25.1
41;2021-06-12;664;649;161076;82844;49.1;25.3
41;2021-06-13;13;77;161089;82921;49.1;25.3
41;2021-06-14;1269;1963;162358;84884;49.5;25.9
41;2021-06-15;1834;2761;164192;87645;50.1;26.7
41;2021-06-16;1724;2309;165916;89954;50.6;27.4
41;2021-06-17;1810;2574;167726;92528;51.2;28.2
41;2021-06-18;1662;2400;169388;94928;51.7;29.0
41;2021-06-19;412;531;169800;95459;51.8;29.1
41;2021-06-20;11;32;169811;95491;51.8;29.1
41;2021-06-21;1325;1779;171136;97270;52.2;29.7
41;2021-06-22;1619;2563;172755;99833;52.7;30.5
41;2021-06-23;1375;2045;174130;101878;53.1;31.1
41;2021-06-24;1483;2308;175613;104186;53.6;31.8
41;2021-06-25;1294;2617;176907;106803;54.0;32.6
41;2021-06-26;433;614;177340;107417;54.1;32.8
41;2021-06-27;1;4;177341;107421;54.1;32.8
41;2021-06-28;404;2696;177745;110117;54.2;33.6
41;2021-06-29;664;3442;178409;113559;54.4;34.6
41;2021-06-30;552;3068;178961;116627;54.6;35.6
41;2021-07-01;765;3106;179726;119733;54.8;36.5
41;2021-07-02;589;3501;180315;123234;55.0;37.6
41;2021-07-03;158;647;180473;123881;55.0;37.8
41;2021-07-04;2;2;180475;123883;55.1;37.8
41;2021-07-05;285;2818;180760;126701;55.1;38.6
41;2021-07-06;666;3634;181426;130335;55.3;39.8
41;2021-07-07;479;3137;181905;133472;55.5;40.7
41;2021-07-08;940;3366;182845;136838;55.8;41.7
41;2021-07-09;540;3641;183385;140479;55.9;42.9
41;2021-07-10;247;2088;183632;142567;56.0;43.5
41;2021-07-11;5;280;183637;142847;56.0;43.6
41;2021-07-12;861;2291;184498;145138;56.3;44.3
41;2021-07-13;1198;3285;185696;148423;56.6;45.3
41;2021-07-14;141;1080;185837;149503;56.7;45.6
41;2021-07-15;1333;3320;187170;152823;57.1;46.6
41;2021-07-16;1091;3389;188261;156212;57.4;47.6
41;2021-07-17;344;807;188605;157019;57.5;47.9
41;2021-07-18;24;32;188629;157051;57.5;47.9
41;2021-07-19;1191;2319;189820;159370;57.9;48.6
41;2021-07-20;1643;2743;191463;162113;58.4;49.4
41;2021-07-21;1709;2086;193172;164199;58.9;50.1
41;2021-07-22;2263;2300;195435;166499;59.6;50.8
41;2021-07-23;2104;2468;197539;168967;60.3;51.5
41;2021-07-24;329;842;197868;169809;60.4;51.8
41;2021-07-25;19;23;197887;169832;60.4;51.8
41;2021-07-26;1902;1679;199789;171511;60.9;52.3
41;2021-07-27;2534;2345;202323;173856;61.7;53.0
41;2021-07-28;2161;1831;204484;175687;62.4;53.6
41;2021-07-29;2345;2027;206829;177714;63.1;54.2
41;2021-07-30;2151;2084;208980;179798;63.7;54.8
41;2021-07-31;380;581;209360;180379;63.9;55.0
41;2021-08-01;21;7;209381;180386;63.9;55.0
41;2021-08-02;1550;1605;210931;181991;64.3;55.5
41;2021-08-03;2517;1857;213448;183848;65.1;56.1
41;2021-08-04;2302;1199;215750;185047;65.8;56.4
41;2021-08-05;3047;1266;218797;186313;66.7;56.8
41;2021-08-06;2214;1304;221011;187617;67.4;57.2
41;2021-08-07;511;347;221522;187964;67.6;57.3
41;2021-08-08;13;20;221535;187984;67.6;57.3
41;2021-08-09;1689;1357;223224;189341;68.1;57.8
41;2021-08-10;2563;1423;225787;190764;68.9;58.2
41;2021-08-11;1593;1440;227380;192204;69.4;58.6
41;2021-08-12;1942;1339;229322;193543;70.0;59.0
41;2021-08-13;1474;1697;230796;195240;70.4;59.6
41;2021-08-14;364;209;231160;195449;70.5;59.6
41;2021-08-15;0;16;231160;195465;70.5;59.6
41;2021-08-16;864;2069;232024;197534;70.8;60.3
41;2021-08-17;1498;1634;233522;199168;71.2;60.8
41;2021-08-18;1135;1971;234657;201139;71.6;61.4
41;2021-08-19;1311;1554;235968;202693;72.0;61.8
41;2021-08-20;915;2313;236883;205006;72.3;62.5
41;2021-08-21;120;227;237003;205233;72.3;62.6
41;2021-08-22;1;32;237004;205265;72.3;62.6
41;2021-08-23;694;2295;237698;207560;72.5;63.3
41;2021-08-24;1415;2313;239113;209873;72.9;64.0
41;2021-08-25;620;2200;239733;212073;73.1;64.7
41;2021-08-26;843;2821;240576;214894;73.4;65.5
41;2021-08-27;621;2763;241197;217657;73.6;66.4
41;2021-08-28;99;622;241296;218279;73.6;66.6
41;2021-08-29;46;24;241342;218303;73.6;66.6
41;2021-08-30;668;2114;242010;220417;73.8;67.2
41;2021-08-31;765;2556;242775;222973;74.1;68.0
41;2021-09-01;501;1711;243276;224684;74.2;68.5
41;2021-09-02;628;2011;243904;226695;74.4;69.1
41;2021-09-03;650;2101;244554;228796;74.6;69.8
41;2021-09-04;194;555;244748;229351;74.7;70.0
41;2021-09-05;3;0;244751;229351;74.7;70.0
41;2021-09-06;291;958;245042;230309;74.7;70.3
41;2021-09-07;415;1195;245457;231504;74.9;70.6
41;2021-09-08;314;1171;245771;232675;75.0;71.0
41;2021-09-09;295;1164;246066;233839;75.1;71.3
41;2021-09-10;381;1197;246447;235036;75.2;71.7
41;2021-09-11;85;366;246532;235402;75.2;71.8
41;2021-09-12;0;9;246532;235411;75.2;71.8
41;2021-09-13;200;646;246732;236057;75.3;72.0
41;2021-09-14;364;826;247096;236883;75.4;72.3
41;2021-09-15;279;1070;247375;237953;75.5;72.6
41;2021-09-16;236;833;247611;238786;75.5;72.8
41;2021-09-17;360;713;247971;239499;75.6;73.1
41;2021-09-18;78;169;248049;239668;75.7;73.1
41;2021-09-19;0;7;248049;239675;75.7;73.1
41;2021-09-20;176;513;248225;240188;75.7;73.3
41;2021-09-21;181;515;248406;240703;75.8;73.4
41;2021-09-22;268;802;248674;241505;75.9;73.7
41;2021-09-23;237;662;248911;242167;75.9;73.9
41;2021-09-24;313;630;249224;242797;76.0;74.1
41;2021-09-25;70;233;249294;243030;76.0;74.1
41;2021-09-26;0;3;249294;243033;76.0;74.1
41;2021-09-27;165;342;249459;243375;76.1;74.2
41;2021-09-28;156;421;249615;243796;76.1;74.4
41;2021-09-29;178;490;249793;244286;76.2;74.5
41;2021-09-30;112;337;249905;244623;76.2;74.6
41;2021-10-01;210;390;250115;245013;76.3;74.7
41;2021-10-02;80;140;250195;245153;76.3;74.8
41;2021-10-03;0;0;250195;245153;76.3;74.8
41;2021-10-04;106;264;250301;245417;76.3;74.9
41;2021-10-05;117;297;250418;245714;76.4;75.0
41;2021-10-06;224;412;250642;246126;76.5;75.1
41;2021-10-07;120;176;250762;246302;76.5;75.1
41;2021-10-08;198;510;250960;246812;76.6;75.3
41;2021-10-09;51;119;251011;246931;76.6;75.3
41;2021-10-10;0;18;251011;246949;76.6;75.3
42;2020-12-27;1;0;1;0;0.0;0.0
42;2020-12-28;0;0;1;0;0.0;0.0
42;2020-12-29;0;0;1;0;0.0;0.0
42;2020-12-30;0;0;1;0;0.0;0.0
42;2020-12-31;0;0;1;0;0.0;0.0
42;2021-01-01;0;0;1;0;0.0;0.0
42;2021-01-02;0;0;1;0;0.0;0.0
42;2021-01-03;0;0;1;0;0.0;0.0
42;2021-01-04;1;0;2;0;0.0;0.0
42;2021-01-05;1;0;3;0;0.0;0.0
42;2021-01-06;178;1;181;1;0.0;0.0
42;2021-01-07;256;0;437;1;0.1;0.0
42;2021-01-08;264;5;701;6;0.1;0.0
42;2021-01-09;136;1;837;7;0.1;0.0
42;2021-01-10;0;0;837;7;0.1;0.0
42;2021-01-11;293;2;1130;9;0.1;0.0
42;2021-01-12;412;1;1542;10;0.2;0.0
42;2021-01-13;527;2;2069;12;0.3;0.0
42;2021-01-14;775;4;2844;16;0.4;0.0
42;2021-01-15;707;4;3551;20;0.5;0.0
42;2021-01-16;298;2;3849;22;0.5;0.0
42;2021-01-17;219;0;4068;22;0.5;0.0
42;2021-01-18;967;1;5035;23;0.7;0.0
42;2021-01-19;1329;10;6364;33;0.8;0.0
42;2021-01-20;956;4;7320;37;1.0;0.0
42;2021-01-21;1023;6;8343;43;1.1;0.0
42;2021-01-22;992;7;9335;50;1.2;0.0
42;2021-01-23;401;0;9736;50;1.3;0.0
42;2021-01-24;359;0;10095;50;1.3;0.0
42;2021-01-25;1100;13;11195;63;1.5;0.0
42;2021-01-26;1750;21;12945;84;1.7;0.0
42;2021-01-27;1456;126;14401;210;1.9;0.0
42;2021-01-28;1667;146;16068;356;2.1;0.0
42;2021-01-29;946;120;17014;476;2.2;0.1
42;2021-01-30;257;110;17271;586;2.3;0.1
42;2021-01-31;258;2;17529;588;2.3;0.1
42;2021-02-01;738;63;18267;651;2.4;0.1
42;2021-02-02;1854;322;20121;973;2.6;0.1
42;2021-02-03;1518;492;21639;1465;2.8;0.2
42;2021-02-04;1279;616;22918;2081;3.0;0.3
42;2021-02-05;684;528;23602;2609;3.1;0.3
42;2021-02-06;304;151;23906;2760;3.1;0.4
42;2021-02-07;276;154;24182;2914;3.2;0.4
42;2021-02-08;507;615;24689;3529;3.2;0.5
42;2021-02-09;703;798;25392;4327;3.3;0.6
42;2021-02-10;742;689;26134;5016;3.4;0.7
42;2021-02-11;773;688;26907;5704;3.5;0.7
42;2021-02-12;675;754;27582;6458;3.6;0.8
42;2021-02-13;428;304;28010;6762;3.7;0.9
42;2021-02-14;186;221;28196;6983;3.7;0.9
42;2021-02-15;520;820;28716;7803;3.8;1.0
42;2021-02-16;490;1240;29206;9043;3.8;1.2
42;2021-02-17;518;1531;29724;10574;3.9;1.4
42;2021-02-18;757;1388;30481;11962;4.0;1.6
42;2021-02-19;768;1023;31249;12985;4.1;1.7
42;2021-02-20;248;424;31497;13409;4.1;1.8
42;2021-02-21;63;327;31560;13736;4.1;1.8
42;2021-02-22;574;961;32134;14697;4.2;1.9
42;2021-02-23;1211;1440;33345;16137;4.4;2.1
42;2021-02-24;1244;1221;34589;17358;4.5;2.3
42;2021-02-25;1667;1420;36256;18778;4.7;2.5
42;2021-02-26;1646;927;37902;19705;5.0;2.6
42;2021-02-27;580;297;38482;20002;5.0;2.6
42;2021-02-28;167;127;38649;20129;5.1;2.6
42;2021-03-01;807;847;39456;20976;5.2;2.7
42;2021-03-02;1275;822;40731;21798;5.3;2.9
42;2021-03-03;1368;811;42099;22609;5.5;3.0
42;2021-03-04;1705;729;43804;23338;5.7;3.1
42;2021-03-05;2623;679;46427;24017;6.1;3.1
42;2021-03-06;1933;276;48360;24293;6.3;3.2
42;2021-03-07;1491;97;49851;24390;6.5;3.2
42;2021-03-08;1405;518;51256;24908;6.7;3.3
42;2021-03-09;1983;464;53239;25372;7.0;3.3
42;2021-03-10;2053;514;55292;25886;7.2;3.4
42;2021-03-11;3048;640;58340;26526;7.6;3.5
42;2021-03-12;3008;837;61348;27363;8.0;3.6
42;2021-03-13;1479;374;62827;27737;8.2;3.6
42;2021-03-14;472;178;63299;27915;8.3;3.7
42;2021-03-15;1572;609;64871;28524;8.5;3.7
42;2021-03-16;1472;783;66343;29307;8.7;3.8
42;2021-03-17;1723;1085;68066;30392;8.9;4.0
42;2021-03-18;1803;1033;69869;31425;9.1;4.1
42;2021-03-19;2566;691;72435;32116;9.5;4.2
42;2021-03-20;1671;235;74106;32351;9.7;4.2
42;2021-03-21;526;102;74632;32453;9.8;4.2
42;2021-03-22;1426;747;76058;33200;9.9;4.3
42;2021-03-23;2507;875;78565;34075;10.3;4.5
42;2021-03-24;2783;797;81348;34872;10.6;4.6
42;2021-03-25;3720;944;85068;35816;11.1;4.7
42;2021-03-26;3759;793;88827;36609;11.6;4.8
42;2021-03-27;1806;454;90633;37063;11.9;4.8
42;2021-03-28;1039;217;91672;37280;12.0;4.9
42;2021-03-29;2064;933;93736;38213;12.3;5.0
42;2021-03-30;3146;880;96882;39093;12.7;5.1
42;2021-03-31;2444;1083;99326;40176;13.0;5.3
42;2021-04-01;3391;1060;102717;41236;13.4;5.4
42;2021-04-02;2849;1236;105566;42472;13.8;5.6
42;2021-04-03;1418;612;106984;43084;14.0;5.6
42;2021-04-04;1403;397;108387;43481;14.2;5.7
42;2021-04-05;1901;304;110288;43785;14.4;5.7
42;2021-04-06;2292;1420;112580;45205;14.7;5.9
42;2021-04-07;2761;1845;115341;47050;15.1;6.2
42;2021-04-08;4025;1606;119366;48656;15.6;6.4
42;2021-04-09;5134;1569;124500;50225;16.3;6.6
42;2021-04-10;2591;777;127091;51002;16.6;6.7
42;2021-04-11;1957;434;129048;51436;16.9;6.7
42;2021-04-12;3699;1555;132747;52991;17.4;6.9
42;2021-04-13;4659;1816;137406;54807;18.0;7.2
42;2021-04-14;4308;1912;141714;56719;18.5;7.4
42;2021-04-15;4809;1849;146523;58568;19.2;7.7
42;2021-04-16;4621;1899;151144;60467;19.8;7.9
42;2021-04-17;2982;1079;154126;61546;20.2;8.0
42;2021-04-18;1887;417;156013;61963;20.4;8.1
42;2021-04-19;3090;1544;159103;63507;20.8;8.3
42;2021-04-20;3468;1962;162571;65469;21.3;8.6
42;2021-04-21;3479;1754;166050;67223;21.7;8.8
42;2021-04-22;3768;1959;169818;69182;22.2;9.0
42;2021-04-23;3842;2024;173660;71206;22.7;9.3
42;2021-04-24;2363;1520;176023;72726;23.0;9.5
42;2021-04-25;1658;949;177681;73675;23.2;9.6
42;2021-04-26;3280;1740;180961;75415;23.7;9.9
42;2021-04-27;3253;2217;184214;77632;24.1;10.2
42;2021-04-28;3463;2629;187677;80261;24.5;10.5
42;2021-04-29;3768;2820;191445;83081;25.0;10.9
42;2021-04-30;3359;3036;194804;86117;25.5;11.3
42;2021-05-01;2968;1055;197772;87172;25.9;11.4
42;2021-05-02;1934;1264;199706;88436;26.1;11.6
42;2021-05-03;2868;2771;202574;91207;26.5;11.9
42;2021-05-04;3416;3136;205990;94343;26.9;12.3
42;2021-05-05;3328;3405;209318;97748;27.4;12.8
42;2021-05-06;3888;3776;213206;101524;27.9;13.3
42;2021-05-07;3732;4044;216938;105568;28.4;13.8
42;2021-05-08;3164;1075;220102;106643;28.8;13.9
42;2021-05-09;1505;2213;221607;108856;29.0;14.2
42;2021-05-10;3250;3831;224857;112687;29.4;14.7
42;2021-05-11;5574;3917;230431;116604;30.1;15.2
42;2021-05-12;5339;3571;235770;120175;30.8;15.7
42;2021-05-13;5451;1152;241221;121327;31.5;15.9
42;2021-05-14;5237;2928;246458;124255;32.2;16.2
42;2021-05-15;4880;2127;251338;126382;32.9;16.5
42;2021-05-16;2873;1036;254211;127418;33.2;16.7
42;2021-05-17;5885;2840;260096;130258;34.0;17.0
42;2021-05-18;6251;2983;266347;133241;34.8;17.4
42;2021-05-19;6523;2752;272870;135993;35.7;17.8
42;2021-05-20;7103;2898;279973;138891;36.6;18.2
42;2021-05-21;6351;3276;286324;142167;37.4;18.6
42;2021-05-22;5834;2134;292158;144301;38.2;18.9
42;2021-05-23;2832;874;294990;145175;38.6;19.0
42;2021-05-24;5246;1434;300236;146609;39.3;19.2
42;2021-05-25;5152;3941;305388;150550;39.9;19.7
42;2021-05-26;5160;3459;310548;154009;40.6;20.1
42;2021-05-27;5366;3639;315914;157648;41.3;20.6
42;2021-05-28;5043;4208;320957;161856;42.0;21.2
42;2021-05-29;4340;2988;325297;164844;42.5;21.6
42;2021-05-30;1983;1210;327280;166054;42.8;21.7
42;2021-05-31;4241;3424;331521;169478;43.4;22.2
42;2021-06-01;4592;3570;336113;173048;44.0;22.6
42;2021-06-02;4481;3017;340594;176065;44.5;23.0
42;2021-06-03;4930;3843;345524;179908;45.2;23.5
42;2021-06-04;4766;4218;350290;184126;45.8;24.1
42;2021-06-05;3689;2427;353979;186553;46.3;24.4
42;2021-06-06;1445;1295;355424;187848;46.5;24.6
42;2021-06-07;3992;3377;359416;191225;47.0;25.0
42;2021-06-08;3466;3248;362882;194473;47.5;25.4
42;2021-06-09;2964;3206;365846;197679;47.8;25.8
42;2021-06-10;3242;2934;369088;200613;48.3;26.2
42;2021-06-11;3585;4117;372673;204730;48.7;26.8
42;2021-06-12;2863;2882;375536;207612;49.1;27.1
42;2021-06-13;944;1278;376480;208890;49.2;27.3
42;2021-06-14;2313;4062;378793;212952;49.5;27.8
42;2021-06-15;2830;4070;381623;217022;49.9;28.4
42;2021-06-16;2919;3552;384542;220574;50.3;28.8
42;2021-06-17;2635;3738;387177;224312;50.6;29.3
42;2021-06-18;3093;5146;390270;229458;51.0;30.0
42;2021-06-19;2845;4243;393115;233701;51.4;30.6
42;2021-06-20;857;1844;393972;235545;51.5;30.8
42;2021-06-21;1909;6277;395881;241822;51.8;31.6
42;2021-06-22;1875;5891;397756;247713;52.0;32.4
42;2021-06-23;1845;5321;399601;253034;52.3;33.1
42;2021-06-24;1785;4683;401386;257717;52.5;33.7
42;2021-06-25;2036;6952;403422;264669;52.8;34.6
42;2021-06-26;1408;5818;404830;270487;52.9;35.4
42;2021-06-27;756;2858;405586;273345;53.0;35.7
42;2021-06-28;1746;7063;407332;280408;53.3;36.7
42;2021-06-29;1526;6566;408858;286974;53.5;37.5
42;2021-06-30;1969;5766;410827;292740;53.7;38.3
42;2021-07-01;1779;5120;412606;297860;54.0;38.9
42;2021-07-02;2048;6740;414654;304600;54.2;39.8
42;2021-07-03;1760;5979;416414;310579;54.5;40.6
42;2021-07-04;853;2514;417267;313093;54.6;40.9
42;2021-07-05;1716;6289;418983;319382;54.8;41.8
42;2021-07-06;2106;5576;421089;324958;55.1;42.5
42;2021-07-07;2338;4657;423427;329615;55.4;43.1
42;2021-07-08;2272;3958;425699;333573;55.7;43.6
42;2021-07-09;2416;6096;428115;339669;56.0;44.4
42;2021-07-10;1693;5581;429808;345250;56.2;45.1
42;2021-07-11;921;2304;430729;347554;56.3;45.4
42;2021-07-12;1776;6290;432505;353844;56.6;46.3
42;2021-07-13;3610;6290;436115;360134;57.0;47.1
42;2021-07-14;4479;2055;440594;362189;57.6;47.4
42;2021-07-15;4558;5630;445152;367819;58.2;48.1
42;2021-07-16;4442;6198;449594;374017;58.8;48.9
42;2021-07-17;3219;4710;452813;378727;59.2;49.5
42;2021-07-18;1838;1743;454651;380470;59.5;49.8
42;2021-07-19;3806;5073;458457;385543;59.9;50.4
42;2021-07-20;4719;4821;463176;390364;60.6;51.0
42;2021-07-21;5176;4720;468352;395084;61.2;51.7
42;2021-07-22;5501;3939;473853;399023;62.0;52.2
42;2021-07-23;5500;5120;479353;404143;62.7;52.8
42;2021-07-24;4038;3834;483391;407977;63.2;53.3
42;2021-07-25;1656;1391;485047;409368;63.4;53.5
42;2021-07-26;4731;4314;489778;413682;64.0;54.1
42;2021-07-27;5333;3958;495111;417640;64.7;54.6
42;2021-07-28;5782;3676;500893;421316;65.5;55.1
42;2021-07-29;5678;3435;506571;424751;66.2;55.5
42;2021-07-30;5141;3776;511712;428527;66.9;56.0
42;2021-07-31;4765;3057;516477;431584;67.5;56.4
42;2021-08-01;2498;1318;518975;432902;67.9;56.6
42;2021-08-02;4367;3106;523342;436008;68.4;57.0
42;2021-08-03;3826;3285;527168;439293;68.9;57.4
42;2021-08-04;3473;3224;530641;442517;69.4;57.9
42;2021-08-05;3402;3315;534043;445832;69.8;58.3
42;2021-08-06;3640;3995;537683;449827;70.3;58.8
42;2021-08-07;3022;3067;540705;452894;70.7;59.2
42;2021-08-08;1200;1717;541905;454611;70.9;59.4
42;2021-08-09;2809;3860;544714;458471;71.2;60.0
42;2021-08-10;3275;3909;547989;462380;71.7;60.5
42;2021-08-11;2593;3521;550582;465901;72.0;60.9
42;2021-08-12;2517;3569;553099;469470;72.3;61.4
42;2021-08-13;2334;3908;555433;473378;72.6;61.9
42;2021-08-14;1652;3269;557085;476647;72.8;62.3
42;2021-08-15;600;1027;557685;477674;72.9;62.5
42;2021-08-16;2077;4572;559762;482246;73.2;63.1
42;2021-08-17;2246;4175;562008;486421;73.5;63.6
42;2021-08-18;2053;4146;564061;490567;73.8;64.1
42;2021-08-19;1931;3369;565992;493936;74.0;64.6
42;2021-08-20;2270;4612;568262;498548;74.3;65.2
42;2021-08-21;1083;3865;569345;502413;74.4;65.7
42;2021-08-22;501;2020;569846;504433;74.5;66.0
42;2021-08-23;1625;4668;571471;509101;74.7;66.6
42;2021-08-24;1748;4044;573219;513145;75.0;67.1
42;2021-08-25;1748;3899;574967;517044;75.2;67.6
42;2021-08-26;1445;3048;576412;520092;75.4;68.0
42;2021-08-27;1776;4564;578188;524656;75.6;68.6
42;2021-08-28;1311;3707;579499;528363;75.8;69.1
42;2021-08-29;377;1428;579876;529791;75.8;69.3
42;2021-08-30;1284;3342;581160;533133;76.0;69.7
42;2021-08-31;1238;2713;582398;535846;76.2;70.1
42;2021-09-01;1253;2811;583651;538657;76.3;70.4
42;2021-09-02;1322;2613;584973;541270;76.5;70.8
42;2021-09-03;1573;2938;586546;544208;76.7;71.2
42;2021-09-04;1046;2816;587592;547024;76.8;71.5
42;2021-09-05;381;741;587973;547765;76.9;71.6
42;2021-09-06;763;1781;588736;549546;77.0;71.9
42;2021-09-07;823;1582;589559;551128;77.1;72.1
42;2021-09-08;918;1919;590477;553047;77.2;72.3
42;2021-09-09;658;1462;591135;554509;77.3;72.5
42;2021-09-10;928;1984;592063;556493;77.4;72.8
42;2021-09-11;728;2307;592791;558800;77.5;73.1
42;2021-09-12;163;518;592954;559318;77.5;73.1
42;2021-09-13;551;1160;593505;560478;77.6;73.3
42;2021-09-14;773;1362;594278;561840;77.7;73.5
42;2021-09-15;704;1569;594982;563409;77.8;73.7
42;2021-09-16;525;824;595507;564233;77.9;73.8
42;2021-09-17;734;1636;596241;565869;78.0;74.0
42;2021-09-18;577;1799;596818;567668;78.0;74.2
42;2021-09-19;100;367;596918;568035;78.1;74.3
42;2021-09-20;399;850;597317;568885;78.1;74.4
42;2021-09-21;343;738;597660;569623;78.2;74.5
42;2021-09-22;472;1382;598132;571005;78.2;74.7
42;2021-09-23;372;907;598504;571912;78.3;74.8
42;2021-09-24;471;1563;598975;573475;78.3;75.0
42;2021-09-25;388;1274;599363;574749;78.4;75.2
42;2021-09-26;61;289;599424;575038;78.4;75.2
42;2021-09-27;331;792;599755;575830;78.4;75.3
42;2021-09-28;342;707;600097;576537;78.5;75.4
42;2021-09-29;405;957;600502;577494;78.5;75.5
42;2021-09-30;358;689;600860;578183;78.6;75.6
42;2021-10-01;487;1018;601347;579201;78.6;75.7
42;2021-10-02;378;779;601725;579980;78.7;75.8
42;2021-10-03;90;176;601815;580156;78.7;75.9
42;2021-10-04;269;523;602084;580679;78.7;75.9
42;2021-10-05;286;465;602370;581144;78.8;76.0
42;2021-10-06;412;798;602782;581942;78.8;76.1
42;2021-10-07;282;573;603064;582515;78.9;76.2
42;2021-10-08;404;838;603468;583353;78.9;76.3
42;2021-10-09;378;670;603846;584023;79.0;76.4
42;2021-10-10;89;112;603935;584135;79.0;76.4
43;2020-12-27;0;0;0;0;0.0;0.0
43;2020-12-28;0;0;0;0;0.0;0.0
43;2020-12-29;0;0;0;0;0.0;0.0
43;2020-12-30;0;0;0;0;0.0;0.0
43;2020-12-31;0;0;0;0;0.0;0.0
43;2021-01-01;0;0;0;0;0.0;0.0
43;2021-01-02;0;0;0;0;0.0;0.0
43;2021-01-03;0;0;0;0;0.0;0.0
43;2021-01-04;2;0;2;0;0.0;0.0
43;2021-01-05;0;0;2;0;0.0;0.0
43;2021-01-06;0;0;2;0;0.0;0.0
43;2021-01-07;167;0;169;0;0.1;0.0
43;2021-01-08;151;1;320;1;0.1;0.0
43;2021-01-09;0;0;320;1;0.1;0.0
43;2021-01-10;0;0;320;1;0.1;0.0
43;2021-01-11;137;0;457;1;0.2;0.0
43;2021-01-12;244;1;701;2;0.3;0.0
43;2021-01-13;244;2;945;4;0.4;0.0
43;2021-01-14;294;2;1239;6;0.5;0.0
43;2021-01-15;303;2;1542;8;0.7;0.0
43;2021-01-16;32;0;1574;8;0.7;0.0
43;2021-01-17;0;0;1574;8;0.7;0.0
43;2021-01-18;760;6;2334;14;1.0;0.0
43;2021-01-19;776;5;3110;19;1.4;0.0
43;2021-01-20;519;2;3629;21;1.6;0.0
43;2021-01-21;447;2;4076;23;1.8;0.0
43;2021-01-22;467;7;4543;30;2.0;0.0
43;2021-01-23;1;0;4544;30;2.0;0.0
43;2021-01-24;2;0;4546;30;2.0;0.0
43;2021-01-25;539;0;5085;30;2.2;0.0
43;2021-01-26;614;6;5699;36;2.5;0.0
43;2021-01-27;740;0;6439;36;2.8;0.0
43;2021-01-28;747;31;7186;67;3.2;0.0
43;2021-01-29;722;84;7908;151;3.5;0.1
43;2021-01-30;109;0;8017;151;3.5;0.1
43;2021-01-31;0;0;8017;151;3.5;0.1
43;2021-02-01;403;101;8420;252;3.7;0.1
43;2021-02-02;717;151;9137;403;4.0;0.2
43;2021-02-03;690;44;9827;447;4.3;0.2
43;2021-02-04;525;170;10352;617;4.6;0.3
43;2021-02-05;544;170;10896;787;4.8;0.3
43;2021-02-06;167;19;11063;806;4.9;0.4
43;2021-02-07;0;0;11063;806;4.9;0.4
43;2021-02-08;411;304;11474;1110;5.1;0.5
43;2021-02-09;368;432;11842;1542;5.2;0.7
43;2021-02-10;401;361;12243;1903;5.4;0.8
43;2021-02-11;388;396;12631;2299;5.6;1.0
43;2021-02-12;425;201;13056;2500;5.8;1.1
43;2021-02-13;570;42;13626;2542;6.0;1.1
43;2021-02-14;0;0;13626;2542;6.0;1.1
43;2021-02-15;69;477;13695;3019;6.0;1.3
43;2021-02-16;41;372;13736;3391;6.1;1.5
43;2021-02-17;87;483;13823;3874;6.1;1.7
43;2021-02-18;147;379;13970;4253;6.2;1.9
43;2021-02-19;278;513;14248;4766;6.3;2.1
43;2021-02-20;22;4;14270;4770;6.3;2.1
43;2021-02-21;0;0;14270;4770;6.3;2.1
43;2021-02-22;16;500;14286;5270;6.3;2.3
43;2021-02-23;202;800;14488;6070;6.4;2.7
43;2021-02-24;147;730;14635;6800;6.4;3.0
43;2021-02-25;228;694;14863;7494;6.6;3.3
43;2021-02-26;222;673;15085;8167;6.6;3.6
43;2021-02-27;139;76;15224;8243;6.7;3.6
43;2021-02-28;1;0;15225;8243;6.7;3.6
43;2021-03-01;210;480;15435;8723;6.8;3.8
43;2021-03-02;342;579;15777;9302;7.0;4.1
43;2021-03-03;338;589;16115;9891;7.1;4.4
43;2021-03-04;551;466;16666;10357;7.3;4.6
43;2021-03-05;566;456;17232;10813;7.6;4.8
43;2021-03-06;489;181;17721;10994;7.8;4.8
43;2021-03-07;12;0;17733;10994;7.8;4.8
43;2021-03-08;447;447;18180;11441;8.0;5.0
43;2021-03-09;621;360;18801;11801;8.3;5.2
43;2021-03-10;674;505;19475;12306;8.6;5.4
43;2021-03-11;955;447;20430;12753;9.0;5.6
43;2021-03-12;944;431;21374;13184;9.4;5.8
43;2021-03-13;792;117;22166;13301;9.8;5.9
43;2021-03-14;2;0;22168;13301;9.8;5.9
43;2021-03-15;706;147;22874;13448;10.1;5.9
43;2021-03-16;847;289;23721;13737;10.5;6.1
43;2021-03-17;638;140;24359;13877;10.7;6.1
43;2021-03-18;676;142;25035;14019;11.0;6.2
43;2021-03-19;839;110;25874;14129;11.4;6.2
43;2021-03-20;450;61;26324;14190;11.6;6.3
43;2021-03-21;0;0;26324;14190;11.6;6.3
43;2021-03-22;742;41;27066;14231;11.9;6.3
43;2021-03-23;872;49;27938;14280;12.3;6.3
43;2021-03-24;1174;97;29112;14377;12.8;6.3
43;2021-03-25;1594;162;30706;14539;13.5;6.4
43;2021-03-26;1609;192;32315;14731;14.2;6.5
43;2021-03-27;1449;79;33764;14810;14.9;6.5
43;2021-03-28;420;20;34184;14830;15.1;6.5
43;2021-03-29;1096;172;35280;15002;15.5;6.6
43;2021-03-30;1314;245;36594;15247;16.1;6.7
43;2021-03-31;1306;267;37900;15514;16.7;6.8
43;2021-04-01;1347;344;39247;15858;17.3;7.0
43;2021-04-02;1052;357;40299;16215;17.8;7.1
43;2021-04-03;340;199;40639;16414;17.9;7.2
43;2021-04-04;0;0;40639;16414;17.9;7.2
43;2021-04-05;3;0;40642;16414;17.9;7.2
43;2021-04-06;687;609;41329;17023;18.2;7.5
43;2021-04-07;868;578;42197;17601;18.6;7.8
43;2021-04-08;1086;463;43283;18064;19.1;8.0
43;2021-04-09;1147;663;44430;18727;19.6;8.3
43;2021-04-10;626;265;45056;18992;19.9;8.4
43;2021-04-11;0;0;45056;18992;19.9;8.4
43;2021-04-12;681;650;45737;19642;20.2;8.7
43;2021-04-13;917;727;46654;20369;20.6;9.0
43;2021-04-14;723;672;47377;21041;20.9;9.3
43;2021-04-15;959;702;48336;21743;21.3;9.6
43;2021-04-16;1008;694;49344;22437;21.7;9.9
43;2021-04-17;423;304;49767;22741;21.9;10.0
43;2021-04-18;3;5;49770;22746;21.9;10.0
43;2021-04-19;628;568;50398;23314;22.2;10.3
43;2021-04-20;839;677;51237;23991;22.6;10.6
43;2021-04-21;320;988;51557;24979;22.7;11.0
43;2021-04-22;680;1017;52237;25996;23.0;11.5
43;2021-04-23;401;1103;52638;27099;23.2;11.9
43;2021-04-24;347;1041;52985;28140;23.4;12.4
43;2021-04-25;23;403;53008;28543;23.4;12.6
43;2021-04-26;385;965;53393;29508;23.5;13.0
43;2021-04-27;825;989;54218;30497;23.9;13.4
43;2021-04-28;794;1110;55012;31607;24.2;13.9
43;2021-04-29;1236;1141;56248;32748;24.8;14.4
43;2021-04-30;1199;1070;57447;33818;25.3;14.9
43;2021-05-01;400;27;57847;33845;25.5;14.9
43;2021-05-02;1;0;57848;33845;25.5;14.9
43;2021-05-03;1218;408;59066;34253;26.0;15.1
43;2021-05-04;1237;958;60303;35211;26.6;15.5
43;2021-05-05;1144;849;61447;36060;27.1;15.9
43;2021-05-06;1405;941;62852;37001;27.7;16.3
43;2021-05-07;1089;1173;63941;38174;28.2;16.8
43;2021-05-08;521;136;64462;38310;28.4;16.9
43;2021-05-09;0;2;64462;38312;28.4;16.9
43;2021-05-10;1084;725;65546;39037;28.9;17.2
43;2021-05-11;1553;1010;67099;40047;29.6;17.6
43;2021-05-12;1482;810;68581;40857;30.2;18.0
43;2021-05-13;936;378;69517;41235;30.6;18.2
43;2021-05-14;2204;1111;71721;42346;31.6;18.7
43;2021-05-15;1271;315;72992;42661;32.2;18.8
43;2021-05-16;272;47;73264;42708;32.3;18.8
43;2021-05-17;1625;631;74889;43339;33.0;19.1
43;2021-05-18;1966;676;76855;44015;33.9;19.4
43;2021-05-19;2065;576;78920;44591;34.8;19.7
43;2021-05-20;2338;805;81258;45396;35.8;20.0
43;2021-05-21;2385;709;83643;46105;36.9;20.3
43;2021-05-22;1208;342;84851;46447;37.4;20.5
43;2021-05-23;1;0;84852;46447;37.4;20.5
43;2021-05-24;382;99;85234;46546;37.6;20.5
43;2021-05-25;1407;654;86641;47200;38.2;20.8
43;2021-05-26;1347;559;87988;47759;38.8;21.0
43;2021-05-27;1388;713;89376;48472;39.4;21.4
43;2021-05-28;1348;735;90724;49207;40.0;21.7
43;2021-05-29;1135;604;91859;49811;40.5;22.0
43;2021-05-30;149;17;92008;49828;40.5;22.0
43;2021-05-31;1207;442;93215;50270;41.1;22.2
43;2021-06-01;1281;986;94496;51256;41.6;22.6
43;2021-06-02;1086;700;95582;51956;42.1;22.9
43;2021-06-03;1192;857;96774;52813;42.7;23.3
43;2021-06-04;1351;860;98125;53673;43.2;23.7
43;2021-06-05;823;454;98948;54127;43.6;23.9
43;2021-06-06;10;5;98958;54132;43.6;23.9
43;2021-06-07;748;518;99706;54650;43.9;24.1
43;2021-06-08;664;706;100370;55356;44.2;24.4
43;2021-06-09;538;760;100908;56116;44.5;24.7
43;2021-06-10;807;1120;101715;57236;44.8;25.2
43;2021-06-11;761;1348;102476;58584;45.2;25.8
43;2021-06-12;914;514;103390;59098;45.6;26.0
43;2021-06-13;3;27;103393;59125;45.6;26.1
43;2021-06-14;446;1087;103839;60212;45.8;26.5
43;2021-06-15;629;1194;104468;61406;46.0;27.1
43;2021-06-16;549;974;105017;62380;46.3;27.5
43;2021-06-17;601;1502;105618;63882;46.5;28.2
43;2021-06-18;898;1464;106516;65346;46.9;28.8
43;2021-06-19;447;781;106963;66127;47.1;29.1
43;2021-06-20;0;12;106963;66139;47.1;29.1
43;2021-06-21;424;1307;107387;67446;47.3;29.7
43;2021-06-22;533;1959;107920;69405;47.6;30.6
43;2021-06-23;343;1743;108263;71148;47.7;31.4
43;2021-06-24;511;1494;108774;72642;47.9;32.0
43;2021-06-25;597;2345;109371;74987;48.2;33.0
43;2021-06-26;505;1245;109876;76232;48.4;33.6
43;2021-06-27;10;20;109886;76252;48.4;33.6
43;2021-06-28;341;1784;110227;78036;48.6;34.4
43;2021-06-29;525;2382;110752;80418;48.8;35.4
43;2021-06-30;460;2276;111212;82694;49.0;36.4
43;2021-07-01;473;1910;111685;84604;49.2;37.3
43;2021-07-02;500;1964;112185;86568;49.4;38.2
43;2021-07-03;258;1108;112443;87676;49.6;38.6
43;2021-07-04;1;0;112444;87676;49.6;38.6
43;2021-07-05;526;1202;112970;88878;49.8;39.2
43;2021-07-06;633;1681;113603;90559;50.1;39.9
43;2021-07-07;524;1423;114127;91982;50.3;40.5
43;2021-07-08;837;1417;114964;93399;50.7;41.2
43;2021-07-09;549;1500;115513;94899;50.9;41.8
43;2021-07-10;401;1337;115914;96236;51.1;42.4
43;2021-07-11;23;99;115937;96335;51.1;42.5
43;2021-07-12;604;1685;116541;98020;51.4;43.2
43;2021-07-13;1186;1849;117727;99869;51.9;44.0
43;2021-07-14;848;161;118575;100030;52.3;44.1
43;2021-07-15;1932;1843;120507;101873;53.1;44.9
43;2021-07-16;1752;1616;122259;103489;53.9;45.6
43;2021-07-17;1544;1202;123803;104691;54.6;46.1
43;2021-07-18;4;19;123807;104710;54.6;46.1
43;2021-07-19;1441;1258;125248;105968;55.2;46.7
43;2021-07-20;1895;1451;127143;107419;56.0;47.3
43;2021-07-21;1854;1113;128997;108532;56.9;47.8
43;2021-07-22;2110;1333;131107;109865;57.8;48.4
43;2021-07-23;1619;1325;132726;111190;58.5;49.0
43;2021-07-24;576;1000;133302;112190;58.7;49.4
43;2021-07-25;0;1;133302;112191;58.7;49.4
43;2021-07-26;1643;1072;134945;113263;59.5;49.9
43;2021-07-27;2284;1228;137229;114491;60.5;50.5
43;2021-07-28;1954;1093;139183;115584;61.3;50.9
43;2021-07-29;1986;1019;141169;116603;62.2;51.4
43;2021-07-30;1867;1339;143036;117942;63.0;52.0
43;2021-07-31;706;611;143742;118553;63.4;52.2
43;2021-08-01;13;21;143755;118574;63.4;52.3
43;2021-08-02;1534;970;145289;119544;64.0;52.7
43;2021-08-03;1405;1170;146694;120714;64.7;53.2
43;2021-08-04;1263;1109;147957;121823;65.2;53.7
43;2021-08-05;1254;1285;149211;123108;65.8;54.3
43;2021-08-06;1129;1466;150340;124574;66.3;54.9
43;2021-08-07;758;759;151098;125333;66.6;55.2
43;2021-08-08;5;0;151103;125333;66.6;55.2
43;2021-08-09;822;1636;151925;126969;67.0;56.0
43;2021-08-10;1023;1585;152948;128554;67.4;56.7
43;2021-08-11;680;1340;153628;129894;67.7;57.2
43;2021-08-12;875;1605;154503;131499;68.1;58.0
43;2021-08-13;681;1179;155184;132678;68.4;58.5
43;2021-08-14;364;557;155548;133235;68.6;58.7
43;2021-08-15;5;9;155553;133244;68.6;58.7
43;2021-08-16;686;1675;156239;134919;68.9;59.5
43;2021-08-17;712;1511;156951;136430;69.2;60.1
43;2021-08-18;558;1513;157509;137943;69.4;60.8
43;2021-08-19;641;1614;158150;139557;69.7;61.5
43;2021-08-20;518;1597;158668;141154;69.9;62.2
43;2021-08-21;239;555;158907;141709;70.0;62.5
43;2021-08-22;7;7;158914;141716;70.0;62.5
43;2021-08-23;500;1588;159414;143304;70.3;63.2
43;2021-08-24;518;1398;159932;144702;70.5;63.8
43;2021-08-25;522;1298;160454;146000;70.7;64.3
43;2021-08-26;475;1138;160929;147138;70.9;64.8
43;2021-08-27;529;1360;161458;148498;71.2;65.4
43;2021-08-28;178;499;161636;148997;71.2;65.7
43;2021-08-29;0;1;161636;148998;71.2;65.7
43;2021-08-30;500;1041;162136;150039;71.5;66.1
43;2021-08-31;382;834;162518;150873;71.6;66.5
43;2021-09-01;309;884;162827;151757;71.8;66.9
43;2021-09-02;311;870;163138;152627;71.9;67.3
43;2021-09-03;503;914;163641;153541;72.1;67.7
43;2021-09-04;319;545;163960;154086;72.3;67.9
43;2021-09-05;39;9;163999;154095;72.3;67.9
43;2021-09-06;250;679;164249;154774;72.4;68.2
43;2021-09-07;237;614;164486;155388;72.5;68.5
43;2021-09-08;207;694;164693;156082;72.6;68.8
43;2021-09-09;268;640;164961;156722;72.7;69.1
43;2021-09-10;329;609;165290;157331;72.8;69.3
43;2021-09-11;267;402;165557;157733;73.0;69.5
43;2021-09-12;0;4;165557;157737;73.0;69.5
43;2021-09-13;148;375;165705;158112;73.0;69.7
43;2021-09-14;211;332;165916;158444;73.1;69.8
43;2021-09-15;224;498;166140;158942;73.2;70.0
43;2021-09-16;196;356;166336;159298;73.3;70.2
43;2021-09-17;234;530;166570;159828;73.4;70.4
43;2021-09-18;157;348;166727;160176;73.5;70.6
43;2021-09-19;2;4;166729;160180;73.5;70.6
43;2021-09-20;102;306;166831;160486;73.5;70.7
43;2021-09-21;149;321;166980;160807;73.6;70.9
43;2021-09-22;124;393;167104;161200;73.6;71.0
43;2021-09-23;71;292;167175;161492;73.7;71.2
43;2021-09-24;170;488;167345;161980;73.8;71.4
43;2021-09-25;101;296;167446;162276;73.8;71.5
43;2021-09-26;0;0;167446;162276;73.8;71.5
43;2021-09-27;152;341;167598;162617;73.9;71.7
43;2021-09-28;388;219;167986;162836;74.0;71.8
43;2021-09-29;145;302;168131;163138;74.1;71.9
43;2021-09-30;79;181;168210;163319;74.1;72.0
43;2021-10-01;139;321;168349;163640;74.2;72.1
43;2021-10-02;102;244;168451;163884;74.2;72.2
43;2021-10-03;3;7;168454;163891;74.2;72.2
43;2021-10-04;113;176;168567;164067;74.3;72.3
43;2021-10-05;108;181;168675;164248;74.3;72.4
43;2021-10-06;121;224;168796;164472;74.4;72.5
43;2021-10-07;54;146;168850;164618;74.4;72.6
43;2021-10-08;165;313;169015;164931;74.5;72.7
43;2021-10-09;101;210;169116;165141;74.5;72.8
43;2021-10-10;1;1;169117;165142;74.5;72.8
44;2020-12-27;1;0;1;0;0.0;0.0
44;2020-12-28;3;0;4;0;0.0;0.0
44;2020-12-29;1;0;5;0;0.0;0.0
44;2020-12-30;2;0;7;0;0.0;0.0
44;2020-12-31;1;0;8;0;0.0;0.0
44;2021-01-01;2;1;10;1;0.0;0.0
44;2021-01-02;0;0;10;1;0.0;0.0
44;2021-01-03;4;0;14;1;0.0;0.0
44;2021-01-04;0;0;14;1;0.0;0.0
44;2021-01-05;2;0;16;1;0.0;0.0
44;2021-01-06;20;1;36;2;0.0;0.0
44;2021-01-07;187;0;223;2;0.0;0.0
44;2021-01-08;528;0;751;2;0.1;0.0
44;2021-01-09;473;0;1224;2;0.1;0.0
44;2021-01-10;456;1;1680;3;0.1;0.0
44;2021-01-11;800;1;2480;4;0.2;0.0
44;2021-01-12;910;3;3390;7;0.2;0.0
44;2021-01-13;1086;1;4476;8;0.3;0.0
44;2021-01-14;1116;6;5592;14;0.4;0.0
44;2021-01-15;998;5;6590;19;0.5;0.0
44;2021-01-16;336;3;6926;22;0.5;0.0
44;2021-01-17;328;1;7254;23;0.5;0.0
44;2021-01-18;856;3;8110;26;0.6;0.0
44;2021-01-19;2625;11;10735;37;0.7;0.0
44;2021-01-20;2746;6;13481;43;0.9;0.0
44;2021-01-21;4538;12;18019;55;1.3;0.0
44;2021-01-22;2431;8;20450;63;1.4;0.0
44;2021-01-23;767;1;21217;64;1.5;0.0
44;2021-01-24;120;0;21337;64;1.5;0.0
44;2021-01-25;840;9;22177;73;1.5;0.0
44;2021-01-26;2563;20;24740;93;1.7;0.0
44;2021-01-27;2103;71;26843;164;1.9;0.0
44;2021-01-28;3732;203;30575;367;2.1;0.0
44;2021-01-29;2370;489;32945;856;2.3;0.1
44;2021-01-30;628;211;33573;1067;2.3;0.1
44;2021-01-31;14;210;33587;1277;2.3;0.1
44;2021-02-01;594;544;34181;1821;2.4;0.1
44;2021-02-02;878;757;35059;2578;2.4;0.2
44;2021-02-03;888;889;35947;3467;2.5;0.2
44;2021-02-04;938;724;36885;4191;2.6;0.3
44;2021-02-05;897;636;37782;4827;2.6;0.3
44;2021-02-06;471;270;38253;5097;2.7;0.4
44;2021-02-07;72;203;38325;5300;2.7;0.4
44;2021-02-08;522;460;38847;5760;2.7;0.4
44;2021-02-09;993;1253;39840;7013;2.8;0.5
44;2021-02-10;1144;1307;40984;8320;2.9;0.6
44;2021-02-11;2292;3075;43276;11395;3.0;0.8
44;2021-02-12;1662;1776;44938;13171;3.1;0.9
44;2021-02-13;433;506;45371;13677;3.2;1.0
44;2021-02-14;10;176;45381;13853;3.2;1.0
44;2021-02-15;505;1097;45886;14950;3.2;1.0
44;2021-02-16;1439;2558;47325;17508;3.3;1.2
44;2021-02-17;1106;2167;48431;19675;3.4;1.4
44;2021-02-18;1959;3717;50390;23392;3.5;1.6
44;2021-02-19;1580;2532;51970;25924;3.6;1.8
44;2021-02-20;409;642;52379;26566;3.6;1.8
44;2021-02-21;6;177;52385;26743;3.6;1.9
44;2021-02-22;717;834;53102;27577;3.7;1.9
44;2021-02-23;1246;1126;54348;28703;3.8;2.0
44;2021-02-24;1238;1098;55586;29801;3.9;2.1
44;2021-02-25;2445;1086;58031;30887;4.0;2.1
44;2021-02-26;2291;962;60322;31849;4.2;2.2
44;2021-02-27;975;451;61297;32300;4.3;2.2
44;2021-02-28;7;32;61304;32332;4.3;2.2
44;2021-03-01;988;563;62292;32895;4.3;2.3
44;2021-03-02;1814;1059;64106;33954;4.5;2.4
44;2021-03-03;1860;1137;65966;35091;4.6;2.4
44;2021-03-04;2882;1588;68848;36679;4.8;2.6
44;2021-03-05;3481;1339;72329;38018;5.0;2.6
44;2021-03-06;2507;497;74836;38515;5.2;2.7
44;2021-03-07;988;90;75824;38605;5.3;2.7
44;2021-03-08;1783;624;77607;39229;5.4;2.7
44;2021-03-09;3352;1150;80959;40379;5.6;2.8
44;2021-03-10;3079;1120;84038;41499;5.8;2.9
44;2021-03-11;4439;1793;88477;43292;6.2;3.0
44;2021-03-12;5893;1321;94370;44613;6.6;3.1
44;2021-03-13;3629;305;97999;44918;6.8;3.1
44;2021-03-14;431;64;98430;44982;6.8;3.1
44;2021-03-15;2687;378;101117;45360;7.0;3.2
44;2021-03-16;2149;631;103266;45991;7.2;3.2
44;2021-03-17;1960;682;105226;46673;7.3;3.2
44;2021-03-18;2168;641;107394;47314;7.5;3.3
44;2021-03-19;3784;371;111178;47685;7.7;3.3
44;2021-03-20;3212;302;114390;47987;8.0;3.3
44;2021-03-21;914;22;115304;48009;8.0;3.3
44;2021-03-22;2462;447;117766;48456;8.2;3.4
44;2021-03-23;3960;708;121726;49164;8.5;3.4
44;2021-03-24;4303;636;126029;49800;8.8;3.5
44;2021-03-25;5636;946;131665;50746;9.2;3.5
44;2021-03-26;6510;773;138175;51519;9.6;3.6
44;2021-03-27;3216;436;141391;51955;9.8;3.6
44;2021-03-28;1244;45;142635;52000;9.9;3.6
44;2021-03-29;3120;792;145755;52792;10.1;3.7
44;2021-03-30;5139;1121;150894;53913;10.5;3.8
44;2021-03-31;4612;1316;155506;55229;10.8;3.8
44;2021-04-01;6140;1023;161646;56252;11.2;3.9
44;2021-04-02;5795;964;167441;57216;11.7;4.0
44;2021-04-03;2435;655;169876;57871;11.8;4.0
44;2021-04-04;667;23;170543;57894;11.9;4.0
44;2021-04-05;692;288;171235;58182;11.9;4.0
44;2021-04-06;4216;1390;175451;59572;12.2;4.1
44;2021-04-07;5076;1654;180527;61226;12.6;4.3
44;2021-04-08;7182;1677;187709;62903;13.1;4.4
44;2021-04-09;10066;1833;197775;64736;13.8;4.5
44;2021-04-10;4563;1460;202338;66196;14.1;4.6
44;2021-04-11;2148;431;204486;66627;14.2;4.6
44;2021-04-12;5463;1594;209949;68221;14.6;4.7
44;2021-04-13;6728;2265;216677;70486;15.1;4.9
44;2021-04-14;5911;2243;222588;72729;15.5;5.1
44;2021-04-15;6709;2223;229297;74952;16.0;5.2
44;2021-04-16;7785;2055;237082;77007;16.5;5.4
44;2021-04-17;4300;1391;241382;78398;16.8;5.5
44;2021-04-18;2253;822;243635;79220;17.0;5.5
44;2021-04-19;5042;1913;248677;81133;17.3;5.6
44;2021-04-20;6282;2649;254959;83782;17.7;5.8
44;2021-04-21;6006;2794;260965;86576;18.2;6.0
44;2021-04-22;6958;2518;267923;89094;18.6;6.2
44;2021-04-23;7335;3190;275258;92284;19.2;6.4
44;2021-04-24;3971;2057;279229;94341;19.4;6.6
44;2021-04-25;2076;1060;281305;95401;19.6;6.6
44;2021-04-26;5648;2765;286953;98166;20.0;6.8
44;2021-04-27;7415;4105;294368;102271;20.5;7.1
44;2021-04-28;7608;3793;301976;106064;21.0;7.4
44;2021-04-29;8964;4286;310940;110350;21.6;7.7
44;2021-04-30;9570;4715;320510;115065;22.3;8.0
44;2021-05-01;2848;928;323358;115993;22.5;8.1
44;2021-05-02;1903;618;325261;116611;22.6;8.1
44;2021-05-03;5548;4084;330809;120695;23.0;8.4
44;2021-05-04;6326;5136;337135;125831;23.5;8.8
44;2021-05-05;6071;4635;343206;130466;23.9;9.1
44;2021-05-06;7255;4884;350461;135350;24.4;9.4
44;2021-05-07;7451;5725;357912;141075;24.9;9.8
44;2021-05-08;2583;1269;360495;142344;25.1;9.9
44;2021-05-09;1801;1812;362296;144156;25.2;10.0
44;2021-05-10;6573;5778;368869;149934;25.7;10.4
44;2021-05-11;7787;6280;376656;156214;26.2;10.9
44;2021-05-12;8195;5723;384851;161937;26.8;11.3
44;2021-05-13;5304;1194;390155;163131;27.1;11.4
44;2021-05-14;7587;3974;397742;167105;27.7;11.6
44;2021-05-15;5008;2234;402750;169339;28.0;11.8
44;2021-05-16;2791;741;405541;170080;28.2;11.8
44;2021-05-17;6744;5148;412285;175228;28.7;12.2
44;2021-05-18;7962;5234;420247;180462;29.2;12.6
44;2021-05-19;8165;4283;428412;184745;29.8;12.9
44;2021-05-20;8367;4650;436779;189395;30.4;13.2
44;2021-05-21;8844;5217;445623;194612;31.0;13.5
44;2021-05-22;5097;2232;450720;196844;31.4;13.7
44;2021-05-23;1759;825;452479;197669;31.5;13.8
44;2021-05-24;4884;1616;457363;199285;31.8;13.9
44;2021-05-25;7740;5552;465103;204837;32.4;14.3
44;2021-05-26;8181;5043;473284;209880;32.9;14.6
44;2021-05-27;9659;5358;482943;215238;33.6;15.0
44;2021-05-28;9181;6912;492124;222150;34.2;15.5
44;2021-05-29;5883;3333;498007;225483;34.7;15.7
44;2021-05-30;1775;705;499782;226188;34.8;15.7
44;2021-05-31;8059;6182;507841;232370;35.3;16.2
44;2021-06-01;9905;6571;517746;238941;36.0;16.6
44;2021-06-02;9534;5700;527280;244641;36.7;17.0
44;2021-06-03;10852;5887;538132;250528;37.4;17.4
44;2021-06-04;9959;8075;548091;258603;38.1;18.0
44;2021-06-05;5780;4344;553871;262947;38.5;18.3
44;2021-06-06;2361;1130;556232;264077;38.7;18.4
44;2021-06-07;9549;6936;565781;271013;39.4;18.9
44;2021-06-08;10907;7509;576688;278522;40.1;19.4
44;2021-06-09;10552;6329;587240;284851;40.9;19.8
44;2021-06-10;11424;6043;598664;290894;41.7;20.2
44;2021-06-11;11959;8647;610623;299541;42.5;20.8
44;2021-06-12;7761;4096;618384;303637;43.0;21.1
44;2021-06-13;2792;1004;621176;304641;43.2;21.2
44;2021-06-14;8761;8415;629937;313056;43.8;21.8
44;2021-06-15;11705;8260;641642;321316;44.6;22.4
44;2021-06-16;10976;7660;652618;328976;45.4;22.9
44;2021-06-17;11726;8685;664344;337661;46.2;23.5
44;2021-06-18;10900;10117;675244;347778;47.0;24.2
44;2021-06-19;5883;4324;681127;352102;47.4;24.5
44;2021-06-20;2535;1339;683662;353441;47.6;24.6
44;2021-06-21;7349;10015;691011;363456;48.1;25.3
44;2021-06-22;8469;10627;699480;374083;48.7;26.0
44;2021-06-23;8554;9139;708034;383222;49.3;26.7
44;2021-06-24;9122;8569;717156;391791;49.9;27.3
44;2021-06-25;7643;10817;724799;402608;50.4;28.0
44;2021-06-26;2958;6470;727757;409078;50.6;28.5
44;2021-06-27;816;2403;728573;411481;50.7;28.6
44;2021-06-28;5229;10056;733802;421537;51.1;29.3
44;2021-06-29;6179;12086;739981;433623;51.5;30.2
44;2021-06-30;6184;10448;746165;444071;51.9;30.9
44;2021-07-01;6930;10483;753095;454554;52.4;31.6
44;2021-07-02;6693;12551;759788;467105;52.9;32.5
44;2021-07-03;2584;7004;762372;474109;53.0;33.0
44;2021-07-04;995;2235;763367;476344;53.1;33.1
44;2021-07-05;5315;11871;768682;488215;53.5;34.0
44;2021-07-06;6058;12599;774740;500814;53.9;34.8
44;2021-07-07;6513;11101;781253;511915;54.4;35.6
44;2021-07-08;7391;11959;788644;523874;54.9;36.5
44;2021-07-09;6259;14253;794903;538127;55.3;37.4
44;2021-07-10;2446;7007;797349;545134;55.5;37.9
44;2021-07-11;731;2262;798080;547396;55.5;38.1
44;2021-07-12;4395;14053;802475;561449;55.8;39.1
44;2021-07-13;5767;14850;808242;576299;56.2;40.1
44;2021-07-14;3688;5809;811930;582108;56.5;40.5
44;2021-07-15;7228;14291;819158;596399;57.0;41.5
44;2021-07-16;8234;14994;827392;611393;57.6;42.5
44;2021-07-17;3371;7578;830763;618971;57.8;43.1
44;2021-07-18;1433;2548;832196;621519;57.9;43.2
44;2021-07-19;4870;14696;837066;636215;58.2;44.3
44;2021-07-20;6034;15672;843100;651887;58.7;45.4
44;2021-07-21;5843;13987;848943;665874;59.1;46.3
44;2021-07-22;6722;13750;855665;679624;59.5;47.3
44;2021-07-23;6160;15636;861825;695260;60.0;48.4
44;2021-07-24;2856;8718;864681;703978;60.2;49.0
44;2021-07-25;945;3088;865626;707066;60.2;49.2
44;2021-07-26;6082;12685;871708;719751;60.7;50.1
44;2021-07-27;9714;12191;881422;731942;61.3;50.9
44;2021-07-28;9262;10847;890684;742789;62.0;51.7
44;2021-07-29;10287;10848;900971;753637;62.7;52.4
44;2021-07-30;9183;10927;910154;764564;63.3;53.2
44;2021-07-31;4791;5652;914945;770216;63.7;53.6
44;2021-08-01;2575;1409;917520;771625;63.8;53.7
44;2021-08-02;6631;9477;924151;781102;64.3;54.4
44;2021-08-03;8467;8537;932618;789639;64.9;54.9
44;2021-08-04;9128;6987;941746;796626;65.5;55.4
44;2021-08-05;11570;7524;953316;804150;66.3;56.0
44;2021-08-06;9700;8202;963016;812352;67.0;56.5
44;2021-08-07;4610;3703;967626;816055;67.3;56.8
44;2021-08-08;2540;1727;970166;817782;67.5;56.9
44;2021-08-09;8907;7980;979073;825762;68.1;57.5
44;2021-08-10;10272;7625;989345;833387;68.8;58.0
44;2021-08-11;10423;6789;999768;840176;69.6;58.5
44;2021-08-12;10421;7347;1010189;847523;70.3;59.0
44;2021-08-13;8465;6166;1018654;853689;70.9;59.4
44;2021-08-14;3233;3222;1021887;856911;71.1;59.6
44;2021-08-15;716;933;1022603;857844;71.2;59.7
44;2021-08-16;5854;8307;1028457;866151;71.6;60.3
44;2021-08-17;5606;8180;1034063;874331;72.0;60.8
44;2021-08-18;4822;7621;1038885;881952;72.3;61.4
44;2021-08-19;4975;8351;1043860;890303;72.6;61.9
44;2021-08-20;4504;8922;1048364;899225;72.9;62.6
44;2021-08-21;1960;4612;1050324;903837;73.1;62.9
44;2021-08-22;712;2441;1051036;906278;73.1;63.1
44;2021-08-23;3677;9434;1054713;915712;73.4;63.7
44;2021-08-24;3643;8698;1058356;924410;73.6;64.3
44;2021-08-25;3147;8587;1061503;932997;73.9;64.9
44;2021-08-26;2969;10339;1064472;943336;74.1;65.6
44;2021-08-27;3084;10452;1067556;953788;74.3;66.4
44;2021-08-28;1386;5849;1068942;959637;74.4;66.8
44;2021-08-29;565;2706;1069507;962343;74.4;67.0
44;2021-08-30;2666;10873;1072173;973216;74.6;67.7
44;2021-08-31;2828;10969;1075001;984185;74.8;68.5
44;2021-09-01;2724;9512;1077725;993697;75.0;69.1
44;2021-09-02;2286;8286;1080011;1001983;75.2;69.7
44;2021-09-03;2164;9700;1082175;1011683;75.3;70.4
44;2021-09-04;1454;5827;1083629;1017510;75.4;70.8
44;2021-09-05;442;1318;1084071;1018828;75.4;70.9
44;2021-09-06;1651;6053;1085722;1024881;75.5;71.3
44;2021-09-07;1486;5206;1087208;1030087;75.7;71.7
44;2021-09-08;1907;6050;1089115;1036137;75.8;72.1
44;2021-09-09;1515;4536;1090630;1040673;75.9;72.4
44;2021-09-10;1845;5891;1092475;1046564;76.0;72.8
44;2021-09-11;1090;3940;1093565;1050504;76.1;73.1
44;2021-09-12;238;813;1093803;1051317;76.1;73.2
44;2021-09-13;1202;3572;1095005;1054889;76.2;73.4
44;2021-09-14;1122;3298;1096127;1058187;76.3;73.6
44;2021-09-15;1452;4489;1097579;1062676;76.4;73.9
44;2021-09-16;993;2381;1098572;1065057;76.4;74.1
44;2021-09-17;1263;3849;1099835;1068906;76.5;74.4
44;2021-09-18;779;3131;1100614;1072037;76.6;74.6
44;2021-09-19;217;703;1100831;1072740;76.6;74.6
44;2021-09-20;920;2206;1101751;1074946;76.7;74.8
44;2021-09-21;750;1869;1102501;1076815;76.7;74.9
44;2021-09-22;940;3547;1103441;1080362;76.8;75.2
44;2021-09-23;832;1933;1104273;1082295;76.8;75.3
44;2021-09-24;1106;2999;1105379;1085294;76.9;75.5
44;2021-09-25;499;2292;1105878;1087586;77.0;75.7
44;2021-09-26;185;487;1106063;1088073;77.0;75.7
44;2021-09-27;770;1788;1106833;1089861;77.0;75.8
44;2021-09-28;659;1676;1107492;1091537;77.1;76.0
44;2021-09-29;965;2508;1108457;1094045;77.1;76.1
44;2021-09-30;723;1518;1109180;1095563;77.2;76.2
44;2021-10-01;918;2273;1110098;1097836;77.2;76.4
44;2021-10-02;476;1321;1110574;1099157;77.3;76.5
44;2021-10-03;219;362;1110793;1099519;77.3;76.5
44;2021-10-04;504;963;1111297;1100482;77.3;76.6
44;2021-10-05;463;966;1111760;1101448;77.4;76.6
44;2021-10-06;718;1530;1112478;1102978;77.4;76.7
44;2021-10-07;580;1071;1113058;1104049;77.4;76.8
44;2021-10-08;846;1551;1113904;1105600;77.5;76.9
44;2021-10-09;413;960;1114317;1106560;77.5;77.0
44;2021-10-10;110;228;1114427;1106788;77.5;77.0
45;2020-12-27;0;0;0;0;0.0;0.0
45;2020-12-28;1;0;1;0;0.0;0.0
45;2020-12-29;0;0;1;0;0.0;0.0
45;2020-12-30;0;0;1;0;0.0;0.0
45;2020-12-31;1;0;2;0;0.0;0.0
45;2021-01-01;0;0;2;0;0.0;0.0
45;2021-01-02;0;0;2;0;0.0;0.0
45;2021-01-03;0;0;2;0;0.0;0.0
45;2021-01-04;0;0;2;0;0.0;0.0
45;2021-01-05;76;0;78;0;0.0;0.0
45;2021-01-06;68;0;146;0;0.0;0.0
45;2021-01-07;216;1;362;1;0.1;0.0
45;2021-01-08;199;1;561;2;0.1;0.0
45;2021-01-09;42;0;603;2;0.1;0.0
45;2021-01-10;23;0;626;2;0.1;0.0
45;2021-01-11;254;0;880;2;0.1;0.0
45;2021-01-12;680;3;1560;5;0.2;0.0
45;2021-01-13;496;2;2056;7;0.3;0.0
45;2021-01-14;494;40;2550;47;0.4;0.0
45;2021-01-15;391;3;2941;50;0.4;0.0
45;2021-01-16;39;1;2980;51;0.4;0.0
45;2021-01-17;24;0;3004;51;0.4;0.0
45;2021-01-18;816;4;3820;55;0.6;0.0
45;2021-01-19;1197;8;5017;63;0.7;0.0
45;2021-01-20;2119;13;7136;76;1.0;0.0
45;2021-01-21;2521;7;9657;83;1.4;0.0
45;2021-01-22;1409;7;11066;90;1.6;0.0
45;2021-01-23;124;0;11190;90;1.6;0.0
45;2021-01-24;39;0;11229;90;1.6;0.0
45;2021-01-25;557;3;11786;93;1.7;0.0
45;2021-01-26;870;19;12656;112;1.9;0.0
45;2021-01-27;650;45;13306;157;1.9;0.0
45;2021-01-28;881;212;14187;369;2.1;0.1
45;2021-01-29;578;124;14765;493;2.2;0.1
45;2021-01-30;40;41;14805;534;2.2;0.1
45;2021-01-31;37;23;14842;557;2.2;0.1
45;2021-02-01;461;205;15303;762;2.2;0.1
45;2021-02-02;761;467;16064;1229;2.4;0.2
45;2021-02-03;773;479;16837;1708;2.5;0.3
45;2021-02-04;715;274;17552;1982;2.6;0.3
45;2021-02-05;418;152;17970;2134;2.6;0.3
45;2021-02-06;39;29;18009;2163;2.6;0.3
45;2021-02-07;7;31;18016;2194;2.6;0.3
45;2021-02-08;455;194;18471;2388;2.7;0.3
45;2021-02-09;1006;411;19477;2799;2.9;0.4
45;2021-02-10;1280;811;20757;3610;3.0;0.5
45;2021-02-11;1385;1527;22142;5137;3.2;0.8
45;2021-02-12;1052;1140;23194;6277;3.4;0.9
45;2021-02-13;85;158;23279;6435;3.4;0.9
45;2021-02-14;40;11;23319;6446;3.4;0.9
45;2021-02-15;524;607;23843;7053;3.5;1.0
45;2021-02-16;758;932;24601;7985;3.6;1.2
45;2021-02-17;642;1046;25243;9031;3.7;1.3
45;2021-02-18;841;849;26084;9880;3.8;1.4
45;2021-02-19;827;761;26911;10641;3.9;1.6
45;2021-02-20;59;94;26970;10735;3.9;1.6
45;2021-02-21;17;44;26987;10779;4.0;1.6
45;2021-02-22;409;632;27396;11411;4.0;1.7
45;2021-02-23;816;790;28212;12201;4.1;1.8
45;2021-02-24;655;917;28867;13118;4.2;1.9
45;2021-02-25;963;781;29830;13899;4.4;2.0
45;2021-02-26;1044;684;30874;14583;4.5;2.1
45;2021-02-27;291;52;31165;14635;4.6;2.1
45;2021-02-28;28;5;31193;14640;4.6;2.1
45;2021-03-01;536;336;31729;14976;4.6;2.2
45;2021-03-02;668;726;32397;15702;4.7;2.3
45;2021-03-03;981;898;33378;16600;4.9;2.4
45;2021-03-04;1108;995;34486;17595;5.1;2.6
45;2021-03-05;1444;874;35930;18469;5.3;2.7
45;2021-03-06;2021;141;37951;18610;5.6;2.7
45;2021-03-07;143;59;38094;18669;5.6;2.7
45;2021-03-08;753;849;38847;19518;5.7;2.9
45;2021-03-09;1256;721;40103;20239;5.9;3.0
45;2021-03-10;1591;906;41694;21145;6.1;3.1
45;2021-03-11;1722;758;43416;21903;6.4;3.2
45;2021-03-12;2072;615;45488;22518;6.7;3.3
45;2021-03-13;988;48;46476;22566;6.8;3.3
45;2021-03-14;24;43;46500;22609;6.8;3.3
45;2021-03-15;810;597;47310;23206;6.9;3.4
45;2021-03-16;942;839;48252;24045;7.1;3.5
45;2021-03-17;1054;689;49306;24734;7.2;3.6
45;2021-03-18;997;585;50303;25319;7.4;3.7
45;2021-03-19;1619;431;51922;25750;7.6;3.8
45;2021-03-20;498;82;52420;25832;7.7;3.8
45;2021-03-21;20;35;52440;25867;7.7;3.8
45;2021-03-22;914;533;53354;26400;7.8;3.9
45;2021-03-23;1985;731;55339;27131;8.1;4.0
45;2021-03-24;1896;556;57235;27687;8.4;4.1
45;2021-03-25;2983;458;60218;28145;8.8;4.1
45;2021-03-26;3390;489;63608;28634;9.3;4.2
45;2021-03-27;1796;126;65404;28760;9.6;4.2
45;2021-03-28;89;40;65493;28800;9.6;4.2
45;2021-03-29;1531;543;67024;29343;9.8;4.3
45;2021-03-30;2785;790;69809;30133;10.2;4.4
45;2021-03-31;2134;586;71943;30719;10.5;4.5
45;2021-04-01;2968;569;74911;31288;11.0;4.6
45;2021-04-02;2827;522;77738;31810;11.4;4.7
45;2021-04-03;810;73;78548;31883;11.5;4.7
45;2021-04-04;113;33;78661;31916;11.5;4.7
45;2021-04-05;15;2;78676;31918;11.5;4.7
45;2021-04-06;1735;798;80411;32716;11.8;4.8
45;2021-04-07;1775;1118;82186;33834;12.0;5.0
45;2021-04-08;2772;1024;84958;34858;12.4;5.1
45;2021-04-09;3676;650;88634;35508;13.0;5.2
45;2021-04-10;2323;120;90957;35628;13.3;5.2
45;2021-04-11;153;25;91110;35653;13.3;5.2
45;2021-04-12;2606;679;93716;36332;13.7;5.3
45;2021-04-13;3848;1096;97564;37428;14.3;5.5
45;2021-04-14;2929;1225;100493;38653;14.7;5.7
45;2021-04-15;3518;1044;104011;39697;15.2;5.8
45;2021-04-16;3775;693;107786;40390;15.8;5.9
45;2021-04-17;1614;116;109400;40506;16.0;5.9
45;2021-04-18;200;43;109600;40549;16.0;5.9
45;2021-04-19;1938;946;111538;41495;16.3;6.1
45;2021-04-20;3074;1701;114612;43196;16.8;6.3
45;2021-04-21;2726;1309;117338;44505;17.2;6.5
45;2021-04-22;3420;1845;120758;46350;17.7;6.8
45;2021-04-23;3278;1788;124036;48138;18.2;7.0
45;2021-04-24;2023;870;126059;49008;18.5;7.2
45;2021-04-25;291;87;126350;49095;18.5;7.2
45;2021-04-26;2228;1165;128578;50260;18.8;7.4
45;2021-04-27;3351;2354;131929;52614;19.3;7.7
45;2021-04-28;2801;1947;134730;54561;19.7;8.0
45;2021-04-29;3854;2346;138584;56907;20.3;8.3
45;2021-04-30;4391;1815;142975;58722;20.9;8.6
45;2021-05-01;451;62;143426;58784;21.0;8.6
45;2021-05-02;627;122;144053;58906;21.1;8.6
45;2021-05-03;2821;994;146874;59900;21.5;8.8
45;2021-05-04;3157;2351;150031;62251;22.0;9.1
45;2021-05-05;2715;2164;152746;64415;22.4;9.4
45;2021-05-06;3330;2543;156076;66958;22.9;9.8
45;2021-05-07;2871;3199;158947;70157;23.3;10.3
45;2021-05-08;613;251;159560;70408;23.4;10.3
45;2021-05-09;1498;133;161058;70541;23.6;10.3
45;2021-05-10;4139;2982;165197;73523;24.2;10.8
45;2021-05-11;5030;2975;170227;76498;24.9;11.2
45;2021-05-12;6078;2785;176305;79283;25.8;11.6
45;2021-05-13;2449;598;178754;79881;26.2;11.7
45;2021-05-14;4965;1633;183719;81514;26.9;11.9
45;2021-05-15;4064;616;187783;82130;27.5;12.0
45;2021-05-16;289;33;188072;82163;27.5;12.0
45;2021-05-17;3359;1539;191431;83702;28.0;12.3
45;2021-05-18;5117;1682;196548;85384;28.8;12.5
45;2021-05-19;4494;2064;201042;87448;29.4;12.8
45;2021-05-20;5268;2142;206310;89590;30.2;13.1
45;2021-05-21;5141;2226;211451;91816;31.0;13.4
45;2021-05-22;3042;632;214493;92448;31.4;13.5
45;2021-05-23;15;94;214508;92542;31.4;13.6
45;2021-05-24;2826;216;217334;92758;31.8;13.6
45;2021-05-25;4961;3034;222295;95792;32.6;14.0
45;2021-05-26;5106;2338;227401;98130;33.3;14.4
45;2021-05-27;5306;3237;232707;101367;34.1;14.8
45;2021-05-28;5665;3593;238372;104960;34.9;15.4
45;2021-05-29;3671;1290;242043;106250;35.4;15.6
45;2021-05-30;33;182;242076;106432;35.4;15.6
45;2021-05-31;4331;2520;246407;108952;36.1;16.0
45;2021-06-01;6090;3007;252497;111959;37.0;16.4
45;2021-06-02;4937;3108;257434;115067;37.7;16.9
45;2021-06-03;5615;3207;263049;118274;38.5;17.3
45;2021-06-04;5895;3186;268944;121460;39.4;17.8
45;2021-06-05;2035;1338;270979;122798;39.7;18.0
45;2021-06-06;88;198;271067;122996;39.7;18.0
45;2021-06-07;4081;2724;275148;125720;40.3;18.4
45;2021-06-08;4646;4080;279794;129800;41.0;19.0
45;2021-06-09;4356;3345;284150;133145;41.6;19.5
45;2021-06-10;4646;2687;288796;135832;42.3;19.9
45;2021-06-11;4121;3669;292917;139501;42.9;20.4
45;2021-06-12;2440;1507;295357;141008;43.3;20.6
45;2021-06-13;21;424;295378;141432;43.3;20.7
45;2021-06-14;3142;4157;298520;145589;43.7;21.3
45;2021-06-15;3388;4325;301908;149914;44.2;22.0
45;2021-06-16;3906;3455;305814;153369;44.8;22.5
45;2021-06-17;3523;3539;309337;156908;45.3;23.0
45;2021-06-18;3799;5028;313136;161936;45.9;23.7
45;2021-06-19;2393;1761;315529;163697;46.2;24.0
45;2021-06-20;48;142;315577;163839;46.2;24.0
45;2021-06-21;2164;5851;317741;169690;46.5;24.8
45;2021-06-22;2417;6529;320158;176219;46.9;25.8
45;2021-06-23;2282;5600;322440;181819;47.2;26.6
45;2021-06-24;2136;3531;324576;185350;47.5;27.1
45;2021-06-25;2444;6446;327020;191796;47.9;28.1
45;2021-06-26;1948;3094;328968;194890;48.2;28.5
45;2021-06-27;53;138;329021;195028;48.2;28.6
45;2021-06-28;2083;4835;331104;199863;48.5;29.3
45;2021-06-29;2847;6817;333951;206680;48.9;30.3
45;2021-06-30;2888;5854;336839;212534;49.3;31.1
45;2021-07-01;2398;5039;339237;217573;49.7;31.9
45;2021-07-02;2378;6284;341615;223857;50.0;32.8
45;2021-07-03;754;2540;342369;226397;50.1;33.2
45;2021-07-04;6;12;342375;226409;50.1;33.2
45;2021-07-05;2143;4992;344518;231401;50.4;33.9
45;2021-07-06;2806;6776;347324;238177;50.9;34.9
45;2021-07-07;2447;6064;349771;244241;51.2;35.8
45;2021-07-08;2826;5377;352597;249618;51.6;36.6
45;2021-07-09;2155;6986;354752;256604;51.9;37.6
45;2021-07-10;1552;3862;356304;260466;52.2;38.1
45;2021-07-11;24;31;356328;260497;52.2;38.1
45;2021-07-12;1591;5996;357919;266493;52.4;39.0
45;2021-07-13;3042;8236;360961;274729;52.9;40.2
45;2021-07-14;1480;1520;362441;276249;53.1;40.5
45;2021-07-15;3734;7291;366175;283540;53.6;41.5
45;2021-07-16;3255;7447;369430;290987;54.1;42.6
45;2021-07-17;1285;2332;370715;293319;54.3;43.0
45;2021-07-18;15;19;370730;293338;54.3;43.0
45;2021-07-19;1870;5936;372600;299274;54.6;43.8
45;2021-07-20;4756;6904;377356;306178;55.3;44.8
45;2021-07-21;5176;5480;382532;311658;56.0;45.6
45;2021-07-22;6179;4904;388711;316562;56.9;46.4
45;2021-07-23;4260;5481;392971;322043;57.5;47.2
45;2021-07-24;1863;2824;394834;324867;57.8;47.6
45;2021-07-25;5;14;394839;324881;57.8;47.6
45;2021-07-26;2913;4985;397752;329866;58.2;48.3
45;2021-07-27;5464;5084;403216;334950;59.0;49.0
45;2021-07-28;4989;4181;408205;339131;59.8;49.7
45;2021-07-29;5280;3257;413485;342388;60.5;50.1
45;2021-07-30;4761;4708;418246;347096;61.2;50.8
45;2021-07-31;849;1950;419095;349046;61.4;51.1
45;2021-08-01;2;4;419097;349050;61.4;51.1
45;2021-08-02;3640;3245;422737;352295;61.9;51.6
45;2021-08-03;4877;3011;427614;355306;62.6;52.0
45;2021-08-04;3744;2235;431358;357541;63.2;52.4
45;2021-08-05;3327;2641;434685;360182;63.7;52.7
45;2021-08-06;3747;3271;438432;363453;64.2;53.2
45;2021-08-07;1680;1050;440112;364503;64.4;53.4
45;2021-08-08;9;18;440121;364521;64.4;53.4
45;2021-08-09;2627;3015;442748;367536;64.8;53.8
45;2021-08-10;3517;3807;446265;371343;65.3;54.4
45;2021-08-11;2701;3721;448966;375064;65.7;54.9
45;2021-08-12;2093;3430;451059;378494;66.1;55.4
45;2021-08-13;1743;4224;452802;382718;66.3;56.0
45;2021-08-14;681;956;453483;383674;66.4;56.2
45;2021-08-15;62;31;453545;383705;66.4;56.2
45;2021-08-16;1159;2319;454704;386024;66.6;56.5
45;2021-08-17;1858;3448;456562;389472;66.9;57.0
45;2021-08-18;1782;4050;458344;393522;67.1;57.6
45;2021-08-19;1445;4268;459789;397790;67.3;58.3
45;2021-08-20;1424;3680;461213;401470;67.5;58.8
45;2021-08-21;905;1154;462118;402624;67.7;59.0
45;2021-08-22;4;8;462122;402632;67.7;59.0
45;2021-08-23;1333;4245;463455;406877;67.9;59.6
45;2021-08-24;1736;4522;465191;411399;68.1;60.2
45;2021-08-25;1585;3726;466776;415125;68.4;60.8
45;2021-08-26;1010;3450;467786;418575;68.5;61.3
45;2021-08-27;1432;4982;469218;423557;68.7;62.0
45;2021-08-28;878;2029;470096;425586;68.8;62.3
45;2021-08-29;100;38;470196;425624;68.9;62.3
45;2021-08-30;1222;4040;471418;429664;69.0;62.9
45;2021-08-31;1077;4391;472495;434055;69.2;63.6
45;2021-09-01;1105;3383;473600;437438;69.4;64.1
45;2021-09-02;925;3116;474525;440554;69.5;64.5
45;2021-09-03;1090;3595;475615;444149;69.6;65.0
45;2021-09-04;495;1261;476110;445410;69.7;65.2
45;2021-09-05;1;16;476111;445426;69.7;65.2
45;2021-09-06;885;2359;476996;447785;69.8;65.6
45;2021-09-07;712;1725;477708;449510;70.0;65.8
45;2021-09-08;859;2218;478567;451728;70.1;66.1
45;2021-09-09;799;1443;479366;453171;70.2;66.4
45;2021-09-10;787;1606;480153;454777;70.3;66.6
45;2021-09-11;442;1520;480595;456297;70.4;66.8
45;2021-09-12;372;161;480967;456458;70.4;66.8
45;2021-09-13;437;972;481404;457430;70.5;67.0
45;2021-09-14;758;1439;482162;458869;70.6;67.2
45;2021-09-15;800;1829;482962;460698;70.7;67.5
45;2021-09-16;805;962;483767;461660;70.8;67.6
45;2021-09-17;766;1655;484533;463315;71.0;67.8
45;2021-09-18;483;991;485016;464306;71.0;68.0
45;2021-09-19;2;29;485018;464335;71.0;68.0
45;2021-09-20;412;980;485430;465315;71.1;68.1
45;2021-09-21;446;749;485876;466064;71.1;68.2
45;2021-09-22;439;1702;486315;467766;71.2;68.5
45;2021-09-23;528;839;486843;468605;71.3;68.6
45;2021-09-24;578;1375;487421;469980;71.4;68.8
45;2021-09-25;350;782;487771;470762;71.4;68.9
45;2021-09-26;2;11;487773;470773;71.4;68.9
45;2021-09-27;435;757;488208;471530;71.5;69.0
45;2021-09-28;450;754;488658;472284;71.6;69.2
45;2021-09-29;477;968;489135;473252;71.6;69.3
45;2021-09-30;357;823;489492;474075;71.7;69.4
45;2021-10-01;317;767;489809;474842;71.7;69.5
45;2021-10-02;293;545;490102;475387;71.8;69.6
45;2021-10-03;98;369;490200;475756;71.8;69.7
45;2021-10-04;219;341;490419;476097;71.8;69.7
45;2021-10-05;347;655;490766;476752;71.9;69.8
45;2021-10-06;435;719;491201;477471;71.9;69.9
45;2021-10-07;282;760;491483;478231;72.0;70.0
45;2021-10-08;342;667;491825;478898;72.0;70.1
45;2021-10-09;415;720;492240;479618;72.1;70.2
45;2021-10-10;4;7;492244;479625;72.1;70.2
46;2020-12-27;4;0;4;0;0.0;0.0
46;2020-12-28;0;0;4;0;0.0;0.0
46;2020-12-29;0;0;4;0;0.0;0.0
46;2020-12-30;0;0;4;0;0.0;0.0
46;2020-12-31;0;0;4;0;0.0;0.0
46;2021-01-01;0;0;4;0;0.0;0.0
46;2021-01-02;0;0;4;0;0.0;0.0
46;2021-01-03;1;0;5;0;0.0;0.0
46;2021-01-04;0;0;5;0;0.0;0.0
46;2021-01-05;0;0;5;0;0.0;0.0
46;2021-01-06;3;0;8;0;0.0;0.0
46;2021-01-07;135;1;143;1;0.1;0.0
46;2021-01-08;181;0;324;1;0.2;0.0
46;2021-01-09;1;0;325;1;0.2;0.0
46;2021-01-10;2;0;327;1;0.2;0.0
46;2021-01-11;118;0;445;1;0.3;0.0
46;2021-01-12;141;0;586;1;0.3;0.0
46;2021-01-13;235;2;821;3;0.5;0.0
46;2021-01-14;244;3;1065;6;0.6;0.0
46;2021-01-15;306;2;1371;8;0.8;0.0
46;2021-01-16;18;0;1389;8;0.8;0.0
46;2021-01-17;0;0;1389;8;0.8;0.0
46;2021-01-18;276;3;1665;11;1.0;0.0
46;2021-01-19;390;1;2055;12;1.2;0.0
46;2021-01-20;939;3;2994;15;1.7;0.0
46;2021-01-21;997;1;3991;16;2.3;0.0
46;2021-01-22;391;2;4382;18;2.5;0.0
46;2021-01-23;0;0;4382;18;2.5;0.0
46;2021-01-24;0;0;4382;18;2.5;0.0
46;2021-01-25;204;2;4586;20;2.6;0.0
46;2021-01-26;264;1;4850;21;2.8;0.0
46;2021-01-27;276;0;5126;21;3.0;0.0
46;2021-01-28;279;43;5405;64;3.1;0.0
46;2021-01-29;233;91;5638;155;3.3;0.1
46;2021-01-30;1;0;5639;155;3.3;0.1
46;2021-01-31;1;0;5640;155;3.3;0.1
46;2021-02-01;234;173;5874;328;3.4;0.2
46;2021-02-02;210;238;6084;566;3.5;0.3
46;2021-02-03;227;97;6311;663;3.6;0.4
46;2021-02-04;372;86;6683;749;3.9;0.4
46;2021-02-05;226;177;6909;926;4.0;0.5
46;2021-02-06;9;0;6918;926;4.0;0.5
46;2021-02-07;43;0;6961;926;4.0;0.5
46;2021-02-08;197;156;7158;1082;4.1;0.6
46;2021-02-09;271;225;7429;1307;4.3;0.8
46;2021-02-10;280;546;7709;1853;4.5;1.1
46;2021-02-11;655;557;8364;2410;4.8;1.4
46;2021-02-12;324;342;8688;2752;5.0;1.6
46;2021-02-13;2;0;8690;2752;5.0;1.6
46;2021-02-14;0;62;8690;2814;5.0;1.6
46;2021-02-15;195;293;8885;3107;5.1;1.8
46;2021-02-16;217;284;9102;3391;5.3;2.0
46;2021-02-17;201;328;9303;3719;5.4;2.1
46;2021-02-18;337;267;9640;3986;5.6;2.3
46;2021-02-19;277;234;9917;4220;5.7;2.4
46;2021-02-20;0;0;9917;4220;5.7;2.4
46;2021-02-21;1;0;9918;4220;5.7;2.4
46;2021-02-22;131;193;10049;4413;5.8;2.5
46;2021-02-23;225;169;10274;4582;5.9;2.6
46;2021-02-24;179;324;10453;4906;6.0;2.8
46;2021-02-25;247;341;10700;5247;6.2;3.0
46;2021-02-26;403;344;11103;5591;6.4;3.2
46;2021-02-27;120;1;11223;5592;6.5;3.2
46;2021-02-28;0;3;11223;5595;6.5;3.2
46;2021-03-01;169;181;11392;5776;6.6;3.3
46;2021-03-02;406;233;11798;6009;6.8;3.5
46;2021-03-03;460;331;12258;6340;7.1;3.7
46;2021-03-04;607;456;12865;6796;7.4;3.9
46;2021-03-05;808;365;13673;7161;7.9;4.1
46;2021-03-06;476;17;14149;7178;8.2;4.1
46;2021-03-07;101;19;14250;7197;8.2;4.2
46;2021-03-08;348;249;14598;7446;8.4;4.3
46;2021-03-09;746;271;15344;7717;8.9;4.5
46;2021-03-10;686;248;16030;7965;9.3;4.6
46;2021-03-11;851;257;16881;8222;9.7;4.7
46;2021-03-12;927;228;17808;8450;10.3;4.9
46;2021-03-13;512;4;18320;8454;10.6;4.9
46;2021-03-14;0;0;18320;8454;10.6;4.9
46;2021-03-15;505;166;18825;8620;10.9;5.0
46;2021-03-16;752;174;19577;8794;11.3;5.1
46;2021-03-17;674;207;20251;9001;11.7;5.2
46;2021-03-18;758;216;21009;9217;12.1;5.3
46;2021-03-19;811;153;21820;9370;12.6;5.4
46;2021-03-20;294;5;22114;9375;12.8;5.4
46;2021-03-21;2;0;22116;9375;12.8;5.4
46;2021-03-22;555;241;22671;9616;13.1;5.6
46;2021-03-23;702;212;23373;9828;13.5;5.7
46;2021-03-24;673;240;24046;10068;13.9;5.8
46;2021-03-25;1135;186;25181;10254;14.5;5.9
46;2021-03-26;1023;342;26204;10596;15.1;6.1
46;2021-03-27;420;73;26624;10669;15.4;6.2
46;2021-03-28;127;1;26751;10670;15.4;6.2
46;2021-03-29;733;253;27484;10923;15.9;6.3
46;2021-03-30;767;365;28251;11288;16.3;6.5
46;2021-03-31;865;421;29116;11709;16.8;6.8
46;2021-04-01;1172;351;30288;12060;17.5;7.0
46;2021-04-02;922;396;31210;12456;18.0;7.2
46;2021-04-03;167;166;31377;12622;18.1;7.3
46;2021-04-04;0;71;31377;12693;18.1;7.3
46;2021-04-05;3;0;31380;12693;18.1;7.3
46;2021-04-06;544;517;31924;13210;18.4;7.6
46;2021-04-07;784;647;32708;13857;18.9;8.0
46;2021-04-08;960;542;33668;14399;19.4;8.3
46;2021-04-09;1018;506;34686;14905;20.0;8.6
46;2021-04-10;506;211;35192;15116;20.3;8.7
46;2021-04-11;232;1;35424;15117;20.5;8.7
46;2021-04-12;845;547;36269;15664;20.9;9.0
46;2021-04-13;1186;721;37455;16385;21.6;9.5
46;2021-04-14;1533;615;38988;17000;22.5;9.8
46;2021-04-15;1504;665;40492;17665;23.4;10.2
46;2021-04-16;1584;566;42076;18231;24.3;10.5
46;2021-04-17;995;137;43071;18368;24.9;10.6
46;2021-04-18;517;10;43588;18378;25.2;10.6
46;2021-04-19;1070;573;44658;18951;25.8;10.9
46;2021-04-20;1229;734;45887;19685;26.5;11.4
46;2021-04-21;1230;714;47117;20399;27.2;11.8
46;2021-04-22;1391;730;48508;21129;28.0;12.2
46;2021-04-23;1132;733;49640;21862;28.7;12.6
46;2021-04-24;472;19;50112;21881;28.9;12.6
46;2021-04-25;351;11;50463;21892;29.1;12.6
46;2021-04-26;852;730;51315;22622;29.6;13.1
46;2021-04-27;1221;668;52536;23290;30.3;13.4
46;2021-04-28;1289;669;53825;23959;31.1;13.8
46;2021-04-29;1417;527;55242;24486;31.9;14.1
46;2021-04-30;1438;569;56680;25055;32.7;14.5
46;2021-05-01;697;74;57377;25129;33.1;14.5
46;2021-05-02;346;4;57723;25133;33.3;14.5
46;2021-05-03;853;570;58576;25703;33.8;14.8
46;2021-05-04;1037;1063;59613;26766;34.4;15.5
46;2021-05-05;1374;789;60987;27555;35.2;15.9
46;2021-05-06;1377;743;62364;28298;36.0;16.3
46;2021-05-07;1396;791;63760;29089;36.8;16.8
46;2021-05-08;280;412;64040;29501;37.0;17.0
46;2021-05-09;23;225;64063;29726;37.0;17.2
46;2021-05-10;515;1137;64578;30863;37.3;17.8
46;2021-05-11;1031;1256;65609;32119;37.9;18.5
46;2021-05-12;993;1564;66602;33683;38.5;19.5
46;2021-05-13;598;143;67200;33826;38.8;19.5
46;2021-05-14;958;1097;68158;34923;39.4;20.2
46;2021-05-15;254;654;68412;35577;39.5;20.5
46;2021-05-16;77;297;68489;35874;39.6;20.7
46;2021-05-17;652;960;69141;36834;39.9;21.3
46;2021-05-18;1402;1024;70543;37858;40.7;21.9
46;2021-05-19;1305;904;71848;38762;41.5;22.4
46;2021-05-20;1453;813;73301;39575;42.3;22.9
46;2021-05-21;997;1158;74298;40733;42.9;23.5
46;2021-05-22;146;369;74444;41102;43.0;23.7
46;2021-05-23;451;26;74895;41128;43.3;23.8
46;2021-05-24;411;113;75306;41241;43.5;23.8
46;2021-05-25;960;1333;76266;42574;44.0;24.6
46;2021-05-26;1237;1149;77503;43723;44.8;25.2
46;2021-05-27;1432;1195;78935;44918;45.6;25.9
46;2021-05-28;1428;1211;80363;46129;46.4;26.6
46;2021-05-29;1049;397;81412;46526;47.0;26.9
46;2021-05-30;409;39;81821;46565;47.3;26.9
46;2021-05-31;968;976;82789;47541;47.8;27.5
46;2021-06-01;1277;999;84066;48540;48.5;28.0
46;2021-06-02;1319;1116;85385;49656;49.3;28.7
46;2021-06-03;1415;1012;86800;50668;50.1;29.3
46;2021-06-04;1329;977;88129;51645;50.9;29.8
46;2021-06-05;381;414;88510;52059;51.1;30.1
46;2021-06-06;209;96;88719;52155;51.2;30.1
46;2021-06-07;814;617;89533;52772;51.7;30.5
46;2021-06-08;1020;896;90553;53668;52.3;31.0
46;2021-06-09;1504;974;92057;54642;53.2;31.6
46;2021-06-10;981;852;93038;55494;53.7;32.0
46;2021-06-11;969;1322;94007;56816;54.3;32.8
46;2021-06-12;459;549;94466;57365;54.6;33.1
46;2021-06-13;27;86;94493;57451;54.6;33.2
46;2021-06-14;593;1138;95086;58589;54.9;33.8
46;2021-06-15;751;1246;95837;59835;55.3;34.6
46;2021-06-16;1002;1113;96839;60948;55.9;35.2
46;2021-06-17;527;897;97366;61845;56.2;35.7
46;2021-06-18;656;1253;98022;63098;56.6;36.4
46;2021-06-19;457;313;98479;63411;56.9;36.6
46;2021-06-20;39;161;98518;63572;56.9;36.7
46;2021-06-21;429;946;98947;64518;57.1;37.3
46;2021-06-22;350;1177;99297;65695;57.3;37.9
46;2021-06-23;519;1074;99816;66769;57.6;38.6
46;2021-06-24;251;820;100067;67589;57.8;39.0
46;2021-06-25;491;1118;100558;68707;58.1;39.7
46;2021-06-26;398;553;100956;69260;58.3;40.0
46;2021-06-27;3;4;100959;69264;58.3;40.0
46;2021-06-28;315;1341;101274;70605;58.5;40.8
46;2021-06-29;375;1680;101649;72285;58.7;41.7
46;2021-06-30;510;1577;102159;73862;59.0;42.7
46;2021-07-01;487;1153;102646;75015;59.3;43.3
46;2021-07-02;455;1087;103101;76102;59.5;43.9
46;2021-07-03;120;454;103221;76556;59.6;44.2
46;2021-07-04;57;127;103278;76683;59.6;44.3
46;2021-07-05;347;1186;103625;77869;59.8;45.0
46;2021-07-06;449;1457;104074;79326;60.1;45.8
46;2021-07-07;583;1728;104657;81054;60.4;46.8
46;2021-07-08;340;1164;104997;82218;60.6;47.5
46;2021-07-09;395;1706;105392;83924;60.9;48.5
46;2021-07-10;285;1039;105677;84963;61.0;49.1
46;2021-07-11;15;375;105692;85338;61.0;49.3
46;2021-07-12;248;1259;105940;86597;61.2;50.0
46;2021-07-13;626;1670;106566;88267;61.5;51.0
46;2021-07-14;73;144;106639;88411;61.6;51.1
46;2021-07-15;917;1464;107556;89875;62.1;51.9
46;2021-07-16;766;1394;108322;91269;62.6;52.7
46;2021-07-17;364;539;108686;91808;62.8;53.0
46;2021-07-18;2;0;108688;91808;62.8;53.0
46;2021-07-19;729;1188;109417;92996;63.2;53.7
46;2021-07-20;983;1438;110400;94434;63.8;54.5
46;2021-07-21;1001;1379;111401;95813;64.3;55.3
46;2021-07-22;1404;1118;112805;96931;65.1;56.0
46;2021-07-23;768;1322;113573;98253;65.6;56.7
46;2021-07-24;957;665;114530;98918;66.1;57.1
46;2021-07-25;136;17;114666;98935;66.2;57.1
46;2021-07-26;881;878;115547;99813;66.7;57.6
46;2021-07-27;1220;978;116767;100791;67.4;58.2
46;2021-07-28;1284;1114;118051;101905;68.2;58.8
46;2021-07-29;1580;849;119631;102754;69.1;59.3
46;2021-07-30;1933;956;121564;103710;70.2;59.9
46;2021-07-31;958;662;122522;104372;70.8;60.3
46;2021-08-01;12;3;122534;104375;70.8;60.3
46;2021-08-02;974;591;123508;104966;71.3;60.6
46;2021-08-03;1365;679;124873;105645;72.1;61.0
46;2021-08-04;1735;586;126608;106231;73.1;61.3
46;2021-08-05;1382;842;127990;107073;73.9;61.8
46;2021-08-06;1422;848;129412;107921;74.7;62.3
46;2021-08-07;707;544;130119;108465;75.1;62.6
46;2021-08-08;152;66;130271;108531;75.2;62.7
46;2021-08-09;1018;694;131289;109225;75.8;63.1
46;2021-08-10;1206;892;132495;110117;76.5;63.6
46;2021-08-11;1260;1064;133755;111181;77.2;64.2
46;2021-08-12;990;800;134745;111981;77.8;64.7
46;2021-08-13;953;1005;135698;112986;78.4;65.2
46;2021-08-14;588;774;136286;113760;78.7;65.7
46;2021-08-15;8;27;136294;113787;78.7;65.7
46;2021-08-16;795;811;137089;114598;79.2;66.2
46;2021-08-17;889;1288;137978;115886;79.7;66.9
46;2021-08-18;769;1051;138747;116937;80.1;67.5
46;2021-08-19;673;1362;139420;118299;80.5;68.3
46;2021-08-20;520;1557;139940;119856;80.8;69.2
46;2021-08-21;378;649;140318;120505;81.0;69.6
46;2021-08-22;2;31;140320;120536;81.0;69.6
46;2021-08-23;424;1204;140744;121740;81.3;70.3
46;2021-08-24;554;1338;141298;123078;81.6;71.1
46;2021-08-25;530;1398;141828;124476;81.9;71.9
46;2021-08-26;392;1095;142220;125571;82.1;72.5
46;2021-08-27;436;1912;142656;127483;82.4;73.6
46;2021-08-28;272;652;142928;128135;82.5;74.0
46;2021-08-29;5;11;142933;128146;82.5;74.0
46;2021-08-30;295;1112;143228;129258;82.7;74.6
46;2021-08-31;340;1239;143568;130497;82.9;75.4
46;2021-09-01;393;1083;143961;131580;83.1;76.0
46;2021-09-02;271;963;144232;132543;83.3;76.5
46;2021-09-03;322;1155;144554;133698;83.5;77.2
46;2021-09-04;188;635;144742;134333;83.6;77.6
46;2021-09-05;8;15;144750;134348;83.6;77.6
46;2021-09-06;219;655;144969;135003;83.7;78.0
46;2021-09-07;252;683;145221;135686;83.9;78.4
46;2021-09-08;277;798;145498;136484;84.0;78.8
46;2021-09-09;201;530;145699;137014;84.1;79.1
46;2021-09-10;277;851;145976;137865;84.3;79.6
46;2021-09-11;150;354;146126;138219;84.4;79.8
46;2021-09-12;8;22;146134;138241;84.4;79.8
46;2021-09-13;178;503;146312;138744;84.5;80.1
46;2021-09-14;266;403;146578;139147;84.6;80.4
46;2021-09-15;257;677;146835;139824;84.8;80.7
46;2021-09-16;132;265;146967;140089;84.9;80.9
46;2021-09-17;234;555;147201;140644;85.0;81.2
46;2021-09-18;101;364;147302;141008;85.1;81.4
46;2021-09-19;3;9;147305;141017;85.1;81.4
46;2021-09-20;69;350;147374;141367;85.1;81.6
46;2021-09-21;70;237;147444;141604;85.1;81.8
46;2021-09-22;128;482;147572;142086;85.2;82.1
46;2021-09-23;83;225;147655;142311;85.3;82.2
46;2021-09-24;76;400;147731;142711;85.3;82.4
46;2021-09-25;69;221;147800;142932;85.4;82.5
46;2021-09-26;3;8;147803;142940;85.4;82.5
46;2021-09-27;76;229;147879;143169;85.4;82.7
46;2021-09-28;48;225;147927;143394;85.4;82.8
46;2021-09-29;84;291;148011;143685;85.5;83.0
46;2021-09-30;63;146;148074;143831;85.5;83.1
46;2021-10-01;101;296;148175;144127;85.6;83.2
46;2021-10-02;80;191;148255;144318;85.6;83.3
46;2021-10-03;0;0;148255;144318;85.6;83.3
46;2021-10-04;63;188;148318;144506;85.7;83.4
46;2021-10-05;66;220;148384;144726;85.7;83.6
46;2021-10-06;72;219;148456;144945;85.7;83.7
46;2021-10-07;61;177;148517;145122;85.8;83.8
46;2021-10-08;123;266;148640;145388;85.8;84.0
46;2021-10-09;71;139;148711;145527;85.9;84.0
46;2021-10-10;4;7;148715;145534;85.9;84.0
47;2020-12-27;0;0;0;0;0.0;0.0
47;2020-12-28;0;0;0;0;0.0;0.0
47;2020-12-29;0;0;0;0;0.0;0.0
47;2020-12-30;0;0;0;0;0.0;0.0
47;2020-12-31;0;0;0;0;0.0;0.0
47;2021-01-01;4;0;4;0;0.0;0.0
47;2021-01-02;0;0;4;0;0.0;0.0
47;2021-01-03;0;0;4;0;0.0;0.0
47;2021-01-04;0;0;4;0;0.0;0.0
47;2021-01-05;1;0;5;0;0.0;0.0
47;2021-01-06;0;0;5;0;0.0;0.0
47;2021-01-07;71;1;76;1;0.0;0.0
47;2021-01-08;314;0;390;1;0.1;0.0
47;2021-01-09;113;0;503;1;0.2;0.0
47;2021-01-10;0;0;503;1;0.2;0.0
47;2021-01-11;249;1;752;2;0.2;0.0
47;2021-01-12;327;0;1079;2;0.3;0.0
47;2021-01-13;349;0;1428;2;0.4;0.0
47;2021-01-14;370;4;1798;6;0.5;0.0
47;2021-01-15;287;2;2085;8;0.6;0.0
47;2021-01-16;176;4;2261;12;0.7;0.0
47;2021-01-17;0;0;2261;12;0.7;0.0
47;2021-01-18;487;2;2748;14;0.8;0.0
47;2021-01-19;469;3;3217;17;1.0;0.0
47;2021-01-20;517;1;3734;18;1.1;0.0
47;2021-01-21;586;1;4320;19;1.3;0.0
47;2021-01-22;471;1;4791;20;1.5;0.0
47;2021-01-23;390;0;5181;20;1.6;0.0
47;2021-01-24;0;0;5181;20;1.6;0.0
47;2021-01-25;434;0;5615;20;1.7;0.0
47;2021-01-26;792;7;6407;27;1.9;0.0
47;2021-01-27;731;1;7138;28;2.2;0.0
47;2021-01-28;575;67;7713;95;2.3;0.0
47;2021-01-29;461;170;8174;265;2.5;0.1
47;2021-01-30;301;39;8475;304;2.6;0.1
47;2021-01-31;0;0;8475;304;2.6;0.1
47;2021-02-01;372;117;8847;421;2.7;0.1
47;2021-02-02;759;316;9606;737;2.9;0.2
47;2021-02-03;426;163;10032;900;3.0;0.3
47;2021-02-04;370;317;10402;1217;3.1;0.4
47;2021-02-05;300;309;10702;1526;3.2;0.5
47;2021-02-06;296;99;10998;1625;3.3;0.5
47;2021-02-07;0;0;10998;1625;3.3;0.5
47;2021-02-08;183;285;11181;1910;3.4;0.6
47;2021-02-09;232;258;11413;2168;3.5;0.7
47;2021-02-10;254;245;11667;2413;3.5;0.7
47;2021-02-11;356;378;12023;2791;3.6;0.8
47;2021-02-12;243;412;12266;3203;3.7;1.0
47;2021-02-13;226;111;12492;3314;3.8;1.0
47;2021-02-14;0;0;12492;3314;3.8;1.0
47;2021-02-15;194;382;12686;3696;3.8;1.1
47;2021-02-16;303;588;12989;4284;3.9;1.3
47;2021-02-17;326;455;13315;4739;4.0;1.4
47;2021-02-18;201;597;13516;5336;4.1;1.6
47;2021-02-19;193;365;13709;5701;4.2;1.7
47;2021-02-20;117;268;13826;5969;4.2;1.8
47;2021-02-21;0;0;13826;5969;4.2;1.8
47;2021-02-22;75;406;13901;6375;4.2;1.9
47;2021-02-23;149;651;14050;7026;4.3;2.1
47;2021-02-24;261;564;14311;7590;4.3;2.3
47;2021-02-25;304;412;14615;8002;4.4;2.4
47;2021-02-26;467;323;15082;8325;4.6;2.5
47;2021-02-27;324;213;15406;8538;4.7;2.6
47;2021-02-28;0;0;15406;8538;4.7;2.6
47;2021-03-01;124;398;15530;8936;4.7;2.7
47;2021-03-02;199;366;15729;9302;4.8;2.8
47;2021-03-03;244;350;15973;9652;4.8;2.9
47;2021-03-04;593;333;16566;9985;5.0;3.0
47;2021-03-05;844;287;17410;10272;5.3;3.1
47;2021-03-06;505;193;17915;10465;5.4;3.2
47;2021-03-07;331;6;18246;10471;5.5;3.2
47;2021-03-08;459;227;18705;10698;5.7;3.2
47;2021-03-09;508;493;19213;11191;5.8;3.4
47;2021-03-10;666;301;19879;11492;6.0;3.5
47;2021-03-11;940;383;20819;11875;6.3;3.6
47;2021-03-12;1373;301;22192;12176;6.7;3.7
47;2021-03-13;950;110;23142;12286;7.0;3.7
47;2021-03-14;51;0;23193;12286;7.0;3.7
47;2021-03-15;593;163;23786;12449;7.2;3.8
47;2021-03-16;750;177;24536;12626;7.4;3.8
47;2021-03-17;861;213;25397;12839;7.7;3.9
47;2021-03-18;917;177;26314;13016;8.0;3.9
47;2021-03-19;1272;130;27586;13146;8.4;4.0
47;2021-03-20;1088;60;28674;13206;8.7;4.0
47;2021-03-21;344;1;29018;13207;8.8;4.0
47;2021-03-22;1009;96;30027;13303;9.1;4.0
47;2021-03-23;1146;149;31173;13452;9.4;4.1
47;2021-03-24;1214;133;32387;13585;9.8;4.1
47;2021-03-25;1567;154;33954;13739;10.3;4.2
47;2021-03-26;1882;202;35836;13941;10.8;4.2
47;2021-03-27;980;131;36816;14072;11.1;4.3
47;2021-03-28;699;6;37515;14078;11.4;4.3
47;2021-03-29;1511;82;39026;14160;11.8;4.3
47;2021-03-30;1645;128;40671;14288;12.3;4.3
47;2021-03-31;1605;157;42276;14445;12.8;4.4
47;2021-04-01;1682;270;43958;14715;13.3;4.5
47;2021-04-02;1932;457;45890;15172;13.9;4.6
47;2021-04-03;1202;184;47092;15356;14.3;4.6
47;2021-04-04;475;13;47567;15369;14.4;4.7
47;2021-04-05;1297;61;48864;15430;14.8;4.7
47;2021-04-06;1386;390;50250;15820;15.2;4.8
47;2021-04-07;1698;598;51948;16418;15.7;5.0
47;2021-04-08;1835;480;53783;16898;16.3;5.1
47;2021-04-09;2085;547;55868;17445;16.9;5.3
47;2021-04-10;1565;326;57433;17771;17.4;5.4
47;2021-04-11;530;9;57963;17780;17.5;5.4
47;2021-04-12;1438;617;59401;18397;18.0;5.6
47;2021-04-13;1813;765;61214;19162;18.5;5.8
47;2021-04-14;1750;722;62964;19884;19.1;6.0
47;2021-04-15;2012;849;64976;20733;19.7;6.3
47;2021-04-16;1768;898;66744;21631;20.2;6.5
47;2021-04-17;1471;969;68215;22600;20.7;6.8
47;2021-04-18;23;0;68238;22600;20.7;6.8
47;2021-04-19;1331;932;69569;23532;21.1;7.1
47;2021-04-20;1625;910;71194;24442;21.6;7.4
47;2021-04-21;1623;775;72817;25217;22.0;7.6
47;2021-04-22;1880;1059;74697;26276;22.6;8.0
47;2021-04-23;1729;1078;76426;27354;23.1;8.3
47;2021-04-24;1549;807;77975;28161;23.6;8.5
47;2021-04-25;242;345;78217;28506;23.7;8.6
47;2021-04-26;1491;1366;79708;29872;24.1;9.0
47;2021-04-27;1921;1476;81629;31348;24.7;9.5
47;2021-04-28;2090;1595;83719;32943;25.3;10.0
47;2021-04-29;2532;1514;86251;34457;26.1;10.4
47;2021-04-30;2044;1780;88295;36237;26.7;11.0
47;2021-05-01;2263;986;90558;37223;27.4;11.3
47;2021-05-02;21;358;90579;37581;27.4;11.4
47;2021-05-03;1596;1422;92175;39003;27.9;11.8
47;2021-05-04;1645;1732;93820;40735;28.4;12.3
47;2021-05-05;1926;1643;95746;42378;29.0;12.8
47;2021-05-06;2105;1509;97851;43887;29.6;13.3
47;2021-05-07;2001;1623;99852;45510;30.2;13.8
47;2021-05-08;2097;464;101949;45974;30.9;13.9
47;2021-05-09;24;359;101973;46333;30.9;14.0
47;2021-05-10;1202;1672;103175;48005;31.2;14.5
47;2021-05-11;2172;1987;105347;49992;31.9;15.1
47;2021-05-12;2624;1451;107971;51443;32.7;15.6
47;2021-05-13;2380;656;110351;52099;33.4;15.8
47;2021-05-14;2061;859;112412;52958;34.0;16.0
47;2021-05-15;1934;865;114346;53823;34.6;16.3
47;2021-05-16;367;9;114713;53832;34.7;16.3
47;2021-05-17;1884;1124;116597;54956;35.3;16.6
47;2021-05-18;2359;1140;118956;56096;36.0;17.0
47;2021-05-19;2344;759;121300;56855;36.7;17.2
47;2021-05-20;2589;972;123889;57827;37.5;17.5
47;2021-05-21;1538;1134;125427;58961;38.0;17.8
47;2021-05-22;2369;839;127796;59800;38.7;18.1
47;2021-05-23;25;186;127821;59986;38.7;18.2
47;2021-05-24;1549;237;129370;60223;39.2;18.2
47;2021-05-25;1481;1318;130851;61541;39.6;18.6
47;2021-05-26;1599;1091;132450;62632;40.1;19.0
47;2021-05-27;1944;1269;134394;63901;40.7;19.3
47;2021-05-28;1459;1537;135853;65438;41.1;19.8
47;2021-05-29;1153;1124;137006;66562;41.5;20.1
47;2021-05-30;12;45;137018;66607;41.5;20.2
47;2021-05-31;1868;1424;138886;68031;42.0;20.6
47;2021-06-01;1921;1344;140807;69375;42.6;21.0
47;2021-06-02;2100;1332;142907;70707;43.3;21.4
47;2021-06-03;2486;1613;145393;72320;44.0;21.9
47;2021-06-04;1965;2118;147358;74438;44.6;22.5
47;2021-06-05;1640;1475;148998;75913;45.1;23.0
47;2021-06-06;211;70;149209;75983;45.2;23.0
47;2021-06-07;1659;2239;150868;78222;45.7;23.7
47;2021-06-08;1629;1904;152497;80126;46.2;24.3
47;2021-06-09;1824;2124;154321;82250;46.7;24.9
47;2021-06-10;2377;1620;156698;83870;47.4;25.4
47;2021-06-11;1826;2101;158524;85971;48.0;26.0
47;2021-06-12;1351;2102;159875;88073;48.4;26.7
47;2021-06-13;4;10;159879;88083;48.4;26.7
47;2021-06-14;1281;2444;161160;90527;48.8;27.4
47;2021-06-15;1464;2033;162624;92560;49.2;28.0
47;2021-06-16;1203;2189;163827;94749;49.6;28.7
47;2021-06-17;1657;1524;165484;96273;50.1;29.1
47;2021-06-18;1439;2496;166923;98769;50.5;29.9
47;2021-06-19;1542;2453;168465;101222;51.0;30.6
47;2021-06-20;5;33;168470;101255;51.0;30.7
47;2021-06-21;1136;2513;169606;103768;51.3;31.4
47;2021-06-22;762;2507;170368;106275;51.6;32.2
47;2021-06-23;999;2015;171367;108290;51.9;32.8
47;2021-06-24;1211;1936;172578;110226;52.2;33.4
47;2021-06-25;1006;2608;173584;112834;52.5;34.2
47;2021-06-26;986;2789;174570;115623;52.8;35.0
47;2021-06-27;16;349;174586;115972;52.9;35.1
47;2021-06-28;875;2407;175461;118379;53.1;35.8
47;2021-06-29;797;2313;176258;120692;53.4;36.5
47;2021-06-30;730;2303;176988;122995;53.6;37.2
47;2021-07-01;923;2107;177911;125102;53.9;37.9
47;2021-07-02;885;2274;178796;127376;54.1;38.6
47;2021-07-03;726;3042;179522;130418;54.3;39.5
47;2021-07-04;34;12;179556;130430;54.4;39.5
47;2021-07-05;978;2147;180534;132577;54.7;40.1
47;2021-07-06;1007;1957;181541;134534;55.0;40.7
47;2021-07-07;1298;2064;182839;136598;55.3;41.4
47;2021-07-08;1142;2192;183981;138790;55.7;42.0
47;2021-07-09;1047;2405;185028;141195;56.0;42.7
47;2021-07-10;951;2131;185979;143326;56.3;43.4
47;2021-07-11;1;6;185980;143332;56.3;43.4
47;2021-07-12;556;2580;186536;145912;56.5;44.2
47;2021-07-13;1094;2585;187630;148497;56.8;45.0
47;2021-07-14;1165;1577;188795;150074;57.2;45.4
47;2021-07-15;1717;3135;190512;153209;57.7;46.4
47;2021-07-16;1722;2677;192234;155886;58.2;47.2
47;2021-07-17;1201;2458;193435;158344;58.6;47.9
47;2021-07-18;36;188;193471;158532;58.6;48.0
47;2021-07-19;1113;2561;194584;161093;58.9;48.8
47;2021-07-20;1638;2341;196222;163434;59.4;49.5
47;2021-07-21;2192;2240;198414;165674;60.1;50.2
47;2021-07-22;2157;2298;200571;167972;60.7;50.8
47;2021-07-23;2124;2251;202695;170223;61.4;51.5
47;2021-07-24;1114;1915;203809;172138;61.7;52.1
47;2021-07-25;20;1;203829;172139;61.7;52.1
47;2021-07-26;1236;1946;205065;174085;62.1;52.7
47;2021-07-27;2123;1633;207188;175718;62.7;53.2
47;2021-07-28;1880;1606;209068;177324;63.3;53.7
47;2021-07-29;2340;1605;211408;178929;64.0;54.2
47;2021-07-30;1865;1627;213273;180556;64.6;54.7
47;2021-07-31;1486;1668;214759;182224;65.0;55.2
47;2021-08-01;18;8;214777;182232;65.0;55.2
47;2021-08-02;2053;1219;216830;183451;65.6;55.5
47;2021-08-03;2159;1106;218989;184557;66.3;55.9
47;2021-08-04;2192;1528;221181;186085;67.0;56.3
47;2021-08-05;2408;1447;223589;187532;67.7;56.8
47;2021-08-06;1999;1841;225588;189373;68.3;57.3
47;2021-08-07;1628;1418;227216;190791;68.8;57.8
47;2021-08-08;24;22;227240;190813;68.8;57.8
47;2021-08-09;1883;1214;229123;192027;69.4;58.1
47;2021-08-10;1920;1298;231043;193325;69.9;58.5
47;2021-08-11;1804;1401;232847;194726;70.5;58.9
47;2021-08-12;2060;1340;234907;196066;71.1;59.4
47;2021-08-13;1424;1668;236331;197734;71.5;59.9
47;2021-08-14;1349;1443;237680;199177;72.0;60.3
47;2021-08-15;11;18;237691;199195;72.0;60.3
47;2021-08-16;1436;1445;239127;200640;72.4;60.7
47;2021-08-17;1124;1684;240251;202324;72.7;61.2
47;2021-08-18;1181;1714;241432;204038;73.1;61.8
47;2021-08-19;1039;1813;242471;205851;73.4;62.3
47;2021-08-20;972;1708;243443;207559;73.7;62.8
47;2021-08-21;829;1277;244272;208836;73.9;63.2
47;2021-08-22;19;31;244291;208867;74.0;63.2
47;2021-08-23;614;1826;244905;210693;74.1;63.8
47;2021-08-24;811;1622;245716;212315;74.4;64.3
47;2021-08-25;811;1787;246527;214102;74.6;64.8
47;2021-08-26;741;2080;247268;216182;74.9;65.4
47;2021-08-27;700;1979;247968;218161;75.1;66.0
47;2021-08-28;568;1670;248536;219831;75.2;66.5
47;2021-08-29;2;16;248538;219847;75.2;66.6
47;2021-08-30;459;1908;248997;221755;75.4;67.1
47;2021-08-31;583;1793;249580;223548;75.6;67.7
47;2021-09-01;422;1956;250002;225504;75.7;68.3
47;2021-09-02;436;1945;250438;227449;75.8;68.9
47;2021-09-03;504;1845;250942;229294;76.0;69.4
47;2021-09-04;479;1743;251421;231037;76.1;69.9
47;2021-09-05;12;35;251433;231072;76.1;70.0
47;2021-09-06;343;1251;251776;232323;76.2;70.3
47;2021-09-07;478;1113;252254;233436;76.4;70.7
47;2021-09-08;419;1484;252673;234920;76.5;71.1
47;2021-09-09;423;1098;253096;236018;76.6;71.4
47;2021-09-10;472;1163;253568;237181;76.8;71.8
47;2021-09-11;438;1373;254006;238554;76.9;72.2
47;2021-09-12;3;6;254009;238560;76.9;72.2
47;2021-09-13;253;731;254262;239291;77.0;72.4
47;2021-09-14;402;797;254664;240088;77.1;72.7
47;2021-09-15;342;940;255006;241028;77.2;73.0
47;2021-09-16;324;560;255330;241588;77.3;73.1
47;2021-09-17;398;646;255728;242234;77.4;73.3
47;2021-09-18;263;956;255991;243190;77.5;73.6
47;2021-09-19;4;4;255995;243194;77.5;73.6
47;2021-09-20;164;470;256159;243664;77.5;73.8
47;2021-09-21;285;454;256444;244118;77.6;73.9
47;2021-09-22;214;616;256658;244734;77.7;74.1
47;2021-09-23;209;378;256867;245112;77.8;74.2
47;2021-09-24;283;614;257150;245726;77.8;74.4
47;2021-09-25;215;628;257365;246354;77.9;74.6
47;2021-09-26;6;6;257371;246360;77.9;74.6
47;2021-09-27;112;377;257483;246737;77.9;74.7
47;2021-09-28;127;374;257610;247111;78.0;74.8
47;2021-09-29;148;473;257758;247584;78.0;74.9
47;2021-09-30;160;355;257918;247939;78.1;75.1
47;2021-10-01;182;519;258100;248458;78.1;75.2
47;2021-10-02;194;485;258294;248943;78.2;75.4
47;2021-10-03;0;5;258294;248948;78.2;75.4
47;2021-10-04;132;362;258426;249310;78.2;75.5
47;2021-10-05;110;307;258536;249617;78.3;75.6
47;2021-10-06;225;459;258761;250076;78.3;75.7
47;2021-10-07;155;367;258916;250443;78.4;75.8
47;2021-10-08;171;413;259087;250856;78.4;75.9
47;2021-10-09;235;375;259322;251231;78.5;76.1
47;2021-10-10;0;3;259322;251234;78.5;76.1
48;2020-12-27;0;0;0;0;0.0;0.0
48;2020-12-28;0;0;0;0;0.0;0.0
48;2020-12-29;0;0;0;0;0.0;0.0
48;2020-12-30;0;0;0;0;0.0;0.0
48;2020-12-31;0;0;0;0;0.0;0.0
48;2021-01-01;0;0;0;0;0.0;0.0
48;2021-01-02;0;0;0;0;0.0;0.0
48;2021-01-03;0;0;0;0;0.0;0.0
48;2021-01-04;0;0;0;0;0.0;0.0
48;2021-01-05;0;0;0;0;0.0;0.0
48;2021-01-06;0;0;0;0;0.0;0.0
48;2021-01-07;56;0;56;0;0.1;0.0
48;2021-01-08;88;1;144;1;0.2;0.0
48;2021-01-09;1;0;145;1;0.2;0.0
48;2021-01-10;0;0;145;1;0.2;0.0
48;2021-01-11;13;0;158;1;0.2;0.0
48;2021-01-12;20;1;178;2;0.2;0.0
48;2021-01-13;104;0;282;2;0.4;0.0
48;2021-01-14;90;1;372;3;0.5;0.0
48;2021-01-15;63;0;435;3;0.6;0.0
48;2021-01-16;0;0;435;3;0.6;0.0
48;2021-01-17;0;0;435;3;0.6;0.0
48;2021-01-18;117;0;552;3;0.7;0.0
48;2021-01-19;345;2;897;5;1.2;0.0
48;2021-01-20;364;0;1261;5;1.7;0.0
48;2021-01-21;466;1;1727;6;2.3;0.0
48;2021-01-22;269;0;1996;6;2.6;0.0
48;2021-01-23;36;0;2032;6;2.7;0.0
48;2021-01-24;0;0;2032;6;2.7;0.0
48;2021-01-25;109;2;2141;8;2.8;0.0
48;2021-01-26;261;0;2402;8;3.1;0.0
48;2021-01-27;257;2;2659;10;3.5;0.0
48;2021-01-28;273;11;2932;21;3.8;0.0
48;2021-01-29;175;60;3107;81;4.1;0.1
48;2021-01-30;1;7;3108;88;4.1;0.1
48;2021-01-31;0;6;3108;94;4.1;0.1
48;2021-02-01;100;48;3208;142;4.2;0.2
48;2021-02-02;194;36;3402;178;4.5;0.2
48;2021-02-03;177;82;3579;260;4.7;0.3
48;2021-02-04;234;14;3813;274;5.0;0.4
48;2021-02-05;145;37;3958;311;5.2;0.4
48;2021-02-06;34;1;3992;312;5.2;0.4
48;2021-02-07;0;0;3992;312;5.2;0.4
48;2021-02-08;50;60;4042;372;5.3;0.5
48;2021-02-09;66;167;4108;539;5.4;0.7
48;2021-02-10;64;303;4172;842;5.5;1.1
48;2021-02-11;165;407;4337;1249;5.7;1.6
48;2021-02-12;120;155;4457;1404;5.8;1.8
48;2021-02-13;8;55;4465;1459;5.9;1.9
48;2021-02-14;0;0;4465;1459;5.9;1.9
48;2021-02-15;51;106;4516;1565;5.9;2.1
48;2021-02-16;43;173;4559;1738;6.0;2.3
48;2021-02-17;35;284;4594;2022;6.0;2.7
48;2021-02-18;252;113;4846;2135;6.4;2.8
48;2021-02-19;60;183;4906;2318;6.4;3.0
48;2021-02-20;0;1;4906;2319;6.4;3.0
48;2021-02-21;0;14;4906;2333;6.4;3.1
48;2021-02-22;24;129;4930;2462;6.5;3.2
48;2021-02-23;74;221;5004;2683;6.6;3.5
48;2021-02-24;68;265;5072;2948;6.6;3.9
48;2021-02-25;148;263;5220;3211;6.8;4.2
48;2021-02-26;51;229;5271;3440;6.9;4.5
48;2021-02-27;28;1;5299;3441;6.9;4.5
48;2021-02-28;3;14;5302;3455;7.0;4.5
48;2021-03-01;102;97;5404;3552;7.1;4.7
48;2021-03-02;199;87;5603;3639;7.3;4.8
48;2021-03-03;153;109;5756;3748;7.5;4.9
48;2021-03-04;195;184;5951;3932;7.8;5.2
48;2021-03-05;136;141;6087;4073;8.0;5.3
48;2021-03-06;180;53;6267;4126;8.2;5.4
48;2021-03-07;75;2;6342;4128;8.3;5.4
48;2021-03-08;352;148;6694;4276;8.8;5.6
48;2021-03-09;377;106;7071;4382;9.3;5.7
48;2021-03-10;263;61;7334;4443;9.6;5.8
48;2021-03-11;334;91;7668;4534;10.1;5.9
48;2021-03-12;256;153;7924;4687;10.4;6.1
48;2021-03-13;301;5;8225;4692;10.8;6.2
48;2021-03-14;8;0;8233;4692;10.8;6.2
48;2021-03-15;174;64;8407;4756;11.0;6.2
48;2021-03-16;167;66;8574;4822;11.2;6.3
48;2021-03-17;156;110;8730;4932;11.4;6.5
48;2021-03-18;191;104;8921;5036;11.7;6.6
48;2021-03-19;116;96;9037;5132;11.8;6.7
48;2021-03-20;101;0;9138;5132;12.0;6.7
48;2021-03-21;0;0;9138;5132;12.0;6.7
48;2021-03-22;160;21;9298;5153;12.2;6.8
48;2021-03-23;329;103;9627;5256;12.6;6.9
48;2021-03-24;284;100;9911;5356;13.0;7.0
48;2021-03-25;757;123;10668;5479;14.0;7.2
48;2021-03-26;269;62;10937;5541;14.3;7.3
48;2021-03-27;104;1;11041;5542;14.5;7.3
48;2021-03-28;80;21;11121;5563;14.6;7.3
48;2021-03-29;305;81;11426;5644;15.0;7.4
48;2021-03-30;364;132;11790;5776;15.5;7.6
48;2021-03-31;448;88;12238;5864;16.0;7.7
48;2021-04-01;732;73;12970;5937;17.0;7.8
48;2021-04-02;487;136;13457;6073;17.6;8.0
48;2021-04-03;140;83;13597;6156;17.8;8.1
48;2021-04-04;0;0;13597;6156;17.8;8.1
48;2021-04-05;43;1;13640;6157;17.9;8.1
48;2021-04-06;465;160;14105;6317;18.5;8.3
48;2021-04-07;465;142;14570;6459;19.1;8.5
48;2021-04-08;620;188;15190;6647;19.9;8.7
48;2021-04-09;446;123;15636;6770;20.5;8.9
48;2021-04-10;95;60;15731;6830;20.6;9.0
48;2021-04-11;2;0;15733;6830;20.6;9.0
48;2021-04-12;364;71;16097;6901;21.1;9.0
48;2021-04-13;361;92;16458;6993;21.6;9.2
48;2021-04-14;624;187;17082;7180;22.4;9.4
48;2021-04-15;701;363;17783;7543;23.3;9.9
48;2021-04-16;538;229;18321;7772;24.0;10.2
48;2021-04-17;89;73;18410;7845;24.1;10.3
48;2021-04-18;0;0;18410;7845;24.1;10.3
48;2021-04-19;196;106;18606;7951;24.4;10.4
48;2021-04-20;216;182;18822;8133;24.7;10.7
48;2021-04-21;284;207;19106;8340;25.0;10.9
48;2021-04-22;306;482;19412;8822;25.4;11.6
48;2021-04-23;255;242;19667;9064;25.8;11.9
48;2021-04-24;97;95;19764;9159;25.9;12.0
48;2021-04-25;1;9;19765;9168;25.9;12.0
48;2021-04-26;87;211;19852;9379;26.0;12.3
48;2021-04-27;172;292;20024;9671;26.2;12.7
48;2021-04-28;149;415;20173;10086;26.4;13.2
48;2021-04-29;203;490;20376;10576;26.7;13.9
48;2021-04-30;172;226;20548;10802;26.9;14.2
48;2021-05-01;0;0;20548;10802;26.9;14.2
48;2021-05-02;0;0;20548;10802;26.9;14.2
48;2021-05-03;106;386;20654;11188;27.1;14.7
48;2021-05-04;227;421;20881;11609;27.4;15.2
48;2021-05-05;84;486;20965;12095;27.5;15.9
48;2021-05-06;775;642;21740;12737;28.5;16.7
48;2021-05-07;96;503;21836;13240;28.6;17.4
48;2021-05-08;309;43;22145;13283;29.0;17.4
48;2021-05-09;285;9;22430;13292;29.4;17.4
48;2021-05-10;55;325;22485;13617;29.5;17.8
48;2021-05-11;221;290;22706;13907;29.8;18.2
48;2021-05-12;249;313;22955;14220;30.1;18.6
48;2021-05-13;472;158;23427;14378;30.7;18.8
48;2021-05-14;244;222;23671;14600;31.0;19.1
48;2021-05-15;84;46;23755;14646;31.1;19.2
48;2021-05-16;1;6;23756;14652;31.1;19.2
48;2021-05-17;474;267;24230;14919;31.8;19.6
48;2021-05-18;263;229;24493;15148;32.1;19.9
48;2021-05-19;207;277;24700;15425;32.4;20.2
48;2021-05-20;318;256;25018;15681;32.8;20.6
48;2021-05-21;174;267;25192;15948;33.0;20.9
48;2021-05-22;25;50;25217;15998;33.1;21.0
48;2021-05-23;0;6;25217;16004;33.1;21.0
48;2021-05-24;0;14;25217;16018;33.1;21.0
48;2021-05-25;181;267;25398;16285;33.3;21.3
48;2021-05-26;416;298;25814;16583;33.8;21.7
48;2021-05-27;1178;380;26992;16963;35.4;22.2
48;2021-05-28;315;350;27307;17313;35.8;22.7
48;2021-05-29;79;50;27386;17363;35.9;22.8
48;2021-05-30;0;1;27386;17364;35.9;22.8
48;2021-05-31;624;263;28010;17627;36.7;23.1
48;2021-06-01;272;305;28282;17932;37.1;23.5
48;2021-06-02;407;424;28689;18356;37.6;24.1
48;2021-06-03;629;431;29318;18787;38.4;24.6
48;2021-06-04;291;283;29609;19070;38.8;25.0
48;2021-06-05;121;77;29730;19147;39.0;25.1
48;2021-06-06;1;1;29731;19148;39.0;25.1
48;2021-06-07;440;161;30171;19309;39.5;25.3
48;2021-06-08;616;309;30787;19618;40.4;25.7
48;2021-06-09;379;190;31166;19808;40.9;26.0
48;2021-06-10;1003;242;32169;20050;42.2;26.3
48;2021-06-11;371;161;32540;20211;42.7;26.5
48;2021-06-12;74;57;32614;20268;42.8;26.6
48;2021-06-13;0;2;32614;20270;42.8;26.6
48;2021-06-14;124;115;32738;20385;42.9;26.7
48;2021-06-15;407;386;33145;20771;43.4;27.2
48;2021-06-16;260;144;33405;20915;43.8;27.4
48;2021-06-17;486;575;33891;21490;44.4;28.2
48;2021-06-18;254;315;34145;21805;44.8;28.6
48;2021-06-19;35;291;34180;22096;44.8;29.0
48;2021-06-20;123;224;34303;22320;45.0;29.3
48;2021-06-21;125;134;34428;22454;45.1;29.4
48;2021-06-22;258;335;34686;22789;45.5;29.9
48;2021-06-23;111;545;34797;23334;45.6;30.6
48;2021-06-24;364;610;35161;23944;46.1;31.4
48;2021-06-25;154;276;35315;24220;46.3;31.7
48;2021-06-26;15;45;35330;24265;46.3;31.8
48;2021-06-27;1;1;35331;24266;46.3;31.8
48;2021-06-28;81;177;35412;24443;46.4;32.0
48;2021-06-29;297;415;35709;24858;46.8;32.6
48;2021-06-30;98;465;35807;25323;46.9;33.2
48;2021-07-01;194;669;36001;25992;47.2;34.1
48;2021-07-02;148;369;36149;26361;47.4;34.6
48;2021-07-03;42;89;36191;26450;47.4;34.7
48;2021-07-04;7;0;36198;26450;47.5;34.7
48;2021-07-05;40;117;36238;26567;47.5;34.8
48;2021-07-06;277;598;36515;27165;47.9;35.6
48;2021-07-07;201;489;36716;27654;48.1;36.3
48;2021-07-08;223;1189;36939;28843;48.4;37.8
48;2021-07-09;159;553;37098;29396;48.6;38.5
48;2021-07-10;95;147;37193;29543;48.8;38.7
48;2021-07-11;0;4;37193;29547;48.8;38.7
48;2021-07-12;139;672;37332;30219;48.9;39.6
48;2021-07-13;211;430;37543;30649;49.2;40.2
48;2021-07-14;179;145;37722;30794;49.4;40.4
48;2021-07-15;187;459;37909;31253;49.7;41.0
48;2021-07-16;234;315;38143;31568;50.0;41.4
48;2021-07-17;129;118;38272;31686;50.2;41.5
48;2021-07-18;4;5;38276;31691;50.2;41.5
48;2021-07-19;105;306;38381;31997;50.3;41.9
48;2021-07-20;677;993;39058;32990;51.2;43.2
48;2021-07-21;68;371;39126;33361;51.3;43.7
48;2021-07-22;777;1125;39903;34486;52.3;45.2
48;2021-07-23;367;439;40270;34925;52.8;45.8
48;2021-07-24;509;170;40779;35095;53.5;46.0
48;2021-07-25;138;46;40917;35141;53.6;46.1
48;2021-07-26;101;199;41018;35340;53.8;46.3
48;2021-07-27;1195;644;42213;35984;55.3;47.2
48;2021-07-28;177;316;42390;36300;55.6;47.6
48;2021-07-29;716;646;43106;36946;56.5;48.4
48;2021-07-30;200;292;43306;37238;56.8;48.8
48;2021-07-31;339;178;43645;37416;57.2;49.0
48;2021-08-01;18;55;43663;37471;57.2;49.1
48;2021-08-02;228;164;43891;37635;57.5;49.3
48;2021-08-03;925;575;44816;38210;58.7;50.1
48;2021-08-04;328;220;45144;38430;59.2;50.4
48;2021-08-05;674;475;45818;38905;60.1;51.0
48;2021-08-06;442;275;46260;39180;60.6;51.4
48;2021-08-07;249;125;46509;39305;61.0;51.5
48;2021-08-08;2;5;46511;39310;61.0;51.5
48;2021-08-09;170;141;46681;39451;61.2;51.7
48;2021-08-10;726;555;47407;40006;62.1;52.4
48;2021-08-11;295;238;47702;40244;62.5;52.8
48;2021-08-12;419;415;48121;40659;63.1;53.3
48;2021-08-13;229;212;48350;40871;63.4;53.6
48;2021-08-14;137;165;48487;41036;63.6;53.8
48;2021-08-15;131;81;48618;41117;63.7;53.9
48;2021-08-16;121;192;48739;41309;63.9;54.2
48;2021-08-17;364;1188;49103;42497;64.4;55.7
48;2021-08-18;211;201;49314;42698;64.6;56.0
48;2021-08-19;240;325;49554;43023;65.0;56.4
48;2021-08-20;215;284;49769;43307;65.2;56.8
48;2021-08-21;85;232;49854;43539;65.4;57.1
48;2021-08-22;0;0;49854;43539;65.4;57.1
48;2021-08-23;65;153;49919;43692;65.4;57.3
48;2021-08-24;308;952;50227;44644;65.8;58.5
48;2021-08-25;156;351;50383;44995;66.0;59.0
48;2021-08-26;180;499;50563;45494;66.3;59.6
48;2021-08-27;153;338;50716;45832;66.5;60.1
48;2021-08-28;127;303;50843;46135;66.6;60.5
48;2021-08-29;0;1;50843;46136;66.6;60.5
48;2021-08-30;54;143;50897;46279;66.7;60.7
48;2021-08-31;257;1051;51154;47330;67.1;62.0
48;2021-09-01;125;334;51279;47664;67.2;62.5
48;2021-09-02;131;388;51410;48052;67.4;63.0
48;2021-09-03;138;297;51548;48349;67.6;63.4
48;2021-09-04;121;208;51669;48557;67.7;63.7
48;2021-09-05;3;25;51672;48582;67.7;63.7
48;2021-09-06;34;178;51706;48760;67.8;63.9
48;2021-09-07;160;347;51866;49107;68.0;64.4
48;2021-09-08;96;181;51962;49288;68.1;64.6
48;2021-09-09;96;235;52058;49523;68.2;64.9
48;2021-09-10;128;263;52186;49786;68.4;65.3
48;2021-09-11;89;195;52275;49981;68.5;65.5
48;2021-09-12;1;2;52276;49983;68.5;65.5
48;2021-09-13;78;66;52354;50049;68.6;65.6
48;2021-09-14;205;259;52559;50308;68.9;65.9
48;2021-09-15;68;164;52627;50472;69.0;66.2
48;2021-09-16;122;220;52749;50692;69.1;66.4
48;2021-09-17;101;183;52850;50875;69.3;66.7
48;2021-09-18;33;90;52883;50965;69.3;66.8
48;2021-09-19;0;0;52883;50965;69.3;66.8
48;2021-09-20;29;88;52912;51053;69.4;66.9
48;2021-09-21;63;183;52975;51236;69.4;67.2
48;2021-09-22;49;151;53024;51387;69.5;67.4
48;2021-09-23;28;100;53052;51487;69.5;67.5
48;2021-09-24;43;118;53095;51605;69.6;67.6
48;2021-09-25;27;78;53122;51683;69.6;67.7
48;2021-09-26;1;0;53123;51683;69.6;67.7
48;2021-09-27;11;43;53134;51726;69.7;67.8
48;2021-09-28;66;155;53200;51881;69.7;68.0
48;2021-09-29;51;133;53251;52014;69.8;68.2
48;2021-09-30;42;87;53293;52101;69.9;68.3
48;2021-10-01;56;141;53349;52242;69.9;68.5
48;2021-10-02;33;51;53382;52293;70.0;68.5
48;2021-10-03;0;1;53382;52294;70.0;68.5
48;2021-10-04;19;62;53401;52356;70.0;68.6
48;2021-10-05;48;151;53449;52507;70.1;68.8
48;2021-10-06;65;94;53514;52601;70.1;69.0
48;2021-10-07;33;112;53547;52713;70.2;69.1
48;2021-10-08;36;113;53583;52826;70.2;69.2
48;2021-10-09;14;55;53597;52881;70.3;69.3
48;2021-10-10;0;1;53597;52882;70.3;69.3
49;2020-12-27;0;0;0;0;0.0;0.0
49;2020-12-28;2;0;2;0;0.0;0.0
49;2020-12-29;0;0;2;0;0.0;0.0
49;2020-12-30;0;0;2;0;0.0;0.0
49;2020-12-31;0;0;2;0;0.0;0.0
49;2021-01-01;2;0;4;0;0.0;0.0
49;2021-01-02;1;1;5;1;0.0;0.0
49;2021-01-03;0;0;5;1;0.0;0.0
49;2021-01-04;10;0;15;1;0.0;0.0
49;2021-01-05;92;0;107;1;0.0;0.0
49;2021-01-06;233;0;340;1;0.0;0.0
49;2021-01-07;367;1;707;2;0.1;0.0
49;2021-01-08;328;1;1035;3;0.1;0.0
49;2021-01-09;118;0;1153;3;0.1;0.0
49;2021-01-10;114;0;1267;3;0.2;0.0
49;2021-01-11;287;0;1554;3;0.2;0.0
49;2021-01-12;623;0;2177;3;0.3;0.0
49;2021-01-13;602;2;2779;5;0.3;0.0
49;2021-01-14;590;7;3369;12;0.4;0.0
49;2021-01-15;764;1;4133;13;0.5;0.0
49;2021-01-16;148;0;4281;13;0.5;0.0
49;2021-01-17;111;2;4392;15;0.5;0.0
49;2021-01-18;691;0;5083;15;0.6;0.0
49;2021-01-19;1204;8;6287;23;0.8;0.0
49;2021-01-20;1511;7;7798;30;1.0;0.0
49;2021-01-21;1943;14;9741;44;1.2;0.0
49;2021-01-22;1305;6;11046;50;1.4;0.0
49;2021-01-23;263;1;11309;51;1.4;0.0
49;2021-01-24;1;0;11310;51;1.4;0.0
49;2021-01-25;552;5;11862;56;1.5;0.0
49;2021-01-26;989;75;12851;131;1.6;0.0
49;2021-01-27;1860;50;14711;181;1.8;0.0
49;2021-01-28;2877;91;17588;272;2.2;0.0
49;2021-01-29;1588;92;19176;364;2.4;0.0
49;2021-01-30;300;46;19476;410;2.4;0.1
49;2021-01-31;62;51;19538;461;2.4;0.1
49;2021-02-01;661;163;20199;624;2.5;0.1
49;2021-02-02;744;384;20943;1008;2.6;0.1
49;2021-02-03;677;382;21620;1390;2.6;0.2
49;2021-02-04;758;445;22378;1835;2.7;0.2
49;2021-02-05;708;590;23086;2425;2.8;0.3
49;2021-02-06;228;111;23314;2536;2.9;0.3
49;2021-02-07;59;84;23373;2620;2.9;0.3
49;2021-02-08;549;480;23922;3100;2.9;0.4
49;2021-02-09;716;648;24638;3748;3.0;0.5
49;2021-02-10;807;950;25445;4698;3.1;0.6
49;2021-02-11;1028;1410;26473;6108;3.2;0.7
49;2021-02-12;869;961;27342;7069;3.4;0.9
49;2021-02-13;266;120;27608;7189;3.4;0.9
49;2021-02-14;9;106;27617;7295;3.4;0.9
49;2021-02-15;730;664;28347;7959;3.5;1.0
49;2021-02-16;1106;1121;29453;9080;3.6;1.1
49;2021-02-17;1160;1873;30613;10953;3.8;1.3
49;2021-02-18;1811;2438;32424;13391;4.0;1.6
49;2021-02-19;1397;1108;33821;14499;4.1;1.8
49;2021-02-20;232;381;34053;14880;4.2;1.8
49;2021-02-21;0;64;34053;14944;4.2;1.8
49;2021-02-22;647;573;34700;15517;4.3;1.9
49;2021-02-23;734;856;35434;16373;4.3;2.0
49;2021-02-24;824;641;36258;17014;4.4;2.1
49;2021-02-25;1208;809;37466;17823;4.6;2.2
49;2021-02-26;1678;848;39144;18671;4.8;2.3
49;2021-02-27;435;282;39579;18953;4.9;2.3
49;2021-02-28;49;38;39628;18991;4.9;2.3
49;2021-03-01;768;587;40396;19578;5.0;2.4
49;2021-03-02;1082;701;41478;20279;5.1;2.5
49;2021-03-03;1559;676;43037;20955;5.3;2.6
49;2021-03-04;1769;942;44806;21897;5.5;2.7
49;2021-03-05;2215;700;47021;22597;5.8;2.8
49;2021-03-06;717;190;47738;22787;5.9;2.8
49;2021-03-07;627;13;48365;22800;5.9;2.8
49;2021-03-08;1398;717;49763;23517;6.1;2.9
49;2021-03-09;2052;744;51815;24261;6.4;3.0
49;2021-03-10;2530;874;54345;25135;6.7;3.1
49;2021-03-11;3195;1476;57540;26611;7.1;3.3
49;2021-03-12;3766;1025;61306;27636;7.5;3.4
49;2021-03-13;1501;218;62807;27854;7.7;3.4
49;2021-03-14;6;0;62813;27854;7.7;3.4
49;2021-03-15;2083;535;64896;28389;8.0;3.5
49;2021-03-16;1732;964;66628;29353;8.2;3.6
49;2021-03-17;1810;680;68438;30033;8.4;3.7
49;2021-03-18;2205;736;70643;30769;8.7;3.8
49;2021-03-19;3333;567;73976;31336;9.1;3.8
49;2021-03-20;1743;210;75719;31546;9.3;3.9
49;2021-03-21;499;22;76218;31568;9.3;3.9
49;2021-03-22;2248;554;78466;32122;9.6;3.9
49;2021-03-23;3406;688;81872;32810;10.0;4.0
49;2021-03-24;3603;506;85475;33316;10.5;4.1
49;2021-03-25;4225;654;89700;33970;11.0;4.2
49;2021-03-26;4886;513;94586;34483;11.6;4.2
49;2021-03-27;1675;104;96261;34587;11.8;4.2
49;2021-03-28;400;28;96661;34615;11.8;4.2
49;2021-03-29;2371;613;99032;35228;12.1;4.3
49;2021-03-30;3267;947;102299;36175;12.5;4.4
49;2021-03-31;2980;754;105279;36929;12.9;4.5
49;2021-04-01;4117;877;109396;37806;13.4;4.6
49;2021-04-02;4297;964;113693;38770;13.9;4.8
49;2021-04-03;971;193;114664;38963;14.1;4.8
49;2021-04-04;315;3;114979;38966;14.1;4.8
49;2021-04-05;944;23;115923;38989;14.2;4.8
49;2021-04-06;2330;1327;118253;40316;14.5;4.9
49;2021-04-07;3309;1372;121562;41688;14.9;5.1
49;2021-04-08;5184;1436;126746;43124;15.5;5.3
49;2021-04-09;6207;1444;132953;44568;16.3;5.5
49;2021-04-10;2065;502;135018;45070;16.5;5.5
49;2021-04-11;390;9;135408;45079;16.6;5.5
49;2021-04-12;4073;1583;139481;46662;17.1;5.7
49;2021-04-13;5380;1921;144861;48583;17.8;6.0
49;2021-04-14;4542;1882;149403;50465;18.3;6.2
49;2021-04-15;5381;1894;154784;52359;19.0;6.4
49;2021-04-16;5761;2145;160545;54504;19.7;6.7
49;2021-04-17;3335;855;163880;55359;20.1;6.8
49;2021-04-18;381;476;164261;55835;20.1;6.8
49;2021-04-19;3710;2061;167971;57896;20.6;7.1
49;2021-04-20;4371;2113;172342;60009;21.1;7.4
49;2021-04-21;3955;2209;176297;62218;21.6;7.6
49;2021-04-22;4837;2115;181134;64333;22.2;7.9
49;2021-04-23;4814;2339;185948;66672;22.8;8.2
49;2021-04-24;2938;1159;188886;67831;23.2;8.3
49;2021-04-25;40;282;188926;68113;23.2;8.3
49;2021-04-26;3744;2113;192670;70226;23.6;8.6
49;2021-04-27;4472;2512;197142;72738;24.2;8.9
49;2021-04-28;4615;2501;201757;75239;24.7;9.2
49;2021-04-29;5206;3027;206963;78266;25.4;9.6
49;2021-04-30;5558;3217;212521;81483;26.0;10.0
49;2021-05-01;2365;667;214886;82150;26.3;10.1
49;2021-05-02;5;40;214891;82190;26.3;10.1
49;2021-05-03;5012;2407;219903;84597;27.0;10.4
49;2021-05-04;4972;3048;224875;87645;27.6;10.7
49;2021-05-05;4789;3008;229664;90653;28.1;11.1
49;2021-05-06;5328;3099;234992;93752;28.8;11.5
49;2021-05-07;4281;5031;239273;98783;29.3;12.1
49;2021-05-08;3577;440;242850;99223;29.8;12.2
49;2021-05-09;10;41;242860;99264;29.8;12.2
49;2021-05-10;4829;4281;247689;103545;30.4;12.7
49;2021-05-11;5397;5092;253086;108637;31.0;13.3
49;2021-05-12;4800;4595;257886;113232;31.6;13.9
49;2021-05-13;4778;691;262664;113923;32.2;14.0
49;2021-05-14;5170;3272;267834;117195;32.8;14.4
49;2021-05-15;4157;1806;271991;119001;33.3;14.6
49;2021-05-16;2786;119;274777;119120;33.7;14.6
49;2021-05-17;4835;3690;279612;122810;34.3;15.1
49;2021-05-18;5473;3770;285085;126580;34.9;15.5
49;2021-05-19;5916;3229;291001;129809;35.7;15.9
49;2021-05-20;6807;2966;297808;132775;36.5;16.3
49;2021-05-21;6450;3746;304258;136521;37.3;16.7
49;2021-05-22;5183;1199;309441;137720;37.9;16.9
49;2021-05-23;1;12;309442;137732;37.9;16.9
49;2021-05-24;4212;448;313654;138180;38.4;16.9
49;2021-05-25;6326;3308;319980;141488;39.2;17.3
49;2021-05-26;6273;2665;326253;144153;40.0;17.7
49;2021-05-27;7114;2728;333367;146881;40.9;18.0
49;2021-05-28;6875;4028;340242;150909;41.7;18.5
49;2021-05-29;5023;1901;345265;152810;42.3;18.7
49;2021-05-30;21;14;345286;152824;42.3;18.7
49;2021-05-31;6036;3221;351322;156045;43.1;19.1
49;2021-06-01;6592;3991;357914;160036;43.9;19.6
49;2021-06-02;5794;3742;363708;163778;44.6;20.1
49;2021-06-03;6602;3421;370310;167199;45.4;20.5
49;2021-06-04;6470;4867;376780;172066;46.2;21.1
49;2021-06-05;4385;2698;381165;174764;46.7;21.4
49;2021-06-06;39;50;381204;174814;46.7;21.4
49;2021-06-07;4634;4761;385838;179575;47.3;22.0
49;2021-06-08;5185;5106;391023;184681;47.9;22.6
49;2021-06-09;5325;4505;396348;189186;48.6;23.2
49;2021-06-10;6005;3785;402353;192971;49.3;23.7
49;2021-06-11;4872;6041;407225;199012;49.9;24.4
49;2021-06-12;4097;3203;411322;202215;50.4;24.8
49;2021-06-13;20;989;411342;203204;50.4;24.9
49;2021-06-14;3410;6016;414752;209220;50.8;25.6
49;2021-06-15;4241;6396;418993;215616;51.4;26.4
49;2021-06-16;4150;5682;423143;221298;51.9;27.1
49;2021-06-17;5069;5078;428212;226376;52.5;27.7
49;2021-06-18;4134;6888;432346;233264;53.0;28.6
49;2021-06-19;3525;3974;435871;237238;53.4;29.1
49;2021-06-20;33;25;435904;237263;53.4;29.1
49;2021-06-21;2828;6512;438732;243775;53.8;29.9
49;2021-06-22;3208;7007;441940;250782;54.2;30.7
49;2021-06-23;3253;6312;445193;257094;54.6;31.5
49;2021-06-24;4317;4979;449510;262073;55.1;32.1
49;2021-06-25;3325;7448;452835;269521;55.5;33.0
49;2021-06-26;2570;4626;455405;274147;55.8;33.6
49;2021-06-27;15;1544;455420;275691;55.8;33.8
49;2021-06-28;2234;7184;457654;282875;56.1;34.7
49;2021-06-29;3028;7272;460682;290147;56.5;35.6
49;2021-06-30;2824;6805;463506;296952;56.8;36.4
49;2021-07-01;3393;6273;466899;303225;57.2;37.2
49;2021-07-02;3063;8067;469962;311292;57.6;38.2
49;2021-07-03;2007;5486;471969;316778;57.8;38.8
49;2021-07-04;7;53;471976;316831;57.8;38.8
49;2021-07-05;1738;7078;473714;323909;58.1;39.7
49;2021-07-06;1894;7551;475608;331460;58.3;40.6
49;2021-07-07;2100;6625;477708;338085;58.6;41.4
49;2021-07-08;2689;6357;480397;344442;58.9;42.2
49;2021-07-09;2361;8251;482758;352693;59.2;43.2
49;2021-07-10;1802;5345;484560;358038;59.4;43.9
49;2021-07-11;12;35;484572;358073;59.4;43.9
49;2021-07-12;1947;7713;486519;365786;59.6;44.8
49;2021-07-13;2572;8304;489091;374090;59.9;45.9
49;2021-07-14;2893;3375;491984;377465;60.3;46.3
49;2021-07-15;3165;7554;495149;385019;60.7;47.2
49;2021-07-16;3396;8299;498545;393318;61.1;48.2
49;2021-07-17;2103;5481;500648;398799;61.4;48.9
49;2021-07-18;3751;583;504399;399382;61.8;49.0
49;2021-07-19;2666;7452;507065;406834;62.1;49.9
49;2021-07-20;3588;7483;510653;414317;62.6;50.8
49;2021-07-21;4228;6464;514881;420781;63.1;51.6
49;2021-07-22;4815;5867;519696;426648;63.7;52.3
49;2021-07-23;5111;6630;524807;433278;64.3;53.1
49;2021-07-24;3690;5004;528497;438282;64.8;53.7
49;2021-07-25;67;33;528564;438315;64.8;53.7
49;2021-07-26;4517;5903;533081;444218;65.3;54.4
49;2021-07-27;5753;5445;538834;449663;66.0;55.1
49;2021-07-28;6019;4361;544853;454024;66.8;55.6
49;2021-07-29;6702;4157;551555;458181;67.6;56.2
49;2021-07-30;6173;4792;557728;462973;68.4;56.7
49;2021-07-31;3959;3421;561687;466394;68.8;57.2
49;2021-08-01;21;22;561708;466416;68.8;57.2
49;2021-08-02;4271;4659;565979;471075;69.4;57.7
49;2021-08-03;5434;3804;571413;474879;70.0;58.2
49;2021-08-04;5276;3722;576689;478601;70.7;58.7
49;2021-08-05;5307;3289;581996;481890;71.3;59.1
49;2021-08-06;5718;4284;587714;486174;72.0;59.6
49;2021-08-07;3926;3044;591640;489218;72.5;60.0
49;2021-08-08;24;36;591664;489254;72.5;60.0
49;2021-08-09;3501;4682;595165;493936;72.9;60.5
49;2021-08-10;4251;3903;599416;497839;73.5;61.0
49;2021-08-11;4007;3654;603423;501493;74.0;61.5
49;2021-08-12;2665;3055;606088;504548;74.3;61.8
49;2021-08-13;3926;4270;610014;508818;74.8;62.4
49;2021-08-14;2279;3149;612293;511967;75.0;62.8
49;2021-08-15;30;26;612323;511993;75.1;62.8
49;2021-08-16;2831;5061;615154;517054;75.4;63.4
49;2021-08-17;3275;4911;618429;521965;75.8;64.0
49;2021-08-18;2977;4114;621406;526079;76.2;64.5
49;2021-08-19;1549;3663;622955;529742;76.4;64.9
49;2021-08-20;2733;5772;625688;535514;76.7;65.6
49;2021-08-21;1400;4150;627088;539664;76.9;66.1
49;2021-08-22;6;41;627094;539705;76.9;66.1
49;2021-08-23;2257;5627;629351;545332;77.1;66.8
49;2021-08-24;2746;5787;632097;551119;77.5;67.5
49;2021-08-25;2330;5431;634427;556550;77.8;68.2
49;2021-08-26;1717;4827;636144;561377;78.0;68.8
49;2021-08-27;2455;6813;638599;568190;78.3;69.6
49;2021-08-28;906;4302;639505;572492;78.4;70.2
49;2021-08-29;5;94;639510;572586;78.4;70.2
49;2021-08-30;1154;4256;640664;576842;78.5;70.7
49;2021-08-31;2249;5914;642913;582756;78.8;71.4
49;2021-09-01;1684;4296;644597;587052;79.0;72.0
49;2021-09-02;1064;2619;645661;589671;79.1;72.3
49;2021-09-03;1461;3951;647122;593622;79.3;72.8
49;2021-09-04;1211;3451;648333;597073;79.5;73.2
49;2021-09-05;5;5;648338;597078;79.5;73.2
49;2021-09-06;1098;2622;649436;599700;79.6;73.5
49;2021-09-07;1191;2537;650627;602237;79.7;73.8
49;2021-09-08;989;3069;651616;605306;79.9;74.2
49;2021-09-09;771;1607;652387;606913;80.0;74.4
49;2021-09-10;972;2838;653359;609751;80.1;74.7
49;2021-09-11;725;2524;654084;612275;80.2;75.0
49;2021-09-12;12;7;654096;612282;80.2;75.0
49;2021-09-13;745;2087;654841;614369;80.3;75.3
49;2021-09-14;644;1709;655485;616078;80.3;75.5
49;2021-09-15;622;2228;656107;618306;80.4;75.8
49;2021-09-16;524;1288;656631;619594;80.5;75.9
49;2021-09-17;931;2518;657562;622112;80.6;76.3
49;2021-09-18;541;2005;658103;624117;80.7;76.5
49;2021-09-19;2;8;658105;624125;80.7;76.5
49;2021-09-20;514;1246;658619;625371;80.7;76.6
49;2021-09-21;432;1598;659051;626969;80.8;76.8
49;2021-09-22;336;1996;659387;628965;80.8;77.1
49;2021-09-23;328;1169;659715;630134;80.9;77.2
49;2021-09-24;566;2242;660281;632376;80.9;77.5
49;2021-09-25;197;1014;660478;633390;81.0;77.6
49;2021-09-26;0;0;660478;633390;81.0;77.6
49;2021-09-27;384;1374;660862;634764;81.0;77.8
49;2021-09-28;413;1061;661275;635825;81.1;77.9
49;2021-09-29;378;1242;661653;637067;81.1;78.1
49;2021-09-30;319;708;661972;637775;81.1;78.2
49;2021-10-01;545;1505;662517;639280;81.2;78.4
49;2021-10-02;354;1133;662871;640413;81.2;78.5
49;2021-10-03;4;13;662875;640426;81.2;78.5
49;2021-10-04;315;759;663190;641185;81.3;78.6
49;2021-10-05;188;553;663378;641738;81.3;78.7
49;2021-10-06;404;751;663782;642489;81.4;78.7
49;2021-10-07;217;408;663999;642897;81.4;78.8
49;2021-10-08;561;1261;664560;644158;81.5;79.0
49;2021-10-09;258;648;664818;644806;81.5;79.0
49;2021-10-10;3;2;664821;644808;81.5;79.0
50;2020-12-27;0;0;0;0;0.0;0.0
50;2020-12-28;0;0;0;0;0.0;0.0
50;2020-12-29;1;0;1;0;0.0;0.0
50;2020-12-30;0;0;1;0;0.0;0.0
50;2020-12-31;0;0;1;0;0.0;0.0
50;2021-01-01;0;0;1;0;0.0;0.0
50;2021-01-02;0;0;1;0;0.0;0.0
50;2021-01-03;0;0;1;0;0.0;0.0
50;2021-01-04;1;0;2;0;0.0;0.0
50;2021-01-05;0;0;2;0;0.0;0.0
50;2021-01-06;126;0;128;0;0.0;0.0
50;2021-01-07;324;0;452;0;0.1;0.0
50;2021-01-08;436;2;888;2;0.2;0.0
50;2021-01-09;236;0;1124;2;0.2;0.0
50;2021-01-10;23;0;1147;2;0.2;0.0
50;2021-01-11;391;1;1538;3;0.3;0.0
50;2021-01-12;599;0;2137;3;0.4;0.0
50;2021-01-13;694;5;2831;8;0.6;0.0
50;2021-01-14;1051;11;3882;19;0.8;0.0
50;2021-01-15;710;4;4592;23;0.9;0.0
50;2021-01-16;215;3;4807;26;1.0;0.0
50;2021-01-17;1;0;4808;26;1.0;0.0
50;2021-01-18;620;2;5428;28;1.1;0.0
50;2021-01-19;902;9;6330;37;1.3;0.0
50;2021-01-20;964;1;7294;38;1.5;0.0
50;2021-01-21;917;4;8211;42;1.7;0.0
50;2021-01-22;716;4;8927;46;1.8;0.0
50;2021-01-23;668;4;9595;50;2.0;0.0
50;2021-01-24;882;3;10477;53;2.1;0.0
50;2021-01-25;2708;16;13185;69;2.7;0.0
50;2021-01-26;1336;16;14521;85;3.0;0.0
50;2021-01-27;769;56;15290;141;3.1;0.0
50;2021-01-28;716;170;16006;311;3.3;0.1
50;2021-01-29;581;307;16587;618;3.4;0.1
50;2021-01-30;381;164;16968;782;3.5;0.2
50;2021-01-31;0;0;16968;782;3.5;0.2
50;2021-02-01;451;224;17419;1006;3.6;0.2
50;2021-02-02;417;235;17836;1241;3.6;0.3
50;2021-02-03;391;375;18227;1616;3.7;0.3
50;2021-02-04;486;448;18713;2064;3.8;0.4
50;2021-02-05;426;448;19139;2512;3.9;0.5
50;2021-02-06;179;114;19318;2626;3.9;0.5
50;2021-02-07;0;0;19318;2626;3.9;0.5
50;2021-02-08;254;505;19572;3131;4.0;0.6
50;2021-02-09;246;640;19818;3771;4.0;0.8
50;2021-02-10;571;557;20389;4328;4.2;0.9
50;2021-02-11;436;915;20825;5243;4.2;1.1
50;2021-02-12;329;671;21154;5914;4.3;1.2
50;2021-02-13;306;487;21460;6401;4.4;1.3
50;2021-02-14;186;826;21646;7227;4.4;1.5
50;2021-02-15;664;2030;22310;9257;4.5;1.9
50;2021-02-16;747;1616;23057;10873;4.7;2.2
50;2021-02-17;632;823;23689;11696;4.8;2.4
50;2021-02-18;569;809;24258;12505;4.9;2.5
50;2021-02-19;631;519;24889;13024;5.1;2.7
50;2021-02-20;423;191;25312;13215;5.2;2.7
50;2021-02-21;85;29;25397;13244;5.2;2.7
50;2021-02-22;291;720;25688;13964;5.2;2.8
50;2021-02-23;503;565;26191;14529;5.3;3.0
50;2021-02-24;624;571;26815;15100;5.5;3.1
50;2021-02-25;780;594;27595;15694;5.6;3.2
50;2021-02-26;998;398;28593;16092;5.8;3.3
50;2021-02-27;887;115;29480;16207;6.0;3.3
50;2021-02-28;111;0;29591;16207;6.0;3.3
50;2021-03-01;488;557;30079;16764;6.1;3.4
50;2021-03-02;651;521;30730;17285;6.3;3.5
50;2021-03-03;798;457;31528;17742;6.4;3.6
50;2021-03-04;1247;340;32775;18082;6.7;3.7
50;2021-03-05;1553;354;34328;18436;7.0;3.8
50;2021-03-06;1321;161;35649;18597;7.3;3.8
50;2021-03-07;550;42;36199;18639;7.4;3.8
50;2021-03-08;1026;625;37225;19264;7.6;3.9
50;2021-03-09;1556;587;38781;19851;7.9;4.0
50;2021-03-10;1607;323;40388;20174;8.2;4.1
50;2021-03-11;2352;362;42740;20536;8.7;4.2
50;2021-03-12;2863;252;45603;20788;9.3;4.2
50;2021-03-13;1995;141;47598;20929;9.7;4.3
50;2021-03-14;280;43;47878;20972;9.8;4.3
50;2021-03-15;1378;301;49256;21273;10.0;4.3
50;2021-03-16;1341;285;50597;21558;10.3;4.4
50;2021-03-17;1296;417;51893;21975;10.6;4.5
50;2021-03-18;1162;435;53055;22410;10.8;4.6
50;2021-03-19;1733;594;54788;23004;11.2;4.7
50;2021-03-20;1688;234;56476;23238;11.5;4.7
50;2021-03-21;794;12;57270;23250;11.7;4.7
50;2021-03-22;1508;342;58778;23592;12.0;4.8
50;2021-03-23;2078;403;60856;23995;12.4;4.9
50;2021-03-24;2281;558;63137;24553;12.9;5.0
50;2021-03-25;2813;476;65950;25029;13.4;5.1
50;2021-03-26;3205;480;69155;25509;14.1;5.2
50;2021-03-27;1824;379;70979;25888;14.5;5.3
50;2021-03-28;403;20;71382;25908;14.5;5.3
50;2021-03-29;2139;723;73521;26631;15.0;5.4
50;2021-03-30;2283;648;75804;27279;15.4;5.6
50;2021-03-31;2479;576;78283;27855;16.0;5.7
50;2021-04-01;3104;876;81387;28731;16.6;5.9
50;2021-04-02;2960;935;84347;29666;17.2;6.0
50;2021-04-03;1245;686;85592;30352;17.4;6.2
50;2021-04-04;320;135;85912;30487;17.5;6.2
50;2021-04-05;400;28;86312;30515;17.6;6.2
50;2021-04-06;2127;1226;88439;31741;18.0;6.5
50;2021-04-07;2557;1185;90996;32926;18.5;6.7
50;2021-04-08;3597;1214;94593;34140;19.3;7.0
50;2021-04-09;3936;1303;98529;35443;20.1;7.2
50;2021-04-10;2534;879;101063;36322;20.6;7.4
50;2021-04-11;411;146;101474;36468;20.7;7.4
50;2021-04-12;2438;1381;103912;37849;21.2;7.7
50;2021-04-13;2678;1523;106590;39372;21.7;8.0
50;2021-04-14;2608;1360;109198;40732;22.3;8.3
50;2021-04-15;3161;1120;112359;41852;22.9;8.5
50;2021-04-16;3363;1105;115722;42957;23.6;8.8
50;2021-04-17;2397;1188;118119;44145;24.1;9.0
50;2021-04-18;425;666;118544;44811;24.2;9.1
50;2021-04-19;1996;1473;120540;46284;24.6;9.4
50;2021-04-20;2273;1593;122813;47877;25.0;9.8
50;2021-04-21;2548;1764;125361;49641;25.5;10.1
50;2021-04-22;3078;1829;128439;51470;26.2;10.5
50;2021-04-23;2757;1923;131196;53393;26.7;10.9
50;2021-04-24;1900;1439;133096;54832;27.1;11.2
50;2021-04-25;470;273;133566;55105;27.2;11.2
50;2021-04-26;2119;1891;135685;56996;27.7;11.6
50;2021-04-27;2412;2005;138097;59001;28.1;12.0
50;2021-04-28;2708;1977;140805;60978;28.7;12.4
50;2021-04-29;3285;2053;144090;63031;29.4;12.8
50;2021-04-30;2999;1936;147089;64967;30.0;13.2
50;2021-05-01;1015;597;148104;65564;30.2;13.4
50;2021-05-02;523;448;148627;66012;30.3;13.5
50;2021-05-03;1771;1806;150398;67818;30.7;13.8
50;2021-05-04;1771;2332;152169;70150;31.0;14.3
50;2021-05-05;1659;2955;153828;73105;31.4;14.9
50;2021-05-06;2530;2590;156358;75695;31.9;15.4
50;2021-05-07;2150;2861;158508;78556;32.3;16.0
50;2021-05-08;1170;796;159678;79352;32.5;16.2
50;2021-05-09;624;362;160302;79714;32.7;16.2
50;2021-05-10;1705;2604;162007;82318;33.0;16.8
50;2021-05-11;2542;2848;164549;85166;33.5;17.4
50;2021-05-12;3179;2440;167728;87606;34.2;17.9
50;2021-05-13;3382;612;171110;88218;34.9;18.0
50;2021-05-14;3568;2279;174678;90497;35.6;18.4
50;2021-05-15;4001;1875;178679;92372;36.4;18.8
50;2021-05-16;947;267;179626;92639;36.6;18.9
50;2021-05-17;2140;1879;181766;94518;37.0;19.3
50;2021-05-18;2523;1620;184289;96138;37.6;19.6
50;2021-05-19;2503;1448;186792;97586;38.1;19.9
50;2021-05-20;3261;1624;190053;99210;38.7;20.2
50;2021-05-21;3156;1912;193209;101122;39.4;20.6
50;2021-05-22;2651;1328;195860;102450;39.9;20.9
50;2021-05-23;603;284;196463;102734;40.0;20.9
50;2021-05-24;1527;490;197990;103224;40.4;21.0
50;2021-05-25;2450;1671;200440;104895;40.9;21.4
50;2021-05-26;3002;1461;203442;106356;41.5;21.7
50;2021-05-27;3036;1972;206478;108328;42.1;22.1
50;2021-05-28;2941;2126;209419;110454;42.7;22.5
50;2021-05-29;2760;1404;212179;111858;43.2;22.8
50;2021-05-30;812;327;212991;112185;43.4;22.9
50;2021-05-31;2651;1817;215642;114002;43.9;23.2
50;2021-06-01;3333;2069;218975;116071;44.6;23.7
50;2021-06-02;3259;1785;222234;117856;45.3;24.0
50;2021-06-03;3914;2061;226148;119917;46.1;24.4
50;2021-06-04;3822;2886;229970;122803;46.9;25.0
50;2021-06-05;2958;1847;232928;124650;47.5;25.4
50;2021-06-06;813;442;233741;125092;47.6;25.5
50;2021-06-07;3512;2082;237253;127174;48.4;25.9
50;2021-06-08;4073;2228;241326;129402;49.2;26.4
50;2021-06-09;4253;1998;245579;131400;50.0;26.8
50;2021-06-10;4193;2118;249772;133518;50.9;27.2
50;2021-06-11;4224;2712;253996;136230;51.8;27.8
50;2021-06-12;3738;1613;257734;137843;52.5;28.1
50;2021-06-13;1143;451;258877;138294;52.8;28.2
50;2021-06-14;2693;2967;261570;141261;53.3;28.8
50;2021-06-15;3016;2602;264586;143863;53.9;29.3
50;2021-06-16;3097;1976;267683;145839;54.6;29.7
50;2021-06-17;2798;2486;270481;148325;55.1;30.2
50;2021-06-18;3239;3055;273720;151380;55.8;30.9
50;2021-06-19;3176;1927;276896;153307;56.4;31.2
50;2021-06-20;731;710;277627;154017;56.6;31.4
50;2021-06-21;1819;3132;279446;157149;57.0;32.0
50;2021-06-22;2064;3393;281510;160542;57.4;32.7
50;2021-06-23;1871;3875;283381;164417;57.8;33.5
50;2021-06-24;1711;4008;285092;168425;58.1;34.3
50;2021-06-25;2134;4009;287226;172434;58.5;35.1
50;2021-06-26;2147;3695;289373;176129;59.0;35.9
50;2021-06-27;615;895;289988;177024;59.1;36.1
50;2021-06-28;1927;3349;291915;180373;59.5;36.8
50;2021-06-29;1881;3407;293796;183780;59.9;37.5
50;2021-06-30;2179;3411;295975;187191;60.3;38.2
50;2021-07-01;1944;3288;297919;190479;60.7;38.8
50;2021-07-02;1898;3935;299817;194414;61.1;39.6
50;2021-07-03;1448;3447;301265;197861;61.4;40.3
50;2021-07-04;445;1066;301710;198927;61.5;40.5
50;2021-07-05;1262;3412;302972;202339;61.7;41.2
50;2021-07-06;1573;3896;304545;206235;62.1;42.0
50;2021-07-07;1804;3617;306349;209852;62.4;42.8
50;2021-07-08;1374;4101;307723;213953;62.7;43.6
50;2021-07-09;1394;4572;309117;218525;63.0;44.5
50;2021-07-10;1023;3599;310140;222124;63.2;45.3
50;2021-07-11;373;1018;310513;223142;63.3;45.5
50;2021-07-12;1317;4625;311830;227767;63.6;46.4
50;2021-07-13;1624;4857;313454;232624;63.9;47.4
50;2021-07-14;1476;2359;314930;234983;64.2;47.9
50;2021-07-15;1687;5056;316617;240039;64.5;48.9
50;2021-07-16;2992;5243;319609;245282;65.1;50.0
50;2021-07-17;2149;3733;321758;249015;65.6;50.8
50;2021-07-18;402;1092;322160;250107;65.7;51.0
50;2021-07-19;1571;5186;323731;255293;66.0;52.0
50;2021-07-20;1924;5407;325655;260700;66.4;53.1
50;2021-07-21;1802;5259;327457;265959;66.7;54.2
50;2021-07-22;1947;5004;329404;270963;67.1;55.2
50;2021-07-23;2072;5385;331476;276348;67.6;56.3
50;2021-07-24;1311;3836;332787;280184;67.8;57.1
50;2021-07-25;274;1037;333061;281221;67.9;57.3
50;2021-07-26;2290;3487;335351;284708;68.3;58.0
50;2021-07-27;2899;3347;338250;288055;68.9;58.7
50;2021-07-28;2998;3689;341248;291744;69.5;59.5
50;2021-07-29;3581;3233;344829;294977;70.3;60.1
50;2021-07-30;3075;3009;347904;297986;70.9;60.7
50;2021-07-31;2406;2672;350310;300658;71.4;61.3
50;2021-08-01;484;686;350794;301344;71.5;61.4
50;2021-08-02;2475;2741;353269;304085;72.0;62.0
50;2021-08-03;3404;2470;356673;306555;72.7;62.5
50;2021-08-04;3602;2323;360275;308878;73.4;63.0
50;2021-08-05;3189;2159;363464;311037;74.1;63.4
50;2021-08-06;3658;2800;367122;313837;74.8;64.0
50;2021-08-07;2462;2156;369584;315993;75.3;64.4
50;2021-08-08;511;712;370095;316705;75.4;64.5
50;2021-08-09;2494;2135;372589;318840;75.9;65.0
50;2021-08-10;2987;1989;375576;320829;76.5;65.4
50;2021-08-11;2852;2018;378428;322847;77.1;65.8
50;2021-08-12;2596;2439;381024;325286;77.7;66.3
50;2021-08-13;2506;1979;383530;327265;78.2;66.7
50;2021-08-14;1810;1748;385340;329013;78.5;67.1
50;2021-08-15;399;334;385739;329347;78.6;67.1
50;2021-08-16;1721;2228;387460;331575;79.0;67.6
50;2021-08-17;1973;2704;389433;334279;79.4;68.1
50;2021-08-18;1846;2389;391279;336668;79.7;68.6
50;2021-08-19;1710;2579;392989;339247;80.1;69.1
50;2021-08-20;1621;2739;394610;341986;80.4;69.7
50;2021-08-21;1016;2727;395626;344713;80.6;70.3
50;2021-08-22;384;519;396010;345232;80.7;70.4
50;2021-08-23;1138;2906;397148;348138;80.9;71.0
50;2021-08-24;1246;3222;398394;351360;81.2;71.6
50;2021-08-25;1107;2649;399501;354009;81.4;72.1
50;2021-08-26;866;3156;400367;357165;81.6;72.8
50;2021-08-27;937;3181;401304;360346;81.8;73.4
50;2021-08-28;794;2887;402098;363233;81.9;74.0
50;2021-08-29;283;575;402381;363808;82.0;74.1
50;2021-08-30;773;2875;403154;366683;82.2;74.7
50;2021-08-31;822;2928;403976;369611;82.3;75.3
50;2021-09-01;690;2659;404666;372270;82.5;75.9
50;2021-09-02;530;2220;405196;374490;82.6;76.3
50;2021-09-03;697;2539;405893;377029;82.7;76.8
50;2021-09-04;621;2852;406514;379881;82.8;77.4
50;2021-09-05;194;669;406708;380550;82.9;77.6
50;2021-09-06;434;1898;407142;382448;83.0;77.9
50;2021-09-07;330;1473;407472;383921;83.0;78.2
50;2021-09-08;502;1934;407974;385855;83.1;78.6
50;2021-09-09;419;1274;408393;387129;83.2;78.9
50;2021-09-10;532;1689;408925;388818;83.3;79.2
50;2021-09-11;365;2179;409290;390997;83.4;79.7
50;2021-09-12;71;369;409361;391366;83.4;79.8
50;2021-09-13;412;1022;409773;392388;83.5;80.0
50;2021-09-14;414;938;410187;393326;83.6;80.2
50;2021-09-15;419;1087;410606;394413;83.7;80.4
50;2021-09-16;464;748;411070;395161;83.8;80.5
50;2021-09-17;462;1032;411532;396193;83.9;80.7
50;2021-09-18;314;1467;411846;397660;83.9;81.0
50;2021-09-19;46;276;411892;397936;83.9;81.1
50;2021-09-20;382;589;412274;398525;84.0;81.2
50;2021-09-21;431;625;412705;399150;84.1;81.3
50;2021-09-22;216;867;412921;400017;84.2;81.5
50;2021-09-23;272;452;413193;400469;84.2;81.6
50;2021-09-24;253;819;413446;401288;84.3;81.8
50;2021-09-25;213;934;413659;402222;84.3;82.0
50;2021-09-26;20;181;413679;402403;84.3;82.0
50;2021-09-27;110;392;413789;402795;84.3;82.1
50;2021-09-28;160;385;413949;403180;84.4;82.2
50;2021-09-29;156;525;414105;403705;84.4;82.3
50;2021-09-30;165;424;414270;404129;84.4;82.4
50;2021-10-01;206;592;414476;404721;84.5;82.5
50;2021-10-02;224;540;414700;405261;84.5;82.6
50;2021-10-03;2;5;414702;405266;84.5;82.6
50;2021-10-04;179;483;414881;405749;84.6;82.7
50;2021-10-05;135;399;415016;406148;84.6;82.8
50;2021-10-06;191;488;415207;406636;84.6;82.9
50;2021-10-07;112;362;415319;406998;84.6;82.9
50;2021-10-08;208;500;415527;407498;84.7;83.0
50;2021-10-09;218;515;415745;408013;84.7;83.2
50;2021-10-10;0;0;415745;408013;84.7;83.2
51;2020-12-27;0;0;0;0;0.0;0.0
51;2020-12-28;0;0;0;0;0.0;0.0
51;2020-12-29;0;0;0;0;0.0;0.0
51;2020-12-30;0;0;0;0;0.0;0.0
51;2020-12-31;1;0;1;0;0.0;0.0
51;2021-01-01;0;0;1;0;0.0;0.0
51;2021-01-02;0;0;1;0;0.0;0.0
51;2021-01-03;0;0;1;0;0.0;0.0
51;2021-01-04;1;0;2;0;0.0;0.0
51;2021-01-05;1;0;3;0;0.0;0.0
51;2021-01-06;6;0;9;0;0.0;0.0
51;2021-01-07;262;1;271;1;0.0;0.0
51;2021-01-08;508;1;779;2;0.1;0.0
51;2021-01-09;91;1;870;3;0.2;0.0
51;2021-01-10;0;0;870;3;0.2;0.0
51;2021-01-11;545;2;1415;5;0.3;0.0
51;2021-01-12;1542;6;2957;11;0.5;0.0
51;2021-01-13;1289;7;4246;18;0.8;0.0
51;2021-01-14;1475;7;5721;25;1.0;0.0
51;2021-01-15;607;4;6328;29;1.1;0.0
51;2021-01-16;177;1;6505;30;1.2;0.0
51;2021-01-17;102;0;6607;30;1.2;0.0
51;2021-01-18;845;4;7452;34;1.3;0.0
51;2021-01-19;997;5;8449;39;1.5;0.0
51;2021-01-20;955;11;9404;50;1.7;0.0
51;2021-01-21;790;3;10194;53;1.8;0.0
51;2021-01-22;394;2;10588;55;1.9;0.0
51;2021-01-23;294;0;10882;55;1.9;0.0
51;2021-01-24;130;1;11012;56;2.0;0.0
51;2021-01-25;712;3;11724;59;2.1;0.0
51;2021-01-26;779;5;12503;64;2.2;0.0
51;2021-01-27;656;4;13159;68;2.3;0.0
51;2021-01-28;646;68;13805;136;2.4;0.0
51;2021-01-29;474;142;14279;278;2.5;0.0
51;2021-01-30;126;5;14405;283;2.6;0.1
51;2021-01-31;83;0;14488;283;2.6;0.1
51;2021-02-01;275;58;14763;341;2.6;0.1
51;2021-02-02;738;723;15501;1064;2.7;0.2
51;2021-02-03;642;472;16143;1536;2.9;0.3
51;2021-02-04;968;816;17111;2352;3.0;0.4
51;2021-02-05;972;513;18083;2865;3.2;0.5
51;2021-02-06;30;147;18113;3012;3.2;0.5
51;2021-02-07;0;18;18113;3030;3.2;0.5
51;2021-02-08;115;412;18228;3442;3.2;0.6
51;2021-02-09;222;471;18450;3913;3.3;0.7
51;2021-02-10;220;637;18670;4550;3.3;0.8
51;2021-02-11;302;530;18972;5080;3.4;0.9
51;2021-02-12;341;564;19313;5644;3.4;1.0
51;2021-02-13;8;115;19321;5759;3.4;1.0
51;2021-02-14;8;171;19329;5930;3.4;1.1
51;2021-02-15;266;848;19595;6778;3.5;1.2
51;2021-02-16;402;969;19997;7747;3.5;1.4
51;2021-02-17;367;877;20364;8624;3.6;1.5
51;2021-02-18;437;593;20801;9217;3.7;1.6
51;2021-02-19;528;424;21329;9641;3.8;1.7
51;2021-02-20;205;293;21534;9934;3.8;1.8
51;2021-02-21;10;101;21544;10035;3.8;1.8
51;2021-02-22;195;689;21739;10724;3.9;1.9
51;2021-02-23;262;1099;22001;11823;3.9;2.1
51;2021-02-24;414;689;22415;12512;4.0;2.2
51;2021-02-25;1049;887;23464;13399;4.2;2.4
51;2021-02-26;1228;668;24692;14067;4.4;2.5
51;2021-02-27;590;124;25282;14191;4.5;2.5
51;2021-02-28;7;71;25289;14262;4.5;2.5
51;2021-03-01;768;314;26057;14576;4.6;2.6
51;2021-03-02;1128;467;27185;15043;4.8;2.7
51;2021-03-03;1195;467;28380;15510;5.0;2.8
51;2021-03-04;1061;701;29441;16211;5.2;2.9
51;2021-03-05;1560;675;31001;16886;5.5;3.0
51;2021-03-06;1434;60;32435;16946;5.8;3.0
51;2021-03-07;251;6;32686;16952;5.8;3.0
51;2021-03-08;992;101;33678;17053;6.0;3.0
51;2021-03-09;1665;195;35343;17248;6.3;3.1
51;2021-03-10;1999;114;37342;17362;6.6;3.1
51;2021-03-11;2371;175;39713;17537;7.0;3.1
51;2021-03-12;3255;167;42968;17704;7.6;3.1
51;2021-03-13;2550;54;45518;17758;8.1;3.1
51;2021-03-14;190;5;45708;17763;8.1;3.2
51;2021-03-15;1580;151;47288;17914;8.4;3.2
51;2021-03-16;1478;186;48766;18100;8.6;3.2
51;2021-03-17;1497;211;50263;18311;8.9;3.2
51;2021-03-18;1615;289;51878;18600;9.2;3.3
51;2021-03-19;2311;303;54189;18903;9.6;3.4
51;2021-03-20;1661;220;55850;19123;9.9;3.4
51;2021-03-21;133;5;55983;19128;9.9;3.4
51;2021-03-22;1416;126;57399;19254;10.2;3.4
51;2021-03-23;2469;170;59868;19424;10.6;3.4
51;2021-03-24;2846;138;62714;19562;11.1;3.5
51;2021-03-25;3254;339;65968;19901;11.7;3.5
51;2021-03-26;3411;511;69379;20412;12.3;3.6
51;2021-03-27;1842;253;71221;20665;12.6;3.7
51;2021-03-28;213;3;71434;20668;12.7;3.7
51;2021-03-29;991;641;72425;21309;12.8;3.8
51;2021-03-30;1748;862;74173;22171;13.2;3.9
51;2021-03-31;1738;761;75911;22932;13.5;4.1
51;2021-04-01;2282;463;78193;23395;13.9;4.1
51;2021-04-02;2425;645;80618;24040;14.3;4.3
51;2021-04-03;1301;413;81919;24453;14.5;4.3
51;2021-04-04;106;2;82025;24455;14.5;4.3
51;2021-04-05;72;141;82097;24596;14.6;4.4
51;2021-04-06;763;1233;82860;25829;14.7;4.6
51;2021-04-07;1312;1412;84172;27241;14.9;4.8
51;2021-04-08;2208;1783;86380;29024;15.3;5.1
51;2021-04-09;2863;1737;89243;30761;15.8;5.5
51;2021-04-10;2219;503;91462;31264;16.2;5.5
51;2021-04-11;105;85;91567;31349;16.2;5.6
51;2021-04-12;1450;1344;93017;32693;16.5;5.8
51;2021-04-13;1936;1682;94953;34375;16.8;6.1
51;2021-04-14;2460;1560;97413;35935;17.3;6.4
51;2021-04-15;2855;1675;100268;37610;17.8;6.7
51;2021-04-16;3214;1609;103482;39219;18.4;7.0
51;2021-04-17;1966;776;105448;39995;18.7;7.1
51;2021-04-18;296;114;105744;40109;18.8;7.1
51;2021-04-19;1561;1162;107305;41271;19.0;7.3
51;2021-04-20;1791;1665;109096;42936;19.3;7.6
51;2021-04-21;2002;1745;111098;44681;19.7;7.9
51;2021-04-22;2407;1666;113505;46347;20.1;8.2
51;2021-04-23;2982;1831;116487;48178;20.7;8.5
51;2021-04-24;1749;955;118236;49133;21.0;8.7
51;2021-04-25;123;161;118359;49294;21.0;8.7
51;2021-04-26;1851;761;120210;50055;21.3;8.9
51;2021-04-27;2442;1237;122652;51292;21.8;9.1
51;2021-04-28;2552;1315;125204;52607;22.2;9.3
51;2021-04-29;2676;1464;127880;54071;22.7;9.6
51;2021-04-30;2975;1679;130855;55750;23.2;9.9
51;2021-05-01;1453;412;132308;56162;23.5;10.0
51;2021-05-02;107;99;132415;56261;23.5;10.0
51;2021-05-03;2484;766;134899;57027;23.9;10.1
51;2021-05-04;2788;1358;137687;58385;24.4;10.4
51;2021-05-05;2860;1642;140547;60027;24.9;10.6
51;2021-05-06;5344;1956;145891;61983;25.9;11.0
51;2021-05-07;3705;1940;149596;63923;26.5;11.3
51;2021-05-08;2862;820;152458;64743;27.0;11.5
51;2021-05-09;212;92;152670;64835;27.1;11.5
51;2021-05-10;3214;1869;155884;66704;27.6;11.8
51;2021-05-11;3643;2042;159527;68746;28.3;12.2
51;2021-05-12;4182;2237;163709;70983;29.0;12.6
51;2021-05-13;1777;505;165486;71488;29.4;12.7
51;2021-05-14;5401;1744;170887;73232;30.3;13.0
51;2021-05-15;4227;1355;175114;74587;31.1;13.2
51;2021-05-16;284;47;175398;74634;31.1;13.2
51;2021-05-17;3131;1524;178529;76158;31.7;13.5
51;2021-05-18;3918;1767;182447;77925;32.4;13.8
51;2021-05-19;4031;1724;186478;79649;33.1;14.1
51;2021-05-20;4649;1969;191127;81618;33.9;14.5
51;2021-05-21;3597;2473;194724;84091;34.5;14.9
51;2021-05-22;2075;1548;196799;85639;34.9;15.2
51;2021-05-23;308;210;197107;85849;35.0;15.2
51;2021-05-24;2018;720;199125;86569;35.3;15.4
51;2021-05-25;3130;1829;202255;88398;35.9;15.7
51;2021-05-26;3297;1711;205552;90109;36.5;16.0
51;2021-05-27;3267;2062;208819;92171;37.0;16.3
51;2021-05-28;3605;2823;212424;94994;37.7;16.8
51;2021-05-29;2401;1995;214825;96989;38.1;17.2
51;2021-05-30;401;133;215226;97122;38.2;17.2
51;2021-05-31;3348;1784;218574;98906;38.8;17.5
51;2021-06-01;3854;2334;222428;101240;39.4;18.0
51;2021-06-02;6096;2332;228524;103572;40.5;18.4
51;2021-06-03;3580;2427;232104;105999;41.2;18.8
51;2021-06-04;6346;2943;238450;108942;42.3;19.3
51;2021-06-05;2596;1821;241046;110763;42.8;19.6
51;2021-06-06;172;157;241218;110920;42.8;19.7
51;2021-06-07;4302;2166;245520;113086;43.5;20.1
51;2021-06-08;3925;2533;249445;115619;44.2;20.5
51;2021-06-09;4016;2750;253461;118369;45.0;21.0
51;2021-06-10;3208;2491;256669;120860;45.5;21.4
51;2021-06-11;3358;3429;260027;124289;46.1;22.0
51;2021-06-12;2165;2170;262192;126459;46.5;22.4
51;2021-06-13;191;149;262383;126608;46.5;22.5
51;2021-06-14;1627;3331;264010;129939;46.8;23.0
51;2021-06-15;3189;3577;267199;133516;47.4;23.7
51;2021-06-16;2208;3685;269407;137201;47.8;24.3
51;2021-06-17;2609;5402;272016;142603;48.2;25.3
51;2021-06-18;2355;5212;274371;147815;48.7;26.2
51;2021-06-19;1683;4425;276054;152240;49.0;27.0
51;2021-06-20;184;228;276238;152468;49.0;27.0
51;2021-06-21;1231;4440;277469;156908;49.2;27.8
51;2021-06-22;1558;4044;279027;160952;49.5;28.5
51;2021-06-23;3670;4239;282697;165191;50.1;29.3
51;2021-06-24;2246;3226;284943;168417;50.5;29.9
51;2021-06-25;1905;6526;286848;174943;50.9;31.0
51;2021-06-26;1203;5064;288051;180007;51.1;31.9
51;2021-06-27;103;336;288154;180343;51.1;32.0
51;2021-06-28;1401;4413;289555;184756;51.4;32.8
51;2021-06-29;1174;4463;290729;189219;51.6;33.6
51;2021-06-30;1686;6044;292415;195263;51.9;34.6
51;2021-07-01;1978;3765;294393;199028;52.2;35.3
51;2021-07-02;1838;6887;296231;205915;52.5;36.5
51;2021-07-03;1003;3198;297234;209113;52.7;37.1
51;2021-07-04;171;254;297405;209367;52.7;37.1
51;2021-07-05;770;5529;298175;214896;52.9;38.1
51;2021-07-06;1246;4781;299421;219677;53.1;39.0
51;2021-07-07;1617;4935;301038;224612;53.4;39.8
51;2021-07-08;2067;3431;303105;228043;53.8;40.4
51;2021-07-09;1854;5056;304959;233099;54.1;41.3
51;2021-07-10;1238;3204;306197;236303;54.3;41.9
51;2021-07-11;190;281;306387;236584;54.3;42.0
51;2021-07-12;996;4380;307383;240964;54.5;42.7
51;2021-07-13;1480;4775;308863;245739;54.8;43.6
51;2021-07-14;1071;1691;309934;247430;55.0;43.9
51;2021-07-15;2938;4915;312872;252345;55.5;44.8
51;2021-07-16;2365;5275;315237;257620;55.9;45.7
51;2021-07-17;1821;3481;317058;261101;56.2;46.3
51;2021-07-18;163;330;317221;261431;56.3;46.4
51;2021-07-19;1892;3977;319113;265408;56.6;47.1
51;2021-07-20;2585;5143;321698;270551;57.1;48.0
51;2021-07-21;3611;4069;325309;274620;57.7;48.7
51;2021-07-22;4412;3758;329721;278378;58.5;49.4
51;2021-07-23;3640;4381;333361;282759;59.1;50.2
51;2021-07-24;2086;2726;335447;285485;59.5;50.6
51;2021-07-25;356;258;335803;285743;59.6;50.7
51;2021-07-26;3113;2808;338916;288551;60.1;51.2
51;2021-07-27;5864;3277;344780;291828;61.2;51.8
51;2021-07-28;4139;4321;348919;296149;61.9;52.5
51;2021-07-29;4701;2722;353620;298871;62.7;53.0
51;2021-07-30;3628;3163;357248;302034;63.4;53.6
51;2021-07-31;2526;2132;359774;304166;63.8;53.9
51;2021-08-01;375;236;360149;304402;63.9;54.0
51;2021-08-02;3287;2310;363436;306712;64.5;54.4
51;2021-08-03;3775;1913;367211;308625;65.1;54.7
51;2021-08-04;4450;2126;371661;310751;65.9;55.1
51;2021-08-05;2655;1536;374316;312287;66.4;55.4
51;2021-08-06;3044;2552;377360;314839;66.9;55.8
51;2021-08-07;2161;1700;379521;316539;67.3;56.1
51;2021-08-08;368;208;379889;316747;67.4;56.2
51;2021-08-09;2604;1852;382493;318599;67.8;56.5
51;2021-08-10;2372;1984;384865;320583;68.3;56.9
51;2021-08-11;2917;2341;387782;322924;68.8;57.3
51;2021-08-12;1754;1958;389536;324882;69.1;57.6
51;2021-08-13;2066;2670;391602;327552;69.5;58.1
51;2021-08-14;1583;2027;393185;329579;69.7;58.5
51;2021-08-15;149;150;393334;329729;69.8;58.5
51;2021-08-16;1356;3016;394690;332745;70.0;59.0
51;2021-08-17;1560;3283;396250;336028;70.3;59.6
51;2021-08-18;1899;3693;398149;339721;70.6;60.3
51;2021-08-19;1409;2548;399558;342269;70.9;60.7
51;2021-08-20;1707;3974;401265;346243;71.2;61.4
51;2021-08-21;988;2497;402253;348740;71.3;61.9
51;2021-08-22;101;343;402354;349083;71.4;61.9
51;2021-08-23;1111;3607;403465;352690;71.6;62.6
51;2021-08-24;1174;3643;404639;356333;71.8;63.2
51;2021-08-25;1320;4488;405959;360821;72.0;64.0
51;2021-08-26;1058;2547;407017;363368;72.2;64.4
51;2021-08-27;1214;4178;408231;367546;72.4;65.2
51;2021-08-28;655;2632;408886;370178;72.5;65.7
51;2021-08-29;84;360;408970;370538;72.5;65.7
51;2021-08-30;1332;4788;410302;375326;72.8;66.6
51;2021-08-31;778;2915;411080;378241;72.9;67.1
51;2021-09-01;738;3215;411818;381456;73.0;67.7
51;2021-09-02;800;2048;412618;383504;73.2;68.0
51;2021-09-03;905;2628;413523;386132;73.3;68.5
51;2021-09-04;621;2706;414144;388838;73.5;69.0
51;2021-09-05;122;194;414266;389032;73.5;69.0
51;2021-09-06;436;1509;414702;390541;73.6;69.3
51;2021-09-07;519;1256;415221;391797;73.6;69.5
51;2021-09-08;627;1925;415848;393722;73.8;69.8
51;2021-09-09;466;1189;416314;394911;73.8;70.0
51;2021-09-10;671;1787;416985;396698;74.0;70.4
51;2021-09-11;562;1828;417547;398526;74.1;70.7
51;2021-09-12;19;79;417566;398605;74.1;70.7
51;2021-09-13;427;850;417993;399455;74.1;70.8
51;2021-09-14;595;872;418588;400327;74.2;71.0
51;2021-09-15;494;1425;419082;401752;74.3;71.3
51;2021-09-16;307;657;419389;402409;74.4;71.4
51;2021-09-17;551;1129;419940;403538;74.5;71.6
51;2021-09-18;470;1421;420410;404959;74.6;71.8
51;2021-09-19;13;64;420423;405023;74.6;71.8
51;2021-09-20;280;536;420703;405559;74.6;71.9
51;2021-09-21;255;490;420958;406049;74.7;72.0
51;2021-09-22;318;1353;421276;407402;74.7;72.3
51;2021-09-23;195;602;421471;408004;74.8;72.4
51;2021-09-24;366;978;421837;408982;74.8;72.5
51;2021-09-25;283;984;422120;409966;74.9;72.7
51;2021-09-26;7;129;422127;410095;74.9;72.7
51;2021-09-27;259;446;422386;410541;74.9;72.8
51;2021-09-28;298;363;422684;410904;75.0;72.9
51;2021-09-29;348;775;423032;411679;75.0;73.0
51;2021-09-30;263;415;423295;412094;75.1;73.1
51;2021-10-01;355;717;423650;412811;75.1;73.2
51;2021-10-02;371;761;424021;413572;75.2;73.4
51;2021-10-03;0;1;424021;413573;75.2;73.4
51;2021-10-04;180;445;424201;414018;75.2;73.4
51;2021-10-05;204;432;424405;414450;75.3;73.5
51;2021-10-06;312;553;424717;415003;75.3;73.6
51;2021-10-07;163;368;424880;415371;75.4;73.7
51;2021-10-08;310;590;425190;415961;75.4;73.8
51;2021-10-09;313;602;425503;416563;75.5;73.9
51;2021-10-10;2;2;425505;416565;75.5;73.9
52;2020-12-27;0;0;0;0;0.0;0.0
52;2020-12-28;1;0;1;0;0.0;0.0
52;2020-12-29;0;0;1;0;0.0;0.0
52;2020-12-30;0;0;1;0;0.0;0.0
52;2020-12-31;0;0;1;0;0.0;0.0
52;2021-01-01;0;0;1;0;0.0;0.0
52;2021-01-02;1;0;2;0;0.0;0.0
52;2021-01-03;0;0;2;0;0.0;0.0
52;2021-01-04;0;0;2;0;0.0;0.0
52;2021-01-05;0;0;2;0;0.0;0.0
52;2021-01-06;2;0;4;0;0.0;0.0
52;2021-01-07;0;0;4;0;0.0;0.0
52;2021-01-08;200;1;204;1;0.1;0.0
52;2021-01-09;93;0;297;1;0.2;0.0
52;2021-01-10;0;0;297;1;0.2;0.0
52;2021-01-11;207;0;504;1;0.3;0.0
52;2021-01-12;171;0;675;1;0.4;0.0
52;2021-01-13;563;3;1238;4;0.7;0.0
52;2021-01-14;677;11;1915;15;1.1;0.0
52;2021-01-15;411;1;2326;16;1.4;0.0
52;2021-01-16;16;1;2342;17;1.4;0.0
52;2021-01-17;0;0;2342;17;1.4;0.0
52;2021-01-18;427;0;2769;17;1.6;0.0
52;2021-01-19;440;1;3209;18;1.9;0.0
52;2021-01-20;422;0;3631;18;2.1;0.0
52;2021-01-21;423;2;4054;20;2.4;0.0
52;2021-01-22;320;2;4374;22;2.6;0.0
52;2021-01-23;73;2;4447;24;2.6;0.0
52;2021-01-24;0;0;4447;24;2.6;0.0
52;2021-01-25;236;0;4683;24;2.8;0.0
52;2021-01-26;308;0;4991;24;2.9;0.0
52;2021-01-27;238;1;5229;25;3.1;0.0
52;2021-01-28;174;4;5403;29;3.2;0.0
52;2021-01-29;74;122;5477;151;3.2;0.1
52;2021-01-30;91;95;5568;246;3.3;0.1
52;2021-01-31;0;0;5568;246;3.3;0.1
52;2021-02-01;117;189;5685;435;3.4;0.3
52;2021-02-02;61;176;5746;611;3.4;0.4
52;2021-02-03;89;410;5835;1021;3.4;0.6
52;2021-02-04;231;592;6066;1613;3.6;1.0
52;2021-02-05;113;505;6179;2118;3.7;1.3
52;2021-02-06;22;0;6201;2118;3.7;1.3
52;2021-02-07;0;1;6201;2119;3.7;1.3
52;2021-02-08;34;208;6235;2327;3.7;1.4
52;2021-02-09;47;216;6282;2543;3.7;1.5
52;2021-02-10;88;189;6370;2732;3.8;1.6
52;2021-02-11;129;148;6499;2880;3.8;1.7
52;2021-02-12;187;128;6686;3008;4.0;1.8
52;2021-02-13;5;1;6691;3009;4.0;1.8
52;2021-02-14;0;16;6691;3025;4.0;1.8
52;2021-02-15;79;277;6770;3302;4.0;2.0
52;2021-02-16;50;358;6820;3660;4.0;2.2
52;2021-02-17;38;313;6858;3973;4.1;2.3
52;2021-02-18;82;279;6940;4252;4.1;2.5
52;2021-02-19;50;192;6990;4444;4.1;2.6
52;2021-02-20;14;106;7004;4550;4.1;2.7
52;2021-02-21;0;0;7004;4550;4.1;2.7
52;2021-02-22;42;382;7046;4932;4.2;2.9
52;2021-02-23;56;278;7102;5210;4.2;3.1
52;2021-02-24;81;246;7183;5456;4.2;3.2
52;2021-02-25;161;238;7344;5694;4.3;3.4
52;2021-02-26;296;182;7640;5876;4.5;3.5
52;2021-02-27;149;49;7789;5925;4.6;3.5
52;2021-02-28;0;0;7789;5925;4.6;3.5
52;2021-03-01;162;14;7951;5939;4.7;3.5
52;2021-03-02;238;51;8189;5990;4.8;3.5
52;2021-03-03;356;38;8545;6028;5.0;3.6
52;2021-03-04;381;58;8926;6086;5.3;3.6
52;2021-03-05;531;54;9457;6140;5.6;3.6
52;2021-03-06;409;36;9866;6176;5.8;3.6
52;2021-03-07;0;0;9866;6176;5.8;3.6
52;2021-03-08;398;112;10264;6288;6.1;3.7
52;2021-03-09;549;111;10813;6399;6.4;3.8
52;2021-03-10;308;109;11121;6508;6.6;3.8
52;2021-03-11;587;36;11708;6544;6.9;3.9
52;2021-03-12;588;70;12296;6614;7.3;3.9
52;2021-03-13;494;11;12790;6625;7.6;3.9
52;2021-03-14;15;3;12805;6628;7.6;3.9
52;2021-03-15;318;28;13123;6656;7.8;3.9
52;2021-03-16;203;16;13326;6672;7.9;3.9
52;2021-03-17;369;16;13695;6688;8.1;4.0
52;2021-03-18;442;12;14137;6700;8.4;4.0
52;2021-03-19;453;55;14590;6755;8.6;4.0
52;2021-03-20;259;12;14849;6767;8.8;4.0
52;2021-03-21;15;1;14864;6768;8.8;4.0
52;2021-03-22;375;49;15239;6817;9.0;4.0
52;2021-03-23;686;140;15925;6957;9.4;4.1
52;2021-03-24;771;74;16696;7031;9.9;4.2
52;2021-03-25;1144;89;17840;7120;10.5;4.2
52;2021-03-26;1037;139;18877;7259;11.2;4.3
52;2021-03-27;477;77;19354;7336;11.4;4.3
52;2021-03-28;53;0;19407;7336;11.5;4.3
52;2021-03-29;507;185;19914;7521;11.8;4.4
52;2021-03-30;868;336;20782;7857;12.3;4.6
52;2021-03-31;956;293;21738;8150;12.8;4.8
52;2021-04-01;1145;184;22883;8334;13.5;4.9
52;2021-04-02;958;111;23841;8445;14.1;5.0
52;2021-04-03;462;3;24303;8448;14.4;5.0
52;2021-04-04;1;1;24304;8449;14.4;5.0
52;2021-04-05;1;0;24305;8449;14.4;5.0
52;2021-04-06;434;296;24739;8745;14.6;5.2
52;2021-04-07;506;451;25245;9196;14.9;5.4
52;2021-04-08;860;212;26105;9408;15.4;5.6
52;2021-04-09;1058;131;27163;9539;16.0;5.6
52;2021-04-10;850;102;28013;9641;16.6;5.7
52;2021-04-11;96;1;28109;9642;16.6;5.7
52;2021-04-12;933;282;29042;9924;17.2;5.9
52;2021-04-13;1251;381;30293;10305;17.9;6.1
52;2021-04-14;1346;459;31639;10764;18.7;6.4
52;2021-04-15;1505;443;33144;11207;19.6;6.6
52;2021-04-16;1569;366;34713;11573;20.5;6.8
52;2021-04-17;1312;137;36025;11710;21.3;6.9
52;2021-04-18;510;29;36535;11739;21.6;6.9
52;2021-04-19;697;612;37232;12351;22.0;7.3
52;2021-04-20;1079;679;38311;13030;22.6;7.7
52;2021-04-21;1058;675;39369;13705;23.3;8.1
52;2021-04-22;1468;736;40837;14441;24.1;8.5
52;2021-04-23;1250;671;42087;15112;24.9;8.9
52;2021-04-24;477;294;42564;15406;25.1;9.1
52;2021-04-25;3;77;42567;15483;25.2;9.1
52;2021-04-26;631;564;43198;16047;25.5;9.5
52;2021-04-27;932;672;44130;16719;26.1;9.9
52;2021-04-28;1444;570;45574;17289;26.9;10.2
52;2021-04-29;1452;583;47026;17872;27.8;10.6
52;2021-04-30;1316;618;48342;18490;28.6;10.9
52;2021-05-01;8;232;48350;18722;28.6;11.1
52;2021-05-02;0;1;48350;18723;28.6;11.1
52;2021-05-03;1159;630;49509;19353;29.3;11.4
52;2021-05-04;1445;723;50954;20076;30.1;11.9
52;2021-05-05;1768;648;52722;20724;31.2;12.2
52;2021-05-06;1963;537;54685;21261;32.3;12.6
52;2021-05-07;1441;1170;56126;22431;33.2;13.3
52;2021-05-08;587;318;56713;22749;33.5;13.4
52;2021-05-09;1;47;56714;22796;33.5;13.5
52;2021-05-10;792;1101;57506;23897;34.0;14.1
52;2021-05-11;868;1391;58374;25288;34.5;14.9
52;2021-05-12;1206;1382;59580;26670;35.2;15.8
52;2021-05-13;67;184;59647;26854;35.2;15.9
52;2021-05-14;1185;1366;60832;28220;35.9;16.7
52;2021-05-15;492;929;61324;29149;36.2;17.2
52;2021-05-16;8;43;61332;29192;36.2;17.2
52;2021-05-17;1141;705;62473;29897;36.9;17.7
52;2021-05-18;1218;677;63691;30574;37.6;18.1
52;2021-05-19;1541;415;65232;30989;38.5;18.3
52;2021-05-20;1546;422;66778;31411;39.5;18.6
52;2021-05-21;1625;611;68403;32022;40.4;18.9
52;2021-05-22;1089;210;69492;32232;41.1;19.0
52;2021-05-23;1;0;69493;32232;41.1;19.0
52;2021-05-24;405;33;69898;32265;41.3;19.1
52;2021-05-25;1352;385;71250;32650;42.1;19.3
52;2021-05-26;1476;672;72726;33322;43.0;19.7
52;2021-05-27;1564;787;74290;34109;43.9;20.2
52;2021-05-28;1494;673;75784;34782;44.8;20.6
52;2021-05-29;695;834;76479;35616;45.2;21.0
52;2021-05-30;16;551;76495;36167;45.2;21.4
52;2021-05-31;825;829;77320;36996;45.7;21.9
52;2021-06-01;956;816;78276;37812;46.2;22.3
52;2021-06-02;896;754;79172;38566;46.8;22.8
52;2021-06-03;825;825;79997;39391;47.3;23.3
52;2021-06-04;883;1340;80880;40731;47.8;24.1
52;2021-06-05;581;637;81461;41368;48.1;24.4
52;2021-06-06;27;55;81488;41423;48.1;24.5
52;2021-06-07;359;931;81847;42354;48.4;25.0
52;2021-06-08;556;1471;82403;43825;48.7;25.9
52;2021-06-09;611;1474;83014;45299;49.0;26.8
52;2021-06-10;794;1159;83808;46458;49.5;27.4
52;2021-06-11;830;1348;84638;47806;50.0;28.2
52;2021-06-12;423;586;85061;48392;50.3;28.6
52;2021-06-13;2;6;85063;48398;50.3;28.6
52;2021-06-14;170;1413;85233;49811;50.4;29.4
52;2021-06-15;221;1807;85454;51618;50.5;30.5
52;2021-06-16;351;1996;85805;53614;50.7;31.7
52;2021-06-17;265;1156;86070;54770;50.9;32.4
52;2021-06-18;308;1553;86378;56323;51.0;33.3
52;2021-06-19;502;690;86880;57013;51.3;33.7
52;2021-06-20;1;17;86881;57030;51.3;33.7
52;2021-06-21;523;898;87404;57928;51.6;34.2
52;2021-06-22;503;1047;87907;58975;51.9;34.8
52;2021-06-23;563;1041;88470;60016;52.3;35.5
52;2021-06-24;610;715;89080;60731;52.6;35.9
52;2021-06-25;661;1314;89741;62045;53.0;36.7
52;2021-06-26;264;722;90005;62767;53.2;37.1
52;2021-06-27;1;8;90006;62775;53.2;37.1
52;2021-06-28;184;1442;90190;64217;53.3;37.9
52;2021-06-29;163;1414;90353;65631;53.4;38.8
52;2021-06-30;221;1468;90574;67099;53.5;39.6
52;2021-07-01;320;1020;90894;68119;53.7;40.2
52;2021-07-02;430;1454;91324;69573;54.0;41.1
52;2021-07-03;302;1148;91626;70721;54.1;41.8
52;2021-07-04;0;11;91626;70732;54.1;41.8
52;2021-07-05;175;1448;91801;72180;54.2;42.6
52;2021-07-06;284;1449;92085;73629;54.4;43.5
52;2021-07-07;309;1163;92394;74792;54.6;44.2
52;2021-07-08;473;1166;92867;75958;54.9;44.9
52;2021-07-09;288;1620;93155;77578;55.0;45.8
52;2021-07-10;155;822;93310;78400;55.1;46.3
52;2021-07-11;13;12;93323;78412;55.1;46.3
52;2021-07-12;299;1467;93622;79879;55.3;47.2
52;2021-07-13;590;1369;94212;81248;55.7;48.0
52;2021-07-14;437;153;94649;81401;55.9;48.1
52;2021-07-15;614;1428;95263;82829;56.3;48.9
52;2021-07-16;899;1339;96162;84168;56.8;49.7
52;2021-07-17;530;343;96692;84511;57.1;49.9
52;2021-07-18;3;12;96695;84523;57.1;49.9
52;2021-07-19;691;987;97386;85510;57.5;50.5
52;2021-07-20;1110;831;98496;86341;58.2;51.0
52;2021-07-21;1161;738;99657;87079;58.9;51.4
52;2021-07-22;1447;869;101104;87948;59.7;52.0
52;2021-07-23;1399;956;102503;88904;60.6;52.5
52;2021-07-24;873;487;103376;89391;61.1;52.8
52;2021-07-25;22;21;103398;89412;61.1;52.8
52;2021-07-26;1010;614;104408;90026;61.7;53.2
52;2021-07-27;1342;657;105750;90683;62.5;53.6
52;2021-07-28;1382;644;107132;91327;63.3;54.0
52;2021-07-29;1263;622;108395;91949;64.0;54.3
52;2021-07-30;1365;713;109760;92662;64.9;54.7
52;2021-07-31;873;549;110633;93211;65.4;55.1
52;2021-08-01;1;14;110634;93225;65.4;55.1
52;2021-08-02;1185;562;111819;93787;66.1;55.4
52;2021-08-03;1363;540;113182;94327;66.9;55.7
52;2021-08-04;1157;579;114339;94906;67.6;56.1
52;2021-08-05;1026;574;115365;95480;68.2;56.4
52;2021-08-06;1057;698;116422;96178;68.8;56.8
52;2021-08-07;519;422;116941;96600;69.1;57.1
52;2021-08-08;0;6;116941;96606;69.1;57.1
52;2021-08-09;469;871;117410;97477;69.4;57.6
52;2021-08-10;717;748;118127;98225;69.8;58.0
52;2021-08-11;535;837;118662;99062;70.1;58.5
52;2021-08-12;623;750;119285;99812;70.5;59.0
52;2021-08-13;420;1029;119705;100841;70.7;59.6
52;2021-08-14;421;360;120126;101201;71.0;59.8
52;2021-08-15;13;13;120139;101214;71.0;59.8
52;2021-08-16;327;934;120466;102148;71.2;60.4
52;2021-08-17;416;911;120882;103059;71.4;60.9
52;2021-08-18;489;944;121371;104003;71.7;61.4
52;2021-08-19;461;836;121832;104839;72.0;61.9
52;2021-08-20;384;1210;122216;106049;72.2;62.7
52;2021-08-21;394;605;122610;106654;72.4;63.0
52;2021-08-22;5;11;122615;106665;72.4;63.0
52;2021-08-23;431;1058;123046;107723;72.7;63.6
52;2021-08-24;307;1077;123353;108800;72.9;64.3
52;2021-08-25;254;1061;123607;109861;73.0;64.9
52;2021-08-26;302;914;123909;110775;73.2;65.5
52;2021-08-27;429;1276;124338;112051;73.5;66.2
52;2021-08-28;243;495;124581;112546;73.6;66.5
52;2021-08-29;3;25;124584;112571;73.6;66.5
52;2021-08-30;204;977;124788;113548;73.7;67.1
52;2021-08-31;205;1034;124993;114582;73.9;67.7
52;2021-09-01;183;1040;125176;115622;74.0;68.3
52;2021-09-02;194;698;125370;116320;74.1;68.7
52;2021-09-03;243;857;125613;117177;74.2;69.2
52;2021-09-04;189;527;125802;117704;74.3;69.5
52;2021-09-05;2;12;125804;117716;74.3;69.6
52;2021-09-06;126;511;125930;118227;74.4;69.9
52;2021-09-07;163;420;126093;118647;74.5;70.1
52;2021-09-08;143;571;126236;119218;74.6;70.4
52;2021-09-09;139;362;126375;119580;74.7;70.7
52;2021-09-10;256;640;126631;120220;74.8;71.0
52;2021-09-11;151;292;126782;120512;74.9;71.2
52;2021-09-12;2;9;126784;120521;74.9;71.2
52;2021-09-13;175;494;126959;121015;75.0;71.5
52;2021-09-14;146;325;127105;121340;75.1;71.7
52;2021-09-15;149;447;127254;121787;75.2;72.0
52;2021-09-16;136;309;127390;122096;75.3;72.1
52;2021-09-17;232;543;127622;122639;75.4;72.5
52;2021-09-18;134;243;127756;122882;75.5;72.6
52;2021-09-19;4;18;127760;122900;75.5;72.6
52;2021-09-20;106;354;127866;123254;75.5;72.8
52;2021-09-21;94;208;127960;123462;75.6;72.9
52;2021-09-22;107;319;128067;123781;75.7;73.1
52;2021-09-23;138;207;128205;123988;75.7;73.3
52;2021-09-24;128;284;128333;124272;75.8;73.4
52;2021-09-25;93;250;128426;124522;75.9;73.6
52;2021-09-26;0;0;128426;124522;75.9;73.6
52;2021-09-27;116;181;128542;124703;75.9;73.7
52;2021-09-28;120;144;128662;124847;76.0;73.8
52;2021-09-29;93;207;128755;125054;76.1;73.9
52;2021-09-30;117;125;128872;125179;76.1;74.0
52;2021-10-01;117;226;128989;125405;76.2;74.1
52;2021-10-02;63;150;129052;125555;76.2;74.2
52;2021-10-03;0;6;129052;125561;76.2;74.2
52;2021-10-04;83;179;129135;125740;76.3;74.3
52;2021-10-05;57;133;129192;125873;76.3;74.4
52;2021-10-06;120;170;129312;126043;76.4;74.5
52;2021-10-07;54;101;129366;126144;76.4;74.5
52;2021-10-08;111;224;129477;126368;76.5;74.7
52;2021-10-09;66;132;129543;126500;76.5;74.7
52;2021-10-10;0;1;129543;126501;76.5;74.7
53;2020-12-27;0;0;0;0;0.0;0.0
53;2020-12-28;0;0;0;0;0.0;0.0
53;2020-12-29;0;0;0;0;0.0;0.0
53;2020-12-30;0;0;0;0;0.0;0.0
53;2020-12-31;0;0;0;0;0.0;0.0
53;2021-01-01;0;0;0;0;0.0;0.0
53;2021-01-02;3;1;3;1;0.0;0.0
53;2021-01-03;0;0;3;1;0.0;0.0
53;2021-01-04;1;0;4;1;0.0;0.0
53;2021-01-05;0;0;4;1;0.0;0.0
53;2021-01-06;0;0;4;1;0.0;0.0
53;2021-01-07;102;0;106;1;0.0;0.0
53;2021-01-08;284;1;390;2;0.1;0.0
53;2021-01-09;134;1;524;3;0.2;0.0
53;2021-01-10;15;0;539;3;0.2;0.0
53;2021-01-11;176;1;715;4;0.2;0.0
53;2021-01-12;456;1;1171;5;0.4;0.0
53;2021-01-13;254;0;1425;5;0.5;0.0
53;2021-01-14;290;7;1715;12;0.6;0.0
53;2021-01-15;343;4;2058;16;0.7;0.0
53;2021-01-16;60;0;2118;16;0.7;0.0
53;2021-01-17;25;2;2143;18;0.7;0.0
53;2021-01-18;364;0;2507;18;0.8;0.0
53;2021-01-19;594;0;3101;18;1.0;0.0
53;2021-01-20;742;0;3843;18;1.3;0.0
53;2021-01-21;773;3;4616;21;1.5;0.0
53;2021-01-22;703;10;5319;31;1.7;0.0
53;2021-01-23;160;1;5479;32;1.8;0.0
53;2021-01-24;6;0;5485;32;1.8;0.0
53;2021-01-25;550;0;6035;32;2.0;0.0
53;2021-01-26;1199;7;7234;39;2.4;0.0
53;2021-01-27;696;6;7930;45;2.6;0.0
53;2021-01-28;737;97;8667;142;2.8;0.0
53;2021-01-29;422;187;9089;329;3.0;0.1
53;2021-01-30;130;0;9219;329;3.0;0.1
53;2021-01-31;0;0;9219;329;3.0;0.1
53;2021-02-01;298;149;9517;478;3.1;0.2
53;2021-02-02;309;232;9826;710;3.2;0.2
53;2021-02-03;228;377;10054;1087;3.3;0.4
53;2021-02-04;184;332;10238;1419;3.4;0.5
53;2021-02-05;234;303;10472;1722;3.4;0.6
53;2021-02-06;153;23;10625;1745;3.5;0.6
53;2021-02-07;0;0;10625;1745;3.5;0.6
53;2021-02-08;168;106;10793;1851;3.5;0.6
53;2021-02-09;369;216;11162;2067;3.7;0.7
53;2021-02-10;266;433;11428;2500;3.7;0.8
53;2021-02-11;433;492;11861;2992;3.9;1.0
53;2021-02-12;318;572;12179;3564;4.0;1.2
53;2021-02-13;96;66;12275;3630;4.0;1.2
53;2021-02-14;0;99;12275;3729;4.0;1.2
53;2021-02-15;239;431;12514;4160;4.1;1.4
53;2021-02-16;527;840;13041;5000;4.3;1.6
53;2021-02-17;391;614;13432;5614;4.4;1.8
53;2021-02-18;547;579;13979;6193;4.6;2.0
53;2021-02-19;895;429;14874;6622;4.9;2.2
53;2021-02-20;139;113;15013;6735;4.9;2.2
53;2021-02-21;1;20;15014;6755;4.9;2.2
53;2021-02-22;161;584;15175;7339;5.0;2.4
53;2021-02-23;59;655;15234;7994;5.0;2.6
53;2021-02-24;137;517;15371;8511;5.0;2.8
53;2021-02-25;457;360;15828;8871;5.2;2.9
53;2021-02-26;437;262;16265;9133;5.3;3.0
53;2021-02-27;86;115;16351;9248;5.4;3.0
53;2021-02-28;0;0;16351;9248;5.4;3.0
53;2021-03-01;231;278;16582;9526;5.4;3.1
53;2021-03-02;246;255;16828;9781;5.5;3.2
53;2021-03-03;321;392;17149;10173;5.6;3.3
53;2021-03-04;859;347;18008;10520;5.9;3.4
53;2021-03-05;660;281;18668;10801;6.1;3.5
53;2021-03-06;447;212;19115;11013;6.3;3.6
53;2021-03-07;276;5;19391;11018;6.4;3.6
53;2021-03-08;375;181;19766;11199;6.5;3.7
53;2021-03-09;878;248;20644;11447;6.8;3.7
53;2021-03-10;807;111;21451;11558;7.0;3.8
53;2021-03-11;1247;229;22698;11787;7.4;3.9
53;2021-03-12;1603;149;24301;11936;8.0;3.9
53;2021-03-13;824;15;25125;11951;8.2;3.9
53;2021-03-14;1;0;25126;11951;8.2;3.9
53;2021-03-15;1001;300;26127;12251;8.6;4.0
53;2021-03-16;1035;332;27162;12583;8.9;4.1
53;2021-03-17;687;261;27849;12844;9.1;4.2
53;2021-03-18;972;345;28821;13189;9.4;4.3
53;2021-03-19;1346;600;30167;13789;9.9;4.5
53;2021-03-20;592;17;30759;13806;10.1;4.5
53;2021-03-21;3;1;30762;13807;10.1;4.5
53;2021-03-22;1213;159;31975;13966;10.5;4.6
53;2021-03-23;1699;73;33674;14039;11.0;4.6
53;2021-03-24;1323;118;34997;14157;11.5;4.6
53;2021-03-25;2323;246;37320;14403;12.2;4.7
53;2021-03-26;1882;153;39202;14556;12.8;4.8
53;2021-03-27;339;3;39541;14559;12.9;4.8
53;2021-03-28;2;0;39543;14559;12.9;4.8
53;2021-03-29;1474;213;41017;14772;13.4;4.8
53;2021-03-30;1944;204;42961;14976;14.1;4.9
53;2021-03-31;1791;225;44752;15201;14.7;5.0
53;2021-04-01;1948;675;46700;15876;15.3;5.2
53;2021-04-02;2075;229;48775;16105;16.0;5.3
53;2021-04-03;414;2;49189;16107;16.1;5.3
53;2021-04-04;11;0;49200;16107;16.1;5.3
53;2021-04-05;9;15;49209;16122;16.1;5.3
53;2021-04-06;1305;507;50514;16629;16.5;5.4
53;2021-04-07;1172;927;51686;17556;16.9;5.7
53;2021-04-08;1663;1010;53349;18566;17.5;6.1
53;2021-04-09;1959;408;55308;18974;18.1;6.2
53;2021-04-10;543;13;55851;18987;18.3;6.2
53;2021-04-11;13;0;55864;18987;18.3;6.2
53;2021-04-12;694;1069;56558;20056;18.5;6.6
53;2021-04-13;1470;1110;58028;21166;19.0;6.9
53;2021-04-14;1022;738;59050;21904;19.3;7.2
53;2021-04-15;1156;1109;60206;23013;19.7;7.5
53;2021-04-16;1271;816;61477;23829;20.1;7.8
53;2021-04-17;279;274;61756;24103;20.2;7.9
53;2021-04-18;0;0;61756;24103;20.2;7.9
53;2021-04-19;681;1068;62437;25171;20.4;8.2
53;2021-04-20;936;1453;63373;26624;20.8;8.7
53;2021-04-21;852;1013;64225;27637;21.0;9.1
53;2021-04-22;1045;1617;65270;29254;21.4;9.6
53;2021-04-23;1329;1055;66599;30309;21.8;9.9
53;2021-04-24;68;7;66667;30316;21.8;9.9
53;2021-04-25;6;39;66673;30355;21.8;9.9
53;2021-04-26;368;1238;67041;31593;22.0;10.3
53;2021-04-27;723;1975;67764;33568;22.2;11.0
53;2021-04-28;977;1393;68741;34961;22.5;11.4
53;2021-04-29;1052;1715;69793;36676;22.9;12.0
53;2021-04-30;1366;1316;71159;37992;23.3;12.4
53;2021-05-01;36;51;71195;38043;23.3;12.5
53;2021-05-02;0;0;71195;38043;23.3;12.5
53;2021-05-03;1570;709;72765;38752;23.8;12.7
53;2021-05-04;1303;1441;74068;40193;24.3;13.2
53;2021-05-05;1611;827;75679;41020;24.8;13.4
53;2021-05-06;1390;1404;77069;42424;25.2;13.9
53;2021-05-07;1537;1306;78606;43730;25.7;14.3
53;2021-05-08;939;36;79545;43766;26.0;14.3
53;2021-05-09;11;2;79556;43768;26.1;14.3
53;2021-05-10;2414;815;81970;44583;26.8;14.6
53;2021-05-11;3097;1286;85067;45869;27.9;15.0
53;2021-05-12;2751;1094;87818;46963;28.8;15.4
53;2021-05-13;350;27;88168;46990;28.9;15.4
53;2021-05-14;2021;678;90189;47668;29.5;15.6
53;2021-05-15;1058;63;91247;47731;29.9;15.6
53;2021-05-16;3;0;91250;47731;29.9;15.6
53;2021-05-17;1701;1196;92951;48927;30.4;16.0
53;2021-05-18;1880;1551;94831;50478;31.1;16.5
53;2021-05-19;2302;748;97133;51226;31.8;16.8
53;2021-05-20;3216;867;100349;52093;32.9;17.1
53;2021-05-21;2798;829;103147;52922;33.8;17.3
53;2021-05-22;21;60;103168;52982;33.8;17.4
53;2021-05-23;1;0;103169;52982;33.8;17.4
53;2021-05-24;8;6;103177;52988;33.8;17.4
53;2021-05-25;1820;803;104997;53791;34.4;17.6
53;2021-05-26;1853;908;106850;54699;35.0;17.9
53;2021-05-27;3072;1079;109922;55778;36.0;18.3
53;2021-05-28;2562;884;112484;56662;36.8;18.6
53;2021-05-29;846;244;113330;56906;37.1;18.6
53;2021-05-30;18;6;113348;56912;37.1;18.6
53;2021-05-31;2565;802;115913;57714;38.0;18.9
53;2021-06-01;3489;1257;119402;58971;39.1;19.3
53;2021-06-02;3183;526;122585;59497;40.1;19.5
53;2021-06-03;4198;789;126783;60286;41.5;19.7
53;2021-06-04;3179;1266;129962;61552;42.6;20.2
53;2021-06-05;137;245;130099;61797;42.6;20.2
53;2021-06-06;1;4;130100;61801;42.6;20.2
53;2021-06-07;2629;922;132729;62723;43.5;20.5
53;2021-06-08;3588;1130;136317;63853;44.6;20.9
53;2021-06-09;2455;944;138772;64797;45.4;21.2
53;2021-06-10;3521;848;142293;65645;46.6;21.5
53;2021-06-11;2964;1213;145257;66858;47.6;21.9
53;2021-06-12;108;138;145365;66996;47.6;21.9
53;2021-06-13;10;2;145375;66998;47.6;21.9
53;2021-06-14;1600;1789;146975;68787;48.1;22.5
53;2021-06-15;1898;2265;148873;71052;48.8;23.3
53;2021-06-16;1828;1733;150701;72785;49.4;23.8
53;2021-06-17;3011;1651;153712;74436;50.3;24.4
53;2021-06-18;2705;1808;156417;76244;51.2;25.0
53;2021-06-19;761;1165;157178;77409;51.5;25.3
53;2021-06-20;3;479;157181;77888;51.5;25.5
53;2021-06-21;918;2525;158099;80413;51.8;26.3
53;2021-06-22;1299;3452;159398;83865;52.2;27.5
53;2021-06-23;1362;2892;160760;86757;52.6;28.4
53;2021-06-24;1802;2033;162562;88790;53.2;29.1
53;2021-06-25;1785;2045;164347;90835;53.8;29.7
53;2021-06-26;977;351;165324;91186;54.1;29.9
53;2021-06-27;8;8;165332;91194;54.1;29.9
53;2021-06-28;662;2899;165994;94093;54.4;30.8
53;2021-06-29;858;3648;166852;97741;54.6;32.0
53;2021-06-30;749;1518;167601;99259;54.9;32.5
53;2021-07-01;1507;2630;169108;101889;55.4;33.4
53;2021-07-02;1528;2026;170636;103915;55.9;34.0
53;2021-07-03;858;574;171494;104489;56.2;34.2
53;2021-07-04;0;4;171494;104493;56.2;34.2
53;2021-07-05;542;2058;172036;106551;56.3;34.9
53;2021-07-06;859;3615;172895;110166;56.6;36.1
53;2021-07-07;1024;2652;173919;112818;57.0;36.9
53;2021-07-08;1313;3116;175232;115934;57.4;38.0
53;2021-07-09;1131;3399;176363;119333;57.8;39.1
53;2021-07-10;422;1001;176785;120334;57.9;39.4
53;2021-07-11;12;20;176797;120354;57.9;39.4
53;2021-07-12;503;3707;177300;124061;58.1;40.6
53;2021-07-13;894;4763;178194;128824;58.4;42.2
53;2021-07-14;104;284;178298;129108;58.4;42.3
53;2021-07-15;1112;4346;179410;133454;58.8;43.7
53;2021-07-16;1248;3847;180658;137301;59.2;45.0
53;2021-07-17;1318;300;181976;137601;59.6;45.1
53;2021-07-18;27;20;182003;137621;59.6;45.1
53;2021-07-19;734;3426;182737;141047;59.8;46.2
53;2021-07-20;985;4123;183722;145170;60.2;47.5
53;2021-07-21;686;3274;184408;148444;60.4;48.6
53;2021-07-22;1512;3525;185920;151969;60.9;49.8
53;2021-07-23;1603;3761;187523;155730;61.4;51.0
53;2021-07-24;956;280;188479;156010;61.7;51.1
53;2021-07-25;60;24;188539;156034;61.7;51.1
53;2021-07-26;1727;1941;190266;157975;62.3;51.7
53;2021-07-27;2356;2824;192622;160799;63.1;52.7
53;2021-07-28;2145;2813;194767;163612;63.8;53.6
53;2021-07-29;2491;2546;197258;166158;64.6;54.4
53;2021-07-30;1828;2647;199086;168805;65.2;55.3
53;2021-07-31;626;232;199712;169037;65.4;55.4
53;2021-08-01;37;25;199749;169062;65.4;55.4
53;2021-08-02;2082;1733;201831;170795;66.1;55.9
53;2021-08-03;2415;1905;204246;172700;66.9;56.6
53;2021-08-04;2475;1863;206721;174563;67.7;57.2
53;2021-08-05;2869;1542;209590;176105;68.6;57.7
53;2021-08-06;2517;1720;212107;177825;69.5;58.2
53;2021-08-07;483;272;212590;178097;69.6;58.3
53;2021-08-08;6;19;212596;178116;69.6;58.3
53;2021-08-09;1839;1650;214435;179766;70.2;58.9
53;2021-08-10;2324;1748;216759;181514;71.0;59.4
53;2021-08-11;1680;867;218439;182381;71.5;59.7
53;2021-08-12;2007;984;220446;183365;72.2;60.0
53;2021-08-13;2039;1315;222485;184680;72.9;60.5
53;2021-08-14;66;63;222551;184743;72.9;60.5
53;2021-08-15;1;2;222552;184745;72.9;60.5
53;2021-08-16;1337;1596;223889;186341;73.3;61.0
53;2021-08-17;1548;1657;225437;187998;73.8;61.6
53;2021-08-18;1515;1600;226952;189598;74.3;62.1
53;2021-08-19;1374;1972;228326;191570;74.8;62.7
53;2021-08-20;1099;2082;229425;193652;75.1;63.4
53;2021-08-21;189;341;229614;193993;75.2;63.5
53;2021-08-22;0;0;229614;193993;75.2;63.5
53;2021-08-23;843;1915;230457;195908;75.5;64.2
53;2021-08-24;903;2117;231360;198025;75.8;64.8
53;2021-08-25;915;2272;232275;200297;76.1;65.6
53;2021-08-26;666;2614;232941;202911;76.3;66.4
53;2021-08-27;754;2645;233695;205556;76.5;67.3
53;2021-08-28;48;133;233743;205689;76.5;67.4
53;2021-08-29;12;31;233755;205720;76.5;67.4
53;2021-08-30;620;2085;234375;207805;76.8;68.1
53;2021-08-31;762;2859;235137;210664;77.0;69.0
53;2021-09-01;342;1544;235479;212208;77.1;69.5
53;2021-09-02;441;1701;235920;213909;77.3;70.1
53;2021-09-03;449;2338;236369;216247;77.4;70.8
53;2021-09-04;115;188;236484;216435;77.4;70.9
53;2021-09-05;1;12;236485;216447;77.4;70.9
53;2021-09-06;299;1468;236784;217915;77.5;71.4
53;2021-09-07;288;1782;237072;219697;77.6;71.9
53;2021-09-08;421;2006;237493;221703;77.8;72.6
53;2021-09-09;237;1351;237730;223054;77.9;73.0
53;2021-09-10;383;1838;238113;224892;78.0;73.6
53;2021-09-11;39;86;238152;224978;78.0;73.7
53;2021-09-12;0;1;238152;224979;78.0;73.7
53;2021-09-13;231;974;238383;225953;78.1;74.0
53;2021-09-14;243;841;238626;226794;78.1;74.3
53;2021-09-15;333;1071;238959;227865;78.3;74.6
53;2021-09-16;305;380;239264;228245;78.4;74.7
53;2021-09-17;429;1057;239693;229302;78.5;75.1
53;2021-09-18;44;70;239737;229372;78.5;75.1
53;2021-09-19;8;14;239745;229386;78.5;75.1
53;2021-09-20;122;382;239867;229768;78.6;75.2
53;2021-09-21;248;651;240115;230419;78.6;75.5
53;2021-09-22;193;665;240308;231084;78.7;75.7
53;2021-09-23;132;395;240440;231479;78.7;75.8
53;2021-09-24;197;639;240637;232118;78.8;76.0
53;2021-09-25;27;50;240664;232168;78.8;76.0
53;2021-09-26;0;0;240664;232168;78.8;76.0
53;2021-09-27;160;374;240824;232542;78.9;76.2
53;2021-09-28;163;281;240987;232823;78.9;76.2
53;2021-09-29;159;488;241146;233311;79.0;76.4
53;2021-09-30;87;213;241233;233524;79.0;76.5
53;2021-10-01;267;621;241500;234145;79.1;76.7
53;2021-10-02;28;52;241528;234197;79.1;76.7
53;2021-10-03;3;7;241531;234204;79.1;76.7
53;2021-10-04;132;277;241663;234481;79.1;76.8
53;2021-10-05;109;210;241772;234691;79.2;76.9
53;2021-10-06;187;345;241959;235036;79.2;77.0
53;2021-10-07;82;287;242041;235323;79.3;77.1
53;2021-10-08;243;536;242284;235859;79.3;77.2
53;2021-10-09;14;27;242298;235886;79.3;77.2
53;2021-10-10;0;0;242298;235886;79.3;77.2
54;2020-12-27;0;0;0;0;0.0;0.0
54;2020-12-28;1;0;1;0;0.0;0.0
54;2020-12-29;0;0;1;0;0.0;0.0
54;2020-12-30;1;0;2;0;0.0;0.0
54;2020-12-31;10;0;12;0;0.0;0.0
54;2021-01-01;0;0;12;0;0.0;0.0
54;2021-01-02;0;0;12;0;0.0;0.0
54;2021-01-03;2;0;14;0;0.0;0.0
54;2021-01-04;163;0;177;0;0.0;0.0
54;2021-01-05;396;2;573;2;0.1;0.0
54;2021-01-06;650;1;1223;3;0.2;0.0
54;2021-01-07;816;2;2039;5;0.3;0.0
54;2021-01-08;706;3;2745;8;0.4;0.0
54;2021-01-09;81;0;2826;8;0.4;0.0
54;2021-01-10;78;0;2904;8;0.4;0.0
54;2021-01-11;974;3;3878;11;0.5;0.0
54;2021-01-12;1182;1;5060;12;0.7;0.0
54;2021-01-13;2428;9;7488;21;1.0;0.0
54;2021-01-14;3401;28;10889;49;1.5;0.0
54;2021-01-15;2718;19;13607;68;1.9;0.0
54;2021-01-16;815;4;14422;72;2.0;0.0
54;2021-01-17;209;0;14631;72;2.0;0.0
54;2021-01-18;1558;7;16189;79;2.2;0.0
54;2021-01-19;1707;2;17896;81;2.5;0.0
54;2021-01-20;1525;5;19421;86;2.7;0.0
54;2021-01-21;1372;5;20793;91;2.8;0.0
54;2021-01-22;1092;8;21885;99;3.0;0.0
54;2021-01-23;477;1;22362;100;3.1;0.0
54;2021-01-24;66;0;22428;100;3.1;0.0
54;2021-01-25;946;35;23374;135;3.2;0.0
54;2021-01-26;142;5;23516;140;3.2;0.0
54;2021-01-27;12;166;23528;306;3.2;0.0
54;2021-01-28;32;229;23560;535;3.2;0.1
54;2021-01-29;19;275;23579;810;3.2;0.1
54;2021-01-30;7;1;23586;811;3.2;0.1
54;2021-01-31;1;0;23587;811;3.2;0.1
54;2021-02-01;13;784;23600;1595;3.2;0.2
54;2021-02-02;25;966;23625;2561;3.2;0.4
54;2021-02-03;364;1530;23989;4091;3.3;0.6
54;2021-02-04;739;2454;24728;6545;3.4;0.9
54;2021-02-05;799;1888;25527;8433;3.5;1.2
54;2021-02-06;204;333;25731;8766;3.5;1.2
54;2021-02-07;4;124;25735;8890;3.5;1.2
54;2021-02-08;117;994;25852;9884;3.5;1.4
54;2021-02-09;306;1067;26158;10951;3.6;1.5
54;2021-02-10;386;795;26544;11746;3.6;1.6
54;2021-02-11;294;813;26838;12559;3.7;1.7
54;2021-02-12;446;1293;27284;13852;3.7;1.9
54;2021-02-13;148;236;27432;14088;3.8;1.9
54;2021-02-14;9;11;27441;14099;3.8;1.9
54;2021-02-15;428;1128;27869;15227;3.8;2.1
54;2021-02-16;401;1222;28270;16449;3.9;2.3
54;2021-02-17;518;956;28788;17405;3.9;2.4
54;2021-02-18;595;780;29383;18185;4.0;2.5
54;2021-02-19;519;777;29902;18962;4.1;2.6
54;2021-02-20;34;282;29936;19244;4.1;2.6
54;2021-02-21;3;24;29939;19268;4.1;2.6
54;2021-02-22;484;598;30423;19866;4.2;2.7
54;2021-02-23;679;560;31102;20426;4.3;2.8
54;2021-02-24;728;354;31830;20780;4.4;2.8
54;2021-02-25;1474;724;33304;21504;4.6;2.9
54;2021-02-26;1776;791;35080;22295;4.8;3.1
54;2021-02-27;698;111;35778;22406;4.9;3.1
54;2021-02-28;11;28;35789;22434;4.9;3.1
54;2021-03-01;625;218;36414;22652;5.0;3.1
54;2021-03-02;1463;152;37877;22804;5.2;3.1
54;2021-03-03;1737;63;39614;22867;5.4;3.1
54;2021-03-04;2015;103;41629;22970;5.7;3.1
54;2021-03-05;2798;146;44427;23116;6.1;3.2
54;2021-03-06;4027;119;48454;23235;6.6;3.2
54;2021-03-07;2625;72;51079;23307;7.0;3.2
54;2021-03-08;1338;68;52417;23375;7.2;3.2
54;2021-03-09;2632;107;55049;23482;7.5;3.2
54;2021-03-10;3185;113;58234;23595;8.0;3.2
54;2021-03-11;3383;104;61617;23699;8.4;3.2
54;2021-03-12;4962;200;66579;23899;9.1;3.3
54;2021-03-13;4203;134;70782;24033;9.7;3.3
54;2021-03-14;543;40;71325;24073;9.8;3.3
54;2021-03-15;1719;105;73044;24178;10.0;3.3
54;2021-03-16;1730;160;74774;24338;10.2;3.3
54;2021-03-17;2081;139;76855;24477;10.5;3.4
54;2021-03-18;2063;168;78918;24645;10.8;3.4
54;2021-03-19;3319;269;82237;24914;11.3;3.4
54;2021-03-20;2309;79;84546;24993;11.6;3.4
54;2021-03-21;294;14;84840;25007;11.6;3.4
54;2021-03-22;1034;309;85874;25316;11.8;3.5
54;2021-03-23;1938;463;87812;25779;12.0;3.5
54;2021-03-24;2194;699;90006;26478;12.3;3.6
54;2021-03-25;3172;725;93178;27203;12.8;3.7
54;2021-03-26;3512;806;96690;28009;13.2;3.8
54;2021-03-27;2420;279;99110;28288;13.6;3.9
54;2021-03-28;280;7;99390;28295;13.6;3.9
54;2021-03-29;1668;359;101058;28654;13.8;3.9
54;2021-03-30;2558;916;103616;29570;14.2;4.0
54;2021-03-31;2599;1135;106215;30705;14.5;4.2
54;2021-04-01;3237;1272;109452;31977;15.0;4.4
54;2021-04-02;2962;1680;112414;33657;15.4;4.6
54;2021-04-03;1264;1310;113678;34967;15.6;4.8
54;2021-04-04;137;421;113815;35388;15.6;4.8
54;2021-04-05;144;574;113959;35962;15.6;4.9
54;2021-04-06;1265;1654;115224;37616;15.8;5.2
54;2021-04-07;923;2250;116147;39866;15.9;5.5
54;2021-04-08;2325;2448;118472;42314;16.2;5.8
54;2021-04-09;4114;3147;122586;45461;16.8;6.2
54;2021-04-10;3207;1682;125793;47143;17.2;6.5
54;2021-04-11;206;1001;125999;48144;17.3;6.6
54;2021-04-12;2198;1532;128197;49676;17.6;6.8
54;2021-04-13;3001;1981;131198;51657;18.0;7.1
54;2021-04-14;3260;1872;134458;53529;18.4;7.3
54;2021-04-15;2876;2303;137334;55832;18.8;7.6
54;2021-04-16;3141;2605;140475;58437;19.2;8.0
54;2021-04-17;3475;1489;143950;59926;19.7;8.2
54;2021-04-18;64;245;144014;60171;19.7;8.2
54;2021-04-19;2464;1090;146478;61261;20.1;8.4
54;2021-04-20;3011;1257;149489;62518;20.5;8.6
54;2021-04-21;4401;1643;153890;64161;21.1;8.8
54;2021-04-22;3723;2393;157613;66554;21.6;9.1
54;2021-04-23;3866;2090;161479;68644;22.1;9.4
54;2021-04-24;2347;1040;163826;69684;22.4;9.5
54;2021-04-25;284;277;164110;69961;22.5;9.6
54;2021-04-26;2306;1274;166416;71235;22.8;9.8
54;2021-04-27;3288;1442;169704;72677;23.2;10.0
54;2021-04-28;2974;1961;172678;74638;23.6;10.2
54;2021-04-29;3795;2089;176473;76727;24.2;10.5
54;2021-04-30;4493;1981;180966;78708;24.8;10.8
54;2021-05-01;2265;808;183231;79516;25.1;10.9
54;2021-05-02;229;68;183460;79584;25.1;10.9
54;2021-05-03;3097;949;186557;80533;25.5;11.0
54;2021-05-04;3514;1458;190071;81991;26.0;11.2
54;2021-05-05;4892;1420;194963;83411;26.7;11.4
54;2021-05-06;4434;2803;199397;86214;27.3;11.8
54;2021-05-07;4823;3418;204220;89632;28.0;12.3
54;2021-05-08;2030;644;206250;90276;28.2;12.4
54;2021-05-09;375;136;206625;90412;28.3;12.4
54;2021-05-10;3207;2242;209832;92654;28.7;12.7
54;2021-05-11;5492;2939;215324;95593;29.5;13.1
54;2021-05-12;4146;3390;219470;98983;30.0;13.6
54;2021-05-13;2648;492;222118;99475;30.4;13.6
54;2021-05-14;6883;2003;229001;101478;31.4;13.9
54;2021-05-15;5484;1324;234485;102802;32.1;14.1
54;2021-05-16;944;108;235429;102910;32.2;14.1
54;2021-05-17;3799;830;239228;103740;32.8;14.2
54;2021-05-18;3288;1104;242516;104844;33.2;14.4
54;2021-05-19;3464;1514;245980;106358;33.7;14.6
54;2021-05-20;4538;1621;250518;107979;34.3;14.8
54;2021-05-21;6753;2522;257271;110501;35.2;15.1
54;2021-05-22;5662;1377;262933;111878;36.0;15.3
54;2021-05-23;504;55;263437;111933;36.1;15.3
54;2021-05-24;1444;343;264881;112276;36.3;15.4
54;2021-05-25;4200;1544;269081;113820;36.8;15.6
54;2021-05-26;3535;2218;272616;116038;37.3;15.9
54;2021-05-27;4179;2434;276795;118472;37.9;16.2
54;2021-05-28;4990;3573;281785;122045;38.6;16.7
54;2021-05-29;3844;3999;285629;126044;39.1;17.3
54;2021-05-30;127;83;285756;126127;39.1;17.3
54;2021-05-31;2940;3066;288696;129193;39.5;17.7
54;2021-06-01;2622;4194;291318;133387;39.9;18.3
54;2021-06-02;2167;4097;293485;137484;40.2;18.8
54;2021-06-03;3145;5655;296630;143139;40.6;19.6
54;2021-06-04;5103;5492;301733;148631;41.3;20.3
54;2021-06-05;2342;3282;304075;151913;41.6;20.8
54;2021-06-06;72;236;304147;152149;41.6;20.8
54;2021-06-07;3705;2937;307852;155086;42.1;21.2
54;2021-06-08;4543;4273;312395;159359;42.8;21.8
54;2021-06-09;6003;3317;318398;162676;43.6;22.3
54;2021-06-10;5296;4452;323694;167128;44.3;22.9
54;2021-06-11;5022;4923;328716;172051;45.0;23.6
54;2021-06-12;4242;3233;332958;175284;45.6;24.0
54;2021-06-13;54;210;333012;175494;45.6;24.0
54;2021-06-14;2334;3595;335346;179089;45.9;24.5
54;2021-06-15;2831;4730;338177;183819;46.3;25.2
54;2021-06-16;3491;5658;341668;189477;46.8;25.9
54;2021-06-17;3138;5222;344806;194699;47.2;26.7
54;2021-06-18;4157;6242;348963;200941;47.8;27.5
54;2021-06-19;2648;3129;351611;204070;48.1;27.9
54;2021-06-20;101;339;351712;204409;48.2;28.0
54;2021-06-21;2556;4772;354268;209181;48.5;28.6
54;2021-06-22;2047;6223;356315;215404;48.8;29.5
54;2021-06-23;2245;5596;358560;221000;49.1;30.3
54;2021-06-24;2090;3455;360650;224455;49.4;30.7
54;2021-06-25;2196;7060;362846;231515;49.7;31.7
54;2021-06-26;2383;5674;365229;237189;50.0;32.5
54;2021-06-27;134;608;365363;237797;50.0;32.6
54;2021-06-28;1959;4357;367322;242154;50.3;33.2
54;2021-06-29;1941;5205;369263;247359;50.6;33.9
54;2021-06-30;1982;5123;371245;252482;50.8;34.6
54;2021-07-01;2143;5983;373388;258465;51.1;35.4
54;2021-07-02;2815;7563;376203;266028;51.5;36.4
54;2021-07-03;2837;4098;379040;270126;51.9;37.0
54;2021-07-04;196;499;379236;270625;51.9;37.1
54;2021-07-05;1667;4251;380903;274876;52.2;37.6
54;2021-07-06;2000;5080;382903;279956;52.4;38.3
54;2021-07-07;1906;4845;384809;284801;52.7;39.0
54;2021-07-08;1679;4114;386488;288915;52.9;39.6
54;2021-07-09;3204;6026;389692;294941;53.4;40.4
54;2021-07-10;2547;4376;392239;299317;53.7;41.0
54;2021-07-11;9;103;392248;299420;53.7;41.0
54;2021-07-12;2100;4698;394348;304118;54.0;41.6
54;2021-07-13;2619;4974;396967;309092;54.3;42.3
54;2021-07-14;1535;1506;398502;310598;54.6;42.5
54;2021-07-15;3172;4836;401674;315434;55.0;43.2
54;2021-07-16;4666;6224;406340;321658;55.6;44.0
54;2021-07-17;4005;4773;410345;326431;56.2;44.7
54;2021-07-18;1804;1688;412149;328119;56.4;44.9
54;2021-07-19;2591;4046;414740;332165;56.8;45.5
54;2021-07-20;2910;4814;417650;336979;57.2;46.1
54;2021-07-21;3134;6336;420784;343315;57.6;47.0
54;2021-07-22;3283;5735;424067;349050;58.1;47.8
54;2021-07-23;3982;6989;428049;356039;58.6;48.7
54;2021-07-24;2945;5334;430994;361373;59.0;49.5
54;2021-07-25;71;50;431065;361423;59.0;49.5
54;2021-07-26;2982;4179;434047;365602;59.4;50.1
54;2021-07-27;3717;4008;437764;369610;59.9;50.6
54;2021-07-28;5211;3879;442975;373489;60.6;51.1
54;2021-07-29;5158;3208;448133;376697;61.4;51.6
54;2021-07-30;5133;5003;453266;381700;62.1;52.3
54;2021-07-31;4538;3231;457804;384931;62.7;52.7
54;2021-08-01;257;73;458061;385004;62.7;52.7
54;2021-08-02;3098;3704;461159;388708;63.1;53.2
54;2021-08-03;4109;2921;465268;391629;63.7;53.6
54;2021-08-04;4428;2707;469696;394336;64.3;54.0
54;2021-08-05;4623;2434;474319;396770;64.9;54.3
54;2021-08-06;5456;3995;479775;400765;65.7;54.9
54;2021-08-07;3676;2829;483451;403594;66.2;55.3
54;2021-08-08;248;114;483699;403708;66.2;55.3
54;2021-08-09;2980;2694;486679;406402;66.6;55.6
54;2021-08-10;2564;3768;489243;410170;67.0;56.2
54;2021-08-11;2336;2565;491579;412735;67.3;56.5
54;2021-08-12;2192;3009;493771;415744;67.6;56.9
54;2021-08-13;2633;4449;496404;420193;68.0;57.5
54;2021-08-14;1436;2077;497840;422270;68.2;57.8
54;2021-08-15;31;43;497871;422313;68.2;57.8
54;2021-08-16;1864;3432;499735;425745;68.4;58.3
54;2021-08-17;1950;3312;501685;429057;68.7;58.7
54;2021-08-18;1500;4107;503185;433164;68.9;59.3
54;2021-08-19;1258;2790;504443;435954;69.1;59.7
54;2021-08-20;1876;4932;506319;440886;69.3;60.4
54;2021-08-21;1471;4016;507790;444902;69.5;60.9
54;2021-08-22;63;28;507853;444930;69.5;60.9
54;2021-08-23;1224;3859;509077;448789;69.7;61.4
54;2021-08-24;1141;3157;510218;451946;69.9;61.9
54;2021-08-25;1427;4382;511645;456328;70.1;62.5
54;2021-08-26;1006;3111;512651;459439;70.2;62.9
54;2021-08-27;1530;5326;514181;464765;70.4;63.6
54;2021-08-28;1146;4282;515327;469047;70.6;64.2
54;2021-08-29;17;50;515344;469097;70.6;64.2
54;2021-08-30;1215;4124;516559;473221;70.7;64.8
54;2021-08-31;1069;4462;517628;477683;70.9;65.4
54;2021-09-01;1109;3399;518737;481082;71.0;65.9
54;2021-09-02;730;1982;519467;483064;71.1;66.1
54;2021-09-03;985;2976;520452;486040;71.3;66.5
54;2021-09-04;1177;3160;521629;489200;71.4;67.0
54;2021-09-05;27;22;521656;489222;71.4;67.0
54;2021-09-06;498;1354;522154;490576;71.5;67.2
54;2021-09-07;605;1464;522759;492040;71.6;67.4
54;2021-09-08;633;1687;523392;493727;71.7;67.6
54;2021-09-09;943;1753;524335;495480;71.8;67.8
54;2021-09-10;1014;2387;525349;497867;71.9;68.2
54;2021-09-11;745;2556;526094;500423;72.0;68.5
54;2021-09-12;93;116;526187;500539;72.0;68.5
54;2021-09-13;645;942;526832;501481;72.1;68.7
54;2021-09-14;622;977;527454;502458;72.2;68.8
54;2021-09-15;634;1745;528088;504203;72.3;69.0
54;2021-09-16;639;714;528727;504917;72.4;69.1
54;2021-09-17;887;1533;529614;506450;72.5;69.3
54;2021-09-18;489;1437;530103;507887;72.6;69.5
54;2021-09-19;28;38;530131;507925;72.6;69.5
54;2021-09-20;371;659;530502;508584;72.6;69.6
54;2021-09-21;441;939;530943;509523;72.7;69.8
54;2021-09-22;405;1120;531348;510643;72.7;69.9
54;2021-09-23;323;845;531671;511488;72.8;70.0
54;2021-09-24;517;1179;532188;512667;72.9;70.2
54;2021-09-25;341;1077;532529;513744;72.9;70.3
54;2021-09-26;9;30;532538;513774;72.9;70.3
54;2021-09-27;231;677;532769;514451;72.9;70.4
54;2021-09-28;334;631;533103;515082;73.0;70.5
54;2021-09-29;391;805;533494;515887;73.0;70.6
54;2021-09-30;230;466;533724;516353;73.1;70.7
54;2021-10-01;480;1011;534204;517364;73.1;70.8
54;2021-10-02;392;959;534596;518323;73.2;71.0
54;2021-10-03;2;10;534598;518333;73.2;71.0
54;2021-10-04;201;528;534799;518861;73.2;71.0
54;2021-10-05;297;943;535096;519804;73.3;71.2
54;2021-10-06;360;807;535456;520611;73.3;71.3
54;2021-10-07;258;686;535714;521297;73.3;71.4
54;2021-10-08;391;971;536105;522268;73.4;71.5
54;2021-10-09;405;731;536510;522999;73.5;71.6
54;2021-10-10;9;18;536519;523017;73.5;71.6
55;2020-12-27;0;0;0;0;0.0;0.0
55;2020-12-28;2;0;2;0;0.0;0.0
55;2020-12-29;0;0;2;0;0.0;0.0
55;2020-12-30;0;0;2;0;0.0;0.0
55;2020-12-31;0;0;2;0;0.0;0.0
55;2021-01-01;0;0;2;0;0.0;0.0
55;2021-01-02;0;0;2;0;0.0;0.0
55;2021-01-03;0;0;2;0;0.0;0.0
55;2021-01-04;1;0;3;0;0.0;0.0
55;2021-01-05;0;0;3;0;0.0;0.0
55;2021-01-06;0;0;3;0;0.0;0.0
55;2021-01-07;122;0;125;0;0.1;0.0
55;2021-01-08;127;0;252;0;0.1;0.0
55;2021-01-09;52;0;304;0;0.2;0.0
55;2021-01-10;0;0;304;0;0.2;0.0
55;2021-01-11;128;1;432;1;0.2;0.0
55;2021-01-12;119;0;551;1;0.3;0.0
55;2021-01-13;134;0;685;1;0.4;0.0
55;2021-01-14;645;8;1330;9;0.7;0.0
55;2021-01-15;237;0;1567;9;0.9;0.0
55;2021-01-16;62;0;1629;9;0.9;0.0
55;2021-01-17;1;0;1630;9;0.9;0.0
55;2021-01-18;414;1;2044;10;1.1;0.0
55;2021-01-19;352;3;2396;13;1.3;0.0
55;2021-01-20;456;2;2852;15;1.6;0.0
55;2021-01-21;430;0;3282;15;1.8;0.0
55;2021-01-22;390;0;3672;15;2.0;0.0
55;2021-01-23;49;0;3721;15;2.0;0.0
55;2021-01-24;0;0;3721;15;2.0;0.0
55;2021-01-25;436;0;4157;15;2.3;0.0
55;2021-01-26;431;0;4588;15;2.5;0.0
55;2021-01-27;424;0;5012;15;2.8;0.0
55;2021-01-28;486;97;5498;112;3.0;0.1
55;2021-01-29;159;54;5657;166;3.1;0.1
55;2021-01-30;92;28;5749;194;3.2;0.1
55;2021-01-31;0;0;5749;194;3.2;0.1
55;2021-02-01;153;176;5902;370;3.2;0.2
55;2021-02-02;159;147;6061;517;3.3;0.3
55;2021-02-03;53;156;6114;673;3.4;0.4
55;2021-02-04;236;399;6350;1072;3.5;0.6
55;2021-02-05;174;140;6524;1212;3.6;0.7
55;2021-02-06;62;56;6586;1268;3.6;0.7
55;2021-02-07;2;53;6588;1321;3.6;0.7
55;2021-02-08;0;18;6588;1339;3.6;0.7
55;2021-02-09;92;116;6680;1455;3.7;0.8
55;2021-02-10;65;23;6745;1478;3.7;0.8
55;2021-02-11;175;98;6920;1576;3.8;0.9
55;2021-02-12;95;28;7015;1604;3.9;0.9
55;2021-02-13;0;0;7015;1604;3.9;0.9
55;2021-02-14;0;0;7015;1604;3.9;0.9
55;2021-02-15;15;417;7030;2021;3.9;1.1
55;2021-02-16;143;394;7173;2415;3.9;1.3
55;2021-02-17;26;489;7199;2904;4.0;1.6
55;2021-02-18;20;341;7219;3245;4.0;1.8
55;2021-02-19;125;287;7344;3532;4.0;1.9
55;2021-02-20;11;0;7355;3532;4.0;1.9
55;2021-02-21;0;0;7355;3532;4.0;1.9
55;2021-02-22;55;458;7410;3990;4.1;2.2
55;2021-02-23;85;439;7495;4429;4.1;2.4
55;2021-02-24;72;415;7567;4844;4.2;2.7
55;2021-02-25;270;684;7837;5528;4.3;3.0
55;2021-02-26;324;236;8161;5764;4.5;3.2
55;2021-02-27;125;87;8286;5851;4.6;3.2
55;2021-02-28;2;8;8288;5859;4.6;3.2
55;2021-03-01;77;141;8365;6000;4.6;3.3
55;2021-03-02;125;170;8490;6170;4.7;3.4
55;2021-03-03;198;3;8688;6173;4.8;3.4
55;2021-03-04;238;43;8926;6216;4.9;3.4
55;2021-03-05;362;47;9288;6263;5.1;3.4
55;2021-03-06;224;6;9512;6269;5.2;3.5
55;2021-03-07;74;5;9586;6274;5.3;3.5
55;2021-03-08;329;52;9915;6326;5.5;3.5
55;2021-03-09;635;50;10550;6376;5.8;3.5
55;2021-03-10;397;26;10947;6402;6.0;3.5
55;2021-03-11;597;147;11544;6549;6.4;3.6
55;2021-03-12;816;94;12360;6643;6.8;3.7
55;2021-03-13;522;13;12882;6656;7.1;3.7
55;2021-03-14;14;0;12896;6656;7.1;3.7
55;2021-03-15;393;24;13289;6680;7.3;3.7
55;2021-03-16;568;111;13857;6791;7.6;3.7
55;2021-03-17;683;22;14540;6813;8.0;3.8
55;2021-03-18;323;23;14863;6836;8.2;3.8
55;2021-03-19;471;60;15334;6896;8.4;3.8
55;2021-03-20;254;16;15588;6912;8.6;3.8
55;2021-03-21;1;1;15589;6913;8.6;3.8
55;2021-03-22;474;21;16063;6934;8.8;3.8
55;2021-03-23;973;66;17036;7000;9.4;3.9
55;2021-03-24;802;43;17838;7043;9.8;3.9
55;2021-03-25;1097;83;18935;7126;10.4;3.9
55;2021-03-26;602;36;19537;7162;10.8;3.9
55;2021-03-27;256;23;19793;7185;10.9;4.0
55;2021-03-28;0;0;19793;7185;10.9;4.0
55;2021-03-29;944;41;20737;7226;11.4;4.0
55;2021-03-30;1425;75;22162;7301;12.2;4.0
55;2021-03-31;1483;73;23645;7374;13.0;4.1
55;2021-04-01;1207;130;24852;7504;13.7;4.1
55;2021-04-02;902;75;25754;7579;14.2;4.2
55;2021-04-03;93;12;25847;7591;14.2;4.2
55;2021-04-04;2;0;25849;7591;14.2;4.2
55;2021-04-05;6;12;25855;7603;14.2;4.2
55;2021-04-06;933;276;26788;7879;14.7;4.3
55;2021-04-07;993;240;27781;8119;15.3;4.5
55;2021-04-08;1649;421;29430;8540;16.2;4.7
55;2021-04-09;1431;263;30861;8803;17.0;4.8
55;2021-04-10;243;175;31104;8978;17.1;4.9
55;2021-04-11;452;23;31556;9001;17.4;5.0
55;2021-04-12;855;330;32411;9331;17.8;5.1
55;2021-04-13;1355;530;33766;9861;18.6;5.4
55;2021-04-14;1372;728;35138;10589;19.3;5.8
55;2021-04-15;1637;461;36775;11050;20.2;6.1
55;2021-04-16;704;379;37479;11429;20.6;6.3
55;2021-04-17;677;32;38156;11461;21.0;6.3
55;2021-04-18;38;19;38194;11480;21.0;6.3
55;2021-04-19;961;348;39155;11828;21.6;6.5
55;2021-04-20;1173;776;40328;12604;22.2;6.9
55;2021-04-21;990;641;41318;13245;22.7;7.3
55;2021-04-22;1099;683;42417;13928;23.4;7.7
55;2021-04-23;1424;600;43841;14528;24.1;8.0
55;2021-04-24;313;124;44154;14652;24.3;8.1
55;2021-04-25;384;51;44538;14703;24.5;8.1
55;2021-04-26;478;815;45016;15518;24.8;8.5
55;2021-04-27;570;996;45586;16514;25.1;9.1
55;2021-04-28;931;815;46517;17329;25.6;9.5
55;2021-04-29;1118;859;47635;18188;26.2;10.0
55;2021-04-30;1280;624;48915;18812;26.9;10.4
55;2021-05-01;153;132;49068;18944;27.0;10.4
55;2021-05-02;2;3;49070;18947;27.0;10.4
55;2021-05-03;1209;630;50279;19577;27.7;10.8
55;2021-05-04;683;1180;50962;20757;28.1;11.4
55;2021-05-05;656;1074;51618;21831;28.4;12.0
55;2021-05-06;1350;1163;52968;22994;29.2;12.7
55;2021-05-07;1433;556;54401;23550;29.9;13.0
55;2021-05-08;156;77;54557;23627;30.0;13.0
55;2021-05-09;62;523;54619;24150;30.1;13.3
55;2021-05-10;860;1030;55479;25180;30.5;13.9
55;2021-05-11;1072;1380;56551;26560;31.1;14.6
55;2021-05-12;1031;1765;57582;28325;31.7;15.6
55;2021-05-13;99;75;57681;28400;31.8;15.6
55;2021-05-14;352;556;58033;28956;31.9;15.9
55;2021-05-15;291;492;58324;29448;32.1;16.2
55;2021-05-16;3;10;58327;29458;32.1;16.2
55;2021-05-17;1028;841;59355;30299;32.7;16.7
55;2021-05-18;1567;893;60922;31192;33.5;17.2
55;2021-05-19;1809;777;62731;31969;34.5;17.6
55;2021-05-20;2215;730;64946;32699;35.8;18.0
55;2021-05-21;2010;800;66956;33499;36.9;18.4
55;2021-05-22;198;167;67154;33666;37.0;18.5
55;2021-05-23;23;120;67177;33786;37.0;18.6
55;2021-05-24;0;0;67177;33786;37.0;18.6
55;2021-05-25;1347;653;68524;34439;37.7;19.0
55;2021-05-26;1675;1018;70199;35457;38.6;19.5
55;2021-05-27;1322;983;71521;36440;39.4;20.1
55;2021-05-28;1521;930;73042;37370;40.2;20.6
55;2021-05-29;1403;698;74445;38068;41.0;21.0
55;2021-05-30;15;205;74460;38273;41.0;21.1
55;2021-05-31;1048;1130;75508;39403;41.6;21.7
55;2021-06-01;919;955;76427;40358;42.1;22.2
55;2021-06-02;1162;983;77589;41341;42.7;22.8
55;2021-06-03;703;545;78292;41886;43.1;23.1
55;2021-06-04;1388;1100;79680;42986;43.9;23.7
55;2021-06-05;1366;278;81046;43264;44.6;23.8
55;2021-06-06;0;2;81046;43266;44.6;23.8
55;2021-06-07;791;714;81837;43980;45.1;24.2
55;2021-06-08;700;1073;82537;45053;45.4;24.8
55;2021-06-09;852;872;83389;45925;45.9;25.3
55;2021-06-10;378;275;83767;46200;46.1;25.4
55;2021-06-11;528;1287;84295;47487;46.4;26.1
55;2021-06-12;761;519;85056;48006;46.8;26.4
55;2021-06-13;265;33;85321;48039;47.0;26.4
55;2021-06-14;391;1362;85712;49401;47.2;27.2
55;2021-06-15;574;1212;86286;50613;47.5;27.9
55;2021-06-16;735;832;87021;51445;47.9;28.3
55;2021-06-17;425;858;87446;52303;48.1;28.8
55;2021-06-18;667;1474;88113;53777;48.5;29.6
55;2021-06-19;593;456;88706;54233;48.8;29.9
55;2021-06-20;0;0;88706;54233;48.8;29.9
55;2021-06-21;441;1023;89147;55256;49.1;30.4
55;2021-06-22;335;1012;89482;56268;49.3;31.0
55;2021-06-23;626;1210;90108;57478;49.6;31.6
55;2021-06-24;164;433;90272;57911;49.7;31.9
55;2021-06-25;642;1227;90914;59138;50.1;32.6
55;2021-06-26;418;341;91332;59479;50.3;32.7
55;2021-06-27;1;2;91333;59481;50.3;32.7
55;2021-06-28;149;1379;91482;60860;50.4;33.5
55;2021-06-29;201;1288;91683;62148;50.5;34.2
55;2021-06-30;272;1930;91955;64078;50.6;35.3
55;2021-07-01;388;1977;92343;66055;50.8;36.4
55;2021-07-02;392;1719;92735;67774;51.1;37.3
55;2021-07-03;107;262;92842;68036;51.1;37.5
55;2021-07-04;12;19;92854;68055;51.1;37.5
55;2021-07-05;222;1508;93076;69563;51.2;38.3
55;2021-07-06;327;900;93403;70463;51.4;38.8
55;2021-07-07;389;1801;93792;72264;51.6;39.8
55;2021-07-08;535;1594;94327;73858;51.9;40.7
55;2021-07-09;457;1478;94784;75336;52.2;41.5
55;2021-07-10;356;1112;95140;76448;52.4;42.1
55;2021-07-11;0;9;95140;76457;52.4;42.1
55;2021-07-12;608;1166;95748;77623;52.7;42.7
55;2021-07-13;599;1487;96347;79110;53.0;43.6
55;2021-07-14;1;13;96348;79123;53.0;43.6
55;2021-07-15;782;1646;97130;80769;53.5;44.5
55;2021-07-16;1255;1810;98385;82579;54.2;45.5
55;2021-07-17;1284;822;99669;83401;54.9;45.9
55;2021-07-18;1;2;99670;83403;54.9;45.9
55;2021-07-19;597;785;100267;84188;55.2;46.3
55;2021-07-20;1001;1024;101268;85212;55.8;46.9
55;2021-07-21;1482;1371;102750;86583;56.6;47.7
55;2021-07-22;1174;568;103924;87151;57.2;48.0
55;2021-07-23;1113;1356;105037;88507;57.8;48.7
55;2021-07-24;819;762;105856;89269;58.3;49.1
55;2021-07-25;120;229;105976;89498;58.3;49.3
55;2021-07-26;668;444;106644;89942;58.7;49.5
55;2021-07-27;1166;479;107810;90421;59.4;49.8
55;2021-07-28;1039;1066;108849;91487;59.9;50.4
55;2021-07-29;670;446;109519;91933;60.3;50.6
55;2021-07-30;1272;966;110791;92899;61.0;51.1
55;2021-07-31;714;613;111505;93512;61.4;51.5
55;2021-08-01;9;5;111514;93517;61.4;51.5
55;2021-08-02;820;443;112334;93960;61.8;51.7
55;2021-08-03;792;418;113126;94378;62.3;52.0
55;2021-08-04;1248;951;114374;95329;63.0;52.5
55;2021-08-05;1055;324;115429;95653;63.5;52.7
55;2021-08-06;819;1096;116248;96749;64.0;53.3
55;2021-08-07;596;336;116844;97085;64.3;53.4
55;2021-08-08;0;0;116844;97085;64.3;53.4
55;2021-08-09;402;306;117246;97391;64.5;53.6
55;2021-08-10;447;776;117693;98167;64.8;54.0
55;2021-08-11;595;640;118288;98807;65.1;54.4
55;2021-08-12;327;489;118615;99296;65.3;54.7
55;2021-08-13;439;1110;119054;100406;65.5;55.3
55;2021-08-14;144;190;119198;100596;65.6;55.4
55;2021-08-15;11;5;119209;100601;65.6;55.4
55;2021-08-16;246;739;119455;101340;65.8;55.8
55;2021-08-17;259;289;119714;101629;65.9;56.0
55;2021-08-18;576;1241;120290;102870;66.2;56.6
55;2021-08-19;450;960;120740;103830;66.5;57.2
55;2021-08-20;623;1012;121363;104842;66.8;57.7
55;2021-08-21;292;772;121655;105614;67.0;58.1
55;2021-08-22;8;6;121663;105620;67.0;58.1
55;2021-08-23;357;612;122020;106232;67.2;58.5
55;2021-08-24;338;833;122358;107065;67.4;58.9
55;2021-08-25;678;1173;123036;108238;67.7;59.6
55;2021-08-26;473;1253;123509;109491;68.0;60.3
55;2021-08-27;336;1247;123845;110738;68.2;61.0
55;2021-08-28;388;578;124233;111316;68.4;61.3
55;2021-08-29;217;59;124450;111375;68.5;61.3
55;2021-08-30;176;670;124626;112045;68.6;61.7
55;2021-08-31;286;802;124912;112847;68.8;62.1
55;2021-09-01;702;1213;125614;114060;69.2;62.8
55;2021-09-02;209;820;125823;114880;69.3;63.2
55;2021-09-03;448;1046;126271;115926;69.5;63.8
55;2021-09-04;290;576;126561;116502;69.7;64.1
55;2021-09-05;18;91;126579;116593;69.7;64.2
55;2021-09-06;61;122;126640;116715;69.7;64.3
55;2021-09-07;284;402;126924;117117;69.9;64.5
55;2021-09-08;275;275;127199;117392;70.0;64.6
55;2021-09-09;199;544;127398;117936;70.1;64.9
55;2021-09-10;253;420;127651;118356;70.3;65.2
55;2021-09-11;98;281;127749;118637;70.3;65.3
55;2021-09-12;1;2;127750;118639;70.3;65.3
55;2021-09-13;103;328;127853;118967;70.4;65.5
55;2021-09-14;244;173;128097;119140;70.5;65.6
55;2021-09-15;308;638;128405;119778;70.7;65.9
55;2021-09-16;120;181;128525;119959;70.8;66.0
55;2021-09-17;89;123;128614;120082;70.8;66.1
55;2021-09-18;138;391;128752;120473;70.9;66.3
55;2021-09-19;1;59;128753;120532;70.9;66.4
55;2021-09-20;66;192;128819;120724;70.9;66.5
55;2021-09-21;100;332;128919;121056;71.0;66.6
55;2021-09-22;109;395;129028;121451;71.0;66.9
55;2021-09-23;95;427;129123;121878;71.1;67.1
55;2021-09-24;88;370;129211;122248;71.1;67.3
55;2021-09-25;57;160;129268;122408;71.2;67.4
55;2021-09-26;0;34;129268;122442;71.2;67.4
55;2021-09-27;48;129;129316;122571;71.2;67.5
55;2021-09-28;51;124;129367;122695;71.2;67.5
55;2021-09-29;157;861;129524;123556;71.3;68.0
55;2021-09-30;58;331;129582;123887;71.3;68.2
55;2021-10-01;57;274;129639;124161;71.4;68.4
55;2021-10-02;91;372;129730;124533;71.4;68.6
55;2021-10-03;0;59;129730;124592;71.4;68.6
55;2021-10-04;106;389;129836;124981;71.5;68.8
55;2021-10-05;71;259;129907;125240;71.5;68.9
55;2021-10-06;101;378;130008;125618;71.6;69.2
55;2021-10-07;56;151;130064;125769;71.6;69.2
55;2021-10-08;61;143;130125;125912;71.6;69.3
55;2021-10-09;54;240;130179;126152;71.7;69.5
55;2021-10-10;20;196;130199;126348;71.7;69.6
56;2020-12-27;0;0;0;0;0.0;0.0
56;2020-12-28;1;0;1;0;0.0;0.0
56;2020-12-29;0;0;1;0;0.0;0.0
56;2020-12-30;0;0;1;0;0.0;0.0
56;2020-12-31;0;0;1;0;0.0;0.0
56;2021-01-01;0;0;1;0;0.0;0.0
56;2021-01-02;1;0;2;0;0.0;0.0
56;2021-01-03;2;2;4;2;0.0;0.0
56;2021-01-04;2;1;6;3;0.0;0.0
56;2021-01-05;1;0;7;3;0.0;0.0
56;2021-01-06;2;0;9;3;0.0;0.0
56;2021-01-07;198;0;207;3;0.0;0.0
56;2021-01-08;119;0;326;3;0.0;0.0
56;2021-01-09;1;0;327;3;0.0;0.0
56;2021-01-10;1;0;328;3;0.0;0.0
56;2021-01-11;242;0;570;3;0.1;0.0
56;2021-01-12;755;15;1325;18;0.2;0.0
56;2021-01-13;638;1;1963;19;0.3;0.0
56;2021-01-14;970;19;2933;38;0.4;0.0
56;2021-01-15;844;5;3777;43;0.5;0.0
56;2021-01-16;235;3;4012;46;0.5;0.0
56;2021-01-17;27;0;4039;46;0.5;0.0
56;2021-01-18;1006;1;5045;47;0.7;0.0
56;2021-01-19;866;24;5911;71;0.8;0.0
56;2021-01-20;885;1;6796;72;0.9;0.0
56;2021-01-21;1450;16;8246;88;1.1;0.0
56;2021-01-22;1183;4;9429;92;1.2;0.0
56;2021-01-23;319;3;9748;95;1.3;0.0
56;2021-01-24;6;0;9754;95;1.3;0.0
56;2021-01-25;830;4;10584;99;1.4;0.0
56;2021-01-26;1034;4;11618;103;1.5;0.0
56;2021-01-27;1082;62;12700;165;1.7;0.0
56;2021-01-28;975;123;13675;288;1.8;0.0
56;2021-01-29;875;107;14550;395;1.9;0.1
56;2021-01-30;139;19;14689;414;1.9;0.1
56;2021-01-31;0;0;14689;414;1.9;0.1
56;2021-02-01;480;155;15169;569;2.0;0.1
56;2021-02-02;941;258;16110;827;2.1;0.1
56;2021-02-03;1025;270;17135;1097;2.3;0.1
56;2021-02-04;4705;360;21840;1457;2.9;0.2
56;2021-02-05;3596;436;25436;1893;3.4;0.3
56;2021-02-06;551;171;25987;2064;3.4;0.3
56;2021-02-07;136;26;26123;2090;3.5;0.3
56;2021-02-08;297;291;26420;2381;3.5;0.3
56;2021-02-09;795;506;27215;2887;3.6;0.4
56;2021-02-10;864;700;28079;3587;3.7;0.5
56;2021-02-11;973;1081;29052;4668;3.8;0.6
56;2021-02-12;1153;645;30205;5313;4.0;0.7
56;2021-02-13;220;103;30425;5416;4.0;0.7
56;2021-02-14;6;46;30431;5462;4.0;0.7
56;2021-02-15;623;1087;31054;6549;4.1;0.9
56;2021-02-16;1219;735;32273;7284;4.3;1.0
56;2021-02-17;1189;959;33462;8243;4.4;1.1
56;2021-02-18;1351;882;34813;9125;4.6;1.2
56;2021-02-19;1323;916;36136;10041;4.8;1.3
56;2021-02-20;365;259;36501;10300;4.8;1.4
56;2021-02-21;2;1;36503;10301;4.8;1.4
56;2021-02-22;376;704;36879;11005;4.9;1.5
56;2021-02-23;742;951;37621;11956;5.0;1.6
56;2021-02-24;918;1187;38539;13143;5.1;1.7
56;2021-02-25;2032;4258;40571;17401;5.4;2.3
56;2021-02-26;2356;2255;42927;19656;5.7;2.6
56;2021-02-27;748;447;43675;20103;5.8;2.7
56;2021-02-28;15;114;43690;20217;5.8;2.7
56;2021-03-01;649;559;44339;20776;5.9;2.7
56;2021-03-02;980;789;45319;21565;6.0;2.9
56;2021-03-03;1150;910;46469;22475;6.2;3.0
56;2021-03-04;1965;1039;48434;23514;6.4;3.1
56;2021-03-05;2584;1434;51018;24948;6.8;3.3
56;2021-03-06;1209;223;52227;25171;6.9;3.3
56;2021-03-07;282;24;52509;25195;6.9;3.3
56;2021-03-08;1141;394;53650;25589;7.1;3.4
56;2021-03-09;2043;633;55693;26222;7.4;3.5
56;2021-03-10;2000;939;57693;27161;7.6;3.6
56;2021-03-11;3251;744;60944;27905;8.1;3.7
56;2021-03-12;4208;834;65152;28739;8.6;3.8
56;2021-03-13;1885;154;67037;28893;8.9;3.8
56;2021-03-14;195;4;67232;28897;8.9;3.8
56;2021-03-15;1285;531;68517;29428;9.1;3.9
56;2021-03-16;1088;1029;69605;30457;9.2;4.0
56;2021-03-17;1371;778;70976;31235;9.4;4.1
56;2021-03-18;2001;1863;72977;33098;9.7;4.4
56;2021-03-19;2947;1398;75924;34496;10.0;4.6
56;2021-03-20;1492;207;77416;34703;10.2;4.6
56;2021-03-21;209;22;77625;34725;10.3;4.6
56;2021-03-22;1612;407;79237;35132;10.5;4.6
56;2021-03-23;2810;687;82047;35819;10.9;4.7
56;2021-03-24;3450;527;85497;36346;11.3;4.8
56;2021-03-25;4238;731;89735;37077;11.9;4.9
56;2021-03-26;5092;774;94827;37851;12.6;5.0
56;2021-03-27;1502;296;96329;38147;12.7;5.0
56;2021-03-28;264;11;96593;38158;12.8;5.1
56;2021-03-29;2236;507;98829;38665;13.1;5.1
56;2021-03-30;3519;787;102348;39452;13.5;5.2
56;2021-03-31;3115;723;105463;40175;14.0;5.3
56;2021-04-01;4079;827;109542;41002;14.5;5.4
56;2021-04-02;3925;954;113467;41956;15.0;5.6
56;2021-04-03;1186;270;114653;42226;15.2;5.6
56;2021-04-04;233;4;114886;42230;15.2;5.6
56;2021-04-05;244;8;115130;42238;15.2;5.6
56;2021-04-06;2828;1238;117958;43476;15.6;5.8
56;2021-04-07;4023;1196;121981;44672;16.1;5.9
56;2021-04-08;5296;1170;127277;45842;16.8;6.1
56;2021-04-09;7396;1289;134673;47131;17.8;6.2
56;2021-04-10;2576;430;137249;47561;18.2;6.3
56;2021-04-11;194;102;137443;47663;18.2;6.3
56;2021-04-12;3932;838;141375;48501;18.7;6.4
56;2021-04-13;5965;1268;147340;49769;19.5;6.6
56;2021-04-14;5168;1434;152508;51203;20.2;6.8
56;2021-04-15;7153;1779;159661;52982;21.1;7.0
56;2021-04-16;7842;2020;167503;55002;22.2;7.3
56;2021-04-17;3130;649;170633;55651;22.6;7.4
56;2021-04-18;528;110;171161;55761;22.7;7.4
56;2021-04-19;3719;1264;174880;57025;23.1;7.5
56;2021-04-20;4107;1981;178987;59006;23.7;7.8
56;2021-04-21;4059;2327;183046;61333;24.2;8.1
56;2021-04-22;5173;1928;188219;63261;24.9;8.4
56;2021-04-23;5172;2423;193391;65684;25.6;8.7
56;2021-04-24;2899;648;196290;66332;26.0;8.8
56;2021-04-25;465;149;196755;66481;26.0;8.8
56;2021-04-26;4710;1672;201465;68153;26.7;9.0
56;2021-04-27;5097;2554;206562;70707;27.3;9.4
56;2021-04-28;4966;2250;211528;72957;28.0;9.7
56;2021-04-29;5842;2944;217370;75901;28.8;10.0
56;2021-04-30;6246;2804;223616;78705;29.6;10.4
56;2021-05-01;2489;365;226105;79070;29.9;10.5
56;2021-05-02;307;254;226412;79324;30.0;10.5
56;2021-05-03;3863;2069;230275;81393;30.5;10.8
56;2021-05-04;4379;3911;234654;85304;31.1;11.3
56;2021-05-05;3522;3879;238176;89183;31.5;11.8
56;2021-05-06;4377;5447;242553;94630;32.1;12.5
56;2021-05-07;4267;5016;246820;99646;32.7;13.2
56;2021-05-08;1645;324;248465;99970;32.9;13.2
56;2021-05-09;494;227;248959;100197;33.0;13.3
56;2021-05-10;3751;3809;252710;104006;33.4;13.8
56;2021-05-11;4169;5053;256879;109059;34.0;14.4
56;2021-05-12;4342;4776;261221;113835;34.6;15.1
56;2021-05-13;2397;1014;263618;114849;34.9;15.2
56;2021-05-14;4227;4362;267845;119211;35.4;15.8
56;2021-05-15;2488;1895;270333;121106;35.8;16.0
56;2021-05-16;237;488;270570;121594;35.8;16.1
56;2021-05-17;2513;3668;273083;125262;36.1;16.6
56;2021-05-18;3522;4102;276605;129364;36.6;17.1
56;2021-05-19;3527;3398;280132;132762;37.1;17.6
56;2021-05-20;3805;4819;283937;137581;37.6;18.2
56;2021-05-21;3748;5228;287685;142809;38.1;18.9
56;2021-05-22;1697;2207;289382;145016;38.3;19.2
56;2021-05-23;284;197;289666;145213;38.3;19.2
56;2021-05-24;2058;497;291724;145710;38.6;19.3
56;2021-05-25;3141;4472;294865;150182;39.0;19.9
56;2021-05-26;3735;3937;298600;154119;39.5;20.4
56;2021-05-27;4362;4868;302962;158987;40.1;21.0
56;2021-05-28;4640;5961;307602;164948;40.7;21.8
56;2021-05-29;1886;1635;309488;166583;41.0;22.0
56;2021-05-30;318;67;309806;166650;41.0;22.1
56;2021-05-31;4502;3222;314308;169872;41.6;22.5
56;2021-06-01;5664;3387;319972;173259;42.3;22.9
56;2021-06-02;5631;2953;325603;176212;43.1;23.3
56;2021-06-03;6189;3304;331792;179516;43.9;23.8
56;2021-06-04;5813;4412;337605;183928;44.7;24.3
56;2021-06-05;4346;2385;341951;186313;45.3;24.7
56;2021-06-06;496;615;342447;186928;45.3;24.7
56;2021-06-07;5101;3172;347548;190100;46.0;25.2
56;2021-06-08;6070;3375;353618;193475;46.8;25.6
56;2021-06-09;6431;2815;360049;196290;47.7;26.0
56;2021-06-10;7478;2874;367527;199164;48.6;26.4
56;2021-06-11;6768;3867;374295;203031;49.5;26.9
56;2021-06-12;5103;2065;379398;205096;50.2;27.1
56;2021-06-13;1978;439;381376;205535;50.5;27.2
56;2021-06-14;3313;4595;384689;210130;50.9;27.8
56;2021-06-15;4201;4897;388890;215027;51.5;28.5
56;2021-06-16;4496;4504;393386;219531;52.1;29.1
56;2021-06-17;4257;4752;397643;224283;52.6;29.7
56;2021-06-18;4513;5973;402156;230256;53.2;30.5
56;2021-06-19;3832;2144;405988;232400;53.7;30.8
56;2021-06-20;1503;340;407491;232740;53.9;30.8
56;2021-06-21;3306;4462;410797;237202;54.4;31.4
56;2021-06-22;3483;5441;414280;242643;54.8;32.1
56;2021-06-23;3763;5061;418043;247704;55.3;32.8
56;2021-06-24;3478;5320;421521;253024;55.8;33.5
56;2021-06-25;3884;6281;425405;259305;56.3;34.3
56;2021-06-26;3202;2916;428607;262221;56.7;34.7
56;2021-06-27;305;163;428912;262384;56.8;34.7
56;2021-06-28;1575;3982;430487;266366;57.0;35.3
56;2021-06-29;2433;5770;432920;272136;57.3;36.0
56;2021-06-30;2499;5561;435419;277697;57.6;36.8
56;2021-07-01;2735;4960;438154;282657;58.0;37.4
56;2021-07-02;2656;6204;440810;288861;58.3;38.2
56;2021-07-03;2203;2684;443013;291545;58.6;38.6
56;2021-07-04;778;811;443791;292356;58.7;38.7
56;2021-07-05;1872;5442;445663;297798;59.0;39.4
56;2021-07-06;2190;5933;447853;303731;59.3;40.2
56;2021-07-07;2844;5642;450697;309373;59.7;40.9
56;2021-07-08;3086;6036;453783;315409;60.1;41.7
56;2021-07-09;2213;7098;455996;322507;60.4;42.7
56;2021-07-10;1126;3004;457122;325511;60.5;43.1
56;2021-07-11;256;344;457378;325855;60.5;43.1
56;2021-07-12;2181;6605;459559;332460;60.8;44.0
56;2021-07-13;3259;7467;462818;339927;61.3;45.0
56;2021-07-14;1785;2591;464603;342518;61.5;45.3
56;2021-07-15;3819;7069;468422;349587;62.0;46.3
56;2021-07-16;4076;8096;472498;357683;62.5;47.3
56;2021-07-17;2320;3525;474818;361208;62.8;47.8
56;2021-07-18;256;478;475074;361686;62.9;47.9
56;2021-07-19;2868;6359;477942;368045;63.3;48.7
56;2021-07-20;3722;7913;481664;375958;63.7;49.8
56;2021-07-21;3096;7519;484760;383477;64.2;50.8
56;2021-07-22;4391;8035;489151;391512;64.7;51.8
56;2021-07-23;4389;8412;493540;399924;65.3;52.9
56;2021-07-24;1687;4602;495227;404526;65.5;53.5
56;2021-07-25;551;1916;495778;406442;65.6;53.8
56;2021-07-26;3680;5460;499458;411902;66.1;54.5
56;2021-07-27;5375;6201;504833;418103;66.8;55.3
56;2021-07-28;4688;5465;509521;423568;67.4;56.1
56;2021-07-29;5378;5628;514899;429196;68.1;56.8
56;2021-07-30;5383;5864;520282;435060;68.9;57.6
56;2021-07-31;2157;2693;522439;437753;69.1;57.9
56;2021-08-01;1255;977;523694;438730;69.3;58.1
56;2021-08-02;4536;4600;528230;443330;69.9;58.7
56;2021-08-03;6385;4962;534615;448292;70.8;59.3
56;2021-08-04;5952;4363;540567;452655;71.5;59.9
56;2021-08-05;6097;4605;546664;457260;72.4;60.5
56;2021-08-06;5855;4926;552519;462186;73.1;61.2
56;2021-08-07;2859;2228;555378;464414;73.5;61.5
56;2021-08-08;1830;566;557208;464980;73.7;61.5
56;2021-08-09;3936;4267;561144;469247;74.3;62.1
56;2021-08-10;4928;4612;566072;473859;74.9;62.7
56;2021-08-11;4565;4138;570637;477997;75.5;63.3
56;2021-08-12;4488;4549;575125;482546;76.1;63.9
56;2021-08-13;4214;4814;579339;487360;76.7;64.5
56;2021-08-14;1792;2136;581131;489496;76.9;64.8
56;2021-08-15;348;485;581479;489981;77.0;64.8
56;2021-08-16;3066;4522;584545;494503;77.4;65.4
56;2021-08-17;3761;5055;588306;499558;77.9;66.1
56;2021-08-18;3739;4609;592045;504167;78.4;66.7
56;2021-08-19;3069;4992;595114;509159;78.8;67.4
56;2021-08-20;2905;5260;598019;514419;79.1;68.1
56;2021-08-21;1159;2399;599178;516818;79.3;68.4
56;2021-08-22;129;503;599307;517321;79.3;68.5
56;2021-08-23;1929;4969;601236;522290;79.6;69.1
56;2021-08-24;1924;5513;603160;527803;79.8;69.9
56;2021-08-25;1710;5056;604870;532859;80.1;70.5
56;2021-08-26;1409;5326;606279;538185;80.2;71.2
56;2021-08-27;1757;5878;608036;544063;80.5;72.0
56;2021-08-28;605;2802;608641;546865;80.6;72.4
56;2021-08-29;79;476;608720;547341;80.6;72.4
56;2021-08-30;1381;4626;610101;551967;80.7;73.1
56;2021-08-31;1473;4648;611574;556615;80.9;73.7
56;2021-09-01;1320;3927;612894;560542;81.1;74.2
56;2021-09-02;1083;3711;613977;564253;81.3;74.7
56;2021-09-03;1103;4240;615080;568493;81.4;75.2
56;2021-09-04;766;2340;615846;570833;81.5;75.6
56;2021-09-05;128;365;615974;571198;81.5;75.6
56;2021-09-06;885;3115;616859;574313;81.6;76.0
56;2021-09-07;819;3001;617678;577314;81.8;76.4
56;2021-09-08;967;3234;618645;580548;81.9;76.8
56;2021-09-09;798;2667;619443;583215;82.0;77.2
56;2021-09-10;942;3160;620385;586375;82.1;77.6
56;2021-09-11;475;2017;620860;588392;82.2;77.9
56;2021-09-12;34;167;620894;588559;82.2;77.9
56;2021-09-13;764;2071;621658;590630;82.3;78.2
56;2021-09-14;698;1870;622356;592500;82.4;78.4
56;2021-09-15;713;2499;623069;594999;82.5;78.7
56;2021-09-16;707;1591;623776;596590;82.6;79.0
56;2021-09-17;760;2148;624536;598738;82.7;79.2
56;2021-09-18;305;1706;624841;600444;82.7;79.5
56;2021-09-19;32;112;624873;600556;82.7;79.5
56;2021-09-20;426;1288;625299;601844;82.8;79.7
56;2021-09-21;500;1165;625799;603009;82.8;79.8
56;2021-09-22;463;1704;626262;604713;82.9;80.0
56;2021-09-23;543;1048;626805;605761;83.0;80.2
56;2021-09-24;580;1613;627385;607374;83.0;80.4
56;2021-09-25;256;1029;627641;608403;83.1;80.5
56;2021-09-26;12;79;627653;608482;83.1;80.5
56;2021-09-27;475;1000;628128;609482;83.1;80.7
56;2021-09-28;436;958;628564;610440;83.2;80.8
56;2021-09-29;386;1168;628950;611608;83.2;80.9
56;2021-09-30;333;606;629283;612214;83.3;81.0
56;2021-10-01;514;1256;629797;613470;83.4;81.2
56;2021-10-02;161;403;629958;613873;83.4;81.2
56;2021-10-03;5;77;629963;613950;83.4;81.3
56;2021-10-04;295;761;630258;614711;83.4;81.4
56;2021-10-05;239;619;630497;615330;83.4;81.4
56;2021-10-06;403;945;630900;616275;83.5;81.6
56;2021-10-07;308;879;631208;617154;83.5;81.7
56;2021-10-08;423;910;631631;618064;83.6;81.8
56;2021-10-09;151;382;631782;618446;83.6;81.9
56;2021-10-10;9;56;631791;618502;83.6;81.9
57;2020-12-27;2;0;2;0;0.0;0.0
57;2020-12-28;0;0;2;0;0.0;0.0
57;2020-12-29;2;0;4;0;0.0;0.0
57;2020-12-30;1;0;5;0;0.0;0.0
57;2020-12-31;0;0;5;0;0.0;0.0
57;2021-01-01;1;1;6;1;0.0;0.0
57;2021-01-02;3;0;9;1;0.0;0.0
57;2021-01-03;0;0;9;1;0.0;0.0
57;2021-01-04;17;0;26;1;0.0;0.0
57;2021-01-05;199;0;225;1;0.0;0.0
57;2021-01-06;226;1;451;2;0.0;0.0
57;2021-01-07;586;2;1037;4;0.1;0.0
57;2021-01-08;509;2;1546;6;0.1;0.0
57;2021-01-09;203;0;1749;6;0.2;0.0
57;2021-01-10;109;1;1858;7;0.2;0.0
57;2021-01-11;470;1;2328;8;0.2;0.0
57;2021-01-12;612;7;2940;15;0.3;0.0
57;2021-01-13;696;2;3636;17;0.4;0.0
57;2021-01-14;708;6;4344;23;0.4;0.0
57;2021-01-15;636;5;4980;28;0.5;0.0
57;2021-01-16;452;1;5432;29;0.5;0.0
57;2021-01-17;493;1;5925;30;0.6;0.0
57;2021-01-18;2716;23;8641;53;0.8;0.0
57;2021-01-19;2567;22;11208;75;1.1;0.0
57;2021-01-20;2770;24;13978;99;1.3;0.0
57;2021-01-21;1803;9;15781;108;1.5;0.0
57;2021-01-22;1325;8;17106;116;1.7;0.0
57;2021-01-23;543;15;17649;131;1.7;0.0
57;2021-01-24;1;0;17650;131;1.7;0.0
57;2021-01-25;869;186;18519;317;1.8;0.0
57;2021-01-26;1112;214;19631;531;1.9;0.1
57;2021-01-27;1070;183;20701;714;2.0;0.1
57;2021-01-28;1040;296;21741;1010;2.1;0.1
57;2021-01-29;983;392;22724;1402;2.2;0.1
57;2021-01-30;440;93;23164;1495;2.2;0.1
57;2021-01-31;11;27;23175;1522;2.2;0.1
57;2021-02-01;828;351;24003;1873;2.3;0.2
57;2021-02-02;989;363;24992;2236;2.4;0.2
57;2021-02-03;987;318;25979;2554;2.5;0.2
57;2021-02-04;1138;803;27117;3357;2.6;0.3
57;2021-02-05;929;354;28046;3711;2.7;0.4
57;2021-02-06;482;347;28528;4058;2.8;0.4
57;2021-02-07;103;336;28631;4394;2.8;0.4
57;2021-02-08;1258;1548;29889;5942;2.9;0.6
57;2021-02-09;1763;1676;31652;7618;3.1;0.7
57;2021-02-10;1711;2075;33363;9693;3.2;0.9
57;2021-02-11;1488;1326;34851;11019;3.4;1.1
57;2021-02-12;1227;677;36078;11696;3.5;1.1
57;2021-02-13;1152;179;37230;11875;3.6;1.1
57;2021-02-14;1211;28;38441;11903;3.7;1.1
57;2021-02-15;766;858;39207;12761;3.8;1.2
57;2021-02-16;1076;798;40283;13559;3.9;1.3
57;2021-02-17;1008;962;41291;14521;4.0;1.4
57;2021-02-18;976;1158;42267;15679;4.1;1.5
57;2021-02-19;956;934;43223;16613;4.2;1.6
57;2021-02-20;1172;614;44395;17227;4.3;1.7
57;2021-02-21;323;13;44718;17240;4.3;1.7
57;2021-02-22;1230;911;45948;18151;4.4;1.8
57;2021-02-23;2234;1087;48182;19238;4.7;1.9
57;2021-02-24;2287;1005;50469;20243;4.9;2.0
57;2021-02-25;3297;1128;53766;21371;5.2;2.1
57;2021-02-26;3593;962;57359;22333;5.5;2.2
57;2021-02-27;3698;543;61057;22876;5.9;2.2
57;2021-02-28;1897;62;62954;22938;6.1;2.2
57;2021-03-01;2083;1346;65037;24284;6.3;2.3
57;2021-03-02;2863;1613;67900;25897;6.6;2.5
57;2021-03-03;2834;1617;70734;27514;6.8;2.7
57;2021-03-04;3286;1302;74020;28816;7.1;2.8
57;2021-03-05;4460;1257;78480;30073;7.6;2.9
57;2021-03-06;7262;799;85742;30872;8.3;3.0
57;2021-03-07;6070;285;91812;31157;8.9;3.0
57;2021-03-08;2300;1018;94112;32175;9.1;3.1
57;2021-03-09;3403;1313;97515;33488;9.4;3.2
57;2021-03-10;3592;980;101107;34468;9.8;3.3
57;2021-03-11;4045;1266;105152;35734;10.2;3.4
57;2021-03-12;5124;1224;110276;36958;10.6;3.6
57;2021-03-13;6287;997;116563;37955;11.3;3.7
57;2021-03-14;2425;431;118988;38386;11.5;3.7
57;2021-03-15;2966;887;121954;39273;11.8;3.8
57;2021-03-16;3063;1303;125017;40576;12.1;3.9
57;2021-03-17;3051;1157;128068;41733;12.4;4.0
57;2021-03-18;3403;1087;131471;42820;12.7;4.1
57;2021-03-19;4626;1064;136097;43884;13.1;4.2
57;2021-03-20;4702;1040;140799;44924;13.6;4.3
57;2021-03-21;1896;257;142695;45181;13.8;4.4
57;2021-03-22;2479;1500;145174;46681;14.0;4.5
57;2021-03-23;3442;2363;148616;49044;14.3;4.7
57;2021-03-24;3898;2168;152514;51212;14.7;4.9
57;2021-03-25;4743;2610;157257;53822;15.2;5.2
57;2021-03-26;4841;2283;162098;56105;15.6;5.4
57;2021-03-27;3710;3166;165808;59271;16.0;5.7
57;2021-03-28;1398;1849;167206;61120;16.1;5.9
57;2021-03-29;1932;2206;169138;63326;16.3;6.1
57;2021-03-30;3301;2520;172439;65846;16.6;6.4
57;2021-03-31;2826;2336;175265;68182;16.9;6.6
57;2021-04-01;3223;3190;178488;71372;17.2;6.9
57;2021-04-02;2392;2597;180880;73969;17.5;7.1
57;2021-04-03;2565;2668;183445;76637;17.7;7.4
57;2021-04-04;596;970;184041;77607;17.8;7.5
57;2021-04-05;1922;676;185963;78283;18.0;7.6
57;2021-04-06;2453;2854;188416;81137;18.2;7.8
57;2021-04-07;3816;3126;192232;84263;18.6;8.1
57;2021-04-08;5612;2926;197844;87189;19.1;8.4
57;2021-04-09;5014;2761;202858;89950;19.6;8.7
57;2021-04-10;2353;3649;205211;93599;19.8;9.0
57;2021-04-11;1099;1892;206310;95491;19.9;9.2
57;2021-04-12;1795;2759;208105;98250;20.1;9.5
57;2021-04-13;1976;3034;210081;101284;20.3;9.8
57;2021-04-14;1923;2996;212004;104280;20.5;10.1
57;2021-04-15;2364;3434;214368;107714;20.7;10.4
57;2021-04-16;2700;3299;217068;111013;21.0;10.7
57;2021-04-17;2474;3183;219542;114196;21.2;11.0
57;2021-04-18;1241;1774;220783;115970;21.3;11.2
57;2021-04-19;2142;2260;222925;118230;21.5;11.4
57;2021-04-20;2513;2787;225438;121017;21.8;11.7
57;2021-04-21;2568;2382;228006;123399;22.0;11.9
57;2021-04-22;3209;2253;231215;125652;22.3;12.1
57;2021-04-23;4060;2586;235275;128238;22.7;12.4
57;2021-04-24;3396;2564;238671;130802;23.0;12.6
57;2021-04-25;757;1127;239428;131929;23.1;12.7
57;2021-04-26;2972;2003;242400;133932;23.4;12.9
57;2021-04-27;3898;2385;246298;136317;23.8;13.2
57;2021-04-28;4213;2596;250511;138913;24.2;13.4
57;2021-04-29;5261;3465;255772;142378;24.7;13.7
57;2021-04-30;4729;3555;260501;145933;25.1;14.1
57;2021-05-01;2356;1687;262857;147620;25.4;14.3
57;2021-05-02;790;915;263647;148535;25.5;14.3
57;2021-05-03;3561;2995;267208;151530;25.8;14.6
57;2021-05-04;4871;3175;272079;154705;26.3;14.9
57;2021-05-05;6123;3171;278202;157876;26.9;15.2
57;2021-05-06;5990;3282;284192;161158;27.4;15.6
57;2021-05-07;6853;3449;291045;164607;28.1;15.9
57;2021-05-08;4051;1605;295096;166212;28.5;16.0
57;2021-05-09;2048;1114;297144;167326;28.7;16.2
57;2021-05-10;5129;3067;302273;170393;29.2;16.4
57;2021-05-11;7452;2849;309725;173242;29.9;16.7
57;2021-05-12;7843;3248;317568;176490;30.7;17.0
57;2021-05-13;4509;915;322077;177405;31.1;17.1
57;2021-05-14;7840;2633;329917;180038;31.8;17.4
57;2021-05-15;5965;2047;335882;182085;32.4;17.6
57;2021-05-16;3307;578;339189;182663;32.7;17.6
57;2021-05-17;3867;2064;343056;184727;33.1;17.8
57;2021-05-18;6292;2104;349348;186831;33.7;18.0
57;2021-05-19;7019;2327;356367;189158;34.4;18.3
57;2021-05-20;6046;2180;362413;191338;35.0;18.5
57;2021-05-21;7564;2925;369977;194263;35.7;18.8
57;2021-05-22;4895;2171;374872;196434;36.2;19.0
57;2021-05-23;1964;430;376836;196864;36.4;19.0
57;2021-05-24;3027;1060;379863;197924;36.7;19.1
57;2021-05-25;5571;2805;385434;200729;37.2;19.4
57;2021-05-26;6374;3178;391808;203907;37.8;19.7
57;2021-05-27;5794;3124;397602;207031;38.4;20.0
57;2021-05-28;7024;4738;404626;211769;39.1;20.4
57;2021-05-29;5220;4245;409846;216014;39.6;20.9
57;2021-05-30;1968;1743;411814;217757;39.8;21.0
57;2021-05-31;4315;3340;416129;221097;40.2;21.3
57;2021-06-01;5934;3718;422063;224815;40.7;21.7
57;2021-06-02;6340;3907;428403;228722;41.4;22.1
57;2021-06-03;6209;3702;434612;232424;42.0;22.4
57;2021-06-04;7569;4992;442181;237416;42.7;22.9
57;2021-06-05;4764;4032;446945;241448;43.1;23.3
57;2021-06-06;1992;890;448937;242338;43.3;23.4
57;2021-06-07;4315;4034;453252;246372;43.8;23.8
57;2021-06-08;6721;4314;459973;250686;44.4;24.2
57;2021-06-09;6876;4156;466849;254842;45.1;24.6
57;2021-06-10;6218;4597;473067;259439;45.7;25.0
57;2021-06-11;5361;5366;478428;264805;46.2;25.6
57;2021-06-12;5741;4452;484169;269257;46.7;26.0
57;2021-06-13;1500;1142;485669;270399;46.9;26.1
57;2021-06-14;3381;4698;489050;275097;47.2;26.6
57;2021-06-15;3815;6024;492865;281121;47.6;27.1
57;2021-06-16;4400;6598;497265;287719;48.0;27.8
57;2021-06-17;4201;6073;501466;293792;48.4;28.4
57;2021-06-18;4273;7308;505739;301100;48.8;29.1
57;2021-06-19;4158;6292;509897;307392;49.2;29.7
57;2021-06-20;986;1665;510883;309057;49.3;29.8
57;2021-06-21;2065;5966;512948;315023;49.5;30.4
57;2021-06-22;2644;7987;515592;323010;49.8;31.2
57;2021-06-23;3071;8386;518663;331396;50.1;32.0
57;2021-06-24;2457;5288;521120;336684;50.3;32.5
57;2021-06-25;2856;7825;523976;344509;50.6;33.3
57;2021-06-26;2872;7258;526848;351767;50.9;34.0
57;2021-06-27;752;2985;527600;354752;50.9;34.2
57;2021-06-28;1591;5079;529191;359831;51.1;34.7
57;2021-06-29;2082;6832;531273;366663;51.3;35.4
57;2021-06-30;3067;7321;534340;373984;51.6;36.1
57;2021-07-01;2706;5957;537046;379941;51.8;36.7
57;2021-07-02;2697;8073;539743;388014;52.1;37.5
57;2021-07-03;3238;6528;542981;394542;52.4;38.1
57;2021-07-04;942;2467;543923;397009;52.5;38.3
57;2021-07-05;1713;4608;545636;401617;52.7;38.8
57;2021-07-06;2425;6480;548061;408097;52.9;39.4
57;2021-07-07;2732;7089;550793;415186;53.2;40.1
57;2021-07-08;2495;5876;553288;421062;53.4;40.6
57;2021-07-09;3424;8415;556712;429477;53.7;41.5
57;2021-07-10;3096;6943;559808;436420;54.0;42.1
57;2021-07-11;854;2233;560662;438653;54.1;42.3
57;2021-07-12;2441;6433;563103;445086;54.4;43.0
57;2021-07-13;4415;7507;567518;452593;54.8;43.7
57;2021-07-14;2823;3843;570341;456436;55.1;44.1
57;2021-07-15;3962;7789;574303;464225;55.4;44.8
57;2021-07-16;5644;9829;579947;474054;56.0;45.8
57;2021-07-17;5823;7287;585770;481341;56.5;46.5
57;2021-07-18;1491;2660;587261;484001;56.7;46.7
57;2021-07-19;2375;6201;589636;490202;56.9;47.3
57;2021-07-20;4331;6915;593967;497117;57.3;48.0
57;2021-07-21;5304;6908;599271;504025;57.9;48.7
57;2021-07-22;5982;5959;605253;509984;58.4;49.2
57;2021-07-23;7016;6407;612269;516391;59.1;49.9
57;2021-07-24;4537;7037;616806;523428;59.5;50.5
57;2021-07-25;1334;1770;618140;525198;59.7;50.7
57;2021-07-26;3724;4496;621864;529694;60.0;51.1
57;2021-07-27;6867;4953;628731;534647;60.7;51.6
57;2021-07-28;7487;4565;636218;539212;61.4;52.1
57;2021-07-29;7636;4603;643854;543815;62.2;52.5
57;2021-07-30;6874;4899;650728;548714;62.8;53.0
57;2021-07-31;5707;5024;656435;553738;63.4;53.5
57;2021-08-01;2027;1116;658462;554854;63.6;53.6
57;2021-08-02;3543;3182;662005;558036;63.9;53.9
57;2021-08-03;5805;4284;667810;562320;64.5;54.3
57;2021-08-04;5228;3462;673038;565782;65.0;54.6
57;2021-08-05;5376;3785;678414;569567;65.5;55.0
57;2021-08-06;5624;4855;684038;574422;66.0;55.5
57;2021-08-07;4586;5169;688624;579591;66.5;56.0
57;2021-08-08;1480;1508;690104;581099;66.6;56.1
57;2021-08-09;2625;3177;692729;584276;66.9;56.4
57;2021-08-10;3520;3788;696249;588064;67.2;56.8
57;2021-08-11;3724;4024;699973;592088;67.6;57.2
57;2021-08-12;3161;5217;703134;597305;67.9;57.7
57;2021-08-13;3497;4734;706631;602039;68.2;58.1
57;2021-08-14;2165;5186;708796;607225;68.4;58.6
57;2021-08-15;529;1093;709325;608318;68.5;58.7
57;2021-08-16;1790;3567;711115;611885;68.6;59.1
57;2021-08-17;2380;5355;713495;617240;68.9;59.6
57;2021-08-18;2472;5375;715967;622615;69.1;60.1
57;2021-08-19;2214;5486;718181;628101;69.3;60.6
57;2021-08-20;2058;6034;720239;634135;69.5;61.2
57;2021-08-21;1874;5395;722113;639530;69.7;61.7
57;2021-08-22;454;1530;722567;641060;69.8;61.9
57;2021-08-23;1144;3719;723711;644779;69.9;62.2
57;2021-08-24;1817;5614;725528;650393;70.0;62.8
57;2021-08-25;1619;5318;727147;655711;70.2;63.3
57;2021-08-26;1608;4674;728755;660385;70.4;63.8
57;2021-08-27;1770;5897;730525;666282;70.5;64.3
57;2021-08-28;2014;5385;732539;671667;70.7;64.8
57;2021-08-29;342;1090;732881;672757;70.8;64.9
57;2021-08-30;1033;3209;733914;675966;70.9;65.3
57;2021-08-31;1553;4295;735467;680261;71.0;65.7
57;2021-09-01;1460;3844;736927;684105;71.1;66.0
57;2021-09-02;1178;3106;738105;687211;71.3;66.3
57;2021-09-03;1568;3955;739673;691166;71.4;66.7
57;2021-09-04;1685;3741;741358;694907;71.6;67.1
57;2021-09-05;383;847;741741;695754;71.6;67.2
57;2021-09-06;773;1770;742514;697524;71.7;67.3
57;2021-09-07;704;1855;743218;699379;71.7;67.5
57;2021-09-08;929;2507;744147;701886;71.8;67.8
57;2021-09-09;613;1970;744760;703856;71.9;67.9
57;2021-09-10;1083;2470;745843;706326;72.0;68.2
57;2021-09-11;1182;2976;747025;709302;72.1;68.5
57;2021-09-12;247;490;747272;709792;72.1;68.5
57;2021-09-13;587;1350;747859;711142;72.2;68.7
57;2021-09-14;780;1703;748639;712845;72.3;68.8
57;2021-09-15;770;1994;749409;714839;72.3;69.0
57;2021-09-16;714;1229;750123;716068;72.4;69.1
57;2021-09-17;1113;1790;751236;717858;72.5;69.3
57;2021-09-18;807;2586;752043;720444;72.6;69.5
57;2021-09-19;120;346;752163;720790;72.6;69.6
57;2021-09-20;408;867;752571;721657;72.7;69.7
57;2021-09-21;500;827;753071;722484;72.7;69.7
57;2021-09-22;492;1307;753563;723791;72.7;69.9
57;2021-09-23;466;1214;754029;725005;72.8;70.0
57;2021-09-24;741;1433;754770;726438;72.9;70.1
57;2021-09-25;503;1999;755273;728437;72.9;70.3
57;2021-09-26;121;326;755394;728763;72.9;70.4
57;2021-09-27;440;844;755834;729607;73.0;70.4
57;2021-09-28;314;597;756148;730204;73.0;70.5
57;2021-09-29;555;1110;756703;731314;73.1;70.6
57;2021-09-30;289;615;756992;731929;73.1;70.7
57;2021-10-01;522;1328;757514;733257;73.1;70.8
57;2021-10-02;662;1562;758176;734819;73.2;70.9
57;2021-10-03;121;232;758297;735051;73.2;71.0
57;2021-10-04;363;617;758660;735668;73.2;71.0
57;2021-10-05;284;576;758944;736244;73.3;71.1
57;2021-10-06;455;769;759399;737013;73.3;71.1
57;2021-10-07;309;627;759708;737640;73.3;71.2
57;2021-10-08;499;1035;760207;738675;73.4;71.3
57;2021-10-09;606;1150;760813;739825;73.4;71.4
57;2021-10-10;101;121;760914;739946;73.5;71.4
58;2020-12-27;0;0;0;0;0.0;0.0
58;2020-12-28;0;0;0;0;0.0;0.0
58;2020-12-29;1;0;1;0;0.0;0.0
58;2020-12-30;0;0;1;0;0.0;0.0
58;2020-12-31;0;0;1;0;0.0;0.0
58;2021-01-01;0;0;1;0;0.0;0.0
58;2021-01-02;0;0;1;0;0.0;0.0
58;2021-01-03;1;0;2;0;0.0;0.0
58;2021-01-04;0;0;2;0;0.0;0.0
58;2021-01-05;2;0;4;0;0.0;0.0
58;2021-01-06;145;0;149;0;0.1;0.0
58;2021-01-07;241;0;390;0;0.2;0.0
58;2021-01-08;63;0;453;0;0.2;0.0
58;2021-01-09;1;0;454;0;0.2;0.0
58;2021-01-10;0;0;454;0;0.2;0.0
58;2021-01-11;54;0;508;0;0.3;0.0
58;2021-01-12;260;0;768;0;0.4;0.0
58;2021-01-13;412;4;1180;4;0.6;0.0
58;2021-01-14;292;2;1472;6;0.7;0.0
58;2021-01-15;143;0;1615;6;0.8;0.0
58;2021-01-16;10;1;1625;7;0.8;0.0
58;2021-01-17;0;0;1625;7;0.8;0.0
58;2021-01-18;413;1;2038;8;1.0;0.0
58;2021-01-19;987;3;3025;11;1.5;0.0
58;2021-01-20;1208;2;4233;13;2.1;0.0
58;2021-01-21;962;5;5195;18;2.6;0.0
58;2021-01-22;779;3;5974;21;3.0;0.0
58;2021-01-23;253;0;6227;21;3.1;0.0
58;2021-01-24;2;0;6229;21;3.1;0.0
58;2021-01-25;439;1;6668;22;3.3;0.0
58;2021-01-26;650;4;7318;26;3.7;0.0
58;2021-01-27;604;44;7922;70;4.0;0.0
58;2021-01-28;758;66;8680;136;4.3;0.1
58;2021-01-29;838;7;9518;143;4.8;0.1
58;2021-01-30;281;0;9799;143;4.9;0.1
58;2021-01-31;10;0;9809;143;4.9;0.1
58;2021-02-01;200;73;10009;216;5.0;0.1
58;2021-02-02;566;83;10575;299;5.3;0.1
58;2021-02-03;279;147;10854;446;5.4;0.2
58;2021-02-04;284;93;11138;539;5.6;0.3
58;2021-02-05;184;93;11322;632;5.7;0.3
58;2021-02-06;89;0;11411;632;5.7;0.3
58;2021-02-07;0;0;11411;632;5.7;0.3
58;2021-02-08;306;72;11717;704;5.9;0.4
58;2021-02-09;503;315;12220;1019;6.1;0.5
58;2021-02-10;350;380;12570;1399;6.3;0.7
58;2021-02-11;286;381;12856;1780;6.4;0.9
58;2021-02-12;243;204;13099;1984;6.6;1.0
58;2021-02-13;83;29;13182;2013;6.6;1.0
58;2021-02-14;0;3;13182;2016;6.6;1.0
58;2021-02-15;114;526;13296;2542;6.7;1.3
58;2021-02-16;208;937;13504;3479;6.8;1.7
58;2021-02-17;221;760;13725;4239;6.9;2.1
58;2021-02-18;187;787;13912;5026;7.0;2.5
58;2021-02-19;238;722;14150;5748;7.1;2.9
58;2021-02-20;62;228;14212;5976;7.1;3.0
58;2021-02-21;0;30;14212;6006;7.1;3.0
58;2021-02-22;78;403;14290;6409;7.2;3.2
58;2021-02-23;49;617;14339;7026;7.2;3.5
58;2021-02-24;39;628;14378;7654;7.2;3.8
58;2021-02-25;252;702;14630;8356;7.3;4.2
58;2021-02-26;246;621;14876;8977;7.5;4.5
58;2021-02-27;104;189;14980;9166;7.5;4.6
58;2021-02-28;11;8;14991;9174;7.5;4.6
58;2021-03-01;145;246;15136;9420;7.6;4.7
58;2021-03-02;416;642;15552;10062;7.8;5.0
58;2021-03-03;523;295;16075;10357;8.1;5.2
58;2021-03-04;725;279;16800;10636;8.4;5.3
58;2021-03-05;866;205;17666;10841;8.9;5.4
58;2021-03-06;577;87;18243;10928;9.1;5.5
58;2021-03-07;63;12;18306;10940;9.2;5.5
58;2021-03-08;156;300;18462;11240;9.2;5.6
58;2021-03-09;545;548;19007;11788;9.5;5.9
58;2021-03-10;840;245;19847;12033;9.9;6.0
58;2021-03-11;858;277;20705;12310;10.4;6.2
58;2021-03-12;862;201;21567;12511;10.8;6.3
58;2021-03-13;506;67;22073;12578;11.1;6.3
58;2021-03-14;34;1;22107;12579;11.1;6.3
58;2021-03-15;530;119;22637;12698;11.3;6.4
58;2021-03-16;725;224;23362;12922;11.7;6.5
58;2021-03-17;755;198;24117;13120;12.1;6.6
58;2021-03-18;584;180;24701;13300;12.4;6.7
58;2021-03-19;540;108;25241;13408;12.6;6.7
58;2021-03-20;322;64;25563;13472;12.8;6.7
58;2021-03-21;17;1;25580;13473;12.8;6.8
58;2021-03-22;797;26;26377;13499;13.2;6.8
58;2021-03-23;1636;44;28013;13543;14.0;6.8
58;2021-03-24;1371;82;29384;13625;14.7;6.8
58;2021-03-25;1840;49;31224;13674;15.6;6.9
58;2021-03-26;1414;57;32638;13731;16.4;6.9
58;2021-03-27;358;8;32996;13739;16.5;6.9
58;2021-03-28;20;0;33016;13739;16.5;6.9
58;2021-03-29;636;154;33652;13893;16.9;7.0
58;2021-03-30;1187;257;34839;14150;17.5;7.1
58;2021-03-31;1116;396;35955;14546;18.0;7.3
58;2021-04-01;1547;407;37502;14953;18.8;7.5
58;2021-04-02;1463;369;38965;15322;19.5;7.7
58;2021-04-03;568;152;39533;15474;19.8;7.8
58;2021-04-04;1;1;39534;15475;19.8;7.8
58;2021-04-05;48;0;39582;15475;19.8;7.8
58;2021-04-06;823;347;40405;15822;20.2;7.9
58;2021-04-07;697;552;41102;16374;20.6;8.2
58;2021-04-08;1493;427;42595;16801;21.3;8.4
58;2021-04-09;1775;487;44370;17288;22.2;8.7
58;2021-04-10;650;202;45020;17490;22.6;8.8
58;2021-04-11;17;3;45037;17493;22.6;8.8
58;2021-04-12;1116;504;46153;17997;23.1;9.0
58;2021-04-13;1435;630;47588;18627;23.8;9.3
58;2021-04-14;1358;699;48946;19326;24.5;9.7
58;2021-04-15;1441;613;50387;19939;25.2;10.0
58;2021-04-16;1734;516;52121;20455;26.1;10.2
58;2021-04-17;721;234;52842;20689;26.5;10.4
58;2021-04-18;20;7;52862;20696;26.5;10.4
58;2021-04-19;530;606;53392;21302;26.8;10.7
58;2021-04-20;487;1120;53879;22422;27.0;11.2
58;2021-04-21;628;970;54507;23392;27.3;11.7
58;2021-04-22;768;1525;55275;24917;27.7;12.5
58;2021-04-23;919;787;56194;25704;28.2;12.9
58;2021-04-24;211;208;56405;25912;28.3;13.0
58;2021-04-25;109;9;56514;25921;28.3;13.0
58;2021-04-26;761;247;57275;26168;28.7;13.1
58;2021-04-27;1499;1120;58774;27288;29.4;13.7
58;2021-04-28;1536;1054;60310;28342;30.2;14.2
58;2021-04-29;1444;1048;61754;29390;30.9;14.7
58;2021-04-30;1258;943;63012;30333;31.6;15.2
58;2021-05-01;6;17;63018;30350;31.6;15.2
58;2021-05-02;4;2;63022;30352;31.6;15.2
58;2021-05-03;1042;407;64064;30759;32.1;15.4
58;2021-05-04;1073;1347;65137;32106;32.6;16.1
58;2021-05-05;955;1095;66092;33201;33.1;16.6
58;2021-05-06;1363;1061;67455;34262;33.8;17.2
58;2021-05-07;1111;1092;68566;35354;34.4;17.7
58;2021-05-08;59;60;68625;35414;34.4;17.7
58;2021-05-09;7;21;68632;35435;34.4;17.8
58;2021-05-10;875;992;69507;36427;34.8;18.3
58;2021-05-11;1184;1985;70691;38412;35.4;19.2
58;2021-05-12;1660;1558;72351;39970;36.2;20.0
58;2021-05-13;49;183;72400;40153;36.3;20.1
58;2021-05-14;2311;908;74711;41061;37.4;20.6
58;2021-05-15;1726;456;76437;41517;38.3;20.8
58;2021-05-16;118;33;76555;41550;38.4;20.8
58;2021-05-17;793;611;77348;42161;38.8;21.1
58;2021-05-18;1333;1182;78681;43343;39.4;21.7
58;2021-05-19;1738;548;80419;43891;40.3;22.0
58;2021-05-20;1701;674;82120;44565;41.1;22.3
58;2021-05-21;854;730;82974;45295;41.6;22.7
58;2021-05-22;304;240;83278;45535;41.7;22.8
58;2021-05-23;2;21;83280;45556;41.7;22.8
58;2021-05-24;21;42;83301;45598;41.7;22.8
58;2021-05-25;1386;1156;84687;46754;42.4;23.4
58;2021-05-26;845;839;85532;47593;42.9;23.8
58;2021-05-27;753;943;86285;48536;43.2;24.3
58;2021-05-28;429;909;86714;49445;43.4;24.8
58;2021-05-29;151;212;86865;49657;43.5;24.9
58;2021-05-30;21;19;86886;49676;43.5;24.9
58;2021-05-31;757;398;87643;50074;43.9;25.1
58;2021-06-01;1372;1656;89015;51730;44.6;25.9
58;2021-06-02;1467;1048;90482;52778;45.3;26.4
58;2021-06-03;1024;958;91506;53736;45.8;26.9
58;2021-06-04;842;909;92348;54645;46.3;27.4
58;2021-06-05;272;263;92620;54908;46.4;27.5
58;2021-06-06;26;50;92646;54958;46.4;27.5
58;2021-06-07;712;793;93358;55751;46.8;27.9
58;2021-06-08;1321;1758;94679;57509;47.4;28.8
58;2021-06-09;1417;1008;96096;58517;48.1;29.3
58;2021-06-10;1106;982;97202;59499;48.7;29.8
58;2021-06-11;1023;907;98225;60406;49.2;30.3
58;2021-06-12;1056;415;99281;60821;49.7;30.5
58;2021-06-13;36;33;99317;60854;49.8;30.5
58;2021-06-14;516;1016;99833;61870;50.0;31.0
58;2021-06-15;1592;1757;101425;63627;50.8;31.9
58;2021-06-16;1806;994;103231;64621;51.7;32.4
58;2021-06-17;2023;1109;105254;65730;52.7;32.9
58;2021-06-18;986;1061;106240;66791;53.2;33.5
58;2021-06-19;581;320;106821;67111;53.5;33.6
58;2021-06-20;9;2;106830;67113;53.5;33.6
58;2021-06-21;472;553;107302;67666;53.8;33.9
58;2021-06-22;1028;1965;108330;69631;54.3;34.9
58;2021-06-23;1477;1511;109807;71142;55.0;35.6
58;2021-06-24;729;1024;110536;72166;55.4;36.2
58;2021-06-25;824;1719;111360;73885;55.8;37.0
58;2021-06-26;554;1228;111914;75113;56.1;37.6
58;2021-06-27;18;26;111932;75139;56.1;37.6
58;2021-06-28;463;987;112395;76126;56.3;38.1
58;2021-06-29;623;2161;113018;78287;56.6;39.2
58;2021-06-30;999;1625;114017;79912;57.1;40.0
58;2021-07-01;760;1674;114777;81586;57.5;40.9
58;2021-07-02;444;851;115221;82437;57.7;41.3
58;2021-07-03;249;512;115470;82949;57.9;41.6
58;2021-07-04;12;30;115482;82979;57.9;41.6
58;2021-07-05;510;768;115992;83747;58.1;42.0
58;2021-07-06;695;2121;116687;85868;58.5;43.0
58;2021-07-07;388;955;117075;86823;58.7;43.5
58;2021-07-08;399;1019;117474;87842;58.9;44.0
58;2021-07-09;709;1422;118183;89264;59.2;44.7
58;2021-07-10;261;412;118444;89676;59.3;44.9
58;2021-07-11;175;53;118619;89729;59.4;45.0
58;2021-07-12;197;968;118816;90697;59.5;45.4
58;2021-07-13;933;2503;119749;93200;60.0;46.7
58;2021-07-14;27;60;119776;93260;60.0;46.7
58;2021-07-15;1135;1936;120911;95196;60.6;47.7
58;2021-07-16;1411;1446;122322;96642;61.3;48.4
58;2021-07-17;463;289;122785;96931;61.5;48.6
58;2021-07-18;102;21;122887;96952;61.6;48.6
58;2021-07-19;1655;987;124542;97939;62.4;49.1
58;2021-07-20;1408;2455;125950;100394;63.1;50.3
58;2021-07-21;1178;2010;127128;102404;63.7;51.3
58;2021-07-22;1143;1670;128271;104074;64.3;52.1
58;2021-07-23;1268;1446;129539;105520;64.9;52.9
58;2021-07-24;1000;1272;130539;106792;65.4;53.5
58;2021-07-25;89;40;130628;106832;65.4;53.5
58;2021-07-26;980;860;131608;107692;65.9;54.0
58;2021-07-27;1566;2569;133174;110261;66.7;55.2
58;2021-07-28;1570;1974;134744;112235;67.5;56.2
58;2021-07-29;1581;1628;136325;113863;68.3;57.0
58;2021-07-30;1466;1427;137791;115290;69.0;57.8
58;2021-07-31;568;525;138359;115815;69.3;58.0
58;2021-08-01;35;13;138394;115828;69.3;58.0
58;2021-08-02;1590;863;139984;116691;70.1;58.5
58;2021-08-03;2051;1781;142035;118472;71.2;59.4
58;2021-08-04;1307;1185;143342;119657;71.8;59.9
58;2021-08-05;1621;1175;144963;120832;72.6;60.5
58;2021-08-06;1359;1032;146322;121864;73.3;61.1
58;2021-08-07;318;401;146640;122265;73.5;61.3
58;2021-08-08;30;58;146670;122323;73.5;61.3
58;2021-08-09;1083;1388;147753;123711;74.0;62.0
58;2021-08-10;1779;1388;149532;125099;74.9;62.7
58;2021-08-11;1134;780;150666;125879;75.5;63.1
58;2021-08-12;1067;1109;151733;126988;76.0;63.6
58;2021-08-13;930;955;152663;127943;76.5;64.1
58;2021-08-14;232;317;152895;128260;76.6;64.3
58;2021-08-15;14;27;152909;128287;76.6;64.3
58;2021-08-16;311;1402;153220;129689;76.8;65.0
58;2021-08-17;805;1337;154025;131026;77.2;65.6
58;2021-08-18;767;1171;154792;132197;77.6;66.2
58;2021-08-19;731;1342;155523;133539;77.9;66.9
58;2021-08-20;708;1298;156231;134837;78.3;67.6
58;2021-08-21;254;476;156485;135313;78.4;67.8
58;2021-08-22;9;86;156494;135399;78.4;67.8
58;2021-08-23;418;816;156912;136215;78.6;68.2
58;2021-08-24;513;1481;157425;137696;78.9;69.0
58;2021-08-25;436;1542;157861;139238;79.1;69.8
58;2021-08-26;553;1731;158414;140969;79.4;70.6
58;2021-08-27;494;1565;158908;142534;79.6;71.4
58;2021-08-28;244;640;159152;143174;79.7;71.7
58;2021-08-29;9;42;159161;143216;79.7;71.8
58;2021-08-30;356;783;159517;143999;79.9;72.1
58;2021-08-31;493;1530;160010;145529;80.2;72.9
58;2021-09-01;428;1494;160438;147023;80.4;73.7
58;2021-09-02;291;1238;160729;148261;80.5;74.3
58;2021-09-03;364;1323;161093;149584;80.7;74.9
58;2021-09-04;206;637;161299;150221;80.8;75.3
58;2021-09-05;3;27;161302;150248;80.8;75.3
58;2021-09-06;117;395;161419;150643;80.9;75.5
58;2021-09-07;320;808;161739;151451;81.0;75.9
58;2021-09-08;240;1036;161979;152487;81.2;76.4
58;2021-09-09;248;472;162227;152959;81.3;76.6
58;2021-09-10;260;679;162487;153638;81.4;77.0
58;2021-09-11;128;439;162615;154077;81.5;77.2
58;2021-09-12;5;6;162620;154083;81.5;77.2
58;2021-09-13;207;439;162827;154522;81.6;77.4
58;2021-09-14;290;662;163117;155184;81.7;77.7
58;2021-09-15;189;573;163306;155757;81.8;78.0
58;2021-09-16;205;451;163511;156208;81.9;78.3
58;2021-09-17;197;376;163708;156584;82.0;78.5
58;2021-09-18;118;362;163826;156946;82.1;78.6
58;2021-09-19;5;4;163831;156950;82.1;78.6
58;2021-09-20;174;229;164005;157179;82.2;78.7
58;2021-09-21;139;421;164144;157600;82.2;79.0
58;2021-09-22;159;535;164303;158135;82.3;79.2
58;2021-09-23;135;288;164438;158423;82.4;79.4
58;2021-09-24;113;391;164551;158814;82.4;79.6
58;2021-09-25;93;374;164644;159188;82.5;79.8
58;2021-09-26;6;13;164650;159201;82.5;79.8
58;2021-09-27;91;232;164741;159433;82.5;79.9
58;2021-09-28;126;330;164867;159763;82.6;80.0
58;2021-09-29;99;346;164966;160109;82.6;80.2
58;2021-09-30;67;217;165033;160326;82.7;80.3
58;2021-10-01;89;220;165122;160546;82.7;80.4
58;2021-10-02;85;220;165207;160766;82.8;80.5
58;2021-10-03;0;6;165207;160772;82.8;80.5
58;2021-10-04;61;203;165268;160975;82.8;80.7
58;2021-10-05;134;324;165402;161299;82.9;80.8
58;2021-10-06;65;310;165467;161609;82.9;81.0
58;2021-10-07;90;161;165557;161770;82.9;81.0
58;2021-10-08;98;224;165655;161994;83.0;81.2
58;2021-10-09;59;139;165714;162133;83.0;81.2
58;2021-10-10;3;8;165717;162141;83.0;81.2
59;2020-12-27;1;0;1;0;0.0;0.0
59;2020-12-28;27;0;28;0;0.0;0.0
59;2020-12-29;0;0;28;0;0.0;0.0
59;2020-12-30;0;0;28;0;0.0;0.0
59;2020-12-31;2;0;30;0;0.0;0.0
59;2021-01-01;3;0;33;0;0.0;0.0
59;2021-01-02;4;2;37;2;0.0;0.0
59;2021-01-03;4;0;41;2;0.0;0.0
59;2021-01-04;79;0;120;2;0.0;0.0
59;2021-01-05;217;0;337;2;0.0;0.0
59;2021-01-06;428;2;765;4;0.0;0.0
59;2021-01-07;1314;1;2079;5;0.1;0.0
59;2021-01-08;1262;10;3341;15;0.1;0.0
59;2021-01-09;608;3;3949;18;0.2;0.0
59;2021-01-10;430;1;4379;19;0.2;0.0
59;2021-01-11;1846;7;6225;26;0.2;0.0
59;2021-01-12;2471;2;8696;28;0.3;0.0
59;2021-01-13;2369;3;11065;31;0.4;0.0
59;2021-01-14;2758;28;13823;59;0.5;0.0
59;2021-01-15;2276;17;16099;76;0.6;0.0
59;2021-01-16;771;3;16870;79;0.7;0.0
59;2021-01-17;560;4;17430;83;0.7;0.0
59;2021-01-18;3511;15;20941;98;0.8;0.0
59;2021-01-19;4760;12;25701;110;1.0;0.0
59;2021-01-20;4135;13;29836;123;1.2;0.0
59;2021-01-21;4731;42;34567;165;1.3;0.0
59;2021-01-22;4026;13;38593;178;1.5;0.0
59;2021-01-23;1217;3;39810;181;1.5;0.0
59;2021-01-24;170;0;39980;181;1.5;0.0
59;2021-01-25;2729;60;42709;241;1.6;0.0
59;2021-01-26;2825;140;45534;381;1.8;0.0
59;2021-01-27;1736;307;47270;688;1.8;0.0
59;2021-01-28;3399;763;50669;1451;2.0;0.1
59;2021-01-29;2544;798;53213;2249;2.1;0.1
59;2021-01-30;288;174;53501;2423;2.1;0.1
59;2021-01-31;24;0;53525;2423;2.1;0.1
59;2021-02-01;79;864;53604;3287;2.1;0.1
59;2021-02-02;691;1465;54295;4752;2.1;0.2
59;2021-02-03;3755;1462;58050;6214;2.2;0.2
59;2021-02-04;2967;1737;61017;7951;2.4;0.3
59;2021-02-05;1071;1408;62088;9359;2.4;0.4
59;2021-02-06;207;354;62295;9713;2.4;0.4
59;2021-02-07;268;49;62563;9762;2.4;0.4
59;2021-02-08;684;1610;63247;11372;2.4;0.4
59;2021-02-09;1016;1840;64263;13212;2.5;0.5
59;2021-02-10;975;1626;65238;14838;2.5;0.6
59;2021-02-11;1349;1809;66587;16647;2.6;0.6
59;2021-02-12;1415;1645;68002;18292;2.6;0.7
59;2021-02-13;207;740;68209;19032;2.6;0.7
59;2021-02-14;13;42;68222;19074;2.6;0.7
59;2021-02-15;1397;3097;69619;22171;2.7;0.9
59;2021-02-16;1436;3757;71055;25928;2.7;1.0
59;2021-02-17;1624;3813;72679;29741;2.8;1.1
59;2021-02-18;3105;5183;75784;34924;2.9;1.3
59;2021-02-19;3208;3621;78992;38545;3.1;1.5
59;2021-02-20;1413;1584;80405;40129;3.1;1.5
59;2021-02-21;242;263;80647;40392;3.1;1.6
59;2021-02-22;1431;2565;82078;42957;3.2;1.7
59;2021-02-23;2658;2869;84736;45826;3.3;1.8
59;2021-02-24;4107;4072;88843;49898;3.4;1.9
59;2021-02-25;6921;3732;95764;53630;3.7;2.1
59;2021-02-26;6499;1897;102263;55527;3.9;2.1
59;2021-02-27;3095;194;105358;55721;4.1;2.2
59;2021-02-28;208;60;105566;55781;4.1;2.2
59;2021-03-01;3691;672;109257;56453;4.2;2.2
59;2021-03-02;4795;577;114052;57030;4.4;2.2
59;2021-03-03;5749;1019;119801;58049;4.6;2.2
59;2021-03-04;7086;966;126887;59015;4.9;2.3
59;2021-03-05;7838;1014;134725;60029;5.2;2.3
59;2021-03-06;11561;565;146286;60594;5.7;2.3
59;2021-03-07;7587;361;153873;60955;5.9;2.4
59;2021-03-08;4498;1121;158371;62076;6.1;2.4
59;2021-03-09;6577;1454;164948;63530;6.4;2.5
59;2021-03-10;7028;1218;171976;64748;6.6;2.5
59;2021-03-11;9476;1910;181452;66658;7.0;2.6
59;2021-03-12;12158;1585;193610;68243;7.5;2.6
59;2021-03-13;16558;1129;210168;69372;8.1;2.7
59;2021-03-14;6964;343;217132;69715;8.4;2.7
59;2021-03-15;5613;1513;222745;71228;8.6;2.8
59;2021-03-16;3740;1335;226485;72563;8.7;2.8
59;2021-03-17;3856;2106;230341;74669;8.9;2.9
59;2021-03-18;3958;2515;234299;77184;9.0;3.0
59;2021-03-19;7743;1842;242042;79026;9.3;3.1
59;2021-03-20;16023;1299;258065;80325;10.0;3.1
59;2021-03-21;6318;457;264383;80782;10.2;3.1
59;2021-03-22;5449;1784;269832;82566;10.4;3.2
59;2021-03-23;7772;2838;277604;85404;10.7;3.3
59;2021-03-24;6861;2994;284465;88398;11.0;3.4
59;2021-03-25;10534;2589;294999;90987;11.4;3.5
59;2021-03-26;12254;2864;307253;93851;11.9;3.6
59;2021-03-27;15275;1170;322528;95021;12.5;3.7
59;2021-03-28;7985;367;330513;95388;12.8;3.7
59;2021-03-29;5495;3214;336008;98602;13.0;3.8
59;2021-03-30;7540;3765;343548;102367;13.3;4.0
59;2021-03-31;6156;4122;349704;106489;13.5;4.1
59;2021-04-01;7494;4932;357198;111421;13.8;4.3
59;2021-04-02;7645;5533;364843;116954;14.1;4.5
59;2021-04-03;13019;4316;377862;121270;14.6;4.7
59;2021-04-04;5348;2192;383210;123462;14.8;4.8
59;2021-04-05;6021;1543;389231;125005;15.0;4.8
59;2021-04-06;5404;4506;394635;129511;15.2;5.0
59;2021-04-07;7624;5458;402259;134969;15.5;5.2
59;2021-04-08;10393;5786;412652;140755;15.9;5.4
59;2021-04-09;13422;5957;426074;146712;16.5;5.7
59;2021-04-10;11479;6158;437553;152870;16.9;5.9
59;2021-04-11;4636;3570;442189;156440;17.1;6.0
59;2021-04-12;6304;4354;448493;160794;17.3;6.2
59;2021-04-13;8934;4810;457427;165604;17.7;6.4
59;2021-04-14;8789;4357;466216;169961;18.0;6.6
59;2021-04-15;10306;4862;476522;174823;18.4;6.8
59;2021-04-16;10879;5508;487401;180331;18.8;7.0
59;2021-04-17;7296;9086;494697;189417;19.1;7.3
59;2021-04-18;3234;4175;497931;193592;19.2;7.5
59;2021-04-19;5044;4303;502975;197895;19.4;7.6
59;2021-04-20;6898;4227;509873;202122;19.7;7.8
59;2021-04-21;6271;4439;516144;206561;19.9;8.0
59;2021-04-22;8612;5526;524756;212087;20.3;8.2
59;2021-04-23;8458;5710;533214;217797;20.6;8.4
59;2021-04-24;5537;8067;538751;225864;20.8;8.7
59;2021-04-25;3242;6081;541993;231945;20.9;9.0
59;2021-04-26;6493;3801;548486;235746;21.2;9.1
59;2021-04-27;8367;5208;556853;240954;21.5;9.3
59;2021-04-28;8766;6585;565619;247539;21.8;9.6
59;2021-04-29;9417;8588;575036;256127;22.2;9.9
59;2021-04-30;10605;8559;585641;264686;22.6;10.2
59;2021-05-01;11998;7611;597639;272297;23.1;10.5
59;2021-05-02;8642;6001;606281;278298;23.4;10.7
59;2021-05-03;9554;5074;615835;283372;23.8;10.9
59;2021-05-04;11427;6019;627262;289391;24.2;11.2
59;2021-05-05;10294;6229;637556;295620;24.6;11.4
59;2021-05-06;11197;8466;648753;304086;25.1;11.7
59;2021-05-07;13297;9636;662050;313722;25.6;12.1
59;2021-05-08;14742;4181;676792;317903;26.1;12.3
59;2021-05-09;11492;3336;688284;321239;26.6;12.4
59;2021-05-10;12746;6660;701030;327899;27.1;12.7
59;2021-05-11;15112;8335;716142;336234;27.7;13.0
59;2021-05-12;16626;8653;732768;344887;28.3;13.3
59;2021-05-13;18441;3462;751209;348349;29.0;13.5
59;2021-05-14;15783;6971;766992;355320;29.6;13.7
59;2021-05-15;23443;5294;790435;360614;30.5;13.9
59;2021-05-16;21176;2416;811611;363030;31.3;14.0
59;2021-05-17;15066;5273;826677;368303;31.9;14.2
59;2021-05-18;16925;5677;843602;373980;32.6;14.4
59;2021-05-19;18319;5113;861921;379093;33.3;14.6
59;2021-05-20;17934;6997;879855;386090;34.0;14.9
59;2021-05-21;18370;8285;898225;394375;34.7;15.2
59;2021-05-22;23812;5687;922037;400062;35.6;15.5
59;2021-05-23;17921;2276;939958;402338;36.3;15.5
59;2021-05-24;16691;2145;956649;404483;37.0;15.6
59;2021-05-25;14990;6674;971639;411157;37.5;15.9
59;2021-05-26;15892;7046;987531;418203;38.1;16.2
59;2021-05-27;16151;9176;1003682;427379;38.8;16.5
59;2021-05-28;15884;11474;1019566;438853;39.4;17.0
59;2021-05-29;14370;8713;1033936;447566;39.9;17.3
59;2021-05-30;8406;1840;1042342;449406;40.3;17.4
59;2021-05-31;14203;7978;1056545;457384;40.8;17.7
59;2021-06-01;15086;10422;1071631;467806;41.4;18.1
59;2021-06-02;14769;9933;1086400;477739;42.0;18.5
59;2021-06-03;15630;12139;1102030;489878;42.6;18.9
59;2021-06-04;15608;13478;1117638;503356;43.2;19.4
59;2021-06-05;14978;9346;1132616;512702;43.7;19.8
59;2021-06-06;8826;3205;1141442;515907;44.1;19.9
59;2021-06-07;10527;9435;1151969;525342;44.5;20.3
59;2021-06-08;11760;11089;1163729;536431;44.9;20.7
59;2021-06-09;10759;11913;1174488;548344;45.4;21.2
59;2021-06-10;11503;12330;1185991;560674;45.8;21.7
59;2021-06-11;10973;15995;1196964;576669;46.2;22.3
59;2021-06-12;11068;13685;1208032;590354;46.7;22.8
59;2021-06-13;6344;7029;1214376;597383;46.9;23.1
59;2021-06-14;6505;12692;1220881;610075;47.2;23.6
59;2021-06-15;8231;15956;1229112;626031;47.5;24.2
59;2021-06-16;9205;13552;1238317;639583;47.8;24.7
59;2021-06-17;9187;15659;1247504;655242;48.2;25.3
59;2021-06-18;9081;20067;1256585;675309;48.5;26.1
59;2021-06-19;8952;17491;1265537;692800;48.9;26.8
59;2021-06-20;4900;10189;1270437;702989;49.1;27.2
59;2021-06-21;5279;15974;1275716;718963;49.3;27.8
59;2021-06-22;6336;18688;1282052;737651;49.5;28.5
59;2021-06-23;6168;19084;1288220;756735;49.8;29.2
59;2021-06-24;7339;20539;1295559;777274;50.0;30.0
59;2021-06-25;6507;21196;1302066;798470;50.3;30.8
59;2021-06-26;6489;23751;1308555;822221;50.5;31.8
59;2021-06-27;4752;17079;1313307;839300;50.7;32.4
59;2021-06-28;5003;19822;1318310;859122;50.9;33.2
59;2021-06-29;5549;20384;1323859;879506;51.1;34.0
59;2021-06-30;6132;20098;1329991;899604;51.4;34.7
59;2021-07-01;6772;20842;1336763;920446;51.6;35.6
59;2021-07-02;6837;23242;1343600;943688;51.9;36.5
59;2021-07-03;5562;24607;1349162;968295;52.1;37.4
59;2021-07-04;4416;15976;1353578;984271;52.3;38.0
59;2021-07-05;5671;17486;1359249;1001757;52.5;38.7
59;2021-07-06;6610;18800;1365859;1020557;52.8;39.4
59;2021-07-07;6939;17452;1372798;1038009;53.0;40.1
59;2021-07-08;8027;17697;1380825;1055706;53.3;40.8
59;2021-07-09;7705;20304;1388530;1076010;53.6;41.6
59;2021-07-10;7450;18539;1395980;1094549;53.9;42.3
59;2021-07-11;4448;10233;1400428;1104782;54.1;42.7
59;2021-07-12;5917;18047;1406345;1122829;54.3;43.4
59;2021-07-13;9910;20757;1416255;1143586;54.7;44.2
59;2021-07-14;9782;8455;1426037;1152041;55.1;44.5
59;2021-07-15;11638;20410;1437675;1172451;55.5;45.3
59;2021-07-16;13216;20514;1450891;1192965;56.0;46.1
59;2021-07-17;12400;17475;1463291;1210440;56.5;46.8
59;2021-07-18;7962;8684;1471253;1219124;56.8;47.1
59;2021-07-19;10404;16456;1481657;1235580;57.2;47.7
59;2021-07-20;13409;17127;1495066;1252707;57.7;48.4
59;2021-07-21;14526;15604;1509592;1268311;58.3;49.0
59;2021-07-22;17064;15226;1526656;1283537;59.0;49.6
59;2021-07-23;15728;15844;1542384;1299381;59.6;50.2
59;2021-07-24;16355;12312;1558739;1311693;60.2;50.7
59;2021-07-25;11916;7340;1570655;1319033;60.7;50.9
59;2021-07-26;13041;12624;1583696;1331657;61.2;51.4
59;2021-07-27;16228;11971;1599924;1343628;61.8;51.9
59;2021-07-28;17457;11678;1617381;1355306;62.5;52.3
59;2021-07-29;17422;11683;1634803;1366989;63.1;52.8
59;2021-07-30;15923;11618;1650726;1378607;63.8;53.2
59;2021-07-31;14022;9209;1664748;1387816;64.3;53.6
59;2021-08-01;9959;4574;1674707;1392390;64.7;53.8
59;2021-08-02;12214;10034;1686921;1402424;65.2;54.2
59;2021-08-03;13454;10061;1700375;1412485;65.7;54.6
59;2021-08-04;11240;8290;1711615;1420775;66.1;54.9
59;2021-08-05;12723;9793;1724338;1430568;66.6;55.3
59;2021-08-06;12562;11047;1736900;1441615;67.1;55.7
59;2021-08-07;9739;9300;1746639;1450915;67.5;56.0
59;2021-08-08;6960;5269;1753599;1456184;67.7;56.2
59;2021-08-09;8410;10829;1762009;1467013;68.1;56.7
59;2021-08-10;10405;10757;1772414;1477770;68.5;57.1
59;2021-08-11;8675;9321;1781089;1487091;68.8;57.4
59;2021-08-12;9003;12077;1790092;1499168;69.1;57.9
59;2021-08-13;8640;11753;1798732;1510921;69.5;58.4
59;2021-08-14;5952;10394;1804684;1521315;69.7;58.8
59;2021-08-15;3376;4666;1808060;1525981;69.8;58.9
59;2021-08-16;5878;13867;1813938;1539848;70.1;59.5
59;2021-08-17;6991;12764;1820929;1552612;70.3;60.0
59;2021-08-18;5956;11470;1826885;1564082;70.6;60.4
59;2021-08-19;6355;13874;1833240;1577956;70.8;60.9
59;2021-08-20;5837;14588;1839077;1592544;71.0;61.5
59;2021-08-21;4188;10295;1843265;1602839;71.2;61.9
59;2021-08-22;2852;7651;1846117;1610490;71.3;62.2
59;2021-08-23;4785;15732;1850902;1626222;71.5;62.8
59;2021-08-24;5302;15194;1856204;1641416;71.7;63.4
59;2021-08-25;4665;13086;1860869;1654502;71.9;63.9
59;2021-08-26;5211;14349;1866080;1668851;72.1;64.5
59;2021-08-27;5007;15432;1871087;1684283;72.3;65.1
59;2021-08-28;3808;12372;1874895;1696655;72.4;65.5
59;2021-08-29;1945;8435;1876840;1705090;72.5;65.9
59;2021-08-30;3894;12670;1880734;1717760;72.6;66.3
59;2021-08-31;3828;12396;1884562;1730156;72.8;66.8
59;2021-09-01;3314;9770;1887876;1739926;72.9;67.2
59;2021-09-02;3214;9908;1891090;1749834;73.0;67.6
59;2021-09-03;3831;10906;1894921;1760740;73.2;68.0
59;2021-09-04;3397;9395;1898318;1770135;73.3;68.4
59;2021-09-05;1241;3454;1899559;1773589;73.4;68.5
59;2021-09-06;2157;6200;1901716;1779789;73.5;68.7
59;2021-09-07;2261;6031;1903977;1785820;73.5;69.0
59;2021-09-08;2586;6547;1906563;1792367;73.6;69.2
59;2021-09-09;2442;5732;1909005;1798099;73.7;69.5
59;2021-09-10;3325;6790;1912330;1804889;73.9;69.7
59;2021-09-11;2598;7022;1914928;1811911;74.0;70.0
59;2021-09-12;913;2784;1915841;1814695;74.0;70.1
59;2021-09-13;1955;4262;1917796;1818957;74.1;70.3
59;2021-09-14;2340;4273;1920136;1823230;74.2;70.4
59;2021-09-15;2274;5364;1922410;1828594;74.3;70.6
59;2021-09-16;2178;4259;1924588;1832853;74.3;70.8
59;2021-09-17;2925;5455;1927513;1838308;74.5;71.0
59;2021-09-18;1786;5919;1929299;1844227;74.5;71.2
59;2021-09-19;383;1302;1929682;1845529;74.5;71.3
59;2021-09-20;1357;3301;1931039;1848830;74.6;71.4
59;2021-09-21;1334;2939;1932373;1851769;74.6;71.5
59;2021-09-22;1409;4740;1933782;1856509;74.7;71.7
59;2021-09-23;1514;2823;1935296;1859332;74.8;71.8
59;2021-09-24;1902;4238;1937198;1863570;74.8;72.0
59;2021-09-25;1157;4020;1938355;1867590;74.9;72.1
59;2021-09-26;314;1209;1938669;1868799;74.9;72.2
59;2021-09-27;1089;2533;1939758;1871332;74.9;72.3
59;2021-09-28;1076;2195;1940834;1873527;75.0;72.4
59;2021-09-29;1289;2959;1942123;1876486;75.0;72.5
59;2021-09-30;1239;2262;1943362;1878748;75.1;72.6
59;2021-10-01;1676;3387;1945038;1882135;75.1;72.7
59;2021-10-02;1465;3254;1946503;1885389;75.2;72.8
59;2021-10-03;263;631;1946766;1886020;75.2;72.8
59;2021-10-04;1076;1981;1947842;1888001;75.2;72.9
59;2021-10-05;1138;2166;1948980;1890167;75.3;73.0
59;2021-10-06;1259;2498;1950239;1892665;75.3;73.1
59;2021-10-07;960;1777;1951199;1894442;75.4;73.2
59;2021-10-08;1671;3298;1952870;1897740;75.4;73.3
59;2021-10-09;1300;2299;1954170;1900039;75.5;73.4
59;2021-10-10;278;440;1954448;1900479;75.5;73.4
60;2020-12-27;0;0;0;0;0.0;0.0
60;2020-12-28;0;0;0;0;0.0;0.0
60;2020-12-29;1;0;1;0;0.0;0.0
60;2020-12-30;1;0;2;0;0.0;0.0
60;2020-12-31;0;0;2;0;0.0;0.0
60;2021-01-01;0;0;2;0;0.0;0.0
60;2021-01-02;5;0;7;0;0.0;0.0
60;2021-01-03;1;0;8;0;0.0;0.0
60;2021-01-04;1;0;9;0;0.0;0.0
60;2021-01-05;37;0;46;0;0.0;0.0
60;2021-01-06;188;4;234;4;0.0;0.0
60;2021-01-07;235;4;469;8;0.1;0.0
60;2021-01-08;380;4;849;12;0.1;0.0
60;2021-01-09;3;0;852;12;0.1;0.0
60;2021-01-10;60;0;912;12;0.1;0.0
60;2021-01-11;345;5;1257;17;0.2;0.0
60;2021-01-12;537;5;1794;22;0.2;0.0
60;2021-01-13;475;5;2269;27;0.3;0.0
60;2021-01-14;509;7;2778;34;0.3;0.0
60;2021-01-15;704;10;3482;44;0.4;0.0
60;2021-01-16;124;1;3606;45;0.4;0.0
60;2021-01-17;32;0;3638;45;0.4;0.0
60;2021-01-18;861;9;4499;54;0.5;0.0
60;2021-01-19;1207;14;5706;68;0.7;0.0
60;2021-01-20;1721;15;7427;83;0.9;0.0
60;2021-01-21;2267;14;9694;97;1.2;0.0
60;2021-01-22;1547;23;11241;120;1.4;0.0
60;2021-01-23;499;4;11740;124;1.4;0.0
60;2021-01-24;61;1;11801;125;1.4;0.0
60;2021-01-25;898;15;12699;140;1.5;0.0
60;2021-01-26;951;17;13650;157;1.7;0.0
60;2021-01-27;646;8;14296;165;1.7;0.0
60;2021-01-28;396;168;14692;333;1.8;0.0
60;2021-01-29;77;106;14769;439;1.8;0.1
60;2021-01-30;0;1;14769;440;1.8;0.1
60;2021-01-31;22;61;14791;501;1.8;0.1
60;2021-02-01;41;105;14832;606;1.8;0.1
60;2021-02-02;26;159;14858;765;1.8;0.1
60;2021-02-03;165;238;15023;1003;1.8;0.1
60;2021-02-04;170;339;15193;1342;1.8;0.2
60;2021-02-05;314;471;15507;1813;1.9;0.2
60;2021-02-06;65;79;15572;1892;1.9;0.2
60;2021-02-07;31;32;15603;1924;1.9;0.2
60;2021-02-08;330;516;15933;2440;1.9;0.3
60;2021-02-09;321;469;16254;2909;2.0;0.4
60;2021-02-10;557;994;16811;3903;2.0;0.5
60;2021-02-11;942;1133;17753;5036;2.2;0.6
60;2021-02-12;920;859;18673;5895;2.3;0.7
60;2021-02-13;91;309;18764;6204;2.3;0.8
60;2021-02-14;25;87;18789;6291;2.3;0.8
60;2021-02-15;614;805;19403;7096;2.4;0.9
60;2021-02-16;580;921;19983;8017;2.4;1.0
60;2021-02-17;632;934;20615;8951;2.5;1.1
60;2021-02-18;684;826;21299;9777;2.6;1.2
60;2021-02-19;641;763;21940;10540;2.7;1.3
60;2021-02-20;104;187;22044;10727;2.7;1.3
60;2021-02-21;23;121;22067;10848;2.7;1.3
60;2021-02-22;461;871;22528;11719;2.7;1.4
60;2021-02-23;535;784;23063;12503;2.8;1.5
60;2021-02-24;794;554;23857;13057;2.9;1.6
60;2021-02-25;1095;313;24952;13370;3.0;1.6
60;2021-02-26;1298;199;26250;13569;3.2;1.6
60;2021-02-27;669;35;26919;13604;3.3;1.6
60;2021-02-28;7;10;26926;13614;3.3;1.7
60;2021-03-01;895;50;27821;13664;3.4;1.7
60;2021-03-02;1012;169;28833;13833;3.5;1.7
60;2021-03-03;1322;458;30155;14291;3.7;1.7
60;2021-03-04;1727;528;31882;14819;3.9;1.8
60;2021-03-05;1823;304;33705;15123;4.1;1.8
60;2021-03-06;1919;151;35624;15274;4.3;1.9
60;2021-03-07;885;38;36509;15312;4.4;1.9
60;2021-03-08;980;319;37489;15631;4.5;1.9
60;2021-03-09;1643;363;39132;15994;4.7;1.9
60;2021-03-10;1938;436;41070;16430;5.0;2.0
60;2021-03-11;2325;390;43395;16820;5.3;2.0
60;2021-03-12;2596;554;45991;17374;5.6;2.1
60;2021-03-13;3839;218;49830;17592;6.0;2.1
60;2021-03-14;1782;65;51612;17657;6.3;2.1
60;2021-03-15;2091;507;53703;18164;6.5;2.2
60;2021-03-16;1584;633;55287;18797;6.7;2.3
60;2021-03-17;1658;626;56945;19423;6.9;2.4
60;2021-03-18;1760;742;58705;20165;7.1;2.4
60;2021-03-19;2591;534;61296;20699;7.4;2.5
60;2021-03-20;3241;202;64537;20901;7.8;2.5
60;2021-03-21;2124;99;66661;21000;8.1;2.5
60;2021-03-22;2132;720;68793;21720;8.3;2.6
60;2021-03-23;3309;732;72102;22452;8.7;2.7
60;2021-03-24;3070;881;75172;23333;9.1;2.8
60;2021-03-25;3848;863;79020;24196;9.6;2.9
60;2021-03-26;4217;883;83237;25079;10.1;3.0
60;2021-03-27;4141;330;87378;25409;10.6;3.1
60;2021-03-28;2450;87;89828;25496;10.9;3.1
60;2021-03-29;2612;1091;92440;26587;11.2;3.2
60;2021-03-30;3286;1081;95726;27668;11.6;3.4
60;2021-03-31;2668;1152;98394;28820;11.9;3.5
60;2021-04-01;2562;1105;100956;29925;12.2;3.6
60;2021-04-02;3310;1115;104266;31040;12.6;3.8
60;2021-04-03;3172;1019;107438;32059;13.0;3.9
60;2021-04-04;874;488;108312;32547;13.1;3.9
60;2021-04-05;458;85;108770;32632;13.2;4.0
60;2021-04-06;1969;1627;110739;34259;13.4;4.2
60;2021-04-07;1984;1758;112723;36017;13.7;4.4
60;2021-04-08;2610;1504;115333;37521;14.0;4.5
60;2021-04-09;2999;1532;118332;39053;14.3;4.7
60;2021-04-10;2927;1594;121259;40647;14.7;4.9
60;2021-04-11;1045;1000;122304;41647;14.8;5.0
60;2021-04-12;2045;1726;124349;43373;15.1;5.3
60;2021-04-13;2750;1790;127099;45163;15.4;5.5
60;2021-04-14;3143;1830;130242;46993;15.8;5.7
60;2021-04-15;3563;1903;133805;48896;16.2;5.9
60;2021-04-16;3288;1962;137093;50858;16.6;6.2
60;2021-04-17;2848;2178;139941;53036;17.0;6.4
60;2021-04-18;573;1834;140514;54870;17.0;6.7
60;2021-04-19;1743;2218;142257;57088;17.2;6.9
60;2021-04-20;2129;2681;144386;59769;17.5;7.2
60;2021-04-21;2653;2212;147039;61981;17.8;7.5
60;2021-04-22;2628;2514;149667;64495;18.1;7.8
60;2021-04-23;2651;2507;152318;67002;18.5;8.1
60;2021-04-24;2470;3461;154788;70463;18.8;8.5
60;2021-04-25;1159;1965;155947;72428;18.9;8.8
60;2021-04-26;1890;2537;157837;74965;19.1;9.1
60;2021-04-27;2311;2852;160148;77817;19.4;9.4
60;2021-04-28;3061;2403;163209;80220;19.8;9.7
60;2021-04-29;3154;2630;166363;82850;20.2;10.0
60;2021-04-30;3459;2969;169822;85819;20.6;10.4
60;2021-05-01;2353;1127;172175;86946;20.9;10.5
60;2021-05-02;2147;847;174322;87793;21.1;10.6
60;2021-05-03;2955;1861;177277;89654;21.5;10.9
60;2021-05-04;3016;2361;180293;92015;21.9;11.2
60;2021-05-05;3260;2812;183553;94827;22.2;11.5
60;2021-05-06;3649;2487;187202;97314;22.7;11.8
60;2021-05-07;3986;2528;191188;99842;23.2;12.1
60;2021-05-08;3582;973;194770;100815;23.6;12.2
60;2021-05-09;3458;959;198228;101774;24.0;12.3
60;2021-05-10;2392;2295;200620;104069;24.3;12.6
60;2021-05-11;3671;2471;204291;106540;24.8;12.9
60;2021-05-12;4717;2557;209008;109097;25.3;13.2
60;2021-05-13;5292;1131;214300;110228;26.0;13.4
60;2021-05-14;5602;1813;219902;112041;26.7;13.6
60;2021-05-15;6172;1721;226074;113762;27.4;13.8
60;2021-05-16;4858;690;230932;114452;28.0;13.9
60;2021-05-17;3715;1673;234647;116125;28.4;14.1
60;2021-05-18;4045;2078;238692;118203;28.9;14.3
60;2021-05-19;5097;1858;243789;120061;29.5;14.6
60;2021-05-20;5460;1813;249249;121874;30.2;14.8
60;2021-05-21;5969;1974;255218;123848;30.9;15.0
60;2021-05-22;5354;1982;260572;125830;31.6;15.3
60;2021-05-23;4263;658;264835;126488;32.1;15.3
60;2021-05-24;2950;534;267785;127022;32.5;15.4
60;2021-05-25;4138;2005;271923;129027;33.0;15.6
60;2021-05-26;4466;1833;276389;130860;33.5;15.9
60;2021-05-27;4611;1998;281000;132858;34.1;16.1
60;2021-05-28;4626;2508;285626;135366;34.6;16.4
60;2021-05-29;4612;2275;290238;137641;35.2;16.7
60;2021-05-30;1086;348;291324;137989;35.3;16.7
60;2021-05-31;3832;2085;295156;140074;35.8;17.0
60;2021-06-01;4445;2854;299601;142928;36.3;17.3
60;2021-06-02;3916;2451;303517;145379;36.8;17.6
60;2021-06-03;3904;2382;307421;147761;37.3;17.9
60;2021-06-04;4652;2910;312073;150671;37.8;18.3
60;2021-06-05;4302;3419;316375;154090;38.3;18.7
60;2021-06-06;2159;795;318534;154885;38.6;18.8
60;2021-06-07;2778;2762;321312;157647;38.9;19.1
60;2021-06-08;3802;3012;325114;160659;39.4;19.5
60;2021-06-09;3249;3402;328363;164061;39.8;19.9
60;2021-06-10;3454;3368;331817;167429;40.2;20.3
60;2021-06-11;3881;4194;335698;171623;40.7;20.8
60;2021-06-12;3780;4282;339478;175905;41.1;21.3
60;2021-06-13;1154;2225;340632;178130;41.3;21.6
60;2021-06-14;1911;3307;342543;181437;41.5;22.0
60;2021-06-15;3015;4165;345558;185602;41.9;22.5
60;2021-06-16;3250;4489;348808;190091;42.3;23.0
60;2021-06-17;2978;4785;351786;194876;42.6;23.6
60;2021-06-18;2982;4606;354768;199482;43.0;24.2
60;2021-06-19;3144;4728;357912;204210;43.4;24.8
60;2021-06-20;1431;1936;359343;206146;43.6;25.0
60;2021-06-21;1408;4042;360751;210188;43.7;25.5
60;2021-06-22;1758;5293;362509;215481;43.9;26.1
60;2021-06-23;1860;5237;364369;220718;44.2;26.8
60;2021-06-24;1803;5601;366172;226319;44.4;27.4
60;2021-06-25;1906;5731;368078;232050;44.6;28.1
60;2021-06-26;1860;6973;369938;239023;44.8;29.0
60;2021-06-27;713;2593;370651;241616;44.9;29.3
60;2021-06-28;1781;4142;372432;245758;45.1;29.8
60;2021-06-29;2010;5467;374442;251225;45.4;30.4
60;2021-06-30;2296;5360;376738;256585;45.7;31.1
60;2021-07-01;1888;4919;378626;261504;45.9;31.7
60;2021-07-02;2370;5877;380996;267381;46.2;32.4
60;2021-07-03;2400;6160;383396;273541;46.5;33.2
60;2021-07-04;792;2724;384188;276265;46.6;33.5
60;2021-07-05;1659;4406;385847;280671;46.8;34.0
60;2021-07-06;2146;4501;387993;285172;47.0;34.6
60;2021-07-07;2174;5119;390167;290291;47.3;35.2
60;2021-07-08;2672;4692;392839;294983;47.6;35.8
60;2021-07-09;2640;5569;395479;300552;47.9;36.4
60;2021-07-10;2579;5875;398058;306427;48.2;37.1
60;2021-07-11;1212;1942;399270;308369;48.4;37.4
60;2021-07-12;1446;4737;400716;313106;48.6;37.9
60;2021-07-13;2912;5019;403628;318125;48.9;38.6
60;2021-07-14;2584;1411;406212;319536;49.2;38.7
60;2021-07-15;3430;4873;409642;324409;49.6;39.3
60;2021-07-16;3698;5242;413340;329651;50.1;40.0
60;2021-07-17;4079;5135;417419;334786;50.6;40.6
60;2021-07-18;2186;2131;419605;336917;50.9;40.8
60;2021-07-19;2542;3892;422147;340809;51.2;41.3
60;2021-07-20;4197;4904;426344;345713;51.7;41.9
60;2021-07-21;4352;4286;430696;349999;52.2;42.4
60;2021-07-22;4627;4337;435323;354336;52.8;42.9
60;2021-07-23;4980;4902;440303;359238;53.4;43.5
60;2021-07-24;4314;4675;444617;363913;53.9;44.1
60;2021-07-25;2604;1831;447221;365744;54.2;44.3
60;2021-07-26;3377;3757;450598;369501;54.6;44.8
60;2021-07-27;4437;4634;455035;374135;55.2;45.3
60;2021-07-28;4554;3770;459589;377905;55.7;45.8
60;2021-07-29;4901;3714;464490;381619;56.3;46.3
60;2021-07-30;5026;4263;469516;385882;56.9;46.8
60;2021-07-31;4063;3969;473579;389851;57.4;47.3
60;2021-08-01;1684;862;475263;390713;57.6;47.4
60;2021-08-02;3198;2755;478461;393468;58.0;47.7
60;2021-08-03;3605;2894;482066;396362;58.4;48.0
60;2021-08-04;3316;2801;485382;399163;58.8;48.4
60;2021-08-05;3032;2259;488414;401422;59.2;48.7
60;2021-08-06;3830;3057;492244;404479;59.7;49.0
60;2021-08-07;3370;3076;495614;407555;60.1;49.4
60;2021-08-08;1534;911;497148;408466;60.3;49.5
60;2021-08-09;2206;2874;499354;411340;60.5;49.9
60;2021-08-10;3276;3312;502630;414652;60.9;50.3
60;2021-08-11;2788;3239;505418;417891;61.3;50.6
60;2021-08-12;2355;2665;507773;420556;61.5;51.0
60;2021-08-13;2751;2999;510524;423555;61.9;51.3
60;2021-08-14;2542;2735;513066;426290;62.2;51.7
60;2021-08-15;1362;553;514428;426843;62.3;51.7
60;2021-08-16;2040;3774;516468;430617;62.6;52.2
60;2021-08-17;2346;3820;518814;434437;62.9;52.7
60;2021-08-18;1944;3284;520758;437721;63.1;53.1
60;2021-08-19;1647;3075;522405;440796;63.3;53.4
60;2021-08-20;1866;3999;524271;444795;63.5;53.9
60;2021-08-21;1612;3492;525883;448287;63.7;54.3
60;2021-08-22;576;1339;526459;449626;63.8;54.5
60;2021-08-23;1104;3223;527563;452849;63.9;54.9
60;2021-08-24;1371;4494;528934;457343;64.1;55.4
60;2021-08-25;1431;3586;530365;460929;64.3;55.9
60;2021-08-26;1432;3459;531797;464388;64.5;56.3
60;2021-08-27;1436;4174;533233;468562;64.6;56.8
60;2021-08-28;1378;4479;534611;473041;64.8;57.3
60;2021-08-29;550;2041;535161;475082;64.9;57.6
60;2021-08-30;1231;2964;536392;478046;65.0;57.9
60;2021-08-31;1643;3799;538035;481845;65.2;58.4
60;2021-09-01;1237;2664;539272;484509;65.4;58.7
60;2021-09-02;1058;2568;540330;487077;65.5;59.0
60;2021-09-03;1024;2975;541354;490052;65.6;59.4
60;2021-09-04;1520;3605;542874;493657;65.8;59.8
60;2021-09-05;366;1331;543240;494988;65.8;60.0
60;2021-09-06;797;2382;544037;497370;65.9;60.3
60;2021-09-07;839;2775;544876;500145;66.0;60.6
60;2021-09-08;886;2708;545762;502853;66.1;60.9
60;2021-09-09;684;2157;546446;505010;66.2;61.2
60;2021-09-10;1051;2770;547497;507780;66.4;61.5
60;2021-09-11;1062;3332;548559;511112;66.5;61.9
60;2021-09-12;308;1108;548867;512220;66.5;62.1
60;2021-09-13;610;1720;549477;513940;66.6;62.3
60;2021-09-14;760;1495;550237;515435;66.7;62.5
60;2021-09-15;569;1243;550806;516678;66.8;62.6
60;2021-09-16;916;1327;551722;518005;66.9;62.8
60;2021-09-17;713;1465;552435;519470;67.0;63.0
60;2021-09-18;819;2609;553254;522079;67.1;63.3
60;2021-09-19;191;497;553445;522576;67.1;63.3
60;2021-09-20;456;1097;553901;523673;67.1;63.5
60;2021-09-21;499;985;554400;524658;67.2;63.6
60;2021-09-22;442;1306;554842;525964;67.2;63.7
60;2021-09-23;626;900;555468;526864;67.3;63.9
60;2021-09-24;489;1195;555957;528059;67.4;64.0
60;2021-09-25;493;1876;556450;529935;67.4;64.2
60;2021-09-26;78;294;556528;530229;67.5;64.3
60;2021-09-27;335;765;556863;530994;67.5;64.4
60;2021-09-28;320;883;557183;531877;67.5;64.5
60;2021-09-29;407;1047;557590;532924;67.6;64.6
60;2021-09-30;367;736;557957;533660;67.6;64.7
60;2021-10-01;411;1036;558368;534696;67.7;64.8
60;2021-10-02;588;1466;558956;536162;67.7;65.0
60;2021-10-03;80;305;559036;536467;67.8;65.0
60;2021-10-04;358;680;559394;537147;67.8;65.1
60;2021-10-05;263;533;559657;537680;67.8;65.2
60;2021-10-06;360;761;560017;538441;67.9;65.3
60;2021-10-07;181;556;560198;538997;67.9;65.3
60;2021-10-08;429;786;560627;539783;67.9;65.4
60;2021-10-09;595;1267;561222;541050;68.0;65.6
60;2021-10-10;50;188;561272;541238;68.0;65.6
61;2020-12-27;0;0;0;0;0.0;0.0
61;2020-12-28;0;0;0;0;0.0;0.0
61;2020-12-29;0;0;0;0;0.0;0.0
61;2020-12-30;0;0;0;0;0.0;0.0
61;2020-12-31;0;0;0;0;0.0;0.0
61;2021-01-01;2;0;2;0;0.0;0.0
61;2021-01-02;1;0;3;0;0.0;0.0
61;2021-01-03;0;0;3;0;0.0;0.0
61;2021-01-04;1;0;4;0;0.0;0.0
61;2021-01-05;3;0;7;0;0.0;0.0
61;2021-01-06;77;0;84;0;0.0;0.0
61;2021-01-07;175;2;259;2;0.1;0.0
61;2021-01-08;405;1;664;3;0.2;0.0
61;2021-01-09;165;1;829;4;0.3;0.0
61;2021-01-10;49;0;878;4;0.3;0.0
61;2021-01-11;396;1;1274;5;0.5;0.0
61;2021-01-12;681;3;1955;8;0.7;0.0
61;2021-01-13;740;2;2695;10;1.0;0.0
61;2021-01-14;530;9;3225;19;1.2;0.0
61;2021-01-15;537;4;3762;23;1.4;0.0
61;2021-01-16;289;1;4051;24;1.5;0.0
61;2021-01-17;891;12;4942;36;1.8;0.0
61;2021-01-18;1914;3;6856;39;2.5;0.0
61;2021-01-19;1327;5;8183;44;3.0;0.0
61;2021-01-20;685;0;8868;44;3.2;0.0
61;2021-01-21;848;1;9716;45;3.5;0.0
61;2021-01-22;764;1;10480;46;3.8;0.0
61;2021-01-23;257;2;10737;48;3.9;0.0
61;2021-01-24;229;2;10966;50;4.0;0.0
61;2021-01-25;578;1;11544;51;4.2;0.0
61;2021-01-26;568;2;12112;53;4.4;0.0
61;2021-01-27;572;14;12684;67;4.6;0.0
61;2021-01-28;465;53;13149;120;4.7;0.0
61;2021-01-29;479;204;13628;324;4.9;0.1
61;2021-01-30;212;3;13840;327;5.0;0.1
61;2021-01-31;109;3;13949;330;5.0;0.1
61;2021-02-01;430;190;14379;520;5.2;0.2
61;2021-02-02;389;424;14768;944;5.3;0.3
61;2021-02-03;412;491;15180;1435;5.5;0.5
61;2021-02-04;390;338;15570;1773;5.6;0.6
61;2021-02-05;536;361;16106;2134;5.8;0.8
61;2021-02-06;206;93;16312;2227;5.9;0.8
61;2021-02-07;45;199;16357;2426;5.9;0.9
61;2021-02-08;541;1405;16898;3831;6.1;1.4
61;2021-02-09;404;810;17302;4641;6.2;1.7
61;2021-02-10;280;560;17582;5201;6.3;1.9
61;2021-02-11;432;558;18014;5759;6.5;2.1
61;2021-02-12;401;736;18415;6495;6.7;2.3
61;2021-02-13;133;431;18548;6926;6.7;2.5
61;2021-02-14;3;315;18551;7241;6.7;2.6
61;2021-02-15;169;841;18720;8082;6.8;2.9
61;2021-02-16;203;679;18923;8761;6.8;3.2
61;2021-02-17;44;638;18967;9399;6.8;3.4
61;2021-02-18;161;524;19128;9923;6.9;3.6
61;2021-02-19;101;391;19229;10314;6.9;3.7
61;2021-02-20;40;236;19269;10550;7.0;3.8
61;2021-02-21;2;155;19271;10705;7.0;3.9
61;2021-02-22;88;566;19359;11271;7.0;4.1
61;2021-02-23;103;496;19462;11767;7.0;4.2
61;2021-02-24;173;570;19635;12337;7.1;4.5
61;2021-02-25;265;445;19900;12782;7.2;4.6
61;2021-02-26;266;465;20166;13247;7.3;4.8
61;2021-02-27;110;228;20276;13475;7.3;4.9
61;2021-02-28;4;122;20280;13597;7.3;4.9
61;2021-03-01;215;611;20495;14208;7.4;5.1
61;2021-03-02;148;700;20643;14908;7.5;5.4
61;2021-03-03;143;448;20786;15356;7.5;5.5
61;2021-03-04;429;444;21215;15800;7.7;5.7
61;2021-03-05;702;302;21917;16102;7.9;5.8
61;2021-03-06;436;232;22353;16334;8.1;5.9
61;2021-03-07;155;2;22508;16336;8.1;5.9
61;2021-03-08;295;314;22803;16650;8.2;6.0
61;2021-03-09;622;186;23425;16836;8.5;6.1
61;2021-03-10;672;189;24097;17025;8.7;6.1
61;2021-03-11;1120;131;25217;17156;9.1;6.2
61;2021-03-12;1467;105;26684;17261;9.6;6.2
61;2021-03-13;775;56;27459;17317;9.9;6.3
61;2021-03-14;226;6;27685;17323;10.0;6.3
61;2021-03-15;814;37;28499;17360;10.3;6.3
61;2021-03-16;723;23;29222;17383;10.6;6.3
61;2021-03-17;761;12;29983;17395;10.8;6.3
61;2021-03-18;858;29;30841;17424;11.1;6.3
61;2021-03-19;1026;51;31867;17475;11.5;6.3
61;2021-03-20;478;17;32345;17492;11.7;6.3
61;2021-03-21;72;3;32417;17495;11.7;6.3
61;2021-03-22;797;94;33214;17589;12.0;6.4
61;2021-03-23;920;41;34134;17630;12.3;6.4
61;2021-03-24;1373;70;35507;17700;12.8;6.4
61;2021-03-25;1876;69;37383;17769;13.5;6.4
61;2021-03-26;1800;47;39183;17816;14.2;6.4
61;2021-03-27;1083;19;40266;17835;14.5;6.4
61;2021-03-28;359;9;40625;17844;14.7;6.4
61;2021-03-29;1273;184;41898;18028;15.1;6.5
61;2021-03-30;1470;102;43368;18130;15.7;6.5
61;2021-03-31;1687;54;45055;18184;16.3;6.6
61;2021-04-01;2051;233;47106;18417;17.0;6.7
61;2021-04-02;1519;435;48625;18852;17.6;6.8
61;2021-04-03;640;290;49265;19142;17.8;6.9
61;2021-04-04;193;1;49458;19143;17.9;6.9
61;2021-04-05;534;8;49992;19151;18.1;6.9
61;2021-04-06;1350;621;51342;19772;18.5;7.1
61;2021-04-07;1697;663;53039;20435;19.2;7.4
61;2021-04-08;2266;837;55305;21272;20.0;7.7
61;2021-04-09;2135;837;57440;22109;20.7;8.0
61;2021-04-10;1534;489;58974;22598;21.3;8.2
61;2021-04-11;238;202;59212;22800;21.4;8.2
61;2021-04-12;1284;737;60496;23537;21.8;8.5
61;2021-04-13;1740;707;62236;24244;22.5;8.8
61;2021-04-14;1734;788;63970;25032;23.1;9.0
61;2021-04-15;2268;789;66238;25821;23.9;9.3
61;2021-04-16;2227;691;68465;26512;24.7;9.6
61;2021-04-17;1483;321;69948;26833;25.3;9.7
61;2021-04-18;538;99;70486;26932;25.5;9.7
61;2021-04-19;936;750;71422;27682;25.8;10.0
61;2021-04-20;1523;786;72945;28468;26.3;10.3
61;2021-04-21;1351;1041;74296;29509;26.8;10.7
61;2021-04-22;1292;1222;75588;30731;27.3;11.1
61;2021-04-23;1213;1154;76801;31885;27.7;11.5
61;2021-04-24;1437;823;78238;32708;28.3;11.8
61;2021-04-25;361;333;78599;33041;28.4;11.9
61;2021-04-26;670;1146;79269;34187;28.6;12.3
61;2021-04-27;1465;1146;80734;35333;29.2;12.8
61;2021-04-28;1386;1392;82120;36725;29.7;13.3
61;2021-04-29;1246;1861;83366;38586;30.1;13.9
61;2021-04-30;1719;1177;85085;39763;30.7;14.4
61;2021-05-01;789;324;85874;40087;31.0;14.5
61;2021-05-02;439;227;86313;40314;31.2;14.6
61;2021-05-03;843;1251;87156;41565;31.5;15.0
61;2021-05-04;1323;1753;88479;43318;32.0;15.6
61;2021-05-05;1008;2032;89487;45350;32.3;16.4
61;2021-05-06;1772;2215;91259;47565;33.0;17.2
61;2021-05-07;1376;1974;92635;49539;33.5;17.9
61;2021-05-08;929;473;93564;50012;33.8;18.1
61;2021-05-09;395;293;93959;50305;33.9;18.2
61;2021-05-10;987;1756;94946;52061;34.3;18.8
61;2021-05-11;1377;1516;96323;53577;34.8;19.3
61;2021-05-12;1869;1594;98192;55171;35.5;19.9
61;2021-05-13;889;491;99081;55662;35.8;20.1
61;2021-05-14;1851;1191;100932;56853;36.5;20.5
61;2021-05-15;2110;1120;103042;57973;37.2;20.9
61;2021-05-16;984;300;104026;58273;37.6;21.0
61;2021-05-17;1312;914;105338;59187;38.0;21.4
61;2021-05-18;2422;894;107760;60081;38.9;21.7
61;2021-05-19;2400;804;110160;60885;39.8;22.0
61;2021-05-20;2212;819;112372;61704;40.6;22.3
61;2021-05-21;2150;861;114522;62565;41.4;22.6
61;2021-05-22;1780;718;116302;63283;42.0;22.9
61;2021-05-23;714;54;117016;63337;42.3;22.9
61;2021-05-24;914;112;117930;63449;42.6;22.9
61;2021-05-25;1991;921;119921;64370;43.3;23.2
61;2021-05-26;2046;932;121967;65302;44.0;23.6
61;2021-05-27;2041;1094;124008;66396;44.8;24.0
61;2021-05-28;2052;1378;126060;67774;45.5;24.5
61;2021-05-29;1466;557;127526;68331;46.1;24.7
61;2021-05-30;450;44;127976;68375;46.2;24.7
61;2021-05-31;1559;938;129535;69313;46.8;25.0
61;2021-06-01;1875;1389;131410;70702;47.5;25.5
61;2021-06-02;1676;1137;133086;71839;48.1;25.9
61;2021-06-03;2250;1110;135336;72949;48.9;26.3
61;2021-06-04;1897;1345;137233;74294;49.6;26.8
61;2021-06-05;1669;1240;138902;75534;50.2;27.3
61;2021-06-06;318;230;139220;75764;50.3;27.4
61;2021-06-07;2189;867;141409;76631;51.1;27.7
61;2021-06-08;1847;1570;143256;78201;51.7;28.2
61;2021-06-09;1975;1185;145231;79386;52.4;28.7
61;2021-06-10;1974;1192;147205;80578;53.2;29.1
61;2021-06-11;1823;1581;149028;82159;53.8;29.7
61;2021-06-12;1424;999;150452;83158;54.3;30.0
61;2021-06-13;340;377;150792;83535;54.5;30.2
61;2021-06-14;1107;1188;151899;84723;54.9;30.6
61;2021-06-15;1214;1694;153113;86417;55.3;31.2
61;2021-06-16;1114;1363;154227;87780;55.7;31.7
61;2021-06-17;1020;1731;155247;89511;56.1;32.3
61;2021-06-18;1523;1671;156770;91182;56.6;32.9
61;2021-06-19;1245;1302;158015;92484;57.1;33.4
61;2021-06-20;289;345;158304;92829;57.2;33.5
61;2021-06-21;807;1629;159111;94458;57.5;34.1
61;2021-06-22;1024;1683;160135;96141;57.8;34.7
61;2021-06-23;967;2436;161102;98577;58.2;35.6
61;2021-06-24;650;1361;161752;99938;58.4;36.1
61;2021-06-25;839;2167;162591;102105;58.7;36.9
61;2021-06-26;621;1955;163212;104060;58.9;37.6
61;2021-06-27;139;799;163351;104859;59.0;37.9
61;2021-06-28;478;2247;163829;107106;59.2;38.7
61;2021-06-29;699;2858;164528;109964;59.4;39.7
61;2021-06-30;771;2463;165299;112427;59.7;40.6
61;2021-07-01;633;1699;165932;114126;59.9;41.2
61;2021-07-02;842;2496;166774;116622;60.2;42.1
61;2021-07-03;417;1910;167191;118532;60.4;42.8
61;2021-07-04;75;638;167266;119170;60.4;43.0
61;2021-07-05;682;1774;167948;120944;60.7;43.7
61;2021-07-06;991;2794;168939;123738;61.0;44.7
61;2021-07-07;734;2360;169673;126098;61.3;45.5
61;2021-07-08;840;1944;170513;128042;61.6;46.2
61;2021-07-09;723;2375;171236;130417;61.8;47.1
61;2021-07-10;463;1767;171699;132184;62.0;47.7
61;2021-07-11;244;489;171943;132673;62.1;47.9
61;2021-07-12;438;2290;172381;134963;62.3;48.7
61;2021-07-13;643;2488;173024;137451;62.5;49.6
61;2021-07-14;150;334;173174;137785;62.5;49.8
61;2021-07-15;815;2814;173989;140599;62.8;50.8
61;2021-07-16;967;2572;174956;143171;63.2;51.7
61;2021-07-17;708;2232;175664;145403;63.4;52.5
61;2021-07-18;339;368;176003;145771;63.6;52.6
61;2021-07-19;934;2403;176937;148174;63.9;53.5
61;2021-07-20;1326;2356;178263;150530;64.4;54.4
61;2021-07-21;1503;2181;179766;152711;64.9;55.1
61;2021-07-22;1750;2188;181516;154899;65.6;55.9
61;2021-07-23;1793;2306;183309;157205;66.2;56.8
61;2021-07-24;1457;2008;184766;159213;66.7;57.5
61;2021-07-25;323;393;185089;159606;66.8;57.6
61;2021-07-26;1252;1933;186341;161539;67.3;58.3
61;2021-07-27;2420;1583;188761;163122;68.2;58.9
61;2021-07-28;2457;1355;191218;164477;69.1;59.4
61;2021-07-29;2563;1577;193781;166054;70.0;60.0
61;2021-07-30;2396;1393;196177;167447;70.8;60.5
61;2021-07-31;1282;1301;197459;168748;71.3;60.9
61;2021-08-01;504;259;197963;169007;71.5;61.0
61;2021-08-02;1913;1122;199876;170129;72.2;61.4
61;2021-08-03;2452;915;202328;171044;73.1;61.8
61;2021-08-04;2344;781;204672;171825;73.9;62.1
61;2021-08-05;1901;992;206573;172817;74.6;62.4
61;2021-08-06;2164;1163;208737;173980;75.4;62.8
61;2021-08-07;1422;799;210159;174779;75.9;63.1
61;2021-08-08;447;263;210606;175042;76.1;63.2
61;2021-08-09;1310;1112;211916;176154;76.5;63.6
61;2021-08-10;1315;1107;213231;177261;77.0;64.0
61;2021-08-11;1117;1257;214348;178518;77.4;64.5
61;2021-08-12;1038;1321;215386;179839;77.8;64.9
61;2021-08-13;879;1610;216265;181449;78.1;65.5
61;2021-08-14;717;864;216982;182313;78.4;65.8
61;2021-08-15;94;183;217076;182496;78.4;65.9
61;2021-08-16;913;1541;217989;184037;78.7;66.5
61;2021-08-17;1152;1701;219141;185738;79.1;67.1
61;2021-08-18;811;1479;219952;187217;79.4;67.6
61;2021-08-19;745;1570;220697;188787;79.7;68.2
61;2021-08-20;800;2131;221497;190918;80.0;68.9
61;2021-08-21;492;1345;221989;192263;80.2;69.4
61;2021-08-22;137;447;222126;192710;80.2;69.6
61;2021-08-23;415;1702;222541;194412;80.4;70.2
61;2021-08-24;528;1899;223069;196311;80.6;70.9
61;2021-08-25;412;1735;223481;198046;80.7;71.5
61;2021-08-26;429;1598;223910;199644;80.9;72.1
61;2021-08-27;515;1889;224425;201533;81.0;72.8
61;2021-08-28;286;1365;224711;202898;81.2;73.3
61;2021-08-29;50;417;224761;203315;81.2;73.4
61;2021-08-30;400;1618;225161;204933;81.3;74.0
61;2021-08-31;505;1672;225666;206605;81.5;74.6
61;2021-09-01;454;1312;226120;207917;81.7;75.1
61;2021-09-02;421;1097;226541;209014;81.8;75.5
61;2021-09-03;476;1296;227017;210310;82.0;76.0
61;2021-09-04;348;1254;227365;211564;82.1;76.4
61;2021-09-05;76;181;227441;211745;82.1;76.5
61;2021-09-06;286;973;227727;212718;82.2;76.8
61;2021-09-07;362;1391;228089;214109;82.4;77.3
61;2021-09-08;274;1193;228363;215302;82.5;77.8
61;2021-09-09;292;884;228655;216186;82.6;78.1
61;2021-09-10;366;889;229021;217075;82.7;78.4
61;2021-09-11;270;1021;229291;218096;82.8;78.8
61;2021-09-12;37;109;229328;218205;82.8;78.8
61;2021-09-13;208;526;229536;218731;82.9;79.0
61;2021-09-14;197;361;229733;219092;83.0;79.1
61;2021-09-15;256;595;229989;219687;83.1;79.3
61;2021-09-16;220;269;230209;219956;83.1;79.4
61;2021-09-17;241;533;230450;220489;83.2;79.6
61;2021-09-18;217;611;230667;221100;83.3;79.8
61;2021-09-19;1;0;230668;221100;83.3;79.8
61;2021-09-20;177;268;230845;221368;83.4;79.9
61;2021-09-21;236;187;231081;221555;83.5;80.0
61;2021-09-22;158;692;231239;222247;83.5;80.3
61;2021-09-23;163;228;231402;222475;83.6;80.3
61;2021-09-24;135;378;231537;222853;83.6;80.5
61;2021-09-25;171;596;231708;223449;83.7;80.7
61;2021-09-26;9;16;231717;223465;83.7;80.7
61;2021-09-27;124;293;231841;223758;83.7;80.8
61;2021-09-28;95;247;231936;224005;83.8;80.9
61;2021-09-29;105;216;232041;224221;83.8;81.0
61;2021-09-30;204;237;232245;224458;83.9;81.1
61;2021-10-01;87;265;232332;224723;83.9;81.2
61;2021-10-02;197;565;232529;225288;84.0;81.4
61;2021-10-03;1;8;232530;225296;84.0;81.4
61;2021-10-04;108;287;232638;225583;84.0;81.5
61;2021-10-05;112;289;232750;225872;84.1;81.6
61;2021-10-06;155;320;232905;226192;84.1;81.7
61;2021-10-07;140;259;233045;226451;84.2;81.8
61;2021-10-08;156;243;233201;226694;84.2;81.9
61;2021-10-09;89;168;233290;226862;84.2;81.9
61;2021-10-10;1;2;233291;226864;84.3;81.9
62;2020-12-27;2;0;2;0;0.0;0.0
62;2020-12-28;1;0;3;0;0.0;0.0
62;2020-12-29;0;0;3;0;0.0;0.0
62;2020-12-30;0;0;3;0;0.0;0.0
62;2020-12-31;0;0;3;0;0.0;0.0
62;2021-01-01;0;0;3;0;0.0;0.0
62;2021-01-02;3;2;6;2;0.0;0.0
62;2021-01-03;0;0;6;2;0.0;0.0
62;2021-01-04;3;0;9;2;0.0;0.0
62;2021-01-05;47;0;56;2;0.0;0.0
62;2021-01-06;123;0;179;2;0.0;0.0
62;2021-01-07;352;0;531;2;0.0;0.0
62;2021-01-08;713;9;1244;11;0.1;0.0
62;2021-01-09;164;1;1408;12;0.1;0.0
62;2021-01-10;84;0;1492;12;0.1;0.0
62;2021-01-11;557;3;2049;15;0.1;0.0
62;2021-01-12;1260;6;3309;21;0.2;0.0
62;2021-01-13;1139;17;4448;38;0.3;0.0
62;2021-01-14;1385;9;5833;47;0.4;0.0
62;2021-01-15;1300;13;7133;60;0.5;0.0
62;2021-01-16;309;3;7442;63;0.5;0.0
62;2021-01-17;107;1;7549;64;0.5;0.0
62;2021-01-18;1666;10;9215;74;0.6;0.0
62;2021-01-19;2104;6;11319;80;0.8;0.0
62;2021-01-20;2055;7;13374;87;0.9;0.0
62;2021-01-21;2244;10;15618;97;1.1;0.0
62;2021-01-22;1835;7;17453;104;1.2;0.0
62;2021-01-23;512;1;17965;105;1.2;0.0
62;2021-01-24;0;0;17965;105;1.2;0.0
62;2021-01-25;1286;8;19251;113;1.3;0.0
62;2021-01-26;1546;21;20797;134;1.4;0.0
62;2021-01-27;1518;179;22315;313;1.5;0.0
62;2021-01-28;4182;403;26497;716;1.8;0.0
62;2021-01-29;2048;340;28545;1056;2.0;0.1
62;2021-01-30;159;151;28704;1207;2.0;0.1
62;2021-01-31;22;3;28726;1210;2.0;0.1
62;2021-02-01;46;355;28772;1565;2.0;0.1
62;2021-02-02;59;785;28831;2350;2.0;0.2
62;2021-02-03;44;627;28875;2977;2.0;0.2
62;2021-02-04;81;801;28956;3778;2.0;0.3
62;2021-02-05;81;749;29037;4527;2.0;0.3
62;2021-02-06;32;199;29069;4726;2.0;0.3
62;2021-02-07;236;31;29305;4757;2.0;0.3
62;2021-02-08;133;841;29438;5598;2.0;0.4
62;2021-02-09;227;1093;29665;6691;2.0;0.5
62;2021-02-10;385;1165;30050;7856;2.1;0.5
62;2021-02-11;726;996;30776;8852;2.1;0.6
62;2021-02-12;967;778;31743;9630;2.2;0.7
62;2021-02-13;162;266;31905;9896;2.2;0.7
62;2021-02-14;0;0;31905;9896;2.2;0.7
62;2021-02-15;665;1265;32570;11161;2.2;0.8
62;2021-02-16;923;1775;33493;12936;2.3;0.9
62;2021-02-17;1082;2069;34575;15005;2.4;1.0
62;2021-02-18;2228;3771;36803;18776;2.5;1.3
62;2021-02-19;2312;2547;39115;21323;2.7;1.5
62;2021-02-20;616;480;39731;21803;2.7;1.5
62;2021-02-21;88;50;39819;21853;2.7;1.5
62;2021-02-22;849;963;40668;22816;2.8;1.6
62;2021-02-23;1419;1212;42087;24028;2.9;1.7
62;2021-02-24;1547;656;43634;24684;3.0;1.7
62;2021-02-25;3169;426;46803;25110;3.2;1.7
62;2021-02-26;2912;355;49715;25465;3.4;1.8
62;2021-02-27;1829;99;51544;25564;3.5;1.8
62;2021-02-28;52;42;51596;25606;3.6;1.8
62;2021-03-01;1322;125;52918;25731;3.6;1.8
62;2021-03-02;3155;189;56073;25920;3.9;1.8
62;2021-03-03;3274;141;59347;26061;4.1;1.8
62;2021-03-04;3810;229;63157;26290;4.3;1.8
62;2021-03-05;4647;250;67804;26540;4.7;1.8
62;2021-03-06;9620;292;77424;26832;5.3;1.8
62;2021-03-07;8074;247;85498;27079;5.9;1.9
62;2021-03-08;2195;272;87693;27351;6.0;1.9
62;2021-03-09;3810;397;91503;27748;6.3;1.9
62;2021-03-10;4233;630;95736;28378;6.6;2.0
62;2021-03-11;5993;1551;101729;29929;7.0;2.1
62;2021-03-12;6639;1444;108368;31373;7.5;2.2
62;2021-03-13;14724;833;123092;32206;8.5;2.2
62;2021-03-14;9583;443;132675;32649;9.1;2.2
62;2021-03-15;3762;1026;136437;33675;9.4;2.3
62;2021-03-16;2736;864;139173;34539;9.6;2.4
62;2021-03-17;2805;744;141978;35283;9.8;2.4
62;2021-03-18;2725;956;144703;36239;10.0;2.5
62;2021-03-19;4784;941;149487;37180;10.3;2.6
62;2021-03-20;11066;635;160553;37815;11.1;2.6
62;2021-03-21;9447;384;170000;38199;11.7;2.6
62;2021-03-22;2943;1120;172943;39319;11.9;2.7
62;2021-03-23;4997;1504;177940;40823;12.2;2.8
62;2021-03-24;4696;1391;182636;42214;12.6;2.9
62;2021-03-25;6553;1494;189189;43708;13.0;3.0
62;2021-03-26;7048;1516;196237;45224;13.5;3.1
62;2021-03-27;12593;767;208830;45991;14.4;3.2
62;2021-03-28;6941;291;215771;46282;14.9;3.2
62;2021-03-29;3470;1217;219241;47499;15.1;3.3
62;2021-03-30;4549;2223;223790;49722;15.4;3.4
62;2021-03-31;4225;2490;228015;52212;15.7;3.6
62;2021-04-01;4977;2775;232992;54987;16.0;3.8
62;2021-04-02;5067;3244;238059;58231;16.4;4.0
62;2021-04-03;8207;3373;246266;61604;17.0;4.2
62;2021-04-04;4582;1946;250848;63550;17.3;4.4
62;2021-04-05;944;468;251792;64018;17.3;4.4
62;2021-04-06;4121;3022;255913;67040;17.6;4.6
62;2021-04-07;5071;3539;260984;70579;18.0;4.9
62;2021-04-08;6492;4018;267476;74597;18.4;5.1
62;2021-04-09;7628;3496;275104;78093;18.9;5.4
62;2021-04-10;6637;8091;281741;86184;19.4;5.9
62;2021-04-11;2804;6904;284545;93088;19.6;6.4
62;2021-04-12;3419;2390;287964;95478;19.8;6.6
62;2021-04-13;6171;3173;294135;98651;20.2;6.8
62;2021-04-14;5307;3073;299442;101724;20.6;7.0
62;2021-04-15;5733;3019;305175;104743;21.0;7.2
62;2021-04-16;5418;3215;310593;107958;21.4;7.4
62;2021-04-17;4355;7378;314948;115336;21.7;7.9
62;2021-04-18;1957;6859;316905;122195;21.8;8.4
62;2021-04-19;2777;1939;319682;124134;22.0;8.5
62;2021-04-20;4148;3900;323830;128034;22.3;8.8
62;2021-04-21;3746;3989;327576;132023;22.5;9.1
62;2021-04-22;3948;5194;331524;137217;22.8;9.4
62;2021-04-23;4064;5333;335588;142550;23.1;9.8
62;2021-04-24;4401;6738;339989;149288;23.4;10.3
62;2021-04-25;1911;3505;341900;152793;23.5;10.5
62;2021-04-26;2223;2435;344123;155228;23.7;10.7
62;2021-04-27;4408;3774;348531;159002;24.0;10.9
62;2021-04-28;4591;4422;353122;163424;24.3;11.2
62;2021-04-29;4787;5909;357909;169333;24.6;11.7
62;2021-04-30;5215;5741;363124;175074;25.0;12.1
62;2021-05-01;5725;3482;368849;178556;25.4;12.3
62;2021-05-02;7826;3163;376675;181719;25.9;12.5
62;2021-05-03;4510;2352;381185;184071;26.2;12.7
62;2021-05-04;5396;4992;386581;189063;26.6;13.0
62;2021-05-05;4736;4843;391317;193906;26.9;13.3
62;2021-05-06;5619;4955;396936;198861;27.3;13.7
62;2021-05-07;7691;4691;404627;203552;27.9;14.0
62;2021-05-08;10659;2352;415286;205904;28.6;14.2
62;2021-05-09;8625;1642;423911;207546;29.2;14.3
62;2021-05-10;4867;4032;428778;211578;29.5;14.6
62;2021-05-11;6414;5060;435192;216638;30.0;14.9
62;2021-05-12;8624;4609;443816;221247;30.5;15.2
62;2021-05-13;9999;1492;453815;222739;31.2;15.3
62;2021-05-14;11880;3415;465695;226154;32.1;15.6
62;2021-05-15;19780;3303;485475;229457;33.4;15.8
62;2021-05-16;16399;1423;501874;230880;34.5;15.9
62;2021-05-17;8180;2660;510054;233540;35.1;16.1
62;2021-05-18;9326;3134;519380;236674;35.8;16.3
62;2021-05-19;8615;2934;527995;239608;36.3;16.5
62;2021-05-20;8341;3844;536336;243452;36.9;16.8
62;2021-05-21;9397;4223;545733;247675;37.6;17.0
62;2021-05-22;17874;3538;563607;251213;38.8;17.3
62;2021-05-23;12373;1164;575980;252377;39.6;17.4
62;2021-05-24;3911;587;579891;252964;39.9;17.4
62;2021-05-25;7221;4098;587112;257062;40.4;17.7
62;2021-05-26;6782;4913;593894;261975;40.9;18.0
62;2021-05-27;6382;5694;600276;267669;41.3;18.4
62;2021-05-28;6518;6772;606794;274441;41.8;18.9
62;2021-05-29;10849;5547;617643;279988;42.5;19.3
62;2021-05-30;4036;985;621679;280973;42.8;19.3
62;2021-05-31;4794;3971;626473;284944;43.1;19.6
62;2021-06-01;6520;6534;632993;291478;43.6;20.1
62;2021-06-02;7444;5819;640437;297297;44.1;20.5
62;2021-06-03;7854;5898;648291;303195;44.6;20.9
62;2021-06-04;7903;6263;656194;309458;45.2;21.3
62;2021-06-05;8274;6238;664468;315696;45.7;21.7
62;2021-06-06;3128;1292;667596;316988;46.0;21.8
62;2021-06-07;4625;3772;672221;320760;46.3;22.1
62;2021-06-08;6207;5911;678428;326671;46.7;22.5
62;2021-06-09;5498;4768;683926;331439;47.1;22.8
62;2021-06-10;5207;5889;689133;337328;47.4;23.2
62;2021-06-11;6208;8876;695341;346204;47.9;23.8
62;2021-06-12;5935;8647;701276;354851;48.3;24.4
62;2021-06-13;3225;3803;704501;358654;48.5;24.7
62;2021-06-14;2610;6781;707111;365435;48.7;25.2
62;2021-06-15;4675;8540;711786;373975;49.0;25.7
62;2021-06-16;5081;7432;716867;381407;49.3;26.3
62;2021-06-17;5235;8045;722102;389452;49.7;26.8
62;2021-06-18;4825;10494;726927;399946;50.0;27.5
62;2021-06-19;5793;13442;732720;413388;50.4;28.5
62;2021-06-20;2101;4369;734821;417757;50.6;28.8
62;2021-06-21;2976;8928;737797;426685;50.8;29.4
62;2021-06-22;3431;10170;741228;436855;51.0;30.1
62;2021-06-23;3388;10324;744616;447179;51.3;30.8
62;2021-06-24;3346;11786;747962;458965;51.5;31.6
62;2021-06-25;3724;15768;751686;474733;51.7;32.7
62;2021-06-26;3549;18426;755235;493159;52.0;33.9
62;2021-06-27;1121;9814;756356;502973;52.1;34.6
62;2021-06-28;1923;8870;758279;511843;52.2;35.2
62;2021-06-29;2974;11463;761253;523306;52.4;36.0
62;2021-06-30;4142;10816;765395;534122;52.7;36.8
62;2021-07-01;4483;10486;769878;544608;53.0;37.5
62;2021-07-02;4161;11984;774039;556592;53.3;38.3
62;2021-07-03;2996;18053;777035;574645;53.5;39.6
62;2021-07-04;1451;9196;778486;583841;53.6;40.2
62;2021-07-05;2416;6917;780902;590758;53.8;40.7
62;2021-07-06;3821;10016;784723;600774;54.0;41.4
62;2021-07-07;3917;8918;788640;609692;54.3;42.0
62;2021-07-08;5247;9089;793887;618781;54.6;42.6
62;2021-07-09;4472;10849;798359;629630;55.0;43.3
62;2021-07-10;4975;11890;803334;641520;55.3;44.2
62;2021-07-11;1337;2091;804671;643611;55.4;44.3
62;2021-07-12;2327;7135;806998;650746;55.5;44.8
62;2021-07-13;5175;12161;812173;662907;55.9;45.6
62;2021-07-14;3634;3164;815807;666071;56.2;45.8
62;2021-07-15;7587;11501;823394;677572;56.7;46.6
62;2021-07-16;7625;11046;831019;688618;57.2;47.4
62;2021-07-17;9719;10335;840738;698953;57.9;48.1
62;2021-07-18;2712;3458;843450;702411;58.1;48.3
62;2021-07-19;6013;7025;849463;709436;58.5;48.8
62;2021-07-20;7935;10725;857398;720161;59.0;49.6
62;2021-07-21;9776;9413;867174;729574;59.7;50.2
62;2021-07-22;9800;9025;876974;738599;60.4;50.8
62;2021-07-23;10630;8412;887604;747011;61.1;51.4
62;2021-07-24;9664;10321;897268;757332;61.8;52.1
62;2021-07-25;5549;1877;902817;759209;62.1;52.3
62;2021-07-26;6239;5390;909056;764599;62.6;52.6
62;2021-07-27;9851;8128;918907;772727;63.3;53.2
62;2021-07-28;10405;7489;929312;780216;64.0;53.7
62;2021-07-29;12006;7662;941318;787878;64.8;54.2
62;2021-07-30;9092;6295;950410;794173;65.4;54.7
62;2021-07-31;6639;4026;957049;798199;65.9;54.9
62;2021-08-01;2342;1103;959391;799302;66.0;55.0
62;2021-08-02;6866;4760;966257;804062;66.5;55.3
62;2021-08-03;8629;7476;974886;811538;67.1;55.9
62;2021-08-04;9491;5484;984377;817022;67.8;56.2
62;2021-08-05;8376;5635;992753;822657;68.3;56.6
62;2021-08-06;7322;5935;1000075;828592;68.8;57.0
62;2021-08-07;5493;4960;1005568;833552;69.2;57.4
62;2021-08-08;1875;1301;1007443;834853;69.3;57.5
62;2021-08-09;5262;5032;1012705;839885;69.7;57.8
62;2021-08-10;6222;7358;1018927;847243;70.1;58.3
62;2021-08-11;5415;7383;1024342;854626;70.5;58.8
62;2021-08-12;6009;7004;1030351;861630;70.9;59.3
62;2021-08-13;4522;6061;1034873;867691;71.2;59.7
62;2021-08-14;3838;6868;1038711;874559;71.5;60.2
62;2021-08-15;1141;1212;1039852;875771;71.6;60.3
62;2021-08-16;3188;5865;1043040;881636;71.8;60.7
62;2021-08-17;4172;7348;1047212;888984;72.1;61.2
62;2021-08-18;4361;7244;1051573;896228;72.4;61.7
62;2021-08-19;4392;8581;1055965;904809;72.7;62.3
62;2021-08-20;3447;8464;1059412;913273;72.9;62.9
62;2021-08-21;2459;9766;1061871;923039;73.1;63.5
62;2021-08-22;392;2817;1062263;925856;73.1;63.7
62;2021-08-23;2747;7830;1065010;933686;73.3;64.3
62;2021-08-24;3840;10409;1068850;944095;73.6;65.0
62;2021-08-25;3509;9196;1072359;953291;73.8;65.6
62;2021-08-26;3193;9774;1075552;963065;74.0;66.3
62;2021-08-27;2598;8826;1078150;971891;74.2;66.9
62;2021-08-28;2043;7997;1080193;979888;74.4;67.4
62;2021-08-29;864;2253;1081057;982141;74.4;67.6
62;2021-08-30;2048;7289;1083105;989430;74.6;68.1
62;2021-08-31;2142;7828;1085247;997258;74.7;68.6
62;2021-09-01;1825;5812;1087072;1003070;74.8;69.0
62;2021-09-02;1853;6449;1088925;1009519;75.0;69.5
62;2021-09-03;2071;6899;1090996;1016418;75.1;70.0
62;2021-09-04;2123;6275;1093119;1022693;75.2;70.4
62;2021-09-05;319;1198;1093438;1023891;75.3;70.5
62;2021-09-06;1030;3360;1094468;1027251;75.3;70.7
62;2021-09-07;1236;3858;1095704;1031109;75.4;71.0
62;2021-09-08;1288;4172;1096992;1035281;75.5;71.3
62;2021-09-09;1274;4261;1098266;1039542;75.6;71.6
62;2021-09-10;1593;4402;1099859;1043944;75.7;71.9
62;2021-09-11;1273;3952;1101132;1047896;75.8;72.1
62;2021-09-12;201;495;1101333;1048391;75.8;72.2
62;2021-09-13;776;2235;1102109;1050626;75.9;72.3
62;2021-09-14;1279;3381;1103388;1054007;76.0;72.6
62;2021-09-15;1343;4221;1104731;1058228;76.0;72.8
62;2021-09-16;1382;2919;1106113;1061147;76.1;73.0
62;2021-09-17;1334;2418;1107447;1063565;76.2;73.2
62;2021-09-18;1089;2882;1108536;1066447;76.3;73.4
62;2021-09-19;138;448;1108674;1066895;76.3;73.4
62;2021-09-20;600;1477;1109274;1068372;76.4;73.5
62;2021-09-21;885;2423;1110159;1070795;76.4;73.7
62;2021-09-22;789;2673;1110948;1073468;76.5;73.9
62;2021-09-23;729;1838;1111677;1075306;76.5;74.0
62;2021-09-24;812;1985;1112489;1077291;76.6;74.2
62;2021-09-25;717;2669;1113206;1079960;76.6;74.3
62;2021-09-26;73;373;1113279;1080333;76.6;74.4
62;2021-09-27;318;1055;1113597;1081388;76.7;74.4
62;2021-09-28;585;1704;1114182;1083092;76.7;74.6
62;2021-09-29;759;1902;1114941;1084994;76.7;74.7
62;2021-09-30;448;1006;1115389;1086000;76.8;74.8
62;2021-10-01;698;1659;1116087;1087659;76.8;74.9
62;2021-10-02;699;1497;1116786;1089156;76.9;75.0
62;2021-10-03;81;236;1116867;1089392;76.9;75.0
62;2021-10-04;373;790;1117240;1090182;76.9;75.0
62;2021-10-05;602;1453;1117842;1091635;76.9;75.1
62;2021-10-06;560;1244;1118402;1092879;77.0;75.2
62;2021-10-07;467;1258;1118869;1094137;77.0;75.3
62;2021-10-08;738;1585;1119607;1095722;77.1;75.4
62;2021-10-09;619;1388;1120226;1097110;77.1;75.5
62;2021-10-10;58;198;1120284;1097308;77.1;75.5
63;2020-12-27;0;0;0;0;0.0;0.0
63;2020-12-28;1;0;1;0;0.0;0.0
63;2020-12-29;0;0;1;0;0.0;0.0
63;2020-12-30;0;0;1;0;0.0;0.0
63;2020-12-31;0;0;1;0;0.0;0.0
63;2021-01-01;1;0;2;0;0.0;0.0
63;2021-01-02;0;0;2;0;0.0;0.0
63;2021-01-03;1;0;3;0;0.0;0.0
63;2021-01-04;0;0;3;0;0.0;0.0
63;2021-01-05;1;0;4;0;0.0;0.0
63;2021-01-06;4;1;8;1;0.0;0.0
63;2021-01-07;310;1;318;2;0.0;0.0
63;2021-01-08;217;6;535;8;0.1;0.0
63;2021-01-09;91;0;626;8;0.1;0.0
63;2021-01-10;82;0;708;8;0.1;0.0
63;2021-01-11;432;4;1140;12;0.2;0.0
63;2021-01-12;661;1;1801;13;0.3;0.0
63;2021-01-13;873;8;2674;21;0.4;0.0
63;2021-01-14;547;10;3221;31;0.5;0.0
63;2021-01-15;432;5;3653;36;0.6;0.0
63;2021-01-16;157;0;3810;36;0.6;0.0
63;2021-01-17;133;0;3943;36;0.6;0.0
63;2021-01-18;634;3;4577;39;0.7;0.0
63;2021-01-19;868;2;5445;41;0.8;0.0
63;2021-01-20;1069;12;6514;53;1.0;0.0
63;2021-01-21;1018;3;7532;56;1.1;0.0
63;2021-01-22;970;3;8502;59;1.3;0.0
63;2021-01-23;192;0;8694;59;1.3;0.0
63;2021-01-24;165;2;8859;61;1.3;0.0
63;2021-01-25;829;4;9688;65;1.5;0.0
63;2021-01-26;974;2;10662;67;1.6;0.0
63;2021-01-27;1003;5;11665;72;1.8;0.0
63;2021-01-28;1322;69;12987;141;2.0;0.0
63;2021-01-29;1066;66;14053;207;2.1;0.0
63;2021-01-30;68;0;14121;207;2.1;0.0
63;2021-01-31;6;0;14127;207;2.1;0.0
63;2021-02-01;575;180;14702;387;2.2;0.1
63;2021-02-02;886;235;15588;622;2.4;0.1
63;2021-02-03;1475;287;17063;909;2.6;0.1
63;2021-02-04;2120;521;19183;1430;2.9;0.2
63;2021-02-05;1144;272;20327;1702;3.1;0.3
63;2021-02-06;116;0;20443;1702;3.1;0.3
63;2021-02-07;9;1;20452;1703;3.1;0.3
63;2021-02-08;538;405;20990;2108;3.2;0.3
63;2021-02-09;671;433;21661;2541;3.3;0.4
63;2021-02-10;609;602;22270;3143;3.4;0.5
63;2021-02-11;751;473;23021;3616;3.5;0.5
63;2021-02-12;820;808;23841;4424;3.6;0.7
63;2021-02-13;82;1;23923;4425;3.6;0.7
63;2021-02-14;0;65;23923;4490;3.6;0.7
63;2021-02-15;202;782;24125;5272;3.7;0.8
63;2021-02-16;409;1136;24534;6408;3.7;1.0
63;2021-02-17;359;876;24893;7284;3.8;1.1
63;2021-02-18;608;824;25501;8108;3.9;1.2
63;2021-02-19;449;970;25950;9078;3.9;1.4
63;2021-02-20;35;32;25985;9110;3.9;1.4
63;2021-02-21;2;17;25987;9127;3.9;1.4
63;2021-02-22;291;928;26278;10055;4.0;1.5
63;2021-02-23;580;1134;26858;11189;4.1;1.7
63;2021-02-24;696;1415;27554;12604;4.2;1.9
63;2021-02-25;1603;1665;29157;14269;4.4;2.2
63;2021-02-26;1623;1365;30780;15634;4.7;2.4
63;2021-02-27;641;72;31421;15706;4.8;2.4
63;2021-02-28;4;178;31425;15884;4.8;2.4
63;2021-03-01;586;518;32011;16402;4.8;2.5
63;2021-03-02;907;803;32918;17205;5.0;2.6
63;2021-03-03;1036;727;33954;17932;5.1;2.7
63;2021-03-04;1754;502;35708;18434;5.4;2.8
63;2021-03-05;2612;700;38320;19134;5.8;2.9
63;2021-03-06;1550;55;39870;19189;6.0;2.9
63;2021-03-07;512;21;40382;19210;6.1;2.9
63;2021-03-08;967;648;41349;19858;6.3;3.0
63;2021-03-09;1539;1065;42888;20923;6.5;3.2
63;2021-03-10;1654;617;44542;21540;6.7;3.3
63;2021-03-11;3056;898;47598;22438;7.2;3.4
63;2021-03-12;3513;396;51111;22834;7.7;3.5
63;2021-03-13;2049;86;53160;22920;8.1;3.5
63;2021-03-14;61;22;53221;22942;8.1;3.5
63;2021-03-15;1770;374;54991;23316;8.3;3.5
63;2021-03-16;1747;416;56738;23732;8.6;3.6
63;2021-03-17;1642;692;58380;24424;8.8;3.7
63;2021-03-18;1945;753;60325;25177;9.1;3.8
63;2021-03-19;2741;498;63066;25675;9.6;3.9
63;2021-03-20;1122;72;64188;25747;9.7;3.9
63;2021-03-21;50;45;64238;25792;9.7;3.9
63;2021-03-22;1984;261;66222;26053;10.0;3.9
63;2021-03-23;2885;348;69107;26401;10.5;4.0
63;2021-03-24;3224;352;72331;26753;11.0;4.1
63;2021-03-25;4597;398;76928;27151;11.7;4.1
63;2021-03-26;4693;577;81621;27728;12.4;4.2
63;2021-03-27;2457;234;84078;27962;12.7;4.2
63;2021-03-28;1047;83;85125;28045;12.9;4.2
63;2021-03-29;2480;525;87605;28570;13.3;4.3
63;2021-03-30;3283;632;90888;29202;13.8;4.4
63;2021-03-31;2968;761;93856;29963;14.2;4.5
63;2021-04-01;3845;543;97701;30506;14.8;4.6
63;2021-04-02;3483;712;101184;31218;15.3;4.7
63;2021-04-03;1174;181;102358;31399;15.5;4.8
63;2021-04-04;877;29;103235;31428;15.6;4.8
63;2021-04-05;801;85;104036;31513;15.8;4.8
63;2021-04-06;2482;943;106518;32456;16.1;4.9
63;2021-04-07;3208;875;109726;33331;16.6;5.0
63;2021-04-08;4720;1230;114446;34561;17.3;5.2
63;2021-04-09;5314;1012;119760;35573;18.1;5.4
63;2021-04-10;2221;481;121981;36054;18.5;5.5
63;2021-04-11;835;41;122816;36095;18.6;5.5
63;2021-04-12;1593;1315;124409;37410;18.8;5.7
63;2021-04-13;1986;1968;126395;39378;19.1;6.0
63;2021-04-14;2631;1440;129026;40818;19.5;6.2
63;2021-04-15;3809;1548;132835;42366;20.1;6.4
63;2021-04-16;2840;2167;135675;44533;20.5;6.7
63;2021-04-17;1233;673;136908;45206;20.7;6.8
63;2021-04-18;803;67;137711;45273;20.9;6.9
63;2021-04-19;1657;2106;139368;47379;21.1;7.2
63;2021-04-20;1702;2302;141070;49681;21.4;7.5
63;2021-04-21;1514;2414;142584;52095;21.6;7.9
63;2021-04-22;1916;2269;144500;54364;21.9;8.2
63;2021-04-23;2019;3116;146519;57480;22.2;8.7
63;2021-04-24;1192;1128;147711;58608;22.4;8.9
63;2021-04-25;554;412;148265;59020;22.5;8.9
63;2021-04-26;1438;2242;149703;61262;22.7;9.3
63;2021-04-27;2326;2616;152029;63878;23.0;9.7
63;2021-04-28;2346;3172;154375;67050;23.4;10.2
63;2021-04-29;2882;2841;157257;69891;23.8;10.6
63;2021-04-30;2862;2823;160119;72714;24.3;11.0
63;2021-05-01;1127;1051;161246;73765;24.4;11.2
63;2021-05-02;897;640;162143;74405;24.6;11.3
63;2021-05-03;2685;2252;164828;76657;25.0;11.6
63;2021-05-04;2878;2699;167706;79356;25.4;12.0
63;2021-05-05;2938;3126;170644;82482;25.8;12.5
63;2021-05-06;3673;3060;174317;85542;26.4;13.0
63;2021-05-07;4032;3546;178349;89088;27.0;13.5
63;2021-05-08;2002;655;180351;89743;27.3;13.6
63;2021-05-09;1802;608;182153;90351;27.6;13.7
63;2021-05-10;4195;2765;186348;93116;28.2;14.1
63;2021-05-11;5338;2769;191686;95885;29.0;14.5
63;2021-05-12;5274;2913;196960;98798;29.8;15.0
63;2021-05-13;4136;700;201096;99498;30.5;15.1
63;2021-05-14;4772;1513;205868;101011;31.2;15.3
63;2021-05-15;3727;986;209595;101997;31.7;15.4
63;2021-05-16;3521;448;213116;102445;32.3;15.5
63;2021-05-17;3902;1992;217018;104437;32.9;15.8
63;2021-05-18;5124;1615;222142;106052;33.6;16.1
63;2021-05-19;5228;1629;227370;107681;34.4;16.3
63;2021-05-20;6806;2091;234176;109772;35.5;16.6
63;2021-05-21;6256;2334;240432;112106;36.4;17.0
63;2021-05-22;3352;848;243784;112954;36.9;17.1
63;2021-05-23;2388;245;246172;113199;37.3;17.1
63;2021-05-24;2643;581;248815;113780;37.7;17.2
63;2021-05-25;4270;2646;253085;116426;38.3;17.6
63;2021-05-26;5452;2422;258537;118848;39.2;18.0
63;2021-05-27;6502;2801;265039;121649;40.1;18.4
63;2021-05-28;5422;3906;270461;125555;41.0;19.0
63;2021-05-29;3361;1503;273822;127058;41.5;19.2
63;2021-05-30;1579;217;275401;127275;41.7;19.3
63;2021-05-31;4157;2288;279558;129563;42.3;19.6
63;2021-06-01;3805;2962;283363;132525;42.9;20.1
63;2021-06-02;3886;2535;287249;135060;43.5;20.5
63;2021-06-03;4902;3141;292151;138201;44.2;20.9
63;2021-06-04;5100;3624;297251;141825;45.0;21.5
63;2021-06-05;2816;1746;300067;143571;45.4;21.7
63;2021-06-06;1309;698;301376;144269;45.6;21.9
63;2021-06-07;3163;2519;304539;146788;46.1;22.2
63;2021-06-08;2882;2755;307421;149543;46.6;22.6
63;2021-06-09;3025;2271;310446;151814;47.0;23.0
63;2021-06-10;3226;2691;313672;154505;47.5;23.4
63;2021-06-11;3099;4047;316771;158552;48.0;24.0
63;2021-06-12;1640;1969;318411;160521;48.2;24.3
63;2021-06-13;482;1098;318893;161619;48.3;24.5
63;2021-06-14;1824;3472;320717;165091;48.6;25.0
63;2021-06-15;2210;3480;322927;168571;48.9;25.5
63;2021-06-16;2576;3315;325503;171886;49.3;26.0
63;2021-06-17;2398;4316;327901;176202;49.7;26.7
63;2021-06-18;2480;5828;330381;182030;50.0;27.6
63;2021-06-19;1643;2835;332024;184865;50.3;28.0
63;2021-06-20;678;2441;332702;187306;50.4;28.4
63;2021-06-21;1272;5389;333974;192695;50.6;29.2
63;2021-06-22;1233;5539;335207;198234;50.8;30.0
63;2021-06-23;1531;4766;336738;203000;51.0;30.7
63;2021-06-24;1925;5383;338663;208383;51.3;31.6
63;2021-06-25;1751;5899;340414;214282;51.6;32.5
63;2021-06-26;1073;3352;341487;217634;51.7;33.0
63;2021-06-27;712;3487;342199;221121;51.8;33.5
63;2021-06-28;1136;5663;343335;226784;52.0;34.3
63;2021-06-29;1226;5159;344561;231943;52.2;35.1
63;2021-06-30;1606;5294;346167;237237;52.4;35.9
63;2021-07-01;1927;8069;348094;245306;52.7;37.2
63;2021-07-02;2061;6540;350155;251846;53.0;38.1
63;2021-07-03;965;2929;351120;254775;53.2;38.6
63;2021-07-04;1066;1885;352186;256660;53.3;38.9
63;2021-07-05;1540;6280;353726;262940;53.6;39.8
63;2021-07-06;1607;4808;355333;267748;53.8;40.6
63;2021-07-07;1973;4089;357306;271837;54.1;41.2
63;2021-07-08;2205;4587;359511;276424;54.5;41.9
63;2021-07-09;1911;5720;361422;282144;54.7;42.7
63;2021-07-10;1534;3415;362956;285559;55.0;43.3
63;2021-07-11;910;1538;363866;287097;55.1;43.5
63;2021-07-12;1597;8702;365463;295799;55.4;44.8
63;2021-07-13;3598;6134;369061;301933;55.9;45.7
63;2021-07-14;3618;1790;372679;303723;56.4;46.0
63;2021-07-15;4415;5036;377094;308759;57.1;46.8
63;2021-07-16;4693;5788;381787;314547;57.8;47.6
63;2021-07-17;3011;2473;384798;317020;58.3;48.0
63;2021-07-18;2825;1091;387623;318111;58.7;48.2
63;2021-07-19;4002;4848;391625;322959;59.3;48.9
63;2021-07-20;4737;5460;396362;328419;60.0;49.7
63;2021-07-21;4789;3978;401151;332397;60.8;50.3
63;2021-07-22;5509;4402;406660;336799;61.6;51.0
63;2021-07-23;5161;4652;411821;341451;62.4;51.7
63;2021-07-24;3679;1952;415500;343403;62.9;52.0
63;2021-07-25;3065;1438;418565;344841;63.4;52.2
63;2021-07-26;4040;3230;422605;348071;64.0;52.7
63;2021-07-27;3933;3163;426538;351234;64.6;53.2
63;2021-07-28;3852;2717;430390;353951;65.2;53.6
63;2021-07-29;4452;3159;434842;357110;65.9;54.1
63;2021-07-30;3807;3575;438649;360685;66.4;54.6
63;2021-07-31;2162;1721;440811;362406;66.8;54.9
63;2021-08-01;1197;836;442008;363242;66.9;55.0
63;2021-08-02;2226;3067;444234;366309;67.3;55.5
63;2021-08-03;2728;3255;446962;369564;67.7;56.0
63;2021-08-04;2808;3245;449770;372809;68.1;56.5
63;2021-08-05;2444;3481;452214;376290;68.5;57.0
63;2021-08-06;2352;4152;454566;380442;68.8;57.6
63;2021-08-07;1305;2808;455871;383250;69.0;58.0
63;2021-08-08;324;1205;456195;384455;69.1;58.2
63;2021-08-09;1849;4210;458044;388665;69.4;58.9
63;2021-08-10;2218;3994;460262;392659;69.7;59.5
63;2021-08-11;2100;3628;462362;396287;70.0;60.0
63;2021-08-12;1855;4620;464217;400907;70.3;60.7
63;2021-08-13;1677;4009;465894;404916;70.6;61.3
63;2021-08-14;841;3239;466735;408155;70.7;61.8
63;2021-08-15;184;1451;466919;409606;70.7;62.0
63;2021-08-16;1171;4396;468090;414002;70.9;62.7
63;2021-08-17;1601;4052;469691;418054;71.1;63.3
63;2021-08-18;1452;3305;471143;421359;71.4;63.8
63;2021-08-19;1322;3443;472465;424802;71.6;64.3
63;2021-08-20;1386;3712;473851;428514;71.8;64.9
63;2021-08-21;674;2166;474525;430680;71.9;65.2
63;2021-08-22;212;1092;474737;431772;71.9;65.4
63;2021-08-23;1075;3591;475812;435363;72.1;65.9
63;2021-08-24;1090;2990;476902;438353;72.2;66.4
63;2021-08-25;1005;2786;477907;441139;72.4;66.8
63;2021-08-26;1130;2707;479037;443846;72.6;67.2
63;2021-08-27;1149;3161;480186;447007;72.7;67.7
63;2021-08-28;698;1709;480884;448716;72.8;68.0
63;2021-08-29;107;577;480991;449293;72.9;68.0
63;2021-08-30;789;2399;481780;451692;73.0;68.4
63;2021-08-31;992;2471;482772;454163;73.1;68.8
63;2021-09-01;919;1866;483691;456029;73.3;69.1
63;2021-09-02;820;1769;484511;457798;73.4;69.3
63;2021-09-03;905;2262;485416;460060;73.5;69.7
63;2021-09-04;709;1411;486125;461471;73.6;69.9
63;2021-09-05;80;258;486205;461729;73.6;69.9
63;2021-09-06;559;1144;486764;462873;73.7;70.1
63;2021-09-07;660;1343;487424;464216;73.8;70.3
63;2021-09-08;705;1456;488129;465672;73.9;70.5
63;2021-09-09;595;1163;488724;466835;74.0;70.7
63;2021-09-10;732;1645;489456;468480;74.1;71.0
63;2021-09-11;459;998;489915;469478;74.2;71.1
63;2021-09-12;50;144;489965;469622;74.2;71.1
63;2021-09-13;456;930;490421;470552;74.3;71.3
63;2021-09-14;530;814;490951;471366;74.4;71.4
63;2021-09-15;580;1288;491531;472654;74.4;71.6
63;2021-09-16;474;872;492005;473526;74.5;71.7
63;2021-09-17;474;1261;492479;474787;74.6;71.9
63;2021-09-18;317;992;492796;475779;74.6;72.1
63;2021-09-19;44;97;492840;475876;74.6;72.1
63;2021-09-20;364;708;493204;476584;74.7;72.2
63;2021-09-21;410;662;493614;477246;74.8;72.3
63;2021-09-22;400;1113;494014;478359;74.8;72.5
63;2021-09-23;299;665;494313;479024;74.9;72.6
63;2021-09-24;484;1180;494797;480204;74.9;72.7
63;2021-09-25;253;816;495050;481020;75.0;72.9
63;2021-09-26;26;100;495076;481120;75.0;72.9
63;2021-09-27;317;643;495393;481763;75.0;73.0
63;2021-09-28;292;617;495685;482380;75.1;73.1
63;2021-09-29;304;734;495989;483114;75.1;73.2
63;2021-09-30;294;657;496283;483771;75.2;73.3
63;2021-10-01;472;853;496755;484624;75.2;73.4
63;2021-10-02;273;557;497028;485181;75.3;73.5
63;2021-10-03;37;69;497065;485250;75.3;73.5
63;2021-10-04;208;401;497273;485651;75.3;73.6
63;2021-10-05;258;454;497531;486105;75.4;73.6
63;2021-10-06;331;602;497862;486707;75.4;73.7
63;2021-10-07;243;460;498105;487167;75.4;73.8
63;2021-10-08;408;711;498513;487878;75.5;73.9
63;2021-10-09;238;417;498751;488295;75.5;74.0
63;2021-10-10;36;57;498787;488352;75.5;74.0
64;2020-12-27;1;0;1;0;0.0;0.0
64;2020-12-28;2;0;3;0;0.0;0.0
64;2020-12-29;0;0;3;0;0.0;0.0
64;2020-12-30;1;0;4;0;0.0;0.0
64;2020-12-31;0;0;4;0;0.0;0.0
64;2021-01-01;1;0;5;0;0.0;0.0
64;2021-01-02;0;0;5;0;0.0;0.0
64;2021-01-03;0;0;5;0;0.0;0.0
64;2021-01-04;29;0;34;0;0.0;0.0
64;2021-01-05;25;0;59;0;0.0;0.0
64;2021-01-06;189;0;248;0;0.0;0.0
64;2021-01-07;842;1;1090;1;0.2;0.0
64;2021-01-08;880;3;1970;4;0.3;0.0
64;2021-01-09;55;0;2025;4;0.3;0.0
64;2021-01-10;2;0;2027;4;0.3;0.0
64;2021-01-11;543;0;2570;4;0.4;0.0
64;2021-01-12;760;4;3330;8;0.5;0.0
64;2021-01-13;866;3;4196;11;0.6;0.0
64;2021-01-14;1046;6;5242;17;0.8;0.0
64;2021-01-15;929;5;6171;22;0.9;0.0
64;2021-01-16;70;0;6241;22;0.9;0.0
64;2021-01-17;8;2;6249;24;0.9;0.0
64;2021-01-18;942;8;7191;32;1.1;0.0
64;2021-01-19;1448;4;8639;36;1.3;0.0
64;2021-01-20;1618;3;10257;39;1.5;0.0
64;2021-01-21;2603;2;12860;41;1.9;0.0
64;2021-01-22;1651;4;14511;45;2.1;0.0
64;2021-01-23;525;1;15036;46;2.2;0.0
64;2021-01-24;89;0;15125;46;2.2;0.0
64;2021-01-25;974;9;16099;55;2.4;0.0
64;2021-01-26;1358;22;17457;77;2.6;0.0
64;2021-01-27;1241;119;18698;196;2.7;0.0
64;2021-01-28;1652;632;20350;828;3.0;0.1
64;2021-01-29;975;651;21325;1479;3.1;0.2
64;2021-01-30;469;59;21794;1538;3.2;0.2
64;2021-01-31;93;0;21887;1538;3.2;0.2
64;2021-02-01;675;311;22562;1849;3.3;0.3
64;2021-02-02;1134;554;23696;2403;3.5;0.4
64;2021-02-03;1044;646;24740;3049;3.6;0.4
64;2021-02-04;1028;535;25768;3584;3.8;0.5
64;2021-02-05;869;456;26637;4040;3.9;0.6
64;2021-02-06;501;32;27138;4072;4.0;0.6
64;2021-02-07;131;5;27269;4077;4.0;0.6
64;2021-02-08;769;311;28038;4388;4.1;0.6
64;2021-02-09;949;713;28987;5101;4.2;0.7
64;2021-02-10;916;790;29903;5891;4.4;0.9
64;2021-02-11;1199;1508;31102;7399;4.6;1.1
64;2021-02-12;1076;1064;32178;8463;4.7;1.2
64;2021-02-13;223;314;32401;8777;4.7;1.3
64;2021-02-14;38;48;32439;8825;4.7;1.3
64;2021-02-15;223;1132;32662;9957;4.8;1.5
64;2021-02-16;261;1405;32923;11362;4.8;1.7
64;2021-02-17;291;1244;33214;12606;4.9;1.8
64;2021-02-18;509;1714;33723;14320;4.9;2.1
64;2021-02-19;413;1287;34136;15607;5.0;2.3
64;2021-02-20;119;435;34255;16042;5.0;2.3
64;2021-02-21;20;83;34275;16125;5.0;2.4
64;2021-02-22;479;985;34754;17110;5.1;2.5
64;2021-02-23;722;1145;35476;18255;5.2;2.7
64;2021-02-24;731;1014;36207;19269;5.3;2.8
64;2021-02-25;1094;955;37301;20224;5.5;3.0
64;2021-02-26;1216;915;38517;21139;5.6;3.1
64;2021-02-27;864;405;39381;21544;5.8;3.2
64;2021-02-28;42;82;39423;21626;5.8;3.2
64;2021-03-01;767;799;40190;22425;5.9;3.3
64;2021-03-02;1077;918;41267;23343;6.0;3.4
64;2021-03-03;1252;1000;42519;24343;6.2;3.6
64;2021-03-04;1882;1184;44401;25527;6.5;3.7
64;2021-03-05;2199;1078;46600;26605;6.8;3.9
64;2021-03-06;1543;518;48143;27123;7.0;4.0
64;2021-03-07;595;113;48738;27236;7.1;4.0
64;2021-03-08;1534;765;50272;28001;7.4;4.1
64;2021-03-09;2069;849;52341;28850;7.7;4.2
64;2021-03-10;2083;765;54424;29615;8.0;4.3
64;2021-03-11;2976;1078;57400;30693;8.4;4.5
64;2021-03-12;3488;608;60888;31301;8.9;4.6
64;2021-03-13;2258;171;63146;31472;9.2;4.6
64;2021-03-14;233;15;63379;31487;9.3;4.6
64;2021-03-15;2337;234;65716;31721;9.6;4.6
64;2021-03-16;2001;269;67717;31990;9.9;4.7
64;2021-03-17;2071;241;69788;32231;10.2;4.7
64;2021-03-18;2463;209;72251;32440;10.6;4.7
64;2021-03-19;3014;288;75265;32728;11.0;4.8
64;2021-03-20;2470;95;77735;32823;11.4;4.8
64;2021-03-21;1282;27;79017;32850;11.6;4.8
64;2021-03-22;2588;557;81605;33407;11.9;4.9
64;2021-03-23;3197;650;84802;34057;12.4;5.0
64;2021-03-24;3564;708;88366;34765;12.9;5.1
64;2021-03-25;4350;806;92716;35571;13.6;5.2
64;2021-03-26;4429;711;97145;36282;14.2;5.3
64;2021-03-27;2974;437;100119;36719;14.7;5.4
64;2021-03-28;521;56;100640;36775;14.7;5.4
64;2021-03-29;3028;891;103668;37666;15.2;5.5
64;2021-03-30;4135;874;107803;38540;15.8;5.6
64;2021-03-31;3594;796;111397;39336;16.3;5.8
64;2021-04-01;4787;944;116184;40280;17.0;5.9
64;2021-04-02;4444;746;120628;41026;17.7;6.0
64;2021-04-03;2061;588;122689;41614;18.0;6.1
64;2021-04-04;309;50;122998;41664;18.0;6.1
64;2021-04-05;1689;144;124687;41808;18.3;6.1
64;2021-04-06;3647;1396;128334;43204;18.8;6.3
64;2021-04-07;3947;1517;132281;44721;19.4;6.5
64;2021-04-08;5192;1602;137473;46323;20.1;6.8
64;2021-04-09;5899;1647;143372;47970;21.0;7.0
64;2021-04-10;3222;1054;146594;49024;21.5;7.2
64;2021-04-11;448;253;147042;49277;21.5;7.2
64;2021-04-12;4047;1869;151089;51146;22.1;7.5
64;2021-04-13;4466;2170;155555;53316;22.8;7.8
64;2021-04-14;4090;2144;159645;55460;23.4;8.1
64;2021-04-15;4394;2299;164039;57759;24.0;8.5
64;2021-04-16;4300;2261;168339;60020;24.6;8.8
64;2021-04-17;2479;1504;170818;61524;25.0;9.0
64;2021-04-18;1096;1181;171914;62705;25.2;9.2
64;2021-04-19;2735;2450;174649;65155;25.6;9.5
64;2021-04-20;3208;2435;177857;67590;26.0;9.9
64;2021-04-21;3224;2567;181081;70157;26.5;10.3
64;2021-04-22;3389;2787;184470;72944;27.0;10.7
64;2021-04-23;3435;2617;187905;75561;27.5;11.1
64;2021-04-24;2068;1591;189973;77152;27.8;11.3
64;2021-04-25;290;237;190263;77389;27.9;11.3
64;2021-04-26;2660;2656;192923;80045;28.2;11.7
64;2021-04-27;3060;3137;195983;83182;28.7;12.2
64;2021-04-28;3604;3065;199587;86247;29.2;12.6
64;2021-04-29;4650;3465;204237;89712;29.9;13.1
64;2021-04-30;4085;3616;208322;93328;30.5;13.7
64;2021-05-01;1486;1032;209808;94360;30.7;13.8
64;2021-05-02;446;325;210254;94685;30.8;13.9
64;2021-05-03;2910;3527;213164;98212;31.2;14.4
64;2021-05-04;3646;4002;216810;102214;31.7;15.0
64;2021-05-05;3358;4012;220168;106226;32.2;15.5
64;2021-05-06;4110;3992;224278;110218;32.8;16.1
64;2021-05-07;3922;4196;228200;114414;33.4;16.7
64;2021-05-08;2623;1236;230823;115650;33.8;16.9
64;2021-05-09;722;305;231545;115955;33.9;17.0
64;2021-05-10;2862;4238;234407;120193;34.3;17.6
64;2021-05-11;4183;4150;238590;124343;34.9;18.2
64;2021-05-12;4489;3945;243079;128288;35.6;18.8
64;2021-05-13;3198;887;246277;129175;36.0;18.9
64;2021-05-14;5153;3150;251430;132325;36.8;19.4
64;2021-05-15;3526;1865;254956;134190;37.3;19.6
64;2021-05-16;498;225;255454;134415;37.4;19.7
64;2021-05-17;4190;2390;259644;136805;38.0;20.0
64;2021-05-18;5163;2304;264807;139109;38.8;20.4
64;2021-05-19;4980;2165;269787;141274;39.5;20.7
64;2021-05-20;5567;2158;275354;143432;40.3;21.0
64;2021-05-21;5268;2249;280622;145681;41.1;21.3
64;2021-05-22;3581;1508;284203;147189;41.6;21.5
64;2021-05-23;431;206;284634;147395;41.7;21.6
64;2021-05-24;2996;1232;287630;148627;42.1;21.8
64;2021-05-25;4332;2851;291962;151478;42.7;22.2
64;2021-05-26;4359;2716;296321;154194;43.4;22.6
64;2021-05-27;5283;3156;301604;157350;44.1;23.0
64;2021-05-28;4620;3440;306224;160790;44.8;23.5
64;2021-05-29;2810;2114;309034;162904;45.2;23.8
64;2021-05-30;439;203;309473;163107;45.3;23.9
64;2021-05-31;3889;3662;313362;166769;45.9;24.4
64;2021-06-01;5335;3571;318697;170340;46.6;24.9
64;2021-06-02;4931;3176;323628;173516;47.4;25.4
64;2021-06-03;6365;3263;329993;176779;48.3;25.9
64;2021-06-04;5150;4558;335143;181337;49.1;26.5
64;2021-06-05;3482;2524;338625;183861;49.6;26.9
64;2021-06-06;2014;330;340639;184191;49.9;27.0
64;2021-06-07;4128;4333;344767;188524;50.5;27.6
64;2021-06-08;5151;4126;349918;192650;51.2;28.2
64;2021-06-09;5151;3660;355069;196310;52.0;28.7
64;2021-06-10;6181;3145;361250;199455;52.9;29.2
64;2021-06-11;5586;4879;366836;204334;53.7;29.9
64;2021-06-12;3949;2336;370785;206670;54.3;30.3
64;2021-06-13;1555;393;372340;207063;54.5;30.3
64;2021-06-14;3669;4794;376009;211857;55.0;31.0
64;2021-06-15;4572;4708;380581;216565;55.7;31.7
64;2021-06-16;4470;4664;385051;221229;56.4;32.4
64;2021-06-17;3641;4306;388692;225535;56.9;33.0
64;2021-06-18;4421;5170;393113;230705;57.5;33.8
64;2021-06-19;2984;3282;396097;233987;58.0;34.3
64;2021-06-20;881;539;396978;234526;58.1;34.3
64;2021-06-21;2314;5125;399292;239651;58.4;35.1
64;2021-06-22;2555;5726;401847;245377;58.8;35.9
64;2021-06-23;3104;5481;404951;250858;59.3;36.7
64;2021-06-24;2719;3810;407670;254668;59.7;37.3
64;2021-06-25;2900;6436;410570;261104;60.1;38.2
64;2021-06-26;1798;3835;412368;264939;60.4;38.8
64;2021-06-27;493;713;412861;265652;60.4;38.9
64;2021-06-28;1935;6070;414796;271722;60.7;39.8
64;2021-06-29;1967;6265;416763;277987;61.0;40.7
64;2021-06-30;2255;6000;419018;283987;61.3;41.6
64;2021-07-01;2407;5341;421425;289328;61.7;42.4
64;2021-07-02;2307;6406;423732;295734;62.0;43.3
64;2021-07-03;1263;3783;424995;299517;62.2;43.8
64;2021-07-04;411;847;425406;300364;62.3;44.0
64;2021-07-05;1376;5405;426782;305769;62.5;44.8
64;2021-07-06;1994;6151;428776;311920;62.8;45.7
64;2021-07-07;2063;5751;430839;317671;63.1;46.5
64;2021-07-08;1804;4397;432643;322068;63.3;47.1
64;2021-07-09;1825;6536;434468;328604;63.6;48.1
64;2021-07-10;1171;3880;435639;332484;63.8;48.7
64;2021-07-11;253;860;435892;333344;63.8;48.8
64;2021-07-12;1500;6086;437392;339430;64.0;49.7
64;2021-07-13;2366;7248;439758;346678;64.4;50.7
64;2021-07-14;2368;3407;442126;350085;64.7;51.2
64;2021-07-15;2105;5480;444231;355565;65.0;52.0
64;2021-07-16;2848;6777;447079;362342;65.4;53.0
64;2021-07-17;2338;4586;449417;366928;65.8;53.7
64;2021-07-18;716;2051;450133;368979;65.9;54.0
64;2021-07-19;2348;6122;452481;375101;66.2;54.9
64;2021-07-20;3130;6560;455611;381661;66.7;55.9
64;2021-07-21;3345;6046;458956;387707;67.2;56.8
64;2021-07-22;3808;5718;462764;393425;67.7;57.6
64;2021-07-23;3724;5620;466488;399045;68.3;58.4
64;2021-07-24;2553;4431;469041;403476;68.7;59.1
64;2021-07-25;754;1062;469795;404538;68.8;59.2
64;2021-07-26;3085;5131;472880;409669;69.2;60.0
64;2021-07-27;4260;5146;477140;414815;69.8;60.7
64;2021-07-28;4315;4599;481455;419414;70.5;61.4
64;2021-07-29;5518;3904;486973;423318;71.3;62.0
64;2021-07-30;5146;4234;492119;427552;72.0;62.6
64;2021-07-31;3171;3346;495290;430898;72.5;63.1
64;2021-08-01;1145;589;496435;431487;72.7;63.2
64;2021-08-02;4369;2631;500804;434118;73.3;63.5
64;2021-08-03;4556;3176;505360;437294;74.0;64.0
64;2021-08-04;4132;3000;509492;440294;74.6;64.4
64;2021-08-05;4037;2614;513529;442908;75.2;64.8
64;2021-08-06;3844;3338;517373;446246;75.7;65.3
64;2021-08-07;2481;2701;519854;448947;76.1;65.7
64;2021-08-08;492;609;520346;449556;76.2;65.8
64;2021-08-09;2739;3201;523085;452757;76.6;66.3
64;2021-08-10;3352;3436;526437;456193;77.1;66.8
64;2021-08-11;3068;3264;529505;459457;77.5;67.3
64;2021-08-12;3190;3307;532695;462764;78.0;67.7
64;2021-08-13;2575;3660;535270;466424;78.4;68.3
64;2021-08-14;1632;2683;536902;469107;78.6;68.7
64;2021-08-15;208;691;537110;469798;78.6;68.8
64;2021-08-16;2102;3236;539212;473034;78.9;69.2
64;2021-08-17;2299;3709;541511;476743;79.3;69.8
64;2021-08-18;2044;3520;543555;480263;79.6;70.3
64;2021-08-19;1938;3525;545493;483788;79.8;70.8
64;2021-08-20;1578;3975;547071;487763;80.1;71.4
64;2021-08-21;975;2882;548046;490645;80.2;71.8
64;2021-08-22;160;895;548206;491540;80.2;71.9
64;2021-08-23;1269;3238;549475;494778;80.4;72.4
64;2021-08-24;1378;4596;550853;499374;80.6;73.1
64;2021-08-25;1260;3747;552113;503121;80.8;73.6
64;2021-08-26;1111;3532;553224;506653;81.0;74.2
64;2021-08-27;1189;4230;554413;510883;81.2;74.8
64;2021-08-28;735;2496;555148;513379;81.3;75.1
64;2021-08-29;90;533;555238;513912;81.3;75.2
64;2021-08-30;989;3518;556227;517430;81.4;75.7
64;2021-08-31;991;3761;557218;521191;81.6;76.3
64;2021-09-01;930;2912;558148;524103;81.7;76.7
64;2021-09-02;899;2814;559047;526917;81.8;77.1
64;2021-09-03;874;2746;559921;529663;82.0;77.5
64;2021-09-04;698;2055;560619;531718;82.1;77.8
64;2021-09-05;74;206;560693;531924;82.1;77.9
64;2021-09-06;532;2130;561225;534054;82.2;78.2
64;2021-09-07;717;1937;561942;535991;82.3;78.5
64;2021-09-08;736;2539;562678;538530;82.4;78.8
64;2021-09-09;477;1719;563155;540249;82.4;79.1
64;2021-09-10;744;2056;563899;542305;82.5;79.4
64;2021-09-11;592;1973;564491;544278;82.6;79.7
64;2021-09-12;60;167;564551;544445;82.6;79.7
64;2021-09-13;441;1404;564992;545849;82.7;79.9
64;2021-09-14;490;1088;565482;546937;82.8;80.1
64;2021-09-15;689;1747;566171;548684;82.9;80.3
64;2021-09-16;486;844;566657;549528;82.9;80.4
64;2021-09-17;564;1353;567221;550881;83.0;80.6
64;2021-09-18;332;1258;567553;552139;83.1;80.8
64;2021-09-19;18;42;567571;552181;83.1;80.8
64;2021-09-20;248;480;567819;552661;83.1;80.9
64;2021-09-21;430;952;568249;553613;83.2;81.0
64;2021-09-22;380;1426;568629;555039;83.2;81.2
64;2021-09-23;278;730;568907;555769;83.3;81.4
64;2021-09-24;398;986;569305;556755;83.3;81.5
64;2021-09-25;298;1033;569603;557788;83.4;81.6
64;2021-09-26;0;4;569603;557792;83.4;81.6
64;2021-09-27;234;567;569837;558359;83.4;81.7
64;2021-09-28;260;671;570097;559030;83.4;81.8
64;2021-09-29;341;984;570438;560014;83.5;82.0
64;2021-09-30;257;441;570695;560455;83.5;82.0
64;2021-10-01;308;726;571003;561181;83.6;82.1
64;2021-10-02;214;566;571217;561747;83.6;82.2
64;2021-10-03;0;2;571217;561749;83.6;82.2
64;2021-10-04;238;425;571455;562174;83.6;82.3
64;2021-10-05;313;634;571768;562808;83.7;82.4
64;2021-10-06;406;910;572174;563718;83.8;82.5
64;2021-10-07;202;501;572376;564219;83.8;82.6
64;2021-10-08;314;703;572690;564922;83.8;82.7
64;2021-10-09;246;402;572936;565324;83.9;82.8
64;2021-10-10;0;8;572936;565332;83.9;82.8
65;2020-12-27;0;0;0;0;0.0;0.0
65;2020-12-28;1;1;1;1;0.0;0.0
65;2020-12-29;0;0;1;1;0.0;0.0
65;2020-12-30;0;0;1;1;0.0;0.0
65;2020-12-31;0;0;1;1;0.0;0.0
65;2021-01-01;1;1;2;2;0.0;0.0
65;2021-01-02;0;0;2;2;0.0;0.0
65;2021-01-03;0;0;2;2;0.0;0.0
65;2021-01-04;0;0;2;2;0.0;0.0
65;2021-01-05;1;0;3;2;0.0;0.0
65;2021-01-06;3;0;6;2;0.0;0.0
65;2021-01-07;168;0;174;2;0.1;0.0
65;2021-01-08;253;1;427;3;0.2;0.0
65;2021-01-09;177;2;604;5;0.3;0.0
65;2021-01-10;1;0;605;5;0.3;0.0
65;2021-01-11;275;3;880;8;0.4;0.0
65;2021-01-12;271;1;1151;9;0.5;0.0
65;2021-01-13;587;1;1738;10;0.8;0.0
65;2021-01-14;581;9;2319;19;1.0;0.0
65;2021-01-15;527;2;2846;21;1.3;0.0
65;2021-01-16;221;2;3067;23;1.4;0.0
65;2021-01-17;0;0;3067;23;1.4;0.0
65;2021-01-18;554;5;3621;28;1.6;0.0
65;2021-01-19;571;2;4192;30;1.8;0.0
65;2021-01-20;585;6;4777;36;2.1;0.0
65;2021-01-21;585;0;5362;36;2.4;0.0
65;2021-01-22;598;2;5960;38;2.6;0.0
65;2021-01-23;174;1;6134;39;2.7;0.0
65;2021-01-24;3;1;6137;40;2.7;0.0
65;2021-01-25;551;4;6688;44;2.9;0.0
65;2021-01-26;883;2;7571;46;3.3;0.0
65;2021-01-27;592;14;8163;60;3.6;0.0
65;2021-01-28;509;71;8672;131;3.8;0.1
65;2021-01-29;426;138;9098;269;4.0;0.1
65;2021-01-30;182;74;9280;343;4.1;0.2
65;2021-01-31;15;0;9295;343;4.1;0.2
65;2021-02-01;351;120;9646;463;4.3;0.2
65;2021-02-02;432;200;10078;663;4.4;0.3
65;2021-02-03;463;245;10541;908;4.6;0.4
65;2021-02-04;310;332;10851;1240;4.8;0.5
65;2021-02-05;284;362;11135;1602;4.9;0.7
65;2021-02-06;99;99;11234;1701;5.0;0.7
65;2021-02-07;10;0;11244;1701;5.0;0.7
65;2021-02-08;425;221;11669;1922;5.1;0.8
65;2021-02-09;272;379;11941;2301;5.3;1.0
65;2021-02-10;298;269;12239;2570;5.4;1.1
65;2021-02-11;320;275;12559;2845;5.5;1.3
65;2021-02-12;277;229;12836;3074;5.7;1.4
65;2021-02-13;125;97;12961;3171;5.7;1.4
65;2021-02-14;3;16;12964;3187;5.7;1.4
65;2021-02-15;203;412;13167;3599;5.8;1.6
65;2021-02-16;489;578;13656;4177;6.0;1.8
65;2021-02-17;231;500;13887;4677;6.1;2.1
65;2021-02-18;284;581;14171;5258;6.2;2.3
65;2021-02-19;156;478;14327;5736;6.3;2.5
65;2021-02-20;53;158;14380;5894;6.3;2.6
65;2021-02-21;3;48;14383;5942;6.3;2.6
65;2021-02-22;167;539;14550;6481;6.4;2.9
65;2021-02-23;249;527;14799;7008;6.5;3.1
65;2021-02-24;231;639;15030;7647;6.6;3.4
65;2021-02-25;215;183;15245;7830;6.7;3.5
65;2021-02-26;349;772;15594;8602;6.9;3.8
65;2021-02-27;109;204;15703;8806;6.9;3.9
65;2021-02-28;1;0;15704;8806;6.9;3.9
65;2021-03-01;379;373;16083;9179;7.1;4.0
65;2021-03-02;455;364;16538;9543;7.3;4.2
65;2021-03-03;381;390;16919;9933;7.5;4.4
65;2021-03-04;696;332;17615;10265;7.8;4.5
65;2021-03-05;679;286;18294;10551;8.1;4.7
65;2021-03-06;1187;89;19481;10640;8.6;4.7
65;2021-03-07;257;12;19738;10652;8.7;4.7
65;2021-03-08;412;344;20150;10996;8.9;4.8
65;2021-03-09;670;339;20820;11335;9.2;5.0
65;2021-03-10;624;371;21444;11706;9.5;5.2
65;2021-03-11;778;362;22222;12068;9.8;5.3
65;2021-03-12;1060;192;23282;12260;10.3;5.4
65;2021-03-13;356;93;23638;12353;10.4;5.4
65;2021-03-14;3;30;23641;12383;10.4;5.5
65;2021-03-15;816;188;24457;12571;10.8;5.5
65;2021-03-16;694;221;25151;12792;11.1;5.6
65;2021-03-17;712;209;25863;13001;11.4;5.7
65;2021-03-18;537;236;26400;13237;11.6;5.8
65;2021-03-19;878;164;27278;13401;12.0;5.9
65;2021-03-20;245;46;27523;13447;12.1;5.9
65;2021-03-21;12;2;27535;13449;12.1;5.9
65;2021-03-22;734;154;28269;13603;12.5;6.0
65;2021-03-23;838;369;29107;13972;12.8;6.2
65;2021-03-24;868;254;29975;14226;13.2;6.3
65;2021-03-25;1253;191;31228;14417;13.8;6.4
65;2021-03-26;1225;148;32453;14565;14.3;6.4
65;2021-03-27;1357;95;33810;14660;14.9;6.5
65;2021-03-28;1;2;33811;14662;14.9;6.5
65;2021-03-29;1490;362;35301;15024;15.6;6.6
65;2021-03-30;1357;407;36658;15431;16.2;6.8
65;2021-03-31;1208;372;37866;15803;16.7;7.0
65;2021-04-01;1509;399;39375;16202;17.4;7.1
65;2021-04-02;1685;289;41060;16491;18.1;7.3
65;2021-04-03;247;45;41307;16536;18.2;7.3
65;2021-04-04;4;2;41311;16538;18.2;7.3
65;2021-04-05;158;44;41469;16582;18.3;7.3
65;2021-04-06;1294;494;42763;17076;18.9;7.5
65;2021-04-07;1958;461;44721;17537;19.7;7.7
65;2021-04-08;1644;421;46365;17958;20.4;7.9
65;2021-04-09;1643;472;48008;18430;21.2;8.1
65;2021-04-10;1591;153;49599;18583;21.9;8.2
65;2021-04-11;3;0;49602;18583;21.9;8.2
65;2021-04-12;1352;737;50954;19320;22.5;8.5
65;2021-04-13;1584;604;52538;19924;23.2;8.8
65;2021-04-14;1905;745;54443;20669;24.0;9.1
65;2021-04-15;1701;677;56144;21346;24.8;9.4
65;2021-04-16;1824;530;57968;21876;25.6;9.6
65;2021-04-17;2156;133;60124;22009;26.5;9.7
65;2021-04-18;7;27;60131;22036;26.5;9.7
65;2021-04-19;1337;776;61468;22812;27.1;10.1
65;2021-04-20;1530;711;62998;23523;27.8;10.4
65;2021-04-21;1052;1049;64050;24572;28.2;10.8
65;2021-04-22;1647;729;65697;25301;29.0;11.2
65;2021-04-23;1160;1149;66857;26450;29.5;11.7
65;2021-04-24;1265;612;68122;27062;30.0;11.9
65;2021-04-25;31;15;68153;27077;30.0;11.9
65;2021-04-26;1610;1299;69763;28376;30.8;12.5
65;2021-04-27;1423;1342;71186;29718;31.4;13.1
65;2021-04-28;1731;1026;72917;30744;32.1;13.6
65;2021-04-29;1959;1038;74876;31782;33.0;14.0
65;2021-04-30;1782;926;76658;32708;33.8;14.4
65;2021-05-01;1574;232;78232;32940;34.5;14.5
65;2021-05-02;671;25;78903;32965;34.8;14.5
65;2021-05-03;1280;1620;80183;34585;35.3;15.2
65;2021-05-04;1536;1245;81719;35830;36.0;15.8
65;2021-05-05;1374;1649;83093;37479;36.6;16.5
65;2021-05-06;1558;1177;84651;38656;37.3;17.0
65;2021-05-07;1275;1571;85926;40227;37.9;17.7
65;2021-05-08;1647;443;87573;40670;38.6;17.9
65;2021-05-09;0;88;87573;40758;38.6;18.0
65;2021-05-10;953;1883;88526;42641;39.0;18.8
65;2021-05-11;1061;1808;89587;44449;39.5;19.6
65;2021-05-12;1236;1637;90823;46086;40.0;20.3
65;2021-05-13;1345;171;92168;46257;40.6;20.4
65;2021-05-14;1575;1094;93743;47351;41.3;20.9
65;2021-05-15;1402;509;95145;47860;41.9;21.1
65;2021-05-16;1444;70;96589;47930;42.6;21.1
65;2021-05-17;1036;1614;97625;49544;43.0;21.8
65;2021-05-18;1612;1207;99237;50751;43.7;22.4
65;2021-05-19;1684;1010;100921;51761;44.5;22.8
65;2021-05-20;1845;1054;102766;52815;45.3;23.3
65;2021-05-21;1790;1230;104556;54045;46.1;23.8
65;2021-05-22;1287;638;105843;54683;46.7;24.1
65;2021-05-23;689;32;106532;54715;47.0;24.1
65;2021-05-24;703;77;107235;54792;47.3;24.2
65;2021-05-25;1359;1547;108594;56339;47.9;24.8
65;2021-05-26;1471;1354;110065;57693;48.5;25.4
65;2021-05-27;1622;1464;111687;59157;49.2;26.1
65;2021-05-28;1598;1673;113285;60830;49.9;26.8
65;2021-05-29;1188;1515;114473;62345;50.5;27.5
65;2021-05-30;7;10;114480;62355;50.5;27.5
65;2021-05-31;1323;1298;115803;63653;51.1;28.1
65;2021-06-01;1832;937;117635;64590;51.9;28.5
65;2021-06-02;1574;950;119209;65540;52.6;28.9
65;2021-06-03;1343;1105;120552;66645;53.1;29.4
65;2021-06-04;1790;1560;122342;68205;53.9;30.1
65;2021-06-05;432;1240;122774;69445;54.1;30.6
65;2021-06-06;3;13;122777;69458;54.1;30.6
65;2021-06-07;675;1984;123452;71442;54.4;31.5
65;2021-06-08;956;1534;124408;72976;54.8;32.2
65;2021-06-09;828;1548;125236;74524;55.2;32.9
65;2021-06-10;739;1155;125975;75679;55.5;33.4
65;2021-06-11;909;1802;126884;77481;55.9;34.2
65;2021-06-12;150;640;127034;78121;56.0;34.4
65;2021-06-13;5;7;127039;78128;56.0;34.4
65;2021-06-14;501;2421;127540;80549;56.2;35.5
65;2021-06-15;942;1802;128482;82351;56.6;36.3
65;2021-06-16;1063;1365;129545;83716;57.1;36.9
65;2021-06-17;814;1046;130359;84762;57.5;37.4
65;2021-06-18;1019;1633;131378;86395;57.9;38.1
65;2021-06-19;690;1689;132068;88084;58.2;38.8
65;2021-06-20;2;2;132070;88086;58.2;38.8
65;2021-06-21;735;1941;132805;90027;58.5;39.7
65;2021-06-22;1045;1479;133850;91506;59.0;40.3
65;2021-06-23;1063;1234;134913;92740;59.5;40.9
65;2021-06-24;975;1143;135888;93883;59.9;41.4
65;2021-06-25;831;1968;136719;95851;60.3;42.3
65;2021-06-26;168;1658;136887;97509;60.3;43.0
65;2021-06-27;15;1100;136902;98609;60.4;43.5
65;2021-06-28;444;2301;137346;100910;60.5;44.5
65;2021-06-29;683;1921;138029;102831;60.8;45.3
65;2021-06-30;934;1678;138963;104509;61.3;46.1
65;2021-07-01;605;750;139568;105259;61.5;46.4
65;2021-07-02;1166;1732;140734;106991;62.0;47.2
65;2021-07-03;197;1915;140931;108906;62.1;48.0
65;2021-07-04;416;186;141347;109092;62.3;48.1
65;2021-07-05;641;1992;141988;111084;62.6;49.0
65;2021-07-06;897;2127;142885;113211;63.0;49.9
65;2021-07-07;978;1516;143863;114727;63.4;50.6
65;2021-07-08;328;664;144191;115391;63.6;50.9
65;2021-07-09;550;1594;144741;116985;63.8;51.6
65;2021-07-10;304;956;145045;117941;63.9;52.0
65;2021-07-11;0;0;145045;117941;63.9;52.0
65;2021-07-12;480;2220;145525;120161;64.2;53.0
65;2021-07-13;700;2148;146225;122309;64.5;53.9
65;2021-07-14;214;52;146439;122361;64.6;53.9
65;2021-07-15;1097;1663;147536;124024;65.0;54.7
65;2021-07-16;1186;1884;148722;125908;65.6;55.5
65;2021-07-17;431;541;149153;126449;65.8;55.7
65;2021-07-18;22;11;149175;126460;65.8;55.7
65;2021-07-19;635;1494;149810;127954;66.0;56.4
65;2021-07-20;1447;1704;151257;129658;66.7;57.2
65;2021-07-21;1420;1663;152677;131321;67.3;57.9
65;2021-07-22;2198;1291;154875;132612;68.3;58.5
65;2021-07-23;1623;1791;156498;134403;69.0;59.3
65;2021-07-24;1041;649;157539;135052;69.4;59.5
65;2021-07-25;24;21;157563;135073;69.5;59.5
65;2021-07-26;1142;1246;158705;136319;70.0;60.1
65;2021-07-27;1793;1954;160498;138273;70.8;61.0
65;2021-07-28;1603;1323;162101;139596;71.5;61.5
65;2021-07-29;2899;1139;165000;140735;72.7;62.0
65;2021-07-30;2449;1399;167449;142134;73.8;62.7
65;2021-07-31;2305;356;169754;142490;74.8;62.8
65;2021-08-01;14;16;169768;142506;74.8;62.8
65;2021-08-02;994;835;170762;143341;75.3;63.2
65;2021-08-03;2103;1071;172865;144412;76.2;63.7
65;2021-08-04;1803;642;174668;145054;77.0;63.9
65;2021-08-05;1821;833;176489;145887;77.8;64.3
65;2021-08-06;1666;975;178155;146862;78.5;64.7
65;2021-08-07;730;487;178885;147349;78.9;65.0
65;2021-08-08;2;9;178887;147358;78.9;65.0
65;2021-08-09;705;944;179592;148302;79.2;65.4
65;2021-08-10;1194;1545;180786;149847;79.7;66.1
65;2021-08-11;731;1265;181517;151112;80.0;66.6
65;2021-08-12;777;1085;182294;152197;80.4;67.1
65;2021-08-13;428;1010;182722;153207;80.6;67.5
65;2021-08-14;602;567;183324;153774;80.8;67.8
65;2021-08-15;8;19;183332;153793;80.8;67.8
65;2021-08-16;404;1537;183736;155330;81.0;68.5
65;2021-08-17;738;2178;184474;157508;81.3;69.4
65;2021-08-18;605;1545;185079;159053;81.6;70.1
65;2021-08-19;731;1319;185810;160372;81.9;70.7
65;2021-08-20;459;1336;186269;161708;82.1;71.3
65;2021-08-21;44;105;186313;161813;82.1;71.3
65;2021-08-22;11;13;186324;161826;82.1;71.3
65;2021-08-23;273;1681;186597;163507;82.3;72.1
65;2021-08-24;550;2445;187147;165952;82.5;73.2
65;2021-08-25;418;1959;187565;167911;82.7;74.0
65;2021-08-26;468;2308;188033;170219;82.9;75.0
65;2021-08-27;447;1949;188480;172168;83.1;75.9
65;2021-08-28;163;195;188643;172363;83.2;76.0
65;2021-08-29;9;18;188652;172381;83.2;76.0
65;2021-08-30;260;1029;188912;173410;83.3;76.4
65;2021-08-31;468;1506;189380;174916;83.5;77.1
65;2021-09-01;459;1077;189839;175993;83.7;77.6
65;2021-09-02;374;882;190213;176875;83.9;78.0
65;2021-09-03;453;1107;190666;177982;84.1;78.5
65;2021-09-04;166;847;190832;178829;84.1;78.8
65;2021-09-05;19;15;190851;178844;84.1;78.8
65;2021-09-06;278;496;191129;179340;84.3;79.1
65;2021-09-07;325;809;191454;180149;84.4;79.4
65;2021-09-08;355;762;191809;180911;84.6;79.8
65;2021-09-09;279;564;192088;181475;84.7;80.0
65;2021-09-10;384;709;192472;182184;84.8;80.3
65;2021-09-11;54;129;192526;182313;84.9;80.4
65;2021-09-12;1;2;192527;182315;84.9;80.4
65;2021-09-13;210;301;192737;182616;85.0;80.5
65;2021-09-14;191;357;192928;182973;85.1;80.7
65;2021-09-15;250;639;193178;183612;85.2;80.9
65;2021-09-16;140;213;193318;183825;85.2;81.0
65;2021-09-17;280;525;193598;184350;85.3;81.3
65;2021-09-18;98;269;193696;184619;85.4;81.4
65;2021-09-19;2;13;193698;184632;85.4;81.4
65;2021-09-20;109;234;193807;184866;85.4;81.5
65;2021-09-21;110;258;193917;185124;85.5;81.6
65;2021-09-22;153;680;194070;185804;85.6;81.9
65;2021-09-23;65;158;194135;185962;85.6;82.0
65;2021-09-24;170;556;194305;186518;85.7;82.2
65;2021-09-25;73;218;194378;186736;85.7;82.3
65;2021-09-26;3;0;194381;186736;85.7;82.3
65;2021-09-27;62;263;194443;186999;85.7;82.4
65;2021-09-28;84;279;194527;187278;85.8;82.6
65;2021-09-29;131;419;194658;187697;85.8;82.7
65;2021-09-30;44;123;194702;187820;85.8;82.8
65;2021-10-01;166;399;194868;188219;85.9;83.0
65;2021-10-02;19;66;194887;188285;85.9;83.0
65;2021-10-03;0;7;194887;188292;85.9;83.0
65;2021-10-04;121;269;195008;188561;86.0;83.1
65;2021-10-05;63;179;195071;188740;86.0;83.2
65;2021-10-06;170;343;195241;189083;86.1;83.4
65;2021-10-07;73;177;195314;189260;86.1;83.4
65;2021-10-08;177;406;195491;189666;86.2;83.6
65;2021-10-09;17;23;195508;189689;86.2;83.6
65;2021-10-10;0;6;195508;189695;86.2;83.6
66;2020-12-27;0;0;0;0;0.0;0.0
66;2020-12-28;2;0;2;0;0.0;0.0
66;2020-12-29;0;0;2;0;0.0;0.0
66;2020-12-30;0;0;2;0;0.0;0.0
66;2020-12-31;1;0;3;0;0.0;0.0
66;2021-01-01;3;0;6;0;0.0;0.0
66;2021-01-02;0;0;6;0;0.0;0.0
66;2021-01-03;0;0;6;0;0.0;0.0
66;2021-01-04;30;0;36;0;0.0;0.0
66;2021-01-05;135;0;171;0;0.0;0.0
66;2021-01-06;194;0;365;0;0.1;0.0
66;2021-01-07;182;0;547;0;0.1;0.0
66;2021-01-08;212;0;759;0;0.2;0.0
66;2021-01-09;233;0;992;0;0.2;0.0
66;2021-01-10;11;0;1003;0;0.2;0.0
66;2021-01-11;404;2;1407;2;0.3;0.0
66;2021-01-12;588;2;1995;4;0.4;0.0
66;2021-01-13;877;9;2872;13;0.6;0.0
66;2021-01-14;892;12;3764;25;0.8;0.0
66;2021-01-15;588;2;4352;27;0.9;0.0
66;2021-01-16;106;3;4458;30;0.9;0.0
66;2021-01-17;46;1;4504;31;0.9;0.0
66;2021-01-18;654;3;5158;34;1.1;0.0
66;2021-01-19;720;3;5878;37;1.2;0.0
66;2021-01-20;1169;4;7047;41;1.5;0.0
66;2021-01-21;2399;7;9446;48;2.0;0.0
66;2021-01-22;1438;10;10884;58;2.3;0.0
66;2021-01-23;399;4;11283;62;2.4;0.0
66;2021-01-24;225;9;11508;71;2.4;0.0
66;2021-01-25;739;40;12247;111;2.6;0.0
66;2021-01-26;787;66;13034;177;2.7;0.0
66;2021-01-27;867;104;13901;281;2.9;0.1
66;2021-01-28;878;130;14779;411;3.1;0.1
66;2021-01-29;820;129;15599;540;3.3;0.1
66;2021-01-30;481;68;16080;608;3.4;0.1
66;2021-01-31;202;27;16282;635;3.4;0.1
66;2021-02-01;562;188;16844;823;3.5;0.2
66;2021-02-02;622;289;17466;1112;3.6;0.2
66;2021-02-03;734;628;18200;1740;3.8;0.4
66;2021-02-04;688;620;18888;2360;3.9;0.5
66;2021-02-05;778;414;19666;2774;4.1;0.6
66;2021-02-06;420;147;20086;2921;4.2;0.6
66;2021-02-07;170;140;20256;3061;4.2;0.6
66;2021-02-08;502;391;20758;3452;4.3;0.7
66;2021-02-09;533;400;21291;3852;4.4;0.8
66;2021-02-10;620;769;21911;4621;4.6;1.0
66;2021-02-11;1104;1570;23015;6191;4.8;1.3
66;2021-02-12;1122;1202;24137;7393;5.0;1.5
66;2021-02-13;367;302;24504;7695;5.1;1.6
66;2021-02-14;111;196;24615;7891;5.1;1.6
66;2021-02-15;425;694;25040;8585;5.2;1.8
66;2021-02-16;304;785;25344;9370;5.3;2.0
66;2021-02-17;377;697;25721;10067;5.4;2.1
66;2021-02-18;366;769;26087;10836;5.4;2.3
66;2021-02-19;400;703;26487;11539;5.5;2.4
66;2021-02-20;184;408;26671;11947;5.6;2.5
66;2021-02-21;41;169;26712;12116;5.6;2.5
66;2021-02-22;415;638;27127;12754;5.7;2.7
66;2021-02-23;509;664;27636;13418;5.8;2.8
66;2021-02-24;347;754;27983;14172;5.8;3.0
66;2021-02-25;717;712;28700;14884;6.0;3.1
66;2021-02-26;954;746;29654;15630;6.2;3.3
66;2021-02-27;363;428;30017;16058;6.3;3.4
66;2021-02-28;59;172;30076;16230;6.3;3.4
66;2021-03-01;378;650;30454;16880;6.4;3.5
66;2021-03-02;336;658;30790;17538;6.4;3.7
66;2021-03-03;531;645;31321;18183;6.5;3.8
66;2021-03-04;991;1060;32312;19243;6.7;4.0
66;2021-03-05;1528;799;33840;20042;7.1;4.2
66;2021-03-06;1147;347;34987;20389;7.3;4.3
66;2021-03-07;1098;100;36085;20489;7.5;4.3
66;2021-03-08;696;545;36781;21034;7.7;4.4
66;2021-03-09;1228;597;38009;21631;7.9;4.5
66;2021-03-10;1303;505;39312;22136;8.2;4.6
66;2021-03-11;1474;592;40786;22728;8.5;4.7
66;2021-03-12;2396;580;43182;23308;9.0;4.9
66;2021-03-13;1081;308;44263;23616;9.2;4.9
66;2021-03-14;192;84;44455;23700;9.3;4.9
66;2021-03-15;1109;395;45564;24095;9.5;5.0
66;2021-03-16;953;259;46517;24354;9.7;5.1
66;2021-03-17;866;398;47383;24752;9.9;5.2
66;2021-03-18;970;346;48353;25098;10.1;5.2
66;2021-03-19;1293;322;49646;25420;10.4;5.3
66;2021-03-20;837;124;50483;25544;10.5;5.3
66;2021-03-21;186;45;50669;25589;10.6;5.3
66;2021-03-22;1115;396;51784;25985;10.8;5.4
66;2021-03-23;1756;389;53540;26374;11.2;5.5
66;2021-03-24;1797;521;55337;26895;11.6;5.6
66;2021-03-25;2537;474;57874;27369;12.1;5.7
66;2021-03-26;2577;370;60451;27739;12.6;5.8
66;2021-03-27;1211;303;61662;28042;12.9;5.9
66;2021-03-28;321;3;61983;28045;12.9;5.9
66;2021-03-29;1831;262;63814;28307;13.3;5.9
66;2021-03-30;2241;176;66055;28483;13.8;5.9
66;2021-03-31;1987;252;68042;28735;14.2;6.0
66;2021-04-01;2674;305;70716;29040;14.8;6.1
66;2021-04-02;2421;261;73137;29301;15.3;6.1
66;2021-04-03;1148;335;74285;29636;15.5;6.2
66;2021-04-04;107;125;74392;29761;15.5;6.2
66;2021-04-05;197;144;74589;29905;15.6;6.2
66;2021-04-06;1334;650;75923;30555;15.9;6.4
66;2021-04-07;1399;598;77322;31153;16.1;6.5
66;2021-04-08;2070;550;79392;31703;16.6;6.6
66;2021-04-09;3507;691;82899;32394;17.3;6.8
66;2021-04-10;2308;527;85207;32921;17.8;6.9
66;2021-04-11;1202;171;86409;33092;18.0;6.9
66;2021-04-12;2703;1026;89112;34118;18.6;7.1
66;2021-04-13;3609;1064;92721;35182;19.4;7.3
66;2021-04-14;3292;926;96013;36108;20.0;7.5
66;2021-04-15;3557;1054;99570;37162;20.8;7.8
66;2021-04-16;3592;1039;103162;38201;21.5;8.0
66;2021-04-17;2263;593;105425;38794;22.0;8.1
66;2021-04-18;1445;132;106870;38926;22.3;8.1
66;2021-04-19;2256;1125;109126;40051;22.8;8.4
66;2021-04-20;2373;1079;111499;41130;23.3;8.6
66;2021-04-21;2871;1181;114370;42311;23.9;8.8
66;2021-04-22;2662;1236;117032;43547;24.4;9.1
66;2021-04-23;2379;1236;119411;44783;24.9;9.3
66;2021-04-24;2743;882;122154;45665;25.5;9.5
66;2021-04-25;1206;267;123360;45932;25.8;9.6
66;2021-04-26;1998;1254;125358;47186;26.2;9.9
66;2021-04-27;2748;1311;128106;48497;26.7;10.1
66;2021-04-28;2420;1658;130526;50155;27.2;10.5
66;2021-04-29;2704;2133;133230;52288;27.8;10.9
66;2021-04-30;3053;1559;136283;53847;28.5;11.2
66;2021-05-01;2000;470;138283;54317;28.9;11.3
66;2021-05-02;1529;264;139812;54581;29.2;11.4
66;2021-05-03;2940;1112;142752;55693;29.8;11.6
66;2021-05-04;3169;1343;145921;57036;30.5;11.9
66;2021-05-05;3055;1549;148976;58585;31.1;12.2
66;2021-05-06;3755;2092;152731;60677;31.9;12.7
66;2021-05-07;2967;3080;155698;63757;32.5;13.3
66;2021-05-08;1730;1170;157428;64927;32.9;13.6
66;2021-05-09;886;1369;158314;66296;33.1;13.8
66;2021-05-10;1802;2970;160116;69266;33.4;14.5
66;2021-05-11;2741;3129;162857;72395;34.0;15.1
66;2021-05-12;2432;2569;165289;74964;34.5;15.7
66;2021-05-13;2259;1386;167548;76350;35.0;15.9
66;2021-05-14;2770;2119;170318;78469;35.6;16.4
66;2021-05-15;2326;1576;172644;80045;36.0;16.7
66;2021-05-16;2286;1246;174930;81291;36.5;17.0
66;2021-05-17;2051;1826;176981;83117;36.9;17.4
66;2021-05-18;3237;1808;180218;84925;37.6;17.7
66;2021-05-19;2876;1340;183094;86265;38.2;18.0
66;2021-05-20;4372;1445;187466;87710;39.1;18.3
66;2021-05-21;3268;1463;190734;89173;39.8;18.6
66;2021-05-22;3066;779;193800;89952;40.5;18.8
66;2021-05-23;1509;236;195309;90188;40.8;18.8
66;2021-05-24;1953;427;197262;90615;41.2;18.9
66;2021-05-25;2796;1689;200058;92304;41.8;19.3
66;2021-05-26;2778;1492;202836;93796;42.3;19.6
66;2021-05-27;3384;2248;206220;96044;43.1;20.1
66;2021-05-28;2683;3049;208903;99093;43.6;20.7
66;2021-05-29;2145;1520;211048;100613;44.1;21.0
66;2021-05-30;786;988;211834;101601;44.2;21.2
66;2021-05-31;2124;1774;213958;103375;44.7;21.6
66;2021-06-01;2636;2005;216594;105380;45.2;22.0
66;2021-06-02;2806;2338;219400;107718;45.8;22.5
66;2021-06-03;2488;2967;221888;110685;46.3;23.1
66;2021-06-04;1958;3355;223846;114040;46.7;23.8
66;2021-06-05;1409;2601;225255;116641;47.0;24.4
66;2021-06-06;294;1228;225549;117869;47.1;24.6
66;2021-06-07;1335;2956;226884;120825;47.4;25.2
66;2021-06-08;1736;3020;228620;123845;47.7;25.9
66;2021-06-09;2066;2787;230686;126632;48.2;26.4
66;2021-06-10;2085;2964;232771;129596;48.6;27.1
66;2021-06-11;2098;3859;234869;133455;49.0;27.9
66;2021-06-12;871;2411;235740;135866;49.2;28.4
66;2021-06-13;516;1333;236256;137199;49.3;28.6
66;2021-06-14;1360;3497;237616;140696;49.6;29.4
66;2021-06-15;2131;3573;239747;144269;50.1;30.1
66;2021-06-16;1792;3569;241539;147838;50.4;30.9
66;2021-06-17;2441;3608;243980;151446;50.9;31.6
66;2021-06-18;2225;3824;246205;155270;51.4;32.4
66;2021-06-19;1542;2320;247747;157590;51.7;32.9
66;2021-06-20;998;1267;248745;158857;51.9;33.2
66;2021-06-21;1163;2879;249908;161736;52.2;33.8
66;2021-06-22;1510;3762;251418;165498;52.5;34.6
66;2021-06-23;1325;3027;252743;168525;52.8;35.2
66;2021-06-24;1527;3227;254270;171752;53.1;35.9
66;2021-06-25;1404;3536;255674;175288;53.4;36.6
66;2021-06-26;962;2680;256636;177968;53.6;37.2
66;2021-06-27;677;1557;257313;179525;53.7;37.5
66;2021-06-28;980;2975;258293;182500;53.9;38.1
66;2021-06-29;1148;3797;259441;186297;54.2;38.9
66;2021-06-30;1278;3306;260719;189603;54.4;39.6
66;2021-07-01;1453;4047;262172;193650;54.7;40.4
66;2021-07-02;1349;3603;263521;197253;55.0;41.2
66;2021-07-03;1152;3899;264673;201152;55.3;42.0
66;2021-07-04;715;1790;265388;202942;55.4;42.4
66;2021-07-05;1293;3005;266681;205947;55.7;43.0
66;2021-07-06;1458;3785;268139;209732;56.0;43.8
66;2021-07-07;1430;3249;269569;212981;56.3;44.5
66;2021-07-08;1386;3384;270955;216365;56.6;45.2
66;2021-07-09;1450;3465;272405;219830;56.9;45.9
66;2021-07-10;1005;2403;273410;222233;57.1;46.4
66;2021-07-11;540;1540;273950;223773;57.2;46.7
66;2021-07-12;1021;3645;274971;227418;57.4;47.5
66;2021-07-13;2223;4263;277194;231681;57.9;48.4
66;2021-07-14;1953;1243;279147;232924;58.3;48.6
66;2021-07-15;2801;3111;281948;236035;58.9;49.3
66;2021-07-16;3410;3214;285358;239249;59.6;49.9
66;2021-07-17;2123;2033;287481;241282;60.0;50.4
66;2021-07-18;1197;1063;288678;242345;60.3;50.6
66;2021-07-19;2793;3083;291471;245428;60.8;51.2
66;2021-07-20;3654;2887;295125;248315;61.6;51.8
66;2021-07-21;3962;2955;299087;251270;62.4;52.5
66;2021-07-22;3917;2821;303004;254091;63.3;53.0
66;2021-07-23;3914;3033;306918;257124;64.1;53.7
66;2021-07-24;2584;1923;309502;259047;64.6;54.1
66;2021-07-25;2020;1241;311522;260288;65.0;54.3
66;2021-07-26;2865;2629;314387;262917;65.6;54.9
66;2021-07-27;3230;2889;317617;265806;66.3;55.5
66;2021-07-28;3355;2583;320972;268389;67.0;56.0
66;2021-07-29;3864;2536;324836;270925;67.8;56.6
66;2021-07-30;4233;2476;329069;273401;68.7;57.1
66;2021-07-31;2231;1716;331300;275117;69.2;57.4
66;2021-08-01;1820;900;333120;276017;69.5;57.6
66;2021-08-02;2390;1919;335510;277936;70.0;58.0
66;2021-08-03;2624;2075;338134;280011;70.6;58.5
66;2021-08-04;2646;1995;340780;282006;71.1;58.9
66;2021-08-05;2444;2439;343224;284445;71.7;59.4
66;2021-08-06;2339;2648;345563;287093;72.1;59.9
66;2021-08-07;1506;2099;347069;289192;72.5;60.4
66;2021-08-08;613;1458;347682;290650;72.6;60.7
66;2021-08-09;1356;2800;349038;293450;72.9;61.3
66;2021-08-10;1648;3075;350686;296525;73.2;61.9
66;2021-08-11;1628;3021;352314;299546;73.6;62.5
66;2021-08-12;1678;2991;353992;302537;73.9;63.2
66;2021-08-13;1473;2984;355465;305521;74.2;63.8
66;2021-08-14;658;2508;356123;308029;74.3;64.3
66;2021-08-15;136;1629;356259;309658;74.4;64.6
66;2021-08-16;1281;2594;357540;312252;74.6;65.2
66;2021-08-17;1496;2980;359036;315232;75.0;65.8
66;2021-08-18;1348;3073;360384;318305;75.2;66.5
66;2021-08-19;1113;2925;361497;321230;75.5;67.1
66;2021-08-20;1018;3324;362515;324554;75.7;67.8
66;2021-08-21;594;2014;363109;326568;75.8;68.2
66;2021-08-22;233;1352;363342;327920;75.9;68.5
66;2021-08-23;1158;2764;364500;330684;76.1;69.0
66;2021-08-24;1064;2952;365564;333636;76.3;69.7
66;2021-08-25;914;2302;366478;335938;76.5;70.1
66;2021-08-26;960;2186;367438;338124;76.7;70.6
66;2021-08-27;917;2366;368355;340490;76.9;71.1
66;2021-08-28;514;1137;368869;341627;77.0;71.3
66;2021-08-29;245;333;369114;341960;77.1;71.4
66;2021-08-30;838;2542;369952;344502;77.2;71.9
66;2021-08-31;835;2656;370787;347158;77.4;72.5
66;2021-09-01;729;1925;371516;349083;77.6;72.9
66;2021-09-02;669;1518;372185;350601;77.7;73.2
66;2021-09-03;717;1747;372902;352348;77.9;73.6
66;2021-09-04;722;1602;373624;353950;78.0;73.9
66;2021-09-05;205;261;373829;354211;78.0;73.9
66;2021-09-06;429;1338;374258;355549;78.1;74.2
66;2021-09-07;378;1177;374636;356726;78.2;74.5
66;2021-09-08;557;1309;375193;358035;78.3;74.7
66;2021-09-09;467;1107;375660;359142;78.4;75.0
66;2021-09-10;495;1159;376155;360301;78.5;75.2
66;2021-09-11;516;1172;376671;361473;78.6;75.5
66;2021-09-12;94;135;376765;361608;78.7;75.5
66;2021-09-13;339;1029;377104;362637;78.7;75.7
66;2021-09-14;385;904;377489;363541;78.8;75.9
66;2021-09-15;477;959;377966;364500;78.9;76.1
66;2021-09-16;389;795;378355;365295;79.0;76.3
66;2021-09-17;339;770;378694;366065;79.1;76.4
66;2021-09-18;357;1099;379051;367164;79.1;76.7
66;2021-09-19;77;241;379128;367405;79.1;76.7
66;2021-09-20;290;672;379418;368077;79.2;76.8
66;2021-09-21;306;585;379724;368662;79.3;77.0
66;2021-09-22;316;792;380040;369454;79.3;77.1
66;2021-09-23;236;509;380276;369963;79.4;77.2
66;2021-09-24;360;772;380636;370735;79.5;77.4
66;2021-09-25;217;941;380853;371676;79.5;77.6
66;2021-09-26;63;213;380916;371889;79.5;77.6
66;2021-09-27;186;498;381102;372387;79.6;77.7
66;2021-09-28;246;545;381348;372932;79.6;77.9
66;2021-09-29;232;576;381580;373508;79.7;78.0
66;2021-09-30;335;454;381915;373962;79.7;78.1
66;2021-10-01;293;519;382208;374481;79.8;78.2
66;2021-10-02;277;619;382485;375100;79.9;78.3
66;2021-10-03;81;125;382566;375225;79.9;78.3
66;2021-10-04;223;373;382789;375598;79.9;78.4
66;2021-10-05;241;443;383030;376041;80.0;78.5
66;2021-10-06;191;377;383221;376418;80.0;78.6
66;2021-10-07;233;456;383454;376874;80.1;78.7
66;2021-10-08;277;551;383731;377425;80.1;78.8
66;2021-10-09;313;537;384044;377962;80.2;78.9
66;2021-10-10;4;12;384048;377974;80.2;78.9
67;2020-12-27;16;1;16;1;0.0;0.0
67;2020-12-28;4;0;20;1;0.0;0.0
67;2020-12-29;2;0;22;1;0.0;0.0
67;2020-12-30;0;0;22;1;0.0;0.0
67;2020-12-31;1;0;23;1;0.0;0.0
67;2021-01-01;6;1;29;2;0.0;0.0
67;2021-01-02;1;0;30;2;0.0;0.0
67;2021-01-03;1;0;31;2;0.0;0.0
67;2021-01-04;43;0;74;2;0.0;0.0
67;2021-01-05;167;7;241;9;0.0;0.0
67;2021-01-06;121;0;362;9;0.0;0.0
67;2021-01-07;235;1;597;10;0.1;0.0
67;2021-01-08;235;1;832;11;0.1;0.0
67;2021-01-09;113;1;945;12;0.1;0.0
67;2021-01-10;67;0;1012;12;0.1;0.0
67;2021-01-11;184;1;1196;13;0.1;0.0
67;2021-01-12;511;2;1707;15;0.2;0.0
67;2021-01-13;660;4;2367;19;0.2;0.0
67;2021-01-14;1096;14;3463;33;0.3;0.0
67;2021-01-15;942;8;4405;41;0.4;0.0
67;2021-01-16;199;4;4604;45;0.4;0.0
67;2021-01-17;101;2;4705;47;0.4;0.0
67;2021-01-18;903;4;5608;51;0.5;0.0
67;2021-01-19;1423;5;7031;56;0.6;0.0
67;2021-01-20;1855;14;8886;70;0.8;0.0
67;2021-01-21;2217;12;11103;82;1.0;0.0
67;2021-01-22;1994;11;13097;93;1.2;0.0
67;2021-01-23;814;6;13911;99;1.2;0.0
67;2021-01-24;380;1;14291;100;1.3;0.0
67;2021-01-25;526;31;14817;131;1.3;0.0
67;2021-01-26;164;110;14981;241;1.3;0.0
67;2021-01-27;1404;141;16385;382;1.4;0.0
67;2021-01-28;3060;233;19445;615;1.7;0.1
67;2021-01-29;2034;168;21479;783;1.9;0.1
67;2021-01-30;1098;82;22577;865;2.0;0.1
67;2021-01-31;1163;32;23740;897;2.1;0.1
67;2021-02-01;3399;253;27139;1150;2.4;0.1
67;2021-02-02;2695;429;29834;1579;2.6;0.1
67;2021-02-03;1578;401;31412;1980;2.8;0.2
67;2021-02-04;1197;755;32609;2735;2.9;0.2
67;2021-02-05;1195;638;33804;3373;3.0;0.3
67;2021-02-06;799;151;34603;3524;3.1;0.3
67;2021-02-07;292;44;34895;3568;3.1;0.3
67;2021-02-08;839;448;35734;4016;3.2;0.4
67;2021-02-09;963;730;36697;4746;3.2;0.4
67;2021-02-10;934;795;37631;5541;3.3;0.5
67;2021-02-11;1152;1130;38783;6671;3.4;0.6
67;2021-02-12;1245;780;40028;7451;3.5;0.7
67;2021-02-13;767;280;40795;7731;3.6;0.7
67;2021-02-14;244;94;41039;7825;3.6;0.7
67;2021-02-15;782;840;41821;8665;3.7;0.8
67;2021-02-16;932;1140;42753;9805;3.8;0.9
67;2021-02-17;786;1186;43539;10991;3.8;1.0
67;2021-02-18;1402;2568;44941;13559;4.0;1.2
67;2021-02-19;1376;2103;46317;15662;4.1;1.4
67;2021-02-20;634;898;46951;16560;4.1;1.5
67;2021-02-21;209;1195;47160;17755;4.2;1.6
67;2021-02-22;1401;2171;48561;19926;4.3;1.8
67;2021-02-23;1461;1561;50022;21487;4.4;1.9
67;2021-02-24;1439;1054;51461;22541;4.5;2.0
67;2021-02-25;1618;1474;53079;24015;4.7;2.1
67;2021-02-26;2227;1412;55306;25427;4.9;2.2
67;2021-02-27;1260;783;56566;26210;5.0;2.3
67;2021-02-28;148;365;56714;26575;5.0;2.3
67;2021-03-01;640;998;57354;27573;5.1;2.4
67;2021-03-02;898;1202;58252;28775;5.1;2.5
67;2021-03-03;1412;1279;59664;30054;5.3;2.7
67;2021-03-04;1963;1064;61627;31118;5.4;2.7
67;2021-03-05;3258;1110;64885;32228;5.7;2.8
67;2021-03-06;2337;775;67222;33003;5.9;2.9
67;2021-03-07;468;283;67690;33286;6.0;2.9
67;2021-03-08;1188;792;68878;34078;6.1;3.0
67;2021-03-09;2226;906;71104;34984;6.3;3.1
67;2021-03-10;2456;1191;73560;36175;6.5;3.2
67;2021-03-11;3208;1368;76768;37543;6.8;3.3
67;2021-03-12;5263;1391;82031;38934;7.2;3.4
67;2021-03-13;3998;902;86029;39836;7.6;3.5
67;2021-03-14;483;390;86512;40226;7.6;3.6
67;2021-03-15;2192;1162;88704;41388;7.8;3.7
67;2021-03-16;1552;1238;90256;42626;8.0;3.8
67;2021-03-17;2072;925;92328;43551;8.2;3.8
67;2021-03-18;2391;740;94719;44291;8.4;3.9
67;2021-03-19;3673;756;98392;45047;8.7;4.0
67;2021-03-20;3064;514;101456;45561;9.0;4.0
67;2021-03-21;338;17;101794;45578;9.0;4.0
67;2021-03-22;2332;781;104126;46359;9.2;4.1
67;2021-03-23;3401;779;107527;47138;9.5;4.2
67;2021-03-24;3909;813;111436;47951;9.8;4.2
67;2021-03-25;5315;543;116751;48494;10.3;4.3
67;2021-03-26;6870;484;123621;48978;10.9;4.3
67;2021-03-27;3927;348;127548;49326;11.3;4.4
67;2021-03-28;579;101;128127;49427;11.3;4.4
67;2021-03-29;3824;430;131951;49857;11.7;4.4
67;2021-03-30;4848;677;136799;50534;12.1;4.5
67;2021-03-31;4849;709;141648;51243;12.5;4.5
67;2021-04-01;5147;931;146795;52174;13.0;4.6
67;2021-04-02;1009;177;147804;52351;13.0;4.6
67;2021-04-03;1689;286;149493;52637;13.2;4.6
67;2021-04-04;328;6;149821;52643;13.2;4.6
67;2021-04-05;371;5;150192;52648;13.3;4.6
67;2021-04-06;3483;1189;153675;53837;13.6;4.8
67;2021-04-07;4532;1286;158207;55123;14.0;4.9
67;2021-04-08;5664;1414;163871;56537;14.5;5.0
67;2021-04-09;7111;1360;170982;57897;15.1;5.1
67;2021-04-10;4333;902;175315;58799;15.5;5.2
67;2021-04-11;857;428;176172;59227;15.6;5.2
67;2021-04-12;3886;1414;180058;60641;15.9;5.4
67;2021-04-13;4890;1583;184948;62224;16.3;5.5
67;2021-04-14;5297;1916;190245;64140;16.8;5.7
67;2021-04-15;6083;2112;196328;66252;17.3;5.8
67;2021-04-16;7836;2436;204164;68688;18.0;6.1
67;2021-04-17;4010;1582;208174;70270;18.4;6.2
67;2021-04-18;1111;645;209285;70915;18.5;6.3
67;2021-04-19;3630;2147;212915;73062;18.8;6.5
67;2021-04-20;4257;1930;217172;74992;19.2;6.6
67;2021-04-21;4071;2516;221243;77508;19.5;6.8
67;2021-04-22;4478;2926;225721;80434;19.9;7.1
67;2021-04-23;5255;3013;230976;83447;20.4;7.4
67;2021-04-24;3101;2023;234077;85470;20.7;7.5
67;2021-04-25;1027;452;235104;85922;20.8;7.6
67;2021-04-26;3190;2618;238294;88540;21.0;7.8
67;2021-04-27;4023;2928;242317;91468;21.4;8.1
67;2021-04-28;4254;3437;246571;94905;21.8;8.4
67;2021-04-29;5125;3518;251696;98423;22.2;8.7
67;2021-04-30;7182;2495;258878;100918;22.9;8.9
67;2021-05-01;2685;793;261563;101711;23.1;9.0
67;2021-05-02;2181;682;263744;102393;23.3;9.0
67;2021-05-03;5561;2619;269305;105012;23.8;9.3
67;2021-05-04;5854;3615;275159;108627;24.3;9.6
67;2021-05-05;5221;4206;280380;112833;24.8;10.0
67;2021-05-06;6714;4927;287094;117760;25.3;10.4
67;2021-05-07;6435;6930;293529;124690;25.9;11.0
67;2021-05-08;3575;1023;297104;125713;26.2;11.1
67;2021-05-09;3366;594;300470;126307;26.5;11.2
67;2021-05-10;4698;4532;305168;130839;26.9;11.6
67;2021-05-11;5648;4931;310816;135770;27.4;12.0
67;2021-05-12;6597;4847;317413;140617;28.0;12.4
67;2021-05-13;7310;1674;324723;142291;28.7;12.6
67;2021-05-14;8880;5358;333603;147649;29.5;13.0
67;2021-05-15;8198;3657;341801;151306;30.2;13.4
67;2021-05-16;6176;969;347977;152275;30.7;13.4
67;2021-05-17;5689;3884;353666;156159;31.2;13.8
67;2021-05-18;6896;3976;360562;160135;31.8;14.1
67;2021-05-19;7376;4167;367938;164302;32.5;14.5
67;2021-05-20;8681;4234;376619;168536;33.3;14.9
67;2021-05-21;8156;5859;384775;174395;34.0;15.4
67;2021-05-22;5933;3420;390708;177815;34.5;15.7
67;2021-05-23;2656;593;393364;178408;34.7;15.8
67;2021-05-24;4414;865;397778;179273;35.1;15.8
67;2021-05-25;5412;4767;403190;184040;35.6;16.2
67;2021-05-26;6063;4876;409253;188916;36.1;16.7
67;2021-05-27;7310;4900;416563;193816;36.8;17.1
67;2021-05-28;7965;6503;424528;200319;37.5;17.7
67;2021-05-29;6646;3871;431174;204190;38.1;18.0
67;2021-05-30;1147;809;432321;204999;38.2;18.1
67;2021-05-31;6405;4058;438726;209057;38.7;18.5
67;2021-06-01;7327;4407;446053;213464;39.4;18.8
67;2021-06-02;8066;4182;454119;217646;40.1;19.2
67;2021-06-03;8841;4866;462960;222512;40.9;19.6
67;2021-06-04;8594;6139;471554;228651;41.6;20.2
67;2021-06-05;6548;3983;478102;232634;42.2;20.5
67;2021-06-06;3468;875;481570;233509;42.5;20.6
67;2021-06-07;7407;4259;488977;237768;43.2;21.0
67;2021-06-08;8616;4932;497593;242700;43.9;21.4
67;2021-06-09;9258;4794;506851;247494;44.8;21.9
67;2021-06-10;9770;5021;516621;252515;45.6;22.3
67;2021-06-11;8065;8324;524686;260839;46.3;23.0
67;2021-06-12;6789;5203;531475;266042;46.9;23.5
67;2021-06-13;3105;1044;534580;267086;47.2;23.6
67;2021-06-14;5504;6460;540084;273546;47.7;24.2
67;2021-06-15;6688;6753;546772;280299;48.3;24.7
67;2021-06-16;6950;6698;553722;286997;48.9;25.3
67;2021-06-17;7275;9044;560997;296041;49.5;26.1
67;2021-06-18;7600;8506;568597;304547;50.2;26.9
67;2021-06-19;6386;5960;574983;310507;50.8;27.4
67;2021-06-20;1446;1411;576429;311918;50.9;27.5
67;2021-06-21;4266;6775;580695;318693;51.3;28.1
67;2021-06-22;4241;9093;584936;327786;51.6;28.9
67;2021-06-23;5292;8184;590228;335970;52.1;29.7
67;2021-06-24;4521;9101;594749;345071;52.5;30.5
67;2021-06-25;5333;9951;600082;355022;53.0;31.3
67;2021-06-26;3463;9104;603545;364126;53.3;32.1
67;2021-06-27;1023;3523;604568;367649;53.4;32.5
67;2021-06-28;2845;8723;607413;376372;53.6;33.2
67;2021-06-29;2897;8612;610310;384984;53.9;34.0
67;2021-06-30;3382;8742;613692;393726;54.2;34.8
67;2021-07-01;3668;8428;617360;402154;54.5;35.5
67;2021-07-02;3736;10938;621096;413092;54.8;36.5
67;2021-07-03;2981;7742;624077;420834;55.1;37.2
67;2021-07-04;764;1869;624841;422703;55.2;37.3
67;2021-07-05;2625;8250;627466;430953;55.4;38.0
67;2021-07-06;3110;8441;630576;439394;55.7;38.8
67;2021-07-07;3926;8741;634502;448135;56.0;39.6
67;2021-07-08;4204;7786;638706;455921;56.4;40.3
67;2021-07-09;3767;11369;642473;467290;56.7;41.3
67;2021-07-10;2859;8205;645332;475495;57.0;42.0
67;2021-07-11;945;1995;646277;477490;57.1;42.2
67;2021-07-12;2479;9725;648756;487215;57.3;43.0
67;2021-07-13;4122;9890;652878;497105;57.6;43.9
67;2021-07-14;3493;4407;656371;501512;58.0;44.3
67;2021-07-15;5142;12228;661513;513740;58.4;45.4
67;2021-07-16;4867;12292;666380;526032;58.8;46.4
67;2021-07-17;3734;8824;670114;534856;59.2;47.2
67;2021-07-18;1465;2550;671579;537406;59.3;47.4
67;2021-07-19;4649;9745;676228;547151;59.7;48.3
67;2021-07-20;5774;9824;682002;556975;60.2;49.2
67;2021-07-21;5871;10650;687873;567625;60.7;50.1
67;2021-07-22;6439;10227;694312;577852;61.3;51.0
67;2021-07-23;7395;11191;701707;589043;62.0;52.0
67;2021-07-24;5422;7581;707129;596624;62.4;52.7
67;2021-07-25;2316;1971;709445;598595;62.6;52.9
67;2021-07-26;5003;7250;714448;605845;63.1;53.5
67;2021-07-27;6623;7329;721071;613174;63.7;54.1
67;2021-07-28;7542;7210;728613;620384;64.3;54.8
67;2021-07-29;8394;6437;737007;626821;65.1;55.3
67;2021-07-30;8667;7312;745674;634133;65.8;56.0
67;2021-07-31;5113;4878;750787;639011;66.3;56.4
67;2021-08-01;2486;1434;753273;640445;66.5;56.5
67;2021-08-02;6419;5094;759692;645539;67.1;57.0
67;2021-08-03;7322;4718;767014;650257;67.7;57.4
67;2021-08-04;6909;4604;773923;654861;68.3;57.8
67;2021-08-05;5753;4231;779676;659092;68.8;58.2
67;2021-08-06;6333;5427;786009;664519;69.4;58.7
67;2021-08-07;4691;4279;790700;668798;69.8;59.0
67;2021-08-08;1311;1440;792011;670238;69.9;59.2
67;2021-08-09;3144;4479;795155;674717;70.2;59.6
67;2021-08-10;3253;4782;798408;679499;70.5;60.0
67;2021-08-11;3434;4677;801842;684176;70.8;60.4
67;2021-08-12;3146;4887;804988;689063;71.1;60.8
67;2021-08-13;3209;5384;808197;694447;71.4;61.3
67;2021-08-14;2198;5086;810395;699533;71.6;61.8
67;2021-08-15;713;1605;811108;701138;71.6;61.9
67;2021-08-16;2095;5242;813203;706380;71.8;62.4
67;2021-08-17;2108;5278;815311;711658;72.0;62.8
67;2021-08-18;2385;6345;817696;718003;72.2;63.4
67;2021-08-19;1903;6153;819599;724156;72.4;63.9
67;2021-08-20;2362;7459;821961;731615;72.6;64.6
67;2021-08-21;1530;5572;823491;737187;72.7;65.1
67;2021-08-22;390;2051;823881;739238;72.7;65.3
67;2021-08-23;1945;6851;825826;746089;72.9;65.9
67;2021-08-24;2000;6613;827826;752702;73.1;66.5
67;2021-08-25;2128;7217;829954;759919;73.3;67.1
67;2021-08-26;1855;5552;831809;765471;73.4;67.6
67;2021-08-27;2220;7057;834029;772528;73.6;68.2
67;2021-08-28;1706;6108;835735;778636;73.8;68.7
67;2021-08-29;439;1600;836174;780236;73.8;68.9
67;2021-08-30;1424;4273;837598;784509;74.0;69.3
67;2021-08-31;1448;3954;839046;788463;74.1;69.6
67;2021-09-01;1863;4058;840909;792521;74.2;70.0
67;2021-09-02;1086;2718;841995;795239;74.3;70.2
67;2021-09-03;1563;3921;843558;799160;74.5;70.6
67;2021-09-04;1483;3773;845041;802933;74.6;70.9
67;2021-09-05;259;842;845300;803775;74.6;71.0
67;2021-09-06;976;1936;846276;805711;74.7;71.1
67;2021-09-07;900;1847;847176;807558;74.8;71.3
67;2021-09-08;1210;2471;848386;810029;74.9;71.5
67;2021-09-09;1124;1794;849510;811823;75.0;71.7
67;2021-09-10;1439;2369;850949;814192;75.1;71.9
67;2021-09-11;1066;2756;852015;816948;75.2;72.1
67;2021-09-12;253;522;852268;817470;75.2;72.2
67;2021-09-13;751;1446;853019;818916;75.3;72.3
67;2021-09-14;945;1474;853964;820390;75.4;72.4
67;2021-09-15;1021;2106;854985;822496;75.5;72.6
67;2021-09-16;756;1305;855741;823801;75.6;72.7
67;2021-09-17;971;2230;856712;826031;75.6;72.9
67;2021-09-18;809;2423;857521;828454;75.7;73.1
67;2021-09-19;104;411;857625;828865;75.7;73.2
67;2021-09-20;601;1131;858226;829996;75.8;73.3
67;2021-09-21;490;1064;858716;831060;75.8;73.4
67;2021-09-22;669;1951;859385;833011;75.9;73.5
67;2021-09-23;567;942;859952;833953;75.9;73.6
67;2021-09-24;688;1673;860640;835626;76.0;73.8
67;2021-09-25;600;1868;861240;837494;76.0;73.9
67;2021-09-26;73;327;861313;837821;76.0;74.0
67;2021-09-27;398;949;861711;838770;76.1;74.1
67;2021-09-28;404;861;862115;839631;76.1;74.1
67;2021-09-29;619;1359;862734;840990;76.2;74.3
67;2021-09-30;422;932;863156;841922;76.2;74.3
67;2021-10-01;658;1437;863814;843359;76.3;74.5
67;2021-10-02;625;1286;864439;844645;76.3;74.6
67;2021-10-03;95;221;864534;844866;76.3;74.6
67;2021-10-04;312;675;864846;845541;76.4;74.7
67;2021-10-05;324;751;865170;846292;76.4;74.7
67;2021-10-06;577;1128;865747;847420;76.4;74.8
67;2021-10-07;434;770;866181;848190;76.5;74.9
67;2021-10-08;627;1268;866808;849458;76.5;75.0
67;2021-10-09;499;1016;867307;850474;76.6;75.1
67;2021-10-10;79;111;867386;850585;76.6;75.1
68;2020-12-27;0;0;0;0;0.0;0.0
68;2020-12-28;0;0;0;0;0.0;0.0
68;2020-12-29;0;0;0;0;0.0;0.0
68;2020-12-30;2;0;2;0;0.0;0.0
68;2020-12-31;0;0;2;0;0.0;0.0
68;2021-01-01;0;0;2;0;0.0;0.0
68;2021-01-02;0;0;2;0;0.0;0.0
68;2021-01-03;1;0;3;0;0.0;0.0
68;2021-01-04;2;1;5;1;0.0;0.0
68;2021-01-05;11;0;16;1;0.0;0.0
68;2021-01-06;245;1;261;2;0.0;0.0
68;2021-01-07;75;0;336;2;0.0;0.0
68;2021-01-08;118;1;454;3;0.1;0.0
68;2021-01-09;20;0;474;3;0.1;0.0
68;2021-01-10;1;0;475;3;0.1;0.0
68;2021-01-11;82;0;557;3;0.1;0.0
68;2021-01-12;388;2;945;5;0.1;0.0
68;2021-01-13;704;3;1649;8;0.2;0.0
68;2021-01-14;372;2;2021;10;0.3;0.0
68;2021-01-15;204;1;2225;11;0.3;0.0
68;2021-01-16;1;0;2226;11;0.3;0.0
68;2021-01-17;0;0;2226;11;0.3;0.0
68;2021-01-18;379;5;2605;16;0.3;0.0
68;2021-01-19;559;5;3164;21;0.4;0.0
68;2021-01-20;707;10;3871;31;0.5;0.0
68;2021-01-21;1394;14;5265;45;0.7;0.0
68;2021-01-22;1498;15;6763;60;0.9;0.0
68;2021-01-23;215;3;6978;63;0.9;0.0
68;2021-01-24;699;2;7677;65;1.0;0.0
68;2021-01-25;1390;45;9067;110;1.2;0.0
68;2021-01-26;1555;80;10622;190;1.4;0.0
68;2021-01-27;2779;160;13401;350;1.8;0.0
68;2021-01-28;2358;62;15759;412;2.1;0.1
68;2021-01-29;1509;119;17268;531;2.3;0.1
68;2021-01-30;165;3;17433;534;2.3;0.1
68;2021-01-31;0;0;17433;534;2.3;0.1
68;2021-02-01;737;118;18170;652;2.4;0.1
68;2021-02-02;870;305;19040;957;2.5;0.1
68;2021-02-03;1001;616;20041;1573;2.6;0.2
68;2021-02-04;1001;323;21042;1896;2.8;0.2
68;2021-02-05;948;234;21990;2130;2.9;0.3
68;2021-02-06;140;2;22130;2132;2.9;0.3
68;2021-02-07;2;16;22132;2148;2.9;0.3
68;2021-02-08;893;24;23025;2172;3.0;0.3
68;2021-02-09;1357;47;24382;2219;3.2;0.3
68;2021-02-10;1453;65;25835;2284;3.4;0.3
68;2021-02-11;1486;469;27321;2753;3.6;0.4
68;2021-02-12;1551;446;28872;3199;3.8;0.4
68;2021-02-13;131;1;29003;3200;3.8;0.4
68;2021-02-14;58;232;29061;3432;3.8;0.4
68;2021-02-15;662;1087;29723;4519;3.9;0.6
68;2021-02-16;865;1370;30588;5889;4.0;0.8
68;2021-02-17;1288;2130;31876;8019;4.2;1.1
68;2021-02-18;1668;2066;33544;10085;4.4;1.3
68;2021-02-19;988;1370;34532;11455;4.5;1.5
68;2021-02-20;93;125;34625;11580;4.5;1.5
68;2021-02-21;1;40;34626;11620;4.5;1.5
68;2021-02-22;447;796;35073;12416;4.6;1.6
68;2021-02-23;639;1062;35712;13478;4.7;1.8
68;2021-02-24;854;1158;36566;14636;4.8;1.9
68;2021-02-25;1208;1250;37774;15886;4.9;2.1
68;2021-02-26;1199;990;38973;16876;5.1;2.2
68;2021-02-27;550;178;39523;17054;5.2;2.2
68;2021-02-28;12;1;39535;17055;5.2;2.2
68;2021-03-01;942;769;40477;17824;5.3;2.3
68;2021-03-02;1215;928;41692;18752;5.5;2.5
68;2021-03-03;1593;973;43285;19725;5.7;2.6
68;2021-03-04;1995;1052;45280;20777;5.9;2.7
68;2021-03-05;2355;1053;47635;21830;6.2;2.9
68;2021-03-06;2288;254;49923;22084;6.5;2.9
68;2021-03-07;838;108;50761;22192;6.7;2.9
68;2021-03-08;1476;978;52237;23170;6.8;3.0
68;2021-03-09;1698;1332;53935;24502;7.1;3.2
68;2021-03-10;1966;1805;55901;26307;7.3;3.4
68;2021-03-11;2637;1914;58538;28221;7.7;3.7
68;2021-03-12;2631;1425;61169;29646;8.0;3.9
68;2021-03-13;3342;264;64511;29910;8.5;3.9
68;2021-03-14;1541;68;66052;29978;8.7;3.9
68;2021-03-15;1797;624;67849;30602;8.9;4.0
68;2021-03-16;1998;603;69847;31205;9.2;4.1
68;2021-03-17;1958;736;71805;31941;9.4;4.2
68;2021-03-18;2220;951;74025;32892;9.7;4.3
68;2021-03-19;3084;741;77109;33633;10.1;4.4
68;2021-03-20;974;125;78083;33758;10.2;4.4
68;2021-03-21;68;2;78151;33760;10.2;4.4
68;2021-03-22;1964;598;80115;34358;10.5;4.5
68;2021-03-23;2861;621;82976;34979;10.9;4.6
68;2021-03-24;3177;819;86153;35798;11.3;4.7
68;2021-03-25;3501;795;89654;36593;11.7;4.8
68;2021-03-26;3894;738;93548;37331;12.3;4.9
68;2021-03-27;1101;169;94649;37500;12.4;4.9
68;2021-03-28;56;3;94705;37503;12.4;4.9
68;2021-03-29;2260;1368;96965;38871;12.7;5.1
68;2021-03-30;2933;1305;99898;40176;13.1;5.3
68;2021-03-31;2643;1368;102541;41544;13.4;5.4
68;2021-04-01;2748;1553;105289;43097;13.8;5.6
68;2021-04-02;244;88;105533;43185;13.8;5.7
68;2021-04-03;241;124;105774;43309;13.9;5.7
68;2021-04-04;5;0;105779;43309;13.9;5.7
68;2021-04-05;49;4;105828;43313;13.9;5.7
68;2021-04-06;1793;1327;107621;44640;14.1;5.8
68;2021-04-07;2585;1542;110206;46182;14.4;6.1
68;2021-04-08;3234;1509;113440;47691;14.9;6.2
68;2021-04-09;4200;1539;117640;49230;15.4;6.5
68;2021-04-10;1203;1974;118843;51204;15.6;6.7
68;2021-04-11;126;1317;118969;52521;15.6;6.9
68;2021-04-12;2666;1639;121635;54160;15.9;7.1
68;2021-04-13;2760;2117;124395;56277;16.3;7.4
68;2021-04-14;3606;2272;128001;58549;16.8;7.7
68;2021-04-15;4055;2167;132056;60716;17.3;8.0
68;2021-04-16;3942;2085;135998;62801;17.8;8.2
68;2021-04-17;1075;444;137073;63245;18.0;8.3
68;2021-04-18;85;9;137158;63254;18.0;8.3
68;2021-04-19;2358;1834;139516;65088;18.3;8.5
68;2021-04-20;2442;2330;141958;67418;18.6;8.8
68;2021-04-21;2829;2478;144787;69896;19.0;9.2
68;2021-04-22;3287;1974;148074;71870;19.4;9.4
68;2021-04-23;3412;2077;151486;73947;19.8;9.7
68;2021-04-24;842;489;152328;74436;20.0;9.8
68;2021-04-25;214;20;152542;74456;20.0;9.8
68;2021-04-26;2328;2107;154870;76563;20.3;10.0
68;2021-04-27;2599;2217;157469;78780;20.6;10.3
68;2021-04-28;3572;1767;161041;80547;21.1;10.6
68;2021-04-29;4164;1751;165205;82298;21.6;10.8
68;2021-04-30;4834;1376;170039;83674;22.3;11.0
68;2021-05-01;948;121;170987;83795;22.4;11.0
68;2021-05-02;732;70;171719;83865;22.5;11.0
68;2021-05-03;3620;1820;175339;85685;23.0;11.2
68;2021-05-04;3937;2363;179276;88048;23.5;11.5
68;2021-05-05;3632;3249;182908;91297;24.0;12.0
68;2021-05-06;4804;2864;187712;94161;24.6;12.3
68;2021-05-07;4518;2909;192230;97070;25.2;12.7
68;2021-05-08;1672;210;193902;97280;25.4;12.7
68;2021-05-09;1075;107;194977;97387;25.5;12.8
68;2021-05-10;3159;3721;198136;101108;26.0;13.2
68;2021-05-11;4715;3622;202851;104730;26.6;13.7
68;2021-05-12;5785;3295;208636;108025;27.3;14.2
68;2021-05-13;4766;840;213402;108865;28.0;14.3
68;2021-05-14;5959;2134;219361;110999;28.7;14.5
68;2021-05-15;3558;910;222919;111909;29.2;14.7
68;2021-05-16;670;119;223589;112028;29.3;14.7
68;2021-05-17;4449;2499;228038;114527;29.9;15.0
68;2021-05-18;6139;2307;234177;116834;30.7;15.3
68;2021-05-19;5867;2883;240044;119717;31.5;15.7
68;2021-05-20;5929;2413;245973;122130;32.2;16.0
68;2021-05-21;5775;2867;251748;124997;33.0;16.4
68;2021-05-22;2576;927;254324;125924;33.3;16.5
68;2021-05-23;15;16;254339;125940;33.3;16.5
68;2021-05-24;2304;970;256643;126910;33.6;16.6
68;2021-05-25;4343;3436;260986;130346;34.2;17.1
68;2021-05-26;4884;3384;265870;133730;34.8;17.5
68;2021-05-27;5400;3408;271270;137138;35.5;18.0
68;2021-05-28;5623;3729;276893;140867;36.3;18.5
68;2021-05-29;1540;1186;278433;142053;36.5;18.6
68;2021-05-30;41;46;278474;142099;36.5;18.6
68;2021-05-31;5158;2363;283632;144462;37.2;18.9
68;2021-06-01;5989;2797;289621;147259;37.9;19.3
68;2021-06-02;4886;3006;294507;150265;38.6;19.7
68;2021-06-03;5938;3099;300445;153364;39.4;20.1
68;2021-06-04;4896;3306;305341;156670;40.0;20.5
68;2021-06-05;781;1169;306122;157839;40.1;20.7
68;2021-06-06;69;114;306191;157953;40.1;20.7
68;2021-06-07;4753;3036;310944;160989;40.7;21.1
68;2021-06-08;4934;3556;315878;164545;41.4;21.6
68;2021-06-09;4994;3448;320872;167993;42.0;22.0
68;2021-06-10;5200;3145;326072;171138;42.7;22.4
68;2021-06-11;5055;4150;331127;175288;43.4;23.0
68;2021-06-12;3036;1771;334163;177059;43.8;23.2
68;2021-06-13;514;682;334677;177741;43.9;23.3
68;2021-06-14;2516;4390;337193;182131;44.2;23.9
68;2021-06-15;3112;4724;340305;186855;44.6;24.5
68;2021-06-16;3387;4442;343692;191297;45.0;25.1
68;2021-06-17;2359;4458;346051;195755;45.3;25.6
68;2021-06-18;3358;5173;349409;200928;45.8;26.3
68;2021-06-19;2253;2170;351662;203098;46.1;26.6
68;2021-06-20;258;891;351920;203989;46.1;26.7
68;2021-06-21;2059;5148;353979;209137;46.4;27.4
68;2021-06-22;1900;5174;355879;214311;46.6;28.1
68;2021-06-23;2318;5739;358197;220050;46.9;28.8
68;2021-06-24;2154;4897;360351;224947;47.2;29.5
68;2021-06-25;2287;6658;362638;231605;47.5;30.3
68;2021-06-26;1303;2608;363941;234213;47.7;30.7
68;2021-06-27;151;880;364092;235093;47.7;30.8
68;2021-06-28;1601;6444;365693;241537;47.9;31.6
68;2021-06-29;1539;6632;367232;248169;48.1;32.5
68;2021-06-30;1797;6554;369029;254723;48.4;33.4
68;2021-07-01;2105;5351;371134;260074;48.6;34.1
68;2021-07-02;2098;6482;373232;266556;48.9;34.9
68;2021-07-03;989;1934;374221;268490;49.0;35.2
68;2021-07-04;242;200;374463;268690;49.1;35.2
68;2021-07-05;1456;5513;375919;274203;49.3;35.9
68;2021-07-06;2001;5884;377920;280087;49.5;36.7
68;2021-07-07;2455;4974;380375;285061;49.8;37.4
68;2021-07-08;2434;4750;382809;289811;50.2;38.0
68;2021-07-09;2091;7364;384900;297175;50.4;38.9
68;2021-07-10;1028;2003;385928;299178;50.6;39.2
68;2021-07-11;147;156;386075;299334;50.6;39.2
68;2021-07-12;1646;6771;387721;306105;50.8;40.1
68;2021-07-13;2909;6550;390630;312655;51.2;41.0
68;2021-07-14;1840;984;392470;313639;51.4;41.1
68;2021-07-15;3188;6654;395658;320293;51.8;42.0
68;2021-07-16;3817;6762;399475;327055;52.3;42.9
68;2021-07-17;3361;2302;402836;329357;52.8;43.2
68;2021-07-18;1054;230;403890;329587;52.9;43.2
68;2021-07-19;3050;6081;406940;335668;53.3;44.0
68;2021-07-20;4002;5676;410942;341344;53.8;44.7
68;2021-07-21;4339;5831;415281;347175;54.4;45.5
68;2021-07-22;4188;4848;419469;352023;55.0;46.1
68;2021-07-23;5041;5761;424510;357784;55.6;46.9
68;2021-07-24;3349;2134;427859;359918;56.1;47.2
68;2021-07-25;825;537;428684;360455;56.2;47.2
68;2021-07-26;4835;4450;433519;364905;56.8;47.8
68;2021-07-27;6363;3756;439882;368661;57.6;48.3
68;2021-07-28;6848;3883;446730;372544;58.5;48.8
68;2021-07-29;6398;3428;453128;375972;59.4;49.3
68;2021-07-30;6342;4378;459470;380350;60.2;49.8
68;2021-07-31;3917;1426;463387;381776;60.7;50.0
68;2021-08-01;1651;494;465038;382270;60.9;50.1
68;2021-08-02;4606;3151;469644;385421;61.5;50.5
68;2021-08-03;3550;2453;473194;387874;62.0;50.8
68;2021-08-04;3135;2689;476329;390563;62.4;51.2
68;2021-08-05;2753;2641;479082;393204;62.8;51.5
68;2021-08-06;3995;4327;483077;397531;63.3;52.1
68;2021-08-07;1227;1305;484304;398836;63.5;52.3
68;2021-08-08;364;813;484668;399649;63.5;52.4
68;2021-08-09;2575;3683;487243;403332;63.8;52.8
68;2021-08-10;2217;2784;489460;406116;64.1;53.2
68;2021-08-11;1896;2728;491356;408844;64.4;53.6
68;2021-08-12;1752;2666;493108;411510;64.6;53.9
68;2021-08-13;2716;4759;495824;416269;65.0;54.5
68;2021-08-14;714;1443;496538;417712;65.1;54.7
68;2021-08-15;45;445;496583;418157;65.1;54.8
68;2021-08-16;2003;5062;498586;423219;65.3;55.5
68;2021-08-17;1802;4847;500388;428066;65.6;56.1
68;2021-08-18;1182;3697;501570;431763;65.7;56.6
68;2021-08-19;1367;3741;502937;435504;65.9;57.1
68;2021-08-20;2229;6065;505166;441569;66.2;57.9
68;2021-08-21;492;1382;505658;442951;66.3;58.0
68;2021-08-22;116;457;505774;443408;66.3;58.1
68;2021-08-23;1191;5425;506965;448833;66.4;58.8
68;2021-08-24;1407;5953;508372;454786;66.6;59.6
68;2021-08-25;1661;3751;510033;458537;66.8;60.1
68;2021-08-26;1991;4505;512024;463042;67.1;60.7
68;2021-08-27;1850;6281;513874;469323;67.3;61.5
68;2021-08-28;422;1070;514296;470393;67.4;61.6
68;2021-08-29;36;418;514332;470811;67.4;61.7
68;2021-08-30;1348;4519;515680;475330;67.6;62.3
68;2021-08-31;1304;4107;516984;479437;67.7;62.8
68;2021-09-01;884;2141;517868;481578;67.9;63.1
68;2021-09-02;878;1769;518746;483347;68.0;63.3
68;2021-09-03;1306;4320;520052;487667;68.1;63.9
68;2021-09-04;494;868;520546;488535;68.2;64.0
68;2021-09-05;209;120;520755;488655;68.2;64.0
68;2021-09-06;691;2137;521446;490792;68.3;64.3
68;2021-09-07;607;1262;522053;492054;68.4;64.5
68;2021-09-08;618;1330;522671;493384;68.5;64.6
68;2021-09-09;900;1241;523571;494625;68.6;64.8
68;2021-09-10;1484;3025;525055;497650;68.8;65.2
68;2021-09-11;470;619;525525;498269;68.9;65.3
68;2021-09-12;73;53;525598;498322;68.9;65.3
68;2021-09-13;812;1184;526410;499506;69.0;65.4
68;2021-09-14;973;1345;527383;500851;69.1;65.6
68;2021-09-15;693;1584;528076;502435;69.2;65.8
68;2021-09-16;631;1078;528707;503513;69.3;66.0
68;2021-09-17;986;2330;529693;505843;69.4;66.3
68;2021-09-18;442;765;530135;506608;69.5;66.4
68;2021-09-19;16;48;530151;506656;69.5;66.4
68;2021-09-20;546;966;530697;507622;69.5;66.5
68;2021-09-21;583;1327;531280;508949;69.6;66.7
68;2021-09-22;633;1154;531913;510103;69.7;66.8
68;2021-09-23;367;679;532280;510782;69.7;66.9
68;2021-09-24;646;1607;532926;512389;69.8;67.1
68;2021-09-25;276;668;533202;513057;69.9;67.2
68;2021-09-26;19;56;533221;513113;69.9;67.2
68;2021-09-27;339;687;533560;513800;69.9;67.3
68;2021-09-28;335;546;533895;514346;70.0;67.4
68;2021-09-29;538;877;534433;515223;70.0;67.5
68;2021-09-30;387;789;534820;516012;70.1;67.6
68;2021-10-01;505;1539;535325;517551;70.1;67.8
68;2021-10-02;267;571;535592;518122;70.2;67.9
68;2021-10-03;38;91;535630;518213;70.2;67.9
68;2021-10-04;213;424;535843;518637;70.2;68.0
68;2021-10-05;289;560;536132;519197;70.2;68.0
68;2021-10-06;383;876;536515;520073;70.3;68.1
68;2021-10-07;387;593;536902;520666;70.3;68.2
68;2021-10-08;694;1622;537596;522288;70.4;68.4
68;2021-10-09;306;614;537902;522902;70.5;68.5
68;2021-10-10;29;45;537931;522947;70.5;68.5
69;2020-12-27;5;1;5;1;0.0;0.0
69;2020-12-28;13;3;18;4;0.0;0.0
69;2020-12-29;5;0;23;4;0.0;0.0
69;2020-12-30;6;1;29;5;0.0;0.0
69;2020-12-31;12;4;41;9;0.0;0.0
69;2021-01-01;2;0;43;9;0.0;0.0
69;2021-01-02;2;1;45;10;0.0;0.0
69;2021-01-03;3;2;48;12;0.0;0.0
69;2021-01-04;13;0;61;12;0.0;0.0
69;2021-01-05;218;9;279;21;0.0;0.0
69;2021-01-06;518;5;797;26;0.0;0.0
69;2021-01-07;813;5;1610;31;0.1;0.0
69;2021-01-08;829;1;2439;32;0.1;0.0
69;2021-01-09;42;3;2481;35;0.1;0.0
69;2021-01-10;3;1;2484;36;0.1;0.0
69;2021-01-11;1135;2;3619;38;0.2;0.0
69;2021-01-12;1399;10;5018;48;0.3;0.0
69;2021-01-13;1395;6;6413;54;0.3;0.0
69;2021-01-14;2286;27;8699;81;0.5;0.0
69;2021-01-15;1829;8;10528;89;0.6;0.0
69;2021-01-16;930;4;11458;93;0.6;0.0
69;2021-01-17;260;3;11718;96;0.6;0.0
69;2021-01-18;1695;20;13413;116;0.7;0.0
69;2021-01-19;3513;37;16926;153;0.9;0.0
69;2021-01-20;4456;34;21382;187;1.1;0.0
69;2021-01-21;4078;43;25460;230;1.4;0.0
69;2021-01-22;3185;30;28645;260;1.5;0.0
69;2021-01-23;1287;6;29932;266;1.6;0.0
69;2021-01-24;103;1;30035;267;1.6;0.0
69;2021-01-25;2245;45;32280;312;1.7;0.0
69;2021-01-26;2564;92;34844;404;1.9;0.0
69;2021-01-27;2360;176;37204;580;2.0;0.0
69;2021-01-28;2238;374;39442;954;2.1;0.1
69;2021-01-29;2111;291;41553;1245;2.2;0.1
69;2021-01-30;889;3;42442;1248;2.3;0.1
69;2021-01-31;65;0;42507;1248;2.3;0.1
69;2021-02-01;1112;401;43619;1649;2.3;0.1
69;2021-02-02;1560;426;45179;2075;2.4;0.1
69;2021-02-03;1444;537;46623;2612;2.5;0.1
69;2021-02-04;1795;954;48418;3566;2.6;0.2
69;2021-02-05;821;823;49239;4389;2.6;0.2
69;2021-02-06;370;53;49609;4442;2.6;0.2
69;2021-02-07;0;0;49609;4442;2.6;0.2
69;2021-02-08;1133;1075;50742;5517;2.7;0.3
69;2021-02-09;2052;2116;52794;7633;2.8;0.4
69;2021-02-10;1855;2657;54649;10290;2.9;0.5
69;2021-02-11;1860;3297;56509;13587;3.0;0.7
69;2021-02-12;1905;2101;58414;15688;3.1;0.8
69;2021-02-13;460;788;58874;16476;3.1;0.9
69;2021-02-14;89;39;58963;16515;3.1;0.9
69;2021-02-15;1016;1764;59979;18279;3.2;1.0
69;2021-02-16;984;2438;60963;20717;3.2;1.1
69;2021-02-17;1026;2390;61989;23107;3.3;1.2
69;2021-02-18;967;2301;62956;25408;3.4;1.4
69;2021-02-19;890;1873;63846;27281;3.4;1.5
69;2021-02-20;321;911;64167;28192;3.4;1.5
69;2021-02-21;53;70;64220;28262;3.4;1.5
69;2021-02-22;609;2100;64829;30362;3.5;1.6
69;2021-02-23;741;2221;65570;32583;3.5;1.7
69;2021-02-24;973;2251;66543;34834;3.5;1.9
69;2021-02-25;2214;2688;68757;37522;3.7;2.0
69;2021-02-26;2772;1932;71529;39454;3.8;2.1
69;2021-02-27;925;576;72454;40030;3.9;2.1
69;2021-02-28;148;104;72602;40134;3.9;2.1
69;2021-03-01;2169;914;74771;41048;4.0;2.2
69;2021-03-02;3299;1429;78070;42477;4.2;2.3
69;2021-03-03;3671;1246;81741;43723;4.4;2.3
69;2021-03-04;4887;1319;86628;45042;4.6;2.4
69;2021-03-05;5874;1280;92502;46322;4.9;2.5
69;2021-03-06;3417;434;95919;46756;5.1;2.5
69;2021-03-07;640;44;96559;46800;5.1;2.5
69;2021-03-08;2962;1135;99521;47935;5.3;2.6
69;2021-03-09;4607;1283;104128;49218;5.6;2.6
69;2021-03-10;5074;1071;109202;50289;5.8;2.7
69;2021-03-11;6603;1082;115805;51371;6.2;2.7
69;2021-03-12;8856;1251;124661;52622;6.6;2.8
69;2021-03-13;4928;256;129589;52878;6.9;2.8
69;2021-03-14;2741;158;132330;53036;7.1;2.8
69;2021-03-15;4804;742;137134;53778;7.3;2.9
69;2021-03-16;3820;677;140954;54455;7.5;2.9
69;2021-03-17;3953;906;144907;55361;7.7;3.0
69;2021-03-18;4965;1636;149872;56997;8.0;3.0
69;2021-03-19;6684;1087;156556;58084;8.3;3.1
69;2021-03-20;3593;286;160149;58370;8.5;3.1
69;2021-03-21;1975;104;162124;58474;8.6;3.1
69;2021-03-22;4550;829;166674;59303;8.9;3.2
69;2021-03-23;7364;852;174038;60155;9.3;3.2
69;2021-03-24;6456;1024;180494;61179;9.6;3.3
69;2021-03-25;8595;1143;189089;62322;10.1;3.3
69;2021-03-26;8813;1272;197902;63594;10.5;3.4
69;2021-03-27;3157;802;201059;64396;10.7;3.4
69;2021-03-28;2219;192;203278;64588;10.8;3.4
69;2021-03-29;4097;2200;207375;66788;11.1;3.6
69;2021-03-30;7640;2573;215015;69361;11.5;3.7
69;2021-03-31;6356;3200;221371;72561;11.8;3.9
69;2021-04-01;8462;2763;229833;75324;12.3;4.0
69;2021-04-02;8315;3150;238148;78474;12.7;4.2
69;2021-04-03;5424;2174;243572;80648;13.0;4.3
69;2021-04-04;6610;556;250182;81204;13.3;4.3
69;2021-04-05;6191;823;256373;82027;13.7;4.4
69;2021-04-06;5114;3498;261487;85525;13.9;4.6
69;2021-04-07;5168;3910;266655;89435;14.2;4.8
69;2021-04-08;6430;4060;273085;93495;14.6;5.0
69;2021-04-09;9165;3802;282250;97297;15.0;5.2
69;2021-04-10;3055;2512;285305;99809;15.2;5.3
69;2021-04-11;2035;1904;287340;101713;15.3;5.4
69;2021-04-12;5474;3592;292814;105305;15.6;5.6
69;2021-04-13;7068;4135;299882;109440;16.0;5.8
69;2021-04-14;6718;4170;306600;113610;16.3;6.1
69;2021-04-15;7943;4617;314543;118227;16.8;6.3
69;2021-04-16;7868;4520;322411;122747;17.2;6.5
69;2021-04-17;5036;2319;327447;125066;17.5;6.7
69;2021-04-18;1715;1796;329162;126862;17.5;6.8
69;2021-04-19;7020;3782;336182;130644;17.9;7.0
69;2021-04-20;6485;4779;342667;135423;18.3;7.2
69;2021-04-21;5689;4428;348356;139851;18.6;7.5
69;2021-04-22;6427;5457;354783;145308;18.9;7.7
69;2021-04-23;6737;4918;361520;150226;19.3;8.0
69;2021-04-24;3160;2037;364680;152263;19.4;8.1
69;2021-04-25;2120;1548;366800;153811;19.6;8.2
69;2021-04-26;4495;3886;371295;157697;19.8;8.4
69;2021-04-27;6516;5336;377811;163033;20.1;8.7
69;2021-04-28;6272;4875;384083;167908;20.5;9.0
69;2021-04-29;6706;5408;390789;173316;20.8;9.2
69;2021-04-30;6931;6193;397720;179509;21.2;9.6
69;2021-05-01;3301;646;401021;180155;21.4;9.6
69;2021-05-02;1628;5885;402649;186040;21.5;9.9
69;2021-05-03;5860;8256;408509;194296;21.8;10.4
69;2021-05-04;7608;8179;416117;202475;22.2;10.8
69;2021-05-05;11210;5665;427327;208140;22.8;11.1
69;2021-05-06;12470;6310;439797;214450;23.4;11.4
69;2021-05-07;11685;7173;451482;221623;24.1;11.8
69;2021-05-08;4303;1658;455785;223281;24.3;11.9
69;2021-05-09;6634;2684;462419;225965;24.6;12.0
69;2021-05-10;6935;6076;469354;232041;25.0;12.4
69;2021-05-11;9829;7048;479183;239089;25.5;12.7
69;2021-05-12;12450;6813;491633;245902;26.2;13.1
69;2021-05-13;10838;2562;502471;248464;26.8;13.2
69;2021-05-14;12599;5217;515070;253681;27.5;13.5
69;2021-05-15;9136;2591;524206;256272;27.9;13.7
69;2021-05-16;8403;1876;532609;258148;28.4;13.8
69;2021-05-17;11306;5651;543915;263799;29.0;14.1
69;2021-05-18;13226;6401;557141;270200;29.7;14.4
69;2021-05-19;13696;5889;570837;276089;30.4;14.7
69;2021-05-20;11387;6087;582224;282176;31.0;15.0
69;2021-05-21;11036;6559;593260;288735;31.6;15.4
69;2021-05-22;5574;2577;598834;291312;31.9;15.5
69;2021-05-23;4573;1543;603407;292855;32.2;15.6
69;2021-05-24;8420;1864;611827;294719;32.6;15.7
69;2021-05-25;9741;6179;621568;300898;33.1;16.0
69;2021-05-26;10281;6110;631849;307008;33.7;16.4
69;2021-05-27;10429;6788;642278;313796;34.2;16.7
69;2021-05-28;11609;8754;653887;322550;34.9;17.2
69;2021-05-29;7387;6047;661274;328597;35.2;17.5
69;2021-05-30;7387;3169;668661;331766;35.6;17.7
69;2021-05-31;10955;6380;679616;338146;36.2;18.0
69;2021-06-01;12844;7520;692460;345666;36.9;18.4
69;2021-06-02;14887;6724;707347;352390;37.7;18.8
69;2021-06-03;16641;7432;723988;359822;38.6;19.2
69;2021-06-04;16199;8565;740187;368387;39.5;19.6
69;2021-06-05;10105;3420;750292;371807;40.0;19.8
69;2021-06-06;7488;1720;757780;373527;40.4;19.9
69;2021-06-07;12815;7028;770595;380555;41.1;20.3
69;2021-06-08;16309;8282;786904;388837;41.9;20.7
69;2021-06-09;15212;7361;802116;396198;42.8;21.1
69;2021-06-10;16277;7337;818393;403535;43.6;21.5
69;2021-06-11;16635;9690;835028;413225;44.5;22.0
69;2021-06-12;8529;4188;843557;417413;45.0;22.2
69;2021-06-13;5620;2146;849177;419559;45.3;22.4
69;2021-06-14;8574;9086;857751;428645;45.7;22.8
69;2021-06-15;10932;11015;868683;439660;46.3;23.4
69;2021-06-16;11332;12320;880015;451980;46.9;24.1
69;2021-06-17;11454;13260;891469;465240;47.5;24.8
69;2021-06-18;12043;14775;903512;480015;48.2;25.6
69;2021-06-19;6813;8355;910325;488370;48.5;26.0
69;2021-06-20;5274;4768;915599;493138;48.8;26.3
69;2021-06-21;6537;12119;922136;505257;49.2;26.9
69;2021-06-22;7211;13836;929347;519093;49.5;27.7
69;2021-06-23;8347;13028;937694;532121;50.0;28.4
69;2021-06-24;9293;13743;946987;545864;50.5;29.1
69;2021-06-25;7079;16311;954066;562175;50.9;30.0
69;2021-06-26;3871;9073;957937;571248;51.1;30.4
69;2021-06-27;3291;7420;961228;578668;51.2;30.8
69;2021-06-28;4551;14893;965779;593561;51.5;31.6
69;2021-06-29;5367;15669;971146;609230;51.8;32.5
69;2021-06-30;6387;14452;977533;623682;52.1;33.2
69;2021-07-01;9054;11980;986587;635662;52.6;33.9
69;2021-07-02;10688;14129;997275;649791;53.2;34.6
69;2021-07-03;5994;7771;1003269;657562;53.5;35.1
69;2021-07-04;4126;5551;1007395;663113;53.7;35.3
69;2021-07-05;6229;13021;1013624;676134;54.0;36.0
69;2021-07-06;5914;14280;1019538;690414;54.3;36.8
69;2021-07-07;7318;13562;1026856;703976;54.7;37.5
69;2021-07-08;7587;13409;1034443;717385;55.1;38.2
69;2021-07-09;7583;16480;1042026;733865;55.5;39.1
69;2021-07-10;3124;10312;1045150;744177;55.7;39.7
69;2021-07-11;4331;5830;1049481;750007;55.9;40.0
69;2021-07-12;4212;16969;1053693;766976;56.2;40.9
69;2021-07-13;6451;20719;1060144;787695;56.5;42.0
69;2021-07-14;5054;8482;1065198;796177;56.8;42.4
69;2021-07-15;7498;22583;1072696;818760;57.2;43.6
69;2021-07-16;9962;20119;1082658;838879;57.7;44.7
69;2021-07-17;4882;12239;1087540;851118;58.0;45.4
69;2021-07-18;3411;8894;1090951;860012;58.2;45.8
69;2021-07-19;7071;16463;1098022;876475;58.5;46.7
69;2021-07-20;9580;19307;1107602;895782;59.0;47.7
69;2021-07-21;9387;17424;1116989;913206;59.5;48.7
69;2021-07-22;11472;16401;1128461;929607;60.2;49.6
69;2021-07-23;11139;17688;1139600;947295;60.7;50.5
69;2021-07-24;5706;11049;1145306;958344;61.0;51.1
69;2021-07-25;4706;6631;1150012;964975;61.3;51.4
69;2021-07-26;8927;12952;1158939;977927;61.8;52.1
69;2021-07-27;12939;12097;1171878;990024;62.5;52.8
69;2021-07-28;12092;12158;1183970;1002182;63.1;53.4
69;2021-07-29;14762;12263;1198732;1014445;63.9;54.1
69;2021-07-30;14417;12246;1213149;1026691;64.7;54.7
69;2021-07-31;8270;7255;1221419;1033946;65.1;55.1
69;2021-08-01;5187;5881;1226606;1039827;65.4;55.4
69;2021-08-02;13263;9640;1239869;1049467;66.1;55.9
69;2021-08-03;13289;8989;1253158;1058456;66.8;56.4
69;2021-08-04;14352;8141;1267510;1066597;67.6;56.9
69;2021-08-05;11530;7540;1279040;1074137;68.2;57.3
69;2021-08-06;10605;7798;1289645;1081935;68.7;57.7
69;2021-08-07;5005;4811;1294650;1086746;69.0;57.9
69;2021-08-08;4371;3565;1299021;1090311;69.2;58.1
69;2021-08-09;7778;9219;1306799;1099530;69.7;58.6
69;2021-08-10;8085;7038;1314884;1106568;70.1;59.0
69;2021-08-11;7898;8113;1322782;1114681;70.5;59.4
69;2021-08-12;7315;7333;1330097;1122014;70.9;59.8
69;2021-08-13;6746;8361;1336843;1130375;71.3;60.3
69;2021-08-14;4512;5210;1341355;1135585;71.5;60.5
69;2021-08-15;2490;2522;1343845;1138107;71.6;60.7
69;2021-08-16;5936;8882;1349781;1146989;71.9;61.1
69;2021-08-17;6420;8275;1356201;1155264;72.3;61.6
69;2021-08-18;6251;9473;1362452;1164737;72.6;62.1
69;2021-08-19;6336;9335;1368788;1174072;73.0;62.6
69;2021-08-20;6185;8845;1374973;1182917;73.3;63.1
69;2021-08-21;2862;3958;1377835;1186875;73.4;63.3
69;2021-08-22;1965;2420;1379800;1189295;73.5;63.4
69;2021-08-23;3947;12384;1383747;1201679;73.8;64.1
69;2021-08-24;5189;13643;1388936;1215322;74.0;64.8
69;2021-08-25;4553;12910;1393489;1228232;74.3;65.5
69;2021-08-26;4559;11736;1398048;1239968;74.5;66.1
69;2021-08-27;4308;14452;1402356;1254420;74.8;66.9
69;2021-08-28;1966;8635;1404322;1263055;74.9;67.3
69;2021-08-29;1339;6527;1405661;1269582;74.9;67.7
69;2021-08-30;3259;11733;1408920;1281315;75.1;68.3
69;2021-08-31;4198;9999;1413118;1291314;75.3;68.8
69;2021-09-01;4814;9453;1417932;1300767;75.6;69.3
69;2021-09-02;4400;8373;1422332;1309140;75.8;69.8
69;2021-09-03;4345;10433;1426677;1319573;76.0;70.3
69;2021-09-04;2954;8538;1429631;1328111;76.2;70.8
69;2021-09-05;1424;3618;1431055;1331729;76.3;71.0
69;2021-09-06;2257;6130;1433312;1337859;76.4;71.3
69;2021-09-07;2364;6052;1435676;1343911;76.5;71.6
69;2021-09-08;2674;6823;1438350;1350734;76.7;72.0
69;2021-09-09;2384;5808;1440734;1356542;76.8;72.3
69;2021-09-10;2610;6655;1443344;1363197;76.9;72.7
69;2021-09-11;1630;5063;1444974;1368260;77.0;72.9
69;2021-09-12;526;2225;1445500;1370485;77.1;73.1
69;2021-09-13;1618;4550;1447118;1375035;77.1;73.3
69;2021-09-14;1801;4218;1448919;1379253;77.2;73.5
69;2021-09-15;1856;5051;1450775;1384304;77.3;73.8
69;2021-09-16;1517;3493;1452292;1387797;77.4;74.0
69;2021-09-17;1793;4886;1454085;1392683;77.5;74.2
69;2021-09-18;1111;4090;1455196;1396773;77.6;74.5
69;2021-09-19;479;1523;1455675;1398296;77.6;74.5
69;2021-09-20;941;2992;1456616;1401288;77.6;74.7
69;2021-09-21;974;3513;1457590;1404801;77.7;74.9
69;2021-09-22;1146;4070;1458736;1408871;77.8;75.1
69;2021-09-23;905;3070;1459641;1411941;77.8;75.3
69;2021-09-24;1244;4186;1460885;1416127;77.9;75.5
69;2021-09-25;723;2736;1461608;1418863;77.9;75.6
69;2021-09-26;296;1213;1461904;1420076;77.9;75.7
69;2021-09-27;663;2043;1462567;1422119;78.0;75.8
69;2021-09-28;924;2105;1463491;1424224;78.0;75.9
69;2021-09-29;1142;3294;1464633;1427518;78.1;76.1
69;2021-09-30;937;2362;1465570;1429880;78.1;76.2
69;2021-10-01;1506;3535;1467076;1433415;78.2;76.4
69;2021-10-02;945;2265;1468021;1435680;78.3;76.5
69;2021-10-03;316;648;1468337;1436328;78.3;76.6
69;2021-10-04;775;2013;1469112;1438341;78.3;76.7
69;2021-10-05;771;1829;1469883;1440170;78.3;76.8
69;2021-10-06;1088;2423;1470971;1442593;78.4;76.9
69;2021-10-07;865;1790;1471836;1444383;78.5;77.0
69;2021-10-08;1242;3016;1473078;1447399;78.5;77.2
69;2021-10-09;734;1561;1473812;1448960;78.6;77.2
69;2021-10-10;54;416;1473866;1449376;78.6;77.3
70;2020-12-27;0;0;0;0;0.0;0.0
70;2020-12-28;0;0;0;0;0.0;0.0
70;2020-12-29;0;0;0;0;0.0;0.0
70;2020-12-30;0;0;0;0;0.0;0.0
70;2020-12-31;0;0;0;0;0.0;0.0
70;2021-01-01;0;0;0;0;0.0;0.0
70;2021-01-02;0;0;0;0;0.0;0.0
70;2021-01-03;0;0;0;0;0.0;0.0
70;2021-01-04;0;0;0;0;0.0;0.0
70;2021-01-05;1;1;1;1;0.0;0.0
70;2021-01-06;24;0;25;1;0.0;0.0
70;2021-01-07;121;0;146;1;0.1;0.0
70;2021-01-08;22;0;168;1;0.1;0.0
70;2021-01-09;0;0;168;1;0.1;0.0
70;2021-01-10;0;0;168;1;0.1;0.0
70;2021-01-11;148;1;316;2;0.1;0.0
70;2021-01-12;201;1;517;3;0.2;0.0
70;2021-01-13;172;2;689;5;0.3;0.0
70;2021-01-14;148;6;837;11;0.4;0.0
70;2021-01-15;153;1;990;12;0.4;0.0
70;2021-01-16;65;0;1055;12;0.5;0.0
70;2021-01-17;0;0;1055;12;0.5;0.0
70;2021-01-18;398;0;1453;12;0.6;0.0
70;2021-01-19;503;2;1956;14;0.8;0.0
70;2021-01-20;494;2;2450;16;1.1;0.0
70;2021-01-21;675;3;3125;19;1.3;0.0
70;2021-01-22;458;3;3583;22;1.5;0.0
70;2021-01-23;261;2;3844;24;1.6;0.0
70;2021-01-24;4;0;3848;24;1.7;0.0
70;2021-01-25;369;1;4217;25;1.8;0.0
70;2021-01-26;335;1;4552;26;2.0;0.0
70;2021-01-27;331;12;4883;38;2.1;0.0
70;2021-01-28;366;36;5249;74;2.3;0.0
70;2021-01-29;329;52;5578;126;2.4;0.1
70;2021-01-30;228;1;5806;127;2.5;0.1
70;2021-01-31;0;0;5806;127;2.5;0.1
70;2021-02-01;262;52;6068;179;2.6;0.1
70;2021-02-02;272;98;6340;277;2.7;0.1
70;2021-02-03;250;61;6590;338;2.8;0.1
70;2021-02-04;265;125;6855;463;2.9;0.2
70;2021-02-05;254;75;7109;538;3.0;0.2
70;2021-02-06;209;38;7318;576;3.1;0.2
70;2021-02-07;0;0;7318;576;3.1;0.2
70;2021-02-08;179;234;7497;810;3.2;0.3
70;2021-02-09;206;229;7703;1039;3.3;0.4
70;2021-02-10;196;305;7899;1344;3.4;0.6
70;2021-02-11;351;338;8250;1682;3.5;0.7
70;2021-02-12;239;492;8489;2174;3.6;0.9
70;2021-02-13;75;210;8564;2384;3.7;1.0
70;2021-02-14;0;29;8564;2413;3.7;1.0
70;2021-02-15;70;339;8634;2752;3.7;1.2
70;2021-02-16;113;362;8747;3114;3.8;1.3
70;2021-02-17;164;302;8911;3416;3.8;1.5
70;2021-02-18;205;257;9116;3673;3.9;1.6
70;2021-02-19;197;204;9313;3877;4.0;1.7
70;2021-02-20;192;69;9505;3946;4.1;1.7
70;2021-02-21;1;0;9506;3946;4.1;1.7
70;2021-02-22;106;238;9612;4184;4.1;1.8
70;2021-02-23;125;261;9737;4445;4.2;1.9
70;2021-02-24;132;234;9869;4679;4.2;2.0
70;2021-02-25;315;260;10184;4939;4.4;2.1
70;2021-02-26;395;151;10579;5090;4.5;2.2
70;2021-02-27;147;202;10726;5292;4.6;2.3
70;2021-02-28;0;0;10726;5292;4.6;2.3
70;2021-03-01;248;243;10974;5535;4.7;2.4
70;2021-03-02;487;278;11461;5813;4.9;2.5
70;2021-03-03;468;260;11929;6073;5.1;2.6
70;2021-03-04;693;278;12622;6351;5.4;2.7
70;2021-03-05;767;262;13389;6613;5.7;2.8
70;2021-03-06;539;118;13928;6731;6.0;2.9
70;2021-03-07;216;23;14144;6754;6.1;2.9
70;2021-03-08;554;214;14698;6968;6.3;3.0
70;2021-03-09;864;176;15562;7144;6.7;3.1
70;2021-03-10;659;179;16221;7323;7.0;3.1
70;2021-03-11;698;256;16919;7579;7.3;3.3
70;2021-03-12;985;181;17904;7760;7.7;3.3
70;2021-03-13;582;123;18486;7883;7.9;3.4
70;2021-03-14;20;1;18506;7884;7.9;3.4
70;2021-03-15;774;112;19280;7996;8.3;3.4
70;2021-03-16;655;99;19935;8095;8.5;3.5
70;2021-03-17;595;183;20530;8278;8.8;3.5
70;2021-03-18;633;141;21163;8419;9.1;3.6
70;2021-03-19;1019;143;22182;8562;9.5;3.7
70;2021-03-20;641;186;22823;8748;9.8;3.8
70;2021-03-21;9;0;22832;8748;9.8;3.8
70;2021-03-22;757;101;23589;8849;10.1;3.8
70;2021-03-23;1310;165;24899;9014;10.7;3.9
70;2021-03-24;1270;111;26169;9125;11.2;3.9
70;2021-03-25;1247;201;27416;9326;11.8;4.0
70;2021-03-26;1485;304;28901;9630;12.4;4.1
70;2021-03-27;956;129;29857;9759;12.8;4.2
70;2021-03-28;0;10;29857;9769;12.8;4.2
70;2021-03-29;721;417;30578;10186;13.1;4.4
70;2021-03-30;1093;317;31671;10503;13.6;4.5
70;2021-03-31;878;318;32549;10821;14.0;4.6
70;2021-04-01;1153;429;33702;11250;14.5;4.8
70;2021-04-02;1310;348;35012;11598;15.0;5.0
70;2021-04-03;639;323;35651;11921;15.3;5.1
70;2021-04-04;11;1;35662;11922;15.3;5.1
70;2021-04-05;4;2;35666;11924;15.3;5.1
70;2021-04-06;831;558;36497;12482;15.7;5.4
70;2021-04-07;858;590;37355;13072;16.0;5.6
70;2021-04-08;1319;567;38674;13639;16.6;5.8
70;2021-04-09;1402;541;40076;14180;17.2;6.1
70;2021-04-10;859;346;40935;14526;17.6;6.2
70;2021-04-11;23;1;40958;14527;17.6;6.2
70;2021-04-12;696;662;41654;15189;17.9;6.5
70;2021-04-13;921;770;42575;15959;18.3;6.8
70;2021-04-14;816;579;43391;16538;18.6;7.1
70;2021-04-15;1079;608;44470;17146;19.1;7.4
70;2021-04-16;1242;554;45712;17700;19.6;7.6
70;2021-04-17;688;469;46400;18169;19.9;7.8
70;2021-04-18;62;4;46462;18173;19.9;7.8
70;2021-04-19;540;810;47002;18983;20.2;8.1
70;2021-04-20;663;852;47665;19835;20.4;8.5
70;2021-04-21;483;932;48148;20767;20.6;8.9
70;2021-04-22;775;802;48923;21569;21.0;9.2
70;2021-04-23;875;743;49798;22312;21.4;9.6
70;2021-04-24;432;642;50230;22954;21.5;9.8
70;2021-04-25;11;0;50241;22954;21.5;9.8
70;2021-04-26;923;605;51164;23559;21.9;10.1
70;2021-04-27;1208;756;52372;24315;22.5;10.4
70;2021-04-28;889;811;53261;25126;22.8;10.8
70;2021-04-29;1342;935;54603;26061;23.4;11.2
70;2021-04-30;1533;876;56136;26937;24.1;11.6
70;2021-05-01;1694;121;57830;27058;24.8;11.6
70;2021-05-02;2;0;57832;27058;24.8;11.6
70;2021-05-03;1189;582;59021;27640;25.3;11.9
70;2021-05-04;1353;758;60374;28398;25.9;12.2
70;2021-05-05;1188;880;61562;29278;26.4;12.6
70;2021-05-06;1845;1271;63407;30549;27.2;13.1
70;2021-05-07;2127;1247;65534;31796;28.1;13.6
70;2021-05-08;1342;194;66876;31990;28.7;13.7
70;2021-05-09;9;58;66885;32048;28.7;13.7
70;2021-05-10;961;947;67846;32995;29.1;14.1
70;2021-05-11;1240;1080;69086;34075;29.6;14.6
70;2021-05-12;1175;866;70261;34941;30.1;15.0
70;2021-05-13;1544;147;71805;35088;30.8;15.0
70;2021-05-14;2062;757;73867;35845;31.7;15.4
70;2021-05-15;2656;531;76523;36376;32.8;15.6
70;2021-05-16;999;72;77522;36448;33.2;15.6
70;2021-05-17;1237;386;78759;36834;33.8;15.8
70;2021-05-18;1296;591;80055;37425;34.3;16.0
70;2021-05-19;1476;480;81531;37905;35.0;16.3
70;2021-05-20;1779;632;83310;38537;35.7;16.5
70;2021-05-21;1692;823;85002;39360;36.5;16.9
70;2021-05-22;1219;666;86221;40026;37.0;17.2
70;2021-05-23;8;14;86229;40040;37.0;17.2
70;2021-05-24;227;28;86456;40068;37.1;17.2
70;2021-05-25;837;926;87293;40994;37.4;17.6
70;2021-05-26;1048;946;88341;41940;37.9;18.0
70;2021-05-27;1263;998;89604;42938;38.4;18.4
70;2021-05-28;1546;1161;91150;44099;39.1;18.9
70;2021-05-29;1370;588;92520;44687;39.7;19.2
70;2021-05-30;1;8;92521;44695;39.7;19.2
70;2021-05-31;969;679;93490;45374;40.1;19.5
70;2021-06-01;1213;848;94703;46222;40.6;19.8
70;2021-06-02;1265;680;95968;46902;41.2;20.1
70;2021-06-03;1429;837;97397;47739;41.8;20.5
70;2021-06-04;1335;1111;98732;48850;42.3;20.9
70;2021-06-05;1024;663;99756;49513;42.8;21.2
70;2021-06-06;599;79;100355;49592;43.0;21.3
70;2021-06-07;941;848;101296;50440;43.4;21.6
70;2021-06-08;1216;1187;102512;51627;44.0;22.1
70;2021-06-09;1156;987;103668;52614;44.5;22.6
70;2021-06-10;1567;831;105235;53445;45.1;22.9
70;2021-06-11;1585;1958;106820;55403;45.8;23.8
70;2021-06-12;829;1970;107649;57373;46.2;24.6
70;2021-06-13;143;15;107792;57388;46.2;24.6
70;2021-06-14;559;1243;108351;58631;46.5;25.1
70;2021-06-15;451;1506;108802;60137;46.7;25.8
70;2021-06-16;798;1391;109600;61528;47.0;26.4
70;2021-06-17;1154;2098;110754;63626;47.5;27.3
70;2021-06-18;995;2254;111749;65880;47.9;28.3
70;2021-06-19;1091;1639;112840;67519;48.4;29.0
70;2021-06-20;1;3;112841;67522;48.4;29.0
70;2021-06-21;691;1453;113532;68975;48.7;29.6
70;2021-06-22;655;1513;114187;70488;49.0;30.2
70;2021-06-23;662;1569;114849;72057;49.3;30.9
70;2021-06-24;877;2049;115726;74106;49.6;31.8
70;2021-06-25;681;2649;116407;76755;49.9;32.9
70;2021-06-26;943;2136;117350;78891;50.3;33.8
70;2021-06-27;141;763;117491;79654;50.4;34.2
70;2021-06-28;335;1353;117826;81007;50.5;34.7
70;2021-06-29;411;1611;118237;82618;50.7;35.4
70;2021-06-30;390;1633;118627;84251;50.9;36.1
70;2021-07-01;642;1751;119269;86002;51.1;36.9
70;2021-07-02;815;1578;120084;87580;51.5;37.6
70;2021-07-03;841;1084;120925;88664;51.9;38.0
70;2021-07-04;29;70;120954;88734;51.9;38.1
70;2021-07-05;610;1037;121564;89771;52.1;38.5
70;2021-07-06;681;1274;122245;91045;52.4;39.0
70;2021-07-07;508;1425;122753;92470;52.6;39.7
70;2021-07-08;817;1574;123570;94044;53.0;40.3
70;2021-07-09;873;1662;124443;95706;53.4;41.0
70;2021-07-10;831;1033;125274;96739;53.7;41.5
70;2021-07-11;7;20;125281;96759;53.7;41.5
70;2021-07-12;432;1391;125713;98150;53.9;42.1
70;2021-07-13;907;1868;126620;100018;54.3;42.9
70;2021-07-14;33;6;126653;100024;54.3;42.9
70;2021-07-15;1382;1694;128035;101718;54.9;43.6
70;2021-07-16;1632;2061;129667;103779;55.6;44.5
70;2021-07-17;1501;1454;131168;105233;56.2;45.1
70;2021-07-18;1145;641;132313;105874;56.7;45.4
70;2021-07-19;883;976;133196;106850;57.1;45.8
70;2021-07-20;1349;1352;134545;108202;57.7;46.4
70;2021-07-21;1286;1402;135831;109604;58.2;47.0
70;2021-07-22;1867;1827;137698;111431;59.0;47.8
70;2021-07-23;1826;2491;139524;113922;59.8;48.9
70;2021-07-24;1364;1806;140888;115728;60.4;49.6
70;2021-07-25;27;3;140915;115731;60.4;49.6
70;2021-07-26;1055;975;141970;116706;60.9;50.0
70;2021-07-27;1398;976;143368;117682;61.5;50.5
70;2021-07-28;1404;1162;144772;118844;62.1;51.0
70;2021-07-29;1873;1387;146645;120231;62.9;51.6
70;2021-07-30;1975;1348;148620;121579;63.7;52.1
70;2021-07-31;1751;1166;150371;122745;64.5;52.6
70;2021-08-01;2;4;150373;122749;64.5;52.6
70;2021-08-02;776;737;151149;123486;64.8;53.0
70;2021-08-03;1296;1039;152445;124525;65.4;53.4
70;2021-08-04;1210;922;153655;125447;65.9;53.8
70;2021-08-05;1657;1191;155312;126638;66.6;54.3
70;2021-08-06;1795;1336;157107;127974;67.4;54.9
70;2021-08-07;1192;1032;158299;129006;67.9;55.3
70;2021-08-08;35;28;158334;129034;67.9;55.3
70;2021-08-09;533;704;158867;129738;68.1;55.6
70;2021-08-10;898;1131;159765;130869;68.5;56.1
70;2021-08-11;808;722;160573;131591;68.9;56.4
70;2021-08-12;906;1272;161479;132863;69.2;57.0
70;2021-08-13;1040;1621;162519;134484;69.7;57.7
70;2021-08-14;771;977;163290;135461;70.0;58.1
70;2021-08-15;36;28;163326;135489;70.0;58.1
70;2021-08-16;545;910;163871;136399;70.3;58.5
70;2021-08-17;680;1194;164551;137593;70.6;59.0
70;2021-08-18;535;939;165086;138532;70.8;59.4
70;2021-08-19;565;1385;165651;139917;71.0;60.0
70;2021-08-20;510;1900;166161;141817;71.3;60.8
70;2021-08-21;447;1163;166608;142980;71.4;61.3
70;2021-08-22;2;6;166610;142986;71.4;61.3
70;2021-08-23;282;879;166892;143865;71.6;61.7
70;2021-08-24;386;1373;167278;145238;71.7;62.3
70;2021-08-25;354;1344;167632;146582;71.9;62.9
70;2021-08-26;439;1560;168071;148142;72.1;63.5
70;2021-08-27;392;2127;168463;150269;72.2;64.4
70;2021-08-28;367;1706;168830;151975;72.4;65.2
70;2021-08-29;12;6;168842;151981;72.4;65.2
70;2021-08-30;298;831;169140;152812;72.5;65.5
70;2021-08-31;360;1121;169500;153933;72.7;66.0
70;2021-09-01;316;987;169816;154920;72.8;66.4
70;2021-09-02;303;1107;170119;156027;73.0;66.9
70;2021-09-03;280;1067;170399;157094;73.1;67.4
70;2021-09-04;455;1117;170854;158211;73.3;67.8
70;2021-09-05;21;22;170875;158233;73.3;67.9
70;2021-09-06;168;602;171043;158835;73.3;68.1
70;2021-09-07;186;746;171229;159581;73.4;68.4
70;2021-09-08;193;777;171422;160358;73.5;68.8
70;2021-09-09;182;734;171604;161092;73.6;69.1
70;2021-09-10;256;798;171860;161890;73.7;69.4
70;2021-09-11;297;891;172157;162781;73.8;69.8
70;2021-09-12;7;30;172164;162811;73.8;69.8
70;2021-09-13;153;354;172317;163165;73.9;70.0
70;2021-09-14;318;422;172635;163587;74.0;70.2
70;2021-09-15;171;533;172806;164120;74.1;70.4
70;2021-09-16;250;392;173056;164512;74.2;70.5
70;2021-09-17;195;457;173251;164969;74.3;70.7
70;2021-09-18;177;459;173428;165428;74.4;70.9
70;2021-09-19;3;14;173431;165442;74.4;70.9
70;2021-09-20;82;215;173513;165657;74.4;71.0
70;2021-09-21;163;279;173676;165936;74.5;71.2
70;2021-09-22;114;384;173790;166320;74.5;71.3
70;2021-09-23;66;229;173856;166549;74.6;71.4
70;2021-09-24;196;389;174052;166938;74.6;71.6
70;2021-09-25;139;504;174191;167442;74.7;71.8
70;2021-09-26;0;1;174191;167443;74.7;71.8
70;2021-09-27;51;201;174242;167644;74.7;71.9
70;2021-09-28;77;195;174319;167839;74.8;72.0
70;2021-09-29;91;240;174410;168079;74.8;72.1
70;2021-09-30;81;158;174491;168237;74.8;72.1
70;2021-10-01;122;250;174613;168487;74.9;72.3
70;2021-10-02;115;326;174728;168813;74.9;72.4
70;2021-10-03;1;1;174729;168814;74.9;72.4
70;2021-10-04;73;169;174802;168983;75.0;72.5
70;2021-10-05;82;289;174884;169272;75.0;72.6
70;2021-10-06;129;213;175013;169485;75.1;72.7
70;2021-10-07;98;225;175111;169710;75.1;72.8
70;2021-10-08;113;222;175224;169932;75.1;72.9
70;2021-10-09;137;302;175361;170234;75.2;73.0
70;2021-10-10;1;5;175362;170239;75.2;73.0
71;2020-12-27;0;0;0;0;0.0;0.0
71;2020-12-28;1;0;1;0;0.0;0.0
71;2020-12-29;0;0;1;0;0.0;0.0
71;2020-12-30;0;0;1;0;0.0;0.0
71;2020-12-31;0;0;1;0;0.0;0.0
71;2021-01-01;1;0;2;0;0.0;0.0
71;2021-01-02;0;0;2;0;0.0;0.0
71;2021-01-03;2;1;4;1;0.0;0.0
71;2021-01-04;1;0;5;1;0.0;0.0
71;2021-01-05;13;0;18;1;0.0;0.0
71;2021-01-06;72;0;90;1;0.0;0.0
71;2021-01-07;67;2;157;3;0.0;0.0
71;2021-01-08;146;0;303;3;0.1;0.0
71;2021-01-09;117;0;420;3;0.1;0.0
71;2021-01-10;1;0;421;3;0.1;0.0
71;2021-01-11;245;1;666;4;0.1;0.0
71;2021-01-12;845;1;1511;5;0.3;0.0
71;2021-01-13;564;2;2075;7;0.4;0.0
71;2021-01-14;591;12;2666;19;0.5;0.0
71;2021-01-15;665;2;3331;21;0.6;0.0
71;2021-01-16;10;0;3341;21;0.6;0.0
71;2021-01-17;0;0;3341;21;0.6;0.0
71;2021-01-18;1095;8;4436;29;0.8;0.0
71;2021-01-19;1694;8;6130;37;1.1;0.0
71;2021-01-20;1517;7;7647;44;1.4;0.0
71;2021-01-21;2062;20;9709;64;1.8;0.0
71;2021-01-22;1414;6;11123;70;2.0;0.0
71;2021-01-23;815;6;11938;76;2.2;0.0
71;2021-01-24;1;1;11939;77;2.2;0.0
71;2021-01-25;1065;6;13004;83;2.4;0.0
71;2021-01-26;1505;29;14509;112;2.6;0.0
71;2021-01-27;1249;34;15758;146;2.9;0.0
71;2021-01-28;1082;99;16840;245;3.1;0.0
71;2021-01-29;1016;142;17856;387;3.3;0.1
71;2021-01-30;604;2;18460;389;3.4;0.1
71;2021-01-31;1;15;18461;404;3.4;0.1
71;2021-02-01;752;238;19213;642;3.5;0.1
71;2021-02-02;754;356;19967;998;3.6;0.2
71;2021-02-03;817;422;20784;1420;3.8;0.3
71;2021-02-04;784;573;21568;1993;3.9;0.4
71;2021-02-05;704;522;22272;2515;4.1;0.5
71;2021-02-06;539;10;22811;2525;4.2;0.5
71;2021-02-07;4;50;22815;2575;4.2;0.5
71;2021-02-08;603;696;23418;3271;4.3;0.6
71;2021-02-09;370;1009;23788;4280;4.3;0.8
71;2021-02-10;412;991;24200;5271;4.4;1.0
71;2021-02-11;477;1181;24677;6452;4.5;1.2
71;2021-02-12;535;1037;25212;7489;4.6;1.4
71;2021-02-13;124;500;25336;7989;4.6;1.5
71;2021-02-14;2;7;25338;7996;4.6;1.5
71;2021-02-15;322;908;25660;8904;4.7;1.6
71;2021-02-16;445;1353;26105;10257;4.8;1.9
71;2021-02-17;427;1128;26532;11385;4.8;2.1
71;2021-02-18;548;930;27080;12315;4.9;2.2
71;2021-02-19;571;844;27651;13159;5.0;2.4
71;2021-02-20;224;382;27875;13541;5.1;2.5
71;2021-02-21;4;13;27879;13554;5.1;2.5
71;2021-02-22;237;871;28116;14425;5.1;2.6
71;2021-02-23;452;929;28568;15354;5.2;2.8
71;2021-02-24;446;719;29014;16073;5.3;2.9
71;2021-02-25;533;724;29547;16797;5.4;3.1
71;2021-02-26;831;539;30378;17336;5.5;3.2
71;2021-02-27;456;335;30834;17671;5.6;3.2
71;2021-02-28;54;14;30888;17685;5.6;3.2
71;2021-03-01;1188;684;32076;18369;5.9;3.4
71;2021-03-02;1573;650;33649;19019;6.1;3.5
71;2021-03-03;1818;774;35467;19793;6.5;3.6
71;2021-03-04;2001;828;37468;20621;6.8;3.8
71;2021-03-05;2286;699;39754;21320;7.3;3.9
71;2021-03-06;754;66;40508;21386;7.4;3.9
71;2021-03-07;40;21;40548;21407;7.4;3.9
71;2021-03-08;1454;789;42002;22196;7.7;4.1
71;2021-03-09;2160;536;44162;22732;8.1;4.1
71;2021-03-10;2173;482;46335;23214;8.5;4.2
71;2021-03-11;2630;677;48965;23891;8.9;4.4
71;2021-03-12;2603;632;51568;24523;9.4;4.5
71;2021-03-13;995;102;52563;24625;9.6;4.5
71;2021-03-14;36;0;52599;24625;9.6;4.5
71;2021-03-15;1797;501;54396;25126;9.9;4.6
71;2021-03-16;1821;204;56217;25330;10.3;4.6
71;2021-03-17;2135;256;58352;25586;10.7;4.7
71;2021-03-18;1954;441;60306;26027;11.0;4.8
71;2021-03-19;2370;342;62676;26369;11.4;4.8
71;2021-03-20;1083;42;63759;26411;11.6;4.8
71;2021-03-21;17;5;63776;26416;11.6;4.8
71;2021-03-22;2575;385;66351;26801;12.1;4.9
71;2021-03-23;3347;509;69698;27310;12.7;5.0
71;2021-03-24;3349;473;73047;27783;13.3;5.1
71;2021-03-25;4029;606;77076;28389;14.1;5.2
71;2021-03-26;4057;347;81133;28736;14.8;5.2
71;2021-03-27;997;107;82130;28843;15.0;5.3
71;2021-03-28;57;8;82187;28851;15.0;5.3
71;2021-03-29;2408;1176;84595;30027;15.4;5.5
71;2021-03-30;2948;1360;87543;31387;16.0;5.7
71;2021-03-31;2546;1532;90089;32919;16.4;6.0
71;2021-04-01;2718;1305;92807;34224;16.9;6.2
71;2021-04-02;2501;1423;95308;35647;17.4;6.5
71;2021-04-03;268;34;95576;35681;17.4;6.5
71;2021-04-04;6;0;95582;35681;17.4;6.5
71;2021-04-05;61;2;95643;35683;17.5;6.5
71;2021-04-06;2257;1882;97900;37565;17.9;6.9
71;2021-04-07;2388;1797;100288;39362;18.3;7.2
71;2021-04-08;3283;1813;103571;41175;18.9;7.5
71;2021-04-09;4040;1678;107611;42853;19.6;7.8
71;2021-04-10;769;49;108380;42902;19.8;7.8
71;2021-04-11;97;4;108477;42906;19.8;7.8
71;2021-04-12;2352;1705;110829;44611;20.2;8.1
71;2021-04-13;2583;1894;113412;46505;20.7;8.5
71;2021-04-14;2375;1928;115787;48433;21.1;8.8
71;2021-04-15;2779;1696;118566;50129;21.6;9.2
71;2021-04-16;2628;1647;121194;51776;22.1;9.5
71;2021-04-17;952;347;122146;52123;22.3;9.5
71;2021-04-18;106;6;122252;52129;22.3;9.5
71;2021-04-19;1758;2573;124010;54702;22.6;10.0
71;2021-04-20;2220;2605;126230;57307;23.0;10.5
71;2021-04-21;2123;2594;128353;59901;23.4;10.9
71;2021-04-22;2512;2450;130865;62351;23.9;11.4
71;2021-04-23;2922;2271;133787;64622;24.4;11.8
71;2021-04-24;517;52;134304;64674;24.5;11.8
71;2021-04-25;26;0;134330;64674;24.5;11.8
71;2021-04-26;2565;2140;136895;66814;25.0;12.2
71;2021-04-27;2990;2274;139885;69088;25.5;12.6
71;2021-04-28;3073;2129;142958;71217;26.1;13.0
71;2021-04-29;3780;2233;146738;73450;26.8;13.4
71;2021-04-30;3926;1730;150664;75180;27.5;13.7
71;2021-05-01;39;53;150703;75233;27.5;13.7
71;2021-05-02;23;18;150726;75251;27.5;13.7
71;2021-05-03;4290;1385;155016;76636;28.3;14.0
71;2021-05-04;2955;2360;157971;78996;28.8;14.4
71;2021-05-05;3426;2089;161397;81085;29.5;14.8
71;2021-05-06;3467;2373;164864;83458;30.1;15.2
71;2021-05-07;3678;2813;168542;86271;30.8;15.7
71;2021-05-08;179;183;168721;86454;30.8;15.8
71;2021-05-09;44;47;168765;86501;30.8;15.8
71;2021-05-10;3696;2293;172461;88794;31.5;16.2
71;2021-05-11;4663;2361;177124;91155;32.3;16.6
71;2021-05-12;3978;2602;181102;93757;33.1;17.1
71;2021-05-13;1576;155;182678;93912;33.3;17.1
71;2021-05-14;3766;2197;186444;96109;34.0;17.5
71;2021-05-15;243;331;186687;96440;34.1;17.6
71;2021-05-16;2;0;186689;96440;34.1;17.6
71;2021-05-17;3864;1887;190553;98327;34.8;17.9
71;2021-05-18;3498;2429;194051;100756;35.4;18.4
71;2021-05-19;3719;2279;197770;103035;36.1;18.8
71;2021-05-20;4184;2300;201954;105335;36.9;19.2
71;2021-05-21;3721;2567;205675;107902;37.5;19.7
71;2021-05-22;169;304;205844;108206;37.6;19.8
71;2021-05-23;14;55;205858;108261;37.6;19.8
71;2021-05-24;21;96;205879;108357;37.6;19.8
71;2021-05-25;2689;3004;208568;111361;38.1;20.3
71;2021-05-26;2972;2434;211540;113795;38.6;20.8
71;2021-05-27;3387;2589;214927;116384;39.2;21.2
71;2021-05-28;2919;3160;217846;119544;39.8;21.8
71;2021-05-29;482;659;218328;120203;39.9;21.9
71;2021-05-30;76;58;218404;120261;39.9;22.0
71;2021-05-31;2774;3455;221178;123716;40.4;22.6
71;2021-06-01;3671;3543;224849;127259;41.0;23.2
71;2021-06-02;3997;2635;228846;129894;41.8;23.7
71;2021-06-03;4435;2524;233281;132418;42.6;24.2
71;2021-06-04;3716;3715;236997;136133;43.3;24.8
71;2021-06-05;684;647;237681;136780;43.4;25.0
71;2021-06-06;57;91;237738;136871;43.4;25.0
71;2021-06-07;3281;4152;241019;141023;44.0;25.7
71;2021-06-08;3894;4010;244913;145033;44.7;26.5
71;2021-06-09;4695;2753;249608;147786;45.6;27.0
71;2021-06-10;5265;2748;254873;150534;46.5;27.5
71;2021-06-11;4435;3722;259308;154256;47.3;28.2
71;2021-06-12;715;595;260023;154851;47.5;28.3
71;2021-06-13;104;187;260127;155038;47.5;28.3
71;2021-06-14;3510;3786;263637;158824;48.1;29.0
71;2021-06-15;4205;3555;267842;162379;48.9;29.6
71;2021-06-16;4595;2731;272437;165110;49.7;30.1
71;2021-06-17;4267;3001;276704;168111;50.5;30.7
71;2021-06-18;4325;3770;281029;171881;51.3;31.4
71;2021-06-19;1269;654;282298;172535;51.5;31.5
71;2021-06-20;37;27;282335;172562;51.5;31.5
71;2021-06-21;2270;4276;284605;176838;52.0;32.3
71;2021-06-22;2689;4356;287294;181194;52.4;33.1
71;2021-06-23;3061;3421;290355;184615;53.0;33.7
71;2021-06-24;3328;3023;293683;187638;53.6;34.3
71;2021-06-25;2652;4473;296335;192111;54.1;35.1
71;2021-06-26;372;551;296707;192662;54.2;35.2
71;2021-06-27;29;67;296736;192729;54.2;35.2
71;2021-06-28;1535;4624;298271;197353;54.4;36.0
71;2021-06-29;1992;4823;300263;202176;54.8;36.9
71;2021-06-30;2503;3937;302766;206113;55.3;37.6
71;2021-07-01;2826;3900;305592;210013;55.8;38.3
71;2021-07-02;3032;3987;308624;214000;56.3;39.1
71;2021-07-03;319;712;308943;214712;56.4;39.2
71;2021-07-04;28;132;308971;214844;56.4;39.2
71;2021-07-05;2474;4322;311445;219166;56.9;40.0
71;2021-07-06;2461;4562;313906;223728;57.3;40.8
71;2021-07-07;2983;3724;316889;227452;57.8;41.5
71;2021-07-08;2766;4111;319655;231563;58.3;42.3
71;2021-07-09;2383;5024;322038;236587;58.8;43.2
71;2021-07-10;212;656;322250;237243;58.8;43.3
71;2021-07-11;15;65;322265;237308;58.8;43.3
71;2021-07-12;1911;5304;324176;242612;59.2;44.3
71;2021-07-13;2537;5863;326713;248475;59.6;45.4
71;2021-07-14;950;401;327663;248876;59.8;45.4
71;2021-07-15;3024;5734;330687;254610;60.4;46.5
71;2021-07-16;3294;6010;333981;260620;61.0;47.6
71;2021-07-17;505;781;334486;261401;61.1;47.7
71;2021-07-18;89;93;334575;261494;61.1;47.7
71;2021-07-19;2865;5553;337440;267047;61.6;48.7
71;2021-07-20;3367;5914;340807;272961;62.2;49.8
71;2021-07-21;3413;5472;344220;278433;62.8;50.8
71;2021-07-22;3945;5334;348165;283767;63.6;51.8
71;2021-07-23;3233;6002;351398;289769;64.1;52.9
71;2021-07-24;715;601;352113;290370;64.3;53.0
71;2021-07-25;148;82;352261;290452;64.3;53.0
71;2021-07-26;3597;4892;355858;295344;65.0;53.9
71;2021-07-27;4090;5123;359948;300467;65.7;54.8
71;2021-07-28;4248;4813;364196;305280;66.5;55.7
71;2021-07-29;4213;4645;368409;309925;67.2;56.6
71;2021-07-30;4241;4926;372650;314851;68.0;57.5
71;2021-07-31;722;723;373372;315574;68.2;57.6
71;2021-08-01;108;35;373480;315609;68.2;57.6
71;2021-08-02;3967;3760;377447;319369;68.9;58.3
71;2021-08-03;4408;3823;381855;323192;69.7;59.0
71;2021-08-04;4391;2986;386246;326178;70.5;59.5
71;2021-08-05;4189;3271;390435;329449;71.3;60.1
71;2021-08-06;3700;4012;394135;333461;71.9;60.9
71;2021-08-07;495;329;394630;333790;72.0;60.9
71;2021-08-08;51;65;394681;333855;72.0;60.9
71;2021-08-09;3045;3410;397726;337265;72.6;61.6
71;2021-08-10;3074;3389;400800;340654;73.2;62.2
71;2021-08-11;3186;3082;403986;343736;73.7;62.7
71;2021-08-12;3016;3106;407002;346842;74.3;63.3
71;2021-08-13;2691;3334;409693;350176;74.8;63.9
71;2021-08-14;282;518;409975;350694;74.8;64.0
71;2021-08-15;49;110;410024;350804;74.8;64.0
71;2021-08-16;1709;3528;411733;354332;75.2;64.7
71;2021-08-17;1739;3433;413472;357765;75.5;65.3
71;2021-08-18;1453;3160;414925;360925;75.7;65.9
71;2021-08-19;1277;3117;416202;364042;76.0;66.5
71;2021-08-20;1290;3699;417492;367741;76.2;67.1
71;2021-08-21;148;413;417640;368154;76.2;67.2
71;2021-08-22;41;99;417681;368253;76.2;67.2
71;2021-08-23;1427;4543;419108;372796;76.5;68.1
71;2021-08-24;1335;3804;420443;376600;76.7;68.7
71;2021-08-25;950;3773;421393;380373;76.9;69.4
71;2021-08-26;958;3393;422351;383766;77.1;70.1
71;2021-08-27;1151;4462;423502;388228;77.3;70.9
71;2021-08-28;195;413;423697;388641;77.3;70.9
71;2021-08-29;29;106;423726;388747;77.3;71.0
71;2021-08-30;1250;3879;424976;392626;77.6;71.7
71;2021-08-31;1022;3479;425998;396105;77.8;72.3
71;2021-09-01;933;3271;426931;399376;77.9;72.9
71;2021-09-02;602;2837;427533;402213;78.0;73.4
71;2021-09-03;836;3680;428369;405893;78.2;74.1
71;2021-09-04;266;530;428635;406423;78.2;74.2
71;2021-09-05;23;52;428658;406475;78.2;74.2
71;2021-09-06;638;2377;429296;408852;78.4;74.6
71;2021-09-07;517;1712;429813;410564;78.5;74.9
71;2021-09-08;719;2188;430532;412752;78.6;75.3
71;2021-09-09;456;1274;430988;414026;78.7;75.6
71;2021-09-10;819;2147;431807;416173;78.8;76.0
71;2021-09-11;199;266;432006;416439;78.9;76.0
71;2021-09-12;19;37;432025;416476;78.9;76.0
71;2021-09-13;643;1283;432668;417759;79.0;76.3
71;2021-09-14;487;1075;433155;418834;79.1;76.5
71;2021-09-15;603;1497;433758;420331;79.2;76.7
71;2021-09-16;447;822;434205;421153;79.3;76.9
71;2021-09-17;533;1437;434738;422590;79.4;77.1
71;2021-09-18;142;262;434880;422852;79.4;77.2
71;2021-09-19;9;28;434889;422880;79.4;77.2
71;2021-09-20;484;924;435373;423804;79.5;77.4
71;2021-09-21;294;711;435667;424515;79.5;77.5
71;2021-09-22;341;1377;436008;425892;79.6;77.7
71;2021-09-23;306;578;436314;426470;79.6;77.8
71;2021-09-24;367;1029;436681;427499;79.7;78.0
71;2021-09-25;71;176;436752;427675;79.7;78.1
71;2021-09-26;11;35;436763;427710;79.7;78.1
71;2021-09-27;287;757;437050;428467;79.8;78.2
71;2021-09-28;288;477;437338;428944;79.8;78.3
71;2021-09-29;332;740;437670;429684;79.9;78.4
71;2021-09-30;207;500;437877;430184;79.9;78.5
71;2021-10-01;332;892;438209;431076;80.0;78.7
71;2021-10-02;108;226;438317;431302;80.0;78.7
71;2021-10-03;3;7;438320;431309;80.0;78.7
71;2021-10-04;252;554;438572;431863;80.1;78.8
71;2021-10-05;195;391;438767;432254;80.1;78.9
71;2021-10-06;380;656;439147;432910;80.2;79.0
71;2021-10-07;147;348;439294;433258;80.2;79.1
71;2021-10-08;321;645;439615;433903;80.2;79.2
71;2021-10-09;59;161;439674;434064;80.3;79.2
71;2021-10-10;5;17;439679;434081;80.3;79.2
72;2020-12-27;0;0;0;0;0.0;0.0
72;2020-12-28;0;0;0;0;0.0;0.0
72;2020-12-29;0;0;0;0;0.0;0.0
72;2020-12-30;0;0;0;0;0.0;0.0
72;2020-12-31;0;0;0;0;0.0;0.0
72;2021-01-01;2;0;2;0;0.0;0.0
72;2021-01-02;0;0;2;0;0.0;0.0
72;2021-01-03;0;0;2;0;0.0;0.0
72;2021-01-04;0;0;2;0;0.0;0.0
72;2021-01-05;14;0;16;0;0.0;0.0
72;2021-01-06;27;0;43;0;0.0;0.0
72;2021-01-07;110;1;153;1;0.0;0.0
72;2021-01-08;232;1;385;2;0.1;0.0
72;2021-01-09;36;0;421;2;0.1;0.0
72;2021-01-10;0;0;421;2;0.1;0.0
72;2021-01-11;485;1;906;3;0.2;0.0
72;2021-01-12;614;1;1520;4;0.3;0.0
72;2021-01-13;500;1;2020;5;0.4;0.0
72;2021-01-14;644;3;2664;8;0.5;0.0
72;2021-01-15;478;1;3142;9;0.6;0.0
72;2021-01-16;94;0;3236;9;0.6;0.0
72;2021-01-17;0;0;3236;9;0.6;0.0
72;2021-01-18;294;1;3530;10;0.6;0.0
72;2021-01-19;779;4;4309;14;0.8;0.0
72;2021-01-20;1539;6;5848;20;1.0;0.0
72;2021-01-21;1778;6;7626;26;1.4;0.0
72;2021-01-22;1149;6;8775;32;1.6;0.0
72;2021-01-23;32;0;8807;32;1.6;0.0
72;2021-01-24;0;0;8807;32;1.6;0.0
72;2021-01-25;503;7;9310;39;1.7;0.0
72;2021-01-26;1166;21;10476;60;1.9;0.0
72;2021-01-27;883;22;11359;82;2.0;0.0
72;2021-01-28;776;67;12135;149;2.2;0.0
72;2021-01-29;712;68;12847;217;2.3;0.0
72;2021-01-30;58;0;12905;217;2.3;0.0
72;2021-01-31;1;0;12906;217;2.3;0.0
72;2021-02-01;499;228;13405;445;2.4;0.1
72;2021-02-02;506;294;13911;739;2.5;0.1
72;2021-02-03;487;230;14398;969;2.6;0.2
72;2021-02-04;477;341;14875;1310;2.7;0.2
72;2021-02-05;514;407;15389;1717;2.7;0.3
72;2021-02-06;83;14;15472;1731;2.8;0.3
72;2021-02-07;19;3;15491;1734;2.8;0.3
72;2021-02-08;310;401;15801;2135;2.8;0.4
72;2021-02-09;488;530;16289;2665;2.9;0.5
72;2021-02-10;567;930;16856;3595;3.0;0.6
72;2021-02-11;860;1344;17716;4939;3.2;0.9
72;2021-02-12;851;594;18567;5533;3.3;1.0
72;2021-02-13;111;38;18678;5571;3.3;1.0
72;2021-02-14;1;22;18679;5593;3.3;1.0
72;2021-02-15;220;502;18899;6095;3.4;1.1
72;2021-02-16;503;1027;19402;7122;3.5;1.3
72;2021-02-17;463;715;19865;7837;3.5;1.4
72;2021-02-18;595;635;20460;8472;3.7;1.5
72;2021-02-19;521;598;20981;9070;3.7;1.6
72;2021-02-20;81;57;21062;9127;3.8;1.6
72;2021-02-21;0;0;21062;9127;3.8;1.6
72;2021-02-22;329;578;21391;9705;3.8;1.7
72;2021-02-23;569;531;21960;10236;3.9;1.8
72;2021-02-24;435;472;22395;10708;4.0;1.9
72;2021-02-25;922;564;23317;11272;4.2;2.0
72;2021-02-26;599;512;23916;11784;4.3;2.1
72;2021-02-27;322;67;24238;11851;4.3;2.1
72;2021-02-28;15;17;24253;11868;4.3;2.1
72;2021-03-01;379;480;24632;12348;4.4;2.2
72;2021-03-02;503;605;25135;12953;4.5;2.3
72;2021-03-03;733;656;25868;13609;4.6;2.4
72;2021-03-04;742;787;26610;14396;4.7;2.6
72;2021-03-05;935;772;27545;15168;4.9;2.7
72;2021-03-06;761;136;28306;15304;5.1;2.7
72;2021-03-07;448;26;28754;15330;5.1;2.7
72;2021-03-08;561;447;29315;15777;5.2;2.8
72;2021-03-09;1045;644;30360;16421;5.4;2.9
72;2021-03-10;1134;662;31494;17083;5.6;3.0
72;2021-03-11;1610;498;33104;17581;5.9;3.1
72;2021-03-12;1364;521;34468;18102;6.2;3.2
72;2021-03-13;983;120;35451;18222;6.3;3.3
72;2021-03-14;14;10;35465;18232;6.3;3.3
72;2021-03-15;1159;226;36624;18458;6.5;3.3
72;2021-03-16;1052;191;37676;18649;6.7;3.3
72;2021-03-17;1035;263;38711;18912;6.9;3.4
72;2021-03-18;1089;371;39800;19283;7.1;3.4
72;2021-03-19;1276;292;41076;19575;7.3;3.5
72;2021-03-20;488;93;41564;19668;7.4;3.5
72;2021-03-21;19;0;41583;19668;7.4;3.5
72;2021-03-22;1347;345;42930;20013;7.7;3.6
72;2021-03-23;1724;486;44654;20499;8.0;3.7
72;2021-03-24;1842;307;46496;20806;8.3;3.7
72;2021-03-25;2448;468;48944;21274;8.7;3.8
72;2021-03-26;2336;374;51280;21648;9.2;3.9
72;2021-03-27;614;31;51894;21679;9.3;3.9
72;2021-03-28;22;0;51916;21679;9.3;3.9
72;2021-03-29;1616;383;53532;22062;9.6;3.9
72;2021-03-30;2496;390;56028;22452;10.0;4.0
72;2021-03-31;2145;375;58173;22827;10.4;4.1
72;2021-04-01;2850;354;61023;23181;10.9;4.1
72;2021-04-02;2247;405;63270;23586;11.3;4.2
72;2021-04-03;291;39;63561;23625;11.3;4.2
72;2021-04-04;16;5;63577;23630;11.3;4.2
72;2021-04-05;51;49;63628;23679;11.4;4.2
72;2021-04-06;1759;470;65387;24149;11.7;4.3
72;2021-04-07;2577;603;67964;24752;12.1;4.4
72;2021-04-08;2721;785;70685;25537;12.6;4.6
72;2021-04-09;3863;591;74548;26128;13.3;4.7
72;2021-04-10;1112;54;75660;26182;13.5;4.7
72;2021-04-11;8;1;75668;26183;13.5;4.7
72;2021-04-12;1846;906;77514;27089;13.8;4.8
72;2021-04-13;2372;1082;79886;28171;14.3;5.0
72;2021-04-14;2250;1099;82136;29270;14.7;5.2
72;2021-04-15;2420;1120;84556;30390;15.1;5.4
72;2021-04-16;2563;970;87119;31360;15.6;5.6
72;2021-04-17;707;145;87826;31505;15.7;5.6
72;2021-04-18;57;2;87883;31507;15.7;5.6
72;2021-04-19;1396;1098;89279;32605;15.9;5.8
72;2021-04-20;2996;1309;92275;33914;16.5;6.1
72;2021-04-21;2515;1567;94790;35481;16.9;6.3
72;2021-04-22;2814;1794;97604;37275;17.4;6.7
72;2021-04-23;3213;1461;100817;38736;18.0;6.9
72;2021-04-24;1400;270;102217;39006;18.2;7.0
72;2021-04-25;881;18;103098;39024;18.4;7.0
72;2021-04-26;3513;1482;106611;40506;19.0;7.2
72;2021-04-27;4088;1867;110699;42373;19.8;7.6
72;2021-04-28;3835;1880;114534;44253;20.4;7.9
72;2021-04-29;4161;1821;118695;46074;21.2;8.2
72;2021-04-30;3615;1714;122310;47788;21.8;8.5
72;2021-05-01;1641;227;123951;48015;22.1;8.6
72;2021-05-02;1533;161;125484;48176;22.4;8.6
72;2021-05-03;3456;1155;128940;49331;23.0;8.8
72;2021-05-04;4013;1807;132953;51138;23.7;9.1
72;2021-05-05;3866;2182;136819;53320;24.4;9.5
72;2021-05-06;3596;1947;140415;55267;25.1;9.9
72;2021-05-07;3544;2149;143959;57416;25.7;10.2
72;2021-05-08;1900;155;145859;57571;26.0;10.3
72;2021-05-09;2080;214;147939;57785;26.4;10.3
72;2021-05-10;3769;1527;151708;59312;27.1;10.6
72;2021-05-11;4597;1997;156305;61309;27.9;10.9
72;2021-05-12;4080;1819;160385;63128;28.6;11.3
72;2021-05-13;3031;273;163416;63401;29.2;11.3
72;2021-05-14;3663;1399;167079;64800;29.8;11.6
72;2021-05-15;3117;365;170196;65165;30.4;11.6
72;2021-05-16;2500;152;172696;65317;30.8;11.7
72;2021-05-17;3724;1289;176420;66606;31.5;11.9
72;2021-05-18;4330;1690;180750;68296;32.3;12.2
72;2021-05-19;3973;1513;184723;69809;33.0;12.5
72;2021-05-20;4261;1455;188984;71264;33.7;12.7
72;2021-05-21;3788;1392;192772;72656;34.4;13.0
72;2021-05-22;2561;506;195333;73162;34.9;13.1
72;2021-05-23;1391;163;196724;73325;35.1;13.1
72;2021-05-24;2352;295;199076;73620;35.5;13.1
72;2021-05-25;4076;1412;203152;75032;36.3;13.4
72;2021-05-26;4096;1414;207248;76446;37.0;13.6
72;2021-05-27;4345;2049;211593;78495;37.8;14.0
72;2021-05-28;4105;2017;215698;80512;38.5;14.4
72;2021-05-29;2668;811;218366;81323;39.0;14.5
72;2021-05-30;1142;871;219508;82194;39.2;14.7
72;2021-05-31;3121;2331;222629;84525;39.7;15.1
72;2021-06-01;3570;2670;226199;87195;40.4;15.6
72;2021-06-02;3611;2784;229810;89979;41.0;16.1
72;2021-06-03;4242;2996;234052;92975;41.8;16.6
72;2021-06-04;3891;2752;237943;95727;42.5;17.1
72;2021-06-05;1440;2567;239383;98294;42.7;17.5
72;2021-06-06;911;1541;240294;99835;42.9;17.8
72;2021-06-07;1744;3424;242038;103259;43.2;18.4
72;2021-06-08;2930;3835;244968;107094;43.7;19.1
72;2021-06-09;2646;3371;247614;110465;44.2;19.7
72;2021-06-10;2825;3319;250439;113784;44.7;20.3
72;2021-06-11;2840;3775;253279;117559;45.2;21.0
72;2021-06-12;1242;2603;254521;120162;45.4;21.4
72;2021-06-13;388;1860;254909;122022;45.5;21.8
72;2021-06-14;1336;4127;256245;126149;45.7;22.5
72;2021-06-15;2751;3516;258996;129665;46.2;23.1
72;2021-06-16;2428;3581;261424;133246;46.7;23.8
72;2021-06-17;2318;3877;263742;137123;47.1;24.5
72;2021-06-18;2310;4317;266052;141440;47.5;25.2
72;2021-06-19;1128;2763;267180;144203;47.7;25.7
72;2021-06-20;339;2055;267519;146258;47.8;26.1
72;2021-06-21;1564;4034;269083;150292;48.0;26.8
72;2021-06-22;1711;4989;270794;155281;48.3;27.7
72;2021-06-23;2008;4223;272802;159504;48.7;28.5
72;2021-06-24;2233;4013;275035;163517;49.1;29.2
72;2021-06-25;1774;4836;276809;168353;49.4;30.1
72;2021-06-26;1190;2876;277999;171229;49.6;30.6
72;2021-06-27;392;2111;278391;173340;49.7;30.9
72;2021-06-28;1439;4292;279830;177632;49.9;31.7
72;2021-06-29;1770;4741;281600;182373;50.3;32.6
72;2021-06-30;1980;4169;283580;186542;50.6;33.3
72;2021-07-01;1954;4417;285534;190959;51.0;34.1
72;2021-07-02;1853;4714;287387;195673;51.3;34.9
72;2021-07-03;1292;3124;288679;198797;51.5;35.5
72;2021-07-04;579;1948;289258;200745;51.6;35.8
72;2021-07-05;1193;4164;290451;204909;51.8;36.6
72;2021-07-06;1458;5159;291909;210068;52.1;37.5
72;2021-07-07;1582;4609;293491;214677;52.4;38.3
72;2021-07-08;1648;4326;295139;219003;52.7;39.1
72;2021-07-09;2107;4604;297246;223607;53.1;39.9
72;2021-07-10;1589;2691;298835;226298;53.3;40.4
72;2021-07-11;947;1587;299782;227885;53.5;40.7
72;2021-07-12;1592;3757;301374;231642;53.8;41.3
72;2021-07-13;2091;4774;303465;236416;54.2;42.2
72;2021-07-14;1325;2365;304790;238781;54.4;42.6
72;2021-07-15;3485;3422;308275;242203;55.0;43.2
72;2021-07-16;3175;4124;311450;246327;55.6;44.0
72;2021-07-17;2646;1760;314096;248087;56.1;44.3
72;2021-07-18;1710;824;315806;248911;56.4;44.4
72;2021-07-19;2918;3507;318724;252418;56.9;45.1
72;2021-07-20;3040;4284;321764;256702;57.4;45.8
72;2021-07-21;2884;3589;324648;260291;57.9;46.5
72;2021-07-22;3772;2918;328420;263209;58.6;47.0
72;2021-07-23;3478;3792;331898;267001;59.2;47.7
72;2021-07-24;2820;1462;334718;268463;59.7;47.9
72;2021-07-25;1453;1081;336171;269544;60.0;48.1
72;2021-07-26;2726;2918;338897;272462;60.5;48.6
72;2021-07-27;3859;3822;342756;276284;61.2;49.3
72;2021-07-28;3571;3122;346327;279406;61.8;49.9
72;2021-07-29;3572;2712;349899;282118;62.5;50.4
72;2021-07-30;3788;3385;353687;285503;63.1;51.0
72;2021-07-31;2546;1750;356233;287253;63.6;51.3
72;2021-08-01;1835;432;358068;287685;63.9;51.4
72;2021-08-02;3215;2285;361283;289970;64.5;51.8
72;2021-08-03;3236;3297;364519;293267;65.1;52.3
72;2021-08-04;3769;2554;368288;295821;65.7;52.8
72;2021-08-05;3770;2460;372058;298281;66.4;53.2
72;2021-08-06;3342;2695;375400;300976;67.0;53.7
72;2021-08-07;2347;1613;377747;302589;67.4;54.0
72;2021-08-08;1623;701;379370;303290;67.7;54.1
72;2021-08-09;2699;2670;382069;305960;68.2;54.6
72;2021-08-10;2915;2748;384984;308708;68.7;55.1
72;2021-08-11;2368;2204;387352;310912;69.1;55.5
72;2021-08-12;2380;2597;389732;313509;69.6;56.0
72;2021-08-13;2158;2295;391890;315804;70.0;56.4
72;2021-08-14;1167;1546;393057;317350;70.2;56.6
72;2021-08-15;623;614;393680;317964;70.3;56.8
72;2021-08-16;1649;2372;395329;320336;70.6;57.2
72;2021-08-17;1717;2889;397046;323225;70.9;57.7
72;2021-08-18;1709;2872;398755;326097;71.2;58.2
72;2021-08-19;1245;2914;400000;329011;71.4;58.7
72;2021-08-20;1656;3170;401656;332181;71.7;59.3
72;2021-08-21;699;2031;402355;334212;71.8;59.7
72;2021-08-22;261;1150;402616;335362;71.9;59.9
72;2021-08-23;1738;3422;404354;338784;72.2;60.5
72;2021-08-24;1532;4122;405886;342906;72.5;61.2
72;2021-08-25;1600;3453;407486;346359;72.7;61.8
72;2021-08-26;1264;4443;408750;350802;73.0;62.6
72;2021-08-27;1192;4112;409942;354914;73.2;63.4
72;2021-08-28;881;2656;410823;357570;73.3;63.8
72;2021-08-29;357;1683;411180;359253;73.4;64.1
72;2021-08-30;1130;3407;412310;362660;73.6;64.7
72;2021-08-31;1219;3910;413529;366570;73.8;65.4
72;2021-09-01;1070;3162;414599;369732;74.0;66.0
72;2021-09-02;901;3231;415500;372963;74.2;66.6
72;2021-09-03;928;3062;416428;376025;74.3;67.1
72;2021-09-04;702;2554;417130;378579;74.5;67.6
72;2021-09-05;256;1498;417386;380077;74.5;67.8
72;2021-09-06;585;2506;417971;382583;74.6;68.3
72;2021-09-07;506;2582;418477;385165;74.7;68.8
72;2021-09-08;617;2889;419094;388054;74.8;69.3
72;2021-09-09;396;1770;419490;389824;74.9;69.6
72;2021-09-10;625;2394;420115;392218;75.0;70.0
72;2021-09-11;402;2636;420517;394854;75.1;70.5
72;2021-09-12;170;923;420687;395777;75.1;70.6
72;2021-09-13;368;1301;421055;397078;75.2;70.9
72;2021-09-14;487;1223;421542;398301;75.2;71.1
72;2021-09-15;615;1994;422157;400295;75.4;71.5
72;2021-09-16;335;832;422492;401127;75.4;71.6
72;2021-09-17;442;1423;422934;402550;75.5;71.9
72;2021-09-18;355;1520;423289;404070;75.6;72.1
72;2021-09-19;89;359;423378;404429;75.6;72.2
72;2021-09-20;350;793;423728;405222;75.6;72.3
72;2021-09-21;317;787;424045;406009;75.7;72.5
72;2021-09-22;442;1526;424487;407535;75.8;72.7
72;2021-09-23;396;630;424883;408165;75.8;72.9
72;2021-09-24;601;1006;425484;409171;75.9;73.0
72;2021-09-25;259;1004;425743;410175;76.0;73.2
72;2021-09-26;73;215;425816;410390;76.0;73.3
72;2021-09-27;210;640;426026;411030;76.0;73.4
72;2021-09-28;206;427;426232;411457;76.1;73.4
72;2021-09-29;360;1013;426592;412470;76.1;73.6
72;2021-09-30;164;331;426756;412801;76.2;73.7
72;2021-10-01;287;706;427043;413507;76.2;73.8
72;2021-10-02;311;581;427354;414088;76.3;73.9
72;2021-10-03;91;161;427445;414249;76.3;73.9
72;2021-10-04;178;409;427623;414658;76.3;74.0
72;2021-10-05;268;331;427891;414989;76.4;74.1
72;2021-10-06;256;560;428147;415549;76.4;74.2
72;2021-10-07;220;352;428367;415901;76.5;74.2
72;2021-10-08;327;646;428694;416547;76.5;74.4
72;2021-10-09;217;433;428911;416980;76.6;74.4
72;2021-10-10;84;117;428995;417097;76.6;74.5
73;2020-12-27;1;1;1;1;0.0;0.0
73;2020-12-28;1;0;2;1;0.0;0.0
73;2020-12-29;0;0;2;1;0.0;0.0
73;2020-12-30;0;0;2;1;0.0;0.0
73;2020-12-31;0;0;2;1;0.0;0.0
73;2021-01-01;0;0;2;1;0.0;0.0
73;2021-01-02;0;0;2;1;0.0;0.0
73;2021-01-03;0;0;2;1;0.0;0.0
73;2021-01-04;1;0;3;1;0.0;0.0
73;2021-01-05;0;0;3;1;0.0;0.0
73;2021-01-06;1;0;4;1;0.0;0.0
73;2021-01-07;30;0;34;1;0.0;0.0
73;2021-01-08;81;0;115;1;0.0;0.0
73;2021-01-09;0;0;115;1;0.0;0.0
73;2021-01-10;0;0;115;1;0.0;0.0
73;2021-01-11;101;1;216;2;0.0;0.0
73;2021-01-12;303;1;519;3;0.1;0.0
73;2021-01-13;361;1;880;4;0.2;0.0
73;2021-01-14;516;3;1396;7;0.3;0.0
73;2021-01-15;617;1;2013;8;0.5;0.0
73;2021-01-16;128;2;2141;10;0.5;0.0
73;2021-01-17;0;0;2141;10;0.5;0.0
73;2021-01-18;624;0;2765;10;0.6;0.0
73;2021-01-19;1240;4;4005;14;0.9;0.0
73;2021-01-20;950;2;4955;16;1.1;0.0
73;2021-01-21;984;5;5939;21;1.4;0.0
73;2021-01-22;947;0;6886;21;1.6;0.0
73;2021-01-23;389;0;7275;21;1.7;0.0
73;2021-01-24;0;0;7275;21;1.7;0.0
73;2021-01-25;656;6;7931;27;1.8;0.0
73;2021-01-26;761;2;8692;29;2.0;0.0
73;2021-01-27;1107;6;9799;35;2.3;0.0
73;2021-01-28;961;5;10760;40;2.5;0.0
73;2021-01-29;684;7;11444;47;2.6;0.0
73;2021-01-30;345;3;11789;50;2.7;0.0
73;2021-01-31;0;0;11789;50;2.7;0.0
73;2021-02-01;606;42;12395;92;2.9;0.0
73;2021-02-02;752;336;13147;428;3.0;0.1
73;2021-02-03;650;353;13797;781;3.2;0.2
73;2021-02-04;626;236;14423;1017;3.3;0.2
73;2021-02-05;680;408;15103;1425;3.5;0.3
73;2021-02-06;263;39;15366;1464;3.6;0.3
73;2021-02-07;1;0;15367;1464;3.6;0.3
73;2021-02-08;524;253;15891;1717;3.7;0.4
73;2021-02-09;793;454;16684;2171;3.9;0.5
73;2021-02-10;901;395;17585;2566;4.1;0.6
73;2021-02-11;963;718;18548;3284;4.3;0.8
73;2021-02-12;811;512;19359;3796;4.5;0.9
73;2021-02-13;263;59;19622;3855;4.5;0.9
73;2021-02-14;1;0;19623;3855;4.5;0.9
73;2021-02-15;346;528;19969;4383;4.6;1.0
73;2021-02-16;454;764;20423;5147;4.7;1.2
73;2021-02-17;451;966;20874;6113;4.8;1.4
73;2021-02-18;467;559;21341;6672;4.9;1.5
73;2021-02-19;445;640;21786;7312;5.0;1.7
73;2021-02-20;70;249;21856;7561;5.1;1.7
73;2021-02-21;0;0;21856;7561;5.1;1.7
73;2021-02-22;240;443;22096;8004;5.1;1.9
73;2021-02-23;327;523;22423;8527;5.2;2.0
73;2021-02-24;487;748;22910;9275;5.3;2.1
73;2021-02-25;504;515;23414;9790;5.4;2.3
73;2021-02-26;730;569;24144;10359;5.6;2.4
73;2021-02-27;330;237;24474;10596;5.7;2.4
73;2021-02-28;2;1;24476;10597;5.7;2.4
73;2021-03-01;557;509;25033;11106;5.8;2.6
73;2021-03-02;667;902;25700;12008;5.9;2.8
73;2021-03-03;643;1197;26343;13205;6.1;3.1
73;2021-03-04;1040;905;27383;14110;6.3;3.3
73;2021-03-05;1240;614;28623;14724;6.6;3.4
73;2021-03-06;1091;336;29714;15060;6.9;3.5
73;2021-03-07;455;94;30169;15154;7.0;3.5
73;2021-03-08;609;431;30778;15585;7.1;3.6
73;2021-03-09;984;543;31762;16128;7.3;3.7
73;2021-03-10;1035;874;32797;17002;7.6;3.9
73;2021-03-11;1559;665;34356;17667;7.9;4.1
73;2021-03-12;2018;539;36374;18206;8.4;4.2
73;2021-03-13;1179;206;37553;18412;8.7;4.3
73;2021-03-14;66;3;37619;18415;8.7;4.3
73;2021-03-15;1185;400;38804;18815;9.0;4.3
73;2021-03-16;795;400;39599;19215;9.2;4.4
73;2021-03-17;877;481;40476;19696;9.4;4.6
73;2021-03-18;1352;260;41828;19956;9.7;4.6
73;2021-03-19;1767;396;43595;20352;10.1;4.7
73;2021-03-20;888;131;44483;20483;10.3;4.7
73;2021-03-21;123;3;44606;20486;10.3;4.7
73;2021-03-22;1184;403;45790;20889;10.6;4.8
73;2021-03-23;1448;244;47238;21133;10.9;4.9
73;2021-03-24;1597;346;48835;21479;11.3;5.0
73;2021-03-25;2064;389;50899;21868;11.8;5.1
73;2021-03-26;2472;368;53371;22236;12.3;5.1
73;2021-03-27;885;148;54256;22384;12.5;5.2
73;2021-03-28;312;16;54568;22400;12.6;5.2
73;2021-03-29;1508;241;56076;22641;13.0;5.2
73;2021-03-30;2087;487;58163;23128;13.4;5.3
73;2021-03-31;2089;407;60252;23535;13.9;5.4
73;2021-04-01;2087;339;62339;23874;14.4;5.5
73;2021-04-02;2362;236;64701;24110;15.0;5.6
73;2021-04-03;848;147;65549;24257;15.2;5.6
73;2021-04-04;188;18;65737;24275;15.2;5.6
73;2021-04-05;212;26;65949;24301;15.2;5.6
73;2021-04-06;1506;513;67455;24814;15.6;5.7
73;2021-04-07;1947;654;69402;25468;16.0;5.9
73;2021-04-08;2492;826;71894;26294;16.6;6.1
73;2021-04-09;3059;532;74953;26826;17.3;6.2
73;2021-04-10;1134;322;76087;27148;17.6;6.3
73;2021-04-11;164;10;76251;27158;17.6;6.3
73;2021-04-12;1696;988;77947;28146;18.0;6.5
73;2021-04-13;1895;1131;79842;29277;18.5;6.8
73;2021-04-14;2012;1093;81854;30370;18.9;7.0
73;2021-04-15;2416;1192;84270;31562;19.5;7.3
73;2021-04-16;1893;936;86163;32498;19.9;7.5
73;2021-04-17;1173;561;87336;33059;20.2;7.6
73;2021-04-18;155;76;87491;33135;20.2;7.7
73;2021-04-19;1383;1066;88874;34201;20.5;7.9
73;2021-04-20;1790;1327;90664;35528;21.0;8.2
73;2021-04-21;1576;1305;92240;36833;21.3;8.5
73;2021-04-22;1812;1226;94052;38059;21.7;8.8
73;2021-04-23;1897;1254;95949;39313;22.2;9.1
73;2021-04-24;980;679;96929;39992;22.4;9.2
73;2021-04-25;79;97;97008;40089;22.4;9.3
73;2021-04-26;1164;1320;98172;41409;22.7;9.6
73;2021-04-27;1440;1475;99612;42884;23.0;9.9
73;2021-04-28;1731;1461;101343;44345;23.4;10.3
73;2021-04-29;2413;1565;103756;45910;24.0;10.6
73;2021-04-30;2396;1445;106152;47355;24.5;10.9
73;2021-05-01;1068;310;107220;47665;24.8;11.0
73;2021-05-02;34;165;107254;47830;24.8;11.1
73;2021-05-03;1392;1595;108646;49425;25.1;11.4
73;2021-05-04;1712;1835;110358;51260;25.5;11.9
73;2021-05-05;1974;1690;112332;52950;26.0;12.2
73;2021-05-06;2431;1698;114763;54648;26.5;12.6
73;2021-05-07;2259;1849;117022;56497;27.1;13.1
73;2021-05-08;1838;377;118860;56874;27.5;13.1
73;2021-05-09;127;127;118987;57001;27.5;13.2
73;2021-05-10;1608;1892;120595;58893;27.9;13.6
73;2021-05-11;2379;2369;122974;61262;28.4;14.2
73;2021-05-12;3555;2098;126529;63360;29.3;14.6
73;2021-05-13;1554;276;128083;63636;29.6;14.7
73;2021-05-14;1588;1493;129671;65129;30.0;15.1
73;2021-05-15;1447;943;131118;66072;30.3;15.3
73;2021-05-16;131;62;131249;66134;30.3;15.3
73;2021-05-17;1711;1953;132960;68087;30.7;15.7
73;2021-05-18;2495;1736;135455;69823;31.3;16.1
73;2021-05-19;2538;1622;137993;71445;31.9;16.5
73;2021-05-20;3162;1502;141155;72947;32.6;16.9
73;2021-05-21;2473;1850;143628;74797;33.2;17.3
73;2021-05-22;1989;923;145617;75720;33.7;17.5
73;2021-05-23;212;14;145829;75734;33.7;17.5
73;2021-05-24;2563;327;148392;76061;34.3;17.6
73;2021-05-25;2139;1741;150531;77802;34.8;18.0
73;2021-05-26;2342;2000;152873;79802;35.3;18.4
73;2021-05-27;3080;1715;155953;81517;36.1;18.8
73;2021-05-28;2918;2376;158871;83893;36.7;19.4
73;2021-05-29;2316;1322;161187;85215;37.3;19.7
73;2021-05-30;188;14;161375;85229;37.3;19.7
73;2021-05-31;2410;1632;163785;86861;37.9;20.1
73;2021-06-01;3178;1792;166963;88653;38.6;20.5
73;2021-06-02;3108;1459;170071;90112;39.3;20.8
73;2021-06-03;4422;1741;174493;91853;40.3;21.2
73;2021-06-04;4276;2184;178769;94037;41.3;21.7
73;2021-06-05;3165;1282;181934;95319;42.1;22.0
73;2021-06-06;1881;299;183815;95618;42.5;22.1
73;2021-06-07;2759;2149;186574;97767;43.1;22.6
73;2021-06-08;2685;1873;189259;99640;43.8;23.0
73;2021-06-09;2365;1790;191624;101430;44.3;23.4
73;2021-06-10;2005;1648;193629;103078;44.8;23.8
73;2021-06-11;2192;2441;195821;105519;45.3;24.4
73;2021-06-12;2245;1333;198066;106852;45.8;24.7
73;2021-06-13;44;82;198110;106934;45.8;24.7
73;2021-06-14;1347;2927;199457;109861;46.1;25.4
73;2021-06-15;1592;2755;201049;112616;46.5;26.0
73;2021-06-16;1466;2566;202515;115182;46.8;26.6
73;2021-06-17;947;1727;203462;116909;47.0;27.0
73;2021-06-18;1883;2932;205345;119841;47.5;27.7
73;2021-06-19;1424;1986;206769;121827;47.8;28.2
73;2021-06-20;448;307;207217;122134;47.9;28.2
73;2021-06-21;1111;2938;208328;125072;48.2;28.9
73;2021-06-22;1090;2870;209418;127942;48.4;29.6
73;2021-06-23;1086;3137;210504;131079;48.7;30.3
73;2021-06-24;883;1794;211387;132873;48.9;30.7
73;2021-06-25;1324;2796;212711;135669;49.2;31.4
73;2021-06-26;966;2399;213677;138068;49.4;31.9
73;2021-06-27;329;550;214006;138618;49.5;32.0
73;2021-06-28;971;3557;214977;142175;49.7;32.9
73;2021-06-29;1076;3340;216053;145515;49.9;33.6
73;2021-06-30;1239;3117;217292;148632;50.2;34.4
73;2021-07-01;1191;2363;218483;150995;50.5;34.9
73;2021-07-02;1203;3617;219686;154612;50.8;35.7
73;2021-07-03;961;2793;220647;157405;51.0;36.4
73;2021-07-04;301;619;220948;158024;51.1;36.5
73;2021-07-05;1157;3681;222105;161705;51.3;37.4
73;2021-07-06;1251;2952;223356;164657;51.6;38.1
73;2021-07-07;1443;2948;224799;167605;52.0;38.7
73;2021-07-08;1373;2297;226172;169902;52.3;39.3
73;2021-07-09;1431;4026;227603;173928;52.6;40.2
73;2021-07-10;891;3012;228494;176940;52.8;40.9
73;2021-07-11;561;1470;229055;178410;53.0;41.2
73;2021-07-12;1059;4196;230114;182606;53.2;42.2
73;2021-07-13;1729;4225;231843;186831;53.6;43.2
73;2021-07-14;1843;1919;233686;188750;54.0;43.6
73;2021-07-15;2747;3797;236433;192547;54.7;44.5
73;2021-07-16;2416;4016;238849;196563;55.2;45.4
73;2021-07-17;1515;2607;240364;199170;55.6;46.0
73;2021-07-18;1176;1218;241540;200388;55.8;46.3
73;2021-07-19;2449;3251;243989;203639;56.4;47.1
73;2021-07-20;3366;2856;247355;206495;57.2;47.7
73;2021-07-21;3382;2790;250737;209285;58.0;48.4
73;2021-07-22;2733;2216;253470;211501;58.6;48.9
73;2021-07-23;3417;2902;256887;214403;59.4;49.6
73;2021-07-24;2059;2280;258946;216683;59.9;50.1
73;2021-07-25;625;797;259571;217480;60.0;50.3
73;2021-07-26;2632;2496;262203;219976;60.6;50.9
73;2021-07-27;3813;2273;266016;222249;61.5;51.4
73;2021-07-28;3535;2097;269551;224346;62.3;51.9
73;2021-07-29;3980;2153;273531;226499;63.2;52.4
73;2021-07-30;3565;2477;277096;228976;64.1;52.9
73;2021-07-31;2477;1594;279573;230570;64.6;53.3
73;2021-08-01;834;620;280407;231190;64.8;53.4
73;2021-08-02;3104;2105;283511;233295;65.5;53.9
73;2021-08-03;3494;2000;287005;235295;66.4;54.4
73;2021-08-04;3299;2025;290304;237320;67.1;54.9
73;2021-08-05;2874;2233;293178;239553;67.8;55.4
73;2021-08-06;2509;2382;295687;241935;68.4;55.9
73;2021-08-07;1417;1482;297104;243417;68.7;56.3
73;2021-08-08;434;619;297538;244036;68.8;56.4
73;2021-08-09;1785;2396;299323;246432;69.2;57.0
73;2021-08-10;1897;2490;301220;248922;69.6;57.5
73;2021-08-11;1848;2535;303068;251457;70.1;58.1
73;2021-08-12;1682;2502;304750;253959;70.5;58.7
73;2021-08-13;1461;2842;306211;256801;70.8;59.4
73;2021-08-14;990;1534;307201;258335;71.0;59.7
73;2021-08-15;92;161;307293;258496;71.0;59.8
73;2021-08-16;952;1392;308245;259888;71.3;60.1
73;2021-08-17;964;1960;309209;261848;71.5;60.5
73;2021-08-18;1038;2841;310247;264689;71.7;61.2
73;2021-08-19;1045;3055;311292;267744;72.0;61.9
73;2021-08-20;852;3146;312144;270890;72.2;62.6
73;2021-08-21;463;1837;312607;272727;72.3;63.1
73;2021-08-22;268;936;312875;273663;72.3;63.3
73;2021-08-23;677;2970;313552;276633;72.5;64.0
73;2021-08-24;899;3160;314451;279793;72.7;64.7
73;2021-08-25;712;2907;315163;282700;72.9;65.4
73;2021-08-26;691;2424;315854;285124;73.0;65.9
73;2021-08-27;791;2748;316645;287872;73.2;66.6
73;2021-08-28;457;1749;317102;289621;73.3;67.0
73;2021-08-29;302;1017;317404;290638;73.4;67.2
73;2021-08-30;820;2569;318224;293207;73.6;67.8
73;2021-08-31;818;2359;319042;295566;73.8;68.3
73;2021-09-01;748;2098;319790;297664;73.9;68.8
73;2021-09-02;619;1762;320409;299426;74.1;69.2
73;2021-09-03;697;2025;321106;301451;74.2;69.7
73;2021-09-04;531;1369;321637;302820;74.4;70.0
73;2021-09-05;227;703;321864;303523;74.4;70.2
73;2021-09-06;351;1076;322215;304599;74.5;70.4
73;2021-09-07;414;875;322629;305474;74.6;70.6
73;2021-09-08;491;1016;323120;306490;74.7;70.9
73;2021-09-09;467;1020;323587;307510;74.8;71.1
73;2021-09-10;577;1267;324164;308777;74.9;71.4
73;2021-09-11;354;1002;324518;309779;75.0;71.6
73;2021-09-12;96;154;324614;309933;75.0;71.7
73;2021-09-13;343;714;324957;310647;75.1;71.8
73;2021-09-14;412;621;325369;311268;75.2;72.0
73;2021-09-15;425;815;325794;312083;75.3;72.1
73;2021-09-16;332;646;326126;312729;75.4;72.3
73;2021-09-17;377;870;326503;313599;75.5;72.5
73;2021-09-18;260;630;326763;314229;75.5;72.6
73;2021-09-19;46;205;326809;314434;75.6;72.7
73;2021-09-20;163;632;326972;315066;75.6;72.8
73;2021-09-21;298;538;327270;315604;75.7;73.0
73;2021-09-22;275;774;327545;316378;75.7;73.1
73;2021-09-23;282;476;327827;316854;75.8;73.3
73;2021-09-24;292;857;328119;317711;75.9;73.5
73;2021-09-25;189;724;328308;318435;75.9;73.6
73;2021-09-26;73;210;328381;318645;75.9;73.7
73;2021-09-27;243;499;328624;319144;76.0;73.8
73;2021-09-28;185;340;328809;319484;76.0;73.9
73;2021-09-29;220;675;329029;320159;76.1;74.0
73;2021-09-30;191;365;329220;320524;76.1;74.1
73;2021-10-01;211;564;329431;321088;76.2;74.2
73;2021-10-02;197;482;329628;321570;76.2;74.3
73;2021-10-03;8;11;329636;321581;76.2;74.3
73;2021-10-04;213;363;329849;321944;76.3;74.4
73;2021-10-05;166;312;330015;322256;76.3;74.5
73;2021-10-06;313;507;330328;322763;76.4;74.6
73;2021-10-07;161;301;330489;323064;76.4;74.7
73;2021-10-08;254;536;330743;323600;76.5;74.8
73;2021-10-09;157;345;330900;323945;76.5;74.9
73;2021-10-10;3;6;330903;323951;76.5;74.9
74;2020-12-27;10;6;10;6;0.0;0.0
74;2020-12-28;10;1;20;7;0.0;0.0
74;2020-12-29;0;0;20;7;0.0;0.0
74;2020-12-30;5;2;25;9;0.0;0.0
74;2020-12-31;1;0;26;9;0.0;0.0
74;2021-01-01;1;0;27;9;0.0;0.0
74;2021-01-02;1;1;28;10;0.0;0.0
74;2021-01-03;0;0;28;10;0.0;0.0
74;2021-01-04;4;3;32;13;0.0;0.0
74;2021-01-05;4;1;36;14;0.0;0.0
74;2021-01-06;48;2;84;16;0.0;0.0
74;2021-01-07;220;1;304;17;0.0;0.0
74;2021-01-08;294;2;598;19;0.1;0.0
74;2021-01-09;79;0;677;19;0.1;0.0
74;2021-01-10;74;0;751;19;0.1;0.0
74;2021-01-11;375;1;1126;20;0.1;0.0
74;2021-01-12;408;3;1534;23;0.2;0.0
74;2021-01-13;396;0;1930;23;0.2;0.0
74;2021-01-14;482;5;2412;28;0.3;0.0
74;2021-01-15;645;4;3057;32;0.4;0.0
74;2021-01-16;254;1;3311;33;0.4;0.0
74;2021-01-17;136;2;3447;35;0.4;0.0
74;2021-01-18;527;3;3974;38;0.5;0.0
74;2021-01-19;814;3;4788;41;0.6;0.0
74;2021-01-20;1282;4;6070;45;0.7;0.0
74;2021-01-21;1570;3;7640;48;0.9;0.0
74;2021-01-22;1242;7;8882;55;1.1;0.0
74;2021-01-23;345;1;9227;56;1.1;0.0
74;2021-01-24;94;2;9321;58;1.1;0.0
74;2021-01-25;801;3;10122;61;1.2;0.0
74;2021-01-26;1371;26;11493;87;1.4;0.0
74;2021-01-27;1083;17;12576;104;1.5;0.0
74;2021-01-28;1003;42;13579;146;1.6;0.0
74;2021-01-29;883;43;14462;189;1.7;0.0
74;2021-01-30;305;2;14767;191;1.8;0.0
74;2021-01-31;87;1;14854;192;1.8;0.0
74;2021-02-01;632;45;15486;237;1.9;0.0
74;2021-02-02;645;154;16131;391;1.9;0.0
74;2021-02-03;606;121;16737;512;2.0;0.1
74;2021-02-04;617;136;17354;648;2.1;0.1
74;2021-02-05;557;224;17911;872;2.2;0.1
74;2021-02-06;276;136;18187;1008;2.2;0.1
74;2021-02-07;93;123;18280;1131;2.2;0.1
74;2021-02-08;620;349;18900;1480;2.3;0.2
74;2021-02-09;541;534;19441;2014;2.3;0.2
74;2021-02-10;692;518;20133;2532;2.4;0.3
74;2021-02-11;1082;1016;21215;3548;2.6;0.4
74;2021-02-12;917;617;22132;4165;2.7;0.5
74;2021-02-13;407;240;22539;4405;2.7;0.5
74;2021-02-14;320;112;22859;4517;2.8;0.5
74;2021-02-15;281;847;23140;5364;2.8;0.6
74;2021-02-16;492;1064;23632;6428;2.9;0.8
74;2021-02-17;530;1103;24162;7531;2.9;0.9
74;2021-02-18;473;987;24635;8518;3.0;1.0
74;2021-02-19;619;656;25254;9174;3.0;1.1
74;2021-02-20;114;187;25368;9361;3.1;1.1
74;2021-02-21;48;61;25416;9422;3.1;1.1
74;2021-02-22;320;787;25736;10209;3.1;1.2
74;2021-02-23;307;821;26043;11030;3.1;1.3
74;2021-02-24;242;680;26285;11710;3.2;1.4
74;2021-02-25;524;752;26809;12462;3.2;1.5
74;2021-02-26;972;703;27781;13165;3.4;1.6
74;2021-02-27;254;181;28035;13346;3.4;1.6
74;2021-02-28;125;71;28160;13417;3.4;1.6
74;2021-03-01;724;638;28884;14055;3.5;1.7
74;2021-03-02;1094;691;29978;14746;3.6;1.8
74;2021-03-03;1025;643;31003;15389;3.7;1.9
74;2021-03-04;1613;1028;32616;16417;3.9;2.0
74;2021-03-05;2095;898;34711;17315;4.2;2.1
74;2021-03-06;1762;339;36473;17654;4.4;2.1
74;2021-03-07;1386;109;37859;17763;4.6;2.1
74;2021-03-08;1198;961;39057;18724;4.7;2.3
74;2021-03-09;1958;677;41015;19401;5.0;2.3
74;2021-03-10;1749;923;42764;20324;5.2;2.5
74;2021-03-11;2451;738;45215;21062;5.5;2.5
74;2021-03-12;3246;1038;48461;22100;5.8;2.7
74;2021-03-13;2003;282;50464;22382;6.1;2.7
74;2021-03-14;609;105;51073;22487;6.2;2.7
74;2021-03-15;2129;571;53202;23058;6.4;2.8
74;2021-03-16;1963;423;55165;23481;6.7;2.8
74;2021-03-17;1975;325;57140;23806;6.9;2.9
74;2021-03-18;2137;296;59277;24102;7.2;2.9
74;2021-03-19;2637;305;61914;24407;7.5;2.9
74;2021-03-20;1375;105;63289;24512;7.6;3.0
74;2021-03-21;290;33;63579;24545;7.7;3.0
74;2021-03-22;2055;339;65634;24884;7.9;3.0
74;2021-03-23;2723;347;68357;25231;8.3;3.0
74;2021-03-24;2947;315;71304;25546;8.6;3.1
74;2021-03-25;3875;317;75179;25863;9.1;3.1
74;2021-03-26;4095;397;79274;26260;9.6;3.2
74;2021-03-27;1941;265;81215;26525;9.8;3.2
74;2021-03-28;437;78;81652;26603;9.9;3.2
74;2021-03-29;3035;728;84687;27331;10.2;3.3
74;2021-03-30;3543;785;88230;28116;10.7;3.4
74;2021-03-31;3144;747;91374;28863;11.0;3.5
74;2021-04-01;4236;911;95610;29774;11.5;3.6
74;2021-04-02;3711;807;99321;30581;12.0;3.7
74;2021-04-03;1697;547;101018;31128;12.2;3.8
74;2021-04-04;236;122;101254;31250;12.2;3.8
74;2021-04-05;433;17;101687;31267;12.3;3.8
74;2021-04-06;2623;1224;104310;32491;12.6;3.9
74;2021-04-07;3195;1266;107505;33757;13.0;4.1
74;2021-04-08;3864;1199;111369;34956;13.4;4.2
74;2021-04-09;4111;1200;115480;36156;13.9;4.4
74;2021-04-10;1944;1038;117424;37194;14.2;4.5
74;2021-04-11;253;184;117677;37378;14.2;4.5
74;2021-04-12;2724;1788;120401;39166;14.5;4.7
74;2021-04-13;3123;2117;123524;41283;14.9;5.0
74;2021-04-14;2903;1982;126427;43265;15.3;5.2
74;2021-04-15;3463;1928;129890;45193;15.7;5.5
74;2021-04-16;3386;1796;133276;46989;16.1;5.7
74;2021-04-17;1936;1041;135212;48030;16.3;5.8
74;2021-04-18;218;211;135430;48241;16.3;5.8
74;2021-04-19;2101;2107;137531;50348;16.6;6.1
74;2021-04-20;3068;2431;140599;52779;17.0;6.4
74;2021-04-21;2465;2382;143064;55161;17.3;6.7
74;2021-04-22;2629;2345;145693;57506;17.6;6.9
74;2021-04-23;2573;2261;148266;59767;17.9;7.2
74;2021-04-24;1485;1548;149751;61315;18.1;7.4
74;2021-04-25;229;150;149980;61465;18.1;7.4
74;2021-04-26;2396;2472;152376;63937;18.4;7.7
74;2021-04-27;3272;2919;155648;66856;18.8;8.1
74;2021-04-28;3465;2648;159113;69504;19.2;8.4
74;2021-04-29;3908;2700;163021;72204;19.7;8.7
74;2021-04-30;4076;2233;167097;74437;20.2;9.0
74;2021-05-01;2121;400;169218;74837;20.4;9.0
74;2021-05-02;206;239;169424;75076;20.5;9.1
74;2021-05-03;2596;3032;172020;78108;20.8;9.4
74;2021-05-04;3216;3119;175236;81227;21.2;9.8
74;2021-05-05;3392;3021;178628;84248;21.6;10.2
74;2021-05-06;3859;2640;182487;86888;22.0;10.5
74;2021-05-07;3595;3559;186082;90447;22.5;10.9
74;2021-05-08;1145;827;187227;91274;22.6;11.0
74;2021-05-09;195;247;187422;91521;22.6;11.0
74;2021-05-10;3466;3150;190888;94671;23.0;11.4
74;2021-05-11;4317;3426;195205;98097;23.6;11.8
74;2021-05-12;5305;2969;200510;101066;24.2;12.2
74;2021-05-13;2357;950;202867;102016;24.5;12.3
74;2021-05-14;5956;2407;208823;104423;25.2;12.6
74;2021-05-15;4513;1852;213336;106275;25.8;12.8
74;2021-05-16;3012;338;216348;106613;26.1;12.9
74;2021-05-17;5397;2890;221745;109503;26.8;13.2
74;2021-05-18;6792;2818;228537;112321;27.6;13.6
74;2021-05-19;6234;2297;234771;114618;28.3;13.8
74;2021-05-20;6642;2558;241413;117176;29.1;14.1
74;2021-05-21;6526;2994;247939;120170;29.9;14.5
74;2021-05-22;5293;1569;253232;121739;30.6;14.7
74;2021-05-23;2052;282;255284;122021;30.8;14.7
74;2021-05-24;2363;660;257647;122681;31.1;14.8
74;2021-05-25;5072;3334;262719;126015;31.7;15.2
74;2021-05-26;5255;2563;267974;128578;32.3;15.5
74;2021-05-27;6002;2975;273976;131553;33.1;15.9
74;2021-05-28;5656;3586;279632;135139;33.8;16.3
74;2021-05-29;3799;2156;283431;137295;34.2;16.6
74;2021-05-30;489;309;283920;137604;34.3;16.6
74;2021-05-31;5069;3549;288989;141153;34.9;17.0
74;2021-06-01;4931;3730;293920;144883;35.5;17.5
74;2021-06-02;5269;3207;299189;148090;36.1;17.9
74;2021-06-03;6890;3252;306079;151342;36.9;18.3
74;2021-06-04;6911;4432;312990;155774;37.8;18.8
74;2021-06-05;4610;2707;317600;158481;38.3;19.1
74;2021-06-06;124;112;317724;158593;38.4;19.1
74;2021-06-07;5032;4146;322756;162739;39.0;19.6
74;2021-06-08;5025;3951;327781;166690;39.6;20.1
74;2021-06-09;5081;3483;332862;170173;40.2;20.5
74;2021-06-10;5124;2879;337986;173052;40.8;20.9
74;2021-06-11;5214;3814;343200;176866;41.4;21.4
74;2021-06-12;3567;2378;346767;179244;41.9;21.6
74;2021-06-13;120;89;346887;179333;41.9;21.6
74;2021-06-14;3594;4482;350481;183815;42.3;22.2
74;2021-06-15;3671;3899;354152;187714;42.8;22.7
74;2021-06-16;4827;3124;358979;190838;43.3;23.0
74;2021-06-17;3816;2957;362795;193795;43.8;23.4
74;2021-06-18;4114;4669;366909;198464;44.3;24.0
74;2021-06-19;2993;3101;369902;201565;44.7;24.3
74;2021-06-20;125;97;370027;201662;44.7;24.3
74;2021-06-21;2382;5419;372409;207081;45.0;25.0
74;2021-06-22;2493;5313;374902;212394;45.3;25.6
74;2021-06-23;2974;4619;377876;217013;45.6;26.2
74;2021-06-24;2865;4627;380741;221640;46.0;26.8
74;2021-06-25;2930;6768;383671;228408;46.3;27.6
74;2021-06-26;1705;5400;385376;233808;46.5;28.2
74;2021-06-27;66;1664;385442;235472;46.5;28.4
74;2021-06-28;1915;7220;387357;242692;46.8;29.3
74;2021-06-29;2298;7422;389655;250114;47.0;30.2
74;2021-06-30;2747;6545;392402;256659;47.4;31.0
74;2021-07-01;3529;5426;395931;262085;47.8;31.6
74;2021-07-02;3120;6640;399051;268725;48.2;32.4
74;2021-07-03;1698;5085;400749;273810;48.4;33.1
74;2021-07-04;81;1022;400830;274832;48.4;33.2
74;2021-07-05;2078;6829;402908;281661;48.6;34.0
74;2021-07-06;2799;6490;405707;288151;49.0;34.8
74;2021-07-07;3094;5446;408801;293597;49.3;35.4
74;2021-07-08;3866;4923;412667;298520;49.8;36.0
74;2021-07-09;2671;6978;415338;305498;50.1;36.9
74;2021-07-10;1622;5132;416960;310630;50.3;37.5
74;2021-07-11;76;142;417036;310772;50.3;37.5
74;2021-07-12;2095;7899;419131;318671;50.6;38.5
74;2021-07-13;3967;7586;423098;326257;51.1;39.4
74;2021-07-14;1968;2238;425066;328495;51.3;39.7
74;2021-07-15;3593;6877;428659;335372;51.7;40.5
74;2021-07-16;4242;7741;432901;343113;52.3;41.4
74;2021-07-17;3004;5334;435905;348447;52.6;42.1
74;2021-07-18;156;155;436061;348602;52.6;42.1
74;2021-07-19;4295;7352;440356;355954;53.2;43.0
74;2021-07-20;5873;6469;446229;362423;53.9;43.7
74;2021-07-21;5668;6675;451897;369098;54.6;44.6
74;2021-07-22;4773;5323;456670;374421;55.1;45.2
74;2021-07-23;6226;6996;462896;381417;55.9;46.0
74;2021-07-24;3156;4316;466052;385733;56.3;46.6
74;2021-07-25;181;172;466233;385905;56.3;46.6
74;2021-07-26;5618;6134;471851;392039;57.0;47.3
74;2021-07-27;6852;5176;478703;397215;57.8;47.9
74;2021-07-28;6660;5102;485363;402317;58.6;48.6
74;2021-07-29;5280;3930;490643;406247;59.2;49.0
74;2021-07-30;6715;5504;497358;411751;60.0;49.7
74;2021-07-31;4378;3123;501736;414874;60.6;50.1
74;2021-08-01;184;149;501920;415023;60.6;50.1
74;2021-08-02;6273;4409;508193;419432;61.3;50.6
74;2021-08-03;6038;3860;514231;423292;62.1;51.1
74;2021-08-04;6325;3508;520556;426800;62.8;51.5
74;2021-08-05;4935;3270;525491;430070;63.4;51.9
74;2021-08-06;5069;4183;530560;434253;64.0;52.4
74;2021-08-07;3211;2899;533771;437152;64.4;52.8
74;2021-08-08;154;134;533925;437286;64.5;52.8
74;2021-08-09;4975;4828;538900;442114;65.1;53.4
74;2021-08-10;4989;4687;543889;446801;65.7;53.9
74;2021-08-11;4446;4891;548335;451692;66.2;54.5
74;2021-08-12;3626;3607;551961;455299;66.6;55.0
74;2021-08-13;3836;4625;555797;459924;67.1;55.5
74;2021-08-14;2184;3342;557981;463266;67.4;55.9
74;2021-08-15;66;103;558047;463369;67.4;55.9
74;2021-08-16;3913;5879;561960;469248;67.8;56.6
74;2021-08-17;3136;5486;565096;474734;68.2;57.3
74;2021-08-18;3091;5461;568187;480195;68.6;58.0
74;2021-08-19;2358;3897;570545;484092;68.9;58.4
74;2021-08-20;2638;5699;573183;489791;69.2;59.1
74;2021-08-21;1239;4273;574422;494064;69.3;59.6
74;2021-08-22;56;137;574478;494201;69.3;59.7
74;2021-08-23;2198;6697;576676;500898;69.6;60.5
74;2021-08-24;2219;5937;578895;506835;69.9;61.2
74;2021-08-25;1978;6295;580873;513130;70.1;61.9
74;2021-08-26;1564;3786;582437;516916;70.3;62.4
74;2021-08-27;1939;5509;584376;522425;70.5;63.1
74;2021-08-28;927;4042;585303;526467;70.7;63.6
74;2021-08-29;67;188;585370;526655;70.7;63.6
74;2021-08-30;1872;5353;587242;532008;70.9;64.2
74;2021-08-31;1678;4968;588920;536976;71.1;64.8
74;2021-09-01;1975;3878;590895;540854;71.3;65.3
74;2021-09-02;1224;2813;592119;543667;71.5;65.6
74;2021-09-03;1552;3835;593671;547502;71.7;66.1
74;2021-09-04;1159;2748;594830;550250;71.8;66.4
74;2021-09-05;49;92;594879;550342;71.8;66.4
74;2021-09-06;1260;3032;596139;553374;72.0;66.8
74;2021-09-07;1026;2745;597165;556119;72.1;67.1
74;2021-09-08;1309;2868;598474;558987;72.2;67.5
74;2021-09-09;1220;1936;599694;560923;72.4;67.7
74;2021-09-10;1123;2754;600817;563677;72.5;68.0
74;2021-09-11;764;2214;601581;565891;72.6;68.3
74;2021-09-12;40;74;601621;565965;72.6;68.3
74;2021-09-13;956;2069;602577;568034;72.7;68.6
74;2021-09-14;1057;1970;603634;570004;72.9;68.8
74;2021-09-15;1066;2272;604700;572276;73.0;69.1
74;2021-09-16;752;1031;605452;573307;73.1;69.2
74;2021-09-17;840;1848;606292;575155;73.2;69.4
74;2021-09-18;608;1671;606900;576826;73.3;69.6
74;2021-09-19;3;9;606903;576835;73.3;69.6
74;2021-09-20;798;1885;607701;578720;73.4;69.9
74;2021-09-21;638;1372;608339;580092;73.4;70.0
74;2021-09-22;618;2103;608957;582195;73.5;70.3
74;2021-09-23;638;998;609595;583193;73.6;70.4
74;2021-09-24;725;1970;610320;585163;73.7;70.6
74;2021-09-25;461;1621;610781;586784;73.7;70.8
74;2021-09-26;1;2;610782;586786;73.7;70.8
74;2021-09-27;573;1776;611355;588562;73.8;71.0
74;2021-09-28;397;960;611752;589522;73.8;71.2
74;2021-09-29;547;1564;612299;591086;73.9;71.4
74;2021-09-30;389;1060;612688;592146;74.0;71.5
74;2021-10-01;601;1120;613289;593266;74.0;71.6
74;2021-10-02;435;815;613724;594081;74.1;71.7
74;2021-10-03;5;11;613729;594092;74.1;71.7
74;2021-10-04;531;1110;614260;595202;74.1;71.8
74;2021-10-05;366;1090;614626;596292;74.2;72.0
74;2021-10-06;447;988;615073;597280;74.2;72.1
74;2021-10-07;301;628;615374;597908;74.3;72.2
74;2021-10-08;557;1153;615931;599061;74.4;72.3
74;2021-10-09;407;769;616338;599830;74.4;72.4
74;2021-10-10;5;15;616343;599845;74.4;72.4
75;2020-12-27;77;11;77;11;0.0;0.0
75;2020-12-28;67;2;144;13;0.0;0.0
75;2020-12-29;33;3;177;16;0.0;0.0
75;2020-12-30;89;1;266;17;0.0;0.0
75;2020-12-31;48;4;314;21;0.0;0.0
75;2021-01-01;63;11;377;32;0.0;0.0
75;2021-01-02;67;4;444;36;0.0;0.0
75;2021-01-03;110;6;554;42;0.0;0.0
75;2021-01-04;323;11;877;53;0.0;0.0
75;2021-01-05;882;16;1759;69;0.1;0.0
75;2021-01-06;1372;23;3131;92;0.1;0.0
75;2021-01-07;2073;23;5204;115;0.2;0.0
75;2021-01-08;2881;34;8085;149;0.4;0.0
75;2021-01-09;1098;3;9183;152;0.4;0.0
75;2021-01-10;1100;4;10283;156;0.5;0.0
75;2021-01-11;3120;69;13403;225;0.6;0.0
75;2021-01-12;3492;64;16895;289;0.8;0.0
75;2021-01-13;3576;58;20471;347;1.0;0.0
75;2021-01-14;3802;105;24273;452;1.1;0.0
75;2021-01-15;3341;68;27614;520;1.3;0.0
75;2021-01-16;1148;27;28762;547;1.3;0.0
75;2021-01-17;564;19;29326;566;1.4;0.0
75;2021-01-18;3294;84;32620;650;1.5;0.0
75;2021-01-19;3880;61;36500;711;1.7;0.0
75;2021-01-20;4443;81;40943;792;1.9;0.0
75;2021-01-21;4952;103;45895;895;2.1;0.0
75;2021-01-22;4611;99;50506;994;2.4;0.0
75;2021-01-23;1771;16;52277;1010;2.4;0.0
75;2021-01-24;763;12;53040;1022;2.5;0.0
75;2021-01-25;1741;37;54781;1059;2.6;0.0
75;2021-01-26;2564;100;57345;1159;2.7;0.1
75;2021-01-27;3177;185;60522;1344;2.8;0.1
75;2021-01-28;4790;260;65312;1604;3.0;0.1
75;2021-01-29;4066;276;69378;1880;3.2;0.1
75;2021-01-30;1361;36;70739;1916;3.3;0.1
75;2021-01-31;226;4;70965;1920;3.3;0.1
75;2021-02-01;1637;382;72602;2302;3.4;0.1
75;2021-02-02;2155;653;74757;2955;3.5;0.1
75;2021-02-03;1897;692;76654;3647;3.6;0.2
75;2021-02-04;2155;1131;78809;4778;3.7;0.2
75;2021-02-05;2227;873;81036;5651;3.8;0.3
75;2021-02-06;1139;111;82175;5762;3.8;0.3
75;2021-02-07;179;9;82354;5771;3.8;0.3
75;2021-02-08;1268;1466;83622;7237;3.9;0.3
75;2021-02-09;1803;2388;85425;9625;4.0;0.4
75;2021-02-10;2430;2393;87855;12018;4.1;0.6
75;2021-02-11;2952;6306;90807;18324;4.2;0.9
75;2021-02-12;3140;2410;93947;20734;4.4;1.0
75;2021-02-13;863;1040;94810;21774;4.4;1.0
75;2021-02-14;214;47;95024;21821;4.4;1.0
75;2021-02-15;1011;2443;96035;24264;4.5;1.1
75;2021-02-16;1471;6481;97506;30745;4.5;1.4
75;2021-02-17;1347;3217;98853;33962;4.6;1.6
75;2021-02-18;1778;5815;100631;39777;4.7;1.9
75;2021-02-19;2233;4134;102864;43911;4.8;2.0
75;2021-02-20;485;1675;103349;45586;4.8;2.1
75;2021-02-21;201;167;103550;45753;4.8;2.1
75;2021-02-22;1230;1925;104780;47678;4.9;2.2
75;2021-02-23;1474;2718;106254;50396;4.9;2.3
75;2021-02-24;1703;2336;107957;52732;5.0;2.5
75;2021-02-25;2800;5306;110757;58038;5.2;2.7
75;2021-02-26;3387;2730;114144;60768;5.3;2.8
75;2021-02-27;1411;946;115555;61714;5.4;2.9
75;2021-02-28;330;147;115885;61861;5.4;2.9
75;2021-03-01;2613;1700;118498;63561;5.5;3.0
75;2021-03-02;4197;2240;122695;65801;5.7;3.1
75;2021-03-03;5447;2383;128142;68184;6.0;3.2
75;2021-03-04;8066;2654;136208;70838;6.3;3.3
75;2021-03-05;10588;2816;146796;73654;6.8;3.4
75;2021-03-06;11090;1141;157886;74795;7.3;3.5
75;2021-03-07;9513;1563;167399;76358;7.8;3.6
75;2021-03-08;5929;1617;173328;77975;8.1;3.6
75;2021-03-09;7542;2184;180870;80159;8.4;3.7
75;2021-03-10;7525;2189;188395;82348;8.8;3.8
75;2021-03-11;10366;2612;198761;84960;9.3;4.0
75;2021-03-12;12078;2640;210839;87600;9.8;4.1
75;2021-03-13;8564;818;219403;88418;10.2;4.1
75;2021-03-14;4179;272;223582;88690;10.4;4.1
75;2021-03-15;7482;1016;231064;89706;10.8;4.2
75;2021-03-16;5167;728;236231;90434;11.0;4.2
75;2021-03-17;5436;871;241667;91305;11.2;4.3
75;2021-03-18;6629;913;248296;92218;11.6;4.3
75;2021-03-19;9773;1049;258069;93267;12.0;4.3
75;2021-03-20;5944;626;264013;93893;12.3;4.4
75;2021-03-21;1596;437;265609;94330;12.4;4.4
75;2021-03-22;8668;1064;274277;95394;12.8;4.4
75;2021-03-23;10972;1313;285249;96707;13.3;4.5
75;2021-03-24;11021;1384;296270;98091;13.8;4.6
75;2021-03-25;14225;1610;310495;99701;14.5;4.6
75;2021-03-26;13994;1763;324489;101464;15.1;4.7
75;2021-03-27;7292;799;331781;102263;15.4;4.8
75;2021-03-28;1791;166;333572;102429;15.5;4.8
75;2021-03-29;7983;2238;341555;104667;15.9;4.9
75;2021-03-30;10950;3296;352505;107963;16.4;5.0
75;2021-03-31;9756;3657;362261;111620;16.9;5.2
75;2021-04-01;10719;5257;372980;116877;17.4;5.4
75;2021-04-02;9067;5633;382047;122510;17.8;5.7
75;2021-04-03;4129;4913;386176;127423;18.0;5.9
75;2021-04-04;1424;1502;387600;128925;18.0;6.0
75;2021-04-05;2263;1443;389863;130368;18.1;6.1
75;2021-04-06;6931;4348;396794;134716;18.5;6.3
75;2021-04-07;8110;4461;404904;139177;18.8;6.5
75;2021-04-08;11097;4230;416001;143407;19.4;6.7
75;2021-04-09;12221;4674;428222;148081;19.9;6.9
75;2021-04-10;5851;4295;434073;152376;20.2;7.1
75;2021-04-11;1951;1807;436024;154183;20.3;7.2
75;2021-04-12;7492;3821;443516;158004;20.6;7.4
75;2021-04-13;8577;6880;452093;164884;21.0;7.7
75;2021-04-14;8308;5264;460401;170148;21.4;7.9
75;2021-04-15;8935;6177;469336;176325;21.8;8.2
75;2021-04-16;9399;6149;478735;182474;22.3;8.5
75;2021-04-17;4822;3655;483557;186129;22.5;8.7
75;2021-04-18;1674;885;485231;187014;22.6;8.7
75;2021-04-19;5595;4982;490826;191996;22.8;8.9
75;2021-04-20;6475;5988;497301;197984;23.1;9.2
75;2021-04-21;6882;5602;504183;203586;23.5;9.5
75;2021-04-22;7550;5942;511733;209528;23.8;9.8
75;2021-04-23;8698;6506;520431;216034;24.2;10.1
75;2021-04-24;6185;3369;526616;219403;24.5;10.2
75;2021-04-25;2973;770;529589;220173;24.7;10.2
75;2021-04-26;7033;4737;536622;224910;25.0;10.5
75;2021-04-27;10600;6453;547222;231363;25.5;10.8
75;2021-04-28;12207;6052;559429;237415;26.0;11.1
75;2021-04-29;13765;6379;573194;243794;26.7;11.3
75;2021-04-30;13669;6217;586863;250011;27.3;11.6
75;2021-05-01;5081;1337;591944;251348;27.6;11.7
75;2021-05-02;2391;806;594335;252154;27.7;11.7
75;2021-05-03;10298;13515;604633;265669;28.1;12.4
75;2021-05-04;11199;8101;615832;273770;28.7;12.7
75;2021-05-05;13566;6736;629398;280506;29.3;13.1
75;2021-05-06;14010;8216;643408;288722;30.0;13.4
75;2021-05-07;13987;8602;657395;297324;30.6;13.8
75;2021-05-08;10086;5523;667481;302847;31.1;14.1
75;2021-05-09;3821;3194;671302;306041;31.2;14.2
75;2021-05-10;14300;6731;685602;312772;31.9;14.6
75;2021-05-11;16853;8415;702455;321187;32.7;15.0
75;2021-05-12;17966;8165;720421;329352;33.5;15.3
75;2021-05-13;13648;2495;734069;331847;34.2;15.4
75;2021-05-14;18397;5135;752466;336982;35.0;15.7
75;2021-05-15;12326;2660;764792;339642;35.6;15.8
75;2021-05-16;3862;760;768654;340402;35.8;15.8
75;2021-05-17;16013;4649;784667;345051;36.5;16.1
75;2021-05-18;19161;5324;803828;350375;37.4;16.3
75;2021-05-19;20733;10701;824561;361076;38.4;16.8
75;2021-05-20;21587;8663;846148;369739;39.4;17.2
75;2021-05-21;21033;6554;867181;376293;40.4;17.5
75;2021-05-22;15911;3300;883092;379593;41.1;17.7
75;2021-05-23;5639;1335;888731;380928;41.4;17.7
75;2021-05-24;15637;2559;904368;383487;42.1;17.9
75;2021-05-25;18037;9564;922405;393051;42.9;18.3
75;2021-05-26;18891;8203;941296;401254;43.8;18.7
75;2021-05-27;20148;9793;961444;411047;44.8;19.1
75;2021-05-28;19340;10841;980784;421888;45.7;19.6
75;2021-05-29;16115;5838;996899;427726;46.4;19.9
75;2021-05-30;7040;2157;1003939;429883;46.7;20.0
75;2021-05-31;18094;9437;1022033;439320;47.6;20.4
75;2021-06-01;18699;12980;1040732;452300;48.4;21.1
75;2021-06-02;18122;10303;1058854;462603;49.3;21.5
75;2021-06-03;20256;11956;1079110;474559;50.2;22.1
75;2021-06-04;18120;12841;1097230;487400;51.1;22.7
75;2021-06-05;11992;9614;1109222;497014;51.6;23.1
75;2021-06-06;6727;3161;1115949;500175;51.9;23.3
75;2021-06-07;13894;11827;1129843;512002;52.6;23.8
75;2021-06-08;14806;13966;1144649;525968;53.3;24.5
75;2021-06-09;16509;15236;1161158;541204;54.1;25.2
75;2021-06-10;18366;26293;1179524;567497;54.9;26.4
75;2021-06-11;15312;16458;1194836;583955;55.6;27.2
75;2021-06-12;13285;10004;1208121;593959;56.2;27.6
75;2021-06-13;6278;3794;1214399;597753;56.5;27.8
75;2021-06-14;11826;15398;1226225;613151;57.1;28.5
75;2021-06-15;12729;19548;1238954;632699;57.7;29.5
75;2021-06-16;12210;17240;1251164;649939;58.2;30.3
75;2021-06-17;12661;17677;1263825;667616;58.8;31.1
75;2021-06-18;11277;22608;1275102;690224;59.4;32.1
75;2021-06-19;7532;11821;1282634;702045;59.7;32.7
75;2021-06-20;2821;5477;1285455;707522;59.8;32.9
75;2021-06-21;8515;16330;1293970;723852;60.2;33.7
75;2021-06-22;8810;21793;1302780;745645;60.6;34.7
75;2021-06-23;10309;21430;1313089;767075;61.1;35.7
75;2021-06-24;11319;20640;1324408;787715;61.6;36.7
75;2021-06-25;9875;24685;1334283;812400;62.1;37.8
75;2021-06-26;7936;15419;1342219;827819;62.5;38.5
75;2021-06-27;2701;6325;1344920;834144;62.6;38.8
75;2021-06-28;8476;20152;1353396;854296;63.0;39.8
75;2021-06-29;9348;23831;1362744;878127;63.4;40.9
75;2021-06-30;10216;23625;1372960;901752;63.9;42.0
75;2021-07-01;11439;23516;1384399;925268;64.4;43.1
75;2021-07-02;10893;24771;1395292;950039;64.9;44.2
75;2021-07-03;7817;19805;1403109;969844;65.3;45.1
75;2021-07-04;3909;9556;1407018;979400;65.5;45.6
75;2021-07-05;9347;21585;1416365;1000985;65.9;46.6
75;2021-07-06;10171;24010;1426536;1024995;66.4;47.7
75;2021-07-07;10164;25091;1436700;1050086;66.9;48.9
75;2021-07-08;10672;25025;1447372;1075111;67.4;50.0
75;2021-07-09;10865;24036;1458237;1099147;67.9;51.2
75;2021-07-10;7953;18499;1466190;1117646;68.2;52.0
75;2021-07-11;4351;8529;1470541;1126175;68.5;52.4
75;2021-07-12;9863;23091;1480404;1149266;68.9;53.5
75;2021-07-13;14395;24812;1494799;1174078;69.6;54.7
75;2021-07-14;8353;9728;1503152;1183806;70.0;55.1
75;2021-07-15;15584;25665;1518736;1209471;70.7;56.3
75;2021-07-16;15826;22157;1534562;1231628;71.4;57.3
75;2021-07-17;12196;16912;1546758;1248540;72.0;58.1
75;2021-07-18;6267;6842;1553025;1255382;72.3;58.4
75;2021-07-19;14405;21302;1567430;1276684;73.0;59.4
75;2021-07-20;16074;21901;1583504;1298585;73.7;60.4
75;2021-07-21;15713;20712;1599217;1319297;74.4;61.4
75;2021-07-22;17152;20100;1616369;1339397;75.2;62.3
75;2021-07-23;17167;19110;1633536;1358507;76.0;63.2
75;2021-07-24;11197;14081;1644733;1372588;76.6;63.9
75;2021-07-25;5005;5070;1649738;1377658;76.8;64.1
75;2021-07-26;15183;16876;1664921;1394534;77.5;64.9
75;2021-07-27;18152;16671;1683073;1411205;78.3;65.7
75;2021-07-28;17153;15496;1700226;1426701;79.1;66.4
75;2021-07-29;16772;15098;1716998;1441799;79.9;67.1
75;2021-07-30;16797;14354;1733795;1456153;80.7;67.8
75;2021-07-31;9348;9868;1743143;1466021;81.1;68.2
75;2021-08-01;3726;3256;1746869;1469277;81.3;68.4
75;2021-08-02;10967;11987;1757836;1481264;81.8;69.0
75;2021-08-03;11133;10839;1768969;1492103;82.3;69.5
75;2021-08-04;9731;9484;1778700;1501587;82.8;69.9
75;2021-08-05;8726;9555;1787426;1511142;83.2;70.3
75;2021-08-06;8257;9994;1795683;1521136;83.6;70.8
75;2021-08-07;5712;7159;1801395;1528295;83.9;71.1
75;2021-08-08;1968;3282;1803363;1531577;83.9;71.3
75;2021-08-09;8610;11480;1811973;1543057;84.3;71.8
75;2021-08-10;9304;11591;1821277;1554648;84.8;72.4
75;2021-08-11;7792;10145;1829069;1564793;85.1;72.8
75;2021-08-12;6943;10600;1836012;1575393;85.5;73.3
75;2021-08-13;6262;8869;1842274;1584262;85.8;73.7
75;2021-08-14;4121;7200;1846395;1591462;85.9;74.1
75;2021-08-15;1032;1937;1847427;1593399;86.0;74.2
75;2021-08-16;6143;14033;1853570;1607432;86.3;74.8
75;2021-08-17;5819;13608;1859389;1621040;86.6;75.5
75;2021-08-18;5084;12012;1864473;1633052;86.8;76.0
75;2021-08-19;4776;12689;1869249;1645741;87.0;76.6
75;2021-08-20;4569;11790;1873818;1657531;87.2;77.2
75;2021-08-21;3191;8813;1877009;1666344;87.4;77.6
75;2021-08-22;998;3163;1878007;1669507;87.4;77.7
75;2021-08-23;4927;15307;1882934;1684814;87.6;78.4
75;2021-08-24;4809;14538;1887743;1699352;87.9;79.1
75;2021-08-25;4540;12335;1892283;1711687;88.1;79.7
75;2021-08-26;4092;10281;1896375;1721968;88.3;80.2
75;2021-08-27;4485;11683;1900860;1733651;88.5;80.7
75;2021-08-28;3074;8306;1903934;1741957;88.6;81.1
75;2021-08-29;755;2020;1904689;1743977;88.7;81.2
75;2021-08-30;4530;14022;1909219;1757999;88.9;81.8
75;2021-08-31;4426;12788;1913645;1770787;89.1;82.4
75;2021-09-01;4085;9850;1917730;1780637;89.3;82.9
75;2021-09-02;3296;7866;1921026;1788503;89.4;83.3
75;2021-09-03;3744;8706;1924770;1797209;89.6;83.7
75;2021-09-04;3588;7870;1928358;1805079;89.8;84.0
75;2021-09-05;708;1365;1929066;1806444;89.8;84.1
75;2021-09-06;2617;6563;1931683;1813007;89.9;84.4
75;2021-09-07;2407;6010;1934090;1819017;90.0;84.7
75;2021-09-08;2627;6032;1936717;1825049;90.2;85.0
75;2021-09-09;2472;5307;1939189;1830356;90.3;85.2
75;2021-09-10;2805;6201;1941994;1836557;90.4;85.5
75;2021-09-11;2430;6204;1944424;1842761;90.5;85.8
75;2021-09-12;507;1008;1944931;1843769;90.5;85.8
75;2021-09-13;2300;4916;1947231;1848685;90.6;86.1
75;2021-09-14;2272;4033;1949503;1852718;90.7;86.2
75;2021-09-15;2305;4654;1951808;1857372;90.9;86.5
75;2021-09-16;1899;3713;1953707;1861085;90.9;86.6
75;2021-09-17;2555;4765;1956262;1865850;91.1;86.9
75;2021-09-18;1571;4682;1957833;1870532;91.1;87.1
75;2021-09-19;284;739;1958117;1871271;91.1;87.1
75;2021-09-20;1696;3647;1959813;1874918;91.2;87.3
75;2021-09-21;1628;3205;1961441;1878123;91.3;87.4
75;2021-09-22;1587;3966;1963028;1882089;91.4;87.6
75;2021-09-23;1423;2850;1964451;1884939;91.4;87.7
75;2021-09-24;1798;4033;1966249;1888972;91.5;87.9
75;2021-09-25;1262;4349;1967511;1893321;91.6;88.1
75;2021-09-26;281;530;1967792;1893851;91.6;88.2
75;2021-09-27;1309;3017;1969101;1896868;91.7;88.3
75;2021-09-28;1405;2474;1970506;1899342;91.7;88.4
75;2021-09-29;1377;2874;1971883;1902216;91.8;88.5
75;2021-09-30;1263;2515;1973146;1904731;91.8;88.7
75;2021-10-01;1518;2681;1974664;1907412;91.9;88.8
75;2021-10-02;1411;2756;1976075;1910168;92.0;88.9
75;2021-10-03;223;425;1976298;1910593;92.0;88.9
75;2021-10-04;1347;2508;1977645;1913101;92.1;89.1
75;2021-10-05;1086;2167;1978731;1915268;92.1;89.2
75;2021-10-06;1213;2411;1979944;1917679;92.2;89.3
75;2021-10-07;1125;2069;1981069;1919748;92.2;89.4
75;2021-10-08;1477;3046;1982546;1922794;92.3;89.5
75;2021-10-09;1287;2234;1983833;1925028;92.3;89.6
75;2021-10-10;237;361;1984070;1925389;92.4;89.6
76;2020-12-27;0;0;0;0;0.0;0.0
76;2020-12-28;1;1;1;1;0.0;0.0
76;2020-12-29;0;0;1;1;0.0;0.0
76;2020-12-30;0;0;1;1;0.0;0.0
76;2020-12-31;0;0;1;1;0.0;0.0
76;2021-01-01;0;0;1;1;0.0;0.0
76;2021-01-02;0;0;1;1;0.0;0.0
76;2021-01-03;0;0;1;1;0.0;0.0
76;2021-01-04;17;0;18;1;0.0;0.0
76;2021-01-05;138;0;156;1;0.0;0.0
76;2021-01-06;682;2;838;3;0.1;0.0
76;2021-01-07;1354;7;2192;10;0.2;0.0
76;2021-01-08;1537;2;3729;12;0.3;0.0
76;2021-01-09;736;2;4465;14;0.4;0.0
76;2021-01-10;492;2;4957;16;0.4;0.0
76;2021-01-11;1358;3;6315;19;0.5;0.0
76;2021-01-12;1358;3;7673;22;0.6;0.0
76;2021-01-13;1187;5;8860;27;0.7;0.0
76;2021-01-14;2178;24;11038;51;0.9;0.0
76;2021-01-15;1910;9;12948;60;1.0;0.0
76;2021-01-16;990;8;13938;68;1.1;0.0
76;2021-01-17;2898;23;16836;91;1.4;0.0
76;2021-01-18;4395;19;21231;110;1.7;0.0
76;2021-01-19;3021;11;24252;121;1.9;0.0
76;2021-01-20;2072;10;26324;131;2.1;0.0
76;2021-01-21;1773;4;28097;135;2.3;0.0
76;2021-01-22;1705;4;29802;139;2.4;0.0
76;2021-01-23;450;4;30252;143;2.4;0.0
76;2021-01-24;100;0;30352;143;2.4;0.0
76;2021-01-25;1476;139;31828;282;2.6;0.0
76;2021-01-26;1394;335;33222;617;2.7;0.0
76;2021-01-27;1341;433;34563;1050;2.8;0.1
76;2021-01-28;1286;385;35849;1435;2.9;0.1
76;2021-01-29;1155;458;37004;1893;3.0;0.2
76;2021-01-30;283;302;37287;2195;3.0;0.2
76;2021-01-31;4;98;37291;2293;3.0;0.2
76;2021-02-01;842;808;38133;3101;3.1;0.2
76;2021-02-02;1056;1017;39189;4118;3.2;0.3
76;2021-02-03;921;996;40110;5114;3.2;0.4
76;2021-02-04;976;1454;41086;6568;3.3;0.5
76;2021-02-05;975;1105;42061;7673;3.4;0.6
76;2021-02-06;264;878;42325;8551;3.4;0.7
76;2021-02-07;468;1654;42793;10205;3.4;0.8
76;2021-02-08;1924;3729;44717;13934;3.6;1.1
76;2021-02-09;1753;2990;46470;16924;3.7;1.4
76;2021-02-10;1488;1809;47958;18733;3.9;1.5
76;2021-02-11;1680;1529;49638;20262;4.0;1.6
76;2021-02-12;1706;1573;51344;21835;4.1;1.8
76;2021-02-13;230;337;51574;22172;4.1;1.8
76;2021-02-14;9;82;51583;22254;4.1;1.8
76;2021-02-15;552;1713;52135;23967;4.2;1.9
76;2021-02-16;742;1642;52877;25609;4.3;2.1
76;2021-02-17;626;1448;53503;27057;4.3;2.2
76;2021-02-18;780;1392;54283;28449;4.4;2.3
76;2021-02-19;870;1341;55153;29790;4.4;2.4
76;2021-02-20;270;287;55423;30077;4.5;2.4
76;2021-02-21;0;0;55423;30077;4.5;2.4
76;2021-02-22;371;1306;55794;31383;4.5;2.5
76;2021-02-23;576;1238;56370;32621;4.5;2.6
76;2021-02-24;601;1198;56971;33819;4.6;2.7
76;2021-02-25;1665;1265;58636;35084;4.7;2.8
76;2021-02-26;2171;1057;60807;36141;4.9;2.9
76;2021-02-27;1109;276;61916;36417;5.0;2.9
76;2021-02-28;27;196;61943;36613;5.0;2.9
76;2021-03-01;830;2087;62773;38700;5.0;3.1
76;2021-03-02;1383;1719;64156;40419;5.2;3.2
76;2021-03-03;1942;1391;66098;41810;5.3;3.4
76;2021-03-04;2819;1120;68917;42930;5.5;3.5
76;2021-03-05;4183;826;73100;43756;5.9;3.5
76;2021-03-06;3366;172;76466;43928;6.1;3.5
76;2021-03-07;1257;36;77723;43964;6.2;3.5
76;2021-03-08;2102;1262;79825;45226;6.4;3.6
76;2021-03-09;3576;1174;83401;46400;6.7;3.7
76;2021-03-10;3595;1073;86996;47473;7.0;3.8
76;2021-03-11;5635;952;92631;48425;7.4;3.9
76;2021-03-12;6829;619;99460;49044;8.0;3.9
76;2021-03-13;4646;158;104106;49202;8.4;4.0
76;2021-03-14;1068;28;105174;49230;8.5;4.0
76;2021-03-15;2919;245;108093;49475;8.7;4.0
76;2021-03-16;2557;403;110650;49878;8.9;4.0
76;2021-03-17;2696;319;113346;50197;9.1;4.0
76;2021-03-18;3003;318;116349;50515;9.4;4.1
76;2021-03-19;4397;441;120746;50956;9.7;4.1
76;2021-03-20;3974;301;124720;51257;10.0;4.1
76;2021-03-21;838;18;125558;51275;10.1;4.1
76;2021-03-22;3992;356;129550;51631;10.4;4.2
76;2021-03-23;5710;369;135260;52000;10.9;4.2
76;2021-03-24;5701;403;140961;52403;11.3;4.2
76;2021-03-25;7505;581;148466;52984;11.9;4.3
76;2021-03-26;8722;605;157188;53589;12.6;4.3
76;2021-03-27;4809;397;161997;53986;13.0;4.3
76;2021-03-28;1021;32;163018;54018;13.1;4.3
76;2021-03-29;5388;836;168406;54854;13.5;4.4
76;2021-03-30;6587;1068;174993;55922;14.1;4.5
76;2021-03-31;6462;1285;181455;57207;14.6;4.6
76;2021-04-01;6784;2045;188239;59252;15.1;4.8
76;2021-04-02;6485;2689;194724;61941;15.7;5.0
76;2021-04-03;2442;1083;197166;63024;15.9;5.1
76;2021-04-04;265;11;197431;63035;15.9;5.1
76;2021-04-05;869;379;198300;63414;15.9;5.1
76;2021-04-06;3557;2797;201857;66211;16.2;5.3
76;2021-04-07;4415;2412;206272;68623;16.6;5.5
76;2021-04-08;5841;2789;212113;71412;17.1;5.7
76;2021-04-09;8803;3083;220916;74495;17.8;6.0
76;2021-04-10;4876;1429;225792;75924;18.2;6.1
76;2021-04-11;814;535;226606;76459;18.2;6.1
76;2021-04-12;4726;2859;231332;79318;18.6;6.4
76;2021-04-13;5926;2873;237258;82191;19.1;6.6
76;2021-04-14;4802;3134;242060;85325;19.5;6.9
76;2021-04-15;5562;3363;247622;88688;19.9;7.1
76;2021-04-16;7356;3448;254978;92136;20.5;7.4
76;2021-04-17;4387;1436;259365;93572;20.9;7.5
76;2021-04-18;339;141;259704;93713;20.9;7.5
76;2021-04-19;3478;3779;263182;97492;21.2;7.8
76;2021-04-20;4344;4285;267526;101777;21.5;8.2
76;2021-04-21;4192;4697;271718;106474;21.8;8.6
76;2021-04-22;4564;5443;276282;111917;22.2;9.0
76;2021-04-23;5444;5981;281726;117898;22.7;9.5
76;2021-04-24;4165;2197;285891;120095;23.0;9.7
76;2021-04-25;894;269;286785;120364;23.1;9.7
76;2021-04-26;4484;4480;291269;124844;23.4;10.0
76;2021-04-27;5000;5010;296269;129854;23.8;10.4
76;2021-04-28;5348;4179;301617;134033;24.2;10.8
76;2021-04-29;6926;4177;308543;138210;24.8;11.1
76;2021-04-30;8219;4659;316762;142869;25.5;11.5
76;2021-05-01;4828;1017;321590;143886;25.9;11.6
76;2021-05-02;1842;265;323432;144151;26.0;11.6
76;2021-05-03;4703;3314;328135;147465;26.4;11.9
76;2021-05-04;4822;4563;332957;152028;26.8;12.2
76;2021-05-05;4783;5183;337740;157211;27.2;12.6
76;2021-05-06;5923;5590;343663;162801;27.6;13.1
76;2021-05-07;6137;6771;349800;169572;28.1;13.6
76;2021-05-08;5056;916;354856;170488;28.5;13.7
76;2021-05-09;2541;235;357397;170723;28.7;13.7
76;2021-05-10;4947;5069;362344;175792;29.1;14.1
76;2021-05-11;6519;5690;368863;181482;29.7;14.6
76;2021-05-12;6263;5085;375126;186567;30.2;15.0
76;2021-05-13;8842;1284;383968;187851;30.9;15.1
76;2021-05-14;10414;4663;394382;192514;31.7;15.5
76;2021-05-15;9119;2458;403501;194972;32.4;15.7
76;2021-05-16;6236;479;409737;195451;32.9;15.7
76;2021-05-17;7226;3279;416963;198730;33.5;16.0
76;2021-05-18;8304;2818;425267;201548;34.2;16.2
76;2021-05-19;8402;3201;433669;204749;34.9;16.5
76;2021-05-20;9650;3428;443319;208177;35.6;16.7
76;2021-05-21;8369;4097;451688;212274;36.3;17.1
76;2021-05-22;7163;2365;458851;214639;36.9;17.3
76;2021-05-23;6388;416;465239;215055;37.4;17.3
76;2021-05-24;6864;1529;472103;216584;38.0;17.4
76;2021-05-25;8024;4091;480127;220675;38.6;17.7
76;2021-05-26;7571;3611;487698;224286;39.2;18.0
76;2021-05-27;8340;4709;496038;228995;39.9;18.4
76;2021-05-28;8231;6572;504269;235567;40.5;18.9
76;2021-05-29;6225;3516;510494;239083;41.0;19.2
76;2021-05-30;3149;431;513643;239514;41.3;19.3
76;2021-05-31;8167;3973;521810;243487;42.0;19.6
76;2021-06-01;9209;5035;531019;248522;42.7;20.0
76;2021-06-02;7929;4447;538948;252969;43.3;20.3
76;2021-06-03;9540;5409;548488;258378;44.1;20.8
76;2021-06-04;9242;6699;557730;265077;44.8;21.3
76;2021-06-05;6285;3816;564015;268893;45.3;21.6
76;2021-06-06;2556;650;566571;269543;45.6;21.7
76;2021-06-07;6978;5455;573549;274998;46.1;22.1
76;2021-06-08;8661;6290;582210;281288;46.8;22.6
76;2021-06-09;7210;6083;589420;287371;47.4;23.1
76;2021-06-10;8000;6564;597420;293935;48.0;23.6
76;2021-06-11;7575;8240;604995;302175;48.6;24.3
76;2021-06-12;7166;5879;612161;308054;49.2;24.8
76;2021-06-13;2962;1295;615123;309349;49.5;24.9
76;2021-06-14;6486;6735;621609;316084;50.0;25.4
76;2021-06-15;6300;7478;627909;323562;50.5;26.0
76;2021-06-16;6651;7484;634560;331046;51.0;26.6
76;2021-06-17;7011;7759;641571;338805;51.6;27.2
76;2021-06-18;7687;9232;649258;348037;52.2;28.0
76;2021-06-19;5987;6260;655245;354297;52.7;28.5
76;2021-06-20;2809;1818;658054;356115;52.9;28.6
76;2021-06-21;5589;8176;663643;364291;53.4;29.3
76;2021-06-22;4923;9881;668566;374172;53.8;30.1
76;2021-06-23;4727;9434;673293;383606;54.1;30.8
76;2021-06-24;4796;9922;678089;393528;54.5;31.6
76;2021-06-25;5219;11584;683308;405112;54.9;32.6
76;2021-06-26;3454;7878;686762;412990;55.2;33.2
76;2021-06-27;1367;5162;688129;418152;55.3;33.6
76;2021-06-28;3612;9950;691741;428102;55.6;34.4
76;2021-06-29;3873;10227;695614;438329;55.9;35.2
76;2021-06-30;4267;9838;699881;448167;56.3;36.0
76;2021-07-01;4596;9909;704477;458076;56.6;36.8
76;2021-07-02;4368;12014;708845;470090;57.0;37.8
76;2021-07-03;3583;8450;712428;478540;57.3;38.5
76;2021-07-04;1487;5305;713915;483845;57.4;38.9
76;2021-07-05;3956;9332;717871;493177;57.7;39.7
76;2021-07-06;4055;10075;721926;503252;58.0;40.5
76;2021-07-07;4011;9327;725937;512579;58.4;41.2
76;2021-07-08;4465;9463;730402;522042;58.7;42.0
76;2021-07-09;4364;12413;734766;534455;59.1;43.0
76;2021-07-10;3138;8556;737904;543011;59.3;43.7
76;2021-07-11;1777;2821;739681;545832;59.5;43.9
76;2021-07-12;3155;11155;742836;556987;59.7;44.8
76;2021-07-13;4934;12264;747770;569251;60.1;45.8
76;2021-07-14;4803;5547;752573;574798;60.5;46.2
76;2021-07-15;5911;11790;758484;586588;61.0;47.2
76;2021-07-16;6720;12019;765204;598607;61.5;48.1
76;2021-07-17;5277;8709;770481;607316;61.9;48.8
76;2021-07-18;2257;3357;772738;610673;62.1;49.1
76;2021-07-19;5160;11155;777898;621828;62.5;50.0
76;2021-07-20;6276;11628;784174;633456;63.0;50.9
76;2021-07-21;6342;10571;790516;644027;63.6;51.8
76;2021-07-22;8240;9655;798756;653682;64.2;52.6
76;2021-07-23;7643;12003;806399;665685;64.8;53.5
76;2021-07-24;4992;7717;811391;673402;65.2;54.1
76;2021-07-25;2873;3139;814264;676541;65.5;54.4
76;2021-07-26;5433;10149;819697;686690;65.9;55.2
76;2021-07-27;8338;9556;828035;696246;66.6;56.0
76;2021-07-28;8270;7825;836305;704071;67.2;56.6
76;2021-07-29;9589;6991;845894;711062;68.0;57.2
76;2021-07-30;8011;7849;853905;718911;68.7;57.8
76;2021-07-31;6614;5333;860519;724244;69.2;58.2
76;2021-08-01;3863;2087;864382;726331;69.5;58.4
76;2021-08-02;6563;7101;870945;733432;70.0;59.0
76;2021-08-03;7972;6361;878917;739793;70.7;59.5
76;2021-08-04;7259;5847;886176;745640;71.2;59.9
76;2021-08-05;8099;5730;894275;751370;71.9;60.4
76;2021-08-06;6811;6875;901086;758245;72.4;61.0
76;2021-08-07;4792;4385;905878;762630;72.8;61.3
76;2021-08-08;2409;2157;908287;764787;73.0;61.5
76;2021-08-09;5638;6740;913925;771527;73.5;62.0
76;2021-08-10;6351;6557;920276;778084;74.0;62.6
76;2021-08-11;6452;5497;926728;783581;74.5;63.0
76;2021-08-12;6046;6063;932774;789644;75.0;63.5
76;2021-08-13;5058;6211;937832;795855;75.4;64.0
76;2021-08-14;3840;4599;941672;800454;75.7;64.4
76;2021-08-15;1579;2357;943251;802811;75.8;64.5
76;2021-08-16;3666;6719;946917;809530;76.1;65.1
76;2021-08-17;3919;6947;950836;816477;76.4;65.6
76;2021-08-18;3747;6738;954583;823215;76.7;66.2
76;2021-08-19;3390;7171;957973;830386;77.0;66.8
76;2021-08-20;3434;7831;961407;838217;77.3;67.4
76;2021-08-21;1825;4220;963232;842437;77.4;67.7
76;2021-08-22;871;3295;964103;845732;77.5;68.0
76;2021-08-23;2625;7761;966728;853493;77.7;68.6
76;2021-08-24;2824;7591;969552;861084;78.0;69.2
76;2021-08-25;2630;7079;972182;868163;78.2;69.8
76;2021-08-26;2074;5800;974256;873963;78.3;70.3
76;2021-08-27;2701;7952;976957;881915;78.5;70.9
76;2021-08-28;2137;6063;979094;887978;78.7;71.4
76;2021-08-29;698;3013;979792;890991;78.8;71.6
76;2021-08-30;2167;7348;981959;898339;78.9;72.2
76;2021-08-31;1944;7139;983903;905478;79.1;72.8
76;2021-09-01;1729;6409;985632;911887;79.2;73.3
76;2021-09-02;1306;4504;986938;916391;79.3;73.7
76;2021-09-03;1593;6603;988531;922994;79.5;74.2
76;2021-09-04;1618;5990;990149;928984;79.6;74.7
76;2021-09-05;636;1820;990785;930804;79.7;74.8
76;2021-09-06;1345;4372;992130;935176;79.8;75.2
76;2021-09-07;1169;3720;993299;938896;79.9;75.5
76;2021-09-08;1277;4458;994576;943354;80.0;75.8
76;2021-09-09;1093;2918;995669;946272;80.1;76.1
76;2021-09-10;1701;4032;997370;950304;80.2;76.4
76;2021-09-11;1167;3202;998537;953506;80.3;76.7
76;2021-09-12;286;828;998823;954334;80.3;76.7
76;2021-09-13;827;2193;999650;956527;80.4;76.9
76;2021-09-14;1379;2622;1001029;959149;80.5;77.1
76;2021-09-15;1173;3269;1002202;962418;80.6;77.4
76;2021-09-16;1271;1957;1003473;964375;80.7;77.5
76;2021-09-17;1412;2902;1004885;967277;80.8;77.8
76;2021-09-18;734;2511;1005619;969788;80.9;78.0
76;2021-09-19;196;777;1005815;970565;80.9;78.0
76;2021-09-20;841;1810;1006656;972375;80.9;78.2
76;2021-09-21;765;1596;1007421;973971;81.0;78.3
76;2021-09-22;676;2297;1008097;976268;81.1;78.5
76;2021-09-23;754;1169;1008851;977437;81.1;78.6
76;2021-09-24;1063;2043;1009914;979480;81.2;78.7
76;2021-09-25;574;2130;1010488;981610;81.2;78.9
76;2021-09-26;125;416;1010613;982026;81.3;79.0
76;2021-09-27;627;1347;1011240;983373;81.3;79.1
76;2021-09-28;504;1126;1011744;984499;81.3;79.2
76;2021-09-29;786;1590;1012530;986089;81.4;79.3
76;2021-09-30;425;884;1012955;986973;81.4;79.4
76;2021-10-01;856;1704;1013811;988677;81.5;79.5
76;2021-10-02;585;1310;1014396;989987;81.6;79.6
76;2021-10-03;129;386;1014525;990373;81.6;79.6
76;2021-10-04;599;1143;1015124;991516;81.6;79.7
76;2021-10-05;482;1020;1015606;992536;81.7;79.8
76;2021-10-06;458;898;1016064;993434;81.7;79.9
76;2021-10-07;385;842;1016449;994276;81.7;79.9
76;2021-10-08;887;1909;1017336;996185;81.8;80.1
76;2021-10-09;586;1002;1017922;997187;81.8;80.2
76;2021-10-10;70;77;1017992;997264;81.8;80.2
77;2020-12-27;1;0;1;0;0.0;0.0
77;2020-12-28;2;0;3;0;0.0;0.0
77;2020-12-29;0;0;3;0;0.0;0.0
77;2020-12-30;0;0;3;0;0.0;0.0
77;2020-12-31;0;0;3;0;0.0;0.0
77;2021-01-01;4;0;7;0;0.0;0.0
77;2021-01-02;2;2;9;2;0.0;0.0
77;2021-01-03;0;0;9;2;0.0;0.0
77;2021-01-04;7;0;16;2;0.0;0.0
77;2021-01-05;200;0;216;2;0.0;0.0
77;2021-01-06;237;2;453;4;0.0;0.0
77;2021-01-07;521;4;974;8;0.1;0.0
77;2021-01-08;621;1;1595;9;0.1;0.0
77;2021-01-09;273;1;1868;10;0.1;0.0
77;2021-01-10;235;2;2103;12;0.1;0.0
77;2021-01-11;782;4;2885;16;0.2;0.0
77;2021-01-12;884;1;3769;17;0.3;0.0
77;2021-01-13;941;3;4710;20;0.3;0.0
77;2021-01-14;849;7;5559;27;0.4;0.0
77;2021-01-15;859;11;6418;38;0.5;0.0
77;2021-01-16;168;1;6586;39;0.5;0.0
77;2021-01-17;132;2;6718;41;0.5;0.0
77;2021-01-18;1196;5;7914;46;0.6;0.0
77;2021-01-19;1722;24;9636;70;0.7;0.0
77;2021-01-20;2541;13;12177;83;0.9;0.0
77;2021-01-21;2062;30;14239;113;1.0;0.0
77;2021-01-22;1148;8;15387;121;1.1;0.0
77;2021-01-23;348;0;15735;121;1.1;0.0
77;2021-01-24;45;0;15780;121;1.1;0.0
77;2021-01-25;940;25;16720;146;1.2;0.0
77;2021-01-26;1715;27;18435;173;1.3;0.0
77;2021-01-27;1364;29;19799;202;1.4;0.0
77;2021-01-28;1699;94;21498;296;1.5;0.0
77;2021-01-29;1289;148;22787;444;1.6;0.0
77;2021-01-30;211;2;22998;446;1.6;0.0
77;2021-01-31;1;0;22999;446;1.6;0.0
77;2021-02-01;570;211;23569;657;1.7;0.0
77;2021-02-02;872;266;24441;923;1.7;0.1
77;2021-02-03;794;524;25235;1447;1.8;0.1
77;2021-02-04;789;808;26024;2255;1.8;0.2
77;2021-02-05;857;850;26881;3105;1.9;0.2
77;2021-02-06;165;101;27046;3206;1.9;0.2
77;2021-02-07;17;93;27063;3299;1.9;0.2
77;2021-02-08;498;938;27561;4237;1.9;0.3
77;2021-02-09;590;1465;28151;5702;2.0;0.4
77;2021-02-10;1030;1838;29181;7540;2.0;0.5
77;2021-02-11;1060;1655;30241;9195;2.1;0.6
77;2021-02-12;1098;1173;31339;10368;2.2;0.7
77;2021-02-13;189;177;31528;10545;2.2;0.7
77;2021-02-14;12;56;31540;10601;2.2;0.7
77;2021-02-15;555;1023;32095;11624;2.3;0.8
77;2021-02-16;598;1532;32693;13156;2.3;0.9
77;2021-02-17;515;1186;33208;14342;2.3;1.0
77;2021-02-18;839;1617;34047;15959;2.4;1.1
77;2021-02-19;778;1102;34825;17061;2.4;1.2
77;2021-02-20;55;176;34880;17237;2.5;1.2
77;2021-02-21;7;31;34887;17268;2.5;1.2
77;2021-02-22;303;770;35190;18038;2.5;1.3
77;2021-02-23;360;1127;35550;19165;2.5;1.3
77;2021-02-24;513;896;36063;20061;2.5;1.4
77;2021-02-25;793;964;36856;21025;2.6;1.5
77;2021-02-26;840;838;37696;21863;2.6;1.5
77;2021-02-27;459;170;38155;22033;2.7;1.5
77;2021-02-28;33;5;38188;22038;2.7;1.5
77;2021-03-01;680;715;38868;22753;2.7;1.6
77;2021-03-02;1091;1025;39959;23778;2.8;1.7
77;2021-03-03;1958;1193;41917;24971;2.9;1.8
77;2021-03-04;2795;1146;44712;26117;3.1;1.8
77;2021-03-05;3374;1058;48086;27175;3.4;1.9
77;2021-03-06;4827;276;52913;27451;3.7;1.9
77;2021-03-07;3195;118;56108;27569;3.9;1.9
77;2021-03-08;1230;507;57338;28076;4.0;2.0
77;2021-03-09;2508;642;59846;28718;4.2;2.0
77;2021-03-10;2397;584;62243;29302;4.4;2.1
77;2021-03-11;3503;795;65746;30097;4.6;2.1
77;2021-03-12;3890;697;69636;30794;4.9;2.2
77;2021-03-13;4478;213;74114;31007;5.2;2.2
77;2021-03-14;2154;125;76268;31132;5.4;2.2
77;2021-03-15;2511;281;78779;31413;5.5;2.2
77;2021-03-16;2445;381;81224;31794;5.7;2.2
77;2021-03-17;2554;438;83778;32232;5.9;2.3
77;2021-03-18;3011;404;86789;32636;6.1;2.3
77;2021-03-19;3357;440;90146;33076;6.3;2.3
77;2021-03-20;1967;79;92113;33155;6.5;2.3
77;2021-03-21;243;14;92356;33169;6.5;2.3
77;2021-03-22;3019;408;95375;33577;6.7;2.4
77;2021-03-23;4520;537;99895;34114;7.0;2.4
77;2021-03-24;4156;623;104051;34737;7.3;2.4
77;2021-03-25;5907;414;109958;35151;7.7;2.5
77;2021-03-26;6267;455;116225;35606;8.2;2.5
77;2021-03-27;3323;127;119548;35733;8.4;2.5
77;2021-03-28;1730;50;121278;35783;8.5;2.5
77;2021-03-29;2654;691;123932;36474;8.7;2.6
77;2021-03-30;3995;1195;127927;37669;9.0;2.6
77;2021-03-31;3758;1231;131685;38900;9.3;2.7
77;2021-04-01;4141;1842;135826;40742;9.5;2.9
77;2021-04-02;3992;2023;139818;42765;9.8;3.0
77;2021-04-03;1743;2282;141561;45047;9.9;3.2
77;2021-04-04;420;1428;141981;46475;10.0;3.3
77;2021-04-05;161;163;142142;46638;10.0;3.3
77;2021-04-06;2723;1930;144865;48568;10.2;3.4
77;2021-04-07;3320;2091;148185;50659;10.4;3.6
77;2021-04-08;4533;2373;152718;53032;10.7;3.7
77;2021-04-09;4854;2098;157572;55130;11.1;3.9
77;2021-04-10;3074;2757;160646;57887;11.3;4.1
77;2021-04-11;586;721;161232;58608;11.3;4.1
77;2021-04-12;2230;1828;163462;60436;11.5;4.2
77;2021-04-13;3359;2645;166821;63081;11.7;4.4
77;2021-04-14;2519;2656;169340;65737;11.9;4.6
77;2021-04-15;3319;3124;172659;68861;12.1;4.8
77;2021-04-16;3575;2725;176234;71586;12.4;5.0
77;2021-04-17;1386;478;177620;72064;12.5;5.1
77;2021-04-18;150;11;177770;72075;12.5;5.1
77;2021-04-19;2083;2514;179853;74589;12.6;5.2
77;2021-04-20;2572;3384;182425;77973;12.8;5.5
77;2021-04-21;2194;3480;184619;81453;13.0;5.7
77;2021-04-22;3002;3865;187621;85318;13.2;6.0
77;2021-04-23;3531;3640;191152;88958;13.4;6.2
77;2021-04-24;4899;2519;196051;91477;13.8;6.4
77;2021-04-25;4078;1248;200129;92725;14.1;6.5
77;2021-04-26;3224;2045;203353;94770;14.3;6.7
77;2021-04-27;3996;2520;207349;97290;14.6;6.8
77;2021-04-28;4067;2621;211416;99911;14.9;7.0
77;2021-04-29;4480;3085;215896;102996;15.2;7.2
77;2021-04-30;4911;3346;220807;106342;15.5;7.5
77;2021-05-01;2466;600;223273;106942;15.7;7.5
77;2021-05-02;3141;278;226414;107220;15.9;7.5
77;2021-05-03;5991;2081;232405;109301;16.3;7.7
77;2021-05-04;6437;2995;238842;112296;16.8;7.9
77;2021-05-05;6018;3028;244860;115324;17.2;8.1
77;2021-05-06;6886;3600;251746;118924;17.7;8.4
77;2021-05-07;8204;3272;259950;122196;18.3;8.6
77;2021-05-08;5718;816;265668;123012;18.7;8.6
77;2021-05-09;4904;484;270572;123496;19.0;8.7
77;2021-05-10;8087;2330;278659;125826;19.6;8.8
77;2021-05-11;9576;2921;288235;128747;20.2;9.0
77;2021-05-12;8977;2284;297212;131031;20.9;9.2
77;2021-05-13;9302;884;306514;131915;21.5;9.3
77;2021-05-14;10437;1673;316951;133588;22.3;9.4
77;2021-05-15;8991;1248;325942;134836;22.9;9.5
77;2021-05-16;5152;470;331094;135306;23.3;9.5
77;2021-05-17;10371;1482;341465;136788;24.0;9.6
77;2021-05-18;11786;1805;353251;138593;24.8;9.7
77;2021-05-19;10918;1606;364169;140199;25.6;9.8
77;2021-05-20;12215;2157;376384;142356;26.4;10.0
77;2021-05-21;11652;2696;388036;145052;27.3;10.2
77;2021-05-22;9817;1741;397853;146793;27.9;10.3
77;2021-05-23;6978;818;404831;147611;28.4;10.4
77;2021-05-24;6762;779;411593;148390;28.9;10.4
77;2021-05-25;8315;2817;419908;151207;29.5;10.6
77;2021-05-26;7561;2980;427469;154187;30.0;10.8
77;2021-05-27;7552;3968;435021;158155;30.6;11.1
77;2021-05-28;7634;4010;442655;162165;31.1;11.4
77;2021-05-29;7353;2332;450008;164497;31.6;11.6
77;2021-05-30;4355;891;454363;165388;31.9;11.6
77;2021-05-31;8382;3836;462745;169224;32.5;11.9
77;2021-06-01;9645;4383;472390;173607;33.2;12.2
77;2021-06-02;9005;3931;481395;177538;33.8;12.5
77;2021-06-03;9001;5281;490396;182819;34.4;12.8
77;2021-06-04;9114;5495;499510;188314;35.1;13.2
77;2021-06-05;6660;4990;506170;193304;35.6;13.6
77;2021-06-06;4909;3210;511079;196514;35.9;13.8
77;2021-06-07;6421;4540;517500;201054;36.4;14.1
77;2021-06-08;5726;5228;523226;206282;36.8;14.5
77;2021-06-09;5059;4964;528285;211246;37.1;14.8
77;2021-06-10;5014;5459;533299;216705;37.5;15.2
77;2021-06-11;5752;6028;539051;222733;37.9;15.6
77;2021-06-12;6544;4752;545595;227485;38.3;16.0
77;2021-06-13;3507;3053;549102;230538;38.6;16.2
77;2021-06-14;3219;7933;552321;238471;38.8;16.8
77;2021-06-15;4127;8484;556448;246955;39.1;17.3
77;2021-06-16;4803;8378;561251;255333;39.4;17.9
77;2021-06-17;4467;9029;565718;264362;39.7;18.6
77;2021-06-18;4364;9790;570082;274152;40.0;19.3
77;2021-06-19;5306;6931;575388;281083;40.4;19.7
77;2021-06-20;2096;3801;577484;284884;40.6;20.0
77;2021-06-21;3228;9579;580712;294463;40.8;20.7
77;2021-06-22;3665;11377;584377;305840;41.0;21.5
77;2021-06-23;3443;10050;587820;315890;41.3;22.2
77;2021-06-24;3359;10923;591179;326813;41.5;23.0
77;2021-06-25;3623;10800;594802;337613;41.8;23.7
77;2021-06-26;4085;10070;598887;347683;42.1;24.4
77;2021-06-27;2124;6430;601011;354113;42.2;24.9
77;2021-06-28;2797;10831;603808;364944;42.4;25.6
77;2021-06-29;3415;12532;607223;377476;42.7;26.5
77;2021-06-30;3291;11452;610514;388928;42.9;27.3
77;2021-07-01;3296;11657;613810;400585;43.1;28.1
77;2021-07-02;3464;12256;617274;412841;43.4;29.0
77;2021-07-03;3182;10803;620456;423644;43.6;29.8
77;2021-07-04;1996;6490;622452;430134;43.7;30.2
77;2021-07-05;3584;9541;626036;439675;44.0;30.9
77;2021-07-06;3736;9530;629772;449205;44.2;31.6
77;2021-07-07;4051;8951;633823;458156;44.5;32.2
77;2021-07-08;3934;8760;637757;466916;44.8;32.8
77;2021-07-09;4712;10343;642469;477259;45.1;33.5
77;2021-07-10;4043;9842;646512;487101;45.4;34.2
77;2021-07-11;3090;5093;649602;492194;45.6;34.6
77;2021-07-12;3285;10870;652887;503064;45.9;35.3
77;2021-07-13;6161;12040;659048;515104;46.3;36.2
77;2021-07-14;3602;6448;662650;521552;46.5;36.6
77;2021-07-15;7189;11980;669839;533532;47.1;37.5
77;2021-07-16;7824;9893;677663;543425;47.6;38.2
77;2021-07-17;5792;9466;683455;552891;48.0;38.8
77;2021-07-18;4138;5330;687593;558221;48.3;39.2
77;2021-07-19;7516;8955;695109;567176;48.8;39.8
77;2021-07-20;9671;8044;704780;575220;49.5;40.4
77;2021-07-21;9524;7483;714304;582703;50.2;40.9
77;2021-07-22;10560;7558;724864;590261;50.9;41.5
77;2021-07-23;9877;8207;734741;598468;51.6;42.0
77;2021-07-24;7215;7878;741956;606346;52.1;42.6
77;2021-07-25;5897;4036;747853;610382;52.5;42.9
77;2021-07-26;9209;5970;757062;616352;53.2;43.3
77;2021-07-27;10953;6048;768015;622400;53.9;43.7
77;2021-07-28;9491;6429;777506;628829;54.6;44.2
77;2021-07-29;9538;5518;787044;634347;55.3;44.6
77;2021-07-30;9745;6370;796789;640717;56.0;45.0
77;2021-07-31;7264;6633;804053;647350;56.5;45.5
77;2021-08-01;2953;1216;807006;648566;56.7;45.6
77;2021-08-02;7134;5733;814140;654299;57.2;46.0
77;2021-08-03;5855;4527;819995;658826;57.6;46.3
77;2021-08-04;4740;4389;824735;663215;57.9;46.6
77;2021-08-05;3259;2973;827994;666188;58.2;46.8
77;2021-08-06;5981;5264;833975;671452;58.6;47.2
77;2021-08-07;5296;6795;839271;678247;59.0;47.6
77;2021-08-08;1977;1863;841248;680110;59.1;47.8
77;2021-08-09;5091;6584;846339;686694;59.5;48.2
77;2021-08-10;2713;3581;849052;690275;59.6;48.5
77;2021-08-11;3143;6241;852195;696516;59.9;48.9
77;2021-08-12;2281;3576;854476;700092;60.0;49.2
77;2021-08-13;2736;4896;857212;704988;60.2;49.5
77;2021-08-14;2959;7332;860171;712320;60.4;50.0
77;2021-08-15;789;773;860960;713093;60.5;50.1
77;2021-08-16;2478;6985;863438;720078;60.7;50.6
77;2021-08-17;2896;7215;866334;727293;60.9;51.1
77;2021-08-18;2685;6563;869019;733856;61.0;51.5
77;2021-08-19;2653;5105;871672;738961;61.2;51.9
77;2021-08-20;2711;5687;874383;744648;61.4;52.3
77;2021-08-21;2717;7339;877100;751987;61.6;52.8
77;2021-08-22;1735;5344;878835;757331;61.7;53.2
77;2021-08-23;2513;9619;881348;766950;61.9;53.9
77;2021-08-24;3068;9244;884416;776194;62.1;54.5
77;2021-08-25;2565;6541;886981;782735;62.3;55.0
77;2021-08-26;2559;6255;889540;788990;62.5;55.4
77;2021-08-27;2781;6995;892321;795985;62.7;55.9
77;2021-08-28;1973;7252;894294;803237;62.8;56.4
77;2021-08-29;1483;5150;895777;808387;62.9;56.8
77;2021-08-30;2526;8048;898303;816435;63.1;57.3
77;2021-08-31;2851;5600;901154;822035;63.3;57.7
77;2021-09-01;2283;3519;903437;825554;63.5;58.0
77;2021-09-02;1613;2812;905050;828366;63.6;58.2
77;2021-09-03;2136;4137;907186;832503;63.7;58.5
77;2021-09-04;2420;5583;909606;838086;63.9;58.9
77;2021-09-05;902;1371;910508;839457;64.0;59.0
77;2021-09-06;1066;1890;911574;841347;64.0;59.1
77;2021-09-07;844;2020;912418;843367;64.1;59.2
77;2021-09-08;1715;3072;914133;846439;64.2;59.5
77;2021-09-09;976;1842;915109;848281;64.3;59.6
77;2021-09-10;1194;2202;916303;850483;64.4;59.7
77;2021-09-11;2049;5403;918352;855886;64.5;60.1
77;2021-09-12;522;1353;918874;857239;64.5;60.2
77;2021-09-13;882;1723;919756;858962;64.6;60.3
77;2021-09-14;1025;1628;920781;860590;64.7;60.5
77;2021-09-15;1181;2528;921962;863118;64.8;60.6
77;2021-09-16;959;1497;922921;864615;64.8;60.7
77;2021-09-17;1158;2023;924079;866638;64.9;60.9
77;2021-09-18;1305;3581;925384;870219;65.0;61.1
77;2021-09-19;232;1182;925616;871401;65.0;61.2
77;2021-09-20;822;1625;926438;873026;65.1;61.3
77;2021-09-21;794;1502;927232;874528;65.1;61.4
77;2021-09-22;751;2485;927983;877013;65.2;61.6
77;2021-09-23;568;1508;928551;878521;65.2;61.7
77;2021-09-24;827;1949;929378;880470;65.3;61.8
77;2021-09-25;1002;3956;930380;884426;65.4;62.1
77;2021-09-26;205;758;930585;885184;65.4;62.2
77;2021-09-27;647;1312;931232;886496;65.4;62.3
77;2021-09-28;772;845;932004;887341;65.5;62.3
77;2021-09-29;936;1975;932940;889316;65.5;62.5
77;2021-09-30;587;937;933527;890253;65.6;62.5
77;2021-10-01;625;1024;934152;891277;65.6;62.6
77;2021-10-02;948;2103;935100;893380;65.7;62.8
77;2021-10-03;129;471;935229;893851;65.7;62.8
77;2021-10-04;412;720;935641;894571;65.7;62.8
77;2021-10-05;330;729;935971;895300;65.7;62.9
77;2021-10-06;536;1284;936507;896584;65.8;63.0
77;2021-10-07;384;723;936891;897307;65.8;63.0
77;2021-10-08;632;1218;937523;898525;65.9;63.1
77;2021-10-09;842;1983;938365;900508;65.9;63.3
77;2021-10-10;32;54;938397;900562;65.9;63.3
78;2020-12-27;2;0;2;0;0.0;0.0
78;2020-12-28;1;1;3;1;0.0;0.0
78;2020-12-29;0;0;3;1;0.0;0.0
78;2020-12-30;1;0;4;1;0.0;0.0
78;2020-12-31;15;0;19;1;0.0;0.0
78;2021-01-01;1;0;20;1;0.0;0.0
78;2021-01-02;1;0;21;1;0.0;0.0
78;2021-01-03;3;1;24;2;0.0;0.0
78;2021-01-04;145;3;169;5;0.0;0.0
78;2021-01-05;175;1;344;6;0.0;0.0
78;2021-01-06;208;4;552;10;0.0;0.0
78;2021-01-07;469;2;1021;12;0.1;0.0
78;2021-01-08;651;5;1672;17;0.1;0.0
78;2021-01-09;22;0;1694;17;0.1;0.0
78;2021-01-10;2;0;1696;17;0.1;0.0
78;2021-01-11;791;4;2487;21;0.2;0.0
78;2021-01-12;945;5;3432;26;0.2;0.0
78;2021-01-13;741;10;4173;36;0.3;0.0
78;2021-01-14;812;10;4985;46;0.3;0.0
78;2021-01-15;848;11;5833;57;0.4;0.0
78;2021-01-16;32;1;5865;58;0.4;0.0
78;2021-01-17;0;0;5865;58;0.4;0.0
78;2021-01-18;1384;21;7249;79;0.5;0.0
78;2021-01-19;1841;28;9090;107;0.6;0.0
78;2021-01-20;1651;19;10741;126;0.7;0.0
78;2021-01-21;3258;18;13999;144;1.0;0.0
78;2021-01-22;2216;20;16215;164;1.1;0.0
78;2021-01-23;280;0;16495;164;1.1;0.0
78;2021-01-24;5;0;16500;164;1.1;0.0
78;2021-01-25;957;31;17457;195;1.2;0.0
78;2021-01-26;1560;22;19017;217;1.3;0.0
78;2021-01-27;2063;52;21080;269;1.5;0.0
78;2021-01-28;2439;112;23519;381;1.6;0.0
78;2021-01-29;1492;64;25011;445;1.7;0.0
78;2021-01-30;210;2;25221;447;1.7;0.0
78;2021-01-31;3;0;25224;447;1.7;0.0
78;2021-02-01;788;224;26012;671;1.8;0.0
78;2021-02-02;967;346;26979;1017;1.9;0.1
78;2021-02-03;976;240;27955;1257;1.9;0.1
78;2021-02-04;1117;446;29072;1703;2.0;0.1
78;2021-02-05;1191;504;30263;2207;2.1;0.2
78;2021-02-06;200;46;30463;2253;2.1;0.2
78;2021-02-07;139;14;30602;2267;2.1;0.2
78;2021-02-08;762;605;31364;2872;2.2;0.2
78;2021-02-09;1121;946;32485;3818;2.2;0.3
78;2021-02-10;1245;1179;33730;4997;2.3;0.3
78;2021-02-11;1820;1894;35550;6891;2.5;0.5
78;2021-02-12;1820;1388;37370;8279;2.6;0.6
78;2021-02-13;173;76;37543;8355;2.6;0.6
78;2021-02-14;27;26;37570;8381;2.6;0.6
78;2021-02-15;448;1432;38018;9813;2.6;0.7
78;2021-02-16;628;1562;38646;11375;2.7;0.8
78;2021-02-17;588;2221;39234;13596;2.7;0.9
78;2021-02-18;998;2278;40232;15874;2.8;1.1
78;2021-02-19;821;1722;41053;17596;2.8;1.2
78;2021-02-20;148;125;41201;17721;2.8;1.2
78;2021-02-21;0;12;41201;17733;2.8;1.2
78;2021-02-22;502;1060;41703;18793;2.9;1.3
78;2021-02-23;540;1126;42243;19919;2.9;1.4
78;2021-02-24;620;1245;42863;21164;3.0;1.5
78;2021-02-25;867;1154;43730;22318;3.0;1.5
78;2021-02-26;1131;1241;44861;23559;3.1;1.6
78;2021-02-27;740;151;45601;23710;3.1;1.6
78;2021-02-28;68;18;45669;23728;3.2;1.6
78;2021-03-01;966;908;46635;24636;3.2;1.7
78;2021-03-02;1727;1059;48362;25695;3.3;1.8
78;2021-03-03;1967;1243;50329;26938;3.5;1.9
78;2021-03-04;2952;1604;53281;28542;3.7;2.0
78;2021-03-05;3256;1673;56537;30215;3.9;2.1
78;2021-03-06;6243;325;62780;30540;4.3;2.1
78;2021-03-07;3444;108;66224;30648;4.6;2.1
78;2021-03-08;1462;764;67686;31412;4.7;2.2
78;2021-03-09;2943;917;70629;32329;4.9;2.2
78;2021-03-10;3078;1128;73707;33457;5.1;2.3
78;2021-03-11;4179;1321;77886;34778;5.4;2.4
78;2021-03-12;5371;1367;83257;36145;5.7;2.5
78;2021-03-13;4657;210;87914;36355;6.1;2.5
78;2021-03-14;1037;42;88951;36397;6.1;2.5
78;2021-03-15;3620;272;92571;36669;6.4;2.5
78;2021-03-16;2567;579;95138;37248;6.6;2.6
78;2021-03-17;2970;449;98108;37697;6.8;2.6
78;2021-03-18;3780;462;101888;38159;7.0;2.6
78;2021-03-19;5317;501;107205;38660;7.4;2.7
78;2021-03-20;2260;133;109465;38793;7.6;2.7
78;2021-03-21;167;7;109632;38800;7.6;2.7
78;2021-03-22;3530;384;113162;39184;7.8;2.7
78;2021-03-23;5231;554;118393;39738;8.2;2.7
78;2021-03-24;4892;562;123285;40300;8.5;2.8
78;2021-03-25;6940;581;130225;40881;9.0;2.8
78;2021-03-26;6944;730;137169;41611;9.5;2.9
78;2021-03-27;3746;202;140915;41813;9.7;2.9
78;2021-03-28;1918;56;142833;41869;9.9;2.9
78;2021-03-29;3863;769;146696;42638;10.1;2.9
78;2021-03-30;5526;1064;152222;43702;10.5;3.0
78;2021-03-31;5334;1307;157556;45009;10.9;3.1
78;2021-04-01;5590;2372;163146;47381;11.3;3.3
78;2021-04-02;5194;2637;168340;50018;11.6;3.5
78;2021-04-03;2197;2569;170537;52587;11.8;3.6
78;2021-04-04;174;14;170711;52601;11.8;3.6
78;2021-04-05;199;20;170910;52621;11.8;3.6
78;2021-04-06;3618;2312;174528;54933;12.0;3.8
78;2021-04-07;4357;2595;178885;57528;12.3;4.0
78;2021-04-08;5523;2679;184408;60207;12.7;4.2
78;2021-04-09;6907;2462;191315;62669;13.2;4.3
78;2021-04-10;3995;1912;195310;64581;13.5;4.5
78;2021-04-11;374;607;195684;65188;13.5;4.5
78;2021-04-12;3531;2370;199215;67558;13.8;4.7
78;2021-04-13;5461;2515;204676;70073;14.1;4.8
78;2021-04-14;4955;3404;209631;73477;14.5;5.1
78;2021-04-15;4616;3859;214247;77336;14.8;5.3
78;2021-04-16;5625;4036;219872;81372;15.2;5.6
78;2021-04-17;3610;720;223482;82092;15.4;5.7
78;2021-04-18;272;42;223754;82134;15.4;5.7
78;2021-04-19;3246;2817;227000;84951;15.7;5.9
78;2021-04-20;4709;3691;231709;88642;16.0;6.1
78;2021-04-21;4533;3512;236242;92154;16.3;6.4
78;2021-04-22;4566;4699;240808;96853;16.6;6.7
78;2021-04-23;5059;4435;245867;101288;17.0;7.0
78;2021-04-24;4865;2631;250732;103919;17.3;7.2
78;2021-04-25;3049;1732;253781;105651;17.5;7.3
78;2021-04-26;4768;3326;258549;108977;17.8;7.5
78;2021-04-27;5474;4320;264023;113297;18.2;7.8
78;2021-04-28;5649;4796;269672;118093;18.6;8.2
78;2021-04-29;6263;4086;275935;122179;19.0;8.4
78;2021-04-30;7207;4466;283142;126645;19.5;8.7
78;2021-05-01;612;255;283754;126900;19.6;8.8
78;2021-05-02;2009;166;285763;127066;19.7;8.8
78;2021-05-03;7465;1289;293228;128355;20.2;8.9
78;2021-05-04;6077;3984;299305;132339;20.7;9.1
78;2021-05-05;7296;4565;306601;136904;21.2;9.5
78;2021-05-06;6480;5179;313081;142083;21.6;9.8
78;2021-05-07;8309;5144;321390;147227;22.2;10.2
78;2021-05-08;2916;1454;324306;148681;22.4;10.3
78;2021-05-09;2820;356;327126;149037;22.6;10.3
78;2021-05-10;7344;4457;334470;153494;23.1;10.6
78;2021-05-11;8143;5422;342613;158916;23.7;11.0
78;2021-05-12;8729;3918;351342;162834;24.3;11.2
78;2021-05-13;6628;603;357970;163437;24.7;11.3
78;2021-05-14;10216;2217;368186;165654;25.4;11.4
78;2021-05-15;4934;2362;373120;168016;25.8;11.6
78;2021-05-16;3697;792;376817;168808;26.0;11.7
78;2021-05-17;8741;1348;385558;170156;26.6;11.7
78;2021-05-18;9886;1894;395444;172050;27.3;11.9
78;2021-05-19;11651;1711;407095;173761;28.1;12.0
78;2021-05-20;11596;2265;418691;176026;28.9;12.2
78;2021-05-21;12121;2629;430812;178655;29.7;12.3
78;2021-05-22;6537;1364;437349;180019;30.2;12.4
78;2021-05-23;3125;390;440474;180409;30.4;12.5
78;2021-05-24;3521;417;443995;180826;30.6;12.5
78;2021-05-25;9983;2507;453978;183333;31.3;12.7
78;2021-05-26;10159;3781;464137;187114;32.0;12.9
78;2021-05-27;10947;4645;475084;191759;32.8;13.2
78;2021-05-28;11405;6030;486489;197789;33.6;13.7
78;2021-05-29;4228;3385;490717;201174;33.9;13.9
78;2021-05-30;135;348;490852;201522;33.9;13.9
78;2021-05-31;7967;5360;498819;206882;34.4;14.3
78;2021-06-01;10022;6525;508841;213407;35.1;14.7
78;2021-06-02;8582;6204;517423;219611;35.7;15.2
78;2021-06-03;9892;6477;527315;226088;36.4;15.6
78;2021-06-04;9794;8144;537109;234232;37.1;16.2
78;2021-06-05;5519;6133;542628;240365;37.5;16.6
78;2021-06-06;2150;2010;544778;242375;37.6;16.7
78;2021-06-07;8113;6519;552891;248894;38.2;17.2
78;2021-06-08;8064;7322;560955;256216;38.7;17.7
78;2021-06-09;7325;6733;568280;262949;39.2;18.2
78;2021-06-10;7105;7106;575385;270055;39.7;18.6
78;2021-06-11;7584;8186;582969;278241;40.2;19.2
78;2021-06-12;6373;2921;589342;281162;40.7;19.4
78;2021-06-13;946;2458;590288;283620;40.7;19.6
78;2021-06-14;3415;9808;593703;293428;41.0;20.3
78;2021-06-15;5794;8286;599497;301714;41.4;20.8
78;2021-06-16;5430;8626;604927;310340;41.8;21.4
78;2021-06-17;5481;8537;610408;318877;42.1;22.0
78;2021-06-18;6103;9801;616511;328678;42.6;22.7
78;2021-06-19;5219;4819;621730;333497;42.9;23.0
78;2021-06-20;625;2838;622355;336335;43.0;23.2
78;2021-06-21;4092;9470;626447;345805;43.2;23.9
78;2021-06-22;3349;10317;629796;356122;43.5;24.6
78;2021-06-23;3839;10393;633635;366515;43.7;25.3
78;2021-06-24;3794;9977;637429;376492;44.0;26.0
78;2021-06-25;3995;13148;641424;389640;44.3;26.9
78;2021-06-26;4209;7951;645633;397591;44.6;27.4
78;2021-06-27;1041;2540;646674;400131;44.6;27.6
78;2021-06-28;3287;10900;649961;411031;44.9;28.4
78;2021-06-29;3535;11248;653496;422279;45.1;29.2
78;2021-06-30;4110;13225;657606;435504;45.4;30.1
78;2021-07-01;4106;12701;661712;448205;45.7;30.9
78;2021-07-02;4260;13938;665972;462143;46.0;31.9
78;2021-07-03;3159;8621;669131;470764;46.2;32.5
78;2021-07-04;778;1742;669909;472506;46.2;32.6
78;2021-07-05;3384;9693;673293;482199;46.5;33.3
78;2021-07-06;3525;12044;676818;494243;46.7;34.1
78;2021-07-07;3824;11606;680642;505849;47.0;34.9
78;2021-07-08;3927;11678;684569;517527;47.3;35.7
78;2021-07-09;4759;12743;689328;530270;47.6;36.6
78;2021-07-10;2626;6613;691954;536883;47.8;37.1
78;2021-07-11;748;2047;692702;538930;47.8;37.2
78;2021-07-12;3038;11744;695740;550674;48.0;38.0
78;2021-07-13;5351;11974;701091;562648;48.4;38.8
78;2021-07-14;2533;4989;703624;567637;48.6;39.2
78;2021-07-15;5662;11954;709286;579591;49.0;40.0
78;2021-07-16;7320;10787;716606;590378;49.5;40.8
78;2021-07-17;4725;4898;721331;595276;49.8;41.1
78;2021-07-18;1158;471;722489;595747;49.9;41.1
78;2021-07-19;3878;10350;726367;606097;50.1;41.8
78;2021-07-20;5616;9926;731983;616023;50.5;42.5
78;2021-07-21;5905;9859;737888;625882;50.9;43.2
78;2021-07-22;5972;9296;743860;635178;51.3;43.8
78;2021-07-23;6259;9230;750119;644408;51.8;44.5
78;2021-07-24;2937;4973;753056;649381;52.0;44.8
78;2021-07-25;987;376;754043;649757;52.1;44.9
78;2021-07-26;4868;6986;758911;656743;52.4;45.3
78;2021-07-27;7600;6915;766511;663658;52.9;45.8
78;2021-07-28;6976;5933;773487;669591;53.4;46.2
78;2021-07-29;7902;6008;781389;675599;53.9;46.6
78;2021-07-30;7740;7052;789129;682651;54.5;47.1
78;2021-07-31;2653;2734;791782;685385;54.7;47.3
78;2021-08-01;109;72;791891;685457;54.7;47.3
78;2021-08-02;2444;2131;794335;687588;54.8;47.5
78;2021-08-03;4268;4254;798603;691842;55.1;47.8
78;2021-08-04;4465;2809;803068;694651;55.4;48.0
78;2021-08-05;3886;3172;806954;697823;55.7;48.2
78;2021-08-06;3978;3719;810932;701542;56.0;48.4
78;2021-08-07;2819;3442;813751;704984;56.2;48.7
78;2021-08-08;483;343;814234;705327;56.2;48.7
78;2021-08-09;1878;1662;816112;706989;56.3;48.8
78;2021-08-10;3416;3983;819528;710972;56.6;49.1
78;2021-08-11;3010;3383;822538;714355;56.8;49.3
78;2021-08-12;2770;3535;825308;717890;57.0;49.6
78;2021-08-13;2865;3186;828173;721076;57.2;49.8
78;2021-08-14;2301;2979;830474;724055;57.3;50.0
78;2021-08-15;315;373;830789;724428;57.4;50.0
78;2021-08-16;911;2341;831700;726769;57.4;50.2
78;2021-08-17;2795;4422;834495;731191;57.6;50.5
78;2021-08-18;2473;3820;836968;735011;57.8;50.7
78;2021-08-19;2240;3583;839208;738594;57.9;51.0
78;2021-08-20;2100;4000;841308;742594;58.1;51.3
78;2021-08-21;1884;3587;843192;746181;58.2;51.5
78;2021-08-22;87;147;843279;746328;58.2;51.5
78;2021-08-23;2154;4248;845433;750576;58.4;51.8
78;2021-08-24;3630;6973;849063;757549;58.6;52.3
78;2021-08-25;3296;6593;852359;764142;58.8;52.7
78;2021-08-26;2980;7237;855339;771379;59.0;53.2
78;2021-08-27;2862;7370;858201;778749;59.2;53.8
78;2021-08-28;2442;5278;860643;784027;59.4;54.1
78;2021-08-29;369;352;861012;784379;59.4;54.1
78;2021-08-30;2859;4975;863871;789354;59.6;54.5
78;2021-08-31;3452;5677;867323;795031;59.9;54.9
78;2021-09-01;2788;4932;870111;799963;60.1;55.2
78;2021-09-02;2096;4008;872207;803971;60.2;55.5
78;2021-09-03;2257;4279;874464;808250;60.4;55.8
78;2021-09-04;2479;3951;876943;812201;60.5;56.1
78;2021-09-05;292;375;877235;812576;60.6;56.1
78;2021-09-06;1291;2497;878526;815073;60.6;56.3
78;2021-09-07;1360;2942;879886;818015;60.7;56.5
78;2021-09-08;1685;3308;881571;821323;60.9;56.7
78;2021-09-09;1088;2749;882659;824072;60.9;56.9
78;2021-09-10;1377;3011;884036;827083;61.0;57.1
78;2021-09-11;2053;3745;886089;830828;61.2;57.4
78;2021-09-12;73;139;886162;830967;61.2;57.4
78;2021-09-13;780;2020;886942;832987;61.2;57.5
78;2021-09-14;1072;2819;888014;835806;61.3;57.7
78;2021-09-15;1225;3532;889239;839338;61.4;57.9
78;2021-09-16;852;2090;890091;841428;61.4;58.1
78;2021-09-17;1184;2838;891275;844266;61.5;58.3
78;2021-09-18;1394;4071;892669;848337;61.6;58.6
78;2021-09-19;145;409;892814;848746;61.6;58.6
78;2021-09-20;671;1711;893485;850457;61.7;58.7
78;2021-09-21;820;1978;894305;852435;61.7;58.8
78;2021-09-22;957;3514;895262;855949;61.8;59.1
78;2021-09-23;883;1638;896145;857587;61.9;59.2
78;2021-09-24;1010;2386;897155;859973;61.9;59.4
78;2021-09-25;1056;3919;898211;863892;62.0;59.6
78;2021-09-26;59;155;898270;864047;62.0;59.6
78;2021-09-27;680;1504;898950;865551;62.1;59.7
78;2021-09-28;830;1497;899780;867048;62.1;59.9
78;2021-09-29;1008;2162;900788;869210;62.2;60.0
78;2021-09-30;560;927;901348;870137;62.2;60.1
78;2021-10-01;929;1821;902277;871958;62.3;60.2
78;2021-10-02;1245;2466;903522;874424;62.4;60.4
78;2021-10-03;54;70;903576;874494;62.4;60.4
78;2021-10-04;483;933;904059;875427;62.4;60.4
78;2021-10-05;436;731;904495;876158;62.4;60.5
78;2021-10-06;804;1564;905299;877722;62.5;60.6
78;2021-10-07;387;778;905686;878500;62.5;60.6
78;2021-10-08;893;1736;906579;880236;62.6;60.8
78;2021-10-09;972;1841;907551;882077;62.6;60.9
78;2021-10-10;100;114;907651;882191;62.7;60.9
79;2020-12-27;0;0;0;0;0.0;0.0
79;2020-12-28;4;0;4;0;0.0;0.0
79;2020-12-29;0;0;4;0;0.0;0.0
79;2020-12-30;0;0;4;0;0.0;0.0
79;2020-12-31;0;0;4;0;0.0;0.0
79;2021-01-01;0;0;4;0;0.0;0.0
79;2021-01-02;0;0;4;0;0.0;0.0
79;2021-01-03;0;0;4;0;0.0;0.0
79;2021-01-04;1;0;5;0;0.0;0.0
79;2021-01-05;0;0;5;0;0.0;0.0
79;2021-01-06;0;0;5;0;0.0;0.0
79;2021-01-07;158;0;163;0;0.0;0.0
79;2021-01-08;165;0;328;0;0.1;0.0
79;2021-01-09;100;1;428;1;0.1;0.0
79;2021-01-10;3;0;431;1;0.1;0.0
79;2021-01-11;184;1;615;2;0.2;0.0
79;2021-01-12;245;1;860;3;0.2;0.0
79;2021-01-13;258;0;1118;3;0.3;0.0
79;2021-01-14;506;9;1624;12;0.4;0.0
79;2021-01-15;618;7;2242;19;0.6;0.0
79;2021-01-16;66;0;2308;19;0.6;0.0
79;2021-01-17;0;0;2308;19;0.6;0.0
79;2021-01-18;477;2;2785;21;0.7;0.0
79;2021-01-19;1361;3;4146;24;1.1;0.0
79;2021-01-20;1678;2;5824;26;1.6;0.0
79;2021-01-21;1999;8;7823;34;2.1;0.0
79;2021-01-22;875;5;8698;39;2.3;0.0
79;2021-01-23;65;0;8763;39;2.4;0.0
79;2021-01-24;0;0;8763;39;2.4;0.0
79;2021-01-25;646;7;9409;46;2.5;0.0
79;2021-01-26;593;14;10002;60;2.7;0.0
79;2021-01-27;740;84;10742;144;2.9;0.0
79;2021-01-28;734;152;11476;296;3.1;0.1
79;2021-01-29;495;88;11971;384;3.2;0.1
79;2021-01-30;0;0;11971;384;3.2;0.1
79;2021-01-31;0;0;11971;384;3.2;0.1
79;2021-02-01;207;111;12178;495;3.3;0.1
79;2021-02-02;334;74;12512;569;3.4;0.2
79;2021-02-03;391;60;12903;629;3.5;0.2
79;2021-02-04;326;109;13229;738;3.6;0.2
79;2021-02-05;360;275;13589;1013;3.6;0.3
79;2021-02-06;6;1;13595;1014;3.6;0.3
79;2021-02-07;22;0;13617;1014;3.7;0.3
79;2021-02-08;283;167;13900;1181;3.7;0.3
79;2021-02-09;457;785;14357;1966;3.9;0.5
79;2021-02-10;619;1199;14976;3165;4.0;0.8
79;2021-02-11;777;1237;15753;4402;4.2;1.2
79;2021-02-12;471;767;16224;5169;4.4;1.4
79;2021-02-13;53;74;16277;5243;4.4;1.4
79;2021-02-14;0;0;16277;5243;4.4;1.4
79;2021-02-15;186;503;16463;5746;4.4;1.5
79;2021-02-16;333;731;16796;6477;4.5;1.7
79;2021-02-17;248;876;17044;7353;4.6;2.0
79;2021-02-18;353;945;17397;8298;4.7;2.2
79;2021-02-19;268;560;17665;8858;4.7;2.4
79;2021-02-20;5;22;17670;8880;4.7;2.4
79;2021-02-21;1;0;17671;8880;4.7;2.4
79;2021-02-22;137;462;17808;9342;4.8;2.5
79;2021-02-23;247;567;18055;9909;4.8;2.7
79;2021-02-24;246;544;18301;10453;4.9;2.8
79;2021-02-25;520;471;18821;10924;5.1;2.9
79;2021-02-26;599;399;19420;11323;5.2;3.0
79;2021-02-27;408;7;19828;11330;5.3;3.0
79;2021-02-28;35;0;19863;11330;5.3;3.0
79;2021-03-01;89;362;19952;11692;5.4;3.1
79;2021-03-02;302;508;20254;12200;5.4;3.3
79;2021-03-03;662;545;20916;12745;5.6;3.4
79;2021-03-04;904;572;21820;13317;5.9;3.6
79;2021-03-05;1218;449;23038;13766;6.2;3.7
79;2021-03-06;611;8;23649;13774;6.3;3.7
79;2021-03-07;77;1;23726;13775;6.4;3.7
79;2021-03-08;345;310;24071;14085;6.5;3.8
79;2021-03-09;842;342;24913;14427;6.7;3.9
79;2021-03-10;1146;405;26059;14832;7.0;4.0
79;2021-03-11;1641;328;27700;15160;7.4;4.1
79;2021-03-12;1721;122;29421;15282;7.9;4.1
79;2021-03-13;1135;13;30556;15295;8.2;4.1
79;2021-03-14;50;0;30606;15295;8.2;4.1
79;2021-03-15;497;158;31103;15453;8.3;4.1
79;2021-03-16;735;148;31838;15601;8.5;4.2
79;2021-03-17;578;109;32416;15710;8.7;4.2
79;2021-03-18;553;203;32969;15913;8.8;4.3
79;2021-03-19;661;261;33630;16174;9.0;4.3
79;2021-03-20;1007;15;34637;16189;9.3;4.3
79;2021-03-21;3;0;34640;16189;9.3;4.3
79;2021-03-22;957;209;35597;16398;9.6;4.4
79;2021-03-23;1595;172;37192;16570;10.0;4.4
79;2021-03-24;1831;167;39023;16737;10.5;4.5
79;2021-03-25;2499;195;41522;16932;11.1;4.5
79;2021-03-26;2406;138;43928;17070;11.8;4.6
79;2021-03-27;768;18;44696;17088;12.0;4.6
79;2021-03-28;1;0;44697;17088;12.0;4.6
79;2021-03-29;2148;116;46845;17204;12.6;4.6
79;2021-03-30;2817;67;49662;17271;13.3;4.6
79;2021-03-31;2777;381;52439;17652;14.1;4.7
79;2021-04-01;2698;387;55137;18039;14.8;4.8
79;2021-04-02;2822;397;57959;18436;15.6;4.9
79;2021-04-03;634;55;58593;18491;15.7;5.0
79;2021-04-04;3;0;58596;18491;15.7;5.0
79;2021-04-05;381;5;58977;18496;15.8;5.0
79;2021-04-06;1792;587;60769;19083;16.3;5.1
79;2021-04-07;3112;738;63881;19821;17.1;5.3
79;2021-04-08;2632;704;66513;20525;17.8;5.5
79;2021-04-09;3737;549;70250;21074;18.9;5.7
79;2021-04-10;1466;388;71716;21462;19.2;5.8
79;2021-04-11;4;0;71720;21462;19.2;5.8
79;2021-04-12;1753;355;73473;21817;19.7;5.9
79;2021-04-13;2174;755;75647;22572;20.3;6.1
79;2021-04-14;2480;681;78127;23253;21.0;6.2
79;2021-04-15;2216;670;80343;23923;21.6;6.4
79;2021-04-16;1413;445;81756;24368;21.9;6.5
79;2021-04-17;581;354;82337;24722;22.1;6.6
79;2021-04-18;1;14;82338;24736;22.1;6.6
79;2021-04-19;1088;842;83426;25578;22.4;6.9
79;2021-04-20;1506;1229;84932;26807;22.8;7.2
79;2021-04-21;1419;1440;86351;28247;23.2;7.6
79;2021-04-22;1572;1087;87923;29334;23.6;7.9
79;2021-04-23;1316;1192;89239;30526;23.9;8.2
79;2021-04-24;653;463;89892;30989;24.1;8.3
79;2021-04-25;1;0;89893;30989;24.1;8.3
79;2021-04-26;1343;1813;91236;32802;24.5;8.8
79;2021-04-27;1898;2352;93134;35154;25.0;9.4
79;2021-04-28;1458;2867;94592;38021;25.4;10.2
79;2021-04-29;2104;2254;96696;40275;25.9;10.8
79;2021-04-30;2115;2463;98811;42738;26.5;11.5
79;2021-05-01;521;381;99332;43119;26.7;11.6
79;2021-05-02;1;11;99333;43130;26.7;11.6
79;2021-05-03;1182;1293;100515;44423;27.0;11.9
79;2021-05-04;1732;2333;102247;46756;27.4;12.5
79;2021-05-05;1694;2482;103941;49238;27.9;13.2
79;2021-05-06;2326;2223;106267;51461;28.5;13.8
79;2021-05-07;2105;2803;108372;54264;29.1;14.6
79;2021-05-08;198;506;108570;54770;29.1;14.7
79;2021-05-09;0;0;108570;54770;29.1;14.7
79;2021-05-10;1582;1787;110152;56557;29.6;15.2
79;2021-05-11;2309;1653;112461;58210;30.2;15.6
79;2021-05-12;2000;2683;114461;60893;30.7;16.3
79;2021-05-13;640;290;115101;61183;30.9;16.4
79;2021-05-14;2100;674;117201;61857;31.5;16.6
79;2021-05-15;1399;499;118600;62356;31.8;16.7
79;2021-05-16;1;22;118601;62378;31.8;16.7
79;2021-05-17;1873;1087;120474;63465;32.3;17.0
79;2021-05-18;2971;1272;123445;64737;33.1;17.4
79;2021-05-19;2898;969;126343;65706;33.9;17.6
79;2021-05-20;3106;1248;129449;66954;34.7;18.0
79;2021-05-21;2768;1066;132217;68020;35.5;18.3
79;2021-05-22;1084;261;133301;68281;35.8;18.3
79;2021-05-23;1;0;133302;68281;35.8;18.3
79;2021-05-24;161;20;133463;68301;35.8;18.3
79;2021-05-25;3198;991;136661;69292;36.7;18.6
79;2021-05-26;3312;854;139973;70146;37.6;18.8
79;2021-05-27;3589;1719;143562;71865;38.5;19.3
79;2021-05-28;3331;1825;146893;73690;39.4;19.8
79;2021-05-29;1072;450;147965;74140;39.7;19.9
79;2021-05-30;3;1;147968;74141;39.7;19.9
79;2021-05-31;2382;735;150350;74876;40.3;20.1
79;2021-06-01;3021;1577;153371;76453;41.2;20.5
79;2021-06-02;4066;1165;157437;77618;42.3;20.8
79;2021-06-03;4089;1757;161526;79375;43.3;21.3
79;2021-06-04;4141;2037;165667;81412;44.5;21.8
79;2021-06-05;2801;759;168468;82171;45.2;22.1
79;2021-06-06;696;39;169164;82210;45.4;22.1
79;2021-06-07;2805;1414;171969;83624;46.2;22.4
79;2021-06-08;2982;2070;174951;85694;47.0;23.0
79;2021-06-09;3631;1937;178582;87631;47.9;23.5
79;2021-06-10;3020;1971;181602;89602;48.7;24.0
79;2021-06-11;3767;2316;185369;91918;49.7;24.7
79;2021-06-12;1707;612;187076;92530;50.2;24.8
79;2021-06-13;213;24;187289;92554;50.3;24.8
79;2021-06-14;1247;1690;188536;94244;50.6;25.3
79;2021-06-15;1883;2362;190419;96606;51.1;25.9
79;2021-06-16;2204;2247;192623;98853;51.7;26.5
79;2021-06-17;2237;2620;194860;101473;52.3;27.2
79;2021-06-18;2413;2324;197273;103797;52.9;27.9
79;2021-06-19;1246;580;198519;104377;53.3;28.0
79;2021-06-20;3;2;198522;104379;53.3;28.0
79;2021-06-21;1233;2282;199755;106661;53.6;28.6
79;2021-06-22;1547;2877;201302;109538;54.0;29.4
79;2021-06-23;1770;2550;203072;112088;54.5;30.1
79;2021-06-24;2105;2002;205177;114090;55.1;30.6
79;2021-06-25;1488;2840;206665;116930;55.5;31.4
79;2021-06-26;870;808;207535;117738;55.7;31.6
79;2021-06-27;13;6;207548;117744;55.7;31.6
79;2021-06-28;1056;2620;208604;120364;56.0;32.3
79;2021-06-29;1473;3552;210077;123916;56.4;33.3
79;2021-06-30;1354;3447;211431;127363;56.7;34.2
79;2021-07-01;1202;3786;212633;131149;57.1;35.2
79;2021-07-02;1487;3346;214120;134495;57.5;36.1
79;2021-07-03;399;1504;214519;135999;57.6;36.5
79;2021-07-04;2;9;214521;136008;57.6;36.5
79;2021-07-05;753;2119;215274;138127;57.8;37.1
79;2021-07-06;947;3666;216221;141793;58.0;38.1
79;2021-07-07;1332;4308;217553;146101;58.4;39.2
79;2021-07-08;1107;4042;218660;150143;58.7;40.3
79;2021-07-09;836;3718;219496;153861;58.9;41.3
79;2021-07-10;514;1315;220010;155176;59.0;41.6
79;2021-07-11;3;12;220013;155188;59.0;41.6
79;2021-07-12;545;3695;220558;158883;59.2;42.6
79;2021-07-13;999;5187;221557;164070;59.5;44.0
79;2021-07-14;134;874;221691;164944;59.5;44.3
79;2021-07-15;1235;4684;222926;169628;59.8;45.5
79;2021-07-16;1333;4365;224259;173993;60.2;46.7
79;2021-07-17;576;2425;224835;176418;60.3;47.3
79;2021-07-18;44;498;224879;176916;60.3;47.5
79;2021-07-19;737;3316;225616;180232;60.5;48.4
79;2021-07-20;1230;3947;226846;184179;60.9;49.4
79;2021-07-21;1177;4198;228023;188377;61.2;50.6
79;2021-07-22;1354;3975;229377;192352;61.6;51.6
79;2021-07-23;1349;4556;230726;196908;61.9;52.8
79;2021-07-24;865;1499;231591;198407;62.2;53.2
79;2021-07-25;55;327;231646;198734;62.2;53.3
79;2021-07-26;1370;2598;233016;201332;62.5;54.0
79;2021-07-27;2084;2996;235100;204328;63.1;54.8
79;2021-07-28;2498;2495;237598;206823;63.8;55.5
79;2021-07-29;3010;2862;240608;209685;64.6;56.3
79;2021-07-30;2138;2815;242746;212500;65.1;57.0
79;2021-07-31;888;1157;243634;213657;65.4;57.3
79;2021-08-01;5;3;243639;213660;65.4;57.3
79;2021-08-02;1796;1545;245435;215205;65.9;57.8
79;2021-08-03;2823;2052;248258;217257;66.6;58.3
79;2021-08-04;2985;1743;251243;219000;67.4;58.8
79;2021-08-05;2900;2214;254143;221214;68.2;59.4
79;2021-08-06;2529;1636;256672;222850;68.9;59.8
79;2021-08-07;872;813;257544;223663;69.1;60.0
79;2021-08-08;4;3;257548;223666;69.1;60.0
79;2021-08-09;2495;1086;260043;224752;69.8;60.3
79;2021-08-10;2977;1549;263020;226301;70.6;60.7
79;2021-08-11;2583;1660;265603;227961;71.3;61.2
79;2021-08-12;2767;1430;268370;229391;72.0;61.6
79;2021-08-13;2875;1059;271245;230450;72.8;61.8
79;2021-08-14;518;391;271763;230841;72.9;61.9
79;2021-08-15;8;5;271771;230846;72.9;62.0
79;2021-08-16;1766;1196;273537;232042;73.4;62.3
79;2021-08-17;2103;1591;275640;233633;74.0;62.7
79;2021-08-18;1922;1915;277562;235548;74.5;63.2
79;2021-08-19;1617;1709;279179;237257;74.9;63.7
79;2021-08-20;1513;2162;280692;239419;75.3;64.3
79;2021-08-21;243;543;280935;239962;75.4;64.4
79;2021-08-22;1;21;280936;239983;75.4;64.4
79;2021-08-23;864;2176;281800;242159;75.6;65.0
79;2021-08-24;1072;2484;282872;244643;75.9;65.7
79;2021-08-25;1051;2760;283923;247403;76.2;66.4
79;2021-08-26;1017;2330;284940;249733;76.5;67.0
79;2021-08-27;611;2059;285551;251792;76.6;67.6
79;2021-08-28;299;841;285850;252633;76.7;67.8
79;2021-08-29;7;5;285857;252638;76.7;67.8
79;2021-08-30;554;2342;286411;254980;76.9;68.4
79;2021-08-31;633;2505;287044;257485;77.0;69.1
79;2021-09-01;650;2615;287694;260100;77.2;69.8
79;2021-09-02;762;2414;288456;262514;77.4;70.4
79;2021-09-03;637;2689;289093;265203;77.6;71.2
79;2021-09-04;266;700;289359;265903;77.7;71.4
79;2021-09-05;13;17;289372;265920;77.7;71.4
79;2021-09-06;329;1792;289701;267712;77.7;71.8
79;2021-09-07;347;2018;290048;269730;77.8;72.4
79;2021-09-08;542;2121;290590;271851;78.0;73.0
79;2021-09-09;318;1636;290908;273487;78.1;73.4
79;2021-09-10;422;2065;291330;275552;78.2;73.9
79;2021-09-11;162;836;291492;276388;78.2;74.2
79;2021-09-12;0;0;291492;276388;78.2;74.2
79;2021-09-13;363;1060;291855;277448;78.3;74.5
79;2021-09-14;383;1184;292238;278632;78.4;74.8
79;2021-09-15;475;1432;292713;280064;78.6;75.2
79;2021-09-16;463;1095;293176;281159;78.7;75.5
79;2021-09-17;445;1406;293621;282565;78.8;75.8
79;2021-09-18;141;567;293762;283132;78.8;76.0
79;2021-09-19;1;4;293763;283136;78.8;76.0
79;2021-09-20;190;553;293953;283689;78.9;76.1
79;2021-09-21;351;720;294304;284409;79.0;76.3
79;2021-09-22;209;1102;294513;285511;79.0;76.6
79;2021-09-23;412;566;294925;286077;79.1;76.8
79;2021-09-24;243;1348;295168;287425;79.2;77.1
79;2021-09-25;75;325;295243;287750;79.2;77.2
79;2021-09-26;0;1;295243;287751;79.2;77.2
79;2021-09-27;205;527;295448;288278;79.3;77.4
79;2021-09-28;130;409;295578;288687;79.3;77.5
79;2021-09-29;325;743;295903;289430;79.4;77.7
79;2021-09-30;154;279;296057;289709;79.5;77.7
79;2021-10-01;247;541;296304;290250;79.5;77.9
79;2021-10-02;127;248;296431;290498;79.6;78.0
79;2021-10-03;0;0;296431;290498;79.6;78.0
79;2021-10-04;157;332;296588;290830;79.6;78.0
79;2021-10-05;115;260;296703;291090;79.6;78.1
79;2021-10-06;144;336;296847;291426;79.7;78.2
79;2021-10-07;92;223;296939;291649;79.7;78.3
79;2021-10-08;222;549;297161;292198;79.7;78.4
79;2021-10-09;85;149;297246;292347;79.8;78.5
79;2021-10-10;1;3;297247;292350;79.8;78.5
80;2020-12-27;0;0;0;0;0.0;0.0
80;2020-12-28;0;0;0;0;0.0;0.0
80;2020-12-29;11;0;11;0;0.0;0.0
80;2020-12-30;0;0;11;0;0.0;0.0
80;2020-12-31;0;0;11;0;0.0;0.0
80;2021-01-01;0;0;11;0;0.0;0.0
80;2021-01-02;1;0;12;0;0.0;0.0
80;2021-01-03;1;0;13;0;0.0;0.0
80;2021-01-04;0;0;13;0;0.0;0.0
80;2021-01-05;1;0;14;0;0.0;0.0
80;2021-01-06;30;0;44;0;0.0;0.0
80;2021-01-07;276;2;320;2;0.1;0.0
80;2021-01-08;330;1;650;3;0.1;0.0
80;2021-01-09;108;0;758;3;0.1;0.0
80;2021-01-10;21;0;779;3;0.1;0.0
80;2021-01-11;276;0;1055;3;0.2;0.0
80;2021-01-12;430;1;1485;4;0.3;0.0
80;2021-01-13;514;4;1999;8;0.4;0.0
80;2021-01-14;454;4;2453;12;0.4;0.0
80;2021-01-15;331;1;2784;13;0.5;0.0
80;2021-01-16;103;1;2887;14;0.5;0.0
80;2021-01-17;102;1;2989;15;0.5;0.0
80;2021-01-18;412;2;3401;17;0.6;0.0
80;2021-01-19;963;17;4364;34;0.8;0.0
80;2021-01-20;1086;11;5450;45;1.0;0.0
80;2021-01-21;1013;9;6463;54;1.1;0.0
80;2021-01-22;1113;5;7576;59;1.3;0.0
80;2021-01-23;907;18;8483;77;1.5;0.0
80;2021-01-24;823;10;9306;87;1.6;0.0
80;2021-01-25;1544;21;10850;108;1.9;0.0
80;2021-01-26;1480;12;12330;120;2.2;0.0
80;2021-01-27;822;26;13152;146;2.3;0.0
80;2021-01-28;622;172;13774;318;2.4;0.1
80;2021-01-29;637;216;14411;534;2.5;0.1
80;2021-01-30;87;59;14498;593;2.5;0.1
80;2021-01-31;0;0;14498;593;2.5;0.1
80;2021-02-01;26;254;14524;847;2.5;0.1
80;2021-02-02;21;441;14545;1288;2.6;0.2
80;2021-02-03;28;542;14573;1830;2.6;0.3
80;2021-02-04;278;358;14851;2188;2.6;0.4
80;2021-02-05;347;213;15198;2401;2.7;0.4
80;2021-02-06;168;69;15366;2470;2.7;0.4
80;2021-02-07;1;0;15367;2470;2.7;0.4
80;2021-02-08;424;241;15791;2711;2.8;0.5
80;2021-02-09;686;245;16477;2956;2.9;0.5
80;2021-02-10;607;496;17084;3452;3.0;0.6
80;2021-02-11;862;353;17946;3805;3.1;0.7
80;2021-02-12;945;318;18891;4123;3.3;0.7
80;2021-02-13;197;428;19088;4551;3.4;0.8
80;2021-02-14;78;571;19166;5122;3.4;0.9
80;2021-02-15;606;1015;19772;6137;3.5;1.1
80;2021-02-16;688;1133;20460;7270;3.6;1.3
80;2021-02-17;484;1169;20944;8439;3.7;1.5
80;2021-02-18;571;1138;21515;9577;3.8;1.7
80;2021-02-19;502;853;22017;10430;3.9;1.8
80;2021-02-20;22;510;22039;10940;3.9;1.9
80;2021-02-21;47;46;22086;10986;3.9;1.9
80;2021-02-22;147;573;22233;11559;3.9;2.0
80;2021-02-23;471;688;22704;12247;4.0;2.1
80;2021-02-24;431;678;23135;12925;4.1;2.3
80;2021-02-25;814;534;23949;13459;4.2;2.4
80;2021-02-26;1063;522;25012;13981;4.4;2.5
80;2021-02-27;475;71;25487;14052;4.5;2.5
80;2021-02-28;49;24;25536;14076;4.5;2.5
80;2021-03-01;729;68;26265;14144;4.6;2.5
80;2021-03-02;1014;93;27279;14237;4.8;2.5
80;2021-03-03;982;57;28261;14294;5.0;2.5
80;2021-03-04;1389;239;29650;14533;5.2;2.6
80;2021-03-05;1874;335;31524;14868;5.5;2.6
80;2021-03-06;2916;338;34440;15206;6.0;2.7
80;2021-03-07;1842;84;36282;15290;6.4;2.7
80;2021-03-08;714;608;36996;15898;6.5;2.8
80;2021-03-09;1310;910;38306;16808;6.7;2.9
80;2021-03-10;1724;756;40030;17564;7.0;3.1
80;2021-03-11;1909;827;41939;18391;7.4;3.2
80;2021-03-12;3140;752;45079;19143;7.9;3.4
80;2021-03-13;4006;221;49085;19364;8.6;3.4
80;2021-03-14;350;14;49435;19378;8.7;3.4
80;2021-03-15;1014;249;50449;19627;8.9;3.4
80;2021-03-16;883;346;51332;19973;9.0;3.5
80;2021-03-17;665;279;51997;20252;9.1;3.6
80;2021-03-18;1002;297;52999;20549;9.3;3.6
80;2021-03-19;1738;385;54737;20934;9.6;3.7
80;2021-03-20;3821;117;58558;21051;10.3;3.7
80;2021-03-21;486;31;59044;21082;10.4;3.7
80;2021-03-22;903;292;59947;21374;10.5;3.8
80;2021-03-23;1713;418;61660;21792;10.8;3.8
80;2021-03-24;1755;468;63415;22260;11.1;3.9
80;2021-03-25;2714;453;66129;22713;11.6;4.0
80;2021-03-26;3105;424;69234;23137;12.2;4.1
80;2021-03-27;2237;231;71471;23368;12.5;4.1
80;2021-03-28;676;95;72147;23463;12.7;4.1
80;2021-03-29;1979;754;74126;24217;13.0;4.3
80;2021-03-30;1967;874;76093;25091;13.4;4.4
80;2021-03-31;1495;986;77588;26077;13.6;4.6
80;2021-04-01;1950;1490;79538;27567;14.0;4.8
80;2021-04-02;2811;1578;82349;29145;14.5;5.1
80;2021-04-03;3048;863;85397;30008;15.0;5.3
80;2021-04-04;134;8;85531;30016;15.0;5.3
80;2021-04-05;684;201;86215;30217;15.1;5.3
80;2021-04-06;1280;968;87495;31185;15.4;5.5
80;2021-04-07;1624;1202;89119;32387;15.6;5.7
80;2021-04-08;2154;845;91273;33232;16.0;5.8
80;2021-04-09;3533;1359;94806;34591;16.6;6.1
80;2021-04-10;2737;1952;97543;36543;17.1;6.4
80;2021-04-11;187;177;97730;36720;17.2;6.4
80;2021-04-12;1814;491;99544;37211;17.5;6.5
80;2021-04-13;2385;1037;101929;38248;17.9;6.7
80;2021-04-14;2769;1168;104698;39416;18.4;6.9
80;2021-04-15;3731;882;108429;40298;19.0;7.1
80;2021-04-16;3337;876;111766;41174;19.6;7.2
80;2021-04-17;1653;2299;113419;43473;19.9;7.6
80;2021-04-18;372;390;113791;43863;20.0;7.7
80;2021-04-19;951;772;114742;44635;20.1;7.8
80;2021-04-20;1613;823;116355;45458;20.4;8.0
80;2021-04-21;1612;999;117967;46457;20.7;8.2
80;2021-04-22;2167;1253;120134;47710;21.1;8.4
80;2021-04-23;2640;1252;122774;48962;21.5;8.6
80;2021-04-24;1357;1193;124131;50155;21.8;8.8
80;2021-04-25;209;531;124340;50686;21.8;8.9
80;2021-04-26;1295;1445;125635;52131;22.1;9.1
80;2021-04-27;2025;1398;127660;53529;22.4;9.4
80;2021-04-28;2199;1396;129859;54925;22.8;9.6
80;2021-04-29;3218;1888;133077;56813;23.4;10.0
80;2021-04-30;3081;2857;136158;59670;23.9;10.5
80;2021-05-01;987;660;137145;60330;24.1;10.6
80;2021-05-02;371;54;137516;60384;24.1;10.6
80;2021-05-03;2720;1189;140236;61573;24.6;10.8
80;2021-05-04;2494;1708;142730;63281;25.1;11.1
80;2021-05-05;3366;1899;146096;65180;25.6;11.4
80;2021-05-06;3168;2558;149264;67738;26.2;11.9
80;2021-05-07;3454;2699;152718;70437;26.8;12.4
80;2021-05-08;2784;927;155502;71364;27.3;12.5
80;2021-05-09;1407;269;156909;71633;27.5;12.6
80;2021-05-10;1880;1832;158789;73465;27.9;12.9
80;2021-05-11;3274;1806;162063;75271;28.4;13.2
80;2021-05-12;4703;1577;166766;76848;29.3;13.5
80;2021-05-13;3837;367;170603;77215;29.9;13.6
80;2021-05-14;5187;1407;175790;78622;30.9;13.8
80;2021-05-15;5917;1054;181707;79676;31.9;14.0
80;2021-05-16;2678;315;184385;79991;32.4;14.0
80;2021-05-17;2371;819;186756;80810;32.8;14.2
80;2021-05-18;3949;857;190705;81667;33.5;14.3
80;2021-05-19;4018;944;194723;82611;34.2;14.5
80;2021-05-20;4568;1221;199291;83832;35.0;14.7
80;2021-05-21;4890;1670;204181;85502;35.8;15.0
80;2021-05-22;5030;1159;209211;86661;36.7;15.2
80;2021-05-23;1783;242;210994;86903;37.0;15.3
80;2021-05-24;1469;160;212463;87063;37.3;15.3
80;2021-05-25;2622;1138;215085;88201;37.7;15.5
80;2021-05-26;4249;1707;219334;89908;38.5;15.8
80;2021-05-27;3977;2471;223311;92379;39.2;16.2
80;2021-05-28;3865;2978;227176;95357;39.9;16.7
80;2021-05-29;3697;1631;230873;96988;40.5;17.0
80;2021-05-30;1182;198;232055;97186;40.7;17.1
80;2021-05-31;2604;1372;234659;98558;41.2;17.3
80;2021-06-01;4031;2437;238690;100995;41.9;17.7
80;2021-06-02;3334;2009;242024;103004;42.5;18.1
80;2021-06-03;4264;2933;246288;105937;43.2;18.6
80;2021-06-04;4796;3086;251084;109023;44.1;19.1
80;2021-06-05;3554;2073;254638;111096;44.7;19.5
80;2021-06-06;803;211;255441;111307;44.8;19.5
80;2021-06-07;1750;1945;257191;113252;45.1;19.9
80;2021-06-08;2743;2560;259934;115812;45.6;20.3
80;2021-06-09;3012;2735;262946;118547;46.1;20.8
80;2021-06-10;3163;3171;266109;121718;46.7;21.4
80;2021-06-11;3216;3901;269325;125619;47.3;22.0
80;2021-06-12;3042;2329;272367;127948;47.8;22.5
80;2021-06-13;474;404;272841;128352;47.9;22.5
80;2021-06-14;1263;2852;274104;131204;48.1;23.0
80;2021-06-15;2315;3421;276419;134625;48.5;23.6
80;2021-06-16;1563;4212;277982;138837;48.8;24.4
80;2021-06-17;2359;3625;280341;142462;49.2;25.0
80;2021-06-18;2552;3907;282893;146369;49.7;25.7
80;2021-06-19;2986;4342;285879;150711;50.2;26.5
80;2021-06-20;203;1077;286082;151788;50.2;26.6
80;2021-06-21;1015;2620;287097;154408;50.4;27.1
80;2021-06-22;1149;3930;288246;158338;50.6;27.8
80;2021-06-23;1850;5291;290096;163629;50.9;28.7
80;2021-06-24;1695;4685;291791;168314;51.2;29.5
80;2021-06-25;1374;6126;293165;174440;51.5;30.6
80;2021-06-26;1934;6183;295099;180623;51.8;31.7
80;2021-06-27;333;2031;295432;182654;51.9;32.1
80;2021-06-28;903;3170;296335;185824;52.0;32.6
80;2021-06-29;1919;4624;298254;190448;52.3;33.4
80;2021-06-30;1245;4785;299499;195233;52.6;34.3
80;2021-07-01;1593;5000;301092;200233;52.8;35.1
80;2021-07-02;1856;5986;302948;206219;53.2;36.2
80;2021-07-03;1293;5265;304241;211484;53.4;37.1
80;2021-07-04;692;1471;304933;212955;53.5;37.4
80;2021-07-05;879;2963;305812;215918;53.7;37.9
80;2021-07-06;1852;3990;307664;219908;54.0;38.6
80;2021-07-07;1561;4506;309225;224414;54.3;39.4
80;2021-07-08;2082;5003;311307;229417;54.6;40.3
80;2021-07-09;2596;5473;313903;234890;55.1;41.2
80;2021-07-10;1617;4017;315520;238907;55.4;41.9
80;2021-07-11;406;805;315926;239712;55.4;42.1
80;2021-07-12;871;3379;316797;243091;55.6;42.7
80;2021-07-13;2087;5088;318884;248179;56.0;43.6
80;2021-07-14;2801;1749;321685;249928;56.5;43.9
80;2021-07-15;2792;5297;324477;255225;56.9;44.8
80;2021-07-16;3877;5893;328354;261118;57.6;45.8
80;2021-07-17;3368;4461;331722;265579;58.2;46.6
80;2021-07-18;874;896;332596;266475;58.4;46.8
80;2021-07-19;2158;2886;334754;269361;58.8;47.3
80;2021-07-20;3321;4903;338075;274264;59.3;48.1
80;2021-07-21;3497;4497;341572;278761;59.9;48.9
80;2021-07-22;4362;4572;345934;283333;60.7;49.7
80;2021-07-23;5399;4830;351333;288163;61.7;50.6
80;2021-07-24;4367;4346;355700;292509;62.4;51.3
80;2021-07-25;1185;650;356885;293159;62.6;51.5
80;2021-07-26;2681;2340;359566;295499;63.1;51.9
80;2021-07-27;4373;3707;363939;299206;63.9;52.5
80;2021-07-28;5101;2803;369040;302009;64.8;53.0
80;2021-07-29;4991;3230;374031;305239;65.6;53.6
80;2021-07-30;5024;3641;379055;308880;66.5;54.2
80;2021-07-31;4156;2927;383211;311807;67.3;54.7
80;2021-08-01;1288;363;384499;312170;67.5;54.8
80;2021-08-02;2059;1739;386558;313909;67.8;55.1
80;2021-08-03;3716;2363;390274;316272;68.5;55.5
80;2021-08-04;3367;2491;393641;318763;69.1;55.9
80;2021-08-05;3137;2579;396778;321342;69.6;56.4
80;2021-08-06;3248;2878;400026;324220;70.2;56.9
80;2021-08-07;2426;2670;402452;326890;70.6;57.4
80;2021-08-08;621;686;403073;327576;70.7;57.5
80;2021-08-09;1382;2078;404455;329654;71.0;57.9
80;2021-08-10;2353;2849;406808;332503;71.4;58.4
80;2021-08-11;1946;2383;408754;334886;71.7;58.8
80;2021-08-12;2236;2661;410990;337547;72.1;59.2
80;2021-08-13;1883;3154;412873;340701;72.5;59.8
80;2021-08-14;1411;2113;414284;342814;72.7;60.2
80;2021-08-15;318;663;414602;343477;72.8;60.3
80;2021-08-16;897;2419;415499;345896;72.9;60.7
80;2021-08-17;1709;3505;417208;349401;73.2;61.3
80;2021-08-18;1234;3714;418442;353115;73.4;62.0
80;2021-08-19;1569;3821;420011;356936;73.7;62.6
80;2021-08-20;1264;4434;421275;361370;73.9;63.4
80;2021-08-21;1078;2687;422353;364057;74.1;63.9
80;2021-08-22;145;680;422498;364737;74.2;64.0
80;2021-08-23;583;2999;423081;367736;74.3;64.5
80;2021-08-24;1092;4371;424173;372107;74.4;65.3
80;2021-08-25;973;3677;425146;375784;74.6;66.0
80;2021-08-26;956;3819;426102;379603;74.8;66.6
80;2021-08-27;1014;4458;427116;384061;75.0;67.4
80;2021-08-28;723;3347;427839;387408;75.1;68.0
80;2021-08-29;199;555;428038;387963;75.1;68.1
80;2021-08-30;500;2280;428538;390243;75.2;68.5
80;2021-08-31;750;3111;429288;393354;75.3;69.0
80;2021-09-01;675;2316;429963;395670;75.5;69.4
80;2021-09-02;527;2077;430490;397747;75.6;69.8
80;2021-09-03;761;2803;431251;400550;75.7;70.3
80;2021-09-04;958;2598;432209;403148;75.9;70.8
80;2021-09-05;166;341;432375;403489;75.9;70.8
80;2021-09-06;420;1305;432795;404794;76.0;71.0
80;2021-09-07;491;1581;433286;406375;76.0;71.3
80;2021-09-08;495;1549;433781;407924;76.1;71.6
80;2021-09-09;531;1515;434312;409439;76.2;71.9
80;2021-09-10;620;1704;434932;411143;76.3;72.2
80;2021-09-11;520;1959;435452;413102;76.4;72.5
80;2021-09-12;78;303;435530;413405;76.4;72.6
80;2021-09-13;312;782;435842;414187;76.5;72.7
80;2021-09-14;642;1084;436484;415271;76.6;72.9
80;2021-09-15;357;1089;436841;416360;76.7;73.1
80;2021-09-16;476;1030;437317;417390;76.8;73.3
80;2021-09-17;506;1237;437823;418627;76.8;73.5
80;2021-09-18;348;1277;438171;419904;76.9;73.7
80;2021-09-19;18;169;438189;420073;76.9;73.7
80;2021-09-20;325;446;438514;420519;77.0;73.8
80;2021-09-21;295;615;438809;421134;77.0;73.9
80;2021-09-22;284;709;439093;421843;77.1;74.0
80;2021-09-23;303;506;439396;422349;77.1;74.1
80;2021-09-24;371;897;439767;423246;77.2;74.3
80;2021-09-25;283;1132;440050;424378;77.2;74.5
80;2021-09-26;20;109;440070;424487;77.2;74.5
80;2021-09-27;189;536;440259;425023;77.3;74.6
80;2021-09-28;148;381;440407;425404;77.3;74.7
80;2021-09-29;257;511;440664;425915;77.3;74.8
80;2021-09-30;199;329;440863;426244;77.4;74.8
80;2021-10-01;305;720;441168;426964;77.4;74.9
80;2021-10-02;335;892;441503;427856;77.5;75.1
80;2021-10-03;18;64;441521;427920;77.5;75.1
80;2021-10-04;136;320;441657;428240;77.5;75.2
80;2021-10-05;166;460;441823;428700;77.5;75.2
80;2021-10-06;259;445;442082;429145;77.6;75.3
80;2021-10-07;192;427;442274;429572;77.6;75.4
80;2021-10-08;250;689;442524;430261;77.7;75.5
80;2021-10-09;282;478;442806;430739;77.7;75.6
80;2021-10-10;26;34;442832;430773;77.7;75.6
81;2020-12-27;1;0;1;0;0.0;0.0
81;2020-12-28;0;0;1;0;0.0;0.0
81;2020-12-29;0;0;1;0;0.0;0.0
81;2020-12-30;1;0;2;0;0.0;0.0
81;2020-12-31;1;0;3;0;0.0;0.0
81;2021-01-01;0;0;3;0;0.0;0.0
81;2021-01-02;0;0;3;0;0.0;0.0
81;2021-01-03;0;0;3;0;0.0;0.0
81;2021-01-04;1;0;4;0;0.0;0.0
81;2021-01-05;0;0;4;0;0.0;0.0
81;2021-01-06;5;0;9;0;0.0;0.0
81;2021-01-07;265;0;274;0;0.1;0.0
81;2021-01-08;312;1;586;1;0.2;0.0
81;2021-01-09;74;1;660;2;0.2;0.0
81;2021-01-10;1;0;661;2;0.2;0.0
81;2021-01-11;133;0;794;2;0.2;0.0
81;2021-01-12;167;0;961;2;0.2;0.0
81;2021-01-13;234;1;1195;3;0.3;0.0
81;2021-01-14;963;7;2158;10;0.6;0.0
81;2021-01-15;523;3;2681;13;0.7;0.0
81;2021-01-16;71;1;2752;14;0.7;0.0
81;2021-01-17;0;0;2752;14;0.7;0.0
81;2021-01-18;581;3;3333;17;0.9;0.0
81;2021-01-19;662;4;3995;21;1.0;0.0
81;2021-01-20;754;2;4749;23;1.2;0.0
81;2021-01-21;1183;16;5932;39;1.5;0.0
81;2021-01-22;857;3;6789;42;1.8;0.0
81;2021-01-23;221;2;7010;44;1.8;0.0
81;2021-01-24;102;0;7112;44;1.8;0.0
81;2021-01-25;570;6;7682;50;2.0;0.0
81;2021-01-26;634;6;8316;56;2.1;0.0
81;2021-01-27;552;3;8868;59;2.3;0.0
81;2021-01-28;700;209;9568;268;2.5;0.1
81;2021-01-29;303;184;9871;452;2.5;0.1
81;2021-01-30;203;37;10074;489;2.6;0.1
81;2021-01-31;104;1;10178;490;2.6;0.1
81;2021-02-01;321;130;10499;620;2.7;0.2
81;2021-02-02;445;143;10944;763;2.8;0.2
81;2021-02-03;476;220;11420;983;2.9;0.3
81;2021-02-04;1449;725;12869;1708;3.3;0.4
81;2021-02-05;870;316;13739;2024;3.5;0.5
81;2021-02-06;274;19;14013;2043;3.6;0.5
81;2021-02-07;103;0;14116;2043;3.6;0.5
81;2021-02-08;275;219;14391;2262;3.7;0.6
81;2021-02-09;420;218;14811;2480;3.8;0.6
81;2021-02-10;371;286;15182;2766;3.9;0.7
81;2021-02-11;651;397;15833;3163;4.1;0.8
81;2021-02-12;581;544;16414;3707;4.2;1.0
81;2021-02-13;188;156;16602;3863;4.3;1.0
81;2021-02-14;100;1;16702;3864;4.3;1.0
81;2021-02-15;234;483;16936;4347;4.4;1.1
81;2021-02-16;281;617;17217;4964;4.4;1.3
81;2021-02-17;241;521;17458;5485;4.5;1.4
81;2021-02-18;482;671;17940;6156;4.6;1.6
81;2021-02-19;572;415;18512;6571;4.8;1.7
81;2021-02-20;322;282;18834;6853;4.9;1.8
81;2021-02-21;23;80;18857;6933;4.9;1.8
81;2021-02-22;233;535;19090;7468;4.9;1.9
81;2021-02-23;169;591;19259;8059;5.0;2.1
81;2021-02-24;291;629;19550;8688;5.0;2.2
81;2021-02-25;720;1054;20270;9742;5.2;2.5
81;2021-02-26;911;957;21181;10699;5.5;2.8
81;2021-02-27;275;242;21456;10941;5.5;2.8
81;2021-02-28;21;88;21477;11029;5.5;2.8
81;2021-03-01;208;410;21685;11439;5.6;2.9
81;2021-03-02;364;544;22049;11983;5.7;3.1
81;2021-03-03;462;422;22511;12405;5.8;3.2
81;2021-03-04;1061;460;23572;12865;6.1;3.3
81;2021-03-05;1406;397;24978;13262;6.4;3.4
81;2021-03-06;982;171;25960;13433;6.7;3.5
81;2021-03-07;154;102;26114;13535;6.7;3.5
81;2021-03-08;466;362;26580;13897;6.9;3.6
81;2021-03-09;816;373;27396;14270;7.1;3.7
81;2021-03-10;898;396;28294;14666;7.3;3.8
81;2021-03-11;1352;360;29646;15026;7.6;3.9
81;2021-03-12;1691;308;31337;15334;8.1;4.0
81;2021-03-13;1031;189;32368;15523;8.3;4.0
81;2021-03-14;66;82;32434;15605;8.4;4.0
81;2021-03-15;1093;225;33527;15830;8.6;4.1
81;2021-03-16;724;230;34251;16060;8.8;4.1
81;2021-03-17;893;280;35144;16340;9.1;4.2
81;2021-03-18;971;579;36115;16919;9.3;4.4
81;2021-03-19;1271;460;37386;17379;9.6;4.5
81;2021-03-20;677;285;38063;17664;9.8;4.6
81;2021-03-21;139;22;38202;17686;9.8;4.6
81;2021-03-22;932;279;39134;17965;10.1;4.6
81;2021-03-23;1420;224;40554;18189;10.5;4.7
81;2021-03-24;1606;267;42160;18456;10.9;4.8
81;2021-03-25;2028;327;44188;18783;11.4;4.8
81;2021-03-26;2100;289;46288;19072;11.9;4.9
81;2021-03-27;1091;38;47379;19110;12.2;4.9
81;2021-03-28;734;41;48113;19151;12.4;4.9
81;2021-03-29;2866;196;50979;19347;13.1;5.0
81;2021-03-30;3055;218;54034;19565;13.9;5.0
81;2021-03-31;2691;302;56725;19867;14.6;5.1
81;2021-04-01;3315;570;60040;20437;15.5;5.3
81;2021-04-02;2615;376;62655;20813;16.2;5.4
81;2021-04-03;1147;306;63802;21119;16.4;5.4
81;2021-04-04;1403;25;65205;21144;16.8;5.5
81;2021-04-05;718;21;65923;21165;17.0;5.5
81;2021-04-06;1599;520;67522;21685;17.4;5.6
81;2021-04-07;1817;585;69339;22270;17.9;5.7
81;2021-04-08;2619;829;71958;23099;18.6;6.0
81;2021-04-09;3052;479;75010;23578;19.3;6.1
81;2021-04-10;1475;519;76485;24097;19.7;6.2
81;2021-04-11;1299;71;77784;24168;20.1;6.2
81;2021-04-12;1220;685;79004;24853;20.4;6.4
81;2021-04-13;2528;795;81532;25648;21.0;6.6
81;2021-04-14;2505;836;84037;26484;21.7;6.8
81;2021-04-15;3099;1204;87136;27688;22.5;7.1
81;2021-04-16;2823;1097;89959;28785;23.2;7.4
81;2021-04-17;1145;300;91104;29085;23.5;7.5
81;2021-04-18;519;146;91623;29231;23.6;7.5
81;2021-04-19;913;824;92536;30055;23.9;7.7
81;2021-04-20;2270;1170;94806;31225;24.4;8.0
81;2021-04-21;2224;1007;97030;32232;25.0;8.3
81;2021-04-22;2816;1065;99846;33297;25.7;8.6
81;2021-04-23;2885;974;102731;34271;26.5;8.8
81;2021-04-24;1326;742;104057;35013;26.8;9.0
81;2021-04-25;454;716;104511;35729;26.9;9.2
81;2021-04-26;1061;2424;105572;38153;27.2;9.8
81;2021-04-27;1595;2362;107167;40515;27.6;10.4
81;2021-04-28;1427;2400;108594;42915;28.0;11.1
81;2021-04-29;1818;2749;110412;45664;28.5;11.8
81;2021-04-30;2013;2354;112425;48018;29.0;12.4
81;2021-05-01;362;686;112787;48704;29.1;12.6
81;2021-05-02;291;1379;113078;50083;29.2;12.9
81;2021-05-03;1115;1170;114193;51253;29.4;13.2
81;2021-05-04;2620;1912;116813;53165;30.1;13.7
81;2021-05-05;2016;1934;118829;55099;30.6;14.2
81;2021-05-06;2748;3458;121577;58557;31.3;15.1
81;2021-05-07;2128;2882;123705;61439;31.9;15.8
81;2021-05-08;962;878;124667;62317;32.1;16.1
81;2021-05-09;534;1350;125201;63667;32.3;16.4
81;2021-05-10;824;1600;126025;65267;32.5;16.8
81;2021-05-11;1661;2576;127686;67843;32.9;17.5
81;2021-05-12;1640;2464;129326;70307;33.3;18.1
81;2021-05-13;1216;564;130542;70871;33.7;18.3
81;2021-05-14;1890;1725;132432;72596;34.1;18.7
81;2021-05-15;1511;622;133943;73218;34.5;18.9
81;2021-05-16;1368;417;135311;73635;34.9;19.0
81;2021-05-17;1167;864;136478;74499;35.2;19.2
81;2021-05-18;1702;1429;138180;75928;35.6;19.6
81;2021-05-19;2641;1244;140821;77172;36.3;19.9
81;2021-05-20;2968;1351;143789;78523;37.1;20.2
81;2021-05-21;2739;1118;146528;79641;37.8;20.5
81;2021-05-22;2814;523;149342;80164;38.5;20.7
81;2021-05-23;1178;74;150520;80238;38.8;20.7
81;2021-05-24;837;83;151357;80321;39.0;20.7
81;2021-05-25;2490;1104;153847;81425;39.7;21.0
81;2021-05-26;1891;801;155738;82226;40.1;21.2
81;2021-05-27;2555;1547;158293;83773;40.8;21.6
81;2021-05-28;2566;1663;160859;85436;41.5;22.0
81;2021-05-29;1400;544;162259;85980;41.8;22.2
81;2021-05-30;935;219;163194;86199;42.1;22.2
81;2021-05-31;1183;1340;164377;87539;42.4;22.6
81;2021-06-01;1779;2695;166156;90234;42.8;23.3
81;2021-06-02;2006;2447;168162;92681;43.4;23.9
81;2021-06-03;2003;2532;170165;95213;43.9;24.5
81;2021-06-04;1844;2946;172009;98159;44.3;25.3
81;2021-06-05;1757;1307;173766;99466;44.8;25.6
81;2021-06-06;370;366;174136;99832;44.9;25.7
81;2021-06-07;1209;1540;175345;101372;45.2;26.1
81;2021-06-08;2369;2386;177714;103758;45.8;26.7
81;2021-06-09;2438;1868;180152;105626;46.4;27.2
81;2021-06-10;1278;1563;181430;107189;46.8;27.6
81;2021-06-11;2657;2200;184087;109389;47.5;28.2
81;2021-06-12;1659;1039;185746;110428;47.9;28.5
81;2021-06-13;444;476;186190;110904;48.0;28.6
81;2021-06-14;771;1418;186961;112322;48.2;29.0
81;2021-06-15;1677;3501;188638;115823;48.6;29.9
81;2021-06-16;1269;3013;189907;118836;49.0;30.6
81;2021-06-17;1344;2525;191251;121361;49.3;31.3
81;2021-06-18;1836;2770;193087;124131;49.8;32.0
81;2021-06-19;824;951;193911;125082;50.0;32.2
81;2021-06-20;405;536;194316;125618;50.1;32.4
81;2021-06-21;425;1039;194741;126657;50.2;32.7
81;2021-06-22;1061;2568;195802;129225;50.5;33.3
81;2021-06-23;1142;2159;196944;131384;50.8;33.9
81;2021-06-24;1115;1939;198059;133323;51.1;34.4
81;2021-06-25;1238;2866;199297;136189;51.4;35.1
81;2021-06-26;721;1713;200018;137902;51.6;35.6
81;2021-06-27;526;1646;200544;139548;51.7;36.0
81;2021-06-28;476;1540;201020;141088;51.8;36.4
81;2021-06-29;1079;2635;202099;143723;52.1;37.1
81;2021-06-30;1043;3153;203142;146876;52.4;37.9
81;2021-07-01;1101;2627;204243;149503;52.7;38.5
81;2021-07-02;1070;2860;205313;152363;52.9;39.3
81;2021-07-03;732;2829;206045;155192;53.1;40.0
81;2021-07-04;268;1010;206313;156202;53.2;40.3
81;2021-07-05;702;1626;207015;157828;53.4;40.7
81;2021-07-06;975;3176;207990;161004;53.6;41.5
81;2021-07-07;1059;2442;209049;163446;53.9;42.1
81;2021-07-08;1030;2236;210079;165682;54.2;42.7
81;2021-07-09;1147;2704;211226;168386;54.5;43.4
81;2021-07-10;806;1523;212032;169909;54.7;43.8
81;2021-07-11;436;1012;212468;170921;54.8;44.1
81;2021-07-12;785;1725;213253;172646;55.0;44.5
81;2021-07-13;2081;3144;215334;175790;55.5;45.3
81;2021-07-14;1443;1573;216777;177363;55.9;45.7
81;2021-07-15;2545;2765;219322;180128;56.5;46.4
81;2021-07-16;2032;3030;221354;183158;57.1;47.2
81;2021-07-17;1218;2454;222572;185612;57.4;47.9
81;2021-07-18;672;1131;223244;186743;57.6;48.1
81;2021-07-19;1256;1733;224500;188476;57.9;48.6
81;2021-07-20;3064;2807;227564;191283;58.7;49.3
81;2021-07-21;3488;2347;231052;193630;59.6;49.9
81;2021-07-22;3557;2096;234609;195726;60.5;50.5
81;2021-07-23;3172;3249;237781;198975;61.3;51.3
81;2021-07-24;2519;1723;240300;200698;61.9;51.7
81;2021-07-25;1684;711;241984;201409;62.4;51.9
81;2021-07-26;2014;1547;243998;202956;62.9;52.3
81;2021-07-27;3619;2544;247617;205500;63.8;53.0
81;2021-07-28;3052;2208;250669;207708;64.6;53.5
81;2021-07-29;3354;1782;254023;209490;65.5;54.0
81;2021-07-30;2828;2260;256851;211750;66.2;54.6
81;2021-07-31;1947;1015;258798;212765;66.7;54.9
81;2021-08-01;835;639;259633;213404;66.9;55.0
81;2021-08-02;1082;989;260715;214393;67.2;55.3
81;2021-08-03;2362;2116;263077;216509;67.8;55.8
81;2021-08-04;2031;1535;265108;218044;68.3;56.2
81;2021-08-05;1544;1877;266652;219921;68.7;56.7
81;2021-08-06;1725;1970;268377;221891;69.2;57.2
81;2021-08-07;985;1042;269362;222933;69.4;57.5
81;2021-08-08;437;708;269799;223641;69.6;57.7
81;2021-08-09;805;659;270604;224300;69.8;57.8
81;2021-08-10;1610;2757;272214;227057;70.2;58.5
81;2021-08-11;1110;2410;273324;229467;70.5;59.2
81;2021-08-12;1063;2249;274387;231716;70.7;59.7
81;2021-08-13;873;2473;275260;234189;71.0;60.4
81;2021-08-14;501;1873;275761;236062;71.1;60.9
81;2021-08-15;141;1100;275902;237162;71.1;61.1
81;2021-08-16;631;1816;276533;238978;71.3;61.6
81;2021-08-17;1347;3101;277880;242079;71.6;62.4
81;2021-08-18;1067;2360;278947;244439;71.9;63.0
81;2021-08-19;941;2267;279888;246706;72.2;63.6
81;2021-08-20;929;2354;280817;249060;72.4;64.2
81;2021-08-21;471;1538;281288;250598;72.5;64.6
81;2021-08-22;184;931;281472;251529;72.6;64.8
81;2021-08-23;487;1260;281959;252789;72.7;65.2
81;2021-08-24;852;2543;282811;255332;72.9;65.8
81;2021-08-25;718;2054;283529;257386;73.1;66.4
81;2021-08-26;855;2110;284384;259496;73.3;66.9
81;2021-08-27;853;2185;285237;261681;73.5;67.5
81;2021-08-28;484;1417;285721;263098;73.7;67.8
81;2021-08-29;163;832;285884;263930;73.7;68.0
81;2021-08-30;419;1183;286303;265113;73.8;68.3
81;2021-08-31;832;2020;287135;267133;74.0;68.9
81;2021-09-01;658;1231;287793;268364;74.2;69.2
81;2021-09-02;574;1076;288367;269440;74.3;69.5
81;2021-09-03;581;1272;288948;270712;74.5;69.8
81;2021-09-04;496;864;289444;271576;74.6;70.0
81;2021-09-05;97;222;289541;271798;74.6;70.1
81;2021-09-06;279;463;289820;272261;74.7;70.2
81;2021-09-07;387;1092;290207;273353;74.8;70.5
81;2021-09-08;438;1069;290645;274422;74.9;70.7
81;2021-09-09;367;808;291012;275230;75.0;71.0
81;2021-09-10;394;962;291406;276192;75.1;71.2
81;2021-09-11;407;853;291813;277045;75.2;71.4
81;2021-09-12;79;216;291892;277261;75.2;71.5
81;2021-09-13;231;461;292123;277722;75.3;71.6
81;2021-09-14;504;730;292627;278452;75.4;71.8
81;2021-09-15;452;765;293079;279217;75.6;72.0
81;2021-09-16;336;548;293415;279765;75.6;72.1
81;2021-09-17;412;841;293827;280606;75.7;72.3
81;2021-09-18;260;697;294087;281303;75.8;72.5
81;2021-09-19;52;164;294139;281467;75.8;72.6
81;2021-09-20;107;323;294246;281790;75.9;72.6
81;2021-09-21;265;596;294511;282386;75.9;72.8
81;2021-09-22;212;664;294723;283050;76.0;73.0
81;2021-09-23;163;662;294886;283712;76.0;73.1
81;2021-09-24;308;705;295194;284417;76.1;73.3
81;2021-09-25;173;673;295367;285090;76.1;73.5
81;2021-09-26;36;116;295403;285206;76.2;73.5
81;2021-09-27;136;272;295539;285478;76.2;73.6
81;2021-09-28;185;362;295724;285840;76.2;73.7
81;2021-09-29;248;517;295972;286357;76.3;73.8
81;2021-09-30;143;292;296115;286649;76.3;73.9
81;2021-10-01;244;426;296359;287075;76.4;74.0
81;2021-10-02;181;415;296540;287490;76.4;74.1
81;2021-10-03;44;105;296584;287595;76.5;74.1
81;2021-10-04;88;209;296672;287804;76.5;74.2
81;2021-10-05;135;319;296807;288123;76.5;74.3
81;2021-10-06;208;470;297015;288593;76.6;74.4
81;2021-10-07;139;305;297154;288898;76.6;74.5
81;2021-10-08;192;499;297346;289397;76.7;74.6
81;2021-10-09;150;320;297496;289717;76.7;74.7
81;2021-10-10;52;69;297548;289786;76.7;74.7
82;2020-12-27;1;0;1;0;0.0;0.0
82;2020-12-28;2;0;3;0;0.0;0.0
82;2020-12-29;0;0;3;0;0.0;0.0
82;2020-12-30;0;0;3;0;0.0;0.0
82;2020-12-31;0;0;3;0;0.0;0.0
82;2021-01-01;0;0;3;0;0.0;0.0
82;2021-01-02;0;0;3;0;0.0;0.0
82;2021-01-03;0;0;3;0;0.0;0.0
82;2021-01-04;0;0;3;0;0.0;0.0
82;2021-01-05;86;0;89;0;0.0;0.0
82;2021-01-06;1;0;90;0;0.0;0.0
82;2021-01-07;75;0;165;0;0.1;0.0
82;2021-01-08;46;0;211;0;0.1;0.0
82;2021-01-09;77;0;288;0;0.1;0.0
82;2021-01-10;0;0;288;0;0.1;0.0
82;2021-01-11;94;0;382;0;0.1;0.0
82;2021-01-12;285;0;667;0;0.3;0.0
82;2021-01-13;336;1;1003;1;0.4;0.0
82;2021-01-14;443;5;1446;6;0.6;0.0
82;2021-01-15;612;3;2058;9;0.8;0.0
82;2021-01-16;230;3;2288;12;0.9;0.0
82;2021-01-17;89;0;2377;12;0.9;0.0
82;2021-01-18;432;0;2809;12;1.1;0.0
82;2021-01-19;482;1;3291;13;1.3;0.0
82;2021-01-20;663;4;3954;17;1.5;0.0
82;2021-01-21;447;2;4401;19;1.7;0.0
82;2021-01-22;483;2;4884;21;1.9;0.0
82;2021-01-23;151;0;5035;21;1.9;0.0
82;2021-01-24;0;0;5035;21;1.9;0.0
82;2021-01-25;375;0;5410;21;2.1;0.0
82;2021-01-26;468;0;5878;21;2.2;0.0
82;2021-01-27;520;1;6398;22;2.4;0.0
82;2021-01-28;587;35;6985;57;2.7;0.0
82;2021-01-29;405;108;7390;165;2.8;0.1
82;2021-01-30;44;22;7434;187;2.8;0.1
82;2021-01-31;2;0;7436;187;2.8;0.1
82;2021-02-01;292;56;7728;243;2.9;0.1
82;2021-02-02;344;102;8072;345;3.1;0.1
82;2021-02-03;462;66;8534;411;3.2;0.2
82;2021-02-04;768;216;9302;627;3.5;0.2
82;2021-02-05;480;145;9782;772;3.7;0.3
82;2021-02-06;93;39;9875;811;3.8;0.3
82;2021-02-07;29;79;9904;890;3.8;0.3
82;2021-02-08;151;225;10055;1115;3.8;0.4
82;2021-02-09;238;397;10293;1512;3.9;0.6
82;2021-02-10;271;599;10564;2111;4.0;0.8
82;2021-02-11;225;400;10789;2511;4.1;1.0
82;2021-02-12;190;608;10979;3119;4.2;1.2
82;2021-02-13;60;117;11039;3236;4.2;1.2
82;2021-02-14;5;80;11044;3316;4.2;1.3
82;2021-02-15;216;304;11260;3620;4.3;1.4
82;2021-02-16;280;391;11540;4011;4.4;1.5
82;2021-02-17;359;522;11899;4533;4.5;1.7
82;2021-02-18;508;506;12407;5039;4.7;1.9
82;2021-02-19;492;542;12899;5581;4.9;2.1
82;2021-02-20;78;139;12977;5720;4.9;2.2
82;2021-02-21;0;0;12977;5720;4.9;2.2
82;2021-02-22;200;407;13177;6127;5.0;2.3
82;2021-02-23;277;469;13454;6596;5.1;2.5
82;2021-02-24;285;456;13739;7052;5.2;2.7
82;2021-02-25;637;510;14376;7562;5.5;2.9
82;2021-02-26;648;398;15024;7960;5.7;3.0
82;2021-02-27;214;75;15238;8035;5.8;3.1
82;2021-02-28;30;7;15268;8042;5.8;3.1
82;2021-03-01;291;230;15559;8272;5.9;3.1
82;2021-03-02;495;405;16054;8677;6.1;3.3
82;2021-03-03;440;387;16494;9064;6.3;3.5
82;2021-03-04;600;301;17094;9365;6.5;3.6
82;2021-03-05;680;382;17774;9747;6.8;3.7
82;2021-03-06;693;47;18467;9794;7.0;3.7
82;2021-03-07;302;4;18769;9798;7.1;3.7
82;2021-03-08;603;154;19372;9952;7.4;3.8
82;2021-03-09;582;256;19954;10208;7.6;3.9
82;2021-03-10;779;248;20733;10456;7.9;4.0
82;2021-03-11;977;286;21710;10742;8.3;4.1
82;2021-03-12;992;105;22702;10847;8.6;4.1
82;2021-03-13;564;54;23266;10901;8.9;4.2
82;2021-03-14;61;5;23327;10906;8.9;4.2
82;2021-03-15;485;326;23812;11232;9.1;4.3
82;2021-03-16;197;332;24009;11564;9.1;4.4
82;2021-03-17;191;294;24200;11858;9.2;4.5
82;2021-03-18;279;350;24479;12208;9.3;4.6
82;2021-03-19;531;312;25010;12520;9.5;4.8
82;2021-03-20;251;58;25261;12578;9.6;4.8
82;2021-03-21;23;0;25284;12578;9.6;4.8
82;2021-03-22;406;323;25690;12901;9.8;4.9
82;2021-03-23;601;314;26291;13215;10.0;5.0
82;2021-03-24;621;332;26912;13547;10.2;5.2
82;2021-03-25;928;246;27840;13793;10.6;5.3
82;2021-03-26;1216;272;29056;14065;11.1;5.4
82;2021-03-27;479;79;29535;14144;11.2;5.4
82;2021-03-28;136;2;29671;14146;11.3;5.4
82;2021-03-29;925;379;30596;14525;11.7;5.5
82;2021-03-30;1188;280;31784;14805;12.1;5.6
82;2021-03-31;1018;263;32802;15068;12.5;5.7
82;2021-04-01;1070;199;33872;15267;12.9;5.8
82;2021-04-02;1213;286;35085;15553;13.4;5.9
82;2021-04-03;715;132;35800;15685;13.6;6.0
82;2021-04-04;276;14;36076;15699;13.7;6.0
82;2021-04-05;388;20;36464;15719;13.9;6.0
82;2021-04-06;953;512;37417;16231;14.2;6.2
82;2021-04-07;1016;498;38433;16729;14.6;6.4
82;2021-04-08;1454;418;39887;17147;15.2;6.5
82;2021-04-09;1656;474;41543;17621;15.8;6.7
82;2021-04-10;1716;103;43259;17724;16.5;6.7
82;2021-04-11;560;20;43819;17744;16.7;6.8
82;2021-04-12;1348;294;45167;18038;17.2;6.9
82;2021-04-13;1626;275;46793;18313;17.8;7.0
82;2021-04-14;1412;302;48205;18615;18.4;7.1
82;2021-04-15;1781;325;49986;18940;19.0;7.2
82;2021-04-16;1542;336;51528;19276;19.6;7.3
82;2021-04-17;1243;71;52771;19347;20.1;7.4
82;2021-04-18;560;15;53331;19362;20.3;7.4
82;2021-04-19;958;360;54289;19722;20.7;7.5
82;2021-04-20;1267;403;55556;20125;21.2;7.7
82;2021-04-21;1217;374;56773;20499;21.6;7.8
82;2021-04-22;1452;295;58225;20794;22.2;7.9
82;2021-04-23;1076;683;59301;21477;22.6;8.2
82;2021-04-24;1188;265;60489;21742;23.0;8.3
82;2021-04-25;736;49;61225;21791;23.3;8.3
82;2021-04-26;748;810;61973;22601;23.6;8.6
82;2021-04-27;905;925;62878;23526;23.9;9.0
82;2021-04-28;921;898;63799;24424;24.3;9.3
82;2021-04-29;1107;912;64906;25336;24.7;9.6
82;2021-04-30;1042;891;65948;26227;25.1;10.0
82;2021-05-01;1143;258;67091;26485;25.5;10.1
82;2021-05-02;697;145;67788;26630;25.8;10.1
82;2021-05-03;410;1217;68198;27847;26.0;10.6
82;2021-05-04;862;1170;69060;29017;26.3;11.0
82;2021-05-05;568;1176;69628;30193;26.5;11.5
82;2021-05-06;848;1420;70476;31613;26.8;12.0
82;2021-05-07;734;1459;71210;33072;27.1;12.6
82;2021-05-08;934;520;72144;33592;27.5;12.8
82;2021-05-09;753;578;72897;34170;27.8;13.0
82;2021-05-10;850;1366;73747;35536;28.1;13.5
82;2021-05-11;1157;1348;74904;36884;28.5;14.0
82;2021-05-12;1015;1345;75919;38229;28.9;14.6
82;2021-05-13;1454;432;77373;38661;29.5;14.7
82;2021-05-14;1690;1240;79063;39901;30.1;15.2
82;2021-05-15;1934;697;80997;40598;30.8;15.5
82;2021-05-16;558;114;81555;40712;31.1;15.5
82;2021-05-17;1090;1173;82645;41885;31.5;15.9
82;2021-05-18;1465;1190;84110;43075;32.0;16.4
82;2021-05-19;1272;974;85382;44049;32.5;16.8
82;2021-05-20;1408;1160;86790;45209;33.0;17.2
82;2021-05-21;1411;1219;88201;46428;33.6;17.7
82;2021-05-22;2067;631;90268;47059;34.4;17.9
82;2021-05-23;705;117;90973;47176;34.6;18.0
82;2021-05-24;1441;265;92414;47441;35.2;18.1
82;2021-05-25;1444;963;93858;48404;35.7;18.4
82;2021-05-26;1411;919;95269;49323;36.3;18.8
82;2021-05-27;1460;1025;96729;50348;36.8;19.2
82;2021-05-28;1540;1146;98269;51494;37.4;19.6
82;2021-05-29;1496;545;99765;52039;38.0;19.8
82;2021-05-30;402;101;100167;52140;38.1;19.9
82;2021-05-31;1490;991;101657;53131;38.7;20.2
82;2021-06-01;1750;1052;103407;54183;39.4;20.6
82;2021-06-02;1477;1007;104884;55190;39.9;21.0
82;2021-06-03;1489;1184;106373;56374;40.5;21.5
82;2021-06-04;2250;1306;108623;57680;41.4;22.0
82;2021-06-05;2267;987;110890;58667;42.2;22.3
82;2021-06-06;329;133;111219;58800;42.4;22.4
82;2021-06-07;957;1275;112176;60075;42.7;22.9
82;2021-06-08;1445;1138;113621;61213;43.3;23.3
82;2021-06-09;1707;1142;115328;62355;43.9;23.7
82;2021-06-10;1441;1208;116769;63563;44.5;24.2
82;2021-06-11;1922;1128;118691;64691;45.2;24.6
82;2021-06-12;2392;1395;121083;66086;46.1;25.2
82;2021-06-13;379;113;121462;66199;46.3;25.2
82;2021-06-14;1213;1082;122675;67281;46.7;25.6
82;2021-06-15;1462;1245;124137;68526;47.3;26.1
82;2021-06-16;1749;1168;125886;69694;47.9;26.5
82;2021-06-17;1219;1472;127105;71166;48.4;27.1
82;2021-06-18;1469;1439;128574;72605;49.0;27.6
82;2021-06-19;2269;981;130843;73586;49.8;28.0
82;2021-06-20;269;173;131112;73759;49.9;28.1
82;2021-06-21;484;1361;131596;75120;50.1;28.6
82;2021-06-22;893;1710;132489;76830;50.4;29.3
82;2021-06-23;1238;1587;133727;78417;50.9;29.9
82;2021-06-24;756;1904;134483;80321;51.2;30.6
82;2021-06-25;739;1936;135222;82257;51.5;31.3
82;2021-06-26;1239;2146;136461;84403;52.0;32.1
82;2021-06-27;195;440;136656;84843;52.0;32.3
82;2021-06-28;329;1411;136985;86254;52.2;32.8
82;2021-06-29;518;1842;137503;88096;52.4;33.5
82;2021-06-30;947;1912;138450;90008;52.7;34.3
82;2021-07-01;658;1633;139108;91641;53.0;34.9
82;2021-07-02;931;2295;140039;93936;53.3;35.8
82;2021-07-03;858;2340;140897;96276;53.7;36.7
82;2021-07-04;120;439;141017;96715;53.7;36.8
82;2021-07-05;445;1561;141462;98276;53.9;37.4
82;2021-07-06;513;1867;141975;100143;54.1;38.1
82;2021-07-07;793;1775;142768;101918;54.4;38.8
82;2021-07-08;504;1504;143272;103422;54.6;39.4
82;2021-07-09;781;2155;144053;105577;54.9;40.2
82;2021-07-10;706;2218;144759;107795;55.1;41.0
82;2021-07-11;39;380;144798;108175;55.1;41.2
82;2021-07-12;578;1884;145376;110059;55.4;41.9
82;2021-07-13;714;2003;146090;112062;55.6;42.7
82;2021-07-14;617;741;146707;112803;55.9;43.0
82;2021-07-15;858;1750;147565;114553;56.2;43.6
82;2021-07-16;1436;2638;149001;117191;56.7;44.6
82;2021-07-17;560;2182;149561;119373;57.0;45.5
82;2021-07-18;14;41;149575;119414;57.0;45.5
82;2021-07-19;736;2072;150311;121486;57.2;46.3
82;2021-07-20;920;1883;151231;123369;57.6;47.0
82;2021-07-21;1289;1762;152520;125131;58.1;47.6
82;2021-07-22;1083;1766;153603;126897;58.5;48.3
82;2021-07-23;1056;2990;154659;129887;58.9;49.5
82;2021-07-24;1102;1490;155761;131377;59.3;50.0
82;2021-07-25;303;74;156064;131451;59.4;50.1
82;2021-07-26;950;1896;157014;133347;59.8;50.8
82;2021-07-27;1324;1641;158338;134988;60.3;51.4
82;2021-07-28;1469;1499;159807;136487;60.9;52.0
82;2021-07-29;1331;1534;161138;138021;61.4;52.6
82;2021-07-30;1537;2477;162675;140498;61.9;53.5
82;2021-07-31;459;296;163134;140794;62.1;53.6
82;2021-08-01;273;50;163407;140844;62.2;53.6
82;2021-08-02;1271;879;164678;141723;62.7;54.0
82;2021-08-03;1435;832;166113;142555;63.3;54.3
82;2021-08-04;1363;1029;167476;143584;63.8;54.7
82;2021-08-05;1491;600;168967;144184;64.3;54.9
82;2021-08-06;996;648;169963;144832;64.7;55.1
82;2021-08-07;923;1197;170886;146029;65.1;55.6
82;2021-08-08;157;65;171043;146094;65.1;55.6
82;2021-08-09;1071;899;172114;146993;65.5;56.0
82;2021-08-10;1289;916;173403;147909;66.0;56.3
82;2021-08-11;1264;1123;174667;149032;66.5;56.7
82;2021-08-12;1473;946;176140;149978;67.1;57.1
82;2021-08-13;1413;997;177553;150975;67.6;57.5
82;2021-08-14;314;486;177867;151461;67.7;57.7
82;2021-08-15;61;38;177928;151499;67.8;57.7
82;2021-08-16;781;1459;178709;152958;68.0;58.2
82;2021-08-17;1064;1235;179773;154193;68.5;58.7
82;2021-08-18;616;848;180389;155041;68.7;59.0
82;2021-08-19;1012;1146;181401;156187;69.1;59.5
82;2021-08-20;1034;1907;182435;158094;69.5;60.2
82;2021-08-21;495;990;182930;159084;69.7;60.6
82;2021-08-22;21;55;182951;159139;69.7;60.6
82;2021-08-23;745;1292;183696;160431;69.9;61.1
82;2021-08-24;863;1117;184559;161548;70.3;61.5
82;2021-08-25;849;1538;185408;163086;70.6;62.1
82;2021-08-26;598;1108;186006;164194;70.8;62.5
82;2021-08-27;898;1685;186904;165879;71.2;63.2
82;2021-08-28;211;616;187115;166495;71.2;63.4
82;2021-08-29;44;49;187159;166544;71.3;63.4
82;2021-08-30;430;1015;187589;167559;71.4;63.8
82;2021-08-31;339;1004;187928;168563;71.6;64.2
82;2021-09-01;721;1355;188649;169918;71.8;64.7
82;2021-09-02;406;1235;189055;171153;72.0;65.2
82;2021-09-03;500;1738;189555;172891;72.2;65.8
82;2021-09-04;426;691;189981;173582;72.3;66.1
82;2021-09-05;6;23;189987;173605;72.3;66.1
82;2021-09-06;374;1141;190361;174746;72.5;66.5
82;2021-09-07;209;880;190570;175626;72.6;66.9
82;2021-09-08;495;1169;191065;176795;72.8;67.3
82;2021-09-09;249;930;191314;177725;72.8;67.7
82;2021-09-10;487;1249;191801;178974;73.0;68.1
82;2021-09-11;212;475;192013;179449;73.1;68.3
82;2021-09-12;12;29;192025;179478;73.1;68.3
82;2021-09-13;298;850;192323;180328;73.2;68.7
82;2021-09-14;210;801;192533;181129;73.3;69.0
82;2021-09-15;307;1166;192840;182295;73.4;69.4
82;2021-09-16;220;496;193060;182791;73.5;69.6
82;2021-09-17;188;495;193248;183286;73.6;69.8
82;2021-09-18;326;1082;193574;184368;73.7;70.2
82;2021-09-19;1;14;193575;184382;73.7;70.2
82;2021-09-20;140;415;193715;184797;73.8;70.4
82;2021-09-21;94;382;193809;185179;73.8;70.5
82;2021-09-22;136;455;193945;185634;73.9;70.7
82;2021-09-23;112;383;194057;186017;73.9;70.8
82;2021-09-24;211;599;194268;186616;74.0;71.1
82;2021-09-25;231;658;194499;187274;74.1;71.3
82;2021-09-26;5;10;194504;187284;74.1;71.3
82;2021-09-27;100;453;194604;187737;74.1;71.5
82;2021-09-28;90;229;194694;187966;74.1;71.6
82;2021-09-29;231;479;194925;188445;74.2;71.8
82;2021-09-30;111;250;195036;188695;74.3;71.9
82;2021-10-01;197;372;195233;189067;74.3;72.0
82;2021-10-02;132;272;195365;189339;74.4;72.1
82;2021-10-03;4;1;195369;189340;74.4;72.1
82;2021-10-04;120;415;195489;189755;74.4;72.3
82;2021-10-05;128;273;195617;190028;74.5;72.4
82;2021-10-06;166;343;195783;190371;74.6;72.5
82;2021-10-07;62;124;195845;190495;74.6;72.5
82;2021-10-08;291;386;196136;190881;74.7;72.7
82;2021-10-09;121;246;196257;191127;74.7;72.8
82;2021-10-10;2;14;196259;191141;74.7;72.8
83;2020-12-27;2;0;2;0;0.0;0.0
83;2020-12-28;0;0;2;0;0.0;0.0
83;2020-12-29;2;0;4;0;0.0;0.0
83;2020-12-30;3;0;7;0;0.0;0.0
83;2020-12-31;0;0;7;0;0.0;0.0
83;2021-01-01;1;0;8;0;0.0;0.0
83;2021-01-02;0;0;8;0;0.0;0.0
83;2021-01-03;1;0;9;0;0.0;0.0
83;2021-01-04;1;0;10;0;0.0;0.0
83;2021-01-05;4;1;14;1;0.0;0.0
83;2021-01-06;69;0;83;1;0.0;0.0
83;2021-01-07;324;0;407;1;0.0;0.0
83;2021-01-08;421;1;828;2;0.1;0.0
83;2021-01-09;48;0;876;2;0.1;0.0
83;2021-01-10;1;0;877;2;0.1;0.0
83;2021-01-11;475;0;1352;2;0.1;0.0
83;2021-01-12;1015;5;2367;7;0.2;0.0
83;2021-01-13;963;8;3330;15;0.3;0.0
83;2021-01-14;848;9;4178;24;0.4;0.0
83;2021-01-15;714;3;4892;27;0.5;0.0
83;2021-01-16;42;1;4934;28;0.5;0.0
83;2021-01-17;1;0;4935;28;0.5;0.0
83;2021-01-18;1227;4;6162;32;0.6;0.0
83;2021-01-19;2021;8;8183;40;0.8;0.0
83;2021-01-20;1660;9;9843;49;0.9;0.0
83;2021-01-21;2101;8;11944;57;1.1;0.0
83;2021-01-22;1663;8;13607;65;1.3;0.0
83;2021-01-23;246;2;13853;67;1.3;0.0
83;2021-01-24;21;1;13874;68;1.3;0.0
83;2021-01-25;1556;7;15430;75;1.4;0.0
83;2021-01-26;1758;15;17188;90;1.6;0.0
83;2021-01-27;2154;87;19342;177;1.8;0.0
83;2021-01-28;5100;393;24442;570;2.3;0.1
83;2021-01-29;2949;355;27391;925;2.6;0.1
83;2021-01-30;237;47;27628;972;2.6;0.1
83;2021-01-31;46;0;27674;972;2.6;0.1
83;2021-02-01;1283;413;28957;1385;2.7;0.1
83;2021-02-02;1441;720;30398;2105;2.8;0.2
83;2021-02-03;1527;635;31925;2740;3.0;0.3
83;2021-02-04;1485;743;33410;3483;3.1;0.3
83;2021-02-05;1227;681;34637;4164;3.2;0.4
83;2021-02-06;24;15;34661;4179;3.2;0.4
83;2021-02-07;1;0;34662;4179;3.2;0.4
83;2021-02-08;1090;622;35752;4801;3.3;0.4
83;2021-02-09;1325;911;37077;5712;3.5;0.5
83;2021-02-10;1538;803;38615;6515;3.6;0.6
83;2021-02-11;1612;1028;40227;7543;3.7;0.7
83;2021-02-12;1351;825;41578;8368;3.9;0.8
83;2021-02-13;55;26;41633;8394;3.9;0.8
83;2021-02-14;0;0;41633;8394;3.9;0.8
83;2021-02-15;677;1050;42310;9444;3.9;0.9
83;2021-02-16;543;1371;42853;10815;4.0;1.0
83;2021-02-17;804;1831;43657;12646;4.1;1.2
83;2021-02-18;1630;3873;45287;16519;4.2;1.5
83;2021-02-19;1482;2331;46769;18850;4.4;1.8
83;2021-02-20;63;169;46832;19019;4.4;1.8
83;2021-02-21;25;36;46857;19055;4.4;1.8
83;2021-02-22;507;1749;47364;20804;4.4;1.9
83;2021-02-23;673;1441;48037;22245;4.5;2.1
83;2021-02-24;726;1483;48763;23728;4.5;2.2
83;2021-02-25;1250;1410;50013;25138;4.7;2.3
83;2021-02-26;1298;1255;51311;26393;4.8;2.5
83;2021-02-27;552;56;51863;26449;4.8;2.5
83;2021-02-28;10;15;51873;26464;4.8;2.5
83;2021-03-01;808;1239;52681;27703;4.9;2.6
83;2021-03-02;992;1310;53673;29013;5.0;2.7
83;2021-03-03;1440;1528;55113;30541;5.1;2.8
83;2021-03-04;1895;1392;57008;31933;5.3;3.0
83;2021-03-05;2221;1242;59229;33175;5.5;3.1
83;2021-03-06;3010;121;62239;33296;5.8;3.1
83;2021-03-07;2227;49;64466;33345;6.0;3.1
83;2021-03-08;851;1320;65317;34665;6.1;3.2
83;2021-03-09;1938;1230;67255;35895;6.3;3.3
83;2021-03-10;2381;1374;69636;37269;6.5;3.5
83;2021-03-11;3677;2217;73313;39486;6.8;3.7
83;2021-03-12;3662;1519;76975;41005;7.2;3.8
83;2021-03-13;4614;186;81589;41191;7.6;3.8
83;2021-03-14;2341;62;83930;41253;7.8;3.8
83;2021-03-15;3339;676;87269;41929;8.1;3.9
83;2021-03-16;2603;701;89872;42630;8.4;4.0
83;2021-03-17;2846;790;92718;43420;8.6;4.0
83;2021-03-18;3549;797;96267;44217;9.0;4.1
83;2021-03-19;4175;595;100442;44812;9.4;4.2
83;2021-03-20;3477;77;103919;44889;9.7;4.2
83;2021-03-21;2011;32;105930;44921;9.9;4.2
83;2021-03-22;3965;898;109895;45819;10.2;4.3
83;2021-03-23;4751;601;114646;46420;10.7;4.3
83;2021-03-24;5048;731;119694;47151;11.1;4.4
83;2021-03-25;6536;863;126230;48014;11.8;4.5
83;2021-03-26;7176;763;133406;48777;12.4;4.5
83;2021-03-27;3969;390;137375;49167;12.8;4.6
83;2021-03-28;2183;35;139558;49202;13.0;4.6
83;2021-03-29;4557;777;144115;49979;13.4;4.7
83;2021-03-30;5969;962;150084;50941;14.0;4.7
83;2021-03-31;5554;1083;155638;52024;14.5;4.8
83;2021-04-01;5980;1272;161618;53296;15.1;5.0
83;2021-04-02;5763;1078;167381;54374;15.6;5.1
83;2021-04-03;1800;636;169181;55010;15.8;5.1
83;2021-04-04;854;348;170035;55358;15.8;5.2
83;2021-04-05;190;67;170225;55425;15.9;5.2
83;2021-04-06;4731;1412;174956;56837;16.3;5.3
83;2021-04-07;5832;1666;180788;58503;16.8;5.4
83;2021-04-08;7893;2016;188681;60519;17.6;5.6
83;2021-04-09;7599;2213;196280;62732;18.3;5.8
83;2021-04-10;2948;2657;199228;65389;18.6;6.1
83;2021-04-11;1715;2143;200943;67532;18.7;6.3
83;2021-04-12;4951;2885;205894;70417;19.2;6.6
83;2021-04-13;5408;3008;211302;73425;19.7;6.8
83;2021-04-14;5896;2954;217198;76379;20.2;7.1
83;2021-04-15;6776;3045;223974;79424;20.9;7.4
83;2021-04-16;6127;3530;230101;82954;21.4;7.7
83;2021-04-17;3510;2194;233611;85148;21.8;7.9
83;2021-04-18;2179;1301;235790;86449;22.0;8.1
83;2021-04-19;4113;3909;239903;90358;22.3;8.4
83;2021-04-20;4360;3875;244263;94233;22.7;8.8
83;2021-04-21;4300;4157;248563;98390;23.1;9.2
83;2021-04-22;5009;4307;253572;102697;23.6;9.6
83;2021-04-23;4529;4572;258101;107269;24.0;10.0
83;2021-04-24;2629;2721;260730;109990;24.3;10.2
83;2021-04-25;1925;1572;262655;111562;24.5;10.4
83;2021-04-26;3568;3856;266223;115418;24.8;10.7
83;2021-04-27;4140;4560;270363;119978;25.2;11.2
83;2021-04-28;4314;4382;274677;124360;25.6;11.6
83;2021-04-29;5822;5139;280499;129499;26.1;12.1
83;2021-04-30;5786;4316;286285;133815;26.7;12.5
83;2021-05-01;1693;431;287978;134246;26.8;12.5
83;2021-05-02;1237;760;289215;135006;26.9;12.6
83;2021-05-03;3750;4286;292965;139292;27.3;13.0
83;2021-05-04;3345;5104;296310;144396;27.6;13.4
83;2021-05-05;3644;4977;299954;149373;27.9;13.9
83;2021-05-06;4678;4966;304632;154339;28.4;14.4
83;2021-05-07;4165;5315;308797;159654;28.8;14.9
83;2021-05-08;2764;1017;311561;160671;29.0;15.0
83;2021-05-09;2151;1237;313712;161908;29.2;15.1
83;2021-05-10;3201;5428;316913;167336;29.5;15.6
83;2021-05-11;5126;5691;322039;173027;30.0;16.1
83;2021-05-12;6292;4846;328331;177873;30.6;16.6
83;2021-05-13;6582;1345;334913;179218;31.2;16.7
83;2021-05-14;7422;4117;342335;183335;31.9;17.1
83;2021-05-15;7751;2210;350086;185545;32.6;17.3
83;2021-05-16;6624;1247;356710;186792;33.2;17.4
83;2021-05-17;4894;4211;361604;191003;33.7;17.8
83;2021-05-18;5533;3865;367137;194868;34.2;18.1
83;2021-05-19;6207;3410;373344;198278;34.8;18.5
83;2021-05-20;6752;3807;380096;202085;35.4;18.8
83;2021-05-21;7904;3870;388000;205955;36.1;19.2
83;2021-05-22;6087;1720;394087;207675;36.7;19.3
83;2021-05-23;4682;713;398769;208388;37.1;19.4
83;2021-05-24;5809;972;404578;209360;37.7;19.5
83;2021-05-25;5510;4756;410088;214116;38.2;19.9
83;2021-05-26;4858;4447;414946;218563;38.6;20.4
83;2021-05-27;5069;5259;420015;223822;39.1;20.8
83;2021-05-28;4504;5760;424519;229582;39.5;21.4
83;2021-05-29;2706;4271;427225;233853;39.8;21.8
83;2021-05-30;1256;1373;428481;235226;39.9;21.9
83;2021-05-31;5487;4765;433968;239991;40.4;22.3
83;2021-06-01;5732;5308;439700;245299;40.9;22.8
83;2021-06-02;5262;4584;444962;249883;41.4;23.3
83;2021-06-03;5744;5134;450706;255017;42.0;23.7
83;2021-06-04;5444;6042;456150;261059;42.5;24.3
83;2021-06-05;3919;3198;460069;264257;42.8;24.6
83;2021-06-06;1933;1383;462002;265640;43.0;24.7
83;2021-06-07;3913;5093;465915;270733;43.4;25.2
83;2021-06-08;4174;4821;470089;275554;43.8;25.7
83;2021-06-09;4007;4704;474096;280258;44.1;26.1
83;2021-06-10;3999;4264;478095;284522;44.5;26.5
83;2021-06-11;3659;5451;481754;289973;44.9;27.0
83;2021-06-12;2913;2985;484667;292958;45.1;27.3
83;2021-06-13;995;1390;485662;294348;45.2;27.4
83;2021-06-14;2854;5656;488516;300004;45.5;27.9
83;2021-06-15;3166;4861;491682;304865;45.8;28.4
83;2021-06-16;2963;4504;494645;309369;46.1;28.8
83;2021-06-17;2784;5291;497429;314660;46.3;29.3
83;2021-06-18;3160;5965;500589;320625;46.6;29.9
83;2021-06-19;2323;4100;502912;324725;46.8;30.2
83;2021-06-20;676;1889;503588;326614;46.9;30.4
83;2021-06-21;2109;7585;505697;334199;47.1;31.1
83;2021-06-22;2103;7167;507800;341366;47.3;31.8
83;2021-06-23;1935;6929;509735;348295;47.5;32.4
83;2021-06-24;1962;7367;511697;355662;47.7;33.1
83;2021-06-25;2111;8395;513808;364057;47.8;33.9
83;2021-06-26;1462;6808;515270;370865;48.0;34.5
83;2021-06-27;692;3184;515962;374049;48.0;34.8
83;2021-06-28;1570;7882;517532;381931;48.2;35.6
83;2021-06-29;1907;7809;519439;389740;48.4;36.3
83;2021-06-30;2240;7274;521679;397014;48.6;37.0
83;2021-07-01;2562;6567;524241;403581;48.8;37.6
83;2021-07-02;2265;7798;526506;411379;49.0;38.3
83;2021-07-03;1509;5685;528015;417064;49.2;38.8
83;2021-07-04;572;2752;528587;419816;49.2;39.1
83;2021-07-05;1925;7532;530512;427348;49.4;39.8
83;2021-07-06;2571;5941;533083;433289;49.6;40.3
83;2021-07-07;2686;4667;535769;437956;49.9;40.8
83;2021-07-08;3246;4476;539015;442432;50.2;41.2
83;2021-07-09;3045;6965;542060;449397;50.5;41.8
83;2021-07-10;1579;4929;543639;454326;50.6;42.3
83;2021-07-11;1009;1766;544648;456092;50.7;42.5
83;2021-07-12;2142;7689;546790;463781;50.9;43.2
83;2021-07-13;4042;7097;550832;470878;51.3;43.9
83;2021-07-14;2094;1322;552926;472200;51.5;44.0
83;2021-07-15;4580;6844;557506;479044;51.9;44.6
83;2021-07-16;5274;7123;562780;486167;52.4;45.3
83;2021-07-17;3648;5001;566428;491168;52.7;45.7
83;2021-07-18;1604;1311;568032;492479;52.9;45.9
83;2021-07-19;3954;6320;571986;498799;53.3;46.5
83;2021-07-20;5986;6195;577972;504994;53.8;47.0
83;2021-07-21;6031;5215;584003;510209;54.4;47.5
83;2021-07-22;7118;5543;591121;515752;55.0;48.0
83;2021-07-23;7097;5919;598218;521671;55.7;48.6
83;2021-07-24;4650;4567;602868;526238;56.1;49.0
83;2021-07-25;1329;737;604197;526975;56.3;49.1
83;2021-07-26;5546;4939;609743;531914;56.8;49.5
83;2021-07-27;6833;4906;616576;536820;57.4;50.0
83;2021-07-28;6601;4427;623177;541247;58.0;50.4
83;2021-07-29;7500;4862;630677;546109;58.7;50.9
83;2021-07-30;6968;4762;637645;550871;59.4;51.3
83;2021-07-31;4667;3218;642312;554089;59.8;51.6
83;2021-08-01;1066;849;643378;554938;59.9;51.7
83;2021-08-02;5771;3709;649149;558647;60.5;52.0
83;2021-08-03;6385;3998;655534;562645;61.0;52.4
83;2021-08-04;5915;3715;661449;566360;61.6;52.7
83;2021-08-05;6183;4090;667632;570450;62.2;53.1
83;2021-08-06;6162;4916;673794;575366;62.7;53.6
83;2021-08-07;3751;3557;677545;578923;63.1;53.9
83;2021-08-08;1064;823;678609;579746;63.2;54.0
83;2021-08-09;4718;4648;683327;584394;63.6;54.4
83;2021-08-10;5235;5147;688562;589541;64.1;54.9
83;2021-08-11;4593;5068;693155;594609;64.5;55.4
83;2021-08-12;4928;5568;698083;600177;65.0;55.9
83;2021-08-13;4938;5741;703021;605918;65.5;56.4
83;2021-08-14;3223;3892;706244;609810;65.8;56.8
83;2021-08-15;208;392;706452;610202;65.8;56.8
83;2021-08-16;3631;5482;710083;615684;66.1;57.3
83;2021-08-17;3577;5272;713660;620956;66.5;57.8
83;2021-08-18;3608;5004;717268;625960;66.8;58.3
83;2021-08-19;4179;6261;721447;632221;67.2;58.9
83;2021-08-20;3644;6516;725091;638737;67.5;59.5
83;2021-08-21;2348;4489;727439;643226;67.7;59.9
83;2021-08-22;635;1033;728074;644259;67.8;60.0
83;2021-08-23;2506;5787;730580;650046;68.0;60.5
83;2021-08-24;2924;5922;733504;655968;68.3;61.1
83;2021-08-25;2583;5294;736087;661262;68.5;61.6
83;2021-08-26;2799;5845;738886;667107;68.8;62.1
83;2021-08-27;2919;5925;741805;673032;69.1;62.7
83;2021-08-28;1935;4539;743740;677571;69.3;63.1
83;2021-08-29;476;1161;744216;678732;69.3;63.2
83;2021-08-30;2383;4883;746599;683615;69.5;63.7
83;2021-08-31;2509;5293;749108;688908;69.8;64.2
83;2021-09-01;2548;4593;751656;693501;70.0;64.6
83;2021-09-02;2483;4426;754139;697927;70.2;65.0
83;2021-09-03;2330;4647;756469;702574;70.4;65.4
83;2021-09-04;1925;4376;758394;706950;70.6;65.8
83;2021-09-05;568;415;758962;707365;70.7;65.9
83;2021-09-06;1645;3335;760607;710700;70.8;66.2
83;2021-09-07;1666;3166;762273;713866;71.0;66.5
83;2021-09-08;1933;3336;764206;717202;71.2;66.8
83;2021-09-09;1493;3300;765699;720502;71.3;67.1
83;2021-09-10;1778;3617;767477;724119;71.5;67.4
83;2021-09-11;1372;3627;768849;727746;71.6;67.8
83;2021-09-12;204;458;769053;728204;71.6;67.8
83;2021-09-13;1213;2516;770266;730720;71.7;68.0
83;2021-09-14;1324;2496;771590;733216;71.9;68.3
83;2021-09-15;1366;2538;772956;735754;72.0;68.5
83;2021-09-16;1041;2176;773997;737930;72.1;68.7
83;2021-09-17;1034;2524;775031;740454;72.2;69.0
83;2021-09-18;1022;3001;776053;743455;72.3;69.2
83;2021-09-19;97;399;776150;743854;72.3;69.3
83;2021-09-20;677;2034;776827;745888;72.3;69.5
83;2021-09-21;718;1809;777545;747697;72.4;69.6
83;2021-09-22;763;2493;778308;750190;72.5;69.9
83;2021-09-23;715;2112;779023;752302;72.5;70.1
83;2021-09-24;721;2196;779744;754498;72.6;70.3
83;2021-09-25;738;2665;780482;757163;72.7;70.5
83;2021-09-26;70;449;780552;757612;72.7;70.6
83;2021-09-27;593;1730;781145;759342;72.7;70.7
83;2021-09-28;542;1503;781687;760845;72.8;70.9
83;2021-09-29;715;1879;782402;762724;72.9;71.0
83;2021-09-30;635;1505;783037;764229;72.9;71.2
83;2021-10-01;745;1530;783782;765759;73.0;71.3
83;2021-10-02;688;1621;784470;767380;73.1;71.5
83;2021-10-03;108;254;784578;767634;73.1;71.5
83;2021-10-04;480;885;785058;768519;73.1;71.6
83;2021-10-05;584;1112;785642;769631;73.2;71.7
83;2021-10-06;739;1547;786381;771178;73.2;71.8
83;2021-10-07;517;1048;786898;772226;73.3;71.9
83;2021-10-08;716;1325;787614;773551;73.3;72.0
83;2021-10-09;503;981;788117;774532;73.4;72.1
83;2021-10-10;11;35;788128;774567;73.4;72.1
84;2020-12-27;1;1;1;1;0.0;0.0
84;2020-12-28;1;1;2;2;0.0;0.0
84;2020-12-29;3;1;5;3;0.0;0.0
84;2020-12-30;2;0;7;3;0.0;0.0
84;2020-12-31;2;0;9;3;0.0;0.0
84;2021-01-01;0;0;9;3;0.0;0.0
84;2021-01-02;0;0;9;3;0.0;0.0
84;2021-01-03;0;0;9;3;0.0;0.0
84;2021-01-04;0;0;9;3;0.0;0.0
84;2021-01-05;0;0;9;3;0.0;0.0
84;2021-01-06;0;0;9;3;0.0;0.0
84;2021-01-07;69;0;78;3;0.0;0.0
84;2021-01-08;84;0;162;3;0.0;0.0
84;2021-01-09;31;1;193;4;0.0;0.0
84;2021-01-10;0;0;193;4;0.0;0.0
84;2021-01-11;219;0;412;4;0.1;0.0
84;2021-01-12;624;2;1036;6;0.2;0.0
84;2021-01-13;359;1;1395;7;0.2;0.0
84;2021-01-14;960;17;2355;24;0.4;0.0
84;2021-01-15;619;11;2974;35;0.5;0.0
84;2021-01-16;167;1;3141;36;0.6;0.0
84;2021-01-17;29;1;3170;37;0.6;0.0
84;2021-01-18;697;3;3867;40;0.7;0.0
84;2021-01-19;881;6;4748;46;0.8;0.0
84;2021-01-20;1023;6;5771;52;1.0;0.0
84;2021-01-21;1050;6;6821;58;1.2;0.0
84;2021-01-22;1135;2;7956;60;1.4;0.0
84;2021-01-23;250;0;8206;60;1.5;0.0
84;2021-01-24;3;0;8209;60;1.5;0.0
84;2021-01-25;809;4;9018;64;1.6;0.0
84;2021-01-26;940;7;9958;71;1.8;0.0
84;2021-01-27;1072;4;11030;75;2.0;0.0
84;2021-01-28;1622;19;12652;94;2.3;0.0
84;2021-01-29;1202;63;13854;157;2.5;0.0
84;2021-01-30;171;21;14025;178;2.5;0.0
84;2021-01-31;7;0;14032;178;2.5;0.0
84;2021-02-01;662;146;14694;324;2.6;0.1
84;2021-02-02;789;268;15483;592;2.8;0.1
84;2021-02-03;762;243;16245;835;2.9;0.1
84;2021-02-04;913;400;17158;1235;3.1;0.2
84;2021-02-05;727;416;17885;1651;3.2;0.3
84;2021-02-06;127;49;18012;1700;3.2;0.3
84;2021-02-07;1;0;18013;1700;3.2;0.3
84;2021-02-08;569;274;18582;1974;3.3;0.4
84;2021-02-09;694;719;19276;2693;3.4;0.5
84;2021-02-10;560;565;19836;3258;3.5;0.6
84;2021-02-11;549;590;20385;3848;3.6;0.7
84;2021-02-12;562;680;20947;4528;3.7;0.8
84;2021-02-13;48;170;20995;4698;3.7;0.8
84;2021-02-14;3;0;20998;4698;3.7;0.8
84;2021-02-15;207;887;21205;5585;3.8;1.0
84;2021-02-16;223;823;21428;6408;3.8;1.1
84;2021-02-17;448;778;21876;7186;3.9;1.3
84;2021-02-18;557;1102;22433;8288;4.0;1.5
84;2021-02-19;739;1184;23172;9472;4.1;1.7
84;2021-02-20;68;153;23240;9625;4.1;1.7
84;2021-02-21;6;37;23246;9662;4.1;1.7
84;2021-02-22;369;744;23615;10406;4.2;1.9
84;2021-02-23;272;704;23887;11110;4.3;2.0
84;2021-02-24;395;736;24282;11846;4.3;2.1
84;2021-02-25;714;862;24996;12708;4.5;2.3
84;2021-02-26;823;682;25819;13390;4.6;2.4
84;2021-02-27;133;125;25952;13515;4.6;2.4
84;2021-02-28;18;0;25970;13515;4.6;2.4
84;2021-03-01;459;666;26429;14181;4.7;2.5
84;2021-03-02;634;809;27063;14990;4.8;2.7
84;2021-03-03;820;949;27883;15939;5.0;2.8
84;2021-03-04;1100;695;28983;16634;5.2;3.0
84;2021-03-05;1313;527;30296;17161;5.4;3.1
84;2021-03-06;1459;68;31755;17229;5.7;3.1
84;2021-03-07;481;17;32236;17246;5.7;3.1
84;2021-03-08;813;612;33049;17858;5.9;3.2
84;2021-03-09;1390;785;34439;18643;6.1;3.3
84;2021-03-10;1474;674;35913;19317;6.4;3.4
84;2021-03-11;1983;649;37896;19966;6.8;3.6
84;2021-03-12;2083;638;39979;20604;7.1;3.7
84;2021-03-13;747;37;40726;20641;7.3;3.7
84;2021-03-14;247;53;40973;20694;7.3;3.7
84;2021-03-15;1073;311;42046;21005;7.5;3.7
84;2021-03-16;1180;328;43226;21333;7.7;3.8
84;2021-03-17;1147;445;44373;21778;7.9;3.9
84;2021-03-18;1458;398;45831;22176;8.2;4.0
84;2021-03-19;2179;466;48010;22642;8.6;4.0
84;2021-03-20;841;28;48851;22670;8.7;4.0
84;2021-03-21;151;11;49002;22681;8.7;4.0
84;2021-03-22;1162;469;50164;23150;8.9;4.1
84;2021-03-23;1916;439;52080;23589;9.3;4.2
84;2021-03-24;2177;405;54257;23994;9.7;4.3
84;2021-03-25;3655;406;57912;24400;10.3;4.3
84;2021-03-26;3319;489;61231;24889;10.9;4.4
84;2021-03-27;915;60;62146;24949;11.1;4.4
84;2021-03-28;74;3;62220;24952;11.1;4.4
84;2021-03-29;1717;537;63937;25489;11.4;4.5
84;2021-03-30;2674;692;66611;26181;11.9;4.7
84;2021-03-31;2405;651;69016;26832;12.3;4.8
84;2021-04-01;3021;586;72037;27418;12.8;4.9
84;2021-04-02;2452;538;74489;27956;13.3;5.0
84;2021-04-03;511;29;75000;27985;13.4;5.0
84;2021-04-04;15;2;75015;27987;13.4;5.0
84;2021-04-05;814;105;75829;28092;13.5;5.0
84;2021-04-06;2146;849;77975;28941;13.9;5.2
84;2021-04-07;2406;871;80381;29812;14.3;5.3
84;2021-04-08;3652;1052;84033;30864;15.0;5.5
84;2021-04-09;4116;957;88149;31821;15.7;5.7
84;2021-04-10;1310;135;89459;31956;15.9;5.7
84;2021-04-11;37;12;89496;31968;16.0;5.7
84;2021-04-12;2094;814;91590;32782;16.3;5.8
84;2021-04-13;2940;1374;94530;34156;16.9;6.1
84;2021-04-14;2811;1363;97341;35519;17.4;6.3
84;2021-04-15;3271;1427;100612;36946;17.9;6.6
84;2021-04-16;3432;1556;104044;38502;18.5;6.9
84;2021-04-17;1666;202;105710;38704;18.8;6.9
84;2021-04-18;38;1;105748;38705;18.9;6.9
84;2021-04-19;2507;927;108255;39632;19.3;7.1
84;2021-04-20;2628;1535;110883;41167;19.8;7.3
84;2021-04-21;2651;1491;113534;42658;20.2;7.6
84;2021-04-22;3014;1744;116548;44402;20.8;7.9
84;2021-04-23;3042;1911;119590;46313;21.3;8.3
84;2021-04-24;1530;289;121120;46602;21.6;8.3
84;2021-04-25;27;2;121147;46604;21.6;8.3
84;2021-04-26;2198;1377;123345;47981;22.0;8.6
84;2021-04-27;2556;1987;125901;49968;22.4;8.9
84;2021-04-28;2818;1856;128719;51824;22.9;9.2
84;2021-04-29;3420;2057;132139;53881;23.6;9.6
84;2021-04-30;3134;2436;135273;56317;24.1;10.0
84;2021-05-01;457;259;135730;56576;24.2;10.1
84;2021-05-02;2;0;135732;56576;24.2;10.1
84;2021-05-03;2161;1634;137893;58210;24.6;10.4
84;2021-05-04;2487;2546;140380;60756;25.0;10.8
84;2021-05-05;2354;2231;142734;62987;25.4;11.2
84;2021-05-06;3223;2264;145957;65251;26.0;11.6
84;2021-05-07;2766;2565;148723;67816;26.5;12.1
84;2021-05-08;1158;527;149881;68343;26.7;12.2
84;2021-05-09;8;53;149889;68396;26.7;12.2
84;2021-05-10;2159;2467;152048;70863;27.1;12.6
84;2021-05-11;2905;3160;154953;74023;27.6;13.2
84;2021-05-12;2849;2923;157802;76946;28.1;13.7
84;2021-05-13;2160;849;159962;77795;28.5;13.9
84;2021-05-14;2728;2039;162690;79834;29.0;14.2
84;2021-05-15;2001;987;164691;80821;29.4;14.4
84;2021-05-16;1340;188;166031;81009;29.6;14.4
84;2021-05-17;2224;2157;168255;83166;30.0;14.8
84;2021-05-18;2904;2116;171159;85282;30.5;15.2
84;2021-05-19;3230;1665;174389;86947;31.1;15.5
84;2021-05-20;3698;2209;178087;89156;31.7;15.9
84;2021-05-21;3471;2335;181558;91491;32.4;16.3
84;2021-05-22;1582;684;183140;92175;32.6;16.4
84;2021-05-23;6;9;183146;92184;32.6;16.4
84;2021-05-24;1840;426;184986;92610;33.0;16.5
84;2021-05-25;2984;2191;187970;94801;33.5;16.9
84;2021-05-26;3075;2090;191045;96891;34.1;17.3
84;2021-05-27;3857;2319;194902;99210;34.7;17.7
84;2021-05-28;3179;3309;198081;102519;35.3;18.3
84;2021-05-29;1093;1653;199174;104172;35.5;18.6
84;2021-05-30;10;85;199184;104257;35.5;18.6
84;2021-05-31;2191;2642;201375;106899;35.9;19.1
84;2021-06-01;3141;3159;204516;110058;36.5;19.6
84;2021-06-02;3170;2631;207686;112689;37.0;20.1
84;2021-06-03;4115;3001;211801;115690;37.8;20.6
84;2021-06-04;3614;3036;215415;118726;38.4;21.2
84;2021-06-05;1781;1501;217196;120227;38.7;21.4
84;2021-06-06;984;208;218180;120435;38.9;21.5
84;2021-06-07;2451;2760;220631;123195;39.3;22.0
84;2021-06-08;3317;3056;223948;126251;39.9;22.5
84;2021-06-09;3033;2689;226981;128940;40.5;23.0
84;2021-06-10;3512;2798;230493;131738;41.1;23.5
84;2021-06-11;3031;3069;233524;134807;41.6;24.0
84;2021-06-12;1965;1313;235489;136120;42.0;24.3
84;2021-06-13;413;213;235902;136333;42.1;24.3
84;2021-06-14;1930;3155;237832;139488;42.4;24.9
84;2021-06-15;2573;3454;240405;142942;42.9;25.5
84;2021-06-16;2527;2962;242932;145904;43.3;26.0
84;2021-06-17;2994;3481;245926;149385;43.8;26.6
84;2021-06-18;2424;3555;248350;152940;44.3;27.3
84;2021-06-19;1287;1552;249637;154492;44.5;27.5
84;2021-06-20;546;354;250183;154846;44.6;27.6
84;2021-06-21;1570;3135;251753;157981;44.9;28.2
84;2021-06-22;2163;4011;253916;161992;45.3;28.9
84;2021-06-23;2117;3310;256033;165302;45.6;29.5
84;2021-06-24;2201;3483;258234;168785;46.0;30.1
84;2021-06-25;1836;3889;260070;172674;46.4;30.8
84;2021-06-26;1133;1818;261203;174492;46.6;31.1
84;2021-06-27;297;345;261500;174837;46.6;31.2
84;2021-06-28;1207;3224;262707;178061;46.8;31.7
84;2021-06-29;1477;4051;264184;182112;47.1;32.5
84;2021-06-30;1716;3969;265900;186081;47.4;33.2
84;2021-07-01;1819;3957;267719;190038;47.7;33.9
84;2021-07-02;1764;3900;269483;193938;48.0;34.6
84;2021-07-03;1102;2030;270585;195968;48.2;34.9
84;2021-07-04;395;417;270980;196385;48.3;35.0
84;2021-07-05;1550;3540;272530;199925;48.6;35.6
84;2021-07-06;1638;4165;274168;204090;48.9;36.4
84;2021-07-07;1676;3103;275844;207193;49.2;36.9
84;2021-07-08;2158;3743;278002;210936;49.6;37.6
84;2021-07-09;1874;3970;279876;214906;49.9;38.3
84;2021-07-10;1253;2162;281129;217068;50.1;38.7
84;2021-07-11;354;300;281483;217368;50.2;38.7
84;2021-07-12;1409;3836;282892;221204;50.4;39.4
84;2021-07-13;2334;5010;285226;226214;50.8;40.3
84;2021-07-14;1885;1249;287111;227463;51.2;40.5
84;2021-07-15;2708;4561;289819;232024;51.7;41.4
84;2021-07-16;2778;4605;292597;236629;52.2;42.2
84;2021-07-17;1588;2449;294185;239078;52.4;42.6
84;2021-07-18;1017;552;295202;239630;52.6;42.7
84;2021-07-19;2416;3746;297618;243376;53.1;43.4
84;2021-07-20;2954;4168;300572;247544;53.6;44.1
84;2021-07-21;3187;3654;303759;251198;54.1;44.8
84;2021-07-22;3777;3791;307536;254989;54.8;45.5
84;2021-07-23;3520;3681;311056;258670;55.4;46.1
84;2021-07-24;1470;2249;312526;260919;55.7;46.5
84;2021-07-25;1033;513;313559;261432;55.9;46.6
84;2021-07-26;2725;3040;316284;264472;56.4;47.1
84;2021-07-27;3443;3569;319727;268041;57.0;47.8
84;2021-07-28;3866;3308;323593;271349;57.7;48.4
84;2021-07-29;4224;3162;327817;274511;58.4;48.9
84;2021-07-30;4027;3330;331844;277841;59.2;49.5
84;2021-07-31;2000;1694;333844;279535;59.5;49.8
84;2021-08-01;819;437;334663;279972;59.7;49.9
84;2021-08-02;2993;2696;337656;282668;60.2;50.4
84;2021-08-03;4108;2797;341764;285465;60.9;50.9
84;2021-08-04;3919;2614;345683;288079;61.6;51.4
84;2021-08-05;3888;2589;349571;290668;62.3;51.8
84;2021-08-06;3695;2868;353266;293536;63.0;52.3
84;2021-08-07;2078;1746;355344;295282;63.3;52.6
84;2021-08-08;386;735;355730;296017;63.4;52.8
84;2021-08-09;2940;2604;358670;298621;63.9;53.2
84;2021-08-10;3748;2957;362418;301578;64.6;53.8
84;2021-08-11;3269;2677;365687;304255;65.2;54.2
84;2021-08-12;3173;2976;368860;307231;65.8;54.8
84;2021-08-13;2924;2702;371784;309933;66.3;55.2
84;2021-08-14;1736;1747;373520;311680;66.6;55.6
84;2021-08-15;314;227;373834;311907;66.6;55.6
84;2021-08-16;2452;3086;376286;314993;67.1;56.1
84;2021-08-17;2736;3260;379022;318253;67.6;56.7
84;2021-08-18;2418;2800;381440;321053;68.0;57.2
84;2021-08-19;2278;3120;383718;324173;68.4;57.8
84;2021-08-20;2199;3307;385917;327480;68.8;58.4
84;2021-08-21;1228;1886;387145;329366;69.0;58.7
84;2021-08-22;167;738;387312;330104;69.0;58.8
84;2021-08-23;1776;3298;389088;333402;69.4;59.4
84;2021-08-24;1924;3468;391012;336870;69.7;60.0
84;2021-08-25;1845;3352;392857;340222;70.0;60.6
84;2021-08-26;1640;3628;394497;343850;70.3;61.3
84;2021-08-27;1631;3815;396128;347665;70.6;62.0
84;2021-08-28;921;2181;397049;349846;70.8;62.4
84;2021-08-29;174;607;397223;350453;70.8;62.5
84;2021-08-30;1391;3226;398614;353679;71.1;63.0
84;2021-08-31;1366;4079;399980;357758;71.3;63.8
84;2021-09-01;1251;3460;401231;361218;71.5;64.4
84;2021-09-02;1210;2949;402441;364167;71.7;64.9
84;2021-09-03;1282;3364;403723;367531;72.0;65.5
84;2021-09-04;779;2103;404502;369634;72.1;65.9
84;2021-09-05;127;467;404629;370101;72.1;66.0
84;2021-09-06;816;2229;405445;372330;72.3;66.4
84;2021-09-07;1027;2420;406472;374750;72.5;66.8
84;2021-09-08;912;2680;407384;377430;72.6;67.3
84;2021-09-09;888;2064;408272;379494;72.8;67.6
84;2021-09-10;942;2583;409214;382077;72.9;68.1
84;2021-09-11;586;1797;409800;383874;73.0;68.4
84;2021-09-12;117;301;409917;384175;73.1;68.5
84;2021-09-13;702;1516;410619;385691;73.2;68.8
84;2021-09-14;817;1500;411436;387191;73.3;69.0
84;2021-09-15;825;1934;412261;389125;73.5;69.4
84;2021-09-16;609;1337;412870;390462;73.6;69.6
84;2021-09-17;616;1613;413486;392075;73.7;69.9
84;2021-09-18;516;1497;414002;393572;73.8;70.2
84;2021-09-19;46;177;414048;393749;73.8;70.2
84;2021-09-20;327;891;414375;394640;73.9;70.3
84;2021-09-21;363;1114;414738;395754;73.9;70.5
84;2021-09-22;419;1589;415157;397343;74.0;70.8
84;2021-09-23;398;1116;415555;398459;74.1;71.0
84;2021-09-24;396;1250;415951;399709;74.1;71.2
84;2021-09-25;323;1246;416274;400955;74.2;71.5
84;2021-09-26;53;142;416327;401097;74.2;71.5
84;2021-09-27;313;787;416640;401884;74.3;71.6
84;2021-09-28;310;756;416950;402640;74.3;71.8
84;2021-09-29;350;1221;417300;403861;74.4;72.0
84;2021-09-30;372;919;417672;404780;74.5;72.2
84;2021-10-01;439;852;418111;405632;74.5;72.3
84;2021-10-02;247;753;418358;406385;74.6;72.4
84;2021-10-03;37;94;418395;406479;74.6;72.5
84;2021-10-04;297;549;418692;407028;74.6;72.6
84;2021-10-05;331;524;419023;407552;74.7;72.6
84;2021-10-06;345;823;419368;408375;74.8;72.8
84;2021-10-07;352;661;419720;409036;74.8;72.9
84;2021-10-08;413;774;420133;409810;74.9;73.1
84;2021-10-09;222;631;420355;410441;74.9;73.2
84;2021-10-10;25;83;420380;410524;74.9;73.2
85;2020-12-27;1;0;1;0;0.0;0.0
85;2020-12-28;0;0;1;0;0.0;0.0
85;2020-12-29;0;0;1;0;0.0;0.0
85;2020-12-30;0;0;1;0;0.0;0.0
85;2020-12-31;0;0;1;0;0.0;0.0
85;2021-01-01;0;0;1;0;0.0;0.0
85;2021-01-02;0;0;1;0;0.0;0.0
85;2021-01-03;1;0;2;0;0.0;0.0
85;2021-01-04;26;0;28;0;0.0;0.0
85;2021-01-05;62;0;90;0;0.0;0.0
85;2021-01-06;107;1;197;1;0.0;0.0
85;2021-01-07;203;0;400;1;0.1;0.0
85;2021-01-08;293;2;693;3;0.1;0.0
85;2021-01-09;288;1;981;4;0.1;0.0
85;2021-01-10;59;0;1040;4;0.2;0.0
85;2021-01-11;453;0;1493;4;0.2;0.0
85;2021-01-12;584;2;2077;6;0.3;0.0
85;2021-01-13;545;2;2622;8;0.4;0.0
85;2021-01-14;685;5;3307;13;0.5;0.0
85;2021-01-15;439;3;3746;16;0.5;0.0
85;2021-01-16;263;3;4009;19;0.6;0.0
85;2021-01-17;37;0;4046;19;0.6;0.0
85;2021-01-18;999;3;5045;22;0.7;0.0
85;2021-01-19;1429;17;6474;39;0.9;0.0
85;2021-01-20;1891;5;8365;44;1.2;0.0
85;2021-01-21;3221;13;11586;57;1.7;0.0
85;2021-01-22;1700;22;13286;79;1.9;0.0
85;2021-01-23;466;1;13752;80;2.0;0.0
85;2021-01-24;50;0;13802;80;2.0;0.0
85;2021-01-25;577;1;14379;81;2.1;0.0
85;2021-01-26;878;34;15257;115;2.2;0.0
85;2021-01-27;1809;34;17066;149;2.5;0.0
85;2021-01-28;1637;45;18703;194;2.7;0.0
85;2021-01-29;875;64;19578;258;2.9;0.0
85;2021-01-30;149;5;19727;263;2.9;0.0
85;2021-01-31;2;45;19729;308;2.9;0.0
85;2021-02-01;484;103;20213;411;3.0;0.1
85;2021-02-02;535;174;20748;585;3.0;0.1
85;2021-02-03;415;259;21163;844;3.1;0.1
85;2021-02-04;623;266;21786;1110;3.2;0.2
85;2021-02-05;624;264;22410;1374;3.3;0.2
85;2021-02-06;157;244;22567;1618;3.3;0.2
85;2021-02-07;1;0;22568;1618;3.3;0.2
85;2021-02-08;390;650;22958;2268;3.4;0.3
85;2021-02-09;663;1059;23621;3327;3.5;0.5
85;2021-02-10;583;1126;24204;4453;3.5;0.7
85;2021-02-11;1524;3040;25728;7493;3.8;1.1
85;2021-02-12;1015;1264;26743;8757;3.9;1.3
85;2021-02-13;251;501;26994;9258;4.0;1.4
85;2021-02-14;2;131;26996;9389;4.0;1.4
85;2021-02-15;336;807;27332;10196;4.0;1.5
85;2021-02-16;569;1180;27901;11376;4.1;1.7
85;2021-02-17;784;1576;28685;12952;4.2;1.9
85;2021-02-18;1277;1940;29962;14892;4.4;2.2
85;2021-02-19;956;1208;30918;16100;4.5;2.4
85;2021-02-20;174;260;31092;16360;4.6;2.4
85;2021-02-21;1;11;31093;16371;4.6;2.4
85;2021-02-22;815;886;31908;17257;4.7;2.5
85;2021-02-23;826;490;32734;17747;4.8;2.6
85;2021-02-24;757;312;33491;18059;4.9;2.6
85;2021-02-25;1336;401;34827;18460;5.1;2.7
85;2021-02-26;1229;332;36056;18792;5.3;2.8
85;2021-02-27;402;103;36458;18895;5.3;2.8
85;2021-02-28;7;1;36465;18896;5.3;2.8
85;2021-03-01;766;428;37231;19324;5.4;2.8
85;2021-03-02;1100;793;38331;20117;5.6;2.9
85;2021-03-03;844;516;39175;20633;5.7;3.0
85;2021-03-04;1577;1177;40752;21810;6.0;3.2
85;2021-03-05;1741;852;42493;22662;6.2;3.3
85;2021-03-06;1227;133;43720;22795;6.4;3.3
85;2021-03-07;333;36;44053;22831;6.4;3.3
85;2021-03-08;1741;466;45794;23297;6.7;3.4
85;2021-03-09;2239;581;48033;23878;7.0;3.5
85;2021-03-10;1862;652;49895;24530;7.3;3.6
85;2021-03-11;3118;1102;53013;25632;7.8;3.8
85;2021-03-12;2730;873;55743;26505;8.2;3.9
85;2021-03-13;1372;167;57115;26672;8.4;3.9
85;2021-03-14;182;3;57297;26675;8.4;3.9
85;2021-03-15;1919;519;59216;27194;8.7;4.0
85;2021-03-16;1631;523;60847;27717;8.9;4.1
85;2021-03-17;980;528;61827;28245;9.0;4.1
85;2021-03-18;1905;459;63732;28704;9.3;4.2
85;2021-03-19;2198;375;65930;29079;9.7;4.3
85;2021-03-20;1069;179;66999;29258;9.8;4.3
85;2021-03-21;272;5;67271;29263;9.8;4.3
85;2021-03-22;1764;561;69035;29824;10.1;4.4
85;2021-03-23;2420;741;71455;30565;10.5;4.5
85;2021-03-24;2206;532;73661;31097;10.8;4.6
85;2021-03-25;3649;600;77310;31697;11.3;4.6
85;2021-03-26;3357;655;80667;32352;11.8;4.7
85;2021-03-27;1729;124;82396;32476;12.1;4.8
85;2021-03-28;540;6;82936;32482;12.1;4.8
85;2021-03-29;2414;765;85350;33247;12.5;4.9
85;2021-03-30;2866;1028;88216;34275;12.9;5.0
85;2021-03-31;2199;680;90415;34955;13.2;5.1
85;2021-04-01;3880;922;94295;35877;13.8;5.3
85;2021-04-02;2711;1113;97006;36990;14.2;5.4
85;2021-04-03;1411;323;98417;37313;14.4;5.5
85;2021-04-04;324;29;98741;37342;14.5;5.5
85;2021-04-05;104;175;98845;37517;14.5;5.5
85;2021-04-06;2196;1598;101041;39115;14.8;5.7
85;2021-04-07;3093;1197;104134;40312;15.2;5.9
85;2021-04-08;4544;1612;108678;41924;15.9;6.1
85;2021-04-09;4604;1237;113282;43161;16.6;6.3
85;2021-04-10;1866;401;115148;43562;16.9;6.4
85;2021-04-11;27;10;115175;43572;16.9;6.4
85;2021-04-12;4284;1496;119459;45068;17.5;6.6
85;2021-04-13;4837;1885;124296;46953;18.2;6.9
85;2021-04-14;3960;1016;128256;47969;18.8;7.0
85;2021-04-15;5517;1746;133773;49715;19.6;7.3
85;2021-04-16;5240;1547;139013;51262;20.3;7.5
85;2021-04-17;1382;436;140395;51698;20.6;7.6
85;2021-04-18;351;12;140746;51710;20.6;7.6
85;2021-04-19;3368;1705;144114;53415;21.1;7.8
85;2021-04-20;3694;1930;147808;55345;21.6;8.1
85;2021-04-21;2693;1695;150501;57040;22.0;8.3
85;2021-04-22;3805;2238;154306;59278;22.6;8.7
85;2021-04-23;3903;2096;158209;61374;23.2;9.0
85;2021-04-24;1663;1535;159872;62909;23.4;9.2
85;2021-04-25;981;565;160853;63474;23.5;9.3
85;2021-04-26;3589;2357;164442;65831;24.1;9.6
85;2021-04-27;4392;2169;168834;68000;24.7;10.0
85;2021-04-28;5747;1262;174581;69262;25.6;10.1
85;2021-04-29;5635;2010;180216;71272;26.4;10.4
85;2021-04-30;5573;1678;185789;72950;27.2;10.7
85;2021-05-01;1736;638;187525;73588;27.4;10.8
85;2021-05-02;873;471;188398;74059;27.6;10.8
85;2021-05-03;3494;2389;191892;76448;28.1;11.2
85;2021-05-04;3487;3088;195379;79536;28.6;11.6
85;2021-05-05;4532;2170;199911;81706;29.3;12.0
85;2021-05-06;4922;2605;204833;84311;30.0;12.3
85;2021-05-07;3933;3861;208766;88172;30.6;12.9
85;2021-05-08;2246;232;211012;88404;30.9;12.9
85;2021-05-09;1507;183;212519;88587;31.1;13.0
85;2021-05-10;3209;4925;215728;93512;31.6;13.7
85;2021-05-11;4027;4973;219755;98485;32.2;14.4
85;2021-05-12;5019;3936;224774;102421;32.9;15.0
85;2021-05-13;5144;614;229918;103035;33.7;15.1
85;2021-05-14;4356;3167;234274;106202;34.3;15.5
85;2021-05-15;2325;776;236599;106978;34.6;15.7
85;2021-05-16;2212;162;238811;107140;35.0;15.7
85;2021-05-17;4145;3376;242956;110516;35.6;16.2
85;2021-05-18;5215;2854;248171;113370;36.3;16.6
85;2021-05-19;6493;1771;254664;115141;37.3;16.9
85;2021-05-20;6773;2177;261437;117318;38.3;17.2
85;2021-05-21;5497;2742;266934;120060;39.1;17.6
85;2021-05-22;2584;754;269518;120814;39.5;17.7
85;2021-05-23;1329;161;270847;120975;39.6;17.7
85;2021-05-24;4572;436;275419;121411;40.3;17.8
85;2021-05-25;4516;3569;279935;124980;41.0;18.3
85;2021-05-26;4945;2680;284880;127660;41.7;18.7
85;2021-05-27;4959;3695;289839;131355;42.4;19.2
85;2021-05-28;5252;4064;295091;135419;43.2;19.8
85;2021-05-29;3962;1533;299053;136952;43.8;20.0
85;2021-05-30;1291;126;300344;137078;44.0;20.1
85;2021-05-31;4689;3382;305033;140460;44.6;20.6
85;2021-06-01;5405;3400;310438;143860;45.4;21.1
85;2021-06-02;5554;2522;315992;146382;46.3;21.4
85;2021-06-03;5915;3235;321907;149617;47.1;21.9
85;2021-06-04;5837;3823;327744;153440;48.0;22.5
85;2021-06-05;2848;1939;330592;155379;48.4;22.7
85;2021-06-06;1511;804;332103;156183;48.6;22.9
85;2021-06-07;3236;4860;335339;161043;49.1;23.6
85;2021-06-08;4090;4529;339429;165572;49.7;24.2
85;2021-06-09;4844;3516;344273;169088;50.4;24.7
85;2021-06-10;5199;3703;349472;172791;51.2;25.3
85;2021-06-11;4506;4664;353978;177455;51.8;26.0
85;2021-06-12;1491;1800;355469;179255;52.0;26.2
85;2021-06-13;1219;672;356688;179927;52.2;26.3
85;2021-06-14;2682;5094;359370;185021;52.6;27.1
85;2021-06-15;3715;4935;363085;189956;53.1;27.8
85;2021-06-16;4083;3908;367168;193864;53.7;28.4
85;2021-06-17;3939;3902;371107;197766;54.3;28.9
85;2021-06-18;3625;5685;374732;203451;54.9;29.8
85;2021-06-19;1213;2030;375945;205481;55.0;30.1
85;2021-06-20;140;520;376085;206001;55.0;30.2
85;2021-06-21;2375;5811;378460;211812;55.4;31.0
85;2021-06-22;2849;5733;381309;217545;55.8;31.8
85;2021-06-23;3390;4499;384699;222044;56.3;32.5
85;2021-06-24;3642;4562;388341;226606;56.8;33.2
85;2021-06-25;2289;6181;390630;232787;57.2;34.1
85;2021-06-26;791;3757;391421;236544;57.3;34.6
85;2021-06-27;125;1369;391546;237913;57.3;34.8
85;2021-06-28;1186;6713;392732;244626;57.5;35.8
85;2021-06-29;1757;6876;394489;251502;57.7;36.8
85;2021-06-30;2212;6208;396701;257710;58.1;37.7
85;2021-07-01;2842;6056;399543;263766;58.5;38.6
85;2021-07-02;2268;7015;401811;270781;58.8;39.6
85;2021-07-03;618;3165;402429;273946;58.9;40.1
85;2021-07-04;145;1086;402574;275032;58.9;40.3
85;2021-07-05;1064;6649;403638;281681;59.1;41.2
85;2021-07-06;1582;6455;405220;288136;59.3;42.2
85;2021-07-07;1649;5864;406869;294000;59.6;43.0
85;2021-07-08;2164;5439;409033;299439;59.9;43.8
85;2021-07-09;1646;7096;410679;306535;60.1;44.9
85;2021-07-10;566;2835;411245;309370;60.2;45.3
85;2021-07-11;529;1287;411774;310657;60.3;45.5
85;2021-07-12;1408;7046;413182;317703;60.5;46.5
85;2021-07-13;2059;7388;415241;325091;60.8;47.6
85;2021-07-14;1451;2047;416692;327138;61.0;47.9
85;2021-07-15;2681;6943;419373;334081;61.4;48.9
85;2021-07-16;3432;6835;422805;340916;61.9;49.9
85;2021-07-17;1565;2153;424370;343069;62.1;50.2
85;2021-07-18;1150;1154;425520;344223;62.3;50.4
85;2021-07-19;3559;6229;429079;350452;62.8;51.3
85;2021-07-20;4300;6214;433379;356666;63.4;52.2
85;2021-07-21;3996;6199;437375;362865;64.0;53.1
85;2021-07-22;3908;6189;441283;369054;64.6;54.0
85;2021-07-23;4534;6707;445817;375761;65.3;55.0
85;2021-07-24;1045;2296;446862;378057;65.4;55.3
85;2021-07-25;491;303;447353;378360;65.5;55.4
85;2021-07-26;4514;5362;451867;383722;66.1;56.2
85;2021-07-27;5321;5396;457188;389118;66.9;57.0
85;2021-07-28;4962;4972;462150;394090;67.6;57.7
85;2021-07-29;5879;4736;468029;398826;68.5;58.4
85;2021-07-30;6028;4953;474057;403779;69.4;59.1
85;2021-07-31;1226;1577;475283;405356;69.6;59.3
85;2021-08-01;470;195;475753;405551;69.6;59.4
85;2021-08-02;4950;3954;480703;409505;70.4;59.9
85;2021-08-03;6523;3355;487226;412860;71.3;60.4
85;2021-08-04;6631;3425;493857;416285;72.3;60.9
85;2021-08-05;6200;3604;500057;419889;73.2;61.5
85;2021-08-06;5810;4515;505867;424404;74.0;62.1
85;2021-08-07;1505;1179;507372;425583;74.3;62.3
85;2021-08-08;332;232;507704;425815;74.3;62.3
85;2021-08-09;4154;3275;511858;429090;74.9;62.8
85;2021-08-10;4830;3420;516688;432510;75.6;63.3
85;2021-08-11;4673;4218;521361;436728;76.3;63.9
85;2021-08-12;4473;4298;525834;441026;77.0;64.6
85;2021-08-13;3898;3648;529732;444674;77.5;65.1
85;2021-08-14;1028;1088;530760;445762;77.7;65.2
85;2021-08-15;160;237;530920;445999;77.7;65.3
85;2021-08-16;2843;4775;533763;450774;78.1;66.0
85;2021-08-17;2977;4359;536740;455133;78.6;66.6
85;2021-08-18;3154;4107;539894;459240;79.0;67.2
85;2021-08-19;2730;4279;542624;463519;79.4;67.8
85;2021-08-20;2481;5229;545105;468748;79.8;68.6
85;2021-08-21;703;1398;545808;470146;79.9;68.8
85;2021-08-22;344;1019;546152;471165;79.9;69.0
85;2021-08-23;1873;5373;548025;476538;80.2;69.8
85;2021-08-24;1825;4873;549850;481411;80.5;70.5
85;2021-08-25;1648;4834;551498;486245;80.7;71.2
85;2021-08-26;1542;4765;553040;491010;81.0;71.9
85;2021-08-27;1703;5519;554743;496529;81.2;72.7
85;2021-08-28;573;1348;555316;497877;81.3;72.9
85;2021-08-29;128;989;555444;498866;81.3;73.0
85;2021-08-30;1121;4911;556565;503777;81.5;73.7
85;2021-08-31;1132;5361;557697;509138;81.6;74.5
85;2021-09-01;1138;4992;558835;514130;81.8;75.3
85;2021-09-02;993;4146;559828;518276;81.9;75.9
85;2021-09-03;1245;4232;561073;522508;82.1;76.5
85;2021-09-04;370;1294;561443;523802;82.2;76.7
85;2021-09-05;42;168;561485;523970;82.2;76.7
85;2021-09-06;851;3389;562336;527359;82.3;77.2
85;2021-09-07;843;2866;563179;530225;82.4;77.6
85;2021-09-08;869;3377;564048;533602;82.6;78.1
85;2021-09-09;651;2541;564699;536143;82.7;78.5
85;2021-09-10;794;3305;565493;539448;82.8;79.0
85;2021-09-11;243;1303;565736;540751;82.8;79.2
85;2021-09-12;17;34;565753;540785;82.8;79.2
85;2021-09-13;546;2120;566299;542905;82.9;79.5
85;2021-09-14;548;1631;566847;544536;83.0;79.7
85;2021-09-15;610;2529;567457;547065;83.1;80.1
85;2021-09-16;400;1363;567857;548428;83.1;80.3
85;2021-09-17;737;2387;568594;550815;83.2;80.6
85;2021-09-18;190;918;568784;551733;83.3;80.8
85;2021-09-19;5;22;568789;551755;83.3;80.8
85;2021-09-20;352;1355;569141;553110;83.3;81.0
85;2021-09-21;429;1069;569570;554179;83.4;81.1
85;2021-09-22;434;1903;570004;556082;83.4;81.4
85;2021-09-23;810;983;570814;557065;83.6;81.5
85;2021-09-24;591;1929;571405;558994;83.6;81.8
85;2021-09-25;153;882;571558;559876;83.7;82.0
85;2021-09-26;0;12;571558;559888;83.7;82.0
85;2021-09-27;364;929;571922;560817;83.7;82.1
85;2021-09-28;231;565;572153;561382;83.7;82.2
85;2021-09-29;396;1288;572549;562670;83.8;82.4
85;2021-09-30;366;800;572915;563470;83.9;82.5
85;2021-10-01;422;921;573337;564391;83.9;82.6
85;2021-10-02;179;508;573516;564899;83.9;82.7
85;2021-10-03;4;12;573520;564911;83.9;82.7
85;2021-10-04;199;683;573719;565594;84.0;82.8
85;2021-10-05;294;429;574013;566023;84.0;82.9
85;2021-10-06;359;866;574372;566889;84.1;83.0
85;2021-10-07;238;392;574610;567281;84.1;83.0
85;2021-10-08;337;1018;574947;568299;84.2;83.2
85;2021-10-09;104;309;575051;568608;84.2;83.2
85;2021-10-10;14;8;575065;568616;84.2;83.2
86;2020-12-27;0;0;0;0;0.0;0.0
86;2020-12-28;2;0;2;0;0.0;0.0
86;2020-12-29;1;0;3;0;0.0;0.0
86;2020-12-30;0;0;3;0;0.0;0.0
86;2020-12-31;0;0;3;0;0.0;0.0
86;2021-01-01;0;0;3;0;0.0;0.0
86;2021-01-02;1;0;4;0;0.0;0.0
86;2021-01-03;2;0;6;0;0.0;0.0
86;2021-01-04;0;0;6;0;0.0;0.0
86;2021-01-05;1;0;7;0;0.0;0.0
86;2021-01-06;178;1;185;1;0.0;0.0
86;2021-01-07;672;0;857;1;0.2;0.0
86;2021-01-08;609;3;1466;4;0.3;0.0
86;2021-01-09;0;0;1466;4;0.3;0.0
86;2021-01-10;173;0;1639;4;0.4;0.0
86;2021-01-11;305;0;1944;4;0.4;0.0
86;2021-01-12;460;1;2404;5;0.5;0.0
86;2021-01-13;337;1;2741;6;0.6;0.0
86;2021-01-14;552;1;3293;7;0.8;0.0
86;2021-01-15;544;3;3837;10;0.9;0.0
86;2021-01-16;2;0;3839;10;0.9;0.0
86;2021-01-17;0;0;3839;10;0.9;0.0
86;2021-01-18;564;0;4403;10;1.0;0.0
86;2021-01-19;1918;1;6321;11;1.4;0.0
86;2021-01-20;1464;27;7785;38;1.8;0.0
86;2021-01-21;1291;2;9076;40;2.1;0.0
86;2021-01-22;836;1;9912;41;2.3;0.0
86;2021-01-23;314;2;10226;43;2.3;0.0
86;2021-01-24;0;0;10226;43;2.3;0.0
86;2021-01-25;586;109;10812;152;2.5;0.0
86;2021-01-26;751;124;11563;276;2.6;0.1
86;2021-01-27;765;156;12328;432;2.8;0.1
86;2021-01-28;1055;426;13383;858;3.1;0.2
86;2021-01-29;880;217;14263;1075;3.3;0.2
86;2021-01-30;276;103;14539;1178;3.3;0.3
86;2021-01-31;57;157;14596;1335;3.3;0.3
86;2021-02-01;434;209;15030;1544;3.4;0.4
86;2021-02-02;573;385;15603;1929;3.6;0.4
86;2021-02-03;525;224;16128;2153;3.7;0.5
86;2021-02-04;479;366;16607;2519;3.8;0.6
86;2021-02-05;437;739;17044;3258;3.9;0.7
86;2021-02-06;148;204;17192;3462;3.9;0.8
86;2021-02-07;120;8;17312;3470;4.0;0.8
86;2021-02-08;362;327;17674;3797;4.0;0.9
86;2021-02-09;755;1121;18429;4918;4.2;1.1
86;2021-02-10;972;939;19401;5857;4.4;1.3
86;2021-02-11;1009;977;20410;6834;4.7;1.6
86;2021-02-12;746;381;21156;7215;4.8;1.6
86;2021-02-13;193;96;21349;7311;4.9;1.7
86;2021-02-14;1;34;21350;7345;4.9;1.7
86;2021-02-15;243;507;21593;7852;4.9;1.8
86;2021-02-16;384;865;21977;8717;5.0;2.0
86;2021-02-17;453;894;22430;9611;5.1;2.2
86;2021-02-18;422;871;22852;10482;5.2;2.4
86;2021-02-19;602;640;23454;11122;5.4;2.5
86;2021-02-20;115;176;23569;11298;5.4;2.6
86;2021-02-21;1;0;23570;11298;5.4;2.6
86;2021-02-22;241;426;23811;11724;5.4;2.7
86;2021-02-23;369;603;24180;12327;5.5;2.8
86;2021-02-24;410;584;24590;12911;5.6;3.0
86;2021-02-25;903;668;25493;13579;5.8;3.1
86;2021-02-26;1029;538;26522;14117;6.1;3.2
86;2021-02-27;460;150;26982;14267;6.2;3.3
86;2021-02-28;3;2;26985;14269;6.2;3.3
86;2021-03-01;232;526;27217;14795;6.2;3.4
86;2021-03-02;1142;853;28359;15648;6.5;3.6
86;2021-03-03;794;632;29153;16280;6.7;3.7
86;2021-03-04;1496;633;30649;16913;7.0;3.9
86;2021-03-05;1577;315;32226;17228;7.4;3.9
86;2021-03-06;995;169;33221;17397;7.6;4.0
86;2021-03-07;371;32;33592;17429;7.7;4.0
86;2021-03-08;473;542;34065;17971;7.8;4.1
86;2021-03-09;1368;533;35433;18504;8.1;4.2
86;2021-03-10;949;612;36382;19116;8.3;4.4
86;2021-03-11;1798;481;38180;19597;8.7;4.5
86;2021-03-12;2208;443;40388;20040;9.2;4.6
86;2021-03-13;1444;103;41832;20143;9.6;4.6
86;2021-03-14;133;16;41965;20159;9.6;4.6
86;2021-03-15;784;162;42749;20321;9.8;4.6
86;2021-03-16;847;206;43596;20527;10.0;4.7
86;2021-03-17;786;207;44382;20734;10.1;4.7
86;2021-03-18;1005;104;45387;20838;10.4;4.8
86;2021-03-19;2146;330;47533;21168;10.9;4.8
86;2021-03-20;592;133;48125;21301;11.0;4.9
86;2021-03-21;10;0;48135;21301;11.0;4.9
86;2021-03-22;852;278;48987;21579;11.2;4.9
86;2021-03-23;2017;331;51004;21910;11.7;5.0
86;2021-03-24;1557;291;52561;22201;12.0;5.1
86;2021-03-25;2489;357;55050;22558;12.6;5.2
86;2021-03-26;3044;364;58094;22922;13.3;5.2
86;2021-03-27;733;143;58827;23065;13.4;5.3
86;2021-03-28;5;128;58832;23193;13.5;5.3
86;2021-03-29;1260;391;60092;23584;13.7;5.4
86;2021-03-30;2406;826;62498;24410;14.3;5.6
86;2021-03-31;1511;630;64009;25040;14.6;5.7
86;2021-04-01;2246;949;66255;25989;15.1;5.9
86;2021-04-02;1902;559;68157;26548;15.6;6.1
86;2021-04-03;826;327;68983;26875;15.8;6.1
86;2021-04-04;83;110;69066;26985;15.8;6.2
86;2021-04-05;314;5;69380;26990;15.9;6.2
86;2021-04-06;1531;963;70911;27953;16.2;6.4
86;2021-04-07;1633;630;72544;28583;16.6;6.5
86;2021-04-08;2569;764;75113;29347;17.2;6.7
86;2021-04-09;3250;657;78363;30004;17.9;6.9
86;2021-04-10;1662;196;80025;30200;18.3;6.9
86;2021-04-11;442;11;80467;30211;18.4;6.9
86;2021-04-12;820;766;81287;30977;18.6;7.1
86;2021-04-13;2454;941;83741;31918;19.1;7.3
86;2021-04-14;1870;883;85611;32801;19.6;7.5
86;2021-04-15;2276;732;87887;33533;20.1;7.7
86;2021-04-16;2471;1232;90358;34765;20.7;7.9
86;2021-04-17;1040;264;91398;35029;20.9;8.0
86;2021-04-18;119;4;91517;35033;20.9;8.0
86;2021-04-19;745;799;92262;35832;21.1;8.2
86;2021-04-20;2301;1508;94563;37340;21.6;8.5
86;2021-04-21;2108;1128;96671;38468;22.1;8.8
86;2021-04-22;2329;1447;99000;39915;22.6;9.1
86;2021-04-23;2392;1579;101392;41494;23.2;9.5
86;2021-04-24;1299;512;102691;42006;23.5;9.6
86;2021-04-25;825;28;103516;42034;23.7;9.6
86;2021-04-26;2080;895;105596;42929;24.1;9.8
86;2021-04-27;3155;1672;108751;44601;24.9;10.2
86;2021-04-28;3002;1522;111753;46123;25.5;10.5
86;2021-04-29;3558;1835;115311;47958;26.4;11.0
86;2021-04-30;2969;1488;118280;49446;27.0;11.3
86;2021-05-01;1580;200;119860;49646;27.4;11.4
86;2021-05-02;1279;45;121139;49691;27.7;11.4
86;2021-05-03;2563;1009;123702;50700;28.3;11.6
86;2021-05-04;3508;1903;127210;52603;29.1;12.0
86;2021-05-05;3989;1488;131199;54091;30.0;12.4
86;2021-05-06;4289;1658;135488;55749;31.0;12.7
86;2021-05-07;4043;1830;139531;57579;31.9;13.2
86;2021-05-08;1976;399;141507;57978;32.4;13.3
86;2021-05-09;1642;203;143149;58181;32.7;13.3
86;2021-05-10;1958;1176;145107;59357;33.2;13.6
86;2021-05-11;3603;2688;148710;62045;34.0;14.2
86;2021-05-12;2252;1649;150962;63694;34.5;14.6
86;2021-05-13;1687;299;152649;63993;34.9;14.6
86;2021-05-14;2097;789;154746;64782;35.4;14.8
86;2021-05-15;1466;503;156212;65285;35.7;14.9
86;2021-05-16;778;164;156990;65449;35.9;15.0
86;2021-05-17;3218;1060;160208;66509;36.6;15.2
86;2021-05-18;4305;1665;164513;68174;37.6;15.6
86;2021-05-19;3587;1438;168100;69612;38.4;15.9
86;2021-05-20;4370;1625;172470;71237;39.4;16.3
86;2021-05-21;3438;1772;175908;73009;40.2;16.7
86;2021-05-22;2076;665;177984;73674;40.7;16.8
86;2021-05-23;1437;183;179421;73857;41.0;16.9
86;2021-05-24;1845;204;181266;74061;41.4;16.9
86;2021-05-25;2851;1640;184117;75701;42.1;17.3
86;2021-05-26;2725;1530;186842;77231;42.7;17.7
86;2021-05-27;3546;1851;190388;79082;43.5;18.1
86;2021-05-28;2164;2539;192552;81621;44.0;18.7
86;2021-05-29;1527;1286;194079;82907;44.4;19.0
86;2021-05-30;934;133;195013;83040;44.6;19.0
86;2021-05-31;1922;1820;196935;84860;45.0;19.4
86;2021-06-01;2665;2588;199600;87448;45.6;20.0
86;2021-06-02;2306;2664;201906;90112;46.2;20.6
86;2021-06-03;3337;2414;205243;92526;46.9;21.2
86;2021-06-04;2237;2860;207480;95386;47.4;21.8
86;2021-06-05;1503;1583;208983;96969;47.8;22.2
86;2021-06-06;820;900;209803;97869;48.0;22.4
86;2021-06-07;1119;2464;210922;100333;48.2;22.9
86;2021-06-08;1990;3698;212912;104031;48.7;23.8
86;2021-06-09;1901;3319;214813;107350;49.1;24.5
86;2021-06-10;2349;3240;217162;110590;49.6;25.3
86;2021-06-11;1517;2796;218679;113386;50.0;25.9
86;2021-06-12;746;2244;219425;115630;50.2;26.4
86;2021-06-13;214;1477;219639;117107;50.2;26.8
86;2021-06-14;1158;2902;220797;120009;50.5;27.4
86;2021-06-15;1690;4260;222487;124269;50.9;28.4
86;2021-06-16;1808;3136;224295;127405;51.3;29.1
86;2021-06-17;1777;4445;226072;131850;51.7;30.1
86;2021-06-18;1882;4586;227954;136436;52.1;31.2
86;2021-06-19;636;2097;228590;138533;52.3;31.7
86;2021-06-20;172;1319;228762;139852;52.3;32.0
86;2021-06-21;1105;2236;229867;142088;52.6;32.5
86;2021-06-22;1298;3459;231165;145547;52.9;33.3
86;2021-06-23;1364;2403;232529;147950;53.2;33.8
86;2021-06-24;1590;2725;234119;150675;53.5;34.4
86;2021-06-25;1192;3546;235311;154221;53.8;35.3
86;2021-06-26;391;2651;235702;156872;53.9;35.9
86;2021-06-27;138;1633;235840;158505;53.9;36.2
86;2021-06-28;270;3338;236110;161843;54.0;37.0
86;2021-06-29;858;4604;236968;166447;54.2;38.1
86;2021-06-30;1051;2974;238019;169421;54.4;38.7
86;2021-07-01;1549;3004;239568;172425;54.8;39.4
86;2021-07-02;1111;3643;240679;176068;55.0;40.3
86;2021-07-03;517;2393;241196;178461;55.1;40.8
86;2021-07-04;115;1346;241311;179807;55.2;41.1
86;2021-07-05;472;2833;241783;182640;55.3;41.8
86;2021-07-06;988;4108;242771;186748;55.5;42.7
86;2021-07-07;1260;2627;244031;189375;55.8;43.3
86;2021-07-08;1618;3149;245649;192524;56.2;44.0
86;2021-07-09;1746;3083;247395;195607;56.6;44.7
86;2021-07-10;1304;1954;248699;197561;56.9;45.2
86;2021-07-11;482;839;249181;198400;57.0;45.4
86;2021-07-12;848;2403;250029;200803;57.2;45.9
86;2021-07-13;1780;3369;251809;204172;57.6;46.7
86;2021-07-14;785;1232;252594;205404;57.7;47.0
86;2021-07-15;1882;3292;254476;208696;58.2;47.7
86;2021-07-16;1671;2663;256147;211359;58.6;48.3
86;2021-07-17;1352;1601;257499;212960;58.9;48.7
86;2021-07-18;381;908;257880;213868;59.0;48.9
86;2021-07-19;1377;1887;259257;215755;59.3;49.3
86;2021-07-20;2352;2736;261609;218491;59.8;50.0
86;2021-07-21;2305;2165;263914;220656;60.3;50.4
86;2021-07-22;2903;2801;266817;223457;61.0;51.1
86;2021-07-23;2466;2166;269283;225623;61.6;51.6
86;2021-07-24;1546;1226;270829;226849;61.9;51.9
86;2021-07-25;718;322;271547;227171;62.1;51.9
86;2021-07-26;1588;2103;273135;229274;62.4;52.4
86;2021-07-27;3558;2757;276693;232031;63.3;53.0
86;2021-07-28;3284;2141;279977;234172;64.0;53.5
86;2021-07-29;3266;2547;283243;236719;64.8;54.1
86;2021-07-30;2247;2379;285490;239098;65.3;54.7
86;2021-07-31;1429;1059;286919;240157;65.6;54.9
86;2021-08-01;651;338;287570;240495;65.7;55.0
86;2021-08-02;1944;1679;289514;242174;66.2;55.4
86;2021-08-03;3290;1992;292804;244166;66.9;55.8
86;2021-08-04;2739;1789;295543;245955;67.6;56.2
86;2021-08-05;3571;2057;299114;248012;68.4;56.7
86;2021-08-06;2420;1764;301534;249776;68.9;57.1
86;2021-08-07;1576;997;303110;250773;69.3;57.3
86;2021-08-08;958;553;304068;251326;69.5;57.5
86;2021-08-09;1885;1305;305953;252631;69.9;57.8
86;2021-08-10;2683;1779;308636;254410;70.6;58.2
86;2021-08-11;2366;1436;311002;255846;71.1;58.5
86;2021-08-12;2486;1834;313488;257680;71.7;58.9
86;2021-08-13;1838;1487;315326;259167;72.1;59.3
86;2021-08-14;1331;1153;316657;260320;72.4;59.5
86;2021-08-15;562;623;317219;260943;72.5;59.7
86;2021-08-16;1143;1788;318362;262731;72.8;60.1
86;2021-08-17;1559;2215;319921;264946;73.1;60.6
86;2021-08-18;1266;1861;321187;266807;73.4;61.0
86;2021-08-19;1501;2634;322688;269441;73.8;61.6
86;2021-08-20;1257;2609;323945;272050;74.1;62.2
86;2021-08-21;889;2008;324834;274058;74.3;62.7
86;2021-08-22;350;721;325184;274779;74.3;62.8
86;2021-08-23;724;1824;325908;276603;74.5;63.2
86;2021-08-24;1081;2752;326989;279355;74.8;63.9
86;2021-08-25;935;2064;327924;281419;75.0;64.3
86;2021-08-26;919;2813;328843;284232;75.2;65.0
86;2021-08-27;862;2174;329705;286406;75.4;65.5
86;2021-08-28;555;1775;330260;288181;75.5;65.9
86;2021-08-29;114;828;330374;289009;75.5;66.1
86;2021-08-30;686;2100;331060;291109;75.7;66.6
86;2021-08-31;960;3156;332020;294265;75.9;67.3
86;2021-09-01;570;2583;332590;296848;76.0;67.9
86;2021-09-02;757;2610;333347;299458;76.2;68.5
86;2021-09-03;758;2251;334105;301709;76.4;69.0
86;2021-09-04;366;2127;334471;303836;76.5;69.5
86;2021-09-05;27;909;334498;304745;76.5;69.7
86;2021-09-06;358;1571;334856;306316;76.6;70.0
86;2021-09-07;510;1995;335366;308311;76.7;70.5
86;2021-09-08;566;2109;335932;310420;76.8;71.0
86;2021-09-09;577;1784;336509;312204;76.9;71.4
86;2021-09-10;524;1819;337033;314023;77.1;71.8
86;2021-09-11;358;1832;337391;315855;77.1;72.2
86;2021-09-12;102;764;337493;316619;77.2;72.4
86;2021-09-13;324;984;337817;317603;77.2;72.6
86;2021-09-14;407;1359;338224;318962;77.3;72.9
86;2021-09-15;474;1556;338698;320518;77.4;73.3
86;2021-09-16;437;1011;339135;321529;77.5;73.5
86;2021-09-17;490;1061;339625;322590;77.6;73.8
86;2021-09-18;294;1271;339919;323861;77.7;74.0
86;2021-09-19;85;415;340004;324276;77.7;74.1
86;2021-09-20;223;641;340227;324917;77.8;74.3
86;2021-09-21;266;826;340493;325743;77.8;74.5
86;2021-09-22;337;1185;340830;326928;77.9;74.7
86;2021-09-23;354;581;341184;327509;78.0;74.9
86;2021-09-24;308;841;341492;328350;78.1;75.1
86;2021-09-25;289;1063;341781;329413;78.1;75.3
86;2021-09-26;45;166;341826;329579;78.1;75.3
86;2021-09-27;160;359;341986;329938;78.2;75.4
86;2021-09-28;239;368;342225;330306;78.2;75.5
86;2021-09-29;229;686;342454;330992;78.3;75.7
86;2021-09-30;255;496;342709;331488;78.4;75.8
86;2021-10-01;258;524;342967;332012;78.4;75.9
86;2021-10-02;279;578;343246;332590;78.5;76.0
86;2021-10-03;19;73;343265;332663;78.5;76.1
86;2021-10-04;96;318;343361;332981;78.5;76.1
86;2021-10-05;130;275;343491;333256;78.5;76.2
86;2021-10-06;183;451;343674;333707;78.6;76.3
86;2021-10-07;187;448;343861;334155;78.6;76.4
86;2021-10-08;201;483;344062;334638;78.7;76.5
86;2021-10-09;230;450;344292;335088;78.7;76.6
86;2021-10-10;2;5;344294;335093;78.7;76.6
87;2020-12-27;0;0;0;0;0.0;0.0
87;2020-12-28;3;2;3;2;0.0;0.0
87;2020-12-29;0;0;3;2;0.0;0.0
87;2020-12-30;0;0;3;2;0.0;0.0
87;2020-12-31;0;0;3;2;0.0;0.0
87;2021-01-01;0;0;3;2;0.0;0.0
87;2021-01-02;0;0;3;2;0.0;0.0
87;2021-01-03;0;0;3;2;0.0;0.0
87;2021-01-04;2;1;5;3;0.0;0.0
87;2021-01-05;1;0;6;3;0.0;0.0
87;2021-01-06;10;0;16;3;0.0;0.0
87;2021-01-07;301;1;317;4;0.1;0.0
87;2021-01-08;407;0;724;4;0.2;0.0
87;2021-01-09;65;0;789;4;0.2;0.0
87;2021-01-10;35;0;824;4;0.2;0.0
87;2021-01-11;424;0;1248;4;0.3;0.0
87;2021-01-12;654;0;1902;4;0.5;0.0
87;2021-01-13;660;3;2562;7;0.7;0.0
87;2021-01-14;517;11;3079;18;0.8;0.0
87;2021-01-15;534;3;3613;21;1.0;0.0
87;2021-01-16;204;1;3817;22;1.0;0.0
87;2021-01-17;1;0;3818;22;1.0;0.0
87;2021-01-18;645;6;4463;28;1.2;0.0
87;2021-01-19;657;1;5120;29;1.4;0.0
87;2021-01-20;674;4;5794;33;1.6;0.0
87;2021-01-21;717;2;6511;35;1.8;0.0
87;2021-01-22;757;4;7268;39;2.0;0.0
87;2021-01-23;287;1;7555;40;2.0;0.0
87;2021-01-24;1;0;7556;40;2.0;0.0
87;2021-01-25;620;10;8176;50;2.2;0.0
87;2021-01-26;570;52;8746;102;2.4;0.0
87;2021-01-27;572;40;9318;142;2.5;0.0
87;2021-01-28;856;110;10174;252;2.7;0.1
87;2021-01-29;741;273;10915;525;2.9;0.1
87;2021-01-30;325;72;11240;597;3.0;0.2
87;2021-01-31;34;71;11274;668;3.0;0.2
87;2021-02-01;413;309;11687;977;3.2;0.3
87;2021-02-02;452;482;12139;1459;3.3;0.4
87;2021-02-03;540;420;12679;1879;3.4;0.5
87;2021-02-04;613;595;13292;2474;3.6;0.7
87;2021-02-05;344;382;13636;2856;3.7;0.8
87;2021-02-06;55;156;13691;3012;3.7;0.8
87;2021-02-07;20;0;13711;3012;3.7;0.8
87;2021-02-08;246;444;13957;3456;3.8;0.9
87;2021-02-09;219;541;14176;3997;3.8;1.1
87;2021-02-10;262;623;14438;4620;3.9;1.2
87;2021-02-11;286;539;14724;5159;4.0;1.4
87;2021-02-12;287;556;15011;5715;4.0;1.5
87;2021-02-13;25;170;15036;5885;4.1;1.6
87;2021-02-14;0;3;15036;5888;4.1;1.6
87;2021-02-15;237;388;15273;6276;4.1;1.7
87;2021-02-16;332;330;15605;6606;4.2;1.8
87;2021-02-17;329;379;15934;6985;4.3;1.9
87;2021-02-18;478;646;16412;7631;4.4;2.1
87;2021-02-19;406;481;16818;8112;4.5;2.2
87;2021-02-20;124;195;16942;8307;4.6;2.2
87;2021-02-21;2;9;16944;8316;4.6;2.2
87;2021-02-22;440;576;17384;8892;4.7;2.4
87;2021-02-23;557;636;17941;9528;4.8;2.6
87;2021-02-24;451;598;18392;10126;5.0;2.7
87;2021-02-25;790;709;19182;10835;5.2;2.9
87;2021-02-26;842;480;20024;11315;5.4;3.1
87;2021-02-27;405;212;20429;11527;5.5;3.1
87;2021-02-28;3;0;20432;11527;5.5;3.1
87;2021-03-01;518;370;20950;11897;5.7;3.2
87;2021-03-02;1031;392;21981;12289;5.9;3.3
87;2021-03-03;1174;353;23155;12642;6.2;3.4
87;2021-03-04;1406;341;24561;12983;6.6;3.5
87;2021-03-05;1770;287;26331;13270;7.1;3.6
87;2021-03-06;1049;42;27380;13312;7.4;3.6
87;2021-03-07;257;6;27637;13318;7.5;3.6
87;2021-03-08;863;247;28500;13565;7.7;3.7
87;2021-03-09;1288;237;29788;13802;8.0;3.7
87;2021-03-10;1299;237;31087;14039;8.4;3.8
87;2021-03-11;1756;257;32843;14296;8.9;3.9
87;2021-03-12;2129;293;34972;14589;9.4;3.9
87;2021-03-13;1309;22;36281;14611;9.8;3.9
87;2021-03-14;80;1;36361;14612;9.8;3.9
87;2021-03-15;987;358;37348;14970;10.1;4.0
87;2021-03-16;1060;244;38408;15214;10.4;4.1
87;2021-03-17;1070;221;39478;15435;10.6;4.2
87;2021-03-18;1186;349;40664;15784;11.0;4.3
87;2021-03-19;1684;283;42348;16067;11.4;4.3
87;2021-03-20;926;92;43274;16159;11.7;4.4
87;2021-03-21;32;0;43306;16159;11.7;4.4
87;2021-03-22;1048;384;44354;16543;12.0;4.5
87;2021-03-23;1386;432;45740;16975;12.3;4.6
87;2021-03-24;1508;367;47248;17342;12.7;4.7
87;2021-03-25;2500;399;49748;17741;13.4;4.8
87;2021-03-26;2532;460;52280;18201;14.1;4.9
87;2021-03-27;891;126;53171;18327;14.3;4.9
87;2021-03-28;270;18;53441;18345;14.4;4.9
87;2021-03-29;1119;418;54560;18763;14.7;5.1
87;2021-03-30;1907;669;56467;19432;15.2;5.2
87;2021-03-31;1660;697;58127;20129;15.7;5.4
87;2021-04-01;2237;574;60364;20703;16.3;5.6
87;2021-04-02;1843;636;62207;21339;16.8;5.8
87;2021-04-03;455;266;62662;21605;16.9;5.8
87;2021-04-04;2;0;62664;21605;16.9;5.8
87;2021-04-05;82;1;62746;21606;16.9;5.8
87;2021-04-06;1004;910;63750;22516;17.2;6.1
87;2021-04-07;1487;927;65237;23443;17.6;6.3
87;2021-04-08;1785;1035;67022;24478;18.1;6.6
87;2021-04-09;2647;743;69669;25221;18.8;6.8
87;2021-04-10;1189;307;70858;25528;19.1;6.9
87;2021-04-11;69;1;70927;25529;19.1;6.9
87;2021-04-12;1619;830;72546;26359;19.6;7.1
87;2021-04-13;2288;1065;74834;27424;20.2;7.4
87;2021-04-14;2529;1192;77363;28616;20.9;7.7
87;2021-04-15;2223;1078;79586;29694;21.5;8.0
87;2021-04-16;2735;1071;82321;30765;22.2;8.3
87;2021-04-17;731;389;83052;31154;22.4;8.4
87;2021-04-18;111;141;83163;31295;22.4;8.4
87;2021-04-19;1662;839;84825;32134;22.9;8.7
87;2021-04-20;2084;885;86909;33019;23.4;8.9
87;2021-04-21;2295;996;89204;34015;24.1;9.2
87;2021-04-22;2564;1167;91768;35182;24.8;9.5
87;2021-04-23;1997;1184;93765;36366;25.3;9.8
87;2021-04-24;824;621;94589;36987;25.5;10.0
87;2021-04-25;66;103;94655;37090;25.5;10.0
87;2021-04-26;1356;916;96011;38006;25.9;10.3
87;2021-04-27;2398;1206;98409;39212;26.5;10.6
87;2021-04-28;3867;1445;102276;40657;27.6;11.0
87;2021-04-29;3079;1845;105355;42502;28.4;11.5
87;2021-04-30;3172;1363;108527;43865;29.3;11.8
87;2021-05-01;614;61;109141;43926;29.4;11.8
87;2021-05-02;361;5;109502;43931;29.5;11.8
87;2021-05-03;2323;940;111825;44871;30.2;12.1
87;2021-05-04;2902;1074;114727;45945;30.9;12.4
87;2021-05-05;2989;1511;117716;47456;31.7;12.8
87;2021-05-06;2531;1725;120247;49181;32.4;13.3
87;2021-05-07;2945;1725;123192;50906;33.2;13.7
87;2021-05-08;772;295;123964;51201;33.4;13.8
87;2021-05-09;18;133;123982;51334;33.4;13.8
87;2021-05-10;1938;1602;125920;52936;34.0;14.3
87;2021-05-11;2465;1908;128385;54844;34.6;14.8
87;2021-05-12;2623;2066;131008;56910;35.3;15.3
87;2021-05-13;1085;293;132093;57203;35.6;15.4
87;2021-05-14;2245;1775;134338;58978;36.2;15.9
87;2021-05-15;950;409;135288;59387;36.5;16.0
87;2021-05-16;141;73;135429;59460;36.5;16.0
87;2021-05-17;1628;1762;137057;61222;37.0;16.5
87;2021-05-18;2632;1821;139689;63043;37.7;17.0
87;2021-05-19;2822;1553;142511;64596;38.4;17.4
87;2021-05-20;3302;1724;145813;66320;39.3;17.9
87;2021-05-21;2764;1843;148577;68163;40.1;18.4
87;2021-05-22;1457;629;150034;68792;40.5;18.6
87;2021-05-23;211;92;150245;68884;40.5;18.6
87;2021-05-24;1055;143;151300;69027;40.8;18.6
87;2021-05-25;2117;1811;153417;70838;41.4;19.1
87;2021-05-26;3219;2478;156636;73316;42.2;19.8
87;2021-05-27;3022;2357;159658;75673;43.1;20.4
87;2021-05-28;2675;2522;162333;78195;43.8;21.1
87;2021-05-29;1061;1313;163394;79508;44.1;21.4
87;2021-05-30;258;60;163652;79568;44.1;21.5
87;2021-05-31;2287;1361;165939;80929;44.8;21.8
87;2021-06-01;2547;1865;168486;82794;45.4;22.3
87;2021-06-02;2525;1857;171011;84651;46.1;22.8
87;2021-06-03;3212;2529;174223;87180;47.0;23.5
87;2021-06-04;2838;2063;177061;89243;47.8;24.1
87;2021-06-05;1310;574;178371;89817;48.1;24.2
87;2021-06-06;261;95;178632;89912;48.2;24.2
87;2021-06-07;2098;1900;180730;91812;48.7;24.8
87;2021-06-08;2958;2604;183688;94416;49.5;25.5
87;2021-06-09;2303;2812;185991;97228;50.2;26.2
87;2021-06-10;2974;2552;188965;99780;51.0;26.9
87;2021-06-11;2363;3075;191328;102855;51.6;27.7
87;2021-06-12;1219;1103;192547;103958;51.9;28.0
87;2021-06-13;294;485;192841;104443;52.0;28.2
87;2021-06-14;980;2729;193821;107172;52.3;28.9
87;2021-06-15;1362;3318;195183;110490;52.6;29.8
87;2021-06-16;1650;3424;196833;113914;53.1;30.7
87;2021-06-17;2438;2314;199271;116228;53.7;31.3
87;2021-06-18;1791;3019;201062;119247;54.2;32.2
87;2021-06-19;1047;1177;202109;120424;54.5;32.5
87;2021-06-20;205;206;202314;120630;54.6;32.5
87;2021-06-21;1040;2647;203354;123277;54.8;33.2
87;2021-06-22;1029;2880;204383;126157;55.1;34.0
87;2021-06-23;1256;3081;205639;129238;55.5;34.9
87;2021-06-24;1616;2561;207255;131799;55.9;35.5
87;2021-06-25;1448;2710;208703;134509;56.3;36.3
87;2021-06-26;529;1201;209232;135710;56.4;36.6
87;2021-06-27;26;212;209258;135922;56.4;36.7
87;2021-06-28;717;2575;209975;138497;56.6;37.4
87;2021-06-29;1156;3417;211131;141914;56.9;38.3
87;2021-06-30;1125;2652;212256;144566;57.2;39.0
87;2021-07-01;1482;2552;213738;147118;57.6;39.7
87;2021-07-02;1204;3463;214942;150581;58.0;40.6
87;2021-07-03;415;1512;215357;152093;58.1;41.0
87;2021-07-04;24;384;215381;152477;58.1;41.1
87;2021-07-05;685;2393;216066;154870;58.3;41.8
87;2021-07-06;583;3220;216649;158090;58.4;42.6
87;2021-07-07;862;3344;217511;161434;58.7;43.5
87;2021-07-08;1119;3671;218630;165105;59.0;44.5
87;2021-07-09;1113;3702;219743;168807;59.3;45.5
87;2021-07-10;290;1360;220033;170167;59.3;45.9
87;2021-07-11;49;284;220082;170451;59.4;46.0
87;2021-07-12;559;3192;220641;173643;59.5;46.8
87;2021-07-13;833;3513;221474;177156;59.7;47.8
87;2021-07-14;517;538;221991;177694;59.9;47.9
87;2021-07-15;1361;3463;223352;181157;60.2;48.9
87;2021-07-16;1731;3597;225083;184754;60.7;49.8
87;2021-07-17;655;1373;225738;186127;60.9;50.2
87;2021-07-18;81;285;225819;186412;60.9;50.3
87;2021-07-19;1434;3400;227253;189812;61.3;51.2
87;2021-07-20;1805;3591;229058;193403;61.8;52.2
87;2021-07-21;1451;3153;230509;196556;62.2;53.0
87;2021-07-22;1877;3251;232386;199807;62.7;53.9
87;2021-07-23;1875;3172;234261;202979;63.2;54.7
87;2021-07-24;816;1284;235077;204263;63.4;55.1
87;2021-07-25;106;241;235183;204504;63.4;55.2
87;2021-07-26;1541;2329;236724;206833;63.8;55.8
87;2021-07-27;2556;2063;239280;208896;64.5;56.3
87;2021-07-28;2390;2007;241670;210903;65.2;56.9
87;2021-07-29;3011;1999;244681;212902;66.0;57.4
87;2021-07-30;2543;2077;247224;214979;66.7;58.0
87;2021-07-31;1103;837;248327;215816;67.0;58.2
87;2021-08-01;283;151;248610;215967;67.1;58.2
87;2021-08-02;2119;1520;250729;217487;67.6;58.7
87;2021-08-03;2496;1331;253225;218818;68.3;59.0
87;2021-08-04;2314;1063;255539;219881;68.9;59.3
87;2021-08-05;2528;1414;258067;221295;69.6;59.7
87;2021-08-06;2144;1659;260211;222954;70.2;60.1
87;2021-08-07;1110;783;261321;223737;70.5;60.3
87;2021-08-08;208;125;261529;223862;70.5;60.4
87;2021-08-09;1818;1526;263347;225388;71.0;60.8
87;2021-08-10;2200;1533;265547;226921;71.6;61.2
87;2021-08-11;1912;1273;267459;228194;72.1;61.5
87;2021-08-12;2106;1481;269565;229675;72.7;61.9
87;2021-08-13;1724;1621;271289;231296;73.2;62.4
87;2021-08-14;671;733;271960;232029;73.3;62.6
87;2021-08-15;72;104;272032;232133;73.4;62.6
87;2021-08-16;1505;1739;273537;233872;73.8;63.1
87;2021-08-17;1354;1669;274891;235541;74.1;63.5
87;2021-08-18;1246;1998;276137;237539;74.5;64.1
87;2021-08-19;1223;1798;277360;239337;74.8;64.6
87;2021-08-20;917;2205;278277;241542;75.1;65.1
87;2021-08-21;318;966;278595;242508;75.1;65.4
87;2021-08-22;92;235;278687;242743;75.2;65.5
87;2021-08-23;746;2393;279433;245136;75.4;66.1
87;2021-08-24;765;2135;280198;247271;75.6;66.7
87;2021-08-25;710;2062;280908;249333;75.8;67.2
87;2021-08-26;860;2156;281768;251489;76.0;67.8
87;2021-08-27;790;2668;282558;254157;76.2;68.5
87;2021-08-28;331;1300;282889;255457;76.3;68.9
87;2021-08-29;65;244;282954;255701;76.3;69.0
87;2021-08-30;472;2197;283426;257898;76.4;69.6
87;2021-08-31;608;1902;284034;259800;76.6;70.1
87;2021-09-01;750;2351;284784;262151;76.8;70.7
87;2021-09-02;557;2137;285341;264288;77.0;71.3
87;2021-09-03;650;2150;285991;266438;77.1;71.9
87;2021-09-04;277;1065;286268;267503;77.2;72.1
87;2021-09-05;9;6;286277;267509;77.2;72.1
87;2021-09-06;396;1601;286673;269110;77.3;72.6
87;2021-09-07;386;1241;287059;270351;77.4;72.9
87;2021-09-08;460;1467;287519;271818;77.5;73.3
87;2021-09-09;326;965;287845;272783;77.6;73.6
87;2021-09-10;466;1378;288311;274161;77.8;73.9
87;2021-09-11;320;894;288631;275055;77.8;74.2
87;2021-09-12;3;13;288634;275068;77.8;74.2
87;2021-09-13;311;764;288945;275832;77.9;74.4
87;2021-09-14;286;619;289231;276451;78.0;74.6
87;2021-09-15;367;964;289598;277415;78.1;74.8
87;2021-09-16;348;789;289946;278204;78.2;75.0
87;2021-09-17;407;885;290353;279089;78.3;75.3
87;2021-09-18;286;728;290639;279817;78.4;75.5
87;2021-09-19;4;14;290643;279831;78.4;75.5
87;2021-09-20;203;465;290846;280296;78.4;75.6
87;2021-09-21;261;508;291107;280804;78.5;75.7
87;2021-09-22;235;758;291342;281562;78.6;75.9
87;2021-09-23;218;529;291560;282091;78.6;76.1
87;2021-09-24;293;740;291853;282831;78.7;76.3
87;2021-09-25;167;511;292020;283342;78.8;76.4
87;2021-09-26;1;5;292021;283347;78.8;76.4
87;2021-09-27;195;402;292216;283749;78.8;76.5
87;2021-09-28;204;322;292420;284071;78.9;76.6
87;2021-09-29;171;399;292591;284470;78.9;76.7
87;2021-09-30;140;268;292731;284738;79.0;76.8
87;2021-10-01;205;513;292936;285251;79.0;76.9
87;2021-10-02;156;399;293092;285650;79.0;77.0
87;2021-10-03;3;3;293095;285653;79.0;77.0
87;2021-10-04;152;290;293247;285943;79.1;77.1
87;2021-10-05;111;212;293358;286155;79.1;77.2
87;2021-10-06;197;413;293555;286568;79.2;77.3
87;2021-10-07;110;259;293665;286827;79.2;77.4
87;2021-10-08;228;476;293893;287303;79.3;77.5
87;2021-10-09;177;353;294070;287656;79.3;77.6
87;2021-10-10;4;4;294074;287660;79.3;77.6
88;2020-12-27;0;0;0;0;0.0;0.0
88;2020-12-28;0;0;0;0;0.0;0.0
88;2020-12-29;0;0;0;0;0.0;0.0
88;2020-12-30;0;0;0;0;0.0;0.0
88;2020-12-31;0;0;0;0;0.0;0.0
88;2021-01-01;2;0;2;0;0.0;0.0
88;2021-01-02;0;0;2;0;0.0;0.0
88;2021-01-03;0;0;2;0;0.0;0.0
88;2021-01-04;0;0;2;0;0.0;0.0
88;2021-01-05;1;0;3;0;0.0;0.0
88;2021-01-06;3;0;6;0;0.0;0.0
88;2021-01-07;71;1;77;1;0.0;0.0
88;2021-01-08;189;2;266;3;0.1;0.0
88;2021-01-09;190;3;456;6;0.1;0.0
88;2021-01-10;0;0;456;6;0.1;0.0
88;2021-01-11;227;0;683;6;0.2;0.0
88;2021-01-12;422;0;1105;6;0.3;0.0
88;2021-01-13;491;2;1596;8;0.4;0.0
88;2021-01-14;347;3;1943;11;0.5;0.0
88;2021-01-15;380;3;2323;14;0.6;0.0
88;2021-01-16;62;0;2385;14;0.7;0.0
88;2021-01-17;1;0;2386;14;0.7;0.0
88;2021-01-18;461;0;2847;14;0.8;0.0
88;2021-01-19;451;0;3298;14;0.9;0.0
88;2021-01-20;462;2;3760;16;1.0;0.0
88;2021-01-21;1547;6;5307;22;1.5;0.0
88;2021-01-22;1182;2;6489;24;1.8;0.0
88;2021-01-23;285;0;6774;24;1.9;0.0
88;2021-01-24;298;2;7072;26;2.0;0.0
88;2021-01-25;937;4;8009;30;2.2;0.0
88;2021-01-26;388;5;8397;35;2.3;0.0
88;2021-01-27;4;0;8401;35;2.3;0.0
88;2021-01-28;162;38;8563;73;2.4;0.0
88;2021-01-29;527;160;9090;233;2.5;0.1
88;2021-01-30;288;128;9378;361;2.6;0.1
88;2021-01-31;0;0;9378;361;2.6;0.1
88;2021-02-01;406;281;9784;642;2.7;0.2
88;2021-02-02;333;364;10117;1006;2.8;0.3
88;2021-02-03;437;241;10554;1247;2.9;0.3
88;2021-02-04;315;229;10869;1476;3.0;0.4
88;2021-02-05;457;252;11326;1728;3.2;0.5
88;2021-02-06;110;56;11436;1784;3.2;0.5
88;2021-02-07;0;0;11436;1784;3.2;0.5
88;2021-02-08;361;203;11797;1987;3.3;0.6
88;2021-02-09;291;288;12088;2275;3.4;0.6
88;2021-02-10;416;344;12504;2619;3.5;0.7
88;2021-02-11;850;1094;13354;3713;3.7;1.0
88;2021-02-12;939;707;14293;4420;4.0;1.2
88;2021-02-13;162;211;14455;4631;4.0;1.3
88;2021-02-14;81;216;14536;4847;4.0;1.3
88;2021-02-15;639;1076;15175;5923;4.2;1.6
88;2021-02-16;472;723;15647;6646;4.4;1.8
88;2021-02-17;455;437;16102;7083;4.5;2.0
88;2021-02-18;516;385;16618;7468;4.6;2.1
88;2021-02-19;536;462;17154;7930;4.8;2.2
88;2021-02-20;156;101;17310;8031;4.8;2.2
88;2021-02-21;1;25;17311;8056;4.8;2.2
88;2021-02-22;425;342;17736;8398;4.9;2.3
88;2021-02-23;403;233;18139;8631;5.0;2.4
88;2021-02-24;505;210;18644;8841;5.2;2.5
88;2021-02-25;674;286;19318;9127;5.4;2.5
88;2021-02-26;863;277;20181;9404;5.6;2.6
88;2021-02-27;269;34;20450;9438;5.7;2.6
88;2021-02-28;30;1;20480;9439;5.7;2.6
88;2021-03-01;358;464;20838;9903;5.8;2.8
88;2021-03-02;431;498;21269;10401;5.9;2.9
88;2021-03-03;650;466;21919;10867;6.1;3.0
88;2021-03-04;1045;768;22964;11635;6.4;3.2
88;2021-03-05;933;706;23897;12341;6.6;3.4
88;2021-03-06;1873;119;25770;12460;7.2;3.5
88;2021-03-07;1060;82;26830;12542;7.5;3.5
88;2021-03-08;726;692;27556;13234;7.7;3.7
88;2021-03-09;1095;541;28651;13775;8.0;3.8
88;2021-03-10;1083;498;29734;14273;8.3;4.0
88;2021-03-11;1441;404;31175;14677;8.7;4.1
88;2021-03-12;1309;490;32484;15167;9.0;4.2
88;2021-03-13;1210;131;33694;15298;9.4;4.3
88;2021-03-14;166;5;33860;15303;9.4;4.3
88;2021-03-15;928;447;34788;15750;9.7;4.4
88;2021-03-16;1023;345;35811;16095;10.0;4.5
88;2021-03-17;905;425;36716;16520;10.2;4.6
88;2021-03-18;1303;405;38019;16925;10.6;4.7
88;2021-03-19;1465;508;39484;17433;11.0;4.8
88;2021-03-20;1319;57;40803;17490;11.3;4.9
88;2021-03-21;37;0;40840;17490;11.4;4.9
88;2021-03-22;1233;546;42073;18036;11.7;5.0
88;2021-03-23;1780;448;43853;18484;12.2;5.1
88;2021-03-24;1877;474;45730;18958;12.7;5.3
88;2021-03-25;2497;497;48227;19455;13.4;5.4
88;2021-03-26;2480;462;50707;19917;14.1;5.5
88;2021-03-27;884;301;51591;20218;14.3;5.6
88;2021-03-28;61;4;51652;20222;14.4;5.6
88;2021-03-29;1305;449;52957;20671;14.7;5.7
88;2021-03-30;2062;395;55019;21066;15.3;5.9
88;2021-03-31;1619;578;56638;21644;15.8;6.0
88;2021-04-01;2117;721;58755;22365;16.3;6.2
88;2021-04-02;2812;648;61567;23013;17.1;6.4
88;2021-04-03;745;215;62312;23228;17.3;6.5
88;2021-04-04;16;1;62328;23229;17.3;6.5
88;2021-04-05;23;2;62351;23231;17.3;6.5
88;2021-04-06;1140;680;63491;23911;17.7;6.7
88;2021-04-07;1601;715;65092;24626;18.1;6.8
88;2021-04-08;1857;792;66949;25418;18.6;7.1
88;2021-04-09;3079;744;70028;26162;19.5;7.3
88;2021-04-10;724;650;70752;26812;19.7;7.5
88;2021-04-11;33;1;70785;26813;19.7;7.5
88;2021-04-12;1537;989;72322;27802;20.1;7.7
88;2021-04-13;2035;1092;74357;28894;20.7;8.0
88;2021-04-14;1910;952;76267;29846;21.2;8.3
88;2021-04-15;1967;1245;78234;31091;21.8;8.6
88;2021-04-16;2109;1050;80343;32141;22.3;8.9
88;2021-04-17;1430;766;81773;32907;22.7;9.2
88;2021-04-18;268;23;82041;32930;22.8;9.2
88;2021-04-19;1172;1239;83213;34169;23.1;9.5
88;2021-04-20;1190;1398;84403;35567;23.5;9.9
88;2021-04-21;1503;1300;85906;36867;23.9;10.3
88;2021-04-22;1900;1637;87806;38504;24.4;10.7
88;2021-04-23;1825;2047;89631;40551;24.9;11.3
88;2021-04-24;1184;788;90815;41339;25.3;11.5
88;2021-04-25;34;2;90849;41341;25.3;11.5
88;2021-04-26;1182;1176;92031;42517;25.6;11.8
88;2021-04-27;1277;1737;93308;44254;26.0;12.3
88;2021-04-28;1634;1498;94942;45752;26.4;12.7
88;2021-04-29;2082;1468;97024;47220;27.0;13.1
88;2021-04-30;2450;1634;99474;48854;27.7;13.6
88;2021-05-01;2008;290;101482;49144;28.2;13.7
88;2021-05-02;1301;120;102783;49264;28.6;13.7
88;2021-05-03;1559;1218;104342;50482;29.0;14.0
88;2021-05-04;1444;1469;105786;51951;29.4;14.5
88;2021-05-05;2426;1599;108212;53550;30.1;14.9
88;2021-05-06;3211;1214;111423;54764;31.0;15.2
88;2021-05-07;2938;1359;114361;56123;31.8;15.6
88;2021-05-08;1532;470;115893;56593;32.2;15.7
88;2021-05-09;1734;163;117627;56756;32.7;15.8
88;2021-05-10;1763;1571;119390;58327;33.2;16.2
88;2021-05-11;2655;1914;122045;60241;33.9;16.8
88;2021-05-12;2532;1853;124577;62094;34.7;17.3
88;2021-05-13;3258;683;127835;62777;35.6;17.5
88;2021-05-14;2500;1545;130335;64322;36.3;17.9
88;2021-05-15;1624;744;131959;65066;36.7;18.1
88;2021-05-16;1332;104;133291;65170;37.1;18.1
88;2021-05-17;1987;946;135278;66116;37.6;18.4
88;2021-05-18;2255;1116;137533;67232;38.3;18.7
88;2021-05-19;2721;1150;140254;68382;39.0;19.0
88;2021-05-20;3348;1239;143602;69621;39.9;19.4
88;2021-05-21;2875;1151;146477;70772;40.7;19.7
88;2021-05-22;1431;713;147908;71485;41.1;19.9
88;2021-05-23;558;74;148466;71559;41.3;19.9
88;2021-05-24;1675;435;150141;71994;41.8;20.0
88;2021-05-25;1646;1175;151787;73169;42.2;20.4
88;2021-05-26;2368;1140;154155;74309;42.9;20.7
88;2021-05-27;2200;1363;156355;75672;43.5;21.0
88;2021-05-28;1891;1988;158246;77660;44.0;21.6
88;2021-05-29;1230;1755;159476;79415;44.4;22.1
88;2021-05-30;587;418;160063;79833;44.5;22.2
88;2021-05-31;1327;1852;161390;81685;44.9;22.7
88;2021-06-01;1720;1986;163110;83671;45.4;23.3
88;2021-06-02;2076;1871;165186;85542;45.9;23.8
88;2021-06-03;2738;1622;167924;87164;46.7;24.2
88;2021-06-04;2042;1935;169966;89099;47.3;24.8
88;2021-06-05;1531;1139;171497;90238;47.7;25.1
88;2021-06-06;692;156;172189;90394;47.9;25.1
88;2021-06-07;1290;1710;173479;92104;48.3;25.6
88;2021-06-08;1666;1935;175145;94039;48.7;26.2
88;2021-06-09;1619;1911;176764;95950;49.2;26.7
88;2021-06-10;1781;2049;178545;97999;49.7;27.3
88;2021-06-11;1549;2218;180094;100217;50.1;27.9
88;2021-06-12;669;1657;180763;101874;50.3;28.3
88;2021-06-13;464;377;181227;102251;50.4;28.4
88;2021-06-14;1030;2251;182257;104502;50.7;29.1
88;2021-06-15;1927;2458;184184;106960;51.2;29.8
88;2021-06-16;1486;2873;185670;109833;51.6;30.5
88;2021-06-17;1602;2734;187272;112567;52.1;31.3
88;2021-06-18;1355;2461;188627;115028;52.5;32.0
88;2021-06-19;701;1090;189328;116118;52.7;32.3
88;2021-06-20;78;79;189406;116197;52.7;32.3
88;2021-06-21;672;2579;190078;118776;52.9;33.0
88;2021-06-22;869;3433;190947;122209;53.1;34.0
88;2021-06-23;1144;2877;192091;125086;53.4;34.8
88;2021-06-24;702;2604;192793;127690;53.6;35.5
88;2021-06-25;1436;3180;194229;130870;54.0;36.4
88;2021-06-26;903;2073;195132;132943;54.3;37.0
88;2021-06-27;543;635;195675;133578;54.4;37.2
88;2021-06-28;758;2514;196433;136092;54.6;37.9
88;2021-06-29;960;3353;197393;139445;54.9;38.8
88;2021-06-30;1137;3116;198530;142561;55.2;39.7
88;2021-07-01;1056;2686;199586;145247;55.5;40.4
88;2021-07-02;992;3150;200578;148397;55.8;41.3
88;2021-07-03;692;1699;201270;150096;56.0;41.7
88;2021-07-04;258;815;201528;150911;56.1;42.0
88;2021-07-05;993;2021;202521;152932;56.3;42.5
88;2021-07-06;1021;2415;203542;155347;56.6;43.2
88;2021-07-07;1177;2586;204719;157933;56.9;43.9
88;2021-07-08;1082;2063;205801;159996;57.2;44.5
88;2021-07-09;1583;2708;207384;162704;57.7;45.3
88;2021-07-10;721;1820;208105;164524;57.9;45.8
88;2021-07-11;468;696;208573;165220;58.0;46.0
88;2021-07-12;1056;2521;209629;167741;58.3;46.7
88;2021-07-13;1313;2655;210942;170396;58.7;47.4
88;2021-07-14;1207;802;212149;171198;59.0;47.6
88;2021-07-15;1744;3312;213893;174510;59.5;48.5
88;2021-07-16;1469;2964;215362;177474;59.9;49.4
88;2021-07-17;802;1587;216164;179061;60.1;49.8
88;2021-07-18;180;679;216344;179740;60.2;50.0
88;2021-07-19;1563;2232;217907;181972;60.6;50.6
88;2021-07-20;2144;2385;220051;184357;61.2;51.3
88;2021-07-21;1939;2218;221990;186575;61.7;51.9
88;2021-07-22;1699;2107;223689;188682;62.2;52.5
88;2021-07-23;2508;2784;226197;191466;62.9;53.3
88;2021-07-24;1059;1187;227256;192653;63.2;53.6
88;2021-07-25;432;608;227688;193261;63.3;53.8
88;2021-07-26;1715;2075;229403;195336;63.8;54.3
88;2021-07-27;2351;2061;231754;197397;64.5;54.9
88;2021-07-28;2210;2250;233964;199647;65.1;55.5
88;2021-07-29;3033;1636;236997;201283;65.9;56.0
88;2021-07-30;2272;2297;239269;203580;66.6;56.6
88;2021-07-31;1104;1037;240373;204617;66.9;56.9
88;2021-08-01;450;461;240823;205078;67.0;57.0
88;2021-08-02;2376;1770;243199;206848;67.6;57.5
88;2021-08-03;2875;1592;246074;208440;68.4;58.0
88;2021-08-04;2520;1530;248594;209970;69.1;58.4
88;2021-08-05;1994;1378;250588;211348;69.7;58.8
88;2021-08-06;2948;2010;253536;213358;70.5;59.3
88;2021-08-07;1176;912;254712;214270;70.8;59.6
88;2021-08-08;751;319;255463;214589;71.1;59.7
88;2021-08-09;1550;1650;257013;216239;71.5;60.1
88;2021-08-10;1941;2041;258954;218280;72.0;60.7
88;2021-08-11;1871;1759;260825;220039;72.5;61.2
88;2021-08-12;1670;1349;262495;221388;73.0;61.6
88;2021-08-13;1952;2137;264447;223525;73.6;62.2
88;2021-08-14;580;912;265027;224437;73.7;62.4
88;2021-08-15;337;520;265364;224957;73.8;62.6
88;2021-08-16;1149;1988;266513;226945;74.1;63.1
88;2021-08-17;1267;2058;267780;229003;74.5;63.7
88;2021-08-18;1208;1925;268988;230928;74.8;64.2
88;2021-08-19;1042;1582;270030;232510;75.1;64.7
88;2021-08-20;1020;2330;271050;234840;75.4;65.3
88;2021-08-21;405;1144;271455;235984;75.5;65.6
88;2021-08-22;100;479;271555;236463;75.5;65.8
88;2021-08-23;734;1640;272289;238103;75.7;66.2
88;2021-08-24;918;1973;273207;240076;76.0;66.8
88;2021-08-25;891;2459;274098;242535;76.2;67.5
88;2021-08-26;868;2049;274966;244584;76.5;68.0
88;2021-08-27;844;2711;275810;247295;76.7;68.8
88;2021-08-28;491;1351;276301;248646;76.9;69.2
88;2021-08-29;130;693;276431;249339;76.9;69.4
88;2021-08-30;699;2342;277130;251681;77.1;70.0
88;2021-08-31;782;2329;277912;254010;77.3;70.7
88;2021-09-01;686;1991;278598;256001;77.5;71.2
88;2021-09-02;666;1603;279264;257604;77.7;71.7
88;2021-09-03;728;2106;279992;259710;77.9;72.2
88;2021-09-04;429;1103;280421;260813;78.0;72.5
88;2021-09-05;188;370;280609;261183;78.1;72.6
88;2021-09-06;505;1208;281114;262391;78.2;73.0
88;2021-09-07;566;1225;281680;263616;78.3;73.3
88;2021-09-08;459;1330;282139;264946;78.5;73.7
88;2021-09-09;540;769;282679;265715;78.6;73.9
88;2021-09-10;591;1342;283270;267057;78.8;74.3
88;2021-09-11;349;781;283619;267838;78.9;74.5
88;2021-09-12;71;125;283690;267963;78.9;74.5
88;2021-09-13;429;700;284119;268663;79.0;74.7
88;2021-09-14;554;721;284673;269384;79.2;74.9
88;2021-09-15;425;970;285098;270354;79.3;75.2
88;2021-09-16;255;536;285353;270890;79.4;75.3
88;2021-09-17;433;1026;285786;271916;79.5;75.6
88;2021-09-18;233;680;286019;272596;79.6;75.8
88;2021-09-19;52;164;286071;272760;79.6;75.9
88;2021-09-20;222;564;286293;273324;79.6;76.0
88;2021-09-21;207;597;286500;273921;79.7;76.2
88;2021-09-22;206;780;286706;274701;79.7;76.4
88;2021-09-23;287;626;286993;275327;79.8;76.6
88;2021-09-24;280;802;287273;276129;79.9;76.8
88;2021-09-25;131;564;287404;276693;79.9;77.0
88;2021-09-26;18;159;287422;276852;79.9;77.0
88;2021-09-27;165;457;287587;277309;80.0;77.1
88;2021-09-28;175;523;287762;277832;80.0;77.3
88;2021-09-29;174;504;287936;278336;80.1;77.4
88;2021-09-30;127;459;288063;278795;80.1;77.5
88;2021-10-01;207;672;288270;279467;80.2;77.7
88;2021-10-02;129;359;288399;279826;80.2;77.8
88;2021-10-03;22;80;288421;279906;80.2;77.9
88;2021-10-04;137;467;288558;280373;80.3;78.0
88;2021-10-05;178;581;288736;280954;80.3;78.1
88;2021-10-06;198;398;288934;281352;80.4;78.3
88;2021-10-07;61;209;288995;281561;80.4;78.3
88;2021-10-08;265;630;289260;282191;80.5;78.5
88;2021-10-09;118;241;289378;282432;80.5;78.6
88;2021-10-10;12;45;289390;282477;80.5;78.6
89;2020-12-27;0;0;0;0;0.0;0.0
89;2020-12-28;2;1;2;1;0.0;0.0
89;2020-12-29;0;0;2;1;0.0;0.0
89;2020-12-30;0;0;2;1;0.0;0.0
89;2020-12-31;0;0;2;1;0.0;0.0
89;2021-01-01;0;0;2;1;0.0;0.0
89;2021-01-02;0;0;2;1;0.0;0.0
89;2021-01-03;0;0;2;1;0.0;0.0
89;2021-01-04;0;0;2;1;0.0;0.0
89;2021-01-05;0;0;2;1;0.0;0.0
89;2021-01-06;48;0;50;1;0.0;0.0
89;2021-01-07;201;0;251;1;0.1;0.0
89;2021-01-08;48;0;299;1;0.1;0.0
89;2021-01-09;1;0;300;1;0.1;0.0
89;2021-01-10;0;0;300;1;0.1;0.0
89;2021-01-11;221;0;521;1;0.2;0.0
89;2021-01-12;349;0;870;1;0.3;0.0
89;2021-01-13;533;3;1403;4;0.4;0.0
89;2021-01-14;711;8;2114;12;0.6;0.0
89;2021-01-15;278;2;2392;14;0.7;0.0
89;2021-01-16;90;4;2482;18;0.7;0.0
89;2021-01-17;0;0;2482;18;0.7;0.0
89;2021-01-18;503;1;2985;19;0.9;0.0
89;2021-01-19;841;4;3826;23;1.2;0.0
89;2021-01-20;762;0;4588;23;1.4;0.0
89;2021-01-21;939;4;5527;27;1.7;0.0
89;2021-01-22;1020;1;6547;28;2.0;0.0
89;2021-01-23;200;0;6747;28;2.0;0.0
89;2021-01-24;107;1;6854;29;2.1;0.0
89;2021-01-25;483;4;7337;33;2.2;0.0
89;2021-01-26;582;14;7919;47;2.4;0.0
89;2021-01-27;473;38;8392;85;2.5;0.0
89;2021-01-28;551;127;8943;212;2.7;0.1
89;2021-01-29;959;43;9902;255;3.0;0.1
89;2021-01-30;184;67;10086;322;3.0;0.1
89;2021-01-31;24;2;10110;324;3.0;0.1
89;2021-02-01;255;152;10365;476;3.1;0.1
89;2021-02-02;283;333;10648;809;3.2;0.2
89;2021-02-03;292;344;10940;1153;3.3;0.3
89;2021-02-04;434;593;11374;1746;3.4;0.5
89;2021-02-05;387;204;11761;1950;3.5;0.6
89;2021-02-06;77;66;11838;2016;3.6;0.6
89;2021-02-07;0;0;11838;2016;3.6;0.6
89;2021-02-08;287;188;12125;2204;3.7;0.7
89;2021-02-09;284;441;12409;2645;3.7;0.8
89;2021-02-10;396;313;12805;2958;3.9;0.9
89;2021-02-11;332;548;13137;3506;4.0;1.1
89;2021-02-12;433;599;13570;4105;4.1;1.2
89;2021-02-13;51;130;13621;4235;4.1;1.3
89;2021-02-14;21;116;13642;4351;4.1;1.3
89;2021-02-15;217;403;13859;4754;4.2;1.4
89;2021-02-16;134;534;13993;5288;4.2;1.6
89;2021-02-17;263;438;14256;5726;4.3;1.7
89;2021-02-18;225;544;14481;6270;4.4;1.9
89;2021-02-19;246;652;14727;6922;4.4;2.1
89;2021-02-20;33;140;14760;7062;4.4;2.1
89;2021-02-21;0;10;14760;7072;4.4;2.1
89;2021-02-22;233;451;14993;7523;4.5;2.3
89;2021-02-23;170;490;15163;8013;4.6;2.4
89;2021-02-24;344;389;15507;8402;4.7;2.5
89;2021-02-25;370;464;15877;8866;4.8;2.7
89;2021-02-26;385;338;16262;9204;4.9;2.8
89;2021-02-27;138;82;16400;9286;4.9;2.8
89;2021-02-28;6;13;16406;9299;4.9;2.8
89;2021-03-01;541;237;16947;9536;5.1;2.9
89;2021-03-02;755;356;17702;9892;5.3;3.0
89;2021-03-03;647;277;18349;10169;5.5;3.1
89;2021-03-04;633;380;18982;10549;5.7;3.2
89;2021-03-05;728;506;19710;11055;5.9;3.3
89;2021-03-06;549;135;20259;11190;6.1;3.4
89;2021-03-07;288;40;20547;11230;6.2;3.4
89;2021-03-08;559;330;21106;11560;6.4;3.5
89;2021-03-09;1003;278;22109;11838;6.7;3.6
89;2021-03-10;984;257;23093;12095;7.0;3.6
89;2021-03-11;1077;304;24170;12399;7.3;3.7
89;2021-03-12;1280;338;25450;12737;7.7;3.8
89;2021-03-13;637;45;26087;12782;7.9;3.8
89;2021-03-14;1;0;26088;12782;7.9;3.8
89;2021-03-15;816;317;26904;13099;8.1;3.9
89;2021-03-16;948;229;27852;13328;8.4;4.0
89;2021-03-17;920;273;28772;13601;8.7;4.1
89;2021-03-18;885;258;29657;13859;8.9;4.2
89;2021-03-19;1149;197;30806;14056;9.3;4.2
89;2021-03-20;844;33;31650;14089;9.5;4.2
89;2021-03-21;173;6;31823;14095;9.6;4.2
89;2021-03-22;1044;227;32867;14322;9.9;4.3
89;2021-03-23;1744;263;34611;14585;10.4;4.4
89;2021-03-24;1968;333;36579;14918;11.0;4.5
89;2021-03-25;1821;174;38400;15092;11.6;4.5
89;2021-03-26;2628;190;41028;15282;12.4;4.6
89;2021-03-27;1775;52;42803;15334;12.9;4.6
89;2021-03-28;32;3;42835;15337;12.9;4.6
89;2021-03-29;965;579;43800;15916;13.2;4.8
89;2021-03-30;1156;574;44956;16490;13.5;5.0
89;2021-03-31;2004;474;46960;16964;14.1;5.1
89;2021-04-01;2120;463;49080;17427;14.8;5.2
89;2021-04-02;2140;450;51220;17877;15.4;5.4
89;2021-04-03;1004;243;52224;18120;15.7;5.5
89;2021-04-04;16;1;52240;18121;15.7;5.5
89;2021-04-05;92;4;52332;18125;15.8;5.5
89;2021-04-06;1032;758;53364;18883;16.1;5.7
89;2021-04-07;1027;806;54391;19689;16.4;5.9
89;2021-04-08;1731;728;56122;20417;16.9;6.1
89;2021-04-09;2164;772;58286;21189;17.6;6.4
89;2021-04-10;891;180;59177;21369;17.8;6.4
89;2021-04-11;38;51;59215;21420;17.8;6.4
89;2021-04-12;1010;795;60225;22215;18.1;6.7
89;2021-04-13;1356;1082;61581;23297;18.5;7.0
89;2021-04-14;1214;1040;62795;24337;18.9;7.3
89;2021-04-15;1412;948;64207;25285;19.3;7.6
89;2021-04-16;1330;941;65537;26226;19.7;7.9
89;2021-04-17;1070;456;66607;26682;20.1;8.0
89;2021-04-18;27;154;66634;26836;20.1;8.1
89;2021-04-19;748;1040;67382;27876;20.3;8.4
89;2021-04-20;1016;1535;68398;29411;20.6;8.9
89;2021-04-21;814;1107;69212;30518;20.8;9.2
89;2021-04-22;1107;1169;70319;31687;21.2;9.5
89;2021-04-23;1820;1966;72139;33653;21.7;10.1
89;2021-04-24;1173;1175;73312;34828;22.1;10.5
89;2021-04-25;139;6;73451;34834;22.1;10.5
89;2021-04-26;1503;778;74954;35612;22.6;10.7
89;2021-04-27;1733;1054;76687;36666;23.1;11.0
89;2021-04-28;1599;1856;78286;38522;23.6;11.6
89;2021-04-29;1970;1932;80256;40454;24.2;12.2
89;2021-04-30;1803;1770;82059;42224;24.7;12.7
89;2021-05-01;846;722;82905;42946;25.0;12.9
89;2021-05-02;134;31;83039;42977;25.0;12.9
89;2021-05-03;1606;766;84645;43743;25.5;13.2
89;2021-05-04;1619;1131;86264;44874;26.0;13.5
89;2021-05-05;2319;1267;88583;46141;26.7;13.9
89;2021-05-06;2411;1382;90994;47523;27.4;14.3
89;2021-05-07;2718;1318;93712;48841;28.2;14.7
89;2021-05-08;1786;535;95498;49376;28.8;14.9
89;2021-05-09;196;19;95694;49395;28.8;14.9
89;2021-05-10;1202;963;96896;50358;29.2;15.2
89;2021-05-11;2491;1465;99387;51823;29.9;15.6
89;2021-05-12;2060;1217;101447;53040;30.5;16.0
89;2021-05-13;415;332;101862;53372;30.7;16.1
89;2021-05-14;1880;1095;103742;54467;31.2;16.4
89;2021-05-15;2247;394;105989;54861;31.9;16.5
89;2021-05-16;10;35;105999;54896;31.9;16.5
89;2021-05-17;2091;638;108090;55534;32.5;16.7
89;2021-05-18;2324;832;110414;56366;33.2;17.0
89;2021-05-19;2860;882;113274;57248;34.1;17.2
89;2021-05-20;2927;886;116201;58134;35.0;17.5
89;2021-05-21;2481;879;118682;59013;35.7;17.8
89;2021-05-22;1431;572;120113;59585;36.2;17.9
89;2021-05-23;108;10;120221;59595;36.2;17.9
89;2021-05-24;288;226;120509;59821;36.3;18.0
89;2021-05-25;1558;982;122067;60803;36.8;18.3
89;2021-05-26;1815;1024;123882;61827;37.3;18.6
89;2021-05-27;2117;1358;125999;63185;37.9;19.0
89;2021-05-28;2143;1422;128142;64607;38.6;19.5
89;2021-05-29;541;658;128683;65265;38.7;19.7
89;2021-05-30;25;22;128708;65287;38.8;19.7
89;2021-05-31;1248;972;129956;66259;39.1;20.0
89;2021-06-01;1505;981;131461;67240;39.6;20.2
89;2021-06-02;1946;1279;133407;68519;40.2;20.6
89;2021-06-03;2431;1523;135838;70042;40.9;21.1
89;2021-06-04;2140;1888;137978;71930;41.5;21.7
89;2021-06-05;1185;1224;139163;73154;41.9;22.0
89;2021-06-06;24;37;139187;73191;41.9;22.0
89;2021-06-07;2107;1452;141294;74643;42.5;22.5
89;2021-06-08;2196;1452;143490;76095;43.2;22.9
89;2021-06-09;2325;1510;145815;77605;43.9;23.4
89;2021-06-10;2793;1600;148608;79205;44.7;23.9
89;2021-06-11;1951;1750;150559;80955;45.3;24.4
89;2021-06-12;1103;759;151662;81714;45.7;24.6
89;2021-06-13;156;423;151818;82137;45.7;24.7
89;2021-06-14;1312;1825;153130;83962;46.1;25.3
89;2021-06-15;1404;2011;154534;85973;46.5;25.9
89;2021-06-16;1129;2582;155663;88555;46.9;26.7
89;2021-06-17;1434;2335;157097;90890;47.3;27.4
89;2021-06-18;1624;2878;158721;93768;47.8;28.2
89;2021-06-19;686;1660;159407;95428;48.0;28.7
89;2021-06-20;55;127;159462;95555;48.0;28.8
89;2021-06-21;758;1528;160220;97083;48.2;29.2
89;2021-06-22;1049;2679;161269;99762;48.6;30.0
89;2021-06-23;1154;1797;162423;101559;48.9;30.6
89;2021-06-24;1077;1497;163500;103056;49.2;31.0
89;2021-06-25;1008;2425;164508;105481;49.5;31.8
89;2021-06-26;560;2482;165068;107963;49.7;32.5
89;2021-06-27;14;28;165082;107991;49.7;32.5
89;2021-06-28;1033;2495;166115;110486;50.0;33.3
89;2021-06-29;691;2403;166806;112889;50.2;34.0
89;2021-06-30;1083;3181;167889;116070;50.6;35.0
89;2021-07-01;1026;2989;168915;119059;50.9;35.9
89;2021-07-02;1108;2751;170023;121810;51.2;36.7
89;2021-07-03;554;1575;170577;123385;51.4;37.2
89;2021-07-04;11;36;170588;123421;51.4;37.2
89;2021-07-05;1296;1839;171884;125260;51.8;37.7
89;2021-07-06;1056;2312;172940;127572;52.1;38.4
89;2021-07-07;681;1787;173621;129359;52.3;39.0
89;2021-07-08;804;1873;174425;131232;52.5;39.5
89;2021-07-09;1146;2606;175571;133838;52.9;40.3
89;2021-07-10;719;816;176290;134654;53.1;40.5
89;2021-07-11;26;39;176316;134693;53.1;40.6
89;2021-07-12;1427;1900;177743;136593;53.5;41.1
89;2021-07-13;2145;2746;179888;139339;54.2;42.0
89;2021-07-14;322;326;180210;139665;54.3;42.1
89;2021-07-15;2253;3156;182463;142821;54.9;43.0
89;2021-07-16;2391;2865;184854;145686;55.7;43.9
89;2021-07-17;1235;1229;186089;146915;56.0;44.2
89;2021-07-18;277;97;186366;147012;56.1;44.3
89;2021-07-19;1566;2812;187932;149824;56.6;45.1
89;2021-07-20;1929;3283;189861;153107;57.2;46.1
89;2021-07-21;2081;2725;191942;155832;57.8;46.9
89;2021-07-22;2481;2994;194423;158826;58.5;47.8
89;2021-07-23;2474;3105;196897;161931;59.3;48.8
89;2021-07-24;1241;1247;198138;163178;59.7;49.1
89;2021-07-25;69;185;198207;163363;59.7;49.2
89;2021-07-26;1720;2322;199927;165685;60.2;49.9
89;2021-07-27;2345;1911;202272;167596;60.9;50.5
89;2021-07-28;2538;1339;204810;168935;61.7;50.9
89;2021-07-29;2526;1621;207336;170556;62.4;51.4
89;2021-07-30;2679;1627;210015;172183;63.2;51.8
89;2021-07-31;1121;1073;211136;173256;63.6;52.2
89;2021-08-01;69;33;211205;173289;63.6;52.2
89;2021-08-02;1805;1289;213010;174578;64.1;52.6
89;2021-08-03;2501;1255;215511;175833;64.9;52.9
89;2021-08-04;1554;1641;217065;177474;65.4;53.4
89;2021-08-05;1572;1693;218637;179167;65.8;54.0
89;2021-08-06;2216;1651;220853;180818;66.5;54.4
89;2021-08-07;931;1098;221784;181916;66.8;54.8
89;2021-08-08;56;48;221840;181964;66.8;54.8
89;2021-08-09;1119;1175;222959;183139;67.1;55.1
89;2021-08-10;1832;1816;224791;184955;67.7;55.7
89;2021-08-11;1594;1585;226385;186540;68.2;56.2
89;2021-08-12;1452;1392;227837;187932;68.6;56.6
89;2021-08-13;1352;1955;229189;189887;69.0;57.2
89;2021-08-14;527;1024;229716;190911;69.2;57.5
89;2021-08-15;20;43;229736;190954;69.2;57.5
89;2021-08-16;1034;1969;230770;192923;69.5;58.1
89;2021-08-17;862;1573;231632;194496;69.7;58.6
89;2021-08-18;643;1897;232275;196393;69.9;59.1
89;2021-08-19;695;1389;232970;197782;70.2;59.6
89;2021-08-20;1154;2266;234124;200048;70.5;60.2
89;2021-08-21;297;1003;234421;201051;70.6;60.5
89;2021-08-22;32;34;234453;201085;70.6;60.6
89;2021-08-23;835;2252;235288;203337;70.8;61.2
89;2021-08-24;869;2366;236157;205703;71.1;61.9
89;2021-08-25;595;1429;236752;207132;71.3;62.4
89;2021-08-26;616;2053;237368;209185;71.5;63.0
89;2021-08-27;874;2265;238242;211450;71.7;63.7
89;2021-08-28;380;1303;238622;212753;71.9;64.1
89;2021-08-29;30;70;238652;212823;71.9;64.1
89;2021-08-30;664;2210;239316;215033;72.1;64.8
89;2021-08-31;610;1578;239926;216611;72.2;65.2
89;2021-09-01;613;1299;240539;217910;72.4;65.6
89;2021-09-02;466;1326;241005;219236;72.6;66.0
89;2021-09-03;635;1908;241640;221144;72.8;66.6
89;2021-09-04;513;947;242153;222091;72.9;66.9
89;2021-09-05;21;11;242174;222102;72.9;66.9
89;2021-09-06;465;1545;242639;223647;73.1;67.3
89;2021-09-07;392;914;243031;224561;73.2;67.6
89;2021-09-08;348;856;243379;225417;73.3;67.9
89;2021-09-09;276;831;243655;226248;73.4;68.1
89;2021-09-10;472;1382;244127;227630;73.5;68.5
89;2021-09-11;273;763;244400;228393;73.6;68.8
89;2021-09-12;11;38;244411;228431;73.6;68.8
89;2021-09-13;386;1068;244797;229499;73.7;69.1
89;2021-09-14;372;660;245169;230159;73.8;69.3
89;2021-09-15;238;699;245407;230858;73.9;69.5
89;2021-09-16;248;571;245655;231429;74.0;69.7
89;2021-09-17;496;1118;246151;232547;74.1;70.0
89;2021-09-18;178;744;246329;233291;74.2;70.2
89;2021-09-19;4;17;246333;233308;74.2;70.3
89;2021-09-20;248;724;246581;234032;74.2;70.5
89;2021-09-21;295;480;246876;234512;74.3;70.6
89;2021-09-22;198;578;247074;235090;74.4;70.8
89;2021-09-23;232;474;247306;235564;74.5;70.9
89;2021-09-24;303;870;247609;236434;74.6;71.2
89;2021-09-25;108;465;247717;236899;74.6;71.3
89;2021-09-26;3;19;247720;236918;74.6;71.3
89;2021-09-27;195;506;247915;237424;74.7;71.5
89;2021-09-28;240;409;248155;237833;74.7;71.6
89;2021-09-29;184;423;248339;238256;74.8;71.7
89;2021-09-30;167;619;248506;238875;74.8;71.9
89;2021-10-01;252;658;248758;239533;74.9;72.1
89;2021-10-02;120;480;248878;240013;74.9;72.3
89;2021-10-03;8;8;248886;240021;74.9;72.3
89;2021-10-04;117;543;249003;240564;75.0;72.4
89;2021-10-05;138;573;249141;241137;75.0;72.6
89;2021-10-06;226;589;249367;241726;75.1;72.8
89;2021-10-07;86;336;249453;242062;75.1;72.9
89;2021-10-08;229;734;249682;242796;75.2;73.1
89;2021-10-09;108;280;249790;243076;75.2;73.2
89;2021-10-10;0;11;249790;243087;75.2;73.2
90;2020-12-27;0;0;0;0;0.0;0.0
90;2020-12-28;0;0;0;0;0.0;0.0
90;2020-12-29;0;0;0;0;0.0;0.0
90;2020-12-30;1;0;1;0;0.0;0.0
90;2020-12-31;0;0;1;0;0.0;0.0
90;2021-01-01;0;0;1;0;0.0;0.0
90;2021-01-02;1;0;2;0;0.0;0.0
90;2021-01-03;0;0;2;0;0.0;0.0
90;2021-01-04;2;0;4;0;0.0;0.0
90;2021-01-05;0;0;4;0;0.0;0.0
90;2021-01-06;0;0;4;0;0.0;0.0
90;2021-01-07;1;0;5;0;0.0;0.0
90;2021-01-08;170;0;175;0;0.1;0.0
90;2021-01-09;46;0;221;0;0.2;0.0
90;2021-01-10;0;0;221;0;0.2;0.0
90;2021-01-11;200;0;421;0;0.3;0.0
90;2021-01-12;431;1;852;1;0.6;0.0
90;2021-01-13;467;2;1319;3;0.9;0.0
90;2021-01-14;414;2;1733;5;1.2;0.0
90;2021-01-15;404;9;2137;14;1.5;0.0
90;2021-01-16;111;2;2248;16;1.6;0.0
90;2021-01-17;1;0;2249;16;1.6;0.0
90;2021-01-18;365;2;2614;18;1.9;0.0
90;2021-01-19;462;6;3076;24;2.2;0.0
90;2021-01-20;393;2;3469;26;2.5;0.0
90;2021-01-21;351;1;3820;27;2.7;0.0
90;2021-01-22;345;2;4165;29;3.0;0.0
90;2021-01-23;98;0;4263;29;3.0;0.0
90;2021-01-24;0;0;4263;29;3.0;0.0
90;2021-01-25;322;3;4585;32;3.3;0.0
90;2021-01-26;224;0;4809;32;3.4;0.0
90;2021-01-27;254;0;5063;32;3.6;0.0
90;2021-01-28;328;33;5391;65;3.8;0.0
90;2021-01-29;291;163;5682;228;4.1;0.2
90;2021-01-30;175;45;5857;273;4.2;0.2
90;2021-01-31;118;0;5975;273;4.3;0.2
90;2021-02-01;275;116;6250;389;4.5;0.3
90;2021-02-02;290;163;6540;552;4.7;0.4
90;2021-02-03;256;368;6796;920;4.8;0.7
90;2021-02-04;257;306;7053;1226;5.0;0.9
90;2021-02-05;266;272;7319;1498;5.2;1.1
90;2021-02-06;90;68;7409;1566;5.3;1.1
90;2021-02-07;0;0;7409;1566;5.3;1.1
90;2021-02-08;170;217;7579;1783;5.4;1.3
90;2021-02-09;139;166;7718;1949;5.5;1.4
90;2021-02-10;182;32;7900;1981;5.6;1.4
90;2021-02-11;229;109;8129;2090;5.8;1.5
90;2021-02-12;126;239;8255;2329;5.9;1.7
90;2021-02-13;96;46;8351;2375;6.0;1.7
90;2021-02-14;0;0;8351;2375;6.0;1.7
90;2021-02-15;113;280;8464;2655;6.0;1.9
90;2021-02-16;92;275;8556;2930;6.1;2.1
90;2021-02-17;178;204;8734;3134;6.2;2.2
90;2021-02-18;128;242;8862;3376;6.3;2.4
90;2021-02-19;64;271;8926;3647;6.4;2.6
90;2021-02-20;40;72;8966;3719;6.4;2.7
90;2021-02-21;0;0;8966;3719;6.4;2.7
90;2021-02-22;77;334;9043;4053;6.5;2.9
90;2021-02-23;40;258;9083;4311;6.5;3.1
90;2021-02-24;109;290;9192;4601;6.6;3.3
90;2021-02-25;89;314;9281;4915;6.6;3.5
90;2021-02-26;89;393;9370;5308;6.7;3.8
90;2021-02-27;140;175;9510;5483;6.8;3.9
90;2021-02-28;8;113;9518;5596;6.8;4.0
90;2021-03-01;211;231;9729;5827;6.9;4.2
90;2021-03-02;178;284;9907;6111;7.1;4.4
90;2021-03-03;239;355;10146;6466;7.2;4.6
90;2021-03-04;260;278;10406;6744;7.4;4.8
90;2021-03-05;359;271;10765;7015;7.7;5.0
90;2021-03-06;291;104;11056;7119;7.9;5.1
90;2021-03-07;18;1;11074;7120;7.9;5.1
90;2021-03-08;246;249;11320;7369;8.1;5.3
90;2021-03-09;430;167;11750;7536;8.4;5.4
90;2021-03-10;348;197;12098;7733;8.6;5.5
90;2021-03-11;347;120;12445;7853;8.9;5.6
90;2021-03-12;519;130;12964;7983;9.3;5.7
90;2021-03-13;539;49;13503;8032;9.6;5.7
90;2021-03-14;21;0;13524;8032;9.7;5.7
90;2021-03-15;388;118;13912;8150;9.9;5.8
90;2021-03-16;401;102;14313;8252;10.2;5.9
90;2021-03-17;323;76;14636;8328;10.4;5.9
90;2021-03-18;349;84;14985;8412;10.7;6.0
90;2021-03-19;468;79;15453;8491;11.0;6.1
90;2021-03-20;427;48;15880;8539;11.3;6.1
90;2021-03-21;7;1;15887;8540;11.3;6.1
90;2021-03-22;399;31;16286;8571;11.6;6.1
90;2021-03-23;740;79;17026;8650;12.1;6.2
90;2021-03-24;817;47;17843;8697;12.7;6.2
90;2021-03-25;949;79;18792;8776;13.4;6.3
90;2021-03-26;1226;62;20018;8838;14.3;6.3
90;2021-03-27;439;34;20457;8872;14.6;6.3
90;2021-03-28;34;0;20491;8872;14.6;6.3
90;2021-03-29;712;144;21203;9016;15.1;6.4
90;2021-03-30;675;156;21878;9172;15.6;6.5
90;2021-03-31;728;87;22606;9259;16.1;6.6
90;2021-04-01;602;123;23208;9382;16.6;6.7
90;2021-04-02;657;98;23865;9480;17.0;6.8
90;2021-04-03;370;41;24235;9521;17.3;6.8
90;2021-04-04;1;0;24236;9521;17.3;6.8
90;2021-04-05;0;0;24236;9521;17.3;6.8
90;2021-04-06;528;252;24764;9773;17.7;7.0
90;2021-04-07;485;268;25249;10041;18.0;7.2
90;2021-04-08;510;246;25759;10287;18.4;7.3
90;2021-04-09;751;268;26510;10555;18.9;7.5
90;2021-04-10;224;9;26734;10564;19.1;7.5
90;2021-04-11;7;0;26741;10564;19.1;7.5
90;2021-04-12;557;482;27298;11046;19.5;7.9
90;2021-04-13;632;532;27930;11578;19.9;8.3
90;2021-04-14;525;354;28455;11932;20.3;8.5
90;2021-04-15;905;293;29360;12225;20.9;8.7
90;2021-04-16;370;406;29730;12631;21.2;9.0
90;2021-04-17;189;129;29919;12760;21.3;9.1
90;2021-04-18;21;0;29940;12760;21.4;9.1
90;2021-04-19;435;573;30375;13333;21.7;9.5
90;2021-04-20;493;620;30868;13953;22.0;10.0
90;2021-04-21;353;498;31221;14451;22.3;10.3
90;2021-04-22;569;602;31790;15053;22.7;10.7
90;2021-04-23;504;743;32294;15796;23.0;11.3
90;2021-04-24;305;202;32599;15998;23.3;11.4
90;2021-04-25;1;0;32600;15998;23.3;11.4
90;2021-04-26;509;751;33109;16749;23.6;12.0
90;2021-04-27;640;683;33749;17432;24.1;12.4
90;2021-04-28;765;448;34514;17880;24.6;12.8
90;2021-04-29;1003;455;35517;18335;25.3;13.1
90;2021-04-30;1120;460;36637;18795;26.1;13.4
90;2021-05-01;60;42;36697;18837;26.2;13.4
90;2021-05-02;4;0;36701;18837;26.2;13.4
90;2021-05-03;903;286;37604;19123;26.8;13.6
90;2021-05-04;784;638;38388;19761;27.4;14.1
90;2021-05-05;891;504;39279;20265;28.0;14.5
90;2021-05-06;851;626;40130;20891;28.6;14.9
90;2021-05-07;440;507;40570;21398;28.9;15.3
90;2021-05-08;26;27;40596;21425;29.0;15.3
90;2021-05-09;5;33;40601;21458;29.0;15.3
90;2021-05-10;506;585;41107;22043;29.3;15.7
90;2021-05-11;778;638;41885;22681;29.9;16.2
90;2021-05-12;531;598;42416;23279;30.3;16.6
90;2021-05-13;1113;265;43529;23544;31.1;16.8
90;2021-05-14;865;403;44394;23947;31.7;17.1
90;2021-05-15;14;125;44408;24072;31.7;17.2
90;2021-05-16;2;7;44410;24079;31.7;17.2
90;2021-05-17;792;290;45202;24369;32.3;17.4
90;2021-05-18;1024;472;46226;24841;33.0;17.7
90;2021-05-19;1264;384;47490;25225;33.9;18.0
90;2021-05-20;1201;270;48691;25495;34.7;18.2
90;2021-05-21;1265;436;49956;25931;35.6;18.5
90;2021-05-22;9;131;49965;26062;35.7;18.6
90;2021-05-23;4;0;49969;26062;35.7;18.6
90;2021-05-24;368;265;50337;26327;35.9;18.8
90;2021-05-25;635;791;50972;27118;36.4;19.3
90;2021-05-26;630;569;51602;27687;36.8;19.8
90;2021-05-27;962;383;52564;28070;37.5;20.0
90;2021-05-28;668;827;53232;28897;38.0;20.6
90;2021-05-29;93;296;53325;29193;38.0;20.8
90;2021-05-30;4;1;53329;29194;38.1;20.8
90;2021-05-31;808;713;54137;29907;38.6;21.3
90;2021-06-01;969;739;55106;30646;39.3;21.9
90;2021-06-02;760;676;55866;31322;39.9;22.3
90;2021-06-03;758;744;56624;32066;40.4;22.9
90;2021-06-04;833;972;57457;33038;41.0;23.6
90;2021-06-05;54;427;57511;33465;41.0;23.9
90;2021-06-06;1;16;57512;33481;41.0;23.9
90;2021-06-07;1265;1081;58777;34562;41.9;24.7
90;2021-06-08;1482;939;60259;35501;43.0;25.3
90;2021-06-09;964;659;61223;36160;43.7;25.8
90;2021-06-10;627;498;61850;36658;44.1;26.2
90;2021-06-11;787;1126;62637;37784;44.7;27.0
90;2021-06-12;806;297;63443;38081;45.3;27.2
90;2021-06-13;10;12;63453;38093;45.3;27.2
90;2021-06-14;264;972;63717;39065;45.5;27.9
90;2021-06-15;566;882;64283;39947;45.9;28.5
90;2021-06-16;509;548;64792;40495;46.2;28.9
90;2021-06-17;443;638;65235;41133;46.5;29.4
90;2021-06-18;623;997;65858;42130;47.0;30.1
90;2021-06-19;450;171;66308;42301;47.3;30.2
90;2021-06-20;0;28;66308;42329;47.3;30.2
90;2021-06-21;256;1176;66564;43505;47.5;31.0
90;2021-06-22;384;950;66948;44455;47.8;31.7
90;2021-06-23;415;633;67363;45088;48.1;32.2
90;2021-06-24;319;602;67682;45690;48.3;32.6
90;2021-06-25;431;1270;68113;46960;48.6;33.5
90;2021-06-26;420;560;68533;47520;48.9;33.9
90;2021-06-27;2;6;68535;47526;48.9;33.9
90;2021-06-28;381;1298;68916;48824;49.2;34.8
90;2021-06-29;305;1305;69221;50129;49.4;35.8
90;2021-06-30;485;1227;69706;51356;49.7;36.6
90;2021-07-01;355;920;70061;52276;50.0;37.3
90;2021-07-02;506;1205;70567;53481;50.4;38.2
90;2021-07-03;53;129;70620;53610;50.4;38.3
90;2021-07-04;0;21;70620;53631;50.4;38.3
90;2021-07-05;400;1014;71020;54645;50.7;39.0
90;2021-07-06;514;970;71534;55615;51.0;39.7
90;2021-07-07;381;998;71915;56613;51.3;40.4
90;2021-07-08;304;607;72219;57220;51.5;40.8
90;2021-07-09;439;950;72658;58170;51.8;41.5
90;2021-07-10;32;91;72690;58261;51.9;41.6
90;2021-07-11;7;17;72697;58278;51.9;41.6
90;2021-07-12;246;1075;72943;59353;52.0;42.4
90;2021-07-13;474;1162;73417;60515;52.4;43.2
90;2021-07-14;4;9;73421;60524;52.4;43.2
90;2021-07-15;789;1455;74210;61979;53.0;44.2
90;2021-07-16;826;1681;75036;63660;53.5;45.4
90;2021-07-17;484;955;75520;64615;53.9;46.1
90;2021-07-18;4;2;75524;64617;53.9;46.1
90;2021-07-19;1186;1460;76710;66077;54.7;47.1
90;2021-07-20;1339;1135;78049;67212;55.7;48.0
90;2021-07-21;1395;983;79444;68195;56.7;48.7
90;2021-07-22;1127;697;80571;68892;57.5;49.2
90;2021-07-23;968;1020;81539;69912;58.2;49.9
90;2021-07-24;121;66;81660;69978;58.3;49.9
90;2021-07-25;2;1;81662;69979;58.3;49.9
90;2021-07-26;1074;801;82736;70780;59.0;50.5
90;2021-07-27;1081;746;83817;71526;59.8;51.0
90;2021-07-28;825;712;84642;72238;60.4;51.5
90;2021-07-29;843;441;85485;72679;61.0;51.9
90;2021-07-30;786;506;86271;73185;61.6;52.2
90;2021-07-31;484;313;86755;73498;61.9;52.4
90;2021-08-01;0;3;86755;73501;61.9;52.4
90;2021-08-02;850;510;87605;74011;62.5;52.8
90;2021-08-03;929;494;88534;74505;63.2;53.2
90;2021-08-04;1067;460;89601;74965;63.9;53.5
90;2021-08-05;521;223;90122;75188;64.3;53.7
90;2021-08-06;649;388;90771;75576;64.8;53.9
90;2021-08-07;37;63;90808;75639;64.8;54.0
90;2021-08-08;18;3;90826;75642;64.8;54.0
90;2021-08-09;730;947;91556;76589;65.3;54.6
90;2021-08-10;536;1152;92092;77741;65.7;55.5
90;2021-08-11;537;948;92629;78689;66.1;56.1
90;2021-08-12;449;820;93078;79509;66.4;56.7
90;2021-08-13;545;898;93623;80407;66.8;57.4
90;2021-08-14;30;98;93653;80505;66.8;57.4
90;2021-08-15;2;7;93655;80512;66.8;57.4
90;2021-08-16;451;632;94106;81144;67.1;57.9
90;2021-08-17;347;1167;94453;82311;67.4;58.7
90;2021-08-18;275;881;94728;83192;67.6;59.4
90;2021-08-19;248;627;94976;83819;67.8;59.8
90;2021-08-20;361;771;95337;84590;68.0;60.4
90;2021-08-21;32;71;95369;84661;68.1;60.4
90;2021-08-22;0;7;95369;84668;68.1;60.4
90;2021-08-23;320;489;95689;85157;68.3;60.8
90;2021-08-24;337;959;96026;86116;68.5;61.4
90;2021-08-25;254;915;96280;87031;68.7;62.1
90;2021-08-26;247;675;96527;87706;68.9;62.6
90;2021-08-27;279;737;96806;88443;69.1;63.1
90;2021-08-28;21;64;96827;88507;69.1;63.2
90;2021-08-29;3;6;96830;88513;69.1;63.2
90;2021-08-30;325;628;97155;89141;69.3;63.6
90;2021-08-31;279;1010;97434;90151;69.5;64.3
90;2021-09-01;268;677;97702;90828;69.7;64.8
90;2021-09-02;159;385;97861;91213;69.8;65.1
90;2021-09-03;222;517;98083;91730;70.0;65.5
90;2021-09-04;55;139;98138;91869;70.0;65.6
90;2021-09-05;10;23;98148;91892;70.0;65.6
90;2021-09-06;134;722;98282;92614;70.1;66.1
90;2021-09-07;220;570;98502;93184;70.3;66.5
90;2021-09-08;224;575;98726;93759;70.4;66.9
90;2021-09-09;189;257;98915;94016;70.6;67.1
90;2021-09-10;192;471;99107;94487;70.7;67.4
90;2021-09-11;12;4;99119;94491;70.7;67.4
90;2021-09-12;0;7;99119;94498;70.7;67.4
90;2021-09-13;211;371;99330;94869;70.9;67.7
90;2021-09-14;161;337;99491;95206;71.0;67.9
90;2021-09-15;184;392;99675;95598;71.1;68.2
90;2021-09-16;154;238;99829;95836;71.2;68.4
90;2021-09-17;183;340;100012;96176;71.4;68.6
90;2021-09-18;17;24;100029;96200;71.4;68.6
90;2021-09-19;7;4;100036;96204;71.4;68.6
90;2021-09-20;153;250;100189;96454;71.5;68.8
90;2021-09-21;105;248;100294;96702;71.6;69.0
90;2021-09-22;104;353;100398;97055;71.6;69.3
90;2021-09-23;80;138;100478;97193;71.7;69.4
90;2021-09-24;102;285;100580;97478;71.8;69.6
90;2021-09-25;16;31;100596;97509;71.8;69.6
90;2021-09-26;0;7;100596;97516;71.8;69.6
90;2021-09-27;93;199;100689;97715;71.8;69.7
90;2021-09-28;90;140;100779;97855;71.9;69.8
90;2021-09-29;79;236;100858;98091;72.0;70.0
90;2021-09-30;61;131;100919;98222;72.0;70.1
90;2021-10-01;112;232;101031;98454;72.1;70.3
90;2021-10-02;10;28;101041;98482;72.1;70.3
90;2021-10-03;0;11;101041;98493;72.1;70.3
90;2021-10-04;140;209;101181;98702;72.2;70.4
90;2021-10-05;43;133;101224;98835;72.2;70.5
90;2021-10-06;91;186;101315;99021;72.3;70.7
90;2021-10-07;58;135;101373;99156;72.3;70.8
90;2021-10-08;112;238;101485;99394;72.4;70.9
90;2021-10-09;6;15;101491;99409;72.4;70.9
90;2021-10-10;0;4;101491;99413;72.4;70.9
91;2020-12-27;0;0;0;0;0.0;0.0
91;2020-12-28;0;0;0;0;0.0;0.0
91;2020-12-29;1;0;1;0;0.0;0.0
91;2020-12-30;1;0;2;0;0.0;0.0
91;2020-12-31;0;0;2;0;0.0;0.0
91;2021-01-01;5;0;7;0;0.0;0.0
91;2021-01-02;0;0;7;0;0.0;0.0
91;2021-01-03;0;0;7;0;0.0;0.0
91;2021-01-04;1;0;8;0;0.0;0.0
91;2021-01-05;71;0;79;0;0.0;0.0
91;2021-01-06;188;2;267;2;0.0;0.0
91;2021-01-07;522;7;789;9;0.1;0.0
91;2021-01-08;394;1;1183;10;0.1;0.0
91;2021-01-09;89;3;1272;13;0.1;0.0
91;2021-01-10;1;0;1273;13;0.1;0.0
91;2021-01-11;595;2;1868;15;0.1;0.0
91;2021-01-12;899;8;2767;23;0.2;0.0
91;2021-01-13;703;8;3470;31;0.3;0.0
91;2021-01-14;721;12;4191;43;0.3;0.0
91;2021-01-15;570;4;4761;47;0.4;0.0
91;2021-01-16;316;7;5077;54;0.4;0.0
91;2021-01-17;118;2;5195;56;0.4;0.0
91;2021-01-18;991;3;6186;59;0.5;0.0
91;2021-01-19;1877;31;8063;90;0.6;0.0
91;2021-01-20;2377;42;10440;132;0.8;0.0
91;2021-01-21;2109;24;12549;156;1.0;0.0
91;2021-01-22;1863;11;14412;167;1.1;0.0
91;2021-01-23;413;1;14825;168;1.1;0.0
91;2021-01-24;53;0;14878;168;1.1;0.0
91;2021-01-25;1049;4;15927;172;1.2;0.0
91;2021-01-26;1575;54;17502;226;1.3;0.0
91;2021-01-27;2423;128;19925;354;1.5;0.0
91;2021-01-28;1987;230;21912;584;1.7;0.0
91;2021-01-29;1747;70;23659;654;1.8;0.0
91;2021-01-30;422;9;24081;663;1.8;0.1
91;2021-01-31;54;0;24135;663;1.8;0.1
91;2021-02-01;965;219;25100;882;1.9;0.1
91;2021-02-02;859;365;25959;1247;2.0;0.1
91;2021-02-03;938;570;26897;1817;2.0;0.1
91;2021-02-04;885;279;27782;2096;2.1;0.2
91;2021-02-05;1037;359;28819;2455;2.2;0.2
91;2021-02-06;341;92;29160;2547;2.2;0.2
91;2021-02-07;14;1;29174;2548;2.2;0.2
91;2021-02-08;905;607;30079;3155;2.3;0.2
91;2021-02-09;963;861;31042;4016;2.4;0.3
91;2021-02-10;1065;995;32107;5011;2.4;0.4
91;2021-02-11;1123;1020;33230;6031;2.5;0.5
91;2021-02-12;1064;839;34294;6870;2.6;0.5
91;2021-02-13;332;359;34626;7229;2.6;0.5
91;2021-02-14;18;113;34644;7342;2.6;0.6
91;2021-02-15;369;1252;35013;8594;2.7;0.7
91;2021-02-16;555;1745;35568;10339;2.7;0.8
91;2021-02-17;814;2682;36382;13021;2.8;1.0
91;2021-02-18;944;2017;37326;15038;2.8;1.1
91;2021-02-19;874;1380;38200;16418;2.9;1.2
91;2021-02-20;168;357;38368;16775;2.9;1.3
91;2021-02-21;13;49;38381;16824;2.9;1.3
91;2021-02-22;335;1196;38716;18020;2.9;1.4
91;2021-02-23;398;1068;39114;19088;3.0;1.4
91;2021-02-24;475;1055;39589;20143;3.0;1.5
91;2021-02-25;736;1020;40325;21163;3.1;1.6
91;2021-02-26;1096;1059;41421;22222;3.1;1.7
91;2021-02-27;613;329;42034;22551;3.2;1.7
91;2021-02-28;65;66;42099;22617;3.2;1.7
91;2021-03-01;933;1074;43032;23691;3.3;1.8
91;2021-03-02;1261;1091;44293;24782;3.4;1.9
91;2021-03-03;1467;1281;45760;26063;3.5;2.0
91;2021-03-04;2435;1138;48195;27201;3.7;2.1
91;2021-03-05;3358;1185;51553;28386;3.9;2.2
91;2021-03-06;4913;477;56466;28863;4.3;2.2
91;2021-03-07;3208;123;59674;28986;4.5;2.2
91;2021-03-08;1474;1068;61148;30054;4.6;2.3
91;2021-03-09;2625;1003;63773;31057;4.8;2.4
91;2021-03-10;2627;1055;66400;32112;5.0;2.4
91;2021-03-11;3785;1146;70185;33258;5.3;2.5
91;2021-03-12;4792;1064;74977;34322;5.7;2.6
91;2021-03-13;5258;358;80235;34680;6.1;2.6
91;2021-03-14;305;29;80540;34709;6.1;2.6
91;2021-03-15;2987;446;83527;35155;6.3;2.7
91;2021-03-16;2617;393;86144;35548;6.5;2.7
91;2021-03-17;2227;356;88371;35904;6.7;2.7
91;2021-03-18;2393;418;90764;36322;6.9;2.8
91;2021-03-19;4093;389;94857;36711;7.2;2.8
91;2021-03-20;3608;191;98465;36902;7.5;2.8
91;2021-03-21;138;30;98603;36932;7.5;2.8
91;2021-03-22;3150;609;101753;37541;7.7;2.8
91;2021-03-23;4139;706;105892;38247;8.0;2.9
91;2021-03-24;3937;509;109829;38756;8.3;2.9
91;2021-03-25;5060;538;114889;39294;8.7;3.0
91;2021-03-26;5550;560;120439;39854;9.1;3.0
91;2021-03-27;4982;352;125421;40206;9.5;3.0
91;2021-03-28;282;59;125703;40265;9.5;3.1
91;2021-03-29;3304;1046;129007;41311;9.8;3.1
91;2021-03-30;4426;1239;133433;42550;10.1;3.2
91;2021-03-31;3370;1349;136803;43899;10.4;3.3
91;2021-04-01;3739;1693;140542;45592;10.7;3.5
91;2021-04-02;3887;2321;144429;47913;10.9;3.6
91;2021-04-03;1874;2879;146303;50792;11.1;3.8
91;2021-04-04;647;1320;146950;52112;11.1;3.9
91;2021-04-05;562;135;147512;52247;11.2;4.0
91;2021-04-06;3403;1795;150915;54042;11.4;4.1
91;2021-04-07;3420;1946;154335;55988;11.7;4.2
91;2021-04-08;4664;2179;158999;58167;12.1;4.4
91;2021-04-09;5349;2170;164348;60337;12.5;4.6
91;2021-04-10;2734;2824;167082;63161;12.7;4.8
91;2021-04-11;191;141;167273;63302;12.7;4.8
91;2021-04-12;2854;2283;170127;65585;12.9;5.0
91;2021-04-13;3758;2657;173885;68242;13.2;5.2
91;2021-04-14;3707;2332;177592;70574;13.5;5.3
91;2021-04-15;4477;2527;182069;73101;13.8;5.5
91;2021-04-16;4548;2816;186617;75917;14.1;5.8
91;2021-04-17;2983;2084;189600;78001;14.4;5.9
91;2021-04-18;269;73;189869;78074;14.4;5.9
91;2021-04-19;2306;2743;192175;80817;14.6;6.1
91;2021-04-20;3178;2990;195353;83807;14.8;6.4
91;2021-04-21;2990;2904;198343;86711;15.0;6.6
91;2021-04-22;3171;3370;201514;90081;15.3;6.8
91;2021-04-23;3717;3361;205231;93442;15.6;7.1
91;2021-04-24;3480;3736;208711;97178;15.8;7.4
91;2021-04-25;2619;647;211330;97825;16.0;7.4
91;2021-04-26;3486;2812;214816;100637;16.3;7.6
91;2021-04-27;4486;2929;219302;103566;16.6;7.8
91;2021-04-28;4569;2709;223871;106275;17.0;8.1
91;2021-04-29;5745;3069;229616;109344;17.4;8.3
91;2021-04-30;5385;2857;235001;112201;17.8;8.5
91;2021-05-01;3517;528;238518;112729;18.1;8.5
91;2021-05-02;628;134;239146;112863;18.1;8.6
91;2021-05-03;5202;2292;244348;115155;18.5;8.7
91;2021-05-04;5589;3181;249937;118336;18.9;9.0
91;2021-05-05;4852;2878;254789;121214;19.3;9.2
91;2021-05-06;5245;3381;260034;124595;19.7;9.4
91;2021-05-07;6122;3751;266156;128346;20.2;9.7
91;2021-05-08;6519;967;272675;129313;20.7;9.8
91;2021-05-09;4804;570;277479;129883;21.0;9.8
91;2021-05-10;5901;3010;283380;132893;21.5;10.1
91;2021-05-11;6826;3835;290206;136728;22.0;10.4
91;2021-05-12;5895;3443;296101;140171;22.4;10.6
91;2021-05-13;4825;1083;300926;141254;22.8;10.7
91;2021-05-14;6549;2396;307475;143650;23.3;10.9
91;2021-05-15;7793;1931;315268;145581;23.9;11.0
91;2021-05-16;4583;373;319851;145954;24.2;11.1
91;2021-05-17;6952;1706;326803;147660;24.8;11.2
91;2021-05-18;8120;1743;334923;149403;25.4;11.3
91;2021-05-19;7098;1697;342021;151100;25.9;11.5
91;2021-05-20;8201;2143;350222;153243;26.5;11.6
91;2021-05-21;8146;2580;358368;155823;27.2;11.8
91;2021-05-22;7660;1538;366028;157361;27.7;11.9
91;2021-05-23;4792;535;370820;157896;28.1;12.0
91;2021-05-24;5014;597;375834;158493;28.5;12.0
91;2021-05-25;7621;2655;383455;161148;29.1;12.2
91;2021-05-26;6874;2946;390329;164094;29.6;12.4
91;2021-05-27;7972;3448;398301;167542;30.2;12.7
91;2021-05-28;7534;4326;405835;171868;30.8;13.0
91;2021-05-29;9301;3508;415136;175376;31.5;13.3
91;2021-05-30;5948;964;421084;176340;31.9;13.4
91;2021-05-31;6738;3698;427822;180038;32.4;13.6
91;2021-06-01;7787;4781;435609;184819;33.0;14.0
91;2021-06-02;7454;3961;443063;188780;33.6;14.3
91;2021-06-03;7859;4780;450922;193560;34.2;14.7
91;2021-06-04;7194;5724;458116;199284;34.7;15.1
91;2021-06-05;6385;5821;464501;205105;35.2;15.5
91;2021-06-06;4087;2512;468588;207617;35.5;15.7
91;2021-06-07;5878;5481;474466;213098;36.0;16.2
91;2021-06-08;7039;5795;481505;218893;36.5;16.6
91;2021-06-09;6469;5144;487974;224037;37.0;17.0
91;2021-06-10;7177;5779;495151;229816;37.5;17.4
91;2021-06-11;6546;7111;501697;236927;38.0;18.0
91;2021-06-12;6218;7368;507915;244295;38.5;18.5
91;2021-06-13;2846;2316;510761;246611;38.7;18.7
91;2021-06-14;4225;7198;514986;253809;39.0;19.2
91;2021-06-15;5575;7262;520561;261071;39.5;19.8
91;2021-06-16;5297;6446;525858;267517;39.9;20.3
91;2021-06-17;6251;7131;532109;274648;40.3;20.8
91;2021-06-18;4629;8740;536738;283388;40.7;21.5
91;2021-06-19;4190;7155;540928;290543;41.0;22.0
91;2021-06-20;1007;4212;541935;294755;41.1;22.3
91;2021-06-21;3232;7237;545167;301992;41.3;22.9
91;2021-06-22;4157;9229;549324;311221;41.6;23.6
91;2021-06-23;4315;7961;553639;319182;42.0;24.2
91;2021-06-24;4913;8483;558552;327665;42.3;24.8
91;2021-06-25;3477;9166;562029;336831;42.6;25.5
91;2021-06-26;2989;8034;565018;344865;42.8;26.1
91;2021-06-27;550;2996;565568;347861;42.9;26.4
91;2021-06-28;3129;8237;568697;356098;43.1;27.0
91;2021-06-29;3588;9634;572285;365732;43.4;27.7
91;2021-06-30;3954;8702;576239;374434;43.7;28.4
91;2021-07-01;4103;8873;580342;383307;44.0;29.1
91;2021-07-02;3775;9320;584117;392627;44.3;29.8
91;2021-07-03;2881;9789;586998;402416;44.5;30.5
91;2021-07-04;852;4726;587850;407142;44.6;30.9
91;2021-07-05;2662;7258;590512;414400;44.8;31.4
91;2021-07-06;3758;9431;594270;423831;45.0;32.1
91;2021-07-07;3806;8592;598076;432423;45.3;32.8
91;2021-07-08;4358;8992;602434;441415;45.7;33.5
91;2021-07-09;3968;9953;606402;451368;46.0;34.2
91;2021-07-10;3397;10236;609799;461604;46.2;35.0
91;2021-07-11;987;4804;610786;466408;46.3;35.3
91;2021-07-12;2804;8887;613590;475295;46.5;36.0
91;2021-07-13;4467;10393;618057;485688;46.8;36.8
91;2021-07-14;2304;3586;620361;489274;47.0;37.1
91;2021-07-15;4537;9824;624898;499098;47.4;37.8
91;2021-07-16;6287;9768;631185;508866;47.8;38.6
91;2021-07-17;5751;9069;636936;517935;48.3;39.3
91;2021-07-18;3402;3686;640338;521621;48.5;39.5
91;2021-07-19;3777;7538;644115;529159;48.8;40.1
91;2021-07-20;6074;9310;650189;538469;49.3;40.8
91;2021-07-21;6252;7740;656441;546209;49.8;41.4
91;2021-07-22;6497;8401;662938;554610;50.2;42.0
91;2021-07-23;6926;8288;669864;562898;50.8;42.7
91;2021-07-24;5013;6481;674877;569379;51.2;43.2
91;2021-07-25;3267;1408;678144;570787;51.4;43.3
91;2021-07-26;4935;6592;683079;577379;51.8;43.8
91;2021-07-27;7567;7084;690646;584463;52.3;44.3
91;2021-07-28;7365;5924;698011;590387;52.9;44.7
91;2021-07-29;7400;5915;705411;596302;53.5;45.2
91;2021-07-30;6914;5784;712325;602086;54.0;45.6
91;2021-07-31;4910;4790;717235;606876;54.4;46.0
91;2021-08-01;2659;1339;719894;608215;54.6;46.1
91;2021-08-02;4819;4237;724713;612452;54.9;46.4
91;2021-08-03;6110;4696;730823;617148;55.4;46.8
91;2021-08-04;5701;4143;736524;621291;55.8;47.1
91;2021-08-05;5606;4272;742130;625563;56.2;47.4
91;2021-08-06;5712;5630;747842;631193;56.7;47.8
91;2021-08-07;3084;2419;750926;633612;56.9;48.0
91;2021-08-08;622;1102;751548;634714;57.0;48.1
91;2021-08-09;3836;3978;755384;638692;57.3;48.4
91;2021-08-10;4650;4555;760034;643247;57.6;48.8
91;2021-08-11;4151;4487;764185;647734;57.9;49.1
91;2021-08-12;4091;4785;768276;652519;58.2;49.5
91;2021-08-13;4301;4866;772577;657385;58.6;49.8
91;2021-08-14;2246;2402;774823;659787;58.7;50.0
91;2021-08-15;95;171;774918;659958;58.7;50.0
91;2021-08-16;3105;4664;778023;664622;59.0;50.4
91;2021-08-17;3654;5822;781677;670444;59.2;50.8
91;2021-08-18;3029;5797;784706;676241;59.5;51.3
91;2021-08-19;3481;5775;788187;682016;59.7;51.7
91;2021-08-20;3220;6958;791407;688974;60.0;52.2
91;2021-08-21;2464;3355;793871;692329;60.2;52.5
91;2021-08-22;738;1297;794609;693626;60.2;52.6
91;2021-08-23;2428;5311;797037;698937;60.4;53.0
91;2021-08-24;2987;6963;800024;705900;60.6;53.5
91;2021-08-25;3437;6723;803461;712623;60.9;54.0
91;2021-08-26;2749;5953;806210;718576;61.1;54.5
91;2021-08-27;2836;7504;809046;726080;61.3;55.0
91;2021-08-28;2390;4836;811436;730916;61.5;55.4
91;2021-08-29;1782;2800;813218;733716;61.6;55.6
91;2021-08-30;1803;5547;815021;739263;61.8;56.0
91;2021-08-31;2258;5915;817279;745178;61.9;56.5
91;2021-09-01;2453;4378;819732;749556;62.1;56.8
91;2021-09-02;1931;3567;821663;753123;62.3;57.1
91;2021-09-03;2172;4651;823835;757774;62.4;57.4
91;2021-09-04;2084;4093;825919;761867;62.6;57.7
91;2021-09-05;748;879;826667;762746;62.7;57.8
91;2021-09-06;1705;2991;828372;765737;62.8;58.0
91;2021-09-07;1568;2793;829940;768530;62.9;58.2
91;2021-09-08;1795;3081;831735;771611;63.0;58.5
91;2021-09-09;1310;2814;833045;774425;63.1;58.7
91;2021-09-10;1804;3554;834849;777979;63.3;59.0
91;2021-09-11;1748;4284;836597;782263;63.4;59.3
91;2021-09-12;627;944;837224;783207;63.5;59.4
91;2021-09-13;1276;2290;838500;785497;63.6;59.5
91;2021-09-14;1827;2656;840327;788153;63.7;59.7
91;2021-09-15;1661;3286;841988;791439;63.8;60.0
91;2021-09-16;1497;2384;843485;793823;63.9;60.2
91;2021-09-17;1438;3000;844923;796823;64.0;60.4
91;2021-09-18;1388;3669;846311;800492;64.1;60.7
91;2021-09-19;460;1149;846771;801641;64.2;60.8
91;2021-09-20;753;1598;847524;803239;64.2;60.9
91;2021-09-21;884;1749;848408;804988;64.3;61.0
91;2021-09-22;926;2641;849334;807629;64.4;61.2
91;2021-09-23;928;1734;850262;809363;64.4;61.3
91;2021-09-24;897;2201;851159;811564;64.5;61.5
91;2021-09-25;1051;3482;852210;815046;64.6;61.8
91;2021-09-26;217;821;852427;815867;64.6;61.8
91;2021-09-27;729;1570;853156;817437;64.7;62.0
91;2021-09-28;899;1442;854055;818879;64.7;62.1
91;2021-09-29;1014;2226;855069;821105;64.8;62.2
91;2021-09-30;662;1131;855731;822236;64.9;62.3
91;2021-10-01;963;1873;856694;824109;64.9;62.5
91;2021-10-02;1106;2390;857800;826499;65.0;62.6
91;2021-10-03;266;613;858066;827112;65.0;62.7
91;2021-10-04;617;1166;858683;828278;65.1;62.8
91;2021-10-05;590;1113;859273;829391;65.1;62.9
91;2021-10-06;777;1925;860050;831316;65.2;63.0
91;2021-10-07;567;1124;860617;832440;65.2;63.1
91;2021-10-08;786;1750;861403;834190;65.3;63.2
91;2021-10-09;1067;1987;862470;836177;65.4;63.4
91;2021-10-10;281;515;862751;836692;65.4;63.4
92;2020-12-27;46;5;46;5;0.0;0.0
92;2020-12-28;30;1;76;6;0.0;0.0
92;2020-12-29;65;2;141;8;0.0;0.0
92;2020-12-30;53;5;194;13;0.0;0.0
92;2020-12-31;13;1;207;14;0.0;0.0
92;2021-01-01;38;3;245;17;0.0;0.0
92;2021-01-02;16;0;261;17;0.0;0.0
92;2021-01-03;19;1;280;18;0.0;0.0
92;2021-01-04;80;5;360;23;0.0;0.0
92;2021-01-05;237;4;597;27;0.0;0.0
92;2021-01-06;419;4;1016;31;0.1;0.0
92;2021-01-07;674;9;1690;40;0.1;0.0
92;2021-01-08;851;4;2541;44;0.2;0.0
92;2021-01-09;130;6;2671;50;0.2;0.0
92;2021-01-10;53;2;2724;52;0.2;0.0
92;2021-01-11;853;12;3577;64;0.2;0.0
92;2021-01-12;1308;13;4885;77;0.3;0.0
92;2021-01-13;1254;17;6139;94;0.4;0.0
92;2021-01-14;1245;32;7384;126;0.5;0.0
92;2021-01-15;986;11;8370;137;0.5;0.0
92;2021-01-16;187;4;8557;141;0.5;0.0
92;2021-01-17;34;2;8591;143;0.5;0.0
92;2021-01-18;1556;34;10147;177;0.6;0.0
92;2021-01-19;1578;31;11725;208;0.7;0.0
92;2021-01-20;1826;20;13551;228;0.8;0.0
92;2021-01-21;3455;36;17006;264;1.1;0.0
92;2021-01-22;2627;47;19633;311;1.2;0.0
92;2021-01-23;153;9;19786;320;1.2;0.0
92;2021-01-24;35;3;19821;323;1.2;0.0
92;2021-01-25;862;20;20683;343;1.3;0.0
92;2021-01-26;1220;14;21903;357;1.4;0.0
92;2021-01-27;2226;109;24129;466;1.5;0.0
92;2021-01-28;4201;209;28330;675;1.8;0.0
92;2021-01-29;2721;268;31051;943;1.9;0.1
92;2021-01-30;327;18;31378;961;1.9;0.1
92;2021-01-31;36;6;31414;967;1.9;0.1
92;2021-02-01;877;324;32291;1291;2.0;0.1
92;2021-02-02;1071;355;33362;1646;2.1;0.1
92;2021-02-03;1006;447;34368;2093;2.1;0.1
92;2021-02-04;1058;548;35426;2641;2.2;0.2
92;2021-02-05;1336;503;36762;3144;2.3;0.2
92;2021-02-06;128;24;36890;3168;2.3;0.2
92;2021-02-07;24;19;36914;3187;2.3;0.2
92;2021-02-08;589;733;37503;3920;2.3;0.2
92;2021-02-09;1074;1305;38577;5225;2.4;0.3
92;2021-02-10;1094;1312;39671;6537;2.5;0.4
92;2021-02-11;1520;1942;41191;8479;2.6;0.5
92;2021-02-12;1425;1486;42616;9965;2.6;0.6
92;2021-02-13;80;68;42696;10033;2.6;0.6
92;2021-02-14;31;6;42727;10039;2.6;0.6
92;2021-02-15;584;1653;43311;11692;2.7;0.7
92;2021-02-16;793;2047;44104;13739;2.7;0.9
92;2021-02-17;629;1761;44733;15500;2.8;1.0
92;2021-02-18;1583;3653;46316;19153;2.9;1.2
92;2021-02-19;1736;2665;48052;21818;3.0;1.4
92;2021-02-20;150;400;48202;22218;3.0;1.4
92;2021-02-21;51;55;48253;22273;3.0;1.4
92;2021-02-22;505;1214;48758;23487;3.0;1.5
92;2021-02-23;746;1364;49504;24851;3.1;1.5
92;2021-02-24;620;1291;50124;26142;3.1;1.6
92;2021-02-25;935;1796;51059;27938;3.2;1.7
92;2021-02-26;1468;1372;52527;29310;3.3;1.8
92;2021-02-27;507;190;53034;29500;3.3;1.8
92;2021-02-28;75;58;53109;29558;3.3;1.8
92;2021-03-01;1106;1058;54215;30616;3.4;1.9
92;2021-03-02;1986;1384;56201;32000;3.5;2.0
92;2021-03-03;2812;1110;59013;33110;3.7;2.1
92;2021-03-04;3607;1543;62620;34653;3.9;2.1
92;2021-03-05;4985;1745;67605;36398;4.2;2.3
92;2021-03-06;5727;350;73332;36748;4.5;2.3
92;2021-03-07;2908;242;76240;36990;4.7;2.3
92;2021-03-08;2430;833;78670;37823;4.9;2.3
92;2021-03-09;3449;1048;82119;38871;5.1;2.4
92;2021-03-10;3953;971;86072;39842;5.3;2.5
92;2021-03-11;5028;1432;91100;41274;5.6;2.6
92;2021-03-12;6779;1588;97879;42862;6.1;2.7
92;2021-03-13;5163;256;103042;43118;6.4;2.7
92;2021-03-14;1747;81;104789;43199;6.5;2.7
92;2021-03-15;3812;624;108601;43823;6.7;2.7
92;2021-03-16;3701;615;112302;44438;7.0;2.8
92;2021-03-17;3881;440;116183;44878;7.2;2.8
92;2021-03-18;4150;769;120333;45647;7.5;2.8
92;2021-03-19;5936;762;126269;46409;7.8;2.9
92;2021-03-20;2544;84;128813;46493;8.0;2.9
92;2021-03-21;156;33;128969;46526;8.0;2.9
92;2021-03-22;4120;494;133089;47020;8.2;2.9
92;2021-03-23;6113;897;139202;47917;8.6;3.0
92;2021-03-24;6385;677;145587;48594;9.0;3.0
92;2021-03-25;8446;675;154033;49269;9.5;3.1
92;2021-03-26;8363;914;162396;50183;10.1;3.1
92;2021-03-27;2838;285;165234;50468;10.2;3.1
92;2021-03-28;543;40;165777;50508;10.3;3.1
92;2021-03-29;4672;1076;170449;51584;10.6;3.2
92;2021-03-30;6396;1570;176845;53154;11.0;3.3
92;2021-03-31;5556;2276;182401;55430;11.3;3.4
92;2021-04-01;6279;3701;188680;59131;11.7;3.7
92;2021-04-02;5639;3449;194319;62580;12.0;3.9
92;2021-04-03;878;1425;195197;64005;12.1;4.0
92;2021-04-04;493;1065;195690;65070;12.1;4.0
92;2021-04-05;818;163;196508;65233;12.2;4.0
92;2021-04-06;3666;1975;200174;67208;12.4;4.2
92;2021-04-07;5005;2900;205179;70108;12.7;4.3
92;2021-04-08;5993;3206;211172;73314;13.1;4.5
92;2021-04-09;8039;3090;219211;76404;13.6;4.7
92;2021-04-10;2646;1305;221857;77709;13.7;4.8
92;2021-04-11;171;810;222028;78519;13.8;4.9
92;2021-04-12;3688;2529;225716;81048;14.0;5.0
92;2021-04-13;4389;4444;230105;85492;14.3;5.3
92;2021-04-14;4878;4053;234983;89545;14.6;5.5
92;2021-04-15;5305;3968;240288;93513;14.9;5.8
92;2021-04-16;5079;3876;245367;97389;15.2;6.0
92;2021-04-17;1807;1198;247174;98587;15.3;6.1
92;2021-04-18;351;97;247525;98684;15.3;6.1
92;2021-04-19;2820;2848;250345;101532;15.5;6.3
92;2021-04-20;4200;3764;254545;105296;15.8;6.5
92;2021-04-21;4618;4527;259163;109823;16.1;6.8
92;2021-04-22;4663;5135;263826;114958;16.3;7.1
92;2021-04-23;5262;4737;269088;119695;16.7;7.4
92;2021-04-24;4943;1919;274031;121614;17.0;7.5
92;2021-04-25;1797;153;275828;121767;17.1;7.5
92;2021-04-26;4004;3630;279832;125397;17.3;7.8
92;2021-04-27;6048;5275;285880;130672;17.7;8.1
92;2021-04-28;7385;4519;293265;135191;18.2;8.4
92;2021-04-29;7996;4806;301261;139997;18.7;8.7
92;2021-04-30;8846;4864;310107;144861;19.2;9.0
92;2021-05-01;1202;413;311309;145274;19.3;9.0
92;2021-05-02;669;141;311978;145415;19.3;9.0
92;2021-05-03;6790;3895;318768;149310;19.8;9.3
92;2021-05-04;10435;4381;329203;153691;20.4;9.5
92;2021-05-05;10078;5260;339281;158951;21.0;9.8
92;2021-05-06;11427;4911;350708;163862;21.7;10.2
92;2021-05-07;9867;5310;360575;169172;22.3;10.5
92;2021-05-08;7215;1925;367790;171097;22.8;10.6
92;2021-05-09;3786;601;371576;171698;23.0;10.6
92;2021-05-10;9547;4009;381123;175707;23.6;10.9
92;2021-05-11;13980;5699;395103;181406;24.5;11.2
92;2021-05-12;14287;4585;409390;185991;25.4;11.5
92;2021-05-13;9168;911;418558;186902;25.9;11.6
92;2021-05-14;12030;2313;430588;189215;26.7;11.7
92;2021-05-15;8393;1230;438981;190445;27.2;11.8
92;2021-05-16;4143;453;443124;190898;27.5;11.8
92;2021-05-17;10649;2216;453773;193114;28.1;12.0
92;2021-05-18;16410;3122;470183;196236;29.1;12.2
92;2021-05-19;16045;3718;486228;199954;30.1;12.4
92;2021-05-20;16840;3985;503068;203939;31.2;12.6
92;2021-05-21;14071;3623;517139;207562;32.0;12.9
92;2021-05-22;8318;1515;525457;209077;32.6;13.0
92;2021-05-23;4082;454;529539;209531;32.8;13.0
92;2021-05-24;6121;856;535660;210387;33.2;13.0
92;2021-05-25;13113;4566;548773;214953;34.0;13.3
92;2021-05-26;11924;5038;560697;219991;34.7;13.6
92;2021-05-27;12736;6327;573433;226318;35.5;14.0
92;2021-05-28;11234;6290;584667;232608;36.2;14.4
92;2021-05-29;5451;2304;590118;234912;36.6;14.6
92;2021-05-30;2252;389;592370;235301;36.7;14.6
92;2021-05-31;12049;5299;604419;240600;37.5;14.9
92;2021-06-01;12635;7639;617054;248239;38.2;15.4
92;2021-06-02;14380;7207;631434;255446;39.1;15.8
92;2021-06-03;14598;8030;646032;263476;40.0;16.3
92;2021-06-04;12237;8226;658269;271702;40.8;16.8
92;2021-06-05;7383;6232;665652;277934;41.2;17.2
92;2021-06-06;3597;1675;669249;279609;41.5;17.3
92;2021-06-07;11435;7637;680684;287246;42.2;17.8
92;2021-06-08;12766;9605;693450;296851;43.0;18.4
92;2021-06-09;11662;9474;705112;306325;43.7;19.0
92;2021-06-10;11968;10570;717080;316895;44.4;19.6
92;2021-06-11;8155;11036;725235;327931;44.9;20.3
92;2021-06-12;6364;5093;731599;333024;45.3;20.6
92;2021-06-13;3971;2720;735570;335744;45.6;20.8
92;2021-06-14;5213;11171;740783;346915;45.9;21.5
92;2021-06-15;6539;13128;747322;360043;46.3;22.3
92;2021-06-16;6954;12993;754276;373036;46.7;23.1
92;2021-06-17;7429;14003;761705;387039;47.2;24.0
92;2021-06-18;6907;14386;768612;401425;47.6;24.9
92;2021-06-19;3969;9107;772581;410532;47.9;25.4
92;2021-06-20;1968;5606;774549;416138;48.0;25.8
92;2021-06-21;4841;12276;779390;428414;48.3;26.5
92;2021-06-22;5880;17539;785270;445953;48.7;27.6
92;2021-06-23;5486;15992;790756;461945;49.0;28.6
92;2021-06-24;6210;15120;796966;477065;49.4;29.6
92;2021-06-25;5121;16098;802087;493163;49.7;30.6
92;2021-06-26;4070;10454;806157;503617;50.0;31.2
92;2021-06-27;1858;6046;808015;509663;50.1;31.6
92;2021-06-28;3674;12048;811689;521711;50.3;32.3
92;2021-06-29;4679;18154;816368;539865;50.6;33.5
92;2021-06-30;4455;16227;820823;556092;50.9;34.5
92;2021-07-01;5525;16306;826348;572398;51.2;35.5
92;2021-07-02;4943;15285;831291;587683;51.5;36.4
92;2021-07-03;3308;10185;834599;597868;51.7;37.0
92;2021-07-04;1125;4208;835724;602076;51.8;37.3
92;2021-07-05;4826;12332;840550;614408;52.1;38.1
92;2021-07-06;5288;15812;845838;630220;52.4;39.1
92;2021-07-07;4269;11463;850107;641683;52.7;39.8
92;2021-07-08;5409;14638;855516;656321;53.0;40.7
92;2021-07-09;5899;14205;861415;670526;53.4;41.6
92;2021-07-10;4378;8457;865793;678983;53.7;42.1
92;2021-07-11;1487;2617;867280;681600;53.7;42.2
92;2021-07-12;4418;14646;871698;696246;54.0;43.1
92;2021-07-13;7881;17460;879579;713706;54.5;44.2
92;2021-07-14;5115;5746;884694;719452;54.8;44.6
92;2021-07-15;9570;16256;894264;735708;55.4;45.6
92;2021-07-16;9065;14190;903329;749898;56.0;46.5
92;2021-07-17;6582;7605;909911;757503;56.4;46.9
92;2021-07-18;1842;2482;911753;759985;56.5;47.1
92;2021-07-19;6481;13204;918234;773189;56.9;47.9
92;2021-07-20;10092;14114;928326;787303;57.5;48.8
92;2021-07-21;10472;12124;938798;799427;58.2;49.5
92;2021-07-22;12061;12997;950859;812424;58.9;50.3
92;2021-07-23;11593;11359;962452;823783;59.6;51.0
92;2021-07-24;6733;6271;969185;830054;60.1;51.4
92;2021-07-25;2778;2329;971963;832383;60.2;51.6
92;2021-07-26;9491;9180;981454;841563;60.8;52.1
92;2021-07-27;11524;9624;992978;851187;61.5;52.7
92;2021-07-28;12946;8209;1005924;859396;62.3;53.3
92;2021-07-29;10456;8639;1016380;868035;63.0;53.8
92;2021-07-30;9131;8357;1025511;876392;63.5;54.3
92;2021-07-31;5703;4825;1031214;881217;63.9;54.6
92;2021-08-01;2218;1301;1033432;882518;64.0;54.7
92;2021-08-02;4797;4939;1038229;887457;64.3;55.0
92;2021-08-03;5144;6149;1043373;893606;64.7;55.4
92;2021-08-04;4779;4875;1048152;898481;65.0;55.7
92;2021-08-05;4532;5693;1052684;904174;65.2;56.0
92;2021-08-06;4552;5973;1057236;910147;65.5;56.4
92;2021-08-07;2839;4183;1060075;914330;65.7;56.7
92;2021-08-08;963;1082;1061038;915412;65.7;56.7
92;2021-08-09;3212;4255;1064250;919667;65.9;57.0
92;2021-08-10;3837;5613;1068087;925280;66.2;57.3
92;2021-08-11;3239;4436;1071326;929716;66.4;57.6
92;2021-08-12;3396;5602;1074722;935318;66.6;58.0
92;2021-08-13;2999;5148;1077721;940466;66.8;58.3
92;2021-08-14;1886;3931;1079607;944397;66.9;58.5
92;2021-08-15;592;839;1080199;945236;66.9;58.6
92;2021-08-16;2403;5326;1082602;950562;67.1;58.9
92;2021-08-17;2637;6993;1085239;957555;67.2;59.3
92;2021-08-18;2432;5256;1087671;962811;67.4;59.7
92;2021-08-19;2527;5745;1090198;968556;67.6;60.0
92;2021-08-20;2286;5200;1092484;973756;67.7;60.3
92;2021-08-21;1392;4223;1093876;977979;67.8;60.6
92;2021-08-22;427;1599;1094303;979578;67.8;60.7
92;2021-08-23;2495;6601;1096798;986179;68.0;61.1
92;2021-08-24;3155;8351;1099953;994530;68.2;61.6
92;2021-08-25;2865;7585;1102818;1002115;68.3;62.1
92;2021-08-26;3019;7579;1105837;1009694;68.5;62.6
92;2021-08-27;3104;7017;1108941;1016711;68.7;63.0
92;2021-08-28;1622;4517;1110563;1021228;68.8;63.3
92;2021-08-29;345;789;1110908;1022017;68.8;63.3
92;2021-08-30;2257;4704;1113165;1026721;69.0;63.6
92;2021-08-31;3096;6629;1116261;1033350;69.2;64.0
92;2021-09-01;3372;6889;1119633;1040239;69.4;64.5
92;2021-09-02;2667;6049;1122300;1046288;69.5;64.8
92;2021-09-03;2702;5787;1125002;1052075;69.7;65.2
92;2021-09-04;2348;4772;1127350;1056847;69.9;65.5
92;2021-09-05;445;921;1127795;1057768;69.9;65.5
92;2021-09-06;1334;2989;1129129;1060757;70.0;65.7
92;2021-09-07;1716;3329;1130845;1064086;70.1;65.9
92;2021-09-08;2185;3617;1133030;1067703;70.2;66.2
92;2021-09-09;1239;2617;1134269;1070320;70.3;66.3
92;2021-09-10;1799;3386;1136068;1073706;70.4;66.5
92;2021-09-11;1599;2714;1137667;1076420;70.5;66.7
92;2021-09-12;213;433;1137880;1076853;70.5;66.7
92;2021-09-13;1119;2222;1138999;1079075;70.6;66.9
92;2021-09-14;1240;2402;1140239;1081477;70.7;67.0
92;2021-09-15;1595;3630;1141834;1085107;70.8;67.2
92;2021-09-16;1092;2167;1142926;1087274;70.8;67.4
92;2021-09-17;1438;3100;1144364;1090374;70.9;67.6
92;2021-09-18;946;2235;1145310;1092609;71.0;67.7
92;2021-09-19;127;290;1145437;1092899;71.0;67.7
92;2021-09-20;773;1833;1146210;1094732;71.0;67.8
92;2021-09-21;780;1871;1146990;1096603;71.1;68.0
92;2021-09-22;1078;3817;1148068;1100420;71.1;68.2
92;2021-09-23;738;1824;1148806;1102244;71.2;68.3
92;2021-09-24;1094;2854;1149900;1105098;71.3;68.5
92;2021-09-25;620;2212;1150520;1107310;71.3;68.6
92;2021-09-26;95;249;1150615;1107559;71.3;68.6
92;2021-09-27;769;1631;1151384;1109190;71.3;68.7
92;2021-09-28;786;1571;1152170;1110761;71.4;68.8
92;2021-09-29;1136;2835;1153306;1113596;71.5;69.0
92;2021-09-30;850;1328;1154156;1114924;71.5;69.1
92;2021-10-01;1128;2098;1155284;1117022;71.6;69.2
92;2021-10-02;799;1805;1156083;1118827;71.6;69.3
92;2021-10-03;89;205;1156172;1119032;71.6;69.3
92;2021-10-04;701;1313;1156873;1120345;71.7;69.4
92;2021-10-05;731;1320;1157604;1121665;71.7;69.5
92;2021-10-06;1057;1987;1158661;1123652;71.8;69.6
92;2021-10-07;526;925;1159187;1124577;71.8;69.7
92;2021-10-08;1105;1856;1160292;1126433;71.9;69.8
92;2021-10-09;705;1364;1160997;1127797;71.9;69.9
92;2021-10-10;101;126;1161098;1127923;71.9;69.9
93;2020-12-27;12;3;12;3;0.0;0.0
93;2020-12-28;6;2;18;5;0.0;0.0
93;2020-12-29;2;0;20;5;0.0;0.0
93;2020-12-30;44;1;64;6;0.0;0.0
93;2020-12-31;11;0;75;6;0.0;0.0
93;2021-01-01;5;0;80;6;0.0;0.0
93;2021-01-02;1;0;81;6;0.0;0.0
93;2021-01-03;4;0;85;6;0.0;0.0
93;2021-01-04;3;1;88;7;0.0;0.0
93;2021-01-05;66;3;154;10;0.0;0.0
93;2021-01-06;179;0;333;10;0.0;0.0
93;2021-01-07;381;3;714;13;0.0;0.0
93;2021-01-08;634;2;1348;15;0.1;0.0
93;2021-01-09;21;0;1369;15;0.1;0.0
93;2021-01-10;2;0;1371;15;0.1;0.0
93;2021-01-11;505;5;1876;20;0.1;0.0
93;2021-01-12;753;7;2629;27;0.2;0.0
93;2021-01-13;752;8;3381;35;0.2;0.0
93;2021-01-14;690;18;4071;53;0.2;0.0
93;2021-01-15;515;4;4586;57;0.3;0.0
93;2021-01-16;138;3;4724;60;0.3;0.0
93;2021-01-17;6;1;4730;61;0.3;0.0
93;2021-01-18;1198;13;5928;74;0.4;0.0
93;2021-01-19;1614;20;7542;94;0.5;0.0
93;2021-01-20;1557;20;9099;114;0.5;0.0
93;2021-01-21;1921;38;11020;152;0.7;0.0
93;2021-01-22;1391;18;12411;170;0.7;0.0
93;2021-01-23;713;8;13124;178;0.8;0.0
93;2021-01-24;0;0;13124;178;0.8;0.0
93;2021-01-25;1209;15;14333;193;0.9;0.0
93;2021-01-26;1297;35;15630;228;0.9;0.0
93;2021-01-27;2159;76;17789;304;1.1;0.0
93;2021-01-28;2267;213;20056;517;1.2;0.0
93;2021-01-29;1625;233;21681;750;1.3;0.0
93;2021-01-30;928;48;22609;798;1.4;0.0
93;2021-01-31;10;8;22619;806;1.4;0.0
93;2021-02-01;1187;175;23806;981;1.4;0.1
93;2021-02-02;1174;306;24980;1287;1.5;0.1
93;2021-02-03;1231;398;26211;1685;1.6;0.1
93;2021-02-04;926;566;27137;2251;1.6;0.1
93;2021-02-05;800;433;27937;2684;1.7;0.2
93;2021-02-06;694;73;28631;2757;1.7;0.2
93;2021-02-07;6;0;28637;2757;1.7;0.2
93;2021-02-08;915;645;29552;3402;1.8;0.2
93;2021-02-09;852;603;30404;4005;1.8;0.2
93;2021-02-10;883;677;31287;4682;1.9;0.3
93;2021-02-11;1244;839;32531;5521;1.9;0.3
93;2021-02-12;1041;641;33572;6162;2.0;0.4
93;2021-02-13;395;267;33967;6429;2.0;0.4
93;2021-02-14;13;59;33980;6488;2.0;0.4
93;2021-02-15;414;1261;34394;7749;2.1;0.5
93;2021-02-16;552;1232;34946;8981;2.1;0.5
93;2021-02-17;541;1751;35487;10732;2.1;0.6
93;2021-02-18;1136;1870;36623;12602;2.2;0.8
93;2021-02-19;994;1542;37617;14144;2.3;0.8
93;2021-02-20;304;665;37921;14809;2.3;0.9
93;2021-02-21;10;24;37931;14833;2.3;0.9
93;2021-02-22;602;1289;38533;16122;2.3;1.0
93;2021-02-23;560;1122;39093;17244;2.3;1.0
93;2021-02-24;646;1218;39739;18462;2.4;1.1
93;2021-02-25;901;1075;40640;19537;2.4;1.2
93;2021-02-26;1121;980;41761;20517;2.5;1.2
93;2021-02-27;543;623;42304;21140;2.5;1.3
93;2021-02-28;88;57;42392;21197;2.5;1.3
93;2021-03-01;1083;1073;43475;22270;2.6;1.3
93;2021-03-02;1447;1151;44922;23421;2.7;1.4
93;2021-03-03;1748;1198;46670;24619;2.8;1.5
93;2021-03-04;2718;1146;49388;25765;3.0;1.5
93;2021-03-05;3820;917;53208;26682;3.2;1.6
93;2021-03-06;5051;592;58259;27274;3.5;1.6
93;2021-03-07;4300;254;62559;27528;3.7;1.6
93;2021-03-08;2036;1277;64595;28805;3.9;1.7
93;2021-03-09;2915;984;67510;29789;4.0;1.8
93;2021-03-10;2861;1130;70371;30919;4.2;1.9
93;2021-03-11;3576;1284;73947;32203;4.4;1.9
93;2021-03-12;4124;1321;78071;33524;4.7;2.0
93;2021-03-13;4290;654;82361;34178;4.9;2.0
93;2021-03-14;884;80;83245;34258;5.0;2.1
93;2021-03-15;3556;703;86801;34961;5.2;2.1
93;2021-03-16;3158;628;89959;35589;5.4;2.1
93;2021-03-17;2656;607;92615;36196;5.5;2.2
93;2021-03-18;3319;739;95934;36935;5.7;2.2
93;2021-03-19;3767;667;99701;37602;6.0;2.3
93;2021-03-20;3460;309;103161;37911;6.2;2.3
93;2021-03-21;813;273;103974;38184;6.2;2.3
93;2021-03-22;3851;636;107825;38820;6.5;2.3
93;2021-03-23;4766;824;112591;39644;6.7;2.4
93;2021-03-24;4114;701;116705;40345;7.0;2.4
93;2021-03-25;5587;883;122292;41228;7.3;2.5
93;2021-03-26;5547;911;127839;42139;7.7;2.5
93;2021-03-27;4283;329;132122;42468;7.9;2.5
93;2021-03-28;613;44;132735;42512;7.9;2.5
93;2021-03-29;3852;977;136587;43489;8.2;2.6
93;2021-03-30;4726;1283;141313;44772;8.5;2.7
93;2021-03-31;3914;1265;145227;46037;8.7;2.8
93;2021-04-01;4055;3159;149282;49196;8.9;2.9
93;2021-04-02;3224;3572;152506;52768;9.1;3.2
93;2021-04-03;2517;2271;155023;55039;9.3;3.3
93;2021-04-04;765;166;155788;55205;9.3;3.3
93;2021-04-05;708;92;156496;55297;9.4;3.3
93;2021-04-06;4564;2369;161060;57666;9.6;3.5
93;2021-04-07;4903;2110;165963;59776;9.9;3.6
93;2021-04-08;5814;2704;171777;62480;10.3;3.7
93;2021-04-09;6097;3213;177874;65693;10.7;3.9
93;2021-04-10;4199;2500;182073;68193;10.9;4.1
93;2021-04-11;575;437;182648;68630;10.9;4.1
93;2021-04-12;4100;2929;186748;71559;11.2;4.3
93;2021-04-13;4606;3673;191354;75232;11.5;4.5
93;2021-04-14;4367;2492;195721;77724;11.7;4.7
93;2021-04-15;4560;3053;200281;80777;12.0;4.8
93;2021-04-16;4442;3008;204723;83785;12.3;5.0
93;2021-04-17;3517;2508;208240;86293;12.5;5.2
93;2021-04-18;289;434;208529;86727;12.5;5.2
93;2021-04-19;3775;2879;212304;89606;12.7;5.4
93;2021-04-20;4308;3284;216612;92890;13.0;5.6
93;2021-04-21;4145;2788;220757;95678;13.2;5.7
93;2021-04-22;4513;4033;225270;99711;13.5;6.0
93;2021-04-23;5628;3264;230898;102975;13.8;6.2
93;2021-04-24;5921;3338;236819;106313;14.2;6.4
93;2021-04-25;1733;599;238552;106912;14.3;6.4
93;2021-04-26;4864;3100;243416;110012;14.6;6.6
93;2021-04-27;6454;3637;249870;113649;15.0;6.8
93;2021-04-28;6071;3444;255941;117093;15.3;7.0
93;2021-04-29;7301;3258;263242;120351;15.8;7.2
93;2021-04-30;8267;3135;271509;123486;16.3;7.4
93;2021-05-01;4948;1198;276457;124684;16.6;7.5
93;2021-05-02;419;649;276876;125333;16.6;7.5
93;2021-05-03;8174;5134;285050;130467;17.1;7.8
93;2021-05-04;7824;5412;292874;135879;17.5;8.1
93;2021-05-05;7578;4818;300452;140697;18.0;8.4
93;2021-05-06;8252;4790;308704;145487;18.5;8.7
93;2021-05-07;7016;5439;315720;150926;18.9;9.0
93;2021-05-08;8363;2399;324083;153325;19.4;9.2
93;2021-05-09;6125;1373;330208;154698;19.8;9.3
93;2021-05-10;8259;4084;338467;158782;20.3;9.5
93;2021-05-11;9308;4814;347775;163596;20.8;9.8
93;2021-05-12;9194;3659;356969;167255;21.4;10.0
93;2021-05-13;8300;1652;365269;168907;21.9;10.1
93;2021-05-14;10421;3533;375690;172440;22.5;10.3
93;2021-05-15;11125;3011;386815;175451;23.2;10.5
93;2021-05-16;5558;728;392373;176179;23.5;10.5
93;2021-05-17;11903;2269;404276;178448;24.2;10.7
93;2021-05-18;14099;2388;418375;180836;25.1;10.8
93;2021-05-19;11433;2945;429808;183781;25.7;11.0
93;2021-05-20;12624;3487;442432;187268;26.5;11.2
93;2021-05-21;13015;2888;455447;190156;27.3;11.4
93;2021-05-22;12376;2202;467823;192358;28.0;11.5
93;2021-05-23;8478;1109;476301;193467;28.5;11.6
93;2021-05-24;11210;1944;487511;195411;29.2;11.7
93;2021-05-25;12292;4320;499803;199731;29.9;12.0
93;2021-05-26;11079;3758;510882;203489;30.6;12.2
93;2021-05-27;12708;3897;523590;207386;31.3;12.4
93;2021-05-28;12654;5260;536244;212646;32.1;12.7
93;2021-05-29;11394;4269;547638;216915;32.8;13.0
93;2021-05-30;8209;1380;555847;218295;33.3;13.1
93;2021-05-31;9180;5176;565027;223471;33.8;13.4
93;2021-06-01;11408;6280;576435;229751;34.5;13.8
93;2021-06-02;10720;5198;587155;234949;35.2;14.1
93;2021-06-03;10820;5517;597975;240466;35.8;14.4
93;2021-06-04;10597;7799;608572;248265;36.4;14.9
93;2021-06-05;9019;7361;617591;255626;37.0;15.3
93;2021-06-06;8403;1746;625994;257372;37.5;15.4
93;2021-06-07;10069;7517;636063;264889;38.1;15.9
93;2021-06-08;10367;7379;646430;272268;38.7;16.3
93;2021-06-09;10243;7296;656673;279564;39.3;16.7
93;2021-06-10;9010;8196;665683;287760;39.9;17.2
93;2021-06-11;8823;8818;674506;296578;40.4;17.8
93;2021-06-12;9862;6662;684368;303240;41.0;18.2
93;2021-06-13;7169;2132;691537;305372;41.4;18.3
93;2021-06-14;5400;9735;696937;315107;41.7;18.9
93;2021-06-15;6237;9663;703174;324770;42.1;19.4
93;2021-06-16;6648;9061;709822;333831;42.5;20.0
93;2021-06-17;5753;8472;715575;342303;42.8;20.5
93;2021-06-18;7226;11123;722801;353426;43.3;21.2
93;2021-06-19;7076;11101;729877;364527;43.7;21.8
93;2021-06-20;4945;6877;734822;371404;44.0;22.2
93;2021-06-21;4071;10729;738893;382133;44.2;22.9
93;2021-06-22;4696;11314;743589;393447;44.5;23.6
93;2021-06-23;4538;10597;748127;404044;44.8;24.2
93;2021-06-24;4200;10297;752327;414341;45.0;24.8
93;2021-06-25;5187;13052;757514;427393;45.4;25.6
93;2021-06-26;5299;13927;762813;441320;45.7;26.4
93;2021-06-27;3285;7105;766098;448425;45.9;26.8
93;2021-06-28;3700;12507;769798;460932;46.1;27.6
93;2021-06-29;4017;12355;773815;473287;46.3;28.3
93;2021-06-30;4145;11303;777960;484590;46.6;29.0
93;2021-07-01;6091;11162;784051;495752;46.9;29.7
93;2021-07-02;5809;12381;789860;508133;47.3;30.4
93;2021-07-03;5550;13464;795410;521597;47.6;31.2
93;2021-07-04;3078;7885;798488;529482;47.8;31.7
93;2021-07-05;4593;10848;803081;540330;48.1;32.4
93;2021-07-06;4866;11761;807947;552091;48.4;33.1
93;2021-07-07;5231;11417;813178;563508;48.7;33.7
93;2021-07-08;5062;10272;818240;573780;49.0;34.4
93;2021-07-09;5925;13037;824165;586817;49.3;35.1
93;2021-07-10;5921;14293;830086;601110;49.7;36.0
93;2021-07-11;3690;9094;833776;610204;49.9;36.5
93;2021-07-12;5607;12079;839383;622283;50.3;37.3
93;2021-07-13;11145;13312;850528;635595;50.9;38.1
93;2021-07-14;10671;6798;861199;642393;51.6;38.5
93;2021-07-15;12557;14140;873756;656533;52.3;39.3
93;2021-07-16;13243;13699;886999;670232;53.1;40.1
93;2021-07-17;11420;13918;898419;684150;53.8;41.0
93;2021-07-18;7401;8960;905820;693110;54.2;41.5
93;2021-07-19;9638;10930;915458;704040;54.8;42.2
93;2021-07-20;12668;10693;928126;714733;55.6;42.8
93;2021-07-21;14410;10955;942536;725688;56.4;43.5
93;2021-07-22;14181;9482;956717;735170;57.3;44.0
93;2021-07-23;14624;10664;971341;745834;58.2;44.7
93;2021-07-24;13924;10654;985265;756488;59.0;45.3
93;2021-07-25;9037;6364;994302;762852;59.5;45.7
93;2021-07-26;12795;7799;1007097;770651;60.3;46.1
93;2021-07-27;15185;7468;1022282;778119;61.2;46.6
93;2021-07-28;15033;8311;1037315;786430;62.1;47.1
93;2021-07-29;13606;7082;1050921;793512;62.9;47.5
93;2021-07-30;14191;7878;1065112;801390;63.8;48.0
93;2021-07-31;12255;7723;1077367;809113;64.5;48.4
93;2021-08-01;7580;4608;1084947;813721;65.0;48.7
93;2021-08-02;12924;5775;1097871;819496;65.7;49.1
93;2021-08-03;8430;6871;1106301;826367;66.2;49.5
93;2021-08-04;8171;8010;1114472;834377;66.7;50.0
93;2021-08-05;6291;6865;1120763;841242;67.1;50.4
93;2021-08-06;7369;8339;1128132;849581;67.5;50.9
93;2021-08-07;7482;9058;1135614;858639;68.0;51.4
93;2021-08-08;4603;5566;1140217;864205;68.3;51.7
93;2021-08-09;7626;8088;1147843;872293;68.7;52.2
93;2021-08-10;7472;8851;1155315;881144;69.2;52.8
93;2021-08-11;7663;9694;1162978;890838;69.6;53.3
93;2021-08-12;6632;9045;1169610;899883;70.0;53.9
93;2021-08-13;6839;9031;1176449;908914;70.4;54.4
93;2021-08-14;7393;10508;1183842;919422;70.9;55.1
93;2021-08-15;2960;3624;1186802;923046;71.1;55.3
93;2021-08-16;6569;11222;1193371;934268;71.5;55.9
93;2021-08-17;6293;10919;1199664;945187;71.8;56.6
93;2021-08-18;5720;11214;1205384;956401;72.2;57.3
93;2021-08-19;5027;9674;1210411;966075;72.5;57.8
93;2021-08-20;5321;11235;1215732;977310;72.8;58.5
93;2021-08-21;4557;11947;1220289;989257;73.1;59.2
93;2021-08-22;2264;7051;1222553;996308;73.2;59.7
93;2021-08-23;4555;9336;1227108;1005644;73.5;60.2
93;2021-08-24;4536;8435;1231644;1014079;73.7;60.7
93;2021-08-25;4316;8609;1235960;1022688;74.0;61.2
93;2021-08-26;3779;7109;1239739;1029797;74.2;61.7
93;2021-08-27;4099;8549;1243838;1038346;74.5;62.2
93;2021-08-28;3991;9593;1247829;1047939;74.7;62.7
93;2021-08-29;1820;4807;1249649;1052746;74.8;63.0
93;2021-08-30;3125;7540;1252774;1060286;75.0;63.5
93;2021-08-31;3121;7656;1255895;1067942;75.2;63.9
93;2021-09-01;5037;7507;1260932;1075449;75.5;64.4
93;2021-09-02;3692;5785;1264624;1081234;75.7;64.7
93;2021-09-03;2970;7045;1267594;1088279;75.9;65.2
93;2021-09-04;3453;8775;1271047;1097054;76.1;65.7
93;2021-09-05;1304;3623;1272351;1100677;76.2;65.9
93;2021-09-06;2003;5079;1274354;1105756;76.3;66.2
93;2021-09-07;1883;4636;1276237;1110392;76.4;66.5
93;2021-09-08;2319;5340;1278556;1115732;76.6;66.8
93;2021-09-09;2053;4607;1280609;1120339;76.7;67.1
93;2021-09-10;2813;5446;1283422;1125785;76.8;67.4
93;2021-09-11;2426;6867;1285848;1132652;77.0;67.8
93;2021-09-12;878;2819;1286726;1135471;77.0;68.0
93;2021-09-13;1795;4547;1288521;1140018;77.2;68.3
93;2021-09-14;1940;4059;1290461;1144077;77.3;68.5
93;2021-09-15;1917;4281;1292378;1148358;77.4;68.8
93;2021-09-16;1622;3046;1294000;1151404;77.5;68.9
93;2021-09-17;1988;4556;1295988;1155960;77.6;69.2
93;2021-09-18;1657;5578;1297645;1161538;77.7;69.5
93;2021-09-19;535;2106;1298180;1163644;77.7;69.7
93;2021-09-20;1274;2924;1299454;1166568;77.8;69.8
93;2021-09-21;1015;2489;1300469;1169057;77.9;70.0
93;2021-09-22;1494;3934;1301963;1172991;78.0;70.2
93;2021-09-23;1047;2431;1303010;1175422;78.0;70.4
93;2021-09-24;1354;3437;1304364;1178859;78.1;70.6
93;2021-09-25;1114;4525;1305478;1183384;78.2;70.9
93;2021-09-26;431;1677;1305909;1185061;78.2;71.0
93;2021-09-27;892;2226;1306801;1187287;78.2;71.1
93;2021-09-28;862;2029;1307663;1189316;78.3;71.2
93;2021-09-29;1228;3256;1308891;1192572;78.4;71.4
93;2021-09-30;888;2347;1309779;1194919;78.4;71.5
93;2021-10-01;1119;2734;1310898;1197653;78.5;71.7
93;2021-10-02;1153;2782;1312051;1200435;78.6;71.9
93;2021-10-03;302;831;1312353;1201266;78.6;71.9
93;2021-10-04;867;2187;1313220;1203453;78.6;72.1
93;2021-10-05;750;2041;1313970;1205494;78.7;72.2
93;2021-10-06;1046;2337;1315016;1207831;78.7;72.3
93;2021-10-07;867;2355;1315883;1210186;78.8;72.5
93;2021-10-08;1023;2570;1316906;1212756;78.8;72.6
93;2021-10-09;1298;2787;1318204;1215543;78.9;72.8
93;2021-10-10;312;994;1318516;1216537;78.9;72.8
94;2020-12-27;8;0;8;0;0.0;0.0
94;2020-12-28;11;1;19;1;0.0;0.0
94;2020-12-29;0;0;19;1;0.0;0.0
94;2020-12-30;1;0;20;1;0.0;0.0
94;2020-12-31;7;2;27;3;0.0;0.0
94;2021-01-01;5;0;32;3;0.0;0.0
94;2021-01-02;0;0;32;3;0.0;0.0
94;2021-01-03;3;1;35;4;0.0;0.0
94;2021-01-04;39;2;74;6;0.0;0.0
94;2021-01-05;233;2;307;8;0.0;0.0
94;2021-01-06;333;5;640;13;0.0;0.0
94;2021-01-07;694;11;1334;24;0.1;0.0
94;2021-01-08;925;11;2259;35;0.2;0.0
94;2021-01-09;47;0;2306;35;0.2;0.0
94;2021-01-10;18;0;2324;35;0.2;0.0
94;2021-01-11;1015;13;3339;48;0.2;0.0
94;2021-01-12;1343;26;4682;74;0.3;0.0
94;2021-01-13;1408;26;6090;100;0.4;0.0
94;2021-01-14;1544;31;7634;131;0.5;0.0
94;2021-01-15;1222;26;8856;157;0.6;0.0
94;2021-01-16;197;1;9053;158;0.6;0.0
94;2021-01-17;100;2;9153;160;0.7;0.0
94;2021-01-18;1501;29;10654;189;0.8;0.0
94;2021-01-19;1952;30;12606;219;0.9;0.0
94;2021-01-20;2189;28;14795;247;1.1;0.0
94;2021-01-21;3032;23;17827;270;1.3;0.0
94;2021-01-22;2193;30;20020;300;1.4;0.0
94;2021-01-23;735;4;20755;304;1.5;0.0
94;2021-01-24;285;0;21040;304;1.5;0.0
94;2021-01-25;1474;27;22514;331;1.6;0.0
94;2021-01-26;1581;29;24095;360;1.7;0.0
94;2021-01-27;1847;56;25942;416;1.8;0.0
94;2021-01-28;1558;141;27500;557;2.0;0.0
94;2021-01-29;1380;150;28880;707;2.1;0.1
94;2021-01-30;581;4;29461;711;2.1;0.1
94;2021-01-31;123;9;29584;720;2.1;0.1
94;2021-02-01;931;153;30515;873;2.2;0.1
94;2021-02-02;854;253;31369;1126;2.2;0.1
94;2021-02-03;763;368;32132;1494;2.3;0.1
94;2021-02-04;901;430;33033;1924;2.3;0.1
94;2021-02-05;875;574;33908;2498;2.4;0.2
94;2021-02-06;408;75;34316;2573;2.4;0.2
94;2021-02-07;123;1;34439;2574;2.4;0.2
94;2021-02-08;637;550;35076;3124;2.5;0.2
94;2021-02-09;1036;986;36112;4110;2.6;0.3
94;2021-02-10;1103;1364;37215;5474;2.6;0.4
94;2021-02-11;1430;1558;38645;7032;2.7;0.5
94;2021-02-12;1395;1657;40040;8689;2.8;0.6
94;2021-02-13;300;262;40340;8951;2.9;0.6
94;2021-02-14;30;72;40370;9023;2.9;0.6
94;2021-02-15;755;1768;41125;10791;2.9;0.8
94;2021-02-16;702;2745;41827;13536;3.0;1.0
94;2021-02-17;719;1593;42546;15129;3.0;1.1
94;2021-02-18;798;1704;43344;16833;3.1;1.2
94;2021-02-19;968;1463;44312;18296;3.2;1.3
94;2021-02-20;133;922;44445;19218;3.2;1.4
94;2021-02-21;21;184;44466;19402;3.2;1.4
94;2021-02-22;525;1350;44991;20752;3.2;1.5
94;2021-02-23;624;1278;45615;22030;3.2;1.6
94;2021-02-24;694;928;46309;22958;3.3;1.6
94;2021-02-25;1074;1568;47383;24526;3.4;1.7
94;2021-02-26;1322;1077;48705;25603;3.5;1.8
94;2021-02-27;518;557;49223;26160;3.5;1.9
94;2021-02-28;91;84;49314;26244;3.5;1.9
94;2021-03-01;887;950;50201;27194;3.6;1.9
94;2021-03-02;1568;1006;51769;28200;3.7;2.0
94;2021-03-03;1952;1030;53721;29230;3.8;2.1
94;2021-03-04;2858;1210;56579;30440;4.0;2.2
94;2021-03-05;3838;1375;60417;31815;4.3;2.3
94;2021-03-06;4822;607;65239;32422;4.6;2.3
94;2021-03-07;3689;583;68928;33005;4.9;2.3
94;2021-03-08;1919;821;70847;33826;5.0;2.4
94;2021-03-09;2560;954;73407;34780;5.2;2.5
94;2021-03-10;3201;1066;76608;35846;5.4;2.5
94;2021-03-11;3840;968;80448;36814;5.7;2.6
94;2021-03-12;4586;849;85034;37663;6.0;2.7
94;2021-03-13;4132;415;89166;38078;6.3;2.7
94;2021-03-14;2115;163;91281;38241;6.5;2.7
94;2021-03-15;3172;810;94453;39051;6.7;2.8
94;2021-03-16;2776;458;97229;39509;6.9;2.8
94;2021-03-17;2862;477;100091;39986;7.1;2.8
94;2021-03-18;3267;457;103358;40443;7.4;2.9
94;2021-03-19;4273;736;107631;41179;7.7;2.9
94;2021-03-20;3692;306;111323;41485;7.9;3.0
94;2021-03-21;1465;397;112788;41882;8.0;3.0
94;2021-03-22;3221;687;116009;42569;8.3;3.0
94;2021-03-23;4516;756;120525;43325;8.6;3.1
94;2021-03-24;4627;649;125152;43974;8.9;3.1
94;2021-03-25;6321;710;131473;44684;9.4;3.2
94;2021-03-26;6091;857;137564;45541;9.8;3.2
94;2021-03-27;4470;287;142034;45828;10.1;3.3
94;2021-03-28;1891;119;143925;45947;10.2;3.3
94;2021-03-29;4129;1253;148054;47200;10.5;3.4
94;2021-03-30;5298;1371;153352;48571;10.9;3.5
94;2021-03-31;4913;1844;158265;50415;11.3;3.6
94;2021-04-01;5834;2344;164099;52759;11.7;3.8
94;2021-04-02;5247;2344;169346;55103;12.0;3.9
94;2021-04-03;3087;2540;172433;57643;12.3;4.1
94;2021-04-04;1051;781;173484;58424;12.3;4.2
94;2021-04-05;837;163;174321;58587;12.4;4.2
94;2021-04-06;3582;2617;177903;61204;12.7;4.4
94;2021-04-07;3865;2283;181768;63487;12.9;4.5
94;2021-04-08;4629;2089;186397;65576;13.3;4.7
94;2021-04-09;5367;2504;191764;68080;13.6;4.8
94;2021-04-10;2957;3015;194721;71095;13.8;5.1
94;2021-04-11;1267;1771;195988;72866;13.9;5.2
94;2021-04-12;3441;2302;199429;75168;14.2;5.3
94;2021-04-13;4314;3440;203743;78608;14.5;5.6
94;2021-04-14;3904;2713;207647;81321;14.8;5.8
94;2021-04-15;4453;3014;212100;84335;15.1;6.0
94;2021-04-16;4710;2861;216810;87196;15.4;6.2
94;2021-04-17;2463;2777;219273;89973;15.6;6.4
94;2021-04-18;919;1250;220192;91223;15.7;6.5
94;2021-04-19;2977;2459;223169;93682;15.9;6.7
94;2021-04-20;3275;2724;226444;96406;16.1;6.9
94;2021-04-21;3221;3179;229665;99585;16.3;7.1
94;2021-04-22;3912;3659;233577;103244;16.6;7.3
94;2021-04-23;4121;4012;237698;107256;16.9;7.6
94;2021-04-24;4265;3417;241963;110673;17.2;7.9
94;2021-04-25;2408;1517;244371;112190;17.4;8.0
94;2021-04-26;4011;3291;248382;115481;17.7;8.2
94;2021-04-27;5098;3396;253480;118877;18.0;8.5
94;2021-04-28;4832;3654;258312;122531;18.4;8.7
94;2021-04-29;6415;3831;264727;126362;18.8;9.0
94;2021-04-30;6487;3965;271214;130327;19.3;9.3
94;2021-05-01;4057;1069;275271;131396;19.6;9.3
94;2021-05-02;3049;1478;278320;132874;19.8;9.5
94;2021-05-03;5735;5345;284055;138219;20.2;9.8
94;2021-05-04;6097;3587;290152;141806;20.6;10.1
94;2021-05-05;6183;3436;296335;145242;21.1;10.3
94;2021-05-06;7163;3545;303498;148787;21.6;10.6
94;2021-05-07;6673;4130;310171;152917;22.1;10.9
94;2021-05-08;4907;2562;315078;155479;22.4;11.1
94;2021-05-09;4226;2257;319304;157736;22.7;11.2
94;2021-05-10;7713;3135;327017;160871;23.3;11.4
94;2021-05-11;8970;3945;335987;164816;23.9;11.7
94;2021-05-12;9575;3612;345562;168428;24.6;12.0
94;2021-05-13;8675;1368;354237;169796;25.2;12.1
94;2021-05-14;9866;3315;364103;173111;25.9;12.3
94;2021-05-15;8941;2163;373044;175274;26.5;12.5
94;2021-05-16;5068;912;378112;176186;26.9;12.5
94;2021-05-17;10835;2257;388947;178443;27.7;12.7
94;2021-05-18;11296;2453;400243;180896;28.5;12.9
94;2021-05-19;11675;3601;411918;184497;29.3;13.1
94;2021-05-20;12156;4363;424074;188860;30.2;13.4
94;2021-05-21;11873;3165;435947;192025;31.0;13.7
94;2021-05-22;10283;1972;446230;193997;31.7;13.8
94;2021-05-23;4998;712;451228;194709;32.1;13.8
94;2021-05-24;9669;1349;460897;196058;32.8;13.9
94;2021-05-25;9996;4272;470893;200330;33.5;14.2
94;2021-05-26;10293;3313;481186;203643;34.2;14.5
94;2021-05-27;10863;4589;492049;208232;35.0;14.8
94;2021-05-28;10442;4953;502491;213185;35.7;15.2
94;2021-05-29;9868;3459;512359;216644;36.4;15.4
94;2021-05-30;4785;931;517144;217575;36.8;15.5
94;2021-05-31;9989;4240;527133;221815;37.5;15.8
94;2021-06-01;10307;5101;537440;226916;38.2;16.1
94;2021-06-02;9354;4588;546794;231504;38.9;16.5
94;2021-06-03;9562;5608;556356;237112;39.6;16.9
94;2021-06-04;10403;6541;566759;243653;40.3;17.3
94;2021-06-05;9181;6250;575940;249903;41.0;17.8
94;2021-06-06;3984;1849;579924;251752;41.2;17.9
94;2021-06-07;8664;5978;588588;257730;41.9;18.3
94;2021-06-08;8995;7520;597583;265250;42.5;18.9
94;2021-06-09;8954;8166;606537;273416;43.1;19.4
94;2021-06-10;8800;10973;615337;284389;43.8;20.2
94;2021-06-11;7847;8399;623184;292788;44.3;20.8
94;2021-06-12;10259;6855;633443;299643;45.1;21.3
94;2021-06-13;3469;3263;636912;302906;45.3;21.5
94;2021-06-14;6959;8203;643871;311109;45.8;22.1
94;2021-06-15;7735;8822;651606;319931;46.3;22.8
94;2021-06-16;7245;8271;658851;328202;46.9;23.3
94;2021-06-17;6699;9067;665550;337269;47.3;24.0
94;2021-06-18;6575;11960;672125;349229;47.8;24.8
94;2021-06-19;6001;9587;678126;358816;48.2;25.5
94;2021-06-20;1888;4009;680014;362825;48.4;25.8
94;2021-06-21;4528;11188;684542;374013;48.7;26.6
94;2021-06-22;4843;10812;689385;384825;49.0;27.4
94;2021-06-23;4180;11151;693565;395976;49.3;28.2
94;2021-06-24;4970;10336;698535;406312;49.7;28.9
94;2021-06-25;4285;13734;702820;420046;50.0;29.9
94;2021-06-26;3139;12007;705959;432053;50.2;30.7
94;2021-06-27;1059;4998;707018;437051;50.3;31.1
94;2021-06-28;3494;12075;710512;449126;50.5;31.9
94;2021-06-29;4052;12175;714564;461301;50.8;32.8
94;2021-06-30;4364;11649;718928;472950;51.1;33.6
94;2021-07-01;5671;11118;724599;484068;51.5;34.4
94;2021-07-02;5327;12196;729926;496264;51.9;35.3
94;2021-07-03;3710;11799;733636;508063;52.2;36.1
94;2021-07-04;1518;5092;735154;513155;52.3;36.5
94;2021-07-05;4492;11429;739646;524584;52.6;37.3
94;2021-07-06;4619;10893;744265;535477;52.9;38.1
94;2021-07-07;5042;11083;749307;546560;53.3;38.9
94;2021-07-08;5110;10032;754417;556592;53.7;39.6
94;2021-07-09;6109;11876;760526;568468;54.1;40.4
94;2021-07-10;4122;11359;764648;579827;54.4;41.2
94;2021-07-11;1555;4719;766203;584546;54.5;41.6
94;2021-07-12;4335;11965;770538;596511;54.8;42.4
94;2021-07-13;6490;12049;777028;608560;55.3;43.3
94;2021-07-14;4292;5297;781320;613857;55.6;43.7
94;2021-07-15;7321;12370;788641;626227;56.1;44.5
94;2021-07-16;7848;11325;796489;637552;56.6;45.3
94;2021-07-17;6106;11327;802595;648879;57.1;46.1
94;2021-07-18;2629;4024;805224;652903;57.3;46.4
94;2021-07-19;6915;10448;812139;663351;57.8;47.2
94;2021-07-20;8570;10385;820709;673736;58.4;47.9
94;2021-07-21;8804;9586;829513;683322;59.0;48.6
94;2021-07-22;9795;9432;839308;692754;59.7;49.3
94;2021-07-23;9433;9413;848741;702167;60.4;49.9
94;2021-07-24;7216;8884;855957;711051;60.9;50.6
94;2021-07-25;2191;2743;858148;713794;61.0;50.8
94;2021-07-26;7972;8046;866120;721840;61.6;51.3
94;2021-07-27;8621;7007;874741;728847;62.2;51.8
94;2021-07-28;8812;6324;883553;735171;62.8;52.3
94;2021-07-29;9059;6377;892612;741548;63.5;52.7
94;2021-07-30;8206;6600;900818;748148;64.1;53.2
94;2021-07-31;7214;6313;908032;754461;64.6;53.7
94;2021-08-01;3203;1783;911235;756244;64.8;53.8
94;2021-08-02;6665;5471;917900;761715;65.3;54.2
94;2021-08-03;6372;5212;924272;766927;65.7;54.5
94;2021-08-04;6309;5132;930581;772059;66.2;54.9
94;2021-08-05;5851;5473;936432;777532;66.6;55.3
94;2021-08-06;5812;5848;942244;783380;67.0;55.7
94;2021-08-07;4253;4482;946497;787862;67.3;56.0
94;2021-08-08;1371;1718;947868;789580;67.4;56.2
94;2021-08-09;4898;6531;952766;796111;67.8;56.6
94;2021-08-10;5406;6312;958172;802423;68.1;57.1
94;2021-08-11;4301;5725;962473;808148;68.5;57.5
94;2021-08-12;4420;6505;966893;814653;68.8;57.9
94;2021-08-13;3788;5755;970681;820408;69.0;58.3
94;2021-08-14;2904;5736;973585;826144;69.2;58.8
94;2021-08-15;459;736;974044;826880;69.3;58.8
94;2021-08-16;3506;8282;977550;835162;69.5;59.4
94;2021-08-17;3376;8130;980926;843292;69.8;60.0
94;2021-08-18;3273;8613;984199;851905;70.0;60.6
94;2021-08-19;3335;6911;987534;858816;70.2;61.1
94;2021-08-20;3392;7754;990926;866570;70.5;61.6
94;2021-08-21;2568;7151;993494;873721;70.7;62.1
94;2021-08-22;897;2737;994391;876458;70.7;62.3
94;2021-08-23;2846;8451;997237;884909;70.9;62.9
94;2021-08-24;3149;7516;1000386;892425;71.1;63.5
94;2021-08-25;2747;6746;1003133;899171;71.3;64.0
94;2021-08-26;2594;6146;1005727;905317;71.5;64.4
94;2021-08-27;2650;6572;1008377;911889;71.7;64.9
94;2021-08-28;2577;6494;1010954;918383;71.9;65.3
94;2021-08-29;868;2348;1011822;920731;72.0;65.5
94;2021-08-30;2838;7732;1014660;928463;72.2;66.0
94;2021-08-31;2606;7200;1017266;935663;72.3;66.5
94;2021-09-01;2514;5670;1019780;941333;72.5;66.9
94;2021-09-02;1978;4630;1021758;945963;72.7;67.3
94;2021-09-03;2102;5178;1023860;951141;72.8;67.6
94;2021-09-04;2396;5143;1026256;956284;73.0;68.0
94;2021-09-05;706;1130;1026962;957414;73.0;68.1
94;2021-09-06;1569;3445;1028531;960859;73.2;68.3
94;2021-09-07;1510;3182;1030041;964041;73.3;68.6
94;2021-09-08;1484;3291;1031525;967332;73.4;68.8
94;2021-09-09;1267;2860;1032792;970192;73.5;69.0
94;2021-09-10;1591;3407;1034383;973599;73.6;69.2
94;2021-09-11;1694;4248;1036077;977847;73.7;69.5
94;2021-09-12;420;1105;1036497;978952;73.7;69.6
94;2021-09-13;1050;2272;1037547;981224;73.8;69.8
94;2021-09-14;1330;2598;1038877;983822;73.9;70.0
94;2021-09-15;1307;3111;1040184;986933;74.0;70.2
94;2021-09-16;1040;2183;1041224;989116;74.1;70.3
94;2021-09-17;1165;2689;1042389;991805;74.1;70.5
94;2021-09-18;1109;3690;1043498;995495;74.2;70.8
94;2021-09-19;295;1039;1043793;996534;74.2;70.9
94;2021-09-20;781;1967;1044574;998501;74.3;71.0
94;2021-09-21;998;1785;1045572;1000286;74.4;71.1
94;2021-09-22;951;2367;1046523;1002653;74.4;71.3
94;2021-09-23;773;1697;1047296;1004350;74.5;71.4
94;2021-09-24;994;1978;1048290;1006328;74.6;71.6
94;2021-09-25;965;3064;1049255;1009392;74.6;71.8
94;2021-09-26;270;699;1049525;1010091;74.6;71.8
94;2021-09-27;680;1469;1050205;1011560;74.7;71.9
94;2021-09-28;661;1424;1050866;1012984;74.7;72.0
94;2021-09-29;851;1591;1051717;1014575;74.8;72.2
94;2021-09-30;993;1262;1052710;1015837;74.9;72.2
94;2021-10-01;1075;1799;1053785;1017636;74.9;72.4
94;2021-10-02;973;2161;1054758;1019797;75.0;72.5
94;2021-10-03;250;609;1055008;1020406;75.0;72.6
94;2021-10-04;585;1097;1055593;1021503;75.1;72.7
94;2021-10-05;650;1092;1056243;1022595;75.1;72.7
94;2021-10-06;686;1305;1056929;1023900;75.2;72.8
94;2021-10-07;634;1007;1057563;1024907;75.2;72.9
94;2021-10-08;912;1394;1058475;1026301;75.3;73.0
94;2021-10-09;808;1596;1059283;1027897;75.3;73.1
94;2021-10-10;233;406;1059516;1028303;75.4;73.1
95;2020-12-27;3;0;3;0;0.0;0.0
95;2020-12-28;6;0;9;0;0.0;0.0
95;2020-12-29;0;0;9;0;0.0;0.0
95;2020-12-30;0;0;9;0;0.0;0.0
95;2020-12-31;2;0;11;0;0.0;0.0
95;2021-01-01;0;0;11;0;0.0;0.0
95;2021-01-02;13;0;24;0;0.0;0.0
95;2021-01-03;1;0;25;0;0.0;0.0
95;2021-01-04;50;0;75;0;0.0;0.0
95;2021-01-05;319;0;394;0;0.0;0.0
95;2021-01-06;191;0;585;0;0.0;0.0
95;2021-01-07;130;1;715;1;0.1;0.0
95;2021-01-08;279;2;994;3;0.1;0.0
95;2021-01-09;251;0;1245;3;0.1;0.0
95;2021-01-10;384;3;1629;6;0.1;0.0
95;2021-01-11;491;3;2120;9;0.2;0.0
95;2021-01-12;864;3;2984;12;0.2;0.0
95;2021-01-13;782;12;3766;24;0.3;0.0
95;2021-01-14;886;13;4652;37;0.4;0.0
95;2021-01-15;758;6;5410;43;0.4;0.0
95;2021-01-16;298;4;5708;47;0.5;0.0
95;2021-01-17;225;2;5933;49;0.5;0.0
95;2021-01-18;1338;7;7271;56;0.6;0.0
95;2021-01-19;1576;9;8847;65;0.7;0.0
95;2021-01-20;2039;6;10886;71;0.9;0.0
95;2021-01-21;1856;7;12742;78;1.0;0.0
95;2021-01-22;1326;7;14068;85;1.1;0.0
95;2021-01-23;648;0;14716;85;1.2;0.0
95;2021-01-24;182;0;14898;85;1.2;0.0
95;2021-01-25;796;37;15694;122;1.3;0.0
95;2021-01-26;989;163;16683;285;1.3;0.0
95;2021-01-27;1251;192;17934;477;1.4;0.0
95;2021-01-28;1720;37;19654;514;1.6;0.0
95;2021-01-29;1251;210;20905;724;1.7;0.1
95;2021-01-30;478;6;21383;730;1.7;0.1
95;2021-01-31;212;2;21595;732;1.7;0.1
95;2021-02-01;566;273;22161;1005;1.8;0.1
95;2021-02-02;528;270;22689;1275;1.8;0.1
95;2021-02-03;614;519;23303;1794;1.9;0.1
95;2021-02-04;1068;369;24371;2163;2.0;0.2
95;2021-02-05;734;306;25105;2469;2.0;0.2
95;2021-02-06;338;255;25443;2724;2.0;0.2
95;2021-02-07;142;407;25585;3131;2.0;0.3
95;2021-02-08;765;342;26350;3473;2.1;0.3
95;2021-02-09;1136;1101;27486;4574;2.2;0.4
95;2021-02-10;1262;1420;28748;5994;2.3;0.5
95;2021-02-11;1388;1149;30136;7143;2.4;0.6
95;2021-02-12;1031;986;31167;8129;2.5;0.7
95;2021-02-13;330;319;31497;8448;2.5;0.7
95;2021-02-14;43;186;31540;8634;2.5;0.7
95;2021-02-15;430;1061;31970;9695;2.6;0.8
95;2021-02-16;493;916;32463;10611;2.6;0.8
95;2021-02-17;654;1134;33117;11745;2.7;0.9
95;2021-02-18;725;1696;33842;13441;2.7;1.1
95;2021-02-19;783;1305;34625;14746;2.8;1.2
95;2021-02-20;306;492;34931;15238;2.8;1.2
95;2021-02-21;165;313;35096;15551;2.8;1.2
95;2021-02-22;327;1023;35423;16574;2.8;1.3
95;2021-02-23;368;727;35791;17301;2.9;1.4
95;2021-02-24;310;881;36101;18182;2.9;1.5
95;2021-02-25;729;1142;36830;19324;3.0;1.5
95;2021-02-26;991;887;37821;20211;3.0;1.6
95;2021-02-27;365;434;38186;20645;3.1;1.7
95;2021-02-28;61;235;38247;20880;3.1;1.7
95;2021-03-01;773;593;39020;21473;3.1;1.7
95;2021-03-02;1321;861;40341;22334;3.2;1.8
95;2021-03-03;1599;989;41940;23323;3.4;1.9
95;2021-03-04;3195;1224;45135;24547;3.6;2.0
95;2021-03-05;3647;1110;48782;25657;3.9;2.1
95;2021-03-06;4005;516;52787;26173;4.2;2.1
95;2021-03-07;4221;343;57008;26516;4.6;2.1
95;2021-03-08;1541;877;58549;27393;4.7;2.2
95;2021-03-09;2622;516;61171;27909;4.9;2.2
95;2021-03-10;2344;863;63515;28772;5.1;2.3
95;2021-03-11;3141;1172;66656;29944;5.3;2.4
95;2021-03-12;3519;821;70175;30765;5.6;2.5
95;2021-03-13;3516;435;73691;31200;5.9;2.5
95;2021-03-14;1981;315;75672;31515;6.1;2.5
95;2021-03-15;2371;330;78043;31845;6.3;2.6
95;2021-03-16;1575;427;79618;32272;6.4;2.6
95;2021-03-17;2103;427;81721;32699;6.5;2.6
95;2021-03-18;2800;384;84521;33083;6.8;2.7
95;2021-03-19;3474;375;87995;33458;7.0;2.7
95;2021-03-20;2592;211;90587;33669;7.3;2.7
95;2021-03-21;1205;257;91792;33926;7.4;2.7
95;2021-03-22;2936;374;94728;34300;7.6;2.7
95;2021-03-23;3439;473;98167;34773;7.9;2.8
95;2021-03-24;3946;531;102113;35304;8.2;2.8
95;2021-03-25;5861;672;107974;35976;8.6;2.9
95;2021-03-26;5429;704;113403;36680;9.1;2.9
95;2021-03-27;3748;229;117151;36909;9.4;3.0
95;2021-03-28;1536;129;118687;37038;9.5;3.0
95;2021-03-29;2894;581;121581;37619;9.7;3.0
95;2021-03-30;3887;1266;125468;38885;10.1;3.1
95;2021-03-31;3657;1693;129125;40578;10.3;3.3
95;2021-04-01;5483;2297;134608;42875;10.8;3.4
95;2021-04-02;3560;2776;138168;45651;11.1;3.7
95;2021-04-03;2096;2495;140264;48146;11.2;3.9
95;2021-04-04;1249;1213;141513;49359;11.3;4.0
95;2021-04-05;596;64;142109;49423;11.4;4.0
95;2021-04-06;1859;1545;143968;50968;11.5;4.1
95;2021-04-07;4953;2213;148921;53181;11.9;4.3
95;2021-04-08;4896;2482;153817;55663;12.3;4.5
95;2021-04-09;5434;2351;159251;58014;12.8;4.6
95;2021-04-10;3709;1443;162960;59457;13.1;4.8
95;2021-04-11;1567;1045;164527;60502;13.2;4.8
95;2021-04-12;3254;1630;167781;62132;13.4;5.0
95;2021-04-13;3141;1700;170922;63832;13.7;5.1
95;2021-04-14;2751;2005;173673;65837;13.9;5.3
95;2021-04-15;3901;3364;177574;69201;14.2;5.5
95;2021-04-16;4064;3044;181638;72245;14.6;5.8
95;2021-04-17;2375;1759;184013;74004;14.7;5.9
95;2021-04-18;1511;1028;185524;75032;14.9;6.0
95;2021-04-19;2570;2376;188094;77408;15.1;6.2
95;2021-04-20;2121;2460;190215;79868;15.2;6.4
95;2021-04-21;3931;2639;194146;82507;15.6;6.6
95;2021-04-22;3413;4639;197559;87146;15.8;7.0
95;2021-04-23;2765;3564;200324;90710;16.0;7.3
95;2021-04-24;3571;2597;203895;93307;16.3;7.5
95;2021-04-25;1959;1554;205854;94861;16.5;7.6
95;2021-04-26;2753;2713;208607;97574;16.7;7.8
95;2021-04-27;3852;2185;212459;99759;17.0;8.0
95;2021-04-28;3890;2677;216349;102436;17.3;8.2
95;2021-04-29;6142;4563;222491;106999;17.8;8.6
95;2021-04-30;6904;2951;229395;109950;18.4;8.8
95;2021-05-01;2371;923;231766;110873;18.6;8.9
95;2021-05-02;2447;1506;234213;112379;18.8;9.0
95;2021-05-03;5128;1939;239341;114318;19.2;9.2
95;2021-05-04;6351;2737;245692;117055;19.7;9.4
95;2021-05-05;5146;3811;250838;120866;20.1;9.7
95;2021-05-06;8206;4938;259044;125804;20.8;10.1
95;2021-05-07;5778;4761;264822;130565;21.2;10.5
95;2021-05-08;5742;1536;270564;132101;21.7;10.6
95;2021-05-09;2830;1596;273394;133697;21.9;10.7
95;2021-05-10;9972;3202;283366;136899;22.7;11.0
95;2021-05-11;8450;3470;291816;140369;23.4;11.2
95;2021-05-12;9465;3228;301281;143597;24.1;11.5
95;2021-05-13;7953;1204;309234;144801;24.8;11.6
95;2021-05-14;7014;1911;316248;146712;25.3;11.8
95;2021-05-15;4512;1071;320760;147783;25.7;11.8
95;2021-05-16;4825;848;325585;148631;26.1;11.9
95;2021-05-17;7738;1354;333323;149985;26.7;12.0
95;2021-05-18;9468;1861;342791;151846;27.5;12.2
95;2021-05-19;9243;2503;352034;154349;28.2;12.4
95;2021-05-20;12585;2447;364619;156796;29.2;12.6
95;2021-05-21;10172;2541;374791;159337;30.0;12.8
95;2021-05-22;9395;1575;384186;160912;30.8;12.9
95;2021-05-23;4144;961;388330;161873;31.1;13.0
95;2021-05-24;2396;535;390726;162408;31.3;13.0
95;2021-05-25;7212;2082;397938;164490;31.9;13.2
95;2021-05-26;8850;3125;406788;167615;32.6;13.4
95;2021-05-27;10361;4440;417149;172055;33.4;13.8
95;2021-05-28;7682;4419;424831;176474;34.0;14.1
95;2021-05-29;5264;2761;430095;179235;34.5;14.4
95;2021-05-30;3732;1710;433827;180945;34.8;14.5
95;2021-05-31;6424;3330;440251;184275;35.3;14.8
95;2021-06-01;8783;3811;449034;188086;36.0;15.1
95;2021-06-02;8729;4750;457763;192836;36.7;15.4
95;2021-06-03;8524;6564;466287;199400;37.4;16.0
95;2021-06-04;8882;4406;475169;203806;38.1;16.3
95;2021-06-05;8335;3747;483504;207553;38.7;16.6
95;2021-06-06;4836;1625;488340;209178;39.1;16.8
95;2021-06-07;6058;4547;494398;213725;39.6;17.1
95;2021-06-08;6550;5514;500948;219239;40.1;17.6
95;2021-06-09;6254;6478;507202;225717;40.6;18.1
95;2021-06-10;6428;6817;513630;232534;41.1;18.6
95;2021-06-11;7222;6444;520852;238978;41.7;19.1
95;2021-06-12;6001;4374;526853;243352;42.2;19.5
95;2021-06-13;2083;3290;528936;246642;42.4;19.8
95;2021-06-14;5372;5994;534308;252636;42.8;20.2
95;2021-06-15;5740;8074;540048;260710;43.3;20.9
95;2021-06-16;5491;7538;545539;268248;43.7;21.5
95;2021-06-17;6599;8165;552138;276413;44.2;22.1
95;2021-06-18;5822;7862;557960;284275;44.7;22.8
95;2021-06-19;4966;8927;562926;293202;45.1;23.5
95;2021-06-20;1426;3316;564352;296518;45.2;23.8
95;2021-06-21;3534;7715;567886;304233;45.5;24.4
95;2021-06-22;5066;9055;572952;313288;45.9;25.1
95;2021-06-23;4774;10877;577726;324165;46.3;26.0
95;2021-06-24;4941;10724;582667;334889;46.7;26.8
95;2021-06-25;4878;10357;587545;345246;47.1;27.7
95;2021-06-26;4320;8477;591865;353723;47.4;28.3
95;2021-06-27;1032;3995;592897;357718;47.5;28.7
95;2021-06-28;2742;9488;595639;367206;47.7;29.4
95;2021-06-29;2537;8788;598176;375994;47.9;30.1
95;2021-06-30;3952;9996;602128;385990;48.2;30.9
95;2021-07-01;4864;11167;606992;397157;48.6;31.8
95;2021-07-02;4260;10546;611252;407703;49.0;32.7
95;2021-07-03;3525;9155;614777;416858;49.2;33.4
95;2021-07-04;1279;3400;616056;420258;49.3;33.7
95;2021-07-05;2358;4375;618414;424633;49.5;34.0
95;2021-07-06;2773;7753;621187;432386;49.8;34.6
95;2021-07-07;3961;9620;625148;442006;50.1;35.4
95;2021-07-08;5312;9820;630460;451826;50.5;36.2
95;2021-07-09;4552;10079;635012;461905;50.9;37.0
95;2021-07-10;3400;7391;638412;469296;51.1;37.6
95;2021-07-11;1526;3603;639938;472899;51.3;37.9
95;2021-07-12;2990;9692;642928;482591;51.5;38.7
95;2021-07-13;5054;10073;647982;492664;51.9;39.5
95;2021-07-14;4428;5742;652410;498406;52.3;39.9
95;2021-07-15;7402;12370;659812;510776;52.9;40.9
95;2021-07-16;7985;12006;667797;522782;53.5;41.9
95;2021-07-17;5053;7822;672850;530604;53.9;42.5
95;2021-07-18;3482;2913;676332;533517;54.2;42.7
95;2021-07-19;4832;6867;681164;540384;54.6;43.3
95;2021-07-20;6960;8386;688124;548770;55.1;44.0
95;2021-07-21;9257;9452;697381;558222;55.9;44.7
95;2021-07-22;10148;9729;707529;567951;56.7;45.5
95;2021-07-23;10918;10207;718447;578158;57.6;46.3
95;2021-07-24;5259;6236;723706;584394;58.0;46.8
95;2021-07-25;2251;2284;725957;586678;58.2;47.0
95;2021-07-26;4522;4026;730479;590704;58.5;47.3
95;2021-07-27;8502;7045;738981;597749;59.2;47.9
95;2021-07-28;9717;7563;748698;605312;60.0;48.5
95;2021-07-29;8430;5474;757128;610786;60.7;48.9
95;2021-07-30;8517;7775;765645;618561;61.3;49.6
95;2021-07-31;4238;4104;769883;622665;61.7;49.9
95;2021-08-01;2337;1375;772220;624040;61.9;50.0
95;2021-08-02;4160;3918;776380;627958;62.2;50.3
95;2021-08-03;6154;5540;782534;633498;62.7;50.7
95;2021-08-04;6510;6088;789044;639586;63.2;51.2
95;2021-08-05;6867;5731;795911;645317;63.8;51.7
95;2021-08-06;6514;7066;802425;652383;64.3;52.3
95;2021-08-07;2843;3038;805268;655421;64.5;52.5
95;2021-08-08;1370;1888;806638;657309;64.6;52.7
95;2021-08-09;3927;5038;810565;662347;64.9;53.1
95;2021-08-10;5276;5844;815841;668191;65.4;53.5
95;2021-08-11;5369;6563;821210;674754;65.8;54.1
95;2021-08-12;5226;6364;826436;681118;66.2;54.6
95;2021-08-13;3914;5477;830350;686595;66.5;55.0
95;2021-08-14;3570;3323;833920;689918;66.8;55.3
95;2021-08-15;284;361;834204;690279;66.8;55.3
95;2021-08-16;2859;6054;837063;696333;67.1;55.8
95;2021-08-17;3622;7264;840685;703597;67.3;56.4
95;2021-08-18;4276;8074;844961;711671;67.7;57.0
95;2021-08-19;3797;6595;848758;718266;68.0;57.5
95;2021-08-20;3792;7930;852550;726196;68.3;58.2
95;2021-08-21;2717;4304;855267;730500;68.5;58.5
95;2021-08-22;857;2399;856124;732899;68.6;58.7
95;2021-08-23;2469;5652;858593;738551;68.8;59.2
95;2021-08-24;2964;6471;861557;745022;69.0;59.7
95;2021-08-25;3771;8294;865328;753316;69.3;60.3
95;2021-08-26;3165;7534;868493;760850;69.6;60.9
95;2021-08-27;3517;8722;872010;769572;69.9;61.6
95;2021-08-28;2802;5496;874812;775068;70.1;62.1
95;2021-08-29;638;1712;875450;776780;70.1;62.2
95;2021-08-30;2762;6100;878212;782880;70.3;62.7
95;2021-08-31;2819;6310;881031;789190;70.6;63.2
95;2021-09-01;2732;6039;883763;795229;70.8;63.7
95;2021-09-02;1691;4226;885454;799455;70.9;64.0
95;2021-09-03;2218;5358;887672;804813;71.1;64.5
95;2021-09-04;2524;5627;890196;810440;71.3;64.9
95;2021-09-05;421;628;890617;811068;71.3;65.0
95;2021-09-06;1229;3139;891846;814207;71.4;65.2
95;2021-09-07;1395;3143;893241;817350;71.6;65.5
95;2021-09-08;1663;3890;894904;821240;71.7;65.8
95;2021-09-09;1293;3245;896197;824485;71.8;66.0
95;2021-09-10;1568;3517;897765;828002;71.9;66.3
95;2021-09-11;1540;3562;899305;831564;72.0;66.6
95;2021-09-12;319;697;899624;832261;72.1;66.7
95;2021-09-13;878;2206;900502;834467;72.1;66.8
95;2021-09-14;1151;2273;901653;836740;72.2;67.0
95;2021-09-15;1386;3573;903039;840313;72.3;67.3
95;2021-09-16;907;1888;903946;842201;72.4;67.5
95;2021-09-17;1221;2881;905167;845082;72.5;67.7
95;2021-09-18;1276;4204;906443;849286;72.6;68.0
95;2021-09-19;237;584;906680;849870;72.6;68.1
95;2021-09-20;594;1414;907274;851284;72.7;68.2
95;2021-09-21;824;1805;908098;853089;72.7;68.3
95;2021-09-22;935;3081;909033;856170;72.8;68.6
95;2021-09-23;744;1193;909777;857363;72.9;68.7
95;2021-09-24;764;2046;910541;859409;72.9;68.8
95;2021-09-25;1012;3801;911553;863210;73.0;69.1
95;2021-09-26;136;411;911689;863621;73.0;69.2
95;2021-09-27;682;1194;912371;864815;73.1;69.3
95;2021-09-28;767;1408;913138;866223;73.1;69.4
95;2021-09-29;810;1903;913948;868126;73.2;69.5
95;2021-09-30;799;1131;914747;869257;73.3;69.6
95;2021-10-01;755;1404;915502;870661;73.3;69.7
95;2021-10-02;1219;2487;916721;873148;73.4;69.9
95;2021-10-03;132;262;916853;873410;73.4;70.0
95;2021-10-04;402;708;917255;874118;73.5;70.0
95;2021-10-05;594;1215;917849;875333;73.5;70.1
95;2021-10-06;715;1284;918564;876617;73.6;70.2
95;2021-10-07;499;812;919063;877429;73.6;70.3
95;2021-10-08;751;1396;919814;878825;73.7;70.4
95;2021-10-09;1001;1721;920815;880546;73.8;70.5
95;2021-10-10;132;247;920947;880793;73.8;70.6
971;2020-12-27;0;0;0;0;0.0;0.0
971;2020-12-28;0;0;0;0;0.0;0.0
971;2020-12-29;0;0;0;0;0.0;0.0
971;2020-12-30;0;0;0;0;0.0;0.0
971;2020-12-31;0;0;0;0;0.0;0.0
971;2021-01-01;1;0;1;0;0.0;0.0
971;2021-01-02;0;0;1;0;0.0;0.0
971;2021-01-03;0;0;1;0;0.0;0.0
971;2021-01-04;1;0;2;0;0.0;0.0
971;2021-01-05;0;0;2;0;0.0;0.0
971;2021-01-06;1;0;3;0;0.0;0.0
971;2021-01-07;0;0;3;0;0.0;0.0
971;2021-01-08;59;1;62;1;0.0;0.0
971;2021-01-09;20;0;82;1;0.0;0.0
971;2021-01-10;0;0;82;1;0.0;0.0
971;2021-01-11;61;0;143;1;0.0;0.0
971;2021-01-12;46;0;189;1;0.1;0.0
971;2021-01-13;47;1;236;2;0.1;0.0
971;2021-01-14;63;0;299;2;0.1;0.0
971;2021-01-15;77;2;376;4;0.1;0.0
971;2021-01-16;0;0;376;4;0.1;0.0
971;2021-01-17;0;0;376;4;0.1;0.0
971;2021-01-18;82;2;458;6;0.1;0.0
971;2021-01-19;148;0;606;6;0.2;0.0
971;2021-01-20;134;0;740;6;0.2;0.0
971;2021-01-21;155;1;895;7;0.2;0.0
971;2021-01-22;135;0;1030;7;0.3;0.0
971;2021-01-23;1;0;1031;7;0.3;0.0
971;2021-01-24;0;0;1031;7;0.3;0.0
971;2021-01-25;204;3;1235;10;0.3;0.0
971;2021-01-26;218;4;1453;14;0.4;0.0
971;2021-01-27;237;2;1690;16;0.4;0.0
971;2021-01-28;242;6;1932;22;0.5;0.0
971;2021-01-29;200;3;2132;25;0.6;0.0
971;2021-01-30;25;1;2157;26;0.6;0.0
971;2021-01-31;1;0;2158;26;0.6;0.0
971;2021-02-01;231;5;2389;31;0.6;0.0
971;2021-02-02;247;27;2636;58;0.7;0.0
971;2021-02-03;228;4;2864;62;0.8;0.0
971;2021-02-04;307;26;3171;88;0.8;0.0
971;2021-02-05;289;36;3460;124;0.9;0.0
971;2021-02-06;49;1;3509;125;0.9;0.0
971;2021-02-07;0;0;3509;125;0.9;0.0
971;2021-02-08;260;23;3769;148;1.0;0.0
971;2021-02-09;323;29;4092;177;1.1;0.0
971;2021-02-10;255;31;4347;208;1.2;0.1
971;2021-02-11;302;113;4649;321;1.2;0.1
971;2021-02-12;291;33;4940;354;1.3;0.1
971;2021-02-13;51;7;4991;361;1.3;0.1
971;2021-02-14;19;36;5010;397;1.3;0.1
971;2021-02-15;85;45;5095;442;1.4;0.1
971;2021-02-16;16;1;5111;443;1.4;0.1
971;2021-02-17;17;1;5128;444;1.4;0.1
971;2021-02-18;255;19;5383;463;1.4;0.1
971;2021-02-19;250;22;5633;485;1.5;0.1
971;2021-02-20;49;0;5682;485;1.5;0.1
971;2021-02-21;2;0;5684;485;1.5;0.1
971;2021-02-22;196;69;5880;554;1.6;0.1
971;2021-02-23;206;78;6086;632;1.6;0.2
971;2021-02-24;346;127;6432;759;1.7;0.2
971;2021-02-25;385;80;6817;839;1.8;0.2
971;2021-02-26;236;86;7053;925;1.9;0.2
971;2021-02-27;65;0;7118;925;1.9;0.2
971;2021-02-28;1;0;7119;925;1.9;0.2
971;2021-03-01;179;87;7298;1012;1.9;0.3
971;2021-03-02;278;131;7576;1143;2.0;0.3
971;2021-03-03;244;122;7820;1265;2.1;0.3
971;2021-03-04;336;87;8156;1352;2.2;0.4
971;2021-03-05;377;150;8533;1502;2.3;0.4
971;2021-03-06;598;16;9131;1518;2.4;0.4
971;2021-03-07;2;0;9133;1518;2.4;0.4
971;2021-03-08;330;149;9463;1667;2.5;0.4
971;2021-03-09;391;164;9854;1831;2.6;0.5
971;2021-03-10;437;168;10291;1999;2.7;0.5
971;2021-03-11;122;46;10413;2045;2.8;0.5
971;2021-03-12;504;236;10917;2281;2.9;0.6
971;2021-03-13;139;4;11056;2285;2.9;0.6
971;2021-03-14;14;23;11070;2308;2.9;0.6
971;2021-03-15;424;49;11494;2357;3.0;0.6
971;2021-03-16;490;88;11984;2445;3.2;0.6
971;2021-03-17;471;79;12455;2524;3.3;0.7
971;2021-03-18;590;88;13045;2612;3.5;0.7
971;2021-03-19;583;98;13628;2710;3.6;0.7
971;2021-03-20;177;21;13805;2731;3.7;0.7
971;2021-03-21;8;0;13813;2731;3.7;0.7
971;2021-03-22;361;92;14174;2823;3.8;0.7
971;2021-03-23;541;160;14715;2983;3.9;0.8
971;2021-03-24;475;111;15190;3094;4.0;0.8
971;2021-03-25;758;186;15948;3280;4.2;0.9
971;2021-03-26;644;124;16592;3404;4.4;0.9
971;2021-03-27;296;40;16888;3444;4.5;0.9
971;2021-03-28;24;2;16912;3446;4.5;0.9
971;2021-03-29;383;85;17295;3531;4.6;0.9
971;2021-03-30;626;168;17921;3699;4.8;1.0
971;2021-03-31;545;134;18466;3833;4.9;1.0
971;2021-04-01;663;200;19129;4033;5.1;1.1
971;2021-04-02;41;37;19170;4070;5.1;1.1
971;2021-04-03;63;6;19233;4076;5.1;1.1
971;2021-04-04;4;19;19237;4095;5.1;1.1
971;2021-04-05;13;0;19250;4095;5.1;1.1
971;2021-04-06;489;200;19739;4295;5.2;1.1
971;2021-04-07;581;124;20320;4419;5.4;1.2
971;2021-04-08;527;164;20847;4583;5.5;1.2
971;2021-04-09;486;213;21333;4796;5.7;1.3
971;2021-04-10;101;5;21434;4801;5.7;1.3
971;2021-04-11;8;12;21442;4813;5.7;1.3
971;2021-04-12;306;266;21748;5079;5.8;1.3
971;2021-04-13;556;328;22304;5407;5.9;1.4
971;2021-04-14;448;232;22752;5639;6.0;1.5
971;2021-04-15;553;314;23305;5953;6.2;1.6
971;2021-04-16;563;275;23868;6228;6.3;1.7
971;2021-04-17;216;5;24084;6233;6.4;1.7
971;2021-04-18;6;14;24090;6247;6.4;1.7
971;2021-04-19;405;244;24495;6491;6.5;1.7
971;2021-04-20;726;348;25221;6839;6.7;1.8
971;2021-04-21;627;322;25848;7161;6.9;1.9
971;2021-04-22;819;341;26667;7502;7.1;2.0
971;2021-04-23;845;252;27512;7754;7.3;2.1
971;2021-04-24;390;82;27902;7836;7.4;2.1
971;2021-04-25;601;65;28503;7901;7.6;2.1
971;2021-04-26;982;233;29485;8134;7.8;2.2
971;2021-04-27;721;238;30206;8372;8.0;2.2
971;2021-04-28;865;273;31071;8645;8.2;2.3
971;2021-04-29;1203;219;32274;8864;8.6;2.4
971;2021-04-30;1269;196;33543;9060;8.9;2.4
971;2021-05-01;607;44;34150;9104;9.1;2.4
971;2021-05-02;357;20;34507;9124;9.2;2.4
971;2021-05-03;925;194;35432;9318;9.4;2.5
971;2021-05-04;960;211;36392;9529;9.7;2.5
971;2021-05-05;1022;252;37414;9781;9.9;2.6
971;2021-05-06;1146;179;38560;9960;10.2;2.6
971;2021-05-07;1266;274;39826;10234;10.6;2.7
971;2021-05-08;323;40;40149;10274;10.7;2.7
971;2021-05-09;183;11;40332;10285;10.7;2.7
971;2021-05-10;851;221;41183;10506;10.9;2.8
971;2021-05-11;964;314;42147;10820;11.2;2.9
971;2021-05-12;908;325;43055;11145;11.4;3.0
971;2021-05-13;212;78;43267;11223;11.5;3.0
971;2021-05-14;861;274;44128;11497;11.7;3.1
971;2021-05-15;486;15;44614;11512;11.8;3.1
971;2021-05-16;182;36;44796;11548;11.9;3.1
971;2021-05-17;721;276;45517;11824;12.1;3.1
971;2021-05-18;743;389;46260;12213;12.3;3.2
971;2021-05-19;705;529;46965;12742;12.5;3.4
971;2021-05-20;811;377;47776;13119;12.7;3.5
971;2021-05-21;827;405;48603;13524;12.9;3.6
971;2021-05-22;508;214;49111;13738;13.0;3.6
971;2021-05-23;199;114;49310;13852;13.1;3.7
971;2021-05-24;201;173;49511;14025;13.1;3.7
971;2021-05-25;551;660;50062;14685;13.3;3.9
971;2021-05-26;596;491;50658;15176;13.4;4.0
971;2021-05-27;133;179;50791;15355;13.5;4.1
971;2021-05-28;520;525;51311;15880;13.6;4.2
971;2021-05-29;238;140;51549;16020;13.7;4.3
971;2021-05-30;75;112;51624;16132;13.7;4.3
971;2021-05-31;453;535;52077;16667;13.8;4.4
971;2021-06-01;593;706;52670;17373;14.0;4.6
971;2021-06-02;576;705;53246;18078;14.1;4.8
971;2021-06-03;509;558;53755;18636;14.3;4.9
971;2021-06-04;834;799;54589;19435;14.5;5.2
971;2021-06-05;317;644;54906;20079;14.6;5.3
971;2021-06-06;139;528;55045;20607;14.6;5.5
971;2021-06-07;421;781;55466;21388;14.7;5.7
971;2021-06-08;485;885;55951;22273;14.8;5.9
971;2021-06-09;503;857;56454;23130;15.0;6.1
971;2021-06-10;538;848;56992;23978;15.1;6.4
971;2021-06-11;474;1233;57466;25211;15.2;6.7
971;2021-06-12;303;659;57769;25870;15.3;6.9
971;2021-06-13;126;312;57895;26182;15.4;6.9
971;2021-06-14;371;3678;58266;29860;15.5;7.9
971;2021-06-15;483;1981;58749;31841;15.6;8.4
971;2021-06-16;478;1431;59227;33272;15.7;8.8
971;2021-06-17;432;1008;59659;34280;15.8;9.1
971;2021-06-18;483;1020;60142;35300;16.0;9.4
971;2021-06-19;313;508;60455;35808;16.0;9.5
971;2021-06-20;111;231;60566;36039;16.1;9.6
971;2021-06-21;348;674;60914;36713;16.2;9.7
971;2021-06-22;333;870;61247;37583;16.3;10.0
971;2021-06-23;371;892;61618;38475;16.3;10.2
971;2021-06-24;417;731;62035;39206;16.5;10.4
971;2021-06-25;456;759;62491;39965;16.6;10.6
971;2021-06-26;301;512;62792;40477;16.7;10.7
971;2021-06-27;116;148;62908;40625;16.7;10.8
971;2021-06-28;304;682;63212;41307;16.8;11.0
971;2021-06-29;388;780;63600;42087;16.9;11.2
971;2021-06-30;441;924;64041;43011;17.0;11.4
971;2021-07-01;364;649;64405;43660;17.1;11.6
971;2021-07-02;434;693;64839;44353;17.2;11.8
971;2021-07-03;277;467;65116;44820;17.3;11.9
971;2021-07-04;112;238;65228;45058;17.3;12.0
971;2021-07-05;331;504;65559;45562;17.4;12.1
971;2021-07-06;388;769;65947;46331;17.5;12.3
971;2021-07-07;378;844;66325;47175;17.6;12.5
971;2021-07-08;416;791;66741;47966;17.7;12.7
971;2021-07-09;437;796;67178;48762;17.8;12.9
971;2021-07-10;245;295;67423;49057;17.9;13.0
971;2021-07-11;169;137;67592;49194;17.9;13.1
971;2021-07-12;477;602;68069;49796;18.1;13.2
971;2021-07-13;883;1001;68952;50797;18.3;13.5
971;2021-07-14;476;283;69428;51080;18.4;13.6
971;2021-07-15;885;842;70313;51922;18.7;13.8
971;2021-07-16;1095;1041;71408;52963;18.9;14.1
971;2021-07-17;647;445;72055;53408;19.1;14.2
971;2021-07-18;401;221;72456;53629;19.2;14.2
971;2021-07-19;579;579;73035;54208;19.4;14.4
971;2021-07-20;841;737;73876;54945;19.6;14.6
971;2021-07-21;767;501;74643;55446;19.8;14.7
971;2021-07-22;988;876;75631;56322;20.1;14.9
971;2021-07-23;1034;758;76665;57080;20.3;15.1
971;2021-07-24;426;387;77091;57467;20.5;15.2
971;2021-07-25;247;262;77338;57729;20.5;15.3
971;2021-07-26;636;566;77974;58295;20.7;15.5
971;2021-07-27;884;589;78858;58884;20.9;15.6
971;2021-07-28;797;655;79655;59539;21.1;15.8
971;2021-07-29;971;674;80626;60213;21.4;16.0
971;2021-07-30;1320;755;81946;60968;21.7;16.2
971;2021-07-31;557;412;82503;61380;21.9;16.3
971;2021-08-01;315;251;82818;61631;22.0;16.4
971;2021-08-02;765;422;83583;62053;22.2;16.5
971;2021-08-03;764;676;84347;62729;22.4;16.6
971;2021-08-04;694;674;85041;63403;22.6;16.8
971;2021-08-05;698;595;85739;63998;22.7;17.0
971;2021-08-06;933;644;86672;64642;23.0;17.2
971;2021-08-07;453;392;87125;65034;23.1;17.3
971;2021-08-08;279;313;87404;65347;23.2;17.3
971;2021-08-09;592;585;87996;65932;23.3;17.5
971;2021-08-10;762;796;88758;66728;23.6;17.7
971;2021-08-11;925;793;89683;67521;23.8;17.9
971;2021-08-12;1024;803;90707;68324;24.1;18.1
971;2021-08-13;980;444;91687;68768;24.3;18.2
971;2021-08-14;634;702;92321;69470;24.5;18.4
971;2021-08-15;437;413;92758;69883;24.6;18.5
971;2021-08-16;823;742;93581;70625;24.8;18.7
971;2021-08-17;908;871;94489;71496;25.1;19.0
971;2021-08-18;1277;977;95766;72473;25.4;19.2
971;2021-08-19;1346;928;97112;73401;25.8;19.5
971;2021-08-20;1532;1048;98644;74449;26.2;19.8
971;2021-08-21;732;518;99376;74967;26.4;19.9
971;2021-08-22;365;272;99741;75239;26.5;20.0
971;2021-08-23;876;630;100617;75869;26.7;20.1
971;2021-08-24;1292;795;101909;76664;27.0;20.3
971;2021-08-25;1392;801;103301;77465;27.4;20.6
971;2021-08-26;1404;775;104705;78240;27.8;20.8
971;2021-08-27;1504;1100;106209;79340;28.2;21.1
971;2021-08-28;937;580;107146;79920;28.4;21.2
971;2021-08-29;222;241;107368;80161;28.5;21.3
971;2021-08-30;932;720;108300;80881;28.7;21.5
971;2021-08-31;1255;863;109555;81744;29.1;21.7
971;2021-09-01;1128;878;110683;82622;29.4;21.9
971;2021-09-02;1073;850;111756;83472;29.7;22.1
971;2021-09-03;988;1098;112744;84570;29.9;22.4
971;2021-09-04;543;624;113287;85194;30.1;22.6
971;2021-09-05;129;238;113416;85432;30.1;22.7
971;2021-09-06;612;665;114028;86097;30.3;22.8
971;2021-09-07;637;699;114665;86796;30.4;23.0
971;2021-09-08;705;1003;115370;87799;30.6;23.3
971;2021-09-09;641;1069;116011;88868;30.8;23.6
971;2021-09-10;741;1287;116752;90155;31.0;23.9
971;2021-09-11;399;685;117151;90840;31.1;24.1
971;2021-09-12;86;357;117237;91197;31.1;24.2
971;2021-09-13;377;619;117614;91816;31.2;24.4
971;2021-09-14;549;1104;118163;92920;31.4;24.7
971;2021-09-15;552;1166;118715;94086;31.5;25.0
971;2021-09-16;454;1084;119169;95170;31.6;25.3
971;2021-09-17;551;1479;119720;96649;31.8;25.6
971;2021-09-18;279;1021;119999;97670;31.8;25.9
971;2021-09-19;92;336;120091;98006;31.9;26.0
971;2021-09-20;233;966;120324;98972;31.9;26.3
971;2021-09-21;274;1190;120598;100162;32.0;26.6
971;2021-09-22;380;1195;120978;101357;32.1;26.9
971;2021-09-23;369;1222;121347;102579;32.2;27.2
971;2021-09-24;451;1282;121798;103861;32.3;27.6
971;2021-09-25;233;777;122031;104638;32.4;27.8
971;2021-09-26;73;228;122104;104866;32.4;27.8
971;2021-09-27;248;665;122352;105531;32.5;28.0
971;2021-09-28;262;834;122614;106365;32.5;28.2
971;2021-09-29;312;890;122926;107255;32.6;28.5
971;2021-09-30;347;756;123273;108011;32.7;28.7
971;2021-10-01;384;863;123657;108874;32.8;28.9
971;2021-10-02;267;541;123924;109415;32.9;29.0
971;2021-10-03;71;167;123995;109582;32.9;29.1
971;2021-10-04;219;443;124214;110025;33.0;29.2
971;2021-10-05;336;609;124550;110634;33.0;29.4
971;2021-10-06;330;628;124880;111262;33.1;29.5
971;2021-10-07;362;574;125242;111836;33.2;29.7
971;2021-10-08;424;777;125666;112613;33.3;29.9
971;2021-10-09;313;448;125979;113061;33.4;30.0
971;2021-10-10;61;148;126040;113209;33.4;30.0
972;2020-12-27;0;0;0;0;0.0;0.0
972;2020-12-28;0;0;0;0;0.0;0.0
972;2020-12-29;0;0;0;0;0.0;0.0
972;2020-12-30;0;0;0;0;0.0;0.0
972;2020-12-31;0;0;0;0;0.0;0.0
972;2021-01-01;0;0;0;0;0.0;0.0
972;2021-01-02;0;0;0;0;0.0;0.0
972;2021-01-03;0;0;0;0;0.0;0.0
972;2021-01-04;0;0;0;0;0.0;0.0
972;2021-01-05;0;0;0;0;0.0;0.0
972;2021-01-06;5;0;5;0;0.0;0.0
972;2021-01-07;31;0;36;0;0.0;0.0
972;2021-01-08;90;1;126;1;0.0;0.0
972;2021-01-09;20;0;146;1;0.0;0.0
972;2021-01-10;0;0;146;1;0.0;0.0
972;2021-01-11;122;0;268;1;0.1;0.0
972;2021-01-12;79;0;347;1;0.1;0.0
972;2021-01-13;65;0;412;1;0.1;0.0
972;2021-01-14;88;1;500;2;0.1;0.0
972;2021-01-15;171;7;671;9;0.2;0.0
972;2021-01-16;51;0;722;9;0.2;0.0
972;2021-01-17;0;0;722;9;0.2;0.0
972;2021-01-18;158;0;880;9;0.2;0.0
972;2021-01-19;168;1;1048;10;0.3;0.0
972;2021-01-20;170;0;1218;10;0.3;0.0
972;2021-01-21;181;2;1399;12;0.4;0.0
972;2021-01-22;173;0;1572;12;0.4;0.0
972;2021-01-23;58;0;1630;12;0.5;0.0
972;2021-01-24;0;0;1630;12;0.5;0.0
972;2021-01-25;161;1;1791;13;0.5;0.0
972;2021-01-26;138;1;1929;14;0.5;0.0
972;2021-01-27;163;5;2092;19;0.6;0.0
972;2021-01-28;152;12;2244;31;0.6;0.0
972;2021-01-29;143;41;2387;72;0.7;0.0
972;2021-01-30;96;16;2483;88;0.7;0.0
972;2021-01-31;0;0;2483;88;0.7;0.0
972;2021-02-01;119;73;2602;161;0.7;0.0
972;2021-02-02;184;94;2786;255;0.8;0.1
972;2021-02-03;132;76;2918;331;0.8;0.1
972;2021-02-04;160;70;3078;401;0.9;0.1
972;2021-02-05;123;93;3201;494;0.9;0.1
972;2021-02-06;63;26;3264;520;0.9;0.1
972;2021-02-07;1;0;3265;520;0.9;0.1
972;2021-02-08;137;79;3402;599;0.9;0.2
972;2021-02-09;177;77;3579;676;1.0;0.2
972;2021-02-10;153;90;3732;766;1.0;0.2
972;2021-02-11;149;101;3881;867;1.1;0.2
972;2021-02-12;152;131;4033;998;1.1;0.3
972;2021-02-13;47;37;4080;1035;1.1;0.3
972;2021-02-14;0;0;4080;1035;1.1;0.3
972;2021-02-15;51;67;4131;1102;1.2;0.3
972;2021-02-16;0;1;4131;1103;1.2;0.3
972;2021-02-17;1;3;4132;1106;1.2;0.3
972;2021-02-18;69;127;4201;1233;1.2;0.3
972;2021-02-19;69;129;4270;1362;1.2;0.4
972;2021-02-20;48;68;4318;1430;1.2;0.4
972;2021-02-21;0;0;4318;1430;1.2;0.4
972;2021-02-22;102;60;4420;1490;1.2;0.4
972;2021-02-23;113;235;4533;1725;1.3;0.5
972;2021-02-24;106;220;4639;1945;1.3;0.5
972;2021-02-25;93;150;4732;2095;1.3;0.6
972;2021-02-26;132;168;4864;2263;1.4;0.6
972;2021-02-27;69;52;4933;2315;1.4;0.6
972;2021-02-28;0;0;4933;2315;1.4;0.6
972;2021-03-01;138;143;5071;2458;1.4;0.7
972;2021-03-02;158;79;5229;2537;1.5;0.7
972;2021-03-03;179;145;5408;2682;1.5;0.7
972;2021-03-04;152;135;5560;2817;1.5;0.8
972;2021-03-05;236;128;5796;2945;1.6;0.8
972;2021-03-06;119;58;5915;3003;1.6;0.8
972;2021-03-07;100;3;6015;3006;1.7;0.8
972;2021-03-08;196;134;6211;3140;1.7;0.9
972;2021-03-09;283;101;6494;3241;1.8;0.9
972;2021-03-10;322;136;6816;3377;1.9;0.9
972;2021-03-11;337;81;7153;3458;2.0;1.0
972;2021-03-12;413;57;7566;3515;2.1;1.0
972;2021-03-13;155;21;7721;3536;2.2;1.0
972;2021-03-14;4;1;7725;3537;2.2;1.0
972;2021-03-15;277;91;8002;3628;2.2;1.0
972;2021-03-16;305;56;8307;3684;2.3;1.0
972;2021-03-17;388;48;8695;3732;2.4;1.0
972;2021-03-18;437;46;9132;3778;2.5;1.1
972;2021-03-19;401;63;9533;3841;2.7;1.1
972;2021-03-20;149;48;9682;3889;2.7;1.1
972;2021-03-21;25;1;9707;3890;2.7;1.1
972;2021-03-22;361;117;10068;4007;2.8;1.1
972;2021-03-23;404;124;10472;4131;2.9;1.2
972;2021-03-24;429;107;10901;4238;3.0;1.2
972;2021-03-25;492;105;11393;4343;3.2;1.2
972;2021-03-26;634;106;12027;4449;3.4;1.2
972;2021-03-27;154;71;12181;4520;3.4;1.3
972;2021-03-28;81;2;12262;4522;3.4;1.3
972;2021-03-29;423;166;12685;4688;3.5;1.3
972;2021-03-30;469;244;13154;4932;3.7;1.4
972;2021-03-31;1151;193;14305;5125;4.0;1.4
972;2021-04-01;955;174;15260;5299;4.3;1.5
972;2021-04-02;896;16;16156;5315;4.5;1.5
972;2021-04-03;789;57;16945;5372;4.7;1.5
972;2021-04-04;751;15;17696;5387;4.9;1.5
972;2021-04-05;828;44;18524;5431;5.2;1.5
972;2021-04-06;885;136;19409;5567;5.4;1.6
972;2021-04-07;1437;331;20846;5898;5.8;1.6
972;2021-04-08;1307;272;22153;6170;6.2;1.7
972;2021-04-09;1239;316;23392;6486;6.5;1.8
972;2021-04-10;838;165;24230;6651;6.8;1.9
972;2021-04-11;620;15;24850;6666;6.9;1.9
972;2021-04-12;869;318;25719;6984;7.2;1.9
972;2021-04-13;880;330;26599;7314;7.4;2.0
972;2021-04-14;959;324;27558;7638;7.7;2.1
972;2021-04-15;959;303;28517;7941;7.9;2.2
972;2021-04-16;997;301;29514;8242;8.2;2.3
972;2021-04-17;530;161;30044;8403;8.4;2.3
972;2021-04-18;339;56;30383;8459;8.5;2.4
972;2021-04-19;668;342;31051;8801;8.7;2.5
972;2021-04-20;865;309;31916;9110;8.9;2.5
972;2021-04-21;1002;354;32918;9464;9.2;2.6
972;2021-04-22;605;312;33523;9776;9.3;2.7
972;2021-04-23;614;465;34137;10241;9.5;2.9
972;2021-04-24;364;197;34501;10438;9.6;2.9
972;2021-04-25;168;200;34669;10638;9.7;3.0
972;2021-04-26;516;541;35185;11179;9.8;3.1
972;2021-04-27;568;607;35753;11786;10.0;3.3
972;2021-04-28;448;691;36201;12477;10.1;3.5
972;2021-04-29;654;643;36855;13120;10.3;3.7
972;2021-04-30;771;686;37626;13806;10.5;3.8
972;2021-05-01;244;246;37870;14052;10.6;3.9
972;2021-05-02;227;513;38097;14565;10.6;4.1
972;2021-05-03;569;770;38666;15335;10.8;4.3
972;2021-05-04;525;678;39191;16013;10.9;4.5
972;2021-05-05;548;896;39739;16909;11.1;4.7
972;2021-05-06;546;785;40285;17694;11.2;4.9
972;2021-05-07;629;1015;40914;18709;11.4;5.2
972;2021-05-08;225;526;41139;19235;11.5;5.4
972;2021-05-09;172;506;41311;19741;11.5;5.5
972;2021-05-10;519;856;41830;20597;11.7;5.7
972;2021-05-11;477;870;42307;21467;11.8;6.0
972;2021-05-12;560;910;42867;22377;11.9;6.2
972;2021-05-13;275;532;43142;22909;12.0;6.4
972;2021-05-14;388;748;43530;23657;12.1;6.6
972;2021-05-15;233;578;43763;24235;12.2;6.8
972;2021-05-16;155;442;43918;24677;12.2;6.9
972;2021-05-17;474;753;44392;25430;12.4;7.1
972;2021-05-18;445;678;44837;26108;12.5;7.3
972;2021-05-19;453;744;45290;26852;12.6;7.5
972;2021-05-20;594;500;45884;27352;12.8;7.6
972;2021-05-21;544;683;46428;28035;12.9;7.8
972;2021-05-22;186;359;46614;28394;13.0;7.9
972;2021-05-23;111;182;46725;28576;13.0;8.0
972;2021-05-24;135;241;46860;28817;13.1;8.0
972;2021-05-25;350;697;47210;29514;13.2;8.2
972;2021-05-26;381;712;47591;30226;13.3;8.4
972;2021-05-27;271;647;47862;30873;13.3;8.6
972;2021-05-28;280;815;48142;31688;13.4;8.8
972;2021-05-29;154;513;48296;32201;13.5;9.0
972;2021-05-30;17;33;48313;32234;13.5;9.0
972;2021-05-31;346;680;48659;32914;13.6;9.2
972;2021-06-01;299;543;48958;33457;13.6;9.3
972;2021-06-02;325;575;49283;34032;13.7;9.5
972;2021-06-03;247;424;49530;34456;13.8;9.6
972;2021-06-04;350;642;49880;35098;13.9;9.8
972;2021-06-05;260;371;50140;35469;14.0;9.9
972;2021-06-06;25;32;50165;35501;14.0;9.9
972;2021-06-07;260;735;50425;36236;14.1;10.1
972;2021-06-08;255;585;50680;36821;14.1;10.3
972;2021-06-09;303;697;50983;37518;14.2;10.5
972;2021-06-10;308;451;51291;37969;14.3;10.6
972;2021-06-11;358;533;51649;38502;14.4;10.7
972;2021-06-12;232;320;51881;38822;14.5;10.8
972;2021-06-13;32;29;51913;38851;14.5;10.8
972;2021-06-14;367;548;52280;39399;14.6;11.0
972;2021-06-15;410;487;52690;39886;14.7;11.1
972;2021-06-16;436;435;53126;40321;14.8;11.2
972;2021-06-17;354;573;53480;40894;14.9;11.4
972;2021-06-18;458;537;53938;41431;15.0;11.5
972;2021-06-19;225;196;54163;41627;15.1;11.6
972;2021-06-20;25;17;54188;41644;15.1;11.6
972;2021-06-21;332;579;54520;42223;15.2;11.8
972;2021-06-22;297;463;54817;42686;15.3;11.9
972;2021-06-23;421;562;55238;43248;15.4;12.1
972;2021-06-24;330;437;55568;43685;15.5;12.2
972;2021-06-25;313;387;55881;44072;15.6;12.3
972;2021-06-26;222;201;56103;44273;15.6;12.3
972;2021-06-27;16;23;56119;44296;15.6;12.3
972;2021-06-28;336;425;56455;44721;15.7;12.5
972;2021-06-29;329;430;56784;45151;15.8;12.6
972;2021-06-30;440;421;57224;45572;16.0;12.7
972;2021-07-01;351;394;57575;45966;16.0;12.8
972;2021-07-02;124;201;57699;46167;16.1;12.9
972;2021-07-03;100;118;57799;46285;16.1;12.9
972;2021-07-04;24;36;57823;46321;16.1;12.9
972;2021-07-05;494;580;58317;46901;16.3;13.1
972;2021-07-06;488;429;58805;47330;16.4;13.2
972;2021-07-07;613;494;59418;47824;16.6;13.3
972;2021-07-08;492;422;59910;48246;16.7;13.4
972;2021-07-09;629;582;60539;48828;16.9;13.6
972;2021-07-10;405;309;60944;49137;17.0;13.7
972;2021-07-11;52;38;60996;49175;17.0;13.7
972;2021-07-12;847;697;61843;49872;17.2;13.9
972;2021-07-13;1475;707;63318;50579;17.6;14.1
972;2021-07-14;133;65;63451;50644;17.7;14.1
972;2021-07-15;1603;680;65054;51324;18.1;14.3
972;2021-07-16;1632;662;66686;51986;18.6;14.5
972;2021-07-17;1094;367;67780;52353;18.9;14.6
972;2021-07-18;56;39;67836;52392;18.9;14.6
972;2021-07-19;1148;654;68984;53046;19.2;14.8
972;2021-07-20;1130;578;70114;53624;19.5;14.9
972;2021-07-21;1089;604;71203;54228;19.8;15.1
972;2021-07-22;906;519;72109;54747;20.1;15.3
972;2021-07-23;969;484;73078;55231;20.4;15.4
972;2021-07-24;506;223;73584;55454;20.5;15.5
972;2021-07-25;50;63;73634;55517;20.5;15.5
972;2021-07-26;685;525;74319;56042;20.7;15.6
972;2021-07-27;1029;515;75348;56557;21.0;15.8
972;2021-07-28;645;562;75993;57119;21.2;15.9
972;2021-07-29;842;548;76835;57667;21.4;16.1
972;2021-07-30;903;615;77738;58282;21.7;16.2
972;2021-07-31;560;275;78298;58557;21.8;16.3
972;2021-08-01;83;33;78381;58590;21.8;16.3
972;2021-08-02;812;815;79193;59405;22.1;16.6
972;2021-08-03;730;743;79923;60148;22.3;16.8
972;2021-08-04;788;572;80711;60720;22.5;16.9
972;2021-08-05;915;590;81626;61310;22.8;17.1
972;2021-08-06;1196;895;82822;62205;23.1;17.3
972;2021-08-07;667;571;83489;62776;23.3;17.5
972;2021-08-08;85;83;83574;62859;23.3;17.5
972;2021-08-09;1130;1064;84704;63923;23.6;17.8
972;2021-08-10;1199;1041;85903;64964;23.9;18.1
972;2021-08-11;1235;921;87138;65885;24.3;18.4
972;2021-08-12;1451;930;88589;66815;24.7;18.6
972;2021-08-13;1318;645;89907;67460;25.1;18.8
972;2021-08-14;850;322;90757;67782;25.3;18.9
972;2021-08-15;70;55;90827;67837;25.3;18.9
972;2021-08-16;1280;1047;92107;68884;25.7;19.2
972;2021-08-17;1177;1187;93284;70071;26.0;19.5
972;2021-08-18;1238;1174;94522;71245;26.3;19.9
972;2021-08-19;1286;892;95808;72137;26.7;20.1
972;2021-08-20;1329;893;97137;73030;27.1;20.4
972;2021-08-21;758;626;97895;73656;27.3;20.5
972;2021-08-22;47;82;97942;73738;27.3;20.6
972;2021-08-23;1182;859;99124;74597;27.6;20.8
972;2021-08-24;1379;880;100503;75477;28.0;21.0
972;2021-08-25;1079;769;101582;76246;28.3;21.3
972;2021-08-26;1279;806;102861;77052;28.7;21.5
972;2021-08-27;1286;1077;104147;78129;29.0;21.8
972;2021-08-28;779;756;104926;78885;29.2;22.0
972;2021-08-29;100;64;105026;78949;29.3;22.0
972;2021-08-30;1141;1111;106167;80060;29.6;22.3
972;2021-08-31;907;1099;107074;81159;29.8;22.6
972;2021-09-01;812;1118;107886;82277;30.1;22.9
972;2021-09-02;879;1189;108765;83466;30.3;23.3
972;2021-09-03;772;1279;109537;84745;30.5;23.6
972;2021-09-04;615;887;110152;85632;30.7;23.9
972;2021-09-05;144;128;110296;85760;30.7;23.9
972;2021-09-06;600;1026;110896;86786;30.9;24.2
972;2021-09-07;636;935;111532;87721;31.1;24.5
972;2021-09-08;593;1128;112125;88849;31.3;24.8
972;2021-09-09;521;1064;112646;89913;31.4;25.1
972;2021-09-10;589;1297;113235;91210;31.6;25.4
972;2021-09-11;490;893;113725;92103;31.7;25.7
972;2021-09-12;108;105;113833;92208;31.7;25.7
972;2021-09-13;486;1084;114319;93292;31.9;26.0
972;2021-09-14;482;1085;114801;94377;32.0;26.3
972;2021-09-15;392;1089;115193;95466;32.1;26.6
972;2021-09-16;385;1069;115578;96535;32.2;26.9
972;2021-09-17;592;1274;116170;97809;32.4;27.3
972;2021-09-18;423;931;116593;98740;32.5;27.5
972;2021-09-19;43;121;116636;98861;32.5;27.6
972;2021-09-20;363;921;116999;99782;32.6;27.8
972;2021-09-21;427;988;117426;100770;32.7;28.1
972;2021-09-22;362;856;117788;101626;32.8;28.3
972;2021-09-23;406;825;118194;102451;32.9;28.6
972;2021-09-24;459;978;118653;103429;33.1;28.8
972;2021-09-25;333;835;118986;104264;33.2;29.1
972;2021-09-26;30;183;119016;104447;33.2;29.1
972;2021-09-27;303;666;119319;105113;33.3;29.3
972;2021-09-28;409;670;119728;105783;33.4;29.5
972;2021-09-29;365;646;120093;106429;33.5;29.7
972;2021-09-30;475;666;120568;107095;33.6;29.9
972;2021-10-01;535;754;121103;107849;33.8;30.1
972;2021-10-02;365;607;121468;108456;33.9;30.2
972;2021-10-03;41;79;121509;108535;33.9;30.3
972;2021-10-04;367;454;121876;108989;34.0;30.4
972;2021-10-05;365;542;122241;109531;34.1;30.5
972;2021-10-06;391;511;122632;110042;34.2;30.7
972;2021-10-07;389;495;123021;110537;34.3;30.8
972;2021-10-08;512;623;123533;111160;34.4;31.0
972;2021-10-09;405;519;123938;111679;34.5;31.1
972;2021-10-10;22;60;123960;111739;34.6;31.1
973;2020-12-27;0;0;0;0;0.0;0.0
973;2020-12-28;0;0;0;0;0.0;0.0
973;2020-12-29;0;0;0;0;0.0;0.0
973;2020-12-30;0;0;0;0;0.0;0.0
973;2020-12-31;0;0;0;0;0.0;0.0
973;2021-01-01;0;0;0;0;0.0;0.0
973;2021-01-02;1;1;1;1;0.0;0.0
973;2021-01-03;0;0;1;1;0.0;0.0
973;2021-01-04;0;0;1;1;0.0;0.0
973;2021-01-05;0;0;1;1;0.0;0.0
973;2021-01-06;0;0;1;1;0.0;0.0
973;2021-01-07;0;0;1;1;0.0;0.0
973;2021-01-08;0;0;1;1;0.0;0.0
973;2021-01-09;0;0;1;1;0.0;0.0
973;2021-01-10;0;0;1;1;0.0;0.0
973;2021-01-11;0;0;1;1;0.0;0.0
973;2021-01-12;0;0;1;1;0.0;0.0
973;2021-01-13;30;0;31;1;0.0;0.0
973;2021-01-14;46;0;77;1;0.0;0.0
973;2021-01-15;35;0;112;1;0.0;0.0
973;2021-01-16;18;1;130;2;0.0;0.0
973;2021-01-17;0;0;130;2;0.0;0.0
973;2021-01-18;63;0;193;2;0.1;0.0
973;2021-01-19;151;1;344;3;0.1;0.0
973;2021-01-20;134;0;478;3;0.2;0.0
973;2021-01-21;118;0;596;3;0.2;0.0
973;2021-01-22;76;0;672;3;0.2;0.0
973;2021-01-23;0;0;672;3;0.2;0.0
973;2021-01-24;0;0;672;3;0.2;0.0
973;2021-01-25;56;0;728;3;0.3;0.0
973;2021-01-26;100;2;828;5;0.3;0.0
973;2021-01-27;109;1;937;6;0.3;0.0
973;2021-01-28;96;3;1033;9;0.4;0.0
973;2021-01-29;104;3;1137;12;0.4;0.0
973;2021-01-30;0;0;1137;12;0.4;0.0
973;2021-01-31;0;0;1137;12;0.4;0.0
973;2021-02-01;54;0;1191;12;0.4;0.0
973;2021-02-02;122;5;1313;17;0.5;0.0
973;2021-02-03;119;7;1432;24;0.5;0.0
973;2021-02-04;79;25;1511;49;0.5;0.0
973;2021-02-05;66;8;1577;57;0.5;0.0
973;2021-02-06;0;0;1577;57;0.5;0.0
973;2021-02-07;0;0;1577;57;0.5;0.0
973;2021-02-08;52;12;1629;69;0.6;0.0
973;2021-02-09;92;39;1721;108;0.6;0.0
973;2021-02-10;101;41;1822;149;0.6;0.1
973;2021-02-11;105;93;1927;242;0.7;0.1
973;2021-02-12;89;63;2016;305;0.7;0.1
973;2021-02-13;0;0;2016;305;0.7;0.1
973;2021-02-14;0;0;2016;305;0.7;0.1
973;2021-02-15;27;65;2043;370;0.7;0.1
973;2021-02-16;123;52;2166;422;0.7;0.1
973;2021-02-17;145;119;2311;541;0.8;0.2
973;2021-02-18;103;139;2414;680;0.8;0.2
973;2021-02-19;122;72;2536;752;0.9;0.3
973;2021-02-20;0;0;2536;752;0.9;0.3
973;2021-02-21;0;0;2536;752;0.9;0.3
973;2021-02-22;78;48;2614;800;0.9;0.3
973;2021-02-23;158;103;2772;903;1.0;0.3
973;2021-02-24;189;124;2961;1027;1.0;0.4
973;2021-02-25;259;92;3220;1119;1.1;0.4
973;2021-02-26;264;71;3484;1190;1.2;0.4
973;2021-02-27;121;2;3605;1192;1.2;0.4
973;2021-02-28;0;0;3605;1192;1.2;0.4
973;2021-03-01;182;88;3787;1280;1.3;0.4
973;2021-03-02;257;107;4044;1387;1.4;0.5
973;2021-03-03;256;131;4300;1518;1.5;0.5
973;2021-03-04;281;87;4581;1605;1.6;0.6
973;2021-03-05;274;48;4855;1653;1.7;0.6
973;2021-03-06;118;2;4973;1655;1.7;0.6
973;2021-03-07;0;0;4973;1655;1.7;0.6
973;2021-03-08;188;42;5161;1697;1.8;0.6
973;2021-03-09;353;93;5514;1790;1.9;0.6
973;2021-03-10;360;120;5874;1910;2.0;0.7
973;2021-03-11;271;113;6145;2023;2.1;0.7
973;2021-03-12;288;96;6433;2119;2.2;0.7
973;2021-03-13;112;4;6545;2123;2.3;0.7
973;2021-03-14;0;0;6545;2123;2.3;0.7
973;2021-03-15;181;27;6726;2150;2.3;0.7
973;2021-03-16;243;142;6969;2292;2.4;0.8
973;2021-03-17;274;129;7243;2421;2.5;0.8
973;2021-03-18;249;156;7492;2577;2.6;0.9
973;2021-03-19;283;129;7775;2706;2.7;0.9
973;2021-03-20;259;22;8034;2728;2.8;0.9
973;2021-03-21;119;4;8153;2732;2.8;0.9
973;2021-03-22;219;109;8372;2841;2.9;1.0
973;2021-03-23;275;195;8647;3036;3.0;1.0
973;2021-03-24;236;214;8883;3250;3.1;1.1
973;2021-03-25;167;180;9050;3430;3.1;1.2
973;2021-03-26;189;307;9239;3737;3.2;1.3
973;2021-03-27;58;94;9297;3831;3.2;1.3
973;2021-03-28;0;0;9297;3831;3.2;1.3
973;2021-03-29;175;249;9472;4080;3.3;1.4
973;2021-03-30;446;239;9918;4319;3.4;1.5
973;2021-03-31;318;293;10236;4612;3.5;1.6
973;2021-04-01;446;263;10682;4875;3.7;1.7
973;2021-04-02;309;283;10991;5158;3.8;1.8
973;2021-04-03;159;126;11150;5284;3.8;1.8
973;2021-04-04;0;0;11150;5284;3.8;1.8
973;2021-04-05;118;14;11268;5298;3.9;1.8
973;2021-04-06;441;337;11709;5635;4.0;1.9
973;2021-04-07;502;345;12211;5980;4.2;2.1
973;2021-04-08;513;270;12724;6250;4.4;2.2
973;2021-04-09;498;227;13222;6477;4.5;2.2
973;2021-04-10;147;91;13369;6568;4.6;2.3
973;2021-04-11;2;0;13371;6568;4.6;2.3
973;2021-04-12;551;269;13922;6837;4.8;2.4
973;2021-04-13;673;245;14595;7082;5.0;2.4
973;2021-04-14;721;316;15316;7398;5.3;2.5
973;2021-04-15;776;248;16092;7646;5.5;2.6
973;2021-04-16;761;306;16853;7952;5.8;2.7
973;2021-04-17;499;138;17352;8090;6.0;2.8
973;2021-04-18;499;47;17851;8137;6.1;2.8
973;2021-04-19;715;254;18566;8391;6.4;2.9
973;2021-04-20;607;280;19173;8671;6.6;3.0
973;2021-04-21;873;251;20046;8922;6.9;3.1
973;2021-04-22;727;232;20773;9154;7.1;3.1
973;2021-04-23;705;234;21478;9388;7.4;3.2
973;2021-04-24;524;99;22002;9487;7.6;3.3
973;2021-04-25;611;50;22613;9537;7.8;3.3
973;2021-04-26;779;233;23392;9770;8.0;3.4
973;2021-04-27;817;349;24209;10119;8.3;3.5
973;2021-04-28;746;332;24955;10451;8.6;3.6
973;2021-04-29;666;287;25621;10738;8.8;3.7
973;2021-04-30;711;261;26332;10999;9.1;3.8
973;2021-05-01;211;29;26543;11028;9.1;3.8
973;2021-05-02;602;86;27145;11114;9.3;3.8
973;2021-05-03;554;395;27699;11509;9.5;4.0
973;2021-05-04;665;327;28364;11836;9.8;4.1
973;2021-05-05;700;457;29064;12293;10.0;4.2
973;2021-05-06;695;479;29759;12772;10.2;4.4
973;2021-05-07;594;474;30353;13246;10.4;4.6
973;2021-05-08;343;60;30696;13306;10.6;4.6
973;2021-05-09;262;72;30958;13378;10.6;4.6
973;2021-05-10;440;612;31398;13990;10.8;4.8
973;2021-05-11;398;497;31796;14487;10.9;5.0
973;2021-05-12;514;647;32310;15134;11.1;5.2
973;2021-05-13;333;99;32643;15233;11.2;5.2
973;2021-05-14;485;555;33128;15788;11.4;5.4
973;2021-05-15;257;348;33385;16136;11.5;5.6
973;2021-05-16;207;210;33592;16346;11.6;5.6
973;2021-05-17;446;599;34038;16945;11.7;5.8
973;2021-05-18;564;568;34602;17513;11.9;6.0
973;2021-05-19;534;552;35136;18065;12.1;6.2
973;2021-05-20;643;451;35779;18516;12.3;6.4
973;2021-05-21;505;609;36284;19125;12.5;6.6
973;2021-05-22;167;500;36451;19625;12.5;6.8
973;2021-05-23;271;475;36722;20100;12.6;6.9
973;2021-05-24;562;249;37284;20349;12.8;7.0
973;2021-05-25;501;745;37785;21094;13.0;7.3
973;2021-05-26;453;684;38238;21778;13.2;7.5
973;2021-05-27;712;528;38950;22306;13.4;7.7
973;2021-05-28;579;554;39529;22860;13.6;7.9
973;2021-05-29;257;360;39786;23220;13.7;8.0
973;2021-05-30;151;399;39937;23619;13.7;8.1
973;2021-05-31;356;573;40293;24192;13.9;8.3
973;2021-06-01;421;467;40714;24659;14.0;8.5
973;2021-06-02;566;554;41280;25213;14.2;8.7
973;2021-06-03;525;470;41805;25683;14.4;8.8
973;2021-06-04;601;496;42406;26179;14.6;9.0
973;2021-06-05;273;292;42679;26471;14.7;9.1
973;2021-06-06;211;301;42890;26772;14.8;9.2
973;2021-06-07;488;452;43378;27224;14.9;9.4
973;2021-06-08;544;315;43922;27539;15.1;9.5
973;2021-06-09;530;390;44452;27929;15.3;9.6
973;2021-06-10;359;290;44811;28219;15.4;9.7
973;2021-06-11;436;466;45247;28685;15.6;9.9
973;2021-06-12;170;283;45417;28968;15.6;10.0
973;2021-06-13;215;269;45632;29237;15.7;10.1
973;2021-06-14;384;549;46016;29786;15.8;10.2
973;2021-06-15;377;445;46393;30231;16.0;10.4
973;2021-06-16;491;459;46884;30690;16.1;10.6
973;2021-06-17;442;578;47326;31268;16.3;10.8
973;2021-06-18;390;562;47716;31830;16.4;10.9
973;2021-06-19;235;260;47951;32090;16.5;11.0
973;2021-06-20;126;270;48077;32360;16.5;11.1
973;2021-06-21;335;601;48412;32961;16.7;11.3
973;2021-06-22;376;462;48788;33423;16.8;11.5
973;2021-06-23;343;539;49131;33962;16.9;11.7
973;2021-06-24;446;500;49577;34462;17.1;11.9
973;2021-06-25;445;559;50022;35021;17.2;12.0
973;2021-06-26;172;320;50194;35341;17.3;12.2
973;2021-06-27;121;170;50315;35511;17.3;12.2
973;2021-06-28;314;593;50629;36104;17.4;12.4
973;2021-06-29;376;506;51005;36610;17.5;12.6
973;2021-06-30;410;680;51415;37290;17.7;12.8
973;2021-07-01;431;399;51846;37689;17.8;13.0
973;2021-07-02;511;524;52357;38213;18.0;13.1
973;2021-07-03;210;275;52567;38488;18.1;13.2
973;2021-07-04;86;243;52653;38731;18.1;13.3
973;2021-07-05;361;546;53014;39277;18.2;13.5
973;2021-07-06;373;474;53387;39751;18.4;13.7
973;2021-07-07;374;415;53761;40166;18.5;13.8
973;2021-07-08;316;328;54077;40494;18.6;13.9
973;2021-07-09;392;434;54469;40928;18.7;14.1
973;2021-07-10;168;278;54637;41206;18.8;14.2
973;2021-07-11;102;163;54739;41369;18.8;14.2
973;2021-07-12;403;497;55142;41866;19.0;14.4
973;2021-07-13;682;559;55824;42425;19.2;14.6
973;2021-07-14;394;161;56218;42586;19.3;14.6
973;2021-07-15;658;528;56876;43114;19.6;14.8
973;2021-07-16;602;485;57478;43599;19.8;15.0
973;2021-07-17;345;285;57823;43884;19.9;15.1
973;2021-07-18;251;124;58074;44008;20.0;15.1
973;2021-07-19;524;459;58598;44467;20.2;15.3
973;2021-07-20;585;494;59183;44961;20.4;15.5
973;2021-07-21;725;397;59908;45358;20.6;15.6
973;2021-07-22;660;452;60568;45810;20.8;15.8
973;2021-07-23;608;370;61176;46180;21.0;15.9
973;2021-07-24;326;241;61502;46421;21.2;16.0
973;2021-07-25;166;111;61668;46532;21.2;16.0
973;2021-07-26;446;345;62114;46877;21.4;16.1
973;2021-07-27;554;358;62668;47235;21.6;16.2
973;2021-07-28;467;370;63135;47605;21.7;16.4
973;2021-07-29;536;431;63671;48036;21.9;16.5
973;2021-07-30;541;408;64212;48444;22.1;16.7
973;2021-07-31;203;163;64415;48607;22.2;16.7
973;2021-08-01;139;132;64554;48739;22.2;16.8
973;2021-08-02;398;432;64952;49171;22.3;16.9
973;2021-08-03;432;402;65384;49573;22.5;17.1
973;2021-08-04;308;373;65692;49946;22.6;17.2
973;2021-08-05;343;363;66035;50309;22.7;17.3
973;2021-08-06;365;524;66400;50833;22.8;17.5
973;2021-08-07;164;266;66564;51099;22.9;17.6
973;2021-08-08;123;177;66687;51276;22.9;17.6
973;2021-08-09;332;473;67019;51749;23.1;17.8
973;2021-08-10;363;516;67382;52265;23.2;18.0
973;2021-08-11;584;519;67966;52784;23.4;18.2
973;2021-08-12;550;584;68516;53368;23.6;18.4
973;2021-08-13;367;234;68883;53602;23.7;18.4
973;2021-08-14;253;401;69136;54003;23.8;18.6
973;2021-08-15;122;138;69258;54141;23.8;18.6
973;2021-08-16;307;473;69565;54614;23.9;18.8
973;2021-08-17;372;401;69937;55015;24.1;18.9
973;2021-08-18;369;446;70306;55461;24.2;19.1
973;2021-08-19;331;482;70637;55943;24.3;19.2
973;2021-08-20;313;400;70950;56343;24.4;19.4
973;2021-08-21;161;257;71111;56600;24.5;19.5
973;2021-08-22;115;183;71226;56783;24.5;19.5
973;2021-08-23;286;384;71512;57167;24.6;19.7
973;2021-08-24;313;465;71825;57632;24.7;19.8
973;2021-08-25;284;347;72109;57979;24.8;19.9
973;2021-08-26;315;404;72424;58383;24.9;20.1
973;2021-08-27;365;426;72789;58809;25.0;20.2
973;2021-08-28;143;266;72932;59075;25.1;20.3
973;2021-08-29;87;187;73019;59262;25.1;20.4
973;2021-08-30;219;337;73238;59599;25.2;20.5
973;2021-08-31;299;370;73537;59969;25.3;20.6
973;2021-09-01;255;392;73792;60361;25.4;20.8
973;2021-09-02;298;385;74090;60746;25.5;20.9
973;2021-09-03;278;341;74368;61087;25.6;21.0
973;2021-09-04;147;197;74515;61284;25.6;21.1
973;2021-09-05;72;88;74587;61372;25.7;21.1
973;2021-09-06;178;232;74765;61604;25.7;21.2
973;2021-09-07;209;256;74974;61860;25.8;21.3
973;2021-09-08;219;396;75193;62256;25.9;21.4
973;2021-09-09;220;290;75413;62546;25.9;21.5
973;2021-09-10;225;314;75638;62860;26.0;21.6
973;2021-09-11;125;292;75763;63152;26.1;21.7
973;2021-09-12;59;95;75822;63247;26.1;21.8
973;2021-09-13;219;226;76041;63473;26.2;21.8
973;2021-09-14;265;295;76306;63768;26.2;21.9
973;2021-09-15;345;331;76651;64099;26.4;22.1
973;2021-09-16;265;240;76916;64339;26.5;22.1
973;2021-09-17;215;242;77131;64581;26.5;22.2
973;2021-09-18;114;244;77245;64825;26.6;22.3
973;2021-09-19;55;150;77300;64975;26.6;22.4
973;2021-09-20;147;186;77447;65161;26.6;22.4
973;2021-09-21;193;203;77640;65364;26.7;22.5
973;2021-09-22;186;350;77826;65714;26.8;22.6
973;2021-09-23;246;240;78072;65954;26.9;22.7
973;2021-09-24;257;307;78329;66261;26.9;22.8
973;2021-09-25;113;257;78442;66518;27.0;22.9
973;2021-09-26;39;94;78481;66612;27.0;22.9
973;2021-09-27;158;167;78639;66779;27.1;23.0
973;2021-09-28;159;205;78798;66984;27.1;23.0
973;2021-09-29;204;237;79002;67221;27.2;23.1
973;2021-09-30;291;304;79293;67525;27.3;23.2
973;2021-10-01;200;219;79493;67744;27.3;23.3
973;2021-10-02;104;169;79597;67913;27.4;23.4
973;2021-10-03;60;92;79657;68005;27.4;23.4
973;2021-10-04;193;208;79850;68213;27.5;23.5
973;2021-10-05;174;177;80024;68390;27.5;23.5
973;2021-10-06;197;203;80221;68593;27.6;23.6
973;2021-10-07;209;173;80430;68766;27.7;23.7
973;2021-10-08;215;196;80645;68962;27.7;23.7
973;2021-10-09;107;152;80752;69114;27.8;23.8
973;2021-10-10;46;73;80798;69187;27.8;23.8
974;2020-12-27;0;0;0;0;0.0;0.0
974;2020-12-28;0;0;0;0;0.0;0.0
974;2020-12-29;0;0;0;0;0.0;0.0
974;2020-12-30;0;0;0;0;0.0;0.0
974;2020-12-31;0;0;0;0;0.0;0.0
974;2021-01-01;1;0;1;0;0.0;0.0
974;2021-01-02;0;0;1;0;0.0;0.0
974;2021-01-03;0;0;1;0;0.0;0.0
974;2021-01-04;0;0;1;0;0.0;0.0
974;2021-01-05;2;0;3;0;0.0;0.0
974;2021-01-06;0;0;3;0;0.0;0.0
974;2021-01-07;0;0;3;0;0.0;0.0
974;2021-01-08;0;0;3;0;0.0;0.0
974;2021-01-09;1;0;4;0;0.0;0.0
974;2021-01-10;0;0;4;0;0.0;0.0
974;2021-01-11;0;0;4;0;0.0;0.0
974;2021-01-12;0;0;4;0;0.0;0.0
974;2021-01-13;0;0;4;0;0.0;0.0
974;2021-01-14;0;0;4;0;0.0;0.0
974;2021-01-15;335;0;339;0;0.0;0.0
974;2021-01-16;28;0;367;0;0.0;0.0
974;2021-01-17;0;0;367;0;0.0;0.0
974;2021-01-18;49;1;416;1;0.0;0.0
974;2021-01-19;395;0;811;1;0.1;0.0
974;2021-01-20;485;1;1296;2;0.2;0.0
974;2021-01-21;614;2;1910;4;0.2;0.0
974;2021-01-22;414;1;2324;5;0.3;0.0
974;2021-01-23;75;0;2399;5;0.3;0.0
974;2021-01-24;0;0;2399;5;0.3;0.0
974;2021-01-25;274;2;2673;7;0.3;0.0
974;2021-01-26;428;0;3101;7;0.4;0.0
974;2021-01-27;316;0;3417;7;0.4;0.0
974;2021-01-28;409;1;3826;8;0.4;0.0
974;2021-01-29;422;3;4248;11;0.5;0.0
974;2021-01-30;421;1;4669;12;0.5;0.0
974;2021-01-31;0;0;4669;12;0.5;0.0
974;2021-02-01;373;4;5042;16;0.6;0.0
974;2021-02-02;503;3;5545;19;0.6;0.0
974;2021-02-03;602;14;6147;33;0.7;0.0
974;2021-02-04;629;21;6776;54;0.8;0.0
974;2021-02-05;564;97;7340;151;0.9;0.0
974;2021-02-06;501;6;7841;157;0.9;0.0
974;2021-02-07;0;8;7841;165;0.9;0.0
974;2021-02-08;470;34;8311;199;1.0;0.0
974;2021-02-09;787;93;9098;292;1.1;0.0
974;2021-02-10;820;87;9918;379;1.2;0.0
974;2021-02-11;795;89;10713;468;1.2;0.1
974;2021-02-12;638;95;11351;563;1.3;0.1
974;2021-02-13;655;76;12006;639;1.4;0.1
974;2021-02-14;1;0;12007;639;1.4;0.1
974;2021-02-15;526;129;12533;768;1.5;0.1
974;2021-02-16;651;533;13184;1301;1.5;0.2
974;2021-02-17;593;327;13777;1628;1.6;0.2
974;2021-02-18;495;409;14272;2037;1.7;0.2
974;2021-02-19;497;318;14769;2355;1.7;0.3
974;2021-02-20;577;116;15346;2471;1.8;0.3
974;2021-02-21;0;0;15346;2471;1.8;0.3
974;2021-02-22;403;237;15749;2708;1.8;0.3
974;2021-02-23;608;241;16357;2949;1.9;0.3
974;2021-02-24;583;254;16940;3203;2.0;0.4
974;2021-02-25;649;296;17589;3499;2.0;0.4
974;2021-02-26;485;468;18074;3967;2.1;0.5
974;2021-02-27;384;466;18458;4433;2.1;0.5
974;2021-02-28;0;0;18458;4433;2.1;0.5
974;2021-03-01;293;384;18751;4817;2.2;0.6
974;2021-03-02;487;500;19238;5317;2.2;0.6
974;2021-03-03;758;537;19996;5854;2.3;0.7
974;2021-03-04;778;492;20774;6346;2.4;0.7
974;2021-03-05;729;519;21503;6865;2.5;0.8
974;2021-03-06;814;526;22317;7391;2.6;0.9
974;2021-03-07;0;0;22317;7391;2.6;0.9
974;2021-03-08;435;554;22752;7945;2.6;0.9
974;2021-03-09;671;771;23423;8716;2.7;1.0
974;2021-03-10;644;837;24067;9553;2.8;1.1
974;2021-03-11;700;626;24767;10179;2.9;1.2
974;2021-03-12;732;656;25499;10835;3.0;1.3
974;2021-03-13;669;599;26168;11434;3.0;1.3
974;2021-03-14;2;0;26170;11434;3.0;1.3
974;2021-03-15;508;491;26678;11925;3.1;1.4
974;2021-03-16;681;693;27359;12618;3.2;1.5
974;2021-03-17;847;522;28206;13140;3.3;1.5
974;2021-03-18;1022;503;29228;13643;3.4;1.6
974;2021-03-19;786;528;30014;14171;3.5;1.6
974;2021-03-20;578;593;30592;14764;3.6;1.7
974;2021-03-21;0;0;30592;14764;3.6;1.7
974;2021-03-22;566;467;31158;15231;3.6;1.8
974;2021-03-23;780;635;31938;15866;3.7;1.8
974;2021-03-24;790;640;32728;16506;3.8;1.9
974;2021-03-25;934;539;33662;17045;3.9;2.0
974;2021-03-26;923;452;34585;17497;4.0;2.0
974;2021-03-27;781;335;35366;17832;4.1;2.1
974;2021-03-28;1;0;35367;17832;4.1;2.1
974;2021-03-29;960;272;36327;18104;4.2;2.1
974;2021-03-30;883;495;37210;18599;4.3;2.2
974;2021-03-31;736;657;37946;19256;4.4;2.2
974;2021-04-01;718;706;38664;19962;4.5;2.3
974;2021-04-02;688;756;39352;20718;4.6;2.4
974;2021-04-03;699;700;40051;21418;4.7;2.5
974;2021-04-04;0;0;40051;21418;4.7;2.5
974;2021-04-05;0;0;40051;21418;4.7;2.5
974;2021-04-06;796;634;40847;22052;4.7;2.6
974;2021-04-07;1367;783;42214;22835;4.9;2.7
974;2021-04-08;1792;772;44006;23607;5.1;2.7
974;2021-04-09;1508;777;45514;24384;5.3;2.8
974;2021-04-10;1137;650;46651;25034;5.4;2.9
974;2021-04-11;2;0;46653;25034;5.4;2.9
974;2021-04-12;1238;548;47891;25582;5.6;3.0
974;2021-04-13;1439;751;49330;26333;5.7;3.1
974;2021-04-14;2066;771;51396;27104;6.0;3.2
974;2021-04-15;2507;957;53903;28061;6.3;3.3
974;2021-04-16;1936;786;55839;28847;6.5;3.4
974;2021-04-17;1290;604;57129;29451;6.6;3.4
974;2021-04-18;0;0;57129;29451;6.6;3.4
974;2021-04-19;1374;564;58503;30015;6.8;3.5
974;2021-04-20;1651;805;60154;30820;7.0;3.6
974;2021-04-21;2124;626;62278;31446;7.2;3.7
974;2021-04-22;2952;822;65230;32268;7.6;3.8
974;2021-04-23;2311;822;67541;33090;7.9;3.8
974;2021-04-24;1111;805;68652;33895;8.0;3.9
974;2021-04-25;3;0;68655;33895;8.0;3.9
974;2021-04-26;1172;911;69827;34806;8.1;4.0
974;2021-04-27;1687;1029;71514;35835;8.3;4.2
974;2021-04-28;2901;752;74415;36587;8.7;4.3
974;2021-04-29;3947;819;78362;37406;9.1;4.3
974;2021-04-30;3450;912;81812;38318;9.5;4.5
974;2021-05-01;2106;231;83918;38549;9.8;4.5
974;2021-05-02;1;0;83919;38549;9.8;4.5
974;2021-05-03;1865;575;85784;39124;10.0;4.5
974;2021-05-04;2127;1093;87911;40217;10.2;4.7
974;2021-05-05;3119;1648;91030;41865;10.6;4.9
974;2021-05-06;4001;1590;95031;43455;11.1;5.1
974;2021-05-07;3228;1525;98259;44980;11.4;5.2
974;2021-05-08;1578;506;99837;45486;11.6;5.3
974;2021-05-09;2;1;99839;45487;11.6;5.3
974;2021-05-10;2412;1001;102251;46488;11.9;5.4
974;2021-05-11;3650;1640;105901;48128;12.3;5.6
974;2021-05-12;4721;2403;110622;50531;12.9;5.9
974;2021-05-13;3553;600;114175;51131;13.3;5.9
974;2021-05-14;5276;2521;119451;53652;13.9;6.2
974;2021-05-15;3157;1537;122608;55189;14.3;6.4
974;2021-05-16;17;19;122625;55208;14.3;6.4
974;2021-05-17;2995;1497;125620;56705;14.6;6.6
974;2021-05-18;3765;1802;129385;58507;15.0;6.8
974;2021-05-19;4687;2435;134072;60942;15.6;7.1
974;2021-05-20;5139;2853;139211;63795;16.2;7.4
974;2021-05-21;4996;2629;144207;66424;16.8;7.7
974;2021-05-22;3372;1256;147579;67680;17.2;7.9
974;2021-05-23;6;3;147585;67683;17.2;7.9
974;2021-05-24;3644;1078;151229;68761;17.6;8.0
974;2021-05-25;4248;1923;155477;70684;18.1;8.2
974;2021-05-26;4985;2993;160462;73677;18.7;8.6
974;2021-05-27;4620;4101;165082;77778;19.2;9.0
974;2021-05-28;4384;3837;169466;81615;19.7;9.5
974;2021-05-29;2554;2457;172020;84072;20.0;9.8
974;2021-05-30;8;14;172028;84086;20.0;9.8
974;2021-05-31;2347;2251;174375;86337;20.3;10.0
974;2021-06-01;3302;2762;177677;89099;20.7;10.4
974;2021-06-02;3968;3366;181645;92465;21.1;10.8
974;2021-06-03;4042;3653;185687;96118;21.6;11.2
974;2021-06-04;3849;3758;189536;99876;22.0;11.6
974;2021-06-05;2213;1931;191749;101807;22.3;11.8
974;2021-06-06;1074;135;192823;101942;22.4;11.9
974;2021-06-07;2012;2526;194835;104468;22.7;12.1
974;2021-06-08;2558;3339;197393;107807;23.0;12.5
974;2021-06-09;2982;4839;200375;112646;23.3;13.1
974;2021-06-10;3411;4466;203786;117112;23.7;13.6
974;2021-06-11;2840;4623;206626;121735;24.0;14.2
974;2021-06-12;1726;3379;208352;125114;24.2;14.5
974;2021-06-13;1324;246;209676;125360;24.4;14.6
974;2021-06-14;1489;3182;211165;128542;24.6;14.9
974;2021-06-15;2060;3617;213225;132159;24.8;15.4
974;2021-06-16;2748;4664;215973;136823;25.1;15.9
974;2021-06-17;2522;4896;218495;141719;25.4;16.5
974;2021-06-18;2597;4890;221092;146609;25.7;17.0
974;2021-06-19;1300;3516;222392;150125;25.9;17.5
974;2021-06-20;633;289;223025;150414;25.9;17.5
974;2021-06-21;1265;3235;224290;153649;26.1;17.9
974;2021-06-22;1618;3760;225908;157409;26.3;18.3
974;2021-06-23;2258;4994;228166;162403;26.5;18.9
974;2021-06-24;2280;4069;230446;166472;26.8;19.4
974;2021-06-25;2188;4106;232634;170578;27.1;19.8
974;2021-06-26;1401;2712;234035;173290;27.2;20.2
974;2021-06-27;664;268;234699;173558;27.3;20.2
974;2021-06-28;1307;2480;236006;176038;27.4;20.5
974;2021-06-29;1755;2846;237761;178884;27.6;20.8
974;2021-06-30;2561;3843;240322;182727;27.9;21.2
974;2021-07-01;2699;3826;243021;186553;28.3;21.7
974;2021-07-02;2511;3708;245532;190261;28.6;22.1
974;2021-07-03;1613;2457;247145;192718;28.7;22.4
974;2021-07-04;881;1039;248026;193757;28.8;22.5
974;2021-07-05;1698;2223;249724;195980;29.0;22.8
974;2021-07-06;2569;2545;252293;198525;29.3;23.1
974;2021-07-07;2664;3135;254957;201660;29.6;23.4
974;2021-07-08;2417;3173;257374;204833;29.9;23.8
974;2021-07-09;2761;3429;260135;208262;30.2;24.2
974;2021-07-10;1618;2192;261753;210454;30.4;24.5
974;2021-07-11;729;1017;262482;211471;30.5;24.6
974;2021-07-12;1745;2605;264227;214076;30.7;24.9
974;2021-07-13;4433;3348;268660;217424;31.2;25.3
974;2021-07-14;3300;608;271960;218032;31.6;25.4
974;2021-07-15;5556;4024;277516;222056;32.3;25.8
974;2021-07-16;6239;3301;283755;225357;33.0;26.2
974;2021-07-17;4374;1912;288129;227269;33.5;26.4
974;2021-07-18;2673;765;290802;228034;33.8;26.5
974;2021-07-19;4650;2030;295452;230064;34.4;26.8
974;2021-07-20;6232;2431;301684;232495;35.1;27.0
974;2021-07-21;6745;2863;308429;235358;35.9;27.4
974;2021-07-22;7140;2826;315569;238184;36.7;27.7
974;2021-07-23;6641;2982;322210;241166;37.5;28.0
974;2021-07-24;3800;2066;326010;243232;37.9;28.3
974;2021-07-25;2522;754;328532;243986;38.2;28.4
974;2021-07-26;4371;2098;332903;246084;38.7;28.6
974;2021-07-27;5442;2561;338345;248645;39.3;28.9
974;2021-07-28;5396;2909;343741;251554;40.0;29.3
974;2021-07-29;5743;2813;349484;254367;40.6;29.6
974;2021-07-30;5877;2582;355361;256949;41.3;29.9
974;2021-07-31;3936;1649;359297;258598;41.8;30.1
974;2021-08-01;1907;716;361204;259314;42.0;30.2
974;2021-08-02;3435;1869;364639;261183;42.4;30.4
974;2021-08-03;4300;4075;368939;265258;42.9;30.8
974;2021-08-04;4878;4232;373817;269490;43.5;31.3
974;2021-08-05;4446;4667;378263;274157;44.0;31.9
974;2021-08-06;4082;5104;382345;279261;44.5;32.5
974;2021-08-07;2748;4042;385093;283303;44.8;32.9
974;2021-08-08;1481;2265;386574;285568;45.0;33.2
974;2021-08-09;2574;4525;389148;290093;45.3;33.7
974;2021-08-10;3789;4964;392937;295057;45.7;34.3
974;2021-08-11;4644;5448;397581;300505;46.2;34.9
974;2021-08-12;4714;5917;402295;306422;46.8;35.6
974;2021-08-13;4458;5828;406753;312250;47.3;36.3
974;2021-08-14;2607;4329;409360;316579;47.6;36.8
974;2021-08-15;1573;2175;410933;318754;47.8;37.1
974;2021-08-16;2345;4181;413278;322935;48.1;37.6
974;2021-08-17;3187;4525;416465;327460;48.4;38.1
974;2021-08-18;3348;5901;419813;333361;48.8;38.8
974;2021-08-19;3310;4908;423123;338269;49.2;39.3
974;2021-08-20;3441;5274;426564;343543;49.6;39.9
974;2021-08-21;1832;4615;428396;348158;49.8;40.5
974;2021-08-22;1019;1944;429415;350102;49.9;40.7
974;2021-08-23;1815;3328;431230;353430;50.1;41.1
974;2021-08-24;2461;3773;433691;357203;50.4;41.5
974;2021-08-25;2908;5217;436599;362420;50.8;42.1
974;2021-08-26;2669;3870;439268;366290;51.1;42.6
974;2021-08-27;2780;4011;442048;370301;51.4;43.1
974;2021-08-28;1865;3884;443913;374185;51.6;43.5
974;2021-08-29;760;1574;444673;375759;51.7;43.7
974;2021-08-30;1565;2528;446238;378287;51.9;44.0
974;2021-08-31;1866;3333;448104;381620;52.1;44.4
974;2021-09-01;2407;4874;450511;386494;52.4;44.9
974;2021-09-02;2255;4279;452766;390773;52.6;45.4
974;2021-09-03;2339;4472;455105;395245;52.9;46.0
974;2021-09-04;1587;3890;456692;399135;53.1;46.4
974;2021-09-05;607;1309;457299;400444;53.2;46.6
974;2021-09-06;1215;2499;458514;402943;53.3;46.9
974;2021-09-07;1365;3110;459879;406053;53.5;47.2
974;2021-09-08;2120;3884;461999;409937;53.7;47.7
974;2021-09-09;1801;3329;463800;413266;53.9;48.1
974;2021-09-10;1931;3722;465731;416988;54.2;48.5
974;2021-09-11;1535;2469;467266;419457;54.3;48.8
974;2021-09-12;391;960;467657;420417;54.4;48.9
974;2021-09-13;1084;1847;468741;422264;54.5;49.1
974;2021-09-14;1513;2329;470254;424593;54.7;49.4
974;2021-09-15;1824;3031;472078;427624;54.9;49.7
974;2021-09-16;1400;2782;473478;430406;55.1;50.0
974;2021-09-17;1496;3063;474974;433469;55.2;50.4
974;2021-09-18;1202;1955;476176;435424;55.4;50.6
974;2021-09-19;291;716;476467;436140;55.4;50.7
974;2021-09-20;717;1632;477184;437772;55.5;50.9
974;2021-09-21;835;1816;478019;439588;55.6;51.1
974;2021-09-22;1256;2516;479275;442104;55.7;51.4
974;2021-09-23;846;2118;480121;444222;55.8;51.7
974;2021-09-24;1099;2475;481220;446697;56.0;51.9
974;2021-09-25;767;1879;481987;448576;56.0;52.2
974;2021-09-26;160;518;482147;449094;56.1;52.2
974;2021-09-27;607;1071;482754;450165;56.1;52.3
974;2021-09-28;850;1536;483604;451701;56.2;52.5
974;2021-09-29;1199;2328;484803;454029;56.4;52.8
974;2021-09-30;998;1753;485801;455782;56.5;53.0
974;2021-10-01;1278;1988;487079;457770;56.6;53.2
974;2021-10-02;946;1468;488025;459238;56.7;53.4
974;2021-10-03;265;387;488290;459625;56.8;53.4
974;2021-10-04;722;1150;489012;460775;56.9;53.6
974;2021-10-05;961;1344;489973;462119;57.0;53.7
974;2021-10-06;1195;1913;491168;464032;57.1;54.0
974;2021-10-07;991;1476;492159;465508;57.2;54.1
974;2021-10-08;1143;1806;493302;467314;57.4;54.3
974;2021-10-09;899;1326;494201;468640;57.5;54.5
974;2021-10-10;210;237;494411;468877;57.5;54.5
976;2020-12-27;0;0;0;0;0.0;0.0
976;2020-12-28;0;0;0;0;0.0;0.0
976;2020-12-29;0;0;0;0;0.0;0.0
976;2020-12-30;0;0;0;0;0.0;0.0
976;2020-12-31;0;0;0;0;0.0;0.0
976;2021-01-01;0;0;0;0;0.0;0.0
976;2021-01-02;0;0;0;0;0.0;0.0
976;2021-01-03;0;0;0;0;0.0;0.0
976;2021-01-04;0;0;0;0;0.0;0.0
976;2021-01-05;0;0;0;0;0.0;0.0
976;2021-01-06;0;0;0;0;0.0;0.0
976;2021-01-07;0;0;0;0;0.0;0.0
976;2021-01-08;0;0;0;0;0.0;0.0
976;2021-01-09;0;0;0;0;0.0;0.0
976;2021-01-10;0;0;0;0;0.0;0.0
976;2021-01-11;9;0;9;0;0.0;0.0
976;2021-01-12;0;0;9;0;0.0;0.0
976;2021-01-13;0;0;9;0;0.0;0.0
976;2021-01-14;0;0;9;0;0.0;0.0
976;2021-01-15;1;0;10;0;0.0;0.0
976;2021-01-16;1;0;11;0;0.0;0.0
976;2021-01-17;0;0;11;0;0.0;0.0
976;2021-01-18;1;0;12;0;0.0;0.0
976;2021-01-19;0;0;12;0;0.0;0.0
976;2021-01-20;0;0;12;0;0.0;0.0
976;2021-01-21;1;1;13;1;0.0;0.0
976;2021-01-22;0;0;13;1;0.0;0.0
976;2021-01-23;1;0;14;1;0.0;0.0
976;2021-01-24;0;0;14;1;0.0;0.0
976;2021-01-25;144;3;158;4;0.1;0.0
976;2021-01-26;167;3;325;7;0.1;0.0
976;2021-01-27;250;4;575;11;0.2;0.0
976;2021-01-28;104;9;679;20;0.2;0.0
976;2021-01-29;233;5;912;25;0.3;0.0
976;2021-01-30;286;11;1198;36;0.4;0.0
976;2021-01-31;1;0;1199;36;0.4;0.0
976;2021-02-01;161;2;1360;38;0.5;0.0
976;2021-02-02;328;11;1688;49;0.6;0.0
976;2021-02-03;227;4;1915;53;0.7;0.0
976;2021-02-04;215;10;2130;63;0.8;0.0
976;2021-02-05;213;1;2343;64;0.8;0.0
976;2021-02-06;83;10;2426;74;0.9;0.0
976;2021-02-07;0;0;2426;74;0.9;0.0
976;2021-02-08;82;4;2508;78;0.9;0.0
976;2021-02-09;194;2;2702;80;1.0;0.0
976;2021-02-10;187;5;2889;85;1.0;0.0
976;2021-02-11;236;5;3125;90;1.1;0.0
976;2021-02-12;288;7;3413;97;1.2;0.0
976;2021-02-13;56;0;3469;97;1.2;0.0
976;2021-02-14;2;0;3471;97;1.2;0.0
976;2021-02-15;358;11;3829;108;1.4;0.0
976;2021-02-16;266;10;4095;118;1.5;0.0
976;2021-02-17;167;9;4262;127;1.5;0.0
976;2021-02-18;217;16;4479;143;1.6;0.1
976;2021-02-19;237;24;4716;167;1.7;0.1
976;2021-02-20;138;9;4854;176;1.7;0.1
976;2021-02-21;0;0;4854;176;1.7;0.1
976;2021-02-22;130;121;4984;297;1.8;0.1
976;2021-02-23;185;156;5169;453;1.8;0.2
976;2021-02-24;176;146;5345;599;1.9;0.2
976;2021-02-25;227;278;5572;877;2.0;0.3
976;2021-02-26;242;247;5814;1124;2.1;0.4
976;2021-02-27;0;0;5814;1124;2.1;0.4
976;2021-02-28;0;0;5814;1124;2.1;0.4
976;2021-03-01;146;258;5960;1382;2.1;0.5
976;2021-03-02;228;260;6188;1642;2.2;0.6
976;2021-03-03;202;190;6390;1832;2.3;0.7
976;2021-03-04;205;145;6595;1977;2.4;0.7
976;2021-03-05;225;118;6820;2095;2.4;0.7
976;2021-03-06;1;0;6821;2095;2.4;0.7
976;2021-03-07;1;0;6822;2095;2.4;0.7
976;2021-03-08;189;112;7011;2207;2.5;0.8
976;2021-03-09;390;163;7401;2370;2.6;0.8
976;2021-03-10;179;178;7580;2548;2.7;0.9
976;2021-03-11;167;209;7747;2757;2.8;1.0
976;2021-03-12;237;293;7984;3050;2.9;1.1
976;2021-03-13;3;1;7987;3051;2.9;1.1
976;2021-03-14;0;0;7987;3051;2.9;1.1
976;2021-03-15;157;295;8144;3346;2.9;1.2
976;2021-03-16;238;227;8382;3573;3.0;1.3
976;2021-03-17;264;147;8646;3720;3.1;1.3
976;2021-03-18;174;235;8820;3955;3.2;1.4
976;2021-03-19;174;298;8994;4253;3.2;1.5
976;2021-03-20;0;0;8994;4253;3.2;1.5
976;2021-03-21;0;0;8994;4253;3.2;1.5
976;2021-03-22;97;136;9091;4389;3.3;1.6
976;2021-03-23;136;239;9227;4628;3.3;1.7
976;2021-03-24;160;147;9387;4775;3.4;1.7
976;2021-03-25;184;206;9571;4981;3.4;1.8
976;2021-03-26;160;212;9731;5193;3.5;1.9
976;2021-03-27;18;0;9749;5193;3.5;1.9
976;2021-03-28;1;0;9750;5193;3.5;1.9
976;2021-03-29;0;2;9750;5195;3.5;1.9
976;2021-03-30;272;337;10022;5532;3.6;2.0
976;2021-03-31;225;124;10247;5656;3.7;2.0
976;2021-04-01;246;105;10493;5761;3.8;2.1
976;2021-04-02;286;263;10779;6024;3.9;2.2
976;2021-04-03;905;310;11684;6334;4.2;2.3
976;2021-04-04;2;0;11686;6334;4.2;2.3
976;2021-04-05;1;0;11687;6334;4.2;2.3
976;2021-04-06;161;277;11848;6611;4.2;2.4
976;2021-04-07;237;267;12085;6878;4.3;2.5
976;2021-04-08;283;140;12368;7018;4.4;2.5
976;2021-04-09;248;172;12616;7190;4.5;2.6
976;2021-04-10;181;114;12797;7304;4.6;2.6
976;2021-04-11;7;0;12804;7304;4.6;2.6
976;2021-04-12;0;19;12804;7323;4.6;2.6
976;2021-04-13;395;346;13199;7669;4.7;2.7
976;2021-04-14;239;206;13438;7875;4.8;2.8
976;2021-04-15;209;117;13647;7992;4.9;2.9
976;2021-04-16;215;127;13862;8119;5.0;2.9
976;2021-04-17;225;130;14087;8249;5.0;3.0
976;2021-04-18;1;0;14088;8249;5.0;3.0
976;2021-04-19;7;1;14095;8250;5.0;3.0
976;2021-04-20;367;222;14462;8472;5.2;3.0
976;2021-04-21;411;151;14873;8623;5.3;3.1
976;2021-04-22;410;151;15283;8774;5.5;3.1
976;2021-04-23;366;166;15649;8940;5.6;3.2
976;2021-04-24;414;130;16063;9070;5.7;3.2
976;2021-04-25;3;0;16066;9070;5.7;3.2
976;2021-04-26;55;8;16121;9078;5.8;3.2
976;2021-04-27;350;292;16471;9370;5.9;3.4
976;2021-04-28;355;514;16826;9884;6.0;3.5
976;2021-04-29;559;344;17385;10228;6.2;3.7
976;2021-04-30;408;239;17793;10467;6.4;3.7
976;2021-05-01;672;288;18465;10755;6.6;3.8
976;2021-05-02;0;0;18465;10755;6.6;3.8
976;2021-05-03;140;6;18605;10761;6.7;3.9
976;2021-05-04;355;426;18960;11187;6.8;4.0
976;2021-05-05;447;318;19407;11505;6.9;4.1
976;2021-05-06;320;203;19727;11708;7.1;4.2
976;2021-05-07;341;134;20068;11842;7.2;4.2
976;2021-05-08;309;142;20377;11984;7.3;4.3
976;2021-05-09;0;0;20377;11984;7.3;4.3
976;2021-05-10;9;9;20386;11993;7.3;4.3
976;2021-05-11;363;492;20749;12485;7.4;4.5
976;2021-05-12;334;310;21083;12795;7.5;4.6
976;2021-05-13;126;96;21209;12891;7.6;4.6
976;2021-05-14;0;0;21209;12891;7.6;4.6
976;2021-05-15;485;282;21694;13173;7.8;4.7
976;2021-05-16;1;0;21695;13173;7.8;4.7
976;2021-05-17;124;51;21819;13224;7.8;4.7
976;2021-05-18;518;430;22337;13654;8.0;4.9
976;2021-05-19;651;663;22988;14317;8.2;5.1
976;2021-05-20;1056;499;24044;14816;8.6;5.3
976;2021-05-21;1045;313;25089;15129;9.0;5.4
976;2021-05-22;1241;298;26330;15427;9.4;5.5
976;2021-05-23;0;0;26330;15427;9.4;5.5
976;2021-05-24;1;0;26331;15427;9.4;5.5
976;2021-05-25;890;622;27221;16049;9.7;5.7
976;2021-05-26;1033;843;28254;16892;10.1;6.0
976;2021-05-27;1321;512;29575;17404;10.6;6.2
976;2021-05-28;956;375;30531;17779;10.9;6.4
976;2021-05-29;1130;392;31661;18171;11.3;6.5
976;2021-05-30;1;1;31662;18172;11.3;6.5
976;2021-05-31;107;6;31769;18178;11.4;6.5
976;2021-06-01;1149;652;32918;18830;11.8;6.7
976;2021-06-02;1243;531;34161;19361;12.2;6.9
976;2021-06-03;813;355;34974;19716;12.5;7.1
976;2021-06-04;1000;325;35974;20041;12.9;7.2
976;2021-06-05;680;299;36654;20340;13.1;7.3
976;2021-06-06;1;0;36655;20340;13.1;7.3
976;2021-06-07;93;12;36748;20352;13.1;7.3
976;2021-06-08;952;442;37700;20794;13.5;7.4
976;2021-06-09;969;550;38669;21344;13.8;7.6
976;2021-06-10;704;232;39373;21576;14.1;7.7
976;2021-06-11;850;365;40223;21941;14.4;7.9
976;2021-06-12;583;275;40806;22216;14.6;7.9
976;2021-06-13;2;0;40808;22216;14.6;7.9
976;2021-06-14;187;112;40995;22328;14.7;8.0
976;2021-06-15;413;838;41408;23166;14.8;8.3
976;2021-06-16;891;1440;42299;24606;15.1;8.8
976;2021-06-17;799;661;43098;25267;15.4;9.0
976;2021-06-18;705;620;43803;25887;15.7;9.3
976;2021-06-19;537;645;44340;26532;15.9;9.5
976;2021-06-20;1;0;44341;26532;15.9;9.5
976;2021-06-21;127;132;44468;26664;15.9;9.5
976;2021-06-22;429;1150;44897;27814;16.1;10.0
976;2021-06-23;695;1186;45592;29000;16.3;10.4
976;2021-06-24;480;544;46072;29544;16.5;10.6
976;2021-06-25;542;479;46614;30023;16.7;10.7
976;2021-06-26;386;692;47000;30715;16.8;11.0
976;2021-06-27;1;0;47001;30715;16.8;11.0
976;2021-06-28;109;191;47110;30906;16.9;11.1
976;2021-06-29;742;973;47852;31879;17.1;11.4
976;2021-06-30;711;948;48563;32827;17.4;11.7
976;2021-07-01;591;547;49154;33374;17.6;11.9
976;2021-07-02;451;432;49605;33806;17.7;12.1
976;2021-07-03;443;422;50048;34228;17.9;12.2
976;2021-07-04;2;0;50050;34228;17.9;12.2
976;2021-07-05;121;223;50171;34451;18.0;12.3
976;2021-07-06;498;865;50669;35316;18.1;12.6
976;2021-07-07;771;1014;51440;36330;18.4;13.0
976;2021-07-08;834;636;52274;36966;18.7;13.2
976;2021-07-09;786;519;53060;37485;19.0;13.4
976;2021-07-10;441;319;53501;37804;19.1;13.5
976;2021-07-11;0;0;53501;37804;19.1;13.5
976;2021-07-12;164;170;53665;37974;19.2;13.6
976;2021-07-13;847;1000;54512;38974;19.5;13.9
976;2021-07-14;1;5;54513;38979;19.5;13.9
976;2021-07-15;1221;812;55734;39791;19.9;14.2
976;2021-07-16;1291;656;57025;40447;20.4;14.5
976;2021-07-17;1033;377;58058;40824;20.8;14.6
976;2021-07-18;0;0;58058;40824;20.8;14.6
976;2021-07-19;206;134;58264;40958;20.8;14.7
976;2021-07-20;1155;877;59419;41835;21.3;15.0
976;2021-07-21;34;29;59453;41864;21.3;15.0
976;2021-07-22;1123;666;60576;42530;21.7;15.2
976;2021-07-23;1206;545;61782;43075;22.1;15.4
976;2021-07-24;855;440;62637;43515;22.4;15.6
976;2021-07-25;2;0;62639;43515;22.4;15.6
976;2021-07-26;180;37;62819;43552;22.5;15.6
976;2021-07-27;1139;827;63958;44379;22.9;15.9
976;2021-07-28;1043;634;65001;45013;23.3;16.1
976;2021-07-29;1233;566;66234;45579;23.7;16.3
976;2021-07-30;1218;412;67452;45991;24.1;16.5
976;2021-07-31;760;277;68212;46268;24.4;16.6
976;2021-08-01;5;3;68217;46271;24.4;16.6
976;2021-08-02;344;174;68561;46445;24.5;16.6
976;2021-08-03;1505;935;70066;47380;25.1;17.0
976;2021-08-04;1828;808;71894;48188;25.7;17.2
976;2021-08-05;1462;504;73356;48692;26.2;17.4
976;2021-08-06;1691;509;75047;49201;26.9;17.6
976;2021-08-07;912;358;75959;49559;27.2;17.7
976;2021-08-08;7;1;75966;49560;27.2;17.7
976;2021-08-09;529;236;76495;49796;27.4;17.8
976;2021-08-10;1641;1380;78136;51176;28.0;18.3
976;2021-08-11;2045;1239;80181;52415;28.7;18.8
976;2021-08-12;1711;621;81892;53036;29.3;19.0
976;2021-08-13;1573;535;83465;53571;29.9;19.2
976;2021-08-14;833;456;84298;54027;30.2;19.3
976;2021-08-15;0;0;84298;54027;30.2;19.3
976;2021-08-16;568;291;84866;54318;30.4;19.4
976;2021-08-17;1828;1301;86694;55619;31.0;19.9
976;2021-08-18;2233;1227;88927;56846;31.8;20.3
976;2021-08-19;1981;555;90908;57401;32.5;20.5
976;2021-08-20;1810;552;92718;57953;33.2;20.7
976;2021-08-21;1059;522;93777;58475;33.6;20.9
976;2021-08-22;15;0;93792;58475;33.6;20.9
976;2021-08-23;577;271;94369;58746;33.8;21.0
976;2021-08-24;1063;1009;95432;59755;34.1;21.4
976;2021-08-25;1083;1293;96515;61048;34.5;21.8
976;2021-08-26;910;574;97425;61622;34.9;22.0
976;2021-08-27;740;565;98165;62187;35.1;22.3
976;2021-08-28;472;857;98637;63044;35.3;22.6
976;2021-08-29;0;12;98637;63056;35.3;22.6
976;2021-08-30;153;253;98790;63309;35.3;22.7
976;2021-08-31;654;1160;99444;64469;35.6;23.1
976;2021-09-01;819;1392;100263;65861;35.9;23.6
976;2021-09-02;849;903;101112;66764;36.2;23.9
976;2021-09-03;909;1287;102021;68051;36.5;24.3
976;2021-09-04;433;1000;102454;69051;36.7;24.7
976;2021-09-05;0;1;102454;69052;36.7;24.7
976;2021-09-06;445;397;102899;69449;36.8;24.9
976;2021-09-07;742;699;103641;70148;37.1;25.1
976;2021-09-08;1110;1262;104751;71410;37.5;25.6
976;2021-09-09;886;1008;105637;72418;37.8;25.9
976;2021-09-10;1222;1081;106859;73499;38.2;26.3
976;2021-09-11;534;1033;107393;74532;38.4;26.7
976;2021-09-12;0;32;107393;74564;38.4;26.7
976;2021-09-13;702;616;108095;75180;38.7;26.9
976;2021-09-14;1096;718;109191;75898;39.1;27.2
976;2021-09-15;1686;1185;110877;77083;39.7;27.6
976;2021-09-16;1744;894;112621;77977;40.3;27.9
976;2021-09-17;1843;1062;114464;79039;41.0;28.3
976;2021-09-18;965;781;115429;79820;41.3;28.6
976;2021-09-19;1;52;115430;79872;41.3;28.6
976;2021-09-20;1018;543;116448;80415;41.7;28.8
976;2021-09-21;1649;772;118097;81187;42.3;29.1
976;2021-09-22;1442;964;119539;82151;42.8;29.4
976;2021-09-23;1021;879;120560;83030;43.1;29.7
976;2021-09-24;1085;1011;121645;84041;43.5;30.1
976;2021-09-25;489;479;122134;84520;43.7;30.2
976;2021-09-26;0;21;122134;84541;43.7;30.3
976;2021-09-27;691;423;122825;84964;43.9;30.4
976;2021-09-28;1166;924;123991;85888;44.4;30.7
976;2021-09-29;1330;1059;125321;86947;44.8;31.1
976;2021-09-30;995;687;126316;87634;45.2;31.4
976;2021-10-01;1261;1368;127577;89002;45.6;31.8
976;2021-10-02;457;649;128034;89651;45.8;32.1
976;2021-10-03;0;0;128034;89651;45.8;32.1
976;2021-10-04;743;618;128777;90269;46.1;32.3
976;2021-10-05;780;967;129557;91236;46.4;32.6
976;2021-10-06;1204;1405;130761;92641;46.8;33.1
976;2021-10-07;804;1125;131565;93766;47.1;33.6
976;2021-10-08;1258;1391;132823;95157;47.5;34.0
976;2021-10-09;463;855;133286;96012;47.7;34.4
976;2021-10-10;0;0;133286;96012;47.7;34.4
977;2020-12-27;0;0;0;0;0.0;0.0
977;2020-12-28;0;0;0;0;0.0;0.0
977;2020-12-29;0;0;0;0;0.0;0.0
977;2020-12-30;0;0;0;0;0.0;0.0
977;2020-12-31;0;0;0;0;0.0;0.0
977;2021-01-01;0;0;0;0;0.0;0.0
977;2021-01-02;0;0;0;0;0.0;0.0
977;2021-01-03;0;0;0;0;0.0;0.0
977;2021-01-04;0;0;0;0;0.0;0.0
977;2021-01-05;0;0;0;0;0.0;0.0
977;2021-01-06;0;0;0;0;0.0;0.0
977;2021-01-07;0;0;0;0;0.0;0.0
977;2021-01-08;0;0;0;0;0.0;0.0
977;2021-01-09;0;0;0;0;0.0;0.0
977;2021-01-10;0;0;0;0;0.0;0.0
977;2021-01-11;0;0;0;0;0.0;0.0
977;2021-01-12;0;0;0;0;0.0;0.0
977;2021-01-13;0;0;0;0;0.0;0.0
977;2021-01-14;0;0;0;0;0.0;0.0
977;2021-01-15;0;0;0;0;0.0;0.0
977;2021-01-16;0;0;0;0;0.0;0.0
977;2021-01-17;0;0;0;0;0.0;0.0
977;2021-01-18;1;0;1;0;0.0;0.0
977;2021-01-19;0;0;1;0;0.0;0.0
977;2021-01-20;0;0;1;0;0.0;0.0
977;2021-01-21;12;0;13;0;0.1;0.0
977;2021-01-22;12;0;25;0;0.3;0.0
977;2021-01-23;0;0;25;0;0.3;0.0
977;2021-01-24;0;0;25;0;0.3;0.0
977;2021-01-25;0;0;25;0;0.3;0.0
977;2021-01-26;0;0;25;0;0.3;0.0
977;2021-01-27;12;0;37;0;0.4;0.0
977;2021-01-28;1;0;38;0;0.4;0.0
977;2021-01-29;6;0;44;0;0.4;0.0
977;2021-01-30;0;0;44;0;0.4;0.0
977;2021-01-31;0;0;44;0;0.4;0.0
977;2021-02-01;0;0;44;0;0.4;0.0
977;2021-02-02;0;0;44;0;0.4;0.0
977;2021-02-03;11;0;55;0;0.6;0.0
977;2021-02-04;12;0;67;0;0.7;0.0
977;2021-02-05;11;0;78;0;0.8;0.0
977;2021-02-06;0;0;78;0;0.8;0.0
977;2021-02-07;0;0;78;0;0.8;0.0
977;2021-02-08;0;0;78;0;0.8;0.0
977;2021-02-09;14;0;92;0;0.9;0.0
977;2021-02-10;0;0;92;0;0.9;0.0
977;2021-02-11;18;0;110;0;1.1;0.0
977;2021-02-12;46;0;156;0;1.6;0.0
977;2021-02-13;0;0;156;0;1.6;0.0
977;2021-02-14;0;0;156;0;1.6;0.0
977;2021-02-15;0;0;156;0;1.6;0.0
977;2021-02-16;0;0;156;0;1.6;0.0
977;2021-02-17;0;0;156;0;1.6;0.0
977;2021-02-18;19;0;175;0;1.8;0.0
977;2021-02-19;35;0;210;0;2.1;0.0
977;2021-02-20;0;0;210;0;2.1;0.0
977;2021-02-21;0;0;210;0;2.1;0.0
977;2021-02-22;0;0;210;0;2.1;0.0
977;2021-02-23;0;21;210;21;2.1;0.2
977;2021-02-24;0;0;210;21;2.1;0.2
977;2021-02-25;15;9;225;30;2.3;0.3
977;2021-02-26;33;18;258;48;2.6;0.5
977;2021-02-27;0;0;258;48;2.6;0.5
977;2021-02-28;0;0;258;48;2.6;0.5
977;2021-03-01;0;0;258;48;2.6;0.5
977;2021-03-02;19;11;277;59;2.8;0.6
977;2021-03-03;0;0;277;59;2.8;0.6
977;2021-03-04;16;12;293;71;2.9;0.7
977;2021-03-05;35;18;328;89;3.3;0.9
977;2021-03-06;0;0;328;89;3.3;0.9
977;2021-03-07;0;0;328;89;3.3;0.9
977;2021-03-08;0;0;328;89;3.3;0.9
977;2021-03-09;1;0;329;89;3.3;0.9
977;2021-03-10;0;0;329;89;3.3;0.9
977;2021-03-11;20;30;349;119;3.5;1.2
977;2021-03-12;62;42;411;161;4.1;1.6
977;2021-03-13;0;0;411;161;4.1;1.6
977;2021-03-14;0;0;411;161;4.1;1.6
977;2021-03-15;0;0;411;161;4.1;1.6
977;2021-03-16;30;10;441;171;4.4;1.7
977;2021-03-17;0;0;441;171;4.4;1.7
977;2021-03-18;30;16;471;187;4.7;1.9
977;2021-03-19;58;28;529;215;5.3;2.2
977;2021-03-20;0;0;529;215;5.3;2.2
977;2021-03-21;0;0;529;215;5.3;2.2
977;2021-03-22;0;0;529;215;5.3;2.2
977;2021-03-23;0;0;529;215;5.3;2.2
977;2021-03-24;0;0;529;215;5.3;2.2
977;2021-03-25;65;17;594;232;6.0;2.3
977;2021-03-26;73;26;667;258;6.7;2.6
977;2021-03-27;0;0;667;258;6.7;2.6
977;2021-03-28;0;0;667;258;6.7;2.6
977;2021-03-29;0;0;667;258;6.7;2.6
977;2021-03-30;39;17;706;275;7.1;2.8
977;2021-03-31;26;15;732;290;7.3;2.9
977;2021-04-01;25;32;757;322;7.6;3.2
977;2021-04-02;0;0;757;322;7.6;3.2
977;2021-04-03;0;0;757;322;7.6;3.2
977;2021-04-04;0;0;757;322;7.6;3.2
977;2021-04-05;9;0;766;322;7.7;3.2
977;2021-04-06;0;0;766;322;7.7;3.2
977;2021-04-07;0;0;766;322;7.7;3.2
977;2021-04-08;57;46;823;368;8.3;3.7
977;2021-04-09;58;32;881;400;8.8;4.0
977;2021-04-10;0;0;881;400;8.8;4.0
977;2021-04-11;0;0;881;400;8.8;4.0
977;2021-04-12;0;0;881;400;8.8;4.0
977;2021-04-13;0;0;881;400;8.8;4.0
977;2021-04-14;5;5;886;405;8.9;4.1
977;2021-04-15;57;70;943;475;9.5;4.8
977;2021-04-16;89;35;1032;510;10.4;5.1
977;2021-04-17;0;1;1032;511;10.4;5.1
977;2021-04-18;0;0;1032;511;10.4;5.1
977;2021-04-19;1;0;1033;511;10.4;5.1
977;2021-04-20;335;62;1368;573;13.7;5.8
977;2021-04-21;337;30;1705;603;17.1;6.1
977;2021-04-22;284;48;1989;651;20.0;6.5
977;2021-04-23;260;43;2249;694;22.6;7.0
977;2021-04-24;231;1;2480;695;24.9;7.0
977;2021-04-25;0;0;2480;695;24.9;7.0
977;2021-04-26;283;20;2763;715;27.7;7.2
977;2021-04-27;224;68;2987;783;30.0;7.9
977;2021-04-28;192;26;3179;809;31.9;8.1
977;2021-04-29;170;23;3349;832;33.6;8.4
977;2021-04-30;171;17;3520;849;35.3;8.5
977;2021-05-01;202;12;3722;861;37.4;8.6
977;2021-05-02;0;0;3722;861;37.4;8.6
977;2021-05-03;135;9;3857;870;38.7;8.7
977;2021-05-04;161;54;4018;924;40.3;9.3
977;2021-05-05;221;28;4239;952;42.6;9.6
977;2021-05-06;175;33;4414;985;44.3;9.9
977;2021-05-07;149;32;4563;1017;45.8;10.2
977;2021-05-08;1;0;4564;1017;45.8;10.2
977;2021-05-09;0;0;4564;1017;45.8;10.2
977;2021-05-10;0;0;4564;1017;45.8;10.2
977;2021-05-11;3;41;4567;1058;45.8;10.6
977;2021-05-12;6;36;4573;1094;45.9;11.0
977;2021-05-13;0;0;4573;1094;45.9;11.0
977;2021-05-14;28;98;4601;1192;46.2;12.0
977;2021-05-15;0;0;4601;1192;46.2;12.0
977;2021-05-16;1;0;4602;1192;46.2;12.0
977;2021-05-17;1;14;4603;1206;46.2;12.1
977;2021-05-18;17;32;4620;1238;46.4;12.4
977;2021-05-19;1;2;4621;1240;46.4;12.4
977;2021-05-20;0;8;4621;1248;46.4;12.5
977;2021-05-21;12;31;4633;1279;46.5;12.8
977;2021-05-22;0;0;4633;1279;46.5;12.8
977;2021-05-23;0;0;4633;1279;46.5;12.8
977;2021-05-24;0;0;4633;1279;46.5;12.8
977;2021-05-25;50;331;4683;1610;47.0;16.2
977;2021-05-26;54;360;4737;1970;47.6;19.8
977;2021-05-27;34;317;4771;2287;47.9;23.0
977;2021-05-28;27;256;4798;2543;48.2;25.5
977;2021-05-29;35;375;4833;2918;48.5;29.3
977;2021-05-30;1;0;4834;2918;48.5;29.3
977;2021-05-31;45;216;4879;3134;49.0;31.5
977;2021-06-01;48;227;4927;3361;49.5;33.7
977;2021-06-02;69;273;4996;3634;50.2;36.5
977;2021-06-03;43;252;5039;3886;50.6;39.0
977;2021-06-04;82;270;5121;4156;51.4;41.7
977;2021-06-05;1;0;5122;4156;51.4;41.7
977;2021-06-06;0;0;5122;4156;51.4;41.7
977;2021-06-07;1;1;5123;4157;51.4;41.7
977;2021-06-08;8;2;5131;4159;51.5;41.8
977;2021-06-09;0;3;5131;4162;51.5;41.8
977;2021-06-10;8;4;5139;4166;51.6;41.8
977;2021-06-11;4;8;5143;4174;51.6;41.9
977;2021-06-12;15;59;5158;4233;51.8;42.5
977;2021-06-13;0;0;5158;4233;51.8;42.5
977;2021-06-14;0;0;5158;4233;51.8;42.5
977;2021-06-15;0;1;5158;4234;51.8;42.5
977;2021-06-16;0;0;5158;4234;51.8;42.5
977;2021-06-17;2;6;5160;4240;51.8;42.6
977;2021-06-18;0;2;5160;4242;51.8;42.6
977;2021-06-19;25;49;5185;4291;52.1;43.1
977;2021-06-20;0;0;5185;4291;52.1;43.1
977;2021-06-21;1;2;5186;4293;52.1;43.1
977;2021-06-22;9;0;5195;4293;52.2;43.1
977;2021-06-23;15;9;5210;4302;52.3;43.2
977;2021-06-24;10;5;5220;4307;52.4;43.2
977;2021-06-25;0;0;5220;4307;52.4;43.2
977;2021-06-26;25;45;5245;4352;52.7;43.7
977;2021-06-27;0;0;5245;4352;52.7;43.7
977;2021-06-28;0;0;5245;4352;52.7;43.7
977;2021-06-29;0;0;5245;4352;52.7;43.7
977;2021-06-30;0;0;5245;4352;52.7;43.7
977;2021-07-01;28;36;5273;4388;52.9;44.1
977;2021-07-02;26;31;5299;4419;53.2;44.4
977;2021-07-03;30;215;5329;4634;53.5;46.5
977;2021-07-04;0;0;5329;4634;53.5;46.5
977;2021-07-05;4;8;5333;4642;53.5;46.6
977;2021-07-06;0;0;5333;4642;53.5;46.6
977;2021-07-07;8;0;5341;4642;53.6;46.6
977;2021-07-08;33;23;5374;4665;54.0;46.8
977;2021-07-09;23;31;5397;4696;54.2;47.1
977;2021-07-10;33;45;5430;4741;54.5;47.6
977;2021-07-11;0;0;5430;4741;54.5;47.6
977;2021-07-12;0;1;5430;4742;54.5;47.6
977;2021-07-13;10;10;5440;4752;54.6;47.7
977;2021-07-14;0;0;5440;4752;54.6;47.7
977;2021-07-15;1;11;5441;4763;54.6;47.8
977;2021-07-16;44;51;5485;4814;55.1;48.3
977;2021-07-17;34;39;5519;4853;55.4;48.7
977;2021-07-18;1;0;5520;4853;55.4;48.7
977;2021-07-19;3;2;5523;4855;55.4;48.7
977;2021-07-20;3;1;5526;4856;55.5;48.8
977;2021-07-21;33;16;5559;4872;55.8;48.9
977;2021-07-22;36;33;5595;4905;56.2;49.2
977;2021-07-23;32;31;5627;4936;56.5;49.6
977;2021-07-24;42;25;5669;4961;56.9;49.8
977;2021-07-25;0;0;5669;4961;56.9;49.8
977;2021-07-26;13;10;5682;4971;57.0;49.9
977;2021-07-27;0;10;5682;4981;57.0;50.0
977;2021-07-28;31;14;5713;4995;57.4;50.1
977;2021-07-29;33;32;5746;5027;57.7;50.5
977;2021-07-30;31;28;5777;5055;58.0;50.7
977;2021-07-31;53;24;5830;5079;58.5;51.0
977;2021-08-01;0;0;5830;5079;58.5;51.0
977;2021-08-02;11;1;5841;5080;58.6;51.0
977;2021-08-03;0;0;5841;5080;58.6;51.0
977;2021-08-04;40;14;5881;5094;59.0;51.1
977;2021-08-05;28;30;5909;5124;59.3;51.4
977;2021-08-06;35;35;5944;5159;59.7;51.8
977;2021-08-07;56;25;6000;5184;60.2;52.0
977;2021-08-08;0;0;6000;5184;60.2;52.0
977;2021-08-09;7;5;6007;5189;60.3;52.1
977;2021-08-10;15;9;6022;5198;60.5;52.2
977;2021-08-11;36;18;6058;5216;60.8;52.4
977;2021-08-12;24;30;6082;5246;61.1;52.7
977;2021-08-13;32;14;6114;5260;61.4;52.8
977;2021-08-14;20;26;6134;5286;61.6;53.1
977;2021-08-15;0;0;6134;5286;61.6;53.1
977;2021-08-16;14;29;6148;5315;61.7;53.4
977;2021-08-17;15;8;6163;5323;61.9;53.4
977;2021-08-18;25;28;6188;5351;62.1;53.7
977;2021-08-19;31;36;6219;5387;62.4;54.1
977;2021-08-20;27;41;6246;5428;62.7;54.5
977;2021-08-21;35;41;6281;5469;63.1;54.9
977;2021-08-22;6;0;6287;5469;63.1;54.9
977;2021-08-23;3;11;6290;5480;63.1;55.0
977;2021-08-24;8;3;6298;5483;63.2;55.0
977;2021-08-25;20;37;6318;5520;63.4;55.4
977;2021-08-26;27;41;6345;5561;63.7;55.8
977;2021-08-27;27;35;6372;5596;64.0;56.2
977;2021-08-28;27;56;6399;5652;64.2;56.7
977;2021-08-29;0;0;6399;5652;64.2;56.7
977;2021-08-30;1;4;6400;5656;64.3;56.8
977;2021-08-31;1;2;6401;5658;64.3;56.8
977;2021-09-01;10;25;6411;5683;64.4;57.1
977;2021-09-02;22;32;6433;5715;64.6;57.4
977;2021-09-03;26;24;6459;5739;64.8;57.6
977;2021-09-04;37;44;6496;5783;65.2;58.1
977;2021-09-05;0;0;6496;5783;65.2;58.1
977;2021-09-06;4;16;6500;5799;65.3;58.2
977;2021-09-07;1;4;6501;5803;65.3;58.3
977;2021-09-08;12;11;6513;5814;65.4;58.4
977;2021-09-09;20;31;6533;5845;65.6;58.7
977;2021-09-10;7;31;6540;5876;65.7;59.0
977;2021-09-11;36;29;6576;5905;66.0;59.3
977;2021-09-12;0;6;6576;5911;66.0;59.3
977;2021-09-13;4;3;6580;5914;66.1;59.4
977;2021-09-14;1;0;6581;5914;66.1;59.4
977;2021-09-15;12;26;6593;5940;66.2;59.6
977;2021-09-16;15;31;6608;5971;66.3;59.9
977;2021-09-17;10;32;6618;6003;66.4;60.3
977;2021-09-18;20;39;6638;6042;66.6;60.7
977;2021-09-19;0;0;6638;6042;66.6;60.7
977;2021-09-20;0;2;6638;6044;66.6;60.7
977;2021-09-21;0;1;6638;6045;66.6;60.7
977;2021-09-22;10;11;6648;6056;66.7;60.8
977;2021-09-23;7;30;6655;6086;66.8;61.1
977;2021-09-24;0;0;6655;6086;66.8;61.1
977;2021-09-25;11;49;6666;6135;66.9;61.6
977;2021-09-26;0;0;6666;6135;66.9;61.6
977;2021-09-27;0;0;6666;6135;66.9;61.6
977;2021-09-28;0;1;6666;6136;66.9;61.6
977;2021-09-29;5;15;6671;6151;67.0;61.8
977;2021-09-30;18;19;6689;6170;67.2;61.9
977;2021-10-01;0;3;6689;6173;67.2;62.0
977;2021-10-02;10;39;6699;6212;67.3;62.4
977;2021-10-03;0;0;6699;6212;67.3;62.4
977;2021-10-04;0;0;6699;6212;67.3;62.4
977;2021-10-05;0;0;6699;6212;67.3;62.4
977;2021-10-06;14;22;6713;6234;67.4;62.6
977;2021-10-07;25;31;6738;6265;67.6;62.9
977;2021-10-08;3;2;6741;6267;67.7;62.9
977;2021-10-09;5;16;6746;6283;67.7;63.1
977;2021-10-10;0;0;6746;6283;67.7;63.1
978;2020-12-27;0;0;0;0;0.0;0.0
978;2020-12-28;0;0;0;0;0.0;0.0
978;2020-12-29;0;0;0;0;0.0;0.0
978;2020-12-30;0;0;0;0;0.0;0.0
978;2020-12-31;0;0;0;0;0.0;0.0
978;2021-01-01;0;0;0;0;0.0;0.0
978;2021-01-02;0;0;0;0;0.0;0.0
978;2021-01-03;0;0;0;0;0.0;0.0
978;2021-01-04;0;0;0;0;0.0;0.0
978;2021-01-05;0;0;0;0;0.0;0.0
978;2021-01-06;0;0;0;0;0.0;0.0
978;2021-01-07;0;0;0;0;0.0;0.0
978;2021-01-08;0;0;0;0;0.0;0.0
978;2021-01-09;0;0;0;0;0.0;0.0
978;2021-01-10;0;0;0;0;0.0;0.0
978;2021-01-11;0;0;0;0;0.0;0.0
978;2021-01-12;0;0;0;0;0.0;0.0
978;2021-01-13;10;0;10;0;0.0;0.0
978;2021-01-14;12;1;22;1;0.1;0.0
978;2021-01-15;9;0;31;1;0.1;0.0
978;2021-01-16;0;0;31;1;0.1;0.0
978;2021-01-17;0;0;31;1;0.1;0.0
978;2021-01-18;0;0;31;1;0.1;0.0
978;2021-01-19;12;0;43;1;0.1;0.0
978;2021-01-20;13;0;56;1;0.2;0.0
978;2021-01-21;6;0;62;1;0.2;0.0
978;2021-01-22;0;0;62;1;0.2;0.0
978;2021-01-23;0;0;62;1;0.2;0.0
978;2021-01-24;0;0;62;1;0.2;0.0
978;2021-01-25;0;0;62;1;0.2;0.0
978;2021-01-26;9;0;71;1;0.2;0.0
978;2021-01-27;10;0;81;1;0.2;0.0
978;2021-01-28;6;1;87;2;0.2;0.0
978;2021-01-29;0;0;87;2;0.2;0.0
978;2021-01-30;0;0;87;2;0.2;0.0
978;2021-01-31;0;0;87;2;0.2;0.0
978;2021-02-01;1;0;88;2;0.2;0.0
978;2021-02-02;39;0;127;2;0.4;0.0
978;2021-02-03;11;0;138;2;0.4;0.0
978;2021-02-04;32;0;170;2;0.5;0.0
978;2021-02-05;6;0;176;2;0.5;0.0
978;2021-02-06;0;0;176;2;0.5;0.0
978;2021-02-07;0;0;176;2;0.5;0.0
978;2021-02-08;0;0;176;2;0.5;0.0
978;2021-02-09;38;0;214;2;0.6;0.0
978;2021-02-10;27;1;241;3;0.7;0.0
978;2021-02-11;0;0;241;3;0.7;0.0
978;2021-02-12;36;0;277;3;0.8;0.0
978;2021-02-13;0;0;277;3;0.8;0.0
978;2021-02-14;0;0;277;3;0.8;0.0
978;2021-02-15;50;1;327;4;0.9;0.0
978;2021-02-16;0;0;327;4;0.9;0.0
978;2021-02-17;0;0;327;4;0.9;0.0
978;2021-02-18;28;0;355;4;1.0;0.0
978;2021-02-19;44;0;399;4;1.1;0.0
978;2021-02-20;0;0;399;4;1.1;0.0
978;2021-02-21;0;0;399;4;1.1;0.0
978;2021-02-22;45;4;444;8;1.3;0.0
978;2021-02-23;41;29;485;37;1.4;0.1
978;2021-02-24;36;1;521;38;1.5;0.1
978;2021-02-25;55;36;576;74;1.6;0.2
978;2021-02-26;39;5;615;79;1.7;0.2
978;2021-02-27;0;0;615;79;1.7;0.2
978;2021-02-28;0;0;615;79;1.7;0.2
978;2021-03-01;50;5;665;84;1.9;0.2
978;2021-03-02;7;27;672;111;1.9;0.3
978;2021-03-03;53;29;725;140;2.1;0.4
978;2021-03-04;31;26;756;166;2.1;0.5
978;2021-03-05;46;10;802;176;2.3;0.5
978;2021-03-06;0;0;802;176;2.3;0.5
978;2021-03-07;0;0;802;176;2.3;0.5
978;2021-03-08;32;7;834;183;2.4;0.5
978;2021-03-09;21;27;855;210;2.4;0.6
978;2021-03-10;35;28;890;238;2.5;0.7
978;2021-03-11;2;0;892;238;2.5;0.7
978;2021-03-12;53;22;945;260;2.7;0.7
978;2021-03-13;13;0;958;260;2.7;0.7
978;2021-03-14;0;0;958;260;2.7;0.7
978;2021-03-15;31;41;989;301;2.8;0.9
978;2021-03-16;73;6;1062;307;3.0;0.9
978;2021-03-17;67;13;1129;320;3.2;0.9
978;2021-03-18;82;39;1211;359;3.4;1.0
978;2021-03-19;32;50;1243;409;3.5;1.2
978;2021-03-20;0;0;1243;409;3.5;1.2
978;2021-03-21;0;0;1243;409;3.5;1.2
978;2021-03-22;35;45;1278;454;3.6;1.3
978;2021-03-23;30;43;1308;497;3.7;1.4
978;2021-03-24;38;42;1346;539;3.8;1.5
978;2021-03-25;97;34;1443;573;4.1;1.6
978;2021-03-26;45;33;1488;606;4.2;1.7
978;2021-03-27;94;3;1582;609;4.5;1.7
978;2021-03-28;0;0;1582;609;4.5;1.7
978;2021-03-29;69;48;1651;657;4.7;1.9
978;2021-03-30;99;25;1750;682;5.0;1.9
978;2021-03-31;91;49;1841;731;5.2;2.1
978;2021-04-01;57;48;1898;779;5.4;2.2
978;2021-04-02;0;0;1898;779;5.4;2.2
978;2021-04-03;1;0;1899;779;5.4;2.2
978;2021-04-04;0;0;1899;779;5.4;2.2
978;2021-04-05;2;0;1901;779;5.4;2.2
978;2021-04-06;49;63;1950;842;5.5;2.4
978;2021-04-07;93;33;2043;875;5.8;2.5
978;2021-04-08;122;7;2165;882;6.1;2.5
978;2021-04-09;91;40;2256;922;6.4;2.6
978;2021-04-10;170;13;2426;935;6.9;2.6
978;2021-04-11;0;0;2426;935;6.9;2.6
978;2021-04-12;42;75;2468;1010;7.0;2.9
978;2021-04-13;49;71;2517;1081;7.1;3.1
978;2021-04-14;82;45;2599;1126;7.4;3.2
978;2021-04-15;92;22;2691;1148;7.6;3.2
978;2021-04-16;77;43;2768;1191;7.8;3.4
978;2021-04-17;165;5;2933;1196;8.3;3.4
978;2021-04-18;0;0;2933;1196;8.3;3.4
978;2021-04-19;52;67;2985;1263;8.4;3.6
978;2021-04-20;83;27;3068;1290;8.7;3.7
978;2021-04-21;91;28;3159;1318;8.9;3.7
978;2021-04-22;101;20;3260;1338;9.2;3.8
978;2021-04-23;45;66;3305;1404;9.4;4.0
978;2021-04-24;99;78;3404;1482;9.6;4.2
978;2021-04-25;0;0;3404;1482;9.6;4.2
978;2021-04-26;29;91;3433;1573;9.7;4.5
978;2021-04-27;59;63;3492;1636;9.9;4.6
978;2021-04-28;93;40;3585;1676;10.1;4.7
978;2021-04-29;89;31;3674;1707;10.4;4.8
978;2021-04-30;103;14;3777;1721;10.7;4.9
978;2021-05-01;0;8;3777;1729;10.7;4.9
978;2021-05-02;0;0;3777;1729;10.7;4.9
978;2021-05-03;25;99;3802;1828;10.8;5.2
978;2021-05-04;159;102;3961;1930;11.2;5.5
978;2021-05-05;142;59;4103;1989;11.6;5.6
978;2021-05-06;199;49;4302;2038;12.2;5.8
978;2021-05-07;127;71;4429;2109;12.5;6.0
978;2021-05-08;69;122;4498;2231;12.7;6.3
978;2021-05-09;0;0;4498;2231;12.7;6.3
978;2021-05-10;124;100;4622;2331;13.1;6.6
978;2021-05-11;132;72;4754;2403;13.5;6.8
978;2021-05-12;155;78;4909;2481;13.9;7.0
978;2021-05-13;83;6;4992;2487;14.1;7.0
978;2021-05-14;130;62;5122;2549;14.5;7.2
978;2021-05-15;86;4;5208;2553;14.7;7.2
978;2021-05-16;0;0;5208;2553;14.7;7.2
978;2021-05-17;146;115;5354;2668;15.2;7.6
978;2021-05-18;151;94;5505;2762;15.6;7.8
978;2021-05-19;84;69;5589;2831;15.8;8.0
978;2021-05-20;104;26;5693;2857;16.1;8.1
978;2021-05-21;98;52;5791;2909;16.4;8.2
978;2021-05-22;99;11;5890;2920;16.7;8.3
978;2021-05-23;0;0;5890;2920;16.7;8.3
978;2021-05-24;33;7;5923;2927;16.8;8.3
978;2021-05-25;119;78;6042;3005;17.1;8.5
978;2021-05-26;108;49;6150;3054;17.4;8.6
978;2021-05-27;112;42;6262;3096;17.7;8.8
978;2021-05-28;33;1;6295;3097;17.8;8.8
978;2021-05-29;60;213;6355;3310;18.0;9.4
978;2021-05-30;0;0;6355;3310;18.0;9.4
978;2021-05-31;111;63;6466;3373;18.3;9.5
978;2021-06-01;116;62;6582;3435;18.6;9.7
978;2021-06-02;131;33;6713;3468;19.0;9.8
978;2021-06-03;101;38;6814;3506;19.3;9.9
978;2021-06-04;128;70;6942;3576;19.6;10.1
978;2021-06-05;83;21;7025;3597;19.9;10.2
978;2021-06-06;0;0;7025;3597;19.9;10.2
978;2021-06-07;96;96;7121;3693;20.2;10.5
978;2021-06-08;82;89;7203;3782;20.4;10.7
978;2021-06-09;99;73;7302;3855;20.7;10.9
978;2021-06-10;112;63;7414;3918;21.0;11.1
978;2021-06-11;116;106;7530;4024;21.3;11.4
978;2021-06-12;57;30;7587;4054;21.5;11.5
978;2021-06-13;0;0;7587;4054;21.5;11.5
978;2021-06-14;105;127;7692;4181;21.8;11.8
978;2021-06-15;88;120;7780;4301;22.0;12.2
978;2021-06-16;105;148;7885;4449;22.3;12.6
978;2021-06-17;85;72;7970;4521;22.6;12.8
978;2021-06-18;67;98;8037;4619;22.7;13.1
978;2021-06-19;65;79;8102;4698;22.9;13.3
978;2021-06-20;0;0;8102;4698;22.9;13.3
978;2021-06-21;78;150;8180;4848;23.2;13.7
978;2021-06-22;71;103;8251;4951;23.4;14.0
978;2021-06-23;68;115;8319;5066;23.5;14.3
978;2021-06-24;43;75;8362;5141;23.7;14.5
978;2021-06-25;64;100;8426;5241;23.8;14.8
978;2021-06-26;35;61;8461;5302;23.9;15.0
978;2021-06-27;0;0;8461;5302;23.9;15.0
978;2021-06-28;73;131;8534;5433;24.2;15.4
978;2021-06-29;62;104;8596;5537;24.3;15.7
978;2021-06-30;56;110;8652;5647;24.5;16.0
978;2021-07-01;42;87;8694;5734;24.6;16.2
978;2021-07-02;52;90;8746;5824;24.8;16.5
978;2021-07-03;40;90;8786;5914;24.9;16.7
978;2021-07-04;0;1;8786;5915;24.9;16.7
978;2021-07-05;67;93;8853;6008;25.1;17.0
978;2021-07-06;55;74;8908;6082;25.2;17.2
978;2021-07-07;55;123;8963;6205;25.4;17.6
978;2021-07-08;54;107;9017;6312;25.5;17.9
978;2021-07-09;45;92;9062;6404;25.6;18.1
978;2021-07-10;38;85;9100;6489;25.8;18.4
978;2021-07-11;0;4;9100;6493;25.8;18.4
978;2021-07-12;71;130;9171;6623;26.0;18.7
978;2021-07-13;146;162;9317;6785;26.4;19.2
978;2021-07-14;3;0;9320;6785;26.4;19.2
978;2021-07-15;161;195;9481;6980;26.8;19.8
978;2021-07-16;113;113;9594;7093;27.2;20.1
978;2021-07-17;52;100;9646;7193;27.3;20.4
978;2021-07-18;0;0;9646;7193;27.3;20.4
978;2021-07-19;99;133;9745;7326;27.6;20.7
978;2021-07-20;80;74;9825;7400;27.8;20.9
978;2021-07-21;63;50;9888;7450;28.0;21.1
978;2021-07-22;97;114;9985;7564;28.3;21.4
978;2021-07-23;67;98;10052;7662;28.4;21.7
978;2021-07-24;20;35;10072;7697;28.5;21.8
978;2021-07-25;0;0;10072;7697;28.5;21.8
978;2021-07-26;99;116;10171;7813;28.8;22.1
978;2021-07-27;72;144;10243;7957;29.0;22.5
978;2021-07-28;72;126;10315;8083;29.2;22.9
978;2021-07-29;80;98;10395;8181;29.4;23.2
978;2021-07-30;82;115;10477;8296;29.7;23.5
978;2021-07-31;49;68;10526;8364;29.8;23.7
978;2021-08-01;0;0;10526;8364;29.8;23.7
978;2021-08-02;65;95;10591;8459;30.0;23.9
978;2021-08-03;60;94;10651;8553;30.1;24.2
978;2021-08-04;64;55;10715;8608;30.3;24.4
978;2021-08-05;48;70;10763;8678;30.5;24.6
978;2021-08-06;73;127;10836;8805;30.7;24.9
978;2021-08-07;44;46;10880;8851;30.8;25.0
978;2021-08-08;0;0;10880;8851;30.8;25.0
978;2021-08-09;138;150;11018;9001;31.2;25.5
978;2021-08-10;81;93;11099;9094;31.4;25.7
978;2021-08-11;106;99;11205;9193;31.7;26.0
978;2021-08-12;99;99;11304;9292;32.0;26.3
978;2021-08-13;132;75;11436;9367;32.4;26.5
978;2021-08-14;74;100;11510;9467;32.6;26.8
978;2021-08-15;0;0;11510;9467;32.6;26.8
978;2021-08-16;45;72;11555;9539;32.7;27.0
978;2021-08-17;33;33;11588;9572;32.8;27.1
978;2021-08-18;35;55;11623;9627;32.9;27.2
978;2021-08-19;34;26;11657;9653;33.0;27.3
978;2021-08-20;46;61;11703;9714;33.1;27.5
978;2021-08-21;0;0;11703;9714;33.1;27.5
978;2021-08-22;0;0;11703;9714;33.1;27.5
978;2021-08-23;51;87;11754;9801;33.3;27.7
978;2021-08-24;31;52;11785;9853;33.4;27.9
978;2021-08-25;26;51;11811;9904;33.4;28.0
978;2021-08-26;31;26;11842;9930;33.5;28.1
978;2021-08-27;47;88;11889;10018;33.6;28.4
978;2021-08-28;3;0;11892;10018;33.7;28.4
978;2021-08-29;0;0;11892;10018;33.7;28.4
978;2021-08-30;39;113;11931;10131;33.8;28.7
978;2021-08-31;46;80;11977;10211;33.9;28.9
978;2021-09-01;31;84;12008;10295;34.0;29.1
978;2021-09-02;39;70;12047;10365;34.1;29.3
978;2021-09-03;16;94;12063;10459;34.1;29.6
978;2021-09-04;0;0;12063;10459;34.1;29.6
978;2021-09-05;0;0;12063;10459;34.1;29.6
978;2021-09-06;32;77;12095;10536;34.2;29.8
978;2021-09-07;37;45;12132;10581;34.3;29.9
978;2021-09-08;21;42;12153;10623;34.4;30.1
978;2021-09-09;21;51;12174;10674;34.5;30.2
978;2021-09-10;43;75;12217;10749;34.6;30.4
978;2021-09-11;1;0;12218;10749;34.6;30.4
978;2021-09-12;5;1;12223;10750;34.6;30.4
978;2021-09-13;34;53;12257;10803;34.7;30.6
978;2021-09-14;23;27;12280;10830;34.8;30.7
978;2021-09-15;25;43;12305;10873;34.8;30.8
978;2021-09-16;8;33;12313;10906;34.8;30.9
978;2021-09-17;13;45;12326;10951;34.9;31.0
978;2021-09-18;0;0;12326;10951;34.9;31.0
978;2021-09-19;0;0;12326;10951;34.9;31.0
978;2021-09-20;10;35;12336;10986;34.9;31.1
978;2021-09-21;15;37;12351;11023;35.0;31.2
978;2021-09-22;13;34;12364;11057;35.0;31.3
978;2021-09-23;26;41;12390;11098;35.1;31.4
978;2021-09-24;19;27;12409;11125;35.1;31.5
978;2021-09-25;0;1;12409;11126;35.1;31.5
978;2021-09-26;0;0;12409;11126;35.1;31.5
978;2021-09-27;11;31;12420;11157;35.2;31.6
978;2021-09-28;19;25;12439;11182;35.2;31.6
978;2021-09-29;20;25;12459;11207;35.3;31.7
978;2021-09-30;23;23;12482;11230;35.3;31.8
978;2021-10-01;25;37;12507;11267;35.4;31.9
978;2021-10-02;0;0;12507;11267;35.4;31.9
978;2021-10-03;0;0;12507;11267;35.4;31.9
978;2021-10-04;22;27;12529;11294;35.5;32.0
978;2021-10-05;15;16;12544;11310;35.5;32.0
978;2021-10-06;12;16;12556;11326;35.5;32.1
978;2021-10-07;11;15;12567;11341;35.6;32.1
978;2021-10-08;16;15;12583;11356;35.6;32.1
978;2021-10-09;0;0;12583;11356;35.6;32.1
978;2021-10-10;0;0;12583;11356;35.6;32.1
